date,Close,High,Low,Open,Volume,aVWAP_BoS_CHoCH_bull_82,Peaks_Valleys_avg,color,StDev,StDev_Mean,StdDev_ZScore,MA_Cross_Count,MA_Avg_Deviation_Z,MA_Oscillation_Score,BoS,CHoCH,BoS_CHoCH_Price,BoS_CHoCH_Break_Index,QQEMOD,QQE1_Value,QQE1_Above_Upper,QQE1_Below_Lower,QQE2_Above_Threshold,QQE2_Below_Threshold,QQE2_Above_TL,banker_RSI
2025-01-14 00:00:00+00:00,24.417240614,24.417240614,24.417240614,24.417240614,3,,,#000000,,,,0,,,0.0,0.0,0.0,0.0,,,False,False,False,False,False,
2025-01-15 00:00:00+00:00,24.4074639411,24.4074639411,24.4074639411,24.4074639411,4,,,#000000,,,,0,,,0.0,0.0,0.0,0.0,0.0,,False,False,False,True,False,
2025-01-16 00:00:00+00:00,24.2589562795,24.2589562795,24.2589562795,24.2589562795,2,,,#000000,,,,0,,,0.0,0.0,0.0,0.0,0.0,-50.0,False,False,False,True,True,
2025-01-17 00:00:00+00:00,24.6469924276,24.6469924276,24.6469924276,24.6469924276,29,,,#000000,,,,0,,,0.0,0.0,0.0,0.0,24.353187626089607,-27.676244676084526,False,False,False,True,True,
2025-01-21 00:00:00+00:00,24.6733894445,24.6733894445,24.6733894445,24.6733894445,2,,,#000000,,,,0,,,0.0,0.0,0.0,0.0,41.05414534903994,-13.71998829816281,False,False,False,True,True,
2025-01-22 00:00:00+00:00,25.0796102042,25.8104165049,25.0796102042,25.8104165049,6558,,,#000000,,,,0,,,0.0,0.0,0.0,0.0,56.167609380253865,-1.6394073800642843,False,False,True,False,True,
2025-01-23 00:00:00+00:00,24.9653208978,24.9653208978,24.9305159422,24.9305159422,1046,,,#000000,,,,0,,,0.0,0.0,0.0,0.0,62.604166986460505,2.3714631737482748,False,False,True,False,True,
2025-01-24 00:00:00+00:00,25.1357283068,25.1357283068,25.0185059985,25.077166036,1122,,,#000000,,,,0,,,0.0,0.0,0.0,0.0,68.29850842787623,6.1910130367921425,False,False,True,False,True,
2025-01-27 00:00:00+00:00,25.0716910992,25.3118061861,25.0716910992,25.3118061861,425,,,#000000,,,,0,,,0.0,0.0,0.0,0.0,70.33465391727312,7.091860455733389,False,False,True,False,True,
2025-01-28 00:00:00+00:00,24.982234542,24.982234542,24.982234542,24.982234542,45,,,#000000,,,,0,,,0.0,0.0,0.0,0.0,69.40005977548381,7.091860455733389,False,False,True,False,True,
2025-01-29 00:00:00+00:00,25.0077516583,25.0077516583,25.0077516583,25.0077516583,45,,,#000000,,,,0,,,0.0,0.0,0.0,0.0,69.08197942357158,7.091860455733389,False,False,True,False,True,
2025-01-30 00:00:00+00:00,25.1643739584,25.1643739584,25.1643739584,25.1643739584,0,,,#000000,,,,0,,,0.0,0.0,0.0,0.0,70.55118673264714,7.091860455733389,False,False,True,False,True,
2025-01-31 00:00:00+00:00,25.0235898684,25.0235898684,25.0235898684,25.0235898684,5,,,#000000,,,,0,,,0.0,0.0,0.0,0.0,68.1874012684447,7.091860455733389,False,False,True,False,True,
2025-02-03 00:00:00+00:00,24.7511139942,24.7511139942,24.7511139942,24.7511139942,0,,,#000000,,,,0,,,0.0,0.0,0.0,0.0,61.8490711840367,7.091860455733389,False,False,True,False,False,
2025-02-04 00:00:00+00:00,24.8699983369,24.8699983369,24.8699983369,24.8699983369,0,,,#000000,,,,0,,,0.0,0.0,0.0,0.0,59.27571232535995,7.091860455733389,False,False,True,False,False,
2025-02-05 00:00:00+00:00,24.669576542,24.669576542,24.669576542,24.669576542,38,,24.669576542000005,#000000,,24.669576542000005,,0,,,0.0,0.0,0.0,0.0,54.79693331197774,17.4815222285209,False,False,True,False,False,
2025-02-06 00:00:00+00:00,25.324809161,25.324809161,25.324809161,25.324809161,2,,24.702338172950004,#000000,,24.702338172950004,,0,,,0.0,0.0,0.0,0.0,58.22274603285248,17.4815222285209,False,False,True,False,False,
2025-02-07 00:00:00+00:00,25.6603445756,25.6603445756,25.6603445756,25.6603445756,2,,24.747957525457146,#000000,,24.747957525457146,,0,,,0.0,0.0,0.0,0.0,62.44735829116286,17.4815222285209,False,False,True,False,True,
2025-02-10 00:00:00+00:00,26.0674452359,26.0674452359,26.0674452359,26.0674452359,0,,24.747957525457146,#000000,,24.747957525457146,,0,,,0.0,0.0,0.0,0.0,67.02931317327582,17.4815222285209,False,False,True,False,True,
2025-02-11 00:00:00+00:00,25.8323162522,25.8323162522,25.8323162522,25.8323162522,6,,24.883502366300004,#000000,,24.883502366300004,,0,,,0.0,0.0,0.0,0.0,67.4516812161495,17.4815222285209,False,False,True,False,True,
2025-02-12 00:00:00+00:00,26.2455762165,26.2455762165,26.2455762165,26.2455762165,1,,24.911299791814287,#000000,,24.911299791814287,,0,,,0.0,0.0,0.0,0.0,69.49732605833347,7.835863306549356,False,False,True,False,True,
2025-02-13 00:00:00+00:00,25.9383931534,25.9383931534,25.9383931534,25.9383931534,61,,25.480869746875452,#000000,,25.480869746875452,,0,,,0.0,0.0,0.0,0.0,67.91518298803709,7.835863306549356,False,False,True,False,True,
2025-02-14 00:00:00+00:00,26.3472536149,26.3472536149,26.3472536149,26.3472536149,3,,25.503871088504425,#000000,,25.503871088504425,,0,,,0.0,0.0,0.0,0.0,68.61745953381885,7.9999180413764535,False,False,True,False,True,
2025-02-18 00:00:00+00:00,26.0358665824,26.0358665824,26.0358665824,26.0358665824,86,,25.733778688881408,#000000,,25.733778688881408,,0,,,0.0,0.0,0.0,0.0,66.48712229054351,7.9999180413764535,False,False,True,False,True,
2025-02-19 00:00:00+00:00,26.3493067162,26.3493067162,26.3493067162,26.3493067162,73,,25.898975549154414,#000000,,25.898975549154414,,0,,,0.0,0.0,0.0,0.0,66.44868705332269,7.9999180413764535,False,False,True,False,True,
2025-02-20 00:00:00+00:00,26.5920615047,26.6078997149,26.5664466217,26.5664466217,201,,26.19211559141036,#000000,,26.19211559141036,,0,,,0.0,0.0,0.0,0.0,67.38146441984638,8.546437315150051,False,False,True,False,True,
2025-02-21 00:00:00+00:00,26.7861284622,27.0325006197,26.7861284622,27.0325006197,375,,26.679683667579717,#000000,,26.679683667579717,,0,,,0.0,0.0,0.0,0.0,68.72015819570002,10.454758758546205,False,False,True,False,True,
2025-02-24 00:00:00+00:00,26.5031915479,26.7000937405,26.5031915479,26.7000937405,1672,,26.583177206673454,#000000,,26.583177206673454,,0,,,0.0,0.0,0.0,0.0,67.21274876082994,10.454758758546205,False,False,True,False,True,
2025-02-25 00:00:00+00:00,26.2920154129,26.2920154129,26.2920154129,26.2920154129,5,,26.58252495486148,#000000,,26.58252495486148,,0,,,0.0,0.0,0.0,0.0,64.57163401688292,10.454758758546205,False,False,True,False,False,
2025-02-26 00:00:00+00:00,26.5499240445,26.5499240445,26.5499240445,26.5499240445,3,,26.58247630452515,#000000,,26.58247630452515,,0,,,0.0,0.0,0.0,0.0,64.07494517937457,10.454758758546205,False,False,True,False,False,
2025-02-27 00:00:00+00:00,26.2092069933,26.2092069933,26.2092069933,26.2092069933,5,,26.58164577132836,#000000,,26.58164577132836,,0,,,0.0,0.0,0.0,0.0,61.23686352318295,10.454758758546205,False,False,True,False,False,
2025-02-28 00:00:00+00:00,25.5237644549,25.556223009,25.5237644549,25.556223009,208,,26.49358693300877,#000000,,26.49358693300877,,0,,,0.0,0.0,0.0,0.0,55.478551469116056,12.387099271220514,False,False,True,False,False,
2025-03-03 00:00:00+00:00,25.2172657589,25.2172657589,25.2172657589,25.2172657589,38,,26.474304723251237,#000000,,26.474304723251237,,0,,,0.0,0.0,0.0,0.0,50.27509440071712,7.512910527383028,False,False,False,False,False,
2025-03-04 00:00:00+00:00,25.4608026813,25.4608026813,25.4608026813,25.4608026813,129,,26.424865601217668,#000000,,26.424865601217668,,0,,,0.0,0.0,0.0,0.0,48.314721749640285,5.743510374656211,False,False,False,True,False,
2025-03-05 00:00:00+00:00,25.9849301165,25.9849301165,22.0463974313,22.0463974313,842,,25.559076182375193,#000000,,25.559076182375193,,0,,,0.0,0.0,0.0,0.0,49.81094726658981,5.743510374656211,False,False,False,False,False,
2025-03-06 00:00:00+00:00,26.2740263347,26.4947836092,26.2740263347,26.4947836092,223,,25.689837993802012,#000000,,25.689837993802012,,0,,,0.0,0.0,0.0,0.0,52.13065701071683,5.743510374656211,False,False,False,False,True,
2025-03-07 00:00:00+00:00,26.289082411,26.289082411,26.289082411,26.289082411,26,,25.7011284926122,#000000,,25.7011284926122,,0,,,0.0,0.0,0.0,0.0,53.74617887410527,5.743510374656211,False,False,True,False,True,
2025-03-10 00:00:00+00:00,25.6745207513,25.6745207513,25.6745207513,25.6745207513,6,,25.701888510469445,#000000,,25.701888510469445,,0,,,0.0,0.0,0.0,0.0,51.46048474178775,5.743510374656211,False,False,False,False,True,
2025-03-11 00:00:00+00:00,26.0349866818,26.0349866818,25.8690765424,25.8690765424,126,,25.73263415025328,#000000,,25.73263415025328,,0,,,0.0,0.0,0.0,0.0,51.75172848460906,5.743510374656211,False,False,False,False,True,
2025-03-12 00:00:00+00:00,26.3015965523,26.3015965523,26.3015965523,26.3015965523,17,,25.738701027169515,#000000,,25.738701027169515,,0,,,0.0,0.0,0.0,0.0,53.1691551766645,5.743510374656211,False,False,False,False,True,
2025-03-13 00:00:00+00:00,25.9613683348,25.9613683348,25.9613683348,25.9613683348,33,,25.745212716145463,#000000,,25.745212716145463,,0,,,0.0,0.0,0.0,0.0,52.29335499911937,5.743510374656211,False,False,False,False,True,
2025-03-14 00:00:00+00:00,27.0300564515,27.0300564515,27.0300564515,27.0300564515,15,,26.07370082726659,#000000,,26.07370082726659,,0,,,0.0,0.0,0.0,0.0,55.864890802991866,-0.6994864895420321,False,False,True,False,True,
2025-03-17 00:00:00+00:00,26.7971761026,26.7971761026,26.4947836092,26.6316570301,40041,,26.654769657586783,#000000,,26.654769657586783,,0,,,0.0,0.0,0.0,0.0,57.049264868985375,0.6261042828350583,False,False,True,False,True,
2025-03-18 00:00:00+00:00,26.5889329694,26.5889329694,26.5889329694,26.5889329694,138,,26.654552467213414,#000000,,26.654552467213414,,0,,,0.0,0.0,0.0,0.0,56.78776077628648,0.6261042828350583,False,False,True,False,True,
2025-03-19 00:00:00+00:00,26.5997850763,26.5997850763,26.5997850763,26.5997850763,22,,26.654523601253143,#000000,,26.654523601253143,,0,,,0.0,0.0,0.0,0.0,56.65763964336405,0.8265505516615548,False,False,True,False,True,
2025-03-20 00:00:00+00:00,26.2659116962,26.2659116962,26.2659116962,26.2659116962,69,,26.65389127903646,#000000,,26.65389127903646,,0,,,0.0,0.0,0.0,0.0,54.82095343218463,0.8265505516615548,False,False,True,False,True,
2025-03-21 00:00:00+00:00,25.8750403129,25.8750403129,25.8750403129,25.8750403129,21,,26.65350622530093,#000000,,26.65350622530093,,0,,,0.0,0.0,0.0,0.0,51.771491274291286,0.8265505516615548,False,False,False,False,False,
2025-03-24 00:00:00+00:00,25.8370090552,25.8370090552,25.8370090552,25.8370090552,36,,26.652814852221532,#000000,,26.652814852221532,,0,,,0.0,0.0,0.0,0.0,49.56607313048225,5.065872081632925,False,False,False,False,False,
2025-03-25 00:00:00+00:00,25.7003311678,25.7003311678,25.7003311678,25.7003311678,18,,26.652411827550434,#000000,,26.652411827550434,,0,,,0.0,0.0,0.0,0.0,47.45069660600494,2.9614393293370185,False,False,False,True,False,
2025-03-26 00:00:00+00:00,25.6447996657,25.6447996657,25.6447996657,25.6447996657,8,,26.652222383835593,#000000,,26.652222383835593,,0,,,0.0,0.0,0.0,0.0,45.76967879949811,1.275029995072508,False,False,False,True,False,2.807637871507751
2025-03-27 00:00:00+00:00,25.7908631591,25.7908631591,25.7224264486,25.7224264486,2316,,26.606579822650918,#000000,,26.606579822650918,,0,,,0.0,0.0,0.0,0.0,45.6390897489848,0.9986528268376347,False,False,False,True,False,4.002305655611369
2025-03-28 00:00:00+00:00,25.0427521473,25.3509128777,25.0427521473,25.3509128777,2542,,26.528273577858428,#000000,,26.528273577858428,,0,,,0.0,0.0,0.0,0.0,42.146457074071,-2.4530456257470163,False,True,False,True,False,0.0
2025-03-31 00:00:00+00:00,24.8964931205,24.8964931205,24.598109063,24.598109063,229,,26.519956524818774,#000000,,26.519956524818774,,0,,,0.0,0.0,0.0,0.0,39.27675311493117,-5.205194858901677,False,True,False,True,False,0.0
2025-04-01 00:00:00+00:00,25.1660359928,25.1660359928,25.1660359928,25.1660359928,26,,26.51921838246762,#000000,,26.51921838246762,,0,,,0.0,0.0,0.0,0.0,39.2601847548452,-5.292026518884313,False,True,False,True,False,0.0
2025-04-02 00:00:00+00:00,25.3291108971,25.3291108971,25.3291108971,25.3291108971,10,,26.518968870098558,#000000,,26.518968870098558,,0,,,0.0,0.0,0.0,0.0,40.341055435058124,-5.292026518884313,False,True,False,True,False,0.1361907619008207
2025-04-03 00:00:00+00:00,24.1265801281,24.4416822963,24.1265801281,24.4416822963,857,,26.478605882203016,#000000,,26.478605882203016,,0,,,0.0,0.0,0.0,0.0,36.75166435290609,-7.836173238922349,False,True,False,True,False,0.0
2025-04-04 00:00:00+00:00,24.2658977172,24.2658977172,22.8871913023,22.8871913023,318,,26.461223257905875,#000000,,26.461223257905875,,0,,,0.0,0.0,0.0,0.0,35.23489090044091,-9.325204423286273,False,True,False,True,False,0.0
2025-04-07 00:00:00+00:00,22.0072907396,22.0072907396,22.0072907396,22.0072907396,519,,26.414439690502853,#000000,,26.414439690502853,,0,,,0.0,0.0,0.0,0.0,29.93446372706416,-14.315772331485555,False,True,False,True,False,0.0
2025-04-08 00:00:00+00:00,21.4426878786,22.320144273,21.4426878786,22.320144273,230,,25.461242360331568,#000000,,25.461242360331568,,0,,,0.0,0.0,0.0,0.0,25.76281957559796,-18.084315090107722,False,True,False,True,False,0.0
2025-04-09 00:00:00+00:00,24.073199494,24.2461488379,22.2810375813,22.564561096,1658,,25.703155714376248,#000000,,25.703155714376248,,0,,,0.0,0.0,0.0,0.0,32.24722243233078,-24.555028403547006,False,True,False,True,True,0.0
2025-04-10 00:00:00+00:00,24.7640192024,24.7640192024,24.2657021838,24.2657021838,103,,25.713706669864287,#000000,,25.713706669864287,,0,,,0.0,0.0,0.0,0.0,38.18846822208428,-19.370897171375987,False,True,False,True,True,0.0
2025-04-11 00:00:00+00:00,25.4287351942,25.4287351942,25.4287351942,25.4287351942,24,,25.718260964748417,#000000,,25.718260964748417,,0,,,0.0,0.0,0.0,0.0,43.576510871383775,-14.747649702465395,False,True,False,True,True,1.5568057918677844
2025-04-14 00:00:00+00:00,25.4696994537,25.4696994537,25.4696994537,25.4696994537,10,,25.72017137676387,#000000,,25.72017137676387,,0,,,0.0,0.0,0.0,0.0,47.25648117689826,-11.674224670629151,False,True,False,False,True,1.7500370224939203
2025-04-15 00:00:00+00:00,25.3391808702,25.3391808702,25.3391808702,25.3391808702,22,,25.723979150434946,#000000,,25.723979150434946,,0,,,0.0,0.0,0.0,0.0,49.34834032686446,-9.929823949672041,False,False,False,False,True,1.099088887119212
2025-04-16 00:00:00+00:00,24.9747065038,25.0087293256,24.9747065038,25.0087293256,130,,25.739849950519773,#000000,,25.739849950519773,,0,,,0.0,0.0,0.0,0.0,49.7172106931632,-9.575256570806275,False,False,False,False,True,0.0
2025-04-17 00:00:00+00:00,24.8982529216,24.8982529216,24.8982529216,24.8982529216,0,,25.739849950519773,#000000,,25.739849950519773,,0,,,0.0,0.0,0.0,0.0,49.742977442517265,-9.303445590061017,False,False,False,False,True,0.0
2025-04-21 00:00:00+00:00,25.3094597846,25.3094597846,25.3094597846,25.3094597846,1,,25.739998233152914,#000000,,25.739998233152914,,0,,,0.0,0.0,0.0,0.0,50.96303035759681,-7.7629101729781524,False,False,False,False,True,0.9717427704886603
2025-04-22 00:00:00+00:00,25.6098969433,25.6098969433,25.5757763549,25.5757763549,298,,25.786613846192285,#000000,,25.786613846192285,,0,,,0.0,0.0,0.0,0.0,52.62464562119592,-5.774818317994033,False,False,True,False,True,2.424061677049899
2025-04-23 00:00:00+00:00,25.6695346482,25.6695346482,25.6695346482,25.6695346482,0,,25.786613846192285,#000000,,25.786613846192285,,0,,,0.0,0.0,0.0,0.0,53.905428168315,-4.140729351917777,True,False,True,False,True,2.7113222001522743
2025-04-24 00:00:00+00:00,26.2753950689,26.2753950689,26.2753950689,26.2753950689,0,,25.786613846192285,#000000,,25.786613846192285,,0,,,0.0,0.0,0.0,0.0,56.44783322037574,-1.3413353321353725,True,False,True,False,True,5.560474196970581
2025-04-25 00:00:00+00:00,26.2119444617,26.2119444617,26.2119444617,26.2119444617,4,,25.787394100084374,#000000,,25.787394100084374,,0,,,0.0,0.0,0.0,0.0,57.87145504522994,0.3584816946907736,True,False,True,False,True,5.222581275408967
2025-04-28 00:00:00+00:00,26.0173886706,26.0173886706,25.9570665987,26.0059499633,215,,25.821771560008802,#000000,,25.821771560008802,,0,,,0.0,0.0,0.0,0.0,57.95609618333597,0.8365653323945708,True,False,True,False,True,4.183441998713317
2025-04-29 00:00:00+00:00,26.0942333197,26.0942333197,26.0942333197,26.0942333197,1,,25.821926985147513,#000000,,25.821926985147513,,0,,,0.0,0.0,0.0,0.0,58.26682009982467,1.592384293089367,True,False,True,False,True,4.551226950539256
2025-04-30 00:00:00+00:00,26.2507578532,26.2507578532,26.1133955987,26.1133955987,188,,25.85095961822116,#000000,,25.85095961822116,,0,,,0.0,0.0,0.0,0.0,59.011423156615024,2.769431870477405,True,False,True,False,True,5.3035639539934785
2025-05-01 00:00:00+00:00,26.2322799413,26.4947836092,26.2322799413,26.4947836092,239,,25.884957929633053,#000000,0.9492918577200403,25.884957929633053,0.36587484538330134,0,,,0.0,0.0,0.0,0.0,59.40563900141744,3.6044937365762877,True,False,True,False,True,5.200392421659565
2025-05-02 00:00:00+00:00,27.0823616516,27.082948252,27.0823616516,27.082948252,156,,25.91354905750749,"rgba(38, 166, 154, 1.0)",0.9585021948920959,25.91354905750749,1.2194156678212835,0,,,0.0,0.0,0.0,0.0,62.37642849253443,6.795003431134987,True,False,True,False,True,9.170715946763671
2025-05-05 00:00:00+00:00,26.7927765998,26.7927765998,26.7927765998,26.7927765998,317,,25.95797958999578,"rgba(38, 166, 154, 0.5)",0.9605377969388582,25.95797958999578,0.8690933479813472,0,,,0.0,0.0,0.0,0.0,62.73911179415165,7.435086183935276,True,False,True,False,True,7.538716455260317
2025-05-06 00:00:00+00:00,27.1769998455,27.1769998455,27.1595973677,27.1595973677,239,,25.992940506422922,"rgba(38, 166, 154, 1.0)",0.9663944959433813,25.992940506422922,1.2252339433299588,0,,,0.0,0.0,0.0,0.0,64.12501891413206,9.045473596411576,True,False,True,False,True,9.264322145039138
2025-05-07 00:00:00+00:00,26.9157671451,26.9157671451,26.9157671451,26.9157671451,34,,25.997013128497212,"rgba(38, 166, 154, 0.5)",0.9718333829960539,25.997013128497212,0.9453822359655627,0,,,0.0,0.0,0.0,0.0,63.58506812887684,9.045473596411576,True,False,True,False,True,7.795026998696098
2025-05-08 00:00:00+00:00,27.3231611056,27.4724509011,27.3231611056,27.3746841719,494,,26.063246925409793,"rgba(38, 166, 154, 1.0)",0.9848639472079399,26.063246925409793,1.2792773903055616,0,,,0.0,0.0,0.0,0.0,64.49015201340627,9.896267643502057,True,False,True,False,True,9.60946110105808
2025-05-09 00:00:00+00:00,26.9083368737,26.932387489,26.9083368737,26.932387489,221,,26.082863714887772,"rgba(38, 166, 154, 0.5)",0.9929074740434586,26.082863714887772,0.8313696697745873,0,,,0.0,0.0,0.0,0.0,62.843166984107945,9.896267643502057,True,False,True,False,True,7.300763205266485
2025-05-12 00:00:00+00:00,28.2769733155,28.2769733155,28.0101679116,28.0101679116,2718,,26.37903792116187,"rgba(0, 255, 255, 0.75)",1.0333155363258142,26.37903792116187,1.8367433060057015,0,,,0.0,0.0,0.0,0.0,65.38352313690302,10.95993277936632,True,False,True,False,True,12.996648677570764
2025-05-13 00:00:00+00:00,28.8531126506,28.8531126506,28.8531126506,28.8531126506,111,,26.800955420345986,"rgba(0, 255, 255, 0.75)",1.0919901769576292,26.800955420345986,1.8792817678740354,0,,,1.0,0.0,28.853113,113.0,68.1706086640241,13.649905728607258,True,False,True,False,True,15.159304746022308
2025-05-14 00:00:00+00:00,28.7439072141,28.7439072141,28.7146749621,28.7146749621,481,,26.822236099142795,"rgba(0, 255, 255, 0.75)",1.1411145473804742,26.822236099142795,1.6840299857438175,0,,,0.0,0.0,0.0,0.0,69.47228212085696,14.901242188715528,True,False,True,False,True,14.555142642398756
2025-05-15 00:00:00+00:00,28.2798085507,28.3425747908,28.1394155276,28.1394155276,1789,,26.850788974157897,"rgba(38, 166, 154, 1.0)",1.171256607069015,26.850788974157897,1.220073865895298,0,,,0.0,0.0,0.0,0.0,68.04121760279753,14.901242188715528,True,False,True,False,True,12.026234233056577
2025-05-16 00:00:00+00:00,28.6285424737,28.6285424737,28.1665946783,28.2643614075,2157,,26.955755010799322,"rgba(38, 166, 154, 1.0)",1.2092029757847735,26.955755010799322,1.383380206962391,0,,,0.0,0.0,0.0,0.0,67.93788310804192,14.901242188715528,True,False,True,False,True,13.360852293687849
2025-05-19 00:00:00+00:00,28.8133215918,28.8133215918,28.6480958195,28.6554283242,1620,,27.041329548838046,"rgba(38, 166, 154, 1.0)",1.2511031113664994,27.041329548838046,1.4163437264787249,0,,,0.0,0.0,0.0,0.0,68.30965755807028,14.901242188715528,True,False,True,False,True,14.059146572830173
2025-05-20 00:00:00+00:00,28.5112223986,28.6260983054,28.5112223986,28.6260983054,123,,27.04584921337513,"rgba(38, 166, 154, 1.0)",1.2800121097187362,27.04584921337513,1.1448119702139878,0,,,0.0,0.0,0.0,0.0,66.97798998115942,14.901242188715528,True,False,True,False,False,12.40718630010608
2025-05-21 00:00:00+00:00,28.1251415851,28.2741380804,28.1251415851,28.2131316414,1188,,27.067615834669272,"rgba(38, 166, 154, 0.5)",1.2942261114015197,27.067615834669272,0.817110504195848,0,,,0.0,0.0,0.0,0.0,64.20406324468225,18.444330775998978,True,False,True,False,False,10.342802007064769
2025-05-22 00:00:00+00:00,27.8686994544,27.8686994544,27.8686994544,27.8686994544,1188,,27.074932494325424,"rgba(38, 166, 154, 0.5)",1.3032742157804733,27.074932494325424,0.6090559841232076,0,,,0.0,0.0,0.0,0.0,61.17384121213014,15.568808471042985,True,False,True,False,False,8.998185642294526
2025-05-23 00:00:00+00:00,27.3756618392,27.3756618392,27.3756618392,27.3756618392,23,,27.074645013729796,#000000,1.3006122659562078,27.074645013729796,0.23144240089793094,0,,,0.0,0.0,0.0,0.0,57.07282030072584,11.794887244783197,True,False,True,False,False,6.479666031698912
2025-05-27 00:00:00+00:00,27.8983227734,27.8983227734,27.6875377053,27.6875377053,763,,27.079288981520445,"rgba(38, 166, 154, 0.5)",1.3128275384120265,27.079288981520445,0.6238700575021789,0,,,0.0,0.0,0.0,0.0,56.32724637185561,11.207428509556479,True,False,True,False,False,8.63218439819445
2025-05-28 00:00:00+00:00,27.5372702425,27.5372702425,27.5372702425,27.5372702425,53,,27.079059041255892,#000000,1.3208507556447002,27.079059041255892,0.3469061128109493,0,,,0.0,0.0,0.0,0.0,54.34165104481737,9.361541062643283,False,False,False,False,False,6.820372429282113
2025-05-29 00:00:00+00:00,27.9276527921,27.9276527921,27.9270661918,27.9270661918,157,,27.080694446660413,"rgba(38, 166, 154, 0.5)",1.3358082117663865,27.080694446660413,0.634041876655052,0,,,0.0,0.0,0.0,0.0,54.47874775514472,9.361541062643283,False,False,False,False,False,8.4119575074033
2025-05-30 00:00:00+00:00,27.4464449511,27.4464449511,27.4464449511,27.4464449511,2,,27.08067963486251,#000000,1.3424709428330597,27.08067963486251,0.27245678440205406,0,,,0.0,0.0,0.0,0.0,52.618565449822015,7.602367099831611,False,False,False,False,False,6.032645079221119
2025-06-02 00:00:00+00:00,27.5874245746,27.5874245746,27.5115575927,27.5115575927,201,,27.08010075657728,#000000,1.3514429856296892,27.08010075657728,0.3753941700961492,0,,,0.0,0.0,0.0,0.0,51.945880995207666,6.843765286232902,False,False,False,False,False,6.615790096012503
2025-06-03 00:00:00+00:00,27.9558096101,27.9558096101,27.9558096101,27.9558096101,5,,27.080159581183803,"rgba(38, 166, 154, 0.5)",1.3649850117318452,27.080159581183803,0.6415088967205608,0,,,0.0,0.0,0.0,0.0,52.93632467413078,6.843765286232902,False,False,False,False,False,8.123528196906154
2025-06-04 00:00:00+00:00,28.1805753205,28.1805753205,28.1805753205,28.1805753205,6,,27.080279549038654,"rgba(38, 166, 154, 0.5)",1.3824033573803223,27.080279549038654,0.7959296145999142,0,,,0.0,0.0,0.0,0.0,54.42912818962351,6.843765286232902,False,False,True,False,True,9.029103281315695
2025-06-05 00:00:00+00:00,28.1773490185,28.1773490185,28.1773490185,28.1773490185,3,,27.08033916720476,"rgba(38, 166, 154, 0.5)",1.3986778090645051,27.08033916720476,0.784319193588241,0,,,0.0,0.0,0.0,0.0,55.40760465997463,6.843765286232902,False,False,True,False,True,9.012440649501222
2025-06-06 00:00:00+00:00,28.2956467608,28.3034680991,28.1665946783,28.1665946783,1561,,27.114407121373944,"rgba(38, 166, 154, 0.5)",1.4168125409545016,27.114407121373944,0.8337303667782752,0,,,0.0,0.0,0.0,0.0,56.543822034876335,6.843765286232902,True,False,True,False,True,9.498412437907326
2025-06-09 00:00:00+00:00,28.5440720197,28.5440720197,28.5440720197,28.5440720197,47,,27.319874873240774,"rgba(38, 166, 154, 0.5)",1.438801651299676,27.319874873240774,0.850844969043094,3,0.34438793844540766,1.033163815336223,0.0,0.0,0.0,0.0,58.30231499648936,3.876335731300827,True,False,True,False,True,10.516051650728865
2025-06-10 00:00:00+00:00,28.1911341273,28.1911341273,28.1911341273,28.1911341273,2,,27.31784910803074,"rgba(38, 166, 154, 0.5)",1.4530933418278897,27.31784910803074,0.6009834290278486,3,0.34329478401803465,1.029884352054104,0.0,0.0,0.0,0.0,57.366663380403295,3.876335731300827,True,False,True,False,True,8.632432076652705
2025-06-11 00:00:00+00:00,28.2734537133,28.2734537133,28.2643614075,28.2643614075,692,,27.295740728918723,"rgba(38, 166, 154, 0.5)",1.4689257162450295,27.295740728918723,0.6655972957438416,3,0.3426747739059232,1.0280243217177696,0.0,0.0,0.0,0.0,57.122292629875666,3.876335731300827,True,False,True,False,True,8.978538375150226
2025-06-12 00:00:00+00:00,28.372100343,28.3816814825,28.372100343,28.3816814825,107,,27.299519075469753,"rgba(38, 166, 154, 0.5)",1.4857643511543177,27.299519075469753,0.7219053726096862,3,0.340722315833974,1.022166947501922,0.0,0.0,0.0,0.0,57.430806121017675,3.876335731300827,True,False,True,False,True,9.396880013326406
2025-06-13 00:00:00+00:00,27.8282240286,28.0394979303,27.8282240286,28.0394979303,1009,,27.27613104786399,#000000,1.4941076189667355,27.27613104786399,0.3695135301684727,3,0.3407470592352404,1.0222411777057212,0.0,0.0,0.0,0.0,54.44142400759836,3.876335731300827,False,False,True,False,False,6.4918414125510076
2025-06-16 00:00:00+00:00,28.0742051192,28.0742051192,28.0742051192,28.0742051192,6,,27.27620097952222,"rgba(38, 166, 154, 0.5)",1.5050536126238123,27.27620097952222,0.5302164208533349,3,0.3391893495669484,1.0175680487008452,0.0,0.0,0.0,0.0,53.75263430383778,7.685442361770811,False,False,False,False,False,7.563110436907834
2025-06-17 00:00:00+00:00,27.8415203037,27.8415203037,27.8415203037,27.8415203037,14,,27.276032129715826,#000000,1.508469893911843,27.276032129715826,0.3748753463801132,3,0.3387401085518722,1.0162203256556166,0.0,0.0,0.0,0.0,52.015340762206534,5.94645247230671,False,False,False,False,False,6.335455259483876
2025-06-18 00:00:00+00:00,27.6279977672,27.6279977672,27.6279977672,27.6279977672,1,,27.275998460428053,#000000,1.5057206188790697,27.275998460428053,0.23377464740702872,3,0.3385650433139264,1.0156951299417791,0.0,0.0,0.0,0.0,49.74374177034545,3.753777829602903,False,True,False,False,False,5.218553991248847
2025-06-20 00:00:00+00:00,27.0665234415,27.0665234415,27.0665234415,27.0665234415,2,27.0665234415,27.249655224832033,#000000,1.5012041881392764,27.249655224832033,-0.12198992300908974,3,0.33961037907163233,1.018831137214897,0.0,0.0,0.0,0.0,45.72822612477008,0.016307173094212146,False,True,False,True,False,2.367828517813379
2025-06-23 00:00:00+00:00,27.4837918416,27.4837918416,27.4837918416,27.4837918416,47,27.466760478330613,27.297748603455343,#000000,1.5030524432536034,27.297748603455343,0.1237769440312639,4,0.2882884225665583,1.1531536902662332,0.0,0.0,0.0,0.0,45.532698669571296,-0.08895289199514878,False,True,False,True,False,4.273817147718354
2025-06-24 00:00:00+00:00,28.2878254225,28.2878254225,28.2878254225,28.2878254225,1,27.483181777214,27.299831304750455,"rgba(38, 166, 154, 0.5)",1.514958821629694,27.299831304750455,0.6521590578196206,5,0.2564770616700447,1.2823853083502235,0.0,0.0,0.0,0.0,49.09768973923661,-0.08895289199514878,False,True,False,False,True,7.744019508092165
2025-06-25 00:00:00+00:00,28.5405524174,28.5405524174,28.5405524174,28.5405524174,15,27.727190386487692,27.331110346094746,"rgba(38, 166, 154, 0.5)",1.530258742269451,27.331110346094746,0.7903513555567673,5,0.2546713539934812,1.273356769967406,0.0,0.0,0.0,0.0,52.42725604700194,-2.5038479383860306,False,True,False,False,True,8.786038237249926
2025-06-26 00:00:00+00:00,28.8164698899,28.8164698899,28.8164698899,28.8164698899,77,28.31785603270423,27.410616351850436,"rgba(38, 166, 154, 0.5)",1.5457293185627057,27.410616351850436,0.9095082309474428,5,0.2525334798882087,1.2626673994410433,0.0,0.0,0.0,0.0,55.63881611898498,0.3585794187229894,False,False,True,False,True,9.909513789522642
2025-06-27 00:00:00+00:00,29.0588711277,29.0588711277,29.0588711277,29.0588711277,79,28.58274378159412,27.450832139667554,"rgba(38, 166, 154, 1.0)",1.5672759735347332,27.450832139667554,1.0260088300886665,5,0.2504676551364672,1.252338275682336,0.0,0.0,0.0,0.0,58.61028586414108,2.986646652571963,True,False,True,False,True,10.884739225255036
2025-06-30 00:00:00+00:00,29.8051002333,29.8051002333,29.5632904584,29.6125790387,1510,29.57872721431675,27.726129413576995,"rgba(38, 166, 154, 1.0)",1.605583881416605,27.726129413576995,1.2948378741126438,5,0.24587889320937878,1.2293944660468938,0.0,0.0,0.0,0.0,62.740735145586754,6.690630061366349,True,False,True,False,True,13.766689727994734
2025-07-01 00:00:00+00:00,29.6530942517,29.6530942517,29.6530942517,29.6530942517,54,29.580976973430865,27.73018298673926,"rgba(38, 166, 154, 1.0)",1.6360416789651535,27.73018298673926,1.1753436906185926,5,0.24276106472562634,1.2138053236281316,0.0,0.0,0.0,0.0,64.56742594101547,8.236998242396517,True,False,True,False,True,12.945017210657596
2025-07-02 00:00:00+00:00,29.6050871745,29.6050871745,29.6050871745,29.6050871745,4,29.581030881091163,27.73045643742488,"rgba(38, 166, 154, 1.0)",1.6667662269273884,27.73045643742488,1.124711256317522,4,0.19441693327111212,0.7776677330844485,0.0,0.0,0.0,0.0,65.47996041104925,9.054664904890117,True,False,True,False,True,12.683449053204171
2025-07-03 00:00:00+00:00,30.6417245952,30.6417245952,30.2434728665,30.2434728665,565,29.803753002119052,28.117838780613752,"rgba(38, 166, 154, 1.0)",1.7224770784124634,28.117838780613752,1.4652652544511127,4,0.18839406607792344,0.7535762643116938,0.0,0.0,0.0,0.0,68.72314134311527,12.140180768107726,True,False,True,False,True,16.516151623564326
2025-07-07 00:00:00+00:00,29.5993696992,29.6717253351,29.5604317208,29.5928636066,2121,29.712161783875747,28.116692898165283,"rgba(38, 166, 154, 0.5)",1.749338311152435,28.116692898165283,0.8475643570956578,4,0.1854134890223304,0.7416539560893216,0.0,0.0,0.0,0.0,65.59583463990677,12.140180768107726,True,False,True,False,True,11.083824480709026
2025-07-08 00:00:00+00:00,29.6764570388,29.6764570388,29.6764570388,29.6764570388,2121,29.700680618880956,28.182893590887733,"rgba(38, 166, 154, 0.5)",1.7764502267244238,28.182893590887733,0.8407572728149159,4,0.1826499661118937,0.7305998644475749,0.0,0.0,0.0,0.0,63.73965996099526,12.140180768107726,True,False,True,False,False,11.368860169781328
2025-07-09 00:00:00+00:00,29.7981012549,29.7981012549,29.7981012549,29.7981012549,10,29.700828091838897,28.183272579339842,"rgba(38, 166, 154, 0.5)",1.8031036465757986,28.183272579339842,0.895582834978352,4,0.17963056487327986,0.7185222594931194,0.0,0.0,0.0,0.0,62.881378092057076,12.140180768107726,True,False,True,False,False,11.822522866652637
2025-07-10 00:00:00+00:00,30.0015645144,30.0015645144,30.0015645144,30.0015645144,96,29.70513586512536,28.188210547525077,"rgba(38, 166, 154, 0.5)",1.829343760473046,28.188210547525077,0.9912592734380385,4,0.17659527996370836,0.7063811198548334,0.0,0.0,0.0,0.0,62.95323727745401,12.140180768107726,True,False,True,False,False,12.582046601311404
2025-07-11 00:00:00+00:00,29.7496012919,29.7496012919,29.7496012919,29.7496012919,17,29.705248368809713,28.188789027395902,"rgba(38, 166, 154, 0.5)",1.8482079880957507,28.188789027395902,0.8445003346794515,4,0.17407998669148095,0.6963199467659238,0.0,0.0,0.0,0.0,61.66619181857453,18.033061870150874,True,False,True,False,False,11.271443426080104
2025-07-14 00:00:00+00:00,29.9274344896,29.9274344896,29.9274344896,29.9274344896,0,29.705248368809713,28.188789027395902,"rgba(38, 166, 154, 0.5)",1.8673443529457356,28.188789027395902,0.9310791871147837,4,0.1715738140718276,0.6862952562873104,0.0,0.0,0.0,0.0,61.44854833180928,17.4981044039626,True,False,True,False,False,11.950935478545095
2025-07-15 00:00:00+00:00,29.6491511653,29.6491511653,29.6491511653,29.6491511653,61,29.7047436594566,28.190448280748313,"rgba(38, 166, 154, 0.5)",1.8789165982614109,28.190448280748313,0.7763531845433942,4,0.16956692262146134,0.6782676904858453,0.0,0.0,0.0,0.0,59.78232635754479,15.582334106505456,False,False,True,False,False,10.49533896344343
2025-07-16 00:00:00+00:00,29.5267183319,29.5267183319,29.5267183319,29.5267183319,26,29.704063574455652,28.32451981854325,"rgba(38, 166, 154, 0.5)",1.888585775012778,28.32451981854325,0.6365601866023874,4,0.1677918014532879,0.6711672058131516,0.0,0.0,0.0,0.0,58.014209041727185,13.627151127317738,False,False,True,False,False,9.857601190368094
2025-07-17 00:00:00+00:00,30.1788062491,30.1788062491,30.1788062491,30.1788062491,39,29.706768463325066,28.365830282400985,"rgba(38, 166, 154, 0.5)",1.8978839651831616,28.365830282400985,0.9552617546479174,4,0.1650855433403036,0.6603421733612144,0.0,0.0,0.0,0.0,59.41333889930274,13.627151127317738,False,False,True,False,False,12.395573733344495
2025-07-18 00:00:00+00:00,30.0233500669,30.0233500669,30.0233500669,30.0233500669,55,29.7092919398753,28.373211655801793,"rgba(38, 166, 154, 0.5)",1.8991376940091222,28.373211655801793,0.8688882413863993,4,0.16287290569399052,0.6514916227759621,0.0,0.0,0.0,0.0,59.46163552161663,13.627151127317738,False,False,True,False,False,11.575048979879185
2025-07-21 00:00:00+00:00,30.383156703,30.383156703,30.383156703,30.383156703,60,29.715101118867757,28.391137359386086,"rgba(38, 166, 154, 1.0)",1.9095064367036954,28.391137359386086,1.0432116411467345,4,0.1603364081865918,0.6413456327463672,0.0,0.0,0.0,0.0,60.81427480483717,13.627151127317738,False,False,True,False,True,12.95090440559806
2025-07-22 00:00:00+00:00,30.6369928915,30.6369928915,30.6369928915,30.6369928915,8,29.71615954799822,28.39405342194009,"rgba(38, 166, 154, 1.0)",1.9251574226930703,28.39405342194009,1.165068083846515,3,0.17685953584087924,0.5305786075226377,0.0,0.0,0.0,0.0,62.57506511686511,13.627151127317738,True,False,True,False,True,13.904966974791005
2025-07-23 00:00:00+00:00,30.6830284255,30.6830284255,30.6830284255,30.6830284255,26,29.71975385609302,28.40298468255337,"rgba(38, 166, 154, 1.0)",1.914127179261747,28.40298468255337,1.1911662754958705,2,0.21129480755385388,0.42258961510770776,0.0,0.0,0.0,0.0,63.90597817297565,9.202986475548386,True,False,True,False,True,14.078318176803457
2025-07-24 00:00:00+00:00,30.936273151,30.936273151,30.936273151,30.936273151,10,29.7214907482902,28.63718711636287,"rgba(38, 166, 154, 1.0)",1.9079537442845262,28.63718711636287,1.2050009291495052,2,0.20812685407541953,0.41625370815083906,0.0,0.0,0.0,0.0,65.65770591816643,11.02313056609622,True,False,True,False,True,15.033423697851052
2025-07-25 00:00:00+00:00,30.8786055121,30.8786055121,30.8786055121,30.8786055121,10,29.723140469938063,28.63795587846258,"rgba(38, 166, 154, 1.0)",1.8183462752528698,28.63795587846258,1.2322458401526517,2,0.20571243815416246,0.4114248763083249,0.0,0.0,0.0,0.0,66.38611909312174,11.867092198305158,True,False,True,False,True,14.706632979044276
2025-07-28 00:00:00+00:00,30.6718892063,30.6718892063,30.6718892063,30.6718892063,0,29.723140469938063,28.63795587846258,"rgba(38, 166, 154, 1.0)",1.6830658616936185,28.63795587846258,1.208469243022216,2,0.2036648313612366,0.4073296627224732,0.0,0.0,0.0,0.0,65.29094659494383,11.867092198305158,True,False,True,False,True,13.531250971514414
2025-07-29 00:00:00+00:00,30.8647061324,30.8842244102,30.8647061324,30.8842244102,1124,29.881709240236617,28.76827543921147,"rgba(38, 166, 154, 1.0)",1.6503518074801775,28.76827543921147,1.2702932088094843,2,0.20100911451542328,0.40201822903084655,0.0,0.0,0.0,0.0,65.38395963872932,11.867092198305158,True,False,True,False,True,14.288381291940446
2025-07-30 00:00:00+00:00,30.313166919,30.313166919,30.313166919,30.313166919,106,29.887256852311932,28.765677796518744,"rgba(38, 166, 154, 0.5)",1.62254904932491,28.765677796518744,0.9537395021279116,2,0.1992494084405177,0.3984988168810354,0.0,0.0,0.0,0.0,61.644181372367456,15.914477755127166,True,False,True,False,False,11.189700775626594
2025-07-31 00:00:00+00:00,29.9118592983,29.9118592983,29.9118592983,29.9118592983,22,29.887322331843958,28.763696943892867,"rgba(38, 166, 154, 0.5)",1.602187498849754,28.763696943892867,0.7166217157676148,2,0.1981294181242758,0.3962588362485516,0.0,0.0,0.0,0.0,56.94459199017727,11.52949209056829,False,True,True,False,False,9.02467228971648
2025-08-01 00:00:00+00:00,29.7926795111,29.7926795111,29.7926795111,29.7926795111,1,29.887310883577264,28.76358756341,"rgba(38, 166, 154, 0.5)",1.5786897063042458,28.76358756341,0.6518646087198058,2,0.1977069328969391,0.3954138657938782,0.0,0.0,0.0,0.0,53.20312405387525,8.190929616746757,False,True,False,False,False,8.389895854093787
2025-08-04 00:00:00+00:00,30.5081525426,30.5081525426,30.5081525426,30.5081525426,234,29.90440027873211,28.76890391423674,"rgba(38, 166, 154, 1.0)",1.5604197786376264,28.76890391423674,1.1146030396267892,1,0.24238847253098825,0.24238847253098825,0.0,0.0,0.0,0.0,54.36797055041278,8.190929616746757,False,True,False,False,False,11.33615809215205
2025-08-05 00:00:00+00:00,30.579620984,30.579620984,30.579620984,30.579620984,186,29.918857634686965,28.776093152465968,"rgba(38, 166, 154, 1.0)",1.529590891805275,28.776093152465968,1.179091638945005,1,0.24029025589732325,0.24029025589732325,0.0,0.0,0.0,0.0,55.45831312822851,8.190929616746757,False,True,True,False,False,11.621894451613997
2025-08-06 00:00:00+00:00,30.9247396232,30.9247396232,30.8941807035,30.8941807035,142,29.934871768432163,28.788323753746205,"rgba(38, 166, 154, 1.0)",1.4988233550527168,28.788323753746205,1.4253953691418515,1,0.2380466517821958,0.2380466517821958,0.0,0.0,0.0,0.0,57.646932738589626,8.190929616746757,False,False,True,False,True,12.99321785092826
2025-08-07 00:00:00+00:00,30.8269510799,30.8269510799,30.8269510799,30.8269510799,142,29.948992297049756,28.79837712491558,"rgba(38, 166, 154, 1.0)",1.474129105931748,28.79837712491558,1.3761168861137343,1,0.23544132724857583,0.23544132724857583,0.0,0.0,0.0,0.0,58.45979112417418,3.017433011152143,False,False,True,False,True,12.446157988376548
2025-08-08 00:00:00+00:00,30.944257901,30.944257901,30.844793546,30.9335129905,592,30.008552017306847,28.842581447766644,"rgba(38, 166, 154, 1.0)",1.4566268410245828,28.842581447766644,1.4428379280413706,1,0.2329069091621243,0.2329069091621243,0.0,0.0,0.0,0.0,59.52871544742871,4.15282716860704,False,False,True,False,True,12.918608483598401
2025-08-11 00:00:00+00:00,31.0600860647,31.1171622407,29.0309737913,31.1010941635,1732,30.06899777175743,29.006392369459743,"rgba(38, 166, 154, 1.0)",1.439545634548587,29.006392369459743,1.4266263228843405,1,0.23047045366293023,0.23047045366293023,0.0,0.0,0.0,0.0,60.768395129852166,5.484690047879397,True,False,True,False,True,13.387461004285477
2025-08-12 00:00:00+00:00,31.6668284881,31.6728416949,31.6431699696,31.6432685467,4082,30.491598773035783,29.404219271570465,"rgba(0, 255, 255, 0.75)",1.4493744651162792,29.404219271570465,1.5610936103721205,1,0.2271412260537846,0.2271412260537846,0.0,0.0,0.0,0.0,63.947427110468446,8.609588391310865,True,False,True,False,True,15.778138437852085
2025-08-13 00:00:00+00:00,32.2324642355,32.2324642355,32.2324642355,32.2324642355,60,30.498365108965555,29.41013778884542,"rgba(0, 255, 255, 0.75)",1.4699903881858192,29.41013778884542,1.9199625176717885,1,0.22322946035841837,0.22322946035841837,0.0,0.0,0.0,0.0,67.69530411806275,12.155822809092783,True,False,True,False,True,17.886275152856797
2025-08-14 00:00:00+00:00,31.4776589169,31.4776589169,31.4776589169,31.4776589169,83,30.50360231167551,29.41456540096834,"rgba(38, 166, 154, 1.0)",1.460859470836132,29.41456540096834,1.4122463913321093,1,0.22133683843750757,0.22133683843750757,0.0,0.0,0.0,0.0,65.31831864365702,12.155822809092783,True,False,True,False,True,13.592062405566523
2025-08-15 00:00:00+00:00,31.8666443926,31.8666443926,31.8666443926,31.8666443926,347,30.533411072126814,29.440317079413887,"rgba(0, 255, 255, 0.75)",1.45961423951773,29.440317079413887,1.6623072367311207,1,0.21903782080542025,0.21903782080542025,0.0,0.0,0.0,0.0,65.03925926310387,12.155822809092783,True,False,True,False,True,15.049523618808916
2025-08-18 00:00:00+00:00,32.5396306679,32.5698938562,32.5396306679,32.5698938562,230,30.562220830764918,29.46548523882464,"rgba(0, 255, 0, 1.0)",1.4776130974671395,29.46548523882464,2.080480630785505,1,0.21591913193981851,0.21591913193981851,0.0,0.0,0.0,0.0,66.73537639735898,12.155822809092783,True,False,True,False,True,17.460459336393626
2025-08-19 00:00:00+00:00,32.1570527077,32.1570527077,32.1570527077,32.1570527077,5,30.562716058648697,29.465914294387037,"rgba(0, 255, 255, 0.75)",1.4791881918122143,29.465914294387037,1.8193347054886473,1,0.213835426781512,0.213835426781512,0.0,0.0,0.0,0.0,65.75247120447321,12.155822809092783,True,False,True,False,True,15.35269634776872
2025-08-20 00:00:00+00:00,32.7002128625,32.7002128625,32.7002128625,32.7002128625,9,30.563910116822285,29.466956659994466,"rgba(0, 255, 0, 1.0)",1.512117907266167,29.466956659994466,2.1382302180066772,1,0.21092445294779621,0.21092445294779621,0.0,0.0,0.0,0.0,66.5908468308216,12.155822809092783,True,False,True,False,True,17.259594243342118
2025-08-21 00:00:00+00:00,32.4356317635,32.4356317635,32.4356317635,32.4356317635,16,30.5657670986755,29.46857224626478,"rgba(0, 255, 255, 0.75)",1.527001934146961,29.46857224626478,1.9430620557090028,1,0.20958094818819878,0.20958094818819878,0.0,0.0,0.0,0.0,65.73482658738504,12.155822809092783,True,False,True,False,True,15.816462297971611
2025-08-22 00:00:00+00:00,33.8209366011,33.8209366011,33.8209366011,33.8209366011,31,30.572012318045175,29.47406076013506,"rgba(0, 255, 0, 1.0)",1.590332971228738,29.47406076013506,2.7333117778514127,1,0.20619013429194216,0.20619013429194216,0.0,0.0,0.0,0.0,68.32637049401683,13.117245415112762,True,False,True,False,True,20.0
2025-08-25 00:00:00+00:00,33.792644956,33.9401163883,33.792644956,33.9401163883,553,30.680216120898166,29.56831316237564,"rgba(0, 255, 0, 1.0)",1.6400749317392573,29.56831316237564,2.5756943855879557,1,0.20296383615669938,0.20296383615669938,0.0,0.0,0.0,0.0,69.90977224451692,14.753777176324817,True,False,True,False,True,20.0
2025-08-26 00:00:00+00:00,33.8635219345,33.8635219345,33.8635219345,33.8635219345,42,30.688196712086086,29.575207562253677,"rgba(0, 255, 0, 1.0)",1.6938503922038979,29.575207562253677,2.531696064766808,1,0.1998267627482258,0.1998267627482258,0.0,0.0,0.0,0.0,71.10868602171557,16.032899398089995,True,False,True,False,True,20.0
2025-08-27 00:00:00+00:00,33.2151799493,33.2151799493,33.1120682394,33.1120682394,130,30.707389962500237,29.59169057997323,"rgba(0, 255, 0, 1.0)",1.7137097478759906,29.59169057997323,2.1144125332879766,1,0.1996709217118043,0.1996709217118043,0.0,0.0,0.0,0.0,68.51594226448566,16.032899398089995,True,False,True,False,True,16.94555135541662
2025-08-28 00:00:00+00:00,34.0263714038,34.0263714038,34.0263714038,34.0263714038,179,30.74220989439525,29.621642243924654,"rgba(0, 255, 0, 1.0)",1.7763341751610267,29.621642243924654,2.4796737131266706,1,0.19826704135241482,0.19826704135241482,0.0,0.0,0.0,0.0,68.74362836197776,16.032899398089995,True,False,True,False,True,19.54615749948309
2025-08-29 00:00:00+00:00,34.0559445519,34.0559445519,34.0559445519,34.0559445519,179,30.77661384449636,29.65112231131184,"rgba(0, 255, 0, 1.0)",1.8399638971128287,29.65112231131184,2.3939721032026577,1,0.20148699346891233,0.20148699346891233,0.0,0.0,0.0,0.0,68.96089131254269,16.032899398089995,True,False,True,False,True,19.638413733087223
2025-09-02 00:00:00+00:00,33.4197275576,33.4197275576,33.4197275576,33.4197275576,53,30.784714054210394,29.658024861724623,"rgba(0, 255, 0, 1.0)",1.880648746970352,29.658024861724623,2.0002154585939156,1,0.2080588825345911,0.2080588825345911,0.0,0.0,0.0,0.0,66.07266203758454,16.032899398089995,True,False,True,False,False,16.303881290962227
2025-09-03 00:00:00+00:00,33.0880154122,33.0880154122,33.0880154122,33.0880154122,51,30.791486517125207,29.6637786953285,"rgba(0, 255, 255, 0.75)",1.9059310699589633,29.6637786953285,1.7966214890159846,1,0.20968347071409535,0.20968347071409535,0.0,0.0,0.0,0.0,62.74144866967157,17.628222958778622,True,False,True,False,False,14.623835752138106
2025-09-04 00:00:00+00:00,32.4369132666,32.4369132666,32.4369132666,32.4369132666,125,30.803259748017272,29.673709151428568,"rgba(38, 166, 154, 1.0)",1.9201369071351513,29.673709151428568,1.4390661962193831,1,0.2112909160634161,0.2112909160634161,0.0,0.0,0.0,0.0,58.068123351054055,13.295741498551997,False,True,True,False,False,11.438178143426256
2025-09-05 00:00:00+00:00,33.4381614866,33.4381614866,33.4381614866,33.4381614866,16,30.80567072982085,29.675760645458137,"rgba(0, 255, 255, 0.75)",1.9544890575545524,29.675760645458137,1.9250048121780552,1,0.21058145077395468,0.21058145077395468,0.0,0.0,0.0,0.0,58.05703015357655,13.295741498551997,False,True,True,False,False,14.796071911900825
2025-09-08 00:00:00+00:00,33.8075301073,33.8075301073,33.8075301073,33.8075301073,24,30.80978521440449,29.679266540513037,"rgba(0, 255, 0, 1.0)",1.9919339411384513,29.679266540513037,2.0724901973544045,1,0.20944948248639908,0.20944948248639908,0.0,0.0,0.0,0.0,59.00984398928148,13.295741498551997,False,True,True,False,False,15.969984283426541
2025-09-09 00:00:00+00:00,33.5107142768,33.5107142768,33.5107142768,33.5107142768,0,30.80978521440449,29.679266540513037,"rgba(0, 255, 255, 0.75)",2.0144476921363874,29.679266540513037,1.9019842268644809,1,0.20928953927365657,0.20928953927365657,0.0,0.0,0.0,0.0,58.48349329806685,13.295741498551997,False,True,True,False,False,14.538386225232394
2025-09-10 00:00:00+00:00,33.5310211719,33.5310211719,33.5310211719,33.5310211719,15,30.812114374995783,29.681248224675894,"rgba(0, 255, 255, 0.75)",2.0306386153007803,29.681248224675894,1.895843464325076,1,0.20997367249180046,0.20997367249180046,0.0,0.0,0.0,0.0,58.193419368894695,13.207890405260642,False,True,True,False,False,14.604738564119671
2025-09-11 00:00:00+00:00,35.0581785436,35.0581785436,35.0581785436,35.0581785436,84,30.832369323610852,29.698543905752455,"rgba(0, 255, 0, 1.0)",2.0739433979037067,29.698543905752455,2.584272378534987,1,0.20829793727863988,0.20829793727863988,0.0,0.0,0.0,0.0,61.69870917456204,13.207890405260642,False,False,True,False,True,19.29587485973438
2025-09-12 00:00:00+00:00,34.7049765772,34.7049765772,34.6660385988,34.6660385988,284,30.893629835062114,29.750621211694266,"rgba(0, 255, 0, 1.0)",2.111052332964755,29.750621211694266,2.346865252055525,1,0.207025449211633,0.207025449211633,0.0,0.0,0.0,0.0,62.605483020668814,13.207890405260642,False,False,True,False,True,17.598443903322206
2025-09-15 00:00:00+00:00,34.8617142625,34.8617142625,34.8617142625,34.8617142625,44,30.90336366540204,29.75887426231739,"rgba(0, 255, 0, 1.0)",2.1412110211591937,29.75887426231739,2.3831560503644664,1,0.2053350334128157,0.2053350334128157,0.0,0.0,0.0,0.0,63.560805744963154,8.67544750601089,True,False,True,False,True,18.0625546681028
2025-09-16 00:00:00+00:00,34.9244093367,34.9244093367,34.9244093367,34.9244093367,4,30.90426016964847,29.75963416062473,"rgba(0, 255, 0, 1.0)",2.1753331506203777,29.75963416062473,2.374245606748714,1,0.20378861994081693,0.20378861994081693,0.0,0.0,0.0,0.0,64.34555264878733,9.596342947085915,True,False,True,False,True,18.249837944366796
2025-09-17 00:00:00+00:00,35.1973694943,35.1973694943,35.1973694943,35.1973694943,84,30.924266892714805,29.77658755694489,"rgba(0, 255, 0, 1.0)",2.2029143646698572,29.77658755694489,2.460732030392612,0,,,0.0,0.0,0.0,0.0,65.52725007481914,10.90603567464209,True,False,True,False,True,19.067186779446153
2025-09-18 00:00:00+00:00,34.708525355,34.708525355,34.708525355,34.708525355,27,30.929926929191744,29.78137395000789,"rgba(0, 255, 0, 1.0)",2.2161270702634486,29.78137395000789,2.2233162850207773,0,,,0.0,0.0,0.0,0.0,63.99588077468296,10.90603567464209,True,False,True,False,True,16.654834133963966
2025-09-19 00:00:00+00:00,34.5866839845,34.5866839845,34.5866839845,34.5866839845,5,30.930939488602306,29.782229739921277,"rgba(0, 255, 0, 1.0)",2.229629767586727,29.782229739921277,2.154821537828181,0,,,0.0,0.0,0.0,0.0,62.419883903222036,10.90603567464209,False,False,True,False,False,16.060907366158833
2025-09-22 00:00:00+00:00,34.9634458923,34.9634458923,34.9634458923,34.9634458923,84,30.949611587048402,29.798013112434102,"rgba(0, 255, 0, 1.0)",2.2519763434734643,29.798013112434102,2.29373314459365,0,,,0.0,0.0,0.0,0.0,62.524009508250245,10.90603567464209,False,False,True,False,False,17.241871670292458
2025-09-23 00:00:00+00:00,34.6940345124,34.6940345124,34.6940345124,34.6940345124,574,31.064455229001474,29.89459625343208,"rgba(0, 255, 0, 1.0)",2.2645066530577327,29.89459625343208,2.1194189261874343,0,,,0.0,0.0,0.0,0.0,61.28220873386509,10.90603567464209,False,False,True,False,False,15.912700970626222
2025-09-24 00:00:00+00:00,34.7339582624,34.8174531174,34.7339582624,34.8174531174,170,31.09773809322146,29.922470885168746,"rgba(0, 255, 0, 1.0)",2.2765412581251354,29.922470885168746,2.1135076555536694,0,,,0.0,0.0,0.0,0.0,60.59330074704387,14.643453605795685,False,True,True,False,False,16.04116775132392
2025-09-25 00:00:00+00:00,34.641,34.641,34.5498,34.5498,136,31.122855028152426,29.94347161591531,"rgba(0, 255, 0, 1.0)",2.2876692551587516,29.94347161591531,2.053412386205586,0,,,0.0,0.0,0.0,0.0,59.635432754541796,13.551947375595624,False,True,True,False,False,15.573295309138313
2025-09-26 00:00:00+00:00,34.2577,34.2577,34.2573,34.2573,741,31.24039481785686,30.365809092510958,"rgba(0, 255, 255, 0.75)",2.282611522176357,30.365809092510958,1.705016762457379,0,,,0.0,0.0,0.0,0.0,57.01909702470527,10.952043218703707,False,True,True,False,False,13.656287276218183
2025-09-29 00:00:00+00:00,34.944,34.944,34.944,34.944,106,31.260154338156195,30.38760720597278,"rgba(0, 255, 255, 0.75)",2.2888589599726172,30.38760720597278,1.990683075588778,0,,,0.0,0.0,0.0,0.0,57.98079764014461,10.952043218703707,False,True,True,False,False,15.940125754426326
2025-09-30 00:00:00+00:00,35.293,35.293,35.293,35.293,131,31.286570798064268,30.417682213389543,"rgba(0, 255, 0, 1.0)",2.300744445189445,30.417682213389543,2.119017519222574,0,,,0.0,0.0,0.0,0.0,59.77235940180143,10.952043218703707,False,True,True,False,True,17.05946866812205
2025-10-01 00:00:00+00:00,35.3891,35.3891,35.3891,35.3891,32,31.29312468626066,30.424952249010786,"rgba(0, 255, 0, 1.0)",2.2994649310427855,30.424952249010786,2.1588273358611385,0,,,0.0,0.0,0.0,0.0,61.27710582396762,7.298132030228871,False,False,True,False,True,17.366383863512052
2025-10-02 00:00:00+00:00,35.5465,35.5465,35.5465,35.5465,69,31.307725825397377,30.805963317500698,"rgba(0, 255, 0, 1.0)",2.3026536950106715,30.805963317500698,2.0587275858158662,0,,,0.0,0.0,0.0,0.0,62.801391172798176,8.781286913837874,True,False,True,False,True,17.87213766473989
2025-10-03 00:00:00+00:00,35.4053,35.4053,35.4053,35.4053,50,31.31789350324999,30.811622185071105,"rgba(0, 255, 0, 1.0)",2.2931116390544544,30.811622185071105,2.003250839031569,0,,,0.0,0.0,0.0,0.0,62.90867458486085,8.962736781240366,True,False,True,False,True,17.132058878887232
2025-10-06 00:00:00+00:00,35.4935,35.4935,35.4935,35.4935,92,31.33687165746899,30.830122074887786,"rgba(0, 255, 0, 1.0)",2.2754277667794334,30.830122074887786,2.0494510936344095,0,,,0.0,0.0,0.0,0.0,63.320259680255575,9.50113698499431,True,False,True,False,True,17.424499734861374
2025-10-07 00:00:00+00:00,35.2709,35.2709,35.2709,35.2709,91,31.35447833524258,30.84091548883121,"rgba(0, 255, 255, 0.75)",2.2321773028592946,30.84091548883121,1.9846024352519953,0,,,0.0,0.0,0.0,0.0,62.069643281138816,9.50113698499431,False,False,True,False,True,16.237086397955284
2025-10-08 00:00:00+00:00,35.3751,35.3751,35.3751,35.3751,127,31.37943527323985,30.861818392505906,"rgba(0, 255, 0, 1.0)",2.197230535892749,30.861818392505906,2.054077409615246,0,,,0.0,0.0,0.0,0.0,61.7133309778426,9.50113698499431,False,False,True,False,True,16.595494360460737
2025-10-09 00:00:00+00:00,35.3132,35.4,35.2334,35.4,705,31.510545555893565,30.96363815616837,"rgba(0, 255, 255, 0.75)",2.1775189325677653,30.96363815616837,1.9974852015190336,0,,,0.0,0.0,0.0,0.0,61.01574225868125,9.50113698499431,False,False,True,False,False,16.258096295298884
2025-10-10 00:00:00+00:00,33.4412,33.4412,33.4412,33.4412,41,31.514278312293094,30.959534215730162,"rgba(38, 166, 154, 1.0)",2.136274437765468,30.959534215730162,1.1616792956927617,0,,,0.0,0.0,0.0,0.0,52.016248730616255,6.031981989605207,False,True,False,False,False,6.943344594529265
2025-10-13 00:00:00+00:00,34.9004,34.9004,34.9004,34.9004,29,31.51890263670767,30.962143946459314,"rgba(0, 255, 255, 0.75)",2.115041479079565,30.962143946459314,1.8620230820506438,0,,,0.0,0.0,0.0,0.0,51.93569460454927,6.031981989605207,False,True,False,False,False,12.053720473796549
2025-10-14 00:00:00+00:00,34.3062,34.3062,34.3062,34.3062,7,31.5198211510445,30.96226061805604,"rgba(0, 255, 255, 0.75)",2.088033978563351,30.96226061805604,1.6014774741571585,0,,,0.0,0.0,0.0,0.0,50.02537248210981,4.561308474698322,False,True,False,False,False,9.419707932138277
2025-10-15 00:00:00+00:00,34.8078,34.8078,34.8078,34.8078,388,31.57880107676779,30.99507529196967,"rgba(0, 255, 255, 0.75)",2.0800919231269495,30.99507529196967,1.832959719539105,0,,,0.0,0.0,0.0,0.0,50.38043240263531,4.561308474698322,False,True,False,False,False,11.085529579264367
2025-10-16 00:00:00+00:00,34.5479,34.5479,34.5479,34.5479,89,31.590967834176862,31.00062792100127,"rgba(0, 255, 255, 0.75)",2.0635934318375844,31.00062792100127,1.7189781786812335,0,,,0.0,0.0,0.0,0.0,49.7789618405542,4.352260656428847,False,True,False,False,False,9.9447172505402
2025-10-17 00:00:00+00:00,33.9538,33.9538,33.9538,33.9538,52,31.596611455169135,31.000910884069317,"rgba(38, 166, 154, 1.0)",2.037818282111142,31.000910884069317,1.449044373510844,0,,,0.0,0.0,0.0,0.0,47.59481649780901,2.201855044727502,False,True,False,True,False,7.397731570337612
2025-10-20 00:00:00+00:00,34.3721,34.3721,34.3182,34.3182,353,31.640609160059388,31.019330920985745,"rgba(0, 255, 255, 0.75)",2.032223920490575,31.019330920985745,1.649802979489045,0,,,0.0,0.0,0.0,0.0,47.625987407515076,2.1310806060528904,False,True,False,True,False,8.82333021248257
2025-10-21 00:00:00+00:00,34.4806,34.4806,34.4806,34.4806,198,31.665800369911025,31.032960008060822,"rgba(0, 255, 255, 0.75)",2.0077267881497955,31.032960008060822,1.7171858304068977,0,,,0.0,0.0,0.0,0.0,48.029192875059195,2.1310806060528904,False,True,False,True,False,9.190645860722139
