date,Open,High,Low,Close,Volume,aVWAP_BoS_CHoCH_bull_187,Peaks_Valleys_avg,color,StDev,StDev_Mean,StdDev_ZScore,MA_Cross_Count,MA_Avg_Deviation_Z,MA_Oscillation_Score,BoS,CHoCH,BoS_CHoCH_Price,BoS_CHoCH_Break_Index,QQEMOD,QQE1_Value,QQE1_Above_Upper,QQE1_Below_Lower,QQE2_Above_Threshold,QQE2_Below_Threshold,QQE2_Above_TL,banker_RSI
2024-02-12 17:00:00+00:00,124.215,125.81,123.975,124.145,4981.0,,,"rgba(38, 166, 154, 1.0)",,,,0,,,0.0,0.0,0.0,0.0,,,False,False,False,False,False,
2024-02-13 17:00:00+00:00,121.85,122.405,119.62,122.285,13493.0,,,"rgba(38, 166, 154, 1.0)",,,,0,,,0.0,0.0,0.0,0.0,0.0,,False,False,False,True,False,
2024-02-14 17:00:00+00:00,122.88,124.97,122.09,124.475,3936.0,,,"rgba(239, 83, 80, 1.0)",,,,0,,,0.0,0.0,0.0,0.0,18.993928881179528,-78.49089332176929,False,False,False,True,True,
2024-02-15 17:00:00+00:00,126.72,129.91,126.72,128.75,8698.0,,,"rgba(38, 166, 154, 1.0)",,,,0,,,0.0,0.0,0.0,0.0,39.626720089599914,-58.021988346072995,False,False,False,True,True,
2024-02-16 17:00:00+00:00,129.725,130.98,128.83,128.83,10100.0,,,"rgba(239, 83, 80, 1.0)",,,,0,,,0.0,0.0,0.0,0.0,53.45558202154422,-43.774951458839624,False,False,True,False,True,
2024-02-19 17:00:00+00:00,128.83,128.83,128.83,128.83,0.0,,,"rgba(239, 83, 80, 1.0)",,,,0,,,0.0,0.0,0.0,0.0,62.67482330950709,-33.32078098907268,False,False,True,False,True,
2024-02-20 17:00:00+00:00,126.37,126.51,124.6,125.02,4106.0,,,"rgba(239, 83, 80, 1.0)",,,,0,,,0.0,0.0,0.0,0.0,57.714427962136284,-33.32078098907268,False,False,True,False,True,
2024-02-21 17:00:00+00:00,122.63,123.99,121.37,123.76,13988.0,,,"rgba(38, 166, 154, 1.0)",,,,0,,,0.0,0.0,0.0,0.0,52.29551442632553,-33.32078098907268,False,False,True,False,True,
2024-02-22 17:00:00+00:00,126.21,126.8,125.9,126.74,2609.0,,,"rgba(239, 83, 80, 1.0)",,,,0,,,0.0,0.0,0.0,0.0,53.77126792369756,-33.32078098907268,False,False,True,False,True,
2024-02-23 17:00:00+00:00,118.465,119.81,118.38,119.225,24761.0,,,"rgba(239, 83, 80, 1.0)",,,,0,,,0.0,0.0,0.0,0.0,46.715402263564826,-33.32078098907268,False,False,False,True,True,
2024-02-26 17:00:00+00:00,118.625,118.91,118.255,118.79,9166.0,,,"rgba(239, 83, 80, 1.0)",,,,0,,,0.0,0.0,0.0,0.0,41.71867246450742,-33.32078098907268,False,False,False,True,False,
2024-02-27 17:00:00+00:00,118.76,119.33,118.215,118.42,11358.0,,,"rgba(239, 83, 80, 1.0)",,,,0,,,0.0,0.0,0.0,0.0,38.121723736280146,-33.32078098907268,False,False,False,True,False,
2024-02-28 17:00:00+00:00,117.985,118.09,115.51,115.63,4482.0,,,"rgba(239, 83, 80, 1.0)",,,,0,,,0.0,0.0,0.0,0.0,33.91196120234874,-33.32078098907268,False,False,False,True,False,
2024-02-29 17:00:00+00:00,116.35,116.53,115.0,116.25,5228.0,,115.92666666666666,"rgba(239, 83, 80, 1.0)",,115.92666666666666,,0,,,0.0,0.0,0.0,0.0,32.15071814866184,-33.32078098907268,False,False,False,True,False,
2024-03-01 17:00:00+00:00,118.18,118.435,117.05,117.73,8092.0,,117.02726776776775,"rgba(38, 166, 154, 1.0)",,117.02726776776775,,0,,,0.0,0.0,0.0,0.0,33.39241028571351,-33.32078098907268,False,False,False,True,False,
2024-03-04 17:00:00+00:00,118.425,118.94,117.93,118.49,8980.0,,117.60153094170403,"rgba(38, 166, 154, 1.0)",,117.60153094170403,,0,,,0.0,0.0,0.0,0.0,35.40464379895738,-33.32078098907268,False,False,False,True,False,
2024-03-05 17:00:00+00:00,117.56,118.125,117.03,117.525,7192.0,,117.59140309236402,"rgba(38, 166, 154, 1.0)",,117.59140309236402,,0,,,0.0,0.0,0.0,0.0,35.78210396063936,-32.092437579072666,False,False,False,True,False,
2024-03-06 17:00:00+00:00,117.93,118.23,117.06,117.09,9056.0,,117.5605328421708,"rgba(38, 166, 154, 1.0)",,117.5605328421708,,0,,,0.0,0.0,0.0,0.0,35.59696742769848,-30.15614818360166,False,False,False,True,False,
2024-03-07 17:00:00+00:00,117.88,118.51,117.6,117.76,9064.0,,117.63594569996359,"rgba(38, 166, 154, 1.0)",,117.63594569996359,,0,,,0.0,0.0,0.0,0.0,36.73675948028739,-27.142498117636023,False,False,False,True,False,
2024-03-08 17:00:00+00:00,118.465,118.525,116.535,117.75,7920.0,,117.63129450887176,"rgba(38, 166, 154, 1.0)",,117.63129450887176,,0,,,0.0,0.0,0.0,0.0,37.48385706163749,-24.715670861942897,False,False,False,True,False,
2024-03-11 17:00:00+00:00,117.065,117.82,117.025,117.74,14260.0,,117.61025733608436,"rgba(38, 166, 154, 1.0)",,117.61025733608436,,0,,,0.0,0.0,0.0,0.0,37.967592768863696,-22.717300616916553,False,False,False,True,False,
2024-03-12 17:00:00+00:00,118.21,119.625,117.89,119.44,10354.0,,117.7878592818107,"rgba(38, 166, 154, 1.0)",,117.7878592818107,,0,,,0.0,0.0,0.0,0.0,41.835621792529075,-17.83931265599442,False,False,False,True,False,
2024-03-13 17:00:00+00:00,119.48,120.035,119.43,119.43,3462.0,,117.86420677447134,"rgba(38, 166, 154, 1.0)",,117.86420677447134,,0,,,0.0,0.0,0.0,0.0,44.39528269628499,-14.502246744828831,False,False,False,True,True,
2024-03-14 17:00:00+00:00,118.54,120.035,118.5,119.99,5743.0,,117.96988235535508,"rgba(38, 166, 154, 1.0)",,117.96988235535508,,0,,,0.0,0.0,0.0,0.0,47.2398428907589,-11.088702187415564,False,False,False,False,True,
2024-03-15 17:00:00+00:00,118.55,119.325,118.14,119.03,4438.0,,118.01066111164421,"rgba(38, 166, 154, 1.0)",,118.01066111164421,,0,,,0.0,0.0,0.0,0.0,47.10054628731241,-10.544636655798541,False,False,False,True,True,
2024-03-18 17:00:00+00:00,118.82,119.28,118.42,118.49,2815.0,,118.03162234483042,"rgba(38, 166, 154, 1.0)",,118.03162234483042,,0,,,0.0,0.0,0.0,0.0,45.945661370529876,-10.544636655798541,False,False,False,True,True,
2024-03-19 17:00:00+00:00,118.32,119.5,118.3,119.24,2528.0,,118.05665730204844,"rgba(38, 166, 154, 1.0)",,118.05665730204844,,0,,,0.0,0.0,0.0,0.0,46.9813497636373,-9.457321753081025,False,False,False,True,True,
2024-03-20 17:00:00+00:00,119.95,122.93,119.345,122.665,2980.0,,118.16142684829728,"rgba(38, 166, 154, 1.0)",,118.16142684829728,,0,,,0.0,0.0,0.0,0.0,53.285139575456625,-3.1559059280751853,False,False,True,False,True,
2024-03-21 17:00:00+00:00,124.42,124.91,123.34,124.56,3103.0,,121.30579042120104,"rgba(38, 166, 154, 1.0)",,121.30579042120104,,0,,,0.0,0.0,0.0,0.0,59.42763028693328,2.6284581808344427,False,False,True,False,True,
2024-03-22 17:00:00+00:00,122.67,123.085,121.73,121.73,1363.0,,121.01167113842358,"rgba(38, 166, 154, 1.0)",,121.01167113842358,,0,,,0.0,0.0,0.0,0.0,58.19662243996818,2.6284581808344427,False,False,True,False,True,
2024-03-25 17:00:00+00:00,122.12,122.73,121.25,121.29,1385.0,,120.81122754101204,"rgba(38, 166, 154, 1.0)",,120.81122754101204,,0,,,0.0,0.0,0.0,0.0,56.67908999402607,2.6284581808344427,False,False,True,False,False,
2024-03-26 17:00:00+00:00,121.24,121.925,120.24,120.3,2068.0,,120.5246132661911,"rgba(38, 166, 154, 1.0)",,120.5246132661911,,0,,,0.0,0.0,0.0,0.0,54.11685594772928,2.6284581808344427,False,False,True,False,False,
2024-03-27 17:00:00+00:00,122.61,123.04,122.18,123.04,846.0,,120.54974561248781,"rgba(38, 166, 154, 1.0)",,120.54974561248781,,0,,,0.0,0.0,0.0,0.0,56.02333793494511,2.6284581808344427,False,False,True,False,False,
2024-03-28 17:00:00+00:00,123.67,123.67,122.29,122.34,3748.0,,120.64605428004022,"rgba(38, 166, 154, 1.0)",,120.64605428004022,,0,,,0.0,0.0,0.0,0.0,56.14580825706716,2.6284581808344427,False,False,True,False,False,
2024-03-29 17:00:00+00:00,122.34,122.34,122.34,122.34,0.0,,120.64605428004022,"rgba(38, 166, 154, 1.0)",,120.64605428004022,,0,,,0.0,0.0,0.0,0.0,56.22745513848186,2.6284581808344427,False,False,True,False,False,
2024-04-01 17:00:00+00:00,120.94,120.94,119.02,119.445,1468.0,,120.50423629257733,"rgba(38, 166, 154, 1.0)",,120.50423629257733,,0,,,0.0,0.0,0.0,0.0,51.928531630604745,7.677165858804564,False,False,False,False,False,
2024-04-02 17:00:00+00:00,118.945,119.19,118.445,118.84,1888.0,,120.29621605586954,"rgba(239, 83, 80, 1.0)",,120.29621605586954,,0,,,0.0,0.0,0.0,0.0,48.31674353189413,4.13609487854081,False,False,False,True,False,
2024-04-03 17:00:00+00:00,120.02,120.13,119.115,119.62,1466.0,,120.20468355387507,"rgba(239, 83, 80, 1.0)",,120.20468355387507,,0,,,0.0,0.0,0.0,0.0,47.27705551753458,3.0128605675573326,False,False,False,True,False,
2024-04-04 17:00:00+00:00,120.465,120.56,118.295,118.295,7150.0,,119.82384466717836,"rgba(239, 83, 80, 1.0)",,119.82384466717836,,0,,,0.0,0.0,0.0,0.0,44.81352038158162,0.5127771133594479,False,False,False,True,False,
2024-04-05 17:00:00+00:00,118.62,119.235,117.52,118.31,18084.0,,119.2516149007472,"rgba(239, 83, 80, 1.0)",,119.2516149007472,,0,,,0.0,0.0,0.0,0.0,43.201107531099055,-1.1897556450227285,False,False,False,True,False,
2024-04-08 17:00:00+00:00,118.555,118.78,117.99,118.7,3114.0,,119.2036341648984,"rgba(239, 83, 80, 1.0)",,119.2036341648984,,0,,,0.0,0.0,0.0,0.0,42.96409016549378,-1.6851134880783505,False,False,False,True,False,
2024-04-09 17:00:00+00:00,120.415,120.415,119.23,119.78,1817.0,,119.21169151808772,"rgba(239, 83, 80, 1.0)",,119.21169151808772,,0,,,0.0,0.0,0.0,0.0,45.018547094346204,-1.6851134880783505,True,False,False,True,False,
2024-04-10 17:00:00+00:00,115.35,115.35,113.88,114.39,4559.0,,118.92228036039606,"rgba(239, 83, 80, 1.0)",,118.92228036039606,,0,,,0.0,0.0,0.0,0.0,39.949167531725855,-4.685408525905515,True,False,False,True,False,
2024-04-11 17:00:00+00:00,113.855,114.615,113.59,113.6,1243.0,,118.84129858693643,"rgba(239, 83, 80, 1.0)",,118.84129858693643,,0,,,0.0,0.0,0.0,0.0,35.96455817199474,-8.365500843370512,False,False,False,True,False,
2024-04-12 17:00:00+00:00,112.51,113.135,112.065,113.135,2374.0,,118.66183816155939,"rgba(239, 83, 80, 1.0)",,118.66183816155939,,0,,,0.0,0.0,0.0,0.0,32.94649084939792,-11.113668166042721,False,False,False,True,False,
2024-04-15 17:00:00+00:00,111.3,111.68,109.93,109.97,4495.0,,118.23968213099054,"rgba(239, 83, 80, 1.0)",,118.23968213099054,,0,,,0.0,0.0,0.0,0.0,28.88163967107117,-14.836891865967424,False,True,False,True,False,
2024-04-16 17:00:00+00:00,109.37,109.85,108.75,109.2,6370.0,,117.63969094911039,"rgba(239, 83, 80, 1.0)",,117.63969094911039,,0,,,0.0,0.0,0.0,0.0,25.764009082675077,-17.67537654786505,False,True,False,True,False,
2024-04-17 17:00:00+00:00,107.74,109.44,107.74,109.15,3640.0,,117.31970441916818,"rgba(239, 83, 80, 1.0)",,117.31970441916818,,0,,,0.0,0.0,0.0,0.0,23.65767906648491,-19.654844757055578,False,True,False,True,False,
2024-04-18 17:00:00+00:00,107.86,107.945,106.25,107.03,6354.0,,116.72066439160093,"rgba(239, 83, 80, 1.0)",,116.72066439160093,,0,,,0.0,0.0,0.0,0.0,21.15294616468548,-22.095411859253673,False,True,False,True,False,
2024-04-19 17:00:00+00:00,106.8,107.14,105.715,106.245,6675.0,,116.13164631582619,"rgba(239, 83, 80, 1.0)",,116.13164631582619,,0,,,0.0,0.0,0.0,0.0,19.12766410101976,-24.147165283850402,False,True,False,True,False,0.0
2024-04-22 17:00:00+00:00,107.48,108.6,107.48,108.55,11429.0,,115.44742981272199,"rgba(239, 83, 80, 1.0)",,115.44742981272199,,0,,,0.0,0.0,0.0,0.0,22.847981213098876,-24.147165283850402,False,True,False,True,True,0.0
2024-04-23 17:00:00+00:00,109.745,110.19,109.67,109.96,5688.0,,115.22753589017776,"rgba(239, 83, 80, 1.0)",,115.22753589017776,,0,,,0.0,0.0,0.0,0.0,27.87823651643705,-29.21868594939241,False,True,False,True,True,0.0
2024-04-24 17:00:00+00:00,107.15,109.415,107.15,109.045,5349.0,,114.98438650855137,"rgba(239, 83, 80, 1.0)",,114.98438650855137,,0,,,0.0,0.0,0.0,0.0,30.293722416161327,-26.94369966746674,False,True,False,True,True,0.0
2024-04-25 17:00:00+00:00,108.185,109.32,107.395,107.48,10683.0,,114.51977973153973,"rgba(239, 83, 80, 1.0)",,114.51977973153973,,0,,,0.0,0.0,0.0,0.0,30.44171686031187,-26.610927539777236,False,True,False,True,True,0.0
2024-04-26 17:00:00+00:00,108.09,108.62,107.83,108.04,6644.0,,114.26791198152128,"rgba(239, 83, 80, 1.0)",,114.26791198152128,,0,,,0.0,0.0,0.0,0.0,31.645606591401155,-25.12706328832838,False,True,False,True,True,0.0
2024-04-29 17:00:00+00:00,106.925,107.22,106.23,107.08,17135.0,,113.58085229677363,"rgba(239, 83, 80, 1.0)",,113.58085229677363,,0,,,0.0,0.0,0.0,0.0,31.488800574253073,-24.849459418971964,False,True,False,True,True,0.0
2024-04-30 17:00:00+00:00,106.11,106.37,103.93,104.21,3068.0,,113.43796148583483,"rgba(239, 83, 80, 1.0)",,113.43796148583483,,0,,,0.0,0.0,0.0,0.0,29.08411065020965,-24.849459418971964,False,True,False,True,True,0.0
2024-05-01 17:00:00+00:00,104.39,106.085,104.155,104.6,7626.0,,113.10797061872967,"rgba(239, 83, 80, 1.0)",,113.10797061872967,,0,,,0.0,0.0,0.0,0.0,28.307157315109464,-24.849459418971964,False,True,False,True,False,0.0
2024-05-02 17:00:00+00:00,103.865,105.315,103.83,104.495,5034.0,,110.11179393172593,"rgba(239, 83, 80, 1.0)",,110.11179393172593,,0,,,0.0,0.0,0.0,0.0,27.701649764447318,-24.849459418971964,False,True,False,True,False,0.0
2024-05-03 17:00:00+00:00,107.47,108.705,106.87,107.93,13969.0,,110.70557917347736,"rgba(239, 83, 80, 1.0)",,110.70557917347736,,0,,,0.0,0.0,0.0,0.0,33.80093679004308,-21.651211258771546,False,True,False,True,True,0.0
2024-05-06 17:00:00+00:00,109.94,111.495,109.625,111.475,3853.0,,110.90770061787224,"rgba(38, 166, 154, 1.0)",,110.90770061787224,,0,,,0.0,0.0,0.0,0.0,42.10704845767944,-14.05175896510005,False,False,False,True,True,0.0
2024-05-07 17:00:00+00:00,112.655,112.87,111.5,111.83,6621.0,,111.23644794506556,"rgba(38, 166, 154, 1.0)",,111.23644794506556,,0,,,0.0,0.0,0.0,0.0,48.0001674302776,-8.953861592188034,True,False,False,False,True,0.0
2024-05-08 17:00:00+00:00,109.72,110.17,109.43,109.92,1711.0,,111.24625025312872,"rgba(38, 166, 154, 1.0)",,111.24625025312872,,0,,,0.0,0.0,0.0,0.0,49.23256458668371,-8.075484814323048,True,False,False,False,True,0.0
2024-05-09 17:00:00+00:00,111.78,112.9,111.58,112.79,4478.0,,111.4047681203155,"rgba(38, 166, 154, 1.0)",,111.4047681203155,,0,,,0.0,0.0,0.0,0.0,53.051213893589576,-4.572951504333808,True,False,True,False,True,0.0
2024-05-10 17:00:00+00:00,112.815,114.13,112.3,114.13,2164.0,,111.49585102503603,"rgba(38, 166, 154, 1.0)",,111.49585102503603,,0,,,0.0,0.0,0.0,0.0,56.764073328757156,-1.1287256347927013,True,False,True,False,True,0.0
2024-05-13 17:00:00+00:00,114.095,114.095,112.37,112.93,4075.0,,111.62643399193746,"rgba(38, 166, 154, 1.0)",,111.62643399193746,,0,,,0.0,0.0,0.0,0.0,57.477490182743466,-0.342863989663968,True,False,True,False,True,0.0
2024-05-14 17:00:00+00:00,113.25,113.585,113.11,113.31,2456.0,,111.69936759823163,"rgba(38, 166, 154, 1.0)",,111.69936759823163,,0,,,0.0,0.0,0.0,0.0,58.34348442335124,0.7957096601104823,True,False,True,False,True,0.0
2024-05-15 17:00:00+00:00,116.685,117.16,115.97,116.81,4494.0,,113.130192535172,"rgba(38, 166, 154, 1.0)",,113.130192535172,,0,,,0.0,0.0,0.0,0.0,61.95472983107524,4.522192339458378,True,False,True,False,True,0.0
2024-05-16 17:00:00+00:00,116.65,116.82,116.29,116.56,7759.0,,113.38523913001008,"rgba(38, 166, 154, 1.0)",,113.38523913001008,,0,,,0.0,0.0,0.0,0.0,63.94739943194908,6.686648333748806,True,False,True,False,True,0.0
2024-05-17 17:00:00+00:00,115.355,115.94,114.5,115.94,3398.0,,113.40090355557743,"rgba(38, 166, 154, 1.0)",,113.40090355557743,,0,,,0.0,0.0,0.0,0.0,64.19361697741788,7.308617460385342,True,False,True,False,True,0.0
2024-05-20 17:00:00+00:00,116.31,116.45,115.4,115.435,7514.0,,113.51408960521808,"rgba(38, 166, 154, 1.0)",,113.51408960521808,,0,,,0.0,0.0,0.0,0.0,63.45309636741147,7.308617460385342,True,False,True,False,True,0.0
2024-05-21 17:00:00+00:00,113.87,114.8,113.87,114.055,2034.0,,113.4971240253032,"rgba(38, 166, 154, 1.0)",,113.4971240253032,,0,,,0.0,0.0,0.0,0.0,60.59934294884932,7.308617460385342,True,False,True,False,False,0.0
2024-05-22 17:00:00+00:00,113.48,113.615,112.34,112.46,3052.0,,113.41807834351306,"rgba(38, 166, 154, 1.0)",,113.41807834351306,,0,,,0.0,0.0,0.0,0.0,56.33026753937703,12.534423645829555,True,False,True,False,False,0.0
2024-05-23 17:00:00+00:00,111.32,111.32,110.16,110.73,1951.0,,113.32188799561246,"rgba(38, 166, 154, 1.0)",,113.32188799561246,,0,,,0.0,0.0,0.0,0.0,51.3126961491582,7.780751962438451,True,False,False,False,False,0.0
2024-05-24 17:00:00+00:00,111.635,112.0,111.17,111.495,2439.0,,113.2412773175601,"rgba(38, 166, 154, 1.0)",6.080547693444421,113.2412773175601,-0.28719079359295246,0,,,0.0,0.0,0.0,0.0,49.21068998473667,5.799119994297605,True,False,False,True,False,0.0
2024-05-27 17:00:00+00:00,111.495,111.495,111.495,111.495,0.0,,113.2412773175601,"rgba(38, 166, 154, 1.0)",6.0366312558345765,113.2412773175601,-0.28928010401037385,0,,,0.0,0.0,0.0,0.0,47.809352541788975,4.351418580881884,True,False,False,True,False,0.0
2024-05-28 17:00:00+00:00,113.15,113.64,112.41,112.72,11762.0,,113.13076999320641,"rgba(38, 166, 154, 1.0)",6.006857867591131,113.13076999320641,-0.0683835046976302,0,,,0.0,0.0,0.0,0.0,48.965348314943355,4.351418580881884,True,False,False,False,False,0.0
2024-05-29 17:00:00+00:00,110.895,110.95,110.025,110.24,2749.0,,113.04623926423417,"rgba(38, 166, 154, 1.0)",5.9618317390450315,113.04623926423417,-0.4707008495150324,0,,,0.0,0.0,0.0,0.0,46.21223249255173,2.4867178637635803,True,False,False,True,False,0.0
2024-05-30 17:00:00+00:00,110.78,111.13,110.54,110.925,1096.0,,113.01957057380568,"rgba(38, 166, 154, 1.0)",5.794040101923934,113.01957057380568,-0.36150432806120425,0,,,0.0,0.0,0.0,0.0,45.56674466128189,1.5960316167509703,True,False,False,True,False,0.0
2024-05-31 17:00:00+00:00,110.48,112.36,110.48,112.185,4301.0,,112.95532763536201,"rgba(38, 166, 154, 1.0)",5.596798692431559,112.95532763536201,-0.13763718827402302,0,,,0.0,0.0,0.0,0.0,47.19417009626686,1.5960316167509703,True,False,False,True,False,0.0
2024-06-03 17:00:00+00:00,111.97,112.39,111.18,111.47,2562.0,,112.92128291593002,"rgba(38, 166, 154, 1.0)",5.389088013905657,112.92128291593002,-0.2693002808982197,0,,,0.0,0.0,0.0,0.0,47.168380223740044,1.5960316167509703,True,False,False,True,False,0.0
2024-06-04 17:00:00+00:00,111.51,111.51,109.75,110.33,1805.0,,112.88110243314068,"rgba(38, 166, 154, 1.0)",5.29236736823516,112.88110243314068,-0.482034268530266,0,,,0.0,0.0,0.0,0.0,45.48754457004412,0.6101122591906858,False,False,False,True,False,0.0
2024-06-05 17:00:00+00:00,110.535,111.015,109.77,110.18,5815.0,,112.7544806459673,"rgba(38, 166, 154, 1.0)",5.219547949084554,112.7544806459673,-0.4932382403765122,0,,,0.0,0.0,0.0,0.0,44.15020948887248,-0.9849886947630466,False,False,False,True,False,0.0
2024-06-06 17:00:00+00:00,109.5,109.62,108.525,108.525,5081.0,,112.60283258296944,"rgba(239, 83, 80, 1.0)",5.078035838094584,112.60283258296944,-0.803033439106162,0,,,0.0,0.0,0.0,0.0,41.03545134099518,-4.147833259087733,False,False,False,True,False,0.0
2024-06-07 17:00:00+00:00,106.465,107.0,106.145,106.82,2813.0,,111.3148529519436,"rgba(239, 83, 80, 1.0)",5.125542091304071,111.3148529519436,-0.8769517198131146,0,,,0.0,0.0,0.0,0.0,37.1363217995848,-7.880493768880086,False,True,False,True,False,0.0
2024-06-10 17:00:00+00:00,107.88,110.17,107.88,109.495,6060.0,,111.55078797951083,"rgba(239, 83, 80, 1.0)",5.129979079914492,111.55078797951083,-0.40074003177905576,0,,,0.0,0.0,0.0,0.0,39.650134097605196,-7.880493768880086,False,False,False,True,True,0.0
2024-06-11 17:00:00+00:00,107.825,109.58,107.825,109.535,4273.0,,111.51544546526932,"rgba(239, 83, 80, 1.0)",5.1352409638454874,111.51544546526932,-0.38565774794456475,0,,,0.0,0.0,0.0,0.0,41.39310785308574,-7.880493768880086,False,False,False,True,True,0.0
2024-06-12 17:00:00+00:00,113.51,113.51,111.09,111.59,6508.0,,111.7976016966498,"rgba(38, 166, 154, 1.0)",5.140620449284656,111.7976016966498,-0.04038456032650533,0,,,0.0,0.0,0.0,0.0,45.74768083449107,-9.736086058112065,False,False,False,True,True,0.0
2024-06-13 17:00:00+00:00,109.17,111.58,108.99,111.28,4639.0,,111.69728505669578,"rgba(38, 166, 154, 1.0)",5.14442356798571,111.69728505669578,-0.08111405508920062,0,,,0.0,0.0,0.0,0.0,48.13078155706497,-7.545936418708706,True,False,False,False,True,0.0
2024-06-14 17:00:00+00:00,109.725,110.72,109.21,110.585,4815.0,,111.6044235455427,"rgba(38, 166, 154, 1.0)",5.141005280808148,111.6044235455427,-0.19829264703312224,0,,,0.0,0.0,0.0,0.0,48.53150493078257,-7.081705356561066,True,False,False,False,True,0.0
2024-06-17 17:00:00+00:00,109.79,111.0,109.575,110.11,10103.0,,111.49717331184121,"rgba(38, 166, 154, 1.0)",5.131567400120741,111.49717331184121,-0.2703215613632144,0,,,0.0,0.0,0.0,0.0,47.98871442123193,-7.081705356561066,True,False,False,False,True,0.0
2024-06-18 17:00:00+00:00,110.18,110.28,109.08,109.625,6022.0,,111.40877752033482,"rgba(38, 166, 154, 1.0)",5.135485364396231,111.40877752033482,-0.3473435116185047,0,,,0.0,0.0,0.0,0.0,46.78967776777792,-7.081705356561066,False,False,False,True,True,0.0
2024-06-19 17:00:00+00:00,109.625,109.625,109.625,109.625,0.0,,111.40877752033482,"rgba(38, 166, 154, 1.0)",5.141443024908312,111.40877752033482,-0.34694102641867425,0,,,0.0,0.0,0.0,0.0,45.99031999880857,-7.081705356561066,False,False,False,True,False,0.0
2024-06-20 17:00:00+00:00,108.42,108.675,107.71,108.675,3704.0,,111.30720185694081,"rgba(38, 166, 154, 1.0)",5.14939162592214,111.30720185694081,-0.5111675413635764,0,,,0.0,0.0,0.0,0.0,43.72333101950026,-7.081705356561066,False,False,False,True,False,0.0
2024-06-21 17:00:00+00:00,108.87,109.29,108.45,109.07,6918.0,,111.18824654944571,"rgba(38, 166, 154, 1.0)",5.149897291899816,111.18824654944571,-0.4113182126520209,0,,,0.0,0.0,0.0,0.0,43.265415648196296,-7.081705356561066,False,False,False,True,False,0.0
2024-06-24 17:00:00+00:00,110.01,110.71,109.3,110.12,1857.0,,111.18013666958673,"rgba(38, 166, 154, 1.0)",5.137756588800768,111.18013666958673,-0.2063423307942617,0,,,0.0,0.0,0.0,0.0,45.544947541939266,-7.081705356561066,False,False,False,True,True,0.0
2024-06-25 17:00:00+00:00,109.385,110.21,109.03,109.305,7891.0,,111.11025229614707,"rgba(38, 166, 154, 1.0)",5.1065436531063755,111.11025229614707,-0.35351745109412747,0,,,0.0,0.0,0.0,0.0,45.30918074483859,-7.081705356561066,False,False,False,True,True,0.0
2024-06-26 17:00:00+00:00,108.23,109.01,108.02,108.92,2453.0,,111.07235144286888,"rgba(38, 166, 154, 1.0)",5.075648498929432,111.07235144286888,-0.4240544717237327,0,,,0.0,0.0,0.0,0.0,44.36130673392391,-7.081705356561066,False,True,False,True,True,0.0
2024-06-27 17:00:00+00:00,110.26,111.09,110.26,110.75,8012.0,,111.08790481302351,"rgba(38, 166, 154, 1.0)",5.015409477323376,111.08790481302351,-0.0673733250597609,0,,,0.0,0.0,0.0,0.0,47.9584641609171,-6.082449152910094,False,False,False,False,True,0.0
2024-06-28 17:00:00+00:00,110.78,111.87,110.66,111.69,5693.0,,111.12466275738932,"rgba(38, 166, 154, 1.0)",4.965028616449463,111.12466275738932,0.1138638437526185,0,,,0.0,0.0,0.0,0.0,52.04620448768643,-2.282863299490309,True,False,True,False,True,0.0
2024-07-01 17:00:00+00:00,108.69,108.965,107.12,107.51,1934.0,,111.08683933095199,"rgba(38, 166, 154, 1.0)",4.956150901330251,111.08683933095199,-0.7216970189491093,6,0.33189438437739743,1.9913663062643847,0.0,0.0,0.0,0.0,47.52070764149189,2.3135812647447267,False,False,False,True,False,0.0
2024-07-02 17:00:00+00:00,107.18,109.51,107.05,109.47,12276.0,,110.61416261856618,"rgba(38, 166, 154, 1.0)",4.908231839755809,110.61416261856618,-0.23311095643418267,7,0.3728688067722161,2.610081647405513,0.0,0.0,0.0,0.0,47.78619676163984,2.3135812647447267,False,False,False,True,False,0.0
2024-07-03 17:00:00+00:00,112.74,112.74,112.74,112.74,0.0,,110.61416261856618,"rgba(38, 166, 154, 1.0)",4.762077700649887,110.61416261856618,0.4464096377813608,7,0.37829990319389256,2.6480993223572478,0.0,0.0,0.0,0.0,51.942724058989356,2.3135812647447267,True,False,True,False,True,0.0
2024-07-04 17:00:00+00:00,112.74,112.74,112.74,112.74,0.0,,110.61416261856618,"rgba(38, 166, 154, 1.0)",4.543696140987148,110.61416261856618,0.46786521709877354,11,0.31062212244450077,3.4168433468895083,0.0,0.0,0.0,0.0,54.713742257222364,-0.7756245247842912,True,False,True,False,True,0.0
2024-07-05 17:00:00+00:00,112.37,113.44,111.59,111.72,8749.0,,110.90746350234448,"rgba(38, 166, 154, 1.0)",4.405176035177343,110.90746350234448,0.18445040360862758,11,0.3216334426604684,3.5379678692651524,0.0,0.0,0.0,0.0,54.882514235226,-0.5717607376025668,True,False,True,False,True,0.0
2024-07-08 17:00:00+00:00,112.07,113.05,111.96,112.8,3986.0,,111.00272779195947,"rgba(38, 166, 154, 1.0)",4.272292233441879,111.00272779195947,0.42068100912483497,11,0.3344903237686141,3.679393561454755,0.0,0.0,0.0,0.0,56.34643695699093,0.9863994687729942,True,False,True,False,True,0.0
2024-07-09 17:00:00+00:00,112.76,114.035,112.74,113.79,6722.0,,111.18295954237725,"rgba(38, 166, 154, 1.0)",4.1654184706984605,111.18295954237725,0.6258772020054946,11,0.342543232044483,3.767975552489313,0.0,0.0,0.0,0.0,58.4816169352096,3.1827749388493203,True,False,True,False,True,0.029370281077440552
2024-07-10 17:00:00+00:00,115.355,116.59,114.91,116.585,8880.0,,111.5394271199328,"rgba(38, 166, 154, 1.0)",3.9948296731045962,111.5394271199328,1.2630257840620305,11,0.3488725240994764,3.83759776509424,0.0,0.0,0.0,0.0,62.55407694245323,7.099107740011895,True,False,True,False,True,3.6251669903686015
2024-07-11 17:00:00+00:00,120.48,122.09,120.48,121.79,5191.0,,111.91854885827856,"rgba(38, 166, 154, 1.0)",3.9756605853731966,111.91854885827856,2.482971302439495,11,0.3565124991998493,3.921637491198342,0.0,0.0,0.0,0.0,68.28615135977734,12.376252071809375,True,False,True,False,True,9.58701356110063
2024-07-12 17:00:00+00:00,123.34,124.815,123.14,123.65,3576.0,,112.21423452556891,"rgba(38, 166, 154, 1.0)",4.025237340660611,112.21423452556891,2.8410164436550436,11,0.35145339830470435,3.865987381351748,0.0,0.0,0.0,0.0,72.85317987569266,16.43181845291484,True,False,True,False,True,11.520474905783988
2024-07-15 17:00:00+00:00,125.085,125.81,124.51,124.88,11418.0,,113.10773603779239,"rgba(38, 166, 154, 1.0)",4.20943247228633,113.10773603779239,2.7966392238651507,11,0.34454369420938424,3.789980636303227,0.0,0.0,0.0,0.0,76.35383772580964,19.51192920865293,True,False,True,False,True,12.761825492631182
2024-07-16 17:00:00+00:00,127.485,129.49,127.235,129.35,9693.0,,113.9371496126616,"rgba(38, 166, 154, 1.0)",4.601213485651411,113.9371496126616,3.3497359849531825,11,0.33048906216746227,3.635379683842085,0.0,0.0,0.0,0.0,80.00211450468943,22.79990450992851,True,False,True,False,True,16.96996341292163
2024-07-17 17:00:00+00:00,129.0,130.44,128.32,129.91,14560.0,,115.04047379202392,"rgba(38, 166, 154, 1.0)",4.969760750671887,115.04047379202392,2.9920004108780875,11,0.31633071824336784,3.479637900677046,0.0,0.0,0.0,0.0,82.57110333673937,25.169489912897205,True,False,True,False,True,17.467245385562983
2024-07-18 17:00:00+00:00,130.31,131.19,129.15,129.975,18724.0,,116.23762931650928,"rgba(38, 166, 154, 1.0)",5.334533826319226,116.23762931650928,2.5751773502145654,8,0.3809397374922141,3.047517899937713,0.0,0.0,0.0,0.0,84.30097665047046,26.89482223759687,True,False,True,False,True,17.52557964987345
2024-07-19 17:00:00+00:00,131.58,131.69,130.54,130.615,4453.0,,116.50427671974803,"rgba(38, 166, 154, 1.0)",5.698495356172911,116.50427671974803,2.4762191417716073,8,0.36675376946694277,2.934030155735542,0.0,0.0,0.0,0.0,85.63565933635665,28.38937659842928,True,False,True,False,True,18.105170999556062
2024-07-22 17:00:00+00:00,130.85,131.75,130.605,131.66,4156.0,,116.74942907284914,"rgba(38, 166, 154, 1.0)",6.074086030680505,116.74942907284914,2.454784283896678,8,0.3528249400758964,2.822599520607171,0.0,0.0,0.0,0.0,86.81985438071781,29.847321319836993,True,False,True,False,True,19.04531417428391
2024-07-23 17:00:00+00:00,131.9,133.11,131.65,132.95,3777.0,,116.98342747478137,"rgba(38, 166, 154, 1.0)",6.461240632689163,116.98342747478137,2.471131077279403,8,0.3383436797205583,2.7067494377644663,0.0,0.0,0.0,0.0,87.95141926213262,31.319830828855345,True,False,True,False,True,20.0
2024-07-24 17:00:00+00:00,133.185,133.49,130.715,131.11,5675.0,,117.30055033591384,"rgba(38, 166, 154, 1.0)",6.795974480833792,117.30055033591384,2.032004343605467,8,0.32795953192634475,2.623676255410758,0.0,0.0,0.0,0.0,84.73074756959832,31.319830828855345,True,False,True,False,False,17.442793694154176
2024-07-25 17:00:00+00:00,137.52,138.44,136.08,136.1,16288.0,,118.44278887269677,"rgba(38, 166, 154, 1.0)",7.298972453289155,118.44278887269677,2.4191365620713245,8,0.31249809488456326,2.499984759076506,0.0,0.0,0.0,0.0,84.66344464104554,31.319830828855345,True,False,True,False,False,20.0
2024-07-26 17:00:00+00:00,139.39,140.03,138.985,139.39,9224.0,,119.10922807441925,"rgba(38, 166, 154, 1.0)",7.894275532890226,119.10922807441925,2.5690478931327103,8,0.29507909353406947,2.3606327482725558,0.0,0.0,0.0,0.0,85.52473039942518,31.319830828855345,True,False,True,False,False,20.0
2024-07-29 17:00:00+00:00,138.175,138.6,136.82,136.92,15233.0,,120.00094097137084,"rgba(38, 166, 154, 1.0)",8.324243642831782,120.00094097137084,2.0325040633810114,8,0.2831780288144879,2.265424230515903,0.0,0.0,0.0,0.0,82.3406414619099,31.319830828855345,True,False,True,False,False,20.0
2024-07-30 17:00:00+00:00,134.66,135.31,134.035,134.095,14559.0,,120.62342669024686,"rgba(38, 166, 154, 1.0)",8.619324546078468,120.62342669024686,1.5629500012135287,8,0.2754706115632885,2.203764892506308,0.0,0.0,0.0,0.0,76.60743037630012,32.42814463621113,True,False,True,False,False,16.98807708522924
2024-07-31 17:00:00+00:00,134.635,136.865,134.065,134.57,26495.0,,121.66626418772626,"rgba(38, 166, 154, 1.0)",8.905810324756573,121.66626418772626,1.4489120407610345,8,0.2680823863163403,2.1446590905307223,0.0,0.0,0.0,0.0,73.09042652513082,29.189711378713653,True,False,True,False,False,17.37606783313362
2024-08-01 17:00:00+00:00,137.17,140.27,136.96,140.27,52129.0,,125.742108682951,"rgba(38, 166, 154, 1.0)",9.334637561544943,125.742108682951,1.5563423026618883,8,0.25687607505285454,2.0550086004228363,0.0,0.0,0.0,0.0,73.70709138072922,29.189711378713653,True,False,True,False,False,20.0
2024-08-02 17:00:00+00:00,134.87,136.325,133.785,136.15,12179.0,,125.92567200173957,"rgba(38, 166, 154, 1.0)",9.583851556532897,125.92567200173957,1.0668287105606256,8,0.249968991427736,1.999751931421888,0.0,0.0,0.0,0.0,69.73469081110139,25.98081276169006,True,False,True,False,False,16.62265555177842
2024-08-05 17:00:00+00:00,134.61,134.61,131.58,132.0,11967.0,,125.99913484858925,"rgba(38, 166, 154, 1.0)",9.733302640794529,125.99913484858925,0.6165291857113054,8,0.24595372810814978,1.9676298248651982,0.0,0.0,0.0,0.0,63.670083902422554,20.36937003426476,False,False,True,False,False,11.899644397126032
2024-08-06 17:00:00+00:00,134.005,135.895,133.92,134.05,5514.0,,126.07798176281553,"rgba(38, 166, 154, 1.0)",9.930909445031,126.07798176281553,0.8027480545775534,8,0.24121001653628027,1.9296801322902422,0.0,0.0,0.0,0.0,60.99029076266046,17.97960983920744,False,False,True,False,False,13.497682986470736
2024-08-07 17:00:00+00:00,133.965,134.18,131.4,131.43,3389.0,,126.09971836836377,"rgba(38, 166, 154, 1.0)",10.048728115475077,126.09971836836377,0.5304434123784867,8,0.23845681565747776,1.907654525259822,0.0,0.0,0.0,0.0,57.19705838795908,14.47174902352539,False,False,True,False,False,10.668267070459564
2024-08-08 17:00:00+00:00,134.175,135.05,134.1,134.145,3241.0,,126.14489515648097,"rgba(38, 166, 154, 1.0)",10.196063812583311,126.14489515648097,0.7846267923162502,8,0.23496521910803633,1.8797217528642907,0.0,0.0,0.0,0.0,56.54984883012224,13.780910593821936,False,True,True,False,False,12.772012167926224
2024-08-09 17:00:00+00:00,134.17,134.975,133.43,133.565,6496.0,,126.22610509252426,"rgba(38, 166, 154, 1.0)",10.32318024318737,126.22610509252426,0.7109141499606121,8,0.23142044653061217,1.8513635722448973,0.0,0.0,0.0,0.0,55.635496459153636,12.640828511407584,False,True,True,False,False,12.150755437767597
2024-08-12 17:00:00+00:00,131.345,133.575,131.34,132.21,7450.0,,126.95867765873125,"rgba(38, 166, 154, 1.0)",10.398100581486192,126.95867765873125,0.5050270768315835,8,0.2285674497457229,1.8285395979657832,0.0,0.0,0.0,0.0,53.86974782168589,10.62697444027117,False,True,True,False,False,10.704634595404293
2024-08-13 17:00:00+00:00,135.025,137.165,135.0,135.95,12043.0,,127.41131027848188,"rgba(38, 166, 154, 1.0)",10.494246460979685,127.41131027848188,0.8136543917914604,7,0.24215341325001627,1.6950738927501139,0.0,0.0,0.0,0.0,55.453498823747466,10.62697444027117,False,True,True,False,False,13.57530081666221
2024-08-14 17:00:00+00:00,136.03,137.025,135.72,136.095,6310.0,,127.56154208175309,"rgba(38, 166, 154, 1.0)",10.582592906780057,127.56154208175309,0.8063673991257561,6,0.2357435371087557,1.4144612226525342,0.0,0.0,0.0,0.0,56.60894498933837,10.62697444027117,False,True,True,False,False,13.683606178957238
2024-08-15 17:00:00+00:00,136.41,137.09,136.16,136.69,13213.0,,127.8464665510092,"rgba(38, 166, 154, 1.0)",10.664822828953795,127.8464665510092,0.8292246004295165,6,0.2315133284683947,1.3890799708103683,0.0,0.0,0.0,0.0,57.82103980777943,10.62697444027117,False,True,True,False,True,14.132984190973215
2024-08-16 17:00:00+00:00,138.06,138.205,137.55,138.03,6369.0,,128.00625811291698,"rgba(38, 166, 154, 1.0)",10.815560005160453,128.00625811291698,0.9267889857113611,6,0.22696206147850195,1.3617723688710117,0.0,0.0,0.0,0.0,59.63047707933289,10.62697444027117,False,True,True,False,True,15.141134875592424
2024-08-19 17:00:00+00:00,139.59,140.6,139.44,140.52,7312.0,,128.2473861969713,"rgba(38, 166, 154, 1.0)",11.052599463107907,128.2473861969713,1.1103825705430705,5,0.24560297552210955,1.2280148776105477,0.0,0.0,0.0,0.0,62.507942884705464,7.033757272905888,False,False,True,False,True,16.963816267019023
2024-08-20 17:00:00+00:00,138.88,139.74,138.06,139.235,3579.0,,128.33892217199661,"rgba(38, 166, 154, 1.0)",11.2440085438929,128.33892217199661,0.9690563454722314,5,0.24054944558373056,1.2027472279186529,0.0,0.0,0.0,0.0,62.75633594533414,7.5426224152424695,False,False,True,False,True,15.512478676041361
2024-08-21 17:00:00+00:00,139.78,140.915,139.66,140.8,1837.0,,128.3956798408594,"rgba(38, 166, 154, 1.0)",11.435401129037123,128.3956798408594,1.0847297807195568,5,0.2352165530687153,1.1760827653435766,0.0,0.0,0.0,0.0,64.0410692687909,9.074133079850284,False,False,True,False,True,16.65674535064985
2024-08-22 17:00:00+00:00,142.33,142.595,141.695,142.59,2478.0,,128.48888849142602,"rgba(38, 166, 154, 1.0)",11.683665523416213,128.48888849142602,1.2069081813676332,5,0.2295131714004846,1.147565857002423,0.0,0.0,0.0,0.0,66.06838129105945,11.255328845786273,False,False,True,False,True,17.937785126227432
2024-08-23 17:00:00+00:00,145.08,145.49,144.06,145.185,4224.0,,128.68479583506706,"rgba(38, 166, 154, 1.0)",11.991674514331155,128.68479583506706,1.3759716497653163,5,0.2231894449204322,1.115947224602161,0.0,0.0,0.0,0.0,68.87835930358072,14.075316750813514,False,False,True,False,True,19.732918611881864
2024-08-26 17:00:00+00:00,145.27,145.89,144.84,144.955,6159.0,,130.58680404460844,"rgba(38, 166, 154, 1.0)",12.261215145606437,130.58680404460844,1.1718411091204226,5,0.21756612383020785,1.0878306191510392,0.0,0.0,0.0,0.0,70.39428636170497,15.638179136439831,True,False,True,False,True,19.464149386441328
2024-08-27 17:00:00+00:00,144.94,145.5,144.68,145.13,4515.0,,130.75063505254246,"rgba(38, 166, 154, 1.0)",12.518198573018221,130.75063505254246,1.1486768534292846,5,0.21238585193847764,1.0619292596923882,0.0,0.0,0.0,0.0,71.51269920089342,16.865033590321374,True,False,True,False,True,19.586211420406674
2024-08-28 17:00:00+00:00,143.965,144.03,142.75,142.82,3067.0,,130.79849365174812,"rgba(38, 166, 154, 1.0)",12.730189775872619,130.79849365174812,0.9443304899535824,4,0.16944828998906147,0.6777931599562459,0.0,0.0,0.0,0.0,68.49574038664467,16.865033590321374,False,False,True,False,False,16.866564620217684
2024-08-29 17:00:00+00:00,143.78,143.95,142.385,142.53,2948.0,,130.850893301574,"rgba(38, 166, 154, 1.0)",12.921656118580504,130.850893301574,0.9038397703241934,4,0.16671704065798315,0.6668681626319326,0.0,0.0,0.0,0.0,66.04388942062029,20.82505210112936,False,False,True,False,False,16.529428435120078
2024-08-30 17:00:00+00:00,142.07,144.41,142.07,144.24,3820.0,,130.94795983771272,"rgba(38, 166, 154, 1.0)",13.132457366635107,130.94795983771272,1.0121517847876385,4,0.16382219890194524,0.655288795607781,0.0,0.0,0.0,0.0,66.00367535464105,20.65336362018438,False,False,True,False,False,17.79262788344703
2024-09-02 17:00:00+00:00,144.24,144.24,144.24,144.24,0.0,,130.94795983771272,"rgba(38, 166, 154, 1.0)",13.325116425974223,130.94795983771272,0.9975177504924119,4,0.1614257492085588,0.6457029968342352,0.0,0.0,0.0,0.0,65.97686597732155,20.359104024397027,False,True,True,False,False,17.79262788344703
2024-09-03 17:00:00+00:00,141.82,141.88,139.96,140.72,5479.0,,130.9882591115326,"rgba(38, 166, 154, 1.0)",13.425541570434387,130.9882591115326,0.7248676589627149,4,0.16003665767119418,0.6401466306847767,0.0,0.0,0.0,0.0,60.62343166261944,15.194555479462693,False,True,True,False,False,13.686011698097907
2024-09-04 17:00:00+00:00,141.105,141.11,140.015,140.39,5381.0,,131.03752686996788,"rgba(38, 166, 154, 1.0)",13.492877675758253,131.03752686996788,0.693141474693354,4,0.15883847917978333,0.6353539167191333,0.0,0.0,0.0,0.0,56.63901629998546,11.546623593069747,False,True,True,False,False,13.312128290401219
2024-09-05 17:00:00+00:00,141.05,141.15,140.095,140.095,2708.0,,131.0665612016921,"rgba(38, 166, 154, 1.0)",13.522453199124968,131.0665612016921,0.6676627876140193,3,0.17752051632531662,0.5325615489759499,0.0,0.0,0.0,0.0,53.58533164661366,8.817352538106022,False,True,True,False,False,12.973816990741103
2024-09-06 17:00:00+00:00,138.05,139.53,137.71,139.53,3706.0,,131.79257885993297,"rgba(38, 166, 154, 1.0)",13.542723795189632,131.79257885993297,0.5713341907493791,3,0.17698055954627526,0.5309416786388258,0.0,0.0,0.0,0.0,50.756115715691735,6.26940206759776,False,True,False,False,False,12.320068683871035
2024-09-09 17:00:00+00:00,143.26,143.34,142.11,142.57,5371.0,,132.11232550576077,"rgba(38, 166, 154, 1.0)",13.599967565872925,132.11232550576077,0.7689484878244263,3,0.17564920110844842,0.5269476033253453,0.0,0.0,0.0,0.0,53.13068484414583,6.26940206759776,False,True,True,False,True,14.777139000748026
2024-09-10 17:00:00+00:00,140.465,141.685,140.27,141.675,4650.0,,132.1840024029781,"rgba(38, 166, 154, 1.0)",13.64634778616256,132.1840024029781,0.6954972675286647,3,0.17445641477860555,0.5233692443358167,0.0,0.0,0.0,0.0,53.33251862820186,6.26940206759776,False,True,True,False,True,13.732193436420797
2024-09-11 17:00:00+00:00,141.855,142.73,141.845,142.645,1459.0,,132.2240603497454,"rgba(38, 166, 154, 1.0)",13.660803967081513,132.2240603497454,0.7628350187416483,3,0.1733134581971678,0.5199403745915034,0.0,0.0,0.0,0.0,54.70510459088351,6.26940206759776,False,True,True,False,True,14.510818247545686
2024-09-12 17:00:00+00:00,142.71,143.81,142.61,143.56,2828.0,,132.3197301373924,"rgba(38, 166, 154, 1.0)",13.687158167848972,132.3197301373924,0.8212274399671143,3,0.1723353972670334,0.5170061918011002,0.0,0.0,0.0,0.0,56.73363750997542,1.3526105941843412,False,True,True,False,True,15.2418168973117
2024-09-13 17:00:00+00:00,145.635,146.77,145.635,146.695,3715.0,,132.52309494282505,"rgba(38, 166, 154, 1.0)",13.774343779271403,132.52309494282505,1.0288624477706019,3,0.17078978072147666,0.51236934216443,0.0,0.0,0.0,0.0,61.122188019855365,5.5857362726371775,False,True,True,False,True,17.66426576472298
2024-09-16 17:00:00+00:00,146.99,147.995,146.73,147.67,2651.0,,132.67299163298523,"rgba(38, 166, 154, 1.0)",13.853159403849789,132.67299163298523,1.0825695373755024,2,0.204378467820398,0.408756935640796,0.0,0.0,0.0,0.0,64.80210999115558,9.019652224582757,False,False,True,False,True,18.392501841583883
2024-09-17 17:00:00+00:00,144.22,145.71,143.965,144.96,5770.0,,132.85952277585972,"rgba(38, 166, 154, 1.0)",13.847361378405187,132.85952277585972,0.8738471462881626,2,0.20403763435854771,0.40807526871709543,0.0,0.0,0.0,0.0,62.677525150072334,9.019652224582757,False,True,True,False,True,15.14516132303546
2024-09-18 17:00:00+00:00,144.75,147.98,144.48,145.18,4754.0,,133.0285359560273,"rgba(38, 166, 154, 1.0)",13.826825117134572,133.0285359560273,0.8788325549091013,2,0.20374324260042231,0.40748648520084463,0.0,0.0,0.0,0.0,61.4978766378876,9.019652224582757,False,True,True,False,False,15.317068213545717
2024-09-19 17:00:00+00:00,148.62,149.03,148.0,148.9,2395.0,,133.14726267619966,"rgba(38, 166, 154, 1.0)",13.824031058693244,133.14726267619966,1.1395183689126795,2,0.2027835074091731,0.4055670148183462,0.0,0.0,0.0,0.0,64.05224343586065,9.019652224582757,False,False,True,False,False,18.135017131211377
2024-09-20 17:00:00+00:00,149.98,150.38,148.83,149.03,27906.0,,134.33645723969127,"rgba(38, 166, 154, 1.0)",13.765775836740596,134.33645723969127,1.067396631658925,2,0.20134007968269813,0.40268015936539625,0.0,0.0,0.0,0.0,65.85333454299277,10.017183782983238,False,False,True,False,True,18.23059814279467
2024-09-23 17:00:00+00:00,148.39,149.14,148.36,148.925,1267.0,,134.37814237248983,"rgba(38, 166, 154, 1.0)",13.739889771972335,134.37814237248983,1.0587317561443583,2,0.19955873457894696,0.3991174691578939,0.0,0.0,0.0,0.0,66.8548687562948,11.187358810273686,True,False,True,False,True,18.101623647834757
2024-09-24 17:00:00+00:00,149.845,151.27,149.645,150.775,5680.0,,134.59933897979866,"rgba(38, 166, 154, 1.0)",13.72930209672244,134.59933897979866,1.1781852352176676,2,0.1974864575119034,0.3949729150238068,0.0,0.0,0.0,0.0,69.0349494554824,13.48406195833595,True,False,True,False,True,19.48242811250861
2024-09-25 17:00:00+00:00,150.6,150.93,149.45,149.56,8451.0,,134.88872764294598,"rgba(38, 166, 154, 1.0)",13.715504448589689,134.88872764294598,1.0696852173426703,2,0.19616506586471863,0.39233013172943726,0.0,0.0,0.0,0.0,68.11072853406127,13.48406195833595,True,False,True,False,True,17.970415017267896
2024-09-26 17:00:00+00:00,151.8,151.85,150.88,151.2,1620.0,,134.94993271486152,"rgba(38, 166, 154, 1.0)",13.706720090840589,134.94993271486152,1.185554762732585,2,0.19425405658331418,0.38850811316662837,0.0,0.0,0.0,0.0,68.94077864138072,13.85572447342583,True,False,True,False,True,19.200337037169486
2024-09-27 17:00:00+00:00,149.88,149.88,148.02,148.33,4407.0,,135.0713555987751,"rgba(38, 166, 154, 1.0)",13.612488039687497,135.0713555987751,0.9740059541333693,2,0.19294204711562318,0.38588409423124637,0.0,0.0,0.0,0.0,64.73969529566656,13.85572447342583,True,False,True,False,False,15.7070801334173
2024-09-30 17:00:00+00:00,151.25,151.94,150.37,151.76,5045.0,,135.2522562578745,"rgba(38, 166, 154, 1.0)",13.547195880189408,135.2522562578745,1.218535842259829,2,0.19123068653311814,0.3824613730662363,0.0,0.0,0.0,0.0,65.04784484284835,13.85572447342583,True,False,True,False,False,18.27249665368734
2024-10-01 17:00:00+00:00,151.87,152.39,150.71,151.99,7385.0,,135.51316240111572,"rgba(38, 166, 154, 1.0)",13.451225131918445,135.51316240111572,1.22493211118639,2,0.1895974574820763,0.3791949149641526,0.0,0.0,0.0,0.0,65.43478187450859,13.85572447342583,True,False,True,False,False,18.439941790069476
2024-10-02 17:00:00+00:00,152.62,154.11,152.21,153.17,9202.0,,137.30409015943346,"rgba(38, 166, 154, 1.0)",13.352623362383238,137.30409015943346,1.188224172132622,2,0.18751179469685447,0.37502358939370894,0.0,0.0,0.0,0.0,66.63726731395374,13.85572447342583,True,False,True,False,False,19.300652233832693
2024-10-03 17:00:00+00:00,147.96,149.11,147.21,149.11,10262.0,,137.29842693029138,"rgba(38, 166, 154, 1.0)",13.133506724858254,137.29842693029138,0.8993464820292395,2,0.18635265962919773,0.37270531925839545,0.0,0.0,0.0,0.0,61.79941833706777,16.463064636443235,False,False,True,False,False,14.517929503500575
2024-10-04 17:00:00+00:00,148.025,148.415,147.325,147.415,4988.0,,137.33176200866563,"rgba(38, 166, 154, 1.0)",12.875072830372362,137.33176200866563,0.7831596857105109,2,0.18562045789167037,0.37124091578334073,0.0,0.0,0.0,0.0,56.78090922287116,11.85950390062471,False,True,True,False,False,12.624694106221284
2024-10-07 17:00:00+00:00,147.35,147.66,145.21,145.33,4169.0,,138.00544956443468,"rgba(239, 83, 80, 1.0)",12.595095418598818,138.00544956443468,0.5815398924846074,2,0.18531039289408505,0.3706207857881701,0.0,0.0,0.0,0.0,51.48788819716737,7.158208152543132,False,True,False,False,False,10.358731083381617
2024-10-08 17:00:00+00:00,146.405,147.72,146.1,147.72,3140.0,,138.0680644038993,"rgba(239, 83, 80, 1.0)",12.294887604130574,138.0680644038993,0.7850365051615464,2,0.18491355355763114,0.3698271071152623,0.0,0.0,0.0,0.0,50.693476379519,6.595128896122773,False,True,False,False,False,12.256574149629529
2024-10-09 17:00:00+00:00,150.09,150.27,148.16,149.345,7800.0,,138.3195800568199,"rgba(239, 83, 80, 1.0)",11.97515192515887,138.3195800568199,0.9206914460948553,2,0.18457892644318602,0.36915785288637204,0.0,0.0,0.0,0.0,51.79215942398913,6.595128896122773,False,True,False,False,False,13.509111206396678
2024-10-10 17:00:00+00:00,147.63,148.105,146.7,147.69,2448.0,,138.3410460574314,"rgba(239, 83, 80, 1.0)",11.65700114689642,138.3410460574314,0.8020033475811802,2,0.1848404387239822,0.3696808774479644,0.0,0.0,0.0,0.0,50.74162221973618,6.547230424851179,False,True,False,False,False,11.710194426876079
2024-10-11 17:00:00+00:00,148.97,149.84,148.97,149.53,4351.0,,138.44629489392284,"rgba(239, 83, 80, 1.0)",11.362024977731759,138.44629489392284,0.975504377767161,2,0.184833329052441,0.369666658104882,0.0,0.0,0.0,0.0,51.92881297929742,6.547230424851179,False,True,False,False,False,13.136624400257485
2024-10-14 17:00:00+00:00,148.98,149.97,148.53,149.57,4286.0,,138.53782039451062,"rgba(239, 83, 80, 1.0)",10.889890065958177,138.53782039451062,1.0130662053215758,2,0.18493399396082155,0.3698679879216431,0.0,0.0,0.0,0.0,52.76123621432137,6.547230424851179,False,True,True,False,False,13.167537981990122
2024-10-15 17:00:00+00:00,149.755,150.04,149.48,150.04,7103.0,,138.69835473485625,"rgba(239, 83, 80, 1.0)",10.449123923361796,138.69835473485625,1.0854159016897555,2,0.18489476768348684,0.3697895353669737,0.0,0.0,0.0,0.0,53.83766733384056,6.547230424851179,False,True,True,False,True,13.535793938169117
2024-10-16 17:00:00+00:00,150.53,150.6,149.54,149.63,3635.0,,138.7762264436076,"rgba(239, 83, 80, 1.0)",10.076840266510278,138.7762264436076,1.0771008837427138,2,0.1854212510681773,0.3708425021363546,0.0,0.0,0.0,0.0,53.94703183304911,6.547230424851179,False,True,True,False,True,13.06890267335191
2024-10-17 17:00:00+00:00,150.44,151.01,149.83,150.19,4633.0,,138.88116364449874,"rgba(239, 83, 80, 1.0)",9.673004025321202,138.88116364449874,1.1691131654548996,2,0.18587870727244207,0.37175741454488415,0.0,0.0,0.0,0.0,54.748554675234914,6.547230424851179,False,True,True,False,True,13.520762188346307
2024-10-18 17:00:00+00:00,151.51,151.57,150.89,151.175,2821.0,,138.9546043868035,"rgba(239, 83, 80, 1.0)",9.197767170293309,138.9546043868035,1.3286263271226948,2,0.18610757497737804,0.3722151499547561,0.0,0.0,0.0,0.0,56.537523493380576,6.547230424851179,False,True,True,False,True,14.315447052590482
2024-10-21 17:00:00+00:00,149.625,149.79,148.56,149.25,5069.0,,139.03320759254547,"rgba(239, 83, 80, 1.0)",8.683267699774811,139.03320759254547,1.1766068674491623,2,0.18684969383723954,0.3736993876744791,0.0,0.0,0.0,0.0,54.536570397026864,6.547230424851179,False,True,True,False,False,12.07100472575323
2024-10-22 17:00:00+00:00,147.67,148.46,147.5,147.805,3363.0,,139.0653258464726,"rgba(239, 83, 80, 1.0)",8.134674031798099,139.0653258464726,1.0743730012246815,2,0.1881097174583699,0.3762194349167398,0.0,0.0,0.0,0.0,51.20441903377038,5.35723830996924,False,True,False,False,False,10.426684262591404
2024-10-23 17:00:00+00:00,148.59,148.74,146.93,147.81,4176.0,,139.10444861761272,"rgba(239, 83, 80, 1.0)",7.649699462977664,139.7274641925451,1.0565821371900985,2,0.18954342953618905,0.3790868590723781,0.0,0.0,0.0,0.0,48.99151734340492,3.266481969709794,False,True,False,False,False,10.430989658731722
2024-10-24 17:00:00+00:00,152.86,155.06,152.82,154.79,13728.0,,139.5723652567336,"rgba(38, 166, 154, 1.0)",7.4484697672663565,140.51229269690435,1.9168645036114127,2,0.19045490228059062,0.38090980456118123,0.0,0.0,0.0,0.0,55.28158836568753,0.4704421981387483,False,True,True,False,True,16.031639555497065
2024-10-25 17:00:00+00:00,155.325,155.37,154.28,155.345,3490.0,,139.69098211444222,"rgba(38, 166, 154, 1.0)",7.295653402991659,140.6488521179711,2.0143703476925845,2,0.19187031184790948,0.38374062369581896,0.0,0.0,0.0,0.0,59.86309080228068,4.4430840513784275,False,False,True,False,True,16.44373625696012
2024-10-28 17:00:00+00:00,154.08,154.57,153.2,153.88,3066.0,,139.77954949368078,"rgba(38, 166, 154, 1.0)",7.124307585764663,140.73809634194004,1.8446569719026833,2,0.19313716066811806,0.3862743213362361,0.0,0.0,0.0,0.0,60.682424766793375,5.00761411612973,True,False,True,False,True,14.754253779235587
2024-10-29 17:00:00+00:00,151.285,154.07,151.285,154.03,4053.0,,139.88240097573075,"rgba(38, 166, 154, 1.0)",7.067895604087382,140.83288170710722,1.8671920232184605,2,0.19457480385568832,0.38914960771137663,0.0,0.0,0.0,0.0,61.3676223594041,5.688209879658629,True,False,True,False,True,14.870322757351321
2024-10-30 17:00:00+00:00,155.5,155.76,154.75,154.83,3481.0,,141.07219359024307,"rgba(38, 166, 154, 1.0)",7.02723510145909,141.89394652296053,1.840845409363566,2,0.19560432925831248,0.39120865851662495,0.0,1.0,155.76,386.0,62.59770447469965,7.019515112002075,True,False,True,False,True,15.494232100132496
2024-10-31 17:00:00+00:00,153.11,153.53,152.305,152.935,3458.0,,141.06888950695202,"rgba(38, 166, 154, 1.0)",6.934560072954382,141.88777293155033,1.5930681906607436,2,0.19721511043946663,0.39443022087893326,0.0,0.0,0.0,0.0,60.33186943587937,7.019515112002075,True,False,True,False,True,13.280174322025196
2024-11-01 17:00:00+00:00,153.0,153.16,151.42,152.125,3595.0,,141.0936249160331,"rgba(38, 166, 154, 1.0)",6.830385213307516,141.90400241193458,1.4964013403156282,2,0.19933768913297673,0.39867537826595345,0.0,0.0,0.0,0.0,57.630071746124244,7.019515112002075,False,False,True,False,False,12.34805604466169
2024-11-04 17:00:00+00:00,153.795,154.75,153.695,153.9,5879.0,,141.25308828977847,"rgba(38, 166, 154, 1.0)",6.770800881475136,142.06038735019897,1.7486280954139617,2,0.20155158383171912,0.40310316766343823,0.0,0.0,0.0,0.0,58.0003251584792,7.019515112002075,False,False,True,False,False,13.79314690984209
2024-11-05 17:00:00+00:00,145.69,148.94,144.95,148.94,22886.0,,141.11394824320973,"rgba(239, 83, 80, 1.0)",6.660173679525888,141.80109349780065,1.0718799307208964,2,0.20490955484444773,0.40981910968889546,0.0,0.0,0.0,0.0,52.37216089268635,7.9570183269784565,False,True,False,False,False,8.313729038318655
2024-11-06 17:00:00+00:00,141.785,147.53,141.17,147.25,11216.0,,141.32007512928618,"rgba(239, 83, 80, 1.0)",6.480338323945814,141.89724263981202,0.8259996766540328,2,0.20880694782917858,0.41761389565835716,0.0,0.0,0.0,0.0,47.20636032233172,3.234953516638896,False,True,False,True,False,6.563756846468767
2024-11-07 17:00:00+00:00,151.16,151.93,150.38,151.03,3850.0,,141.48063423577292,"rgba(239, 83, 80, 1.0)",6.441633584988465,142.04938855749253,1.3941512388155415,2,0.21295432244650064,0.4259086448930013,0.0,0.0,0.0,0.0,48.09850058457979,3.234953516638896,False,True,False,True,False,9.69447188527872
2024-11-08 17:00:00+00:00,153.04,153.57,151.475,151.795,4352.0,,141.64713508289466,"rgba(239, 83, 80, 1.0)",6.4573794973643235,142.21078183696372,1.4842271802281732,2,0.21731448760910826,0.43462897521821653,0.0,0.0,0.0,0.0,49.441919363994025,3.234953516638896,False,True,False,False,True,10.305649299693698
2024-11-11 17:00:00+00:00,151.935,151.935,149.31,150.31,2248.0,,141.69349143263466,"rgba(239, 83, 80, 1.0)",6.413977667760524,142.25400985750173,1.2560053308247747,2,0.22201490136251023,0.44402980272502046,0.0,0.0,0.0,0.0,48.78856514752289,3.234953516638896,False,True,False,False,True,8.753058636612788
2024-11-12 17:00:00+00:00,148.885,149.48,148.045,149.32,3012.0,,141.72192424514787,"rgba(239, 83, 80, 1.0)",6.296070454750283,142.27717813401398,1.1186059489966982,2,0.2277735037159696,0.4555470074319392,0.0,0.0,0.0,0.0,47.36114236259061,3.0754425727409114,False,True,False,True,True,7.728779190395791
2024-11-13 17:00:00+00:00,148.79,149.54,147.64,148.88,3065.0,,141.74521731359758,"rgba(239, 83, 80, 1.0)",6.17758663918953,142.2951676571601,1.0659231067787642,2,0.2345143218105417,0.4690286436210834,0.0,0.0,0.0,0.0,45.95880177761824,1.4432221541876515,False,True,False,True,True,7.2724652895829145
2024-11-14 17:00:00+00:00,147.315,148.385,145.85,146.52,9541.0,,141.73551226429205,"rgba(239, 83, 80, 1.0)",6.146220190543044,142.265494817786,0.6922148979888915,2,0.2414868368093269,0.4829736736186538,0.0,0.0,0.0,0.0,42.79536852531736,-1.7703676814376905,False,True,False,True,False,4.8615709186802505
2024-11-15 17:00:00+00:00,144.66,145.3,143.555,144.48,3957.0,,141.6925658307934,"rgba(239, 83, 80, 1.0)",6.045289408791313,142.2121466902462,0.3751438775546124,2,0.24901664085156383,0.49803328170312766,0.0,0.0,0.0,0.0,39.09478818821211,-5.350360749889873,False,True,False,True,False,2.849372167823958
2024-11-18 17:00:00+00:00,144.79,144.95,144.105,144.7,7177.0,,141.63386547133075,"rgba(239, 83, 80, 1.0)",5.826396664328522,142.1361945635763,0.4400327653831565,1,0.1941077112941879,0.1941077112941879,0.0,0.0,0.0,0.0,36.98376288353614,-7.395301714636197,False,True,False,True,False,3.048869497090589
2024-11-19 17:00:00+00:00,145.315,145.33,143.475,143.65,3110.0,,141.60747430902694,"rgba(239, 83, 80, 1.0)",5.663368182555293,142.1024630226257,0.273253817779522,1,0.20292506977536773,0.20292506977536773,0.0,0.0,0.0,0.0,34.73055674917609,-9.605730674078373,False,True,False,True,False,2.0118308008548915
2024-11-20 17:00:00+00:00,141.48,142.19,140.62,142.115,3366.0,,141.5545407033866,"rgba(239, 83, 80, 1.0)",5.417552285467512,142.80440337942042,-0.12725366421838222,0,,,0.0,0.0,0.0,0.0,32.090051322239205,-12.181356669443957,False,True,False,True,False,0.5150612852881515
2024-11-21 17:00:00+00:00,143.03,144.09,142.28,143.75,5116.0,,141.57502045618105,"rgba(239, 83, 80, 1.0)",5.237444832968356,142.80612200279253,0.18021726763898277,0,,,0.0,0.0,0.0,0.0,33.239090899801035,-12.181356669443957,False,True,False,True,False,2.0559478491416243
2024-11-22 17:00:00+00:00,144.28,145.81,144.28,145.77,2516.0,,141.60873838291548,"rgba(239, 83, 80, 1.0)",5.01815242013635,142.83310126557598,0.5852549879989962,0,,,0.0,0.0,0.0,0.0,37.06027115634296,-12.181356669443957,False,True,False,True,True,3.9099846417068065
2024-11-25 17:00:00+00:00,151.17,154.12,151.065,154.12,6300.0,,141.98664620502643,"rgba(38, 166, 154, 1.0)",4.804266936047734,143.21478105509618,2.2699027947591692,0,,,0.0,0.0,0.0,0.0,46.94431020845583,-9.648684555422008,False,True,False,False,True,10.793588811857347
2024-11-26 17:00:00+00:00,151.36,151.66,150.79,151.55,3002.0,,142.08056324201672,"rgba(38, 166, 154, 1.0)",4.661155086322217,143.30806047119134,1.7682182583870634,0,,,0.0,0.0,0.0,0.0,50.84013908139133,-6.408495053421973,False,False,True,False,True,8.261538761780802
2024-11-27 17:00:00+00:00,152.81,154.12,152.385,152.78,3221.0,,142.20063232209344,"rgba(38, 166, 154, 1.0)",4.526643820678634,143.42950908432408,2.065656430258764,0,,,0.0,0.0,0.0,0.0,54.28160326886335,-3.440841116703318,False,False,True,False,True,9.209792620515312
2024-11-28 17:00:00+00:00,152.78,152.78,152.78,152.78,0.0,,142.20063232209344,"rgba(38, 166, 154, 1.0)",4.396938475230668,143.42950908432408,2.1265912562457183,0,,,0.0,0.0,0.0,0.0,56.57591272717802,-1.3703033892795986,True,False,True,False,True,9.209792620515312
2024-11-29 17:00:00+00:00,153.46,154.0,153.46,153.93,1383.0,,142.2530857708035,"rgba(38, 166, 154, 1.0)",4.316557168948615,143.48285569545564,2.420249262466963,0,,,0.0,0.0,0.0,0.0,58.979937158176355,0.9679533355069907,True,False,True,False,True,10.107395449316481
2024-12-02 17:00:00+00:00,151.935,152.4,151.62,151.64,2432.0,,142.3147008859342,"rgba(38, 166, 154, 1.0)",4.2566115007688206,143.54419802653746,1.9019358407503906,0,,,0.0,0.0,0.0,0.0,57.787814413943735,0.9679533355069907,True,False,True,False,True,7.811638533204345
2024-12-03 17:00:00+00:00,151.5,153.09,151.28,152.53,4644.0,,142.43143633780628,"rgba(38, 166, 154, 1.0)",4.168314323237424,143.66090311686634,2.1277418628653852,0,,,0.0,0.0,0.0,0.0,57.80095517785733,0.9679533355069907,True,False,True,False,True,8.52278631251183
2024-12-04 17:00:00+00:00,152.63,154.86,152.38,154.71,8305.0,,143.34041857639824,"rgba(38, 166, 154, 1.0)",4.151181838665546,145.3380933342155,2.2576478289848256,0,,,0.0,0.0,0.0,0.0,59.64074839412564,2.5815464784562394,True,False,True,False,True,10.23610894957855
2024-12-05 17:00:00+00:00,152.3,152.55,151.06,151.99,3499.0,,143.36098981404962,"rgba(38, 166, 154, 1.0)",4.120482394352777,145.3545929906569,1.6103471327621983,0,,,0.0,0.0,0.0,0.0,57.60478547248637,2.5815464784562394,True,False,True,False,True,7.528073249142988
2024-12-06 17:00:00+00:00,152.175,152.32,151.18,151.56,4284.0,,143.3992424266984,"rgba(38, 166, 154, 1.0)",4.120018223524165,145.38838001221103,1.497959390701412,0,,,0.0,0.0,0.0,0.0,55.770056425472944,2.5815464784562394,True,False,True,False,False,7.107263470434237
2024-12-09 17:00:00+00:00,151.66,151.66,149.13,149.51,7746.0,,143.4124252221177,"rgba(38, 166, 154, 1.0)",4.101524526496277,145.38675537281833,1.0052956164336142,0,,,0.0,0.0,0.0,0.0,52.36755587702912,8.709529805821788,False,False,False,False,False,5.1198707835769675
2024-12-10 17:00:00+00:00,148.03,149.21,147.23,147.285,2528.0,,143.39189436328078,"rgba(38, 166, 154, 1.0)",4.085127221326588,145.35852836992746,0.471581795547348,0,,,0.0,0.0,0.0,0.0,48.08129268034615,4.531482404760524,False,True,False,True,False,3.0281510009246198
2024-12-11 17:00:00+00:00,148.505,149.085,147.86,148.84,4620.0,,143.38215254498874,"rgba(38, 166, 154, 1.0)",4.030258013783578,145.33737723215148,0.8690815217957433,0,,,0.0,0.0,0.0,0.0,47.130961695559364,3.4874350386737305,False,True,False,True,False,4.343644774265094
2024-12-12 17:00:00+00:00,147.58,149.09,147.38,148.185,5320.0,,143.37081139395136,"rgba(38, 166, 154, 1.0)",3.967440145271937,145.31264454292807,0.7239820518766907,0,,,0.0,0.0,0.0,0.0,45.850638007382194,2.0209063015577016,False,True,False,True,False,3.72516634886437
2024-12-13 17:00:00+00:00,145.4,145.93,144.46,145.53,14112.0,,143.20563051985576,"rgba(239, 83, 80, 1.0)",3.9506819607460257,145.09629632451424,0.10977944562357558,0,,,0.0,0.0,0.0,0.0,42.63612348640358,-1.2381387304109452,False,True,False,True,False,1.2662598952835893
2024-12-16 17:00:00+00:00,145.795,146.78,145.33,145.33,7867.0,,143.15803888347634,"rgba(239, 83, 80, 1.0)",3.93603275479968,145.0250820070537,0.07746835759293205,0,,,0.0,0.0,0.0,0.0,40.3280570242204,-3.588927584736844,False,True,False,True,False,1.0835934276755133
2024-12-17 17:00:00+00:00,143.61,144.16,143.02,143.335,11499.0,,143.01612751757975,"rgba(239, 83, 80, 1.0)",3.875376641969943,144.8407781822748,-0.3885501517368283,0,,,0.0,0.0,0.0,0.0,37.20550466444555,-6.669887655147264,False,True,False,True,False,0.0
2024-12-18 17:00:00+00:00,142.28,142.88,137.07,137.29,12692.0,,142.71478743745223,"rgba(239, 83, 80, 1.0)",3.980831635917629,144.4768981432109,-1.8053760622192783,0,,,0.0,0.0,0.0,0.0,31.90361817459104,-11.65995073803937,False,True,False,True,False,0.0
2024-12-19 17:00:00+00:00,136.26,136.71,134.86,135.105,4497.0,,142.57176017693382,"rgba(239, 83, 80, 1.0)",4.164199680849982,144.30784122344028,-2.2099903772054073,1,0.9092648769741006,0.9092648769741006,0.0,0.0,0.0,0.0,27.569598807184864,-15.618458431743775,False,True,False,True,False,0.0
2024-12-20 17:00:00+00:00,136.72,136.81,135.16,135.31,8874.0,,142.31730895091607,"rgba(239, 83, 80, 1.0)",4.3147605270066265,144.00569454951,-2.015336539555916,1,0.907000947438377,0.907000947438377,0.0,0.0,0.0,0.0,24.997749564467668,-17.965272989462967,False,True,False,True,False,0.0
2024-12-23 17:00:00+00:00,134.43,134.43,134.43,134.43,0.0,,142.31730895091607,"rgba(239, 83, 80, 1.0)",4.5633185006908965,144.00569454951,-2.09840591842542,1,0.9152058769537588,0.9152058769537588,0.0,0.0,0.0,0.0,22.927962904008297,-19.965537883320458,False,True,False,True,False,0.0
2024-12-24 17:00:00+00:00,136.27,136.93,136.16,136.93,1005.0,,142.29282708977328,"rgba(239, 83, 80, 1.0)",4.69002052954746,143.97634841640053,-1.5024131284731117,1,0.9234693227292574,0.9234693227292574,0.0,0.0,0.0,0.0,25.51195875063825,-19.965537883320458,False,True,False,True,False,0.0
2024-12-25 17:00:00+00:00,136.93,136.93,136.93,136.93,0.0,,142.29282708977328,"rgba(239, 83, 80, 1.0)",4.829357900356815,143.97634841640053,-1.4590652757129272,1,0.942018774241524,0.942018774241524,0.0,0.0,0.0,0.0,27.23462264839155,-19.965537883320458,False,True,False,True,True,0.0
2024-12-26 17:00:00+00:00,136.355,137.14,135.485,136.58,5051.0,,142.17000162256178,"rgba(239, 83, 80, 1.0)",4.987327934669723,143.8292413229525,-1.4535321153756364,1,0.9497765402305061,0.9497765402305061,0.0,0.0,0.0,0.0,28.124444633741795,-19.965537883320458,False,True,False,True,True,0.0
2024-12-27 17:00:00+00:00,134.52,135.085,133.97,134.79,6282.0,,141.99530853688668,"rgba(239, 83, 80, 1.0)",5.2212523091385545,143.62221110077104,-1.6915886415434038,1,0.9541917428239008,0.9541917428239008,0.0,0.0,0.0,0.0,27.451521622808833,-19.965537883320458,False,True,False,True,True,0.0
2024-12-30 17:00:00+00:00,134.03,134.76,133.87,134.005,1398.0,,141.95639253891335,"rgba(239, 83, 80, 1.0)",5.4685014647780115,143.57614879041347,-1.7502324635112823,1,0.9613675088248673,0.9613675088248673,0.0,0.0,0.0,0.0,26.489741149891934,-19.965537883320458,False,True,False,True,True,0.0
2024-12-31 17:00:00+00:00,134.865,136.0,134.555,135.79,3836.0,,141.8651260790038,"rgba(239, 83, 80, 1.0)",5.6351602277842785,143.46712250621755,-1.3623609970068535,1,0.9608554634399633,0.9608554634399633,0.0,0.0,0.0,0.0,29.14456132791909,-19.965537883320458,False,True,False,True,True,0.0
2025-01-01 17:00:00+00:00,135.79,135.79,135.79,135.79,0.0,,141.8651260790038,"rgba(239, 83, 80, 1.0)",5.7957425738201085,143.46712250621755,-1.324614129843484,1,0.959888567002634,0.959888567002634,0.0,0.0,0.0,0.0,30.91444144660386,-24.66334951594372,False,True,False,True,True,0.0
2025-01-02 17:00:00+00:00,135.675,136.245,133.49,134.19,4159.0,,141.76105105989427,"rgba(239, 83, 80, 1.0)",5.998409307160119,143.34338169942947,-1.5259681743463822,1,0.9517101492418819,0.9517101492418819,0.0,0.0,0.0,0.0,30.60759783469997,-24.649916490182385,False,True,False,True,True,0.0
2025-01-03 17:00:00+00:00,134.33,136.58,134.33,136.1,4189.0,,141.67141893691652,"rgba(239, 83, 80, 1.0)",6.136865266347812,143.23581865904947,-1.1627790980159753,1,0.9464612159240361,0.9464612159240361,0.0,0.0,0.0,0.0,33.8591415201297,-21.30824955219459,False,True,False,True,True,0.0
2025-01-06 17:00:00+00:00,136.92,137.43,136.47,137.0,2678.0,,141.62480533188113,"rgba(239, 83, 80, 1.0)",6.247335661293839,143.29522001055466,-1.0076647633258276,1,0.9388247065885621,0.9388247065885621,0.0,0.0,0.0,0.0,37.47397372126154,-17.7905260466458,False,True,False,True,True,0.0
2025-01-07 17:00:00+00:00,135.95,136.805,134.975,136.08,5095.0,,141.5261441038442,"rgba(239, 83, 80, 1.0)",6.360810747095781,143.13448590766717,-1.1090545196440713,1,0.9311985719531805,0.9311985719531805,0.0,0.0,0.0,0.0,38.73276095989783,-16.50918710632999,False,False,False,True,True,0.0
2025-01-08 17:00:00+00:00,135.35,135.35,134.605,134.86,13268.0,,141.25602382315157,"rgba(239, 83, 80, 1.0)",6.503611542066367,142.75753756305562,-1.214331070048251,1,0.9176744139620665,0.9176744139620665,0.0,0.0,0.0,0.0,38.15108735394944,-16.50918710632999,False,False,False,True,True,0.0
2025-01-09 17:00:00+00:00,134.86,134.86,134.86,134.86,0.0,,141.25602382315157,"rgba(239, 83, 80, 1.0)",6.624609167462663,142.75753756305562,-1.1921514708890362,1,0.9028011903192456,0.9028011903192456,0.0,0.0,0.0,0.0,37.76330494998385,-16.50918710632999,False,False,False,True,True,0.0
2025-01-10 17:00:00+00:00,130.01,131.225,129.65,131.02,3827.0,,141.14441905258744,"rgba(239, 83, 80, 1.0)",6.858051651851869,142.58192989195058,-1.6858913404113134,1,0.8756462787707986,0.8756462787707986,0.0,0.0,0.0,0.0,33.90949238690973,-16.50918710632999,False,True,False,True,False,0.0
2025-01-13 17:00:00+00:00,128.665,129.21,128.29,128.5,2511.0,,141.06139034529107,"rgba(239, 83, 80, 1.0)",7.127840168555766,142.45196944086584,-1.957390894146939,1,0.8428194503778755,0.8428194503778755,0.0,0.0,0.0,0.0,29.793067105234528,-15.149874876603391,False,True,False,True,False,0.0
2025-01-14 17:00:00+00:00,126.835,127.975,126.795,127.57,4216.0,,140.16536907151436,"rgba(239, 83, 80, 1.0)",7.401940385363625,141.68440336730401,-1.9068518026993866,1,0.8108950173702054,0.8108950173702054,0.0,0.0,0.0,0.0,26.556420766337933,-18.117005833506063,False,True,False,True,False,0.0
2025-01-15 17:00:00+00:00,132.015,135.17,131.64,135.055,4653.0,,140.2704613741321,"rgba(38, 166, 154, 1.0)",7.448695491328063,141.79755293698935,-0.9051991647180598,1,0.8015898354273563,0.8015898354273563,0.0,0.0,0.0,0.0,34.59704576922273,-21.493017039691622,False,True,False,True,True,0.0
2025-01-16 17:00:00+00:00,136.625,137.46,135.88,136.75,2613.0,,140.31310780582763,"rgba(38, 166, 154, 1.0)",7.502264341667836,141.8536380925426,-0.6802796942513513,1,0.795636185153722,0.795636185153722,0.0,0.0,0.0,0.0,41.41844360788595,-15.598789694143491,False,False,False,True,True,0.0
2025-01-17 17:00:00+00:00,138.04,138.26,137.3,137.79,1445.0,,140.33418611252583,"rgba(38, 166, 154, 1.0)",7.546835100029381,141.88349457582467,-0.5424120868639016,1,0.7907137119377972,0.7907137119377972,0.0,0.0,0.0,0.0,46.83178569144782,-11.039481602450287,True,False,False,False,True,0.0
2025-01-20 17:00:00+00:00,137.79,137.79,137.79,137.79,0.0,,140.33418611252583,"rgba(38, 166, 154, 1.0)",7.594030198627478,141.88349457582467,-0.5390411242457956,1,0.7859508044707206,0.7859508044707206,0.0,0.0,0.0,0.0,50.4406804138224,-8.023207415353191,True,False,True,False,True,0.0
2025-01-21 17:00:00+00:00,140.78,140.78,139.92,140.275,2966.0,,140.40018085623896,"rgba(38, 166, 154, 1.0)",7.606858747210206,141.97920008131152,-0.2240346689672032,1,0.785589593889708,0.785589593889708,0.0,0.0,0.0,0.0,54.94640519929466,-4.008776737838723,True,False,True,False,True,0.0
2025-01-22 17:00:00+00:00,140.445,141.49,140.3,140.41,4234.0,,140.46339819122082,"rgba(38, 166, 154, 1.0)",7.6065402234642505,142.07719848973016,-0.21917960606943,1,0.7856061348380425,0.7856061348380425,0.0,0.0,0.0,0.0,58.0584771856726,-1.1641329017062247,True,False,True,False,True,0.0
2025-01-23 17:00:00+00:00,141.575,142.43,141.34,142.11,2111.0,,140.4959998240123,"rgba(38, 166, 154, 1.0)",7.605158854238785,142.12820725860513,-0.0023940668372716975,1,0.7870444622264795,0.7870444622264795,0.0,0.0,0.0,0.0,61.480947903815775,2.1138411319606973,True,False,True,False,True,1.3630128284797962
2025-01-24 17:00:00+00:00,142.36,142.36,140.82,141.37,1022.0,,140.5075954821605,"rgba(38, 166, 154, 1.0)",7.593827344544193,142.14707742213903,-0.10233014090020406,2,0.5115957324013971,1.0231914648027942,0.0,0.0,0.0,0.0,62.56634873493046,3.3729082727733157,True,False,True,False,True,0.6788880310910486
2025-01-27 17:00:00+00:00,142.91,144.21,142.825,144.19,6246.0,,140.61311744260993,"rgba(38, 166, 154, 1.0)",7.5717637852635225,142.31013535541763,0.24827301774007254,2,0.5119563588671041,1.0239127177342082,0.0,0.0,0.0,0.0,65.45029546551582,6.447344386993109,True,False,True,False,True,3.18086752293339
2025-01-28 17:00:00+00:00,143.16,144.11,143.12,143.76,4329.0,,140.6660337115424,"rgba(38, 166, 154, 1.0)",7.544828461504069,142.39314819676628,0.1811640662485296,2,0.5125774986271111,1.0251549972542222,0.0,0.0,0.0,0.0,66.647342720352,8.006718165012607,True,False,True,False,True,2.773490612991832
2025-01-29 17:00:00+00:00,142.91,143.285,140.52,140.835,8341.0,,140.6866320511501,"rgba(38, 166, 154, 1.0)",7.531711871262736,142.4347514809174,-0.21240210834687667,2,0.511844291416729,1.023688582833458,0.0,0.0,0.0,0.0,63.082859080264434,8.006718165012607,True,False,True,False,True,0.05874848569750313
2025-01-30 17:00:00+00:00,144.09,144.095,142.605,143.15,7701.0,,140.73712760070936,"rgba(38, 166, 154, 1.0)",7.501652605914788,142.51234513162817,0.08500191915966242,2,0.5117514950016543,1.0235029900033086,0.0,0.0,0.0,0.0,62.826746333540264,8.006718165012607,True,False,True,False,False,2.11342558130767
2025-01-31 17:00:00+00:00,142.68,143.39,141.82,142.47,11529.0,,140.7729571705444,"rgba(38, 166, 154, 1.0)",7.460258083718281,142.56650105271703,-0.012935350444194475,2,0.5113734526916318,1.0227469053832636,0.0,0.0,0.0,0.0,61.709929381656416,8.006718165012607,True,False,True,False,False,1.4848896293721339
2025-02-03 17:00:00+00:00,139.25,140.11,139.03,139.3,2346.0,,140.75961171423828,"rgba(38, 166, 154, 1.0)",7.456484223948324,142.54849473053562,-0.4356603773266596,2,0.5096894112282465,1.019378822456493,0.0,0.0,0.0,0.0,57.142795586121544,14.453030626531202,True,False,True,False,False,0.0
2025-02-04 17:00:00+00:00,142.285,143.605,142.0,143.465,7929.0,,140.78827957649858,"rgba(38, 166, 154, 1.0)",7.443379870791841,142.58701043567882,0.1179557646609511,3,0.41011484968240525,1.2303445490472158,0.0,0.0,0.0,0.0,57.94175602790645,14.453030626531202,True,False,True,False,False,2.269628457281545
2025-02-05 17:00:00+00:00,144.455,145.91,143.6,145.87,11063.0,,141.1020266942025,"rgba(38, 166, 154, 1.0)",7.433118364564758,143.14538617064278,0.3665505775269277,4,0.4044516688381278,1.617806675352511,0.0,0.0,0.0,0.0,60.17282025961465,14.453030626531202,True,False,True,False,True,4.2561339597006445
2025-02-06 17:00:00+00:00,130.66,136.63,128.46,136.165,38087.0,,139.71868778136508,"rgba(239, 83, 80, 1.0)",7.3758063367421265,141.45330579320697,-0.7169800224910465,4,0.4015468357021529,1.6061873428086115,0.0,0.0,0.0,0.0,53.823257273497354,10.760547393784073,True,False,True,False,False,0.0
2025-02-07 17:00:00+00:00,134.275,135.59,132.84,135.48,26236.0,,139.42991942624704,"rgba(239, 83, 80, 1.0)",7.307148219936162,141.03653292787678,-0.7604242805307885,5,0.4200326466734733,2.1001632333673665,0.0,0.0,0.0,0.0,49.20539566056837,6.455106588852537,True,False,False,True,False,0.0
2025-02-10 17:00:00+00:00,135.64,136.59,135.17,135.27,17457.0,,139.31149408268558,"rgba(239, 83, 80, 1.0)",7.262384375659818,140.8608295332018,-0.7698338787932646,5,0.4167031696580404,2.083515848290202,0.0,0.0,0.0,0.0,45.999063367186,3.4793684047953946,True,False,False,True,False,0.0
2025-02-11 17:00:00+00:00,132.42,133.79,130.995,133.19,9380.0,,139.17613492147285,"rgba(239, 83, 80, 1.0)",7.239287591872959,140.6739888772608,-1.0338018461460972,5,0.41258905610206487,2.0629452805103243,0.0,0.0,0.0,0.0,42.58768026637444,0.25749164252877677,False,False,False,True,False,0.0
2025-02-12 17:00:00+00:00,131.935,132.53,129.945,130.355,9422.0,,139.00926016565052,"rgba(239, 83, 80, 1.0)",7.244801467694899,140.44717575662332,-1.3930230940937562,5,0.4054606471707948,2.027303235853974,0.0,0.0,0.0,0.0,38.77628342850399,-3.358273909932052,False,False,False,True,False,0.0
2025-02-13 17:00:00+00:00,130.135,132.14,129.84,132.14,4496.0,,138.93841238560623,"rgba(239, 83, 80, 1.0)",7.23990990499469,140.3508090562276,-1.134103761507187,5,0.4014443850070569,2.0072219250352847,0.0,0.0,0.0,0.0,38.155877287222815,-4.106053120885505,False,True,False,True,False,0.0
2025-02-14 17:00:00+00:00,134.15,134.15,131.58,131.615,4496.0,,138.88117387074763,"rgba(239, 83, 80, 1.0)",7.250088458609686,140.27237815319126,-1.1941065550600785,5,0.3961686409124099,1.9808432045620494,0.0,0.0,0.0,0.0,37.410720242868486,-5.167736009070325,False,True,False,True,False,0.0
2025-02-17 17:00:00+00:00,131.615,131.615,131.615,131.615,0.0,,138.88117387074763,"rgba(239, 83, 80, 1.0)",7.212326921433142,140.27237815319126,-1.2003585316499992,5,0.39274917230962314,1.9637458615481158,0.0,0.0,0.0,0.0,36.9139488799656,-6.1142685256568825,False,True,False,True,False,0.0
2025-02-18 17:00:00+00:00,129.365,130.985,129.03,130.93,11596.0,,138.68479199668963,"rgba(239, 83, 80, 1.0)",7.2676965333528125,140.0079395510328,-1.2490807107000725,5,0.38923634243297867,1.9461817121648934,0.0,0.0,0.0,0.0,36.07270871648322,-7.438103114923678,False,True,False,True,False,0.0
2025-02-19 17:00:00+00:00,129.215,132.0,128.565,131.96,9564.0,,138.54423805328545,"rgba(239, 83, 80, 1.0)",7.317425086182943,139.81882330081422,-1.0739875308943791,5,0.3876718563860207,1.9383592819301034,0.0,0.0,0.0,0.0,36.98191678453523,-7.438103114923678,False,True,False,True,False,0.0
2025-02-20 17:00:00+00:00,128.46,129.3,127.835,127.95,5736.0,,138.4334861632855,"rgba(239, 83, 80, 1.0)",7.385912594043769,139.67176840358897,-1.587044018506497,5,0.3808199386201836,1.904099693100918,0.0,0.0,0.0,0.0,34.64644466849888,-9.654398921952982,False,True,False,True,False,0.0
2025-02-21 17:00:00+00:00,125.71,125.79,124.22,125.42,3943.0,,138.33310646571266,"rgba(239, 83, 80, 1.0)",7.489760976592909,139.53970511083057,-1.88520103044111,5,0.37155293755634045,1.8577646877817022,0.0,0.0,0.0,0.0,31.700631334174645,-12.73361292745355,False,True,False,True,False,0.0
2025-02-24 17:00:00+00:00,125.69,125.915,124.525,124.615,8391.0,,138.12529487755765,"rgba(239, 83, 80, 1.0)",7.625981365292682,139.26705675830127,-1.9213339315233078,5,0.3619996046191565,1.8099980230957824,0.0,0.0,0.0,0.0,29.32900514845813,-15.176083153686136,False,True,False,True,False,0.0
2025-02-25 17:00:00+00:00,125.485,127.59,125.485,127.32,7658.0,,137.9711956734623,"rgba(239, 83, 80, 1.0)",7.695429723585165,139.06491109456894,-1.5262190048429423,5,0.3561952192498508,1.780976096249254,0.0,0.0,0.0,0.0,31.567572870477655,-15.176083153686136,False,True,False,True,True,0.0
2025-02-26 17:00:00+00:00,127.56,127.935,126.48,127.265,7803.0,,137.82697027066675,"rgba(239, 83, 80, 1.0)",7.761429555097832,138.87614758050825,-1.496006308899867,5,0.3513234383374554,1.756617191687277,0.0,0.0,0.0,0.0,33.01833605597821,-15.176083153686136,False,True,False,True,True,0.0
2025-02-27 17:00:00+00:00,127.73,128.64,126.95,127.6,6234.0,,137.7216840364517,"rgba(239, 83, 80, 1.0)",7.842977981712621,138.73858728742766,-1.4201987195934225,5,0.3466218791691984,1.733109395845992,0.0,0.0,0.0,0.0,34.48071364071202,-15.176083153686136,False,True,False,True,True,0.0
2025-02-28 17:00:00+00:00,129.395,129.91,128.325,128.485,5471.0,,137.64377601644628,"rgba(239, 83, 80, 1.0)",7.920676558486116,138.63671900472966,-1.281673216898778,5,0.3434394755689299,1.7171973778446494,0.0,0.0,0.0,0.0,36.800589612939746,-18.360815394735994,False,True,False,True,True,0.0
2025-03-03 17:00:00+00:00,128.935,129.315,125.33,125.875,3854.0,,137.57544033241388,"rgba(239, 83, 80, 1.0)",8.04167446650463,138.54796269305507,-1.5759109307198134,5,0.3388148429562944,1.6940742147814718,0.0,0.0,0.0,0.0,35.91343305148723,-18.360815394735994,False,True,False,True,True,0.0
2025-03-04 17:00:00+00:00,123.9,127.41,123.9,125.64,4550.0,,137.48654597487013,"rgba(239, 83, 80, 1.0)",8.167590327432197,138.43292300516487,-1.5663032170207811,5,0.3346229271480833,1.6731146357404163,0.0,0.0,0.0,0.0,35.12246870861919,-18.360815394735994,False,True,False,True,True,0.0
2025-03-05 17:00:00+00:00,126.49,128.58,126.22,128.005,5718.0,,137.39734189955442,"rgba(239, 83, 80, 1.0)",8.250372267331745,138.31734652150428,-1.2499249957892384,5,0.3321432600689308,1.660716300344654,0.0,0.0,0.0,0.0,38.264423266650695,-16.49975669826761,False,True,False,True,True,0.0
2025-03-06 17:00:00+00:00,126.505,127.055,124.54,124.63,3824.0,,137.32414908977202,"rgba(239, 83, 80, 1.0)",8.381254602487559,138.22302289726304,-1.6218362932476276,5,0.3280447527777542,1.640223763888771,0.0,0.0,0.0,0.0,37.23984600035432,-16.49975669826761,False,True,False,True,True,0.0
2025-03-07 17:00:00+00:00,121.42,124.735,120.93,123.97,6934.0,,137.16826331271824,"rgba(239, 83, 80, 1.0)",8.495054431420668,138.0230260613659,-1.654259684244983,5,0.3243044440700318,1.621522220350159,0.0,0.0,0.0,0.0,36.03865782087311,-16.49975669826761,False,True,False,True,False,0.0
2025-03-10 17:00:00+00:00,123.38,123.38,121.32,122.825,8616.0,,136.97096647079377,"rgba(239, 83, 80, 1.0)",8.460291509897251,137.7708577596902,-1.766588981266876,5,0.31951248225795514,1.5975624112897757,0.0,0.0,0.0,0.0,34.34799841309054,-16.49975669826761,False,True,False,True,False,0.0
2025-03-11 17:00:00+00:00,122.165,123.78,122.055,122.27,3402.0,,136.8962017472955,"rgba(239, 83, 80, 1.0)",8.481861734695604,137.67553212830524,-1.8162913532636253,5,0.31439215027541845,1.5719607513770923,0.0,0.0,0.0,0.0,32.79268746726375,-12.853019241818785,False,True,False,True,False,0.0
2025-03-12 17:00:00+00:00,122.48,123.43,122.3,122.57,4641.0,,136.79644571362832,"rgba(239, 83, 80, 1.0)",8.448112288745351,137.5485515739498,-1.773005739270814,5,0.3099202610455256,1.549601305227628,0.0,0.0,0.0,0.0,32.33255844462277,-13.494622018425765,False,True,False,True,False,0.0
2025-03-13 17:00:00+00:00,119.85,119.91,118.58,119.07,9750.0,,135.92343671270086,"rgba(239, 83, 80, 1.0)",8.481696562397376,136.01364015825368,-1.9976711066712007,5,0.30632060794365207,1.5316030397182603,0.0,0.0,0.0,0.0,29.469736674983146,-16.354217595117724,False,True,False,True,False,0.0
2025-03-14 17:00:00+00:00,122.15,122.89,121.52,122.655,6914.0,,135.84799574004933,"rgba(239, 83, 80, 1.0)",8.372532768222635,135.9208131403771,-1.5844444575632566,5,0.30572337365499397,1.52861686827497,0.0,0.0,0.0,0.0,33.1416435143759,-16.354217595117724,False,True,False,True,True,0.0
2025-03-17 17:00:00+00:00,123.14,124.92,122.79,124.85,4207.0,,135.81304056483634,"rgba(239, 83, 80, 1.0)",8.263013486245843,135.87824523974808,-1.3346517294332265,5,0.3058450650921609,1.5292253254608046,0.0,0.0,0.0,0.0,38.19548275111518,-16.642446862429622,False,True,False,True,True,0.0
2025-03-18 17:00:00+00:00,123.055,123.39,122.1,122.45,6211.0,,135.71016236216468,"rgba(239, 83, 80, 1.0)",8.157040181495324,135.75163059933658,-1.6306932788576949,5,0.30511570875068567,1.5255785437534284,0.0,0.0,0.0,0.0,39.32500376189189,-15.726549738054928,False,True,False,True,True,0.0
2025-03-19 17:00:00+00:00,122.88,124.9,121.36,124.1,3855.0,,135.65419051683878,"rgba(239, 83, 80, 1.0)",7.927645210059746,135.68305525188623,-1.4610965734425119,5,0.3059733736349436,1.529866868174718,0.0,0.0,0.0,0.0,41.969463792751924,-13.281192857580322,False,False,False,True,True,0.0
2025-03-20 17:00:00+00:00,124.275,124.39,123.36,123.73,2366.0,,135.6216205911765,"rgba(239, 83, 80, 1.0)",7.766683279957911,135.64324903545526,-1.5338914445240275,5,0.3059808966557076,1.529904483278538,0.0,0.0,0.0,0.0,43.355648699110944,-11.951026192090595,False,False,False,True,True,0.0
2025-03-21 17:00:00+00:00,122.37,122.78,122.01,122.64,6407.0,,135.50709062485055,"rgba(239, 83, 80, 1.0)",7.617890783017864,135.50284543511592,-1.6885048370331501,5,0.30534494269145934,1.5267247134572968,0.0,0.0,0.0,0.0,43.15041799158056,-11.951026192090595,False,False,False,True,True,0.0
2025-03-24 17:00:00+00:00,126.34,127.11,126.34,127.0,4812.0,,135.2100723792609,"rgba(239, 83, 80, 1.0)",7.439035744692811,134.64391230018649,-1.027540740833224,5,0.30778122741784636,1.5389061370892319,0.0,0.0,0.0,0.0,47.75501002453447,-7.550429473132503,True,False,False,False,True,0.0
2025-03-25 17:00:00+00:00,124.635,124.83,123.5,124.69,4283.0,,135.09546132507876,"rgba(239, 83, 80, 1.0)",7.337380560901962,134.50547198699755,-1.3377351638676576,5,0.3072242040808998,1.536121020404499,0.0,0.0,0.0,0.0,48.37584857589428,-6.87843758561263,True,False,False,False,True,0.0
2025-03-26 17:00:00+00:00,124.125,124.3,122.9,124.085,2811.0,,135.0321478566553,"rgba(239, 83, 80, 1.0)",7.187660272870766,134.42960283237807,-1.4392169968609851,5,0.30598914529010324,1.5299457264505163,0.0,0.0,0.0,0.0,48.18425946340268,-6.846276027750676,True,False,False,False,True,0.0
2025-03-27 17:00:00+00:00,121.92,123.03,121.62,122.81,10018.0,,134.79708505861123,"rgba(239, 83, 80, 1.0)",7.061579865596976,134.1482578516821,-1.605626229184279,5,0.3059142126664757,1.5295710633323787,0.0,0.0,0.0,0.0,46.784017508760414,-6.846276027750676,True,False,False,True,True,0.0
2025-03-28 17:00:00+00:00,121.645,121.645,120.23,120.29,4884.0,,134.66728787573228,"rgba(239, 83, 80, 1.0)",7.043708436650889,133.9926477608864,-1.9453740716448034,5,0.305225162096509,1.526125810482545,0.0,0.0,0.0,0.0,43.639624740045306,-6.846276027750676,False,False,False,True,False,0.0
2025-03-31 17:00:00+00:00,120.32,121.94,120.0,121.22,3411.0,,134.58805460842558,"rgba(239, 83, 80, 1.0)",6.994341085851586,133.8982774449185,-1.8126478662249685,5,0.3046174277548979,1.5230871387744895,0.0,0.0,0.0,0.0,42.773788695868916,-2.5216085508053254,False,False,False,True,False,0.0
2025-04-01 17:00:00+00:00,122.63,123.555,121.615,122.87,6701.0,,134.47903206451807,"rgba(239, 83, 80, 1.0)",6.947201175378287,133.77087435241265,-1.5691030210909462,5,0.3045953685252154,1.522976842626077,0.0,0.0,0.0,0.0,44.26455439997762,-2.5216085508053254,True,False,False,True,False,0.0
2025-04-02 17:00:00+00:00,123.43,124.37,123.305,124.24,1601.0,,134.4602889006097,"rgba(239, 83, 80, 1.0)",6.970664232829832,133.74950096722415,-1.36421733275247,5,0.30516035043987694,1.5258017521993847,0.0,0.0,0.0,0.0,46.83213689523722,-2.5216085508053254,True,False,False,True,True,0.0
2025-04-03 17:00:00+00:00,119.0,119.0,116.34,116.34,4737.0,,134.3056493936527,"rgba(239, 83, 80, 1.0)",7.177013340903145,133.56381609577636,-2.399858447749372,5,0.3010894416533513,1.5054472082667565,0.0,0.0,0.0,0.0,42.181002826626305,-2.940599089739294,True,False,False,True,False,0.0
2025-04-04 17:00:00+00:00,112.5,113.78,111.59,112.225,3298.0,,134.15777671110507,"rgba(239, 83, 80, 1.0)",7.493106984374738,133.38510041458233,-2.823942118897697,5,0.2942328508234296,1.471164254117148,0.0,0.0,0.0,0.0,37.13905930205686,-7.492621241972131,False,True,False,True,False,0.0
2025-04-07 17:00:00+00:00,108.75,111.71,107.91,110.34,4800.0,,133.9203203706154,"rgba(239, 83, 80, 1.0)",7.853726191439084,133.0979645479611,-2.8977282875952968,5,0.28694738310417334,1.4347369155208667,0.0,0.0,0.0,0.0,33.02343393929751,-11.097867168398949,False,True,False,True,False,0.0
2025-04-08 17:00:00+00:00,108.09,108.09,104.55,106.88,3427.0,,133.72743108960697,"rgba(239, 83, 80, 1.0)",8.287418867566222,132.86449864655816,-3.1354151469586657,5,0.27795810383020003,1.389790519151,0.0,0.0,0.0,0.0,29.062523895957682,-14.571191323844118,False,True,False,True,False,0.0
2025-04-09 17:00:00+00:00,104.465,115.985,104.25,115.32,5966.0,111.85166666666667,132.40223615652073,"rgba(239, 83, 80, 1.0)",8.429093174164398,130.88621472346364,-1.8467247189976366,5,0.27431058432911426,1.3715529216455713,0.0,0.0,0.0,0.0,33.98819616235642,-14.571191323844118,False,True,False,True,True,0.0
2025-04-10 17:00:00+00:00,110.46,113.03,110.185,111.38,5039.0,111.7051441768893,132.20821445998905,"rgba(239, 83, 80, 1.0)",8.66370165306605,130.65822818658586,-2.2251722137457692,5,0.269456203191802,1.34728101595901,0.0,0.0,0.0,0.0,35.353028760595,-14.571191323844118,False,True,False,True,True,0.0
2025-04-11 17:00:00+00:00,111.135,112.66,110.42,111.695,5274.0,111.66838022401049,132.0205269946883,"rgba(239, 83, 80, 1.0)",8.887870412448335,130.4389633228247,-2.108937512924574,5,0.2657237940241716,1.3286189701208582,0.0,0.0,0.0,0.0,36.503839426381546,-20.589749962047165,False,False,False,True,True,0.0
2025-04-14 17:00:00+00:00,113.67,115.05,113.43,114.28,4617.0,112.23952917623788,131.92116128527738,"rgba(239, 83, 80, 1.0)",9.040058198110854,130.32737768900694,-1.775140971145566,5,0.2665328155005192,1.3326640775025962,0.0,0.0,0.0,0.0,39.25545637522848,-17.807483582928143,True,False,False,True,True,0.0
2025-04-15 17:00:00+00:00,114.23,114.435,113.4,113.785,3283.0,112.46136544108523,131.84069495953116,"rgba(239, 83, 80, 1.0)",9.177003042761449,130.23591343932125,-1.7926237315892855,5,0.26635077775582144,1.3317538887791072,0.0,0.0,0.0,0.0,40.78361095206466,-16.130011230075183,True,False,False,True,True,0.0
2025-04-16 17:00:00+00:00,114.32,114.635,112.78,113.57,3754.0,112.62267753791811,131.74452880336267,"rgba(239, 83, 80, 1.0)",9.307201029794888,130.1262423315495,-1.778863729122048,5,0.2669334940213663,1.3346674701068315,0.0,0.0,0.0,0.0,41.65725996414834,-14.97161885526355,True,False,False,True,True,0.0
2025-04-17 17:00:00+00:00,115.01,115.01,114.11,114.22,3605.0,112.83117144397235,131.66315329348237,"rgba(239, 83, 80, 1.0)",9.42822716991766,130.0344693808189,-1.677353451057864,5,0.2681258021176749,1.3406290105883745,0.0,0.0,0.0,0.0,42.85606343711615,-13.445304824670146,True,False,False,True,True,0.0
2025-04-18 17:00:00+00:00,114.22,114.22,114.22,114.22,0.0,112.83117144397235,131.66315329348237,"rgba(239, 83, 80, 1.0)",9.520823802270465,130.0344693808189,-1.6610400222980255,5,0.2702478704697248,1.3512393523486241,0.0,0.0,0.0,0.0,43.65526575242802,-12.26436125353763,True,False,False,True,True,0.0
2025-04-21 17:00:00+00:00,110.59,111.37,109.445,111.37,6337.0,112.47933817381738,131.4388033659511,"rgba(239, 83, 80, 1.0)",9.651808651867182,129.77346166628206,-1.906737102866397,5,0.27041785214140435,1.3520892607070216,0.0,0.0,0.0,0.0,41.872872214697,-12.26436125353763,True,False,False,True,True,0.0
2025-04-22 17:00:00+00:00,113.695,114.025,112.75,113.2,2215.0,112.52606156980129,131.38271665696027,"rgba(239, 83, 80, 1.0)",9.742583512369878,129.70972937431736,-1.6945945963260598,5,0.2721928917543928,1.360964458771964,0.0,0.0,0.0,0.0,42.73698890204021,-12.26436125353763,True,False,False,True,True,0.0
2025-04-23 17:00:00+00:00,116.355,117.16,115.34,115.6,2976.0,112.768425401322,131.33387636752823,"rgba(239, 83, 80, 1.0)",9.79523130438032,129.65662897023878,-1.4350481916596314,5,0.276539895692927,1.382699478464635,0.0,0.0,0.0,0.0,45.68907496083464,-9.466886662398728,True,False,False,True,True,0.0
2025-04-24 17:00:00+00:00,117.87,118.01,116.4,116.47,6349.0,113.30697254544842,131.24467471438714,"rgba(38, 166, 154, 1.0)",9.827906913799712,129.56167139274058,-1.332091513235448,5,0.2801706862492269,1.4008534312461345,0.0,0.0,0.0,0.0,48.459718694195956,-6.684690749173619,True,False,False,False,True,0.0
2025-04-25 17:00:00+00:00,115.545,116.53,115.22,115.395,3007.0,113.44510040313864,131.19002311911726,"rgba(38, 166, 154, 1.0)",9.903261009921755,129.50151602402474,-1.424431407986913,5,0.28363904501855325,1.4181952250927663,0.0,0.0,0.0,0.0,49.14270571141035,-5.856832660833049,True,False,False,False,True,0.0
2025-04-28 17:00:00+00:00,116.49,117.64,116.03,117.48,4195.0,113.71220310742946,131.1294270259412,"rgba(38, 166, 154, 1.0)",9.95666007714925,129.43672284402118,-1.2008768755159283,5,0.28713675720909954,1.4356837860454976,0.0,0.0,0.0,0.0,51.638089316885726,-3.3182883954947258,True,False,True,False,True,0.0
2025-04-29 17:00:00+00:00,117.535,119.3,117.515,118.21,2809.0,113.93103262881567,131.0982678564518,"rgba(38, 166, 154, 1.0)",10.001337861857925,129.40482190391558,-1.1193324391738873,5,0.2900606917041004,1.4503034585205021,0.0,0.0,0.0,0.0,53.97315223685334,-0.9908538367163686,True,False,True,False,True,0.0
2025-04-30 17:00:00+00:00,117.715,119.66,117.52,119.49,6977.0,114.45207407797841,131.02789903772094,"rgba(38, 166, 154, 1.0)",9.979781722323942,129.33407248891808,-0.9864015830023332,5,0.2945867194961177,1.4729335974805884,0.0,0.0,0.0,0.0,56.686885430524285,1.6451841293691487,True,False,True,False,True,0.0
2025-05-01 17:00:00+00:00,118.765,120.11,118.765,119.17,1586.0,114.56629060093056,131.0131910174174,"rgba(38, 166, 154, 1.0)",9.933676246273157,129.31954240275996,-1.0217307420873307,5,0.2990990004025008,1.495495002012504,0.0,0.0,0.0,0.0,58.01856832709928,2.9956418426781752,True,False,True,False,True,0.0
2025-05-02 17:00:00+00:00,121.845,122.01,120.86,121.685,1363.0,114.7029216172569,131.0079284448699,"rgba(38, 166, 154, 1.0)",9.847100914199071,129.31603132312728,-0.7749520787507798,5,0.30311673679483936,1.5155836839741967,0.0,0.0,0.0,0.0,61.12607877312925,6.005334186191767,True,False,True,False,True,0.0
2025-05-05 17:00:00+00:00,121.96,122.1,121.47,121.995,2515.0,114.95321002685517,130.99960991819142,"rgba(38, 166, 154, 1.0)",9.75340345910297,129.31121987462674,-0.7501196792795876,5,0.3074389020747811,1.5371945103739053,0.0,0.0,0.0,0.0,63.44755814023988,8.236891814458353,True,False,True,False,True,0.0
2025-05-06 17:00:00+00:00,117.81,119.39,117.52,118.53,7815.0,115.29910826786477,130.90512965820204,"rgba(38, 166, 154, 1.0)",9.630235446590206,129.2126877022436,-1.109286243466254,5,0.3100770169436021,1.5503850847180107,0.0,0.0,0.0,0.0,59.91266442322771,8.236891814458353,True,False,True,False,False,0.0
2025-05-07 17:00:00+00:00,119.5,121.53,119.5,120.94,2809.0,115.48154491601103,130.88523063721703,"rgba(38, 166, 154, 1.0)",9.475735975124886,129.19433144561512,-0.871101882458933,4,0.24551157076302538,0.9820462830521015,0.0,0.0,0.0,0.0,59.899700489596455,8.236891814458353,True,False,True,False,False,0.0
2025-05-08 17:00:00+00:00,123.13,123.18,122.335,123.17,7855.0,116.12609685726724,130.866515601049,"rgba(38, 166, 154, 1.0)",9.26180962315147,129.18763540721554,-0.6497256639969615,4,0.2460595860963497,0.9842383443853988,0.0,0.0,0.0,0.0,61.68807401047312,8.236891814458353,True,False,True,False,False,0.0
2025-05-09 17:00:00+00:00,122.53,123.92,122.53,123.48,1974.0,116.27970414500287,130.862621196431,"rgba(38, 166, 154, 1.0)",9.054287440934749,129.18688330270513,-0.6302962369964206,4,0.24673116583800603,0.9869246633520241,0.0,0.0,0.0,0.0,63.118594451794,8.236891814458353,True,False,True,False,True,0.0
2025-05-12 17:00:00+00:00,128.72,129.53,128.06,129.28,1350.0,116.46240831287142,130.65394686487204,"rgba(38, 166, 154, 1.0)",8.774242967781511,128.6925874567874,0.06694737601517725,4,0.24739492477492775,0.989579699099711,0.0,0.0,0.0,0.0,67.49969453601157,12.230007789316538,True,False,True,False,True,2.687523942567072
2025-05-13 17:00:00+00:00,128.85,129.39,128.635,128.89,6538.0,117.27856601602,130.71822816570767,"rgba(38, 166, 154, 1.0)",8.490756117181027,128.7854470193602,0.012313742050396712,4,0.24870038390322113,0.9948015356128845,0.0,0.0,0.0,0.0,69.85221976054407,14.459202463336212,True,False,True,False,True,2.372742150010353
2025-05-14 17:00:00+00:00,127.77,127.77,126.88,127.02,4346.0,117.6919405283394,130.70930812735156,"rgba(38, 166, 154, 1.0)",8.268588783370111,128.78335957250795,-0.21326003973670118,4,0.2500932851841833,1.0003731407367331,0.0,0.0,0.0,0.0,68.74646043816338,14.459202463336212,True,False,True,False,True,0.8686596450198714
2025-05-15 17:00:00+00:00,127.265,128.455,127.11,128.065,1487.0,117.8347596998645,130.7157144432871,"rgba(38, 166, 154, 1.0)",7.971223462900849,128.794350478591,-0.09149793403553563,4,0.25141999255607844,1.0056799702243138,0.0,0.0,0.0,0.0,68.71606223405416,14.459202463336212,True,False,True,False,True,1.6813900393113101
2025-05-16 17:00:00+00:00,128.48,128.72,127.13,127.365,4883.0,118.27072621795101,130.7343233878126,"rgba(38, 166, 154, 1.0)",7.674917980605037,128.82743481566297,-0.19054728915131489,4,0.25233432408157563,1.0093372963263025,0.0,0.0,0.0,0.0,67.6529004120481,14.459202463336212,True,False,True,False,False,1.1110315226151357
2025-05-19 17:00:00+00:00,125.58,125.67,124.37,124.43,3763.0,118.48572408671717,130.70252990278559,"rgba(38, 166, 154, 1.0)",7.448954188038811,128.79641085851347,-0.5861777033781257,4,0.2530127661265812,1.0120510645063248,0.0,0.0,0.0,0.0,63.07968615094344,18.07722504504099,True,False,True,False,False,0.0
2025-05-20 17:00:00+00:00,125.18,125.565,124.67,125.565,7369.0,118.89511621714621,130.669982150542,"rgba(38, 166, 154, 1.0)",7.070034922885192,128.77233714269425,-0.453652234773599,4,0.25423096758059227,1.016923870322369,0.0,0.0,0.0,0.0,61.12834644894354,16.18802646723688,True,False,True,False,False,0.0
2025-05-21 17:00:00+00:00,123.53,123.73,119.285,119.41,25238.0,119.2229352293146,130.29447886502243,"rgba(239, 83, 80, 1.0)",6.556093462306029,128.37124950805367,-1.366858108350038,4,0.2547183659912693,1.0188734639650772,0.0,0.0,0.0,0.0,54.03558388539046,9.641923278792682,True,False,True,False,False,0.0
2025-05-22 17:00:00+00:00,118.175,119.55,117.905,118.245,2628.0,119.21143142211726,130.24752755476885,"rgba(239, 83, 80, 1.0)",6.381894263257009,128.32024544770556,-1.5787233432732617,4,0.25459362965912347,1.0183745186364939,0.0,0.0,0.0,0.0,48.50040066576774,4.785866805465837,False,False,False,True,False,0.0
2025-05-23 17:00:00+00:00,117.73,118.775,117.73,118.08,747.0,119.20639206914935,129.4455073554571,"rgba(239, 83, 80, 1.0)",6.215248929227016,127.17728456141013,-1.463703974692057,4,0.2550325843694591,1.0201303374778363,0.0,0.0,0.0,0.0,44.69070962113286,1.5403673373358728,False,True,False,True,False,0.0
2025-05-26 17:00:00+00:00,118.08,118.08,118.08,118.08,0.0,119.20639206914935,129.4455073554571,"rgba(239, 83, 80, 1.0)",6.041278579396844,127.17728456141013,-1.505854173392282,4,0.25587066297685856,1.0234826519074343,0.0,0.0,0.0,0.0,42.150915591376275,-0.6583509891300281,False,True,False,True,False,0.0
2025-05-27 17:00:00+00:00,121.24,122.23,121.235,121.74,5915.0,119.30191086999095,129.55164111817822,"rgba(239, 83, 80, 1.0)",5.896881656458398,127.3273289486402,-0.9475056943903286,4,0.25720843700265283,1.0288337480106113,0.0,0.0,0.0,0.0,44.90477430860902,-0.6583509891300281,False,True,False,True,False,0.0
2025-05-28 17:00:00+00:00,121.34,121.58,120.1,120.1,3246.0,119.32813847004105,129.50329023548184,"rgba(239, 83, 80, 1.0)",5.814579577034174,127.27686042142123,-1.234287075503732,4,0.2579975173025954,1.0319900692103816,0.0,0.0,0.0,0.0,45.11819661710468,-0.6583509891300281,False,True,False,True,True,0.0
2025-05-29 17:00:00+00:00,120.11,120.49,119.87,120.295,1220.0,119.33488195177479,129.48403008863775,"rgba(239, 83, 80, 1.0)",5.686115722443069,127.25658312081883,-1.2243125994325965,4,0.2588984590646509,1.0355938362586037,0.0,0.0,0.0,0.0,45.49192415976337,-0.6583509891300281,False,True,False,True,True,0.0
2025-05-30 17:00:00+00:00,119.57,121.11,119.57,120.62,807.0,119.34035870140512,129.47303871473326,"rgba(239, 83, 80, 1.0)",5.562820952984213,127.24533075054529,-1.191001976612439,4,0.25899506608505796,1.0359802643402318,0.0,0.0,0.0,0.0,46.15950031169526,-0.6583509891300281,False,False,False,True,True,0.0
2025-06-02 17:00:00+00:00,121.27,121.82,121.23,121.66,4102.0,119.39546862980211,129.44620738284945,"rgba(239, 83, 80, 1.0)",5.432471255878964,127.22379019030494,-1.024172964428273,4,0.25891362735188983,1.0356545094075593,0.0,0.0,0.0,0.0,47.9616343578636,-0.6583509891300281,False,False,False,False,True,0.0
2025-06-03 17:00:00+00:00,121.96,122.52,121.435,121.81,5881.0,119.48192446461822,129.413063278699,"rgba(239, 83, 80, 1.0)",5.313503282688394,127.19919460724358,-1.0142450885090808,4,0.2587841419765007,1.0351365679060027,0.0,0.0,0.0,0.0,49.363658751578,-6.430928023873349,False,False,False,False,True,0.0
2025-06-04 17:00:00+00:00,122.77,125.1,122.77,125.075,3048.0,119.56615674031377,129.42483860445236,"rgba(38, 166, 154, 1.0)",5.181575535204734,127.22164102719287,-0.4142834573399793,4,0.2603348636923591,1.0413394547694363,0.0,0.0,0.0,0.0,54.0178357566284,-1.7982460768854338,True,False,True,False,True,0.15874967467085455
2025-06-05 17:00:00+00:00,126.56,127.23,125.56,126.09,5291.0,119.7637019112475,129.47550680676494,"rgba(38, 166, 154, 1.0)",5.152380321072792,127.29694998596867,-0.23425095019331965,4,0.2625460731848256,1.0501842927393024,0.0,0.0,0.0,0.0,58.042751706684655,2.0430647143457676,True,False,True,False,True,0.9978012758678787
2025-06-06 17:00:00+00:00,125.96,126.35,125.695,126.25,3851.0,119.89626000289807,129.50062869673798,"rgba(38, 166, 154, 1.0)",5.162869847581698,127.3371073056675,-0.21056260137502897,4,0.2652900587792421,1.0611602351169684,0.0,0.0,0.0,0.0,60.87522829953268,4.714773825954509,True,False,True,False,True,1.131011528790495
2025-06-09 17:00:00+00:00,126.68,127.28,126.555,126.555,653.0,119.92065838039595,129.5059617362054,"rgba(38, 166, 154, 1.0)",5.185947820099813,127.34519379045088,-0.15237210590284395,4,0.2681535739195155,1.072614295678062,0.0,0.0,0.0,0.0,63.070592672948386,6.8341287529786285,True,False,True,False,True,1.3887569518240497
2025-06-10 17:00:00+00:00,128.35,129.685,128.03,129.685,1473.0,119.99355568268905,129.52928755194577,"rgba(38, 166, 154, 1.0)",5.231620632408914,127.37710011388486,0.44114435053224776,4,0.2720936345461065,1.088374538184426,0.0,0.0,0.0,0.0,67.15004588878392,10.706449158338785,True,False,True,False,True,3.9835699757738823
2025-06-11 17:00:00+00:00,129.52,129.88,128.625,128.765,2611.0,120.11937648882835,129.5673191388888,"rgba(38, 166, 154, 1.0)",5.258404892076514,127.42950999746316,0.25397245551577374,4,0.276503916413462,1.106015665653848,0.0,0.0,0.0,0.0,68.0155670228986,11.610597049555551,True,False,True,False,True,3.1572493409329034
2025-06-12 17:00:00+00:00,129.115,130.185,129.115,129.76,1230.0,120.18131308213637,129.58650181147726,"rgba(38, 166, 154, 1.0)",5.3002653231230505,127.45567927176074,0.4347557316020329,3,0.3109734661501391,0.9329203984504173,0.0,0.0,0.0,0.0,69.42411192066616,13.159207381025425,True,False,True,False,True,3.9772580244255273
2025-06-13 17:00:00+00:00,127.99,127.99,126.76,127.22,951.0,120.21688329632498,129.5935302492857,"rgba(38, 166, 154, 1.0)",5.278490043103267,127.46644889371113,-0.04668927888442948,3,0.3175826992645452,0.9527480977936356,0.0,0.0,0.0,0.0,65.75260400969186,13.159207381025425,True,False,True,False,False,1.696926351433678
2025-06-16 17:00:00+00:00,129.56,129.56,128.08,128.08,393.0,120.23404681519727,129.59794999230843,"rgba(38, 166, 154, 1.0)",5.311446782085285,127.4727285051961,0.11433259518896932,5,0.27753465477779826,1.3876732738889914,0.0,0.0,0.0,0.0,64.24726808724232,13.159207381025425,True,False,True,False,False,2.4209387005246015
2025-06-17 17:00:00+00:00,127.06,127.495,126.41,127.285,4152.0,120.37909138264114,129.62210837124724,"rgba(38, 166, 154, 1.0)",5.333648052651652,127.511690579541,-0.04250197562778805,5,0.2864859294017174,1.432429647008587,0.0,0.0,0.0,0.0,61.896047938703326,18.037050613996513,True,False,True,False,False,1.706282239655291
2025-06-18 17:00:00+00:00,127.635,129.28,127.635,129.28,3855.0,120.54061383443356,129.6605827941897,"rgba(38, 166, 154, 1.0)",5.357744829465366,127.56703225921304,0.3197180521487988,5,0.29310478123848505,1.4655239061924252,0.0,0.0,0.0,0.0,62.57028135237954,18.037050613996513,True,False,True,False,False,3.398707311589572
2025-06-19 17:00:00+00:00,129.28,129.28,129.28,129.28,0.0,120.54061383443356,129.6605827941897,"rgba(38, 166, 154, 1.0)",5.424755536486031,127.56703225921304,0.31576865155781125,5,0.302742061593967,1.513710307969835,0.0,0.0,0.0,0.0,63.019770294830344,18.037050613996513,True,False,True,False,False,3.398707311589572
2025-06-20 17:00:00+00:00,129.125,129.32,128.13,128.87,2470.0,120.64137202826306,129.68352499836428,"rgba(38, 166, 154, 1.0)",5.4872651764902285,127.60031647854929,0.2313873087254064,5,0.3128152207566618,1.564076103783309,0.0,0.0,0.0,0.0,62.4829567572614,17.68651226369083,True,False,True,False,False,3.013229167727925
2025-06-23 17:00:00+00:00,129.875,132.055,129.875,131.87,3566.0,120.82585475661847,129.73925465582624,"rgba(38, 166, 154, 1.0)",5.61900361065748,127.6754354435781,0.7464961489731278,4,0.3449390592044442,1.3797562368177767,0.0,0.0,0.0,0.0,65.26688637134393,17.68651226369083,True,False,True,False,True,5.5623883407562005
2025-06-24 17:00:00+00:00,132.49,133.28,132.23,132.89,1224.0,120.89679273471175,129.70932232848526,"rgba(38, 166, 154, 1.0)",5.7723652989177126,127.60255806626482,0.915992259659404,4,0.3363908585363339,1.3455634341453355,0.0,0.0,0.0,0.0,67.95346694884208,12.969292805966177,True,False,True,False,True,6.40511903050713
2025-06-25 17:00:00+00:00,130.32,130.32,128.14,128.275,5254.0,121.09555488950352,129.59264379848744,"rgba(38, 166, 154, 1.0)",5.823163631969303,127.46707614455843,0.13874311396747496,4,0.3569098032143704,1.4276392128574815,0.0,0.0,0.0,0.0,62.336439175265625,17.654503937528347,True,False,True,False,False,2.0858132388403128
2025-06-26 17:00:00+00:00,130.3,130.71,129.25,130.6,4413.0,121.28105518437174,129.64917921983195,"rgba(38, 166, 154, 1.0)",5.905997678342061,127.54551485067478,0.5171836014305166,4,0.27083881983442076,1.083355279337683,0.0,0.0,0.0,0.0,60.981159919159,16.43572001294943,False,False,True,False,False,4.021843440196086
2025-06-27 17:00:00+00:00,132.5,133.145,129.995,130.94,5770.0,121.54296385867728,129.74631617738567,"rgba(38, 166, 154, 1.0)",5.999066941714887,127.67596065573719,0.5440911688392924,5,0.2508442622375969,1.2542213111879845,0.0,0.0,0.0,0.0,60.405209626545336,15.786539358023262,False,False,True,False,False,4.301959078378179
2025-06-30 17:00:00+00:00,130.105,131.15,129.725,130.905,2932.0,121.66091228584845,129.7763266448472,"rgba(38, 166, 154, 1.0)",6.079446203738413,127.71836330375032,0.5241656212518389,5,0.2538847373003595,1.2694236865017974,0.0,0.0,0.0,0.0,59.96752321137525,15.130500963231057,False,False,True,False,False,4.2690981666831505
2025-07-01 17:00:00+00:00,132.52,132.52,130.96,130.96,4945.0,121.8720942899476,129.84258580962182,"rgba(38, 166, 154, 1.0)",6.167021659127638,127.8087022280628,0.5109918443813247,5,0.2553212046062535,1.2766060230312677,0.0,0.0,0.0,0.0,59.740983753773655,14.580351074357239,False,False,True,False,False,4.316064319250106
2025-07-02 17:00:00+00:00,130.81,130.81,129.85,130.43,7887.0,122.15370853640245,129.90088462656462,"rgba(38, 166, 154, 1.0)",6.237690839486538,127.894749773461,0.4064405068763712,5,0.2552816750548081,1.2764083752740405,0.0,0.0,0.0,0.0,58.61530269437989,13.166552752065279,False,False,True,False,False,3.801549779240297
2025-07-03 17:00:00+00:00,133.245,133.245,133.245,133.245,0.0,122.15370853640245,129.90088462656462,"rgba(38, 166, 154, 1.0)",6.365038799483015,127.894749773461,0.8405683602389925,5,0.25451726043884076,1.2725863021942039,0.0,0.0,0.0,0.0,61.17555365321253,13.166552752065279,False,False,True,False,True,6.219666322906015
2025-07-04 17:00:00+00:00,133.245,133.245,133.245,133.245,0.0,122.15370853640245,129.90088462656462,"rgba(38, 166, 154, 1.0)",6.489056252958463,127.894749773461,0.8245035977457801,5,0.25343433598094905,1.2671716799047452,0.0,0.0,0.0,0.0,62.882387625767635,13.166552752065279,True,False,True,False,True,6.219666322906026
2025-07-07 17:00:00+00:00,130.46,131.005,129.98,130.58,3153.0,122.26320369325177,129.92465623065783,"rgba(38, 166, 154, 1.0)",6.5359654352801195,127.92960098859768,0.40550994916464655,5,0.2540205894423389,1.2701029472116945,0.0,0.0,0.0,0.0,59.28491718481229,13.166552752065279,False,False,True,False,False,3.5885935101406545
2025-07-08 17:00:00+00:00,131.86,131.86,130.95,131.035,2367.0,122.35093142754596,129.9482067867105,"rgba(38, 166, 154, 1.0)",6.605401970978259,127.9626019931572,0.465134146315668,5,0.2539617641626307,1.2698088208131537,0.0,0.0,0.0,0.0,57.51791226580053,12.100164131058435,False,True,True,False,False,3.989352475327639
2025-07-09 17:00:00+00:00,131.21,132.36,131.21,132.235,1292.0,122.40155102519134,129.9636042485707,"rgba(38, 166, 154, 1.0)",6.696839026432636,127.98365830114471,0.6348281154848009,5,0.2537858693389282,1.268929346694641,0.0,0.0,0.0,0.0,57.95011648964914,12.100164131058435,False,False,True,False,False,5.045860624738914
2025-07-10 17:00:00+00:00,134.89,135.68,134.22,134.545,3577.0,122.58045217259337,130.03854449656484,"rgba(38, 166, 154, 1.0)",6.835282550820765,128.0807547445441,0.9457173434154058,5,0.25007454147771335,1.2503727073885669,0.0,0.0,0.0,0.0,60.78118246551385,12.100164131058435,False,False,True,False,True,7.032216876472667
2025-07-11 17:00:00+00:00,133.535,135.06,133.51,134.545,4601.0,122.79505499098755,130.12162823818625,"rgba(38, 166, 154, 1.0)",6.960217857986625,128.18927180230799,0.9131507558199503,5,0.24599728807093216,1.2299864403546608,0.0,0.0,0.0,0.0,62.668559782757,8.087485647445483,True,False,True,False,True,7.032216876472667
2025-07-14 17:00:00+00:00,135.28,135.65,135.145,135.35,1401.0,122.86442494754785,130.15009633656774,"rgba(38, 166, 154, 1.0)",7.100147092754067,128.22605165496435,1.0033522196048397,5,0.2415128316345588,1.207564158172794,0.0,0.0,0.0,0.0,64.77160975886962,10.139399607191194,True,False,True,False,True,7.72536621801396
2025-07-15 17:00:00+00:00,133.29,134.205,133.005,133.825,5426.0,123.09042799385782,130.2274816191172,"rgba(38, 166, 154, 1.0)",7.20461306611519,128.32876357328334,0.7628773920651762,5,0.23871547038814983,1.193577351940749,0.0,0.0,0.0,0.0,62.98583981851516,10.139399607191194,True,False,True,False,True,6.126058713285161
2025-07-16 17:00:00+00:00,135.57,136.665,135.57,136.365,3824.0,123.28071458847344,130.30630465749104,"rgba(38, 166, 154, 1.0)",7.35871217863107,128.43000647088064,1.0783127993729336,5,0.23435781960655616,1.1717890980327808,0.0,0.0,0.0,0.0,64.58513533078082,10.139399607191194,True,False,True,False,True,8.317075535992519
2025-07-17 17:00:00+00:00,137.67,139.15,137.67,138.93,1635.0,123.37509858473067,130.34975414854816,"rgba(38, 166, 154, 1.0)",7.520762796155809,128.48488091585324,1.3888377239454655,5,0.22844634394073454,1.1422317197036727,0.0,0.0,0.0,0.0,67.68964311431529,12.922894732284675,True,False,True,False,True,10.433607705080597
2025-07-18 17:00:00+00:00,138.6,139.14,137.98,138.155,1200.0,123.44292021080169,130.38050096770476,"rgba(38, 166, 154, 1.0)",7.575581638538883,128.52375270487337,1.2713541685208773,5,0.22376365723229025,1.1188182861614513,0.0,0.0,0.0,0.0,68.26636464819421,13.556919927299319,True,False,True,False,True,9.605669432216459
2025-07-21 17:00:00+00:00,140.58,140.975,139.53,139.885,6934.0,123.86642008181468,130.58060927274335,"rgba(38, 166, 154, 1.0)",7.61414298798274,128.7745878492791,1.4591809174395918,5,0.21781790025583367,1.0890895012791684,0.0,0.0,0.0,0.0,69.99737692063187,15.339883104455865,True,False,True,False,True,11.018028605705723
2025-07-22 17:00:00+00:00,141.53,141.795,140.15,140.15,4395.0,124.132891724961,130.70544929021023,"rgba(38, 166, 154, 1.0)",7.538020528991733,128.93066423256226,1.4883663057545973,5,0.2122115419464648,1.061057709732324,0.0,0.0,0.0,0.0,71.34829328825242,16.775256166981492,True,False,True,False,True,11.23329326695486
2025-07-23 17:00:00+00:00,139.45,140.355,138.87,139.97,10093.0,124.68010967755387,130.9468626360781,"rgba(38, 166, 154, 1.0)",7.646005521344968,129.2338378805343,1.4041530691410158,5,0.20744767824055116,1.0372383912027558,0.0,0.0,0.0,0.0,71.83610994797235,17.45126493031951,True,False,True,False,True,11.032671022521942
2025-07-24 17:00:00+00:00,141.66,142.42,141.215,141.755,5106.0,124.97858392557704,131.08515602935736,"rgba(38, 166, 154, 1.0)",7.7003985786630285,129.4057799163582,1.6037118023812624,5,0.20173492727783052,1.0086746363891526,0.0,0.0,0.0,0.0,73.58631561793264,19.322286780305475,True,False,True,False,True,12.50395427518432
2025-07-25 17:00:00+00:00,141.595,142.79,141.595,142.51,4179.0,125.2222916105484,131.1984441766544,"rgba(38, 166, 154, 1.0)",7.76200964388199,129.54629549360544,1.6701479515182682,5,0.1961331828501951,0.9806659142509755,0.0,0.0,0.0,0.0,75.28479254148843,21.09879952022719,True,False,True,False,True,13.118258157495564
2025-07-28 17:00:00+00:00,142.0,142.15,139.59,139.7,5398.0,125.4946587850127,131.31666939613194,"rgba(38, 166, 154, 1.0)",7.791007897188871,129.69409257141115,1.2842892165722415,5,0.19255263496577205,0.9627631748288602,0.0,0.0,0.0,0.0,70.49795352319921,24.94524780296473,True,False,True,False,False,9.947137532867224
2025-07-29 17:00:00+00:00,147.37,148.6,147.2,148.455,10278.0,126.23724685609014,131.6963410727413,"rgba(38, 166, 154, 1.0)",8.050433507436912,130.15702035081634,2.2729185493278314,4,0.2061852505503393,0.8247410022013572,0.0,0.0,0.0,0.0,73.05960468582975,24.94524780296473,True,False,True,False,True,16.625828423737154
2025-07-30 17:00:00+00:00,148.385,149.5,146.0,147.74,6508.0,126.67582401767882,131.91668037005294,"rgba(38, 166, 154, 1.0)",8.246612751541035,130.42536411635467,2.0996057903179426,4,0.1988324538515303,0.7953298154061212,0.0,0.0,0.0,0.0,73.75108314243592,24.94524780296473,True,False,True,False,True,15.84856750471178
2025-07-31 17:00:00+00:00,153.6,154.53,150.705,150.915,15347.0,127.83992178913455,132.52787414628443,"rgba(38, 166, 154, 1.0)",8.53628803962828,131.16290109052176,2.3138978930634067,4,0.19091544503382601,0.7636617801353041,0.0,0.0,0.0,0.0,75.56352219070338,20.815494249160622,True,False,True,False,True,18.038068936281775
2025-08-01 17:00:00+00:00,150.01,151.61,149.91,150.71,7354.0,128.33258929381034,132.78073271624757,"rgba(38, 166, 154, 1.0)",8.781821185456844,131.46772608574236,2.19114845405004,4,0.183812310550579,0.735249242202316,0.0,0.0,0.0,0.0,76.46285170707924,21.8041445738115,True,False,True,False,True,17.811726038317502
2025-08-04 17:00:00+00:00,152.935,153.135,151.835,151.98,3196.0,128.55472522239256,132.89664091841848,"rgba(38, 166, 154, 1.0)",8.967799482010893,131.60699029631894,2.271795856335618,3,0.2027204922560383,0.6081614767681149,0.0,0.0,0.0,0.0,77.60894147785719,23.079138970138374,True,False,True,False,True,18.677907235672887
2025-08-05 17:00:00+00:00,155.35,156.68,155.1,156.585,6648.0,129.07577749598877,133.17778643686486,"rgba(38, 166, 154, 1.0)",9.330818783052614,131.9430530684571,2.640920106207572,3,0.1933548715205651,0.5800646145616953,0.0,0.0,0.0,0.0,79.94930924317319,25.449161019582846,True,False,True,False,True,20.0
2025-08-06 17:00:00+00:00,156.2,157.0,155.43,156.605,2311.0,129.2537816685121,133.2738985137129,"rgba(38, 166, 154, 1.0)",9.698453566243527,132.0577844850817,2.5310442894068617,3,0.18526618820135984,0.5557985646040795,0.0,0.0,0.0,0.0,81.51543737785684,27.05766101158396,True,False,True,False,True,20.0
2025-08-07 17:00:00+00:00,157.0,157.415,156.1,156.89,8018.0,129.86386022648807,133.6042647635589,"rgba(38, 166, 154, 1.0)",10.049571568565343,132.45148474796247,2.431796727382908,3,0.17816500043061465,0.5344950012918439,0.0,0.0,0.0,0.0,82.65202291124787,28.286017034969973,True,False,True,False,True,20.0
2025-08-08 17:00:00+00:00,157.72,158.49,157.04,157.23,8207.0,130.47835521903255,133.93895604678943,"rgba(38, 166, 154, 1.0)",10.350602165970987,132.84927513761613,2.3554885475686436,3,0.1718992553938555,0.5156977661815665,0.0,0.0,0.0,0.0,83.5287603287084,29.308454059332362,True,False,True,False,True,20.0
2025-08-11 17:00:00+00:00,157.105,157.28,154.59,154.865,8079.0,131.0143410178607,134.22674092428483,"rgba(38, 166, 154, 1.0)",10.580535346816353,133.19117345874713,2.0484621836998502,3,0.16706644219466368,0.501199326583991,0.0,0.0,0.0,0.0,79.66831736294091,29.308454059332362,True,False,True,False,False,19.31528954584672
2025-08-12 17:00:00+00:00,156.985,158.535,156.68,158.225,5714.0,131.41306368962375,134.4449791743271,"rgba(38, 166, 154, 1.0)",10.8973692924256,133.4495604952251,2.273524815020765,3,0.16167452251090098,0.4850235675327029,0.0,0.0,0.0,0.0,78.96433878474554,33.2846055369813,True,False,True,False,False,20.0
2025-08-13 17:00:00+00:00,160.24,162.17,160.24,161.64,2319.0,131.59274620893498,134.54560096372222,"rgba(38, 166, 154, 1.0)",11.312422396130428,133.56832219449933,2.481491304205805,3,0.1558135108862048,0.4674405326586144,0.0,0.0,0.0,0.0,79.8871093335,33.2846055369813,True,False,True,False,False,20.0
2025-08-14 17:00:00+00:00,160.99,162.41,160.89,162.19,11735.0,132.48405645258524,135.04710997360058,"rgba(38, 166, 154, 1.0)",11.698416193718113,134.15904789656494,2.3961322318560767,3,0.1505731159286985,0.45171934778609546,0.0,0.0,0.0,0.0,80.7008871365855,33.2846055369813,True,False,True,False,False,20.0
2025-08-15 17:00:00+00:00,162.61,163.13,162.0,162.69,3568.0,132.7516316712807,135.19869534366094,"rgba(38, 166, 154, 1.0)",12.098298851826764,134.3371901748595,2.3435369031952296,2,0.16941401923424726,0.3388280384684945,0.0,0.0,0.0,0.0,81.43354967189613,33.2846055369813,True,False,True,False,True,20.0
2025-08-18 17:00:00+00:00,163.275,163.98,162.855,163.575,5293.0,133.15115576687592,135.42638606199938,"rgba(38, 166, 154, 1.0)",12.492834347218073,134.60437744124764,2.318979164660387,2,0.16436885075623808,0.32873770151247617,0.0,0.0,0.0,0.0,82.26626490500855,33.2846055369813,True,False,True,False,True,20.0
2025-08-19 17:00:00+00:00,163.825,164.475,163.55,164.475,1148.0,133.23840073705077,135.47633409289776,"rgba(38, 166, 154, 1.0)",12.824756321377308,134.66292681625634,2.3245722910189377,2,0.1595390696383622,0.3190781392767244,0.0,0.0,0.0,0.0,83.16757417407328,33.2846055369813,True,False,True,False,True,20.0
2025-08-20 17:00:00+00:00,164.15,164.43,162.81,162.81,5262.0,133.62170218324766,135.69532940933422,"rgba(38, 166, 154, 1.0)",13.110741813524715,134.91950872412045,2.12730077920598,2,0.15558043597090412,0.31116087194180825,0.0,0.0,0.0,0.0,80.41032858210507,33.2846055369813,True,False,True,False,False,20.0
2025-08-21 17:00:00+00:00,161.57,162.74,161.57,162.74,6250.0,134.0495886565386,135.9394111913172,"rgba(38, 166, 154, 1.0)",13.39685255223445,135.20518907864766,2.0553193978954285,2,0.152615468043399,0.305230936086798,0.0,0.0,0.0,0.0,78.43294704046662,32.041057359817245,True,False,True,False,False,20.0
2025-08-22 17:00:00+00:00,168.3,169.41,167.38,167.38,3961.0,134.36759264155722,136.12546873531966,"rgba(38, 166, 154, 1.0)",13.790068188687572,135.42229476416375,2.317443597708397,2,0.1493920092211809,0.2987840184423618,0.0,0.0,0.0,0.0,79.61334391557189,32.041057359817245,True,False,True,False,False,20.0
2025-08-25 17:00:00+00:00,167.845,169.005,167.845,169.005,6195.0,134.86129370927674,136.41561896317592,"rgba(38, 166, 154, 1.0)",14.255770341726194,135.7603889169,2.332010847971789,2,0.1464338339260724,0.2928676678521448,0.0,0.0,0.0,0.0,81.0234692829006,32.041057359817245,True,False,True,False,True,20.0
2025-08-26 17:00:00+00:00,169.49,169.49,166.985,166.985,3781.0,135.1487194257492,138.13795556590745,"rgba(38, 166, 154, 1.0)",14.62796157216585,137.89824192476362,1.9884354994876936,2,0.14477413660636126,0.28954827321272253,0.0,0.0,0.0,0.0,78.42336529053861,32.041057359817245,True,False,True,False,False,20.0
2025-08-27 17:00:00+00:00,166.215,167.2,165.63,166.59,6736.0,135.6279462205143,138.3703483860665,"rgba(38, 166, 154, 1.0)",14.945864908558114,138.16101053067985,1.9021307661520148,2,0.1423699010158588,0.2847398020317176,0.0,0.0,0.0,0.0,76.02825534269456,29.946661604675214,True,False,True,False,False,20.0
2025-08-28 17:00:00+00:00,165.45,165.98,165.31,165.64,5664.0,136.00916065718604,138.56668071802034,"rgba(38, 166, 154, 1.0)",15.226044805938155,138.38398800462494,1.790091408685807,2,0.1408404325831747,0.2816808651663494,0.0,0.0,0.0,0.0,72.80871213709355,26.998455851601136,False,False,True,False,False,20.0
2025-08-29 17:00:00+00:00,165.22,165.37,164.71,165.22,2239.0,136.15448471779405,138.64184124336512,"rgba(38, 166, 154, 1.0)",15.468082280665733,138.46929218893848,1.729413338103228,2,0.1395499842952289,0.2790999685904578,0.0,0.0,0.0,0.0,69.93509771217725,24.4182690902134,False,True,True,False,False,20.0
2025-09-01 17:00:00+00:00,165.22,165.22,165.22,165.22,0.0,136.15448471779405,138.64184124336512,"rgba(38, 166, 154, 1.0)",15.65473966222037,138.46929218893848,1.7087928888155886,2,0.13814777628028135,0.2762955525605627,0.0,0.0,0.0,0.0,68.01935476223306,22.702567284800466,False,True,True,False,False,20.0
2025-09-02 17:00:00+00:00,161.22,161.89,160.835,161.35,1273.0,136.2258670431067,138.6662621544517,"rgba(239, 83, 80, 1.0)",15.759157230118849,138.49565244673573,1.4502265076450351,2,0.1375303722853986,0.2750607445707972,0.0,0.0,0.0,0.0,60.812925248762845,16.157478554274576,False,True,True,False,False,17.861923258907545
2025-09-03 17:00:00+00:00,160.445,161.25,160.11,160.85,1870.0,136.32741972863272,139.8277159366441,"rgba(239, 83, 80, 1.0)",15.743129949397199,140.03943602461845,1.3218822459239354,2,0.13712628091486795,0.2742525618297359,0.0,0.0,0.0,0.0,55.40977472935123,11.50411905566802,False,True,True,False,False,17.285515064307802
2025-09-04 17:00:00+00:00,164.15,165.6,163.78,165.445,3277.0,136.5336770005492,140.07381278991133,"rgba(239, 83, 80, 1.0)",15.77038396848716,140.3331120334252,1.592344740416853,2,0.13614086013164167,0.27228172026328334,0.0,0.0,0.0,0.0,57.08647638121705,11.50411905566802,False,True,True,False,False,20.0
2025-09-05 17:00:00+00:00,165.325,166.57,165.13,165.88,2016.0,136.66314935422812,140.1830285597161,"rgba(239, 83, 80, 1.0)",15.777547511209455,140.46076731482117,1.6111016409311558,2,0.1352437831567906,0.2704875663135812,0.0,0.0,0.0,0.0,58.59389768338831,11.50411905566802,False,True,True,False,True,20.0
2025-09-08 17:00:00+00:00,166.655,167.29,166.43,166.7,3125.0,136.8680346896873,140.34750103854546,"rgba(38, 166, 154, 1.0)",15.775137575962486,140.65216092403418,1.6511956837483592,2,0.13471801327525623,0.26943602655051246,0.0,0.0,0.0,0.0,60.35341514093664,11.50411905566802,False,True,True,False,True,20.0
2025-09-09 17:00:00+00:00,165.005,167.02,165.005,166.36,3332.0,137.07856498176758,140.4844687015005,"rgba(38, 166, 154, 1.0)",15.81257207853111,140.808668655865,1.6158871066160267,2,0.1341667787082534,0.2683335574165068,0.0,0.0,0.0,0.0,60.9565059913747,11.50411905566802,False,True,True,False,True,20.0
2025-09-10 17:00:00+00:00,165.51,166.63,164.98,165.125,1518.0,137.17168063172426,140.53899615918493,"rgba(38, 166, 154, 1.0)",15.77194032291374,140.87028872313323,1.537839402145665,2,0.1336430140569383,0.2672860281138766,0.0,0.0,0.0,0.0,59.31547189272211,11.50411905566802,False,True,True,False,True,19.402492935642105
2025-09-11 17:00:00+00:00,167.845,168.455,167.37,168.295,2468.0,137.3347854792898,142.13211530521178,"rgba(38, 166, 154, 1.0)",15.772258366574668,142.9730554036824,1.6054736111843741,2,0.13273468600492846,0.26546937200985693,0.0,0.0,0.0,0.0,61.46945187967836,11.50411905566802,False,True,True,False,True,20.0
2025-09-12 17:00:00+00:00,166.605,167.755,166.15,166.61,2884.0,137.51583813866594,142.21259740459539,"rgba(38, 166, 154, 1.0)",15.720994810120075,143.05943974770275,1.4980324423958882,2,0.1323003647264821,0.2646007294529642,0.0,0.0,0.0,0.0,60.339687576796095,11.50411905566802,False,True,True,False,True,19.570098769368215
2025-09-15 17:00:00+00:00,167.22,167.34,166.66,166.66,2552.0,137.67446632142264,142.30182253119764,"rgba(38, 166, 154, 1.0)",15.66828185214322,143.15841218540248,1.4999467099440005,2,0.13176040731853272,0.26352081463706545,0.0,0.0,0.0,0.0,59.64088480430678,11.50411905566802,False,True,True,False,True,19.60479963094275
2025-09-16 17:00:00+00:00,166.43,166.73,165.41,165.845,1816.0,137.78289267503212,142.35099683296897,"rgba(38, 166, 154, 1.0)",15.581199329337352,143.21125681699556,1.4526316430846293,2,0.131356738587795,0.26271347717559,0.0,0.0,0.0,0.0,57.88195421915988,11.50411905566802,False,True,True,False,False,18.629872594602634
2025-09-17 17:00:00+00:00,165.93,168.175,164.85,165.055,1554.0,137.87512237874898,142.39611037627395,"rgba(38, 166, 154, 1.0)",15.525303177031384,143.26027700722335,1.403819477420605,2,0.13101914230732392,0.26203828461464784,0.0,0.0,0.0,0.0,55.482296671942116,10.598725795069328,False,True,True,False,False,17.68513233012938
2025-09-18 17:00:00+00:00,166.215,166.875,165.88,166.245,3446.0,138.07971334064908,142.50782320995137,"rgba(38, 166, 154, 1.0)",15.488880433720574,143.38343669311138,1.475998436731238,2,0.13067897698533942,0.26135795397067885,0.0,0.0,0.0,0.0,55.57467427370295,10.413882216197138,False,True,True,False,False,18.560469120994778
2025-09-19 17:00:00+00:00,165.24,165.63,164.33,164.435,1097.0,138.14072199360712,142.53167884336904,"rgba(38, 166, 154, 1.0)",15.409114151889062,143.4083236098911,1.3645610112850743,2,0.13039058142784093,0.26078116285568187,0.0,0.0,0.0,0.0,52.85278699571617,7.5931937927041275,False,True,True,False,False,16.3941042391456
2025-09-22 17:00:00+00:00,164.25,164.405,162.74,164.3,5412.0,138.4267192490273,142.6289841574455,"rgba(38, 166, 154, 1.0)",15.31583818490872,143.50666293544577,1.3576362464473348,2,0.1301697800276299,0.2603395600552598,0.0,0.0,0.0,0.0,50.84207909741005,5.5307076792251095,False,True,False,False,False,16.233328005217807
2025-09-23 17:00:00+00:00,164.4,164.405,161.79,162.65,8767.0,138.86136848777213,142.78308225856807,"rgba(38, 166, 154, 1.0)",15.241759847315693,143.66323219214084,1.2457070573253408,2,0.13052087778095894,0.2610417555619179,0.0,0.0,0.0,0.0,47.226664622973075,2.0561514512485815,False,True,False,True,False,14.274681419444153
2025-09-24 17:00:00+00:00,158.725,159.685,157.915,157.985,6181.0,139.1041084635112,142.7912898218675,"rgba(239, 83, 80, 1.0)",15.092118297399615,143.65309531841052,0.9496284351321902,2,0.1310718608464303,0.2621437216928606,0.0,0.0,0.0,0.0,40.593246392967956,-4.0169551511523665,False,True,False,True,False,9.06784306212835
2025-09-25 17:00:00+00:00,156.535,157.11,155.45,156.275,9856.0,139.435589551776,142.7734485742333,"rgba(239, 83, 80, 1.0)",14.93755575751972,143.60245464710448,0.8483680702926271,2,0.13158382149631387,0.26316764299262774,0.0,0.0,0.0,0.0,35.11856864549758,-8.801157620444215,False,True,False,True,False,7.273020116982085
2025-09-26 17:00:00+00:00,156.33,157.045,155.545,156.94,3401.0,139.54855623167316,142.78383231068426,"rgba(239, 83, 80, 1.0)",14.726638998399826,143.60560031250333,0.9054611638776211,2,0.13208365984305373,0.26416731968610746,0.0,0.0,0.0,0.0,32.68498591015998,-10.79268885357613,False,True,False,True,False,7.841989619932306
2025-09-29 17:00:00+00:00,156.71,158.6,156.29,157.47,20763.0,140.24367708222312,142.9830827128739,"rgba(239, 83, 80, 1.0)",14.523282372586275,143.79218082981052,0.9417856665795697,2,0.13213764465119682,0.26427528930239363,0.0,0.0,0.0,0.0,32.05766850316158,-11.335254567913609,False,True,False,True,False,8.297707624576699
2025-09-30 17:00:00+00:00,155.79,156.825,155.31,156.375,2520.0,140.31836937270586,143.00256866003048,"rgba(239, 83, 80, 1.0)",14.282464351608102,143.809617505328,0.8797769198182691,2,0.13231960757567252,0.26463921515134503,0.0,0.0,0.0,0.0,30.739030306046068,-12.732070939171564,False,True,False,True,False,7.122878502936292
2025-10-01 17:00:00+00:00,154.78,155.275,154.055,154.055,4126.0,140.4261442471366,143.01693138273004,"rgba(239, 83, 80, 1.0)",14.061705457994368,143.8174870554643,0.7280420554332874,2,0.13279684343714804,0.2655936868742961,0.0,0.0,0.0,0.0,28.24044685975444,-15.291986022476493,False,True,False,True,False,4.6928639304768005
2025-10-02 17:00:00+00:00,153.97,154.32,153.45,153.61,4837.0,140.54450053573305,143.02923467373262,"rgba(239, 83, 80, 1.0)",13.828418148707271,143.82165914632768,0.7078424117936719,2,0.1332480892223944,0.2664961784447888,0.0,0.0,0.0,0.0,26.296074062649716,-17.33987647227002,False,True,False,True,False,4.2339807491430115
2025-10-03 17:00:00+00:00,154.945,155.5,154.1,155.37,3036.0,140.62433723871106,143.04874158313345,"rgba(239, 83, 80, 1.0)",13.578629235637889,143.83842706984407,0.8492442594934884,2,0.13371313530147028,0.26742627060294055,0.0,0.0,0.0,0.0,28.56779236370934,-17.33987647227002,False,True,False,True,False,5.84113349261732
2025-10-06 17:00:00+00:00,153.14,154.46,152.41,152.47,14086.0,140.93657654939352,143.08842319379326,"rgba(239, 83, 80, 1.0)",13.37573961009701,143.8575062970018,0.6438891570898134,2,0.1346171797818729,0.2692343595637458,0.0,0.0,0.0,0.0,27.834658092317838,-17.33987647227002,False,True,False,True,False,2.8677609339673538
2025-10-07 17:00:00+00:00,151.115,152.15,150.86,151.84,3144.0,140.99584356764885,143.0897066722539,"rgba(239, 83, 80, 1.0)",13.18501087366786,143.8531583504889,0.6057516164405923,2,0.13548365865703793,0.27096731731407586,0.0,0.0,0.0,0.0,26.929194692847176,-17.340560739809916,False,True,False,True,False,2.2380162333575875
2025-10-08 17:00:00+00:00,152.08,152.33,150.84,151.605,3923.0,141.0687073685773,143.09304311959323,"rgba(239, 83, 80, 1.0)",12.880253102054086,143.84995006991403,0.6020883183459508,2,0.13714163842107957,0.27428327684215914,0.0,0.0,0.0,0.0,26.162224146277758,-18.453791235103704,False,True,False,True,False,2.0009856658714114
2025-10-09 17:00:00+00:00,151.87,152.59,151.63,152.26,2805.0,141.12297535319777,143.10029593841168,"rgba(239, 83, 80, 1.0)",12.618344388552286,143.8534956249796,0.6662129449127272,2,0.13906786306361202,0.27813572612722404,0.0,0.0,0.0,0.0,27.099089410065737,-18.453791235103704,False,True,False,True,False,2.6326167240154703
2025-10-10 17:00:00+00:00,151.235,151.32,149.53,149.53,598.0,141.13235740149577,143.60426159983882,"rgba(239, 83, 80, 1.0)",12.359435253796736,144.60508774945018,0.39847389054746035,2,0.14123513591516032,0.28247027183032064,0.0,0.0,0.0,0.0,25.668816571169174,-19.568777671946638,False,True,False,True,False,0.0
2025-10-13 17:00:00+00:00,149.53,153.32,149.53,153.185,2201.0,141.1739230726947,144.28489329210328,"rgba(239, 83, 80, 1.0)",12.080184364457358,145.5941878210616,0.6283689014939444,2,0.1434686132556782,0.2869372265113564,0.0,0.0,0.0,0.0,30.959959583653255,-23.962952477045697,False,True,False,True,True,3.3513651030553966
2025-10-14 17:00:00+00:00,152.91,152.925,151.92,152.49,3734.0,141.24650814018395,144.33359142418732,"rgba(239, 83, 80, 1.0)",11.788963114893736,145.64578636544184,0.5805611204187626,2,0.14529750420925625,0.2905950084185125,0.0,0.0,0.0,0.0,33.803954589185395,-21.309164524080263,False,True,False,True,True,2.6545462675705096
2025-10-15 17:00:00+00:00,155.53,156.22,154.58,154.95,8987.0,141.4602447212381,144.59774042790067,"rgba(239, 83, 80, 1.0)",11.46730794810086,145.94917569533064,0.7849117112233833,2,0.147439024619274,0.294878049238548,0.0,0.0,0.0,0.0,39.012776780265455,-16.538432301220276,False,True,False,True,True,4.906077143765515
2025-10-16 17:00:00+00:00,155.28,156.56,154.57,154.575,21612.0,141.94794333282,144.8736071352944,"rgba(239, 83, 80, 1.0)",11.203523989923589,146.23103024094664,0.7447629662379345,2,0.1497404244194736,0.2994808488389472,0.0,0.0,0.0,0.0,42.033922056885004,-13.877730768664094,False,True,False,True,True,4.521113955658226
2025-10-17 17:00:00+00:00,154.95,157.87,154.95,157.59,1846.0,141.9927329169552,144.906381473846,"rgba(38, 166, 154, 1.0)",10.930918841145617,146.2661800476114,1.0359440150414467,2,0.152006501029028,0.304013002058056,0.0,0.0,0.0,0.0,47.48518275659666,-8.965814022102201,False,False,False,False,True,7.200859475991397
2025-10-20 17:00:00+00:00,157.19,159.28,157.19,159.17,5959.0,142.15229490545212,145.04831447062014,"rgba(38, 166, 154, 1.0)",10.569153836510296,146.42303072220335,1.206053906961147,2,0.1541569237460918,0.3083138474921836,0.0,0.0,0.0,0.0,52.57312126316761,-4.473809625056234,False,False,True,False,True,8.551876855392205
2025-10-21 17:00:00+00:00,161.47,161.7,160.23,161.08,3168.0,142.24840200989928,145.14841009994643,"rgba(38, 166, 154, 1.0)",10.206664660676179,146.5358761576438,1.4249634259457178,2,0.1563156497733147,0.3126312995466294,0.0,0.0,0.0,0.0,57.51414500214925,-0.12640885453979678,True,False,True,False,True,10.14600663474431
2025-10-22 17:00:00+00:00,162.54,163.55,161.81,163.055,3809.0,142.3736420638729,145.28716622045312,"rgba(38, 166, 154, 1.0)",9.870921254594975,146.69339533680807,1.657555991096121,2,0.15782375467848261,0.31564750935696523,0.0,0.0,0.0,0.0,62.18547712134041,4.003493507182085,True,False,True,False,True,11.747144575743345
2025-10-23 17:00:00+00:00,168.0,169.9,167.53,168.985,9229.0,142.75813741700543,145.7772282522753,"rgba(38, 166, 154, 1.0)",9.660868627128258,147.25778902307258,2.2489914536169366,2,0.15852609385499797,0.31705218770999594,0.0,0.0,0.0,0.0,68.1446065139356,9.347474260303741,True,False,True,False,True,16.19516315935081
2025-10-24 17:00:00+00:00,169.19,169.19,166.125,166.375,7007.0,143.0254662559216,146.0709907879194,"rgba(38, 166, 154, 1.0)",9.382850202786374,147.5907987647077,2.001971770764715,2,0.1597230014247052,0.3194460028494104,0.0,0.0,0.0,0.0,68.66815772678191,9.77686051274764,True,False,True,False,True,13.40317196807807
2025-10-27 17:00:00+00:00,165.96,167.31,165.415,166.49,8793.0,143.34162600919575,146.3853641821784,"rgba(38, 166, 154, 1.0)",9.104503220983627,147.94261802466673,2.037165732731705,2,0.16100470002402678,0.32200940004805356,0.0,0.0,0.0,0.0,69.0814529085338,10.444212490228168,True,False,True,False,True,13.487842922127964
2025-10-28 17:00:00+00:00,166.49,166.49,164.49,165.115,0.0,143.34162600919575,146.3853641821784,"rgba(38, 166, 154, 1.0)",8.726000937448992,147.94261802466673,1.9679555501346933,2,0.16201757372479955,0.3240351474495991,0.0,0.0,0.0,0.0,67.51905526511462,10.444212490228168,True,False,True,False,True,12.028304905351028
