date,Open,High,Low,Close,Volume,aVWAP_BoS_CHoCH_bull_66,aVWAP_BoS_CHoCH_bull_243,aVWAP_BoS_CHoCH_bull_394,aVWAP_BoS_CHoCH_bull_546,aVWAP_BoS_CHoCH_bull_611,aVWAP_BoS_CHoCH_bull_693,aVWAP_BoS_CHoCH_bear_192,aVWAP_BoS_CHoCH_bear_710,Peaks_Valleys_avg,color,StDev,StDev_Mean,StdDev_ZScore,MA_Cross_Count,MA_Avg_Deviation_Z,MA_Oscillation_Score,BoS,CHoCH,BoS_CHoCH_Price,BoS_CHoCH_Break_Index,QQEMOD,QQE1_Value,QQE1_Above_Upper,QQE1_Below_Lower,QQE2_Above_Threshold,QQE2_Below_Threshold,QQE2_Above_TL,banker_RSI
2025-04-08 14:00:00+00:00,11.255,11.4,10.975,10.985,99564.0,,,,,,,,,,"rgba(38, 166, 154, 1.0)",,,,0,,,0.0,0.0,0.0,0.0,,,False,False,False,False,False,
2025-04-08 15:00:00+00:00,10.985,11.155,10.925,11.125,66410.0,,,,,,,,,,"rgba(38, 166, 154, 1.0)",,,,0,,,0.0,0.0,0.0,0.0,100.0,,False,False,True,False,False,
2025-04-08 16:00:00+00:00,11.125,11.125,10.82,10.82,55311.0,,,,,,,,,,"rgba(239, 83, 80, 1.0)",,,,0,,,0.0,0.0,0.0,0.0,76.32600258732217,-32.85899094437242,False,False,True,False,True,
2025-04-08 17:00:00+00:00,10.825,10.92,10.695,10.88,40775.0,,,,,,,,,,"rgba(38, 166, 154, 1.0)",,,,0,,,0.0,0.0,0.0,0.0,63.75897843440265,-32.85899094437242,False,False,True,False,True,
2025-04-08 18:00:00+00:00,10.875,10.965,10.615,10.625,71824.0,,,,,,,,,,"rgba(239, 83, 80, 1.0)",,,,0,,,0.0,0.0,0.0,0.0,50.3116626715194,-32.85899094437242,False,False,False,True,True,
2025-04-08 19:00:00+00:00,10.625,10.65,10.45,10.61,126037.0,,,,,,,,,,"rgba(38, 166, 154, 1.0)",,,,0,,,0.0,0.0,0.0,0.0,41.148566763757096,-32.85899094437242,False,False,False,True,True,
2025-04-09 14:00:00+00:00,10.35,10.545,10.23,10.295,61835.0,,,,,,,,,,"rgba(239, 83, 80, 1.0)",,,,0,,,0.0,0.0,0.0,0.0,32.187225338040854,-32.85899094437242,False,False,False,True,False,
2025-04-09 15:00:00+00:00,10.295,10.68,10.295,10.595,95298.0,,,,,,,,,,"rgba(38, 166, 154, 1.0)",,,,0,,,0.0,0.0,0.0,0.0,34.4039023760736,-32.85899094437242,False,False,False,True,False,
2025-04-09 16:00:00+00:00,10.595,10.695,10.54,10.615,77071.0,,,,,,,,,,"rgba(239, 83, 80, 1.0)",,,,0,,,0.0,0.0,0.0,0.0,36.310712493523965,-32.85899094437242,False,False,False,True,False,
2025-04-09 17:00:00+00:00,10.615,11.8,10.475,11.745,108747.0,,,,,,,,,,"rgba(38, 166, 154, 1.0)",,,,0,,,0.0,0.0,0.0,0.0,49.00233111004603,-32.85899094437242,False,False,False,False,False,
2025-04-09 18:00:00+00:00,11.75,12.005,11.69,11.805,127411.0,,,,,,,,,,"rgba(239, 83, 80, 1.0)",,,,0,,,0.0,0.0,0.0,0.0,57.745602464336436,-30.00922225258082,False,False,True,False,True,
2025-04-09 19:00:00+00:00,11.805,12.185,11.765,11.99,208452.0,,,,,,,,,11.980000000000002,"rgba(38, 166, 154, 1.0)",,11.980000000000002,,0,,,0.0,0.0,0.0,0.0,64.42360170508866,-20.76364276187673,False,False,True,False,True,
2025-04-10 14:00:00+00:00,10.965,11.155,10.895,11.01,62053.0,,,,,,,,,11.759779005933348,"rgba(239, 83, 80, 1.0)",,11.759779005933348,,0,,,0.0,0.0,0.0,0.0,59.023053062154034,-20.76364276187673,False,False,True,False,True,
2025-04-10 15:00:00+00:00,11.015,11.095,10.885,10.94,39913.0,,,,,,,,,11.658659205759118,"rgba(239, 83, 80, 1.0)",,11.658659205759118,,0,,,0.0,0.0,0.0,0.0,54.94637860376197,-20.76364276187673,False,False,True,False,True,
2025-04-10 16:00:00+00:00,10.94,10.995,10.745,10.935,61306.0,,,,,,,,,11.532164159430115,"rgba(239, 83, 80, 1.0)",,11.532164159430115,,0,,,0.0,0.0,0.0,0.0,52.191543222868454,-20.76364276187673,False,False,False,False,True,
2025-04-10 17:00:00+00:00,10.935,11.08,10.815,11.055,29834.0,,,,,,,,,11.491388433717338,"rgba(38, 166, 154, 1.0)",,11.491388433717338,,0,,,0.0,0.0,0.0,0.0,51.42619893774179,-20.76364276187673,False,False,False,False,True,
2025-04-10 18:00:00+00:00,11.05,11.105,10.875,10.965,16918.0,,,,,,,,,11.470781582058072,"rgba(38, 166, 154, 1.0)",,11.470781582058072,,0,,,0.0,0.0,0.0,0.0,50.11108567758123,-20.76364276187673,False,False,False,False,True,
2025-04-10 19:00:00+00:00,10.965,11.105,10.835,11.09,136260.0,,,,,,,,,11.357599638987434,"rgba(38, 166, 154, 1.0)",,11.357599638987434,,0,,,0.0,0.0,0.0,0.0,50.46504327523712,-19.450912387572007,False,False,False,False,True,
2025-04-11 14:00:00+00:00,11.09,11.15,10.92,11.015,44118.0,,,,,,,,,11.333342356122415,"rgba(38, 166, 154, 1.0)",,11.333342356122415,,0,,,0.0,0.0,0.0,0.0,49.92825533767469,-17.64294365604937,False,False,False,False,True,
2025-04-11 15:00:00+00:00,11.01,11.185,10.945,11.075,40283.0,,,,,,,,,11.316639585879084,"rgba(38, 166, 154, 1.0)",,11.316639585879084,,0,,,0.0,0.0,0.0,0.0,50.23827375388866,-15.160434853493385,False,False,False,False,True,
2025-04-11 16:00:00+00:00,11.075,11.255,11.04,11.255,48096.0,,,,,,,,,11.307310148086604,"rgba(38, 166, 154, 1.0)",,11.307310148086604,,0,,,0.0,0.0,0.0,0.0,52.35782065307746,-11.246500452669295,False,False,True,False,True,
2025-04-11 17:00:00+00:00,11.255,11.485,11.215,11.435,63426.0,,,,,,,,,11.313311163923967,"rgba(38, 166, 154, 1.0)",,11.313311163923967,,0,,,0.0,0.0,0.0,0.0,55.45082347217258,-6.770217070207238,False,False,True,False,True,
2025-04-11 18:00:00+00:00,11.435,11.445,11.335,11.39,50577.0,,,,,,,,,11.31815204883455,"rgba(38, 166, 154, 1.0)",,11.31815204883455,,0,,,0.0,0.0,0.0,0.0,56.8630586460573,-4.125064231460954,False,False,True,False,True,
2025-04-11 19:00:00+00:00,11.39,11.505,11.36,11.385,100965.0,,,,,,,,,11.329176785439165,"rgba(38, 166, 154, 1.0)",,11.329176785439165,,0,,,0.0,0.0,0.0,0.0,57.72620628267867,-2.1196391378895925,False,False,True,False,True,
2025-04-14 14:00:00+00:00,11.565,11.7,11.495,11.64,40442.0,,,,,,,,,11.34129638509312,"rgba(38, 166, 154, 1.0)",,11.34129638509312,,0,,,0.0,0.0,0.0,0.0,60.79243195215551,1.764855353910292,False,False,True,False,True,
2025-04-14 15:00:00+00:00,11.635,11.645,11.345,11.355,22883.0,,,,,,,,,11.343833164513436,"rgba(38, 166, 154, 1.0)",,11.343833164513436,,0,,,0.0,0.0,0.0,0.0,58.63987497613432,1.764855353910292,False,False,True,False,True,
2025-04-14 16:00:00+00:00,11.355,11.495,11.33,11.455,20373.0,,,,,,,,,11.345544868186295,"rgba(38, 166, 154, 1.0)",,11.345544868186295,,0,,,0.0,0.0,0.0,0.0,58.25705421285309,1.764855353910292,False,False,True,False,True,
2025-04-14 17:00:00+00:00,11.455,11.6,11.455,11.565,32411.0,,,,,,,,,11.351734029912304,"rgba(38, 166, 154, 1.0)",,11.351734029912304,,0,,,0.0,0.0,0.0,0.0,59.118432053870485,2.1678499878357513,False,False,True,False,True,
2025-04-14 18:00:00+00:00,11.565,11.665,11.555,11.605,32371.0,,,,,,,,,11.359639736831,"rgba(38, 166, 154, 1.0)",,11.359639736831,,0,,,0.0,0.0,0.0,0.0,60.10033400080466,3.76664773275035,False,False,True,False,True,
2025-04-14 19:00:00+00:00,11.605,11.625,11.55,11.56,87020.0,,,,,,,,,11.376367081509112,"rgba(38, 166, 154, 1.0)",,11.376367081509112,,0,,,0.0,0.0,0.0,0.0,59.96830919497714,4.269581207769718,False,False,True,False,True,
2025-04-15 14:00:00+00:00,11.645,11.745,11.545,11.585,24677.0,,,,,,,,,11.381645497419942,"rgba(38, 166, 154, 1.0)",,11.381645497419942,,0,,,0.0,0.0,0.0,0.0,60.19208591104952,5.105302671465168,False,False,True,False,True,
2025-04-15 15:00:00+00:00,11.585,11.63,11.55,11.565,13579.0,,,,,,,,,11.383955180050515,"rgba(38, 166, 154, 1.0)",,11.383955180050515,,0,,,0.0,0.0,0.0,0.0,59.927626064287054,5.409512808088593,False,False,True,False,True,
2025-04-15 16:00:00+00:00,11.565,11.595,11.485,11.495,22343.0,,,,,,,,,11.386585042699377,"rgba(38, 166, 154, 1.0)",,11.386585042699377,,0,,,0.0,0.0,0.0,0.0,58.27489172905404,5.409512808088593,False,False,True,False,True,
2025-04-15 17:00:00+00:00,11.495,11.5,11.365,11.375,42131.0,,,,,,,,,11.387493543238866,"rgba(38, 166, 154, 1.0)",,11.387493543238866,,0,,,0.0,0.0,0.0,0.0,54.86930559392548,8.940213115642287,False,False,True,False,False,
2025-04-15 18:00:00+00:00,11.375,11.385,11.33,11.35,48183.0,,,,,,,,,11.386278566221794,"rgba(38, 166, 154, 1.0)",,11.386278566221794,,0,,,0.0,0.0,0.0,0.0,52.140369755677334,6.277938817380651,False,False,False,False,False,
2025-04-15 19:00:00+00:00,11.345,11.37,11.28,11.32,133102.0,,,,,,,,,11.351859462438348,"rgba(38, 166, 154, 1.0)",,11.351859462438348,,0,,,0.0,0.0,0.0,0.0,49.74213497413715,3.9966881371177223,False,False,False,False,False,
2025-04-16 14:00:00+00:00,11.43,11.685,11.42,11.625,91779.0,,,,,,,,,11.409506266603756,"rgba(38, 166, 154, 1.0)",,11.409506266603756,,0,,,0.0,0.0,0.0,0.0,53.62138034008777,3.9966881371177223,False,False,True,False,True,
2025-04-16 15:00:00+00:00,11.625,11.71,11.615,11.69,34626.0,,,,,,,,,11.428971938170797,"rgba(38, 166, 154, 1.0)",,11.428971938170797,,0,,,0.0,0.0,0.0,0.0,57.06734042533972,2.170193804523926,False,False,True,False,True,
2025-04-16 16:00:00+00:00,11.695,11.735,11.675,11.735,72979.0,,,,,,,,,11.464145924711529,"rgba(38, 166, 154, 1.0)",,11.464145924711529,,0,,,0.0,0.0,0.0,0.0,59.95867129325161,4.744289467794417,False,False,True,False,True,
2025-04-16 17:00:00+00:00,11.735,11.83,11.565,11.585,53871.0,,,,,,,,,11.478194922697767,"rgba(38, 166, 154, 1.0)",,11.478194922697767,,0,,,0.0,0.0,0.0,0.0,58.45849260275897,4.744289467794417,False,False,True,False,True,
2025-04-16 18:00:00+00:00,11.585,11.68,11.575,11.625,39851.0,,,,,,,,,11.484842606086108,"rgba(38, 166, 154, 1.0)",,11.484842606086108,,0,,,0.0,0.0,0.0,0.0,58.12386451187816,4.744289467794417,False,False,True,False,True,
2025-04-16 19:00:00+00:00,11.625,11.655,11.515,11.655,81546.0,,,,,,,,,11.494144763032528,"rgba(38, 166, 154, 1.0)",,11.494144763032528,,0,,,0.0,0.0,0.0,0.0,58.41757441491786,4.744289467794417,True,False,True,False,True,
2025-04-17 14:00:00+00:00,11.97,12.02,11.9,11.9,33321.0,,,,,,,,,11.510624891246438,"rgba(38, 166, 154, 1.0)",,11.510624891246438,,0,,,0.0,0.0,0.0,0.0,62.04088791396245,6.9998118306089765,True,False,True,False,True,
2025-04-17 15:00:00+00:00,11.905,12.13,11.905,12.07,48716.0,,,,,,,,,11.537166136216499,"rgba(38, 166, 154, 1.0)",,11.537166136216499,,0,,,0.0,0.0,0.0,0.0,66.13268714043184,10.878512527169661,True,False,True,False,True,
2025-04-17 16:00:00+00:00,12.075,12.225,12.03,12.145,23683.0,,,,,,,,,11.74534769862032,"rgba(38, 166, 154, 1.0)",,11.74534769862032,,0,,,0.0,0.0,0.0,0.0,69.50400439992706,13.986481986104266,True,False,True,False,True,
2025-04-17 17:00:00+00:00,12.145,12.2,12.05,12.17,19575.0,,,,,,,,,11.753834884220867,"rgba(38, 166, 154, 1.0)",,11.753834884220867,,0,,,0.0,0.0,0.0,0.0,71.96859085323572,16.256768098276197,True,False,True,False,True,
2025-04-17 18:00:00+00:00,12.175,12.215,12.15,12.17,35591.0,,,,,,,,,11.773770584412487,"rgba(38, 166, 154, 1.0)",,11.773770584412487,,0,,,0.0,0.0,0.0,0.0,73.61164848877483,17.839640662132254,True,False,True,False,True,
2025-04-17 19:00:00+00:00,12.175,12.185,12.065,12.11,88487.0,,,,,,,,,11.793841568597431,"rgba(38, 166, 154, 1.0)",,11.793841568597431,,0,,,0.0,0.0,0.0,0.0,72.73680460207704,17.839640662132254,True,False,True,False,True,
2025-04-18 14:00:00+00:00,12.11,12.11,12.11,12.11,0.0,,,,,,,,,11.793841568597431,"rgba(38, 166, 154, 1.0)",,11.793841568597431,,0,,,0.0,0.0,0.0,0.0,72.15357534427852,17.839640662132254,True,False,True,False,True,
2025-04-18 15:00:00+00:00,12.11,12.11,12.11,12.11,0.0,,,,,,,,,11.793841568597431,"rgba(38, 166, 154, 1.0)",,11.793841568597431,,0,,,0.0,0.0,0.0,0.0,71.7647558390795,17.839640662132254,True,False,True,False,True,15.442517605638571
2025-04-18 16:00:00+00:00,12.11,12.11,12.11,12.11,0.0,,,,,,,,,11.793841568597431,"rgba(38, 166, 154, 1.0)",,11.793841568597431,,0,,,0.0,0.0,0.0,0.0,71.50554283561348,17.839640662132254,True,False,True,False,True,15.442517605638571
2025-04-18 17:00:00+00:00,12.11,12.11,12.11,12.11,0.0,,,,,,,,,11.793841568597431,"rgba(38, 166, 154, 1.0)",,11.793841568597431,,0,,,0.0,0.0,0.0,0.0,71.33273416663614,17.839640662132254,True,False,True,False,False,15.442517605638571
2025-04-18 18:00:00+00:00,12.11,12.11,12.11,12.11,0.0,,,,,,,,,11.793841568597431,"rgba(38, 166, 154, 1.0)",,11.793841568597431,,0,,,0.0,0.0,0.0,0.0,71.21752838731791,17.839640662132254,True,False,True,False,False,15.442517605638571
2025-04-18 19:00:00+00:00,12.11,12.11,12.11,12.11,0.0,,,,,,,,,11.793841568597431,"rgba(38, 166, 154, 1.0)",,11.793841568597431,,0,,,0.0,0.0,0.0,0.0,71.1407245344391,17.839640662132254,True,False,True,False,False,15.442517605638571
2025-04-21 14:00:00+00:00,11.88,11.925,11.835,11.875,11939.0,,,,,,,,,11.789574823640152,"rgba(38, 166, 154, 1.0)",,11.789574823640152,,0,,,0.0,0.0,0.0,0.0,61.456755318947685,15.460697916544248,True,False,True,False,False,9.802151636357635
2025-04-21 15:00:00+00:00,11.875,11.905,11.75,11.755,13212.0,,,,,,,,,11.783347954535017,"rgba(239, 83, 80, 1.0)",,11.783347954535017,,0,,,0.0,0.0,0.0,0.0,52.34165713079325,7.455929479287178,False,False,False,False,False,7.133200069609369
2025-04-21 16:00:00+00:00,11.755,11.835,11.745,11.76,29860.0,,,,,,,,,11.770924524143018,"rgba(239, 83, 80, 1.0)",,11.770924524143018,,0,,,0.0,0.0,0.0,0.0,46.45833580185334,2.6669804298758066,False,True,False,True,False,7.223892935121015
2025-04-21 17:00:00+00:00,11.765,11.795,11.745,11.76,19492.0,,,,,,,,,11.764165766469063,"rgba(239, 83, 80, 1.0)",,11.764165766469063,,0,,,0.0,0.0,0.0,0.0,42.53612158256006,-0.4109598937107748,False,True,False,True,False,7.223892935121015
2025-04-21 18:00:00+00:00,11.755,11.78,11.705,11.78,45416.0,,,,,,,,,11.752379466068444,"rgba(239, 83, 80, 1.0)",,11.752379466068444,,0,,,0.0,0.0,0.0,0.0,40.85041082029237,-1.6698810274485751,False,True,False,True,False,7.599029796252051
2025-04-21 19:00:00+00:00,11.775,11.89,11.775,11.87,72244.0,,,,,,,,,11.763600007001834,"rgba(239, 83, 80, 1.0)",,11.763600007001834,,0,,,0.0,0.0,0.0,0.0,43.42938874436861,-1.6698810274485751,False,True,False,True,False,9.26960413496587
2025-04-22 14:00:00+00:00,12.02,12.095,11.995,12.095,18224.0,,,,,,,,,11.775806280355438,"rgba(38, 166, 154, 1.0)",,11.775806280355438,,0,,,0.0,0.0,0.0,0.0,50.8590001282121,-7.435448562063172,False,True,False,False,True,13.17849177620392
2025-04-22 15:00:00+00:00,12.095,12.22,12.095,12.205,34838.0,,,,,,,,,11.803080290811472,"rgba(38, 166, 154, 1.0)",,11.803080290811472,,0,,,0.0,0.0,0.0,0.0,57.581912157878115,-1.4260966417942385,False,False,True,False,True,14.959696783820768
2025-04-22 16:00:00+00:00,12.205,12.295,12.195,12.2,19537.0,,,,,,,,,11.81771600187885,"rgba(38, 166, 154, 1.0)",,11.81771600187885,,0,,,0.0,0.0,0.0,0.0,61.8778154021442,2.3438581600180086,True,False,True,False,True,14.839638108103472
2025-04-22 17:00:00+00:00,12.205,12.215,12.055,12.07,16628.0,,,,,,,,,11.82457748930323,"rgba(38, 166, 154, 1.0)",,11.82457748930323,,0,,,0.0,0.0,0.0,0.0,60.35185734214456,2.3438581600180086,True,False,True,False,True,11.767437234650803
2025-04-22 18:00:00+00:00,12.065,12.175,12.065,12.16,9625.0,,,,,,,,,11.82864109914795,"rgba(38, 166, 154, 1.0)",,11.82864109914795,,0,,,0.0,0.0,0.0,0.0,61.143043704081904,2.3438581600180086,True,False,True,False,True,13.258955808818218
2025-04-22 19:00:00+00:00,12.165,12.175,12.085,12.12,30973.0,,,,,,,,,11.839981942081069,"rgba(38, 166, 154, 1.0)",,11.839981942081069,,0,,,0.0,0.0,0.0,0.0,60.42153175643556,2.3438581600180086,True,False,True,False,True,12.324805172702956
2025-04-23 14:00:00+00:00,12.43,12.51,12.1,12.155,46620.0,,,,,,,,,11.942274521167016,"rgba(38, 166, 154, 1.0)",,11.942274521167016,,0,,,1.0,0.0,12.51,132.0,60.69991518962853,2.3736438045380197,True,False,True,False,True,12.911552214633929
2025-04-23 15:00:00+00:00,12.155,12.195,11.945,12.005,65888.0,,,,,,,,,11.92427059658127,"rgba(38, 166, 154, 1.0)",,11.92427059658127,,0,,,0.0,0.0,0.0,0.0,56.57284417608675,2.3736438045380197,False,False,True,False,False,9.453970694395348
2025-04-23 16:00:00+00:00,12.005,12.125,11.975,12.055,30062.0,,,,,,,,,11.923490324460877,"rgba(38, 166, 154, 1.0)",,11.923490324460877,,0,,,0.0,0.0,0.0,0.0,55.08577209269312,2.3736438045380197,False,False,True,False,False,10.319245831366498
2025-04-23 17:00:00+00:00,12.055,12.105,11.94,12.045,38383.0,,,,,,,,,11.922216618678656,"rgba(38, 166, 154, 1.0)",,11.922216618678656,,0,,,0.0,0.0,0.0,0.0,53.81221219075994,2.3736438045380197,False,True,True,False,False,10.090005878452668
2025-04-23 18:00:00+00:00,12.045,12.075,11.975,11.975,37267.0,,,,,,,,,11.92062292058379,"rgba(239, 83, 80, 1.0)",,11.92062292058379,,0,,,0.0,0.0,0.0,0.0,51.025051919051265,7.961861671961444,False,True,False,False,False,8.487727736540268
2025-04-23 19:00:00+00:00,11.975,11.995,11.9,11.965,91556.0,,,,,,,,,11.919216136051872,"rgba(239, 83, 80, 1.0)",,11.919216136051872,,0,,,0.0,0.0,0.0,0.0,48.89573276343506,5.590404335872066,False,True,False,True,False,8.25918501527281
2025-04-24 14:00:00+00:00,12.155,12.18,12.075,12.18,32691.0,,,,,,,,,11.933364008653113,"rgba(239, 83, 80, 1.0)",,11.933364008653113,,0,,,0.0,0.0,0.0,0.0,53.052335306478206,5.590404335872066,False,True,True,False,True,12.040299200962455
2025-04-24 15:00:00+00:00,12.175,12.18,12.06,12.075,20940.0,,,,,,,,,11.938262680614192,"rgba(239, 83, 80, 1.0)",,11.938262680614192,,0,,,0.0,0.0,0.0,0.0,52.911075661410294,5.590404335872066,False,True,True,False,True,9.650386720752184
2025-04-24 16:00:00+00:00,12.075,12.145,12.035,12.135,21390.0,,,,,,,,,11.942506027903631,"rgba(239, 83, 80, 1.0)",0.49347072898031097,11.942506027903631,0.3900818443560588,0,,,0.0,0.0,0.0,0.0,54.14097623017798,5.590404335872066,False,True,True,False,True,10.680161947441373
2025-04-24 17:00:00+00:00,12.135,12.145,12.08,12.145,16794.0,,,,,,,,,11.946049763206796,"rgba(239, 83, 80, 1.0)",0.491733237209542,11.946049763206796,0.40458976887996106,0,,,0.0,0.0,0.0,0.0,55.184835535494116,5.590404335872066,False,False,True,False,True,10.852073362706708
2025-04-24 18:00:00+00:00,12.145,12.165,12.075,12.095,19340.0,,,,,,,,,11.949322893516017,"rgba(239, 83, 80, 1.0)",0.49109839200574634,11.949322893516017,0.2966352748356767,0,,,0.0,0.0,0.0,0.0,54.35164983633999,5.590404335872066,False,True,True,False,True,9.69709928007892
2025-04-24 19:00:00+00:00,12.095,12.15,12.06,12.1,80730.0,,,,,,,,,11.959408652875533,"rgba(239, 83, 80, 1.0)",0.4844029016956548,11.959408652875533,0.2902363851090196,0,,,0.0,0.0,0.0,0.0,53.93703725665053,5.590404335872066,False,True,True,False,True,9.786621753676716
2025-04-25 14:00:00+00:00,12.1,12.185,12.085,12.125,11360.0,,,,,,,,,11.961084407974445,"rgba(239, 83, 80, 1.0)",0.4787034102186384,11.961084407974445,0.3424157600019808,0,,,0.0,0.0,0.0,0.0,54.40824937693498,5.590404335872066,False,True,True,False,True,10.239574837508389
2025-04-25 15:00:00+00:00,12.125,12.16,12.085,12.135,11790.0,,,,,,,,,11.962677390891281,"rgba(239, 83, 80, 1.0)",0.46556467699823134,11.962677390891281,0.37013677717086146,0,,,0.0,0.0,0.0,0.0,55.03597900925737,5.590404335872066,False,True,True,False,True,10.422650516592764
2025-04-25 16:00:00+00:00,12.135,12.15,12.06,12.07,30717.0,,,,,,,,,11.965225552960732,"rgba(239, 83, 80, 1.0)",0.4498834483698151,11.965225552960732,0.23289242451334086,0,,,0.0,0.0,0.0,0.0,52.949400155103575,5.590404335872066,False,True,True,False,True,8.850429722098
2025-04-25 17:00:00+00:00,12.07,12.095,11.925,11.945,22724.0,,,,,,,,,11.963983002912057,"rgba(239, 83, 80, 1.0)",0.4188510453588449,11.963983002912057,-0.0453216080570919,0,,,0.0,0.0,0.0,0.0,47.91469047025102,2.143386897975624,False,True,False,True,False,5.927572588455046
2025-04-25 18:00:00+00:00,11.945,12.06,11.945,12.045,64658.0,,,,,,,,,11.963300763617609,"rgba(239, 83, 80, 1.0)",0.39846324166095165,11.963300763617609,0.205035817210734,0,,,0.0,0.0,0.0,0.0,48.03559583209938,2.143386897975624,False,True,False,True,False,7.838681425417125
2025-04-25 19:00:00+00:00,12.045,12.085,12.03,12.065,73889.0,,,,,,,,,11.96634225100298,"rgba(239, 83, 80, 1.0)",0.37700906864137473,11.96634225100298,0.2616853471258729,0,,,0.0,0.0,0.0,0.0,48.74359558127651,2.143386897975624,False,True,False,False,False,8.215783099029355
2025-04-28 14:00:00+00:00,12.135,12.265,12.125,12.18,65219.0,,,,,,,,,12.007302279848362,"rgba(239, 83, 80, 1.0)",0.37988885287744295,12.007302279848362,0.45460065185790494,0,,,0.0,0.0,0.0,0.0,52.381198986831706,-1.840523995700572,False,True,True,False,True,10.345774871714038
2025-04-28 15:00:00+00:00,12.175,12.195,12.065,12.14,23085.0,,,,,,,,,12.007065930991548,"rgba(239, 83, 80, 1.0)",0.38214948021059014,12.007065930991548,0.34785882460234463,0,,,0.0,0.0,0.0,0.0,53.42646930329514,-0.8129804003990202,False,True,True,False,True,9.390488321432663
2025-04-28 16:00:00+00:00,12.135,12.155,12.105,12.155,23194.0,,,,,,,,,12.007875035344972,"rgba(239, 83, 80, 1.0)",0.38382000051168746,12.007875035344972,0.3833176084072973,0,,,0.0,0.0,0.0,0.0,54.54501841840495,0.3519466898039667,False,False,True,False,True,9.67030106276291
2025-04-28 17:00:00+00:00,12.155,12.165,12.08,12.105,18638.0,,,,,,,,,12.008008205556623,"rgba(239, 83, 80, 1.0)",0.37459265563763616,12.008008205556623,0.2589260440204766,0,,,0.0,0.0,0.0,0.0,53.46663672775669,0.3519466898039667,False,False,True,False,True,8.45961998852112
2025-04-28 18:00:00+00:00,12.105,12.155,12.105,12.135,29876.0,,,,,,,,,12.009387424525048,"rgba(239, 83, 80, 1.0)",0.36268913053109886,12.009387424525048,0.34633675205819503,0,,,0.0,0.0,0.0,0.0,53.73901905103931,0.3519466898039667,False,False,True,False,True,9.03708234810664
2025-04-28 19:00:00+00:00,12.135,12.18,12.115,12.16,48884.0,,,,,,,,,12.013258782185632,"rgba(239, 83, 80, 1.0)",0.34977673702772877,12.013258782185632,0.41952823695857994,0,,,0.0,0.0,0.0,0.0,54.74593244320215,1.016635543380751,False,False,True,False,True,9.520294447637703
2025-04-29 14:00:00+00:00,12.02,12.215,11.995,12.19,47513.0,,,,,,,,,12.015725871331925,"rgba(239, 83, 80, 1.0)",0.34005597048583386,12.015725871331925,0.5124866015999974,0,,,0.0,0.0,0.0,0.0,56.3992503333254,2.7689830407031906,True,False,True,False,True,10.10242658025686
2025-04-29 15:00:00+00:00,12.185,12.22,12.145,12.165,47089.0,,,,,,,,,12.020414328672112,"rgba(239, 83, 80, 1.0)",0.32585058478327605,12.020414328672112,0.4437176978646549,0,,,0.0,0.0,0.0,0.0,56.30653990077327,2.8755912052082166,True,False,True,False,True,9.463900463221876
2025-04-29 16:00:00+00:00,12.165,12.235,12.125,12.14,30377.0,,,,,,,,,12.022890474480048,"rgba(239, 83, 80, 1.0)",0.31447546775514823,12.022890474480048,0.37239637913865525,0,,,0.0,0.0,0.0,0.0,55.06110558320448,2.8755912052082166,True,False,True,False,True,8.822145231786752
2025-04-29 17:00:00+00:00,12.145,12.175,12.115,12.15,27288.0,,,,,,,,,12.024466481632528,"rgba(239, 83, 80, 1.0)",0.2992951629989936,12.024466481632528,0.4194304949989937,0,,,0.0,0.0,0.0,0.0,54.66849890539517,2.8755912052082166,True,False,True,False,False,9.02674263997989
2025-04-29 18:00:00+00:00,12.155,12.17,12.095,12.15,33959.0,,,,,,,,,12.02610005293101,"rgba(239, 83, 80, 1.0)",0.2849499402850755,12.02610005293101,0.4348130304748812,0,,,0.0,0.0,0.0,0.0,54.40676112018895,2.8755912052082166,True,False,True,False,False,9.02674263997989
2025-04-29 19:00:00+00:00,12.155,12.175,12.085,12.115,117085.0,,,,,,,,,12.030146823116274,"rgba(239, 83, 80, 1.0)",0.2754575554688319,12.030146823116274,0.3080444707327236,0,,,0.0,0.0,0.0,0.0,52.27027185950208,5.124563244312682,False,False,False,False,False,8.090571855351815
2025-04-30 14:00:00+00:00,11.905,12.075,11.875,11.945,44045.0,,,,,,,,,12.026131327547306,"rgba(239, 83, 80, 1.0)",0.269564914711175,12.026131327547306,-0.3009713917489368,0,,,0.0,0.0,0.0,0.0,44.865717657170464,-1.6790085246826862,False,True,False,True,False,3.742454043861944
2025-04-30 15:00:00+00:00,11.945,12.055,11.735,11.78,30477.0,,,,,,,,,12.021126290530459,"rgba(239, 83, 80, 1.0)",0.2627533012110355,12.021126290530459,-0.9176908127095016,0,,,0.0,0.0,0.0,0.0,37.02544249987558,-8.488838361638763,False,True,False,True,False,0.0
2025-04-30 16:00:00+00:00,11.775,11.825,11.645,11.735,51238.0,,,,,,,,,11.974720677827516,"rgba(239, 83, 80, 1.0)",0.2559337611377014,11.974720677827516,-0.9366512521126072,0,,,0.0,0.0,0.0,0.0,31.21753652022778,-13.23589750384437,False,True,False,True,False,0.0
2025-04-30 17:00:00+00:00,11.735,11.755,11.66,11.715,32170.0,,,,,,,,,11.966885698399054,"rgba(239, 83, 80, 1.0)",0.2549049814137602,11.966885698399054,-0.9881552608428412,0,,,0.0,0.0,0.0,0.0,27.089264730195143,-16.494262777947853,False,True,False,True,False,0.0
2025-04-30 18:00:00+00:00,11.715,11.825,11.715,11.745,35703.0,,,,,,,,,11.962437596215796,"rgba(239, 83, 80, 1.0)",0.24671267528066754,11.962437596215796,-0.8813393797802797,5,0.5325941044441037,2.6629705222205184,0.0,0.0,0.0,0.0,26.017038313146088,-17.15918528277163,False,True,False,True,False,0.0
2025-04-30 19:00:00+00:00,11.745,11.84,11.72,11.785,90895.0,,,,,,,,,11.952669675479028,"rgba(239, 83, 80, 1.0)",0.24077264892106925,11.952669675479028,-0.6963817370053248,5,0.5371931653834573,2.6859658269172866,0.0,0.0,0.0,0.0,27.464310680586753,-17.15918528277163,False,True,False,True,False,0.050713806105868287
2025-05-01 14:00:00+00:00,12.055,12.215,12.035,12.17,32092.0,,,,,,,,,11.961312943555185,"rgba(38, 166, 154, 1.0)",0.23792386548172478,11.961312943555185,0.8771169551330442,5,0.5459172130974709,2.7295860654873545,0.0,0.0,0.0,0.0,39.56866427465464,-18.404517527719076,False,True,False,True,True,8.201384836884944
2025-05-01 15:00:00+00:00,12.17,12.215,12.005,12.015,39998.0,,,,,,,,,11.979856298935529,"rgba(38, 166, 154, 1.0)",0.23445993145836158,11.979856298935529,0.14989214082711283,6,0.540179554686277,3.2410773281176617,0.0,0.0,0.0,0.0,43.84266065577843,-14.889844529500053,False,True,False,True,True,4.643270947355607
2025-05-01 16:00:00+00:00,12.015,12.025,11.88,11.935,64436.0,,,,,,,,,11.971085042731126,"rgba(38, 166, 154, 1.0)",0.22975715734520996,11.971085042731126,-0.15705731716077717,6,0.5584059848602446,3.350435909161468,0.0,0.0,0.0,0.0,45.05163956500661,-13.938430268842609,False,True,False,True,True,2.8889962065688977
2025-05-01 17:00:00+00:00,11.935,12.055,11.935,12.005,27475.0,,,,,,,,,11.972099681400842,"rgba(38, 166, 154, 1.0)",0.22543801209489403,11.972099681400842,0.14593953474585472,6,0.5793501928320647,3.476101156992388,0.0,0.0,0.0,0.0,47.339624996049636,-11.68448196263519,False,False,False,False,True,4.279825480431324
2025-05-01 18:00:00+00:00,12.005,12.165,11.995,12.07,94657.0,,,,,,,,,11.983055594408205,"rgba(38, 166, 154, 1.0)",0.22063834498853466,11.983055594408205,0.3940584561414909,6,0.6196802828192962,3.7180816969157773,0.0,0.0,0.0,0.0,50.16696019596564,-8.80069976425817,False,False,False,False,True,5.549053616851303
2025-05-01 19:00:00+00:00,12.07,12.095,11.965,11.975,143626.0,,,,,,,,,11.98493120325834,"rgba(38, 166, 154, 1.0)",0.21328570695851423,11.98493120325834,-0.046562910379510554,6,0.6518608679894865,3.911165207936919,0.0,0.0,0.0,0.0,49.85940265201832,-8.744180585176238,False,False,False,False,True,3.449293996291072
2025-05-02 14:00:00+00:00,11.88,12.02,11.815,12.01,100320.0,,,,,,,,,11.981217061288516,"rgba(38, 166, 154, 1.0)",0.2010300501941975,11.981217061288516,0.1431772945571004,7,0.6052017702739706,4.236412391917794,0.0,0.0,0.0,0.0,50.44213675564366,-7.642567459686916,False,False,False,False,True,4.143688131427734
2025-05-02 15:00:00+00:00,12.015,12.015,11.895,11.94,97730.0,,,,,,,,,11.978509369948064,"rgba(38, 166, 154, 1.0)",0.18656781488121174,11.978509369948064,-0.20640950301413755,7,0.6051617868176952,4.236132507723866,0.0,0.0,0.0,0.0,49.1992960174774,-7.642567459686916,False,False,False,False,True,2.6066141297634786
2025-05-02 16:00:00+00:00,11.935,12.075,11.925,12.005,145306.0,,,,,,,,,11.979756141341877,"rgba(38, 166, 154, 1.0)",0.16871886099086456,11.979756141341877,0.14962084564742703,8,0.5425907914637869,4.340726331710295,0.0,0.0,0.0,0.0,49.97172747783017,-7.016933044859194,False,False,False,False,True,3.9147333593285474
2025-05-02 17:00:00+00:00,12.005,12.075,11.975,12.065,48476.0,,,,,,,,,11.981116435150144,"rgba(38, 166, 154, 1.0)",0.16270760819877614,11.981116435150144,0.5155478946465571,8,0.5419794737403095,4.335835789922476,0.0,0.0,0.0,0.0,51.86992073666708,-4.667504195733329,True,False,True,False,True,5.104359093123847
2025-05-02 18:00:00+00:00,12.065,12.1,12.015,12.025,69994.0,,,,,,,,,11.983228249324885,"rgba(38, 166, 154, 1.0)",0.15818756685121313,11.983228249324885,0.2640646891952323,7,0.3253912120707043,2.27773848449493,0.0,0.0,0.0,0.0,52.01610637137533,-3.985649349414956,True,False,True,False,True,4.202677339850787
2025-05-02 19:00:00+00:00,12.025,12.055,12.01,12.01,91395.0,,,,,,,,,11.984695613234589,"rgba(38, 166, 154, 1.0)",0.15464117139976874,11.984695613234589,0.16363292217953845,7,0.3374011235888365,2.3618078651218557,0.0,0.0,0.0,0.0,51.68086305162504,-3.7715184768781924,True,False,False,False,True,3.862992958615596
2025-05-05 14:00:00+00:00,11.75,11.825,11.705,11.78,39868.0,,,,,,,,,11.98026960844728,"rgba(38, 166, 154, 1.0)",0.14869213614496285,11.98026960844728,-1.3468742439212378,8,0.32056461026078603,2.5645168820862883,0.0,0.0,0.0,0.0,46.360420432191816,-3.7715184768781924,False,False,False,True,False,0.0
2025-05-05 15:00:00+00:00,11.775,11.815,11.745,11.805,25788.0,,,,,,,,,11.977753405818355,"rgba(38, 166, 154, 1.0)",0.1434906532411377,11.977753405818355,-1.203934903885628,9,0.3673014138669679,3.305712724802711,0.0,0.0,0.0,0.0,43.571095204224385,-0.9759267772326154,False,True,False,True,False,0.0
2025-05-05 16:00:00+00:00,11.805,11.875,11.805,11.875,22312.0,,,,,,,,,11.976317015954898,"rgba(38, 166, 154, 1.0)",0.13788943213856664,11.976317015954898,-0.7347699847881245,9,0.385058239484029,3.465524155356261,0.0,0.0,0.0,0.0,43.782992056182614,-0.9759267772326154,False,True,False,True,False,0.8973205825020791
2025-05-05 17:00:00+00:00,11.875,11.875,11.74,11.745,61112.0,,,,,,,,,11.970737545814455,"rgba(38, 166, 154, 1.0)",0.141013640641066,11.970737545814455,-1.600820635423806,11,0.3455835455012085,3.8014190005132935,0.0,0.0,0.0,0.0,41.373018834852445,-3.427047142451187,False,True,False,True,False,0.0
2025-05-05 18:00:00+00:00,11.745,11.805,11.745,11.765,28451.0,,,,,,,,,11.968077125565138,"rgba(38, 166, 154, 1.0)",0.14419103319573948,11.968077125565138,-1.408389419676742,12,0.3418564799312153,4.102277759174584,0.0,0.0,0.0,0.0,40.38167305782616,-4.5788349811293685,False,True,False,True,False,0.0
2025-05-05 19:00:00+00:00,11.765,11.775,11.66,11.66,93476.0,,,,,,,,,11.956934115314162,"rgba(38, 166, 154, 1.0)",0.1495314604277586,11.956934115314162,-1.9857634939479263,12,0.357997310333727,4.295967724004724,0.0,0.0,0.0,0.0,37.84386547356508,-7.167124404863337,False,True,False,True,False,0.0
2025-05-06 14:00:00+00:00,11.785,11.995,11.78,11.97,120209.0,,,,,,,,,11.954694807723927,"rgba(38, 166, 154, 1.0)",0.1485813393882794,11.954694807723927,0.1030088457883506,13,0.3497198786428578,4.546358422357152,0.0,0.0,0.0,0.0,43.49203929504268,-11.82991942655115,False,False,False,True,True,2.7777052846076913
2025-05-06 15:00:00+00:00,11.965,12.045,11.92,11.985,121046.0,,,,,,,,,11.955857093428792,"rgba(38, 166, 154, 1.0)",0.14752654364920806,11.955857093428792,0.1975434782807921,12,0.344473745022561,4.133684940270732,0.0,0.0,0.0,0.0,47.52147493621618,-8.20363610464549,True,False,False,False,True,3.0613755490206387
2025-05-06 16:00:00+00:00,11.985,12.115,11.88,11.88,86154.0,,,,,,,,,11.956059906943057,"rgba(38, 166, 154, 1.0)",0.14788987258908223,11.956059906943057,-0.5143009836406577,12,0.3530965283552421,4.237158340262905,0.0,0.0,0.0,0.0,47.96190658963066,-7.836260659269406,True,False,False,False,True,0.9311076172306443
2025-05-06 17:00:00+00:00,11.885,11.945,11.885,11.905,32233.0,,,,,,,,,11.954277987220802,"rgba(38, 166, 154, 1.0)",0.14792483482078753,11.954277987220802,-0.33312856005892244,13,0.3602607454669861,4.683389691070819,0.0,0.0,0.0,0.0,48.791810532328824,-6.9041763940296335,True,False,False,False,True,1.4189601731095394
2025-05-06 18:00:00+00:00,11.905,11.92,11.845,11.92,73793.0,,,,,,,,,11.950820401829207,"rgba(38, 166, 154, 1.0)",0.14778127860560275,11.950820401829207,-0.20855416951331052,13,0.36320439497433593,4.721657134666367,0.0,0.0,0.0,0.0,49.68839844344606,-5.80401239054315,True,False,False,False,True,1.7144864107200064
2025-05-06 19:00:00+00:00,11.915,11.94,11.835,11.845,210901.0,,,,,,,,,11.942835461962535,"rgba(38, 166, 154, 1.0)",0.1484148070610051,11.942835461962535,-0.6592028376408505,13,0.3753054456718654,4.878970793734251,0.0,0.0,0.0,0.0,48.48966283479065,-5.80401239054315,True,False,False,False,True,0.1740561670907219
2025-05-07 14:00:00+00:00,11.705,11.715,11.62,11.67,101313.0,,,,,,,,,11.930085866213599,"rgba(38, 166, 154, 1.0)",0.1527192560588595,11.930085866213599,-1.7030325639705781,13,0.38172582668934585,4.962435746961496,0.0,0.0,0.0,0.0,44.378579909874894,-5.80401239054315,False,False,False,True,False,0.0
2025-05-07 15:00:00+00:00,11.665,11.755,11.665,11.745,102676.0,,,,,,,,,11.921706364725676,"rgba(38, 166, 154, 1.0)",0.15484045843243882,11.921706364725676,-1.1412157165808086,13,0.3859855651516104,5.017812346970936,0.0,0.0,0.0,0.0,43.6414248384317,-1.147700496674986,False,False,False,True,False,0.0
2025-05-07 16:00:00+00:00,11.74,11.795,11.695,11.785,58643.0,,,,,,,,,11.918312673491071,"rgba(38, 166, 154, 1.0)",0.15601406150532576,11.918312673491071,-0.8544913977931418,13,0.38979471520540926,5.067331297670321,0.0,0.0,0.0,0.0,44.18072534541015,-1.147700496674986,False,False,False,True,False,0.0
2025-05-07 17:00:00+00:00,11.785,11.83,11.65,11.67,46536.0,,,,,,,,,11.914982228453539,"rgba(38, 166, 154, 1.0)",0.1597514398136138,11.914982228453539,-1.533521254890511,13,0.3929709079539086,5.108621803400812,0.0,0.0,0.0,0.0,42.3159386352482,-2.8496348948536365,False,False,False,True,False,0.0
2025-05-07 18:00:00+00:00,11.675,11.74,11.605,11.715,56497.0,11.686666666666667,,,,,,,,11.890147077084446,"rgba(38, 166, 154, 1.0)",0.16059130601488897,11.890147077084446,-1.090638599503063,13,0.3964259802730751,5.153537743549976,0.0,0.0,0.0,0.0,42.32044818353745,-3.1371815435620363,False,False,False,True,False,0.0
2025-05-07 19:00:00+00:00,11.715,11.785,11.675,11.77,50412.0,11.713387335646829,,,,,,,,11.890113217276047,"rgba(38, 166, 154, 1.0)",0.16040719581262128,11.890113217276047,-0.7488019266689088,13,0.4017567181742679,5.222837336265482,0.0,0.0,0.0,0.0,43.809907446807834,-3.1371815435620363,False,False,False,True,False,0.0
2025-05-08 14:00:00+00:00,12.615,12.795,12.565,12.615,181573.0,12.30814430363073,,,,,,,,11.987791426280966,"rgba(38, 166, 154, 1.0)",0.17409024790152577,11.987791426280966,3.6027783364052377,13,0.3914580477943023,5.0889546213259305,0.0,0.0,0.0,0.0,54.94860470813033,-0.17447671891844152,True,False,True,False,True,13.032320979962837
2025-05-08 15:00:00+00:00,12.615,12.855,12.605,12.795,129210.0,12.445344739664634,,,,,,,,12.03023581313446,"rgba(38, 166, 154, 1.0)",0.1953000694242517,12.03023581313446,3.91584185873604,14,0.5539903576348858,7.755865006888401,0.0,0.0,0.0,0.0,63.28956359530287,7.025068893536719,True,False,True,False,True,15.435458146847658
2025-05-08 16:00:00+00:00,12.795,12.915,12.755,12.865,69302.0,12.502217943136879,,,,,,,,12.05195475474489,"rgba(38, 166, 154, 1.0)",0.2182050444912812,12.05195475474489,3.726060720322147,14,0.533193599403816,7.4647103916534245,0.0,0.0,0.0,0.0,69.18467729356549,11.850746514224596,True,False,True,False,True,16.338209409733537
2025-05-08 17:00:00+00:00,12.86,12.865,12.725,12.725,37125.0,12.521303845119144,,,,,,,,12.061411015318162,"rgba(38, 166, 154, 1.0)",0.23270055769067294,12.061411015318162,2.851686266966068,14,0.5294149607966682,7.4118094511533545,0.0,0.0,0.0,0.0,70.38036934357092,12.53578750075529,True,False,True,False,True,13.597850760164121
2025-05-08 18:00:00+00:00,12.725,12.77,12.595,12.77,162393.0,12.566333778579253,,,,,,,,12.094253731278389,"rgba(38, 166, 154, 1.0)",0.24712970297010192,12.094253731278389,2.7343789945127037,13,0.47891764863530367,6.225929432258948,0.0,0.0,0.0,0.0,71.49822831023017,13.528827163837413,True,False,True,False,True,14.196185392072007
2025-05-08 19:00:00+00:00,12.765,12.905,12.735,12.785,247519.0,12.630463863975963,,,,,,,,12.143918796796202,"rgba(38, 166, 154, 1.0)",0.2611504347106287,12.143918796796202,2.4548349073749667,13,0.46004946742959635,5.9806430765847525,0.0,0.0,0.0,0.0,72.35797405837641,14.541490028735367,True,False,True,False,True,14.397051650832037
2025-05-09 14:00:00+00:00,13.005,13.085,12.885,12.965,101498.0,12.664560499995654,,,,,,,,12.167146574099968,"rgba(38, 166, 154, 1.0)",0.28190155460104754,12.167146574099968,2.83025550188671,12,0.4615238680982408,5.53828641717889,0.0,0.0,0.0,0.0,74.22781712449829,16.634875104151803,True,False,True,False,True,16.753204037953253
2025-05-09 15:00:00+00:00,12.965,13.035,12.92,12.965,177913.0,12.7098322979865,,,,,,,,12.203619631062276,"rgba(38, 166, 154, 1.0)",0.3005606622825294,12.203619631062276,2.533200330194975,11,0.4728503180300063,5.20135349833007,0.0,0.0,0.0,0.0,75.47437916857955,18.20356551058731,True,False,True,False,True,16.753204037953264
2025-05-09 16:00:00+00:00,12.965,13.065,12.955,13.055,30855.0,12.717647553866428,,,,,,,,12.209975931994547,"rgba(38, 166, 154, 1.0)",0.3214011133703129,12.209975931994547,2.6291883657286212,9,0.527716269698204,4.749446427283836,0.0,0.0,0.0,0.0,76.94235489101864,20.021738359008893,True,False,True,False,True,17.908775565787874
2025-05-09 17:00:00+00:00,13.055,13.135,13.055,13.115,50983.0,12.73276277716015,,,,,,,,12.221323172574266,"rgba(38, 166, 154, 1.0)",0.3428000362673056,12.221323172574266,2.6069916361644454,9,0.5012182285465977,4.510964056919379,0.0,0.0,0.0,0.0,78.3306326117038,21.772139129534736,True,False,True,False,True,18.669022616262726
2025-05-09 18:00:00+00:00,13.115,13.18,13.095,13.16,56355.0,12.749950574674376,,,,,,,,12.234123392447481,"rgba(38, 166, 154, 1.0)",0.36405096910749923,12.234123392447481,2.5432609335510943,9,0.4735856343021494,4.2622707087193445,0.0,0.0,0.0,0.0,79.56476326686106,23.37695521036106,True,False,True,False,True,19.237305175700058
2025-05-09 19:00:00+00:00,13.165,13.3,13.165,13.27,261031.0,12.830080773080104,,,,,,,,12.294698339782952,"rgba(38, 166, 154, 1.0)",0.38786964932160684,12.294698339782952,2.5145088354370415,8,0.48894093287792917,3.9115274630234333,0.0,0.0,0.0,0.0,81.09876164306806,25.242304743635557,True,False,True,False,True,20.0
2025-05-12 14:00:00+00:00,13.785,13.99,13.775,13.965,194006.0,12.946045823480963,,,,,,,,12.365272670571569,"rgba(38, 166, 154, 1.0)",0.4420782002487079,12.365272670571569,3.618652375368076,6,0.542146261089934,3.2528775665396044,0.0,0.0,0.0,0.0,84.53725904793993,28.78327542452074,True,False,True,False,True,20.0
2025-05-12 15:00:00+00:00,13.965,13.97,13.695,13.745,96452.0,12.989493909312618,,,,,,,,12.39523708164923,"rgba(38, 166, 154, 1.0)",0.4783254574484249,12.39523708164923,2.8218504730041616,6,0.5009744516696882,3.0058467100181296,0.0,0.0,0.0,0.0,82.55869922571355,28.78327542452074,True,False,True,False,True,20.0
2025-05-12 16:00:00+00:00,13.745,13.815,13.68,13.805,24654.0,12.999433029460167,,,,,,,,12.40244791972821,"rgba(38, 166, 154, 1.0)",0.5133450800106816,12.40244791972821,2.7321817913256425,6,0.46630137386507337,2.79780824319044,0.0,0.0,0.0,0.0,81.53375020209054,28.78327542452074,True,False,True,False,False,20.0
2025-05-12 17:00:00+00:00,13.805,13.825,13.735,13.775,56351.0,13.021554479740647,,,,,,,,12.418745428508892,"rgba(38, 166, 154, 1.0)",0.5446350377310721,12.418745428508892,2.4902080797835024,6,0.4394136450692027,2.636481870415216,0.0,0.0,0.0,0.0,80.24990802617518,28.78327542452074,True,False,True,False,False,20.0
2025-05-12 18:00:00+00:00,13.775,13.775,13.625,13.625,93634.0,13.05100187958556,,,,,,,,12.442689241377497,"rgba(38, 166, 154, 1.0)",0.5679594659436156,12.442689241377497,2.0816815803187567,6,0.42087931021004593,2.5252758612602757,0.0,0.0,0.0,0.0,76.46586640018552,31.759667848596848,True,False,True,False,False,20.0
2025-05-12 19:00:00+00:00,13.625,13.73,13.615,13.705,332902.0,13.138324010871136,,,,,,,,12.520483608551006,"rgba(38, 166, 154, 1.0)",0.5924112660205832,12.520483608551006,1.999483229624871,6,0.40312349791721197,2.4187409875032717,0.0,0.0,0.0,0.0,74.60189666571395,29.891973543832975,True,False,True,False,False,20.0
2025-05-13 14:00:00+00:00,13.64,13.835,13.635,13.795,38165.0,13.147934902245835,,,,,,,,12.52925451748486,"rgba(38, 166, 154, 1.0)",0.6180958335561418,12.52925451748486,2.047814293186255,6,0.38598793089166544,2.3159275853499928,0.0,0.0,0.0,0.0,74.08186751708223,29.209960509952595,True,False,True,False,False,20.0
2025-05-13 15:00:00+00:00,13.795,13.995,13.785,13.985,50907.0,13.163691905055078,,,,,,,,12.542434955144227,"rgba(38, 166, 154, 1.0)",0.6480944000308548,12.542434955144227,2.225856364114694,6,0.36765143587437804,2.205908615246268,0.0,0.0,0.0,0.0,75.08504283176211,29.209960509952595,True,False,True,False,False,20.0
2025-05-13 16:00:00+00:00,13.985,14.005,13.925,13.95,45485.0,13.177922519790677,,,,,,,,12.554320254212495,"rgba(38, 166, 154, 1.0)",0.6746922888878212,12.554320254212495,2.0686167142775203,6,0.3526303671488087,2.115782202892852,0.0,0.0,0.0,0.0,74.97801230401257,29.209960509952595,True,False,True,False,False,20.0
2025-05-13 17:00:00+00:00,13.945,14.005,13.925,13.925,39595.0,13.18977496408192,,,,,,,,12.564419979634458,"rgba(38, 166, 154, 1.0)",0.6987548449444454,12.564419979634458,1.9471493188340123,6,0.33997259034991495,2.03983554209949,0.0,0.0,0.0,0.0,74.31637855275716,28.59416445430702,True,False,True,False,False,20.0
2025-05-13 18:00:00+00:00,13.925,14.025,13.885,14.02,76919.0,13.212514605756045,,,,,,,,12.70000896749984,"rgba(38, 166, 154, 1.0)",0.7240792102406376,12.70000896749984,1.8229925867661334,6,0.32814887577532054,1.968893254651923,0.0,0.0,0.0,0.0,74.70301812339086,28.59416445430702,True,False,True,False,False,20.0
2025-05-13 19:00:00+00:00,14.015,14.015,13.935,13.955,68906.0,13.231587206720375,,,,,,,,12.71515320561413,"rgba(38, 166, 154, 1.0)",0.7454737716004147,12.71515320561413,1.6631662194152252,6,0.319028254805567,1.9141695288334022,0.0,0.0,0.0,0.0,73.29786953191274,27.00308206486693,True,False,True,False,False,20.0
2025-05-14 14:00:00+00:00,13.88,13.965,13.775,13.84,60813.0,13.245277438946118,,,,,,,,12.72456556690633,"rgba(38, 166, 154, 1.0)",0.7615128257513376,12.72456556690633,1.464761190322881,6,0.31214479262840455,1.8728687557704273,0.0,0.0,0.0,0.0,69.62941888125037,23.40361173872401,True,False,True,False,False,20.0
2025-05-14 15:00:00+00:00,13.835,13.845,13.755,13.765,33505.0,13.251718269167235,,,,,,,,12.728985435713625,"rgba(38, 166, 154, 1.0)",0.7754360470490566,12.728985435713625,1.336041274105012,6,0.3066607734369217,1.8399646406215302,0.0,0.0,0.0,0.0,65.5517872379746,19.6269229531693,False,False,True,False,False,19.34524746947865
2025-05-14 16:00:00+00:00,13.765,13.83,13.765,13.8,37314.0,13.258844209767014,,,,,,,,12.734491332919063,"rgba(38, 166, 154, 1.0)",0.7893645636931128,12.734491332919063,1.3498308843455802,6,0.30132684591906983,1.8079610755144189,0.0,0.0,0.0,0.0,63.39613164884284,17.71643092328442,False,False,True,False,False,19.740681078074925
2025-05-14 17:00:00+00:00,13.805,13.86,13.785,13.81,54415.0,13.269282278638553,,,,,,,,12.743348680925012,"rgba(38, 166, 154, 1.0)",0.8033292213269987,12.743348680925012,1.3277885215142744,6,0.29611681454618166,1.77670088727709,0.0,0.0,0.0,0.0,62.1305635888119,16.5615123761969,False,False,True,False,False,19.85491209296722
2025-05-14 18:00:00+00:00,13.815,13.835,13.755,13.805,46781.0,13.277633818350335,,,,,,,,12.750705961804274,"rgba(38, 166, 154, 1.0)",0.8161224404694691,12.750705961804274,1.2918331685491338,6,0.2908742962285455,1.7452457773712728,0.0,0.0,0.0,0.0,61.147287724691,15.570141835276488,False,False,True,False,False,19.754975518312808
2025-05-14 19:00:00+00:00,13.805,13.825,13.755,13.8,103962.0,13.295112006286258,,,,,,,,12.76702926185122,"rgba(38, 166, 154, 1.0)",0.8281100157576907,12.76702926185122,1.2473834617295978,6,0.28592674000806834,1.7155604400484101,0.0,0.0,0.0,0.0,60.33708668606932,14.658866142941875,False,True,True,False,False,19.653216259772453
2025-05-15 14:00:00+00:00,13.4,13.46,13.32,13.355,83537.0,13.297318330752645,,,,,,,,12.816270788063907,"rgba(239, 83, 80, 1.0)",0.8317031695034997,12.816270788063907,0.6477421653421109,6,0.28389848393678346,1.7033909036207007,0.0,0.0,0.0,0.0,51.18890768482606,6.1879460851717525,False,True,False,False,False,11.242073032174432
2025-05-15 15:00:00+00:00,13.355,13.425,13.32,13.415,48554.0,13.298674226335196,,,,,,,,12.859076414285555,"rgba(239, 83, 80, 1.0)",0.835948875543551,12.859076414285555,0.6650210341547157,6,0.2819097168123113,1.691458300873868,0.0,0.0,0.0,0.0,46.48909705188201,2.1916007033310905,False,True,False,True,False,12.01216307993339
2025-05-15 16:00:00+00:00,13.415,13.53,13.4,13.45,22478.0,13.29979970107603,,,,,,,,12.862907102219035,"rgba(239, 83, 80, 1.0)",0.8404729577998318,12.862907102219035,0.6985268143758496,6,0.2797289814089701,1.6783738884538209,0.0,0.0,0.0,0.0,44.18261986169995,0.3378888468154386,False,True,False,True,False,12.461780936208338
2025-05-15 17:00:00+00:00,13.45,13.525,13.44,13.515,9052.0,13.300341897827119,,,,,,,,12.864608788911173,"rgba(239, 83, 80, 1.0)",0.8457313696142262,12.864608788911173,0.7690281269636459,5,0.31306013424342866,1.5653006712171433,0.0,0.0,0.0,0.0,44.1778837053474,0.3378888468154386,False,True,False,True,False,13.29645365372464
2025-05-15 18:00:00+00:00,13.515,13.565,13.495,13.545,31386.0,13.30259940492374,,,,,,,,12.87103821156266,"rgba(239, 83, 80, 1.0)",0.8508331264172867,12.87103821156266,0.7921198264520786,5,0.3104052261185387,1.5520261305926937,0.0,0.0,0.0,0.0,44.88213995567542,0.3378888468154386,False,True,False,True,False,13.681879968343981
2025-05-15 19:00:00+00:00,13.545,13.64,13.54,13.64,106629.0,13.312222953054079,,,,,,,,12.891616904644751,"rgba(239, 83, 80, 1.0)",0.8567179568899345,12.891616904644751,0.8735466431356672,5,0.30772327578008984,1.5386163789004492,0.0,0.0,0.0,0.0,47.48686721955057,0.3378888468154386,False,True,False,True,True,14.895039262322172
2025-05-16 14:00:00+00:00,13.67,13.685,13.57,13.615,55206.0,13.317238661392167,,,,,,,,12.90009625721292,"rgba(239, 83, 80, 1.0)",0.8618005716087866,12.90009625721292,0.8295466101310608,5,0.3052551811203998,1.526275905601999,0.0,0.0,0.0,0.0,48.62428880447216,0.3378888468154386,False,True,False,False,True,14.419973357748933
2025-05-16 15:00:00+00:00,13.615,13.625,13.54,13.615,60225.0,13.322010596071344,,,,,,,,12.907234503142503,"rgba(239, 83, 80, 1.0)",0.8664071666245524,12.907234503142503,0.8168970942552228,5,0.30298855319495477,1.5149427659747738,0.0,0.0,0.0,0.0,49.38256986108655,0.3378888468154386,False,True,False,False,True,14.419973357748933
2025-05-16 16:00:00+00:00,13.615,13.755,13.605,13.73,177926.0,13.34021193972118,,,,,,,,12.934427483587003,"rgba(239, 83, 80, 1.0)",0.8719445856018416,12.934427483587003,0.9124117857373588,5,0.30046450606950925,1.5023225303475463,0.0,0.0,0.0,0.0,52.59945050446596,-2.860116130424764,False,True,True,False,True,15.915510836740843
2025-05-16 17:00:00+00:00,13.735,13.775,13.715,13.765,33998.0,13.343996311208612,,,,,,,,12.939805488873306,"rgba(239, 83, 80, 1.0)",0.8756075111107263,12.939805488873306,0.9424251170252276,5,0.29798429205371174,1.4899214602685587,0.0,0.0,0.0,0.0,55.477018084360516,-0.006531370075137488,False,True,True,False,True,16.36505102285543
2025-05-16 18:00:00+00:00,13.765,13.85,13.765,13.845,115425.0,13.358409982944407,,,,,,,,13.01711656728159,"rgba(38, 166, 154, 1.0)",0.8775727325418153,13.01711656728159,0.9433787104124303,4,0.3435231130987042,1.3740924523948168,0.0,0.0,0.0,0.0,58.9627069033949,3.3345815407244856,False,True,True,False,True,17.387421305513588
2025-05-16 19:00:00+00:00,13.845,13.845,13.71,13.71,151604.0,13.373579747317912,,,,,,,,13.03314769220017,"rgba(38, 166, 154, 1.0)",0.8758923532115248,13.03314769220017,0.7727574117048752,3,0.4215527593807756,1.2646582781423268,0.0,0.0,0.0,0.0,57.17314609747178,3.3345815407244856,False,True,True,False,True,14.694430634548755
2025-05-19 14:00:00+00:00,13.41,13.515,13.385,13.415,11938.0,13.37377420077024,,,,,,,,13.03236392496294,"rgba(239, 83, 80, 1.0)",0.8696488003993592,13.03236392496294,0.4399891943291881,3,0.42030471404231856,1.2609141421269556,0.0,0.0,0.0,0.0,50.35070837673477,6.51012793274127,False,True,False,False,False,9.22046803328492
2025-05-19 15:00:00+00:00,13.415,13.535,13.415,13.535,9636.0,13.374067331053801,,,,,,,,13.032094486434403,"rgba(239, 83, 80, 1.0)",0.8644746725378761,13.032094486434403,0.5817469609481971,3,0.4185155527113748,1.2555466581341244,0.0,0.0,0.0,0.0,48.461410500322955,4.873741171157782,False,True,False,True,False,10.845626705786643
2025-05-19 16:00:00+00:00,13.535,13.545,13.475,13.515,19867.0,13.374749917579988,,,,,,,,13.031846353099588,"rgba(239, 83, 80, 1.0)",0.8590779836440875,13.031846353099588,0.5624095321951361,3,0.41713858223440176,1.2514157467032052,0.0,0.0,0.0,0.0,46.85804193796201,3.336079351689669,False,True,False,True,False,10.486436176752854
2025-05-19 17:00:00+00:00,13.515,13.555,13.445,13.45,8129.0,13.374969870170993,,,,,,,,13.031669219123579,"rgba(239, 83, 80, 1.0)",0.8578892124866184,13.031669219123579,0.4876279766519919,3,0.41620292761033123,1.2486087828309937,0.0,0.0,0.0,0.0,44.6565904951266,1.1377038720401131,False,True,False,True,False,9.316461773496648
2025-05-19 18:00:00+00:00,13.455,13.495,13.435,13.465,8984.0,13.375170971483717,,,,,,,,13.031419589092518,"rgba(239, 83, 80, 1.0)",0.8545204808851932,13.031419589092518,0.5073961603100933,3,0.4152271871905169,1.2456815615715506,0.0,0.0,0.0,0.0,43.58342174779393,-0.08542391919688441,False,True,False,True,False,9.527465501258813
2025-05-19 19:00:00+00:00,13.465,13.55,13.465,13.55,20436.0,13.375911559976208,,,,,,,,13.03153322109941,"rgba(239, 83, 80, 1.0)",0.8502925410736092,13.03153322109941,0.6097510607889798,3,0.41391740070147315,1.2417522021044194,0.0,0.0,0.0,0.0,45.056535743311734,-0.08542391919688441,False,True,False,True,False,10.721456916744785
2025-05-20 14:00:00+00:00,13.41,13.435,13.36,13.36,34709.0,13.37598893034213,,,,,,,,13.029741572359464,"rgba(239, 83, 80, 1.0)",0.8450015086078603,13.029741572359464,0.39083767812987197,3,0.41382138315846123,1.2414641494753837,0.0,0.0,0.0,0.0,42.51957156922817,-1.471877552662427,False,True,False,True,False,7.298188701995244
2025-05-20 15:00:00+00:00,13.365,13.38,13.285,13.315,19383.0,13.375755559049027,,,,,,,,13.028419545426358,"rgba(239, 83, 80, 1.0)",0.8399637594069922,13.028419545426358,0.3411819276297887,3,0.4145293536820584,1.2435880610461751,0.0,0.0,0.0,0.0,40.13732391518242,-3.9334872079687315,False,True,False,True,False,6.511499653311702
2025-05-20 16:00:00+00:00,13.315,13.315,13.235,13.25,48875.0,13.374469384484543,,,,,,,,13.024425335623526,"rgba(239, 83, 80, 1.0)",0.8327727592017399,13.024425335623526,0.27087180972718167,3,0.4151213086457373,1.245363925937212,0.0,0.0,0.0,0.0,37.576067593394924,-6.526577133458183,False,True,False,True,False,5.379020273624484
2025-05-20 17:00:00+00:00,13.255,13.325,13.255,13.285,22718.0,13.37399990771235,,,,,,,,13.023061509280796,"rgba(239, 83, 80, 1.0)",0.8258947209481974,13.023061509280796,0.31715724059657013,3,0.41560915678145144,1.2468274703443543,0.0,0.0,0.0,0.0,36.9405933398054,-7.35477167898388,False,True,False,True,False,5.9064655907585255
2025-05-20 18:00:00+00:00,13.285,13.305,13.215,13.245,38442.0,13.372912419440487,,,,,,,,13.020558619836539,"rgba(239, 83, 80, 1.0)",0.8172384999287396,13.020558619836539,0.27463388005218903,3,0.4158672130025764,1.2476016390077291,0.0,0.0,0.0,0.0,35.831071020122614,-8.704868152785977,False,True,False,True,False,5.19792244766656
2025-05-20 19:00:00+00:00,13.245,13.315,13.23,13.29,121163.0,13.370264499973663,,,,,,,,13.015868089617793,"rgba(239, 83, 80, 1.0)",0.8094343036293329,13.015868089617793,0.33867098188581335,3,0.4162065942971244,1.2486197828913732,0.0,0.0,0.0,0.0,36.59708187701837,-8.704868152785977,False,True,False,True,False,5.892680461970883
2025-05-21 14:00:00+00:00,13.295,13.385,13.235,13.35,57783.0,13.369646140761125,,,,,,,,13.015310828860292,"rgba(239, 83, 80, 1.0)",0.8024822526173255,13.015310828860292,0.4170673806780233,3,0.41637174905135765,1.249115247154073,0.0,0.0,0.0,0.0,39.01769225614004,-8.704868152785977,False,True,False,True,True,6.816017467124649
2025-05-21 15:00:00+00:00,13.345,13.385,13.295,13.345,35344.0,13.369422449724519,,,,,,,,13.015337992092661,"rgba(239, 83, 80, 1.0)",0.794382869996676,13.015337992092661,0.41499133523450604,3,0.4168447285239119,1.2505341855717358,0.0,0.0,0.0,0.0,40.50559580367846,-8.704868152785977,False,True,False,True,True,6.723169142613013
2025-05-21 16:00:00+00:00,13.345,13.48,13.315,13.46,271435.0,13.372251796242951,,,,,,,,13.023723472326859,"rgba(239, 83, 80, 1.0)",0.7861758852334091,13.023723472326859,0.5549350162827941,3,0.4168660614654454,1.2505981843963363,0.0,0.0,0.0,0.0,44.92912369580625,-10.086147288606995,False,True,False,True,True,8.494481607444186
2025-05-21 17:00:00+00:00,13.465,13.575,13.335,13.485,87673.0,13.373952961390742,,,,,,,,13.055101781644353,"rgba(239, 83, 80, 1.0)",0.7727400178165664,13.055101781644353,0.556329694908716,3,0.41679191818964895,1.250375754568947,0.0,0.0,0.0,0.0,48.53525030608188,-6.737025876305253,False,True,False,False,True,8.87502434832686
2025-05-21 18:00:00+00:00,13.485,13.505,13.415,13.425,34658.0,13.374488387292196,,,,,,,,13.056157591574706,"rgba(239, 83, 80, 1.0)",0.7586100376275033,13.056157591574706,0.4862081835600563,3,0.41693338539742997,1.25080015619229,0.0,0.0,0.0,0.0,49.020543807004366,-6.253854004882818,False,True,False,False,True,7.715926595044316
2025-05-21 19:00:00+00:00,13.425,13.445,13.26,13.27,198229.0,13.372531411580445,,,,,,,,13.053068940742346,"rgba(239, 83, 80, 1.0)",0.7446450995771997,13.053068940742346,0.2913214085217568,3,0.4177520869189996,1.2532562607569988,0.0,0.0,0.0,0.0,45.49768027248952,-6.253854004882818,False,True,False,True,False,4.8086151897294656
2025-05-22 14:00:00+00:00,12.995,13.115,12.975,13.05,146031.0,13.363307256639116,,,,,,,,13.04032119778759,"rgba(239, 83, 80, 1.0)",0.7266709541984524,13.04032119778759,0.013319373997942925,3,0.4191803362073136,1.2575410086219407,-1.0,0.0,12.975,247.0,39.697237397697435,-4.431027161242014,False,True,False,True,False,0.9426912654457595
2025-05-22 15:00:00+00:00,13.06,13.135,13.005,13.115,107599.0,13.357621189329862,,,,,,,,13.036075309159688,"rgba(239, 83, 80, 1.0)",0.7082358173468686,13.036075309159688,0.11143843463886458,3,0.4205400044343212,1.2616200133029636,0.0,0.0,0.0,0.0,37.79950451127389,-6.08286779566253,False,True,False,True,False,2.0086479002822806
2025-05-22 16:00:00+00:00,13.115,13.215,13.115,13.17,53029.0,13.355717607670734,,,,,,,,13.036227501792634,"rgba(239, 83, 80, 1.0)",0.6857198689980867,13.036227501792634,0.1950833047944522,3,0.4218776287607328,1.2656328862821984,0.0,0.0,0.0,0.0,38.13008405639151,-6.08286779566253,False,True,False,True,False,2.9046359307650285
2025-05-22 17:00:00+00:00,13.165,13.275,13.145,13.275,28271.0,13.355061813765609,,,,,,,,13.037059313145635,"rgba(239, 83, 80, 1.0)",0.6706289773229606,13.037059313145635,0.35480227502871275,3,0.4232348966613822,1.2697046899841467,0.0,0.0,0.0,0.0,41.100621514671914,-6.08286779566253,False,True,False,True,True,4.588378450210765
2025-05-22 18:00:00+00:00,13.275,13.33,13.24,13.245,63395.0,13.354084792796549,,,,,,,,13.039633179248264,"rgba(239, 83, 80, 1.0)",0.6550899119913295,13.039633179248264,0.3134940975162702,3,0.4257222442472503,1.2771667327417509,0.0,0.0,0.0,0.0,42.42981577405088,-6.08286779566253,False,True,False,True,True,4.050137360759997
2025-05-22 19:00:00+00:00,13.245,13.425,13.235,13.34,536779.0,13.352212058043007,,,,,,,,13.061467315972868,"rgba(239, 83, 80, 1.0)",0.635892775255103,13.061467315972868,0.4380183182854881,3,0.42927998970665965,1.287839969119979,0.0,0.0,0.0,0.0,45.6748425735303,-10.333077508835537,False,True,False,True,True,5.5674209637918075
2025-05-23 14:00:00+00:00,13.38,13.535,13.35,13.385,118013.0,13.35359571699239,,,,,,,,13.067685056888033,"rgba(239, 83, 80, 1.0)",0.6163221194756608,13.067685056888033,0.5148524336298754,3,0.4333241209620349,1.2999723628861046,0.0,0.0,0.0,0.0,48.86286705501402,-7.2379581186192965,False,False,False,False,True,6.277775644251278
2025-05-23 15:00:00+00:00,13.385,13.515,13.385,13.445,45261.0,13.354297362626724,,,,,,,,13.07021886643444,"rgba(239, 83, 80, 1.0)",0.596088133637199,13.07021886643444,0.6287344310626158,3,0.4376514590673515,1.3129543772020544,0.0,0.0,0.0,0.0,52.300005119966144,-3.9599601116282486,True,False,True,False,True,7.221224428267874
2025-05-23 16:00:00+00:00,13.445,13.49,13.405,13.45,25890.0,13.354694061809434,,,,,,,,13.071634426716296,"rgba(239, 83, 80, 1.0)",0.5719080755216379,13.071634426716296,0.6615845963332413,3,0.4420416127604221,1.3261248382812663,0.0,0.0,0.0,0.0,54.70268134623896,-1.6490025358140201,True,False,True,False,True,7.300256037580205
2025-05-23 17:00:00+00:00,13.455,13.565,13.435,13.55,32675.0,13.355551862295204,,,,,,,,13.073927341619884,"rgba(38, 166, 154, 1.0)",0.5393623195141916,13.073927341619884,0.8826583562769453,3,0.4460285222471387,1.338085566741416,0.0,0.0,0.0,0.0,58.401432707666395,1.8752411084592921,True,False,True,False,True,8.873820214371339
2025-05-23 18:00:00+00:00,13.555,13.6,13.555,13.58,28718.0,13.356584018914212,,,,,,,,13.076323757675869,"rgba(38, 166, 154, 1.0)",0.5069375727865516,13.076323757675869,0.9935666033896569,2,0.5357364789590872,1.0714729579181743,0.0,0.0,0.0,0.0,61.43525744042502,4.7550460929317,True,False,True,False,True,9.341003026904094
2025-05-23 19:00:00+00:00,13.585,13.655,13.575,13.64,120601.0,13.361674957910784,,,,,,,,13.116923832315628,"rgba(38, 166, 154, 1.0)",0.4732476733808403,13.116923832315628,1.1052905214463327,2,0.5383470845220182,1.0766941690440364,0.0,0.0,0.0,0.0,64.5497118061011,7.7266908370367275,True,False,True,False,True,10.274245434480815
2025-05-26 14:00:00+00:00,13.64,13.64,13.64,13.64,0.0,13.361674957910784,,,,,,,,13.116923832315628,"rgba(38, 166, 154, 1.0)",0.429505089168499,13.116923832315628,1.217857904075183,2,0.5420330270678076,1.0840660541356153,0.0,0.0,0.0,0.0,66.62601471655182,9.776886137399472,True,False,True,False,True,10.274245434480804
2025-05-26 15:00:00+00:00,13.64,13.64,13.64,13.64,0.0,13.361674957910784,,,,,,,,13.116923832315628,"rgba(38, 166, 154, 1.0)",0.3817165827542322,13.116923832315628,1.3703260254248757,3,0.3969871559024652,1.1909614677073956,0.0,0.0,0.0,0.0,68.0102166568523,11.279924156379693,True,False,True,False,True,10.274245434480804
2025-05-26 16:00:00+00:00,13.64,13.64,13.64,13.64,0.0,13.361674957910784,,,,,,,,13.116923832315628,"rgba(38, 166, 154, 1.0)",0.3288758083187584,13.116923832315628,1.590497550909516,3,0.3991669009269127,1.197500702780738,0.0,0.0,0.0,0.0,68.93301795038595,12.455712110933916,True,False,True,False,True,10.274245434480815
2025-05-26 17:00:00+00:00,13.64,13.64,13.64,13.64,0.0,13.361674957910784,,,,,,,,13.116923832315628,"rgba(38, 166, 154, 1.0)",0.31424157230669747,13.116923832315628,1.664567052171742,3,0.4022846290243049,1.2068538870729146,0.0,0.0,0.0,0.0,69.54821881274171,13.430396583685358,True,False,True,False,True,10.274245434480804
2025-05-26 18:00:00+00:00,13.64,13.64,13.64,13.64,0.0,13.361674957910784,,,,,,,,13.116923832315628,"rgba(38, 166, 154, 1.0)",0.30456474629330377,13.116923832315628,1.7174547417271884,3,0.4053962934343165,1.2161888803029495,0.0,0.0,0.0,0.0,69.9583527209789,14.27429950091431,True,False,True,False,True,10.274245434480804
2025-05-26 19:00:00+00:00,13.64,13.64,13.64,13.64,0.0,13.361674957910784,,,,,,,,13.116923832315628,"rgba(38, 166, 154, 1.0)",0.296267699133013,13.116923832315628,1.7655524689835704,3,0.4093889962843516,1.2281669888530549,0.0,0.0,0.0,0.0,70.23177532647034,15.025354140413924,True,False,True,False,True,10.274245434480804
2025-05-27 14:00:00+00:00,13.61,13.625,13.445,13.455,36861.0,13.362525491884782,,,,,,,,13.117498731168583,"rgba(38, 166, 154, 1.0)",0.2822673162763587,13.117498731168583,1.1956795894179286,3,0.4137530301608214,1.241259090482464,0.0,0.0,0.0,0.0,60.627533767272865,16.28043776004155,True,False,True,False,False,6.176288766694537
2025-05-27 15:00:00+00:00,13.46,13.515,13.46,13.48,42284.0,13.363334885578027,,,,,,,,13.118308756127036,"rgba(38, 166, 154, 1.0)",0.26885766018743384,13.118308756127036,1.3452889667373147,3,0.41782493885658417,1.2534748165697525,0.0,0.0,0.0,0.0,55.38306969639412,11.620052932835776,True,False,True,False,False,6.629354650225892
2025-05-27 16:00:00+00:00,13.485,13.54,13.485,13.5,27572.0,13.363957045724659,,,,,,,,13.119365532370587,"rgba(38, 166, 154, 1.0)",0.2549442970427363,13.119365532370587,1.4930103243910076,3,0.4225027038706963,1.2675081116120888,0.0,0.0,0.0,0.0,52.81773953659744,9.435587175511806,True,False,False,False,False,6.994805746940646
2025-05-27 17:00:00+00:00,13.505,13.53,13.485,13.525,45144.0,13.364999151596432,,,,,,,,13.121333575103737,"rgba(38, 166, 154, 1.0)",0.24639669911213055,13.121333575103737,1.63827854168031,3,0.42760590297015205,1.2828177089104562,0.0,0.0,0.0,0.0,52.26766769817254,8.919561832955353,False,False,False,False,False,7.4553111531058285
2025-05-27 18:00:00+00:00,13.525,13.56,13.52,13.55,40922.0,13.366119837188306,,,,,,,,13.12365280354243,"rgba(38, 166, 154, 1.0)",0.23730088856077272,13.12365280354243,1.7966523389076252,2,0.5087315750191512,1.0174631500383025,0.0,0.0,0.0,0.0,53.03444622229031,8.919561832955353,True,False,True,False,False,7.9188297913490615
2025-05-27 19:00:00+00:00,13.545,13.58,13.525,13.575,103285.0,13.369146950661793,,,,,,,,13.129942275549308,"rgba(38, 166, 154, 1.0)",0.23044633543090715,13.129942275549308,1.9312857530083387,2,0.5186382880191087,1.0372765760382174,0.0,0.0,0.0,0.0,54.64582454713759,8.919561832955353,True,False,True,False,False,8.385295823913594
2025-05-28 14:00:00+00:00,13.425,13.44,13.375,13.43,19205.0,13.369279684484386,,,,,,,,13.130185859140113,"rgba(239, 83, 80, 1.0)",0.22528666423271,13.130185859140113,1.3308117543530837,2,0.5288506106836046,1.0577012213672092,0.0,0.0,0.0,0.0,49.51677337796656,5.925788512827069,False,False,False,False,False,5.08923324873971
2025-05-28 15:00:00+00:00,13.425,13.495,13.415,13.45,21642.0,13.369552983852794,,,,,,,,13.130749833239044,"rgba(239, 83, 80, 1.0)",0.22093525609872267,13.130749833239044,1.444994214134397,2,0.5423496576817288,1.0846993153634577,0.0,0.0,0.0,0.0,47.059749890855656,3.5414552375014736,False,True,False,True,False,5.476024364973878
2025-05-28 16:00:00+00:00,13.455,13.565,13.455,13.535,61705.0,13.370919588831718,,,,,,,,13.133618145333815,"rgba(239, 83, 80, 1.0)",0.21842594143533572,13.133618145333815,1.8376107344603725,2,0.5566397954335359,1.1132795908670718,0.0,0.0,0.0,0.0,48.992728638256956,3.5414552375014736,False,False,False,False,False,7.105067707359737
2025-05-28 17:00:00+00:00,13.535,13.58,13.535,13.565,9591.0,13.371189156555051,,,,,,,,13.134177177982217,"rgba(239, 83, 80, 1.0)",0.21317923770247454,13.134177177982217,2.020941751462046,2,0.5750031214634774,1.1500062429269549,0.0,0.0,0.0,0.0,51.35759427122968,3.5414552375014736,False,False,False,False,True,7.673216594196102
2025-05-28 18:00:00+00:00,13.565,13.575,13.445,13.495,16402.0,13.37151460935041,,,,,,,,13.13486747405947,"rgba(239, 83, 80, 1.0)",0.21208612053254036,13.13486747405947,1.6980485334742754,2,0.5884610627336231,1.1769221254672462,0.0,0.0,0.0,0.0,50.085195739918575,3.5414552375014736,False,False,False,False,True,6.058216492668322
2025-05-28 19:00:00+00:00,13.495,13.53,13.375,13.425,154724.0,13.37312541691111,,,,,,,,13.13885081243668,"rgba(239, 83, 80, 1.0)",0.21043322965768685,13.13885081243668,1.3598098932796978,2,0.6031665284296935,1.206333056859387,0.0,0.0,0.0,0.0,46.917819787946414,3.162177629518226,False,True,False,True,False,4.474027950674234
2025-05-29 14:00:00+00:00,13.455,13.51,13.37,13.495,30379.0,13.373499005315763,,,,,,,,13.139779638025997,"rgba(239, 83, 80, 1.0)",0.20876518124658974,13.139779638025997,1.7015306855908217,1,1.1096117079075118,1.1096117079075118,0.0,0.0,0.0,0.0,47.60605540692552,3.162177629518226,False,True,False,True,False,5.8530050665715265
2025-05-29 15:00:00+00:00,13.495,13.495,13.4,13.415,29628.0,13.373767963026307,,,,,,,,13.140528093321484,"rgba(239, 83, 80, 1.0)",0.20902782262333203,13.140528093321484,1.3130879097043155,1,1.1467309222773472,1.1467309222773472,0.0,0.0,0.0,0.0,45.55369736074415,1.4317116534680636,False,True,False,True,False,4.050491978280583
2025-05-29 16:00:00+00:00,13.42,13.465,13.4,13.46,10355.0,13.373868854078255,,,,,,,,13.14080379964125,"rgba(239, 83, 80, 1.0)",0.20829477120593345,13.14080379964125,1.532425410924857,1,1.187727016264838,1.187727016264838,0.0,0.0,0.0,0.0,45.91651186545302,1.4317116534680636,False,True,False,True,False,4.946900685221191
2025-05-29 17:00:00+00:00,13.455,13.56,13.445,13.515,37243.0,13.374574784422284,,,,,,,,13.142381761564508,"rgba(239, 83, 80, 1.0)",0.20606298783375762,13.142381761564508,1.8082734912885203,1,1.239689251209099,1.239689251209099,0.0,0.0,0.0,0.0,48.0916985830836,1.4317116534680636,False,True,False,False,False,6.033622026574555
2025-05-29 18:00:00+00:00,13.515,13.545,13.495,13.51,17625.0,13.374931345136165,,,,,,,,13.143163968303202,"rgba(239, 83, 80, 1.0)",0.19910061289226186,13.143163968303202,1.842465607553409,1,1.3171294047313937,1.3171294047313937,0.0,0.0,0.0,0.0,49.349628324443,1.4317116534680636,False,True,False,False,True,5.917179179536333
2025-05-29 19:00:00+00:00,13.515,13.575,13.51,13.565,88100.0,13.377100076731816,,,,,,,,13.147671163892927,"rgba(239, 83, 80, 1.0)",0.1928494955345958,13.147671163892927,2.1640131074763795,1,1.403956548242111,1.403956548242111,0.0,0.0,0.0,0.0,52.10984573710131,-2.9765762731317906,False,False,True,False,True,7.013746459715929
2025-05-30 14:00:00+00:00,13.315,13.385,13.295,13.375,75557.0,13.37683270769622,,,,,,,,13.14810252562587,"rgba(239, 83, 80, 1.0)",0.1876061381274159,13.14810252562587,1.209435238307763,1,1.5084912561906894,1.5084912561906894,0.0,0.0,0.0,0.0,47.84858617209969,-2.9765762731317906,False,True,False,True,False,2.6679261493581734
2025-05-30 15:00:00+00:00,13.375,13.42,13.275,13.29,56200.0,13.37645641863877,,,,,,,,13.148206548172487,"rgba(239, 83, 80, 1.0)",0.1796700429240893,13.148206548172487,0.7891880556149249,1,1.6651818984928353,1.6651818984928353,0.0,0.0,0.0,0.0,43.20109300709354,-1.1658994072078457,False,True,False,True,False,0.833560907583383
2025-05-30 16:00:00+00:00,13.285,13.315,13.195,13.205,42144.0,13.375657446393046,,,,,,,,13.14752196089853,"rgba(239, 83, 80, 1.0)",0.17494856386955437,13.14752196089853,0.32854250318011835,1,1.871747457332846,1.871747457332846,0.0,0.0,0.0,0.0,38.5856283028346,-5.309440431920592,False,True,False,True,False,0.0
2025-05-30 17:00:00+00:00,13.205,13.295,13.195,13.215,36754.0,13.37495143511856,,,,,,,,13.146945056420776,"rgba(239, 83, 80, 1.0)",0.17304251417420824,13.146945056420776,0.393284528394625,1,2.162600398667616,2.162600398667616,0.0,0.0,0.0,0.0,35.91972137843228,-7.650922759582912,False,True,False,True,False,0.0
2025-05-30 18:00:00+00:00,13.215,13.255,13.195,13.205,38182.0,13.374139004594722,,,,,,,,13.146257065578101,"rgba(239, 83, 80, 1.0)",0.17283830906688555,13.146257065578101,0.33987218886274834,0,,,0.0,0.0,0.0,0.0,33.94607421923512,-9.476747695426148,False,True,False,True,False,0.0
2025-05-30 19:00:00+00:00,13.205,13.235,13.135,13.175,115744.0,13.37115927831586,,,,,,,,13.145589919772284,"rgba(239, 83, 80, 1.0)",0.17210048395224095,13.145589919772284,0.1708890036350967,0,,,0.0,0.0,0.0,0.0,32.01997918308701,-11.37871412842648,False,True,False,True,False,0.0
2025-06-02 14:00:00+00:00,13.37,13.445,13.3,13.35,37938.0,13.371128181521941,,,,,,,,13.148503280696758,"rgba(239, 83, 80, 1.0)",0.16790274963011229,13.148503280696758,1.200079925713762,0,,,0.0,0.0,0.0,0.0,37.5837405088521,-11.37871412842648,False,True,False,True,True,2.176443268665576
2025-06-02 15:00:00+00:00,13.355,13.435,13.33,13.435,26710.0,13.3712304444903,,,,,,,,13.150398676696673,"rgba(239, 83, 80, 1.0)",0.16305827179268995,13.150398676696673,1.745396416718839,0,,,0.0,0.0,0.0,0.0,43.603531186628665,-13.828128175778637,False,True,False,True,True,3.910883542864209
2025-06-02 16:00:00+00:00,13.435,13.48,13.405,13.465,15284.0,13.371389770420148,,,,,,,,13.151661141144174,"rgba(239, 83, 80, 1.0)",0.15805253431572133,13.151661141144174,1.982498162477474,0,,,0.0,0.0,0.0,0.0,48.36976781916948,-9.575704193831882,False,True,False,False,True,4.515468771549735
2025-06-02 17:00:00+00:00,13.465,13.465,13.335,13.345,16608.0,13.371412308497067,,,,,,,,13.152412183891903,"rgba(239, 83, 80, 1.0)",0.15814029009512412,13.152412183891903,1.217828903641527,0,,,0.0,0.0,0.0,0.0,47.94853853353169,-9.575704193831882,False,True,False,False,True,1.8478720351504236
2025-06-02 18:00:00+00:00,13.345,13.355,13.215,13.335,17560.0,13.371250956902417,,,,,,,,13.152558967500093,"rgba(239, 83, 80, 1.0)",0.15866625974667903,13.152558967500093,1.149841389033727,0,,,0.0,0.0,0.0,0.0,47.39796058087254,-9.575704193831882,False,True,False,True,True,1.6292691369268226
2025-06-02 19:00:00+00:00,13.335,13.405,13.325,13.375,95936.0,13.371214541267694,,,,,,,,13.155364581699253,"rgba(239, 83, 80, 1.0)",0.15891220875096007,13.155364581699253,1.3821179632897165,0,,,0.0,0.0,0.0,0.0,48.315515612145674,-9.085512044350253,False,True,False,False,True,2.4713764147514574
2025-06-03 14:00:00+00:00,13.435,13.715,13.42,13.685,37637.0,13.372361831427442,,,,,,,,13.159110601334358,"rgba(38, 166, 154, 1.0)",0.16104229761662084,13.159110601334358,3.265535865102847,0,,,0.0,0.0,0.0,0.0,55.32238147767733,-2.248594761621,True,False,True,False,True,8.50666852583787
2025-06-03 15:00:00+00:00,13.685,13.77,13.665,13.745,103526.0,13.377047806152012,,,,,,,,13.171356736852518,"rgba(38, 166, 154, 1.0)",0.16421429089257739,13.171356736852518,3.493260300485884,0,,,0.0,0.0,0.0,0.0,60.78396025760977,2.860898096896591,True,False,True,False,True,9.581774072601682
2025-06-03 16:00:00+00:00,13.745,13.77,13.715,13.755,60010.0,13.379859929452738,,,,,,,,13.177794509911704,"rgba(38, 166, 154, 1.0)",0.16648187954319515,13.177794509911704,3.46707696760797,0,,,0.0,0.0,0.0,0.0,64.55978836449137,6.35073088981305,True,False,True,False,True,9.761165579068134
2025-06-03 17:00:00+00:00,13.755,13.795,13.695,13.715,118147.0,13.385101023809643,,,,,,13.735,,13.216067519722646,"rgba(38, 166, 154, 1.0)",0.16815640510130836,13.216067519722646,2.967073897522752,0,,,0.0,1.0,13.795,270.0,65.62461708910412,7.454402040013974,True,False,True,False,True,8.822955701874296
2025-06-03 18:00:00+00:00,13.715,13.715,13.62,13.65,219148.0,13.392469994047321,,,,,,13.687353716084335,,13.227008940510483,"rgba(38, 166, 154, 1.0)",0.16864491723181835,13.227008940510483,2.5081755586388406,0,,,0.0,0.0,0.0,0.0,64.08793986041772,7.454402040013974,True,False,True,False,True,7.312198846799415
2025-06-03 19:00:00+00:00,13.655,13.655,13.545,13.57,383420.0,13.401268137752826,,,,,,13.635561590457622,,13.239498950697214,"rgba(38, 166, 154, 1.0)",0.16616162217763583,13.239498950697214,1.9890335985614185,0,,,0.0,0.0,0.0,0.0,60.601391923684425,7.454402040013974,True,False,True,False,False,5.49029408132461
2025-06-04 14:00:00+00:00,13.375,13.505,13.165,13.185,171223.0,13.399000610626263,,,,,,13.56826520079497,,13.233781821556098,"rgba(239, 83, 80, 1.0)",0.16511112828850533,13.233781821556098,-0.29544841744924266,0,,,0.0,0.0,0.0,0.0,51.199492761269504,9.63788297094802,False,False,False,False,False,0.0
2025-06-04 15:00:00+00:00,13.185,13.21,12.875,12.91,221403.0,13.38914506293472,12.998333333333337,,,,,13.454926497512142,,13.228340785715707,"rgba(239, 83, 80, 1.0)",0.17002736928602016,13.228340785715707,-1.872291426095017,1,0.22758326800231682,0.22758326800231682,0.0,0.0,0.0,0.0,42.32519953381549,1.673886030161313,False,True,False,True,False,0.0
2025-06-04 16:00:00+00:00,12.905,12.995,12.895,12.965,103279.0,13.38418225829205,12.983489003599422,,,,,13.412204717441217,,13.219682050853738,"rgba(239, 83, 80, 1.0)",0.17550501135018118,13.219682050853738,-1.4511383401216769,1,0.2208973047275833,0.2208973047275833,0.0,0.0,0.0,0.0,37.70400143631435,-2.276550093976482,False,True,False,True,False,0.0
2025-06-04 17:00:00+00:00,12.965,12.98,12.915,12.95,68708.0,13.380917608653288,12.977348848047319,,,,,13.387408186859696,,13.21445457558264,"rgba(239, 83, 80, 1.0)",0.18392921180435987,13.21445457558264,-1.4378062787760575,1,0.21517967553283998,0.21517967553283998,0.0,0.0,0.0,0.0,34.47560029283252,-5.153601398945952,False,True,False,True,False,0.0
2025-06-04 18:00:00+00:00,12.955,13.045,12.915,13.04,63825.0,13.378285500006534,12.980510839174862,,,,,13.36908089001025,,13.210871850528724,"rgba(239, 83, 80, 1.0)",0.18858128459876106,13.210871850528724,-0.9060912427884023,1,0.21283575800476756,0.21283575800476756,0.0,0.0,0.0,0.0,34.60361203472464,-5.202756518545563,False,True,False,True,False,0.0
2025-06-04 19:00:00+00:00,13.035,13.04,12.955,12.995,193141.0,13.370469245218413,12.985308753974747,,,,,13.322443572150748,,13.200741774121266,"rgba(239, 83, 80, 1.0)",0.194280794282515,13.200741774121266,-1.058991831287684,1,0.21310366317043766,0.21310366317043766,0.0,0.0,0.0,0.0,34.099299440547725,-6.177769902528688,False,True,False,True,False,0.0
2025-06-05 14:00:00+00:00,13.08,13.235,13.035,13.2,32891.0,13.369726102404115,12.993557795838598,,,,,13.31898203068211,,13.200397872779089,"rgba(239, 83, 80, 1.0)",0.19566928340566458,13.200397872779089,-0.0020333941647067283,1,0.21626272480215583,0.21626272480215583,0.0,0.0,0.0,0.0,38.366295503527894,-6.177769902528688,False,True,False,True,True,0.0
2025-06-05 15:00:00+00:00,13.195,13.27,13.185,13.26,26008.0,13.369365964622448,13.002533583360947,,,,,13.317672062851468,,13.200610854515954,"rgba(239, 83, 80, 1.0)",0.1962291361492774,13.200610854515954,0.30265202532852464,1,0.21991864107201203,0.21991864107201203,0.0,0.0,0.0,0.0,42.33727813546669,-6.177769902528688,False,True,False,True,True,0.0
2025-06-05 16:00:00+00:00,13.255,13.275,13.205,13.235,27025.0,13.368993829835063,13.011188562775034,,,,,13.316355206530492,,13.20080498598227,"rgba(239, 83, 80, 1.0)",0.19636214016481843,13.20080498598227,0.17414260197524692,2,0.25067348534641115,0.5013469706928223,0.0,0.0,0.0,0.0,44.49916142524965,-14.558275032568972,False,True,False,True,True,0.0
2025-06-05 17:00:00+00:00,13.235,13.375,13.23,13.3,56667.0,13.36859526675385,13.031947229764414,,,,,13.31586119329608,,13.201938401916644,"rgba(239, 83, 80, 1.0)",0.19663502570333452,13.201938401916644,0.4986985290774351,2,0.25712479413293166,0.5142495882658633,0.0,0.0,0.0,0.0,47.272798444741824,-11.538341418125086,False,False,False,False,True,0.4948781746860753
2025-06-05 18:00:00+00:00,13.295,13.295,13.225,13.255,17994.0,13.368388388785014,13.036970519433599,,,,,13.31525330729116,,13.202097130778274,"rgba(239, 83, 80, 1.0)",0.19708945241252745,13.202097130778274,0.2684206007686103,2,0.2606478573863421,0.5212957147726842,0.0,0.0,0.0,0.0,48.112270682361114,-10.27274098898394,False,False,False,False,True,0.0
2025-06-05 19:00:00+00:00,13.255,13.265,13.175,13.21,52790.0,13.367557818556596,13.047953290241216,,,,,13.312288973604932,,13.202040542783823,"rgba(239, 83, 80, 1.0)",0.1975405534827923,13.202040542783823,0.04029277571539637,2,0.2622308474594373,0.5244616949188746,0.0,0.0,0.0,0.0,47.666113934592744,-10.155390902101367,False,False,False,False,True,0.0
2025-06-06 14:00:00+00:00,13.415,13.515,13.355,13.465,76245.0,13.36816531760713,13.080159246973684,,,,,13.317812460082731,,13.205504690703657,"rgba(38, 166, 154, 1.0)",0.19728673055751053,13.205504690703657,1.3153206430206301,2,0.26641032695818084,0.5328206539163617,0.0,0.0,0.0,0.0,52.31290906648374,-5.299770715755095,True,False,True,False,True,3.493639635101797
2025-06-06 15:00:00+00:00,13.465,13.565,13.445,13.555,64907.0,13.369183603671999,13.108676917279594,,,,,13.324788113023489,,13.209220170360974,"rgba(38, 166, 154, 1.0)",0.19731079430575335,13.209220170360974,1.7524628130745084,2,0.27064881139694175,0.5412976227938835,0.0,0.0,0.0,0.0,56.685768993113854,-0.9260415556470676,True,False,True,False,True,5.046421530604881
2025-06-06 16:00:00+00:00,13.555,13.585,13.51,13.56,42326.0,13.369969601250471,13.12658163747638,,,,,13.329740219110082,,13.211765850234354,"rgba(38, 166, 154, 1.0)",0.19772211822670183,13.211765850234354,1.7612301187587553,2,0.2749616500600685,0.549923300120137,0.0,0.0,0.0,0.0,59.67231331810177,2.0668770682183606,True,False,True,False,True,5.1324303213106965
2025-06-06 17:00:00+00:00,13.555,13.565,13.48,13.495,35805.0,13.370490070240637,13.139367847507053,,,,,13.333068680487758,,13.213574760524082,"rgba(38, 166, 154, 1.0)",0.19789051937289848,13.213574760524082,1.4221259329033764,2,0.27988266260207423,0.5597653252041485,0.0,0.0,0.0,0.0,59.84736865687646,2.5327238743925236,True,False,True,False,True,3.8464558158176985
2025-06-06 18:00:00+00:00,13.495,13.525,13.49,13.51,26823.0,13.370863944215538,13.148285158090786,,,,,13.33541715810551,,13.214866281751213,"rgba(38, 166, 154, 1.0)",0.19811499072399197,13.214866281751213,1.4897091692569506,2,0.27982840651122076,0.5596568130224415,0.0,0.0,0.0,0.0,60.2438985877153,3.368293142582502,True,False,True,False,True,4.114332124950739
2025-06-06 19:00:00+00:00,13.515,13.555,13.5,13.535,62358.0,13.371861100498752,13.16859148435201,,,,,13.341295556859299,,13.218011080711273,"rgba(38, 166, 154, 1.0)",0.19856637077718245,13.218011080711273,1.5963877369971695,2,0.2794139438517555,0.558827887703511,0.0,0.0,0.0,0.0,61.002321951704964,4.606883563883237,True,False,True,False,True,4.565301554370876
2025-06-09 14:00:00+00:00,13.605,13.73,13.595,13.665,55727.0,13.373484181374653,13.191044440662086,,,,,13.34976130420562,,13.22206210644828,"rgba(38, 166, 154, 1.0)",0.2005669217246653,13.22206210644828,2.2084294346391564,2,0.27738632383963446,0.5547726476792689,0.0,0.0,0.0,0.0,63.78218039440613,7.67188061450625,True,False,True,False,True,6.865334532171811
2025-06-09 15:00:00+00:00,13.665,13.725,13.645,13.675,36810.0,13.374613604197616,13.205323990906114,,,,,13.355426258228343,,13.224770904155054,"rgba(38, 166, 154, 1.0)",0.202849231723536,13.224770904155054,2.219525763146914,2,0.2754932581286161,0.5509865162572322,0.0,0.0,0.0,0.0,65.79390649998459,9.909334809792824,True,False,True,False,True,7.0395289988631475
2025-06-09 16:00:00+00:00,13.675,13.76,13.665,13.755,41591.0,13.376065367028648,13.221922614085495,,,,,13.362450110185577,,13.228084288239874,"rgba(38, 166, 154, 1.0)",0.20585972220238552,13.228084288239874,2.5595862372829976,2,0.272285052050406,0.544570104100812,0.0,0.0,0.0,0.0,68.36732476188315,12.605260090522407,True,False,True,False,True,8.428892610439924
2025-06-09 17:00:00+00:00,13.755,13.785,13.735,13.735,31212.0,13.377224130937037,13.234284437416594,,,,,13.367899033388902,,13.230648923100375,"rgba(38, 166, 154, 1.0)",0.20432816741707024,13.230648923100375,2.468338473716909,2,0.2706358481681056,0.5412716963362112,0.0,0.0,0.0,0.0,69.26691334094185,13.723776890581519,True,False,True,False,True,7.9960491183939695
2025-06-09 18:00:00+00:00,13.735,13.785,13.72,13.775,30036.0,13.37835717154942,13.245830742974226,,,,,13.373111291730485,,13.233112033142017,"rgba(38, 166, 154, 1.0)",0.20474677834647778,13.233112033142017,2.646625120230152,2,0.26785859484025876,0.5357171896805175,0.0,0.0,0.0,0.0,70.53890726973279,15.230410945948037,True,False,True,False,True,8.698061159855563
2025-06-09 19:00:00+00:00,13.775,13.78,13.685,13.715,186457.0,13.384642021641056,13.30352289769983,,,,,13.400062964216723,,13.24640501221331,"rgba(38, 166, 154, 1.0)",0.2047132030317392,13.24640501221331,2.2890315858818213,2,0.26636965967736614,0.5327393193547323,0.0,0.0,0.0,0.0,68.82301679849255,15.230410945948037,True,False,True,False,True,7.377022810056179
2025-06-10 14:00:00+00:00,14.025,14.195,13.98,14.125,107543.0,13.392010198911063,13.355073831733144,,,,,13.42954135205058,,13.318344186077024,"rgba(38, 166, 154, 1.0)",0.2181466157105462,13.318344186077024,3.697769095777812,2,0.25465504090636315,0.5093100818127263,0.0,0.0,0.0,0.0,72.83846844945563,17.646239592463147,True,False,True,False,True,14.081372637396722
2025-06-10 15:00:00+00:00,14.125,14.19,14.105,14.115,63748.0,13.396529106928277,13.383952537665984,,,,,13.446764660482325,,13.326819064893527,"rgba(38, 166, 154, 1.0)",0.22948237876181501,13.326819064893527,3.434603298776782,2,0.24531478684186703,0.49062957368373405,0.0,0.0,0.0,0.0,75.18864754636343,19.921312001132037,True,False,True,False,True,13.862107766306188
2025-06-10 16:00:00+00:00,14.115,14.18,14.115,14.125,70879.0,13.401511890912786,13.413786602776161,,,,,13.465043433442352,,13.33561446602476,"rgba(38, 166, 154, 1.0)",0.2410817027221405,13.33561446602476,3.27434859245643,2,0.23799268177724647,0.47598536355449295,0.0,0.0,0.0,0.0,76.84562935021106,21.57522076593125,True,False,True,False,True,14.015278969349158
2025-06-10 17:00:00+00:00,14.125,14.155,14.03,14.04,71299.0,13.406021986959471,13.439031009599125,,,,,13.480803650022555,,13.342566396230485,"rgba(38, 166, 154, 1.0)",0.2493004265995587,13.342566396230485,2.797562817209993,2,0.2317376254633022,0.4634752509266044,0.0,0.0,0.0,0.0,74.90438058628112,21.57522076593125,True,False,True,False,True,12.12211631877101
2025-06-10 18:00:00+00:00,14.045,14.055,13.975,14.005,79286.0,13.410498756296137,13.4623525563284,,,,,13.495630751783397,,13.34886149987187,"rgba(38, 166, 154, 1.0)",0.2562480498717648,13.34886149987187,2.560559974823165,2,0.22554847233734804,0.4510969446746961,0.0,0.0,0.0,0.0,72.42279006943824,21.57522076593125,True,False,True,False,False,11.350482625450638
2025-06-10 19:00:00+00:00,14.005,14.06,13.965,14.055,160386.0,13.419576336097574,13.505305011922001,,,,,13.524029447209893,,13.362286524157266,"rgba(38, 166, 154, 1.0)",0.26415967393482465,13.362286524157266,2.6223286299696325,2,0.21897250553166403,0.43794501106332806,0.0,0.0,0.0,0.0,71.57753346557757,21.57522076593125,True,False,True,False,False,12.161784526711045
2025-06-11 14:00:00+00:00,14.025,14.055,13.895,13.895,90306.0,13.423926339768196,13.523511414995244,,,,,13.53643218738748,,13.368113762363175,"rgba(38, 166, 154, 1.0)",0.26793546688416237,13.368113762363175,1.9664669398344936,2,0.21574961442043833,0.43149922884087666,0.0,0.0,0.0,0.0,66.08239087497998,21.530974051503463,True,False,True,False,False,8.678991094935572
2025-06-11 15:00:00+00:00,13.895,13.995,13.89,13.945,123346.0,13.429697948673974,13.545823930410837,,,,,13.552054158642663,,13.37591704969581,"rgba(38, 166, 154, 1.0)",0.2725121370964688,13.37591704969581,2.0882847874872317,2,0.2119502191171565,0.423900438234313,0.0,0.0,0.0,0.0,63.455879109012,19.123882716283077,True,False,True,False,False,9.513398220403381
2025-06-11 16:00:00+00:00,13.945,13.965,13.875,13.96,28316.0,13.43097941067655,13.550494886703786,,,,,13.555385245121853,,13.377637076124643,"rgba(38, 166, 154, 1.0)",0.2769768910906071,13.377637076124643,2.102568635174877,2,0.20818954813607793,0.41637909627215586,0.0,0.0,0.0,0.0,62.023148266484526,17.74813388939596,True,False,True,False,False,9.7646476424202
2025-06-11 17:00:00+00:00,13.96,14.085,13.95,14.045,42194.0,13.433229413682524,13.558896731569158,,,,,13.561441784595367,,13.380947215567597,"rgba(38, 166, 154, 1.0)",0.2832551773498861,13.380947215567597,2.3443623895782975,2,0.20345991237795974,0.4069198247559195,0.0,0.0,0.0,0.0,62.79862193525332,17.74813388939596,True,False,True,False,False,11.180466948051468
2025-06-11 18:00:00+00:00,14.045,14.405,14.025,14.31,181508.0,13.446235123417921,13.607417352322996,,,,,13.597338408792249,,13.401740541869742,"rgba(38, 166, 154, 1.0)",0.2971898110363205,13.401740541869742,3.0561594792334827,2,0.1944842577938604,0.3889685155877208,0.0,0.0,0.0,0.0,66.98008712109092,17.74813388939596,True,False,True,False,True,15.302236894029136
2025-06-11 19:00:00+00:00,14.305,14.405,14.305,14.325,170764.0,13.459554152057633,13.653325074120906,,,,,13.632456616498061,,13.422516520599473,"rgba(38, 166, 154, 1.0)",0.3107454999928173,13.422516520599473,2.9042527709054093,2,0.1866944646130149,0.3733889292260298,0.0,0.0,0.0,0.0,69.92601577595096,14.053569813219411,True,False,True,False,True,15.524102732819223
2025-06-12 14:00:00+00:00,14.265,14.375,14.255,14.31,71331.0,13.464806746966625,13.670049817627463,,,,,13.645558665095525,,13.430359581545014,"rgba(38, 166, 154, 1.0)",0.32299210656132343,13.430359581545014,2.7234115032095296,2,0.18052297545897283,0.36104595091794567,0.0,0.0,0.0,0.0,71.35402885444952,15.482615771177123,True,False,True,False,True,15.182102297165255
2025-06-12 15:00:00+00:00,14.305,14.345,14.265,14.325,31611.0,13.467109341150037,13.677174999282759,,,,,13.651190987092887,,13.433753754963723,"rgba(38, 166, 154, 1.0)",0.33500806767214725,13.433753754963723,2.6603724836516083,2,0.1747479521090618,0.3494959042181236,0.0,0.0,0.0,0.0,72.50634988491126,16.75522226477743,True,False,True,False,True,15.41182105964661
2025-06-12 16:00:00+00:00,14.325,14.355,14.225,14.345,60795.0,13.47148538843641,13.690373067248187,,,,,13.661706397899806,,13.440131223624297,"rgba(38, 166, 154, 1.0)",0.34696070343736407,13.440131223624297,2.6079863437302993,2,0.16958725994565266,0.3391745198913053,0.0,0.0,0.0,0.0,73.55812028320481,18.008843424455677,True,False,True,False,True,15.721545059145281
2025-06-12 17:00:00+00:00,14.345,14.41,14.345,14.405,36595.0,13.474342147351564,13.699028443223105,,,,,13.668622664688495,,13.44434629285774,"rgba(38, 166, 154, 1.0)",0.35983019018112805,13.44434629285774,2.6697418208813857,2,0.16408735621756396,0.3281747124351279,0.0,0.0,0.0,0.0,75.08937340350793,19.738126794364646,True,False,True,False,True,16.649978858053505
2025-06-12 18:00:00+00:00,14.405,14.435,14.31,14.4,121065.0,13.483616083855221,13.725992096247966,,,,,13.690438693167962,,13.457778667480387,"rgba(38, 166, 154, 1.0)",0.37178653179646853,13.457778667480387,2.5343073294420058,2,0.1591247640259393,0.3182495280518786,0.0,0.0,0.0,0.0,75.86270038512751,20.774910301935734,True,False,True,False,True,16.52807959074297
2025-06-12 19:00:00+00:00,14.395,14.46,14.395,14.425,151167.0,13.495500208074949,13.758925358975455,,,,,13.717529863931583,,13.47472259506345,"rgba(38, 166, 154, 1.0)",0.38376454399181636,13.47472259506345,2.4761990648016043,2,0.15447172890545396,0.30894345781090793,0.0,0.0,0.0,0.0,76.76027559467188,21.954851770462312,True,False,True,False,True,16.922194489474876
2025-06-13 14:00:00+00:00,14.68,14.835,14.535,14.62,103323.0,13.505473264693514,13.787076112595615,,,,,13.740734167048958,,13.489251728918934,"rgba(38, 166, 154, 1.0)",0.4010552746609314,13.489251728918934,2.8194324885442454,2,0.1479988508946734,0.2959977017893468,0.0,0.0,0.0,0.0,79.56060242269756,24.848077274402414,True,False,True,False,True,19.87924782209111
2025-06-13 15:00:00+00:00,14.615,14.74,14.525,14.645,58597.0,13.51092537289576,13.801813287125727,,,,,13.753028932695551,,13.497032253924734,"rgba(38, 166, 154, 1.0)",0.4179990732349144,13.497032253924734,2.7463404097791146,2,0.14212260971638602,0.28424521943277203,0.0,0.0,0.0,0.0,81.63789621078222,26.96559784219565,True,False,True,False,True,20.0
2025-06-13 16:00:00+00:00,14.645,14.685,14.545,14.575,67783.0,13.516972932241002,13.81754703843539,,,,,13.76628982656678,,13.505510141961622,"rgba(38, 166, 154, 1.0)",0.43175399652294577,13.505510141961622,2.4770815479447186,2,0.1377249065613259,0.2754498131226518,0.0,0.0,0.0,0.0,79.64354991743653,26.96559784219565,True,False,True,False,False,18.476788135402206
2025-06-13 17:00:00+00:00,14.575,14.715,14.565,14.695,66102.0,13.523111020316541,13.83337223740205,,,,,13.779679260021206,,13.514100797804542,"rgba(38, 166, 154, 1.0)",0.44749701292477845,13.514100797804542,2.6388985134833978,2,0.13315437230534125,0.2663087446106825,0.0,0.0,0.0,0.0,79.82008930568223,26.96559784219565,True,False,True,False,False,20.0
2025-06-13 18:00:00+00:00,14.695,14.765,14.61,14.76,47481.0,13.527684646647275,13.84508816616861,,,,,13.789620353502983,,13.520494874706253,"rgba(38, 166, 154, 1.0)",0.4642035997081509,13.520494874706253,2.670175599829546,2,0.1294032781937218,0.2588065563874436,0.0,0.0,0.0,0.0,80.60928488884971,26.96559784219565,True,False,True,False,False,20.0
2025-06-13 19:00:00+00:00,14.765,14.855,14.72,14.845,122974.0,13.54030559973899,13.87719991054813,,,,,13.816961908738515,,13.53812581860472,"rgba(38, 166, 154, 1.0)",0.482812005269604,13.53812581860472,2.706797194625507,2,0.125229913184511,0.250459826369022,0.0,0.0,0.0,0.0,81.90751408493068,27.81701609210353,True,False,True,False,False,20.0
2025-06-16 14:00:00+00:00,14.53,14.585,14.47,14.555,48106.0,13.544136996773693,13.88570387171664,,,,,13.82445186748242,,13.543154578350945,"rgba(38, 166, 154, 1.0)",0.4924799625502925,13.543154578350945,2.054592061795253,2,0.12334215673372825,0.2466843134674565,0.0,0.0,0.0,0.0,73.394690722998,28.05912408425958,True,False,True,False,False,15.37701327508578
2025-06-16 15:00:00+00:00,14.555,14.605,14.505,14.575,24034.0,13.546088102238826,13.89003089259916,,,,,13.828265103556328,,13.545718150056564,"rgba(38, 166, 154, 1.0)",0.5016873959382153,13.545718150056564,2.0516398424133335,2,0.12125114777459015,0.2425022955491803,0.0,0.0,0.0,0.0,68.08570232055484,23.46177582340829,False,False,True,False,False,15.677537170116928
2025-06-16 16:00:00+00:00,14.575,14.705,14.525,14.68,36984.0,13.549296578788127,13.897313816518189,,,,,13.834648789609624,,13.549982659719324,"rgba(38, 166, 154, 1.0)",0.5122429040922067,13.549982659719324,2.2060185338892766,2,0.11886334373109106,0.23772668746218212,0.0,0.0,0.0,0.0,66.38194082389232,22.168797226916695,False,False,True,False,False,17.237256034820742
2025-06-16 17:00:00+00:00,14.685,14.72,14.64,14.65,16428.0,13.55075921477065,13.900647261535147,,,,,13.837568660255062,,13.551931765664719,"rgba(38, 166, 154, 1.0)",0.5218863222324941,13.551931765664719,2.104037196525923,2,0.11666727369117245,0.2333345473823449,0.0,0.0,0.0,0.0,64.40742792735583,20.42316242002225,False,True,True,False,False,16.53560192435904
2025-06-16 18:00:00+00:00,14.645,14.685,14.605,14.62,37197.0,13.553958699992595,13.907767277319257,,,,,13.843843377001269,,13.556153499003619,"rgba(38, 166, 154, 1.0)",0.529590382251225,13.556153499003619,2.008810085398637,2,0.11473825879481706,0.2294765175896341,0.0,0.0,0.0,0.0,62.22423827655924,18.364144331969598,False,True,True,False,False,15.830547639855919
2025-06-16 19:00:00+00:00,14.615,14.675,14.615,14.645,82528.0,13.561044552904269,13.92325783927031,,,,,13.857561792971344,,13.565446117288008,"rgba(38, 166, 154, 1.0)",0.5376270183043603,13.565446117288008,2.007997823689799,2,0.11277205708883142,0.22554411417766285,0.0,0.0,0.0,0.0,61.31328720139208,17.37816192225884,False,True,True,False,False,16.215571367124358
2025-06-17 14:00:00+00:00,14.905,14.915,14.795,14.795,65634.0,13.567590844324034,13.938243118497196,,,,,13.870693738695621,,13.574217137812942,"rgba(38, 166, 154, 1.0)",0.5488940559750226,13.574217137812942,2.2240773950786035,1,0.1210923374915589,0.1210923374915589,0.0,0.0,0.0,0.0,63.50627029298721,17.37816192225884,False,True,True,False,False,18.467792669969285
2025-06-17 15:00:00+00:00,14.795,14.81,14.715,14.805,53721.0,13.572654767278657,13.949372422871363,,,,,13.880547919952168,,13.580890769724899,"rgba(38, 166, 154, 1.0)",0.5596040427701643,13.580890769724899,2.187456016606828,1,0.11844297618335538,0.11844297618335538,0.0,0.0,0.0,0.0,65.13217565512699,17.37816192225884,False,True,True,False,True,18.614751918124387
2025-06-17 16:00:00+00:00,14.805,14.845,14.75,14.77,39480.0,13.576385126618769,13.95747761328923,,,,,13.887746781796924,,13.585786919382397,"rgba(38, 166, 154, 1.0)",0.5691981082949188,13.585786919382397,2.080493703967172,1,0.11616358820149317,0.11616358820149317,0.0,0.0,0.0,0.0,64.9196587173945,17.37816192225884,False,True,True,False,True,17.75361188898642
2025-06-17 17:00:00+00:00,14.765,14.825,14.755,14.765,28878.0,13.579084336751118,13.963260971690927,,,,,13.892902121978569,,13.58931104367411,"rgba(38, 166, 154, 1.0)",0.5763386141828659,13.58931104367411,2.0399274443770956,1,0.11404924471933392,0.11404924471933392,0.0,0.0,0.0,0.0,64.5832525195539,17.37816192225884,False,True,True,False,True,17.629402554776014
2025-06-17 18:00:00+00:00,14.765,14.875,14.745,14.845,74605.0,13.586232077130308,13.978545224822215,,,,,13.90653671942846,,13.598641676074976,"rgba(38, 166, 154, 1.0)",0.583426674642764,13.598641676074976,2.136272436785956,1,0.11177100021164567,0.11177100021164567,0.0,0.0,0.0,0.0,66.04539554421588,17.37816192225884,False,True,True,False,True,18.85688092226592
2025-06-17 19:00:00+00:00,14.845,14.87,14.76,14.78,212845.0,13.605883608657967,14.01841743194454,,,,,13.942586899800842,,13.623807325959756,"rgba(38, 166, 154, 1.0)",0.5870537369697255,13.623807325959756,1.9694835433776792,1,0.10992801720905673,0.10992801720905673,0.0,0.0,0.0,0.0,64.40887269805468,17.37816192225884,False,True,True,False,True,17.221000340580872
2025-06-18 14:00:00+00:00,14.925,14.93,14.615,14.665,51128.0,13.610252418872724,14.026662310278008,,,,,13.95018140394452,,13.705287371026893,"rgba(38, 166, 154, 1.0)",0.5879564701666622,13.705287371026893,1.632285173596382,1,0.10860250244328067,0.10860250244328067,0.0,0.0,0.0,0.0,59.560249503139914,14.386620762750624,False,True,True,False,False,14.40768296899709
2025-06-18 15:00:00+00:00,14.665,14.695,14.615,14.655,63849.0,13.615268911875084,14.035542371907196,,,,,13.958500031671024,,13.708882803531466,"rgba(38, 166, 154, 1.0)",0.5878809250026853,13.708882803531466,1.6093687619890227,1,0.10739074668366029,0.10739074668366029,0.0,0.0,0.0,0.0,56.0333344167596,11.117400140024486,False,True,True,False,False,14.16632266776109
2025-06-18 16:00:00+00:00,14.655,14.735,14.655,14.715,23787.0,13.617208846408715,14.039031228355341,,,,,13.961753455847038,,13.711253986243033,"rgba(38, 166, 154, 1.0)",0.5876259918573531,13.711253986243033,1.708137535891413,1,0.1060786608497853,0.1060786608497853,0.0,0.0,0.0,0.0,55.49879381817803,10.597875429109145,False,True,True,False,False,15.155424406139659
2025-06-18 17:00:00+00:00,14.715,14.785,14.695,14.705,36164.0,13.620217140592073,14.0444766275758,,,,,13.966821819273447,,13.715167871340421,"rgba(38, 166, 154, 1.0)",0.5893684052586713,13.715167871340421,1.679479456020629,1,0.10488028252320139,0.10488028252320139,0.0,0.0,0.0,0.0,54.78616956062642,9.762160500981835,False,True,True,False,False,14.906818067913093
2025-06-18 18:00:00+00:00,14.72,14.775,14.605,14.625,36003.0,13.623034616638304,14.049344788899159,,,,,13.971409129496948,,13.718163254361528,"rgba(38, 166, 154, 1.0)",0.5905005664001954,13.718163254361528,1.5357085111140918,1,0.10414908931712485,0.10414908931712485,0.0,0.0,0.0,0.0,51.639764069594634,6.652577892270571,False,True,False,False,False,12.927529497108093
2025-06-18 19:00:00+00:00,14.625,14.675,14.545,14.62,60774.0,13.627507936314451,14.056677190624802,,,,,13.978417524624945,,13.7904671946458,"rgba(38, 166, 154, 1.0)",0.5915146841978269,13.7904671946458,1.402387510428684,1,0.10345675964568565,0.10345675964568565,0.0,0.0,0.0,0.0,49.38420967384596,4.445633027874855,False,True,False,False,False,12.804251384874924
2025-06-19 14:00:00+00:00,14.62,14.62,14.62,14.62,0.0,13.627507936314451,14.056677190624802,,,,,13.978417524624945,,13.7904671946458,"rgba(38, 166, 154, 1.0)",0.5904126133934537,13.7904671946458,1.4050052226804226,1,0.10279437676463864,0.10279437676463864,0.0,0.0,0.0,0.0,47.88050674334684,2.920953556330389,False,True,False,True,False,12.804251384874934
2025-06-19 15:00:00+00:00,14.62,14.62,14.62,14.62,0.0,13.627507936314451,14.056677190624802,,,,,13.978417524624945,,13.7904671946458,"rgba(38, 166, 154, 1.0)",0.5886492171921536,13.7904671946458,1.4092141484720844,1,0.10215416249154043,0.10215416249154043,0.0,0.0,0.0,0.0,46.87803812301409,1.803688939242548,False,True,False,True,False,12.804251384874934
2025-06-19 16:00:00+00:00,14.62,14.62,14.62,14.62,0.0,13.627507936314451,14.056677190624802,,,,,13.978417524624945,,13.7904671946458,"rgba(38, 166, 154, 1.0)",0.5870254686987063,13.7904671946458,1.4131121213412998,1,0.10153460787168284,0.10153460787168284,0.0,0.0,0.0,0.0,46.20972570945893,0.9317122964705078,False,True,False,True,False,12.804251384874934
2025-06-19 17:00:00+00:00,14.62,14.62,14.62,14.62,0.0,13.627507936314451,14.056677190624802,,,,,13.978417524624945,,13.7904671946458,"rgba(38, 166, 154, 1.0)",0.5888249866173312,13.7904671946458,1.40879348568355,1,0.10093435709777877,0.10093435709777877,0.0,0.0,0.0,0.0,45.764184100422156,0.2115002781581481,False,True,False,True,False,12.804251384874924
2025-06-19 18:00:00+00:00,14.62,14.62,14.62,14.62,0.0,13.627507936314451,14.056677190624802,,,,,13.978417524624945,,13.7904671946458,"rgba(38, 166, 154, 1.0)",0.5908630502444538,13.7904671946458,1.4039341350098007,1,0.1005522792317513,0.1005522792317513,0.0,0.0,0.0,0.0,45.467156361064305,-0.4095063963097374,False,True,False,True,False,12.804251384874924
2025-06-19 19:00:00+00:00,14.62,14.62,14.62,14.62,0.0,13.627507936314451,14.056677190624802,,,,,13.978417524624945,,13.7904671946458,"rgba(38, 166, 154, 1.0)",0.5927407938118355,13.7904671946458,1.3994866120477163,1,0.10018688629991744,0.10018688629991744,0.0,0.0,0.0,0.0,45.26913786815907,-0.9600030480999067,False,True,False,True,False,12.804251384874924
2025-06-20 14:00:00+00:00,14.705,14.775,14.665,14.685,16747.0,13.628851623594588,14.059003462920918,,,,,13.98060690978999,,13.793077080182673,"rgba(38, 166, 154, 1.0)",0.5948452974748684,13.793077080182673,1.4994199728964155,0,,,0.0,0.0,0.0,0.0,49.48360226220368,-4.332282875905804,False,True,False,False,True,14.083217053402333
2025-06-20 15:00:00+00:00,14.685,14.695,14.635,14.685,12488.0,13.629817459619364,14.060630004589907,,,,,13.982149144871086,,13.794386081746666,"rgba(38, 166, 154, 1.0)",0.5960072630913946,13.794386081746666,1.494300444652071,0,,,0.0,0.0,0.0,0.0,52.29324519156676,-1.67978550875047,False,True,True,False,True,14.083217053402333
2025-06-20 16:00:00+00:00,14.685,14.695,14.605,14.605,28745.0,13.631955843086287,14.06411866472889,,,,,13.985485660329498,,13.796468932126334,"rgba(38, 166, 154, 1.0)",0.5949659843407523,13.796468932126334,1.3589534345724874,0,,,0.0,0.0,0.0,0.0,48.96877970623462,-1.67978550875047,False,True,False,False,False,11.795923045132398
2025-06-20 17:00:00+00:00,14.605,14.635,14.58,14.635,23715.0,13.633681079506477,14.066873698427788,,,,,13.98813578679716,,13.797954743975547,"rgba(38, 166, 154, 1.0)",0.5870620238270045,13.797954743975547,1.4258208196943662,0,,,0.0,0.0,0.0,0.0,48.71362793833951,-1.67978550875047,False,True,False,False,False,12.410859556021261
2025-06-20 18:00:00+00:00,14.635,14.665,14.61,14.635,16839.0,13.6349272797276,14.06888386618693,,,,,13.990063505537938,,13.799236663428204,"rgba(38, 166, 154, 1.0)",0.5710778650306517,13.799236663428204,1.463484032123952,0,,,0.0,0.0,0.0,0.0,48.543526759742775,-1.67978550875047,False,True,False,False,False,12.410859556021261
2025-06-20 19:00:00+00:00,14.635,14.695,14.62,14.635,56874.0,13.639169263935,14.075726627232417,,,,,13.99662305920264,,13.80390084410332,"rgba(38, 166, 154, 1.0)",0.5553628795012934,13.80390084410332,1.4964974912313076,0,,,0.0,0.0,0.0,0.0,48.43012597401162,-1.67978550875047,False,True,False,False,False,12.410859556021261
2025-06-23 14:00:00+00:00,14.61,14.65,14.545,14.57,69992.0,13.644025726094085,14.08304878510871,,,,,14.003773547643751,,13.807865012004157,"rgba(38, 166, 154, 1.0)",0.5371631523590324,13.807865012004157,1.4188147207209076,0,,,0.0,0.0,0.0,0.0,44.50864509767518,-1.5055584181658475,False,True,False,True,False,10.495965797195609
2025-06-23 15:00:00+00:00,14.565,14.61,14.535,14.575,71404.0,13.64885132609991,14.090090754551664,,,,,14.010709701316808,,13.81186445471096,"rgba(38, 166, 154, 1.0)",0.520386265061739,13.81186445471096,1.4664790301460011,0,,,0.0,0.0,0.0,0.0,42.32273812959683,-3.5797045391056415,False,True,False,True,False,10.606692049441094
2025-06-23 16:00:00+00:00,14.575,14.595,14.355,14.365,67474.0,13.652706306365374,14.094753985201658,,,,,14.01557473391394,,13.813153306878103,"rgba(239, 83, 80, 1.0)",0.4995283811793339,13.813153306878103,1.1047354142702466,0,,,0.0,0.0,0.0,0.0,34.67321166750309,-10.556653706073234,False,True,False,True,False,4.740379015073177
2025-06-23 17:00:00+00:00,14.365,14.37,14.105,14.11,102426.0,13.656696380623691,14.096751115546677,,,,,14.01862084040115,,13.809604367183558,"rgba(239, 83, 80, 1.0)",0.48415853445594575,13.809604367183558,0.6204489055511514,0,,,0.0,0.0,0.0,0.0,26.98562098979059,-17.2358412321907,False,True,False,True,False,0.0
2025-06-23 18:00:00+00:00,14.105,14.15,13.94,13.985,111325.0,13.65961834992005,14.095230403629243,,,,,14.018736416190048,,13.803480866750544,"rgba(239, 83, 80, 1.0)",0.4706523458251045,13.803480866750544,0.3856756156845091,0,,,0.0,0.0,0.0,0.0,21.160097510455373,-22.06457585769232,False,True,False,True,False,0.0
2025-06-23 19:00:00+00:00,13.985,14.02,13.895,13.92,112707.0,13.661892292742193,14.092074570245241,,,,,14.017408258361582,,13.79747051452507,"rgba(239, 83, 80, 1.0)",0.45642319741132636,13.79747051452507,0.2684558676462422,1,0.10007868397639107,0.10007868397639107,0.0,0.0,0.0,0.0,16.97294111657014,-25.46608481100962,False,True,False,True,False,0.0
2025-06-24 14:00:00+00:00,13.74,13.81,13.735,13.785,79661.0,13.662535060801286,14.087460088692277,,,,,14.014381905609994,,13.791540283003158,"rgba(239, 83, 80, 1.0)",0.44544488339657456,13.791540283003158,-0.01468258643648011,1,0.10102172722726292,0.10102172722726292,0.0,0.0,0.0,0.0,13.657530073551353,-28.24957935065986,False,True,False,True,False,0.0
2025-06-24 15:00:00+00:00,13.785,13.79,13.675,13.68,74398.0,13.662808039320753,14.082439533675997,,,,,14.01090782115861,,13.785911012948034,"rgba(239, 83, 80, 1.0)",0.4345271531755995,13.785911012948034,-0.24373853779681784,1,0.10187149867101701,0.10187149867101701,0.0,0.0,0.0,0.0,11.124259913051965,-30.512811555984992,False,True,False,True,False,0.0
2025-06-24 16:00:00+00:00,13.675,13.79,13.665,13.69,36969.0,13.6629426309214,14.079994780133289,,,,,14.00921133365817,,13.783374784575084,"rgba(239, 83, 80, 1.0)",0.42149490501665526,13.783374784575084,-0.22153241584591649,1,0.10278823678456586,0.10278823678456586,0.0,0.0,0.0,0.0,9.891345001019257,-31.784127826741425,False,True,False,True,False,0.0
2025-06-24 17:00:00+00:00,13.695,13.755,13.68,13.745,56477.0,13.663192690770442,14.076439537536706,,,,,14.006758161329563,,13.77990548496654,"rgba(239, 83, 80, 1.0)",0.41507226115705015,13.77990548496654,-0.08409495943968387,1,0.1038847174778916,0.1038847174778916,0.0,0.0,0.0,0.0,11.61965380458431,-31.784127826741425,False,True,False,True,False,0.0
2025-06-24 18:00:00+00:00,13.745,13.755,13.66,13.71,54332.0,13.663362458873989,14.072910433148735,,,,,14.004286166729909,,13.776668662855409,"rgba(239, 83, 80, 1.0)",0.41159896952222347,13.776668662855409,-0.16197480507007975,1,0.10451857035209915,0.10451857035209915,0.0,0.0,0.0,0.0,12.491135591387827,-31.784127826741425,False,True,False,True,False,0.0
2025-06-24 19:00:00+00:00,13.715,13.765,13.705,13.71,81070.0,13.66371571939981,14.068027181191612,,,,,14.00089669469965,,13.772541168598469,"rgba(239, 83, 80, 1.0)",0.4082118995754528,13.772541168598469,-0.15320760777309994,1,0.10497481241992801,0.10497481241992801,0.0,0.0,0.0,0.0,13.07212344925684,-31.784127826741425,False,True,False,True,True,0.0
2025-06-25 14:00:00+00:00,13.645,13.72,13.615,13.665,71493.0,13.66373017031482,14.063096612980127,,,,,13.997336449210815,,13.768551776016803,"rgba(239, 83, 80, 1.0)",0.4040141822504553,13.768551776016803,-0.2563072797098261,1,0.10531700956571306,0.10531700956571306,0.0,0.0,0.0,0.0,13.064099456335567,-31.784127826741425,False,True,False,True,True,0.0
2025-06-25 15:00:00+00:00,13.665,13.745,13.615,13.7,52786.0,13.663812802411684,14.059713002686765,,,,,13.99491214881998,,13.76599138507529,"rgba(239, 83, 80, 1.0)",0.39941569936714516,13.76599138507529,-0.16521980778384845,1,0.10598750087577015,0.10598750087577015,0.0,0.0,0.0,0.0,15.028338437156213,-31.784127826741425,False,True,False,True,True,0.0
2025-06-25 16:00:00+00:00,13.705,13.735,13.63,13.655,34175.0,13.663834956855128,14.057477474472785,,,,,13.993295647672134,,13.764343372867955,"rgba(239, 83, 80, 1.0)",0.3964345599974921,13.764343372867955,-0.2758169541743479,1,0.10663728608396188,0.10663728608396188,0.0,0.0,0.0,0.0,15.772320095533468,-31.784127826741425,False,True,False,True,True,0.0
2025-06-25 17:00:00+00:00,13.65,13.665,13.6,13.6,45444.0,13.66370487643906,14.054150086980318,,,,,13.990828058314193,,13.761877077898912,"rgba(239, 83, 80, 1.0)",0.3979701650278536,13.761877077898912,-0.40675681778201406,1,0.1071094839896159,0.1071094839896159,0.0,0.0,0.0,0.0,15.637894799151185,-31.784127826741425,False,True,False,True,True,0.0
2025-06-25 18:00:00+00:00,13.605,13.635,13.565,13.61,71768.0,13.663412190485353,14.048779094961098,,,,,13.986806882886897,,13.771968591338885,"rgba(239, 83, 80, 1.0)",0.39947597431397397,13.771968591338885,-0.40545264735141173,1,0.10699325865439363,0.10699325865439363,0.0,0.0,0.0,0.0,16.166679037870047,-31.784127826741425,False,True,False,True,True,0.0
2025-06-25 19:00:00+00:00,13.615,13.655,13.605,13.64,223837.0,13.662964153049552,14.033894919179561,,,,,13.97572505220606,,13.76331289885693,"rgba(239, 83, 80, 1.0)",0.40190903681544476,13.76331289885693,-0.3068179303307221,1,0.10684800950774138,0.10684800950774138,0.0,0.0,0.0,0.0,18.4199310117438,-36.07714621432909,False,True,False,True,True,0.0
2025-06-26 14:00:00+00:00,13.64,13.81,13.615,13.775,63878.0,13.663262013405204,14.030853014567686,,,,,13.973575621354737,,13.762671019463417,"rgba(239, 83, 80, 1.0)",0.4011425910800585,13.762671019463417,0.030734658474903826,1,0.10687053167506617,0.10687053167506617,0.0,0.0,0.0,0.0,26.565017481431376,-28.388657299517433,False,True,False,True,True,0.0
2025-06-26 15:00:00+00:00,13.775,13.86,13.775,13.82,50297.0,13.663777132226313,14.029172838178829,,,,,13.972499194104005,,13.763118384636368,"rgba(239, 83, 80, 1.0)",0.40034228598287075,13.763118384636368,0.14208245632605107,1,0.10698831667648809,0.10698831667648809,0.0,0.0,0.0,0.0,33.678793915708496,-22.080333952550667,False,True,False,True,True,0.0
2025-06-26 16:00:00+00:00,13.815,13.905,13.815,13.905,31910.0,13.664221341165154,14.028403397008013,,,,,13.97207216831708,,13.790192548156181,"rgba(239, 83, 80, 1.0)",0.39701614554053677,13.790192548156181,0.2891757756791178,1,0.10726860309288794,0.10726860309288794,0.0,0.0,0.0,0.0,41.167187800547765,-15.625904317343583,False,False,False,True,True,0.0
2025-06-26 17:00:00+00:00,13.905,13.905,13.795,13.825,70814.0,13.665045633199442,14.026357865954527,,,,,13.97081688847565,,13.812412613755432,"rgba(239, 83, 80, 1.0)",0.40058158170795666,13.812412613755432,0.03142277832869439,1,0.10762618101616277,0.10762618101616277,0.0,0.0,0.0,0.0,43.4753983093382,-13.93852829448113,True,False,False,True,True,0.0
2025-06-26 18:00:00+00:00,13.825,13.85,13.805,13.815,74203.0,13.665812389200017,14.024053928945388,,,,,13.969344128598093,,13.811198409024465,"rgba(239, 83, 80, 1.0)",0.4041757489460255,13.811198409024465,0.009405786926721636,1,0.10899385345967078,0.10899385345967078,0.0,0.0,0.0,0.0,44.69728531347651,-12.939606997597792,True,False,False,True,True,0.0
2025-06-26 19:00:00+00:00,13.815,13.825,13.76,13.815,111637.0,13.666783246839312,14.020292877867893,,,,,13.96683762098555,,13.808811665713758,"rgba(239, 83, 80, 1.0)",0.40776331237491603,13.808811665713758,0.015176290015398395,1,0.11157199548602148,0.11157199548602148,0.0,0.0,0.0,0.0,45.51187664956872,-12.043697155315016,True,False,False,True,True,0.0
2025-06-27 14:00:00+00:00,13.735,13.8,13.73,13.795,21763.0,13.666935664791646,14.019492797999268,,,,,13.966285680882566,,13.808180990558185,"rgba(239, 83, 80, 1.0)",0.41096979350216906,13.808180990558185,-0.032072893839375165,1,0.11407358748560932,0.11407358748560932,0.0,0.0,0.0,0.0,45.30606803424429,-11.915819836014578,True,False,False,True,True,0.0
2025-06-27 15:00:00+00:00,13.795,13.835,13.675,13.725,45997.0,13.667167358445488,14.017613453341367,,,,,13.964948194660069,,13.806338901056941,"rgba(239, 83, 80, 1.0)",0.4150509249120094,13.806338901056941,-0.19597330393658427,1,0.11674608454968914,0.11674608454968914,0.0,0.0,0.0,0.0,42.80440455133106,-11.915819836014578,True,False,False,True,True,0.0
2025-06-27 16:00:00+00:00,13.725,13.725,13.62,13.67,36346.0,13.66717788574545,14.015751929226708,,,,,13.96355414391497,,13.803883330335395,"rgba(239, 83, 80, 1.0)",0.42057391076296974,13.803883330335395,-0.3183348441478826,1,0.1190307934551163,0.1190307934551163,0.0,0.0,0.0,0.0,39.592497361304154,-11.915819836014578,True,False,False,True,False,0.0
2025-06-27 17:00:00+00:00,13.665,13.72,13.545,13.575,56633.0,13.666982296248657,14.012405942363134,,,,,13.960979340573152,,13.799227504032782,"rgba(239, 83, 80, 1.0)",0.42635716533497625,13.799227504032782,-0.5259147078168925,1,0.12148311714744629,0.12148311714744629,0.0,0.0,0.0,0.0,35.324774812919635,-7.7480911262692445,False,False,False,True,False,0.0
2025-06-27 18:00:00+00:00,13.575,13.63,13.525,13.58,38465.0,13.66676412203197,14.009968361451271,,,,,13.95907812111339,,13.795937872509626,"rgba(239, 83, 80, 1.0)",0.4324938160262463,13.795937872509626,-0.4992854568272516,1,0.12297120672686121,0.12297120672686121,0.0,0.0,0.0,0.0,32.75440490380392,-10.28951097500424,False,False,False,True,False,0.0
2025-06-27 19:00:00+00:00,13.585,13.645,13.57,13.64,106651.0,13.666435877869242,14.003963991983111,,,,,13.954447691098862,,13.789610853465172,"rgba(239, 83, 80, 1.0)",0.43738743210774733,13.789610853465172,-0.34205567531788583,0,,,0.0,0.0,0.0,0.0,34.22460877659462,-10.28951097500424,False,False,False,True,False,0.0
2025-06-30 14:00:00+00:00,13.545,13.645,13.535,13.62,34930.0,13.666288731742867,14.001945686474594,,,,,13.952877150041816,,13.787586324464362,"rgba(239, 83, 80, 1.0)",0.4433182311321038,13.787586324464362,-0.37802714324740716,0,,,0.0,0.0,0.0,0.0,34.62065713938291,-10.28951097500424,False,False,False,True,False,0.0
2025-06-30 15:00:00+00:00,13.625,13.67,13.61,13.65,37189.0,13.666234727982514,14.000048188327288,,,,,13.95142372975299,,13.786052546603756,"rgba(239, 83, 80, 1.0)",0.4493132597703393,13.786052546603756,-0.30280109399241173,0,,,0.0,0.0,0.0,0.0,36.47135847405664,-10.28951097500424,False,False,False,True,True,0.0
2025-06-30 16:00:00+00:00,13.655,13.7,13.625,13.69,42269.0,13.666249213759155,13.998085107085108,,,,,13.949938662706165,,13.784756200747406,"rgba(239, 83, 80, 1.0)",0.4543246943849416,13.784756200747406,-0.20856493586747724,0,,,0.0,0.0,0.0,0.0,39.69030492849778,-10.28951097500424,True,False,False,True,True,0.0
2025-06-30 17:00:00+00:00,13.685,13.71,13.635,13.635,29633.0,13.666237552249676,13.996674120307691,,,,,13.948863655065413,,13.783781508116638,"rgba(239, 83, 80, 1.0)",0.46011292190172537,13.783781508116638,-0.3233586822593435,0,,,0.0,0.0,0.0,0.0,39.784558723826414,-16.074125915327457,True,False,False,True,True,0.0
2025-06-30 18:00:00+00:00,13.635,13.675,13.625,13.67,21173.0,13.666224808136487,13.995663241735668,,,,,13.948091616621598,,13.783083945784062,"rgba(239, 83, 80, 1.0)",0.46501668089817544,13.783083945784062,-0.24318255759264726,0,,,0.0,0.0,0.0,0.0,41.59213299016538,-14.01904912515674,True,False,False,True,True,0.0
2025-06-30 19:00:00+00:00,13.675,13.675,13.595,13.605,90674.0,13.665991060607663,13.991003136360991,,,,,13.944476663181192,,13.779498501179095,"rgba(239, 83, 80, 1.0)",0.4707757925455476,13.779498501179095,-0.37066158443610236,0,,,0.0,0.0,0.0,0.0,40.47494632190808,-14.01904912515674,True,False,False,True,True,0.0
2025-07-01 14:00:00+00:00,13.49,13.625,13.485,13.625,32340.0,13.665814148137883,13.989160952002342,,,,,13.943021352370605,,13.785021486277582,"rgba(239, 83, 80, 1.0)",0.475661256179933,13.785021486277582,-0.33641900448803697,0,,,0.0,0.0,0.0,0.0,40.77271277731255,-14.01904912515674,True,False,False,True,True,0.0
2025-07-01 15:00:00+00:00,13.625,13.83,13.615,13.825,36277.0,13.666019365672607,13.988002535528278,,,,,13.942194164295465,,13.789622525473828,"rgba(239, 83, 80, 1.0)",0.4775003702654528,13.789622525473828,0.0740888944368872,0,,,0.0,0.0,0.0,0.0,48.0646605569447,-7.219225981776063,True,False,False,False,True,0.0
2025-07-01 16:00:00+00:00,13.825,13.985,13.78,13.79,35334.0,13.666426908393383,13.987344087560308,,,,,13.941804462576192,,13.793361431316805,"rgba(239, 83, 80, 1.0)",0.4794683147663727,13.793361431316805,-0.007010747557832096,0,,,0.0,0.0,0.0,0.0,51.533279151301414,-4.078871183920107,True,False,True,False,True,0.0
2025-07-01 17:00:00+00:00,13.79,13.93,13.78,13.89,23619.0,13.66672031283982,13.986955752807205,,,,,13.941588871363116,,13.795117104941337,"rgba(38, 166, 154, 1.0)",0.47850308065699887,13.795117104941337,0.19829108504042806,0,,,0.0,0.0,0.0,0.0,56.28931008605368,0.2159538410053159,True,False,True,False,True,0.0
2025-07-01 18:00:00+00:00,13.895,13.935,13.875,13.925,25881.0,13.667112966963481,13.986691205636921,,,,,13.941495088728088,,13.79723420122157,"rgba(38, 166, 154, 1.0)",0.4767402923042545,13.79723420122157,0.2679987423779368,1,0.21775560408281686,0.21775560408281686,0.0,0.0,0.0,0.0,60.20083518463056,3.6840888972372596,True,False,True,False,True,0.0
2025-07-01 19:00:00+00:00,13.925,13.945,13.865,13.87,66625.0,13.668042657842298,13.985854317316305,,,,,13.941109612734474,,13.800576344809423,"rgba(38, 166, 154, 1.0)",0.47606970115771885,13.800576344809423,0.1458266615618464,1,0.21867513726221197,0.21867513726221197,0.0,0.0,0.0,0.0,60.47188308729395,3.904932234029282,True,False,True,False,True,0.0
2025-07-02 14:00:00+00:00,13.85,14.015,13.83,14.015,53739.0,13.668985219088793,13.98562086202302,,,,,13.941188019964667,,13.803862214424091,"rgba(38, 166, 154, 1.0)",0.47267456377859196,13.803862214424091,0.4466874288475766,1,0.2195782896961662,0.2195782896961662,0.0,0.0,0.0,0.0,63.69467971334463,7.035996309447803,True,False,True,False,True,1.8984165949757177
2025-07-02 15:00:00+00:00,14.015,14.155,14.015,14.11,36054.0,13.669923745641524,13.986137139627782,,,,,13.941839963820557,,13.807637934411451,"rgba(38, 166, 154, 1.0)",0.46774037997921636,13.807637934411451,0.6464313934195367,1,0.2207453361617847,0.2207453361617847,0.0,0.0,0.0,0.0,67.3078478323719,10.495486120323648,True,False,True,False,True,4.132536785754095
2025-07-02 16:00:00+00:00,14.11,14.165,14.09,14.145,37882.0,13.67099813251477,13.986874723900701,,,,,13.942698253486888,,13.811717089786654,"rgba(38, 166, 154, 1.0)",0.4609539462251937,13.811717089786654,0.7230286516530302,1,0.22176218091306057,0.22176218091306057,0.0,0.0,0.0,0.0,70.20458995579725,13.276694382671465,True,False,True,False,True,4.937514125776481
2025-07-02 17:00:00+00:00,14.145,14.235,14.14,14.235,30440.0,13.671988016468296,13.987742797420578,,,,,13.943633580392632,,13.815436611888114,"rgba(38, 166, 154, 1.0)",0.45869754898132986,13.815436611888114,0.9146841727051895,1,0.22314688320559384,0.22314688320559384,0.0,0.0,0.0,0.0,73.2765118932447,16.244598278209594,True,False,True,False,True,6.965270703157508
2025-07-02 18:00:00+00:00,14.235,14.265,14.21,14.24,32735.0,13.673118282080642,13.98881887863906,,,,,13.944766515984336,,13.819522479578017,"rgba(38, 166, 154, 1.0)",0.45615607017817733,13.819522479578017,0.9217843363516828,1,0.2231630499663525,0.2231630499663525,0.0,0.0,0.0,0.0,75.38505156196422,18.356988977836593,True,False,True,False,True,7.0767130860042755
2025-07-02 19:00:00+00:00,14.245,14.275,14.155,14.275,117829.0,13.67712579864168,13.992566135959892,,,,,13.948727876378271,,13.87019495888774,"rgba(38, 166, 154, 1.0)",0.4521584072261213,13.87019495888774,0.8952726182747271,1,0.22316334923962375,0.22316334923962375,0.0,0.0,0.0,0.0,77.23293207792634,20.303668605348392,True,False,True,False,True,7.862235477573584
2025-07-03 14:00:00+00:00,14.165,14.225,14.1,14.125,28375.0,13.677936599934625,13.993141114419002,,,,,13.949387261319998,,13.87131890561487,"rgba(38, 166, 154, 1.0)",0.44825132710599946,13.87131890561487,0.5659349544438504,1,0.22316334923962375,0.22316334923962375,0.0,0.0,0.0,0.0,72.02537809142083,20.303668605348392,True,False,True,False,False,3.8732124443606324
2025-07-03 15:00:00+00:00,14.125,14.145,14.065,14.11,45745.0,13.679118448071097,13.99380563007341,,,,,13.950213579475713,,13.872440452121612,"rgba(38, 166, 154, 1.0)",0.444664839873648,13.872440452121612,0.5342440565930285,1,0.22326930525478733,0.22326930525478733,0.0,0.0,0.0,0.0,68.01658861546284,25.35812598210248,True,False,True,False,False,3.487658459982697
2025-07-03 16:00:00+00:00,14.105,14.165,14.08,14.16,64987.0,13.680896789567727,13.994970065303379,,,,,13.951582565167726,,13.875460478884657,"rgba(38, 166, 154, 1.0)",0.4405710667587034,13.875460478884657,0.6458425043857522,1,0.2234920830254753,0.2234920830254753,0.0,0.0,0.0,0.0,66.5349276931927,23.87939875544565,True,False,True,False,False,4.657232675354344
2025-07-03 17:00:00+00:00,14.16,14.17,14.125,14.145,0.0,13.680896789567727,13.994970065303379,,,,,13.951582565167726,,13.875460478884657,"rgba(38, 166, 154, 1.0)",0.43350580074471434,13.875460478884657,0.6217668152359304,1,0.22360336870048642,0.22360336870048642,0.0,0.0,0.0,0.0,64.92709710743655,22.140449950967522,True,False,True,False,False,4.260408363922576
2025-07-03 18:00:00+00:00,14.145,14.145,14.145,14.145,0.0,13.680896789567727,13.994970065303379,,,,,13.951582565167726,,13.875460478884657,"rgba(38, 166, 154, 1.0)",0.4259245375788393,13.875460478884657,0.6328339819244404,1,0.22417108539047595,0.22417108539047595,0.0,0.0,0.0,0.0,63.85521005026578,20.803301825790513,True,False,True,False,False,4.260408363922565
2025-07-03 19:00:00+00:00,14.145,14.145,14.145,14.145,0.0,13.680896789567727,13.994970065303379,,,,,13.951582565167726,,13.875460478884657,"rgba(38, 166, 154, 1.0)",0.4187989584127493,13.875460478884657,0.6436012213041297,1,0.2245705456414958,0.2245705456414958,0.0,0.0,0.0,0.0,63.140618678818605,19.712478836943077,True,False,True,False,False,4.260408363922576
2025-07-04 14:00:00+00:00,14.145,14.145,14.145,14.145,0.0,13.680896789567727,13.994970065303379,,,,,13.951582565167726,,13.875460478884657,"rgba(38, 166, 154, 1.0)",0.411490446289368,13.875460478884657,0.6550322699978252,1,0.22492878417476433,0.22492878417476433,0.0,0.0,0.0,0.0,62.66422443118715,18.78006137261363,True,False,True,False,False,4.260408363922576
2025-07-04 15:00:00+00:00,14.145,14.145,14.145,14.145,0.0,13.680896789567727,13.994970065303379,,,,,13.951582565167726,,13.875460478884657,"rgba(38, 166, 154, 1.0)",0.4019327965879476,13.875460478884657,0.6706084285818275,1,0.2250705794901518,0.2250705794901518,0.0,0.0,0.0,0.0,62.346628266099515,17.95773648769098,True,False,True,False,False,4.260408363922576
2025-07-04 16:00:00+00:00,14.145,14.145,14.145,14.145,0.0,13.680896789567727,13.994970065303379,,,,,13.951582565167726,,13.875460478884657,"rgba(38, 166, 154, 1.0)",0.39357654337565734,13.875460478884657,0.6848465073744886,1,0.2251167655387588,0.2251167655387588,0.0,0.0,0.0,0.0,62.134897489374424,17.21970807908032,True,False,True,False,False,4.260408363922576
2025-07-04 17:00:00+00:00,14.145,14.145,14.145,14.145,0.0,13.680896789567727,13.994970065303379,,,,,13.951582565167726,,13.875460478884657,"rgba(38, 166, 154, 1.0)",0.38750326938468377,13.875460478884657,0.6955799922497287,1,0.22518845458133124,0.22518845458133124,0.0,0.0,0.0,0.0,61.993743638224366,16.552446705050272,True,False,True,False,False,4.260408363922576
2025-07-04 18:00:00+00:00,14.145,14.145,14.145,14.145,0.0,13.680896789567727,13.994970065303379,,,,,13.951582565167726,,13.875460478884657,"rgba(38, 166, 154, 1.0)",0.3814191494505779,13.875460478884657,0.7066753766915109,1,0.22524201150489892,0.22524201150489892,0.0,0.0,0.0,0.0,61.89964107079099,15.94869745704402,True,False,True,False,False,4.260408363922576
2025-07-04 19:00:00+00:00,14.145,14.145,14.145,14.145,0.0,13.680896789567727,13.994970065303379,,,,,13.951582565167726,,13.875460478884657,"rgba(38, 166, 154, 1.0)",0.3737363935876815,13.875460478884657,0.7212022316796578,1,0.2253217904678721,0.2253217904678721,0.0,0.0,0.0,0.0,61.83690602583541,15.404099785567226,True,False,True,False,False,4.260408363922576
2025-07-07 14:00:00+00:00,14.145,14.275,14.105,14.12,49386.0,13.682332561830131,13.996039424701676,,,,,13.952786703329165,,13.878425258140695,"rgba(38, 166, 154, 1.0)",0.36589545841199056,13.878425258140695,0.6602288612921141,1,0.22542025992250664,0.22542025992250664,0.0,0.0,0.0,0.0,59.25669998569572,12.63083451807865,True,False,True,False,False,3.4788885936133553
2025-07-07 15:00:00+00:00,14.125,14.125,13.965,13.99,72658.0,13.6838233989292,13.996317516457587,,,,,13.953390251326807,,13.878801316178905,"rgba(239, 83, 80, 1.0)",0.35950917491335427,13.878801316178905,0.3093069428558973,1,0.22543239471499946,0.22543239471499946,0.0,0.0,0.0,0.0,49.976760949300505,4.020366098524356,False,False,False,True,False,0.0
2025-07-07 16:00:00+00:00,13.985,14.015,13.905,13.91,26843.0,13.684237835079681,13.996140375218998,,,,,13.953359989935207,,13.878251464252438,"rgba(239, 83, 80, 1.0)",0.3531437703295304,13.878251464252438,0.08990257910520853,1,0.22520787574518952,0.22520787574518952,0.0,0.0,0.0,0.0,41.43436259017483,-3.4010754358795197,False,True,False,True,False,0.0
2025-07-07 17:00:00+00:00,13.915,13.935,13.875,13.885,17851.0,13.684464968839542,13.995923399794703,,,,,13.953250099361748,,13.877655975554907,"rgba(239, 83, 80, 1.0)",0.34651322401092827,13.877655975554907,0.021194066881733902,1,0.22499675368432792,0.22499675368432792,0.0,0.0,0.0,0.0,35.14457915013225,-8.551050643053706,False,True,False,True,False,0.0
2025-07-07 18:00:00+00:00,13.885,14.005,13.855,14.005,42359.0,13.685144311489069,13.995709103280339,,,,,13.95325835271946,,13.894491178733208,"rgba(239, 83, 80, 1.0)",0.3391796276604078,13.894491178733208,0.32581208378893517,1,0.2260472117800487,0.2260472117800487,0.0,0.0,0.0,0.0,38.27014669314113,-8.551050643053706,False,True,False,True,True,0.13394971366793484
2025-07-07 19:00:00+00:00,14.005,14.075,13.99,14.05,60553.0,13.686407611057259,13.996025805433304,,,,,13.953828111192339,,13.89803373178665,"rgba(38, 166, 154, 1.0)",0.33153257282939746,13.89803373178665,0.4583750758377216,1,0.227399201589683,0.227399201589683,0.0,0.0,0.0,0.0,42.329642484827076,-15.39227723698555,False,True,False,True,True,1.3940069591630362
2025-07-08 14:00:00+00:00,14.155,14.445,14.145,14.405,61402.0,13.688739499564615,13.998535704864665,,,,,13.956376717303273,,13.91056500557743,"rgba(38, 166, 154, 1.0)",0.32698227078151837,13.91056500557743,1.5121156056590563,1,0.22812056325246075,0.22812056325246075,0.0,0.0,0.0,0.0,53.07497600693314,-5.814322070175656,False,False,True,False,True,10.176674172734106
2025-07-08 15:00:00+00:00,14.405,14.655,14.405,14.615,159700.0,13.696836972772985,14.009215657240324,,,,,13.966755131747306,,13.945159128658606,"rgba(38, 166, 154, 1.0)",0.326853687960479,13.945159128658606,2.0493599919924637,1,0.22864056422276038,0.22864056422276038,0.0,0.0,0.0,0.0,62.31275505655374,2.1081288501776854,True,False,True,False,True,14.531841632433242
2025-07-08 16:00:00+00:00,14.615,14.725,14.52,14.725,73333.0,13.700923635006731,14.01483844392677,,,,,13.972174254535144,,13.959473679087145,"rgba(38, 166, 154, 1.0)",0.3297772521507039,13.959473679087145,2.321343621854849,1,0.22891066087781242,0.22891066087781242,0.0,0.0,0.0,0.0,69.27820232039494,7.943406433158756,True,False,True,False,True,16.628006275555965
2025-07-08 17:00:00+00:00,14.725,14.77,14.675,14.745,90997.0,13.706331942024772,14.022463120043719,,,,,13.9794893511538,,13.977143815025542,"rgba(38, 166, 154, 1.0)",0.3315375456025713,13.977143815025542,2.3160459355481877,1,0.22976000132673474,0.22976000132673474,0.0,0.0,0.0,0.0,74.06246496140619,11.979326049807852,True,False,True,False,True,17.001024633086327
2025-07-08 18:00:00+00:00,14.745,14.785,14.66,14.66,40067.0,13.708629882744942,14.025636652680198,,,,,13.982545766514852,,14.033481827870364,"rgba(38, 166, 154, 1.0)",0.3308488672687363,14.033481827870364,1.8936687838823345,1,0.22913374839753048,0.22913374839753048,1.0,0.0,14.785,474.0,74.2621490133851,12.163427717461019,True,False,True,False,True,14.520124901092093
2025-07-08 19:00:00+00:00,14.665,14.675,14.57,14.6,112955.0,13.714490945656502,14.03329899363263,,,,,13.99000278546618,,14.044301542452285,"rgba(38, 166, 154, 1.0)",0.3307252200410547,14.044301542452285,1.6802421583655853,1,0.22899234875908261,0.22899234875908261,0.0,0.0,0.0,0.0,72.44200080061988,12.163427717461019,True,False,True,False,True,12.814478803240696
2025-07-09 14:00:00+00:00,14.495,14.565,14.465,14.535,43278.0,13.716485867735413,14.035719626985628,,,,,13.99239377413008,,14.04684732635423,"rgba(38, 166, 154, 1.0)",0.3283116515455603,14.04684732635423,1.4868575981015042,1,0.2298568210659849,0.2298568210659849,0.0,0.0,0.0,0.0,69.2263744196811,12.163427717461019,True,False,True,False,False,11.003062825456812
2025-07-09 15:00:00+00:00,14.535,14.595,14.435,14.585,46855.0,13.71867906306356,14.038402381226057,,,,,13.995039009293516,,14.050358889878126,"rgba(38, 166, 154, 1.0)",0.32704447723531876,14.050358889878126,1.6347657500333932,1,0.23025737159432777,0.23025737159432777,0.0,0.0,0.0,0.0,67.95375808497336,12.163427717461019,True,False,True,False,False,12.022748553236617
2025-07-09 16:00:00+00:00,14.585,14.595,14.515,14.53,27446.0,13.71997133731956,14.039986557608831,,,,,13.996600207355797,,14.05256788206997,"rgba(38, 166, 154, 1.0)",0.3244830538753681,14.05256788206997,1.4713622552178254,1,0.23076365936015739,0.23076365936015739,0.0,0.0,0.0,0.0,65.36167522775162,12.163427717461019,True,False,True,False,False,10.493746358101543
2025-07-09 17:00:00+00:00,14.535,14.545,14.455,14.495,35412.0,13.7215356018689,14.041822404742742,,,,,13.99842567088681,,14.054683861656269,"rgba(38, 166, 154, 1.0)",0.32279427526549614,14.054683861656269,1.3640766645615796,1,0.2316069990463047,0.2316069990463047,0.0,0.0,0.0,0.0,62.54733700717898,12.163427717461019,False,False,True,False,False,9.529335597542701
2025-07-09 18:00:00+00:00,14.495,14.535,14.475,14.525,32064.0,13.722970778654297,14.04352022342332,,,,,14.000110906426078,,14.05682368055751,"rgba(38, 166, 154, 1.0)",0.32162498446274873,14.05682368055751,1.4556590503208096,1,0.23350300344454028,0.23350300344454028,0.0,0.0,0.0,0.0,61.38379583873319,20.722314794385,False,False,True,False,False,10.168978664801188
2025-07-09 19:00:00+00:00,14.525,14.54,14.465,14.485,71960.0,13.726111889310753,14.047165593032185,,,,,14.003743293627519,,14.06124177899019,"rgba(38, 166, 154, 1.0)",0.32379645480483094,14.06124177899019,1.3087179143614474,1,0.2357548682709753,0.2357548682709753,0.0,0.0,0.0,0.0,59.24419275252438,18.050165352717798,False,False,True,False,False,9.051728927803577
2025-07-10 14:00:00+00:00,14.255,14.485,14.235,14.385,20341.0,13.726848063828792,14.047894260875376,,,,,14.004495631556805,,14.08904568701082,"rgba(38, 166, 154, 1.0)",0.32667585940370625,14.08904568701082,0.9059570962157903,1,0.23817820853259214,0.23817820853259214,0.0,0.0,0.0,0.0,54.829818356594465,13.38415982487976,False,True,True,False,False,6.330068778536678
2025-07-10 15:00:00+00:00,14.385,14.445,14.335,14.335,16869.0,13.727460467683928,14.048502309319744,,,,,14.005122896532136,,14.089396199408686,"rgba(239, 83, 80, 1.0)",0.3289890329233132,14.089396199408686,0.746540996850083,1,0.24081718996017973,0.24081718996017973,0.0,0.0,0.0,0.0,50.59846345655278,9.072722831689639,False,True,False,False,False,5.0082678878046245
2025-07-10 16:00:00+00:00,14.335,14.455,14.335,14.365,26373.0,13.728435340715924,14.04948740264644,,,,,14.00613479640426,,14.090306265592087,"rgba(239, 83, 80, 1.0)",0.331493440207999,14.090306265592087,0.8286551137650079,1,0.24433569951391357,0.24433569951391357,0.0,0.0,0.0,0.0,48.81282340344859,7.07542386927539,False,True,False,True,False,5.697851251715221
2025-07-10 17:00:00+00:00,14.365,14.425,14.31,14.325,32243.0,13.729565981732575,14.050571012692902,,,,,14.007261828212735,,14.090366526125768,"rgba(239, 83, 80, 1.0)",0.33244891228474915,14.090366526125768,0.705773023174348,1,0.24744669176340578,0.24744669176340578,0.0,0.0,0.0,0.0,46.49872323712651,4.526767998994018,False,True,False,True,False,4.630439916887589
2025-07-10 18:00:00+00:00,14.325,14.34,14.265,14.265,79755.0,13.732063008736993,14.052664664600027,,,,,14.009513950810371,,14.08838198299149,"rgba(239, 83, 80, 1.0)",0.3313405341179726,14.08838198299149,0.5330407807745828,1,0.2496985451809381,0.2496985451809381,0.0,0.0,0.0,0.0,43.39709279957496,1.2640631641889684,False,True,False,True,False,3.050249875330195
2025-07-10 19:00:00+00:00,14.265,14.375,14.265,14.375,94854.0,13.735258719958342,14.055604986192252,,,,,14.012599751334005,,14.090114930790444,"rgba(239, 83, 80, 1.0)",0.33148019113840155,14.090114930790444,0.8594331632040404,1,0.2515786255958053,0.2515786255958053,0.0,0.0,0.0,0.0,45.24919297691064,1.2640631641889684,False,True,False,True,False,5.625648737986232
2025-07-11 14:00:00+00:00,14.405,14.59,14.37,14.57,48308.0,13.737332950460509,14.057974496317467,,,,,14.01496572071523,,14.094684177898841,"rgba(239, 83, 80, 1.0)",0.3354896515637118,14.094684177898841,1.4167823653746683,1,0.25290953900706603,0.25290953900706603,0.0,0.0,0.0,0.0,51.11017984674232,1.2640631641889684,False,True,True,False,True,9.844389858691525
2025-07-11 15:00:00+00:00,14.575,14.65,14.565,14.625,28884.0,13.738733015557868,14.05970067199783,,,,,14.016662698142298,,14.098439822478863,"rgba(239, 83, 80, 1.0)",0.33982297988466365,14.098439822478863,1.5495131544660472,1,0.2536875527676711,0.2536875527676711,0.0,0.0,0.0,0.0,56.00145297427325,-2.027729375048061,False,True,True,False,True,10.965123782582065
2025-07-11 16:00:00+00:00,14.625,14.645,14.59,14.595,29595.0,13.740157460226726,14.06144766186214,,,,,14.018381835170445,,14.102018141120103,"rgba(239, 83, 80, 1.0)",0.34302223288336214,14.102018141120103,1.4371717387995837,1,0.25395114279774134,0.25395114279774134,0.0,0.0,0.0,0.0,58.24330976490728,0.14286431365839292,False,False,True,False,True,10.14991767671047
2025-07-11 17:00:00+00:00,14.6,14.625,14.555,14.615,31272.0,13.741637448658079,14.063242627436372,,,,,14.020151985834302,,14.105452766834938,"rgba(239, 83, 80, 1.0)",0.34550579192292563,14.105452766834938,1.4747863713923792,1,0.25399585993148527,0.25399585993148527,0.0,0.0,0.0,0.0,60.15631538116496,2.142978801106601,False,False,True,False,True,10.565584811098752
2025-07-11 18:00:00+00:00,14.615,14.695,14.585,14.69,33305.0,13.743314992310106,14.065348100094887,,,,,14.022214378266362,,14.109649758566633,"rgba(38, 166, 154, 1.0)",0.34968817512157313,14.109649758566633,1.6596221511682554,1,0.2533244830990145,0.2533244830990145,0.0,0.0,0.0,0.0,62.925256816050144,5.011309233267539,True,False,True,False,True,12.108119461733981
2025-07-11 19:00:00+00:00,14.695,14.715,14.65,14.65,75511.0,13.74715781834087,14.070186553103662,,,,,14.026950601429789,,14.160483787028088,"rgba(38, 166, 154, 1.0)",0.3517176385928546,14.160483787028088,1.391787500138917,1,0.2530495556886609,0.2530495556886609,0.0,0.0,0.0,0.0,63.18609270976344,5.6262283991773,True,False,True,False,True,10.987839095406436
2025-07-14 14:00:00+00:00,14.465,14.51,14.375,14.425,32631.0,13.748388999719634,14.07144600377472,,,,,14.028237728939141,,14.158000992469187,"rgba(38, 166, 154, 1.0)",0.3485590414914558,14.158000992469187,0.7660079807092265,1,0.25444929484862044,0.25444929484862044,0.0,0.0,0.0,0.0,56.87589399291463,5.6262283991773,False,False,True,False,False,5.0767060049622685
2025-07-14 15:00:00+00:00,14.425,14.465,14.315,14.335,27138.0,13.74931320141627,14.072301620557072,,,,,14.029132660302139,,14.156017820229412,"rgba(239, 83, 80, 1.0)",0.3443303070605282,14.156017820229412,0.5197979268758548,1,0.25630782636548544,0.25630782636548544,0.0,0.0,0.0,0.0,50.887033346179244,8.906608357104602,False,True,False,False,False,2.891180377037962
2025-07-14 16:00:00+00:00,14.335,14.425,14.335,14.39,20068.0,13.750007647530342,14.072955737403017,,,,,14.02981388816531,,14.155234531005494,"rgba(239, 83, 80, 1.0)",0.3408730576644024,14.155234531005494,0.6887181715183804,1,0.2579708938824228,0.2579708938824228,0.0,0.0,0.0,0.0,48.456002521332266,6.626824779286757,False,True,False,True,False,4.097890523377437
2025-07-14 17:00:00+00:00,14.385,14.425,14.355,14.375,31357.0,13.751092552682257,14.07397778819989,,,,,14.03087809544594,,14.154537934680524,"rgba(239, 83, 80, 1.0)",0.3393027163660367,14.154537934680524,0.6497503694654866,1,0.25975383075422803,0.25975383075422803,0.0,0.0,0.0,0.0,46.50128451805835,4.637543924120699,False,True,False,True,False,3.731230038529951
2025-07-14 18:00:00+00:00,14.375,14.465,14.375,14.435,29049.0,13.752157512850959,14.075039659274106,,,,,14.031969017489413,,14.154855736939007,"rgba(239, 83, 80, 1.0)",0.33877650822121746,14.154855736939007,0.8269294247464826,1,0.26193873934601136,0.26193873934601136,0.0,0.0,0.0,0.0,46.9920348961914,4.637543924120699,False,True,False,True,False,5.054632921436397
2025-07-14 19:00:00+00:00,14.435,14.455,14.385,14.415,44489.0,13.753765911183805,14.076622790909795,,,,,14.033599981725262,,14.155440134031954,"rgba(239, 83, 80, 1.0)",0.3388483808803925,14.155440134031954,0.7660059206824577,1,0.26432009321424965,0.26432009321424965,0.0,0.0,0.0,0.0,46.776137067696375,4.130942978541476,False,True,False,True,False,4.55217747962077
2025-07-15 14:00:00+00:00,14.365,14.38,14.225,14.245,33479.0,13.754726323012985,14.077337664329848,,,,,14.034390781250686,,14.153942996878584,"rgba(239, 83, 80, 1.0)",0.3367031868516759,14.153942996878584,0.27043701003497667,1,0.2666605014756047,0.2666605014756047,0.0,0.0,0.0,0.0,42.84528867050595,-0.010105891573047643,False,True,False,True,False,0.44508137741341613
2025-07-15 15:00:00+00:00,14.245,14.325,14.165,14.305,90964.0,13.757228406023412,14.079084608161207,,,,,14.036357956355634,,14.150470710205203,"rgba(239, 83, 80, 1.0)",0.33455799804233166,14.150470710205203,0.4618908849856391,2,0.18479352360486848,0.36958704720973695,0.0,0.0,0.0,0.0,42.14705312510662,-1.0588304026206998,False,True,False,True,False,1.8060072960780573
2025-07-15 16:00:00+00:00,14.305,14.335,14.19,14.225,33726.0,13.758122638974916,14.079672479024765,,,,,14.037031517425095,,14.149337534082918,"rgba(239, 83, 80, 1.0)",0.33198560426843865,14.149337534082918,0.22790887600024545,2,0.18680858867443711,0.37361717734887423,0.0,0.0,0.0,0.0,40.08648935193653,-3.409415395379625,False,True,False,True,False,0.0
2025-07-15 17:00:00+00:00,14.225,14.325,14.225,14.245,58224.0,13.75970565984522,14.080766452214794,,,,,14.038265601844284,,14.14803060697912,"rgba(239, 83, 80, 1.0)",0.3290331591494373,14.14803060697912,0.29471009326703995,2,0.18887538274283788,0.37775076548567577,0.0,0.0,0.0,0.0,39.39518634593753,-4.477365491422923,False,True,False,True,False,0.40586906960570346
2025-07-15 18:00:00+00:00,14.245,14.305,14.225,14.235,52834.0,13.761105342330726,14.08169475557232,,,,,14.039325053668291,,14.146914321681853,"rgba(239, 83, 80, 1.0)",0.3246712405102333,14.146914321681853,0.2713073020564311,2,0.19051942094338506,0.3810388418867701,0.0,0.0,0.0,0.0,38.710477946479344,-5.579755115069233,False,True,False,True,False,0.17023182701721495
2025-07-15 19:00:00+00:00,14.235,14.26,14.21,14.215,146842.0,13.764746454827474,14.083834487265511,,,,,14.041858492443321,,14.14354121679797,"rgba(239, 83, 80, 1.0)",0.31891748205515474,14.14354121679797,0.2240666856565452,2,0.1923103622132573,0.3846207244265146,0.0,0.0,0.0,0.0,37.77817661740448,-6.91453297225506,False,True,False,True,False,0.0
2025-07-16 14:00:00+00:00,14.095,14.12,13.91,13.985,67201.0,13.765600251345184,14.083311534746043,14.005,,,,14.0416337750425,,14.145256636064962,"rgba(239, 83, 80, 1.0)",0.31153065876634217,14.145256636064962,-0.5144169010510148,2,0.19283767145110176,0.3856753429022035,0.0,0.0,0.0,0.0,33.19519094440413,-11.509096672360009,False,True,False,True,False,0.0
2025-07-16 15:00:00+00:00,13.985,14.065,13.925,14.035,46634.0,13.766197383942645,14.08296796624031,14.006365543696287,,,,14.04149347994038,,14.141803702425818,"rgba(239, 83, 80, 1.0)",0.3035629563509165,14.141803702425818,-0.3518337800820265,3,0.28668578582081494,0.8600573574624448,0.0,0.0,0.0,0.0,32.03587121547504,-12.771722861072575,False,True,False,True,False,0.0
2025-07-16 16:00:00+00:00,14.035,14.105,14.005,14.095,52583.0,13.767033148403593,14.08289274080316,14.025945470642199,,,,14.041620378629219,,14.13994989966675,"rgba(239, 83, 80, 1.0)",0.29650096090883077,14.13994989966675,-0.15160119390159538,3,0.28682910961982433,0.860487328859473,0.0,0.0,0.0,0.0,33.413583449252826,-12.771722861072575,False,True,False,True,False,0.0
2025-07-16 17:00:00+00:00,14.095,14.115,14.015,14.04,26385.0,13.767434605988317,14.08282527103855,14.030149651889925,,,,14.041655990025605,,14.138732368105195,"rgba(239, 83, 80, 1.0)",0.2889796744622234,14.138732368105195,-0.3416585207555933,3,0.2871727106147821,0.8615181318443463,0.0,0.0,0.0,0.0,33.2894334138372,-12.771722861072575,False,True,False,True,False,0.0
2025-07-16 18:00:00+00:00,14.045,14.055,13.98,14.02,42922.0,13.767999067065414,14.082556495064523,14.027998076855093,,,,14.041566537708123,,14.135970988063036,"rgba(239, 83, 80, 1.0)",0.2821830119838768,14.135970988063036,-0.4109779226173364,3,0.288328974900777,0.8649869247023311,0.0,0.0,0.0,0.0,32.83033802863519,-12.771722861072575,False,True,False,True,False,0.0
2025-07-16 19:00:00+00:00,14.015,14.035,13.955,13.965,172271.0,13.76994096083073,14.080951517046458,14.009842698621227,,,,14.040708965116593,,14.124284038776082,"rgba(239, 83, 80, 1.0)",0.2768650922007321,14.124284038776082,-0.5753128265826974,3,0.29036897170728415,0.8711069151218525,0.0,0.0,0.0,0.0,31.50729508131562,-14.288101893767028,False,True,False,True,False,0.0
2025-07-17 14:00:00+00:00,14.035,14.12,14.015,14.105,60468.0,13.77091182770331,14.080946053907924,14.01889840343477,,,,14.040916941140534,,14.12276370244589,"rgba(239, 83, 80, 1.0)",0.2684212602850485,14.12276370244589,-0.06617844811184573,3,0.2926144011381542,0.8778432034144625,0.0,0.0,0.0,0.0,35.72194714650038,-18.57442194130519,False,True,False,True,True,0.0
2025-07-17 15:00:00+00:00,14.105,14.105,14.005,14.005,74034.0,13.771933132669062,14.080648594114338,14.021550663166805,,,,14.040900305231848,,14.11993976900699,"rgba(239, 83, 80, 1.0)",0.26158236433936866,14.11993976900699,-0.43940182778480474,3,0.294232411766536,0.8826972352996079,0.0,0.0,0.0,0.0,36.36422836552182,-17.883244360922134,False,True,False,True,True,0.0
2025-07-17 16:00:00+00:00,14.005,14.09,13.995,14.065,102923.0,13.773401686476602,14.080354025463242,14.026087378109272,,,,14.040981039450928,,14.116657277054491,"rgba(239, 83, 80, 1.0)",0.2516967287099383,14.116657277054491,-0.20523618769007926,3,0.2963917149422575,0.8891751448267726,0.0,0.0,0.0,0.0,38.67173984613689,-15.605291448039374,False,True,False,True,True,0.0
2025-07-17 17:00:00+00:00,14.065,14.095,14.01,14.025,32894.0,13.773856534436062,14.080240656866318,14.026923698183486,,,,14.04098769060395,,14.115598989633957,"rgba(239, 83, 80, 1.0)",0.2424229793170237,14.115598989633957,-0.37372277945432714,3,0.29855867572113454,0.8956760271634037,0.0,0.0,0.0,0.0,39.29369941328011,-14.893364069192103,False,True,False,True,True,0.0
2025-07-17 18:00:00+00:00,14.025,14.13,14.025,14.115,40824.0,13.774516297870258,14.08027760736135,14.030504406426756,,,,14.041159081618455,,14.114865581683755,"rgba(239, 83, 80, 1.0)",0.23779641531187223,14.114865581683755,0.0005652663690011569,3,0.3014900865829971,0.9044702597489913,0.0,0.0,0.0,0.0,42.45342633391719,-11.824547901829249,False,True,False,True,True,0.0
2025-07-17 19:00:00+00:00,14.115,14.125,14.025,14.025,188155.0,13.777220165521383,14.079901243472765,14.036275580646034,,,,14.041431487961281,,14.110165114815917,"rgba(239, 83, 80, 1.0)",0.233082709675323,14.110165114815917,-0.3653858106186816,3,0.30396974783231684,0.9119092434969505,0.0,0.0,0.0,0.0,42.36832067865198,-11.805228035286632,False,True,False,True,True,0.0
2025-07-18 14:00:00+00:00,14.225,14.375,14.225,14.265,96121.0,13.779695637589295,14.081711604686513,14.060421166715663,,,,14.043416034870228,,14.133859139959242,"rgba(239, 83, 80, 1.0)",0.2290576661333471,14.133859139959242,0.5725233398842654,4,0.29776102379159275,1.191044095166371,0.0,0.0,0.0,0.0,47.85975524049978,-6.629162647109055,False,False,False,False,True,1.649215703854491
2025-07-18 15:00:00+00:00,14.265,14.275,14.11,14.215,128433.0,13.782398113053173,14.083068636453504,14.076259449148646,,,,14.045079843250523,,14.132463390831157,"rgba(239, 83, 80, 1.0)",0.22568867578684576,14.132463390831157,0.3657100157156103,5,0.32589234622956437,1.629461731147822,0.0,0.0,0.0,0.0,50.280638508065124,-4.472647261944836,False,False,False,False,True,0.5569454102571072
2025-07-18 16:00:00+00:00,14.215,14.23,14.065,14.105,47375.0,13.783228477206535,14.083280447978852,14.078552378699078,,,,14.045424400684123,,14.131223560274838,"rgba(239, 83, 80, 1.0)",0.22169277093474735,14.131223560274838,-0.11828784567159639,5,0.3306547845816638,1.653273922908319,0.0,0.0,0.0,0.0,49.408444312043656,-4.472647261944836,False,False,False,False,True,0.0
2025-07-18 17:00:00+00:00,14.105,14.145,14.05,14.105,52323.0,13.78405413052661,14.083357900941833,14.07946359426823,,,,14.045658717271984,,14.129521858470714,"rgba(239, 83, 80, 1.0)",0.22053144246832204,14.129521858470714,-0.11119438659743773,5,0.3351485456168049,1.6757427280840245,0.0,0.0,0.0,0.0,48.82698151469601,-4.472647261944836,False,False,False,False,True,0.0
2025-07-18 18:00:00+00:00,14.105,14.105,14.025,14.08,50026.0,13.784764947249247,14.083298998205706,14.079094184069769,,,,14.045758228484143,,14.127647608746198,"rgba(239, 83, 80, 1.0)",0.2208557272345319,14.127647608746198,-0.2157408790925298,5,0.337605824907497,1.688029124537485,0.0,0.0,0.0,0.0,47.844150816665866,-4.472647261944836,False,False,False,True,False,0.0
2025-07-18 19:00:00+00:00,14.085,14.18,14.05,14.06,144051.0,13.786981685683626,14.083466605796295,14.080869782310373,,,,14.046350548195477,,14.124533243762215,"rgba(239, 83, 80, 1.0)",0.22172913838927996,14.124533243762215,-0.2910453909260977,5,0.33948761012564194,1.6974380506282096,0.0,0.0,0.0,0.0,46.690144141964396,-4.472647261944836,False,False,False,True,False,0.0
2025-07-21 14:00:00+00:00,14.08,14.135,14.015,14.055,47456.0,13.787638897461834,14.083404353479422,14.08046591413857,,,,14.046434486946135,,14.123289887209037,"rgba(239, 83, 80, 1.0)",0.22308530667458948,14.123289887209037,-0.30611557626540675,5,0.3404581858155872,1.702290929077936,0.0,0.0,0.0,0.0,45.7863317422629,-4.472647261944836,False,False,False,True,False,0.0
2025-07-21 15:00:00+00:00,14.055,14.09,13.995,14.025,39654.0,13.788124021354545,14.083244251938961,14.079317783332108,,,,14.046403420623056,,14.128161064554348,"rgba(239, 83, 80, 1.0)",0.2248219916466568,14.128161064554348,-0.4588566438664131,5,0.34221162635446367,1.7110581317723184,0.0,0.0,0.0,0.0,44.33633385463298,-1.5866878880106938,False,False,False,True,False,0.0
2025-07-21 16:00:00+00:00,14.025,14.095,14.025,14.075,17958.0,13.788368070986165,14.083215993242922,14.079149807723002,,,,14.046430167381056,,14.128158229629515,"rgba(239, 83, 80, 1.0)",0.2258845874487418,14.128158229629515,-0.23533358441986663,5,0.34434725501969654,1.7217362750984826,0.0,0.0,0.0,0.0,45.278690670379646,-1.5866878880106938,False,False,False,True,False,0.0
2025-07-21 17:00:00+00:00,14.07,14.115,14.06,14.095,84711.0,13.789617035268122,14.083265200883824,14.07971878723273,,,,14.046723776323166,,14.128063288688324,"rgba(239, 83, 80, 1.0)",0.22615734377681737,14.128063288688324,-0.14619595426868698,5,0.34660877547972574,1.7330438773986288,0.0,0.0,0.0,0.0,46.64930959927226,-1.5866878880106938,False,False,False,True,True,0.0
2025-07-21 18:00:00+00:00,14.095,14.16,14.095,14.105,37859.0,13.790227297846684,14.083383900055306,14.080641210512633,,,,14.046943800190627,,14.128262941117725,"rgba(239, 83, 80, 1.0)",0.2262034482496706,14.128262941117725,-0.10284078911144032,5,0.34926851419956956,1.7463425709978477,0.0,0.0,0.0,0.0,47.953778727578126,-1.5866878880106938,True,False,False,False,True,0.0
2025-07-21 19:00:00+00:00,14.105,14.15,14.04,14.055,150103.0,13.792346139855221,14.083362178492148,14.080726564354169,,,,14.047352310297372,,14.125780354305338,"rgba(239, 83, 80, 1.0)",0.22716490021993552,14.125780354305338,-0.3115813853144135,5,0.3530671851847629,1.7653359259238144,0.0,0.0,0.0,0.0,46.88073255985743,-1.5866878880106938,False,False,False,True,True,0.0
2025-07-22 14:00:00+00:00,14.205,14.245,14.12,14.125,56583.0,13.793360091559588,14.083741690757618,14.083239613816948,,,,14.047864403455998,,14.126581966463828,"rgba(239, 83, 80, 1.0)",0.22731388783716,14.126581966463828,-0.006959392049821338,5,0.3584403368016603,1.7922016840083015,0.0,0.0,0.0,0.0,48.99583653186811,-4.59193245876412,True,False,False,False,True,0.0
2025-07-22 15:00:00+00:00,14.125,14.185,14.095,14.165,64657.0,13.794465262127911,14.084090067887479,14.085426434909897,,,,14.048368760087165,,14.126973512770638,"rgba(239, 83, 80, 1.0)",0.22718869404691788,14.126973512770638,0.1673784313470641,5,0.3667199956734226,1.833599978367113,0.0,0.0,0.0,0.0,51.8074784732541,-1.9187081392945018,True,False,True,False,True,0.0
2025-07-22 16:00:00+00:00,14.165,14.235,14.155,14.215,36817.0,13.795185882542464,14.084450061912877,14.08760833089887,,,,14.048805713734483,,14.127779269416354,"rgba(239, 83, 80, 1.0)",0.22685173949466003,14.127779269416354,0.3844834109623328,6,0.3364808912142719,2.0188853472856314,0.0,0.0,0.0,0.0,55.274378646989675,1.2619622035429785,True,False,True,False,True,1.1340060799903462
2025-07-22 17:00:00+00:00,14.215,14.245,14.2,14.205,20754.0,13.795605927192431,14.084677867773053,14.08895961254682,,,,14.0490749942898,,14.128301356368492,"rgba(239, 83, 80, 1.0)",0.22654152613396175,14.128301356368492,0.3385632865656297,6,0.34352976329210905,2.0611785797526543,0.0,0.0,0.0,0.0,57.0749337776119,2.8597713870660684,True,False,True,False,True,0.8863784327078648
2025-07-22 18:00:00+00:00,14.205,14.295,14.205,14.295,23106.0,13.79612615868473,14.08502310578023,14.090988051051195,,,,14.049459946000498,,14.129201476104686,"rgba(239, 83, 80, 1.0)",0.22615525242240048,14.129201476104686,0.733118166035976,7,0.31580687721742734,2.2106481405219913,0.0,0.0,0.0,0.0,60.891614855927365,6.333633447028369,True,False,True,False,True,3.0359527412248895
2025-07-22 19:00:00+00:00,14.295,14.32,14.275,14.3,81259.0,13.798075999718993,14.086449743145545,14.099062983855246,,,,14.051010596992986,,14.13287379544953,"rgba(239, 83, 80, 1.0)",0.22575973834920388,14.13287379544953,0.740283479120447,7,0.32285616118641913,2.259993128304934,0.0,0.0,0.0,0.0,63.56533779741261,8.70289917897503,True,False,True,False,True,3.1540821264850116
2025-07-23 14:00:00+00:00,14.335,14.53,14.33,14.525,84327.0,13.800738964514338,14.089036023840064,14.113148269024922,,,,14.053648810557283,,14.140012441074575,"rgba(38, 166, 154, 1.0)",0.22726204266458083,14.140012441074575,1.6940248992377231,7,0.32696007373403235,2.2887205161382265,0.0,0.0,0.0,0.0,69.32847210473075,13.88936498619416,True,False,True,False,True,8.189909799105845
2025-07-23 15:00:00+00:00,14.525,14.6,14.495,14.595,75410.0,13.803465840029538,14.091941634769343,14.12826147888261,,,,14.056560248478066,,14.14779679473158,"rgba(38, 166, 154, 1.0)",0.22980940006971495,14.14779679473158,1.9459743819563404,7,0.33195602109672867,2.3236921476771006,0.0,0.0,0.0,0.0,73.92690020619048,17.876446722186017,True,False,True,False,True,9.644171389911115
2025-07-23 16:00:00+00:00,14.595,14.665,14.565,14.57,89714.0,13.806839985559755,14.09561765552786,14.14637865043144,,,,14.06022840110536,,14.157086552916127,"rgba(38, 166, 154, 1.0)",0.2317356563294837,14.157086552916127,1.7818295795481285,7,0.3370786486354369,2.3595505404480583,0.0,0.0,0.0,0.0,75.73309567732787,19.3527791116704,True,False,True,False,True,8.978006210529653
2025-07-23 17:00:00+00:00,14.565,14.665,14.565,14.655,67237.0,13.809439755851894,14.098490811909251,14.159862675673436,,,,14.063087842555642,,14.1639999407415,"rgba(38, 166, 154, 1.0)",0.23486553561530105,14.1639999407415,2.0905581483983053,7,0.3433495924727145,2.4034471473090018,0.0,0.0,0.0,0.0,77.95693608175739,21.398335766025355,True,False,True,False,True,10.732803940927809
2025-07-23 18:00:00+00:00,14.655,14.68,14.625,14.655,54876.0,13.811613820432296,14.100922456658651,14.17087917286385,,,,14.065502630694644,,14.204999194546634,"rgba(38, 166, 154, 1.0)",0.23593444653781656,14.204999194546634,1.907312866166143,7,0.34988086808707486,2.449166076609524,0.0,0.0,0.0,0.0,79.43949635137707,22.88088242126463,True,False,True,False,True,10.732803940927809
2025-07-23 19:00:00+00:00,14.655,14.675,14.615,14.64,178494.0,13.818525422900532,14.10854592737301,14.202863659281135,,,,14.073090974602737,,14.220688148025042,"rgba(38, 166, 154, 1.0)",0.2347271753480836,14.220688148025042,1.7863796612094407,6,0.3839009068266542,2.303405440959925,0.0,0.0,0.0,0.0,79.54832725798612,23.24116608121379,True,False,True,False,True,10.316136284518603
2025-07-24 14:00:00+00:00,14.25,14.475,14.225,14.36,94415.0,13.820865942337328,14.11035232788181,14.208065609720638,,,,14.075024238608412,,14.218496037040842,"rgba(239, 83, 80, 1.0)",0.22949121163186095,14.218496037040842,0.6165986137462725,6,0.39154023079278094,2.3492413847566858,0.0,0.0,0.0,0.0,68.93045750771188,25.88618945030305,True,False,True,False,False,3.0873689189375533
2025-07-24 15:00:00+00:00,14.355,14.375,14.195,14.325,139087.0,13.82392447247409,14.112373897670821,14.212440045062307,,,,14.07727079887057,,14.21589488056544,"rgba(239, 83, 80, 1.0)",0.22660641753602656,14.21589488056544,0.4814740933681356,5,0.3917609423188021,1.9588047115940106,0.0,0.0,0.0,0.0,61.001084955388606,18.88661016563252,True,False,True,False,False,2.2524785926839925
2025-07-24 16:00:00+00:00,14.325,14.325,14.105,14.125,53188.0,13.82480680374821,14.112671346504898,14.211940784942614,,,,14.077683660604576,,14.222385588170757,"rgba(239, 83, 80, 1.0)",0.22556519602478844,14.222385588170757,-0.43174031227785387,5,0.3955614562020267,1.9778072810101335,0.0,0.0,0.0,0.0,51.86320379499018,10.942163804161936,False,False,False,False,False,0.0
2025-07-24 17:00:00+00:00,14.125,14.285,14.115,14.245,66921.0,13.826002797356706,14.113195952609624,14.212009250301008,,,,14.07834261152951,,14.221409473823517,"rgba(239, 83, 80, 1.0)",0.22550959309222318,14.221409473823517,0.10460985651654708,6,0.4090644167984714,2.4543865007908283,0.0,0.0,0.0,0.0,49.03264773005982,8.795303216671563,False,False,False,True,False,0.3993194752952931
2025-07-24 18:00:00+00:00,14.245,14.37,14.245,14.325,88149.0,13.827962444412295,14.1145383971902,14.214910672616158,,,,14.079818657901773,,14.22407067680432,"rgba(239, 83, 80, 1.0)",0.22282081841057952,14.22407067680432,0.4529618188983674,7,0.3684267378179931,2.5789871647259517,0.0,0.0,0.0,0.0,49.02375780962933,8.795303216671563,False,False,False,True,False,2.1188620584607314
2025-07-24 19:00:00+00:00,14.325,14.405,14.305,14.385,232450.0,13.833597394511191,14.118891578835079,14.225448361346634,,,,14.084465392748928,,14.23118566999305,"rgba(239, 83, 80, 1.0)",0.21775248366938846,14.23118566999305,0.7063723334631865,7,0.3689979862733965,2.5829859039137757,0.0,0.0,0.0,0.0,50.334322482740234,8.795303216671563,False,False,False,False,False,3.382219353142858
2025-07-25 14:00:00+00:00,14.355,14.45,14.315,14.43,48319.0,13.83482645434559,14.11989753508296,14.227935206577978,,,,14.085524874932496,,14.232802079110915,"rgba(239, 83, 80, 1.0)",0.21221096931011474,14.232802079110915,0.9292541357789552,7,0.36875626104010906,2.5812938272807635,0.0,0.0,0.0,0.0,52.169932929541204,8.795303216671563,False,False,True,False,True,4.319875363424309
2025-07-25 15:00:00+00:00,14.435,14.505,14.385,14.45,74065.0,13.836860751175495,14.121690757050636,14.232653948084852,,,,14.087383869892799,,14.236172797400034,"rgba(239, 83, 80, 1.0)",0.2088292547937201,14.236172797400034,1.0239331783814594,7,0.36769109159565266,2.5738376411695687,0.0,0.0,0.0,0.0,53.83168830163235,8.795303216671563,False,False,True,False,True,4.737071555584276
2025-07-25 16:00:00+00:00,14.445,14.52,14.445,14.52,28000.0,13.837686967083965,14.122463627517265,14.23477624856793,,,,14.088175555061053,,14.237766987260798,"rgba(239, 83, 80, 1.0)",0.2074903666493821,14.237766987260798,1.3602222469254184,7,0.36556396068429564,2.5589477247900696,0.0,0.0,0.0,0.0,56.43738483995825,8.795303216671563,True,False,True,False,True,6.187683260928779
2025-07-25 17:00:00+00:00,14.515,14.545,14.465,14.5,27418.0,13.838504233255842,14.123234198393995,14.23688691675672,,,,14.08896362885072,,14.239342050191834,"rgba(239, 83, 80, 1.0)",0.20699725810963684,14.239342050191834,1.2592338284505589,7,0.3637966038542903,2.546576226980032,0.0,0.0,0.0,0.0,57.504349595339406,8.795303216671563,True,False,True,False,True,5.701931103660058
2025-07-25 18:00:00+00:00,14.495,14.505,14.48,14.495,34323.0,13.839509150746611,14.124169184477932,14.239385406042823,,,,14.08992225879152,,14.241147744466454,"rgba(239, 83, 80, 1.0)",0.20558584713102998,14.241147744466454,1.234774956914968,7,0.3631612897970647,2.5421290285794527,0.0,0.0,0.0,0.0,58.034979272993,8.795303216671563,True,False,True,False,True,5.578943853011626
2025-07-25 19:00:00+00:00,14.495,14.53,14.435,14.485,173825.0,13.844474324551088,14.128706362679926,14.25085606451202,,,,14.094589528064304,,14.248984047985445,"rgba(239, 83, 80, 1.0)",0.2049702681143133,14.248984047985445,1.1514643279040193,7,0.3629762315726626,2.5408336210086384,0.0,0.0,0.0,0.0,57.99396972564285,8.795303216671563,True,False,True,False,True,5.32910899328466
2025-07-28 14:00:00+00:00,14.865,14.99,14.865,14.985,139066.0,13.85123300599253,14.13689038181572,14.276082351536461,,,,14.10260079755073,,14.269801691348869,"rgba(38, 166, 154, 1.0)",0.21864245361449244,14.269801691348869,3.2710861812416305,7,0.34703999761325294,2.4292799832927705,0.0,0.0,0.0,0.0,65.40091402251001,8.585245935095465,True,False,True,False,True,14.844955839774094
2025-07-28 15:00:00+00:00,14.985,15.015,14.9,14.99,139525.0,13.85806368885352,14.145153805823712,14.300378663189907,,,,14.110691005831283,,14.2890783932462,"rgba(38, 166, 154, 1.0)",0.23117235487337343,14.2890783932462,3.0320303962718027,6,0.3725981146676576,2.2355886880059455,0.0,0.0,0.0,0.0,70.3779602484037,13.303741590234232,True,False,True,False,True,14.928677377678405
2025-07-28 16:00:00+00:00,14.985,15.05,14.935,14.98,36312.0,13.859859503765069,14.147329129500417,14.306605762135268,,,,14.11282030514817,,14.293938723736684,"rgba(38, 166, 154, 1.0)",0.24294100792862633,14.293938723736684,2.823982999464935,6,0.3597971010355198,2.158782606213119,0.0,0.0,0.0,0.0,73.34364424572641,16.090353568868295,True,False,True,False,True,14.673973544089009
2025-07-28 17:00:00+00:00,14.975,15.005,14.925,14.955,92801.0,13.86431532434503,14.152663175000322,14.321416547812273,,,,14.118051082498122,,14.305308571192706,"rgba(38, 166, 154, 1.0)",0.25371873836640857,14.305308571192706,2.5606757821294255,6,0.3494570177985373,2.0967421067912237,0.0,0.0,0.0,0.0,74.37773096752234,17.196557153598235,True,False,True,False,True,14.030706902788282
2025-07-28 18:00:00+00:00,14.955,14.99,14.905,14.955,35867.0,13.866009622848283,14.154676613698177,14.326861864520104,,,,14.12002779308951,,14.309438921559869,"rgba(38, 166, 154, 1.0)",0.2639010359146038,14.309438921559869,2.446224116562505,5,0.38844467586255516,1.9422233793127757,0.0,0.0,0.0,0.0,75.0671221153863,18.15041093151052,True,False,True,False,True,14.030706902788282
2025-07-28 19:00:00+00:00,14.955,15.035,14.94,15.015,116055.0,13.87169027805201,14.161500601341263,14.345124830529073,,,,14.126716002390458,,14.32330765095376,"rgba(38, 166, 154, 1.0)",0.27533823589212736,14.32330765095376,2.5121550837466446,5,0.3770934312566766,1.885467156283383,0.0,0.0,0.0,0.0,76.29456926186036,19.70103789392313,True,False,True,False,True,15.104396272120546
2025-07-29 14:00:00+00:00,15.075,15.155,15.04,15.04,136724.0,13.878790374411142,14.170171723603467,14.367944028085201,,,,14.135193082938034,,14.340683101134314,"rgba(38, 166, 154, 1.0)",0.28683529505019345,14.340683101134314,2.4380434030732223,5,0.36624016955677713,1.8312008477838857,0.0,0.0,0.0,0.0,77.42336357559734,21.187529113204576,True,False,True,False,True,15.549524879097039
2025-07-29 15:00:00+00:00,15.045,15.085,14.995,15.075,70859.0,13.882356244435618,14.174471360318368,14.378797133058255,,,,14.139404747521002,,14.348850576570038,"rgba(38, 166, 154, 1.0)",0.29849686493902067,14.348850576570038,2.4326869348470526,5,0.35556192271449777,1.7778096135724888,0.0,0.0,0.0,0.0,78.61329150762035,22.736823650069454,True,False,True,False,True,16.1740664439944
2025-07-29 16:00:00+00:00,15.075,15.085,15.0,15.015,44602.0,13.884554655907428,14.177100195049709,14.385272274861489,,,,14.141983095464568,,14.353694319660468,"rgba(38, 166, 154, 1.0)",0.30782933729738443,14.353694319660468,2.1482867297364376,5,0.3477404800244804,1.7387024001224018,0.0,0.0,0.0,0.0,76.41651273326082,22.736823650069454,True,False,True,False,True,14.528838423559613
2025-07-29 17:00:00+00:00,15.015,15.175,14.985,15.085,55257.0,13.887380730302846,14.180517388912918,14.393703942700705,,,,14.145328927969494,,14.360042444104346,"rgba(38, 166, 154, 1.0)",0.31788256373127893,14.360042444104346,2.2805829529816406,5,0.3389252375894644,1.6946261879473221,0.0,0.0,0.0,0.0,76.13555376308005,22.736823650069454,True,False,True,False,True,15.800562995915495
2025-07-29 18:00:00+00:00,15.085,15.235,15.085,15.195,70774.0,13.891252288425838,14.185290025317952,14.405584047526574,,,,14.149988255255622,,14.369078743640674,"rgba(38, 166, 154, 1.0)",0.33041043272587606,14.369078743640674,2.4996827416903895,5,0.3284255535014683,1.6421277675073416,0.0,0.0,0.0,0.0,77.4402974230845,22.736823650069454,True,False,True,False,True,17.731762489195347
2025-07-29 19:00:00+00:00,15.195,15.215,15.125,15.17,112335.0,13.897341726382649,14.192759022544385,14.423673755100218,,,,14.157285539756932,,14.382798099675687,"rgba(38, 166, 154, 1.0)",0.3417865357735483,14.382798099675687,2.3031975163757634,5,0.3212478328166361,1.6062391640831806,0.0,0.0,0.0,0.0,77.11586788810631,22.736823650069454,True,False,True,False,True,17.035479015813408
2025-07-30 14:00:00+00:00,14.975,15.01,14.89,15.005,103497.0,13.902020045401178,14.198141294744753,14.43529553072111,,,,14.162596365694391,,14.432735101520302,"rgba(38, 166, 154, 1.0)",0.3480986709034263,14.432735101520302,1.6439732360784076,5,0.3195003906939419,1.5975019534697097,0.0,0.0,0.0,0.0,70.54187653810462,25.389308850330224,True,False,True,False,False,12.605450128385758
2025-07-30 15:00:00+00:00,15.005,15.075,14.975,15.07,90362.0,13.906343623164839,14.203211389499353,14.446354948550104,,,,14.167584030971973,,14.442393567167688,"rgba(38, 166, 154, 1.0)",0.35508009501226806,14.442393567167688,1.7675066601822005,5,0.31732689382647583,1.5866344691323793,0.0,0.0,0.0,0.0,67.57287524525631,22.677430542851653,True,False,True,False,False,13.789795717173412
2025-07-30 16:00:00+00:00,15.065,15.12,15.05,15.09,65383.0,13.90957953204947,14.207044506183781,14.454717717398593,,,,14.171348890502642,,14.449558572691789,"rgba(38, 166, 154, 1.0)",0.36274270533026287,14.449558572691789,1.7655528778314495,5,0.3134696014390438,1.567348007195219,0.0,0.0,0.0,0.0,66.0194991040479,21.239768514496873,False,False,True,False,False,14.152427289076897
2025-07-30 17:00:00+00:00,15.095,15.155,15.075,15.125,54915.0,13.91235643391151,14.210353301577948,14.461918228977726,,,,14.174595810464444,,14.455665167235768,"rgba(38, 166, 154, 1.0)",0.372010510362097,14.455665167235768,1.799236349835207,5,0.3088881863816857,1.5444409319084285,0.0,0.0,0.0,0.0,65.74469867454548,20.857694383753085,False,False,True,False,False,14.78940854086925
2025-07-30 18:00:00+00:00,15.125,15.155,15.045,15.09,81820.0,13.916396352840023,14.21512229289961,14.472016616267204,,,,14.179282309762591,,14.463632463304062,"rgba(38, 166, 154, 1.0)",0.379819871959306,14.463632463304062,1.6491173393977838,5,0.3032500452555301,1.5162502262776507,0.0,0.0,0.0,0.0,64.15437622019883,19.153229177678313,False,False,True,False,False,13.840404972293662
2025-07-30 19:00:00+00:00,15.095,15.135,14.985,15.125,163613.0,13.924291128618117,14.224346742944403,14.490813601807838,,,,14.188361403216403,,14.477811549046987,"rgba(38, 166, 154, 1.0)",0.38816943918031777,14.477811549046987,1.6672833706838335,5,0.2977246905068309,1.4886234525341546,0.0,0.0,0.0,0.0,63.97742428140965,18.720966953362876,False,False,True,False,False,14.492968067058897
2025-07-31 14:00:00+00:00,15.505,15.645,15.28,15.365,70667.0,13.92868435895027,14.229864705274833,14.503156379451086,,,,14.193733722286122,,14.551029251679982,"rgba(38, 166, 154, 1.0)",0.40251090299155434,14.551029251679982,2.022232794864436,5,0.28865702592081943,1.4432851296040972,0.0,0.0,0.0,0.0,68.02744727400193,18.720966953362876,False,False,True,False,True,18.696464616712003
2025-07-31 15:00:00+00:00,15.365,15.375,14.975,15.035,68200.0,13.932052914226773,14.233815758726866,14.510986314973591,,,,14.197620146301132,,14.5493361962698,"rgba(38, 166, 154, 1.0)",0.4080764369311566,14.5493361962698,1.190129494813571,5,0.2858483804721772,1.429241902360886,0.0,0.0,0.0,0.0,61.91852338405347,17.16619595355428,False,True,True,False,False,10.374783265547606
2025-07-31 16:00:00+00:00,15.035,15.295,15.025,15.195,51098.0,13.934655365973057,14.236895645533226,14.517128315525001,,,,14.200645476759238,,14.552495500332942,"rgba(38, 166, 154, 1.0)",0.41674076458263015,14.552495500332942,1.5417366244709296,5,0.28049475764556053,1.4024737882278027,0.0,0.0,0.0,0.0,60.51518459155592,15.982735585784567,False,True,True,False,False,13.094940390381826
2025-07-31 17:00:00+00:00,15.195,15.245,15.135,15.205,22674.0,13.93582838610285,14.238289783018095,14.519913168914716,,,,14.202014026147516,,14.554324052477057,"rgba(38, 166, 154, 1.0)",0.42437235052715533,14.554324052477057,1.5332665917434858,5,0.27516067522550725,1.3758033761275361,0.0,0.0,0.0,0.0,59.735682156975486,15.20320354671884,False,True,True,False,False,13.260672939981077
2025-07-31 18:00:00+00:00,15.205,15.345,15.18,15.335,65566.0,13.939454177345022,14.242682540556936,14.528915029315058,,,,14.206313699243568,,14.562039095095281,"rgba(38, 166, 154, 1.0)",0.4350336219791567,14.562039095095281,1.7767842894261483,4,0.3103191003498565,1.241276401399426,0.0,0.0,0.0,0.0,61.158577468536166,15.20320354671884,False,True,True,False,False,15.378082555079843
2025-07-31 19:00:00+00:00,15.335,15.355,15.165,15.225,126295.0,13.946186529940006,14.250734161930218,14.544824421185345,,,,14.214210015939411,,14.574288213662395,"rgba(38, 166, 154, 1.0)",0.44183301643773365,14.574288213662395,1.4727550050106029,4,0.3047602093350834,1.2190408373403336,0.0,0.0,0.0,0.0,59.60869555579235,14.890215847133547,False,True,True,False,False,12.778786084367692
2025-08-01 14:00:00+00:00,15.005,15.02,14.715,14.865,32112.0,13.947388781397365,14.251985478696227,14.546623960041357,,,,14.215464732227685,,14.573635092011049,"rgba(239, 83, 80, 1.0)",0.4425870912412448,14.573635092011049,0.6583222008843781,4,0.3033864655523159,1.2135458622092636,0.0,0.0,0.0,0.0,52.90059692062201,8.571540934483927,False,True,False,False,False,5.086818017319622
2025-08-01 15:00:00+00:00,14.865,14.975,14.765,14.89,73295.0,13.950150889704577,14.254868782293844,14.550782949638776,,,,14.218354299974523,,14.573080884295697,"rgba(239, 83, 80, 1.0)",0.44336237796891526,14.573080884295697,0.7148083180989323,4,0.3018578916379754,1.2074315665519015,0.0,0.0,0.0,0.0,48.89239523007117,4.986552834846968,False,True,False,True,False,5.51826752026324
2025-08-01 16:00:00+00:00,14.89,14.96,14.835,14.915,82364.0,13.953324006456223,14.258214848372615,14.5557055575409,,,,14.221701730437262,,14.573834915030162,"rgba(239, 83, 80, 1.0)",0.44405027716318585,14.573834915030162,0.7683028308176495,4,0.3001919985774808,1.2007679943099232,0.0,0.0,0.0,0.0,46.71725051417253,3.056012984532032,False,True,False,True,False,5.9530672041133315
2025-08-01 17:00:00+00:00,14.915,14.945,14.855,14.905,46293.0,13.955095099463687,14.260075583211382,14.558399474759762,,,,14.223564278359808,,14.574466478946054,"rgba(239, 83, 80, 1.0)",0.44128293716241146,14.574466478946054,0.7490285556459095,4,0.29866203429755345,1.1946481371902138,0.0,0.0,0.0,0.0,45.10869289219009,1.5113077399070391,False,True,False,True,False,5.746824805854047
2025-08-01 18:00:00+00:00,14.905,14.93,14.825,14.855,64310.0,13.957462599192825,14.26251601388054,14.561734089382321,,,,14.226014808239904,,14.57505282295628,"rgba(239, 83, 80, 1.0)",0.43850865195329103,14.57505282295628,0.6384074197777503,4,0.29768356688487274,1.190734267539491,0.0,0.0,0.0,0.0,43.20730292258876,-0.41518230513407417,False,True,False,True,False,4.710716197862084
2025-08-01 19:00:00+00:00,14.855,14.895,14.805,14.81,96134.0,13.96085045927214,14.265929710740323,14.566063010114492,,,,14.229455713818167,,14.575581973821176,"rgba(239, 83, 80, 1.0)",0.4360146393939325,14.575581973821176,0.5376379712953426,4,0.2971716930030831,1.1886867720123324,0.0,0.0,0.0,0.0,41.1949310893662,-2.4974815942069313,False,True,False,True,False,3.7823375898155867
2025-08-04 14:00:00+00:00,14.56,14.665,14.48,14.62,54459.0,13.962217191158441,14.267011970073758,14.56625989665788,,,,14.23059762942519,,14.58916573914234,"rgba(239, 83, 80, 1.0)",0.43160618728298655,14.58916573914234,0.07144072945701943,4,0.29730045432730895,1.1892018173092358,0.0,0.0,0.0,0.0,37.224338235327444,-6.3680722272430685,False,True,False,True,False,0.01799717685911162
2025-08-04 15:00:00+00:00,14.625,14.74,14.615,14.735,89885.0,13.964848079677477,14.269379355573838,14.568135391571179,,,,14.233032526465378,,14.59091469572883,"rgba(239, 83, 80, 1.0)",0.4269892713381612,14.59091469572883,0.3374447882955307,4,0.29724272142862185,1.1889708857144874,0.0,0.0,0.0,0.0,37.553106811608735,-6.3680722272430685,False,True,False,True,False,2.1673336116274697
2025-08-04 16:00:00+00:00,14.735,14.735,14.635,14.665,57705.0,13.966485100315635,14.27082086188051,14.569143538945147,,,,14.234521050631127,,14.590192928371831,"rgba(239, 83, 80, 1.0)",0.42080641159099813,14.590192928371831,0.17777075055804212,4,0.29770940151652703,1.1908376060661081,0.0,0.0,0.0,0.0,36.75881075521376,-7.265554167098244,False,True,False,True,False,0.817467294132399
2025-08-04 17:00:00+00:00,14.665,14.745,14.605,14.725,66171.0,13.96838805754287,14.272515072831002,14.570415548997067,,,,14.23626667052533,,14.589710418294914,"rgba(239, 83, 80, 1.0)",0.41708933517122015,14.589710418294914,0.324365957833825,4,0.2975789209921149,1.1903156839684597,0.0,0.0,0.0,0.0,37.76921679253877,-7.265554167098244,False,True,False,True,False,1.9353385205426044
2025-08-04 18:00:00+00:00,14.725,14.895,14.725,14.855,33957.0,13.96954003393121,14.273654089962578,14.571764693106697,,,,14.237418067736684,,14.591082738850442,"rgba(239, 83, 80, 1.0)",0.4120838058734177,14.591082738850442,0.6404456020546152,4,0.2966165202585663,1.186466081034265,0.0,0.0,0.0,0.0,41.41301671480421,-7.265554167098244,False,True,False,True,True,4.291094289811436
2025-08-04 19:00:00+00:00,14.855,14.965,14.855,14.925,131614.0,13.974442533474459,14.278738240694407,14.578672834021791,,,,14.2425156181163,,14.598754470001225,"rgba(239, 83, 80, 1.0)",0.4084845426961463,14.598754470001225,0.7986728894205805,4,0.29528185990467515,1.1811274396187006,0.0,0.0,0.0,0.0,45.24907196397824,-10.471895934802475,False,True,False,True,True,5.521927652073046
2025-08-05 14:00:00+00:00,14.99,15.005,14.755,14.775,28994.0,13.975435837274418,14.279725409897672,14.579848460696745,,,,14.243512474010178,,14.599584814945644,"rgba(239, 83, 80, 1.0)",0.40266698735153517,14.599584814945644,0.435633390778113,4,0.2947957536629498,1.1791830146517992,0.0,0.0,0.0,0.0,44.886773872779976,-10.471895934802475,False,True,False,True,True,2.569473709124871
2025-08-05 15:00:00+00:00,14.775,14.985,14.76,14.96,57154.0,13.977514416934591,14.281855374296992,14.58262459464524,,,,14.245652103447027,,14.602028665059866,"rgba(239, 83, 80, 1.0)",0.3996516163040926,14.602028665059866,0.8957084629122503,4,0.2932435652835115,1.172974261134046,0.0,0.0,0.0,0.0,48.12128734494919,-7.5088184726638545,False,True,False,False,True,5.7643435967860945
2025-08-05 16:00:00+00:00,14.955,15.03,14.835,14.875,56207.0,13.97957516845343,14.2839750270594,14.585406552005875,,,,14.247779936699718,,14.604445110176488,"rgba(239, 83, 80, 1.0)",0.39372335602697095,14.604445110176488,0.6871700286050032,4,0.29244673109512065,1.1697869243804826,0.0,0.0,0.0,0.0,48.67567432616523,-6.80070410989093,False,True,False,False,True,4.127969196926749
2025-08-05 17:00:00+00:00,14.875,14.925,14.85,14.905,33424.0,13.980770159811593,14.285188922447297,14.586939238062826,,,,14.249001022977538,,14.605647111211647,"rgba(239, 83, 80, 1.0)",0.3919694670036474,14.605647111211647,0.7637148145153013,4,0.2913916419287821,1.1655665677151283,0.0,0.0,0.0,0.0,49.61060130207608,-5.641829169932521,False,True,False,False,True,4.641370109050278
2025-08-05 18:00:00+00:00,14.905,15.075,14.905,15.04,53774.0,13.982924122450472,14.287493841695436,14.590273679321804,,,,14.251299742924227,,14.609007676849094,"rgba(239, 83, 80, 1.0)",0.3906322779502962,14.609007676849094,1.1033197907054269,4,0.28942121458930414,1.1576848583572166,0.0,0.0,0.0,0.0,52.595446490540695,-2.6020445844435756,False,True,True,False,True,6.906402797144086
2025-08-05 19:00:00+00:00,15.045,15.115,15.03,15.095,100546.0,13.987214170188269,14.292199727214127,14.59744167911435,,,,14.255974313000815,,14.6165539595543,"rgba(239, 83, 80, 1.0)",0.3876573554381329,14.6165539595543,1.2341982777676364,4,0.28735629509927063,1.1494251803970825,0.0,0.0,0.0,0.0,55.451698578295876,0.21164315163102287,False,True,True,False,True,7.805677803099236
2025-08-06 14:00:00+00:00,15.485,15.505,15.345,15.415,72461.0,13.991245320264682,14.297012520692745,14.606045131264088,,,,14.260693919079822,,14.678309902898942,"rgba(38, 166, 154, 1.0)",0.3903030354218656,14.678309902898942,1.8874823668865228,4,0.28165078884150707,1.1266031553660283,0.0,0.0,0.0,0.0,61.123827305351426,5.4989200379720415,False,False,True,False,True,12.691052451901523
2025-08-06 15:00:00+00:00,15.415,15.445,15.225,15.265,61131.0,13.99436840732614,14.300646985681967,14.612204671130945,,,,14.264271500663343,,14.682536374003206,"rgba(38, 166, 154, 1.0)",0.38841114326996296,14.682536374003206,1.4996058586093566,4,0.2782241802964803,1.112896721185921,0.0,0.0,0.0,0.0,61.69084825230736,5.987930002870257,False,False,True,False,True,9.743989535426422
2025-08-06 16:00:00+00:00,15.265,15.315,15.22,15.295,57129.0,13.997196520815319,14.303903288533862,14.61758133899253,,,,14.267481935686634,,14.686725350562392,"rgba(38, 166, 154, 1.0)",0.3859484398184071,14.686725350562392,1.5760515827549588,4,0.2745637082169039,1.0982548328676156,0.0,0.0,0.0,0.0,62.429088672624886,6.830536082616575,True,False,True,False,True,10.188508263202376
2025-08-06 17:00:00+00:00,15.295,15.315,15.055,15.065,35551.0,13.998769687964465,14.305645924275822,14.620223823036373,,,,14.269210195001301,,14.687601034661217,"rgba(38, 166, 154, 1.0)",0.37918416453050324,14.687601034661217,0.9952919996173072,4,0.2731455513230529,1.0925822052922116,0.0,0.0,0.0,0.0,58.650951655672124,6.830536082616575,False,False,True,False,False,5.878452562822481
2025-08-06 18:00:00+00:00,15.065,15.085,14.835,14.875,131660.0,14.003481025365746,14.310412778071418,14.625897346032318,,,,14.274007044018997,,14.683834274605033,"rgba(239, 83, 80, 1.0)",0.36961204399089703,14.683834274605033,0.5172064290190584,4,0.2735042026149813,1.0940168104599253,0.0,0.0,0.0,0.0,53.457476471510276,9.49075859803127,False,True,True,False,False,2.570215983989037
2025-08-06 19:00:00+00:00,14.875,14.885,14.765,14.835,173017.0,14.008919147107115,14.315543955774636,14.630630198274728,,,,14.279232041602747,,14.679218790737647,"rgba(239, 83, 80, 1.0)",0.3606752675866685,14.679218790737647,0.4319154188328725,4,0.27377415152006596,1.0950966060802638,0.0,0.0,0.0,0.0,49.480309398412835,5.892474201872119,False,True,False,True,False,1.8945383635681914
2025-08-07 14:00:00+00:00,14.995,15.025,14.735,14.745,51878.0,14.01054893865316,14.31708249631384,14.632052895657921,,,,14.280798370153548,,14.678631268784127,"rgba(239, 83, 80, 1.0)",0.35174542903485423,14.678631268784127,0.1886839905723297,4,0.2747373270893341,1.0989493083573365,0.0,0.0,0.0,0.0,45.676947518574536,2.4554468311197795,False,True,False,True,False,0.38690108476176377
2025-08-07 15:00:00+00:00,14.75,14.79,14.715,14.76,31226.0,14.011431944052507,14.317861809493133,14.63256591210645,,,,14.281601432806362,,14.677729606343243,"rgba(239, 83, 80, 1.0)",0.342609658910028,14.677729606343243,0.24012864645582344,4,0.2756056763998253,1.1024227055993012,0.0,0.0,0.0,0.0,43.458532613868,0.42218753019710675,False,True,False,True,False,0.6348678072593188
2025-08-07 16:00:00+00:00,14.76,14.965,14.76,14.865,30056.0,14.012403428425655,14.318794555407607,14.633489039287168,,,,14.282548142333315,,14.677757450421353,"rgba(239, 83, 80, 1.0)",0.3315493930021106,14.677757450421353,0.5647500901244448,4,0.27627902005291577,1.105116080211663,0.0,0.0,0.0,0.0,44.17341692759611,0.42218753019710675,False,True,False,True,False,2.3592386683145143
2025-08-07 17:00:00+00:00,14.865,14.905,14.77,14.83,34031.0,14.013464186929058,14.319792065604307,14.634397626536327,,,,14.283564232687352,,14.677596790712816,"rgba(239, 83, 80, 1.0)",0.32183254836833664,14.677596790712816,0.47354815434254777,4,0.2772586260007507,1.1090345040030027,0.0,0.0,0.0,0.0,44.058686867304374,0.42218753019710675,False,True,False,True,False,1.7538778371144659
2025-08-07 18:00:00+00:00,14.83,14.835,14.72,14.725,30812.0,14.014334786978925,14.320560910308808,14.63490829806303,,,,14.284356304963842,,14.676940808869023,"rgba(239, 83, 80, 1.0)",0.31291153802744254,14.676940808869023,0.15358714937114723,3,0.24751814070808706,0.7425544221242611,0.0,0.0,0.0,0.0,42.28672341222039,-1.4483203310023214,False,True,False,True,False,0.0
2025-08-07 19:00:00+00:00,14.725,14.75,14.675,14.71,114853.0,14.017352974542149,14.32309066952008,14.636054231721726,,,,14.286988046934544,,14.673708506810495,"rgba(239, 83, 80, 1.0)",0.3050382932689431,14.673708506810495,0.11897356492716936,3,0.25009474179247326,0.7502842253774198,0.0,0.0,0.0,0.0,40.86895969833462,-3.16046264873313,False,True,False,True,False,0.0
2025-08-08 14:00:00+00:00,14.975,15.05,14.68,14.845,77677.0,14.01980753218669,14.325421926207564,14.638276105979086,,,,14.289358019980828,,14.674378979215641,"rgba(239, 83, 80, 1.0)",0.2961555471507802,14.674378979215641,0.5761196183081868,3,0.25204553359808696,0.7561366007942609,0.0,0.0,0.0,0.0,43.15413929182117,-3.16046264873313,False,True,False,True,False,1.9825527540326924
2025-08-08 15:00:00+00:00,14.845,14.945,14.825,14.915,53884.0,14.021575929809677,14.327137659675168,14.640043988832595,,,,14.291095741716136,,14.675302568401213,"rgba(239, 83, 80, 1.0)",0.28936918032608944,14.675302568401213,0.8283447163539396,3,0.2543885150171925,0.7631655450515775,0.0,0.0,0.0,0.0,46.13436619584638,-3.16046264873313,False,True,False,True,True,3.1334771263835037
2025-08-08 16:00:00+00:00,14.915,14.965,14.91,14.955,32872.0,14.02271074275019,14.328267934766565,14.641312779549379,,,,14.292235405838195,,14.676199380429017,"rgba(239, 83, 80, 1.0)",0.2824614300387406,14.676199380429017,0.9870396093822256,3,0.2569518986822514,0.7708556960467541,0.0,0.0,0.0,0.0,48.93561791226877,-6.7894628308442435,False,True,False,False,True,3.787976661603924
2025-08-08 17:00:00+00:00,14.955,14.98,14.845,14.955,77878.0,14.025339670710753,14.330857111153989,14.644113192983289,,,,14.294850878508484,,14.678037246062667,"rgba(239, 83, 80, 1.0)",0.28002617316552547,14.678037246062667,0.9890602396427369,3,0.26034949969919363,0.7810484990975809,0.0,0.0,0.0,0.0,50.80311905655036,-4.888179247146397,False,False,False,False,True,3.787976661603924
2025-08-08 18:00:00+00:00,14.955,14.98,14.85,14.865,31357.0,14.026360737105426,14.331844032179843,14.645113781034263,,,,14.295850946859014,,14.678595755058064,"rgba(239, 83, 80, 1.0)",0.2782939498490651,14.678595755058064,0.6698106266522659,3,0.26284376729513154,0.7885313018853946,0.0,0.0,0.0,0.0,49.74262020733275,-4.888179247146397,False,False,False,False,True,2.142073110477561
2025-08-08 19:00:00+00:00,14.865,14.915,14.82,14.875,81149.0,14.028906604512136,14.334255276963015,14.647381324491443,,,,14.298302717437966,,14.679603830435374,"rgba(239, 83, 80, 1.0)",0.27615501913719814,14.679603830435374,0.7075597256030683,3,0.2665947454131851,0.7997842362395553,0.0,0.0,0.0,0.0,49.30807692999731,-4.888179247146397,False,False,False,False,True,2.314230331278214
2025-08-11 14:00:00+00:00,14.715,14.725,14.515,14.53,57324.0,14.030100160114872,14.3350621788388,14.646975503726818,,,,14.29917998643518,,14.677320757608873,"rgba(239, 83, 80, 1.0)",0.27783245648042176,14.677320757608873,-0.5302503511473482,3,0.26991806562872656,0.8097541968861797,0.0,0.0,0.0,0.0,42.92786292266748,-1.5401732643424069,False,True,False,True,False,0.0
2025-08-11 15:00:00+00:00,14.525,14.66,14.515,14.605,56059.0,14.031269395848419,14.33585661839884,14.64660704781076,,,,14.300042582801431,,14.675248306256202,"rgba(239, 83, 80, 1.0)",0.278406776737573,14.675248306256202,-0.2523225442979008,4,0.3021284270676503,1.2085137082706012,0.0,0.0,0.0,0.0,40.64041210023311,-3.657585008424647,False,True,False,True,False,0.0
2025-08-11 16:00:00+00:00,14.605,14.645,14.545,14.6,33953.0,14.031979389823457,14.336341609464107,14.646400147636017,,,,14.300568481846504,,14.67406837587645,"rgba(239, 83, 80, 1.0)",0.2788836012804169,14.67406837587645,-0.26558885332943916,5,0.26479008570672496,1.3239504285336248,0.0,0.0,0.0,0.0,39.039771692399086,-5.217416480983594,False,True,False,True,False,0.0
2025-08-11 17:00:00+00:00,14.605,14.615,14.525,14.575,62547.0,14.033224959362379,14.337144988956327,14.645834103098672,,,,14.30145102264572,,14.671713814199473,"rgba(239, 83, 80, 1.0)",0.2746904400191414,14.671713814199473,-0.3520829272133901,4,0.27905645819808844,1.1162258327923538,0.0,0.0,0.0,0.0,37.564160309531644,-6.749061480052937,False,True,False,True,False,0.0
2025-08-11 18:00:00+00:00,14.575,14.595,14.515,14.545,40525.0,14.033999052708332,14.337618446160876,14.645374242042472,,,,14.301977675105254,,14.670114174109747,"rgba(239, 83, 80, 1.0)",0.26994285347868724,14.670114174109747,-0.46348392816268846,3,0.25583225070090454,0.7674967521027136,0.0,0.0,0.0,0.0,36.071284172809044,-8.355982645889107,False,True,False,True,False,0.0
2025-08-11 19:00:00+00:00,14.545,14.575,14.505,14.505,49439.0,14.034897867927144,14.33813056768165,14.644681086754204,,,,14.302557415987684,,14.672520583495892,"rgba(239, 83, 80, 1.0)",0.2590934820340037,14.672520583495892,-0.6465642523338573,3,0.2578494035618902,0.7735482106856706,0.0,0.0,0.0,0.0,34.39135200962926,-10.163819738635674,False,True,False,True,False,0.0
2025-08-12 14:00:00+00:00,14.665,14.88,14.665,14.84,30592.0,14.035752091370322,14.338888442890143,14.64522993976795,,,,14.303336615427279,,14.677732791644797,"rgba(239, 83, 80, 1.0)",0.24838713970583065,14.677732791644797,0.65328345319077,3,0.2615624940093802,0.7846874820281406,0.0,0.0,0.0,0.0,41.755904720997535,-14.125726516882217,False,True,False,True,True,1.9156422250850547
2025-08-12 15:00:00+00:00,14.835,14.895,14.785,14.805,44456.0,14.037044372953783,14.340065469424813,14.646196353450625,,,,14.304541026276159,,14.681690649896648,"rgba(239, 83, 80, 1.0)",0.23981650267449905,14.681690649896648,0.5141820880889014,4,0.3135487224869652,1.2541948899478608,0.0,0.0,0.0,0.0,45.882820728629156,-10.455790771631165,False,False,False,True,True,1.3071255394966101
2025-08-12 16:00:00+00:00,14.805,14.91,14.54,14.775,358573.0,14.046190616163873,14.347707018325403,14.650094665349817,,,,14.312482641115244,,14.681955621824006,"rgba(239, 83, 80, 1.0)",0.23282880460184824,14.681955621824006,0.3996257178535367,4,0.31916495081849666,1.2766598032739866,0.0,0.0,0.0,0.0,47.938535960323435,-8.644569971019465,False,False,False,False,True,0.7827345418261658
2025-08-12 17:00:00+00:00,14.775,14.86,14.755,14.855,27339.0,14.046958972347683,14.348396031805073,14.650632325869486,,,,14.313189284672351,,14.682476376007305,"rgba(239, 83, 80, 1.0)",0.22641918789873433,14.682476376007305,0.7619655630504985,4,0.32546920192124645,1.3018768076849858,0.0,0.0,0.0,0.0,50.96567050820943,-5.81330107656121,True,False,True,False,True,2.1450936332257804
2025-08-12 18:00:00+00:00,14.855,14.9,14.825,14.855,51274.0,14.048463791413862,14.34978225122852,14.651843947253129,,,,14.314604207569328,,14.683832741507427,"rgba(239, 83, 80, 1.0)",0.22024863100490205,14.683832741507427,0.7771546988129246,4,0.3324568559396697,1.329827423758679,0.0,0.0,0.0,0.0,52.98376020680009,-3.8512155026325345,True,False,True,False,True,2.145093633225791
2025-08-12 19:00:00+00:00,14.855,14.895,14.815,14.835,145445.0,14.05264131032663,14.353584881631251,14.655017360550124,,,,14.318493245412924,,14.686827577231586,"rgba(239, 83, 80, 1.0)",0.21572605250595955,14.686827577231586,0.6868545595081583,4,0.34087331659303355,1.3634932663721342,0.0,0.0,0.0,0.0,53.725619710734136,-2.945985560498265,True,False,True,False,True,1.7782233279948159
2025-08-13 14:00:00+00:00,14.975,15.165,14.935,14.945,89321.0,14.055718117559884,14.356668593608443,14.65855275265135,,,,14.32159610642712,,14.719521817102688,"rgba(239, 83, 80, 1.0)",0.21031535737939872,14.719521817102688,1.0720956648475295,4,0.34849392398553497,1.3939756959421399,1.0,0.0,15.165,585.0,56.67192552704769,0.0771109654813742,True,False,True,False,True,3.681675616121332
2025-08-13 15:00:00+00:00,14.945,15.015,14.785,14.785,54754.0,14.057294576210822,14.358107764092189,14.659768242217613,,,,14.323066946280703,,14.717534633767063,"rgba(239, 83, 80, 1.0)",0.20504943372354176,14.717534633767063,0.3290200075553387,4,0.35689032214785155,1.4275612885914062,0.0,0.0,0.0,0.0,54.21909540926832,0.0771109654813742,True,False,True,False,True,0.7586334081264816
2025-08-13 16:00:00+00:00,14.785,14.885,14.76,14.86,53458.0,14.05877695316488,14.359430986744293,14.660786109592308,14.834999999999997,,,14.324424545789558,,14.716490735679196,"rgba(239, 83, 80, 1.0)",0.19874946880791033,14.716490735679196,0.7220611213784115,4,0.36574315642247346,1.4629726256898938,0.0,0.0,0.0,0.0,54.28135718264841,0.0771109654813742,True,False,True,False,True,2.054836911750211
2025-08-13 17:00:00+00:00,14.855,14.95,14.855,14.93,47551.0,14.060220555716008,14.360790594182802,14.662075707071562,14.871091602398463,,,14.325806518305452,,14.717572137752006,"rgba(239, 83, 80, 1.0)",0.19863026451690868,14.717572137752006,1.0694637232883037,4,0.3768057473312124,1.5072229893248497,0.0,0.0,0.0,0.0,55.77315382525355,0.0771109654813742,True,False,True,False,True,3.2479247017565456
2025-08-13 18:00:00+00:00,14.935,15.005,14.925,14.96,34252.0,14.06132030542382,14.361857273062574,14.663187045743529,14.89444987838327,,,14.326885393910187,,14.718991654350997,"rgba(38, 166, 154, 1.0)",0.19852832416451463,14.718991654350997,1.21397461376487,4,0.38671264037801845,1.5468505615120738,0.0,0.0,0.0,0.0,57.372383423355544,1.6979053711402514,True,False,True,False,True,3.7575044553854084
2025-08-13 19:00:00+00:00,14.965,15.065,14.965,15.055,112867.0,14.065185096738702,14.365722592197761,14.667572442332276,14.95534999408907,,,14.33077525716458,,14.72538178042054,"rgba(38, 166, 154, 1.0)",0.1989981212281348,14.72538178042054,1.6563886007827204,3,0.4822839088120374,1.4468517264361123,0.0,0.0,0.0,0.0,60.21902242985338,4.655639466723066,True,False,True,False,True,5.355734660149174
2025-08-14 14:00:00+00:00,14.855,14.975,14.83,14.89,21714.0,14.06582520739398,14.36631619955283,14.668104397146294,14.950761902644263,,,14.331380122869385,,14.72565023587803,"rgba(38, 166, 154, 1.0)",0.19901106855017014,14.72565023587803,0.8258322781706915,3,0.493815816702086,1.481447450106258,0.0,0.0,0.0,0.0,57.5183197031934,4.655639466723066,True,False,True,False,False,2.2830450023928286
2025-08-14 15:00:00+00:00,14.895,14.975,14.83,14.95,33328.0,14.066829334955345,14.36725888986221,14.668986634776354,14.947196974194894,,,14.332338666169864,,14.726271050787876,"rgba(38, 166, 154, 1.0)",0.199001720306031,14.726271050787876,1.1242563575232727,3,0.506602377994304,1.519807133982912,0.0,0.0,0.0,0.0,56.97668768568319,4.655639466723066,True,False,True,False,False,3.300370581030272
2025-08-14 16:00:00+00:00,14.945,14.995,14.915,14.995,45623.0,14.068280553851904,14.368660751863672,14.670424459920916,14.949961663030315,,,14.333757287595311,,14.727744171369967,"rgba(38, 166, 154, 1.0)",0.1988927684291423,14.727744171369967,1.3437181791013453,3,0.5163505666833882,1.5490517000501645,0.0,0.0,0.0,0.0,57.532927803635744,4.655639466723066,True,False,True,False,False,4.059911530118452
2025-08-14 17:00:00+00:00,14.995,15.115,14.955,15.115,46216.0,14.06989783021865,14.370294170906824,14.672318886678822,14.963031133467842,,,14.335398325712548,,14.730301283172759,"rgba(38, 166, 154, 1.0)",0.19966751642966934,14.730301283172759,1.926696558890425,3,0.5248529304965871,1.5745587914897614,0.0,0.0,0.0,0.0,60.07720171689549,5.120522205023924,True,False,True,False,True,6.0475021651169705
2025-08-14 18:00:00+00:00,15.115,15.115,15.045,15.095,22761.0,14.070711085362918,14.371122843818135,14.673300660108586,14.969676257270743,,,14.336229685388862,,14.731646942077074,"rgba(38, 166, 154, 1.0)",0.19988289364336895,14.731646942077074,1.8178296866725445,3,0.5266328456059496,1.5798985368178489,0.0,0.0,0.0,0.0,61.14965939115057,6.364097435798939,True,False,True,False,True,5.663146709403957
2025-08-14 19:00:00+00:00,15.095,15.155,15.095,15.135,70053.0,14.073312523416805,14.37381537535398,14.6766082094099,14.992459939363249,,,14.338924295296072,,14.736318694941556,"rgba(38, 166, 154, 1.0)",0.20108216240161958,14.736318694941556,1.9826786239853615,3,0.5261875190337876,1.5785625571013626,0.0,0.0,0.0,0.0,62.60713261164325,7.976761048629172,True,False,True,False,True,6.327774440175716
2025-08-15 14:00:00+00:00,15.115,15.135,15.005,15.11,40610.0,14.074750661755354,14.37527492714826,14.67831486083138,14.999443546611708,,,14.340389425311686,,14.738452891473006,"rgba(38, 166, 154, 1.0)",0.2013672410444188,14.738452891473006,1.845121910594361,3,0.5270576057679447,1.581172817303834,0.0,0.0,0.0,0.0,62.68498123258676,8.33136152109492,True,False,True,False,True,5.83362271699529
2025-08-15 15:00:00+00:00,15.105,15.165,15.095,15.105,43835.0,14.076357244982031,14.376928592769689,14.68031388349387,15.00880568195321,,,14.342045714062229,,14.771350250362634,"rgba(38, 166, 154, 1.0)",0.20001745419352082,14.771350250362634,1.6681031712090186,3,0.5265178027552181,1.5795534082656544,0.0,0.0,0.0,0.0,62.54576497052971,8.529489606266083,True,False,True,False,True,5.7335123177940375
2025-08-15 16:00:00+00:00,15.105,15.155,15.085,15.095,23477.0,14.077207455257543,14.377799395900668,14.681353027976686,15.01285920709923,,,14.342918557855716,,14.772429296841617,"rgba(38, 166, 154, 1.0)",0.1989691904260906,14.772429296841617,1.621209306162435,3,0.5263240313513187,1.578972094053956,0.0,0.0,0.0,0.0,62.035438916262734,8.529489606266083,True,False,True,False,True,5.529972855507225
2025-08-15 17:00:00+00:00,15.095,15.145,15.055,15.07,34591.0,14.078431428794522,14.37904091259427,14.682798379042696,15.01709246867279,,,14.344164859031284,,14.773595018000595,"rgba(38, 166, 154, 1.0)",0.19946037561760646,14.773595018000595,1.4860344120059976,3,0.526973888812274,1.5809216664368222,0.0,0.0,0.0,0.0,60.606192973784644,8.529489606266083,True,False,True,False,False,5.015358302978413
2025-08-15 18:00:00+00:00,15.065,15.065,14.97,15.015,33280.0,14.079521058180447,14.38010851246332,14.683930636248517,15.017071114921878,,,14.345242495371508,,14.773493584155588,"rgba(38, 166, 154, 1.0)",0.19902641411025995,14.773493584155588,1.213439014736098,3,0.5373628627534127,1.6120885882602383,0.0,0.0,0.0,0.0,57.400856370355534,10.923656028444945,True,False,True,False,False,3.883717791316851
2025-08-15 19:00:00+00:00,15.015,15.065,14.985,15.035,44944.0,14.081006840391455,14.381570944936914,14.685500783475891,15.017785478058784,,,14.346717545628582,,14.77424894466373,"rgba(38, 166, 154, 1.0)",0.19851389313053355,14.77424894466373,1.3135153979616525,3,0.5502766542118621,1.6508299626355862,0.0,0.0,0.0,0.0,56.01028747698559,9.560083737506247,True,False,True,False,False,4.254972765072321
2025-08-18 14:00:00+00:00,14.875,14.955,14.825,14.95,34552.0,14.082003632887924,14.38248587043615,14.686284881998198,15.012773846113818,,,14.347651091543629,,14.773236099767718,"rgba(38, 166, 154, 1.0)",0.19715594961487581,14.773236099767718,0.8965689373187637,3,0.47426057111277026,1.4227817133383107,0.0,0.0,0.0,0.0,51.90245302523226,5.738318706063424,True,False,False,False,False,2.5004053311984684
2025-08-18 15:00:00+00:00,14.955,15.03,14.905,15.015,28570.0,14.082898880077789,14.383344842445345,14.687140279002978,15.011683869348598,,,14.34852103662973,,14.773532702179088,"rgba(38, 166, 154, 1.0)",0.19648515062082766,14.773532702179088,1.2289340800460322,2,0.6880735543666254,1.3761471087332509,0.0,0.0,0.0,0.0,51.672039454950855,5.560596294575632,False,False,False,False,False,3.731550343169136
2025-08-18 16:00:00+00:00,15.015,15.05,14.995,15.025,13239.0,14.083331526298746,14.38376852860618,14.687588296500497,15.011880356961612,,,14.348948702276717,,14.773903817785438,"rgba(38, 166, 154, 1.0)",0.19542358705758428,14.773903817785438,1.2848816562791527,2,0.7117454679766002,1.4234909359532004,0.0,0.0,0.0,0.0,51.88602739951,5.560596294575632,False,False,False,False,False,3.9210355416579112
2025-08-18 17:00:00+00:00,15.025,15.095,14.995,15.015,53957.0,14.085112547736154,14.385520915100736,14.689464979510493,15.013367422517538,,,14.350716165035328,,14.775648221298942,"rgba(38, 166, 154, 1.0)",0.18872741198911885,14.775648221298942,1.268240666145829,2,0.7333504483141189,1.4667008966282378,0.0,0.0,0.0,0.0,51.59625495689923,5.197572947198232,False,False,False,False,False,3.7075010538029396
2025-08-18 18:00:00+00:00,15.015,15.015,14.925,14.935,19323.0,14.0856973961516,14.38607237684821,14.689984106471659,15.01212829123558,,,14.351276244919813,,14.775756634376032,"rgba(38, 166, 154, 1.0)",0.18822599987010696,14.775756634376032,0.8460221528049304,2,0.7542736134754655,1.508547226950931,0.0,0.0,0.0,0.0,48.30021341511714,1.9675195044146463,False,True,False,True,False,2.006645741799595
2025-08-18 19:00:00+00:00,14.935,14.995,14.905,14.95,110138.0,14.088984344901808,14.389149978038201,14.69281447541186,15.005061875713636,,,14.354405444689332,,14.776477614740577,"rgba(38, 166, 154, 1.0)",0.18539507364924135,14.776477614740577,0.9359600654099303,2,0.7756302135744995,1.551260427148999,0.0,0.0,0.0,0.0,46.82298095270079,0.5335504280270627,False,True,False,True,False,2.3071965232121627
2025-08-19 14:00:00+00:00,14.885,14.975,14.855,14.875,43622.0,14.09020660223044,14.390255398890972,14.693711041308072,15.000604880029963,,,14.355535947881414,,14.776294725094406,"rgba(38, 166, 154, 1.0)",0.1822151485481775,14.776294725094406,0.541696317194487,2,0.7924481813760287,1.5848963627520574,0.0,0.0,0.0,0.0,43.315600741699434,-2.743825973828791,False,True,False,True,False,0.7165657637247875
2025-08-19 15:00:00+00:00,14.875,14.955,14.805,14.805,56995.0,14.091706510087754,14.391561398451971,14.694610642271162,14.992841464007872,,,14.356880389479862,,14.775479300876928,"rgba(38, 166, 154, 1.0)",0.17553650065765997,14.775479300876928,0.16817413479516052,2,0.8110995912294601,1.6221991824589201,0.0,0.0,0.0,0.0,39.12170057662504,-6.528756615921495,False,True,False,True,False,0.0
2025-08-19 16:00:00+00:00,14.805,14.865,14.805,14.815,32106.0,14.09251941152977,14.39225171121891,14.695029471948024,14.988044551532974,,,14.357594174575862,,14.774879595771683,"rgba(38, 166, 154, 1.0)",0.1716081331156091,14.774879595771683,0.2337908087449922,2,0.8322056997625813,1.6644113995251626,0.0,0.0,0.0,0.0,36.88113377510836,-8.457507954876363,False,True,False,True,False,0.0
2025-08-19 17:00:00+00:00,14.815,14.845,14.785,14.795,36119.0,14.093406978615,14.392990206501372,14.695427303287985,14.982336586406797,,,14.358360591077027,,14.774093463635875,"rgba(38, 166, 154, 1.0)",0.1719590879482708,14.774093463635875,0.12157854879070958,2,0.8557902906878976,1.7115805813757952,0.0,0.0,0.0,0.0,34.83292931007088,-10.287784408171149,False,True,False,True,False,0.0
2025-08-19 18:00:00+00:00,14.795,14.855,14.77,14.85,84544.0,14.095524164702264,14.394777555366803,14.696483537229557,14.971448813494582,,,14.360210468569719,,14.786109554047105,"rgba(38, 166, 154, 1.0)",0.17203137153689718,14.786109554047105,0.3713883426151239,2,0.8549470719772068,1.7098941439544135,0.0,0.0,0.0,0.0,36.6320507544568,-10.287784408171149,False,True,False,True,False,0.2400862736685454
2025-08-19 19:00:00+00:00,14.855,14.895,14.84,14.86,85406.0,14.09776712852798,14.396734656838946,14.697859899852512,14.964493605971146,,,14.362223922749443,,14.786814824689586,"rgba(38, 166, 154, 1.0)",0.17205239616785392,14.786814824689586,0.4253656266374489,2,0.8544389630185452,1.7088779260370903,0.0,0.0,0.0,0.0,38.37481008189097,-10.287784408171149,False,True,False,True,True,0.45665704894454606
2025-08-20 14:00:00+00:00,14.98,15.055,14.885,14.915,32220.0,14.098705109213736,14.397604629363958,14.698639541035243,14.96418503563791,,,14.36310956264319,,14.788194938786924,"rgba(38, 166, 154, 1.0)",0.17206648097159136,14.788194938786924,0.7369538825752502,2,0.8545864265622316,1.7091728531244632,0.0,0.0,0.0,0.0,42.33474541407723,-12.950422191698514,False,True,False,True,True,1.6491959432873884
2025-08-20 15:00:00+00:00,14.915,15.035,14.855,15.015,82119.0,14.101132975037865,14.399875967406125,14.700734588003767,14.964424684774684,,,14.365418380730649,,14.791343212861529,"rgba(38, 166, 154, 1.0)",0.17259093438157141,14.791343212861529,1.2958779552349013,2,0.8538588266035968,1.7077176532071936,0.0,0.0,0.0,0.0,48.75524090123295,-7.106510956675919,False,False,False,False,True,3.763547529016691
2025-08-20 16:00:00+00:00,15.015,15.075,14.995,15.035,38989.0,14.10236920495991,14.40107378094703,14.701962914598871,14.966308791733743,,,14.366628950469774,,14.793478781631558,"rgba(38, 166, 154, 1.0)",0.17306125562433564,14.793478781631558,1.395582260726876,2,0.852697058770244,1.705394117540488,0.0,0.0,0.0,0.0,53.66021325438506,-2.8265796858878716,True,False,True,False,True,4.180158972001614
2025-08-20 17:00:00+00:00,15.035,15.065,14.975,15.05,24778.0,14.10314894226474,14.401826675775368,14.702727201606265,14.967371343204263,,,14.367390272241998,,14.79467667544613,"rgba(38, 166, 154, 1.0)",0.17086030329868032,14.79467667544613,1.4943396425297266,2,0.8518532996890462,1.7037065993780924,0.0,0.0,0.0,0.0,57.41169543246269,0.40919969927991673,True,False,True,False,True,4.495717264300545
2025-08-20 18:00:00+00:00,15.045,15.07,14.995,15.045,16339.0,14.10366608960024,14.4023274193905,14.703239465543644,14.96812536184205,,,14.367896385746,,14.795465222128595,"rgba(38, 166, 154, 1.0)",0.17049049536288832,14.795465222128595,1.4636286752541334,2,0.8517202040138807,1.7034404080277614,0.0,0.0,0.0,0.0,59.5965064735306,2.3255796781060454,True,False,True,False,True,4.375417896797632
2025-08-20 19:00:00+00:00,15.045,15.065,14.98,14.98,91113.0,14.106452184507086,14.404981272115734,14.705827172739141,14.970425540286481,,,14.37058572832395,,14.79864270917719,"rgba(38, 166, 154, 1.0)",0.1683110323290719,14.79864270917719,1.0775127946944703,2,0.8538967175782608,1.7077934351565216,0.0,0.0,0.0,0.0,57.29880615867564,2.3255796781060454,True,False,True,False,True,2.8133814014847367
2025-08-21 14:00:00+00:00,14.94,15.025,14.905,14.975,41599.0,14.107662355512872,14.406105397928783,14.706839789635215,14.97037228546417,,,14.371729549930762,,14.799474060622392,"rgba(38, 166, 154, 1.0)",0.1670416951781872,14.799474060622392,1.050791176360906,2,0.854483144752245,1.70896628950449,0.0,0.0,0.0,0.0,55.50334096970809,2.3255796781060454,True,False,True,False,False,2.6933707791889923
2025-08-21 15:00:00+00:00,14.975,15.065,14.94,15.015,28977.0,14.108540785399704,14.406939001652425,14.707643281258862,14.971004597383262,,,14.37257475714142,,14.800350164487785,"rgba(38, 166, 154, 1.0)",0.16729089408368242,14.800350164487785,1.2830933607470778,2,0.8565405590422559,1.7130811180845118,0.0,0.0,0.0,0.0,56.213863636468474,2.3255796781060454,True,False,True,False,False,3.592399877282773
2025-08-21 16:00:00+00:00,15.015,15.15,15.005,15.13,33838.0,14.10966508088889,14.408052468160284,14.708851696485285,14.973476902501892,,,14.373696006170825,,14.802156856747322,"rgba(38, 166, 154, 1.0)",0.16909171774242457,14.802156856747322,1.938848026560818,2,0.8604330816989827,1.7208661633979654,0.0,0.0,0.0,0.0,60.61230329215798,3.5309304895111424,True,False,True,False,True,6.105400439767852
2025-08-21 17:00:00+00:00,15.13,15.195,15.085,15.185,21157.0,14.110409464530871,14.408807474349189,14.709720231753943,14.975712003228073,,,14.374453462099547,,14.803587913670928,"rgba(38, 166, 154, 1.0)",0.1709729708370064,14.803587913670928,2.2308326542017234,2,0.8594688695008055,1.718937739001611,0.0,0.0,0.0,0.0,64.87104649246335,7.649808633770661,True,False,True,False,True,7.268659892281356
2025-08-21 18:00:00+00:00,15.185,15.235,15.18,15.225,62906.0,14.112739734990011,14.41121812983124,14.712618487232854,14.984104150502162,,,14.376864616450934,,14.808563395827978,"rgba(38, 166, 154, 1.0)",0.17440976396360683,14.808563395827978,2.3876908878732124,2,0.849283996582918,1.698567993165836,0.0,0.0,0.0,0.0,68.56349316123297,11.172346514141687,True,False,True,False,True,8.106853340571949
2025-08-21 19:00:00+00:00,15.225,15.255,15.185,15.22,91053.0,14.116115611675715,14.414710732967967,14.716810029125446,14.995576646393042,,,14.38035780224014,,14.815298729946829,"rgba(38, 166, 154, 1.0)",0.17750099606390707,14.815298729946829,2.2799943607497517,2,0.8414811803894349,1.6829623607788697,0.0,0.0,0.0,0.0,70.68723786496557,13.270620988809576,True,False,True,False,True,7.975877743808734
2025-08-22 14:00:00+00:00,15.665,15.97,15.665,15.955,92186.0,14.121492315131386,14.421016663280183,14.726319918662726,15.036298909848021,,,14.386552372249048,,14.835057653640572,"rgba(38, 166, 154, 1.0)",0.21309205810001827,14.835057653640572,5.255673798193666,2,0.7386534856503983,1.4773069713007967,0.0,0.0,0.0,0.0,77.85306073925145,20.000225304111694,True,False,True,False,True,20.0
2025-08-22 15:00:00+00:00,15.955,15.985,15.85,15.905,75765.0,14.126012697624558,14.426336613609593,14.734357054515765,15.068868996211101,,,14.391775963294574,,14.850800836254118,"rgba(38, 166, 154, 1.0)",0.23990754600618056,14.850800836254118,4.39418926705508,2,0.6739377400479405,1.347875480095881,0.0,0.0,0.0,0.0,81.09283907007216,22.95095934150632,True,False,True,False,True,19.536141086688115
2025-08-22 16:00:00+00:00,15.905,16.075,15.895,16.07,115554.0,14.133246555325185,14.434918526252941,14.747429676192233,15.119495436336006,,,14.400193418739915,,14.875265137589315,"rgba(38, 166, 154, 1.0)",0.2717042476632929,14.875265137589315,4.397188754631655,2,0.6072737627633209,1.2145475255266418,0.0,0.0,0.0,0.0,83.9016238909991,25.61955252169051,True,False,True,False,True,20.0
2025-08-22 17:00:00+00:00,16.075,16.26,16.045,16.225,129895.0,14.142012974328242,14.445442236526763,14.763664607247847,15.179575990865786,,,14.4104993632337,,14.904416922019513,"rgba(38, 166, 154, 1.0)",0.30377064309060886,14.904416922019513,4.347303164468676,2,0.5453455619620657,1.0906911239241315,0.0,0.0,0.0,0.0,86.27036863516962,27.992982996140938,True,False,True,False,True,20.0
2025-08-22 18:00:00+00:00,16.225,16.345,16.195,16.325,167541.0,14.153824099390334,14.459693076814979,14.785680361285026,15.255299675384675,,,14.424446253828354,,14.941827339478658,"rgba(38, 166, 154, 1.0)",0.3396352972457581,14.941827339478658,4.072523297013165,2,0.49630977594719305,0.9926195518943861,0.0,0.0,0.0,0.0,88.12965773821945,30.000437481826097,True,False,True,False,True,20.0
2025-08-22 19:00:00+00:00,16.325,16.435,16.325,16.405,495918.0,14.189637912540372,14.502850174160006,14.85137195459621,15.44583101622496,,,14.466691839882948,,15.042014346188498,"rgba(38, 166, 154, 1.0)",0.37514281965035046,15.042014346188498,3.633244680204369,2,0.4518970885020345,0.903794177004069,0.0,0.0,0.0,0.0,89.58000314594375,31.7257430039203,True,False,True,False,True,20.0
2025-08-25 14:00:00+00:00,16.53,16.665,16.51,16.575,109147.0,14.198052056541759,14.513046260430668,14.86685691414444,15.486428083283606,,,14.476665688745525,,15.064383288521686,"rgba(38, 166, 154, 1.0)",0.4163183012167606,15.064383288521686,3.628513824790504,2,0.4111301687695589,0.8222603375391178,0.0,0.0,0.0,0.0,90.93905232254124,33.43903214173572,True,False,True,False,True,20.0
2025-08-25 15:00:00+00:00,16.575,16.615,16.465,16.545,129186.0,14.207762247390193,14.524745613408921,14.884394481871439,15.529196979931363,,,14.488118812494008,,15.08877039705178,"rgba(38, 166, 154, 1.0)",0.4510444635600697,15.08877039705178,3.228572171032274,2,0.38126708063493875,0.7625341612698775,0.0,0.0,0.0,0.0,90.90458652627493,33.92783414825446,True,False,True,False,True,20.0
2025-08-25 16:00:00+00:00,16.545,16.595,16.465,16.485,96388.0,14.214872760604846,14.53327293051989,14.897035451826376,15.558132850092228,,,14.496471880419518,,15.105801864327926,"rgba(38, 166, 154, 1.0)",0.479566273637852,15.105801864327926,2.875928128160207,2,0.35972994786680745,0.7194598957336149,0.0,0.0,0.0,0.0,88.95952225079142,33.92783414825446,True,False,True,False,True,20.0
2025-08-25 17:00:00+00:00,16.485,16.645,16.435,16.62,100327.0,14.222392656502068,14.54230084998433,14.9104000711039,15.588032201421187,,,14.505314172193584,,15.123632950741108,"rgba(38, 166, 154, 1.0)",0.5099953894863984,15.123632950741108,2.9340795624953415,2,0.33793618763749633,0.6758723752749927,0.0,0.0,0.0,0.0,88.35180626251622,33.92783414825446,True,False,True,False,True,20.0
2025-08-25 18:00:00+00:00,16.625,16.705,16.55,16.685,135666.0,14.232829609132699,14.554859444753102,14.92899224101338,15.628835948734094,,,14.517611021125056,,15.148254560265926,"rgba(38, 166, 154, 1.0)",0.5401599946496476,15.148254560265926,2.8449819589672116,2,0.3186618381782528,0.6373236763565056,0.0,0.0,0.0,0.0,88.245771378379,33.92783414825446,True,False,True,False,True,20.0
2025-08-25 19:00:00+00:00,16.685,16.765,16.635,16.7,488042.0,14.270456886505377,14.599944922039272,14.994683100411331,15.759273747781638,,,14.561782678539807,,15.231518146448158,"rgba(38, 166, 154, 1.0)",0.5689479939501578,15.231518146448158,2.5810475986676673,2,0.30239292024734865,0.6047858404946973,0.0,0.0,0.0,0.0,88.24603299163428,33.92783414825446,True,False,True,False,True,20.0
2025-08-26 14:00:00+00:00,16.585,16.675,16.525,16.665,99518.0,14.277746272526485,14.608572511024382,15.006896585737845,15.780168869140022,,,14.570249297310403,,15.246054771764586,"rgba(38, 166, 154, 1.0)",0.5938700148977762,15.246054771764586,2.3893195356557255,2,0.2892253544766661,0.5784507089533322,0.0,0.0,0.0,0.0,86.93397821079634,33.92783414825446,True,False,True,False,False,20.0
2025-08-26 15:00:00+00:00,16.665,16.8,16.655,16.755,216521.0,14.294221174347234,14.62814939704397,15.034694189889573,15.828066173158494,,,14.58945106811192,,15.27930773740481,"rgba(38, 166, 154, 1.0)",0.6188019010902317,15.27930773740481,2.38475715733137,2,0.2766558540397065,0.553311708079413,0.0,0.0,0.0,0.0,86.65706974052662,33.92783414825446,True,False,True,False,False,20.0
2025-08-26 16:00:00+00:00,16.755,16.825,16.695,16.75,182420.0,14.308043235002692,14.64451942386841,15.057696798440597,15.865657004918823,,,14.605514660652371,,15.306274524298516,"rgba(38, 166, 154, 1.0)",0.6412889961450067,15.306274524298516,2.2512868369489887,2,0.26603426798604035,0.5320685359720807,0.0,0.0,0.0,0.0,86.26888479989238,33.92783414825446,True,False,True,False,False,20.0
2025-08-26 17:00:00+00:00,16.755,16.755,16.645,16.745,182422.0,14.321478562327354,14.660321741963541,15.079543935152442,15.898702060514802,,,14.621035479923403,,15.331142058156706,"rgba(38, 166, 154, 1.0)",0.6630473261818135,15.331142058156706,2.132363537283314,2,0.25696855800863594,0.5139371160172719,0.0,0.0,0.0,0.0,85.78449288151282,33.92783414825446,True,False,True,False,False,20.0
2025-08-26 18:00:00+00:00,16.745,16.8,16.725,16.775,159329.0,14.333341648936255,14.67426972253506,15.098747645028102,15.92722736530444,,,14.634735742071395,,15.352877109348876,"rgba(38, 166, 154, 1.0)",0.6845932112320146,15.352877109348876,2.077325435482814,2,0.24928926638075108,0.49857853276150216,0.0,0.0,0.0,0.0,85.71831148115801,33.92783414825446,True,False,True,False,False,20.0
2025-08-26 19:00:00+00:00,16.775,16.775,16.705,16.73,396045.0,14.36197957233867,14.707667185999767,15.143815144111894,15.988357980766535,,,14.667575737307146,,15.402265658785769,"rgba(38, 166, 154, 1.0)",0.7036295734096706,15.402265658785769,1.8869791597590961,2,0.24259002793563111,0.48518005587126223,0.0,0.0,0.0,0.0,83.42468846339672,36.32036211892746,True,False,True,False,False,20.0
2025-08-27 14:00:00+00:00,16.735,16.785,16.65,16.695,61045.0,14.366284238929634,14.712652590493999,15.15042940974082,15.996661755386388,,,14.67248246057292,,15.409327270919954,"rgba(38, 166, 154, 1.0)",0.7204687538161006,15.409327270919954,1.7844947782540663,2,0.23712335253644257,0.47424670507288513,0.0,0.0,0.0,0.0,80.1995155689435,33.225193675563816,True,False,True,False,False,20.0
2025-08-27 15:00:00+00:00,16.695,16.81,16.675,16.795,59494.0,14.370553552181372,14.717608532262195,15.157027038578258,16.005127215717476,,,14.677358679050322,,15.416426822744052,"rgba(38, 166, 154, 1.0)",0.7380101808424653,15.416426822744052,1.8679595661976622,2,0.23126796527003884,0.4625359305400777,0.0,0.0,0.0,0.0,79.55279644776662,32.60532219093716,True,False,True,False,False,20.0
2025-08-27 16:00:00+00:00,16.795,16.86,16.775,16.845,53059.0,14.374454134440395,14.722151843949154,15.163108413187235,16.013173096132476,,,14.681826891035113,,15.423043816356152,"rgba(38, 166, 154, 1.0)",0.7556361796765285,15.423043816356152,1.8818000274319253,2,0.22535700260877894,0.4507140052175579,0.0,0.0,0.0,0.0,79.76029559692088,32.60532219093716,True,False,True,False,False,20.0
2025-08-27 17:00:00+00:00,16.845,16.915,16.825,16.91,51602.0,14.378323128388084,14.726670130632966,15.16918047290495,16.021382939964106,,,14.686268960767471,,15.429703900524984,"rgba(38, 166, 154, 1.0)",0.769364321670536,15.429703900524984,1.9240508791216357,2,0.21946805350167367,0.43893610700334734,0.0,0.0,0.0,0.0,80.65309494220745,32.60532219093716,True,False,True,False,True,20.0
2025-08-27 18:00:00+00:00,16.915,16.995,16.905,16.975,109732.0,14.386756177297471,14.73654773103198,15.18251007847486,16.039811520993858,,,14.69597614663082,,15.44444824402884,"rgba(38, 166, 154, 1.0)",0.7843623679935382,15.44444824402884,1.9513324688006592,2,0.21402599134567737,0.42805198269135475,0.0,0.0,0.0,0.0,81.914584593587,32.60532219093716,True,False,True,False,True,20.0
2025-08-27 19:00:00+00:00,16.975,17.06,16.935,16.945,382943.0,14.416003190171391,14.770673584818917,15.228060233820226,16.100200781431532,,,14.72953033338934,,15.591949765379027,"rgba(38, 166, 154, 1.0)",0.7969818461314983,15.591949765379027,1.6977177600576439,2,0.20901444468187275,0.4180288893637455,1.0,0.0,17.06,671.0,81.18497752529576,32.60532219093716,True,False,True,False,True,20.0
2025-08-28 14:00:00+00:00,16.82,16.835,16.735,16.805,56713.0,14.419964572748674,14.775216166476987,15.23390641811008,16.106716350342996,,,14.73400713742152,,15.59648651213098,"rgba(38, 166, 154, 1.0)",0.8045785366399797,15.59648651213098,1.502045397477197,2,0.20538931987255876,0.4107786397451175,0.0,0.0,0.0,0.0,74.67710523608451,27.947869745881917,True,False,True,False,False,20.0
2025-08-28 15:00:00+00:00,16.805,16.95,16.775,16.93,35674.0,14.422547421224557,14.77819489870472,15.237780472573544,16.111302224356226,,,14.736940503076665,,15.600112387017294,"rgba(38, 166, 154, 1.0)",0.8132880544183412,15.600112387017294,1.6351987536984465,2,0.20137784461462566,0.4027556892292513,0.0,0.0,0.0,0.0,72.70782538452892,26.36231689563519,False,False,True,False,False,20.0
2025-08-28 16:00:00+00:00,16.93,16.965,16.885,16.935,66750.0,14.42745049662113,14.783860077234484,15.245170052366575,16.120211867658014,,,14.742518010559792,,15.607447818014915,"rgba(38, 166, 154, 1.0)",0.820083318113935,15.607447818014915,1.618801593279874,2,0.1975182241222273,0.3950364482444546,0.0,0.0,0.0,0.0,71.48110525995719,25.35767440391406,False,False,True,False,False,20.0
2025-08-28 17:00:00+00:00,16.935,17.015,16.895,17.0,62681.0,14.432113668481268,14.789255637937208,15.252220926179502,16.128825620523706,,,14.74782908063425,,15.614726689963707,"rgba(38, 166, 154, 1.0)",0.8320407994155132,15.614726689963707,1.6649103157073684,2,0.1936142214632024,0.3872284429264048,0.0,0.0,0.0,0.0,71.77771471419186,25.35767440391406,False,False,True,False,False,20.0
2025-08-28 18:00:00+00:00,17.005,17.025,16.92,16.945,55355.0,14.436206839811726,14.793983981908989,15.25837596958339,16.13622955706855,,,14.752484382429547,,15.621002291519506,"rgba(38, 166, 154, 1.0)",0.841191711499591,15.621002291519506,1.5739547719986513,2,0.19012769806272242,0.38025539612544484,0.0,0.0,0.0,0.0,69.7276245935021,23.68090456727299,False,False,True,False,False,20.0
2025-08-28 19:00:00+00:00,16.945,16.98,16.925,16.965,111415.0,14.444383678962906,14.803409748102789,15.270583236743173,16.15062342402151,,,14.76176713358569,,15.633293760619528,"rgba(38, 166, 154, 1.0)",0.8492751652476502,15.633293760619528,1.5680503726870942,2,0.18684453395013517,0.37368906790027034,0.0,0.0,0.0,0.0,68.78160877788171,22.70974823194345,False,True,True,False,False,20.0
2025-08-29 14:00:00+00:00,16.97,16.985,16.665,16.675,89234.0,14.450423668455056,14.810268006964616,15.279194527100158,16.15927520521127,,,14.768534933339842,,15.64057524723334,"rgba(38, 166, 154, 1.0)",0.8521411823135374,15.64057524723334,1.2139124058741408,2,0.18483272761539016,0.3696654552307803,0.0,0.0,0.0,0.0,59.79860665427507,14.451830809921148,False,True,True,False,False,18.887387324127808
2025-08-29 15:00:00+00:00,16.675,16.69,16.545,16.66,61457.0,14.45430996536601,14.814621160755218,15.284505335980173,16.163740776186952,,,14.772838551353706,,15.719167651541516,"rgba(38, 166, 154, 1.0)",0.8540701808832772,15.719167651541516,1.1015866957039493,2,0.1831513899079972,0.3663027798159944,0.0,0.0,0.0,0.0,53.51246762033342,9.072230922161793,False,True,False,False,False,18.512844362327552
2025-08-29 16:00:00+00:00,16.655,16.75,16.655,16.69,101447.0,14.460890357201349,14.82202354108155,15.293610563855422,16.171954521061366,,,14.780152426958281,,15.728144571604588,"rgba(38, 166, 154, 1.0)",0.8554798084717278,15.728144571604588,1.1243461492255677,2,0.1817369306330009,0.3634738612660018,0.0,0.0,0.0,0.0,50.22336933750687,6.469836989101438,False,True,False,False,False,18.969014204288605
2025-08-29 17:00:00+00:00,16.695,16.745,16.66,16.705,50959.0,14.464188642554765,14.825729856871481,15.298156328685465,16.17602424774736,,,14.78381494008478,,15.73202450269089,"rgba(38, 166, 154, 1.0)",0.8578803597890758,15.73202450269089,1.134162224611751,2,0.1804564404845212,0.3609128809690424,0.0,0.0,0.0,0.0,48.50243713771143,5.110630087072124,False,True,False,True,False,19.19892710522308
2025-08-29 18:00:00+00:00,16.705,16.71,16.645,16.65,54225.0,14.467632985558268,14.829584491155462,15.30284166712912,16.180003967725092,,,14.787626115219647,,15.735412602202212,"rgba(38, 166, 154, 1.0)",0.8565514505197637,15.735412602202212,1.0677553546174094,2,0.17960304741439106,0.35920609482878213,0.0,0.0,0.0,0.0,45.94509865165545,2.7762019222176306,False,True,False,True,False,17.774600697632415
2025-08-29 19:00:00+00:00,16.645,16.69,16.615,16.625,125132.0,14.475450540053071,14.838298254588057,15.313336696563253,16.188488861515218,,,14.796246263159263,,15.742605714735015,"rgba(239, 83, 80, 1.0)",0.8553142038967388,15.742605714735015,1.0316609746978025,2,0.1788864361745273,0.3577728723490546,0.0,0.0,0.0,0.0,43.6167756773934,0.550129720128254,False,True,False,True,False,17.128487289231558
2025-09-01 14:00:00+00:00,16.625,16.625,16.625,16.625,0.0,14.475450540053071,14.838298254588057,15.313336696563253,16.188488861515218,,,14.796246263159263,,15.742605714735015,"rgba(239, 83, 80, 1.0)",0.8544443007377304,15.742605714735015,1.032711300787099,2,0.17807378658676298,0.35614757317352597,0.0,0.0,0.0,0.0,42.06456036121869,-1.0587577319478712,False,True,False,True,False,17.128487289231558
2025-09-01 15:00:00+00:00,16.625,16.625,16.625,16.625,0.0,14.475450540053071,14.838298254588057,15.313336696563253,16.188488861515218,,,14.796246263159263,,15.742605714735015,"rgba(239, 83, 80, 1.0)",0.8533938499094014,15.742605714735015,1.0339824752178166,2,0.17740512662043834,0.35481025324087667,0.0,0.0,0.0,0.0,41.029750150435554,-2.3014243649029353,False,True,False,True,False,17.128487289231558
2025-09-01 16:00:00+00:00,16.625,16.625,16.625,16.625,0.0,14.475450540053071,14.838298254588057,15.313336696563253,16.188488861515218,,,14.796246263159263,,15.742605714735015,"rgba(239, 83, 80, 1.0)",0.8530473831141888,15.742605714735015,1.034402429140173,2,0.17701999738641885,0.3540399947728377,0.0,0.0,0.0,0.0,40.339876676580126,-3.3220916209493154,False,True,False,True,False,17.12848728923157
2025-09-01 17:00:00+00:00,16.625,16.625,16.625,16.625,0.0,14.475450540053071,14.838298254588057,15.313336696563253,16.188488861515218,,,14.796246263159263,,15.742605714735015,"rgba(239, 83, 80, 1.0)",0.8497850973698235,15.742605714735015,1.0383734522952803,2,0.17675270252735337,0.35350540505470673,0.0,0.0,0.0,0.0,39.87996102734317,-4.201244993963606,False,True,False,True,False,17.12848728923157
2025-09-01 18:00:00+00:00,16.625,16.625,16.625,16.625,0.0,14.475450540053071,14.838298254588057,15.313336696563253,16.188488861515218,,,14.796246263159263,,15.742605714735015,"rgba(239, 83, 80, 1.0)",0.8468179601648677,15.742605714735015,1.0420117743997666,2,0.17630339381276255,0.3526067876255251,0.0,0.0,0.0,0.0,39.57335059451854,-4.982258285870998,False,True,False,True,False,17.128487289231558
2025-09-01 19:00:00+00:00,16.625,16.625,16.625,16.625,0.0,14.475450540053071,14.838298254588057,15.313336696563253,16.188488861515218,,,14.796246263159263,,15.742605714735015,"rgba(239, 83, 80, 1.0)",0.8439327019410588,15.742605714735015,1.0455742303094353,2,0.1758061817825731,0.3516123635651462,0.0,0.0,0.0,0.0,39.36894363930212,-5.687618020163164,False,True,False,True,False,17.128487289231558
2025-09-02 14:00:00+00:00,16.82,16.915,16.745,16.785,109405.0,14.482777277735726,14.84656659082106,15.323546048525682,16.19836200949017,,,14.804412032831262,,15.753209709800208,"rgba(239, 83, 80, 1.0)",0.8441269971914883,15.753209709800208,1.2223164211459676,2,0.17493781019644256,0.3498756203928851,0.0,0.0,0.0,0.0,47.385543033017086,-7.841207934659266,False,True,False,False,True,19.954653588168185
2025-09-02 15:00:00+00:00,16.785,16.855,16.73,16.82,49234.0,14.486040711267641,14.850239897532344,15.328054596851436,16.20261038043741,,,14.808041019269114,,15.757587315463761,"rgba(239, 83, 80, 1.0)",0.8439097289584729,15.757587315463761,1.2589174506228717,2,0.17406998097832596,0.3481399619566519,0.0,0.0,0.0,0.0,53.82443520977996,-2.018455018236267,False,True,True,False,True,20.0
2025-09-02 16:00:00+00:00,16.825,16.96,16.79,16.935,51011.0,14.489548150232826,14.854212587582351,15.332990982793348,16.207625460952986,,,14.81196247861191,,15.76295165157909,"rgba(38, 166, 154, 1.0)",0.8452384012543966,15.76295165157909,1.3866482482119855,2,0.1731542169331526,0.3463084338663052,0.0,0.0,0.0,0.0,60.8821718538449,4.172894443925301,False,True,True,False,True,20.0
2025-09-02 17:00:00+00:00,16.935,16.965,16.905,16.925,50615.0,14.49307117610118,14.858209758674402,15.337972660021599,16.21279195545562,,,14.815907192432771,,15.768457742944545,"rgba(38, 166, 154, 1.0)",0.8453699387448479,15.768457742944545,1.3680901154027516,2,0.17235247042702723,0.34470494085405445,0.0,0.0,0.0,0.0,64.99256235741272,7.586129197114971,False,False,True,False,True,20.0
2025-09-02 18:00:00+00:00,16.925,16.945,16.795,16.825,52618.0,14.496608054868567,14.862195792978538,15.34287111500175,16.217520786660227,,,14.81984444205103,,15.773273285644397,"rgba(38, 166, 154, 1.0)",0.8434008536871038,15.773273285644397,1.2470069359756497,1,0.1810080631326112,0.1810080631326112,0.0,0.0,0.0,0.0,62.58004305169557,7.586129197114971,False,True,True,False,True,19.18119847823108
2025-09-02 19:00:00+00:00,16.825,16.985,16.825,16.975,233129.0,14.51263526694285,14.880309426323826,15.365233310851178,16.23997784235427,,,14.837729471895651,,15.880749880952521,"rgba(38, 166, 154, 1.0)",0.8426313729210224,15.880749880952521,1.2986107023931581,1,0.18087395291527913,0.18087395291527913,0.0,0.0,0.0,0.0,64.67095360694745,7.586129197114971,False,False,True,False,True,20.0
2025-09-03 14:00:00+00:00,16.63,16.635,16.405,16.465,101034.0,14.518300497926825,14.886446330812939,15.372137730141983,16.243512506107354,,,14.843823899708731,,15.876826022784698,"rgba(239, 83, 80, 1.0)",0.8355574823472313,15.876826022784698,0.7039299984041976,1,0.1819580041340739,0.1819580041340739,0.0,0.0,0.0,0.0,54.56179418293197,13.294474551852105,False,True,True,False,False,8.707204301335054
2025-09-03 15:00:00+00:00,16.465,16.585,16.415,16.57,104136.0,14.524169411751538,14.892807423122477,15.379301713323239,16.247354634185402,,,14.850140383382922,,15.876753397921822,"rgba(239, 83, 80, 1.0)",0.8277363955636352,15.876753397921822,0.8375209859004948,1,0.1830422397811108,0.1830422397811108,0.0,0.0,0.0,0.0,50.098733937443896,9.432435275814399,False,True,False,False,False,10.523957011475215
2025-09-03 16:00:00+00:00,16.575,16.575,16.485,16.535,44899.0,14.526699753785506,14.895548766072674,15.382385380846893,16.24902787843421,,,14.852862637791288,,15.877308698487258,"rgba(239, 83, 80, 1.0)",0.8194322193826047,15.877308698487258,0.8026183080868781,1,0.18439370742968533,0.18439370742968533,0.0,0.0,0.0,0.0,46.60814501969992,6.302210616758231,False,True,False,True,False,9.734114604149298
2025-09-03 17:00:00+00:00,16.535,16.635,16.515,16.575,49538.0,14.529544320632255,14.898642551179252,15.385896124345356,16.251130860017255,,,14.85593321201664,,15.878631516100388,"rgba(239, 83, 80, 1.0)",0.8091648569765655,15.878631516100388,0.860601492879441,1,0.18593529873840883,0.18593529873840883,0.0,0.0,0.0,0.0,45.20769398219988,4.88467518468606,False,True,False,True,False,10.429542956704875
2025-09-03 18:00:00+00:00,16.575,16.61,16.495,16.5,45910.0,14.532122100486102,14.901431425482825,15.389022519571963,16.252818007815353,,,14.858703159667895,,15.879567526240091,"rgba(239, 83, 80, 1.0)",0.7990207576598445,15.879567526240091,0.7764910583512481,0,,,0.0,0.0,0.0,0.0,43.0226877156862,2.520156284198137,False,True,False,True,False,8.7227346009958
2025-09-03 19:00:00+00:00,16.495,16.52,16.435,16.48,85958.0,14.53679469187831,14.906447347943352,15.394543404685539,16.255299905737914,,,14.86369038624593,,15.880617101245747,"rgba(239, 83, 80, 1.0)",0.7883417823291541,15.880617101245747,0.7603084248349467,0,,,0.0,0.0,0.0,0.0,41.23269142948344,0.4143727981316587,False,True,False,True,False,8.270037105166537
2025-09-04 14:00:00+00:00,16.375,16.52,16.355,16.51,57623.0,14.539887698351112,14.909756542223114,15.398156737844454,16.256811255070463,,,14.86698214184511,,15.88136340107332,"rgba(239, 83, 80, 1.0)",0.7769650936540837,15.88136340107332,0.8090924599587728,0,,,0.0,0.0,0.0,0.0,40.90870635930135,-0.446584827690927,False,True,False,True,False,8.817773055984773
2025-09-04 15:00:00+00:00,16.51,16.59,16.485,16.57,100390.0,14.545494556384584,14.915808348929765,15.404901988641452,16.260483951236697,,,14.87299463319237,,15.884627170979604,"rgba(239, 83, 80, 1.0)",0.7634363988802724,15.884627170979604,0.8977471208153406,0,,,0.0,0.0,0.0,0.0,42.40569753483518,-0.446584827690927,False,True,False,True,False,9.908160466785663
2025-09-04 16:00:00+00:00,16.57,16.585,16.525,16.555,56325.0,14.54863708844037,14.91919803688623,15.408673822304264,16.262551112083646,,,14.876362568011034,,15.886597851761085,"rgba(239, 83, 80, 1.0)",0.7492936132912537,15.886597851761085,0.8920430341091191,0,,,0.0,0.0,0.0,0.0,43.0462082699142,-0.446584827690927,False,True,False,True,False,9.552790004043306
2025-09-04 17:00:00+00:00,16.555,16.595,16.515,16.575,143926.0,14.55664919553984,14.927831326851502,15.418255863334126,16.26782125358852,,,14.884941559231686,,15.891935623329232,"rgba(239, 83, 80, 1.0)",0.732464690290711,15.891935623329232,0.9325560477183726,0,,,0.0,0.0,0.0,0.0,44.10827562445512,-0.446584827690927,False,True,False,True,False,9.923359512611178
2025-09-04 18:00:00+00:00,16.575,16.595,16.515,16.555,72349.0,14.560639385355762,14.932119369519986,15.422984945868548,16.270342407317656,,,14.889204143727184,,15.894586526755731,"rgba(239, 83, 80, 1.0)",0.7124734987960127,15.894586526755731,0.9269305796780952,0,,,0.0,0.0,0.0,0.0,44.24501928082213,-0.446584827690927,False,True,False,True,False,9.43551924310512
2025-09-04 19:00:00+00:00,16.555,16.555,16.475,16.485,288228.0,14.57598418596787,14.948460805621208,15.440625501772915,16.2782720872462,,,14.905468532839004,,15.903239070280966,"rgba(239, 83, 80, 1.0)",0.6911366144402754,15.903239070280966,0.8417452028499154,0,,,0.0,0.0,0.0,0.0,42.44598527130233,-1.748979319797975,False,True,False,True,False,7.738066022655474
2025-09-05 14:00:00+00:00,16.375,16.375,16.015,16.045,64239.0,14.578739119586405,14.951225069594956,15.443175676766055,16.27727584672871,,,14.908243118929375,,15.901974543197786,"rgba(239, 83, 80, 1.0)",0.6684498673987241,15.901974543197786,0.21396586906180354,0,,,0.0,0.0,0.0,0.0,35.11012899160916,-8.88929576091671,False,True,False,True,False,0.0
2025-09-05 15:00:00+00:00,16.045,16.105,15.995,16.055,68258.0,14.581482022826265,14.953919764443436,15.44550756524384,16.2754979741966,,,14.910956250424896,,15.899912635471063,"rgba(239, 83, 80, 1.0)",0.6462325119178132,15.899912635471063,0.2399869422673995,0,,,0.0,0.0,0.0,0.0,30.537045041305,-13.119948829401778,False,True,False,True,False,0.0
2025-09-05 16:00:00+00:00,16.055,16.105,16.055,16.105,21540.0,14.582367009035925,14.954795697019051,15.446284016421151,16.275033692944053,,,14.911837190482991,,15.899409267913862,"rgba(239, 83, 80, 1.0)",0.6228145574511891,15.899409267913862,0.3300994326906862,0,,,0.0,0.0,0.0,0.0,29.14148482966339,-14.410517500686737,False,True,False,True,False,0.0
2025-09-05 17:00:00+00:00,16.105,16.135,15.885,15.98,71864.0,14.58513934246269,14.957481343154832,15.448506440878699,16.27277618400115,,,14.914546805367543,,15.896992475738557,"rgba(239, 83, 80, 1.0)",0.6008539193785628,15.896992475738557,0.13814925988548848,0,,,0.0,0.0,0.0,0.0,26.887433761722747,-16.629888782791056,False,True,False,True,False,0.0
2025-09-05 18:00:00+00:00,15.975,16.02,15.96,15.985,94223.0,14.588728006295293,14.960942559948116,15.451332365396263,16.269747630306846,,,14.918041116716951,,15.893973138929582,"rgba(239, 83, 80, 1.0)",0.5810083111779091,15.893973138929582,0.15667049733914185,0,,,0.0,0.0,0.0,0.0,25.559014125864756,-18.062578490347448,False,True,False,True,False,0.0
2025-09-05 19:00:00+00:00,15.985,16.025,15.91,15.955,240099.0,14.597628321516181,14.969446163336123,15.458072293692512,16.261653752212563,,,14.92663774840526,,15.88680992054421,"rgba(239, 83, 80, 1.0)",0.5611481714043263,15.88680992054421,0.12151884819501184,0,,,0.0,0.0,0.0,0.0,24.34139731062644,-19.48030276530042,False,True,False,True,False,0.0
2025-09-08 14:00:00+00:00,15.855,15.97,15.795,15.935,58686.0,14.599686199852993,14.971371700956338,15.45948966863518,16.259333742555807,15.9,,14.928590455607225,,15.911965138434985,"rgba(239, 83, 80, 1.0)",0.5410353188252734,15.911965138434985,0.042575522823593795,0,,,0.0,0.0,0.0,0.0,23.29900226656099,-20.79365907613963,False,True,False,True,False,0.0
2025-09-08 15:00:00+00:00,15.935,15.975,15.905,15.93,90751.0,14.60294506842602,14.974450632292593,15.46184461656762,16.256164310926778,15.922267153828482,,14.931708108002185,,15.910501176599178,"rgba(239, 83, 80, 1.0)",0.5197589098076854,15.910501176599178,0.037515130636310734,0,,,0.0,0.0,0.0,0.0,22.541804033574245,-21.884846242854884,False,True,False,True,False,0.0
2025-09-08 16:00:00+00:00,15.925,15.96,15.895,15.92,26159.0,14.603873299220897,14.975323775031434,15.46250254835798,16.255229309938716,15.922674273142139,,14.93259280376795,,15.909779120238346,"rgba(239, 83, 80, 1.0)",0.49488885821175194,15.909779120238346,0.020652879110244188,0,,,0.0,0.0,0.0,0.0,21.90083338212062,-22.898406735692223,False,True,False,True,False,0.0
2025-09-08 17:00:00+00:00,15.915,15.975,15.905,15.915,37176.0,14.605196864485167,14.976570581813062,15.46344779379985,16.2539362181951,15.924245444262718,,14.933855813808764,,15.908857555420951,"rgba(239, 83, 80, 1.0)",0.4682255847327738,15.908857555420951,0.013118558189325584,0,,,0.0,0.0,0.0,0.0,21.399222984285274,-23.7963439875171,False,True,False,True,False,0.0
2025-09-08 18:00:00+00:00,15.915,16.04,15.91,16.015,23964.0,14.606085037513692,14.977420145684237,15.46412859043321,16.253253749015457,15.930732848686583,,14.934714410912054,,15.908707584316389,"rgba(239, 83, 80, 1.0)",0.43983931341089966,15.908707584316389,0.24166192616873472,0,,,0.0,0.0,0.0,0.0,26.256061701380638,-28.58822869084532,False,True,False,True,True,0.0
2025-09-08 19:00:00+00:00,16.015,16.03,15.985,16.015,113094.0,14.610326732834258,14.98149585917549,15.467449622850204,16.250339307697267,15.956358550343502,,14.938830554568614,,15.908157694082837,"rgba(239, 83, 80, 1.0)",0.4143924566256706,15.908157694082837,0.2578287905797398,0,,,0.0,0.0,0.0,0.0,29.493954179444213,-25.505862557877194,False,True,False,True,True,0.0
2025-09-09 14:00:00+00:00,16.655,16.7,16.44,16.555,177334.0,14.619543373709142,14.991236151910648,15.477820996200274,16.256141705334553,16.16110095087424,,14.948533106099985,,15.926449811705606,"rgba(38, 166, 154, 1.0)",0.38539570164572057,15.926449811705606,1.630921636153057,0,,,0.0,0.0,0.0,0.0,43.863445934587034,-12.47286416961689,False,False,False,True,True,8.773629450204066
2025-09-09 15:00:00+00:00,16.555,16.615,16.385,16.425,104388.0,14.62467912645409,14.996589265757345,15.483337125356138,16.258491867200195,16.21298471331999,,14.953875592960694,,15.932653594409448,"rgba(38, 166, 154, 1.0)",0.35524807979544215,15.932653594409448,1.3859227778910277,0,,,0.0,0.0,0.0,0.0,50.1963248153109,-7.375176527602065,True,False,True,False,True,6.003198081462617
2025-09-09 16:00:00+00:00,16.425,16.535,16.4,16.48,111367.0,14.630117169494538,15.002245065947458,15.489135596993142,16.260906379871486,16.25176233658492,,14.95952178209022,,15.938337564334955,"rgba(38, 166, 154, 1.0)",0.32101243275320784,15.938337564334955,1.6873565644152864,0,,,0.0,0.0,0.0,0.0,55.16127855101003,-3.394380504530119,True,False,True,False,True,6.974391567559707
2025-09-09 17:00:00+00:00,16.475,16.515,16.385,16.39,91421.0,14.634456911911766,15.00672485496441,15.493645234483527,16.262464105414765,16.27129234284984,,14.963998577685413,,15.941953843973272,"rgba(38, 166, 154, 1.0)",0.31418888850150084,15.941953843973272,1.4260407430818127,0,,,0.0,0.0,0.0,0.0,56.31236472115399,-2.64603752526034,True,False,True,False,True,5.091958862451122
2025-09-09 18:00:00+00:00,16.385,16.44,16.355,16.405,85221.0,14.638416259869624,15.01078810028842,15.497676833780435,16.263635132319678,16.28322042075875,,14.968062387968672,,15.944728642360975,"rgba(38, 166, 154, 1.0)",0.30563369407692254,15.944728642360975,1.505957512404324,0,,,0.0,0.0,0.0,0.0,57.332410712995575,-1.6274156849058201,True,False,True,False,True,5.36391463437484
2025-09-09 19:00:00+00:00,16.405,16.435,16.275,16.3,230036.0,14.648634479988264,15.02114390146585,15.507630924038615,16.265275881353734,16.29391509082458,,14.978437689514333,,15.94965139860876,"rgba(38, 166, 154, 1.0)",0.30187571274631697,15.94965139860876,1.1605723368864014,0,,,0.0,0.0,0.0,0.0,55.517826811833146,-1.6274156849058201,True,False,True,False,True,3.1912082723221395
2025-09-10 14:00:00+00:00,16.825,16.925,16.625,16.625,169348.0,14.6577912462157,15.030884981487489,15.518171749186065,16.272755666633547,16.3492649099596,,14.988131045262206,,15.961784203345022,"rgba(38, 166, 154, 1.0)",0.29951241157059866,15.961784203345022,2.214318242029345,0,,,0.0,0.0,0.0,0.0,59.19997888319914,0.5119674682341468,True,False,True,False,True,8.840573715897197
2025-09-10 15:00:00+00:00,16.625,16.805,16.625,16.775,61084.0,14.661090195049145,15.034391901314429,15.521960314246753,16.275452595896976,16.36633863974356,,14.991621076028137,,15.96599063105351,"rgba(38, 166, 154, 1.0)",0.2992659638469903,15.96599063105351,2.7033123264232013,0,,,0.0,0.0,0.0,0.0,63.17861234681736,4.5015647775056635,True,False,True,False,True,11.204290001364594
2025-09-10 16:00:00+00:00,16.775,16.885,16.775,16.875,74707.0,14.66532390620388,15.038937525540723,15.52697913378324,16.279487876206268,16.390919975629025,,14.996138668972502,,15.972016749197039,"rgba(38, 166, 154, 1.0)",0.3007845147684225,15.972016749197039,3.0020935469306944,0,,,0.0,0.0,0.0,0.0,66.72590243707675,8.048224622729698,True,False,True,False,True,12.718020936344033
2025-09-10 17:00:00+00:00,16.875,16.995,16.87,16.985,162103.0,14.674894037825,15.049291672039447,15.538596552374335,16.28963994108443,16.446972896909752,,15.006418250709187,,15.986492599446583,"rgba(38, 166, 154, 1.0)",0.30455303240930076,15.986492599446583,3.278599436867478,0,,,0.0,0.0,0.0,0.0,69.99149207995004,11.333959057066899,True,False,True,False,True,14.333758820483958
2025-09-10 18:00:00+00:00,16.985,17.015,16.91,16.98,228622.0,14.688363471836885,15.063844414313024,15.554871122978872,16.303829605950348,16.51156080513216,,15.02086859770543,,16.00587229398372,"rgba(38, 166, 154, 1.0)",0.3080598982358009,16.00587229398372,3.16213733626129,0,,,0.0,0.0,0.0,0.0,72.0346253477433,13.531972985533073,True,False,True,False,True,14.22639620083984
2025-09-10 19:00:00+00:00,16.98,17.08,16.955,17.08,200601.0,14.700411256694084,15.076895601974702,15.569541081831236,16.31706121725249,16.563206892068763,,15.033823120433771,,16.023202765170993,"rgba(38, 166, 154, 1.0)",0.31313040198741443,16.023202765170993,3.3749429251251084,0,,,0.0,0.0,0.0,0.0,74.23768823379248,15.953959300296404,True,False,True,False,True,15.681295940864413
2025-09-11 14:00:00+00:00,17.075,17.15,17.06,17.065,101921.0,14.706623832152397,15.083639260204226,15.577150595068227,16.324086648264057,16.588282113188665,,15.040514934042266,,16.111916439222963,"rgba(38, 166, 154, 1.0)",0.3178750958737216,16.111916439222963,2.9982957870838,0,,,0.0,0.0,0.0,0.0,75.24720095580975,17.333980901828852,True,False,True,False,True,15.350231505517062
2025-09-11 15:00:00+00:00,17.065,17.12,17.04,17.07,93089.0,14.712234405913525,15.089713503259237,15.58396634591088,16.330269616688234,16.608568489395548,,15.046544531760839,,16.119041870941683,"rgba(38, 166, 154, 1.0)",0.32239950595742634,16.119041870941683,2.9496265083727957,0,,,0.0,0.0,0.0,0.0,75.96966244814229,18.53785072997708,True,False,True,False,True,15.424212007864348
2025-09-11 16:00:00+00:00,17.075,17.095,16.925,16.97,114687.0,14.718877652952347,15.09684707584048,15.591833238876573,16.336947202389748,16.62746253401416,,15.053633357054277,,16.12544071304996,"rgba(38, 166, 154, 1.0)",0.325009244497999,16.12544071304996,2.598570044536801,0,,,0.0,0.0,0.0,0.0,73.14740894934457,18.53785072997708,True,False,True,False,True,13.19196899461669
2025-09-11 17:00:00+00:00,16.975,17.015,16.925,16.955,102261.0,14.724686724335175,15.103057612640276,15.598617791865118,16.34250900181628,16.641505104379405,,15.059808498923285,,16.130995257551845,"rgba(38, 166, 154, 1.0)",0.3274454496899806,16.130995257551845,2.516464172057684,0,,,0.0,0.0,0.0,0.0,70.79003884421914,18.53785072997708,True,False,True,False,False,12.859988121297164
2025-09-11 18:00:00+00:00,16.96,16.97,16.89,16.93,69268.0,14.728543337308661,15.107162368336505,15.60305870500702,16.346012046443473,16.64941218280887,,15.06389227819151,,16.13443539638165,"rgba(38, 166, 154, 1.0)",0.3291181638346885,16.13443539638165,2.4172613092784205,0,,,0.0,0.0,0.0,0.0,68.37838882002197,25.035191307501535,True,False,True,False,False,12.301098037374373
2025-09-11 19:00:00+00:00,16.925,16.97,16.85,16.89,210480.0,14.740038882920603,15.119341978680167,15.616105479194303,16.355930179619367,16.668933677604045,,15.076016897968852,,16.14444289459347,"rgba(38, 166, 154, 1.0)",0.3303093690457938,16.14444289459347,2.2571479203278857,0,,,0.0,0.0,0.0,0.0,65.40961073184491,21.97129973092052,True,False,True,False,False,11.403748271254415
2025-09-12 14:00:00+00:00,17.005,17.035,16.885,16.895,55139.0,14.743078684374145,15.122567453263635,15.619571908461236,16.35863274429725,16.674252303543703,,15.079227115827978,,16.147446124142014,"rgba(38, 166, 154, 1.0)",0.3315690924426071,16.147446124142014,2.254594571378461,0,,,0.0,0.0,0.0,0.0,63.55138000457727,19.97555188383808,True,False,True,False,False,11.487018256401395
2025-09-12 15:00:00+00:00,16.895,17.05,16.875,17.015,122401.0,14.749924182620951,15.129850212617592,15.62744340966646,16.364968173597394,16.68708930868825,,15.086472787685281,,16.154813989637056,"rgba(38, 166, 154, 1.0)",0.33427793636267694,16.154813989637056,2.573265886832808,0,,,0.0,0.0,0.0,0.0,64.91900650895249,19.97555188383808,True,False,True,False,False,13.460337026853374
2025-09-12 16:00:00+00:00,17.015,17.04,16.915,16.945,128278.0,14.757010917543221,15.137367046745252,15.63551532547418,16.371329648055738,16.698872653836624,,15.093954254212033,,16.16209094298394,"rgba(38, 166, 154, 1.0)",0.3361633290291119,16.16209094298394,2.32895437844816,0,,,0.0,0.0,0.0,0.0,63.276007073916254,19.274367731247253,True,False,True,False,False,11.85407765041668
2025-09-12 17:00:00+00:00,16.945,16.945,16.865,16.885,58111.0,14.760107557214203,15.140625579142792,15.638953962891287,16.37384167111384,16.70260959511304,,15.097200907529315,,16.164789349231977,"rgba(38, 166, 154, 1.0)",0.3374389767990862,16.164789349231977,2.134343393285131,0,,,0.0,0.0,0.0,0.0,60.211370839083884,16.136999227675005,True,False,True,False,False,10.496260344230638
2025-09-12 18:00:00+00:00,16.885,16.93,16.825,16.865,78991.0,14.76425347701281,15.144972928810654,15.643506033714178,16.37705720152015,16.706849444732292,,15.10153443768407,,16.168181428346532,"rgba(38, 166, 154, 1.0)",0.3380148458813417,16.168181428346532,2.0615028604337713,0,,,0.0,0.0,0.0,0.0,57.526230091906115,13.43679876767785,True,False,True,False,False,10.044042502933799
2025-09-12 19:00:00+00:00,16.865,16.95,16.845,16.89,168410.0,14.773128802293138,15.154284379431418,15.653268918661084,16.384069756068207,16.7163106295088,,15.110815474857644,,16.175833261051586,"rgba(38, 166, 154, 1.0)",0.3384505366607016,16.175833261051586,2.110106682041902,0,,,0.0,0.0,0.0,0.0,56.49678071836644,12.26423336825686,True,False,True,False,False,10.479337154845808
2025-09-15 14:00:00+00:00,16.85,17.125,16.775,17.115,94735.0,14.778346126042099,15.159807149018187,15.65917474494808,16.3887631252731,16.724252067875145,,15.11631349000801,,16.251772467303066,"rgba(38, 166, 154, 1.0)",0.34159269249753965,16.251772467303066,2.5270667425157214,0,,,0.0,0.0,0.0,0.0,60.75628224638012,12.26423336825686,True,False,True,False,True,14.21994244046562
2025-09-15 15:00:00+00:00,17.115,17.265,17.085,17.22,119855.0,14.785457553818231,15.16744310958722,15.667590007903081,16.39635266025961,16.739916238926266,,15.123900672691617,,16.265906179605146,"rgba(38, 166, 154, 1.0)",0.3460957660524474,16.265906179605146,2.7567335806421545,0,,,0.0,0.0,0.0,0.0,65.09127323585653,8.955167128627352,True,False,True,False,True,15.852835333299819
2025-09-15 16:00:00+00:00,17.225,17.265,17.175,17.175,66683.0,14.789420536087686,15.171697988908763,15.672277758588256,16.40059191621734,16.748458941707796,,15.128128391187584,,16.27200887578317,"rgba(38, 166, 154, 1.0)",0.349909421999115,16.27200887578317,2.5806424961575236,0,,,0.0,0.0,0.0,0.0,66.3642782954058,10.176718699568738,True,False,True,False,True,14.797818192729821
2025-09-15 17:00:00+00:00,17.175,17.285,17.175,17.235,78149.0,14.79409954381705,15.176727026344121,15.677830256393035,16.405666714616572,16.758641494450618,,15.133124584465866,,16.279013939231326,"rgba(38, 166, 154, 1.0)",0.35620645142415264,16.279013939231326,2.683797716033877,0,,,0.0,0.0,0.0,0.0,68.14347294682443,11.992566036969954,True,False,True,False,True,15.73416789668929
2025-09-15 18:00:00+00:00,17.235,17.265,17.175,17.225,96339.0,14.799819461532593,15.18286292788017,15.684577273160151,16.411763355160865,16.770365288174936,,15.139221932784857,,16.28674144031053,"rgba(38, 166, 154, 1.0)",0.3610448800434049,16.28674144031053,2.5987311039466205,0,,,0.0,0.0,0.0,0.0,68.93387902313808,12.973425501075269,True,False,True,False,True,15.494796569039632
2025-09-15 19:00:00+00:00,17.225,17.245,17.09,17.155,154153.0,14.808696993065324,15.19232608295457,15.694846327809088,16.420642241944943,16.78566637922121,,15.14863341424503,,16.29658841767229,"rgba(38, 166, 154, 1.0)",0.36431829465451104,16.29658841767229,2.3562132204800674,0,,,0.0,0.0,0.0,0.0,66.74959658091456,12.973425501075269,True,False,True,False,True,13.821052136267504
2025-09-16 14:00:00+00:00,17.61,17.635,17.52,17.565,79818.0,14.814063320022639,15.198202383762801,15.701576593259675,16.427650376115,16.801232768730877,,15.154456941552967,,16.30725975400583,"rgba(38, 166, 154, 1.0)",0.3773228359411526,16.30725975400583,3.333326600434882,0,,,0.0,0.0,0.0,0.0,70.70848028114017,14.817564633692228,True,False,True,False,True,19.910704447808886
2025-09-16 15:00:00+00:00,17.565,17.785,17.535,17.745,123388.0,14.822662114374504,15.207666581610155,15.712519735689979,16.439388663908538,16.827530661937136,,15.16382988872587,,16.32474028531002,"rgba(38, 166, 154, 1.0)",0.3964635334220348,16.32474028531002,3.5823211845769323,0,,,0.0,0.0,0.0,0.0,74.6001750238571,18.50942752628694,True,False,True,False,True,20.0
2025-09-16 16:00:00+00:00,17.745,17.755,17.45,17.645,107244.0,14.82990829893873,15.21559828076338,15.721592167727405,16.448839657437915,16.847352855387086,,15.171690664784036,,16.337579838026784,"rgba(38, 166, 154, 1.0)",0.41092098273780775,16.337579838026784,3.1816826516435843,0,,,0.0,0.0,0.0,0.0,74.47616860199358,18.50942752628694,True,False,True,False,True,19.96426425882987
2025-09-16 17:00:00+00:00,17.645,17.8,17.635,17.795,79280.0,14.835483299617618,15.221735841729874,15.728688149217053,16.456476595611786,16.863687080846216,,15.177768799973244,,16.450815922896147,"rgba(38, 166, 154, 1.0)",0.4308126617796898,16.450815922896147,3.1201127458766447,0,,,1.0,0.0,17.8,727.0,75.62315289283382,19.826675863903603,True,False,True,False,True,20.0
2025-09-16 18:00:00+00:00,17.795,17.795,17.645,17.665,75919.0,14.840725779817067,15.227488678406399,15.735297196821037,16.463471716232487,16.87806526081885,,15.183468296697678,,16.45865765189156,"rgba(38, 166, 154, 1.0)",0.4452749631328319,16.45865765189156,2.7092076761310517,0,,,0.0,0.0,0.0,0.0,73.20699822704287,19.826675863903603,True,False,True,False,True,18.984210708889716
2025-09-16 19:00:00+00:00,17.665,17.685,17.565,17.575,262804.0,14.85813894465599,15.246454929896805,15.7567674509731,16.485310558648543,16.91900793890372,,15.202276706051137,,16.48044111260661,"rgba(38, 166, 154, 1.0)",0.45651749717330364,16.48044111260661,2.397627460438548,0,,,0.0,0.0,0.0,0.0,69.61157176666904,25.355826575872683,True,False,True,False,False,17.03741333838504
2025-09-17 14:00:00+00:00,17.495,17.505,17.405,17.455,69165.0,14.862431913976314,15.251075563751643,15.761875256994019,16.490154388232174,16.926801669108873,,15.20686594964598,,16.484053516043225,"rgba(38, 166, 154, 1.0)",0.4644512697604929,16.484053516043225,2.090523908907534,0,,,0.0,0.0,0.0,0.0,64.81084358230044,20.84394111079048,True,False,True,False,False,14.514671919173061
2025-09-17 15:00:00+00:00,17.455,17.455,17.33,17.425,49939.0,14.86546114417968,15.254321855029493,15.765432212034376,16.49343611173838,16.931752708983616,,15.21009201484239,,16.4862837671676,"rgba(38, 166, 154, 1.0)",0.47134079405913565,16.4862837671676,1.991587073862798,0,,,0.0,0.0,0.0,0.0,61.03121737825447,17.385812966352816,False,False,True,False,False,13.893101518249082
2025-09-17 16:00:00+00:00,17.425,17.485,17.395,17.485,32337.0,14.867458666512475,15.256469120080816,15.767799631026955,16.49566852542643,16.935249418291377,,15.21222503012415,,16.488153963371865,"rgba(38, 166, 154, 1.0)",0.47903008237476313,16.488153963371865,2.080967507690394,0,,,0.0,0.0,0.0,0.0,59.53701767650005,15.992608169399219,False,False,True,False,False,14.746946600022376
2025-09-17 17:00:00+00:00,17.485,17.545,17.485,17.53,25276.0,14.869057039807151,15.25819413585557,15.76971660624622,16.497524013933944,16.938287987922052,,15.21393770559237,,16.48996932868915,"rgba(38, 166, 154, 1.0)",0.4872601003627921,16.48996932868915,2.1344466139059852,0,,,0.0,0.0,0.0,0.0,59.30627193086627,15.591350117685366,False,True,True,False,False,15.384451564477278
2025-09-17 18:00:00+00:00,17.53,17.66,17.265,17.405,29361.0,14.870857691950315,15.26012683368629,15.771840827068253,16.49950997609018,16.941318233367245,,15.215857952292586,,16.491632944790133,"rgba(38, 166, 154, 1.0)",0.4926684373788748,16.491632944790133,1.8539183473356238,0,,,0.0,0.0,0.0,0.0,56.37235669362176,12.59029540080131,False,True,True,False,False,12.752749817225038
2025-09-17 19:00:00+00:00,17.405,17.52,17.365,17.445,74920.0,14.875440993190509,15.265043011010583,15.77723681210912,16.50453993378868,16.94888817427039,,15.220742858807705,,16.495955122233603,"rgba(38, 166, 154, 1.0)",0.4984983486469709,16.495955122233603,1.9038074656461832,0,,,0.0,0.0,0.0,0.0,55.21736332526498,11.259114554023704,False,True,True,False,False,13.338992534411613
2025-09-18 14:00:00+00:00,17.605,17.665,17.455,17.455,57354.0,14.879049892170029,15.26893212639479,15.781545478505207,16.50868629694119,16.955462690941587,,15.22460485400984,,16.500153900949265,"rgba(38, 166, 154, 1.0)",0.5041972747764961,16.500153900949265,1.893794645109901,0,,,0.0,0.0,0.0,0.0,54.65881193158953,10.40198826437613,False,True,True,False,False,13.486780706986956
2025-09-18 15:00:00+00:00,17.455,17.545,17.275,17.535,118174.0,14.886249640673405,15.27664422583041,15.789985937977502,16.51651538932293,16.966862090479285,,15.232269182341724,,16.50723996201863,"rgba(38, 166, 154, 1.0)",0.5110562018424152,16.50723996201863,2.0110509064877387,0,,,0.0,0.0,0.0,0.0,55.960825256709875,10.40198826437613,False,True,True,False,False,14.667227074859863
2025-09-18 16:00:00+00:00,17.535,17.545,17.485,17.515,30659.0,14.888156911693905,15.278694155436977,15.79224473776272,16.51866149808865,16.97010972271876,,15.234305497505119,,16.50940079258523,"rgba(38, 166, 154, 1.0)",0.5171651155645661,16.50940079258523,1.9444451629669643,0,,,0.0,0.0,0.0,0.0,56.25271686746943,10.40198826437613,False,True,True,False,False,14.230404976389284
2025-09-18 17:00:00+00:00,17.515,17.54,17.475,17.51,34903.0,14.89031933046151,15.281016339466726,15.794799100998501,16.521077209001113,16.973715717068234,,15.236612510410374,,16.511809598956138,"rgba(38, 166, 154, 1.0)",0.5233394416354702,16.511809598956138,1.9073479306746943,0,,,0.0,0.0,0.0,0.0,56.29135463862761,10.40198826437613,False,True,True,False,False,14.119651269030555
2025-09-18 18:00:00+00:00,17.51,17.54,17.485,17.525,49297.0,14.893377159660558,15.284300204277784,15.798411438811543,16.524497768056523,16.978805395032495,,15.239874896029436,,16.51525391300141,"rgba(38, 166, 154, 1.0)",0.5295527009309061,16.51525391300141,1.906790552146267,0,,,0.0,0.0,0.0,0.0,56.71025378519193,10.40198826437613,False,True,True,False,False,14.350098073652106
2025-09-18 19:00:00+00:00,17.525,17.575,17.46,17.465,72590.0,14.897838359092555,15.28908221220554,15.80365178434037,16.529408087850417,16.985901698540477,,15.244626769395092,,16.52008696889176,"rgba(38, 166, 154, 1.0)",0.5344343393376008,16.52008696889176,1.7680619704927683,0,,,0.0,0.0,0.0,0.0,54.909162068916096,8.862645240730984,False,True,True,False,False,12.990645755239218
2025-09-19 14:00:00+00:00,17.195,17.195,16.94,16.965,100635.0,14.902893287548642,15.294285563415936,15.808879596826158,16.532900292933096,16.986780420312062,,15.249825289240995,,16.519842033686153,"rgba(239, 83, 80, 1.0)",0.5345393149988447,16.519842033686153,0.8327880734362989,0,,,0.0,0.0,0.0,0.0,45.08639013958087,-0.3025585911613291,False,True,False,True,False,2.9106889890179524
2025-09-19 15:00:00+00:00,16.965,16.985,16.815,16.85,121394.0,14.908532104794007,15.299983259069656,15.814361630827616,16.535805462158798,16.984519157004982,,15.255532056505386,,16.517557282861453,"rgba(239, 83, 80, 1.0)",0.5345367026562734,16.517557282861453,0.621926830256071,0,,,0.0,0.0,0.0,0.0,37.559297729931515,-6.8405402282526,False,True,False,True,False,0.8708363430197643
2025-09-19 16:00:00+00:00,16.855,16.91,16.805,16.905,96676.0,14.912977217151504,15.304463184088094,15.818647103512406,16.538019268413066,16.982616727830283,16.87333333333333,15.260020635647031,,16.56882576257789,"rgba(239, 83, 80, 1.0)",0.5343620680961314,16.56882576257789,0.6291132127320695,0,,,0.0,-1.0,16.805,761.0,34.05129550849966,-9.588717814776729,False,True,False,True,False,1.80606035367828
2025-09-19 17:00:00+00:00,16.905,16.975,16.885,16.965,60016.0,14.915822454760221,15.307352063509567,15.821461338667138,16.539656144349053,16.982186326853707,16.899506292599494,15.262912109646905,,16.569807270245548,"rgba(239, 83, 80, 1.0)",0.5327258899978757,16.569807270245548,0.741831281667253,0,,,0.0,0.0,0.0,0.0,33.340738343405405,-9.996330964089559,False,True,False,True,False,2.8197555342667258
2025-09-19 18:00:00+00:00,16.965,16.97,16.905,16.945,43378.0,14.917872266769237,15.309431608173515,15.823483615656208,16.54082612369638,16.98186826896164,16.90828589993502,15.264993740024208,,16.57006420815214,"rgba(239, 83, 80, 1.0)",0.5318449360821168,16.57006420815214,0.7049720067090586,0,,,0.0,0.0,0.0,0.0,32.6064825754995,-10.729794212804961,False,True,False,True,False,2.4548892239860116
2025-09-19 19:00:00+00:00,16.945,17.025,16.925,16.985,269479.0,14.930753624760913,15.322533647756584,15.836310460612815,16.548627507996923,16.981710110556968,16.94848684233878,15.278103981945755,,16.57312775556438,"rgba(239, 83, 80, 1.0)",0.5307514900066689,16.57312775556438,0.7760171232499897,0,,,0.0,0.0,0.0,0.0,33.31566172454784,-10.729794212804961,False,True,False,True,False,3.142464325887012
2025-09-22 14:00:00+00:00,16.905,16.995,16.885,16.985,60247.0,14.933578924476395,15.325393879943636,15.83908146595156,16.550241098634558,16.981445580895556,16.949227501403055,15.280967774579716,,16.573394122967517,"rgba(239, 83, 80, 1.0)",0.5299024642533536,16.573394122967517,0.7767578088402464,0,,,0.0,0.0,0.0,0.0,33.7884478239134,-10.729794212804961,False,True,False,True,False,3.142464325887012
2025-09-22 15:00:00+00:00,16.985,17.045,16.965,17.035,57131.0,14.936330130262919,15.328196459532455,15.841837106098417,16.551984514441152,16.981757775339997,16.955629743278692,15.28377144036635,,16.574372822727682,"rgba(239, 83, 80, 1.0)",0.5285354403555801,16.574372822727682,0.8715161597534964,0,,,0.0,0.0,0.0,0.0,35.763807414696515,-10.729794212804961,False,True,False,True,True,4.018088107113741
2025-09-22 16:00:00+00:00,17.035,17.205,17.015,17.095,106808.0,14.941675978903222,15.333689327716563,15.847346934566588,16.555835815115497,16.983864838840965,16.978626908449673,15.28925995348914,,16.577910490712366,"rgba(239, 83, 80, 1.0)",0.527154096485645,16.577910490712366,0.9809076942299997,0,,,0.0,0.0,0.0,0.0,38.95755947266984,-10.729794212804961,False,True,False,True,True,5.061644245906471
2025-09-22 17:00:00+00:00,17.095,17.185,17.085,17.175,66125.0,14.945038443666103,15.33715575983732,15.850850757537614,16.558379422748,16.98558746080448,16.993395204379752,15.292722049931154,,16.58046190567064,"rgba(239, 83, 80, 1.0)",0.526450146506687,16.58046190567064,1.1293340846697062,0,,,0.0,0.0,0.0,0.0,43.32542178733685,-12.61187671248127,False,True,False,True,True,6.433141793630604
2025-09-22 18:00:00+00:00,17.175,17.175,17.11,17.13,22622.0,14.946181213692096,15.33833209039771,15.852035915149635,16.559229943675106,16.986132827573943,16.997585448184964,15.29389714114196,,16.581267342493355,"rgba(239, 83, 80, 1.0)",0.5258470215663921,16.581267342493355,1.0435214710774252,0,,,0.0,0.0,0.0,0.0,44.98525103675377,-10.977679131802077,False,True,False,True,True,5.52674943149286
2025-09-22 19:00:00+00:00,17.13,17.165,17.075,17.075,104578.0,14.95136852768428,15.34364984002726,15.85734523042362,16.56290510303677,16.988062931631852,17.010248852013017,15.299212191599281,,16.58428595109489,"rgba(239, 83, 80, 1.0)",0.5247215220246177,16.58428595109489,0.9351894830074948,0,,,0.0,0.0,0.0,0.0,44.63858004211052,-10.977679131802077,False,True,False,True,True,4.424215209076685
2025-09-23 14:00:00+00:00,17.565,17.71,17.515,17.64,98883.0,14.957421682855442,15.35011496454444,15.864386035431487,16.569603786724503,16.99764370711005,17.071569666468207,15.305638910985131,,16.594992212764172,"rgba(38, 166, 154, 1.0)",0.5301189565637735,16.594992212764172,1.9712703616742173,0,,,0.0,0.0,0.0,0.0,53.94673861685228,-2.4085768595782966,False,False,True,False,True,13.28196990139314
2025-09-23 15:00:00+00:00,17.645,17.665,17.585,17.605,28816.0,14.95917830265392,15.351989345468594,15.866423398564184,16.57153382923148,17.000366784364562,17.087096054334083,15.307502380813165,,16.597946404333136,"rgba(38, 166, 154, 1.0)",0.5342834554905915,16.597946404333136,1.88486763967296,0,,,0.0,0.0,0.0,0.0,59.32116601847816,2.3115284867595065,False,False,True,False,True,12.587103015845393
2025-09-23 16:00:00+00:00,17.605,17.605,17.52,17.54,53260.0,14.962341745990267,15.355348997048237,15.870040900177171,16.574867751848032,17.00482798176683,17.110429500786033,15.310844519914953,,16.602746494106082,"rgba(38, 166, 154, 1.0)",0.5362721508898035,16.602746494106082,1.7477198924814383,0,,,0.0,0.0,0.0,0.0,61.33983399324059,3.9899490499300754,True,False,True,False,True,11.299864720007019
2025-09-23 17:00:00+00:00,17.54,17.595,17.35,17.355,22561.0,14.963616685307358,15.35669051543819,15.871458296929994,16.576098737420182,17.0062830446715,17.117109463160276,15.31218066737908,,16.60432300483506,"rgba(38, 166, 154, 1.0)",0.5278342628223045,16.60432300483506,1.4221831511109322,0,,,0.0,0.0,0.0,0.0,58.83754670599047,3.9899490499300754,False,False,True,False,True,7.7671459531474305
2025-09-23 18:00:00+00:00,17.355,17.355,17.285,17.325,58072.0,14.966744228333816,15.359950375802073,15.87483488192794,16.578840473972,17.009015755360622,17.127451190612998,15.315431534745569,,16.607352438508368,"rgba(38, 166, 154, 1.0)",0.5186238894795491,16.607352438508368,1.3837533828451425,0,,,0.0,0.0,0.0,0.0,56.609343346808224,3.9899490499300754,False,False,True,False,False,7.210282722174394
2025-09-23 19:00:00+00:00,17.325,17.41,17.275,17.35,145487.0,14.974620588344164,15.36816654174045,15.883360872438768,16.58583458183016,17.01615421010275,17.151908009881474,15.323624078313102,,16.61510630951511,"rgba(38, 166, 154, 1.0)",0.5101174833771177,16.61510630951511,1.4406361562432521,0,,,0.0,0.0,0.0,0.0,55.57724284712116,3.9899490499300754,False,False,True,False,False,7.595911540222129
2025-09-24 14:00:00+00:00,17.745,17.78,17.575,17.745,115205.0,14.981749178830405,15.375784198898355,15.891665204548179,16.593830748564432,17.027468955195737,17.19671107976477,15.331195742910877,,16.62637045459772,"rgba(38, 166, 154, 1.0)",0.503285798125431,16.62637045459772,2.2226527145586026,0,,,0.0,0.0,0.0,0.0,60.09058699425324,3.9899490499300754,True,False,True,False,True,13.258486226398293
2025-09-24 15:00:00+00:00,17.745,17.885,17.725,17.855,66152.0,14.986008126266277,15.380363690054327,15.89671794350108,16.598869907964673,17.034943422206062,17.224730174350412,15.335743900527438,,16.63361015679822,"rgba(38, 166, 154, 1.0)",0.4976372100164441,16.63361015679822,2.4543780461300724,0,,,0.0,0.0,0.0,0.0,64.07903572821674,6.528298327180323,True,False,True,False,True,14.69804243806109
2025-09-24 16:00:00+00:00,17.855,17.885,17.81,17.865,87586.0,14.991690159261761,15.386478977334566,15.903476650638476,16.605649662460593,17.04501564662432,17.25995342961321,15.341816600444236,,16.643216403395016,"rgba(38, 166, 154, 1.0)",0.48994996986746614,16.643216403395016,2.4936905230047897,0,,,0.0,0.0,0.0,0.0,66.82777658539264,9.221576248020384,True,False,True,False,True,14.828186899807815
2025-09-24 17:00:00+00:00,17.865,17.985,17.835,17.935,110544.0,14.998991661250361,15.394356396282488,15.912222732111795,16.614542988353243,17.058373715164937,17.303439816701385,15.349636662856822,,16.65572028272546,"rgba(38, 166, 154, 1.0)",0.4817092128721684,16.65572028272546,2.6557094676410538,0,,,0.0,0.0,0.0,0.0,69.31104192623872,11.725266789021795,True,False,True,False,True,15.741701354287393
2025-09-24 18:00:00+00:00,17.935,17.965,17.905,17.945,148543.0,15.008812668103905,15.404948042936008,15.923972348165913,16.626485743310862,17.076095821586318,17.355196260610295,15.360151626850792,,16.672031257827136,"rgba(38, 166, 154, 1.0)",0.47186327993934174,16.672031257827136,2.6977491071916107,0,,,0.0,0.0,0.0,0.0,71.0626724695494,13.618237411589504,True,False,True,False,True,15.872555449674309
2025-09-24 19:00:00+00:00,17.945,17.985,17.81,17.815,294542.0,15.027643931804333,15.425131744515374,15.946095101016745,16.648339736377324,17.106582475682877,17.426831605731724,15.380204900177967,,16.699744875298514,"rgba(38, 166, 154, 1.0)",0.45706138330454815,16.699744875298514,2.4400554617811,0,,,0.0,0.0,0.0,0.0,68.72933040585426,13.618237411589504,True,False,True,False,True,13.286431241735478
2025-09-25 14:00:00+00:00,17.615,17.81,17.61,17.755,192190.0,15.03917830249921,15.437353881234655,15.959193458442774,16.66054621509008,17.121699248869398,17.451650765883855,15.392365863266285,,16.71360227344552,"rgba(38, 166, 154, 1.0)",0.43897590690948635,16.71360227344552,2.3723345863927046,0,,,0.0,0.0,0.0,0.0,65.71840007578025,13.618237411589504,True,False,True,False,False,12.118787692944348
2025-09-25 15:00:00+00:00,17.755,17.92,17.7,17.815,127346.0,15.047011716538538,15.445685129022191,15.968187540630243,16.66912916736366,17.132696459632182,17.470469294916867,15.40065134119451,,16.723575362818288,"rgba(38, 166, 154, 1.0)",0.423743112304359,16.723575362818288,2.575675227489677,0,,,0.0,0.0,0.0,0.0,64.66782096019871,13.618237411589504,True,False,True,False,False,12.956103540500212
2025-09-25 16:00:00+00:00,17.815,17.815,17.715,17.775,86615.0,15.052231292632102,15.451215166874903,15.974112544007905,16.674675490911586,17.139513377836206,17.480695575104782,15.406153693810525,,16.729801160080342,"rgba(38, 166, 154, 1.0)",0.40574419447665655,16.729801160080342,2.576004423840966,0,,,0.0,0.0,0.0,0.0,62.910023605140985,19.613238888007672,True,False,True,False,False,12.166515150637732
2025-09-25 17:00:00+00:00,17.775,18.07,17.76,17.775,147035.0,15.061370733013328,15.460945291079442,15.9846374765554,16.684812974966732,17.152544786404977,17.502043334131116,15.415828949610642,,16.741552421052123,"rgba(38, 166, 154, 1.0)",0.4031462189752416,16.741552421052123,2.563455962888101,0,,,0.0,0.0,0.0,0.0,61.73815870176918,18.126338636252,True,False,True,False,False,12.166515150637743
2025-09-25 18:00:00+00:00,17.775,17.84,17.715,17.795,129238.0,15.06911331421721,15.469133536583012,15.993379261389288,16.69295248096456,17.162304838507044,17.515030688051844,15.423977973314535,,16.750491462967233,"rgba(38, 166, 154, 1.0)",0.39685160727702484,16.750491462967233,2.6319876696471156,0,,,0.0,0.0,0.0,0.0,61.377686919746566,17.34476421208666,True,False,True,False,False,12.458808394164457
2025-09-25 19:00:00+00:00,17.795,17.84,17.675,17.695,198608.0,15.080723226724839,15.481353486784998,16.006302944168645,16.704703101756312,17.175644801773906,17.52971462808297,15.436146760452363,,16.762903123370315,"rgba(38, 166, 154, 1.0)",0.389513151890479,16.762903123370315,2.3929792154791403,0,,,0.0,0.0,0.0,0.0,58.12801273010349,13.911868658742932,True,False,True,False,False,10.43118182940606
2025-09-26 14:00:00+00:00,17.96,18.175,17.935,17.985,66372.0,15.085009044249944,15.485938240736099,16.011308287547568,16.709676983521312,17.182237819401195,17.54058744477062,15.440702717843749,18.031666666666666,16.866333192329133,"rgba(38, 166, 154, 1.0)",0.38425020002125726,16.866333192329133,2.911297918931415,0,,,0.0,0.0,0.0,0.0,61.23186651296649,13.911868658742932,True,False,True,False,True,14.576538824988194
2025-09-26 15:00:00+00:00,17.985,18.055,17.935,18.0,69284.0,15.08941665486461,15.490641036032088,16.016416852029142,16.714693053580792,17.188733473330085,17.55067201836302,15.445377517680381,18.013791010595426,16.870992426312775,"rgba(38, 166, 154, 1.0)",0.3785575158320767,16.870992426312775,2.982393761766016,0,,,0.0,0.0,0.0,0.0,63.50368425059415,13.911868658742932,True,False,True,False,True,14.780591724113375
2025-09-26 16:00:00+00:00,18.005,18.02,17.935,17.975,112658.0,15.09650604223767,15.498189703703572,16.02458431521195,16.722640438212135,17.198821173246525,17.56545663400242,15.452883187807043,17.99694800400568,16.878802802612935,"rgba(38, 166, 154, 1.0)",0.3671731309726633,16.878802802612935,2.9855049428131513,0,,,0.0,0.0,0.0,0.0,64.25125008895219,8.704070375760182,True,False,True,False,True,14.267901343192818
2025-09-26 17:00:00+00:00,17.975,17.985,17.825,17.825,98148.0,15.102444119747734,15.504469418791833,16.03128890979852,16.72894651980248,17.206316700671806,17.57463915190606,15.45913259810801,17.963346071623054,16.883653001377986,"rgba(38, 166, 154, 1.0)",0.36187036651585996,16.883653001377986,2.6013376217716786,0,,,0.0,0.0,0.0,0.0,60.677100735212484,8.704070375760182,True,False,True,False,False,11.252335978936248
2025-09-26 18:00:00+00:00,17.825,17.86,17.72,17.795,105070.0,15.10857536133263,15.510911300686004,16.038078545315912,16.735118206081136,17.213148253465828,17.581250129858205,15.465548765535951,17.923396843043978,16.887727110197076,"rgba(38, 166, 154, 1.0)",0.3590406135276663,16.887727110197076,2.5269366629271715,0,,,0.0,0.0,0.0,0.0,57.57823567384518,13.254812160504933,True,False,True,False,False,10.661775454950124
2025-09-26 19:00:00+00:00,17.795,17.8,17.685,17.77,119396.0,15.115405368884156,15.518059997544386,16.0455560864343,16.74178270417816,17.22019670311279,17.58695170695197,15.472672405622351,17.887483564769404,16.892291398765742,"rgba(38, 166, 154, 1.0)",0.3573771697263305,16.892291398765742,2.4559727805399043,0,,,0.0,0.0,0.0,0.0,54.891292734239215,10.675755408069051,False,False,True,False,False,10.165923436711871
2025-09-29 14:00:00+00:00,17.34,17.545,17.285,17.445,65261.0,15.118662953758173,15.521379528702616,16.04883844283698,16.74422224821731,17.221651485369293,17.58404325122209,15.475991968661674,17.840041468284845,16.891554896335677,"rgba(239, 83, 80, 1.0)",0.3544815145311603,16.891554896335677,1.561280577342132,0,,,0.0,0.0,0.0,0.0,47.380085316197146,3.7533373846668496,False,True,False,True,False,4.092707370782474
2025-09-29 15:00:00+00:00,17.445,17.485,17.38,17.455,71718.0,15.122255480312779,15.525042834976585,16.052466712393088,16.74694177897813,17.22334273901581,17.581255482843765,15.479654954105808,17.79951330000504,16.891408986007605,"rgba(239, 83, 80, 1.0)",0.35139821101261154,16.891408986007605,1.6038528265932652,0,,,0.0,0.0,0.0,0.0,42.639877761757205,-0.39095428449836334,False,True,False,True,False,4.251110247617834
2025-09-29 16:00:00+00:00,17.455,17.485,17.395,17.415,67798.0,15.125629260977503,15.528478056107474,16.05585881104534,16.749462510033137,17.2248570599481,17.578567802356535,15.483090517989199,17.767362848419612,16.89152482587523,"rgba(239, 83, 80, 1.0)",0.34952606264573416,16.89152482587523,1.4976713615068613,0,,,0.0,0.0,0.0,0.0,38.92001622420245,-3.6362102198716,False,True,False,True,False,3.5350172608142003
2025-09-29 17:00:00+00:00,17.41,17.41,17.245,17.265,64581.0,15.12866009844811,15.53152462269409,16.058782313497336,16.75140962840054,17.225419626879543,17.573992629202817,15.486142626082687,17.73195559408741,16.89073050401298,"rgba(239, 83, 80, 1.0)",0.3477352726140693,16.89073050401298,1.0763058149766749,0,,,0.0,0.0,0.0,0.0,34.59296544277072,-7.5245592800010215,False,True,False,True,False,0.910373382693983
2025-09-29 18:00:00+00:00,17.265,17.345,17.215,17.34,61480.0,15.131528779664826,15.534404362110717,16.061537967281566,16.75322854561148,17.225904680514432,17.569672837443548,15.489028097739713,17.70250601412488,16.890157989846692,"rgba(239, 83, 80, 1.0)",0.345692307075718,16.890157989846692,1.3012786253724113,0,,,0.0,0.0,0.0,0.0,33.932448538759104,-8.153554403067133,False,True,False,True,False,2.152499307993306
2025-09-29 19:00:00+00:00,17.335,17.345,17.245,17.28,272446.0,15.144092321422328,15.54698210165821,16.0735062859352,16.761001141058816,17.22770023342941,17.551409038847893,15.50163523149732,17.606794495656093,16.88918948151595,"rgba(239, 83, 80, 1.0)",0.3423068535424662,16.88918948151595,1.1416964470317528,0,,,0.0,0.0,0.0,0.0,32.67677602156532,-9.580045611063362,False,True,False,True,False,1.1108566866029292
2025-09-30 14:00:00+00:00,17.055,17.07,16.825,16.875,85983.0,15.147354710218275,15.550087080782436,16.07611124458018,16.761739611799694,17.225032891307023,17.53872594355922,15.504769170686142,17.560161997415744,16.885631397608552,"rgba(239, 83, 80, 1.0)",0.34384943279376484,16.885631397608552,-0.030918758603649923,0,,,0.0,0.0,0.0,0.0,28.190858895211562,-14.036422121590164,False,True,False,True,False,0.0
2025-09-30 15:00:00+00:00,16.875,17.135,16.85,17.015,136021.0,15.152713030544389,15.55524313582354,16.08056967994271,16.76344200407785,17.221955794502858,17.522048946443665,15.509965216335454,17.505590358750602,16.881867186709144,"rgba(239, 83, 80, 1.0)",0.3424030473681685,16.881867186709144,0.3888190082248473,0,,,0.0,0.0,0.0,0.0,28.530247301442486,-14.036422121590164,False,True,False,True,False,0.0
2025-09-30 16:00:00+00:00,17.015,17.085,16.875,16.975,71495.0,15.155484160153541,15.557898149444677,16.08284108365855,16.764246026982086,17.220217305459542,17.513343684277864,15.512642391736312,17.479906664186615,16.879961802592693,"rgba(239, 83, 80, 1.0)",0.34081192139643113,16.879961802592693,0.27885819550531754,1,0.2534709478836715,0.2534709478836715,0.0,0.0,0.0,0.0,28.38427949602391,-14.552215778884822,False,True,False,True,False,0.0
2025-09-30 17:00:00+00:00,16.975,17.0,16.9,16.915,61268.0,15.157800244992933,15.560101657216817,16.084691910662585,16.764802423502555,17.21850399792358,17.505561069356588,15.514866455729669,17.45820517918602,16.87818253903375,"rgba(239, 83, 80, 1.0)",0.340414069537233,16.87818253903375,0.10815493324438095,1,0.2605154801720253,0.2605154801720253,0.0,0.0,0.0,0.0,27.719461166992218,-15.721828677477106,False,True,False,True,False,0.0
2025-09-30 18:00:00+00:00,16.915,16.925,16.865,16.895,83992.0,15.160888556382213,15.563016409561746,16.08708808262038,16.765370393925195,17.21583071392293,17.494438660693334,15.51781168722752,17.42887747930165,16.875529591937646,"rgba(239, 83, 80, 1.0)",0.34255448701883606,16.875529591937646,0.05683886447321054,1,0.2684949222008032,0.2684949222008032,0.0,0.0,0.0,0.0,27.080774033479386,-16.882064028378664,False,True,False,True,False,0.0
2025-09-30 19:00:00+00:00,16.895,17.055,16.88,16.985,234826.0,15.169852335620462,15.571573680439048,16.09435506658027,16.767876227612984,17.210354741174534,17.469184699400547,15.526444291049145,17.370984967504544,16.87088653988987,"rgba(239, 83, 80, 1.0)",0.34185915913552184,16.87088653988987,0.3338025530709613,1,0.27775122723365686,0.27775122723365686,0.0,0.0,0.0,0.0,29.15593103058765,-16.882064028378664,False,True,False,True,False,0.0
2025-10-01 14:00:00+00:00,16.815,16.905,16.76,16.835,114337.0,15.173848471771702,15.57529035600371,16.09729367762605,16.768258016427463,17.206254476928656,17.454526808158075,15.530207428939342,17.339655060935357,16.867410758901634,"rgba(239, 83, 80, 1.0)",0.34293490833030205,16.867410758901634,-0.0945099437658203,1,0.287714613720114,0.287714613720114,0.0,0.0,0.0,0.0,28.76988790713957,-16.882064028378664,False,True,False,True,False,0.0
2025-10-01 15:00:00+00:00,16.835,16.945,16.79,16.845,119957.0,15.178087483692424,15.579248410078419,16.100462504132242,16.768816003105023,17.202348291965347,17.440487441453136,15.53421262791803,17.312020350375338,16.864340094820488,"rgba(239, 83, 80, 1.0)",0.34336783260612774,16.864340094820488,-0.056324713569409025,1,0.29912187555414016,0.29912187555414016,0.0,0.0,0.0,0.0,28.796034682998283,-16.882064028378664,False,True,False,True,False,0.0
2025-10-01 16:00:00+00:00,16.845,16.94,16.835,16.875,77762.0,15.18086201524011,15.581847719236269,16.10256533790982,16.769265741332095,17.200032253250882,17.43208712902936,15.536841598414124,17.29658617044771,16.862643627241642,"rgba(239, 83, 80, 1.0)",0.34367581099522315,16.862643627241642,0.0359535712524433,1,0.3101524261512273,0.3101524261512273,0.0,0.0,0.0,0.0,29.722754738528344,-16.882064028378664,False,True,False,True,False,0.0
2025-10-01 17:00:00+00:00,16.875,16.905,16.815,16.84,63014.0,15.183064225297256,15.583898089248086,16.104195932285993,16.76953243144071,17.198004526728766,17.42510143354895,15.538917168595363,17.28402080586318,16.861155813598224,"rgba(239, 83, 80, 1.0)",0.3482410757607552,16.861155813598224,-0.060750483130134696,1,0.3223767505722445,0.3223767505722445,0.0,0.0,0.0,0.0,29.83630825288712,-16.882064028378664,False,True,False,True,False,0.0
2025-10-01 18:00:00+00:00,16.84,16.855,16.795,16.845,74517.0,15.18562728426707,15.586272991612404,16.106059563725207,16.76976465238948,17.195488219704497,17.416750174263996,15.54132287727594,17.26934843355167,16.85932031024784,"rgba(239, 83, 80, 1.0)",0.3535221745917631,16.85932031024784,-0.040507530438157656,1,0.32549792243708103,0.32549792243708103,0.0,0.0,0.0,0.0,30.090134580506863,-16.882064028378664,False,True,False,True,True,0.0
2025-10-01 19:00:00+00:00,16.845,16.855,16.73,16.735,149465.0,15.19056293844028,15.590787534975764,16.10947076095537,16.769791205706913,17.189751082940894,17.399087088007082,15.545904392780923,17.239049507482207,16.85508670846918,"rgba(239, 83, 80, 1.0)",0.3608093754402266,16.85508670846918,-0.3328259093119794,1,0.3297128220540191,0.3297128220540191,0.0,0.0,0.0,0.0,28.637313540558345,-18.0770564066251,False,True,False,True,True,0.0
2025-10-02 14:00:00+00:00,16.805,16.815,16.59,16.595,137338.0,15.194767337617613,15.594534164121852,16.112075874423756,16.769090936300014,17.183299642129274,17.38106659046841,15.549721004898302,17.208629915327332,16.87255765416996,"rgba(239, 83, 80, 1.0)",0.37191714179440716,16.87255765416996,-0.7462889525091919,1,0.33142498869353887,0.33142498869353887,0.0,0.0,0.0,0.0,26.07790759506148,-20.674336420741703,False,True,False,True,False,0.0
2025-10-02 15:00:00+00:00,16.595,16.71,16.595,16.71,237262.0,15.201999091645432,15.600975543725914,16.116559537814524,16.767961289598873,17.172625705482062,17.352142704691648,15.556282855319225,17.163475466565817,16.8648093300016,"rgba(239, 83, 80, 1.0)",0.3795177950464476,16.8648093300016,-0.4079105960832517,1,0.33626176374035743,0.33626176374035743,0.0,0.0,0.0,0.0,28.226714535706606,-20.674336420741703,False,True,False,True,True,0.0
2025-10-02 16:00:00+00:00,16.705,16.715,16.605,16.65,135666.0,15.206060578782443,15.604573094759548,16.119022739759114,16.76722825817124,17.166543318445274,17.336298086369144,15.559950536417606,17.140224181902518,16.86026791719292,"rgba(239, 83, 80, 1.0)",0.38785126479588045,16.86026791719292,-0.5421354428316302,1,0.34025069573826167,0.34025069573826167,0.0,0.0,0.0,0.0,28.801795472689328,-20.674336420741703,False,True,False,True,True,0.0
2025-10-02 17:00:00+00:00,16.655,16.735,16.645,16.715,72208.0,15.20827489133441,15.606553342471718,16.120425530734032,16.766987583638553,17.16362389316786,17.328654871762367,15.561966488589995,17.129691117454296,16.85846880611152,"rgba(239, 83, 80, 1.0)",0.3943711495580831,16.85846880611152,-0.3637913327896489,1,0.3475751249882949,0.3475751249882949,0.0,0.0,0.0,0.0,31.23799342559716,-22.12423229894882,False,True,False,True,True,0.0
2025-10-02 18:00:00+00:00,16.715,16.775,16.705,16.715,59691.0,15.210141242937274,15.608234729502467,16.121646624840114,16.766885877756973,17.161408819439302,17.322800387518893,15.563676325508832,17.121999835546227,16.857299179618867,"rgba(239, 83, 80, 1.0)",0.3985652986619099,16.857299179618867,-0.3570285222938454,1,0.34887796597022686,0.34887796597022686,0.0,0.0,0.0,0.0,32.86212539420238,-20.585433909275565,False,True,False,True,True,0.0
2025-10-02 19:00:00+00:00,16.715,16.755,16.685,16.745,156733.0,15.215009408584141,15.612612756745301,16.124812403073772,16.766596578385784,17.155655029825905,17.307877226786086,15.568129462300822,17.102990180175265,16.854099366470724,"rgba(239, 83, 80, 1.0)",0.40286303084520125,16.854099366470724,-0.27081007220204273,1,0.34850695566264744,0.34850695566264744,0.0,0.0,0.0,0.0,34.98515100653326,-18.591421976555115,False,True,False,True,True,0.0
2025-10-03 14:00:00+00:00,16.865,16.975,16.815,16.885,182880.0,15.22125921847927,15.618419607340984,16.129453261898018,16.767682172759006,17.151625076513966,17.296032812718014,15.574008099365908,17.09171836666203,16.85418417289443,"rgba(239, 83, 80, 1.0)",0.4023906375965835,16.85418417289443,0.07658186902565234,1,0.34860149545239294,0.34860149545239294,0.0,0.0,0.0,0.0,40.53489843920646,-13.536155122776371,False,True,False,True,True,0.0
2025-10-03 15:00:00+00:00,16.885,16.95,16.845,16.95,219225.0,15.22879376416831,15.625437682298104,16.135110991480992,16.769199215627914,17.14737277220613,17.283463295862397,15.58111015917636,17.0810981211226,16.854293130045768,"rgba(239, 83, 80, 1.0)",0.40253948382263793,16.854293130045768,0.2377577201753465,1,0.34834479739316637,0.34834479739316637,0.0,0.0,0.0,0.0,45.78787552292589,-8.96210117544203,False,False,False,True,True,0.0
2025-10-03 16:00:00+00:00,16.945,17.005,16.945,16.98,60967.0,15.230953436061062,15.627468631211613,16.136793234544836,16.769791670530907,17.146523880458922,17.280674315444088,15.58316260242206,17.07938143651658,16.854668821162416,"rgba(239, 83, 80, 1.0)",0.4030877444550868,16.854668821162416,0.31092778324732395,1,0.34834479739316637,0.34834479739316637,0.0,0.0,0.0,0.0,49.983893776175265,-5.43019648686932,True,False,True,False,True,0.0
2025-10-03 17:00:00+00:00,16.975,17.035,16.945,16.985,70057.0,15.233445069248999,15.629814978362703,16.138744746756906,16.770506452371173,17.145625074614227,17.277652080877893,15.585533300287771,17.077693485664344,16.85514102578933,"rgba(239, 83, 80, 1.0)",0.4043128081659131,16.85514102578933,0.3211844185687564,1,0.3478003324788617,0.3478003324788617,0.0,0.0,0.0,0.0,52.904074103801605,-3.0105032628769095,True,False,True,False,True,0.0
2025-10-03 18:00:00+00:00,16.985,17.005,16.895,16.905,47323.0,15.235073125571398,15.631333302941561,16.139975489887064,16.770869071263345,17.144819784202042,17.275275840806774,15.587069456426374,17.07592863134754,16.855159138435255,"rgba(239, 83, 80, 1.0)",0.40650142116057225,16.855159138435255,0.12260931689352857,1,0.3467132757701796,0.3467132757701796,0.0,0.0,0.0,0.0,52.159331915153295,-3.0105032628769095,True,False,True,False,True,0.0
2025-10-03 19:00:00+00:00,16.905,17.065,16.905,16.975,208560.0,15.24240722125266,15.638220958352541,16.14567028699767,16.772897346952742,17.142116201443653,17.266568395098457,15.594031029449917,17.0710561531267,16.856113163851806,"rgba(239, 83, 80, 1.0)",0.4074226837614748,16.856113163851806,0.29180220171000104,1,0.3461596820369819,0.3461596820369819,0.0,0.0,0.0,0.0,53.62255154731184,-2.4548892807528233,True,False,True,False,True,0.0
2025-10-06 14:00:00+00:00,17.265,17.475,17.25,17.405,229161.0,15.252209170711353,15.647909848004192,16.15475424778322,16.779213820155125,17.146310447680133,17.2700428375245,15.603755261532415,17.087480947891457,16.865611263782416,"rgba(38, 166, 154, 1.0)",0.40664525124550494,16.865611263782416,1.326435596052095,1,0.3470124429461305,0.3470124429461305,0.0,0.0,0.0,0.0,61.139418498689494,4.5504058304574855,True,False,True,False,True,5.459104076363985
2025-10-06 15:00:00+00:00,17.405,17.525,17.345,17.475,131694.0,15.257990166979509,15.65365794469259,16.160216841436693,16.783212617288413,17.14938259848398,17.273218632843875,15.609519683043318,17.098292200664876,16.871477062456865,"rgba(38, 166, 154, 1.0)",0.4070177409420883,16.871477062456865,1.48279270615137,1,0.3477565837453521,0.3477565837453521,0.0,0.0,0.0,0.0,66.75740695588647,9.54274997095694,True,False,True,False,True,6.539100930353289
2025-10-06 16:00:00+00:00,17.475,17.55,17.455,17.495,38761.0,15.259725872106213,15.65539128021233,16.161879985848845,16.784471200051964,17.150429165042752,17.274401374099103,15.611256925991766,17.101803540145642,16.93188429103686,"rgba(38, 166, 154, 1.0)",0.40733203579825006,16.93188429103686,1.3824488610614738,1,0.34867869562358117,0.34867869562358117,0.0,0.0,0.0,0.0,70.67854160711477,12.959945073773184,True,False,True,False,True,6.847681604125526
2025-10-06 17:00:00+00:00,17.495,17.495,17.38,17.425,91426.0,15.263687758102982,15.659319558158847,16.16559192517597,16.78714743139481,17.152407047644086,17.276332713013975,15.615197771460702,17.10850079503422,16.933058843355592,"rgba(38, 166, 154, 1.0)",0.4071734915885509,16.933058843355592,1.2081856181873334,1,0.35034920231652805,0.35034920231652805,0.0,0.0,0.0,0.0,71.03564259755734,13.267558515521443,True,False,True,False,True,5.550983309373578
2025-10-06 18:00:00+00:00,17.425,17.465,17.375,17.44,56176.0,15.26610749482933,15.66171562187747,16.167850029520643,16.788764046756416,17.153580167771896,17.277446891397926,15.617601901906292,17.112401575418936,16.93472221873887,"rgba(38, 166, 154, 1.0)",0.40651841929411353,16.93472221873887,1.242939451891272,1,0.3520135270246736,0.3520135270246736,0.0,0.0,0.0,0.0,71.46547771862964,13.933461456603595,True,False,True,False,True,5.790736243115113
2025-10-06 19:00:00+00:00,17.435,17.485,17.4,17.455,141313.0,15.27222669357587,15.667782363742619,16.173584468408265,16.792921171942293,17.15670020439687,17.280544009892633,15.62368801522241,17.12240223234229,16.939995733127077,"rgba(38, 166, 154, 1.0)",0.406107073264077,16.939995733127077,1.2681489705007731,1,0.35268427861033896,0.35268427861033896,0.0,0.0,0.0,0.0,71.9586462835272,14.829677220298734,True,False,True,False,True,6.033681707517815
2025-10-07 14:00:00+00:00,17.225,17.24,17.015,17.17,90871.0,15.27559412218189,15.670996672782314,16.17636794499842,16.794332481256156,17.15659799156622,17.278928536500196,15.626929108540768,17.122765863390665,16.937589533412744,"rgba(38, 166, 154, 1.0)",0.4053846132808251,16.937589533412744,0.5733085543290171,1,0.354053359216763,0.354053359216763,0.0,0.0,0.0,0.0,64.41551046920179,21.7556841441032,True,False,True,False,False,0.8701924567375627
2025-10-07 15:00:00+00:00,17.175,17.245,17.115,17.205,52934.0,15.277599040002922,15.672921821232062,16.178060035622927,16.79525909255538,17.156723184601457,17.278318788850665,15.628868702428115,17.123478968118217,16.937232548381893,"rgba(38, 166, 154, 1.0)",0.40438920686733226,16.937232548381893,0.6621528148399668,1,0.35615361770849424,0.35615361770849424,0.0,0.0,0.0,0.0,60.10988055401299,17.722181224907914,True,False,True,False,False,1.4574297372458318
2025-10-07 16:00:00+00:00,17.205,17.345,17.205,17.335,52056.0,15.279676447412292,15.674943204162137,16.17989365979759,16.79641222220646,17.157257553118654,17.27842847291712,15.630901576826105,17.12529405751792,16.938073145114174,"rgba(38, 166, 154, 1.0)",0.4038188426235421,16.938073145114174,0.9829329713964327,1,0.35867466020380606,0.35867466020380606,0.0,0.0,0.0,0.0,59.6928296155954,17.216504630932135,True,False,True,False,False,3.601116848863928
2025-10-07 17:00:00+00:00,17.335,17.405,17.3,17.365,69188.0,15.282515215411172,15.67772402273253,16.182455703948193,16.798125187848026,17.15827654686137,17.27910629517704,15.633695659655299,17.12850318345779,16.939957493796722,"rgba(38, 166, 154, 1.0)",0.40240282806684585,16.939957493796722,1.056261230183674,1,0.36098733771197866,0.36098733771197866,0.0,0.0,0.0,0.0,59.934594813359425,17.12477892830185,True,False,True,False,False,4.087854614638818
2025-10-07 18:00:00+00:00,17.365,17.41,17.315,17.355,34225.0,15.283918844809788,15.679098928411694,16.183722528206694,16.798973702294067,17.158785173582753,17.27945149231819,15.635077124885177,17.130080660329398,16.94089169067436,"rgba(38, 166, 154, 1.0)",0.3994387955012769,16.94089169067436,1.0367253105847036,1,0.36149960817997384,0.36149960817997384,0.0,0.0,0.0,0.0,59.813526228209426,16.514775660816795,True,False,True,False,False,3.904892896435154
2025-10-07 19:00:00+00:00,17.355,17.445,17.355,17.4,145140.0,15.289964564605558,15.6850428435365,16.18924633617099,16.802798287870182,17.161337118642127,17.2815942299301,15.641046386931805,17.137661607875888,16.945573637968078,"rgba(38, 166, 154, 1.0)",0.3972423183141734,16.945573637968078,1.1439525475544154,1,0.3615313541856482,0.3615313541856482,0.0,0.0,0.0,0.0,60.62559433550852,16.514775660816795,True,False,True,False,False,4.652180050553021
2025-10-08 14:00:00+00:00,17.28,17.65,17.265,17.52,138827.0,15.295928567104593,15.690947868477952,16.19482194702677,16.80688515228371,17.16451278970898,17.28488322298454,15.646970945853038,17.146574103370607,16.951209947823198,"rgba(38, 166, 154, 1.0)",0.396338819016784,16.951209947823198,1.4351106298086702,1,0.3612684801869252,0.3612684801869252,0.0,0.0,0.0,0.0,63.253240687265944,16.514775660816795,True,False,True,False,True,6.608292894652038
2025-10-08 15:00:00+00:00,17.525,17.645,17.455,17.475,104130.0,15.300475895869596,15.695466567038153,16.199123400824654,16.810129085484064,17.16720136402903,17.287856838428166,15.651502363718985,17.153857037676786,16.955778578643717,"rgba(38, 166, 154, 1.0)",0.3947538519175757,16.955778578643717,1.3153042556369985,1,0.3610564930277518,0.3610564930277518,0.0,0.0,0.0,0.0,63.51215181403168,16.514775660816795,True,False,True,False,True,5.74910887329338
2025-10-08 16:00:00+00:00,17.475,17.495,17.325,17.445,67642.0,15.303283122879389,15.698224850481456,16.201686107889376,16.811918327935764,17.168428244787275,17.288924690632093,15.654272529673824,17.157163751256547,16.957761829360955,"rgba(38, 166, 154, 1.0)",0.3933477589355495,16.957761829360955,1.2386956823081332,1,0.36099395621160574,0.36099395621160574,0.0,0.0,0.0,0.0,62.6872213137314,16.514775660816795,True,False,True,False,True,5.174895942011879
2025-10-08 17:00:00+00:00,17.445,17.535,17.44,17.475,59835.0,15.305832270791853,15.7007444864271,16.20405823267128,16.81365154671299,17.1697655915047,17.2902874604664,15.656801003299995,17.16068774378681,16.959922402303974,"rgba(38, 166, 154, 1.0)",0.3919908415001294,16.959922402303974,1.3140041632729256,1,0.36109780874775166,0.36109780874775166,0.0,0.0,0.0,0.0,62.786039356652566,16.514775660816795,True,False,True,False,True,5.677910781685387
2025-10-08 18:00:00+00:00,17.475,17.495,17.435,17.465,94414.0,15.30980872021443,15.70466505986403,16.20773002976562,16.816293903292383,17.17173081466011,17.292198786754494,15.660736606681262,17.165788688679662,16.96303325695082,"rgba(38, 166, 154, 1.0)",0.39100232712859856,16.96303325695082,1.283794771083515,1,0.3616000951685971,0.3616000951685971,0.0,0.0,0.0,0.0,62.465868873433784,16.514775660816795,True,False,True,False,True,5.480707715915496
2025-10-08 19:00:00+00:00,17.465,17.72,17.465,17.71,223395.0,15.319882522293444,15.71474434370785,16.21747385129773,16.82404605889038,17.178862503125476,17.300764190222765,15.670834772883858,17.1835611874561,16.974000792806855,"rgba(38, 166, 154, 1.0)",0.3926764823871931,16.974000792806855,1.8743144552961137,1,0.3619778945979025,0.3619778945979025,0.0,0.0,0.0,0.0,66.53243057691809,12.369329976778396,True,False,True,False,True,9.484252823325736
2025-10-09 14:00:00+00:00,18.14,18.2,17.93,18.055,132229.0,15.326905647552108,15.721987987427136,16.224913334336623,16.830971858385265,17.18689119812563,17.311960971938436,15.678063445060854,17.202951233675606,16.98588282434353,"rgba(38, 166, 154, 1.0)",0.40110991281981784,16.98588282434353,2.6653970432705965,1,0.35634288758877924,0.35634288758877924,0.0,0.0,0.0,0.0,72.17903320624309,17.645598587827223,True,False,True,False,True,14.491326170820738
2025-10-09 15:00:00+00:00,18.055,18.24,18.02,18.155,83695.0,15.331456505808605,15.726699307049948,16.229786509830745,16.835586258917886,17.192336763161826,17.31958679094098,15.682762761705943,17.215844591395303,16.993695857280308,"rgba(38, 166, 154, 1.0)",0.41121350847182697,16.993695857280308,2.824090451297167,1,0.35053070139323256,0.35053070139323256,0.0,0.0,0.0,0.0,76.50434628084989,21.482703968013226,True,False,True,False,True,15.828854716550751
2025-10-09 16:00:00+00:00,18.155,18.255,18.025,18.055,55918.0,15.334459999381377,15.729802099630058,16.232983250898698,16.838588370541167,17.19583884682162,17.324440373448923,15.685858473577317,17.224019249302916,17.082903152966992,"rgba(38, 166, 154, 1.0)",0.41777610495818646,17.082903152966992,2.3268368762505003,1,0.3456289157808258,0.3456289157808258,0.0,0.0,0.0,0.0,76.47081480473067,21.482703968013226,True,False,True,False,True,13.825323348046101
2025-10-09 17:00:00+00:00,18.055,18.105,17.975,18.04,73440.0,15.338293259805871,15.73374267017497,16.237005703070345,16.842289053263627,17.200041215439086,17.330153044274955,15.689792501567137,17.233682757348046,17.086465908400655,"rgba(38, 166, 154, 1.0)",0.4238288899167772,17.086465908400655,2.249809095804158,1,0.34063793123747493,0.34063793123747493,0.0,0.0,0.0,0.0,76.0143214879998,21.482703968013226,True,False,True,False,True,13.526433983288783
2025-10-09 18:00:00+00:00,18.035,18.055,17.945,18.055,89424.0,15.342908863212006,15.738477873806833,16.24182094791095,16.846683551162705,17.204971522671404,17.33677849760067,15.69452104459568,17.244836860603606,17.091822356038413,"rgba(38, 166, 154, 1.0)",0.43031523119494375,17.091822356038413,2.2383071156624763,1,0.3352489288788643,0.3352489288788643,0.0,0.0,0.0,0.0,75.86616093518259,21.482703968013226,True,False,True,False,True,13.736786331230103
2025-10-09 19:00:00+00:00,18.055,18.105,17.975,18.075,158376.0,15.351145880916336,15.746938165033322,16.250444320959957,16.85460559375937,17.21391112505015,17.34876366339741,15.702968113669716,17.264651080289244,17.103267833356046,"rgba(38, 166, 154, 1.0)",0.4374216223231716,17.103267833356046,2.2215000746488642,1,0.329839477836032,0.329839477836032,0.0,0.0,0.0,0.0,75.99092269372423,21.51796683265833,True,False,True,False,True,14.020679016136285
2025-10-10 14:00:00+00:00,17.51,17.785,17.445,17.59,81826.0,15.354683954229289,15.750445731031705,16.253774753733374,16.857151477699635,17.216041974551636,17.350978382828902,15.706486280375776,17.268936241630435,17.101750998401553,"rgba(38, 166, 154, 1.0)",0.4380479528649446,17.101750998401553,1.1146017197550522,1,0.3294517704498608,0.3294517704498608,0.0,0.0,0.0,0.0,65.19199946320808,20.351544666714815,True,False,True,False,False,4.862994368166618
2025-10-10 15:00:00+00:00,17.59,17.625,17.28,17.305,50117.0,15.356650320082325,15.752352912298274,16.255501155675667,16.85828157797025,17.216662273711894,17.351252310287276,15.708404787310858,17.269959734671414,17.099538348883023,"rgba(239, 83, 80, 1.0)",0.4380927438938152,17.099538348883023,0.4689912215637533,1,0.3297340042191493,0.3297340042191493,0.0,0.0,0.0,0.0,54.78675457838115,11.219859641392453,False,False,False,False,False,0.22294944615710222
2025-10-10 16:00:00+00:00,17.305,17.33,17.215,17.245,43690.0,15.358244395707482,15.753871248116292,16.256818889818305,16.85901087518289,17.216796635567746,17.350853119014083,15.709935875630745,17.269916033200385,17.096942019571717,"rgba(239, 83, 80, 1.0)",0.4383817703517521,17.096942019571717,0.3377375393814485,1,0.3296389194664078,0.3296389194664078,0.0,0.0,0.0,0.0,47.28752552545309,5.028307601319668,False,True,False,True,False,0.0
2025-10-10 17:00:00+00:00,17.245,17.37,17.145,17.32,100217.0,15.36191957944393,15.757377031596965,16.259873409136734,16.860735567207843,17.217200339842613,17.350105613314327,15.713470355204409,17.270041471378146,17.092578927016426,"rgba(239, 83, 80, 1.0)",0.4364218452680694,17.092578927016426,0.5211037794038069,1,0.329715048606786,0.329715048606786,0.0,0.0,0.0,0.0,43.76128410995368,2.38197233256291,False,True,False,True,False,0.4675725394674579
2025-10-10 18:00:00+00:00,17.32,17.42,17.265,17.395,152203.0,15.367711089872934,15.762954889687224,16.264846828084664,16.863834923039,17.218609085143616,17.350258117823188,15.719086481351281,17.272032425962056,17.08999501457937,"rgba(239, 83, 80, 1.0)",0.43287980771582263,17.08999501457937,0.7045950861742682,1,0.32980486326036723,0.32980486326036723,0.0,0.0,0.0,0.0,42.85369154834291,1.7834514321241457,False,True,False,True,False,1.6265924937164087
2025-10-10 19:00:00+00:00,17.395,17.425,17.275,17.31,90888.0,15.37111318988835,15.766218835548196,16.26773249816305,16.865581242974972,17.21930048868985,17.35013416283746,15.72237448867619,17.272875494584504,17.0888173284808,"rgba(239, 83, 80, 1.0)",0.42910479830466536,17.0888173284808,0.5154514057942509,1,0.33013736310177627,0.33013736310177627,0.0,0.0,0.0,0.0,41.15119861294794,0.09182325806750669,False,True,False,True,False,0.2729126730723621
2025-10-13 14:00:00+00:00,17.31,17.31,17.31,17.31,0.0,15.37111318988835,15.766218835548196,16.26773249816305,16.865581242974972,17.21930048868985,17.35013416283746,15.72237448867619,17.272875494584504,17.0888173284808,"rgba(239, 83, 80, 1.0)",0.42396039250686374,17.0888173284808,0.5217059787386091,1,0.3304080992526735,0.3304080992526735,0.0,0.0,0.0,0.0,40.016203322684625,-1.2803440417177256,False,True,False,True,False,0.2729126730723621
2025-10-13 15:00:00+00:00,17.31,17.31,17.31,17.31,0.0,15.37111318988835,15.766218835548196,16.26773249816305,16.865581242974972,17.21930048868985,17.35013416283746,15.72237448867619,17.272875494584504,17.0888173284808,"rgba(239, 83, 80, 1.0)",0.4183942061165178,17.0888173284808,0.5286465928201728,1,0.3306709174771617,0.3306709174771617,0.0,0.0,0.0,0.0,39.259539795842414,-2.461269407393651,False,True,False,True,False,0.2729126730723621
2025-10-13 16:00:00+00:00,17.31,17.31,17.31,17.31,0.0,15.37111318988835,15.766218835548196,16.26773249816305,16.865581242974972,17.21930048868985,17.35013416283746,15.72237448867619,17.272875494584504,17.0888173284808,"rgba(239, 83, 80, 1.0)",0.4148594139386169,17.0888173284808,0.5331509038672188,1,0.3309966839712844,0.3309966839712844,0.0,0.0,0.0,0.0,38.75509744461428,-3.517962732223104,False,True,False,True,False,0.2729126730723621
2025-10-13 17:00:00+00:00,17.31,17.46,17.31,17.445,12719.0,15.371604866284315,15.766694344943625,16.268160820120066,16.865859896951132,17.21945255713816,17.35020409753089,15.722852983592595,17.273116228928117,17.088801886681672,"rgba(239, 83, 80, 1.0)",0.41223848385094625,17.088801886681672,0.8640583722094204,1,0.33104302784440903,0.33104302784440903,0.0,0.0,0.0,0.0,41.936154230004526,-3.517962732223104,False,True,False,True,False,2.4789411681729874
2025-10-13 18:00:00+00:00,17.445,17.515,17.365,17.375,64199.0,15.374099222682458,15.769109766660973,16.27034315391432,16.867296692501775,17.22027121994174,17.350639623720124,15.72528314426017,17.274439570461112,17.088908927392275,"rgba(239, 83, 80, 1.0)",0.40848958216691145,17.088908927392275,0.7003632040996003,1,0.33253522474723446,0.33253522474723446,0.0,0.0,0.0,0.0,42.608253914498434,-3.517962732223104,False,True,False,True,True,1.2873594223736085
2025-10-13 19:00:00+00:00,17.37,17.47,17.36,17.395,90983.0,15.377606594057333,15.772500150300804,16.273394998743257,16.869283448441756,17.221361955246874,17.35115761727916,15.728694994777639,17.276146728035485,17.089106732587876,"rgba(239, 83, 80, 1.0)",0.4052814281905786,17.089106732587876,0.7547675420949247,1,0.3351599713022463,0.3351599713022463,0.0,0.0,0.0,0.0,43.58146282244512,-3.517962732223104,False,True,False,True,True,1.6163966803734588
2025-10-14 14:00:00+00:00,17.165,17.38,17.14,17.325,59829.0,15.379762951929575,15.774549938723686,16.275169955534295,16.87027684551294,17.221591077666528,17.350749749781965,15.7307624180714,17.276192623835527,17.088390108809676,"rgba(239, 83, 80, 1.0)",0.4018952510206506,17.088390108809676,0.5887352253838033,1,0.33733885579021217,0.33733885579021217,0.0,0.0,0.0,0.0,42.717995590246076,-3.517962732223104,False,True,False,True,True,0.4141381990889883
2025-10-14 15:00:00+00:00,17.325,17.465,17.305,17.465,72711.0,15.382555716720573,15.777247824812546,16.277596222733383,16.871857186386702,17.222464713286783,17.351181199567698,15.733477576268271,17.27754786545963,17.08878642151144,"rgba(239, 83, 80, 1.0)",0.3984413664802908,17.08878642151144,0.9442131518921235,1,0.3389256951071963,0.3389256951071963,0.0,0.0,0.0,0.0,45.7447921225731,-3.517962732223104,False,True,False,True,True,2.728581910074258
2025-10-14 16:00:00+00:00,17.465,17.495,17.385,17.385,48320.0,15.384416528301667,15.77904672828768,16.279217040958713,16.872921667768537,17.22307130976796,17.351511401356973,15.735287807780534,17.278499632098903,17.089143187055946,"rgba(239, 83, 80, 1.0)",0.3960771264416173,17.089143187055946,0.7469676817796893,1,0.3408828130633432,0.3408828130633432,0.0,0.0,0.0,0.0,45.9439191352469,-3.517962732223104,False,True,False,True,True,1.3471833287667536
2025-10-14 17:00:00+00:00,17.385,17.435,17.355,17.39,70177.0,15.387075514962817,15.781607403411565,16.281504678848023,16.874380889471546,17.223820989029235,17.35179402402001,15.737865918360917,17.279590573620244,17.089474028110608,"rgba(239, 83, 80, 1.0)",0.38833327146909313,17.089474028110608,0.7738867461767588,1,0.3425448828694307,0.3425448828694307,0.0,0.0,0.0,0.0,46.208167122481,-3.517962732223104,False,True,False,True,True,1.4305686492100875
2025-10-14 18:00:00+00:00,17.395,17.425,17.295,17.345,45042.0,15.388745900479408,15.783207668286055,16.2829175670647,16.875244299857012,17.22419066337854,17.351807869448642,15.739478199527074,17.28004759921689,17.089519248864786,"rgba(239, 83, 80, 1.0)",0.37978131450481517,17.089519248864786,0.6727048998403893,1,0.34426302090490424,0.34426302090490424,0.0,0.0,0.0,0.0,45.305006178393,-3.517962732223104,False,True,False,True,True,0.6440815021812156
2025-10-14 19:00:00+00:00,17.345,17.35,17.17,17.24,100567.0,15.392272909649883,15.78653857100882,16.285760908139594,16.8767547613768,17.22437288423599,17.350867409415034,15.742840613763098,17.279690935756705,17.088589576024155,"rgba(239, 83, 80, 1.0)",0.3714428526610131,17.088589576024155,0.4076277760929852,1,0.3453989265052537,0.3453989265052537,0.0,0.0,0.0,0.0,42.47172640323243,-3.517962732223104,False,True,False,True,False,0.0
2025-10-15 14:00:00+00:00,17.515,17.555,17.395,17.405,75790.0,15.395204484421189,15.789376951545014,16.288329724429886,16.878480470994923,17.225438918179847,17.35158771298772,15.745696196969194,17.281404068605532,17.13284639089149,"rgba(239, 83, 80, 1.0)",0.3663574658621699,17.13284639089149,0.7428635539555227,1,0.34632865709026184,0.34632865709026184,0.0,0.0,0.0,0.0,45.087787793430394,-3.517962732223104,False,True,False,True,True,1.6479176510529463
2025-10-15 15:00:00+00:00,17.405,17.44,17.29,17.315,81798.0,15.398200586023961,15.792239741361326,16.2908443667613,16.87999771135677,17.226057865360715,17.351562806032927,15.748581426555697,17.282115980861114,17.130289079507758,"rgba(239, 83, 80, 1.0)",0.3614281855825461,17.130289079507758,0.5110584283694648,1,0.34677512256759485,0.34677512256759485,0.0,0.0,0.0,0.0,44.886000331677344,-3.517962732223104,False,True,False,True,True,0.10413744975754824
2025-10-15 16:00:00+00:00,17.315,17.35,17.205,17.245,50845.0,15.399980514349378,15.793920823259517,16.29228119628827,16.88077229179526,17.226184598356767,17.351160844247996,15.750278345790292,17.28201450489496,17.128370149329008,"rgba(239, 83, 80, 1.0)",0.3567708907248828,17.128370149329008,0.32690405440316533,1,0.3473044116885996,0.3473044116885996,0.0,0.0,0.0,0.0,43.385087132695816,-3.517962732223104,False,True,False,True,True,0.0
2025-10-15 17:00:00+00:00,17.245,17.245,17.12,17.225,33914.0,15.401121406040406,15.79498679384264,16.293168541327272,16.881193813534633,17.226123281042348,17.350674470286847,15.75135594435287,17.281642217150033,17.126752514429906,"rgba(239, 83, 80, 1.0)",0.35620212654490524,17.126752514429906,0.2758194807062985,1,0.3481384009363605,0.3481384009363605,0.0,0.0,0.0,0.0,41.99722571716592,-3.95476881313909,False,True,False,True,False,0.0
2025-10-15 18:00:00+00:00,17.225,17.265,17.185,17.26,28721.0,15.40210796796406,15.79591399977737,16.293951862413525,16.881595063093368,17.22614179650167,17.350371320699338,15.752292505256023,17.28147668518166,17.125953574638498,"rgba(239, 83, 80, 1.0)",0.3555100003664004,17.125953574638498,0.37705388096917447,1,0.3487715347309162,0.3487715347309162,0.0,0.0,0.0,0.0,42.157928815216295,-4.008725394638766,False,True,False,True,False,0.0
2025-10-15 19:00:00+00:00,17.265,17.32,17.235,17.28,104520.0,15.40577061837039,15.799375489182067,16.296917047998978,16.883218112469457,17.226473223342136,17.349680919509122,15.755786234845054,17.281435140066215,17.124848571105776,"rgba(239, 83, 80, 1.0)",0.35507012376846125,17.124848571105776,0.4369599651121259,1,0.34928440308823944,0.34928440308823944,0.0,0.0,0.0,0.0,42.903743592800375,-4.008725394638766,False,True,False,True,False,0.0
2025-10-16 14:00:00+00:00,17.035,17.135,17.0,17.095,25012.0,15.406550818613024,15.800088815521033,16.29747871601887,16.8834073107492,17.226245918876447,17.349056208142215,15.756509500414861,17.280789533924686,17.123539101545347,"rgba(239, 83, 80, 1.0)",0.35558605349703887,17.123539101545347,-0.08025933881455254,1,0.3486805286678409,0.3486805286678409,0.0,0.0,0.0,0.0,39.591694246703,-6.7429041381631905,False,True,False,True,False,0.0
2025-10-16 15:00:00+00:00,17.095,17.205,17.005,17.01,52578.0,15.408185244207358,15.801581803320408,16.29865173059897,16.883796983332022,17.225759743443362,17.347736315653933,15.75802347297212,17.279423637516835,17.121054181319572,"rgba(239, 83, 80, 1.0)",0.35660627593494965,17.121054181319572,-0.3114195930186831,1,0.3471316718802115,0.3471316718802115,0.0,0.0,0.0,0.0,36.09321579361304,-10.007308971350604,False,True,False,True,False,0.0
2025-10-16 16:00:00+00:00,17.01,17.065,16.885,16.975,33677.0,15.409168712856312,15.802462447642197,16.2993060690087,16.883916680413666,17.22525011530473,17.346596939247107,15.758919007139877,17.27814522384047,17.11898353883209,"rgba(239, 83, 80, 1.0)",0.3580450296309118,17.11898353883209,-0.4021380745894256,1,0.3453425805823082,0.3453425805823082,0.0,0.0,0.0,0.0,33.260531707177165,-12.562896541806715,False,True,False,True,False,0.0
2025-10-16 17:00:00+00:00,16.975,16.995,16.77,16.805,69967.0,15.411053900991307,15.804103625665958,16.300424105819864,16.88384258038611,17.223700366251897,17.343505147251555,15.760594717204667,17.274499735598503,17.113640071607797,"rgba(239, 83, 80, 1.0)",0.35912590329099303,17.113640071607797,-0.8594202444865476,1,0.34176441766230964,0.34176441766230964,0.0,0.0,0.0,0.0,29.349242700467713,-16.07277774765882,False,True,False,True,False,0.0
2025-10-16 18:00:00+00:00,16.805,16.825,16.715,16.79,52376.0,15.412383988391264,15.80523571827034,16.301138167068547,16.883624857157542,17.222297746025408,17.34083996082515,15.761754465937653,17.271297154223646,17.109360148240324,"rgba(239, 83, 80, 1.0)",0.3620373033392639,17.109360148240324,-0.8821194536990936,1,0.33989781277064673,0.33989781277064673,0.0,0.0,0.0,0.0,26.588424434987953,-18.483732376116837,False,True,False,True,False,0.0
2025-10-16 19:00:00+00:00,16.795,16.8,16.65,16.735,311451.0,15.419961753083147,15.811581329502907,16.304913332870466,16.881771334475488,17.21325032833701,17.324180514693936,15.768270696088118,17.251292031293364,17.092475277550406,"rgba(239, 83, 80, 1.0)",0.36551139048835907,17.092475277550406,-0.9780140560675403,1,0.33868247171648175,0.33868247171648175,0.0,0.0,0.0,0.0,24.17917291624546,-20.62525974284698,False,True,False,True,False,0.0
2025-10-17 14:00:00+00:00,16.775,16.895,16.725,16.725,31173.0,15.420746127790945,15.81224832965451,16.305334649250856,16.881651887589005,17.21246058238249,17.32270762988223,15.768954031956405,17.249566542543857,17.091120229408638,"rgba(239, 83, 80, 1.0)",0.36846244934420874,17.091120229408638,-0.993643260148379,1,0.3377411978967512,0.3377411978967512,0.0,0.0,0.0,0.0,22.467841888937844,-22.201936903772225,False,True,False,True,False,0.0
2025-10-17 15:00:00+00:00,16.725,16.825,16.695,16.79,74636.0,15.422604383447277,15.813822400640877,16.30631573444408,16.881333821493318,17.210530534041894,17.31913811415433,15.770567566397279,17.245384624911278,17.087671542272627,"rgba(239, 83, 80, 1.0)",0.3699893838264838,17.087671542272627,-0.8045407659918935,1,0.3387887011569884,0.3387887011569884,0.0,0.0,0.0,0.0,24.200118204573144,-22.201936903772225,False,True,False,True,False,0.0
2025-10-17 16:00:00+00:00,16.795,16.795,16.665,16.695,75913.0,15.42441691598754,15.815331881613485,16.307198648331493,16.880862896786937,17.208356441833807,17.315217342204594,15.772118815790865,17.240751091193463,17.083379313321014,"rgba(239, 83, 80, 1.0)",0.3741728655761802,17.083379313321014,-1.0379676054888634,1,0.33909243221163016,0.33909243221163016,0.0,0.0,0.0,0.0,23.981105249001892,-22.201936903772225,False,True,False,True,False,0.0
2025-10-17 17:00:00+00:00,16.695,16.785,16.685,16.785,39499.0,15.42538225145407,15.816144221877975,16.30769367554908,16.88066897348686,17.207309233581174,17.313310261994463,15.772952317526318,17.238524035185428,17.081540913928727,"rgba(239, 83, 80, 1.0)",0.3749394185301466,17.081540913928727,-0.7909035414074065,1,0.33914622911865916,0.33914622911865916,0.0,0.0,0.0,0.0,27.3273307812228,-22.201936903772225,False,True,False,True,True,0.0
2025-10-17 18:00:00+00:00,16.785,16.845,16.765,16.765,68167.0,15.427095064726643,15.817602641191398,16.308622136857377,16.880439016849138,17.205670891368214,17.31028147328812,15.774446088685602,17.235039821506014,17.07902363372409,"rgba(239, 83, 80, 1.0)",0.3761745330022171,17.07902363372409,-0.834781746701178,1,0.33854151570540747,0.33854151570540747,0.0,0.0,0.0,0.0,29.182544269626387,-26.041552848736522,False,True,False,True,True,0.0
2025-10-17 19:00:00+00:00,16.765,16.805,16.75,16.8,199858.0,15.432067765252645,15.821824444042699,16.311286575553257,16.8797214860529,17.20086488644853,17.30148914984773,15.778771978069374,17.22498167850762,17.07172507110521,"rgba(239, 83, 80, 1.0)",0.37723869901720425,17.07172507110521,-0.720300095968724,1,0.339216280691811,0.339216280691811,0.0,0.0,0.0,0.0,31.788726228303254,-23.480532756792748,False,True,False,True,True,0.0
2025-10-20 14:00:00+00:00,16.915,16.99,16.84,16.86,49288.0,15.433389271622374,15.822979998111174,16.312092906144134,16.879752846046678,17.20001022093709,17.299824944884158,15.779950881513496,17.223182019899834,17.070949192643248,"rgba(239, 83, 80, 1.0)",0.37696444021863124,17.070949192643248,-0.5595997132273334,1,0.34023087244176636,0.34023087244176636,0.0,0.0,0.0,0.0,35.74364474215068,-19.739239329635403,False,True,False,True,True,0.0
2025-10-20 15:00:00+00:00,16.865,16.925,16.82,16.845,79768.0,15.435474354783555,15.82478700137211,16.313319036584524,16.879703814148296,17.198486273275876,17.2969400783531,15.781796772530624,17.220017767980515,17.069219649745914,"rgba(239, 83, 80, 1.0)",0.37696444021863124,17.069219649745914,-0.5948031851913483,1,0.3413078270300619,0.3413078270300619,0.0,0.0,0.0,0.0,37.96057079885481,-17.661410571211896,False,True,False,True,True,0.0
2025-10-20 16:00:00+00:00,16.845,16.945,16.845,16.94,70992.0,15.437385413973482,15.826461955606835,16.314497889513905,16.879784117640682,17.19732878502175,17.294677377305806,15.783504954972381,17.217610452948843,17.068201568594823,"rgba(239, 83, 80, 1.0)",0.37403802138499015,17.068201568594823,-0.34275009829245745,1,0.3436126332171686,0.3436126332171686,0.0,0.0,0.0,0.0,42.71183833262225,-13.24941280691813,False,False,False,True,True,0.0
2025-10-20 17:00:00+00:00,16.945,17.025,16.94,16.975,84285.0,15.439755435947133,15.82857187406575,16.316055253986345,16.880098500863657,17.196298432847676,17.29250775001784,15.785651889114092,17.215439915340315,17.083182526966613,"rgba(239, 83, 80, 1.0)",0.36776531147524144,17.083182526966613,-0.2941618570078079,1,0.34517387218464,0.34517387218464,0.0,0.0,0.0,0.0,46.930508714751525,-9.43129206988332,True,False,False,False,True,0.0
2025-10-20 18:00:00+00:00,16.975,16.975,16.925,16.955,84575.0,15.442082690730551,15.830629400929858,16.317544291430877,16.88032308002792,17.195140157434942,17.290165846769444,15.787747556391505,17.213044054978244,17.08164383308606,"rgba(239, 83, 80, 1.0)",0.3640579970628064,17.08164383308606,-0.3478671917876094,1,0.3510389155740255,0.3510389155740255,0.0,0.0,0.0,0.0,48.99185362046182,-7.577961396219116,True,False,False,False,True,0.0
2025-10-20 19:00:00+00:00,16.955,16.98,16.88,16.96,157542.0,15.446365377961065,15.834402346648341,16.320248783228642,16.880669880075704,17.192909573327317,17.285740758477022,15.791592311804626,17.20850117469238,17.079133239941214,"rgba(239, 83, 80, 1.0)",0.3589483513251957,17.079133239941214,-0.3318952141760428,1,0.3578263359613794,0.3578263359613794,0.0,0.0,0.0,0.0,50.542943401117086,-6.052317101471637,True,False,False,False,True,0.0
2025-10-21 14:00:00+00:00,16.635,16.83,16.605,16.81,119903.0,15.449192330413895,15.836761891900096,16.321659717224712,16.88008714704164,17.189970979474417,17.280621247767858,15.794015837674598,17.202746992096134,17.071970360188175,"rgba(239, 83, 80, 1.0)",0.35720545731958797,17.071970360188175,-0.7333884598347383,1,0.3634553284476966,0.3634553284476966,0.0,0.0,0.0,0.0,46.634938678554526,-6.052317101471637,True,False,False,True,False,0.0
2025-10-21 15:00:00+00:00,16.815,16.915,16.77,16.885,162492.0,15.45332170786911,15.840317874429791,16.324038764062763,16.879948214613016,17.187011854976145,17.275217747274304,15.797651281755003,17.196980014132198,17.067932993514606,"rgba(239, 83, 80, 1.0)",0.35429695642707776,17.067932993514606,-0.5163267428526629,1,0.3674768814395556,0.3674768814395556,0.0,0.0,0.0,0.0,46.773465131437916,-6.052317101471637,True,False,False,True,False,0.0
2025-10-21 16:00:00+00:00,16.885,16.89,16.7,16.72,143143.0,15.456715935020274,15.84316456821002,16.325778890848078,16.87937664313349,17.183775728793027,17.269608254422877,15.80057287788296,17.19080286340422,17.06243270585795,"rgba(239, 83, 80, 1.0)",0.3547913737946235,17.06243270585795,-0.9651663798798408,1,0.36951154676624653,0.36951154676624653,0.0,0.0,0.0,0.0,42.947897475873624,-0.4629398025724214,False,False,False,True,False,0.0
2025-10-21 17:00:00+00:00,16.715,16.755,16.66,16.66,84255.0,15.458586952946883,15.844691089012791,16.326617309512233,16.878804020617277,17.181538116994226,17.265855713195613,15.802146062584205,17.18658839559707,17.05833515213582,"rgba(239, 83, 80, 1.0)",0.358857647000824,17.05833515213582,-1.1100088167688034,1,0.3706272388157485,0.3706272388157485,0.0,0.0,0.0,0.0,39.30661377682483,-3.9943050116079064,False,False,False,True,False,0.0
2025-10-21 18:00:00+00:00,16.665,16.705,16.63,16.645,85402.0,15.46042910974697,15.84617515464937,16.32738984936935,16.878129542424606,17.17914543611126,17.261894445252576,15.803678439268143,17.182119849546428,17.054004799870736,"rgba(239, 83, 80, 1.0)",0.363974283816091,17.054004799870736,-1.1237189495436943,1,0.367744737866912,0.367744737866912,0.0,0.0,0.0,0.0,36.607796966076805,-6.620855556135304,False,True,False,True,False,0.0
2025-10-21 19:00:00+00:00,16.645,16.67,16.595,16.63,131171.0,15.463180976718442,15.848365082028625,16.328468978760228,16.876968140450177,17.175314664099783,17.255628411017764,15.805943898411645,17.175037762274666,17.047268789882025,"rgba(239, 83, 80, 1.0)",0.3696067791198209,17.047268789882025,-1.1289532915919656,1,0.3649699960418507,0.3649699960418507,0.0,0.0,0.0,0.0,34.5194045096556,-8.7250122556447,False,True,False,True,False,0.0
2025-10-22 14:00:00+00:00,16.925,16.955,16.705,16.715,40998.0,15.464155843692488,15.849186350871637,16.32898185754955,16.876842689704063,17.174477466361658,17.254191086841253,15.806786147328905,17.173502289320304,17.04627563665924,"rgba(239, 83, 80, 1.0)",0.37341410001531394,17.04627563665924,-0.8871535291400433,1,0.3632388833779926,0.3632388833779926,0.0,0.0,0.0,0.0,36.62232155676814,-8.7250122556447,False,True,False,True,False,0.0
2025-10-22 15:00:00+00:00,16.715,16.815,16.625,16.765,59614.0,15.46551041917319,15.850306338668737,16.329634508121682,16.876540011232812,17.17308738107513,17.251862816317725,15.80793795526426,17.170963314795102,17.0443540316221,"rgba(239, 83, 80, 1.0)",0.3754348829710794,17.0443540316221,-0.7440811823647662,1,0.3614239624096507,0.3614239624096507,0.0,0.0,0.0,0.0,39.811083284730216,-8.7250122556447,False,False,False,True,True,0.0
2025-10-22 16:00:00+00:00,16.765,16.775,16.615,16.705,57533.0,15.466777294415834,15.851339860711501,16.330205595526955,16.876173764437336,17.17164254509334,17.249477531690992,15.809002990284043,17.168336941658207,17.04224163720096,"rgba(239, 83, 80, 1.0)",0.3792273082881928,17.04224163720096,-0.8892862666542862,1,0.3593788463569858,0.3593788463569858,0.0,0.0,0.0,0.0,40.259181773992495,-8.7250122556447,False,False,False,True,True,0.0
2025-10-22 17:00:00+00:00,16.705,16.745,16.6,16.615,48152.0,15.46779693087207,15.85215707405283,16.330623945492857,16.87579112054813,17.17032571021273,17.24733521052544,15.8098474056789,17.165952824545762,17.040209691335896,"rgba(239, 83, 80, 1.0)",0.3852359520331599,17.040209691335896,-1.1037643010517795,1,0.35609585815047384,0.35609585815047384,0.0,0.0,0.0,0.0,38.42707861490223,-8.7250122556447,False,False,False,True,True,0.0
2025-10-22 18:00:00+00:00,16.615,16.645,16.575,16.625,61244.0,15.469049414936844,15.853144458910153,16.331091457936417,16.875222797392986,17.168537007058127,17.24445814777824,15.810870272474391,17.162727812621434,17.031966012409942,"rgba(239, 83, 80, 1.0)",0.390101141886379,17.031966012409942,-1.0432320460330136,1,0.35366253452461427,0.35366253452461427,0.0,0.0,0.0,0.0,37.619844770422745,-8.7250122556447,False,False,False,True,True,0.0
2025-10-22 19:00:00+00:00,16.625,16.895,16.595,16.77,233882.0,15.47438177241223,15.85757214508828,16.33372582719598,16.87421678655526,17.163491840973037,17.23607039043374,15.815420536495838,17.153776412823042,17.031464071305574,"rgba(239, 83, 80, 1.0)",0.39188523324589764,17.031464071305574,-0.6671955182896956,0,,,0.0,0.0,0.0,0.0,42.13815193900157,-13.829101623701739,True,False,False,True,True,0.0
2025-10-23 14:00:00+00:00,17.45,17.56,17.355,17.425,190629.0,15.481033780859624,15.863917376837648,16.339356713036725,16.878041988488828,17.166268873977817,17.23896168975258,15.821814619237726,17.158904725514546,17.088306763329893,"rgba(38, 166, 154, 1.0)",0.39188523324589764,17.088306763329893,0.8591628571491535,0,,,0.0,0.0,0.0,0.0,54.04317803422603,-2.886733710522016,True,False,True,False,True,6.024032016744474
2025-10-23 15:00:00+00:00,17.425,17.475,17.355,17.455,168827.0,15.486833053606848,15.869430146370478,16.344214455470095,16.881279415338916,17.16852535567629,17.24123658570428,15.827372285407128,17.163018906353443,17.10159142862872,"rgba(38, 166, 154, 1.0)",0.3920137660758208,17.10159142862872,0.9015208187942183,1,0.8871120545987468,0.8871120545987468,0.0,0.0,0.0,0.0,62.18201486521458,4.0993146706489725,True,False,True,False,True,6.499318467395497
2025-10-23 16:00:00+00:00,17.455,17.495,17.385,17.425,136689.0,15.491519165947189,15.87388408689559,16.348139831481518,16.883904394698796,17.170370176274922,17.243102993128034,15.831862520690363,17.166340402046696,17.11051288823844,"rgba(38, 166, 154, 1.0)",0.39176431598530614,17.11051288823844,0.8027456787906047,1,0.8864863040627528,0.8864863040627528,0.0,0.0,0.0,0.0,66.82629406047393,7.864689346281764,True,False,True,False,True,5.930278736549798
2025-10-23 17:00:00+00:00,17.425,17.505,17.365,17.485,67426.0,15.493842192149227,15.876095164117016,16.350095288899727,16.885228983843497,17.17132753742107,17.244089291961842,15.834091171372528,17.16804893041481,17.114710345215467,"rgba(38, 166, 154, 1.0)",0.3931389388312749,17.114710345215467,0.9418798755608658,1,0.8837414527760187,0.8837414527760187,0.0,0.0,0.0,0.0,70.42411965992929,10.898697681798282,True,False,True,False,True,6.90064465345997
2025-10-23 18:00:00+00:00,17.485,17.525,17.44,17.485,96999.0,15.497228351693057,15.879328882411139,16.35297680315849,16.887229657814217,17.172847709812224,17.245705905752654,15.837349125920989,17.170741690536207,17.120973939173258,"rgba(38, 166, 154, 1.0)",0.39448663184303023,17.120973939173258,0.9227842756699322,1,0.8834178356676878,0.8834178356676878,0.0,0.0,0.0,0.0,72.82267005956619,13.07756687167587,True,False,True,False,True,6.90064465345997
2025-10-23 19:00:00+00:00,17.485,17.49,17.285,17.295,299398.0,15.506945822297412,15.88844677950151,16.360792821885827,16.892026962665298,17.175571160342088,17.247972905155024,15.846556817641716,17.175517137516458,17.129973061051153,"rgba(38, 166, 154, 1.0)",0.3943377045444437,17.129973061051153,0.4184914022854978,1,0.8858439128370428,0.8858439128370428,0.0,0.0,0.0,0.0,69.2054400480562,13.07756687167587,True,False,True,False,True,3.2747137975139218
2025-10-24 14:00:00+00:00,17.25,17.26,17.06,17.075,104619.0,15.509907375400175,15.891122180551196,16.362884769817793,16.892879655006773,17.175345030839058,17.247148468673643,15.849272540253653,17.17512707718354,17.128614317855682,"rgba(38, 166, 154, 1.0)",0.3941799904422097,17.128614317855682,-0.13601481342453645,1,0.8881527211935566,0.8881527211935566,0.0,0.0,0.0,0.0,62.49736239653696,22.703492978673737,True,False,True,False,False,0.0
2025-10-24 15:00:00+00:00,17.075,17.185,17.065,17.175,84531.0,15.512307109630786,15.893292836748174,16.364588644416862,16.893592869114265,17.175205457938446,17.246547769714702,15.851475490384473,17.174888304845382,17.127872982451155,"rgba(38, 166, 154, 1.0)",0.39378485688719556,17.127872982451155,0.11967706915237153,2,0.516689387890664,1.033378775781328,0.0,0.0,0.0,0.0,59.657033175048994,19.96199948572277,True,False,True,False,False,1.087897877631196
2025-10-24 16:00:00+00:00,17.175,17.225,17.105,17.14,85092.0,15.514737825008716,15.895496464953062,16.3663292767005,16.894349860716734,17.175128439229116,17.246035453705744,15.853711182489834,17.174758346442893,17.127474710490382,"rgba(38, 166, 154, 1.0)",0.3931425136463767,17.127474710490382,0.031859412490007136,3,0.38746135819187555,1.1623840745756266,0.0,0.0,0.0,0.0,57.10725003840136,17.31825087657664,True,False,True,False,False,0.48037886870997326
2025-10-24 17:00:00+00:00,17.145,17.155,17.06,17.1,41018.0,15.515870179608186,15.896512560004588,16.36711093311455,16.894641643046132,17.174988278649973,17.245649004920324,15.854743522422197,17.174519340698314,17.126970596243073,"rgba(38, 166, 154, 1.0)",0.39145750980424077,17.126970596243073,-0.06889788947096377,3,0.390031385523301,1.170094156569903,0.0,0.0,0.0,0.0,54.630858234393095,14.620920317043144,True,False,True,False,False,0.0
2025-10-24 18:00:00+00:00,17.1,17.135,17.06,17.135,54428.0,15.517374967029866,15.897863781413987,16.368152596708203,16.895036745167157,17.174816383193075,17.245157585892844,15.856116205716098,17.174227342608166,17.126392313648665,"rgba(38, 166, 154, 1.0)",0.39008734295704883,17.126392313648665,0.02206604881380118,3,0.3948265728283986,1.1844797184851958,0.0,0.0,0.0,0.0,53.688320756028034,13.231633299672438,True,False,True,False,False,0.3985318448076143
2025-10-24 19:00:00+00:00,17.135,17.155,17.065,17.07,155746.0,15.521629352521538,15.90167138693124,16.371063963582372,16.8960897324986,17.174229331141692,17.243634056412883,15.859986018610087,17.173235739219542,17.12466071554892,"rgba(38, 166, 154, 1.0)",0.3891274369179294,17.12466071554892,-0.1404699601288929,3,0.397902328329338,1.193706984988014,0.0,0.0,0.0,0.0,51.659897926355384,10.738400546257665,True,False,False,False,False,0.0
2025-10-27 14:00:00+00:00,17.315,17.315,17.075,17.15,83120.0,15.524010140889805,15.903834602329935,16.372785580559363,16.89687882723552,17.17425237347087,17.24328751301521,15.86217993605434,17.173281580020653,17.12488264466195,"rgba(38, 166, 154, 1.0)",0.38761813659834676,17.12488264466195,0.06479922626549758,4,0.3393500380292397,1.3574001521169587,0.0,0.0,0.0,0.0,52.07047772237529,10.529419865888514,True,False,False,False,False,0.67217663190862
2025-10-27 15:00:00+00:00,17.15,17.225,17.115,17.165,53289.0,15.525522165542803,15.90520496897542,16.373869578552902,16.897361668039256,17.174237259687594,17.24302672822674,15.863570226231559,17.173260174173258,17.12494520021618,"rgba(38, 166, 154, 1.0)",0.38614971656568425,17.12494520021618,0.10372867845159764,4,0.3422969018030473,1.3691876072121891,0.0,0.0,0.0,0.0,52.67154938510321,10.455722304259702,True,False,True,False,False,0.9383922177313124
2025-10-27 16:00:00+00:00,17.165,17.185,17.095,17.165,58440.0,15.527157003004653,15.906680645441796,16.37502512519985,16.897850273038618,17.174164925149658,17.24266679263164,15.865068186539487,17.17314247714546,17.124859045229865,"rgba(38, 166, 154, 1.0)",0.38099882953660447,17.124859045229865,0.10535716033289699,4,0.3453775596625657,1.381510238650263,0.0,0.0,0.0,0.0,53.072263826921834,10.153288969905617,True,False,True,False,False,0.9383922177313124
2025-10-27 17:00:00+00:00,17.165,17.18,17.07,17.09,21087.0,15.52773337757162,15.9071972712157,16.375422403567836,16.898001540654025,17.174103693421696,17.242489649079374,15.865593122120526,17.173040751340128,17.12472809963729,"rgba(38, 166, 154, 1.0)",0.36657867904186964,17.12472809963729,-0.09473573238918533,4,0.34805329869830426,1.392213194793217,0.0,0.0,0.0,0.0,51.246487384875195,7.776834589593761,True,False,False,False,False,0.0
2025-10-27 18:00:00+00:00,17.085,17.105,17.055,17.065,31375.0,15.52856946693121,15.907940727837646,16.37598205096126,16.898186219805993,17.173955490704046,17.242149015690373,15.866349378206472,17.172793270570132,17.12437181199541,"rgba(38, 166, 154, 1.0)",0.34741189822339236,17.12437181199541,-0.17089746292232952,4,0.3491932248353701,1.3967728993414803,0.0,0.0,0.0,0.0,49.364963528278864,5.469815349978575,False,False,False,False,False,0.0
2025-10-27 19:00:00+00:00,17.065,17.145,17.065,17.11,137823.0,15.532306522800498,15.911283687840077,16.378540772546746,16.899137406328766,17.17351635004782,17.24094935826888,15.869747006819386,17.172068067155095,17.12350190767551,"rgba(38, 166, 154, 1.0)",0.33043374443239426,17.12350190767551,-0.04086116476603936,4,0.34997172827947504,1.3998869131179001,0.0,0.0,0.0,0.0,49.52800609132727,5.13265105133177,False,False,False,False,False,0.0
2025-10-28 14:00:00+00:00,17.03,17.15,16.935,16.955,57002.0,15.533755635000707,15.912553326696289,16.379458819206555,16.899352486628267,17.173085153853762,17.240118822797765,15.871041168989292,17.17135133221891,17.122476116560513,"rgba(38, 166, 154, 1.0)",0.3131591139194,17.122476116560513,-0.5347956010746003,4,0.3498046172691733,1.3992184690766931,0.0,0.0,0.0,0.0,45.77331836701279,1.2091139095636265,False,False,False,True,False,0.0
2025-10-28 15:00:00+00:00,16.955,17.045,16.945,17.035,71904.0,15.535573384419623,15.914143464242757,16.3806039848683,16.89961079148529,17.17252760950154,17.239056857843217,15.872662363885647,17.170428083925763,17.121190726783972,"rgba(38, 166, 154, 1.0)",0.29312202667605075,17.121190726783972,-0.2940438416087617,4,0.3500783949168464,1.4003135796673856,0.0,0.0,0.0,0.0,45.71770565840348,0.8335670229428658,False,True,False,True,False,0.0
2025-10-28 16:00:00+00:00,17.035,17.055,16.91,16.935,70520.0,15.537301484160631,15.915639302362136,16.381648783793043,16.899766305706073,17.17184661537157,17.237838352229552,15.874189700358686,17.16930255007077,17.119613844106446,"rgba(38, 166, 154, 1.0)",0.27042925504119314,17.119613844106446,-0.682669647107249,4,0.3503207613219493,1.4012830452877971,0.0,0.0,0.0,0.0,43.50236558390324,-1.5696313726162572,False,True,False,True,False,0.0
2025-10-28 17:00:00+00:00,16.935,16.945,16.825,16.925,60591.0,15.538712119016909,15.916837799668285,16.382438998710835,16.89976345598486,17.171071420274238,17.236538445910757,15.875416720639981,17.168022591023473,17.117793385369165,"rgba(38, 166, 154, 1.0)",0.2643937140633049,17.117793385369165,-0.7291905030805792,4,0.3499601390987961,1.3998405563951843,0.0,0.0,0.0,0.0,41.81886096957186,-3.402134972731403,False,True,False,True,False,0.0
2025-10-28 18:00:00+00:00,16.925,16.945,16.875,16.88,67174.0,15.540274513333687,15.91816534753663,16.383315068360503,16.89976397635595,17.17022234353699,17.235115940156767,15.876775831088844,17.166626311999433,17.115857831738353,"rgba(239, 83, 80, 1.0)",0.2639182920242881,17.115857831738353,-0.8936774708918175,4,0.34911658002687895,1.3964663201075158,0.0,0.0,0.0,0.0,39.74367343405878,-5.5563232679026555,False,True,False,True,False,0.0
2025-10-28 19:00:00+00:00,16.875,16.895,16.8,16.85,136544.0,15.54331909294245,15.920711400517675,16.384909576700906,16.899535017811704,17.168185843670518,17.231821040408963,15.87938846143542,17.163291091630608,17.11128584289384,"rgba(239, 83, 80, 1.0)",0.2642753648538224,17.11128584289384,-0.9886878523026972,4,0.34857427818920017,1.3942971127568007,0.0,0.0,0.0,0.0,37.73363901167461,-7.603914866151172,False,True,False,True,False,0.0
2025-10-29 14:00:00+00:00,17.05,17.205,17.025,17.175,158431.0,15.547606081410292,15.924555710477751,16.387882019558845,16.900745034190916,17.167944006974988,17.230873405684797,15.883293985683732,17.16295125798311,17.123722454829224,"rgba(239, 83, 80, 1.0)",0.2628931547434495,17.123722454829224,0.19505089518522142,4,0.3499079323360229,1.3996317293440916,0.0,0.0,0.0,0.0,45.046058906518624,-10.137094767699836,False,True,False,True,True,1.4867496741454111
2025-10-29 15:00:00+00:00,17.175,17.19,17.11,17.165,102662.0,15.550406551125526,15.92707476727849,16.389846817254693,16.90158887428303,17.167883170833694,17.230395233107007,15.885852017027693,17.16288984577081,17.124477408519788,"rgba(239, 83, 80, 1.0)",0.26026801847632736,17.124477408519788,0.15569562375523818,5,0.309816956507242,1.54908478253621,0.0,0.0,0.0,0.0,49.65499519677097,-6.114978792812309,False,False,False,False,True,1.3007197546056766
2025-10-29 16:00:00+00:00,17.165,17.185,17.12,17.14,88359.0,15.552799072163722,15.929222895132181,16.391515171592324,16.90229168828499,17.167804407533506,17.22995251387365,15.88803391251745,17.162793719991186,17.12478487432371,"rgba(239, 83, 80, 1.0)",0.25877556452058065,17.12478487432371,0.058796608962984005,5,0.31063895537274644,1.5531947768637322,0.0,0.0,0.0,0.0,52.01622935300778,-4.134634094449325,False,False,True,False,True,0.830227062918059
2025-10-29 17:00:00+00:00,17.145,17.175,17.105,17.125,65500.0,15.554553232431733,15.9307930559606,16.39272547844395,16.90278200801547,17.16770672692738,17.22957428871438,15.889629417246276,17.162658326140296,17.124791026793496,"rgba(239, 83, 80, 1.0)",0.2571914840340011,17.124791026793496,0.0008125199296134346,5,0.3115776437631098,1.557888218815549,0.0,0.0,0.0,0.0,53.13865760499859,-3.1221833827985606,False,False,True,False,True,0.545023280361665
2025-10-29 18:00:00+00:00,17.125,17.155,16.99,17.09,53791.0,15.555939359388034,15.93201893937468,16.39364082862748,16.90308524981808,17.167488709103655,17.229081156567144,15.890877172354115,17.162322323307034,17.12416171786362,"rgba(239, 83, 80, 1.0)",0.2554672102161995,17.12416171786362,-0.1337225150527447,5,0.3114793816832978,1.557396908416489,0.0,0.0,0.0,0.0,52.79776779108838,-3.1221833827985606,False,False,True,False,True,0.0
2025-10-29 19:00:00+00:00,17.095,17.13,16.99,17.075,93521.0,15.558322230849015,15.93411931776227,16.39519557311562,16.903570056476465,17.167055875184932,17.228156251527572,15.893016005311589,17.16165274657955,17.123009356630245,"rgba(239, 83, 80, 1.0)",0.25366834771169805,17.123009356630245,-0.1892603356442794,5,0.31135698159896685,1.5567849079948344,0.0,0.0,0.0,0.0,52.090019751343505,-3.1221833827985606,False,False,True,False,True,0.0
2025-10-30 14:00:00+00:00,16.875,16.89,16.765,16.84,127641.0,15.561060561688956,15.93638456624615,16.396570786614426,16.90327741127503,17.165133760466812,17.22512917881135,15.89534393553429,17.158582978756794,17.11653190743906,"rgba(239, 83, 80, 1.0)",0.2504311597344027,17.11653190743906,-1.1042232433549395,5,0.3102660022958972,1.551330011479486,0.0,0.0,0.0,0.0,46.082422699858725,2.1258942744104274,False,True,False,True,False,0.0
2025-10-30 15:00:00+00:00,16.845,16.905,16.815,16.865,286243.0,15.567302810521692,15.941592029522221,16.399833988745485,16.902901057478207,17.161283053603114,17.219010993338575,15.90068864497459,17.152515313219205,17.106447846602194,"rgba(239, 83, 80, 1.0)",0.24808833068077155,17.106447846602194,-0.9732333880422583,5,0.3095868172528241,1.5479340862641204,0.0,0.0,0.0,0.0,42.9068371666883,-0.8485442890796691,False,True,False,True,False,0.0
2025-10-30 16:00:00+00:00,16.865,17.015,16.855,16.985,108738.0,15.569822232468052,15.943746916399045,16.401300884912647,16.90306803626852,17.160277483983343,17.217312310967298,15.902892233296624,17.150968120162396,17.104594405934144,"rgba(239, 83, 80, 1.0)",0.24446930940998543,17.104594405934144,-0.4892000808722349,5,0.30964317166117583,1.5482158583058792,0.0,0.0,0.0,0.0,44.3701993478521,-0.8485442890796691,False,True,False,True,False,0.0
2025-10-30 17:00:00+00:00,16.985,17.045,16.955,16.995,79831.0,15.571728327846326,15.945396079959997,16.4024637608848,16.903306917612483,17.159709134391104,17.216295564479406,15.904575868844214,17.150109758825696,17.10381160810269,"rgba(239, 83, 80, 1.0)",0.24197944965266352,17.10381160810269,-0.4496729299073758,5,0.3100282412831003,1.5501412064155016,0.0,0.0,0.0,0.0,45.62025322059887,-0.8485442890796691,False,True,False,True,True,0.0
2025-10-30 18:00:00+00:00,16.995,17.03,16.97,17.02,62284.0,15.573220597451618,15.946689331673698,16.403380537924193,16.903508733367502,17.1592912273964,17.21553891293832,15.905895829229447,17.149483145149073,17.1032843937707,"rgba(239, 83, 80, 1.0)",0.23636077173373374,17.1032843937707,-0.3523613210424035,5,0.31149644158396034,1.5574822079198016,0.0,0.0,0.0,0.0,47.18154656000377,-0.8485442890796691,False,True,False,True,True,0.0
2025-10-30 19:00:00+00:00,17.025,17.025,16.755,16.765,239424.0,15.578297760674996,15.950893243389542,16.405960778967245,16.903097685159892,17.156061056571914,17.210513627061463,15.910214920359687,17.144509649478167,17.09663703769318,"rgba(239, 83, 80, 1.0)",0.23411454807801513,17.09663703769318,-1.416558861530757,5,0.31095549841926196,1.5547774920963098,0.0,0.0,0.0,0.0,42.76106946491674,-1.139689256609259,False,True,False,True,False,0.0
2025-10-31 14:00:00+00:00,17.115,17.16,16.815,16.975,47927.0,15.579416751198565,15.95185594293109,16.40663021826008,16.903217160980827,17.15570263314804,17.209892977264595,15.911198482454854,17.143978569946498,17.096189154661705,"rgba(239, 83, 80, 1.0)",0.22982410038389936,17.096189154661705,-0.5273126467557938,5,0.3117605551851777,1.5588027759258885,0.0,0.0,0.0,0.0,44.91994072949247,-1.139689256609259,False,True,False,True,False,0.0
2025-10-31 15:00:00+00:00,16.975,16.995,16.71,16.815,104453.0,15.581600980017704,15.953657169373924,16.407722559444917,16.903012666688884,17.154281307608574,17.207703630510967,15.913050099081309,17.141811193478215,17.0934523269214,"rgba(239, 83, 80, 1.0)",0.22727742304764545,17.0934523269214,-1.2251649248197711,5,0.31188035736593095,1.5594017868296548,0.0,0.0,0.0,0.0,43.63872038841893,-1.139689256609259,False,True,False,True,False,0.0
2025-10-31 16:00:00+00:00,16.815,17.015,16.68,16.995,74548.0,15.583225228216572,15.95502014435933,16.408600557216435,16.90299804963446,17.153456205377502,17.206395247708247,15.914447598369097,17.14057004345998,17.092064138622966,"rgba(239, 83, 80, 1.0)",0.2254648251668954,17.092064138622966,-0.43050679213981846,6,0.27757292333875605,1.6654375400325363,0.0,0.0,0.0,0.0,46.1904850685278,-1.139689256609259,False,True,False,True,True,0.0
2025-10-31 17:00:00+00:00,16.995,17.085,16.925,16.985,62227.0,15.584682665642726,15.956277348313604,16.40948319364326,16.903180995300737,17.153042590275412,17.20566723992688,15.915731516639333,17.139971459443213,17.091659731947054,"rgba(239, 83, 80, 1.0)",0.22022153056110053,17.091659731947054,-0.4843292646059501,6,0.28138035441826253,1.6882821265095753,0.0,0.0,0.0,0.0,47.70834213071757,-1.139689256609259,False,True,False,False,True,0.0
2025-10-31 18:00:00+00:00,16.985,17.065,16.95,17.005,64732.0,15.58620450961663,15.957592383711406,16.4104115161642,16.903387164014894,17.15263770925199,17.204945534413543,15.917074152216326,17.139390424503894,17.09130295637194,"rgba(239, 83, 80, 1.0)",0.2168528583217507,17.09130295637194,-0.39797933511160544,7,0.26553541827340477,1.8587479279138335,0.0,0.0,0.0,0.0,49.106996930958566,-6.597649284662488,False,True,False,False,True,0.0
2025-10-31 19:00:00+00:00,17.005,17.005,16.9,16.9,122573.0,15.588932344619247,15.959903971143191,16.411951120666572,16.90350597224791,17.151503746004774,17.203104400288236,15.919440836002684,17.137717319761546,17.08966674746044,"rgba(239, 83, 80, 1.0)",0.2148528094530782,17.08966674746044,-0.8827752727239258,7,0.2796656358235648,1.9576594507649536,0.0,0.0,0.0,0.0,47.926354846973055,-6.597649284662488,False,True,False,False,True,0.0
