date,Open,High,Low,Close,Volume,aVWAP_BoS_CHoCH_bull_80,aVWAP_BoS_CHoCH_bull_261,aVWAP_BoS_CHoCH_bull_356,Peaks_Valleys_avg,color,StDev,StDev_Mean,StdDev_ZScore,MA_Cross_Count,MA_Avg_Deviation_Z,MA_Oscillation_Score,BoS,CHoCH,BoS_CHoCH_Price,BoS_CHoCH_Break_Index,QQEMOD,QQE1_Value,QQE1_Above_Upper,QQE1_Below_Lower,QQE2_Above_Threshold,QQE2_Below_Threshold,QQE2_Above_TL,banker_RSI
2024-01-22 17:00:00+00:00,35.735,35.885,35.72,35.82,61018.0,,,,,"rgba(38, 166, 154, 1.0)",,,,0,,,0.0,0.0,0.0,0.0,,,False,False,False,False,False,
2024-01-23 17:00:00+00:00,35.87,35.995,35.78,35.86,91952.0,,,,,"rgba(239, 83, 80, 1.0)",,,,0,,,0.0,0.0,0.0,0.0,100.0,,False,False,True,False,False,
2024-01-24 17:00:00+00:00,35.895,35.94,35.46,35.53,86522.0,,,,,"rgba(239, 83, 80, 1.0)",,,,0,,,0.0,0.0,0.0,0.0,69.90881458966561,-55.319148936170365,False,False,True,False,True,
2024-01-25 17:00:00+00:00,35.745,35.77,35.59,35.655,210439.0,,,,,"rgba(239, 83, 80, 1.0)",,,,0,,,0.0,0.0,0.0,0.0,58.207833680346894,-55.319148936170365,False,False,True,False,True,
2024-01-26 17:00:00+00:00,35.825,36.015,35.8,35.905,67029.0,,,,,"rgba(38, 166, 154, 1.0)",,,,0,,,0.0,0.0,0.0,0.0,58.76610691498728,-55.319148936170365,False,False,True,False,True,
2024-01-29 17:00:00+00:00,35.81,35.975,35.78,35.925,109228.0,,,,,"rgba(38, 166, 154, 1.0)",,,,0,,,0.0,0.0,0.0,0.0,59.585730931059715,-54.458891243044036,False,False,True,False,True,
2024-01-30 17:00:00+00:00,36.025,36.09,35.905,35.97,26315.0,,,,,"rgba(239, 83, 80, 1.0)",,,,0,,,0.0,0.0,0.0,0.0,61.141361776922636,-47.11296344984304,False,False,True,False,True,
2024-01-31 17:00:00+00:00,36.035,36.085,35.52,35.55,76223.0,,,,,"rgba(239, 83, 80, 1.0)",,,,0,,,0.0,0.0,0.0,0.0,52.529663118613605,-47.11296344984304,False,False,False,False,True,
2024-02-01 17:00:00+00:00,35.96,36.07,35.76,35.825,41832.0,,,,,"rgba(38, 166, 154, 1.0)",,,,0,,,0.0,0.0,0.0,0.0,52.1616358588296,-45.51964998158611,False,False,False,False,True,
2024-02-02 17:00:00+00:00,35.195,35.39,35.015,35.31,34247.0,,,,,"rgba(239, 83, 80, 1.0)",,,,0,,,0.0,0.0,0.0,0.0,46.01541465260071,-45.51964998158611,False,False,False,True,True,
2024-02-05 17:00:00+00:00,34.685,34.76,34.54,34.575,76716.0,,,,,"rgba(239, 83, 80, 1.0)",,,,0,,,0.0,0.0,0.0,0.0,37.91657686485683,-45.51964998158611,False,False,False,True,True,
2024-02-06 17:00:00+00:00,34.825,34.925,34.63,34.64,36328.0,,,,,"rgba(239, 83, 80, 1.0)",,,,0,,,0.0,0.0,0.0,0.0,33.40984023576913,-45.51964998158611,False,False,False,True,True,
2024-02-07 17:00:00+00:00,34.575,34.6,34.345,34.43,99361.0,,,,,"rgba(239, 83, 80, 1.0)",,,,0,,,0.0,0.0,0.0,0.0,29.50618051980892,-45.51964998158611,False,False,False,True,True,
2024-02-08 17:00:00+00:00,34.38,34.43,34.275,34.32,90331.0,,,,,"rgba(239, 83, 80, 1.0)",,,,0,,,0.0,0.0,0.0,0.0,26.46128980299136,-45.51964998158611,False,False,False,True,True,
2024-02-09 17:00:00+00:00,34.095,34.25,33.95,34.235,84691.0,,,,,"rgba(239, 83, 80, 1.0)",,,,0,,,0.0,0.0,0.0,0.0,24.088493426887208,-45.51964998158611,False,False,False,True,False,
2024-02-12 17:00:00+00:00,35.01,35.01,34.79,34.9,93544.0,,,,,"rgba(38, 166, 154, 1.0)",,,,0,,,0.0,0.0,0.0,0.0,30.77868196536168,-42.95623428436306,False,False,False,True,False,
2024-02-13 17:00:00+00:00,34.125,34.22,33.865,34.205,160747.0,,,,,"rgba(38, 166, 154, 1.0)",,,,0,,,0.0,0.0,0.0,0.0,31.328516940944255,-40.081522558008835,False,False,False,True,False,
2024-02-14 17:00:00+00:00,33.445,33.445,33.24,33.305,127035.0,,,,33.33,"rgba(239, 83, 80, 1.0)",,33.33,,0,,,0.0,0.0,0.0,0.0,28.678992955348278,-40.081522558008835,False,False,False,True,False,
2024-02-15 17:00:00+00:00,33.905,34.12,33.875,34.01,49499.0,,,,33.5183310202756,"rgba(239, 83, 80, 1.0)",,33.5183310202756,,0,,,0.0,0.0,0.0,0.0,31.9532433430142,-35.60082713171955,False,False,False,True,False,
2024-02-16 17:00:00+00:00,34.365,34.505,34.26,34.42,73369.0,,,,33.77571218966292,"rgba(239, 83, 80, 1.0)",,33.77571218966292,,0,,,0.0,0.0,0.0,0.0,36.48034906884972,-29.687245977188976,False,False,False,True,False,
2024-02-19 17:00:00+00:00,34.42,34.42,34.42,34.42,0.0,,,,33.77571218966292,"rgba(239, 83, 80, 1.0)",,33.77571218966292,,0,,,0.0,0.0,0.0,0.0,39.49841955274007,-25.43693446548128,False,False,False,True,True,
2024-02-20 17:00:00+00:00,34.535,34.565,34.355,34.445,104917.0,,,,33.976571327245736,"rgba(239, 83, 80, 1.0)",,33.976571327245736,,0,,,0.0,0.0,0.0,0.0,41.66928884371309,-22.097103685073602,False,False,False,True,True,
2024-02-21 17:00:00+00:00,34.745,34.805,34.57,34.75,97408.0,,,,34.13418977079408,"rgba(239, 83, 80, 1.0)",,34.13418977079408,,0,,,0.0,0.0,0.0,0.0,45.04567546432829,-17.75956467213028,False,False,False,True,True,
2024-02-22 17:00:00+00:00,34.815,34.95,34.745,34.915,131701.0,,,,34.30014649326659,"rgba(239, 83, 80, 1.0)",,34.30014649326659,,0,,,0.0,0.0,0.0,0.0,48.28063090095701,-13.720757642616093,False,False,False,False,True,
2024-02-23 17:00:00+00:00,34.815,34.88,34.69,34.82,89674.0,,,,34.36624618407776,"rgba(239, 83, 80, 1.0)",,34.36624618407776,,0,,,0.0,0.0,0.0,0.0,49.74090932114228,-11.411986503259712,False,False,False,False,True,
2024-02-26 17:00:00+00:00,34.49,34.53,34.29,34.375,63130.0,,,,34.3689957035543,"rgba(239, 83, 80, 1.0)",,34.3689957035543,,0,,,0.0,0.0,0.0,0.0,47.77571778899392,-11.411986503259712,False,False,False,False,True,
2024-02-27 17:00:00+00:00,34.475,34.555,34.395,34.475,84324.0,,,,34.37988253150106,"rgba(239, 83, 80, 1.0)",,34.37988253150106,,0,,,0.0,0.0,0.0,0.0,47.22563603630408,-11.411986503259712,False,False,False,True,True,
2024-02-28 17:00:00+00:00,34.385,34.495,34.33,34.385,75784.0,,,,34.381864148717554,"rgba(239, 83, 80, 1.0)",,34.381864148717554,,0,,,0.0,0.0,0.0,0.0,46.251769984248625,-11.411986503259712,False,False,False,True,True,
2024-02-29 17:00:00+00:00,34.535,34.6,34.34,34.4,93905.0,,,,34.388006268340554,"rgba(239, 83, 80, 1.0)",,34.388006268340554,,0,,,0.0,0.0,0.0,0.0,45.73897570664435,-11.411986503259712,False,False,False,True,True,
2024-03-01 17:00:00+00:00,34.72,34.89,34.63,34.8,117944.0,,,,34.42899790293048,"rgba(239, 83, 80, 1.0)",,34.42899790293048,,0,,,0.0,0.0,0.0,0.0,48.72643321883619,-8.553495298137342,False,False,False,False,True,
2024-03-04 17:00:00+00:00,34.825,34.895,34.66,34.725,31939.0,,,,34.43826636443576,"rgba(239, 83, 80, 1.0)",,34.43826636443576,,0,,,0.0,0.0,0.0,0.0,50.04873415943864,-6.722833993822206,False,False,False,False,True,
2024-03-05 17:00:00+00:00,34.815,34.96,34.705,34.775,28312.0,,,,34.4473505663103,"rgba(239, 83, 80, 1.0)",,34.4473505663103,,0,,,0.0,0.0,0.0,0.0,51.35277667964387,-4.952982366730943,False,False,False,False,True,
2024-03-06 17:00:00+00:00,35.275,35.28,34.995,35.055,48892.0,,,,34.47395376733372,"rgba(38, 166, 154, 1.0)",,34.47395376733372,,0,,,0.0,0.0,0.0,0.0,54.43849861428399,-1.6254844352927762,False,False,True,False,True,
2024-03-07 17:00:00+00:00,35.525,35.77,35.51,35.7,96860.0,,,,34.561335717413364,"rgba(38, 166, 154, 1.0)",,34.561335717413364,,0,,,0.0,0.0,0.0,0.0,60.07151012210597,3.841521881680819,False,False,True,False,True,
2024-03-08 17:00:00+00:00,35.745,35.885,35.69,35.835,74786.0,,,,34.62818381925887,"rgba(38, 166, 154, 1.0)",,34.62818381925887,,0,,,0.0,0.0,0.0,0.0,64.40261038355939,7.882468324462941,False,False,True,False,True,
2024-03-11 17:00:00+00:00,35.895,36.04,35.83,36.035,30114.0,,,,34.65661257487181,"rgba(38, 166, 154, 1.0)",,34.65661257487181,,0,,,0.0,0.0,0.0,0.0,68.10947596568926,11.293754586794044,False,False,True,False,True,
2024-03-12 17:00:00+00:00,35.975,36.13,35.87,36.115,35097.0,,,,34.68994906131203,"rgba(38, 166, 154, 1.0)",,34.68994906131203,,0,,,0.0,0.0,0.0,0.0,70.90260185348629,13.891025976295978,False,False,True,False,True,
2024-03-13 17:00:00+00:00,36.315,36.365,36.11,36.145,15752.0,,,,35.45643172597083,"rgba(38, 166, 154, 1.0)",,35.45643172597083,,0,,,0.0,0.0,0.0,0.0,72.8929871399916,15.83748889032951,False,False,True,False,True,
2024-03-14 17:00:00+00:00,35.64,35.695,35.475,35.66,37756.0,,,,35.25723635166428,"rgba(38, 166, 154, 1.0)",,35.25723635166428,,0,,,0.0,0.0,0.0,0.0,68.34071992925837,15.83748889032951,False,False,True,False,False,
2024-03-15 17:00:00+00:00,35.51,35.61,35.46,35.5,45429.0,,,,35.20862818488501,"rgba(38, 166, 154, 1.0)",,35.20862818488501,,0,,,0.0,0.0,0.0,0.0,63.756462885906586,21.309954285067434,False,False,True,False,False,
2024-03-18 17:00:00+00:00,35.435,35.565,35.385,35.49,39067.0,,,,35.19134199300363,"rgba(38, 166, 154, 1.0)",,35.19134199300363,,0,,,0.0,0.0,0.0,0.0,60.60044806287202,18.35740195398907,False,False,True,False,False,
2024-03-19 17:00:00+00:00,35.8,35.85,35.645,35.745,14407.0,,,,35.202048366238095,"rgba(38, 166, 154, 1.0)",,35.202048366238095,,0,,,0.0,0.0,0.0,0.0,60.56874454364291,18.148806625890145,True,False,True,False,False,
2024-03-20 17:00:00+00:00,35.725,36.08,35.65,36.08,32543.0,,,,35.240921431695966,"rgba(38, 166, 154, 1.0)",,35.240921431695966,,0,,,0.0,0.0,0.0,0.0,62.75093394278251,18.148806625890145,True,False,True,False,False,
2024-03-21 17:00:00+00:00,35.905,35.945,35.74,35.78,41262.0,,,,35.26634331341756,"rgba(38, 166, 154, 1.0)",,35.26634331341756,,0,,,0.0,0.0,0.0,0.0,60.97782636041207,18.114885835922294,True,False,True,False,False,
2024-03-22 17:00:00+00:00,35.465,35.49,35.38,35.44,42615.0,,,,35.31391367789005,"rgba(38, 166, 154, 1.0)",,35.31391367789005,,0,,,0.0,0.0,0.0,0.0,56.821202002684224,13.93176421930881,True,False,True,False,False,
2024-03-25 17:00:00+00:00,35.7,35.995,35.665,35.94,54732.0,,,,35.416482346153295,"rgba(38, 166, 154, 1.0)",,35.416482346153295,,0,,,0.0,0.0,0.0,0.0,57.56004708941609,13.93176421930881,True,False,True,False,False,
2024-03-26 17:00:00+00:00,35.785,35.835,35.605,35.645,27799.0,,,,35.421853925054656,"rgba(38, 166, 154, 1.0)",,35.421853925054656,,0,,,0.0,0.0,0.0,0.0,55.70072464028071,12.348802652068073,True,False,True,False,False,
2024-03-27 17:00:00+00:00,35.845,35.99,35.715,35.98,49567.0,,,,35.45911050698629,"rgba(38, 166, 154, 1.0)",,35.45911050698629,,0,,,0.0,0.0,0.0,0.0,56.58127616155391,12.348802652068073,True,False,True,False,False,
2024-03-28 17:00:00+00:00,36.135,36.265,36.095,36.155,39880.0,,,,35.67398153515012,"rgba(38, 166, 154, 1.0)",,35.67398153515012,,0,,,0.0,0.0,0.0,0.0,58.17116437723057,12.348802652068073,True,False,True,False,False,
2024-03-29 17:00:00+00:00,36.155,36.155,36.155,36.155,0.0,,,,35.67398153515012,"rgba(38, 166, 154, 1.0)",,35.67398153515012,,0,,,0.0,0.0,0.0,0.0,59.23108985434834,12.348802652068073,True,False,True,False,True,6.389562778022249
2024-04-01 17:00:00+00:00,35.875,35.875,35.73,35.83,54238.0,,,,35.62899242793074,"rgba(38, 166, 154, 1.0)",,35.62899242793074,,0,,,0.0,0.0,0.0,0.0,56.970000028500166,12.348802652068073,True,False,True,False,True,3.194520007707574
2024-04-02 17:00:00+00:00,35.755,35.865,35.62,35.865,74665.0,,,,35.615050817008026,"rgba(38, 166, 154, 1.0)",,35.615050817008026,,0,,,0.0,0.0,0.0,0.0,55.73647283603309,10.979932638911635,True,False,True,False,False,3.5029486482262406
2024-04-03 17:00:00+00:00,35.755,35.85,35.64,35.8,35024.0,,,,35.61190474425395,"rgba(38, 166, 154, 1.0)",,35.61190474425395,,0,,,0.0,0.0,0.0,0.0,54.29547487977007,9.325248561360041,True,False,True,False,False,2.869105887351175
2024-04-04 17:00:00+00:00,35.725,35.785,35.45,35.635,39127.0,,,,35.59857225583927,"rgba(38, 166, 154, 1.0)",,35.59857225583927,,0,,,0.0,0.0,0.0,0.0,51.78395617531084,6.726931662458448,False,False,False,False,False,1.2739025681494986
2024-04-05 17:00:00+00:00,35.42,35.44,35.275,35.355,23490.0,,,,35.57986186382576,"rgba(38, 166, 154, 1.0)",,35.57986186382576,,0,,,0.0,0.0,0.0,0.0,47.8134908705355,2.900243024231621,False,False,False,True,False,0.0
2024-04-08 17:00:00+00:00,35.175,35.295,35.12,35.245,30305.0,,,,35.551658806999356,"rgba(239, 83, 80, 1.0)",,35.551658806999356,,0,,,0.0,0.0,0.0,0.0,44.354095155565346,-0.32466613879831385,False,False,False,True,False,0.0
2024-04-09 17:00:00+00:00,35.18,35.31,35.11,35.285,25519.0,,,,35.53186282414289,"rgba(239, 83, 80, 1.0)",,35.53186282414289,,0,,,0.0,0.0,0.0,0.0,42.556609623480526,-2.005181272658362,False,True,False,True,False,0.0
2024-04-10 17:00:00+00:00,34.425,34.59,34.285,34.52,37348.0,,,,35.46082456033314,"rgba(239, 83, 80, 1.0)",,35.46082456033314,,0,,,0.0,0.0,0.0,0.0,36.88785109567243,-7.24973125697624,False,True,False,True,False,0.0
2024-04-11 17:00:00+00:00,34.37,34.605,34.355,34.555,59926.0,,,,35.37083792043583,"rgba(239, 83, 80, 1.0)",,35.37083792043583,,0,,,0.0,0.0,0.0,0.0,33.54070223685517,-10.22516846797209,False,True,False,True,False,0.0
2024-04-12 17:00:00+00:00,34.315,34.365,33.92,34.175,53237.0,,,,35.281317780700675,"rgba(239, 83, 80, 1.0)",,35.281317780700675,,0,,,0.0,0.0,0.0,0.0,29.740103776824064,-13.657176799201288,False,True,False,True,False,0.0
2024-04-15 17:00:00+00:00,33.905,33.935,33.615,33.745,102642.0,,,,35.10064188423273,"rgba(239, 83, 80, 1.0)",,35.10064188423273,,0,,,0.0,0.0,0.0,0.0,25.85967351021776,-17.177775133672732,False,True,False,True,False,0.0
2024-04-16 17:00:00+00:00,33.255,33.29,32.94,32.965,65570.0,,,,34.58213847373811,"rgba(239, 83, 80, 1.0)",,34.58213847373811,,0,,,0.0,0.0,0.0,0.0,21.635673859957006,-21.027584436585478,False,True,False,True,False,0.0
2024-04-17 17:00:00+00:00,32.995,33.385,32.945,33.315,41557.0,,,,34.536756050256784,"rgba(239, 83, 80, 1.0)",,34.536756050256784,,0,,,0.0,0.0,0.0,0.0,22.305978056694507,-21.027584436585478,False,True,False,True,False,0.0
2024-04-18 17:00:00+00:00,33.72,33.94,33.585,33.915,50224.0,,,,34.54108514901884,"rgba(239, 83, 80, 1.0)",,34.54108514901884,,0,,,0.0,0.0,0.0,0.0,27.5514450118931,-21.027584436585478,False,True,False,True,True,0.0
2024-04-19 17:00:00+00:00,34.775,34.92,34.65,34.905,51105.0,,,,34.61398467958917,"rgba(38, 166, 154, 1.0)",,34.61398467958917,,0,,,0.0,0.0,0.0,0.0,36.40256193474355,-21.9205867784405,False,True,False,True,True,0.0
2024-04-22 17:00:00+00:00,35.12,35.37,35.06,35.35,134324.0,,,,34.77243292848732,"rgba(38, 166, 154, 1.0)",,34.77243292848732,,0,,,0.0,0.0,0.0,0.0,44.07643260892861,-15.151232816237076,False,True,False,True,True,0.5551877022665686
2024-04-23 17:00:00+00:00,35.465,35.51,35.345,35.425,222154.0,,,,34.923633325827055,"rgba(38, 166, 154, 1.0)",,34.923633325827055,,0,,,0.0,0.0,0.0,0.0,49.483185484892005,-10.494939306531649,False,False,True,False,True,1.0642752547917596
2024-04-24 17:00:00+00:00,35.385,35.72,35.375,35.665,123313.0,,,,34.990257079775034,"rgba(38, 166, 154, 1.0)",,34.990257079775034,,0,,,0.0,0.0,0.0,0.0,54.0385827930908,-6.476250731900883,False,False,True,False,True,2.6791740816287515
2024-04-25 17:00:00+00:00,35.865,36.355,35.86,36.265,103703.0,,,,35.0766160021088,"rgba(38, 166, 154, 1.0)",,35.0766160021088,,0,,,0.0,0.0,0.0,0.0,59.1404694650894,-1.8074529755860098,True,False,True,False,True,6.496153977480919
2024-04-26 17:00:00+00:00,35.88,35.925,35.765,35.815,69086.0,,,,35.11122536523381,"rgba(38, 166, 154, 1.0)",,35.11122536523381,,0,,,0.0,0.0,0.0,0.0,59.67038823381031,-1.169786092147767,True,False,True,False,True,3.332187049598126
2024-04-29 17:00:00+00:00,35.855,35.98,35.69,35.96,162453.0,,,,35.18366621739078,"rgba(38, 166, 154, 1.0)",,35.18366621739078,,0,,,0.0,0.0,0.0,0.0,60.58770969261636,0.15836898723509307,True,False,True,False,True,4.235502957819719
2024-04-30 17:00:00+00:00,35.625,35.74,35.54,35.555,113154.0,,,,35.20903113852511,"rgba(38, 166, 154, 1.0)",,35.20903113852511,,0,,,0.0,0.0,0.0,0.0,58.71792696334189,0.15836898723509307,True,False,True,False,True,1.4878070801306258
2024-05-01 17:00:00+00:00,35.445,35.92,35.43,35.635,98185.0,,,,35.23097211514363,"rgba(38, 166, 154, 1.0)",,35.23097211514363,,0,,,0.0,0.0,0.0,0.0,57.85883590347163,0.15836898723509307,True,False,True,False,True,1.9980677404127363
2024-05-02 17:00:00+00:00,36.185,36.47,36.145,36.435,56252.0,,,,35.261934915708316,"rgba(38, 166, 154, 1.0)",,35.261934915708316,,0,,,0.0,0.0,0.0,0.0,60.576532634650306,1.769426555048959,True,False,True,False,True,6.826666963765216
2024-05-03 17:00:00+00:00,36.415,36.505,36.265,36.335,39739.0,,,,35.28304419745142,"rgba(38, 166, 154, 1.0)",0.7973802940462824,35.28304419745142,1.3192648606983568,0,,,0.0,0.0,0.0,0.0,61.71327059043671,3.4660318593179227,True,False,True,False,True,6.142098361137158
2024-05-06 17:00:00+00:00,36.67,36.79,36.59,36.69,66531.0,,,,35.32660810883786,"rgba(38, 166, 154, 1.0)",0.812764440681332,35.32660810883786,1.6774748290159207,0,,,0.0,0.0,0.0,0.0,63.78138578211063,6.01554018409805,True,False,True,False,True,8.167504266092578
2024-05-07 17:00:00+00:00,36.805,36.875,36.73,36.83,90114.0,,,,35.386071496723574,"rgba(38, 166, 154, 1.0)",0.8308079319673244,35.386071496723574,1.737981123816731,0,,,0.0,0.0,0.0,0.0,65.65408276844803,8.319692900910184,True,False,True,False,True,8.949328507116551
2024-05-08 17:00:00+00:00,37.31,37.54,37.215,37.245,111311.0,,,,35.47767477039487,"rgba(38, 166, 154, 1.0)",0.8624469326930869,35.47767477039487,2.0491988116723387,0,,,0.0,0.0,0.0,0.0,68.26400066967565,11.238126274220377,True,False,True,False,True,11.206637099621911
2024-05-09 17:00:00+00:00,37.44,37.48,37.3,37.37,120671.0,,,,35.56947352204559,"rgba(38, 166, 154, 1.0)",0.8956124282420516,35.56947352204559,2.0103857664063023,0,,,0.0,0.0,0.0,0.0,70.38640757069466,13.626777363088543,True,False,True,False,True,11.869749350986968
2024-05-10 17:00:00+00:00,37.74,37.825,37.665,37.805,153709.0,,,,35.69589595851462,"rgba(38, 166, 154, 1.0)",0.9397172279300146,35.69589595851462,2.2444028680109036,0,,,0.0,0.0,0.0,0.0,73.02636496707889,16.443520508362056,True,False,True,False,True,14.117046174665518
2024-05-13 17:00:00+00:00,37.695,37.87,37.66,37.825,63838.0,,,,36.08452248939946,"rgba(38, 166, 154, 1.0)",0.9817033367781962,36.08452248939946,1.7729159567823505,0,,,1.0,0.0,37.87,139.0,74.84011753980117,18.45235448144993,True,False,True,False,True,14.218556121423774
2024-05-14 17:00:00+00:00,36.845,37.09,36.785,36.995,113180.0,,,,36.03545097320509,"rgba(38, 166, 154, 1.0)",0.997922278473568,36.03545097320509,0.9615468533908735,0,,,0.0,0.0,0.0,0.0,69.30797754232154,18.45235448144993,True,False,True,False,False,8.334715966379843
2024-05-15 17:00:00+00:00,37.19,37.2,36.94,36.99,42341.0,,,,36.04354677234635,"rgba(38, 166, 154, 1.0)",1.0158966793247564,36.04354677234635,0.9316431945448773,0,,,0.0,0.0,0.0,0.0,65.58603183519097,22.36704115180912,True,False,True,False,False,8.30094671377326
2024-05-16 17:00:00+00:00,36.795,36.835,36.715,36.755,46935.0,,,,36.04275491856894,"rgba(38, 166, 154, 1.0)",1.0273894013381617,36.04275491856894,0.6932571822362327,0,,,0.0,0.0,0.0,0.0,61.46874318797553,18.53129371798616,True,False,True,False,False,6.712919290271508
2024-05-17 17:00:00+00:00,36.78,36.855,36.665,36.76,90345.0,,,,36.049283942463795,"rgba(38, 166, 154, 1.0)",1.0399649465679575,36.049283942463795,0.6834038588335829,0,,,0.0,0.0,0.0,0.0,58.75531788058914,15.986895296709164,True,False,True,False,False,6.741170884596404
2024-05-20 17:00:00+00:00,36.805,36.86,36.755,36.765,37671.0,,,,36.05463317645809,"rgba(38, 166, 154, 1.0)",1.0477369993561478,36.05463317645809,0.678001086129862,0,,,0.0,0.0,0.0,0.0,56.9815795036132,14.209444867896039,True,False,True,False,False,6.769974955381485
2024-05-21 17:00:00+00:00,36.915,36.925,36.725,36.785,54667.0,,,,36.06380811973049,"rgba(38, 166, 154, 1.0)",1.0556673607612301,36.06380811973049,0.6831620518696956,0,,,0.0,0.0,0.0,0.0,55.95558784549867,12.994562047845847,False,False,True,False,False,6.887290917030761
2024-05-22 17:00:00+00:00,36.775,36.835,36.495,36.6,95806.0,,,,36.071659058935545,"rgba(38, 166, 154, 1.0)",1.0573734030670143,36.071659058935545,0.49967300059936476,0,,,0.0,0.0,0.0,0.0,53.5653981011335,10.44094196618449,False,False,True,False,False,5.5795489431061895
2024-05-23 17:00:00+00:00,36.2,36.21,35.89,35.965,59536.0,,,,36.05796605702813,"rgba(239, 83, 80, 1.0)",1.050275862517745,36.05796605702813,-0.08851584649890763,0,,,0.0,0.0,0.0,0.0,47.608938116739324,4.700510809758121,False,True,False,True,False,1.311108342117862
2024-05-24 17:00:00+00:00,36.305,36.35,36.2,36.235,17441.0,,,,36.05667745685326,"rgba(239, 83, 80, 1.0)",1.0433496472834471,36.05667745685326,0.1709135030725673,0,,,0.0,0.0,0.0,0.0,46.07599530230799,3.1754578189485656,False,True,False,True,False,2.966656978680941
2024-05-27 17:00:00+00:00,36.235,36.235,36.235,36.235,0.0,,,,36.05667745685326,"rgba(239, 83, 80, 1.0)",1.044075615983775,36.05667745685326,0.17079466316117145,0,,,0.0,0.0,0.0,0.0,45.054033426020425,1.9767631167420774,False,True,False,True,False,2.966656978680941
2024-05-28 17:00:00+00:00,36.17,36.215,35.995,36.125,68286.0,,,,36.047793749715744,"rgba(239, 83, 80, 1.0)",1.0345341032613757,36.047793749715744,0.0746290045353388,0,,,0.0,0.0,0.0,0.0,43.57848136311086,0.25874806390649496,False,True,False,True,False,2.2306089593481815
2024-05-29 17:00:00+00:00,35.735,35.745,35.6,35.69,53514.0,,,,36.031399294466574,"rgba(239, 83, 80, 1.0)",1.0003737950035172,35.98096130001897,-0.2908525807775161,0,,,0.0,0.0,0.0,0.0,39.917020613844954,-3.458953592017302,False,True,False,True,False,0.0
2024-05-30 17:00:00+00:00,35.93,35.955,35.65,35.765,34013.0,,,,36.02370267825955,"rgba(239, 83, 80, 1.0)",0.9832528200356806,35.98056329707264,-0.21923486277397009,0,,,0.0,0.0,0.0,0.0,38.30595528604404,-5.209867599064687,False,True,False,True,False,0.0
2024-05-31 17:00:00+00:00,36.32,36.64,36.305,36.54,56373.0,,,,36.02958492297022,"rgba(239, 83, 80, 1.0)",0.9788920837925513,36.02888102600267,0.5221402670017344,0,,,0.0,0.0,0.0,0.0,43.73214692499803,-5.209867599064687,False,True,False,True,True,4.640491216872203
2024-06-03 17:00:00+00:00,36.43,36.59,36.405,36.43,42551.0,,,,36.03364514585746,"rgba(239, 83, 80, 1.0)",0.9724369962685111,36.04704337220857,0.39381124870910084,0,,,0.0,0.0,0.0,0.0,46.516806139246626,-10.296468091805075,False,False,False,True,True,3.9163825000793437
2024-06-04 17:00:00+00:00,35.96,36.08,35.875,36.025,92105.0,,,,36.02459481574238,"rgba(239, 83, 80, 1.0)",0.9625990062569459,36.03295163405475,-0.008260588264752478,0,,,0.0,0.0,0.0,0.0,45.60622199467944,-10.296468091805075,False,True,False,True,True,1.3097132460616585
2024-06-05 17:00:00+00:00,36.255,36.315,36.135,36.29,55302.0,,,,36.02545386899607,"rgba(239, 83, 80, 1.0)",0.9586648842845835,36.03755871976298,0.2633258862145658,0,,,0.0,0.0,0.0,0.0,46.96664516909473,-9.558380870676167,False,False,False,True,True,2.8997970803884385
2024-06-06 17:00:00+00:00,36.13,36.295,36.105,36.185,51318.0,,,,36.02541997906965,"rgba(239, 83, 80, 1.0)",0.9556106863068233,36.03914392078109,0.1526312768462262,0,,,0.0,0.0,0.0,0.0,47.13307471972254,-9.023818206892692,False,False,False,True,True,2.2260591493154855
2024-06-07 17:00:00+00:00,35.965,35.99,35.755,35.76,67066.0,,,,36.016856976380105,"rgba(239, 83, 80, 1.0)",0.9496760946157902,36.02573489507805,-0.2798163464202631,0,,,0.0,0.0,0.0,0.0,44.56767208493346,-9.023818206892692,False,True,False,True,True,0.0
2024-06-10 17:00:00+00:00,35.735,35.79,35.62,35.68,39138.0,,,,36.010318347914,"rgba(239, 83, 80, 1.0)",0.9361627736343471,36.01577996821039,-0.3586769071225001,7,0.34105648666664773,2.387395406666534,0.0,0.0,0.0,0.0,42.402799814372244,-9.023818206892692,False,True,False,True,False,0.0
2024-06-11 17:00:00+00:00,35.425,35.52,35.365,35.47,56588.0,,,,35.99662317042662,"rgba(239, 83, 80, 1.0)",0.9247048469939311,35.995235616655926,-0.5680035293027655,7,0.34123837159476456,2.388668601163352,0.0,0.0,0.0,0.0,39.783573491849054,-4.524202290691804,False,True,False,True,False,0.0
2024-06-12 17:00:00+00:00,35.915,35.92,35.57,35.63,48452.0,,,,35.98977889556962,"rgba(239, 83, 80, 1.0)",0.9105357644696853,35.98611674579926,-0.3911068183100584,7,0.34122290787394693,2.3885603551176287,0.0,0.0,0.0,0.0,39.64282673618239,-4.92613785823518,False,True,False,True,False,0.0
2024-06-13 17:00:00+00:00,35.425,35.49,35.355,35.355,56468.0,,,,35.97655514912875,"rgba(239, 83, 80, 1.0)",0.8974379197581502,35.967811740749134,-0.6828458295079435,7,0.3411863859823822,2.3883047018766757,0.0,0.0,0.0,0.0,37.914790015895015,-6.865773162318213,False,True,False,True,False,0.0
2024-06-14 17:00:00+00:00,35.11,35.16,34.99,35.125,52256.0,,,,35.959767340167396,"rgba(239, 83, 80, 1.0)",0.8933127434765913,35.94470209419366,-0.9175981202322772,7,0.3411363050853426,2.3879541355973983,0.0,0.0,0.0,0.0,35.5578544376529,-9.331215749236812,False,True,False,True,False,0.0
2024-06-17 17:00:00+00:00,34.89,34.97,34.79,34.86,32114.0,,,,35.947614512876875,"rgba(239, 83, 80, 1.0)",0.8912394092973567,35.928181085772415,-1.1985343944951425,7,0.34061888725872286,2.38433221081106,0.0,0.0,0.0,0.0,32.75592835004078,-12.126830906165075,False,True,False,True,False,0.0
2024-06-18 17:00:00+00:00,34.815,34.87,34.71,34.815,48534.0,,,,35.92875910396891,"rgba(239, 83, 80, 1.0)",0.8906249703651108,35.903078929336615,-1.221702698152019,7,0.34010780262109563,2.3807546183476695,0.0,0.0,0.0,0.0,30.68564668143177,-14.190735042027285,False,True,False,True,False,0.0
2024-06-19 17:00:00+00:00,34.815,34.815,34.815,34.815,0.0,,,,35.92875910396891,"rgba(239, 83, 80, 1.0)",0.8937925722236557,35.903078929336615,-1.2173729824466983,7,0.33924145332086303,2.3746901732460413,0.0,0.0,0.0,0.0,29.305458902359096,-15.633767153296375,False,True,False,True,False,0.0
2024-06-20 17:00:00+00:00,34.665,34.815,34.615,34.755,55629.0,,,,35.906902670641564,"rgba(239, 83, 80, 1.0)",0.9019139708480111,35.874704935466596,-1.2414764286374318,7,0.33844547641299755,2.369118334890983,0.0,0.0,0.0,0.0,28.063667805184483,-16.994030471133016,False,True,False,True,False,0.0
2024-06-21 17:00:00+00:00,34.71,34.73,34.61,34.7,83776.0,34.68,,,35.70395436658426,"rgba(239, 83, 80, 1.0)",0.9106658142399116,35.68981402812563,-1.0869124684907367,7,0.33738339268034395,2.361683748762408,0.0,0.0,0.0,0.0,26.927698831461555,-18.289916837654648,False,True,False,True,False,0.0
2024-06-24 17:00:00+00:00,35.005,35.215,34.975,35.12,41295.0,34.81977300893093,,,35.71531622136286,"rgba(239, 83, 80, 1.0)",0.9132888938356905,35.69715200258452,-0.6319489993583064,7,0.33864413100479174,2.370508917033542,0.0,0.0,0.0,0.0,32.119840587439604,-22.888115414415477,False,True,False,True,True,0.0
2024-06-25 17:00:00+00:00,34.965,35.03,34.88,35.01,98872.0,34.88757069135151,,,35.702362292751054,"rgba(239, 83, 80, 1.0)",0.9164716319953758,35.678895517547026,-0.7298594895847287,7,0.33954500458527415,2.376815032096919,0.0,0.0,0.0,0.0,34.65688486700885,-20.548823192150575,False,True,False,True,True,0.0
2024-06-26 17:00:00+00:00,35.115,35.4,35.08,35.345,65662.0,34.9754123490041,,,35.705440907913655,"rgba(239, 83, 80, 1.0)",0.9164692727680198,35.679850347147664,-0.36536996612697487,7,0.34161163231127023,2.3912814261788915,0.0,0.0,0.0,0.0,40.018562308279854,-15.641646489315072,False,True,False,True,True,0.0
2024-06-27 17:00:00+00:00,35.31,35.405,35.23,35.275,49823.0,35.023546289640215,,,35.705751576197166,"rgba(239, 83, 80, 1.0)",0.9179973551945338,35.6790811705539,-0.4401768352244022,7,0.34417242735377357,2.409206991476415,0.0,0.0,0.0,0.0,42.896516750417355,-13.115959612086243,False,True,False,True,True,0.0
2024-06-28 17:00:00+00:00,35.51,35.655,35.395,35.585,83018.0,35.12602102990678,,,35.71448999534688,"rgba(38, 166, 154, 1.0)",0.9177565821851451,35.6871592666571,-0.11131412036714489,7,0.34735434245491525,2.431480397184407,0.0,0.0,0.0,0.0,47.728849895141266,-8.751811968876133,False,False,False,False,True,0.0
2024-07-01 17:00:00+00:00,35.395,35.47,35.25,35.255,37264.0,35.14215022514194,,,35.71241914447068,"rgba(38, 166, 154, 1.0)",0.9190062690333171,35.684735656458045,-0.46760905876090736,7,0.34798205088166184,2.4358743561716327,0.0,0.0,0.0,0.0,47.71064467416164,-8.751811968876133,False,False,False,False,True,0.0
2024-07-02 17:00:00+00:00,35.635,35.83,35.485,35.805,21708.0,35.16760528272727,,,35.715400033624434,"rgba(38, 166, 154, 1.0)",0.919043558849676,35.68778642505733,0.1275386501695067,7,0.3513897103578253,2.459727972504777,0.0,0.0,0.0,0.0,51.9019916052701,-4.806150906907206,True,False,True,False,True,0.9948242653759536
2024-07-03 17:00:00+00:00,35.895,35.895,35.895,35.895,0.0,35.16760528272727,,,35.715400033624434,"rgba(38, 166, 154, 1.0)",0.9183480076001026,35.68778642505733,0.22563731094073702,8,0.3295326494533234,2.636261195626587,0.0,0.0,0.0,0.0,55.25860504144327,-1.6354317568426993,True,False,True,False,True,1.564831621692985
2024-07-04 17:00:00+00:00,35.895,35.895,35.895,35.895,0.0,35.16760528272727,,,35.715400033624434,"rgba(38, 166, 154, 1.0)",0.9185274790281153,35.68778642505733,0.22559322358207648,8,0.27810680029711954,2.2248544023769563,0.0,0.0,0.0,0.0,57.49634733222538,0.5353254336830986,True,False,True,False,True,1.564831621692985
2024-07-05 17:00:00+00:00,35.635,35.675,35.52,35.605,45242.0,35.204749553791814,,,35.718314907347846,"rgba(38, 166, 154, 1.0)",0.9180156184268821,35.69077308248276,-0.09343314074518817,8,0.2805678233228772,2.2445425865830178,0.0,0.0,0.0,0.0,55.9378901439449,0.5353254336830986,True,False,True,False,True,0.0
2024-07-08 17:00:00+00:00,35.515,35.52,35.295,35.385,36862.0,35.21752158744468,,,35.71664400379415,"rgba(38, 166, 154, 1.0)",0.9185726295049786,35.68898969875391,-0.33093703098657573,9,0.26596269060547606,2.3936642154492844,0.0,0.0,0.0,0.0,52.92838852470632,0.5353254336830986,True,False,True,False,False,0.0
2024-07-09 17:00:00+00:00,35.365,35.425,35.295,35.375,47309.0,35.22894382406918,,,35.713552739163426,"rgba(38, 166, 154, 1.0)",0.919427024866068,35.685753809533594,-0.3379863775255695,9,0.2682797532283685,2.4145177790553163,0.0,0.0,0.0,0.0,50.833075045373,0.5353254336830986,True,False,False,False,False,0.0
2024-07-10 17:00:00+00:00,35.645,35.775,35.61,35.76,26826.0,35.24939203207994,,,35.71585153380972,"rgba(38, 166, 154, 1.0)",0.9189481256619836,35.68827272444412,0.07805367196783745,9,0.2696245203386424,2.4266206830477817,0.0,0.0,0.0,0.0,52.9530644783235,0.5353254336830986,True,False,True,False,False,0.729863712734204
2024-07-11 17:00:00+00:00,35.805,35.895,35.73,35.79,43885.0,35.285168045402926,,,35.720798536758956,"rgba(38, 166, 154, 1.0)",0.9175812652721248,35.693717157926656,0.10493113331470283,9,0.2705221924683321,2.434699732214989,0.0,0.0,0.0,0.0,54.6095124725026,0.5353254336830986,True,False,True,False,True,0.9280510808170312
2024-07-12 17:00:00+00:00,36.085,36.21,36.015,36.105,23917.0,35.3131321168204,,,35.72622879457412,"rgba(38, 166, 154, 1.0)",0.9172758188941551,35.69963955288944,0.44191772939054746,9,0.2713824040831064,2.4424416367479576,0.0,0.0,0.0,0.0,58.06378238237387,1.5955894218897413,True,False,True,False,True,2.986955311269252
2024-07-15 17:00:00+00:00,35.965,36.09,35.76,35.79,44115.0,35.34649423539237,,,35.731508112146535,"rgba(38, 166, 154, 1.0)",0.9172196382900226,35.70552919010787,0.0920944192272322,9,0.27445264969873057,2.470073847288575,0.0,0.0,0.0,0.0,56.931860192330824,1.5955894218897413,True,False,True,False,True,0.8359984150489375
2024-07-16 17:00:00+00:00,36.025,36.12,35.95,36.01,49731.0,35.388813068853565,,,35.73960580784355,"rgba(38, 166, 154, 1.0)",0.9176940597973827,35.714520399741694,0.3219805087585972,9,0.27701940822645016,2.4931746740380514,0.0,0.0,0.0,0.0,57.85155713314589,1.8078031338474148,True,False,True,False,True,2.2656666118221978
2024-07-17 17:00:00+00:00,36.2,36.26,36.11,36.235,29033.0,35.4173033451723,,,35.74587566673067,"rgba(38, 166, 154, 1.0)",0.9196026511684549,35.72144696244326,0.5584510189310732,9,0.2798291459569688,2.518462313612719,0.0,0.0,0.0,0.0,59.98395869711625,4.137283261812385,True,False,True,False,True,3.7000494876526986
2024-07-18 17:00:00+00:00,36.33,36.39,36.105,36.27,39350.0,35.45529322559876,,,35.75465249856979,"rgba(38, 166, 154, 1.0)",0.9217103519940458,35.73115436953651,0.5846149273443034,9,0.28270771994997057,2.544369479549735,0.0,0.0,0.0,0.0,61.63679386252385,5.984832209047923,True,False,True,False,True,3.9225428002104614
2024-07-19 17:00:00+00:00,36.405,36.7,36.375,36.55,128308.0,35.59524399194374,,,35.792224273070794,"rgba(38, 166, 154, 1.0)",0.9254509395108184,35.77254027415957,0.8400874564473242,9,0.2830797314409413,2.5477175829684717,0.0,0.0,0.0,0.0,64.47601584941432,8.89082728375827,True,False,True,False,True,5.688169998886661
2024-07-22 17:00:00+00:00,36.715,36.84,36.71,36.73,78894.0,35.6807339123073,,,35.81796830263239,"rgba(38, 166, 154, 1.0)",0.9304479208066125,35.80085706764414,0.9985974621238098,9,0.28322198089499595,2.5489978280549637,0.0,0.0,0.0,0.0,67.33465057656328,11.729740857023288,True,False,True,False,True,6.7995001156212425
2024-07-23 17:00:00+00:00,36.56,36.6,36.42,36.46,83630.0,35.7393929683274,,,35.83601228798976,"rgba(38, 166, 154, 1.0)",0.9321244987023439,35.82089123496528,0.6856474279181105,9,0.28426066436866393,2.5583459793179752,0.0,0.0,0.0,0.0,65.81269537306684,11.729740857023288,True,False,True,False,True,4.840105087956896
2024-07-24 17:00:00+00:00,36.705,36.775,36.495,36.565,38996.0,35.767797753850466,,,35.84529781218436,"rgba(38, 166, 154, 1.0)",0.9245892781842908,35.831159630625265,0.7936933584346216,9,0.2840595496948074,2.5565359472532667,0.0,0.0,0.0,0.0,65.51801019687277,11.729740857023288,True,False,True,False,True,5.500724134338718
2024-07-25 17:00:00+00:00,36.695,36.705,36.325,36.35,74098.0,35.80813295150887,,,35.85871374110588,"rgba(38, 166, 154, 1.0)",0.9148643526686336,35.84608883092903,0.5508042450239533,9,0.2834102029677162,2.550691826709446,0.0,0.0,0.0,0.0,62.770256590140455,11.729740857023288,True,False,True,False,False,3.9475368350359936
2024-07-26 17:00:00+00:00,36.665,36.795,36.61,36.665,28415.0,35.827408100126995,,,35.865507652569484,"rgba(38, 166, 154, 1.0)",0.8989173518213002,35.853579821003166,0.9026638292750847,9,0.2818334554608504,2.536501099147654,0.0,0.0,0.0,0.0,63.25539320427879,11.729740857023288,True,False,True,False,False,5.939582372660688
2024-07-29 17:00:00+00:00,36.675,36.74,36.56,36.695,38666.0,35.851600562488095,,,35.87420861194996,"rgba(38, 166, 154, 1.0)",0.8688769130838403,35.863177159442586,0.9573540602029436,9,0.28030742317798424,2.522766808601858,0.0,0.0,0.0,0.0,63.78311653301424,11.729740857023288,True,False,True,False,False,6.127233973786122
2024-07-30 17:00:00+00:00,37.125,37.29,37.05,37.205,103435.0,35.94699791743232,,,35.91071482363969,"rgba(38, 166, 154, 1.0)",0.8109600972176696,35.90302254737581,1.6054765913774949,9,0.2766057783735685,2.489452005362116,0.0,0.0,0.0,0.0,67.02745785253926,12.345861174554166,True,False,True,False,True,9.227440745836713
2024-07-31 17:00:00+00:00,37.335,37.58,37.265,37.435,74151.0,36.019358461041634,,,35.93993361615869,"rgba(38, 166, 154, 1.0)",0.7675968290006834,35.93479060499334,1.9544236483620598,9,0.27183856954958147,2.4465471259462332,0.0,0.0,0.0,0.0,70.17270638417466,15.394246608158426,True,False,True,False,True,10.562237588909593
2024-08-01 17:00:00+00:00,37.475,37.635,37.325,37.605,81895.0,36.09634092761581,,,35.972408752960554,"rgba(38, 166, 154, 1.0)",0.7490667887805905,35.97001615902856,2.182694341092114,9,0.26627176870516356,2.396445918346472,0.0,0.0,0.0,0.0,72.93400746052359,18.008563585173164,True,False,True,False,True,11.533661707410438
2024-08-02 17:00:00+00:00,37.7,37.985,37.63,37.95,165026.0,36.26094173460178,,,36.04596722606549,"rgba(38, 166, 154, 1.0)",0.7675597520538613,36.049441274536726,2.4761052418104263,8,0.27911093507791684,2.2328874806233348,0.0,0.0,0.0,0.0,75.93844274131808,20.81550326932836,True,False,True,False,True,13.45500629074839
2024-08-05 17:00:00+00:00,37.395,37.69,37.26,37.3,58379.0,36.29798102399326,,,36.064078539191954,"rgba(38, 166, 154, 1.0)",0.774565702201588,36.06896861681744,1.5893182201116445,8,0.2759479833876814,2.207583867101451,0.0,0.0,0.0,0.0,70.95839663624467,20.81550326932836,True,False,True,False,False,8.589990229361995
2024-08-06 17:00:00+00:00,38.045,38.41,38.015,38.325,97414.0,36.397071421065014,,,36.11173621479049,"rgba(38, 166, 154, 1.0)",0.8103045529111141,36.12013905311778,2.721027469191675,7,0.29063401986272225,2.0344381390390556,0.0,0.0,0.0,0.0,71.69470697493146,20.81550326932836,True,False,True,False,False,13.989460554658049
2024-08-07 17:00:00+00:00,38.625,38.765,38.42,38.46,65419.0,36.46799079728323,,,36.146691694137225,"rgba(38, 166, 154, 1.0)",0.8499881928167826,36.157581571148405,2.7087651902805763,7,0.28063127481787015,1.964418923725091,0.0,0.0,0.0,0.0,72.58081033682342,20.81550326932836,True,False,True,False,False,14.648917589705825
2024-08-08 17:00:00+00:00,38.735,38.765,38.635,38.695,76547.0,36.55082886656597,,,36.18855075565931,"rgba(38, 166, 154, 1.0)",0.8971589291447508,36.202333120053794,2.778400569810336,7,0.270136847557606,1.8909579329032418,0.0,0.0,0.0,0.0,73.85241683918235,20.81550326932836,True,False,True,False,True,15.78579994296081
2024-08-09 17:00:00+00:00,38.815,38.945,38.775,38.865,47589.0,36.60298340881965,,,36.215413381366425,"rgba(38, 166, 154, 1.0)",0.9454013876570075,36.231005926045555,2.7861119185389462,7,0.26013564667214906,1.8209495267050433,0.0,0.0,0.0,0.0,75.17909313967681,20.81550326932836,True,False,True,False,True,16.597908055370834
2024-08-12 17:00:00+00:00,39.015,39.16,38.975,39.035,62040.0,36.67311480595905,,,36.25203963206878,"rgba(38, 166, 154, 1.0)",0.9965430111003658,36.27004807894916,2.77454348708725,7,0.24999786107424832,1.7499850275197382,0.0,0.0,0.0,0.0,76.53712200761258,21.430523003612578,True,False,True,False,True,17.403944443824837
2024-08-13 17:00:00+00:00,39.405,39.49,39.34,39.37,65218.0,36.752657413635994,,,36.294038845392755,"rgba(38, 166, 154, 1.0)",1.0526002466650335,36.31475535701858,2.9025688077324547,6,0.26271134741360647,1.5762680844816388,0.0,0.0,0.0,0.0,78.30282597772062,23.3433434823946,True,False,True,False,True,18.95919518988544
2024-08-14 17:00:00+00:00,39.645,39.715,39.5,39.53,32082.0,36.792677112499575,,,36.31541885971961,"rgba(38, 166, 154, 1.0)",1.1101652664891515,36.69795349698357,2.551013428813757,6,0.2515001900427732,1.5090011402566392,0.0,0.0,0.0,0.0,79.85936790851028,25.036765085469682,True,False,True,False,True,19.687114253087444
2024-08-15 17:00:00+00:00,38.715,38.745,38.535,38.57,54788.0,36.835701905300695,,,36.340203995166355,"rgba(38, 166, 154, 1.0)",1.1374419181290651,36.65369466797122,1.6847500531550963,6,0.24633355806065108,1.4780013483639065,0.0,0.0,0.0,0.0,72.67648151718278,27.936865876171836,True,False,True,False,False,12.711827532429297
2024-08-16 17:00:00+00:00,38.545,38.735,38.53,38.715,39496.0,36.866204517533426,,,36.358022715182855,"rgba(38, 166, 154, 1.0)",1.1668880420600396,36.65960147476022,1.7614359314293366,6,0.2409988797814393,1.4459932786886358,0.0,0.0,0.0,0.0,68.55599454230092,24.298192407425603,True,False,True,False,False,13.411096648823417
2024-08-19 17:00:00+00:00,39.075,39.145,39.035,39.135,73179.0,36.933477235127725,,,36.39673298039668,"rgba(38, 166, 154, 1.0)",1.206157221610538,36.705400483669074,2.0143306965295684,6,0.23451145268754603,1.4070687161252762,0.0,0.0,0.0,0.0,67.60072904088884,23.517126185476556,True,False,True,False,False,15.389067498981685
2024-08-20 17:00:00+00:00,39.08,39.12,38.985,39.055,57727.0,36.9825622757125,,,36.425763337644,"rgba(38, 166, 154, 1.0)",1.2407859032313622,36.735015629978506,1.8697700900530783,6,0.22895711760814652,1.3737427056488791,0.0,0.0,0.0,0.0,66.34627638949605,22.262950452295883,True,False,True,False,False,14.828348268609709
2024-08-21 17:00:00+00:00,39.125,39.18,38.96,38.98,41124.0,37.01594951248334,,,36.44587781316808,"rgba(38, 166, 154, 1.0)",1.2697862556883914,36.75480016744255,1.7524207893958434,6,0.22420256148099138,1.3452153688859483,0.0,0.0,0.0,0.0,64.89524964403333,20.720536646523186,True,False,True,False,False,14.298418261615215
2024-08-22 17:00:00+00:00,38.985,39.04,38.865,39.04,35481.0,37.04309120897438,,,36.46253482744897,"rgba(38, 166, 154, 1.0)",1.2983017320281898,36.77032846428886,1.7481849401567764,6,0.21977077752936622,1.3186246651761973,0.0,0.0,0.0,0.0,64.24894092852851,19.84735960387087,False,False,True,False,False,14.589344277068836
2024-08-23 17:00:00+00:00,39.595,39.685,39.56,39.665,74509.0,37.11617386243218,,,36.50603569397552,"rgba(38, 166, 154, 1.0)",1.338883654931022,36.82427035837889,2.1217150804395035,5,0.22465100888063388,1.1232550444031695,0.0,0.0,0.0,0.0,66.6453469766839,19.84735960387087,True,False,True,False,False,17.51767143330025
2024-08-26 17:00:00+00:00,40.005,40.02,39.85,39.87,46161.0,37.16416740913373,,,36.534708516846074,"rgba(38, 166, 154, 1.0)",1.383855194085786,36.860242549556624,2.174907796210358,5,0.2185270874118987,1.0926354370594935,0.0,0.0,0.0,0.0,68.98467404869027,19.84735960387087,True,False,True,False,True,18.435367318707012
2024-08-27 17:00:00+00:00,39.725,39.785,39.67,39.675,29795.0,37.19205303384004,,,36.5517747847705,"rgba(38, 166, 154, 1.0)",1.4269263350873356,36.87977704875911,1.9589118810886654,5,0.2136851312164864,1.0684256560824321,0.0,0.0,0.0,0.0,68.6546538214961,19.84735960387087,True,False,True,False,True,17.009588383089913
2024-08-28 17:00:00+00:00,39.365,39.435,39.265,39.375,55287.0,37.23520556762772,,,36.5792620251806,"rgba(38, 166, 154, 1.0)",1.4600854966945145,36.90701182958165,1.690303873304424,5,0.2113267485034885,1.0566337425174426,0.0,0.0,0.0,0.0,65.77071000527785,19.84735960387087,False,False,True,False,False,14.857036849007116
2024-08-29 17:00:00+00:00,39.535,39.63,39.5,39.56,43581.0,37.271197581923914,,,36.602137788177664,"rgba(38, 166, 154, 1.0)",1.4966363938831322,36.93109223412321,1.7565440588117043,5,0.20869483486702137,1.0434741743351068,0.0,0.0,0.0,0.0,64.85324720572187,19.8112853322164,False,False,True,False,False,15.729571998376564
2024-08-30 17:00:00+00:00,39.895,40.275,39.885,40.18,56545.0,37.32708526933102,,,36.636881101126065,"rgba(38, 166, 154, 1.0)",1.548139269638946,36.9719257273834,2.0722129691631554,5,0.20531996486397577,1.0265998243198788,0.0,0.0,0.0,0.0,66.9700662122537,19.8112853322164,False,False,True,False,False,18.531139060172933
2024-09-02 17:00:00+00:00,40.18,40.18,40.18,40.18,0.0,37.32708526933102,,,36.636881101126065,"rgba(38, 166, 154, 1.0)",1.5966670606932163,36.9719257273834,2.009231825214561,5,0.20338415423464448,1.0169207711732224,0.0,0.0,0.0,0.0,68.38127888327492,19.8112853322164,True,False,True,False,True,18.531139060172933
2024-09-03 17:00:00+00:00,40.145,40.33,40.125,40.21,52260.0,37.37875192534976,,,36.6693102003348,"rgba(38, 166, 154, 1.0)",1.643318653882506,37.0096248722165,1.9475073323255312,5,0.20397875973833518,1.0198937986916758,0.0,0.0,0.0,0.0,69.45045486390889,19.8112853322164,True,False,True,False,True,18.665297000543852
2024-09-04 17:00:00+00:00,40.365,40.5,40.275,40.405,20894.0,37.40011262694927,,,36.68272983740549,"rgba(38, 166, 154, 1.0)",1.6923280063513384,37.025370548826196,1.9970297947501863,5,0.20334072916451135,1.0167036458225567,0.0,0.0,0.0,0.0,71.00687202499995,16.521202363148774,True,False,True,False,True,19.539234739031684
2024-09-05 17:00:00+00:00,40.55,40.635,40.415,40.425,53105.0,37.454805069498896,,,36.71726727878734,"rgba(38, 166, 154, 1.0)",1.7354784240549854,37.06573822757568,1.9356401819017293,5,0.2014413420986088,1.007206710493044,0.0,0.0,0.0,0.0,72.13225226060028,17.794544875276685,True,False,True,False,True,19.62913379074371
2024-09-06 17:00:00+00:00,40.29,40.44,40.205,40.395,70583.0,37.5212404083012,,,36.76028481127144,"rgba(38, 166, 154, 1.0)",1.7767605987372754,37.113666545198846,1.8468067432006119,4,0.20189569979152522,0.8075827991661009,0.0,0.0,0.0,0.0,72.4640056972415,18.361327120644376,True,False,True,False,True,19.394935817824415
2024-09-09 17:00:00+00:00,40.745,40.815,40.695,40.79,67707.0,37.59121819115581,,,36.80537323430422,"rgba(38, 166, 154, 1.0)",1.825595714201731,37.16552604592463,1.9853650651564032,4,0.19712372153636692,0.7884948861454677,0.0,0.0,0.0,0.0,74.47677731886785,20.48734716075691,True,False,True,False,True,20.0
2024-09-10 17:00:00+00:00,40.29,40.29,40.035,40.25,44389.0,37.627466038896934,,,36.82994775104209,"rgba(38, 166, 154, 1.0)",1.8572639665490358,37.19106051058007,1.6470138572190753,4,0.19413308019347317,0.7765323207738927,0.0,0.0,0.0,0.0,69.66279843569106,23.901570287964077,False,False,True,False,False,17.051941704094396
2024-09-11 17:00:00+00:00,40.065,40.275,40.05,40.24,75251.0,37.68658336585114,,,36.87065535076262,"rgba(38, 166, 154, 1.0)",1.882445787836707,37.232848273713046,1.5974705596928522,4,0.19120701859508699,0.7648280743803479,0.0,0.0,0.0,0.0,66.35588077176389,20.915372200602434,False,True,True,False,False,16.97726901517083
2024-09-12 17:00:00+00:00,40.35,40.505,40.315,40.485,37122.0,37.71752986920337,,,36.89186096463858,"rgba(38, 166, 154, 1.0)",1.9114969323863793,37.2552476390163,1.6896455894133022,4,0.18758475728727747,0.7503390291491099,0.0,0.0,0.0,0.0,65.74140398087606,20.38522396065177,False,True,True,False,False,18.13058316423386
2024-09-13 17:00:00+00:00,40.585,40.79,40.565,40.73,84824.0,37.7922145176772,,,36.942896678348916,"rgba(38, 166, 154, 1.0)",1.9500487404396087,37.31027816241315,1.7536596735607362,4,0.1840562347015989,0.7362249388063956,0.0,0.0,0.0,0.0,66.72318766541478,20.38522396065177,False,True,True,False,False,19.26111208765495
2024-09-16 17:00:00+00:00,41.025,41.205,40.985,41.19,88323.0,37.87708686201034,,,37.51636306605205,"rgba(38, 166, 154, 1.0)",1.9966594805026456,37.74935234716094,1.7232020213947055,3,0.20647159917972455,0.6194147975391736,0.0,0.0,0.0,0.0,69.45494400704044,20.38522396065177,False,False,True,False,True,20.0
2024-09-17 17:00:00+00:00,40.785,40.895,40.755,40.82,42249.0,37.91252718042747,,,37.5258991725319,"rgba(38, 166, 154, 1.0)",2.0281734715331043,37.763265829494465,1.5071364522852861,3,0.2032619657561566,0.6097858972684698,0.0,0.0,0.0,0.0,67.46519642089595,20.38522396065177,False,True,True,False,True,18.490830265102154
2024-09-18 17:00:00+00:00,40.625,40.91,40.505,40.535,71113.0,37.9668529124573,,,37.543499315004254,"rgba(38, 166, 154, 1.0)",2.0537078092478924,37.78616345027737,1.33847499500394,3,0.20085423818404569,0.6025627145521371,0.0,0.0,0.0,0.0,63.66711891438185,18.62517950797546,False,True,True,False,False,16.390979194884796
2024-09-19 17:00:00+00:00,40.325,40.465,40.18,40.44,108912.0,38.03749297659043,,,37.56678255919773,"rgba(38, 166, 154, 1.0)",2.0746500345276977,37.81443078396309,1.2655480068158238,3,0.19823409324551813,0.5947022797365544,0.0,0.0,0.0,0.0,60.35082260581679,15.586614151843946,False,True,True,False,False,15.698079709143574
2024-09-20 17:00:00+00:00,40.415,40.565,40.365,40.54,76119.0,38.08703169025483,,,37.59436734064102,"rgba(38, 166, 154, 1.0)",2.091057736998065,37.84365522266342,1.2894645277501835,3,0.19568613320064113,0.5870583996019234,0.0,0.0,0.0,0.0,58.87024209348613,14.222407838462743,False,True,True,False,False,16.17711066628193
2024-09-23 17:00:00+00:00,40.665,40.92,40.635,40.885,65831.0,38.133840165838805,,,37.62774189259518,"rgba(38, 166, 154, 1.0)",2.110977140209361,37.878022628969525,1.4244480974020632,3,0.1925537921501904,0.5776613764505711,0.0,0.0,0.0,0.0,60.16432148479608,14.222407838462743,False,True,True,False,False,17.803619366569524
2024-09-24 17:00:00+00:00,40.89,40.94,40.81,40.86,33131.0,38.15728027392905,,,37.6447500675718,"rgba(38, 166, 154, 1.0)",2.1249694263831347,37.89549793199892,1.3950798685357546,3,0.18964876337979505,0.5689462901393851,0.0,0.0,0.0,0.0,60.76567747230176,14.222407838462743,False,True,True,False,False,17.614261764623947
2024-09-25 17:00:00+00:00,41.0,41.12,40.92,41.11,34255.0,38.18267737432541,,,37.66424851933048,"rgba(38, 166, 154, 1.0)",2.143684812787687,37.91549570395629,1.4901930904149658,3,0.18643749737234336,0.55931249211703,0.0,0.0,0.0,0.0,62.72897375358496,14.222407838462743,False,True,True,False,True,18.78469415785139
2024-09-26 17:00:00+00:00,40.825,40.875,40.71,40.785,84811.0,38.238147801138616,,,37.70293534615314,"rgba(38, 166, 154, 1.0)",2.1493822452128044,37.955137986915574,1.3165931836401887,3,0.18394588829825023,0.5518376648947507,0.0,0.0,0.0,0.0,60.64466801651995,14.222407838462743,False,True,True,False,True,16.314121770547615
2024-09-27 17:00:00+00:00,40.695,40.805,40.63,40.71,61680.0,38.27588684250786,,,37.728806456750554,"rgba(38, 166, 154, 1.0)",2.147300159030631,37.98149426967082,1.2706680614045727,3,0.181711605203749,0.545134815611247,0.0,0.0,0.0,0.0,58.53720818558068,13.506710470867738,False,True,True,False,False,15.751171949286501
2024-09-30 17:00:00+00:00,40.44,40.69,40.33,40.615,67490.0,38.313096969944354,,,37.75318408914072,"rgba(38, 166, 154, 1.0)",2.135865969915116,38.00609361558863,1.2214747653454365,3,0.17971963204672567,0.539158896140177,0.0,0.0,0.0,0.0,56.19892907132595,11.182920934790502,False,True,True,False,False,15.033752155240158
2024-10-01 17:00:00+00:00,41.025,41.14,40.905,41.13,92975.0,38.37374401154907,,,37.799653890607786,"rgba(38, 166, 154, 1.0)",2.129450267426182,38.32651860471341,1.3165282318028024,3,0.17721035978945052,0.5316310793683515,0.0,0.0,0.0,0.0,58.50476806030535,11.182920934790502,False,True,True,False,True,17.546202017447847
2024-10-02 17:00:00+00:00,40.9,41.075,40.785,41.055,49896.0,38.40418347762179,,,37.82254307743698,"rgba(38, 166, 154, 1.0)",2.1182724624620937,38.344829274626896,1.2794249905996697,3,0.1749735852665928,0.5249207557997784,0.0,0.0,0.0,0.0,59.24870692096421,11.182920934790502,False,True,True,False,True,16.973562263094603
2024-10-03 17:00:00+00:00,40.555,40.825,40.49,40.745,42967.0,38.4269831045345,,,37.8386939367669,"rgba(38, 166, 154, 1.0)",2.097224517231208,38.35233836284937,1.1408705255408027,3,0.17333717078594035,0.5200115123578211,0.0,0.0,0.0,0.0,56.72450235379484,11.182920934790502,False,True,True,False,False,14.634339027025206
2024-10-04 17:00:00+00:00,40.965,41.1,40.94,41.07,60808.0,38.463360970778574,,,37.86658112294215,"rgba(38, 166, 154, 1.0)",2.0767884011287867,38.37990437200099,1.2953152215877517,3,0.1714214374166572,0.5142643122499716,0.0,0.0,0.0,0.0,57.45176872791752,11.182920934790502,False,True,True,False,False,16.2332917321423
2024-10-07 17:00:00+00:00,40.945,41.085,40.615,40.84,104141.0,38.51893142887591,,,37.908089186414486,"rgba(38, 166, 154, 1.0)",2.0588054198385906,38.41427885707354,1.178217775974496,3,0.16989514999062258,0.5096854499718677,0.0,0.0,0.0,0.0,55.84659753437526,10.518019741640494,False,True,True,False,False,14.520956583675918
2024-10-08 17:00:00+00:00,40.505,40.68,40.385,40.63,131024.0,38.57724324583575,,,37.95029282868326,"rgba(38, 166, 154, 1.0)",2.0321968164774047,38.44270926342222,1.0763183559992053,3,0.16867516279319916,0.5060254883795975,0.0,0.0,0.0,0.0,53.04724607265929,7.738889867029457,False,True,True,False,False,12.982458696941205
2024-10-09 17:00:00+00:00,40.82,40.95,40.74,40.91,37652.0,38.595840867371784,,,37.96470084419133,"rgba(38, 166, 154, 1.0)",2.014216421537862,38.4559186553266,1.2183801692966523,3,0.16732834604850125,0.5019850381455038,0.0,0.0,0.0,0.0,53.43714918450502,7.738889867029457,False,True,True,False,False,14.39943160984781
2024-10-10 17:00:00+00:00,40.84,40.92,40.665,40.89,44331.0,38.61695911475372,,,37.981057255135745,"rgba(38, 166, 154, 1.0)",1.9913608412339532,38.47053358045483,1.2149814184585168,3,0.16645235225666724,0.49935705677000175,0.0,0.0,0.0,0.0,53.51195804705768,7.738889867029457,False,True,True,False,False,14.25080210867825
2024-10-11 17:00:00+00:00,40.965,41.11,40.95,41.085,95440.0,38.66555761519148,,,38.01992727861227,"rgba(38, 166, 154, 1.0)",1.9754397343741321,38.50853582336257,1.3042484322882757,3,0.16530467066137564,0.4959140119841269,0.0,0.0,0.0,0.0,55.12205329014954,7.738889867029457,False,True,True,False,True,15.23927476895799
2024-10-14 17:00:00+00:00,41.175,41.18,41.02,41.14,31886.0,38.68179521207616,,,38.03305257452607,"rgba(38, 166, 154, 1.0)",1.9495751442925306,38.52146530229116,1.3431309407973924,3,0.16420194715759404,0.4926058414727821,0.0,0.0,0.0,0.0,56.626691535727296,7.738889867029457,False,True,True,False,True,15.517831022434827
2024-10-15 17:00:00+00:00,41.255,41.305,41.115,41.285,36824.0,38.701206407716406,,,38.04892491610251,"rgba(38, 166, 154, 1.0)",1.935602408730854,38.537543992477474,1.4194320048010216,3,0.1631197326496242,0.4893591979488726,0.0,0.0,0.0,0.0,58.76456153511543,4.8045006011251346,False,True,True,False,True,16.254464006198795
2024-10-16 17:00:00+00:00,41.715,41.855,41.665,41.81,45474.0,38.729811975654314,,,38.07306677177974,"rgba(38, 166, 154, 1.0)",1.9300194112826767,38.564541707940094,1.6815676946497653,2,0.16805268801064144,0.3361053760212829,0.0,0.0,0.0,0.0,63.33999933319334,9.098584937549553,False,True,True,False,True,18.82471125852887
2024-10-17 17:00:00+00:00,41.845,41.865,41.635,41.835,59406.0,38.76640949045986,,,38.103932302478114,"rgba(38, 166, 154, 1.0)",1.921619280101462,38.59839164512013,1.6843130105922834,2,0.16683127247303517,0.33366254494607034,0.0,0.0,0.0,0.0,66.51420218738438,11.944957866689016,False,False,True,False,True,18.94388420142832
2024-10-18 17:00:00+00:00,41.895,41.99,41.84,41.975,44222.0,38.794474983732755,,,38.55076663194659,"rgba(38, 166, 154, 1.0)",1.9054876820137965,38.9005150621574,1.6134897994162618,1,0.11052956825273218,0.11052956825273218,0.0,0.0,0.0,0.0,69.34001155560907,14.461144918886035,True,False,True,False,True,19.61528862588637
2024-10-21 17:00:00+00:00,41.505,41.59,41.45,41.54,69019.0,38.83173005507856,,,38.550753117946016,"rgba(38, 166, 154, 1.0)",1.8715927191315722,38.90867233958105,1.4059296306943827,1,0.10979813572743813,0.10979813572743813,0.0,0.0,0.0,0.0,65.8440708147615,14.461144918886035,False,False,True,False,False,16.15373694094202
2024-10-22 17:00:00+00:00,41.435,41.525,41.41,41.455,63574.0,38.864372660643006,,,38.566073683340406,"rgba(38, 166, 154, 1.0)",1.8317168213218766,38.926677058849954,1.380302299853017,1,0.10935884900153428,0.10935884900153428,0.0,0.0,0.0,0.0,62.6272599104023,18.196809277490004,False,True,True,False,False,15.493604641271734
2024-10-23 17:00:00+00:00,41.235,41.24,41.035,41.22,70497.0,38.895588055527945,,,38.575052531931924,"rgba(38, 166, 154, 1.0)",1.795073024186528,38.937700477524906,1.271424333006932,1,0.1090004994497844,0.1090004994497844,0.0,0.0,0.0,0.0,58.175156419548195,14.183508586312115,False,True,True,False,False,13.681789788406768
2024-10-24 17:00:00+00:00,41.035,41.175,40.89,41.16,63954.0,38.92208805714339,,,38.58532856046352,"rgba(38, 166, 154, 1.0)",1.7546859193814948,38.948504348657444,1.260337036340998,1,0.10877160918770662,0.10877160918770662,0.0,0.0,0.0,0.0,54.645792366673135,11.047580643846786,False,True,True,False,False,13.22160928399466
2024-10-25 17:00:00+00:00,40.965,41.05,40.895,40.95,88901.0,38.95604401061983,,,38.59978457989118,"rgba(38, 166, 154, 1.0)",1.716837649142609,38.96248273817434,1.157661740944599,0,,,0.0,0.0,0.0,0.0,50.41149139774933,7.232437351390644,False,True,False,False,False,11.616384753468754
2024-10-28 17:00:00+00:00,41.005,41.045,40.83,40.92,73961.0,38.982990493365605,,,38.613499998898334,"rgba(38, 166, 154, 1.0)",1.665915493784856,38.97510733799883,1.167461776576973,0,,,0.0,0.0,0.0,0.0,47.32710550230685,4.451913120286065,False,True,False,True,False,11.387252430590348
2024-10-29 17:00:00+00:00,40.275,40.475,40.12,40.4,58841.0,38.997468068861885,,,38.61291769247918,"rgba(239, 83, 80, 1.0)",1.6132383022417451,38.97300244351162,0.8845547210882823,0,,,0.0,0.0,0.0,0.0,41.604090435350685,-0.7893212795173952,False,True,False,True,False,7.525958220104659
2024-10-30 17:00:00+00:00,40.4,40.64,40.4,40.6,52399.0,39.01213726519164,,,38.61799558788635,"rgba(239, 83, 80, 1.0)",1.5649180388980368,38.97659824371723,1.0373717446735549,0,,,0.0,0.0,0.0,0.0,40.20195135787893,-2.0471703536695216,False,True,False,True,False,8.68919495659064
2024-10-31 17:00:00+00:00,40.385,40.6,40.38,40.4,68060.0,39.029728113118516,,,38.624025508099926,"rgba(239, 83, 80, 1.0)",1.5126587832669351,38.9804244870726,0.9384638020357119,0,,,0.0,0.0,0.0,0.0,37.96530961450588,-4.277837452118767,False,True,False,True,False,7.242419324517215
2024-11-01 17:00:00+00:00,40.205,40.49,40.06,40.42,225755.0,39.07984083436704,,,38.811064446818555,"rgba(239, 83, 80, 1.0)",1.4654489211639385,39.09332659902054,0.9053017009461807,0,,,0.0,0.0,0.0,0.0,36.73165783903937,-5.6945743946224,False,True,False,True,False,7.361735184876327
2024-11-04 17:00:00+00:00,40.625,40.885,40.53,40.835,104216.0,39.1091837455582,,,38.844644790757854,"rgba(239, 83, 80, 1.0)",1.4232058153312908,39.121358473588096,1.204071475785115,0,,,0.0,0.0,0.0,0.0,40.58232566543549,-5.6945743946224,False,True,False,True,True,9.792969056863146
2024-11-05 17:00:00+00:00,41.045,41.1,40.935,41.05,54872.0,39.12677397941805,,,38.866511998555254,"rgba(239, 83, 80, 1.0)",1.370572649437964,39.14044433334713,1.393253883649234,0,,,0.0,0.0,0.0,0.0,45.05530676736914,-12.60671490264064,False,True,False,True,True,11.00892536762268
2024-11-06 17:00:00+00:00,41.365,41.595,41.205,41.56,121698.0,39.173126115573524,,,38.92836532929006,"rgba(38, 166, 154, 1.0)",1.3233802882721963,39.196454513084284,1.7859911530052792,0,,,0.0,0.0,0.0,0.0,51.53042239695351,-6.551549865911419,False,True,True,False,True,13.772527489719032
2024-11-07 17:00:00+00:00,42.395,42.62,42.205,42.41,70917.0,39.21029323200828,,,38.9840146173077,"rgba(38, 166, 154, 1.0)",1.2794628659032043,39.248518909186316,2.4709439992866953,0,,,0.0,0.0,0.0,0.0,59.390907874084604,0.57739757459386,False,False,True,False,True,17.96185380597625
2024-11-08 17:00:00+00:00,42.21,42.495,42.145,42.355,52072.0,39.23637666654789,,,39.019552259863715,"rgba(38, 166, 154, 1.0)",1.2400160853359563,39.28211701220791,2.478099295751919,0,,,0.0,0.0,0.0,0.0,64.09735445474305,4.69755556572558,True,False,True,False,True,17.543770586880562
2024-11-11 17:00:00+00:00,42.88,42.895,42.655,42.79,71137.0,39.276373730119936,,,39.07467391843768,"rgba(38, 166, 154, 1.0)",1.2068711426473726,39.334827630468354,2.862917379855845,0,,,0.0,0.0,0.0,0.0,68.64311210249565,8.789504706966504,True,False,True,False,True,19.556158793146924
2024-11-12 17:00:00+00:00,42.06,42.48,42.035,42.195,67418.0,39.307704754779024,,,39.11124245362338,"rgba(38, 166, 154, 1.0)",1.1723656495378214,39.37000333271664,2.409654930095443,0,,,0.0,0.0,0.0,0.0,66.56796156063876,8.789504706966504,True,False,True,False,True,15.149208106702911
2024-11-13 17:00:00+00:00,42.245,42.575,42.24,42.51,94131.0,39.35334202546996,,,39.16414272579782,"rgba(38, 166, 154, 1.0)",1.1485291220270248,39.421286157859484,2.689277775289913,0,,,0.0,0.0,0.0,0.0,66.50028415187955,8.789504706966504,True,False,True,False,True,16.619104202554123
2024-11-14 17:00:00+00:00,43.0,43.315,42.865,43.095,170929.0,39.44964756063881,,,39.2791300196893,"rgba(38, 166, 154, 1.0)",1.1422938554733977,39.53411489017277,3.1173109202723475,0,,,0.0,0.0,0.0,0.0,68.47270653736157,9.236491938156362,True,False,True,False,True,19.21537786470221
2024-11-15 17:00:00+00:00,42.05,42.23,41.955,42.175,106973.0,39.49201723939141,,,39.31803825760079,"rgba(38, 166, 154, 1.0)",1.1196506573903418,39.57232480654349,2.32454219204655,0,,,0.0,0.0,0.0,0.0,63.95830520809933,9.236491938156362,True,False,True,False,False,12.939565989539478
2024-11-18 17:00:00+00:00,42.695,42.715,42.475,42.545,78083.0,39.52735250665987,,,39.35368509789098,"rgba(38, 166, 154, 1.0)",1.0776082040526018,39.607510949021986,2.7259341938293433,0,,,0.0,0.0,0.0,0.0,62.428498835965925,9.236491938156362,True,False,True,False,False,14.590912522008484
2024-11-19 17:00:00+00:00,42.755,43.085,42.75,42.965,118848.0,39.58568931089541,,,39.41457492498776,"rgba(38, 166, 154, 1.0)",1.0778952213031394,39.667883328582974,3.058847099656797,0,,,0.0,0.0,0.0,0.0,62.92188337540992,9.236491938156362,True,False,True,False,False,16.39710476829142
2024-11-20 17:00:00+00:00,42.645,42.805,42.43,42.79,46934.0,39.60644466209083,,,39.43487327814281,"rgba(38, 166, 154, 1.0)",1.0738233954821077,39.68799399639737,2.8887487613453833,0,,,0.0,0.0,0.0,0.0,62.190614860358444,9.236491938156362,True,False,True,False,False,15.249821311257175
2024-11-21 17:00:00+00:00,43.315,43.54,43.225,43.495,90271.0,39.65509470635357,,,39.486896852505154,"rgba(38, 166, 154, 1.0)",1.0938286012941196,40.00273236209945,3.1927009714033896,0,,,0.0,0.0,0.0,0.0,64.11233194028404,9.236491938156362,True,False,True,False,False,18.18173546404352
2024-11-22 17:00:00+00:00,43.445,43.515,43.215,43.26,111479.0,39.712092165619914,,,39.545756019549,"rgba(38, 166, 154, 1.0)",1.1068082713594047,40.05372924625919,2.8968619377977745,0,,,0.0,0.0,0.0,0.0,63.931065620801505,9.236491938156362,True,False,True,False,False,16.65203352790934
2024-11-25 17:00:00+00:00,42.875,43.16,42.855,42.965,88809.0,39.75213992365643,,,39.58454486737783,"rgba(38, 166, 154, 1.0)",1.11266908624961,40.08137186094299,2.5916313975942704,0,,,0.0,0.0,0.0,0.0,62.039712996615485,9.236491938156362,True,False,True,False,False,14.764440230069283
2024-11-26 17:00:00+00:00,42.48,42.73,42.345,42.685,113266.0,39.795586440101786,,,39.623263798827765,"rgba(38, 166, 154, 1.0)",1.1167547981895256,40.10357333958924,2.3115429318913625,0,,,0.0,0.0,0.0,0.0,59.18815390876413,15.092763682034303,True,False,True,False,False,13.008931437311915
2024-11-27 17:00:00+00:00,42.855,42.955,42.72,42.885,63560.0,39.821662428684164,,,39.647499741119574,"rgba(38, 166, 154, 1.0)",1.1263434420946397,40.12384385422448,2.4514335881786162,0,,,0.0,0.0,0.0,0.0,58.24466298120404,13.849983820727644,False,False,True,False,False,13.880149466465035
2024-11-28 17:00:00+00:00,42.885,42.885,42.885,42.885,0.0,39.821662428684164,,,39.647499741119574,"rgba(38, 166, 154, 1.0)",1.1110223074122416,40.12384385422448,2.485239159784932,0,,,0.0,0.0,0.0,0.0,57.61566902949731,12.868131513012848,False,False,True,False,False,13.880149466465035
2024-11-29 17:00:00+00:00,43.315,43.515,43.31,43.325,35251.0,39.838428502808895,,,39.66413229397405,"rgba(38, 166, 154, 1.0)",1.107600380824989,40.141002555947786,2.8746807054008388,0,,,0.0,0.0,0.0,0.0,59.330821010892464,12.868131513012848,True,False,True,False,False,15.786441455099794
2024-12-02 17:00:00+00:00,42.895,43.46,42.885,43.43,113079.0,39.88930218092016,,,39.7134203635583,"rgba(38, 166, 154, 1.0)",1.1150270549782157,40.189231228132044,2.9064485542292697,0,,,0.0,0.0,0.0,0.0,60.94468170860119,12.868131513012848,True,False,True,False,True,16.232768208718316
2024-12-03 17:00:00+00:00,43.525,43.885,43.44,43.48,50855.0,39.913973117687284,,,39.7379674034525,"rgba(38, 166, 154, 1.0)",1.1187248693639538,40.21478805901004,2.9186907616046645,0,,,0.0,0.0,0.0,0.0,62.258227319969066,12.868131513012848,True,False,True,False,True,16.44722208083173
2024-12-04 17:00:00+00:00,43.62,43.715,43.45,43.65,55166.0,39.9403911515884,,,39.76408709799953,"rgba(38, 166, 154, 1.0)",1.1218756736051867,40.24161870631547,3.0381096353855104,0,,,0.0,0.0,0.0,0.0,63.96179388848258,9.51010851860314,True,False,True,False,True,17.17926260871119
2024-12-05 17:00:00+00:00,44.01,44.135,43.89,43.895,55874.0,39.9694164442464,,,40.1734738321193,"rgba(38, 166, 154, 1.0)",1.1303197028410583,40.51981670853085,2.9860430486928906,0,,,0.0,0.0,0.0,0.0,66.2164954494288,11.804716779499074,True,False,True,False,True,18.223141387005374
2024-12-06 17:00:00+00:00,43.335,43.375,43.12,43.155,27540.0,39.98089498430045,,,40.16053434631655,"rgba(38, 166, 154, 1.0)",1.1316457679610767,40.51240841572355,2.3351755991962895,0,,,0.0,0.0,0.0,0.0,61.613076033566806,16.283185210317725,True,False,True,False,False,13.309393131883326
2024-12-09 17:00:00+00:00,43.005,43.005,42.36,42.41,39225.0,39.99397347929597,,,40.13767293291469,"rgba(239, 83, 80, 1.0)",1.123169782517511,40.49571702263452,1.7043576199804225,0,,,0.0,0.0,0.0,0.0,54.581760859483836,9.933528710938582,False,True,True,False,False,8.77318796264403
2024-12-10 17:00:00+00:00,42.275,42.425,42.21,42.31,64010.0,40.01279341106263,,,40.11859021248611,"rgba(239, 83, 80, 1.0)",1.1084775209333246,40.480194565660554,1.6507375204133814,0,,,0.0,0.0,0.0,0.0,49.44691441147834,5.534357745485892,False,True,False,True,False,8.18790801712343
2024-12-11 17:00:00+00:00,42.705,42.73,42.27,42.28,63089.0,40.0319316172281,,,40.11957647146008,"rgba(239, 83, 80, 1.0)",1.0847673931757786,40.48063583863343,1.658755759701375,0,,,0.0,0.0,0.0,0.0,45.87933178296512,2.550867955297484,False,True,False,True,False,8.010372135760015
2024-12-12 17:00:00+00:00,42.195,42.275,41.945,42.025,51239.0,40.045045881739846,,,40.116411677674506,"rgba(239, 83, 80, 1.0)",1.0620158971342402,40.476530930318134,1.4580469782611325,0,,,0.0,0.0,0.0,0.0,42.26633828443628,-0.5938682237438826,False,True,False,True,False,6.501732108509639
2024-12-13 17:00:00+00:00,41.915,42.0,41.745,41.92,47971.0,40.056021367633264,,,40.11283991462919,"rgba(239, 83, 80, 1.0)",1.0508053196572142,40.47160242186563,1.3783690956254904,0,,,0.0,0.0,0.0,0.0,39.36237028280486,-3.19334648041297,False,True,False,True,False,5.884086450004762
2024-12-16 17:00:00+00:00,41.575,41.605,41.465,41.57,77438.0,40.0702127901315,,,40.102618407515926,"rgba(239, 83, 80, 1.0)",1.03822543508341,40.45848568454899,1.0705905267690854,0,,,0.0,0.0,0.0,0.0,35.89179464997707,-6.419762442653372,False,True,False,True,False,3.851563157626714
2024-12-17 17:00:00+00:00,41.26,41.405,41.175,41.355,60153.0,40.079326295524176,,,40.09397051866187,"rgba(239, 83, 80, 1.0)",1.0260988484775382,40.447072588971885,0.8848342558567708,0,,,0.0,0.0,0.0,0.0,32.74231323156785,-9.405571246340529,False,True,False,True,False,2.628807443918557
2024-12-18 17:00:00+00:00,41.265,41.335,40.505,40.525,97089.0,40.08762867551352,,,40.13055906678759,"rgba(239, 83, 80, 1.0)",1.0243037626594376,40.4416746617898,0.08134826918321655,0,,,0.0,0.0,0.0,0.0,28.233449837631646,-13.672882448344652,False,True,False,True,False,0.0
2024-12-19 17:00:00+00:00,40.855,40.98,40.665,40.69,259582.0,40.108596847294336,,,40.097823992599565,"rgba(239, 83, 80, 1.0)",1.0206440203206502,40.39422141674068,0.2897960281650375,0,,,0.0,0.0,0.0,0.0,26.778768804728852,-15.151248683681587,False,True,False,True,False,0.0
2024-12-20 17:00:00+00:00,41.055,41.415,41.045,41.365,79053.0,40.11928158818436,,,40.1076829849498,"rgba(239, 83, 80, 1.0)",1.0112165450095172,40.39863595609861,0.9556450086487639,0,,,0.0,0.0,0.0,0.0,31.12698512501726,-15.151248683681587,False,True,False,True,True,2.538402378268124
2024-12-23 17:00:00+00:00,41.11,41.11,41.11,41.11,0.0,40.11928158818436,,,40.1076829849498,"rgba(239, 83, 80, 1.0)",1.0083504592396102,40.39863595609861,0.7054730202015529,0,,,0.0,0.0,0.0,0.0,32.94021136842357,-15.151248683681587,False,True,False,True,True,1.1882483352717834
2024-12-24 17:00:00+00:00,41.745,41.855,41.705,41.85,13227.0,40.121858791041845,,,40.11185341506862,"rgba(239, 83, 80, 1.0)",0.995791242278362,40.4017701453915,1.4543508650417143,0,,,0.0,0.0,0.0,0.0,38.60471446372101,-19.66853487499222,False,True,False,True,True,4.807530624217101
2024-12-25 17:00:00+00:00,41.85,41.85,41.85,41.85,0.0,40.121858791041845,,,40.11185341506862,"rgba(239, 83, 80, 1.0)",0.9824070824641696,40.4017701453915,1.4741647128356477,0,,,0.0,0.0,0.0,0.0,42.38104986058597,-16.060350353087472,False,True,False,True,True,4.807530624217101
2024-12-26 17:00:00+00:00,41.89,41.895,41.695,41.81,41930.0,40.12996062599707,,,40.12414777514916,"rgba(239, 83, 80, 1.0)",0.9727815278370513,40.411021832068585,1.4381216418058442,0,,,0.0,0.0,0.0,0.0,44.66206491258889,-13.777397357712445,False,True,False,True,True,4.587886274031572
2024-12-27 17:00:00+00:00,41.6,41.88,41.525,41.83,41460.0,40.13763378434842,,,40.13442572938438,"rgba(239, 83, 80, 1.0)",0.9665084042550187,40.418639503935324,1.4602671739337287,0,,,0.0,0.0,0.0,0.0,46.31696754258631,-11.949166216144562,False,True,False,True,True,4.68661830656367
2024-12-30 17:00:00+00:00,41.865,42.2,41.86,42.17,27908.0,40.143815214137,,,40.14405919362806,"rgba(239, 83, 80, 1.0)",0.9661922896300862,40.426421672762906,1.80458729173324,0,,,0.0,0.0,0.0,0.0,49.63155639309262,-8.52446065293455,False,False,False,False,True,6.356302029181151
2024-12-31 17:00:00+00:00,42.17,42.44,42.155,42.415,23804.0,40.14976162509099,,,40.1539547055894,"rgba(38, 166, 154, 1.0)",0.9638977647556763,40.43471681166096,2.0544535538382416,0,,,0.0,0.0,0.0,0.0,53.24768345058788,-4.8732309232173705,False,False,True,False,True,7.534288824033286
2025-01-01 17:00:00+00:00,42.415,42.415,42.415,42.415,0.0,40.14976162509099,,,40.1539547055894,"rgba(38, 166, 154, 1.0)",0.9567974076466594,40.43471681166096,2.069699575388425,0,,,0.0,0.0,0.0,0.0,55.65843482225138,-2.356252403545973,True,False,True,False,True,7.534288824033286
2025-01-02 17:00:00+00:00,42.735,42.99,42.48,42.955,25694.0,40.15752063893724,,,40.168115435465545,"rgba(38, 166, 154, 1.0)",0.9541224825523192,40.447044359258456,2.628546844460317,0,,,0.0,0.0,0.0,0.0,60.05876930909817,1.992621498373083,True,False,True,False,True,10.090651819692834
2025-01-03 17:00:00+00:00,43.34,43.43,43.08,43.095,44427.0,40.17280519492112,,,40.196634005393896,"rgba(38, 166, 154, 1.0)",0.9545204588202371,40.47242661724119,2.7475297763656554,0,,,0.0,0.0,0.0,0.0,63.59687585698708,5.466628529548359,True,False,True,False,True,10.734855362757902
2025-01-06 17:00:00+00:00,43.165,43.175,42.91,43.0,40157.0,40.1857061399398,,,40.218630950052564,"rgba(38, 166, 154, 1.0)",0.9576553198890517,40.49201820688767,2.618877315277577,0,,,0.0,0.0,0.0,0.0,64.95280957556972,6.971155078673547,True,False,True,False,True,10.14970362956792
2025-01-07 17:00:00+00:00,43.49,43.79,43.395,43.68,50320.0,40.20504856352578,,,40.25311219202681,"rgba(38, 166, 154, 1.0)",0.973421568257885,40.523475759248576,3.2427103977165803,0,,,0.0,0.0,0.0,0.0,68.60827299973795,10.675437751848044,True,False,True,False,True,13.22902329994028
2025-01-08 17:00:00+00:00,44.04,44.08,43.68,44.05,40747.0,40.22198178967247,,,40.28295911115956,"rgba(38, 166, 154, 1.0)",1.0004359770341305,40.55104387456049,3.4974313257030505,0,,,0.0,0.0,0.0,0.0,72.13005591989815,14.193600109271827,True,False,True,False,True,14.815715363621234
2025-01-09 17:00:00+00:00,44.05,44.05,44.05,44.05,0.0,40.22198178967247,,,40.28295911115956,"rgba(38, 166, 154, 1.0)",1.0208326931419656,40.55104387456049,3.4275510070805613,0,,,0.0,0.0,0.0,0.0,74.47791120000495,16.621810933641697,True,False,True,False,True,14.815715363621234
2025-01-10 17:00:00+00:00,43.26,43.735,43.2,43.47,72840.0,40.24810362380636,,,40.32359205031689,"rgba(38, 166, 154, 1.0)",1.0244628036371684,40.58849561427907,2.812697909080422,0,,,0.0,0.0,0.0,0.0,70.46317508894454,16.621810933641697,True,False,True,False,False,11.201635022990612
2025-01-13 17:00:00+00:00,43.615,43.695,43.32,43.365,113088.0,40.287733649244394,,,40.38059301361419,"rgba(38, 166, 154, 1.0)",1.0231124919437073,40.64151505837343,2.661960403251945,0,,,0.0,0.0,0.0,0.0,66.92752307889272,16.621810933641697,True,False,True,False,False,10.56560164465504
2025-01-14 17:00:00+00:00,43.67,44.09,43.645,44.06,76687.0,40.317969335187854,,,40.424644686851785,"rgba(38, 166, 154, 1.0)",1.0434194564805919,40.68318680271592,3.2362950262341497,0,,,0.0,0.0,0.0,0.0,67.71678221176224,16.621810933641697,True,False,True,False,False,13.624257352554938
2025-01-15 17:00:00+00:00,44.45,44.495,44.295,44.35,55970.0,40.34242075365533,,,40.460813664057355,"rgba(38, 166, 154, 1.0)",1.0685478189774817,40.717764748302656,3.3992257409435505,0,,,0.0,0.0,0.0,0.0,69.26035196974604,16.621810933641697,True,False,True,False,False,14.84018141227498
2025-01-16 17:00:00+00:00,43.87,44.025,43.685,44.025,115938.0,40.38637755655741,,,40.518900869985195,"rgba(38, 166, 154, 1.0)",1.0782353242286702,40.77327422997621,3.015784863429469,0,,,0.0,0.0,0.0,0.0,67.60363220673467,16.621810933641697,True,False,True,False,False,12.849918983909614
2025-01-17 17:00:00+00:00,44.7,44.745,44.335,44.515,182698.0,40.46529351665666,,,40.62467405307019,"rgba(38, 166, 154, 1.0)",1.1037217873104959,40.87583235475367,3.2971784077164106,0,,,0.0,0.0,0.0,0.0,68.39041687914157,16.621810933641697,True,False,True,False,False,14.898310863945138
2025-01-20 17:00:00+00:00,44.515,44.515,44.515,44.515,0.0,40.46529351665666,,,40.62467405307019,"rgba(38, 166, 154, 1.0)",1.1231153101975293,40.87583235475367,3.240244000062904,0,,,0.0,0.0,0.0,0.0,68.91493999407949,16.621810933641697,True,False,True,False,False,14.898310863945138
2025-01-21 17:00:00+00:00,45.64,45.775,45.205,45.33,166682.0,40.55016522808307,,,41.101243912307886,"rgba(38, 166, 154, 1.0)",1.1610136453482265,41.41069715420155,3.375759502484503,0,,,1.0,0.0,45.775,328.0,71.7739993837144,16.621810933641697,True,False,True,False,True,18.143647262015477
2025-01-22 17:00:00+00:00,45.12,45.125,44.765,44.78,112504.0,40.599603500680644,,,41.140207782076615,"rgba(38, 166, 154, 1.0)",1.1828500776964086,41.45372940807308,2.8120813065378556,0,,,0.0,0.0,0.0,0.0,69.55062740361367,16.621810933641697,True,False,True,False,True,14.8043919574469
2025-01-23 17:00:00+00:00,44.745,45.0,44.725,44.865,161887.0,40.66836771880808,,,41.20479390101828,"rgba(38, 166, 154, 1.0)",1.2039839759791275,41.52136344753876,2.777143732118248,0,,,0.0,0.0,0.0,0.0,68.38294424242373,16.621810933641697,True,False,True,False,False,15.142801756543196
2025-01-24 17:00:00+00:00,44.975,45.21,44.94,45.06,93630.0,40.70904551661143,,,41.24829652186928,"rgba(38, 166, 154, 1.0)",1.230965445464666,41.5657504300502,2.8386252293465386,0,,,0.0,0.0,0.0,0.0,68.34285461737544,16.621810933641697,True,False,True,False,False,15.920311660910503
2025-01-27 17:00:00+00:00,44.425,44.815,44.255,44.71,103046.0,40.74815448270177,,,41.28093968996505,"rgba(38, 166, 154, 1.0)",1.2470748187673828,41.599882548791236,2.4939301190307304,0,,,0.0,0.0,0.0,0.0,65.6674784254167,20.684938193918768,True,False,True,False,False,13.80756765673263
2025-01-28 17:00:00+00:00,44.55,44.585,44.255,44.5,92901.0,40.781424790798226,,,41.30714587222068,"rgba(38, 166, 154, 1.0)",1.258726054103663,41.627234403821895,2.282280236285248,0,,,0.0,0.0,0.0,0.0,62.419244704168804,17.447214134939628,True,False,True,False,False,12.561831771409683
2025-01-29 17:00:00+00:00,44.37,44.515,44.155,44.25,35876.0,40.793628623579785,,,41.316112169598746,"rgba(38, 166, 154, 1.0)",1.270090753656061,41.63660727464137,2.0576425092740522,0,,,0.0,0.0,0.0,0.0,58.59673455870926,13.81256241064721,True,False,True,False,False,11.094773295665327
2025-01-30 17:00:00+00:00,44.56,44.825,44.1,44.49,102036.0,40.82948924699073,,,41.34581613137595,"rgba(38, 166, 154, 1.0)",1.285096319172088,41.667141344658056,2.19661251318543,0,,,0.0,0.0,0.0,0.0,57.4805004845424,12.719548019366478,False,False,True,False,False,12.126688657523033
2025-01-31 17:00:00+00:00,44.305,44.57,43.24,43.295,146459.0,40.86912981117869,,,41.363913352734095,"rgba(239, 83, 80, 1.0)",1.284823306111789,41.686531840120196,1.2518983367039398,0,,,0.0,0.0,0.0,0.0,50.674589547007784,6.3995268712394875,False,False,False,False,False,5.520587484883908
2025-02-03 17:00:00+00:00,43.07,43.08,42.7,42.98,107433.0,40.889684632412525,,,41.472978589252456,"rgba(239, 83, 80, 1.0)",1.2785518447915674,41.902836852386656,0.8424868745067922,0,,,0.0,0.0,0.0,0.0,45.03864830308531,1.4091517239608748,False,True,False,True,False,3.9112413539257673
2025-02-04 17:00:00+00:00,44.06,44.095,43.7,43.74,67433.0,40.9081598946708,,,41.50965757505999,"rgba(239, 83, 80, 1.0)",1.2761247750285012,41.936076553526505,1.4135948786302721,0,,,0.0,0.0,0.0,0.0,45.57428971200822,1.4091517239608748,False,True,False,True,False,7.2451952239380155
2025-02-05 17:00:00+00:00,44.34,44.39,43.93,43.96,97219.0,40.93661117449248,,,41.55099828872564,"rgba(239, 83, 80, 1.0)",1.2720154080034958,41.97454481359479,1.5608735349530882,0,,,0.0,0.0,0.0,0.0,46.99050427398015,1.4091517239608748,False,True,False,True,True,8.170973117068609
2025-02-06 17:00:00+00:00,43.965,44.33,43.935,44.22,102315.0,40.96664637265193,,,41.58504962457793,"rgba(239, 83, 80, 1.0)",1.2694098898577129,42.006832148482886,1.7434619575598118,0,,,0.0,0.0,0.0,0.0,49.16177734613355,1.4091517239608748,False,True,False,False,True,9.254297871067099
2025-02-07 17:00:00+00:00,44.075,44.525,44.05,44.465,63397.0,40.98603928657543,,,41.607081826743475,"rgba(239, 83, 80, 1.0)",1.2654222490807452,42.02792791183156,1.9258963479888485,0,,,0.0,0.0,0.0,0.0,51.727736583660004,-4.8008767444193765,False,False,True,False,True,10.263342699793363
2025-02-10 17:00:00+00:00,44.82,44.98,44.71,44.815,90870.0,41.01743440251117,,,41.64868335101234,"rgba(38, 166, 154, 1.0)",1.265596935680435,42.06809827861266,2.1704396114948676,0,,,0.0,0.0,0.0,0.0,54.93283471111602,-1.6359826284245713,False,False,True,False,True,11.67998430175426
2025-02-11 17:00:00+00:00,45.11,45.325,45.055,45.29,76956.0,41.046288646002,,,41.68849832074727,"rgba(38, 166, 154, 1.0)",1.2615770839464557,42.1068438366489,2.5231562968737316,0,,,0.0,0.0,0.0,0.0,58.834164672088505,2.112236462697105,True,False,True,False,True,13.542434060437543
2025-02-12 17:00:00+00:00,45.3,45.345,45.02,45.12,106339.0,41.08493540066853,,,41.736590617639855,"rgba(38, 166, 154, 1.0)",1.2555299014095356,42.15392837306142,2.362406202838087,0,,,0.0,0.0,0.0,0.0,60.27432180833331,3.5792640569885776,True,False,True,False,True,12.601446106689242
2025-02-13 17:00:00+00:00,45.575,45.7,45.38,45.52,107619.0,41.126814306507974,,,42.039946852556085,"rgba(38, 166, 154, 1.0)",1.2506230879478495,42.56966606324502,2.3590912123621437,0,,,0.0,0.0,0.0,0.0,62.72686625447925,6.071553461723575,True,False,True,False,True,14.154010282747784
2025-02-14 17:00:00+00:00,43.575,43.6,43.065,43.1,100021.0,41.14527381062638,,,41.96298489024475,"rgba(239, 83, 80, 1.0)",1.2111712818069875,42.49534152198378,0.4992344906940897,0,,,0.0,0.0,0.0,0.0,54.15677344556052,11.377446234000843,False,False,True,False,False,2.2829851613357697
2025-02-17 17:00:00+00:00,43.1,43.1,43.1,43.1,0.0,41.14527381062638,,,41.96298489024475,"rgba(239, 83, 80, 1.0)",1.18132864197922,42.49534152198378,0.5118461167615163,0,,,0.0,0.0,0.0,0.0,48.44337823961469,6.308394034350158,False,True,False,True,False,2.2829851613357697
2025-02-18 17:00:00+00:00,42.78,43.235,42.615,42.705,136198.0,41.16519290719574,,,41.90869797993252,"rgba(239, 83, 80, 1.0)",1.1567942656207635,42.44032102406656,0.22880384507387083,0,,,0.0,0.0,0.0,0.0,43.57927117464553,2.0284765681173837,False,True,False,True,False,0.5728027012187269
2025-02-19 17:00:00+00:00,42.355,42.38,42.035,42.31,88697.0,41.17331453781342,,,41.8713718693892,"rgba(239, 83, 80, 1.0)",1.1458697864799805,42.401533125147964,-0.07988091337074502,0,,,0.0,0.0,0.0,0.0,39.34624530633126,-1.7453335859130377,False,True,False,True,False,0.0
2025-02-20 17:00:00+00:00,41.815,42.15,41.78,41.97,67719.0,41.17785827197918,,,41.8435751483482,"rgba(239, 83, 80, 1.0)",1.1509854688698975,42.37223628449845,-0.34947121000006043,0,,,0.0,0.0,0.0,0.0,35.71795967528897,-5.07322944101967,False,True,False,True,False,0.0
2025-02-21 17:00:00+00:00,42.065,42.12,41.575,41.78,98081.0,41.18318221038831,,,41.80699438038222,"rgba(239, 83, 80, 1.0)",1.1584132242849725,42.333061880334824,-0.4774305651389635,0,,,0.0,0.0,0.0,0.0,32.85384978991203,-7.827031316607744,False,True,False,True,False,0.0
2025-02-24 17:00:00+00:00,41.695,41.85,41.46,41.53,88856.0,41.18636444156557,,,41.77479568967125,"rgba(239, 83, 80, 1.0)",1.1730061672764451,42.29817532116361,-0.654877478561946,0,,,0.0,0.0,0.0,0.0,30.357089297749734,-10.376283389028146,False,True,False,True,False,0.0
2025-02-25 17:00:00+00:00,41.31,41.81,41.295,41.665,137097.0,41.1909196909475,,,41.724037324287195,"rgba(239, 83, 80, 1.0)",1.1804143683813697,42.35853530258932,-0.587535463110569,0,,,0.0,0.0,0.0,0.0,29.63709594651812,-11.428537109030671,False,True,False,True,False,0.0
2025-02-26 17:00:00+00:00,41.945,42.13,41.57,41.765,84202.0,41.19526151793398,,,41.71325890064643,"rgba(239, 83, 80, 1.0)",1.188922216142058,42.34326816051281,-0.4863801455314987,0,,,0.0,0.0,0.0,0.0,29.891091957700688,-11.719162810521283,False,True,False,True,False,0.0
2025-02-27 17:00:00+00:00,41.85,42.055,41.72,41.73,72185.0,41.199014608379755,,,41.7033047676802,"rgba(239, 83, 80, 1.0)",1.1999189649816475,42.32954746247807,-0.4996566268016617,0,,,0.0,0.0,0.0,0.0,29.93952509040445,-12.350034069929094,False,True,False,True,False,0.0
2025-02-28 17:00:00+00:00,42.305,42.79,42.27,42.715,105676.0,41.21087351325434,,,41.71719434597823,"rgba(239, 83, 80, 1.0)",1.1958126077245126,42.33924301857015,0.31422731204086596,0,,,0.0,0.0,0.0,0.0,36.36593676747012,-12.350034069929094,False,True,False,True,True,1.0444228049713935
2025-03-03 17:00:00+00:00,43.145,43.35,42.32,42.655,115682.0,41.22531904977878,,,41.79390306899276,"rgba(239, 83, 80, 1.0)",1.1951618044176464,42.516519926223935,0.11586721836675606,0,,,0.0,0.0,0.0,0.0,40.347643315535606,-17.29170050242034,False,True,False,True,True,0.7789272129544074
2025-03-04 17:00:00+00:00,41.605,41.94,41.37,41.52,172227.0,41.23053660604707,,,41.717917889946364,"rgba(239, 83, 80, 1.0)",1.2093249661997303,42.42578532274003,-0.7490007632823747,0,,,0.0,0.0,0.0,0.0,38.463232801248765,-17.29170050242034,False,True,False,True,True,0.0
2025-03-05 17:00:00+00:00,42.285,42.805,42.27,42.615,108941.0,41.241873926150625,,,41.73145522530851,"rgba(239, 83, 80, 1.0)",1.2101092683892418,42.43508118726645,0.14867980721529492,1,0.1537879284392346,0.1537879284392346,0.0,0.0,0.0,0.0,42.306252921645466,-15.254547510812522,False,True,False,True,True,0.6177049824007099
2025-03-06 17:00:00+00:00,41.97,42.035,41.54,41.6,104602.0,41.24578794449848,,,41.7111219279945,"rgba(239, 83, 80, 1.0)",1.2215335104356413,42.40779715550485,-0.6612975809536016,2,0.41954518481732095,0.8390903696346419,0.0,0.0,0.0,0.0,41.596746426182634,-15.254547510812522,False,True,False,True,True,0.0
2025-03-07 17:00:00+00:00,41.75,42.25,41.65,41.995,93275.0,41.25094638554794,,,41.702894393947425,"rgba(239, 83, 80, 1.0)",1.2276941581460952,42.39430369112481,-0.3252468772253431,2,0.41958402654266075,0.8391680530853215,0.0,0.0,0.0,0.0,42.70201713093864,-14.31673359222787,False,True,False,True,True,0.0
2025-03-10 17:00:00+00:00,42.355,42.695,42.27,42.685,91679.0,41.26004012121017,,,41.710938776848444,"rgba(239, 83, 80, 1.0)",1.2284137027993982,42.39876478796581,0.23301206375498654,3,0.356869189806001,1.070607569418003,0.0,0.0,0.0,0.0,45.91053996834958,-10.941459100672319,False,True,False,True,True,0.943410612896944
2025-03-11 17:00:00+00:00,42.29,42.555,42.1,42.315,102610.0,41.268306184115254,,,41.712441964546095,"rgba(239, 83, 80, 1.0)",1.2306673901689797,42.395634056370724,-0.06552059233458277,3,0.35853244914077137,1.0755973474223142,0.0,0.0,0.0,0.0,46.73956511623809,-9.81453544615924,False,True,False,True,True,0.0
2025-03-12 17:00:00+00:00,42.645,43.0,42.595,42.615,73527.0,41.27644053569537,,,41.720993164761865,"rgba(239, 83, 80, 1.0)",1.2315563031904107,42.401652882325436,0.17323375076062622,3,0.361213320297947,1.083639960893841,0.0,0.0,0.0,0.0,48.395061960282014,-7.871769219784085,False,False,False,False,True,0.6712493548165277
2025-03-13 17:00:00+00:00,42.52,42.57,42.135,42.545,78009.0,41.28310298684848,,,41.72329319401835,"rgba(239, 83, 80, 1.0)",1.232790056872794,42.40064961406094,0.11709243202791178,3,0.36418943877766236,1.0925683163329871,0.0,0.0,0.0,0.0,49.213457473265606,-6.700687606204227,False,False,False,False,True,0.3957471962104222
2025-03-14 17:00:00+00:00,42.86,42.96,42.765,42.855,43780.0,41.288257119557436,,,41.7290601967973,"rgba(239, 83, 80, 1.0)",1.2325348340380564,42.40503064381298,0.365076380610534,3,0.36825189467315766,1.104755684019473,0.0,0.0,0.0,0.0,51.0071227235118,-4.624103973422244,False,False,False,False,True,1.6033056982485583
2025-03-17 17:00:00+00:00,43.32,43.51,43.315,43.48,33610.0,41.293630364781336,,,41.73776791843331,"rgba(38, 166, 154, 1.0)",1.2327635949691178,42.41311692863482,0.8654401182182075,3,0.3721693929212029,1.1165081787636086,0.0,0.0,0.0,0.0,54.432761147268465,-1.1347125593409757,True,False,True,False,True,3.968610708907317
2025-03-18 17:00:00+00:00,43.085,43.445,43.015,43.41,54176.0,41.30165245149657,,,41.7494557225533,"rgba(38, 166, 154, 1.0)",1.2324508907856329,42.42359300521362,0.8003621094854234,3,0.37947252183318425,1.1384175654995528,0.0,0.0,0.0,0.0,56.34421516488658,0.849096918587442,True,False,True,False,True,3.6788359690954167
2025-03-19 17:00:00+00:00,43.755,43.93,43.64,43.715,32530.0,41.307573716950515,,,41.75958268912687,"rgba(38, 166, 154, 1.0)",1.2329105021478277,42.43332215643024,1.039554648400655,3,0.38557886155073984,1.1567365846522195,0.0,0.0,0.0,0.0,58.70741161619772,3.242085949218037,True,False,True,False,True,4.8237474841719035
2025-03-20 17:00:00+00:00,43.995,44.24,43.95,44.2,38220.0,41.31553310499916,,,41.77415969806714,"rgba(38, 166, 154, 1.0)",1.236274099319706,42.44772003842773,1.4173879097980866,3,0.39224494850865854,1.1767348455259756,0.0,0.0,0.0,0.0,61.84230081955202,6.301166509680542,True,False,True,False,True,6.60527259117611
2025-03-21 17:00:00+00:00,43.855,43.97,43.68,43.895,56030.0,41.32596098936586,,,41.79134367787259,"rgba(38, 166, 154, 1.0)",1.2401350660238928,42.46424534955551,1.1537087287046572,3,0.4005648435857076,1.2016945307571227,0.0,0.0,0.0,0.0,62.04776168853049,6.6592091327052785,True,False,True,False,True,5.2971930195578025
2025-03-24 17:00:00+00:00,44.245,44.29,44.06,44.245,48562.0,41.336174263266884,,,41.80913499231644,"rgba(38, 166, 154, 1.0)",1.245390781320587,42.48178940389518,1.4157890218483449,3,0.40540110154196185,1.2162033046258856,0.0,0.0,0.0,0.0,63.39585350792704,8.18568619498479,True,False,True,False,True,6.581391959586266
2025-03-25 17:00:00+00:00,44.415,44.605,44.395,44.445,40547.0,41.34548507630484,,,41.82581669232024,"rgba(38, 166, 154, 1.0)",1.2520203780398829,42.498472013927326,1.5547095080992903,3,0.40844685291389066,1.225340558741672,0.0,0.0,0.0,0.0,64.9566143915956,9.912944238249267,True,False,True,False,True,7.308587971442659
2025-03-26 17:00:00+00:00,44.545,44.625,44.345,44.52,53028.0,41.35763688494965,,,41.847033858539426,"rgba(38, 166, 154, 1.0)",1.2587781863865564,42.51965495267616,1.5891163899702,3,0.40859854805712975,1.2257956441713893,0.0,0.0,0.0,0.0,66.25371697948171,11.388641555622023,True,False,True,False,True,7.582779032674992
2025-03-27 17:00:00+00:00,44.445,44.475,44.22,44.365,32042.0,41.364601047109296,,,41.858560472678555,"rgba(38, 166, 154, 1.0)",1.2599014261455972,42.53104051679776,1.4556372785550813,3,0.4066378660400933,1.2199135981202798,0.0,0.0,0.0,0.0,65.90007144849287,11.388641555622023,True,False,True,False,True,6.8833244104289975
2025-03-28 17:00:00+00:00,44.51,44.57,44.355,44.46,59761.0,41.377971335464814,,,41.88063396358914,"rgba(38, 166, 154, 1.0)",1.2600975652202415,42.552935365949836,1.5134261716606412,3,0.40456000084388927,1.2136800025316679,0.0,0.0,0.0,0.0,66.07403230726045,11.823826359641515,True,False,True,False,True,7.242242137670196
2025-03-31 17:00:00+00:00,44.22,44.38,44.105,44.225,75152.0,41.39340715010791,,,41.904019716119876,"rgba(38, 166, 154, 1.0)",1.2509550333627517,42.57568332797768,1.3184460096768758,3,0.4027892349114282,1.2083677047342847,0.0,0.0,0.0,0.0,64.2088432950477,11.823826359641515,True,False,True,False,False,6.162757564653916
2025-04-01 17:00:00+00:00,44.435,44.585,44.18,44.57,55078.0,41.40543562723624,,,41.92258994698829,"rgba(38, 166, 154, 1.0)",1.2406999985841038,42.593962450972846,1.5926795770792481,3,0.400967425180979,1.202902275542937,0.0,0.0,0.0,0.0,64.6616155268274,11.823826359641515,True,False,True,False,False,7.490193345077568
2025-04-02 17:00:00+00:00,44.88,45.16,44.78,45.14,29207.0,41.412989023271095,,,41.935277962239105,"rgba(38, 166, 154, 1.0)",1.2165245060721075,42.6068028469593,2.0823231594568075,3,0.3956604116177396,1.186981234853219,0.0,0.0,0.0,0.0,67.17986626122288,13.435139405783659,True,False,True,False,True,9.615845759910048
2025-04-03 17:00:00+00:00,45.52,45.665,45.265,45.355,58645.0,41.42973605056636,,,42.1567377655236,"rgba(38, 166, 154, 1.0)",1.1983483829199921,42.91874515234372,2.033010502104492,3,0.38883768294726134,1.166513048841784,0.0,0.0,0.0,0.0,69.56011737818132,15.764045892619478,True,False,True,False,True,10.398741434880055
2025-04-04 17:00:00+00:00,43.57,44.005,43.14,43.34,58915.0,41.43835331693568,,,42.11069029164202,"rgba(239, 83, 80, 1.0)",1.1744486611418026,42.86434502599957,0.40500278108197707,3,0.3903190590202151,1.1709571770606453,0.0,0.0,0.0,0.0,60.14764569086131,14.765982049011143,True,False,True,False,False,1.624500516303872
2025-04-07 17:00:00+00:00,41.38,42.495,41.38,41.92,89558.0,41.44146252250026,,,42.03893990741418,"rgba(239, 83, 80, 1.0)",1.1564301936532562,42.77922882878108,-0.743001033263153,3,0.3885863849802363,1.165759154940709,0.0,0.0,0.0,0.0,50.286471233901,6.232441101877193,False,False,False,True,False,0.0
2025-04-08 17:00:00+00:00,41.575,41.67,40.6,41.07,90514.0,41.43938557684898,,,41.97892541398685,"rgba(239, 83, 80, 1.0)",1.1742818315123225,42.70708990071249,-1.3941200968800904,3,0.3824327680562343,1.1472983041687028,0.0,0.0,0.0,0.0,42.19257318566478,-0.44022048996558283,False,True,False,True,False,0.0
2025-04-09 17:00:00+00:00,39.98,42.095,39.89,41.74,86283.0,41.43819973877862,41.24166666666666,,41.90601457304179,"rgba(239, 83, 80, 1.0)",1.1763468416636338,42.6698859894899,-0.7904862380340284,3,0.37987168939672067,1.139615068190162,0.0,0.0,0.0,0.0,39.678196621284336,-2.088256318790961,False,True,False,True,False,0.0
2025-04-10 17:00:00+00:00,41.45,42.035,41.105,41.8,41562.0,41.43880026597214,41.37333086941217,,41.9038071492822,"rgba(239, 83, 80, 1.0)",1.1765331496614821,42.66518074745831,-0.7353645307038267,3,0.37757373516688203,1.1327212055006461,0.0,0.0,0.0,0.0,38.2553532727822,-3.1436991440846356,False,True,False,True,False,0.0
2025-04-11 17:00:00+00:00,42.975,43.415,42.915,43.28,117435.0,41.45304668798679,42.24949826728636,,41.971006545609534,"rgba(38, 166, 154, 1.0)",1.161758871571804,42.73896342833143,0.465704704227112,3,0.3775678788310062,1.1327036364930185,0.0,0.0,0.0,0.0,42.560931223046566,-3.1436991440846356,False,True,False,True,True,1.5547657779232722
2025-04-14 17:00:00+00:00,43.69,44.115,43.69,44.02,69919.0,41.46495224155395,42.62486342490511,,42.01269726165996,"rgba(38, 166, 154, 1.0)",1.1539094457578227,42.784860575402426,1.0703954535933335,4,0.5517210783805947,2.206884313522379,0.0,0.0,0.0,0.0,47.39585689990562,-11.859195310075371,False,False,False,False,True,3.98987107250872
2025-04-15 17:00:00+00:00,44.29,44.38,44.185,44.255,67781.0,41.477916579320535,42.91661479276551,,42.05199861991239,"rgba(38, 166, 154, 1.0)",1.1507129869687298,42.82801941713787,1.2400838428191943,4,0.54998596032339,2.19994384129356,0.0,0.0,0.0,0.0,51.21077111415603,-8.268337405038466,True,False,True,False,True,4.744690970321972
2025-04-16 17:00:00+00:00,44.87,44.93,44.365,44.59,27689.0,41.48384642494747,43.03202592598905,,42.06930230564047,"rgba(38, 166, 154, 1.0)",1.150523958194047,42.84712449766701,1.5148537237492623,4,0.5465433601985059,2.1861734407940236,0.0,0.0,0.0,0.0,54.60708123581284,-4.975889992676208,True,False,True,False,True,5.814458113473766
2025-04-17 17:00:00+00:00,45.74,45.77,45.305,45.325,82281.0,41.505999601363676,43.43840522365352,,42.135612492114454,"rgba(38, 166, 154, 1.0)",1.167101109587391,42.92149762604669,2.059378021500668,4,0.538731221245841,2.154924884983364,0.0,0.0,0.0,0.0,58.58318652206625,-1.0805485198570892,True,False,True,False,True,8.095239109487327
2025-04-18 17:00:00+00:00,45.325,45.325,45.325,45.325,0.0,41.505999601363676,43.43840522365352,,42.135612492114454,"rgba(38, 166, 154, 1.0)",1.1834887995831893,42.92149762604669,2.0308619522210947,4,0.531234715036873,2.124938860147492,0.0,0.0,0.0,0.0,61.23392337956852,1.639975212973944,True,False,True,False,True,8.095239109487327
2025-04-21 17:00:00+00:00,44.995,45.115,44.625,45.01,28931.0,41.512656929721544,43.520354138842634,,42.15170863488154,"rgba(38, 166, 154, 1.0)",1.1927674421995647,42.939098449408235,1.7362156924511996,4,0.5261628963445352,2.1046515853781407,0.0,0.0,0.0,0.0,61.50826606440485,2.3153051562008287,True,False,True,False,True,6.890555178054612
2025-04-22 17:00:00+00:00,45.72,45.785,45.31,45.59,54054.0,41.52736964775572,43.71194018132833,,42.18952963151299,"rgba(38, 166, 154, 1.0)",1.2144209497712746,42.981138389439394,2.148235017727556,4,0.5176505387921877,2.070602155168751,0.0,0.0,0.0,0.0,63.238798772366025,4.497134875063999,True,False,True,False,True,8.696582247600588
2025-04-23 17:00:00+00:00,45.4,45.64,45.275,45.6,20568.0,41.532861674974555,43.77376661698823,,42.20276271854014,"rgba(38, 166, 154, 1.0)",1.2345489200660125,42.995762020491085,2.1094651958949227,4,0.5097354451866141,2.0389417807464563,0.0,0.0,0.0,0.0,64.41877043095477,6.197606010663229,True,False,True,False,True,8.72749916639047
2025-04-24 17:00:00+00:00,46.28,46.43,46.06,46.365,135754.0,41.57577755637955,44.239327173838326,,42.30757264848086,"rgba(38, 166, 154, 1.0)",1.2728126901254035,43.112872910396035,2.5550712330528005,4,0.4968927058742656,1.9875708234970624,0.0,0.0,0.0,0.0,67.08004288926094,9.254717465237157,True,False,True,False,True,11.055064098775777
2025-04-25 17:00:00+00:00,46.08,46.245,45.985,46.2,101349.0,41.60636628460702,44.47081437553632,,42.37214512299285,"rgba(38, 166, 154, 1.0)",1.30507706444649,43.184087495620474,2.3109075981337845,4,0.4860471074655722,1.944188429862289,0.0,0.0,0.0,0.0,67.90198909834706,10.56081902798698,True,False,True,False,True,10.394983092208555
2025-04-28 17:00:00+00:00,46.44,46.825,46.345,46.63,27176.0,41.61531748191143,44.53803551692918,,42.39119589845712,"rgba(38, 166, 154, 1.0)",1.3466672007402847,43.205224959651765,2.5431487738511662,4,0.47407184610131003,1.8962873844052401,0.0,0.0,0.0,0.0,69.50248370617544,12.604770404191697,True,False,True,False,True,11.686428499794793
2025-04-29 17:00:00+00:00,46.65,46.82,46.61,46.63,33187.0,41.62639444704015,44.617799604908,,42.41444332100887,"rgba(38, 166, 154, 1.0)",1.386274926257882,43.231012307911676,2.451885717404968,4,0.46357931889847837,1.8543172755939135,0.0,0.0,0.0,0.0,70.56948011139436,14.124788032728915,True,False,True,False,True,11.686428499794793
2025-04-30 17:00:00+00:00,46.37,46.86,46.21,46.725,31812.0,41.63678258455751,44.68585537508331,,42.43546120780356,"rgba(38, 166, 154, 1.0)",1.4254932195275587,43.25423184478558,2.434784050649301,4,0.45358439062446293,1.8143375624978517,0.0,0.0,0.0,0.0,71.53716762462815,15.543428060709672,True,False,True,False,True,11.976240996878179
2025-05-01 17:00:00+00:00,46.46,46.875,46.46,46.505,40420.0,41.64995890906937,44.76648938298897,,42.4614790347164,"rgba(38, 166, 154, 1.0)",1.458336235775791,43.282916926473845,2.2094239959772417,4,0.44664571690915644,1.7865828676366258,0.0,0.0,0.0,0.0,70.50753796749113,15.543428060709672,True,False,True,False,True,11.045515658043918
2025-05-02 17:00:00+00:00,46.495,46.88,46.48,46.85,59926.0,41.66984823969345,44.88154808810215,,42.50005029668182,"rgba(38, 166, 154, 1.0)",1.496743934480956,43.325428801191535,2.354825777216678,4,0.43868282392785296,1.7547312957114118,0.0,0.0,0.0,0.0,70.9533398693401,15.835403659843209,True,False,True,False,True,12.122200445817693
2025-05-05 17:00:00+00:00,46.585,46.67,46.51,46.62,27962.0,41.678826764250346,44.927133757206455,,42.51666099547014,"rgba(38, 166, 154, 1.0)",1.5278527445435102,43.34362476921851,2.1444312892604063,4,0.4340711606158242,1.7362846424632967,0.0,0.0,0.0,0.0,69.46140046022246,15.835403659843209,True,False,True,False,True,11.135731120899244
2025-05-06 17:00:00+00:00,46.085,46.44,46.08,46.17,63237.0,41.69749426067119,45.000871728573394,,42.54836551327505,"rgba(38, 166, 154, 1.0)",1.5412912657138798,43.3778587099504,1.8115597954526548,4,0.4331232889810435,1.732493155924174,0.0,0.0,0.0,0.0,65.33750236756029,20.11305642677867,True,False,True,False,False,9.231636227321616
2025-05-07 17:00:00+00:00,46.86,46.945,46.55,46.715,42513.0,41.711351493332295,45.06449594728233,,42.78133596666971,"rgba(38, 166, 154, 1.0)",1.5714613472070813,43.71905053662926,1.9064735309559906,4,0.434143489268584,1.736573957074336,0.0,0.0,0.0,0.0,64.89626503770603,19.525817895828794,True,False,True,False,False,10.980576254722383
2025-05-08 17:00:00+00:00,46.34,46.34,45.76,45.81,70627.0,41.73071832473861,45.1164705932549,,42.78538283924655,"rgba(38, 166, 154, 1.0)",1.5825273349190196,43.71912419222629,1.3212257138551775,4,0.4390870119726463,1.7563480478905853,0.0,0.0,0.0,0.0,59.659767819237864,14.534347516181342,True,False,True,False,False,7.273399250326964
2025-05-09 17:00:00+00:00,45.865,46.135,45.83,46.13,68572.0,41.74962493744266,45.16478082370697,,42.80800220796023,"rgba(38, 166, 154, 1.0)",1.5971754996169667,43.74254951372731,1.494795335168394,4,0.43970867295751503,1.7588346918300601,0.0,0.0,0.0,0.0,57.59770493537076,12.640324909668472,False,False,True,False,False,8.310864084440905
2025-05-12 17:00:00+00:00,44.145,44.565,43.86,44.56,119598.0,41.769245515201575,45.094264181697525,,42.993733781541934,"rgba(239, 83, 80, 1.0)",1.5963573766152754,43.810806257033676,0.4693145494493389,4,0.44659977609889656,1.7863991043955862,0.0,0.0,0.0,0.0,50.559989617661344,6.212222102264796,False,True,False,False,False,2.3768477472986476
2025-05-13 17:00:00+00:00,44.535,44.785,44.525,44.565,60914.0,41.780269633577646,45.074944281481976,,42.99972625859432,"rgba(239, 83, 80, 1.0)",1.5966558718061648,43.8147794157278,0.46986993097237456,4,0.4503416632448727,1.8013666529794907,0.0,0.0,0.0,0.0,45.89225161484809,2.1753206069444033,False,True,False,True,False,2.39365380913053
2025-05-14 17:00:00+00:00,44.535,44.99,44.53,44.9,52917.0,41.79038479970261,45.065680495349426,,43.009139831248795,"rgba(239, 83, 80, 1.0)",1.5998449446265028,43.82343011916724,0.672921388068699,4,0.45376939547183087,1.8150775818873235,0.0,0.0,0.0,0.0,44.449744046203556,1.0294764002758967,False,True,False,True,False,3.5244826999446985
2025-05-15 17:00:00+00:00,44.52,44.9,44.515,44.895,64435.0,41.80246210399892,45.053749786565895,,43.01834415519644,"rgba(239, 83, 80, 1.0)",1.602206159199467,43.83117676446175,0.66397400199097,4,0.4576701073504367,1.8306804294017467,0.0,0.0,0.0,0.0,43.469733099428694,0.07414180568029138,False,True,False,True,False,3.505860820317256
2025-05-16 17:00:00+00:00,44.865,44.965,44.835,44.9,59414.0,41.81399592697923,45.048234601167074,,43.02947461401174,"rgba(239, 83, 80, 1.0)",1.6033203245338077,43.84158074388028,0.660142106305222,4,0.4617774795552636,1.8471099182210544,0.0,0.0,0.0,0.0,42.84538234038424,-0.7361573603150617,False,True,False,True,False,3.523157299788032
2025-05-19 17:00:00+00:00,44.78,44.94,44.75,44.935,31899.0,41.82010311773534,45.04496131515633,,43.034879450720936,"rgba(239, 83, 80, 1.0)",1.6019784839576328,43.846465624548856,0.6794937549735125,4,0.46458400063737804,1.8583360025495121,0.0,0.0,0.0,0.0,42.65446595984604,-1.2837274952200346,False,True,False,True,False,3.6464606166026954
2025-05-20 17:00:00+00:00,45.62,45.785,45.52,45.59,79726.0,41.83901537637027,45.071419025484055,,43.06788449281868,"rgba(239, 83, 80, 1.0)",1.6113260780269967,43.882594700688145,1.0596274227762186,4,0.46483106029004884,1.8593242411601953,0.0,0.0,0.0,0.0,46.29734362881595,-1.2837274952200346,False,True,False,True,True,5.922060755934929
2025-05-21 17:00:00+00:00,45.53,45.85,45.41,45.62,141450.0,41.87206805984004,45.112552443859485,,43.11776120277081,"rgba(239, 83, 80, 1.0)",1.6210742795504323,43.93591735502598,1.0388682777948095,4,0.4652032758262991,1.8608131033051964,0.0,0.0,0.0,0.0,48.880569380618255,-7.026778841386367,False,True,False,False,True,6.0248687406082055
2025-05-22 17:00:00+00:00,45.105,45.41,45.08,45.18,64753.0,41.88540238453769,45.11618611745984,,43.13114360341244,"rgba(239, 83, 80, 1.0)",1.6258278501115462,43.94874818164442,0.7573076191745062,4,0.4653470997899968,1.861388399159987,0.0,0.0,0.0,0.0,48.05230979087397,-7.026778841386367,False,True,False,False,True,4.2594653462972225
2025-05-23 17:00:00+00:00,45.715,46.06,45.685,46.035,117411.0,41.914349571163875,45.161683047620855,,43.17503543396986,"rgba(239, 83, 80, 1.0)",1.6404816311017065,43.99594649253869,1.2429602799587134,4,0.4624265678971271,1.8497062715885084,0.0,0.0,0.0,0.0,51.722989357505995,-4.020416344992626,False,True,True,False,True,7.189093714710907
2025-05-26 17:00:00+00:00,46.035,46.035,46.035,46.035,0.0,41.914349571163875,45.161683047620855,,43.17503543396986,"rgba(239, 83, 80, 1.0)",1.6533391873625334,43.99594649253869,1.2332941256379921,4,0.45998104782281013,1.8399241912912405,0.0,0.0,0.0,0.0,54.17010906859401,-1.6012357833452313,False,False,True,False,True,7.189093714710907
2025-05-27 17:00:00+00:00,46.205,46.285,46.01,46.04,66144.0,41.9312187365077,45.19080467973829,,43.20088733776153,"rgba(239, 83, 80, 1.0)",1.66257759285165,44.02387246362923,1.2126516951986037,4,0.4565066360501136,1.8260265442004544,0.0,0.0,0.0,0.0,55.825348622634465,0.10145255372674455,False,False,True,False,True,7.206189378907876
2025-05-28 17:00:00+00:00,45.755,45.855,45.535,45.57,85087.0,41.950363269315034,45.20835212989557,,43.223422805135165,"rgba(239, 83, 80, 1.0)",1.6668999170116565,44.04672960721136,0.9138343443675311,4,0.4545324374547921,1.8181297498191684,0.0,0.0,0.0,0.0,53.85630895061777,0.10145255372674455,False,False,True,False,True,5.265233421765721
2025-05-29 17:00:00+00:00,45.725,45.885,45.69,45.86,44172.0,41.96064614811413,45.220004993532875,,43.236288841575366,"rgba(239, 83, 80, 1.0)",1.671092597215547,44.06001182212195,1.0771325184955483,4,0.4517329348264814,1.8069317393059257,0.0,0.0,0.0,0.0,54.173515075951414,0.10145255372674455,False,False,True,False,True,6.286704340380023
2025-05-30 17:00:00+00:00,45.96,46.565,45.945,46.49,96088.0,41.98583119043699,45.26489606719018,,43.2738525561345,"rgba(38, 166, 154, 1.0)",1.6875457097580076,44.10050981307362,1.4159558304758637,4,0.447169776932059,1.788679107728236,0.0,0.0,0.0,0.0,57.28701748950903,1.9161480560126165,True,False,True,False,True,8.44771111082866
2025-06-02 17:00:00+00:00,46.985,47.225,46.785,47.165,86750.0,42.01207122539131,45.32788940058206,,43.31868887592906,"rgba(38, 166, 154, 1.0)",1.716302069215361,44.150264916195155,1.756529423275173,4,0.4397870634576012,1.7591482538304049,0.0,0.0,0.0,0.0,61.65459624910578,6.097593061294603,True,False,True,False,True,10.659959198288991
2025-06-03 17:00:00+00:00,47.225,47.395,47.075,47.075,91125.0,42.040010380523526,45.39385217466683,,43.68599382384322,"rgba(38, 166, 154, 1.0)",1.736558785188268,44.456676131768035,1.5077657552192247,4,0.4327026145212302,1.7308104580849208,1.0,0.0,47.395,405.0,63.921305571543456,8.240785976239515,True,False,True,False,True,10.274301801871857
2025-06-04 17:00:00+00:00,47.235,47.335,46.675,46.68,91759.0,42.06629781102619,45.44583611354051,,43.717071969463674,"rgba(38, 166, 154, 1.0)",1.7412769933493373,44.48910175890678,1.2582135119577047,4,0.4277804637788381,1.7111218551153524,0.0,0.0,0.0,0.0,62.70540697904639,8.240785976239515,True,False,True,False,True,8.588909629971152
2025-06-05 17:00:00+00:00,46.855,46.96,46.73,46.87,40138.0,42.07760507244246,45.466815668567264,,43.731212642357924,"rgba(38, 166, 154, 1.0)",1.7413581165544987,44.50399855283639,1.3587104367969083,4,0.4224412293693536,1.6897649174774143,0.0,0.0,0.0,0.0,62.69918553618647,8.240785976239515,True,False,True,False,True,9.226968992537802
2025-06-06 17:00:00+00:00,46.605,46.665,46.415,46.51,46224.0,42.08968366938155,45.48475793908964,,43.742243477634446,"rgba(38, 166, 154, 1.0)",1.7289413570784746,44.51473936173283,1.1540360406663617,4,0.41868002328207066,1.6747200931282826,0.0,0.0,0.0,0.0,60.29963067755556,8.240785976239515,True,False,True,False,False,7.690933698336064
2025-06-09 17:00:00+00:00,46.345,46.4,45.78,45.79,95271.0,42.11137041150513,45.50174086101287,,43.75124571084578,"rgba(239, 83, 80, 1.0)",1.6993201661332595,44.52023381021576,0.7472201031272102,4,0.4171080731187897,1.668432292475159,0.0,0.0,0.0,0.0,54.906553866139284,10.43002978628897,False,False,True,False,False,4.7237682678819475
2025-06-10 17:00:00+00:00,45.615,45.87,45.55,45.835,96764.0,42.13181312642094,45.509991691904816,,43.75850568330825,"rgba(239, 83, 80, 1.0)",1.67095619170424,44.52372356273854,0.7847461494032745,4,0.4161457170471398,1.6645828681885593,0.0,0.0,0.0,0.0,51.57589603168488,7.36753956866248,False,True,False,False,False,4.8842233788342035
2025-06-11 17:00:00+00:00,45.715,45.955,45.69,45.875,74228.0,42.14771874504789,45.51814256401041,,43.76789730192734,"rgba(239, 83, 80, 1.0)",1.6430214915276562,44.531145892897655,0.8179163291728158,4,0.41454167568969386,1.6581667027587754,0.0,0.0,0.0,0.0,49.61276485364457,5.540683041716967,False,True,False,False,False,5.029128513184347
2025-06-12 17:00:00+00:00,46.525,46.81,46.445,46.805,83362.0,42.16947867456524,45.549680604934096,,43.796452333933445,"rgba(239, 83, 80, 1.0)",1.6242505492832653,44.56135302803924,1.3813429048559125,4,0.4102555537372655,1.641022214949062,0.0,0.0,0.0,0.0,53.160013325805124,5.540683041716967,False,True,True,False,True,8.299477807916045
2025-06-13 17:00:00+00:00,46.51,46.74,46.37,46.66,81532.0,42.190108909861905,45.57643580891924,,43.821298356076554,"rgba(239, 83, 80, 1.0)",1.6213837711453374,44.58715203264261,1.278443761585908,4,0.4068012519414242,1.6272050077656968,0.0,0.0,0.0,0.0,54.62237685731829,5.540683041716967,False,False,True,False,True,7.684639845551871
2025-06-16 17:00:00+00:00,46.335,46.36,45.85,45.97,77560.0,42.20721360458877,45.5879838451683,,43.835150960421146,"rgba(239, 83, 80, 1.0)",1.6072126058367335,44.5998837452338,0.8524797838136068,4,0.4051432999709376,1.6205731998837505,0.0,0.0,0.0,0.0,51.87776531997764,5.540683041716967,False,True,False,False,True,4.823722026205683
2025-06-17 17:00:00+00:00,46.065,46.13,45.87,45.97,34017.0,42.2145324998217,45.59215091310314,,43.84072933683374,"rgba(239, 83, 80, 1.0)",1.5643640794179328,44.60487750199456,0.8726373329368279,4,0.40349148196187784,1.6139659278475114,0.0,0.0,0.0,0.0,50.04802429508388,5.540683041716967,False,True,False,False,False,4.823722026205694
2025-06-18 17:00:00+00:00,44.88,45.14,44.765,44.995,67721.0,42.22509243067932,45.57950471020971,,43.83758154706042,"rgba(239, 83, 80, 1.0)",1.5412603068052704,44.597671604264264,0.2577944776631,4,0.40334491190781097,1.6133796476312439,0.0,0.0,0.0,0.0,44.84675511890849,1.276112928448903,False,True,False,True,False,0.956925711476238
2025-06-19 17:00:00+00:00,44.995,44.995,44.995,44.995,0.0,42.22509243067932,45.57950471020971,,43.83758154706042,"rgba(239, 83, 80, 1.0)",1.490983749254392,44.597671604264264,0.2664874086886789,4,0.40316108290599795,1.6126443316239918,0.0,0.0,0.0,0.0,41.37924233479157,-1.9412839177707113,False,True,False,True,False,0.9569257114762166
2025-06-20 17:00:00+00:00,44.79,44.935,44.675,44.79,133155.0,42.2443731411406,45.549701287505414,,43.829642166867494,"rgba(239, 83, 80, 1.0)",1.4496839295155473,44.581579959097965,0.14376929802324806,4,0.4041832652888503,1.6167330611554012,0.0,0.0,0.0,0.0,38.33132889375164,-4.791510764349887,False,True,False,True,False,0.1598450149533619
2025-06-23 17:00:00+00:00,44.975,45.195,44.75,44.93,50413.0,42.25204535078424,45.54126310913234,,43.828963084854266,"rgba(239, 83, 80, 1.0)",1.4237889211157795,44.57833998147191,0.24698887125241947,4,0.40583452029679545,1.6233380811871818,0.0,0.0,0.0,0.0,37.35997105778102,-5.814299809944501,False,True,False,True,False,0.7031620754827053
2025-06-24 17:00:00+00:00,45.045,45.255,44.995,45.065,40829.0,42.25856230801125,45.53627913745249,,43.82975209076123,"rgba(239, 83, 80, 1.0)",1.3873789631486886,44.577341143505826,0.3514965048824283,4,0.4061061504542479,1.6244246018169917,0.0,0.0,0.0,0.0,37.75577705401205,-5.814299809944501,False,True,False,True,False,1.2301217570215108
2025-06-25 17:00:00+00:00,44.395,44.575,44.315,44.485,92757.0,42.26991914715834,45.5090098339511,,43.821252993171456,"rgba(239, 83, 80, 1.0)",1.3588918279245568,44.626088832404065,-0.10382638963952806,4,0.40636358128783545,1.6254543251513418,0.0,0.0,0.0,0.0,35.58093220605939,-8.07506660588541,False,True,False,True,False,0.0
2025-06-26 17:00:00+00:00,45.125,45.14,44.915,45.085,59260.0,42.279047685644954,45.50165634212232,,43.82265047304231,"rgba(239, 83, 80, 1.0)",1.3253290497420755,44.638928781915475,0.3365739385033,4,0.40623670226678954,1.6249468090671582,0.0,0.0,0.0,0.0,38.27827325130718,-8.07506660588541,False,True,False,True,False,1.2780804758430406
2025-06-27 17:00:00+00:00,44.9,44.905,44.425,44.76,81023.0,42.289865803026146,45.4845237418528,,43.82004140483133,"rgba(239, 83, 80, 1.0)",1.298852490775198,44.63185154941178,0.09866282083482569,4,0.4062137963681735,1.624855185472694,0.0,0.0,0.0,0.0,38.630912173418054,-8.07506660588541,False,True,False,True,True,0.0
2025-06-30 17:00:00+00:00,45.245,45.36,45.095,45.35,72203.0,42.30169554522051,45.480499755057195,,43.825116377118746,"rgba(239, 83, 80, 1.0)",1.283840511691231,44.745391395676606,0.4709374714519107,4,0.40579771059486136,1.6231908423794454,0.0,0.0,0.0,0.0,42.27548689272423,-13.595649509369572,False,True,False,True,True,2.2583995458753385
2025-07-01 17:00:00+00:00,44.835,45.045,44.78,44.935,109112.0,42.317316981523994,45.46516539422019,,43.8268102918514,"rgba(239, 83, 80, 1.0)",1.2671623153067153,44.72961972328552,0.16207890199509817,4,0.40608919830187296,1.6243567932074918,0.0,0.0,0.0,0.0,42.7603471941248,-12.886416984740876,False,True,False,True,True,0.6234148994818263
2025-07-02 17:00:00+00:00,44.725,44.975,44.685,44.79,65096.0,42.326181732154986,45.454750619961196,,43.82701394915233,"rgba(239, 83, 80, 1.0)",1.2559974213837641,44.72196988570721,0.054164214937510245,4,0.4062841201542491,1.6251364806169963,0.0,0.0,0.0,0.0,42.4389374627106,-12.870498899275866,False,True,False,True,True,0.05710570246016644
2025-07-03 17:00:00+00:00,44.76,44.84,44.735,44.805,0.0,42.326181732154986,45.454750619961196,,43.82701394915233,"rgba(239, 83, 80, 1.0)",1.251231375467822,44.72196988570721,0.0663587214329127,4,0.40693741378502074,1.627749655140083,0.0,0.0,0.0,0.0,42.32400839230601,-12.568653619438756,False,True,False,True,True,0.11630026349350686
2025-07-04 17:00:00+00:00,44.805,44.805,44.805,44.805,0.0,42.326181732154986,45.454750619961196,,43.82701394915233,"rgba(239, 83, 80, 1.0)",1.24241987433568,44.72196988570721,0.06682935133920444,4,0.4085200826853783,1.6340803307415133,0.0,0.0,0.0,0.0,42.24738901203629,-12.190492873110976,False,True,False,True,True,0.11630026349350686
2025-07-07 17:00:00+00:00,44.115,44.225,43.955,44.15,68889.0,42.33285223567387,45.43227772651106,,43.81987254388085,"rgba(239, 83, 80, 1.0)",1.2435057352154255,44.692268648403655,-0.43608053670111396,4,0.41005775887901363,1.6402310355160545,0.0,0.0,0.0,0.0,39.101423445037454,-12.190492873110976,False,True,False,True,False,0.0
2025-07-08 17:00:00+00:00,44.035,44.305,44.015,44.21,84224.0,42.34124355386559,45.40713719594964,,43.81265089958069,"rgba(239, 83, 80, 1.0)",1.2458508146051817,44.6665740274444,-0.3664756823946759,4,0.41272006429476815,1.6508802571790726,0.0,0.0,0.0,0.0,37.5018869962509,-8.324157548694522,False,True,False,True,False,0.0
2025-07-09 17:00:00+00:00,43.965,43.975,43.78,43.795,49300.0,42.34525210824253,45.38909884326128,,43.80629062126772,"rgba(239, 83, 80, 1.0)",1.2543364672101007,44.64743970087862,-0.6795941305721731,4,0.4164060634991349,1.6656242539965396,0.0,0.0,0.0,0.0,34.749645572629206,-11.038500043589373,False,True,False,True,False,0.0
2025-07-10 17:00:00+00:00,43.765,44.525,43.75,44.52,122684.0,42.35786143493692,45.357601579511595,44.26500000000001,43.953202305307755,"rgba(239, 83, 80, 1.0)",1.2530099903975942,44.655377567321416,-0.10804188981642214,4,0.42222789354847134,1.6889115741938854,0.0,0.0,0.0,0.0,38.213676816105675,-11.038500043589373,False,True,False,True,True,0.0
2025-07-11 17:00:00+00:00,44.525,44.615,44.44,44.555,135002.0,42.37349617705641,45.33304652685028,44.407326487792645,43.957522396811655,"rgba(239, 83, 80, 1.0)",1.252261223216352,44.655049423313386,-0.07989501028900019,5,0.416065621215746,2.08032810607873,0.0,0.0,0.0,0.0,40.7434675411092,-13.876386561231833,False,True,False,True,True,0.0
2025-07-14 17:00:00+00:00,44.955,45.21,44.905,45.205,51481.0,42.38095480645625,45.33049352508528,44.52377724660136,43.96649093826684,"rgba(239, 83, 80, 1.0)",1.2466407944032687,44.66777319953741,0.4309395319601634,5,0.42465117521556384,2.123255876077819,0.0,0.0,0.0,0.0,46.06460809566693,-9.03428778935018,False,False,False,True,True,1.899646030559392
2025-07-15 17:00:00+00:00,44.755,45.355,44.735,45.27,148897.0,42.402404255087525,45.323844598926286,44.717583743756336,43.98552846050285,"rgba(38, 166, 154, 1.0)",1.2440850793594571,44.69373301468161,0.46320544702223565,5,0.43316511992927015,2.1658255996463507,0.0,0.0,0.0,0.0,49.93143486503479,-5.656774602431113,True,False,False,False,True,2.1552173538742387
2025-07-16 17:00:00+00:00,45.395,45.49,45.12,45.245,101581.0,42.41772264696736,45.323025171517294,44.8205753022005,43.99920167342496,"rgba(38, 166, 154, 1.0)",1.24400599995662,44.71234672231026,0.4281758108146695,5,0.4418744342487021,2.2093721712435106,0.0,0.0,0.0,0.0,52.32698499538594,-3.590411799183663,True,False,True,False,True,2.0494959260388157
2025-07-17 17:00:00+00:00,44.815,44.965,44.795,44.815,74200.0,42.42715970946394,45.31597344678765,44.82499538267768,44.001515454906354,"rgba(38, 166, 154, 1.0)",1.2450258689740374,44.712888288737034,0.0820157346185176,5,0.4518463212199344,2.259231606099672,0.0,0.0,0.0,0.0,50.971292917269544,-3.590411799183663,True,False,False,False,True,0.24003552195119937
2025-07-18 17:00:00+00:00,44.955,45.14,44.91,45.075,50071.0,42.433963935997625,45.313192936416435,44.84085836564724,44.004916012198834,"rgba(38, 166, 154, 1.0)",1.2249131169778065,44.71623685711619,0.29288864484444055,5,0.45671276966608454,2.283563848330423,0.0,0.0,0.0,0.0,51.71330031507046,-3.590411799183663,True,False,True,False,True,1.3078100628113347
2025-07-21 17:00:00+00:00,44.875,44.895,44.535,44.58,75729.0,42.442730666512745,45.30348118286804,44.8238254974363,44.0044911194925,"rgba(38, 166, 154, 1.0)",1.1633172202607052,44.71199999868716,-0.11346861921083035,5,0.46215336500192705,2.3107668250096354,0.0,0.0,0.0,0.0,49.198723905634395,-3.590411799183663,False,False,False,False,False,0.0
2025-07-22 17:00:00+00:00,44.945,45.225,44.94,45.2,65225.0,42.451746564392636,45.30114705176865,44.84737671188592,44.00975028502524,"rgba(38, 166, 154, 1.0)",1.0521490234599393,44.717540051273346,0.4585471620171365,4,0.558527453358257,2.234109813433028,0.0,0.0,0.0,0.0,51.113728569018605,-3.590411799183663,True,False,False,False,False,1.7743589103465673
2025-07-23 17:00:00+00:00,45.375,45.595,45.375,45.495,87038.0,42.46532285461501,45.30429979414303,44.90855347798243,44.02209667615912,"rgba(38, 166, 154, 1.0)",0.9626647606729849,44.73340773238727,0.7911292681787883,3,0.5361607271324272,1.6084821813972816,0.0,0.0,0.0,0.0,53.79656343008623,-2.0000259021121067,True,False,True,False,True,2.9412981720508284
2025-07-24 17:00:00+00:00,45.525,45.575,45.395,45.475,94027.0,42.47982149849984,45.30746935856322,44.962123652787376,44.03455275801103,"rgba(38, 166, 154, 1.0)",0.8644866049223787,44.748769011261786,0.8400719971866115,3,0.5530194295088743,1.659058288526623,0.0,0.0,0.0,0.0,55.44529143679173,-0.27687976937641423,True,False,True,False,True,2.8554648196314503
2025-07-25 17:00:00+00:00,44.975,45.14,44.965,44.995,68520.0,42.48873463619016,45.30394533420458,44.966664826974295,44.0381717737501,"rgba(38, 166, 154, 1.0)",0.8277279604898619,44.751028202574304,0.2947487690053474,2,0.7372499267646928,1.4744998535293856,0.0,0.0,0.0,0.0,53.39816901467944,-0.27687976937641423,True,False,True,False,True,0.8108799443836077
2025-07-28 17:00:00+00:00,44.705,44.75,44.58,44.64,75004.0,42.4969864469947,45.29496355064621,44.94643696150392,44.03758065149009,"rgba(38, 166, 154, 1.0)",0.8158497642568558,44.74620889412766,-0.1301819266006717,2,0.7494890860811727,1.4989781721623454,0.0,0.0,0.0,0.0,50.09535436362825,-0.27687976937641423,True,False,False,False,False,0.0
2025-07-29 17:00:00+00:00,45.075,45.145,44.9,45.07,93712.0,42.509015123693764,45.290590093392105,44.95336424085397,44.042652259817274,"rgba(38, 166, 154, 1.0)",0.8044011089899572,44.749407064164956,0.398548600010753,2,0.7677273154799289,1.5354546309598578,0.0,0.0,0.0,0.0,50.50136795868946,-0.27687976937641423,True,False,False,False,False,1.1123599450534485
2025-07-30 17:00:00+00:00,44.97,45.12,44.87,44.985,41642.0,42.514225793756864,45.28834343518022,44.954605658566656,44.0445869855074,"rgba(38, 166, 154, 1.0)",0.7995743518549558,44.750304399341154,0.2935256741469614,2,0.783456399029346,1.566912798058692,0.0,0.0,0.0,0.0,50.261155214781894,-0.27687976937641423,True,False,False,False,False,0.7539422773198332
2025-07-31 17:00:00+00:00,45.46,45.47,45.185,45.33,82890.0,42.52593367848118,45.28893288759358,44.97725552258056,44.05257285535523,"rgba(38, 166, 154, 1.0)",0.7995584761334754,44.75851486631564,0.7147508915770077,3,0.5681369809212983,1.7044109427638947,0.0,0.0,0.0,0.0,52.110072094709764,-0.27687976937641423,True,False,True,False,False,2.1742847498248317
2025-08-01 17:00:00+00:00,45.875,46.205,45.715,46.195,58116.0,42.53614942883085,45.29659839248855,45.02050476953947,44.064070115327596,"rgba(38, 166, 154, 1.0)",0.8030621294668999,44.773360899406946,1.7702728698423211,3,0.5762921944181645,1.7288765832544934,0.0,0.0,0.0,0.0,57.06822381651149,1.8619798327729953,True,False,True,False,True,5.572285578073412
2025-08-04 17:00:00+00:00,46.445,46.68,46.305,46.635,52490.0,42.546639675534394,45.30798056684721,45.07445716017423,44.077989075497214,"rgba(38, 166, 154, 1.0)",0.8108088776254015,44.79211914889041,2.272891802204727,3,0.5772662709065631,1.7317988127196893,0.0,0.0,0.0,0.0,61.76504771036093,6.197047424036107,True,False,True,False,True,7.213969030648109
2025-08-05 17:00:00+00:00,46.77,46.81,46.57,46.75,86600.0,42.564558928740325,45.32883984000457,45.164965943706626,44.10230202772215,"rgba(38, 166, 154, 1.0)",0.8225863026001297,44.82481839505462,2.340400756565036,3,0.5784501410691689,1.7353504232075068,0.0,0.0,0.0,0.0,65.24084497612573,9.316460941022171,True,False,True,False,True,7.63877014587279
2025-08-06 17:00:00+00:00,46.96,47.04,46.675,47.025,87290.0,42.58334384875502,45.352250714022894,45.257336771579375,44.128331086510734,"rgba(38, 166, 154, 1.0)",0.8397050533233098,44.859697891212356,2.5786460379367764,3,0.575885983778104,1.727657951334312,0.0,0.0,0.0,0.0,68.37321384119822,12.144482681773162,True,False,True,False,True,8.65332005319599
2025-08-07 17:00:00+00:00,47.105,47.145,46.91,47.11,75924.0,42.600081588584324,45.37385534432697,45.33631597789432,44.151659824075395,"rgba(38, 166, 154, 1.0)",0.8533744201117271,44.89075264766781,2.6005552780005248,3,0.5704991331219738,1.7114973993659213,0.0,0.0,0.0,0.0,70.71231707969014,14.304042683227138,True,False,True,False,True,8.966998445007622
2025-08-08 17:00:00+00:00,47.195,47.32,47.01,47.01,45403.0,42.610161400072194,45.38695433238838,45.381808358039294,44.165625915342204,"rgba(38, 166, 154, 1.0)",0.8661886744930029,44.909204249636566,2.4253327389590593,3,0.567905348896015,1.703716046688045,0.0,0.0,0.0,0.0,71.32207037173399,14.994243950220834,True,False,True,False,True,8.49311550635377
2025-08-11 17:00:00+00:00,47.465,47.62,47.435,47.505,105203.0,42.635438775776365,45.42353486526256,45.501540461663176,44.202633893364485,"rgba(38, 166, 154, 1.0)",0.8858655766085196,44.958557049196045,2.8745252305127975,3,0.5600465222955537,1.6801395668866612,0.0,0.0,0.0,0.0,73.31981688761275,17.096815575340145,True,False,True,False,True,10.336437458419582
2025-08-12 17:00:00+00:00,47.175,47.44,47.15,47.33,67619.0,42.65084519480813,45.44406587348447,45.56425320823067,44.223799069432346,"rgba(38, 166, 154, 1.0)",0.9002687186423232,44.986040219648466,2.6036223760905637,2,0.7808304793353167,1.5616609586706334,0.0,0.0,0.0,0.0,72.98488018774914,17.096815575340145,True,False,True,False,True,9.49163517225374
2025-08-13 17:00:00+00:00,47.785,47.84,47.665,47.685,72806.0,42.66881821302862,45.47058890998524,45.6423450035675,44.24991846599626,"rgba(38, 166, 154, 1.0)",0.9226677439717345,45.02037083851421,2.8879617596856417,2,0.7680900029748048,1.5361800059496096,0.0,0.0,0.0,0.0,73.9484720813343,18.33005475606369,True,False,True,False,True,10.807077905513392
2025-08-14 17:00:00+00:00,47.915,48.205,47.91,48.19,113543.0,42.698634961001,45.517351462390614,45.77327722675404,44.61961243539944,"rgba(38, 166, 154, 1.0)",0.9636757379575618,45.31832324854483,2.9799201519190177,2,0.7508765317599158,1.5017530635198315,0.0,0.0,0.0,0.0,75.96348535800966,20.574427900215767,True,False,True,False,True,12.62519291417017
2025-08-15 17:00:00+00:00,47.145,47.155,46.95,47.05,86644.0,42.7167895991998,45.537882300075,45.82318608466807,44.61780398453886,"rgba(38, 166, 154, 1.0)",0.9672827781848989,45.31531027780348,1.7933635967877457,2,0.746628753422877,1.493257506845754,0.0,0.0,0.0,0.0,69.24339961114185,24.942113030125682,True,False,True,False,False,7.258550525797379
2025-08-18 17:00:00+00:00,46.795,46.815,46.67,46.67,55793.0,42.7275072546164,45.54796681908076,45.845137736942085,44.618658975403235,"rgba(239, 83, 80, 1.0)",0.9679683981514806,45.4624056259659,1.2475555775790124,2,0.7465402511872672,1.4930805023745344,0.0,0.0,0.0,0.0,62.86880205422368,19.17520650730151,True,False,True,False,False,5.579927366287087
2025-08-19 17:00:00+00:00,47.075,47.32,47.055,47.19,99338.0,42.7486790201488,45.5725437536355,45.90133143564829,44.63960387399295,"rgba(239, 83, 80, 1.0)",0.982241676835103,45.504979485010345,1.7154846457126363,2,0.7414021631088739,1.4828043262177477,0.0,0.0,0.0,0.0,60.872736000828404,17.515413142942833,True,False,True,False,False,7.503235139735441
2025-08-20 17:00:00+00:00,48.115,48.2,47.955,48.02,76364.0,42.76798090171066,45.600847962219476,45.968540050551454,44.67162613122204,"rgba(239, 83, 80, 1.0)",1.0119851287944026,45.565467697197406,2.425462818536404,2,0.7271693272849471,1.4543386545698942,0.0,0.0,0.0,0.0,62.355552572928815,17.515413142942833,True,False,True,False,False,10.417488630110906
2025-08-21 17:00:00+00:00,47.835,48.07,47.835,47.945,69044.0,42.78495726238817,45.624785907737895,46.02283149329862,44.696876750222785,"rgba(239, 83, 80, 1.0)",1.0447759663295964,45.60422052861119,2.240460679443277,2,0.7145826504089319,1.4291653008178637,0.0,0.0,0.0,0.0,62.91927107440596,17.515413142942833,True,False,True,False,False,10.078782754240098
2025-08-22 17:00:00+00:00,48.155,48.175,47.895,47.945,50048.0,42.79732386300558,45.64223835938738,46.06143318541738,44.71496317089569,"rgba(239, 83, 80, 1.0)",1.0749177131716694,45.6303584252024,2.1533197810723386,2,0.7129209019533067,1.4258418039066134,0.0,0.0,0.0,0.0,63.29508340872406,17.515413142942833,True,False,True,False,False,10.078782754240098
2025-08-25 17:00:00+00:00,47.675,47.705,47.585,47.61,51034.0,42.8089782229389,45.65701481399079,46.092040402213634,44.729138147504315,"rgba(239, 83, 80, 1.0)",1.0870249008809576,45.64716333236051,1.8056961400320677,2,0.7337466192165729,1.4674932384331458,0.0,0.0,0.0,0.0,61.42480971373985,17.42215418529109,True,False,True,False,False,8.538174204285589
2025-08-26 17:00:00+00:00,47.27,47.53,47.25,47.44,66821.0,42.82344014337923,45.67385254656091,46.124723338900495,44.74457092798254,"rgba(239, 83, 80, 1.0)",1.0939911350663327,45.66272252980795,1.6245812358290124,2,0.7783293589582293,1.5566587179164586,0.0,0.0,0.0,0.0,59.14600053223546,14.958515823671277,True,False,True,False,False,7.762140136396013
2025-08-27 17:00:00+00:00,47.685,47.83,47.58,47.63,150539.0,42.857613254790046,45.716423737116024,46.20721214506317,44.78578296795647,"rgba(239, 83, 80, 1.0)",1.1080861798533999,45.711301988783546,1.7315422266797882,2,0.8139294146535694,1.6278588293071388,0.0,0.0,0.0,0.0,58.58370069728966,14.101654685288736,True,False,True,False,False,8.46701403132247
2025-08-28 17:00:00+00:00,47.635,47.945,47.575,47.825,87955.0,42.877774076645906,45.7417157945717,46.25453546662419,44.81042853338609,"rgba(239, 83, 80, 1.0)",1.1250342817600067,45.7406232987279,1.8527228325978664,2,0.8529900790768206,1.7059801581536411,0.0,0.0,0.0,0.0,59.17343439617588,14.101654685288736,True,False,True,False,False,9.189530036357617
2025-08-29 17:00:00+00:00,48.56,48.57,48.33,48.35,85761.0,42.89979864345167,45.77328058556772,46.31609728418653,44.84220524897506,"rgba(38, 166, 154, 1.0)",1.1536939380541191,45.783280058126245,2.224784110596023,1,0.5161256145131436,0.5161256145131436,0.0,0.0,0.0,0.0,61.824308377405366,14.101654685288736,True,False,True,False,True,11.096030475132597
2025-09-01 17:00:00+00:00,48.35,48.35,48.35,48.35,0.0,42.89979864345167,45.77328058556772,46.31609728418653,44.84220524897506,"rgba(38, 166, 154, 1.0)",1.1802736092927402,45.783280058126245,2.1746821429073737,1,0.5107125865619662,0.5107125865619662,0.0,0.0,0.0,0.0,63.591557698225024,14.101654685288736,True,False,True,False,True,11.096030475132597
2025-09-02 17:00:00+00:00,48.24,48.3,48.035,48.295,65974.0,42.915992562301106,45.79520111575176,46.356691127801525,44.863791761270086,"rgba(38, 166, 154, 1.0)",1.208773680558495,45.810469191446344,2.0554143827864606,1,0.5050230427241652,0.5050230427241652,0.0,0.0,0.0,0.0,64.27412490605236,9.611173303379154,True,False,True,False,True,10.824820252872485
2025-09-03 17:00:00+00:00,48.225,48.375,48.165,48.31,69615.0,42.933208666501685,45.818597349275606,46.3993020207498,44.88675021995318,"rgba(38, 166, 154, 1.0)",1.2360684439780503,45.839266100675204,1.9988649587827139,1,0.4979699989959965,0.4979699989959965,0.0,0.0,0.0,0.0,64.80648074855435,10.410887154632213,True,False,True,False,True,10.881030042132544
2025-09-04 17:00:00+00:00,48.235,48.285,48.115,48.145,99422.0,42.95714194362932,45.84991110660319,46.453876576854846,44.9171373999417,"rgba(38, 166, 154, 1.0)",1.25465397404811,45.875850520466045,1.808585894174952,1,0.4901600828556824,0.4901600828556824,0.0,0.0,0.0,0.0,63.46869028212385,10.410887154632213,True,False,True,False,True,10.044926843934196
2025-09-05 17:00:00+00:00,48.105,48.31,47.955,48.27,94557.0,42.979688063795486,45.87889071327899,46.502673310378285,44.945120026943684,"rgba(38, 166, 154, 1.0)",1.2792792417523624,45.908861952737404,1.8456783868612627,1,0.482034267068478,0.482034267068478,0.0,0.0,0.0,0.0,63.38255706974345,10.410887154632213,True,False,True,False,True,10.530125354355977
2025-09-08 17:00:00+00:00,48.235,48.375,48.16,48.33,78936.0,42.99875604003443,45.903667202298,46.543881066216976,44.9690457117923,"rgba(38, 166, 154, 1.0)",1.3040770268247244,45.9372762951665,1.834802435450844,1,0.4751093702228049,0.4751093702228049,0.0,0.0,0.0,0.0,63.7202490899447,10.410887154632213,True,False,True,False,True,10.76513859750601
2025-09-09 17:00:00+00:00,48.535,48.635,48.305,48.32,80507.0,43.01854351170517,45.92978392849018,46.58702262379074,44.99426202958635,"rgba(38, 166, 154, 1.0)",1.3274886776124724,45.96751032055906,1.7721354005609788,1,0.467384654908694,0.467384654908694,0.0,0.0,0.0,0.0,63.81648147478881,10.571958693073498,True,False,True,False,True,10.7120012564055
2025-09-10 17:00:00+00:00,48.43,48.645,48.415,48.58,112749.0,43.04665823189459,45.96727662971077,46.648162705829144,45.03039383955574,"rgba(38, 166, 154, 1.0)",1.3535694985435762,46.01097788221399,1.897960999084451,1,0.4584043493656859,0.4584043493656859,0.0,0.0,0.0,0.0,65.67300378466243,12.5852332063183,True,False,True,False,True,11.751647326890645
2025-09-11 17:00:00+00:00,48.765,48.795,48.605,48.795,51486.0,43.05983036762842,45.98524489517921,46.67742954706919,45.047691550518806,"rgba(38, 166, 154, 1.0)",1.3846363395465662,46.03204866725078,1.995434652288573,1,0.4482328453439134,0.4482328453439134,0.0,0.0,0.0,0.0,68.15591962048028,15.043689691845685,True,False,True,False,True,12.603094480794805
2025-09-12 17:00:00+00:00,48.915,49.11,48.83,49.095,59299.0,43.0756711586572,46.00773313028438,46.71459288238888,45.0693387740434,"rgba(38, 166, 154, 1.0)",1.4222723918985694,46.05905435825838,2.13457398107052,1,0.43664554169857656,0.43664554169857656,0.0,0.0,0.0,0.0,71.25150266698255,17.938549646657222,True,False,True,False,True,13.776593388469845
2025-09-15 17:00:00+00:00,48.945,49.09,48.885,49.085,55458.0,43.090430462971796,46.028521890189985,46.74841613137704,45.089288471401375,"rgba(38, 166, 154, 1.0)",1.4547884586631763,46.083717874798594,2.0630367991503884,1,0.4263923050517749,0.4263923050517749,0.0,0.0,0.0,0.0,73.16053725499114,19.660736117995896,True,False,True,False,True,13.719839835331445
2025-09-16 17:00:00+00:00,49.08,49.145,48.865,48.895,94846.0,43.115284675724844,46.06281552324572,46.80275326867594,45.122076599694616,"rgba(38, 166, 154, 1.0)",1.4822195494571355,46.12353053627327,1.8698103561930384,1,0.41816250620539797,0.41816250620539797,0.0,0.0,0.0,0.0,71.51976969271502,19.660736117995896,True,False,True,False,False,12.633681442763216
2025-09-17 17:00:00+00:00,49.175,49.355,49.045,49.085,73872.0,43.13513218845707,46.09071702331778,46.84688299412547,45.14869166652103,"rgba(38, 166, 154, 1.0)",1.514906859444802,46.156111112112455,1.9333788540379,1,0.40946554070517255,0.40946554070517255,0.0,0.0,0.0,0.0,71.62511583696805,19.660736117995896,True,False,True,False,False,13.40317443406672
2025-09-18 17:00:00+00:00,49.115,49.215,49.065,49.125,76389.0,43.155429171563135,46.11879966696882,46.89030673157854,45.175405643700955,"rgba(38, 166, 154, 1.0)",1.5465820117016231,46.18835968285381,1.8987937884491242,1,0.40102754423565207,0.40102754423565207,0.0,0.0,0.0,0.0,71.94061575432008,19.660736117995896,True,False,True,False,False,13.566007879461974
2025-09-19 17:00:00+00:00,49.335,49.55,49.295,49.485,91635.0,43.18084284510374,46.155185710646286,46.947134257501524,45.209940297659415,"rgba(38, 166, 154, 1.0)",1.5865207755246358,46.23079993877559,2.0511550251513726,1,0.39141558774824814,0.39141558774824814,0.0,0.0,0.0,0.0,74.06350645205448,20.619242793288535,True,False,True,False,True,15.022113482554005
2025-09-22 17:00:00+00:00,49.505,49.6,49.19,49.2,93718.0,43.20615605821796,46.1903295971692,47.0001724616619,45.24320034551233,"rgba(38, 166, 154, 1.0)",1.6156245075975018,46.27073330951709,1.8130863184533197,1,0.38393918089342977,0.38393918089342977,0.0,0.0,0.0,0.0,71.37932132557006,20.619242793288535,True,False,True,False,False,13.33084405136275
2025-09-23 17:00:00+00:00,49.735,49.795,49.51,49.605,130932.0,43.24292739304542,46.24281602037225,47.07968571437124,45.29271806220525,"rgba(38, 166, 154, 1.0)",1.652671800776307,46.33095346292323,1.9810627467225197,1,0.3749180805088769,0.3749180805088769,0.0,0.0,0.0,0.0,71.86355716058569,20.619242793288535,True,False,True,False,False,14.966314450454902
2025-09-24 17:00:00+00:00,49.975,50.145,49.925,49.985,98043.0,43.271815189733374,46.285386817652075,47.14458387543933,45.33272717409419,"rgba(38, 166, 154, 1.0)",1.6972969687123465,46.380290483630645,2.1237942344904233,1,0.3647365663496026,0.3647365663496026,0.0,0.0,0.0,0.0,73.76940689618021,20.619242793288535,True,False,True,False,True,16.45287550648336
2025-09-25 17:00:00+00:00,49.555,49.735,49.495,49.565,99315.0,43.29902155081651,46.32279922881778,47.198275294015495,45.36786198254069,"rgba(38, 166, 154, 1.0)",1.7311301495250766,46.42172680219636,1.8157347664853345,1,0.35772110938607243,0.35772110938607243,0.0,0.0,0.0,0.0,70.42267835320561,24.223652149847226,True,False,True,False,False,13.968241806914317
2025-09-26 17:00:00+00:00,49.825,49.865,49.42,49.58,65095.0,43.31679267474642,46.34703719773242,47.23253996985733,45.390603464219076,"rgba(38, 166, 154, 1.0)",1.763919609105672,46.44835986255602,1.7753871102049594,1,0.3510016062979147,0.3510016062979147,0.0,0.0,0.0,0.0,68.27764095467779,22.278953535051784,True,False,True,False,False,14.028609835867432
2025-09-29 17:00:00+00:00,49.665,49.84,49.56,49.725,67183.0,43.335280056119636,46.37233419948657,47.26814878350115,45.41431551564652,"rgba(38, 166, 154, 1.0)",1.7962775623720295,46.47614731272647,1.808658503189976,1,0.34661338973402844,0.34661338973402844,0.0,0.0,0.0,0.0,67.71059993629439,21.73678093688048,False,False,True,False,False,14.617739847650004
2025-09-30 17:00:00+00:00,50.185,50.495,50.13,50.465,113540.0,43.369468283943256,46.42245805415497,47.34159830754542,45.461085693070316,"rgba(38, 166, 154, 1.0)",1.8446638405641294,46.533059560238016,2.131521393382728,1,0.3394711399171072,0.3394711399171072,0.0,0.0,0.0,0.0,70.58758506588211,21.73678093688048,True,False,True,False,True,17.510492371260348
2025-10-01 17:00:00+00:00,49.665,49.98,49.565,49.58,89473.0,43.39367492420558,46.45465983631697,47.38504420832475,45.49122390351634,"rgba(38, 166, 154, 1.0)",1.8600370479697275,46.56760273308477,1.6195361647249604,1,0.3359236377279692,0.3359236377279692,0.0,0.0,0.0,0.0,65.32517783748335,19.944659619879587,False,True,True,False,False,12.400710573208752
2025-10-02 17:00:00+00:00,49.565,49.71,49.46,49.7,126084.0,43.427019438776846,46.49782343934545,47.44148482370384,45.531668152073344,"rgba(38, 166, 154, 1.0)",1.8756160861708402,46.61311540578805,1.6457976752129346,1,0.33233879042777326,0.33233879042777326,0.0,0.0,0.0,0.0,62.43864925538706,17.450474205458093,False,True,True,False,False,12.87548386661966
2025-10-03 17:00:00+00:00,50.125,50.4,50.07,50.08,83965.0,43.45101677345589,46.53095593570046,47.486766762763054,45.56256500548014,"rgba(38, 166, 154, 1.0)",1.8937668906272898,46.649240559005136,1.8116059890868934,1,0.32777903510079637,0.32777903510079637,0.0,0.0,0.0,0.0,62.365677729976504,17.435426461897606,False,True,True,False,False,14.361560378546518
2025-10-06 17:00:00+00:00,49.775,49.885,49.73,49.76,65505.0,43.46853787378582,46.553665548549425,47.51608581914009,45.58382495396883,"rgba(38, 166, 154, 1.0)",1.904800580704544,46.673143857858506,1.6205665692309543,1,0.3246915375926247,0.3246915375926247,0.0,0.0,0.0,0.0,60.07138932321783,15.204848166922005,False,True,True,False,False,12.56172507589907
2025-10-07 17:00:00+00:00,49.405,49.525,49.265,49.435,106174.0,43.49502299731294,46.585531114498345,47.55431160880371,45.613843011106724,"rgba(38, 166, 154, 1.0)",1.90990093842448,46.705279030652726,1.429247409867804,1,0.32180142372719706,0.32180142372719706,0.0,0.0,0.0,0.0,56.50575644908059,11.831214697991498,False,True,True,False,False,10.771400267791051
