date,Open,High,Low,Close,Volume,aVWAP_BoS_CHoCH_bull_63,aVWAP_BoS_CHoCH_bear_248,Peaks_Valleys_avg,color,StDev,StDev_Mean,StdDev_ZScore,MA_Cross_Count,MA_Avg_Deviation_Z,MA_Oscillation_Score,BoS,CHoCH,BoS_CHoCH_Price,BoS_CHoCH_Break_Index,QQEMOD,QQE1_Value,QQE1_Above_Upper,QQE1_Below_Lower,QQE2_Above_Threshold,QQE2_Below_Threshold,QQE2_Above_TL,banker_RSI
2024-01-08 17:00:00+00:00,28.23,28.23,28.23,28.23,0.0,,,,"rgba(38, 166, 154, 1.0)",,,,0,,,0.0,0.0,0.0,0.0,,,False,False,False,False,False,
2024-01-09 17:00:00+00:00,28.23,28.23,28.23,28.23,0.0,,,,"rgba(38, 166, 154, 1.0)",,,,0,,,0.0,0.0,0.0,0.0,,,False,False,False,False,False,
2024-01-10 17:00:00+00:00,28.23,28.23,28.23,28.23,0.0,,,,"rgba(38, 166, 154, 1.0)",,,,0,,,0.0,0.0,0.0,0.0,,,False,False,False,False,False,
2024-01-11 17:00:00+00:00,28.23,28.23,28.23,28.23,0.0,,,,"rgba(38, 166, 154, 1.0)",,,,0,,,0.0,0.0,0.0,0.0,,,False,False,False,False,False,
2024-01-12 17:00:00+00:00,28.23,28.23,28.23,28.23,1.0,,,,"rgba(38, 166, 154, 1.0)",,,,0,,,0.0,0.0,0.0,0.0,,,False,False,False,False,False,
2024-01-15 17:00:00+00:00,28.23,28.23,28.23,28.23,0.0,,,,"rgba(38, 166, 154, 1.0)",,,,0,,,0.0,0.0,0.0,0.0,,,False,False,False,False,False,
2024-01-16 17:00:00+00:00,28.23,28.23,28.23,28.23,0.0,,,,"rgba(38, 166, 154, 1.0)",,,,0,,,0.0,0.0,0.0,0.0,,,False,False,False,False,False,
2024-01-17 17:00:00+00:00,28.23,28.23,27.735,27.735,1.0,,,,"rgba(239, 83, 80, 1.0)",,,,0,,,0.0,0.0,0.0,0.0,0.0,,False,False,False,True,False,
2024-01-18 17:00:00+00:00,27.735,27.735,27.735,27.735,0.0,,,,"rgba(239, 83, 80, 1.0)",,,,0,,,0.0,0.0,0.0,0.0,0.0,-50.0,False,False,False,True,True,
2024-01-19 17:00:00+00:00,27.735,27.985,27.735,27.985,39.0,,,,"rgba(38, 166, 154, 1.0)",,27.901666666666667,,0,,,0.0,0.0,0.0,0.0,12.998266897746948,-38.301559792027746,False,False,False,True,True,
2024-01-22 17:00:00+00:00,27.985,27.985,27.985,27.985,0.0,,,,"rgba(38, 166, 154, 1.0)",,27.901666666666667,,0,,,0.0,0.0,0.0,0.0,21.663778162911584,-31.28249566724439,False,False,False,True,True,
2024-01-23 17:00:00+00:00,27.985,27.985,27.935,27.975,190.0,,,,"rgba(239, 83, 80, 1.0)",,27.954213973799128,,0,,,0.0,0.0,0.0,0.0,27.189152867209526,-27.245533650014025,False,False,False,True,True,
2024-01-24 17:00:00+00:00,27.975,28.02,27.87,27.87,47.0,,,,"rgba(239, 83, 80, 1.0)",,27.94838768115942,,0,,,0.0,0.0,0.0,0.0,28.50037263941454,-26.84063251406382,False,False,False,True,True,
2024-01-25 17:00:00+00:00,27.87,27.87,27.87,27.87,0.0,,,,"rgba(239, 83, 80, 1.0)",,27.94838768115942,,0,,,0.0,0.0,0.0,0.0,29.37451915421788,-26.420304371804757,False,False,False,True,True,
2024-01-26 17:00:00+00:00,27.87,27.87,27.87,27.87,0.0,,,,"rgba(239, 83, 80, 1.0)",,27.94838768115942,,0,,,0.0,0.0,0.0,0.0,29.95728349742011,-25.95446728031018,False,False,False,True,True,
2024-01-29 17:00:00+00:00,27.87,27.87,27.87,27.87,0.0,,,,"rgba(239, 83, 80, 1.0)",,27.94838768115942,,0,,,0.0,0.0,0.0,0.0,30.345793059554932,-25.443172084372527,False,False,False,True,True,
2024-01-30 17:00:00+00:00,27.87,27.87,27.87,27.87,0.0,,,,"rgba(239, 83, 80, 1.0)",,27.94838768115942,,0,,,0.0,0.0,0.0,0.0,30.604799434311477,-24.899924935700728,False,False,False,True,True,
2024-01-31 17:00:00+00:00,27.87,27.87,27.87,27.87,0.0,,,,"rgba(239, 83, 80, 1.0)",,27.94838768115942,,0,,,0.0,0.0,0.0,0.0,30.777470350815843,-24.342418040740547,False,False,False,True,True,
2024-02-01 17:00:00+00:00,27.87,28.39,27.87,28.39,86.0,,,,"rgba(38, 166, 154, 1.0)",,28.08030386740332,,0,,,0.0,0.0,0.0,0.0,45.84805162066618,-10.327804336001265,False,False,False,False,True,
2024-02-02 17:00:00+00:00,28.18,28.18,28.18,28.18,0.0,,,,"rgba(38, 166, 154, 1.0)",,28.08030386740332,,0,,,0.0,0.0,0.0,0.0,50.11071424387955,-6.920192978513612,False,False,True,False,True,
2024-02-05 17:00:00+00:00,28.18,28.18,28.18,28.18,0.0,,,,"rgba(38, 166, 154, 1.0)",,28.08030386740332,,0,,,0.0,0.0,0.0,0.0,52.9524893260218,-4.628591925754321,False,False,True,False,True,
2024-02-06 17:00:00+00:00,28.18,28.18,28.18,28.18,0.0,,,,"rgba(38, 166, 154, 1.0)",,28.08030386740332,,0,,,0.0,0.0,0.0,0.0,54.84700604744996,-2.972395005203026,False,False,True,False,True,
2024-02-07 17:00:00+00:00,28.18,28.18,28.18,28.18,0.0,,,,"rgba(38, 166, 154, 1.0)",,28.08030386740332,,0,,,0.0,0.0,0.0,0.0,56.110017195068735,-1.6754336028011991,False,False,True,False,True,
2024-02-08 17:00:00+00:00,28.18,28.4,28.18,28.4,86.0,,,,"rgba(38, 166, 154, 1.0)",,28.138891369047617,,0,,,0.0,0.0,0.0,0.0,60.77192640534694,2.8534308814251332,False,False,True,False,True,
2024-02-09 17:00:00+00:00,28.4,28.4,28.4,28.4,0.0,,,,"rgba(38, 166, 154, 1.0)",,28.138891369047617,,0,,,0.0,0.0,0.0,0.0,63.87986587886574,5.882167603875729,False,False,True,False,True,
2024-02-12 17:00:00+00:00,28.64,28.64,28.64,28.64,0.0,,,,"rgba(38, 166, 154, 1.0)",,28.138891369047617,,0,,,0.0,0.0,0.0,0.0,68.70978449938649,10.49831253266035,False,False,True,False,True,
2024-02-13 17:00:00+00:00,28.64,28.64,28.64,28.64,0.0,,,,"rgba(38, 166, 154, 1.0)",,28.138891369047617,,0,,,0.0,0.0,0.0,0.0,71.92973024640031,13.58790742093072,False,False,True,False,True,
2024-02-14 17:00:00+00:00,28.64,28.64,28.64,28.64,0.0,,,,"rgba(38, 166, 154, 1.0)",,28.138891369047617,,0,,,0.0,0.0,0.0,0.0,74.07636074440953,15.770123232561986,False,False,True,False,True,
2024-02-15 17:00:00+00:00,28.64,28.64,28.64,28.64,0.0,,,,"rgba(38, 166, 154, 1.0)",,28.138891369047617,,0,,,0.0,0.0,0.0,0.0,75.50744774308234,17.413125632559527,False,False,True,False,True,
2024-02-16 17:00:00+00:00,28.64,28.64,28.64,28.64,0.0,,,,"rgba(38, 166, 154, 1.0)",,28.138891369047617,,0,,,0.0,0.0,0.0,0.0,76.46150574219755,18.731176573031945,False,False,True,False,True,
2024-02-19 17:00:00+00:00,28.64,28.64,28.64,28.64,0.0,,,,"rgba(38, 166, 154, 1.0)",,28.138891369047617,,0,,,0.0,0.0,0.0,0.0,77.09754440827436,19.84578002173633,False,False,True,False,True,
2024-02-20 17:00:00+00:00,28.64,28.64,28.64,28.64,0.0,,,,"rgba(38, 166, 154, 1.0)",,28.138891369047617,,0,,,0.0,0.0,0.0,0.0,77.5215701856589,20.82375525772558,False,False,True,False,True,
2024-02-21 17:00:00+00:00,28.64,28.64,28.64,28.64,0.0,,,,"rgba(38, 166, 154, 1.0)",,28.138891369047617,,0,,,0.0,0.0,0.0,0.0,77.8042540372486,21.700610974780645,False,False,True,False,True,
2024-02-22 17:00:00+00:00,28.64,28.64,28.64,28.64,0.0,,,,"rgba(38, 166, 154, 1.0)",,28.138891369047617,,0,,,0.0,0.0,0.0,0.0,77.9927099383084,22.49463700213103,False,False,True,False,True,
2024-02-23 17:00:00+00:00,28.64,28.64,28.64,28.64,0.0,,,,"rgba(38, 166, 154, 1.0)",,28.138891369047617,,0,,,0.0,0.0,0.0,0.0,78.11834720568159,23.215198341039965,False,False,True,False,True,
2024-02-26 17:00:00+00:00,28.64,28.64,28.64,28.64,0.0,,,,"rgba(38, 166, 154, 1.0)",,28.138891369047617,,0,,,0.0,0.0,0.0,0.0,78.20210538393039,23.867458061832423,False,False,True,False,True,
2024-02-27 17:00:00+00:00,29.1,29.1,29.1,29.1,0.0,,,,"rgba(38, 166, 154, 1.0)",,28.138891369047617,,0,,,0.0,0.0,0.0,0.0,83.01340525916123,28.73485482965205,False,False,True,False,True,
2024-02-28 17:00:00+00:00,29.1,29.1,29.1,29.1,0.0,,,,"rgba(38, 166, 154, 1.0)",,28.138891369047617,,0,,,0.0,0.0,0.0,0.0,86.22093850931513,31.828678783227744,False,False,True,False,True,
2024-02-29 17:00:00+00:00,29.1,29.1,29.1,29.1,0.0,,,,"rgba(38, 166, 154, 1.0)",,28.138891369047617,,0,,,0.0,0.0,0.0,0.0,88.35929400941774,33.85611517255353,False,False,True,False,True,
2024-03-01 17:00:00+00:00,29.1,29.1,29.1,29.1,0.0,,,,"rgba(38, 166, 154, 1.0)",,28.138891369047617,,0,,,0.0,0.0,0.0,0.0,89.78486434281947,35.2482673951925,False,False,True,False,True,
2024-03-04 17:00:00+00:00,29.1,29.1,29.1,29.1,0.0,,,,"rgba(38, 166, 154, 1.0)",,28.138891369047617,,0,,,0.0,0.0,0.0,0.0,90.7352445650873,36.263685882250456,False,False,True,False,True,
2024-03-05 17:00:00+00:00,29.1,29.44,29.1,29.44,159.0,,,29.32666666666667,"rgba(38, 166, 154, 1.0)",,29.086716413577086,,0,,,0.0,0.0,0.0,0.0,92.51676924175979,38.087544928034845,False,False,True,False,True,
2024-03-06 17:00:00+00:00,29.44,29.44,29.44,29.44,0.0,,,29.32666666666667,"rgba(38, 166, 154, 1.0)",,29.086716413577086,,0,,,0.0,0.0,0.0,0.0,93.70445235954145,39.36072270281896,False,False,True,False,True,
2024-03-07 17:00:00+00:00,29.44,29.44,29.44,29.44,0.0,,,29.32666666666667,"rgba(38, 166, 154, 1.0)",,29.086716413577086,,0,,,0.0,0.0,0.0,0.0,94.49624110472922,40.30179834023842,False,False,True,False,True,
2024-03-08 17:00:00+00:00,29.44,29.44,29.44,29.44,0.0,,,29.32666666666667,"rgba(38, 166, 154, 1.0)",,29.086716413577086,,0,,,0.0,0.0,0.0,0.0,95.02410026818774,41.040192908959,False,False,True,False,True,
2024-03-11 17:00:00+00:00,29.44,29.44,29.44,29.44,0.0,,,29.32666666666667,"rgba(38, 166, 154, 1.0)",,29.086716413577086,,0,,,0.0,0.0,0.0,0.0,95.37600637716008,41.651007360770976,False,False,True,False,True,
2024-03-12 17:00:00+00:00,29.44,29.44,29.44,29.44,0.0,,,29.32666666666667,"rgba(38, 166, 154, 1.0)",,29.086716413577086,,0,,,0.0,0.0,0.0,0.0,95.61061044980832,42.17685232622732,False,False,True,False,True,
2024-03-13 17:00:00+00:00,29.44,29.44,29.44,29.44,0.0,,,29.32666666666667,"rgba(38, 166, 154, 1.0)",,29.086716413577086,,0,,,0.0,0.0,0.0,0.0,95.76701316490714,42.641359266156684,True,False,True,False,True,
2024-03-14 17:00:00+00:00,30.175,30.175,30.175,30.175,0.0,,,29.32666666666667,"rgba(38, 166, 154, 1.0)",,29.086716413577086,,0,,,0.0,0.0,0.0,0.0,96.7827132776631,43.87770222747862,True,False,True,False,True,
2024-03-15 17:00:00+00:00,30.175,30.175,30.175,30.175,0.0,,,29.32666666666667,"rgba(38, 166, 154, 1.0)",,29.086716413577086,,0,,,0.0,0.0,0.0,0.0,97.4598466861671,44.74453416022182,True,False,True,False,True,20.0
2024-03-18 17:00:00+00:00,30.175,30.175,30.175,30.175,0.0,,,29.32666666666667,"rgba(38, 166, 154, 1.0)",,29.086716413577086,,0,,,0.0,0.0,0.0,0.0,97.91126895850309,45.38083376187511,True,False,True,False,True,20.0
2024-03-19 17:00:00+00:00,30.175,30.175,30.175,30.175,0.0,,,29.32666666666667,"rgba(38, 166, 154, 1.0)",,29.086716413577086,,0,,,0.0,0.0,0.0,0.0,98.21221714006042,45.871226023904896,True,False,True,False,True,20.0
2024-03-20 17:00:00+00:00,30.175,30.175,30.175,30.175,0.0,,,29.32666666666667,"rgba(38, 166, 154, 1.0)",,29.086716413577086,,0,,,0.0,0.0,0.0,0.0,98.41284926109863,46.26667878898789,True,False,True,False,True,20.0
2024-03-21 17:00:00+00:00,31.245,31.245,31.245,31.245,0.0,,,29.32666666666667,"rgba(38, 166, 154, 1.0)",,29.086716413577086,,0,,,0.0,0.0,0.0,0.0,98.80220812739422,46.827633799726996,True,False,True,False,True,20.0
2024-03-22 17:00:00+00:00,31.08,31.08,31.08,31.08,0.0,,,29.32666666666667,"rgba(38, 166, 154, 1.0)",,29.086716413577086,,0,,,0.0,0.0,0.0,0.0,95.71382130240636,47.808429807021824,True,False,True,False,False,20.0
2024-03-25 17:00:00+00:00,31.19,31.19,31.19,31.19,0.0,,,29.32666666666667,"rgba(38, 166, 154, 1.0)",,29.086716413577086,,0,,,0.0,0.0,0.0,0.0,93.90016996932809,46.16918114031364,True,False,True,False,False,20.0
2024-03-26 17:00:00+00:00,31.19,31.19,31.19,31.19,0.0,,,29.32666666666667,"rgba(38, 166, 154, 1.0)",,29.086716413577086,,0,,,0.0,0.0,0.0,0.0,92.69106908060924,45.10184760010411,True,False,True,False,False,20.0
2024-03-27 17:00:00+00:00,31.19,31.19,31.19,31.19,0.0,,,29.32666666666667,"rgba(38, 166, 154, 1.0)",,29.086716413577086,,0,,,0.0,0.0,0.0,0.0,91.88500182146335,44.37068702913896,True,False,True,False,False,20.0
2024-03-28 17:00:00+00:00,31.19,31.19,31.19,31.19,0.0,,,29.32666666666667,"rgba(38, 166, 154, 1.0)",,29.086716413577086,,0,,,0.0,0.0,0.0,0.0,91.34762364869941,43.835559545780086,True,False,True,False,False,20.0
2024-03-29 17:00:00+00:00,31.19,31.19,31.19,31.19,0.0,,,29.32666666666667,"rgba(38, 166, 154, 1.0)",,29.086716413577086,,0,,,0.0,0.0,0.0,0.0,90.98937153352345,43.415055647457734,True,False,True,False,False,20.0
2024-04-01 17:00:00+00:00,31.19,31.19,31.19,31.19,0.0,,,29.32666666666667,"rgba(38, 166, 154, 1.0)",,29.086716413577086,,0,,,0.0,0.0,0.0,0.0,90.75053679007281,43.06323587258109,True,False,True,False,False,20.0
2024-04-02 17:00:00+00:00,31.19,31.19,31.19,31.19,0.0,,,29.32666666666667,"rgba(38, 166, 154, 1.0)",,29.086716413577086,,0,,,0.0,0.0,0.0,0.0,90.5913136277724,42.755116643097736,True,False,True,False,False,20.0
2024-04-03 17:00:00+00:00,31.19,31.575,31.19,31.575,110.0,,,30.193581164807927,"rgba(38, 166, 154, 1.0)",,29.99838916733481,,0,,,0.0,0.0,0.0,0.0,91.6509252134408,42.755116643097736,True,False,True,False,True,20.0
2024-04-04 17:00:00+00:00,31.74,31.74,31.74,31.74,0.0,,,30.193581164807927,"rgba(38, 166, 154, 1.0)",,29.99838916733481,,0,,,1.0,0.0,31.74,65.0,92.66412962146867,42.755116643097736,True,False,True,False,True,20.0
2024-04-05 17:00:00+00:00,31.74,31.74,31.74,31.74,0.0,,,30.193581164807927,"rgba(38, 166, 154, 1.0)",,29.99838916733481,,0,,,0.0,0.0,0.0,0.0,93.33959922682061,41.31687019375248,True,False,True,False,True,20.0
2024-04-08 17:00:00+00:00,31.74,31.74,31.74,31.74,0.0,,,30.193581164807927,"rgba(38, 166, 154, 1.0)",,29.99838916733481,,0,,,0.0,0.0,0.0,0.0,93.78991229705522,41.82509452012815,True,False,True,False,True,20.0
2024-04-09 17:00:00+00:00,31.74,31.74,31.74,31.74,0.0,,,30.193581164807927,"rgba(38, 166, 154, 1.0)",,29.99838916733481,,0,,,0.0,0.0,0.0,0.0,94.09012101054498,42.210938277276284,True,False,True,False,True,20.0
2024-04-10 17:00:00+00:00,31.74,31.74,31.74,31.74,0.0,,,30.193581164807927,"rgba(38, 166, 154, 1.0)",,29.99838916733481,,0,,,0.0,0.0,0.0,0.0,94.29026015287147,42.52103724264224,True,False,True,False,True,20.0
2024-04-11 17:00:00+00:00,31.74,31.74,31.74,31.74,0.0,,,30.193581164807927,"rgba(38, 166, 154, 1.0)",,29.99838916733481,,0,,,0.0,0.0,0.0,0.0,94.4236862477558,42.78226393119256,True,False,True,False,True,20.0
2024-04-12 17:00:00+00:00,31.74,31.74,31.74,31.74,0.0,,,30.193581164807927,"rgba(38, 166, 154, 1.0)",,29.99838916733481,,0,,,0.0,0.0,0.0,0.0,94.51263697767868,43.009768860731924,True,False,True,False,True,20.0
2024-04-15 17:00:00+00:00,31.74,31.74,31.74,31.74,0.0,,,30.193581164807927,"rgba(38, 166, 154, 1.0)",,29.99838916733481,,0,,,0.0,0.0,0.0,0.0,94.57193746429394,43.21192871111806,True,False,True,False,True,20.0
2024-04-16 17:00:00+00:00,31.74,31.74,31.74,31.74,0.0,,,30.193581164807927,"rgba(38, 166, 154, 1.0)",,29.99838916733481,,0,,,0.0,0.0,0.0,0.0,94.61147112203744,43.39333934602763,True,False,True,False,True,20.0
2024-04-17 17:00:00+00:00,29.925,30.16,29.925,30.16,3.0,30.081666666666667,,30.10720823906486,"rgba(239, 83, 80, 1.0)",,30.19930177899423,,0,,,0.0,0.0,0.0,0.0,69.28324002654125,22.894668375674016,False,True,True,False,False,10.086864386493257
2024-04-18 17:00:00+00:00,30.16,30.16,30.16,30.16,0.0,30.081666666666667,,30.10720823906486,"rgba(239, 83, 80, 1.0)",,30.19930177899423,,0,,,0.0,0.0,0.0,0.0,52.39775262954379,9.084982391209685,False,True,False,True,False,10.086864386493247
2024-04-19 17:00:00+00:00,30.16,30.16,30.16,30.16,0.0,30.081666666666667,,30.10720823906486,"rgba(239, 83, 80, 1.0)",1.3669664316380372,30.19930177899423,-0.02875109299292287,0,,,0.0,0.0,0.0,0.0,41.14076103154548,0.6547136665657689,False,True,False,True,False,10.086864386493257
2024-04-22 17:00:00+00:00,30.16,30.16,30.16,30.16,0.0,30.081666666666667,,30.10720823906486,"rgba(239, 83, 80, 1.0)",1.3620324637953516,30.19930177899423,-0.02885524393795531,0,,,0.0,0.0,0.0,0.0,33.63609996621327,-4.670936758687219,False,True,False,True,False,10.086864386493257
2024-04-23 17:00:00+00:00,30.355,30.355,30.355,30.355,0.0,30.081666666666667,,30.10720823906486,"rgba(239, 83, 80, 1.0)",1.3580700568377477,30.19930177899423,0.11464667836673526,0,,,0.0,0.0,0.0,0.0,32.35013716234649,-4.901455003520596,False,True,False,True,False,13.018973952158046
2024-04-24 17:00:00+00:00,30.355,30.355,30.355,30.355,0.0,30.081666666666667,,30.10720823906486,"rgba(239, 83, 80, 1.0)",1.3534950586809977,30.19930177899423,0.11503419979789324,0,,,0.0,0.0,0.0,0.0,31.492828626435305,-5.507484481424605,False,True,False,True,False,13.018973952158046
2024-04-25 17:00:00+00:00,30.355,30.355,30.355,30.355,0.0,30.081666666666667,,30.10720823906486,"rgba(239, 83, 80, 1.0)",1.3483012334846467,30.19930177899423,0.11547732594100908,0,,,0.0,0.0,0.0,0.0,30.92128960249451,-6.381038481532329,False,True,False,True,False,13.018973952158046
2024-04-26 17:00:00+00:00,30.17,30.22,30.17,30.22,50.0,30.19644654088051,,30.19589413799217,"rgba(239, 83, 80, 1.0)",1.34151748820922,30.248430172387096,-0.021192546975327145,0,,,0.0,0.0,0.0,0.0,29.35897764861369,-8.488315701410826,False,True,False,True,False,10.188560899039409
2024-04-29 17:00:00+00:00,30.22,30.22,30.22,30.22,0.0,30.19644654088051,,30.19589413799217,"rgba(239, 83, 80, 1.0)",1.3341645562160116,30.248430172387096,-0.021309344679138448,0,,,0.0,0.0,0.0,0.0,28.317436346026476,-10.260588909976853,False,True,False,True,False,10.188560899039409
2024-04-30 17:00:00+00:00,30.22,30.22,30.22,30.22,0.0,30.19644654088051,,30.19589413799217,"rgba(239, 83, 80, 1.0)",1.3262329704436908,30.248430172387096,-0.0214367860102177,0,,,0.0,0.0,0.0,0.0,27.623075477635,-11.810061101115494,False,True,False,True,False,10.188560899039398
2024-05-01 17:00:00+00:00,30.22,30.22,30.22,30.22,0.0,30.19644654088051,,30.19589413799217,"rgba(239, 83, 80, 1.0)",1.3091667696021905,30.248430172387096,-0.02171623436159757,0,,,0.0,0.0,0.0,0.0,27.160168232040682,-13.19662340555854,False,True,False,True,False,10.188560899039409
2024-05-02 17:00:00+00:00,30.22,30.22,30.22,30.22,0.0,30.19644654088051,,30.19589413799217,"rgba(239, 83, 80, 1.0)",1.2910135797361184,30.248430172387096,-0.022021590503260136,0,,,0.0,0.0,0.0,0.0,26.85156340164447,-14.45123532507435,False,True,False,True,False,10.188560899039409
2024-05-03 17:00:00+00:00,30.22,30.22,30.22,30.22,0.0,30.19644654088051,,30.19589413799217,"rgba(239, 83, 80, 1.0)",1.2766804858942065,30.248430172387096,-0.02226882348498015,0,,,0.0,0.0,0.0,0.0,26.645826848046994,-15.589730811279864,False,True,False,True,False,10.188560899039409
2024-05-06 17:00:00+00:00,30.22,30.22,30.22,30.22,0.0,30.19644654088051,,30.19589413799217,"rgba(239, 83, 80, 1.0)",1.2614713559894992,30.248430172387096,-0.022537311094785916,0,,,0.0,0.0,0.0,0.0,26.508669145648682,-16.620716153934417,False,True,False,True,False,10.188560899039409
2024-05-07 17:00:00+00:00,30.22,30.22,30.22,30.22,0.0,30.19644654088051,,30.19589413799217,"rgba(239, 83, 80, 1.0)",1.2451580709378332,30.248430172387096,-0.022832580899293874,0,,,0.0,0.0,0.0,0.0,26.417230677383138,-17.549885053154078,False,True,False,True,False,10.188560899039398
2024-05-08 17:00:00+00:00,30.22,30.22,30.22,30.22,0.0,30.19644654088051,,30.19589413799217,"rgba(239, 83, 80, 1.0)",1.2256976208093342,30.248430172387096,-0.023195094699069572,0,,,0.0,0.0,0.0,0.0,26.356271698539445,-18.38221098070255,False,True,False,True,False,10.188560899039409
2024-05-09 17:00:00+00:00,30.22,30.22,30.22,30.22,0.0,30.19644654088051,,30.19589413799217,"rgba(239, 83, 80, 1.0)",1.2050977568660595,30.248430172387096,-0.02359159016363238,0,,,0.0,0.0,0.0,0.0,26.315632379310316,-19.12292190801014,False,True,False,True,False,10.188560899039409
2024-05-10 17:00:00+00:00,30.22,30.22,30.22,30.22,0.0,30.19644654088051,,30.19589413799217,"rgba(239, 83, 80, 1.0)",1.1832989729816654,30.248430172387096,-0.024026195438553197,0,,,0.0,0.0,0.0,0.0,26.288539499824225,-19.777809157225022,False,True,False,True,False,10.188560899039409
2024-05-13 17:00:00+00:00,30.22,30.22,30.22,30.22,0.0,30.19644654088051,,30.19589413799217,"rgba(239, 83, 80, 1.0)",1.1602336942294125,30.248430172387096,-0.024503832743781092,0,,,0.0,0.0,0.0,0.0,26.270477580166833,-20.35319933526113,False,True,False,True,False,10.18856089903942
2024-05-14 17:00:00+00:00,30.22,30.22,30.22,30.22,0.0,30.19644654088051,,30.19589413799217,"rgba(239, 83, 80, 1.0)",1.135824766810843,30.248430172387096,-0.02503042125672494,0,,,0.0,0.0,0.0,0.0,26.25843630039524,-20.855779495800824,False,True,False,True,False,10.18856089903942
2024-05-15 17:00:00+00:00,30.22,30.73,30.22,30.63,200.0,30.457490118577073,,30.433288645179577,"rgba(38, 166, 154, 1.0)",1.112216855353909,30.472195243344807,0.14188308322748683,0,,,0.0,0.0,0.0,0.0,41.63366339235043,-12.360267268805288,False,True,False,True,True,17.49178323136535
2024-05-16 17:00:00+00:00,30.62,30.62,30.62,30.62,0.0,30.457490118577073,,30.433288645179577,"rgba(38, 166, 154, 1.0)",1.0988675866422568,30.472195243344807,0.1345064304852529,0,,,0.0,0.0,0.0,0.0,51.47660900080078,-4.05107272745888,False,True,True,False,True,17.233116955478902
2024-05-17 17:00:00+00:00,30.62,30.62,30.62,30.62,0.0,30.457490118577073,,30.433288645179577,"rgba(38, 166, 154, 1.0)",1.079924350870749,30.472195243344807,0.13686584299726043,0,,,0.0,0.0,0.0,0.0,58.03857273976768,1.0942012237951957,False,False,True,False,True,17.233116955478902
2024-05-20 17:00:00+00:00,30.62,30.62,30.62,30.62,0.0,30.457490118577073,,30.433288645179577,"rgba(38, 166, 154, 1.0)",1.0596309700989293,30.472195243344807,0.13948701088020765,0,,,0.0,0.0,0.0,0.0,62.413215232412284,4.402472863678028,False,False,True,False,True,17.233116955478902
2024-05-21 17:00:00+00:00,30.62,30.62,30.62,30.62,0.0,30.457490118577073,,30.433288645179577,"rgba(38, 166, 154, 1.0)",1.0379082524676955,30.472195243344807,0.14240637966195832,0,,,0.0,0.0,0.0,0.0,65.32964356084202,6.665210708246619,False,False,True,False,True,17.233116955478902
2024-05-22 17:00:00+00:00,30.16,30.16,30.16,30.16,0.0,30.457490118577073,,30.433288645179577,"rgba(239, 83, 80, 1.0)",1.0131111969064908,30.472195243344807,-0.30815496294788447,0,,,0.0,0.0,0.0,0.0,54.126043459410766,13.982620917716595,False,False,True,False,False,5.943660628085286
2024-05-23 17:00:00+00:00,30.16,30.16,30.16,30.16,0.0,30.457490118577073,,30.433288645179577,"rgba(239, 83, 80, 1.0)",0.9925887846915763,30.472195243344807,-0.31452626521648025,0,,,0.0,0.0,0.0,0.0,46.65697672512326,7.629170306180285,False,True,False,True,False,5.943660628085286
2024-05-24 17:00:00+00:00,30.24,30.24,30.24,30.24,0.0,30.457490118577073,,30.433288645179577,"rgba(239, 83, 80, 1.0)",0.971079491276787,30.472195243344807,-0.23911043887819639,0,,,0.0,0.0,0.0,0.0,44.15245282352524,5.650205370060554,False,True,False,True,False,7.441098206073814
2024-05-27 17:00:00+00:00,30.24,30.24,30.24,30.24,0.0,30.457490118577073,,30.433288645179577,"rgba(239, 83, 80, 1.0)",0.9541828587477003,30.472195243344807,-0.2433445971242332,1,0.2209943169647978,0.2209943169647978,0.0,0.0,0.0,0.0,42.4827702224599,4.023938665146439,False,True,False,True,False,7.441098206073814
2024-05-28 17:00:00+00:00,30.37,30.37,30.37,30.37,0.0,30.457490118577073,,30.433288645179577,"rgba(239, 83, 80, 1.0)",0.9366389739742703,30.472195243344807,-0.10910846781356869,1,0.22221814840606374,0.22221814840606374,0.0,0.0,0.0,0.0,45.07701014312792,4.023938665146439,False,True,False,True,False,9.83210113010307
2024-05-29 17:00:00+00:00,30.14,30.14,30.14,30.14,0.0,30.457490118577073,,30.433288645179577,"rgba(239, 83, 80, 1.0)",0.9181477388036617,30.472195243344807,-0.3618102286867836,1,0.22371796659774273,0.22371796659774273,0.0,0.0,0.0,0.0,42.33734122863916,3.4117313097009188,False,True,False,True,False,4.737407802740549
2024-05-30 17:00:00+00:00,30.275,30.275,30.275,30.275,0.0,30.457490118577073,,30.433288645179577,"rgba(239, 83, 80, 1.0)",0.8987048639194292,30.472195243344807,-0.2194215823922447,1,0.22520702636180803,0.22520702636180803,0.0,0.0,0.0,0.0,43.66283025564186,3.4117313097009188,False,True,False,True,False,7.176986120238798
2024-05-31 17:00:00+00:00,30.11,30.11,30.11,30.11,0.0,30.457490118577073,,30.433288645179577,"rgba(239, 83, 80, 1.0)",0.878527391934017,30.472195243344807,-0.4122754130038673,1,0.22690524739873782,0.22690524739873782,0.0,0.0,0.0,0.0,41.910423467952555,1.9210379112038396,False,True,False,True,False,3.766199221088616
2024-06-03 17:00:00+00:00,30.5,30.5,30.5,30.5,0.0,30.457490118577073,,30.433288645179577,"rgba(38, 166, 154, 1.0)",0.8573932208357745,30.472195243344807,0.03242941042627985,1,0.22836807366544873,0.22836807366544873,0.0,0.0,0.0,0.0,47.1533900522019,1.9210379112038396,False,False,False,True,True,10.248223482133877
2024-06-04 17:00:00+00:00,30.5,30.5,30.5,30.5,0.0,30.457490118577073,,30.433288645179577,"rgba(38, 166, 154, 1.0)",0.8349785561253642,30.472195243344807,0.03329996495265527,1,0.22994424552765141,0.22994424552765141,0.0,0.0,0.0,0.0,50.64870110836813,1.9210379112038396,False,False,False,False,True,10.248223482133877
2024-06-05 17:00:00+00:00,30.5,30.5,30.5,30.5,0.0,30.457490118577073,,30.433288645179577,"rgba(38, 166, 154, 1.0)",0.8111772559314948,30.472195243344807,0.03427704173394808,1,0.23319128400386188,0.23319128400386188,0.0,0.0,0.0,0.0,52.978908479145616,-6.3248987271073105,False,False,True,False,True,10.248223482133877
2024-06-06 17:00:00+00:00,30.04,30.04,29.905,29.905,1.0,30.45549212598425,,30.39940407962213,"rgba(239, 83, 80, 1.0)",0.7877042134760596,30.373519643416774,-0.5947913384254259,1,0.23708835786068755,0.23708835786068755,0.0,0.0,0.0,0.0,46.76712273926031,-6.3248987271073105,False,False,False,True,False,0.0
2024-06-07 17:00:00+00:00,29.905,29.905,29.905,29.905,0.0,30.45549212598425,,30.39940407962213,"rgba(239, 83, 80, 1.0)",0.7631321364335717,30.373519643416774,-0.6139430133375808,2,0.33754985209753374,0.6750997041950675,0.0,0.0,0.0,0.0,42.62593224600343,2.0892969195609936,False,True,False,True,False,0.0
2024-06-10 17:00:00+00:00,29.905,29.905,29.905,29.905,0.0,30.45549212598425,,30.39940407962213,"rgba(239, 83, 80, 1.0)",0.7373511576784427,30.373519643416774,-0.6354091107579074,2,0.3423913149090676,0.6847826298181352,0.0,0.0,0.0,0.0,39.86513858383218,-0.7188714667520983,False,True,False,True,False,0.0
2024-06-11 17:00:00+00:00,29.855,29.855,29.855,29.855,0.0,30.45549212598425,,30.39940407962213,"rgba(239, 83, 80, 1.0)",0.7242285613043848,30.373519643416774,-0.715961329228558,2,0.34760458364935304,0.6952091672987061,0.0,0.0,0.0,0.0,37.49654962498141,-3.2575609511451944,False,True,False,True,False,0.0
2024-06-12 17:00:00+00:00,29.855,29.855,29.855,29.855,0.0,30.45549212598425,,30.39940407962213,"rgba(239, 83, 80, 1.0)",0.7107192651630349,30.373519643416774,-0.7295702661132004,2,0.35380810226703346,0.7076162045340669,0.0,0.0,0.0,0.0,35.917490319080905,-5.157414239757671,False,True,False,True,False,0.0
2024-06-13 17:00:00+00:00,29.855,29.855,29.855,29.855,0.0,30.45549212598425,,30.39940407962213,"rgba(239, 83, 80, 1.0)",0.6968007780738587,30.373519643416774,-0.7441433186255888,2,0.3604825392750554,0.7209650785501108,0.0,0.0,0.0,0.0,34.86478411514723,-6.6671617898800974,False,True,False,True,False,0.0
2024-06-14 17:00:00+00:00,29.855,29.855,29.855,29.855,0.0,30.45549212598425,,30.39940407962213,"rgba(239, 83, 80, 1.0)",0.6824480642220117,30.373519643416774,-0.7597935588078547,2,0.3676837439883703,0.7353674879767406,0.0,0.0,0.0,0.0,34.16297997919145,-7.930014137600011,False,True,False,True,False,0.0
2024-06-17 17:00:00+00:00,29.855,29.855,29.855,29.855,0.0,30.45549212598425,,30.39940407962213,"rgba(239, 83, 80, 1.0)",0.6676331192968131,30.373519643416774,-0.7766535668016383,2,0.37547742110872984,0.7509548422174597,0.0,0.0,0.0,0.0,33.69511055522093,-9.026447710030865,False,True,False,True,False,0.0
2024-06-18 17:00:00+00:00,29.855,29.855,29.855,29.855,0.0,30.45549212598425,,30.39940407962213,"rgba(239, 83, 80, 1.0)",0.6607262043517935,30.373519643416774,-0.7847723308105633,2,0.38394147532188105,0.7678829506437621,0.0,0.0,0.0,0.0,33.38319760590724,-10.000588088817722,False,True,False,True,False,0.0
2024-06-19 17:00:00+00:00,29.855,29.855,29.855,29.855,0.0,30.45549212598425,,30.39940407962213,"rgba(239, 83, 80, 1.0)",0.6536988520635479,30.373519643416774,-0.7932087409668065,2,0.3931690754180024,0.7863381508360048,0.0,0.0,0.0,0.0,33.17525563969812,-10.876209985479761,False,True,False,True,False,0.0
2024-06-20 17:00:00+00:00,29.855,29.855,29.855,29.855,0.0,30.45549212598425,,30.39940407962213,"rgba(239, 83, 80, 1.0)",0.6465471353259632,30.373519643416774,-0.8019827404468457,2,0.39886656416232424,0.7977331283246485,0.0,0.0,0.0,0.0,33.03662766222538,-11.666231695687983,False,True,False,True,False,0.0
2024-06-21 17:00:00+00:00,29.95,29.95,29.95,29.95,0.0,30.45549212598425,,30.39940407962213,"rgba(239, 83, 80, 1.0)",0.6380950182004742,30.373519643416774,-0.6637250430369525,2,0.40669231962968777,0.8133846392593755,0.0,0.0,0.0,0.0,37.05905158447292,-11.666231695687983,False,True,False,True,True,0.3392209566347475
2024-06-24 17:00:00+00:00,29.95,29.95,29.95,29.95,0.0,30.45549212598425,,30.39940407962213,"rgba(239, 83, 80, 1.0)",0.62945498375705,30.373519643416774,-0.6728354756823088,2,0.41515113902111644,0.8303022780422329,0.0,0.0,0.0,0.0,39.74066753263794,-15.250292722726662,False,True,False,True,True,0.3392209566347475
2024-06-25 17:00:00+00:00,29.95,29.95,29.95,29.95,0.0,30.45549212598425,,30.39940407962213,"rgba(239, 83, 80, 1.0)",0.6206191836957531,30.373519643416774,-0.6824146828571083,2,0.424324715319894,0.848649430639788,0.0,0.0,0.0,0.0,41.5284114980813,-13.390711838452987,False,False,False,True,True,0.3392209566347475
2024-06-26 17:00:00+00:00,29.95,29.95,29.95,29.95,0.0,30.45549212598425,,30.39940407962213,"rgba(239, 83, 80, 1.0)",0.6115791330940322,30.373519643416774,-0.6925017884016936,2,0.4343104370200679,0.8686208740401358,0.0,0.0,0.0,0.0,42.720240808376865,-12.0753248976742,False,False,False,True,True,0.3392209566347475
2024-06-27 17:00:00+00:00,29.95,29.95,29.95,29.95,0.0,30.45549212598425,,30.39940407962213,"rgba(239, 83, 80, 1.0)",0.613775298555692,30.373519643416774,-0.6900239296260078,2,0.4427953518181007,0.8855907036362014,0.0,0.0,0.0,0.0,43.51479368190724,-11.089327799745554,False,False,False,True,True,0.3392209566347475
2024-06-28 17:00:00+00:00,29.95,29.95,29.95,29.95,0.0,30.45549212598425,,30.39940407962213,"rgba(239, 83, 80, 1.0)",0.6159488249481175,30.373519643416774,-0.6875890110715749,2,0.45194979283569386,0.9038995856713877,0.0,0.0,0.0,0.0,44.044495597594164,-10.305906912746323,False,False,False,True,True,0.3392209566347475
2024-07-01 17:00:00+00:00,29.95,29.95,29.95,29.95,0.0,30.45549212598425,,30.39940407962213,"rgba(239, 83, 80, 1.0)",0.6180999510997888,30.373519643416774,-0.6851960474405536,2,0.45922395384267367,0.9184479076853473,0.0,0.0,0.0,0.0,44.39763020805211,-9.65168952128068,False,False,False,True,True,0.3392209566347475
2024-07-02 17:00:00+00:00,29.95,29.95,29.95,29.95,0.0,30.45549212598425,,30.39940407962213,"rgba(239, 83, 80, 1.0)",0.6202289100815219,30.373519643416774,-0.6828440863246893,2,0.4669808111424939,0.9339616222849878,0.0,0.0,0.0,0.0,44.633053281690735,-9.085142985987673,False,False,False,True,True,0.3392209566347475
2024-07-03 17:00:00+00:00,29.95,29.95,29.95,29.95,0.0,30.45549212598425,,30.39940407962213,"rgba(239, 83, 80, 1.0)",0.6223359293894422,30.373519643416774,-0.6805322068296442,2,0.47527075413020725,0.9505415082604145,0.0,0.0,0.0,0.0,44.79000199744982,-8.583242275638554,False,False,False,True,True,0.3392209566347475
2024-07-04 17:00:00+00:00,29.95,29.95,29.95,29.95,0.0,30.45549212598425,,30.39940407962213,"rgba(239, 83, 80, 1.0)",0.619105006448034,30.373519643416774,-0.6840836998663874,2,0.48415193158808667,0.9683038631761733,0.0,0.0,0.0,0.0,44.89463447462255,-8.133373998721943,False,False,False,True,True,0.3392209566347475
2024-07-05 17:00:00+00:00,29.95,29.95,29.95,29.95,0.0,30.45549212598425,,30.39940407962213,"rgba(239, 83, 80, 1.0)",0.6179133587477534,30.373519643416774,-0.6854029572609794,2,0.49369185280256306,0.9873837056051261,0.0,0.0,0.0,0.0,44.964389459404366,-7.728523261648448,False,False,False,True,True,0.3392209566347475
2024-07-08 17:00:00+00:00,29.95,29.95,29.95,29.95,0.0,30.45549212598425,,30.39940407962213,"rgba(239, 83, 80, 1.0)",0.6146759931676095,30.373519643416774,-0.6890128264717988,2,0.5039694117066128,1.0079388234132256,0.0,0.0,0.0,0.0,45.010892782592244,-7.364492480470567,False,False,False,True,True,0.3392209566347475
2024-07-09 17:00:00+00:00,29.95,29.95,29.95,29.95,0.0,30.45549212598425,,30.39940407962213,"rgba(239, 83, 80, 1.0)",0.6109682022365437,30.373519643416774,-0.693194247861698,2,0.5150774727436983,1.0301549454873966,0.0,0.0,0.0,0.0,45.04189499805083,-7.038357502921727,False,False,False,True,True,0.3392209566347475
2024-07-10 17:00:00+00:00,29.95,29.95,29.95,29.95,0.0,30.45549212598425,,30.39940407962213,"rgba(239, 83, 80, 1.0)",0.6067813622892773,30.373519643416774,-0.6979773436331516,2,0.5271262123967031,1.0542524247934062,0.0,0.0,0.0,0.0,45.062563141689886,-6.747661105869909,False,False,False,True,True,0.3392209566347475
2024-07-11 17:00:00+00:00,29.95,29.95,29.95,29.95,0.0,30.45549212598425,,30.39940407962213,"rgba(239, 83, 80, 1.0)",0.6021054799692642,30.373519643416774,-0.7033977558855539,2,0.5402474919107954,1.0804949838215907,0.0,0.0,0.0,0.0,45.07634190411592,-6.490033167599918,False,False,False,True,True,0.3392209566347475
2024-07-12 17:00:00+00:00,29.95,29.95,29.95,29.95,0.0,30.45549212598425,,30.39940407962213,"rgba(239, 83, 80, 1.0)",0.5969290630437715,30.373519643416774,-0.7094974422207333,2,0.554600659530096,1.109201319060192,0.0,0.0,0.0,0.0,45.08552774573328,-6.263047434735533,False,False,False,True,True,0.3392209566347475
2024-07-15 17:00:00+00:00,29.95,29.95,29.95,29.95,0.0,30.45549212598425,,30.39940407962213,"rgba(239, 83, 80, 1.0)",0.5912389648133162,30.373519643416774,-0.7163256629246368,2,0.5703803692938636,1.1407607385877272,0.0,0.0,0.0,0.0,45.09165164014485,-6.064200992148265,False,False,False,True,True,0.3392209566347262
2024-07-16 17:00:00+00:00,31.2,31.2,31.2,31.2,0.0,30.45549212598425,,30.39940407962213,"rgba(38, 166, 154, 1.0)",0.5914297685872595,30.373519643416774,1.397427725962168,2,0.5744222366378734,1.1488444732757468,0.0,0.0,0.0,0.0,62.425761334745935,9.706074269116876,True,False,True,False,True,20.0
2024-07-17 17:00:00+00:00,31.2,31.2,31.2,31.2,0.0,30.45549212598425,,30.39940407962213,"rgba(38, 166, 154, 1.0)",0.5825386968548454,30.373519643416774,1.4187561462361775,4,0.6167116138502151,2.4668464554008604,0.0,0.0,0.0,0.0,73.98183446447999,19.214473531167684,True,False,True,False,True,20.0
2024-07-18 17:00:00+00:00,31.2,31.2,31.2,31.2,0.0,30.45549212598425,,30.39940407962213,"rgba(38, 166, 154, 1.0)",0.5683553164753311,30.373519643416774,1.454161389232114,4,0.6225008201366184,2.490003280546474,0.0,0.0,0.0,0.0,81.68588321763602,25.028300571023323,True,False,True,False,True,20.0
2024-07-19 17:00:00+00:00,31.2,31.2,31.2,31.2,0.0,30.45549212598425,,30.39940407962213,"rgba(38, 166, 154, 1.0)",0.5537139307594897,30.373519643416774,1.4926125399258086,4,0.6291190079818796,2.5164760319275183,0.0,0.0,0.0,0.0,86.82191571974005,28.707291232269213,True,False,True,False,True,20.0
2024-07-22 17:00:00+00:00,31.2,31.2,31.2,31.2,0.0,30.45549212598425,,30.39940407962213,"rgba(38, 166, 154, 1.0)",0.538577187956745,30.373519643416774,1.5345625010942772,4,0.6366397281562917,2.5465589126251666,0.0,0.0,0.0,0.0,90.2459373878094,31.180988934881256,True,False,True,False,True,20.0
2024-07-23 17:00:00+00:00,31.2,31.2,31.2,31.2,0.0,30.45549212598425,,30.39940407962213,"rgba(38, 166, 154, 1.0)",0.5229020716889388,30.373519643416774,1.5805643185037477,4,0.638930916509796,2.555723666039184,0.0,0.0,0.0,0.0,92.52861849985564,32.989792535947316,True,False,True,False,True,20.0
2024-07-24 17:00:00+00:00,31.2,31.2,31.2,31.2,0.0,30.45549212598425,,30.39940407962213,"rgba(38, 166, 154, 1.0)",0.5066386134955487,30.373519643416774,1.6313015521673944,4,0.6417413920482342,2.566965568192937,0.0,0.0,0.0,0.0,94.05040590788647,34.43767263470407,True,False,True,False,True,20.0
2024-07-25 17:00:00+00:00,31.2,31.2,31.2,31.2,0.0,30.45549212598425,,30.39940407962213,"rgba(38, 166, 154, 1.0)",0.48972820187499816,30.373519643416774,1.6876307172405445,4,0.6450914316031651,2.5803657264126603,0.0,0.0,0.0,0.0,95.06493084657369,35.68795373251447,True,False,True,False,True,20.0
2024-07-26 17:00:00+00:00,31.2,31.2,31.2,31.2,0.0,30.45549212598425,,30.39940407962213,"rgba(38, 166, 154, 1.0)",0.47210132138944993,30.373519643416774,1.7506419049004056,4,0.6490058255196842,2.596023302078737,0.0,0.0,0.0,0.0,95.7412808056985,36.822631722127994,True,False,True,False,True,20.0
2024-07-29 17:00:00+00:00,31.2,31.2,31.2,31.2,0.0,30.45549212598425,,30.39940407962213,"rgba(38, 166, 154, 1.0)",0.4536744675673619,30.373519643416774,1.8217475649773236,4,0.6535144113942946,2.6140576455771782,0.0,0.0,0.0,0.0,96.19218077844837,37.87851760045848,True,False,True,False,True,20.0
2024-07-30 17:00:00+00:00,31.2,31.2,31.2,31.2,0.0,30.45549212598425,,30.39940407962213,"rgba(38, 166, 154, 1.0)",0.43434583721536113,30.373519643416774,1.9028163407341063,4,0.6586527442575054,2.6346109770300217,0.0,0.0,0.0,0.0,96.49278076028162,38.868795090799594,True,False,True,False,True,20.0
2024-07-31 17:00:00+00:00,31.2,31.2,31.2,31.2,0.0,30.45549212598425,,30.39940407962213,"rgba(38, 166, 154, 1.0)",0.44655818905963784,30.373519643416774,1.8507786372110373,4,0.6644629343434614,2.6578517373738455,0.0,0.0,0.0,0.0,96.69318074817045,39.795508112123855,True,False,True,False,True,20.0
2024-08-01 17:00:00+00:00,31.2,31.2,31.2,31.2,0.0,30.45549212598425,,30.39940407962213,"rgba(38, 166, 154, 1.0)",0.45802004362294857,30.373519643416774,1.8044632938893843,4,0.6614839018569594,2.6459356074278375,0.0,0.0,0.0,0.0,96.82678074009634,40.656495351697686,True,False,True,False,True,20.0
2024-08-02 17:00:00+00:00,31.2,31.2,31.2,31.2,0.0,30.45549212598425,,30.39940407962213,"rgba(38, 166, 154, 1.0)",0.4687864532372351,30.373519643416774,1.7630209893564794,4,0.6587260630846188,2.634904252338475,0.0,0.0,0.0,0.0,96.91584740138026,41.44899460088385,True,False,True,False,True,20.0
2024-08-05 17:00:00+00:00,31.2,31.2,31.2,31.2,0.0,30.45549212598425,,30.39940407962213,"rgba(38, 166, 154, 1.0)",0.47890432379689307,30.373519643416774,1.7257734280422614,4,0.6561818200695775,2.62472728027831,0.0,0.0,0.0,0.0,96.97522517556955,42.171305565931505,True,False,True,False,True,20.0
2024-08-06 17:00:00+00:00,30.095,30.12,30.095,30.12,25.0,30.424683393070488,,30.111666666666668,"rgba(239, 83, 80, 1.0)",0.4796115639267471,30.111666666666665,0.017375171826776874,4,0.6558060014714695,2.623224005885878,0.0,0.0,0.0,0.0,70.24155137339534,27.102404336715935,True,False,True,False,False,0.0
2024-08-07 17:00:00+00:00,30.235,30.235,30.235,30.235,0.0,30.424683393070488,,30.111666666666668,"rgba(239, 83, 80, 1.0)",0.4797699993249475,30.111666666666665,0.257067623042018,4,0.6561571111764645,2.624628444705858,0.0,0.0,0.0,0.0,54.92035625470242,14.355331957716317,False,False,False,False,False,0.0
2024-08-08 17:00:00+00:00,30.075,30.11,30.03,30.11,5.0,30.41867370892018,,30.10576388888889,"rgba(239, 83, 80, 1.0)",0.4805073613633116,30.105468749999996,0.009430136485623799,4,0.6587893739370678,2.6351574957482713,0.0,0.0,0.0,0.0,43.902597641093315,5.709388730751272,False,True,False,True,False,0.0
2024-08-09 17:00:00+00:00,30.11,30.11,30.11,30.11,0.0,30.41867370892018,,30.10576388888889,"rgba(239, 83, 80, 1.0)",0.481039368320184,30.105468749999996,0.009419707197409557,4,0.6598482555459837,2.639393022183935,0.0,0.0,0.0,0.0,36.55742523202058,0.14442376645169475,False,True,False,True,False,0.0
2024-08-12 17:00:00+00:00,30.11,30.11,30.11,30.11,0.0,30.41867370892018,,30.10576388888889,"rgba(239, 83, 80, 1.0)",0.4815662603038868,30.105468749999996,0.009409400893541819,4,0.6622673106653006,2.6490692426612026,0.0,0.0,0.0,0.0,31.660643625972085,-3.666826855714369,False,True,False,True,False,0.0
2024-08-13 17:00:00+00:00,30.27,30.27,30.27,30.27,0.0,30.41867370892018,,30.10576388888889,"rgba(239, 83, 80, 1.0)",0.48143968591213887,30.105468749999996,0.3417484158753575,4,0.6658217965101375,2.66328718604055,0.0,0.0,0.0,0.0,32.38730797088667,-3.666826855714369,False,True,False,True,False,0.2789448433458652
2024-08-14 17:00:00+00:00,30.315,30.315,30.315,30.315,0.0,30.41867370892018,,30.10576388888889,"rgba(239, 83, 80, 1.0)",0.481256547867011,30.105468749999996,0.43538368657771714,4,0.6697557493822563,2.6790229975290254,0.0,0.0,0.0,0.0,33.89161134698939,-3.666826855714369,False,True,False,True,False,1.1238894908569463
2024-08-15 17:00:00+00:00,30.315,30.8,30.315,30.8,119.0,30.48353598014888,,30.535572882839006,"rgba(38, 166, 154, 1.0)",0.4840064868152981,30.53663053307895,0.5441444982566039,4,0.6733155338427088,2.6932621353708353,0.0,0.0,0.0,0.0,42.45117286177283,-3.666826855714369,False,True,False,True,True,9.295096181870402
2024-08-16 17:00:00+00:00,30.8,30.8,30.8,30.8,0.0,30.48353598014888,,30.535572882839006,"rgba(38, 166, 154, 1.0)",0.4866163462816233,30.53663053307895,0.5412260992330704,4,0.6769612158238638,2.7078448632954553,0.0,0.0,0.0,0.0,48.157547204961794,-16.460856912229268,False,True,False,False,True,9.295096181870402
2024-08-19 17:00:00+00:00,30.8,31.09,30.8,31.035,1123.0,30.845209698558318,,30.92384397632934,"rgba(38, 166, 154, 1.0)",0.49268484892512054,30.924047305317345,0.2252001353902369,4,0.678778739344341,2.715114957377364,0.0,0.0,0.0,0.0,54.39490521722403,-10.280804595331531,False,False,True,False,True,12.767826930268612
2024-08-20 17:00:00+00:00,31.035,31.035,31.035,31.035,0.0,30.845209698558318,,30.92384397632934,"rgba(38, 166, 154, 1.0)",0.49843945659618544,30.924047305317345,0.22260014373730597,4,0.6806155605775375,2.72246224231015,0.0,0.0,0.0,0.0,58.55314389206552,-5.988037040505247,False,False,True,False,True,12.767826930268612
2024-08-21 17:00:00+00:00,30.98,31.07,30.98,31.07,1.0,30.845337262606414,,30.923935301457455,"rgba(38, 166, 154, 1.0)",0.5045169842407651,30.924138490529593,0.28911119749498726,4,0.6888237161354425,2.75529486454177,0.0,0.0,0.0,0.0,61.688764626882936,-2.4982326586764785,False,False,True,False,True,13.27375782171822
2024-08-22 17:00:00+00:00,31.145,31.145,31.145,31.145,30.0,30.851111111111106,,30.929029679412423,"rgba(38, 166, 154, 1.0)",0.5116760570784964,30.92922934792247,0.42169386097428674,4,0.7004328695949673,2.8017314783798692,0.0,0.0,0.0,0.0,64.56425415497841,0.8838653421190941,False,False,True,False,True,14.351862286281179
2024-08-23 17:00:00+00:00,31.62,31.62,31.62,31.62,0.0,30.851111111111106,,30.929029679412423,"rgba(38, 166, 154, 1.0)",0.5303048163068179,30.92922934792247,1.302591699785494,4,0.7034541815665432,2.8138167262661726,0.0,0.0,0.0,0.0,69.88237920744623,6.541622864382568,True,False,True,False,True,20.0
2024-08-26 17:00:00+00:00,31.62,31.825,31.62,31.825,62.0,30.885789582046524,,31.006196760701975,"rgba(38, 166, 154, 1.0)",0.554124152673917,31.016281054662578,1.4594544226866155,4,0.7011281358928622,2.8045125435714486,0.0,0.0,0.0,0.0,74.35653374103418,11.319356979003487,True,False,True,False,True,20.0
2024-08-27 17:00:00+00:00,31.595,31.675,31.595,31.655,74.0,30.918828509549115,,31.03607255953953,"rgba(38, 166, 154, 1.0)",0.5710213545808928,31.044937525924304,1.0683706820797603,4,0.7033021779959121,2.8132087119836484,0.0,0.0,0.0,0.0,74.07043039468743,11.720421300364393,True,False,True,False,True,19.417228243931653
2024-08-28 17:00:00+00:00,31.655,31.655,31.655,31.655,0.0,30.918828509549115,,31.03607255953953,"rgba(38, 166, 154, 1.0)",0.5872563171069278,31.044937525924304,1.0388350985837358,4,0.7054981038089698,2.8219924152358793,0.0,0.0,0.0,0.0,73.87969483045626,12.444399850815913,True,False,True,False,True,19.417228243931653
2024-08-29 17:00:00+00:00,31.655,31.655,31.655,31.655,0.0,30.918828509549115,,31.03607255953953,"rgba(38, 166, 154, 1.0)",0.6027719378081728,31.044937525924304,1.012095016058701,4,0.7077162763064432,2.8308651052257727,0.0,0.0,0.0,0.0,73.75253778763548,13.3473559362956,True,False,True,False,True,19.417228243931653
2024-08-30 17:00:00+00:00,31.715,31.715,31.715,31.715,0.0,30.918828509549115,,31.03607255953953,"rgba(38, 166, 154, 1.0)",0.6191413481661681,31.044937525924304,1.0822447508316975,4,0.7083890856218309,2.8335563424873236,0.0,0.0,0.0,0.0,74.16116988007113,14.790604495653582,True,False,True,False,True,20.0
2024-09-02 17:00:00+00:00,31.715,31.715,31.715,31.715,0.0,30.918828509549115,,31.03607255953953,"rgba(38, 166, 154, 1.0)",0.6347487124271615,31.044937525924304,1.055634239120393,4,0.7090639521706839,2.8362558086827354,0.0,0.0,0.0,0.0,74.43359127502823,16.07276090532197,True,False,True,False,True,20.0
2024-09-03 17:00:00+00:00,31.715,31.715,31.715,31.715,0.0,30.918828509549115,,31.03607255953953,"rgba(38, 166, 154, 1.0)",0.6496489557951874,31.044937525924304,1.0314223829629983,4,0.7097408862846886,2.8389635451387543,0.0,0.0,0.0,0.0,74.61520553833297,17.216877366499702,True,False,True,False,True,20.0
2024-09-04 17:00:00+00:00,31.18,31.18,31.18,31.18,0.0,30.918828509549115,,31.03607255953953,"rgba(239, 83, 80, 1.0)",0.6525084100800825,31.044937525924304,0.2069896295422757,4,0.7055442821924901,2.8221771287699604,0.0,0.0,0.0,0.0,64.36683107622574,21.87806216075768,False,False,True,False,False,9.75751202315179
2024-09-05 17:00:00+00:00,30.975,30.975,30.755,30.755,10.0,30.918297122724596,,31.031971560651805,"rgba(239, 83, 80, 1.0)",0.6514206581571435,31.040108515687088,-0.4376718977467728,4,0.7059049419008289,2.8236197676033155,0.0,0.0,0.0,0.0,53.579053158129845,11.940870655217253,False,True,False,False,False,2.8715800272412366
2024-09-06 17:00:00+00:00,30.51,30.51,30.51,30.51,0.0,30.918297122724596,,31.031971560651805,"rgba(239, 83, 80, 1.0)",0.650431506112793,31.040108515687088,-0.8150105133362938,5,0.66147627492621,3.30738137463105,0.0,0.0,0.0,0.0,44.79510645543166,4.245221226940885,False,True,False,True,False,0.0
2024-09-09 17:00:00+00:00,30.51,30.51,30.51,30.51,0.0,30.918297122724596,,31.031971560651805,"rgba(239, 83, 80, 1.0)",0.6494206218962841,31.040108515687088,-0.8162791537773916,5,0.6625934762200014,3.312967381100007,0.0,0.0,0.0,0.0,38.9391419869662,-0.7066411299084336,False,True,False,True,False,0.0
2024-09-10 17:00:00+00:00,30.51,30.51,30.275,30.275,1.0,30.917965571205,,31.03111145116484,"rgba(239, 83, 80, 1.0)",0.6498825049732316,31.03914477372618,-1.1758198872543195,5,0.6623033374076533,3.311516687038267,0.0,0.0,0.0,0.0,33.64307654657178,-5.308643350154092,False,True,False,True,False,0.0
2024-09-11 17:00:00+00:00,29.74,30.135,29.74,30.135,524.0,30.702854578096943,,30.67972316465434,"rgba(239, 83, 80, 1.0)",0.6499259694501967,30.665983109819962,-0.8169901416143506,5,0.6612062806738124,3.3060314033690616,0.0,0.0,0.0,0.0,29.39611053748584,-9.128643501567197,False,True,False,True,False,0.0
2024-09-12 17:00:00+00:00,30.135,30.135,30.135,30.135,0.0,30.702854578096943,,30.67972316465434,"rgba(239, 83, 80, 1.0)",0.6509428366428104,30.665983109819962,-0.8157138844302618,5,0.6601242748623132,3.3006213743115658,0.0,0.0,0.0,0.0,26.56479986476188,-11.862574796546028,False,True,False,True,False,0.0
2024-09-13 17:00:00+00:00,30.135,30.135,30.135,30.135,0.0,30.702854578096943,,30.67972316465434,"rgba(239, 83, 80, 1.0)",0.6507189371265809,30.665983109819962,-0.8159945554445588,5,0.6595964525639867,3.2979822628199336,0.0,0.0,0.0,0.0,24.67725941627924,-13.961943411971198,False,True,False,True,False,0.0
2024-09-16 17:00:00+00:00,30.135,30.135,30.135,30.135,0.0,30.702854578096943,,30.67972316465434,"rgba(239, 83, 80, 1.0)",0.652490744126829,30.665983109819962,-0.8137787617670015,5,0.6590713231669134,3.2953566158345673,0.0,0.0,0.0,0.0,23.418899117290813,-15.684469594773987,False,True,False,True,False,0.0
2024-09-17 17:00:00+00:00,30.135,30.135,30.135,30.135,0.0,30.702854578096943,,30.67972316465434,"rgba(239, 83, 80, 1.0)",0.6542210621786874,30.665983109819962,-0.8116264371735143,5,0.6585488714201385,3.2927443571006925,0.0,0.0,0.0,0.0,22.579992251298528,-17.17241719132565,False,True,False,True,False,0.0
2024-09-18 17:00:00+00:00,30.135,30.135,30.135,30.135,0.0,30.702854578096943,,30.67972316465434,"rgba(239, 83, 80, 1.0)",0.6559102196308788,30.665983109819962,-0.8095362656779113,5,0.6580290822094171,3.2901454110470856,0.0,0.0,0.0,0.0,22.02072100730367,-18.501051000774048,False,True,False,True,False,0.0
2024-09-19 17:00:00+00:00,30.135,30.135,30.135,30.135,0.0,30.702854578096943,,30.67972316465434,"rgba(239, 83, 80, 1.0)",0.6534370528076852,30.665983109819962,-0.8126002459432543,5,0.6575119405557179,3.28755970277859,0.0,0.0,0.0,0.0,21.647873511307097,-19.708134908738124,False,True,False,True,False,0.0
2024-09-20 17:00:00+00:00,30.135,30.135,30.135,30.135,0.0,30.702854578096943,,30.67972316465434,"rgba(239, 83, 80, 1.0)",0.6509398472091691,30.665983109819962,-0.8157176305867435,5,0.6569974316137508,3.2849871580687537,0.0,0.0,0.0,0.0,21.39930851397605,-20.81151437319346,False,True,False,True,False,0.0
2024-09-23 17:00:00+00:00,30.135,30.135,30.135,30.135,0.0,30.702854578096943,,30.67972316465434,"rgba(239, 83, 80, 1.0)",0.6484183250991108,30.665983109819962,-0.818889734090719,5,0.6564855406705118,3.282427703352559,0.0,0.0,0.0,0.0,21.23359851575535,-21.819301715064853,False,True,False,True,False,0.0
2024-09-24 17:00:00+00:00,30.135,30.135,30.135,30.135,0.0,30.702854578096943,,30.67972316465434,"rgba(239, 83, 80, 1.0)",0.6451688095318966,30.665983109819962,-0.8230142281757483,5,0.655976253143849,3.279881265719245,0.0,0.0,0.0,0.0,21.123125183608217,-22.73554120470091,False,True,False,True,False,0.0
2024-09-25 17:00:00+00:00,30.135,30.135,30.135,30.135,0.0,30.702854578096943,,30.67972316465434,"rgba(239, 83, 80, 1.0)",0.6418808370788311,30.665983109819962,-0.8272300388907681,5,0.655469554581047,3.277347772905235,0.0,0.0,0.0,0.0,21.04947629551013,-23.563168889249734,False,True,False,True,False,0.0
2024-09-26 17:00:00+00:00,30.135,30.135,30.135,30.135,0.0,30.702854578096943,,30.67972316465434,"rgba(239, 83, 80, 1.0)",0.6385538136860394,30.665983109819962,-0.8315401121087519,5,0.6549654306574315,3.2748271532871573,0.0,0.0,0.0,0.0,21.00037703677807,-24.305398844446664,False,True,False,True,False,0.0
2024-09-27 17:00:00+00:00,30.135,30.135,30.135,30.135,0.0,30.702854578096943,,30.67972316465434,"rgba(239, 83, 80, 1.0)",0.6351871257233548,30.665983109819962,-0.8359475315487126,5,0.6544638671749905,3.2723193358749523,0.0,0.0,0.0,0.0,20.967644197623365,-24.966231010174425,False,True,False,True,False,0.0
2024-09-30 17:00:00+00:00,30.135,30.135,30.135,30.135,0.0,30.702854578096943,,30.67972316465434,"rgba(239, 83, 80, 1.0)",0.6317801390864994,30.665983109819962,-0.8404555271201098,5,0.6539648500610161,3.2698242503050805,0.0,0.0,0.0,0.0,20.94582230485356,-25.550499274362096,False,True,False,True,False,0.0
2024-10-01 17:00:00+00:00,30.135,30.135,30.135,30.135,0.0,30.702854578096943,,30.67972316465434,"rgba(239, 83, 80, 1.0)",0.628332198244976,30.665983109819962,-0.8450674838931921,5,0.6534683653667634,3.2673418268338175,0.0,0.0,0.0,0.0,20.931274376340358,-26.063705224562785,False,True,False,True,False,0.0
2024-10-02 17:00:00+00:00,30.135,30.135,30.135,30.135,0.0,30.702854578096943,,30.67972316465434,"rgba(239, 83, 80, 1.0)",0.624842625231601,30.665983109819962,-0.849786951751489,5,0.6525659337638332,3.2628296688191663,0.0,0.0,0.0,0.0,20.921575757331556,-26.51177593151457,False,True,False,True,False,0.0
2024-10-03 17:00:00+00:00,30.135,30.135,30.135,30.135,0.0,30.702854578096943,,30.67972316465434,"rgba(239, 83, 80, 1.0)",0.6213107185692371,30.665983109819962,-0.854617655788581,5,0.6516844222415643,3.2584221112078215,0.0,0.0,0.0,0.0,20.915110011325687,-26.90081917164952,False,True,False,True,False,0.0
2024-10-04 17:00:00+00:00,30.135,30.135,30.135,30.135,0.0,30.702854578096943,,30.67972316465434,"rgba(239, 83, 80, 1.0)",0.619145386003176,30.665983109819962,-0.8576065037771863,5,0.6508512680562685,3.2542563402813425,0.0,0.0,0.0,0.0,20.910799513988444,-27.23691104817664,False,True,False,True,False,0.0
2024-10-07 17:00:00+00:00,32.22,32.22,32.22,32.22,0.0,30.702854578096943,,30.67972316465434,"rgba(38, 166, 154, 1.0)",0.6429134698618031,30.665983109819962,2.4171478169746226,5,0.6237841362577161,3.1189206812885804,0.0,0.0,0.0,0.0,45.17585121759858,-8.816511730402432,False,False,False,False,True,20.0
2024-10-08 17:00:00+00:00,32.22,32.22,32.22,32.22,0.0,30.702854578096943,,30.67972316465434,"rgba(38, 166, 154, 1.0)",0.6644377695086007,30.665983109819962,2.3388449024042446,6,0.9031252126400279,5.418751275840167,0.0,0.0,0.0,0.0,61.35255235333867,4.5325667631773925,True,False,True,False,True,20.0
2024-10-09 17:00:00+00:00,32.22,32.22,32.22,32.22,0.0,30.702854578096943,,30.67972316465434,"rgba(38, 166, 154, 1.0)",0.6839301634439616,30.665983109819962,2.272186508567942,5,0.9647677598201515,4.823838799100757,0.0,0.0,0.0,0.0,72.1370197771654,12.701708377245332,True,False,True,False,True,20.0
2024-10-10 17:00:00+00:00,32.22,32.22,32.22,32.22,0.0,30.702854578096943,,30.67972316465434,"rgba(38, 166, 154, 1.0)",0.7015600376920731,30.665983109819962,2.2150875287770058,4,1.1448968126081065,4.579587250432426,0.0,0.0,0.0,0.0,79.32666472638323,17.875992769292537,True,False,True,False,True,20.0
2024-10-11 17:00:00+00:00,32.22,32.22,32.22,32.22,0.0,30.702854578096943,,30.67972316465434,"rgba(38, 166, 154, 1.0)",0.7174647054759008,30.665983109819962,2.1659837457080813,4,1.1125206450908673,4.450082580363469,0.0,0.0,0.0,0.0,84.11976135919511,21.35797586051767,True,False,True,False,True,20.0
2024-10-14 17:00:00+00:00,32.22,32.22,32.22,32.22,0.0,30.702854578096943,,30.67972316465434,"rgba(38, 166, 154, 1.0)",0.7317566670826021,30.665983109819962,2.123679851631084,4,1.0835756991840264,4.334302796736106,0.0,0.0,0.0,0.0,87.31515911440303,23.905192593536384,True,False,True,False,True,20.0
2024-10-15 17:00:00+00:00,32.22,32.22,32.22,32.22,0.0,30.702854578096943,,30.67972316465434,"rgba(38, 166, 154, 1.0)",0.7445288007425599,30.665983109819962,2.087248859453294,4,1.0568028186031366,4.2272112744125465,0.0,0.0,0.0,0.0,89.44542428454164,25.943994053294702,True,False,True,False,True,20.0
2024-10-16 17:00:00+00:00,32.22,32.22,32.22,32.22,0.0,30.702854578096943,,30.67972316465434,"rgba(38, 166, 154, 1.0)",0.7558581543845181,30.665983109819962,2.0559636502770093,4,1.0340779687900146,4.136311875160058,0.0,0.0,0.0,0.0,90.86560106463406,27.703673589984362,True,False,True,False,True,20.0
2024-10-17 17:00:00+00:00,32.22,32.22,32.22,32.22,0.0,30.702854578096943,,30.67972316465434,"rgba(38, 166, 154, 1.0)",0.7658087640286474,30.665983109819962,2.0292492893459553,4,1.0125029873545843,4.050011949418337,0.0,0.0,0.0,0.0,91.81238558469568,29.29953852124804,True,False,True,False,True,20.0
2024-10-18 17:00:00+00:00,32.22,32.22,32.22,32.22,0.0,30.702854578096943,,30.67972316465434,"rgba(38, 166, 154, 1.0)",0.7744337774630561,30.665983109819962,2.006649161495504,4,0.9940953089741185,3.976381235896474,0.0,0.0,0.0,0.0,92.44357526473675,30.78353457899223,True,False,True,False,True,20.0
2024-10-21 17:00:00+00:00,32.22,32.22,32.22,32.22,0.0,30.702854578096943,,30.67972316465434,"rgba(38, 166, 154, 1.0)",0.7817770701340704,30.665983109819962,1.9878005502432194,4,0.9750976914602122,3.9003907658408488,0.0,0.0,0.0,0.0,92.86436838476413,32.17444609617665,True,False,True,False,True,20.0
2024-10-22 17:00:00+00:00,32.22,32.22,32.22,32.22,0.0,30.702854578096943,,30.67972316465434,"rgba(38, 166, 154, 1.0)",0.7878744812457269,30.665983109819962,1.9724168343705515,4,0.9575823350893029,3.8303293403572116,0.0,0.0,0.0,0.0,93.14489713144904,33.47539463391708,True,False,True,False,True,20.0
2024-10-23 17:00:00+00:00,32.22,32.22,32.22,32.22,0.0,30.702854578096943,,30.67972316465434,"rgba(38, 166, 154, 1.0)",0.7927547591204575,30.665983109819962,1.9602744383448192,4,0.9413897035011951,3.7655588140047804,0.0,0.0,0.0,0.0,93.33191629590564,34.68356064810483,True,False,True,False,True,20.0
2024-10-24 17:00:00+00:00,32.22,32.22,32.22,32.22,0.0,30.702854578096943,,30.67972316465434,"rgba(38, 166, 154, 1.0)",0.7964402784372127,30.665983109819962,1.9512032882482448,3,1.0436579002413218,3.130973700723965,0.0,0.0,0.0,0.0,93.45659573887671,35.79524035651876,True,False,True,False,True,20.0
2024-10-25 17:00:00+00:00,32.22,32.22,32.22,32.22,0.0,30.702854578096943,,30.67972316465434,"rgba(38, 166, 154, 1.0)",0.7989475735148424,30.665983109819962,1.945079929767341,3,1.0327163059864264,3.0981489179592794,0.0,0.0,0.0,0.0,93.5397153675241,36.80818240747915,True,False,True,False,True,20.0
2024-10-28 17:00:00+00:00,31.72,31.72,31.72,31.72,0.0,30.702854578096943,,30.67972316465434,"rgba(239, 83, 80, 1.0)",0.7925833460024192,30.665983109819962,1.3298499085253552,3,1.0314517389765978,3.0943552169297934,0.0,0.0,0.0,0.0,75.98993156630446,33.61209523778925,True,False,True,False,False,12.841705720751687
2024-10-29 17:00:00+00:00,31.72,31.72,31.72,31.72,0.0,30.702854578096943,,30.67972316465434,"rgba(239, 83, 80, 1.0)",0.7961041853136462,30.665983109819962,1.3239685327929527,3,1.0313329849600852,3.093998954880256,0.0,0.0,0.0,0.0,64.29007569882471,23.34734206551957,True,False,True,False,False,12.841705720751687
2024-10-30 17:00:00+00:00,31.89,31.89,31.89,31.89,0.0,30.702854578096943,,30.67972316465434,"rgba(38, 166, 154, 1.0)",0.8016475152701278,30.665983109819962,1.5268766719342814,3,1.029269990656613,3.087809971969839,0.0,0.0,0.0,0.0,60.3361466035321,20.344980950022887,True,False,True,False,False,15.04105230451777
2024-10-31 17:00:00+00:00,31.89,31.89,31.89,31.89,0.0,30.702854578096943,,30.67972316465434,"rgba(38, 166, 154, 1.0)",0.8070464893895937,30.665983109819962,1.5166621827520976,3,1.0278152852689209,3.0834458558067626,0.0,0.0,0.0,0.0,57.70019387333703,18.181273626057077,False,False,True,False,False,15.04105230451777
2024-11-01 17:00:00+00:00,31.89,31.89,31.89,31.89,0.0,30.702854578096943,,30.67972316465434,"rgba(38, 166, 154, 1.0)",0.8123039860580507,30.665983109819962,1.506845849815349,3,1.0269612051950998,3.080883615585299,0.0,0.0,0.0,0.0,55.942892053206975,16.48269585781796,False,False,True,False,False,15.04105230451778
2024-11-04 17:00:00+00:00,32.11,32.11,32.11,32.11,0.0,30.702854578096943,,30.67972316465434,"rgba(38, 166, 154, 1.0)",0.8206759903159795,30.665983109819962,1.7595456760274628,3,1.0231681795366885,3.0695045386100652,0.0,0.0,0.0,0.0,58.96600684504578,16.48269585781796,False,False,True,False,False,17.82277107298176
2024-11-05 17:00:00+00:00,32.11,32.11,32.11,32.11,0.0,30.702854578096943,,30.67972316465434,"rgba(38, 166, 154, 1.0)",0.8287834349104809,30.665983109819962,1.742333195083719,3,1.0201322346707578,3.0603967040122733,0.0,0.0,0.0,0.0,60.98141670627166,16.48269585781796,True,False,True,False,True,17.82277107298176
2024-11-06 17:00:00+00:00,32.11,32.91,32.11,32.9,5.0,30.707192118226597,,32.63999999999999,"rgba(38, 166, 154, 1.0)",0.8539399940941682,32.63999999999999,0.3044710422256363,3,1.0008119187301945,3.0024357561905832,0.0,0.0,0.0,0.0,68.69173651116944,8.311433521149574,True,False,True,False,True,20.0
2024-11-07 17:00:00+00:00,32.9,32.9,32.9,32.9,0.0,30.707192118226597,,32.63999999999999,"rgba(38, 166, 154, 1.0)",0.8777833466201324,32.63999999999999,0.29620065247435384,3,0.9837181006776307,2.951154302032892,0.0,0.0,0.0,0.0,73.83194971443461,13.230427284242431,True,False,True,False,True,20.0
2024-11-08 17:00:00+00:00,32.9,32.9,32.9,32.9,0.0,30.707192118226597,,32.63999999999999,"rgba(38, 166, 154, 1.0)",0.9004178209321989,32.63999999999999,0.28875483576150035,3,0.9673446584199565,2.9020339752598696,0.0,0.0,0.0,0.0,77.25875851661141,16.59703566169894,True,False,True,False,True,20.0
2024-11-11 17:00:00+00:00,32.9,32.9,32.9,32.9,0.0,30.707192118226597,,32.63999999999999,"rgba(38, 166, 154, 1.0)",0.9219324592720977,32.63999999999999,0.2820163205939028,3,0.9527593449836654,2.858278034950996,0.0,0.0,0.0,0.0,79.5432977180626,19.041061585380533,True,False,True,False,True,20.0
2024-11-12 17:00:00+00:00,32.9,32.9,32.9,32.9,0.0,30.707192118226597,,32.63999999999999,"rgba(38, 166, 154, 1.0)",0.9424039607436213,32.63999999999999,0.2758901817378264,3,0.9397711597803481,2.8193134793410444,0.0,0.0,0.0,0.0,81.0663238523634,20.933946053785988,True,False,True,False,True,20.0
2024-11-13 17:00:00+00:00,32.9,32.9,32.9,32.9,0.0,30.707192118226597,,32.63999999999999,"rgba(38, 166, 154, 1.0)",0.9618989289678987,32.63999999999999,0.27029866877903763,3,0.9282219384057498,2.7846658152172497,0.0,0.0,0.0,0.0,82.08167460856393,22.489766180136556,True,False,True,False,True,20.0
2024-11-14 17:00:00+00:00,32.9,32.9,32.9,32.9,0.0,30.707192118226597,,32.63999999999999,"rgba(38, 166, 154, 1.0)",0.980475615419616,32.63999999999999,0.26517742604820665,3,0.9179800349401495,2.7539401048204484,0.0,0.0,0.0,0.0,82.75857511269761,23.82855336788998,True,False,True,False,True,20.0
2024-11-15 17:00:00+00:00,32.9,32.9,32.9,32.9,0.0,30.707192118226597,,32.63999999999999,"rgba(38, 166, 154, 1.0)",0.9981852903514042,32.63999999999999,0.26047268228975196,3,0.9089354918123144,2.726806475436943,0.0,0.0,0.0,0.0,83.2098421154534,25.015502017679125,True,False,True,False,True,20.0
2024-11-18 17:00:00+00:00,32.9,32.9,32.9,32.9,0.0,30.707192118226597,,32.63999999999999,"rgba(38, 166, 154, 1.0)",1.0150733342344869,32.63999999999999,0.25613912929363175,3,0.9009963097579804,2.7029889292739413,0.0,0.0,0.0,0.0,83.51068678395725,26.08487207734491,True,False,True,False,True,20.0
2024-11-19 17:00:00+00:00,32.9,32.9,32.9,32.9,0.0,30.707192118226597,,32.63999999999999,"rgba(38, 166, 154, 1.0)",1.0213505102876834,32.63999999999999,0.25456490928542347,3,0.8940855438555406,2.682256631566622,0.0,0.0,0.0,0.0,83.71124989629317,27.054267717055367,True,False,True,False,True,20.0
2024-11-20 17:00:00+00:00,32.9,32.9,32.9,32.9,0.0,30.707192118226597,,32.63999999999999,"rgba(38, 166, 154, 1.0)",1.0280749175211332,32.63999999999999,0.25289985736342074,3,0.888139029142664,2.6644170874279918,0.0,0.0,0.0,0.0,83.84495863785044,27.93293768914613,True,False,True,False,True,20.0
2024-11-21 17:00:00+00:00,32.9,32.9,32.9,32.9,0.0,30.707192118226597,,32.63999999999999,"rgba(38, 166, 154, 1.0)",1.031460383399466,32.63999999999999,0.252069787831407,3,0.8831035932333977,2.649310779700193,0.0,0.0,0.0,0.0,83.93409779888862,28.726418959570097,True,False,True,False,True,20.0
2024-11-22 17:00:00+00:00,32.9,32.9,32.9,32.9,0.0,30.707192118226597,,32.63999999999999,"rgba(38, 166, 154, 1.0)",1.033478557072173,32.63999999999999,0.25157754674328286,3,0.8789356514980602,2.6368069544941806,0.0,0.0,0.0,0.0,83.9935239062474,29.438988559772653,True,False,True,False,True,20.0
2024-11-25 17:00:00+00:00,32.9,32.9,32.9,32.9,0.0,30.707192118226597,,32.63999999999999,"rgba(38, 166, 154, 1.0)",1.0341374435984354,32.63999999999999,0.25141725755069494,3,0.8756001078151735,2.6268003234455204,0.0,0.0,0.0,0.0,84.03314131115326,30.07483747346693,True,False,True,False,True,20.0
2024-11-26 17:00:00+00:00,32.9,32.9,32.9,32.9,0.0,30.707192118226597,,32.63999999999999,"rgba(38, 166, 154, 1.0)",1.0362637408211277,32.63999999999999,0.25090137747556723,3,0.8730695040109283,2.619208512032785,0.0,0.0,0.0,0.0,84.05955291442383,30.63852823554248,True,False,True,False,True,20.0
2024-11-27 17:00:00+00:00,32.9,33.44,32.9,33.44,1.0,30.70833482542524,,32.872499999999995,"rgba(38, 166, 154, 1.0)",1.0490649933919345,32.969375,0.4486137684170833,3,0.8629410382125812,2.5888231146377434,0.0,0.0,0.0,0.0,87.70955376528092,34.4042286501043,True,False,True,False,True,20.0
2024-11-28 17:00:00+00:00,33.44,33.44,33.44,33.44,0.0,30.70833482542524,,32.872499999999995,"rgba(38, 166, 154, 1.0)",1.0666065706607277,32.969375,0.4412357967272427,3,0.8541622223271931,2.562486666981579,0.0,0.0,0.0,0.0,90.1428876658523,36.80048988599664,True,False,True,False,True,20.0
2024-11-29 17:00:00+00:00,33.44,33.44,33.44,33.44,0.0,30.70833482542524,,32.872499999999995,"rgba(38, 166, 154, 1.0)",1.0827050499675748,32.969375,0.43467516847186843,3,0.8466247831543282,2.5398743494629845,0.0,0.0,0.0,0.0,91.76511026623322,38.3704596321391,True,False,True,False,True,20.0
2024-12-02 17:00:00+00:00,33.44,33.44,33.44,33.44,0.0,30.70833482542524,,32.872499999999995,"rgba(38, 166, 154, 1.0)",1.0996464091812832,32.969375,0.4279784811468547,3,0.8402402638022285,2.5207207914066854,0.0,0.0,0.0,0.0,92.8465919998205,39.44613739101881,True,False,True,False,True,20.0
2024-12-03 17:00:00+00:00,33.44,33.44,33.44,33.44,0.0,30.70833482542524,,32.872499999999995,"rgba(38, 166, 154, 1.0)",1.1153967419227828,32.969375,0.4219350678653667,2,0.8601325241486222,1.7202650482972444,0.0,0.0,0.0,0.0,93.56757982221202,40.2273300717104,True,False,True,False,True,20.0
2024-12-04 17:00:00+00:00,33.44,33.65,33.44,33.65,100.0,30.83137103684661,,33.54605697739584,"rgba(38, 166, 154, 1.0)",1.1347954453128422,33.55493461610312,0.08377314545060822,2,0.8433233397974883,1.6866466795949766,0.0,0.0,0.0,0.0,94.58825135812549,41.318075553364636,True,False,True,False,True,20.0
2024-12-05 17:00:00+00:00,33.65,33.65,33.65,33.65,0.0,30.83137103684661,,33.54605697739584,"rgba(38, 166, 154, 1.0)",1.1534237401425356,33.55493461610312,0.08242017273299114,2,0.8278790164600285,1.655758032920057,0.0,0.0,0.0,0.0,95.26869904873448,42.10613283237724,True,False,True,False,True,20.0
2024-12-06 17:00:00+00:00,33.65,33.65,33.65,33.65,0.0,30.83137103684661,,33.54605697739584,"rgba(38, 166, 154, 1.0)",1.1731585148226875,33.55493461610312,0.0810337074621572,2,0.8136485761223394,1.6272971522446789,0.0,0.0,0.0,0.0,95.72233084247378,42.70977423197522,True,False,True,False,True,20.0
2024-12-09 17:00:00+00:00,33.65,33.65,33.65,33.65,0.0,30.83137103684661,,33.54605697739584,"rgba(38, 166, 154, 1.0)",1.1922109259237503,33.55493461610312,0.0797387289696425,2,0.8005040565763066,1.6010081131526133,0.0,0.0,0.0,0.0,96.0247520383,43.19846172038831,True,False,True,False,True,20.0
2024-12-10 17:00:00+00:00,33.65,33.65,33.65,33.65,0.0,30.83137103684661,,33.54605697739584,"rgba(38, 166, 154, 1.0)",1.2102374013257247,33.55493461610312,0.07855102130602098,2,0.7883362289885691,1.5766724579771383,0.0,0.0,0.0,0.0,96.2263661688508,43.61217647785611,True,False,True,False,True,20.0
2024-12-11 17:00:00+00:00,33.14,33.14,33.14,33.14,0.0,30.83137103684661,,33.54605697739584,"rgba(239, 83, 80, 1.0)",1.2189116102136324,33.55493461610312,-0.3404140321794081,2,0.7822125383687315,1.564425076737463,0.0,0.0,0.0,0.0,77.45697125613779,31.707788449537134,False,False,True,False,False,20.0
2024-12-12 17:00:00+00:00,33.14,33.14,33.14,33.14,0.0,30.83137103684661,,33.54605697739584,"rgba(239, 83, 80, 1.0)",1.227200791958619,33.55493461610312,-0.33811469062114907,3,0.6332922341927011,1.8998767025781031,0.0,0.0,0.0,0.0,64.9440413143291,21.323560415712308,False,True,True,False,False,20.0
2024-12-13 17:00:00+00:00,33.14,33.14,33.14,33.14,0.0,30.83137103684661,,33.54605697739584,"rgba(239, 83, 80, 1.0)",1.2352680089981012,33.55493461610312,-0.33590655070850733,3,0.6288625281880186,1.8865875845640558,0.0,0.0,0.0,0.0,56.602088019789974,14.922990907681438,False,True,True,False,False,20.0
2024-12-16 17:00:00+00:00,33.14,33.14,32.49,32.49,1.0,30.83217416131334,,33.374437212687745,"rgba(239, 83, 80, 1.0)",1.2367604187284669,33.342238303166496,-0.6890892449830293,3,0.6279626196206712,1.8838878588620136,0.0,0.0,0.0,0.0,44.178250541453046,4.651186685027831,False,True,False,True,False,8.309776187038288
2024-12-17 17:00:00+00:00,32.49,32.49,32.49,32.49,0.0,30.83217416131334,,33.374437212687745,"rgba(239, 83, 80, 1.0)",1.2381636285932691,33.342238303166496,-0.6883083006845864,3,0.6271420391829893,1.8814261175489677,0.0,0.0,0.0,0.0,35.89569222256176,-1.8447319640799904,False,True,False,True,False,8.309776187038288
2024-12-18 17:00:00+00:00,32.49,32.49,32.49,32.49,0.0,30.83217416131334,,33.374437212687745,"rgba(239, 83, 80, 1.0)",1.2365097275421602,33.342238303166496,-0.6892289516076099,3,0.6263998754160847,1.879199626248254,0.0,0.0,0.0,0.0,30.37398667663424,-6.161200599287675,False,True,False,True,False,8.309776187038288
2024-12-19 17:00:00+00:00,31.26,31.26,31.14,31.14,3.0,30.832620473339027,,32.978904159729154,"rgba(239, 83, 80, 1.0)",1.2322341754159978,32.863274499805755,-1.3984959467821796,3,0.6262496486861199,1.8787489460583595,-1.0,0.0,31.14,301.0,22.801062192812655,-12.74407352082953,False,True,False,True,False,0.0
2024-12-20 17:00:00+00:00,31.29,31.29,31.29,31.29,0.0,30.832620473339027,,32.978904159729154,"rgba(239, 83, 80, 1.0)",1.2230500126051327,32.863274499805755,-1.2863533654315855,3,0.6264445698167124,1.8793337094501372,0.0,0.0,0.0,0.0,19.913258483083915,-15.287658431180674,False,True,False,True,False,0.0
2024-12-23 17:00:00+00:00,31.29,31.29,31.29,31.29,0.0,30.832620473339027,,32.978904159729154,"rgba(239, 83, 80, 1.0)",1.213706043636779,32.863274499805755,-1.296256624949775,3,0.6266400396317411,1.8799201188952233,0.0,0.0,0.0,0.0,17.988056009931423,-17.392003948845684,False,True,False,True,False,0.0
2024-12-24 17:00:00+00:00,31.29,31.29,31.29,31.29,0.0,30.832620473339027,,32.978904159729154,"rgba(239, 83, 80, 1.0)",1.1999591321870098,32.863274499805755,-1.3111067348921728,3,0.6321466269965758,1.8964398809897274,0.0,0.0,0.0,0.0,16.70458769449643,-19.246574582874096,False,True,False,True,False,0.0
2024-12-25 17:00:00+00:00,31.29,31.29,31.29,31.29,0.0,30.832620473339027,,32.978904159729154,"rgba(239, 83, 80, 1.0)",1.1830080875189395,32.863274499805755,-1.3298932749524148,3,0.6370057674389891,1.9110173023169672,0.0,0.0,0.0,0.0,15.848942150873098,-20.944114564940065,False,True,False,True,False,0.0
2024-12-26 17:00:00+00:00,31.29,31.29,31.29,31.29,0.0,30.832620473339027,,32.978904159729154,"rgba(239, 83, 80, 1.0)",1.1656044018541223,32.863274499805755,-1.349749964313067,3,0.6430003055769917,1.9290009167309752,0.0,0.0,0.0,0.0,15.278511788457545,-22.52459206308482,False,True,False,True,False,0.0
2024-12-27 17:00:00+00:00,31.29,31.29,31.29,31.29,0.0,30.832620473339027,,32.978904159729154,"rgba(239, 83, 80, 1.0)",1.1477274843700764,32.863274499805755,-1.3707735688400267,3,0.6492373942669736,1.9477121828009207,0.0,0.0,0.0,0.0,14.898224880180509,-24.00115629333915,False,True,False,True,False,0.0
2024-12-30 17:00:00+00:00,31.29,31.29,31.29,31.29,0.0,30.832620473339027,,32.978904159729154,"rgba(239, 83, 80, 1.0)",1.129354862479235,32.863274499805755,-1.393073649456822,3,0.6557317660690327,1.9671952982070982,0.0,0.0,0.0,0.0,14.644700274662485,-25.37497067743005,False,True,False,True,False,0.0
2024-12-31 17:00:00+00:00,31.29,31.29,31.29,31.29,0.0,30.832620473339027,,32.978904159729154,"rgba(239, 83, 80, 1.0)",1.1104619321268019,32.863274499805755,-1.4167748162177485,3,0.6611310676614105,1.9833932029842316,0.0,0.0,0.0,0.0,14.475683870983802,-26.643284060943806,False,True,False,True,False,0.0
2025-01-01 17:00:00+00:00,31.29,31.29,31.29,31.29,0.0,30.832620473339027,,32.978904159729154,"rgba(239, 83, 80, 1.0)",1.091021663520188,32.863274499805755,-1.4420194872479213,3,0.6663523917526203,1.9990571752578608,0.0,0.0,0.0,0.0,14.363006268531349,-27.803485252968358,False,True,False,True,False,0.0
2025-01-02 17:00:00+00:00,31.29,31.29,31.29,31.29,0.0,30.832620473339027,,32.978904159729154,"rgba(239, 83, 80, 1.0)",1.0710042521429115,32.863274499805755,-1.4689712918112883,3,0.6683898571455296,2.0051695714365887,0.0,0.0,0.0,0.0,14.287887866896378,-28.854847250905983,False,True,False,True,False,0.0
2025-01-03 17:00:00+00:00,31.29,31.29,31.29,31.29,0.0,30.832620473339027,,32.978904159729154,"rgba(239, 83, 80, 1.0)",1.0503767020532708,32.863274499805755,-1.497819303046542,3,0.6704594348534784,2.011378304560435,0.0,0.0,0.0,0.0,14.237808932473065,-29.79900478880857,False,True,False,True,False,0.0
2025-01-06 17:00:00+00:00,31.29,31.29,31.29,31.29,0.0,30.832620473339027,,32.978904159729154,"rgba(239, 83, 80, 1.0)",1.0291023246474011,32.863274499805755,-1.5287833504261132,3,0.6713825602503505,2.0141476807510514,0.0,0.0,0.0,0.0,14.204422976190857,-30.63978990683803,False,True,False,True,False,0.0
2025-01-07 17:00:00+00:00,31.29,31.29,31.29,31.29,0.0,30.832620473339027,,32.978904159729154,"rgba(239, 83, 80, 1.0)",1.0071401308871246,32.863274499805755,-1.5621207531666519,3,0.672313143338963,2.016939430016889,0.0,0.0,0.0,0.0,14.182165672002718,-31.38278842880444,False,True,False,True,False,0.0
2025-01-08 17:00:00+00:00,31.29,31.29,31.26,31.26,100.0,30.850560568772206,,32.01625080490054,"rgba(239, 83, 80, 1.0)",0.9848117668957395,31.62932705626119,-0.37502299289676133,3,0.6730087472869034,2.0190262418607103,0.0,0.0,0.0,0.0,13.880064127219384,-32.29335603445524,False,True,False,True,False,0.0
2025-01-09 17:00:00+00:00,31.26,31.26,31.26,31.26,0.0,30.850560568772206,,32.01625080490054,"rgba(239, 83, 80, 1.0)",0.9617281882674547,31.62932705626119,-0.38402436443765625,3,0.6734075849357847,2.020222754807354,0.0,0.0,0.0,0.0,13.67866309736383,-33.017098433813445,False,True,False,True,False,0.0
2025-01-10 17:00:00+00:00,31.26,31.26,31.26,31.26,0.0,30.850560568772206,,32.01625080490054,"rgba(239, 83, 80, 1.0)",0.9378336307250942,31.62932705626119,-0.3938087142126045,3,0.67264190989756,2.01792572969268,0.0,0.0,0.0,0.0,13.544395744126792,-33.60440706696137,False,True,False,True,False,0.0
2025-01-13 17:00:00+00:00,31.26,31.26,31.26,31.26,0.0,30.850560568772206,,32.01625080490054,"rgba(239, 83, 80, 1.0)",0.9130644274358424,31.62932705626119,-0.40449178082467696,3,0.671782689569891,2.015348068709673,0.0,0.0,0.0,0.0,13.454884175302102,-34.08896178560305,False,True,False,True,False,0.0
2025-01-14 17:00:00+00:00,31.26,31.26,31.26,31.26,0.0,30.850560568772206,,32.01625080490054,"rgba(239, 83, 80, 1.0)",0.887347337460023,31.62932705626119,-0.4162147568035351,3,0.6710078577750173,2.013023573325052,0.0,0.0,0.0,0.0,13.395209796085641,-34.49374250434452,False,True,False,True,False,0.0
2025-01-15 17:00:00+00:00,31.26,31.26,31.26,31.26,0.0,30.850560568772206,,32.01625080490054,"rgba(239, 83, 80, 1.0)",0.8605973883674993,31.62932705626119,-0.42915196031651776,3,0.6702443404891305,2.0107330214673915,0.0,0.0,0.0,0.0,13.355426876608,-34.8348570971532,False,True,False,True,False,0.0
2025-01-16 17:00:00+00:00,31.26,32.05,31.26,31.98,186.0,30.915261686991858,,31.821931660739757,"rgba(38, 166, 154, 1.0)",0.8251725290524398,31.65518248152039,0.3936358846708126,3,0.6702229704776969,2.0106689114330907,0.0,0.0,0.0,0.0,34.94772531276084,-18.755979645111832,False,True,False,True,True,3.570462010502659
2025-01-17 17:00:00+00:00,31.98,31.98,31.98,31.98,0.0,30.915261686991858,,31.821931660739757,"rgba(38, 166, 154, 1.0)",0.7873784762520266,31.65518248152039,0.41253035011289835,3,0.67016586391891,2.01049759175673,0.0,0.0,0.0,0.0,49.342590936862734,-6.864605301350892,False,False,True,False,True,3.570462010502659
2025-01-20 17:00:00+00:00,31.98,31.98,31.98,31.98,0.0,30.915261686991858,,31.821931660739757,"rgba(38, 166, 154, 1.0)",0.7881623512272012,31.65518248152039,0.4121200638090042,3,0.6701126582924958,2.0103379748774874,0.0,0.0,0.0,0.0,58.93916801959733,0.4183675032205798,True,False,True,False,True,3.570462010502659
2025-01-21 17:00:00+00:00,32.27,32.27,32.27,32.27,0.0,30.915261686991858,,31.821931660739757,"rgba(38, 166, 154, 1.0)",0.7881245157031663,31.65518248152039,0.7801020095550132,3,0.6695691335256585,2.0087074005769754,0.0,0.0,0.0,0.0,67.52475760338214,7.00552341125757,True,False,True,False,True,7.929801843005457
2025-01-22 17:00:00+00:00,32.27,32.27,32.27,32.27,0.0,30.915261686991858,,31.821931660739757,"rgba(38, 166, 154, 1.0)",0.7880861067877101,31.65518248152039,0.7801400293498988,3,0.6701629550384126,2.0104888651152377,0.0,0.0,0.0,0.0,73.248483992572,11.298648976734832,True,False,True,False,True,7.929801843005457
2025-01-23 17:00:00+00:00,32.4,32.48,32.4,32.48,125.0,30.985199466472647,,32.02600905645375,"rgba(38, 166, 154, 1.0)",0.7883452392298153,31.922639355991002,0.7070007101882366,2,0.8827877296477487,1.7655754592954973,0.0,0.0,0.0,0.0,78.1648601086483,15.285796354660917,True,False,True,False,True,10.880353026007814
2025-01-24 17:00:00+00:00,32.48,32.48,32.39,32.39,50.0,31.010830058354166,,32.07039746745839,"rgba(38, 166, 154, 1.0)",0.788375156500689,31.98073214023477,0.5191283063533114,2,0.8884373846922811,1.7768747693845621,0.0,0.0,0.0,0.0,78.67883044258404,15.668825812946437,True,False,True,False,True,9.259331758359458
2025-01-27 17:00:00+00:00,32.39,32.66,32.39,32.66,53.0,31.03980481533426,32.57,32.13948683678702,"rgba(38, 166, 154, 1.0)",0.7894393722906283,32.08276323517701,0.7311983479466966,2,0.8931509444137429,1.7863018888274858,0.0,0.0,0.0,0.0,80.65348487015828,17.88261282253262,True,False,True,False,True,12.850437134866933
2025-01-28 17:00:00+00:00,32.66,32.66,32.66,32.66,0.0,31.03980481533426,32.57,32.13948683678702,"rgba(38, 166, 154, 1.0)",0.790458026647836,32.08276323517701,0.7302560608700789,2,0.9010659003678676,1.8021318007357352,0.0,0.0,0.0,0.0,81.96992115520777,19.73128521346983,True,False,True,False,True,12.850437134866933
2025-01-29 17:00:00+00:00,32.66,32.66,32.66,32.66,0.0,31.03980481533426,32.57,32.13948683678702,"rgba(38, 166, 154, 1.0)",0.7914312954992334,32.08276323517701,0.7293580227439258,2,0.9116020107613417,1.8232040215226835,0.0,0.0,0.0,0.0,82.84754534524077,21.35132352993719,True,False,True,False,True,12.850437134866933
2025-01-30 17:00:00+00:00,32.66,32.66,32.66,32.66,0.0,31.03980481533426,32.57,32.13948683678702,"rgba(38, 166, 154, 1.0)",0.7923593460882714,32.08276323517701,0.7285037624313938,2,0.9230509085944081,1.8461018171888162,0.0,0.0,0.0,0.0,83.4326281385961,22.812891957487125,True,False,True,False,True,12.850437134866933
2025-01-31 17:00:00+00:00,32.39,32.39,32.39,32.39,0.0,31.03980481533426,32.57,32.13948683678702,"rgba(38, 166, 154, 1.0)",0.792314502120446,32.08276323517701,0.3877712246850722,2,0.9367747475744959,1.8735494951489917,0.0,0.0,0.0,0.0,75.96202230093576,22.812891957487125,True,False,True,False,False,7.938573582274884
2025-02-03 17:00:00+00:00,32.39,32.39,32.39,32.39,0.0,31.03980481533426,32.57,32.13948683678702,"rgba(38, 166, 154, 1.0)",0.7922630830683031,32.08276323517701,0.3877963916141488,2,0.9515965113366395,1.903193022673279,0.0,0.0,0.0,0.0,70.9816184091622,31.29271806122358,True,False,True,False,False,7.938573582274884
2025-02-04 17:00:00+00:00,32.39,32.39,32.39,32.39,0.0,31.03980481533426,32.57,32.13948683678702,"rgba(38, 166, 154, 1.0)",0.7922050876515506,32.08276323517701,0.3878247812492286,2,0.9676358408300423,1.9352716816600846,0.0,0.0,0.0,0.0,67.66134914797982,27.84725934987877,True,False,True,False,False,7.938573582274884
2025-02-05 17:00:00+00:00,32.39,32.39,32.39,32.39,0.0,31.03980481533426,32.57,32.13948683678702,"rgba(38, 166, 154, 1.0)",0.7921405144257518,32.08276323517701,0.38785639571246316,2,0.985032499624025,1.97006499924805,0.0,0.0,0.0,0.0,65.44783630719157,25.36754013698942,True,False,True,False,False,7.938573582274884
2025-02-06 17:00:00+00:00,32.39,32.39,32.39,32.39,0.0,31.03980481533426,32.57,32.13948683678702,"rgba(38, 166, 154, 1.0)",0.7920693617821448,32.08276323517701,0.3878912373680383,2,1.0039508687119083,2.0079017374238166,0.0,0.0,0.0,0.0,63.972161079999395,23.472272201179848,True,False,True,False,False,7.938573582274884
2025-02-07 17:00:00+00:00,31.8,31.8,31.515,31.515,55.0,31.050592821924088,32.08111111111111,31.952375358668384,"rgba(239, 83, 80, 1.0)",0.7975647450349234,31.92467455565715,-0.5136568011656647,2,1.023190061174998,2.046380122349996,0.0,0.0,0.0,0.0,50.38850900651421,10.598441556680832,True,False,False,True,False,0.0
2025-02-10 17:00:00+00:00,31.515,31.515,31.515,31.515,0.0,31.050592821924088,32.08111111111111,31.952375358668384,"rgba(239, 83, 80, 1.0)",0.8000007488735855,31.92467455565715,-0.51209271520555,3,0.8522486121414284,2.556745836424285,0.0,0.0,0.0,0.0,41.33274095752409,2.4941387251342064,False,False,False,True,False,0.0
2025-02-11 17:00:00+00:00,31.71,31.71,31.71,31.71,0.0,31.050592821924088,32.08111111111111,31.952375358668384,"rgba(239, 83, 80, 1.0)",0.8001026792214839,31.92467455565715,-0.2683087574035249,3,0.8713837550740288,2.614151265222086,0.0,0.0,0.0,0.0,39.10207100270594,0.6490175942573018,False,False,False,True,False,0.0
2025-02-12 17:00:00+00:00,31.71,31.71,31.71,31.71,0.0,31.050592821924088,32.08111111111111,31.952375358668384,"rgba(239, 83, 80, 1.0)",0.8016735029957673,31.92467455565715,-0.2677830249533405,3,0.8921502081116054,2.6764506243348163,0.0,0.0,0.0,0.0,37.61495769949384,-0.9045109949732435,False,False,False,True,False,0.0
2025-02-13 17:00:00+00:00,31.71,31.71,31.71,31.71,0.0,31.050592821924088,32.08111111111111,31.952375358668384,"rgba(239, 83, 80, 1.0)",0.8032339869788485,31.92467455565715,-0.2672627890965979,3,0.9147794879390391,2.744338463817117,0.0,0.0,0.0,0.0,36.62354883068578,-2.2985060121736254,False,False,False,True,False,0.0
2025-02-14 17:00:00+00:00,31.71,31.71,31.71,31.71,0.0,31.050592821924088,32.08111111111111,31.952375358668384,"rgba(239, 83, 80, 1.0)",0.8047841913175814,31.92467455565715,-0.26674797787178856,3,0.9395519736109489,2.8186559208328466,0.0,0.0,0.0,0.0,35.962609584813734,-3.5941242747151705,False,True,False,True,False,0.0
2025-02-17 17:00:00+00:00,31.71,31.71,31.71,31.71,0.0,31.050592821924088,32.08111111111111,31.952375358668384,"rgba(239, 83, 80, 1.0)",0.8074565394268359,31.92467455565715,-0.2658651520855002,3,0.9668109927120577,2.9004329781361733,0.0,0.0,0.0,0.0,35.52198342089904,-4.814613038525721,False,True,False,True,False,0.0
2025-02-18 17:00:00+00:00,31.71,31.71,31.71,31.71,0.0,31.050592821924088,32.08111111111111,31.952375358668384,"rgba(239, 83, 80, 1.0)",0.8100844856395978,31.92467455565715,-0.2650026749835263,3,0.9969822082388173,2.990946624716452,0.0,0.0,0.0,0.0,35.22823264495591,-5.964636942430893,False,True,False,True,False,0.0
2025-02-19 17:00:00+00:00,31.71,31.71,31.71,31.71,0.0,31.050592821924088,32.08111111111111,31.952375358668384,"rgba(239, 83, 80, 1.0)",0.8098382943916396,31.92467455565715,-0.26508323592972793,3,1.0306008363005856,3.0918025089017567,0.0,0.0,0.0,0.0,35.03239879432716,-7.041187426397002,False,True,False,True,False,0.0
2025-02-20 17:00:00+00:00,31.71,32.57,31.71,32.57,100.0,31.091588515685615,32.178333333333335,32.0815470549795,"rgba(38, 166, 154, 1.0)",0.807342526413078,32.103652507843734,0.5776327604445542,3,1.06989007723944,3.20967023171832,0.0,0.0,0.0,0.0,47.95981169647955,-10.378628176504584,False,False,False,False,True,9.516727199437309
2025-02-21 17:00:00+00:00,32.57,32.57,32.57,32.57,0.0,31.091588515685615,32.178333333333335,32.0815470549795,"rgba(38, 166, 154, 1.0)",0.8048146392826735,32.103652507843734,0.5794470793572039,4,1.007932851949109,4.031731407796436,0.0,0.0,0.0,0.0,56.57808696458114,-2.5523395402670985,True,False,True,False,True,9.516727199437309
2025-02-24 17:00:00+00:00,32.22,32.22,32.22,32.22,0.0,31.091588515685615,32.178333333333335,32.0815470549795,"rgba(38, 166, 154, 1.0)",0.8015119327736013,32.103652507843734,0.145160024946415,3,0.6232010940019448,1.8696032820058344,0.0,0.0,0.0,0.0,56.51944973154277,-2.5523395402670985,True,False,True,False,True,4.171837046872735
2025-02-25 17:00:00+00:00,32.06,32.06,32.06,32.06,0.0,31.091588515685615,32.178333333333335,32.0815470549795,"rgba(239, 83, 80, 1.0)",0.7984071812221644,32.103652507843734,-0.05467449300357005,3,0.6229642649423264,1.8688927948269791,0.0,0.0,0.0,0.0,54.44627699504024,-2.5523395402670985,True,False,True,False,True,1.9031930630928855
2025-02-26 17:00:00+00:00,32.06,32.06,32.06,32.06,0.0,31.091588515685615,32.178333333333335,32.0815470549795,"rgba(239, 83, 80, 1.0)",0.795130432951412,32.103652507843734,-0.054899807672685055,3,0.6227308738694018,1.8681926216082054,0.0,0.0,0.0,0.0,53.06416183737189,-2.5523395402670985,False,False,True,False,False,1.9031930630928855
2025-02-27 17:00:00+00:00,32.06,32.06,31.56,31.56,159.0,31.123482838492308,31.982652134423255,31.950590496212055,"rgba(239, 83, 80, 1.0)",0.7952549197505671,31.952560384262917,-0.49362836307387464,3,0.6197812412555905,1.8593437237667716,0.0,0.0,0.0,0.0,47.11822492003287,6.113768679339884,False,False,False,True,False,0.0
2025-02-28 17:00:00+00:00,31.56,31.64,31.56,31.64,1.0,31.123637511840847,31.98164855072464,31.949913471711312,"rgba(239, 83, 80, 1.0)",0.7941436375852984,31.95181298610253,-0.39264053924884507,3,0.6175466044930292,1.8526398134790876,0.0,0.0,0.0,0.0,44.259317697338545,3.220308150750782,False,False,False,True,False,0.0
2025-03-03 17:00:00+00:00,31.64,31.77,31.64,31.77,153.0,31.15142771084336,31.90676903390915,31.90184133554779,"rgba(239, 83, 80, 1.0)",0.7915859607985889,31.900090616555673,-0.16434174302994425,3,0.6162075662038383,1.848622698611515,0.0,0.0,0.0,0.0,44.10615901479135,2.70191160254916,False,False,False,True,False,0.0
2025-03-04 17:00:00+00:00,31.77,31.77,30.87,31.1,36.0,31.15244934445768,31.864105326152007,31.86827304894083,"rgba(239, 83, 80, 1.0)",0.7971792896330853,31.863962993933377,-0.9583327162011475,3,0.6086340366795618,1.8259021100386854,0.0,0.0,0.0,0.0,39.162915703666954,-2.3245897149919443,False,True,False,True,False,0.0
2025-03-05 17:00:00+00:00,30.72,30.8,30.72,30.8,3.0,31.152110747246198,31.858261904761907,31.863571184438364,"rgba(239, 83, 80, 1.0)",0.8080224162888768,31.858899652073628,-1.3104830147373772,3,0.5972812257002573,1.791843677100772,0.0,0.0,0.0,0.0,34.47069856930602,-6.941370043277118,False,True,False,True,False,0.0
2025-03-06 17:00:00+00:00,30.8,30.8,30.625,30.795,56.0,31.145352855051236,31.75660173160173,31.781008647996554,"rgba(239, 83, 80, 1.0)",0.817859665488231,31.770493245811874,-1.1927391543750236,3,0.5866769140496072,1.7600307421488215,0.0,0.0,0.0,0.0,31.32017355411525,-10.072080256557001,False,True,False,True,False,0.0
2025-03-07 17:00:00+00:00,30.795,30.795,30.795,30.795,0.0,31.145352855051236,31.75660173160173,31.781008647996554,"rgba(239, 83, 80, 1.0)",0.82661470702738,31.770493245811874,-1.1801063270696937,3,0.5768176926931322,1.7304530780793965,0.0,0.0,0.0,0.0,29.219823543988067,-12.294023640021607,False,True,False,True,False,0.0
2025-03-10 17:00:00+00:00,31.61,31.61,31.25,31.25,105.0,31.152053977272722,31.70030050855293,31.7343155561409,"rgba(239, 83, 80, 1.0)",0.8266290931595285,31.722156897799678,-0.571183498992284,3,0.5726059706524879,1.7178179119574635,0.0,0.0,0.0,0.0,33.70852573346072,-12.294023640021607,False,True,False,True,True,0.0
2025-03-11 17:00:00+00:00,31.25,31.25,30.5,30.67,76.0,31.144754356692616,31.615085738184856,31.66173475681263,"rgba(239, 83, 80, 1.0)",0.8362219736345576,31.646132215792633,-1.1673123244417598,3,0.5621083887120469,1.686325166136141,0.0,0.0,0.0,0.0,33.10747925847686,-12.294023640021607,False,True,False,True,True,0.0
2025-03-12 17:00:00+00:00,30.33,30.4,30.33,30.4,4.0,31.143900925925923,31.608901373283395,31.656438715978993,"rgba(239, 83, 80, 1.0)",0.8408532881854816,31.640576733817564,-1.4753783463161176,3,0.5486603423695857,1.6459810271087572,0.0,0.0,0.0,0.0,31.464445903858714,-12.294023640021607,False,True,False,True,True,0.0
2025-03-13 17:00:00+00:00,30.02,30.02,30.02,30.02,0.0,31.143900925925923,31.608901373283395,31.656438715978993,"rgba(239, 83, 80, 1.0)",0.8540220158776273,31.640576733817564,-1.8975819167286865,3,0.5307375280479202,1.5922125841437604,0.0,0.0,0.0,0.0,28.90299883132839,-13.445988111206255,False,True,False,True,False,0.0
2025-03-14 17:00:00+00:00,30.36,30.36,30.36,30.36,0.0,31.143900925925923,31.608901373283395,31.656438715978993,"rgba(239, 83, 80, 1.0)",0.8553920232931767,31.640576733817564,-1.497064151811316,3,0.5194044699175259,1.5582134097525775,0.0,0.0,0.0,0.0,30.645098264098152,-13.445988111206255,False,True,False,True,False,0.0
2025-03-17 17:00:00+00:00,30.36,30.97,30.36,30.95,132.0,31.130322436584493,31.488799571275454,31.5074144460649,"rgba(239, 83, 80, 1.0)",0.843348762455495,31.476946564494682,-0.6248263920616005,3,0.5152343331379052,1.5457029994137157,0.0,0.0,0.0,0.0,36.40715171967885,-13.445988111206255,False,True,False,True,True,0.0
2025-03-18 17:00:00+00:00,30.8,30.8,30.8,30.8,0.0,31.130322436584493,31.488799571275454,31.5074144460649,"rgba(239, 83, 80, 1.0)",0.8321402883285595,31.476946564494682,-0.8135005286841706,3,0.5099644787840871,1.5298934363522614,0.0,0.0,0.0,0.0,39.345160591500274,-18.136401203110992,False,True,False,True,True,0.0
2025-03-19 17:00:00+00:00,30.8,31.065,30.8,31.065,11.0,31.129870870068572,31.48283192090395,31.503042002249543,"rgba(239, 83, 80, 1.0)",0.8093469561909606,31.47275588515329,-0.5038085113364924,3,0.5066128749477875,1.5198386248433624,0.0,0.0,0.0,0.0,43.14846882203739,-14.447193879371937,False,True,False,True,True,0.0
2025-03-20 17:00:00+00:00,31.065,31.065,30.9,30.9,3.0,31.129730823990034,31.481159802886307,31.501767125560644,"rgba(239, 83, 80, 1.0)",0.7865924170945882,31.47151805085339,-0.7265745746245436,3,0.5022043572751068,1.5066130718253206,0.0,0.0,0.0,0.0,44.5659235269985,-12.940682717201312,False,True,False,True,True,0.0
2025-03-21 17:00:00+00:00,30.6,30.64,30.6,30.64,2.0,31.129462379935962,31.479358974358973,31.500125488268587,"rgba(239, 83, 80, 1.0)",0.7657879237388239,31.469818542981727,-1.0836140362860316,3,0.4958685207137303,1.4876055621411908,0.0,0.0,0.0,0.0,43.85394232080591,-12.940682717201312,False,True,False,True,True,0.0
2025-03-24 17:00:00+00:00,31.07,31.07,31.015,31.015,8.0,31.129257632232868,31.47563044235458,31.49748859680871,"rgba(239, 83, 80, 1.0)",0.7362914926591476,31.467350189819825,-0.6143629178521989,3,0.4925718271657857,1.477715481497357,0.0,0.0,0.0,0.0,46.169810967389324,-10.810418272880334,False,False,False,True,True,0.0
2025-03-25 17:00:00+00:00,31.015,31.015,31.015,31.015,0.0,31.129257632232868,31.47563044235458,31.49748859680871,"rgba(239, 83, 80, 1.0)",0.7037876932123702,31.467350189819825,-0.6427367147542983,3,0.4894120398746014,1.4682361196238043,0.0,0.0,0.0,0.0,47.71372339844493,-8.987886480332406,False,False,False,False,True,0.0
2025-03-26 17:00:00+00:00,31.015,31.015,31.015,31.015,0.0,31.129257632232868,31.47563044235458,31.49748859680871,"rgba(239, 83, 80, 1.0)",0.6858508886350682,31.467350189819825,-0.6595459702910935,3,0.48866832062135296,1.466004961864059,0.0,0.0,0.0,0.0,48.742998352482005,-7.615158235192851,False,False,False,False,True,0.0
2025-03-27 17:00:00+00:00,31.015,31.015,31.015,31.015,0.0,31.129257632232868,31.47563044235458,31.49748859680871,"rgba(239, 83, 80, 1.0)",0.6662120634704715,31.467350189819825,-0.678988290100025,3,0.4881396451568644,1.4644189354705932,0.0,0.0,0.0,0.0,49.42918165517338,-6.523456892958038,False,False,False,False,True,0.0
2025-03-28 17:00:00+00:00,30.87,30.87,30.87,30.87,0.0,31.129257632232868,31.47563044235458,31.49748859680871,"rgba(239, 83, 80, 1.0)",0.6466251751340849,31.467350189819825,-0.9237966797317428,3,0.48693528090517485,1.4608058427155246,0.0,0.0,0.0,0.0,48.48749945984762,-6.523456892958038,False,False,False,False,True,0.0
2025-03-31 17:00:00+00:00,30.89,30.97,30.89,30.97,26.0,31.127979464128327,31.4615513733469,31.486230734788556,"rgba(239, 83, 80, 1.0)",0.6412214765446101,31.45630921818977,-0.758410683326415,3,0.4865919193589723,1.4597757580769168,0.0,0.0,0.0,0.0,48.93194968732387,-6.181478153309143,False,False,False,False,True,0.0
2025-04-01 17:00:00+00:00,31.1,31.1,30.87,31.1,126.0,31.12460551006482,31.41176284941389,31.445515316957124,"rgba(38, 166, 154, 1.0)",0.6337431130461305,31.417083298690365,-0.5003341135594837,3,0.4871620351557666,1.4614861054672998,0.0,0.0,0.0,0.0,50.58260341337774,-4.212477908764676,True,False,False,False,True,0.0
2025-04-02 17:00:00+00:00,31.33,31.47,31.33,31.47,19.0,31.126050844580256,31.41195774231679,31.439919609063878,"rgba(38, 166, 154, 1.0)",0.6237714050562373,31.410494846286113,0.09539577036001026,3,0.48933451880831597,1.4680035564249478,0.0,0.0,0.0,0.0,54.84790725758895,0.021840575745095236,True,False,True,False,True,0.0
2025-04-03 17:00:00+00:00,29.36,29.36,29.27,29.28,103.0,31.079465260545906,31.235525318169515,31.186270064761253,"rgba(239, 83, 80, 1.0)",0.673971575576263,31.127704747616722,-2.7415173199802765,3,0.47252533601102037,1.417576008033061,0.0,0.0,0.0,0.0,45.47572373216292,1.0657967294845463,False,False,False,True,False,0.0
2025-04-04 17:00:00+00:00,29.28,29.28,29.28,29.28,0.0,31.079465260545906,31.235525318169515,31.186270064761253,"rgba(239, 83, 80, 1.0)",0.7205293161943932,31.127704747616722,-2.5643713671162054,4,0.8351022360638463,3.340408944255385,0.0,0.0,0.0,0.0,39.2276013818789,-4.292152263758169,False,True,False,True,False,0.0
2025-04-07 17:00:00+00:00,26.65,26.65,26.65,26.65,0.0,31.079465260545906,31.235525318169515,31.186270064761253,"rgba(239, 83, 80, 1.0)",0.9101577578333363,31.127704747616722,-4.919701786947422,4,0.7396646762817312,2.9586587051269246,0.0,0.0,0.0,0.0,30.89423665235458,-11.481679425998138,False,True,False,True,False,0.0
2025-04-08 17:00:00+00:00,26.65,26.65,26.65,26.65,0.0,31.079465260545906,31.235525318169515,31.186270064761253,"rgba(239, 83, 80, 1.0)",1.0629456140266245,31.127704747616722,-4.212543603857955,4,0.6727236826852605,2.690894730741042,0.0,0.0,0.0,0.0,25.338660166005027,-16.05460557751664,False,True,False,True,False,0.0
2025-04-09 17:00:00+00:00,26.26,26.26,26.26,26.26,0.0,31.079465260545906,31.235525318169515,31.186270064761253,"rgba(239, 83, 80, 1.0)",1.2142503229758284,31.127704747616722,-4.008814867503741,4,0.6152157930020943,2.460863172008377,0.0,0.0,0.0,0.0,21.252206066066872,-19.447787423428235,False,True,False,True,False,0.0
2025-04-10 17:00:00+00:00,26.26,26.26,26.26,26.26,0.0,31.079465260545906,31.235525318169515,31.186270064761253,"rgba(239, 83, 80, 1.0)",1.3453017779940408,31.127704747616722,-3.6182994977341676,4,0.5715786403838412,2.286314561535365,0.0,0.0,0.0,0.0,18.52790333277477,-21.82796590123433,False,True,False,True,False,0.0
2025-04-11 17:00:00+00:00,27.32,27.32,27.32,27.32,0.0,31.079465260545906,31.235525318169515,31.186270064761253,"rgba(239, 83, 80, 1.0)",1.4181949160182008,31.127704747616722,-2.6848952175822456,4,0.549552161403569,2.198208645614276,0.0,0.0,0.0,0.0,23.007364587308736,-21.82796590123433,False,True,False,True,True,0.0
2025-04-14 17:00:00+00:00,27.32,27.32,27.32,27.32,0.0,31.079465260545906,31.235525318169515,31.186270064761253,"rgba(239, 83, 80, 1.0)",1.4856100303115256,31.127704747616722,-2.5630580501790656,4,0.5306058961511477,2.122423584604591,0.0,0.0,0.0,0.0,25.993672090331383,-21.82796590123433,False,True,False,True,True,0.0
2025-04-15 17:00:00+00:00,27.32,27.32,27.32,27.32,0.0,31.079465260545906,31.235525318169515,31.186270064761253,"rgba(239, 83, 80, 1.0)",1.5482628655693282,31.127704747616722,-2.4593399688731474,4,0.5141441220689731,2.0565764882758923,0.0,0.0,0.0,0.0,27.98454375901315,-21.82796590123433,False,True,False,True,True,0.0
2025-04-16 17:00:00+00:00,27.32,27.32,27.32,27.32,0.0,31.079465260545906,31.235525318169515,31.186270064761253,"rgba(239, 83, 80, 1.0)",1.6067106261041781,31.127704747616722,-2.3698758729500256,4,0.5016062416834699,2.0064249667338796,0.0,0.0,0.0,0.0,29.311791538134326,-30.191712687576175,False,True,False,True,True,0.0
2025-04-17 17:00:00+00:00,27.32,27.32,27.32,27.32,0.0,31.079465260545906,31.235525318169515,31.186270064761253,"rgba(239, 83, 80, 1.0)",1.6613971733356263,31.127704747616722,-2.2918690417487007,4,0.4906233790361224,1.9624935161444896,0.0,0.0,0.0,0.0,30.196623390881776,-28.786884323937272,False,True,False,True,True,0.0
2025-04-18 17:00:00+00:00,27.32,27.32,27.32,27.32,0.0,31.079465260545906,31.235525318169515,31.186270064761253,"rgba(239, 83, 80, 1.0)",1.7126828356399018,31.127704747616722,-2.223239859932424,4,0.48097276240124603,1.9238910496049841,0.0,0.0,0.0,0.0,30.78651129271341,-27.563847136725514,False,True,False,True,True,0.0
2025-04-21 17:00:00+00:00,27.32,27.32,27.32,27.32,0.0,31.079465260545906,31.235525318169515,31.186270064761253,"rgba(239, 83, 80, 1.0)",1.7608647931683616,31.127704747616722,-2.1624060872756945,4,0.47247782117525183,1.8899112847010073,0.0,0.0,0.0,0.0,31.1797698939345,-26.470684515805694,False,True,False,True,True,0.0
2025-04-22 17:00:00+00:00,28.39,28.39,28.09,28.26,0.0,31.079465260545906,31.235525318169515,31.186270064761253,"rgba(38, 166, 154, 1.0)",1.7849562969389523,31.127704747616722,-1.606596616698453,4,0.46993141510386777,1.879725660415471,0.0,0.0,0.0,0.0,38.36550256712391,-19.249568360938426,False,False,False,True,True,0.0
2025-04-23 17:00:00+00:00,29.45,29.45,29.45,29.45,0.0,31.079465260545906,31.235525318169515,31.186270064761253,"rgba(38, 166, 154, 1.0)",1.7908507792425221,31.127704747616722,-0.9368199556672963,4,0.4729295719101621,1.8917182876406484,0.0,0.0,0.0,0.0,47.9302340567765,-10.314061754854777,True,False,False,False,True,0.0
2025-04-24 17:00:00+00:00,29.45,29.45,29.45,29.45,0.0,31.079465260545906,31.235525318169515,31.186270064761253,"rgba(38, 166, 154, 1.0)",1.79639735817789,31.127704747616722,-0.9339274186633413,4,0.476279330797143,1.905117323188572,0.0,0.0,0.0,0.0,54.306721716544885,-4.648154954082102,True,False,True,False,True,0.0
2025-04-25 17:00:00+00:00,29.45,29.45,29.45,29.45,0.0,31.079465260545906,31.235525318169515,31.186270064761253,"rgba(38, 166, 154, 1.0)",1.8015992470155178,31.127704747616722,-0.931230821946648,4,0.4800016980315247,1.9200067921260988,0.0,0.0,0.0,0.0,58.55771348972381,-0.9188390411532481,True,False,True,False,True,0.0
2025-04-28 17:00:00+00:00,29.45,29.45,29.45,29.45,0.0,31.079465260545906,31.235525318169515,31.186270064761253,"rgba(38, 166, 154, 1.0)",1.8064594234714162,31.127704747616722,-0.9287253983223881,4,0.4841209301843492,1.9364837207373968,0.0,0.0,0.0,0.0,61.39170800517643,1.6769455734291583,True,False,True,False,True,0.0
2025-04-29 17:00:00+00:00,29.45,29.45,29.45,29.45,0.0,31.079465260545906,31.235525318169515,31.186270064761253,"rgba(38, 166, 154, 1.0)",1.8109806387352423,31.127704747616722,-0.9264067830059204,4,0.48866502183081756,1.9546600873232702,0.0,0.0,0.0,0.0,63.28103768214485,3.613478443413676,True,False,True,False,True,0.0
2025-04-30 17:00:00+00:00,29.45,29.45,29.45,29.45,0.0,31.079465260545906,31.235525318169515,31.186270064761253,"rgba(38, 166, 154, 1.0)",1.815165425663059,31.127704747616722,-0.9242709914463452,3,0.5729280135842495,1.7187840407527486,0.0,0.0,0.0,0.0,64.5405908001238,5.163988662674285,True,False,True,False,True,0.0
2025-05-01 17:00:00+00:00,29.45,29.45,29.45,29.45,0.0,31.079465260545906,31.235525318169515,31.186270064761253,"rgba(38, 166, 154, 1.0)",1.8136818532655874,31.127704747616722,-0.925027035252057,3,0.5763515624110224,1.729054687233067,0.0,0.0,0.0,0.0,65.38029287877642,6.480997163779882,True,False,True,False,True,0.0
2025-05-02 17:00:00+00:00,29.45,29.45,29.45,29.45,0.0,31.079465260545906,31.235525318169515,31.186270064761253,"rgba(38, 166, 154, 1.0)",1.811560536271589,31.127704747616722,-0.9261102314966754,3,0.5801383189454196,1.7404149568362586,0.0,0.0,0.0,0.0,65.94009426454483,7.646266349941222,True,False,True,False,True,0.0
2025-05-05 17:00:00+00:00,29.45,29.45,29.45,29.45,0.0,31.079465260545906,31.235525318169515,31.186270064761253,"rgba(38, 166, 154, 1.0)",1.8087992308870786,31.127704747616722,-0.92752402752512,3,0.5813324410437809,1.7439973231313428,0.0,0.0,0.0,0.0,66.31329518839044,8.701399690237892,True,False,True,False,True,0.0
2025-05-06 17:00:00+00:00,29.45,29.45,29.45,29.45,0.0,31.079465260545906,31.235525318169515,31.186270064761253,"rgba(38, 166, 154, 1.0)",1.801899585747537,31.127704747616722,-0.9310756053704896,3,0.5827411403824275,1.7482234211472827,0.0,0.0,0.0,0.0,66.56209580428751,9.666232811000029,True,False,True,False,True,0.0
2025-05-07 17:00:00+00:00,29.45,29.45,29.45,29.45,0.0,31.079465260545906,31.235525318169515,31.186270064761253,"rgba(38, 166, 154, 1.0)",1.794174976652744,31.127704747616722,-0.9350842417536605,3,0.584369043878473,1.753107131635419,0.0,0.0,0.0,0.0,66.72796288155223,10.549608503383425,True,False,True,False,True,0.0
2025-05-08 17:00:00+00:00,29.695,29.695,29.695,29.695,0.0,31.079465260545906,31.235525318169515,31.186270064761253,"rgba(38, 166, 154, 1.0)",1.7809249722424536,31.127704747616722,-0.8044722657871038,3,0.5834159787272288,1.7502479361816865,0.0,0.0,0.0,0.0,68.87668027200796,13.189793843596284,True,False,True,False,True,0.0
2025-05-09 17:00:00+00:00,29.695,30.13,29.695,30.13,200.0,31.027717494089835,31.06074889354764,30.71907304924951,"rgba(38, 166, 154, 1.0)",1.7665397107196814,30.306976312323396,-0.10018247042479317,3,0.5834504451340602,1.7503513354021805,0.0,0.0,0.0,0.0,72.72780175853892,17.197818126455175,True,False,True,False,True,0.0
2025-05-12 17:00:00+00:00,31.43,31.43,31.43,31.43,0.0,31.027717494089835,31.06074889354764,30.71907304924951,"rgba(38, 166, 154, 1.0)",1.7510052891189531,30.306976312323396,0.6413593920334023,3,0.583239937920402,1.7497198137612058,0.0,0.0,0.0,0.0,78.40207638795371,22.626282427861724,True,False,True,False,True,7.1216460302109645
2025-05-13 17:00:00+00:00,31.53,31.595,31.53,31.595,50.0,31.034091510903423,31.078054242628856,30.839800371091023,"rgba(38, 166, 154, 1.0)",1.7366322591739536,30.547034577605775,0.6034469398217325,4,0.5467546388122777,2.187018555249111,0.0,0.0,0.0,0.0,82.40247095387488,26.300350685669173,True,False,True,False,True,8.062802253494478
2025-05-14 17:00:00+00:00,31.595,31.595,31.595,31.595,0.0,31.034091510903423,31.078054242628856,30.839800371091023,"rgba(38, 166, 154, 1.0)",1.7220206023607794,30.547034577605775,0.6085672964408968,4,0.5462767728441075,2.18510709137643,0.0,0.0,0.0,0.0,85.069400664489,28.73582339875732,True,False,True,False,True,8.062802253494478
2025-05-15 17:00:00+00:00,31.595,31.595,31.595,31.595,0.0,31.034091510903423,31.078054242628856,30.839800371091023,"rgba(38, 166, 154, 1.0)",1.707164191452188,30.547034577605775,0.6138632872229935,4,0.5458021049892438,2.183208419956975,0.0,0.0,0.0,0.0,86.8473538048984,30.441191837338437,True,False,True,False,True,8.062802253494478
2025-05-16 17:00:00+00:00,31.445,31.515,31.445,31.515,2.0,31.03430523120037,31.078612047651156,30.864297979555165,"rgba(38, 166, 154, 1.0)",1.695991067990256,30.613004064657936,0.5318400269707357,4,0.5454727830488614,2.1818911321954455,0.0,0.0,0.0,0.0,86.76378883825765,30.55906264356591,True,False,True,False,True,7.473722860300086
2025-05-19 17:00:00+00:00,31.515,31.515,31.515,31.515,0.0,31.03430523120037,31.078612047651156,30.864297979555165,"rgba(38, 166, 154, 1.0)",1.684661962509973,30.613004064657936,0.5354165734223519,4,0.5451451124344989,2.1805804497379957,0.0,0.0,0.0,0.0,86.70807886049715,30.874889610452684,True,False,True,False,True,7.473722860300086
2025-05-20 17:00:00+00:00,31.515,31.515,31.515,31.515,0.0,31.03430523120037,31.078612047651156,30.864297979555165,"rgba(38, 166, 154, 1.0)",1.673173706538648,30.613004064657936,0.5390928221123285,4,0.5448190856557642,2.179276342623057,0.0,0.0,0.0,0.0,86.67093887532349,31.305146841337688,True,False,True,False,True,7.473722860300086
2025-05-21 17:00:00+00:00,31.515,31.515,30.625,30.625,85.0,31.032112815815587,31.070104166666667,30.833683736749578,"rgba(239, 83, 80, 1.0)",1.655924436300994,30.617374000706683,0.004605282177218417,4,0.5451690610812985,2.180676244325194,0.0,0.0,0.0,0.0,75.09673320134438,31.106179903091103,True,False,True,False,False,1.0948450689184739
2025-05-22 17:00:00+00:00,30.625,30.625,30.625,30.625,0.0,31.032112815815587,31.070104166666667,30.833683736749578,"rgba(239, 83, 80, 1.0)",1.6381509764431503,30.617374000706683,0.0046552481443898645,5,0.46212843237479895,2.3106421618739947,0.0,0.0,0.0,0.0,67.3805960853583,24.333217618000774,True,False,True,False,False,1.0948450689184739
2025-05-23 17:00:00+00:00,30.625,30.625,30.445,30.445,1.0,31.03199213980464,31.0697439983004,30.83283937736901,"rgba(239, 83, 80, 1.0)",1.6317946043024705,30.585900672375352,-0.0863470635359661,5,0.4623930764711394,2.311965382355697,0.0,0.0,0.0,0.0,60.62781056946244,18.581237684162062,True,False,True,False,False,0.0
2025-05-26 17:00:00+00:00,30.445,30.445,30.445,30.445,0.0,31.03199213980464,31.0697439983004,30.83283937736901,"rgba(239, 83, 80, 1.0)",1.6252864556942226,30.585900672375352,-0.08669282382911878,5,0.4626708627324995,2.3133543136624977,0.0,0.0,0.0,0.0,56.12595355886519,14.851944862553125,False,False,True,False,False,0.0
2025-05-27 17:00:00+00:00,30.445,30.445,30.445,30.445,0.0,31.03199213980464,31.0697439983004,30.83283937736901,"rgba(239, 83, 80, 1.0)",1.6163631181543814,30.585900672375352,-0.08717142255524692,5,0.46296186118354576,2.314809305917729,0.0,0.0,0.0,0.0,53.124715551800364,12.296232084999794,False,False,False,False,False,0.0
2025-05-28 17:00:00+00:00,30.445,30.445,30.445,30.445,0.0,31.03199213980464,31.0697439983004,30.83283937736901,"rgba(239, 83, 80, 1.0)",1.607210856962696,30.585900672375352,-0.08766782016494458,5,0.4632333106457273,2.3161665532286366,0.0,0.0,0.0,0.0,51.123890213757136,10.41376476632027,False,False,False,False,False,0.0
2025-05-29 17:00:00+00:00,30.64,30.64,30.64,30.64,0.0,31.03199213980464,31.0697439983004,30.83283937736901,"rgba(239, 83, 80, 1.0)",1.5984060416158024,30.585900672375352,0.0338457977610996,5,0.4635560699527542,2.3177803497637712,0.0,0.0,0.0,0.0,52.23701784274709,10.41376476632027,False,False,False,False,False,1.2632831307917058
2025-05-30 17:00:00+00:00,30.64,30.64,30.64,30.64,0.0,31.03199213980464,31.0697439983004,30.83283937736901,"rgba(239, 83, 80, 1.0)",1.5894226726810137,30.585900672375352,0.03403709318767568,5,0.4638863890779417,2.3194319453897085,0.0,0.0,0.0,0.0,52.979102928740396,10.41376476632027,False,False,True,False,False,1.2632831307917058
2025-06-02 17:00:00+00:00,30.64,30.64,30.61,30.61,349.0,31.001509787294186,30.987908411539795,30.706474561696098,"rgba(239, 83, 80, 1.0)",1.580139211565852,30.594768661104958,0.009639238608570558,5,0.4642233588661586,2.321116794330793,0.0,0.0,0.0,0.0,52.995995218223996,10.41376476632027,False,False,True,False,False,1.038238960180113
2025-06-03 17:00:00+00:00,30.61,31.08,30.61,31.08,36.0,31.000917666035487,30.986718696690545,30.719500742102696,"rgba(38, 166, 154, 1.0)",1.5734643249791227,30.615410453919186,0.29526538270067043,5,0.46439413225205833,2.3219706612602917,0.0,0.0,0.0,0.0,57.968745803410066,10.41376476632027,False,False,True,False,True,4.370133032379087
2025-06-04 17:00:00+00:00,31.08,31.08,31.08,31.08,0.0,31.000917666035487,30.986718696690545,30.719500742102696,"rgba(38, 166, 154, 1.0)",1.566715356728539,30.615410453919186,0.2965373027624641,6,0.4243379064148172,2.5460274384889034,0.0,0.0,0.0,0.0,61.28391286020078,3.5302187673743504,True,False,True,False,True,4.370133032379087
2025-06-05 17:00:00+00:00,31.08,31.08,31.08,31.08,0.0,31.000917666035487,30.986718696690545,30.719500742102696,"rgba(38, 166, 154, 1.0)",1.5448587561898988,30.615410453919186,0.30073270078530334,6,0.4256683591732373,2.554010155039424,0.0,0.0,0.0,0.0,63.49402423139459,5.906974310884429,True,False,True,False,True,4.370133032379087
2025-06-06 17:00:00+00:00,31.08,31.12,31.08,31.12,100.0,31.003096709938866,30.99255842259006,30.76894404748881,"rgba(38, 166, 154, 1.0)",1.5227783758584197,30.688269507097598,0.2835149879633853,6,0.42699290201675794,2.5619574121005475,0.0,0.0,0.0,0.0,65.36294113947508,7.999133795259688,True,False,True,False,True,4.656676644705289
2025-06-09 17:00:00+00:00,31.33,31.33,31.33,31.33,0.0,31.003096709938866,30.99255842259006,30.76894404748881,"rgba(38, 166, 154, 1.0)",1.509499087610032,30.688269507097598,0.4251281091653014,6,0.42812565146246895,2.5687539087748137,0.0,0.0,0.0,0.0,68.45521667819256,11.21960932270268,True,False,True,False,True,6.152983601536565
2025-06-10 17:00:00+00:00,31.33,31.33,31.33,31.33,0.0,31.003096709938866,30.99255842259006,30.76894404748881,"rgba(38, 166, 154, 1.0)",1.498974724678588,30.688269507097598,0.4281129510305794,6,0.43002548703712723,2.5801529222227635,0.0,0.0,0.0,0.0,70.5167337040042,13.446446932937079,True,False,True,False,True,6.152983601536576
2025-06-11 17:00:00+00:00,31.33,31.545,31.33,31.545,100.0,31.01259068577966,31.01487852058186,30.867344079252245,"rgba(38, 166, 154, 1.0)",1.4909649001010576,30.836515211525978,0.4751854241679352,6,0.431653345881801,2.589920075290806,0.0,0.0,0.0,0.0,73.4845004402195,16.50605364040412,True,False,True,False,True,7.679536725324958
2025-06-12 17:00:00+00:00,31.545,31.545,31.42,31.42,2.0,31.01277194752775,31.015292980828693,30.892851871632054,"rgba(38, 166, 154, 1.0)",1.4891715364137499,30.884333874053937,0.3597074701253464,6,0.43416291252603467,2.604977475156208,0.0,0.0,0.0,0.0,72.55738107755889,16.50605364040412,True,False,True,False,True,6.606054990887497
2025-06-13 17:00:00+00:00,31.42,31.42,31.42,31.42,0.0,31.01277194752775,31.015292980828693,30.892851871632054,"rgba(38, 166, 154, 1.0)",1.4862642114732931,30.884333874053937,0.3604111044395491,6,0.43643773241204054,2.618626394472243,0.0,0.0,0.0,0.0,71.9393015024518,16.50605364040412,True,False,True,False,True,6.606054990887497
2025-06-16 17:00:00+00:00,31.42,31.42,31.42,31.42,0.0,31.01277194752775,31.015292980828693,30.892851871632054,"rgba(38, 166, 154, 1.0)",1.4814075209891662,30.884333874053937,0.3615926869254652,6,0.4397292577508587,2.638375546505152,0.0,0.0,0.0,0.0,71.5272484523804,16.50605364040412,True,False,True,False,True,6.606054990887497
2025-06-17 17:00:00+00:00,31.42,31.42,31.42,31.42,0.0,31.01277194752775,31.015292980828693,30.892851871632054,"rgba(38, 166, 154, 1.0)",1.484873844248513,30.884333874053937,0.3607485767366069,6,0.44312516358627757,2.6587509815176653,0.0,0.0,0.0,0.0,71.25254641899949,16.50605364040412,True,False,True,False,True,6.606054990887497
2025-06-18 17:00:00+00:00,31.42,31.42,31.42,31.42,0.0,31.01277194752775,31.015292980828693,30.892851871632054,"rgba(38, 166, 154, 1.0)",1.4906888878503066,30.884333874053937,0.3593413289063547,6,0.44663043662327234,2.679782619739634,0.0,0.0,0.0,0.0,71.06941173007885,16.50605364040412,True,False,True,False,True,6.606054990887497
2025-06-19 17:00:00+00:00,31.42,31.42,31.42,31.42,0.0,31.01277194752775,31.015292980828693,30.892851871632054,"rgba(38, 166, 154, 1.0)",1.4964670044793902,30.884333874053937,0.3579538501969306,6,0.45025040872399935,2.701502452343996,0.0,0.0,0.0,0.0,70.94732193746512,16.550792292551293,True,False,True,False,True,6.606054990887497
2025-06-20 17:00:00+00:00,31.42,31.42,31.42,31.42,0.0,31.01277194752775,31.015292980828693,30.892851871632054,"rgba(38, 166, 154, 1.0)",1.502176043233578,30.884333874053937,0.3565934421327825,6,0.45290396436448693,2.7174237861869215,0.0,0.0,0.0,0.0,70.86592874238929,16.966289274161667,True,False,True,False,False,6.606054990887497
2025-06-23 17:00:00+00:00,31.42,31.42,31.42,31.42,0.0,31.01277194752775,31.015292980828693,30.892851871632054,"rgba(38, 166, 154, 1.0)",1.5040645771549424,30.884333874053937,0.35614569619033254,6,0.4556241322585799,2.7337447935514794,0.0,0.0,0.0,0.0,70.81166661233874,17.38059622291435,True,False,True,False,False,6.606054990887497
2025-06-24 17:00:00+00:00,31.42,31.42,31.42,31.42,0.0,31.01277194752775,31.015292980828693,30.892851871632054,"rgba(38, 166, 154, 1.0)",1.5103823512100738,30.884333874053937,0.35465597536736654,6,0.4584133985085379,2.7504803910512274,0.0,0.0,0.0,0.0,70.77549185897169,17.77793102022163,True,False,True,False,False,6.606054990887497
2025-06-25 17:00:00+00:00,31.42,31.42,31.04,31.13,169.0,31.018837171480616,31.028476702508957,30.931383021272676,"rgba(239, 83, 80, 1.0)",1.5146196204310238,30.943791895358373,0.12294050739197175,6,0.46175676805891497,2.77054060835349,0.0,0.0,0.0,0.0,60.76729290652534,14.368325094538463,False,True,True,False,False,3.7605543194596898
2025-06-26 17:00:00+00:00,31.13,31.385,31.13,31.385,47.0,31.02139270289435,31.03385680157392,30.948029266236695,"rgba(239, 83, 80, 1.0)",1.5215843805149458,30.962933875229027,0.277385947290111,6,0.4647775204712386,2.7886651228274317,0.0,0.0,0.0,0.0,59.92749537060631,13.854687688219165,False,True,True,False,False,5.92174831856012
2025-06-27 17:00:00+00:00,31.385,31.385,31.385,31.385,0.0,31.02139270289435,31.03385680157392,30.948029266236695,"rgba(239, 83, 80, 1.0)",1.5281905245352438,30.962933875229027,0.2761868484293439,5,0.49870585016236574,2.4935292508118287,0.0,0.0,0.0,0.0,59.367630346660285,13.402463956907063,False,True,True,False,False,5.92174831856012
2025-06-30 17:00:00+00:00,31.385,31.47,31.385,31.47,1.0,31.021473962361437,31.03402865571007,30.94855005359032,"rgba(38, 166, 154, 1.0)",1.5330315752817472,30.963539649945805,0.3303652437563882,5,0.49881207269546185,2.4940603634773093,0.0,0.0,0.0,0.0,60.53619573642041,13.402463956907063,False,True,True,False,False,6.6415158289976866
2025-07-01 17:00:00+00:00,31.47,31.47,31.47,31.47,0.0,31.021473962361437,31.03402865571007,30.94855005359032,"rgba(38, 166, 154, 1.0)",1.538758733993561,30.963539649945805,0.32913564606699,5,0.49943503976523634,2.4971751988261817,0.0,0.0,0.0,0.0,61.31523932959382,13.402463956907063,False,True,True,False,True,6.6415158289976866
2025-07-02 17:00:00+00:00,31.47,31.47,31.47,31.47,0.0,31.021473962361437,31.03402865571007,30.94855005359032,"rgba(38, 166, 154, 1.0)",1.5426550763812075,30.963539649945805,0.328304335692629,5,0.5000616936093125,2.500308468046563,0.0,0.0,0.0,0.0,61.83460172504276,13.402463956907063,False,True,True,False,True,6.6415158289976866
2025-07-03 17:00:00+00:00,32.655,32.655,32.655,32.655,0.0,31.021473962361437,31.03402865571007,30.94855005359032,"rgba(38, 166, 154, 1.0)",1.5669458357748927,30.963539649945805,1.079463189752011,5,0.4963303271044153,2.4816516355220766,0.0,0.0,0.0,0.0,70.68786223700504,16.21464992158093,True,False,True,False,True,15.781209360004933
2025-07-04 17:00:00+00:00,32.655,32.655,32.655,32.655,0.0,31.021473962361437,31.03402865571007,30.94855005359032,"rgba(38, 166, 154, 1.0)",1.5917272532216924,30.963539649945805,1.0626571522417814,5,0.492701233221129,2.463506166105645,0.0,0.0,0.0,0.0,76.59003591164655,21.299352812744985,True,False,True,False,True,15.781209360004922
2025-07-07 17:00:00+00:00,32.655,32.655,32.655,32.655,0.0,31.021473962361437,31.03402865571007,30.94855005359032,"rgba(38, 166, 154, 1.0)",1.6138572589458702,30.963539649945805,1.048085473903073,5,0.48917014436081246,2.4458507218040624,0.0,0.0,0.0,0.0,80.52481836140757,24.52910304006039,True,False,True,False,True,15.781209360004933
2025-07-08 17:00:00+00:00,32.655,32.655,32.655,32.655,0.0,31.021473962361437,31.03402865571007,30.94855005359032,"rgba(38, 166, 154, 1.0)",1.6353915832700912,30.963539649945805,1.0342846125403138,5,0.48573303948166363,2.428665197408318,0.0,0.0,0.0,0.0,83.14800666124825,26.6785805004057,True,False,True,False,True,15.781209360004922
2025-07-09 17:00:00+00:00,32.655,32.655,32.655,32.655,0.0,31.021473962361437,31.03402865571007,30.94855005359032,"rgba(38, 166, 154, 1.0)",1.6563534597976994,30.963539649945805,1.0211952889939233,5,0.48238612612612985,2.4119306306306494,0.0,0.0,0.0,0.0,84.89679886114203,28.208095589466765,True,False,True,False,True,15.781209360004922
2025-07-10 17:00:00+00:00,32.655,32.655,32.655,32.655,0.0,31.021473962361437,31.03402865571007,30.94855005359032,"rgba(38, 166, 154, 1.0)",1.6767643578367646,30.963539649945805,1.008764494634411,4,0.5224305535298784,2.0897222141195138,0.0,0.0,0.0,0.0,86.06266032773789,29.38458168933711,True,False,True,False,True,15.781209360004922
2025-07-11 17:00:00+00:00,32.655,32.655,32.655,32.655,0.0,31.021473962361437,31.03402865571007,30.94855005359032,"rgba(38, 166, 154, 1.0)",1.6973468910238985,30.963539649945805,0.9965319163685209,4,0.5220270456467975,2.08810818258719,0.0,0.0,0.0,0.0,86.83990130546846,30.358021480126325,True,False,True,False,True,15.781209360004922
2025-07-14 17:00:00+00:00,32.655,32.655,32.655,32.655,0.0,31.021473962361437,31.03402865571007,30.94855005359032,"rgba(38, 166, 154, 1.0)",1.7169062633461218,30.963539649945805,0.9851792064394167,4,0.5201495488144643,2.080598195257857,0.0,0.0,0.0,0.0,87.35806195728884,31.209208500135887,True,False,True,False,True,15.781209360004922
2025-07-15 17:00:00+00:00,32.655,32.655,32.655,32.655,0.0,31.021473962361437,31.03402865571007,30.94855005359032,"rgba(38, 166, 154, 1.0)",1.7352865822458687,30.963539649945805,0.9747440955055673,4,0.5177258569501492,2.0709034278005967,0.0,0.0,0.0,0.0,87.70350239183576,31.979195905155308,True,False,True,False,True,15.781209360004922
2025-07-16 17:00:00+00:00,32.655,32.655,32.655,32.655,0.0,31.021473962361437,31.03402865571007,30.94855005359032,"rgba(38, 166, 154, 1.0)",1.7506895501204451,30.963539649945805,0.966168073567256,4,0.5153434453868568,2.0613737815474273,0.0,0.0,0.0,0.0,87.93379601486703,32.68714248645307,True,False,True,False,True,15.781209360004912
2025-07-17 17:00:00+00:00,32.655,32.655,32.655,32.655,0.0,31.021473962361437,31.03402865571007,30.94855005359032,"rgba(38, 166, 154, 1.0)",1.7649890079539376,30.963539649945805,0.9583404442926365,4,0.5116459551101744,2.0465838204406976,0.0,0.0,0.0,0.0,88.08732509688788,33.34088269469895,True,False,True,False,True,15.781209360004912
2025-07-18 17:00:00+00:00,32.655,32.655,32.655,32.655,0.0,31.021473962361437,31.03402865571007,30.94855005359032,"rgba(38, 166, 154, 1.0)",1.7780196190609914,30.963539649945805,0.9513170338061238,4,0.5082262604539796,2.0329050418159182,0.0,0.0,0.0,0.0,88.18967781823511,33.94299296078303,True,False,True,False,True,15.781209360004912
2025-07-21 17:00:00+00:00,32.655,32.655,32.18,32.18,10.0,31.024015180753896,31.0395020282557,31.9776711800302,"rgba(239, 83, 80, 1.0)",1.7309221413626572,32.204825928668996,-0.014342602752456416,4,0.5070169444526742,2.028067777810697,0.0,0.0,0.0,0.0,72.6104772599288,27.925369950281834,True,False,True,False,False,9.977501811950393
2025-07-22 17:00:00+00:00,32.18,32.18,32.18,32.18,0.0,31.024015180753896,31.0395020282557,31.9776711800302,"rgba(239, 83, 80, 1.0)",1.6792286946717638,32.204825928668996,-0.0147841260382038,4,0.5046271160812522,2.018508464325009,0.0,0.0,0.0,0.0,62.224343554391254,19.04890692074055,False,True,True,False,False,9.977501811950404
2025-07-23 17:00:00+00:00,32.18,32.18,32.18,32.18,0.0,31.024015180753896,31.0395020282557,31.9776711800302,"rgba(239, 83, 80, 1.0)",1.6086270571543413,32.204825928668996,-0.015432992102540429,4,0.5020726714678994,2.0082906858715974,0.0,0.0,0.0,0.0,55.300254417366226,13.510433395401648,False,True,False,False,False,9.977501811950404
2025-07-24 17:00:00+00:00,32.18,32.18,32.18,32.18,0.0,31.024015180753896,31.0395020282557,31.9776711800302,"rgba(239, 83, 80, 1.0)",1.5306611890538362,32.204825928668996,-0.016219088095087663,4,0.4995924555640045,1.998369822256018,0.0,0.0,0.0,0.0,50.684194992682876,9.914366745544342,False,True,False,True,False,9.977501811950404
2025-07-25 17:00:00+00:00,32.18,32.18,32.18,32.18,0.0,31.024015180753896,31.0395020282557,31.9776711800302,"rgba(239, 83, 80, 1.0)",1.4839702044069467,32.204825928668996,-0.016729398336482924,4,0.4971861596278,1.9887446385112,0.0,0.0,0.0,0.0,47.606822042893974,7.428319596508537,False,True,False,True,False,9.977501811950404
2025-07-28 17:00:00+00:00,32.18,32.18,32.18,32.18,0.0,31.024015180753896,31.0395020282557,31.9776711800302,"rgba(239, 83, 80, 1.0)",1.4327944346248414,32.204825928668996,-0.017326929857524292,4,0.4952011308109859,1.9808045232439435,0.0,0.0,0.0,0.0,45.55524007636804,5.567484436972592,False,True,False,True,False,9.977501811950404
2025-07-29 17:00:00+00:00,32.18,32.18,32.18,32.18,0.0,31.024015180753896,31.0395020282557,31.9776711800302,"rgba(239, 83, 80, 1.0)",1.3766338106586933,32.204825928668996,-0.01803379263009461,4,0.4928956794681889,1.9715827178727556,0.0,0.0,0.0,0.0,44.187518765350745,4.058123439106453,False,True,False,True,False,9.977501811950404
2025-07-30 17:00:00+00:00,32.18,32.18,32.18,32.18,0.0,31.024015180753896,31.0395020282557,31.9776711800302,"rgba(239, 83, 80, 1.0)",1.3148497396424672,32.204825928668996,-0.018881190694646558,4,0.49072522423319526,1.962900896932781,0.0,0.0,0.0,0.0,43.275704558005884,2.7520170659625762,False,True,False,True,False,9.977501811950404
2025-07-31 17:00:00+00:00,32.18,32.18,32.18,32.18,0.0,31.024015180753896,31.0395020282557,31.9776711800302,"rgba(239, 83, 80, 1.0)",1.2466063771132752,32.204825928668996,-0.019914809618160608,4,0.48897027807343996,1.9558811122937598,0.0,0.0,0.0,0.0,42.66782841977598,1.5735290551260306,False,True,False,True,False,9.977501811950404
2025-08-01 17:00:00+00:00,32.18,32.18,32.18,32.18,0.0,31.024015180753896,31.0395020282557,31.9776711800302,"rgba(239, 83, 80, 1.0)",1.1707747492637255,32.204825928668996,-0.02120470114734562,4,0.48700305132851246,1.9480122053140498,0.0,0.0,0.0,0.0,42.26257766095604,0.487383748305831,False,True,False,True,False,9.977501811950404
2025-08-04 17:00:00+00:00,32.18,32.18,32.18,32.18,0.0,31.024015180753896,31.0395020282557,31.9776711800302,"rgba(239, 83, 80, 1.0)",1.0857660889897172,32.204825928668996,-0.022864895966769244,4,0.48506060321378514,1.9402424128551405,0.0,0.0,0.0,0.0,41.99241048840942,-0.5205314612002852,False,True,False,True,False,9.977501811950404
2025-08-05 17:00:00+00:00,32.18,32.18,32.18,32.18,0.0,31.024015180753896,31.0395020282557,31.9776711800302,"rgba(239, 83, 80, 1.0)",1.0333236500563572,32.204825928668996,-0.024025317399482535,4,0.48312666281167777,1.932506651246711,0.0,0.0,0.0,0.0,41.812299040045005,-1.4542728303979473,False,True,False,True,False,9.977501811950404
2025-08-06 17:00:00+00:00,32.18,32.18,32.18,32.18,0.0,31.024015180753896,31.0395020282557,31.9776711800302,"rgba(239, 83, 80, 1.0)",1.0153786317260145,32.204825928668996,-0.02444992231793856,4,0.4813431271078054,1.9253725084312217,0.0,0.0,0.0,0.0,41.69222474113539,-2.3139999739321624,False,True,False,True,False,9.977501811950404
2025-08-07 17:00:00+00:00,32.18,32.18,32.18,32.18,0.0,31.024015180753896,31.0395020282557,31.9776711800302,"rgba(239, 83, 80, 1.0)",0.9957630421119597,32.204825928668996,-0.024931562650027005,4,0.47953193290669294,1.9181277316267717,0.0,0.0,0.0,0.0,41.61217520852898,-3.0991733852349697,False,True,False,True,False,9.977501811950404
2025-08-08 17:00:00+00:00,32.18,32.18,32.18,32.18,0.0,31.024015180753896,31.0395020282557,31.9776711800302,"rgba(239, 83, 80, 1.0)",0.9743759934320043,32.204825928668996,-0.025478797544623875,4,0.4777644612844956,1.9110578451379825,0.0,0.0,0.0,0.0,41.558808853458046,-3.810028443413948,False,True,False,True,False,9.977501811950404
2025-08-11 17:00:00+00:00,32.18,32.18,32.18,32.18,0.0,31.024015180753896,31.0395020282557,31.9776711800302,"rgba(239, 83, 80, 1.0)",0.951097990423393,32.204825928668996,-0.02610238789164535,4,0.4760917505254174,1.9043670021016696,0.0,0.0,0.0,0.0,41.52323128341075,-4.4480875345707815,False,True,False,True,False,9.977501811950404
2025-08-12 17:00:00+00:00,32.18,32.18,32.18,32.18,0.0,31.024015180753896,31.0395020282557,31.9776711800302,"rgba(239, 83, 80, 1.0)",0.925786405424328,32.204825928668996,-0.026816043661406976,4,0.4744595598962439,1.8978382395849756,0.0,0.0,0.0,0.0,41.49951290337923,-5.016169497390003,False,True,False,True,False,9.977501811950404
2025-08-13 17:00:00+00:00,32.18,33.515,32.18,33.515,123.0,31.07145271756205,31.13916334131418,33.06449874686718,"rgba(38, 166, 154, 1.0)",0.9244998988983687,33.07,0.481341318187553,4,0.468336367268817,1.873345469075268,0.0,0.0,0.0,0.0,59.380632619920675,4.595968445989108,False,True,True,False,True,20.0
2025-08-14 17:00:00+00:00,33.145,33.145,33.145,33.145,0.0,31.07145271756205,31.13916334131418,33.06449874686718,"rgba(38, 166, 154, 1.0)",0.9104366985035336,33.07,0.08237805014151871,4,0.4640057494469267,1.8560229977877067,0.0,0.0,0.0,0.0,64.24960092806529,8.33720468246802,False,False,True,False,True,17.814193858013148
2025-08-15 17:00:00+00:00,33.145,33.145,33.145,33.145,0.0,31.07145271756205,31.13916334131418,33.06449874686718,"rgba(38, 166, 154, 1.0)",0.8934035436978774,33.07,0.0839486260481698,4,0.45984294923667524,1.839371796946701,0.0,0.0,0.0,0.0,67.4955798001617,10.773332991312635,True,False,True,False,True,17.814193858013148
2025-08-18 17:00:00+00:00,33.145,33.145,33.145,33.145,0.0,31.07145271756205,31.13916334131418,33.06449874686718,"rgba(38, 166, 154, 1.0)",0.873226656025128,33.07,0.0858883538225895,4,0.4558750604699129,1.8235002418796515,0.0,0.0,0.0,0.0,69.65956571489265,12.471505826443291,True,False,True,False,True,17.814193858013148
2025-08-19 17:00:00+00:00,33.145,33.145,33.145,33.145,0.0,31.07145271756205,31.13916334131418,33.06449874686718,"rgba(38, 166, 154, 1.0)",0.8496821080172985,33.07,0.08826830563139966,4,0.45210439557728604,1.8084175823091442,0.0,0.0,0.0,0.0,71.10222299137995,13.759299399875651,True,False,True,False,True,17.814193858013148
2025-08-20 17:00:00+00:00,33.145,33.145,33.145,33.145,0.0,31.07145271756205,31.13916334131418,33.06449874686718,"rgba(38, 166, 154, 1.0)",0.8224807399371759,33.07,0.09118754562657798,4,0.44868339996666173,1.794733599866647,0.0,0.0,0.0,0.0,72.06399450903814,14.819497939473038,True,False,True,False,True,17.81419385801316
2025-08-21 17:00:00+00:00,33.145,33.145,33.145,33.145,0.0,31.07145271756205,31.13916334131418,33.06449874686718,"rgba(38, 166, 154, 1.0)",0.8006161309823998,33.07,0.093677852715725,3,0.23950719610451995,0.7185215883135598,0.0,0.0,0.0,0.0,72.70517552081027,15.749334006891644,True,False,True,False,True,17.81419385801316
2025-08-22 17:00:00+00:00,33.145,33.145,33.145,33.145,0.0,31.07145271756205,31.13916334131418,33.06449874686718,"rgba(38, 166, 154, 1.0)",0.7900529575134281,33.07,0.09493034522148233,3,0.2387944629399986,0.7163833888199957,0.0,0.0,0.0,0.0,73.13262952865837,16.597015510125416,True,False,True,False,True,17.814193858013148
2025-08-25 17:00:00+00:00,33.145,33.145,33.145,33.145,0.0,31.07145271756205,31.13916334131418,33.06449874686718,"rgba(38, 166, 154, 1.0)",0.8020553551924159,33.07,0.09350975529863531,3,0.24450679893507243,0.7335203968052173,0.0,0.0,0.0,0.0,73.41759886722376,17.383858072622417,True,False,True,False,True,17.814193858013148
2025-08-26 17:00:00+00:00,33.145,33.145,33.145,33.145,0.0,31.07145271756205,31.13916334131418,33.06449874686718,"rgba(38, 166, 154, 1.0)",0.8143142253809016,33.07,0.09210203833160477,3,0.2510190673526469,0.7530572020579407,0.0,0.0,0.0,0.0,73.60757842626735,18.117388170861943,True,False,True,False,True,17.814193858013148
2025-08-27 17:00:00+00:00,33.145,33.145,33.145,33.145,0.0,31.07145271756205,31.13916334131418,33.06449874686718,"rgba(38, 166, 154, 1.0)",0.825867275509084,33.07,0.09081362371910315,3,0.260270258480386,0.780810775441158,0.0,0.0,0.0,0.0,73.73423146562975,18.7988558615897,True,False,True,False,True,17.814193858013148
2025-08-28 17:00:00+00:00,33.145,33.145,33.145,33.145,0.0,31.07145271756205,31.13916334131418,33.06449874686718,"rgba(38, 166, 154, 1.0)",0.8367437421876134,33.07,0.08963317706317123,3,0.2711487182583147,0.8134461547749441,0.0,0.0,0.0,0.0,73.81866682520467,19.427344086242584,True,False,True,False,True,17.81419385801316
2025-08-29 17:00:00+00:00,33.145,33.145,33.145,33.145,0.0,31.07145271756205,31.13916334131418,33.06449874686718,"rgba(38, 166, 154, 1.0)",0.8464399852610286,33.07,0.08860640010629228,3,0.27819815342414855,0.8345944602724457,0.0,0.0,0.0,0.0,73.87495706492129,20.001852045195903,True,False,True,False,True,17.81419385801316
2025-09-01 17:00:00+00:00,33.145,33.145,33.145,33.145,0.0,31.07145271756205,31.13916334131418,33.06449874686718,"rgba(38, 166, 154, 1.0)",0.8554669869526281,33.07,0.08767141355994372,3,0.28626821630617594,0.8588046489185278,0.0,0.0,0.0,0.0,73.91248389139903,20.522209730126377,True,False,True,False,True,17.81419385801316
2025-09-02 17:00:00+00:00,33.145,33.145,33.145,33.145,0.0,31.07145271756205,31.13916334131418,33.06449874686718,"rgba(38, 166, 154, 1.0)",0.8638457278018364,33.07,0.08682105795770934,3,0.2955688021264535,0.8867064063793604,0.0,0.0,0.0,0.0,73.93750177571754,20.98934854187368,True,False,True,False,True,17.81419385801317
2025-09-03 17:00:00+00:00,33.145,33.145,33.145,33.145,0.0,31.07145271756205,31.13916334131418,33.06449874686718,"rgba(38, 166, 154, 1.0)",0.858084121960315,33.07,0.08740401795183371,3,0.3063790046739776,0.9191370140219328,0.0,0.0,0.0,0.0,73.9541803652632,21.40524279537297,True,False,True,False,True,17.81419385801316
2025-09-04 17:00:00+00:00,33.145,33.145,33.145,33.145,0.0,31.07145271756205,31.13916334131418,33.06449874686718,"rgba(38, 166, 154, 1.0)",0.8509399784044067,33.07,0.08813782629021023,3,0.31907902606202576,0.9572370781860773,0.0,0.0,0.0,0.0,73.9652994249603,21.772705476826303,True,False,True,False,True,17.814193858013148
2025-09-05 17:00:00+00:00,33.145,33.145,33.145,33.145,0.0,31.07145271756205,31.13916334131418,33.06449874686718,"rgba(38, 166, 154, 1.0)",0.8378008105738763,33.07,0.08952008526779699,3,0.3342021558814592,1.0026064676443776,0.0,0.0,0.0,0.0,73.97271213142506,22.095140588493905,True,False,True,False,True,17.814193858013148
2025-09-08 17:00:00+00:00,33.145,33.145,33.145,33.145,0.0,31.07145271756205,31.13916334131418,33.06449874686718,"rgba(38, 166, 154, 1.0)",0.8228575347668449,33.07,0.09114578992249728,3,0.3525236528986737,1.0575709586960211,0.0,0.0,0.0,0.0,73.97765393573489,22.376305413419843,True,False,True,False,True,17.814193858013148
2025-09-09 17:00:00+00:00,33.145,33.145,33.145,33.145,0.0,31.07145271756205,31.13916334131418,33.06449874686718,"rgba(38, 166, 154, 1.0)",0.8060098137242915,33.07,0.09305097620766413,3,0.3648482873004613,1.094544861901384,0.0,0.0,0.0,0.0,73.98094847194145,22.620107170092638,True,False,True,False,True,17.814193858013148
2025-09-10 17:00:00+00:00,34.265,34.265,34.265,34.265,0.0,31.07145271756205,31.13916334131418,33.06449874686718,"rgba(38, 166, 154, 1.0)",0.8149564737175243,33.07,1.466335980557171,3,0.3632959573152461,1.0898878719457383,0.0,0.0,0.0,0.0,81.4676382834518,29.56648627362432,True,False,True,False,True,20.0
2025-09-11 17:00:00+00:00,34.81,35.16,34.81,35.16,100.0,31.14493802035153,31.288977999488356,34.4446965620329,"rgba(38, 166, 154, 1.0)",0.8608716094331236,35.04333333333334,0.13552156371318136,3,0.3557132248198455,1.0671396744595365,0.0,0.0,0.0,0.0,86.9771137353427,34.25526140761286,True,False,True,False,True,20.0
2025-09-12 17:00:00+00:00,35.16,35.16,35.03,35.03,15.0,31.155809963099635,31.310635889609564,34.48522655583972,"rgba(38, 166, 154, 1.0)",0.8950267397485477,35.04724637681159,-0.019269119061668553,3,0.35034948707724123,1.0510484612317237,0.0,0.0,0.0,0.0,88.47325623532261,35.18541554724648,True,False,True,False,True,20.0
2025-09-15 17:00:00+00:00,35.03,35.03,35.03,35.03,0.0,31.155809963099635,31.310635889609564,34.48522655583972,"rgba(38, 166, 154, 1.0)",0.9233891354654041,35.04724637681159,-0.018677257668728502,3,0.3459341729563023,1.0378025188689068,0.0,0.0,0.0,0.0,89.47068456864255,35.85238212413583,True,False,True,False,True,20.0
2025-09-16 17:00:00+00:00,35.03,35.03,35.03,35.03,0.0,31.155809963099635,31.310635889609564,34.48522655583972,"rgba(38, 166, 154, 1.0)",0.958054673156396,35.04724637681159,-0.018001453669415426,3,0.34237282638990657,1.0271184791697197,0.0,0.0,0.0,0.0,90.13563679085586,36.3840756977925,True,False,True,False,True,20.0
2025-09-17 17:00:00+00:00,35.05,35.05,34.845,34.845,133.0,31.245806470976653,31.4846223674655,34.62798442889023,"rgba(38, 166, 154, 1.0)",0.9825421935785836,34.975430107526876,-0.13274758924278704,3,0.34076416630735257,1.0222924989220576,0.0,0.0,0.0,0.0,86.95187774763988,36.3840756977925,True,False,True,False,False,20.0
2025-09-18 17:00:00+00:00,34.95,34.95,34.895,34.895,100.0,31.310684002594495,31.604759402008874,34.6864711179442,"rgba(38, 166, 154, 1.0)",1.005439185110173,34.95758620689655,-0.062247630511525646,3,0.3395080260935861,1.0185240782807583,0.0,0.0,0.0,0.0,85.05529868440117,39.252213633146354,True,False,True,False,False,20.0
2025-09-19 17:00:00+00:00,34.895,34.895,34.66,34.66,100.0,31.37026420997741,31.710838411193855,34.6908097726941,"rgba(38, 166, 154, 1.0)",1.0193752502886047,34.90864583333333,-0.24391982566080367,3,0.3402467758029026,1.0207403274087077,0.0,0.0,0.0,0.0,79.57015833467769,34.27043383084958,True,False,True,False,False,20.0
2025-09-22 17:00:00+00:00,34.66,34.66,34.66,34.66,0.0,31.37026420997741,31.710838411193855,34.6908097726941,"rgba(38, 166, 154, 1.0)",1.0348902844751013,34.90864583333333,-0.24026298928823,3,0.34158899702847756,1.0247669910854327,0.0,0.0,0.0,0.0,75.9133981015287,31.11348935152172,True,False,True,False,False,20.0
