date,Open,High,Low,Close,Volume,aVWAP_BoS_CHoCH_bull_206,aVWAP_BoS_CHoCH_bull_388,aVWAP_BoS_CHoCH_bull_469,aVWAP_BoS_CHoCH_bull_546,aVWAP_BoS_CHoCH_bull_720,aVWAP_BoS_CHoCH_bull_791,aVWAP_BoS_CHoCH_bear_53,aVWAP_BoS_CHoCH_bear_750,Peaks_Valleys_avg,color,StDev,StDev_Mean,StdDev_ZScore,MA_Cross_Count,MA_Avg_Deviation_Z,MA_Oscillation_Score,BoS,CHoCH,BoS_CHoCH_Price,BoS_CHoCH_Break_Index,QQEMOD,QQE1_Value,QQE1_Above_Upper,QQE1_Below_Lower,QQE2_Above_Threshold,QQE2_Below_Threshold,QQE2_Above_TL,banker_RSI
2025-02-26 15:00:00+00:00,121.18,121.33,121.085,121.27,739.0,,,,,,,,,,"rgba(38, 166, 154, 1.0)",,,,0,,,0.0,0.0,0.0,0.0,,,False,False,False,False,False,
2025-02-26 16:00:00+00:00,121.27,121.47,121.195,121.195,825.0,,,,,,,,,,"rgba(239, 83, 80, 1.0)",,,,0,,,0.0,0.0,0.0,0.0,0.0,,False,False,False,True,False,
2025-02-26 17:00:00+00:00,121.195,121.415,121.12,121.12,604.0,,,,,,,,,,"rgba(239, 83, 80, 1.0)",,,,0,,,0.0,0.0,0.0,0.0,0.0,-50.0,False,False,False,True,True,
2025-02-26 18:00:00+00:00,121.12,121.12,120.43,120.43,2795.0,,,,,,,,,,"rgba(239, 83, 80, 1.0)",,,,0,,,0.0,0.0,0.0,0.0,0.0,-50.0,False,False,False,True,True,
2025-02-26 19:00:00+00:00,120.43,120.58,120.05,120.18,256.0,,,,,,,,,,"rgba(239, 83, 80, 1.0)",,,,0,,,0.0,0.0,0.0,0.0,0.0,-50.0,False,False,False,True,True,
2025-02-26 20:00:00+00:00,120.18,120.54,120.16,120.29,222.0,,,,,,,,,,"rgba(239, 83, 80, 1.0)",,,,0,,,0.0,0.0,0.0,0.0,3.753352461279964,-46.62198278484803,False,False,False,True,True,
2025-02-27 15:00:00+00:00,119.57,119.57,119.41,119.41,100.0,,,,,,,,,,"rgba(239, 83, 80, 1.0)",,,,0,,,0.0,0.0,0.0,0.0,4.366416375612141,-46.29542640962587,False,False,False,True,True,
2025-02-27 16:00:00+00:00,119.41,119.41,118.84,118.86,198.0,,,,,,,,,,"rgba(239, 83, 80, 1.0)",,,,0,,,0.0,0.0,0.0,0.0,4.287838416880936,-46.29542640962587,False,False,False,True,True,
2025-02-27 17:00:00+00:00,118.86,118.86,118.42,118.6,962.0,,,,,,,,,,"rgba(239, 83, 80, 1.0)",,,,0,,,0.0,0.0,0.0,0.0,4.067405880770796,-46.29542640962587,False,False,False,True,False,
2025-02-27 18:00:00+00:00,118.6,118.81,118.6,118.76,750.0,,,,,,,,,,"rgba(38, 166, 154, 1.0)",,,,0,,,0.0,0.0,0.0,0.0,6.42332307173365,-44.756866894942014,False,False,False,True,True,
2025-02-27 19:00:00+00:00,118.76,118.76,117.96,117.96,61.0,,,,,,,,,,"rgba(239, 83, 80, 1.0)",,,,0,,,0.0,0.0,0.0,0.0,6.8629288273886875,-44.479888921974734,False,False,False,True,True,
2025-02-27 20:00:00+00:00,117.96,117.96,117.2,117.2,1310.0,,,,,,,,,,"rgba(239, 83, 80, 1.0)",,,,0,,,0.0,0.0,0.0,0.0,6.522022911629437,-44.479888921974734,False,False,False,True,True,
2025-02-28 15:00:00+00:00,116.59,117.3,116.59,117.26,240.0,,,,,,,,,,"rgba(38, 166, 154, 1.0)",,,,0,,,0.0,0.0,0.0,0.0,6.964936201388769,-44.479888921974734,False,False,False,True,True,
2025-02-28 16:00:00+00:00,117.26,117.26,117.1,117.1,1240.0,,,,,,,,,,"rgba(239, 83, 80, 1.0)",,,,0,,,0.0,0.0,0.0,0.0,7.102669688095722,-44.34729704240747,False,False,False,True,True,
2025-02-28 17:00:00+00:00,117.1,117.1,116.35,116.41,1005.0,,,,,,,,,,"rgba(239, 83, 80, 1.0)",,,,0,,,0.0,0.0,0.0,0.0,6.638553489194857,-44.34729704240747,False,False,False,True,True,
2025-02-28 18:00:00+00:00,116.355,116.42,116.24,116.42,231.0,,,,,,,,,,"rgba(239, 83, 80, 1.0)",,,,0,,,0.0,0.0,0.0,0.0,6.444554428109576,-44.34729704240747,False,False,False,True,False,
2025-02-28 19:00:00+00:00,116.42,116.42,116.27,116.27,31.0,,,,,,,,,,"rgba(239, 83, 80, 1.0)",,,,0,,,0.0,0.0,0.0,0.0,6.197421825306687,-44.34729704240747,False,False,False,True,False,
2025-02-28 20:00:00+00:00,116.27,116.96,116.27,116.96,333.0,,,,,,,,,,"rgba(38, 166, 154, 1.0)",,,,0,,,0.0,0.0,0.0,0.0,13.32268647127418,-38.60637785298531,False,False,False,True,True,
2025-03-03 15:00:00+00:00,116.96,117.41,116.95,117.41,103.0,,,,,,,,,,"rgba(38, 166, 154, 1.0)",,,,0,,,0.0,0.0,0.0,0.0,21.58361212891885,-31.490670796571916,False,False,False,True,True,
2025-03-03 16:00:00+00:00,117.41,117.41,117.35,117.35,100.0,,,,,,,,,,"rgba(38, 166, 154, 1.0)",,,,0,,,0.0,0.0,0.0,0.0,26.819747068684592,-27.38811793855114,False,False,False,True,True,
2025-03-03 17:00:00+00:00,117.35,117.46,117.22,117.46,129.0,,,,,,,,,,"rgba(38, 166, 154, 1.0)",,,,0,,,0.0,0.0,0.0,0.0,31.192008835028364,-24.01026028086909,False,False,False,True,True,
2025-03-03 18:00:00+00:00,117.46,117.46,116.51,116.51,200.0,,,,,,,,,,"rgba(38, 166, 154, 1.0)",,,,0,,,0.0,0.0,0.0,0.0,30.23768484883007,-24.01026028086909,False,False,False,True,True,
2025-03-03 19:00:00+00:00,116.51,116.51,116.0,116.0,450.0,,,,,,,,,,"rgba(239, 83, 80, 1.0)",,,,0,,,0.0,0.0,0.0,0.0,28.191395438397375,-24.01026028086909,False,False,False,True,False,
2025-03-03 20:00:00+00:00,116.0,116.0,114.51,115.19,3821.0,,,,,,,,,,"rgba(239, 83, 80, 1.0)",,,,0,,,0.0,0.0,0.0,0.0,25.135350897238595,-18.5647855091595,False,False,False,True,False,
2025-03-04 15:00:00+00:00,115.19,115.19,113.19,113.19,50.0,,,,,,,,,,"rgba(239, 83, 80, 1.0)",,,,0,,,0.0,0.0,0.0,0.0,20.757486485604808,-22.588512500395947,False,False,False,True,False,
2025-03-04 16:00:00+00:00,113.19,113.19,113.13,113.13,100.0,,,,,,,,,113.15,"rgba(239, 83, 80, 1.0)",,113.15,,0,,,0.0,0.0,0.0,0.0,17.789687458981888,-25.299043715862247,False,False,False,True,False,
2025-03-04 17:00:00+00:00,113.13,113.625,113.13,113.625,2.0,,,,,,,,,113.30803921568628,"rgba(239, 83, 80, 1.0)",,113.30803921568628,,0,,,0.0,0.0,0.0,0.0,18.82255377637349,-25.299043715862247,False,False,False,True,False,
2025-03-04 18:00:00+00:00,113.625,114.68,113.625,114.68,70.0,,,,,,,,,113.96868593884582,"rgba(239, 83, 80, 1.0)",,113.96868593884582,,0,,,0.0,0.0,0.0,0.0,24.71321179289683,-32.49705172550219,False,False,False,True,True,
2025-03-04 19:00:00+00:00,114.68,114.68,114.68,114.68,0.0,,,,,,,,,113.96868593884582,"rgba(239, 83, 80, 1.0)",,113.96868593884582,,0,,,0.0,0.0,0.0,0.0,28.640317137245724,-28.871051120689025,False,False,False,True,True,
2025-03-04 20:00:00+00:00,114.68,116.18,114.68,114.8,400.0,,,,,,,,,114.9115708338272,"rgba(239, 83, 80, 1.0)",,114.9115708338272,,0,,,0.0,0.0,0.0,0.0,31.842935034811497,-25.880947315865306,False,False,False,True,True,
2025-03-05 15:00:00+00:00,116.59,116.65,115.99,116.58,584.0,,,,,,,,,115.69860536048199,"rgba(38, 166, 154, 1.0)",,115.69860536048199,,0,,,0.0,0.0,0.0,0.0,40.47117711494818,-17.942583169070133,False,False,False,True,True,
2025-03-05 16:00:00+00:00,116.58,116.58,115.78,116.15,213.0,,,,,,,,,115.77413220773005,"rgba(38, 166, 154, 1.0)",,115.77413220773005,,0,,,0.0,0.0,0.0,0.0,44.703946155963266,-14.23806249813439,False,False,False,True,True,
2025-03-05 17:00:00+00:00,116.15,116.43,116.15,116.43,70.0,,,,,,,,,115.80233776775322,"rgba(38, 166, 154, 1.0)",,115.80233776775322,,0,,,0.0,0.0,0.0,0.0,48.37935576022555,-10.910592464985207,False,False,False,False,True,
2025-03-05 18:00:00+00:00,116.43,116.625,116.19,116.59,641.0,,,,,,,,,116.01201953428516,"rgba(38, 166, 154, 1.0)",,116.01201953428516,,0,,,0.0,0.0,0.0,0.0,51.33072990893583,-8.105439127649909,False,False,True,False,True,
2025-03-05 19:00:00+00:00,116.59,117.25,116.59,117.23,844.0,,,,,,,,,116.30873904615706,"rgba(38, 166, 154, 1.0)",,116.30873904615706,,0,,,0.0,0.0,0.0,0.0,55.18794062712695,-4.350084039094462,False,False,True,False,True,
2025-03-05 20:00:00+00:00,117.23,117.4,117.085,117.265,620.0,,,,,,,,,116.73377177682141,"rgba(38, 166, 154, 1.0)",,116.73377177682141,,0,,,0.0,0.0,0.0,0.0,57.85944479974902,-1.6293969000525692,False,False,True,False,True,
2025-03-06 15:00:00+00:00,115.42,115.9,115.42,115.9,95.0,,,,,,,,,116.65389930558352,"rgba(38, 166, 154, 1.0)",,116.65389930558352,,0,,,0.0,0.0,0.0,0.0,54.12190124976771,-1.6293969000525692,False,False,True,False,True,
2025-03-06 16:00:00+00:00,115.9,116.34,115.9,116.34,81.0,,,,,,,,,116.62098565379904,"rgba(38, 166, 154, 1.0)",,116.62098565379904,,0,,,0.0,0.0,0.0,0.0,53.17301727496463,-1.6293969000525692,False,False,True,False,False,
2025-03-06 17:00:00+00:00,116.34,116.34,115.04,115.23,456.0,,,,,,,,,116.38054101325275,"rgba(38, 166, 154, 1.0)",,116.38054101325275,,0,,,0.0,0.0,0.0,0.0,49.16371820551859,-1.6293969000525692,False,False,False,False,False,
2025-03-06 18:00:00+00:00,115.23,115.48,115.23,115.48,100.0,,,,,,,,,116.33970559535184,"rgba(38, 166, 154, 1.0)",,116.33970559535184,,0,,,0.0,0.0,0.0,0.0,47.42609531392259,6.120448207075853,False,False,False,True,False,
2025-03-06 19:00:00+00:00,115.48,115.98,114.91,115.98,130.0,,,,,,,,,116.3039953763202,"rgba(38, 166, 154, 1.0)",,116.3039953763202,,0,,,0.0,0.0,0.0,0.0,48.07753272175356,6.120448207075853,False,False,False,True,False,
2025-03-06 20:00:00+00:00,115.98,115.98,115.13,115.28,143.0,,,,,,,,,116.26157668501105,"rgba(38, 166, 154, 1.0)",,116.26157668501105,,0,,,0.0,0.0,0.0,0.0,46.3329047672366,4.105975919844809,True,False,False,True,False,
2025-03-07 15:00:00+00:00,115.28,116.02,115.28,115.79,225.0,,,,,,,,,116.2215801428274,"rgba(38, 166, 154, 1.0)",,116.2215801428274,,0,,,0.0,0.0,0.0,0.0,47.03465149378733,4.105975919844809,True,False,False,True,False,
2025-03-07 16:00:00+00:00,116.19,116.19,116.19,116.19,1.0,,,,,,,,,116.22157643557365,"rgba(38, 166, 154, 1.0)",,116.22157643557365,,0,,,0.0,0.0,0.0,0.0,48.868858715563306,4.105975919844809,True,False,False,False,False,
2025-03-07 17:00:00+00:00,116.19,116.19,116.19,116.19,0.0,,,,,,,,,116.22157643557365,"rgba(38, 166, 154, 1.0)",,116.22157643557365,,0,,,0.0,0.0,0.0,0.0,50.09166353008062,4.105975919844809,True,False,False,False,True,
2025-03-07 18:00:00+00:00,116.19,116.38,116.19,116.38,100.0,,,,,,,,,116.2251126968913,"rgba(38, 166, 154, 1.0)",,116.2251126968913,,0,,,0.0,0.0,0.0,0.0,51.62850189686429,4.105975919844809,True,False,True,False,True,
2025-03-07 19:00:00+00:00,116.38,116.38,116.38,116.38,0.0,,,,,,,,,116.2251126968913,"rgba(38, 166, 154, 1.0)",,116.2251126968913,,0,,,0.0,0.0,0.0,0.0,52.65306080805341,4.105975919844809,True,False,True,False,True,
2025-03-07 20:00:00+00:00,116.38,117.17,116.38,117.17,61.0,,,,,,,,,116.40516430040458,"rgba(38, 166, 154, 1.0)",,116.40516430040458,,0,,,0.0,0.0,0.0,0.0,56.258830760744495,0.7633583998058526,True,False,True,False,True,
2025-03-10 14:00:00+00:00,115.01,115.01,114.61,114.61,1.0,,,,,,,,,116.39610589800611,"rgba(239, 83, 80, 1.0)",,116.39610589800611,,0,,,0.0,0.0,0.0,0.0,49.90972916551091,5.752213151367634,True,False,False,False,False,
2025-03-10 15:00:00+00:00,114.61,115.05,114.61,114.61,201.0,,,,,,,,,115.92969808441973,"rgba(239, 83, 80, 1.0)",,115.92969808441973,,0,,,0.0,0.0,0.0,0.0,45.676994768688516,1.931140274740784,True,False,False,True,False,0.0
2025-03-10 16:00:00+00:00,114.61,114.61,114.61,114.61,0.0,,,,,,,,,115.92969808441973,"rgba(239, 83, 80, 1.0)",,115.92969808441973,,0,,,0.0,0.0,0.0,0.0,42.85517183747359,-0.5952028106695977,True,False,False,True,False,0.0
2025-03-10 17:00:00+00:00,114.61,114.61,114.25,114.25,200.0,,,,,,,,,115.76442450004072,"rgba(239, 83, 80, 1.0)",,115.76442450004072,,0,,,0.0,0.0,0.0,0.0,40.02506234027824,-3.215179270904777,False,False,False,True,False,0.0
2025-03-10 18:00:00+00:00,114.25,114.25,113.83,113.83,71.0,,,,,,,,,115.70615154392017,"rgba(239, 83, 80, 1.0)",,115.70615154392017,,0,,,0.0,0.0,0.0,0.0,37.09311898069289,-5.9898334864297595,False,False,False,True,False,0.0
2025-03-10 19:00:00+00:00,113.405,114.1,113.08,114.1,861.0,,,,,,,,,114.95624297097513,"rgba(239, 83, 80, 1.0)",,114.95624297097513,,0,,,-1.0,0.0,113.08,138.0,36.5575623357181,-6.647851316023527,False,False,False,True,False,0.0
2025-03-11 14:00:00+00:00,114.1,115.02,114.1,114.93,210.0,,,,,,,,,114.98479163571024,"rgba(239, 83, 80, 1.0)",,114.98479163571024,,0,,,0.0,0.0,0.0,0.0,39.992529568465045,-6.647851316023527,False,False,False,True,True,0.0
2025-03-11 15:00:00+00:00,114.93,114.97,114.585,114.72,340.0,,,,,,,,,115.01431743037892,"rgba(239, 83, 80, 1.0)",,115.01431743037892,,0,,,0.0,0.0,0.0,0.0,41.535941791337706,-6.647851316023527,False,False,False,True,True,0.0
2025-03-11 16:00:00+00:00,114.72,114.72,114.09,114.195,42.0,,,,,,,,,115.01029460499669,"rgba(239, 83, 80, 1.0)",,115.01029460499669,,0,,,0.0,0.0,0.0,0.0,40.80242424360032,-6.647851316023527,False,False,False,True,True,0.0
2025-03-11 17:00:00+00:00,114.195,114.195,113.805,113.915,117.0,,,,,,,,,114.98515982005551,"rgba(239, 83, 80, 1.0)",,114.98515982005551,,0,,,0.0,0.0,0.0,0.0,39.44311147703148,-6.647851316023527,False,False,False,True,True,0.0
2025-03-11 18:00:00+00:00,113.915,115.745,113.915,115.745,149.0,,,,,,,,,115.0089533669404,"rgba(38, 166, 154, 1.0)",,115.0089533669404,,0,,,0.0,0.0,0.0,0.0,45.45447274118595,-10.816948694847802,True,False,False,True,True,0.0
2025-03-11 19:00:00+00:00,115.63,115.63,114.815,114.815,99.0,,,,,,,,,115.02109495905093,"rgba(38, 166, 154, 1.0)",,115.02109495905093,,0,,,0.0,0.0,0.0,0.0,46.43680097726274,-9.790355219651339,True,False,False,True,True,0.0
2025-03-12 14:00:00+00:00,114.815,115.83,114.815,115.83,100.0,,,,,,,,,115.04355531780536,"rgba(38, 166, 154, 1.0)",,115.04355531780536,,0,,,0.0,0.0,0.0,0.0,49.88474015028679,-6.40979396301654,True,False,False,False,True,0.0
2025-03-12 15:00:00+00:00,115.83,116.02,115.29,116.02,5.0,,,,,,,,,115.04503005347492,"rgba(38, 166, 154, 1.0)",,115.04503005347492,,0,,,0.0,0.0,0.0,0.0,52.65974975527625,-3.703625820483012,True,False,True,False,True,0.0
2025-03-12 16:00:00+00:00,116.02,116.02,116.02,116.02,0.0,,,,,,,,,115.04503005347492,"rgba(38, 166, 154, 1.0)",,115.04503005347492,,0,,,0.0,0.0,0.0,0.0,54.509756158602556,-1.8281435704307611,True,False,True,False,True,0.0
2025-03-12 17:00:00+00:00,116.02,116.45,116.02,116.41,2.0,,,,,,,,,115.0459131418509,"rgba(38, 166, 154, 1.0)",,115.0459131418509,,0,,,0.0,0.0,0.0,0.0,56.8450830669414,0.5434711781401305,True,False,True,False,True,0.0
2025-03-12 18:00:00+00:00,116.41,116.65,116.005,116.49,8.0,,,,,,,,,115.04963200105108,"rgba(38, 166, 154, 1.0)",,115.04963200105108,,0,,,0.0,0.0,0.0,0.0,58.63195652005244,2.426945979240635,True,False,True,False,True,0.0
2025-03-12 19:00:00+00:00,116.49,116.49,116.05,116.05,6.0,,,,,,,,,115.05208981281183,"rgba(38, 166, 154, 1.0)",,115.05208981281183,,0,,,0.0,0.0,0.0,0.0,57.75267695201327,2.426945979240635,True,False,True,False,True,0.0
2025-03-13 14:00:00+00:00,114.44,114.44,114.44,114.44,0.0,,,,,,,,,115.05208981281183,"rgba(38, 166, 154, 1.0)",,115.05208981281183,,0,,,0.0,0.0,0.0,0.0,51.729284817901956,7.933078426425524,True,False,False,False,False,0.0
2025-03-13 15:00:00+00:00,114.44,114.64,114.44,114.52,200.0,,,,,,,,,115.03943285478506,"rgba(38, 166, 154, 1.0)",,115.03943285478506,,0,,,0.0,0.0,0.0,0.0,48.03585485088044,4.502203164727504,False,False,False,True,False,0.0
2025-03-13 16:00:00+00:00,114.52,114.52,114.52,114.52,0.0,,,,,,,,,115.03943285478506,"rgba(38, 166, 154, 1.0)",,115.03943285478506,,0,,,0.0,0.0,0.0,0.0,45.57356820619944,2.1955262633677606,False,False,False,True,False,0.0
2025-03-13 17:00:00+00:00,114.52,114.52,114.52,114.52,0.0,,,,,,,,,115.03943285478506,"rgba(38, 166, 154, 1.0)",,115.03943285478506,,0,,,0.0,0.0,0.0,0.0,43.932043776412094,0.5528661899980207,False,True,False,True,False,0.0
2025-03-13 18:00:00+00:00,114.52,114.865,114.52,114.865,500.0,,,,,,,,,115.03394111850488,"rgba(38, 166, 154, 1.0)",,115.03394111850488,,0,,,0.0,0.0,0.0,0.0,44.60981636785273,0.5528661899980207,False,True,False,True,False,0.0
2025-03-13 19:00:00+00:00,114.865,114.865,114.435,114.45,772.0,,,,,,,,,114.92683210304953,"rgba(38, 166, 154, 1.0)",,114.92683210304953,,0,,,0.0,0.0,0.0,0.0,43.405179415080795,-0.43481929146688714,False,True,False,True,False,0.0
2025-03-14 14:00:00+00:00,115.82,115.82,115.82,115.82,100.0,,,,,,,,,114.96570301356796,"rgba(38, 166, 154, 1.0)",,114.96570301356796,,0,,,0.0,0.0,0.0,0.0,48.23672471398953,-0.43481929146688714,False,False,False,False,True,0.0
2025-03-14 15:00:00+00:00,115.82,116.94,115.82,116.94,7.0,,,,,,,,,114.96999021533429,"rgba(38, 166, 154, 1.0)",,114.96999021533429,,0,,,0.0,0.0,0.0,0.0,54.384250265636624,-2.253559097345054,True,False,True,False,True,0.0
2025-03-14 16:00:00+00:00,116.94,116.94,116.94,116.94,0.0,,,,,,,,,114.96999021533429,"rgba(38, 166, 154, 1.0)",1.871999287749151,114.96999021533429,1.052356054597863,0,,,0.0,0.0,0.0,0.0,58.48260063340135,1.4384536701047708,True,False,True,False,True,0.0
2025-03-14 17:00:00+00:00,116.94,116.94,116.94,116.94,0.0,,,,,,,,,114.96999021533429,"rgba(38, 166, 154, 1.0)",1.7803168257363617,114.96999021533429,1.1065501129838982,0,,,0.0,0.0,0.0,0.0,61.21483421191117,3.9191737050939395,True,False,True,False,True,0.0
2025-03-14 18:00:00+00:00,116.94,116.94,116.94,116.94,0.0,,,,,,,,,114.96999021533429,"rgba(38, 166, 154, 1.0)",1.684697401117877,114.96999021533429,1.1693552701859162,0,,,0.0,0.0,0.0,0.0,63.03632326425105,5.6893716046193035,True,False,True,False,True,0.0
2025-03-14 19:00:00+00:00,116.94,117.07,116.94,116.96,360.0,,,,,,,,,115.18827797688861,"rgba(38, 166, 154, 1.0)",1.5846338480647275,115.18827797688861,1.1180639775397567,0,,,0.0,0.0,0.0,0.0,64.31650860482017,7.102590139715488,True,False,True,False,True,0.0
2025-03-17 14:00:00+00:00,118.23,118.24,117.98,118.24,238.0,,,,,,,,,115.3641228112398,"rgba(38, 166, 154, 1.0)",1.5227859781121993,115.3641228112398,1.8885629563817168,0,,,0.0,0.0,0.0,0.0,68.4733877229608,11.217479329143558,True,False,True,False,True,4.521592000553618
2025-03-17 15:00:00+00:00,118.24,118.5,118.24,118.43,149.0,,,,,,,,,115.46694871433432,"rgba(38, 166, 154, 1.0)",1.4715567904051066,115.46694871433432,2.0135487158806717,0,,,0.0,0.0,0.0,0.0,71.6128401896608,14.30634933055022,True,False,True,False,True,5.195672229517381
2025-03-17 16:00:00+00:00,118.43,118.44,118.32,118.37,152.0,,,,,,,,,115.56119209228883,"rgba(38, 166, 154, 1.0)",1.4123077657597214,115.56119209228883,1.9888072386263702,0,,,0.0,0.0,0.0,0.0,73.27417419719018,16.06143679390334,True,False,True,False,True,4.9492717267741
2025-03-17 17:00:00+00:00,118.37,118.79,118.36,118.765,218.0,,,,,,,,,115.69400400803009,"rgba(38, 166, 154, 1.0)",1.3932487732433627,115.69400400803009,2.2041978797662214,0,,,0.0,0.0,0.0,0.0,75.23693372818606,18.176432079658298,True,False,True,False,True,6.365882310248882
2025-03-17 18:00:00+00:00,118.765,119.12,118.765,119.12,100.0,,,,,,,,,116.22062723375038,"rgba(38, 166, 154, 1.0)",1.4007245551068457,116.22062723375038,2.0699092877888945,0,,,0.0,0.0,0.0,0.0,77.23850439338793,20.357696627326902,True,False,True,False,True,7.615573040917024
2025-03-17 19:00:00+00:00,119.12,119.12,118.86,118.86,106.0,,,,,,,,,116.26996510499609,"rgba(38, 166, 154, 1.0)",1.4075031179457538,116.26996510499609,1.840162811705922,0,,,0.0,0.0,0.0,0.0,76.51562083887575,20.357696627326902,True,False,True,False,True,6.506465965883702
2025-03-18 14:00:00+00:00,118.2,118.37,118.04,118.04,712.0,,,,,,,,,116.39723448715748,"rgba(38, 166, 154, 1.0)",1.3909394647484075,116.39723448715748,1.181047453520684,0,,,0.0,0.0,0.0,0.0,70.72090396745911,20.357696627326902,True,False,True,False,False,3.1308835162209085
2025-03-18 15:00:00+00:00,118.04,118.04,117.685,117.685,200.0,,,,,,,,,116.42553939221247,"rgba(239, 83, 80, 1.0)",1.3860921572783178,116.42553939221247,0.9086413202572072,0,,,0.0,0.0,0.0,0.0,65.01058538008223,22.063515459894987,True,False,True,False,False,1.727119910201278
2025-03-18 16:00:00+00:00,117.685,118.125,117.685,118.125,200.0,,,,,,,,,116.46368167939248,"rgba(239, 83, 80, 1.0)",1.4008645432262397,116.46368167939248,1.1859235988523535,0,,,0.0,0.0,0.0,0.0,62.99159654852821,20.205332181074667,True,False,True,False,False,3.3551208288260987
2025-03-18 17:00:00+00:00,118.125,118.275,118.125,118.17,518.0,,,,,,,,,116.57794035797637,"rgba(239, 83, 80, 1.0)",1.4155967608006108,116.57794035797637,1.1246561775990616,0,,,0.0,0.0,0.0,0.0,61.82515140990581,18.96989768476223,True,False,True,False,False,3.520859733767299
2025-03-18 18:00:00+00:00,118.17,118.17,117.98,118.17,22.0,,,,,,,,,116.58205438216031,"rgba(239, 83, 80, 1.0)",1.4317845822923514,116.58205438216031,1.1090674096359672,0,,,0.0,0.0,0.0,0.0,61.04752131749087,17.940087561672897,True,False,True,False,False,3.520859733767299
2025-03-18 19:00:00+00:00,118.17,118.17,118.02,118.11,333.0,,,,,,,,,116.6411965522979,"rgba(239, 83, 80, 1.0)",1.4509171594559065,116.6411965522979,1.012327573720957,0,,,0.0,0.0,0.0,0.0,60.09946970047269,16.649743236957647,True,False,True,False,False,3.2694868760744953
2025-03-19 14:00:00+00:00,118.38,118.38,118.38,118.38,0.0,,,,,,,,,116.6411965522979,"rgba(239, 83, 80, 1.0)",1.4747450749319453,116.6411965522979,1.1790535715349562,0,,,0.0,0.0,0.0,0.0,60.844469773542485,16.649743236957647,True,False,True,False,False,4.308655477987035
2025-03-19 15:00:00+00:00,118.38,118.38,118.38,118.38,0.0,,,,,,,,,116.6411965522979,"rgba(239, 83, 80, 1.0)",1.4980307884830792,116.6411965522979,1.1607261086154486,0,,,0.0,0.0,0.0,0.0,61.34113648892235,16.649743236957647,True,False,True,False,False,4.308655477987035
2025-03-19 16:00:00+00:00,118.38,119.2,118.38,119.18,900.0,,,,,,,,,116.88678058354125,"rgba(38, 166, 154, 1.0)",1.5361953792546172,116.88678058354125,1.4927915077907963,0,,,0.0,0.0,0.0,0.0,65.06736231642532,16.649743236957647,True,False,True,False,True,7.333012064049843
2025-03-19 17:00:00+00:00,119.18,119.18,118.935,118.935,69.0,,,,,,,,,116.90392651830209,"rgba(38, 166, 154, 1.0)",1.5628944849768858,116.90392651830209,1.299558928143479,0,,,0.0,0.0,0.0,0.0,65.49131319982646,16.649743236957647,True,False,True,False,True,6.246779223669272
2025-03-19 18:00:00+00:00,118.935,118.95,118.935,118.95,50.0,,,,,,,,,116.9156327360603,"rgba(38, 166, 154, 1.0)",1.5898356989165716,116.9156327360603,1.279608493711686,0,,,0.0,0.0,0.0,0.0,65.83942771976871,16.649743236957647,True,False,True,False,True,6.3034009701387
2025-03-19 19:00:00+00:00,118.95,119.845,118.95,119.78,1587.0,,,,,,,119.525,,117.59871749012478,"rgba(38, 166, 154, 1.0)",1.6366336907927297,117.59871749012478,1.332786024231652,0,,,0.0,0.0,0.0,0.0,69.04401177837487,14.228186221395077,True,False,True,False,True,9.3558404574006
2025-03-20 14:00:00+00:00,118.61,119.45,118.61,119.45,39.0,,,,,,,119.51648523985241,,117.60348795347622,"rgba(38, 166, 154, 1.0)",1.6781755215355383,117.60348795347622,1.100309248244914,0,,,0.0,0.0,0.0,0.0,68.50183939851075,14.228186221395077,True,False,True,False,True,7.862091926343076
2025-03-20 15:00:00+00:00,119.45,119.45,119.45,119.45,0.0,,,,,,,119.51648523985241,,117.60348795347622,"rgba(38, 166, 154, 1.0)",1.7175897159777207,117.60348795347622,1.0750600270523138,0,,,0.0,0.0,0.0,0.0,68.14039114526801,14.228186221395077,True,False,True,False,True,7.862091926343076
2025-03-20 16:00:00+00:00,119.45,119.45,119.45,119.45,0.0,,,,,,,119.51648523985241,,117.60348795347622,"rgba(38, 166, 154, 1.0)",1.750094777356279,117.60348795347622,1.0550925986495172,0,,,0.0,0.0,0.0,0.0,67.89942564310618,14.228186221395077,True,False,True,False,True,7.862091926343076
2025-03-20 17:00:00+00:00,119.45,119.45,119.15,119.17,64.0,,,,,,,119.50664595660751,,117.61226720124729,"rgba(38, 166, 154, 1.0)",1.7394761508222152,117.61226720124729,0.8955183421263931,0,,,0.0,0.0,0.0,0.0,65.17704313388597,14.228186221395077,True,False,True,False,False,6.5601069130707295
2025-03-20 18:00:00+00:00,119.17,119.17,119.08,119.08,100.0,,,,,,,119.48448696461826,,117.62348031205234,"rgba(38, 166, 154, 1.0)",1.7216440079441735,117.62348031205234,0.846005144633182,9,0.40907163288988546,3.681644696008969,0.0,0.0,0.0,0.0,62.57386901697974,16.52522525875365,False,False,True,False,False,6.141935962815541
2025-03-20 19:00:00+00:00,119.08,119.31,119.08,119.22,307.0,,,,,,,119.44332618025753,,117.66221212739316,"rgba(38, 166, 154, 1.0)",1.715340737826404,117.66221212739316,0.9081506888134601,9,0.41716221187448815,3.754459906870393,0.0,0.0,0.0,0.0,61.75917218548633,15.660494495187734,False,False,True,False,False,6.6978020808139895
2025-03-21 14:00:00+00:00,117.79,117.79,117.79,117.79,0.0,,,,,,,119.44332618025753,,117.66221212739316,"rgba(239, 83, 80, 1.0)",1.7057882725094036,117.66221212739316,0.07491426378424737,9,0.4286841910460233,3.8581577194142094,0.0,0.0,0.0,0.0,52.661962752490545,7.284931396577065,False,True,False,False,False,0.3573134515966032
2025-03-21 15:00:00+00:00,117.79,117.79,117.79,117.79,100.0,,,,,,,119.36807237141558,,117.68100127351367,"rgba(239, 83, 80, 1.0)",1.6951542622938356,117.68100127351367,0.06430018135272235,9,0.4373403836886069,3.936063453197462,0.0,0.0,0.0,0.0,46.59715646382669,2.103540645022619,False,True,False,True,False,0.3573134515966032
2025-03-21 16:00:00+00:00,117.79,117.99,117.79,117.99,110.0,,,,,,,119.29918581129895,,117.71121117859106,"rgba(239, 83, 80, 1.0)",1.687194571625486,117.71121117859106,0.1652380976666761,9,0.4449305140611708,4.004374626550537,0.0,0.0,0.0,0.0,44.08825340410587,0.19065846777605344,False,True,False,True,False,1.191494983766269
2025-03-21 17:00:00+00:00,117.99,118.145,117.99,118.055,698.0,,,,,,,119.01212257348864,,117.74158903628022,"rgba(239, 83, 80, 1.0)",1.6940226074626568,117.74158903628022,0.1850099062073458,9,0.45348739957287393,4.081386596155865,0.0,0.0,0.0,0.0,42.92416867196415,-0.7196606289147667,False,True,False,True,False,1.46403507029682
2025-03-21 18:00:00+00:00,118.055,118.13,118.055,118.1,101.0,,,,,,,118.98229984975316,,117.7434058241429,"rgba(239, 83, 80, 1.0)",1.6996722736568424,117.7434058241429,0.20980172553493817,9,0.4578801886981591,4.120921698283432,0.0,0.0,0.0,0.0,42.52686649622446,-1.1690694083567692,False,True,False,True,False,1.6553573113148055
2025-03-21 19:00:00+00:00,118.1,118.1,117.82,117.945,5.0,,,,,,,118.98064877317047,,117.74323217018723,"rgba(239, 83, 80, 1.0)",1.7045219984626843,117.74323217018723,0.11837208906352724,9,0.46050520570831766,4.144546851374859,0.0,0.0,0.0,0.0,41.30208341925933,-2.5568849678116052,False,True,False,True,False,0.9607362648003814
2025-03-24 14:00:00+00:00,119.32,119.32,119.32,119.32,0.0,,,,,,,118.98064877317047,,117.74323217018723,"rgba(38, 166, 154, 1.0)",1.7290708018579848,117.74323217018723,0.911916289441959,9,0.4577778905996104,4.120001015396493,0.0,0.0,0.0,0.0,48.79784618698508,-7.742779649405975,False,True,False,False,True,6.573475097883218
2025-03-24 15:00:00+00:00,119.32,119.32,119.1,119.1,303.0,,,,,,,118.99774995118142,,117.8447373764351,"rgba(38, 166, 154, 1.0)",1.7482811429958653,117.8447373764351,0.7179981484064187,9,0.456526160011853,4.108735440106677,0.0,0.0,0.0,0.0,52.34090765873501,-4.548139594391074,False,True,True,False,True,5.576203499035888
2025-03-24 16:00:00+00:00,119.1,119.34,119.035,119.035,129.0,,,,,,,119.0028078840907,,117.87656567593044,"rgba(38, 166, 154, 1.0)",1.7657398979995211,117.87656567593044,0.6560617027354922,9,0.4533827187196329,4.0804444684766965,0.0,0.0,0.0,0.0,54.26268183490333,-2.7659706524249614,False,True,True,False,True,5.2803081641881455
2025-03-24 17:00:00+00:00,119.035,119.15,119.035,119.15,255.0,,,,,,,119.01011672810252,,117.92770878314714,"rgba(38, 166, 154, 1.0)",1.7811929143689538,117.92770878314714,0.6862205699296213,9,0.4488525446201828,4.039672901581645,0.0,0.0,0.0,0.0,56.13545225901616,-0.8886785211197008,False,True,True,False,True,5.739480242690618
2025-03-24 18:00:00+00:00,119.15,119.15,119.0,119.0,9.0,,,,,,,119.0102110147973,,117.92919267797247,"rgba(38, 166, 154, 1.0)",1.7958564871733176,117.92919267797247,0.5962655310575441,9,0.44508842886298566,4.005795859766871,0.0,0.0,0.0,0.0,56.21577682625889,-0.53252728679265,False,True,True,False,True,5.037890886928523
2025-03-24 19:00:00+00:00,119.0,119.455,119.0,119.455,1272.0,,,,,,,119.08362144779157,,118.13122024270704,"rgba(38, 166, 154, 1.0)",1.8071454594779226,118.13122024270704,0.7325252930527179,9,0.439708019770826,3.957372177937434,0.0,0.0,0.0,0.0,58.69001402469135,2.1407474232525914,False,False,True,False,True,6.870321109551266
2025-03-25 14:00:00+00:00,119.32,119.32,119.32,119.32,0.0,,,,,,,119.08362144779157,,118.13122024270704,"rgba(38, 166, 154, 1.0)",1.817451500028243,118.13122024270704,0.6540915987438868,9,0.4351008668781987,3.9159078019037885,0.0,0.0,0.0,0.0,59.22283098417607,3.0096373582785674,False,False,True,False,True,6.226215520169816
2025-03-25 15:00:00+00:00,119.32,119.32,119.2,119.2,103.0,,,,,,,119.08672970539045,,118.1421252821321,"rgba(38, 166, 154, 1.0)",1.829451542388018,118.1421252821321,0.5782469190121536,9,0.4311482274125718,3.880334046713146,0.0,0.0,0.0,0.0,58.573055169247766,3.0096373582785674,False,False,True,False,True,5.6506959510696895
2025-03-25 16:00:00+00:00,119.2,119.6,119.2,119.6,5.0,,,,,,,119.0870959449907,,118.142821995433,"rgba(38, 166, 154, 1.0)",1.8390822549686257,118.142821995433,0.7923397665494072,9,0.42613759941349233,3.835238394721431,0.0,0.0,0.0,0.0,60.38897230696452,4.880533700954402,False,False,True,False,True,7.282681461004
2025-03-25 17:00:00+00:00,119.6,119.75,119.38,119.455,54.0,,,,,,,119.09164218024551,,118.26557663141415,"rgba(38, 166, 154, 1.0)",1.8506760074860815,118.26557663141415,0.6426967031368914,9,0.42171851993397275,3.7954666794057546,0.0,0.0,0.0,0.0,60.30840005235032,5.20815738239785,False,False,True,False,True,6.572612549949213
2025-03-25 18:00:00+00:00,119.455,119.455,119.315,119.36,11.0,,,,,,,119.09223914699163,,118.26467197719448,"rgba(38, 166, 154, 1.0)",1.8631059386783866,118.26467197719448,0.587904316156332,9,0.41798200342070696,3.761838030786363,0.0,0.0,0.0,0.0,59.3987469274885,5.20815738239785,False,False,True,False,True,6.10469687405298
2025-03-25 19:00:00+00:00,119.36,119.49,119.265,119.3,114.0,,,,,,,119.09775065225494,,118.26879853040022,"rgba(38, 166, 154, 1.0)",1.873609185069903,118.26879853040022,0.550382373131516,9,0.414530898255508,3.7307780842995717,0.0,0.0,0.0,0.0,58.22724930043442,5.20815738239785,False,False,True,False,True,5.805974148734315
2025-03-26 14:00:00+00:00,119.015,119.015,119.015,119.015,0.0,,,,,,,119.09775065225494,,118.26879853040022,"rgba(38, 166, 154, 1.0)",1.8808387097920374,118.26879853040022,0.3967386813738479,9,0.4120336000227315,3.7083024002045835,0.0,0.0,0.0,0.0,54.91398510289331,9.283932171946965,False,True,True,False,False,4.388717261779519
2025-03-26 15:00:00+00:00,119.015,119.015,118.15,118.16,322.0,,,,,,,119.06060947022974,,118.2116817446231,"rgba(239, 83, 80, 1.0)",1.879869053327273,118.2116817446231,-0.02749220459352532,9,0.41121450372920887,3.7009305335628797,0.0,0.0,0.0,0.0,47.64299392373577,2.5367161560172704,False,True,False,True,False,0.34346265970262735
2025-03-26 16:00:00+00:00,118.16,118.16,117.34,117.515,926.0,,,,,,,118.86614907771396,,118.0666625854398,"rgba(239, 83, 80, 1.0)",1.8798257346873173,118.0666625854398,-0.2934647479605664,9,0.4115288653051722,3.7037597877465496,0.0,0.0,0.0,0.0,40.471102424333836,-3.778518978269922,False,True,False,True,False,0.0
2025-03-26 17:00:00+00:00,117.13,117.13,116.5,116.5,148.0,,,,,,,118.81895740905058,,118.03025935374774,"rgba(239, 83, 80, 1.0)",1.854935049007364,118.03025935374774,-0.824966542395449,9,0.41325169139078494,3.7192652225170644,0.0,0.0,0.0,0.0,33.32396991682107,-9.892693305253822,False,True,False,True,False,0.0
2025-03-26 18:00:00+00:00,116.5,116.935,116.5,116.53,11.0,,,,,,,118.81544293518381,,118.02758867667961,"rgba(239, 83, 80, 1.0)",1.8291550060166986,118.02758867667961,-0.8187325140589756,9,0.4219862341793771,3.797876107614394,0.0,0.0,0.0,0.0,28.800830219885825,-13.57375926807407,False,True,False,True,False,0.0
2025-03-26 19:00:00+00:00,116.53,116.885,116.53,116.88,136.0,,,,,,,118.77508105369807,,117.99820427204345,"rgba(239, 83, 80, 1.0)",1.800705817573029,117.99820427204345,-0.6209810959296836,9,0.4319207977465007,3.8872871797185065,0.0,0.0,0.0,0.0,28.597776433268027,-13.57375926807407,False,True,False,True,False,0.0
2025-03-27 14:00:00+00:00,115.545,116.445,115.545,116.445,15.0,,,,,,,118.76938330444831,,117.99368777526048,"rgba(239, 83, 80, 1.0)",1.765598887752351,117.99368777526048,-0.8771458715812886,8,0.4722456538571293,3.7779652308570344,0.0,0.0,0.0,0.0,27.257982409739235,-14.88089825952735,False,True,False,True,False,0.0
2025-03-27 15:00:00+00:00,116.445,116.445,116.43,116.43,2.0,,,,,,,118.76870921166619,,117.99317615341522,"rgba(239, 83, 80, 1.0)",1.717994842622987,117.99317615341522,-0.9098840780153911,8,0.4763991650296853,3.8111933202374826,0.0,0.0,0.0,0.0,26.324253000185713,-16.04754419211995,False,True,False,True,False,0.0
2025-03-27 16:00:00+00:00,116.43,116.43,115.93,115.93,12.0,,,,,,,118.76408763332374,,117.98950542750195,"rgba(239, 83, 80, 1.0)",1.6815578228867454,117.98950542750195,-1.2247603974547692,8,0.47997395180135605,3.8397916144108484,0.0,0.0,0.0,0.0,24.42598009587099,-18.210184493055987,False,True,False,True,False,0.0
2025-03-27 17:00:00+00:00,115.93,116.035,115.93,115.975,21.0,,,,,,,118.75568616180486,,117.982770878959,"rgba(239, 83, 80, 1.0)",1.6639463755002557,117.982770878959,-1.2066319615350483,8,0.4832708030708515,3.866166424566812,0.0,0.0,0.0,0.0,23.57313733545119,-19.44149152771437,False,True,False,True,False,0.0
2025-03-27 18:00:00+00:00,115.88,116.085,115.88,116.085,30.0,,,,,,,118.74392903133496,,117.97344307848682,"rgba(239, 83, 80, 1.0)",1.6399142693478543,117.97344307848682,-1.15154987902984,7,0.4781147622640361,3.3468033358482527,0.0,0.0,0.0,0.0,24.075775173963894,-19.44149152771437,False,True,False,True,False,0.0
2025-03-27 19:00:00+00:00,116.085,116.24,115.92,115.92,1448.0,,,,,,,118.27757891825689,,117.64004181735116,"rgba(239, 83, 80, 1.0)",1.6037253168456824,117.64004181735116,-1.0725289420100048,7,0.47771690410812606,3.3440183287568823,0.0,0.0,0.0,0.0,23.868260656878704,-20.15922071546739,False,True,False,True,False,0.0
2025-03-28 14:00:00+00:00,115.92,115.92,114.52,114.52,100.0,,,,,,,118.23903010425208,,117.61120573000903,"rgba(239, 83, 80, 1.0)",1.5864351021498564,117.61120573000903,-1.9485232807947779,7,0.4727735930491178,3.3094151513438246,0.0,0.0,0.0,0.0,20.739364528071572,-23.56067793620924,False,True,False,True,False,0.0
2025-03-28 15:00:00+00:00,114.52,114.52,114.48,114.48,5.0,,,,,,,118.23683758682589,,117.60951773097133,"rgba(239, 83, 80, 1.0)",1.612872626126441,117.60951773097133,-1.9403378049061089,7,0.4677472030553407,3.2742304213873847,0.0,0.0,0.0,0.0,18.594800843251285,-25.89322265281448,False,True,False,True,False,0.0
2025-03-28 16:00:00+00:00,114.48,114.48,114.33,114.33,100.0,,,,,,,118.19220859368973,,117.5750568206144,"rgba(239, 83, 80, 1.0)",1.625026813361564,117.5750568206144,-1.9969250931322278,7,0.4622530851388044,3.235771595971631,0.0,0.0,0.0,0.0,16.932649478326006,-27.72994580174697,False,True,False,True,False,0.0
2025-03-28 17:00:00+00:00,114.33,114.33,113.865,113.865,12.0,,,,,,,118.18642323395731,,117.57052613151284,"rgba(239, 83, 80, 1.0)",1.6687374522927754,117.57052613151284,-2.2205567007689573,7,0.4551638664111037,3.186147064877726,0.0,0.0,0.0,0.0,15.165463546022078,-29.645635271382204,False,True,False,True,False,0.0
2025-03-28 18:00:00+00:00,113.865,114.11,113.865,114.11,107.0,,,,,,,118.13563957691282,,117.53090141268017,"rgba(239, 83, 80, 1.0)",1.7064777168771055,117.53090141268017,-2.00465636254571,6,0.4562301169446999,2.7373807016681995,0.0,0.0,0.0,0.0,16.32306564369774,-29.645635271382204,False,True,False,True,False,0.0
2025-03-28 19:00:00+00:00,114.11,114.24,114.0,114.13,154.0,,,,,,,118.06632996821834,,117.47741696088855,"rgba(239, 83, 80, 1.0)",1.7425007916810002,117.47741696088855,-1.9210418594181986,6,0.4510306841342389,2.7061841048054336,0.0,0.0,0.0,0.0,17.290868900895628,-29.645635271382204,False,True,False,True,True,0.0
2025-03-31 14:00:00+00:00,111.66,111.87,111.54,111.87,250.0,,,,,,,117.89430787415893,,116.90741606915466,"rgba(239, 83, 80, 1.0)",1.8558614910261444,116.90741606915466,-2.714327601231365,6,0.43650576026467786,2.6190345615880672,0.0,0.0,0.0,0.0,14.866825186885713,-30.445395615698203,False,True,False,True,False,0.0
2025-03-31 15:00:00+00:00,111.87,112.17,111.87,112.075,12.0,,,,,,,117.88665050306925,,116.90266697105311,"rgba(239, 83, 80, 1.0)",1.9536571549991049,116.90266697105311,-2.4710922070947077,6,0.42412201509812647,2.544732090588759,0.0,0.0,0.0,0.0,14.648322229346586,-30.88805883821866,False,True,False,True,False,0.0
2025-03-31 16:00:00+00:00,112.075,112.15,112.075,112.15,120.0,,,,,,,117.81228263597575,,116.85577734203008,"rgba(239, 83, 80, 1.0)",2.0394279956765993,116.85577734203008,-2.307400580950096,6,0.4126487942899572,2.475892765739743,0.0,0.0,0.0,0.0,15.040735052746284,-30.88805883821866,False,True,False,True,False,0.0
2025-03-31 17:00:00+00:00,112.15,112.15,112.14,112.14,3.0,,,,,,,117.8104539426523,,116.85457450956567,"rgba(239, 83, 80, 1.0)",2.0997690284821564,116.85457450956567,-2.2452824313603923,6,0.4029393088545266,2.41763585312716,0.0,0.0,0.0,0.0,15.287496409474855,-30.88805883821866,False,True,False,True,False,0.0
2025-03-31 18:00:00+00:00,112.14,112.765,112.14,112.765,17.0,,,,,,,117.80086776859503,,116.84971078988764,"rgba(239, 83, 80, 1.0)",2.1404691390288866,116.84971078988764,-1.9083250094139816,5,0.4553548367099552,2.276774183549776,0.0,0.0,0.0,0.0,20.089764302098914,-33.8864360621743,False,True,False,True,True,0.0
2025-03-31 19:00:00+00:00,112.79,113.345,112.79,113.345,123.0,,,,,,,117.74039883474573,,116.82862691213624,"rgba(239, 83, 80, 1.0)",2.165022435020957,116.82862691213624,-1.6090488744069407,5,0.4495349937199117,2.2476749685995583,0.0,0.0,0.0,0.0,26.73863637960182,-27.819483641681625,False,True,False,True,True,0.0
2025-04-01 14:00:00+00:00,113.345,113.345,113.345,113.345,0.0,,,,,,,117.74039883474573,,116.82862691213624,"rgba(239, 83, 80, 1.0)",2.1891867509718224,116.82862691213624,-1.5912881395750251,5,0.4440111927469337,2.2200559637346684,0.0,0.0,0.0,0.0,31.171217764603757,-24.020264174815097,False,True,False,True,True,0.0
2025-04-01 15:00:00+00:00,113.345,113.905,113.345,113.9,2.0,,,,,,,117.73954652969002,,116.828469265045,"rgba(38, 166, 154, 1.0)",2.206091995337417,116.828469265045,-1.3274465757703329,5,0.440291359320898,2.2014567966044902,0.0,0.0,0.0,0.0,37.14868056128701,-18.83824000783008,False,False,False,True,True,0.0
2025-04-01 16:00:00+00:00,113.995,114.105,113.675,113.675,601.0,,,,,,,117.50489063692785,,116.73132865388314,"rgba(38, 166, 154, 1.0)",2.221030217089619,116.73132865388314,-1.3760860299721975,5,0.4361234420910257,2.1806172104551287,0.0,0.0,0.0,0.0,40.07767186555192,-16.47175173423384,False,False,False,True,True,0.0
2025-04-01 17:00:00+00:00,113.675,114.105,113.675,113.675,2003.0,,,,,,,116.89189260612096,,116.34675528054088,"rgba(38, 166, 154, 1.0)",2.2528149498345704,116.34675528054088,-1.185963046248904,5,0.43223500462496656,2.161175023124833,0.0,0.0,0.0,0.0,42.03033273506186,-14.812381947311422,True,False,False,True,True,0.0
2025-04-01 18:00:00+00:00,113.675,113.675,113.08,113.305,394.0,,,,,,,116.7798192658092,,116.26602739191343,"rgba(38, 166, 154, 1.0)",2.296851305356719,116.26602739191343,-1.289168081977143,4,0.3357834589804219,1.3431338359216876,0.0,0.0,0.0,0.0,41.519513282293566,-14.812381947311422,True,False,False,True,True,0.0
2025-04-01 19:00:00+00:00,113.305,113.765,113.305,113.76,205.0,,,,,,,116.72843034137338,,116.23051612293415,"rgba(38, 166, 154, 1.0)",2.3296653918187027,116.23051612293415,-1.0604596400882627,4,0.3343775567448026,1.3375102269792103,0.0,0.0,0.0,0.0,43.970084064038566,-12.788106550554943,True,False,False,True,True,0.0
2025-04-02 14:00:00+00:00,113.01,114.135,113.01,114.13,18.0,,,,,,,116.72420845507908,,116.22767524412171,"rgba(38, 166, 154, 1.0)",2.354656871389532,116.22767524412171,-0.8908623883206539,4,0.33365319522602055,1.3346127809040822,0.0,0.0,0.0,0.0,47.5476370788251,-9.266234832748005,True,False,False,False,True,0.0
2025-04-02 15:00:00+00:00,114.13,114.865,114.085,114.865,146.0,,,,,,,116.70005321778956,,116.21516772696486,"rgba(38, 166, 154, 1.0)",2.3682102794996664,116.21516772696486,-0.5701215549364647,4,0.334504307056849,1.338017228227396,0.0,0.0,0.0,0.0,52.999568173817835,-4.122578000858553,True,False,True,False,True,0.0
2025-04-02 16:00:00+00:00,114.865,114.865,114.51,114.82,128.0,,,,,,,116.6805778001082,,116.20560741889906,"rgba(38, 166, 154, 1.0)",2.381918085444109,116.20560741889906,-0.5817191730339139,4,0.3360515441387388,1.3442061765549551,0.0,0.0,0.0,0.0,56.34029187674247,-1.0283363496254339,True,False,True,False,True,0.0
2025-04-02 17:00:00+00:00,114.82,115.325,114.82,115.325,0.0,,,,,,,116.6805778001082,,116.20560741889906,"rgba(38, 166, 154, 1.0)",2.3852167635267403,116.20560741889906,-0.3691938746887766,4,0.33767444694908105,1.3506977877963242,0.0,0.0,0.0,0.0,60.39600618896115,2.758803147343528,True,False,True,False,True,0.0
2025-04-02 18:00:00+00:00,115.325,115.325,114.755,114.755,18.0,,,,,,,116.67816634504051,,116.03663585655656,"rgba(38, 166, 154, 1.0)",2.392403000565977,116.03663585655656,-0.5357106876447498,4,0.3374563399455072,1.3498253597820289,0.0,0.0,0.0,0.0,59.480016459570926,2.758803147343528,True,False,True,False,True,0.0
2025-04-02 19:00:00+00:00,114.755,115.26,114.57,115.26,404.0,,,,,,,116.62832285350697,,116.02977220844507,"rgba(38, 166, 154, 1.0)",2.393771653631504,116.02977220844507,-0.32157294839600437,4,0.3380757159918415,1.352302863967366,0.0,0.0,0.0,0.0,60.79547753069308,3.3994185307733176,True,False,True,False,True,0.0
2025-04-03 14:00:00+00:00,112.86,113.155,112.13,112.13,100.0,,,,,,,116.59743901230897,,115.94299419294308,"rgba(239, 83, 80, 1.0)",2.4449323062166703,115.94299419294308,-1.5595500060463316,4,0.3331819276276122,1.3327277105104487,0.0,0.0,0.0,0.0,51.364980716428846,9.280795661949753,True,False,False,False,False,0.0
2025-04-03 15:00:00+00:00,112.13,112.13,111.23,111.665,0.0,,,,,,,116.59743901230897,,115.94299419294308,"rgba(239, 83, 80, 1.0)",2.499598931792821,115.94299419294308,-1.711472244019046,4,0.32758105921311564,1.3103242368524626,0.0,0.0,0.0,0.0,44.26166304798049,2.903820967710132,True,False,False,True,False,0.0
2025-04-03 16:00:00+00:00,111.94,112.445,111.71,111.9,6.0,,,,,,,116.59539856417872,,115.93771637291306,"rgba(239, 83, 80, 1.0)",2.5464921518196912,115.93771637291306,-1.585599378355732,3,0.3226498548372112,0.9679495645116336,0.0,0.0,0.0,0.0,40.48382229964957,-0.3770625190832959,True,False,False,True,False,0.0
2025-04-03 17:00:00+00:00,111.915,112.315,111.61,112.245,19.0,,,,,,,116.58900313952337,,115.92179174207617,"rgba(239, 83, 80, 1.0)",2.5895021557076228,115.92179174207617,-1.419883638239884,3,0.31808874955026006,0.9542662486507802,0.0,0.0,0.0,0.0,39.38566610978271,-1.412915049830147,True,False,False,True,False,0.0
2025-04-03 18:00:00+00:00,112.245,112.245,111.265,111.74,5.0,,,,,,,116.58720945461734,,115.91726084355336,"rgba(239, 83, 80, 1.0)",2.6436061314761696,115.91726084355336,-1.5801373713794569,2,0.3044799856321092,0.6089599712642184,0.0,0.0,0.0,0.0,37.479470632976515,-3.456673390734416,False,False,False,True,False,0.0
2025-04-03 19:00:00+00:00,111.67,112.035,110.985,111.22,957.0,,,,,,,116.2444571738428,,115.41495661224639,"rgba(239, 83, 80, 1.0)",2.7035131165154724,115.41495661224639,-1.551668673852494,2,0.29748355459533626,0.5949671091906725,0.0,0.0,0.0,0.0,35.099137541676704,-6.049567644978566,False,False,False,True,False,0.0
2025-04-04 14:00:00+00:00,111.22,111.22,104.555,104.865,900.0,,,,,,,115.69525793909378,,114.70198138218709,"rgba(239, 83, 80, 1.0)",3.0020471138664573,114.70198138218709,-3.276757828599714,2,0.2692744146171891,0.5385488292343782,0.0,0.0,0.0,0.0,27.685753335948995,-13.211704366951679,False,True,False,True,False,0.0
2025-04-04 15:00:00+00:00,104.865,106.18,104.865,105.65,434.0,,,,,,,115.41664374735952,,114.38404617371006,"rgba(239, 83, 80, 1.0)",3.228625718014879,114.38404617371006,-2.7051900519085823,2,0.2506831826527445,0.501366365305489,0.0,0.0,0.0,0.0,24.896740712012953,-15.925119030775143,False,True,False,True,False,0.0
2025-04-04 16:00:00+00:00,105.65,105.825,104.97,105.09,0.0,,,,,,,115.41664374735952,,114.38404617371006,"rgba(239, 83, 80, 1.0)",3.4556202752163863,114.38404617371006,-2.689544982811538,2,0.23430124250306156,0.4686024850061231,0.0,0.0,0.0,0.0,22.675804510172227,-18.242704528248222,False,True,False,True,False,0.0
2025-04-04 17:00:00+00:00,105.09,105.575,104.51,105.51,372.0,,,,,,,115.18130376011226,,114.13037653486577,"rgba(239, 83, 80, 1.0)",3.6415762810644123,114.13037653486577,-2.3672102050121224,2,0.2219173359445254,0.4438346718890508,0.0,0.0,0.0,0.0,22.428077619937973,-18.89077391712694,False,True,False,True,False,0.0
2025-04-04 18:00:00+00:00,105.51,105.51,104.29,104.64,53.0,,,,,,,115.14739432273988,,114.09437374295135,"rgba(239, 83, 80, 1.0)",3.8426187966302807,114.09437374295135,-2.460398557161642,1,0.24472830202456408,0.24472830202456408,0.0,0.0,0.0,0.0,21.565751114912924,-20.27033290929934,False,True,False,True,False,0.0
2025-04-04 19:00:00+00:00,104.64,105.705,104.315,104.58,1260.0,,,,,,,114.405698539937,,113.35987279825181,"rgba(239, 83, 80, 1.0)",4.017957879635211,113.35987279825181,-2.185157998482786,1,0.23292573940214262,0.23292573940214262,0.0,0.0,0.0,0.0,20.9422931892449,-21.48903047320638,False,True,False,True,False,0.0
2025-04-07 14:00:00+00:00,102.51,106.61,102.435,103.39,275.0,,,,,,,114.24664036076662,,113.20716734731978,"rgba(239, 83, 80, 1.0)",4.222377924029718,113.20716734731978,-2.3250328426192968,1,0.22072747030184614,0.22072747030184614,0.0,0.0,0.0,0.0,19.60229292562841,-23.37873113243614,False,True,False,True,False,0.0
2025-04-07 15:00:00+00:00,103.39,103.39,101.56,102.73,411.0,,,,,,,113.98201531596054,,112.29611974243626,"rgba(239, 83, 80, 1.0)",4.431100619789953,112.29611974243626,-2.1588586139778783,1,0.20936663476670883,0.20936663476670883,0.0,0.0,0.0,0.0,18.253429657096305,-25.225275364984945,False,True,False,True,False,0.0
2025-04-07 16:00:00+00:00,102.73,102.73,101.6,101.62,105.0,,,,,,,113.91300449167396,,112.22474753515709,"rgba(239, 83, 80, 1.0)",4.648986810086752,112.22474753515709,-2.281087894710374,1,0.19811582426136434,0.19811582426136434,0.0,0.0,0.0,0.0,16.666918845063215,-27.232502711902164,False,True,False,True,False,0.0
2025-04-07 17:00:00+00:00,101.62,103.65,101.62,103.65,129.0,,,,,,,113.83624530867554,,112.16261009987429,"rgba(239, 83, 80, 1.0)",4.782754849032742,112.16261009987429,-1.7798549933195635,1,0.19113368526804156,0.19113368526804156,0.0,0.0,0.0,0.0,21.78775088359501,-27.232502711902164,False,True,False,True,True,0.0
2025-04-07 18:00:00+00:00,103.65,104.06,103.48,103.62,409.0,,,,,,,113.61609290199,,112.00112916609555,"rgba(239, 83, 80, 1.0)",4.9045902915460955,112.00112916609555,-1.7088336982075474,0,,,0.0,0.0,0.0,0.0,25.163740663467774,-31.028495993922263,False,True,False,True,True,0.0
2025-04-07 19:00:00+00:00,103.62,103.65,102.765,103.14,348.0,,,,,,,113.4264564831261,,111.83960594165777,"rgba(239, 83, 80, 1.0)",5.028160652718832,111.83960594165777,-1.7301766078125818,0,,,0.0,0.0,0.0,0.0,26.77547729947088,-29.389671862775522,False,True,False,True,True,0.0
2025-04-08 14:00:00+00:00,106.58,106.96,105.535,105.535,108.0,,,,,,,113.38484727272727,,111.82187485537614,"rgba(239, 83, 80, 1.0)",5.0838192291775375,111.82187485537614,-1.236644060688451,0,,,0.0,0.0,0.0,0.0,33.73292444929672,-22.86402746455049,False,False,False,True,True,0.0
2025-04-08 15:00:00+00:00,105.525,105.8,104.945,105.535,0.0,,,,,,,113.38484727272727,,111.82187485537614,"rgba(239, 83, 80, 1.0)",5.133659624882088,111.82187485537614,-1.224638038896188,0,,,0.0,0.0,0.0,0.0,38.371222549180615,-18.702034859125604,True,False,False,True,True,0.0
2025-04-08 16:00:00+00:00,105.535,105.595,104.13,104.23,5.0,,,,,,,113.38257950315935,,111.82032735560566,"rgba(239, 83, 80, 1.0)",5.203551876856376,111.82032735560566,-1.458681980161443,0,,,0.0,0.0,0.0,0.0,39.110949328169156,-18.05818597815744,True,False,False,True,True,0.0
2025-04-08 17:00:00+00:00,104.23,104.23,102.735,102.735,15.0,,,,,,,113.37467920774952,,111.81352958498607,"rgba(239, 83, 80, 1.0)",5.321292601892454,111.81352958498607,-1.7060759977298376,0,,,0.0,0.0,0.0,0.0,37.43531844998555,-18.05818597815744,False,False,False,True,True,0.0
2025-04-08 18:00:00+00:00,103.5,103.505,102.83,102.83,50.0,,,,,,,113.34797196342305,,111.79008531303333,"rgba(239, 83, 80, 1.0)",5.426548392805493,111.79008531303333,-1.651157359052136,0,,,0.0,0.0,0.0,0.0,36.56715684885609,-18.05818597815744,False,False,False,True,True,0.0
2025-04-08 19:00:00+00:00,102.83,102.83,100.705,101.125,24.0,,,,,,,113.33333841673559,,111.17404124570847,"rgba(239, 83, 80, 1.0)",5.5649838719888445,111.17404124570847,-1.8057628695547476,0,,,0.0,0.0,0.0,0.0,33.82698721008363,-18.05818597815744,False,False,False,True,False,0.0
2025-04-09 14:00:00+00:00,101.125,102.515,101.125,102.515,125.0,,,,,,,113.2609048572945,,111.13327275956692,"rgba(239, 83, 80, 1.0)",5.6546293862193995,111.13327275956692,-1.5241092158170544,0,,,0.0,0.0,0.0,0.0,35.483495799284064,-18.05818597815744,False,False,False,True,False,0.0
2025-04-09 15:00:00+00:00,102.515,102.515,101.96,101.96,72.0,,,,,,,113.21994763147569,,111.10033213560484,"rgba(239, 83, 80, 1.0)",5.747917995177018,111.10033213560484,-1.590198771672517,0,,,0.0,0.0,0.0,0.0,35.79273998999563,-18.05818597815744,False,False,False,True,False,0.0
2025-04-09 16:00:00+00:00,101.96,102.895,101.96,102.86,3110.0,,,,,,,111.75793033420157,,109.95521849885438,"rgba(239, 83, 80, 1.0)",5.813434315492099,109.95521849885438,-1.2204865684895554,0,,,0.0,0.0,0.0,0.0,38.13657102446473,-17.788972560237582,False,False,False,True,True,0.0
2025-04-09 17:00:00+00:00,102.86,109.05,102.86,109.05,272.0,,,,,,,111.70131541828441,,109.95637389794842,"rgba(38, 166, 154, 1.0)",5.763235599606973,109.95637389794842,-0.15726823626822364,0,,,0.0,0.0,0.0,0.0,48.052663835747936,-8.472883560681154,True,False,False,False,True,0.0
2025-04-09 18:00:00+00:00,109.99,110.975,109.925,109.925,1051.0,,,,,,,111.63878694975112,,110.15084877265927,"rgba(38, 166, 154, 1.0)",5.70809557708328,110.15084877265927,-0.03956639646434937,0,,,0.0,0.0,0.0,0.0,55.36094228604267,-2.0184134990638682,True,False,True,False,True,0.0
2025-04-09 19:00:00+00:00,109.925,112.085,109.605,111.93,6687.0,,,,,,,111.54454382875096,,110.83305836204464,"rgba(38, 166, 154, 1.0)",5.646718075752289,110.83305836204464,0.19426180362461726,0,,,0.0,0.0,0.0,0.0,61.672381695790385,3.4106188323597593,True,False,True,False,True,0.8569103631521919
2025-04-10 14:00:00+00:00,111.93,111.93,108.67,109.165,63.0,,,,,,,111.54121609599444,,110.83213294442297,"rgba(38, 166, 154, 1.0)",5.588633090463216,110.83213294442297,-0.2983078182870615,1,0.19135369814550357,0.19135369814550357,0.0,0.0,0.0,0.0,61.362336540002126,3.4106188323597593,True,False,True,False,True,0.0
2025-04-10 15:00:00+00:00,109.165,109.25,108.725,108.725,0.0,,,,,,,111.54121609599444,,110.83213294442297,"rgba(38, 166, 154, 1.0)",5.532239560029029,110.83213294442297,-0.3808824476161902,2,0.24112772841086932,0.48225545682173865,0.0,0.0,0.0,0.0,60.51531827783862,3.4106188323597593,True,False,True,False,True,0.0
2025-04-10 16:00:00+00:00,108.725,108.725,108.725,108.725,0.0,,,,,,,111.54121609599444,,110.83213294442297,"rgba(38, 166, 154, 1.0)",5.462982080898387,110.83213294442297,-0.3857111213655041,2,0.24123506468281575,0.4824701293656315,0.0,0.0,0.0,0.0,59.95063943639628,3.4106188323597593,True,False,True,False,True,0.0
2025-04-10 17:00:00+00:00,108.725,108.725,108.725,108.725,0.0,,,,,,,111.54121609599444,,110.83213294442297,"rgba(38, 166, 154, 1.0)",5.391741077504328,110.83213294442297,-0.3908075172998291,2,0.24138662995210083,0.48277325990420167,0.0,0.0,0.0,0.0,59.57418687543472,3.4106188323597593,True,False,True,False,False,0.0
2025-04-10 18:00:00+00:00,108.725,109.03,108.205,108.63,22.0,,,,,,,111.53912704091589,,110.83049926373982,"rgba(38, 166, 154, 1.0)",5.318815324812488,110.83049926373982,-0.4137198096490418,2,0.24167760568531288,0.48335521137062576,0.0,0.0,0.0,0.0,59.13443311265755,3.4106188323597593,True,False,True,False,False,0.0
2025-04-10 19:00:00+00:00,108.63,108.93,107.59,107.9,141.0,,,,,,,111.52360993298151,,110.81704167826683,"rgba(38, 166, 154, 1.0)",5.237408449822394,110.81704167826683,-0.5569628006320085,2,0.24178458349803136,0.4835691669960627,0.0,0.0,0.0,0.0,57.34917205508958,3.4106188323597593,True,False,True,False,False,0.0
2025-04-11 14:00:00+00:00,107.9,109.08,107.9,109.08,0.0,,,,,,,111.52360993298151,,110.81704167826683,"rgba(38, 166, 154, 1.0)",5.146070482845642,110.81704167826683,-0.33754719917988685,2,0.2427182431319303,0.4854364862638606,0.0,0.0,0.0,0.0,58.04792197107435,3.4106188323597593,True,False,True,False,False,0.0
2025-04-11 15:00:00+00:00,109.08,109.08,108.865,108.865,0.0,,,,,,,111.52360993298151,,110.81704167826683,"rgba(38, 166, 154, 1.0)",5.052441647718891,110.81704167826683,-0.38635610549765736,2,0.2435605468610248,0.4871210937220496,0.0,0.0,0.0,0.0,58.027997141299366,3.4106188323597593,True,False,True,False,False,0.0
2025-04-11 16:00:00+00:00,108.865,110.715,108.865,110.715,0.0,,,,,,,111.52360993298151,,110.81704167826683,"rgba(38, 166, 154, 1.0)",4.950645694532541,110.81704167826683,-0.020611791786983122,2,0.24490840623886334,0.4898168124777267,0.0,0.0,0.0,0.0,60.700566394346524,5.516144777146842,True,False,True,False,True,0.0
2025-04-11 17:00:00+00:00,110.715,111.33,110.715,111.175,0.0,,,,,,,111.52360993298151,,110.81704167826683,"rgba(38, 166, 154, 1.0)",4.851519487061156,110.81704167826683,0.0737827236781853,2,0.2468385728137098,0.4936771456274196,0.0,0.0,0.0,0.0,63.05857743999532,8.043547359404364,True,False,True,False,True,0.2133692739673556
2025-04-11 18:00:00+00:00,111.175,111.175,110.76,110.975,0.0,,,,,,,111.52360993298151,,110.81704167826683,"rgba(38, 166, 154, 1.0)",4.767572852186081,110.81704167826683,0.03313181080405156,2,0.2486610355691632,0.4973220711383264,0.0,0.0,0.0,0.0,64.08160003372328,9.273279480412747,True,False,True,False,True,0.0
2025-04-11 19:00:00+00:00,110.975,111.5,110.975,111.315,0.0,,,,,,,111.52360993298151,,110.81704167826683,"rgba(38, 166, 154, 1.0)",4.695057157448943,110.81704167826683,0.1060601191921869,2,0.25062010037599397,0.5012402007519879,0.0,0.0,0.0,0.0,65.26504642125246,10.66300814878091,True,False,True,False,True,0.4886340077635687
2025-04-14 14:00:00+00:00,112.12,112.83,112.015,112.81,100.0,,,,,,,111.52692763632061,,110.82754202723396,"rgba(38, 166, 154, 1.0)",4.648081090065088,110.82754202723396,0.42651105571359155,2,0.25271816983449436,0.5054363396689887,0.0,0.0,0.0,0.0,67.9973541192954,13.438187267655351,True,False,True,False,True,3.3060308171598436
2025-04-14 15:00:00+00:00,112.81,112.81,111.67,111.98,200.0,,,,,,,111.53094473124486,,110.84455645546218,"rgba(38, 166, 154, 1.0)",4.594115348773764,110.84455645546218,0.2471517274464795,2,0.2547445767741827,0.5094891535483654,0.0,0.0,0.0,0.0,67.3426923846433,13.438187267655351,True,False,True,False,True,1.6638279067942534
2025-04-14 16:00:00+00:00,111.98,112.09,111.545,111.92,0.0,,,,,,,111.53094473124486,,110.84455645546218,"rgba(38, 166, 154, 1.0)",4.531473667980921,110.84455645546218,0.2373275502265033,2,0.2568096728030312,0.5136193456060624,0.0,0.0,0.0,0.0,66.72671363595788,13.438187267655351,True,False,True,False,True,1.5454153189229025
2025-04-14 17:00:00+00:00,111.92,112.345,111.84,112.345,0.0,,,,,,,111.53094473124486,,110.84455645546218,"rgba(38, 166, 154, 1.0)",4.478346551779876,110.84455645546218,0.33504408986425566,2,0.2590632391125355,0.518126478225071,0.0,0.0,0.0,0.0,67.01803064033942,13.438187267655351,True,False,True,False,True,2.3564068033058376
2025-04-14 18:00:00+00:00,112.345,112.42,112.28,112.365,0.0,,,,,,,111.53094473124486,,110.84455645546218,"rgba(38, 166, 154, 1.0)",4.424336477967192,110.84455645546218,0.343654591396809,2,0.26055681149582754,0.5211136229916551,0.0,0.0,0.0,0.0,67.2470245615073,13.619981698020226,True,False,True,False,True,2.394899603615894
2025-04-14 19:00:00+00:00,112.365,113.055,112.365,112.74,100.0,,,,,,,111.53474520833998,,110.85539526235978,"rgba(38, 166, 154, 1.0)",4.381625029700941,110.85539526235978,0.4301154765333369,2,0.26208586383403554,0.5241717276680711,0.0,0.0,0.0,0.0,68.08449606625902,14.716246693389664,True,False,True,False,True,3.1235911906757963
2025-04-15 14:00:00+00:00,112.74,113.4,112.74,113.4,84.0,,,,,,,111.53915059556066,,110.86608932642069,"rgba(38, 166, 154, 1.0)",4.343711196080585,110.86608932642069,0.5833515533596503,2,0.26371186861909557,0.5274237372381911,0.0,0.0,0.0,0.0,69.77044313527944,16.53395686441816,True,False,True,False,True,4.396189546175908
2025-04-15 15:00:00+00:00,113.4,113.71,113.4,113.71,0.0,,,,,,,111.53915059556066,,110.86608932642069,"rgba(38, 166, 154, 1.0)",4.30663582046253,110.86608932642069,0.6603555053498504,2,0.26537895254237204,0.5307579050847441,0.0,0.0,0.0,0.0,71.39406808542454,18.209007155668374,True,False,True,False,True,4.990283305522372
2025-04-15 16:00:00+00:00,113.525,113.83,113.34,113.34,14.0,,,,,,,111.5400267643779,,111.00675798369294,"rgba(38, 166, 154, 1.0)",4.267910936953424,111.00675798369294,0.5466941674215473,2,0.2671858726537789,0.5343717453075578,1.0,0.0,113.83,240.0,70.74190711010397,18.209007155668374,True,False,True,False,True,4.178855243515827
2025-04-15 17:00:00+00:00,113.34,113.37,113.05,113.37,0.0,,,,,,,111.5400267643779,,111.00675798369294,"rgba(38, 166, 154, 1.0)",4.2529490224299975,111.00675798369294,0.5556713715220571,2,0.26895036678622614,0.5379007335724523,0.0,0.0,0.0,0.0,70.37150869863893,18.209007155668374,True,False,True,False,True,4.2382440837372
2025-04-15 18:00:00+00:00,113.37,113.475,113.13,113.475,100.0,,,,,,,111.54580720978244,,111.01277851779867,"rgba(38, 166, 154, 1.0)",4.2396802509896325,111.01277851779867,0.5807564100209193,2,0.2717463900504685,0.543492780100937,0.0,0.0,0.0,0.0,70.37033857088845,18.209007155668374,True,False,True,False,True,4.449536418593354
2025-04-15 19:00:00+00:00,113.475,113.475,112.87,112.93,1356.0,,,,,,,111.60963551657989,,111.14158636182286,"rgba(38, 166, 154, 1.0)",4.222612228945126,111.14158636182286,0.42353252944183334,2,0.2745765525263541,0.5491531050527082,0.0,0.0,0.0,0.0,67.45723556571107,20.234289648613156,True,False,True,False,False,3.2126122935146775
2025-04-16 14:00:00+00:00,112.93,112.93,112.93,112.93,0.0,,,,,,,111.60963551657989,,111.14158636182286,"rgba(38, 166, 154, 1.0)",4.211825533462327,111.14158636182286,0.42461721739622565,2,0.27748568602505314,0.5549713720501063,0.0,0.0,0.0,0.0,65.51516689559281,18.405072378206512,True,False,True,False,False,3.2126122935146775
2025-04-16 15:00:00+00:00,112.93,112.94,112.645,112.645,0.0,,,,,,,111.60963551657989,,111.14158636182286,"rgba(38, 166, 154, 1.0)",4.194887555537632,111.14158636182286,0.3583918801810298,2,0.2806728097813789,0.5613456195627577,0.0,0.0,0.0,0.0,62.660471991963554,15.792475641451063,True,False,True,False,False,2.5551684776426846
2025-04-16 16:00:00+00:00,112.625,112.645,112.36,112.375,100.0,,,,,,,111.61221699401962,,111.14661674927108,"rgba(38, 166, 154, 1.0)",4.175094342139667,111.14661674927108,0.2942168847134119,2,0.28391848512417206,0.5678369702483441,0.0,0.0,0.0,0.0,59.336008950085194,12.830121584580276,True,False,True,False,False,1.9300380635717538
2025-04-16 17:00:00+00:00,112.375,112.58,112.375,112.58,0.0,,,,,,,111.61221699401962,,111.14661674927108,"rgba(38, 166, 154, 1.0)",4.180771732501091,111.14661674927108,0.3428513543530444,2,0.2877523295024283,0.5755046590048566,0.0,0.0,0.0,0.0,58.067668921222094,11.78060080362853,True,False,True,False,False,2.383519071412607
2025-04-16 18:00:00+00:00,112.58,112.58,111.34,111.34,100.0,,,,,,,111.61264408865753,,111.14691555341474,"rgba(239, 83, 80, 1.0)",4.176124892423359,111.14691555341474,0.04623531421092519,2,0.29175845128601746,0.5835169025720349,0.0,0.0,0.0,0.0,51.848703983852445,6.175059403362859,False,False,False,False,False,0.0
2025-04-16 19:00:00+00:00,111.34,111.34,110.76,110.76,103.0,,,,,,,111.61059518062596,,111.13266067459531,"rgba(239, 83, 80, 1.0)",4.168396950283889,111.13266067459531,-0.08940143634111647,2,0.2958728516443421,0.5917457032886843,0.0,0.0,0.0,0.0,45.96191845132427,1.0964892710536276,False,True,False,True,False,0.0
2025-04-17 14:00:00+00:00,112.335,112.5,111.99,112.01,62.0,,,,,,,111.61163343973982,,111.15775177755259,"rgba(239, 83, 80, 1.0)",4.167407838224019,111.15775177755259,0.2045031961188153,2,0.3007085712947083,0.6014171425894166,0.0,0.0,0.0,0.0,47.37168459049509,1.0964892710536276,False,True,False,True,False,1.0529708415214536
2025-04-17 15:00:00+00:00,112.01,112.915,112.01,112.315,116.0,,,,,,,111.61442430426347,,111.18465761851905,"rgba(239, 83, 80, 1.0)",4.163297385140535,111.18465761851905,0.2715017153267297,3,0.2665910687240874,0.7997732061722622,0.0,0.0,0.0,0.0,49.35039653669746,1.0964892710536276,False,True,False,False,True,1.7217939254801777
2025-04-17 16:00:00+00:00,112.315,113.06,112.315,113.01,0.0,,,,,,,111.61442430426347,,111.18465761851905,"rgba(38, 166, 154, 1.0)",4.159535284594265,111.18465761851905,0.4388332485702188,3,0.2709272089850439,0.8127816269551318,0.0,0.0,0.0,0.0,52.82096714222611,-3.312734427751259,False,False,True,False,True,3.2311285327620283
2025-04-17 17:00:00+00:00,113.01,113.045,112.545,112.98,906.0,,,,,,,111.64730590939193,,111.29343663060027,"rgba(38, 166, 154, 1.0)",4.155444667828978,111.29343663060027,0.4058683255866536,3,0.27547684718693094,0.8264305415607929,0.0,0.0,0.0,0.0,55.00185206479319,-1.285120986666179,False,False,True,False,True,3.1602186379383923
2025-04-17 18:00:00+00:00,112.89,113.175,112.785,112.9,289.0,,,,,,,111.65824086681926,,111.31804287498191,"rgba(38, 166, 154, 1.0)",4.1434126194643035,111.31804287498191,0.38180052780324397,3,0.2799921261985517,0.8399763785956551,0.0,0.0,0.0,0.0,56.06770870509099,-0.17246483648825972,False,False,True,False,True,2.9679157407634875
2025-04-17 19:00:00+00:00,112.9,112.9,112.295,112.32,3317.0,,,,,,,111.73247832637313,,111.44966733250756,"rgba(38, 166, 154, 1.0)",4.128769014679494,111.44966733250756,0.21079713212292545,3,0.2839053897360094,0.8517161692080282,0.0,0.0,0.0,0.0,54.10309371472423,-0.17246483648825972,False,True,True,False,True,1.5741361567504235
2025-04-18 14:00:00+00:00,112.32,112.32,112.32,112.32,0.0,,,,,,,111.73247832637313,,111.44966733250756,"rgba(38, 166, 154, 1.0)",4.113992876438691,111.44966733250756,0.2115542475722136,3,0.2872987417818795,0.8618962253456384,0.0,0.0,0.0,0.0,52.79335038781306,-0.17246483648825972,False,True,True,False,False,1.5741361567504235
2025-04-18 15:00:00+00:00,112.32,112.32,112.32,112.32,0.0,,,,,,,111.73247832637313,,111.44966733250756,"rgba(38, 166, 154, 1.0)",4.103767647041169,111.44966733250756,0.21208137066920615,3,0.28979296215653744,0.8693788864696124,0.0,0.0,0.0,0.0,51.920188169872276,-0.17246483648825972,False,True,False,False,False,1.5741361567504235
2025-04-18 16:00:00+00:00,112.32,112.32,112.32,112.32,0.0,,,,,,,111.73247832637313,,111.44966733250756,"rgba(38, 166, 154, 1.0)",4.087613237817748,111.44966733250756,0.21291952463611213,3,0.2924135773443622,0.8772407320330866,0.0,0.0,0.0,0.0,51.338080024578424,-0.17246483648825972,False,True,False,False,False,1.5741361567504235
2025-04-18 17:00:00+00:00,112.32,112.32,112.32,112.32,0.0,,,,,,,111.73247832637313,,111.44966733250756,"rgba(38, 166, 154, 1.0)",4.065973989893123,111.44966733250756,0.21405268938164346,3,0.2955127102620898,0.8865381307862694,0.0,0.0,0.0,0.0,50.95000792771585,-0.17246483648825972,False,True,False,False,False,1.5741361567504235
2025-04-18 18:00:00+00:00,112.32,112.32,112.32,112.32,0.0,,,,,,,111.73247832637313,,111.44966733250756,"rgba(38, 166, 154, 1.0)",4.0319703195408785,111.44966733250756,0.21585790532097446,3,0.2982702375073271,0.8948107125219813,0.0,0.0,0.0,0.0,50.69129319647414,-0.17246483648825972,False,True,False,False,False,1.5741361567504235
2025-04-18 19:00:00+00:00,112.32,112.32,112.32,112.32,0.0,,,,,,,111.73247832637313,,111.44966733250756,"rgba(38, 166, 154, 1.0)",3.9981922683151865,111.44966733250756,0.21768154432932935,3,0.30112223375259195,0.9033667012577759,0.0,0.0,0.0,0.0,50.518816708979664,-0.17246483648825972,False,True,False,False,False,1.5741361567504235
2025-04-21 14:00:00+00:00,111.095,111.225,110.475,110.52,2601.0,,,,,,,111.66863670087798,,111.3356206450665,"rgba(239, 83, 80, 1.0)",3.942331160872068,111.3356206450665,-0.20688790763231624,3,0.3038345703876138,0.9115037111628415,0.0,0.0,0.0,0.0,42.1429060576748,-3.3301625381759976,False,True,False,True,False,0.0
2025-04-21 15:00:00+00:00,110.54,110.54,109.725,109.82,465.0,,,,,,,111.64998777506115,,111.30759133412906,"rgba(239, 83, 80, 1.0)",3.8938980932172957,111.30759133412906,-0.3820313984899271,4,0.28188433585027717,1.1275373434011087,0.0,0.0,0.0,0.0,35.05498589513334,-9.639548644980465,False,True,False,True,False,0.0
2025-04-21 16:00:00+00:00,109.82,110.33,109.795,109.975,559.0,,,,,,,111.62819009945572,,111.27687380237724,"rgba(239, 83, 80, 1.0)",3.8339436650827263,111.27687380237724,-0.3395651882509216,4,0.28477752951941165,1.1391101180776466,0.0,0.0,0.0,0.0,31.447667236546547,-12.600092260432362,False,True,False,True,False,0.0
2025-04-21 17:00:00+00:00,109.975,110.015,109.485,109.515,0.0,,,,,,,111.62819009945572,,111.27687380237724,"rgba(239, 83, 80, 1.0)",3.8200806639755958,111.27687380237724,-0.4612137693824608,4,0.2875943234587142,1.1503772938348569,0.0,0.0,0.0,0.0,28.041321498485555,-15.48995701720176,False,True,False,True,False,0.0
2025-04-21 18:00:00+00:00,109.515,109.845,109.325,109.39,32.0,109.52,,,,,,111.62656415447529,,111.11160199191352,"rgba(239, 83, 80, 1.0)",3.8100969307384527,111.11160199191352,-0.4518525442290637,4,0.28918947605469797,1.1567579042187919,0.0,0.0,0.0,0.0,25.512020264494605,-17.6945291591395,False,True,False,True,False,0.0
2025-04-21 19:00:00+00:00,109.39,110.41,109.39,110.41,200.0,109.99413793103449,,,,,,111.61909700734773,,111.12583606118179,"rgba(239, 83, 80, 1.0)",3.8000876388662435,111.12583606118179,-0.1883735664042105,4,0.2909150096891783,1.1636600387567133,0.0,0.0,0.0,0.0,30.48293206037239,-17.6945291591395,False,True,False,True,True,0.0
2025-04-22 14:00:00+00:00,111.38,111.855,111.26,111.85,100.0,110.49439759036144,,,,,,111.6191829181722,,111.15267625273616,"rgba(38, 166, 154, 1.0)",3.7961573292567086,111.15267625273616,0.18369200398772043,4,0.29232657648039984,1.1693063059215993,0.0,0.0,0.0,0.0,39.45802788770572,-18.65428188905439,False,True,False,True,True,0.8065428970316333
2025-04-22 15:00:00+00:00,111.86,112.175,111.815,112.02,10.0,110.53851851851852,,,,,,111.61927481798683,,111.15520587003894,"rgba(38, 166, 154, 1.0)",3.7987777194991446,111.15520587003894,0.22765062707461473,5,0.27159714479336394,1.3579857239668196,0.0,0.0,0.0,0.0,45.95934724143531,-13.045436911593441,False,True,False,False,True,1.228694903893647
2025-04-22 16:00:00+00:00,112.315,112.83,112.315,112.445,0.0,110.53851851851852,,,,,,111.61927481798683,,111.15520587003894,"rgba(38, 166, 154, 1.0)",3.8099707679000905,111.15520587003894,0.3385312404042242,5,0.27256797367940166,1.3628398683970082,0.0,0.0,0.0,0.0,51.56647419815757,-8.210014885234187,False,False,True,False,True,2.2841655883115948
2025-04-22 17:00:00+00:00,112.445,112.535,111.815,111.815,50.0,110.73194727891156,,,,,,111.61979538521582,,111.16659475135354,"rgba(38, 166, 154, 1.0)",3.785868192762912,111.16659475135354,0.17126989520817185,5,0.27380514105395026,1.3690257052697512,0.0,0.0,0.0,0.0,52.493349070010794,-7.478659092662944,False,False,True,False,True,0.6470614192717719
2025-04-22 18:00:00+00:00,111.815,112.465,111.815,112.465,0.0,110.73194727891156,,,,,,111.61979538521582,,111.16659475135354,"rgba(38, 166, 154, 1.0)",3.7773705438077108,111.16659475135354,0.3437325604116207,5,0.2735786395351446,1.367893197675723,0.0,0.0,0.0,0.0,55.16399298176341,-4.8013314563191045,False,False,True,False,True,2.269064582505873
2025-04-22 19:00:00+00:00,112.465,112.465,112.175,112.435,32.0,110.85469339622641,,,,,,111.62035965268329,,111.17421903841208,"rgba(38, 166, 154, 1.0)",3.7579195149819276,111.17421903841208,0.33549972439843206,5,0.2734360251760647,1.3671801258803233,0.0,0.0,0.0,0.0,56.80414560176237,-2.9223035370583546,True,False,True,False,True,2.1897605856912605
2025-04-23 14:00:00+00:00,115.49,115.49,115.49,115.49,0.0,110.85469339622641,,,,,,111.62035965268329,,111.17421903841208,"rgba(38, 166, 154, 1.0)",3.78950000029729,111.17421903841208,1.1388787336718147,5,0.27112984330739065,1.3556492165369534,0.0,0.0,0.0,0.0,63.79788042498326,3.913995960920815,True,False,True,False,True,9.206513827552023
2025-04-23 15:00:00+00:00,115.49,115.49,115.49,115.49,0.0,110.85469339622641,,,,,,111.62035965268329,,111.17421903841208,"rgba(38, 166, 154, 1.0)",3.8014677440443845,111.17421903841208,1.1352933267286798,5,0.2688984314521664,1.3444921572608322,0.0,0.0,0.0,0.0,68.46037030713052,8.404833625261148,True,False,True,False,True,9.206513827552044
2025-04-23 16:00:00+00:00,115.49,115.49,114.07,114.07,3.0,110.88060889929741,,,,,,111.62056900475898,,111.17591904506318,"rgba(38, 166, 154, 1.0)",3.7823322110776876,111.17591904506318,0.7651577898050923,5,0.26814553081997206,1.3407276540998603,0.0,0.0,0.0,0.0,66.20407261650905,8.404833625261148,True,False,True,False,True,5.454049010515874
2025-04-23 17:00:00+00:00,114.07,114.45,113.965,114.355,0.0,110.88060889929741,,,,,,111.62056900475898,,111.17591904506318,"rgba(38, 166, 154, 1.0)",3.7368235077307013,111.17591904506318,0.8507442078439007,5,0.2674890159776394,1.3374450798881972,0.0,0.0,0.0,0.0,65.26979797319899,8.404833625261148,True,False,True,False,True,6.083015701073823
2025-04-23 18:00:00+00:00,114.355,114.355,113.825,113.975,35.0,111.12084054834054,,,,,,111.6225987373075,,111.19194095780233,"rgba(38, 166, 154, 1.0)",3.6619512262978895,111.19194095780233,0.7599934762132928,5,0.26710477697088575,1.3355238848544286,0.0,0.0,0.0,0.0,63.32087515848569,8.404833625261148,True,False,True,False,False,5.097446489533372
2025-04-23 19:00:00+00:00,113.875,113.99,113.385,113.715,269.0,112.06871637026903,,,,,,111.63582282531408,,111.26579675509888,"rgba(38, 166, 154, 1.0)",3.5410824209149,111.26579675509888,0.691653837379005,5,0.2672223595388929,1.3361117976944645,0.0,0.0,0.0,0.0,61.108990561423596,8.404833625261148,True,False,True,False,False,4.423431495976541
2025-04-24 14:00:00+00:00,114.805,115.21,114.805,115.21,2.0,112.07691905411549,,,,,,111.63598585039821,,111.2665096794997,"rgba(38, 166, 154, 1.0)",3.4940727765128714,111.2665096794997,1.1286228343634963,5,0.26607687986476547,1.3303843993238273,0.0,0.0,0.0,0.0,62.949501563239686,8.404833625261148,True,False,True,False,False,7.744081939358434
2025-04-24 15:00:00+00:00,115.21,115.935,115.21,115.935,0.0,112.07691905411549,,,,,,111.63598585039821,,111.2665096794997,"rgba(38, 166, 154, 1.0)",3.4523773086210983,111.2665096794997,1.35225379591112,5,0.26427921512378727,1.3213960756189365,0.0,0.0,0.0,0.0,65.41474762751307,8.404833625261148,True,False,True,False,True,9.27435253539057
2025-04-24 16:00:00+00:00,115.935,116.325,115.91,116.31,0.0,112.07691905411549,,,,,,111.63598585039821,,111.2665096794997,"rgba(38, 166, 154, 1.0)",3.395585743364655,111.2665096794997,1.485307897276877,5,0.2619567866499809,1.3097839332499044,0.0,0.0,0.0,0.0,67.65960766267281,9.97474594757253,True,False,True,False,True,10.05428219229999
2025-04-24 17:00:00+00:00,116.31,116.335,116.155,116.335,0.0,112.07691905411549,,,,,,111.63598585039821,,111.2665096794997,"rgba(38, 166, 154, 1.0)",3.3937628562298015,111.2665096794997,1.493472153246139,5,0.25992255228443356,1.2996127614221678,0.0,0.0,0.0,0.0,69.19834697299395,11.878267825924247,True,False,True,False,True,10.10666675336033
2025-04-24 18:00:00+00:00,116.335,116.625,116.215,116.625,45.0,112.33207797772064,,,,,,111.64115562184817,,111.28857424721832,"rgba(38, 166, 154, 1.0)",3.391848763732952,111.28857424721832,1.5733088720938704,5,0.25787085369904283,1.2893542684952142,0.0,0.0,0.0,0.0,70.74128851011855,13.793179218758752,True,False,True,False,True,10.720369508742955
2025-04-24 19:00:00+00:00,116.625,116.66,116.46,116.46,14.0,112.40622474747474,,,,,,111.64277445109782,,111.2951875615153,"rgba(38, 166, 154, 1.0)",3.3460393421596186,111.2951875615153,1.5435599855054865,5,0.25651603842243154,1.2825801921121576,0.0,0.0,0.0,0.0,70.91897318340415,14.469080504024518,True,False,True,False,True,10.25228540597826
2025-04-25 14:00:00+00:00,117.045,117.4,117.045,117.265,0.0,112.40622474747474,,,,,,111.64277445109782,,111.2951875615153,"rgba(38, 166, 154, 1.0)",3.2594068326770085,111.2951875615153,1.8315640682331094,5,0.25434101825721933,1.2717050912860968,0.0,0.0,0.0,0.0,72.56481598986674,16.527193368683356,True,False,True,False,True,11.96585437309367
2025-04-25 15:00:00+00:00,117.265,117.51,117.06,117.06,0.0,112.40622474747474,,,,,,111.64277445109782,,111.2951875615153,"rgba(38, 166, 154, 1.0)",3.1572787889814213,111.2951875615153,1.8258800770471395,5,0.252795993992758,1.26397996996379,0.0,0.0,0.0,0.0,72.55701120245261,17.023965844620733,True,False,True,False,True,11.371861370658959
2025-04-25 16:00:00+00:00,117.06,118.055,117.06,118.055,0.0,112.40622474747474,,,,,,111.64277445109782,,111.2951875615153,"rgba(38, 166, 154, 1.0)",2.9885207374550387,111.2951875615153,2.26192589322342,5,0.24984083669295254,1.2492041834647627,0.0,0.0,0.0,0.0,74.3151679810166,19.150558208186567,True,False,True,False,True,13.453841850367908
2025-04-25 17:00:00+00:00,118.055,118.24,117.6,117.6,105.0,113.03916387959865,,,,,,111.65807119022888,,111.35376865107021,"rgba(38, 166, 154, 1.0)",2.8479314842073213,111.35376865107021,2.1932519737806566,5,0.2478081612763859,1.2390408063819296,0.0,0.0,0.0,0.0,73.147805424857,19.150558208186567,True,False,True,False,True,12.123615445323516
2025-04-25 18:00:00+00:00,117.6,117.69,117.6,117.69,1.0,113.0443095768374,,,,,,111.65821288885745,,111.35427475963652,"rgba(38, 166, 154, 1.0)",2.65874141633207,111.35427475963652,2.382979104866871,5,0.24437628679804488,1.2218814339902244,0.0,0.0,0.0,0.0,72.5609475119947,19.150558208186567,True,False,True,False,True,12.313891968724224
2025-04-25 19:00:00+00:00,117.69,117.91,117.69,117.91,284.0,114.19577270163563,,,,,,111.69936297616538,,111.48323728090384,"rgba(38, 166, 154, 1.0)",2.4932814171741096,111.48323728090384,2.5776323020849636,5,0.2408384385778919,1.2041921928894594,0.0,0.0,0.0,0.0,72.65918220202174,19.150558208186567,True,False,True,False,True,12.783523399218566
2025-04-28 14:00:00+00:00,118.2,118.615,118.2,118.615,33.0,114.31204389574759,,,,,,111.70460389620538,,111.79063154619834,"rgba(38, 166, 154, 1.0)",2.55411043381225,111.79063154619834,2.6719159686512235,5,0.2368528766757684,1.184264383378842,0.0,0.0,0.0,0.0,74.13735032928315,20.29721579204312,True,False,True,False,True,14.271241380235324
2025-04-28 15:00:00+00:00,118.615,118.615,117.315,117.33,266.0,114.9301282916948,,,,,,111.74207390156812,,111.85169604493328,"rgba(38, 166, 154, 1.0)",2.5879536856906373,111.85169604493328,2.1168477571130673,5,0.2342944012592069,1.1714720062960344,0.0,0.0,0.0,0.0,68.89081102251973,22.93186003684704,True,False,True,False,False,10.470072152283056
2025-04-28 16:00:00+00:00,117.33,117.335,116.95,117.29,262.0,115.27007267163893,,,,,,111.77512314244716,,111.907916969243,"rgba(38, 166, 154, 1.0)",2.636943465044008,111.907916969243,2.0410308761273277,5,0.2318102513986434,1.159051256993217,0.0,0.0,0.0,0.0,65.2291950202289,19.603348939548084,True,False,True,False,False,10.354630242149383
2025-04-28 17:00:00+00:00,117.29,117.29,116.97,117.05,106.0,115.37517036235803,,,,,,111.78816438841173,,111.93089533358648,"rgba(38, 166, 154, 1.0)",2.644051111321361,111.93089533358648,1.9360838542395855,5,0.22957929306103658,1.1478964653051829,0.0,0.0,0.0,0.0,61.74996493716978,16.510262847216893,True,False,True,False,False,9.654586622735284
2025-04-28 18:00:00+00:00,117.05,117.585,117.05,117.53,154.0,115.52995173905809,,,,,,111.80800760817884,,111.96976363007215,"rgba(38, 166, 154, 1.0)",2.6478674914452727,111.96976363007215,2.099892229460823,5,0.22926013881008198,1.14630069405041,0.0,0.0,0.0,0.0,61.05725827893842,15.943547092472656,True,False,True,False,False,10.730328355896024
2025-04-28 19:00:00+00:00,117.53,118.095,117.53,117.93,4.0,115.53457897359243,,,,,,111.80856378165313,,111.97097862205814,"rgba(38, 166, 154, 1.0)",2.6555982037612975,111.97097862205814,2.24394690789507,5,0.2282931065945927,1.1414655329729635,0.0,0.0,0.0,0.0,61.830889990417816,15.943547092472656,True,False,True,False,False,11.617595292344252
2025-04-29 14:00:00+00:00,117.55,117.94,117.415,117.695,231.0,115.75636729222522,,,,,,111.83962018750337,,112.03376474065627,"rgba(38, 166, 154, 1.0)",2.6522243766590585,112.03376474065627,2.134523500034731,5,0.2280584325533211,1.1402921627666054,0.0,0.0,0.0,0.0,61.13687699434005,15.837188829882024,True,False,True,False,False,10.906616532269105
2025-04-29 15:00:00+00:00,117.695,117.805,117.61,117.785,199.0,115.91780194227877,,,,,,111.86633899823829,,112.08541357587976,"rgba(38, 166, 154, 1.0)",2.643009736733642,112.08541357587976,2.1564757575066915,5,0.22764884616260947,1.1382442308130474,0.0,0.0,0.0,0.0,60.99726133731972,15.428467689250482,True,False,True,False,False,11.111554016309768
2025-04-29 16:00:00+00:00,117.72,118.13,117.72,117.8,95.0,115.99154818325435,,,,,,111.87933289384954,,112.11043326567554,"rgba(38, 166, 154, 1.0)",2.6082735168572873,112.11043326567554,2.1813535649358684,5,0.22803849007953078,1.140192450397654,0.0,0.0,0.0,0.0,60.96303372370362,15.048187073407561,True,False,True,False,False,11.146277005056024
2025-04-29 17:00:00+00:00,117.8,118.4,117.8,118.4,100.0,116.07545592705168,,,,,,111.89366839793462,,112.13888649393758,"rgba(38, 166, 154, 1.0)",2.6121400566730717,112.13888649393758,2.396928713706431,5,0.22823647278429532,1.1411823639214767,0.0,0.0,0.0,0.0,63.133045721063034,15.048187073407561,True,False,True,False,True,12.532030804935147
2025-04-29 18:00:00+00:00,118.4,118.645,118.275,118.645,14.0,116.0883988410179,,,,,,111.8957722858331,,112.1431970133035,"rgba(38, 166, 154, 1.0)",2.6105103777676746,112.1431970133035,2.490625221055959,5,0.22954204328468492,1.1477102164234245,0.0,0.0,0.0,0.0,65.35748944029143,11.48190402173659,True,False,True,False,True,13.091835504963669
2025-04-29 19:00:00+00:00,118.645,118.645,118.2,118.335,159.0,116.21905288175877,,,,,,111.91911207000427,,112.18915785567887,"rgba(38, 166, 154, 1.0)",2.6349234565015154,112.18915785567887,2.3324556655171995,5,0.2320889278082589,1.1604446390412946,0.0,0.0,0.0,0.0,64.6845695447345,11.48190402173659,True,False,True,False,True,12.084235340954805
2025-04-30 14:00:00+00:00,116.645,116.965,116.57,116.92,412.0,116.29580250751218,,,,,,111.9642924612768,,112.45916701339608,"rgba(239, 83, 80, 1.0)",2.63654936243204,112.45916701339608,1.6919209062291551,5,0.23740659384752894,1.1870329692376447,0.0,0.0,0.0,0.0,57.42939995957521,11.69241902312232,False,False,True,False,False,7.6795070930409395
2025-04-30 15:00:00+00:00,116.92,117.725,116.92,117.725,12.0,116.300116651182,,,,,,111.96576732008599,,112.46241120359973,"rgba(239, 83, 80, 1.0)",2.6460256990438014,112.46241120359973,1.988865338043397,5,0.24022027103087962,1.201101355154398,0.0,0.0,0.0,0.0,55.84703956181653,10.418955394105268,False,False,True,False,False,9.59981950281254
2025-04-30 16:00:00+00:00,117.725,117.77,117.48,117.725,0.0,116.300116651182,,,,,,111.96576732008599,,112.46241120359973,"rgba(239, 83, 80, 1.0)",2.6576760694430592,112.46241120359973,1.980146812061671,5,0.24344670614783842,1.2172335307391922,0.0,0.0,0.0,0.0,54.79213262997742,9.48435645415315,False,True,True,False,False,9.59981950281254
2025-04-30 17:00:00+00:00,117.68,118.125,117.475,118.055,236.0,116.40806253006252,,,,,,111.99686292404958,,112.5333492622043,"rgba(239, 83, 80, 1.0)",2.689263940289377,112.5333492622043,2.053220085642302,5,0.2474801579044003,1.2374007895220016,0.0,0.0,0.0,0.0,55.37445636242415,9.48435645415315,False,True,True,False,False,10.386527547136886
2025-04-30 18:00:00+00:00,118.055,118.295,117.915,118.03,6.0,116.41095265533467,,,,,,111.99767527264642,,112.5351194536855,"rgba(239, 83, 80, 1.0)",2.7101193418089613,112.5351194536855,2.0275419098875402,5,0.2490535004538999,1.2452675022694994,0.0,0.0,0.0,0.0,55.632654704725724,9.48435645415315,False,True,True,False,False,10.3072006754088
2025-04-30 19:00:00+00:00,118.03,118.575,117.89,118.575,106.0,116.46831516168109,,,,,,112.01261871983903,,112.56886210878899,"rgba(38, 166, 154, 1.0)",2.7380643636444404,112.56886210878899,2.1935707468967873,5,0.2504426737324758,1.252213368662379,0.0,0.0,0.0,0.0,57.920001956057654,9.48435645415315,False,True,True,False,True,11.61708694285361
2025-05-01 14:00:00+00:00,119.47,119.47,119.47,119.47,0.0,116.46831516168109,,,,,,112.01261871983903,,112.56886210878899,"rgba(38, 166, 154, 1.0)",2.7873648021995074,112.56886210878899,2.475864617995221,5,0.2529118097763591,1.2645590488817953,0.0,0.0,0.0,0.0,62.08215204842081,7.513954624629974,False,False,True,False,True,13.697067857587609
2025-05-01 15:00:00+00:00,119.47,120.72,119.47,120.51,27.0,116.49652145763964,,,,,,112.01754425286089,,112.58361370751405,"rgba(38, 166, 154, 1.0)",2.8592075069095118,112.58361370751405,2.77223191158081,5,0.2570156678673238,1.2850783393366192,0.0,0.0,0.0,0.0,66.98921369946949,11.988468029884388,True,False,True,False,True,15.993080756875127
2025-05-01 16:00:00+00:00,120.51,120.51,119.805,119.805,132.0,116.62171930763739,,,,,,112.04097525537495,,112.64767467153808,"rgba(38, 166, 154, 1.0)",2.911369910670384,112.64767467153808,2.4584046507555777,5,0.2625274091465465,1.3126370457327323,0.0,0.0,0.0,0.0,66.63757488729742,11.988468029884388,True,False,True,False,True,13.695223686616412
2025-05-01 17:00:00+00:00,119.805,120.24,119.805,119.92,33.0,116.65119616166974,,,,,,112.04677393797363,,112.66247881929777,"rgba(38, 166, 154, 1.0)",2.9675219406886577,112.66247881929777,2.445650386334805,5,0.2725529153126445,1.3627645765632224,0.0,0.0,0.0,0.0,66.69058011354751,11.988468029884388,True,False,True,False,True,13.951831531336243
2025-05-01 18:00:00+00:00,119.92,120.03,119.87,119.985,33.0,116.6799298614764,,,,,,112.05254472209344,,112.67685134922223,"rgba(38, 166, 154, 1.0)",3.0234460873717155,112.67685134922223,2.417158579841173,6,0.2511161653800225,1.5066969922801352,0.0,0.0,0.0,0.0,66.90123738164502,12.176050029742115,True,False,True,False,True,14.098856300444531
2025-05-01 19:00:00+00:00,119.985,120.19,119.985,120.075,41.0,116.71623991673171,,,,,,112.05981288537677,,112.6948458835229,"rgba(38, 166, 154, 1.0)",3.0756389755802265,112.6948458835229,2.399551499728546,7,0.23848461852818112,1.669392329697268,0.0,0.0,0.0,0.0,67.30397276965431,12.893902031785764,True,False,True,False,True,14.305380589881896
2025-05-02 14:00:00+00:00,120.075,122.24,120.075,122.24,1034.0,117.7343585537557,,,,,,112.27088225138132,,113.1744527048356,"rgba(38, 166, 154, 1.0)",3.1807165788474467,113.1744527048356,2.850158783543472,7,0.2440675100972046,1.7084725706804322,0.0,0.0,0.0,0.0,71.76666668309078,17.28840401637531,True,False,True,False,True,18.969399281652393
2025-05-02 15:00:00+00:00,122.335,122.335,121.955,122.015,20.0,117.7521952215642,,,,,,112.27512368050174,,113.18303639602132,"rgba(38, 166, 154, 1.0)",3.2725012845922135,113.18303639602132,2.698841905902943,7,0.24035697619622523,1.6824988333735766,0.0,0.0,0.0,0.0,73.5557280110958,19.03404688378643,True,False,True,False,True,18.209824874210792
2025-05-02 16:00:00+00:00,122.015,122.595,122.015,122.415,252.0,117.97681103126818,,,,,,112.3295514360912,,113.29181239489586,"rgba(38, 166, 154, 1.0)",3.3641823873171828,113.29181239489586,2.711858797994472,7,0.23572539643485088,1.6500777750439561,0.0,0.0,0.0,0.0,75.3661620584974,20.81651695676014,True,False,True,False,True,19.030528731715744
2025-05-02 17:00:00+00:00,122.415,122.57,122.215,122.555,281.0,118.20812400245546,,,,,,112.39018206118006,,113.40746188347175,"rgba(38, 166, 154, 1.0)",3.4525687238334264,113.40746188347175,2.6494876273951866,5,0.2422438145728764,1.211219072864382,0.0,0.0,0.0,0.0,76.78972325786057,22.26181089662265,True,False,True,False,True,19.317918101611717
2025-05-02 18:00:00+00:00,122.555,122.555,122.145,122.155,460.0,118.5265217883418,,,,,,112.48631115053477,,113.57779915793563,"rgba(38, 166, 154, 1.0)",3.52061355729648,113.57779915793563,2.436280126311535,4,0.18606735682335657,0.7442694272934263,0.0,0.0,0.0,0.0,75.33869296514054,22.26181089662265,True,False,True,False,True,17.926792563779262
2025-05-02 19:00:00+00:00,122.155,122.675,122.155,122.19,156.0,118.62491785202334,,,,,,112.51866933305276,,113.63293194675359,"rgba(38, 166, 154, 1.0)",3.5803744934731956,113.63293194675359,2.389992462756459,4,0.18453559524376517,0.7381423809750607,0.0,0.0,0.0,0.0,74.45238976353897,22.26181089662265,True,False,True,False,False,18.00185364688905
2025-05-05 14:00:00+00:00,122.34,122.7,122.22,122.7,300.0,118.80999894946946,,,,,,112.58155813548105,,113.73864920141145,"rgba(38, 166, 154, 1.0)",3.649391912816879,113.73864920141145,2.4555736990362047,3,0.21052098712319026,0.6315629613695708,0.0,0.0,0.0,0.0,75.01206631061295,22.26181089662265,True,False,True,False,False,19.0950763980221
2025-05-05 15:00:00+00:00,122.43,122.7,122.085,122.625,0.0,118.80999894946946,,,,,,112.58155813548105,,113.73864920141145,"rgba(38, 166, 154, 1.0)",3.691940140359792,113.73864920141145,2.406959609513752,3,0.2089162976622406,0.6267488929867218,0.0,0.0,0.0,0.0,74.86561510183856,22.26181089662265,True,False,True,False,False,18.82503417655727
2025-05-05 16:00:00+00:00,122.625,122.69,122.28,122.68,1.0,118.81058820440101,,,,,,112.58176665411604,,113.73899373648976,"rgba(38, 166, 154, 1.0)",3.718326633709687,113.73899373648976,2.4045779578514366,3,0.20765686013567067,0.622970580407012,0.0,0.0,0.0,0.0,74.90876675100075,22.26181089662265,True,False,True,False,False,18.945413328035887
2025-05-05 17:00:00+00:00,122.68,122.685,122.315,122.68,0.0,118.81058820440101,,,,,,112.58176665411604,,113.73899373648976,"rgba(38, 166, 154, 1.0)",3.760024748337163,113.73899373648976,2.3779115463174345,3,0.2074393326247452,0.6223179978742356,0.0,0.0,0.0,0.0,74.93753451710889,22.26181089662265,True,False,True,False,False,18.945413328035887
2025-05-05 18:00:00+00:00,122.68,122.9,122.41,122.875,0.0,118.81058820440101,,,,,,112.58176665411604,,113.73899373648976,"rgba(38, 166, 154, 1.0)",3.8049128057630006,113.73899373648976,2.4011079175513963,3,0.206158727456256,0.618476182368768,0.0,0.0,0.0,0.0,75.53486372672141,22.623658493054407,True,False,True,False,False,19.38537741301851
2025-05-05 19:00:00+00:00,122.875,122.875,122.22,122.22,602.0,119.12486400920994,,,,,,112.70434253291477,,114.39328012807164,"rgba(38, 166, 154, 1.0)",3.8400125070178928,114.39328012807164,2.0382016614853415,3,0.20601592181774606,0.6180477654532381,0.0,0.0,0.0,0.0,70.6213364897813,23.720507187078397,True,False,True,False,False,16.912729128089182
2025-05-06 14:00:00+00:00,121.31,121.64,121.31,121.53,0.0,119.12486400920994,,,,,,112.70434253291477,,114.39328012807164,"rgba(38, 166, 154, 1.0)",3.858011439883252,114.39328012807164,1.8498441446156855,3,0.20519967475805997,0.6155990242741799,0.0,0.0,0.0,0.0,63.34310721920474,17.166431912390863,False,True,True,False,False,14.395318169155583
2025-05-06 15:00:00+00:00,121.53,121.84,121.53,121.565,1.0,119.12522661870503,,,,,,112.70452722289942,,114.3934732372152,"rgba(38, 166, 154, 1.0)",3.872018302996318,114.3934732372152,1.8521417518184735,3,0.20422081205691123,0.6126624361707337,0.0,0.0,0.0,0.0,58.68122007388562,13.281259051245193,False,True,True,False,False,14.481113225831127
2025-05-06 16:00:00+00:00,121.49,121.63,121.26,121.26,0.0,119.12522661870503,,,,,,112.70452722289942,,114.3934732372152,"rgba(38, 166, 154, 1.0)",3.8689739694880747,114.3934732372152,1.7747668547104103,3,0.20376689455277017,0.6113006836583105,0.0,0.0,0.0,0.0,53.95268418219689,9.338672331501954,False,True,False,False,False,13.368714844471668
2025-05-06 17:00:00+00:00,121.26,121.26,121.11,121.11,0.0,119.12522661870503,,,,,,112.70452722289942,,114.3934732372152,"rgba(38, 166, 154, 1.0)",3.8600376637755076,114.3934732372152,1.7400158619735726,3,0.20334463141497724,0.6100338942449317,0.0,0.0,0.0,0.0,50.03377610020483,6.099223001782022,False,True,False,True,False,12.820826785511755
2025-05-06 18:00:00+00:00,121.11,121.79,121.11,121.545,110.0,119.16194169027384,,,,,,112.72442634157075,,115.24741726626101,"rgba(38, 166, 154, 1.0)",3.853788793260829,115.24741726626101,1.63412762649361,3,0.20194268685052563,0.6058280605515769,0.0,0.0,0.0,0.0,50.20127519575063,6.099223001782022,False,True,False,False,False,13.94107528337068
2025-05-06 19:00:00+00:00,121.545,121.95,121.535,121.63,569.0,119.35161270590291,,,,,,112.82852401129952,,115.38682824019331,"rgba(38, 166, 154, 1.0)",3.8448202936014786,115.38682824019331,1.6237876631572419,3,0.20101607759513226,0.6030482327853968,0.0,0.0,0.0,0.0,50.819827991825676,6.099223001782022,False,True,False,False,False,14.159632348458807
2025-05-07 14:00:00+00:00,121.63,121.945,121.63,121.805,0.0,119.35161270590291,,,,,,112.82852401129952,,115.38682824019331,"rgba(38, 166, 154, 1.0)",3.834398283720387,115.38682824019331,1.6738406615338253,3,0.2001317168926998,0.6003951506780993,0.0,0.0,0.0,0.0,52.29449979845933,6.099223001782022,False,True,True,False,True,14.613727607001227
2025-05-07 15:00:00+00:00,121.805,121.82,121.425,121.74,200.0,119.4106254523779,,,,,,112.86436698587899,,115.42878727422234,"rgba(38, 166, 154, 1.0)",3.8187385398892735,115.42878727422234,1.6526956899124725,3,0.19920095458227793,0.5976028637468338,0.0,0.0,0.0,0.0,52.779950709444215,6.099223001782022,False,True,True,False,True,14.360942136215982
2025-05-07 16:00:00+00:00,121.855,122.28,121.84,122.225,1.0,119.41097083865473,,,,,,112.86455466737009,,115.4290849665222,"rgba(38, 166, 154, 1.0)",3.8062023493666137,115.4290849665222,1.785484430329538,3,0.19804323198664744,0.5941296959599424,0.0,0.0,0.0,0.0,55.95422440583473,6.099223001782022,False,True,True,False,True,15.635922785448564
2025-05-07 17:00:00+00:00,122.225,122.23,121.86,121.86,0.0,119.41097083865473,,,,,,112.86455466737009,,115.4290849665222,"rgba(38, 166, 154, 1.0)",3.741999451081129,115.4290849665222,1.7185772252371119,3,0.19709210299222255,0.5912763089766676,0.0,0.0,0.0,0.0,55.25925831112397,6.099223001782022,False,True,True,False,True,14.195731202169988
2025-05-07 18:00:00+00:00,121.86,122.195,121.805,122.185,650.0,119.6141491745283,,,,,,112.98426316773137,,115.5975137310335,"rgba(38, 166, 154, 1.0)",3.6549509492523966,115.5975137310335,1.8023460124174693,3,0.19575576075621473,0.5872672822686442,0.0,0.0,0.0,0.0,56.632004454903054,1.3694937153075912,False,True,True,False,True,15.061084021291343
2025-05-07 19:00:00+00:00,122.185,122.195,121.42,122.01,600.0,119.76354460352421,,,,,,113.08981416991506,,115.72276383580052,"rgba(38, 166, 154, 1.0)",3.560308137793071,115.72276383580052,1.7659247236102307,3,0.1945356460707044,0.5836069382121132,0.0,0.0,0.0,0.0,56.212121590183,1.3694937153075912,False,True,True,False,True,14.362301393654715
2025-05-08 14:00:00+00:00,123.095,123.45,123.025,123.23,618.0,119.98476129098782,,,,,,113.21237266323939,,115.92183512141408,"rgba(38, 166, 154, 1.0)",3.460465520940951,115.92183512141408,2.111902238112383,3,0.19272568262714418,0.5781770478814325,0.0,0.0,0.0,0.0,61.07903658037043,6.038001451174367,False,False,True,False,True,17.534136299521414
2025-05-08 15:00:00+00:00,123.23,123.72,123.145,123.72,357.0,120.11057483838884,,,,,,113.28386386872185,,116.0339777808891,"rgba(38, 166, 154, 1.0)",3.352713331718679,116.0339777808891,2.2924781985970935,3,0.19069910865601894,0.5720973259680568,0.0,0.0,0.0,0.0,65.63897530513843,10.286265427355296,True,False,True,False,True,18.74021624547406
2025-05-08 16:00:00+00:00,123.72,124.27,123.72,124.025,1270.0,120.54730066225164,,,,,,113.54181784884315,,116.94613342287252,"rgba(38, 166, 154, 1.0)",3.2738983457611863,116.94613342287252,2.1622133094916354,3,0.18858213087575723,0.5657463926272717,0.0,0.0,0.0,0.0,69.40658745654588,13.6917529196376,True,False,True,False,True,19.4803169533922
2025-05-08 17:00:00+00:00,124.025,124.025,123.445,123.53,230.0,120.60939102841482,,,,,,113.58574426880956,,116.99875912429741,"rgba(38, 166, 154, 1.0)",3.2196715181341276,116.99875912429741,2.028542613405356,3,0.1872280398825823,0.5616841196477469,0.0,0.0,0.0,0.0,68.42078798885058,13.6917529196376,True,False,True,False,True,17.46588057864231
2025-05-08 18:00:00+00:00,123.52,124.115,123.39,123.795,111.0,120.639431967541,,,,,,113.60701640784319,,117.02493193704629,"rgba(38, 166, 154, 1.0)",3.167135965699079,117.02493193704629,2.137599438822754,3,0.18584139459513402,0.557524183785402,0.0,0.0,0.0,0.0,68.61240948383126,13.6917529196376,True,False,True,False,True,18.128284871783972
2025-05-08 19:00:00+00:00,123.655,123.955,123.12,123.23,367.0,120.7246952824178,,,,,,113.67444462100256,,117.09883659472928,"rgba(38, 166, 154, 1.0)",3.1079225673565416,117.09883659472928,1.9727529474730823,3,0.18509758013574254,0.5552927404072276,0.0,0.0,0.0,0.0,65.19811014298614,13.6917529196376,True,False,True,False,False,15.85260304579121
2025-05-09 14:00:00+00:00,123.61,123.85,123.205,123.43,187.0,120.76708865248226,,,,,,113.70865620944261,,117.13691163555595,"rgba(38, 166, 154, 1.0)",3.0240120119880514,117.13691163555595,2.0810394732218165,3,0.18449153235861873,0.5534745970758562,0.0,0.0,0.0,0.0,63.723822868418715,13.6917529196376,False,False,True,False,False,16.370096177826078
2025-05-09 15:00:00+00:00,123.43,123.485,123.17,123.45,200.0,120.80897665056361,,,,,,113.7445131374624,,117.17503812140733,"rgba(38, 166, 154, 1.0)",2.951736796720953,117.17503812140733,2.1258541363049215,3,0.18389823511122885,0.5516947053336866,0.0,0.0,0.0,0.0,62.825417439393725,18.267743228142038,False,False,True,False,False,16.42239290431638
2025-05-09 16:00:00+00:00,123.455,123.465,123.07,123.215,98.0,120.82808675507269,,,,,,113.76177118649308,,117.19264295568387,"rgba(38, 166, 154, 1.0)",2.864966397614255,117.19264295568387,2.1020689978532165,3,0.18427597725505832,0.552827931765175,0.0,0.0,0.0,0.0,60.626204362131546,15.956741702675856,False,True,True,False,False,15.45500706439465
2025-05-09 17:00:00+00:00,123.21,123.765,123.2,123.73,52.0,120.83940891010342,,,,,,113.77120626577091,,117.20323418125591,"rgba(38, 166, 154, 1.0)",2.8620836405956234,117.20323418125591,2.2804245571893285,3,0.18489968424201234,0.554699052726037,0.0,0.0,0.0,0.0,61.53017107395218,15.956741702675856,False,True,True,False,False,16.831420462344003
2025-05-09 18:00:00+00:00,123.705,123.705,123.38,123.535,213.0,120.88440819838847,,,,,,113.80956681784109,,117.24572689737734,"rgba(38, 166, 154, 1.0)",2.8514203825808493,117.24572689737734,2.205663234030113,2,0.17748678817893124,0.3549735763578625,0.0,0.0,0.0,0.0,60.766478063577445,15.649172124673044,False,True,True,False,False,16.018524918531508
2025-05-09 19:00:00+00:00,123.545,123.83,123.375,123.645,372.0,120.96167160775369,,,,,,113.87636729287979,,117.32019128860358,"rgba(38, 166, 154, 1.0)",2.8032454646595686,117.32019128860358,2.256245052790806,2,0.17745576716539402,0.35491153433078804,0.0,0.0,0.0,0.0,60.79335265125414,15.321203144572166,False,True,True,False,False,16.317533599795997
2025-05-12 14:00:00+00:00,125.37,125.695,124.965,125.375,0.0,120.96167160775369,,,,,,113.87636729287979,,117.32019128860358,"rgba(38, 166, 154, 1.0)",2.793535333167803,117.32019128860358,2.883374559741994,2,0.17610319146279851,0.35220638292559703,0.0,0.0,0.0,0.0,66.1761200034156,11.518206677991792,True,False,True,False,True,20.0
2025-05-12 15:00:00+00:00,125.36,125.71,125.22,125.4,88.0,120.99145233960078,,,,,,113.89497525989306,,117.34873253602488,"rgba(38, 166, 154, 1.0)",2.7652275569002844,117.34873253602488,2.9116111778519556,2,0.17492342343888903,0.34984684687777806,0.0,0.0,0.0,0.0,69.81565570579717,14.896865130604453,True,False,True,False,True,20.0
2025-05-12 16:00:00+00:00,125.41,125.785,125.41,125.785,24.0,120.99989774126279,,,,,,113.90013479272503,,117.35680755507414,"rgba(38, 166, 154, 1.0)",2.729383783537429,117.35680755507414,3.0879469921970673,2,0.17369323720456858,0.34738647440913717,0.0,0.0,0.0,0.0,73.02956041349965,17.819169550692294,True,False,True,False,True,20.0
2025-05-12 17:00:00+00:00,125.785,125.955,125.72,125.865,245.0,121.08777950463785,,,,,,113.95337923632468,,117.44051438992679,"rgba(38, 166, 154, 1.0)",2.7310854555954487,117.44051438992679,3.0846656932001584,2,0.17289792881982685,0.3457958576396537,0.0,0.0,0.0,0.0,75.33338820006017,19.914406009035687,True,False,True,False,True,20.0
2025-05-12 18:00:00+00:00,125.865,125.91,125.57,125.57,417.0,121.22535908296838,,,,,,114.0416906189067,,117.57133529766793,"rgba(38, 166, 154, 1.0)",2.7364197724710273,117.57133529766793,2.923040091582569,2,0.17246714676902422,0.34493429353804844,0.0,0.0,0.0,0.0,74.49813893931628,19.914406009035687,True,False,True,False,True,20.0
2025-05-12 19:00:00+00:00,125.57,125.795,125.505,125.505,351.0,121.33292798786181,,,,,,114.11448617664477,,117.67385024933881,"rgba(38, 166, 154, 1.0)",2.7428360413172257,117.67385024933881,2.8551286452034277,2,0.17223714971350307,0.34447429942700614,0.0,0.0,0.0,0.0,73.41740266758806,19.914406009035687,True,False,True,False,True,20.0
2025-05-13 14:00:00+00:00,126.755,127.25,126.66,127.24,252.0,121.43206796495092,,,,,,114.17270534550201,,117.76646961925455,"rgba(38, 166, 154, 1.0)",2.790109739841704,117.76646961925455,3.3953970503263866,2,0.17101235242298424,0.3420247048459685,0.0,0.0,0.0,0.0,76.46454846959807,21.131000992857267,True,False,True,False,True,20.0
2025-05-13 15:00:00+00:00,127.24,127.715,127.225,127.64,0.0,121.43206796495092,,,,,,114.17270534550201,,117.76646961925455,"rgba(38, 166, 154, 1.0)",2.847475501163951,117.76646961925455,3.4674680701236893,2,0.1697169707436108,0.3394339414872216,0.0,0.0,0.0,0.0,79.03404027671684,23.642275339391915,True,False,True,False,True,20.0
2025-05-13 16:00:00+00:00,127.64,127.705,127.325,127.68,200.0,121.51539585030321,,,,,,114.22039018704068,,117.84372610621355,"rgba(38, 166, 154, 1.0)",2.8937236415236094,117.84372610621355,3.399175288420922,2,0.16862045327096695,0.3372409065419339,0.0,0.0,0.0,0.0,80.80139843693041,25.411309106303293,True,False,True,False,True,20.0
2025-05-13 17:00:00+00:00,127.68,127.78,127.455,127.55,44.0,121.53349970673163,,,,,,114.23085489463863,,117.86049125268403,"rgba(38, 166, 154, 1.0)",2.944655067825024,117.86049125268403,3.2905411751580185,2,0.16783022961428495,0.3356604592285699,0.0,0.0,0.0,0.0,80.9589373904731,25.76977012600338,True,False,True,False,True,20.0
2025-05-13 18:00:00+00:00,127.55,127.89,127.545,127.845,0.0,121.53349970673163,,,,,,114.23085489463863,,117.86049125268403,"rgba(38, 166, 154, 1.0)",2.9924870987249284,117.86049125268403,3.3365252440253728,1,0.1551060282151255,0.1551060282151255,0.0,0.0,0.0,0.0,81.59345973333618,26.676997047499682,True,False,True,False,True,20.0
2025-05-13 19:00:00+00:00,127.845,128.06,127.585,127.6,379.0,121.68892180798417,,,,,,114.3213470755173,,118.0040367782884,"rgba(38, 166, 154, 1.0)",3.0443536969990057,118.0040367782884,3.1520526774437845,1,0.15642627029527473,0.15642627029527473,0.0,0.0,0.0,0.0,79.98809983514352,26.676997047499682,True,False,True,False,True,20.0
2025-05-14 14:00:00+00:00,127.82,128.075,127.82,127.95,3130.0,122.76039886974753,,,,,,115.03526758614537,,119.00511621008039,"rgba(38, 166, 154, 1.0)",3.091248846733549,119.00511621008039,2.8936149218046507,1,0.15768781241591578,0.15768781241591578,0.0,0.0,0.0,0.0,79.73501630918061,26.676997047499682,True,False,True,False,True,20.0
2025-05-14 15:00:00+00:00,127.95,128.15,127.64,128.075,1124.0,123.06122486131864,,,,,,115.27384580841607,,119.29810043180495,"rgba(38, 166, 154, 1.0)",3.1362232594846264,119.29810043180495,2.798557003762971,1,0.15956869981961433,0.15956869981961433,0.0,0.0,0.0,0.0,79.8480081777408,26.676997047499682,True,False,True,False,True,20.0
2025-05-14 16:00:00+00:00,128.075,128.2,127.78,127.91,1000.0,123.30141832851521,,,,,,115.47895163897333,,119.53811941473948,"rgba(38, 166, 154, 1.0)",3.1743176793964327,119.53811941473948,2.63737956651281,1,0.16205249992507081,0.16205249992507081,0.0,0.0,0.0,0.0,78.40248263789599,26.676997047499682,True,False,True,False,False,20.0
2025-05-14 17:00:00+00:00,127.845,127.98,127.59,127.92,3830.0,124.01697869824113,,,,,,116.19898139973823,,120.30287836388372,"rgba(38, 166, 154, 1.0)",3.2183103773072745,120.30287836388372,2.3668076546704744,1,0.16397118288095308,0.16397118288095308,0.0,0.0,0.0,0.0,77.47038852959497,26.676997047499682,True,False,True,False,False,20.0
2025-05-14 18:00:00+00:00,127.92,128.04,127.695,127.93,1191.0,124.19829145366366,,,,,,116.40711753801077,,120.5091869236117,"rgba(38, 166, 154, 1.0)",3.2337653101423536,120.5091869236117,2.294790241305929,0,,,0.0,0.0,0.0,0.0,76.8842397555162,26.676997047499682,True,False,True,False,False,20.0
2025-05-14 19:00:00+00:00,127.865,128.045,127.78,127.81,1924.0,124.45713478833076,,,,,,116.72785081791719,,120.81531965897925,"rgba(38, 166, 154, 1.0)",3.239355351005669,120.81531965897925,2.159281580160457,0,,,0.0,0.0,0.0,0.0,75.09824447982379,28.367388356451826,True,False,True,False,False,20.0
2025-05-15 14:00:00+00:00,128.335,128.42,127.88,128.295,0.0,124.45713478833076,,,,,,116.72785081791719,,120.81531965897925,"rgba(38, 166, 154, 1.0)",3.244261590912363,120.81531965897925,2.305510863233836,0,,,0.0,0.0,0.0,0.0,75.81415076020221,28.367388356451826,True,False,True,False,False,20.0
2025-05-15 15:00:00+00:00,128.295,128.67,128.27,128.605,66.0,124.46690207877462,,,,,,116.73914528859791,,120.82650755901759,"rgba(38, 166, 154, 1.0)",3.260407366909405,120.82650755901759,2.3857425056537545,0,,,0.0,0.0,0.0,0.0,77.24871309114063,28.367388356451826,True,False,True,False,True,20.0
2025-05-15 16:00:00+00:00,128.605,128.79,128.39,128.775,843.0,124.59172097795705,,,,,,116.88317809777882,,120.96934798836844,"rgba(38, 166, 154, 1.0)",3.282346875180609,120.96934798836844,2.378070419873605,0,,,0.0,0.0,0.0,0.0,78.68385520137079,25.61693864367085,True,False,True,False,True,20.0
2025-05-15 17:00:00+00:00,128.76,128.86,128.555,128.555,300.0,124.63441550257326,,,,,,116.93362005274535,,121.01876167684861,"rgba(38, 166, 154, 1.0)",3.287597699024244,121.01876167684861,2.2923237613252203,0,,,0.0,0.0,0.0,0.0,77.0535808340671,25.61693864367085,True,False,True,False,False,20.0
2025-05-15 18:00:00+00:00,128.555,128.765,128.545,128.645,0.0,124.63441550257326,,,,,,116.93362005274535,,121.01876167684861,"rgba(38, 166, 154, 1.0)",3.2903968927335443,121.01876167684861,2.317725967950265,0,,,0.0,0.0,0.0,0.0,76.33327791936637,25.61693864367085,True,False,True,False,False,20.0
2025-05-15 19:00:00+00:00,128.645,128.815,128.53,128.7,517.0,124.70636972718937,,,,,,117.01972476218832,,121.10255669839546,"rgba(38, 166, 154, 1.0)",3.28827729481052,121.10255669839546,2.310463084605009,0,,,0.0,0.0,0.0,0.0,76.08773363482915,25.61693864367085,True,False,True,False,False,20.0
2025-05-16 14:00:00+00:00,128.36,128.565,128.07,128.18,927.0,124.8165117028249,,,,,,117.16567598578348,,121.23755891011463,"rgba(38, 166, 154, 1.0)",3.2824362409153482,121.23755891011463,2.115026943508701,0,,,0.0,0.0,0.0,0.0,70.1353659107626,23.478536394439857,False,False,True,False,False,20.0
2025-05-16 15:00:00+00:00,128.18,128.835,128.18,128.835,415.0,124.86835130278527,,,,,,117.23178749136308,,121.29987414169538,"rgba(38, 166, 154, 1.0)",3.289630010138282,121.29987414169538,2.290569406006811,0,,,0.0,0.0,0.0,0.0,69.58641074986163,23.10745430307955,False,False,True,False,False,20.0
2025-05-16 16:00:00+00:00,128.84,128.965,128.75,128.795,439.0,124.92480088137133,,,,,,117.30223193215343,,121.36698470049419,"rgba(38, 166, 154, 1.0)",3.2835658243015766,121.36698470049419,2.2621795014831965,0,,,0.0,0.0,0.0,0.0,68.84164887507418,22.41016563814817,False,False,True,False,False,20.0
2025-05-16 17:00:00+00:00,128.795,129.03,128.795,128.985,0.0,124.92480088137133,,,,,,117.30223193215343,,121.36698470049419,"rgba(38, 166, 154, 1.0)",3.2383847700539956,121.36698470049419,2.352412032674798,0,,,0.0,0.0,0.0,0.0,69.23145947478719,22.41016563814817,False,False,True,False,False,20.0
2025-05-16 18:00:00+00:00,128.985,129.4,128.91,129.015,279.0,124.96228339755942,,,,,,117.34760311207228,,121.4108662088718,"rgba(38, 166, 154, 1.0)",3.208002469893934,121.4108662088718,2.3703640700063446,0,,,0.0,0.0,0.0,0.0,69.63388674692894,22.41016563814817,False,False,True,False,False,20.0
2025-05-16 19:00:00+00:00,129.08,129.485,129.075,129.325,402.0,125.01750348741362,,,,,,117.41339472518644,,121.47499510474378,"rgba(38, 166, 154, 1.0)",3.176601707076939,121.47499510474378,2.471195830993764,0,,,0.0,0.0,0.0,0.0,71.30342465840128,22.41016563814817,False,False,True,False,True,20.0
2025-05-19 14:00:00+00:00,128.74,129.15,128.735,129.095,234.0,125.0467816905841,,,,,,117.45039487039442,,121.51000681874118,"rgba(38, 166, 154, 1.0)",3.1416363656624484,121.51000681874118,2.4143447230753727,0,,,0.0,0.0,0.0,0.0,69.7765547816954,22.41016563814817,False,True,True,False,True,20.0
2025-05-19 15:00:00+00:00,129.095,129.52,129.095,129.36,193.0,125.07260971566205,,,,,,117.48160638085382,,121.54020185069453,"rgba(38, 166, 154, 1.0)",3.1039064851356533,121.54020185069453,2.5193407684006717,0,,,0.0,0.0,0.0,0.0,70.09972373866403,22.41016563814817,False,True,True,False,True,20.0
2025-05-19 16:00:00+00:00,129.325,129.665,129.225,129.645,1.0,125.07274856636431,,,,,,117.48177021340344,,121.54036226151452,"rgba(38, 166, 154, 1.0)",3.07952658845604,121.54036226151452,2.6317804070491424,0,,,0.0,0.0,0.0,0.0,71.55955361486309,22.41016563814817,False,False,True,False,True,20.0
2025-05-19 17:00:00+00:00,129.645,129.825,129.61,129.65,111.0,125.08874151886371,,,,,,117.50020465053034,,121.5586277987127,"rgba(38, 166, 154, 1.0)",3.0707793666946497,121.5586277987127,2.6349571998058448,0,,,0.0,0.0,0.0,0.0,72.55414573595596,19.501943934151697,False,False,True,False,True,20.0
2025-05-19 18:00:00+00:00,129.65,129.725,129.46,129.725,16.0,125.09100860931967,,,,,,117.50284459006292,,121.56122975668418,"rgba(38, 166, 154, 1.0)",3.080200073939055,121.56122975668418,2.6504025866331884,0,,,0.0,0.0,0.0,0.0,73.56232551659838,20.568119746590668,False,False,True,False,True,20.0
2025-05-19 19:00:00+00:00,129.705,129.82,129.54,129.8,22079.0,126.97751741238434,,,,,,120.32338700963736,,124.0080538150714,"rgba(38, 166, 154, 1.0)",3.0709601207214856,124.0080538150714,1.8860375769281745,0,,,0.0,0.0,0.0,0.0,74.59061593247587,21.650466812030515,True,False,True,False,True,20.0
2025-05-20 14:00:00+00:00,130.025,130.41,129.93,130.28,309.0,126.99583084029246,,,,,,120.35521738375165,,124.03366553039973,"rgba(38, 166, 154, 1.0)",3.068743727172686,124.03366553039973,2.035469568309369,0,,,0.0,0.0,0.0,0.0,77.14092043380137,24.09794308376118,True,False,True,False,True,20.0
2025-05-20 15:00:00+00:00,130.29,130.37,130.14,130.275,325.0,127.01519585842003,,,,,,120.38866113009728,,124.06063737624068,"rgba(38, 166, 154, 1.0)",3.061654623897783,124.06063737624068,2.0297399240440264,0,,,0.0,0.0,0.0,0.0,78.76437968944822,25.614965440904257,True,False,True,False,True,20.0
2025-05-20 16:00:00+00:00,130.275,130.38,130.09,130.3,256.0,127.0302653482488,,,,,,120.4148326858327,,124.08169066994182,"rgba(38, 166, 154, 1.0)",3.0510062407474217,124.08169066994182,2.038117538735305,0,,,0.0,0.0,0.0,0.0,79.93964426139497,26.730560510555677,True,False,True,False,True,20.0
2025-05-20 17:00:00+00:00,130.3,130.54,130.3,130.42,0.0,127.0302653482488,,,,,,120.4148326858327,,124.08169066994182,"rgba(38, 166, 154, 1.0)",3.079289788831546,124.08169066994182,2.058367274508215,0,,,0.0,0.0,0.0,0.0,81.17917174508602,27.936310114442193,True,False,True,False,True,20.0
2025-05-20 18:00:00+00:00,130.36,130.51,130.05,130.155,100.0,127.0360806475003,,,,,,120.42499931004745,,124.0898458386533,"rgba(38, 166, 154, 1.0)",3.0946289390278907,124.0898458386533,1.9598970606317447,0,,,0.0,0.0,0.0,0.0,77.51550140099204,31.01663344389442,True,False,True,False,False,20.0
2025-05-20 19:00:00+00:00,130.09,130.48,129.92,130.33,110.0,127.04246312444222,,,,,,120.43616400475528,,124.09879864013419,"rgba(38, 166, 154, 1.0)",3.1156730361941194,124.09879864013419,1.9999535533668853,0,,,0.0,0.0,0.0,0.0,76.13475598978388,29.799210355936466,True,False,True,False,False,20.0
2025-05-21 14:00:00+00:00,130.11,130.28,129.845,130.185,0.0,127.04246312444222,,,,,,120.43616400475528,,124.09879864013419,"rgba(38, 166, 154, 1.0)",3.132334020249601,124.09879864013419,1.9430243775154064,0,,,0.0,0.0,0.0,0.0,72.99910953785425,26.935076661433826,False,True,True,False,False,20.0
2025-05-21 15:00:00+00:00,130.185,130.6,130.15,130.52,256.0,127.05804878268388,,,,,,120.46252434074643,,124.12022545760627,"rgba(38, 166, 154, 1.0)",3.1455026195710505,124.12022545760627,2.034579307794846,0,,,0.0,0.0,0.0,0.0,73.02200436022599,26.935076661433826,False,True,True,False,False,20.0
2025-05-21 16:00:00+00:00,130.525,130.78,130.515,130.55,192.0,127.07030444691698,,,,,,120.4825821217017,,124.64222531688183,"rgba(38, 166, 154, 1.0)",3.155781662425256,124.64222531688183,1.872047978939703,0,,,0.0,0.0,0.0,0.0,73.20636144965448,26.935076661433826,False,True,True,False,False,20.0
2025-05-21 17:00:00+00:00,130.55,130.63,129.375,129.49,257.0,127.0829814282227,,,,,,120.50724052408323,,124.6375078145608,"rgba(239, 83, 80, 1.0)",3.1531831578621685,124.6375078145608,1.538918591944133,0,,,0.0,0.0,0.0,0.0,62.8288695447127,17.45849081937348,False,True,True,False,False,20.0
2025-05-21 18:00:00+00:00,129.49,129.495,129.205,129.325,7.0,127.08326382439097,,,,,,120.5078751355438,,124.63730527759185,"rgba(239, 83, 80, 1.0)",3.1445782698947244,124.63730527759185,1.4907228633126297,0,,,0.0,0.0,0.0,0.0,54.932360831091515,10.680282870323765,False,True,True,False,False,19.929829552736585
2025-05-21 19:00:00+00:00,129.16,129.255,128.745,129.025,6.0,127.08347010393973,,,,,,120.50839849294879,,124.63690145096393,"rgba(239, 83, 80, 1.0)",3.130675902038121,124.63690145096393,1.4016457424351556,0,,,0.0,0.0,0.0,0.0,48.039134806226684,4.96217505570187,False,True,False,True,False,18.18737061558403
2025-05-22 14:00:00+00:00,128.285,128.565,128.18,128.47,316.0,127.09088625466173,,,,,,120.53392116451369,,124.616771340795,"rgba(239, 83, 80, 1.0)",3.108928586338636,124.616771340795,1.2394072595095929,0,,,0.0,0.0,0.0,0.0,41.08872428926149,-0.8180403649903312,False,True,False,True,False,15.066548436398765
2025-05-22 15:00:00+00:00,128.47,128.93,128.47,128.86,66.0,127.09283249964527,,,,,,120.53946602272539,,124.61757380862157,"rgba(239, 83, 80, 1.0)",3.091890720129646,124.61757380862157,1.3721138860950923,0,,,0.0,0.0,0.0,0.0,39.8577183202462,-1.5007502893193063,False,True,False,True,False,16.472016796887846
2025-05-22 16:00:00+00:00,128.91,129.115,128.67,128.685,0.0,127.09283249964527,,,,,,120.53946602272539,,124.61757380862157,"rgba(239, 83, 80, 1.0)",3.059191234461748,124.61757380862157,1.3295756556696847,0,,,0.0,0.0,0.0,0.0,38.21317776903166,-2.9755885724305244,False,True,False,True,False,15.50027906083291
2025-05-22 17:00:00+00:00,128.695,129.33,128.655,129.205,334.0,127.10443798859698,,,,,,120.56846674272605,,124.63199997371251,"rgba(239, 83, 80, 1.0)",3.013748977751711,124.63199997371251,1.517379204454848,0,,,0.0,0.0,0.0,0.0,41.04218474579587,-2.9755885724305244,False,True,False,True,False,17.356999888456663
2025-05-22 18:00:00+00:00,129.28,129.37,129.17,129.355,105.0,127.10849253424861,,,,,,120.57779409270684,,124.63830031086317,"rgba(239, 83, 80, 1.0)",2.966538055719934,124.63830031086317,1.5899676999060595,0,,,0.0,0.0,0.0,0.0,43.91365853441083,-2.9755885724305244,False,True,False,True,True,17.881649286288003
2025-05-22 19:00:00+00:00,129.355,129.49,128.755,128.755,842.0,127.13611536037835,,,,,,120.64934154593277,,124.67863690293011,"rgba(239, 83, 80, 1.0)",2.9011034915126745,124.67863690293011,1.4051077836400852,0,,,0.0,0.0,0.0,0.0,42.52173234370382,-2.9755885724305244,False,True,False,True,True,14.55470944903604
2025-05-23 14:00:00+00:00,127.88,128.73,127.88,128.315,642.0,127.14902405415762,,,,,,120.69863155502989,,125.07599535080661,"rgba(239, 83, 80, 1.0)",2.8232573306295534,125.07599535080661,1.1472580320799628,0,,,0.0,0.0,0.0,0.0,39.71978691670117,-2.9755885724305244,False,True,False,True,False,12.2169948038932
2025-05-23 15:00:00+00:00,128.315,128.725,128.22,128.5,166.0,127.15280783374672,,,,,,120.71156121986049,,125.08336547474391,"rgba(239, 83, 80, 1.0)",2.753389107368431,125.08336547474391,1.2408832867511255,0,,,0.0,0.0,0.0,0.0,39.22929909550221,-2.9755885724305244,False,True,False,True,False,12.912341390471472
2025-05-23 16:00:00+00:00,128.515,128.93,128.375,128.88,1.0,127.15283478146847,,,,,,120.71164144775254,,125.08343080858401,"rgba(239, 83, 80, 1.0)",2.6836535117577514,125.08343080858401,1.414701702280966,0,,,0.0,0.0,0.0,0.0,41.50806267943203,-2.9755885724305244,False,True,False,True,False,14.320929249945035
2025-05-23 17:00:00+00:00,128.805,129.34,128.5,129.34,28.0,127.15374770631749,,,,,,120.71398008730775,,125.08607378061804,"rgba(239, 83, 80, 1.0)",2.6177321317338875,125.08607378061804,1.6250425961514732,0,,,0.0,0.0,0.0,0.0,45.67087907097378,-2.9755885724305244,False,True,False,True,True,15.975032349902019
2025-05-23 18:00:00+00:00,129.34,129.44,129.06,129.23,200.0,127.16086797628381,,,,,,120.73101273385059,,125.10585344841502,"rgba(239, 83, 80, 1.0)",2.5430580300383756,125.10585344841502,1.6217272680650296,0,,,0.0,0.0,0.0,0.0,47.761169070458806,-9.526677313621725,False,True,False,False,True,15.373892635166111
2025-05-23 19:00:00+00:00,129.53,129.61,129.11,129.405,100.0,127.16463389121343,,,,,,120.73963490701863,,125.11552330945206,"rgba(239, 83, 80, 1.0)",2.4784624920145215,125.11552330945206,1.7307006680022052,0,,,0.0,0.0,0.0,0.0,50.17616588967732,-6.956748508761969,False,True,False,False,True,16.00670527019863
2025-05-26 14:00:00+00:00,129.405,129.405,129.405,129.405,0.0,127.16463389121343,,,,,,120.73963490701863,,125.11552330945206,"rgba(239, 83, 80, 1.0)",2.3968074204677583,125.11552330945206,1.7896626378563252,0,,,0.0,0.0,0.0,0.0,51.78616376915633,-5.123277370482889,False,True,True,False,True,16.00670527019862
2025-05-26 15:00:00+00:00,129.405,129.405,129.405,129.405,0.0,127.16463389121343,,,,,,120.73963490701863,,125.11552330945206,"rgba(239, 83, 80, 1.0)",2.3186730381095453,125.11552330945206,1.8499704874496787,0,,,0.0,0.0,0.0,0.0,52.859495688809005,-3.7378781115778708,False,True,True,False,True,16.00670527019863
2025-05-26 16:00:00+00:00,129.405,129.405,129.405,129.405,0.0,127.16463389121343,,,,,,120.73963490701863,,125.11552330945206,"rgba(239, 83, 80, 1.0)",2.2275348411342417,125.11552330945206,1.9256608746751533,0,,,0.0,0.0,0.0,0.0,53.57505030191078,-2.630260910649298,False,True,True,False,True,16.00670527019863
2025-05-26 17:00:00+00:00,129.405,129.405,129.405,129.405,0.0,127.16463389121343,,,,,,120.73963490701863,,125.11552330945206,"rgba(239, 83, 80, 1.0)",2.1685569744301914,125.11552330945206,1.9780327384181562,0,,,0.0,0.0,0.0,0.0,54.0520867106453,-1.7017956380766819,False,True,True,False,True,16.00670527019862
2025-05-26 18:00:00+00:00,129.405,129.405,129.405,129.405,0.0,127.16463389121343,,,,,,120.73963490701863,,125.11552330945206,"rgba(239, 83, 80, 1.0)",2.1188290366343745,125.11552330945206,2.0244562521955545,0,,,0.0,0.0,0.0,0.0,54.37011098313498,-0.8965040260307049,False,True,True,False,True,16.00670527019862
2025-05-26 19:00:00+00:00,129.405,129.405,129.405,129.405,0.0,127.16463389121343,,,,,,120.73963490701863,,125.11552330945206,"rgba(239, 83, 80, 1.0)",2.073431985428183,125.11552330945206,2.0687809972518227,0,,,0.0,0.0,0.0,0.0,54.58212716479477,-0.18317376485423154,False,True,True,False,True,16.00670527019862
2025-05-27 14:00:00+00:00,130.955,131.635,130.93,131.285,139.0,127.17434829948138,,,,,,120.75423342165382,,125.14574896261021,"rgba(38, 166, 154, 1.0)",2.037542533684886,125.14574896261021,3.0130664444520714,0,,,0.0,0.0,0.0,0.0,63.868120405260385,8.685673199641457,False,False,True,False,True,20.0
2025-05-27 15:00:00+00:00,131.285,131.565,131.285,131.44,110.0,127.18227678697451,,,,,,120.76591810776573,,125.16833101177974,"rgba(38, 166, 154, 1.0)",2.007064801424096,125.16833101177974,3.124796460866757,0,,,0.0,0.0,0.0,0.0,70.37208993840943,14.479570051079591,True,False,True,False,True,20.0
2025-05-27 16:00:00+00:00,131.44,131.73,131.42,131.535,76.0,127.18790667974767,,,,,,120.7740757256392,,125.18351785288765,"rgba(38, 166, 154, 1.0)",1.9539143041869884,125.18351785288765,3.2506451964151837,0,,,0.0,0.0,0.0,0.0,74.9052589652901,18.34067645447041,True,False,True,False,True,20.0
2025-05-27 17:00:00+00:00,131.535,131.67,131.46,131.67,100.0,127.19535714888806,,,,,,120.78482874444605,,125.20259762482593,"rgba(38, 166, 154, 1.0)",1.9030605388197237,125.20259762482593,3.3984217754760113,0,,,0.0,0.0,0.0,0.0,78.21502595012304,21.15192996221934,True,False,True,False,True,20.0
2025-05-27 18:00:00+00:00,131.67,131.795,131.6,131.72,0.0,127.19535714888806,,,,,,120.78482874444605,,125.20259762482593,"rgba(38, 166, 154, 1.0)",1.846078329377328,125.20259762482593,3.53040403078257,0,,,1.0,0.0,131.795,420.0,80.53245206394705,23.201088678843334,True,False,True,False,True,20.0
2025-05-27 19:00:00+00:00,131.71,131.72,131.435,131.63,354.0,127.22150109949142,,,,,,120.82270585886987,,125.79920451984124,"rgba(38, 166, 154, 1.0)",1.7687197181689969,125.79920451984124,3.2966192553079443,0,,,0.0,0.0,0.0,0.0,80.86972009511143,23.62619330808741,True,False,True,False,True,20.0
2025-05-28 14:00:00+00:00,130.925,131.055,130.72,130.855,210.0,127.2343406152251,,,,,,120.84356016607079,,125.80866896730454,"rgba(38, 166, 154, 1.0)",1.687192168785991,125.80866896730454,2.990963996902917,0,,,0.0,0.0,0.0,0.0,73.16194675771776,30.830294384229177,True,False,True,False,False,18.79000723850352
2025-05-28 15:00:00+00:00,130.89,130.955,130.57,130.57,100.0,127.24012521639422,,,,,,120.85328443948879,,125.81347298689914,"rgba(239, 83, 80, 1.0)",1.5826696342476279,125.81347298689914,3.0053821152397457,0,,,0.0,0.0,0.0,0.0,65.94975895396985,24.304476793067536,True,False,True,False,False,17.074855513058324
2025-05-28 16:00:00+00:00,130.57,130.885,130.53,130.885,2.0,127.24024299351537,,,,,,120.85348007775504,,125.8135977506973,"rgba(239, 83, 80, 1.0)",1.4751504672063913,125.8135977506973,3.437888108395347,0,,,0.0,0.0,0.0,0.0,63.0503988341835,21.80014090775113,False,False,True,False,False,18.245396663542323
2025-05-28 17:00:00+00:00,130.85,131.015,130.795,130.91,1306.0,127.31849550315135,,,,,,120.98138520863783,,125.92177241724683,"rgba(239, 83, 80, 1.0)",1.4294225571345829,125.92177241724683,3.489680191386204,0,,,0.0,0.0,0.0,0.0,61.26621658009749,20.09720270619178,False,False,True,False,False,18.338125301085782
2025-05-28 18:00:00+00:00,130.88,131.06,130.555,130.765,901.0,127.36891792286715,,,,,,121.0667592297516,,125.98563342344194,"rgba(239, 83, 80, 1.0)",1.3766886044098086,125.98563342344194,3.471639527812449,0,,,0.0,0.0,0.0,0.0,58.85047926544922,17.621795871581625,False,False,True,False,False,17.444213978800686
2025-05-28 19:00:00+00:00,130.79,131.035,130.415,130.6,731.0,127.40748401593898,,,,,,121.13416986312762,,126.03188252831501,"rgba(239, 83, 80, 1.0)",1.3296417928508424,126.03188252831501,3.435600096391849,0,,,0.0,0.0,0.0,0.0,55.88114435649123,14.560353296498533,False,True,True,False,False,16.4274924048011
2025-05-29 14:00:00+00:00,130.94,130.99,130.36,130.735,1387.0,127.4784976379588,,,,,,121.25966429763388,,126.11725067460313,"rgba(239, 83, 80, 1.0)",1.2825052271456656,126.11725067460313,3.6005695943042006,0,,,0.0,0.0,0.0,0.0,54.985338080198915,13.348010383915096,False,True,True,False,False,16.960422560473074
2025-05-29 15:00:00+00:00,130.735,130.85,130.29,130.31,364.0,127.4954357274858,,,,,,121.2913281714184,,126.13636782738722,"rgba(239, 83, 80, 1.0)",1.212704586621451,126.13636782738722,3.44159016025524,0,,,0.0,0.0,0.0,0.0,51.0721573886903,9.289057422182374,False,True,False,False,False,14.3488942041634
2025-05-29 16:00:00+00:00,130.31,130.84,130.215,130.84,44.0,127.49757126497262,,,,,,121.29520247870265,,126.13889396042498,"rgba(239, 83, 80, 1.0)",1.1395006295228483,126.13889396042498,4.125584416345213,0,,,0.0,0.0,0.0,0.0,52.39526944799094,9.289057422182374,False,True,False,False,False,16.46421433894026
2025-05-29 17:00:00+00:00,130.83,130.87,130.42,130.64,229.0,127.5086801753872,,,,,,121.31533983657249,,126.15207799942391,"rgba(239, 83, 80, 1.0)",1.1197768720783265,126.15207799942391,4.0078716684390985,0,,,0.0,0.0,0.0,0.0,51.78976800178752,9.275087701195382,False,True,False,False,False,15.252157399454003
2025-05-29 18:00:00+00:00,130.65,130.81,130.465,130.81,130.0,127.51505507076863,,,,,,121.3267960715047,,126.15974078277736,"rgba(239, 83, 80, 1.0)",1.110413537932377,126.15974078277736,4.187862502002237,0,,,0.0,0.0,0.0,0.0,52.57144274695744,9.275087701195382,False,True,True,False,False,15.93108529888212
2025-05-29 19:00:00+00:00,130.65,131.09,130.275,130.76,312.0,127.53031495861988,,,,,,121.35421616017794,,126.64004060007994,"rgba(239, 83, 80, 1.0)",1.0994745960619807,126.64004060007994,3.7472074522473044,0,,,0.0,0.0,0.0,0.0,52.672933882226644,9.062470009061478,False,True,True,False,False,15.622034236053068
2025-05-30 14:00:00+00:00,129.78,130.515,129.76,130.42,237.0,127.54008543682407,,,,,,121.37388205511682,,126.63907311056978,"rgba(239, 83, 80, 1.0)",1.0793579297613949,126.63907311056978,3.502940762445711,0,,,0.0,0.0,0.0,0.0,50.078660037418466,6.093348576463441,False,True,False,False,False,13.534125996266432
2025-05-30 15:00:00+00:00,130.42,130.42,129.75,129.88,300.0,127.55137238072089,,,,,,121.39804978950156,,126.6404263912934,"rgba(239, 83, 80, 1.0)",1.0608481860625179,126.6404263912934,3.053757975239332,0,,,0.0,0.0,0.0,0.0,45.16931412290741,1.1944472556561792,False,True,False,True,False,10.34731553500341
2025-05-30 16:00:00+00:00,129.88,130.215,129.04,129.04,138.0,127.55530605077519,,,,,,121.40837010385741,,126.63639411066151,"rgba(239, 83, 80, 1.0)",1.0369916772747008,126.63639411066151,2.3178642047112206,0,,,0.0,0.0,0.0,0.0,38.70216192944771,-4.860310503797066,False,True,False,True,False,5.734519565259813
2025-05-30 17:00:00+00:00,129.04,129.85,129.04,129.585,134.0,127.55923162072479,,,,,,121.41844068726357,,126.63462661569841,"rgba(239, 83, 80, 1.0)",1.018526470529572,126.63462661569841,2.8967076160206067,0,,,0.0,0.0,0.0,0.0,38.47794014003155,-5.055678779177697,False,True,False,True,False,8.127361331119946
2025-05-30 18:00:00+00:00,129.585,129.925,129.565,129.91,31.0,127.5602820497311,,,,,,121.4208557181099,,126.63505930233043,"rgba(239, 83, 80, 1.0)",1.0024017239682241,126.63505930233043,3.2670940396081947,0,,,0.0,0.0,0.0,0.0,40.389175262262356,-5.055678779177697,False,True,False,True,False,9.504163699866204
2025-05-30 19:00:00+00:00,129.91,130.39,129.91,130.08,272.0,127.57079479224711,,,,,,121.44280992335752,,126.64537346205884,"rgba(239, 83, 80, 1.0)",0.9822697424053607,126.64537346205884,3.4966225565805704,0,,,0.0,0.0,0.0,0.0,42.69447762303602,-5.055678779177697,False,True,False,True,True,10.216081484651138
2025-06-02 14:00:00+00:00,129.035,129.785,128.76,129.775,72.0,127.57281941540175,129.43999999999997,,,,,121.44814474236873,,127.0294269907296,"rgba(239, 83, 80, 1.0)",0.9601865575102934,127.0294269907296,2.859416212188503,0,,,0.0,0.0,0.0,0.0,42.644207431823894,-5.055678779177697,False,True,False,True,True,8.553414792305173
2025-06-02 15:00:00+00:00,129.775,129.82,129.38,129.685,83.0,127.57538278542381,129.54084946236557,,,,,121.45443049576456,,127.0349128637052,"rgba(239, 83, 80, 1.0)",0.9371959230579464,127.0349128637052,2.827676765438668,0,,,0.0,0.0,0.0,0.0,42.15216905468087,-5.055678779177697,False,True,False,True,True,8.06541406927007
2025-06-02 16:00:00+00:00,129.685,129.685,129.255,129.665,300.0,127.58417608990469,129.53699267399267,,,,,121.47681124498,,127.03584310937383,"rgba(239, 83, 80, 1.0)",0.9096771628103967,127.03584310937383,2.890208744499565,0,,,0.0,0.0,0.0,0.0,41.71410809046683,-5.055678779177697,False,True,False,True,True,7.955548120829302
2025-06-02 17:00:00+00:00,129.67,129.74,129.3,129.695,104.0,127.58727334727202,129.5446839594514,,,,,121.48458256086732,,127.03719980651991,"rgba(239, 83, 80, 1.0)",0.8933516805958632,127.03719980651991,2.975088368006807,0,,,0.0,0.0,0.0,0.0,41.68534947069447,-5.055678779177697,False,True,False,True,True,8.091002354023896
2025-06-02 18:00:00+00:00,129.69,130.2,129.62,130.2,326.0,127.5989952838134,129.7148606403013,,,,,121.51013039679992,,127.05616646452631,"rgba(239, 83, 80, 1.0)",0.8838822431851668,127.05616646452631,3.556846581898201,0,,,0.0,0.0,0.0,0.0,45.59277000408875,-9.09022186734245,False,True,False,True,True,10.335103222890652
2025-06-02 19:00:00+00:00,130.22,130.37,130.17,130.345,226.0,127.60802030256352,129.83287278727872,,,,,121.52834974442749,,127.0722400312319,"rgba(239, 83, 80, 1.0)",0.8777641949750511,127.0722400312319,3.7285184193018055,0,,,0.0,0.0,0.0,0.0,49.1481650246982,-5.633794056922831,False,True,False,False,True,10.964363230198657
2025-06-03 14:00:00+00:00,130.28,130.805,130.055,130.73,0.0,127.60802030256352,129.83287278727872,,,,,121.52834974442749,,127.0722400312319,"rgba(239, 83, 80, 1.0)",0.8711606785927262,127.0722400312319,4.198720234568943,0,,,0.0,0.0,0.0,0.0,53.77181596260324,-1.3445688640649465,False,False,True,False,True,12.609295732358802
2025-06-03 15:00:00+00:00,130.73,131.175,130.73,131.095,20.0,127.6090248573516,129.85351164161509,,,,,121.5300878054152,,127.07479420792674,"rgba(239, 83, 80, 1.0)",0.8711682794784118,127.07479420792674,4.6147293086477434,0,,,0.0,0.0,0.0,0.0,58.59864077583549,2.990196384080626,False,False,True,False,True,14.122131713997803
2025-06-03 16:00:00+00:00,131.085,131.535,131.085,131.265,0.0,127.6090248573516,129.85351164161509,,,,,121.5300878054152,,127.07479420792674,"rgba(239, 83, 80, 1.0)",0.8743164640320331,127.07479420792674,4.792550483093411,0,,,0.0,0.0,0.0,0.0,62.547029670684104,6.453166043459099,True,False,True,False,True,14.815693567605127
2025-06-03 17:00:00+00:00,131.295,131.37,131.14,131.25,0.0,127.6090248573516,129.85351164161509,,,,,121.5300878054152,,127.07479420792674,"rgba(239, 83, 80, 1.0)",0.8635357444716306,127.07479420792674,4.835012121736697,0,,,0.0,0.0,0.0,0.0,65.01948657779852,8.61146349425018,True,False,True,False,True,14.723659418359354
2025-06-03 18:00:00+00:00,131.225,131.28,130.955,131.28,55.0,127.61192401398692,129.91464024732997,,,,,121.5349507700115,,127.08242046923492,"rgba(239, 83, 80, 1.0)",0.8665887508277782,127.08242046923492,4.843796468342675,0,,,0.0,0.0,0.0,0.0,66.81878510875478,10.286091043405818,True,False,True,False,True,14.84944773732428
2025-06-03 19:00:00+00:00,131.27,131.505,130.79,131.44,200.0,127.62264310757718,130.10661135161135,,,,,121.55272725469742,,127.10876630430137,"rgba(38, 166, 154, 1.0)",0.8709498439226049,127.10876630430137,4.973000139929429,0,,,0.0,0.0,0.0,0.0,68.83657449284219,12.283619823346044,True,False,True,False,True,15.524910161141772
2025-06-04 14:00:00+00:00,131.975,132.245,131.565,132.225,208.0,127.63606934333407,130.3552007528231,,,,,121.57260281335849,,127.14443849260753,"rgba(38, 166, 154, 1.0)",0.8983815528006944,127.14443849260753,5.655238012795194,0,,,0.0,0.0,0.0,0.0,73.02236456094168,16.299982284761242,True,False,True,False,True,18.69058420250648
2025-06-04 15:00:00+00:00,132.24,132.55,131.765,132.165,416.0,127.6635788835129,130.72873134328358,,,,,121.61268980006682,,127.20884771856954,"rgba(38, 166, 154, 1.0)",0.92161445203315,127.20884771856954,5.377685072642696,0,,,0.0,0.0,0.0,0.0,75.09930710958446,18.329692201309,True,False,True,False,True,18.30325219381888
2025-06-04 16:00:00+00:00,132.165,132.51,131.815,132.51,301.0,127.68379429114762,130.93056180585606,,,,,121.64182958007711,,127.25110148925765,"rgba(38, 166, 154, 1.0)",0.9574355669511249,127.25110148925765,5.492691824149454,0,,,0.0,0.0,0.0,0.0,77.48945065844315,20.72137710707203,True,False,True,False,True,19.645951003551414
2025-06-04 17:00:00+00:00,132.51,132.725,132.285,132.71,200.0,127.69798496633389,131.0614078056551,,,,,121.66163823226519,,127.28024006757312,"rgba(38, 166, 154, 1.0)",0.9935719073792715,127.28024006757312,5.464888743431645,0,,,0.0,0.0,0.0,0.0,79.59476338700831,22.887867973254302,True,False,True,False,True,20.0
2025-06-04 18:00:00+00:00,132.71,132.745,132.335,132.37,1626.0,127.80829396920811,131.62027918781726,,,,,121.81875026414406,,127.4656120633063,"rgba(38, 166, 154, 1.0)",1.0194334586301934,127.4656120633063,4.810895596151715,0,,,0.0,0.0,0.0,0.0,77.02855527118531,22.887867973254302,True,False,True,False,True,18.17764140557025
2025-06-04 19:00:00+00:00,132.37,132.67,132.08,132.1,760.0,127.855995586599,131.72318324144035,,,,,121.88928320784231,,127.53114648840949,"rgba(38, 166, 154, 1.0)",1.0391271588455322,127.53114648840949,4.396818495886961,0,,,0.0,0.0,0.0,0.0,72.61797489455955,29.41635810855749,True,False,True,False,False,16.44338978120253
2025-06-05 14:00:00+00:00,131.815,132.065,131.815,132.065,0.0,127.855995586599,131.72318324144035,,,,,121.88928320784231,,127.53114648840949,"rgba(38, 166, 154, 1.0)",1.056677446160064,127.53114648840949,4.290669331560357,0,,,0.0,0.0,0.0,0.0,69.33387104754507,26.27979927818805,True,False,True,False,False,16.218813946490204
2025-06-05 15:00:00+00:00,132.065,132.52,132.065,132.295,9.0,127.85655564437343,131.72422917515968,,,,,121.89011356851069,,127.53189453932546,"rgba(38, 166, 154, 1.0)",1.0788856028987814,127.53189453932546,4.414838281164261,0,,,0.0,0.0,0.0,0.0,68.4692285475003,25.31821270957485,True,False,True,False,False,17.171147306423464
2025-06-05 16:00:00+00:00,132.295,132.645,132.205,132.205,200.0,127.869128150624,131.7488056534796,,,,,121.90863516456288,,127.54879230736722,"rgba(38, 166, 154, 1.0)",1.098058655450122,127.54879230736722,4.240399790595971,0,,,0.0,0.0,0.0,0.0,66.89439887817827,23.56486243681826,True,False,True,False,False,16.578721691708495
2025-06-05 17:00:00+00:00,132.205,132.325,132.02,132.325,0.0,127.869128150624,131.7488056534796,,,,,121.90863516456288,,127.54879230736722,"rgba(38, 166, 154, 1.0)",1.1207877096436256,127.54879230736722,4.261474007554425,0,,,0.0,0.0,0.0,0.0,66.60674540843681,22.924902585507226,True,False,True,False,False,17.085177117075972
2025-06-05 18:00:00+00:00,132.325,132.325,131.45,132.11,0.0,127.869128150624,131.7488056534796,,,,,121.90863516456288,,127.54879230736722,"rgba(38, 166, 154, 1.0)",1.1378401699054062,127.54879230736722,4.008654126714463,0,,,0.0,0.0,0.0,0.0,63.93239656028118,20.039786250879814,True,False,True,False,False,15.648491018486546
2025-06-05 19:00:00+00:00,132.11,132.11,131.055,131.345,460.0,127.89235733044316,131.72851868487245,,,,,121.9475465354799,,128.01617538825445,"rgba(38, 166, 154, 1.0)",1.1426380374741576,128.01617538825445,2.9132800612029617,0,,,0.0,0.0,0.0,0.0,56.075279376913585,12.58919400688309,False,True,True,False,False,10.788895341976986
2025-06-06 14:00:00+00:00,132.15,132.47,132.15,132.47,194.0,127.9043772490219,131.74989959490742,,,,,121.96533092765367,,128.04375826073823,"rgba(38, 166, 154, 1.0)",1.166375756522533,128.04375826073823,3.794867746958576,0,,,0.0,0.0,0.0,0.0,57.59159416647093,12.58919400688309,False,False,True,False,False,15.569817101097943
2025-06-06 15:00:00+00:00,132.47,132.91,132.38,132.46,185.0,127.91634206913078,131.77583487524532,,,,,121.98259142099799,,128.0681558178792,"rgba(38, 166, 154, 1.0)",1.1881441278172318,128.0681558178792,3.6963900921592594,0,,,0.0,0.0,0.0,0.0,58.534043391829385,12.58919400688309,False,False,True,False,True,15.508692900842156
2025-06-06 16:00:00+00:00,132.46,132.885,132.37,132.37,350.0,127.93861101940504,131.81841487953403,,,,,122.01496561692444,,128.1047446982818,"rgba(38, 166, 154, 1.0)",1.2073914626757318,128.1047446982818,3.5326200603289584,0,,,0.0,0.0,0.0,0.0,58.49475061332075,12.58919400688309,False,False,True,False,True,14.951182454137466
2025-06-06 17:00:00+00:00,132.37,132.74,132.37,132.39,5.0,127.93892472822478,131.81895582010583,,,,,122.01542484232664,,128.10520781994975,"rgba(38, 166, 154, 1.0)",1.225650818106863,128.10520781994975,3.4959322155624313,0,,,0.0,0.0,0.0,0.0,58.582480297530246,12.58919400688309,False,False,True,False,True,15.034939702633178
2025-06-06 18:00:00+00:00,132.39,132.795,132.39,132.475,2.0,127.93905166682718,131.81918888183648,,,,,122.01560945556908,,128.10540086360126,"rgba(38, 166, 154, 1.0)",1.2454875958231952,128.10540086360126,3.5083441626013796,0,,,0.0,0.0,0.0,0.0,59.1607667074618,12.58919400688309,False,False,True,False,True,15.395485098606216
2025-06-06 19:00:00+00:00,132.495,132.875,132.165,132.62,574.0,127.97519667380857,131.8804743552453,,,,,122.06832746478882,,128.15633128650458,"rgba(38, 166, 154, 1.0)",1.267492139747783,128.15633128650458,3.5216539602238828,0,,,0.0,0.0,0.0,0.0,60.44119243751128,12.58919400688309,False,False,True,False,True,16.01285022301953
2025-06-09 14:00:00+00:00,132.3,132.77,132.3,132.695,201.0,127.98781596759126,131.90057887051952,,,,,122.0867246839574,,128.17312243371697,"rgba(38, 166, 154, 1.0)",1.2831390387603667,128.17312243371697,3.5240744998699314,0,,,0.0,0.0,0.0,0.0,61.76192982487022,12.58919400688309,False,False,True,False,True,16.33356562234013
2025-06-09 15:00:00+00:00,132.68,132.78,132.36,132.635,735.0,128.03341216049304,131.96560057176993,,,,,122.15347491181973,,128.2306256629176,"rgba(38, 166, 154, 1.0)",1.2937206174573073,128.2306256629176,3.404424632065312,0,,,0.0,0.0,0.0,0.0,61.93472931315491,12.58919400688309,False,False,True,False,True,15.929982107417072
2025-06-09 16:00:00+00:00,132.635,132.85,132.275,132.785,1552.0,128.12770703271087,132.0768238288481,,,,,122.29226827839588,,128.34195897318318,"rgba(38, 166, 154, 1.0)",1.300875058918801,128.34195897318318,3.4154248683263777,0,,,0.0,0.0,0.0,0.0,63.11674396997274,9.084273089947729,True,False,True,False,True,16.588421613645213
2025-06-09 17:00:00+00:00,132.685,133.02,132.685,132.945,907.0,128.18396424596557,132.14804416966865,,,,,122.37358559565239,,128.4092602651304,"rgba(38, 166, 154, 1.0)",1.2976293596220083,128.4092602651304,3.4954046787218407,0,,,0.0,0.0,0.0,0.0,64.96804863560246,11.098211248946512,True,False,True,False,True,17.28860690585461
2025-06-09 18:00:00+00:00,132.945,133.05,132.745,132.78,864.0,128.23605172650988,132.20315776081426,,,,,122.4497133493005,,128.46869594865507,"rgba(38, 166, 154, 1.0)",1.297090385619496,128.46869594865507,3.323827004766392,0,,,0.0,0.0,0.0,0.0,63.9858379920501,11.098211248946512,True,False,True,False,True,16.138982163771853
2025-06-09 19:00:00+00:00,132.91,132.945,132.46,132.46,421.0,128.25973585865717,132.21840458059307,,,,,122.4855744763405,,128.49335517424348,"rgba(38, 166, 154, 1.0)",1.2847610813042618,128.49335517424348,3.0874571805441673,0,,,0.0,0.0,0.0,0.0,59.725226916129714,13.609279327923943,False,False,True,False,False,13.946299146685973
2025-06-10 14:00:00+00:00,133.31,133.32,132.66,132.735,0.0,128.25973585865717,132.21840458059307,,,,,122.4855744763405,,128.49335517424348,"rgba(38, 166, 154, 1.0)",1.2861267258528652,128.49335517424348,3.297999132195771,0,,,0.0,0.0,0.0,0.0,59.231777998008766,13.121731856026827,False,False,True,False,False,15.207758192705747
2025-06-10 15:00:00+00:00,132.725,132.865,132.33,132.825,25.0,128.26115079975727,132.2193866390352,,,,,122.48770685945372,,128.49484542653573,"rgba(38, 166, 154, 1.0)",1.2901359136438795,128.49484542653573,3.3563553480455415,0,,,0.0,0.0,0.0,0.0,59.60493485470228,13.121731856026827,False,False,True,False,False,15.617493534444435
2025-06-10 16:00:00+00:00,132.825,133.015,132.82,132.995,29.0,128.26289136574763,132.22119494688488,,,,,122.49024484528901,,128.4968199555561,"rgba(38, 166, 154, 1.0)",1.2831770572911627,128.4968199555561,3.505502236721512,0,,,0.0,0.0,0.0,0.0,61.133284212679385,13.121731856026827,False,False,True,False,True,16.39159664977579
2025-06-10 17:00:00+00:00,133.0,133.145,132.71,132.855,100.0,128.26883219606293,132.22702021064617,,,,,122.49895362549145,,128.5034764012299,"rgba(38, 166, 154, 1.0)",1.2588101667980274,128.5034764012299,3.4568545071723085,0,,,0.0,0.0,0.0,0.0,60.39089965445937,13.121731856026827,False,False,True,False,True,15.401293920959219
2025-06-10 18:00:00+00:00,132.675,133.165,132.375,132.96,0.0,128.26883219606293,132.22702021064617,,,,,122.49895362549145,,128.5034764012299,"rgba(38, 166, 154, 1.0)",1.2385475837105153,128.5034764012299,3.598185210954094,0,,,0.0,0.0,0.0,0.0,60.7855686375638,13.121731856026827,False,False,True,False,True,15.89146434042351
2025-06-10 19:00:00+00:00,132.96,133.23,132.81,133.22,0.0,128.26883219606293,132.22702021064617,,,,,122.49895362549145,,128.5034764012299,"rgba(38, 166, 154, 1.0)",1.231020879353166,128.5034764012299,3.8313920404407518,0,,,0.0,0.0,0.0,0.0,63.01089882598976,13.121731856026827,False,False,True,False,True,17.094797341282835
2025-06-11 14:00:00+00:00,133.42,133.84,133.32,133.735,139.0,128.27835850905225,132.24349804484206,,,,,122.51188036544185,,128.51581815213905,"rgba(38, 166, 154, 1.0)",1.24401730456296,128.51581815213905,4.195425440399751,0,,,0.0,0.0,0.0,0.0,67.25479544504915,13.609337099926485,True,False,True,False,True,19.383285967525378
2025-06-11 15:00:00+00:00,133.735,133.79,133.32,133.685,39.0,128.28100867725146,132.24794274338268,,,,,122.51549104508368,,128.51921638035162,"rgba(38, 166, 154, 1.0)",1.250379337035176,128.51921638035162,4.131373149445332,0,,,0.0,0.0,0.0,0.0,69.40122717519188,15.513659717544414,True,False,True,False,True,19.015185913476852
2025-06-11 16:00:00+00:00,133.7,133.735,133.35,133.62,19.0,128.2822915496076,132.25004969065816,,,,,122.51724448303801,,128.5208505490904,"rgba(38, 166, 154, 1.0)",1.2562420256563098,128.5208505490904,4.059050204315217,0,,,0.0,0.0,0.0,0.0,69.89751746433106,15.960873844059705,True,False,True,False,True,18.53129772125489
2025-06-11 17:00:00+00:00,133.62,133.845,133.4,133.545,401.0,128.3093667814355,132.29392305817356,,,,,122.55421645806993,,128.5551487928612,"rgba(38, 166, 154, 1.0)",1.257835345645366,128.5551487928612,3.9670146211216717,0,,,0.0,0.0,0.0,0.0,69.11620615052905,15.960873844059705,True,False,True,False,True,17.967917044492165
2025-06-11 18:00:00+00:00,133.545,133.605,132.775,133.135,287.0,128.3270319805223,132.3139240439328,,,,,122.57951394019908,,128.5754784352001,"rgba(38, 166, 154, 1.0)",1.2489208783419388,128.5754784352001,3.6507689509147228,0,,,0.0,0.0,0.0,0.0,63.5405413606124,17.80060432410238,False,False,True,False,False,14.945725179058101
2025-06-11 19:00:00+00:00,133.095,133.26,132.72,133.26,506.0,128.35728281468818,132.3435122000865,,,,,122.62343922145716,,128.6091713772471,"rgba(38, 166, 154, 1.0)",1.2401416912645316,128.6091713772471,3.7502397149559585,0,,,0.0,0.0,0.0,0.0,60.957986874780254,15.543563704358647,False,True,True,False,False,15.546985976741379
2025-06-12 14:00:00+00:00,134.245,135.035,134.245,134.61,397.0,128.38845052295196,132.41076184126047,,,,,122.66271643951515,,128.65224078039185,"rgba(38, 166, 154, 1.0)",1.2628959997974278,128.65224078039185,4.717537485718385,0,,,0.0,0.0,0.0,0.0,66.08601330784518,10.962728033846851,False,False,True,False,True,20.0
2025-06-12 15:00:00+00:00,134.61,134.77,134.33,134.6,186.0,128.40279962956035,132.44006601383612,,,,,122.68093317372046,,128.67164712394168,"rgba(38, 166, 154, 1.0)",1.2811381553021552,128.67164712394168,4.627411065327389,0,,,0.0,0.0,0.0,0.0,69.40650363556101,13.811967335322272,True,False,True,False,True,20.0
2025-06-12 16:00:00+00:00,134.6,134.885,134.44,134.575,221.0,128.4199458944538,132.47492484717728,,,,,122.70262643890565,,128.69476871321564,"rgba(38, 166, 154, 1.0)",1.2946421746406982,128.69476871321564,4.54197414696172,0,,,0.0,0.0,0.0,0.0,71.34801255565337,15.481506158621087,True,False,True,False,True,20.0
2025-06-12 17:00:00+00:00,134.61,135.05,134.61,135.05,9.0,128.42067241486654,132.4764956159264,,,,,122.70352816145768,,128.69576907734287,"rgba(38, 166, 154, 1.0)",1.3472884914810617,128.69576907734287,4.716310547321599,0,,,0.0,0.0,0.0,0.0,74.18340152718288,18.093955626931063,True,False,True,False,True,20.0
2025-06-12 18:00:00+00:00,135.05,135.075,134.62,135.015,604.0,128.46906064500723,132.57746062359368,,,,,122.76374063693378,,128.76143501626007,"rgba(38, 166, 154, 1.0)",1.3958239260130434,128.76143501626007,4.480196153108127,0,,,0.0,0.0,0.0,0.0,75.66809142397399,19.531073087992638,True,False,True,False,True,20.0
2025-06-12 19:00:00+00:00,134.99,135.015,134.51,134.73,169.0,128.48215457280986,132.60247872267993,,,,,122.78027273889485,,128.77864103262903,"rgba(38, 166, 154, 1.0)",1.4336004098538646,128.77864103262903,4.151337378577914,0,,,0.0,0.0,0.0,0.0,73.44731408239318,19.531073087992638,True,False,True,False,True,20.0
2025-06-13 14:00:00+00:00,133.04,133.415,132.835,133.415,609.0,128.51748466895975,132.62713127615064,,,,,122.83190488756817,,128.81531113229474,"rgba(38, 166, 154, 1.0)",1.443678834289195,128.81531113229474,3.1860887327962675,0,,,0.0,0.0,0.0,0.0,63.02661396009273,19.971490950202053,False,True,True,False,False,11.825294021169757
2025-06-13 15:00:00+00:00,133.415,133.99,133.31,133.95,151.0,128.5271380485779,132.63810772318251,,,,,122.84527503169606,,128.82628234399124,"rgba(38, 166, 154, 1.0)",1.4619502893897185,128.82628234399124,3.5047140064848668,0,,,0.0,0.0,0.0,0.0,58.99002376220282,16.573286481003777,False,True,True,False,False,14.173429951000916
2025-06-13 16:00:00+00:00,133.745,134.155,133.61,133.675,235.0,128.54227219196835,132.65571887089231,,,,,122.86613833082417,,128.84356432110218,"rgba(38, 166, 154, 1.0)",1.4745583611232191,128.84356432110218,3.276530659130759,0,,,0.0,0.0,0.0,0.0,54.93574753089617,13.029674230438417,False,True,True,False,False,12.468199699910588
2025-06-13 17:00:00+00:00,133.675,134.04,133.45,133.645,215.0,128.55577701361725,132.6700001048416,,,,,122.88498000113134,,128.85865446777723,"rgba(38, 166, 154, 1.0)",1.4805582341410009,128.85865446777723,3.2327978878856816,0,,,0.0,0.0,0.0,0.0,52.08053270517274,10.463048766980059,False,True,False,False,False,12.282403537600107
2025-06-13 18:00:00+00:00,133.775,133.775,132.82,132.82,25.0,128.55716865274596,132.67073546036931,,,,,122.88705085015063,,128.86004374016923,"rgba(239, 83, 80, 1.0)",1.4732814022066942,128.86004374016923,2.6878478571028612,0,,,0.0,0.0,0.0,0.0,46.59196424299781,5.372733700399976,False,True,False,True,False,7.372473788145413
2025-06-13 19:00:00+00:00,133.3,133.385,132.71,133.23,2215.0,128.67641478782724,132.72417755600893,,,,,123.06673878478598,,129.44240833486344,"rgba(239, 83, 80, 1.0)",1.4728167289636374,129.44240833486344,2.571665293211141,0,,,0.0,0.0,0.0,0.0,45.39655097140725,4.200513150853084,False,True,False,True,False,9.248160581175945
2025-06-16 14:00:00+00:00,135.685,136.14,135.685,136.005,201.0,128.69365184075028,132.75946222779658,,,,,123.0872477905092,,129.4760724073767,"rgba(38, 166, 154, 1.0)",1.5336780850186575,129.4760724073767,4.2570391116619914,0,,,0.0,0.0,0.0,0.0,53.46032127052444,4.200513150853084,False,True,True,False,True,19.818386490295282
2025-06-16 15:00:00+00:00,135.98,136.375,135.355,135.74,175.0,128.7083454632531,132.78842444048328,,,,,123.10488458768893,,130.06641377140465,"rgba(38, 166, 154, 1.0)",1.5793186180423888,130.06641377140465,3.592426609665331,0,,,1.0,0.0,136.375,508.0,57.72935842450517,-1.8998479989078447,False,True,True,False,True,18.355956096929475
2025-06-16 16:00:00+00:00,135.74,135.99,135.58,135.625,560.0,128.7543601563049,132.87484061238402,,,,,123.160591125502,,130.1362751176781,"rgba(38, 166, 154, 1.0)",1.615452409229224,130.1362751176781,3.397639479172716,0,,,0.0,0.0,0.0,0.0,60.07252770557078,0.36621590114750546,False,True,True,False,True,17.722677951834363
2025-06-16 17:00:00+00:00,135.625,135.625,135.335,135.335,700.0,128.80860058331598,132.96535688396636,,,,,123.22789153275416,,130.20270741088825,"rgba(38, 166, 154, 1.0)",1.6424827394976067,130.20270741088825,3.124716300325684,0,,,0.0,0.0,0.0,0.0,60.32511037469379,0.9324453316885837,False,True,True,False,True,16.131945312938313
2025-06-16 18:00:00+00:00,135.335,135.42,135.29,135.355,1810.0,128.94327260259448,133.16575784954208,,,,,123.39746475282567,,130.35856144777117,"rgba(38, 166, 154, 1.0)",1.6607086488045466,130.35856144777117,3.0086183725396305,0,,,0.0,0.0,0.0,0.0,60.554665089296854,1.715485103859109,False,False,True,False,True,16.202931332244997
2025-06-16 19:00:00+00:00,135.35,135.71,134.935,135.34,2870.0,129.14497119921344,133.41957503510133,,,,,123.65625710751536,,130.57203672661868,"rgba(38, 166, 154, 1.0)",1.6838145962642663,130.57203672661868,2.831643866230637,0,,,0.0,0.0,0.0,0.0,60.62762786720361,2.4889492402358684,False,False,True,False,True,16.11884284845193
2025-06-17 14:00:00+00:00,134.77,134.975,134.28,134.28,132.0,129.15275705419887,133.42543861433123,,,,,123.6670760441442,,130.57777149552746,"rgba(38, 166, 154, 1.0)",1.6823864511963846,130.57777149552746,2.200581502448383,0,,,0.0,0.0,0.0,0.0,55.847043072818586,2.4889492402358684,False,True,True,False,False,10.43855738337945
2025-06-17 15:00:00+00:00,134.28,134.47,134.22,134.35,536.0,129.18317526569209,133.44509460876026,,,,,123.71012174671577,,130.59851959926002,"rgba(38, 166, 154, 1.0)",1.6830478974833765,130.59851959926002,2.2289801771830042,0,,,0.0,0.0,0.0,0.0,52.97156824931328,2.4889492402358684,False,True,False,False,False,10.708630119713941
2025-06-17 16:00:00+00:00,134.35,134.785,134.035,134.035,619.0,129.21744914496986,133.4652927997928,,,,,123.75911762724559,,130.6217269843696,"rgba(38, 166, 154, 1.0)",1.677657432093168,130.6217269843696,2.034547071610299,0,,,0.0,0.0,0.0,0.0,49.78016722386863,7.283685040619886,False,True,False,False,False,9.093321673097169
2025-06-17 17:00:00+00:00,134.035,134.29,133.36,133.48,278.0,129.23096291527358,133.46790747431265,,,,,123.77978080789981,,130.62772754020486,"rgba(38, 166, 154, 1.0)",1.6604534629734977,130.62772754020486,1.7177671783028199,0,,,0.0,0.0,0.0,0.0,45.65206597957466,3.1889790375952316,False,True,False,True,False,6.337334451039041
2025-06-17 18:00:00+00:00,133.48,133.71,133.29,133.48,440.0,129.25115958962874,133.4683303096732,,,,,123.81160054249376,,131.03117734346975,"rgba(38, 166, 154, 1.0)",1.630629384374991,131.03117734346975,1.5017653183459934,0,,,0.0,0.0,0.0,0.0,42.89999848337868,0.4320147231103917,False,True,False,True,False,6.337334451039041
2025-06-17 19:00:00+00:00,133.59,133.75,133.41,133.41,647.0,129.2807202211623,133.46964323925476,,,,,123.85815699131881,,131.0419631333046,"rgba(38, 166, 154, 1.0)",1.5747349183469037,131.0419631333046,1.5037685639061587,0,,,0.0,0.0,0.0,0.0,40.79605518452327,-1.7659488591536245,False,True,False,True,False,5.988761761920259
2025-06-18 14:00:00+00:00,134.205,134.72,134.17,134.64,321.0,129.29861058117604,133.48181980602348,,,,,123.88343116311624,,131.06670734291447,"rgba(38, 166, 154, 1.0)",1.5444129850744033,131.06670734291447,2.3136898560286134,0,,,0.0,0.0,0.0,0.0,45.71786164605525,-1.7659488591536245,False,True,False,True,True,10.913161131163296
2025-06-18 15:00:00+00:00,134.64,134.65,134.23,134.27,5073.0,129.55942755308396,133.62254346287577,,,,,124.26292947608164,,131.27699910806456,"rgba(38, 166, 154, 1.0)",1.5144598448356354,131.27699910806456,1.9762827665201534,0,,,0.0,0.0,0.0,0.0,47.296178402334796,-1.7659488591536245,False,True,False,True,True,9.071736276240692
2025-06-18 16:00:00+00:00,134.265,134.7,133.88,134.19,3134.0,129.70370443512297,133.67831598050498,,,,,124.48120055798316,,131.37436907827296,"rgba(38, 166, 154, 1.0)",1.4852426228218072,131.37436907827296,1.8957380285637289,0,,,0.0,0.0,0.0,0.0,47.98048746309194,-1.7659488591536245,False,True,False,False,True,8.676043949577863
2025-06-18 17:00:00+00:00,134.19,134.56,133.685,134.02,3220.0,129.83784190307892,133.7122967767397,,,,,124.6920541806112,,131.45678587870717,"rgba(38, 166, 154, 1.0)",1.442839261710425,131.45678587870717,1.7765070505873692,0,,,0.0,0.0,0.0,0.0,47.61917202420081,-1.7659488591536245,False,True,False,True,True,7.830703172674305
2025-06-18 18:00:00+00:00,134.115,134.51,133.42,133.45,4333.0,129.99423950833588,133.7204274533414,,,,,124.95313916511091,,131.5383208939329,"rgba(38, 166, 154, 1.0)",1.390197983177352,131.5383208939329,1.3751128466593412,0,,,0.0,0.0,0.0,0.0,44.91044692255008,-1.7659488591536245,False,True,False,True,True,5.0633517990331
2025-06-18 19:00:00+00:00,133.45,133.96,133.335,133.395,3573.0,130.10693279427363,133.7084234051199,,,,,125.15210710412913,,131.5900383858872,"rgba(38, 166, 154, 1.0)",1.332698211344362,131.5900383858872,1.354366351472817,0,,,0.0,0.0,0.0,0.0,42.88283172242233,-1.7659488591536245,False,True,False,True,False,4.800844006438236
2025-06-19 14:00:00+00:00,133.395,133.395,133.395,133.395,0.0,130.10693279427363,133.7084234051199,,,,,125.15210710412913,,131.5900383858872,"rgba(38, 166, 154, 1.0)",1.2717407450107332,131.5900383858872,1.41928425364525,0,,,0.0,0.0,0.0,0.0,41.531088255670504,-2.4283866838622004,False,True,False,True,False,4.800844006438236
2025-06-19 15:00:00+00:00,133.395,133.395,133.395,133.395,0.0,130.10693279427363,133.7084234051199,,,,,125.15210710412913,,131.5900383858872,"rgba(38, 166, 154, 1.0)",1.223955697542798,131.5900383858872,1.474695217920417,0,,,0.0,0.0,0.0,0.0,40.62992594450262,-3.652170350846383,False,True,False,True,False,4.800844006438236
2025-06-19 16:00:00+00:00,133.395,133.395,133.395,133.395,0.0,130.10693279427363,133.7084234051199,,,,,125.15210710412913,,131.5900383858872,"rgba(38, 166, 154, 1.0)",1.1776108352410841,131.5900383858872,1.5327318330450783,0,,,0.0,0.0,0.0,0.0,40.0291510703907,-4.628061553455581,False,True,False,True,False,4.800844006438236
2025-06-19 17:00:00+00:00,133.395,133.395,133.395,133.395,0.0,130.10693279427363,133.7084234051199,,,,,125.15210710412913,,131.5900383858872,"rgba(38, 166, 154, 1.0)",1.140454891856001,131.5900383858872,1.5826681326916658,0,,,0.0,0.0,0.0,0.0,39.628634487649414,-5.442312423207142,False,True,False,True,False,4.800844006438236
2025-06-19 18:00:00+00:00,133.395,133.395,133.395,133.395,0.0,130.10693279427363,133.7084234051199,,,,,125.15210710412913,,131.5900383858872,"rgba(38, 166, 154, 1.0)",1.1115713534774974,131.5900383858872,1.6237928482648256,0,,,0.0,0.0,0.0,0.0,39.36162343248856,-6.144574440104229,False,True,False,True,False,4.800844006438236
2025-06-19 19:00:00+00:00,133.395,133.395,133.395,133.395,0.0,130.10693279427363,133.7084234051199,,,,,125.15210710412913,,131.5900383858872,"rgba(38, 166, 154, 1.0)",1.08560824068822,131.5900383858872,1.662627038431985,0,,,0.0,0.0,0.0,0.0,39.18361606238132,-6.763093773808222,False,True,False,True,False,4.800844006438236
2025-06-20 14:00:00+00:00,133.62,133.62,132.595,132.595,160.0,130.11092818272743,133.7057916124953,,,,,125.16015425219189,,131.59068887516855,"rgba(239, 83, 80, 1.0)",1.0615404708107417,131.59068887516855,0.9460883993093666,0,,,0.0,0.0,0.0,0.0,34.424620104380146,-11.490249399263618,False,True,False,True,False,0.6452341142235696
2025-06-20 15:00:00+00:00,132.595,133.27,132.595,133.265,180.0,130.11557869309843,133.70325987105176,,,,,125.16931133396581,,131.59175121438284,"rgba(239, 83, 80, 1.0)",1.0335314602261503,131.59175121438284,1.6189626054063402,0,,,0.0,0.0,0.0,0.0,37.57249101104862,-11.490249399263618,False,True,False,True,True,3.813234928823512
2025-06-20 16:00:00+00:00,133.265,133.275,133.21,133.275,376.0,130.12593904773618,133.69969647182728,,,,,125.18887931459969,,131.59529868612356,"rgba(239, 83, 80, 1.0)",1.0084112470818443,131.59529868612356,1.665690777187576,0,,,0.0,0.0,0.0,0.0,39.75006690734325,-14.664231452615233,False,True,False,True,True,3.859397834006863
2025-06-20 17:00:00+00:00,133.275,133.275,132.565,132.61,334.0,130.13380791232532,133.69352750876752,,,,,125.20524532822854,,131.59610097641243,"rgba(239, 83, 80, 1.0)",1.0032953720622457,131.59610097641243,1.0105688233202377,0,,,0.0,0.0,0.0,0.0,37.672809289628646,-14.664231452615233,False,True,False,True,False,0.535552150472121
2025-06-20 18:00:00+00:00,132.63,133.035,132.615,132.645,295.0,130.14058667016002,133.68783327096844,,,,,125.21954431791958,,131.5966079244542,"rgba(239, 83, 80, 1.0)",0.9967615038179449,131.5966079244542,1.0517983203906973,0,,,0.0,0.0,0.0,0.0,36.598520202311796,-14.664231452615233,False,True,False,True,False,0.7037322932391206
2025-06-20 19:00:00+00:00,132.725,132.805,132.56,132.69,963.0,130.16180700857964,133.6681514391886,,,,,125.26535691754772,,131.59733651321258,"rgba(239, 83, 80, 1.0)",0.9947664038336403,131.59733651321258,1.0984121323121676,0,,,0.0,0.0,0.0,0.0,36.31642122382742,-14.664231452615233,False,True,False,True,False,0.9232280786125813
2025-06-23 14:00:00+00:00,132.66,133.31,132.66,133.15,366.0,130.1709012178348,133.66350063048301,,,,,125.28344748335915,,131.59977084552477,"rgba(239, 83, 80, 1.0)",0.9918280419824697,131.59977084552477,1.5630019407160827,0,,,0.0,0.0,0.0,0.0,40.11127695592573,-14.405922263182212,False,True,False,True,True,3.137746327142569
2025-06-23 15:00:00+00:00,133.15,133.25,132.95,132.95,201.0,130.17588849628712,133.66101617171023,,,,,125.29335946131289,,131.60115215971013,"rgba(239, 83, 80, 1.0)",0.9857429539028345,131.60115215971013,1.3683565628842635,0,,,0.0,0.0,0.0,0.0,41.315363606604805,-13.211094367478303,False,True,False,True,True,2.114966909733745
2025-06-23 16:00:00+00:00,132.95,132.95,132.05,132.05,300.0,130.18149500723493,133.65313967770788,132.35,,,,125.30677563785703,,131.82970384004966,"rgba(239, 83, 80, 1.0)",0.9866721207532861,131.82970384004966,0.22327190088452423,0,,,0.0,0.0,0.0,0.0,37.791969919912006,-13.211094367478303,False,True,False,True,False,0.0
2025-06-23 17:00:00+00:00,132.05,133.71,132.05,133.31,500.0,130.1936567666653,133.64689581102695,132.77083333333334,,,,125.33114976983764,,132.06726070813477,"rgba(239, 83, 80, 1.0)",0.9737706641218046,132.06726070813477,1.2762135250664994,0,,,0.0,0.0,0.0,0.0,42.79722456384975,-12.3322312002879,False,True,False,True,True,3.5314239158484497
2025-06-23 18:00:00+00:00,133.31,133.72,133.31,133.61,100.0,130.1965241801001,133.64669747100962,132.85703703703706,,,,125.33633653000334,,132.07700163915055,"rgba(38, 166, 154, 1.0)",0.9645342665500622,132.07700163915055,1.5893664061647874,0,,,0.0,0.0,0.0,0.0,47.37085159779443,-8.283294966957456,False,False,False,False,True,4.809162378672902
2025-06-23 19:00:00+00:00,133.67,134.08,133.67,134.08,745.0,130.2202442074553,133.65100710492274,133.3490070921986,,,,125.37662968641679,,132.1368379620251,"rgba(38, 166, 154, 1.0)",0.9556934654992242,132.1368379620251,2.0332482204007265,0,,,0.0,0.0,0.0,0.0,52.18395179336845,-4.06114104074387,True,False,True,False,True,6.759542649383754
2025-06-24 14:00:00+00:00,135.315,135.67,135.04,135.17,384.0,130.23674429405526,133.6632141635858,133.71698209298506,,,,125.40050094134817,,132.18792036071972,"rgba(38, 166, 154, 1.0)",0.9652415652453004,132.18792036071972,3.0894645927544833,0,,,0.0,0.0,0.0,0.0,58.460716124735164,1.4595449584599862,True,False,True,False,True,10.96996055315243
2025-06-24 15:00:00+00:00,135.17,135.73,135.17,135.72,0.0,130.23674429405526,133.6632141635858,133.71698209298506,,,,125.40050094134817,,132.18792036071972,"rgba(38, 166, 154, 1.0)",0.983416649393444,132.18792036071972,3.59164108260605,0,,,0.0,0.0,0.0,0.0,63.8080035924828,6.068260393499635,True,False,True,False,True,12.941452455717403
2025-06-24 16:00:00+00:00,135.72,136.22,135.72,136.025,88.0,130.24102809657623,133.6671679130194,133.8113982050071,,,,125.4063384415862,,132.20152001089704,"rgba(38, 166, 154, 1.0)",0.9884030162441071,132.20152001089704,3.8683410777438123,0,,,0.0,0.0,0.0,0.0,67.96641201306883,9.64773159905328,True,False,True,False,True,14.004181057276561
2025-06-24 17:00:00+00:00,136.025,136.33,135.83,136.33,104.0,130.24623645593746,133.67217420370906,133.92152934113764,,,,125.41334296507331,,132.2176540478075,"rgba(38, 166, 154, 1.0)",1.0265000537546458,132.2176540478075,4.006181916065863,0,,,0.0,0.0,0.0,0.0,71.31455165752473,12.623284678003479,True,False,True,False,True,15.05172293138509
2025-06-24 18:00:00+00:00,136.33,136.49,135.875,136.48,696.0,130.2815503592486,133.70673504468675,134.48466118157927,,,,125.46049904100519,,132.307529352353,"rgba(38, 166, 154, 1.0)",1.0656189589922378,132.307529352353,3.9155371743694705,0,,,0.0,0.0,0.0,0.0,73.83060661725085,14.996929419014194,True,False,True,False,True,15.56397816396709
2025-06-24 19:00:00+00:00,136.48,136.66,136.26,136.315,7.0,130.28191107860695,133.7070953042353,134.48927439580484,,,,125.46097690616608,,132.30833104311154,"rgba(38, 166, 154, 1.0)",1.0938932372093515,132.30833104311154,3.662760515011445,0,,,0.0,0.0,0.0,0.0,74.30534993930202,15.686402956811847,True,False,True,False,True,14.703606279531506
2025-06-25 14:00:00+00:00,135.87,135.875,135.58,135.58,35.0,130.28349834165311,133.70840713909962,134.50333896586685,,,,125.46320564277401,,132.31103025304816,"rgba(38, 166, 154, 1.0)",1.1004781925373155,132.31103025304816,2.9704993421221366,0,,,0.0,0.0,0.0,0.0,69.94337183473513,15.686402956811847,True,False,True,False,False,10.99032680298637
2025-06-25 15:00:00+00:00,135.58,135.605,135.215,135.605,19.0,130.2843271463342,133.70904511644997,134.50953828072534,,,,125.46439104641318,,132.3122903751899,"rgba(38, 166, 154, 1.0)",1.1073927743825605,132.3122903751899,2.97338911809858,0,,,0.0,0.0,0.0,0.0,67.12698757596405,15.686402956811847,True,False,True,False,False,11.08215930629611
2025-06-25 16:00:00+00:00,135.605,135.8,135.33,135.345,490.0,130.3056788811439,133.72549430027746,134.6483049788543,,,,125.49491604643757,,132.34276405527615,"rgba(38, 166, 154, 1.0)",1.110180315683576,132.34276405527615,2.7042777666934863,0,,,0.0,0.0,0.0,0.0,63.68006418438572,22.109658679970437,True,False,True,False,False,9.791210816318255
2025-06-25 17:00:00+00:00,135.345,135.94,135.345,135.785,52.0,130.30802077147203,133.7274161555731,134.66369365530304,,,,125.49820858227659,,132.3462154283475,"rgba(38, 166, 154, 1.0)",1.1215066161588365,132.3462154283475,3.066218711602735,0,,,0.0,0.0,0.0,0.0,63.21460719349051,21.319865571599024,True,False,True,False,False,11.43729257333219
2025-06-25 18:00:00+00:00,135.785,135.9,135.415,135.74,78.0,130.31152652974797,133.73028457193666,134.68583425977397,,,,125.50314097948181,,132.35128863584922,"rgba(38, 166, 154, 1.0)",1.1292940073129372,132.35128863584922,3.00073438998756,0,,,0.0,0.0,0.0,0.0,62.60480324670304,20.239256569181208,True,False,True,False,False,11.210181877164096
2025-06-25 19:00:00+00:00,135.74,135.935,135.74,135.86,406.0,130.33024203245063,133.74629140410406,134.80337204462205,,,,125.52914003063,,132.37880837914864,"rgba(38, 166, 154, 1.0)",1.1403766960995703,132.37880837914864,3.052668151460911,0,,,0.0,0.0,0.0,0.0,62.73221239598671,19.772713264890683,True,False,True,False,False,11.663013229381711
2025-06-26 14:00:00+00:00,135.49,136.68,135.49,136.62,7491.0,130.67874659557233,134.05474011243982,135.7547917935334,,,,126.00496888357634,,132.77711125818684,"rgba(38, 166, 154, 1.0)",1.1712133732858983,132.77711125818684,3.2811175396945402,0,,,0.0,0.0,0.0,0.0,65.63179471250807,19.772713264890683,True,False,True,False,False,14.441244139918531
2025-06-26 15:00:00+00:00,136.62,136.67,136.51,136.55,920.0,130.72098938627227,134.09213269620247,135.81569593233988,,,,126.06221106592362,,132.81997100066164,"rgba(38, 166, 154, 1.0)",1.194920770865843,132.81997100066164,3.1215701411195518,0,,,0.0,0.0,0.0,0.0,67.01499730148123,19.772713264890683,True,False,True,False,True,14.074029142148852
2025-06-26 16:00:00+00:00,136.55,136.78,136.55,136.78,21.0,130.72196726628323,134.09301613769398,135.81719483756834,,,,126.06352609898204,,132.82098160840104,"rgba(38, 166, 154, 1.0)",1.216783875631977,132.82098160840104,3.2536742727156147,0,,,0.0,0.0,0.0,0.0,68.72934483975607,19.772713264890683,True,False,True,False,True,14.901306860288248
2025-06-26 17:00:00+00:00,136.78,136.86,136.39,136.6,100.0,130.72655204776615,134.09707541150607,135.82357224526694,,,,126.06973273343931,,132.8256089175467,"rgba(38, 166, 154, 1.0)",1.2357178932546409,132.8256089175467,3.054411612113408,0,,,0.0,0.0,0.0,0.0,68.31458475317717,19.772713264890683,True,False,True,False,True,13.936923816022624
2025-06-26 18:00:00+00:00,136.6,136.92,136.48,136.655,238.0,130.73756145403925,134.10694475601417,135.83962201868377,,,,126.08457071596945,,132.83685985193696,"rgba(38, 166, 154, 1.0)",1.2550730677547757,132.83685985193696,3.0421656285664556,0,,,0.0,0.0,0.0,0.0,68.27409931275011,19.772713264890683,True,False,True,False,True,14.140476212379646
2025-06-26 19:00:00+00:00,136.68,137.0,136.635,136.635,1044.0,130.78595422002837,134.15054164302674,135.9089080667728,,,,126.1496080056662,,132.88628114922977,"rgba(38, 166, 154, 1.0)",1.27416860368972,132.88628114922977,2.942090112654423,0,,,0.0,0.0,0.0,0.0,68.04639537639645,19.772713264890683,True,False,True,False,True,14.030353507846545
2025-06-27 14:00:00+00:00,138.56,139.02,138.255,138.58,832.0,130.8358186989071,134.20836633791714,136.06278122866894,,,,126.2098713867461,,132.95245430117438,"rgba(38, 166, 154, 1.0)",1.3525719577526687,132.95245430117438,4.160625737188824,0,,,0.0,0.0,0.0,0.0,73.20282139117074,18.556848032124734,True,False,True,False,True,20.0
2025-06-27 15:00:00+00:00,138.62,139.0,138.615,138.77,1554.0,130.92935062021547,134.31662644166994,136.3248071463836,,,,126.32246502550414,,133.07356199825497,"rgba(38, 166, 154, 1.0)",1.43162145205357,133.07356199825497,3.979011346591558,0,,,0.0,0.0,0.0,0.0,76.92195341664629,22.077347692639236,True,False,True,False,True,20.0
2025-06-27 16:00:00+00:00,138.77,139.16,138.75,138.98,1000.0,130.98964815106694,134.38614837367965,136.47817416492288,,,,126.39482342862169,,133.14978395294773,"rgba(38, 166, 154, 1.0)",1.5140379813620921,133.14978395294773,3.850772648257578,0,,,0.0,0.0,0.0,0.0,79.7135926810526,24.656482545990144,True,False,True,False,True,20.0
2025-06-27 17:00:00+00:00,138.98,138.98,138.25,138.25,547.0,131.02032786190887,134.41948858549134,136.54027162788952,,,,126.43258704480404,,133.18582863108617,"rgba(38, 166, 154, 1.0)",1.5687993285730726,133.18582863108617,3.2280555432924833,0,,,0.0,0.0,0.0,0.0,76.17923862657447,24.656482545990144,True,False,True,False,False,17.961426738057035
2025-06-27 18:00:00+00:00,138.25,138.42,137.74,137.79,274.0,131.0345592769407,134.4339211585549,136.5622077669903,,,,126.45061873643319,,133.20129393680608,"rgba(38, 166, 154, 1.0)",1.6062236585978409,133.20129393680608,2.8568288349081095,0,,,0.0,0.0,0.0,0.0,71.09143492114428,26.91448713834052,True,False,True,False,False,15.583600729872416
2025-06-27 19:00:00+00:00,137.79,138.52,137.755,138.52,1616.0,131.1206790933302,134.5232899554914,136.70230818186448,,,,126.5584011629549,,133.29662656281135,"rgba(38, 166, 154, 1.0)",1.6606844974280917,133.29662656281135,3.145313541059794,0,,,0.0,0.0,0.0,0.0,69.97567764720318,25.98380798887399,True,False,True,False,False,17.9467786272524
2025-06-30 14:00:00+00:00,138.21,138.54,137.88,138.54,1811.0,131.2155096603073,134.6200156383348,136.83887539623345,,,,126.67743291272235,,133.39875809231916,"rgba(38, 166, 154, 1.0)",1.7107375602347645,133.39875809231916,3.0052779731891217,0,,,0.0,0.0,0.0,0.0,69.28942697673345,25.244307171448128,True,False,True,False,False,18.010146435726448
2025-06-30 15:00:00+00:00,138.57,138.67,138.03,138.67,1387.0,131.28783050343,134.69344208647817,136.93712297677948,,,,126.76803084663752,,133.47577060823016,"rgba(38, 166, 154, 1.0)",1.7556114204052828,133.47577060823016,2.9586441119019016,0,,,0.0,0.0,0.0,0.0,69.23499331282584,24.923041572090753,True,False,True,False,False,18.42690614627587
2025-06-30 16:00:00+00:00,138.775,138.87,138.525,138.85,278.0,131.3027352104174,134.70893685310168,136.95890419748812,,,,126.7864711636243,,133.49197912028214,"rgba(38, 166, 154, 1.0)",1.803080766979186,133.49197912028214,2.9715922757550586,0,,,0.0,0.0,0.0,0.0,69.76939027000076,24.923041572090753,True,False,True,False,False,19.00545097364838
2025-06-30 17:00:00+00:00,138.875,138.875,138.58,138.675,710.0,131.34033769000877,134.74760709764365,137.0110835746562,,,,126.83316021494119,,133.53235269281345,"rgba(38, 166, 154, 1.0)",1.8524086462740328,133.53235269281345,2.776194830190722,0,,,0.0,0.0,0.0,0.0,68.77539089403979,23.783549683184702,True,False,True,False,False,18.06131243370454
2025-06-30 18:00:00+00:00,138.675,139.02,138.49,139.02,9193.0,131.80308660114278,135.2031447762157,137.52119478094085,,,,127.41269516500982,,134.00372870771525,"rgba(38, 166, 154, 1.0)",1.908070925740357,134.00372870771525,2.6289752779176045,0,,,0.0,0.0,0.0,0.0,69.35876241670505,23.783549683184702,True,False,True,False,False,19.188920266621672
2025-06-30 19:00:00+00:00,139.01,139.25,138.69,139.07,42796.0,133.40923803715734,136.4995407067889,138.35782031497308,,,,129.5387632763277,,135.7153683258867,"rgba(38, 166, 154, 1.0)",1.9616068702753662,135.7153683258867,1.71014474151102,0,,,0.0,0.0,0.0,0.0,69.92472053830207,23.783549683184702,True,False,True,False,False,19.35189708251496
2025-07-01 14:00:00+00:00,138.61,138.64,137.335,137.74,115.0,133.41193128817952,136.50082791117484,138.3571345036941,,,,129.54288501660068,,135.98108518867483,"rgba(38, 166, 154, 1.0)",1.9842671554360187,135.98108518867483,0.8864304418417305,0,,,0.0,0.0,0.0,0.0,62.0042043667424,16.689809537491016,False,False,True,False,False,12.422666493686005
2025-07-01 15:00:00+00:00,137.74,137.945,137.655,137.945,820.0,133.43080117332173,136.50957067689995,138.3516985229291,,,,129.5719591382243,,135.98681009598832,"rgba(38, 166, 154, 1.0)",2.0095950871786137,135.98681009598832,0.9744201289628404,0,,,0.0,0.0,0.0,0.0,57.75159545252551,12.925555881811718,False,True,True,False,False,13.137228457097596
2025-07-01 16:00:00+00:00,137.945,138.49,137.945,138.4,491.0,133.44311582167907,136.51641564729866,138.3512321664379,,,,129.59017036159776,,136.00067238127184,"rgba(38, 166, 154, 1.0)",2.0418725331027514,136.00067238127184,1.175062389953519,0,,,0.0,0.0,0.0,0.0,57.03309466203154,12.38449411865976,False,True,True,False,False,14.69676274706844
2025-07-01 17:00:00+00:00,138.4,138.775,138.385,138.775,1340.0,133.47893245023133,136.53866172448576,138.35624156931613,,,,129.64156682593747,,136.03792293983656,"rgba(38, 166, 154, 1.0)",2.0696439133159927,136.03792293983656,1.3224869469347924,0,,,0.0,0.0,0.0,0.0,58.09258591094737,12.38449411865976,False,True,True,False,False,15.948717645065216
2025-07-01 18:00:00+00:00,138.775,138.775,138.21,138.515,101.0,133.48153687212618,136.54020551966354,138.35642610220756,,,,129.64535509384916,,136.03975406222256,"rgba(38, 166, 154, 1.0)",2.095107099113257,136.03975406222256,1.181441244137383,0,,,0.0,0.0,0.0,0.0,57.293719347288736,12.38449411865976,False,True,True,False,False,14.632195718511369
2025-07-01 19:00:00+00:00,138.335,138.62,138.2,138.485,873.0,133.50364613743304,136.5530095724643,138.35728832520488,,,,129.67772531111584,,136.05356262620043,"rgba(38, 166, 154, 1.0)",2.115009004729792,136.05356262620043,1.1496108850421733,0,,,0.0,0.0,0.0,0.0,56.58215134039382,11.586452622728238,False,True,True,False,False,14.479692913201262
2025-07-02 14:00:00+00:00,137.74,138.495,137.725,138.425,465.0,133.5148203914528,136.55897020297456,138.35646149135852,,,,129.69443934067328,,136.05862626185106,"rgba(38, 166, 154, 1.0)",2.1313040186275254,136.05862626185106,1.11029384708466,0,,,0.0,0.0,0.0,0.0,55.71739549610573,10.466140822938726,False,True,True,False,False,14.170067348383839
2025-07-02 15:00:00+00:00,138.425,138.475,138.185,138.4,422.0,133.5252126616381,136.56479153373257,138.3564450811962,,,,129.709796570801,,136.06440604193372,"rgba(38, 166, 154, 1.0)",2.1327729591997167,136.06440604193372,1.0950973229436816,0,,,0.0,0.0,0.0,0.0,54.96355247387663,9.434176478338301,False,True,True,False,False,14.039072072224283
2025-07-02 16:00:00+00:00,138.4,138.965,138.205,138.965,53.0,133.52661133188488,136.56566592381975,138.35667896541443,,,,129.7118012731628,,136.06547854625356,"rgba(38, 166, 154, 1.0)",2.1491925217377617,136.06547854625356,1.349121320877291,0,,,0.0,0.0,0.0,0.0,57.56936897250759,9.434176478338301,False,True,True,False,True,16.03663809002393
2025-07-02 17:00:00+00:00,138.63,138.99,138.585,138.665,469.0,133.53903877326567,136.57349821463666,138.35893801848536,,,,129.72957100242255,,136.0750378273213,"rgba(38, 166, 154, 1.0)",2.1763688392187452,136.0750378273213,1.1900382536300322,0,,,0.0,0.0,0.0,0.0,57.06976919863442,9.434176478338301,False,True,True,False,True,14.448567894340275
2025-07-02 18:00:00+00:00,138.65,138.85,138.595,138.76,288.0,133.54662381053757,136.57825432115743,138.36027096435416,,,,129.74043423233246,,136.08066924601752,"rgba(38, 166, 154, 1.0)",2.204544166484311,136.08066924601752,1.2153672376885616,0,,,0.0,0.0,0.0,0.0,57.273835083390466,9.434176478338301,False,True,True,False,True,14.787968831055643
2025-07-02 19:00:00+00:00,139.115,139.115,138.8,139.055,545.0,133.56161948882814,136.58825494045084,138.36446669437723,,,,129.7615006003823,,136.093250698234,"rgba(38, 166, 154, 1.0)",2.237088110963501,136.093250698234,1.323930553853067,0,,,0.0,0.0,0.0,0.0,59.01215632013245,9.434176478338301,False,True,True,False,True,15.838716748835314
2025-07-03 14:00:00+00:00,139.955,140.46,139.955,140.075,297.0,133.571515562173,136.59631541523382,138.3709745619912,,,,129.77439494996298,,136.4348972749729,"rgba(38, 166, 154, 1.0)",2.2899999468896914,136.4348972749729,1.5895645456110659,0,,,1.0,0.0,140.46,606.0,64.00269799368613,9.985013558064573,False,True,True,False,True,19.2699986085754
2025-07-03 15:00:00+00:00,140.075,140.27,140.01,140.05,596.0,133.59112515892906,136.61214126834184,138.38350868494356,,,,129.8000419329545,,136.45469122059325,"rgba(38, 166, 154, 1.0)",2.339457947150264,136.45469122059325,1.536812740654849,0,,,0.0,0.0,0.0,0.0,67.12309226939344,12.794047042165431,False,False,True,False,True,19.13345336975974
2025-07-03 16:00:00+00:00,140.075,140.14,139.87,139.87,1412.0,133.63605841136282,136.6474880798383,138.40997629890336,,,,129.85942123315553,,136.49338807543603,"rgba(38, 166, 154, 1.0)",2.3821238025780387,136.49338807543603,1.417479612482633,0,,,0.0,0.0,0.0,0.0,67.64913109299405,13.24137288586698,False,False,True,False,True,18.142264822441728
2025-07-03 17:00:00+00:00,139.87,139.87,139.87,139.87,0.0,133.63605841136282,136.6474880798383,138.40997629890336,,,,129.85942123315553,,136.49338807543603,"rgba(38, 166, 154, 1.0)",2.4151266450664157,136.49338807543603,1.3981096732387372,0,,,0.0,0.0,0.0,0.0,67.99982364206113,13.68293020117703,False,False,True,False,True,18.142264822441728
2025-07-03 18:00:00+00:00,139.87,139.87,139.87,139.87,0.0,133.63605841136282,136.6474880798383,138.40997629890336,,,,129.85942123315553,,136.49338807543603,"rgba(38, 166, 154, 1.0)",2.446088451325864,136.49338807543603,1.380412847594998,0,,,0.0,0.0,0.0,0.0,68.23361867477252,14.124174918648137,False,False,True,False,True,18.142264822441728
2025-07-03 19:00:00+00:00,139.87,139.87,139.87,139.87,0.0,133.63605841136282,136.6474880798383,138.40997629890336,,,,129.85942123315553,,136.49338807543603,"rgba(38, 166, 154, 1.0)",2.4709660947571694,136.49338807543603,1.366514875185208,0,,,0.0,0.0,0.0,0.0,68.38948202991344,14.561597486766175,False,False,True,False,True,18.142264822441728
2025-07-04 14:00:00+00:00,139.87,139.87,139.87,139.87,0.0,133.63605841136282,136.6474880798383,138.40997629890336,,,,129.85942123315553,,136.49338807543603,"rgba(38, 166, 154, 1.0)",2.485484439882689,136.49338807543603,1.358532715144797,0,,,0.0,0.0,0.0,0.0,68.49339093334072,14.988428777881964,False,False,True,False,True,18.142264822441728
2025-07-04 15:00:00+00:00,139.87,139.87,139.87,139.87,0.0,133.63605841136282,136.6474880798383,138.40997629890336,,,,129.85942123315553,,136.49338807543603,"rgba(38, 166, 154, 1.0)",2.496973786423911,136.49338807543603,1.352281687105676,0,,,0.0,0.0,0.0,0.0,68.56266353562557,15.397642934277329,False,False,True,False,True,18.142264822441728
2025-07-04 16:00:00+00:00,139.87,139.87,139.87,139.87,0.0,133.63605841136282,136.6474880798383,138.40997629890336,,,,129.85942123315553,,136.49338807543603,"rgba(38, 166, 154, 1.0)",2.5043327715438926,136.49338807543603,1.3483080056019598,0,,,0.0,0.0,0.0,0.0,68.60884527048215,15.783369914332908,False,False,True,False,True,18.142264822441728
2025-07-04 17:00:00+00:00,139.87,139.87,139.87,139.87,0.0,133.63605841136282,136.6474880798383,138.40997629890336,,,,129.85942123315553,,136.49338807543603,"rgba(38, 166, 154, 1.0)",2.5253503904592507,136.49338807543603,1.337086503845479,0,,,0.0,0.0,0.0,0.0,68.63963309371987,16.141406926420174,False,False,True,False,True,18.142264822441728
2025-07-04 18:00:00+00:00,139.87,139.87,139.87,139.87,0.0,133.63605841136282,136.6474880798383,138.40997629890336,,,,129.85942123315553,,136.49338807543603,"rgba(38, 166, 154, 1.0)",2.540011349906879,136.49338807543603,1.329368833209256,0,,,0.0,0.0,0.0,0.0,68.66015830921168,16.46924814791852,False,False,True,False,True,18.142264822441728
2025-07-04 19:00:00+00:00,139.87,139.87,139.87,139.87,0.0,133.63605841136282,136.6474880798383,138.40997629890336,,,,129.85942123315553,,136.49338807543603,"rgba(38, 166, 154, 1.0)",2.551332370519957,136.49338807543603,1.323470028280097,0,,,0.0,0.0,0.0,0.0,68.67384178620622,16.76588192750951,True,False,True,False,True,18.142264822441728
2025-07-07 14:00:00+00:00,138.955,138.955,138.255,138.255,483.0,133.64774038277815,136.65411248944517,138.4104237304834,,,,129.87663770929726,,136.48493676307288,"rgba(239, 83, 80, 1.0)",2.5382182212601156,136.48493676307288,0.6973644827308642,0,,,0.0,0.0,0.0,0.0,53.812913797545704,6.949559867098877,False,True,False,False,False,8.488868756362969
2025-07-07 15:00:00+00:00,138.255,138.45,138.165,138.34,251.0,133.65357653132344,136.6572188799072,138.41015127047558,,,,129.88538139294332,,136.4810043244957,"rgba(239, 83, 80, 1.0)",2.515033675199106,136.4810043244957,0.7391533933863266,0,,,0.0,0.0,0.0,0.0,44.8424467821526,-0.46296711458890627,False,True,False,True,False,8.857029391491956
2025-07-07 16:00:00+00:00,138.215,138.515,137.69,137.69,1147.0,133.67805543042982,136.66827954253858,138.4042130900323,,,,129.92344365130873,,136.46278667574023,"rgba(239, 83, 80, 1.0)",2.48484723187642,136.46278667574023,0.4938787819696427,0,,,0.0,0.0,0.0,0.0,36.6959240691684,-6.985539378833629,False,True,False,True,False,5.384977051655778
2025-07-07 17:00:00+00:00,137.69,137.95,137.525,137.865,142.0,133.68093667918146,136.66944236152034,138.40318392045765,137.78,,,129.9280230413486,,136.66005438316387,"rgba(239, 83, 80, 1.0)",2.4537520488254856,136.66005438316387,0.4910625005541622,0,,,0.0,0.0,0.0,0.0,33.07387696736469,-9.458794945343612,False,True,False,True,False,6.167931020751855
2025-07-07 18:00:00+00:00,137.865,137.96,137.74,137.74,293.0,133.6869172585707,136.67190581366577,138.4011840567468,137.80245210727972,,,129.93749525445554,,136.65756991753273,"rgba(239, 83, 80, 1.0)",2.420203751380524,136.65756991753273,0.44724750213689546,0,,,0.0,0.0,0.0,0.0,30.211966420976808,-11.597980977996393,False,True,False,True,False,5.507970394063168
2025-07-07 19:00:00+00:00,137.74,138.06,137.74,138.015,568.0,133.6988115573682,136.67717096932392,138.39816177513117,137.87940179461617,,,129.95608351296562,,136.65743601153696,"rgba(239, 83, 80, 1.0)",2.3860491450346735,136.65743601153696,0.5689589383722857,0,,,0.0,0.0,0.0,0.0,31.1712439437932,-11.597980977996393,False,True,False,True,False,6.753659099300954
2025-07-08 14:00:00+00:00,138.335,138.335,137.585,137.92,370.0,133.70653903136147,136.6805997595949,138.39624947056336,137.89752852634135,,,129.96815826768122,,136.6565740146039,"rgba(239, 83, 80, 1.0)",2.349294609486079,136.6565740146039,0.5377895051112658,0,,,0.0,0.0,0.0,0.0,31.343166827370887,-11.597980977996393,False,True,False,True,False,6.240312191799138
2025-07-08 15:00:00+00:00,137.97,138.225,137.915,138.225,710.0,133.7218977276068,136.68803004335481,138.39403577200696,137.97392702832454,,,129.99173282130855,,136.66058739296972,"rgba(239, 83, 80, 1.0)",2.3119633694372888,136.66058739296972,0.6766597722571364,0,,,0.0,0.0,0.0,0.0,34.48145252486554,-11.597980977996393,False,True,False,True,True,7.626252773540557
2025-07-08 16:00:00+00:00,138.22,138.465,138.125,138.3,339.0,133.72948351847234,136.6919805491162,138.39366240225024,138.01909991742363,,,130.00318207943613,,136.66438464306898,"rgba(239, 83, 80, 1.0)",2.272626168708993,136.66438464306898,0.7197027735802972,0,,,0.0,0.0,0.0,0.0,37.27333575482294,-11.597980977996393,False,True,False,True,True,7.965288766583875
2025-07-08 17:00:00+00:00,138.31,138.6,138.185,138.445,462.0,133.7400367978995,136.69771133268836,138.39374733687418,138.08171983356448,,,130.01894729436094,,136.67074078282775,"rgba(239, 83, 80, 1.0)",2.2105706674236636,136.67074078282775,0.8026249707004732,0,,,0.0,0.0,0.0,0.0,40.497470463210405,-17.420587368821806,False,True,False,True,True,8.624227978809952
2025-07-08 18:00:00+00:00,138.455,138.885,138.3,138.52,1168.0,133.76740333833163,136.71335453807785,138.39601216920641,138.22198749588682,,,130.05928859801512,,136.6894559644806,"rgba(38, 166, 154, 1.0)",2.163123263304819,136.6894559644806,0.8462504502506736,0,,,0.0,0.0,0.0,0.0,43.35377320284867,-14.483031380771486,False,True,False,True,True,8.966818244502374
2025-07-08 19:00:00+00:00,138.52,138.83,138.24,138.265,1666.0,133.80491652104988,136.73376633223904,138.39690215771375,138.28696455637171,,,130.11535127637154,,136.70657598698818,"rgba(38, 166, 154, 1.0)",2.1109984572435696,136.70657598698818,0.7382402425090873,0,,,0.0,0.0,0.0,0.0,43.08900815517897,-14.408798670879634,False,True,False,True,True,7.489690856078006
2025-07-09 14:00:00+00:00,139.195,139.49,138.61,138.61,5897.0,133.94564956888888,136.820662181712,138.42750108436906,138.59989840723205,,,130.31850357843356,,136.80503013125366,"rgba(38, 166, 154, 1.0)",2.0373037030292354,136.80503013125366,0.8859601374417436,0,,,0.0,0.0,0.0,0.0,46.12815469501395,-11.156695947146417,False,True,False,True,True,9.090397636119096
2025-07-09 15:00:00+00:00,138.61,139.04,138.165,138.945,3997.0,134.0332738289429,136.87077346866806,138.43887746564826,138.6297935348877,,,130.44806264232514,,136.84924228361328,"rgba(38, 166, 154, 1.0)",1.9614154844654836,136.84924228361328,1.0684924907472324,0,,,0.0,0.0,0.0,0.0,50.623950043557066,-6.682794150076326,False,True,True,False,True,10.603279697964052
2025-07-09 16:00:00+00:00,138.935,139.305,138.69,138.915,9436.0,134.23842450319364,136.99406216415835,138.48401465343323,138.75795499307995,,,130.74752340555486,,136.96995027625167,"rgba(38, 166, 154, 1.0)",1.880032209326846,136.96995027625167,1.0345831917660389,0,,,0.0,0.0,0.0,0.0,53.3155615726141,-3.982085879122394,False,False,True,False,True,10.424100672861975
2025-07-09 17:00:00+00:00,138.915,139.425,138.62,139.07,5418.0,134.35028507932415,137.0607504736559,138.50980510948904,138.80781680124292,,,130.91149709429672,,137.03431722108223,"rgba(38, 166, 154, 1.0)",1.8092690351188032,137.03431722108223,1.1251410041315884,0,,,0.0,0.0,0.0,0.0,56.23955208452412,-1.0527666055198992,False,False,True,False,True,11.128932180698222
2025-07-09 18:00:00+00:00,139.15,139.27,139.04,139.265,3491.0,134.42190788470018,137.1046191360755,138.5296513563613,138.84727905880968,,,131.0156875244052,,137.07795033943967,"rgba(38, 166, 154, 1.0)",1.7264473625030647,137.07795033943967,1.266791972962012,0,,,0.0,0.0,0.0,0.0,59.50373828299503,2.1801041281888587,True,False,True,False,True,12.011509745275358
2025-07-09 19:00:00+00:00,139.19,139.61,139.1,139.35,6331.0,134.5507562238538,137.18555218885845,138.57094895674945,138.92680223226105,,,131.20170570704977,,137.38935706612,"rgba(38, 166, 154, 1.0)",1.5949308070501325,137.38935706612,1.229296547043478,0,,,0.0,0.0,0.0,0.0,62.22951832294211,4.906209632885705,True,False,True,False,True,12.39628492638684
2025-07-10 14:00:00+00:00,139.01,139.01,137.58,138.225,174.0,134.5534262821967,137.18662547326974,138.57053711992998,138.92398493236453,,,131.20603821816823,,137.55310689243453,"rgba(38, 166, 154, 1.0)",1.4992833062602777,137.55310689243453,0.44814285916475416,0,,,0.0,0.0,0.0,0.0,54.581369545454706,12.376352468217746,False,False,True,False,False,5.73560623504294
2025-07-10 15:00:00+00:00,138.22,138.725,138.22,138.725,224.0,134.55712099736994,137.1883661554285,138.57051259177388,138.92196263251896,,,131.21183255092137,,137.56076986565563,"rgba(38, 166, 154, 1.0)",1.4092221738013715,137.56076986565563,0.8261508766952328,0,,,0.0,0.0,0.0,0.0,52.991968664686794,10.935963867548352,False,False,True,False,False,8.049640737852737
2025-07-10 16:00:00+00:00,138.725,139.05,138.685,138.82,615.0,134.56797561510223,137.1941480658757,138.57187103743564,138.92091587774308,,,131.22833130251888,,137.57558770466335,"rgba(38, 166, 154, 1.0)",1.330767346205965,137.57558770466335,0.9351088294167123,0,,,0.0,0.0,0.0,0.0,52.53026059404804,10.29803465512206,False,False,True,False,False,8.480500848405185
2025-07-10 17:00:00+00:00,138.82,138.99,138.82,138.99,0.0,134.56797561510223,137.1941480658757,138.57187103743564,138.92091587774308,,,131.22833130251888,,137.57558770466335,"rgba(38, 166, 154, 1.0)",1.287187268062191,137.57558770466335,1.0988395631554075,0,,,0.0,0.0,0.0,0.0,53.305185958487776,10.29803465512206,False,False,True,False,False,9.253106454188739
2025-07-10 18:00:00+00:00,138.99,139.14,138.68,139.1,844.0,134.58320358447602,137.20259545012178,138.57451551431237,138.92196559496975,,,131.25121735061026,,137.586800527518,"rgba(38, 166, 154, 1.0)",1.2576417656905166,137.586800527518,1.2032038961835592,0,,,0.0,0.0,0.0,0.0,54.52281343817394,10.29803465512206,False,False,True,False,False,9.753468091178696
2025-07-10 19:00:00+00:00,139.12,139.22,138.705,139.09,1110.0,134.60321464973867,137.21378030781617,138.57821283307152,138.92409640503988,,,131.28123377265035,,137.59727882720628,"rgba(38, 166, 154, 1.0)",1.2337508107642399,137.59727882720628,1.2099049174031054,0,,,0.0,0.0,0.0,0.0,55.24453946130111,10.29803465512206,False,False,True,False,False,9.693676378832777
2025-07-11 14:00:00+00:00,138.455,139.095,138.37,138.495,638.0,134.61372237494174,137.21889662286247,138.5785818505201,138.92016076975068,,,131.29760076695288,,137.5964634935869,"rgba(38, 166, 154, 1.0)",1.2122592637389429,137.5964634935869,0.7412081996732066,0,,,0.0,0.0,0.0,0.0,51.17313637812661,7.5842899256663046,False,False,False,False,False,6.215025937376062
2025-07-11 15:00:00+00:00,138.495,138.67,138.2,138.435,204.0,134.61688974575677,137.2202770590472,138.5783566777623,138.91791633595636,,,131.30266389637492,,137.5952524064467,"rgba(38, 166, 154, 1.0)",1.1929079731608796,137.5952524064467,0.7039500216669783,0,,,0.0,0.0,0.0,0.0,48.07726212054358,4.444632092228922,False,True,False,True,False,5.873225371156195
2025-07-11 16:00:00+00:00,138.455,138.66,138.075,138.655,129.0,134.61890477640833,137.22116868878953,138.5782427232931,138.91659039177557,,,131.30587457942895,,137.59465284851075,"rgba(38, 166, 154, 1.0)",1.169294185348692,137.59465284851075,0.9068266692637748,0,,,0.0,0.0,0.0,0.0,47.929035375251644,4.028511734051975,False,True,False,True,False,6.944850132302179
2025-07-11 17:00:00+00:00,138.655,138.725,138.3,138.42,40.0,134.61953214094783,137.22144898008344,138.5782130646193,138.9161973824907,,,131.30687210390727,,137.59449529530065,"rgba(38, 166, 154, 1.0)",1.1223509873195257,137.59449529530065,0.7355138579873906,0,,,0.0,0.0,0.0,0.0,46.1437621561381,2.006334870251365,False,True,False,True,False,5.583216868646808
2025-07-11 18:00:00+00:00,138.42,138.75,138.42,138.62,166.0,134.62221098717393,137.2227168841988,138.57823655328585,138.9150036010083,,,131.31107517395492,,137.59435201120388,"rgba(38, 166, 154, 1.0)",1.073057431944178,137.59435201120388,0.9558183544172864,0,,,0.0,0.0,0.0,0.0,46.72058534100313,2.006334870251365,False,True,False,True,False,6.570670764708282
2025-07-11 19:00:00+00:00,138.62,138.92,138.375,138.375,512.0,134.63036784187645,137.22649942032837,138.5781522032465,138.9109214429809,,,131.3239373787946,,137.5937145067479,"rgba(38, 166, 154, 1.0)",1.0093148242311725,137.5937145067479,0.7740751195715803,0,,,0.0,0.0,0.0,0.0,45.30415945508806,0.5483695729439049,False,True,False,True,False,5.14558191118569
2025-07-14 14:00:00+00:00,138.225,138.8,138.13,138.21,309.0,134.63505351731428,137.2284700606141,138.57768565013419,138.90729616452685,,,131.33148877905973,,137.5923223645471,"rgba(38, 166, 154, 1.0)",0.9587034318644446,137.5923223645471,0.6442843687872007,0,,,0.0,0.0,0.0,0.0,43.24470955677658,-1.700454891341657,False,True,False,True,False,4.194766577596887
2025-07-14 15:00:00+00:00,138.21,138.81,138.21,138.685,120.0,134.63696139460183,137.2293584119284,138.5776771064097,138.90639969438507,,,131.33449524726137,,137.59232696999908,"rgba(38, 166, 154, 1.0)",0.9013395936390809,137.59232696999908,1.2122767464251192,0,,,0.0,0.0,0.0,0.0,45.99611187609277,-1.700454891341657,False,True,False,True,True,6.5792165913835845
2025-07-14 16:00:00+00:00,138.685,138.96,138.495,138.62,661.0,134.64776618303347,137.23467949706028,138.57824783994099,138.90331635313032,,,131.35129279039683,,137.59425780572738,"rgba(38, 166, 154, 1.0)",0.8435821197673636,137.59425780572738,1.2159363863182577,0,,,0.0,0.0,0.0,0.0,47.309529102858946,-1.700454891341657,False,True,False,True,True,6.197396620659958
2025-07-14 17:00:00+00:00,138.975,139.03,138.675,138.77,267.0,134.65225765141753,137.23701358846517,138.57874587695753,138.90286473294316,,,131.35817900307947,,137.59578855950343,"rgba(38, 166, 154, 1.0)",0.8109623801264715,137.59578855950343,1.4479234416687203,0,,,0.0,0.0,0.0,0.0,49.403678090334594,-5.4523706274368635,False,False,False,False,True,6.947421246671684
2025-07-14 18:00:00+00:00,138.77,139.045,138.52,138.77,884.0,134.66689405734525,137.2444671130488,138.5800707747298,138.90053166613686,,,131.38074608739342,,137.60004044141468,"rgba(38, 166, 154, 1.0)",0.7733588959728823,137.60004044141468,1.5128287327884535,0,,,0.0,0.0,0.0,0.0,50.79977741531836,-3.969171782289031,False,False,False,False,True,6.947421246671684
2025-07-14 19:00:00+00:00,138.77,139.105,138.635,139.105,2445.0,134.70849215242922,137.26695563065007,138.58671022165848,138.9028865941299,,,131.44387213927982,,137.61843954442404,"rgba(38, 166, 154, 1.0)",0.742655977488445,137.61843954442404,2.001681129132343,0,,,0.0,0.0,0.0,0.0,54.377054371122476,-0.5031208612560221,True,False,True,False,True,8.629880850116894
2025-07-15 14:00:00+00:00,139.355,139.355,138.795,139.0,68.0,134.70966498753228,137.26760990236494,138.58694240945735,138.90308788415365,,,131.44563632425584,,137.61903644480168,"rgba(38, 166, 154, 1.0)",0.7015724102651604,137.61903644480168,1.9683834982569843,0,,,0.0,0.0,0.0,0.0,55.59498338328711,0.7170375967337748,True,False,True,False,True,7.973796862154515
2025-07-15 15:00:00+00:00,139.0,139.54,138.75,139.045,279.0,134.71453870960912,137.2703820235818,138.5880191746162,138.90425228938648,,,131.4529247414426,,137.81948104220282,"rgba(38, 166, 154, 1.0)",0.6590022966769156,137.81948104220282,1.859658098275172,0,,,0.0,0.0,0.0,0.0,56.78044158280629,1.9804946530912773,True,False,True,False,True,8.202963974151729
2025-07-15 16:00:00+00:00,139.115,139.135,138.565,138.605,150.0,134.71695028541663,137.2715917072689,138.5882178883411,138.90384556559675,,,131.45666211406493,,137.81401758102817,"rgba(38, 166, 154, 1.0)",0.6105317649676058,137.81401758102817,1.2955630883739375,0,,,0.0,0.0,0.0,0.0,53.09468735440794,1.9804946530912773,True,False,True,False,False,5.45827903453975
2025-07-15 17:00:00+00:00,138.605,139.07,138.605,139.07,528.0,134.72572273627938,137.27625002907916,138.5894806387634,138.9039618333169,,,131.47005062335757,,137.81495278670837,"rgba(38, 166, 154, 1.0)",0.6108881217503914,137.81495278670837,2.054463278309461,0,,,0.0,0.0,0.0,0.0,54.48280112542132,1.9804946530912773,True,False,True,False,False,7.847148191025028
2025-07-15 18:00:00+00:00,139.08,139.3,138.775,138.99,20.0,134.72606274782933,137.2764374131073,138.5895438890474,138.90400828811056,,,131.470564071532,,137.815172865114,"rgba(38, 166, 154, 1.0)",0.6112925679263796,137.815172865114,1.9218737418504077,0,,,0.0,0.0,0.0,0.0,54.65409128283342,1.9804946530912773,True,False,True,False,False,7.350528110361179
2025-07-15 19:00:00+00:00,138.915,139.145,138.84,138.935,1207.0,134.7462535135085,137.28736089777775,138.592903918781,138.90562108888122,,,131.50122442668842,,137.82361980458944,"rgba(38, 166, 154, 1.0)",0.6111339113942882,137.82361980458944,1.818554288494599,0,,,0.0,0.0,0.0,0.0,54.224678279325495,1.9804946530912773,True,False,True,False,False,7.0056725489481835
2025-07-16 14:00:00+00:00,138.28,138.645,137.945,138.38,19868.0,135.00584982229537,137.38661777612745,138.5589491063013,138.74438216027878,,,131.9312041865994,,137.79375666784406,"rgba(38, 166, 154, 1.0)",0.6097421770887648,137.79375666784406,0.9614610144815141,0,,,0.0,0.0,0.0,0.0,49.45834748940597,4.119161083684752,False,False,False,False,False,3.6157885394771654
2025-07-16 15:00:00+00:00,138.43,138.705,137.86,138.465,2355.0,135.03431447465624,137.3973608283307,138.55577727597355,138.73163713649555,,,131.9787525885622,,137.94134385361872,"rgba(38, 166, 154, 1.0)",0.5995369684806772,137.94134385361872,0.8734342899793376,0,,,0.0,0.0,0.0,0.0,47.113590928351584,1.9072062577015032,False,False,False,True,False,4.073979381406225
2025-07-16 16:00:00+00:00,138.465,138.88,138.405,138.88,218.0,135.0372233440205,137.39873597026465,138.5560028674148,138.73160789168006,,,131.9833779839166,,137.94391592073984,"rgba(38, 166, 154, 1.0)",0.5986366793576032,137.94391592073984,1.5636931573666124,0,,,0.0,0.0,0.0,0.0,49.1192232084499,1.9072062577015032,False,False,False,False,False,6.27175125525811
2025-07-16 17:00:00+00:00,138.885,139.15,138.885,139.05,678.0,135.04699149279227,137.4039817791051,138.55799212141918,138.73429025390777,,,131.99837576941238,,137.9557661032256,"rgba(38, 166, 154, 1.0)",0.5983871867141284,137.9557661032256,1.8286385822916253,0,,,0.0,0.0,0.0,0.0,51.689466171073725,1.9072062577015032,False,False,True,False,True,7.150567319268543
2025-07-16 18:00:00+00:00,139.035,139.42,138.955,139.18,763.0,135.0583575608778,137.41041050483642,138.5609498520332,138.73882923728073,,,132.0155520629074,,137.96888711161557,"rgba(38, 166, 154, 1.0)",0.5995554509277374,137.96888711161557,2.020018142626154,0,,,0.0,0.0,0.0,0.0,54.317968498910034,-0.8313184555311537,True,False,True,False,True,7.820861569396261
2025-07-16 19:00:00+00:00,139.18,139.78,139.17,139.36,3324.0,135.1101296599989,137.4417802638647,138.57858387047267,138.7681587387889,,,132.09202566813204,,138.0222454152657,"rgba(38, 166, 154, 1.0)",0.6027052377423209,138.0222454152657,2.2195834729185697,0,,,0.0,0.0,0.0,0.0,57.28469093626204,1.9549155800695672,True,False,True,False,True,8.745638155689825
2025-07-17 14:00:00+00:00,142.13,142.39,141.7,142.3,1796.0,135.15469506627116,137.48067155653683,138.6168077562305,138.84280720950173,,,132.14760616738914,,138.1139991699295,"rgba(38, 166, 154, 1.0)",0.7231299273922451,138.1139991699295,5.78872574831203,0,,,0.0,0.0,0.0,0.0,66.90689806252125,10.712580430829732,True,False,True,False,True,20.0
2025-07-17 15:00:00+00:00,142.295,142.69,142.04,142.53,3888.0,135.2531901570597,137.56780849100838,138.70340390186388,139.00687229667034,,,132.2692788778878,,138.28699194710353,"rgba(38, 166, 154, 1.0)",0.8368250971628794,138.28699194710353,5.070364246103165,0,,,0.0,0.0,0.0,0.0,73.56183503861251,16.39648935826014,True,False,True,False,True,20.0
2025-07-17 16:00:00+00:00,142.545,142.875,142.31,142.37,1354.0,135.2873292323887,137.59803709081947,138.73341618732206,139.0620765119322,,,132.31138158214102,,138.34035868690404,"rgba(38, 166, 154, 1.0)",0.9263205475186079,138.34035868690404,4.35015861829948,0,,,0.0,0.0,0.0,0.0,76.86570760239084,19.03513054173179,True,False,True,False,True,20.0
2025-07-17 17:00:00+00:00,142.355,142.62,141.99,142.57,776.0,135.3064149311864,137.61475985679192,138.74984375060254,139.0918232990419,,,132.3350621758783,,138.36838136944243,"rgba(38, 166, 154, 1.0)",1.0040873360304832,138.36838136944243,4.18451511117356,0,,,0.0,0.0,0.0,0.0,79.35552914453106,21.163444928688065,True,False,True,False,True,20.0
2025-07-17 18:00:00+00:00,142.555,142.855,142.55,142.83,1013.0,135.33240459322917,137.63800892187433,138.77311641623393,139.133917003166,,,132.36688320714885,,138.4076304521035,"rgba(38, 166, 154, 1.0)",1.087275398779539,138.4076304521035,4.067386747516416,0,,,0.0,0.0,0.0,0.0,81.38538148397811,23.08663082350641,True,False,True,False,True,20.0
2025-07-17 19:00:00+00:00,142.855,143.255,142.49,142.98,1410.0,135.36906935901652,137.6710446572391,138.80637572324676,139.19349637093018,,,132.4115445974546,,138.4622256149496,"rgba(38, 166, 154, 1.0)",1.1725679718664745,138.4622256149496,3.852889123228454,0,,,0.0,0.0,0.0,0.0,82.95191902765254,24.76019811466989,True,False,True,False,True,20.0
2025-07-18 14:00:00+00:00,143.455,143.605,143.055,143.2,393.0,135.37973518385843,137.68083865131774,138.81639697707863,139.21142606091686,,,132.42437165112028,,138.47852903374732,"rgba(38, 166, 154, 1.0)",1.2607696491058595,138.47852903374732,3.7449116653475474,0,,,0.0,0.0,0.0,0.0,84.30999542763209,26.378634749563787,True,False,True,False,True,20.0
2025-07-18 15:00:00+00:00,143.2,143.38,142.835,143.35,2001.0,135.43292886290948,137.7293151283484,138.865626560422,139.2981887976683,,,132.48862845331752,,138.55613237567894,"rgba(38, 166, 154, 1.0)",1.3449150413564672,138.55613237567894,3.564438999422601,0,,,0.0,0.0,0.0,0.0,85.42867436515758,27.869330770804638,True,False,True,False,True,20.0
2025-07-18 16:00:00+00:00,143.35,143.35,142.63,142.63,100.0,135.43545987358104,137.73157539597048,138.8678787009593,139.3020788544129,,,132.49172462523276,,138.5595535651798,"rgba(38, 166, 154, 1.0)",1.3957242073781835,138.5595535651798,2.916368730514725,0,,,0.0,0.0,0.0,0.0,80.02852442229256,27.869330770804638,True,False,True,False,False,19.648635570331553
2025-07-18 17:00:00+00:00,142.63,142.725,142.3,142.3,35.0,135.43629430627053,137.73230011459287,138.8685820522048,139.30327516130677,,,132.4927631421994,,138.56059608594418,"rgba(38, 166, 154, 1.0)",1.4325513150559952,138.56059608594418,2.6103106218639454,0,,,0.0,0.0,0.0,0.0,74.17075969454316,32.01278652499221,True,False,True,False,False,17.621370061166377
2025-07-18 18:00:00+00:00,142.3,142.335,142.28,142.305,0.0,135.43629430627053,137.73230011459287,138.8685820522048,139.30327516130677,,,132.4927631421994,,138.56059608594418,"rgba(38, 166, 154, 1.0)",1.466505170264599,138.56059608594418,2.5532838137762766,0,,,0.0,0.0,0.0,0.0,70.28641903163494,28.384403923420237,True,False,True,False,False,17.64036477012205
2025-07-18 19:00:00+00:00,142.63,142.74,142.55,142.665,815.0,135.4562494061515,137.74986258525453,138.88584016687844,139.33272340264818,,,132.5173937543198,,138.5862914870781,"rgba(38, 166, 154, 1.0)",1.511649457076429,138.5862914870781,2.698184088796758,0,,,0.0,0.0,0.0,0.0,69.18153424632608,27.229901380226053,True,False,True,False,False,19.002308038046323
2025-07-21 14:00:00+00:00,143.435,143.625,143.28,143.53,1089.0,135.48578533827842,137.77705943516324,138.91366463226922,139.38087469869242,,,132.55278873943868,,138.62851383444465,"rgba(38, 166, 154, 1.0)",1.578448711023487,138.62851383444465,3.105255261906588,0,,,0.0,0.0,0.0,0.0,71.12155033418037,27.229901380226053,True,False,True,False,False,20.0
2025-07-21 15:00:00+00:00,143.52,143.985,143.14,143.56,289.0,135.4936684781996,137.78433852205023,138.92112597274914,139.39372198652453,,,132.56221490259983,,139.01608393740682,"rgba(38, 166, 154, 1.0)",1.6416174648496122,139.01608393740682,2.767950609619915,0,,,0.0,0.0,0.0,0.0,72.4931956981177,27.229901380226053,True,False,True,False,True,20.0
2025-07-21 16:00:00+00:00,143.515,143.76,143.11,143.63,545.0,135.50837949929922,137.79786980003766,138.934945563087,139.41738066291728,,,132.57984762031535,,139.03392167502628,"rgba(38, 166, 154, 1.0)",1.7040007560370793,139.03392167502628,2.697227867235586,0,,,0.0,0.0,0.0,0.0,73.6063340228697,27.229901380226053,True,False,True,False,True,20.0
2025-07-21 17:00:00+00:00,143.63,143.865,143.12,143.495,214.0,135.51413635980785,137.80315930632227,138.94034129837564,139.42658107081837,,,132.58675154111143,,139.041331149314,"rgba(38, 166, 154, 1.0)",1.7594354387306805,139.041331149314,2.5313056408020493,0,,,0.0,0.0,0.0,0.0,73.0937340170994,27.229901380226053,True,False,True,False,True,20.0
2025-07-21 18:00:00+00:00,143.49,143.55,143.01,143.31,564.0,135.52888333125964,137.81655644449063,138.95386847454887,139.44942859389752,,,132.604566703458,,139.05637318861352,"rgba(38, 166, 154, 1.0)",1.8070556859849696,139.05637318861352,2.35389913237121,0,,,0.0,0.0,0.0,0.0,71.04436984577265,27.229901380226053,True,False,True,False,True,20.0
2025-07-21 19:00:00+00:00,143.31,143.31,142.69,142.85,1460.0,135.5651385314991,137.84879947343063,138.98578261694036,139.502210110503,,,132.64895100418838,,139.08812591596842,"rgba(38, 166, 154, 1.0)",1.8416233976405418,139.08812591596842,2.04269455353968,0,,,0.0,0.0,0.0,0.0,65.97688683200855,22.3794539349267,True,False,True,False,False,17.447093006554507
2025-07-22 14:00:00+00:00,141.025,142.11,140.895,142.045,167.0,135.56855553437487,137.85155237911,138.9882445718408,139.50596535631692,,,132.6533822894486,,139.29582981380577,"rgba(38, 166, 154, 1.0)",1.8595567935577606,139.29582981380577,1.4784007650201554,0,,,0.0,0.0,0.0,0.0,58.01656111013993,14.968095518040656,False,False,True,False,False,12.670704401508928
2025-07-22 15:00:00+00:00,142.045,142.82,142.045,142.4,424.0,135.5782593786178,137.85986741847216,138.99618203793062,139.51865520096632,,,132.66553178996324,,139.3280390379798,"rgba(38, 166, 154, 1.0)",1.882857438876742,139.3280390379798,1.6315419843218941,0,,,0.0,0.0,0.0,0.0,54.81030186628853,12.15573989744722,False,True,True,False,False,14.086900806939454
2025-07-22 16:00:00+00:00,142.38,142.705,142.05,142.55,1430.0,135.61084866664442,137.8877706363457,139.02278690002794,139.56084367718427,,,132.7063414775455,,139.35985835976365,"rgba(38, 166, 154, 1.0)",1.907993557225171,139.35985835976365,1.6719876375661573,0,,,0.0,0.0,0.0,0.0,53.51888671010119,10.951747054517355,False,True,True,False,False,14.677842949193433
2025-07-22 17:00:00+00:00,142.55,142.9,142.48,142.64,163.0,135.61467278227514,137.89109519019857,139.0260033621985,139.56596755677657,,,132.71108500344536,,139.36465246895705,"rgba(38, 166, 154, 1.0)",1.9337981974515366,139.36465246895705,1.6937380205232215,0,,,0.0,0.0,0.0,0.0,53.18351186342352,10.40854555921559,False,True,True,False,False,15.03401873012189
2025-07-22 18:00:00+00:00,142.645,143.02,142.57,142.965,120.0,135.61755649675294,137.8936309239822,139.02848329173824,139.56994483897225,,,132.71463674652378,,139.36892784087047,"rgba(38, 166, 154, 1.0)",1.9648575653849814,139.36892784087047,1.830194830649184,0,,,0.0,0.0,0.0,0.0,54.78780541210132,10.40854555921559,False,True,True,False,False,16.31092656313262
2025-07-22 19:00:00+00:00,142.96,143.035,142.55,142.945,1471.0,135.65267967841274,137.92445354601372,139.0585581858166,139.61780681874666,,,132.75793825423906,,139.41416244181892,"rgba(38, 166, 154, 1.0)",1.9941722480651707,139.41416244181892,1.7705780238426458,0,,,0.0,0.0,0.0,0.0,55.704009792025126,10.40854555921559,False,True,True,False,False,16.188994592525994
2025-07-23 14:00:00+00:00,144.01,144.345,143.91,144.25,936.0,135.67893693174324,137.94909638681222,139.08406278274006,139.65975335086327,,,132.78889344741404,,139.47095983421002,"rgba(38, 166, 154, 1.0)",2.052655085711976,139.47095983421002,2.328223674330722,0,,,0.0,0.0,0.0,0.0,61.523182681286045,4.823278112462425,False,False,True,False,True,20.0
2025-07-23 15:00:00+00:00,144.215,144.675,143.705,144.635,716.0,135.69931358919746,137.9683278892976,139.1040481085417,139.69251260712394,,,132.8128117633448,,139.51188727984197,"rgba(38, 166, 154, 1.0)",2.118444095883986,139.51188727984197,2.4183374629106007,0,,,0.0,0.0,0.0,0.0,66.37628377458486,9.400965144909641,False,False,True,False,True,20.0
2025-07-23 16:00:00+00:00,144.55,144.78,144.33,144.525,1024.0,135.7289827109946,137.99651767762387,139.13348585316882,139.74062355773736,,,132.8474576146546,,139.56897938814467,"rgba(38, 166, 154, 1.0)",2.177398114619345,139.56897938814467,2.2761205581009487,0,,,0.0,0.0,0.0,0.0,68.75448416552912,11.644093243001457,True,False,True,False,True,20.0
2025-07-23 17:00:00+00:00,144.525,144.9,144.265,144.54,61.0,135.7307484911301,137.99819528372947,139.135236936994,139.74347322482637,,,132.8495191261558,,139.5722148916184,"rgba(38, 166, 154, 1.0)",2.2214229268237373,139.5722148916184,2.236307660461894,0,,,0.0,0.0,0.0,0.0,70.38549917299254,13.309976119194076,True,False,True,False,True,20.0
2025-07-23 18:00:00+00:00,144.54,145.295,144.53,144.93,933.0,135.75873472872462,138.02510931957164,139.16359632571036,139.78977525773203,,,132.881899015489,,139.9838431560128,"rgba(38, 166, 154, 1.0)",2.2726169936877425,139.9838431560128,2.1764146170363508,0,,,0.0,0.0,0.0,0.0,72.62448432628544,15.630399115296314,True,False,True,False,True,20.0
2025-07-23 19:00:00+00:00,144.93,145.105,144.86,145.06,3019.0,135.849013954581,138.1118994052716,139.25489104640292,139.93661316880105,,,132.986267965136,,140.1366315491535,"rgba(38, 166, 154, 1.0)",2.3133871816560583,140.1366315491535,2.1282077163244564,0,,,0.0,0.0,0.0,0.0,74.47480312298669,17.62756966016498,True,False,True,False,True,20.0
2025-07-24 14:00:00+00:00,144.43,144.765,144.315,144.61,205.0,135.85478562366856,138.1173393537542,139.2605154716435,139.9454362986323,,,132.993029942133,,140.14331065519687,"rgba(38, 166, 154, 1.0)",2.3410802195979743,140.14331065519687,1.9079608239867116,0,,,0.0,0.0,0.0,0.0,71.68692060600726,17.62756966016498,True,False,True,False,True,20.0
2025-07-24 15:00:00+00:00,144.63,144.78,144.095,144.175,321.0,135.86358685209623,138.12555780801134,139.26894524880808,139.95854949607374,,,133.00340742048067,,140.15200508901793,"rgba(38, 166, 154, 1.0)",2.3536460846716514,140.15200508901793,1.7092607665962283,0,,,0.0,0.0,0.0,0.0,66.6614224839374,23.594778491425913,False,False,True,False,False,17.939604199713855
2025-07-24 16:00:00+00:00,144.38,144.46,144.15,144.335,368.0,135.8736128026339,138.13490013234565,139.27850866757308,139.97336790278655,,,133.01524440804633,,140.16185060209358,"rgba(38, 166, 154, 1.0)",2.370699402635425,140.16185060209358,1.7603030537179372,0,,,0.0,0.0,0.0,0.0,64.12287860330531,21.144888358755168,False,False,True,False,False,18.52697120316438
2025-07-24 17:00:00+00:00,144.335,144.62,144.105,144.495,866.0,135.89736807758945,138.1570986259155,139.30127851153793,140.00857281713652,,,133.04322760297887,,140.1874621558993,"rgba(38, 166, 154, 1.0)",2.386321631282387,140.1874621558993,1.805095251047891,0,,,0.0,0.0,0.0,0.0,63.24132094820329,20.12734447764062,False,True,True,False,False,19.113989713956215
2025-07-24 18:00:00+00:00,144.495,144.67,144.105,144.53,371.0,135.90753832149593,138.16660349408062,139.31102530248523,140.0235803975326,,,133.05520354979512,,140.19872166804063,"rgba(38, 166, 154, 1.0)",2.4041903508752287,140.19872166804063,1.8015538288732404,0,,,0.0,0.0,0.0,0.0,62.838595115708884,19.40241910257015,False,True,True,False,False,19.24335844201258
2025-07-24 19:00:00+00:00,144.53,144.68,144.34,144.345,1797.0,135.95657337321737,138.21238314292657,139.35789873702288,140.09517829206456,,,133.11295780471764,,140.25345085247275,"rgba(38, 166, 154, 1.0)",2.416560438174405,140.25345085247275,1.693129243900978,0,,,0.0,0.0,0.0,0.0,60.93855721672494,17.223624326761453,False,True,True,False,False,18.081198830525913
2025-07-25 14:00:00+00:00,144.38,144.775,144.085,144.685,2459.0,136.0232353025023,138.2745499981949,139.42141168123274,140.19078214477358,,,133.19145959735957,,140.32823656419455,"rgba(38, 166, 154, 1.0)",2.4348318383575096,140.32823656419455,1.7893488031372367,0,,,0.0,0.0,0.0,0.0,61.6757521376222,17.223624326761453,False,True,True,False,False,19.367737544422866
2025-07-25 15:00:00+00:00,144.7,144.75,144.015,144.04,276.0,136.03043726422254,138.28117840328557,139.42810240687672,140.20065783585042,,,133.20001280885572,,140.33523292523668,"rgba(38, 166, 154, 1.0)",2.439796009416751,140.33523292523668,1.5184741103207884,0,,,0.0,0.0,0.0,0.0,57.317776087498736,13.217497968578833,False,True,True,False,False,15.411821589663887
2025-07-25 16:00:00+00:00,144.04,144.925,144.02,144.82,1423.0,136.0688050161888,138.31693598488164,139.46456874946202,140.25477173975852,,,133.24517156275374,,140.3781986249806,"rgba(38, 166, 154, 1.0)",2.452260953443194,140.3781986249806,1.8113086084018537,0,,,0.0,0.0,0.0,0.0,58.50081648101539,13.217497968578833,False,True,True,False,False,18.34263838913487
2025-07-25 17:00:00+00:00,144.855,145.305,144.61,144.995,861.0,136.0928857328389,138.33968001275844,139.48800885976843,140.2896975536458,,,133.2732353494441,,140.40852576583467,"rgba(38, 166, 154, 1.0)",2.470417430167952,140.40852576583467,1.8565584010850849,0,,,0.0,0.0,0.0,0.0,60.03054902216398,13.217497968578833,False,True,True,False,True,18.97350764957805
2025-07-25 18:00:00+00:00,144.99,145.44,144.65,145.08,332.0,136.10222675605993,138.34852267395212,139.49713613945707,140.30327388560536,,,133.28410075239344,,140.7664751656038,"rgba(38, 166, 154, 1.0)",2.4919514079969884,140.7664751656038,1.7309827232399355,0,,,0.0,0.0,0.0,0.0,61.42079343966472,13.217497968578833,False,True,True,False,True,19.281004801267127
2025-07-25 19:00:00+00:00,145.08,145.28,144.69,145.15,791.0,136.1243624947685,138.36944494733484,139.51869723331436,140.3351980732309,,,133.30987080217938,,140.7925058993779,"rgba(38, 166, 154, 1.0)",2.511552644218919,140.7925058993779,1.7349801966732334,0,,,0.0,0.0,0.0,0.0,62.671443768903934,13.217497968578833,False,True,True,False,True,19.53680776074189
2025-07-28 14:00:00+00:00,144.5,144.745,144.335,144.375,254.0,136.13100628734045,138.37557895270285,139.52489285468712,140.34415970911488,,,133.3177315450739,,140.79372901992926,"rgba(38, 166, 154, 1.0)",2.5171144246985264,140.79372901992926,1.4227684466508383,0,,,0.0,0.0,0.0,0.0,58.01734120300996,13.217497968578833,False,True,True,False,False,14.875363093526431
2025-07-28 15:00:00+00:00,144.375,144.385,143.76,144.09,359.0,136.13992230632041,138.38365201732418,139.5329075493191,140.35552267249835,,,133.32841906092509,,140.79171648938012,"rgba(38, 166, 154, 1.0)",2.519251440372356,140.79171648938012,1.309231566870666,0,,,0.0,0.0,0.0,0.0,53.37831152124048,9.023256348887458,False,True,True,False,False,13.242630259051204
2025-07-28 16:00:00+00:00,144.105,144.515,143.78,144.42,642.0,136.15613741457128,138.39843627533887,139.54767215860312,140.37653755581601,,,133.34776239976216,,140.79840163062633,"rgba(38, 166, 154, 1.0)",2.5253378009698793,140.79840163062633,1.4341045257322602,0,,,0.0,0.0,0.0,0.0,52.33026536144617,8.064671110646572,False,True,False,False,False,14.540356407477944
2025-07-28 17:00:00+00:00,144.42,144.42,143.795,143.815,899.0,136.17809638807762,138.41820924265227,139.56719329576683,140.4038680226689,,,133.3741686180197,,140.8063856332776,"rgba(38, 166, 154, 1.0)",2.5039491367193665,140.8063856332776,1.2015477162064967,0,,,0.0,0.0,0.0,0.0,48.54129674700907,4.482478117479346,False,True,False,True,False,11.153606813419596
2025-07-28 18:00:00+00:00,143.815,144.35,143.73,143.985,917.0,136.20040206251633,138.43827684763178,139.58698193964705,140.43141417915615,,,133.40099853536427,,140.8184614351304,"rgba(38, 166, 154, 1.0)",2.4911609905984538,140.8184614351304,1.2711095657085276,0,,,0.0,0.0,0.0,0.0,47.10009331399597,3.08008417056147,False,True,False,True,False,11.838595686916491
2025-07-28 19:00:00+00:00,143.96,144.36,143.555,144.08,1097.0,136.22684095655185,138.46199600751828,139.61030184017943,140.46361072255323,,,133.4328477347653,,140.83439308798336,"rgba(38, 166, 154, 1.0)",2.479019964014081,140.83439308798336,1.3092298404734506,0,,,0.0,0.0,0.0,0.0,46.762087906793,2.5615177409171253,False,True,False,True,False,12.222655352356803
2025-07-29 14:00:00+00:00,143.765,143.765,142.95,143.0,724.0,136.24249532546958,138.47540592175505,139.62291562620058,140.480042629128,,,133.45225848567543,,140.83420288141627,"rgba(239, 83, 80, 1.0)",2.458358604236865,140.83420288141627,0.8809931613927587,0,,,0.0,0.0,0.0,0.0,41.92962416195516,-2.1352358771643765,False,True,False,True,False,6.4755606459478265
2025-07-29 15:00:00+00:00,143.01,143.14,142.65,143.045,502.0,136.25285522579077,138.48408991805223,139.63090484904814,140.49012269397247,,,133.46527019462863,,140.83208387078804,"rgba(239, 83, 80, 1.0)",2.438396260726039,140.83208387078804,0.9075293318211725,0,,,0.0,0.0,0.0,0.0,39.020988627222685,-4.903558975734768,False,True,False,True,False,6.666991648362693
2025-07-29 16:00:00+00:00,143.055,143.16,142.525,143.13,1988.0,136.2935288918131,138.5181001341711,139.6621067084263,140.52913831572425,,,133.51641419806063,,141.053397944467,"rgba(239, 83, 80, 1.0)",2.417427096266643,141.053397944467,0.8590133116072003,0,,,0.0,0.0,0.0,0.0,37.719047346627455,-6.228524265008446,False,True,False,True,False,7.032961630600774
2025-07-29 17:00:00+00:00,143.13,143.48,143.02,143.22,571.0,136.30564621163975,138.52843299416838,139.67177527161098,140.5414902075005,,,133.53146908625843,,141.05996901932778,"rgba(239, 83, 80, 1.0)",2.3843572953125394,141.05996901932778,0.9059174918619246,0,,,0.0,0.0,0.0,0.0,37.56402338138517,-6.624878334815271,False,True,False,True,False,7.423987055349883
2025-07-29 18:00:00+00:00,143.215,143.24,142.965,143.035,941.0,136.32506477253452,138.54478815673573,139.68688603889274,140.56040970341158,,,133.55577066249074,,141.0644162386893,"rgba(239, 83, 80, 1.0)",2.3468293504212063,141.0644162386893,0.8396791871369038,0,,,0.0,0.0,0.0,0.0,36.581128760620544,-7.896378691776718,False,True,False,True,False,6.441212230362773
2025-07-29 19:00:00+00:00,142.99,143.115,142.735,143.0,1432.0,136.35383834937267,138.56874589200984,139.7087547697271,140.58720814733604,,,133.59201445616725,,141.06717656610223,"rgba(239, 83, 80, 1.0)",2.311657076955808,141.06717656610223,0.8361203109083453,0,,,0.0,0.0,0.0,0.0,35.75450746889706,-9.045945227397937,False,True,False,True,False,6.254180041424117
2025-07-30 14:00:00+00:00,143.34,143.915,143.015,143.635,868.0,136.37265900228985,138.58501964599355,139.72418115489432,140.60702107220092,,,133.61518140269584,,141.08138115863724,"rgba(239, 83, 80, 1.0)",2.2729512743334226,141.08138115863724,1.123481559063177,0,,,0.0,0.0,0.0,0.0,40.31302679668113,-9.045945227397937,False,True,False,True,True,9.05777536553769
2025-07-30 15:00:00+00:00,143.635,143.72,143.27,143.27,131.0,136.3754505938773,138.58741603514093,139.72643645606732,140.60988456666854,,,133.618632625497,,141.08312297246215,"rgba(239, 83, 80, 1.0)",2.233707300947183,141.08312297246215,0.9790347314576694,0,,,0.0,0.0,0.0,0.0,41.19768783134377,-13.948239818936358,False,True,False,True,True,7.094080798376485
2025-07-30 16:00:00+00:00,143.58,144.055,143.145,143.73,369.0,136.3835509715262,138.59446477957954,139.73315763122247,140.61855774148063,,,133.62856217475183,,141.0897858151954,"rgba(239, 83, 80, 1.0)",2.1889906246837625,141.0897858151954,1.2061331624871696,0,,,0.0,0.0,0.0,0.0,44.76057391250353,-10.475130207586616,False,True,False,True,True,9.074638315727352
2025-07-30 17:00:00+00:00,143.73,144.085,143.73,144.01,1092.0,136.40839814973697,138.61643561301582,139.75442079142263,140.64643968497893,,,133.65870421470913,,141.115131584244,"rgba(239, 83, 80, 1.0)",2.1388859502335733,141.115131584244,1.3534468331235008,0,,,0.0,0.0,0.0,0.0,48.687225934482925,-6.789172163679979,False,True,False,False,True,10.247668961115355
2025-07-30 18:00:00+00:00,144.01,144.06,142.92,142.92,570.0,136.42020383844388,138.62645908582326,139.76374678516936,140.65801044216653,,,133.67339039314305,,141.1202918081654,"rgba(239, 83, 80, 1.0)",2.0913258715225087,141.1202918081654,0.8605584697923595,0,,,0.0,0.0,0.0,0.0,45.69664720684426,-6.789172163679979,False,True,False,True,False,4.620086432312835
2025-07-30 19:00:00+00:00,142.92,143.31,142.525,143.28,1613.0,136.45213139645236,138.65301749822413,139.7879405405901,140.68702407310855,,,133.71358520639367,,141.12743533888357,"rgba(239, 83, 80, 1.0)",2.0404344993026453,141.12743533888357,1.0549540609375632,0,,,0.0,0.0,0.0,0.0,45.703547822100575,-6.789172163679979,False,True,False,True,False,6.151814899561412
2025-07-31 14:00:00+00:00,143.89,144.225,143.29,143.29,1024.0,136.47396099701024,138.6718572296062,139.80574503474807,140.7094045556914,,,133.74045477905895,,141.38906486515447,"rgba(239, 83, 80, 1.0)",1.990405936685101,141.38906486515447,0.9550489675545363,0,,,0.0,0.0,0.0,0.0,45.76426863806971,-6.789172163679979,False,True,False,True,False,6.194260154580057
2025-07-31 15:00:00+00:00,143.21,143.405,142.85,143.08,1088.0,136.49542487953136,138.68974384372038,139.82206250085065,140.72884493039288,,,133.76743349835817,,141.38239815410165,"rgba(239, 83, 80, 1.0)",1.9365793075453752,141.38239815410165,0.8765981539119517,0,,,0.0,0.0,0.0,0.0,44.760514240364564,-6.789172163679979,False,True,False,True,False,5.13560289830831
2025-07-31 16:00:00+00:00,143.08,143.14,142.78,143.09,1426.0,136.52289026014375,138.71240103650604,139.84251050611138,140.7527162529164,,,133.80215190585275,,141.38133842189177,"rgba(239, 83, 80, 1.0)",1.8887892542169347,141.38133842189177,0.9046332587362275,0,,,0.0,0.0,0.0,0.0,44.16088247935675,-6.789172163679979,False,True,False,True,False,5.1798378474645475
2025-07-31 17:00:00+00:00,143.025,143.025,142.04,142.17,1155.0,136.5429511274314,138.72807221138183,139.85581652541742,140.7666996409441,,,133.82828563782073,,141.36674507387093,"rgba(239, 83, 80, 1.0)",1.8368732785469895,141.36674507387093,0.43729468739642763,0,,,0.0,0.0,0.0,0.0,39.83916169924231,-5.37698982382652,False,True,False,True,False,0.6814117194589535
2025-07-31 18:00:00+00:00,142.17,142.925,141.865,142.485,1161.0,136.56302443225567,138.74374808714225,139.86912253740823,140.78063211445365,,,133.85443628138117,,141.35743096584866,"rgba(239, 83, 80, 1.0)",1.7823708322855587,141.35743096584866,0.6326231408900763,0,,,0.0,0.0,0.0,0.0,39.14657369777054,-6.170394396193139,False,True,False,True,False,2.1101707971347388
2025-07-31 19:00:00+00:00,142.495,142.655,141.735,142.245,3629.0,136.62264291981126,138.78911050315867,139.90644076675449,140.8172515677592,,,133.93315120834137,,141.32880403143275,"rgba(239, 83, 80, 1.0)",1.7117323241523745,141.32880403143275,0.5352448835836168,0,,,0.0,0.0,0.0,0.0,37.73314882666496,-7.694320661802315,False,True,False,True,False,0.9746248082130897
2025-08-01 14:00:00+00:00,139.865,140.96,139.355,140.5,889.0,136.63205329480968,138.79384598110823,139.90786053694467,140.8138527732035,,,133.94774258145318,,141.36192573768784,"rgba(239, 83, 80, 1.0)",1.675416898500886,141.36192573768784,-0.5144544850055331,0,,,0.0,0.0,0.0,0.0,32.34464451263126,-12.797596657376246,False,True,False,True,False,0.0
2025-08-01 15:00:00+00:00,140.5,141.13,140.13,141.125,1475.0,136.6497897596468,138.80439538524215,139.91354574709052,140.81365990428637,,,133.97379571254388,,141.3397216202796,"rgba(239, 83, 80, 1.0)",1.6241077245366,141.3397216202796,-0.13220897668032208,1,0.3715391671307652,0.3715391671307652,0.0,0.0,0.0,0.0,32.24068900100197,-12.902920847228067,False,True,False,True,False,0.0
2025-08-01 16:00:00+00:00,140.76,141.36,140.455,140.46,1261.0,136.66470046432192,138.81316192804115,139.9181488675237,140.81318021282402,,,133.99579335714293,,141.3126465008543,"rgba(239, 83, 80, 1.0)",1.5814413541941135,141.3126465008543,-0.5391578376226234,1,0.3732948821078714,0.3732948821078714,0.0,0.0,0.0,0.0,30.70088106640211,-14.48387954850115,False,True,False,True,False,0.0
2025-08-01 17:00:00+00:00,140.535,140.535,139.96,140.305,49.0,136.66520835431592,138.81341528878576,139.9182226441559,140.81299615093826,,,133.9965833264776,,141.3109213260757,"rgba(239, 83, 80, 1.0)",1.5194234177875112,141.3109213260757,-0.6620414785632556,1,0.3747472799632164,0.3747472799632164,0.0,0.0,0.0,0.0,29.353441506978157,-15.915521218057442,False,True,False,True,False,0.0
2025-08-01 18:00:00+00:00,140.355,140.995,140.08,140.49,95.0,136.66626232245113,138.81399239458085,139.91847020398532,140.81280604686842,,,133.9981765977918,,141.3083015688395,"rgba(239, 83, 80, 1.0)",1.453373831983382,141.3083015688395,-0.5630358486108055,1,0.3790737214037807,0.3790737214037807,0.0,0.0,0.0,0.0,29.548112526569454,-15.944513937990294,False,True,False,True,False,0.0
2025-08-01 19:00:00+00:00,140.565,141.315,140.545,141.13,2520.0,136.69743019139878,138.83337869447777,139.93007713590418,140.81593442715197,,,134.04321480162997,,141.27276251268546,"rgba(239, 83, 80, 1.0)",1.3872531027789206,141.27276251268546,-0.10291021328370845,1,0.38282882015807046,0.38282882015807046,0.0,0.0,0.0,0.0,33.139172467565075,-15.944513937990294,False,True,False,True,True,0.0
2025-08-04 14:00:00+00:00,142.83,143.025,142.6,142.665,62.0,136.6985041520791,138.83423729231632,139.9308273436088,140.8167493099004,,,134.04459525420557,,141.27430702659373,"rgba(239, 83, 80, 1.0)",1.3046729354390134,141.27430702659373,1.0659322621253744,1,0.38668028394383136,0.38668028394383136,0.0,0.0,0.0,0.0,41.215897945554815,-13.975919211285202,False,True,False,True,True,3.0360432815902705
2025-08-04 15:00:00+00:00,142.66,142.66,142.24,142.445,62.0,136.6995219720502,138.8350267103991,139.93149376849283,140.81743175536957,,,134.04592541108534,,141.27540625418033,"rgba(239, 83, 80, 1.0)",1.2220377200347716,141.27540625418033,0.957084815505031,2,0.5101679020121804,1.0203358040243609,0.0,0.0,0.0,0.0,45.75835766784424,-10.095250286639612,False,False,False,True,True,2.1414563861651423
2025-08-04 16:00:00+00:00,142.445,142.855,142.04,142.58,4191.0,136.7680101418485,138.8882314196969,139.97650007969668,140.8634671740367,,,134.13533253514797,,141.3301900456628,"rgba(239, 83, 80, 1.0)",1.139035964281432,141.3301900456628,1.0972524077636774,2,0.51489524628996,1.02979049257992,0.0,0.0,0.0,0.0,49.23070813696889,-7.159536656740116,False,False,False,False,True,2.6607183302235597
2025-08-04 17:00:00+00:00,142.58,142.65,142.075,142.395,1139.0,136.78596531093967,138.90195841416613,139.98789675200976,140.87466637144902,,,134.15896530214232,,141.33844329231283,"rgba(239, 83, 80, 1.0)",1.1380251267822663,141.33844329231283,0.9284124601664664,2,0.5199943418581388,1.0399886837162775,0.0,0.0,0.0,0.0,50.731045227302104,-5.897071060795973,True,False,True,False,True,1.8943940738494902
2025-08-04 18:00:00+00:00,142.395,142.895,142.35,142.54,1969.0,136.81795548091105,138.9269341956727,140.00915195380222,140.89644596685704,,,134.20059513307237,,141.35762609017547,"rgba(239, 83, 80, 1.0)",1.1379408540807348,141.35762609017547,1.039046893856078,2,0.5276806379670754,1.0553612759341509,0.0,0.0,0.0,0.0,52.300993107405766,-4.371231073587758,True,False,True,False,True,2.46681841771154
2025-08-04 19:00:00+00:00,142.55,142.995,142.52,142.8,5192.0,136.90317286441942,138.99429596159337,140.06729035605426,140.95702427617394,,,134.31069217314288,,141.41091991680048,"rgba(239, 83, 80, 1.0)",1.1345522909498296,141.41091991680048,1.2243420548176007,2,0.536059284748791,1.072118569497582,0.0,0.0,0.0,0.0,54.37768214830689,-2.263551020990093,True,False,True,False,True,3.49130328279308
2025-08-05 14:00:00+00:00,141.83,141.87,140.435,140.88,1607.0,136.921514494464,139.00544655892864,140.07372568405486,140.95806021179476,,,134.33742623509653,,141.3903219418929,"rgba(239, 83, 80, 1.0)",1.1646334225873867,141.3903219418929,-0.4381824632502387,2,0.5429736093319184,1.0859472186638368,0.0,0.0,0.0,0.0,48.63037081681696,-2.263551020990093,True,False,False,False,False,0.0
2025-08-05 15:00:00+00:00,140.89,141.11,140.61,141.085,3997.0,136.96506602541646,139.03098929595748,140.08736977556538,140.95750604242326,,,134.40177560952202,,141.34012299873672,"rgba(239, 83, 80, 1.0)",1.1898481998714519,141.34012299873672,-0.2144164261998062,3,0.4511718094321473,1.353515428296442,0.0,0.0,0.0,0.0,45.68019923874648,2.8135963333047513,False,False,False,True,False,0.0
2025-08-05 16:00:00+00:00,141.09,141.58,141.075,141.44,1255.0,136.98000635825946,139.04065028677724,140.09369335562897,140.96055776678466,,,134.42303506164194,,141.33234311090027,"rgba(239, 83, 80, 1.0)",1.2069428582421184,141.33234311090027,0.0891980000250624,3,0.4583555410622851,1.3750666231868554,0.0,0.0,0.0,0.0,45.233683223926135,2.256262510660889,False,False,False,True,False,0.0
2025-08-05 17:00:00+00:00,141.44,141.875,141.01,141.845,1358.0,136.99683386529216,139.051958294342,140.10159336291122,140.96551035790466,,,134.44659053784824,,141.32762743916587,"rgba(239, 83, 80, 1.0)",1.2168033256578157,141.32762743916587,0.42518996285158595,3,0.4674795222498149,1.4024385667494448,0.0,0.0,0.0,0.0,46.57965078148614,2.256262510660889,False,False,False,True,False,0.0
2025-08-05 18:00:00+00:00,141.83,141.83,141.31,141.4,505.0,137.00297403136977,139.05603288424135,140.10438449883733,140.96714307353946,,,134.4552331444348,,141.32561239031259,"rgba(239, 83, 80, 1.0)",1.2335382237888415,141.32561239031259,0.06030425993524305,3,0.4777618876121299,1.4332856628363897,0.0,0.0,0.0,0.0,45.85592442031749,2.256262510660889,False,False,False,True,False,0.0
2025-08-05 19:00:00+00:00,141.4,141.815,141.28,141.28,2868.0,137.03710969939985,139.07840758770448,140.11941824045476,140.9753186504943,,,134.50353875051715,,141.31346351467113,"rgba(239, 83, 80, 1.0)",1.250810573223886,141.31346351467113,-0.026753463224152552,3,0.48611788596275723,1.4583536578882716,0.0,0.0,0.0,0.0,44.943088826969344,1.0253184045822294,False,False,False,True,False,0.0
2025-08-06 14:00:00+00:00,141.23,141.51,141.09,141.44,329.0,137.04089406872396,139.08082848078064,140.12097945013923,140.97602633240467,,,134.50894922181348,,141.31179297122765,"rgba(239, 83, 80, 1.0)",1.2623374821803763,141.31179297122765,0.10156319572394013,3,0.49563137181001693,1.4868941154300508,0.0,0.0,0.0,0.0,45.12683303915588,0.7382269118962625,False,False,False,True,False,0.0
2025-08-06 15:00:00+00:00,141.445,141.91,141.32,141.89,2002.0,137.06569329545653,139.09777215702582,140.1331599616308,140.98440203999448,,,134.54341268873222,,141.30937757753514,"rgba(239, 83, 80, 1.0)",1.266818075350446,141.30937757753514,0.45833133720026953,3,0.5055342494859497,1.5166027484578493,0.0,0.0,0.0,0.0,47.37095769498063,0.7382269118962625,True,False,False,True,False,0.04260598814130745
2025-08-06 16:00:00+00:00,141.89,141.995,141.47,141.62,257.0,137.06884977771406,139.09992176463265,140.13469856103538,140.9854462124591,,,134.54780576562715,,141.30906437404576,"rgba(239, 83, 80, 1.0)",1.2774260367151784,141.30906437404576,0.24340792892698143,3,0.5158853713112034,1.54765611393361,0.0,0.0,0.0,0.0,47.60402999522573,0.7382269118962625,True,False,False,True,False,0.0
2025-08-06 17:00:00+00:00,141.62,141.985,141.555,141.675,299.0,137.07255104060624,139.10245988235232,140.13653440206866,140.98673112743563,,,134.55294093668522,,141.3088368343703,"rgba(239, 83, 80, 1.0)",1.2867381135924807,141.3088368343703,0.2845669695812453,3,0.5250407419574176,1.5751222258722528,0.0,0.0,0.0,0.0,48.04447263975929,0.7382269118962625,True,False,False,False,True,0.0
2025-08-06 18:00:00+00:00,141.675,142.235,141.485,141.865,407.0,137.0777127231833,139.1060682299666,140.139218503907,140.9887589785351,,,134.5600389541904,,141.3090357018432,"rgba(239, 83, 80, 1.0)",1.2928223995411412,141.3090357018432,0.43003919049836264,3,0.5357644618323615,1.6072933854970843,0.0,0.0,0.0,0.0,49.3621669539107,0.7382269118962625,True,False,False,False,True,0.0
2025-08-06 19:00:00+00:00,141.865,142.335,141.495,141.85,1467.0,137.09634818029136,139.1191448585229,140.14900081731966,140.99625320728225,,,134.58561966619828,,141.3102558935516,"rgba(239, 83, 80, 1.0)",1.2982427034709918,141.3102558935516,0.4157497708289193,3,0.5469998227241273,1.6409994681723818,0.0,0.0,0.0,0.0,50.14852515202402,0.7382269118962625,True,False,False,False,True,0.0
2025-08-07 14:00:00+00:00,143.24,143.24,142.285,142.585,566.0,137.10470720424098,139.12562089458535,140.15448502458716,141.00169243081868,,,134.59653028665969,,141.31515263126857,"rgba(239, 83, 80, 1.0)",1.2979964012493284,141.31515263126857,0.9783134741430705,3,0.5632631449064655,1.6897894347193962,0.0,0.0,0.0,0.0,54.318853777275585,0.30012087997259584,True,False,True,False,True,2.866500420580831
2025-08-07 15:00:00+00:00,142.585,143.035,142.43,143.035,138.0,137.106788728451,139.12725355490818,140.15588661113628,141.00311426428541,,,134.59922861479131,,141.31650922166483,"rgba(38, 166, 154, 1.0)",1.2975199038548308,141.31650922166483,1.3244427104583625,3,0.5771681686384094,1.731504505915228,0.0,0.0,0.0,0.0,58.77923610595249,4.4259203719777815,True,False,True,False,True,4.593605564844463
2025-08-07 16:00:00+00:00,143.035,143.24,142.285,142.595,6.0,137.10687719413724,139.12732208249975,140.15594463506037,141.00317175813692,,,134.59934408918667,,141.31656080965803,"rgba(38, 166, 154, 1.0)",1.298263490239419,141.31656080965803,0.9847301414185246,3,0.5934012530510224,1.7802037591530673,0.0,0.0,0.0,0.0,58.835214962455275,4.436300956719371,True,False,True,False,True,2.736565760567416
2025-08-07 17:00:00+00:00,142.595,142.7,142.285,142.475,343.0,137.11173133531327,139.1309947026538,140.1589715697115,141.0060284127911,,,134.60576092697227,,141.31877760107977,"rgba(38, 166, 154, 1.0)",1.2949303852722167,141.31877760107977,0.8928838276330685,3,0.6119398263119231,1.8358194789357694,0.0,0.0,0.0,0.0,58.122833622621556,4.436300956719371,True,False,True,False,True,2.2350782530512845
2025-08-07 18:00:00+00:00,142.54,142.54,141.955,142.46,487.0,137.11839296254453,139.1359345201536,140.16294598033485,141.00960653785788,,,134.61465957811433,,141.3211210114469,"rgba(38, 166, 154, 1.0)",1.2945690506981757,141.3211210114469,0.8797359924052659,3,0.6396957420838922,1.9190872262516767,0.0,0.0,0.0,0.0,57.54704976813875,4.436300956719371,True,False,True,False,False,2.171577907893795
2025-08-07 19:00:00+00:00,142.45,142.8,142.31,142.8,2137.0,137.1492016553151,139.15958138674827,140.18276490384866,141.02884341735458,,,134.65506971127033,,141.33744556386483,"rgba(38, 166, 154, 1.0)",1.2936969582627802,141.33744556386483,1.130523208541161,3,0.6710885239238858,2.0132655717716577,0.0,0.0,0.0,0.0,58.90428909581631,4.880041019244224,True,False,True,False,False,3.530651274664777
2025-08-08 14:00:00+00:00,142.91,143.83,142.91,143.38,1379.0,137.1715449247595,139.1778688938195,140.19917524831146,141.04659504997431,,,134.68331770068497,,141.5494105170299,"rgba(38, 166, 154, 1.0)",1.2936531554033477,141.5494105170299,1.4150543175533974,3,0.7006120198038664,2.1018360594115992,0.0,0.0,0.0,0.0,62.20048343740375,8.094261627446151,True,False,True,False,True,5.779196556444557
2025-08-08 15:00:00+00:00,143.375,143.48,143.045,143.275,122.0,137.17348004517677,139.1794382084331,140.2005704306829,141.0480811966047,,,134.68577741917557,,141.55046724062174,"rgba(38, 166, 154, 1.0)",1.2939683079505981,141.55046724062174,1.3327472927908088,4,0.5748062211380741,2.2992248845522965,0.0,0.0,0.0,0.0,63.55701817370108,9.426928573145325,True,False,True,False,True,5.31242991650776
2025-08-08 16:00:00+00:00,143.275,143.565,143.005,143.06,245.0,137.17732633226964,139.1825424221658,140.2033166901324,141.05098359398121,,,134.6906801699017,,141.552239568233,"rgba(38, 166, 154, 1.0)",1.2939406846892356,141.552239568233,1.1652469464851194,4,0.6023623305410781,2.4094493221643125,0.0,0.0,0.0,0.0,62.74063827643857,9.426928573145325,True,False,True,False,True,4.354366637298444
2025-08-08 17:00:00+00:00,143.055,143.645,142.93,143.33,428.0,137.1841357333548,139.188077002365,140.2082481300778,141.05624973121516,,,134.69932346779245,,141.5571320106303,"rgba(38, 166, 154, 1.0)",1.2865223919012894,141.5571320106303,1.3780311952049777,4,0.6314848834295164,2.5259395337180655,0.0,0.0,0.0,0.0,63.48165136707536,9.551928374779209,True,False,True,False,True,5.418037664238707
2025-08-08 18:00:00+00:00,143.32,143.44,143.26,143.39,343.0,137.18963677875715,139.1925680317442,140.2122674364623,141.06056768431876,,,134.70628727360503,,141.56172108839428,"rgba(38, 166, 154, 1.0)",1.2732880292392417,141.56172108839428,1.435872221855458,4,0.6322449073524083,2.5289796294096334,0.0,0.0,0.0,0.0,64.2581202377236,10.492468174020203,True,False,True,False,True,5.654793049231834
2025-08-08 19:00:00+00:00,143.385,143.695,142.9,143.385,6103.0,137.28533309316185,139.27020338824858,140.28129609251687,141.13360009786945,,,134.82783206190356,,141.6325018227508,"rgba(38, 166, 154, 1.0)",1.261556106881241,141.6325018227508,1.3891559540555214,4,0.6324128245757016,2.5296512983028063,0.0,0.0,0.0,0.0,64.72613833149644,11.16931593526325,True,False,True,False,True,5.631463818638501
2025-08-11 14:00:00+00:00,143.02,143.035,142.415,142.54,161.0,137.28754446453564,139.2718835326791,140.28268807037554,141.13489956682096,,,134.83074544599364,,141.63278659306332,"rgba(38, 166, 154, 1.0)",1.249260476737047,141.63278659306332,0.7262003591966941,4,0.6328687424598878,2.531474969839551,0.0,0.0,0.0,0.0,58.45537276353347,12.3633478335327,True,False,True,False,False,1.8006103949869754
2025-08-11 15:00:00+00:00,142.54,142.99,142.54,142.79,5.0,137.28761451621278,139.2719373759555,140.28273326969577,141.13494278950836,,,134.8308371592474,,141.6328033467857,"rgba(38, 166, 154, 1.0)",1.2278086940512012,141.6328033467857,0.9424893786963549,4,0.6332191856508929,2.5328767426035714,0.0,0.0,0.0,0.0,55.91538483023332,10.145777401972857,True,False,True,False,False,2.8356827798310853
2025-08-11 16:00:00+00:00,142.79,143.315,142.57,142.815,14.0,137.2878151802033,139.27209358194486,140.28286625509938,141.13507315649164,,,134.83109804030252,,141.632874782158,"rgba(38, 166, 154, 1.0)",1.2022035211663722,141.632874782158,0.9832987485306092,4,0.6332056902113667,2.532822760845467,0.0,0.0,0.0,0.0,54.38812440503635,8.808374517539804,True,False,True,False,False,2.939658874279168
2025-08-11 17:00:00+00:00,142.815,143.11,142.45,142.83,106.0,137.28930606228496,139.27324217372953,140.28383296812018,141.13600184195084,,,134.83304744665992,,141.63326806034647,"rgba(38, 166, 154, 1.0)",1.185382916047033,141.63326806034647,1.0095741413621508,4,0.6331321072922849,2.5325284291691395,0.0,0.0,0.0,0.0,53.48015491633872,7.935900799300697,True,False,True,False,False,3.003169960931114
2025-08-11 18:00:00+00:00,142.795,143.07,142.67,142.81,1410.0,137.30925243099634,139.2886799038005,140.2968931436672,141.14865067900465,,,134.85906081959098,,141.6399507388685,"rgba(38, 166, 154, 1.0)",1.175565698593752,141.6399507388685,0.9953074188292147,4,0.6331373702510246,2.5325494810040983,0.0,0.0,0.0,0.0,52.70112319635813,7.079259709093151,False,False,True,False,False,2.909746128307347
2025-08-11 19:00:00+00:00,142.815,142.815,142.25,142.735,1160.0,137.3248196501481,139.3003963138748,140.30649604492578,141.15740902974312,,,134.87967006501395,,141.78791562868523,"rgba(38, 166, 154, 1.0)",1.1627956874745058,141.78791562868523,0.814489064172378,4,0.6332740525486025,2.53309621019441,0.0,0.0,0.0,0.0,51.485899123938694,5.760762586460999,False,False,False,False,False,2.5543140829591486
2025-08-12 14:00:00+00:00,143.155,143.955,143.155,143.835,188.0,137.32783366418968,139.30288819620162,140.30875277781783,141.15984283724512,,,134.8834520024166,,141.79793245729314,"rgba(38, 166, 154, 1.0)",1.1525057893967776,141.79793245729314,1.7675117656225114,4,0.6319038303595556,2.527615321438222,0.0,0.0,0.0,0.0,57.51004252185252,2.8698540101758567,True,False,True,False,True,7.184506746912142
2025-08-12 15:00:00+00:00,143.835,144.365,143.835,144.28,2054.0,137.36322786486247,139.33311234413063,140.3369590955014,141.19153127024782,,,134.9269599157275,,141.88069062440871,"rgba(38, 166, 154, 1.0)",1.1478600340007274,141.88069062440871,2.0902455913799733,4,0.6292745478918903,2.517098191567561,0.0,0.0,0.0,0.0,63.09700626065285,7.849920884104435,True,False,True,False,True,8.927706541264712
2025-08-12 16:00:00+00:00,144.245,144.415,144.15,144.355,738.0,137.37612806911986,139.34420738342678,140.34737790493682,141.2033085387595,,,134.9427395091054,,141.901747478668,"rgba(38, 166, 154, 1.0)",1.1480399395061114,141.901747478668,2.136905204175547,4,0.6263931345587219,2.5055725382348877,0.0,0.0,0.0,0.0,67.06620845213601,11.243672277983293,True,False,True,False,True,9.218508371076457
2025-08-12 17:00:00+00:00,144.34,144.425,144.26,144.395,1239.0,137.39784411060526,139.36292252025987,140.36498117507665,141.22321833814394,,,134.96926242060135,,141.9336072413135,"rgba(38, 166, 154, 1.0)",1.1421530442874408,141.9336072413135,2.1550463582768917,4,0.6225254517487001,2.4901018069948004,0.0,0.0,0.0,0.0,69.85249687301157,13.615944793270657,True,False,True,False,True,9.375694827447663
2025-08-12 18:00:00+00:00,144.4,144.65,144.29,144.555,1661.0,137.42731982831947,139.38848246944067,140.38914797527542,141.2506784904226,,,135.00510579009116,,141.97462364391913,"rgba(38, 166, 154, 1.0)",1.1511123997052812,141.97462364391913,2.24163718220873,4,0.6179221354021915,2.471688541608766,0.0,0.0,0.0,0.0,72.28646935240607,15.79101192833889,True,False,True,False,True,10.009556977247701
2025-08-12 19:00:00+00:00,144.555,144.94,144.55,144.94,4909.0,137.5167981336454,139.46707607001923,140.46424205095568,141.33674543830531,,,135.1129069006991,,142.09496299271018,"rgba(38, 166, 154, 1.0)",1.1540028924028618,142.09496299271018,2.4653638444232056,4,0.6106914040426507,2.4427656161706026,0.0,0.0,0.0,0.0,75.12764526508897,18.442189126347387,True,False,True,False,True,11.515174641940881
2025-08-13 14:00:00+00:00,144.955,144.96,143.575,143.895,606.0,137.52669779869407,139.475429557114,140.4719406221622,141.34509825540187,,,135.12514683614526,,142.3111751064841,"rgba(38, 166, 154, 1.0)",1.132865445282717,142.3111751064841,1.3980697355639322,4,0.6099071747078679,2.4396286988314717,1.0,0.0,144.96,787.0,68.1802759056556,25.414649912182497,True,False,True,False,False,6.298686570225549
2025-08-13 15:00:00+00:00,143.885,143.92,143.22,143.665,605.0,137.53574498514436,139.48277524555533,140.47846519852442,141.35178318904735,,,135.13660154150165,,142.30082091246874,"rgba(38, 166, 154, 1.0)",1.1060445635574823,142.30082091246874,1.2333852834496188,4,0.6095430976770624,2.4381723907082495,0.0,0.0,0.0,0.0,62.18858922444779,20.08406437421698,True,False,True,False,False,5.2124777338977175
2025-08-13 16:00:00+00:00,143.67,143.805,143.275,143.52,2107.0,137.566691277907,139.50773372150041,140.50048461990218,141.3740606275031,,,135.1759335999651,,142.3001852010585,"rgba(38, 166, 154, 1.0)",1.0746714058860545,142.3001852010585,1.1350583929752833,4,0.6092474467287363,2.4369897869149453,0.0,0.0,0.0,0.0,57.34714865352478,15.834053586070567,False,False,True,False,False,4.52892971261155
2025-08-13 17:00:00+00:00,143.52,143.9,143.52,143.875,1033.0,137.582331528992,139.52055584063697,140.51198033280167,141.38597127916776,,,135.1956134558597,,142.30953903431302,"rgba(38, 166, 154, 1.0)",1.0661041647459064,142.30953903431302,1.468394006377501,4,0.6080718175208198,2.4322872700832794,0.0,0.0,0.0,0.0,56.25384912493229,14.889122874012514,False,False,True,False,False,5.997935340471866
2025-08-13 18:00:00+00:00,143.935,144.03,143.85,143.985,1949.0,137.61252692067072,139.54561224805352,140.53470472665387,141.40989256918274,,,135.23331748348951,,142.33301587850093,"rgba(38, 166, 154, 1.0)",1.0644075542008888,142.33301587850093,1.5520221694962713,4,0.6089105799543906,2.4356423198175623,0.0,0.0,0.0,0.0,56.15125658776012,14.546334683176411,False,False,True,False,False,6.449749559376727
2025-08-13 19:00:00+00:00,143.985,144.355,143.94,144.32,3378.0,137.66622558735824,139.5908003190654,140.57621559108298,141.4542850112762,,,135.29975414082654,,142.38146331577596,"rgba(38, 166, 154, 1.0)",1.0623646156452375,142.38146331577596,1.824737623670423,4,0.6070214856435339,2.4280859425741355,0.0,0.0,0.0,0.0,57.88784085630397,14.546334683176411,False,False,True,False,False,7.8168000043866215
2025-08-14 14:00:00+00:00,143.345,144.24,143.345,144.21,837.0,137.6788455176751,139.60120658215575,140.58559255277487,141.46399600208565,,,135.31556336605362,,142.38897127807036,"rgba(38, 166, 154, 1.0)",1.0686174447582828,142.38897127807036,1.704097879799782,4,0.6053873456548827,2.421549382619531,0.0,0.0,0.0,0.0,58.157190063094184,14.546334683176411,False,False,True,False,False,7.267102835182293
2025-08-14 15:00:00+00:00,144.21,144.21,143.455,143.955,220.0,137.6821232845961,139.6038967920939,140.58800571844193,141.46647581107976,,,135.31968104394772,,142.39074598193332,"rgba(38, 166, 154, 1.0)",1.0681608847332662,142.39074598193332,1.4644367158766594,4,0.6046487177811263,2.418594871124505,0.0,0.0,0.0,0.0,56.34603982129747,13.48577045466675,False,True,True,False,False,5.995396570792412
2025-08-14 16:00:00+00:00,143.955,144.06,143.15,143.58,280.0,137.68610377753797,139.60709424198575,140.59081368967477,141.46926261205704,,,135.32474667363206,,142.3918938839059,"rgba(38, 166, 154, 1.0)",1.0613917092001597,142.3918938839059,1.1193851485701107,4,0.6043951492752737,2.417580597101095,0.0,0.0,0.0,0.0,52.60648059371794,9.552281992082975,False,True,False,False,False,4.159167589219152
2025-08-14 17:00:00+00:00,143.23,144.005,143.23,144.005,112.0,137.6877348441341,139.60841982170535,140.5919913880042,141.47045374521343,,,135.32680790164147,,142.39259859747025,"rgba(38, 166, 154, 1.0)",1.0707661229645664,142.39259859747025,1.505839013719991,4,0.6030842521542438,2.412337008616975,0.0,0.0,0.0,0.0,52.95203477356382,9.530444823576119,False,True,True,False,False,5.969015802815456
2025-08-14 18:00:00+00:00,144.005,144.005,143.71,143.865,2264.0,137.72113168970156,139.63576350341745,140.6164591959118,141.49545297221866,,,135.36881682330113,,142.4103956484154,"rgba(38, 166, 154, 1.0)",1.0777412231805117,142.4103956484154,1.3496786800934808,4,0.6045094765103878,2.418037906041551,0.0,0.0,0.0,0.0,52.20995298904678,8.364304352564545,False,True,False,False,False,5.279607092841804
2025-08-14 19:00:00+00:00,143.9,144.055,143.43,143.92,4432.0,137.78486259277216,139.687560601555,140.66246936314465,141.541736816763,,,135.44931060661543,,142.44136469242775,"rgba(38, 166, 154, 1.0)",1.0850020052284857,142.44136469242775,1.3627949998680915,4,0.607882394563926,2.431529578255704,0.0,0.0,0.0,0.0,52.100750320314525,7.748450336808304,False,True,False,False,False,5.516769846144406
2025-08-15 14:00:00+00:00,143.3,143.495,142.94,143.495,207.0,137.78756598717604,139.6896630039917,140.66425434896618,141.5433927410806,,,135.45281348959475,,142.57391786978116,"rgba(38, 166, 154, 1.0)",1.0869213195781189,142.57391786978116,0.8474230044327045,4,0.6116593257612934,2.446637303045174,0.0,0.0,0.0,0.0,49.097181656060094,4.495073676224209,False,True,False,False,False,3.4135817529588977
2025-08-15 15:00:00+00:00,143.495,143.68,143.045,143.45,523.0,137.79448536499956,139.6950835937034,140.6688924131579,141.5477555371011,,,135.46174172049678,,142.5778085006403,"rgba(38, 166, 154, 1.0)",1.0891957111996828,142.5778085006403,0.8007665568192839,4,0.6157123112259716,2.4628492449038863,0.0,0.0,0.0,0.0,46.81059527017309,2.0613531304683548,False,True,False,True,False,3.1929049787607937
2025-08-15 16:00:00+00:00,143.45,143.59,143.025,143.58,2176.0,137.82312578340117,139.71750754582226,140.68806827647677,141.56575330812578,,,135.49870508539883,,142.5835561449578,"rgba(38, 166, 154, 1.0)",1.0926596281832466,142.5835561449578,0.9119435086102505,4,0.622552837746501,2.490211350986004,0.0,0.0,0.0,0.0,46.4495827016427,1.4322456420631298,False,True,False,True,False,3.783717104297871
2025-08-15 17:00:00+00:00,143.58,143.58,143.17,143.575,3.0,137.8231653725225,139.71753863549304,140.68809494751878,141.56577846059878,,,135.49875608649413,,142.58356695574875,"rgba(38, 166, 154, 1.0)",1.092070527042335,142.58356695574875,0.9078470846899839,4,0.6308993730389765,2.523597492155906,0.0,0.0,0.0,0.0,46.16916126960852,0.8089790868956612,False,True,False,True,False,3.7582852005956617
2025-08-15 18:00:00+00:00,143.575,143.71,143.285,143.66,142.0,137.82507529439204,139.7190530683394,140.68940719417665,141.56703800726856,,,135.50120281079393,,142.5844942783219,"rgba(38, 166, 154, 1.0)",1.0952099555999915,142.5844942783219,0.9820087154785783,4,0.6356134357953217,2.542453743181287,0.0,0.0,0.0,0.0,46.843441184094104,0.8089790868956612,False,True,False,True,False,4.15499641301821
2025-08-15 19:00:00+00:00,143.195,143.8,143.195,143.46,767.0,137.83524974238665,139.72707056982878,140.69630982579952,141.5735861962544,,,135.51428367782316,,142.58783684810493,"rgba(38, 166, 154, 1.0)",1.0926061001516412,142.58783684810493,0.7982411518424013,4,0.6381184093737006,2.5524736374948023,0.0,0.0,0.0,0.0,45.49869759167219,-0.45273990456713875,False,True,False,True,False,3.1106718844886494
2025-08-18 14:00:00+00:00,143.04,143.425,143.04,143.41,538.0,137.8421211766551,139.73238570161584,140.70079700341086,141.57769081494905,,,135.52321156321798,,142.58776170143824,"rgba(38, 166, 154, 1.0)",1.085895810706625,142.58776170143824,0.7571981496334367,4,0.6417019564453657,2.5668078257814626,0.0,0.0,0.0,0.0,44.167583629110254,-1.9750335876493779,False,True,False,True,False,2.848659261155518
2025-08-18 15:00:00+00:00,143.44,143.615,143.415,143.58,430.0,137.847847135019,139.73691410604218,140.7047103553848,141.58142431441382,,,135.530557088041,,142.59002481374336,"rgba(38, 166, 154, 1.0)",1.0895124539838343,142.59002481374336,0.9086405415897579,4,0.6461365831807787,2.584546332723115,0.0,0.0,0.0,0.0,45.31468420162069,-1.9750335876493779,False,True,False,True,False,3.6786707654387634
2025-08-18 16:00:00+00:00,143.58,143.71,143.48,143.48,315.0,137.8520491514704,139.7402420148157,140.7075904636111,141.5841781853644,,,135.5359429928742,,142.5917460634493,"rgba(38, 166, 154, 1.0)",1.0909139485961912,142.5917460634493,0.8142291495068928,4,0.6512134058191194,2.6048536232764774,0.0,0.0,0.0,0.0,45.05438696103383,-1.9750335876493779,False,True,False,True,False,3.1391188746685295
2025-08-18 17:00:00+00:00,143.48,143.685,143.47,143.6,1039.0,137.86593401243994,139.7512590298424,140.7171432131903,141.59333710025146,,,135.5537193753269,,142.5976430534318,"rgba(38, 166, 154, 1.0)",1.0933187677555065,142.5976430534318,0.9168021039517643,4,0.6547938269498994,2.6191753077995976,0.0,0.0,0.0,0.0,46.36372440051675,-1.9750335876493779,False,True,False,True,True,3.737519870960547
2025-08-18 18:00:00+00:00,143.535,143.68,143.39,143.455,499.0,137.87248953419603,139.7564223904069,140.72158654986256,141.59753792724482,,,135.56214771608498,,142.59965943492048,"rgba(38, 166, 154, 1.0)",1.0953787982749186,142.59965943492048,0.7808628087622125,4,0.6615747774274044,2.646299109709618,0.0,0.0,0.0,0.0,45.631481515413974,-1.9750335876493779,False,True,False,True,True,2.9373064286265773
2025-08-18 19:00:00+00:00,143.455,143.96,143.325,143.845,606.0,137.88071443850265,139.763009892796,140.72735280382523,141.60315063508145,,,135.57261851291855,,142.75283472529256,"rgba(38, 166, 154, 1.0)",1.1012991222893318,142.75283472529256,0.9917062972293083,4,0.662537242181167,2.650148968724668,0.0,0.0,0.0,0.0,49.41023960367212,-3.9018142248172225,False,True,False,False,True,4.892803812760704
2025-08-19 14:00:00+00:00,143.475,143.935,143.355,143.355,3.0,137.88075397056053,139.7630411160786,140.727379750033,141.60317622016456,,,135.57266925310643,,142.75280702569478,"rgba(38, 166, 154, 1.0)",1.1001265283488437,142.75280702569478,0.5473851950548176,4,0.671214243622536,2.684856974490144,0.0,0.0,0.0,0.0,47.281818211557024,-3.9018142248172225,False,True,False,True,False,2.2067935857881444
2025-08-19 15:00:00+00:00,143.355,143.36,143.12,143.12,120.0,137.8822376418741,139.76417473379843,140.72832413501908,141.60401590243822,,,135.5746097123345,,142.74841900191154,"rgba(38, 166, 154, 1.0)",1.0997151269119037,142.74841900191154,0.33788841218533877,5,0.5664807636377038,2.832403818188519,0.0,0.0,0.0,0.0,44.189941166624415,-2.038054228255838,False,True,False,True,False,0.9570701611352028
2025-08-19 16:00:00+00:00,143.12,143.295,142.55,142.55,5148.0,137.9403675141431,139.8065083882159,140.7616946518193,141.63036384946352,,,135.6525992037694,,142.68303760773912,"rgba(239, 83, 80, 1.0)",1.0979747244331268,142.68303760773912,-0.12116636638224818,5,0.5770931338520194,2.885465669260097,0.0,0.0,0.0,0.0,39.06985312716194,-6.615943241044079,False,True,False,True,False,0.0
2025-08-19 17:00:00+00:00,142.55,142.91,142.485,142.91,414.0,137.94495412875617,139.80982795681464,140.76429277039367,141.63237919543482,,,135.65877196640162,,142.68080826204172,"rgba(239, 83, 80, 1.0)",1.0625632996505587,142.68080826204172,0.21569702062328674,6,0.5135370376855674,3.081222226113404,0.0,0.0,0.0,0.0,39.130369838884256,-6.615943241044079,False,True,False,True,False,0.0
2025-08-19 18:00:00+00:00,142.91,142.91,142.565,142.78,480.0,137.95024270798712,139.81364579953717,140.7672716901395,141.63467275855302,,,135.6658986534764,,142.67822269386969,"rgba(239, 83, 80, 1.0)",1.0422857850206841,142.67822269386969,0.09764817633802443,7,0.47690589482080414,3.338341263745629,0.0,0.0,0.0,0.0,38.43607913237839,-7.064070865693637,False,True,False,True,False,0.0
2025-08-19 19:00:00+00:00,142.595,142.875,142.53,142.78,3761.0,137.99108211029952,139.84298575220254,140.7900363744673,141.6519548444654,,,135.72106510067817,,142.6608952688816,"rgba(239, 83, 80, 1.0)",1.0020072197679055,142.6608952688816,0.1188661406511483,7,0.47990197063961926,3.359313794477335,0.0,0.0,0.0,0.0,37.973218661374474,-7.657339790690585,False,True,False,True,False,0.0
2025-08-20 14:00:00+00:00,142.27,142.27,140.74,141.04,1404.0,138.00176539126625,139.84862757724517,140.7924524808311,141.650184062832,141.35,,135.73743123160816,,142.63653486170182,"rgba(239, 83, 80, 1.0)",0.9791350199977181,142.63653486170182,-1.6305563881328105,7,0.4765845701670265,3.3360919911691855,0.0,-1.0,140.74,804.0,31.644654113779396,-13.611286955999098,False,True,False,True,False,0.0
2025-08-20 15:00:00+00:00,141.04,141.76,141.04,141.335,901.0,138.00864324453858,139.8522938578991,140.79407027157356,141.64916481490732,141.36107519884308,,135.74793672530097,,142.61767465685668,"rgba(239, 83, 80, 1.0)",0.9549090424107567,142.61767465685668,-1.3432427591411629,8,0.6101407450461804,4.8811259603694435,0.0,0.0,0.0,0.0,29.722830318187544,-15.290935604577228,False,True,False,True,False,0.0
2025-08-20 16:00:00+00:00,141.335,141.89,141.335,141.63,1662.0,138.02215540560323,139.86006721540713,140.7982474076966,141.64895304867468,141.4688551382237,,135.76803469412704,,142.5956473754825,"rgba(239, 83, 80, 1.0)",0.94356947351528,142.5956473754825,-1.0233982791802145,8,0.6091046861437908,4.872837489150326,0.0,0.0,0.0,0.0,30.59960989335699,-15.290935604577228,False,True,False,True,False,0.0
2025-08-20 17:00:00+00:00,141.63,142.08,141.54,141.54,916.0,138.02976870551055,139.86456830502925,140.8008147294507,141.64922098480798,141.5159673015223,,135.77924431363363,,142.58527728312774,"rgba(239, 83, 80, 1.0)",0.9574270701171661,142.58527728312774,-1.091756558543753,8,0.6083985788142877,4.867188630514302,0.0,0.0,0.0,0.0,30.870243454409273,-15.290935604577228,False,True,False,True,False,0.0
2025-08-20 18:00:00+00:00,141.54,141.935,141.44,141.9,1006.0,138.0381804790898,139.8695882189678,140.80373477224052,141.6496710414822,141.55736995528386,,135.79158589023356,,142.57459522116355,"rgba(239, 83, 80, 1.0)",0.9634486807084764,142.57459522116355,-0.7001880169346186,8,0.6058819335810992,4.847055468648794,0.0,0.0,0.0,0.0,33.698348911334755,-15.290935604577228,False,True,False,True,True,0.0
2025-08-20 19:00:00+00:00,141.9,142.515,141.645,142.26,1528.0,138.05218802916423,139.87869269879263,140.8098957981301,141.65272380995071,141.67739944272168,,135.81142703786588,,142.5694887270309,"rgba(239, 83, 80, 1.0)",0.9658335474811296,142.5694887270309,-0.3204369198378281,8,0.6050719664683014,4.840575731746411,0.0,0.0,0.0,0.0,37.91387181565533,-17.185377917759375,False,True,False,True,True,0.0
2025-08-21 14:00:00+00:00,141.56,142.07,141.435,141.7,424.0,138.0556745827072,139.88075598699058,140.8110778546575,141.65286570699516,141.6805141776134,,135.8165598019862,,142.56465050955262,"rgba(239, 83, 80, 1.0)",0.9745241250317046,142.56465050955262,-0.8872540836528826,8,0.601740520573265,4.81392416458612,0.0,0.0,0.0,0.0,38.131125026023184,-16.92827259128351,False,True,False,True,True,0.0
2025-08-21 15:00:00+00:00,141.75,141.76,141.18,141.43,2548.0,138.07491401263277,139.8912124297552,140.81599728851418,141.6508531337059,141.62561346937466,,135.8457766182668,,142.52590251046973,"rgba(239, 83, 80, 1.0)",0.9890112589191304,142.52590251046973,-1.1080789026278794,8,0.5969055592653643,4.775244474122914,0.0,0.0,0.0,0.0,37.2032028883398,-16.92827259128351,False,True,False,True,True,0.0
2025-08-21 16:00:00+00:00,141.43,141.515,140.935,141.49,206.0,138.07639444603484,139.89197490153214,140.81630349147912,141.65057345341822,141.61954176498347,,135.8480655076411,,142.52253122503174,"rgba(239, 83, 80, 1.0)",1.00273556015638,142.52253122503174,-1.029714379402986,8,0.5924371551128107,4.739497240902486,0.0,0.0,0.0,0.0,37.025001270683205,-16.92827259128351,False,True,False,True,True,0.0
2025-08-21 17:00:00+00:00,141.49,141.64,141.165,141.59,673.0,138.08144776280355,139.89472539554285,140.81760568694662,141.65007243673324,141.61031150159744,,135.85573709343228,,142.5133491495465,"rgba(239, 83, 80, 1.0)",0.9865484604738857,142.5133491495465,-0.9359389695899806,8,0.5888031560399059,4.710425248319247,0.0,0.0,0.0,0.0,37.6852481979719,-16.68313805184136,False,True,False,True,True,0.0
2025-08-21 18:00:00+00:00,141.59,141.645,141.165,141.54,2382.0,138.09913415447733,139.9042913734857,140.82206712158782,141.64817869825467,141.58233626373627,,135.8826500247408,,142.48249580853252,"rgba(239, 83, 80, 1.0)",0.9764730983034011,142.48249580853252,-0.9652040697998658,8,0.5869494461199707,4.6955955689597655,0.0,0.0,0.0,0.0,37.861005585204964,-16.16442053593495,False,True,False,True,True,0.0
2025-08-21 19:00:00+00:00,141.54,141.74,141.285,141.46,1877.0,138.11312602851186,139.91196385131434,140.82578738093426,141.64704466330622,141.5717785148451,,135.90384545041172,,142.4613463055775,"rgba(239, 83, 80, 1.0)",0.976065036231442,142.4613463055775,-1.0259012139638435,8,0.5834332898527245,4.667466318821796,0.0,0.0,0.0,0.0,37.52838723599964,-16.149789192864276,False,True,False,True,True,0.0
2025-08-22 14:00:00+00:00,142.225,144.81,142.225,144.42,100.0,138.11437812326486,139.9129674092876,140.8266685315071,141.6479007349173,141.58615462554127,,135.90543754392039,,142.4633360388055,"rgba(38, 166, 154, 1.0)",0.9828577930911415,142.4633360388055,1.990790503924966,8,0.5786377953556142,4.629102362844914,0.0,0.0,0.0,0.0,49.83132454368727,-4.7077787557342035,False,False,True,False,True,7.6133710368350265
2025-08-22 15:00:00+00:00,144.42,144.96,144.42,144.6,200.0,138.11724993583456,139.91540521039823,140.82892464005255,141.65027401766514,141.62499768328385,,135.9089582964685,,142.62555979746108,"rgba(38, 166, 154, 1.0)",0.9837461402552169,142.62555979746108,2.007062718463809,8,0.7880449726759611,6.304359781407689,0.0,0.0,0.0,0.0,58.366628096048224,2.6045653762106724,True,False,True,False,True,8.30986608385032
2025-08-22 16:00:00+00:00,144.6,144.78,144.49,144.49,404.0,138.122978383528,139.92024594551154,140.83338680822143,141.6549401282788,141.69871552379192,,135.91600206074688,,142.6346719394363,"rgba(38, 166, 154, 1.0)",0.977662785688968,142.6346719394363,1.8977177895303179,8,0.777951589382216,6.223612715057728,0.0,0.0,0.0,0.0,63.39823586008292,6.580800843569108,True,False,True,False,True,7.776353464851091
2025-08-22 17:00:00+00:00,144.505,144.87,144.505,144.77,110.0,138.12456728539385,139.92159842994863,140.83464139918289,141.65626353788255,141.71901974583358,,135.91794629381891,,142.63874946293134,"rgba(38, 166, 154, 1.0)",0.9794501123187112,142.63874946293134,2.175966402232809,8,0.7658609272303296,6.126887417842637,0.0,0.0,0.0,0.0,67.36983015551327,9.752494840244168,True,False,True,False,True,8.876232989246272
2025-08-22 18:00:00+00:00,144.77,144.77,144.11,144.145,270.0,138.12824332748625,139.9246566265884,140.83742146748025,141.6591111717685,141.76164900768566,,135.92251249089873,,142.6415000781878,"rgba(38, 166, 154, 1.0)",0.9767749471070222,142.6415000781878,1.5392490627091064,8,0.7608444253411322,6.086755402729057,0.0,0.0,0.0,0.0,66.27495924784853,9.752494840244168,True,False,True,False,True,5.862758541974877
2025-08-22 19:00:00+00:00,144.48,144.895,144.23,144.54,804.0,138.1395390188753,139.93417687022645,140.84617624372947,141.66822665366863,141.89060991482438,,135.93642413643354,,142.66294872305983,"rgba(38, 166, 154, 1.0)",0.974434462917425,142.66294872305983,1.9262981230367557,8,0.7517999598418532,6.014399678734826,0.0,0.0,0.0,0.0,66.69238557575184,9.752494840244168,True,False,True,False,True,7.428370009458675
2025-08-25 14:00:00+00:00,143.955,143.98,143.525,143.525,257.0,138.1426481471771,139.93663490051466,140.84830534766726,141.67024547055755,141.91658414440923,,135.94040934014754,,142.66126382118767,"rgba(38, 166, 154, 1.0)",0.9597078665864158,142.66126382118767,0.8999990610523534,8,0.7504770462712489,6.003816370169991,0.0,0.0,0.0,0.0,62.087399352633305,9.752494840244168,True,False,True,False,False,2.8083784532599942
2025-08-25 15:00:00+00:00,143.525,143.54,143.43,143.54,101.0,138.14383082604667,139.93755528473153,140.84908997631905,141.67096930304695,141.92560128659576,,135.94193932128618,,142.66032206265214,"rgba(38, 166, 154, 1.0)",0.948064647888132,142.66032206265214,0.9278670387165925,8,0.7500511803534461,6.000409442827569,0.0,0.0,0.0,0.0,59.07385996076941,17.080941413328077,True,False,True,False,False,2.869343862551233
2025-08-25 16:00:00+00:00,143.54,143.65,143.16,143.16,174.0,138.1457987006512,139.9390597982832,140.8503490301362,141.6720925960655,141.93915259746288,,135.94451096779284,,142.65807314242448,"rgba(38, 166, 154, 1.0)",0.9347498003144309,142.65807314242448,0.5369638564316077,8,0.7500113408744625,6.0000907269957,0.0,0.0,0.0,0.0,55.421975108865745,13.503747917236723,True,False,True,False,False,1.2057372882394546
2025-08-25 17:00:00+00:00,143.16,143.835,143.16,143.395,407.0,138.1505201906715,139.94271912525932,140.85345550054294,141.67493637877843,141.97295130943297,,135.95063326057667,,142.65647509332464,"rgba(38, 166, 154, 1.0)",0.9319680426018463,142.65647509332464,0.7924358700257248,8,0.7500221731107557,6.000177384886046,0.0,0.0,0.0,0.0,54.03738757068673,11.982150688260653,True,False,True,False,False,2.187369996469183
2025-08-25 18:00:00+00:00,143.395,143.51,143.08,143.385,630.0,138.15762226313151,139.94814650199058,140.85799540296924,141.67898142347403,142.01782018190755,,135.95991625521935,,142.6544760433947,"rgba(38, 166, 154, 1.0)",0.9318414975602145,142.6544760433947,0.7839573130387192,7,0.7643512952176422,5.350459066523496,0.0,0.0,0.0,0.0,53.064801570697156,10.701346561456958,True,False,True,False,False,2.142811764599461
2025-08-25 19:00:00+00:00,143.385,143.715,142.925,143.05,1816.0,138.17761123504317,139.96325671547194,140.87048865351292,141.68986462885476,142.12365280448716,,135.9862010777415,,142.7338892265369,"rgba(38, 166, 154, 1.0)",0.9290806024045788,142.7338892265369,0.34024041901745455,7,0.7738980725954823,5.417286508168376,0.0,0.0,0.0,0.0,50.73851412110819,8.104966456035463,True,False,False,False,False,0.6499854369206339
2025-08-26 14:00:00+00:00,143.525,143.995,143.525,143.83,1152.0,138.19158980514223,139.97438154897785,140.88018850889705,141.69914176850972,142.210749741861,,136.00404302491353,,142.7599635948698,"rgba(38, 166, 154, 1.0)",0.9271102881994051,142.7599635948698,1.1541630146381014,8,0.7044667127927627,5.635733702342102,0.0,0.0,0.0,0.0,52.87255477107513,8.104966456035463,True,False,True,False,False,3.918094942358522
2025-08-26 15:00:00+00:00,143.485,143.89,143.38,143.405,1192.0,138.20540149045345,139.98514869693284,140.8893847830576,141.7076278794006,142.28015518780964,,136.02188725116218,,142.77183505705167,"rgba(38, 166, 154, 1.0)",0.9224815972668511,142.77183505705167,0.6863713539915393,8,0.7258625855918606,5.8069006847348845,0.0,0.0,0.0,0.0,52.168590483281015,8.104966456035463,True,False,False,False,False,2.035424628476779
2025-08-26 16:00:00+00:00,143.405,143.93,143.4,143.845,3875.0,138.25119674406818,140.02132027019834,140.92068876005442,141.73712429472334,142.48737135595937,,136.0805879927527,,142.8184018971468,"rgba(38, 166, 154, 1.0)",0.9231171828820237,142.8184018971468,1.1120994407753333,8,0.7444272307296713,5.9554178458373705,0.0,0.0,0.0,0.0,53.58807993692277,8.104966456035463,True,False,True,False,False,3.829075688665437
2025-08-26 17:00:00+00:00,143.845,143.875,143.38,143.745,891.0,138.26150837578928,140.029409237883,140.92764147208078,141.7435895536327,142.52501922847244,,136.09385705919124,,142.82649037909775,"rgba(38, 166, 154, 1.0)",0.9245701119388431,142.82649037909775,0.9934450714355475,8,0.7551104585376899,6.040883668301519,0.0,0.0,0.0,0.0,53.99679702188938,8.104966456035463,True,False,True,False,True,3.382222643980189
2025-08-26 18:00:00+00:00,143.745,144.02,143.59,143.77,2835.0,138.29482122588973,140.0557977553561,140.9505436766122,141.76521180617576,142.64197061852872,,136.1364707585786,,142.8564129601984,"rgba(38, 166, 154, 1.0)",0.9262066490559615,142.8564129601984,0.9863749528604379,7,0.6631256407293794,4.6418794851056555,0.0,0.0,0.0,0.0,54.38938979922354,8.104966456035463,True,False,True,False,True,3.485638108720739
2025-08-26 19:00:00+00:00,143.77,144.535,143.77,144.3,1151.0,138.3092277996505,140.06756507472284,140.96105836965114,141.77560205580033,142.6982538562829,,136.15455292463113,,142.8750193294138,"rgba(38, 166, 154, 1.0)",0.9329185146376288,142.8750193294138,1.5274438744950027,7,0.6588270685591053,4.611789479913737,0.0,0.0,0.0,0.0,57.03886592634235,8.104966456035463,True,False,True,False,True,5.651890527595302
2025-08-27 14:00:00+00:00,144.3,144.3,143.475,144.12,2412.0,138.33798753972235,140.09060957722636,140.98128032732447,141.7949944059882,142.787311559986,,136.19107687580106,,142.9021058532401,"rgba(38, 166, 154, 1.0)",0.9375279359194372,142.9021058532401,1.2990483804256028,7,0.6557112652053606,4.589978856437524,0.0,0.0,0.0,0.0,57.60947266701882,8.104966456035463,True,False,True,False,True,4.814041719275416
2025-08-27 15:00:00+00:00,144.145,144.43,143.65,144.245,1257.0,138.35323872122615,140.10295171354792,140.99221243700572,141.80562366275305,142.83400140587653,,136.2103245140703,,142.9177422483313,"rgba(38, 166, 154, 1.0)",0.9434902043818474,142.9177422483313,1.406753080746911,7,0.652575151172363,4.568026058206541,0.0,0.0,0.0,0.0,58.58141610932722,4.030530578052492,True,False,True,False,True,5.326935519464687
2025-08-27 16:00:00+00:00,144.235,144.36,143.805,144.12,1024.0,138.3655748070595,140.11291689622166,141.00102394752906,141.8141610098715,142.86929241028722,,136.22590898211462,,142.929713155545,"rgba(38, 166, 154, 1.0)",0.9477937872036308,142.929713155545,1.2558500177204546,7,0.6500027220243221,4.550019054170255,0.0,0.0,0.0,0.0,58.29799321406742,4.09302332594325,True,False,True,False,True,4.732388897171667
2025-08-27 17:00:00+00:00,144.12,144.39,143.93,144.355,1040.0,138.3783325552264,140.1233157407993,141.0102959321941,141.82325732729643,142.90676180605382,,136.2419344691148,,142.94320523675424,"rgba(38, 166, 154, 1.0)",0.9500614394540422,142.94320523675424,1.4860036463084396,7,0.6452829692356887,4.516980784649821,0.0,0.0,0.0,0.0,59.36236931545902,5.44054662433701,True,False,True,False,True,5.716147446512487
2025-08-27 18:00:00+00:00,144.365,144.41,144.125,144.41,1461.0,138.39643562658452,140.13815419034123,141.02359371600286,141.8363950950991,142.95939511383983,,136.26459162464593,,142.96296893778202,"rgba(38, 166, 154, 1.0)",0.9550562362568872,142.96296893778202,1.5151265520125428,6,0.6811575364849952,4.086945218909971,0.0,0.0,0.0,0.0,60.36571624526265,6.6816459748865356,True,False,True,False,True,5.94702646467961
2025-08-27 19:00:00+00:00,144.38,144.805,144.06,144.36,1275.0,138.41239173229027,140.15130542203116,141.0354380194097,141.8481750918436,143.00516239316238,,136.2844886653254,,142.98085136270922,"rgba(38, 166, 154, 1.0)",0.9590643995693346,142.98085136270922,1.4380146295807663,6,0.6906081148632143,4.143648689179286,0.0,0.0,0.0,0.0,60.559125000318836,7.155238214529533,True,False,True,False,True,5.697570360000981
2025-08-28 14:00:00+00:00,145.045,145.045,144.77,144.77,0.0,138.41239173229027,140.15130542203116,141.0354380194097,141.8481750918436,143.00516239316238,,136.2844886653254,,142.98085136270922,"rgba(38, 166, 154, 1.0)",0.9692067993047699,142.98085136270922,1.8459926597442187,5,0.8092582803939914,4.046291401969957,0.0,0.0,0.0,0.0,62.956072568297834,9.627963927277754,True,False,True,False,True,7.439669157239763
2025-08-28 15:00:00+00:00,144.77,145.34,144.77,145.34,313.0,138.41677878001153,140.15508186440042,141.038969599829,141.8518834765656,143.02166601111165,,136.2898029159478,,142.98798054394183,"rgba(38, 166, 154, 1.0)",0.9907741081256235,142.98798054394183,2.373920994471479,5,0.7986301131007941,3.9931505655039707,0.0,0.0,0.0,0.0,66.85600600819792,13.31952638148094,True,False,True,False,True,9.765957455527339
2025-08-28 16:00:00+00:00,145.28,145.43,144.92,144.98,403.0,138.42238536680335,140.1598969189418,141.04346357704793,141.85658816096242,143.0421523331954,,136.29660500300452,,142.99683400819168,"rgba(38, 166, 154, 1.0)",1.0020052732228368,142.99683400819168,1.9791971607391612,5,0.8002941077119982,4.001470538559991,0.0,0.0,0.0,0.0,66.16968212010704,13.31952638148094,True,False,True,False,True,7.9257667465828945
2025-08-28 17:00:00+00:00,144.98,145.365,144.98,145.115,146.0,138.4244273663402,140.16165427268845,141.04510654367172,141.85831189372837,143.04962880313062,,136.29907879801254,,143.00008456868858,"rgba(38, 166, 154, 1.0)",1.0184913104923194,143.00008456868858,2.076517894187159,5,0.8029936416417506,4.014968208208753,0.0,0.0,0.0,0.0,66.33137182328576,13.31952638148094,True,False,True,False,True,8.478364950611482
2025-08-28 18:00:00+00:00,145.145,145.41,145.13,145.36,677.0,138.43408595300838,140.17002591475767,141.05297919257356,141.86663604979205,143.08598574519533,,136.3107214264471,,143.01611402342576,"rgba(38, 166, 154, 1.0)",1.0368417786107453,143.01611402342576,2.2606014002587815,4,0.9690750351886179,3.8763001407544717,0.0,0.0,0.0,0.0,67.52024834133977,14.090585773081415,True,False,True,False,True,9.478012838606688
2025-08-28 19:00:00+00:00,145.36,145.62,145.045,145.275,1705.0,138.45833795458697,140.1910437108833,141.07273954026127,141.88750353909822,143.17306932055308,,136.33995324646645,145.31333333333333,143.22629857769343,"rgba(38, 166, 154, 1.0)",1.052004628667367,143.22629857769343,1.9474262436485503,4,0.9619695409277546,3.847878163711018,0.0,1.0,145.62,840.0,67.46068710508615,14.212415465722287,True,False,True,False,True,9.030968834973415
2025-08-29 14:00:00+00:00,143.94,143.94,142.475,142.475,320.0,138.46131674088156,140.19316830477817,141.07438389233175,141.88872461598854,143.1715415025761,,136.3439871732895,144.941975308642,143.20607270885435,"rgba(239, 83, 80, 1.0)",1.0544565954606793,143.20607270885435,-0.6933170241445159,4,0.972863314698176,3.891453258792704,0.0,0.0,0.0,0.0,54.50395765071298,8.801881175447143,False,False,True,False,False,0.0
2025-08-29 15:00:00+00:00,142.67,142.95,142.37,142.72,1666.0,138.4757896041014,140.2030510909149,141.08162160273037,141.8933729075724,143.1535810213108,,136.36401410918023,143.9209916011921,143.16038945745896,"rgba(239, 83, 80, 1.0)",1.0514421541874794,143.16038945745896,-0.4188432580005142,5,0.9353323686736074,4.676661843368037,0.0,0.0,0.0,0.0,47.142185094728916,2.6761461407091076,False,True,False,True,False,0.0
2025-08-29 16:00:00+00:00,142.72,142.94,142.44,142.55,404.0,138.47925380381668,140.2054005133167,141.08332686919476,141.8944397301466,143.1490996181076,,136.3688234398264,143.79494179894178,143.1505053508,"rgba(239, 83, 80, 1.0)",1.043311632332809,143.1505053508,-0.5755762057950683,5,0.943254050358239,4.716270251791195,0.0,0.0,0.0,0.0,41.80028969904625,-1.5618541436470395,False,True,False,True,False,0.0
2025-08-29 17:00:00+00:00,142.51,142.93,142.39,142.465,348.0,138.4821986212228,140.20738059918284,141.0847473614195,141.89529709446683,143.14493911867717,,136.3729283623073,143.70095581063845,143.14234425973424,"rgba(239, 83, 80, 1.0)",1.0484088115018955,143.14234425973424,-0.6460688352703876,5,0.9508896341431139,4.75444817071557,0.0,0.0,0.0,0.0,38.00985905546206,-4.532263097916108,False,True,False,True,False,0.0
2025-08-29 18:00:00+00:00,142.465,142.94,142.41,142.59,426.0,138.485842965988,140.2098523898782,141.08654197369046,141.89642106187236,143.14040094356426,,136.37798765628423,143.60871363045115,143.13436685621235,"rgba(239, 83, 80, 1.0)",1.0527184885879945,143.13436685621235,-0.5171058189948818,5,0.9509310051553481,4.75465502577674,0.0,0.0,0.0,0.0,36.30069507972574,-5.844011908781994,False,True,False,True,False,0.0
2025-08-29 19:00:00+00:00,142.58,143.01,142.57,142.91,593.0,138.4911284140897,140.21354308049342,141.08932600794753,141.89836102224112,143.13651487001925,,136.38522229008433,143.52417002319052,143.1283242560748,"rgba(239, 83, 80, 1.0)",1.0543845307749495,143.1283242560748,-0.20706322001360422,5,0.9503819206758107,4.751909603379054,0.0,0.0,0.0,0.0,37.22394247053798,-5.844011908781994,False,True,False,True,False,0.0
2025-09-01 14:00:00+00:00,142.91,142.91,142.91,142.91,0.0,138.4911284140897,140.21354308049342,141.08932600794753,141.89836102224112,143.13651487001925,,136.38522229008433,143.52417002319052,143.1283242560748,"rgba(239, 83, 80, 1.0)",1.0546928590949092,143.1283242560748,-0.20700268726778948,5,0.9524700755723201,4.7623503778616,0.0,0.0,0.0,0.0,37.83944073107946,-5.844011908781994,False,True,False,True,False,0.0
2025-09-01 15:00:00+00:00,142.91,142.91,142.91,142.91,0.0,138.4911284140897,140.21354308049342,141.08932600794753,141.89836102224112,143.13651487001925,,136.38522229008433,143.52417002319052,143.1283242560748,"rgba(239, 83, 80, 1.0)",1.0540912357723569,143.1283242560748,-0.20712083419878075,5,0.9556594468792736,4.778297234396368,0.0,0.0,0.0,0.0,38.24977290477379,-5.844011908781994,False,True,False,True,False,0.0
2025-09-01 16:00:00+00:00,142.91,142.91,142.91,142.91,0.0,138.4911284140897,140.21354308049342,141.08932600794753,141.89836102224112,143.13651487001925,,136.38522229008433,143.52417002319052,143.1283242560748,"rgba(239, 83, 80, 1.0)",1.0499665932045652,143.1283242560748,-0.2079344785708416,5,0.959048107217926,4.79524053608963,0.0,0.0,0.0,0.0,38.52332768723667,-5.844011908781994,False,True,False,True,False,0.0
2025-09-01 17:00:00+00:00,142.91,142.91,142.91,142.91,0.0,138.4911284140897,140.21354308049342,141.08932600794753,141.89836102224112,143.13651487001925,,136.38522229008433,143.52417002319052,143.1283242560748,"rgba(239, 83, 80, 1.0)",1.0467693456830929,143.1283242560748,-0.2085695926950572,5,0.9596917455482972,4.798458727741486,0.0,0.0,0.0,0.0,38.70569754221193,-5.844011908781994,False,True,False,True,False,0.0
2025-09-01 18:00:00+00:00,142.91,142.91,142.91,142.91,0.0,138.4911284140897,140.21354308049342,141.08932600794753,141.89836102224112,143.13651487001925,,136.38522229008433,143.52417002319052,143.1283242560748,"rgba(239, 83, 80, 1.0)",1.0457039398072816,143.1283242560748,-0.20878209191315697,5,0.9583595175678858,4.791797587839429,0.0,0.0,0.0,0.0,38.827277445528765,-5.844011908781994,False,True,False,True,False,0.0
2025-09-01 19:00:00+00:00,142.91,142.91,142.91,142.91,0.0,138.4911284140897,140.21354308049342,141.08932600794753,141.89836102224112,143.13651487001925,,136.38522229008433,143.52417002319052,143.1283242560748,"rgba(239, 83, 80, 1.0)",1.0465446147343018,143.1283242560748,-0.20861438012389247,5,0.9571477757952025,4.785738878976012,0.0,0.0,0.0,0.0,38.90833071440666,-6.178182764275739,False,True,False,True,False,0.0
2025-09-02 14:00:00+00:00,140.16,140.51,139.995,140.105,3256.0,138.50249081486794,140.21346472298765,141.08162528173528,141.87923955435298,142.9478530414971,,136.40858557896573,142.2839034182152,142.90572842948728,"rgba(239, 83, 80, 1.0)",1.1080230548543695,142.90572842948728,-2.5276806445651085,5,0.9064312400963515,4.532156200481757,0.0,0.0,0.0,0.0,30.519480722880633,-14.31017490603979,False,True,False,True,False,0.0
2025-09-02 15:00:00+00:00,140.24,140.24,139.59,139.625,213.0,138.5030618002517,140.21326644049697,141.08090739881092,141.87771978567295,142.93474027081078,,136.4099499392597,142.22510077258985,142.89328375367228,"rgba(239, 83, 80, 1.0)",1.1836502671624138,142.89328375367228,-2.76119039917711,5,0.8510221683764483,4.255110841882241,0.0,0.0,0.0,0.0,24.418672591627477,-19.84332697516315,False,True,False,True,False,0.0
2025-09-02 16:00:00+00:00,139.66,139.85,139.4,139.85,1013.0,138.50552685918208,140.2120444148826,141.0771854348982,141.87010897977729,142.87154030370826,139.70000000000002,136.41619898199946,141.96786755832665,142.7036280332108,"rgba(239, 83, 80, 1.0)",1.243341447452643,142.7036280332108,-2.2951282120107246,5,0.8104886003374261,4.052443001687131,0.0,0.0,0.0,0.0,21.968934049401252,-21.914311800732058,False,True,False,True,False,0.0
2025-09-02 17:00:00+00:00,139.85,140.55,139.42,139.725,551.0,138.50708534294563,140.21163867528594,141.0754597049161,141.86636784363967,142.84027564139262,139.7698731884058,136.41979275148418,141.8592145466095,142.68100794241542,"rgba(239, 83, 80, 1.0)",1.3049077734828454,142.68100794241542,-2.2653002782914955,5,0.7735539297700654,3.8677696488503273,0.0,0.0,0.0,0.0,20.145766003811946,-23.55743082909642,False,True,False,True,False,0.0
2025-09-02 18:00:00+00:00,140.01,140.17,139.8,140.17,535.0,138.50875622092394,140.2114317636404,141.07399945612534,141.8630216664777,142.8120408433143,139.84042321740512,136.42342356839868,141.77129857963132,142.66201881592514,"rgba(239, 83, 80, 1.0)",1.3481036163288804,142.66201881592514,-1.8485365559001676,5,0.7501723371739033,3.7508616858695163,0.0,0.0,0.0,0.0,22.213775103090374,-23.55743082909642,False,True,False,True,False,0.0
2025-09-02 19:00:00+00:00,140.17,140.705,139.74,140.345,1046.0,138.51247133300677,140.21155872436793,141.07175601214567,141.85729102094734,142.7626531431394,139.98107949125597,136.43092461069674,141.64068151705862,142.63200644503962,"rgba(239, 83, 80, 1.0)",1.383213379146862,142.63200644503962,-1.6534010439157276,5,0.7307692362900783,3.6538461814503913,0.0,0.0,0.0,0.0,24.81017954765145,-23.55743082909642,False,True,False,True,True,0.0
2025-09-03 14:00:00+00:00,140.495,141.625,140.495,140.995,35.0,138.51265027598927,140.21162639135727,141.0717529175023,141.8571928656061,142.76153583881018,139.99271593291405,136.43122574852174,141.6389407700988,142.63189091140458,"rgba(239, 83, 80, 1.0)",1.401630405203671,142.63189091140458,-1.1678477474000866,5,0.7201007130432879,3.6005035652164397,0.0,0.0,0.0,0.0,30.54685102204957,-26.218883970428955,False,True,False,True,True,0.0
2025-09-03 15:00:00+00:00,140.97,141.37,140.89,141.04,464.0,138.51507801741138,140.2125892540131,141.07178754811048,141.85599165430148,142.7473844661857,140.13370929381634,136.43526764546388,141.61905460569912,142.63030730904885,"rgba(239, 83, 80, 1.0)",1.417601505016705,142.63030730904885,-1.121829585691723,5,0.7104114739441838,3.5520573697209192,0.0,0.0,0.0,0.0,34.62631180419643,-22.500040513700306,False,True,False,True,True,0.0
2025-09-03 16:00:00+00:00,141.04,141.39,140.39,140.88,593.0,138.5179185703302,140.21352167925915,141.07149794801052,141.85403037520038,142.72734877372648,140.239091338211,136.44018730846255,141.58607267618467,142.62260328985042,"rgba(239, 83, 80, 1.0)",1.4366860797997865,142.62260328985042,-1.2129325357514895,5,0.6998373067868608,3.4991865339343042,0.0,0.0,0.0,0.0,36.63095868925686,-20.641599312697707,False,True,False,True,True,0.0
2025-09-03 17:00:00+00:00,140.88,140.995,140.15,140.15,506.0,138.51987246201944,140.21377885678032,141.0706449947178,141.85157890105654,142.7064481449494,140.25963595474033,136.44394792603487,141.5433544195797,142.6089858951585,"rgba(239, 83, 80, 1.0)",1.470995841518369,142.6089858951585,-1.6716470745561824,4,0.8289441475231587,3.315776590092635,0.0,0.0,0.0,0.0,35.194887647684034,-20.641599312697707,False,True,False,True,True,0.0
2025-09-03 18:00:00+00:00,140.15,140.57,140.145,140.57,214.0,138.52069617278923,140.21388578002274,141.070283065154,141.85054222444603,142.69771003608636,140.26691883531706,136.4455349258081,141.5261730750768,142.60327448511083,"rgba(239, 83, 80, 1.0)",1.4928298811494252,142.60327448511083,-1.3620269200032955,4,0.8155972605423827,3.2623890421695307,0.0,0.0,0.0,0.0,36.87633267057812,-20.18750978858945,False,True,False,True,True,0.0
2025-09-03 19:00:00+00:00,140.57,140.99,140.13,140.99,1336.0,138.52656156509522,140.21540382384651,141.06899673505313,141.84534910577653,142.651069382206,140.35956936278404,136.45609616118944,141.45396380714658,142.57732945573443,"rgba(239, 83, 80, 1.0)",1.5062664690134397,142.57732945573443,-1.0538171620948806,4,0.8091374855911593,3.236549942364637,0.0,0.0,0.0,0.0,40.31386609112725,-16.711981154344144,False,True,False,True,True,0.0
2025-09-04 14:00:00+00:00,141.12,141.64,141.12,141.595,600.0,138.5300875298508,140.21712343100282,141.0695982297625,141.84455038576212,142.63860330631002,140.4546307848542,136.46165489642632,141.45387670626894,142.57584981324914,"rgba(38, 166, 154, 1.0)",1.5099734142395496,142.57584981324914,-0.649580849569534,4,0.8080793662413674,3.23231746496547,0.0,0.0,0.0,0.0,45.397004624734045,-11.831805647513619,False,False,False,True,True,0.0
2025-09-04 15:00:00+00:00,141.595,141.89,141.485,141.875,742.0,138.53488029659886,140.2197557095855,141.07091825484616,141.8443137522754,142.6273266917507,140.58051997380485,136.46892207992653,141.46714022697088,142.57778909865175,"rgba(38, 166, 154, 1.0)",1.5115977228330955,142.57778909865175,-0.4649313028432951,4,0.8090834270359359,3.2363337081437438,0.0,0.0,0.0,0.0,49.91542726846027,-7.605969194406924,True,False,False,False,True,0.0
2025-09-04 16:00:00+00:00,141.875,141.885,141.44,141.75,2341.0,138.54963566988863,140.22768724277,141.074694669813,141.84311788446487,142.59130721963675,140.84126520315425,136.4914677838918,141.49494032192658,142.57461289971246,"rgba(38, 166, 154, 1.0)",1.510809648099756,142.57461289971246,-0.5458086005405329,4,0.8107281988630977,3.2429127954523906,0.0,0.0,0.0,0.0,52.20279232770799,-5.433739944565787,True,False,True,False,True,0.0
2025-09-04 17:00:00+00:00,141.75,142.015,141.405,141.895,1150.0,138.55701700774458,140.23176353617126,141.07677139903421,141.84284395891126,142.57609464017682,140.9374328899275,136.50264134799053,141.5108068670954,142.5726124563732,"rgba(38, 166, 154, 1.0)",1.5122028410338815,142.5726124563732,-0.44809627252777706,4,0.8163652659619014,3.2654610638476056,0.0,0.0,0.0,0.0,54.3894430287691,-3.233979940740049,True,False,True,False,True,0.0
2025-09-04 18:00:00+00:00,141.885,142.355,141.885,142.355,4673.0,138.5906014059396,140.2526371143653,141.09018850986678,141.8482969407708,142.54960248021527,141.31037977087158,136.55120008915353,141.64072240194093,142.58700500189406,"rgba(38, 166, 154, 1.0)",1.512062007165057,142.58700500189406,-0.15343616914828054,4,0.8174562616881619,3.2698250467526475,0.0,0.0,0.0,0.0,57.78312280290403,0.13365872853111682,True,False,True,False,True,0.0
2025-09-04 19:00:00+00:00,142.355,142.57,142.02,142.57,3754.0,138.6185207596187,140.27067970982839,141.1025293774095,141.85485035425356,142.54091263188798,141.51701716701615,136.5908946230988,141.7390328488508,142.59895442391274,"rgba(38, 166, 154, 1.0)",1.5120348499243974,142.59895442391274,-0.019149309894675087,4,0.818261676805035,3.27304670722014,0.0,0.0,0.0,0.0,60.85984544247995,3.1920213600115517,True,False,True,False,True,0.02449821171196831
2025-09-05 14:00:00+00:00,143.63,143.63,142.29,142.49,660.0,138.62392501868618,140.27443876736393,141.1053709464974,141.85687587969787,142.5433503875314,141.5590182885602,136.59831537362186,141.76313517933934,142.6040595969061,"rgba(38, 166, 154, 1.0)",1.5120696335073602,142.6040595969061,-0.0754327673663536,4,0.8185644842438278,3.274257936975311,0.0,0.0,0.0,0.0,62.284364534171274,4.769051100651367,True,False,True,False,True,0.0
2025-09-05 15:00:00+00:00,142.49,142.6,141.84,142.6,190.0,138.62530849358976,140.27532381130078,141.10596767949733,141.85717680695467,142.54282580925906,141.56635315068047,136.6002913846539,141.76691478602757,142.60433140795607,"rgba(38, 166, 154, 1.0)",1.5120941924514333,142.60433140795607,-0.002864509352456975,4,0.8202988660506899,3.2811954642027596,0.0,0.0,0.0,0.0,63.71739910182799,6.457001564210245,True,False,True,False,True,0.1618598740565922
2025-09-05 16:00:00+00:00,142.6,142.74,142.34,142.59,333.0,138.62786742624894,140.27703022189485,141.10718893624778,141.85792921869995,142.54289020692732,141.5822566229424,136.60387777187134,141.7757794294446,142.60569916127722,"rgba(38, 166, 154, 1.0)",1.5121244169216888,142.60569916127722,-0.010382188860604026,4,0.8225991508565034,3.2903966034260135,0.0,0.0,0.0,0.0,64.57875290790452,7.685782064561209,True,False,True,False,True,0.11734778732401097
2025-09-05 17:00:00+00:00,142.59,142.815,142.455,142.455,445.0,138.63129775812664,140.27932488632484,141.10883834124158,141.85895848587586,142.5430886191957,141.6031135608958,136.60867839443844,141.78759044013458,142.6075607049021,"rgba(38, 166, 154, 1.0)",1.4998913834543726,142.6075607049021,-0.10171450185328801,4,0.826675317952979,3.306701271811916,0.0,0.0,0.0,0.0,63.81729044918873,7.685782064561209,True,False,True,False,True,0.0
2025-09-05 18:00:00+00:00,142.505,143.33,142.49,143.085,1070.0,138.6403418421969,140.28576582697394,141.11384910651265,141.86277416506755,142.54931432376466,141.66876387578088,136.62094883552643,141.82810724135717,142.61704409111266,"rgba(38, 166, 154, 1.0)",1.491637294994442,142.61704409111266,0.31371963577049816,4,0.8305660951411133,3.3222643805644534,0.0,0.0,0.0,0.0,66.33703043138377,10.163365499071162,True,False,True,False,True,2.3104857641583045
2025-09-05 19:00:00+00:00,143.085,143.325,142.735,143.31,1391.0,138.6524619681518,140.2945742152457,141.12086395478028,141.8683854533353,142.56003522340225,141.75434488057977,136.63721760360133,141.8834186800929,142.63104701066294,"rgba(38, 166, 154, 1.0)",1.4872942904162678,142.63104701066294,0.45650211509050814,5,0.7353189104346595,3.6765945521732974,0.0,0.0,0.0,0.0,68.85875465457285,12.861995250086899,True,False,True,False,True,3.280267889022678
2025-09-08 14:00:00+00:00,144.525,144.555,143.765,143.945,150.0,138.65404629915693,140.29584373298954,141.12198061385433,141.86945057159497,142.56310709707384,141.76905983804082,136.63922739184446,141.89352585846854,142.63425937050118,"rgba(38, 166, 154, 1.0)",1.4864272511534178,142.63425937050118,0.8818061082247508,5,0.7340059143281897,3.670029571640949,0.0,0.0,0.0,0.0,72.44370262398618,16.441538336547396,True,False,True,False,True,5.933851509579139
2025-09-08 15:00:00+00:00,143.945,144.81,143.945,144.7,1404.0,138.66991016496243,140.30892389960331,141.1337841627045,141.8811441608978,142.59859706347845,141.92040052653863,136.65898550594673,142.00014026039986,142.77202643314544,"rgba(38, 166, 154, 1.0)",1.4986752197901183,142.77202643314544,1.2864518885716612,5,0.7299116640818425,3.6495583204092124,0.0,0.0,0.0,0.0,76.37244720085774,20.21403590213953,True,False,True,False,True,8.90097958566296
2025-09-08 16:00:00+00:00,144.57,144.68,144.36,144.36,825.0,138.67916242004947,140.3165382890733,141.14064370778223,141.8879187138534,142.6186495957808,142.00113030501007,136.67052207044333,142.0583596551461,142.7910487777701,"rgba(38, 166, 154, 1.0)",1.5073692344636613,142.7910487777701,1.040853950285222,5,0.7275136321847964,3.6375681609239816,0.0,0.0,0.0,0.0,76.10212369714489,20.21403590213953,True,False,True,False,True,7.276725588321739
2025-09-08 17:00:00+00:00,144.36,144.53,144.07,144.23,2725.0,138.70851768099098,140.34034942535334,141.16181877087618,141.9084148855331,142.6754231537678,142.2168415895545,136.70746379213867,142.2187993559289,142.83907844453523,"rgba(38, 166, 154, 1.0)",1.50928685802878,142.83907844453523,0.9215753440544664,5,0.7260739541755218,3.630369770877609,0.0,0.0,0.0,0.0,74.85418275326538,20.21403590213953,True,False,True,False,True,6.659939843091518
2025-09-08 18:00:00+00:00,144.005,144.71,144.005,144.7,1982.0,138.73041722505656,140.35833819213164,141.1779944676501,141.92431238852214,142.71907229176622,142.3622810357546,136.7347947658697,142.33138875580994,142.88001806275312,"rgba(38, 166, 154, 1.0)",1.5135534913473498,142.88001806275312,1.202456304089217,5,0.7204894277148176,3.602447138574088,0.0,0.0,0.0,0.0,75.3772482592873,20.21403590213953,True,False,True,False,True,8.49907416839249
2025-09-08 19:00:00+00:00,144.7,144.76,144.125,144.62,5194.0,138.78732086393578,140.40508295647243,141.22002304332594,141.96553240712237,142.82579330774456,142.67161706846315,136.8057876397733,142.58270803142116,142.97469394028366,"rgba(38, 166, 154, 1.0)",1.5161576524311786,142.97469394028366,1.0851813840586284,5,0.715512750486358,3.57756375243179,0.0,0.0,0.0,0.0,75.02822011202619,20.21403590213953,True,False,True,False,True,8.110601407940312
2025-09-09 14:00:00+00:00,144.53,144.53,143.345,143.615,44762.0,139.18225110300446,140.70857292508015,141.47649993413987,142.19138200469436,143.1675713014849,143.31426662452697,137.31870075888585,143.2057207312764,143.21683326108672,"rgba(38, 166, 154, 1.0)",1.5090369132012673,143.21683326108672,0.2638548702354931,5,0.7154232990436944,3.5771164952184717,0.0,0.0,0.0,0.0,67.88113825421621,23.303832590934235,True,False,True,False,False,3.432953997378828
2025-09-09 15:00:00+00:00,143.62,143.79,143.445,143.665,27474.0,139.38639994168244,140.85944065290073,141.59918896899285,142.29117084802692,143.24805500871105,143.39531507917428,137.58957378707788,143.30605661790034,143.27142920648035,"rgba(38, 166, 154, 1.0)",1.5009990126694444,143.27142920648035,0.2622058976705782,5,0.715186105869318,3.5759305293465897,0.0,0.0,0.0,0.0,63.354349918077915,19.18168863417307,True,False,True,False,False,3.636856659447453
2025-09-09 16:00:00+00:00,143.7,144.175,143.615,143.805,25955.0,139.57239498229796,140.99909884055742,141.71474137372073,142.38775023741698,143.3346350595843,143.48621359102646,137.8339774816074,143.40747559026127,143.33957837763873,"rgba(38, 166, 154, 1.0)",1.49208294458188,143.33957837763873,0.31192744615930146,5,0.7147444687628337,3.5737223438141683,0.0,0.0,0.0,0.0,61.04035460503868,17.124971706595318,True,False,True,False,False,4.2130851723962195
2025-09-09 17:00:00+00:00,143.8,144.05,143.685,143.915,35441.0,139.8037403728464,141.1711825871669,141.85592412775398,142.50338161400484,143.42287183873358,143.5692214869599,138.13943860531484,143.50196461887552,143.4117529112626,"rgba(38, 166, 154, 1.0)",1.487035726622219,143.4117529112626,0.33842299800053555,5,0.713444632643965,3.5672231632198246,0.0,0.0,0.0,0.0,60.06782236497083,16.17096617316733,True,False,True,False,False,4.668397969474455
2025-09-09 18:00:00+00:00,143.915,144.31,143.71,144.12,27029.0,139.97056422292826,141.29632925041696,141.95955144213698,142.58931342981242,143.49101785237934,143.6348673757819,138.35848896903988,143.57360329872094,143.47041170593127,"rgba(38, 166, 154, 1.0)",1.4813510299292638,143.47041170593127,0.4385107114684045,5,0.711244006517617,3.556220032588085,0.0,0.0,0.0,0.0,60.48059447459333,16.17096617316733,True,False,True,False,False,5.518287513621697
2025-09-09 19:00:00+00:00,144.13,144.605,143.955,144.305,48512.0,140.25517854101787,141.51311219143065,142.1417905776167,142.7436815548152,143.62172230482432,143.7642088169893,138.72852120381873,143.71009713572624,143.58715280884763,"rgba(38, 166, 154, 1.0)",1.479083344689932,143.58715280884763,0.4853324822630999,5,0.7085702891293075,3.5428514456465376,0.0,0.0,0.0,0.0,61.67986776323799,16.17096617316733,True,False,True,False,False,6.2829473714003825
2025-09-10 14:00:00+00:00,147.92,148.35,147.845,148.325,595.0,140.2615749780622,141.51902554154546,142.1475740996204,142.74972542647905,143.6308554590675,143.77488661863865,138.73574432847917,143.72052685494648,143.5954280218793,"rgba(38, 166, 154, 1.0)",1.5877997695259747,143.5954280218793,2.9786954683415026,5,0.6619524642678937,3.3097623213394685,0.0,0.0,0.0,0.0,70.10143014474676,13.965676910571574,True,False,True,False,True,19.762114854687148
2025-09-10 15:00:00+00:00,148.325,148.74,147.715,148.14,478.0,140.26672236099262,141.52378631670618,142.1522315728226,142.7545934375059,143.63820640981177,143.78347590534378,138.74155445984192,143.72891728962742,143.6020897570883,"rgba(38, 166, 154, 1.0)",1.687196557969424,143.6020897570883,2.6896156357580305,5,0.6265984834076971,3.1329924170384853,0.0,0.0,0.0,0.0,74.79116045120412,18.135932048212396,True,False,True,False,True,18.897205068943414
2025-09-10 16:00:00+00:00,148.14,148.14,147.41,147.97,850.0,140.27544640110375,141.53178178585154,142.1600061966239,142.762660088456,143.65019730650127,143.7974345864134,138.75147785470926,143.7425700888328,143.61295974785602,"rgba(38, 166, 154, 1.0)",1.7697340997399706,143.61295974785602,2.4619745151456143,5,0.5985066280666788,2.9925331403333937,0.0,0.0,0.0,0.0,77.0218087795768,20.077260571824894,True,False,True,False,True,18.100424299278693
2025-09-10 17:00:00+00:00,147.95,148.055,147.345,147.8,1522.0,140.29079788684808,141.54580669143144,142.17361393894876,142.77673827618597,143.67095566318716,143.8215370966444,138.76898468568854,143.76616086860267,143.63178651080995,"rgba(38, 166, 154, 1.0)",1.8474805707931377,143.63178651080995,2.256160933481763,5,0.5762512681641594,2.881256340820797,0.0,0.0,0.0,0.0,77.56709861856532,20.660638680178124,True,False,True,False,True,17.301202243038656
2025-09-10 18:00:00+00:00,147.8,147.8,146.725,147.24,904.0,140.2993020016525,141.55346521660854,142.18097225025505,142.78425908965374,143.68174554886176,143.8339801719023,138.77879756763772,143.77836758587324,143.64157858989057,"rgba(38, 166, 154, 1.0)",1.903685318741384,143.64157858989057,1.8902396182203705,5,0.5605299897839836,2.802649948919918,0.0,0.0,0.0,0.0,74.9450645171608,20.660638680178124,True,False,True,False,True,14.712501798458455
2025-09-10 19:00:00+00:00,147.24,147.46,146.68,147.39,2858.0,140.32575044999103,141.57721227945228,142.20373904529865,142.80745716790113,143.7146959460574,143.87184510361922,138.80938695958062,143.81554642152153,143.67150474715385,"rgba(38, 166, 154, 1.0)",1.961086518573833,143.67150474715385,1.8961403373219616,5,0.5452380632247903,2.7261903161239514,0.0,0.0,0.0,0.0,73.5320973148186,20.660638680178124,True,False,True,False,False,15.171131719420881
2025-09-11 14:00:00+00:00,148.32,148.505,148.03,148.03,100.0,140.3268082966595,141.578189010463,142.2046931790886,142.80845133618112,143.71617124009714,143.87355526765506,138.8105821530853,143.8172196839537,143.67284470069717,"rgba(38, 166, 154, 1.0)",2.033800724600644,143.67284470069717,2.142370806834283,5,0.5274435498117761,2.6372177490588804,0.0,0.0,0.0,0.0,73.93144027618298,20.660638680178124,True,False,True,False,False,17.089171199944232
2025-09-11 15:00:00+00:00,148.03,148.885,148.03,148.33,267.0,140.329712748645,141.58088484616673,142.2073356733255,142.81121572784306,143.72030491635476,143.87835429620046,138.8138489244224,143.82191237257902,143.92573045390043,"rgba(38, 166, 154, 1.0)",2.111185009453904,143.92573045390043,2.08615991794998,4,0.6074926406072705,2.429970562429082,0.0,0.0,0.0,0.0,74.76662773267235,20.660638680178124,True,False,True,False,False,17.96377772359738
2025-09-11 16:00:00+00:00,148.33,148.61,148.195,148.52,4134.0,140.3745655401357,141.622517038207,142.2481392531587,142.8538740206545,143.78374997020308,143.95181423763225,138.86428643358946,143.89378147571134,143.982468007615,"rgba(38, 166, 154, 1.0)",2.1888192793916526,143.982468007615,2.073050084631077,4,0.5872003387129034,2.348801354851614,0.0,0.0,0.0,0.0,75.68406400684611,20.660638680178124,True,False,True,False,False,18.51508243227253
2025-09-11 17:00:00+00:00,148.52,148.52,148.225,148.235,200.0,140.37669215704105,141.62448461374035,142.25006335838765,142.85587927586283,143.78670146852133,143.95521875231032,138.8666840275359,143.89711529928482,143.9848044629253,"rgba(38, 166, 154, 1.0)",2.254193865216732,143.9848044629253,1.8854614071385902,4,0.5711249024237829,2.2844996096951316,0.0,0.0,0.0,0.0,74.4375005747205,20.660638680178124,True,False,True,False,False,17.151725397386507
2025-09-11 18:00:00+00:00,148.235,148.27,147.785,148.25,686.0,140.38377162068892,141.6309983620392,142.25640976893837,142.86246373337778,143.79629575008752,143.9662571096684,138.87470317426772,143.90793340084517,143.9910384652304,"rgba(38, 166, 154, 1.0)",2.316450787789594,143.9910384652304,1.8385719900544926,3,0.4957993678110382,1.4873981034331147,0.0,0.0,0.0,0.0,73.64610939760269,20.660638680178124,True,False,True,False,False,17.19698375262139
2025-09-11 19:00:00+00:00,148.25,148.665,147.785,148.34,2574.0,140.41077380920683,141.6559305320059,142.28075568148722,142.887781001205,143.8332556622029,144.0087551758542,138.90519377781263,143.9495792006261,144.02129844580185,"rgba(38, 166, 154, 1.0)",2.377934365546206,144.02129844580185,1.8161567521676154,3,0.4858496069398772,1.4575488208196317,0.0,0.0,0.0,0.0,73.37761034430771,20.660638680178124,True,False,True,False,False,17.472539033144876
2025-09-12 14:00:00+00:00,147.765,148.29,147.765,148.26,115.0,140.41195164477173,141.65701347861346,142.28181012714032,142.88887342352186,143.83483416502526,144.01056434619417,138.9065284320133,143.95135364333663,144.02250481771912,"rgba(38, 166, 154, 1.0)",2.4343729107240875,144.02250481771912,1.7406927112988835,3,0.47670586627592604,1.4301175988277781,0.0,0.0,0.0,0.0,72.54134724860563,20.660638680178124,True,False,True,False,False,17.074414806611873
2025-09-12 15:00:00+00:00,148.26,148.325,147.795,148.07,1126.0,140.42340280980642,141.66752936014137,142.29204066024448,142.89946029406957,143.85007814692798,144.028015008056,138.91951690593052,143.96847453793583,144.03411186759632,"rgba(38, 166, 154, 1.0)",2.4836304671379965,144.03411186759632,1.6249954193283886,3,0.46945074318065777,1.4083522295419733,0.0,0.0,0.0,0.0,70.39049294748027,24.366220160380294,True,False,True,False,False,16.123647028169707
2025-09-12 16:00:00+00:00,148.07,148.23,147.825,147.89,751.0,140.43093983751066,141.67443457863405,142.29874767101836,142.90638600222226,143.8599884697691,144.0393367841732,138.92808208161605,143.97958833912276,144.04154207557812,"rgba(38, 166, 154, 1.0)",2.526370125101985,144.04154207557812,1.5233151651785422,3,0.46293014717487074,1.3887904415246122,0.0,0.0,0.0,0.0,67.47916607652269,21.4748977697504,True,False,True,False,False,15.223018562702155
2025-09-12 17:00:00+00:00,148.35,148.7,148.295,148.69,4223.0,140.4762776048771,141.71652921101463,142.33998912112412,142.94939228732986,143.92256134584258,144.11100423549667,138.9790118882789,144.0498479049947,144.10055120125725,"rgba(38, 166, 154, 1.0)",2.5858642499013245,144.10055120125725,1.774822015083693,3,0.45336466567895184,1.3600939970368555,0.0,0.0,0.0,0.0,68.74788468931439,21.4748977697504,True,False,True,False,False,17.787485011633304
2025-09-12 18:00:00+00:00,148.69,148.69,148.465,148.505,488.0,140.48147879617207,141.7213545436051,142.3447135676357,142.9543125533758,143.92967213759556,144.119124582656,138.98485744151665,144.0578135620661,144.1071009113958,"rgba(38, 166, 154, 1.0)",2.6381771501691285,144.1071009113958,1.6670219012101786,3,0.4462627627805497,1.338788288341649,0.0,0.0,0.0,0.0,68.13652853401771,21.4748977697504,True,False,True,False,False,16.857590348487097
2025-09-12 19:00:00+00:00,148.505,148.665,148.13,148.25,1285.0,140.4947955505907,141.73364779107018,142.35671003368708,142.96675449161995,143.94746664953442,144.13938371773705,138.99988679746508,144.07770416789936,144.12261526058964,"rgba(38, 166, 154, 1.0)",2.6828105187057307,144.12261526058964,1.5384555527244375,3,0.44122750204169975,1.3236825061250992,0.0,0.0,0.0,0.0,65.79211146766114,19.665849041319063,False,False,True,False,False,15.58079046482332
2025-09-15 14:00:00+00:00,148.515,149.43,148.515,149.34,895.0,140.5049233296536,141.74314657024308,142.36607498980297,142.9765840573633,143.96186451174708,144.15586279070348,139.0111600471304,144.09385250008694,144.4067960853635,"rgba(38, 166, 154, 1.0)",2.7504915203654865,144.4067960853635,1.7935717591236082,3,0.43269552592556854,1.2980865777767057,0.0,0.0,0.0,0.0,68.04846612510498,19.665849041319063,False,False,True,False,True,18.977294286845463
2025-09-15 15:00:00+00:00,149.34,149.41,148.89,149.22,2273.0,140.5307711755086,141.76741632764706,142.39001776416075,143.00172450280618,143.99862330646013,144.1978816270539,139.0398990032835,144.13503552107488,144.4451122989154,"rgba(38, 166, 154, 1.0)",2.811994239610468,144.4451122989154,1.698043201449103,3,0.4253273924171039,1.2759821772513116,0.0,0.0,0.0,0.0,68.70132974198737,19.665849041319063,False,False,True,False,True,18.3776731167398
2025-09-15 16:00:00+00:00,149.22,149.35,149.155,149.175,1845.0,140.5517676449098,141.78714091340802,142.409480519681,143.0221566246699,144.0283850150726,144.23183453851715,139.06322939010715,144.1683247695152,144.47477555308737,"rgba(38, 166, 154, 1.0)",2.8697113911449925,144.47477555308737,1.6378735720309803,3,0.41895200763756124,1.2568560229126837,0.0,0.0,0.0,0.0,68.7951125633993,19.665849041319063,False,False,True,False,True,18.150245491606544
2025-09-15 17:00:00+00:00,149.175,149.425,148.92,149.35,2282.0,140.57761230651602,141.8114098593441,142.43341794132186,143.0472636466403,144.0647654683739,144.27324184225748,139.09195243806946,144.20894157231228,144.50954121503295,"rgba(38, 166, 154, 1.0)",2.9284166570206476,144.50954121503295,1.6529269403527067,3,0.41280846635498597,1.2384253990649579,0.0,0.0,0.0,0.0,69.47969288926257,19.665849041319063,True,False,True,False,True,18.694435973230718
2025-09-15 18:00:00+00:00,149.35,149.35,148.795,149.225,6153.0,140.64567410298233,141.8751210987894,142.4961163144334,143.11279102641183,144.15836602673212,144.37917978646243,139.16777755597033,144.31298538233037,144.59201606253683,"rgba(38, 166, 154, 1.0)",2.9802332319998026,144.59201606253683,1.5545709267708323,2,0.23093077538158038,0.46186155076316077,0.0,0.0,0.0,0.0,68.84695155969177,19.665849041319063,False,False,True,False,True,18.04525992222156
2025-09-15 19:00:00+00:00,149.225,149.355,148.85,149.255,2265.0,140.67054403897657,141.89839127415223,142.51900463475977,143.13667664968597,144.19215824519588,144.41726016912943,139.1954851722359,144.35041650306997,144.62198670309252,"rgba(38, 166, 154, 1.0)",3.0320523302430336,144.62198670309252,1.5280123138693058,2,0.2268560233256514,0.4537120466513028,0.0,0.0,0.0,0.0,68.55802521607268,19.665849041319063,False,False,True,False,True,18.141737732306947
2025-09-16 14:00:00+00:00,148.99,148.99,148.325,148.325,524.0,140.67586691713456,141.90330516953762,142.52379521239763,143.1416211576812,144.19896291535824,144.4248661454965,139.20148415743571,144.35791034322932,144.6265665999325,"rgba(38, 166, 154, 1.0)",3.0640598987392433,144.6265665999325,1.2070369125581653,2,0.22433767656209158,0.44867535312418316,0.0,0.0,0.0,0.0,61.563578287801974,15.092770520143588,False,True,True,False,False,13.4046824874952
2025-09-16 15:00:00+00:00,148.3,148.43,147.78,148.21,1542.0,140.69068198541797,141.91684087507684,142.5368997128977,143.1550284904002,144.21700301802406,144.44489459147644,139.21832681819117,144.3776823885192,144.6360506009758,"rgba(38, 166, 154, 1.0)",3.0925065637514386,144.6360506009758,1.155680457049293,2,0.22209978348968423,0.44419956697936847,0.0,0.0,0.0,0.0,56.26496043733236,10.455348387554928,False,True,True,False,False,12.84097980582387
2025-09-16 16:00:00+00:00,148.21,148.38,147.92,147.92,700.0,140.69732796761625,141.92290050010078,142.54275787688428,143.161010041605,144.22499979263256,144.45375277554965,139.22589473780607,144.38643212440377,144.64028244909576,"rgba(38, 166, 154, 1.0)",3.116105066229743,144.64028244909576,1.0525054454830816,2,0.2202769636250263,0.4405539272500526,0.0,0.0,0.0,0.0,51.17825774050441,6.132865701844679,False,True,False,False,False,11.422973639355835
2025-09-16 17:00:00+00:00,147.92,148.69,147.92,148.55,1491.0,140.71204375363143,141.93642334602254,142.5558991293227,143.17451195392303,144.24330073793124,144.47409818622984,139.24254072008597,144.40650383754223,144.65271260060095,"rgba(38, 166, 154, 1.0)",3.1398936072522847,144.65271260060095,1.241216387204142,2,0.2178352157320948,0.4356704314641896,0.0,0.0,0.0,0.0,51.714334119108685,6.132865701844679,False,True,False,False,False,13.619458134662064
2025-09-16 18:00:00+00:00,148.55,148.63,148.37,148.62,2452.0,140.73660333608862,141.95906524613838,142.57794726964283,143.19721400078802,144.2741506933952,144.5083964913609,139.27024128394783,144.44033293391726,144.67592882704722,"rgba(38, 166, 154, 1.0)",3.164782868318538,144.67592882704722,1.2462375262566718,2,0.21558623818752087,0.43117247637504175,0.0,0.0,0.0,0.0,52.455015954689515,6.132865701844679,False,True,False,False,False,13.858950808504783
2025-09-16 19:00:00+00:00,148.62,149.27,148.415,148.78,3823.0,140.77596021087652,141.99555666596197,142.61360983452914,143.23407476168765,144.32449414233497,144.56438921071938,139.31440479703673,144.49553513695227,144.71837820556468,"rgba(38, 166, 154, 1.0)",3.188587157827426,144.71837820556468,1.2737998346586674,2,0.21329320029767584,0.4265864005953517,0.0,0.0,0.0,0.0,53.85374683928614,6.132865701844679,False,True,True,False,True,14.410337041322077
2025-09-17 14:00:00+00:00,148.475,148.475,147.625,147.64,165.0,140.7774594261311,141.9969144807805,142.61491599040266,143.2353979385425,144.3262080795919,144.56626450395547,139.31612046306594,144.4973926849193,144.71936536830117,"rgba(38, 166, 154, 1.0)",3.1931822783959563,144.71936536830117,0.9146470126240183,2,0.21235798436426043,0.42471596872852085,0.0,0.0,0.0,0.0,48.72752508797405,4.370555370119547,False,True,False,True,False,8.908737073921465
2025-09-17 15:00:00+00:00,147.64,148.21,147.285,147.38,85.0,140.7782003066843,141.99757964106718,142.61555200436504,143.2360372871501,144.32701945901738,144.5671465940166,139.31697439099992,144.4982681105254,144.71974034774144,"rgba(239, 83, 80, 1.0)",3.194717117282592,144.71974034774144,0.8327058561358202,2,0.2115945020726077,0.4231890041452154,0.0,0.0,0.0,0.0,44.334571030367144,0.37282865496158735,False,True,False,True,False,7.724125739258277
2025-09-17 16:00:00+00:00,147.38,148.175,147.22,147.22,3779.0,140.81056285518113,142.02654083418054,142.64317978043158,143.26371738623385,144.36175599190904,144.6047585685175,139.35436826764726,144.53563412867754,144.7359666250694,"rgba(239, 83, 80, 1.0)",3.196449818382948,144.7359666250694,0.7771225941495423,2,0.21099300185297037,0.42198600370594075,0.0,0.0,0.0,0.0,40.8131854845628,-2.7850031420787715,False,True,False,True,False,6.997202929903732
2025-09-17 17:00:00+00:00,147.22,148.155,147.22,148.13,212.0,140.81244885372053,142.02824354221605,142.64481387536634,143.2653667166458,144.3638623612113,144.60705092327595,139.35653164985482,144.53790757136488,144.73726708937335,"rgba(239, 83, 80, 1.0)",3.2071688589921545,144.73726708937335,1.0578591461170543,2,0.20988268417917438,0.41976536835834877,0.0,0.0,0.0,0.0,43.81835040396139,-2.7850031420787715,False,True,False,True,True,10.296917797001829
2025-09-17 18:00:00+00:00,148.13,148.97,146.72,147.02,339.0,140.81534884427495,142.03084003422086,142.64729144346416,143.26784881565118,144.3669685243772,144.61040939984045,139.35988067459238,144.5412447660822,144.9168790438987,"rgba(239, 83, 80, 1.0)",3.204905224104833,144.9168790438987,0.6562193915387146,2,0.2093639180030415,0.418727836006083,0.0,0.0,0.0,0.0,41.6751236501211,-2.7850031420787715,False,True,False,True,True,5.438771623786728
2025-09-17 19:00:00+00:00,147.02,148.22,147.02,147.805,1552.0,140.82881273986965,142.04293523222933,142.65885899705984,143.27946984013892,144.38160565977077,144.62626484669875,139.37538633864307,144.5569895345745,144.92937821093668,"rgba(239, 83, 80, 1.0)",3.2090676356364094,144.92937821093668,0.8960926086847806,2,0.20849526526005666,0.4169905305201133,0.0,0.0,0.0,0.0,43.70480589806688,-2.7850031420787715,False,True,False,True,True,8.184970629233078
2025-09-18 14:00:00+00:00,148.62,149.55,148.595,148.89,94.0,140.82978444879862,142.04383853754416,142.65974296669773,143.28038378078267,144.3828436545615,144.6276356402259,139.37647369120253,144.5583418213291,144.93367094706605,"rgba(239, 83, 80, 1.0)",3.225940559820417,144.93367094706605,1.2264110201566085,2,0.20661213483957624,0.4132242696791525,0.0,0.0,0.0,0.0,48.62529829190945,-8.414902078305929,False,True,False,False,True,11.709009277118408
2025-09-18 15:00:00+00:00,148.89,149.325,148.7,149.215,858.0,140.83871720838945,142.05215354296368,142.66788686331392,143.28881177078998,144.39427949056275,144.64030268917043,139.3864576527962,144.57083600903033,144.96435183122634,"rgba(239, 83, 80, 1.0)",3.2457519194358495,144.96435183122634,1.3096035292532395,2,0.20454804194259946,0.4090960838851989,0.0,0.0,0.0,0.0,52.79973942040441,-4.52108135296892,False,True,True,False,True,12.713140520458541
2025-09-18 16:00:00+00:00,149.195,150.1,148.735,149.74,3748.0,140.8796072331235,142.09053212485455,142.7056731000137,143.32814939046628,144.448271456234,144.70026392928267,139.43182188301856,144.62992168879813,145.32738399307306,"rgba(38, 166, 154, 1.0)",3.2720156239300313,145.32738399307306,1.3485925845387443,2,0.20206223989650512,0.40412447979301025,0.0,0.0,0.0,0.0,56.94298889723085,-0.6789210509112777,False,True,True,False,True,14.300529481440417
2025-09-18 17:00:00+00:00,149.745,150.07,149.345,149.585,1470.0,140.8958008413788,142.1057619312655,142.72068527761158,143.34379243055093,144.46972093365736,144.72406008187804,139.44975168768485,144.65337222744827,145.35579538778006,"rgba(38, 166, 154, 1.0)",3.2460167648730414,145.35579538778006,1.302890563593672,2,0.19978006700914766,0.3995601340182953,0.0,0.0,0.0,0.0,58.972161284457286,1.2595134236661707,False,True,True,False,True,13.620127435399606
2025-09-18 18:00:00+00:00,149.585,149.74,149.33,149.695,2514.0,140.9231112188656,142.13139821134268,142.74592180476265,143.3700378052029,144.5054513203405,144.763595511975,139.4800361757475,144.69235656400932,145.39446952247735,"rgba(38, 166, 154, 1.0)",3.2048081037686185,145.39446952247735,1.3418995266722942,2,0.19756234248651777,0.39512468497303554,0.0,0.0,0.0,0.0,60.64792539071513,3.0181347696345213,False,False,True,False,True,13.95693575803875
2025-09-18 19:00:00+00:00,149.7,149.755,149.27,149.47,4523.0,140.9713104514003,142.1765300997569,142.79027041364822,143.41602973898128,144.56737800842774,144.8318327040218,139.53358754404738,144.75970390830102,145.45170986390696,"rgba(38, 166, 154, 1.0)",3.159543476830319,145.45170986390696,1.2717945379008444,2,0.19566381042918018,0.39132762085836037,0.0,0.0,0.0,0.0,60.551654737735674,3.270457309615068,False,False,True,False,True,12.949645387830685
2025-09-19 14:00:00+00:00,149.15,149.265,148.665,148.695,288.0,140.97413816299456,142.17914207340274,142.79281400122997,143.4186371597025,144.5707772903549,144.83553963468668,139.53676593501677,144.76337266112378,145.45319920918215,"rgba(38, 166, 154, 1.0)",3.0943431924710363,145.45319920918215,1.047653924976905,2,0.19451612783538827,0.38903225567077654,0.0,0.0,0.0,0.0,56.85374856990504,3.270457309615068,False,True,True,False,False,9.583345259991443
2025-09-19 15:00:00+00:00,148.695,149.04,148.63,148.69,1428.0,140.98797264301626,142.19189262051512,142.80521189630215,143.43132020887074,144.58720884076723,144.85342013388225,139.55234478869238,144.78107861658484,145.45985698052783,"rgba(38, 166, 154, 1.0)",3.035040443798823,145.45985698052783,1.0642833528205449,2,0.19338497594758508,0.38676995189517016,0.0,0.0,0.0,0.0,54.36689551809793,3.270457309615068,False,True,True,False,False,9.562037568212588
2025-09-19 16:00:00+00:00,148.815,149.075,148.325,149.075,6919.0,141.05464216905543,142.25333675846468,142.86494393820325,143.49236738359465,144.6657539366827,144.93863538210277,139.62740123695107,144.865507728301,145.50393300305902,"rgba(38, 166, 154, 1.0)",2.979589407290056,145.50393300305902,1.1985097638633588,2,0.19202682613688005,0.3840536522737601,0.0,0.0,0.0,0.0,54.42714281238909,3.270457309615068,False,True,True,False,False,10.832125679295366
2025-09-19 17:00:00+00:00,149.075,149.495,148.415,149.02,4715.0,141.10030261541937,142.29551158902586,142.90599282869744,143.5343435812608,144.7195234555491,144.99682667298322,139.6786886483112,144.92317863475708,145.54283363176205,"rgba(38, 166, 154, 1.0)",2.93456429996511,145.54283363176205,1.1849003847962374,2,0.19078839720510898,0.38157679441021797,0.0,0.0,0.0,0.0,54.17446735886449,3.270457309615068,False,True,True,False,False,10.589965450634267
2025-09-19 18:00:00+00:00,149.02,149.21,149.02,149.21,688.0,141.10706415026127,142.3017768926792,142.91210296063232,143.54060462288095,144.727566260373,145.00553458707085,139.68626133127495,144.93180608504258,145.54935623760747,"rgba(38, 166, 154, 1.0)",2.888369072833317,145.54935623760747,1.2673739643672568,2,0.18941427188250054,0.3788285437650011,0.0,0.0,0.0,0.0,54.91572576228837,3.270457309615068,False,True,True,False,False,11.224234422265056
2025-09-19 19:00:00+00:00,149.21,149.565,149.21,149.435,2519.0,141.1325110004672,142.32547534041996,142.9352892793435,143.56445378752892,144.75846191376795,145.03906462121768,139.7146338407256,144.96500093814257,145.57738901257818,"rgba(38, 166, 154, 1.0)",2.835972888661725,145.57738901257818,1.360242547749531,2,0.1879013934430775,0.375802786886155,0.0,0.0,0.0,0.0,56.46746259889842,3.270457309615068,False,True,True,False,False,11.974199679525107
2025-09-22 14:00:00+00:00,150.0,150.145,148.995,149.935,851.0,141.14137100050604,142.3337704362693,142.94343250211153,143.57286272849694,144.769449610638,145.05101767182003,139.72446572900114,144.9768254530525,145.58831638919145,"rgba(38, 166, 154, 1.0)",2.7635010403470295,145.58831638919145,1.5728901662590709,2,0.18609615314724776,0.3721923062944955,0.0,0.0,0.0,0.0,59.57615566280514,4.387739296317918,False,False,True,False,True,13.611153205768186
2025-09-22 15:00:00+00:00,149.935,150.405,149.825,150.39,333.0,141.14504148646037,142.3372380944823,142.94685641226013,143.57642332266315,144.77418428950355,145.05619546247823,139.7285062303025,144.98193999438098,145.59369175850037,"rgba(38, 166, 154, 1.0)",2.7039061800716655,145.59369175850037,1.773844180263863,2,0.1840047443805206,0.3680094887610412,0.0,0.0,0.0,0.0,63.200691022954445,7.948950459499983,True,False,True,False,True,15.05683582987449
2025-09-22 16:00:00+00:00,150.395,151.07,150.035,150.91,3954.0,141.19062314933248,142.3805996263109,142.9898544297977,143.62135581832626,144.83453821731615,145.12237009109973,139.77836422000738,145.0472512466337,145.6664010671631,"rgba(38, 166, 154, 1.0)",2.6594527683390328,145.6664010671631,1.9716834212144345,2,0.18157130615216333,0.36314261230432665,0.0,0.0,0.0,0.0,67.08417245573428,11.613625885480978,True,False,True,False,True,16.659058207187574
2025-09-22 17:00:00+00:00,150.935,151.38,150.91,151.045,2238.0,141.21741836817202,142.40623516847978,143.0153621042745,143.64810820925297,144.87068877063055,145.16205426999207,139.8075152149362,145.08639806191158,145.71102496059444,"rgba(38, 166, 154, 1.0)",2.628133208602882,145.71102496059444,2.0295679921951484,2,0.17917051593055972,0.35834103186111943,0.0,0.0,0.0,0.0,70.02263337329492,14.337026729744437,True,False,True,False,True,17.069259062307886
2025-09-22 18:00:00+00:00,151.045,151.53,150.99,151.235,2216.0,141.24418135552762,142.4318766493469,143.04089567390872,143.67490335694347,144.90686983403234,145.20174608216863,139.83658792309416,145.12555440436788,145.75517829435498,"rgba(38, 166, 154, 1.0)",2.6020726977399087,145.75517829435498,2.1059448917029355,1,0.13860382358704174,0.13860382358704174,0.0,0.0,0.0,0.0,72.47903851149542,16.637577172956696,True,False,True,False,True,17.648371162425345
2025-09-22 19:00:00+00:00,151.17,151.69,150.835,150.835,5961.0,141.31453189668014,142.49910090580062,143.10771237559044,143.74481692021627,145.00021241410022,145.30372388674508,139.91317120876582,145.22624560409838,145.8618458526368,"rgba(38, 166, 154, 1.0)",2.558092529090086,145.8618458526368,1.944086889277674,1,0.13763366608137864,0.13763366608137864,0.0,0.0,0.0,0.0,70.81727633717696,16.637577172956696,True,False,True,False,True,15.700573220742928
