date,Open,High,Low,Close,Volume,aVWAP_BoS_CHoCH_bull_140,aVWAP_BoS_CHoCH_bull_342,aVWAP_BoS_CHoCH_bull_766,aVWAP_BoS_CHoCH_bear_450,aVWAP_BoS_CHoCH_bear_543,Peaks_Valleys_avg,color,StDev,StDev_Mean,StdDev_ZScore,MA_Cross_Count,MA_Avg_Deviation_Z,MA_Oscillation_Score,BoS,CHoCH,BoS_CHoCH_Price,BoS_CHoCH_Break_Index,QQEMOD,QQE1_Value,QQE1_Above_Upper,QQE1_Below_Lower,QQE2_Above_Threshold,QQE2_Below_Threshold,QQE2_Above_TL,banker_RSI
2025-03-17 14:00:00+00:00,5.04,5.16,5.04,5.125,2893.0,,,,,,,"rgba(38, 166, 154, 1.0)",,,,0,,,0.0,0.0,0.0,0.0,,,False,False,False,False,False,
2025-03-17 15:00:00+00:00,5.125,5.255,5.115,5.17,3837.0,,,,,,,"rgba(239, 83, 80, 1.0)",,,,0,,,0.0,0.0,0.0,0.0,100.0,,False,False,True,False,False,
2025-03-17 16:00:00+00:00,5.17,5.19,5.125,5.14,1417.0,,,,,,,"rgba(239, 83, 80, 1.0)",,,,0,,,0.0,0.0,0.0,0.0,85.71428571428564,-2.7000623958883807e-13,False,False,True,False,True,
2025-03-17 17:00:00+00:00,5.14,5.165,5.09,5.125,478.0,,,,,,,"rgba(239, 83, 80, 1.0)",,,,0,,,0.0,0.0,0.0,0.0,72.49057896539907,-2.7000623958883807e-13,False,False,True,False,True,
2025-03-17 18:00:00+00:00,5.13,5.16,5.1,5.145,510.0,,,,,,,"rgba(239, 83, 80, 1.0)",,,,0,,,0.0,0.0,0.0,0.0,67.73280937526135,-2.7000623958883807e-13,False,False,True,False,True,
2025-03-17 19:00:00+00:00,5.145,5.15,5.095,5.13,2413.0,,,,,,,"rgba(239, 83, 80, 1.0)",,,,0,,,0.0,0.0,0.0,0.0,61.45746097290427,-2.7000623958883807e-13,False,False,True,False,False,
2025-03-18 14:00:00+00:00,5.205,5.27,5.14,5.15,2544.0,,,,,,,"rgba(239, 83, 80, 1.0)",,,,0,,,0.0,0.0,0.0,0.0,60.56901809741501,-2.7000623958883807e-13,False,False,True,False,False,
2025-03-18 15:00:00+00:00,5.15,5.205,5.1,5.115,2394.0,,,,,,,"rgba(239, 83, 80, 1.0)",,,,0,,,0.0,0.0,0.0,0.0,54.57100658722517,-2.7000623958883807e-13,False,False,True,False,False,
2025-03-18 16:00:00+00:00,5.115,5.145,5.08,5.105,164.0,,,,,,,"rgba(239, 83, 80, 1.0)",,,,0,,,0.0,0.0,0.0,0.0,49.41654005929712,26.518747258590963,False,False,False,True,False,
2025-03-18 17:00:00+00:00,5.105,5.185,5.085,5.17,744.0,,,,,,,"rgba(239, 83, 80, 1.0)",,,,0,,,0.0,0.0,0.0,0.0,53.55633332371805,26.518747258590963,False,False,True,False,False,
2025-03-18 18:00:00+00:00,5.17,5.2,5.165,5.185,1424.0,,,,,,,"rgba(239, 83, 80, 1.0)",,,,0,,,0.0,0.0,0.0,0.0,57.44002424311657,26.518747258590963,False,False,True,False,False,
2025-03-18 19:00:00+00:00,5.185,5.2,5.155,5.17,3135.0,,,,,,,"rgba(239, 83, 80, 1.0)",,,,0,,,0.0,0.0,0.0,0.0,58.064230350179955,26.518747258590963,False,False,True,False,False,
2025-03-19 14:00:00+00:00,5.27,5.315,5.26,5.295,2132.0,,,,,,,"rgba(38, 166, 154, 1.0)",,,,0,,,0.0,0.0,0.0,0.0,64.70185260456546,26.518747258590963,False,False,True,False,True,
2025-03-19 15:00:00+00:00,5.3,5.32,5.27,5.275,4625.0,,,,,,,"rgba(239, 83, 80, 1.0)",,,,0,,,0.0,0.0,0.0,0.0,67.14441362085034,26.518747258590963,False,False,True,False,True,
2025-03-19 16:00:00+00:00,5.275,5.35,5.26,5.33,536.0,,,,,,5.3133333333333335,"rgba(38, 166, 154, 1.0)",,5.3133333333333335,,0,,,0.0,0.0,0.0,0.0,70.55281847017167,26.518747258590963,False,False,True,False,True,
2025-03-19 17:00:00+00:00,5.33,5.34,5.3,5.305,603.0,,,,,,5.31421568627451,"rgba(38, 166, 154, 1.0)",,5.31421568627451,,0,,,0.0,0.0,0.0,0.0,70.53119820568844,26.518747258590963,False,False,True,False,True,
2025-03-19 18:00:00+00:00,5.3,5.33,5.28,5.305,1041.0,,,,,,5.30981498470948,"rgba(38, 166, 154, 1.0)",,5.30981498470948,,0,,,0.0,0.0,0.0,0.0,70.51678469603294,26.518747258590963,False,False,True,False,True,
2025-03-19 19:00:00+00:00,5.32,5.32,5.24,5.24,2866.0,,,,,,5.285307834588454,"rgba(239, 83, 80, 1.0)",,5.285307834588454,,0,,,0.0,0.0,0.0,0.0,65.18728843838656,26.518747258590963,False,False,True,False,True,
2025-03-20 14:00:00+00:00,5.165,5.195,5.115,5.135,1031.0,,,,,,5.262069277604081,"rgba(239, 83, 80, 1.0)",,5.262069277604081,,0,,,0.0,0.0,0.0,0.0,56.335625259387356,18.793615068179776,False,False,True,False,False,
2025-03-20 15:00:00+00:00,5.135,5.17,5.11,5.11,700.0,,,,,,5.248427770399882,"rgba(239, 83, 80, 1.0)",,5.248427770399882,,0,,,0.0,0.0,0.0,0.0,49.501809406295976,11.957176525150494,False,False,False,True,False,
2025-03-20 16:00:00+00:00,5.11,5.16,5.095,5.13,674.0,,,,,,5.237564309041292,"rgba(239, 83, 80, 1.0)",,5.237564309041292,,0,,,0.0,0.0,0.0,0.0,46.25485874509083,8.535027723751426,False,False,False,True,False,
2025-03-20 17:00:00+00:00,5.13,5.205,5.13,5.19,761.0,,,,,,5.231766520539049,"rgba(239, 83, 80, 1.0)",,5.231766520539049,,0,,,0.0,0.0,0.0,0.0,47.52755495688292,8.535027723751426,False,False,False,True,False,
2025-03-20 18:00:00+00:00,5.19,5.215,5.165,5.18,856.0,,,,,,5.227509189825026,"rgba(239, 83, 80, 1.0)",,5.227509189825026,,0,,,0.0,0.0,0.0,0.0,47.856947771756325,8.535027723751426,False,False,False,True,False,
2025-03-20 19:00:00+00:00,5.18,5.215,5.145,5.15,3051.0,,,,,,5.213031053167203,"rgba(239, 83, 80, 1.0)",,5.213031053167203,,0,,,0.0,0.0,0.0,0.0,46.54039105122105,6.813738198966874,False,False,False,True,False,
2025-03-21 14:00:00+00:00,5.075,5.1,5.05,5.095,467.0,,,,,,5.208156814449918,"rgba(239, 83, 80, 1.0)",,5.208156814449918,,0,,,0.0,0.0,0.0,0.0,43.26505817774779,2.951419423283383,False,False,False,True,False,
2025-03-21 15:00:00+00:00,5.095,5.1,5.07,5.08,372.0,,,,,,5.204573365231259,"rgba(239, 83, 80, 1.0)",,5.204573365231259,,0,,,0.0,0.0,0.0,0.0,40.49581703011325,-0.30402303682367204,False,False,False,True,False,
2025-03-21 16:00:00+00:00,5.08,5.13,5.06,5.125,746.0,,,,,,5.199152923720568,"rgba(239, 83, 80, 1.0)",,5.199152923720568,,0,,,0.0,0.0,0.0,0.0,41.66456543540172,-0.30402303682367204,False,False,False,True,False,
2025-03-21 17:00:00+00:00,5.125,5.125,5.035,5.055,782.0,,,,,,5.192270813198951,"rgba(239, 83, 80, 1.0)",,5.192270813198951,,0,,,0.0,0.0,0.0,0.0,39.57299785241856,-2.2853724883843114,False,False,False,True,False,
2025-03-21 18:00:00+00:00,5.055,5.065,5.03,5.04,538.0,,,,,,5.186997137912673,"rgba(239, 83, 80, 1.0)",,5.186997137912673,,0,,,0.0,0.0,0.0,0.0,37.64709681062795,-4.661935733701256,False,False,False,True,False,
2025-03-21 19:00:00+00:00,5.035,5.04,4.945,5.0,3979.0,,,,,,5.146795242856391,"rgba(239, 83, 80, 1.0)",,5.146795242856391,,0,,,0.0,0.0,0.0,0.0,35.02176099152581,-7.620800479376868,False,False,False,True,False,
2025-03-24 14:00:00+00:00,5.005,5.045,4.975,4.995,724.0,,,,,,5.141591220155117,"rgba(239, 83, 80, 1.0)",,5.141591220155117,,0,,,0.0,0.0,0.0,0.0,33.108101069147985,-9.85085046368782,False,False,False,True,False,
2025-03-24 15:00:00+00:00,4.995,4.995,4.945,4.965,1300.0,,,,,,5.130879504129611,"rgba(239, 83, 80, 1.0)",,5.130879504129611,,0,,,0.0,0.0,0.0,0.0,30.855855360205567,-12.362003180059773,False,False,False,True,False,
2025-03-24 16:00:00+00:00,4.965,4.975,4.915,4.97,2298.0,,,,,,5.113387495534119,"rgba(239, 83, 80, 1.0)",,5.113387495534119,,0,,,0.0,0.0,0.0,0.0,29.806393184857974,-13.743505281016894,False,False,False,True,False,
2025-03-24 17:00:00+00:00,4.97,4.975,4.92,4.925,922.0,,,,,,5.106794380060763,"rgba(239, 83, 80, 1.0)",,5.106794380060763,,0,,,0.0,0.0,0.0,0.0,27.65545620187748,-16.14985817945444,False,False,False,True,False,
2025-03-24 18:00:00+00:00,4.925,4.95,4.89,4.945,1607.0,,,,,,5.012017579484799,"rgba(239, 83, 80, 1.0)",,5.012017579484799,,0,,,0.0,0.0,0.0,0.0,28.082612348681664,-16.14985817945444,False,False,False,True,False,
2025-03-24 19:00:00+00:00,4.95,4.96,4.915,4.93,2764.0,,,,,,5.006364913712535,"rgba(239, 83, 80, 1.0)",,5.006364913712535,,0,,,0.0,0.0,0.0,0.0,27.808858516453768,-16.806528699936194,False,False,False,True,False,
2025-03-25 14:00:00+00:00,4.975,5.005,4.945,4.965,118.0,,,,,,5.006656248164024,"rgba(239, 83, 80, 1.0)",,5.006656248164024,,0,,,0.0,0.0,0.0,0.0,30.825489720989722,-16.806528699936194,False,False,False,True,True,
2025-03-25 15:00:00+00:00,4.965,4.975,4.925,4.965,400.0,,,,,,5.006676385367786,"rgba(239, 83, 80, 1.0)",,5.006676385367786,,0,,,0.0,0.0,0.0,0.0,32.83657719068036,-16.806528699936194,False,False,False,True,True,
2025-03-25 16:00:00+00:00,4.965,4.975,4.93,4.945,100.0,,,,,,5.006604461743367,"rgba(239, 83, 80, 1.0)",,5.006604461743367,,0,,,0.0,0.0,0.0,0.0,33.10703370059267,-16.806528699936194,False,False,False,True,True,
2025-03-25 17:00:00+00:00,4.945,4.96,4.92,4.925,401.0,,,,,,5.005616634259491,"rgba(239, 83, 80, 1.0)",,5.005616634259491,,0,,,0.0,0.0,0.0,0.0,32.28627628300302,-16.806528699936194,False,False,False,True,True,
2025-03-25 18:00:00+00:00,4.925,4.96,4.915,4.955,355.0,,,,,,5.0050731424424715,"rgba(239, 83, 80, 1.0)",,5.0050731424424715,,0,,,0.0,0.0,0.0,0.0,34.76528942684177,-19.64566879830376,False,False,False,True,True,
2025-03-25 19:00:00+00:00,4.955,4.98,4.92,4.93,2440.0,,,,,,5.001239049675993,"rgba(239, 83, 80, 1.0)",,5.001239049675993,,0,,,0.0,0.0,0.0,0.0,34.970652715977224,-19.21428242628253,False,True,False,True,True,
2025-03-26 14:00:00+00:00,5.08,5.2,5.08,5.18,1762.0,,,,,,5.022586135604705,"rgba(38, 166, 154, 1.0)",,5.022586135604705,,0,,,0.0,0.0,0.0,0.0,46.98670905017066,-8.087779546771152,False,True,False,False,True,
2025-03-26 15:00:00+00:00,5.18,5.265,5.15,5.16,2519.0,,,,,,5.09625978030214,"rgba(38, 166, 154, 1.0)",,5.09625978030214,,0,,,0.0,0.0,0.0,0.0,53.877962240779425,-2.251986342342107,False,False,True,False,True,
2025-03-26 16:00:00+00:00,5.155,5.18,5.14,5.155,719.0,,,,,,5.096828949480437,"rgba(38, 166, 154, 1.0)",,5.096828949480437,,0,,,0.0,0.0,0.0,0.0,58.17611092838065,1.1860510286688424,True,False,True,False,True,
2025-03-26 17:00:00+00:00,5.155,5.185,5.15,5.155,814.0,,,,,,5.098661634559807,"rgba(38, 166, 154, 1.0)",,5.098661634559807,,0,,,0.0,0.0,0.0,0.0,61.04154338678147,3.494071394600269,True,False,True,False,True,
2025-03-26 18:00:00+00:00,5.155,5.16,5.08,5.085,774.0,,,,,,5.096285783897412,"rgba(38, 166, 154, 1.0)",,5.096285783897412,,0,,,0.0,0.0,0.0,0.0,58.752238553899545,3.494071394600269,True,False,True,False,True,
2025-03-26 19:00:00+00:00,5.085,5.1,5.035,5.05,6583.0,,,,,,5.077104660253233,"rgba(38, 166, 154, 1.0)",,5.077104660253233,,0,,,0.0,0.0,0.0,0.0,55.493376943431166,3.494071394600269,False,False,True,False,False,
2025-03-27 14:00:00+00:00,5.025,5.13,5.005,5.12,630.0,,,,,,5.077124950979304,"rgba(38, 166, 154, 1.0)",,5.077124950979304,,0,,,0.0,0.0,0.0,0.0,56.34069418670313,3.494071394600269,False,False,True,False,False,
2025-03-27 15:00:00+00:00,5.115,5.15,5.08,5.09,431.0,,,,,,5.077603726500484,"rgba(38, 166, 154, 1.0)",,5.077603726500484,,0,,,0.0,0.0,0.0,0.0,55.38008245681577,3.494071394600269,False,False,True,False,False,0.0
2025-03-27 16:00:00+00:00,5.09,5.12,5.07,5.07,524.0,,,,,,5.077668276544099,"rgba(38, 166, 154, 1.0)",,5.077668276544099,,0,,,0.0,0.0,0.0,0.0,53.74462795780133,3.494071394600269,False,False,True,False,False,0.0
2025-03-27 17:00:00+00:00,5.07,5.07,5.03,5.04,966.0,,,,,,5.076073717665342,"rgba(38, 166, 154, 1.0)",,5.076073717665342,,0,,,0.0,0.0,0.0,0.0,51.205472133403575,8.2506795878015,False,False,False,False,False,0.0
2025-03-27 18:00:00+00:00,5.04,5.085,5.035,5.045,590.0,,,,,,5.075406375461314,"rgba(38, 166, 154, 1.0)",,5.075406375461314,,0,,,0.0,0.0,0.0,0.0,49.79804885965643,6.543529419586456,False,False,False,False,False,0.0
2025-03-27 19:00:00+00:00,5.05,5.095,5.045,5.075,1687.0,,,,,,5.074868621614338,"rgba(38, 166, 154, 1.0)",,5.074868621614338,,0,,,0.0,0.0,0.0,0.0,50.571642978795815,6.543529419586456,False,False,False,False,False,0.0
2025-03-28 14:00:00+00:00,5.0,5.02,4.93,4.93,306.0,,,,,,5.073442789391205,"rgba(239, 83, 80, 1.0)",,5.073442789391205,,0,,,0.0,0.0,0.0,0.0,45.09369218079153,1.5022925614164322,False,True,False,True,False,0.0
2025-03-28 15:00:00+00:00,4.93,4.985,4.915,4.955,511.0,,,,,,5.0709893920194355,"rgba(239, 83, 80, 1.0)",,5.0709893920194355,,0,,,0.0,0.0,0.0,0.0,42.81870796567856,-0.7711981474821741,False,True,False,True,False,0.0
2025-03-28 16:00:00+00:00,4.955,4.97,4.92,4.945,1007.0,,,,,,5.0662328563347065,"rgba(239, 83, 80, 1.0)",,5.0662328563347065,,0,,,0.0,0.0,0.0,0.0,40.951896277640714,-2.7067765782126187,False,True,False,True,False,0.0
2025-03-28 17:00:00+00:00,4.945,4.95,4.925,4.935,249.0,,,,,,5.065045334131276,"rgba(239, 83, 80, 1.0)",,5.065045334131276,,0,,,0.0,0.0,0.0,0.0,39.335719753311956,-4.458999251197625,False,True,False,True,False,0.0
2025-03-28 18:00:00+00:00,4.935,4.99,4.935,4.99,331.0,,,,,,5.0639208679230405,"rgba(239, 83, 80, 1.0)",,5.0639208679230405,,0,,,0.0,0.0,0.0,0.0,41.58874775552106,-4.458999251197625,False,True,False,True,False,0.0
2025-03-28 19:00:00+00:00,4.99,5.02,4.975,4.995,1493.0,,,,,,5.0604774710464,"rgba(239, 83, 80, 1.0)",,5.0604774710464,,0,,,0.0,0.0,0.0,0.0,43.37359858726921,-4.458999251197625,False,True,False,True,True,0.0
2025-03-31 14:00:00+00:00,4.91,5.0,4.9,4.905,204.0,,,,,,5.059616934618817,"rgba(239, 83, 80, 1.0)",,5.059616934618817,,0,,,0.0,0.0,0.0,0.0,40.78137546061155,-4.458999251197625,False,True,False,True,True,0.0
2025-03-31 15:00:00+00:00,4.895,4.915,4.875,4.88,30.0,,,,,,5.059446345110843,"rgba(239, 83, 80, 1.0)",,5.059446345110843,,0,,,0.0,0.0,0.0,0.0,38.21992713519188,-5.9083496730644,False,True,False,True,False,0.0
2025-03-31 16:00:00+00:00,4.88,4.965,4.88,4.94,971.0,,,,,,5.0553308571902384,"rgba(239, 83, 80, 1.0)",,5.0553308571902384,,0,,,0.0,0.0,0.0,0.0,40.066898712787506,-5.9083496730644,False,True,False,True,False,0.0
2025-03-31 17:00:00+00:00,4.925,4.965,4.915,4.95,805.0,,,,,,5.052514439652617,"rgba(239, 83, 80, 1.0)",,5.052514439652617,,0,,,0.0,0.0,0.0,0.0,41.84221036559248,-5.9083496730644,False,True,False,True,True,0.0
2025-03-31 18:00:00+00:00,4.95,4.975,4.935,4.935,600.0,,,,,,5.050609959018218,"rgba(239, 83, 80, 1.0)",,5.050609959018218,,0,,,0.0,0.0,0.0,0.0,42.31939121980128,-5.9083496730644,False,False,False,True,True,0.0
2025-03-31 19:00:00+00:00,4.935,4.955,4.88,4.89,2211.0,,,,,,5.041698155429007,"rgba(239, 83, 80, 1.0)",,5.041698155429007,,0,,,0.0,0.0,0.0,0.0,40.67417224493064,-5.9083496730644,False,True,False,True,True,0.0
2025-04-01 14:00:00+00:00,4.835,4.905,4.8,4.895,1116.0,,,,,,5.036374700730732,"rgba(239, 83, 80, 1.0)",,5.036374700730732,,0,,,0.0,0.0,0.0,0.0,39.92653300984176,-5.9083496730644,False,True,False,True,True,0.0
2025-04-01 15:00:00+00:00,4.895,4.97,4.895,4.965,468.0,,,,,,5.035223176905059,"rgba(239, 83, 80, 1.0)",,5.035223176905059,,0,,,0.0,0.0,0.0,0.0,43.707919864002065,-5.9083496730644,False,False,False,True,True,0.0
2025-04-01 16:00:00+00:00,4.965,5.005,4.93,4.96,806.0,,,,,,5.033776294836752,"rgba(239, 83, 80, 1.0)",,5.033776294836752,,0,,,0.0,0.0,0.0,0.0,45.947174320205214,-9.077623577343175,False,False,False,True,True,0.0
2025-04-01 17:00:00+00:00,4.97,5.005,4.77,4.955,3691.0,,,,,,5.023045439803808,"rgba(239, 83, 80, 1.0)",,5.023045439803808,,0,,,0.0,0.0,0.0,0.0,47.134027727469075,-7.826310909121396,True,False,False,True,True,0.0
2025-04-01 18:00:00+00:00,4.955,4.96,4.89,4.89,773.0,,,,,,5.021110665216541,"rgba(239, 83, 80, 1.0)",,5.021110665216541,,0,,,0.0,0.0,0.0,0.0,44.45549455852519,-7.826310909121396,False,False,False,True,False,0.0
2025-04-01 19:00:00+00:00,4.9,4.99,4.9,4.985,3186.0,,,,,,5.01698036774646,"rgba(239, 83, 80, 1.0)",,5.01698036774646,,0,,,0.0,0.0,0.0,0.0,47.884962756008306,-7.265006505935176,True,False,False,False,True,0.0
2025-04-02 14:00:00+00:00,4.955,5.03,4.95,5.025,0.0,,,,,,5.01698036774646,"rgba(239, 83, 80, 1.0)",,5.01698036774646,,0,,,0.0,0.0,0.0,0.0,51.8078378259343,-3.6317448323226458,True,False,True,False,True,0.0
2025-04-02 15:00:00+00:00,5.015,5.1,5.01,5.06,74.0,,,,,,5.017049503645878,"rgba(38, 166, 154, 1.0)",,5.017049503645878,,0,,,0.0,0.0,0.0,0.0,55.72073075334402,-0.07791046496423348,True,False,True,False,True,0.5600315943142604
2025-04-02 16:00:00+00:00,5.06,5.14,5.06,5.115,826.0,,,,,,5.018655440011851,"rgba(38, 166, 154, 1.0)",0.11427200046419908,5.018655440011851,0.8431160704002353,0,,,0.0,0.0,0.0,0.0,60.09999242930458,3.8655732136997614,True,False,True,False,True,3.32340639786948
2025-04-02 17:00:00+00:00,5.125,5.14,5.07,5.085,65.0,,,,,,5.018769968590129,"rgba(38, 166, 154, 1.0)",0.11405830656860166,5.018769968590129,0.5806681985939915,0,,,0.0,0.0,0.0,0.0,61.13554103056126,4.76804580518516,True,False,True,False,True,1.7378713343854777
2025-04-02 18:00:00+00:00,5.085,5.14,5.07,5.13,543.0,,,,,,5.019884558819645,"rgba(38, 166, 154, 1.0)",0.11362781032510968,5.019884558819645,0.969088824868619,0,,,0.0,0.0,0.0,0.0,63.31798126923015,6.901773182748599,True,False,True,False,True,3.939665488700985
2025-04-02 19:00:00+00:00,5.13,5.16,5.11,5.16,2351.0,,,,,,5.055195269770682,"rgba(38, 166, 154, 1.0)",0.11384357847661056,5.055195269770682,0.9206029152610558,0,,,0.0,0.0,0.0,0.0,65.67366886763935,9.247364113668638,True,False,True,False,True,5.363362710637098
2025-04-03 14:00:00+00:00,4.785,4.785,4.66,4.69,1929.0,,,,,,4.99790028271735,"rgba(239, 83, 80, 1.0)",0.12129028540379126,4.99790028271735,-2.5385403430481643,0,,,0.0,0.0,0.0,0.0,53.26687151906533,10.683265684927676,True,False,False,False,False,0.0
2025-04-03 15:00:00+00:00,4.69,4.75,4.69,4.72,1600.0,,,,,,4.975836963732331,"rgba(239, 83, 80, 1.0)",0.1267637015712141,4.975836963732331,-2.0182194158207505,0,,,0.0,0.0,0.0,0.0,45.97406909731053,4.456744962324507,False,True,False,True,False,0.0
2025-04-03 16:00:00+00:00,4.72,4.78,4.715,4.765,2661.0,,,,,,4.956677456803732,"rgba(239, 83, 80, 1.0)",0.1305187156508021,4.956677456803732,-1.468582155807891,0,,,0.0,0.0,0.0,0.0,42.59299572127793,1.7568921767516485,False,True,False,True,False,0.0
2025-04-03 17:00:00+00:00,4.765,4.815,4.745,4.795,3992.0,,,,,,4.94177361255935,"rgba(239, 83, 80, 1.0)",0.1329994242350193,4.94177361255935,-1.103565774089301,0,,,0.0,0.0,0.0,0.0,41.32953230501723,0.6892004217923073,False,True,False,True,False,0.0
2025-04-03 18:00:00+00:00,4.795,4.805,4.75,4.8,2702.0,,,,,,4.933849406351836,"rgba(239, 83, 80, 1.0)",0.13549382486510725,4.933849406351836,-0.9878635169174087,0,,,0.0,0.0,0.0,0.0,40.66283165258662,-0.15992302683337556,False,True,False,True,False,0.0
2025-04-03 19:00:00+00:00,4.8,4.825,4.745,4.76,5916.0,,,,,,4.918694541623567,"rgba(239, 83, 80, 1.0)",0.1388674590073965,4.918694541623567,-1.142777024638396,0,,,0.0,0.0,0.0,0.0,39.27568513675543,-1.8921952934694914,False,True,False,True,False,0.0
2025-04-04 14:00:00+00:00,4.175,4.205,3.96,4.055,324.0,,,,,,4.912879682113231,"rgba(239, 83, 80, 1.0)",0.1778356362305184,4.912879682113231,-4.824003221723287,0,,,0.0,0.0,0.0,0.0,31.199572310326936,-9.734862100561294,False,True,False,True,False,0.0
2025-04-04 15:00:00+00:00,4.055,4.2,4.055,4.09,1064.0,,,,,,4.895503552196206,"rgba(239, 83, 80, 1.0)",0.20632400392245767,4.895503552196206,-3.904070960637894,0,,,0.0,0.0,0.0,0.0,26.715531946365026,-13.983715599316,False,True,False,True,False,0.0
2025-04-04 16:00:00+00:00,4.09,4.12,4.02,4.035,1076.0,,,,,,4.877677253520785,"rgba(239, 83, 80, 1.0)",0.23351887089283122,4.877677253520785,-3.6086045221909053,0,,,0.0,0.0,0.0,0.0,23.411452006199177,-17.178898049905413,False,True,False,True,False,0.0
2025-04-04 17:00:00+00:00,4.035,4.105,3.965,4.095,867.0,,,,,,4.863983473742314,"rgba(239, 83, 80, 1.0)",0.2523344698702188,4.863983473742314,-3.047476922743926,0,,,0.0,0.0,0.0,0.0,22.908411746947447,-17.938325887658863,False,True,False,True,False,0.0
2025-04-04 18:00:00+00:00,4.135,4.165,4.005,4.05,1684.0,,,,,,4.839646996060867,"rgba(239, 83, 80, 1.0)",0.27119277741584885,4.839646996060867,-2.9117552598018377,0,,,0.0,0.0,0.0,0.0,22.214073422834474,-19.09344892421739,False,True,False,True,False,0.0
2025-04-04 19:00:00+00:00,4.05,4.16,4.025,4.115,5043.0,,,,,,4.779330056406589,"rgba(239, 83, 80, 1.0)",0.2843120351538656,4.779330056406589,-2.3366230558866863,0,,,0.0,0.0,0.0,0.0,23.703869784534845,-19.09344892421739,False,True,False,True,False,0.0
2025-04-07 14:00:00+00:00,3.99,4.165,3.875,4.015,1569.0,,,,,,4.760809198127587,"rgba(239, 83, 80, 1.0)",0.3002795694345844,4.760809198127587,-2.4837160900820505,0,,,0.0,0.0,0.0,0.0,23.687356749028307,-19.09344892421739,False,True,False,True,False,0.0
2025-04-07 15:00:00+00:00,4.015,4.015,3.785,3.825,386.0,,,,,,4.755497687750528,"rgba(239, 83, 80, 1.0)",0.3223949231710791,4.755497687750528,-2.8862045301400676,0,,,0.0,0.0,0.0,0.0,22.136696862215903,-20.864888723333323,False,True,False,True,False,0.0
2025-04-07 16:00:00+00:00,3.815,3.86,3.8,3.81,918.0,,,,,,4.7423952927666235,"rgba(239, 83, 80, 1.0)",0.34356962917302447,4.7423952927666235,-2.7138466662810337,0,,,0.0,0.0,0.0,0.0,20.99475631092043,-22.52983306869758,False,True,False,True,False,0.0
2025-04-07 17:00:00+00:00,3.815,4.065,3.815,4.005,1603.0,,,,,,4.724067713513708,"rgba(239, 83, 80, 1.0)",0.356774110279551,4.724067713513708,-2.0154705534834956,0,,,0.0,0.0,0.0,0.0,25.640883916372623,-22.52983306869758,False,True,False,True,True,0.0
2025-04-07 18:00:00+00:00,4.015,4.015,3.865,3.875,1558.0,,,,,,4.706169212143903,"rgba(239, 83, 80, 1.0)",0.3734371396865833,4.706169212143903,-2.225727234418846,0,,,0.0,0.0,0.0,0.0,27.22235985146837,-22.52983306869758,False,True,False,True,True,0.0
2025-04-07 19:00:00+00:00,3.875,3.965,3.875,3.955,3542.0,,,,,,4.669433396960006,"rgba(239, 83, 80, 1.0)",0.3859192022051119,4.669433396960006,-1.8512512279197038,0,,,0.0,0.0,0.0,0.0,30.19520086234276,-25.90916520667202,False,True,False,True,True,0.0
2025-04-08 14:00:00+00:00,4.055,4.055,3.885,3.9,2496.0,,,,,,4.6463868428969395,"rgba(239, 83, 80, 1.0)",0.3983459834396751,4.6463868428969395,-1.8737149963254776,0,,,0.0,0.0,0.0,0.0,31.453041258545706,-24.492246865182878,False,True,False,True,True,0.0
2025-04-08 15:00:00+00:00,3.9,3.9,3.81,3.86,8266.0,,,,,,4.571466531539626,"rgba(239, 83, 80, 1.0)",0.411002674198353,4.571466531539626,-1.7310508573388665,0,,,0.0,0.0,0.0,0.0,31.760896586269972,-23.87555566029873,False,True,False,True,True,0.0
2025-04-08 16:00:00+00:00,3.86,3.865,3.685,3.695,7055.0,,,,,,4.5103018769744985,"rgba(239, 83, 80, 1.0)",0.42816018514586734,4.5103018769744985,-1.9041982539706215,0,,,0.0,0.0,0.0,0.0,30.03811785083247,-23.87555566029873,False,True,False,True,True,0.0
2025-04-08 17:00:00+00:00,3.695,3.82,3.695,3.78,1757.0,,,,,,4.496897276507798,"rgba(239, 83, 80, 1.0)",0.4417513976178191,4.496897276507798,-1.622852310991489,0,,,0.0,0.0,0.0,0.0,31.18532762082793,-23.87555566029873,False,True,False,True,True,0.0
2025-04-08 18:00:00+00:00,3.78,3.81,3.72,3.72,2730.0,,,,,,4.476637536723576,"rgba(239, 83, 80, 1.0)",0.4561742297937566,4.476637536723576,-1.6586590984450464,3,0.4625521838472005,1.3876565515416015,0.0,0.0,0.0,0.0,31.17631578844437,-23.57679662973228,False,True,False,True,True,0.0
2025-04-08 19:00:00+00:00,3.72,3.755,3.66,3.72,7835.0,,,,,,4.421596174008383,"rgba(239, 83, 80, 1.0)",0.46895598056929694,4.421596174008383,-1.4960810887978617,3,0.44910102232583404,1.3473030669775021,0.0,0.0,0.0,0.0,31.170307900188657,-23.155670294114184,False,True,False,True,True,0.0
2025-04-09 14:00:00+00:00,3.645,3.65,3.515,3.515,2231.0,,,,,,4.404207065183263,"rgba(239, 83, 80, 1.0)",0.4876335575885703,4.404207065183263,-1.8235149147251897,3,0.4320168419288472,1.2960505257865416,0.0,0.0,0.0,0.0,28.770510515348285,-23.155670294114184,False,True,False,True,False,0.0
2025-04-09 15:00:00+00:00,3.525,3.585,3.5,3.51,1914.0,,,,,,4.38936506478935,"rgba(239, 83, 80, 1.0)",0.5050786398497084,4.38936506478935,-1.74104584001219,3,0.41701197806963836,1.251035934208915,0.0,0.0,0.0,0.0,27.12038951322847,-23.155670294114184,False,True,False,True,False,0.0
2025-04-09 16:00:00+00:00,3.49,3.51,3.38,3.39,1929.0,,,,,,4.373081303142934,"rgba(239, 83, 80, 1.0)",0.5252600214085295,4.373081303142934,-1.8716088471890884,3,0.4014300560748567,1.2042901682245701,0.0,0.0,0.0,0.0,24.86767034640292,-21.16329847620925,False,True,False,True,False,0.0
2025-04-09 17:00:00+00:00,3.39,3.875,3.36,3.835,2700.0,,,,,,4.224075184533406,"rgba(239, 83, 80, 1.0)",0.5323566507554895,4.224075184533406,-0.7308543698688719,3,0.39543732041106266,1.186311961233188,0.0,0.0,0.0,0.0,33.37866565399281,-21.270774513460303,False,True,False,True,True,0.0
2025-04-09 18:00:00+00:00,3.835,4.08,3.835,3.945,1572.0,,,,,,4.191742732982932,"rgba(38, 166, 154, 1.0)",0.5371218929888508,4.191742732982932,-0.45937940010211725,3,0.39146263443181023,1.1743879032954307,0.0,0.0,0.0,0.0,40.62222289770553,-15.001057141062518,False,False,False,True,True,0.0
2025-04-09 19:00:00+00:00,3.945,4.015,3.9,3.985,2933.0,,,,,,4.199568823616919,"rgba(38, 166, 154, 1.0)",0.540801765483017,4.199568823616919,-0.3967605827345569,3,0.38807163711170495,1.1642149113351148,0.0,0.0,0.0,0.0,46.01067157272584,-10.549779649635063,True,False,False,False,True,0.0
2025-04-10 14:00:00+00:00,3.575,3.73,3.575,3.64,622.0,,,,,,4.188098264551354,"rgba(38, 166, 154, 1.0)",0.5512603740520431,4.188098264551354,-0.9942638548868553,3,0.3805039552207417,1.1415118656622252,0.0,0.0,0.0,0.0,44.564214994249895,-10.549779649635063,True,False,False,True,True,0.0
2025-04-10 15:00:00+00:00,3.64,3.655,3.615,3.625,120.0,,,,,,4.185994836702538,"rgba(38, 166, 154, 1.0)",0.5611700132613843,4.185994836702538,-0.9996878369215991,3,0.3737740411263433,1.12132212337903,0.0,0.0,0.0,0.0,43.42137958454518,-10.549779649635063,True,False,False,True,False,0.0
2025-04-10 16:00:00+00:00,3.625,3.695,3.615,3.675,305.0,,,,,,4.181450500678689,"rgba(38, 166, 154, 1.0)",0.5694004512413667,4.181450500678689,-0.8894452042926224,3,0.36841180823528524,1.1052354247058558,0.0,0.0,0.0,0.0,43.56171768723918,-10.549779649635063,True,False,False,True,False,0.0
2025-04-10 17:00:00+00:00,3.675,3.74,3.675,3.71,1924.0,,,,,,4.162803908327933,"rgba(38, 166, 154, 1.0)",0.5759923829576424,4.162803908327933,-0.7861282921882522,3,0.3638686509091442,1.0916059527274327,0.0,0.0,0.0,0.0,44.30942388007754,-10.549779649635063,True,False,False,True,False,0.0
2025-04-10 18:00:00+00:00,3.705,3.78,3.675,3.735,1461.0,,,,,,4.153269464107133,"rgba(38, 166, 154, 1.0)",0.5815504285106314,4.153269464107133,-0.7192316325487613,3,0.360804025994649,1.082412077983947,0.0,0.0,0.0,0.0,45.30132376723253,-10.549779649635063,True,False,False,True,False,0.0
2025-04-10 19:00:00+00:00,3.73,3.775,3.665,3.725,5193.0,,,,,,4.126997454933695,"rgba(38, 166, 154, 1.0)",0.5869738548745628,4.126997454933695,-0.6848643284454344,3,0.3578440566371321,1.0735321699113962,0.0,0.0,0.0,0.0,45.7712107095367,-10.087977114708288,True,False,False,True,False,0.0
2025-04-11 14:00:00+00:00,3.805,3.865,3.785,3.82,106.0,,,,,,4.126840325319359,"rgba(38, 166, 154, 1.0)",0.5905044415544166,4.126840325319359,-0.5196240768513891,3,0.3565358003804106,1.0696074011412318,0.0,0.0,0.0,0.0,48.124776358105166,-7.450796743904263,True,False,False,False,True,0.0
2025-04-11 15:00:00+00:00,3.82,3.865,3.815,3.855,518.0,,,,,,4.126354048838086,"rgba(38, 166, 154, 1.0)",0.5928158488355625,4.126354048838086,-0.4577375071383338,3,0.3556092326394448,1.0668276979183344,0.0,0.0,0.0,0.0,50.4083240302771,-4.991067492638393,True,False,False,False,True,0.0
2025-04-11 16:00:00+00:00,3.855,3.94,3.855,3.925,210.0,,,,,,4.126481659763493,"rgba(38, 166, 154, 1.0)",0.5940852003081907,4.126481659763493,-0.3391460680369942,3,0.355479142197147,1.066437426591441,0.0,0.0,0.0,0.0,53.322911759075524,-2.039206665183066,True,False,True,False,True,0.0
2025-04-11 17:00:00+00:00,3.925,3.95,3.87,3.925,227.0,,,,,,4.126654276506368,"rgba(38, 166, 154, 1.0)",0.5916651795438721,4.126654276506368,-0.3408249859520688,3,0.3550802352421812,1.0652407057265436,0.0,0.0,0.0,0.0,55.26597024494114,-0.05211450779325588,True,False,True,False,True,0.0
2025-04-11 18:00:00+00:00,3.925,3.94,3.885,3.935,202.0,,,,,,4.126821113843013,"rgba(38, 166, 154, 1.0)",0.5889693471581433,4.126821113843013,-0.3256894688468519,3,0.3542594070256042,1.0627782210768126,0.0,0.0,0.0,0.0,56.78594386832535,1.5567666931373978,True,False,True,False,True,0.0
2025-04-11 19:00:00+00:00,3.935,3.99,3.935,3.96,2323.0,,,,,,4.130203292134751,"rgba(38, 166, 154, 1.0)",0.5856073846947343,4.130203292134751,-0.29064403315794013,3,0.3536245894343444,1.0608737683030331,0.0,0.0,0.0,0.0,58.39298578056148,3.2691723507871586,True,False,True,False,True,0.0
2025-04-14 14:00:00+00:00,4.125,4.215,4.105,4.18,894.0,,,,,,4.135106205637635,"rgba(38, 166, 154, 1.0)",0.5800295270520714,4.135106205637635,0.07739915343712168,3,0.3544493319806021,1.0633479959418062,0.0,0.0,0.0,0.0,63.36813647195024,8.019193307292731,True,False,True,False,True,0.0
2025-04-14 15:00:00+00:00,4.18,4.195,4.04,4.04,463.0,,,,,,4.136718020240415,"rgba(38, 166, 154, 1.0)",0.5762385798442328,4.136718020240415,-0.16784370853225292,3,0.35508229446819506,1.0652468834045852,0.0,0.0,0.0,0.0,62.304408583007344,8.019193307292731,True,False,True,False,True,0.0
2025-04-14 16:00:00+00:00,4.04,4.125,4.035,4.1,200.0,,,,,,4.137365759021946,"rgba(38, 166, 154, 1.0)",0.572191928992013,4.137365759021946,-0.0653028418065429,4,0.30951736465632085,1.2380694586252834,0.0,0.0,0.0,0.0,62.65115726606423,8.019193307292731,True,False,True,False,True,0.0
2025-04-14 17:00:00+00:00,4.155,4.155,4.095,4.115,320.0,,,,,,4.138605646243255,"rgba(38, 166, 154, 1.0)",0.5665499508841599,4.138605646243255,-0.04166560460629495,4,0.3104129365088521,1.2416517460354084,0.0,0.0,0.0,0.0,63.14969110321921,8.181628516825697,True,False,True,False,True,0.0
2025-04-14 18:00:00+00:00,4.115,4.18,4.115,4.155,541.0,,,,,,4.140919941298245,"rgba(38, 166, 154, 1.0)",0.5608461512798341,4.140919941298245,0.0251050286600435,4,0.3112549368977396,1.2450197475909583,0.0,0.0,0.0,0.0,64.21826852302033,9.508467285748225,True,False,True,False,True,0.0
2025-04-14 19:00:00+00:00,4.155,4.17,4.105,4.115,2471.0,,,,,,4.149076780103935,"rgba(38, 166, 154, 1.0)",0.5553643151324359,4.149076780103935,-0.061359326077349466,4,0.3119553579071834,1.2478214316287335,0.0,0.0,0.0,0.0,63.4971190247839,9.508467285748225,True,False,True,False,True,0.0
2025-04-15 14:00:00+00:00,4.31,4.365,4.23,4.24,1241.0,,,,,,4.155807733321672,"rgba(38, 166, 154, 1.0)",0.5495668810588514,4.155807733321672,0.1531974898416636,4,0.31343259722152184,1.2537303888860873,0.0,0.0,0.0,0.0,65.36352165314452,11.105975183495147,True,False,True,False,True,0.0
2025-04-15 15:00:00+00:00,4.24,4.285,4.24,4.26,1200.0,,,,,,4.16136902617778,"rgba(38, 166, 154, 1.0)",0.5433679340113001,4.16136902617778,0.18151784021205972,5,0.28175528086164775,1.4087764043082387,0.0,0.0,0.0,0.0,66.94075673461475,12.805030474495716,True,False,True,False,True,0.0
2025-04-15 16:00:00+00:00,4.26,4.29,4.24,4.26,1468.0,,,,,,4.16755851711106,"rgba(38, 166, 154, 1.0)",0.5363295511039684,4.16755851711106,0.1723594806563615,5,0.28283466298235904,1.4141733149117952,0.0,0.0,0.0,0.0,67.99224678892824,13.994765507882036,True,False,True,False,True,0.0
2025-04-15 17:00:00+00:00,4.26,4.275,4.235,4.245,1439.0,,,,,,4.172750691911567,"rgba(38, 166, 154, 1.0)",0.5315620106546064,4.172750691911567,0.13591887049915372,5,0.28375276872256017,1.4187638436128007,0.0,0.0,0.0,0.0,67.9977021349003,14.24805135710534,True,False,True,False,True,0.0
2025-04-15 18:00:00+00:00,4.24,4.265,4.235,4.26,555.0,,,,,,4.174631957789323,"rgba(38, 166, 154, 1.0)",0.5261598085602328,4.174631957789323,0.162247364435294,5,0.2847407091471282,1.4237035457356408,0.0,0.0,0.0,0.0,68.34688993842538,14.870917933470523,True,False,True,False,True,0.0
2025-04-15 19:00:00+00:00,4.265,4.285,4.235,4.25,3339.0,,,,,,4.18476436159274,"rgba(38, 166, 154, 1.0)",0.5207147893923204,4.18476436159274,0.12528094023100544,5,0.2856256726032969,1.4281283630164845,0.0,0.0,0.0,0.0,68.03361516267186,14.870917933470523,True,False,True,False,True,0.0
2025-04-16 14:00:00+00:00,4.365,4.54,4.365,4.51,1709.0,,,,,,4.194369991407978,"rgba(38, 166, 154, 1.0)",0.5158842404547228,4.194369991407978,0.6118233197312091,5,0.28680560132846494,1.4340280066423248,0.0,0.0,0.0,0.0,72.27566614170637,18.967113226631056,True,False,True,False,True,3.3000469761357536
2025-04-16 15:00:00+00:00,4.505,4.58,4.505,4.57,2200.0,,,,,,4.207958219008538,"rgba(38, 166, 154, 1.0)",0.5103640548358251,4.207958219008538,0.7093794666004143,5,0.2877659085173455,1.4388295425867277,0.0,0.0,0.0,0.0,75.72025101606461,22.125695824645476,True,False,True,False,True,4.553431194174319
2025-04-16 16:00:00+00:00,4.57,4.66,4.565,4.655,1892.0,,,,,,4.220437858501447,"rgba(38, 166, 154, 1.0)",0.5053962587696658,4.220437858501447,0.8598443972585966,5,0.28871495254254187,1.4435747627127093,0.0,0.0,0.0,0.0,78.7868041062346,24.84633435659518,True,False,True,False,True,6.289746140118428
2025-04-16 17:00:00+00:00,4.65,4.705,4.58,4.585,2202.0,,,,,,4.233669595772455,"rgba(38, 166, 154, 1.0)",0.5013281908639804,4.233669595772455,0.700799218216849,5,0.2897226053283749,1.4486130266418744,0.0,0.0,0.0,0.0,77.72878967927034,24.84633435659518,True,False,True,False,True,4.64023880639645
2025-04-16 18:00:00+00:00,4.585,4.615,4.52,4.535,1779.0,,,,,,4.242112950019731,"rgba(38, 166, 154, 1.0)",0.49721514548623463,4.242112950019731,0.5890549647152244,5,0.2909778628351958,1.4548893141759789,0.0,0.0,0.0,0.0,74.9833612830015,24.84633435659518,True,False,True,False,False,3.4795366208402108
2025-04-16 19:00:00+00:00,4.535,4.545,4.465,4.51,8926.0,,,,,,4.272483280018199,"rgba(38, 166, 154, 1.0)",0.49177285461942394,4.272483280018199,0.48298054223755704,5,0.2922868690144983,1.4614343450724916,0.0,0.0,0.0,0.0,72.14434024364785,26.723742289009053,True,False,True,False,False,2.9002797491459233
2025-04-17 14:00:00+00:00,4.74,4.81,4.735,4.77,3845.0,,,,,,4.293194844950135,"rgba(38, 166, 154, 1.0)",0.4887851459679553,4.293194844950135,0.9754902721228019,5,0.29301437251168194,1.4650718625584096,0.0,0.0,0.0,0.0,74.02453789374285,26.723742289009053,True,False,True,False,False,8.13754250080624
2025-04-17 15:00:00+00:00,4.77,4.85,4.76,4.785,5843.0,,,,,,4.322230289837802,"rgba(38, 166, 154, 1.0)",0.4862721960472808,4.322230289837802,0.9516680450247305,5,0.2935989755951861,1.4679948779759306,0.0,0.0,0.0,0.0,75.43674723687246,26.723742289009053,True,False,True,False,True,8.422245317080023
2025-04-17 16:00:00+00:00,4.785,4.88,4.77,4.86,4606.0,,,,,,4.414275082237559,"rgba(38, 166, 154, 1.0)",0.48575452592791746,4.414275082237559,0.9175929280555665,5,0.2940501571879297,1.4702507859396485,1.0,0.0,4.88,246.0,77.15798603137071,22.33940501426052,True,False,True,False,True,9.837871603232564
2025-04-17 17:00:00+00:00,4.865,4.865,4.76,4.81,2299.0,,,,,,4.421218650930537,"rgba(38, 166, 154, 1.0)",0.4843363342602752,4.421218650930537,0.8027094429395784,5,0.294577796857628,1.47288898428814,0.0,0.0,0.0,0.0,76.29907226693811,22.33940501426052,True,False,True,False,True,8.628234588426341
2025-04-17 18:00:00+00:00,4.81,4.825,4.775,4.805,1381.0,,,,,,4.425176018495759,"rgba(38, 166, 154, 1.0)",0.4815022195041096,4.425176018495759,0.7888312163865296,4,0.2969838860000648,1.1879355440002592,0.0,0.0,0.0,0.0,75.51933928236932,22.33940501426052,True,False,True,False,True,8.506738932029446
2025-04-17 19:00:00+00:00,4.805,4.825,4.725,4.75,7060.0,,,,,,4.441285595142111,"rgba(38, 166, 154, 1.0)",0.47792044835406583,4.441285595142111,0.6459535387554262,4,0.29925578404634456,1.1970231361853783,0.0,0.0,0.0,0.0,72.69528578272366,22.33940501426052,True,False,True,False,False,7.16684310725492
2025-04-18 14:00:00+00:00,4.75,4.75,4.75,4.75,0.0,,,,,,4.441285595142111,"rgba(38, 166, 154, 1.0)",0.47439631624292905,4.441285595142111,0.6507521122904381,4,0.3015590251464424,1.2062361005857696,0.0,0.0,0.0,0.0,70.81258344962654,25.352806934928864,True,False,True,False,False,7.16684310725492
2025-04-18 15:00:00+00:00,4.75,4.75,4.75,4.75,0.0,,,,,,4.441285595142111,"rgba(38, 166, 154, 1.0)",0.47209551064500443,4.441285595142111,0.6539236190492578,4,0.3039348965405768,1.2157395861623073,0.0,0.0,0.0,0.0,69.55744856089514,24.041759812325893,True,False,True,False,False,7.16684310725492
2025-04-18 16:00:00+00:00,4.75,4.75,4.75,4.75,0.0,,,,,,4.441285595142111,"rgba(38, 166, 154, 1.0)",0.46786877347092254,4.441285595142111,0.6598311799431832,4,0.3058218132180602,1.2232872528722407,0.0,0.0,0.0,0.0,68.72069196840754,23.07352259935203,True,False,True,False,False,7.16684310725492
2025-04-18 17:00:00+00:00,4.75,4.75,4.75,4.75,0.0,,,,,,4.441285595142111,"rgba(38, 166, 154, 1.0)",0.4626856773621075,4.441285595142111,0.6672227388103963,4,0.3074912322926605,1.229964929170642,0.0,0.0,0.0,0.0,68.16285424008247,22.313207821510474,True,False,True,False,False,7.16684310725492
2025-04-18 18:00:00+00:00,4.75,4.75,4.75,4.75,0.0,,,,,,4.441285595142111,"rgba(38, 166, 154, 1.0)",0.45657609412859745,4.441285595142111,0.6761510487032583,4,0.30975869776927173,1.239034791077087,0.0,0.0,0.0,0.0,67.79096242119908,21.682905729567764,True,False,True,False,False,7.16684310725492
2025-04-18 19:00:00+00:00,4.75,4.75,4.75,4.75,0.0,,,,,,4.441285595142111,"rgba(38, 166, 154, 1.0)",0.448924610938521,4.441285595142111,0.6876753854338503,4,0.3118394175859904,1.2473576703439615,0.0,0.0,0.0,0.0,67.5430345419435,21.13871033114502,True,False,True,False,False,7.16684310725493
2025-04-21 14:00:00+00:00,4.62,4.675,4.575,4.67,2242.0,,,,,,4.442302421267928,"rgba(38, 166, 154, 1.0)",0.44069757357097783,4.442302421267928,0.5166753628503915,4,0.3141095358020642,1.2564381432082568,0.0,0.0,0.0,0.0,62.08825527761429,15.895970749413678,False,False,True,False,False,5.015699117442477
2025-04-21 15:00:00+00:00,4.68,4.705,4.63,4.645,465.0,,,,,,4.4427167805717955,"rgba(38, 166, 154, 1.0)",0.43064038842651553,4.4427167805717955,0.46972653950854787,4,0.31628170992324167,1.2651268396929667,0.0,0.0,0.0,0.0,57.14130489001295,11.427112178563142,False,True,True,False,False,4.353236357257575
2025-04-21 16:00:00+00:00,4.645,4.67,4.62,4.625,588.0,,,,,,4.443080611430654,"rgba(38, 166, 154, 1.0)",0.4190631120629539,4.443080611430654,0.43410976373892174,4,0.3186227127279983,1.2744908509119932,0.0,0.0,0.0,0.0,52.8249496398144,7.676938924562954,False,True,False,False,False,3.8205279920014057
2025-04-21 17:00:00+00:00,4.625,4.67,4.615,4.615,900.0,,,,,,4.443626750029071,"rgba(38, 166, 154, 1.0)",0.4179869388881392,4.443626750029071,0.4099966626392406,4,0.32133610298958004,1.2853444119583202,0.0,0.0,0.0,0.0,49.430382620432326,4.790105513296098,False,True,False,True,False,3.551484063345228
2025-04-21 18:00:00+00:00,4.615,4.63,4.59,4.595,338.0,,,,,,4.443716311463122,"rgba(38, 166, 154, 1.0)",0.41616142701279907,4.443716311463122,0.3635216498145678,3,0.3329562577511958,0.9988687732535875,0.0,0.0,0.0,0.0,46.12706773743103,1.927682712074116,False,True,False,True,False,3.008074428827314
2025-04-21 19:00:00+00:00,4.595,4.595,4.535,4.565,4157.0,,,,,,4.44345687419042,"rgba(38, 166, 154, 1.0)",0.413160603984311,4.44345687419042,0.2941788850085907,3,0.334990048042307,1.004970144126921,0.0,0.0,0.0,0.0,42.476729233938116,-1.3074756077164693,False,True,False,True,False,2.1907334185954994
2025-04-22 14:00:00+00:00,4.625,4.645,4.52,4.535,807.0,,,,,,4.4435727649709795,"rgba(239, 83, 80, 1.0)",0.4092003077856709,4.4435727649709795,0.22342904755806772,3,0.337073210268865,1.011219630806595,0.0,0.0,0.0,0.0,38.75270358808596,-4.642015177747737,False,True,False,True,False,1.3741807146682703
2025-04-22 15:00:00+00:00,4.535,4.665,4.535,4.625,1174.0,,,,,,4.444370267411624,"rgba(239, 83, 80, 1.0)",0.40621969602843894,4.444370267411624,0.44466020322099464,3,0.33887428593489827,1.0166228578046947,0.0,0.0,0.0,0.0,42.471885262328755,-4.642015177747737,False,True,False,True,True,3.6836044140907696
2025-04-22 16:00:00+00:00,4.63,4.68,4.62,4.64,293.0,,,,,,4.444704190839391,"rgba(239, 83, 80, 1.0)",0.40420540447772946,4.444704190839391,0.48315981675937425,3,0.3411451867090403,1.023435560127121,0.0,0.0,0.0,0.0,45.75826283838631,-11.482609714551899,False,True,False,True,True,4.062025160151602
2025-04-22 17:00:00+00:00,4.64,4.655,4.56,4.56,742.0,,,,,,4.445088462063658,"rgba(239, 83, 80, 1.0)",0.40602918947127264,4.445088462063658,0.2830129973807514,3,0.3438062184053403,1.031418655216021,0.0,0.0,0.0,0.0,44.02803084882578,-11.482609714551899,False,True,False,True,True,1.8429985611692103
2025-04-22 18:00:00+00:00,4.56,4.6,4.55,4.595,196.0,,,,,,4.4451704973872355,"rgba(239, 83, 80, 1.0)",0.4083175212970834,4.4451704973872355,0.36694360344079247,3,0.34562520712530126,1.0368756213759038,0.0,0.0,0.0,0.0,44.848036324721996,-11.482609714551899,False,True,False,True,True,2.74830291226111
2025-04-22 19:00:00+00:00,4.595,4.6,4.53,4.54,3834.0,,,,,,4.445978784305822,"rgba(239, 83, 80, 1.0)",0.40956576653464716,4.445978784305822,0.22956317001221843,3,0.34745422316537217,1.0423626694961166,0.0,0.0,0.0,0.0,43.07435811394723,-11.482609714551899,False,True,False,True,True,1.2355608576718637
2025-04-23 14:00:00+00:00,4.615,4.645,4.47,4.48,917.0,,,,,,4.446001925119443,"rgba(239, 83, 80, 1.0)",0.4104396456273428,4.446001925119443,0.08283331116464736,3,0.3500056477836227,1.0500169433508681,0.0,0.0,0.0,0.0,39.84649961979562,-11.482609714551899,False,True,False,True,False,0.0
2025-04-23 15:00:00+00:00,4.48,4.5,4.415,4.45,203.0,,,,,,4.445851444966281,"rgba(239, 83, 80, 1.0)",0.4107836720528474,4.445851444966281,0.010099123494824632,3,0.3528002593329546,1.0584007779988638,0.0,0.0,0.0,0.0,36.80072015383871,-6.404847414261219,False,True,False,True,False,0.0
2025-04-23 16:00:00+00:00,4.455,4.49,4.415,4.45,258.0,,,,,,4.445654954653274,"rgba(239, 83, 80, 1.0)",0.41137541215989787,4.445654954653274,0.010562238817125306,3,0.35555464298043665,1.06666392894131,0.0,0.0,0.0,0.0,34.770200509867436,-8.521800583402985,False,True,False,True,False,0.0
2025-04-23 17:00:00+00:00,4.45,4.47,4.385,4.435,53.0,,,,,,4.445603387612791,"rgba(239, 83, 80, 1.0)",0.41125398215437864,4.445603387612791,-0.0257830636854745,3,0.3579970611468581,1.0739911834405742,0.0,0.0,0.0,0.0,32.92145401819006,-10.509309838290918,False,True,False,True,False,0.0
2025-04-23 18:00:00+00:00,4.43,4.44,4.385,4.385,375.0,,,,,,4.445142665106566,"rgba(239, 83, 80, 1.0)",0.40875610032089515,4.445142665106566,-0.14713582270540063,3,0.3606344920740936,1.0819034762222808,0.0,0.0,0.0,0.0,30.19346871725941,-13.316074223324023,False,True,False,True,False,0.0
2025-04-23 19:00:00+00:00,4.385,4.445,4.37,4.44,3582.0,,,,,,4.438805886864565,"rgba(239, 83, 80, 1.0)",0.40618060599280326,4.438805886864565,0.002939857585067262,4,0.2981237727728045,1.192495091091218,0.0,0.0,0.0,0.0,32.380042885609136,-13.316074223324023,False,True,False,True,False,0.0
2025-04-24 14:00:00+00:00,4.555,4.605,4.5,4.6,467.0,,,,,,4.441204451789448,"rgba(239, 83, 80, 1.0)",0.40709149645562814,4.441204451789448,0.3900733608859854,4,0.3005484858677802,1.2021939434711209,0.0,0.0,0.0,0.0,41.07282031872502,-15.881089034638855,False,True,False,True,True,2.98691508004336
2025-04-24 15:00:00+00:00,4.6,4.6,4.555,4.57,59.0,,,,,,4.441487782606969,"rgba(239, 83, 80, 1.0)",0.40610903652780966,4.441487782606969,0.31644756908587285,4,0.3031243515262623,1.2124974061050493,0.0,0.0,0.0,0.0,45.552624852797585,-11.926200914760315,False,True,False,True,True,2.146563484033525
2025-04-24 16:00:00+00:00,4.565,4.595,4.545,4.585,200.0,,,,,,4.4423972876992295,"rgba(239, 83, 80, 1.0)",0.4060279691249213,4.4423972876992295,0.35121401269008734,4,0.3051066881156205,1.220426752462482,0.0,0.0,0.0,0.0,49.09383376866816,-8.775906364858663,False,True,False,False,True,2.5449018756527373
2025-04-24 17:00:00+00:00,4.585,4.59,4.545,4.55,165.0,,,,,,4.443014447237451,"rgba(239, 83, 80, 1.0)",0.40478430470230653,4.443014447237451,0.26430262122250436,4,0.3082457806687161,1.2329831226748644,0.0,0.0,0.0,0.0,49.81403880228999,-8.063117423478047,False,True,False,False,True,1.5483754697132888
2025-04-24 18:00:00+00:00,4.55,4.56,4.5,4.51,945.0,,,,,,4.444785613990742,"rgba(239, 83, 80, 1.0)",0.40247608624612274,4.444785613990742,0.16203294614969388,4,0.31213268235853747,1.2485307294341499,0.0,0.0,0.0,0.0,48.56448179301511,-8.063117423478047,False,True,False,False,True,0.4181186757433437
2025-04-24 19:00:00+00:00,4.505,4.575,4.485,4.555,2559.0,,,,,,4.448595076356194,"rgba(239, 83, 80, 1.0)",0.39735763499659427,4.448595076356194,0.26778124860924685,4,0.31649944053455037,1.2659977621382015,0.0,0.0,0.0,0.0,49.773415701396196,-7.612932867669066,False,True,False,False,True,1.661205213759036
2025-04-25 14:00:00+00:00,4.585,4.6,4.505,4.51,335.0,,,,,,4.448956917288831,"rgba(239, 83, 80, 1.0)",0.39319649856844235,4.448956917288831,0.15524828662873671,4,0.32210130724139824,1.288405228965593,0.0,0.0,0.0,0.0,48.60827029463486,-7.612932867669066,False,True,False,False,True,0.3791893012874823
2025-04-25 15:00:00+00:00,4.51,4.555,4.51,4.545,300.0,,,,,,4.449253075828453,"rgba(239, 83, 80, 1.0)",0.38778334017710925,4.449253075828453,0.24690829711203366,4,0.3274493726916627,1.3097974907666508,0.0,0.0,0.0,0.0,49.446680016155106,-7.128998969544071,False,True,False,False,True,1.35660881875501
2025-04-25 16:00:00+00:00,4.545,4.58,4.545,4.555,501.0,,,,,,4.449968267075645,"rgba(239, 83, 80, 1.0)",0.38204737690264934,4.449968267075645,0.27491808418074254,4,0.3338483520021188,1.3353934080084753,0.0,0.0,0.0,0.0,50.46464821143258,-5.670594546114273,False,False,False,False,True,1.636768334278777
2025-04-25 17:00:00+00:00,4.555,4.57,4.495,4.5,5.0,,,,,,4.449971038122693,"rgba(239, 83, 80, 1.0)",0.3700910893474894,4.449971038122693,0.1351801308307999,4,0.34158253359675267,1.3663301343870107,0.0,0.0,0.0,0.0,48.54535993573127,-5.670594546114273,False,False,False,False,True,0.034738549565556553
2025-04-25 18:00:00+00:00,4.5,4.545,4.485,4.53,11.0,,,,,,4.457757098551158,"rgba(239, 83, 80, 1.0)",0.3572550884147003,4.457757098551158,0.20221657799029769,3,0.19335018562780912,0.5800505568834273,0.0,0.0,0.0,0.0,48.80464145448122,-5.670594546114273,False,False,False,False,True,0.8969268236877888
2025-04-25 19:00:00+00:00,4.53,4.555,4.5,4.545,2700.0,,,,,,4.460882560374689,"rgba(239, 83, 80, 1.0)",0.3390690487493913,4.460882560374689,0.2480835096437338,3,0.19413215689100308,0.5823964706730093,0.0,0.0,0.0,0.0,49.73522257657079,-5.2526067574016295,False,False,False,False,True,1.3292228386105016
2025-04-28 14:00:00+00:00,4.59,4.66,4.585,4.6,387.0,,,,,,4.47794330251168,"rgba(239, 83, 80, 1.0)",0.3338931830056658,4.47794330251168,0.36555612303785223,3,0.194990865297889,0.584972595893667,0.0,0.0,0.0,0.0,52.8748809162038,-1.9769333950777934,False,False,True,False,True,2.902873481442832
2025-04-28 15:00:00+00:00,4.6,4.635,4.565,4.575,500.0,,,,,,4.477914957514539,"rgba(239, 83, 80, 1.0)",0.33042619216470404,4.477914957514539,0.2938176354889817,3,0.19616683946542426,0.5885005183962728,0.0,0.0,0.0,0.0,53.51000827865895,-1.1241965818947648,False,False,True,False,True,2.138622169336969
2025-04-28 16:00:00+00:00,4.58,4.58,4.54,4.54,495.0,,,,,,4.476546104452876,"rgba(239, 83, 80, 1.0)",0.32721776918203266,4.476546104452876,0.1939194674719048,3,0.19753940485481666,0.59261821456445,0.0,0.0,0.0,0.0,52.0287204885143,-1.1241965818947648,False,False,True,False,True,1.0724869501372254
2025-04-28 17:00:00+00:00,4.54,4.57,4.53,4.565,934.0,,,,,,4.476053130789497,"rgba(239, 83, 80, 1.0)",0.31513193290292374,4.476053130789497,0.2822527961261977,3,0.19857372234583648,0.5957211670375094,0.0,0.0,0.0,0.0,52.35423412410492,-1.1241965818947648,False,False,True,False,True,1.8097786791527462
2025-04-28 18:00:00+00:00,4.565,4.61,4.565,4.61,1246.0,,,,,,4.479073752795461,"rgba(239, 83, 80, 1.0)",0.30183037716004396,4.479073752795461,0.43377425571421596,3,0.19817877590270624,0.5945363277081187,0.0,0.0,0.0,0.0,54.69233098431404,0.5930897321796635,True,False,True,False,True,3.1263648989945025
2025-04-28 19:00:00+00:00,4.605,4.655,4.585,4.64,4102.0,,,,,,4.489411591696979,"rgba(239, 83, 80, 1.0)",0.2894232848922764,4.489411591696979,0.5203050900312661,3,0.1975853387101367,0.5927560161304101,0.0,0.0,0.0,0.0,57.49967546528873,3.3474976617717758,True,False,True,False,True,3.9952578316119656
2025-04-29 14:00:00+00:00,4.585,4.61,4.52,4.59,455.0,,,,,,4.4894396162346535,"rgba(239, 83, 80, 1.0)",0.276776684952565,4.4894396162346535,0.3633267873794383,3,0.19743228228436663,0.5922968468530999,0.0,0.0,0.0,0.0,56.270610678447355,3.3474976617717758,True,False,True,False,True,2.4038485638935043
2025-04-29 15:00:00+00:00,4.59,4.6,4.545,4.545,71.0,,,,,,4.489423300314138,"rgba(239, 83, 80, 1.0)",0.26372115358242515,4.489423300314138,0.2107403935213382,3,0.1972931915597451,0.5918795746792352,0.0,0.0,0.0,0.0,53.122097837911625,7.4081578284267735,True,False,True,False,False,0.9978063734373492
2025-04-29 16:00:00+00:00,4.545,4.58,4.53,4.545,768.0,,,,,,4.489022029904158,"rgba(239, 83, 80, 1.0)",0.24910560733071016,4.489022029904158,0.22471581710132468,3,0.19732488515362334,0.59197465546087,0.0,0.0,0.0,0.0,51.02308927755446,5.439245118129442,True,False,False,False,False,0.9978063734373492
2025-04-29 17:00:00+00:00,4.545,4.58,4.535,4.555,649.0,,,,,,4.48885028621644,"rgba(239, 83, 80, 1.0)",0.2370069182097387,4.48885028621644,0.2791045691122846,3,0.1971554277021849,0.5914662831065547,0.0,0.0,0.0,0.0,50.24825222369532,4.648506880071508,True,False,False,False,False,1.3075441402358443
2025-04-29 18:00:00+00:00,4.555,4.59,4.535,4.555,1346.0,,,,,,4.488752522399352,"rgba(239, 83, 80, 1.0)",0.22521347230595848,4.488752522399352,0.294154150381593,3,0.19735309747318405,0.5920592924195521,0.0,0.0,0.0,0.0,49.73169418778922,3.997417703613749,True,False,False,False,False,1.3075441402358443
2025-04-29 19:00:00+00:00,4.555,4.555,4.485,4.49,3959.0,,,,,,4.484860102631542,"rgba(239, 83, 80, 1.0)",0.21501309409110259,4.484860102631542,0.023905043505306815,3,0.1988302239257376,0.5964906717772128,0.0,0.0,0.0,0.0,45.739581937168936,0.14778780746944165,False,False,False,True,False,0.0
2025-04-30 14:00:00+00:00,4.35,4.4,4.35,4.365,970.0,,,,,,4.4814834812301,"rgba(239, 83, 80, 1.0)",0.20472103629744914,4.4814834812301,-0.5689863794009687,3,0.20069471819560705,0.6020841545868212,0.0,0.0,0.0,0.0,38.96127488381349,-6.037828068497852,False,True,False,True,False,0.0
2025-04-30 15:00:00+00:00,4.365,4.415,4.33,4.365,953.0,,,,,,4.4784211344839475,"rgba(239, 83, 80, 1.0)",0.19411248712449314,4.4784211344839475,-0.5843062245202453,4,0.22901988788211297,0.9160795515284519,0.0,0.0,0.0,0.0,34.442403514909856,-9.925525828890244,False,True,False,True,False,0.0
2025-04-30 16:00:00+00:00,4.365,4.365,4.305,4.335,608.0,,,,,,4.4633577124865536,"rgba(239, 83, 80, 1.0)",0.18414685189560528,4.4633577124865536,-0.69703995026383,4,0.23077427304037818,0.9230970921615127,0.0,0.0,0.0,0.0,30.664437892875185,-13.147026605522257,False,True,False,True,False,0.0
2025-04-30 17:00:00+00:00,4.335,4.34,4.305,4.325,1397.0,,,,,,4.45806311386732,"rgba(239, 83, 80, 1.0)",0.18124675828104164,4.45806311386732,-0.7341544484949738,4,0.23201813172108354,0.9280725268843342,0.0,0.0,0.0,0.0,27.893275387424577,-15.532476779434205,False,True,False,True,False,0.0
2025-04-30 18:00:00+00:00,4.325,4.375,4.315,4.365,833.0,,,,,,4.456608959656877,"rgba(239, 83, 80, 1.0)",0.1732297334193514,4.456608959656877,-0.5288293057353568,4,0.23370579332672245,0.9348231733068898,0.0,0.0,0.0,0.0,29.373268581391617,-15.532476779434205,False,True,False,True,False,0.0
2025-04-30 19:00:00+00:00,4.365,4.445,4.34,4.39,2484.0,,,,,,4.45489925958899,"rgba(239, 83, 80, 1.0)",0.1666544680220449,4.45489925958899,-0.38942406020824527,4,0.23579449412808365,0.9431779765123346,0.0,0.0,0.0,0.0,32.2297464807167,-15.532476779434205,False,True,False,True,True,0.0
2025-05-01 14:00:00+00:00,4.525,4.565,4.48,4.52,1465.0,,,,,,4.458593534227364,"rgba(38, 166, 154, 1.0)",0.1593597267898062,4.458593534227364,0.3853323986532049,4,0.23953900840571446,0.9581560336228578,0.0,0.0,0.0,0.0,40.88959190864405,-16.57717492918637,False,True,False,True,True,0.7346565621010193
2025-05-01 15:00:00+00:00,4.515,4.52,4.41,4.41,577.0,,,,,,4.458562316946106,"rgba(38, 166, 154, 1.0)",0.15370947792378584,4.458562316946106,-0.3159357354019836,5,0.22905579099991064,1.1452789549995532,0.0,0.0,0.0,0.0,42.061333983261605,-15.645584165076109,False,False,False,True,True,0.0
2025-05-01 16:00:00+00:00,4.405,4.415,4.36,4.37,600.0,,,,,,4.457512983131159,"rgba(38, 166, 154, 1.0)",0.14682839158887434,4.457512983131159,-0.5960222146694829,6,0.2175676276640041,1.3054057659840246,0.0,0.0,0.0,0.0,41.53348618288881,-15.645584165076109,False,False,False,True,True,0.0
2025-05-01 17:00:00+00:00,4.37,4.4,4.36,4.375,104.0,,,,,,4.4573276647323485,"rgba(38, 166, 154, 1.0)",0.1438451056324604,4.4573276647323485,-0.5723355297378314,7,0.20423389831836783,1.4296372882285748,0.0,0.0,0.0,0.0,41.4253049754769,-15.645584165076109,False,False,False,True,True,0.0
2025-05-01 18:00:00+00:00,4.375,4.46,4.375,4.415,437.0,,,,,,4.456969911746222,"rgba(38, 166, 154, 1.0)",0.14075993876227588,4.456969911746222,-0.2981665956611628,7,0.21124728514401456,1.4787309960081019,0.0,0.0,0.0,0.0,43.3040248080881,-13.611108223500125,False,False,False,True,True,0.0
2025-05-01 19:00:00+00:00,4.41,4.445,4.33,4.335,4390.0,,,,,,4.4496952311485085,"rgba(38, 166, 154, 1.0)",0.13893993776558852,4.4496952311485085,-0.8255022493389608,7,0.2192791289967729,1.5349539029774104,0.0,0.0,0.0,0.0,41.68583495682811,-13.611108223500125,False,False,False,True,True,0.0
2025-05-02 14:00:00+00:00,4.18,4.42,4.17,4.39,1886.0,,,,,,4.445685862987107,"rgba(38, 166, 154, 1.0)",0.1356199312998097,4.445685862987107,-0.41060235360246955,7,0.23143656129867005,1.6200559290906904,0.0,0.0,0.0,0.0,43.15085737576479,-13.11110519438887,False,False,False,True,True,0.0
2025-05-02 15:00:00+00:00,4.39,4.39,4.305,4.315,1669.0,,,,,,4.442776041871227,"rgba(38, 166, 154, 1.0)",0.13416569022083022,4.442776041871227,-0.9523749451958485,7,0.23566827308445054,1.6496779115911537,0.0,0.0,0.0,0.0,41.67281102656672,-13.11110519438887,False,False,False,True,True,0.0
2025-05-02 16:00:00+00:00,4.315,4.355,4.3,4.325,744.0,,,,,,4.441439139225242,"rgba(38, 166, 154, 1.0)",0.13215020119422835,4.441439139225242,-0.881112084378175,7,0.23858432162694923,1.6700902513886446,0.0,0.0,0.0,0.0,41.165666872341895,-13.11110519438887,False,False,False,True,True,0.0
2025-05-02 17:00:00+00:00,4.31,4.32,4.28,4.3,1037.0,,,,,,4.439222962448081,"rgba(38, 166, 154, 1.0)",0.13525751215586482,4.439222962448081,-1.0293177822733202,7,0.24104823908748732,1.6873376736124113,0.0,0.0,0.0,0.0,40.000797993711615,-13.11110519438887,False,True,False,True,False,0.0
2025-05-02 18:00:00+00:00,4.3,4.315,4.275,4.285,515.0,,,,,,4.438099111178644,"rgba(38, 166, 154, 1.0)",0.13864898319331384,4.438099111178644,-1.1042209445213382,7,0.25015682229041547,1.7510977560329084,0.0,0.0,0.0,0.0,38.721580332002596,-13.11110519438887,False,True,False,True,False,0.0
2025-05-02 19:00:00+00:00,4.285,4.35,4.24,4.32,2712.0,,,,,,4.433079653171024,"rgba(38, 166, 154, 1.0)",0.1404805779913794,4.433079653171024,-0.8049486611449094,7,0.26114326391905535,1.8280028474333874,0.0,0.0,0.0,0.0,39.89205308851716,-13.11110519438887,False,True,False,True,False,0.0
2025-05-05 14:00:00+00:00,4.185,4.235,4.165,4.17,288.0,,,,,,4.432115491017938,"rgba(239, 83, 80, 1.0)",0.14678500549387533,4.432115491017938,-1.7857102647237006,7,0.27106097133921875,1.8974267993745313,0.0,0.0,0.0,0.0,36.24725310188161,-9.121500162744866,False,True,False,True,False,0.0
2025-05-05 15:00:00+00:00,4.17,4.195,4.15,4.19,343.0,,,,,,4.430927483651295,"rgba(239, 83, 80, 1.0)",0.15213161087369761,4.430927483651295,-1.583677989522615,7,0.2813364226037557,1.96935495822629,0.0,0.0,0.0,0.0,34.88366865652371,-10.531998566166678,False,True,False,True,False,0.0
2025-05-05 16:00:00+00:00,4.19,4.24,4.19,4.205,405.0,,,,,,4.42973829505426,"rgba(239, 83, 80, 1.0)",0.15672400714125928,4.42973829505426,-1.4339749165020859,7,0.2922464860054873,2.045725402038411,0.0,0.0,0.0,0.0,34.802331451801045,-10.818600294670368,False,True,False,True,False,0.0
2025-05-05 17:00:00+00:00,4.205,4.205,4.17,4.19,254.0,,,,,,4.428920956320067,"rgba(239, 83, 80, 1.0)",0.15889279064488077,4.428920956320067,-1.5036614018193313,7,0.3048664170509442,2.1340649193566095,0.0,0.0,0.0,0.0,34.291463956543616,-11.584913065763047,False,True,False,True,False,0.0
2025-05-05 18:00:00+00:00,4.19,4.2,4.17,4.17,313.0,,,,,,4.427890500414365,"rgba(239, 83, 80, 1.0)",0.160878416404637,4.427890500414365,-1.6030149113708683,7,0.3147570480534404,2.2032993363740827,0.0,0.0,0.0,0.0,33.32985148302363,-12.778794187573332,False,True,False,True,False,0.0
2025-05-05 19:00:00+00:00,4.18,4.19,4.11,4.11,3476.0,,,,,,4.415405804475764,"rgba(239, 83, 80, 1.0)",0.16223348206428137,4.415405804475764,-1.8825078558984114,7,0.32287983456275454,2.260158841939282,0.0,0.0,0.0,0.0,31.02467613464267,-15.157758109198106,False,True,False,True,False,0.0
2025-05-06 14:00:00+00:00,4.165,4.175,4.1,4.11,378.0,,,,,,4.4141125041339055,"rgba(239, 83, 80, 1.0)",0.1643728731921425,4.4141125041339055,-1.8501380320730605,7,0.3287307697441277,2.3011153882088937,0.0,0.0,0.0,0.0,29.487892569055365,-16.740790635349093,False,True,False,True,False,0.0
2025-05-06 15:00:00+00:00,4.11,4.17,4.09,4.14,1066.0,,,,,,4.410631265277036,"rgba(239, 83, 80, 1.0)",0.16520904039133472,4.410631265277036,-1.6381141409452273,7,0.335725771071509,2.3500803975005633,0.0,0.0,0.0,0.0,30.705191607206537,-16.740790635349093,False,True,False,True,False,0.0
2025-05-06 16:00:00+00:00,4.14,4.175,4.01,4.03,2807.0,,,,,,4.400061122160644,"rgba(239, 83, 80, 1.0)",0.1703471019276045,4.400061122160644,-2.1723945871290233,7,0.339361964093595,2.375533748655165,0.0,0.0,0.0,0.0,28.492288821069813,-17.759912140975928,False,True,False,True,False,0.0
2025-05-06 17:00:00+00:00,4.03,4.07,4.03,4.06,542.0,,,,,,4.398023510045428,"rgba(239, 83, 80, 1.0)",0.17382571265027746,4.398023510045428,-1.9446116739098505,7,0.3430957332221118,2.4016701325547825,0.0,0.0,0.0,0.0,28.978476129138336,-17.759912140975928,False,True,False,True,False,0.0
2025-05-06 18:00:00+00:00,4.065,4.11,4.06,4.1,323.0,,,,,,4.396963664617478,"rgba(239, 83, 80, 1.0)",0.1755987697221319,4.396963664617478,-1.691148890663611,6,0.36106421351968826,2.1663852811181297,0.0,0.0,0.0,0.0,31.73414068004758,-17.759912140975928,False,True,False,True,True,0.0
2025-05-06 19:00:00+00:00,4.095,4.125,4.09,4.1,2729.0,,,,,,4.3888919145031435,"rgba(239, 83, 80, 1.0)",0.17692434887607622,4.3888919145031435,-1.632855603755781,5,0.3402855213651037,1.7014276068255185,0.0,0.0,0.0,0.0,33.571250380653744,-20.260170951887137,False,True,False,True,True,0.0
2025-05-07 14:00:00+00:00,4.1,4.1,4.005,4.06,369.0,,,,,,4.387651275810497,"rgba(239, 83, 80, 1.0)",0.17889845627521742,4.387651275810497,-1.831493030361529,5,0.33902251905537756,1.6951125952768877,0.0,0.0,0.0,0.0,33.35025568501939,-20.260170951887137,False,True,False,True,True,0.0
2025-05-07 15:00:00+00:00,4.06,4.095,4.05,4.06,435.0,,,,,,4.386269677412396,"rgba(239, 83, 80, 1.0)",0.18037605861787942,4.386269677412396,-1.8088302844203266,5,0.3373444098700498,1.686722049350249,0.0,0.0,0.0,0.0,33.20292588792983,-20.260170951887137,False,True,False,True,True,0.0
2025-05-07 16:00:00+00:00,4.06,4.075,4.03,4.065,1508.0,,,,,,4.381432141390366,"rgba(239, 83, 80, 1.0)",0.1812361706435766,4.381432141390366,-1.7459657212282913,5,0.33481796031503797,1.6740898015751897,0.0,0.0,0.0,0.0,33.509255014613515,-19.82928611401467,False,True,False,True,True,0.0
2025-05-07 17:00:00+00:00,4.07,4.07,4.025,4.035,908.0,,,,,,4.378495413700766,"rgba(239, 83, 80, 1.0)",0.18419491243181432,4.378495413700766,-1.8648474551539085,4,0.37443306202440796,1.4977322480976318,0.0,0.0,0.0,0.0,32.47579992697859,-19.82928611401467,False,True,False,True,True,0.0
2025-05-07 18:00:00+00:00,4.03,4.055,3.985,4.045,3060.0,4.028333333333333,,,,,4.340317466850718,"rgba(239, 83, 80, 1.0)",0.18691574437562344,4.340317466850718,-1.5799496604055556,3,0.35882616443525195,1.0764784933057558,0.0,0.0,0.0,0.0,32.69629961057719,-19.82928611401467,False,True,False,True,True,0.0
2025-05-07 19:00:00+00:00,4.045,4.15,4.035,4.13,2923.0,4.065788901888684,,,,,4.337467344900205,"rgba(239, 83, 80, 1.0)",0.18771804138936915,4.337467344900205,-1.105207274509492,3,0.35609827760592044,1.0682948328177613,0.0,0.0,0.0,0.0,38.920667441900164,-14.387157400412683,True,False,False,True,True,0.0
2025-05-08 14:00:00+00:00,4.26,4.35,4.245,4.28,301.0,4.076608317419902,,,,,4.338267424315609,"rgba(38, 166, 154, 1.0)",0.1864338879994525,4.338267424315609,-0.3125366581196884,3,0.356392587199949,1.069177761599847,0.0,0.0,0.0,0.0,48.76355760121726,-5.62992604200678,True,False,False,False,True,0.0
2025-05-08 15:00:00+00:00,4.275,4.385,4.275,4.365,483.0,4.095527067632136,,,,,4.339890410496707,"rgba(38, 166, 154, 1.0)",0.18493858245178874,4.339890410496707,0.13577258552762328,3,0.3578390884254324,1.0735172652762972,0.0,0.0,0.0,0.0,57.24945125047695,1.4882959554727435,True,False,True,False,True,0.3152236808487885
2025-05-08 16:00:00+00:00,4.365,4.385,4.34,4.37,543.0,4.115544003647971,,,,,4.3417169237915125,"rgba(38, 166, 154, 1.0)",0.1837999303982789,4.3417169237915125,0.1538796894384048,4,0.2991890036018358,1.1967560144073432,0.0,0.0,0.0,0.0,63.00949841436764,6.027474757635218,True,False,True,False,True,0.47877880130739925
2025-05-08 17:00:00+00:00,4.38,4.38,4.35,4.36,152.0,4.120591441079246,,,,,4.342178972331875,"rgba(38, 166, 154, 1.0)",0.18299874464197366,4.342178972331875,0.09738333289111359,4,0.30033576235009724,1.201343049400389,0.0,0.0,0.0,0.0,66.19843546419654,8.39544329724447,True,False,True,False,True,0.14294516379961308
2025-05-08 18:00:00+00:00,4.36,4.365,4.35,4.365,114.0,4.124193945793735,,,,,4.342506795966984,"rgba(38, 166, 154, 1.0)",0.18082523542294499,4.342506795966984,0.12439195215427305,4,0.30014658861103793,1.2005863544441517,0.0,0.0,0.0,0.0,68.45719651954272,10.215028087193538,True,False,True,False,True,0.3124925983629616
2025-05-08 19:00:00+00:00,4.365,4.435,4.355,4.395,1728.0,4.1744898251648035,,,,,4.347602849311502,"rgba(38, 166, 154, 1.0)",0.17827319858388982,4.347602849311502,0.2658680669051537,4,0.3004821971396781,1.2019287885587124,0.0,0.0,0.0,0.0,70.76754200272745,12.342952949499619,True,False,True,False,True,1.3340214181088328
2025-05-09 14:00:00+00:00,4.465,4.475,4.385,4.44,246.0,4.181157417102966,,,,,4.348361183044995,"rgba(38, 166, 154, 1.0)",0.1771477725892454,4.348361183044995,0.5173015478297293,4,0.3019025494196196,1.2076101976784783,0.0,0.0,0.0,0.0,73.38221075585696,14.916389192082946,True,False,True,False,True,2.84457736886959
2025-05-09 15:00:00+00:00,4.44,4.44,4.39,4.415,800.0,4.199232206119162,,,,,4.350394537920816,"rgba(38, 166, 154, 1.0)",0.17534902132397812,4.350394537920816,0.3684392509942659,4,0.3024908427742806,1.2099633710971225,0.0,0.0,0.0,0.0,73.14271713691224,14.965190267045159,True,False,True,False,True,1.950077391624955
2025-05-09 16:00:00+00:00,4.415,4.455,4.39,4.455,381.0,4.207543875997887,,,,,4.351390614323526,"rgba(38, 166, 154, 1.0)",0.17453090281103137,4.351390614323526,0.5936449305407802,4,0.30274761728136623,1.210990469125465,0.0,0.0,0.0,0.0,74.07527706668273,16.316103882733728,True,False,True,False,True,3.295297996904452
2025-05-09 17:00:00+00:00,4.455,4.48,4.455,4.475,454.0,4.2181969900163905,,,,,4.352771059189675,"rgba(38, 166, 154, 1.0)",0.17449017112667822,4.352771059189675,0.7004918387155886,4,0.3028553821306085,1.211421528522434,0.0,0.0,0.0,0.0,75.20356101998702,17.909672727053106,True,False,True,False,True,3.9627253035092025
2025-05-09 18:00:00+00:00,4.475,4.55,4.47,4.535,1988.0,4.263491991194109,,,,,4.359392426073247,"rgba(38, 166, 154, 1.0)",0.1752761527696434,4.359392426073247,1.0018908513900673,4,0.3063280727874732,1.2253122911498928,0.0,0.0,0.0,0.0,77.2760004756787,20.36440609914264,True,False,True,False,True,5.930775162705682
2025-05-09 19:00:00+00:00,4.535,4.57,4.53,4.555,1707.0,4.296550739247311,,,,,4.364914843729648,"rgba(38, 166, 154, 1.0)",0.17631252964014144,4.364914843729648,1.0781148490031929,4,0.3101921942491217,1.2407687769964868,0.0,0.0,0.0,0.0,79.04049251016292,22.473580811734507,True,False,True,False,True,6.5755583973968434
2025-05-12 14:00:00+00:00,4.695,4.735,4.635,4.66,783.0,4.315552895358487,,,,,4.368483801280768,"rgba(38, 166, 154, 1.0)",0.1792405902388933,4.368483801280768,1.6263961100033018,4,0.31513670168140506,1.2605468067256203,0.0,0.0,0.0,0.0,81.77088037604028,25.41420327295016,True,False,True,False,True,9.83452526974293
2025-05-12 15:00:00+00:00,4.655,4.725,4.655,4.705,854.0,4.335171944057637,,,,,4.372360729526068,"rgba(38, 166, 154, 1.0)",0.18317967352517714,4.372360729526068,1.8159180223029106,4,0.31782068662306057,1.2712827464922423,0.0,0.0,0.0,0.0,84.07731006074305,27.878807214322762,True,False,True,False,True,11.164154151882162
2025-05-12 16:00:00+00:00,4.705,4.74,4.705,4.735,235.0,4.340663900827761,,,,,4.373484023545327,"rgba(38, 166, 154, 1.0)",0.18755539722179349,4.373484023545327,1.9275157196738142,4,0.3197267036792231,1.2789068147168925,0.0,0.0,0.0,0.0,85.9124205841376,29.879578323503367,True,False,True,False,True,12.038077857689345
2025-05-12 17:00:00+00:00,4.735,4.76,4.72,4.735,664.0,4.355825390445566,,,,,4.376666807252998,"rgba(38, 166, 154, 1.0)",0.19026517768061388,4.376666807252998,1.8833356535083559,4,0.3201055904459579,1.2804223617838315,0.0,0.0,0.0,0.0,87.13582759973399,31.32798110286855,True,False,True,False,True,12.038077857689345
2025-05-12 18:00:00+00:00,4.73,4.74,4.67,4.685,304.0,4.361701373212941,,,,,4.377933324233745,"rgba(38, 166, 154, 1.0)",0.19220683772557678,4.377933324233745,1.5975845573437333,4,0.32162718951614006,1.2865087580645602,0.0,0.0,0.0,0.0,83.69027416288287,31.32798110286855,True,False,True,False,False,10.018234987877207
2025-05-12 19:00:00+00:00,4.685,4.725,4.675,4.69,3215.0,4.413142186131677,,,,,4.390068701554316,"rgba(38, 166, 154, 1.0)",0.19402509821859767,4.390068701554316,1.5458376323446958,4,0.3230673196114828,1.292269278445931,0.0,0.0,0.0,0.0,81.5154306526621,31.32798110286855,True,False,True,False,False,10.171748471409398
2025-05-13 14:00:00+00:00,4.885,5.135,4.885,5.13,3151.0,4.4964577624622875,,,,,4.412025329831878,"rgba(38, 166, 154, 1.0)",0.21125265604172283,4.412025329831878,3.3986539323146796,4,0.30788051629437435,1.2315220651774974,0.0,0.0,0.0,0.0,84.70862897614472,31.32798110286855,True,False,True,False,True,20.0
2025-05-13 15:00:00+00:00,5.13,5.175,5.105,5.14,1232.0,4.527773191668641,,,,,4.421012053986224,"rgba(38, 166, 154, 1.0)",0.22763735582228933,4.421012053986224,3.1584796063747618,4,0.2942973090273572,1.1771892361094287,0.0,0.0,0.0,0.0,86.88301388135228,31.32798110286855,True,False,True,False,True,20.0
2025-05-13 16:00:00+00:00,5.14,5.18,5.135,5.16,706.0,4.544879534276053,,,,,4.426109826327673,"rgba(38, 166, 154, 1.0)",0.24314867731344356,4.426109826327673,3.018277466203393,4,0.28165273994817114,1.1266109597926846,0.0,0.0,0.0,0.0,88.43022397242852,32.65212617292002,True,False,True,False,True,20.0
2025-05-13 17:00:00+00:00,5.16,5.18,5.125,5.15,3030.0,4.608160494252082,,,,,4.446435140118074,"rgba(38, 166, 154, 1.0)",0.25734608800020037,4.446435140118074,2.7339248299798475,4,0.2709493666702993,1.0837974666811971,0.0,0.0,0.0,0.0,88.89909034647026,33.34399739806328,True,False,True,False,True,20.0
2025-05-13 18:00:00+00:00,5.15,5.26,5.15,5.225,764.0,4.623623594249557,,,,,4.451686444180186,"rgba(38, 166, 154, 1.0)",0.273177465995872,4.451686444180186,2.830810195126046,4,0.2581128296926727,1.0324513187706907,0.0,0.0,0.0,0.0,89.66781389611518,34.400775415384956,True,False,True,False,True,20.0
2025-05-13 19:00:00+00:00,5.235,5.44,5.215,5.34,13175.0,4.84060002015832,,,,,4.600503917214389,"rgba(38, 166, 154, 1.0)",0.2923021391309658,4.600503917214389,2.5299030824207565,3,0.29208046726651016,0.8762414017995305,0.0,0.0,0.0,0.0,90.7328596675655,35.754353008232584,True,False,True,False,True,20.0
2025-05-14 14:00:00+00:00,5.19,5.19,5.04,5.08,876.0,4.845846421542926,,,,,4.6025224143442385,"rgba(38, 166, 154, 1.0)",0.3013625514017715,4.6025224143442385,1.5843958827492024,3,0.2846773761710341,0.8540321285131023,0.0,0.0,0.0,0.0,81.41197208055038,36.93876686651723,True,False,True,False,False,16.107829172076972
2025-05-14 15:00:00+00:00,5.08,5.155,5.05,5.07,416.0,4.848155583154566,,,,,4.603448262593165,"rgba(38, 166, 154, 1.0)",0.3096195282152763,4.603448262593165,1.5068550103934173,3,0.2780620741862259,0.8341862225586778,0.0,0.0,0.0,0.0,74.90872356415446,31.21567581136793,True,False,True,False,False,15.765909497251684
2025-05-14 16:00:00+00:00,5.07,5.125,5.05,5.08,537.0,4.85099315068493,,,,,4.604623733011195,"rgba(38, 166, 154, 1.0)",0.31770980866589654,4.604623733011195,1.4962593348470097,3,0.27166175433700385,0.8149852630110115,0.0,0.0,0.0,0.0,70.76775084413404,27.735823048658858,True,False,True,False,False,15.991881214797523
2025-05-14 17:00:00+00:00,5.08,5.115,5.04,5.085,463.0,4.85333454786353,,,,,4.6056293294210535,"rgba(38, 166, 154, 1.0)",0.32533763473747496,4.6056293294210535,1.4734559405208854,3,0.26556977834997353,0.7967093350499206,0.0,0.0,0.0,0.0,68.1139268638911,25.491775350938468,True,False,True,False,False,16.106509971521426
2025-05-14 18:00:00+00:00,5.085,5.085,5.045,5.075,461.0,4.8555011731444635,,,,,4.606583305055663,"rgba(38, 166, 154, 1.0)",0.332529860475877,4.606583305055663,1.408645510132519,3,0.2600831720451609,0.7802495161354828,0.0,0.0,0.0,0.0,65.94989700640215,23.511291360530976,False,False,True,False,False,15.746746722070615
2025-05-14 19:00:00+00:00,5.07,5.115,5.065,5.075,3309.0,4.8709819930010525,,,,,4.614386811128876,"rgba(38, 166, 154, 1.0)",0.3395379743652162,4.614386811128876,1.3565881393156822,3,0.2552289846477805,0.7656869539433415,0.0,0.0,0.0,0.0,64.50721043474286,22.027887026804578,False,False,True,False,False,15.746746722070615
2025-05-15 14:00:00+00:00,4.745,4.82,4.735,4.785,751.0,4.869610120601265,,,,,4.625646011113292,"rgba(239, 83, 80, 1.0)",0.34118186215427876,4.625646011113292,0.4670646554319168,3,0.2543136807473934,0.7629410422421803,0.0,0.0,0.0,0.0,55.14341934067233,13.273588610735686,False,True,True,False,False,6.079072539357721
2025-05-15 15:00:00+00:00,4.785,4.84,4.76,4.815,288.0,4.8692386646438015,,,,,4.626016139969786,"rgba(239, 83, 80, 1.0)",0.34298668321796855,4.626016139969786,0.5509947449187553,3,0.2529248721262353,0.7587746163787059,0.0,0.0,0.0,0.0,49.86400118993028,8.586980818186355,False,True,False,True,False,6.845520246187494
2025-05-15 16:00:00+00:00,4.815,4.835,4.76,4.775,474.0,4.868495919685702,,,,,4.625834905766155,"rgba(239, 83, 80, 1.0)",0.34413153519186784,4.625834905766155,0.43345372039409225,3,0.2519819882313103,0.7559459646939308,0.0,0.0,0.0,0.0,45.50834235057537,4.697367306880032,False,True,False,True,False,5.625639852393139
2025-05-15 17:00:00+00:00,4.78,4.825,4.78,4.825,64.0,4.868421979512297,,,,,4.625879900793831,"rgba(239, 83, 80, 1.0)",0.34609275952870855,4.625879900793831,0.575337373360023,3,0.25054875153062645,0.7516462545918794,0.0,0.0,0.0,0.0,44.339411514633014,3.5760375662308235,False,True,False,True,False,6.919914275480906
2025-05-15 18:00:00+00:00,4.825,4.85,4.79,4.805,2454.0,4.86595244822866,,,,,4.6267327624771974,"rgba(239, 83, 80, 1.0)",0.34788837911652437,4.6267327624771974,0.5124265374299614,3,0.24932737612198366,0.747982128365951,0.0,0.0,0.0,0.0,43.059861682153254,2.085442375922746,False,True,False,True,False,6.300820804136823
2025-05-15 19:00:00+00:00,4.805,4.91,4.8,4.885,5388.0,4.8658646862993225,,,,,4.632335786059466,"rgba(239, 83, 80, 1.0)",0.3506945746439243,4.632335786059466,0.7204679861303104,3,0.24747207270319524,0.7424162181095857,0.0,0.0,0.0,0.0,44.95410231634867,2.085442375922746,False,True,False,True,False,8.356514268091356
2025-05-16 14:00:00+00:00,4.98,5.0,4.92,4.945,1101.0,4.867511987690585,,,,,4.634768276716608,"rgba(239, 83, 80, 1.0)",0.35433452407993393,4.634768276716608,0.875533435780611,3,0.2450822950697947,0.7352468852093841,0.0,0.0,0.0,0.0,48.00488225922344,2.085442375922746,False,True,False,False,True,9.848505856024591
2025-05-16 15:00:00+00:00,4.945,4.95,4.9,4.92,221.0,4.867718297767965,,,,,4.635132210206649,"rgba(239, 83, 80, 1.0)",0.3574657420743352,4.635132210206649,0.7969093433689445,3,0.24311373781922083,0.7293412134576625,0.0,0.0,0.0,0.0,49.19541565028453,2.085442375922746,False,True,False,False,True,9.048485121603171
2025-05-16 16:00:00+00:00,4.92,4.935,4.92,4.92,570.0,4.868259174590552,,,,,4.636066959895887,"rgba(239, 83, 80, 1.0)",0.36051098620037864,4.636066959895887,0.7875849862347827,3,0.24139689517475071,0.7241906855242521,0.0,0.0,0.0,0.0,49.98910457765859,2.085442375922746,False,True,False,False,True,9.048485121603171
2025-05-16 17:00:00+00:00,4.92,4.93,4.88,4.89,392.0,4.868463960850147,,,,,4.636558576740887,"rgba(239, 83, 80, 1.0)",0.36255707223915673,4.636558576740887,0.699038696704647,3,0.2398971704741122,0.7196915114223366,0.0,0.0,0.0,0.0,49.37828060042598,2.085442375922746,False,True,False,False,True,8.069830474330022
2025-05-16 18:00:00+00:00,4.89,4.915,4.855,4.86,454.0,4.868524799059006,,,,,4.636975889408288,"rgba(239, 83, 80, 1.0)",0.3640754055149832,4.636975889408288,0.6125767003575692,3,0.23865735599783297,0.7159720679934989,0.0,0.0,0.0,0.0,47.85677519981381,2.085442375922746,False,True,False,True,True,7.094420619539065
2025-05-16 19:00:00+00:00,4.86,4.9,4.835,4.885,3033.0,4.868751809479336,,,,,4.63963411867526,"rgba(239, 83, 80, 1.0)",0.36556262943035445,4.63963411867526,0.6712006686982376,3,0.23722077409827336,0.7116623222948201,0.0,0.0,0.0,0.0,47.966428436370904,2.085442375922746,False,True,False,True,True,7.765736843070222
2025-05-19 14:00:00+00:00,4.84,4.885,4.84,4.885,183.0,4.868755354814676,,,,,4.639787777401869,"rgba(239, 83, 80, 1.0)",0.3668149741016905,4.639787777401869,0.6684902196226904,3,0.23584556540133159,0.7075366962039947,0.0,0.0,0.0,0.0,48.03953059407563,2.085442375922746,False,True,False,True,True,7.765736843070222
2025-05-19 15:00:00+00:00,4.885,4.885,4.825,4.825,99.0,4.86871890836394,,,,,4.639840960920869,"rgba(239, 83, 80, 1.0)",0.3675564796949776,4.639840960920869,0.5037566994677624,3,0.23492350368216874,0.7047705110465062,0.0,0.0,0.0,0.0,45.573892475253395,0.6502260440335164,False,True,False,True,False,5.770324735547664
2025-05-19 16:00:00+00:00,4.825,4.86,4.805,4.815,225.0,4.868572785396589,,,,,4.639913081827742,"rgba(239, 83, 80, 1.0)",0.3682651928328973,4.639913081827742,0.47543705345974774,3,0.23410670833023872,0.7023201249907162,0.0,0.0,0.0,0.0,43.54382873081741,-1.6041426184405836,False,True,False,True,False,5.440502851673408
2025-05-19 17:00:00+00:00,4.815,4.84,4.8,4.815,204.0,4.868415004002709,,,,,4.639959816803118,"rgba(239, 83, 80, 1.0)",0.3694065486671792,4.639959816803118,0.4738415813916363,3,0.23330186585387794,0.6999055975616338,0.0,0.0,0.0,0.0,42.190452901193424,-3.1598171586762405,False,True,False,True,False,5.440502851673408
2025-05-19 18:00:00+00:00,4.815,4.82,4.78,4.79,259.0,4.868130056990978,,,,,4.639955200108864,"rgba(239, 83, 80, 1.0)",0.36987332869413303,4.639955200108864,0.4056653677108345,3,0.23267970832062593,0.6980391249618778,0.0,0.0,0.0,0.0,40.199030441290276,-5.2675577449857585,False,True,False,True,False,4.59444847956318
2025-05-19 19:00:00+00:00,4.79,4.85,4.785,4.845,3860.0,4.8658130293159605,,,,,4.64150523321048,"rgba(239, 83, 80, 1.0)",0.3704871640674447,4.64150523321048,0.5492626642052169,3,0.23173945090160822,0.6952183527048247,0.0,0.0,0.0,0.0,42.48586065393448,-5.2675577449857585,False,True,False,True,True,6.218470565083464
2025-05-20 14:00:00+00:00,4.775,4.805,4.765,4.8,275.0,4.8655124008651764,,,,,4.641522615122794,"rgba(239, 83, 80, 1.0)",0.37063285298487875,4.641522615122794,0.4275859077275908,3,0.23108829922795052,0.6932648976838516,0.0,0.0,0.0,0.0,41.88793498976854,-5.2675577449857585,False,True,False,True,True,4.6839260248586925
2025-05-20 15:00:00+00:00,4.8,4.82,4.78,4.81,1203.0,4.864452184882286,,,,,4.641795757198068,"rgba(239, 83, 80, 1.0)",0.3710493155829743,4.641795757198068,0.45332045024165457,3,0.230441995646358,0.691325986939074,0.0,0.0,0.0,0.0,42.13616394152382,-5.2675577449857585,False,True,False,True,True,4.983900302575375
2025-05-20 16:00:00+00:00,4.81,4.83,4.805,4.83,34.0,4.864431576163693,,,,,4.641810457216516,"rgba(239, 83, 80, 1.0)",0.37092309977398974,4.641810457216516,0.5073546050330963,3,0.22968010248884296,0.6890403074665289,0.0,0.0,0.0,0.0,43.61289977576193,-5.2675577449857585,False,True,False,True,True,5.588219659950919
2025-05-20 17:00:00+00:00,4.83,4.83,4.8,4.805,506.0,4.864056025206418,,,,,4.6419802871538725,"rgba(239, 83, 80, 1.0)",0.3709523293236341,4.6419802871538725,0.43946270169906965,3,0.22906907358538606,0.6872072207561581,0.0,0.0,0.0,0.0,43.23225667159624,-5.2675577449857585,False,True,False,True,True,4.7106754244861015
2025-05-20 18:00:00+00:00,4.805,4.805,4.705,4.745,978.0,4.862530907022241,,,,,4.641741231261384,"rgba(239, 83, 80, 1.0)",0.3698353298039149,4.641741231261384,0.279202013483578,3,0.22874433898632188,0.6862330169589657,0.0,0.0,0.0,0.0,40.26187976457909,-6.005612108655285,False,True,False,True,False,2.6402037722295617
2025-05-20 19:00:00+00:00,4.75,4.77,4.72,4.735,2949.0,4.85777979205545,,,,,4.6409799334966015,"rgba(239, 83, 80, 1.0)",0.3686829859705267,4.6409799334966015,0.2550160166895115,3,0.22845192211406082,0.6853557663421824,0.0,0.0,0.0,0.0,37.88430210732949,-8.293995141913314,False,True,False,True,False,2.298737452317063
2025-05-21 14:00:00+00:00,4.72,4.72,4.63,4.65,597.0,4.856270944364361,,,,,4.64045232999103,"rgba(239, 83, 80, 1.0)",0.3669229612050177,4.64045232999103,0.026020911794712547,3,0.22839393436030198,0.6851818030809059,0.0,0.0,0.0,0.0,33.54611011634045,-12.29415148447913,False,True,False,True,False,0.0
2025-05-21 15:00:00+00:00,4.65,4.675,4.625,4.655,195.0,4.855744671028332,,,,,4.640257633822058,"rgba(239, 83, 80, 1.0)",0.3649188852235416,4.640257633822058,0.04039902228932701,3,0.22831993183591334,0.68495979550774,0.0,0.0,0.0,0.0,31.060453468079515,-14.481289188890322,False,True,False,True,False,0.0
2025-05-21 16:00:00+00:00,4.655,4.67,4.63,4.665,186.0,4.855253361930576,,,,,4.640079828087392,"rgba(239, 83, 80, 1.0)",0.3632679129465967,4.640079828087392,0.06859998096300866,3,0.22824369564579228,0.6847310869373768,0.0,0.0,0.0,0.0,30.271366521237578,-15.178745610705434,False,True,False,True,False,0.0
2025-05-21 17:00:00+00:00,4.665,4.675,4.575,4.615,235.0,4.854533294854808,,,,,4.639786587468249,"rgba(239, 83, 80, 1.0)",0.35937006949222483,4.639786587468249,-0.0689723201024263,3,0.22827298794296472,0.6848189638288942,0.0,0.0,0.0,0.0,28.16333630008107,-17.199324788451406,False,True,False,True,False,0.0
2025-05-21 18:00:00+00:00,4.615,4.635,4.59,4.62,449.0,4.853130743416533,,,,,4.639209879569692,"rgba(239, 83, 80, 1.0)",0.3556719563594244,4.639209879569692,-0.05401010460965112,3,0.22825208292194923,0.6847562487658477,0.0,0.0,0.0,0.0,27.221088716965482,-18.176872501931392,False,True,False,True,False,0.0
2025-05-21 19:00:00+00:00,4.595,4.62,4.565,4.595,2429.0,4.845154003025284,,,,,4.63586266690255,"rgba(239, 83, 80, 1.0)",0.35212766419566033,4.63586266690255,-0.11604503439367489,3,0.22825456001981745,0.6847636800594523,0.0,0.0,0.0,0.0,25.805956409292968,-19.657165213514,False,True,False,True,False,0.0
2025-05-22 14:00:00+00:00,4.555,4.56,4.545,4.55,354.0,4.843846578158098,,,,,4.629705834891255,"rgba(239, 83, 80, 1.0)",0.34833557911255003,4.629705834891255,-0.22881910338967063,3,0.22825720849557585,0.6847716254867275,0.0,0.0,0.0,0.0,23.646817771501723,-21.823567781116296,False,True,False,True,False,0.0
2025-05-22 15:00:00+00:00,4.55,4.625,4.55,4.585,209.0,4.843171946515382,,,,,4.6303137965954635,"rgba(239, 83, 80, 1.0)",0.34395031591760433,4.6303137965954635,-0.13174518091246284,3,0.22825897946811283,0.6847769384043385,0.0,0.0,0.0,0.0,25.48689024813917,-21.823567781116296,False,True,False,True,True,0.0
2025-05-22 16:00:00+00:00,4.585,4.65,4.585,4.59,616.0,4.841370220450865,,,,,4.631194654976564,"rgba(239, 83, 80, 1.0)",0.3381660927803177,4.631194654976564,-0.12181781632177333,3,0.22825944066564285,0.6847783219969286,0.0,0.0,0.0,0.0,27.167491899614053,-21.823567781116296,False,True,False,True,True,0.0
2025-05-22 17:00:00+00:00,4.59,4.645,4.59,4.625,269.0,4.8406310281905185,,,,,4.631348618490288,"rgba(239, 83, 80, 1.0)",0.33207582169039584,4.631348618490288,-0.01911797871332934,3,0.2283063471919278,0.6849190415757834,0.0,0.0,0.0,0.0,31.332612775425247,-23.407823730249742,False,True,False,True,True,0.0
2025-05-22 18:00:00+00:00,4.625,4.645,4.625,4.64,329.0,4.839801433257508,,,,,4.631624584471752,"rgba(239, 83, 80, 1.0)",0.3263799946395325,4.631624584471752,0.025661546865020146,2,0.16661531875481567,0.33323063750963133,0.0,0.0,0.0,0.0,35.30833113322347,-19.785255564668518,False,True,False,True,True,0.0
2025-05-22 19:00:00+00:00,4.64,4.675,4.63,4.655,2509.0,4.834191537665223,,,,,4.63214460867049,"rgba(239, 83, 80, 1.0)",0.31765828146576675,4.63214460867049,0.07194961587038948,2,0.16692473360036464,0.3338494672007293,0.0,0.0,0.0,0.0,39.14752190931854,-16.35225652128615,False,True,False,True,True,0.0
2025-05-23 14:00:00+00:00,4.68,4.68,4.635,4.635,313.0,4.83350282722096,,,,,4.632045754314161,"rgba(239, 83, 80, 1.0)",0.30934190536429923,4.632045754314161,0.009550098562817062,2,0.16737785042809267,0.33475570085618533,0.0,0.0,0.0,0.0,40.36224865359556,-15.29897402314878,False,True,False,True,True,0.0
2025-05-23 15:00:00+00:00,4.635,4.7,4.635,4.64,301.0,4.832875218721357,,,,,4.631996573515286,"rgba(239, 83, 80, 1.0)",0.3016874762619988,4.631996573515286,0.02652886551300929,2,0.16788537398501413,0.33577074797002826,0.0,0.0,0.0,0.0,41.62319882514623,-14.040994279212768,False,False,False,True,True,0.0
2025-05-23 16:00:00+00:00,4.65,4.675,4.63,4.67,49.0,4.832773475295424,,,,,4.6319876175575105,"rgba(239, 83, 80, 1.0)",0.2935906938162318,4.6319876175575105,0.12947407136236616,2,0.16822623752754212,0.33645247505508424,0.0,0.0,0.0,0.0,45.027543767636274,-10.752417180470758,False,False,False,True,True,0.5277069748545138
2025-05-23 17:00:00+00:00,4.67,4.695,4.67,4.685,456.0,4.831967181756511,,,,,4.632119646035969,"rgba(239, 83, 80, 1.0)",0.28383950546896375,4.632119646035969,0.1863037137013781,2,0.16847772304137304,0.3369554460827461,0.0,0.0,0.0,0.0,48.451228571830384,-7.513993838770517,True,False,False,False,True,1.091411586386382
2025-05-23 18:00:00+00:00,4.685,4.715,4.655,4.695,130.0,4.831746587749765,,,,,4.63216257044366,"rgba(239, 83, 80, 1.0)",0.27346991204297766,4.63216257044366,0.22977821979357105,1,0.14876484604385992,0.14876484604385992,0.0,0.0,0.0,0.0,51.49595314519044,-4.653700162318515,True,False,True,False,True,1.4700318943739958
2025-05-23 19:00:00+00:00,4.7,4.74,4.695,4.725,897.0,4.830574818122659,,,,,4.6328865269708555,"rgba(239, 83, 80, 1.0)",0.26255925114221673,4.6328865269708555,0.35082927997555263,0,,,0.0,0.0,0.0,0.0,55.607406905879714,-0.8254414194189579,True,False,True,False,True,2.6053322014029696
2025-05-26 14:00:00+00:00,4.725,4.725,4.725,4.725,0.0,4.830574818122659,,,,,4.6328865269708555,"rgba(239, 83, 80, 1.0)",0.24975092096431584,4.6328865269708555,0.3688213547861362,0,,,0.0,0.0,0.0,0.0,58.34837607967256,1.7174999586211328,True,False,True,False,True,2.6053322014029696
2025-05-26 15:00:00+00:00,4.725,4.725,4.725,4.725,0.0,4.830574818122659,,,,,4.6328865269708555,"rgba(239, 83, 80, 1.0)",0.23628969469661887,4.6328865269708555,0.38983279887602423,0,,,0.0,0.0,0.0,0.0,60.17568886220113,3.5005787184571346,True,False,True,False,True,2.6053322014029696
2025-05-26 16:00:00+00:00,4.725,4.725,4.725,4.725,0.0,4.830574818122659,,,,,4.6328865269708555,"rgba(239, 83, 80, 1.0)",0.22506601634123563,4.6328865269708555,0.40927313028674045,0,,,0.0,0.0,0.0,0.0,61.393897383886845,4.835661019200799,True,False,True,False,True,2.6053322014029696
2025-05-26 17:00:00+00:00,4.725,4.725,4.725,4.725,0.0,4.830574818122659,,,,,4.6328865269708555,"rgba(239, 83, 80, 1.0)",0.2181757288257572,4.6328865269708555,0.4221985347541075,0,,,0.0,0.0,0.0,0.0,62.20603639834398,5.903714805396746,True,False,True,False,True,2.6053322014029696
2025-05-26 18:00:00+00:00,4.725,4.725,4.725,4.725,0.0,4.830574818122659,,,,,4.6328865269708555,"rgba(239, 83, 80, 1.0)",0.2132867629348924,4.6328865269708555,0.4318761828518285,0,,,0.0,0.0,0.0,0.0,62.74746240798207,6.806876531701761,True,False,True,False,True,2.6053322014029696
2025-05-26 19:00:00+00:00,4.725,4.725,4.725,4.725,0.0,4.830574818122659,,,,,4.6328865269708555,"rgba(239, 83, 80, 1.0)",0.2083011939173398,4.6328865269708555,0.44221289036728995,0,,,0.0,0.0,0.0,0.0,63.10841308107413,7.600866431202654,True,False,True,False,True,2.6053322014029696
2025-05-27 14:00:00+00:00,4.72,4.745,4.695,4.705,627.0,4.829733859425167,,,,,4.633234221889658,"rgba(239, 83, 80, 1.0)",0.2028875559524591,4.633234221889658,0.35372193121178275,0,,,0.0,0.0,0.0,0.0,59.45716744038832,7.600866431202654,True,False,True,False,False,1.6959529588453535
2025-05-27 15:00:00+00:00,4.705,4.75,4.705,4.745,136.0,4.829581952587305,,,,,4.633342940336054,"rgba(38, 166, 154, 1.0)",0.19721294568548958,4.633342940336054,0.5661751021254653,0,,,0.0,0.0,0.0,0.0,61.67301692100544,7.600866431202654,True,False,True,False,True,3.4080238555704554
2025-05-27 16:00:00+00:00,4.745,4.75,4.72,4.735,276.0,4.829280450902035,,,,,4.633560790555546,"rgba(38, 166, 154, 1.0)",0.19211794894363274,4.633560790555546,0.5280048532800905,0,,,0.0,0.0,0.0,0.0,61.480269807720774,7.600866431202654,True,False,True,False,True,2.943627992508432
2025-05-27 17:00:00+00:00,4.735,4.735,4.705,4.725,94.0,4.829163743904502,,,,,4.633611862329344,"rgba(38, 166, 154, 1.0)",0.1880139682370814,4.633611862329344,0.4860710006153222,0,,,0.0,0.0,0.0,0.0,59.751841372596516,7.600866431202654,True,False,True,False,True,2.4753912000351797
2025-05-27 18:00:00+00:00,4.725,4.745,4.705,4.74,705.0,4.828363679365842,,,,,4.634051414979841,"rgba(38, 166, 154, 1.0)",0.18300438137816719,4.634051414979841,0.5789401555431778,0,,,0.0,0.0,0.0,0.0,60.3048724575033,7.600866431202654,True,False,True,False,True,3.136176575037787
2025-05-27 19:00:00+00:00,4.74,4.76,4.71,4.76,1171.0,4.827239249254675,,,,,4.634884949441763,"rgba(38, 166, 154, 1.0)",0.17877082818237186,4.634884949441763,0.6998627898652543,0,,,0.0,0.0,0.0,0.0,62.59477242192531,8.102889275079576,True,False,True,False,True,4.016105334547895
2025-05-28 14:00:00+00:00,4.685,4.8,4.685,4.8,307.0,4.82701270177097,,,,,4.643065064467878,"rgba(38, 166, 154, 1.0)",0.17479589126637318,4.643065064467878,0.8978182175516184,0,,,0.0,0.0,0.0,0.0,66.87356348920525,12.210525928212228,True,False,True,False,True,5.746646447712308
2025-05-28 15:00:00+00:00,4.8,4.805,4.75,4.785,772.0,4.826607777071176,,,,,4.644664252918693,"rgba(38, 166, 154, 1.0)",0.17204257801094136,4.644664252918693,0.8157035816586198,0,,,0.0,0.0,0.0,0.0,67.31394957237065,12.683856080446539,True,False,True,False,True,5.000336716686963
2025-05-28 16:00:00+00:00,4.785,4.815,4.785,4.795,314.0,4.826509070357812,,,,,4.645364975781504,"rgba(38, 166, 154, 1.0)",0.1695818386502583,4.645364975781504,0.8823764703194394,0,,,0.0,0.0,0.0,0.0,68.31914321522599,13.794818302897426,True,False,True,False,True,5.437708894088001
2025-05-28 17:00:00+00:00,4.815,4.84,4.79,4.795,1049.0,4.826299536233158,,,,,4.656865609571573,"rgba(38, 166, 154, 1.0)",0.1687233462433988,4.656865609571573,0.8187034782320871,0,,,0.0,0.0,0.0,0.0,68.9892723104629,14.646599376044918,True,False,True,False,True,5.437708894088001
2025-05-28 18:00:00+00:00,4.78,4.8,4.76,4.77,124.0,4.826231992215222,,,,,4.656715979844755,"rgba(38, 166, 154, 1.0)",0.1683536603550907,4.656715979844755,0.6728931222303492,0,,,0.0,0.0,0.0,0.0,65.32940927780298,14.646599376044918,True,False,True,False,False,4.1503609061209445
2025-05-28 19:00:00+00:00,4.745,4.78,4.72,4.77,2697.0,4.82423212350548,,,,,4.6549511070270535,"rgba(38, 166, 154, 1.0)",0.16819457308253646,4.6549511070270535,0.6840226225164189,0,,,0.0,0.0,0.0,0.0,62.88950058936304,17.424092867290668,True,False,True,False,False,4.150360906120955
2025-05-29 14:00:00+00:00,4.735,4.765,4.71,4.76,1107.0,4.823308102090839,,,,,4.65465658165886,"rgba(38, 166, 154, 1.0)",0.16806999292712788,4.65465658165886,0.6267830235871725,0,,,0.0,0.0,0.0,0.0,59.687784138821655,14.435338593715556,True,False,True,False,False,3.6262638193227694
2025-05-29 15:00:00+00:00,4.76,4.765,4.735,4.74,247.0,4.82310918821605,,,,,4.65463431458647,"rgba(38, 166, 154, 1.0)",0.16763812376826115,4.65463431458647,0.5092259653987615,0,,,0.0,0.0,0.0,0.0,54.80221291207046,9.984718104702125,True,False,True,False,False,2.577926768079948
2025-05-29 16:00:00+00:00,4.74,4.74,4.715,4.735,142.0,4.8229704686062815,,,,,4.654556180103144,"rgba(38, 166, 154, 1.0)",0.16728152351084807,4.654556180103144,0.48088885256738645,0,,,0.0,0.0,0.0,0.0,50.91856347763106,6.560501878153573,False,False,False,False,False,2.3149540283539842
2025-05-29 17:00:00+00:00,4.735,4.765,4.735,4.75,636.0,4.822486772211047,,,,,4.654602262942569,"rgba(38, 166, 154, 1.0)",0.16319382716643263,4.654602262942569,0.5845670679696741,0,,,0.0,0.0,0.0,0.0,50.66954535160926,6.404745281763198,False,False,False,False,False,3.06145332136548
2025-05-29 18:00:00+00:00,4.75,4.775,4.74,4.76,1100.0,4.821759611322349,,,,,4.654958941441742,"rgba(38, 166, 154, 1.0)",0.15851373317036543,4.654958941441742,0.6626621962487188,2,0.10130012358138804,0.20260024716277608,0.0,0.0,0.0,0.0,51.91146322804589,6.404745281763198,False,False,False,False,False,3.560573303660483
2025-05-29 19:00:00+00:00,4.76,4.77,4.72,4.75,1727.0,4.820446659377299,,,,,4.655106555212214,"rgba(38, 166, 154, 1.0)",0.15293250586894047,4.655106555212214,0.6204923161927882,2,0.10520940396909156,0.21041880793818313,0.0,0.0,0.0,0.0,51.16085469067284,6.404745281763198,False,False,False,False,False,3.008294968135612
2025-05-30 14:00:00+00:00,4.71,4.765,4.71,4.745,654.0,4.819917511499108,,,,,4.655101644444276,"rgba(38, 166, 154, 1.0)",0.14728855664620058,4.655101644444276,0.6103553297196577,2,0.10964101009650704,0.21928202019301407,0.0,0.0,0.0,0.0,49.88766081030021,5.186401346986187,False,False,False,False,False,2.7295011290899573
2025-05-30 15:00:00+00:00,4.745,4.76,4.705,4.705,219.0,4.819705242840561,,,,,4.655032013784808,"rgba(239, 83, 80, 1.0)",0.13851259415208717,4.655032013784808,0.3607468802463324,2,0.11529457578740965,0.2305891515748193,0.0,0.0,0.0,0.0,44.37011807116183,-0.1252670571724721,False,True,False,True,False,0.5260517399137221
2025-05-30 16:00:00+00:00,4.705,4.755,4.665,4.755,123.0,4.819588486853095,,,,,4.658887593090318,"rgba(239, 83, 80, 1.0)",0.12224226425902456,4.658887593090318,0.7862453096093251,2,0.12187198425993101,0.24374396851986202,0.0,0.0,0.0,0.0,47.22069213922034,-0.1252670571724721,False,False,False,True,True,3.124892351357609
2025-05-30 17:00:00+00:00,4.765,4.865,4.765,4.855,1601.0,4.8197265983368025,,,,,4.666673325329218,"rgba(38, 166, 154, 1.0)",0.117324605531257,4.666673325329218,1.6051762869180017,2,0.12775717731786432,0.25551435463572864,0.0,0.0,0.0,0.0,55.366447745253176,-1.0471699102711653,True,False,True,False,True,7.903270727294792
2025-05-30 18:00:00+00:00,4.855,4.865,4.825,4.825,57.0,4.819737054856647,,,,,4.66679463329509,"rgba(38, 166, 154, 1.0)",0.1122226310461526,4.66679463329509,1.4097456567369835,2,0.13169193043428967,0.26338386086857934,0.0,0.0,0.0,0.0,57.968541785704616,1.095342377935367,True,False,True,False,True,6.249714187742946
2025-05-30 19:00:00+00:00,4.825,4.825,4.745,4.76,669.0,4.8194548321694075,,,,,4.666476090638111,"rgba(38, 166, 154, 1.0)",0.10615800734058861,4.666476090638111,0.8809878002121379,1,0.1338272139521812,0.1338272139521812,0.0,0.0,0.0,0.0,54.98673246070495,1.095342377935367,False,False,True,False,True,2.818133458852568
2025-06-02 14:00:00+00:00,4.885,4.915,4.845,4.865,321.0,4.819628922650315,,,,,4.6675711189568325,"rgba(38, 166, 154, 1.0)",0.1000528238860328,4.6675711189568325,1.973246464967876,1,0.13681153768525708,0.13681153768525708,0.0,0.0,0.0,0.0,57.91458066960614,1.095342377935367,True,False,True,False,True,7.5162264073942495
2025-06-02 15:00:00+00:00,4.865,4.905,4.835,4.885,679.0,4.819993598261831,,,,,4.6695699461437155,"rgba(38, 166, 154, 1.0)",0.0942527271572472,4.6695699461437155,2.2856638778936347,1,0.14020802293899473,0.14020802293899473,0.0,0.0,0.0,0.0,60.57141815259605,3.0695122884698236,True,False,True,False,True,8.359265842668204
2025-06-02 16:00:00+00:00,4.885,4.895,4.85,4.875,1085.0,4.820549103172013,,,,,4.672176815735685,"rgba(38, 166, 154, 1.0)",0.0878079907710291,4.672176815735685,2.3098488245016733,1,0.1439536500991971,0.1439536500991971,0.0,0.0,0.0,0.0,61.644466538521655,4.26939084311919,True,False,True,False,True,7.831322817847248
2025-06-02 17:00:00+00:00,4.87,4.88,4.815,4.815,252.0,4.82058799496971,,,,,4.6724803478428685,"rgba(38, 166, 154, 1.0)",0.08800721714877799,4.6724803478428685,1.6194086891328419,1,0.14770982737481245,0.14770982737481245,0.0,0.0,0.0,0.0,58.60310411780223,4.26939084311919,True,False,True,False,True,4.739381706457113
2025-06-02 18:00:00+00:00,4.815,4.82,4.755,4.81,124.0,4.820557649024146,,,,,4.672495298510963,"rgba(38, 166, 154, 1.0)",0.08796457108272432,4.672495298510963,1.5631827654763786,1,0.15093762544582504,0.15093762544582504,0.0,0.0,0.0,0.0,56.29028417372113,4.26939084311919,False,False,True,False,False,4.4870767278377315
2025-06-02 19:00:00+00:00,4.81,4.84,4.81,4.835,1471.0,4.8206655254694475,,,,,4.673924119727831,"rgba(38, 166, 154, 1.0)",0.08840284533353529,4.673924119727831,1.8220666955282456,1,0.15497259829765198,0.15497259829765198,0.0,0.0,0.0,0.0,56.101081141741545,4.26939084311919,False,False,True,False,False,5.607315434272813
2025-06-03 14:00:00+00:00,4.865,4.915,4.815,4.895,692.0,4.821017840912286,,,,,4.675255983201767,"rgba(38, 166, 154, 1.0)",0.08948551646864178,4.675255983201767,2.4556378000593755,1,0.1582408273101825,0.1582408273101825,0.0,0.0,0.0,0.0,58.7023081154136,4.26939084311919,True,False,True,False,False,8.206062813995135
2025-06-03 15:00:00+00:00,4.895,4.965,4.86,4.9,1808.0,4.822472442081533,,,,,4.679513886836094,"rgba(38, 166, 154, 1.0)",0.0908127466546237,4.679513886836094,2.427920322710336,1,0.16136182551373446,0.16136182551373446,0.0,0.0,0.0,0.0,60.64135060908352,4.26939084311919,True,False,True,False,True,8.418093773314162
2025-06-03 16:00:00+00:00,4.9,4.945,4.87,4.945,1721.0,4.82399484504913,,,,,4.683372154455985,"rgba(38, 166, 154, 1.0)",0.09218332694022106,4.683372154455985,2.838125442290396,1,0.16312208049199103,0.16312208049199103,0.0,0.0,0.0,0.0,63.67334918086568,7.356355687834551,True,False,True,False,True,10.304151922967439
2025-06-03 17:00:00+00:00,4.95,4.965,4.89,4.895,1558.0,4.825286190016218,,,,,4.6864188648664005,"rgba(38, 166, 154, 1.0)",0.09100598930890211,4.6864188648664005,2.2919495378003205,1,0.16509597077773394,0.16509597077773394,0.0,0.0,0.0,0.0,62.08498248978529,7.356355687834551,True,False,True,False,True,7.649719623778381
2025-06-03 18:00:00+00:00,4.895,4.96,4.89,4.955,2165.0,4.827370283605181,,,,,4.690822142266629,"rgba(38, 166, 154, 1.0)",0.09192231345932081,4.690822142266629,2.8739252504809905,1,0.16510852182987262,0.16510852182987262,0.0,0.0,0.0,0.0,63.39984992758231,7.449493187955355,True,False,True,False,True,10.121760844262809
2025-06-03 19:00:00+00:00,4.955,4.97,4.93,4.95,2226.0,4.829719475497494,,,,,4.695336776352742,"rgba(38, 166, 154, 1.0)",0.09268769610369508,4.695336776352742,2.7475407670328913,1,0.164806124737151,0.164806124737151,0.0,0.0,0.0,0.0,63.92454703507273,8.296204873475432,True,False,True,False,True,9.856913143059312
2025-06-04 14:00:00+00:00,5.0,5.015,4.925,4.925,112.0,4.829840112571754,,,,,4.709214309489982,"rgba(38, 166, 154, 1.0)",0.0934314317156403,4.709214309489982,2.3095620665084513,1,0.16456822815090352,0.16456822815090352,1.0,0.0,5.015,375.0,62.48736019624728,8.296204873475432,True,False,True,False,True,8.530903397836198
2025-06-04 15:00:00+00:00,4.925,4.94,4.845,4.855,837.0,4.83019849535061,,,,,4.70650085149916,"rgba(38, 166, 154, 1.0)",0.09336188430748046,4.70650085149916,1.5905757430063137,1,0.1647399654276518,0.1647399654276518,0.0,0.0,0.0,0.0,57.43006926091686,12.878999897550784,False,False,True,False,False,4.960896172585397
2025-06-04 16:00:00+00:00,4.855,4.86,4.83,4.85,244.0,4.830232724546817,,,,,4.706167968085385,"rgba(38, 166, 154, 1.0)",0.09282129493168427,4.706167968085385,1.549558557876982,1,0.16533045461878115,0.16533045461878115,0.0,0.0,0.0,0.0,53.80135895690199,9.464382795308495,False,True,True,False,False,4.7125858905116615
2025-06-04 17:00:00+00:00,4.85,4.86,4.84,4.85,1129.0,4.830421022434843,,,,,4.706003235409514,"rgba(38, 166, 154, 1.0)",0.09227514672274774,4.706003235409514,1.560515151746569,1,0.16589864613594432,0.16589864613594432,0.0,0.0,0.0,0.0,51.38221875422542,7.197655308497772,False,True,False,False,False,4.7125858905116615
2025-06-04 18:00:00+00:00,4.85,4.905,4.85,4.86,554.0,4.830612919028623,,,,,4.706505081445766,"rgba(38, 166, 154, 1.0)",0.09269381934166954,4.706505081445766,1.6559347715347905,1,0.16962857936970727,0.16962857936970727,0.0,0.0,0.0,0.0,50.475784626105934,6.246791269173485,False,True,False,False,False,5.164205688160756
2025-06-04 19:00:00+00:00,4.86,4.94,4.86,4.9,2439.0,4.832005639953695,,,,,4.709954761956671,"rgba(38, 166, 154, 1.0)",0.09387671616455154,4.709954761956671,2.0244129301477614,1,0.1737315227056056,0.1737315227056056,0.0,0.0,0.0,0.0,52.46189747298576,6.246791269173485,False,True,True,False,False,6.948902530200705
2025-06-05 14:00:00+00:00,4.87,4.88,4.78,4.8,938.0,4.831913675018238,,,,,4.709632656695042,"rgba(38, 166, 154, 1.0)",0.09377820296504558,4.709632656695042,0.9636284386750353,1,0.17921147651178326,0.17921147651178326,0.0,0.0,0.0,0.0,48.16866260463207,4.04108987008302,False,True,False,True,False,1.9333915081850463
2025-06-05 15:00:00+00:00,4.8,4.82,4.78,4.8,3282.0,4.831080641141881,,,,,4.7083366858116555,"rgba(38, 166, 154, 1.0)",0.09382593621333198,4.7083366858116555,0.9769507013490327,1,0.18501623488005067,0.18501623488005067,0.0,0.0,0.0,0.0,45.306506025729604,1.3339860962698467,False,True,False,True,False,1.9333915081850463
2025-06-05 16:00:00+00:00,4.795,4.81,4.76,4.77,1642.0,4.8304221622074275,,,,,4.707579553382229,"rgba(38, 166, 154, 1.0)",0.09332699463676013,4.707579553382229,0.6688359232044122,1,0.19493371543132035,0.19493371543132035,0.0,0.0,0.0,0.0,42.05480291008584,-1.7344121153740062,False,True,False,True,False,0.49017469048783724
2025-06-05 17:00:00+00:00,4.77,4.79,4.77,4.775,1039.0,4.830000713831458,,,,,4.7071796218628466,"rgba(38, 166, 154, 1.0)",0.09323017142999786,4.7071796218628466,0.7274509646062051,1,0.2156170979628418,0.2156170979628418,0.0,0.0,0.0,0.0,40.28950497950821,-3.4542965133155334,False,True,False,True,False,0.7271317068194598
2025-06-05 18:00:00+00:00,4.775,4.78,4.73,4.74,805.0,4.8295023345199395,,,,,4.706608936328164,"rgba(239, 83, 80, 1.0)",0.09307920680120052,4.706608936328164,0.3587381631125585,1,0.22241130993232155,0.22241130993232155,0.0,0.0,0.0,0.0,37.53720732260252,-6.1525476839305995,False,True,False,True,False,0.0
2025-06-05 19:00:00+00:00,4.74,4.775,4.71,4.72,1925.0,4.82811519056515,,,,,4.705071597050258,"rgba(239, 83, 80, 1.0)",0.09282226550227522,4.705071597050258,0.16082782367960502,1,0.22931698225567418,0.22931698225567418,0.0,0.0,0.0,0.0,34.887162050623054,-8.755408477224798,False,True,False,True,False,0.0
2025-06-06 14:00:00+00:00,4.795,4.83,4.75,4.82,887.0,4.827926310793343,,,,,4.705154009228612,"rgba(239, 83, 80, 1.0)",0.09294055060062775,4.705154009228612,1.235693032042492,1,0.2381679516084854,0.2381679516084854,0.0,0.0,0.0,0.0,40.17177006921537,-8.755408477224798,False,True,False,True,True,2.8077139564965563
2025-06-06 15:00:00+00:00,4.82,4.865,4.82,4.85,461.0,4.827985717484445,,,,,4.705450622113313,"rgba(239, 83, 80, 1.0)",0.09352496414819324,4.705450622113313,1.5455699898226516,1,0.24829021163224294,0.24829021163224294,0.0,0.0,0.0,0.0,45.206431636147926,-11.887145516742144,False,True,False,True,True,4.136147502585551
2025-06-06 16:00:00+00:00,4.85,4.875,4.81,4.81,1023.0,4.828013920928329,,,,,4.705935985460525,"rgba(239, 83, 80, 1.0)",0.09365708007753909,4.705935985460525,1.1111174345102328,1,0.25968062843446005,0.25968062843446005,0.0,0.0,0.0,0.0,46.327254208139195,-10.87100515033437,False,True,False,True,True,2.203300111294702
2025-06-06 17:00:00+00:00,4.81,4.815,4.765,4.795,977.0,4.827749882893534,,,,,4.705946696154478,"rgba(239, 83, 80, 1.0)",0.09283192212686164,4.705946696154478,0.9592961322488187,1,0.2731518723188148,0.2731518723188148,0.0,0.0,0.0,0.0,46.28610909280083,-10.695331014441066,False,True,False,True,True,1.4884357722951727
2025-06-06 18:00:00+00:00,4.795,4.8,4.76,4.77,263.0,4.827650185025775,,,,,4.705907553292896,"rgba(239, 83, 80, 1.0)",0.09197419340366192,4.705907553292896,0.696852501068544,1,0.2731464693717722,0.2731464693717722,0.0,0.0,0.0,0.0,44.970133157837175,-10.695331014441066,False,True,False,True,True,0.30261111273360797
2025-06-06 19:00:00+00:00,4.77,4.82,4.735,4.74,5088.0,4.825370758368849,,,,,4.704821628647814,"rgba(239, 83, 80, 1.0)",0.09128546453865478,4.704821628647814,0.3853666246863456,1,0.2731307649508517,0.2731307649508517,0.0,0.0,0.0,0.0,42.66058426045277,-10.695331014441066,False,True,False,True,False,0.0
2025-06-09 14:00:00+00:00,4.705,4.74,4.705,4.725,1128.0,4.82455429683436,,,,,4.704189060115554,"rgba(239, 83, 80, 1.0)",0.08970858727364181,4.704189060115554,0.23198381021167297,1,0.2726713036312809,0.2726713036312809,0.0,0.0,0.0,0.0,40.436105105656964,-10.695331014441066,False,True,False,True,False,0.0
2025-06-09 15:00:00+00:00,4.725,4.75,4.7,4.72,2587.0,4.822730247958447,,,,,4.702884037551094,"rgba(239, 83, 80, 1.0)",0.08822917537520897,4.702884037551094,0.19399436043822776,1,0.27252355871259953,0.27252355871259953,0.0,0.0,0.0,0.0,38.715015830060906,-5.180926484540869,False,True,False,True,False,0.0
2025-06-09 16:00:00+00:00,4.715,4.74,4.69,4.725,3635.0,4.820152134824337,4.718333333333333,,,,4.702030482949891,"rgba(239, 83, 80, 1.0)",0.08603283471239719,4.702030482949891,0.26698547277785367,1,0.27223650007687134,0.27223650007687134,0.0,0.0,0.0,0.0,38.03888852840251,-6.157349714242933,False,True,False,True,False,0.0
2025-06-09 17:00:00+00:00,4.725,4.75,4.715,4.725,704.0,4.819723007297823,4.720226242605824,,,,4.701910940959191,"rgba(239, 83, 80, 1.0)",0.08228236376885033,4.701910940959191,0.2806076294267717,1,0.27386446869591835,0.27386446869591835,0.0,0.0,0.0,0.0,37.58813699396358,-6.987365959480094,False,True,False,True,False,0.0
2025-06-09 18:00:00+00:00,4.73,4.735,4.705,4.73,693.0,4.8192734642968516,4.720654146793853,,,,4.701691244426309,"rgba(239, 83, 80, 1.0)",0.07948182408804168,4.701691244426309,0.3561664053197134,1,0.2786922947009441,0.2786922947009441,0.0,0.0,0.0,0.0,37.855359321910896,-7.153130695511173,False,True,False,True,False,0.0
2025-06-09 19:00:00+00:00,4.73,4.73,4.69,4.705,2659.0,4.817323118457301,4.716394487062802,,,,4.70657474655854,"rgba(239, 83, 80, 1.0)",0.07695189792718987,4.70657474655854,-0.02046403793744051,1,0.28195664258456204,0.28195664258456204,0.0,0.0,0.0,0.0,36.35166552440422,-8.983227233516473,False,True,False,True,False,0.0
2025-06-10 14:00:00+00:00,4.755,4.79,4.74,4.77,10006.0,4.81417986514197,4.744818707502214,,,,4.710739809626995,"rgba(239, 83, 80, 1.0)",0.07491153942311432,4.710739809626995,0.7910689171436189,1,0.2862686968443901,0.2862686968443901,0.0,0.0,0.0,0.0,41.518871689627446,-13.267454125371898,False,True,False,True,True,0.5742944172194129
2025-06-10 15:00:00+00:00,4.78,4.895,4.77,4.87,8712.0,4.815759603768554,4.777867267471948,,,,4.719068306611509,"rgba(239, 83, 80, 1.0)",0.0739062591066361,4.719068306611509,2.0422044792000458,2,0.4868151311702066,0.9736302623404132,0.0,0.0,0.0,0.0,50.173129141560075,-5.364749272701381,False,False,True,False,True,5.2717716761554705
2025-06-10 16:00:00+00:00,4.87,4.88,4.805,4.805,275.0,4.815782606822798,4.778404537050917,,,,4.719236513518547,"rgba(239, 83, 80, 1.0)",0.07247720983832132,4.719236513518547,1.183316613219101,2,0.4891906235444122,0.9783812470888243,0.0,0.0,0.0,0.0,51.62764236713832,-4.3151658966382485,True,False,True,False,True,2.0463886668202065
2025-06-10 17:00:00+00:00,4.805,4.815,4.755,4.77,503.0,4.815677194975774,4.778434055492208,,,,4.719281846350814,"rgba(239, 83, 80, 1.0)",0.07040884465326451,4.719281846350814,0.7203378197576217,2,0.49394276848610397,0.9878855369722079,0.0,0.0,0.0,0.0,50.70477213148749,-4.3151658966382485,False,False,False,False,True,0.3821501152431672
2025-06-10 18:00:00+00:00,4.765,4.875,4.73,4.845,2162.0,4.815689567091557,4.7812504684997785,,,,4.720261819487391,"rgba(239, 83, 80, 1.0)",0.06868540372369396,4.720261819487391,1.816079891069767,2,0.49669806457155996,0.9933961291431199,0.0,0.0,0.0,0.0,53.50951638453744,-2.6580216487189787,True,False,True,False,True,3.7475023525286915
2025-06-10 19:00:00+00:00,4.845,4.86,4.795,4.83,4630.0,4.8160193029098,4.787666009397961,,,,4.722675405515934,"rgba(239, 83, 80, 1.0)",0.06747218312384487,4.722675405515934,1.590649501989167,2,0.4964817135273509,0.9929634270547018,0.0,0.0,0.0,0.0,54.52822496603382,-1.5655223866187171,True,False,True,False,True,3.0292957337319066
2025-06-11 14:00:00+00:00,4.89,4.945,4.885,4.94,5861.0,4.819448806518393,4.807624497991968,,,,4.729948332915027,"rgba(38, 166, 154, 1.0)",0.0685631161843092,4.729948332915027,3.0636248580113947,2,0.4870350251185205,0.974070050237041,0.0,0.0,0.0,0.0,59.010917794871034,2.7598770890273627,True,False,True,False,True,7.627325251835135
2025-06-11 15:00:00+00:00,4.935,4.97,4.92,4.96,1812.0,4.820726045789217,4.813818304043023,,,,4.7323715987351385,"rgba(38, 166, 154, 1.0)",0.07026898127717474,4.7323715987351385,3.239386670015684,2,0.4759491695895044,0.9518983391790088,0.0,0.0,0.0,0.0,62.54373884070189,6.088789912466559,True,False,True,False,True,8.416537134411946
2025-06-11 16:00:00+00:00,4.96,4.975,4.94,4.97,313.0,4.820963828579233,4.814921045315541,,,,4.732808695120799,"rgba(38, 166, 154, 1.0)",0.07257136903494259,4.732808695120799,3.268386803685559,2,0.46412251197546595,0.9282450239509319,0.0,0.0,0.0,0.0,65.18143674249623,8.590414718880211,True,False,True,False,True,8.812115249383247
2025-06-11 17:00:00+00:00,4.97,5.04,4.965,5.015,1082.0,4.822040591763753,4.819740632332102,,,,4.73467666479217,"rgba(38, 166, 154, 1.0)",0.07618582072329155,4.73467666479217,3.679468601197717,2,0.449405952186564,0.898811904373128,0.0,0.0,0.0,0.0,68.15812307531034,11.445986518313909,True,False,True,False,True,10.569803195625795
2025-06-11 18:00:00+00:00,5.015,5.12,5.0,5.06,3028.0,4.825840232588391,4.835530222463375,,,,4.740878854385398,"rgba(38, 166, 154, 1.0)",0.08118730429310139,4.740878854385398,3.9306779353396695,2,0.42963356097820243,0.8592671219564049,0.0,0.0,0.0,0.0,71.1968226772807,14.37178832100362,True,False,True,False,True,12.269669527606474
2025-06-11 19:00:00+00:00,5.06,5.07,5.025,5.03,5713.0,4.832152161708824,4.858270191292706,,,,4.7507880714269515,"rgba(38, 166, 154, 1.0)",0.08455277151680751,4.7507880714269515,3.3022208919260163,2,0.4159146817107606,0.8318293634215213,0.0,0.0,0.0,0.0,71.06062263365442,14.422715055726187,True,False,True,False,True,10.730998203541866
2025-06-12 14:00:00+00:00,5.085,5.265,5.085,5.215,1239.0,4.834397023864026,4.865982266895481,,,,4.754055649412495,"rgba(38, 166, 154, 1.0)",0.0959171940170813,4.754055649412495,4.805648823561483,2,0.3819488730384114,0.7638977460768228,0.0,0.0,0.0,0.0,74.55320966151736,17.951320822063224,True,False,True,False,True,17.14923894881435
2025-06-12 15:00:00+00:00,5.215,5.25,5.195,5.235,208.0,4.834811630435888,4.867391534391534,,,,4.754651613195167,"rgba(38, 166, 154, 1.0)",0.10668037637121948,4.754651613195167,4.502687402726706,2,0.35307350699010176,0.7061470139802035,0.0,0.0,0.0,0.0,77.14523455606155,20.571270773354584,True,False,True,False,True,17.7796117128278
2025-06-12 16:00:00+00:00,5.235,5.24,5.18,5.195,997.0,4.8366776294169105,4.873598121650194,,,,4.757326433197761,"rgba(38, 166, 154, 1.0)",0.11425071214319672,4.757326433197761,3.830816969032794,2,0.33401981534989045,0.6680396306997809,0.0,0.0,0.0,0.0,76.46055574548427,20.571270773354584,True,False,True,False,True,15.761278399606699
2025-06-12 17:00:00+00:00,5.2,5.22,5.195,5.205,734.0,4.838045577802965,4.878045822265886,,,,4.759271285259817,"rgba(38, 166, 154, 1.0)",0.12115093705602102,4.759271285259817,3.679119002885429,2,0.3174774472850827,0.6349548945701654,0.0,0.0,0.0,0.0,76.20445146561079,20.571270773354584,True,False,True,False,True,16.088209692353377
2025-06-12 18:00:00+00:00,5.205,5.215,5.16,5.195,325.0,4.838620811331825,4.87987948611287,,,,4.76008704267381,"rgba(38, 166, 154, 1.0)",0.1274552739075528,4.76008704267381,3.412279021436541,2,0.30563803699139486,0.6112760739827897,0.0,0.0,0.0,0.0,75.36690169617961,20.571270773354584,True,False,True,False,True,15.578118256018996
2025-06-12 19:00:00+00:00,5.195,5.25,5.185,5.25,4033.0,4.8463676930381885,4.903568286022521,,,,4.770822223168939,"rgba(38, 166, 154, 1.0)",0.13513756754568534,4.770822223168939,3.5458517237929956,2,0.29203109120062143,0.5840621824012429,0.0,0.0,0.0,0.0,76.04102375295054,20.839959254687983,True,False,True,False,True,17.38874857770377
2025-06-13 14:00:00+00:00,5.545,5.845,5.545,5.81,2651.0,4.857807872825584,4.939061745327417,,,,4.785969874419701,"rgba(38, 166, 154, 1.0)",0.17396445220398674,4.785969874419701,5.8864331914174315,2,0.24035891402120363,0.48071782804240726,0.0,0.0,0.0,0.0,81.13950052071223,25.89660040794243,True,False,True,False,True,20.0
2025-06-13 15:00:00+00:00,5.835,5.925,5.77,5.79,1455.0,4.864630044752781,4.959460455094855,,,,4.794848772997142,"rgba(38, 166, 154, 1.0)",0.203477492834202,4.794848772997142,4.890718934765575,1,0.2978684721422196,0.2978684721422196,0.0,0.0,0.0,0.0,83.80218106565273,28.47595410961503,True,False,True,False,True,20.0
2025-06-13 16:00:00+00:00,5.79,5.805,5.695,5.805,654.0,4.86747638173853,4.967715290348084,,,,4.798522416674137,"rgba(38, 166, 154, 1.0)",0.2293235646358655,4.798522416674137,4.38889734216373,1,0.26873722819471674,0.26873722819471674,0.0,0.0,0.0,0.0,85.64977534104175,30.29850885601519,True,False,True,False,True,20.0
2025-06-13 17:00:00+00:00,5.795,5.91,5.795,5.905,1250.0,4.873475407664849,4.984978214508015,,,,4.806212865356678,"rgba(38, 166, 154, 1.0)",0.25706079485649885,4.806212865356678,4.274425181236629,1,0.24337538682051021,0.24337538682051021,0.0,0.0,0.0,0.0,87.34471649839455,32.021981258480906,True,False,True,False,True,20.0
2025-06-13 18:00:00+00:00,5.905,5.975,5.845,5.975,1770.0,4.8823663782122795,5.0099489846606255,,,,4.817490556670098,"rgba(38, 166, 154, 1.0)",0.28460736348758464,4.817490556670098,4.067039689858184,1,0.22262913618512944,0.22262913618512944,0.0,0.0,0.0,0.0,88.76233731363214,33.52900939866356,True,False,True,False,True,20.0
2025-06-13 19:00:00+00:00,5.975,6.13,5.975,6.115,9309.0,4.932766935488759,5.139495591936799,,,,4.8792620597566,"rgba(38, 166, 154, 1.0)",0.31564408625727813,4.8792620597566,3.9149725721018673,1,0.20264371844876838,0.20264371844876838,0.0,0.0,0.0,0.0,90.19267619089544,35.08286819276411,True,False,True,False,True,20.0
2025-06-16 14:00:00+00:00,5.795,5.895,5.765,5.815,1807.0,4.940036628054655,5.155331777891417,,,,4.887799668834292,"rgba(38, 166, 154, 1.0)",0.3308500926156538,4.887799668834292,2.802478681010467,1,0.19404166809818238,0.19404166809818238,0.0,0.0,0.0,0.0,82.00782805518465,37.65267580018596,True,False,True,False,False,20.0
2025-06-16 15:00:00+00:00,5.82,5.83,5.72,5.79,616.0,4.942363197613855,5.160212741218055,,,,4.89050859293285,"rgba(38, 166, 154, 1.0)",0.3438433804368977,4.89050859293285,2.6159916352736796,1,0.18695289778384833,0.18695289778384833,0.0,0.0,0.0,0.0,75.9631869421762,32.3291303266751,True,False,True,False,False,20.0
2025-06-16 16:00:00+00:00,5.79,5.875,5.725,5.86,2756.0,4.953106063634331,5.1824989173775196,,,,4.902950693462286,"rgba(38, 166, 154, 1.0)",0.3580685172743703,4.902950693462286,2.672810538672335,1,0.17967801761883365,0.17967801761883365,0.0,0.0,0.0,0.0,72.8733931458097,29.755179383843753,True,False,True,False,False,20.0
2025-06-16 17:00:00+00:00,5.86,5.995,5.86,5.945,1128.0,4.957992493043249,5.19273756850419,,,,4.908597151248265,"rgba(38, 166, 154, 1.0)",0.3738761297012198,4.908597151248265,2.772048725282271,1,0.17212698994503337,0.17212698994503337,0.0,0.0,0.0,0.0,71.88329191844997,28.91895625596112,True,False,True,False,False,20.0
2025-06-16 18:00:00+00:00,5.95,5.965,5.915,5.93,1395.0,4.963989007674716,5.205075214488101,,,,4.915489196268431,"rgba(38, 166, 154, 1.0)",0.38772465153173896,4.915489196268431,2.616575447869147,1,0.16594547513194738,0.16594547513194738,0.0,0.0,0.0,0.0,70.7858497490042,27.74831371362484,True,False,True,False,False,20.0
2025-06-16 19:00:00+00:00,5.93,6.01,5.9,5.95,4723.0,4.984095434393157,5.244855748666111,,,,4.938329366392998,"rgba(38, 166, 154, 1.0)",0.40102220737861116,4.938329366392998,2.5227297017291326,1,0.16033241532418768,0.16033241532418768,0.0,0.0,0.0,0.0,70.34093249148486,27.02254138462267,True,False,True,False,False,20.0
2025-06-17 14:00:00+00:00,6.09,6.215,6.08,6.16,3379.0,5.000828363927343,5.27808296373409,,,,4.957227962135427,"rgba(38, 166, 154, 1.0)",0.4202508903153137,4.957227962135427,2.86203328911959,1,0.15294051185025137,0.15294051185025137,0.0,0.0,0.0,0.0,72.5332260107956,27.02254138462267,True,False,True,False,False,20.0
2025-06-17 15:00:00+00:00,6.155,6.235,6.13,6.205,3230.0,5.016899192209958,5.30894293866404,,,,4.975190610850313,"rgba(38, 166, 154, 1.0)",0.43946042878565467,4.975190610850313,2.7984530769880136,1,0.14615873453923675,0.14615873453923675,0.0,0.0,0.0,0.0,74.4228807433374,27.02254138462267,True,False,True,False,True,20.0
2025-06-17 16:00:00+00:00,6.205,6.205,6.11,6.135,1238.0,5.022738167585176,5.319712226991433,,,,4.9816536527457105,"rgba(38, 166, 154, 1.0)",0.45469866271397463,4.9816536527457105,2.5365070140525017,1,0.14101872220826012,0.14101872220826012,0.0,0.0,0.0,0.0,73.36954359152824,27.02254138462267,True,False,True,False,True,20.0
2025-06-17 17:00:00+00:00,6.135,6.22,6.135,6.185,1157.0,5.028284755793609,5.329885291251882,,,,4.987778510141955,"rgba(38, 166, 154, 1.0)",0.4701702490195079,4.987778510141955,2.546357393635025,1,0.13605378071684304,0.13605378071684304,0.0,0.0,0.0,0.0,73.30489398488714,27.02254138462267,True,False,True,False,True,20.0
2025-06-17 18:00:00+00:00,6.185,6.28,6.165,6.275,2818.0,5.042266524444589,5.355364163189615,,,,5.003165965756482,"rgba(38, 166, 154, 1.0)",0.486693319645329,5.003165965756482,2.6132144882743606,1,0.1310159070724986,0.1310159070724986,0.0,0.0,0.0,0.0,74.32380862088107,27.02254138462267,True,False,True,False,True,20.0
2025-06-17 19:00:00+00:00,6.275,6.285,6.18,6.205,5397.0,5.067802618154818,5.3995331441269,,,,5.1061117391512285,"rgba(38, 166, 154, 1.0)",0.5002912935264628,5.1061117391512285,2.1964968710586725,1,0.1271295696086228,0.1271295696086228,0.0,0.0,0.0,0.0,72.60677442674705,27.02254138462267,True,False,True,False,True,20.0
2025-06-18 14:00:00+00:00,6.225,6.25,6.03,6.07,1536.0,5.074217280106601,5.409770957838025,,,,5.111585553392879,"rgba(38, 166, 154, 1.0)",0.5102736149970575,5.111585553392879,1.878236339170012,1,0.12448688888163213,0.12448688888163213,0.0,0.0,0.0,0.0,67.55123062677478,22.56304086326223,False,False,True,False,False,20.0
2025-06-18 15:00:00+00:00,6.06,6.1,6.05,6.08,4529.0,5.091974146169119,5.436709209610959,,,,5.127372795735093,"rgba(38, 166, 154, 1.0)",0.5195202915510966,5.127372795735093,1.833666980399769,1,0.12204470192955579,0.12204470192955579,0.0,0.0,0.0,0.0,64.378592500206,19.590984177587117,False,False,True,False,False,20.0
2025-06-18 16:00:00+00:00,6.08,6.1,5.975,6.035,2498.0,5.101114478714379,5.449784534403537,,,,5.135611394778424,"rgba(38, 166, 154, 1.0)",0.5264017152002536,5.135611394778424,1.7085594124240855,1,0.120048119350169,0.120048119350169,0.0,0.0,0.0,0.0,60.988552817995725,16.45982491867457,False,True,True,False,False,20.0
2025-06-18 17:00:00+00:00,6.035,6.05,5.99,6.005,980.0,5.104570302401227,5.454576153402537,,,,5.138712480183262,"rgba(38, 166, 154, 1.0)",0.5330979914316613,5.138712480183262,1.625006159731121,1,0.11835922362793742,0.11835922362793742,0.0,0.0,0.0,0.0,57.877408727878546,13.606627824452495,False,True,True,False,False,20.0
2025-06-18 18:00:00+00:00,6.03,6.03,5.92,5.93,801.0,5.1072060893983675,5.458054169064985,,,,5.140929925498694,"rgba(38, 166, 154, 1.0)",0.5380602632111481,5.140929925498694,1.4665087322972497,1,0.1171464272445577,0.1171464272445577,0.0,0.0,0.0,0.0,53.78912731536877,9.863091866703613,False,True,True,False,False,17.588113431249052
2025-06-18 19:00:00+00:00,5.925,5.99,5.925,5.96,2709.0,5.115984071207488,5.469432359443651,,,,5.148515559551233,"rgba(38, 166, 154, 1.0)",0.5430511233047269,5.148515559551233,1.4943057948402625,1,0.11585551626476262,0.11585551626476262,0.0,0.0,0.0,0.0,51.97020922980283,8.203744098687842,False,True,False,False,False,18.19811494052064
2025-06-19 14:00:00+00:00,5.96,5.96,5.96,5.96,0.0,5.115984071207488,5.469432359443651,,,,5.148515559551233,"rgba(38, 166, 154, 1.0)",0.5470010375996909,5.148515559551233,1.4835153585990672,1,0.1146875609884453,0.1146875609884453,0.0,0.0,0.0,0.0,50.75759717275887,6.965176855824986,False,True,False,False,False,18.19811494052064
2025-06-19 15:00:00+00:00,5.96,5.96,5.96,5.96,0.0,5.115984071207488,5.469432359443651,,,,5.148515559551233,"rgba(38, 166, 154, 1.0)",0.5504373772794773,5.148515559551233,1.4742538823571694,1,0.11363518587508666,0.11363518587508666,0.0,0.0,0.0,0.0,49.949189134729565,5.9726951153518755,False,True,False,False,False,18.19811494052064
2025-06-19 16:00:00+00:00,5.96,5.96,5.96,5.96,0.0,5.115984071207488,5.469432359443651,,,,5.148515559551233,"rgba(38, 166, 154, 1.0)",0.5537051692141024,5.148515559551233,1.4655533044788838,1,0.11264747375253815,0.11264747375253815,0.0,0.0,0.0,0.0,49.41025044271002,5.128902883745354,False,True,False,False,False,18.19811494052064
2025-06-19 17:00:00+00:00,5.96,5.96,5.96,5.96,0.0,5.115984071207488,5.469432359443651,,,,5.148515559551233,"rgba(38, 166, 154, 1.0)",0.5571789302911263,5.148515559551233,1.4564162360281037,1,0.11171075930079424,0.11171075930079424,0.0,0.0,0.0,0.0,49.050957981363666,4.381687305556561,False,True,False,False,False,18.19811494052064
2025-06-19 18:00:00+00:00,5.96,5.96,5.96,5.96,0.0,5.115984071207488,5.469432359443651,,,,5.148515559551233,"rgba(38, 166, 154, 1.0)",0.5603168344383009,5.148515559551233,1.448259967527575,1,0.1107899030714071,0.1107899030714071,0.0,0.0,0.0,0.0,48.811429673799424,3.7046118610018652,False,True,False,False,False,18.19811494052064
2025-06-19 19:00:00+00:00,5.96,5.96,5.96,5.96,0.0,5.115984071207488,5.469432359443651,,,,5.148515559551233,"rgba(38, 166, 154, 1.0)",0.5635161332494714,5.148515559551233,1.4400376361354665,1,0.1099660501436681,0.1099660501436681,0.0,0.0,0.0,0.0,48.651744135423264,3.085137421301333,False,True,False,False,False,18.19811494052064
2025-06-20 14:00:00+00:00,5.715,5.805,5.715,5.79,1972.0,5.1208575390812445,5.4743275493742525,,,,5.1516380948787655,"rgba(239, 83, 80, 1.0)",0.5636949609576198,5.1516380948787655,1.132459839691965,1,0.10962352428031495,0.10962352428031495,0.0,0.0,0.0,0.0,42.22054818338672,-3.174539563814278,False,True,False,True,False,12.153624679657522
2025-06-20 15:00:00+00:00,5.785,5.84,5.74,5.74,2170.0,5.126164188632901,5.4795919065545915,,,,5.155338337539761,"rgba(239, 83, 80, 1.0)",0.5637351064731322,5.155338337539761,1.0371212573898916,1,0.1094245265689223,0.1094245265689223,0.0,0.0,0.0,0.0,36.808044156367416,-8.120217539414213,False,True,False,True,False,10.489595929332875
2025-06-20 16:00:00+00:00,5.74,5.755,5.715,5.74,788.0,5.127961938074008,5.481225048371491,,,,5.15654141976363,"rgba(239, 83, 80, 1.0)",0.5635292825153416,5.15654141976363,1.035365150204925,1,0.10930172384877114,0.10930172384877114,0.0,0.0,0.0,0.0,33.199708138354545,-11.27182081488614,False,True,False,True,False,10.489595929332875
2025-06-20 17:00:00+00:00,5.75,5.79,5.715,5.78,1099.0,5.1305538497991545,5.483687952330341,,,,5.15842135509984,"rgba(239, 83, 80, 1.0)",0.5632353291795886,5.15842135509984,1.1035860371286632,1,0.10913613488144731,0.10913613488144731,0.0,0.0,0.0,0.0,33.366591759706665,-11.27182081488614,False,True,False,True,False,11.49952341527128
2025-06-20 18:00:00+00:00,5.78,5.81,5.745,5.8,2016.0,5.135427492975365,5.488465154077044,,,,5.162213503352623,"rgba(239, 83, 80, 1.0)",0.562070240232445,5.162213503352623,1.1347095985434474,1,0.10898673645844273,0.10898673645844273,0.0,0.0,0.0,0.0,34.70217051465062,-11.27182081488614,False,True,False,True,False,12.002706749315362
2025-06-20 19:00:00+00:00,5.805,5.81,5.73,5.755,9277.0,5.156287249709217,5.507268761483131,,,,5.178939869463276,"rgba(239, 83, 80, 1.0)",0.5601376761263429,5.178939869463276,1.0284259657741526,1,0.10900289709317343,0.10900289709317343,0.0,0.0,0.0,0.0,34.06044912862612,-11.27182081488614,False,True,False,True,False,10.44814370779454
2025-06-23 14:00:00+00:00,5.935,5.945,5.825,5.85,1214.0,5.159382834586866,5.51049735069187,,,,5.181809257081386,"rgba(239, 83, 80, 1.0)",0.5588366132961976,5.181809257081386,1.1956817556698915,1,0.10887819103288503,0.10887819103288503,0.0,0.0,0.0,0.0,38.69807383861634,-11.27182081488614,False,True,False,True,True,12.84072408687748
2025-06-23 15:00:00+00:00,5.85,5.875,5.79,5.835,1220.0,5.162294119382726,5.513333609378824,,,,5.1844200396124105,"rgba(239, 83, 80, 1.0)",0.5571948160769864,5.1844200396124105,1.1675987313882337,1,0.10880143787094791,0.10880143787094791,0.0,0.0,0.0,0.0,41.172488336373846,-14.46967539328994,False,True,False,True,True,12.319277877397163
2025-06-23 16:00:00+00:00,5.835,5.845,5.75,5.755,1968.0,5.1665917117041085,5.517106558075463,,,,5.188101395541459,"rgba(239, 83, 80, 1.0)",0.5550812536901258,5.188101395541459,1.021289407073027,1,0.10889860414732586,0.10889860414732586,0.0,0.0,0.0,0.0,39.93079109391974,-14.46967539328994,False,True,False,True,True,9.586603732435801
2025-06-23 17:00:00+00:00,5.755,5.775,5.595,5.595,3411.0,5.172380236781513,5.520367361087038,,,,5.192287009401018,"rgba(239, 83, 80, 1.0)",0.5503632543254641,5.192287009401018,0.7317221624698665,1,0.10927888966822683,0.10927888966822683,0.0,0.0,0.0,0.0,35.3915277430335,-8.787408094826382,False,True,False,True,False,4.508570073579946
2025-06-23 18:00:00+00:00,5.585,5.59,5.37,5.485,14815.0,5.187521647131652,5.516762741523114,,,,5.199325323630592,"rgba(239, 83, 80, 1.0)",0.5451650712903008,5.199325323630592,0.5240150028197362,1,0.10979908673761832,0.10979908673761832,0.0,0.0,0.0,0.0,30.725423247591245,-13.085512689054866,False,True,False,True,False,1.2953626910480907
2025-06-23 19:00:00+00:00,5.485,5.55,5.44,5.46,8159.0,5.195287729504662,5.515131643732668,,,,5.203824915436234,"rgba(239, 83, 80, 1.0)",0.5392447003419233,5.203824915436234,0.4750627765119074,1,0.11045435692643073,0.11045435692643073,0.0,0.0,0.0,0.0,27.289337559669345,-16.190032433941923,False,True,False,True,False,0.5869394154516065
2025-06-24 14:00:00+00:00,5.345,5.38,5.335,5.35,910.0,5.195754023254023,5.514264929508491,,,,5.203859857213848,"rgba(239, 83, 80, 1.0)",0.5333739961976246,5.203859857213848,0.2739918777967649,1,0.11106517788246331,0.11106517788246331,0.0,0.0,0.0,0.0,23.744777352863785,-19.42875961678017,False,True,False,True,False,0.0
2025-06-24 15:00:00+00:00,5.35,5.37,5.23,5.245,757.0,5.195962174676076,5.5132223511717955,,,,5.2036680587080975,"rgba(239, 83, 80, 1.0)",0.5271657345766279,5.2036680587080975,0.07840407405291004,1,0.11148262822410278,0.11148262822410278,0.0,0.0,0.0,0.0,20.464762784659904,-22.45809811403883,False,True,False,True,False,0.0
2025-06-24 16:00:00+00:00,5.245,5.27,5.2,5.21,823.0,5.1960428397836145,5.511832705788535,,,,5.20328347467276,"rgba(239, 83, 80, 1.0)",0.5206372394817135,5.20328347467276,0.012900585701335,1,0.11195586074051403,0.11195586074051403,0.0,0.0,0.0,0.0,18.007758565284895,-24.792054790123444,False,True,False,True,False,0.0
2025-06-24 17:00:00+00:00,5.21,5.25,5.17,5.24,1399.0,5.1961493525960245,5.509446645783169,,,,5.202612738618254,"rgba(239, 83, 80, 1.0)",0.5156246277639973,5.202612738618254,0.07250868047920037,1,0.11259738304979733,0.11259738304979733,0.0,0.0,0.0,0.0,17.912243464195647,-25.08727541918158,False,True,False,True,False,0.0
2025-06-24 18:00:00+00:00,5.24,5.24,5.19,5.21,3039.0,5.196313725058178,5.504279239186816,,,,5.201160815937567,"rgba(239, 83, 80, 1.0)",0.5112395112252591,5.201160815937567,0.017289712294044947,1,0.11301750917985216,0.11301750917985216,0.0,0.0,0.0,0.0,17.514717186121167,-25.85287985201361,False,True,False,True,False,0.0
2025-06-24 19:00:00+00:00,5.22,5.26,5.165,5.17,6160.0,5.196352138435856,5.49382691742417,,,,5.1981875905102894,"rgba(239, 83, 80, 1.0)",0.5063862429282919,5.1981875905102894,-0.05566421067698928,1,0.11338384962085406,0.11338384962085406,0.0,0.0,0.0,0.0,16.814151362051575,-26.98425523119569,False,True,False,True,False,0.0
2025-06-25 14:00:00+00:00,5.07,5.11,5.02,5.03,2541.0,5.195238771431577,5.48770547121106,,,,5.195689279049499,"rgba(239, 83, 80, 1.0)",0.5026784833844211,5.195689279049499,-0.32961283310546724,1,0.11363505925642038,0.11363505925642038,0.0,0.0,0.0,0.0,15.138170924040416,-29.01641947694783,False,True,False,True,False,0.0
2025-06-25 15:00:00+00:00,5.03,5.03,4.97,4.995,397.0,5.194999571608671,5.4866452472554945,,,,5.195225643438491,"rgba(239, 83, 80, 1.0)",0.49890120706851215,5.195225643438491,-0.40133325115606383,1,0.1139665605622772,0.1139665605622772,0.0,0.0,0.0,0.0,13.776984338060606,-30.703261425244357,False,True,False,True,False,0.0
2025-06-25 16:00:00+00:00,5.005,5.03,4.99,5.0,747.0,5.194570066951407,5.484696553835673,,,,5.19438370358505,"rgba(239, 83, 80, 1.0)",0.49438862052853944,5.19438370358505,-0.39317997120815373,1,0.11432115595144816,0.11432115595144816,0.0,0.0,0.0,0.0,13.162376122290471,-31.685618420787982,False,True,False,True,False,0.0
2025-06-25 17:00:00+00:00,5.0,5.02,4.98,4.98,1089.0,5.1939032375852,5.4818054167274495,,,,5.193118230409214,"rgba(239, 83, 80, 1.0)",0.48977518284385724,5.193118230409214,-0.43513480852939895,1,0.11459348844638802,0.11459348844638802,0.0,0.0,0.0,0.0,12.583358698068285,-32.64817353991984,False,True,False,True,False,0.0
2025-06-25 18:00:00+00:00,4.98,4.98,4.93,4.95,1413.0,5.192873326405153,5.477801368051161,,,,5.191295574437123,"rgba(239, 83, 80, 1.0)",0.4854437182656788,5.191295574437123,-0.4970618948354874,1,0.11469395555295343,0.11469395555295343,0.0,0.0,0.0,0.0,11.942171364326292,-33.6614449755103,False,True,False,True,False,0.0
2025-06-25 19:00:00+00:00,4.95,4.985,4.93,4.94,8626.0,5.186729902552762,5.454541641041409,,,,5.180812510001406,"rgba(239, 83, 80, 1.0)",0.481326498541481,5.180812510001406,-0.5003101028742805,1,0.11476770615607562,0.11476770615607562,0.0,0.0,0.0,0.0,11.42762204360585,-34.538528535748256,False,True,False,True,False,0.0
2025-06-26 14:00:00+00:00,4.94,5.07,4.935,5.045,4183.0,5.184655089608453,5.445351458165037,,,,5.1770625176850915,"rgba(239, 83, 80, 1.0)",0.47557762886944677,5.1770625176850915,-0.27768866672520615,1,0.114920257906756,0.114920257906756,0.0,0.0,0.0,0.0,17.790405454333033,-36.486346417268535,False,True,False,True,True,0.0
2025-06-26 15:00:00+00:00,5.05,5.085,5.045,5.06,1343.0,5.184181723101059,5.442794465542962,,,,5.176116255432427,"rgba(239, 83, 80, 1.0)",0.46962920969058003,5.176116255432427,-0.2472509227203552,1,0.11518695553425236,0.11518695553425236,0.0,0.0,0.0,0.0,22.838903506413512,-31.927085664143675,False,True,False,True,True,0.0
2025-06-26 16:00:00+00:00,5.06,5.11,5.055,5.08,1475.0,5.183744296266296,5.44015909611899,,,,5.175188731806897,"rgba(239, 83, 80, 1.0)",0.46269799268252365,5.175188731806897,-0.2057254047181702,1,0.11536895070360573,0.11536895070360573,0.0,0.0,0.0,0.0,27.314413980175452,-28.02159854226724,False,True,False,True,True,0.0
2025-06-26 17:00:00+00:00,5.075,5.09,5.03,5.03,2576.0,5.182755008767496,5.435249156883913,,,,5.173333610447595,"rgba(239, 83, 80, 1.0)",0.45785582332756153,5.173333610447595,-0.3130540295543001,1,0.11549599242981458,0.11549599242981458,0.0,0.0,0.0,0.0,28.816958512045346,-26.820682907893346,False,True,False,True,True,0.0
2025-06-26 18:00:00+00:00,5.03,5.04,5.01,5.02,1459.0,5.182089906542947,5.43233396068996,,,,5.172176971420182,"rgba(239, 83, 80, 1.0)",0.4552270693672434,5.172176971420182,-0.3342880546003237,1,0.11565516775310886,0.11565516775310886,0.0,0.0,0.0,0.0,29.53407764421132,-26.142812526543864,False,True,False,True,True,0.0
2025-06-26 19:00:00+00:00,5.015,5.03,4.97,4.97,3966.0,5.179935907404318,5.423985018227504,,,,5.168689929887514,"rgba(239, 83, 80, 1.0)",0.4520238971598824,5.168689929887514,-0.4395562516404683,1,0.1158801474139863,0.1158801474139863,0.0,0.0,0.0,0.0,28.658617177812047,-26.142812526543864,False,True,False,True,True,0.0
2025-06-27 14:00:00+00:00,4.95,4.97,4.925,4.96,1180.0,5.179176856102342,5.421347392200103,,,,5.167531622860702,"rgba(239, 83, 80, 1.0)",0.44816460537788777,5.167531622860702,-0.4630700871295124,1,0.11610084896446797,0.11610084896446797,0.0,0.0,0.0,0.0,27.817946080971954,-26.142812526543864,False,True,False,True,True,0.0
2025-06-27 15:00:00+00:00,4.96,4.975,4.935,4.945,900.0,5.178601303496823,5.419355362657591,,,,5.1666577076095175,"rgba(239, 83, 80, 1.0)",0.44620499874038305,5.1666577076095175,-0.4967620448790289,1,0.11629613690060753,0.11629613690060753,0.0,0.0,0.0,0.0,26.855623021144233,-26.142812526543864,False,True,False,True,False,0.0
2025-06-27 16:00:00+00:00,4.925,4.94,4.91,4.93,467.0,5.178271027731303,5.418273467219009,,,,5.166169020710923,"rgba(239, 83, 80, 1.0)",0.44418705985671003,5.166169020710923,-0.5316882053860565,1,0.11644172245227483,0.11644172245227483,0.0,0.0,0.0,0.0,25.804094541259072,-26.142812526543864,False,True,False,True,False,0.0
2025-06-27 17:00:00+00:00,4.925,4.96,4.89,4.89,1871.0,5.176886778051134,5.413869892172398,,,,5.164152615281948,"rgba(239, 83, 80, 1.0)",0.4451445559317558,5.164152615281948,-0.6158732295582152,1,0.11642087742146293,0.11642087742146293,0.0,0.0,0.0,0.0,24.084556041589508,-26.142812526543864,False,True,False,True,False,0.0
2025-06-27 18:00:00+00:00,4.89,4.89,4.85,4.86,910.0,5.176100445949823,5.411558660168637,,,,5.16304716192351,"rgba(239, 83, 80, 1.0)",0.4470654868691542,5.16304716192351,-0.6778585482985505,1,0.11656394632136825,0.11656394632136825,0.0,0.0,0.0,0.0,22.263052842593787,-23.213057183765393,False,True,False,True,False,0.0
2025-06-27 19:00:00+00:00,4.86,4.885,4.84,4.86,2671.0,5.173778358401534,5.404824959540804,,,,5.159814522564919,"rgba(239, 83, 80, 1.0)",0.4491478417890796,5.159814522564919,-0.6675185644234092,1,0.11670770857388099,0.11670770857388099,0.0,0.0,0.0,0.0,21.048717376596638,-24.56652370673081,False,True,False,True,False,0.0
2025-06-30 14:00:00+00:00,4.76,4.81,4.71,4.79,8069.0,5.164966738697513,5.3821785003757885,,,,5.144922443857241,"rgba(239, 83, 80, 1.0)",0.4534462630935641,5.144922443857241,-0.7827221718309898,1,0.11676036253258458,0.11676036253258458,-1.0,0.0,4.71,502.0,18.844913816240595,-26.81438114417784,False,True,False,True,False,0.0
2025-06-30 15:00:00+00:00,4.785,4.845,4.775,4.825,1875.0,5.1632010087256655,5.377515532852475,,,,5.143030233783804,"rgba(239, 83, 80, 1.0)",0.457593863752726,5.143030233783804,-0.6950054600287667,1,0.11688779645216867,0.11688779645216867,0.0,0.0,0.0,0.0,20.575264889570846,-26.81438114417784,False,True,False,True,False,0.0
2025-06-30 16:00:00+00:00,4.825,4.84,4.8,4.83,2917.0,5.16055405149236,5.370516937827766,,,,5.140081120747129,"rgba(239, 83, 80, 1.0)",0.4611506173604195,5.140081120747129,-0.672407471819083,1,0.11712476247883798,0.11712476247883798,0.0,0.0,0.0,0.0,22.177275127121526,-26.81438114417784,False,True,False,True,True,0.0
2025-06-30 17:00:00+00:00,4.83,4.845,4.78,4.795,8868.0,5.152368867188825,5.349669640747688,,,,5.130012856094626,"rgba(239, 83, 80, 1.0)",0.4675723386727405,5.130012856094626,-0.7164941729564239,1,0.11733320805103122,0.11733320805103122,0.0,0.0,0.0,0.0,22.209754158437292,-26.81438114417784,False,True,False,True,True,0.0
2025-06-30 18:00:00+00:00,4.795,4.81,4.78,4.785,616.0,5.151790278410694,5.3482402085949765,,,,5.129282812166634,"rgba(239, 83, 80, 1.0)",0.47421781972058424,5.129282812166634,-0.7260014235008933,1,0.11724306291385708,0.11724306291385708,0.0,0.0,0.0,0.0,21.950355170632143,-26.81438114417784,False,True,False,True,True,0.0
2025-06-30 19:00:00+00:00,4.785,4.8,4.765,4.77,4365.0,5.1475931065853056,5.338079552834403,,,,5.123942405941661,"rgba(239, 83, 80, 1.0)",0.4806686596402601,5.123942405941661,-0.736354240791479,1,0.11704077358286699,0.11704077358286699,0.0,0.0,0.0,0.0,21.348498371424036,-26.81438114417784,False,True,False,True,True,0.0
2025-07-01 14:00:00+00:00,4.745,4.78,4.71,4.765,4016.0,5.143541077353557,5.328615769261165,,,,5.115124541946368,"rgba(239, 83, 80, 1.0)",0.4871563191412825,5.115124541946368,-0.7187108699801688,1,0.11692291887739556,0.11692291887739556,0.0,0.0,0.0,0.0,20.79940046759547,-26.81438114417784,False,True,False,True,True,0.0
2025-07-01 15:00:00+00:00,4.77,4.905,4.765,4.895,1830.0,5.1422017015188874,5.325158264752383,,,,5.115256557079463,"rgba(239, 83, 80, 1.0)",0.49099477988455,5.115256557079463,-0.44859246188167917,1,0.11715882465172082,0.11715882465172082,0.0,0.0,0.0,0.0,30.919143187158944,-23.121519990624165,True,False,False,True,True,0.0
2025-07-01 16:00:00+00:00,4.895,4.96,4.825,4.85,2432.0,5.140583905600318,5.320864943561864,,,,5.11490682170677,"rgba(239, 83, 80, 1.0)",0.4959611834564266,5.11490682170677,-0.5341281345055985,1,0.11736193235324943,0.11736193235324943,0.0,0.0,0.0,0.0,35.40843568869238,-19.378271020758238,True,False,False,True,True,0.0
2025-07-01 17:00:00+00:00,4.845,4.91,4.84,4.85,1432.0,5.139598601691367,5.318309709110385,,,,5.114221206015079,"rgba(239, 83, 80, 1.0)",0.5002412210916678,5.114221206015079,-0.5281875920550376,1,0.11765115553035316,0.11765115553035316,0.0,0.0,0.0,0.0,38.401297356381335,-16.970695111727352,True,False,False,True,True,0.0
2025-07-01 18:00:00+00:00,4.85,4.86,4.835,4.845,1654.0,5.1383865827483906,5.315264772276325,,,,5.1130288043479455,"rgba(239, 83, 80, 1.0)",0.5044138512504754,5.1130288043479455,-0.5313668601357487,1,0.11797544220314825,0.11797544220314825,0.0,0.0,0.0,0.0,40.12616714623463,-15.578015487676211,True,False,False,True,True,0.0
2025-07-01 19:00:00+00:00,4.845,4.87,4.8,4.81,8755.0,5.13170592732759,5.299119550858651,,,,5.10528128114044,"rgba(239, 83, 80, 1.0)",0.5086927425335549,5.10528128114044,-0.5804707959264097,1,0.11822942919725075,0.11822942919725075,0.0,0.0,0.0,0.0,39.44877301548379,-15.578015487676211,True,False,False,True,True,0.0
2025-07-02 14:00:00+00:00,4.795,4.83,4.775,4.82,1239.0,5.13072811012297,5.296835143450704,,,,5.104078588737582,"rgba(239, 83, 80, 1.0)",0.5113471608593539,5.104078588737582,-0.55554936153389,1,0.11849632484305277,0.11849632484305277,0.0,0.0,0.0,0.0,39.799163348783495,-15.578015487676211,True,False,False,True,True,0.0
2025-07-02 15:00:00+00:00,4.82,4.87,4.82,4.855,1452.0,5.129730937905317,5.294401941406584,,,,5.103023065030655,"rgba(239, 83, 80, 1.0)",0.5120905307772392,5.103023065030655,-0.4843344098829768,1,0.11885421524309181,0.11885421524309181,0.0,0.0,0.0,0.0,42.665033831613314,-12.888737032539225,True,False,False,True,True,0.0
2025-07-02 16:00:00+00:00,4.855,4.91,4.855,4.875,1439.0,5.128860048775482,5.292185781180317,,,,5.102231184529943,"rgba(239, 83, 80, 1.0)",0.5097751049802847,5.102231184529943,-0.44574790394821484,1,0.11924938282985618,0.11924938282985618,0.0,0.0,0.0,0.0,45.92783550200802,-9.703977270705515,True,False,False,True,True,0.0
2025-07-02 17:00:00+00:00,4.87,4.93,4.87,4.92,1479.0,5.1280664971497645,5.290078356291972,,,,5.101618037996397,"rgba(38, 166, 154, 1.0)",0.5107863836573291,5.101618037996397,-0.3555655432628748,1,0.11983391715533313,0.11983391715533313,0.0,0.0,0.0,0.0,50.7333663829004,-5.203673788472869,True,False,True,False,True,0.0
2025-07-02 18:00:00+00:00,4.92,4.94,4.9,4.93,4367.0,5.125930053247626,5.284252877744071,,,,5.100063133348634,"rgba(38, 166, 154, 1.0)",0.5116608445247908,5.100063133348634,-0.33237472667384144,0,,,0.0,0.0,0.0,0.0,54.463652423676955,-1.8042802800612705,True,False,True,False,True,0.0
2025-07-02 19:00:00+00:00,4.93,4.97,4.895,4.93,4107.0,5.124042086299156,5.279063270891494,,,,5.099139971795016,"rgba(38, 166, 154, 1.0)",0.5114528414321414,5.099139971795016,-0.330704921535679,0,,,0.0,0.0,0.0,0.0,56.95050978419466,0.4728374318406168,True,False,True,False,True,0.0
2025-07-03 14:00:00+00:00,4.93,4.955,4.89,4.905,1605.0,5.123257456637678,5.276990684321675,,,,5.0982291329602365,"rgba(38, 166, 154, 1.0)",0.5100329701407866,5.0982291329602365,-0.37885616082210993,0,,,0.0,0.0,0.0,0.0,56.2978204125792,0.4728374318406168,True,False,True,False,True,0.0
2025-07-03 15:00:00+00:00,4.895,4.915,4.88,4.895,2143.0,5.122118496974244,5.274108473813067,,,,5.096673074097872,"rgba(38, 166, 154, 1.0)",0.5085793231423488,5.096673074097872,-0.39654202387112186,0,,,0.0,0.0,0.0,0.0,54.98360054369448,0.4728374318406168,True,False,True,False,True,0.0
2025-07-03 16:00:00+00:00,4.895,4.93,4.885,4.92,1947.0,5.121161779367573,5.271630058629053,,,,5.095695186783005,"rgba(38, 166, 154, 1.0)",0.5061321890502464,5.095695186783005,-0.34713300316404705,0,,,0.0,0.0,0.0,0.0,55.99497054633031,0.4728374318406168,True,False,True,False,True,0.0
2025-07-03 17:00:00+00:00,4.92,4.92,4.92,4.92,0.0,5.121161779367573,5.271630058629053,,,,5.095695186783005,"rgba(38, 166, 154, 1.0)",0.49915358087195827,5.095695186783005,-0.35198622932061896,0,,,0.0,0.0,0.0,0.0,56.6692172147542,1.003204125180062,True,False,True,False,True,0.0
2025-07-03 18:00:00+00:00,4.92,4.92,4.92,4.92,0.0,5.121161779367573,5.271630058629053,,,,5.095695186783005,"rgba(38, 166, 154, 1.0)",0.49042651964506584,5.095695186783005,-0.3582497677942871,0,,,0.0,0.0,0.0,0.0,57.118714993703456,1.84876239082773,True,False,True,False,True,0.0
2025-07-03 19:00:00+00:00,4.92,4.92,4.92,4.92,0.0,5.121161779367573,5.271630058629053,,,,5.095695186783005,"rgba(38, 166, 154, 1.0)",0.48265362582552224,5.095695186783005,-0.36401920006816335,0,,,0.0,0.0,0.0,0.0,57.418380179669626,2.582737873799296,True,False,True,False,True,0.0
2025-07-04 14:00:00+00:00,4.92,4.92,4.92,4.92,0.0,5.121161779367573,5.271630058629053,,,,5.095695186783005,"rgba(38, 166, 154, 1.0)",0.4729266556471755,5.095695186783005,-0.3715062043660354,0,,,0.0,0.0,0.0,0.0,57.61815697031374,3.2339212676972693,True,False,True,False,True,0.0
2025-07-04 15:00:00+00:00,4.92,4.92,4.92,4.92,0.0,5.121161779367573,5.271630058629053,,,,5.095695186783005,"rgba(38, 166, 154, 1.0)",0.45979973117955714,5.095695186783005,-0.3821124173611015,0,,,0.0,0.0,0.0,0.0,57.75134149740982,3.8180569962708617,True,False,True,False,True,0.0
2025-07-04 16:00:00+00:00,4.92,4.92,4.92,4.92,0.0,5.121161779367573,5.271630058629053,,,,5.095695186783005,"rgba(38, 166, 154, 1.0)",0.44767039636744327,5.095695186783005,-0.3924655018707031,0,,,0.0,0.0,0.0,0.0,57.84013118214054,4.343907861519682,True,False,True,False,True,0.0
2025-07-04 17:00:00+00:00,4.92,4.92,4.92,4.92,0.0,5.121161779367573,5.271630058629053,,,,5.095695186783005,"rgba(38, 166, 154, 1.0)",0.43835097419371194,5.095695186783005,-0.4008093904802494,0,,,0.0,0.0,0.0,0.0,57.89932430529435,4.816749760714529,True,False,True,False,True,0.0
2025-07-04 18:00:00+00:00,4.92,4.92,4.92,4.92,0.0,5.121161779367573,5.271630058629053,,,,5.095695186783005,"rgba(38, 166, 154, 1.0)",0.427998831774106,5.095695186783005,-0.410503893327764,0,,,0.0,0.0,0.0,0.0,57.93878638739689,5.240303833056267,True,False,True,False,True,0.0
2025-07-04 19:00:00+00:00,4.92,4.92,4.92,4.92,0.0,5.121161779367573,5.271630058629053,,,,5.095695186783005,"rgba(38, 166, 154, 1.0)",0.4180709668624845,5.095695186783005,-0.4202520641448809,0,,,0.0,0.0,0.0,0.0,57.965094442131914,5.617739258244505,True,False,True,False,True,0.0
2025-07-07 14:00:00+00:00,4.895,5.01,4.88,4.89,1755.0,5.120368045446723,5.269516806698244,,4.926666666666668,,5.09504462581998,"rgba(38, 166, 154, 1.0)",0.40846017151212033,5.09504462581998,-0.5019941725551971,0,,,0.0,0.0,0.0,0.0,51.861115006514346,4.500252409517962,True,False,False,False,False,0.0
2025-07-07 15:00:00+00:00,4.875,4.905,4.85,4.88,3493.0,5.1184179670230385,5.2648046792378205,,4.8944966336382105,,5.090864550992615,"rgba(38, 166, 154, 1.0)",0.4001945247722119,5.090864550992615,-0.5269051372270467,0,,,0.0,0.0,0.0,0.0,46.38932433201257,-0.34318407341940826,True,False,False,True,False,0.0
2025-07-07 16:00:00+00:00,4.88,4.9,4.82,4.825,381.0,5.118180819175446,5.264258194796978,,4.8913720613489655,,5.0903598897646285,"rgba(239, 83, 80, 1.0)",0.3909822465497837,5.0903598897646285,-0.6787006113609818,0,,,0.0,0.0,0.0,0.0,38.05875763941951,-7.569247077934662,False,False,False,True,False,0.0
2025-07-07 17:00:00+00:00,4.825,4.825,4.76,4.78,456.0,5.117834548113905,5.263511936078051,,4.88365050671049,,5.0893671644173235,"rgba(239, 83, 80, 1.0)",0.38146424861705125,5.0893671644173235,-0.8109991055227154,0,,,0.0,0.0,0.0,0.0,30.598570732924763,-13.751412744715978,False,True,False,True,False,0.0
2025-07-07 18:00:00+00:00,4.78,4.81,4.735,4.795,583.0,5.11738172531258,5.262544567072528,,4.874588082383522,,5.077226764061594,"rgba(239, 83, 80, 1.0)",0.3708475440135734,5.077226764061594,-0.7610317733458262,0,,,0.0,0.0,0.0,0.0,28.18577053783083,-15.330999987778284,False,True,False,True,False,0.0
2025-07-07 19:00:00+00:00,4.805,4.89,4.795,4.885,5901.0,5.113891970015907,5.254488362367149,,4.866174185164558,,5.075894447743915,"rgba(38, 166, 154, 1.0)",0.35835254924382465,5.075894447743915,-0.5327001249097562,0,,,0.0,0.0,0.0,0.0,36.30497955377169,-21.264097932537886,False,False,False,True,True,0.0
2025-07-08 14:00:00+00:00,4.88,5.0,4.87,4.99,3862.0,5.112497653943997,5.2506264132899885,,4.886660377741261,,5.078225014341081,"rgba(38, 166, 154, 1.0)",0.3441821877703384,5.078225014341081,-0.25633230735330925,0,,,0.0,0.0,0.0,0.0,46.98918817388187,-12.040489802614296,True,False,False,False,True,0.0
2025-07-08 15:00:00+00:00,4.985,5.01,4.92,4.925,2430.0,5.111623627225586,5.248233466956971,,4.895035611402718,,5.0755349201622995,"rgba(38, 166, 154, 1.0)",0.32920255819832606,5.0755349201622995,-0.457271416680823,0,,,0.0,0.0,0.0,0.0,49.82003056963076,-10.066328841099875,True,False,False,False,True,0.0
2025-07-08 16:00:00+00:00,4.925,4.945,4.9,4.94,2973.0,5.110413014870815,5.2451311154024305,,4.899569555128087,,5.074403607862967,"rgba(38, 166, 154, 1.0)",0.3128082911737232,5.074403607862967,-0.42966766436610737,0,,,0.0,0.0,0.0,0.0,52.39909516748973,-7.897992444507629,True,False,True,False,True,0.0
2025-07-08 17:00:00+00:00,4.95,4.955,4.905,4.905,738.0,5.110104060619099,5.2443542954767315,,4.900292028471853,,5.074102610151845,"rgba(38, 166, 154, 1.0)",0.30143772607737795,5.074102610151845,-0.5609868822737772,0,,,0.0,0.0,0.0,0.0,52.02651037229544,-7.897992444507629,True,False,True,False,True,0.0
2025-07-08 18:00:00+00:00,4.9,4.925,4.855,4.855,1403.0,5.109385065146603,5.242690795575898,,4.8990070212026415,,5.072583324343087,"rgba(38, 166, 154, 1.0)",0.29119423256836424,5.072583324343087,-0.7472102810003438,0,,,0.0,0.0,0.0,0.0,49.22928606903235,-7.897992444507629,True,False,False,False,True,0.0
2025-07-08 19:00:00+00:00,4.855,4.92,4.845,4.915,6573.0,5.106290035270485,5.235407251635603,,4.897786216228012,,5.068420307212804,"rgba(38, 166, 154, 1.0)",0.2796639392537342,5.068420307212804,-0.5485880933458805,0,,,0.0,0.0,0.0,0.0,50.512771965326436,-7.897992444507629,True,False,False,False,True,0.0
2025-07-09 14:00:00+00:00,4.84,4.84,4.775,4.83,1423.0,5.105389440994688,5.233518267082203,,4.894101477380542,,5.066408323482518,"rgba(38, 166, 154, 1.0)",0.2662824315146055,5.066408323482518,-0.8878104429865518,0,,,0.0,0.0,0.0,0.0,47.63921064311908,-7.897992444507629,True,False,False,True,False,0.0
2025-07-09 15:00:00+00:00,4.83,4.85,4.79,4.845,2335.0,5.103990963258558,5.230552731056878,,4.8896250412950115,,5.063704566597213,"rgba(38, 166, 154, 1.0)",0.2505649832095617,5.063704566597213,-0.8728456937428417,0,,,0.0,0.0,0.0,0.0,46.50144358395195,-7.897992444507629,True,False,False,True,False,0.0
2025-07-09 16:00:00+00:00,4.845,4.85,4.81,4.825,442.0,5.103727828349908,5.229996254283055,,4.8888454011741675,,5.0632202290917085,"rgba(38, 166, 154, 1.0)",0.23531462549737525,5.0632202290917085,-1.0123477390671816,0,,,0.0,0.0,0.0,0.0,44.90526260943125,-7.897992444507629,False,False,False,True,False,0.0
2025-07-09 17:00:00+00:00,4.825,4.84,4.79,4.83,11774.0,5.096692133047183,5.215423285534591,,4.8714216929624685,,5.051567169429621,"rgba(38, 166, 154, 1.0)",0.2133290821648426,5.051567169429621,-1.0386168035842978,0,,,0.0,0.0,0.0,0.0,44.14675739140898,-7.897992444507629,False,False,False,True,False,0.0
2025-07-09 18:00:00+00:00,4.82,4.865,4.79,4.855,64537.0,5.065578036486164,5.153663258267704,,4.85122535469135,,5.016586941453194,"rgba(38, 166, 154, 1.0)",0.18853871445102077,5.016586941453194,-0.85704913138766,0,,,0.0,0.0,0.0,0.0,45.19559020406482,-7.897992444507629,False,False,False,True,False,0.0
2025-07-09 19:00:00+00:00,4.855,4.905,4.84,4.885,10884.0,5.061841214885896,5.146249818649473,,4.853496114304771,,5.013700665397698,"rgba(38, 166, 154, 1.0)",0.16431819274950973,5.013700665397698,-0.7832405118640284,0,,,0.0,0.0,0.0,0.0,47.63214885943924,-7.897992444507629,True,False,False,False,False,0.0
2025-07-10 14:00:00+00:00,4.815,4.86,4.795,4.795,1173.0,5.0613196548924595,5.145301904649816,,4.853145218059932,,5.013130051926748,"rgba(239, 83, 80, 1.0)",0.14698201152422755,5.013130051926748,-1.4840595094916946,0,,,0.0,0.0,0.0,0.0,44.87704540378209,-7.897992444507629,False,False,False,True,False,0.0
2025-07-10 15:00:00+00:00,4.795,4.82,4.74,4.75,3158.0,5.059660707598744,5.1424182120768265,,4.851065830389999,,5.011072590948564,"rgba(239, 83, 80, 1.0)",0.13409580412779887,5.011072590948564,-1.9469109615074254,0,,,0.0,0.0,0.0,0.0,41.42118597140494,-2.195581990953997,False,True,False,True,False,0.0
2025-07-10 16:00:00+00:00,4.75,4.77,4.72,4.73,3041.0,5.057917370573755,5.139462592049617,,4.848453981878874,,5.008805990334929,"rgba(239, 83, 80, 1.0)",0.12097736367816378,5.008805990334929,-2.304612878460774,0,,,0.0,0.0,0.0,0.0,38.44884567683833,-5.173494384981517,False,True,False,True,False,0.0
2025-07-10 17:00:00+00:00,4.73,4.75,4.715,4.715,1305.0,5.05714392853671,5.138165610524186,,4.847237227581279,,5.007786926843798,"rgba(239, 83, 80, 1.0)",0.11243344377575266,5.007786926843798,-2.604091069448679,0,,,0.0,0.0,0.0,0.0,35.960895058069624,-7.6713224830555475,False,True,False,True,False,0.0
2025-07-10 18:00:00+00:00,4.715,4.725,4.69,4.7,1586.0,5.056147483852014,5.136517866137085,,4.845530888663651,,5.006439721835889,"rgba(239, 83, 80, 1.0)",0.10815541870193342,5.006439721835889,-2.833327497722599,0,,,0.0,0.0,0.0,0.0,33.78632593586622,-9.88946757814901,False,True,False,True,False,0.0
2025-07-10 19:00:00+00:00,4.7,4.735,4.695,4.72,3173.0,5.054236471598428,5.1333467981569765,,4.842510581404797,,5.003924042863964,"rgba(239, 83, 80, 1.0)",0.10419736124339193,5.003924042863964,-2.7248678802983677,0,,,0.0,0.0,0.0,0.0,33.976186359073935,-9.961477994709554,False,True,False,True,False,0.0
2025-07-11 14:00:00+00:00,4.69,4.7,4.645,4.685,2527.0,5.052551323782997,5.1306162305919525,,4.839471644936889,,5.001613161701028,"rgba(239, 83, 80, 1.0)",0.09918714679879542,5.001613161701028,-3.1920785295224756,0,,,0.0,0.0,0.0,0.0,32.720796794540206,-11.501419366090254,False,True,False,True,False,0.0
2025-07-11 15:00:00+00:00,4.685,4.695,4.64,4.65,607.0,5.0521327158315685,5.129943676691687,,4.838692457266346,,5.00103338239302,"rgba(239, 83, 80, 1.0)",0.09586082253607507,5.00103338239302,-3.661906638250638,0,,,0.0,0.0,0.0,0.0,30.680186821460037,-13.751192851819248,False,True,False,True,False,0.0
2025-07-11 16:00:00+00:00,4.645,4.65,4.61,4.62,329.0,5.051885896624342,5.129552765776612,,4.838190040957827,,5.000680588075208,"rgba(239, 83, 80, 1.0)",0.09466974363731964,5.000680588075208,-4.021143117632151,0,,,0.0,0.0,0.0,0.0,28.403444208091578,-16.156870665014935,False,True,False,True,False,0.0
2025-07-11 17:00:00+00:00,4.62,4.63,4.595,4.61,764.0,5.051293659192841,5.128620328169162,,4.836950381788749,,4.999825552263382,"rgba(239, 83, 80, 1.0)",0.09781108837450064,4.999825552263382,-3.9854944745202254,0,,,0.0,0.0,0.0,0.0,26.588999378148475,-18.0899769449289,False,True,False,True,False,0.0
2025-07-11 18:00:00+00:00,4.62,4.63,4.59,4.605,1146.0,5.050401571772761,5.127218972297952,,4.835088986302149,,4.9796269267835225,"rgba(239, 83, 80, 1.0)",0.10140197414427214,4.9796269267835225,-3.6944737017694784,0,,,0.0,0.0,0.0,0.0,25.222049538710316,-19.609016075481495,False,True,False,True,False,0.0
2025-07-11 19:00:00+00:00,4.605,4.62,4.59,4.615,10048.0,5.042731046169804,5.115247840934834,,4.819979962422635,,4.950421673390186,"rgba(239, 83, 80, 1.0)",0.10419567524006897,4.950421673390186,-3.2191515877925565,0,,,0.0,0.0,0.0,0.0,25.452904304252584,-19.65917035513057,False,True,False,True,False,0.0
2025-07-14 14:00:00+00:00,4.62,4.68,4.6,4.645,2554.0,5.040969962571414,5.11248688221231,,4.817010283396586,,4.948863834113732,"rgba(239, 83, 80, 1.0)",0.10614986006956344,4.948863834113732,-2.8625928843862884,0,,,0.0,0.0,0.0,0.0,28.81285330470226,-19.65917035513057,False,True,False,True,True,0.0
2025-07-14 15:00:00+00:00,4.645,4.695,4.61,4.685,2455.0,5.039382727040304,5.109983864389748,,4.8145888769797205,,4.947706921224798,"rgba(239, 83, 80, 1.0)",0.10737083167923467,4.947706921224798,-2.4467252149971506,0,,,0.0,0.0,0.0,0.0,34.5554557303374,-20.648224195214823,False,True,False,True,True,0.0
2025-07-14 16:00:00+00:00,4.685,4.72,4.65,4.67,3969.0,5.036957161764998,5.106144532732216,,4.811245592843404,,4.9460354870470145,"rgba(239, 83, 80, 1.0)",0.10890044217679416,4.9460354870470145,-2.5347508378238297,0,,,0.0,0.0,0.0,0.0,37.39644295325841,-18.110466889523856,False,True,False,True,True,0.0
2025-07-14 17:00:00+00:00,4.675,4.7,4.65,4.675,2995.0,5.0351230642123195,5.103259002028301,,4.808738693354139,,4.944441980462618,"rgba(239, 83, 80, 1.0)",0.1082588239958659,4.944441980462618,-2.4888685329974347,0,,,0.0,0.0,0.0,0.0,39.73743920612873,-15.977361015256506,False,False,False,True,True,0.0
2025-07-14 18:00:00+00:00,4.68,4.705,4.675,4.69,2027.0,5.033943533298375,5.101395545253391,,4.8072782362459545,,4.943524755265271,"rgba(239, 83, 80, 1.0)",0.10668320536195526,4.943524755265271,-2.376426115105095,0,,,0.0,0.0,0.0,0.0,42.66270114881702,-13.249083100287528,False,False,False,True,True,0.0
2025-07-14 19:00:00+00:00,4.69,4.77,4.65,4.695,6795.0,5.030217515000173,5.095492911088563,,4.803228114649805,,4.926834410710951,"rgba(239, 83, 80, 1.0)",0.10414638000652347,4.926834410710951,-2.2260438691813307,0,,,0.0,0.0,0.0,0.0,45.07416764850478,-10.968361658344726,True,False,False,True,True,0.0
2025-07-15 14:00:00+00:00,4.71,4.755,4.68,4.7,6599.0,5.026751426123269,5.090021429096045,,4.799837349555354,,4.924426896231456,"rgba(239, 83, 80, 1.0)",0.10269468437165019,4.924426896231456,-2.185379872430969,1,0.10100521055682721,0.10100521055682721,0.0,0.0,0.0,0.0,47.17199459647816,-8.922293069851477,True,False,False,False,True,0.0
2025-07-15 15:00:00+00:00,4.705,4.755,4.69,4.71,5062.0,5.024198519155643,5.08600102425154,,4.797585999912691,,4.922652819238946,"rgba(239, 83, 80, 1.0)",0.10113544570709605,4.922652819238946,-2.1026537012040456,1,0.10549266907689657,0.10549266907689657,0.0,0.0,0.0,0.0,49.57476815444869,-6.549150711092096,True,False,False,False,True,0.0
2025-07-15 16:00:00+00:00,4.71,4.72,4.63,4.705,2798.0,5.022653648380947,5.083617753723236,,4.795892859062423,,4.920951610231365,"rgba(239, 83, 80, 1.0)",0.10062901270604188,4.920951610231365,-2.146017380317581,1,0.11111448863208863,0.11111448863208863,0.0,0.0,0.0,0.0,50.56624709306882,-5.430826879207494,True,False,False,False,True,0.0
2025-07-15 17:00:00+00:00,4.705,4.72,4.68,4.705,1671.0,5.0217829360467,5.082266846296525,,4.795054121720602,,4.920155166333411,"rgba(239, 83, 80, 1.0)",0.10019202284331785,4.920155166333411,-2.147428110817514,1,0.11719295223513497,0.11719295223513497,0.0,0.0,0.0,0.0,51.227233052148904,-4.514875825455093,True,False,False,False,True,0.0
2025-07-15 18:00:00+00:00,4.705,4.74,4.675,4.685,1532.0,5.020984658583031,5.081031294942524,,4.794284676392419,,4.919411886731888,"rgba(239, 83, 80, 1.0)",0.10023876900084738,4.919411886731888,-2.3385351702583943,1,0.1267023979439647,0.1267023979439647,0.0,0.0,0.0,0.0,49.11681136946151,-4.514875825455093,True,False,False,False,True,0.0
2025-07-15 19:00:00+00:00,4.675,4.685,4.615,4.635,2910.0,5.01922124766703,5.078370644132005,,4.792024046792633,,4.9170057431203045,"rgba(239, 83, 80, 1.0)",0.10143008953489806,4.9170057431203045,-2.780296699070523,1,0.1385588809694525,0.1385588809694525,0.0,0.0,0.0,0.0,43.361174410384166,-0.8417491270893791,True,False,False,True,False,0.0
2025-07-16 14:00:00+00:00,4.55,4.585,4.51,4.55,1520.0,5.018070476686591,5.076686631899082,,4.790111631997329,,4.891408434392416,"rgba(239, 83, 80, 1.0)",0.10535837597164115,4.891408434392416,-3.2404489082511216,1,0.15075659501733613,0.15075659501733613,0.0,0.0,0.0,0.0,35.73160751961778,-7.788698430577369,False,True,False,True,False,0.0
2025-07-16 15:00:00+00:00,4.55,4.585,4.54,4.58,1082.0,5.0172894624774225,5.075539516757489,,4.78887958727176,,4.890535894195766,"rgba(239, 83, 80, 1.0)",0.10834242512088847,4.890535894195766,-2.8662446299247057,1,0.16100165938040828,0.16100165938040828,0.0,0.0,0.0,0.0,33.938161632790184,-9.225112234856226,False,True,False,True,False,0.0
2025-07-16 16:00:00+00:00,4.58,4.6,4.56,4.595,872.0,5.016685295952951,5.074649054511565,,4.7879708667065355,,4.889959892199935,"rgba(239, 83, 80, 1.0)",0.1107333458081533,4.889959892199935,-2.663695294739462,1,0.16980038184806853,0.16980038184806853,0.0,0.0,0.0,0.0,34.25877406817847,-9.225112234856226,False,True,False,True,False,0.0
2025-07-16 17:00:00+00:00,4.595,4.61,4.58,4.59,873.0,5.0160937695895695,5.0737759207772095,,4.787106202781142,,4.889381537557089,"rgba(239, 83, 80, 1.0)",0.11332755682149548,4.889381537557089,-2.641736449226121,1,0.17956573636864348,0.17956573636864348,0.0,0.0,0.0,0.0,34.19441369370017,-9.25654481207114,False,True,False,True,False,0.0
2025-07-16 18:00:00+00:00,4.59,4.59,4.57,4.575,1274.0,5.015202970890068,5.072467790359973,,4.7857614465993885,,4.888118128298533,"rgba(239, 83, 80, 1.0)",0.1161114717582547,4.888118128298533,-2.6967027767114016,1,0.1862934945224535,0.1862934945224535,0.0,0.0,0.0,0.0,33.30374857423399,-10.49596259564835,False,True,False,True,False,0.0
2025-07-16 19:00:00+00:00,4.575,4.6,4.54,4.55,9686.0,5.008318608198154,5.062448578022844,,4.775377308321364,,4.877654031838906,"rgba(239, 83, 80, 1.0)",0.1193574388054312,4.877654031838906,-2.7451496539987508,1,0.18945554269803375,0.18945554269803375,0.0,0.0,0.0,0.0,31.419712662857222,-12.662808174123214,False,True,False,True,False,0.0
2025-07-17 14:00:00+00:00,4.575,4.59,4.545,4.565,418.0,5.008028421770183,5.062027895064484,,4.7749576623118415,,4.877253342398836,"rgba(239, 83, 80, 1.0)",0.12212724128161202,4.877253342398836,-2.55678699626739,1,0.19234606180775482,0.19234606180775482,0.0,0.0,0.0,0.0,32.009583949030926,-12.662808174123214,False,True,False,True,False,0.0
2025-07-17 15:00:00+00:00,4.56,4.585,4.545,4.56,1999.0,5.006635478920719,5.060012423703901,,4.772942154102208,,4.875315379382212,"rgba(239, 83, 80, 1.0)",0.12488614634755742,4.875315379382212,-2.524822717362836,1,0.19678943229759133,0.19678943229759133,0.0,0.0,0.0,0.0,32.0941447419459,-12.790555542017728,False,True,False,True,False,0.0
2025-07-17 16:00:00+00:00,4.56,4.56,4.52,4.52,534.0,5.006239771080967,5.059444424248666,,4.772334093699259,,4.874685390764993,"rgba(239, 83, 80, 1.0)",0.1285230375114326,4.874685390764993,-2.7597028333028857,1,0.19963426745445823,0.19963426745445823,0.0,0.0,0.0,0.0,29.991924433042787,-15.170986110839664,False,True,False,True,False,0.0
2025-07-17 17:00:00+00:00,4.53,4.54,4.515,4.535,921.0,5.00555403906094,5.058461469458185,,4.7712780543122015,,4.873592271943407,"rgba(239, 83, 80, 1.0)",0.1315868157912638,4.873592271943407,-2.5731473925208106,0,,,0.0,0.0,0.0,0.0,30.521625346388443,-15.170986110839664,False,True,False,True,False,0.0
2025-07-17 18:00:00+00:00,4.53,4.56,4.515,4.515,1225.0,5.004645017564993,5.057159706735786,,4.769887621861245,,4.8721691918668855,"rgba(239, 83, 80, 1.0)",0.1342576184359828,4.8721691918668855,-2.6603271831251236,0,,,0.0,0.0,0.0,0.0,29.771262293904986,-16.019804408186914,False,True,False,True,False,0.0
2025-07-17 19:00:00+00:00,4.515,4.54,4.495,4.54,3529.0,5.0020182307629835,5.053409933150701,,4.765888508406602,,4.86812298255414,"rgba(239, 83, 80, 1.0)",0.1365634525653565,4.86812298255414,-2.4027144626935,0,,,0.0,0.0,0.0,0.0,32.34277238991203,-16.019804408186914,False,True,False,True,True,0.0
2025-07-18 14:00:00+00:00,4.475,4.525,4.405,4.45,1614.0,5.0006640263198765,5.051503715851779,,4.763620835897859,,4.865675257842167,"rgba(239, 83, 80, 1.0)",0.14103424285488755,4.865675257842167,-2.9473356925797205,0,,,0.0,0.0,0.0,0.0,29.78072317158155,-16.097444275768716,False,True,False,True,False,0.0
2025-07-18 15:00:00+00:00,4.45,4.475,4.43,4.475,1465.0,4.999440683629204,5.049784047453199,,4.761591423752579,,4.863523954947977,"rgba(239, 83, 80, 1.0)",0.14452447655784126,4.863523954947977,-2.688291728858008,0,,,0.0,0.0,0.0,0.0,30.499174878979993,-16.097444275768716,False,True,False,True,False,0.0
2025-07-18 16:00:00+00:00,4.475,4.5,4.47,4.49,1714.0,4.99808683005227,5.047875140998229,,4.7594581690381,,4.861361755114004,"rgba(239, 83, 80, 1.0)",0.14763471478281331,4.861361755114004,-2.515409439170977,0,,,0.0,0.0,0.0,0.0,32.36718446758557,-16.097444275768716,False,True,False,True,True,0.0
2025-07-18 17:00:00+00:00,4.495,4.5,4.455,4.47,818.0,4.997428543369876,5.046949833379076,,4.758408664131835,,4.860293672792044,"rgba(239, 83, 80, 1.0)",0.15097989246227952,4.860293672792044,-2.585070544341222,0,,,0.0,0.0,0.0,0.0,32.600296747721465,-16.097444275768716,False,True,False,True,True,0.0
2025-07-18 18:00:00+00:00,4.47,4.485,4.45,4.455,1420.0,4.996264290619335,5.045318011495314,,4.75653081224333,,4.858375729898209,"rgba(239, 83, 80, 1.0)",0.1541894529057707,4.858375729898209,-2.616104553822645,0,,,0.0,0.0,0.0,0.0,32.025309842303635,-16.097444275768716,False,True,False,True,True,0.0
2025-07-18 19:00:00+00:00,4.455,4.485,4.435,4.46,1413.0,4.9951035898519915,5.043694018127835,,4.754664816992066,,4.856483826521836,"rgba(239, 83, 80, 1.0)",0.15681017961990176,4.856483826521836,-2.5284316839817937,0,,,0.0,0.0,0.0,0.0,32.20067851309576,-16.097444275768716,False,True,False,True,True,0.0
2025-07-21 14:00:00+00:00,4.445,4.47,4.42,4.445,1735.0,4.993645479090979,5.041661298181824,,4.752290454114904,,4.854070944734384,"rgba(239, 83, 80, 1.0)",0.15891373942038467,4.854070944734384,-2.574169774283911,0,,,0.0,0.0,0.0,0.0,31.496817474415124,-16.097444275768716,False,True,False,True,True,0.0
2025-07-21 15:00:00+00:00,4.445,4.465,4.425,4.425,2236.0,4.991754988565807,5.039032833050489,,4.74921841017001,,4.850973868126716,"rgba(239, 83, 80, 1.0)",0.16105507982902004,4.850973868126716,-2.6448955759665598,0,,,0.0,0.0,0.0,0.0,30.00551571656998,-16.933757422982538,False,True,False,True,False,0.0
2025-07-21 16:00:00+00:00,4.425,4.44,4.42,4.425,582.0,4.991256175994547,5.038341105110363,,4.7484032309458435,,4.850153083068227,"rgba(239, 83, 80, 1.0)",0.16288646352595787,4.850153083068227,-2.610119182804124,0,,,0.0,0.0,0.0,0.0,29.01131454467322,-18.030836848971745,False,True,False,True,False,0.0
2025-07-21 17:00:00+00:00,4.425,4.43,4.39,4.425,2181.0,4.989350655356181,5.035706432354144,,4.745259168619582,,4.817401885843992,"rgba(239, 83, 80, 1.0)",0.16484193903511934,4.817401885843992,-2.3804736109079117,0,,,-1.0,0.0,4.39,588.0,28.34851376340871,-18.811513578983174,False,True,False,True,False,0.0
2025-07-21 18:00:00+00:00,4.425,4.45,4.425,4.445,751.0,4.988725860042766,5.03484069559451,,4.744271147141089,,4.816786397308222,"rgba(239, 83, 80, 1.0)",0.1662451787555132,4.816786397308222,-2.236374011513356,0,,,0.0,0.0,0.0,0.0,30.988919134906002,-18.811513578983174,False,True,False,True,True,0.0
2025-07-21 19:00:00+00:00,4.445,4.46,4.43,4.43,4375.0,4.98511414326356,5.029846897395156,,4.738640166833047,,4.812072156454708,"rgba(239, 83, 80, 1.0)",0.16731450667571285,4.812072156454708,-2.2835566625148456,0,,,0.0,0.0,0.0,0.0,31.581492315800027,-21.32414039142897,False,True,False,True,True,0.0
2025-07-22 14:00:00+00:00,4.475,4.485,4.46,4.475,1827.0,4.983711295118811,5.027902671783701,,4.736605521531621,,4.810655370587722,"rgba(239, 83, 80, 1.0)",0.16724979968743894,4.810655370587722,-2.0069104490110266,0,,,0.0,0.0,0.0,0.0,37.48601294779603,-15.887868290966452,False,False,False,True,True,0.0
2025-07-22 15:00:00+00:00,4.475,4.5,4.47,4.485,2264.0,4.982023028430788,5.025562462674582,,4.734236928002661,,4.809005275967726,"rgba(239, 83, 80, 1.0)",0.16680400647637178,4.809005275967726,-1.9424310171687744,0,,,0.0,0.0,0.0,0.0,42.400975779426055,-11.629125553130358,True,False,False,True,True,0.0
2025-07-22 16:00:00+00:00,4.485,4.495,4.47,4.48,545.0,4.981615612896735,5.024998671784258,,4.733665857672308,,4.8085736487481245,"rgba(239, 83, 80, 1.0)",0.16623268723779674,4.8085736487481245,-1.9765886854617092,0,,,0.0,0.0,0.0,0.0,45.128465372964044,-9.43316172567203,True,False,False,True,True,0.0
2025-07-22 17:00:00+00:00,4.48,4.54,4.475,4.52,2809.0,4.97965159580799,5.022270687777433,,4.731108554884375,,4.806972570687993,"rgba(239, 83, 80, 1.0)",0.16487442669064653,4.806972570687993,-1.7405523491307673,0,,,0.0,0.0,0.0,0.0,50.58893564967116,-4.676449882981167,True,False,True,False,True,0.0
2025-07-22 18:00:00+00:00,4.515,4.535,4.51,4.525,3052.0,4.977588935723579,5.019406365466642,,4.728540197623069,,4.805334720751268,"rgba(239, 83, 80, 1.0)",0.1632672600314924,4.805334720751268,-1.7170296157183875,0,,,0.0,0.0,0.0,0.0,54.616148926136205,-1.2917479106269312,True,False,True,False,True,0.0
2025-07-22 19:00:00+00:00,4.525,4.55,4.51,4.52,5702.0,4.973812762218076,5.014177555361591,,4.723983312417772,,4.802144437882399,"rgba(239, 83, 80, 1.0)",0.16152979252715763,4.802144437882399,-1.7467021622959313,0,,,0.0,0.0,0.0,0.0,56.61550708599186,0.33278307208276203,True,False,True,False,True,0.0
2025-07-23 14:00:00+00:00,4.555,4.62,4.55,4.61,6685.0,4.970113522161217,5.0090061199180385,,4.720614876122303,,4.800782990196941,"rgba(38, 166, 154, 1.0)",0.15886421194791012,4.800782990196941,-1.200918620107445,0,,,0.0,0.0,0.0,0.0,63.18933355072054,6.260646457521524,True,False,True,False,True,0.0
2025-07-23 15:00:00+00:00,4.61,4.63,4.59,4.615,7254.0,4.96637134460421,5.003777646767158,,4.717649826293791,,4.7995148214958885,"rgba(38, 166, 154, 1.0)",0.15602298282997862,4.7995148214958885,-1.1826130878228227,0,,,0.0,0.0,0.0,0.0,67.76389088870096,10.241479174686312,True,False,True,False,True,0.0
2025-07-23 16:00:00+00:00,4.615,4.63,4.56,4.57,2628.0,4.964940627164109,5.001798640423564,,4.716370992309693,,4.79863233823973,"rgba(38, 166, 154, 1.0)",0.1532580700518854,4.79863233823973,-1.4918127193062423,0,,,0.0,0.0,0.0,0.0,65.74416744743829,10.241479174686312,True,False,True,False,True,0.0
2025-07-23 17:00:00+00:00,4.575,4.6,4.565,4.585,1618.0,4.964057402043174,5.000579815282845,,4.7155760718101725,,4.798054056881112,"rgba(38, 166, 154, 1.0)",0.15089292785173272,4.798054056881112,-1.4119552182754294,0,,,0.0,0.0,0.0,0.0,65.27887755417018,10.241479174686312,True,False,True,False,False,0.0
2025-07-23 18:00:00+00:00,4.59,4.62,4.59,4.605,3811.0,4.962110617274112,4.997884514186986,,4.7140414507457535,,4.797066908932907,"rgba(38, 166, 154, 1.0)",0.14850646844889845,4.797066908932907,-1.2933235227999322,0,,,0.0,0.0,0.0,0.0,66.08376460756995,10.241479174686312,True,False,True,False,False,0.0
2025-07-23 19:00:00+00:00,4.6,4.62,4.59,4.595,8939.0,4.957584211943476,4.991651884856736,,4.710498651562283,,4.7944808887996455,"rgba(38, 166, 154, 1.0)",0.1470975345975491,4.7944808887996455,-1.3561130670572739,0,,,0.0,0.0,0.0,0.0,65.48910756206516,10.241479174686312,True,False,True,False,False,0.0
2025-07-24 14:00:00+00:00,4.585,4.635,4.57,4.63,6017.0,4.954684707776918,4.987670622904267,,4.708444906839806,,4.792936597228169,"rgba(38, 166, 154, 1.0)",0.1462055507258719,4.792936597228169,-1.1144350978415813,0,,,0.0,0.0,0.0,0.0,67.05450196793453,10.431253879010065,True,False,True,False,False,0.0
2025-07-24 15:00:00+00:00,4.63,4.64,4.59,4.615,4133.0,4.952740157207657,4.985007751053448,,4.707129879327721,,4.791907568213651,"rgba(38, 166, 154, 1.0)",0.1450910555975344,4.791907568213651,-1.2192865196623288,0,,,0.0,0.0,0.0,0.0,66.37545164238725,10.431253879010065,True,False,True,False,False,0.0
2025-07-24 16:00:00+00:00,4.61,4.625,4.56,4.565,5083.0,4.95015756422917,4.981508668680949,,4.705023724971075,,4.789993986313423,"rgba(38, 166, 154, 1.0)",0.14238138733504396,4.789993986313423,-1.580220494578966,0,,,0.0,0.0,0.0,0.0,61.23334273716972,10.431253879010065,True,False,True,False,False,0.0
2025-07-24 17:00:00+00:00,4.57,4.595,4.565,4.58,2299.0,4.948990793717386,4.979932923408179,,4.7040690315651945,,4.789107423407401,"rgba(38, 166, 154, 1.0)",0.1362190538457191,4.789107423407401,-1.5350820425183316,0,,,0.0,0.0,0.0,0.0,58.918022876199785,15.046370390311878,True,False,True,False,False,0.0
2025-07-24 18:00:00+00:00,4.585,4.605,4.58,4.6,4425.0,4.946856087139412,4.977047017257316,,4.702489200587024,,4.787666651424207,"rgba(38, 166, 154, 1.0)",0.13171683386840333,4.787666651424207,-1.4247734774106595,0,,,0.0,0.0,0.0,0.0,58.78592121804752,14.664923309070858,True,False,True,False,False,0.0
2025-07-24 19:00:00+00:00,4.6,4.625,4.58,4.595,17093.0,4.938960217523998,4.966434972348274,,4.697058595897346,,4.782506400030927,"rgba(38, 166, 154, 1.0)",0.12641405583836668,4.782506400030927,-1.4832717674265081,0,,,0.0,0.0,0.0,0.0,58.20255374921536,13.74515143270419,True,False,True,False,False,0.0
2025-07-25 14:00:00+00:00,4.62,4.665,4.605,4.635,10227.0,4.934875875156459,4.960946147339804,,4.695151610754722,,4.780655804342955,"rgba(38, 166, 154, 1.0)",0.12190614466916849,4.780655804342955,-1.1948192171792429,0,,,0.0,0.0,0.0,0.0,60.47755225177284,13.74515143270419,True,False,True,False,False,0.0
2025-07-25 15:00:00+00:00,4.635,4.64,4.615,4.63,3125.0,4.933622392299668,4.9592714757862995,,4.69453005000893,,4.780016520525077,"rgba(38, 166, 154, 1.0)",0.11863992764842926,4.780016520525077,-1.264469083036088,0,,,0.0,0.0,0.0,0.0,61.441684035838165,13.74515143270419,True,False,True,False,True,0.0
2025-07-25 16:00:00+00:00,4.63,4.695,4.625,4.69,15913.0,4.928245122670288,4.952040381873369,,4.6934206472589395,4.670000000000001,4.765627238240247,"rgba(38, 166, 154, 1.0)",0.11360743218927497,4.765627238240247,-0.6656891788052095,0,,,0.0,0.0,0.0,0.0,65.21046822452651,10.115406721380552,True,False,True,False,True,0.1926065266583592
2025-07-25 17:00:00+00:00,4.685,4.685,4.65,4.655,1729.0,4.927659305245932,4.95125835670233,,4.693273521653628,4.669346634924234,4.765439126662971,"rgba(38, 166, 154, 1.0)",0.11076446075234511,4.765439126662971,-0.9970628296552507,0,,,0.0,0.0,0.0,0.0,64.23481810023713,10.115406721380552,True,False,True,False,True,0.0
2025-07-25 18:00:00+00:00,4.65,4.655,4.635,4.635,8986.0,4.924409746413689,4.946960491542248,,4.691994481035281,4.660005633168094,4.763596984356946,"rgba(38, 166, 154, 1.0)",0.10725170361313581,4.763596984356946,-1.1990204353378309,0,,,0.0,0.0,0.0,0.0,61.82705261126115,10.115406721380552,True,False,True,False,False,0.0
2025-07-25 19:00:00+00:00,4.635,4.64,4.625,4.63,5574.0,4.922360913527757,4.944268611413193,,4.69108106382863,4.655100304328924,4.762347097658506,"rgba(38, 166, 154, 1.0)",0.1041318464324599,4.762347097658506,-1.27095698571279,0,,,0.0,0.0,0.0,0.0,59.77998171805284,14.747054700351356,True,False,True,False,False,0.0
2025-07-28 14:00:00+00:00,4.66,4.685,4.63,4.645,2806.0,4.921416396095431,4.943023538556641,,4.690795524799522,4.654958676112127,4.762000516452607,"rgba(38, 166, 154, 1.0)",0.10077255632413047,4.762000516452607,-1.16103551125845,0,,,0.0,0.0,0.0,0.0,59.490148336083216,14.28223990290499,True,False,True,False,False,0.0
2025-07-28 15:00:00+00:00,4.645,4.675,4.635,4.655,2341.0,4.92063832791068,4.941998849067219,,4.6905710410254065,4.65496126625434,4.761726801748381,"rgba(38, 166, 154, 1.0)",0.09644944528346136,4.761726801748381,-1.1065569266335804,0,,,0.0,0.0,0.0,0.0,60.005739923478544,14.28223990290499,True,False,True,False,False,0.0
2025-07-28 16:00:00+00:00,4.655,4.66,4.62,4.635,1286.0,4.920186140332956,4.9414065358921935,,4.69039169725689,4.654407790863207,4.761491475467436,"rgba(38, 166, 154, 1.0)",0.09045814322473987,4.761491475467436,-1.3983426030885073,0,,,0.0,0.0,0.0,0.0,58.22749091306455,12.602343542513339,True,False,True,False,False,0.0
2025-07-28 17:00:00+00:00,4.635,4.66,4.635,4.655,1644.0,4.919634017645609,4.94068170871996,,4.690215193809988,4.654227885498647,4.761267946789234,"rgba(38, 166, 154, 1.0)",0.08762517430032894,4.761267946789234,-1.2127558962109208,0,,,0.0,0.0,0.0,0.0,58.62868828553046,12.602343542513339,True,False,True,False,False,0.0
2025-07-28 18:00:00+00:00,4.65,4.67,4.65,4.65,2666.0,4.918765465518293,4.939540706204768,,4.6899791317506185,4.6543792835797735,4.760973722648105,"rgba(38, 166, 154, 1.0)",0.08591306102127834,4.760973722648105,-1.2916979249595038,0,,,0.0,0.0,0.0,0.0,58.327846295300176,12.172900670508497,True,False,True,False,False,0.0
2025-07-28 19:00:00+00:00,4.65,4.675,4.64,4.67,6195.0,4.916807275600474,4.9369706716949695,,4.689523653093729,4.655297992131326,4.760393554461059,"rgba(38, 166, 154, 1.0)",0.08485902458811251,4.760393554461059,-1.0652202862313105,0,,,0.0,0.0,0.0,0.0,59.73838950752916,12.172900670508497,True,False,True,False,False,0.0
2025-07-29 14:00:00+00:00,4.68,4.685,4.575,4.575,2014.0,4.916053574954528,4.935995469534089,,4.689118573266441,4.653580169683701,4.759847152531618,"rgba(38, 166, 154, 1.0)",0.08357103037003269,4.759847152531618,-2.211856808671123,0,,,0.0,0.0,0.0,0.0,52.77007173647327,6.84157427815466,False,False,False,False,False,0.0
2025-07-29 15:00:00+00:00,4.575,4.575,4.5,4.51,4163.0,4.91408409025832,4.9334849146060895,,4.687407807826228,4.644154449204886,4.757565658699993,"rgba(239, 83, 80, 1.0)",0.08296873393515529,4.757565658699993,-2.9838427918338426,0,,,0.0,0.0,0.0,0.0,45.199559489221166,0.13681255475295018,False,True,False,True,False,0.0
2025-07-29 16:00:00+00:00,4.515,4.515,4.47,4.47,6412.0,4.910753056659996,4.929270820358234,,4.684144191945228,4.627622538299125,4.753340367580571,"rgba(239, 83, 80, 1.0)",0.08245954509071898,4.753340367580571,-3.4361136393470337,0,,,0.0,0.0,0.0,0.0,38.79717256053802,-5.268745468418892,False,True,False,True,False,0.0
2025-07-29 17:00:00+00:00,4.475,4.565,4.47,4.535,8247.0,4.906922993164331,4.924423509072688,,4.680876995897345,4.615331566060744,4.749265370907764,"rgba(239, 83, 80, 1.0)",0.0817154478321335,4.749265370907764,-2.6220913743007994,0,,,0.0,0.0,0.0,0.0,39.41999695629457,-5.268745468418892,False,True,False,True,False,0.0
2025-07-29 18:00:00+00:00,4.53,4.57,4.52,4.57,7642.0,4.9037132191793,4.920362320500956,,4.678520159203787,4.60922743435801,4.7464006634805,"rgba(239, 83, 80, 1.0)",0.08129542389296984,4.7464006634805,-2.169871993197818,0,,,0.0,0.0,0.0,0.0,41.95593534568502,-5.268745468418892,False,True,False,True,True,0.0
2025-07-29 19:00:00+00:00,4.565,4.565,4.51,4.52,9350.0,4.899626452614655,4.915226481788185,,4.675273400676584,4.60088881350995,4.742499122512447,"rgba(239, 83, 80, 1.0)",0.08141391297079949,4.742499122512447,-2.7329373370402976,0,,,0.0,0.0,0.0,0.0,41.342266120873276,-5.268745468418892,False,True,False,True,True,0.0
2025-07-30 14:00:00+00:00,4.45,4.455,4.365,4.405,4123.0,4.897258208837724,4.9122902063760305,,4.672696084515331,4.592173284590867,4.7394322160754765,"rgba(239, 83, 80, 1.0)",0.08368252963287745,4.7394322160754765,-3.9964400878254938,0,,,0.0,0.0,0.0,0.0,37.24864093925221,-5.947711320959485,False,True,False,True,False,0.0
2025-07-30 15:00:00+00:00,4.405,4.44,4.395,4.415,3412.0,4.895348669935056,4.909925642492024,,4.670666611684551,4.585836675378912,4.73704015754784,"rgba(239, 83, 80, 1.0)",0.08557768716512587,4.73704015754784,-3.7631322861816714,0,,,0.0,0.0,0.0,0.0,35.14022592916913,-8.033689887626672,False,True,False,True,False,0.0
2025-07-30 16:00:00+00:00,4.415,4.455,4.4,4.445,2817.0,4.893838018510111,4.908055749771116,,4.669123501669513,4.5814223523770385,4.7352343033568225,"rgba(239, 83, 80, 1.0)",0.08664658464487915,4.7352343033568225,-3.3496335088837825,0,,,0.0,0.0,0.0,0.0,35.60839524383231,-8.033689887626672,False,True,False,True,False,0.0
2025-07-30 17:00:00+00:00,4.445,4.46,4.43,4.44,1795.0,4.892901360835757,4.906896821680975,,4.668191910601341,4.578921522137585,4.734149144656021,"rgba(239, 83, 80, 1.0)",0.08744434523458365,4.734149144656021,-3.3638440984024487,0,,,0.0,0.0,0.0,0.0,35.737429794457874,-8.035613313924621,False,True,False,True,False,0.0
2025-07-30 18:00:00+00:00,4.44,4.44,4.39,4.39,4627.0,4.890309323643276,4.903701718179848,,4.665439745846619,4.571238778251175,4.7309594514601585,"rgba(239, 83, 80, 1.0)",0.08865471029589539,4.7309594514601585,-3.845925956129878,0,,,0.0,0.0,0.0,0.0,34.088172939637396,-10.016869273814805,False,True,False,True,False,0.0
2025-07-30 19:00:00+00:00,4.395,4.4,4.36,4.4,4315.0,4.887817912514729,4.900640198062823,,4.662730480160901,4.563868328752418,4.7278435728523975,"rgba(239, 83, 80, 1.0)",0.08969668608977104,4.7278435728523975,-3.6550243620403307,0,,,0.0,0.0,0.0,0.0,33.71572412847547,-10.800350942567057,False,True,False,True,False,0.0
2025-07-31 14:00:00+00:00,4.32,4.34,4.195,4.25,2479.0,4.886043455960831,4.898473886904335,,4.660503625428167,4.55709082712118,4.725293987751522,"rgba(239, 83, 80, 1.0)",0.0954859548182816,4.725293987751522,-4.97763245553809,0,,,0.0,0.0,0.0,0.0,29.65181809191906,-14.940284401483936,False,True,False,True,False,0.0
2025-07-31 15:00:00+00:00,4.25,4.405,4.205,4.395,10370.0,4.879587566689599,4.890594397861842,,4.6531149811242,4.538042294564924,4.716937905273963,"rgba(239, 83, 80, 1.0)",0.09584155468060236,4.716937905273963,-3.359063887755583,0,,,0.0,0.0,0.0,0.0,34.11206291974797,-14.940284401483936,False,True,False,True,True,0.0
2025-07-31 16:00:00+00:00,4.395,4.58,4.395,4.505,11199.0,4.874761608049991,4.8846843470740815,,4.6492918558400715,4.534252160528872,4.693469178544697,"rgba(38, 166, 154, 1.0)",0.09443277794039949,4.693469178544697,-1.9958025449981749,0,,,0.0,0.0,0.0,0.0,40.68531462635645,-15.45327380217082,False,True,False,True,True,0.0
2025-07-31 17:00:00+00:00,4.505,4.525,4.47,4.5,1778.0,4.8740163881187515,4.883773961821883,,4.648720567816673,4.533775149446408,4.692908868337591,"rgba(38, 166, 154, 1.0)",0.09285113533675583,4.692908868337591,-2.0776145346843893,0,,,0.0,0.0,0.0,0.0,44.895206196375256,-11.770597381434854,False,True,False,True,True,0.0
2025-07-31 18:00:00+00:00,4.505,4.505,4.43,4.455,2923.0,4.872684109978952,4.882151532593855,,4.647574314043199,4.532270088056567,4.691425110502896,"rgba(38, 166, 154, 1.0)",0.09134199669566857,4.691425110502896,-2.5883505841306786,0,,,0.0,0.0,0.0,0.0,46.12730420954338,-10.732494722012156,False,True,False,True,True,0.0
2025-07-31 19:00:00+00:00,4.46,4.5,4.42,4.48,4099.0,4.870845410761448,4.879915276233091,,4.6460192165868,4.530361650284471,4.689575300641669,"rgba(38, 166, 154, 1.0)",0.08954227950979886,4.689575300641669,-2.340517817828555,0,,,0.0,0.0,0.0,0.0,47.847789511220526,-9.03382301963758,False,True,False,False,True,0.0
2025-08-01 14:00:00+00:00,4.18,4.215,4.135,4.195,3465.0,4.868217178059504,4.8767527778576545,,4.642669335082203,4.521992680843204,4.683787305966591,"rgba(239, 83, 80, 1.0)",0.0957944496125303,4.683787305966591,-5.10245956778957,0,,,0.0,0.0,0.0,0.0,42.118107410546244,-9.03382301963758,False,True,False,True,False,0.0
2025-08-01 15:00:00+00:00,4.19,4.265,4.19,4.25,1472.0,4.8671929747451355,4.875520360682397,,4.641423773269514,4.519096030864452,4.681868594906829,"rgba(239, 83, 80, 1.0)",0.0994239262808911,4.681868594906829,-4.343708914559661,0,,,0.0,0.0,0.0,0.0,40.15466173320965,-2.543982609614119,False,True,False,True,False,0.0
2025-08-01 16:00:00+00:00,4.245,4.245,4.085,4.085,4582.0,4.863541707893682,4.8711398315635455,,4.636684194690943,4.507497784041554,4.674626484310519,"rgba(239, 83, 80, 1.0)",0.11082117727819076,4.674626484310519,-5.320521752177373,0,,,0.0,0.0,0.0,0.0,36.27046473981817,-6.262643753037409,False,True,False,True,False,0.0
2025-08-01 17:00:00+00:00,4.085,4.125,4.04,4.05,1118.0,4.862574961589655,4.869982360152459,,4.635388373314296,4.504282443151074,4.672695683095718,"rgba(239, 83, 80, 1.0)",0.12319061623321272,4.672695683095718,-5.0547330806178445,0,,,0.0,0.0,0.0,0.0,33.22092287271922,-9.199964149732608,False,True,False,True,False,0.0
2025-08-01 18:00:00+00:00,4.045,4.06,3.94,3.945,6120.0,4.8567270137728045,4.862997543886694,,4.627283104606544,4.483995953368599,4.66095178194805,"rgba(239, 83, 80, 1.0)",0.1391609995069539,4.66095178194805,-5.14477320861923,0,,,0.0,0.0,0.0,0.0,29.917892709036074,-12.404034075090962,False,True,False,True,False,0.0
2025-08-01 19:00:00+00:00,3.945,4.005,3.86,3.965,8189.0,4.848684913164987,4.853422275876358,,4.61612135663387,4.457300388099359,4.646037545655591,"rgba(239, 83, 80, 1.0)",0.15192459011322557,4.646037545655591,-4.482734132427349,0,,,0.0,0.0,0.0,0.0,28.462882872417715,-13.957331304154536,False,True,False,True,False,0.0
2025-08-04 14:00:00+00:00,3.865,3.925,3.83,3.91,1571.0,4.847065513227976,4.851498441379365,,4.61384991980589,4.451961500479826,4.595051814340716,"rgba(239, 83, 80, 1.0)",0.16577723031249036,4.595051814340716,-4.1323637332424505,0,,,0.0,0.0,0.0,0.0,26.78666584658154,-15.832021991509137,False,True,False,True,False,0.0
2025-08-04 15:00:00+00:00,3.89,3.91,3.86,3.9,4506.0,4.8424588645398785,4.846032211450303,,4.607427645241151,4.43723325074062,4.587251454418235,"rgba(239, 83, 80, 1.0)",0.17864484874177655,4.587251454418235,-3.8470264284621343,0,,,0.0,0.0,0.0,0.0,25.538921672552053,-17.37726737798384,False,True,False,True,False,0.0
2025-08-04 16:00:00+00:00,3.885,3.905,3.85,3.85,2489.0,4.839875778250324,4.842971541826762,,4.603823098340964,4.429114822523034,4.58261346236731,"rgba(239, 83, 80, 1.0)",0.19247351520155742,4.58261346236731,-3.806307904753131,0,,,0.0,0.0,0.0,0.0,24.048357127493215,-19.192528682480305,False,True,False,True,False,0.0
2025-08-04 17:00:00+00:00,3.865,3.895,3.85,3.875,1726.0,4.838101740095206,4.840871174803892,,4.601360947997361,4.423668799403515,4.5796187177795655,"rgba(239, 83, 80, 1.0)",0.2038603125353657,4.5796187177795655,-3.4563800526761588,0,,,0.0,0.0,0.0,0.0,24.265476292441473,-19.431868094678357,False,True,False,True,False,0.0
2025-08-04 18:00:00+00:00,3.875,3.895,3.86,3.88,716.0,4.837371526087941,4.840007032154812,,4.600351414491837,4.42146105089365,4.578425658320557,"rgba(239, 83, 80, 1.0)",0.21409983357940418,4.578425658320557,-3.2621494685166543,0,,,0.0,0.0,0.0,0.0,24.667457822915082,-19.53392812504623,False,True,False,True,False,0.0
2025-08-04 19:00:00+00:00,3.88,3.91,3.85,3.85,2537.0,4.834770676424798,4.83693114342519,,4.596755893242466,4.413662344756851,4.574135921828279,"rgba(239, 83, 80, 1.0)",0.2247806137644304,4.574135921828279,-3.221523020606979,0,,,0.0,0.0,0.0,0.0,24.38610497077201,-20.341676852995093,False,True,False,True,False,0.0
2025-08-05 14:00:00+00:00,3.975,4.0,3.91,3.94,4265.0,4.830789671353574,4.832228140889276,,4.591447177738302,4.4028951165462455,4.569101887480809,"rgba(239, 83, 80, 1.0)",0.23175268349319256,4.569101887480809,-2.714539818906942,0,,,0.0,0.0,0.0,0.0,28.74953124254924,-20.341676852995093,False,True,False,True,True,0.0
2025-08-05 15:00:00+00:00,3.94,3.98,3.92,3.98,3836.0,4.827279883663747,4.828088061637575,,4.586819626812777,4.393833928009515,4.564647630454386,"rgba(239, 83, 80, 1.0)",0.23731370123274018,4.564647630454386,-2.4636067256858722,0,,,0.0,0.0,0.0,0.0,33.37254264223165,-21.972784810300492,False,True,False,True,True,0.0
2025-08-05 16:00:00+00:00,3.98,4.005,3.95,3.955,6792.0,4.821205238097222,4.8209365995179265,,4.578918439014086,4.37901744308736,4.55701307056518,"rgba(239, 83, 80, 1.0)",0.24300619129766704,4.55701307056518,-2.47735692391373,0,,,0.0,0.0,0.0,0.0,35.67794823958315,-19.802217866062247,False,True,False,True,True,0.0
2025-08-05 17:00:00+00:00,3.955,3.975,3.92,3.935,3203.0,4.818281490400692,4.817500886134739,,4.575102059244039,4.371951353303763,4.5530800040038395,"rgba(239, 83, 80, 1.0)",0.24924390167567143,4.5530800040038395,-2.4798199669018017,0,,,0.0,0.0,0.0,0.0,36.58513573519748,-18.852839213776015,False,True,False,True,True,0.0
2025-08-05 18:00:00+00:00,3.935,4.045,3.935,4.04,4610.0,4.814409574792847,4.812957762598698,,4.570231645484925,4.363619113121097,4.548652103705894,"rgba(239, 83, 80, 1.0)",0.2527398156492237,4.548652103705894,-2.012552325399532,0,,,0.0,0.0,0.0,0.0,41.6434398946829,-14.055844132010186,False,False,False,True,True,0.0
2025-08-05 19:00:00+00:00,4.04,4.075,4.01,4.035,5610.0,4.809939708150406,4.807723096083115,,4.564760131481167,4.354878630026191,4.543949375160628,"rgba(239, 83, 80, 1.0)",0.25608307351429854,4.543949375160628,-1.9874385611519565,0,,,0.0,0.0,0.0,0.0,44.81747655635431,-11.138477585178727,True,False,False,True,True,0.0
2025-08-06 14:00:00+00:00,4.13,4.135,4.045,4.075,1204.0,4.809042792272048,4.806674186499897,,4.563699977608762,4.353323297401826,4.507014952629322,"rgba(239, 83, 80, 1.0)",0.2586273189167747,4.507014952629322,-1.6704149988437322,0,,,0.0,0.0,0.0,0.0,48.45854362619412,-7.787547930159143,True,False,False,False,True,0.0
2025-08-06 15:00:00+00:00,4.08,4.135,4.07,4.11,1157.0,4.808206727907213,4.805696942047318,,4.562727993655828,4.351955629709672,4.471743314157704,"rgba(239, 83, 80, 1.0)",0.26056214351017987,4.471743314157704,-1.388318768353896,0,,,0.0,0.0,0.0,0.0,52.13161129059415,-4.417631315429929,True,False,True,False,True,0.0
2025-08-06 16:00:00+00:00,4.11,4.11,4.06,4.075,3548.0,4.805570567545601,4.802617841858953,,4.559622231805628,4.347466439785102,4.468261607263263,"rgba(239, 83, 80, 1.0)",0.2629050799833848,4.468261607263263,-1.4958311466941459,0,,,0.0,0.0,0.0,0.0,52.86042829209871,-3.6937429816241902,True,False,True,False,True,0.0
2025-08-06 17:00:00+00:00,4.09,4.115,4.04,4.055,3476.0,4.802965063866094,4.799578111602495,,4.556544812251861,4.343023848018781,4.465267312721967,"rgba(239, 83, 80, 1.0)",0.26550227769163914,4.465267312721967,-1.5452496915994902,0,,,0.0,0.0,0.0,0.0,52.38991035540601,-3.6937429816241902,True,False,True,False,True,0.0
2025-08-06 18:00:00+00:00,4.055,4.055,4.02,4.04,1164.0,4.8020591684919625,4.798521897164914,,4.555456401798865,4.34139891383863,4.463884111150771,"rgba(239, 83, 80, 1.0)",0.2682807793647642,4.463884111150771,-1.580001788254996,0,,,0.0,0.0,0.0,0.0,51.34450962992496,-3.6937429816241902,True,False,False,False,True,0.0
2025-08-06 19:00:00+00:00,4.04,4.04,3.975,4.005,5963.0,4.797260826957192,4.792933215132819,,4.549614481949333,4.332497063947956,4.456222413976242,"rgba(239, 83, 80, 1.0)",0.27153315129508754,4.456222413976242,-1.6617581014477236,0,,,0.0,0.0,0.0,0.0,48.993964395274254,-3.6937429816241902,True,False,False,False,False,0.0
2025-08-07 14:00:00+00:00,4.01,4.01,3.88,3.89,968.0,4.796409079469869,4.791941861931443,,4.548539844457275,4.330752580020604,4.454474315509676,"rgba(239, 83, 80, 1.0)",0.2769584969070231,4.454474315509676,-2.038118786076364,0,,,0.0,0.0,0.0,0.0,43.42140164317664,-0.5094563313258504,True,False,False,True,False,0.0
2025-08-07 15:00:00+00:00,3.89,3.92,3.865,3.885,2441.0,4.794178376988686,4.789346509474032,,4.545687515193239,4.32602621324676,4.449686260961819,"rgba(239, 83, 80, 1.0)",0.28212908361210876,4.449686260961819,-2.0015173683341003,0,,,0.0,0.0,0.0,0.0,39.56546035271906,-4.093768861560214,False,False,False,True,False,0.0
2025-08-07 16:00:00+00:00,3.885,3.93,3.88,3.89,2557.0,4.791879126161357,4.7866738437357705,,4.542771183297122,4.321293822494461,4.44537564772728,"rgba(239, 83, 80, 1.0)",0.2869674778321084,4.44537564772728,-1.935326093126849,0,,,0.0,0.0,0.0,0.0,37.32464719119689,-6.190289131816137,False,False,False,True,False,0.0
2025-08-07 17:00:00+00:00,3.89,3.89,3.84,3.865,1351.0,4.790621590571296,4.785212721683684,,4.541157615849693,4.318631430286644,4.44290886332435,"rgba(239, 83, 80, 1.0)",0.2918381786581576,4.44290886332435,-1.9802373561317992,0,,,0.0,0.0,0.0,0.0,35.0041691587586,-8.445774457679676,False,True,False,True,False,0.0
2025-08-07 18:00:00+00:00,3.87,3.875,3.82,3.82,1306.0,4.789374252395842,4.78376386081869,,4.5395438509201735,4.3159375183418005,4.440387265486886,"rgba(239, 83, 80, 1.0)",0.2973292075421547,4.440387265486886,-2.08653320881343,0,,,0.0,0.0,0.0,0.0,32.1149264819156,-11.266499789973004,False,True,False,True,False,0.0
2025-08-07 19:00:00+00:00,3.825,3.84,3.795,3.81,1008.0,4.788390195728739,4.782621101675044,,4.538262091336942,4.313778295667543,4.438354808821748,"rgba(239, 83, 80, 1.0)",0.3027189550816956,4.438354808821748,-2.0757035470480263,0,,,0.0,0.0,0.0,0.0,29.907043412943167,-13.474486400660865,False,True,False,True,False,0.0
2025-08-08 14:00:00+00:00,3.84,3.875,3.79,3.8,1694.0,4.786752199159276,4.780719881758944,,4.536137968826463,4.310239171750534,4.4351508625425735,"rgba(239, 83, 80, 1.0)",0.3076394139394313,4.4351508625425735,-2.0645952168782364,0,,,0.0,0.0,0.0,0.0,28.139044823522582,-15.330490205293103,False,True,False,True,False,0.0
2025-08-08 15:00:00+00:00,3.8,3.815,3.76,3.76,1073.0,4.7856710835833685,4.779465276238687,,4.534717818041248,4.307827160337302,4.43290695075745,"rgba(239, 83, 80, 1.0)",0.3130336884267852,4.43290695075745,-2.1496310960627953,0,,,0.0,0.0,0.0,0.0,25.84876119877717,-17.709287404146806,False,True,False,True,False,0.0
2025-08-08 16:00:00+00:00,3.76,3.785,3.75,3.76,1563.0,4.784079613306036,4.777619082272128,,4.532622335437985,4.3042650600723515,4.429629725835836,"rgba(239, 83, 80, 1.0)",0.3180547292696623,4.429629725835836,-2.105391507221047,0,,,0.0,0.0,0.0,0.0,24.321905448946893,-19.397784322306396,False,True,False,True,False,0.0
2025-08-08 17:00:00+00:00,3.755,3.785,3.74,3.75,1651.0,4.782392959073947,4.775663436776584,,4.53040211239556,4.300506936684511,4.426246014621501,"rgba(239, 83, 80, 1.0)",0.3218131627384108,4.426246014621501,-2.1013621968321874,0,,,0.0,0.0,0.0,0.0,23.012457193954305,-20.930950508680358,False,True,False,True,False,0.0
2025-08-08 18:00:00+00:00,3.75,3.75,3.73,3.73,467.0,4.781906807163547,4.775099873669765,,4.529758851734424,4.299411180884133,4.425254962328577,"rgba(239, 83, 80, 1.0)",0.32548372871411657,4.425254962328577,-2.136066724672565,0,,,0.0,0.0,0.0,0.0,21.563764520066456,-22.620217083158114,False,True,False,True,False,0.0
2025-08-08 19:00:00+00:00,3.73,3.75,3.71,3.74,2814.0,4.778977633261326,4.771706053396772,,4.52588852220075,4.292859014384019,4.419455960506727,"rgba(239, 83, 80, 1.0)",0.32909578550328294,4.419455960506727,-2.064614590757038,0,,,0.0,0.0,0.0,0.0,21.830802894584657,-22.71308290343665,False,True,False,True,False,0.0
2025-08-11 14:00:00+00:00,3.67,3.69,3.605,3.64,20189.0,4.75669720583183,4.745973318596849,,4.496210796567686,4.243184393823155,4.377685265516431,"rgba(239, 83, 80, 1.0)",0.33433404291552304,4.377685265516431,-2.2064318042025506,0,,,0.0,0.0,0.0,0.0,19.485788588499428,-25.272179031662418,False,True,False,True,False,0.0
2025-08-11 15:00:00+00:00,3.64,3.67,3.61,3.67,2130.0,4.754407849947019,4.7433388387066655,,4.493213621760761,4.238424365948853,4.373986986392682,"rgba(239, 83, 80, 1.0)",0.33803730003684884,4.373986986392682,-2.0825719123775435,0,,,0.0,0.0,0.0,0.0,20.83397067412813,-25.272179031662418,False,True,False,True,False,0.0
2025-08-11 16:00:00+00:00,3.67,3.67,3.635,3.635,338.0,4.754044339115526,4.74292067802142,,4.492738092072534,4.237671793829844,4.373403554042069,"rgba(239, 83, 80, 1.0)",0.34217211569142053,4.373403554042069,-2.1579886851679637,0,,,0.0,0.0,0.0,0.0,20.802586130119515,-25.272179031662418,False,True,False,True,False,0.0
2025-08-11 17:00:00+00:00,3.64,3.64,3.59,3.59,653.0,4.753317385530609,4.742084269441263,,4.491777540380974,4.236125230050506,4.372176596312358,"rgba(239, 83, 80, 1.0)",0.3462577673373225,4.372176596312358,-2.2589431056729654,0,,,0.0,0.0,0.0,0.0,19.76942671694784,-25.832175671735776,False,True,False,True,False,0.0
2025-08-11 18:00:00+00:00,3.585,3.62,3.57,3.62,1132.0,4.752055707288137,4.740632989464777,,4.490111060664557,4.233447987172921,4.370056219474496,"rgba(239, 83, 80, 1.0)",0.3493120394445152,4.370056219474496,-2.1472383851047745,0,,,0.0,0.0,0.0,0.0,21.795038111969887,-25.832175671735776,False,True,False,True,True,0.0
2025-08-11 19:00:00+00:00,3.62,3.63,3.56,3.595,3649.0,4.747978100991369,4.735945774225712,,4.484731383451809,4.224857913483377,4.363281705508227,"rgba(239, 83, 80, 1.0)",0.35317086184684476,4.363281705508227,-2.175382480566581,0,,,0.0,0.0,0.0,0.0,22.414086987072253,-25.832175671735776,False,True,False,True,True,0.0
2025-08-12 14:00:00+00:00,3.565,3.635,3.555,3.615,21115.0,4.725069231618631,4.70971298183662,,4.45505287063963,4.179843723096254,4.32882811461487,"rgba(239, 83, 80, 1.0)",0.35585611780122856,4.32882811461487,-2.0059458834809036,0,,,0.0,0.0,0.0,0.0,24.633119724277275,-29.313621609942892,False,True,False,True,True,0.0
2025-08-12 15:00:00+00:00,3.61,3.64,3.59,3.59,6404.0,4.7183311695520205,4.702029767763944,,4.4464923731657695,4.167556163319685,4.319560645198438,"rgba(239, 83, 80, 1.0)",0.35823889809468373,4.319560645198438,-2.036519900766367,0,,,0.0,0.0,0.0,0.0,25.233031419174626,-28.56784407493801,False,True,False,True,True,0.0
2025-08-12 16:00:00+00:00,3.595,3.6,3.565,3.575,1213.0,4.7170336328790485,4.700551372933248,,4.444839458702899,4.165180002667199,4.317748495890666,"rgba(239, 83, 80, 1.0)",0.36049421781918495,4.317748495890666,-2.0603617455612295,0,,,0.0,0.0,0.0,0.0,25.124378087710934,-28.44197358211475,False,True,False,True,True,0.0
2025-08-12 17:00:00+00:00,3.575,3.585,3.55,3.555,585.0,4.716399762573818,4.699829187079506,,4.444029231772366,4.164008451875882,4.3168494188577045,"rgba(239, 83, 80, 1.0)",0.36190035212037236,4.3168494188577045,-2.1051358872519255,0,,,0.0,0.0,0.0,0.0,24.39036921400521,-28.44197358211475,False,True,False,True,True,0.0
2025-08-12 18:00:00+00:00,3.555,3.56,3.535,3.54,1478.0,4.714775977040599,4.697979299591437,,4.44194634160105,4.160979030009635,4.256724238867531,"rgba(239, 83, 80, 1.0)",0.36313285236735726,4.256724238867531,-1.9737245864564994,0,,,0.0,0.0,0.0,0.0,23.419671594760153,-28.44197358211475,False,True,False,True,False,0.0
2025-08-12 19:00:00+00:00,3.545,3.6,3.54,3.595,8131.0,4.706175129526604,4.688198657358562,,4.431077559742897,4.1457034002506425,4.246957752856872,"rgba(239, 83, 80, 1.0)",0.3614282603607133,4.246957752856872,-1.8038372323354122,0,,,0.0,0.0,0.0,0.0,28.17134593430773,-25.23343523511512,False,True,False,True,True,0.0
2025-08-13 14:00:00+00:00,3.675,3.745,3.67,3.7,1308.0,4.704957713137899,4.686818966287953,,4.429610559659261,4.143852525777938,4.246481681969343,"rgba(239, 83, 80, 1.0)",0.3581858317829923,4.246481681969343,-1.5256931834769791,0,,,0.0,0.0,0.0,0.0,37.71711714038156,-16.656431526943095,True,False,False,True,True,0.0
2025-08-13 15:00:00+00:00,3.71,3.72,3.66,3.66,886.0,4.70411417747661,4.685862861862929,,4.4285860528875896,4.1425366868591125,4.245906507335439,"rgba(239, 83, 80, 1.0)",0.3554805401346158,4.245906507335439,-1.6482097926192079,0,,,0.0,0.0,0.0,0.0,41.879179992940735,-13.355644211604009,True,False,False,True,True,0.0
2025-08-13 16:00:00+00:00,3.66,3.69,3.66,3.685,450.0,4.703685580227884,4.685377147330071,,4.428065620706273,4.141868828157136,4.245591767256505,"rgba(239, 83, 80, 1.0)",0.3520125279301909,4.245591767256505,-1.5925335684861703,0,,,0.0,0.0,0.0,0.0,45.908370611401914,-10.071196030628016,True,False,False,False,True,0.0
2025-08-13 17:00:00+00:00,3.685,3.715,3.665,3.695,1149.0,4.702607061081563,4.684155470194752,,4.426763627531991,4.140221049267291,4.244847418357431,"rgba(239, 83, 80, 1.0)",0.34756427884336927,4.244847418357431,-1.5820020981075034,0,,,0.0,0.0,0.0,0.0,49.09918644347843,-7.436914276068471,True,False,False,False,True,0.0
2025-08-13 18:00:00+00:00,3.695,3.73,3.69,3.71,827.0,4.7018462635888225,4.683294226206637,,4.425852656292101,4.139090665514442,4.244371948859856,"rgba(38, 166, 154, 1.0)",0.34214543032967537,4.244371948859856,-1.5618269352449332,0,,,0.0,0.0,0.0,0.0,52.00673626294179,-4.91485721938043,True,False,True,False,True,0.0
2025-08-13 19:00:00+00:00,3.72,3.77,3.72,3.76,2535.0,4.699615200638115,4.680771828203921,,4.423229860176649,4.135982001687209,4.243333484438372,"rgba(38, 166, 154, 1.0)",0.3360970741366641,4.243333484438372,-1.438077036760631,0,,,0.0,0.0,0.0,0.0,56.260851881381896,-1.0560047916676538,True,False,True,False,True,0.0
2025-08-14 14:00:00+00:00,3.69,3.73,3.69,3.715,2338.0,4.697484079959107,4.678362193070612,,4.420692156560655,4.132878229936768,4.241665063012507,"rgba(38, 166, 154, 1.0)",0.32949114466764856,4.241665063012507,-1.5984194766258246,0,,,0.0,0.0,0.0,0.0,56.01103469503643,-1.0560047916676538,True,False,True,False,True,0.0
2025-08-14 15:00:00+00:00,3.72,3.73,3.69,3.71,401.0,4.697118869638598,4.677949399522621,,4.420257703119662,4.132348357018759,4.241365940917298,"rgba(38, 166, 154, 1.0)",0.3224534046931136,4.241365940917298,-1.6478844173563967,0,,,0.0,0.0,0.0,0.0,55.519690983058,-1.0560047916676538,True,False,True,False,True,0.0
2025-08-14 16:00:00+00:00,3.715,3.72,3.68,3.695,617.0,4.6965508296524066,4.6773072931107915,,4.419579303009763,4.131513205154192,4.240863849221636,"rgba(38, 166, 154, 1.0)",0.3143482890788964,4.240863849221636,-1.7364937815348924,0,,,0.0,0.0,0.0,0.0,54.17540613609012,-1.0560047916676538,True,False,True,False,True,0.0
2025-08-14 17:00:00+00:00,3.695,3.82,3.695,3.805,1516.0,4.695262525911551,4.675853769170582,,4.418090612231251,4.129827710368416,4.240190260957776,"rgba(38, 166, 154, 1.0)",0.30714902331361066,4.240190260957776,-1.4168700790997817,0,,,0.0,0.0,0.0,0.0,58.384886878184204,1.6907012187404291,True,False,True,False,True,0.0
2025-08-14 18:00:00+00:00,3.81,3.915,3.795,3.88,5042.0,4.691419322967726,4.671531737968561,,4.413872689098227,4.125721193469088,4.239680971501963,"rgba(38, 166, 154, 1.0)",0.3007252195238038,4.239680971501963,-1.196045253775242,0,,,0.0,0.0,0.0,0.0,63.34854460024819,6.455514908112292,True,False,True,False,True,0.0
2025-08-14 19:00:00+00:00,3.88,3.92,3.875,3.905,6675.0,4.686608558987223,4.666136529826743,,4.408751745499024,4.121208500310491,4.239088972221541,"rgba(38, 166, 154, 1.0)",0.2948330876098064,4.239088972221541,-1.133146130001826,0,,,0.0,0.0,0.0,0.0,67.26455465690938,10.128384965869841,True,False,True,False,True,0.0
2025-08-15 14:00:00+00:00,3.85,3.865,3.82,3.855,669.0,4.686097151613221,4.665562601089805,,4.408190907007392,4.120659493783133,4.2388388655697735,"rgba(38, 166, 154, 1.0)",0.2870763309989208,4.2388388655697735,-1.337062042816816,0,,,0.0,0.0,0.0,0.0,66.54801872850037,10.128384965869841,True,False,True,False,True,0.0
2025-08-15 15:00:00+00:00,3.86,3.96,3.845,3.95,2011.0,4.684694540714125,4.663992775304193,,4.40672606461283,4.119450555327758,4.201349692212152,"rgba(38, 166, 154, 1.0)",0.2776021360615368,4.201349692212152,-0.9054314054573216,0,,,0.0,0.0,0.0,0.0,68.64311070003127,11.675972352283985,True,False,True,False,True,0.0
2025-08-15 16:00:00+00:00,3.95,3.95,3.86,3.86,1446.0,4.6836519930940055,4.662825333725541,,4.40561738809159,4.118468953030139,4.200472739135388,"rgba(38, 166, 154, 1.0)",0.2691920343385615,4.200472739135388,-1.2647950002382955,0,,,0.0,0.0,0.0,0.0,65.40734867827724,11.675972352283985,True,False,True,False,False,0.0
2025-08-15 17:00:00+00:00,3.86,3.955,3.86,3.925,1472.0,4.682624625163351,4.66167628501558,,4.404544505410985,4.117579465607778,4.200392926955777,"rgba(38, 166, 154, 1.0)",0.2633356197870514,4.200392926955777,-1.045786844857813,0,,,0.0,0.0,0.0,0.0,65.08745652809009,11.675972352283985,True,False,True,False,False,0.0
2025-08-15 18:00:00+00:00,3.925,3.925,3.865,3.885,1467.0,4.681574709471544,4.660501585360399,,4.403432951731194,4.116607414338074,4.1998770945942105,"rgba(38, 166, 154, 1.0)",0.2569445377809718,4.1998770945942105,-1.2254671662357837,0,,,0.0,0.0,0.0,0.0,63.047656663145005,11.675972352283985,True,False,True,False,False,0.0
2025-08-15 19:00:00+00:00,3.885,3.89,3.855,3.86,1779.0,4.680267732900671,4.65903876415574,,4.402030276730782,4.115318674221864,4.198917281030729,"rgba(38, 166, 154, 1.0)",0.24938569571089453,4.198917281030729,-1.3590085031325376,0,,,0.0,0.0,0.0,0.0,60.578987784812504,16.867767406972064,True,False,True,False,False,0.0
2025-08-18 14:00:00+00:00,3.83,3.84,3.79,3.835,2824.0,4.678082881213845,4.65659133656381,,4.39962531634301,4.112918781676919,4.196559550025678,"rgba(38, 166, 154, 1.0)",0.24155880786599193,4.196559550025678,-1.4967765126008497,0,,,0.0,0.0,0.0,0.0,57.826411445147066,14.037189075726303,True,False,True,False,False,0.0
2025-08-18 15:00:00+00:00,3.835,3.95,3.82,3.915,2251.0,4.676497735960134,4.654821172336289,,4.397963988102637,4.111508375096199,4.196159039263021,"rgba(38, 166, 154, 1.0)",0.23462473391726466,4.196159039263021,-1.1983350372691979,0,,,0.0,0.0,0.0,0.0,58.8018395273254,14.037189075726303,True,False,True,False,False,0.0
2025-08-18 16:00:00+00:00,3.915,3.92,3.87,3.875,1134.0,4.6756948145127035,4.653924722144582,,4.397120148660599,4.110783072680079,4.195876970901748,"rgba(38, 166, 154, 1.0)",0.22697477734217722,4.195876970901748,-1.4137120197192994,0,,,0.0,0.0,0.0,0.0,57.61998092575723,13.37921799668333,True,False,True,False,False,0.0
2025-08-18 17:00:00+00:00,3.875,3.895,3.855,3.88,1874.0,4.67435191247127,4.6524253684868215,,4.395699927435462,4.10953242304604,4.195248085430993,"rgba(38, 166, 154, 1.0)",0.22292199581063674,4.195248085430993,-1.4141632111475617,0,,,0.0,0.0,0.0,0.0,57.01944443546287,12.447897840238063,True,False,True,False,False,0.0
2025-08-18 18:00:00+00:00,3.88,3.9,3.875,3.88,1090.0,4.6735810347494855,4.651565276491084,,4.394890630262586,4.108836930523781,4.194935606960002,"rgba(38, 166, 154, 1.0)",0.21462779430929102,4.194935606960002,-1.4673570493212174,0,,,0.0,0.0,0.0,0.0,56.61908677526663,11.65873626353386,True,False,True,False,False,0.0
2025-08-18 19:00:00+00:00,3.885,3.89,3.85,3.88,3339.0,4.671194147600198,4.648902594727748,,4.392371033439722,4.106623329035695,4.193723912761255,"rgba(38, 166, 154, 1.0)",0.20150279992684847,4.193723912761255,-1.5569208610259837,0,,,0.0,0.0,0.0,0.0,56.352181668469136,10.968101181320336,True,False,True,False,False,0.0
2025-08-19 14:00:00+00:00,3.865,3.91,3.86,3.865,752.0,4.670661899418532,4.648309275000834,,4.391812366254965,4.106141079518106,4.193470690142567,"rgba(38, 166, 154, 1.0)",0.18730119791053065,4.193470690142567,-1.7537030932363238,0,,,0.0,0.0,0.0,0.0,55.226654294038724,9.499302579552648,True,False,True,False,False,0.0
2025-08-19 15:00:00+00:00,3.865,3.87,3.815,3.825,1259.0,4.669725629945879,4.647264337420607,,4.390804080680722,4.1051913999262855,4.19276160783702,"rgba(38, 166, 154, 1.0)",0.17373436801799336,4.19276160783702,-2.116804015420433,0,,,0.0,0.0,0.0,0.0,52.135894014429084,6.327018810987568,True,False,False,False,False,0.0
2025-08-19 16:00:00+00:00,3.82,3.825,3.805,3.81,1066.0,4.668912370895238,4.646356278667195,,4.38991739298899,4.104323101997983,4.192039969465597,"rgba(38, 166, 154, 1.0)",0.15724838331135504,4.192039969465597,-2.4295319380750002,0,,,0.0,0.0,0.0,0.0,49.26424327740887,3.522713122875551,False,False,False,False,False,0.0
2025-08-19 17:00:00+00:00,3.81,3.82,3.785,3.815,1168.0,4.668016137376383,4.645355655835297,,4.388937786667701,4.103355972578832,4.149309572912405,"rgba(38, 166, 154, 1.0)",0.15165165750893045,4.149309572912405,-2.2044570986157437,0,,,0.0,0.0,0.0,0.0,47.71637385533664,2.0023926804931236,False,False,False,True,False,0.0
2025-08-19 18:00:00+00:00,3.815,3.83,3.805,3.825,2875.0,4.66585202632271,4.642941775463823,,4.386595369094774,4.101107761102861,4.148148427834554,"rgba(38, 166, 154, 1.0)",0.1436304693012327,4.148148427834554,-2.2498598619546586,0,,,0.0,0.0,0.0,0.0,47.45922976723362,1.6171535951956173,False,False,False,True,False,0.0
2025-08-19 19:00:00+00:00,3.82,3.845,3.82,3.83,3192.0,4.663495163777736,4.640315986185552,,4.384070254668898,4.0987549628956845,4.146909047996617,"rgba(38, 166, 154, 1.0)",0.14045893247384553,4.146909047996617,-2.256239901692461,0,,,0.0,0.0,0.0,0.0,47.695687160569264,1.6171535951956173,False,False,False,True,False,0.0
2025-08-20 14:00:00+00:00,3.945,3.98,3.825,3.84,1627.0,4.662370862058805,4.63906647088617,,4.3829076952542945,4.097793011287139,4.113211246666541,"rgba(38, 166, 154, 1.0)",0.13798573499838165,4.113211246666541,-1.9799963138924876,0,,,0.0,0.0,0.0,0.0,48.70567220970276,1.6171535951956173,False,False,False,False,False,0.0
2025-08-20 15:00:00+00:00,3.84,3.9,3.805,3.885,1900.0,4.6610312597429315,4.637577300526095,,4.381507449744425,4.096586005117324,4.112388970733756,"rgba(38, 166, 154, 1.0)",0.13743738951252157,4.112388970733756,-1.654491339949666,0,,,0.0,0.0,0.0,0.0,52.66134965798409,-1.1899835815397353,True,False,True,False,True,0.0
2025-08-20 16:00:00+00:00,3.88,3.905,3.86,3.88,1081.0,4.660288570007195,4.636752591955633,,4.380742214681519,4.095958353370037,4.112446362794635,"rgba(38, 166, 154, 1.0)",0.13658561648508658,4.112446362794635,-1.7018363190535142,0,,,0.0,0.0,0.0,0.0,54.806387674172115,0.8189744720824592,True,False,True,False,True,0.0
2025-08-20 17:00:00+00:00,3.88,3.88,3.86,3.87,518.0,4.659927859953469,4.636351944506088,,4.380367802037516,4.095642585178629,4.112334672927,"rgba(38, 166, 154, 1.0)",0.1363085728302059,4.112334672927,-1.7778388247734536,0,,,0.0,0.0,0.0,0.0,55.212369948781635,1.256763871272483,True,False,True,False,True,0.0
2025-08-20 18:00:00+00:00,3.87,3.87,3.83,3.855,1212.0,4.659065609199569,4.635393769461615,,4.379462512338284,4.094847447949717,4.1117197339239615,"rgba(38, 166, 154, 1.0)",0.13604957363574127,4.1117197339239615,-1.8869572837567443,0,,,0.0,0.0,0.0,0.0,53.976909442853255,1.256763871272483,True,False,True,False,True,0.0
2025-08-20 19:00:00+00:00,3.855,3.88,3.845,3.855,3723.0,4.65645564909744,4.632496184955625,,4.376744548614966,4.092519650414749,4.11048993797122,"rgba(38, 166, 154, 1.0)",0.1360660941673659,4.11048993797122,-1.8776899530676527,0,,,0.0,0.0,0.0,0.0,53.15326910556767,1.256763871272483,False,False,True,False,False,0.0
2025-08-21 14:00:00+00:00,3.835,3.9,3.835,3.865,1108.0,4.655688663402696,4.63164541939589,,4.375951505286569,4.091855368116478,4.1102151085075365,"rgba(38, 166, 154, 1.0)",0.13601563238184336,4.1102151085075365,-1.8028450422458195,0,,,0.0,0.0,0.0,0.0,53.63406967004771,1.256763871272483,False,False,True,False,False,0.0
2025-08-21 15:00:00+00:00,3.865,3.9,3.86,3.88,922.0,4.65506233229176,4.6309512256608265,,4.375310695271848,4.09133812364784,4.110110256576816,"rgba(38, 166, 154, 1.0)",0.13601563238184336,4.110110256576816,-1.6917927193163849,0,,,0.0,0.0,0.0,0.0,55.423853900098194,1.8820871159075807,True,False,True,False,True,0.0
2025-08-21 16:00:00+00:00,3.88,3.89,3.86,3.865,530.0,4.654698885264919,4.630548335477497,,4.3749368978785155,4.0910302547111,4.1099972301148835,"rgba(38, 166, 154, 1.0)",0.13607264885253859,4.1099972301148835,-1.8004884315905825,0,,,0.0,0.0,0.0,0.0,54.68056097160184,1.8820871159075807,False,False,True,False,True,0.0
2025-08-21 17:00:00+00:00,3.865,3.89,3.86,3.89,773.0,4.654175040333856,4.629967934096832,,4.374401722433602,4.090599773930788,4.109891999061278,"rgba(38, 166, 154, 1.0)",0.1355951180390228,4.109891999061278,-1.621680796782047,0,,,0.0,0.0,0.0,0.0,56.61647159338341,3.2090223205202904,True,False,True,False,True,0.0
2025-08-21 18:00:00+00:00,3.885,3.91,3.88,3.89,1738.0,4.65302005988852,4.628689384089015,,4.373234996423013,4.089699146435218,4.109839251746085,"rgba(38, 166, 154, 1.0)",0.13454220008452397,4.109839251746085,-1.6339799082219164,0,,,0.0,0.0,0.0,0.0,57.907078674571125,4.518334710898145,True,False,True,False,True,0.0
2025-08-21 19:00:00+00:00,3.895,3.9,3.855,3.885,5759.0,4.649151143745407,4.6244081004463276,,4.369302783265063,4.08657403837279,4.10871291798162,"rgba(38, 166, 154, 1.0)",0.13381606308182586,4.10871291798162,-1.6717941989133576,0,,,0.0,0.0,0.0,0.0,58.00230001385333,4.751555072680738,True,False,True,False,True,0.0
2025-08-22 14:00:00+00:00,4.015,4.09,4.01,4.065,1697.0,4.64827617965782,4.623450245935277,,4.368566157142317,4.086435990319493,4.110527587041019,"rgba(38, 166, 154, 1.0)",0.13619216683160157,4.110527587041019,-0.334289321479936,0,,,0.0,0.0,0.0,0.0,66.5085028752087,12.625486819947731,True,False,True,False,True,4.722355890712617
2025-08-22 15:00:00+00:00,4.065,4.075,4.03,4.065,852.0,4.647839095350699,4.622971963662798,,4.368199584049497,4.086370786266513,4.111376239965907,"rgba(38, 166, 154, 1.0)",0.13677155939536534,4.111376239965907,-0.33907809614019613,0,,,0.0,0.0,0.0,0.0,72.17930478277896,17.479875665954822,True,False,True,False,True,4.722355890712617
2025-08-22 16:00:00+00:00,4.065,4.08,4.045,4.075,1843.0,4.646911780323492,4.621958346556307,,4.367434932328337,4.086277869178931,4.113195315901702,"rgba(38, 166, 154, 1.0)",0.13770162939747385,4.113195315901702,-0.2773773706878359,0,,,0.0,0.0,0.0,0.0,76.18426887298875,20.749816152416187,True,False,True,False,True,5.151273874188199
2025-08-22 17:00:00+00:00,4.075,4.115,4.075,4.09,938.0,4.6464625940965085,4.6214685864606935,,4.367081620762202,4.0862947619375785,4.114219268344615,"rgba(38, 166, 154, 1.0)",0.13808862541298964,4.114219268344615,-0.1753893072089134,0,,,0.0,0.0,0.0,0.0,79.19406659574713,23.20559710532264,True,False,True,False,True,5.797735205737418
2025-08-22 18:00:00+00:00,4.09,4.105,4.08,4.095,937.0,4.646014613951335,4.620980253714001,,4.366729594058735,4.086311556116904,4.115193036060483,"rgba(38, 166, 154, 1.0)",0.1376721853920069,4.115193036060483,-0.1466747695112551,0,,,0.0,0.0,0.0,0.0,81.31699681229088,25.00120234712375,True,False,True,False,True,6.01490130067619
2025-08-22 19:00:00+00:00,4.095,4.12,4.08,4.1,3589.0,4.644326020519537,4.619141640305445,,4.365422233542237,4.086435524557165,4.118682353987676,"rgba(38, 166, 154, 1.0)",0.13832876362791413,4.118682353987676,-0.13505762285224804,0,,,0.0,0.0,0.0,0.0,82.8568303748493,26.430196348197725,True,False,True,False,True,6.235098839983866
2025-08-25 14:00:00+00:00,4.16,4.25,4.155,4.21,3011.0,4.643189127176957,4.617919076863546,,4.3647652661338725,4.087329574292601,4.1131187394487085,"rgba(38, 166, 154, 1.0)",0.14297508130389153,4.1131187394487085,0.6776094104494451,0,,,0.0,0.0,0.0,0.0,85.71372914918473,29.187533286815636,True,False,True,False,True,10.833058096519107
2025-08-25 15:00:00+00:00,4.215,4.215,4.14,4.145,2639.0,4.642110774301059,4.616754552806491,,4.364056776842218,4.08785047050618,4.115148162376238,"rgba(38, 166, 154, 1.0)",0.1456325748135608,4.115148162376238,0.204980497405733,1,0.5491069168196683,0.5491069168196683,0.0,0.0,0.0,0.0,81.33816126003387,29.187533286815636,True,False,True,False,False,7.506603497224937
2025-08-25 16:00:00+00:00,4.145,4.175,4.13,4.16,2462.0,4.6410845601238595,4.615645519880046,,4.363361563415253,4.0882592739127,4.1170052033880085,"rgba(38, 166, 154, 1.0)",0.14930469480854394,4.1170052033880085,0.28796680953083675,1,0.5733556120369359,0.5733556120369359,0.0,0.0,0.0,0.0,78.88514665702223,35.779961792044986,True,False,True,False,False,8.116975695530797
2025-08-25 17:00:00+00:00,4.16,4.16,4.145,4.155,1557.0,4.640435580634125,4.614944371389886,,4.362920785584438,4.0885088546875465,4.118186101134959,"rgba(38, 166, 154, 1.0)",0.15392779400012974,4.118186101134959,0.23916342791874523,1,0.6051986003121681,0.6051986003121681,0.0,0.0,0.0,0.0,76.78897621188216,33.69978586177744,True,False,True,False,False,7.862092018809825
2025-08-25 18:00:00+00:00,4.16,4.17,4.12,4.13,2552.0,4.639346583488312,4.613766680723137,,4.362156609631577,4.088830521516193,4.119777998315497,"rgba(38, 166, 154, 1.0)",0.1576959099025103,4.119777998315497,0.06482096898278662,1,0.6097860529697445,0.6097860529697445,0.0,0.0,0.0,0.0,73.08977003624926,30.104304407230444,True,False,True,False,False,6.585624229739707
2025-08-25 19:00:00+00:00,4.125,4.13,4.11,4.125,9208.0,4.63531358657043,4.6094029475116916,,4.35921838083031,4.089554340765706,4.123990176546705,"rgba(38, 166, 154, 1.0)",0.16116445632323112,4.123990176546705,0.006265795053900721,1,0.6197386278551841,0.6197386278551841,0.0,0.0,0.0,0.0,70.1648175941244,27.257649655973808,True,False,True,False,False,6.329937419960363
2025-08-26 14:00:00+00:00,4.08,4.09,4.0,4.01,1468.0,4.634566844710416,4.608589692054107,,4.358584848524977,4.0893574552509975,4.123757764923127,"rgba(239, 83, 80, 1.0)",0.16239502499807332,4.123757764923127,-0.7005003073491741,1,0.623215744369506,0.623215744369506,0.0,0.0,0.0,0.0,60.67798424534636,18.485896881755252,False,False,True,False,False,0.7577763377257831
2025-08-26 15:00:00+00:00,4.005,4.005,3.97,3.985,1514.0,4.633739015183163,4.607685508476638,,4.357840662187236,4.08898789885525,4.123098858652134,"rgba(239, 83, 80, 1.0)",0.16327868179253735,4.123098858652134,-0.8457862173801916,2,0.6802784606339995,1.360556921267999,0.0,0.0,0.0,0.0,53.252819500483724,11.948583673640591,False,True,False,False,False,0.0
2025-08-26 16:00:00+00:00,3.985,4.0,3.975,3.98,1472.0,4.632934108393185,4.606806572539453,,4.357116734114567,4.088625324509207,4.122497153798882,"rgba(239, 83, 80, 1.0)",0.1640478945664725,4.122497153798882,-0.8686314089885625,2,0.6793239794480402,1.3586479588960805,0.0,0.0,0.0,0.0,48.078669604660824,7.51224318399241,False,True,False,True,False,0.0
2025-08-26 17:00:00+00:00,3.985,3.99,3.975,3.98,794.0,4.6324985392764075,4.606330965973514,,4.356723924224655,4.088424541535646,4.122175644508838,"rgba(239, 83, 80, 1.0)",0.16475020676955593,4.122175644508838,-0.8629770323002127,2,0.6788744714835374,1.3577489429670748,0.0,0.0,0.0,0.0,44.62923634077889,4.502608323277229,False,True,False,True,False,0.0
2025-08-26 18:00:00+00:00,3.975,4.01,3.96,4.01,2065.0,4.631388711374505,4.605120450070431,,4.355737818807012,4.087962548182304,4.102153809318708,"rgba(239, 83, 80, 1.0)",0.16556025549080022,4.102153809318708,-0.5566179458078295,2,0.6762683362699486,1.3525366725398973,0.0,0.0,0.0,0.0,44.76464854577813,4.502608323277229,False,True,False,True,False,0.8081408615351258
2025-08-26 19:00:00+00:00,4.01,4.06,4.01,4.045,3403.0,4.629696561901288,4.603281954667434,,4.354324738545587,4.087568352947215,4.103568643052531,"rgba(239, 83, 80, 1.0)",0.1668009279036854,4.103568643052531,-0.3511290002316429,2,0.6720897656412561,1.3441795312825122,0.0,0.0,0.0,0.0,47.29956006190359,4.502608323277229,False,True,False,True,False,2.421600991482432
2025-08-27 14:00:00+00:00,4.125,4.155,4.105,4.115,2133.0,4.628795557910207,4.60231150417111,,4.353686587668017,4.087753785090029,4.10605251433521,"rgba(239, 83, 80, 1.0)",0.1691267183115306,4.10605251433521,0.05290403405279215,2,0.6640865309591715,1.328173061918343,0.0,0.0,0.0,0.0,52.65543508652259,4.502608323277229,False,True,True,False,True,5.5058820794479715
2025-08-27 15:00:00+00:00,4.115,4.13,4.09,4.105,1332.0,4.628215975688261,4.601686388218308,,4.353260966108956,4.087817252947998,4.106983323667997,"rgba(239, 83, 80, 1.0)",0.1708933074245553,4.106983323667997,-0.011605625158094945,2,0.6570685080694736,1.3141370161389472,0.0,0.0,0.0,0.0,55.4702424067052,-4.038506018187142,False,True,True,False,True,5.010240165622935
2025-08-27 16:00:00+00:00,4.11,4.15,4.105,4.145,946.0,4.627824890260379,4.601265833077839,,4.352990343687712,4.087916729236598,4.107809152408698,"rgba(38, 166, 154, 1.0)",0.173406983659722,4.107809152408698,0.21447145210876734,2,0.6479334743895102,1.2958669487790204,0.0,0.0,0.0,0.0,59.14505151418518,-0.2950744960540703,False,False,True,False,True,6.725896639473497
2025-08-27 17:00:00+00:00,4.145,4.17,4.125,4.165,1277.0,4.6273192581818545,4.600723537802958,,4.3526592525835435,4.088109154945797,4.109059105212444,"rgba(38, 166, 154, 1.0)",0.17474648303560947,4.109059105212444,0.32012601235674765,3,0.5005432987148309,1.5016298961444927,0.0,0.0,0.0,0.0,62.40312220311047,3.058712509766252,False,False,True,False,True,7.5692273097391265
2025-08-27 18:00:00+00:00,4.165,4.185,4.145,4.145,2742.0,4.626248602317053,4.599576499838618,,4.351969764805746,4.088549916679635,4.111480117722609,"rgba(38, 166, 154, 1.0)",0.17588881111047167,4.111480117722609,0.19057427283613693,3,0.4945353942740372,1.4836061828221117,0.0,0.0,0.0,0.0,62.845724861926016,3.89208973324682,False,False,True,False,True,6.541461174707798
2025-08-27 19:00:00+00:00,4.145,4.17,4.14,4.15,5354.0,4.624149890850477,4.597328679355342,,4.350603083505319,4.089334252178014,4.115088409052807,"rgba(38, 166, 154, 1.0)",0.17626824868783628,4.115088409052807,0.19805944182846288,3,0.4891056462301209,1.4673169386903628,0.0,0.0,0.0,0.0,63.391459440625546,4.991491980609183,False,False,True,False,True,6.758152135045574
2025-08-28 14:00:00+00:00,4.07,4.075,4.025,4.04,535.0,4.623893919333921,4.5970516460179764,,4.350394265463117,4.089282695323467,4.11499671496359,"rgba(38, 166, 154, 1.0)",0.17368489122955666,4.11499671496359,-0.431797575670921,3,0.48745611548154305,1.462368346444629,0.0,0.0,0.0,0.0,56.46585584178487,4.991491980609183,False,True,True,False,False,1.3340474289196393
2025-08-28 15:00:00+00:00,4.045,4.08,4.04,4.075,1359.0,4.623265342153125,4.5963725804169355,,4.34989705653611,4.089208390000207,4.114958269758557,"rgba(38, 166, 154, 1.0)",0.17198200722980408,4.114958269758557,-0.23233982671899256,4,0.4734591992833188,1.8938367971332752,0.0,0.0,0.0,0.0,53.91949666684938,12.241644311621357,False,True,True,False,False,2.8873558647680646
2025-08-28 16:00:00+00:00,4.075,4.1,4.04,4.095,1764.0,4.62247098259355,4.595515777692768,,4.349284334416276,4.089165365868243,4.115088334368427,"rgba(38, 166, 154, 1.0)",0.1697384580586433,4.115088334368427,-0.11834875017827212,4,0.47183345389524467,1.8873338155809787,0.0,0.0,0.0,0.0,53.33175692417424,11.32857076940136,False,True,True,False,False,3.7632086535126916
2025-08-28 17:00:00+00:00,4.095,4.15,4.09,4.145,1997.0,4.6216568669025095,4.594642662062274,,4.348721397979374,4.089340008529125,4.115889382956904,"rgba(38, 166, 154, 1.0)",0.16852735228576465,4.115889382956904,0.17273526610525683,4,0.4682515102002636,1.8730060408010545,0.0,0.0,0.0,0.0,55.4068279434218,11.32857076940136,False,True,True,False,False,5.904058312930452
2025-08-28 18:00:00+00:00,4.15,4.16,4.09,4.095,3487.0,4.620203489496055,4.5930825276981775,,4.3476862368284666,4.089538244077947,4.116913751555556,"rgba(38, 166, 154, 1.0)",0.16554490966834035,4.116913751555556,-0.13237345442671125,5,0.4078358009503334,2.039179004751667,0.0,0.0,0.0,0.0,53.847578655725194,11.16751834216403,False,True,True,False,False,3.4968806561850414
2025-08-28 19:00:00+00:00,4.095,4.15,4.09,4.15,3774.0,4.6186862834344105,4.59145800296088,,4.346647719946705,4.089873752576139,4.118267988453529,"rgba(38, 166, 154, 1.0)",0.16269473432339027,4.118267988453529,0.1950401878612562,6,0.3598494486820458,2.159096692092275,0.0,0.0,0.0,0.0,55.35371624344964,11.16751834216403,False,True,True,False,False,5.8076805300660155
2025-08-29 14:00:00+00:00,4.165,4.19,4.13,4.155,690.0,4.618425931617836,4.591180383701688,,4.3464836100979065,4.089977381819455,4.118614482561784,"rgba(38, 166, 154, 1.0)",0.15888584490663035,4.118614482561784,0.22900414734615268,7,0.3326058444968477,2.328240911477934,0.0,0.0,0.0,0.0,56.574370541871765,11.16751834216403,False,True,True,False,False,6.014492869410315
2025-08-29 15:00:00+00:00,4.155,4.195,4.1,4.185,2274.0,4.617573083842402,4.590271474302522,,4.345949553046311,4.0903249712946,4.119739348483647,"rgba(38, 166, 154, 1.0)",0.1546416374590564,4.119739348483647,0.422012160428856,7,0.32934978494096867,2.3054484945867806,0.0,0.0,0.0,0.0,58.68999910602488,11.16751834216403,False,True,True,False,True,7.254219647979642
2025-08-29 16:00:00+00:00,4.185,4.215,4.16,4.165,3648.0,4.616271047499259,4.588888764168123,,4.34519063169903,4.091033438007577,4.113207255573798,"rgba(38, 166, 154, 1.0)",0.15127095194016335,4.113207255573798,0.34238393929516225,7,0.32655308162645097,2.2858715713851567,0.0,0.0,0.0,0.0,58.70139622748373,11.16751834216403,False,True,True,False,True,6.260801955800186
2025-08-29 17:00:00+00:00,4.165,4.175,4.125,4.135,3211.0,4.615039949137153,4.5875758600160195,,4.3443880204919205,4.091406128686059,4.113563645113,"rgba(38, 166, 154, 1.0)",0.14986023518623104,4.113563645113,0.14304231446294233,7,0.3241678887618117,2.2691752213326817,0.0,0.0,0.0,0.0,56.72854516251423,11.16751834216403,False,True,True,False,True,4.785893718254066
2025-08-29 18:00:00+00:00,4.135,4.14,4.11,4.11,1879.0,4.614284360639997,4.586767980863894,,4.343862814220583,4.091521217119353,4.113524118433576,"rgba(38, 166, 154, 1.0)",0.14680464435291576,4.113524118433576,-0.02400549689084465,7,0.32181921554548254,2.252734508818378,0.0,0.0,0.0,0.0,53.88906208508333,9.24345347407887,False,True,True,False,False,3.573200307287234
2025-08-29 19:00:00+00:00,4.115,4.115,4.06,4.08,4008.0,4.61256675505536,4.584925510329974,,4.342576823155525,4.091465706554978,4.112659673506373,"rgba(38, 166, 154, 1.0)",0.14376745487440348,4.112659673506373,-0.22717014455674192,7,0.3201557947656935,2.2410905633598546,0.0,0.0,0.0,0.0,50.31340200933725,5.7218669430005775,False,True,False,False,False,2.1375589349704676
2025-09-01 14:00:00+00:00,4.08,4.08,4.08,4.08,0.0,4.61256675505536,4.584925510329974,,4.342576823155525,4.091465706554978,4.112659673506373,"rgba(38, 166, 154, 1.0)",0.14073670388282675,4.112659673506373,-0.23206223114024752,7,0.31854896144168715,2.22984273009181,0.0,0.0,0.0,0.0,47.92962862550653,3.394739368793779,False,True,False,True,False,2.1375589349704676
2025-09-01 15:00:00+00:00,4.08,4.08,4.08,4.08,0.0,4.61256675505536,4.584925510329974,,4.342576823155525,4.091465706554978,4.112659673506373,"rgba(38, 166, 154, 1.0)",0.13785071570290283,4.112659673506373,-0.2369205944259408,7,0.3170586207016331,2.2194103449114317,0.0,0.0,0.0,0.0,46.340446369619386,1.782124226923166,False,True,False,True,False,2.1375589349704676
2025-09-01 16:00:00+00:00,4.08,4.08,4.08,4.08,0.0,4.61256675505536,4.584925510329974,,4.342576823155525,4.091465706554978,4.112659673506373,"rgba(38, 166, 154, 1.0)",0.13595551074113799,4.112659673506373,-0.24022324162025166,7,0.31589564209541987,2.211269494667939,0.0,0.0,0.0,0.0,45.280991532361284,0.5959507120693104,False,True,False,True,False,2.1375589349704676
2025-09-01 17:00:00+00:00,4.08,4.08,4.08,4.08,0.0,4.61256675505536,4.584925510329974,,4.342576823155525,4.091465706554978,4.112659673506373,"rgba(38, 166, 154, 1.0)",0.132759180473453,4.112659673506373,-0.2460068930065733,7,0.3148952529549006,2.2042667706843044,0.0,0.0,0.0,0.0,44.57468830752255,-0.33342051113515936,False,True,False,True,False,2.1375589349704676
2025-09-01 18:00:00+00:00,4.08,4.08,4.08,4.08,0.0,4.61256675505536,4.584925510329974,,4.342576823155525,4.091465706554978,4.112659673506373,"rgba(38, 166, 154, 1.0)",0.12915236479955092,4.112659673506373,-0.25287708480647714,7,0.3140698647657609,2.1984890533603263,0.0,0.0,0.0,0.0,44.103819490963396,-1.1036416122461574,False,True,False,True,False,2.137558934970478
2025-09-01 19:00:00+00:00,4.08,4.08,4.08,4.08,0.0,4.61256675505536,4.584925510329974,,4.342576823155525,4.091465706554978,4.112659673506373,"rgba(38, 166, 154, 1.0)",0.12476760378775405,4.112659673506373,-0.2617640518441908,7,0.3138166298018507,2.196716408612955,0.0,0.0,0.0,0.0,43.78990694659063,-1.7694499201664513,False,True,False,True,False,2.1375589349704676
2025-09-02 14:00:00+00:00,4.185,4.22,4.1,4.12,2433.0,4.611650773166718,4.583950799656411,,4.341987800613182,4.091749478639537,4.10382984926519,"rgba(38, 166, 154, 1.0)",0.12351029427855754,4.10382984926519,0.13092148172152387,7,0.31297974519032684,2.190858216332288,0.0,0.0,0.0,0.0,48.15630332680228,-1.7694499201664513,False,True,False,False,True,4.126454096961677
2025-09-02 15:00:00+00:00,4.12,4.135,4.07,4.075,1905.0,4.610854109969799,4.583097924845218,,4.3414038139573865,4.091755828244096,4.102624338941447,"rgba(38, 166, 154, 1.0)",0.12297432530682095,4.102624338941447,-0.22463501119053958,7,0.31315452575117686,2.192081680258238,0.0,0.0,0.0,0.0,46.627881800780926,-1.7694499201664513,False,True,False,True,True,1.722332559634939
2025-09-02 16:00:00+00:00,4.075,4.15,4.055,4.135,4096.0,4.609215324001139,4.581348612815732,,4.34025789703091,4.091940232124996,4.102984373883112,"rgba(38, 166, 154, 1.0)",0.12334278025658671,4.102984373883112,0.25956627579081903,8,0.2923056835400574,2.3384454683204594,0.0,0.0,0.0,0.0,50.49745674800125,-4.177761636390251,False,True,False,False,True,4.6312230941612995
2025-09-02 17:00:00+00:00,4.135,4.14,4.12,4.125,1736.0,4.6085449248942965,4.580634766470057,,4.339807566606851,4.092071575284082,4.103495983256396,"rgba(38, 166, 154, 1.0)",0.12278737206537974,4.103495983256396,0.17513215228805395,9,0.2788218148384179,2.509396333545761,0.0,0.0,0.0,0.0,52.17516797940689,-2.612190601032708,False,True,True,False,True,4.097225053634638
2025-09-02 18:00:00+00:00,4.125,4.135,4.095,4.115,1923.0,4.607783931274694,4.579823414210405,,4.339279645027787,4.092162872897515,4.1037590455314135,"rgba(38, 166, 154, 1.0)",0.12316571273197784,4.1037590455314135,0.09126691365029735,9,0.2808969455445604,2.5280725099010435,0.0,0.0,0.0,0.0,52.374105587799065,-2.3134221357329565,False,True,True,False,True,3.5596615139488357
2025-09-02 19:00:00+00:00,4.12,4.14,4.115,4.135,3040.0,4.606622154073561,4.578587734984924,,4.338505592386616,4.092399558830487,4.10460910719421,"rgba(38, 166, 154, 1.0)",0.12264968791615127,4.10460910719421,0.24778614052867737,9,0.2821688177494447,2.539519359745002,0.0,0.0,0.0,0.0,54.08944475816057,-0.5182240250454697,False,True,True,False,True,4.536974710052139
2025-09-03 14:00:00+00:00,4.075,4.075,3.98,4.015,3542.0,4.604974290461946,4.57681622801842,,4.337153211793462,4.091899822207875,4.102424309301563,"rgba(239, 83, 80, 1.0)",0.12218273864014097,4.102424309301563,-0.7155209506233945,9,0.2859265237607169,2.5733387138464523,0.0,0.0,0.0,0.0,47.48172329076554,2.514747747574205,False,True,False,True,False,0.0
2025-09-03 15:00:00+00:00,4.015,4.04,3.985,4.03,2811.0,4.603661940539826,4.575405722541377,,4.336071199466199,4.091479791496556,4.1009177487815665,"rgba(239, 83, 80, 1.0)",0.12119944845703592,4.1009177487815665,-0.5851326031958461,10,0.311386201048116,3.11386201048116,0.0,0.0,0.0,0.0,44.255241454561386,-0.31817925217619347,False,True,False,True,False,0.0
2025-09-03 16:00:00+00:00,4.035,4.035,3.99,3.995,724.0,4.6033181644045165,4.575036002272251,,4.3357835161644935,4.091355252999307,4.100503735023875,"rgba(239, 83, 80, 1.0)",0.11979242557527855,4.100503735023875,-0.8807212519256971,10,0.3167578691269043,3.1675786912690427,0.0,0.0,0.0,0.0,40.54511138112415,-3.6224843946697973,False,True,False,True,False,0.0
2025-09-03 17:00:00+00:00,3.995,4.035,3.99,4.025,1982.0,4.602394815131871,4.574044086804072,,4.335022379198857,4.0910562210461086,4.099586123243152,"rgba(239, 83, 80, 1.0)",0.11779096617183839,4.099586123243152,-0.6332075002623068,10,0.32334662894227095,3.2334662894227097,0.0,0.0,0.0,0.0,40.44790754737295,-3.683536058210194,False,True,False,True,False,0.0
2025-09-03 18:00:00+00:00,4.025,4.06,4.005,4.045,2882.0,4.601103027455553,4.572659556525028,,4.33399119998273,4.090741411305383,4.098783763726486,"rgba(239, 83, 80, 1.0)",0.11712190461448288,4.098783763726486,-0.4592118263745775,10,0.3295623122130038,3.295623122130038,0.0,0.0,0.0,0.0,41.85742707552312,-3.683536058210194,False,True,False,True,False,0.0
2025-09-03 19:00:00+00:00,4.045,4.07,4.035,4.06,2943.0,4.599832620868678,4.571301172888655,,4.333010002330291,4.090531400676827,4.098408531160915,"rgba(239, 83, 80, 1.0)",0.1158484953456772,4.098408531160915,-0.3315410445885336,10,0.33734947884401756,3.3734947884401754,0.0,0.0,0.0,0.0,43.88125894698456,-3.683536058210194,False,True,False,True,True,0.7024910206275763
2025-09-04 14:00:00+00:00,4.015,4.03,3.965,4.03,1120.0,4.599309423171895,4.570739535427834,,4.33257602808525,4.090348005086471,4.097947163774817,"rgba(239, 83, 80, 1.0)",0.11454520331985601,4.097947163774817,-0.5931908260277069,11,0.32481025271793434,3.572912779897278,0.0,0.0,0.0,0.0,43.364066712970214,-3.683536058210194,False,True,False,True,True,0.0
2025-09-04 15:00:00+00:00,4.025,4.03,3.98,4.015,1800.0,4.598470506062506,4.569839247764615,,4.331880994770113,4.090054970539679,4.097241571148458,"rgba(239, 83, 80, 1.0)",0.11320805211223553,4.097241571148458,-0.7264639715461496,11,0.3363773294479756,3.7001506239277315,0.0,0.0,0.0,0.0,42.14923573268807,-3.683536058210194,False,True,False,True,True,0.0
2025-09-04 16:00:00+00:00,4.01,4.045,3.995,4.015,2321.0,4.597410549045013,4.568703221172419,,4.331016737802923,4.089726055411314,4.096527600230636,"rgba(239, 83, 80, 1.0)",0.11182555591160076,4.096527600230636,-0.7290605404643337,11,0.35065936948309967,3.8572530643140963,0.0,0.0,0.0,0.0,41.33934841249997,-3.6894361318811306,False,True,False,True,True,0.0
2025-09-04 17:00:00+00:00,4.01,4.025,4.0,4.015,818.0,4.597034688771566,4.56830033380868,,4.3307084258749535,4.089602783980766,4.096263640694428,"rgba(239, 83, 80, 1.0)",0.11009619053879563,4.096263640694428,-0.7381149183885014,11,0.36316697652805263,3.994836741808579,0.0,0.0,0.0,0.0,40.799423532374576,-4.5562448859318465,False,True,False,True,False,0.0
2025-09-04 18:00:00+00:00,4.015,4.03,4.0,4.025,1163.0,4.596505707972506,4.567733681504546,,4.330277998610629,4.089439649771264,4.095932537676076,"rgba(239, 83, 80, 1.0)",0.10731153603294208,4.095932537676076,-0.6609963876977832,11,0.3704188560493655,4.07460741654302,0.0,0.0,0.0,0.0,41.550518669049154,-4.5562448859318465,False,True,False,True,False,0.0
2025-09-04 19:00:00+00:00,4.025,4.04,4.005,4.025,2858.0,4.595221076058757,4.566358744847691,,4.329242146218199,4.089069880319798,4.095241969628862,"rgba(239, 83, 80, 1.0)",0.10394853196308738,4.095241969628862,-0.6757379666872556,11,0.38087912332055035,4.189670356526054,0.0,0.0,0.0,0.0,42.051248760165535,-4.5562448859318465,False,True,False,True,False,0.0
2025-09-05 14:00:00+00:00,4.01,4.01,3.905,3.92,1529.0,4.594442359644112,4.565520317253557,,4.328549670326043,4.088640038323894,4.09423656696184,"rgba(239, 83, 80, 1.0)",0.10154003337778701,4.09423656696184,-1.715939626625688,11,0.3903530046046449,4.293883050651094,0.0,0.0,0.0,0.0,36.30651866146397,-9.49171972040179,False,True,False,True,False,0.0
2025-09-05 15:00:00+00:00,3.925,3.925,3.895,3.915,1721.0,4.593523213253003,4.564528759565396,,4.32770573889245,4.0880477121195895,4.092839873167913,"rgba(239, 83, 80, 1.0)",0.09944385894093621,4.092839873167913,-1.788344449439951,11,0.39988265259850614,4.398709178583568,0.0,0.0,0.0,0.0,32.29315526388601,-13.140667561759003,False,True,False,True,False,0.0
2025-09-05 16:00:00+00:00,3.915,3.935,3.905,3.935,2213.0,4.592367972399107,4.563284095932606,,4.326660170884819,4.087348992140579,4.091276772585823,"rgba(239, 83, 80, 1.0)",0.0971048472082373,4.091276772585823,-1.60936119131822,11,0.40949427825564494,4.504437060812094,0.0,0.0,0.0,0.0,31.909281750305702,-13.435574854974199,False,True,False,True,False,0.0
2025-09-05 17:00:00+00:00,3.935,3.935,3.905,3.92,1148.0,4.591765781207374,4.562635286785961,,4.3261131901418794,4.0869777924192405,4.09046521093102,"rgba(239, 83, 80, 1.0)",0.09524184484244719,4.09046521093102,-1.7898142482751207,11,0.4160870871424605,4.576957958567066,0.0,0.0,0.0,0.0,30.914831465845687,-14.459847465743344,False,True,False,True,False,0.0
2025-09-05 18:00:00+00:00,3.925,3.935,3.91,3.925,869.0,4.5913129165198345,4.562147571210894,,4.3257035107945665,4.0867034865216745,4.089878528978397,"rgba(239, 83, 80, 1.0)",0.09443516294253843,4.089878528978397,-1.7459442419633633,11,0.42658305188610995,4.69241357074721,0.0,0.0,0.0,0.0,30.86752079903826,-14.706526197444312,False,True,False,True,False,0.0
2025-09-05 19:00:00+00:00,3.925,3.95,3.915,3.93,4058.0,4.589232537505212,4.559909466611729,,4.323840791000862,4.085499352770008,4.08743519529819,"rgba(239, 83, 80, 1.0)",0.0934126754135204,4.08743519529819,-1.6853729389641605,11,0.43862874060779444,4.824916146685739,0.0,0.0,0.0,0.0,31.491432896545653,-14.706526197444312,False,True,False,True,False,0.0
2025-09-08 14:00:00+00:00,3.83,3.85,3.82,3.84,2634.0,4.587695121188242,4.5582468322300125,,4.322350510283678,4.08425120179566,4.0847444731002,"rgba(239, 83, 80, 1.0)",0.0942434073015381,4.0847444731002,-2.5969399887795164,11,0.4498336622649791,4.94817028491477,0.0,0.0,0.0,0.0,27.922395746321868,-17.85937361035394,False,True,False,True,False,0.0
2025-09-08 15:00:00+00:00,3.835,3.875,3.8,3.81,3700.0,4.58552223409773,4.555897362732004,,4.320236779426667,4.082460608616337,4.08102738311284,"rgba(239, 83, 80, 1.0)",0.09561597363619843,4.08102738311284,-2.834540849252346,11,0.4501678629901749,4.951846492891924,0.0,0.0,0.0,0.0,24.708608962206636,-20.89841807028432,False,True,False,True,False,0.0
2025-09-08 16:00:00+00:00,3.805,3.83,3.775,3.825,4451.0,4.582861838902396,4.5530202628222,,4.317623982598717,4.080186475968304,4.051299504011956,"rgba(239, 83, 80, 1.0)",0.09648656723939054,4.051299504011956,-2.3453990590264175,11,0.44737147902889585,4.921086269317854,0.0,0.0,0.0,0.0,24.294427486795378,-21.335065229376507,False,True,False,True,False,0.0
2025-09-08 17:00:00+00:00,3.825,3.84,3.81,3.815,4498.0,4.580232135144606,4.5501805425830595,,4.315070702654363,4.078024156107548,4.047656178173843,"rgba(239, 83, 80, 1.0)",0.09791667720904057,4.047656178173843,-2.3760628404204245,11,0.44314904060218085,4.8746394466239895,0.0,0.0,0.0,0.0,23.66298748210774,-22.0925595625043,False,True,False,True,False,0.0
2025-09-08 18:00:00+00:00,3.81,3.84,3.805,3.825,2137.0,4.578991850250101,4.548842173378446,,4.313870895430649,4.077016059674914,4.045961872700075,"rgba(239, 83, 80, 1.0)",0.09936736825466211,4.045961872700075,-2.2236864735492055,11,0.4415784864241474,4.857363350665621,0.0,0.0,0.0,0.0,24.499638375531937,-22.0925595625043,False,True,False,True,False,0.0
2025-09-08 19:00:00+00:00,3.825,3.84,3.805,3.825,4347.0,4.576481414397551,4.5461348695788,,4.311448274425596,4.0749898606645205,4.042610776147699,"rgba(239, 83, 80, 1.0)",0.10044621168279665,4.042610776147699,-2.1664408493065017,11,0.4371010202696347,4.808111222965982,0.0,0.0,0.0,0.0,25.05740563781474,-22.0925595625043,False,True,False,True,False,0.0
2025-09-09 14:00:00+00:00,3.9,3.91,3.82,3.855,2592.0,4.575068216597803,4.544615275243893,,4.3101276381560405,4.0739787208492855,4.041356294085619,"rgba(239, 83, 80, 1.0)",0.10125006951385429,4.041356294085619,-1.8405547273241112,11,0.4368785120884215,4.805663632972636,0.0,0.0,0.0,0.0,29.26416029938415,-24.728555202542033,False,True,False,True,True,0.0
2025-09-09 15:00:00+00:00,3.855,3.87,3.79,3.805,1245.0,4.574353460122093,4.54384516429876,,4.309439724880197,4.073405584636499,4.040416132669543,"rgba(239, 83, 80, 1.0)",0.10344528953950326,4.040416132669543,-2.2757549784772313,11,0.4319347028206661,4.751281731027327,0.0,0.0,0.0,0.0,29.228788272931368,-24.690395438471942,False,True,False,True,True,0.0
2025-09-09 16:00:00+00:00,3.805,3.84,3.795,3.815,744.0,4.573924142472506,4.543382555265115,,4.30902535420653,4.07305754716236,4.0398378820590874,"rgba(239, 83, 80, 1.0)",0.10518696353294463,4.0398378820590874,-2.1375071064644633,11,0.42883390709195335,4.717172978011487,0.0,0.0,0.0,0.0,30.3484445405769,-23.47887710320019,False,True,False,True,True,0.0
2025-09-09 17:00:00+00:00,3.815,3.82,3.805,3.805,794.0,4.573462480299656,4.542884982649641,,4.308577926709689,4.072677528617994,4.039194230663819,"rgba(239, 83, 80, 1.0)",0.1086333199261713,4.039194230663819,-2.1558231933165657,11,0.42617223792999503,4.687894617229945,0.0,0.0,0.0,0.0,30.53380736997755,-23.100165967707742,False,True,False,True,True,0.0
2025-09-09 18:00:00+00:00,3.805,3.85,3.805,3.845,1402.0,4.572673536822543,4.542035963568445,,4.307826722978419,4.0720685556243135,4.038277324941474,"rgba(239, 83, 80, 1.0)",0.11084576574577594,4.038277324941474,-1.743659973306998,11,0.42662983050014436,4.692928135501588,0.0,0.0,0.0,0.0,35.001129788004775,-18.810473942077074,False,True,False,True,True,0.0
2025-09-09 19:00:00+00:00,3.84,3.855,3.835,3.845,7325.0,4.5686433740441945,4.537705427671566,,4.304035784732503,4.0690896513310575,4.034143586898684,"rgba(239, 83, 80, 1.0)",0.11289247854350319,4.034143586898684,-1.6754312540476015,11,0.4242687545211542,4.666956299732696,0.0,0.0,0.0,0.0,37.97934473335626,-16.09129979319127,False,False,False,True,True,0.0
2025-09-10 14:00:00+00:00,3.94,3.955,3.86,3.865,2374.0,4.567433379397857,4.536410568080304,,4.302948414831535,4.068345534776936,4.033450555129713,"rgba(239, 83, 80, 1.0)",0.11431456521285206,4.033450555129713,-1.4735703610127053,11,0.42390702112472295,4.6629772323719525,0.0,0.0,0.0,0.0,41.957380154881164,-12.51402824249498,False,False,False,True,True,0.0
2025-09-10 15:00:00+00:00,3.865,3.98,3.855,3.935,6829.0,4.564130617223136,4.532887067494903,,4.300079122371089,4.06660070242825,4.032392231022438,"rgba(239, 83, 80, 1.0)",0.11456144344546243,4.032392231022438,-0.8501309698389257,11,0.4253110309509308,4.678421340460239,0.0,0.0,0.0,0.0,49.54605581793701,-5.761852687179989,True,False,False,False,True,0.0
2025-09-10 16:00:00+00:00,3.935,3.955,3.92,3.925,1150.0,4.563586390753614,4.532307361385645,,4.2996129089311275,4.066331217415002,4.032252344608389,"rgba(239, 83, 80, 1.0)",0.11483635046173718,4.032252344608389,-0.9339581428454112,11,0.42654273784246555,4.691970116267121,0.0,0.0,0.0,0.0,53.626439429521525,-2.4125511655033947,True,False,True,False,True,0.0
2025-09-10 17:00:00+00:00,3.925,4.11,3.915,4.105,9760.0,4.559804682185736,4.528327497172259,,4.296877481349438,4.065943191607673,4.035557512204873,"rgba(38, 166, 154, 1.0)",0.11317438509408816,4.035557512204873,0.6135883816589417,11,0.42688118053042196,4.695692985834642,0.0,0.0,0.0,0.0,62.44545427118928,5.298229278257509,True,False,True,False,True,6.148956138531613
2025-09-10 18:00:00+00:00,4.105,4.12,4.025,4.05,3128.0,4.558654640541328,4.52712202813421,,4.296086978161366,4.06593811881046,4.025696118410389,"rgba(38, 166, 154, 1.0)",0.11232193114525642,4.025696118410389,0.21637699193562374,12,0.44145687849983123,5.297482541997975,1.0,0.0,4.12,816.0,64.55214970963826,6.770874157918485,True,False,True,False,True,3.2393440826277917
2025-09-10 19:00:00+00:00,4.05,4.085,4.05,4.08,6305.0,4.556383800807369,4.524745950986538,,4.29455535674725,4.0659995554784425,4.028246851844059,"rgba(38, 166, 154, 1.0)",0.11136952532517443,4.028246851844059,0.4646975732798868,12,0.4453760838760668,5.344513006512802,0.0,0.0,0.0,0.0,66.78747633281479,8.688126783221826,True,False,True,False,True,4.6434160995110325
2025-09-11 14:00:00+00:00,4.0,4.02,3.96,3.96,3216.0,4.555016137390268,4.523300226443367,,4.293464147359988,4.06553166845425,4.027051014457628,"rgba(38, 166, 154, 1.0)",0.11046992171440635,4.027051014457628,-0.6069617269302733,12,0.4511107957213058,5.413329548655669,0.0,0.0,0.0,0.0,62.001630984826576,8.688126783221826,True,False,True,False,False,0.0
2025-09-11 15:00:00+00:00,3.965,3.985,3.96,3.985,3151.0,4.553674665241554,4.521882500242123,,4.292391019542287,4.0650604752649615,4.0262430211992974,"rgba(38, 166, 154, 1.0)",0.10975574847955695,4.0262430211992974,-0.3757709438515603,13,0.46627142691550105,6.061528549901514,0.0,0.0,0.0,0.0,59.73577174113269,8.688126783221826,True,False,True,False,False,0.0
2025-09-11 16:00:00+00:00,3.985,3.985,3.95,3.955,1378.0,4.553076453386473,4.52124970093997,,4.291904276555783,4.064825132951559,4.025845250589416,"rgba(38, 166, 154, 1.0)",0.10923682842644278,4.025845250589416,-0.648547304145886,13,0.4716542009763994,6.131504612693192,0.0,0.0,0.0,0.0,56.882241195305625,15.47485051530623,True,False,True,False,False,0.0
2025-09-11 17:00:00+00:00,3.955,3.96,3.94,3.95,351.0,4.5529208317373895,4.5210848986818,,4.291775503057798,4.064757508744493,4.025720085075966,"rgba(38, 166, 154, 1.0)",0.10948692792918609,4.025720085075966,-0.6915901880536789,13,0.4768478368141903,6.199021878584474,0.0,0.0,0.0,0.0,54.74961110313954,13.223019488161945,True,False,True,False,False,0.0
2025-09-11 18:00:00+00:00,3.95,3.955,3.91,3.925,2799.0,4.551641646246323,4.519728195489644,,4.290692188749799,4.06412759779534,4.024477178946787,"rgba(38, 166, 154, 1.0)",0.10991511876587644,4.024477178946787,-0.905036359544657,13,0.4809085511646805,6.251811165140847,0.0,0.0,0.0,0.0,52.140220248917345,10.459342785575025,True,False,False,False,False,0.0
2025-09-11 19:00:00+00:00,3.925,3.945,3.92,3.94,2838.0,4.550360379092603,4.518370541905047,,4.289615518895813,4.063518480042859,4.0234726072005245,"rgba(38, 166, 154, 1.0)",0.1101718559243749,4.0234726072005245,-0.7576581741331697,13,0.48296783556202977,6.278581862306387,0.0,0.0,0.0,0.0,51.20515005554183,9.186271767117333,True,False,False,False,False,0.0
2025-09-12 14:00:00+00:00,3.95,3.96,3.91,3.955,766.0,4.550019203038532,4.518009354912996,,4.289331475081269,4.063363534900294,4.023251329854722,"rgba(38, 166, 154, 1.0)",0.11030771864550626,4.023251329854722,-0.6187357575045154,13,0.48569074509820787,6.313979686276702,0.0,0.0,0.0,0.0,51.403658924820654,8.86906612680842,True,False,False,False,False,0.0
2025-09-12 15:00:00+00:00,3.955,3.965,3.925,3.94,615.0,4.549746308679997,4.517720532873516,,4.289104851295202,4.063241118474147,4.023084218479874,"rgba(38, 166, 154, 1.0)",0.11061771684166437,4.023084218479874,-0.7510932321881038,13,0.4886443536199879,6.352376597059843,0.0,0.0,0.0,0.0,50.63971778776266,7.552845529240571,True,False,False,False,False,0.0
2025-09-12 16:00:00+00:00,3.94,3.94,3.89,3.89,1481.0,4.549050475383325,4.516981878300074,,4.288502585156695,4.062857513100508,4.022400871458863,"rgba(38, 166, 154, 1.0)",0.1114139267014963,4.022400871458863,-1.1883691328247954,13,0.4906092301902966,6.377919992473856,0.0,0.0,0.0,0.0,47.46304834592222,4.063859067198742,True,False,False,True,False,0.0
2025-09-12 17:00:00+00:00,3.89,3.91,3.88,3.89,927.0,4.5486066750532546,4.516510360594017,,4.2881134440242485,4.062597943025776,4.021924174840259,"rgba(38, 166, 154, 1.0)",0.11154120961072961,4.021924174840259,-1.182739323884547,13,0.49260302646259263,6.403839344013704,0.0,0.0,0.0,0.0,45.34526871802858,1.693942080314521,False,False,False,True,False,0.0
2025-09-12 18:00:00+00:00,3.895,3.905,3.865,3.87,364.0,4.54842903207833,4.5163214500037485,,4.2879556979185685,4.062488224625717,4.021714984459793,"rgba(38, 166, 154, 1.0)",0.1120128290592515,4.021714984459793,-1.3544429306355628,13,0.49290052727478345,6.407706854572185,0.0,0.0,0.0,0.0,42.88921291991911,-0.9318229822294057,False,False,False,True,False,0.0
2025-09-12 19:00:00+00:00,3.87,3.875,3.84,3.865,3130.0,4.5468597956558465,4.514650730898791,3.8600000000000003,4.286538017161028,4.06144737461557,4.003133126500325,"rgba(239, 83, 80, 1.0)",0.11186635365946387,4.003133126500325,-1.2348049434132842,13,0.492040599749631,6.396527796745203,0.0,0.0,0.0,0.0,40.98623174495399,-3.000278532850132,False,False,False,True,False,0.0
2025-09-15 14:00:00+00:00,3.92,3.935,3.88,3.92,705.0,4.546533841250522,4.5143051987056655,3.8694980443285534,4.286258516567095,4.061274159215289,4.003371072955316,"rgba(239, 83, 80, 1.0)",0.11051651867881115,4.003371072955316,-0.7543765760267335,13,0.49476267899535614,6.43191482693963,0.0,0.0,0.0,0.0,44.033907978016856,-3.000278532850132,False,False,False,True,True,0.0
2025-09-15 15:00:00+00:00,3.92,3.92,3.88,3.885,1343.0,4.545897557838715,4.513629892906147,3.8761123986095023,4.285703590938308,4.06090865989483,4.003152426081856,"rgba(239, 83, 80, 1.0)",0.10984046580341414,4.003152426081856,-1.0756730246694182,13,0.4945024557405104,6.428531924626635,0.0,0.0,0.0,0.0,43.91692853361418,-3.000278532850132,False,False,False,True,True,0.0
2025-09-15 16:00:00+00:00,3.885,4.0,3.875,3.995,3817.0,4.544266604592969,4.511909116025749,3.910295349268112,4.28438255502765,4.060261448965127,4.0044842125264495,"rgba(239, 83, 80, 1.0)",0.10827579899789093,4.0044842125264495,-0.08759309664973348,13,0.4976174709720756,6.469027122636983,0.0,0.0,0.0,0.0,49.70639952458454,-6.19933398998225,True,False,False,False,True,1.1417650381343663
2025-09-15 17:00:00+00:00,3.995,4.05,3.985,3.985,5765.0,4.542028499056281,4.509562439776603,3.947936314363144,4.282708682703177,4.059763540807203,4.0070832767658064,"rgba(239, 83, 80, 1.0)",0.10811872019979091,4.0070832767658064,-0.20425026050067208,13,0.5010070356112573,6.513091462946345,0.0,0.0,0.0,0.0,52.93325459384378,-3.179105546215254,True,False,True,False,True,0.6571122798300664
2025-09-15 18:00:00+00:00,3.98,3.985,3.94,3.94,1602.0,4.54135016814859,4.508847603100704,3.9486279183473902,4.282160726350939,4.059493779059361,4.006941396689505,"rgba(239, 83, 80, 1.0)",0.10779539343974692,4.006941396689505,-0.6210042428846659,13,0.5003757538738016,6.504884800359421,0.0,0.0,0.0,0.0,52.40102366964233,-3.179105546215254,True,False,True,False,True,0.0
2025-09-15 19:00:00+00:00,3.94,3.945,3.905,3.925,2687.0,4.540157899346799,4.5075880308406,3.945295028610425,4.281161852660999,4.058915408863912,4.006148940983179,"rgba(239, 83, 80, 1.0)",0.10728983226797897,4.006148940983179,-0.7563525757081302,13,0.4993018626186287,6.490924214042173,0.0,0.0,0.0,0.0,51.21839624144873,-3.179105546215254,True,False,False,False,True,0.0
2025-09-16 14:00:00+00:00,4.005,4.08,3.97,4.07,2279.0,4.539338645482276,4.506734007597491,3.955414713053263,4.2805911588020855,4.058846668006138,4.007217098996416,"rgba(38, 166, 154, 1.0)",0.10612346201086793,4.007217098996416,0.5916024582495677,13,0.4994307514703266,6.492599769114246,0.0,0.0,0.0,0.0,56.30720976737367,0.24577146468229216,True,False,True,False,True,4.461742331982034
2025-09-16 15:00:00+00:00,4.07,4.095,4.025,4.05,6985.0,4.536927570672699,4.504228581978828,3.980394224090229,4.278978733113616,4.058822653842128,4.0104871754458085,"rgba(38, 166, 154, 1.0)",0.10561454650006959,4.0104871754458085,0.37412293915559564,14,0.5060449944394653,7.084629922152514,0.0,0.0,0.0,0.0,58.574474459083746,2.420121931647202,True,False,True,False,True,3.508937156689928
2025-09-16 16:00:00+00:00,4.05,4.06,3.96,4.015,770.0,4.536638490099067,4.503926501451571,3.981222191658357,4.278766713328876,4.058765460587281,4.01060296651252,"rgba(38, 166, 154, 1.0)",0.10387635581440174,4.01060296651252,0.04232949310751448,14,0.5075704314402397,7.105986040163356,0.0,0.0,0.0,0.0,58.17419492458278,2.420121931647202,True,False,True,False,True,1.8631406994801267
2025-09-16 17:00:00+00:00,4.02,4.05,4.01,4.025,882.0,4.536318252360515,4.503592636839519,3.9826088770231935,4.278539395492453,4.058723240880703,4.010812246223144,"rgba(38, 166, 154, 1.0)",0.10201514637578558,4.010812246223144,0.13907497348084263,14,0.5092880201348609,7.130032281888052,0.0,0.0,0.0,0.0,58.31062203694129,2.623490569463087,True,False,True,False,True,2.3074168568857516
2025-09-16 18:00:00+00:00,4.03,4.03,3.995,4.0,1381.0,4.535797937285073,4.503048866617161,3.9837422105957168,4.278155913757489,4.058614019116976,4.010979243065061,"rgba(38, 166, 154, 1.0)",0.09919050739228824,4.010979243065061,-0.11068844543399184,13,0.48790944792239893,6.342822822991186,0.0,0.0,0.0,0.0,56.95798771643467,2.623490569463087,True,False,True,False,True,1.1277118842190745
2025-09-16 19:00:00+00:00,4.0,4.065,3.995,4.05,5164.0,4.533965391676815,4.50114192271818,3.991227882771843,4.276881116038357,4.058437563898567,4.0122734189913345,"rgba(38, 166, 154, 1.0)",0.09712173099061526,4.0122734189913345,0.38844634072997314,14,0.46405738640746713,6.4968034097045395,0.0,0.0,0.0,0.0,58.23090323699938,3.1197533753368205,True,False,True,False,True,3.3588114431253544
2025-09-17 14:00:00+00:00,4.06,4.065,4.015,4.03,671.0,4.533728261672891,4.500895282359144,3.9920479097747052,4.276716458696196,4.058414843731772,4.012428444037414,"rgba(38, 166, 154, 1.0)",0.09554372613409207,4.012428444037414,0.1839111438664784,15,0.4619676926511789,6.929515389767683,0.0,0.0,0.0,0.0,57.85781106906775,3.1197533753368205,True,False,True,False,True,2.404614182952024
2025-09-17 15:00:00+00:00,4.03,4.05,3.99,4.05,1445.0,4.533211530010925,4.500357415379392,3.9934676987866546,4.27635280767073,4.0583511273878425,4.012706390195095,"rgba(38, 166, 154, 1.0)",0.09464219008522,4.012706390195095,0.3940484658197834,15,0.4664431258523115,6.996646887784673,0.0,0.0,0.0,0.0,58.51734883680808,4.09741094599984,True,False,True,False,True,3.2955985102550933
2025-09-17 16:00:00+00:00,4.05,4.05,4.035,4.04,996.0,4.532864220687228,4.499996570763898,3.994679302744266,4.276114617066763,4.058325379683485,4.012948413544878,"rgba(38, 166, 154, 1.0)",0.0941474308662828,4.012948413544878,0.28733217896878366,15,0.469707229785631,7.045608446784465,0.0,0.0,0.0,0.0,58.268844711235275,4.2221416835841055,True,False,True,False,True,2.808371560964961
2025-09-17 17:00:00+00:00,4.04,4.085,4.035,4.085,6287.0,4.530801600137483,4.49786363304125,4.004765841120477,4.274791938570973,4.058421928218757,4.015115181190805,"rgba(38, 166, 154, 1.0)",0.09422572093897318,4.015115181190805,0.741674546108878,15,0.47155946006863003,7.07339190102945,0.0,0.0,0.0,0.0,60.19630284908017,6.357592441171079,True,False,True,False,True,4.813912021467615
2025-09-17 18:00:00+00:00,4.1,4.115,3.97,4.015,3551.0,4.529557115526369,4.496570795373556,4.006816855371343,4.2739268928204375,4.0582859642107865,4.008294201011337,"rgba(38, 166, 154, 1.0)",0.09352833554347206,4.008294201011337,0.07169804690415033,14,0.42538790079748734,5.9554306111648225,0.0,0.0,0.0,0.0,57.07257971927334,6.357592441171079,True,False,True,False,False,1.4430420398414476
2025-09-17 19:00:00+00:00,4.015,4.03,3.975,3.98,1058.0,4.529158981149509,4.496155232046692,4.006569374612349,4.273629480845734,4.058183943265955,4.007851496698702,"rgba(38, 166, 154, 1.0)",0.09268458573255403,4.007851496698702,-0.30049761218191245,14,0.42534430545259977,5.954820276336397,0.0,0.0,0.0,0.0,53.22706474662813,7.337912027532397,False,False,True,False,False,0.0
2025-09-18 14:00:00+00:00,4.005,4.035,3.98,3.985,1412.0,4.52863352159712,4.495607218082439,4.0063907503690865,4.273240648488641,4.058059032244004,4.007590364924233,"rgba(38, 166, 154, 1.0)",0.09182273364694127,4.007590364924233,-0.24602148103205848,15,0.41527113989947856,6.2290670984921785,0.0,0.0,0.0,0.0,50.96202416843308,5.2926556978187875,False,False,False,False,False,0.061017499772191286
2025-09-18 15:00:00+00:00,3.985,4.02,3.945,4.015,2242.0,4.527790832826024,4.494727882657203,4.0058503470427524,4.272610510200529,4.0578391463471295,3.9985619535158037,"rgba(38, 166, 154, 1.0)",0.09107352736866009,3.9985619535158037,0.18049203713891293,15,0.41535938554962,6.2303907832442995,0.0,0.0,0.0,0.0,51.23649122377672,5.2926556978187875,False,False,False,False,False,1.4415568546231619
2025-09-18 16:00:00+00:00,4.015,4.075,4.0,4.005,2912.0,4.526768284522052,4.493665976905463,4.006912240440987,4.271893467012679,4.0577022046621645,4.000088523446424,"rgba(38, 166, 154, 1.0)",0.09024700838534869,4.000088523446424,0.054422596842261715,16,0.39950245521939587,6.392039283510334,0.0,0.0,0.0,0.0,50.795921573058266,4.989198187759676,False,False,False,False,False,0.9655531055182678
2025-09-18 17:00:00+00:00,4.005,4.01,3.97,3.975,3628.0,4.525394478875365,4.4922322511609485,4.005602818772784,4.270855146862242,4.057306457953235,3.999032658444226,"rgba(38, 166, 154, 1.0)",0.08848413101468582,3.999032658444226,-0.2716041641437054,16,0.39967988877632366,6.3948782204211785,0.0,0.0,0.0,0.0,48.69418057418944,2.8452677262240087,False,True,False,False,False,0.0
2025-09-18 18:00:00+00:00,3.975,4.05,3.97,4.045,1345.0,4.524921377104065,4.491741054971286,4.005950980550138,4.270521250817326,4.057234681109225,3.9993737311472897,"rgba(38, 166, 154, 1.0)",0.08805209350806945,3.9993737311472897,0.5181735837834326,17,0.39214239755679764,6.66642075846556,0.0,0.0,0.0,0.0,51.39962757413928,2.8452677262240087,False,True,False,False,True,2.7618669488346903
2025-09-18 19:00:00+00:00,4.045,4.095,4.045,4.075,1037.0,4.524593400344007,4.491403248378368,4.007031070043638,4.270316027380082,4.057257055845759,4.000186324159484,"rgba(38, 166, 154, 1.0)",0.08675646768205415,4.000186324159484,0.8623411929897099,18,0.3964405291307021,7.135929524352638,0.0,0.0,0.0,0.0,54.59487859164476,0.16630989145009778,False,False,True,False,True,4.084203703914657
2025-09-19 14:00:00+00:00,4.03,4.085,4.005,4.065,2140.0,4.523888250205829,4.490674715062327,4.00849533985345,4.26985135096664,4.057239227064946,4.001198162192502,"rgba(38, 166, 154, 1.0)",0.08552845793710843,4.001198162192502,0.7459720348800636,17,0.4013837201447459,6.82352324246068,0.0,0.0,0.0,0.0,56.01393801379983,1.4926179015713643,True,False,True,False,True,3.5948506323000124
2025-09-19 15:00:00+00:00,4.065,4.09,3.98,3.98,10352.0,4.520256008417282,4.486906060601404,4.00961445682181,4.267274980094562,4.056622811394689,4.001989821350075,"rgba(38, 166, 154, 1.0)",0.0837117534020178,4.001989821350075,-0.2626849929241245,17,0.40689218002639155,6.917167060448656,0.0,0.0,0.0,0.0,52.04272296889313,1.4926179015713643,False,True,False,False,False,0.0
2025-09-19 16:00:00+00:00,3.985,4.025,3.96,4.025,2171.0,4.519480857199954,4.486101100360446,4.009439085870083,4.266712912419814,4.056453558260099,4.001944567398348,"rgba(38, 166, 154, 1.0)",0.08158221410111531,4.001944567398348,0.2826036637480443,18,0.4009775255912075,7.217595460641735,0.0,0.0,0.0,0.0,51.81564752062381,1.4926179015713643,False,True,False,False,False,1.610965731198089
2025-09-19 17:00:00+00:00,4.03,4.06,4.0,4.015,4165.0,4.5180623945227945,4.484633258533108,4.010230218988794,4.265729433482537,4.056263063964349,4.002472541542294,"rgba(38, 166, 154, 1.0)",0.08158221410111531,4.002472541542294,0.1535562450190318,19,0.3971464797033077,7.545783114362846,0.0,0.0,0.0,0.0,51.12577557002387,5.811406496473744,False,True,False,False,False,1.1485601595549184
2025-09-19 18:00:00+00:00,4.015,4.015,3.97,3.985,7813.0,4.515236045631681,4.4816970726804,4.008468824873238,4.263640863734444,4.055518708571105,4.001799214482442,"rgba(38, 166, 154, 1.0)",0.08123162300827878,4.001799214482442,-0.2068063379791108,18,0.3763777413580688,6.774799344445238,0.0,0.0,0.0,0.0,49.074548334913146,3.7020039209095685,False,True,False,False,False,0.0
2025-09-19 19:00:00+00:00,3.985,3.99,3.9,3.92,8547.0,4.511868167093805,4.478180612107788,4.0022246189536235,4.2609537172541945,4.054075905762622,3.988748208825167,"rgba(38, 166, 154, 1.0)",0.08125989891178614,3.988748208825167,-0.8460287269099196,19,0.3658576413915407,6.951295186439273,0.0,0.0,0.0,0.0,44.86523003184402,-0.3087129931827093,False,True,False,True,False,0.0
2025-09-22 14:00:00+00:00,3.915,4.05,3.9,4.0,12524.0,4.507398087227072,4.473546153148206,4.000089405507524,4.25765032667319,4.052839522367509,3.982697770229245,"rgba(38, 166, 154, 1.0)",0.08103758442890938,3.982697770229245,0.2135087057775428,19,0.36788336487909623,6.989783932702828,0.0,0.0,0.0,0.0,46.463521538033234,-0.3087129931827093,False,True,False,True,False,0.49231011361504784
2025-09-22 15:00:00+00:00,4.0,4.015,3.97,4.0,8444.0,4.504492827874584,4.470543375626003,3.9997290286512928,4.255559965025847,4.052165903024317,3.9835570675767107,"rgba(38, 166, 154, 1.0)",0.08055690171795916,3.9835570675767107,0.20411575014215777,19,0.3660591115375644,6.955123119213723,0.0,0.0,0.0,0.0,47.529049208826045,-0.3087129931827093,False,True,False,True,True,0.49231011361504784
2025-09-22 16:00:00+00:00,4.0,4.06,3.99,4.025,4135.0,4.503165180791519,4.469178527975352,4.000575934405857,4.254664877804368,4.0520118495620805,3.984761948193088,"rgba(38, 166, 154, 1.0)",0.08005983122989385,3.984761948193088,0.502599758065539,18,0.37554667395193003,6.759840131134741,0.0,0.0,0.0,0.0,49.51438763317937,-0.3087129931827093,False,True,False,False,True,1.5956119590457511
2025-09-22 17:00:00+00:00,4.025,4.09,4.025,4.09,2556.0,4.502422222326206,4.468420937306437,4.001951085561228,4.254218798343425,4.052068862391381,3.986194286638362,"rgba(38, 166, 154, 1.0)",0.08108359605698352,3.986194286638362,1.280230754549732,17,0.38116885577492304,6.479870548173691,0.0,0.0,0.0,0.0,53.657314890411044,-1.4250094955364503,True,False,True,False,True,4.3703843309757495
2025-09-22 18:00:00+00:00,4.09,4.11,4.06,4.095,2162.0,4.501824630835836,4.467814280950815,4.003408962579591,4.253883562482532,4.052175695985894,3.9876016893149986,"rgba(38, 166, 154, 1.0)",0.08235098472190375,3.9876016893149986,1.3041533267353307,17,0.3847827637490593,6.541306983734008,0.0,0.0,0.0,0.0,56.6157925707104,1.3072257849234248,True,False,True,False,True,4.579331290552773
2025-09-22 19:00:00+00:00,4.095,4.115,4.09,4.11,4852.0,4.500543568517184,4.466519323008732,4.0071163802289,4.253211377536919,4.052522643315162,3.990942009295202,"rgba(38, 166, 154, 1.0)",0.08392805799553259,3.990942009295202,1.41857197161807,17,0.3902713694929339,6.634613281379877,0.0,0.0,0.0,0.0,59.208665256175316,3.7083587373760594,True,False,True,False,True,5.211348925008604
2025-09-23 14:00:00+00:00,4.3,4.41,4.265,4.395,1451.0,4.500404800220505,4.46640219381204,4.010890002430447,4.253350871487026,4.053118859121756,3.9941127319489818,"rgba(38, 166, 154, 1.0)",0.09759019851823995,3.9941127319489818,4.1078640492373895,17,0.36206392554919054,6.155086734336239,0.0,0.0,0.0,0.0,67.050152767823,10.862996329483082,True,False,True,False,True,15.554960358695922
2025-09-23 15:00:00+00:00,4.395,4.465,4.395,4.45,1877.0,4.50032537583411,4.466361236777508,4.016754143950456,4.253670056564258,4.054089013076537,3.9989381763008574,"rgba(38, 166, 154, 1.0)",0.11229032512687744,3.9989381763008574,4.0169250840576485,17,0.3308937733160188,5.62519414637232,0.0,0.0,0.0,0.0,72.85667825118733,15.896771573538558,True,False,True,False,True,17.240739860884098
2025-09-23 16:00:00+00:00,4.44,4.44,4.325,4.37,3252.0,4.500062569584938,4.466151669086161,4.025181101515748,4.254044994461702,4.055503766396223,4.005676568043173,"rgba(38, 166, 154, 1.0)",0.1212138308642029,4.005676568043173,3.00562592040328,16,0.3275194913699877,5.240311861919803,0.0,0.0,0.0,0.0,72.74865492901844,15.896771573538558,True,False,True,False,True,13.51507643564564
2025-09-23 17:00:00+00:00,4.37,4.395,4.31,4.32,1201.0,4.499936649441191,4.466042315809284,4.027881897074427,4.254142211567478,4.055964144742717,4.007786471799015,"rgba(38, 166, 154, 1.0)",0.1273464452472074,4.007786471799015,2.4516862453043746,16,0.31574106817167635,5.051857090746822,0.0,0.0,0.0,0.0,70.49138810338798,15.896771573538558,True,False,True,False,False,11.292244899831196
2025-09-23 18:00:00+00:00,4.315,4.34,4.28,4.335,1830.0,4.499716935622669,4.465844869582916,4.031610178209858,4.254250549514735,4.056605737065989,4.0106581700339685,"rgba(38, 166, 154, 1.0)",0.13346295501128136,4.0106581700339685,2.4302011740907092,16,0.3042557421379536,4.868091874207257,0.0,0.0,0.0,0.0,69.32225523869396,15.896771573538558,True,False,True,False,False,11.778261289997815
2025-09-23 19:00:00+00:00,4.34,4.38,4.285,4.335,6417.0,4.499014047016203,4.465226645873243,4.04460600650186,4.254715820411286,4.058958464444435,4.020434798364771,"rgba(38, 166, 154, 1.0)",0.13921439813694444,4.020434798364771,2.259573764243791,16,0.294060377436487,4.704966038983792,0.0,0.0,0.0,0.0,68.54283332889794,15.896771573538558,True,False,True,False,False,11.778261289997804
2025-09-24 14:00:00+00:00,4.56,4.57,4.42,4.48,4990.0,4.49898453220856,4.465316197306383,4.059040459474496,4.255787346623502,4.0617894976069095,4.031165880866645,"rgba(38, 166, 154, 1.0)",0.14987718696037206,4.031165880866645,2.994679365392869,16,0.2755892417228766,4.409427867566025,0.0,0.0,0.0,0.0,70.94920107050697,15.896771573538558,True,False,True,False,False,16.28663758608014
2025-09-24 15:00:00+00:00,4.48,4.565,4.48,4.55,2893.0,4.499046455608407,4.4654549592597865,4.0677568646700575,4.2565138404682346,4.063571907165803,4.037565020198779,"rgba(38, 166, 154, 1.0)",0.16249149665896293,4.037565020198779,3.153611052501527,16,0.25598304987425174,4.095728797988028,0.0,0.0,0.0,0.0,73.57286303966086,17.0666241581513,True,False,True,False,True,18.27914724677975
2025-09-24 16:00:00+00:00,4.55,4.58,4.53,4.56,2451.0,4.499138801486664,4.465616284772808,4.075278459507355,4.2571820032133205,4.065151535548901,4.043049415292532,"rgba(38, 166, 154, 1.0)",0.17424284079281696,4.043049415292532,2.9668397413363263,16,0.23972281039681015,3.8355649663489624,0.0,0.0,0.0,0.0,75.46228852762336,19.118296789819567,True,False,True,False,True,18.558362393265007
2025-09-24 17:00:00+00:00,4.56,4.605,4.54,4.6,1455.0,4.499217243724288,4.465738005061425,4.079861314988514,4.257610236227612,4.066131932957279,4.046378594162679,"rgba(38, 166, 154, 1.0)",0.18555412507760874,4.046378594162679,2.9836114158376508,14,0.24251030566655496,3.3951442793317694,0.0,0.0,0.0,0.0,77.28997718780454,21.120814425466477,True,False,True,False,True,19.670069200098574
2025-09-24 18:00:00+00:00,4.6,4.635,4.535,4.605,4663.0,4.499498003620227,4.466159882231817,4.094287212500377,4.259017175190433,4.069309459007969,4.056790620670654,"rgba(38, 166, 154, 1.0)",0.19543847675977705,4.056790620670654,2.8050227796401495,12,0.25100457632602474,3.012054915912297,0.0,0.0,0.0,0.0,78.58092626804296,22.641325652472645,True,False,True,False,True,19.808727223734504
2025-09-24 19:00:00+00:00,4.61,4.67,4.585,4.63,5354.0,4.499945682978537,4.466781304489822,4.111028823089699,4.2607945195546755,4.073163589686138,4.096554621586102,"rgba(38, 166, 154, 1.0)",0.20545679715083506,4.096554621586102,2.5963871033299117,11,0.24542120914793877,2.6996333006273265,0.0,0.0,0.0,0.0,79.82034416978445,24.141305562594155,True,False,True,False,True,20.0
2025-09-25 14:00:00+00:00,4.5,4.52,4.445,4.495,2224.0,4.499926543592321,4.46681290588427,4.115857469284581,4.2612451546867085,4.074344424798761,4.097820792045043,"rgba(38, 166, 154, 1.0)",0.20997801257691198,4.097820792045043,1.891527608441744,10,0.24546495421684553,2.4546495421684553,0.0,0.0,0.0,0.0,73.28934431898594,29.227561681605266,True,False,True,False,False,14.293923261258996
2025-09-25 15:00:00+00:00,4.495,4.5,4.455,4.465,2859.0,4.4998773613527,4.466826199461273,4.121668647273775,4.261787712196534,4.075803774294575,4.100281884432742,"rgba(38, 166, 154, 1.0)",0.21338547363947838,4.100281884432742,1.7091984254910475,10,0.23972726010940199,2.39727260109402,0.0,0.0,0.0,0.0,67.67388979021845,24.101998314684323,True,False,True,False,False,12.996153744512196
2025-09-25 16:00:00+00:00,4.465,4.49,4.405,4.43,1549.0,4.499819091673601,4.466798439032588,4.124462436802859,4.262036681276031,4.076527367249528,4.101466020684544,"rgba(38, 166, 154, 1.0)",0.2155810710572301,4.101466020684544,1.5239463172916512,10,0.23524350492476817,2.3524350492476818,0.0,0.0,0.0,0.0,62.49684118455279,19.499060572188384,True,False,True,False,False,11.499538487286745
2025-09-25 17:00:00+00:00,4.43,4.455,4.39,4.42,1247.0,4.499756163155823,4.4667583859978715,4.126536751591406,4.262214349977506,4.077076016123358,4.102326111584015,"rgba(38, 166, 154, 1.0)",0.21768867761173244,4.102326111584015,1.4593036803805919,10,0.2313636471993518,2.313636471993518,0.0,0.0,0.0,0.0,58.63001246793551,16.106256904156027,False,False,True,False,False,11.072744776689063
2025-09-25 18:00:00+00:00,4.425,4.43,4.395,4.415,944.0,4.499703516059495,4.466722517609437,4.128044089481772,4.262341569936811,4.077480177727753,4.102971159249966,"rgba(38, 166, 154, 1.0)",0.218613196604675,4.102971159249966,1.4273101788739917,9,0.2055958972501099,1.8503630752509892,0.0,0.0,0.0,0.0,55.82704132775633,13.58790913164031,False,True,True,False,False,10.856611373044252
2025-09-25 19:00:00+00:00,4.415,4.44,4.36,4.43,5471.0,4.499387928746856,4.4665026655378695,4.136378624725123,4.263058497743327,4.079780458239712,4.107132255685984,"rgba(38, 166, 154, 1.0)",0.21970533091488043,4.107132255685984,1.4695489771211,9,0.20219661580753281,1.8197695422677953,0.0,0.0,0.0,0.0,54.66953530005742,12.417877949860532,False,True,True,False,False,11.34591417721574
2025-09-26 14:00:00+00:00,4.515,4.615,4.49,4.535,2101.0,4.499451718206988,4.466621808348587,4.140983800253583,4.263586318223744,4.081017491668432,4.110614969543542,"rgba(38, 166, 154, 1.0)",0.22270810694917634,4.110614969543542,1.9055661523507343,9,0.1971481829975134,1.7743336469776207,0.0,0.0,0.0,0.0,57.9054880908061,12.417877949860532,False,False,True,False,False,14.635055795818804
2025-09-26 15:00:00+00:00,4.535,4.61,4.52,4.585,2120.0,4.4995498995819725,4.4667791060041395,4.145806982419812,4.264163784333071,4.082325744655518,4.114321451482185,"rgba(38, 166, 154, 1.0)",0.22726541216725568,4.114321451482185,2.0710522733279775,8,0.2029743274367384,1.6237946194939072,0.0,0.0,0.0,0.0,61.47681973399666,12.417877949860532,False,False,True,False,True,16.113572132226828
2025-09-26 16:00:00+00:00,4.59,4.59,4.545,4.555,616.0,4.499575086974999,4.466821098788546,4.14716121700365,4.264326634524637,4.082698120155233,4.115343979898441,"rgba(38, 166, 154, 1.0)",0.23052931649955277,4.115343979898441,1.907158823777677,8,0.19816933414441806,1.5853546731553445,0.0,0.0,0.0,0.0,62.15591420157074,12.417877949860532,False,False,True,False,True,14.767447183337552
2025-09-26 17:00:00+00:00,4.55,4.555,4.49,4.505,1827.0,4.499595081312212,4.46688531252196,4.150681931573027,4.26473337209333,4.083692263999769,4.11784205755444,"rgba(38, 166, 154, 1.0)",0.23254142322067886,4.11784205755444,1.6648988256950334,8,0.19461258546278673,1.5569006837022938,0.0,0.0,0.0,0.0,60.016759982714134,12.417877949860532,False,False,True,False,True,12.56722489177655
2025-09-26 18:00:00+00:00,4.505,4.52,4.46,4.505,971.0,4.499592226163331,4.466904548668116,4.152416760932208,4.264930463611184,4.084192425316405,4.119033210023789,"rgba(38, 166, 154, 1.0)",0.2352026153559007,4.119033210023789,1.640997016092608,7,0.20458374459520767,1.4320862121664537,0.0,0.0,0.0,0.0,58.590657170143075,12.417877949860532,False,False,True,False,False,12.56722489177655
2025-09-26 19:00:00+00:00,4.5,4.515,4.465,4.475,4440.0,4.4995508844291825,4.466960985335401,4.159906538579887,4.265788417939698,4.086408756796879,4.124124591200795,"rgba(38, 166, 154, 1.0)",0.2368819601891387,4.124124591200795,1.481224693172277,7,0.20181926632354497,1.4127348642648148,0.0,0.0,0.0,0.0,56.05958384522655,12.417877949860532,False,True,True,False,False,11.246572178745371
2025-09-29 14:00:00+00:00,4.305,4.4,4.295,4.37,2157.0,4.49935220279279,4.4667916029290415,4.162017852812549,4.265957061940914,4.087128359369468,4.125121725066669,"rgba(38, 166, 154, 1.0)",0.23816950206039691,4.125121725066669,1.0281680602045888,7,0.2004727111190037,1.4033089778330259,0.0,0.0,0.0,0.0,50.10729198721236,7.139593216815527,False,True,False,False,False,6.838519517923338
2025-09-29 15:00:00+00:00,4.37,4.4,4.355,4.4,1772.0,4.499223227959043,4.466690075250715,4.16398279517489,4.2661416454689345,4.0877825265748795,4.126227624953905,"rgba(38, 166, 154, 1.0)",0.23953188205854417,4.126227624953905,1.1429475387296575,7,0.19889082945892173,1.392235806212452,0.0,0.0,0.0,0.0,47.67630712256988,4.786100726203358,False,True,False,True,False,7.839270932901446
2025-09-29 16:00:00+00:00,4.395,4.4,4.36,4.365,2831.0,4.498999789698263,4.466508601504038,4.166912353658496,4.266410645734006,4.088786738824901,4.12787063926829,"rgba(38, 166, 154, 1.0)",0.24052776056744357,4.12787063926829,0.9858710702344065,6,0.2140919293224056,1.2845515759344335,0.0,0.0,0.0,0.0,44.78252435159506,1.946899607560077,False,True,False,True,False,6.416225144134309
2025-09-29 17:00:00+00:00,4.36,4.37,4.335,4.36,2316.0,4.498788208685831,4.466328342939995,4.169024570794987,4.266589374349931,4.089546019915814,4.129008551329685,"rgba(38, 166, 154, 1.0)",0.24041536878813616,4.129008551329685,0.9608015071360708,6,0.21292746968718942,1.2775648181231365,0.0,0.0,0.0,0.0,42.66961309833799,-0.2063632731176952,False,True,False,True,False,6.212856834578151
2025-09-29 18:00:00+00:00,4.355,4.45,4.35,4.425,4970.0,4.498503895211381,4.466127853255575,4.174655925077176,4.2672003990419745,4.091485305373722,4.13266670478781,"rgba(38, 166, 154, 1.0)",0.24126464853064716,4.13266670478781,1.2116706570670908,6,0.21164314076940546,1.2698588446164327,0.0,0.0,0.0,0.0,44.77594262844633,-0.2063632731176952,False,True,False,True,False,8.419030555703113
2025-09-29 19:00:00+00:00,4.425,4.425,4.37,4.38,5119.0,4.498159138197461,4.465863663195345,4.179791199579641,4.267750586403947,4.093354439669451,4.135987142862784,"rgba(38, 166, 154, 1.0)",0.24105348739184415,4.135987142862784,1.0122768178025205,6,0.21097080908912724,1.2658248545347635,0.0,0.0,0.0,0.0,44.2579480088267,-0.2063632731176952,False,True,False,True,False,6.570866201009398
2025-09-30 14:00:00+00:00,4.35,4.355,4.28,4.295,3741.0,4.4977164525782305,4.465460566400001,4.182004697118414,4.267886631066366,4.0943358200701985,4.151699442519013,"rgba(239, 83, 80, 1.0)",0.2399096676848078,4.151699442519013,0.5973104746627147,6,0.21091982084209282,1.265518925052557,0.0,0.0,0.0,0.0,41.02984338719244,-2.3736356649952484,False,True,False,True,False,3.230221061585574
2025-09-30 15:00:00+00:00,4.295,4.405,4.29,4.345,5601.0,4.497186251051799,4.465002363216368,4.186091603335327,4.268264608740815,4.096035629766027,4.15522026982143,"rgba(239, 83, 80, 1.0)",0.238685816333743,4.15522026982143,0.7951026713426901,6,0.21065593337631072,1.2639356002578643,0.0,0.0,0.0,0.0,41.42787695551251,-2.3736356649952484,False,True,False,True,False,4.95214945451464
2025-09-30 16:00:00+00:00,4.345,4.38,4.305,4.375,5809.0,4.49666445934034,4.46455742609707,4.190288650129172,4.268685820012193,4.097820793192382,4.158263111553436,"rgba(239, 83, 80, 1.0)",0.2378272141361671,4.158263111553436,0.9113208058791474,6,0.21017045867696071,1.2610227520617643,0.0,0.0,0.0,0.0,43.10208105223275,-2.3736356649952484,False,True,False,True,False,5.966201910712417
2025-09-30 17:00:00+00:00,4.375,4.4,4.31,4.325,3168.0,4.49636503447578,4.464298197104359,4.192377472916187,4.268891337106534,4.098752539386771,4.159624880287302,"rgba(239, 83, 80, 1.0)",0.23661174340489463,4.159624880287302,0.6989303123036684,6,0.21011549487037837,1.2606929692222701,0.0,0.0,0.0,0.0,42.35061232422936,-2.3736356649952484,False,True,False,True,False,4.020710961425028
2025-09-30 18:00:00+00:00,4.325,4.34,4.29,4.33,2019.0,4.496143408030179,4.464099075054351,4.193466244966428,4.268978904743921,4.099282780082577,4.160173039399437,"rgba(239, 83, 80, 1.0)",0.2350982160101557,4.160173039399437,0.7223660114597679,6,0.2108558192189294,1.2651349153135765,0.0,0.0,0.0,0.0,42.11360977450059,-2.6517703078478405,False,True,False,True,False,4.194318061116537
2025-09-30 19:00:00+00:00,4.325,4.36,4.315,4.32,3506.0,4.495785276534642,4.463782491112777,4.195483718967773,4.2691648637649315,4.100245883035779,4.161396026198843,"rgba(239, 83, 80, 1.0)",0.23253348107274055,4.161396026198843,0.6820694081104958,6,0.21209211073517611,1.2725526644110567,0.0,0.0,0.0,0.0,41.549731795371926,-3.6399505203905633,False,True,False,True,False,3.800975131096539
2025-10-01 14:00:00+00:00,4.41,4.61,4.385,4.575,2721.0,4.495831750779185,4.463892770450223,4.199156517956149,4.269748677204012,4.101602379953622,4.190557311166433,"rgba(38, 166, 154, 1.0)",0.23320394739598216,4.190557311166433,1.6485256494427183,6,0.2104711299398887,1.2628267796393322,0.0,0.0,0.0,0.0,50.2334739844471,-4.981251781943428,False,True,False,False,True,11.94951610715971
2025-10-01 15:00:00+00:00,4.575,4.6,4.51,4.55,3259.0,4.495947703339235,4.464090710822609,4.203845838733223,4.270526709830724,4.103330443819199,4.195934187693473,"rgba(38, 166, 154, 1.0)",0.2326226693731576,4.195934187693473,1.5220606541083008,6,0.20955111641315108,1.2573066984789065,0.0,0.0,0.0,0.0,54.9431634367147,-0.7927634168248971,False,True,True,False,True,10.96527249500911
2025-10-01 16:00:00+00:00,4.545,4.6,4.515,4.555,2876.0,4.496055562555613,4.46427116013487,4.207920613758568,4.271217820970085,4.104855694521298,4.200023599183926,"rgba(38, 166, 154, 1.0)",0.2316640352433076,4.200023599183926,1.532289638498508,6,0.2086448233010846,1.2518689398065077,0.0,0.0,0.0,0.0,58.20963164211011,2.0429263463971523,False,False,True,False,True,11.112861088771798
2025-10-01 17:00:00+00:00,4.555,4.6,4.55,4.55,3315.0,4.496199844587487,4.4645006998965355,4.212633511401374,4.2720380572086425,4.106639710515132,4.204622417784261,"rgba(38, 166, 154, 1.0)",0.23138211833387654,4.204622417784261,1.492671882782967,6,0.2079964186325481,1.2479785117952886,0.0,0.0,0.0,0.0,60.131448923852815,3.7435319088031562,False,False,True,False,True,10.910811034098035
2025-10-01 18:00:00+00:00,4.56,4.585,4.545,4.57,1710.0,4.496274040331456,4.464618703140829,4.2150165126275345,4.272459387464053,4.107554593998207,4.206849008137654,"rgba(38, 166, 154, 1.0)",0.23042264340681043,4.206849008137654,1.5760212906732618,6,0.2069360909870013,1.2416165459220079,0.0,0.0,0.0,0.0,62.0208002173831,5.557889253206902,False,False,True,False,True,11.518764362716798
2025-10-01 19:00:00+00:00,4.575,4.605,4.545,4.6,5857.0,4.496586882391484,4.465086498959086,4.223316590036102,4.273974654406642,4.110773574574703,4.214624932399376,"rgba(38, 166, 154, 1.0)",0.23174819357486456,4.214624932399376,1.6629042999471362,6,0.20623608497752696,1.2374165098651617,0.0,0.0,0.0,0.0,64.17792590504726,7.709822683230719,True,False,True,False,True,12.427286753960907
2025-10-02 14:00:00+00:00,4.46,4.465,4.28,4.29,1879.0,4.496412331205818,4.464934881519685,4.224189993786225,4.274085544092768,4.111280867897387,4.21403358527799,"rgba(239, 83, 80, 1.0)",0.229449654922669,4.21403358527799,0.331080971760941,6,0.20830822115260447,1.2498493269156268,0.0,0.0,0.0,0.0,54.70571664513685,11.865639708961602,False,True,True,False,False,0.9639244111050864
2025-10-02 15:00:00+00:00,4.285,4.33,4.26,4.325,4087.0,4.49593411688618,4.464496870538972,4.225432214620372,4.27419017137368,4.112189174616105,4.2122872189845095,"rgba(239, 83, 80, 1.0)",0.22629431525582996,4.2122872189845095,0.49808047934419714,6,0.21051203168022906,1.2630721900813744,0.0,0.0,0.0,0.0,49.616257932015124,7.441494643484305,False,True,False,True,False,2.065659932994052
2025-10-02 16:00:00+00:00,4.325,4.33,4.28,4.29,2013.0,4.495693310621253,4.464275279009092,4.22599255025807,4.274233123458178,4.112621905575116,4.211607985347476,"rgba(239, 83, 80, 1.0)",0.2225979488828115,4.211607985347476,0.3521686297917946,6,0.21249201663657594,1.2749520998194557,0.0,0.0,0.0,0.0,45.428176171927916,3.7850123254394887,False,True,False,True,False,0.9129402758880047
2025-10-02 17:00:00+00:00,4.29,4.29,4.25,4.25,2144.0,4.495389549679407,4.463987390409493,4.22628903298917,4.274213838035065,4.112990849253797,4.210578243982705,"rgba(239, 83, 80, 1.0)",0.22129009536419442,4.210578243982705,0.17814514451003988,6,0.21470921570413715,1.2882552942248229,0.0,0.0,0.0,0.0,41.744970565207446,0.47607747615772666,False,True,False,True,False,0.0
2025-10-02 18:00:00+00:00,4.25,4.28,4.245,4.255,1616.0,4.495157838685147,4.4637673486879335,4.2264895782715595,4.274194907618024,4.113261602851364,4.2098662927102835,"rgba(239, 83, 80, 1.0)",0.21966419908657933,4.2098662927102835,0.2054668329085672,7,0.2001972056760474,1.4013804397323317,0.0,0.0,0.0,0.0,39.50921703165453,-1.6458116957171285,False,True,False,True,False,0.0
2025-10-02 19:00:00+00:00,4.255,4.255,4.205,4.23,6364.0,4.494133903593748,4.462778491950599,4.226569936836348,4.2739643189378205,4.114102211455486,4.2162038363372485,"rgba(239, 83, 80, 1.0)",0.21750826845624718,4.2162038363372485,0.06342822624937176,7,0.2014796476339538,1.4103575334376766,0.0,0.0,0.0,0.0,37.394109340896655,-3.830334276830392,False,True,False,True,False,0.0
2025-10-03 14:00:00+00:00,4.305,4.425,4.29,4.395,1795.0,4.493998845728467,4.462667928073267,4.227490073373049,4.274105440703862,4.1146208917550355,4.218203088501587,"rgba(239, 83, 80, 1.0)",0.2156938729932656,4.218203088501587,0.8196658952103485,7,0.20229475989668402,1.4160633192767882,0.0,0.0,0.0,0.0,42.31622186611963,-3.830334276830392,False,True,False,True,True,4.202284825086618
2025-10-03 15:00:00+00:00,4.395,4.45,4.365,4.44,1699.0,4.493921004557638,4.46261797663147,4.2286419042611865,4.274305766064488,4.115202448815828,4.2203908425755055,"rgba(239, 83, 80, 1.0)",0.21364420620937769,4.2203908425755055,1.0279200232992578,6,0.18633053705933356,1.1179832223560013,0.0,0.0,0.0,0.0,46.87671373543914,-12.158691126321138,False,True,False,True,True,5.536729093352836
2025-10-03 16:00:00+00:00,4.44,4.505,4.44,4.475,3544.0,4.493876919848278,4.4626431008619685,4.231684172613073,4.274880734231626,4.116627205340339,4.225433769538262,"rgba(239, 83, 80, 1.0)",0.21264003335160606,4.225433769538262,1.1736559034914789,6,0.1856649862113983,1.1139899172683898,0.0,0.0,0.0,0.0,50.87895642379727,-8.29963092006178,False,True,True,False,True,6.560534137241511
2025-10-03 17:00:00+00:00,4.475,4.485,4.42,4.445,2131.0,4.49382049793586,4.462625300959921,4.233304187545193,4.275184403245935,4.117422780315527,4.227497391474161,"rgba(239, 83, 80, 1.0)",0.21084253976976522,4.227497391474161,1.0315878795775584,6,0.18514639070481054,1.1108783442288632,0.0,0.0,0.0,0.0,52.37969311967079,-6.67346118856446,False,False,True,False,True,5.522512308873864
2025-10-03 18:00:00+00:00,4.445,4.455,4.4,4.42,2430.0,4.49371973148841,4.462564993622718,4.234912645988066,4.275480060465734,4.1182575135704225,4.229162644195919,"rgba(239, 83, 80, 1.0)",0.2090420449970893,4.229162644195919,0.9129137432937846,5,0.16643152785449908,0.8321576392724954,0.0,0.0,0.0,0.0,52.40518627446363,-6.208114034122268,False,False,True,False,True,4.660404437724104
2025-10-03 19:00:00+00:00,4.41,4.48,4.41,4.48,4962.0,4.493609278817078,4.462545751614649,4.2386480813210685,4.276207273141022,4.120122544527906,4.233183881190211,"rgba(239, 83, 80, 1.0)",0.20744307804942366,4.233183881190211,1.1898016609210993,5,0.16637020596660063,0.8318510298330031,0.0,0.0,0.0,0.0,54.40008208655145,-3.7866692311242076,False,False,True,False,True,6.457573504501962
2025-10-06 14:00:00+00:00,4.595,4.66,4.545,4.62,1330.0,4.493700870195068,4.462673118748566,4.240309734064661,4.276564189310207,4.120842664957271,4.235417988462574,"rgba(38, 166, 154, 1.0)",0.20848600532026887,4.235417988462574,1.8446418547213506,5,0.16532746760063666,0.8266373380031833,0.0,0.0,0.0,0.0,59.15269966085894,1.0911479926421208,True,False,True,False,True,10.38811332264067
2025-10-06 15:00:00+00:00,4.62,4.695,4.62,4.635,1340.0,4.493826490728244,4.462837862138713,4.24215668199664,4.276968078680853,4.121627883970472,4.237914194273808,"rgba(38, 166, 154, 1.0)",0.20827692930151478,4.237914194273808,1.9065280396531377,4,0.18045830467141383,0.7218332186856553,0.0,0.0,0.0,0.0,62.62288555380678,4.616905138677495,True,False,True,False,True,10.79067089934486
2025-10-06 16:00:00+00:00,4.625,4.66,4.61,4.65,1660.0,4.4939718838443445,4.463030663106392,4.244366190586115,4.277453828976785,4.122579043340781,4.240776000676464,"rgba(38, 166, 154, 1.0)",0.20723973148577324,4.240776000676464,1.9746406559672147,4,0.17956478399669182,0.7182591359867673,0.0,0.0,0.0,0.0,65.2556559874938,7.342203347577005,True,False,True,False,True,11.196305815898501
2025-10-06 17:00:00+00:00,4.65,4.68,4.605,4.66,1830.0,4.4941409594949935,4.463252708748994,4.246824416667495,4.278000094705125,4.123640396405421,4.2438750327249775,"rgba(38, 166, 154, 1.0)",0.20612462337224438,4.2438750327249775,2.0188028022422855,4,0.17857485183047084,0.7142994073218834,0.0,0.0,0.0,0.0,67.23743498921527,9.501560330859007,True,False,True,False,True,11.469331365925079
2025-10-06 18:00:00+00:00,4.66,4.74,4.63,4.725,3428.0,4.494559060580141,4.463779202700798,4.251913145732848,4.279156627585888,4.125805424014671,4.250258183936466,"rgba(38, 166, 154, 1.0)",0.2067288557986263,4.250258183936466,2.2964467840231166,4,0.1767900365039053,0.7071601460156212,0.0,0.0,0.0,0.0,69.94382573177441,12.36039689369521,True,False,True,False,True,13.222701715765815
2025-10-06 19:00:00+00:00,4.725,4.765,4.7,4.705,9014.0,4.495784222977669,4.465298809080751,4.265482031648308,4.282347180441392,4.131666556033756,4.266173732586234,"rgba(38, 166, 154, 1.0)",0.20620655698627458,4.266173732586234,2.1280907543739036,4,0.17562310168582815,0.7024924067433126,0.0,0.0,0.0,0.0,70.55311142754569,13.309656498389856,True,False,True,False,True,12.464797902095224
2025-10-07 14:00:00+00:00,4.715,4.76,4.69,4.745,1334.0,4.495971022734917,4.465529402615819,4.2674593938623095,4.282824316532522,4.132536282986468,4.268378690327433,"rgba(38, 166, 154, 1.0)",0.20538746069076064,4.268378690327433,2.32059595103611,4,0.174663601924601,0.698654407698404,0.0,0.0,0.0,0.0,71.86909381797378,15.00136214865232,True,False,True,False,True,13.54228985110915
2025-10-07 15:00:00+00:00,4.745,4.77,4.7,4.73,3486.0,4.496461214698402,4.466133869405776,4.272566571590597,4.2840710068018035,4.134803478480511,4.3070829778135575,"rgba(38, 166, 154, 1.0)",0.20545955959901335,4.3070829778135575,2.0583954478040933,4,0.17411300961055248,0.6964520384422099,0.0,0.0,0.0,0.0,71.77313074212843,15.410974918289298,True,False,True,False,True,12.962338672127093
2025-10-07 16:00:00+00:00,4.73,4.75,4.705,4.72,470.0,4.496524830339699,4.466212622760418,4.27323429451853,4.284235456169796,4.1351036070883085,4.307725867680214,"rgba(38, 166, 154, 1.0)",0.20557548316681468,4.307725867680214,2.0054635210816683,4,0.1741201959989866,0.6964807839959464,0.0,0.0,0.0,0.0,71.02782767358372,15.410974918289298,True,False,True,False,True,12.572136845071164
2025-10-07 17:00:00+00:00,4.72,4.745,4.71,4.715,1766.0,4.496761805142234,4.466506203506566,4.275716517761876,4.28484993870602,4.136225422808153,4.310135558009142,"rgba(38, 166, 154, 1.0)",0.20500213138858833,4.310135558009142,1.974927964155768,4,0.17445173485020987,0.6978069394008395,0.0,0.0,0.0,0.0,70.16454107422712,15.410974918289298,True,False,True,False,True,12.37438497848752
2025-10-07 18:00:00+00:00,4.715,4.735,4.705,4.73,364.0,4.496810587786677,4.466566631739819,4.27622474326062,4.284976379377044,4.13645611478433,4.31063475410834,"rgba(38, 166, 154, 1.0)",0.2021276913329639,4.31063475410834,2.0747540484239866,4,0.17415631050047736,0.6966252420019095,0.0,0.0,0.0,0.0,70.1218904619532,15.410974918289298,True,False,True,False,True,12.804327099232342
2025-10-07 19:00:00+00:00,4.73,4.75,4.68,4.72,4935.0,4.497450497000851,4.467361903111168,4.282901877781392,4.286657493259683,4.13953064321583,4.317002580986455,"rgba(38, 166, 154, 1.0)",0.1997971944720681,4.317002580986455,2.0170324216934103,4,0.17457757723505016,0.6983103089402006,0.0,0.0,0.0,0.0,69.23907197939319,15.410974918289298,True,False,True,False,True,12.396164666335366
2025-10-08 14:00:00+00:00,4.57,4.615,4.565,4.605,1004.0,4.49750822605132,4.467444420905499,4.283861503281981,4.286901589376681,4.14002113379541,4.3172565643061365,"rgba(38, 166, 154, 1.0)",0.19491157616343138,4.3172565643061365,1.4762767884683976,4,0.17505692711942472,0.7002277084776989,0.0,0.0,0.0,0.0,61.4233620980032,16.190646193415205,True,False,True,False,False,7.875374204495124
2025-10-08 15:00:00+00:00,4.615,4.64,4.56,4.56,6762.0,4.497862179150352,4.46796128830543,4.290004970616353,4.288491382330365,4.143237292118353,4.3199230954394165,"rgba(38, 166, 154, 1.0)",0.18816929793320533,4.3199230954394165,1.2758558765830301,4,0.17606982144027855,0.7042792857611142,0.0,0.0,0.0,0.0,54.321277460747226,9.816569651312008,False,False,False,False,False,6.198280101788939
2025-10-08 16:00:00+00:00,4.56,4.6,4.53,4.59,1921.0,4.497947200289619,4.468090906180262,4.291628636120911,4.28891989320277,4.144115312446977,4.320743886064638,"rgba(38, 166, 154, 1.0)",0.17869227159538478,4.320743886064638,1.5068145450914747,4,0.1775001108127375,0.71000044325095,0.0,0.0,0.0,0.0,51.28404986379966,7.329178307334388,False,True,False,False,False,7.132558000152738
2025-10-08 17:00:00+00:00,4.595,4.62,4.58,4.595,2871.0,4.4981159312957795,4.468329907397464,4.294233163947418,4.289614001996132,4.145496925064381,4.3225024952785365,"rgba(38, 166, 154, 1.0)",0.17143858722347236,4.3225024952785365,1.5894759116642705,4,0.17925001201450916,0.7170000480580366,0.0,0.0,0.0,0.0,49.54587450039179,5.874910544426683,False,True,False,True,False,7.288930050504746
2025-10-08 18:00:00+00:00,4.595,4.6,4.52,4.535,1207.0,4.4981537454079685,4.468394150040374,4.295148962591596,4.289860913676525,4.146015663659852,4.322925003025548,"rgba(38, 166, 154, 1.0)",0.16298725976847978,4.322925003025548,1.3011753021414076,3,0.15336261538071536,0.46008784614214604,0.0,0.0,0.0,0.0,45.702213805526114,2.3441553416062817,False,True,False,True,False,5.030997064727856
2025-10-08 19:00:00+00:00,4.535,4.605,4.525,4.595,6092.0,4.498426654945355,4.4688073249842795,4.3000850842880665,4.291210504125401,4.148763207021831,4.326035449581103,"rgba(38, 166, 154, 1.0)",0.15522514888650618,4.326035449581103,1.7327382344181337,3,0.1538625489616838,0.4615876468850514,0.0,0.0,0.0,0.0,46.535780142201354,2.3441553416062817,False,True,False,True,False,6.936705787185211
2025-10-09 14:00:00+00:00,4.715,4.725,4.53,4.545,2088.0,4.498550141039808,4.468981368000001,4.301887313377707,4.29171062433017,4.149751591476923,4.32739681143632,"rgba(38, 166, 154, 1.0)",0.1487661869457224,4.32739681143632,1.4627194057415256,4,0.141413225426848,0.565652901707392,0.0,0.0,0.0,0.0,44.946200231258814,1.5101236764033033,False,True,False,True,False,5.08198581454743
2025-10-09 15:00:00+00:00,4.54,4.585,4.515,4.585,1042.0,4.4985884107524825,4.469042688779326,4.3026640134896885,4.2919286417921665,4.150201362888074,4.3278706022736335,"rgba(38, 166, 154, 1.0)",0.1422371766255424,4.3278706022736335,1.8077509960936062,4,0.14229963421829095,0.5691985368731638,0.0,0.0,0.0,0.0,45.96877600454097,1.5101236764033033,False,True,False,True,False,6.3505166648552525
2025-10-09 16:00:00+00:00,4.585,4.755,4.585,4.655,951.0,4.49868044897425,4.469160940896172,4.3036500421597985,4.292203420415927,4.150713872209103,4.354817121941936,"rgba(38, 166, 154, 1.0)",0.13653778805722244,4.354817121941936,2.1985333315364572,4,0.1430785966144788,0.5723143864579152,0.0,0.0,0.0,0.0,49.67209163686955,1.5101236764033033,False,True,False,False,True,8.504854757391268
2025-10-09 17:00:00+00:00,4.655,4.66,4.6,4.61,605.0,4.498724292862346,4.469220105536176,4.304202528644349,4.292358502226492,4.15101301315858,4.354444583867838,"rgba(38, 166, 154, 1.0)",0.13668807786570888,4.354444583867838,1.8696247699322885,3,0.13825329602470024,0.4147598880741007,0.0,0.0,0.0,0.0,50.01032192787773,1.5101236764033033,False,True,False,False,True,6.820524521245712
2025-10-09 18:00:00+00:00,4.61,4.61,4.585,4.595,380.0,4.4987459255082936,4.469250817478923,4.304519654310133,4.292447992644948,4.151190112660827,4.354157446509883,"rgba(38, 166, 154, 1.0)",0.13704122480950315,4.354157446509883,1.7574460081256904,3,0.13930767788451193,0.4179230336535358,0.0,0.0,0.0,0.0,49.55488597162711,1.5101236764033033,False,True,False,False,True,6.263003739172397
2025-10-09 19:00:00+00:00,4.595,4.63,4.56,4.585,1584.0,4.4988313974555805,4.469373661031515,4.305811694736948,4.29281433839585,4.1519185554234275,4.353997211264072,"rgba(38, 166, 154, 1.0)",0.13655840581300632,4.353997211264072,1.6916043165606927,3,0.14033570831842337,0.42100712495527015,0.0,0.0,0.0,0.0,48.77553130008998,1.5101236764033033,False,True,False,False,True,5.888060188969
2025-10-10 14:00:00+00:00,4.5,4.515,4.38,4.43,2335.0,4.498753990083772,4.469332735542312,4.306706869694777,4.293082506231554,4.152623195771782,4.350174317850046,"rgba(239, 83, 80, 1.0)",0.13516449771087444,4.350174317850046,0.5905817245051002,4,0.1317005872632818,0.5268023490531272,0.0,0.0,0.0,0.0,42.92907320297095,-1.5806017465758586,False,True,False,True,False,0.38666114687205777
2025-10-10 15:00:00+00:00,4.42,4.48,4.315,4.315,351.0,4.4987277873444915,4.46931068492908,4.306769499237421,4.293103330934462,4.152702632544269,4.349514850719241,"rgba(239, 83, 80, 1.0)",0.13551995298718633,4.349514850719241,-0.2546846420652462,4,0.13287717396801982,0.5315086958720793,0.0,0.0,0.0,0.0,36.73794843660874,-7.288542947725794,False,True,False,True,False,0.0
2025-10-10 16:00:00+00:00,4.315,4.41,4.285,4.365,1219.0,4.498625098424112,4.469221341346527,4.30692896890282,4.2931599098994955,4.1529569355801375,4.3473817604753275,"rgba(239, 83, 80, 1.0)",0.13506128071931306,4.3473817604753275,0.13044626432417175,5,0.1387659661973956,0.6938298309869779,0.0,0.0,0.0,0.0,35.062985749446995,-8.725712229062133,False,True,False,True,False,0.0
2025-10-10 17:00:00+00:00,4.365,4.38,4.29,4.29,1803.0,4.498438693747713,4.4690515097171435,4.306994846364638,4.293197150365727,4.153269515580812,4.344416575581915,"rgba(239, 83, 80, 1.0)",0.13726747743129786,4.344416575581915,-0.3964273009180246,5,0.13583912642564291,0.6791956321282145,0.0,0.0,0.0,0.0,32.455937099246526,-11.168320315373926,False,True,False,True,False,0.0
2025-10-10 18:00:00+00:00,4.29,4.32,4.245,4.25,2104.0,4.498162874058109,4.468789706467325,4.30678828384443,4.2931623461120125,4.153527490026364,4.340881239565659,"rgba(239, 83, 80, 1.0)",0.14015313375337837,4.340881239565659,-0.6484424367248129,6,0.15702923079500544,0.9421753847700327,0.0,0.0,0.0,0.0,30.009653655938525,-13.51976315687756,False,True,False,True,False,0.0
2025-10-10 19:00:00+00:00,4.25,4.27,4.225,4.24,2816.0,4.497751424774375,4.468393138184634,4.306308508496913,4.293058369780906,4.153793469599892,4.336576207132306,"rgba(239, 83, 80, 1.0)",0.14304217232360003,4.336576207132306,-0.6751589797855159,6,0.1592352142912202,0.9554112857473211,0.0,0.0,0.0,0.0,28.199081211926046,-15.347403698821346,False,True,False,True,False,0.0
