date,Close,High,Low,Open,Volume,aVWAP_BoS_CHoCH_bull_60,aVWAP_BoS_CHoCH_bull_410,aVWAP_BoS_CHoCH_bull_590,aVWAP_BoS_CHoCH_bull_698,aVWAP_BoS_CHoCH_bear_170,aVWAP_BoS_CHoCH_bear_212,aVWAP_BoS_CHoCH_bear_320,aVWAP_BoS_CHoCH_bear_371,aVWAP_BoS_CHoCH_bear_576,aVWAP_BoS_CHoCH_bear_727,Peaks_Valleys_avg,color,StDev,StDev_Mean,StdDev_ZScore,MA_Cross_Count,MA_Avg_Deviation_Z,MA_Oscillation_Score,BoS,CHoCH,BoS_CHoCH_Price,BoS_CHoCH_Break_Index,QQEMOD,QQE1_Value,QQE1_Above_Upper,QQE1_Below_Lower,QQE2_Above_Threshold,QQE2_Below_Threshold,QQE2_Above_TL,banker_RSI
2022-01-03 00:00:00+00:00,7.545,7.545,7.545,7.545,43,,,,,,,,,,,,#000000,,,,0,,,0.0,0.0,0.0,0.0,,,False,False,False,False,False,
2022-01-04 00:00:00+00:00,7.6,7.6,7.55,7.59,1150,,,,,,,,,,,,#000000,,,,0,,,0.0,0.0,0.0,0.0,100.0,,False,False,True,False,False,
2022-01-05 00:00:00+00:00,7.501,7.501,7.5,7.5,711,,,,,,,,,,,,#000000,,,,0,,,0.0,0.0,0.0,0.0,77.85234899328862,-38.59060402684554,False,False,True,False,True,
2022-01-06 00:00:00+00:00,7.5,7.545,7.5,7.52,4412,,,,,,,,,,,,#000000,,,,0,,,0.0,0.0,0.0,0.0,63.00527463421106,-38.59060402684554,False,False,True,False,True,
2022-01-07 00:00:00+00:00,7.5042,7.5042,7.5,7.5,2946,,,,,,,,,,,,#000000,,,,0,,,0.0,0.0,0.0,0.0,53.83521511638437,-38.59060402684554,False,False,True,False,True,
2022-01-10 00:00:00+00:00,7.5,7.5335,7.5,7.51,3312,,,,,,,,,,,,#000000,,,,0,,,0.0,0.0,0.0,0.0,47.31044285738608,-38.59060402684554,False,False,False,True,True,
2022-01-11 00:00:00+00:00,7.31,7.53,7.31,7.53,1279,,,,,,,,,,,,#000000,,,,0,,,0.0,0.0,0.0,0.0,35.72314441754351,-38.59060402684554,False,False,False,True,False,
2022-01-12 00:00:00+00:00,7.43,7.43,7.1,7.42,6204,,,,,,,,,,,,#000000,,,,0,,,0.0,0.0,0.0,0.0,36.90929911926412,-38.59060402684554,False,False,False,True,False,
2022-01-13 00:00:00+00:00,7.55,7.56,7.35,7.51,22901,,,,,,,,,,,,#000000,,,,0,,,0.0,0.0,0.0,0.0,42.793173559409304,-38.59060402684554,False,False,False,True,False,
2022-01-14 00:00:00+00:00,7.55,7.55,7.55,7.55,693,,,,,,,,,,,,#000000,,,,0,,,0.0,0.0,0.0,0.0,46.715756519506094,-38.59060402684554,False,False,False,False,False,
2022-01-18 00:00:00+00:00,7.1,7.44,7.1,7.44,1446,,,,,,,,,,,,#000000,,,,0,,,0.0,0.0,0.0,0.0,39.635175126129184,-38.59060402684554,False,False,False,True,False,
2022-01-19 00:00:00+00:00,7.36,7.52,7.1201,7.1201,1080,,,,,,,,,,,,#000000,,,,0,,,0.0,0.0,0.0,0.0,41.201644867973855,-38.59060402684554,False,False,False,True,False,
2022-01-20 00:00:00+00:00,7.17,7.31,7.1,7.3,1389,,,,,,,,,,,,#000000,,,,0,,,0.0,0.0,0.0,0.0,39.74780087468689,-38.59060402684554,False,False,False,True,False,
2022-01-21 00:00:00+00:00,7.1,7.14,7.1,7.14,1293,,,,,,,,,,,,#000000,,,,0,,,0.0,0.0,0.0,0.0,37.99123976098633,-38.59060402684554,False,False,False,True,False,
2022-01-24 00:00:00+00:00,7.11,7.1822,7.1,7.13,6996,,,,,,,,,,,,#000000,,,,0,,,0.0,0.0,0.0,0.0,37.03805231947609,-38.59060402684554,False,False,False,True,False,
2022-01-25 00:00:00+00:00,7.11,7.12,7.08,7.12,6320,,,,,,,,,,,,#000000,,,,0,,,0.0,0.0,0.0,0.0,36.402594025135926,-38.59060402684554,False,False,False,True,False,
2022-01-26 00:00:00+00:00,7.1,7.5042,7.1,7.5042,8388,,,,,,,,,,,,#000000,,,,0,,,0.0,0.0,0.0,0.0,35.839301684102296,-38.59060402684554,False,False,False,True,False,
2022-01-27 00:00:00+00:00,7.1,7.17,6.5833,7.01,38346,,,,,,,,,,,,#000000,,,,0,,,0.0,0.0,0.0,0.0,35.46377345674654,-38.59060402684554,False,False,False,True,False,
2022-01-28 00:00:00+00:00,6.52,7.12,6.475,6.98,23322,,,,,,,,,,,,#000000,,,,0,,,0.0,0.0,0.0,0.0,29.94157203126241,-38.59060402684554,False,False,False,True,False,
2022-01-31 00:00:00+00:00,6.57,6.61,6.52,6.52,2952,,,,,,,,,,,,#000000,,,,0,,,0.0,0.0,0.0,0.0,27.37973712682861,-38.59060402684554,False,False,False,True,False,
2022-02-01 00:00:00+00:00,6.67,6.74,6.66,6.74,1721,,,,,,,,,,,,#000000,,,,0,,,0.0,0.0,0.0,0.0,27.835854675544574,-38.59060402684554,False,False,False,True,False,
2022-02-02 00:00:00+00:00,6.48,6.91,6.48,6.6,13474,,,,,,,,,,,,#000000,,,,0,,,0.0,0.0,0.0,0.0,26.716015149299782,-38.59060402684554,False,False,False,True,False,
2022-02-03 00:00:00+00:00,6.36,6.55,6.24,6.24,3622,,,,,,,,,,,,#000000,,,,0,,,0.0,0.0,0.0,0.0,25.206014353051863,-38.59060402684554,False,False,False,True,False,
2022-02-04 00:00:00+00:00,6.4,6.4419,6.09,6.33,11186,,,,,,,,,,,,#000000,,,,0,,,0.0,0.0,0.0,0.0,25.059761168992168,-38.59060402684554,False,False,False,True,False,
2022-02-07 00:00:00+00:00,6.5,6.5,6.23,6.5,13980,,,,,,,,,,,,#000000,,,,0,,,0.0,0.0,0.0,0.0,27.05866771782602,-35.503499148478454,False,False,False,True,False,
2022-02-08 00:00:00+00:00,6.595,6.6,6.34,6.59,4854,,,,,,,,,,,,#000000,,,,0,,,0.0,0.0,0.0,0.0,30.237587556113116,-31.38200146684111,False,False,False,True,True,
2022-02-09 00:00:00+00:00,6.65,6.65,6.65,6.65,570,,,,,,,,,,,,#000000,,,,0,,,0.0,0.0,0.0,0.0,33.38558058019919,-27.519006886242483,False,False,False,True,True,
2022-02-10 00:00:00+00:00,7.0,7.11,6.63,6.63,23150,,,,,,,,,,,,#000000,,,,0,,,0.0,0.0,0.0,0.0,40.593818851633316,-20.112021071337434,False,False,False,True,True,
2022-02-11 00:00:00+00:00,6.645,6.78,6.5663,6.7,10342,,,,,,,,,,,,#000000,,,,0,,,0.0,0.0,0.0,0.0,41.34867188261513,-18.984668889889,False,False,False,True,True,
2022-02-14 00:00:00+00:00,6.11,6.65,6.11,6.65,2836,,,,,,,,,,,,#000000,,,,0,,,0.0,0.0,0.0,0.0,38.02261087211343,-18.984668889889,False,False,False,True,True,
2022-02-15 00:00:00+00:00,6.24,6.285,6.09,6.16,2108,,,,,,,,,,,,#000000,,,,0,,,0.0,0.0,0.0,0.0,37.334652091671046,-18.984668889889,False,False,False,True,False,
2022-02-16 00:00:00+00:00,6.05,6.09,6.05,6.07,870,,,,,,,,,,,,#000000,,,,0,,,0.0,0.0,0.0,0.0,35.71273126239569,-18.984668889889,False,False,False,True,False,
2022-02-17 00:00:00+00:00,6.01,6.01,6.01,6.01,223,,,,,,,,,,,,#000000,,,,0,,,0.0,0.0,0.0,0.0,34.393550806671534,-18.984668889889,False,False,False,True,False,
2022-02-18 00:00:00+00:00,5.89,6.0,5.89,6.0,695,,,,,,,,,,,,#000000,,,,0,,,0.0,0.0,0.0,0.0,32.7982125458002,-18.984668889889,False,False,False,True,False,
2022-02-22 00:00:00+00:00,6.07,6.071,5.87,5.87,896,,,,,,,,,,,,#000000,,,,0,,,0.0,0.0,0.0,0.0,34.09020720912948,-18.984668889889,False,False,False,True,False,
2022-02-23 00:00:00+00:00,6.1,6.25,5.9,6.25,13652,,,,,,,,,,,,#000000,,,,0,,,0.0,0.0,0.0,0.0,35.333014144829306,-18.984668889889,False,False,False,True,False,
2022-02-24 00:00:00+00:00,5.5,5.5,5.5,5.5,3366,,,,,,,,,,,,#000000,,,,0,,,0.0,0.0,0.0,0.0,32.57532699870002,-18.984668889889,False,False,False,True,False,
2022-02-25 00:00:00+00:00,6.12,6.18,5.59,5.62,3604,,,,,,,,,,,,#000000,,,,0,,,0.0,0.0,0.0,0.0,36.67777889085265,-18.984668889889,False,False,False,True,True,
2022-02-28 00:00:00+00:00,5.65,6.05,5.4905,6.05,1104,,,,,,,,,,,,#000000,,,,0,,,0.0,0.0,0.0,0.0,36.88037951516035,-18.984668889889,False,False,False,True,True,
2022-03-01 00:00:00+00:00,5.925,5.925,5.925,5.925,232,,,,,,,,,,,,#000000,,,,0,,,0.0,0.0,0.0,0.0,39.06913170746306,-17.819341998433615,False,False,False,True,True,
2022-03-02 00:00:00+00:00,5.925,5.925,5.925,5.925,134,,,,,,,,,,,,#000000,,,,0,,,0.0,0.0,0.0,0.0,40.52829983566487,-16.17753002944619,False,False,False,True,True,
2022-03-03 00:00:00+00:00,5.535,6.0711,5.535,5.79,6445,,,,,,,,,,,,#000000,,,,0,,,0.0,0.0,0.0,0.0,39.41187100627575,-16.17753002944619,False,False,False,True,True,
2022-03-04 00:00:00+00:00,5.2,5.3,5.2,5.3,4466,,,,,,,,,,,,#000000,,,,0,,,0.0,0.0,0.0,0.0,37.18096389093186,-16.17753002944619,False,False,False,True,False,
2022-03-07 00:00:00+00:00,5.42,5.7,4.95,5.34,2144,,,,,,,,,,,,#000000,,,,0,,,0.0,0.0,0.0,0.0,37.48212585435559,-16.17753002944619,False,False,False,True,False,
2022-03-08 00:00:00+00:00,4.86,4.86,4.86,4.86,482,,,,,,,,,,,,#000000,,,,0,,,0.0,0.0,0.0,0.0,35.3657236939395,-16.17753002944619,False,False,False,True,False,
2022-03-09 00:00:00+00:00,4.7344,4.7344,4.7344,4.7344,266,,,,,,,,,,,4.7344,#000000,,4.7344,,0,,,0.0,0.0,0.0,0.0,33.507595101807766,-10.70179623617939,False,False,False,True,False,
2022-03-10 00:00:00+00:00,4.85,4.85,4.75,4.75,407,,,,,,,,,,,4.784151163942546,#000000,,4.784151163942546,,0,,,0.0,0.0,0.0,0.0,33.24716534106858,-11.189221253106489,False,False,False,True,False,
2022-03-11 00:00:00+00:00,4.85,4.85,4.85,4.85,421,,,,,,,,,,,4.809491529555149,#000000,,4.809491529555149,,0,,,0.0,0.0,0.0,0.0,33.07354550057579,-11.660553184961621,False,False,False,True,False,
2022-03-14 00:00:00+00:00,4.84,4.9,4.82,4.82,1915,,,,,,,,,,,4.837393508363797,#000000,,4.837393508363797,,0,,,0.0,0.0,0.0,0.0,32.910274199097735,-12.163238089053209,False,False,False,True,False,
2022-03-15 00:00:00+00:00,5.1,5.1,5.1,5.1,203,,,,,,,,,,,4.853990369447903,#000000,,4.853990369447903,,0,,,0.0,0.0,0.0,0.0,35.29118000437614,-12.163238089053209,False,False,False,True,True,0.0
2022-03-16 00:00:00+00:00,5.1,5.27,5.1,5.27,741,,,,,,,,,,,4.910727818534446,#000000,,4.910727818534446,,0,,,0.0,0.0,0.0,0.0,36.87845054122841,-12.163238089053209,False,False,False,True,True,0.0
2022-03-17 00:00:00+00:00,4.84,4.84,4.84,4.84,182,,,,,,,,,,,4.907614768238613,#000000,,4.907614768238613,,0,,,0.0,0.0,0.0,0.0,36.358380068525676,-12.163238089053209,True,False,False,True,True,0.0
2022-03-18 00:00:00+00:00,5.691,6.38,5.25,5.25,25063,,,,,,,,,,,5.651017012580769,#000000,,5.651017012580769,,0,,,0.0,0.0,0.0,0.0,42.44848466243884,-12.280182516886057,True,False,False,True,True,0.0
2022-03-21 00:00:00+00:00,6.01,6.01,5.4501,5.78,952,,,,,,,,,,,5.65645903150912,#000000,,5.65645903150912,,0,,,0.0,0.0,0.0,0.0,48.16625222763165,-7.092340087133955,True,False,False,False,True,0.0
2022-03-22 00:00:00+00:00,6.07,6.2,5.5001,6.01,9271,,,,,,,,,,,5.719230160743426,#000000,,5.719230160743426,,0,,,0.0,0.0,0.0,0.0,52.27670477345639,-3.546356810996059,True,False,True,False,True,0.0
2022-03-23 00:00:00+00:00,6.47,6.47,6.0,6.05,13381,,,,,,,,,,,5.8697868546645955,#000000,,5.8697868546645955,,0,,,0.0,0.0,0.0,0.0,56.85874236568303,0.4236034774972879,True,False,True,False,True,0.0
2022-03-24 00:00:00+00:00,6.63,6.95,6.45,6.8199,16053,,,,,,,,,,,6.0579045167380725,#000000,,6.0579045167380725,,0,,,0.0,0.0,0.0,0.0,60.57004254791992,3.5793288194048074,True,False,True,False,True,0.5990182650655314
2022-03-25 00:00:00+00:00,6.4,6.72,6.4,6.7,28702,,,,,,,,,,,6.18993370200669,#000000,,6.18993370200669,,0,,,0.0,0.0,0.0,0.0,61.14102243827777,3.9110976833517554,True,False,True,False,True,0.0
2022-03-28 00:00:00+00:00,6.47,6.47,6.4,6.4,555,,,,,,,,,,,6.191385989141661,#000000,,6.191385989141661,,0,,,0.0,0.0,0.0,0.0,61.865460281172105,4.60987818085637,True,False,True,False,True,0.0
2022-03-29 00:00:00+00:00,6.59,6.81,6.3,6.3,599,,,,,,,,,,,6.19366327460972,#000000,,6.19366327460972,,0,,,0.0,0.0,0.0,0.0,62.9480519950003,5.785980264798127,True,False,True,False,True,0.2301544017507915
2022-03-30 00:00:00+00:00,6.52,7.0,6.52,6.795,2315,,,,,,,,,,,6.442403814364619,#000000,,6.442403814364619,,0,,,1.0,0.0,7.0,95.0,63.00769480774827,6.104537037123805,True,False,True,False,True,0.0
2022-03-31 00:00:00+00:00,6.52,6.52,6.52,6.52,0,,,,,,,,,,,6.442403814364619,#000000,,6.442403814364619,,0,,,0.0,0.0,0.0,0.0,63.04745668291359,6.512541166027212,True,False,True,False,True,0.0
2022-04-01 00:00:00+00:00,6.22,6.52,6.22,6.52,540,,,,,,,,,,,6.4086645041496055,#000000,,6.4086645041496055,,0,,,0.0,0.0,0.0,0.0,60.19995042884398,6.512541166027212,True,False,True,False,True,0.0
2022-04-04 00:00:00+00:00,6.24,6.24,6.24,6.24,326,,,,,,,,,,,6.389662559084263,#000000,,6.389662559084263,,0,,,0.0,0.0,0.0,0.0,58.452000274228915,6.512541166027212,True,False,True,False,False,0.0
2022-04-05 00:00:00+00:00,6.5,6.5,6.38,6.46,2434,,,,,,,,,,,6.367967135581614,#000000,,6.367967135581614,,0,,,0.0,0.0,0.0,0.0,59.15147128883514,6.512541166027212,True,False,True,False,False,0.0
2022-04-06 00:00:00+00:00,6.5,6.5,6.5,6.5,57,,,,,,,,,,,6.367922977483634,#000000,,6.367922977483634,,0,,,0.0,0.0,0.0,0.0,59.61778529857262,6.512541166027212,True,False,True,False,False,0.0
2022-04-07 00:00:00+00:00,6.4,6.4,6.4,6.4,1615,,,,,,,,,,,6.355592660633288,#000000,,6.355592660633288,,0,,,0.0,0.0,0.0,0.0,58.825813981290004,6.512541166027212,True,False,True,False,False,0.0
2022-04-08 00:00:00+00:00,6.21,6.21,6.21,6.21,431,,,,,,,,,,,6.347578674467926,#000000,,6.347578674467926,,0,,,0.0,0.0,0.0,0.0,56.342164490061066,11.558864885059549,True,False,True,False,False,0.0
2022-04-11 00:00:00+00:00,6.1051,6.1051,5.95,5.95,322,,,,,,,,,,,6.338779507335875,#000000,,6.338779507335875,,0,,,0.0,0.0,0.0,0.0,53.68288917291551,8.87697970889522,True,False,True,False,False,0.0
2022-04-12 00:00:00+00:00,5.9,5.9,5.9,5.9,119,,,,,,,,,,,6.334494840413868,#000000,,6.334494840413868,,0,,,0.0,0.0,0.0,0.0,50.10565634464052,5.43786803265845,True,False,False,False,False,0.0
2022-04-13 00:00:00+00:00,6.1,6.9,5.86,5.89,4934,,,,,,,,,,,6.304323001336107,#000000,,6.304323001336107,,0,,,0.0,0.0,0.0,0.0,49.75913156251651,5.068020791070815,True,False,False,False,False,0.0
2022-04-14 00:00:00+00:00,5.9501,5.9501,5.9501,5.9501,210,,,,,,,,,,,6.3005867664474575,#000000,,6.3005867664474575,,0,,,0.0,0.0,0.0,0.0,48.20014000458073,3.47527989865344,True,False,False,True,False,0.0
2022-04-18 00:00:00+00:00,5.915,5.915,5.915,5.915,509,,,,,,,,,,,6.291248442545998,#000000,,6.291248442545998,,0,,,0.0,0.0,0.0,0.0,46.85297416821384,2.070409180425102,True,False,False,True,False,0.0
2022-04-19 00:00:00+00:00,6.07,6.07,5.67,5.67,1109,,,,,,,,,,,6.273879585087505,#000000,,6.273879585087505,,0,,,0.0,0.0,0.0,0.0,47.63944782428468,2.070409180425102,True,False,False,True,False,0.0
2022-04-20 00:00:00+00:00,5.74,6.24,5.74,5.92,633,,,,,,,,,,,6.26430747739775,"rgba(239, 83, 80, 0.5)",0.7658403120614492,6.26430747739775,-0.6846172356564079,0,,,0.0,0.0,0.0,0.0,45.29495502669465,0.36373216565593935,False,False,False,True,False,0.0
2022-04-21 00:00:00+00:00,6.066,6.07,5.99,5.99,847,,,,,,,,,,,6.256559857815709,#000000,0.753039102541665,6.256559857815709,-0.25305439939643243,0,,,0.0,0.0,0.0,0.0,46.893543702794204,0.36373216565593935,True,False,False,True,False,0.0
2022-04-22 00:00:00+00:00,5.8,6.15,5.79,6.15,1511,,,,,,,,,,,6.238174261968485,"rgba(239, 83, 80, 0.5)",0.7399144422489996,6.238174261968485,-0.5921958498831796,0,,,0.0,0.0,0.0,0.0,45.86610206638292,0.36373216565593935,False,False,False,True,False,0.0
2022-04-25 00:00:00+00:00,5.71,5.83,5.71,5.82,1723,,,,,,,,,,,6.212006411637459,"rgba(239, 83, 80, 0.5)",0.7289666190481466,6.212006411637459,-0.6886548691254991,0,,,0.0,0.0,0.0,0.0,44.53014098091155,-0.5805550253046832,False,False,False,True,False,0.0
2022-04-26 00:00:00+00:00,5.26,6.7155,5.26,6.32,15118,5.745166666666667,,,,,,,,,,5.969665124092849,"rgba(239, 83, 80, 0.5)",0.7233980655462353,5.969665124092849,-0.9810160655558063,0,,,0.0,0.0,0.0,193.0,40.892188028793775,-4.1052308457183315,False,False,False,True,False,0.0
2022-04-27 00:00:00+00:00,5.505,5.68,5.36,5.36,1989,5.718405603943806,,,,,,,,,,5.948602393531979,"rgba(239, 83, 80, 0.5)",0.7126199091690768,5.948602393531979,-0.6224950886500272,0,,,0.0,0.0,0.0,0.0,40.80100834713403,-4.2491081325976765,False,False,False,True,False,0.0
2022-04-28 00:00:00+00:00,5.385,6.04,5.38,6.04,1202,5.71074160249058,,,,,,,,,,5.9403825040140825,"rgba(239, 83, 80, 0.5)",0.7024492308851724,5.9403825040140825,-0.7906372156094932,0,,,0.0,0.0,0.0,0.0,40.01212446489228,-5.1463440149514526,False,True,False,True,False,0.0
2022-04-29 00:00:00+00:00,5.77,5.89,5.41,5.51,579,5.71010578144854,,,,,,,,,,5.938109384911626,#000000,0.6912909642737171,5.938109384911626,-0.24318180563555494,0,,,0.0,0.0,0.0,0.0,42.75966031748898,-5.1463440149514526,False,False,False,True,True,0.0
2022-05-02 00:00:00+00:00,5.86,5.915,5.4501,5.77,3646,5.715217724327684,,,,,,,,,,5.929794731082507,#000000,0.6757909038711264,5.929794731082507,-0.10327858910604149,0,,,0.0,0.0,0.0,0.0,45.270954507048785,-9.677414358660585,False,False,False,True,True,0.0
2022-05-03 00:00:00+00:00,6.045,6.47,6.045,6.47,427,5.723985142923509,,,,,,,,,,5.93356479704106,#000000,0.6552433816364553,5.93356479704106,0.17006688824636845,0,,,0.0,0.0,0.0,0.0,48.30051495412548,-6.823701102359898,False,False,False,False,True,0.0
2022-05-04 00:00:00+00:00,5.8957,5.8957,5.8957,5.8957,209,5.725534059847504,,,,,,,,,,5.933873337413772,#000000,0.6337801328138556,5.933873337413772,-0.06023119917673997,0,,,0.0,0.0,0.0,0.0,49.09347381334645,-6.076598917877206,True,False,False,False,True,0.0
2022-05-05 00:00:00+00:00,6.38,6.38,5.85,5.85,1945,5.762536631495123,,,,,,,,,,5.950180017866068,"rgba(38, 166, 154, 0.5)",0.6236939777091243,5.950180017866068,0.6891520481129118,0,,,0.0,0.0,0.0,0.0,52.82087964583095,-2.5480420196895537,True,False,True,False,True,0.4400650878457526
2022-05-06 00:00:00+00:00,5.81,6.12,5.8,5.91,3341,5.7798502073376445,,,,,,,,,,5.953053743804419,#000000,0.6062586961516166,5.953053743804419,-0.23596155356201826,0,,,0.0,0.0,0.0,0.0,51.26304066147007,-2.5480420196895537,True,False,False,False,True,0.0
2022-05-09 00:00:00+00:00,5.77,6.32,5.77,5.86,2794,5.795360986666667,,,,,,,,,,5.957048709270109,#000000,0.5931167876367818,5.957048709270109,-0.3153657309471668,0,,,0.0,0.0,0.0,0.0,49.97901379781973,-2.5480420196895537,True,False,False,False,False,0.0
2022-05-10 00:00:00+00:00,5.9,5.9,5.76,5.76,1577,5.798145962165291,,,,,,,,,,5.955987805946794,#000000,0.5802947801632231,5.955987805946794,-0.09648166390717097,0,,,0.0,0.0,0.0,0.0,50.03180494443557,-2.5480420196895537,True,False,False,False,False,0.0
2022-05-11 00:00:00+00:00,6.29,6.6,6.17,6.6,9097,5.91861489441211,,,,,,,,,,6.020188767092772,#000000,0.5672125376573356,6.020188767092772,0.4756792471858701,0,,,0.0,0.0,0.0,0.0,52.49516216760867,-2.5480420196895537,True,False,True,False,False,0.0
2022-05-12 00:00:00+00:00,6.16,6.22,6.01,6.01,1372,5.925313443120227,,,,,,,,,,6.023259841896034,#000000,0.552905139699664,6.023259841896034,0.2473121486594296,0,,,0.0,0.0,0.0,0.0,53.16422838771412,-2.0922065842715867,True,False,True,False,True,0.0
2022-05-13 00:00:00+00:00,6.48,6.48,6.0489,6.4,1559,5.939597871660536,,,,,,,,,,6.031250182273975,"rgba(38, 166, 154, 0.5)",0.5408071330224175,6.031250182273975,0.8297779195664277,0,,,0.0,0.0,0.0,0.0,55.44547866776066,0.22450534413859202,True,False,True,False,True,1.5283419435498722
2022-05-16 00:00:00+00:00,6.51,6.775,6.3872,6.3872,4140,5.991801174269484,,,,,,,,,,6.062870112555327,"rgba(38, 166, 154, 0.5)",0.5286899302380687,6.062870112555327,0.8457318020854502,0,,,0.0,0.0,0.0,0.0,57.130615855812266,1.9388676146501425,True,False,True,False,True,1.78124346229486
2022-05-17 00:00:00+00:00,6.8891,7.1724,6.81,6.81,1507,6.020608068987367,,,,,,,,,,6.081344734168365,"rgba(0, 255, 255, 0.75)",0.5353811117157391,6.081344734168365,1.5087481574443613,0,,,0.0,0.0,0.0,0.0,60.179831291160674,4.898492188793426,True,False,True,False,True,4.892957624282655
2022-05-18 00:00:00+00:00,6.62,7.3,6.61,7.24,1755,6.048238488623533,,,,,,,,,,6.09917632182169,"rgba(38, 166, 154, 0.5)",0.536139545509803,6.09917632182169,0.9714330579421641,0,,,0.0,0.0,0.0,0.0,59.94810523040002,4.898492188793426,True,False,True,False,True,2.5070565686862096
2022-05-19 00:00:00+00:00,7.05,7.25,7.0,7.24,3747,6.118607576244554,,,,,,,,,,6.145988225558209,"rgba(0, 255, 255, 0.75)",0.5443474453586306,6.145988225558209,1.6607256673101576,0,,,0.0,0.0,0.0,0.0,61.85534968047261,6.670406542977901,True,False,True,False,True,5.873099841463155
2022-05-20 00:00:00+00:00,7.42,7.4907,7.1,7.1,12986,6.347926976373388,,,,,,,,,,6.3074732126533215,"rgba(0, 255, 255, 0.75)",0.5659637800845265,6.3074732126533215,1.9657208225949068,0,,,0.0,0.0,0.0,0.0,64.57161697733868,9.326023931298167,True,False,True,False,True,8.580945116346474
2022-05-23 00:00:00+00:00,7.0,7.39,6.8,7.285,19089,6.502974058515651,,,,,,,,,,6.427978529394797,"rgba(38, 166, 154, 0.5)",0.5760239077933731,6.427978529394797,0.9930516127299257,0,,,0.0,0.0,0.0,0.0,63.20477418128025,9.326023931298167,True,False,True,False,True,4.953221272198366
2022-05-24 00:00:00+00:00,7.05,7.45,7.0,7.45,29954,6.671403636553619,,,,,,,,,,6.571329302556286,"rgba(38, 166, 154, 0.5)",0.5866097955706657,6.571329302556286,0.8159950635976905,0,,,0.0,0.0,0.0,0.0,62.52440059376694,9.326023931298167,True,False,True,False,True,5.320610078165906
2022-05-25 00:00:00+00:00,7.0,7.0,6.975,6.975,340,6.672323520566345,,,,,,,,,,6.5722177981861565,"rgba(38, 166, 154, 0.5)",0.5948214873464205,6.5722177981861565,0.7191774522508225,0,,,0.0,0.0,0.0,0.0,61.685321988468324,9.326023931298167,True,False,True,False,False,4.893026958328253
2022-05-26 00:00:00+00:00,7.0496,7.35,7.0,7.11,12590,6.716629430449822,,,,,,,,,,6.613344851573295,"rgba(38, 166, 154, 0.5)",0.6028626480654041,6.613344851573295,0.7236393726276699,7,0.281187674207735,1.968313719454145,0.0,0.0,0.0,0.0,61.395426991270455,9.326023931298167,True,False,True,False,False,5.2687833635018
2022-05-27 00:00:00+00:00,7.35,7.35,7.27,7.35,1937,6.725472059944821,,,,,,,,,,6.621322511597898,"rgba(38, 166, 154, 1.0)",0.6176481573730348,6.621322511597898,1.1797614543226251,7,0.2828267313805625,1.9797871196639376,0.0,0.0,0.0,0.0,62.7524541401122,9.326023931298167,True,False,True,False,False,7.504477141564749
2022-05-31 00:00:00+00:00,7.78,8.5,7.45,7.49,15697,6.8505993173931286,,,,,,,,,,7.024966653294291,"rgba(38, 166, 154, 1.0)",0.6400086932123551,7.024966653294291,1.179723579872046,7,0.28074575450332157,1.965220281523251,0.0,0.0,0.0,0.0,65.46969744756623,10.816196392637423,True,False,True,False,True,10.523915599185372
2022-06-01 00:00:00+00:00,7.3094,7.91,7.1,7.61,3033,6.862384885356899,,,,,,,,,,7.0142759552181175,#000000,0.6526712347667016,7.0142759552181175,0.45217872193704867,7,0.2819117439403105,1.9733822075821734,0.0,0.0,0.0,0.0,63.51491080448715,10.816196392637423,True,False,True,False,True,6.454574567108729
2022-06-02 00:00:00+00:00,7.45,7.95,7.38,7.38,2273,6.873180294297923,,,,,,,,,,7.015232687441484,"rgba(38, 166, 154, 0.5)",0.6718386079307332,7.015232687441484,0.6471305867604151,7,0.28226823650214056,1.975877655514984,0.0,0.0,0.0,0.0,62.8817930088541,10.816196392637423,True,False,True,False,False,7.434668599131456
2022-06-03 00:00:00+00:00,7.54,8.0735,7.49,7.49,1662,6.8820262001949875,,,,,,,,,,7.01932694968192,"rgba(38, 166, 154, 0.5)",0.6922738937264169,7.01932694968192,0.7521200135330355,7,0.28199544793714043,1.973968135559983,0.0,0.0,0.0,0.0,62.89287226534312,10.816196392637423,True,False,True,False,False,8.05985144534204
2022-06-06 00:00:00+00:00,6.9,7.51,6.5,7.51,9459,6.8870687647453295,,,,,,,,,,6.964754746002033,#000000,0.6982884182816622,6.964754746002033,-0.09273352429556238,7,0.28386341046835595,1.9870438732784916,0.0,0.0,0.0,0.0,58.509409415875375,13.074895389498963,True,False,True,False,False,2.833923086557377
2022-06-07 00:00:00+00:00,6.925,7.3,6.89,6.89,905,6.887893782883039,,,,,,,,,,6.962037020834661,#000000,0.7043673714938992,6.962037020834661,-0.0525819655105669,7,0.2864427317639504,2.005099122347653,0.0,0.0,0.0,0.0,55.73646907522348,10.491986578826285,True,False,True,False,False,3.01445399345781
2022-06-08 00:00:00+00:00,6.925,6.925,6.925,6.925,67,6.887908759849635,,,,,,,,,,6.96175754381521,#000000,0.7097438262430252,6.96175754381521,-0.05178987467884518,7,0.28998241248850526,2.0298768874195368,0.0,0.0,0.0,0.0,53.887842181455554,8.797280558035617,False,False,False,False,False,3.01445399345781
2022-06-09 00:00:00+00:00,6.64,6.87,6.1608,6.3798,2897,6.882231580744416,,,,,,,,,,6.939439629666186,#000000,0.7120040619936764,6.939439629666186,-0.4205588783127557,7,0.29459771177197874,2.0621839824038513,0.0,0.0,0.0,0.0,50.82313538477472,5.958482201296285,False,True,False,False,False,0.7646846886350005
2022-06-10 00:00:00+00:00,6.19,6.59,6.0,6.59,1303,6.87746785098749,,,,,,,,,,6.926423598903869,"rgba(239, 83, 80, 1.0)",0.7119941454916704,6.926423598903869,-1.0343113122023337,7,0.2968031266029438,2.0776218862206064,0.0,0.0,0.0,0.0,46.399039488548894,1.9172933014786082,False,True,False,True,False,0.0
2022-06-13 00:00:00+00:00,5.736,5.9,5.736,5.9,1917,6.865363025260537,,,,,,,,,,6.899613654288815,"rgba(255, 0, 0, 1.0)",0.709593804126032,6.899613654288815,-1.6398306291892928,8,0.27501514160318685,2.200121132825495,0.0,0.0,0.0,0.0,41.56403738194619,-2.4021691546495916,False,True,False,True,False,0.0
2022-06-14 00:00:00+00:00,5.736,5.736,5.736,5.736,135,6.864477882858825,,,,,,,,,,6.897730277156301,"rgba(255, 0, 0, 1.0)",0.7112299491611579,6.897730277156301,-1.6334102332536393,8,0.27691638485482434,2.2153310788385947,0.0,0.0,0.0,0.0,38.340702644211056,-5.166484392060731,False,True,False,True,False,0.0
2022-06-15 00:00:00+00:00,5.5,6.05,5.1,5.91,12211,6.777460771047588,,,,,,,,,,6.5029173322237925,"rgba(239, 83, 80, 1.0)",0.7128623744511332,6.5029173322237925,-1.4068877362141416,8,0.27768086623551,2.22144692988408,0.0,0.0,0.0,0.0,35.27164785570627,-7.841376988624241,False,True,False,True,False,0.0
2022-06-16 00:00:00+00:00,5.4,5.75,5.4,5.48,1327,6.7684553897136155,,,,,,,,,,6.491000026292221,"rgba(255, 0, 0, 1.0)",0.7176377182379959,6.491000026292221,-1.520265725401022,8,0.27819529893659056,2.2255623914927245,0.0,0.0,0.0,0.0,32.84903414470602,-9.979687344739403,False,True,False,True,False,0.0
2022-06-17 00:00:00+00:00,5.5,5.5,5.5,5.5,317,6.766294756308785,,,,,,,,,,6.488120887783742,"rgba(239, 83, 80, 1.0)",0.7210317501524655,6.488120887783742,-1.370426319749164,8,0.27936973075777854,2.2349578460622284,0.0,0.0,0.0,0.0,32.21575638956381,-10.561961249131635,False,True,False,True,False,0.0
2022-06-21 00:00:00+00:00,5.5,5.5,5.5,5.5,159,6.765213801168964,,,,,,,,,,6.486688918919569,"rgba(239, 83, 80, 1.0)",0.7214363891895433,6.486688918919569,-1.3676727895968879,8,0.2806670217143861,2.245336173715089,0.0,0.0,0.0,0.0,31.793571219469,-11.114163935400626,False,True,False,True,False,0.0
2022-06-22 00:00:00+00:00,5.5,5.5,5.5,5.5,6,6.76517304654226,,,,,,,,,,6.486635038638563,"rgba(239, 83, 80, 1.0)",0.7170042322415202,6.486635038638563,-1.3760519035628493,8,0.282152110593446,2.257216884747568,0.0,0.0,0.0,0.0,31.5121144394058,-11.6594632823887,False,True,False,True,False,0.0
2022-06-23 00:00:00+00:00,5.402,5.48,5.4,5.48,2176,6.74972474775884,,,,,,,,,,6.464847167369273,"rgba(239, 83, 80, 1.0)",0.7172508847306125,6.464847167369273,-1.4818345853535762,8,0.280796126154665,2.24636900923732,0.0,0.0,0.0,0.0,30.801853902040634,-12.68343784306586,False,True,False,True,False,0.0
2022-06-24 00:00:00+00:00,6.22,6.22,5.5,5.97,2740,6.738693250306861,,,,,,,,,,6.465042518096318,#000000,0.7015218267799287,6.465042518096318,-0.3493013456489212,8,0.2813858524794235,2.251086819835388,0.0,0.0,0.0,0.0,37.801438324771134,-18.89774755319177,False,True,False,True,True,0.0
2022-06-27 00:00:00+00:00,6.22,6.22,6.22,6.22,31,6.738609159148953,,,,,,,,,,6.465151707760048,#000000,0.6815223900269953,6.465151707760048,-0.3597118911241319,8,0.28231078492080675,2.258486279366454,0.0,0.0,0.0,0.0,42.467827939924796,-14.562244703155685,False,True,False,True,True,0.0
2022-06-28 00:00:00+00:00,6.61,6.61,6.1001,6.21,3849,6.732717665313267,,,,,,,,,,6.479399287624005,#000000,0.6653566764126191,6.479399287624005,0.19628676919596016,8,0.2819552291160753,2.2556418329286023,0.0,0.0,0.0,0.0,48.06578126183662,-9.465290171538157,False,False,False,False,True,1.7187095253584879
2022-06-29 00:00:00+00:00,6.4,6.4,6.31,6.4,804,6.731228779926619,,,,,,,,,,6.479649457461502,#000000,0.6466847210723851,6.479649457461502,-0.12316582542636888,9,0.2726798019242323,2.454118217318091,0.0,0.0,0.0,0.0,50.13868978327541,-7.703843424774334,False,False,False,False,True,0.12953506527497538
2022-06-30 00:00:00+00:00,6.3,6.34,5.98,5.98,15416,6.692954942163157,,,,,,,,,,6.448932152246068,#000000,0.6262293082302094,6.448932152246068,-0.23782366984222852,10,0.25767938484999353,2.5767938484999355,0.0,0.0,0.0,0.0,50.75812870226655,-7.134469170110911,False,False,False,False,True,0.0
2022-07-01 00:00:00+00:00,6.6,6.6,6.1,6.39,1933,6.690601243490592,,,,,,,,,,6.453813428539777,#000000,0.6131583372070273,6.453813428539777,0.23841569557075737,10,0.2574274400815509,2.5742744008155087,0.0,0.0,0.0,0.0,53.124527792897155,-4.780798301916626,True,False,True,False,True,1.6193473060174988
2022-07-05 00:00:00+00:00,6.46,6.46,5.955,6.15,3853,6.683520140968353,,,,,,,,,,6.453838678921959,#000000,0.5983321357613052,6.453838678921959,0.010297493164397048,11,0.25458328933115654,2.800416182642722,0.0,0.0,0.0,0.0,53.564783960388965,-4.166476800218412,True,False,True,False,True,0.5543204009652634
2022-07-06 00:00:00+00:00,6.5,6.5,6.41,6.41,660,6.682872902218345,,,,,,,,,,6.455414457603862,#000000,0.5746642204855864,6.455414457603862,0.07758538083067694,11,0.2549822123848488,2.804804336233337,0.0,0.0,0.0,0.0,54.13460999545674,-3.3085003204127474,True,False,True,False,True,0.854797285720025
2022-07-07 00:00:00+00:00,6.5,6.5,6.49,6.49,2060,6.681127668835405,,,,,,,,,,6.460637068391222,#000000,0.5706597867839057,6.460637068391222,0.06897793137066442,11,0.25687132573068694,2.825584583037556,0.0,0.0,0.0,0.0,54.514494018835265,-2.5534157591403,True,False,True,False,True,0.854797285720025
2022-07-08 00:00:00+00:00,6.395,6.395,6.33,6.395,1627,6.6788659572962645,,,,,,,,,,6.461765963772005,#000000,0.5696494586724069,6.461765963772005,-0.11720534928200671,11,0.2574811391147747,2.8322925302625217,0.0,0.0,0.0,0.0,53.76101143438808,-2.5534157591403,True,False,True,False,True,0.027108756759801622
2022-07-11 00:00:00+00:00,6.395,6.395,6.395,6.395,18,6.678842882410943,,,,,,,,,,6.461782482116057,#000000,0.5689902478620901,6.461782482116057,-0.11737016999321877,12,0.24439112852104072,2.9326935422524887,0.0,0.0,0.0,0.0,53.25868971142329,-2.5534157591403,True,False,True,False,True,0.027108756759801622
2022-07-12 00:00:00+00:00,6.395,6.395,6.395,6.395,12,6.678827501238071,,,,,,,,,,6.461793481363386,#000000,0.5687891448958496,6.461793481363386,-0.11743100578267299,12,0.2442179367369869,2.930615240843843,0.0,0.0,0.0,0.0,52.923808562780096,-2.5534157591403,True,False,True,False,True,0.027108756759801622
2022-07-13 00:00:00+00:00,6.395,6.395,6.395,6.395,18,6.6788044326041005,,,,,,,,,,6.4618099607878285,#000000,0.5676996711083926,6.4618099607878285,-0.11768539632476333,12,0.2440298198148179,2.9283578377778148,0.0,0.0,0.0,0.0,52.70055446368464,-2.5534157591403,True,False,True,False,True,0.027108756759801622
2022-07-14 00:00:00+00:00,6.395,6.395,6.395,6.395,4,6.678799306750233,,,,,,,,,,6.461813619716136,#000000,0.5676899653479506,6.461813619716136,-0.11769385367801105,12,0.24387341924580633,2.926481030949676,0.0,0.0,0.0,0.0,52.551718397621,-2.3773271661184268,True,False,True,False,True,0.027108756759801622
2022-07-15 00:00:00+00:00,6.395,6.395,6.395,6.395,86,6.678689145659846,,,,,,,,,,6.4618920090604455,#000000,0.5674809005001251,6.4618920090604455,-0.11787534875886303,12,0.24385803484448546,2.9262964181338256,0.0,0.0,0.0,0.0,52.45249435357857,-2.037932027863306,True,False,True,False,True,0.027108756759801622
2022-07-18 00:00:00+00:00,5.92,6.08,5.92,6.08,465,6.677211844278296,,,,,,,,,,6.390342711155699,"rgba(239, 83, 80, 0.5)",0.5683649596759004,6.390342711155699,-0.8275364326187588,12,0.2437323120917385,2.924787745100862,0.0,0.0,0.0,0.0,47.08183491439472,1.5904855285774602,False,False,False,True,False,0.0
2022-07-19 00:00:00+00:00,6.15,6.23,6.0,6.0,11640,6.64978590116694,,,,,,,,,,6.390404805489109,#000000,0.5680879574391521,6.390404805489109,-0.42318236523233954,12,0.2437362495774904,2.924834994929885,0.0,0.0,0.0,0.0,46.46302899116593,0.9106621879604759,False,True,False,True,False,0.0
2022-07-20 00:00:00+00:00,6.35,6.5,6.15,6.15,605,6.648968648041039,,,,,,,,,,6.391978033805003,#000000,0.5675414430238112,6.391978033805003,-0.07396470217460815,12,0.24482109442713643,2.9378531331256372,0.0,0.0,0.0,0.0,48.20089674347568,0.9106621879604759,False,False,False,False,False,0.0
2022-07-21 00:00:00+00:00,6.675,6.675,6.6,6.6,589,6.64897123461101,,,,,,,,,,6.3969693849983456,#000000,0.5691175272470707,6.3969693849983456,0.4885293488438865,12,0.24401590298489384,2.928190835818726,0.0,0.0,0.0,0.0,52.16084110936771,-2.458081650665676,False,False,False,False,True,2.4239452437615334
2022-07-22 00:00:00+00:00,6.91,7.0,6.91,7.0,326,6.649374650622222,,,,,,,,,,6.401387805356572,"rgba(38, 166, 154, 0.5)",0.5733286334921556,6.401387805356572,0.8871215650707368,13,0.2572155511599323,3.3438021650791194,0.0,0.0,0.0,0.0,56.41778488230107,1.438818951438364,True,False,True,False,True,4.265225613658529
2022-07-25 00:00:00+00:00,6.925,7.0,6.9,6.9973,1652,6.651413506902223,,,,,,,,,,6.421779401440711,"rgba(38, 166, 154, 0.5)",0.5772806875794935,6.421779401440711,0.8717087014798046,13,0.25567525879277786,3.3237783643061123,0.0,0.0,0.0,0.0,59.35463996842397,4.019210743165729,True,False,True,False,True,4.381917271618185
2022-07-26 00:00:00+00:00,6.85,6.85,6.85,6.85,215,6.651593623486765,,,,,,,,,,6.423868947281137,"rgba(38, 166, 154, 0.5)",0.5801673891726938,6.423868947281137,0.7344967343416468,13,0.2545323678764935,3.308920782394416,0.0,0.0,0.0,0.0,60.34583375040545,4.8284674562423575,True,False,True,False,True,3.7193465412219204
2022-07-27 00:00:00+00:00,6.85,6.85,6.85,6.85,85,6.651664742281376,,,,,,,,,,6.42468430270564,"rgba(38, 166, 154, 0.5)",0.583281290908876,6.42468430270564,0.729177677946137,13,0.2545227908378219,3.308796280891685,0.0,0.0,0.0,0.0,61.00662960505977,5.461111977773875,True,False,True,False,True,3.7193465412219204
2022-07-28 00:00:00+00:00,6.8,6.91,6.5,6.5,516,6.6518493051347685,,,,,,,,,,6.428511540445031,"rgba(38, 166, 154, 0.5)",0.585613328597148,6.428511540445031,0.6343579311025568,13,0.256493866749787,3.334420267747231,0.0,0.0,0.0,0.0,60.7278185650001,5.461111977773875,True,False,True,False,True,3.265885734062696
2022-07-29 00:00:00+00:00,6.8,6.8,6.8,6.8,76,6.6518966686858185,,,,,,,,,,6.429143072650244,"rgba(38, 166, 154, 0.5)",0.5873734650072263,6.429143072650244,0.6313818199894226,13,0.25742418377401893,3.346514389062246,0.0,0.0,0.0,0.0,60.54194453829365,5.461111977773875,True,False,True,False,True,3.265885734062696
2022-08-01 00:00:00+00:00,6.77,6.77,6.77,6.77,410,6.6521000095184535,,,,,,,,,,6.432277016129107,"rgba(38, 166, 154, 0.5)",0.5870120283679453,6.432277016129107,0.5753254917277509,14,0.25099232224140466,3.513892511379665,0.0,0.0,0.0,0.0,59.92623056797191,5.461111977773875,True,False,True,False,True,2.9852326960167197
2022-08-02 00:00:00+00:00,7.0,7.0,6.98,6.98,691,6.653087310792424,,,,,,,,,,6.439850253733085,"rgba(38, 166, 154, 0.5)",0.5908356128811545,6.439850253733085,0.9480636137273398,14,0.2566750718989398,3.5934510065851573,0.0,0.0,0.0,0.0,61.87502754901158,7.038567304364413,True,False,True,False,True,4.95032904380065
2022-08-03 00:00:00+00:00,6.6,7.1,6.6,7.1,620,6.653381404219482,,,,,,,,,,6.444075847479202,#000000,0.5893452889099575,6.444075847479202,0.2645718146134535,14,0.2633512119403742,3.6869169671652386,0.0,0.0,0.0,0.0,57.76159739281441,7.038567304364413,True,False,True,False,False,1.2575670963482821
2022-08-04 00:00:00+00:00,7.5199,7.5199,6.93,7.0291,2357,6.659911207792605,,,,,,,,,,6.4779524503870975,"rgba(0, 255, 255, 0.75)",0.601266859636633,6.4779524503870975,1.7329203047089414,14,0.2655859723494309,3.718203612892032,0.0,0.0,0.0,0.0,61.48626061579244,7.038567304364413,True,False,True,False,True,8.468821612378143
2022-08-05 00:00:00+00:00,7.5199,7.5199,7.5199,7.5199,150,6.6604443644469455,,,,,,,,,,6.480374928334544,"rgba(0, 255, 255, 0.75)",0.6136642957962736,6.480374928334544,1.6939637498652216,14,0.26853158123017323,3.7594421372224254,0.0,0.0,0.0,0.0,63.969369431111126,8.540452863300814,True,False,True,False,True,8.468821612378143
2022-08-08 00:00:00+00:00,7.5199,7.5199,7.5199,7.5199,97,6.660788787256577,,,,,,,,,,6.481929850776424,"rgba(0, 255, 255, 0.75)",0.6213701384190589,6.481929850776424,1.6704538648485192,14,0.26931747273956813,3.7704446183539537,0.0,0.0,0.0,0.0,65.62477530799025,10.045353303714109,True,False,True,False,True,8.468821612378143
2022-08-09 00:00:00+00:00,7.44,7.44,7.44,7.44,331,6.661852896966199,,,,,,,,,,6.486784618688565,"rgba(0, 255, 255, 0.75)",0.6302667614118184,6.486784618688565,1.512399891081359,14,0.271244886628998,3.7974284128059717,0.0,0.0,0.0,0.0,65.75058036374561,10.21114088517404,True,False,True,False,True,7.722297425598001
2022-08-10 00:00:00+00:00,7.31,7.54,7.31,7.54,1037,6.6649407333916715,,,,,,,,,,6.500627415491813,"rgba(38, 166, 154, 1.0)",0.6329364295676743,6.500627415491813,1.27875809749334,13,0.2901282446530471,3.7716671804896125,0.0,0.0,0.0,0.0,64.27749007951064,10.21114088517404,True,False,True,False,True,6.511946347269216
2022-08-11 00:00:00+00:00,7.31,7.31,7.31,7.31,0,6.6649407333916715,,,,,,,,,,6.500627415491813,"rgba(38, 166, 154, 1.0)",0.6335134842169395,6.500627415491813,1.2775933025460686,13,0.2890011385288669,3.7570148008752695,0.0,0.0,0.0,0.0,63.295429890020664,10.21114088517404,True,False,True,False,True,6.511946347269216
2022-08-12 00:00:00+00:00,7.31,7.31,7.31,7.31,0,6.6649407333916715,,,,,,,,,,6.500627415491813,"rgba(38, 166, 154, 1.0)",0.6232666135945545,6.500627415491813,1.2985976897435696,13,0.28649854895967974,3.724481136475837,0.0,0.0,0.0,0.0,62.64072309702733,10.21114088517404,True,False,True,False,False,6.511946347269216
2022-08-15 00:00:00+00:00,6.91,7.99,6.91,7.18,15700,6.701601510128631,,,,,,,,,,6.709108553843964,#000000,0.6130395887602933,6.709108553843964,0.32769734587987154,13,0.2861870092800615,3.7204311206407996,0.0,0.0,0.0,0.0,57.610521594589365,12.963374701834965,True,False,True,False,False,2.7909743876448303
2022-08-16 00:00:00+00:00,7.0,7.0,6.955,7.0,804,6.702478131816977,,,,,,,,,,6.709608278185666,#000000,0.5997920221375257,6.709608278185666,0.4841540252226805,13,0.28493474365808596,3.7041516675551174,0.0,0.0,0.0,0.0,55.17813543204791,10.692952573130441,True,False,True,False,False,3.539928180862365
2022-08-17 00:00:00+00:00,7.0,7.0,7.0,7.0,21,6.702502167791279,,,,,,,,,,6.7096280979951,#000000,0.5943756747990242,6.7096280979951,0.48853261382724456,13,0.2838401200699095,3.6899215609088234,0.0,0.0,0.0,0.0,53.55654465702027,9.16578002115623,True,False,False,False,False,3.539928180862365
2022-08-18 00:00:00+00:00,7.0,7.0,7.0,7.0,40,6.702547939857377,,,,,,,,,,6.709666042486477,#000000,0.5900740307043807,6.709666042486477,0.49202971560525527,13,0.28267404806574103,3.6747626248546332,0.0,0.0,0.0,0.0,52.47548414033517,8.084563997867107,False,False,False,False,False,3.539928180862365
2022-08-19 00:00:00+00:00,6.97,6.9701,6.97,6.9701,556,6.7031187659125875,,,,,,,,,,6.709952400433209,#000000,0.5879171101255527,6.709952400433209,0.442320175902444,13,0.28165493062463126,3.6615140981202066,0.0,0.0,0.0,0.0,51.37172370050089,6.9168678301681155,False,False,False,False,False,3.2524782828413414
2022-08-22 00:00:00+00:00,6.97,6.97,6.97,6.97,2,6.7031208145902115,,,,,,,,,,6.709953528045565,#000000,0.5832161849049956,6.709953528045565,0.445883496866253,13,0.28071944469438065,3.6493527810269484,0.0,0.0,0.0,0.0,50.63588340727804,6.043915968983697,False,False,False,False,False,3.2524782828413414
2022-08-23 00:00:00+00:00,6.97,6.97,6.97,6.97,29,6.703150516881646,,,,,,,,,,6.709969954423349,#000000,0.5837824602175545,6.709969954423349,0.44542284720192976,13,0.2797622622901984,3.636909409772579,0.0,0.0,0.0,0.0,50.14532321179613,5.348796296437925,False,False,False,False,False,3.2524782828413414
2022-08-24 00:00:00+00:00,6.97,6.97,6.97,6.97,95,6.703247771204821,,,,,,,,,,6.710024751500194,#000000,0.5768885018444756,6.710024751500194,0.4506507716284709,13,0.2788305951927735,3.6247977375060554,0.0,0.0,0.0,0.0,49.81828308147487,4.762413398886807,False,False,False,False,False,3.2524782828413414
2022-08-25 00:00:00+00:00,6.97,6.97,6.97,6.97,17,6.703265167132754,,,,,,,,,,6.710034715075372,#000000,0.5686509381917079,6.710034715075372,0.45716144556326516,12,0.2752813815995379,3.303376579194455,0.0,0.0,0.0,0.0,49.600256327927355,4.245119444297195,False,False,False,False,False,3.2524782828413414
2022-08-26 00:00:00+00:00,6.27,6.4091,6.27,6.4091,370,6.702716797484017,,,,,,,,,,6.706470893401035,"rgba(239, 83, 80, 0.5)",0.5634710724662887,6.706470893401035,-0.77461100441345,12,0.2753356005723734,3.3040272068684806,0.0,0.0,0.0,0.0,41.88570221344269,-3.1634035812699253,False,True,False,True,False,0.0
2022-08-29 00:00:00+00:00,6.39,6.7117,6.21,6.7117,24206,6.680188716724452,,,,,,,,,,6.615727488693448,#000000,0.5626681441998477,6.615727488693448,-0.40117339326975443,12,0.31741936878947574,3.809032425473709,0.0,0.0,0.0,0.0,38.70671765014778,-6.002476013799949,False,True,False,True,False,0.0
2022-08-30 00:00:00+00:00,6.25,6.34,6.15,6.29,8955,6.666993503890619,,,,,,,,,,6.586019693220681,"rgba(239, 83, 80, 0.5)",0.5616495285582754,6.586019693220681,-0.5982729017564137,12,0.31716879022385674,3.806025482686281,0.0,0.0,0.0,0.0,35.582079565453,-8.777644343296004,False,True,False,True,False,0.0
2022-08-31 00:00:00+00:00,6.1,6.23,6.08,6.08,1212,6.6648177966809286,,,,,,,,,,6.581436561987805,"rgba(239, 83, 80, 0.5)",0.5651485236914575,6.581436561987805,-0.8518761737943513,12,0.31654689905238126,3.7985627886285753,0.0,0.0,0.0,0.0,32.53098198907247,-11.48847079418045,False,True,False,True,False,0.0
2022-09-01 00:00:00+00:00,6.2,6.2,6.0,6.0,3296,6.658953533186038,,,,,,,,,,6.569549924366935,"rgba(239, 83, 80, 0.5)",0.5674734354635114,6.569549924366935,-0.6512197774774908,11,0.32459001398694143,3.5704901538563556,0.0,0.0,0.0,0.0,32.156867350946726,-11.761236131333078,False,True,False,True,False,0.0
2022-09-02 00:00:00+00:00,5.885,6.2,5.885,6.2,682,6.657429741395625,,,,,,,,,,6.566437426222148,"rgba(239, 83, 80, 1.0)",0.5739753965534165,6.566437426222148,-1.1872241045766336,11,0.32362892196107323,3.5599181415718055,0.0,0.0,0.0,0.0,29.91845490921536,-13.911674313847733,False,True,False,True,False,0.0
2022-09-06 00:00:00+00:00,6.2,6.2,6.0,6.0,7337,6.644893691705325,,,,,,,,,,6.543351591511131,"rgba(239, 83, 80, 0.5)",0.5763539191963355,6.543351591511131,-0.595730470593309,11,0.3247935765721822,3.5727293422940045,0.0,0.0,0.0,0.0,32.72210819332405,-13.911674313847733,False,True,False,True,False,0.0
2022-09-07 00:00:00+00:00,5.55,6.15,5.55,6.15,18492,6.5940117827021405,,,,,,,,,,6.3757787727918975,"rgba(239, 83, 80, 1.0)",0.5881293313916983,6.3757787727918975,-1.4040768394221155,11,0.3215868884731379,3.537455773204517,-1.0,0.0,5.55,191.0,30.99090923825956,-13.911674313847733,False,True,False,True,False,0.0
2022-09-08 00:00:00+00:00,6.0,6.0,5.61,5.61,1407,6.590893086842314,,,,,,,,,,6.372535402795015,"rgba(239, 83, 80, 0.5)",0.5851451319101961,6.372535402795015,-0.6366547074891998,11,0.32180722267255873,3.5398794493981462,0.0,0.0,0.0,0.0,34.10487233030098,-13.911674313847733,False,True,False,True,True,0.0
2022-09-09 00:00:00+00:00,6.15,6.15,6.1,6.1,1013,6.589478447392703,,,,,,,,,,6.373027185324132,#000000,0.5857069911246192,6.373027185324132,-0.38078286362246677,11,0.32273462068876824,3.5500808275764504,0.0,0.0,0.0,0.0,37.39092483310459,-19.257276205062354,False,True,False,True,True,0.0
2022-09-12 00:00:00+00:00,6.15,6.2,6.15,6.2,5824,6.58209421825724,,,,,,,,,,6.375102948324192,#000000,0.5855402111825576,6.375102948324192,-0.3844363615430837,11,0.3229983620983702,3.552981983082072,0.0,0.0,0.0,0.0,39.58162650164033,-17.18838178118677,False,True,False,True,True,0.0
2022-09-13 00:00:00+00:00,6.15,6.15,6.15,6.15,35,6.582048872397629,,,,,,,,,,6.375099317405639,#000000,0.5856442238507369,6.375099317405639,-0.3843618842948067,11,0.3249777212237369,3.574754933461106,0.0,0.0,0.0,0.0,41.04209428066416,-15.746152229128171,False,True,False,True,True,0.0
2022-09-14 00:00:00+00:00,6.15,6.15,6.15,6.15,222,6.5817614715799895,,,,,,,,,,6.375074250735331,#000000,0.5849970217280024,6.375074250735331,-0.38474426770668246,11,0.3252657431980406,3.577923175178446,0.0,0.0,0.0,0.0,42.015739466680046,-14.677747174289678,False,True,False,True,True,0.0
2022-09-15 00:00:00+00:00,5.795,5.795,5.795,5.795,611,6.580323692834404,,,,,,,,,,6.3730058432120416,"rgba(239, 83, 80, 0.5)",0.5842700615297708,6.3730058432120416,-0.9892785567322621,11,0.32523452290582083,3.5775797519640293,0.0,0.0,0.0,0.0,40.113344494104446,-14.677747174289678,False,True,False,True,True,0.0
2022-09-16 00:00:00+00:00,5.98,5.98,5.98,5.98,556,6.579327034220267,,,,,,,,,,6.372073637506045,"rgba(239, 83, 80, 0.5)",0.5695085619174652,6.372073637506045,-0.6884420423566252,11,0.3268189650345726,3.5950086153802983,0.0,0.0,0.0,0.0,40.771749608315375,-14.677747174289678,False,True,False,True,True,0.0
2022-09-19 00:00:00+00:00,5.98,5.98,5.98,5.98,109,6.579132033961376,,,,,,,,,,6.37189075541852,"rgba(239, 83, 80, 0.5)",0.5652132045408964,6.37189075541852,-0.6933503185525176,11,0.3327516096032924,3.6602677056362167,0.0,0.0,0.0,0.0,41.21068635112266,-14.677747174289678,False,True,False,True,True,0.0
2022-09-20 00:00:00+00:00,5.98,5.98,5.98,5.98,5,6.579123092039213,,,,,,,,,,6.371882365489228,"rgba(239, 83, 80, 0.5)",0.557262936719681,6.371882365489228,-0.7032270399966598,11,0.33629254181144885,3.6992179599259374,0.0,0.0,0.0,0.0,41.50331084632752,-14.290915602225837,False,True,False,True,True,0.0
2022-09-21 00:00:00+00:00,5.98,5.98,5.98,5.98,140,6.578872826539917,,,,,,,,,,6.37164741975075,"rgba(239, 83, 80, 0.5)",0.5461892119367039,6.37164741975075,-0.7170544770776914,11,0.34129724719568255,3.754269719152508,0.0,0.0,0.0,0.0,41.69839384313076,-13.716904606470578,False,True,False,True,True,0.0
2022-09-22 00:00:00+00:00,5.98,5.98,5.98,5.98,55,6.578774565145619,,,,,,,,,,6.37155510593684,"rgba(239, 83, 80, 0.5)",0.5464998115872195,6.37155510593684,-0.7164780254903131,11,0.3426983057060186,3.769681362766205,0.0,0.0,0.0,0.0,41.82844917433292,-13.184117818885213,False,True,False,True,True,0.0
2022-09-23 00:00:00+00:00,5.94,6.02,5.94,6.02,1980,6.5751802093589715,,,,,,,,,,6.368001596867598,"rgba(239, 83, 80, 0.5)",0.546705568857517,6.368001596867598,-0.7828740390591182,11,0.34321657994354454,3.77538237937899,0.0,0.0,0.0,0.0,41.48538882348229,-13.13685393778455,False,True,False,True,True,0.0
2022-09-26 00:00:00+00:00,5.9,5.9,5.9,5.9,197,6.5747859698366335,,,,,,,,,,6.3675357830685515,"rgba(239, 83, 80, 0.5)",0.5470867264218978,6.3675357830685515,-0.854591713687458,10,0.357168024073249,3.5716802407324897,0.0,0.0,0.0,0.0,40.81336118654229,-13.13685393778455,False,True,False,True,True,0.0
2022-09-27 00:00:00+00:00,5.5555,5.5555,5.5555,5.5555,107,6.574462810772797,,,,,,,,,,6.366965770971168,"rgba(239, 83, 80, 1.0)",0.5554803006310759,6.366965770971168,-1.4608362709699505,10,0.35427334293287993,3.5427334293287993,0.0,0.0,0.0,0.0,37.26102370752402,-13.13685393778455,False,True,False,True,False,0.0
2022-09-28 00:00:00+00:00,6.1704,6.25,5.6669,6.25,7577,6.562487773846195,,,,6.0291,,,,,,6.324526786944256,#000000,0.5555880162089137,6.324526786944256,-0.2774120075446354,9,0.31045372818099576,2.794083553628962,0.0,0.0,0.0,0.0,42.26363358176732,-12.210960555940702,False,True,False,True,True,0.0
2022-09-29 00:00:00+00:00,6.0,6.13,5.99,6.13,979,6.561009610323808,,,,6.030347206638616,,,,,,6.323598071311546,"rgba(239, 83, 80, 0.5)",0.5521112399403492,6.323598071311546,-0.5861102761583111,8,0.3194332185248006,2.555465748198405,0.0,0.0,0.0,0.0,44.065226480771955,-10.61377458318755,False,False,False,True,True,0.0
2022-09-30 00:00:00+00:00,6.2,6.2,6.2,6.2,341,6.5606542171758715,,,,6.036849578509609,,,,,,6.324250025424126,#000000,0.5470385695906835,6.324250025424126,-0.22713211157504817,8,0.321644746583315,2.57315797266652,0.0,0.0,0.0,0.0,47.04624590475132,-7.893150447104446,False,False,False,False,True,0.0
2022-10-03 00:00:00+00:00,6.13,6.19,6.13,6.19,1058,6.559403746854436,,,,6.048875007533902,,,,,,6.325084458276751,#000000,0.53754211487889,6.325084458276751,-0.36291939343339524,8,0.3227850602335452,2.5822804818683616,0.0,0.0,0.0,0.0,48.36568594039446,-6.727288354585767,False,False,False,False,True,0.0
2022-10-04 00:00:00+00:00,6.0,6.19,5.78,6.19,15143,6.535623496603142,,,,6.013352486253884,,,,,,6.301222031202633,"rgba(239, 83, 80, 0.5)",0.5264451316327479,6.301222031202633,-0.5721812456853859,7,0.300301841885922,2.102112893201454,0.0,0.0,0.0,0.0,48.026563515930704,-6.727288354585767,False,False,False,False,True,0.0
2022-10-05 00:00:00+00:00,5.8,5.82,5.8,5.82,2625,6.530384085082303,,,,5.993782083468599,,,,,,6.293358163839864,"rgba(239, 83, 80, 0.5)",0.520371884560881,6.293358163839864,-0.9480876628378709,7,0.2985538639197537,2.089877047438276,0.0,0.0,0.0,0.0,46.09297505799397,-6.727288354585767,False,False,False,True,True,0.0
2022-10-06 00:00:00+00:00,5.545,5.85,5.545,5.72,693,6.528710396146937,,,,5.985316747606982,,,,,,6.2903806230186925,"rgba(239, 83, 80, 1.0)",0.5193027985865484,6.2903806230186925,-1.4353487503774072,7,0.29447081255620644,2.061295687893445,0.0,0.0,0.0,0.0,42.94958807996286,-1.8178586895036375,False,False,False,True,False,0.0
2022-10-07 00:00:00+00:00,5.5,5.6884,5.5,5.6884,1553,6.524628170155019,,,,5.963421839233875,,,,,,6.28279047902328,"rgba(255, 0, 0, 1.0)",0.5193027985865484,6.28279047902328,-1.507387368513898,7,0.29026193993513455,2.0318335795459417,0.0,0.0,0.0,0.0,40.549254563187475,-4.072644132448289,False,True,False,True,False,0.0
2022-10-10 00:00:00+00:00,5.24,5.54,5.24,5.5,2217,6.517523823525699,,,,5.920479994407506,,,,,,6.26838605385735,"rgba(255, 0, 0, 1.0)",0.5239805631564659,6.26838605385735,-1.9626416057541116,7,0.284705781820206,1.992940472741442,0.0,0.0,0.0,0.0,37.31887424780146,-7.082142739846461,False,True,False,True,False,0.0
2022-10-11 00:00:00+00:00,5.24,5.24,5.24,5.24,13,6.517478900036337,,,,5.920205257927265,,,,,,6.268293418094948,"rgba(255, 0, 0, 1.0)",0.5413348409489513,6.268293418094948,-1.8995515165666517,7,0.27905973646344595,1.9534181552441217,0.0,0.0,0.0,0.0,35.16528737087745,-9.058401274600584,False,True,False,True,False,0.0
2022-10-12 00:00:00+00:00,4.88,4.88,4.88,4.88,544,6.515072891631892,,,,5.902923040039092,,,,,,6.262821139212653,"rgba(255, 26, 202, 1.0)",0.5694571041339723,6.262821139212653,-2.42831484439138,7,0.27160511793678266,1.9012358255574786,0.0,0.0,0.0,0.0,31.81162883300434,-12.169896678769675,False,True,False,True,False,0.0
2022-10-13 00:00:00+00:00,4.94,4.94,4.94,4.94,309,6.513759424071996,,,,5.893920764250272,,,,,,6.259905366944016,"rgba(255, 26, 202, 1.0)",0.593423285666456,6.259905366944016,-2.224222403847314,7,0.26756817448641107,1.8729772214048774,0.0,0.0,0.0,0.0,30.40106665111748,-13.461923016211117,False,True,False,True,False,0.0
2022-10-14 00:00:00+00:00,4.5471,4.59,4.5471,4.59,577,6.5107239952288705,,,,5.871057625858634,,,,,,6.098983652473023,"rgba(255, 26, 202, 1.0)",0.630074053056572,6.098983652473023,-2.4630178705893866,6,0.28485193974724404,1.7091116384834644,0.0,0.0,0.0,0.0,27.69274103209032,-16.032710784250902,False,True,False,True,False,0.0
2022-10-17 00:00:00+00:00,4.71,4.71,4.71,4.71,484,6.508378627395578,,,,5.85458437838947,,,,,,6.1002995804046956,"rgba(255, 26, 202, 1.0)",0.6581300248677558,6.1002995804046956,-2.1124998524175544,5,0.3136032800671855,1.5680164003359276,0.0,0.0,0.0,0.0,27.976254139758456,-16.032710784250902,False,True,False,True,False,0.0
2022-10-18 00:00:00+00:00,4.71,4.71,4.71,4.71,48,6.508146361884161,,,,5.852976110184128,,,,,,6.100140574162756,"rgba(255, 26, 202, 1.0)",0.6835560799943906,6.100140574162756,-2.0336891366311365,5,0.30616407696887005,1.5308203848443502,0.0,0.0,0.0,0.0,28.16526287820388,-16.032710784250902,False,True,False,True,False,0.0
2022-10-19 00:00:00+00:00,4.892,5.12,4.892,5.095,2631,6.497320023921231,,,,5.78969137040661,,,,,,6.101196799671792,"rgba(255, 0, 0, 1.0)",0.7026263675462027,6.101196799671792,-1.7209670110939554,5,0.30139800939332806,1.5069900469666404,0.0,0.0,0.0,0.0,30.63248484991893,-16.032710784250902,False,True,False,True,True,0.0
2022-10-20 00:00:00+00:00,4.8103,5.01,4.8103,4.99,1860,6.48930702027238,,,,5.7457646926420365,,,,,,6.086667689416677,"rgba(255, 0, 0, 1.0)",0.7225861955503994,6.086667689416677,-1.7663881448004388,5,0.29800995869293134,1.4900497934646566,0.0,0.0,0.0,0.0,31.728511187378842,-16.032710784250902,False,True,False,True,True,0.0
2022-10-21 00:00:00+00:00,4.8103,4.8103,4.8103,4.8103,37,6.489141878333393,,,,5.74487006642715,,,,,,6.086327068460751,"rgba(255, 0, 0, 1.0)",0.741315686989407,6.086327068460751,-1.7213005078077954,5,0.29831264885220055,1.4915632442610027,0.0,0.0,0.0,0.0,32.459195412352116,-16.032710784250902,False,True,False,True,True,0.0
2022-10-24 00:00:00+00:00,4.8103,4.8103,4.8103,4.8103,123,6.488593126390722,,,,5.7419082989796975,,,,,,6.085200052811651,"rgba(255, 0, 0, 1.0)",0.7593266133232133,6.085200052811651,-1.6789877115356426,5,0.2955683902433421,1.4778419512167105,0.0,0.0,0.0,0.0,32.946318229000966,-16.032710784250902,False,True,False,True,True,0.0
2022-10-25 00:00:00+00:00,4.8103,4.8103,4.8103,4.8103,45,6.488392453104257,,,,5.740829410402244,,,,,,6.084789724735675,"rgba(255, 0, 0, 1.0)",0.7763374910367197,6.084789724735675,-1.6416696854788293,5,0.2941603573403834,1.4708017867019172,0.0,0.0,0.0,0.0,33.27106677343353,-16.032710784250902,False,True,False,True,True,0.0
2022-10-26 00:00:00+00:00,4.8103,4.8103,4.8103,4.8103,25,6.488280988679702,,,,5.7402311069389444,,,,,,6.0845622162593145,"rgba(255, 0, 0, 1.0)",0.792412727460533,6.0845622162593145,-1.608078936771975,5,0.29381445416890467,1.4690722708445234,0.0,0.0,0.0,0.0,33.48756580305525,-16.032710784250902,False,True,False,True,True,0.0
2022-10-27 00:00:00+00:00,5.21,5.71,5.21,5.27,2127,6.482034231965923,,,,5.721374232485552,,,,,,6.028706297920427,"rgba(239, 83, 80, 1.0)",0.7998646066802926,6.028706297920427,-1.023556100723513,5,0.2926818458984517,1.4634092294922585,0.0,0.0,0.0,0.0,39.518409096528714,-15.338283340639897,False,False,False,True,True,0.0
2022-10-28 00:00:00+00:00,4.85,4.85,4.85,4.85,212,6.48112063444702,,,,5.716892746415662,,,,,,6.022915584309615,"rgba(239, 83, 80, 1.0)",0.8136398385389305,6.022915584309615,-1.441566069842209,5,0.28964418316873713,1.4482209158436856,0.0,0.0,0.0,0.0,39.93963723164769,-14.917370685585638,False,False,False,True,True,0.0
2022-10-31 00:00:00+00:00,4.88,4.88,4.88,4.88,176,6.4803768883059,,,,5.713334683672731,,,,,,6.0188957982585904,"rgba(239, 83, 80, 1.0)",0.8260478906628038,6.0188957982585904,-1.3787285351515928,5,0.28711977967701935,1.4355988983850967,0.0,0.0,0.0,0.0,40.59211904187761,-14.184564556330002,False,False,False,True,True,0.0
2022-11-01 00:00:00+00:00,4.94,4.94,4.94,4.94,434,6.47861447587764,,,,5.705311273935599,,,,,,6.011515736982443,"rgba(239, 83, 80, 1.0)",0.8370013029212623,6.011515736982443,-1.2801840728833866,5,0.28426106746403407,1.4213053373201703,0.0,0.0,0.0,0.0,41.79746003567967,-12.891202212737824,True,False,False,True,True,0.0
2022-11-02 00:00:00+00:00,4.95,4.985,4.815,4.98,877,6.4750115610205174,,,,5.689116619056539,,,,,,5.999037747851362,"rgba(239, 83, 80, 1.0)",0.8476516511117237,5.999037747851362,-1.2375812003380318,5,0.280977244708778,1.40488622354389,0.0,0.0,0.0,0.0,42.73565283054255,-11.83982559541434,True,False,False,True,True,0.0
2022-11-03 00:00:00+00:00,4.95,4.95,4.95,4.95,114,6.474554435282426,,,,5.687148955365622,,,,,,5.997771844384587,"rgba(239, 83, 80, 1.0)",0.8573250138017021,5.997771844384587,-1.2221407605248469,5,0.27814258373579903,1.3907129186789953,0.0,0.0,0.0,0.0,43.36111469378447,-11.060789054457238,True,False,False,True,True,0.0
2022-11-04 00:00:00+00:00,4.56,4.56,4.5106,4.53,1360,6.467673723736314,,,,5.651946446516681,,,,,,5.858914105473307,"rgba(239, 83, 80, 1.0)",0.8720323647870155,5.858914105473307,-1.4895251115943995,5,0.2730754669540444,1.3653773347702218,-1.0,0.0,4.5106,290.0,39.9914936083767,-11.060789054457238,True,False,False,True,False,0.0
2022-11-07 00:00:00+00:00,4.8,4.8,4.8,4.8,329,6.466237440107366,,,,5.645649342859069,,,,,,5.859486330197835,"rgba(239, 83, 80, 1.0)",0.8778749356904499,5.859486330197835,-1.2068761586917247,5,0.2702223092181792,1.351111546090896,0.0,0.0,0.0,0.0,41.01629187358678,-11.060789054457238,True,False,False,True,False,0.0
2022-11-08 00:00:00+00:00,4.62,4.63,4.62,4.63,488,6.463886176406767,,,,5.634562647318089,,,,,,5.8532841087682534,"rgba(239, 83, 80, 1.0)",0.8860807740883485,5.8532841087682534,-1.391841629830111,4,0.3085957117452094,1.2343828469808376,0.0,0.0,0.0,0.0,40.146606385256064,-11.060789054457238,True,False,False,True,False,0.0
2022-11-09 00:00:00+00:00,4.62,4.62,4.62,4.62,185,6.46299477234005,,,,5.630408652767942,,,,,,5.850963632484786,"rgba(239, 83, 80, 1.0)",0.8941928535221514,5.850963632484786,-1.3766198506688148,4,0.3044371251309011,1.2177485005236044,0.0,0.0,0.0,0.0,39.566816059702255,-11.060789054457238,True,False,False,True,False,0.0
2022-11-10 00:00:00+00:00,4.59,4.9,4.59,4.62,707,6.459731323941508,,,,5.615972003951393,,,,,,5.844933295705311,"rgba(239, 83, 80, 1.0)",0.9018340864428821,5.844933295705311,-1.3915345567111614,4,0.30028430067199624,1.201137202687985,0.0,0.0,0.0,0.0,38.90696347795548,-6.930971571881663,True,False,False,True,False,0.0
2022-11-11 00:00:00+00:00,4.57,4.96,4.57,4.96,645,6.4567757407446,,,,5.603276414675378,,,,,,5.839539946151236,"rgba(239, 83, 80, 1.0)",0.9094788474091533,5.839539946151236,-1.39589826609799,4,0.2962078737311198,1.1848314949244791,0.0,0.0,0.0,0.0,38.27392598844039,-7.725629966441858,False,False,False,True,False,0.0
2022-11-14 00:00:00+00:00,5.03,5.03,5.03,5.03,224,6.4559440007252205,,,,5.600530180353579,,,,,,5.840642935281944,"rgba(239, 83, 80, 0.5)",0.9087706569083613,5.840642935281944,-0.89202146781428,4,0.2949169981578257,1.1796679926313027,0.0,0.0,0.0,0.0,43.743245563617734,-10.489614927452429,True,False,False,True,True,0.0
2022-11-15 00:00:00+00:00,5.4685,5.4685,5.4685,5.4685,343,6.455063351490964,,,,5.599568747921223,,,,,,5.84767429411155,#000000,0.9038873597566927,5.84767429411155,-0.41949286049714846,4,0.29433756340354533,1.1773502536141813,0.0,0.0,0.0,0.0,50.823459367114225,-4.043239792517866,True,False,False,False,True,0.0
2022-11-16 00:00:00+00:00,5.25,5.6328,5.25,5.6328,2788,6.447308835097739,,,,5.587164729777583,,,,,,5.838780913108619,"rgba(239, 83, 80, 0.5)",0.8965913974061425,5.838780913108619,-0.6566881132386215,4,0.2931891901951338,1.1727567607805351,0.0,0.0,0.0,0.0,53.14360885288327,-2.2214157515189115,True,False,True,False,True,0.0
2022-11-17 00:00:00+00:00,5.25,5.25,5.25,5.25,53,6.447145047095953,,,,5.586806934433233,,,,,,5.838714354106118,"rgba(239, 83, 80, 0.5)",0.8945868977838223,5.838714354106118,-0.6580851514420252,3,0.3389126543932337,1.016737963179701,0.0,0.0,0.0,0.0,54.6903751767293,-1.0005774967392256,True,False,True,False,True,0.0
2022-11-18 00:00:00+00:00,5.25,5.25,5.25,5.25,56,6.44697203675603,,,,5.586429710666668,,,,,,5.838647526674697,"rgba(239, 83, 80, 0.5)",0.8743860405053518,5.838647526674697,-0.6732124020809933,3,0.3379839210986493,1.0139517632959478,0.0,0.0,0.0,0.0,55.72155272595998,-0.12358832808859432,True,False,True,False,True,0.0
2022-11-21 00:00:00+00:00,5.25,5.25,5.25,5.25,64,6.446774371875723,,,,5.58599963113881,,,,,,5.838575145673974,"rgba(239, 83, 80, 0.5)",0.8526191650871271,5.838575145673974,-0.6903142338042902,3,0.33695016676211176,1.0108505002863353,0.0,0.0,0.0,0.0,56.40900442544711,0.5618654947620243,True,False,True,False,True,0.0
2022-11-22 00:00:00+00:00,4.73,4.73,4.73,4.73,159,6.446070331214081,,,,5.583289638877275,,,,,,5.834466554259398,"rgba(239, 83, 80, 1.0)",0.8353547165860249,5.834466554259398,-1.3221527721459387,2,0.4162935815127361,0.8325871630254722,0.0,0.0,0.0,0.0,51.50250400726959,0.5618654947620243,True,False,False,False,False,0.0
2022-11-23 00:00:00+00:00,4.73,4.73,4.73,4.73,137,6.445464167947225,,,,5.5809683386285425,,,,,,5.831134019210857,"rgba(239, 83, 80, 1.0)",0.8183829737425546,5.831134019210857,-1.3454996676864512,2,0.41281957937889513,0.8256391587577903,0.0,0.0,0.0,0.0,48.23150372848458,4.6018753620938355,True,False,False,False,False,0.0
2022-11-25 00:00:00+00:00,5.09,5.09,5.09,5.09,159,6.444908722862669,,,,5.579423098900085,,,,,,5.83005966347245,"rgba(239, 83, 80, 0.5)",0.7986780901663114,5.83005966347245,-0.9266056908088524,2,0.4117213445937892,0.8234426891875783,0.0,0.0,0.0,0.0,49.72790893130437,4.6018753620938355,True,False,False,False,False,0.0
2022-11-28 00:00:00+00:00,5.325,5.325,5.0001,5.2816,1782,6.439293773532791,,,,5.5670643951995835,,,,,,5.82856554360082,"rgba(239, 83, 80, 0.5)",0.7756210518262322,5.82856554360082,-0.6492417172215135,2,0.4116563139571755,0.823312627914351,0.0,0.0,0.0,0.0,52.61031688359721,4.6018753620938355,True,False,True,False,True,0.0
2022-11-29 00:00:00+00:00,5.23,5.6,5.23,5.6,1522,6.435069985050408,,,,5.561020535211094,,,,,,5.833163049136259,"rgba(239, 83, 80, 0.5)",0.7514645267442432,5.833163049136259,-0.802650062205188,2,0.4110253564790679,0.8220507129581358,0.0,0.0,0.0,0.0,53.549341315716404,4.6018753620938355,True,False,True,False,True,0.0
2022-11-30 00:00:00+00:00,5.0,5.23,5.0,5.23,409,6.433651672776411,,,,5.5573676968087735,,,,,,5.83079303927308,"rgba(239, 83, 80, 1.0)",0.7387235629939773,5.83079303927308,-1.124633192835969,2,0.40949662086310945,0.8189932417262189,0.0,0.0,0.0,0.0,51.98525319738714,4.6018753620938355,True,False,False,False,True,0.0
2022-12-01 00:00:00+00:00,5.0,5.0,5.0,5.0,140,6.433139476621141,,,,5.555932555972438,,,,,,5.829700672155779,"rgba(239, 83, 80, 1.0)",0.7224887403966889,5.829700672155779,-1.1483925295503212,2,0.40808944926223145,0.8161788985244629,0.0,0.0,0.0,0.0,50.942527785167634,4.6018753620938355,True,False,False,False,True,0.0
2022-12-02 00:00:00+00:00,4.9,5.06,4.9,5.06,7099,6.406808353656856,,,,5.486341173344614,,,,,,5.781850014750261,"rgba(239, 83, 80, 1.0)",0.7059517106982827,5.781850014750261,-1.249164781933867,2,0.40631494324612716,0.8126298864922543,0.0,0.0,0.0,0.0,49.29138844275539,4.6018753620938355,True,False,False,False,False,0.0
2022-12-05 00:00:00+00:00,4.9,4.9,4.9,4.9,35,6.406676176822942,,,,5.486007515797918,,,,,,5.781626835099344,"rgba(239, 83, 80, 1.0)",0.6878636976076584,5.781626835099344,-1.281688273658836,2,0.4046805649742138,0.8093611299484276,0.0,0.0,0.0,0.0,48.190628881147234,4.354980685916658,True,False,False,False,False,0.0
2022-12-06 00:00:00+00:00,5.16,5.18,5.16,5.18,203,6.406045612444192,,,,5.484957001409843,,,,,,5.781341427662929,"rgba(239, 83, 80, 0.5)",0.6667277209430152,5.781341427662929,-0.9319267943203382,2,0.4042697134587341,0.8085394269174682,0.0,0.0,0.0,0.0,50.26329982599513,4.354980685916658,True,False,False,False,False,0.0
2022-12-07 00:00:00+00:00,4.97,4.97,4.97,4.97,153,6.405495436463223,,,,5.483683385600207,,,,,,5.780570325610447,"rgba(239, 83, 80, 1.0)",0.645485848024566,5.780570325610447,-1.2557522803808991,2,0.40237013840825375,0.8047402768165075,0.0,0.0,0.0,0.0,49.62553007742484,4.354980685916658,True,False,False,False,False,0.0
2022-12-08 00:00:00+00:00,5.0139,5.05,5.0139,5.05,444,6.403963348824492,,,,5.480421404038134,,,,,,5.778806564966089,"rgba(239, 83, 80, 1.0)",0.6219607425895266,5.778806564966089,-1.2298309404246477,2,0.40098490045964197,0.8019698009192839,0.0,0.0,0.0,0.0,49.6741995920652,4.354980685916658,True,False,False,False,False,0.0
2022-12-09 00:00:00+00:00,5.19,5.19,5.19,5.19,151,6.403505019223286,,,,5.479719262852843,,,,,,5.778655602766414,"rgba(239, 83, 80, 0.5)",0.5952045679889795,5.778655602766414,-0.9889971186802334,2,0.40075906210922374,0.8015181242184475,0.0,0.0,0.0,0.0,51.519777858884545,4.354980685916658,True,False,False,False,True,0.0
2022-12-12 00:00:00+00:00,5.19,5.19,5.19,5.19,24,6.403432204007106,,,,5.479607976824955,,,,,,5.778631320365861,"rgba(239, 83, 80, 1.0)",0.5661802049008903,5.778631320365861,-1.0396536566814452,1,0.4909032823017597,0.4909032823017597,0.0,0.0,0.0,0.0,52.75016337009744,4.354980685916658,True,False,True,False,True,0.0
2022-12-13 00:00:00+00:00,5.19,5.19,5.19,5.19,102,6.403122836801435,,,,5.479135963440551,,,,,,5.778527252454615,"rgba(239, 83, 80, 1.0)",0.5565674982401413,5.778527252454615,-1.0574229618429563,1,0.49385411432882204,0.49385411432882204,0.0,0.0,0.0,0.0,53.5704203775727,4.354980685916658,True,False,True,False,True,0.0
2022-12-14 00:00:00+00:00,5.1622,5.1622,5.0,5.01,1214,6.399205168345009,,,,5.472076114341845,,,,,,5.775499218797289,"rgba(239, 83, 80, 1.0)",0.543559956585836,5.775499218797289,-1.1283009562541966,1,0.49706065169937214,0.49706065169937214,0.0,0.0,0.0,0.0,53.707812233831326,4.354980685916658,True,False,True,False,True,0.0
2022-12-15 00:00:00+00:00,5.1622,5.1622,5.1622,5.1622,72,6.398983262449517,,,,5.471726788687261,,,,,,5.77538519712588,"rgba(239, 83, 80, 1.0)",0.5332760155900468,5.77538519712588,-1.1498458194250811,1,0.49996344351459887,0.49996344351459887,0.0,0.0,0.0,0.0,53.79940680467041,4.354980685916658,True,False,True,False,True,0.0
2022-12-16 00:00:00+00:00,5.1622,5.1622,5.1622,5.1622,2,6.398977099533341,,,,5.471717096439176,,,,,,5.775382024186604,"rgba(239, 83, 80, 1.0)",0.525732735083836,5.775382024186604,-1.1663379189976117,1,0.503109929328598,0.503109929328598,0.0,0.0,0.0,0.0,53.86046985189647,4.354980685916658,True,False,True,False,True,0.0
2022-12-19 00:00:00+00:00,4.97,4.97,4.97,4.97,671,6.396592118079567,,,,5.4665010794004925,,,,,,5.772168121180478,"rgba(255, 0, 0, 1.0)",0.5166909741739107,5.772168121180478,-1.5525104197203954,1,0.5052888294806563,0.5052888294806563,0.0,0.0,0.0,0.0,50.84328263773247,4.354980685916658,True,False,False,False,False,0.0
2022-12-20 00:00:00+00:00,4.97,4.97,4.97,4.97,22,6.396514056748314,,,,5.466331898064968,,,,,,5.7720639757032615,"rgba(255, 0, 0, 1.0)",0.5133218505501633,5.7720639757032615,-1.5624972419226515,1,0.5077285352055019,0.5077285352055019,0.0,0.0,0.0,0.0,48.83182449495648,2.7715994506355344,True,False,False,False,False,0.0
2022-12-21 00:00:00+00:00,5.1962,5.1962,4.79,4.79,489,6.394891470021985,,,,5.463283535988603,,,,,,5.7704893245176105,"rgba(239, 83, 80, 1.0)",0.5019999495459497,5.7704893245176105,-1.1440027534605235,1,0.5111331629920063,0.5111331629920063,0.0,0.0,0.0,0.0,51.07545508048837,2.7715994506355344,True,False,False,False,True,0.0
2022-12-22 00:00:00+00:00,5.1962,5.1962,5.1962,5.1962,43,6.394763439049352,,,,5.463107110523944,,,,,,5.770445787756169,"rgba(239, 83, 80, 1.0)",0.5009724957547017,5.770445787756169,-1.1462621054496875,1,0.5168537330130495,0.5168537330130495,0.0,0.0,0.0,0.0,52.571208804176294,2.7715994506355344,True,False,False,False,True,0.0
2022-12-23 00:00:00+00:00,4.97,4.98,4.965,4.98,1725,6.388691801648723,,,,5.450420458638252,,,,,,5.76262398432384,"rgba(255, 0, 0, 1.0)",0.4945720462077107,5.76262398432384,-1.6026461471115034,1,0.5185876012974986,0.5185876012974986,0.0,0.0,0.0,0.0,50.03487779121999,2.7715994506355344,True,False,False,False,False,0.0
2022-12-27 00:00:00+00:00,4.93,4.93,4.52,4.52,1627,6.38229763446158,,,,5.4348015836839645,,,,,,5.6875016992591005,"rgba(255, 0, 0, 1.0)",0.48450599905916136,5.6875016992591005,-1.5634516409085883,1,0.5305904365035695,0.5305904365035695,0.0,0.0,0.0,0.0,47.80769492042559,2.1971382777065926,False,False,False,True,False,0.0
2022-12-28 00:00:00+00:00,5.0,5.0,5.0,5.0,628,6.380162486308154,,,,5.430848613121778,,,,,,5.689187283985274,"rgba(239, 83, 80, 1.0)",0.4731566070932834,5.689187283985274,-1.4565733071321139,1,0.5444074300361184,0.5444074300361184,0.0,0.0,0.0,0.0,47.53974124044562,1.9460023575574468,False,False,False,True,False,0.0
2022-12-29 00:00:00+00:00,5.0,5.0,5.0,5.0,178,6.379558500227006,,,,5.429741225055592,,,,,,5.689309529517939,"rgba(239, 83, 80, 1.0)",0.46101161587444056,5.689309529517939,-1.4952107621203115,1,0.5599534764143059,0.5599534764143059,0.0,0.0,0.0,0.0,47.361105453792305,1.6715357441990903,False,False,False,True,False,0.0
2022-12-30 00:00:00+00:00,5.36,5.36,4.895,5.16,1409,6.375503783448283,,,,5.4252599493369935,,,,,,5.6659317533029,"rgba(239, 83, 80, 0.5)",0.4479045450792995,5.6659317533029,-0.6830289102083916,1,0.5772689488508896,0.5772689488508896,0.0,0.0,0.0,0.0,52.29847464063623,-2.2371197220621895,True,False,False,False,True,0.0
2023-01-03 00:00:00+00:00,4.6309,5.07,4.6309,5.07,4033,6.359866039768263,,,,5.390273378315661,,,,,,5.617289404934658,"rgba(255, 26, 202, 1.0)",0.446887019815155,5.617289404934658,-2.207245592728687,1,0.5899342024315989,0.5899342024315989,0.0,0.0,0.0,0.0,47.52040800297284,2.4845497922707835,False,False,False,False,False,0.0
2023-01-04 00:00:00+00:00,5.13,5.13,5.13,5.13,462,6.358489090512543,,,,5.388673464789731,,,,,,5.618716120855756,"rgba(239, 83, 80, 1.0)",0.43689452972186815,5.618716120855756,-1.1186135041948861,1,0.6078660186257105,0.6078660186257105,0.0,0.0,0.0,0.0,49.023381414089904,2.4845497922707835,False,False,False,False,False,0.0
2023-01-05 00:00:00+00:00,4.83,4.83,4.83,4.83,306,6.357356481562202,,,,5.3864080921587325,,,,,,5.616949920444891,"rgba(255, 0, 0, 1.0)",0.42799125339634586,5.616949920444891,-1.8387056141919038,1,0.626265980060673,0.626265980060673,0.0,0.0,0.0,0.0,47.76442064533463,2.4845497922707835,False,False,False,False,False,0.0
2023-01-06 00:00:00+00:00,4.88,4.92,4.81,4.81,2904,6.346970093781563,,,,5.367272104260241,,,,,,5.604450156146083,"rgba(255, 0, 0, 1.0)",0.41787773699237096,5.604450156146083,-1.7336414267011042,1,0.6383272286313469,0.6383272286313469,0.0,0.0,0.0,0.0,47.35114038701646,2.4845497922707835,False,False,False,False,False,0.0
2023-01-09 00:00:00+00:00,4.9227,4.969,4.837,4.969,979,6.343594166972541,,,,5.361624838158131,,,,,,5.601329767705422,"rgba(255, 0, 0, 1.0)",0.40666706948730996,5.601329767705422,-1.6687600708879096,1,0.6540820705932622,0.6540820705932622,0.0,0.0,0.0,0.0,47.458101030756566,2.4845497922707835,False,False,False,False,False,0.0
2023-01-10 00:00:00+00:00,4.9585,4.9585,4.9585,4.9585,144,6.343115841573079,,,,5.360894567099838,,,,,,5.601018971370622,"rgba(255, 0, 0, 1.0)",0.39442439209698005,5.601018971370622,-1.6290041494508818,1,0.6720212439165466,0.6720212439165466,0.0,0.0,0.0,0.0,47.86788336510119,2.4845497922707835,False,False,False,False,False,0.0
2023-01-11 00:00:00+00:00,4.9585,4.9585,4.9585,4.9585,7,6.343092598063904,,,,5.360859135240299,,,,,,5.6010038162992295,"rgba(255, 0, 0, 1.0)",0.3825224912424071,5.6010038162992295,-1.6796497748731605,1,0.6922542400847754,0.6922542400847754,0.0,0.0,0.0,0.0,48.141071587997615,2.4845497922707835,False,False,False,False,False,0.0
2023-01-12 00:00:00+00:00,4.9585,4.9585,4.9585,4.9585,122,6.342687622189405,,,,5.360242609059699,,,,,,5.600739010345912,"rgba(255, 0, 0, 1.0)",0.37099308764594546,5.600739010345912,-1.7311347077140904,1,0.7142952376825903,0.7142952376825903,0.0,0.0,0.0,0.0,48.32319706992857,2.4845497922707835,False,False,False,False,False,0.0
2023-01-13 00:00:00+00:00,4.9585,4.9585,4.9585,4.9585,16,6.342634528170411,,,,5.360161893281094,,,,,,5.6007041887651114,"rgba(255, 0, 0, 1.0)",0.3670707086313565,5.6007041887651114,-1.749538096242017,1,0.73945105346579,0.73945105346579,0.0,0.0,0.0,0.0,48.44461405788253,2.4845497922707835,False,True,False,False,False,0.0
2023-01-17 00:00:00+00:00,5.08,5.08,5.08,5.08,363,6.341536692926715,,,,5.3588906427997,,,,,,5.6007985662093525,"rgba(255, 0, 0, 1.0)",0.34390532830421094,5.6007985662093525,-1.514366086670997,1,0.7693194434360566,0.7693194434360566,0.0,0.0,0.0,0.0,50.02974850355998,2.4845497922707835,False,False,False,False,False,0.0
2023-01-18 00:00:00+00:00,4.81,5.0,4.8,4.97,2162,6.33395551912334,,,,5.346025882515223,,,,,,5.59234152554858,"rgba(255, 26, 202, 1.0)",0.3269397286769818,5.59234152554858,-2.3929227833963793,1,0.8014763903373394,0.8014763903373394,0.0,0.0,0.0,0.0,47.94885149876756,1.8107239143035017,False,True,False,False,False,0.0
2023-01-19 00:00:00+00:00,4.965,4.965,4.965,4.965,110,6.3335967807230915,,,,5.3455164338993475,,,,,,5.592113293127509,"rgba(255, 26, 202, 1.0)",0.29768042158426483,5.592113293127509,-2.1066662355219474,1,0.8414016844558524,0.8414016844558524,0.0,0.0,0.0,0.0,48.44476002896292,1.8107239143035017,False,True,False,False,False,0.0
2023-01-20 00:00:00+00:00,4.965,4.965,4.965,4.965,3,6.333586999582308,,,,5.345502558929106,,,,,,5.59210705947304,"rgba(255, 26, 202, 1.0)",0.2682756191102726,5.59210705947304,-2.3375477113903256,0,,,0.0,0.0,0.0,0.0,48.77536571575982,1.8107239143035017,False,True,False,False,False,0.0
2023-01-23 00:00:00+00:00,4.94,4.94,4.939,4.94,609,6.331567618118744,,,,5.342520595699157,,,,,,5.590561145555705,"rgba(255, 26, 202, 1.0)",0.24212642269227208,5.590561145555705,-2.6868655569348108,0,,,0.0,0.0,0.0,0.0,48.678768838840355,1.8107239143035017,False,True,False,False,False,0.0
2023-01-24 00:00:00+00:00,5.0499,5.05,4.82,5.025,3011,6.32190800774392,,,,5.329577628627532,,,,,,5.584496100972644,"rgba(255, 26, 202, 1.0)",0.2232694578548572,5.584496100972644,-2.394398705980528,0,,,0.0,0.0,0.0,0.0,50.07574802384485,1.8107239143035017,False,True,False,False,True,0.0
2023-01-25 00:00:00+00:00,5.0499,5.0499,5.0499,5.0499,46,6.321769821758081,,,,5.3294279291753925,,,,,,5.584456373796243,"rgba(255, 26, 202, 1.0)",0.21366265599247053,5.584456373796243,-2.501870864205118,0,,,0.0,0.0,0.0,0.0,51.007067480514515,1.8107239143035017,False,True,False,False,True,0.0
2023-01-26 00:00:00+00:00,5.04,5.07,5.04,5.04,3717,6.31070303141683,,,,5.317843405794675,,,,,,5.580661375317155,"rgba(255, 26, 202, 1.0)",0.20497292839925865,5.580661375317155,-2.6377208909462535,0,,,0.0,0.0,0.0,0.0,51.46597020713259,1.8107239143035017,False,False,False,False,True,0.0
2023-01-27 00:00:00+00:00,5.0932,5.26,5.0932,5.26,847,6.308403636404704,,,,5.316261378870914,,,,,,5.580809262772045,"rgba(255, 26, 202, 1.0)",0.2030939578591888,5.580809262772045,-2.400904822142071,0,,,0.0,0.0,0.0,0.0,52.58979345761263,-0.3856284097388567,False,False,True,False,True,0.0
2023-01-30 00:00:00+00:00,5.445,6.09,5.445,6.09,1959,6.305449320897926,,,,5.323544118548319,5.66,,,,,5.597671703097128,"rgba(239, 83, 80, 0.5)",0.20806324759118136,5.597671703097128,-0.7337754498435444,0,,,0.0,0.0,0.0,0.0,57.44336122232743,4.1956378991582,True,False,True,False,True,1.7517021619370396
2023-01-31 00:00:00+00:00,5.57,5.58,5.49,5.54,3653,6.299056834975372,,,,5.33202414963863,5.586228320266097,,,,,5.6077679791594335,#000000,0.2187802633850638,5.6077679791594335,-0.17262973622515362,0,,,0.0,0.0,0.0,0.0,61.733524980805264,8.029404314644147,True,False,True,False,True,3.0793165225166987
2023-02-01 00:00:00+00:00,5.4499,5.4573,5.3,5.3,2482,6.2939535254190675,,,,5.3337957155993685,5.529857935919612,,,,,5.608737538290131,"rgba(239, 83, 80, 0.5)",0.22521306248418307,5.608737538290131,-0.7052767567657676,0,,,0.0,0.0,0.0,0.0,62.42856744397615,8.452476213977569,True,False,True,False,True,1.71609075183623
2023-02-02 00:00:00+00:00,5.16,5.73,5.11,5.73,4418,6.284319148725261,,,,5.333775885622944,5.46046489769821,,,,,5.607593751013549,"rgba(255, 26, 202, 1.0)",0.21994258867601005,5.607593751013549,-2.035048117365226,0,,,0.0,0.0,0.0,0.0,58.70195458739719,8.452476213977569,True,False,True,False,False,0.0
2023-02-03 00:00:00+00:00,4.89,5.43,4.89,5.43,2832,6.276562231169459,,,,5.326718470196255,5.388397862356622,,,,,5.597649992095085,"rgba(255, 26, 202, 1.0)",0.21771420055732552,5.597649992095085,-3.2503621274293337,0,,,0.0,0.0,0.0,0.0,53.34922621278222,8.30921872852074,False,False,True,False,False,0.0
2023-02-06 00:00:00+00:00,4.96,5.37,4.96,5.37,1924,6.271463864658572,,,,5.322611469583935,5.355893181993669,,,,,5.592445503117966,"rgba(255, 26, 202, 1.0)",0.21508614483711389,5.592445503117966,-2.9404288388585917,0,,,0.0,0.0,0.0,0.0,50.6543931281703,6.114322460147683,False,True,False,False,False,0.0
2023-02-07 00:00:00+00:00,5.3,5.3,5.22,5.23,595,6.2701318568575894,,,,5.322340902980918,5.353143189833735,,,,,5.592216070150305,"rgba(239, 83, 80, 1.0)",0.21733719616307526,5.592216070150305,-1.3445285726933074,0,,,0.0,0.0,0.0,0.0,52.438200013521694,6.114322460147683,False,True,False,False,False,0.22252689268560388
2023-02-08 00:00:00+00:00,5.67,5.67,5.66,5.66,413,6.269573383272984,,,,5.323648188698901,5.36022817538484,,,,,5.594019093272919,#000000,0.2289967412490704,5.594019093272919,0.3317990741380901,0,,,0.0,0.0,0.0,0.0,56.416967271711286,0.20353168067818928,True,False,True,False,True,3.9067280736924914
2023-02-09 00:00:00+00:00,5.38,5.57,5.38,5.57,248,6.269114484382935,,,,5.3239204299201415,5.3613407903260635,,,,,5.594416668549513,"rgba(239, 83, 80, 0.5)",0.23131960015573086,5.594416668549513,-0.926928234378592,1,0.19149743658863233,0.19149743658863233,0.0,0.0,0.0,0.0,56.046120058317484,0.20353168067818928,True,False,True,False,True,0.915343089088978
2023-02-10 00:00:00+00:00,5.18,5.18,5.18,5.18,707,6.267392754835169,,,,5.322993180237237,5.35467405751131,,,,,5.593319912964009,"rgba(255, 0, 0, 1.0)",0.2305230341620339,5.593319912964009,-1.7929657852476837,2,0.37445480270315296,0.7489096054063059,0.0,0.0,0.0,0.0,54.01873536049911,0.20353168067818928,False,False,True,False,True,0.0
2023-02-13 00:00:00+00:00,5.03,5.03,5.03,5.03,195,6.266853461757956,,,,5.322473452500074,5.351414949037373,,,,,5.592678777664687,"rgba(255, 26, 202, 1.0)",0.2290274577975667,5.592678777664687,-2.456817986260967,2,0.38365434956199096,0.7673086991239819,0.0,0.0,0.0,0.0,51.43823875838944,0.20353168067818928,False,True,False,False,False,0.0
2023-02-14 00:00:00+00:00,4.91,5.0,4.91,5.0,492,6.265396012553008,,,,5.320769290841799,5.341252475148107,,,,,5.590570172629378,"rgba(255, 26, 202, 1.0)",0.22797865936160622,5.590570172629378,-2.9852363135002817,2,0.3933089050270206,0.7866178100540412,0.0,0.0,0.0,0.0,48.77734033215957,5.433099934876843,False,True,False,False,False,0.0
2023-02-15 00:00:00+00:00,4.91,4.91,4.91,4.91,124,6.265020890117954,,,,5.320308528877871,5.33858431294282,,,,,5.5900025580906645,"rgba(255, 26, 202, 1.0)",0.22756380498781328,5.5900025580906645,-2.988184162798124,2,0.40409250481759884,0.8081850096351977,0.0,0.0,0.0,0.0,47.003408048006314,3.6977569754966524,False,True,False,True,False,0.0
2023-02-16 00:00:00+00:00,5.16,5.7686,5.15,5.24,2281,6.260434325666918,,,,5.321101528593922,5.340724917499141,,,,,5.578434557899872,"rgba(255, 0, 0, 1.0)",0.2269784113399452,5.578434557899872,-1.8434993681984269,2,0.41556793292242533,0.8311358658448507,0.0,0.0,0.0,0.0,48.331873879404654,3.6977569754966524,False,True,False,False,False,0.0
2023-02-17 00:00:00+00:00,5.0,5.03,5.0,5.03,424,6.259258080768867,,,,5.319936796731741,5.334560264357205,,,,,5.574069631346833,"rgba(255, 26, 202, 1.0)",0.22626552990947643,5.574069631346833,-2.5371501862281236,2,0.4269983824482714,0.8539967648965427,0.0,0.0,0.0,0.0,47.76009835466492,3.6977569754966524,False,True,False,False,False,0.0
2023-02-21 00:00:00+00:00,5.36,5.36,5.36,5.36,372,6.258516531483106,,,,5.320067963059121,5.334969606528541,,,,,5.574625987389997,"rgba(239, 83, 80, 0.5)",0.22892821316293213,5.574625987389997,-0.9375252810681018,2,0.4297067219071573,0.8594134438143146,0.0,0.0,0.0,0.0,50.4942632867192,3.6977569754966524,False,True,False,False,False,0.9676402720687598
2023-02-22 00:00:00+00:00,5.35,5.35,5.35,5.35,200,6.258113922869839,,,,5.320120557063744,5.335098517660849,,,,,5.574833497771642,"rgba(239, 83, 80, 0.5)",0.23130790821671982,5.574833497771642,-0.9720095586225622,2,0.4524588872946047,0.9049177745892094,0.0,0.0,0.0,0.0,52.21778066690598,3.6977569754966524,False,True,False,False,True,0.8686563539260845
2023-02-23 00:00:00+00:00,4.98,4.98,4.98,4.98,344,6.2571404645982955,,,,5.319095729647503,5.32993628590345,,,,,5.57191573355879,"rgba(255, 26, 202, 1.0)",0.23115615003908457,5.57191573355879,-2.560674822879283,2,0.47247206951816184,0.9449441390363237,0.0,0.0,0.0,0.0,50.063759398585916,3.6977569754966524,False,True,False,False,True,0.0
2023-02-24 00:00:00+00:00,5.035,5.05,4.9,5.05,29382,6.180048883774982,,,,5.252758933650994,5.144412712476829,,,,,5.489061233770534,"rgba(255, 26, 202, 1.0)",0.2238936823945844,5.489061233770534,-2.028021643640253,2,0.5088204408138751,1.0176408816277502,0.0,0.0,0.0,0.0,49.13916667270778,3.6977569754966524,False,True,False,False,True,0.0
2023-02-27 00:00:00+00:00,4.69,5.0,4.5,4.57,10203,6.149931775451713,,,,5.218068592061674,5.077560750274054,,,,,5.451181049023441,"rgba(255, 26, 202, 1.0)",0.22595799364059002,5.451181049023441,-3.368683872428871,2,0.5448949435481616,1.0897898870963232,0.0,0.0,0.0,0.0,45.948724863732494,2.0839989696819714,False,True,False,True,False,0.0
2023-02-28 00:00:00+00:00,4.525,4.63,4.44,4.57,8749,6.121614976143002,,,,5.1811129398178055,5.011224273233608,,,,,5.411906899309397,"rgba(255, 26, 202, 1.0)",0.2286884633479776,5.411906899309397,-3.8782319244493704,2,0.5726574431715663,1.1453148863431326,0.0,0.0,0.0,0.0,42.778354297218854,-0.9911316039233213,False,True,False,True,False,0.0
2023-03-01 00:00:00+00:00,4.4,4.44,4.4,4.43,4773,6.105461692678722,,,,5.159205099616995,4.9740517650123754,,,,,5.337709963295341,"rgba(255, 26, 202, 1.0)",0.23565306215046677,5.337709963295341,-3.979197022683301,2,0.5826534933990111,1.1653069867980221,0.0,0.0,0.0,0.0,39.91357620155967,-3.724109143726153,False,True,False,True,False,0.0
2023-03-02 00:00:00+00:00,4.5905,4.6,4.41,4.41,5147,6.089594501937915,,,,5.140526956306559,4.946371064614184,,,,,5.322896345373616,"rgba(255, 26, 202, 1.0)",0.23563980997113815,5.322896345373616,-3.1081180444990277,2,0.5878648840989433,1.1757297681978867,0.0,0.0,0.0,0.0,40.06468334143014,-3.724109143726153,False,True,False,True,False,0.0
2023-03-03 00:00:00+00:00,4.6,4.6,4.5585,4.56,4734,6.0757651638242685,,,,5.12571314009389,4.926692034713969,,,,,5.310568524014159,"rgba(255, 26, 202, 1.0)",0.23483389653572806,5.310568524014159,-3.025834577105236,2,0.5921485624849878,1.1842971249699756,0.0,0.0,0.0,0.0,40.26733088966674,-3.724109143726153,False,True,False,True,False,0.0
2023-03-06 00:00:00+00:00,4.6,4.6,4.6,4.6,2038,6.069944190883552,,,,5.1197340930356265,4.91918492146715,,,,,5.305422534821979,"rgba(255, 26, 202, 1.0)",0.24057771542757506,5.305422534821979,-2.932202317942219,2,0.5874970871278224,1.174994174255645,0.0,0.0,0.0,0.0,40.4024292551578,-3.818406919679724,False,True,False,True,False,0.0
2023-03-07 00:00:00+00:00,4.54,4.54,4.54,4.54,1427,6.065730371554158,,,,5.11515386631233,4.913180472945982,,,,,5.3011100772508915,"rgba(255, 26, 202, 1.0)",0.2424821056051967,5.3011100772508915,-3.1388298751006056,2,0.5809943401685009,1.1619886803370019,0.0,0.0,0.0,0.0,39.9813409774235,-4.57486016985078,False,True,False,True,False,0.0
2023-03-08 00:00:00+00:00,4.48,4.48,4.48,4.48,7161,6.044112250708999,,,,5.09093236979957,4.881292098851734,,,,,5.27729982841706,"rgba(255, 26, 202, 1.0)",0.2494448351298621,5.27729982841706,-3.1962972013510775,2,0.5699754098255301,1.1399508196510602,0.0,0.0,0.0,0.0,39.1810913219024,-5.692531330846364,False,True,False,True,False,0.0
2023-03-09 00:00:00+00:00,4.62,4.64,4.48,4.48,979,6.041388525395947,,,,5.088282429186973,4.87829009424361,,,,,5.274912238504304,"rgba(255, 26, 202, 1.0)",0.2523376980973558,5.274912238504304,-2.5953800935904097,2,0.5644325220964727,1.1288650441929453,0.0,0.0,0.0,0.0,40.57698027288828,-5.692531330846364,False,True,False,True,False,0.0
2023-03-10 00:00:00+00:00,4.85,4.85,4.85,4.85,380,6.04052885936796,,,,5.087803697437523,4.878181105275965,,,,,5.274713991681127,"rgba(255, 0, 0, 1.0)",0.2515521410102448,5.274713991681127,-1.6883735911587014,2,0.571870705436696,1.143741410873392,0.0,0.0,0.0,0.0,44.216911059804175,-5.692531330846364,False,True,False,True,True,0.0
2023-03-13 00:00:00+00:00,4.7899,4.7899,4.7899,4.7899,344,6.039712472421264,,,,5.087262866169877,4.877874288745202,,,,,5.274384105087854,"rgba(255, 0, 0, 1.0)",0.2512479732552208,5.274384105087854,-1.9283105006212693,2,0.5735245849642611,1.1470491699285221,0.0,0.0,0.0,0.0,45.963436378793055,-8.920743006207303,False,True,False,True,True,0.0
2023-03-14 00:00:00+00:00,4.58,4.75,4.57,4.75,828,6.037506195229039,,,,5.085287932097467,4.875845594541522,,,,,5.27267820931661,"rgba(255, 26, 202, 1.0)",0.25404472528126726,5.27267820931661,-2.72659945428785,2,0.5696317579808327,1.1392635159616653,0.0,0.0,0.0,0.0,44.950015714963584,-8.920743006207303,False,True,False,True,True,0.0
2023-03-15 00:00:00+00:00,4.88,4.88,4.595,4.61,5735,6.024043031281064,,,,5.076503552379445,4.870909222781237,,,,,5.242531304615586,"rgba(239, 83, 80, 1.0)",0.2524552478618028,5.242531304615586,-1.4360220581116223,2,0.5695329565442667,1.1390659130885334,0.0,0.0,0.0,0.0,47.54626739057582,-7.342161743822935,False,True,False,False,True,0.0
2023-03-16 00:00:00+00:00,4.63,4.65,4.58,4.58,2400,6.01775555588727,,,,5.0709826398652185,4.8653305179585535,,,,,5.235229046167705,"rgba(255, 26, 202, 1.0)",0.2559161129308763,5.235229046167705,-2.3649509178469703,2,0.5654615610906485,1.130923122181297,0.0,0.0,0.0,0.0,46.88321683652118,-7.342161743822935,False,True,False,False,True,0.0
2023-03-17 00:00:00+00:00,4.32,4.65,4.32,4.65,2803,6.0094946836642915,,,,5.062055065507245,4.8543122288841145,,,,,5.222674187975509,"rgba(255, 26, 202, 1.0)",0.2647456721302601,5.222674187975509,-3.409589968788519,2,0.5488310931115479,1.0976621862230957,0.0,0.0,0.0,0.0,44.06240543203914,-7.342161743822935,False,True,False,True,False,0.0
2023-03-20 00:00:00+00:00,4.38,4.84,4.38,4.84,320,6.008618399244121,,,,5.061215699756906,4.853387434198286,,,,,5.221720630882552,"rgba(255, 26, 202, 1.0)",0.27220652055125755,5.221720630882552,-3.092213328240433,2,0.5364823145083568,1.0729646290167136,0.0,0.0,0.0,0.0,42.84433482256088,-7.342161743822935,False,True,False,True,False,0.0
2023-03-21 00:00:00+00:00,4.2,4.4,4.1851,4.4,1286,6.004460824752446,,,,5.056147192096855,4.846614879723252,,,,,5.214640454445744,"rgba(255, 26, 202, 1.0)",0.28646369628642604,5.214640454445744,-3.5419512754985787,2,0.5168578813140547,1.0337157626281095,0.0,0.0,0.0,0.0,40.735817650809864,-4.292017048903276,False,True,False,True,False,0.0
2023-03-22 00:00:00+00:00,4.2002,4.2002,4.2002,4.2002,513,6.00274950557229,,,,5.0539880581602885,4.8436767604365105,,,,,5.2116543748163355,"rgba(255, 26, 202, 1.0)",0.2996528186279973,5.2116543748163355,-3.3754208602055615,2,0.4994718200345859,0.9989436400691718,0.0,0.0,0.0,0.0,39.3326286079555,-5.6831652987180945,False,True,False,True,False,0.0
2023-03-23 00:00:00+00:00,4.2002,4.2002,4.2002,4.2002,9,6.002719511404468,,,,5.053950275841043,4.843625452864847,,,,,5.2116027015747495,"rgba(255, 26, 202, 1.0)",0.311949079455229,5.2116027015747495,-3.2422044756182924,2,0.48529464076306994,0.9705892815261399,0.0,0.0,0.0,0.0,38.397169246052584,-6.670758221221817,False,True,False,True,False,0.0
2023-03-24 00:00:00+00:00,4.2002,4.2002,4.2002,4.2002,318,6.00166035783006,,,,5.052617443641503,4.841817822519849,,,,,5.209791894499393,"rgba(255, 26, 202, 1.0)",0.3235060570439694,5.209791894499393,-3.1207820457042454,2,0.47109531976427094,0.9421906395285419,0.0,0.0,0.0,0.0,37.773529671450646,-7.415633707599859,False,True,False,True,False,0.0
2023-03-27 00:00:00+00:00,4.17,4.27,4.14,4.27,2079,5.994740165946642,,,,5.043935865872918,4.830121912420875,,,,,5.198454236177871,"rgba(255, 26, 202, 1.0)",0.33417030497624983,5.198454236177871,-3.07763502879457,2,0.457138708257095,0.91427741651419,0.0,0.0,0.0,0.0,37.07657694531022,-8.272332995877257,False,True,False,True,False,0.0
2023-03-28 00:00:00+00:00,4.17,4.17,4.17,4.17,629,5.992629906697852,,,,5.041272614871803,4.826539369859074,,,,,5.195082613568063,"rgba(255, 26, 202, 1.0)",0.34515707082244557,5.195082613568063,-2.969901822163112,2,0.444528404722913,0.889056809445826,0.0,0.0,0.0,0.0,36.611941794549935,-8.938380609414097,False,True,False,True,False,0.0
2023-03-29 00:00:00+00:00,4.03,4.1,3.99,4.1,7833,5.964908054014443,,,,5.0046637732977945,4.776746971031711,,,,,5.150707041178652,"rgba(255, 26, 202, 1.0)",0.3595472205201645,5.150707041178652,-3.1169954242930915,2,0.4287691676721246,0.8575383353442492,0.0,0.0,0.0,0.0,34.938044945483206,-10.736257975654425,False,True,False,True,False,0.0
2023-03-30 00:00:00+00:00,3.93,4.0,3.93,4.0,13542,5.916717460710587,,,,4.942159693387009,4.695518287864991,,,,,5.082476956597548,"rgba(255, 26, 202, 1.0)",0.37477394772300276,5.082476956597548,-3.0751255886370967,2,0.41173442681929756,0.8234688536385951,0.0,0.0,0.0,0.0,32.951655727975876,-12.76337059193066,False,True,False,True,False,0.0
2023-03-31 00:00:00+00:00,3.95,3.9627,3.91,3.91,5845,5.896496256860838,,,,4.917109343646199,4.664699786659214,,,,,5.056725223352425,"rgba(255, 26, 202, 1.0)",0.3880278923289116,5.056725223352425,-2.85217956036601,2,0.3991407040497168,0.7982814080994336,0.0,0.0,0.0,0.0,32.050237939675014,-13.73697741590967,False,True,False,True,False,0.0
2023-04-03 00:00:00+00:00,3.62,3.98,3.62,3.84,30370,5.787611276460856,,,,4.781694104032666,4.502828021595866,,,,,4.919685588180437,"rgba(255, 26, 202, 1.0)",0.41179221581885367,4.919685588180437,-3.156168422455478,2,0.3766449300751779,0.7532898601503558,0.0,0.0,0.0,0.0,28.980938532516692,-16.71765494292616,False,True,False,True,False,0.0
2023-04-04 00:00:00+00:00,3.7,3.785,3.55,3.69,117000,5.444131348743517,,,,4.442861444799655,4.170748161611989,,,,,4.592849187026412,"rgba(255, 26, 202, 1.0)",0.43063282270721687,4.592849187026412,-2.073342160528836,2,0.36070292379553426,0.7214058475910685,0.0,0.0,0.0,0.0,28.51090369488744,-17.20646075300329,False,True,False,True,False,0.0
2023-04-05 00:00:00+00:00,3.53,3.74,3.51,3.74,24263,5.383672280810881,,,,4.391999644587672,4.126237653440423,,,,,4.5429961494650035,"rgba(255, 26, 202, 1.0)",0.4538737146343999,4.5429961494650035,-2.231889877740514,2,0.34261763103006554,0.6852352620601311,0.0,0.0,0.0,0.0,27.045997195456266,-18.68128920701815,False,True,False,True,False,0.0
2023-04-06 00:00:00+00:00,3.55,3.84,3.49,3.84,9587,5.361282799484984,,,,4.374312882191859,4.111471090419519,,,,,4.5255848221926716,"rgba(255, 26, 202, 1.0)",0.47426574392744825,4.5255848221926716,-2.057042564604695,2,0.3277746910788749,0.6555493821577498,0.0,0.0,0.0,0.0,26.47301039099916,-19.332103846162656,False,True,False,True,False,0.0
2023-04-10 00:00:00+00:00,3.58,3.7949,3.58,3.72,2431,5.355776255277017,,,,4.370102627603697,4.108050145514748,,,,,4.521433556509969,"rgba(255, 0, 0, 1.0)",0.49349865486092515,4.521433556509969,-1.90767198094041,2,0.3155258109627083,0.6310516219254166,0.0,0.0,0.0,0.0,26.72954991356381,-19.332103846162656,False,True,False,True,False,0.0
2023-04-11 00:00:00+00:00,3.58,3.64,3.57,3.5986,3438,5.347799759783526,,,,4.3637822314340955,4.102725831518826,,,,,4.515184981214708,"rgba(255, 0, 0, 1.0)",0.5113292447961263,4.515184981214708,-1.828929189425844,2,0.304473242173511,0.608946484347022,0.0,0.0,0.0,0.0,26.900576261940245,-19.332103846162656,False,True,False,True,False,0.0
2023-04-12 00:00:00+00:00,3.46,3.5716,3.46,3.5716,2715,5.341196728784456,,,,4.358225747785533,4.097787759668874,,,,,4.509675085989892,"rgba(255, 0, 0, 1.0)",0.5294969647396118,4.509675085989892,-1.9824005724113751,2,0.2951957179897521,0.5903914359795042,0.0,0.0,0.0,0.0,26.01163225020229,-20.3172015602093,False,True,False,True,False,0.0
2023-04-13 00:00:00+00:00,3.56,3.56,3.2484,3.38,6369,5.325549471016355,,,,4.344857979774947,4.085743016507856,,,,,4.397091088341023,"rgba(255, 0, 0, 1.0)",0.5431224960961929,4.397091088341023,-1.541256520136417,2,0.2872282301439345,0.574456460287869,-1.0,0.0,3.2484,352.0,27.74087938514677,-20.3172015602093,False,True,False,True,True,0.0
2023-04-14 00:00:00+00:00,3.32,3.48,3.25,3.4701,8564,5.303743013259816,,,,4.325422026898681,4.067629529663051,,,,,4.375696253196329,"rgba(255, 0, 0, 1.0)",0.5649233072400682,4.375696253196329,-1.8687426057068375,2,0.2768521332949669,0.5537042665899338,0.0,0.0,0.0,0.0,26.862555466789573,-20.3172015602093,False,True,False,True,True,0.0
2023-04-17 00:00:00+00:00,3.6,4.0071,3.58,3.7,35044,5.235689825218248,,,,4.281274108356833,4.0366404094879185,,,,,4.346310329119404,"rgba(239, 83, 80, 1.0)",0.5775657045419652,4.346310329119404,-1.292165243279568,2,0.2712780449635529,0.5425560899271058,0.0,0.0,0.0,0.0,31.280236099911622,-22.446898453737163,False,True,False,True,True,0.0
2023-04-18 00:00:00+00:00,3.36,3.6,3.35,3.6,13558,5.206105243908605,,,,4.257758589324719,4.016122666152111,,,,,4.321915109925328,"rgba(255, 0, 0, 1.0)",0.5952163379889724,4.321915109925328,-1.6160764557896756,2,0.26357622321592994,0.5271524464318599,0.0,0.0,0.0,0.0,32.100181088686384,-21.740729762000804,False,True,False,True,True,0.0
2023-04-19 00:00:00+00:00,3.5498,3.5768,3.46,3.46,3565,5.198883974461167,,,,4.252461236871289,4.011780257601211,,,,,4.316727760049081,"rgba(239, 83, 80, 1.0)",0.606679586471669,4.316727760049081,-1.264139715841412,2,0.2576268861628185,0.515253772325637,0.0,0.0,0.0,0.0,35.3295019091291,-18.752838359241444,False,True,False,True,True,0.0
2023-04-20 00:00:00+00:00,3.62,3.67,3.4,3.5545,5378,5.1883296038627424,,,,4.244987784512924,4.005831230317891,,,,,4.309549133179727,"rgba(239, 83, 80, 1.0)",0.6111262669489415,4.309549133179727,-1.1283251440366215,2,0.25278288776302515,0.5055657755260503,0.0,0.0,0.0,0.0,38.39610994497699,-15.996041970095142,False,True,False,True,True,0.0
2023-04-21 00:00:00+00:00,3.64,3.65,3.52,3.62,1203,5.186044978618527,,,,4.243434985620188,4.004640381779205,,,,,4.3080906071314535,"rgba(239, 83, 80, 1.0)",0.6209402784734008,4.3080906071314535,-1.0759337577101182,2,0.24899507407733396,0.4979901481546679,0.0,0.0,0.0,0.0,40.70941603949672,-13.968654140465041,False,False,False,True,True,0.0
2023-04-24 00:00:00+00:00,3.485,3.5138,3.4,3.5138,846,5.184303476821392,,,,4.242114616514878,4.003522543896895,,,,,4.306766179475743,"rgba(239, 83, 80, 1.0)",0.6302456005385457,4.306766179475743,-1.3038824527668944,2,0.2451549002964019,0.4903098005928038,0.0,0.0,0.0,0.0,40.584723562622315,-13.968654140465041,False,False,False,True,True,0.0
2023-04-25 00:00:00+00:00,3.52,3.53,3.49,3.49,4697,5.1749615702387555,,,,4.2353045656504555,3.9979361557013506,,,,,4.300075484583246,"rgba(239, 83, 80, 1.0)",0.6406831752529843,4.300075484583246,-1.2175682376476022,2,0.24159918780838133,0.48319837561676265,0.0,0.0,0.0,0.0,41.031957686391756,-13.68510060411215,False,False,False,True,True,0.0
2023-04-26 00:00:00+00:00,3.8397,3.84,3.63,3.68,2999,5.169963865639244,,,,4.232544265972643,3.9962888345573986,,,,,4.297808528268752,"rgba(239, 83, 80, 0.5)",0.6444931836932188,4.297808528268752,-0.7108043030705091,2,0.23972489453687967,0.47944978907375935,0.0,0.0,0.0,0.0,45.420848556804174,-9.503135905159425,True,False,False,False,True,0.0
2023-04-27 00:00:00+00:00,3.955,4.0715,3.8601,3.89,4230,5.163934831020895,,,,4.230301475507683,3.9959450012757025,,,,,4.296620686252937,"rgba(239, 83, 80, 0.5)",0.6461501324358303,4.296620686252937,-0.5287017197769647,2,0.23853900135867498,0.47707800271734996,0.0,0.0,0.0,0.0,49.52768790642208,-5.74545455202437,True,False,False,False,True,0.0
2023-04-28 00:00:00+00:00,4.215,4.3868,3.93,3.93,7621,5.155140151665784,,,,4.229520457698713,3.9991812047519355,,,,,4.298248059841816,#000000,0.6449432781176833,4.298248059841816,-0.12907811069026418,2,0.2381631935135311,0.4763263870270622,0.0,0.0,0.0,0.0,54.53316802797012,-1.2530924254282425,True,False,True,False,True,0.0
2023-05-01 00:00:00+00:00,4.031,4.42,4.0,4.26,40250,5.109964228188072,,,,4.223805943442006,4.012201855831023,4.150333333333333,,,,4.250782252270119,#000000,0.6450077696354396,4.250782252270119,-0.3407435733593419,2,0.2372194539300416,0.4744389078600832,0.0,0.0,0.0,0.0,55.47425906861537,-0.5860281220700898,True,False,True,False,True,0.0
2023-05-02 00:00:00+00:00,3.845,3.96,3.845,3.96,5403,5.102605644053667,,,,4.220539394246106,4.01072872528215,4.118734073700888,,,,4.246506614724221,"rgba(239, 83, 80, 0.5)",0.6469344688592442,4.246506614724221,-0.6206294981193496,2,0.236209346528224,0.472418693056448,0.0,0.0,0.0,0.0,53.99505749433742,-0.5860281220700898,True,False,True,False,True,0.0
2023-05-03 00:00:00+00:00,3.63,3.7,3.5877,3.7,2884,5.097934674552767,,,,4.217577607726675,4.008475699300087,4.090242816820157,,,,4.242260628288214,"rgba(239, 83, 80, 0.5)",0.6517432822600977,4.242260628288214,-0.9394199295235289,2,0.2336284438503053,0.4672568877006106,0.0,0.0,0.0,0.0,50.918393169225226,-0.5860281220700898,True,False,False,False,False,0.0
2023-05-04 00:00:00+00:00,3.6,3.765,3.58,3.66,3615,5.092157976150847,,,,4.213965207827908,4.005758565515323,4.059611148182237,,,,4.2373024112732365,"rgba(239, 83, 80, 0.5)",0.6550936212770142,4.2373024112732365,-0.9728417291423227,2,0.2311680787023742,0.4623361574047484,0.0,0.0,0.0,0.0,48.59105171549109,5.126233838693594,True,False,False,False,False,0.0
2023-05-05 00:00:00+00:00,3.66,3.78,3.62,3.62,4061,5.085894086378474,,,,4.210232763363922,4.0030768546245845,4.032668491867243,,,,4.232465153606232,"rgba(239, 83, 80, 0.5)",0.6597486679714362,4.232465153606232,-0.8677018710267663,2,0.229762810803497,0.459525621606994,0.0,0.0,0.0,0.0,47.770801323910774,4.293368116859334,True,False,False,False,False,0.0
2023-05-08 00:00:00+00:00,3.825,3.895,3.79,3.83,3302,5.081383525039122,,,,4.208095018286577,4.001947416273221,4.0217939555854265,,,,4.23007553491527,"rgba(239, 83, 80, 0.5)",0.6602542131415486,4.23007553491527,-0.6135145022216274,2,0.229291211464684,0.458582422929368,0.0,0.0,0.0,0.0,49.12461857520785,4.293368116859334,True,False,False,False,False,0.0
2023-05-09 00:00:00+00:00,3.7804,3.85,3.73,3.85,6738,5.071914941921116,,,,4.203232214827565,3.999008419107784,3.9978948223728237,,,,4.224530746751703,"rgba(239, 83, 80, 0.5)",0.6609439084922164,4.224530746751703,-0.6719643543805093,2,0.2287390948480209,0.4574781896960418,0.0,0.0,0.0,0.0,49.50000142244844,4.293368116859334,True,False,False,False,False,0.0
2023-05-10 00:00:00+00:00,3.99,3.99,3.99,3.99,8200,5.062369801075266,,,,4.200278435973453,3.998861108529714,3.9970253135087463,,,,4.22240382345502,#000000,0.6594257860366732,4.22240382345502,-0.35243362994921545,2,0.22897974507799157,0.45795949015598314,0.0,0.0,0.0,0.0,52.009547784099226,4.293368116859334,True,False,True,False,True,0.0
2023-05-11 00:00:00+00:00,3.99,3.99,3.99,3.99,21938,5.037642010857858,,,,4.192763953273071,3.998489692625052,3.9954263952720344,,,,4.216798551665129,#000000,0.6562378121376987,4.216798551665129,-0.3456042115682598,2,0.22930048541487397,0.45860097082974793,0.0,0.0,0.0,0.0,53.68257869186641,4.293368116859334,True,False,True,False,True,0.0
2023-05-12 00:00:00+00:00,3.74,3.74,3.74,3.74,239,5.037316108568093,,,,4.192587752415874,3.998371709941664,3.9947946358963744,,,,4.216602248679805,"rgba(239, 83, 80, 0.5)",0.6552331431573697,4.216602248679805,-0.7273781151899656,2,0.2287719578414533,0.4575439156829066,0.0,0.0,0.0,0.0,51.67433951306481,4.293368116859334,True,False,False,False,True,0.0
2023-05-15 00:00:00+00:00,3.645,3.73,3.6,3.73,1938,5.034513492043519,,,,4.190907123487048,3.997117834360163,3.9881792840137433,,,,4.214663370459297,"rgba(239, 83, 80, 0.5)",0.6551525809491393,4.214663370459297,-0.869512518189287,2,0.22730834116407658,0.45461668232815317,0.0,0.0,0.0,0.0,49.31452044579315,4.293368116859334,True,False,False,False,False,0.0
2023-05-16 00:00:00+00:00,3.8,3.8,3.75,3.75,7392,5.024888969191037,,,,4.186074775313757,3.9941526944587253,3.9738887850761295,,,,4.2095044176625525,"rgba(239, 83, 80, 0.5)",0.6518145672250975,4.2095044176625525,-0.6282529391846723,2,0.22662379044806022,0.45324758089612044,0.0,0.0,0.0,0.0,49.651286087811485,4.293368116859334,True,False,False,False,False,0.0
2023-05-17 00:00:00+00:00,3.82,3.88,3.7,3.73,24095,4.9949273127529725,,,,4.171709288242835,3.985754733810487,3.9416727974062256,,,,4.194730117091291,"rgba(239, 83, 80, 0.5)",0.6405944560124354,4.194730117091291,-0.5849724635831332,2,0.22686501656140914,0.4537300331228183,0.0,0.0,0.0,0.0,50.115337830316896,4.293368116859334,True,False,False,False,False,0.0
2023-05-18 00:00:00+00:00,3.71,3.79,3.71,3.79,3405,4.990592890008036,,,,4.169433702069654,3.984241427070955,3.936442422198911,,,,4.19233000232406,"rgba(239, 83, 80, 0.5)",0.6262733008392887,4.19233000232406,-0.7701589732113352,2,0.22678769279962735,0.4535753855992547,0.0,0.0,0.0,0.0,49.05540695312138,4.293368116859334,True,False,False,False,False,0.0
2023-05-19 00:00:00+00:00,3.64,3.71,3.64,3.71,8762,4.978930975001073,,,,4.16271202538233,3.9793016907346894,3.91961674236991,,,,4.185057484102053,"rgba(239, 83, 80, 0.5)",0.6148305706174342,4.185057484102053,-0.8865165626925274,2,0.22572985053448072,0.45145970106896144,0.0,0.0,0.0,0.0,47.514420502850356,2.6833348767572716,True,False,False,False,False,0.0
2023-05-22 00:00:00+00:00,3.49,3.64,3.47,3.64,12973,4.9603663913386535,,,,4.150574421421034,3.9693641828969652,3.887326690078074,,,,4.171604686803776,"rgba(239, 83, 80, 1.0)",0.6113862325408829,4.171604686803776,-1.1148512192874698,2,0.2239693730413522,0.4479387460827044,0.0,0.0,0.0,0.0,44.83317363525005,-0.03989551424977833,False,False,False,True,False,0.0
2023-05-23 00:00:00+00:00,3.43,3.48,3.39,3.47,3271,4.955437804978328,,,,4.147103701506578,3.966369366975025,3.877955517271844,,,,4.167720861301912,"rgba(239, 83, 80, 1.0)",0.6130156139921658,4.167720861301912,-1.2034291532928874,2,0.22226153534557822,0.44452307069115643,0.0,0.0,0.0,0.0,42.42949097894547,-2.414841252964223,False,False,False,True,False,0.0
2023-05-24 00:00:00+00:00,3.36,3.36,3.36,3.36,1160,4.953613764594958,,,,4.145755300179579,3.9651703221597927,3.8741915414782055,,,,4.166198555872677,"rgba(239, 83, 80, 1.0)",0.6140784164557085,4.166198555872677,-1.312859293322559,2,0.22035912453387987,0.44071824906775975,0.0,0.0,0.0,0.0,40.11603354513542,-4.6587673680772355,False,False,False,True,False,0.0
2023-05-25 00:00:00+00:00,3.34,3.36,3.34,3.36,3659,4.947839493072792,,,,4.1414604688887,3.9613363901721703,3.8623704096110076,,,,4.161357305690001,"rgba(239, 83, 80, 1.0)",0.6074183030581839,4.161357305690001,-1.352210332738894,2,0.21999680107683955,0.4399936021536791,0.0,0.0,0.0,0.0,38.36662998789788,-6.359246076638357,False,True,False,True,False,0.0
2023-05-26 00:00:00+00:00,3.27,3.36,3.27,3.35,4027,4.941348433019731,,,,4.136512320474365,3.9568552243778488,3.8488348255554494,,,,4.155774242215278,"rgba(255, 0, 0, 1.0)",0.5893897350267889,4.155774242215278,-1.502866761286601,2,0.21715290570376689,0.43430581140753377,0.0,0.0,0.0,0.0,36.466455591263255,-8.213600460179912,False,True,False,True,False,0.0
2023-05-30 00:00:00+00:00,3.2,3.366,3.2,3.27,9906,4.925167972438481,,,,4.1239476051262836,3.9453539138321383,3.815659720419672,,,,4.141651367356343,"rgba(255, 0, 0, 1.0)",0.5801618794971064,4.141651367356343,-1.6230838333821267,2,0.2154062483559689,0.4308124967119378,0.0,0.0,0.0,0.0,34.49247452138172,-10.139039874827702,False,True,False,True,False,0.0
2023-05-31 00:00:00+00:00,3.11,3.16,3.08,3.16,7555,4.912027309804347,,,,4.113111383574807,3.935120130026866,3.787079286475838,,,,4.039660510399,"rgba(255, 0, 0, 1.0)",0.5769462309857324,4.039660510399,-1.6113468820320453,2,0.21247356966055916,0.42494713932111833,0.0,0.0,0.0,0.0,32.31994414044967,-12.245941174652842,False,True,False,True,False,0.0
2023-06-01 00:00:00+00:00,3.22,3.22,3.1216,3.17,1284,4.909899961321142,,,,4.111421588949893,3.933553664624978,3.7829394529633396,,,,4.038397141685794,"rgba(239, 83, 80, 1.0)",0.5738697265043622,4.038397141685794,-1.426102656906005,2,0.21046871062637107,0.42093742125274214,0.0,0.0,0.0,0.0,33.31112438855645,-12.245941174652842,False,True,False,True,False,0.0
2023-06-02 00:00:00+00:00,3.3,3.39,3.3,3.3,3337,4.904851908135038,,,,4.107732780635338,3.930286168325783,3.774958952237135,,,,4.037410694267796,"rgba(239, 83, 80, 1.0)",0.5710125647692156,4.037410694267796,-1.2914088756800524,2,0.20911341391332836,0.4182268278266567,0.0,0.0,0.0,0.0,35.59341853855061,-12.245941174652842,False,True,False,True,True,0.0
2023-06-05 00:00:00+00:00,3.13,3.15,3.12,3.15,4612,4.897063305973946,,,,4.101416716373296,3.9243674520614986,3.75970593246257,,,,4.030094503117153,"rgba(255, 0, 0, 1.0)",0.5704741747697897,4.030094503117153,-1.5778006138146032,2,0.2072274801266839,0.4144549602533678,0.0,0.0,0.0,0.0,35.11422301258093,-12.245941174652842,False,True,False,True,True,0.0
2023-06-06 00:00:00+00:00,3.2,3.2403,3.2,3.23,922,4.895584808681028,,,,4.100267521815006,3.923313498283288,3.7571220895236532,,,,4.02902008851135,"rgba(239, 83, 80, 1.0)",0.561219746212419,4.02902008851135,-1.4771755521901575,2,0.20584897206053837,0.41169794412107674,0.0,0.0,0.0,0.0,36.18639570978016,-12.245941174652842,False,True,False,True,True,0.0
2023-06-07 00:00:00+00:00,3.19,3.3,3.19,3.23,1040,4.893933298095779,,,,4.098994104727596,3.922150493071316,3.7543069684846504,,,,4.027859207415471,"rgba(255, 0, 0, 1.0)",0.5551797497475236,4.027859207415471,-1.509167450355493,2,0.20458161100150948,0.40916322200301897,0.0,0.0,0.0,0.0,36.77512702343531,-12.245941174652842,False,True,False,True,True,0.0
2023-06-08 00:00:00+00:00,3.1999,3.2,3.1999,3.2,4473,4.886754019559079,,,,4.093392686745323,3.917001821478527,3.7419356808237834,,,,4.022315957888503,"rgba(255, 0, 0, 1.0)",0.5365020559073245,4.022315957888503,-1.532922285819846,2,0.20350446929543564,0.4070089385908713,0.0,0.0,0.0,0.0,37.38745515490628,-12.245941174652842,False,True,False,True,True,0.0
2023-06-09 00:00:00+00:00,3.15,3.2,3.145,3.2,5094,4.87848398170473,,,,4.086851897897338,3.9109456990649742,3.7276368491984333,,,,4.015425503856017,"rgba(255, 0, 0, 1.0)",0.5168367318062226,4.015425503856017,-1.6744659398173167,2,0.2027585150609025,0.405517030121805,0.0,0.0,0.0,0.0,37.079370452437836,-12.245941174652842,False,True,False,True,True,0.0
2023-06-12 00:00:00+00:00,3.2316,3.26,3.12,3.26,956,4.876975779371983,,,,4.085685955849478,3.909878644143779,3.725211928526344,,,,4.014275594078889,"rgba(255, 0, 0, 1.0)",0.5061898960766436,4.014275594078889,-1.5462094367059076,2,0.20167729014189922,0.40335458028379845,0.0,0.0,0.0,0.0,38.801261697616816,-15.597523531863864,False,False,False,True,True,0.0
2023-06-13 00:00:00+00:00,3.2316,3.2316,3.2316,3.2316,89,4.876837834730946,,,,4.085580976510023,3.909783364952695,3.7249992677574464,,,,4.014176814533799,"rgba(255, 0, 0, 1.0)",0.4924419817657695,4.014176814533799,-1.5891756663956247,2,0.2011422856024536,0.4022845712049072,0.0,0.0,0.0,0.0,39.949189194402805,-14.310416403321781,False,False,False,True,True,0.0
2023-06-14 00:00:00+00:00,3.12,3.23,3.12,3.2299,2608,4.872622196422545,,,,4.082247218621417,3.9066960157354376,3.7179137206723136,,,,4.010657229265978,"rgba(255, 0, 0, 1.0)",0.4891624456131023,4.010657229265978,-1.820780064482778,2,0.2003076299572063,0.4006152599144126,0.0,0.0,0.0,0.0,38.871438510069865,-14.310416403321781,False,False,False,True,True,0.0
2023-06-15 00:00:00+00:00,3.15,3.1799,3.06,3.06,4543,4.865214412313741,,,,4.076330895715406,3.901188724145983,3.7054165000241737,,,,4.0042753404151945,"rgba(255, 0, 0, 1.0)",0.48809769273952797,4.0042753404151945,-1.7502138467822594,2,0.19964866005500126,0.3992973201100025,0.0,0.0,0.0,0.0,38.938917647532456,-14.310416403321781,False,False,False,True,True,0.0
2023-06-16 00:00:00+00:00,3.09,3.18,3.09,3.18,886,4.863768783978478,,,,4.075173557668444,3.900109988128911,3.7029997342552856,,,,4.0030248947221265,"rgba(255, 0, 0, 1.0)",0.4897849013082605,4.0030248947221265,-1.864134423669152,2,0.1992583961160274,0.3985167922320548,0.0,0.0,0.0,0.0,37.997146266899,-14.310416403321781,False,True,False,True,True,0.0
2023-06-20 00:00:00+00:00,2.98,3.15,2.969,3.15,20157,4.829905790773819,,,,4.047248843332319,3.8736985714616683,3.6454755422945753,,,,3.971871093569008,"rgba(255, 26, 202, 1.0)",0.4892015688394181,3.971871093569008,-2.02753048384968,2,0.1985775077020719,0.3971550154041438,0.0,0.0,0.0,0.0,35.773857686252626,-14.310416403321781,False,True,False,True,False,0.0
2023-06-21 00:00:00+00:00,3.05,3.095,2.68,3.07,76625,4.705859844952204,,,,3.9450469708686526,3.776979672678335,3.4722914437747066,,,,3.863985796143198,"rgba(255, 0, 0, 1.0)",0.48602539899521857,3.863985796143198,-1.6747803670877828,2,0.19830272929196624,0.3966054585839325,0.0,0.0,0.0,0.0,36.235062642137734,-14.310416403321781,False,True,False,True,False,0.0
2023-06-22 00:00:00+00:00,2.8801,2.97,2.83,2.83,941,4.704398775471861,,,,3.9438544171460714,3.775855045189072,3.4705472924804157,,,,3.8627633957673266,"rgba(255, 26, 202, 1.0)",0.48550917543402156,3.8627633957673266,-2.0239852210596707,2,0.19769191335653358,0.39538382671306715,0.0,0.0,0.0,0.0,34.253852093854654,-12.099201523427624,False,True,False,True,False,0.0
2023-06-23 00:00:00+00:00,2.8,2.88,2.66,2.85,46521,4.6306461811062025,,,,3.8820721746962503,3.716902774416273,3.3810280897989284,,,,3.798596862620317,"rgba(255, 26, 202, 1.0)",0.4872589527122011,3.798596862620317,-2.049417167323218,2,0.19853862184191753,0.39707724368383507,0.0,0.0,0.0,0.0,32.05007036832477,-14.219719747220637,False,True,False,True,False,0.0
2023-06-26 00:00:00+00:00,2.8,2.91,2.7,2.91,4670,4.623643000212008,,,,3.876354215903374,3.71150592080324,3.3736068945977093,,,,3.7928211271056966,"rgba(255, 26, 202, 1.0)",0.48927664917776675,3.7928211271056966,-2.0291610661864623,2,0.20038687935851215,0.4007737587170243,0.0,0.0,0.0,0.0,30.580882551304846,-15.612270311184261,False,True,False,True,False,0.0
2023-06-27 00:00:00+00:00,2.77,2.81,2.65,2.8,12494,4.604559144497366,,,,3.8605114233444136,3.6964424066724506,3.3526651011679185,,,,3.696420322829746,"rgba(255, 0, 0, 1.0)",0.48747790318873957,3.696420322829746,-1.9004355208097679,2,0.20171938669127817,0.40343877338255635,-1.0,0.0,2.65,414.0,29.25018623902326,-16.88460070330636,False,True,False,True,False,0.0
2023-06-28 00:00:00+00:00,2.77,2.7899,2.75,2.78,3340,4.599594998024618,,,,3.8564501528468886,3.6926048930816497,3.3475349158022834,,,,3.692844434707923,"rgba(255, 0, 0, 1.0)",0.4772018582158682,3.692844434707923,-1.9338659705940684,2,0.20179555195664692,0.40359110391329384,0.0,0.0,0.0,0.0,28.363055364168872,-17.76463914563631,False,True,False,True,False,0.0
2023-06-29 00:00:00+00:00,2.9,2.91,2.76,2.76,12234,4.582489988445844,,,,3.842995815903107,3.680111727015855,3.3321996310852,,,,3.6828316667118783,"rgba(255, 0, 0, 1.0)",0.46430323136873847,3.6828316667118783,-1.686035361856382,2,0.2014828812233026,0.4029657624466052,0.0,0.0,0.0,0.0,31.847864025199573,-17.76463914563631,False,True,False,True,True,0.0
2023-06-30 00:00:00+00:00,2.8,2.9,2.8,2.8173,9199,4.569676965213987,,,,3.8328815992231995,3.670701782484249,3.320749795823997,,,,3.6739713763783812,"rgba(255, 0, 0, 1.0)",0.45871222114810006,3.6739713763783812,-1.9052716192974735,2,0.20119358408355326,0.4023871681671065,0.0,0.0,0.0,0.0,32.572593884770924,-21.565478353531294,False,True,False,True,True,0.0
2023-07-03 00:00:00+00:00,2.83,2.865,2.66,2.78,6300,4.560768371481638,,,,3.8257415883264807,3.6640119994980576,3.312458859209985,,,,3.6671646221607412,"rgba(255, 0, 0, 1.0)",0.44036002370704824,3.6671646221607412,-1.9010913277579193,2,0.20289082635373532,0.40578165270747063,0.0,0.0,0.0,0.0,33.917212369379726,-20.272134935593265,False,True,False,True,True,0.0
2023-07-05 00:00:00+00:00,2.9001,3.24,2.85,2.85,30027,4.524421656519254,,,,3.799664773222069,3.640823891544759,3.2907687447907725,,,,3.6488988545397225,"rgba(255, 0, 0, 1.0)",0.4278092592910162,3.6488988545397225,-1.7503100699144845,1,0.3067341766856164,0.3067341766856164,0.0,0.0,0.0,0.0,36.74653555351944,-17.597825610181758,False,True,False,True,True,0.0
2023-07-06 00:00:00+00:00,2.94,3.07,2.94,2.955,2456,4.521497984332054,,,,3.797569960111433,3.6389604759635286,3.289051060517477,,,,3.6472687289360666,"rgba(255, 0, 0, 1.0)",0.422601739754152,3.6472687289360666,-1.6736058146554704,0,,,0.0,0.0,0.0,0.0,39.67269837608741,-14.902481503508454,False,False,False,True,True,0.0
2023-07-07 00:00:00+00:00,2.98,2.98,2.8501,2.94,1464,4.5197078034431595,,,,3.796255143392375,3.637776076876374,3.2878814702203476,,,,3.6461668851889923,"rgba(255, 0, 0, 1.0)",0.41413326813547513,3.6461668851889923,-1.6085809483218567,0,,,0.0,0.0,0.0,0.0,42.647019890011656,-12.20922256068264,False,False,False,True,True,0.0
2023-07-10 00:00:00+00:00,2.97,2.97,2.89,2.89,1302,4.518125767910417,,,,3.7950981862077584,3.6367360243631683,3.2868673304743408,,,,3.645205033375395,"rgba(255, 0, 0, 1.0)",0.40970253479788543,3.645205033375395,-1.6480372368418157,0,,,0.0,0.0,0.0,0.0,44.38263727949636,-10.678526671065178,False,False,False,True,True,0.0
2023-07-11 00:00:00+00:00,3.026,3.07,2.91,2.96,11237,4.505106517048788,,,,3.7859207865558053,3.6286362350127512,3.279810083762507,,,,3.6381490102645477,"rgba(255, 0, 0, 1.0)",0.40369686215241307,3.6381490102645477,-1.5163581084101543,0,,,0.0,0.0,0.0,0.0,47.03366673318838,-8.250135048128584,True,False,False,False,True,0.0
2023-07-12 00:00:00+00:00,3.15,3.17,3.06,3.17,597,4.504477931419917,,,,3.78551574220536,3.628296149930943,3.279608783796181,,,,3.6379071148693827,"rgba(239, 83, 80, 1.0)",0.39550134584569807,3.6379071148693827,-1.2336421101832005,0,,,0.0,0.0,0.0,0.0,51.551341888396934,-4.1167701555087675,True,False,True,False,True,0.0
2023-07-13 00:00:00+00:00,3.34,3.36,3.17,3.23,5694,4.4992186718727645,,,,3.782628968078163,3.6261241836204263,3.2797374439431,,,,3.5945554399130097,"rgba(239, 83, 80, 0.5)",0.38542410406302496,3.5945554399130097,-0.6604554235958857,0,,,0.0,0.0,0.0,0.0,57.530509834708006,1.254699225253809,True,False,True,False,True,0.0
2023-07-14 00:00:00+00:00,3.25,3.29,3.1201,3.2529,7474,4.491988602805779,,,,3.778359449365096,3.6227305086653523,3.2787826360314596,,,,3.5908713127319984,"rgba(239, 83, 80, 0.5)",0.3759446300423113,3.5908713127319984,-0.9067061622708495,0,,,0.0,0.0,0.0,0.0,59.077649463264535,2.4252257311734553,True,False,True,False,True,0.0
2023-07-17 00:00:00+00:00,3.225,3.2373,3.16,3.2,3200,4.488887551491479,,,,3.7765103914001714,3.6212498608986476,3.278297420318252,,,,3.5896240764015404,"rgba(239, 83, 80, 0.5)",0.36595432515669707,3.5896240764015404,-0.996364986929483,0,,,0.0,0.0,0.0,0.0,59.46308938002164,2.7017983122610545,True,False,True,False,True,0.0
2023-07-18 00:00:00+00:00,3.17,3.18,3.0602,3.0602,1360,4.487501670431074,,,,3.7756309825407883,3.620516812343581,3.2778894451402,,,,3.588708233971841,"rgba(239, 83, 80, 1.0)",0.3593938833873065,3.588708233971841,-1.1650399556761892,0,,,0.0,0.0,0.0,0.0,58.311726271616735,2.7017983122610545,True,False,True,False,True,0.0
2023-07-19 00:00:00+00:00,2.93,3.21,2.93,3.07,4905,4.48210919216584,,,,3.7719198685997855,3.617275889491766,3.2752708187399415,,,,3.583687127510905,"rgba(255, 0, 0, 1.0)",0.3576173396444963,3.583687127510905,-1.827895504621583,0,,,0.0,0.0,0.0,0.0,52.84162810630613,2.7017983122610545,True,False,True,False,False,0.0
2023-07-20 00:00:00+00:00,3.16,3.23,3.16,3.225,795,4.481334372652623,,,,3.7714496433731153,3.616894525725903,3.2751177849803215,,,,3.5834376336347673,"rgba(239, 83, 80, 1.0)",0.35207974448876195,3.5834376336347673,-1.2026753605198748,0,,,0.0,0.0,0.0,0.0,53.25818248680317,2.7017983122610545,True,False,True,False,False,0.0
2023-07-21 00:00:00+00:00,3.16,3.16,3.16,3.16,2,4.481332389567804,,,,3.77144841446817,3.6168935155778152,3.275117302923648,,,,3.5834368324537733,"rgba(239, 83, 80, 1.0)",0.3515956924988934,3.5834368324537733,-1.204328839879362,0,,,0.0,0.0,0.0,0.0,53.535885407134536,2.7017983122610545,True,False,True,False,False,0.0
2023-07-24 00:00:00+00:00,3.1685,3.35,2.95,3.35,19160,4.462549409352467,,,,3.759825509897234,3.6073375265533536,3.2705294864233214,,,,3.575981967452944,"rgba(239, 83, 80, 1.0)",0.34999339274586083,3.575981967452944,-1.1642561713981476,0,,,0.0,0.0,0.0,0.0,53.86326269175163,2.7017983122610545,True,False,True,False,False,0.0
2023-07-25 00:00:00+00:00,3.0101,3.0717,3.01,3.05,2138,4.460288163282995,,,,3.758291598772541,3.606005789314332,3.2695013044463015,,,,3.574484388414466,"rgba(255, 0, 0, 1.0)",0.3515743093085136,3.574484388414466,-1.605306114444236,0,,,0.0,0.0,0.0,0.0,51.17308637395605,7.612794006733125,True,False,False,False,False,0.0
2023-07-26 00:00:00+00:00,3.12,3.12,3.04,3.04,1463,4.458812654146558,,,,3.7573358479209253,3.605197007702785,3.268986220185515,,,,3.5737146668133613,"rgba(239, 83, 80, 1.0)",0.351700736591369,3.5737146668133613,-1.2900589040861725,0,,,0.0,0.0,0.0,0.0,51.346443995764346,7.518345447779225,True,False,False,False,False,0.0
2023-07-27 00:00:00+00:00,3.09,3.24,3.08,3.24,4009,4.454913448067436,,,,3.7549008697995077,3.603180279671324,3.267934497202181,,,,3.572070376961328,"rgba(239, 83, 80, 1.0)",0.3517293029210474,3.572070376961328,-1.3705721216794335,0,,,0.0,0.0,0.0,0.0,50.91665204364371,6.76695127025004,True,False,False,False,False,0.0
2023-07-28 00:00:00+00:00,3.08,3.22,3.07,3.1762,7132,4.447963736592643,,,,3.750523538399988,3.599533792393836,3.2659183304562474,,,,3.56896936528456,"rgba(239, 83, 80, 1.0)",0.3517277148821355,3.56896936528456,-1.390192881014265,0,,,0.0,0.0,0.0,0.0,50.438707731616184,5.94299246028536,True,False,False,False,False,0.0
2023-07-31 00:00:00+00:00,3.135,3.21,3.06,3.06,12792,4.435786948152651,,,,3.742965730568775,3.5932872902044157,3.262724183379267,,,,3.563880449549825,"rgba(239, 83, 80, 1.0)",0.3520636610788521,3.563880449549825,-1.2181900518661266,0,,,0.0,0.0,0.0,0.0,51.21294166828767,5.94299246028536,True,False,False,False,False,0.0
2023-08-01 00:00:00+00:00,3.22,3.23,3.1789,3.18,5085,4.431283146366907,,,,3.740375210018477,3.591247448246247,3.2622142247996115,,,,3.5626589442698964,"rgba(239, 83, 80, 0.5)",0.35114873085627774,3.5626589442698964,-0.9758228185370935,0,,,0.0,0.0,0.0,0.0,53.29375859541122,5.94299246028536,True,False,True,False,True,0.0
2023-08-02 00:00:00+00:00,3.1,3.15,3.06,3.15,9387,4.42233944980919,,,,3.7347139102137445,3.5865050912824743,3.259446075958451,,,,3.558415407213187,"rgba(239, 83, 80, 1.0)",0.35204714443195717,3.558415407213187,-1.3021420979081062,0,,,0.0,0.0,0.0,0.0,52.12069894839713,5.94299246028536,True,False,False,False,True,0.0
2023-08-03 00:00:00+00:00,3.1117,3.1117,3.09,3.09,2156,4.420304004029822,,,,3.733430115689671,3.585431383710889,3.2588283735693695,,,,3.5574616326599617,"rgba(239, 83, 80, 1.0)",0.3512154183547224,3.5574616326599617,-1.2691972201794088,0,,,0.0,0.0,0.0,0.0,51.57530210927584,5.94299246028536,True,False,False,False,True,0.0
2023-08-04 00:00:00+00:00,3.06,3.06,3.06,3.06,1173,4.419161897812137,,,,3.7326846196895427,3.5847954034517087,3.2583981520219285,,,,3.5568463752593296,"rgba(239, 83, 80, 1.0)",0.35232494189977137,3.5568463752593296,-1.4101935916892063,0,,,0.0,0.0,0.0,0.0,50.12985287383836,4.562703132814079,True,False,False,False,False,0.0
2023-08-07 00:00:00+00:00,3.08,3.116,3.08,3.09,833,4.41837106888051,,,,3.7321813476657324,3.584372181560931,3.2581428569323614,,,,3.5564613314564815,"rgba(239, 83, 80, 1.0)",0.35207693307513943,3.5564613314564815,-1.3532875536461122,0,,,0.0,0.0,0.0,0.0,49.63453039707679,3.8785760294272578,True,False,False,False,False,0.0
2023-08-08 00:00:00+00:00,3.03,3.08,2.95,3.08,5675,4.412717242587202,,,,3.7283903632437716,3.5810893066779257,3.255679447844932,,,,3.553113539464268,"rgba(239, 83, 80, 1.0)",0.35137594449700704,3.553113539464268,-1.4887574054424892,0,,,0.0,0.0,0.0,0.0,48.19797312872011,2.3127273862674684,True,False,False,False,False,0.0
2023-08-09 00:00:00+00:00,2.9,2.98,2.88,2.98,15129,4.396799338731094,,,,3.7170792008286715,3.5709942161136614,3.2466709202597626,,,,3.4863459394663203,"rgba(255, 0, 0, 1.0)",0.3518085289441267,3.4863459394663203,-1.6666620937988754,0,,,0.0,0.0,0.0,0.0,44.77340774805446,-1.0305419523322854,False,False,False,True,False,0.0
2023-08-10 00:00:00+00:00,2.96,2.96,2.94,2.94,445,4.396346724216253,,,,3.7167650009090685,3.5707169128700347,3.2464395519460405,,,,3.486121750061707,"rgba(239, 83, 80, 1.0)",0.3529013650728243,3.486121750061707,-1.4908464577719538,0,,,0.0,0.0,0.0,0.0,44.07432352265049,-1.7314705269516537,False,False,False,True,False,0.0
2023-08-11 00:00:00+00:00,2.8885,2.96,2.88,2.92,2681,4.393543193870767,,,,3.7147691180724407,3.5689332511291734,3.244846000457483,,,,3.43110331121634,"rgba(255, 0, 0, 1.0)",0.35446526618234725,3.43110331121634,-1.5307658125724766,0,,,0.0,0.0,0.0,0.0,42.31100874061682,-3.465628929393141,False,False,False,True,False,0.0
2023-08-14 00:00:00+00:00,3.03,3.04,3.03,3.04,879,4.392702827544748,,,,3.7142171880519053,3.5684599721939048,3.244518531872121,,,,3.432515706632592,"rgba(239, 83, 80, 1.0)",0.3490091464765886,3.432515706632592,-1.1533099080530624,0,,,0.0,0.0,0.0,0.0,44.51534426526307,-3.465628929393141,False,False,False,True,True,0.0
2023-08-15 00:00:00+00:00,2.9,2.96,2.88,2.94,34333,4.357844503268537,,,,3.6896573783870097,3.5466030857041404,3.2256330639343647,,,,3.41096556647978,"rgba(239, 83, 80, 1.0)",0.3415573970733002,3.41096556647978,-1.4959874119491663,0,,,0.0,0.0,0.0,0.0,43.64647804888672,-3.465628929393141,False,False,False,True,True,0.0
2023-08-16 00:00:00+00:00,3.165,3.3,3.13,3.23,20084,4.342079360628524,,,,3.6809989262945493,3.5399362000947403,3.2247518060857376,,,,3.4168249791878162,"rgba(239, 83, 80, 0.5)",0.32201296152077474,3.4168249791878162,-0.7820336734227068,0,,,0.0,0.0,0.0,0.0,47.778427331877744,-6.7775701739326735,True,False,False,False,True,0.0
2023-08-17 00:00:00+00:00,3.03,3.06,2.9701,2.9701,4911,4.33769861745172,,,,3.6781629448000315,3.5375139384900853,3.2231485356373595,,,,3.41503110698076,"rgba(239, 83, 80, 1.0)",0.308664327136842,3.41503110698076,-1.2474104492485205,0,,,0.0,0.0,0.0,0.0,48.29171487858869,-6.342423179836764,True,False,False,False,True,0.0
2023-08-18 00:00:00+00:00,3.15,3.15,3.06,3.1,2375,4.3357503915380295,,,,3.6770071546378365,3.5365753265893556,3.222759342877099,,,,3.4148110858092102,"rgba(239, 83, 80, 0.5)",0.2997265618724581,3.4148110858092102,-0.8835089027641625,0,,,0.0,0.0,0.0,0.0,50.407721730253016,-4.328288447948651,True,False,False,False,True,0.0
2023-08-21 00:00:00+00:00,3.22,3.31,3.06,3.14,9243,4.328701696717568,,,,3.6731671594031896,3.5336272179954413,3.222381737002904,,,,3.415548486399497,"rgba(239, 83, 80, 0.5)",0.29555022316758106,3.415548486399497,-0.6616421544321354,0,,,0.0,0.0,0.0,0.0,52.77278283959503,-2.09950445372413,True,False,True,False,True,0.0
2023-08-22 00:00:00+00:00,3.15,3.3726,3.1229,3.16,6658,4.323760225730156,,,,3.6705448463005648,3.5316499621081405,3.2223073002020595,3.2151666666666667,,,3.383328035974736,"rgba(239, 83, 80, 0.5)",0.2918213343317512,3.383328035974736,-0.7995578407899472,0,,,0.0,1.0,3.3726,537.0,53.10503510091272,-1.7542354526445223,True,False,True,False,True,0.0
2023-08-23 00:00:00+00:00,3.23,3.3478,3.16,3.21,3880,4.320980079433988,,,,3.6691327912217613,3.530619902994711,3.2224484962745716,3.2264946858986523,,,3.3844869262848305,"rgba(239, 83, 80, 0.5)",0.28667943487172376,3.3844869262848305,-0.5388838803660838,0,,,0.0,0.0,0.0,0.0,54.48939731731637,-0.3412176140632681,True,False,True,False,True,0.0
2023-08-24 00:00:00+00:00,3.23,3.23,3.23,3.23,0,4.320980079433988,,,,3.6691327912217613,3.530619902994711,3.2224484962745716,3.2264946858986523,,,3.3844869262848305,"rgba(239, 83, 80, 0.5)",0.27682578545989533,3.3844869262848305,-0.5580655213464988,0,,,0.0,0.0,0.0,0.0,55.41230546158546,0.6588650039006296,True,False,True,False,True,0.0
2023-08-25 00:00:00+00:00,3.23,3.23,3.23,3.23,0,4.320980079433988,,,,3.6691327912217613,3.530619902994711,3.2224484962745716,3.2264946858986523,,,3.3844869262848305,"rgba(239, 83, 80, 0.5)",0.2677952201498892,3.3844869262848305,-0.5768845545426903,0,,,0.0,0.0,0.0,0.0,56.02757755776486,1.4084978226221523,True,False,True,False,True,0.0
2023-08-28 00:00:00+00:00,2.56,2.955,2.47,2.9,103973,4.213702439374732,,,,3.586698937179589,3.454067246510415,3.1450377393494016,2.7136455828115498,,,3.2685231084090995,"rgba(255, 26, 202, 1.0)",0.2594664031229131,3.2685231084090995,-2.73069306808659,0,,,0.0,0.0,0.0,0.0,47.71797679335854,2.8079094311268875,False,False,False,False,False,0.0
2023-08-29 00:00:00+00:00,2.3,2.57,2.28,2.56,111619,4.09490849184817,,,,3.4895304940368606,3.3615512120606903,3.0467279282258577,2.5506016568640457,,,3.1597555487435978,"rgba(255, 26, 202, 1.0)",0.25907659921237947,3.1597555487435978,-3.318538036076383,0,,,0.0,0.0,0.0,0.0,40.486526489607755,-3.6353258493148672,False,True,False,True,False,0.0
2023-08-30 00:00:00+00:00,2.3,2.36,2.25,2.26,20524,4.073780294888401,,,,3.4721761721020283,3.345001564526427,3.029494670043116,2.5300265392006613,,,3.1417231182366576,"rgba(255, 26, 202, 1.0)",0.26646052583266333,3.1417231182366576,-3.158903614733757,0,,,0.0,0.0,0.0,0.0,35.66555962044056,-7.6704558148945665,False,True,False,True,False,0.0
2023-08-31 00:00:00+00:00,2.35,2.35,2.24,2.35,9493,4.0642297241168475,,,,3.4643870620427646,3.337592472709106,3.021897209075876,2.5219957264123076,,,3.1338662965389004,"rgba(255, 26, 202, 1.0)",0.2732038161526167,3.1338662965389004,-2.8691630577408116,0,,,0.0,0.0,0.0,0.0,33.35371941750951,-9.429033277997398,False,True,False,True,False,0.0
2023-09-01 00:00:00+00:00,2.32,2.34,2.24,2.28,4596,4.059608054862234,,,,3.460610242478091,3.3339972908837083,3.018208413114721,2.518082707237906,,,3.1300560127543458,"rgba(255, 26, 202, 1.0)",0.2748805410119447,3.1300560127543458,-2.946938367380271,0,,,0.0,0.0,0.0,0.0,31.586706059617057,-10.865064378531805,False,True,False,True,False,0.0
2023-09-05 00:00:00+00:00,2.2442,2.34,2.21,2.25,6060,4.053429698476166,,,,3.4555174672411324,3.329134428672026,3.0131658133231425,2.5123282846644654,,,3.1248281335640327,"rgba(255, 26, 202, 1.0)",0.2772334678000851,3.1248281335640327,-3.1764856550402465,0,,,0.0,0.0,0.0,0.0,29.83363845914596,-12.451867265849756,False,True,False,True,False,0.0
2023-09-06 00:00:00+00:00,2.2488,2.275,2.24,2.27,7419,4.0458809445616595,,,,3.4492887937418737,3.32318481479657,3.0070011719223517,2.505355517549042,,,3.118449258655357,"rgba(255, 26, 202, 1.0)",0.2816818191051861,3.118449258655357,-3.087346075149462,0,,,0.0,0.0,0.0,0.0,28.765329400903422,-13.529980470521409,False,True,False,True,False,0.0
2023-09-07 00:00:00+00:00,2.2,2.2434,2.2,2.2434,8873,4.036735123778951,,,,3.4416763118090756,3.3158911085787928,2.99937235592961,2.4962382361633613,,,3.1105387179660737,"rgba(255, 26, 202, 1.0)",0.288710697193343,3.1105387179660737,-3.1538101179406817,0,,,0.0,0.0,0.0,0.0,27.648916817793843,-14.774186276963604,False,True,False,True,False,0.0
2023-09-08 00:00:00+00:00,2.21,2.22,2.19,2.19,2564,4.034098035271743,,,,3.439480137623638,3.313786509944491,2.997173523462717,2.493639117969327,,,3.1082629235886285,"rgba(255, 26, 202, 1.0)",0.29784546934745054,3.1082629235886285,-3.015869019450362,0,,,0.0,0.0,0.0,0.0,27.15724330784545,-15.52410164687624,False,True,False,True,False,0.0
2023-09-11 00:00:00+00:00,2.2789,2.2789,2.19,2.19,1713,4.032381408019196,,,,3.4380677790262255,3.3124388113200838,2.9957900751494306,2.4921824346143677,,,3.1068421039348064,"rgba(255, 26, 202, 1.0)",0.30477490231492704,3.1068421039348064,-2.7165691716940827,0,,,0.0,0.0,0.0,0.0,28.588982706992333,-15.52410164687624,False,True,False,True,False,0.0
2023-09-12 00:00:00+00:00,2.27,2.27,2.26,2.26,2312,4.030092299251083,,,,3.436194677958519,3.310654933489549,2.9939742917934997,2.4903825683618477,,,3.1049843884203243,"rgba(255, 26, 202, 1.0)",0.31235226792720994,3.1049843884203243,-2.673213785068171,0,,,0.0,0.0,0.0,0.0,29.438033824312015,-15.52410164687624,False,True,False,True,False,0.0
2023-09-13 00:00:00+00:00,2.18,2.33,2.18,2.33,92303,3.941508765591056,,,,3.3638135715754656,3.2417531311384167,2.924885987949874,2.427463955405114,,,3.0349189179910536,"rgba(255, 26, 202, 1.0)",0.32217153480379057,3.0349189179910536,-2.653614070875993,0,,,0.0,0.0,0.0,0.0,28.959797386242354,-15.52410164687624,False,True,False,True,False,0.0
2023-09-14 00:00:00+00:00,2.19,2.21,2.05,2.18,20795,3.9218646769524454,,,,3.3476226739355295,3.2262928598894716,2.909413951993772,2.4131389285850244,,,3.019272512488432,"rgba(255, 26, 202, 1.0)",0.33171546012581127,3.019272512488432,-2.4999513503950346,0,,,0.0,0.0,0.0,0.0,28.9325161618534,-15.52410164687624,False,True,False,True,False,0.0
2023-09-15 00:00:00+00:00,2.08,2.151,2.08,2.1,8456,3.913793664023346,,,,3.340911774467057,3.2198653873011347,2.90292458025853,2.406775466437116,,,3.0126987514988715,"rgba(255, 26, 202, 1.0)",0.34465532148890843,3.0126987514988715,-2.706178298566869,0,,,0.0,0.0,0.0,0.0,27.680709072178423,-16.716899761804868,False,True,False,True,False,0.0
2023-09-18 00:00:00+00:00,1.9,2.0,1.8813,2.0,88061,3.82601073781883,,,,3.2657066674317936,3.147122341001747,2.8274126145767142,2.322175454720852,,,2.9360372278317635,"rgba(255, 26, 202, 1.0)",0.3635238849854946,2.9360372278317635,-2.849983922990655,0,,,0.0,0.0,0.0,0.0,25.273100911040107,-19.32753282783824,False,True,False,True,False,0.0
2023-09-19 00:00:00+00:00,1.88,1.91,1.835,1.91,7233,3.818955683541479,,,,3.2596569820199077,3.1412699555322043,2.8213973822634126,2.3157900337326502,,,2.9299635053111115,"rgba(255, 26, 202, 1.0)",0.3803973652583409,2.9299635053111115,-2.7601755459006543,0,,,0.0,0.0,0.0,0.0,23.515301675127734,-21.229820707521753,False,True,False,True,False,0.0
2023-09-20 00:00:00+00:00,1.8,1.935,1.8,1.88,12147,3.807040540981509,,,,3.2493972083886837,3.131331758512788,2.8111497792846376,2.3047645506501455,,,2.919616349006464,"rgba(255, 26, 202, 1.0)",0.3974744511025474,2.919616349006464,-2.8168259517077887,0,,,0.0,0.0,0.0,0.0,21.74541745180921,-23.098522737553424,False,True,False,True,False,0.0
2023-09-21 00:00:00+00:00,1.71,1.765,1.705,1.765,1831,3.8051493840228234,,,,3.247734352991319,3.1297103119484975,2.8094368033294104,2.3027309735323693,,,2.917881101765203,"rgba(255, 26, 202, 1.0)",0.41809489913735703,2.917881101765203,-2.8890118110921437,0,,,0.0,0.0,0.0,0.0,19.959142870174162,-24.947788464565164,False,True,False,True,False,0.0
2023-09-22 00:00:00+00:00,1.7,1.75,1.6764,1.75,36816,3.7675196072771824,,,,3.2146694684204014,3.0974788554614494,2.775556897850091,2.263496911741662,,,2.8836385389267964,"rgba(255, 26, 202, 1.0)",0.4365349976166128,2.8836385389267964,-2.7114401946904794,0,,,0.0,0.0,0.0,0.0,18.70239308701506,-26.285027079674286,False,True,False,True,False,0.0
2023-09-25 00:00:00+00:00,1.725,1.8,1.71,1.8,1895,3.7656526591290715,,,,3.213045942687209,3.095901572597014,2.7739266441831565,2.261739911114449,,,2.8819967385030125,"rgba(255, 26, 202, 1.0)",0.45263111942315926,2.8819967385030125,-2.5561581801479063,0,,,0.0,0.0,0.0,0.0,18.761691649721143,-26.415920320966617,False,True,False,True,False,0.0
2023-09-26 00:00:00+00:00,1.74,1.77,1.7329,1.7329,5084,3.7606674088136693,,,,3.2087157169529865,3.091696291404216,2.7695894209665446,2.257108164379192,,,2.877630678829095,"rgba(255, 26, 202, 1.0)",0.46677255225509,2.877630678829095,-2.437227024881666,0,,,0.0,0.0,0.0,0.0,19.362422635118705,-26.415920320966617,False,True,False,True,False,0.0
2023-09-27 00:00:00+00:00,1.73,1.73,1.73,1.73,308,3.7603635438483827,,,,3.208451048160098,3.091439037419377,2.769323326327639,2.2568206235067207,,,2.8773627472464787,"rgba(255, 26, 202, 1.0)",0.48055754035576714,2.8773627472464787,-2.3875657978377807,0,,,0.0,0.0,0.0,0.0,19.6601469911984,-26.415920320966617,False,True,False,True,False,0.0
2023-09-28 00:00:00+00:00,1.735,1.74,1.71,1.71,3833,3.756586499390116,,,,3.205161500995567,3.088241765118163,2.766017898089699,2.253257062881376,,,2.8740350315241345,"rgba(255, 26, 202, 1.0)",0.4920985880495415,2.8740350315241345,-2.314648038391574,0,,,0.0,0.0,0.0,0.0,20.076014161168985,-26.415920320966617,False,True,False,True,False,0.0
2023-09-29 00:00:00+00:00,1.742,1.742,1.74,1.742,980,3.7556292337699246,,,,3.2043301766358243,3.0874345021174814,2.765186696823714,2.252376026091772,,,2.873198736517121,"rgba(255, 26, 202, 1.0)",0.5023859006384955,2.873198736517121,-2.251653032219755,0,,,0.0,0.0,0.0,0.0,20.68116324871614,-26.415920320966617,False,True,False,True,True,0.0
2023-10-02 00:00:00+00:00,1.7,1.75,1.7,1.75,32274,3.724224320746327,,,,3.1770174959534945,3.06090195241031,2.737905094805897,2.2236416337599025,,,2.8457709563441225,"rgba(255, 26, 202, 1.0)",0.5141470357996957,2.8457709563441225,-2.2284888885180667,0,,,0.0,0.0,0.0,0.0,20.531029994520264,-26.415920320966617,False,True,False,True,True,0.0
2023-10-03 00:00:00+00:00,1.71,1.9153,1.66,1.9153,12513,3.7125747069240935,,,,3.167014703589207,3.051225167216796,2.7281562306433487,2.214232126857187,,,2.7634255625937354,"rgba(255, 26, 202, 1.0)",0.5243574274470716,2.7634255625937354,-2.0089837722381985,0,,,0.0,0.0,0.0,0.0,20.9489407309307,-26.415920320966617,False,True,False,True,True,0.0
2023-10-04 00:00:00+00:00,1.78,1.86,1.71,1.86,9041,3.7043353355768227,,,,3.159984518268752,3.0444380881330715,2.7213872165361273,2.207981455393788,,,2.7574557416566767,"rgba(255, 0, 0, 1.0)",0.5327014727840522,2.7574557416566767,-1.834903396358583,0,,,0.0,0.0,0.0,0.0,24.6283104049051,-28.746249920337753,False,True,False,True,True,0.0
2023-10-05 00:00:00+00:00,1.73,1.82,1.72,1.82,1792,3.7026880205978365,,,,3.1585727249301314,3.043073189262124,2.7200192300631456,2.2066875408636593,,,2.756102389521254,"rgba(255, 0, 0, 1.0)",0.542506365311593,2.756102389521254,-1.8914107835986473,0,,,0.0,0.0,0.0,0.0,26.090049063116023,-27.341421441439344,False,True,False,True,True,0.0
2023-10-06 00:00:00+00:00,1.78,1.8199,1.75,1.75,11388,3.6924266408371618,,,,3.149836061038807,3.0346447315102787,2.7116535141570095,2.199111677042186,,,2.748393561115291,"rgba(255, 0, 0, 1.0)",0.549898192713471,2.748393561115291,-1.7610415417747713,0,,,0.0,0.0,0.0,0.0,29.259678522393177,-24.380130103164667,False,True,False,True,True,0.0
2023-10-09 00:00:00+00:00,1.7047,1.9899,1.7047,1.8,3104,3.6896726820161905,,,,3.1475024106205765,3.0323969048163577,2.709439129933637,2.1971734545875305,,,2.7464015517884546,"rgba(255, 0, 0, 1.0)",0.559676883454968,2.7464015517884546,-1.8612552752900513,0,,,0.0,0.0,0.0,0.0,29.792047009740493,-23.935699111971402,False,True,False,True,True,0.0
2023-10-10 00:00:00+00:00,1.795,1.8399,1.69,1.69,2817,3.6871475798318056,,,,3.145352661633354,3.0303230854303176,2.7073842445006653,2.195321898171572,,,2.744449078136916,"rgba(255, 0, 0, 1.0)",0.5674346447266223,2.744449078136916,-1.673230718216615,0,,,0.0,0.0,0.0,0.0,33.591632479602765,-20.410264966879303,False,True,False,True,True,0.0
2023-10-11 00:00:00+00:00,1.94,2.05,1.84,1.89,25902,3.666255153515316,,,,3.1282874346082523,3.0140854633556105,2.6922417895034574,2.1855546861461983,,,2.674231268436925,"rgba(239, 83, 80, 1.0)",0.5722676470147617,2.674231268436925,-1.2830207548287023,0,,,0.0,0.0,0.0,0.0,40.21891639678631,-14.414473755926949,False,False,False,True,True,0.0
2023-10-12 00:00:00+00:00,1.8,1.92,1.73,1.92,2737,3.6639165542714065,,,,3.126322720461472,3.0121983431470425,2.6904120032404664,2.1840499834077005,,,2.671944770725474,"rgba(255, 0, 0, 1.0)",0.5793198764752262,2.671944770725474,-1.5051179946227193,0,,,0.0,0.0,0.0,0.0,41.401089766500526,-13.640646153218547,True,False,False,True,True,0.0
2023-10-13 00:00:00+00:00,1.815,1.87,1.75,1.75,1080,3.6629928932788256,,,,3.125546123712579,3.011452227611004,2.689687965910062,2.183451576116122,,,2.6710593564986156,"rgba(239, 83, 80, 1.0)",0.5857323385578301,2.6710593564986156,-1.4615197081424176,0,,,0.0,0.0,0.0,0.0,42.581883643152345,-12.701776995605108,True,False,False,True,True,0.0
2023-10-16 00:00:00+00:00,1.7942,1.7942,1.79,1.79,1317,3.66185632002033,,,,3.1245867669588803,3.010529347573787,2.688787718249961,2.1826875502741596,,,2.669927178413304,"rgba(239, 83, 80, 1.0)",0.5913463567880322,2.669927178413304,-1.4809039886030921,0,,,0.0,0.0,0.0,0.0,42.905200487208404,-12.426638147920443,True,False,False,True,True,0.0
2023-10-17 00:00:00+00:00,1.83,1.85,1.83,1.85,549,3.6613940501475977,,,,3.124200419640943,3.0101588953104246,2.688431324573339,2.182405677310542,,,2.6695353633885714,"rgba(239, 83, 80, 1.0)",0.5966287554959757,2.6695353633885714,-1.4071319152069164,0,,,0.0,0.0,0.0,0.0,44.16272376018325,-11.15925879419784,True,False,False,True,True,0.0
2023-10-18 00:00:00+00:00,1.78,1.805,1.78,1.805,1137,3.660412076519741,,,,3.1233710070535614,3.0093608482036758,2.6876523368988963,2.181741960052952,,,2.668571598377058,"rgba(239, 83, 80, 1.0)",0.602212924985683,2.668571598377058,-1.4755106732360204,0,,,0.0,0.0,0.0,0.0,43.781132827315716,-11.15925879419784,True,False,False,True,True,0.0
2023-10-19 00:00:00+00:00,1.65,1.8,1.65,1.8,18949,3.6434318640980203,,,,3.1087935902826778,2.995261385271199,2.6736096091452066,2.1685889536799294,,,2.650598823814065,"rgba(255, 0, 0, 1.0)",0.6091999282384708,2.650598823814065,-1.6424802063049184,0,,,0.0,0.0,0.0,0.0,40.900241187742296,-11.15925879419784,True,False,False,True,False,0.0
2023-10-20 00:00:00+00:00,1.6,1.87,1.6,1.87,10171,3.6343921029231905,1.6900000000000002,,,3.101036869199141,2.9877604552413537,2.6661597913010064,2.1616765012726082,,,2.574089175543328,"rgba(255, 0, 0, 1.0)",0.6162425863070246,2.574089175543328,-1.5806911063722187,0,,,0.0,0.0,0.0,0.0,38.137254264183525,-6.560607414026798,False,False,False,True,False,0.0
2023-10-23 00:00:00+00:00,1.68,1.68,1.61,1.61,2422,3.632215110800449,1.6835890309431167,,,3.099158923922485,2.985941412671552,2.66434237606168,2.1599455347695624,,,2.571771475565093,"rgba(239, 83, 80, 1.0)",0.6208068848212249,2.571771475565093,-1.4364716264735022,0,,,0.0,0.0,0.0,0.0,38.81914795248436,-6.560607414026798,False,False,False,True,False,0.0
2023-10-24 00:00:00+00:00,1.6,1.71,1.6,1.63,2890,3.6295974896782583,1.6748306745032187,,,3.096893505421988,2.983744814080207,2.6621394564715652,2.1578140946767412,,,2.498688484974408,"rgba(239, 83, 80, 1.0)",0.626385357419202,2.498688484974408,-1.434721412833043,0,,,0.0,0.0,0.0,0.0,37.80038873037147,-7.003315299403582,False,False,False,True,False,0.0
2023-10-25 00:00:00+00:00,1.6,1.6,1.6,1.6,0,3.6295974896782583,1.6748306745032187,,,3.096893505421988,2.983744814080207,2.6621394564715652,2.1578140946767412,,,2.498688484974408,"rgba(239, 83, 80, 1.0)",0.6307161835035832,2.498688484974408,-1.4248698677466274,0,,,0.0,0.0,0.0,0.0,37.12121591562955,-7.825626345110813,False,False,False,True,False,0.0
2023-10-26 00:00:00+00:00,1.6,1.6,1.6,1.6,0,3.6295974896782583,1.6748306745032187,,,3.096893505421988,2.983744814080207,2.6621394564715652,2.1578140946767412,,,2.498688484974408,"rgba(239, 83, 80, 1.0)",0.6326864754405594,2.498688484974408,-1.4204325836878735,0,,,0.0,0.0,0.0,0.0,36.66843403913494,-8.480443440602883,False,False,False,True,False,0.0
2023-10-27 00:00:00+00:00,1.66,1.714,1.6,1.62,12221,3.618721486629913,1.6674061988641835,,,3.087529602089395,2.9746804032287826,2.653119042029054,2.1493507800701095,,,2.286432975634595,"rgba(239, 83, 80, 0.5)",0.6295528734981058,2.286432975634595,-0.9950442639612219,0,,,0.0,0.0,0.0,0.0,38.48515570840398,-8.480443440602883,False,False,False,True,False,0.0
2023-10-30 00:00:00+00:00,1.71,1.71,1.645,1.645,1524,3.617394473318052,1.6684973769444826,,,3.086395028084455,2.9735845663871334,2.6520394608555784,2.1483793501314894,,,2.2863201511982405,"rgba(239, 83, 80, 0.5)",0.626617932062253,2.2863201511982405,-0.9197313413957399,0,,,0.0,0.0,0.0,0.0,41.30067342341091,-8.480443440602883,True,False,False,True,True,0.0
2023-10-31 00:00:00+00:00,1.685,1.69,1.6103,1.69,6507,3.611671261255225,1.6672717793013387,,,3.0814797215595737,2.968830334962818,2.6473307162700515,2.1440404107646205,,,2.282608614769324,"rgba(239, 83, 80, 0.5)",0.6238182066468856,2.282608614769324,-0.9579852085138041,0,,,0.0,0.0,0.0,0.0,42.49350131498666,-12.231095734590255,True,False,False,True,True,0.0
2023-11-01 00:00:00+00:00,1.63,1.66,1.63,1.66,261,3.611439843399845,1.6670740369300294,,,3.0812802609419108,2.968637194675765,2.647138628709925,2.1438602044869883,,,2.282391645829359,"rgba(239, 83, 80, 1.0)",0.6221598152121827,2.282391645829359,-1.0485917442399684,0,,,0.0,0.0,0.0,0.0,41.85694449877944,-12.231095734590255,True,False,False,True,True,0.0
2023-11-02 00:00:00+00:00,1.61,1.82,1.61,1.77,4145,3.607846333880198,1.6684087848666784,,,3.078207672935478,2.965669517112172,2.6442186028544286,2.141241317302467,,,2.280894178321147,"rgba(239, 83, 80, 1.0)",0.6239145185645771,2.280894178321147,-1.0752982313420991,0,,,0.0,0.0,0.0,0.0,40.93377231387278,-12.231095734590255,True,False,False,True,True,0.0
2023-11-03 00:00:00+00:00,1.745,1.7799,1.69,1.7001,3625,3.6048092887530556,1.6741976541912291,,,3.0756431554652557,2.963202506315552,2.641832850340166,2.139261542141959,,,2.281461357401841,"rgba(239, 83, 80, 0.5)",0.6196260845654146,2.281461357401841,-0.8657823980701159,0,,,0.0,0.0,0.0,0.0,44.682330002269886,-9.940632334573117,True,False,False,True,True,0.0
2023-11-06 00:00:00+00:00,1.8,1.96,1.76,1.96,10297,3.596703111713016,1.7057768627958738,,,3.068961688367723,2.9568259833463895,2.635879162661594,2.1351423850638094,,,2.2887769976829233,"rgba(239, 83, 80, 0.5)",0.6141010630709389,2.2887769976829233,-0.795922734995268,0,,,0.0,0.0,0.0,0.0,48.581848235356105,-6.311605042544002,True,False,False,False,True,0.0
2023-11-07 00:00:00+00:00,1.72,1.81,1.72,1.81,2221,3.5948753348562117,1.7075219340013739,,,3.0674251529936596,2.955350015528616,2.6344626529753215,2.134002321307193,,,2.2882935047933204,"rgba(239, 83, 80, 0.5)",0.6087090868860512,2.2882935047933204,-0.9336044377134517,0,,,0.0,0.0,0.0,0.0,48.86524830740327,-6.103733316737646,True,False,False,False,True,0.0
2023-11-08 00:00:00+00:00,1.7,1.77,1.63,1.63,2250,3.592977294433504,1.707232796892974,,,3.0658132620058978,2.9537965798470163,2.632951396965136,2.1327047434091635,,,2.2870053004549624,"rgba(239, 83, 80, 0.5)",0.6058635082513414,2.2870053004549624,-0.9688738345525909,0,,,0.0,0.0,0.0,0.0,48.514019041362715,-6.103733316737646,True,False,False,False,True,0.0
2023-11-09 00:00:00+00:00,1.72,1.82,1.71,1.71,2057,3.5912911333945656,1.70868469794744,,,3.0643967822771403,2.9524362560971777,2.631647860982461,2.131661533864199,,,2.2865208087682,"rgba(239, 83, 80, 0.5)",0.6001966911838991,2.2865208087682,-0.9438919225807911,0,,,0.0,0.0,0.0,0.0,48.88534352551075,-5.8827080026571466,True,False,False,False,True,0.0
2023-11-10 00:00:00+00:00,1.73,1.82,1.73,1.8,5065,3.5871748588410557,1.7126433918199908,,,3.0609483530440507,2.9491275151831884,2.628490701237245,2.1291835685194593,,,2.285526307430769,"rgba(239, 83, 80, 0.5)",0.5943804008384643,2.285526307430769,-0.934630931045361,0,,,0.0,0.0,0.0,0.0,49.44827775343051,-5.133807018931485,True,False,False,False,True,0.0
2023-11-13 00:00:00+00:00,1.7268,1.79,1.69,1.7008,2527,3.5851007704991273,1.7134942101892454,,,3.059202551042835,2.947449861945476,2.6268800723771264,2.1278786958695055,,,2.2846142038861004,"rgba(239, 83, 80, 0.5)",0.5881790912776558,2.2846142038861004,-0.9483747589095763,0,,,0.0,0.0,0.0,0.0,49.712838482554574,-4.634869304248049,True,False,False,False,True,0.0
2023-11-14 00:00:00+00:00,1.72,1.768,1.72,1.768,3399,3.5823188890993785,1.714562875210714,,,3.0568622679177118,2.9452013400862764,2.6247237688426943,2.126138907770034,,,2.2833834962932915,"rgba(239, 83, 80, 0.5)",0.580223132748574,2.2833834962932915,-0.9709773094093794,0,,,0.0,0.0,0.0,0.0,49.63597199920883,-4.434609871600749,True,False,False,False,True,0.0
2023-11-15 00:00:00+00:00,1.72,1.72,1.72,1.72,562,3.581855752382083,1.7146052302801802,,,3.0564714388068297,2.944825458522529,2.6243618443018923,2.12584099729825,,,2.283130181717959,"rgba(239, 83, 80, 0.5)",0.5694680946318208,2.283130181717959,-0.9888704688223848,0,,,0.0,0.0,0.0,0.0,49.58472767697833,-4.184604282610572,True,False,False,False,True,0.0
2023-11-16 00:00:00+00:00,1.88,1.89,1.88,1.8814,1879,3.5804446583311864,1.7188882248310209,,,3.0553258848362153,2.943737767456435,2.6233720454743095,2.125247712363838,,,2.2839077952902453,"rgba(239, 83, 80, 0.5)",0.5594458836648478,2.2839077952902453,-0.7219783129769493,0,,,0.0,0.0,0.0,0.0,54.61832055176999,0.743427512062496,True,False,True,False,True,0.0
2023-11-17 00:00:00+00:00,1.9,1.98,1.85,1.98,14906,3.569507656756023,1.7509217810463027,,,3.046521914624835,2.9354025389559664,2.615892334441671,2.1211497981791205,,,2.2896299960109845,"rgba(239, 83, 80, 0.5)",0.5483543481238196,2.2896299960109845,-0.7105441898000694,0,,,0.0,0.0,0.0,0.0,58.441803480678004,4.282616475693253,True,False,True,False,True,0.0
2023-11-20 00:00:00+00:00,1.92,1.92,1.875,1.9,4350,3.566333333859421,1.7581071094958851,,,3.043966927347433,2.932983619203555,2.6137237623355043,2.1199555321423507,,,2.2905640265072864,"rgba(239, 83, 80, 0.5)",0.537715218783795,2.2905640265072864,-0.689145505952814,0,,,0.0,0.0,0.0,0.0,61.46418454531285,6.971239059193337,True,False,True,False,True,0.0
2023-11-21 00:00:00+00:00,1.96,2.0,1.9339,1.9339,3275,3.56403694503739,1.7651122401281492,,,3.0421511984087175,2.931275169587214,2.6122364539852634,2.119312105542766,,,2.291929713502261,"rgba(239, 83, 80, 0.5)",0.5257578892735003,2.291929713502261,-0.6313356780264888,0,,,0.0,0.0,0.0,0.0,64.39277273188597,9.548805548489554,True,False,True,False,True,0.0
2023-11-22 00:00:00+00:00,1.92,2.0591,1.92,1.99,3556,3.561553661572453,1.7722609839176906,,,3.0401897427207243,2.929430259930845,2.610633533217479,2.1186272430247044,,,2.2932669364911997,"rgba(239, 83, 80, 0.5)",0.5145119999896274,2.2932669364911997,-0.7254776108209816,0,,,0.0,0.0,0.0,0.0,64.35667578631694,9.548805548489554,True,False,True,False,True,0.0
2023-11-24 00:00:00+00:00,2.095,2.19,2.06,2.15,3037,3.559635961864703,1.782352391247443,,,3.038751304182669,2.9281025068733717,2.609585219522421,2.118613424271352,,,2.2960181792706043,#000000,0.5054414644537805,2.2960181792706043,-0.39770812924467924,0,,,0.0,0.0,0.0,0.0,67.7864069816498,12.604152672012887,True,False,True,False,True,0.0
2023-11-27 00:00:00+00:00,2.21,2.22,2.0362,2.11,7291,3.555180954363913,1.8069805999746464,,,3.035466433598888,2.9250900448233534,2.607290623618481,2.118946827535684,,,2.302923332502503,#000000,0.4948412450200225,2.302923332502503,-0.18778412963281438,0,,,0.0,0.0,0.0,0.0,71.53797203045579,16.030046708774336,True,False,True,False,True,0.0
2023-11-28 00:00:00+00:00,2.35,2.35,2.2,2.275,6098,3.5518592256193275,1.832778913812041,,,3.0331860949338942,2.923058444041512,2.605997644170526,2.1203089222868408,,,2.310940788867769,#000000,0.48644758489897666,2.310940788867769,0.08029479916185185,0,,,0.0,0.0,0.0,0.0,75.35527643024969,19.456079909156728,True,False,True,False,True,1.7468485264210756
2023-11-29 00:00:00+00:00,2.32,2.36,2.32,2.3249,3843,3.549830366728436,1.8487586996070742,,,3.031821265542845,2.921853020278562,2.6052765309177146,2.1213141381335654,,,2.3159670017822434,#000000,0.4738585878957092,2.3159670017822434,0.008510974203645973,0,,,0.0,0.0,0.0,0.0,76.72385812529669,20.602763588944413,True,False,True,False,True,1.084014794239021
2023-11-30 00:00:00+00:00,2.57,2.755,2.35,2.36,24458,3.5394340090741863,1.968581510019309,,,3.0260166412956524,2.9171847568242084,2.604499480200538,2.1340559272888813,,,2.356972311822869,#000000,0.4672537018184619,2.356972311822869,0.45591439371816156,0,,,0.0,0.0,0.0,0.0,79.5563830152168,23.215179297895332,True,False,True,False,True,6.141062454962036
2023-12-01 00:00:00+00:00,2.44,2.48,2.4,2.48,21696,3.5293019709911504,2.029998139507885,,,3.0197123469963696,2.9118100676045495,2.602118974226943,2.1417692422406054,,,2.376926062957435,#000000,0.45078746741893244,2.376926062957435,0.1399194556221951,0,,,0.0,0.0,0.0,0.0,77.517547852538,23.215179297895332,True,False,True,False,True,3.2986302860141343
2023-12-04 00:00:00+00:00,2.59,2.59,2.4255,2.4255,5893,3.5268197286884124,2.0472632742935133,,,3.0183006195508706,2.910661312873159,2.6018568402223665,2.144444856148984,,,2.3828456953321084,#000000,0.44028800757095793,2.3828456953321084,0.47049726793775076,0,,,0.0,0.0,0.0,0.0,77.47990277954436,23.215179297895332,True,False,True,False,True,6.138809704915722
2023-12-05 00:00:00+00:00,2.5788,2.64,2.473,2.48,26168,3.516260818776678,2.115342985185856,,,3.0124973247963682,2.906028150349211,2.601208780890138,2.156742557826025,,,2.4066619904294386,#000000,0.42516361046643913,2.4066619904294386,0.4048747478216966,0,,,0.0,0.0,0.0,0.0,77.14230111163397,23.215179297895332,True,False,True,False,False,5.894669717396791
2023-12-06 00:00:00+00:00,2.63,2.65,2.51,2.58,4919,3.5143691189781108,2.126976793292484,,,3.0115013486809783,2.9052530254972524,2.6011942370938095,2.159153580290104,,,2.4108317953819167,"rgba(38, 166, 154, 0.5)",0.40762001890118466,2.4108317953819167,0.5376777254681743,0,,,0.0,0.0,0.0,0.0,77.36756605904931,23.215179297895332,True,False,True,False,False,6.8511905244522
2023-12-07 00:00:00+00:00,2.5849,2.97,2.5,2.97,7419,3.511803781369435,2.1466026768500432,,,3.0103260067095077,2.9044237029406523,2.6015968587047693,2.163464285635355,,,2.406080266908325,#000000,0.3910524308433098,2.406080266908325,0.45727815246167386,0,,,0.0,0.0,0.0,0.0,76.15087093674012,23.215179297895332,True,False,True,False,False,5.8453744849805425
2023-12-08 00:00:00+00:00,2.595,2.69,2.595,2.69,1505,3.5112487615570864,2.150003667754048,,,3.010046073232009,2.904211739712817,2.6016212769748757,2.1642333402834235,,,2.406844349054049,"rgba(38, 166, 154, 0.5)",0.3703278584815903,2.406844349054049,0.508078575879823,0,,,0.0,0.0,0.0,0.0,75.45200741290974,23.215179297895332,True,False,True,False,False,6.039023687974584
2023-12-11 00:00:00+00:00,2.3801,2.3801,2.3416,2.3416,1654,3.5104609597226544,2.1516821736239886,,,3.0095310558201827,2.9037617938716442,2.6013706823479628,2.1646031352788238,,,2.404925447965917,#000000,0.34389547947013377,2.404925447965917,-0.07218893369627062,0,,,0.0,0.0,0.0,0.0,69.29071357126618,24.822319384631015,True,False,True,False,False,1.394456078629922
2023-12-12 00:00:00+00:00,2.45,2.52,2.3401,2.4,4678,3.5083736589731447,2.157776791196803,,,3.008235881660833,2.9026574575420496,2.600874172574433,2.165997609539929,,,2.403994120240501,#000000,0.31618396499334395,2.403994120240501,0.14550351963758687,0,,,0.0,0.0,0.0,0.0,66.27700934719479,22.022088179261402,True,False,True,False,False,2.7684745161532653
2023-12-13 00:00:00+00:00,2.4,2.4174,2.4,2.4,2208,3.507362951232296,2.160255036647856,,,3.0075936553818967,2.9021035806118545,2.6005969474957693,2.1665762783291416,,,2.403737470268548,#000000,0.3126496330595088,2.403737470268548,-0.01195418088924104,0,,,0.0,0.0,0.0,0.0,63.13105591601765,19.12695716277895,True,False,True,False,False,1.723092827412131
2023-12-14 00:00:00+00:00,2.53,2.53,2.43,2.4474,9504,3.5033907085105502,2.174127139474982,,,3.005259900828388,2.900167456420186,2.5999650688128617,2.1699696318145776,,,2.407638533237382,#000000,0.3170767910627075,2.407638533237382,0.3859048350795833,0,,,0.0,0.0,0.0,0.0,63.03835021674706,19.049606358464416,True,False,True,False,False,4.246383173421172
2023-12-15 00:00:00+00:00,2.52,2.59,2.44,2.59,1755,3.5026751149266184,2.176715699690545,,,3.0048481368811903,2.8998295751809517,2.5998716548793284,2.17062652294923,,,2.4085110873672533,#000000,0.3211803376118496,2.4085110873672533,0.34712247163611387,1,0.22483362948732752,0.22483362948732752,0.0,0.0,0.0,0.0,62.732416164992486,18.612850595250052,True,False,True,False,False,4.03276517342114
2023-12-18 00:00:00+00:00,2.565,2.76,2.52,2.75,36084,3.4896334107616878,2.2356567055505865,,,2.998208060748066,2.8947617261609486,2.6002126152584157,2.1872886928402044,,,2.433182572048417,#000000,0.325538882259948,2.433182572048417,0.4049206873123211,1,0.22729017018889763,0.22729017018889763,0.0,0.0,0.0,0.0,63.21703434676903,18.612850595250052,True,False,True,False,False,4.900446171178114
2023-12-19 00:00:00+00:00,2.39,2.6,2.385,2.599,7394,3.4865379548472033,2.241628368164112,,,2.9963303778194623,2.8931763371444807,2.599560393649973,2.189355333457077,,,2.434562232725768,#000000,0.32664320657805945,2.434562232725768,-0.13642479570478602,1,0.23015265848272443,0.23015265848272443,0.0,0.0,0.0,0.0,59.493012207304346,15.164088143185026,True,False,True,False,False,1.2032283912635116
2023-12-20 00:00:00+00:00,2.69,2.69,2.4,2.4,33288,3.474629113216456,2.279516650054045,,,2.990117513560426,2.888351530543846,2.5994341320881373,2.2027623566507275,,,2.449606853263879,"rgba(38, 166, 154, 0.5)",0.3355469901330968,2.449606853263879,0.7164217048728933,1,0.2327474314381436,0.2327474314381436,0.0,0.0,0.0,0.0,61.213038755900186,15.164088143185026,True,False,True,False,False,6.729309490656075
2023-12-21 00:00:00+00:00,2.57,2.815,2.54,2.58,6025,3.4726238722664484,2.2864428939953294,,,2.989147917752953,2.887635164771252,2.5995885556864424,2.2053830301612822,,,2.4525701619824885,#000000,0.3410199058521079,2.4525701619824885,0.3443489250989292,2,0.35075907373271836,0.7015181474654367,0.0,0.0,0.0,0.0,60.12514136788866,15.164088143185026,True,False,True,False,False,4.305399092631099
2023-12-22 00:00:00+00:00,2.425,2.575,2.4,2.55,6146,3.470159587113065,2.2898916748917246,,,2.987669066705964,2.8863918164222273,2.599094607208569,2.2069648375014808,,,2.4534353426964968,#000000,0.3439141988743421,2.4534353426964968,-0.08268150250721847,2,0.35587047621940093,0.7117409524388019,0.0,0.0,0.0,0.0,57.0601669973356,12.694541836848131,False,False,True,False,False,1.5076778956812085
2023-12-26 00:00:00+00:00,2.5199,2.61,2.37,2.42,20079,3.4624566351359953,2.30225232262375,,,2.9832005781496824,2.882698745801542,2.597905584979917,2.212647546617107,,,2.4573315637712567,#000000,0.34844919043830513,2.4573315637712567,0.17956258170679026,2,0.3610495515255141,0.7220991030510282,0.0,0.0,0.0,0.0,56.328773420788615,11.901390719237781,False,False,True,False,False,3.199296726120174
2023-12-27 00:00:00+00:00,2.99,3.08,2.61,3.02,743454,3.3331587469619843,2.707377344275776,,,2.9604360801355254,2.8854783337388046,2.688761289032219,2.4971527845491424,,,2.6904047906893185,"rgba(38, 166, 154, 0.5)",0.36560946772489794,2.6904047906893185,0.8194405116885854,3,0.2828756109129282,0.8486268327387845,0.0,0.0,0.0,0.0,60.4167204681163,11.901390719237781,False,False,True,False,True,10.682501802457558
2023-12-28 00:00:00+00:00,2.9234,3.0,2.86,2.94,68004,3.3249064962811117,2.720381154670299,,,2.959697007791051,2.886466527298414,2.695301641607288,2.513010889464799,,,2.700244886538441,"rgba(38, 166, 154, 0.5)",0.37960792005141153,2.700244886538441,0.5878568430061638,3,0.284328213879969,0.852984641639907,0.0,0.0,0.0,0.0,62.107395799542076,6.310383568942605,True,False,True,False,True,9.410714664143299
2023-12-29 00:00:00+00:00,2.95,2.99,2.91,2.91,28000,3.3217900887576315,2.7258264610276868,,,2.9596074260326515,2.8870715199170545,2.6981390208201548,2.5195375124639767,,,2.704412330109713,"rgba(38, 166, 154, 0.5)",0.3943836491228922,2.704412330109713,0.6227126059522836,3,0.2850691777335717,0.8552075332007152,0.0,0.0,0.0,0.0,63.45875430069668,7.653618934422326,True,False,True,False,True,9.805096828675854
2024-01-02 00:00:00+00:00,2.99,3.1,2.95,2.97,52603,3.317047141477302,2.738089142118289,,,2.9605239532981886,2.8892905915441562,2.7046004211299444,2.5330147168194066,,,2.7137699517001534,"rgba(38, 166, 154, 0.5)",0.40955409458236675,2.7137699517001534,0.6744653562346286,3,0.2842827996653061,0.8528483989959184,0.0,0.0,0.0,0.0,64.71199486143152,8.958035475495997,True,False,True,False,True,10.40111794779834
2024-01-03 00:00:00+00:00,3.01,3.03,2.91,3.02,15973,3.315496250974688,2.741224761557135,,,2.9606414991239456,2.889789808133632,2.7063247396662393,2.536716098409999,,,2.7162140245749975,"rgba(38, 166, 154, 0.5)",0.4248429619696296,2.7162140245749975,0.6915166349066267,3,0.2838261443464772,0.8514784330394316,0.0,0.0,0.0,0.0,65.73204879619882,10.088455996099526,True,False,True,False,True,10.701031395406563
2024-01-04 00:00:00+00:00,2.96,3.01,2.92,2.97,25023,3.3129508684950975,2.74558620198607,,,2.9606630568449037,2.8903963550203513,2.7087915806715874,2.5421395873331174,,,2.7196641160296733,"rgba(38, 166, 154, 0.5)",0.43744382063186354,2.7196641160296733,0.5494097130533807,3,0.28322701039375064,0.8496810311812519,0.0,0.0,0.0,0.0,65.40937438294577,10.088455996099526,True,False,True,False,True,9.69790070836304
2024-01-05 00:00:00+00:00,3.1141,3.17,2.7902,2.84,54181,3.308510253491171,2.756972269443755,,,2.9617556999291943,2.892753812113691,2.7152246867151915,2.5550686409402936,,,2.7352005196287026,"rgba(38, 166, 154, 0.5)",0.45357859128895034,2.7352005196287026,0.8353557413161089,3,0.28238710250742177,0.8471613075222653,0.0,0.0,0.0,0.0,66.73049354898883,11.47777460941861,True,False,True,False,True,12.01639247771373
2024-01-08 00:00:00+00:00,3.1,3.11,3.02,3.11,11599,3.3077479791341338,2.759739350819237,,,2.9621734812374076,2.8934419856677085,2.7167932108878716,2.5580429150105406,,,2.737788544230208,"rgba(38, 166, 154, 0.5)",0.46757992977449414,2.737788544230208,0.7746514183029207,3,0.2805823093478061,0.8417469280434182,0.0,0.0,0.0,0.0,67.31077768444658,12.283633833236777,True,False,True,False,True,11.72889593158608
2024-01-09 00:00:00+00:00,3.01,3.1,2.96,2.97,8166,3.3070911492813804,2.7613358651738733,,,2.9623296278510036,2.8937832668645003,2.71772690353323,2.5599033649466776,,,2.7389848550053584,"rgba(38, 166, 154, 0.5)",0.4772392186409264,2.7389848550053584,0.5678811262964382,3,0.2821305302307882,0.8463915906923647,0.0,0.0,0.0,0.0,65.78949771619877,12.283633833236777,True,False,True,False,True,9.901864140836363
2024-01-10 00:00:00+00:00,2.92,2.99,2.72,2.8135,16412,3.305102588198357,2.762722876887427,,,2.961892318656516,2.893693355524366,2.7186939577203177,2.5624286172829067,,,2.7388075636265268,#000000,0.483858802749512,2.7388075636265268,0.37447378314469637,3,0.28310539515572214,0.8493161854671665,0.0,0.0,0.0,0.0,63.01383128526583,12.283633833236777,False,False,True,False,False,8.115225195117002
2024-01-11 00:00:00+00:00,2.845,2.92,2.75,2.92,17416,3.302825356932061,2.7636756646067333,,,2.9612265698214313,2.8933864773527445,2.7194614680574127,2.564743118368704,,,2.7384154516795736,#000000,0.4886010193740147,2.7384154516795736,0.21814229625836742,3,0.28595023764185457,0.8578507129255637,0.0,0.0,0.0,0.0,59.790658374228116,14.746363749807585,False,False,True,False,False,6.654090693463353
2024-01-12 00:00:00+00:00,2.89,2.9683,2.75,2.75,8837,3.3017551482120466,2.764347579971051,,,2.9609762948162497,2.893319292886075,2.719948060034856,2.566034541470138,,,2.738620915278088,#000000,0.49389084699550656,2.738620915278088,0.3065031183363666,3,0.2893704835875577,0.868111450762673,0.0,0.0,0.0,0.0,58.34426497563735,13.365782435243148,False,False,True,False,False,7.381867078476617
2024-01-16 00:00:00+00:00,2.75,2.88,2.75,2.75,6408,3.3008463814556896,2.7644805056030757,,,2.96064550511411,2.8931163468318157,2.7201203107906284,2.5667309948961288,,,2.738357348038235,#000000,0.4960559363511156,2.738357348038235,0.02347044175583524,3,0.2931708439386829,0.8795125318160488,0.0,0.0,0.0,0.0,54.905562525816265,10.119854762936392,False,True,False,False,False,4.688050136068551
2024-01-17 00:00:00+00:00,2.6,2.75,2.5638,2.75,5354,3.2998578452441834,2.7639974784020906,,,2.960114348655846,2.89268431740661,2.719959446289796,2.5669128119731814,,,2.737426324155897,#000000,0.49588344742552504,2.737426324155897,-0.2771343243445052,3,0.29921884430714224,0.8976565329214268,0.0,0.0,0.0,0.0,50.43141388627828,6.007581765602623,False,True,False,False,False,1.937548294004408
2024-01-18 00:00:00+00:00,2.76,2.985,2.45,2.45,186258,3.2718356455564463,2.760207610734201,,,2.9477420881016934,2.8837282443792893,2.7207057903041423,2.5803544153380584,,,2.731017267487911,#000000,0.4976454795016843,2.731017267487911,0.05823971824502574,4,0.30221663664355647,1.2088665465742259,0.0,0.0,0.0,0.0,50.13757320202119,5.834636782138659,False,True,False,False,False,4.582994532894112
2024-01-19 00:00:00+00:00,2.77,2.8,2.685,2.685,10337,3.270415788277994,2.7601524059517737,,,2.9471545153465266,2.883321836948253,2.720814945456402,2.581126600584397,,,2.7310057458776735,#000000,0.4986239286149234,2.7310057458776735,0.07820373609153627,5,0.26632382207712846,1.3316191103856423,0.0,0.0,0.0,0.0,50.09956253106604,5.725497248755069,False,True,False,False,False,4.745225771086115
2024-01-22 00:00:00+00:00,2.79,2.91,2.727,2.85,19231,3.268084477328613,2.7607328096823336,,,2.9463885723401155,2.8828987500244203,2.7213895831272046,2.5830215925473956,,,2.731655633279511,#000000,0.49962905323452605,2.731655633279511,0.11677536833131713,5,0.26483656592397264,1.3241828296198632,0.0,0.0,0.0,0.0,50.41134086096754,5.725497248755069,False,True,False,False,False,5.074001332440311
2024-01-23 00:00:00+00:00,2.69,2.762,2.375,2.73,63196,3.2573201963361593,2.755030910512988,,,2.9403517504424865,2.877869054332772,2.719033387683131,2.583712635484672,,,2.7139482228458873,#000000,0.4997793659404243,2.7139482228458873,-0.04791759019667511,4,0.304198600459995,1.21679440183998,0.0,0.0,0.0,0.0,48.91540545441337,4.210243024532417,False,True,False,True,False,3.206711893095413
2024-01-24 00:00:00+00:00,2.635,2.6628,2.57,2.5999,6182,3.2563077491657215,2.7545458730822667,,,2.9397965550326135,2.8774113238933468,2.718836026225643,2.5838135635153607,,,2.71362800659856,#000000,0.49834599618850145,2.71362800659856,-0.1577779438380773,4,0.30280127004921287,1.2112050801968515,0.0,0.0,0.0,0.0,47.0435543936269,2.242156517330102,False,True,False,True,False,2.1964038892673408
2024-01-25 00:00:00+00:00,2.63,2.74,2.6101,2.6599,6660,3.2552848430209904,2.7541744145826286,,,2.9392709287979724,2.876992207862514,2.7187066600137992,2.5840260853346684,,,2.7135757741622255,#000000,0.4972455177174379,2.7135757741622255,-0.168077481212647,4,0.3015718519826232,1.2062874079304928,0.0,0.0,0.0,0.0,45.713662536238076,0.8118531957209214,False,True,False,True,False,2.1040047466190472
2024-01-26 00:00:00+00:00,2.69,2.84,2.61,2.63,22629,3.252144210671973,2.753636209200189,,,2.9378377432434153,2.8759270509331167,2.7186667920808203,2.585239627347533,,,2.7144557395289466,#000000,0.49543267834041826,2.7144557395289466,-0.04936238685519808,4,0.29991012991785126,1.199640519671405,0.0,0.0,0.0,0.0,46.15115381513128,0.8118531957209214,False,True,False,True,False,3.15696197727339
2024-01-29 00:00:00+00:00,2.54,2.69,2.54,2.69,8140,3.250766798474192,2.7528641769956987,,,2.9370458624070537,2.8752592104292836,2.7183243016621237,2.5852556438716157,,,2.713665317255294,#000000,0.4932135042246332,2.713665317255294,-0.35210981809654224,4,0.2990694632373644,1.1962778529494575,0.0,0.0,0.0,0.0,43.91984877434364,-1.2291165268486992,False,True,False,True,False,0.37933885736118356
2024-01-30 00:00:00+00:00,2.59,2.64,2.5,2.5,12796,3.248569608001716,2.7515670082060355,,,2.9357607497408957,2.8741668785314163,2.7177340213447105,2.5852104554006066,,,2.7123322586517853,#000000,0.49284359709748965,2.7123322586517853,-0.24821720191200297,4,0.2979973131114853,1.1919892524459412,0.0,0.0,0.0,0.0,43.55692610015274,-1.7467320090985012,False,True,False,True,False,1.2705879262529258
2024-01-31 00:00:00+00:00,2.71,2.88,2.57,2.61,30844,3.2444491721024264,2.751016596917389,,,2.9339219547427486,2.872819311556119,2.7177565549259675,2.586898429734807,,,2.7131287320259245,#000000,0.491815445163014,2.7131287320259245,-0.0063615977430060856,4,0.29620379207439923,1.184815168297597,0.0,0.0,0.0,0.0,45.758954012086406,-1.7467320090985012,False,True,False,True,True,3.3658824495219015
2024-02-01 00:00:00+00:00,2.76,2.874,2.61,2.69,25714,3.241243630593375,2.7509733751460574,,,2.9326103113645914,2.871916313717855,2.718005222407574,2.5885629831564994,,,2.7141151982680785,#000000,0.4912691029978916,2.7141151982680785,0.09340054453234821,4,0.29412886566813545,1.1765154626725418,0.0,0.0,0.0,0.0,48.149255137654094,-1.7467320090985012,False,True,False,False,True,4.221088702765176
2024-02-02 00:00:00+00:00,2.8,3.1,2.79,3.09,77458,3.234669421782775,2.7570013374448776,,,2.9318623635415872,2.872444175682974,2.7223232938005046,2.5978629333610783,,,2.7238297964647535,#000000,0.4905926057992085,2.7238297964647535,0.15526162162831597,4,0.2918774750878999,1.1675099003515996,0.0,0.0,0.0,0.0,50.47363303341743,-4.2872303211440155,False,True,False,False,True,4.904223978382234
2024-02-05 00:00:00+00:00,3.13,3.4,2.91,3.0,71441,3.233147616970552,2.77132452077828,,,2.9359073513294085,2.877734269123871,2.7315763005266938,2.612727650035094,,,2.7570831683531223,"rgba(38, 166, 154, 0.5)",0.4956901335193804,2.7570831683531223,0.752318447412263,4,0.28667040035836094,1.1466816014334438,0.0,0.0,0.0,0.0,56.467869918567054,1.2797245053903765,False,True,True,False,True,10.17161892741213
2024-02-06 00:00:00+00:00,3.01,3.12,2.97,3.07,61387,3.230222034381123,2.7793466135316423,,,2.937458690932564,2.8802714774696225,2.737126259397135,2.6222941201512713,,,2.7634218845387286,#000000,0.4970706353996072,2.7634218845387286,0.49606252693450903,4,0.28298313167863026,1.131932526714521,0.0,0.0,0.0,0.0,58.04014918024799,2.568371993814452,False,True,True,False,True,7.861170239664045
2024-02-07 00:00:00+00:00,2.95,3.0,2.81,3.0,19901,3.228756485154352,2.780729004696301,,,2.9373690294062027,2.8804803879908274,2.738210187299806,2.624473194018717,,,2.7637729846432255,#000000,0.4945677614145743,2.7637729846432255,0.3765449952178925,4,0.2800088607182965,1.120035442873186,0.0,0.0,0.0,0.0,57.962580995322014,2.568371993814452,False,True,True,False,True,6.730002871049209
2024-02-08 00:00:00+00:00,2.9,2.95,2.78,2.95,11937,3.2277616007422094,2.7812912650099118,,,2.9371826128104286,2.88046839687808,2.7387006899315516,2.6255755861886114,,,2.7636652155465886,#000000,0.48964227648244546,2.7636652155465886,0.27843752674468897,4,0.27768695453849446,1.1107478181539778,0.0,0.0,0.0,0.0,56.982844494232104,2.568371993814452,False,True,True,False,True,5.792143729657234
2024-02-09 00:00:00+00:00,2.88,2.95,2.8,2.91,14709,3.226543390727594,2.781975094118033,,,2.936954475440428,2.8804537245029143,2.7393003378127476,2.6269207914470356,,,2.7636517004573875,#000000,0.48549683885740513,2.7636517004573875,0.23964790340640085,4,0.2761269358845915,1.104507743538366,0.0,0.0,0.0,0.0,55.949087033614006,2.568371993814452,False,True,True,False,True,5.415500826765616
2024-02-12 00:00:00+00:00,3.02,3.09,2.89,2.89,9745,3.226023813037274,2.7830058549670817,,,2.93711154651445,2.880758615663843,2.7400488772676144,2.628240318364096,,,2.764639691823338,"rgba(38, 166, 154, 0.5)",0.4810454328527204,2.764639691823338,0.5308444706819294,4,0.27375336315701815,1.0950134526280726,0.0,0.0,0.0,0.0,57.377834903386415,2.568371993814452,False,True,True,False,True,7.657931738780871
2024-02-13 00:00:00+00:00,2.94,3.0699,2.85,2.85,3913,3.225772884305218,2.783328522939304,,,2.93712772511937,2.880832828341191,2.740294457347915,2.62870130886428,,,2.7648935912290464,#000000,0.4745836092430446,2.7648935912290464,0.36896851336742587,4,0.27250973164273473,1.090038926570939,0.0,0.0,0.0,0.0,56.7301427448204,2.568371993814452,False,True,True,False,True,6.133380541876765
2024-02-14 00:00:00+00:00,2.915,3.08,2.83,2.94,8940,3.225176915174306,2.784011008357038,,,2.9371380652844823,2.880974685496285,2.740822887834794,2.6297120685980326,,,2.765400854861281,#000000,0.4670079000817132,2.765400854861281,0.3203353628761814,4,0.27206670927775956,1.0882668371110382,0.0,0.0,0.0,0.0,55.80561965455357,2.568371993814452,False,True,True,False,True,5.6589919733009815
2024-02-15 00:00:00+00:00,2.88,3.0,2.86,2.9027,13204,3.2242137420006194,2.784829083720755,,,2.9370582390990343,2.881085748959411,2.7414889147171677,2.6310585234162542,,,2.7658916447125064,#000000,0.459710128409365,2.7658916447125064,0.24821805793646065,4,0.27205141808237904,1.0882056723295161,0.0,0.0,0.0,0.0,54.47983565578384,2.568371993814452,False,True,True,False,False,4.9908375506280755
2024-02-16 00:00:00+00:00,2.96,3.1,2.88,2.88,19620,3.2230980545740997,2.7866465452795954,,,2.9372711494513126,2.8815876567143612,2.7428494007131747,2.6335027768911727,,,2.7676024214554147,#000000,0.45392043633495416,2.7676024214554147,0.42385749383315374,4,0.27152394485961123,1.086095779438445,0.0,0.0,0.0,0.0,55.04477912195104,2.568371993814452,False,True,True,False,False,6.3178164529556575
2024-02-20 00:00:00+00:00,3.03,3.14,2.96,3.13,33323,3.2217139617401056,2.7906430811178957,,,2.938156837362558,2.8829696822407374,2.745732533805629,2.638321220150634,,,2.7718788045547984,"rgba(38, 166, 154, 0.5)",0.4478181967018423,2.7718788045547984,0.5763972910128498,4,0.2705857569998575,1.08234302799943,0.0,0.0,0.0,0.0,56.58868775795821,2.568371993814452,False,False,True,False,False,7.460818236892134
2024-02-21 00:00:00+00:00,3.315,3.66,2.97,3.15,131306,3.224460829451717,2.820953274008281,,,2.950161803260326,2.897041713841614,2.7664713163329564,2.668282311683485,,,2.8071120688848965,"rgba(38, 166, 154, 1.0)",0.444932306218721,2.8071120688848965,1.1414948386899884,4,0.26751884960124567,1.0700753984049827,0.0,0.0,0.0,0.0,61.1603232850736,6.501978736275291,True,False,True,False,True,11.828441308860391
2024-02-22 00:00:00+00:00,3.23,3.42,3.0,3.42,21957,3.2244226397891893,2.8247416503234484,,,2.9515739716355522,2.898773174566049,2.7691972711971755,2.6723126816212415,,,2.8110592007803343,"rgba(38, 166, 154, 0.5)",0.438434044265684,2.8110592007803343,0.9555389338465565,4,0.2655072274135083,1.0620289096540332,0.0,0.0,0.0,0.0,62.34314042335157,7.601553711567064,True,False,True,False,True,10.15259103791897
2024-02-23 00:00:00+00:00,3.43,3.995,3.21,3.21,84410,3.2303495132475946,2.8503089559082446,,,2.963421040881155,2.9119565430325216,2.7868453072066632,2.6962921189369857,,,2.873495648616368,"rgba(38, 166, 154, 1.0)",0.43917920412210537,2.873495648616368,1.2671464089381312,4,0.2619231975890987,1.0476927903563948,0.0,0.0,0.0,0.0,65.14086991279359,10.240042761253626,True,False,True,False,True,13.024547865190637
2024-02-26 00:00:00+00:00,3.27,3.4,3.22,3.4,28235,3.2307571140796574,2.8555467356702566,,,2.9656316510418748,2.9145639893806963,2.7906953439381272,2.701760049794941,,,2.8754802084994355,"rgba(38, 166, 154, 0.5)",0.4364944819728943,2.8754802084994355,0.9038368359604225,4,0.2603596568751418,1.0414386275005671,0.0,0.0,0.0,0.0,63.92519491016424,10.240042761253626,True,False,True,False,True,9.953200514311462
2024-02-27 00:00:00+00:00,3.53,3.7044,3.49,3.49,19048,3.232177761555216,2.861195885938895,,,2.9683456358997438,2.917569105971972,2.7946697802128107,2.7070913880748515,,,2.8820337581491478,"rgba(38, 166, 154, 1.0)",0.43699627722247114,2.8820337581491478,1.4827729104909007,4,0.2567065476534449,1.0268261906137797,0.0,0.0,0.0,0.0,65.5449450509757,10.519013139585219,True,False,True,False,True,13.510755172247105
2024-02-28 00:00:00+00:00,3.61,3.6816,3.58,3.58,12428,3.233230204067661,2.865084281049921,,,2.970245611335089,2.9196603940884267,2.797403016164808,2.7107296163873196,,,2.88663772406828,"rgba(0, 255, 255, 0.75)",0.4378318266965765,2.88663772406828,1.6521463991995722,4,0.2523283551441851,1.0093134205767404,0.0,0.0,0.0,0.0,67.25141655997524,12.18861779922404,True,False,True,False,True,14.548811818287316
2024-02-29 00:00:00+00:00,3.65,3.65,3.34,3.36,56113,3.236987123434623,2.880420912397851,,,2.9776915063254785,2.927932056788877,2.8083905574615797,2.7254442713662943,,,2.9027495835170747,"rgba(0, 255, 255, 0.75)",0.4389360297334803,2.9027495835170747,1.7024130302920266,4,0.2483229853957287,0.9932919415829148,0.0,0.0,0.0,0.0,68.70257463872974,13.633877358269366,True,False,True,False,True,15.065045106211347
2024-03-01 00:00:00+00:00,3.52,3.73,3.29,3.55,4457,3.237249969657296,2.881550081211773,,,2.978240522744298,2.9285448287766855,2.8092107074860935,2.72654432519993,,,2.903868964445445,"rgba(38, 166, 154, 1.0)",0.4352703233789399,2.903868964445445,1.4155135382803494,4,0.24561670901045823,0.9824668360418329,0.0,0.0,0.0,0.0,67.21559280518424,13.633877358269366,True,False,True,False,True,12.58461899569518
2024-03-04 00:00:00+00:00,3.41,3.52,3.38,3.45,18315,3.2380263595884275,2.8855901748422554,,,2.9801632565620673,2.930721101511282,2.812196197565785,2.7305953205408926,,,2.907468866709773,"rgba(38, 166, 154, 1.0)",0.42757301226996786,2.907468866709773,1.1753106928388901,4,0.24443309743074815,0.9777323897229926,0.0,0.0,0.0,0.0,64.353726581084,13.633877358269366,True,False,True,False,False,10.550319385448006
2024-03-05 00:00:00+00:00,3.47,3.47,2.98,3.44,30647,3.23847064134929,2.8906564902861205,,,2.982438779403364,2.9333962633593385,2.8161019948453774,2.736042352029867,,,2.910901372434278,"rgba(38, 166, 154, 1.0)",0.4196297120510278,2.910901372434278,1.3323618693085648,4,0.24257318502304112,0.9702927400921645,0.0,0.0,0.0,0.0,63.13257259260091,18.298417985050435,True,False,True,False,False,11.372868622557615
2024-03-06 00:00:00+00:00,3.21,3.4064,3.1869,3.3408,17834,3.238580571306216,2.893278474984571,,,2.983591278869745,2.9347751199481737,2.818168586072309,2.73895204963778,,,2.9125400645641912,"rgba(38, 166, 154, 0.5)",0.40528306258911684,2.9125400645641912,0.7339559998770018,4,0.24185043120223979,0.9674017248089591,0.0,0.0,0.0,0.0,58.4374458489226,13.865476981839386,False,False,True,False,False,6.758924545187639
2024-03-07 00:00:00+00:00,3.35,3.47,3.33,3.33,1950,3.2386399378700896,2.893650748729911,,,2.983767748686998,2.9349772822408635,2.818451192576187,2.7393373774228325,,,2.9128615804390856,"rgba(38, 166, 154, 1.0)",0.3971825038469778,2.9128615804390856,1.10059837814339,4,0.24113324918192253,0.9645329967276901,0.0,0.0,0.0,0.0,57.040373388918006,12.616122015134195,False,False,True,False,False,8.70475925824369
2024-03-08 00:00:00+00:00,3.33,3.49,3.33,3.49,3730,3.2387533598997376,2.8943612681925157,,,2.984104870080346,2.9353634752026085,2.818990981479295,2.740073157956482,,,2.913475987260108,"rgba(38, 166, 154, 1.0)",0.3881793359487983,2.913475987260108,1.0730195406249874,4,0.24063018243142614,0.9625207297257046,0.0,0.0,0.0,0.0,55.823634247438115,11.448477488396207,False,False,True,False,False,8.358274063099152
2024-03-11 00:00:00+00:00,3.39,3.47,3.33,3.42,20811,3.23944099223399,2.8983950424749536,,,2.9860378696568057,2.937569801613621,2.8220545318019163,2.7442321320195258,,,2.917052548987146,"rgba(38, 166, 154, 1.0)",0.37978382057581583,2.917052548987146,1.2453070020091606,4,0.24005807910287041,0.9602323164114817,0.0,0.0,0.0,0.0,55.781540380252096,11.287739280353179,False,False,True,False,False,9.192161320428376
2024-03-12 00:00:00+00:00,3.33,3.48,3.31,3.38,6555,3.239624383136601,2.8995933369206486,,,2.9866085914470766,2.938225282708253,2.822973852693061,2.745484766267049,,,2.918080731558492,"rgba(38, 166, 154, 1.0)",0.3703452313330947,2.918080731558492,1.1122575197168427,4,0.23981466856548875,0.959258674261955,0.0,0.0,0.0,0.0,54.79476865784773,10.147856661995668,False,True,True,False,False,8.130718606680926
2024-03-13 00:00:00+00:00,3.35,3.4,3.19,3.4,14477,3.2398466815645524,2.901886032834198,,,2.9876684766226678,2.9394673100747637,2.8247732195759956,2.7479709690010865,,,2.919840544176529,"rgba(38, 166, 154, 1.0)",0.35868847548148997,2.919840544176529,1.1992564167165984,4,0.2398957097360444,0.9595828389441776,0.0,0.0,0.0,0.0,54.42915050930662,9.55768279241697,False,True,True,False,False,8.416244735086362
2024-03-14 00:00:00+00:00,3.5,3.5299,3.4,3.4,2752,3.239982354844813,2.9024908282707624,,,2.987969816471219,2.939805203623322,2.82522760728323,2.748576921933292,,,2.9204341233577407,"rgba(0, 255, 255, 0.75)",0.35462761145121763,2.9204341233577407,1.6342942792033104,4,0.24008401886452474,0.960336075458099,0.0,0.0,0.0,0.0,56.23698497253431,9.55768279241697,False,False,True,False,False,10.523211973207879
2024-03-15 00:00:00+00:00,3.45,3.47,3.2,3.45,74285,3.242013404060044,2.9154953994654136,,,2.9942755703085977,2.947043379981382,2.835350240274352,2.762293160021984,,,2.931795341170561,"rgba(38, 166, 154, 1.0)",0.3517136290473398,2.931795341170561,1.4733709928530812,4,0.2411749066581762,0.9646996266327048,0.0,0.0,0.0,0.0,56.51500432593927,9.55768279241697,False,False,True,False,False,9.612509029463872
2024-03-18 00:00:00+00:00,3.39,3.45,3.38,3.45,6364,3.2422279682859187,2.9166548599779687,,,2.9948528633979756,2.9476998610375147,2.8362527425667037,2.7635028523848106,,,2.932857473639001,"rgba(38, 166, 154, 1.0)",0.35024744163400146,2.932857473639001,1.305198759563531,4,0.24229334231984562,0.9691733692793825,0.0,0.0,0.0,0.0,55.60077665857233,9.55768279241697,False,False,True,False,False,8.523437840136822
2024-03-19 00:00:00+00:00,3.39,3.4,3.2701,3.4,4779,3.242336619443444,2.9174276395255547,,,2.9952293447935743,2.9481345022895455,2.8368654452962168,2.7643332461097985,,,2.9335187179108515,"rgba(38, 166, 154, 1.0)",0.3475252489524344,2.9335187179108515,1.3135197614134417,4,0.2442426703672771,0.9769706814691084,0.0,0.0,0.0,0.0,54.991291546994375,9.3271673586542,False,True,True,False,False,8.523437840136822
2024-03-20 00:00:00+00:00,3.46,3.58,3.2,3.2,17037,3.2429305038823144,2.92053638231612,,,2.9967887365597337,2.949904613320141,2.8392901799393666,2.767574096803715,,,2.9363871249540545,"rgba(38, 166, 154, 1.0)",0.3503258577201795,2.9363871249540545,1.494645238160461,4,0.24608164386517714,0.9843265754607086,0.0,0.0,0.0,0.0,55.74742890375225,9.3271673586542,False,False,True,False,False,9.546841446443558
2024-03-21 00:00:00+00:00,3.48,3.8893,3.4,3.42,46893,3.246214643308301,2.9318877080718453,,,3.0028141766120915,2.9565365194572415,2.847879168893716,2.778721512498882,,,2.948154427939964,"rgba(0, 255, 255, 0.75)",0.350862374024771,2.948154427939964,1.5158238997222524,4,0.24811064323680365,0.9924425729472146,0.0,0.0,0.0,0.0,56.58148075291274,9.3271673586542,False,False,True,False,False,9.839303810996778
2024-03-22 00:00:00+00:00,3.78,3.8,3.53,3.53,44044,3.2502442213922014,2.9439850718524108,,,3.009436703867182,2.9637364092369185,2.856976980697804,2.7903478587565784,,,2.961040628168848,"rgba(0, 255, 0, 1.0)",0.3609615024168353,2.961040628168848,2.2688274687127836,4,0.24778377587643763,0.9911351035057505,0.0,0.0,0.0,0.0,60.98533714215337,6.925388606939293,True,False,True,False,True,14.01049116513062
2024-03-25 00:00:00+00:00,3.7,3.87,3.494,3.78,27711,3.2526587140964653,2.9512539714107917,,,3.013448917287069,2.968103166980084,2.8625005832187007,2.797393734855989,,,2.9686290927537318,"rgba(0, 255, 255, 0.75)",0.36771956467046096,2.9686290927537318,1.988936617777465,4,0.2480271613523967,0.9921086454095868,0.0,0.0,0.0,0.0,62.1759792106965,8.042730404421874,True,False,True,False,True,12.486585426528404
2024-03-26 00:00:00+00:00,3.71,3.9553,3.71,3.9553,8971,3.25361962611289,2.9539039875736686,,,3.014935909629584,2.969707719970044,2.864495866701962,2.799914095634021,,,2.971466734272658,"rgba(0, 255, 255, 0.75)",0.37473462808322977,2.971466734272658,1.970816707025301,4,0.2487128288271828,0.9948513153087312,0.0,0.0,0.0,0.0,63.09036122606164,8.944823419333275,True,False,True,False,True,12.6228009844681
2024-03-27 00:00:00+00:00,3.91,3.92,3.84,3.895,5095,3.2542631854256467,2.955577199701614,,,3.015884380527355,2.970724795302153,2.8657449056628734,2.8014810370142995,,,2.973295343984645,"rgba(0, 255, 0, 1.0)",0.38602582371723315,2.973295343984645,2.4265336629434886,4,0.2485756395807653,0.9943025583230612,0.0,0.0,0.0,0.0,65.84475501229593,11.576304189919853,True,False,True,False,True,15.278554254388826
2024-03-28 00:00:00+00:00,4.11,4.38,3.84,4.38,10902,3.2561109015982566,2.959975649445093,,,3.018416028327399,2.9734125657955337,2.868979200592519,2.8054934007410557,,,2.9782636205103326,"rgba(0, 255, 0, 1.0)",0.4029428620661766,2.9782636205103326,2.8086770756688555,4,0.24714252213033822,0.9885700885213529,0.0,0.0,0.0,0.0,69.28413010555124,14.76227650960341,True,False,True,False,True,17.76510139796987
2024-04-01 00:00:00+00:00,4.14,4.4,4.01,4.4,34952,3.2624854408031663,2.974738872851213,,,3.026994129672776,2.9824952422915434,2.87984206038823,2.818906721497266,,,3.059238866296751,"rgba(0, 255, 0, 1.0)",0.4152489264816175,3.059238866296751,2.6026825472144663,4,0.2447461782759742,0.9789847131038968,0.0,0.0,0.0,0.0,71.7912194608989,17.010074648023604,True,False,True,False,True,18.127539283244488
2024-04-02 00:00:00+00:00,3.95,4.12,3.75,4.03,23779,3.2656395629323383,2.9825992441085023,,,3.03154527724916,2.987360513436252,2.8857697955121693,2.826282943324913,,,3.0624421866356992,"rgba(0, 255, 0, 1.0)",0.42154233620646686,3.0624421866356992,2.1055010069726063,4,0.24408022219029907,0.9763208887611963,0.0,0.0,0.0,0.0,69.41508470733748,17.010074648023604,True,False,True,False,True,14.466216548677217
2024-04-03 00:00:00+00:00,3.95,4.29,3.95,4.09,19368,3.2686528714433414,2.9897201829229845,,,3.0357175175874875,2.991795220326143,2.891108309645149,2.83287695378918,,,3.069648856932946,"rgba(0, 255, 0, 1.0)",0.4257236835412371,3.069648856932946,2.0678932770292553,4,0.24441734940728627,0.9776693976291451,0.0,0.0,0.0,0.0,67.83099487162987,17.010074648023604,True,False,True,False,False,14.466216548677217
2024-04-04 00:00:00+00:00,3.9,4.09,3.875,4.09,7764,3.2696906264090595,2.9922630683103417,,,3.0372052510805414,2.9933840086774106,2.8930382579163183,2.8352695888655575,,,3.07168711187071,"rgba(0, 255, 255, 0.75)",0.43026996715763144,3.07168711187071,1.92510040522032,4,0.24569751083853136,0.9827900433541255,0.0,0.0,0.0,0.0,65.74187823370053,21.073938444424897,True,False,True,False,False,13.512696762373764
2024-04-05 00:00:00+00:00,4.0,4.07,3.95,4.07,4075,3.2702750152866833,2.9936637077807635,,,3.0380280240832414,2.9942604932757857,2.8940975539278497,2.8365790615649247,,,3.0729921757046417,"rgba(0, 255, 0, 1.0)",0.43632132422236997,3.0729921757046417,2.124598943101189,4,0.24638866757264044,0.9855546702905618,0.0,0.0,0.0,0.0,65.5712106061547,20.86864595752104,True,False,True,False,False,14.82162257243423
2024-04-08 00:00:00+00:00,3.75,4.14,3.75,4.14,18161,3.272422166541341,2.9990844902695843,,,3.041200656309949,2.997661917877062,2.898259399229041,2.8417516237211378,,,3.0768526722469915,"rgba(0, 255, 255, 0.75)",0.43671878839056677,3.0768526722469915,1.5413747831499265,4,0.249233982460691,0.996935929842764,0.0,0.0,0.0,0.0,60.93917989921198,16.451421786286986,True,False,True,False,False,10.195065137948465
2024-04-09 00:00:00+00:00,4.05,4.06,3.92,3.92,2596,3.2727932596374294,2.9999674964199765,,,3.0417221955634997,2.998217319319397,2.898929836892488,2.8425788772858014,,,3.0777294635329895,"rgba(0, 255, 0, 1.0)",0.43950257462988485,3.0777294635329895,2.2122066913618914,4,0.250244054999114,1.000976219996456,0.0,0.0,0.0,0.0,61.318515280409926,16.451421786286986,True,False,True,False,False,14.039901762381906
2024-04-10 00:00:00+00:00,3.91,4.0939,3.84,3.99,20962,3.2755251142890467,3.0066069525550083,,,3.0456445136773675,3.002406207431465,2.9040133511260913,2.8488633667350505,,,3.0837436895588572,"rgba(0, 255, 255, 0.75)",0.4438016949693284,3.0837436895588572,1.8617691635861064,4,0.2529252622868311,1.0117010491473244,0.0,0.0,0.0,0.0,59.512473883624175,15.068209151773459,False,False,True,False,False,11.593456009374403
2024-04-11 00:00:00+00:00,3.9,3.97,3.85,3.88,11509,3.2769240900527143,3.0100546881991197,,,3.047685715042951,3.0045906356253895,2.906673923210903,2.852155001196416,,,3.0867159018421173,"rgba(0, 255, 255, 0.75)",0.44514289794714673,3.0867159018421173,1.8270180247926733,4,0.25618244737831813,1.0247297895132725,0.0,0.0,0.0,0.0,58.16389988184021,13.688682506683378,False,False,True,False,False,11.420389503299784
2024-04-12 00:00:00+00:00,3.8,3.95,3.75,3.95,8792,3.2778646642793188,3.0124567853766164,,,3.0491059611603326,3.0061171936660482,2.908548550781161,2.8544818789245934,,,3.0885379143087865,"rgba(0, 255, 255, 0.75)",0.4406384818247901,3.0885379143087865,1.6146163238963547,4,0.25899598945757174,1.035983957830287,0.0,0.0,0.0,0.0,55.811214471957044,11.357093139082252,False,True,True,False,False,9.693159349545265
2024-04-15 00:00:00+00:00,3.56,3.75,3.53,3.75,4253,3.2781387607347794,3.013303669803412,,,3.0495989283971525,3.006657770973815,2.90923757468861,2.85535142411563,,,3.0887604957643893,"rgba(38, 166, 154, 1.0)",0.4343409984942291,3.0887604957643893,1.084952850109249,4,0.26346417757297996,1.0538567102919199,0.0,0.0,0.0,0.0,51.314643683985096,7.095834427605908,False,True,False,False,False,5.741183613492467
2024-04-16 00:00:00+00:00,3.54,3.55,3.5,3.51,1540,3.278213252739007,3.0135672289085313,,,3.0497508626998195,3.006826420702284,2.9094572467468045,2.855631230857344,,,3.088755675477534,"rgba(38, 166, 154, 1.0)",0.43465631478442013,3.088755675477534,1.0381635079804912,4,0.26831700682366033,1.0732680272946413,0.0,0.0,0.0,0.0,48.098103055814946,4.150161384249081,False,True,False,True,False,5.422078394980105
2024-04-17 00:00:00+00:00,3.4,3.55,3.38,3.52,1533,3.2782618533581953,3.013785339008515,,,3.049874734470175,3.006966403004239,2.909645246959224,2.8558737689619034,,,3.088660346689344,"rgba(38, 166, 154, 0.5)",0.43329525666529,3.088660346689344,0.7185392605189729,4,0.2738437201785201,1.0953748807140804,0.0,0.0,0.0,0.0,44.4719046412046,0.8461359289645713,False,True,False,True,False,3.2140950949529525
2024-04-18 00:00:00+00:00,3.4,3.44,3.39,3.4,2694,3.2783299591924475,3.0141383940649114,,,3.05007380432031,3.007193407266647,2.9099546913859973,2.8562753489194956,,,3.0884410837344585,"rgba(38, 166, 154, 0.5)",0.43210647585481354,3.0884410837344585,0.7210234830413055,4,0.28047031774463577,1.121881270978543,0.0,0.0,0.0,0.0,42.05443903146437,-1.3232049717588126,False,True,False,True,False,3.2140950949529525
2024-04-19 00:00:00+00:00,3.3,3.405,3.2,3.35,3723,3.278346620060568,3.014492027584134,,,3.0502658541912866,3.007422439262478,2.9102891912210738,2.856720970049913,,,3.1074501977476294,#000000,0.43094488557539984,3.1074501977476294,0.44680841726495235,4,0.2858895111358122,1.1435580445432487,-1.0,0.0,3.2,601.0,39.395308829009075,-3.7723864982138267,False,True,False,True,False,1.6489785717035943
2024-04-22 00:00:00+00:00,3.38,3.4,3.35,3.3951,8718,3.2785107162534772,3.015532105199818,,,3.050848245877228,3.008093709805115,2.9112199194519905,2.857936286960669,,,3.1092928810720966,"rgba(38, 166, 154, 0.5)",0.4300832645007179,3.1092928810720966,0.6294295576512754,4,0.29020597269355575,1.160823890774223,0.0,0.0,0.0,0.0,39.1423049129503,-4.048295303844647,False,True,False,True,False,2.827926825195579
2024-04-23 00:00:00+00:00,3.36,3.49,3.36,3.49,1950,3.2785572968839367,3.015781045818762,,,3.0509888665391136,3.008254361583121,2.911439490185813,2.8582212805455596,,,3.109504082574973,"rgba(38, 166, 154, 0.5)",0.4286440342490353,3.109504082574973,0.5843914703347833,4,0.29345207252169975,1.173808290086799,0.0,0.0,0.0,0.0,38.73326508491434,-4.6283046468361135,False,True,False,True,False,2.5101216762497565
2024-04-24 00:00:00+00:00,3.43,3.7433,3.42,3.42,8221,3.2789539895908364,3.017171891649536,,,3.0517950063706314,3.009148788799986,2.9126029113148615,2.8597003665894905,,,3.112836899463008,"rgba(38, 166, 154, 0.5)",0.428573876440875,3.112836899463008,0.7400430076860912,4,0.29700871818039815,1.1880348727215926,0.0,0.0,0.0,0.0,39.84795087881555,-4.6283046468361135,False,True,False,True,False,3.5520957907820083
2024-04-25 00:00:00+00:00,3.63,3.6501,3.4263,3.4263,5867,3.279278547039771,3.018232377758334,,,3.0524137841137433,3.009831206870942,2.9134809776798574,2.860811009860904,,,3.114695652218134,"rgba(38, 166, 154, 1.0)",0.42991316952766656,3.114695652218134,1.19862424393283,4,0.2974328653973094,1.1897314615892376,0.0,0.0,0.0,0.0,43.95114230449647,-4.6283046468361135,False,True,False,True,True,6.425826196298786
2024-04-26 00:00:00+00:00,3.4,3.5,3.4,3.5,2898,3.279363708205865,3.018626183833827,,,3.0526388443803807,3.0100861301291846,2.9138243524604084,2.861253604532445,,,3.1145405777328277,"rgba(38, 166, 154, 0.5)",0.4288592452684716,3.1145405777328277,0.6656249700026191,4,0.3003096407856182,1.201238563142473,0.0,0.0,0.0,0.0,43.549744119355424,-4.6283046468361135,False,True,False,True,True,2.755865174679961
2024-04-29 00:00:00+00:00,3.27,3.59,3.27,3.59,4823,3.2794531441229338,3.019190593623662,,,3.0529571467851837,3.0104529959889317,2.9143325858198903,2.8619158662747535,,,3.1137863450019116,#000000,0.4266389489870605,3.1137863450019116,0.36614954018843265,4,0.30238133947791795,1.2095253579116718,0.0,0.0,0.0,0.0,41.84494578121709,-4.6283046468361135,False,True,False,True,True,0.7858178449716817
2024-04-30 00:00:00+00:00,3.34,3.46,3.28,3.31,13180,3.279654954349381,3.0206524518902027,,,3.0537791821054636,3.011406352885198,2.9156659165470984,2.8636586874174292,,,3.112004582266154,"rgba(38, 166, 154, 0.5)",0.42335045010439565,3.112004582266154,0.5385500775483371,4,0.30450833846916087,1.2180333538766435,0.0,0.0,0.0,0.0,41.86529954636027,-4.6283046468361135,False,True,False,True,True,1.8047725492896909
2024-05-01 00:00:00+00:00,3.285,3.39,3.285,3.39,1366,3.279665428222699,3.0207854702728643,,,3.053853031731013,3.011493559504833,2.915791250289042,2.8638241187320688,,,3.111776194866768,#000000,0.4205691124873166,3.111776194866768,0.4118795222710423,5,0.2652121284524914,1.326060642262457,0.0,0.0,0.0,0.0,41.229888006975216,-4.6283046468361135,False,True,False,True,True,0.9685147479404641
2024-05-02 00:00:00+00:00,3.32,3.345,3.2921,3.3189,1883,3.279679511497105,3.0209680476555816,,,3.053954395121143,3.0116133146651474,2.915963479809527,2.8640514826933923,,,3.1114734469959107,"rgba(38, 166, 154, 0.5)",0.4154315242628346,3.1114734469959107,0.5019516835514845,6,0.2395064970002193,1.4370389820013159,0.0,0.0,0.0,0.0,41.43665934831536,-4.6283046468361135,False,True,False,True,True,1.488256941030805
2024-05-03 00:00:00+00:00,3.418,3.57,3.38,3.39,19692,3.2803366878236364,3.023735364267903,,,3.0555551399139285,3.013415620690767,2.918364903889435,2.8671273773215904,,,3.112512398582713,"rgba(38, 166, 154, 0.5)",0.4069892213637814,3.112512398582713,0.7506036656047747,6,0.24116114050420412,1.4469668430252247,0.0,0.0,0.0,0.0,43.288629144763604,-4.6283046468361135,False,True,False,True,True,2.933813240546524
2024-05-06 00:00:00+00:00,3.4432,3.5594,3.2303,3.41,42971,3.2813905642157732,3.0290369619097275,,,3.0586164474342246,3.016903161880045,2.923098960379465,2.873224809698635,,,3.112915957118841,"rgba(38, 166, 154, 0.5)",0.40170427439206513,3.112915957118841,0.82220694161397,6,0.2447171955097521,1.4683031730585125,0.0,0.0,0.0,0.0,44.95446472100266,-4.6283046468361135,False,True,False,True,True,3.3037462987988206
2024-05-07 00:00:00+00:00,3.335,3.45,3.335,3.43,26998,3.281854251035417,3.0319732936549664,,,3.0603104251933977,3.0188569160823238,2.925801162724954,2.8767230389203977,,,3.1127694564122304,"rgba(38, 166, 154, 0.5)",0.3961754758543986,3.1127694564122304,0.5609396773197622,6,0.2475842055202633,1.48550523312158,0.0,0.0,0.0,0.0,44.401619026023894,-4.6283046468361135,False,True,False,True,True,1.5814191227271834
2024-05-08 00:00:00+00:00,3.2899,3.3001,3.2,3.2401,23374,3.281773735625271,3.033669066011914,,,3.0612521305128677,3.020011638891431,2.9275459602090503,2.879050255029095,,,3.1294912394178893,#000000,0.39087912477820824,3.1294912394178893,0.41037945086765454,6,0.2518384196466829,1.5110305178800973,0.0,0.0,0.0,0.0,43.38013857050381,-4.6283046468361135,False,True,False,True,True,0.8716196470275328
2024-05-09 00:00:00+00:00,3.8,4.05,3.3,3.3,222612,3.299063757962799,3.0782355890249558,,,3.0889807284437905,3.0500008136277126,2.964572863857543,2.9244667510060767,3.7166666666666663,,3.2368320530622015,"rgba(38, 166, 154, 1.0)",0.386471279899785,3.2368320530622015,1.4572051695117736,5,0.24645965073402692,1.2322982536701346,0.0,1.0,4.05,685.0,49.741604509515994,-5.050867446577072,False,True,False,False,True,8.034922994527285
2024-05-10 00:00:00+00:00,3.62,3.8999,3.5,3.8,105569,3.3059890003137693,3.0960966101402554,,,3.1004734482269924,3.0624704732051335,2.9799999194140794,2.9432389631353066,3.702716512229532,,3.250554775517627,"rgba(38, 166, 154, 0.5)",0.37791482465217274,3.250554775517627,0.9775886003477235,5,0.24882322656524197,1.2441161328262098,0.0,0.0,0.0,0.0,51.42883650838375,-3.562413641428428,False,True,False,False,True,5.242853015800993
2024-05-13 00:00:00+00:00,3.67,3.76,3.65,3.68,26799,3.307800061727009,3.100612823416266,,,3.1034188453011007,3.0656581565398544,2.9839199148535362,2.9479821850049897,3.7020081348244966,,3.2542858943078654,"rgba(38, 166, 154, 1.0)",0.36900806249644175,3.2542858943078654,1.1265718772639097,5,0.2506963128758218,1.2534815643791088,0.0,0.0,0.0,0.0,53.09786321147956,-2.0318670717340908,False,True,True,False,True,5.901429167786979
2024-05-14 00:00:00+00:00,3.61,3.7,3.6,3.7,35732,3.309837551538782,3.105963617748602,,,3.1069279171790267,3.069479406221955,2.988667862647119,2.9537401661186284,3.6960324255035246,,3.2577443142112275,"rgba(38, 166, 154, 0.5)",0.3604954922285541,3.2577443142112275,0.9771431082567944,4,0.292136972231369,1.168547888925476,0.0,0.0,0.0,0.0,53.35438502937425,-1.7503963234368314,False,False,True,False,True,4.976865465322849
2024-05-15 00:00:00+00:00,3.58,3.6291,3.51,3.61,24592,3.310955040512977,3.1091504173025957,,,3.109029378406157,3.0717880115406038,2.9915786709010703,2.957283327133243,3.688749101300894,,3.2590893461691692,"rgba(38, 166, 154, 0.5)",0.34646795973699307,3.2590893461691692,0.9262347204469844,3,0.1982573503988366,0.5947720511965098,0.0,0.0,0.0,0.0,53.08691686517218,-1.7503963234368314,False,False,True,False,True,4.51324345728656
2024-05-16 00:00:00+00:00,3.58,3.58,3.38,3.56,39771,3.3123351991546137,3.1135616275025804,,,3.111955974333605,3.075037713230052,2.9957481666361914,2.9623811084632514,3.6734187480451936,,3.2598941173674185,"rgba(38, 166, 154, 0.5)",0.33302654806923304,3.2598941173674185,0.9612022959984398,3,0.20061346195599802,0.601840385867994,0.0,0.0,0.0,0.0,52.908604755704125,-1.7503963234368314,False,False,True,False,True,4.51324345728656
2024-05-17 00:00:00+00:00,3.41,3.4899,3.38,3.43,7762,3.312487125711489,3.114227064078156,,,3.1123999041206547,3.075542020721111,2.9964191458262777,2.963210294729678,3.669280037464593,,3.2596642358602326,#000000,0.3221220583220713,3.2596642358602326,0.46670434469115274,3,0.2051013648233725,0.6153040944701175,0.0,0.0,0.0,0.0,50.27730218279345,-1.7503963234368314,False,True,False,False,False,1.8835296111735929
2024-05-20 00:00:00+00:00,3.46,3.46,3.3,3.35,9401,3.3126385002861807,3.114977965401272,,,3.11290184087505,3.0761162562743443,2.99719142721207,2.964167512969186,3.664052105153192,,3.2592926301588476,"rgba(38, 166, 154, 0.5)",0.31207039040215906,3.2592926301588476,0.6431477513214395,2,0.23357261528667958,0.46714523057335916,0.0,0.0,0.0,0.0,49.33586774775228,-1.7503963234368314,False,True,False,False,False,2.6021338866683372
2024-05-21 00:00:00+00:00,3.39,3.4387,3.3151,3.4,12575,3.312785731532986,3.1158894393864154,,,3.1135127513307013,3.0768224765833447,2.9981561169403887,2.9653683419974284,3.656717262875926,,3.2586418939522934,#000000,0.3027187632883647,3.2586418939522934,0.4339278630131599,2,0.23423046317473803,0.46846092634947606,0.0,0.0,0.0,0.0,47.69709725883892,2.228682317144923,False,True,False,False,False,1.5276621775107344
2024-05-22 00:00:00+00:00,3.27,3.38,3.2541,3.31,22186,3.3127426730785006,3.117002806389836,,,3.114264205469098,3.077735599820273,2.999493840512703,2.9670663886648954,3.641167314399699,,3.256564222292055,#000000,0.30108685931811136,3.256564222292055,0.044624258057537926,2,0.23533026375644767,0.47066052751289533,0.0,0.0,0.0,0.0,45.01174491008392,-0.3988840136675833,False,True,False,True,False,0.0
2024-05-23 00:00:00+00:00,3.22,3.3339,3.175,3.269,42821,3.312238519910506,3.1184454823341965,,,3.1152502730315317,3.079022372039959,3.0015495790393505,2.9697315701600844,3.6101547103900664,,3.251640267250086,#000000,0.29779118856873404,3.251640267250086,-0.10624984373163536,2,0.23626108822749764,0.4725221764549953,0.0,0.0,0.0,0.0,42.60060968803161,-2.6964446513179254,False,True,False,True,False,0.0
2024-05-24 00:00:00+00:00,3.2,3.33,3.19,3.25,15177,3.3120539998388834,3.1189369146320316,,,3.1155881128438945,3.079465477944976,3.002261033125786,2.9706537480738606,3.6002115814184257,,3.250034799485929,#000000,0.29332397165853946,3.250034799485929,-0.1705786240484108,2,0.23696720899792076,0.4739344179958415,0.0,0.0,0.0,0.0,40.73810127886045,-4.455510166685968,False,True,False,True,False,0.0
2024-05-28 00:00:00+00:00,3.135,3.28,3.0501,3.25,28380,3.3113075706391317,3.1192077542963332,,,3.1157868588137783,3.0798524467123403,3.003108657739359,2.9718226996795187,3.5789196225446327,,3.245938058290007,#000000,0.2883938493614932,3.245938058290007,-0.384675534986703,2,0.23743916044407745,0.4748783208881549,0.0,0.0,0.0,0.0,38.66330498229057,-6.419082222135458,False,True,False,True,False,0.0
2024-05-29 00:00:00+00:00,3.0,3.15,3.0,3.15,33603,3.309845016816609,3.118598319442169,,,3.11539671427473,3.079672535127022,3.0034146944678866,2.9724051811074985,3.5505721695535204,,3.2396379819993144,"rgba(239, 83, 80, 0.5)",0.28539009324521514,3.2396379819993144,-0.839685706235818,2,0.23765100402049272,0.47530200804098544,0.0,0.0,0.0,0.0,35.74248123571882,-9.155865288925241,False,True,False,True,False,0.0
2024-05-30 00:00:00+00:00,2.83,3.0,2.675,2.97,20022,3.308266696255297,3.1171180770040565,,,3.1144093968651814,3.0787970735464536,3.002762308389748,2.9717978714898354,3.5284282102167634,,3.233909198883161,"rgba(239, 83, 80, 1.0)",0.290260266104869,3.233909198883161,-1.3915414751850037,2,0.23612827730431715,0.4722565546086343,0.0,0.0,0.0,0.0,32.2382874474875,-12.381949497048574,False,True,False,True,False,0.0
2024-05-31 00:00:00+00:00,2.84,2.945,2.7,2.7,16543,3.3069522585474096,3.1158780208295473,,,3.1135795259501737,3.078058792866138,3.00220581198757,2.9712758656826566,3.510973976444702,,3.22929630203407,"rgba(239, 83, 80, 1.0)",0.2929435552862938,3.22929630203407,-1.3289123280203612,2,0.23476278377178847,0.46952556754357694,0.0,0.0,0.0,0.0,30.15156206996849,-14.251087302906683,False,True,False,True,False,0.0
2024-06-03 00:00:00+00:00,2.66,2.86,2.5401,2.86,20945,3.3048089229540265,3.113557337092222,,,3.1120174278778885,3.0766036686825107,3.000936505605651,2.969970900788927,3.4857516672266935,,3.2221979162894825,"rgba(255, 0, 0, 1.0)",0.3008264303188276,3.2221979162894825,-1.8688448208943709,2,0.23226257275092094,0.4645251455018419,0.0,0.0,0.0,0.0,27.32841492387762,-16.843351668367816,False,True,False,True,False,0.0
2024-06-04 00:00:00+00:00,2.52,2.72,2.46,2.72,30781,3.3010793051957967,3.1092456837042692,,,3.1091003235619454,3.0738324089368882,2.9983840336470893,2.9672711793204956,3.446199727609069,,3.210468107176265,"rgba(255, 26, 202, 1.0)",0.3129152075631902,3.210468107176265,-2.206566157500771,2,0.22885666506684274,0.4577133301336855,0.0,0.0,0.0,0.0,24.550508566999447,-19.3913259369509,False,True,False,True,False,0.0
2024-06-05 00:00:00+00:00,2.58,2.84,2.58,2.75,19575,3.299047313763304,3.1070377746023174,,,3.1076004024780004,3.0724300711754715,2.99714874550744,2.9659969257884646,3.425434343204789,,3.2042675453521574,"rgba(255, 0, 0, 1.0)",0.32400295614821617,3.2042675453521574,-1.9267341038289298,2,0.22666556847881753,0.45333113695763505,0.0,0.0,0.0,0.0,24.18923483824935,-19.731100835212715,False,True,False,True,False,0.0
2024-06-06 00:00:00+00:00,2.5,2.62,2.5,2.57,11707,3.2975960992142244,3.1053510180877812,,,3.106451912663886,3.0713356255704287,2.9961328821603863,2.9649196893061864,3.4115494886051843,,3.1999576034004464,"rgba(255, 26, 202, 1.0)",0.338839566475049,3.1999576034004464,-2.065749318127489,2,0.22347794078611374,0.4469558815722275,0.0,0.0,0.0,0.0,23.362468524620486,-20.642919777270595,False,True,False,True,False,0.0
2024-06-07 00:00:00+00:00,2.5,2.5,2.5,2.5,0,3.2975960992142244,3.1053510180877812,,,3.106451912663886,3.0713356255704287,2.9961328821603863,2.9649196893061864,3.4115494886051843,,3.1999576034004464,"rgba(255, 0, 0, 1.0)",0.3558068335487532,3.1999576034004464,-1.9672404726440904,2,0.22128605247990965,0.4425721049598193,0.0,0.0,0.0,0.0,22.811290982201243,-21.37374717473363,False,True,False,True,False,0.0
2024-06-10 00:00:00+00:00,2.5,2.5,2.5,2.5,0,3.2975960992142244,3.1053510180877812,,,3.106451912663886,3.0713356255704287,2.9961328821603863,2.9649196893061864,3.4115494886051843,,3.1999576034004464,"rgba(255, 0, 0, 1.0)",0.37120184561418545,3.1999576034004464,-1.8856522715890764,1,0.11030352762063822,0.11030352762063822,0.0,0.0,0.0,0.0,22.44383928725508,-21.996861456744274,False,True,False,True,False,0.0
2024-06-11 00:00:00+00:00,2.5,2.5,2.5,2.5,1163,3.297444639401526,3.1051721827010748,,,3.1063300340151394,3.071218979978508,2.996023382189336,2.9648029256897983,3.410131661441866,,3.1995120739015808,"rgba(255, 0, 0, 1.0)",0.3863390059063088,3.1995120739015808,-1.8106172641320604,1,0.10922390301867803,0.10922390301867803,0.0,0.0,0.0,0.0,22.198871490624306,-22.553383712895062,False,True,False,True,False,0.0
2024-06-12 00:00:00+00:00,2.5,2.5,2.5,2.5,0,3.297444639401526,3.1051721827010748,,,3.1063300340151394,3.071218979978508,2.996023382189336,2.9648029256897983,3.410131661441866,,3.1995120739015808,"rgba(255, 0, 0, 1.0)",0.40022622803959396,3.1995120739015808,-1.747791686037075,1,0.10814817658651733,0.10814817658651733,0.0,0.0,0.0,0.0,22.035559626203792,-23.06521420762722,False,True,False,True,False,0.0
2024-06-13 00:00:00+00:00,2.5,2.5,2.5,2.5,0,3.297444639401526,3.1051721827010748,,,3.1063300340151394,3.071218979978508,2.996023382189336,2.9648029256897983,3.410131661441866,,3.1995120739015808,"rgba(255, 0, 0, 1.0)",0.4133274997859077,3.1995120739015808,-1.6923918061680117,1,0.10704928481642925,0.10704928481642925,0.0,0.0,0.0,0.0,21.926685049923446,-23.5431323448831,False,True,False,True,False,0.0
2024-06-14 00:00:00+00:00,1.955,2.8199,1.95,2.54,95915,3.281164477638418,3.0846331273219976,,,3.092231865229222,3.0574819320238333,2.9825373327274702,2.9501280963495233,3.277281496926183,,3.1545292502241464,"rgba(255, 26, 202, 1.0)",0.44448262130012256,3.1545292502241464,-2.698708999500349,1,0.10315667234105852,0.10315667234105852,0.0,0.0,0.0,0.0,18.418374542964116,-27.141202299306425,False,True,False,True,False,0.0
2024-06-17 00:00:00+00:00,1.8899,2.0681,1.815,1.97,24763,3.2757843886908975,3.077551601789558,,,3.087336371713258,3.052658201129873,2.977675778789137,2.9447819508925237,3.238701019199426,,3.1404995888222276,"rgba(255, 26, 202, 1.0)",0.4748695692901665,3.1404995888222276,-2.6335643926217887,0,,,0.0,0.0,0.0,0.0,15.856325044956042,-29.675425709822974,False,True,False,True,False,0.0
2024-06-18 00:00:00+00:00,1.87,1.9299,1.86,1.9,22605,3.2707743021319264,3.070953379473924,,,3.082759490840356,3.0481446237245935,2.9731192819042973,2.9397716137971774,3.2043985227443197,,3.12773429084294,"rgba(255, 26, 202, 1.0)",0.5040024396659004,3.12773429084294,-2.4954924656251327,0,,,0.0,0.0,0.0,0.0,14.079023125971739,-31.409413498278944,False,True,False,True,False,0.0
2024-06-20 00:00:00+00:00,2.04,2.1,1.92,1.9291,61932,3.258536172620669,3.0552390367508577,,,3.0717753127481724,3.037355248283359,2.9623371083414956,2.9279924862157443,3.127423202064647,,3.0980190052981773,"rgba(255, 26, 202, 1.0)",0.5252049258566932,3.0980190052981773,-2.0144879707142485,0,,,0.0,0.0,0.0,0.0,17.485517682451075,-31.409413498278944,False,True,False,True,True,0.0
2024-06-21 00:00:00+00:00,2.0,2.03,2.0,2.03,6558,3.2572439307715277,3.053586703608676,,,3.0706145419917785,3.0362149020801916,2.9611976822671324,2.9267492890463833,3.1197857394578428,,3.0949788415636523,"rgba(255, 26, 202, 1.0)",0.5459901871044982,3.0949788415636523,-2.005491797152175,0,,,0.0,0.0,0.0,0.0,19.446163702205606,-35.41785330164583,False,True,False,True,True,0.0
2024-06-24 00:00:00+00:00,1.93,2.03,1.9,2.03,15849,3.2539905418940838,3.049399258544726,,,3.06767038571155,3.0333177983950494,2.9582918266993854,2.9235737992396205,3.10083117787543,,3.0873663243229807,"rgba(255, 26, 202, 1.0)",0.5679493202393598,3.0873663243229807,-2.037798590612299,0,,,0.0,0.0,0.0,0.0,20.218195067663643,-34.688810903549125,False,True,False,True,True,0.0
2024-06-25 00:00:00+00:00,1.93,1.96,1.93,1.93,25872,3.248660345116752,3.042549384226627,,,3.0628404145490595,3.0285637338331926,2.953521664848488,2.9183637628318566,3.0708344496825504,,3.0751068844321425,"rgba(255, 0, 0, 1.0)",0.5884944492914419,3.0751068844321425,-1.94582444373243,0,,,0.0,0.0,0.0,0.0,20.732882644635666,-34.110561686125344,False,True,False,True,True,0.0
2024-06-26 00:00:00+00:00,1.88,2.27,1.84,1.97,66712,3.2357002544185005,3.0261589007255725,,,3.051193949147055,3.017122136138665,2.94210165481229,2.9059442587738675,3.003732281976898,,3.0465812430098294,"rgba(255, 0, 0, 1.0)",0.6092690390064823,3.0465812430098294,-1.9147226731102902,0,,,0.0,0.0,0.0,0.0,20.669462242386494,-34.000586973504866,False,True,False,True,True,0.0
2024-06-27 00:00:00+00:00,1.86,2.0,1.79,1.89,35978,3.228192401825202,3.016581080102511,1.8833333333333333,,3.0443542146546556,3.0103826579087944,2.9353304188371707,2.8985666612792413,2.9672165528580483,,2.9794149745703797,"rgba(255, 0, 0, 1.0)",0.6291391929088862,2.9794149745703797,-1.779280304243415,0,,,0.0,0.0,0.0,0.0,20.462390685101834,-33.97477763035123,False,True,False,True,True,0.0
2024-06-28 00:00:00+00:00,1.93,1.99,1.89,1.99,6741,3.2268503785058646,3.014887982579611,1.8917492606724562,,3.0431400530006814,3.00918815441932,2.9341351832459934,2.897268181753858,2.960961663309746,,2.977089256646498,"rgba(255, 0, 0, 1.0)",0.6460683990927718,2.977089256646498,-1.620709599969371,0,,,0.0,0.0,0.0,0.0,22.5842197989979,-31.744790086323988,False,True,False,True,True,0.0
2024-07-01 00:00:00+00:00,1.901,2.03,1.89,1.9727,29047,3.22111569711504,3.007677339320066,1.9114134687735136,,3.0379557643951474,3.004088781695992,2.929036277138371,2.891734099141851,2.934949113295334,,2.9664961545511237,"rgba(255, 0, 0, 1.0)",0.6627070447166741,2.9664961545511237,-1.6077936141551856,0,,,0.0,0.0,0.0,0.0,23.666059784248375,-30.557743137661017,False,True,False,True,True,0.0
2024-07-02 00:00:00+00:00,1.906,1.98,1.8601,1.8601,25967,3.2159331079051383,3.001163835080508,1.9124638068342659,,3.0332577994571577,2.999465107235939,2.924408134644543,2.8867123205371077,2.9122361344194174,,2.956258112041787,"rgba(255, 0, 0, 1.0)",0.6774387430170579,2.956258112041787,-1.5503366509041565,0,,,0.0,0.0,0.0,0.0,24.560516769964366,-29.54743598388742,False,True,False,True,True,0.0
2024-07-03 00:00:00+00:00,1.89,1.91,1.8501,1.88,11571,3.2135804562093906,2.998201540905358,1.9093835626631532,,3.031117445190655,2.9973569610307895,2.9222944277600584,2.884418022934454,2.902123336527282,,2.9514736088644207,"rgba(255, 0, 0, 1.0)",0.6919173257519041,2.9514736088644207,-1.534104681814292,0,,,0.0,0.0,0.0,0.0,24.945410864984638,-29.00005509247184,False,True,False,True,True,0.0
2024-07-05 00:00:00+00:00,1.89,1.93,1.89,1.8958,7214,3.212139836167927,2.9963955510485465,1.9090089737207983,,3.0298102017832926,2.996070137361103,2.9210062073497833,2.8830213580265673,2.896040064193486,,2.948645768710233,"rgba(239, 83, 80, 1.0)",0.7058346539017758,2.948645768710233,-1.49984952262992,0,,,0.0,0.0,0.0,0.0,25.202006928331485,-28.542407704755586,False,True,False,True,True,0.0
2024-07-08 00:00:00+00:00,1.96,1.97,1.9,1.95,5809,3.211017475255163,2.9949986801679316,1.9106389507903676,,3.0287970580998973,2.9950739839243172,2.9200119255711936,2.8819453956324033,2.891390387193491,,2.946561608924368,"rgba(239, 83, 80, 1.0)",0.7173841973284382,2.946561608924368,-1.3752207152016382,0,,,0.0,0.0,0.0,0.0,28.171619325686002,-25.57663251433833,False,True,False,True,True,0.0
2024-07-09 00:00:00+00:00,1.99,1.9923,1.9,1.9,6318,3.2098157784743395,2.993508727942584,1.913100818013396,,3.0277149462093833,2.994010606237632,2.918952077255605,2.880799631997714,2.8864765957666103,,2.944381952747821,"rgba(239, 83, 80, 1.0)",0.7271745395026505,2.944381952747821,-1.312452376840048,0,,,0.0,0.0,0.0,0.0,31.262372449612997,-22.641988771111002,False,False,False,True,True,0.0
2024-07-10 00:00:00+00:00,1.976,2.0099,1.92,1.96,7590,3.2083842685851214,2.9917380620869327,1.9161946763558066,,3.0264274325282026,2.9927457309028136,2.9176923705652755,2.8794386923555657,2.880691278435176,,2.9418099147527466,"rgba(239, 83, 80, 1.0)",0.7364270314856006,2.9418099147527466,-1.3114808032024705,0,,,0.0,0.0,0.0,0.0,33.0069732169236,-21.04272621487539,False,False,False,True,True,0.0
2024-07-11 00:00:00+00:00,1.98,2.08,1.98,2.08,9858,3.2065967848246557,2.9895474893160205,1.9227493564601543,,3.0248303253634816,2.991179046892869,2.916138048554122,2.877763588112778,2.873648190316154,,2.9387793471061374,"rgba(239, 83, 80, 1.0)",0.7416641731104899,2.9387793471061374,-1.2927405446660325,0,,,0.0,0.0,0.0,0.0,34.33709335509289,-19.81188708391675,False,False,False,True,True,0.0
2024-07-12 00:00:00+00:00,2.01,2.0659,2.005,2.0455,21219,3.202811124319537,2.9849308651594058,1.9359665023030823,,3.0214557402445785,2.987870541419581,2.9128607349020004,2.8742363977175818,2.8591037920480376,,2.9324181639027107,"rgba(239, 83, 80, 1.0)",0.7466008507632117,2.9324181639027107,-1.2354903734167597,0,,,0.0,0.0,0.0,0.0,36.50757048977161,-17.775978731051723,False,False,False,True,True,0.0
2024-07-15 00:00:00+00:00,2.09,2.189,2.03,2.03,9230,3.2012779735202046,2.9830947769300074,1.944699377107619,,3.020106635081147,2.986551774799912,2.9115643799703994,2.8728480929344506,2.8534958853503722,,2.9300847897788502,"rgba(239, 83, 80, 1.0)",0.7493458250337335,2.9300847897788502,-1.1210909058458183,0,,,0.0,0.0,0.0,0.0,40.95244019240342,-13.675977901542531,True,False,False,True,True,0.0
2024-07-16 00:00:00+00:00,2.13,2.205,2.05,2.16,18316,3.19831809904347,2.979578019995769,1.9619603545487825,,3.017514802715182,2.984021122511662,2.90908436056504,2.8701980619019922,2.8429777608134423,,2.925679002137571,"rgba(239, 83, 80, 1.0)",0.7477751274087434,2.925679002137571,-1.064061872310234,0,,,0.0,0.0,0.0,0.0,45.20593089511314,-9.887869861117501,True,False,False,False,True,0.0
2024-07-17 00:00:00+00:00,2.07,2.16,2.06,2.13,24438,3.1942781151564277,2.974757742754124,1.9769718132873682,,3.013957714600193,2.9805436677110975,2.905666544659178,2.866541836292932,2.8288089482900323,,2.9192767052538318,"rgba(239, 83, 80, 1.0)",0.7424345548249957,2.9192767052538318,-1.1439078363668307,0,,,0.0,0.0,0.0,0.0,46.01929883229458,-9.323970524281364,True,False,False,False,True,0.0
2024-07-18 00:00:00+00:00,2.07,2.1753,2.07,2.0745,15904,3.191684892551927,2.971678785384856,1.9856357192460319,,3.011678670056374,2.9783166325940034,2.9034806963124757,2.8642067732288394,2.8199764160224436,,2.9151841766759996,"rgba(239, 83, 80, 1.0)",0.7353647729387577,2.9151841766759996,-1.1493400388196022,0,,,0.0,0.0,0.0,0.0,46.561544123748874,-8.85173027522761,True,False,False,False,True,0.0
2024-07-19 00:00:00+00:00,2.12,2.1578,2.1,2.14,9230,3.1902142994609703,2.9699445865944862,1.9909335426638848,,3.010391518888221,2.9770600575780635,2.9022505489452453,2.8628951707990935,2.8150950902400163,,2.9129158298699664,"rgba(239, 83, 80, 1.0)",0.7305485447978785,2.9129158298699664,-1.085370487034976,0,,,0.0,0.0,0.0,0.0,48.70737502121128,-6.782964498693659,True,False,True,False,True,0.0
2024-07-22 00:00:00+00:00,2.09,2.2578,2.06,2.14,16197,3.187667613142805,2.966954359987049,1.999944741079525,,3.008167253858471,2.9748897276551465,2.9001289284608935,2.860635851461268,2.8068150923049626,,2.9090241928503358,"rgba(239, 83, 80, 1.0)",0.7252879898345137,2.9090241928503358,-1.1292399768500367,0,,,0.0,0.0,0.0,0.0,49.021123079665884,-6.39637012575767,True,False,True,False,True,0.0
2024-07-23 00:00:00+00:00,2.12,2.15,2.0201,2.1,23674,3.1838293268778313,2.962417603170192,2.008001638521614,,3.004791163999559,2.9715901760309897,2.8968908322378177,2.8571813004704274,2.7943827755234643,,2.9028871212686047,"rgba(239, 83, 80, 1.0)",0.7197410756278521,2.9028871212686047,-1.087734391962649,0,,,0.0,0.0,0.0,0.0,50.32152139455503,-5.003264696346562,True,False,True,False,True,0.0
2024-07-24 00:00:00+00:00,2.26,2.26,2.15,2.15,3201,3.183372629472219,2.9618970066433867,2.010399106209116,,3.00439998543051,2.971210239783812,2.8965239772844136,2.856793981840031,2.793034172234419,,2.902265010149097,"rgba(239, 83, 80, 0.5)",0.7095386355973838,2.902265010149097,-0.9051868043920586,0,,,0.0,0.0,0.0,0.0,55.115308051874216,-0.39666959508311805,True,False,True,False,True,0.0
2024-07-25 00:00:00+00:00,2.2,2.25,2.14,2.25,10514,3.1818340309821993,2.960130650959447,2.016970622941945,,3.0030740989978657,2.9699206117223795,2.895274192393247,2.8554717046815066,2.7884437677259135,,2.9000797963972222,"rgba(239, 83, 80, 0.5)",0.7042937256443321,2.9000797963972222,-0.9940168013803404,0,,,0.0,0.0,0.0,0.0,56.03533696736995,0.46980659816473747,True,False,True,False,True,0.0
2024-07-26 00:00:00+00:00,2.24,2.2728,2.15,2.15,14454,3.1797785846178757,2.957792403393862,2.026405375129346,,3.0013130785639244,2.9682101230953406,2.893622761340429,2.8537291817938923,2.782501400761522,,2.897245175049325,"rgba(239, 83, 80, 0.5)",0.6913453197072162,2.897245175049325,-0.950675670051064,0,,,0.0,0.0,0.0,0.0,57.65720751171996,2.0739299391802604,True,False,True,False,True,0.0
2024-07-29 00:00:00+00:00,2.25,2.25,2.18,2.23,19004,3.1771055240781196,2.9547642583424127,2.0378867147951274,,2.999026657495956,2.965990203455339,2.8914821438746903,2.8514732644671312,2.7749530847117843,,2.8935675032764445,"rgba(239, 83, 80, 0.5)",0.680634273412775,2.8935675032764445,-0.9455408409710642,0,,,0.0,0.0,0.0,0.0,58.9908911353121,3.4392398577279764,True,False,True,False,True,0.0
2024-07-30 00:00:00+00:00,2.22,2.24,2.1701,2.178,15985,3.1748295458491715,2.9521787779567386,2.0458063936560382,,2.997072692541556,2.964091430343424,2.8896474153750153,2.8495380739513543,2.768573005972714,,2.8903543785858674,"rgba(239, 83, 80, 1.0)",0.6695429082859651,2.8903543785858674,-1.001211976543788,0,,,0.0,0.0,0.0,0.0,58.645251591649064,3.4392398577279764,True,False,True,False,True,0.0
2024-07-31 00:00:00+00:00,2.27,2.32,2.16,2.23,16864,3.172538984705536,2.949616361178674,2.0552582289159163,,2.9951258938294534,2.9622041842776587,2.8878356776386376,2.8476358906779087,2.762467056800104,,2.887282706687229,"rgba(239, 83, 80, 0.5)",0.659392405077482,2.887282706687229,-0.9361386360140063,0,,,0.0,0.0,0.0,0.0,59.805353069489904,4.556859112596598,True,False,True,False,True,0.0
2024-08-01 00:00:00+00:00,2.226,2.379,2.2,2.27,7990,3.171479183839567,2.948440474175331,2.059830913953224,,2.9942296648646636,2.961336431386409,2.887005441938741,2.8467663800939382,2.75972574829802,,2.8858949437118566,"rgba(239, 83, 80, 1.0)",0.6538106104402992,2.8858949437118566,-1.0093059567624025,0,,,0.0,0.0,0.0,0.0,58.76418277649321,4.556859112596598,True,False,True,False,True,0.0
2024-08-02 00:00:00+00:00,2.25,2.325,2.15,2.27,19627,3.1688098002736607,2.9454565472616894,2.0689366197207057,,2.991956949920649,2.9591323597367594,2.8848879294261938,2.8445435554362697,2.7527607436638983,,2.882260363531132,"rgba(239, 83, 80, 0.5)",0.6478428994998902,2.882260363531132,-0.9759470452160742,0,,,0.0,0.0,0.0,0.0,58.79129640928549,4.556859112596598,True,False,True,False,True,0.0
2024-08-05 00:00:00+00:00,2.08,2.15,2.065,2.15,14729,3.1665084782060875,2.942781078680655,2.0700013288448345,,2.9899362913061007,2.9571584987985418,2.882955879486472,2.8424920947554004,2.7462239742635974,,2.8786327213711047,"rgba(239, 83, 80, 1.0)",0.6454927225498808,2.8786327213711047,-1.2372451206208446,0,,,0.0,0.0,0.0,0.0,53.31413459078978,8.28568965894899,True,False,True,False,False,0.0
2024-08-06 00:00:00+00:00,2.21,2.33,2.0446,2.25,17599,3.1640190072965164,2.9399692808694096,2.0751808499973285,,2.9877939611276214,2.9550756271959595,2.880942265693701,2.840371701731027,2.739721225112083,,2.8750716392364537,"rgba(239, 83, 80, 1.0)",0.6413204487055754,2.8750716392364537,-1.0370348249129078,0,,,0.0,0.0,0.0,0.0,53.326962949766894,8.262376583894138,True,False,True,False,False,0.0
2024-08-07 00:00:00+00:00,2.16,2.28,2.125,2.28,21429,3.1609846135336426,2.9365442056410895,2.080621193022764,,2.985179575265836,2.952533120773327,2.878483094948296,2.837782585133219,2.7319149732528456,,2.8707198992609095,"rgba(239, 83, 80, 1.0)",0.6387337338772592,2.8707198992609095,-1.1127013676679918,0,,,0.0,0.0,0.0,0.0,52.00770116998209,6.890860244510108,True,False,False,False,False,0.0
2024-08-08 00:00:00+00:00,2.22,2.24,2.1193,2.24,14253,3.1589866270668754,2.9342977335096934,2.084106703264848,,2.983460471080364,2.9508618387210754,2.8768683127735293,2.8360844068683924,2.726888551004272,,2.867881454301957,"rgba(239, 83, 80, 1.0)",0.633984417988522,2.867881454301957,-1.021920154374656,0,,,0.0,0.0,0.0,0.0,52.64227318870246,6.890860244510108,True,False,True,False,False,0.0
2024-08-09 00:00:00+00:00,2.275,2.3,2.16,2.22,24544,3.1557491493514744,2.9307295712956893,2.0922574029124545,,2.980710807407918,2.948196967285734,2.8743150955530394,2.833415334320559,2.7192697989456427,,2.8635591180164766,"rgba(239, 83, 80, 0.5)",0.6287530910138353,2.8635591180164766,-0.9360735182509438,0,,,0.0,0.0,0.0,0.0,54.33976687441664,6.890860244510108,True,False,True,False,False,0.0
2024-08-12 00:00:00+00:00,2.245,2.3,2.2109,2.3,13470,3.153995633549132,2.928806718478689,2.0965775621664755,,2.979224655931433,2.9467573971526626,2.8729380287352404,2.831977960999029,2.715249983204396,,2.8612441343902235,"rgba(239, 83, 80, 0.5)",0.6220856947572533,2.8612441343902235,-0.9906097175738636,0,,,0.0,0.0,0.0,0.0,54.55895463308323,6.890860244510108,True,False,True,False,False,0.0
2024-08-13 00:00:00+00:00,2.22,2.2985,2.21,2.2985,8994,3.1528167672887504,2.927511628950522,2.099172302570759,,2.978223294210333,2.9457869054267087,2.8720084669666726,2.8310071176691065,2.7125520536167826,,2.859673552423769,"rgba(239, 83, 80, 1.0)",0.6107974545956568,2.859673552423769,-1.0472760611735483,0,,,0.0,0.0,0.0,0.0,53.94149083404447,6.890860244510108,True,False,True,False,False,0.0
2024-08-14 00:00:00+00:00,2.31,2.45,2.27,2.29,11427,3.151488324671383,2.9261137267060104,2.1045544569512367,,2.977128303446894,2.9447334676455985,2.8710194117943058,2.8299882268047067,2.709892377831024,,2.8581384805988392,"rgba(239, 83, 80, 0.5)",0.6032297299678706,2.8581384805988392,-0.9086728544165658,0,,,0.0,0.0,0.0,0.0,55.761926168293314,6.890860244510108,True,False,True,False,True,0.0
2024-08-15 00:00:00+00:00,2.42,2.4797,2.36,2.36,10554,3.1503811180069947,2.924997399831225,2.110846594345788,,2.9762420891024304,2.9438872328589274,2.8702412708883047,2.8291984157931385,2.7079757554351933,,2.8570381722556317,"rgba(239, 83, 80, 0.5)",0.5972053375726126,2.8570381722556317,-0.7318055361527868,0,,,0.0,0.0,0.0,0.0,59.139611307580466,4.803996231768579,True,False,True,False,True,0.0
2024-08-16 00:00:00+00:00,2.57,2.69,2.51,2.52,16546,3.1490546642001416,2.9238432134516574,2.125380581989728,,2.9752814513741765,2.942994926995139,2.869485479549825,2.8284783523287005,2.7067658766820757,,2.8563922352465063,#000000,0.5895668121901275,2.8563922352465063,-0.4857672265889837,0,,,0.0,0.0,0.0,0.0,63.59080507315173,8.938823848030971,True,False,True,False,True,0.5212550181867464
2024-08-19 00:00:00+00:00,2.74,2.75,2.61,2.65,25009,3.147453779241288,2.9226835659873727,2.150570429779571,,2.9742504702140233,2.942072361165743,2.868797399644047,2.8278964177501864,2.7066626014394375,,2.8564038453173315,#000000,0.5832638045307361,2.8564038453173315,-0.19957323669515853,0,,,0.0,0.0,0.0,0.0,68.3399862308637,13.201762895166915,True,False,True,False,True,3.854070247942577
2024-08-20 00:00:00+00:00,2.62,2.72,2.62,2.69,12751,3.146557273695975,2.9219739854368516,2.161561916690242,,2.9736388439736814,2.9415145159709986,2.8683523267737847,2.827494217122127,2.706250770596391,,2.8561526688022942,#000000,0.5756291496509893,2.8561526688022942,-0.4102514074304198,0,,,0.0,0.0,0.0,0.0,68.10448740208203,13.201762895166915,True,False,True,False,True,1.391821079587558
2024-08-21 00:00:00+00:00,2.85,2.85,2.75,2.765,14933,3.145857800455288,2.921650087718847,2.1779160441095016,,2.973289260870642,2.9412326708253143,2.8682275942207953,2.8274650795684586,2.7072404114198814,,2.856741075242995,#000000,0.5670292857524152,2.856741075242995,-0.011888407552089331,0,,,0.0,0.0,0.0,0.0,70.28383505290333,14.749120157710749,True,False,True,False,True,5.628352272023044
2024-08-22 00:00:00+00:00,2.94,2.98,2.855,2.93,11661,3.14549272372931,2.92165811428256,2.192201365333036,,2.973205428368732,2.941204105230023,2.8683343811530766,2.8276696110007555,2.7087539133801917,,2.8576381030793105,#000000,0.5585123962523668,2.8576381030793105,0.14746655127682026,0,,,0.0,0.0,0.0,0.0,72.45742677660334,16.768983157951908,True,False,True,False,True,7.186782219301993
2024-08-23 00:00:00+00:00,2.87,2.9499,2.79,2.9499,7190,3.1452121902074075,2.9215818595377687,2.200099101933081,,2.973095037507493,2.9411268934232035,2.868336272044715,2.827724229779413,2.7094418382493,,2.858031622286342,#000000,0.5514674561077373,2.858031622286342,0.02170278151702919,1,0.12053057353963172,0.12053057353963172,0.0,0.0,0.0,0.0,72.16587841978831,16.768983157951908,True,False,True,False,True,5.747116210319287
2024-08-26 00:00:00+00:00,2.97,2.98,2.86,2.86,2937,3.1451254905410795,2.92159094404493,2.2035884851212275,,2.973079133173435,2.941124919568517,2.868368590756395,2.827781664560189,2.709837219531152,,2.8582612271334926,#000000,0.5463095612140311,2.8582612271334926,0.20453380427426016,1,0.12240365937215687,0.12240365937215687,0.0,0.0,0.0,0.0,72.88584881293649,17.34035426489892,True,False,True,False,True,7.4714567512829575
2024-08-27 00:00:00+00:00,2.94,2.96,2.9315,2.9374,2145,3.1450643914267764,2.9216007226166094,2.2061408032757286,,2.973069810850642,2.9411257946656404,2.868394649745399,2.8278263314213965,2.7101342087994715,,2.858433373947466,#000000,0.5267540182788987,2.858433373947466,0.15484765796195035,1,0.12424270866273282,0.12424270866273282,0.0,0.0,0.0,0.0,72.60100843645091,17.34035426489892,True,False,True,False,True,6.8475979682405885
2024-08-28 00:00:00+00:00,2.96,2.9971,2.94,2.94,2835,3.144992463778249,2.92162633198979,2.20958646149694,,2.973066707293013,2.9411362843174453,2.8684390389937158,2.827896431785737,2.710562197879573,,2.8586819812728543,#000000,0.5124566366255928,2.8586819812728543,0.1977104236454056,1,0.12655079772917877,0.12655079772917877,0.0,0.0,0.0,0.0,72.61749661300462,17.576090212439965,True,False,True,False,True,7.196511115715801
2024-08-29 00:00:00+00:00,3.03,3.2,3.02,3.1,6802,3.1449331954144024,2.92185132818469,2.2189940515838593,,2.9731780066203832,2.9412817669599773,2.868673988444698,2.8282076583616527,2.7120540105628326,,2.872165856294324,#000000,0.4970073515398721,2.872165856294324,0.31756903236272044,1,0.12804305466002322,0.12804305466002322,0.0,0.0,0.0,0.0,73.34444927405637,18.586138495708255,True,False,True,False,True,8.413989146676958
2024-08-30 00:00:00+00:00,3.0856,3.13,3.0192,3.105,7020,3.144867125575359,2.9220756146075586,2.228437376480976,,2.9732873651385967,2.941426256181132,2.8689102191652625,2.828521702189375,2.7135603256205463,,2.8729038668952755,#000000,0.483899687598216,2.8729038668952755,0.439545919445451,1,0.13072043196054806,0.13072043196054806,0.0,0.0,0.0,0.0,74.36849021200476,19.853612170320986,True,False,True,False,True,9.369131100897619
2024-09-03 00:00:00+00:00,2.91,3.14,2.84,3.13,8114,3.144659417405008,2.922143881094366,2.2376553571851847,,2.9732754067786704,2.941452931887672,2.8690330680090423,2.8287171105086957,2.714742185579224,,2.8713912376856783,#000000,0.4684538046778044,2.8713912376856783,0.08241743781092012,1,0.1331586884482219,0.1331586884482219,0.0,0.0,0.0,0.0,70.40535004672603,19.853612170320986,True,False,True,False,False,5.641219089230702
2024-09-04 00:00:00+00:00,2.89,3.0362,2.87,2.87,10414,3.144347679350507,2.922164909057328,2.248657400978149,,2.9732119649953543,2.9414382855621386,2.8691381486776555,2.8289090214236605,2.716054029732279,,2.8704105964588957,#000000,0.4520147445374683,2.8704105964588957,0.04333797465202065,1,0.13574661579438635,0.13574661579438635,0.0,0.0,0.0,0.0,67.29799553609362,22.006069657947393,True,False,True,False,False,5.229222077070702
2024-09-05 00:00:00+00:00,2.98,3.0169,2.88,2.89,11950,3.1440362734741374,2.9222541836110594,2.2613406231789206,,2.973186843737482,2.941469614889448,2.8693096570426415,2.8291855581843732,2.7177250287440993,,2.8707172413452855,#000000,0.44188862636200715,2.8707172413452855,0.24730837621782797,1,0.13797575957432587,0.13797575957432587,0.0,0.0,0.0,0.0,66.51809852542496,21.269688526892836,True,False,True,False,False,6.828508376050781
2024-09-06 00:00:00+00:00,2.89,3.1,2.84,3.1,15070,3.143612004180521,2.9223184717728024,2.276359459713544,,2.973120599846918,2.9414738062701864,2.8694874614988914,2.8294908160210572,2.71966535714136,,2.8711329174185733,#000000,0.4283364379247317,2.8711329174185733,0.04404734435584522,1,0.13945275475232907,0.13945275475232907,0.0,0.0,0.0,0.0,63.86067316786906,18.731946032157836,True,False,True,False,False,4.958299453084798
2024-09-09 00:00:00+00:00,3.14,3.1492,2.9501,2.96,26432,3.143376159236295,2.92315622365169,2.306237361999846,,2.973534051820848,2.942017161225003,2.8703696456750953,2.8306592463158697,2.7250166577274006,,2.87561057100859,"rgba(38, 166, 154, 0.5)",0.42149079638995074,2.87561057100859,0.6272721284922309,1,0.14055611180219407,0.14055611180219407,0.0,0.0,0.0,0.0,65.29119033849156,18.731946032157836,True,False,True,False,False,9.219703742861661
2024-09-10 00:00:00+00:00,3.06,3.19,2.971,3.19,14683,3.1432334067078793,2.9235997785448427,2.3217704236975445,,2.9737492339827254,2.9423038700303454,2.8708423262795195,2.8312878303297153,2.72787121457218,,2.8776110246454314,#000000,0.41631461541603665,2.8776110246454314,0.43810370474815413,1,0.1413625709026442,0.1413625709026442,0.0,0.0,0.0,0.0,64.5315467140017,18.731946032157836,True,False,True,False,False,7.579150348704708
2024-09-11 00:00:00+00:00,3.1,3.13,3.03,3.09,9880,3.1431555677237193,2.9239225003545526,2.3320479455631697,,2.973912278540584,2.942515113489752,2.871179458613734,2.8317315570614108,2.7298370720441167,,2.8789660163196134,"rgba(38, 166, 154, 0.5)",0.41333868003661106,2.8789660163196134,0.5347527206038614,1,0.14211553881857064,0.14211553881857064,0.0,0.0,0.0,0.0,64.51617053417606,18.731946032157836,True,False,True,False,False,8.242618201044777
2024-09-12 00:00:00+00:00,3.15,3.15,3.1,3.15,5178,3.1431484892713515,2.9241394787815937,2.33765107503285,,2.9740328286378896,2.942661337940028,2.8713938986996492,2.832005950921785,2.7309923977089996,,2.8798331368615666,"rgba(38, 166, 154, 0.5)",0.4120659108259968,2.8798331368615666,0.6556399256538276,1,0.14248186255613207,0.14248186255613207,0.0,0.0,0.0,0.0,65.12056513011666,18.731946032157836,True,False,True,False,False,9.07016316739066
2024-09-13 00:00:00+00:00,3.1503,3.27,3.12,3.12,4559,3.1431719203504596,2.9243727719006447,2.342806077997659,,2.9741699323442305,2.9428214286837573,2.871616070933285,2.8322845610477048,2.7321217498542882,,2.8807342677906265,"rgba(38, 166, 154, 0.5)",0.4124396944091558,2.8807342677906265,0.6535882357190242,1,0.1430904754404992,0.1430904754404992,0.0,0.0,0.0,0.0,65.52733957883778,18.731946032157836,True,False,True,False,False,9.075166582338191
2024-09-16 00:00:00+00:00,3.325,3.4858,3.22,3.3,20472,3.143741001864368,2.926081587723252,2.3695699158741768,,2.975270375759952,2.944031182650157,2.873136482623485,2.834115702028803,2.738949444832904,,2.886785836142397,"rgba(38, 166, 154, 1.0)",0.42048469746662254,2.886785836142397,1.0421643557965345,1,0.14319593561442842,0.14319593561442842,0.0,0.0,0.0,0.0,67.81745918314388,18.731946032157836,True,False,True,False,True,11.919780253237558
2024-09-17 00:00:00+00:00,3.4135,3.4135,3.32,3.32,6615,3.143959699307609,2.9266817217638645,2.3782464167535466,,2.975661800998189,2.9444582657192213,2.873665947867987,2.834749357490266,2.7412624081935117,,2.8887554863565574,"rgba(38, 166, 154, 1.0)",0.43370483348399613,2.8887554863565574,1.2099116106871928,1,0.14325147565601978,0.14325147565601978,0.0,0.0,0.0,0.0,70.1827149225949,15.904748734876975,True,False,True,False,True,13.296074628348169
2024-09-18 00:00:00+00:00,3.5015,3.6902,3.45,3.58,26631,3.1454423710633805,2.929950500674193,2.4172206477241143,,2.9778659323144496,2.9468135934285713,2.8764738128449348,2.838049378545362,2.7527607473414566,,2.8987238694153667,"rgba(38, 166, 154, 1.0)",0.4490318161162727,2.8987238694153667,1.3423906924861422,1,0.14376845760007467,0.14376845760007467,0.0,0.0,0.0,0.0,72.51755775956994,18.150328807203152,True,False,True,False,True,14.632469719570288
2024-09-19 00:00:00+00:00,3.86,3.86,3.67,3.69,18496,3.14710103562529,2.933109786581568,2.448439808245907,,2.9800530584474654,2.949113727955418,2.879130306575254,2.8411232265381243,2.763002762913326,,2.907625037143213,"rgba(0, 255, 255, 0.75)",0.4781896423458378,2.907625037143213,1.9916260799476027,1,0.14182065947188022,0.14182065947188022,0.0,0.0,0.0,0.0,76.27074068229078,21.650070370701272,True,False,True,False,True,19.618629483072223
2024-09-20 00:00:00+00:00,3.9687,4.05,3.835,3.95,36638,3.151137710830674,2.940408426017472,2.5129196644025447,,2.9851646664863325,2.954457657955314,2.885226292474669,2.8481298267326105,2.7856554287892754,,2.9264510779040327,"rgba(0, 255, 0, 1.0)",0.5099020638168451,2.9264510779040327,2.0440178537311025,1,0.13905389875882418,0.13905389875882418,0.0,0.0,0.0,0.0,79.24807889469815,24.33164807460308,True,False,True,False,True,20.0
2024-09-23 00:00:00+00:00,3.9,4.16,3.89,4.12,63023,3.158262220780202,2.953112386022762,2.6139858178931052,,2.9941206785333074,2.963809686407279,2.8958626348792635,2.860322322368417,2.82368421923794,,2.9552187189023678,"rgba(0, 255, 255, 0.75)",0.5364116673291514,2.9552187189023678,1.7612989027658457,1,0.13696168025447586,0.13696168025447586,0.0,0.0,0.0,0.0,79.59772796256152,24.583338000907162,True,False,True,False,True,19.480327559072652
2024-09-24 00:00:00+00:00,3.89,4.06,3.82,4.06,19845,3.1603191257420686,2.9568195871139675,2.6417237438725487,,2.996738575835828,2.9665481652173304,2.89898689027114,2.8639052858516107,2.83456996050927,,2.9628632287032586,"rgba(0, 255, 255, 0.75)",0.5608711959696822,2.9628632287032586,1.6530297472199977,1,0.13488882547325376,0.13488882547325376,0.0,0.0,0.0,0.0,79.58632746078274,24.64224888572106,True,False,True,False,True,19.25889825999601
2024-09-25 00:00:00+00:00,4.1184,4.22,3.89,3.89,18323,3.162586841167823,2.960754574506922,2.66924225981259,,2.99953907229964,2.9694643625887402,2.902282497709101,2.8676661268007164,2.845815150569964,,2.9709226427092084,"rgba(0, 255, 255, 0.75)",0.5915602462049687,2.9709226427092084,1.939747244092539,1,0.13195022061533204,0.13195022061533204,0.0,0.0,0.0,0.0,80.85030856041375,25.987061094823872,True,False,True,False,True,20.0
2024-09-26 00:00:00+00:00,4.0,4.3,4.0,4.16,33997,3.166873959790523,2.968137511947982,2.7184203621585405,,3.0048112218742,2.9749505658064623,2.9084719648057473,2.8747192305113125,2.8665435487430764,,2.9855116881292547,"rgba(0, 255, 255, 0.75)",0.616019752687277,2.9855116881292547,1.6468438024027958,1,0.12995770131085824,0.12995770131085824,0.0,0.0,0.0,0.0,79.01927143129325,25.987061094823872,True,False,True,False,True,19.555375221259442
2024-09-27 00:00:00+00:00,3.97,4.14,3.59,4.07,46085,3.171390938251864,2.976252431150391,2.771023258109192,,3.0105873311844524,2.9809959520641156,2.9153694561303176,2.882612506261713,2.8891896206305447,,3.0002355324672245,"rgba(0, 255, 255, 0.75)",0.6379998555649475,3.0002355324672245,1.5200073465127217,1,0.12824302886195652,0.12824302886195652,0.0,0.0,0.0,0.0,77.142655182462,25.987061094823872,True,False,True,False,False,18.907928205783957
2024-09-30 00:00:00+00:00,4.07,4.16,3.87,3.87,47138,3.176788912704085,2.9855849937544043,2.8260007759630392,,3.0172930181353723,2.9879836203008185,2.9232679861014135,2.8916031236543343,2.914271854197504,,3.0168603983853677,"rgba(0, 255, 255, 0.75)",0.6616222638524327,3.0168603983853677,1.5917535717170535,1,0.12598303253674162,0.12598303253674162,0.0,0.0,0.0,0.0,76.66665503481437,25.987061094823872,True,False,True,False,False,20.0
2024-10-01 00:00:00+00:00,4.625,4.72,4.0797,4.15,132847,3.1993026090492456,3.021741484781064,3.006266482328498,,3.043738096055562,3.0152980608958266,2.9535598109323433,2.9257148321929867,3.005081097537827,,3.079716618056319,"rgba(0, 255, 0, 1.0)",0.702722983897133,3.079716618056319,2.1989936537636927,1,0.12128934564036024,0.12128934564036024,0.0,0.0,0.0,0.0,79.16543218948377,25.987061094823872,True,False,True,False,False,20.0
2024-10-02 00:00:00+00:00,4.6,4.91,4.5309,4.91,57801,3.210394560059126,3.039077558996502,3.08227899440071,,3.0565556649563943,3.028500274500886,2.968103477741274,2.9420095581196506,3.0464455785948372,,3.1082914610053356,"rgba(0, 255, 0, 1.0)",0.7355068100247513,3.1082914610053356,2.0281369508250577,1,0.11825686444775689,0.11825686444775689,0.0,0.0,0.0,0.0,80.35590019193123,25.987061094823872,True,False,True,False,True,20.0
2024-10-03 00:00:00+00:00,4.4597,4.73,4.3301,4.7,41421,3.2173142725750377,3.0499881686855574,3.1271646441921916,,3.064648655946762,3.0368516922417994,2.977333765622732,2.95235330267889,3.071833231499055,,3.1253787466712017,"rgba(0, 255, 255, 0.75)",0.7597584336170575,3.1253787466712017,1.7562440827097663,1,0.11563054407071284,0.11563054407071284,0.0,0.0,0.0,0.0,78.53783546230177,25.987061094823872,True,False,True,False,True,20.0
2024-10-04 00:00:00+00:00,4.48,4.59,4.48,4.52,36716,3.2234339099740215,3.059590601442378,3.1649243268921428,,3.071796767166319,3.0442261317539074,2.985476730752601,2.961467071964065,3.0937629998619256,,3.140113703988662,"rgba(0, 255, 255, 0.75)",0.7820747753309791,3.140113703988662,1.7132457640566272,1,0.11320897425424122,0.11320897425424122,0.0,0.0,0.0,0.0,77.45001597701827,25.987061094823872,True,False,True,False,False,20.0
2024-10-07 00:00:00+00:00,4.71,4.71,4.48,4.6,51528,3.2326918348772975,3.0739189392861848,3.218869061392552,,3.082511200655292,3.055262748198081,2.997620264155856,2.9750260577614656,3.125873707431473,,3.1619157818284647,"rgba(0, 255, 255, 0.75)",0.811623278104043,3.1619157818284647,1.9073925797050444,1,0.10998668389645092,0.10998668389645092,0.0,0.0,0.0,0.0,78.01184455833061,25.987061094823872,True,False,True,False,False,20.0
2024-10-08 00:00:00+00:00,4.6238,4.78,4.5474,4.74,39121,3.2397244898163677,3.084741394728565,3.2577129081541236,,3.090636557690738,3.0636296273900427,3.006815952293118,2.9852787564688503,3.149638212081521,,3.1780549898025936,"rgba(0, 255, 255, 0.75)",0.835482839252056,3.1780549898025936,1.7304305274440726,1,0.10730222693009647,0.10730222693009647,0.0,0.0,0.0,0.0,76.79091151161782,25.987061094823872,True,False,True,False,False,20.0
2024-10-09 00:00:00+00:00,4.7088,4.76,4.5915,4.69,26089,3.244495681013024,3.092042190399782,3.2831126355795908,,3.096133796877343,3.069287479966851,3.013026142060429,2.9921944225044754,3.165452882046483,,3.1888277118897768,"rgba(0, 255, 255, 0.75)",0.8587844096215308,3.1888277118897768,1.7699113666724344,1,0.1045486279059214,0.1045486279059214,0.0,0.0,0.0,0.0,76.50337627486763,25.987061094823872,True,False,True,False,False,20.0
2024-10-10 00:00:00+00:00,4.7,4.78,4.58,4.72,21013,3.2483154860117316,3.097873937773986,3.30292184421905,,3.100533734843643,3.0738156353671466,3.0179944669649634,2.9977234762883067,3.177955092944779,,3.197344319660726,"rgba(0, 255, 255, 0.75)",0.879639653213916,3.197344319660726,1.7082627810707043,1,0.10185266735407153,0.10185266735407153,0.0,0.0,0.0,0.0,76.13546632054776,25.987061094823872,True,False,True,False,False,20.0
2024-10-11 00:00:00+00:00,5.13,5.25,4.75,4.75,68893,3.2637689265677277,3.120924056489203,3.3798937193198695,,3.1179958882238528,3.0917294543642235,3.0375165476556445,3.0193758136169806,3.2268995127197115,,3.2315225681651563,"rgba(0, 255, 0, 1.0)",0.9107511406674267,3.2315225681651563,2.0845183135796903,0,,,0.0,0.0,0.0,0.0,78.1232925518992,25.987061094823872,True,False,True,False,False,20.0
2024-10-14 00:00:00+00:00,4.9,5.45,4.7,5.38,40909,3.272684355801785,3.1341683670203713,3.421778300927846,,3.1280756779708994,3.1020701398091894,3.0487800188389866,3.0318509680246764,3.2543570919481724,,3.3499072263184475,"rgba(0, 255, 255, 0.75)",0.9315871238032586,3.3499072263184475,1.6639267912519111,0,,,1.0,0.0,5.45,771.0,75.66919753075979,29.692388499652523,True,False,True,False,False,20.0
2024-10-15 00:00:00+00:00,4.91,4.95,4.855,4.95,11602,3.2750354921814346,3.1376700885674325,3.4324650436484743,,3.1307470313668246,3.104812752225047,3.0517711576207884,3.0351632119651812,3.261507772288545,,3.353466710353248,"rgba(0, 255, 255, 0.75)",0.951563514826804,3.353466710353248,1.6357639457520186,0,,,0.0,0.0,0.0,0.0,74.09708461404031,28.160494274918435,True,False,True,False,False,20.0
2024-10-16 00:00:00+00:00,5.08,5.15,4.9382,4.97,24771,3.2804958656929175,3.1457354472950256,3.4570630220266145,,3.1369070805683346,3.111129620677806,3.0586432333899802,3.04276419367043,3.277953920774286,,3.3656248635937898,"rgba(0, 255, 255, 0.75)",0.9737213362638653,3.3656248635937898,1.7606424677764665,0,,,0.0,0.0,0.0,0.0,74.10719632887542,28.086505789288594,True,False,True,False,False,20.0
2024-10-17 00:00:00+00:00,5.029,5.23,4.9715,5.08,16541,3.284165888675598,3.151141624540774,3.4732856067656313,,3.1410428651553683,3.115369822236378,3.0632533646449054,3.0478600675157796,3.288895427847551,,3.3736086629184756,"rgba(0, 255, 255, 0.75)",0.9922471457298332,3.3736086629184756,1.6683256225080143,0,,,0.0,0.0,0.0,0.0,73.2538065620901,27.135292545512144,True,False,True,False,False,20.0
2024-10-18 00:00:00+00:00,4.99,5.15,4.98,5.075,5135,3.2852788181914403,3.152781786735638,3.4781416990704805,,3.142298834966098,3.1166577861449967,3.0646541546956754,3.0494082204122983,3.2921956759474704,,3.375883693324174,"rgba(0, 255, 255, 0.75)",1.0074360328929886,3.375883693324174,1.6022022778366118,0,,,0.0,0.0,0.0,0.0,72.00641076431381,25.816094372322752,False,False,True,False,False,20.0
2024-10-21 00:00:00+00:00,4.98,5.1226,4.9244,5.06,14668,3.288394090695209,3.1573745176751293,3.4915765957705656,,3.1458188909008458,3.1202682013352163,3.0685819405482526,3.053748593569605,3.3013886070394927,,3.3819937684100134,"rgba(0, 255, 255, 0.75)",1.0204599224585627,3.3819937684100134,1.5659666748498655,0,,,0.0,0.0,0.0,0.0,70.9903743637727,24.72904036645629,False,False,True,False,False,20.0
2024-10-22 00:00:00+00:00,4.46,4.84,4.2,4.84,32551,3.293234092122921,3.16470634440863,3.5108411434164144,,3.1514621674670726,3.1260853566083546,3.0749703335392713,3.060822661172938,3.315464460453871,,3.385301818420963,"rgba(38, 166, 154, 1.0)",1.022245533529794,3.385301818420963,1.0513112029632694,0,,,0.0,0.0,0.0,0.0,63.12149088244536,17.362727560355722,False,True,True,False,False,14.550009495748405
2024-10-23 00:00:00+00:00,4.5399,4.5399,4.4172,4.49,5125,3.2939919775909634,3.165852556607692,3.5138043907444443,,3.152345735976007,3.1269961101316226,3.0759702613399886,3.0619293692002816,3.317648723426014,,3.3860310565079343,"rgba(38, 166, 154, 1.0)",1.0247795005246187,3.3860310565079343,1.125968018389675,0,,,0.0,0.0,0.0,0.0,58.75643856821735,13.592624889056701,False,True,True,False,False,15.445238124040529
2024-10-24 00:00:00+00:00,4.2013,4.57,4.13,4.57,64687,3.301913712825111,3.1780225010388614,3.5424923506352997,,3.1617693606846378,3.1367397028132036,3.0867271411063935,3.073842977169247,3.3400207135335513,,3.391357840961131,"rgba(38, 166, 154, 0.5)",1.0208731127090398,3.391357840961131,0.7933818110749982,0,,,0.0,0.0,0.0,0.0,52.682928198537326,8.304061348860714,False,True,False,False,False,10.001721599701728
2024-10-25 00:00:00+00:00,4.17,4.2852,4.12,4.19,111122,3.313784623389551,3.19636340468521,3.580768562643236,,3.1760901564524837,3.1515765325197496,3.1031550888257082,3.0920152936781506,3.372073299268178,,3.402686175472359,"rgba(38, 166, 154, 0.5)",1.015759507519919,3.402686175472359,0.755408951476237,0,,,0.0,0.0,0.0,0.0,48.37820528135691,4.747024718855819,False,True,False,True,False,9.521883955857191
2024-10-28 00:00:00+00:00,4.48,4.57,4.3002,4.44,37226,3.318840283912547,3.2039164720017537,3.59760477223337,,3.1819967168899206,3.15766537838464,3.1098300142018216,3.0993708404990343,3.385494501447435,,3.41113638302343,"rgba(38, 166, 154, 1.0)",1.0145422820079866,3.41113638302343,1.053542701898112,0,,,0.0,0.0,0.0,0.0,48.94031084813771,4.747024718855819,False,True,False,True,False,13.05581766998873
2024-10-29 00:00:00+00:00,4.58,4.6,4.44,4.51,14377,3.320935073935341,3.2070179934320104,3.6046014869446936,,3.184423992014516,3.1601642596187065,3.1125620505120146,3.102378061576336,3.3910192179119156,,3.4148630718216966,"rgba(38, 166, 154, 1.0)",1.0152025194489454,3.4148630718216966,1.147689161381064,0,,,0.0,0.0,0.0,0.0,50.266926247140084,4.747024718855819,False,True,False,False,False,14.137070621195154
2024-10-30 00:00:00+00:00,4.357,4.6,4.3503,4.55,21590,3.3237995443673247,3.211286513195069,3.613766171819087,,3.187773759570409,3.163617722255656,3.1163470525096852,3.1065447881867496,3.3984733986325897,,3.419572139808242,"rgba(38, 166, 154, 0.5)",1.0121435978667719,3.419572139808242,0.9261806942883529,0,,,0.0,0.0,0.0,0.0,48.98123532348558,4.747024718855819,False,True,False,True,False,10.73183107631009
2024-10-31 00:00:00+00:00,4.36,4.48,4.21,4.48,26966,3.3270823083055037,3.216205915149815,3.6237677745368195,,3.1916467224631373,3.1676158981934357,3.1207388988072124,3.1113791654153378,3.4068780621928894,,3.424580823124651,"rgba(38, 166, 154, 0.5)",1.007189180186461,3.424580823124651,0.9287422812685252,0,,,0.0,0.0,0.0,0.0,48.15656912145678,4.747024718855819,False,True,False,True,False,10.76551695342647
2024-11-01 00:00:00+00:00,4.34,4.45,4.27,4.45,10683,3.32838124418763,3.218148772965744,3.627673159215036,,3.1931783225338197,3.1691968393830128,3.12247485575886,3.11328912534067,3.4101784056308193,,3.4265751606870496,"rgba(38, 166, 154, 0.5)",1.0010165875991464,3.4265751606870496,0.9124972059691063,0,,,0.0,0.0,0.0,0.0,47.402922842247385,4.116712019063186,False,True,False,True,False,10.46079654961489
2024-11-04 00:00:00+00:00,4.21,4.4099,4.21,4.34,4734,3.3289128006778297,3.2189495705419646,3.629208920062233,,3.1938109508739556,3.1698507702572356,3.1231947161227303,3.114081382331829,3.4115152149793464,,3.4273299059314892,"rgba(38, 166, 154, 0.5)",0.9933377919967606,3.4273299059314892,0.7879193768468472,0,,,0.0,0.0,0.0,0.0,45.58563303918099,2.1302494412422135,False,True,False,True,False,8.493239125504484
2024-11-05 00:00:00+00:00,4.19,4.2379,4.19,4.22,4224,3.3293512610736284,3.219615403798751,3.630424206274974,,3.1943380041807483,3.1703963876989314,3.1237969620105734,3.11474446350664,3.4126073820106675,,3.42789885927438,"rgba(38, 166, 154, 0.5)",0.9840366513352853,3.42789885927438,0.7744641824991882,0,,,0.0,0.0,0.0,0.0,44.17363216523347,0.5366393131535006,False,True,False,True,False,8.192558442529183
2024-11-06 00:00:00+00:00,4.176,4.3,4.15,4.17,12643,3.330665050155062,3.221608415368881,3.6340482290632896,,3.195916472152582,3.1720303144036595,3.1256000554888717,3.116729249387854,3.4158695774407137,,3.429620736739056,"rgba(38, 166, 154, 0.5)",0.974282605096994,3.429620736739056,0.7660808674569726,0,,,0.0,0.0,0.0,0.0,43.081807298033446,-0.7670678845979069,False,True,False,True,False,7.979109036845877
2024-11-07 00:00:00+00:00,4.04,4.2681,4.04,4.16,23617,3.3328508908171934,3.224962529404318,3.639625661007919,,3.198583416993434,3.1747972262274406,3.1286655054045074,3.1201046866539266,3.421188540351528,,3.4321152341592893,"rgba(38, 166, 154, 0.5)",0.9651710747860165,3.4321152341592893,0.6298207454833662,0,,,0.0,0.0,0.0,0.0,40.92956083094738,-3.057965565014392,False,True,False,True,False,5.92105486546286
2024-11-08 00:00:00+00:00,4.11,4.1828,4.015,4.12,30069,3.335568909050297,3.2291329008726493,3.646347684107685,,3.201907271125958,3.17824671060628,3.132488335382561,3.124311889093629,3.427716097178778,,3.4352288090916,"rgba(38, 166, 154, 0.5)",0.9547677317660104,3.4352288090916,0.7067385799269659,0,,,0.0,0.0,0.0,0.0,40.67458010010136,-3.554996622103765,False,True,False,True,False,6.809327058195191
2024-11-11 00:00:00+00:00,4.205,4.2999,4.115,4.26,30585,3.338686261544517,3.233834785807892,3.6545017676509333,,3.2056508031880977,3.182121116860882,3.136759803582503,3.129005652131129,3.4352325134530166,,3.439495572399136,"rgba(38, 166, 154, 0.5)",0.945116562237805,3.439495572399136,0.8099576900740546,0,,,0.0,0.0,0.0,0.0,42.039584116181146,-3.554996622103765,False,True,False,True,False,8.002378700639941
2024-11-12 00:00:00+00:00,4.126,4.1671,4.085,4.149,20200,3.3405428662181906,3.2366601987474324,3.6589909253223927,,3.2079101231545155,3.1844639639527847,3.1393512033436575,3.1318532119569107,3.4396072927218233,,3.4417963928681496,"rgba(38, 166, 154, 0.5)",0.9341799241209485,3.4417963928681496,0.7324109515366407,0,,,0.0,0.0,0.0,0.0,41.968106657195634,-3.554996622103765,False,True,False,True,False,6.788145680992191
2024-11-13 00:00:00+00:00,3.74,4.18,3.7031,4.18,56972,3.34406967958846,3.2423055322116454,3.664622805965107,,3.2124925429489917,3.1892599801408257,3.1447416880160532,3.1377865044106708,3.4472364003836953,,3.44394060273011,#000000,0.9200892832704768,3.44394060273011,0.32177246562153294,0,,,0.0,0.0,0.0,0.0,38.27933536301403,-6.507500306878022,False,True,False,True,False,1.2283103225295058
2024-11-14 00:00:00+00:00,3.38,3.83,3.29,3.83,225232,3.3480387253049497,3.251019243926409,3.649199011468118,,3.2201009388906847,3.1975715687338675,3.1547516309785624,3.148878692874459,3.4506593336119504,,3.432053880576447,#000000,0.9068120473335032,3.432053880576447,-0.05740316389654568,0,,,0.0,0.0,0.0,0.0,33.64348444488893,-10.933236054778334,False,True,False,True,False,0.0
2024-11-15 00:00:00+00:00,3.24,3.315,3.14,3.26,33699,3.347597215510689,3.2509218275068585,3.643426928277354,,3.22014655179456,3.197707472392068,3.1550745238781905,3.149256283727303,3.4485541718892767,,3.428450501674778,#000000,0.8928831753733829,3.428450501674778,-0.2110584081685402,0,,,0.0,0.0,0.0,0.0,29.879428548661668,-14.388353966450907,False,True,False,True,False,0.0
2024-11-18 00:00:00+00:00,3.26,3.42,3.23,3.38,12201,3.3475364966814745,3.251017174634766,3.641733171610401,,3.220265163571194,3.1978596888357553,3.15529952597834,3.149510295595493,3.448050492321269,,3.427423695731015,#000000,0.8789219169164155,3.427423695731015,-0.1904875649459281,0,,,0.0,0.0,0.0,0.0,27.70290943594813,-16.328184482855548,False,True,False,True,False,0.0
2024-11-19 00:00:00+00:00,3.26,3.36,3.22,3.36,10479,3.3474570226087423,3.251062388129693,3.6401924944763913,,3.220338225993225,3.197961228300998,3.1554618537674317,3.1496947980812884,3.4475513805443825,,3.4264932478670653,#000000,0.8604807283046926,3.4264932478670653,-0.19348864232565471,0,,,0.0,0.0,0.0,0.0,26.251896694139102,-17.659715362110312,False,True,False,True,False,0.0
2024-11-20 00:00:00+00:00,3.28,3.3701,3.26,3.32,19694,3.347359728795297,3.2512152880451457,3.637517762414239,,3.2205286449573327,3.1982055420136617,3.155822814517573,3.1501020676128406,3.4467510416020746,,3.4249058397030305,#000000,0.8444381345386134,3.4249058397030305,-0.17160030294250603,0,,,0.0,0.0,0.0,0.0,25.676034226218142,-18.27373766270159,False,True,False,True,False,0.0
2024-11-21 00:00:00+00:00,3.13,3.32,3.1,3.32,14361,3.3470962122827492,3.2510708936524026,3.634902891206166,,3.220466544246759,3.1981804475670317,3.1558716859433344,3.150166165937756,3.4456891110627645,,3.4233293091863635,#000000,0.827829981565278,3.4233293091863635,-0.3543352085795811,0,,,0.0,0.0,0.0,0.0,24.374741481012094,-19.66115112158041,False,True,False,True,False,0.0
2024-11-22 00:00:00+00:00,3.1599,3.225,3.09,3.09,4262,3.3470062399216927,3.2510123658233057,3.6340899444836876,3.1583,3.220435756442205,3.198160486970514,3.1558729655041757,3.1501708193907665,3.4453456868335643,,3.423245981983137,#000000,0.8119171335961677,3.423245981983137,-0.32435081252284614,0,,,0.0,-1.0,3.09,800.0,24.133439545444656,-20.107820263606868,False,True,False,True,False,0.0
2024-11-25 00:00:00+00:00,3.165,3.2,3.14,3.2,11616,3.346774471649382,3.250870445985671,3.6319347161267337,3.165640168787,3.220365524081843,3.1981198542005123,3.1558908347755317,3.15019909568457,3.444446415467949,,3.4223206698399564,#000000,0.7968256181253782,3.4223206698399564,-0.32293222505236735,0,,,0.0,0.0,0.0,0.0,24.08673148985517,-20.453217102131227,False,True,False,True,False,0.0
2024-11-26 00:00:00+00:00,3.27,3.31,3.1677,3.19,56755,3.34616016274237,3.2508568300758625,3.6234735114609484,3.230959377050835,3.2205544057350335,3.1984578151391574,3.156540321828114,3.150946728546773,3.4413984246860614,,3.420673454932513,#000000,0.7795224218978127,3.420673454932513,-0.19328944325383954,0,,,0.0,0.0,0.0,0.0,26.392027783790397,-20.453217102131227,False,True,False,True,True,0.0
2024-11-27 00:00:00+00:00,3.3299,3.34,3.31,3.34,7803,3.3461432695269284,3.2509433794278766,3.6225739430180557,3.2402405929351694,3.220649745054259,3.1985742274763735,3.1567028841001785,3.151128886703513,3.4411525913723127,,3.420639185827683,#000000,0.7604055619242901,3.420639185827683,-0.11932998701121758,0,,,0.0,0.0,0.0,0.0,29.187041986476345,-20.453217102131227,False,True,False,True,True,0.0
2024-11-29 00:00:00+00:00,3.69,3.69,3.31,3.31,23010,3.34669594350223,3.251992006447291,3.6220492295228355,3.312107692258118,3.2215555647252687,3.199548529248339,3.1578456728190667,3.152385355860029,3.441919518404177,,3.4241211283109294,#000000,0.7412075568888778,3.4241211283109294,0.35871041682988564,0,,,0.0,0.0,0.0,0.0,36.82590786785158,-18.90658295299706,False,True,False,True,True,1.5153289435583304
2024-12-02 00:00:00+00:00,3.7137,3.85,3.58,3.85,15467,3.347324105322473,3.2530334037724784,3.6225967971343693,3.3644554839812857,3.2224299918868935,3.200471568733899,3.1588953927933052,3.15353487471366,3.4430650660276054,,3.4272421673017286,#000000,0.7239320571250614,3.4272421673017286,0.39569712361665005,1,0.2827439424873224,0.2827439424873224,0.0,0.0,0.0,0.0,42.219742911917876,-14.129036073211779,False,True,False,True,True,1.8268784544763221
2024-12-03 00:00:00+00:00,3.77,3.86,3.655,3.73,10910,3.3478225669636994,3.253839837950373,3.6231749684795953,3.39783611763709,3.223103777958355,3.2011801368405317,3.159696019075721,3.154410725516488,3.44400650809953,,3.4557392180372575,#000000,0.7095111385776517,3.4557392180372575,0.4429257905559274,1,0.28572292922775944,0.28572292922775944,0.0,0.0,0.0,0.0,46.551696361437884,-10.409701664537764,False,True,False,False,True,2.5712254331238142
2024-12-04 00:00:00+00:00,3.61,3.73,3.5745,3.73,13976,3.3482693272572606,3.2546188457902865,3.623254387710519,3.4211941364914447,3.223767093309076,3.2018857912325034,3.1605087605222573,3.1553015996575824,3.4447386968703677,,3.453601550610448,#000000,0.6987218691012542,3.453601550610448,0.22383505698873124,1,0.28866711217745006,0.28866711217745006,0.0,0.0,0.0,0.0,47.082295323212875,-10.155377004998861,False,True,False,False,True,0.34850918788458074
2024-12-05 00:00:00+00:00,3.65,3.7159,3.5909,3.68,2164,3.3483417378747307,3.2547436064945194,3.6232781656911706,3.424619942725211,3.2238730976013565,3.2019983734320943,3.1606380635260227,3.155443265924231,3.4448598014142005,,3.4536453329401056,#000000,0.6846590799556781,3.4536453329401056,0.2867918834474605,1,0.29157062063977884,0.29157062063977884,0.0,0.0,0.0,0.0,48.024151000957076,-9.282820001169185,False,True,False,False,True,0.8902265933459752
2024-12-06 00:00:00+00:00,3.71,3.78,3.5767,3.64,16633,3.348964099536755,3.255788068604441,3.6236889629741422,3.4516548648183227,3.2247556478838373,3.202932080659619,3.161703538077024,3.156609545301477,3.4459495213366034,,3.4553882233504796,#000000,0.6749756684970599,3.4553882233504796,0.3772162294626913,1,0.29489867897682226,0.29489867897682226,0.0,0.0,0.0,0.0,49.539613459453356,-7.738798743262514,False,False,False,False,True,1.7043267278223908
2024-12-09 00:00:00+00:00,3.65,3.68,3.61,3.68,8924,3.349255706140378,3.2562919370470316,3.6237658793095924,3.461801117848258,3.225184817759944,3.203388154485504,3.1622277679244886,3.157183701358714,3.4464292412513093,,3.455663193741335,#000000,0.666940491895431,3.455663193741335,0.2913855263253905,1,0.29849161129620305,0.29849161129620305,0.0,0.0,0.0,0.0,49.58190338822807,-7.4780223588863635,False,False,False,False,True,0.8540601715221001
2024-12-10 00:00:00+00:00,3.607,3.6437,3.59,3.61,3702,3.349363063139772,3.256482888180953,3.623751735942939,3.465007542051416,3.225348635495575,3.20356296860022,3.162430068881056,3.1574054078952303,3.446594789068872,,3.4556241052903345,#000000,0.6574948488819483,3.4556241052903345,0.23023130138141193,1,0.30206514995851447,0.30206514995851447,0.0,0.0,0.0,0.0,48.91921785860278,-7.4780223588863635,False,False,False,False,True,0.24410370794065628
2024-12-11 00:00:00+00:00,3.49,3.6,3.3982,3.6,8207,3.349495044653333,3.256766426066755,3.6233604076730734,3.4663971927376074,3.2256015427484073,3.2038390726845796,3.162761265231236,3.1577697380728456,3.4467031826524996,,3.4543765528341197,#000000,0.6505655603998479,3.4543765528341197,0.05475765908048648,1,0.30605269243057637,0.30605269243057637,0.0,0.0,0.0,0.0,46.71591946316707,-7.4780223588863635,False,True,False,False,True,0.0
2024-12-12 00:00:00+00:00,3.3,3.49,3.23,3.35,11266,3.349483332988463,3.256901425695166,3.622173266723638,3.4590832361728165,3.225748061426724,3.2040152771474477,3.1630024580687777,3.158038454710737,3.4463832168136794,,3.4510538698041673,#000000,0.6448512774275863,3.4510538698041673,-0.23424605810931357,1,0.3100047560002327,0.3100047560002327,0.0,0.0,0.0,0.0,42.91279292184875,-7.4780223588863635,False,True,False,True,False,0.0
2024-12-13 00:00:00+00:00,3.25,3.2699,3.1433,3.26,6997,3.349385033201963,3.2568653642287217,3.6211323008524063,3.4508260820128376,3.2257443405533337,3.2040289707397505,3.163051491185895,3.1580961251968853,3.4459643717602755,,3.44717140852644,#000000,0.6400926584811227,3.44717140852644,-0.3080357287557534,2,0.24564184420617427,0.49128368841234854,0.0,0.0,0.0,0.0,39.83928786587122,-3.5427923432824997,False,True,False,True,False,0.0
2024-12-16 00:00:00+00:00,3.34,3.35,3.16,3.16,14190,3.3492826539315104,3.2569192711603128,3.6193637166079093,3.439816724568668,3.225837019300273,3.2041579198885,3.163257131593127,3.158328087485889,3.445353570278176,,3.4456261682568736,#000000,0.6354676356400346,3.4456261682568736,-0.166218013841867,2,0.24869670262103594,0.4973934052420719,0.0,0.0,0.0,0.0,39.62508992926518,-3.8760140029773495,False,True,False,True,False,0.0
2024-12-17 00:00:00+00:00,3.265,3.3522,3.1539,3.3,4659,3.3492357314940975,3.2569193473832416,3.618741936837986,3.435955366273542,3.225853494278697,3.2041861331762957,3.1633097415109432,3.158388076335242,3.4451216339674726,,3.444416445779485,#000000,0.6327259828666628,3.444416445779485,-0.28356105271133447,2,0.2516504463080633,0.5033008926161266,0.0,0.0,0.0,0.0,38.558367839135116,-5.117022839623736,False,True,False,True,False,0.0
2024-12-18 00:00:00+00:00,3.16,3.3858,3.16,3.37,4714,3.349177107178387,3.2569047168894967,3.6180772567849835,3.431755474906217,3.225858521435732,3.2042029038632305,3.1633505638605146,3.158435322395208,3.444860449697871,,3.443013377622337,#000000,0.6281159214954082,3.443013377622337,-0.4505750737038209,3,0.203232676403873,0.609698029211619,0.0,0.0,0.0,0.0,36.65484307719077,-7.158636593187978,False,True,False,True,False,0.0
2024-12-19 00:00:00+00:00,3.23,3.3199,3.1478,3.23,5872,3.349102437114613,3.256884249418579,3.6172466960554464,3.426694894870208,3.2258629810423125,3.2042219554385762,3.1633994428494367,3.158492028027282,3.4445318336790156,,3.4413924884417186,#000000,0.6219470369589133,3.4413924884417186,-0.33988824751919117,3,0.20587625011876662,0.6176287503562998,0.0,0.0,0.0,0.0,36.889573330935235,-7.1720884049681,False,True,False,True,False,0.0
2024-12-20 00:00:00+00:00,3.3401,3.5299,3.23,3.23,15196,3.349131494889099,3.2571226516366547,3.615857350996294,3.4229916720457823,3.2261048080601014,3.2045038337158136,3.1637702368632303,3.158903307010916,3.4442211619976426,,3.441416063354486,#000000,0.6160998642287567,3.441416063354486,-0.1644474690500295,3,0.20854589174011282,0.6256376752203384,0.0,0.0,0.0,0.0,39.220268729588,-7.1720884049681,False,True,False,True,False,0.0
2024-12-23 00:00:00+00:00,3.6085,3.6085,3.35,3.35,7534,3.3492734418186165,3.257407883155559,3.6156009669754687,3.425939946374008,3.226356833486557,3.2047770289395006,3.164094229156348,3.159258938862461,3.4443753729600237,,3.443096911090567,#000000,0.6055803845586083,3.443096911090567,0.27313151668542013,3,0.21167431234876943,0.6350229370463083,0.0,0.0,0.0,0.0,44.85715648157458,-11.147505453302863,False,False,False,True,True,0.8600368671068246
2024-12-24 00:00:00+00:00,3.63,3.63,3.54,3.54,3014,3.349355618596906,3.257555221126252,3.6155838762333383,3.427982282806026,3.2264839624095223,3.2049128882458384,3.1642517443238543,3.159431407848763,3.4444981874544616,,3.444031048371619,#000000,0.5997118455205361,3.444031048371619,0.31009717919939384,4,0.2145651887104334,0.8582607548417336,0.0,0.0,0.0,0.0,48.89102355059599,-7.428415552613046,False,False,False,False,True,1.156740406600857
2024-12-26 00:00:00+00:00,3.6036,3.63,3.6036,3.63,877,3.349380702362346,3.2575996205914977,3.6155828616598438,3.428609772982396,3.2265221650606337,3.2049536425984946,3.1642988596449615,3.159482978484577,3.4445367338093615,,3.444306052495585,#000000,0.5923887361132583,3.444306052495585,0.26890104047143804,4,0.21895091619594687,0.8758036647837875,0.0,0.0,0.0,0.0,51.10837122694687,-5.438902129988094,True,False,True,False,True,0.7767734224604972
2024-12-27 00:00:00+00:00,3.91,3.91,3.73,3.73,8941,3.3498669256758413,3.2583543434469817,3.616341953944309,3.4427372773780194,3.2271507588943074,3.2056106873529653,3.1650330295474833,3.1602835340693707,3.445483517253614,,3.4498476466229144,"rgba(38, 166, 154, 0.5)",0.5843889408034029,3.4498476466229144,0.787407702727023,4,0.22277431444219414,0.8910972577687766,0.0,0.0,0.0,0.0,56.15616847646487,-0.7881041786580809,True,False,True,False,True,4.917763821033834
2024-12-30 00:00:00+00:00,3.8699,3.87,3.54,3.74,31741,3.351276076052913,3.260612817400146,3.6179742720981407,3.4764777794904442,3.229051001920758,3.2076080625791876,3.167285800935368,3.1627415780923087,3.4480690244006666,,3.4605595093657207,"rgba(38, 166, 154, 0.5)",0.5770974602687473,3.4605595093657207,0.70930911815771,4,0.2272840594563205,0.909136237825282,0.0,0.0,0.0,0.0,58.781221898033266,1.5353972966802658,True,False,True,False,True,4.3267284485541495
2024-12-31 00:00:00+00:00,3.9275,4.0,3.74,3.75,20625,3.3524743787945925,3.2624463726417168,3.6199623391451614,3.5031556510110584,3.230577232237561,3.2092000216003784,3.1690576234431114,3.164671220501536,3.450412943025418,,3.499495408880127,"rgba(38, 166, 154, 0.5)",0.5694707195029091,3.499495408880127,0.7515831393288812,4,0.23174736051199696,0.9269894420479878,0.0,0.0,0.0,0.0,61.13423956190663,3.6841919870531257,True,False,True,False,True,5.08459901043074
2025-01-02 00:00:00+00:00,3.6853,3.9,3.53,3.9,11754,3.352921501960718,3.2631810317726035,3.6203165455076176,3.510330951193387,3.2312016524615625,3.209859251323095,3.1698063762839586,3.165488102350499,3.4511818843635993,,3.497704038530176,#000000,0.5655444528931284,3.497704038530176,0.33170860488534215,4,0.23637945063062335,0.9455178025224934,0.0,0.0,0.0,0.0,58.56113795606222,3.6841919870531257,True,False,True,False,True,1.5618799383513782
2025-01-03 00:00:00+00:00,3.76,3.7866,3.725,3.74,6938,3.353223857294901,3.263664523267544,3.6206518728763193,3.515402136016998,3.231609892595115,3.2102884006486034,3.1702902803486595,3.166015565808265,3.4517262726944518,,3.4983070852614873,#000000,0.5623832208708817,3.4983070852614873,0.4653284540268938,4,0.24161822379260656,0.9664728951704262,0.0,0.0,0.0,0.0,57.78012874614518,3.6841919870531257,True,False,True,False,True,2.5646468029635194
2025-01-06 00:00:00+00:00,3.69,3.81,3.67,3.8,20647,3.354045767435186,3.264999426742062,3.6213950256888245,3.5273810068434917,3.2327430049165558,3.2114827092272296,3.1716428144537496,3.1674901074954676,3.4531565896799363,,3.4993480155589105,#000000,0.5606806736796156,3.4993480155589105,0.34003666149197764,4,0.24755710285561253,0.9902284114224501,0.0,0.0,0.0,0.0,56.16501190174261,3.6841919870531257,True,False,True,False,False,1.5649693446313826
2025-01-07 00:00:00+00:00,3.85,3.9899,3.76,3.76,16425,3.354949716721252,3.266386129543644,3.6227989042325768,3.542247434272719,3.233902901298202,3.212693717799722,3.172992313159497,3.168958545499575,3.4548815343389347,,3.503951117653183,"rgba(38, 166, 154, 0.5)",0.560708933340568,3.503951117653183,0.6171631336157632,4,0.2532616687097344,1.0130466748389375,0.0,0.0,0.0,0.0,57.097027524164325,3.6841919870531257,True,False,True,False,False,3.708020896032938
2025-01-08 00:00:00+00:00,3.73,3.9627,3.73,3.94,31313,3.356466307711037,3.268753729935366,3.6247935820920403,3.5627036926418003,3.2358971046280494,3.214782638011838,3.175332716478932,3.1715054208901834,3.457664386603323,,3.508784538166606,#000000,0.5614060065344534,3.508784538166606,0.39403828825942244,4,0.2585971066777097,1.0343884267108387,0.0,0.0,0.0,0.0,55.84062948801828,3.6841919870531257,True,False,True,False,False,1.988566124852202
2025-01-10 00:00:00+00:00,3.52,3.99,3.48,3.79,33660,3.357567633621385,3.2706006695255683,3.6252356958666128,3.570405501009567,3.2374884077983803,3.216469433136371,3.1772597958445643,3.1736049310741317,3.459394175299389,,3.5276904576477586,#000000,0.5637470418867186,3.5276904576477586,-0.013641681598932276,4,0.26294487303710246,1.0517794921484098,0.0,0.0,0.0,0.0,52.24160165829609,9.195338648910123,True,False,False,False,False,0.0
2025-01-13 00:00:00+00:00,3.575,3.69,3.5,3.69,37222,3.3584798593104086,3.272236820430085,3.6247734316545506,3.5718044322249094,3.2389268689168955,3.218009424014609,3.1790470733471246,3.175553469210355,3.4605823333966272,,3.5231257029221785,#000000,0.5654760770558842,3.5231257029221785,0.09173561744274299,4,0.2663532514760566,1.0654130059042264,0.0,0.0,0.0,0.0,50.62698015960312,7.480798861126615,True,False,False,False,False,0.0
2025-01-14 00:00:00+00:00,3.82,3.8946,3.65,3.65,32195,3.3599441357827113,3.2745247301080513,3.6265251620271424,3.5854861529025075,3.2408678558295243,3.2200445440721692,3.18132929261874,3.17803307429936,3.4631729173819985,,3.529317483041549,"rgba(38, 166, 154, 0.5)",0.565394406489912,3.529317483041549,0.5141234395350134,4,0.27103370103111446,1.0841348041244578,0.0,0.0,0.0,0.0,52.59251282000983,7.480798861126615,True,False,False,False,False,3.098820919613228
2025-01-15 00:00:00+00:00,3.59,3.85,3.59,3.85,53007,3.3617111149901384,3.277439371894345,3.627394701454996,3.5940828586047586,3.2433886979955924,3.222712183361488,3.1843660229892214,3.1813338381061986,3.4659166561806507,,3.53023790027773,#000000,0.56694084913826,3.53023790027773,0.1054115254053522,4,0.274100041297401,1.096400165189604,0.0,0.0,0.0,0.0,51.04026364183768,7.480798861126615,True,False,False,False,False,0.0
2025-01-16 00:00:00+00:00,3.7445,3.8145,3.6,3.6,6795,3.361966930772841,3.2778498635057187,3.627599371148225,3.5955825518897404,3.2437416002466475,3.2230840762570065,3.1847863796788785,3.1817902654365597,3.4663340105960874,,3.5306570203416188,#000000,0.5674326545808537,3.5306570203416188,0.3768605453564192,3,0.3233790713054651,0.9701372139163953,0.0,0.0,0.0,0.0,51.75711594016165,7.480798861126615,True,False,False,False,False,1.9840153096488926
2025-01-17 00:00:00+00:00,3.895,4.04,3.855,3.89,16591,3.3629563897560026,3.279324572234335,3.629228306436733,3.6050571094930226,3.2449809095586937,3.224373392102288,3.18621248691315,3.1833359793057245,3.4681885954116356,,3.5349577726663624,"rgba(38, 166, 154, 0.5)",0.5672810093867064,3.5349577726663624,0.6346805575650826,3,0.3272943469250081,0.9818830407750243,0.0,0.0,0.0,0.0,53.75783740496957,7.480798861126615,True,False,True,False,False,3.8592940582663395
2025-01-21 00:00:00+00:00,4.41,4.41,3.96,3.96,31768,3.3659383986173097,3.2835524739358934,3.635667836299971,3.6387584972274865,3.24847862452388,3.2279775020500128,3.19013278048807,3.1875781555909137,3.4742068012139637,,3.5513398298250096,"rgba(0, 255, 255, 0.75)",0.5643336306422502,3.5513398298250096,1.5215470486807186,3,0.3289120344812433,0.9867361034437299,0.0,0.0,0.0,0.0,58.874566878719634,2.4690448509664193,True,False,True,False,True,9.714092942905882
2025-01-22 00:00:00+00:00,4.41,4.61,4.35,4.35,59796,3.3727208269690783,3.292995520105534,3.6511467510139837,3.710982496807774,3.256264709846101,3.235973699923658,3.198776985436331,3.1969208831373037,3.488063929372653,,3.585279706079457,"rgba(38, 166, 154, 1.0)",0.5617608915601692,3.585279706079457,1.4680984495557552,3,0.33100994645943227,0.9930298393782968,0.0,0.0,0.0,0.0,62.285719861219675,5.674964392259447,True,False,True,False,True,9.714092942905882
2025-01-23 00:00:00+00:00,4.6,4.8,4.55,4.8,51761,3.3795592127750673,3.302385572183202,3.6671865741226215,3.7776619928104367,3.263996489712006,3.24389487877209,3.2073004207852693,3.206122047347005,3.502079180155348,,3.615977861773201,"rgba(0, 255, 255, 0.75)",0.5637464845155075,3.615977861773201,1.7455046998164128,3,0.3319506201735465,0.9958518605206395,0.0,0.0,0.0,0.0,65.66257835718368,8.811526886859362,True,False,True,False,True,11.714829850266447
2025-01-24 00:00:00+00:00,4.89,4.98,4.655,4.81,116300,3.396938460618884,3.325951330584805,3.70808692379096,3.924064963337265,3.283419325348172,3.2637554597765974,3.228587363419643,3.229065436088275,3.537426244621353,,3.683096860380124,"rgba(0, 255, 0, 1.0)",0.5709811303677432,3.683096860380124,2.1137355955048176,3,0.3300742762025811,0.9902228286077434,0.0,0.0,0.0,0.0,69.31506485816126,12.183074274872766,True,False,True,False,True,14.597809337285327
2025-01-27 00:00:00+00:00,4.77,5.2,4.62,4.98,99762,3.4117391632570446,3.3458793640562003,3.741595663797556,4.023223039386349,3.299929551027491,3.2806311611490413,3.2466497184581007,3.2484970599703917,3.566773022543655,,3.7291819490671876,"rgba(0, 255, 255, 0.75)",0.5721056965218774,3.7291819490671876,1.8192758038601544,3,0.3292035610546858,0.9876106831640574,0.0,0.0,0.0,0.0,70.09331969715348,12.899488787259628,True,False,True,False,True,12.90690223299675
2025-01-28 00:00:00+00:00,5.0,5.06,4.9,4.98,78372,3.4241287762263375,3.3624191786775572,3.769334507175582,4.097006390478693,3.3136640230763907,3.2946546370533354,3.261623102002429,3.264582612158701,3.5910398181064584,,3.764636670897982,"rgba(0, 255, 0, 1.0)",0.5797122976781405,3.764636670897982,2.130993829266494,3,0.32796797009619527,0.9839039102885858,0.0,0.0,0.0,0.0,71.74909132701342,14.574163413096798,True,False,True,False,True,15.117171462416632
2025-01-29 00:00:00+00:00,5.07,5.25,4.92,4.92,13890,3.426434248784331,3.3654822819872874,3.7744893563469137,4.1101698207730495,3.316209404714887,3.2972517983972502,3.2643921458925083,3.267555304073349,3.5955362449350403,,3.771076505313438,"rgba(0, 255, 0, 1.0)",0.5875261747575294,3.771076505313438,2.2108351091296052,3,0.32661953103335467,0.9798585931000641,0.0,0.0,0.0,0.0,73.17480797278537,16.093500972091846,True,False,True,False,True,15.771918652388063
2025-01-30 00:00:00+00:00,5.49,5.51,5.01,5.1,20051,3.4302658597076685,3.3705438944071493,3.7833085621225124,4.133429483818246,3.3204037149821817,3.3015255081027655,3.2689375590732035,3.2724346959911794,3.60309343647586,,3.7824972819347082,"rgba(0, 255, 0, 1.0)",0.6077509870345182,3.7824972819347082,2.8095433071971487,3,0.3198632831567012,0.9595898494701036,0.0,0.0,0.0,0.0,75.75174480651215,18.7174105649878,True,False,True,False,True,19.48798535672165
2025-01-31 00:00:00+00:00,5.56,5.9,5.5,5.68,28724,3.4366354365593206,3.3789103546659813,3.798310840209373,4.173628998538402,3.327320938206578,3.3085644658477515,3.276406358558382,3.280450866480406,3.6157626799984195,,3.802328334810775,"rgba(0, 255, 0, 1.0)",0.6207497761447631,3.802328334810775,2.831530083031917,3,0.31390921706014274,0.9417276511804282,0.0,0.0,0.0,0.0,77.69865439722551,20.730095834829328,True,False,True,False,True,20.0
2025-02-03 00:00:00+00:00,5.14,5.63,5.03,5.63,14052,3.439196977743986,3.382288957011224,3.804051122623824,4.187591067875793,3.3301299212605753,3.311427322994196,3.279451521724789,3.283716977608914,3.620738333716183,,3.8093177884515845,"rgba(0, 255, 0, 1.0)",0.6261837958661939,3.8093177884515845,2.125066506564092,3,0.31140033221522995,0.9342009966456899,0.0,0.0,0.0,0.0,73.77842876804705,20.730095834829328,True,False,True,False,False,14.30169786636882
2025-02-04 00:00:00+00:00,5.33,5.6149,5.3,5.4,5289,3.4402373430066544,3.383657324162208,3.8064179772596596,4.193463859032038,3.3312658855048523,3.3125842646567696,3.2806806260186345,3.2850352512552665,3.622771388522064,,3.812257915447867,"rgba(0, 255, 0, 1.0)",0.6364346731852548,3.812257915447867,2.384757066983912,3,0.30802416458361154,0.9240724937508347,0.0,0.0,0.0,0.0,72.15448424090229,20.730095834829328,True,False,True,False,False,15.956485454927773
2025-02-05 00:00:00+00:00,5.71,5.75,5.44,5.44,36145,3.448100950252766,3.393959651558951,3.8245795282159616,4.239056092971427,3.3398061468953526,3.321274556350396,3.2898981375676333,3.294920034976706,3.6382208527563056,,3.835148730176447,"rgba(0, 255, 0, 1.0)",0.6550013412323717,3.835148730176447,2.862362489664614,3,0.3006812047188389,0.9020436141565167,0.0,0.0,0.0,0.0,72.73938214063894,20.730095834829328,True,False,True,False,False,19.06839465379802
2025-02-06 00:00:00+00:00,5.92,6.3,5.85,5.9424,61261,3.4636564928715416,3.4142106168316952,3.861012161354145,4.329934927150287,3.3565738210233644,3.3383153267274137,3.307929401202187,3.314247397038979,3.6688843093468373,6.023333333333333,4.011479540600652,"rgba(0, 255, 0, 1.0)",0.6816218072739025,4.011479540600652,2.7999697765427114,3,0.29151973280522964,0.8745591984156889,0.0,0.0,0.0,0.0,73.90412597338457,20.730095834829328,True,False,True,False,False,20.0
2025-02-07 00:00:00+00:00,5.73,6.02,5.685,5.92,60518,3.4775843847685097,3.4323137094489056,3.892427627688685,4.4009173384965665,3.3716351311167676,3.353629142784807,3.324139501372105,3.331602445752036,3.6957569205741456,5.918145712041212,4.042340609898543,"rgba(0, 255, 0, 1.0)",0.7011791935622981,4.042340609898543,2.406887434191262,3,0.28563979505333076,0.8569193851599923,0.0,0.0,0.0,0.0,72.61101723743819,20.730095834829328,True,False,True,False,False,18.199253638639945
2025-02-10 00:00:00+00:00,5.54,5.66,5.3801,5.66,78226,3.4931763620970693,3.4525582123302376,3.925755379726377,4.466563524477637,3.388589883616301,3.3708826004794368,3.342419322667087,3.3511445395890056,3.724964091875987,5.765043378248877,4.069583427948158,"rgba(0, 255, 0, 1.0)",0.714474132736476,4.069583427948158,2.058040318996664,3,0.2812822469204605,0.8438467407613814,0.0,0.0,0.0,0.0,69.82973376816258,26.22755626127963,True,False,True,False,False,15.794529214271819
2025-02-11 00:00:00+00:00,5.33,5.51,5.2148,5.39,38972,3.500194756844225,3.4616594414108843,3.940095912711891,4.491548614198785,3.396253898109515,3.3786865036072466,3.3506925066107374,3.3599778964558786,3.7377894287410625,5.697619670791192,4.080133418911334,"rgba(0, 255, 255, 0.75)",0.7286333084902388,4.080133418911334,1.715357459678101,3,0.27856836910449595,0.8357051073134878,0.0,0.0,0.0,0.0,66.02866434319405,22.49721946124626,True,False,True,False,False,13.227122841477339
2025-02-12 00:00:00+00:00,5.13,5.2228,5.0826,5.21,3542,3.500759160191286,3.4623923986643805,3.9411964193967646,4.493221262481355,3.396874246181635,3.379318813970205,3.3513638059079494,3.360694030851026,3.738797203375574,5.689550585040073,4.080710619151727,"rgba(38, 166, 154, 1.0)",0.7373282119619085,4.080710619151727,1.4230967482666739,3,0.2770046077838357,0.831013823351507,0.0,0.0,0.0,0.0,61.80157949020311,18.491829471152528,True,False,True,False,False,10.867469402614507
2025-02-13 00:00:00+00:00,5.16,5.22,5.08,5.12,16565,3.503406729899109,3.4658284542595057,3.9463515036418078,4.501028479161728,3.3997831987254483,3.3822836682528843,3.3545109614995607,3.3640509452469844,3.7435185743167496,5.6552665737753,4.0835910654638985,"rgba(38, 166, 154, 1.0)",0.7483953609647134,4.0835910654638985,1.4382891592868305,3,0.27447153224066784,0.8234145967220035,0.0,0.0,0.0,0.0,59.2034260205263,16.0783032792677,True,False,True,False,False,11.128935535542027
2025-02-14 00:00:00+00:00,5.21,5.46,5.2,5.4,13297,3.5057013786214015,3.4687991065919936,3.9509229317158523,4.508448385981117,3.402292746519084,3.3848395453731626,3.3572206245120224,3.3669416387457205,3.747650942214882,5.637435118455398,4.0869733012079905,"rgba(38, 166, 154, 1.0)",0.7601453818439792,4.0869733012079905,1.4773840973258878,3,0.2716708189320607,0.8150124567961821,0.0,0.0,0.0,0.0,57.858734786477044,14.782914222668609,False,False,True,False,False,11.568743465081461
2025-02-18 00:00:00+00:00,5.04,5.3543,4.87,5.06,48306,3.513050444621972,3.478322667559828,3.9648066823333097,4.527598071397942,3.410384628572353,3.393089394396223,3.3659792423417585,3.3762755546337404,3.7605380798194328,5.55468719842089,4.094651312284488,"rgba(38, 166, 154, 1.0)",0.7669833490728107,4.094651312284488,1.232554381862818,3,0.2699585215783953,0.8098755647351858,0.0,0.0,0.0,0.0,55.374343512785664,12.347454860675462,False,False,False,False,False,9.548890957884716
2025-02-19 00:00:00+00:00,4.8465,5.3249,4.77,5.02,33598,3.5177752216910263,3.4844422647574906,3.9733586707433224,4.537770226485724,3.4156089373051675,3.398419021755297,3.3716415044953285,3.3823035997038264,3.7686413166849917,5.500231995897841,4.098692932786199,"rgba(38, 166, 154, 0.5)",0.7699717753502567,4.098692932786199,0.9712136095815026,3,0.26910563773960156,0.8073169132188047,0.0,0.0,0.0,0.0,52.07880483443018,9.166827362309775,False,True,False,False,False,7.318095106258124
2025-02-20 00:00:00+00:00,4.99,4.99,4.89,4.91,22980,3.5209370425926987,3.488533113601932,3.9789892225118244,4.544108378956665,3.4191081853645153,3.401989230266627,3.375434545456819,3.386339562092875,3.774014328787992,5.467122295115281,4.101397570003946,"rgba(38, 166, 154, 1.0)",0.7765201421472276,4.101397570003946,1.1443391893723422,3,0.26754078887355914,0.8026223666206774,0.0,0.0,0.0,0.0,51.22137284808781,8.263757957381088,False,True,False,False,False,8.642996435006026
2025-02-21 00:00:00+00:00,5.02,5.2636,5.005,5.08,11765,3.522707216350824,3.490816923802884,3.982254853420358,4.548352207562201,3.4210555621528624,3.40397421566792,3.37754018099799,3.3885807340027716,3.7770687015846525,5.455904906219742,4.1035782610451434,"rgba(38, 166, 154, 1.0)",0.7833792484078362,4.1035782610451434,1.169831522621284,3,0.26601949663910324,0.7980584899173098,0.0,0.0,0.0,0.0,50.93034342878174,7.769666529296316,False,True,False,False,False,8.918946941479241
2025-02-24 00:00:00+00:00,4.8999,5.04,4.8383,4.98,4685,3.5233349206847837,3.4916283769986864,3.9833521646735153,4.549504865925364,3.4217511464188792,3.4046840320158784,3.378294380521234,3.389382812176907,3.7781247095403163,5.449600111755965,4.104089595163599,"rgba(38, 166, 154, 1.0)",0.7884013627039872,4.104089595163599,1.0093975511495847,3,0.2650476949944753,0.7951430849834258,0.0,0.0,0.0,0.0,49.588508974627146,6.208655131877329,False,True,False,True,False,7.517152483495025
2025-02-25 00:00:00+00:00,4.71,5.04,4.59,4.77,29583,3.5268741890746593,3.4962115061372696,3.989158027266206,4.553862415756545,3.4257035057150644,3.4087220020488602,3.382591955604383,3.3939486186143726,3.783905418789764,5.402803811971706,4.105535363263963,"rgba(38, 166, 154, 0.5)",0.7914347142447709,4.105535363263963,0.7637580533889642,3,0.2645525793888177,0.7936577381664531,0.0,0.0,0.0,0.0,47.03181573517388,3.5289205029657253,False,True,False,True,False,5.351570816668232
2025-02-26 00:00:00+00:00,4.62,4.85,4.6,4.85,8497,3.527814329811669,3.4974300136850975,3.9906220092713927,4.554597657545538,3.426759317679639,3.4098015981107355,3.383742276303559,3.395169704356072,3.7854045693629637,5.388777030766914,4.105669360590049,"rgba(38, 166, 154, 0.5)",0.7935861352864662,4.105669360590049,0.6481094068311684,3,0.2645621285461906,0.7936863856385719,0.0,0.0,0.0,0.0,44.593620137544605,1.0279873300208209,False,True,False,True,False,4.344548956938766
2025-02-27 00:00:00+00:00,4.6,5.17,4.5254,4.71,20919,3.530271638967112,3.500607647089038,3.994584707375831,4.557360249425112,3.429505304645354,3.4126072828082474,3.386728071436903,3.3983400169720426,3.7893791147545435,5.359959714521751,4.106772094514689,"rgba(38, 166, 154, 0.5)",0.795538412610434,4.106772094514689,0.6199925706501853,3,0.2645621285461906,0.7936863856385719,0.0,0.0,0.0,0.0,42.80037136830623,-0.8381242244301035,False,True,False,True,False,4.119700159091369
2025-02-28 00:00:00+00:00,4.48,4.71,4.28,4.71,47282,3.534560443488313,3.506181507202737,4.00024832679749,4.5554200046542555,3.4344005565659987,3.4176248697715823,3.3920917695366213,3.4040202961222885,3.795744952531462,5.277692185937488,4.104335247745698,#000000,0.7965614793870174,4.104335247745698,0.47160798252934644,3,0.2645387505035426,0.7936162515106278,0.0,0.0,0.0,0.0,40.595919088229515,-3.0861797599886813,False,True,False,True,False,2.770386532013699
2025-03-03 00:00:00+00:00,5.11,5.54,4.46,4.46,120825,3.5515201444700217,3.5279020153550222,4.029666464524307,4.5884141254802575,3.4530802302163384,3.4366664020115696,3.4122723743081185,3.425444207372998,3.8239034494922786,5.230783482195351,4.201021254965088,"rgba(38, 166, 154, 1.0)",0.8046192045415692,4.201021254965088,1.1297005339970747,3,0.262823705374544,0.7884711161236321,0.0,0.0,0.0,0.0,45.684640983605874,-3.0861797599886813,False,True,False,True,True,8.816945701267343
2025-03-04 00:00:00+00:00,3.55,5.17,3.35,5.11,139734,3.557601477365327,3.5359021891351134,4.029465177183818,4.546900866793861,3.460666550985795,3.444538916211831,3.4208228526925812,3.43438202141063,3.829003218211039,5.008943064209689,4.149174231004297,"rgba(239, 83, 80, 0.5)",0.8074461485917598,4.149174231004297,-0.7420609189223295,3,0.26221367528587297,0.7866410258576189,0.0,0.0,0.0,0.0,40.577384250467205,-3.0861797599886813,False,True,False,True,False,0.0
2025-03-05 00:00:00+00:00,3.98,4.18,3.74,4.18,54613,3.559651850308607,3.5386037670418005,4.028694664691718,4.5307059190397325,3.4632838651810904,3.4472630020952675,3.4237917800416726,3.4374738721810245,3.830365459033526,4.939114708706263,4.135675153759562,#000000,0.8076332741450768,4.135675153759562,-0.19275475484136403,4,0.3993506586009101,1.5974026344036405,0.0,0.0,0.0,0.0,39.994628794176634,-3.0861797599886813,False,True,False,True,False,0.0
2025-03-06 00:00:00+00:00,3.52,4.0838,3.52,3.83,37729,3.560163538353539,3.5393342533404972,4.02599862746164,4.515141214465036,3.464154988479407,3.4481991670130747,3.4248554731420833,3.438554849919304,3.8295341718654625,4.884651810945519,4.123181205442139,"rgba(239, 83, 80, 0.5)",0.8094612631233737,4.123181205442139,-0.7451637686956305,4,0.39842604900112,1.59370419600448,0.0,0.0,0.0,0.0,37.98618995885835,-4.889251759763731,False,True,False,True,False,0.0
2025-03-07 00:00:00+00:00,3.507,3.96,3.43,3.52,53185,3.560512904013867,3.5398963859024724,4.021388961566173,4.492210820471896,3.464994921904152,3.4491266712234445,3.425944607431209,3.4396405102774628,3.827664603588749,4.811143499079922,4.105790323090366,"rgba(239, 83, 80, 0.5)",0.8080118067730664,4.105790323090366,-0.7410663038226354,4,0.397513352723751,1.590053410895004,0.0,0.0,0.0,0.0,36.603345482857094,-6.311715210368021,False,True,False,True,False,0.0
2025-03-10 00:00:00+00:00,3.24,3.41,3.2,3.41,44113,3.559404436105733,3.538616533885965,4.014289731951481,4.466716230364322,3.464245510976133,3.4484368836717914,3.4253263716265767,3.438917521897663,3.823417707687775,4.740214595179586,4.0865196905536365,"rgba(239, 83, 80, 1.0)",0.8080118067730664,4.0865196905536365,-1.047657575616819,4,0.3974044728223646,1.5896178912894583,0.0,0.0,0.0,0.0,34.7733383399378,-8.213538804484344,False,True,False,True,False,0.0
2025-03-11 00:00:00+00:00,3.13,3.52,3.06,3.2,43571,3.5581346500140802,3.537136073347004,4.0069713412076,4.4416166931893635,3.4633219751596243,3.4475701951266524,3.424522003663391,3.437997720430319,3.8189306752272243,4.674292550358938,4.068228206118068,"rgba(239, 83, 80, 1.0)",0.8100345395105016,4.068228206118068,-1.1582570376382135,4,0.3953672764698489,1.5814691058793957,0.0,0.0,0.0,0.0,33.188247404685946,-9.911220332229199,False,True,False,True,False,0.0
2025-03-12 00:00:00+00:00,3.17,3.3199,3.13,3.14,18446,3.5575501431414436,3.536451466562097,4.003795215664289,4.431039431174405,3.462881736983541,3.447153465587574,3.4241294204379025,3.43755312033006,3.8169547585112245,4.647546728419211,4.0606828660337175,"rgba(239, 83, 80, 1.0)",0.8113997632120256,4.0606828660337175,-1.0977115183123054,4,0.39391773048605994,1.5756709219442397,0.0,0.0,0.0,0.0,32.455428586619604,-10.852840278662512,False,True,False,True,False,0.0
2025-03-13 00:00:00+00:00,3.07,3.26,3.03,3.15,15457,3.5569412953146293,3.535729860195072,4.000865961543742,4.421697317036552,3.4623896694585894,3.4466799911094212,3.423670937347398,3.437042599263247,3.815075177524603,4.624571149919543,4.0330735694266995,"rgba(239, 83, 80, 1.0)",0.8147087614668209,4.0330735694266995,-1.182107784986575,4,0.393020071666532,1.572080286666128,0.0,0.0,0.0,0.0,31.586944433248,-11.97983295658348,False,True,False,True,False,0.0
2025-03-14 00:00:00+00:00,3.18,3.4503,3.03,3.22,86405,3.5543414060712557,3.532701961594803,3.9866633848836295,4.375667586324203,3.4604614395538147,3.4448616268634136,3.4219697590996065,3.4351103183968994,3.8062388735292316,4.515643619334683,3.9888691611784983,"rgba(239, 83, 80, 0.5)",0.8139064073249916,3.9888691611784983,-0.9938110253204062,4,0.39283138386972916,1.5713255354789166,0.0,0.0,0.0,0.0,32.004271678021425,-11.97983295658348,False,True,False,True,False,0.0
2025-03-17 00:00:00+00:00,3.41,3.48,3.25,3.48,3025,3.5542943084222975,3.532650693340493,3.9862772810894325,4.374334070084076,3.4604390277282495,3.444843408403252,3.4219574838597984,3.435093138939782,3.806017367470339,4.512568402233524,3.9885429152855982,"rgba(239, 83, 80, 0.5)",0.8104148716141159,3.9885429152855982,-0.7138848700213327,4,0.39392390484990114,1.5756956193996046,0.0,0.0,0.0,0.0,34.280572113358176,-11.97983295658348,False,True,False,True,False,0.0
2025-03-18 00:00:00+00:00,3.41,3.41,3.41,3.41,0,3.5542943084222975,3.532650693340493,3.9862772810894325,4.374334070084076,3.4604390277282495,3.444843408403252,3.4219574838597984,3.435093138939782,3.806017367470339,4.512568402233524,3.9885429152855982,"rgba(239, 83, 80, 0.5)",0.8069768073227057,3.9885429152855982,-0.7169263230811067,4,0.3951390854953809,1.5805563419815236,0.0,0.0,0.0,0.0,35.79810573691601,-11.97983295658348,False,True,False,True,True,0.0
2025-03-19 00:00:00+00:00,3.41,3.41,3.41,3.41,0,3.5542943084222975,3.532650693340493,3.9862772810894325,4.374334070084076,3.4604390277282495,3.444843408403252,3.4219574838597984,3.435093138939782,3.806017367470339,4.512568402233524,3.9885429152855982,"rgba(239, 83, 80, 0.5)",0.8051229493641224,3.9885429152855982,-0.7185771014756506,4,0.39410790239318516,1.5764316095727406,0.0,0.0,0.0,0.0,36.809794819287895,-11.97983295658348,False,True,False,True,True,0.0
2025-03-20 00:00:00+00:00,3.41,3.41,3.41,3.41,0,3.5542943084222975,3.532650693340493,3.9862772810894325,4.374334070084076,3.4604390277282495,3.444843408403252,3.4219574838597984,3.435093138939782,3.806017367470339,4.512568402233524,3.9885429152855982,"rgba(239, 83, 80, 0.5)",0.8040986981125494,3.9885429152855982,-0.7194924163459093,4,0.3934116166146268,1.5736464664585073,0.0,0.0,0.0,0.0,37.48425420753582,-11.97983295658348,False,True,False,True,True,0.0
2025-03-21 00:00:00+00:00,3.41,3.41,3.41,3.41,0,3.5542943084222975,3.532650693340493,3.9862772810894325,4.374334070084076,3.4604390277282495,3.444843408403252,3.4219574838597984,3.435093138939782,3.806017367470339,4.512568402233524,3.9885429152855982,"rgba(239, 83, 80, 0.5)",0.8068232483909562,3.9885429152855982,-0.7170627723474546,4,0.3920416670334429,1.5681666681337716,0.0,0.0,0.0,0.0,37.9338937997011,-11.97983295658348,False,True,False,True,True,0.0
2025-03-24 00:00:00+00:00,3.41,3.41,3.41,3.41,0,3.5542943084222975,3.532650693340493,3.9862772810894325,4.374334070084076,3.4604390277282495,3.444843408403252,3.4219574838597984,3.435093138939782,3.806017367470339,4.512568402233524,3.9885429152855982,"rgba(239, 83, 80, 0.5)",0.8096882647778152,3.9885429152855982,-0.714525503768237,4,0.3906978622399463,1.5627914489597852,0.0,0.0,0.0,0.0,38.23365352781129,-16.479057757203833,False,True,False,True,True,0.0
2025-03-25 00:00:00+00:00,3.41,3.41,3.41,3.41,0,3.5542943084222975,3.532650693340493,3.9862772810894325,4.374334070084076,3.4604390277282495,3.444843408403252,3.4219574838597984,3.435093138939782,3.806017367470339,4.512568402233524,3.9885429152855982,"rgba(239, 83, 80, 0.5)",0.8128763947525702,3.9885429152855982,-0.7117231094669683,4,0.3900300710520229,1.5601202842080917,0.0,0.0,0.0,0.0,38.43349334655142,-15.953754964446091,False,True,False,True,True,0.0
2025-03-26 00:00:00+00:00,3.41,3.41,3.41,3.41,0,3.5542943084222975,3.532650693340493,3.9862772810894325,4.374334070084076,3.4604390277282495,3.444843408403252,3.4219574838597984,3.435093138939782,3.806017367470339,4.512568402233524,3.9885429152855982,"rgba(239, 83, 80, 0.5)",0.8148951741528773,3.9885429152855982,-0.7099599232343243,4,0.3897938153563087,1.5591752614252348,0.0,0.0,0.0,0.0,38.566719892378174,-15.48374666795386,False,True,False,True,True,0.0
2025-03-27 00:00:00+00:00,3.41,3.41,3.41,3.41,0,3.5542943084222975,3.532650693340493,3.9862772810894325,4.374334070084076,3.4604390277282495,3.444843408403252,3.4219574838597984,3.435093138939782,3.806017367470339,4.512568402233524,3.9885429152855982,"rgba(239, 83, 80, 0.5)",0.8172201185451478,3.9885429152855982,-0.7079401279493049,4,0.38895023939194007,1.5558009575677603,0.0,0.0,0.0,0.0,38.65553758959601,-15.055941269755039,False,True,False,True,True,0.0
2025-03-28 00:00:00+00:00,3.41,3.41,3.41,3.41,0,3.5542943084222975,3.532650693340493,3.9862772810894325,4.374334070084076,3.4604390277282495,3.444843408403252,3.4219574838597984,3.435093138939782,3.806017367470339,4.512568402233524,3.9885429152855982,"rgba(239, 83, 80, 0.5)",0.8199509200824977,3.9885429152855982,-0.7055823722075818,4,0.3881801206868065,1.552720482747226,0.0,0.0,0.0,0.0,38.71474938774123,-14.663159027458704,False,True,False,True,True,0.0
2025-03-31 00:00:00+00:00,3.41,3.41,3.41,3.41,0,3.5542943084222975,3.532650693340493,3.9862772810894325,4.374334070084076,3.4604390277282495,3.444843408403252,3.4219574838597984,3.435093138939782,3.806017367470339,4.512568402233524,3.9885429152855982,"rgba(239, 83, 80, 0.5)",0.8222331700550211,3.9885429152855982,-0.7036239066430316,4,0.38742687206854487,1.5497074882741795,0.0,0.0,0.0,0.0,38.75422391983805,-14.301497108620573,False,True,False,True,True,0.0
2025-04-01 00:00:00+00:00,3.41,3.41,3.41,3.41,0,3.5542943084222975,3.532650693340493,3.9862772810894325,4.374334070084076,3.4604390277282495,3.444843408403252,3.4219574838597984,3.435093138939782,3.806017367470339,4.512568402233524,3.9885429152855982,"rgba(239, 83, 80, 0.5)",0.8241618334869475,3.9885429152855982,-0.7019773202040187,4,0.3864807748678962,1.545923099471585,0.0,0.0,0.0,0.0,38.780540274569255,-13.968751402978313,False,True,False,True,True,0.0
2025-04-02 00:00:00+00:00,3.41,3.41,3.41,3.41,0,3.5542943084222975,3.532650693340493,3.9862772810894325,4.374334070084076,3.4604390277282495,3.444843408403252,3.4219574838597984,3.435093138939782,3.806017367470339,4.512568402233524,3.9885429152855982,"rgba(239, 83, 80, 0.5)",0.8250180000395019,3.9885429152855982,-0.7012488397318573,4,0.38555410248938293,1.5422164099575317,0.0,0.0,0.0,0.0,38.79808451105673,-13.66350181257802,False,True,False,True,True,0.0
2025-04-03 00:00:00+00:00,3.41,3.41,3.41,3.41,0,3.5542943084222975,3.532650693340493,3.9862772810894325,4.374334070084076,3.4604390277282495,3.444843408403252,3.4219574838597984,3.435093138939782,3.806017367470339,4.512568402233524,3.9885429152855982,"rgba(239, 83, 80, 0.5)",0.8236687507850533,3.9885429152855982,-0.7023975533054745,4,0.3846542039108244,1.5386168156432976,0.0,0.0,0.0,0.0,38.80978066871504,-13.384607552184143,False,True,False,True,True,0.0
2025-04-04 00:00:00+00:00,3.41,3.41,3.41,3.41,0,3.5542943084222975,3.532650693340493,3.9862772810894325,4.374334070084076,3.4604390277282495,3.444843408403252,3.4219574838597984,3.435093138939782,3.806017367470339,4.512568402233524,3.9885429152855982,"rgba(239, 83, 80, 0.5)",0.8216317290775822,3.9885429152855982,-0.7041389649534451,4,0.38366718036314656,1.5346687214525863,0.0,0.0,0.0,0.0,38.81757810715392,-13.130950433912723,False,True,False,True,True,0.0
2025-04-07 00:00:00+00:00,3.41,3.41,3.41,3.41,0,3.5542943084222975,3.532650693340493,3.9862772810894325,4.374334070084076,3.4604390277282495,3.444843408403252,3.4219574838597984,3.435093138939782,3.806017367470339,4.512568402233524,3.9885429152855982,"rgba(239, 83, 80, 0.5)",0.8207890384346057,3.9885429152855982,-0.7048618928793017,4,0.3827685006170147,1.5310740024680587,0.0,0.0,0.0,0.0,38.822776399446504,-12.901323651064516,False,True,False,True,True,0.0
2025-04-08 00:00:00+00:00,3.41,3.41,3.41,3.41,0,3.5542943084222975,3.532650693340493,3.9862772810894325,4.374334070084076,3.4604390277282495,3.444843408403252,3.4219574838597984,3.435093138939782,3.806017367470339,4.512568402233524,3.9885429152855982,"rgba(239, 83, 80, 0.5)",0.8189475580961836,3.9885429152855982,-0.7064468409070578,4,0.38203730079905596,1.5281492031962238,0.0,0.0,0.0,0.0,38.82624192764156,-12.694402130374556,False,True,False,True,True,0.0
2025-04-09 00:00:00+00:00,3.41,3.41,3.41,3.41,0,3.5542943084222975,3.532650693340493,3.9862772810894325,4.374334070084076,3.4604390277282495,3.444843408403252,3.4219574838597984,3.435093138939782,3.806017367470339,4.512568402233524,3.9885429152855982,"rgba(239, 83, 80, 0.5)",0.8155344703205816,3.9885429152855982,-0.7094033867853268,4,0.3812355246874658,1.5249420987498632,0.0,0.0,0.0,0.0,38.8285522797716,-12.508755311188999,False,True,False,True,True,0.0
2025-04-10 00:00:00+00:00,3.41,3.41,3.41,3.41,0,3.5542943084222975,3.532650693340493,3.9862772810894325,4.374334070084076,3.4604390277282495,3.444843408403252,3.4219574838597984,3.435093138939782,3.806017367470339,4.512568402233524,3.9885429152855982,"rgba(239, 83, 80, 0.5)",0.8131643023100201,3.9885429152855982,-0.7114711180041788,4,0.3804719599841342,1.5218878399365368,0.0,0.0,0.0,0.0,38.83009251452496,-12.342879005238743,False,True,False,True,True,0.0
2025-04-11 00:00:00+00:00,3.41,3.41,3.41,3.41,0,3.5542943084222975,3.532650693340493,3.9862772810894325,4.374334070084076,3.4604390277282495,3.444843408403252,3.4219574838597984,3.435093138939782,3.806017367470339,4.512568402233524,3.9885429152855982,"rgba(239, 83, 80, 0.5)",0.812304103060325,3.9885429152855982,-0.7122245389454018,4,0.38057535449123114,1.5223014179649246,0.0,0.0,0.0,0.0,38.83111933769386,-12.195232936787072,False,True,False,True,True,0.0
2025-04-14 00:00:00+00:00,3.41,3.41,3.41,3.41,0,3.5542943084222975,3.532650693340493,3.9862772810894325,4.374334070084076,3.4604390277282495,3.444843408403252,3.4219574838597984,3.435093138939782,3.806017367470339,4.512568402233524,3.9885429152855982,"rgba(239, 83, 80, 0.5)",0.8142997207970052,3.9885429152855982,-0.7104790785379892,4,0.3812402603205244,1.5249610412820975,0.0,0.0,0.0,0.0,38.83180388647313,-12.064276728001907,False,True,False,True,True,0.0
2025-04-15 00:00:00+00:00,3.41,3.41,3.41,3.41,0,3.5542943084222975,3.532650693340493,3.9862772810894325,4.374334070084076,3.4604390277282495,3.444843408403252,3.4219574838597984,3.435093138939782,3.806017367470339,4.512568402233524,3.9885429152855982,"rgba(239, 83, 80, 0.5)",0.8164564881804065,3.9885429152855982,-0.70860226314689,4,0.381821724812665,1.52728689925066,0.0,0.0,0.0,0.0,38.83226025232598,-11.948500833897285,False,True,False,True,True,0.0
2025-04-16 00:00:00+00:00,3.41,3.41,3.41,3.41,0,3.5542943084222975,3.532650693340493,3.9862772810894325,4.374334070084076,3.4604390277282495,3.444843408403252,3.4219574838597984,3.435093138939782,3.806017367470339,4.512568402233524,3.9885429152855982,"rgba(239, 83, 80, 0.5)",0.8183831254523859,3.9885429152855982,-0.706934071943127,4,0.38240731467556105,1.5296292587022442,0.0,0.0,0.0,0.0,38.83256449622788,-11.846451129972834,False,True,False,True,True,0.0
2025-04-17 00:00:00+00:00,3.41,3.41,3.41,3.41,0,3.5542943084222975,3.532650693340493,3.9862772810894325,4.374334070084076,3.4604390277282495,3.444843408403252,3.4219574838597984,3.435093138939782,3.806017367470339,4.512568402233524,3.9885429152855982,"rgba(239, 83, 80, 0.5)",0.822041878455791,3.9885429152855982,-0.7037876420266973,4,0.3829097442774094,1.5316389771096377,0.0,0.0,0.0,0.0,38.832767325495816,-11.756747088511545,False,True,False,True,True,0.0
2025-04-21 00:00:00+00:00,3.41,3.41,3.41,3.41,0,3.5542943084222975,3.532650693340493,3.9862772810894325,4.374334070084076,3.4604390277282495,3.444843408403252,3.4219574838597984,3.435093138939782,3.806017367470339,4.512568402233524,3.9885429152855982,"rgba(239, 83, 80, 0.5)",0.825495657630952,3.9885429152855982,-0.7008430752330411,4,0.3841401657530551,1.5365606630122204,0.0,0.0,0.0,0.0,38.83290254500777,-11.678094117324441,False,True,False,True,True,0.0
2025-04-22 00:00:00+00:00,3.41,3.41,3.41,3.41,0,3.5542943084222975,3.532650693340493,3.9862772810894325,4.374334070084076,3.4604390277282495,3.444843408403252,3.4219574838597984,3.435093138939782,3.806017367470339,4.512568402233524,3.9885429152855982,"rgba(239, 83, 80, 0.5)",0.8290669669166796,3.9885429152855982,-0.6978241063411481,4,0.38522892273544057,1.5409156909417623,0.0,0.0,0.0,0.0,38.83299269134907,-11.609290915005722,False,True,False,True,True,0.0
2025-04-23 00:00:00+00:00,3.41,3.41,3.41,3.41,0,3.5542943084222975,3.532650693340493,3.9862772810894325,4.374334070084076,3.4604390277282495,3.444843408403252,3.4219574838597984,3.435093138939782,3.806017367470339,4.512568402233524,3.9885429152855982,"rgba(239, 83, 80, 0.5)",0.8314789288733363,3.9885429152855982,-0.6957998515603162,4,0.386304382697533,1.545217530790132,0.0,0.0,0.0,0.0,38.83305278890994,-11.549232769858534,False,True,False,True,True,0.0
2025-04-24 00:00:00+00:00,3.41,3.41,3.41,3.41,0,3.5542943084222975,3.532650693340493,3.9862772810894325,4.374334070084076,3.4604390277282495,3.444843408403252,3.4219574838597984,3.435093138939782,3.806017367470339,4.512568402233524,3.9885429152855982,"rgba(239, 83, 80, 0.5)",0.8342999483129225,3.9885429152855982,-0.6934471426679303,4,0.38687551459457103,1.5475020583782841,0.0,0.0,0.0,0.0,38.83309285395052,-11.496911689448375,False,True,False,True,True,0.0
2025-04-25 00:00:00+00:00,3.41,3.41,3.41,3.41,0,3.5542943084222975,3.532650693340493,3.9862772810894325,4.374334070084076,3.4604390277282495,3.444843408403252,3.4219574838597984,3.435093138939782,3.806017367470339,4.512568402233524,3.9885429152855982,"rgba(239, 83, 80, 0.5)",0.83668921381341,3.9885429152855982,-0.691466921927619,4,0.3871878950567741,1.5487515802270964,0.0,0.0,0.0,0.0,38.83311956397757,-11.451414151711404,False,True,False,True,True,0.0
2025-04-28 00:00:00+00:00,3.41,3.41,3.41,3.41,0,3.5542943084222975,3.532650693340493,3.9862772810894325,4.374334070084076,3.4604390277282495,3.444843408403252,3.4219574838597984,3.435093138939782,3.806017367470339,4.512568402233524,3.9885429152855982,"rgba(239, 83, 80, 0.5)",0.839829885910509,3.9885429152855982,-0.688881075788778,3,0.3993016542220252,1.1979049626660756,0.0,0.0,0.0,0.0,38.83313737066227,-11.411917150904955,False,True,False,True,True,0.0
2025-04-29 00:00:00+00:00,3.41,3.41,3.41,3.41,0,3.5542943084222975,3.532650693340493,3.9862772810894325,4.374334070084076,3.4604390277282495,3.444843408403252,3.4219574838597984,3.435093138939782,3.806017367470339,4.512568402233524,3.9885429152855982,"rgba(239, 83, 80, 0.5)",0.8423886964026863,3.9885429152855982,-0.6867885546852562,3,0.3984964538508416,1.1954893615525248,0.0,0.0,0.0,0.0,38.83314924178541,-11.377683091969551,False,True,False,True,True,0.0
2025-04-30 00:00:00+00:00,3.41,3.41,3.41,3.41,0,3.5542943084222975,3.532650693340493,3.9862772810894325,4.374334070084076,3.4604390277282495,3.444843408403252,3.4219574838597984,3.435093138939782,3.806017367470339,4.512568402233524,3.9885429152855982,"rgba(239, 83, 80, 0.5)",0.8434465128098885,3.9885429152855982,-0.685927212335278,3,0.39762546945009253,1.1928764083502776,0.0,0.0,0.0,0.0,38.8331571558675,-11.348053975475928,False,False,False,True,True,0.0
2025-05-01 00:00:00+00:00,3.41,3.41,3.41,3.41,0,3.5542943084222975,3.532650693340493,3.9862772810894325,4.374334070084076,3.4604390277282495,3.444843408403252,3.4219574838597984,3.435093138939782,3.806017367470339,4.512568402233524,3.9885429152855982,"rgba(239, 83, 80, 0.5)",0.8449533510061765,3.9885429152855982,-0.6847039716413515,3,0.3970392201838731,1.1911176605516194,0.0,0.0,0.0,0.0,38.83316243192222,-11.322445217102661,False,False,False,True,True,0.0
2025-05-02 00:00:00+00:00,3.41,3.41,3.41,3.41,0,3.5542943084222975,3.532650693340493,3.9862772810894325,4.374334070084076,3.4604390277282495,3.444843408403252,3.4219574838597984,3.435093138939782,3.806017367470339,4.512568402233524,3.9885429152855982,"rgba(239, 83, 80, 0.5)",0.8478608796981453,3.9885429152855982,-0.6823559491169948,3,0.3963751062989071,1.1891253188967212,0.0,0.0,0.0,0.0,38.83316594929204,-11.300339362097311,False,False,False,True,True,0.0
2025-05-05 00:00:00+00:00,3.41,3.41,3.41,3.41,0,3.5542943084222975,3.532650693340493,3.9862772810894325,4.374334070084076,3.4604390277282495,3.444843408403252,3.4219574838597984,3.435093138939782,3.806017367470339,4.512568402233524,3.9885429152855982,"rgba(239, 83, 80, 0.5)",0.8494523132016263,3.9885429152855982,-0.6810775676212385,3,0.39561548003904745,1.1868464401171424,0.0,0.0,0.0,0.0,38.83316829420525,-11.281279886141377,False,False,False,True,True,0.0
2025-05-06 00:00:00+00:00,3.41,3.41,3.41,3.41,0,3.5542943084222975,3.532650693340493,3.9862772810894325,4.374334070084076,3.4604390277282495,3.444843408403252,3.4219574838597984,3.435093138939782,3.806017367470339,4.512568402233524,3.9885429152855982,"rgba(239, 83, 80, 0.5)",0.8519738841469606,3.9885429152855982,-0.6790617952624974,3,0.394967131537312,1.184901394611936,0.0,0.0,0.0,0.0,38.833169857480726,-11.264865218238448,False,False,False,True,True,0.0
2025-05-07 00:00:00+00:00,3.41,3.41,3.41,3.41,0,3.5542943084222975,3.532650693340493,3.9862772810894325,4.374334070084076,3.4604390277282495,3.444843408403252,3.4219574838597984,3.435093138939782,3.806017367470339,4.512568402233524,3.9885429152855982,"rgba(239, 83, 80, 0.5)",0.8549982844869725,3.9885429152855982,-0.6766597381335603,3,0.39441200354310296,1.183236010629309,0.0,0.0,0.0,0.0,38.833170899664374,-11.250743077031068,False,False,False,True,True,0.0
2025-05-08 00:00:00+00:00,3.41,3.41,3.41,3.41,0,3.5542943084222975,3.532650693340493,3.9862772810894325,4.374334070084076,3.4604390277282495,3.444843408403252,3.4219574838597984,3.435093138939782,3.806017367470339,4.512568402233524,3.9885429152855982,"rgba(239, 83, 80, 0.5)",0.8569944620107572,3.9885429152855982,-0.6750836101416208,3,0.39415689480733723,1.1824706844220116,0.0,0.0,0.0,0.0,38.833171594453475,-11.238605177577476,False,False,False,True,True,0.0
2025-05-09 00:00:00+00:00,3.41,3.41,3.41,3.41,0,3.5542943084222975,3.532650693340493,3.9862772810894325,4.374334070084076,3.4604390277282495,3.444843408403252,3.4219574838597984,3.435093138939782,3.806017367470339,4.512568402233524,3.9885429152855982,"rgba(239, 83, 80, 0.5)",0.8587762159015515,3.9885429152855982,-0.6736829741823231,2,0.49422465727336967,0.9884493145467393,0.0,0.0,0.0,0.0,38.83317205764621,-11.228182339410715,False,False,False,True,True,0.0
2025-05-12 00:00:00+00:00,3.41,3.41,3.41,3.41,0,3.5542943084222975,3.532650693340493,3.9862772810894325,4.374334070084076,3.4604390277282495,3.444843408403252,3.4219574838597984,3.435093138939782,3.806017367470339,4.512568402233524,3.9885429152855982,"rgba(239, 83, 80, 0.5)",0.8588419776138693,3.9885429152855982,-0.6736313901341556,2,0.4950293130160474,0.9900586260320948,0.0,0.0,0.0,0.0,38.83317236644136,-11.21924000714273,False,False,False,True,True,0.0
2025-05-13 00:00:00+00:00,3.41,3.41,3.41,3.41,0,3.5542943084222975,3.532650693340493,3.9862772810894325,4.374334070084076,3.4604390277282495,3.444843408403252,3.4219574838597984,3.435093138939782,3.806017367470339,4.512568402233524,3.9885429152855982,"rgba(239, 83, 80, 0.5)",0.8551245654942337,3.9885429152855982,-0.6765598120213275,2,0.4953567987131817,0.9907135974263634,0.0,0.0,0.0,0.0,38.8331725723048,-11.211574180645549,False,False,False,True,True,0.0
2025-05-14 00:00:00+00:00,3.41,3.41,3.41,3.41,0,3.5542943084222975,3.532650693340493,3.9862772810894325,4.374334070084076,3.4604390277282495,3.444843408403252,3.4219574838597984,3.435093138939782,3.806017367470339,4.512568402233524,3.9885429152855982,"rgba(239, 83, 80, 0.5)",0.8525799608945246,3.9885429152855982,-0.6785790680308653,2,0.49608442584869716,0.9921688516973943,0.0,0.0,0.0,0.0,38.833172709547085,-11.205007741818072,False,False,False,True,True,0.0
2025-05-15 00:00:00+00:00,3.41,3.41,3.41,3.41,0,3.5542943084222975,3.532650693340493,3.9862772810894325,4.374334070084076,3.4604390277282495,3.444843408403252,3.4219574838597984,3.435093138939782,3.806017367470339,4.512568402233524,3.9885429152855982,"rgba(239, 83, 80, 0.5)",0.8461827465327568,3.9885429152855982,-0.6837091841640404,2,0.49746235822336393,0.9949247164467279,0.0,0.0,0.0,0.0,38.83317280104195,-11.199387158197915,True,False,False,True,True,0.0
2025-05-16 00:00:00+00:00,3.41,3.41,3.41,3.41,0,3.5542943084222975,3.532650693340493,3.9862772810894325,4.374334070084076,3.4604390277282495,3.444843408403252,3.4219574838597984,3.435093138939782,3.806017367470339,4.512568402233524,3.9885429152855982,"rgba(239, 83, 80, 0.5)",0.8379362220607435,3.9885429152855982,-0.690437887817742,2,0.49841100170216646,0.9968220034043329,0.0,0.0,0.0,0.0,38.83317286203852,-11.194579539440717,True,False,False,True,True,0.0
2025-05-19 00:00:00+00:00,3.41,3.41,3.41,3.41,0,3.5542943084222975,3.532650693340493,3.9862772810894325,4.374334070084076,3.4604390277282495,3.444843408403252,3.4219574838597984,3.435093138939782,3.806017367470339,4.512568402233524,3.9885429152855982,"rgba(239, 83, 80, 0.5)",0.8194681550287946,3.9885429152855982,-0.7059980448724932,2,0.4987486070779982,0.9974972141559963,0.0,0.0,0.0,0.0,38.833172902702906,-11.190470020345735,True,False,False,True,True,0.0
2025-05-20 00:00:00+00:00,3.41,3.41,3.41,3.41,0,3.5542943084222975,3.532650693340493,3.9862772810894325,4.374334070084076,3.4604390277282495,3.444843408403252,3.4219574838597984,3.435093138939782,3.806017367470339,4.512568402233524,3.9885429152855982,"rgba(239, 83, 80, 0.5)",0.7976317804013934,3.9885429152855982,-0.725325807598159,1,0.7805640044480442,0.7805640044480442,0.0,0.0,0.0,0.0,38.8331729298125,-11.186959443167119,True,False,False,True,True,0.0
2025-05-21 00:00:00+00:00,3.41,3.41,3.41,3.41,0,3.5542943084222975,3.532650693340493,3.9862772810894325,4.374334070084076,3.4604390277282495,3.444843408403252,3.4219574838597984,3.435093138939782,3.806017367470339,4.512568402233524,3.9885429152855982,"rgba(239, 83, 80, 0.5)",0.7851193632714545,3.9885429152855982,-0.7368852971284664,1,0.7793418462572209,0.7793418462572209,0.0,0.0,0.0,0.0,38.83317294788556,-11.183962312025002,True,False,False,True,True,0.0
2025-05-22 00:00:00+00:00,3.41,3.41,3.41,3.41,0,3.5542943084222975,3.532650693340493,3.9862772810894325,4.374334070084076,3.4604390277282495,3.444843408403252,3.4219574838597984,3.435093138939782,3.806017367470339,4.512568402233524,3.9885429152855982,"rgba(239, 83, 80, 0.5)",0.7669686624487134,3.9885429152855982,-0.7543240599146185,1,0.7782424995700555,0.7782424995700555,0.0,0.0,0.0,0.0,38.83317295993427,-11.181404993018212,True,False,False,True,True,0.0
2025-05-23 00:00:00+00:00,3.41,3.41,3.41,3.41,0,3.5542943084222975,3.532650693340493,3.9862772810894325,4.374334070084076,3.4604390277282495,3.444843408403252,3.4219574838597984,3.435093138939782,3.806017367470339,4.512568402233524,3.9885429152855982,"rgba(239, 83, 80, 0.5)",0.7354822891455899,3.9885429152855982,-0.7866170590697591,1,0.7764543165420794,0.7764543165420794,0.0,0.0,0.0,0.0,38.83317296796674,-11.17922413490777,True,False,False,True,True,0.0
2025-05-27 00:00:00+00:00,3.41,3.41,3.41,3.41,0,3.5542943084222975,3.532650693340493,3.9862772810894325,4.374334070084076,3.4604390277282495,3.444843408403252,3.4219574838597984,3.435093138939782,3.806017367470339,4.512568402233524,3.9885429152855982,"rgba(239, 83, 80, 0.5)",0.6928274312833818,3.9885429152855982,-0.8350462022179391,1,0.7747286057510703,0.7747286057510703,0.0,0.0,0.0,0.0,38.833172973321716,-11.17736528680949,True,False,False,True,True,0.0
2025-05-28 00:00:00+00:00,3.41,3.41,3.41,3.41,0,3.5542943084222975,3.532650693340493,3.9862772810894325,4.374334070084076,3.4604390277282495,3.444843408403252,3.4219574838597984,3.435093138939782,3.806017367470339,4.512568402233524,3.9885429152855982,"rgba(239, 83, 80, 0.5)",0.6539380967672659,3.9885429152855982,-0.884705934928118,1,0.7730269272139184,0.7730269272139184,0.0,0.0,0.0,0.0,38.8331729768917,-11.175781691072729,True,False,False,True,True,0.0
2025-05-29 00:00:00+00:00,3.41,3.41,3.41,3.41,0,3.5542943084222975,3.532650693340493,3.9862772810894325,4.374334070084076,3.4604390277282495,3.444843408403252,3.4219574838597984,3.435093138939782,3.806017367470339,4.512568402233524,3.9885429152855982,"rgba(239, 83, 80, 0.5)",0.619120842086823,3.9885429152855982,-0.9344587937559136,1,0.7717089054513255,0.7717089054513255,0.0,0.0,0.0,0.0,38.833172979271694,-11.174433231331797,True,False,False,True,True,0.0
2025-05-30 00:00:00+00:00,3.41,3.41,3.41,3.41,0,3.5542943084222975,3.532650693340493,3.9862772810894325,4.374334070084076,3.4604390277282495,3.444843408403252,3.4219574838597984,3.435093138939782,3.806017367470339,4.512568402233524,3.9885429152855982,"rgba(239, 83, 80, 0.5)",0.5894096880350205,3.9885429152855982,-0.9815632946488373,1,0.7702250103568928,0.7702250103568928,0.0,0.0,0.0,0.0,38.83317298085836,-11.173285517526608,True,False,False,True,True,0.0
2025-06-02 00:00:00+00:00,3.41,3.41,3.41,3.41,0,3.5542943084222975,3.532650693340493,3.9862772810894325,4.374334070084076,3.4604390277282495,3.444843408403252,3.4219574838597984,3.435093138939782,3.806017367470339,4.512568402233524,3.9885429152855982,"rgba(239, 83, 80, 1.0)",0.5645864111585184,3.9885429152855982,-1.024719872549609,1,0.7689299384979386,0.7689299384979386,0.0,0.0,0.0,0.0,38.83317298191613,-11.172309091450089,True,False,False,True,True,0.0
2025-06-03 00:00:00+00:00,3.41,3.41,3.41,3.41,0,3.5542943084222975,3.532650693340493,3.9862772810894325,4.374334070084076,3.4604390277282495,3.444843408403252,3.4219574838597984,3.435093138939782,3.806017367470339,4.512568402233524,3.9885429152855982,"rgba(239, 83, 80, 1.0)",0.5364779664232712,3.9885429152855982,-1.0784094622613791,1,0.7673752033568708,0.7673752033568708,0.0,0.0,0.0,0.0,38.83317298262131,-11.171478738058262,True,False,False,True,True,0.0
2025-06-04 00:00:00+00:00,3.41,3.41,3.41,3.41,0,3.5542943084222975,3.532650693340493,3.9862772810894325,4.374334070084076,3.4604390277282495,3.444843408403252,3.4219574838597984,3.435093138939782,3.806017367470339,4.512568402233524,3.9885429152855982,"rgba(239, 83, 80, 1.0)",0.5035946491175325,3.9885429152855982,-1.1488265737124097,1,0.7660228488953564,0.7660228488953564,0.0,0.0,0.0,0.0,38.83317298309144,-11.17077288935382,True,False,False,True,True,0.0
2025-06-05 00:00:00+00:00,3.41,3.41,3.41,3.41,0,3.5542943084222975,3.532650693340493,3.9862772810894325,4.374334070084076,3.4604390277282495,3.444843408403252,3.4219574838597984,3.435093138939782,3.806017367470339,4.512568402233524,3.9885429152855982,"rgba(239, 83, 80, 1.0)",0.4747355643147205,3.9885429152855982,-1.218663522967198,1,0.76541684449594,0.76541684449594,0.0,0.0,0.0,0.0,38.83317298340485,-11.170173109113662,True,False,False,True,True,0.0
2025-06-06 00:00:00+00:00,3.41,3.41,3.41,3.41,0,3.5542943084222975,3.532650693340493,3.9862772810894325,4.374334070084076,3.4604390277282495,3.444843408403252,3.4219574838597984,3.435093138939782,3.806017367470339,4.512568402233524,3.9885429152855982,"rgba(239, 83, 80, 1.0)",0.4510591615657789,3.9885429152855982,-1.2826320017030137,1,0.7645704339607763,0.7645704339607763,0.0,0.0,0.0,0.0,38.83317298361379,-11.169663648069708,True,False,False,True,True,0.0
2025-06-09 00:00:00+00:00,3.41,3.41,3.41,3.41,0,3.5542943084222975,3.532650693340493,3.9862772810894325,4.374334070084076,3.4604390277282495,3.444843408403252,3.4219574838597984,3.435093138939782,3.806017367470339,4.512568402233524,3.9885429152855982,"rgba(239, 83, 80, 1.0)",0.4188347503888908,3.9885429152855982,-1.3813154585392382,1,0.7631212567006966,0.7631212567006966,0.0,0.0,0.0,0.0,38.83317298375309,-11.16923106037094,True,False,False,True,True,0.0
2025-06-10 00:00:00+00:00,3.41,3.41,3.41,3.41,0,3.5542943084222975,3.532650693340493,3.9862772810894325,4.374334070084076,3.4604390277282495,3.444843408403252,3.4219574838597984,3.435093138939782,3.806017367470339,4.512568402233524,3.9885429152855982,"rgba(255, 0, 0, 1.0)",0.3811566465567741,3.9885429152855982,-1.51786127963906,1,0.7622361948647621,0.7622361948647621,0.0,0.0,0.0,0.0,38.83317298384595,-11.168863873254963,True,False,False,True,True,0.0
2025-06-11 00:00:00+00:00,3.41,3.41,3.41,3.41,0,3.5542943084222975,3.532650693340493,3.9862772810894325,4.374334070084076,3.4604390277282495,3.444843408403252,3.4219574838597984,3.435093138939782,3.806017367470339,4.512568402233524,3.9885429152855982,"rgba(255, 0, 0, 1.0)",0.34492407990874197,3.9885429152855982,-1.6773050911338683,1,0.7609303753046458,0.7609303753046458,0.0,0.0,0.0,0.0,38.83317298390786,-11.168552302846024,True,False,False,True,True,0.0
2025-06-12 00:00:00+00:00,3.41,3.41,3.41,3.41,0,3.5542943084222975,3.532650693340493,3.9862772810894325,4.374334070084076,3.4604390277282495,3.444843408403252,3.4219574838597984,3.435093138939782,3.806017367470339,4.512568402233524,3.9885429152855982,"rgba(255, 0, 0, 1.0)",0.3141664922693957,3.9885429152855982,-1.8415169329691001,1,0.7595228668370326,0.7595228668370326,0.0,0.0,0.0,0.0,38.83317298394913,-11.16828800987959,True,False,False,True,True,0.0
2025-06-13 00:00:00+00:00,3.41,3.41,3.41,3.41,0,3.5542943084222975,3.532650693340493,3.9862772810894325,4.374334070084076,3.4604390277282495,3.444843408403252,3.4219574838597984,3.435093138939782,3.806017367470339,4.512568402233524,3.9885429152855982,"rgba(255, 26, 202, 1.0)",0.2841766948112835,3.9885429152855982,-2.0358563029589662,1,0.7598950167655965,0.7598950167655965,0.0,0.0,0.0,0.0,38.833172983976645,-11.168063889938878,True,False,False,True,True,0.0
2025-06-16 00:00:00+00:00,3.41,3.41,3.41,3.41,0,3.5542943084222975,3.532650693340493,3.9862772810894325,4.374334070084076,3.4604390277282495,3.444843408403252,3.4219574838597984,3.435093138939782,3.806017367470339,4.512568402233524,3.9885429152855982,"rgba(255, 26, 202, 1.0)",0.2508302774947628,3.9885429152855982,-2.306511482839937,1,0.7603913842079871,0.7603913842079871,0.0,0.0,0.0,0.0,38.83317298399499,-11.167873893484682,True,False,False,True,True,0.0
2025-06-17 00:00:00+00:00,3.41,3.41,3.41,3.41,0,3.5542943084222975,3.532650693340493,3.9862772810894325,4.374334070084076,3.4604390277282495,3.444843408403252,3.4219574838597984,3.435093138939782,3.806017367470339,4.512568402233524,3.9885429152855982,"rgba(255, 26, 202, 1.0)",0.21948515761756204,3.9885429152855982,-2.63590905902471,1,0.7625514269180431,0.7625514269180431,0.0,0.0,0.0,0.0,38.83317298400722,-11.167712871574146,True,False,False,True,True,0.0
2025-06-18 00:00:00+00:00,3.41,3.41,3.41,3.41,0,3.5542943084222975,3.532650693340493,3.9862772810894325,4.374334070084076,3.4604390277282495,3.444843408403252,3.4219574838597984,3.435093138939782,3.806017367470339,4.512568402233524,3.9885429152855982,"rgba(255, 26, 202, 1.0)",0.09710960279471176,3.9885429152855982,-5.957628273988815,1,0.7682360517314235,0.7682360517314235,0.0,0.0,0.0,0.0,38.83317298401537,-11.167576443704476,True,False,False,True,True,0.0
2025-06-20 00:00:00+00:00,3.41,3.41,3.41,3.41,0,3.5542943084222975,3.532650693340493,3.9862772810894325,4.374334070084076,3.4604390277282495,3.444843408403252,3.4219574838597984,3.435093138939782,3.806017367470339,4.512568402233524,3.9885429152855982,"rgba(255, 26, 202, 1.0)",0.09562726626880955,3.9885429152855982,-6.049978608185934,1,0.7727634301939338,0.7727634301939338,0.0,0.0,0.0,0.0,38.833172984020806,-11.167460884692332,True,False,False,True,True,0.0
2025-06-23 00:00:00+00:00,3.41,3.41,3.41,3.41,0,3.5542943084222975,3.532650693340493,3.9862772810894325,4.374334070084076,3.4604390277282495,3.444843408403252,3.4219574838597984,3.435093138939782,3.806017367470339,4.512568402233524,3.9885429152855982,"rgba(255, 26, 202, 1.0)",0.06779588602676383,3.9885429152855982,-8.533599148733101,1,0.7809089206010018,0.7809089206010018,0.0,0.0,0.0,0.0,38.83317298402443,-11.16736302791454,True,False,False,True,True,0.0
2025-06-24 00:00:00+00:00,3.41,3.41,3.41,3.41,0,3.5542943084222975,3.532650693340493,3.9862772810894325,4.374334070084076,3.4604390277282495,3.444843408403252,3.4219574838597984,3.435093138939782,3.806017367470339,4.512568402233524,3.9885429152855982,"rgba(255, 26, 202, 1.0)",0.06624838056828049,3.9885429152855982,-8.73293671970304,1,0.7908754396155618,0.7908754396155618,0.0,0.0,0.0,0.0,38.833172984026845,-11.167280182598631,True,False,False,True,True,0.0
2025-06-25 00:00:00+00:00,3.41,3.41,3.41,3.41,0,3.5542943084222975,3.532650693340493,3.9862772810894325,4.374334070084076,3.4604390277282495,3.444843408403252,3.4219574838597984,3.435093138939782,3.806017367470339,4.512568402233524,3.9885429152855982,"rgba(255, 26, 202, 1.0)",0.06495653432367796,3.9885429152855982,-8.90661611351866,1,0.8109648532031021,0.8109648532031021,0.0,0.0,0.0,0.0,38.83317298402846,-11.16721006316763,True,False,False,True,True,0.0
2025-06-26 00:00:00+00:00,3.41,3.41,3.41,3.41,0,3.5542943084222975,3.532650693340493,3.9862772810894325,4.374334070084076,3.4604390277282495,3.444843408403252,3.4219574838597984,3.435093138939782,3.806017367470339,4.512568402233524,3.9885429152855982,"rgba(255, 26, 202, 1.0)",0.062456327083687715,3.9885429152855982,-9.263159431555836,1,0.8354015859246521,0.8354015859246521,0.0,0.0,0.0,0.0,38.83317298402953,-11.167150728918564,True,False,False,True,True,0.0
2025-06-27 00:00:00+00:00,3.41,3.41,3.41,3.41,0,3.5542943084222975,3.532650693340493,3.9862772810894325,4.374334070084076,3.4604390277282495,3.444843408403252,3.4219574838597984,3.435093138939782,3.806017367470339,4.512568402233524,3.9885429152855982,"rgba(255, 26, 202, 1.0)",0.054195841069042926,3.9885429152855982,-10.675042657767078,1,0.8509784433017822,0.8509784433017822,0.0,0.0,0.0,0.0,38.83317298403025,-11.167100532552688,True,False,False,True,True,0.0
2025-06-30 00:00:00+00:00,3.41,3.41,3.41,3.41,0,3.5542943084222975,3.532650693340493,3.9862772810894325,4.374334070084076,3.4604390277282495,3.444843408403252,3.4219574838597984,3.435093138939782,3.806017367470339,4.512568402233524,3.9885429152855982,"rgba(255, 26, 202, 1.0)",0.04710081195136915,3.9885429152855982,-12.283077325353426,1,0.8733769603481727,0.8733769603481727,0.0,0.0,0.0,0.0,38.833172984030725,-11.16705807628248,True,False,False,True,True,0.0
2025-07-01 00:00:00+00:00,3.41,3.41,3.41,3.41,0,3.5542943084222975,3.532650693340493,3.9862772810894325,4.374334070084076,3.4604390277282495,3.444843408403252,3.4219574838597984,3.435093138939782,3.806017367470339,4.512568402233524,3.9885429152855982,"rgba(255, 26, 202, 1.0)",0.02655811238256699,3.9885429152855982,-21.784037470425023,1,0.9129086617320905,0.9129086617320905,0.0,0.0,0.0,0.0,38.833172984031044,-11.1670221744195,True,False,False,True,True,0.0
2025-07-02 00:00:00+00:00,3.41,3.41,3.41,3.41,0,3.5542943084222975,3.532650693340493,3.9862772810894325,4.374334070084076,3.4604390277282495,3.444843408403252,3.4219574838597984,3.435093138939782,3.806017367470339,4.512568402233524,3.9885429152855982,"rgba(255, 26, 202, 1.0)",0.0,3.9885429152855982,-inf,1,0.9710793792999987,0.9710793792999987,0.0,0.0,0.0,0.0,38.83317298403126,-11.166991821502172,True,False,False,True,True,0.0
2025-07-03 00:00:00+00:00,3.41,3.41,3.41,3.41,0,3.5542943084222975,3.532650693340493,3.9862772810894325,4.374334070084076,3.4604390277282495,3.444843408403252,3.4219574838597984,3.435093138939782,3.806017367470339,4.512568402233524,3.9885429152855982,"rgba(255, 26, 202, 1.0)",0.0,3.9885429152855982,-inf,1,1.0309791784752935,1.0309791784752935,0.0,0.0,0.0,0.0,38.8331729840314,-11.166966165155891,True,False,False,True,True,0.0
2025-07-07 00:00:00+00:00,3.41,3.41,3.41,3.41,0,3.5542943084222975,3.532650693340493,3.9862772810894325,4.374334070084076,3.4604390277282495,3.444843408403252,3.4219574838597984,3.435093138939782,3.806017367470339,4.512568402233524,3.9885429152855982,"rgba(255, 26, 202, 1.0)",0.0,3.9885429152855982,-inf,1,1.091297393327743,1.091297393327743,0.0,0.0,0.0,0.0,38.83317298403149,-11.166944482993564,True,False,False,True,True,0.0
2025-07-08 00:00:00+00:00,3.41,3.41,3.41,3.41,0,3.5542943084222975,3.532650693340493,3.9862772810894325,4.374334070084076,3.4604390277282495,3.444843408403252,3.4219574838597984,3.435093138939782,3.806017367470339,4.512568402233524,3.9885429152855982,"rgba(255, 26, 202, 1.0)",0.0,3.9885429152855982,-inf,1,1.1488333064680258,1.1488333064680258,0.0,0.0,0.0,0.0,38.833172984031556,-11.166926162963478,True,False,False,True,True,0.0
2025-07-09 00:00:00+00:00,3.41,3.41,3.41,3.41,0,3.5542943084222975,3.532650693340493,3.9862772810894325,4.374334070084076,3.4604390277282495,3.444843408403252,3.4219574838597984,3.435093138939782,3.806017367470339,4.512568402233524,3.9885429152855982,"rgba(255, 26, 202, 1.0)",0.0,3.9885429152855982,-inf,1,1.201996543278105,1.201996543278105,0.0,0.0,0.0,0.0,38.8331729840316,-11.166910686637173,True,False,False,True,True,0.0
2025-07-10 00:00:00+00:00,3.41,3.41,3.41,3.41,0,3.5542943084222975,3.532650693340493,3.9862772810894325,4.374334070084076,3.4604390277282495,3.444843408403252,3.4219574838597984,3.435093138939782,3.806017367470339,4.512568402233524,3.9885429152855982,"rgba(255, 26, 202, 1.0)",0.0,3.9885429152855982,-inf,1,1.267683019495717,1.267683019495717,0.0,0.0,0.0,0.0,38.83317298403163,-11.166897615003109,True,False,False,True,True,0.0
2025-07-11 00:00:00+00:00,3.41,3.41,3.41,3.41,0,3.5542943084222975,3.532650693340493,3.9862772810894325,4.374334070084076,3.4604390277282495,3.444843408403252,3.4219574838597984,3.435093138939782,3.806017367470339,4.512568402233524,3.9885429152855982,"rgba(255, 26, 202, 1.0)",0.0,3.9885429152855982,-inf,1,1.3532386456897099,1.3532386456897099,0.0,0.0,0.0,0.0,38.83317298403165,-11.166886576395157,True,False,False,True,True,0.0
2025-07-14 00:00:00+00:00,3.41,3.41,3.41,3.41,0,3.5542943084222975,3.532650693340493,3.9862772810894325,4.374334070084076,3.4604390277282495,3.444843408403252,3.4219574838597984,3.435093138939782,3.806017367470339,4.512568402233524,3.9885429152855982,"rgba(255, 26, 202, 1.0)",0.0,3.9885429152855982,-inf,1,1.4384435855156201,1.4384435855156201,0.0,0.0,0.0,0.0,38.83317298403166,-11.166877256238891,True,False,False,True,True,0.0
2025-07-15 00:00:00+00:00,3.41,3.41,3.41,3.41,0,3.5542943084222975,3.532650693340493,3.9862772810894325,4.374334070084076,3.4604390277282495,3.444843408403252,3.4219574838597984,3.435093138939782,3.806017367470339,4.512568402233524,3.9885429152855982,"rgba(255, 26, 202, 1.0)",0.0,3.9885429152855982,-inf,1,1.5169731397070356,1.5169731397070356,0.0,0.0,0.0,0.0,38.83317298403167,-11.166869388345084,True,False,False,True,True,0.0
2025-07-16 00:00:00+00:00,3.41,3.41,3.41,3.41,0,3.5542943084222975,3.532650693340493,3.9862772810894325,4.374334070084076,3.4604390277282495,3.444843408403252,3.4219574838597984,3.435093138939782,3.806017367470339,4.512568402233524,3.9885429152855982,"rgba(255, 26, 202, 1.0)",0.0,3.9885429152855982,-inf,1,1.6368776184116696,1.6368776184116696,0.0,0.0,0.0,0.0,38.83317298403167,-11.166862747519481,True,False,False,True,True,0.0
2025-07-17 00:00:00+00:00,3.41,3.41,3.41,3.41,0,3.5542943084222975,3.532650693340493,3.9862772810894325,4.374334070084076,3.4604390277282495,3.444843408403252,3.4219574838597984,3.435093138939782,3.806017367470339,4.512568402233524,3.9885429152855982,"rgba(255, 26, 202, 1.0)",0.0,3.9885429152855982,-inf,1,1.8021042765220998,1.8021042765220998,0.0,0.0,0.0,0.0,38.83317298403167,-11.166857143291942,True,False,False,True,True,0.0
2025-07-18 00:00:00+00:00,3.41,3.41,3.41,3.41,0,3.5542943084222975,3.532650693340493,3.9862772810894325,4.374334070084076,3.4604390277282495,3.444843408403252,3.4219574838597984,3.435093138939782,3.806017367470339,4.512568402233524,3.9885429152855982,"rgba(255, 26, 202, 1.0)",0.0,3.9885429152855982,-inf,1,1.9951093023663178,1.9951093023663178,0.0,0.0,0.0,0.0,38.83317298403167,-11.166852414597166,True,False,False,True,True,0.0
2025-07-21 00:00:00+00:00,3.41,3.41,3.41,3.41,0,3.5542943084222975,3.532650693340493,3.9862772810894325,4.374334070084076,3.4604390277282495,3.444843408403252,3.4219574838597984,3.435093138939782,3.806017367470339,4.512568402233524,3.9885429152855982,"rgba(255, 26, 202, 1.0)",0.0,3.9885429152855982,-inf,1,2.194310729967868,2.194310729967868,0.0,0.0,0.0,0.0,38.83317298403167,-11.166848425263879,True,False,False,True,True,0.0
2025-07-22 00:00:00+00:00,3.41,3.41,3.41,3.41,0,3.5542943084222975,3.532650693340493,3.9862772810894325,4.374334070084076,3.4604390277282495,3.444843408403252,3.4219574838597984,3.435093138939782,3.806017367470339,4.512568402233524,3.9885429152855982,"rgba(255, 26, 202, 1.0)",0.0,3.9885429152855982,-inf,1,2.429895255551893,2.429895255551893,0.0,0.0,0.0,0.0,38.83317298403167,-11.166845060190887,True,False,False,True,True,0.0
2025-07-23 00:00:00+00:00,3.41,3.41,3.41,3.41,0,3.5542943084222975,3.532650693340493,3.9862772810894325,4.374334070084076,3.4604390277282495,3.444843408403252,3.4219574838597984,3.435093138939782,3.806017367470339,4.512568402233524,3.9885429152855982,"rgba(255, 26, 202, 1.0)",0.0,3.9885429152855982,-inf,1,2.7571543100874063,2.7571543100874063,0.0,0.0,0.0,0.0,38.83317298403167,-11.16684222210624,True,False,False,True,True,0.0
2025-07-24 00:00:00+00:00,3.41,3.41,3.41,3.41,0,3.5542943084222975,3.532650693340493,3.9862772810894325,4.374334070084076,3.4604390277282495,3.444843408403252,3.4219574838597984,3.435093138939782,3.806017367470339,4.512568402233524,3.9885429152855982,"rgba(255, 26, 202, 1.0)",0.0,3.9885429152855982,-inf,1,3.1548312438457824,3.1548312438457824,0.0,0.0,0.0,0.0,38.83317298403167,-11.166839828821402,True,False,False,True,True,0.0
2025-07-25 00:00:00+00:00,3.41,3.41,3.41,3.41,0,3.5542943084222975,3.532650693340493,3.9862772810894325,4.374334070084076,3.4604390277282495,3.444843408403252,3.4219574838597984,3.435093138939782,3.806017367470339,4.512568402233524,3.9885429152855982,"rgba(255, 26, 202, 1.0)",0.0,3.9885429152855982,-inf,1,7.134617447029054,7.134617447029054,0.0,0.0,0.0,0.0,38.83317298403167,-11.166837810905463,True,False,False,True,True,0.0
2025-07-28 00:00:00+00:00,3.41,3.41,3.41,3.41,0,3.5542943084222975,3.532650693340493,3.9862772810894325,4.374334070084076,3.4604390277282495,3.444843408403252,3.4219574838597984,3.435093138939782,3.806017367470339,4.512568402233524,3.9885429152855982,"rgba(255, 26, 202, 1.0)",0.0,3.9885429152855982,-inf,0,,,0.0,0.0,0.0,0.0,38.83317298403168,-11.166836109715575,True,False,False,True,True,0.0
2025-07-29 00:00:00+00:00,3.41,3.41,3.41,3.41,0,3.5542943084222975,3.532650693340493,3.9862772810894325,4.374334070084076,3.4604390277282495,3.444843408403252,3.4219574838597984,3.435093138939782,3.806017367470339,4.512568402233524,3.9885429152855982,"rgba(255, 26, 202, 1.0)",0.0,3.9885429152855982,-inf,0,,,0.0,0.0,0.0,0.0,38.83317298403168,-11.166834675729618,True,False,False,True,True,0.0
2025-07-30 00:00:00+00:00,3.41,3.41,3.41,3.41,0,3.5542943084222975,3.532650693340493,3.9862772810894325,4.374334070084076,3.4604390277282495,3.444843408403252,3.4219574838597984,3.435093138939782,3.806017367470339,4.512568402233524,3.9885429152855982,"rgba(255, 26, 202, 1.0)",0.0,3.9885429152855982,-inf,0,,,0.0,0.0,0.0,0.0,38.83317298403168,-11.166833467134893,True,False,False,True,True,0.0
2025-07-31 00:00:00+00:00,3.41,3.41,3.41,3.41,0,3.5542943084222975,3.532650693340493,3.9862772810894325,4.374334070084076,3.4604390277282495,3.444843408403252,3.4219574838597984,3.435093138939782,3.806017367470339,4.512568402233524,3.9885429152855982,"rgba(255, 26, 202, 1.0)",0.0,3.9885429152855982,-inf,0,,,0.0,0.0,0.0,0.0,38.83317298403168,-11.166832448633933,True,False,False,True,True,0.0
2025-08-01 00:00:00+00:00,3.41,3.41,3.41,3.41,0,3.5542943084222975,3.532650693340493,3.9862772810894325,4.374334070084076,3.4604390277282495,3.444843408403252,3.4219574838597984,3.435093138939782,3.806017367470339,4.512568402233524,3.9885429152855982,"rgba(255, 26, 202, 1.0)",0.0,3.9885429152855982,-inf,0,,,0.0,0.0,0.0,0.0,38.83317298403168,-11.16683159043422,True,False,False,True,True,0.0
2025-08-04 00:00:00+00:00,3.41,3.41,3.41,3.41,0,3.5542943084222975,3.532650693340493,3.9862772810894325,4.374334070084076,3.4604390277282495,3.444843408403252,3.4219574838597984,3.435093138939782,3.806017367470339,4.512568402233524,3.9885429152855982,"rgba(255, 26, 202, 1.0)",0.0,3.9885429152855982,-inf,0,,,0.0,0.0,0.0,0.0,38.83317298403168,-11.1668308673937,True,False,False,True,True,0.0
2025-08-05 00:00:00+00:00,3.41,3.41,3.41,3.41,0,3.5542943084222975,3.532650693340493,3.9862772810894325,4.374334070084076,3.4604390277282495,3.444843408403252,3.4219574838597984,3.435093138939782,3.806017367470339,4.512568402233524,3.9885429152855982,"rgba(255, 26, 202, 1.0)",0.0,3.9885429152855982,-inf,0,,,0.0,0.0,0.0,0.0,38.83317298403168,-11.166830258298184,True,False,False,True,True,0.0
2025-08-06 00:00:00+00:00,3.41,3.41,3.41,3.41,0,3.5542943084222975,3.532650693340493,3.9862772810894325,4.374334070084076,3.4604390277282495,3.444843408403252,3.4219574838597984,3.435093138939782,3.806017367470339,4.512568402233524,3.9885429152855982,"rgba(255, 26, 202, 1.0)",0.0,3.9885429152855982,-inf,0,,,0.0,0.0,0.0,0.0,38.83317298403168,-11.166829745250475,True,False,False,True,True,0.0
2025-08-07 00:00:00+00:00,3.41,3.41,3.41,3.41,0,3.5542943084222975,3.532650693340493,3.9862772810894325,4.374334070084076,3.4604390277282495,3.444843408403252,3.4219574838597984,3.435093138939782,3.806017367470339,4.512568402233524,3.9885429152855982,"rgba(255, 26, 202, 1.0)",0.0,3.9885429152855982,-inf,0,,,0.0,0.0,0.0,0.0,38.83317298403168,-11.166829313153947,True,False,False,True,True,0.0
2025-08-08 00:00:00+00:00,3.41,3.41,3.41,3.41,0,3.5542943084222975,3.532650693340493,3.9862772810894325,4.374334070084076,3.4604390277282495,3.444843408403252,3.4219574838597984,3.435093138939782,3.806017367470339,4.512568402233524,3.9885429152855982,"rgba(255, 26, 202, 1.0)",0.0,3.9885429152855982,-inf,0,,,0.0,0.0,0.0,0.0,38.83317298403168,-11.166828949276201,True,False,False,True,True,0.0
2025-08-11 00:00:00+00:00,3.41,3.41,3.41,3.41,0,3.5542943084222975,3.532650693340493,3.9862772810894325,4.374334070084076,3.4604390277282495,3.444843408403252,3.4219574838597984,3.435093138939782,3.806017367470339,4.512568402233524,3.9885429152855982,"rgba(255, 26, 202, 1.0)",0.0,3.9885429152855982,-inf,0,,,0.0,0.0,0.0,0.0,38.83317298403168,-11.166828642880333,True,False,False,True,True,0.0
2025-08-12 00:00:00+00:00,3.41,3.41,3.41,3.41,0,3.5542943084222975,3.532650693340493,3.9862772810894325,4.374334070084076,3.4604390277282495,3.444843408403252,3.4219574838597984,3.435093138939782,3.806017367470339,4.512568402233524,3.9885429152855982,"rgba(255, 26, 202, 1.0)",0.0,3.9885429152855982,-inf,0,,,0.0,0.0,0.0,0.0,38.83317298403168,-11.166828384913416,True,False,False,True,True,0.0
2025-08-13 00:00:00+00:00,3.41,3.41,3.41,3.41,0,3.5542943084222975,3.532650693340493,3.9862772810894325,4.374334070084076,3.4604390277282495,3.444843408403252,3.4219574838597984,3.435093138939782,3.806017367470339,4.512568402233524,3.9885429152855982,"rgba(255, 26, 202, 1.0)",0.0,3.9885429152855982,-inf,0,,,0.0,0.0,0.0,0.0,38.83317298403168,-11.166828167743475,True,False,False,True,True,0.0
2025-08-14 00:00:00+00:00,3.41,3.41,3.41,3.41,0,3.5542943084222975,3.532650693340493,3.9862772810894325,4.374334070084076,3.4604390277282495,3.444843408403252,3.4219574838597984,3.435093138939782,3.806017367470339,4.512568402233524,3.9885429152855982,"rgba(255, 26, 202, 1.0)",0.0,3.9885429152855982,-inf,0,,,0.0,0.0,0.0,0.0,38.83317298403168,-11.166827984937257,True,False,False,True,True,0.0
2025-08-15 00:00:00+00:00,3.41,3.41,3.41,3.41,0,3.5542943084222975,3.532650693340493,3.9862772810894325,4.374334070084076,3.4604390277282495,3.444843408403252,3.4219574838597984,3.435093138939782,3.806017367470339,4.512568402233524,3.9885429152855982,"rgba(255, 26, 202, 1.0)",0.0,3.9885429152855982,-inf,0,,,0.0,0.0,0.0,0.0,38.83317298403168,-11.166827831072695,True,False,False,True,True,0.0
2025-08-18 00:00:00+00:00,3.41,3.41,3.41,3.41,0,3.5542943084222975,3.532650693340493,3.9862772810894325,4.374334070084076,3.4604390277282495,3.444843408403252,3.4219574838597984,3.435093138939782,3.806017367470339,4.512568402233524,3.9885429152855982,"rgba(255, 26, 202, 1.0)",0.0,3.9885429152855982,-inf,0,,,0.0,0.0,0.0,0.0,38.83317298403168,-11.166827701580516,True,False,False,True,True,0.0
2025-08-19 00:00:00+00:00,3.41,3.41,3.41,3.41,0,3.5542943084222975,3.532650693340493,3.9862772810894325,4.374334070084076,3.4604390277282495,3.444843408403252,3.4219574838597984,3.435093138939782,3.806017367470339,4.512568402233524,3.9885429152855982,"rgba(255, 26, 202, 1.0)",0.0,3.9885429152855982,-inf,0,,,0.0,0.0,0.0,0.0,38.83317298403168,-11.166827592610609,True,False,False,True,True,0.0
2025-08-20 00:00:00+00:00,3.41,3.41,3.41,3.41,0,3.5542943084222975,3.532650693340493,3.9862772810894325,4.374334070084076,3.4604390277282495,3.444843408403252,3.4219574838597984,3.435093138939782,3.806017367470339,4.512568402233524,3.9885429152855982,"rgba(255, 26, 202, 1.0)",0.0,3.9885429152855982,-inf,0,,,0.0,0.0,0.0,0.0,38.83317298403168,-11.166827500919219,True,False,False,True,True,0.0
2025-08-21 00:00:00+00:00,3.41,3.41,3.41,3.41,0,3.5542943084222975,3.532650693340493,3.9862772810894325,4.374334070084076,3.4604390277282495,3.444843408403252,3.4219574838597984,3.435093138939782,3.806017367470339,4.512568402233524,3.9885429152855982,"rgba(255, 26, 202, 1.0)",0.0,3.9885429152855982,-inf,0,,,0.0,0.0,0.0,0.0,38.83317298403168,-11.166827423773789,True,False,False,True,True,0.0
2025-08-22 00:00:00+00:00,3.41,3.41,3.41,3.41,0,3.5542943084222975,3.532650693340493,3.9862772810894325,4.374334070084076,3.4604390277282495,3.444843408403252,3.4219574838597984,3.435093138939782,3.806017367470339,4.512568402233524,3.9885429152855982,"rgba(255, 26, 202, 1.0)",0.0,3.9885429152855982,-inf,0,,,0.0,0.0,0.0,0.0,38.83317298403168,-11.166827358872638,True,False,False,True,True,0.0
2025-08-25 00:00:00+00:00,3.41,3.41,3.41,3.41,0,3.5542943084222975,3.532650693340493,3.9862772810894325,4.374334070084076,3.4604390277282495,3.444843408403252,3.4219574838597984,3.435093138939782,3.806017367470339,4.512568402233524,3.9885429152855982,"rgba(255, 26, 202, 1.0)",0.0,3.9885429152855982,-inf,0,,,0.0,0.0,0.0,0.0,38.83317298403168,-11.166827304277277,True,False,False,True,True,0.0
2025-08-26 00:00:00+00:00,3.41,3.41,3.41,3.41,0,3.5542943084222975,3.532650693340493,3.9862772810894325,4.374334070084076,3.4604390277282495,3.444843408403252,3.4219574838597984,3.435093138939782,3.806017367470339,4.512568402233524,3.9885429152855982,"rgba(255, 26, 202, 1.0)",0.0,3.9885429152855982,-inf,0,,,0.0,0.0,0.0,0.0,38.83317298403168,-11.166827258355255,True,False,False,True,True,0.0
2025-08-27 00:00:00+00:00,3.41,3.41,3.41,3.41,0,3.5542943084222975,3.532650693340493,3.9862772810894325,4.374334070084076,3.4604390277282495,3.444843408403252,3.4219574838597984,3.435093138939782,3.806017367470339,4.512568402233524,3.9885429152855982,"rgba(255, 26, 202, 1.0)",0.0,3.9885429152855982,-inf,0,,,0.0,0.0,0.0,0.0,38.83317298403168,-11.166827219731985,True,False,False,True,True,0.0
2025-08-28 00:00:00+00:00,3.41,3.41,3.41,3.41,0,3.5542943084222975,3.532650693340493,3.9862772810894325,4.374334070084076,3.4604390277282495,3.444843408403252,3.4219574838597984,3.435093138939782,3.806017367470339,4.512568402233524,3.9885429152855982,"rgba(255, 26, 202, 1.0)",0.0,3.9885429152855982,-inf,0,,,0.0,0.0,0.0,0.0,38.83317298403168,-11.16682718725017,True,False,False,True,True,0.0
2025-08-29 00:00:00+00:00,3.41,3.41,3.41,3.41,0,3.5542943084222975,3.532650693340493,3.9862772810894325,4.374334070084076,3.4604390277282495,3.444843408403252,3.4219574838597984,3.435093138939782,3.806017367470339,4.512568402233524,3.9885429152855982,"rgba(255, 26, 202, 1.0)",0.0,3.9885429152855982,-inf,0,,,0.0,0.0,0.0,0.0,38.83317298403168,-11.166827159935522,True,False,False,True,True,0.0
2025-09-02 00:00:00+00:00,3.41,3.41,3.41,3.41,0,3.5542943084222975,3.532650693340493,3.9862772810894325,4.374334070084076,3.4604390277282495,3.444843408403252,3.4219574838597984,3.435093138939782,3.806017367470339,4.512568402233524,3.9885429152855982,"rgba(255, 26, 202, 1.0)",0.0,3.9885429152855982,-inf,0,,,0.0,0.0,0.0,0.0,38.83317298403168,-11.166827136967932,True,False,False,True,True,0.0
2025-09-03 00:00:00+00:00,3.41,3.41,3.41,3.41,0,3.5542943084222975,3.532650693340493,3.9862772810894325,4.374334070084076,3.4604390277282495,3.444843408403252,3.4219574838597984,3.435093138939782,3.806017367470339,4.512568402233524,3.9885429152855982,"rgba(255, 26, 202, 1.0)",0.0,3.9885429152855982,-inf,0,,,0.0,0.0,0.0,0.0,38.83317298403168,-11.166827117657114,True,False,False,True,True,0.0
2025-09-04 00:00:00+00:00,3.41,3.41,3.41,3.41,0,3.5542943084222975,3.532650693340493,3.9862772810894325,4.374334070084076,3.4604390277282495,3.444843408403252,3.4219574838597984,3.435093138939782,3.806017367470339,4.512568402233524,3.9885429152855982,"rgba(255, 26, 202, 1.0)",0.0,3.9885429152855982,-inf,0,,,0.0,0.0,0.0,0.0,38.83317298403168,-11.166827101422136,True,False,False,True,True,0.0
2025-09-05 00:00:00+00:00,3.41,3.41,3.41,3.41,0,3.5542943084222975,3.532650693340493,3.9862772810894325,4.374334070084076,3.4604390277282495,3.444843408403252,3.4219574838597984,3.435093138939782,3.806017367470339,4.512568402233524,3.9885429152855982,"rgba(255, 26, 202, 1.0)",0.0,3.9885429152855982,-inf,0,,,0.0,0.0,0.0,0.0,38.83317298403168,-11.16682708777413,True,False,False,True,True,0.0
2025-09-08 00:00:00+00:00,3.41,3.41,3.41,3.41,0,3.5542943084222975,3.532650693340493,3.9862772810894325,4.374334070084076,3.4604390277282495,3.444843408403252,3.4219574838597984,3.435093138939782,3.806017367470339,4.512568402233524,3.9885429152855982,"rgba(255, 26, 202, 1.0)",0.0,3.9885429152855982,-inf,0,,,0.0,0.0,0.0,0.0,38.83317298403168,-11.166827076301743,True,False,False,True,True,0.0
2025-09-09 00:00:00+00:00,3.41,3.41,3.41,3.41,0,3.5542943084222975,3.532650693340493,3.9862772810894325,4.374334070084076,3.4604390277282495,3.444843408403252,3.4219574838597984,3.435093138939782,3.806017367470339,4.512568402233524,3.9885429152855982,"rgba(255, 26, 202, 1.0)",0.0,3.9885429152855982,-inf,0,,,0.0,0.0,0.0,0.0,38.83317298403168,-11.166827066658875,True,False,False,True,True,0.0
2025-09-10 00:00:00+00:00,3.41,3.41,3.41,3.41,0,3.5542943084222975,3.532650693340493,3.9862772810894325,4.374334070084076,3.4604390277282495,3.444843408403252,3.4219574838597984,3.435093138939782,3.806017367470339,4.512568402233524,3.9885429152855982,"rgba(255, 26, 202, 1.0)",0.0,3.9885429152855982,-inf,0,,,0.0,0.0,0.0,0.0,38.83317298403168,-11.166827058554368,True,False,False,True,True,0.0
2025-09-11 00:00:00+00:00,3.41,3.41,3.41,3.41,0,3.5542943084222975,3.532650693340493,3.9862772810894325,4.374334070084076,3.4604390277282495,3.444843408403252,3.4219574838597984,3.435093138939782,3.806017367470339,4.512568402233524,3.9885429152855982,"rgba(255, 26, 202, 1.0)",0.0,3.9885429152855982,-inf,0,,,0.0,0.0,0.0,0.0,38.83317298403168,-11.166827051743297,True,False,False,True,True,0.0
2025-09-12 00:00:00+00:00,3.41,3.41,3.41,3.41,0,3.5542943084222975,3.532650693340493,3.9862772810894325,4.374334070084076,3.4604390277282495,3.444843408403252,3.4219574838597984,3.435093138939782,3.806017367470339,4.512568402233524,3.9885429152855982,"rgba(255, 26, 202, 1.0)",0.0,3.9885429152855982,-inf,0,,,0.0,0.0,0.0,0.0,38.83317298403168,-11.166827046019634,True,False,False,True,True,0.0
2025-09-15 00:00:00+00:00,3.41,3.41,3.41,3.41,0,3.5542943084222975,3.532650693340493,3.9862772810894325,4.374334070084076,3.4604390277282495,3.444843408403252,3.4219574838597984,3.435093138939782,3.806017367470339,4.512568402233524,3.9885429152855982,"rgba(255, 26, 202, 1.0)",0.0,3.9885429152855982,-inf,0,,,0.0,0.0,0.0,0.0,38.83317298403168,-11.166827041210112,True,False,False,True,True,0.0
2025-09-16 00:00:00+00:00,3.41,3.41,3.41,3.41,0,3.5542943084222975,3.532650693340493,3.9862772810894325,4.374334070084076,3.4604390277282495,3.444843408403252,3.4219574838597984,3.435093138939782,3.806017367470339,4.512568402233524,3.9885429152855982,"rgba(255, 26, 202, 1.0)",0.0,3.9885429152855982,-inf,0,,,0.0,0.0,0.0,0.0,38.83317298403168,-11.166827037169,True,False,False,True,True,0.0
2025-09-17 00:00:00+00:00,3.41,3.41,3.41,3.41,0,3.5542943084222975,3.532650693340493,3.9862772810894325,4.374334070084076,3.4604390277282495,3.444843408403252,3.4219574838597984,3.435093138939782,3.806017367470339,4.512568402233524,3.9885429152855982,"rgba(255, 26, 202, 1.0)",0.0,3.9885429152855982,-inf,0,,,0.0,0.0,0.0,0.0,38.83317298403168,-11.166827033773771,True,False,False,True,True,0.0
2025-09-18 00:00:00+00:00,3.41,3.41,3.41,3.41,0,3.5542943084222975,3.532650693340493,3.9862772810894325,4.374334070084076,3.4604390277282495,3.444843408403252,3.4219574838597984,3.435093138939782,3.806017367470339,4.512568402233524,3.9885429152855982,"rgba(255, 26, 202, 1.0)",0.0,3.9885429152855982,-inf,0,,,0.0,0.0,0.0,0.0,38.83317298403168,-11.166827030921375,True,False,False,True,True,0.0
2025-09-19 00:00:00+00:00,3.41,3.41,3.41,3.41,0,3.5542943084222975,3.532650693340493,3.9862772810894325,4.374334070084076,3.4604390277282495,3.444843408403252,3.4219574838597984,3.435093138939782,3.806017367470339,4.512568402233524,3.9885429152855982,"rgba(255, 26, 202, 1.0)",0.0,3.9885429152855982,-inf,0,,,0.0,0.0,0.0,0.0,38.83317298403168,-11.166827028525184,True,False,False,True,True,0.0
2025-09-22 00:00:00+00:00,3.41,3.41,3.41,3.41,0,3.5542943084222975,3.532650693340493,3.9862772810894325,4.374334070084076,3.4604390277282495,3.444843408403252,3.4219574838597984,3.435093138939782,3.806017367470339,4.512568402233524,3.9885429152855982,"rgba(255, 26, 202, 1.0)",0.0,3.9885429152855982,-inf,0,,,0.0,0.0,0.0,0.0,38.83317298403168,-11.166827026512358,True,False,False,True,True,0.0
2025-09-23 00:00:00+00:00,3.41,3.41,3.41,3.41,0,3.5542943084222975,3.532650693340493,3.9862772810894325,4.374334070084076,3.4604390277282495,3.444843408403252,3.4219574838597984,3.435093138939782,3.806017367470339,4.512568402233524,3.9885429152855982,"rgba(255, 26, 202, 1.0)",0.0,3.9885429152855982,-inf,0,,,0.0,0.0,0.0,0.0,38.83317298403168,-11.166827024821671,True,False,False,True,True,0.0
2025-09-24 00:00:00+00:00,3.41,3.41,3.41,3.41,0,3.5542943084222975,3.532650693340493,3.9862772810894325,4.374334070084076,3.4604390277282495,3.444843408403252,3.4219574838597984,3.435093138939782,3.806017367470339,4.512568402233524,3.9885429152855982,"rgba(255, 26, 202, 1.0)",0.0,3.9885429152855982,-inf,0,,,0.0,0.0,0.0,0.0,38.83317298403168,-11.166827023401659,True,False,False,True,True,0.0
2025-09-25 00:00:00+00:00,3.41,3.41,3.41,3.41,0,3.5542943084222975,3.532650693340493,3.9862772810894325,4.374334070084076,3.4604390277282495,3.444843408403252,3.4219574838597984,3.435093138939782,3.806017367470339,4.512568402233524,3.9885429152855982,"rgba(255, 26, 202, 1.0)",0.0,3.9885429152855982,-inf,0,,,0.0,0.0,0.0,0.0,38.83317298403168,-11.166827022209056,True,False,False,True,True,0.0
2025-09-26 00:00:00+00:00,3.41,3.41,3.41,3.41,0,3.5542943084222975,3.532650693340493,3.9862772810894325,4.374334070084076,3.4604390277282495,3.444843408403252,3.4219574838597984,3.435093138939782,3.806017367470339,4.512568402233524,3.9885429152855982,"rgba(255, 26, 202, 1.0)",0.0,3.9885429152855982,-inf,0,,,0.0,0.0,0.0,0.0,38.83317298403168,-11.16682702120751,True,False,False,True,True,0.0
2025-09-29 00:00:00+00:00,3.41,3.41,3.41,3.41,0,3.5542943084222975,3.532650693340493,3.9862772810894325,4.374334070084076,3.4604390277282495,3.444843408403252,3.4219574838597984,3.435093138939782,3.806017367470339,4.512568402233524,3.9885429152855982,"rgba(255, 26, 202, 1.0)",0.0,3.9885429152855982,-inf,0,,,0.0,0.0,0.0,0.0,38.83317298403168,-11.166827020366455,True,False,False,True,True,0.0
2025-09-30 00:00:00+00:00,3.41,3.41,3.41,3.41,0,3.5542943084222975,3.532650693340493,3.9862772810894325,4.374334070084076,3.4604390277282495,3.444843408403252,3.4219574838597984,3.435093138939782,3.806017367470339,4.512568402233524,3.9885429152855982,"rgba(255, 26, 202, 1.0)",0.0,3.9885429152855982,-inf,0,,,0.0,0.0,0.0,0.0,38.83317298403168,-11.166827019660218,True,False,False,True,True,0.0
2025-10-01 00:00:00+00:00,3.41,3.41,3.41,3.41,0,3.5542943084222975,3.532650693340493,3.9862772810894325,4.374334070084076,3.4604390277282495,3.444843408403252,3.4219574838597984,3.435093138939782,3.806017367470339,4.512568402233524,3.9885429152855982,"rgba(255, 26, 202, 1.0)",0.0,3.9885429152855982,-inf,0,,,0.0,0.0,0.0,0.0,38.83317298403168,-11.166827019067227,True,False,False,True,True,0.0
2025-10-02 00:00:00+00:00,3.41,3.41,3.41,3.41,0,3.5542943084222975,3.532650693340493,3.9862772810894325,4.374334070084076,3.4604390277282495,3.444843408403252,3.4219574838597984,3.435093138939782,3.806017367470339,4.512568402233524,3.9885429152855982,"rgba(255, 26, 202, 1.0)",0.0,3.9885429152855982,-inf,0,,,0.0,0.0,0.0,0.0,38.83317298403168,-11.166827018569343,True,False,False,True,True,0.0
2025-10-03 00:00:00+00:00,3.41,3.41,3.41,3.41,0,3.5542943084222975,3.532650693340493,3.9862772810894325,4.374334070084076,3.4604390277282495,3.444843408403252,3.4219574838597984,3.435093138939782,3.806017367470339,4.512568402233524,3.9885429152855982,"rgba(255, 26, 202, 1.0)",0.0,3.9885429152855982,-inf,0,,,0.0,0.0,0.0,0.0,38.83317298403168,-11.166827018151345,True,False,False,True,True,0.0
2025-10-06 00:00:00+00:00,3.41,3.41,3.41,3.41,0,3.5542943084222975,3.532650693340493,3.9862772810894325,4.374334070084076,3.4604390277282495,3.444843408403252,3.4219574838597984,3.435093138939782,3.806017367470339,4.512568402233524,3.9885429152855982,"rgba(255, 26, 202, 1.0)",0.0,3.9885429152855982,-inf,0,,,0.0,0.0,0.0,0.0,38.83317298403168,-11.166827017800422,True,False,False,True,True,0.0
2025-10-07 00:00:00+00:00,3.41,3.41,3.41,3.41,0,3.5542943084222975,3.532650693340493,3.9862772810894325,4.374334070084076,3.4604390277282495,3.444843408403252,3.4219574838597984,3.435093138939782,3.806017367470339,4.512568402233524,3.9885429152855982,"rgba(255, 26, 202, 1.0)",0.0,3.9885429152855982,-inf,0,,,0.0,0.0,0.0,0.0,38.83317298403168,-11.166827017505838,True,False,False,True,True,0.0
