date,Open,High,Low,Close,Volume,aVWAP_BoS_CHoCH_bull_132,aVWAP_BoS_CHoCH_bear_71,Peaks_Valleys_avg,color,StDev,StDev_Mean,StdDev_ZScore,MA_Cross_Count,MA_Avg_Deviation_Z,MA_Oscillation_Score,BoS,CHoCH,BoS_CHoCH_Price,BoS_CHoCH_Break_Index,QQEMOD,QQE1_Value,QQE1_Above_Upper,QQE1_Below_Lower,QQE2_Above_Threshold,QQE2_Below_Threshold,QQE2_Above_TL,banker_RSI
2023-12-07 17:00:00+00:00,2.33,2.365,2.33,2.355,1214.0,,,,"rgba(38, 166, 154, 1.0)",,,,0,,,0.0,0.0,0.0,0.0,,,False,False,False,False,False,
2023-12-08 17:00:00+00:00,2.33,2.365,2.3,2.355,2350.0,,,,"rgba(38, 166, 154, 1.0)",,,,0,,,0.0,0.0,0.0,0.0,,,False,False,False,False,False,
2023-12-11 17:00:00+00:00,2.355,2.365,2.33,2.35,1839.0,,,,"rgba(38, 166, 154, 1.0)",,,,0,,,0.0,0.0,0.0,0.0,0.0,,False,False,False,True,False,
2023-12-12 17:00:00+00:00,2.405,2.415,2.35,2.355,1286.0,,,,"rgba(239, 83, 80, 1.0)",,,,0,,,0.0,0.0,0.0,0.0,17.64705882352941,-76.47058823529412,False,False,False,True,True,
2023-12-13 17:00:00+00:00,2.295,2.335,2.295,2.31,1370.0,,,,"rgba(239, 83, 80, 1.0)",,,,0,,,0.0,0.0,0.0,0.0,14.539272356341332,-76.47058823529412,False,False,False,True,True,
2023-12-14 17:00:00+00:00,2.38,2.39,2.38,2.385,1027.0,,,,"rgba(38, 166, 154, 1.0)",,,,0,,,0.0,0.0,0.0,0.0,31.182627011013693,-60.50836605390951,False,False,False,True,True,
2023-12-15 17:00:00+00:00,2.375,2.4,2.375,2.395,1246.0,,,,"rgba(38, 166, 154, 1.0)",,,,0,,,0.0,0.0,0.0,0.0,43.27466465716744,-47.335347324483855,False,False,False,False,True,
2023-12-18 17:00:00+00:00,2.37,2.405,2.37,2.39,1544.0,,,,"rgba(38, 166, 154, 1.0)",,,,0,,,0.0,0.0,0.0,0.0,50.31991789646811,-38.67839103655318,False,False,True,False,True,
2023-12-19 17:00:00+00:00,2.4,2.43,2.39,2.41,4099.0,,,,"rgba(38, 166, 154, 1.0)",,,,0,,,0.0,0.0,0.0,0.0,57.02143538497507,-30.05560298845287,False,False,True,False,True,
2023-12-20 17:00:00+00:00,2.405,2.425,2.375,2.375,275.0,,,,"rgba(239, 83, 80, 1.0)",,,,0,,,0.0,0.0,0.0,0.0,55.62895996216996,-28.874631260461626,False,False,True,False,True,
2023-12-21 17:00:00+00:00,2.37,2.41,2.36,2.39,306.0,,,,"rgba(38, 166, 154, 1.0)",,,,0,,,0.0,0.0,0.0,0.0,56.38929600292833,-25.16317899836416,False,False,True,False,True,
2023-12-22 17:00:00+00:00,2.425,2.445,2.415,2.42,503.0,,,,"rgba(239, 83, 80, 1.0)",,,,0,,,0.0,0.0,0.0,0.0,59.62731851453822,-19.098145356206544,False,False,True,False,True,
2023-12-25 17:00:00+00:00,2.42,2.42,2.42,2.42,0.0,,,,"rgba(239, 83, 80, 1.0)",,,,0,,,0.0,0.0,0.0,0.0,61.7860001889448,-14.19702617086029,False,False,True,False,True,
2023-12-26 17:00:00+00:00,2.42,2.42,2.4,2.415,721.0,,,,"rgba(239, 83, 80, 1.0)",,,,0,,,0.0,0.0,0.0,0.0,62.3560323518563,-10.889516162846341,False,False,True,False,True,
2023-12-27 17:00:00+00:00,2.43,2.45,2.385,2.45,1424.0,,,,"rgba(38, 166, 154, 1.0)",,,,0,,,0.0,0.0,0.0,0.0,65.61980480753692,-5.27031319128011,False,False,True,False,True,
2023-12-28 17:00:00+00:00,2.4,2.43,2.39,2.43,3314.0,,,,"rgba(38, 166, 154, 1.0)",,,,0,,,0.0,0.0,0.0,0.0,64.61609069829433,-4.031318461327487,False,False,True,False,True,
2023-12-29 17:00:00+00:00,2.45,2.455,2.43,2.45,1305.0,,,,"rgba(38, 166, 154, 1.0)",,2.445,,0,,,0.0,0.0,0.0,0.0,65.56074777352794,-0.9998970701474335,False,False,True,False,True,
2024-01-01 17:00:00+00:00,2.45,2.45,2.45,2.45,0.0,,,,"rgba(38, 166, 154, 1.0)",,2.445,,0,,,0.0,0.0,0.0,0.0,66.19051915701701,1.564852130945468,False,False,True,False,True,
2024-01-02 17:00:00+00:00,2.395,2.43,2.395,2.42,365.0,,,,"rgba(239, 83, 80, 1.0)",,2.438443113772455,,0,,,0.0,0.0,0.0,0.0,62.174217371308416,1.564852130945468,False,False,True,False,True,
2024-01-03 17:00:00+00:00,2.41,2.41,2.4,2.4,326.0,,,,"rgba(239, 83, 80, 1.0)",,2.4327087508350034,,0,,,0.0,0.0,0.0,0.0,57.17029821199526,1.564852130945468,False,False,True,False,False,
2024-01-04 17:00:00+00:00,2.405,2.41,2.4,2.41,800.0,,,,"rgba(239, 83, 80, 1.0)",,2.425257510729614,,0,,,0.0,0.0,0.0,0.0,55.02508499161412,1.564852130945468,False,False,True,False,False,
2024-01-05 17:00:00+00:00,2.405,2.41,2.385,2.41,2534.0,,,,"rgba(239, 83, 80, 1.0)",,2.414041901188243,,0,,,0.0,0.0,0.0,0.0,53.594942844693364,1.564852130945468,False,False,True,False,False,
2024-01-08 17:00:00+00:00,2.385,2.41,2.385,2.405,3230.0,,,,"rgba(239, 83, 80, 1.0)",,2.4087433800623055,,0,,,0.0,0.0,0.0,0.0,51.947677297901876,1.564852130945468,False,False,False,False,False,
2024-01-09 17:00:00+00:00,2.365,2.385,2.365,2.37,8779.0,,,,"rgba(239, 83, 80, 1.0)",,2.39081473364477,,0,,,0.0,0.0,0.0,0.0,46.889230381286666,6.187106550544982,False,False,False,True,False,
2024-01-10 17:00:00+00:00,2.37,2.5,2.32,2.5,1653.0,,,,"rgba(38, 166, 154, 1.0)",,2.395095654310587,,0,,,0.0,0.0,0.0,0.0,54.16118695875133,6.187106550544982,False,False,True,False,True,
2024-01-11 17:00:00+00:00,2.44,2.51,2.44,2.505,608.0,,,2.485,"rgba(38, 166, 154, 1.0)",,2.4414422619047618,,0,,,0.0,0.0,0.0,0.0,59.232244098661965,-0.3558231814670023,False,False,True,False,True,
2024-01-12 17:00:00+00:00,2.42,2.42,2.34,2.385,256.0,,,2.4543827160493827,"rgba(38, 166, 154, 1.0)",,2.4260290729051643,,0,,,0.0,0.0,0.0,0.0,54.148138990926874,-0.3558231814670023,False,False,True,False,False,
2024-01-15 17:00:00+00:00,2.385,2.385,2.385,2.385,0.0,,,2.4543827160493827,"rgba(38, 166, 154, 1.0)",,2.4260290729051643,,0,,,0.0,0.0,0.0,0.0,50.75873558577015,-0.3558231814670023,False,False,False,False,False,
2024-01-16 17:00:00+00:00,2.36,2.39,2.24,2.25,10034.0,,,2.306101425337983,"rgba(239, 83, 80, 1.0)",,2.3343747340808347,,0,,,0.0,0.0,0.0,0.0,43.476325966035986,3.8151108657159867,False,False,False,True,False,
2024-01-17 17:00:00+00:00,2.16,2.165,2.13,2.13,7400.0,,,2.2396014136335483,"rgba(239, 83, 80, 1.0)",,2.279198445263185,,0,,,0.0,0.0,0.0,0.0,36.16209774751019,-2.926830537929675,False,False,False,True,False,
2024-01-18 17:00:00+00:00,2.1,2.1,1.985,2.01,2302.0,,,2.2163652103559874,"rgba(239, 83, 80, 1.0)",,2.2592330699183454,,0,,,0.0,0.0,0.0,0.0,29.684909720589463,-8.826479069217442,False,False,False,True,False,
2024-01-19 17:00:00+00:00,1.995,2.01,1.975,1.99,8784.0,,,2.070430449677829,"rgba(239, 83, 80, 1.0)",,2.128864635819617,,0,,,0.0,0.0,0.0,0.0,25.142911698916954,-13.004196459925332,False,False,False,True,False,
2024-01-22 17:00:00+00:00,2.095,2.095,2.0,2.0,1267.0,,,2.070522512440152,"rgba(239, 83, 80, 1.0)",,2.127104860952532,,0,,,0.0,0.0,0.0,0.0,22.732774109117695,-15.414296360573616,False,False,False,True,False,
2024-01-23 17:00:00+00:00,2.18,2.295,2.18,2.27,911.0,,,2.082479048178305,"rgba(38, 166, 154, 1.0)",,2.135124322088232,,0,,,0.0,0.0,0.0,0.0,32.11103645243086,-15.414296360573616,False,False,False,True,True,
2024-01-24 17:00:00+00:00,2.32,2.37,2.31,2.31,132.0,,,2.0847178238288313,"rgba(38, 166, 154, 1.0)",,2.1366946071269495,,0,,,0.0,0.0,0.0,0.0,39.3903118831608,-23.45840108768948,False,False,False,True,True,
2024-01-25 17:00:00+00:00,2.34,2.35,2.33,2.335,501.0,,,2.0930464172535648,"rgba(38, 166, 154, 1.0)",,2.142565705180676,,0,,,0.0,0.0,0.0,0.0,44.89146382963936,-18.333927987499003,False,False,False,True,True,
2024-01-26 17:00:00+00:00,2.385,2.395,2.335,2.335,445.0,,,2.100349635033277,"rgba(38, 166, 154, 1.0)",,2.147760291068909,,0,,,0.0,0.0,0.0,0.0,48.55889846062507,-14.745295608550705,False,False,False,False,True,
2024-01-29 17:00:00+00:00,2.37,2.37,2.325,2.355,1060.0,,,2.11569910035412,"rgba(38, 166, 154, 1.0)",,2.1587135765394616,,0,,,0.0,0.0,0.0,0.0,51.60675694736544,-11.520488649021289,False,False,True,False,True,
2024-01-30 17:00:00+00:00,2.415,2.415,2.365,2.37,2350.0,,,2.146701972568963,"rgba(38, 166, 154, 1.0)",,2.231849223993867,,0,,,0.0,0.0,0.0,0.0,54.11018562303753,-8.629065994475944,False,False,True,False,True,
2024-01-31 17:00:00+00:00,2.335,2.345,2.295,2.335,2217.0,,,2.1639951673602855,"rgba(38, 166, 154, 1.0)",,2.2341360950370777,,0,,,0.0,0.0,0.0,0.0,54.18881482234067,-7.8004135039237,False,False,True,False,True,
2024-02-01 17:00:00+00:00,2.245,2.335,2.245,2.325,1628.0,,,2.173032264934288,"rgba(38, 166, 154, 1.0)",,2.235482331303007,,0,,,0.0,0.0,0.0,0.0,53.78319453020762,-7.287011785820042,False,False,True,False,True,
2024-02-02 17:00:00+00:00,2.26,2.275,2.255,2.265,1421.0,,,2.1780259370722663,"rgba(38, 166, 154, 1.0)",,2.234493986494031,,0,,,0.0,0.0,0.0,0.0,50.93853605572352,-7.287011785820042,False,False,False,False,True,
2024-02-05 17:00:00+00:00,2.24,2.275,2.2,2.205,684.0,,,2.179299152944667,"rgba(38, 166, 154, 1.0)",,2.2329875231501783,,0,,,0.0,0.0,0.0,0.0,46.91684844805087,-7.287011785820042,True,False,False,True,False,
2024-02-06 17:00:00+00:00,2.205,2.26,2.205,2.255,743.0,,,2.1809425122935346,"rgba(38, 166, 154, 1.0)",,2.2321509550292937,,0,,,0.0,0.0,0.0,0.0,46.61319979484193,-7.287011785820042,True,False,False,True,False,
2024-02-07 17:00:00+00:00,2.23,2.23,2.195,2.2,1925.0,,,2.191334789957817,"rgba(38, 166, 154, 1.0)",,2.224222035154628,,0,,,0.0,0.0,0.0,0.0,44.475819764998306,-7.287011785820042,True,False,False,True,False,
2024-02-08 17:00:00+00:00,2.255,2.26,2.235,2.26,1597.0,,,2.200196871214813,"rgba(38, 166, 154, 1.0)",,2.2284582934176482,,0,,,0.0,0.0,0.0,0.0,45.72368296376414,-7.287011785820042,True,False,False,True,False,
2024-02-09 17:00:00+00:00,2.28,2.315,2.265,2.305,1454.0,,,2.2098374661953795,"rgba(38, 166, 154, 1.0)",,2.2345592352923394,,0,,,0.0,0.0,0.0,0.0,48.30988565414292,-7.287011785820042,True,False,False,False,True,
2024-02-12 17:00:00+00:00,2.39,2.425,2.345,2.42,19952.0,,,2.299195435522442,"rgba(38, 166, 154, 1.0)",,2.3073628858439834,,0,,,0.0,0.0,0.0,0.0,53.54039738515584,-3.9411648114643185,True,False,True,False,True,
2024-02-13 17:00:00+00:00,2.385,2.385,2.285,2.32,10919.0,,,2.302356517680058,"rgba(38, 166, 154, 1.0)",,2.3091381438427674,,0,,,0.0,0.0,0.0,0.0,53.16291581776682,-3.9411648114643185,True,False,True,False,True,
2024-02-14 17:00:00+00:00,2.395,2.42,2.375,2.395,15533.0,,,2.3215232818769778,"rgba(38, 166, 154, 1.0)",,2.3260794132329385,,0,,,0.0,0.0,0.0,0.0,55.014466277130516,-1.8729399135968094,True,False,True,False,True,2.9225084951304083
2024-02-15 17:00:00+00:00,2.515,2.605,2.505,2.55,14697.0,,,2.4089349865762175,"rgba(38, 166, 154, 1.0)",,2.3946463596579535,,0,,,0.0,0.0,0.0,0.0,59.49109023793123,2.6197583169385865,True,False,True,False,True,9.734961916647052
2024-02-16 17:00:00+00:00,2.505,2.555,2.49,2.55,2679.0,,,2.4118844261652392,"rgba(38, 166, 154, 1.0)",,2.398056658992726,,0,,,0.0,0.0,0.0,0.0,62.475506211798375,5.590873502888918,True,False,True,False,True,9.734961916647052
2024-02-19 17:00:00+00:00,2.55,2.55,2.55,2.55,0.0,,,2.4118844261652392,"rgba(38, 166, 154, 1.0)",,2.398056658992726,,0,,,0.0,0.0,0.0,0.0,64.46511686104314,7.648395891298826,True,False,True,False,True,9.734961916647041
2024-02-20 17:00:00+00:00,2.55,2.575,2.545,2.56,2968.0,,,2.416881187732555,"rgba(38, 166, 154, 1.0)",,2.4031749349917955,,0,,,0.0,0.0,0.0,0.0,66.01436024106292,9.358847285172082,True,False,True,False,True,10.155078597111373
2024-02-21 17:00:00+00:00,2.485,2.56,2.46,2.555,10599.0,,,2.4261784884050943,"rgba(38, 166, 154, 1.0)",,2.4138606563787355,,0,,,0.0,0.0,0.0,0.0,66.77589203262843,10.413619544682916,True,False,True,False,True,9.87632541911016
2024-02-22 17:00:00+00:00,2.455,2.465,2.36,2.36,423.0,,,2.4256867445190897,"rgba(38, 166, 154, 1.0)",,2.4135310224508935,,0,,,0.0,0.0,0.0,0.0,59.52785181729007,16.172763527766605,True,False,True,False,False,0.09378204044313065
2024-02-23 17:00:00+00:00,2.24,2.28,2.225,2.28,3867.0,,,2.4144208134751697,"rgba(239, 83, 80, 1.0)",,2.4045297253312876,,0,,,0.0,0.0,0.0,0.0,52.65636379198167,9.903516938989839,True,False,False,False,False,0.0
2024-02-26 17:00:00+00:00,2.265,2.285,2.22,2.285,6487.0,,,2.399441883471306,"rgba(239, 83, 80, 1.0)",,2.392301917647048,,0,,,0.0,0.0,0.0,0.0,48.26805583030769,6.04958816698317,False,False,False,True,False,0.0
2024-02-27 17:00:00+00:00,2.295,2.38,2.295,2.37,5480.0,,,2.3947701175070972,"rgba(239, 83, 80, 1.0)",,2.3886900904500137,,0,,,0.0,0.0,0.0,0.0,48.433358477415155,6.04958816698317,False,False,False,True,False,0.6420482687639044
2024-02-28 17:00:00+00:00,2.415,2.415,2.37,2.375,2943.0,,,2.3938951349536604,"rgba(239, 83, 80, 1.0)",,2.3881450840862093,,0,,,0.0,0.0,0.0,0.0,48.71501793415059,6.04958816698317,False,False,False,False,False,0.8570882682571757
2024-02-29 17:00:00+00:00,2.26,2.305,2.245,2.245,2883.0,,,2.3893626542274276,"rgba(239, 83, 80, 1.0)",,2.384293585412141,,0,,,0.0,0.0,0.0,0.0,45.17418147600998,2.6363451816140895,False,False,False,True,False,0.0
2024-03-01 17:00:00+00:00,2.205,2.205,2.13,2.155,4118.0,,,2.3792096598450314,"rgba(239, 83, 80, 1.0)",,2.3754002719435854,,0,,,0.0,0.0,0.0,0.0,40.9060462072116,-1.5750841821204133,False,True,False,True,False,0.0
2024-03-04 17:00:00+00:00,2.22,2.295,2.22,2.29,3584.0,,,2.3748958490390693,"rgba(239, 83, 80, 1.0)",,2.3716586997807867,,0,,,0.0,0.0,0.0,0.0,42.6199094485928,-1.5750841821204133,False,True,False,True,False,0.0
2024-03-05 17:00:00+00:00,2.225,2.265,2.2,2.205,3512.0,,,2.3695321862748866,"rgba(239, 83, 80, 1.0)",,2.3669187190360237,,0,,,0.0,0.0,0.0,0.0,41.83913931808213,-1.5750841821204133,False,True,False,True,False,0.0
2024-03-06 17:00:00+00:00,2.2,2.255,2.2,2.23,4248.0,,,2.363785765432167,"rgba(239, 83, 80, 1.0)",,2.361802918272887,,0,,,0.0,0.0,0.0,0.0,42.11115942884524,-1.5750841821204133,False,True,False,True,False,0.0
2024-03-07 17:00:00+00:00,2.21,2.215,2.18,2.185,1501.0,,,2.361411954854728,"rgba(239, 83, 80, 1.0)",,2.359669465153195,,0,,,0.0,0.0,0.0,0.0,41.23177435359335,-2.518019113827833,False,True,False,True,False,0.0
2024-03-08 17:00:00+00:00,2.185,2.2,2.165,2.165,2075.0,,,2.3579487302400852,"rgba(239, 83, 80, 1.0)",,2.356542877543582,,0,,,0.0,0.0,0.0,0.0,40.17236763430836,-4.015969353960173,False,True,False,True,False,0.0
2024-03-11 17:00:00+00:00,2.15,2.15,2.11,2.115,2733.0,,,2.3524041768712047,"rgba(239, 83, 80, 1.0)",,2.3515044861227845,,0,,,0.0,0.0,0.0,0.0,38.30104572659498,-6.213293444713784,False,True,False,True,False,0.0
2024-03-12 17:00:00+00:00,2.085,2.095,2.08,2.09,1709.0,,,2.348560496386403,"rgba(239, 83, 80, 1.0)",,2.347995833966086,,0,,,0.0,0.0,0.0,0.0,36.4875862766249,-8.27347477998024,False,True,False,True,False,0.0
2024-03-13 17:00:00+00:00,2.05,2.065,2.02,2.025,1131.0,,,2.345601299483287,"rgba(239, 83, 80, 1.0)",,2.3452867525102623,,0,,,0.0,0.0,0.0,0.0,33.90239649128807,-10.96760515110887,False,True,False,True,False,0.0
2024-03-14 17:00:00+00:00,2.015,2.025,1.99,1.99,1083.0,,,2.3425151559223485,"rgba(239, 83, 80, 1.0)",,2.342455956761519,,0,,,0.0,0.0,0.0,0.0,31.501564488048068,-13.403275863235748,False,True,False,True,False,0.0
2024-03-15 17:00:00+00:00,1.975,1.985,1.96,1.96,1379.0,,,2.26430780807574,"rgba(239, 83, 80, 1.0)",,2.2856904270795395,,0,,,0.0,-1.0,1.96,197.0,29.332780317545094,-15.581284776324672,False,True,False,True,False,0.0
2024-03-18 17:00:00+00:00,2.01,2.02,2.0,2.005,802.0,,,2.265533355270248,"rgba(239, 83, 80, 1.0)",,2.2860989915010372,,0,,,0.0,0.0,0.0,0.0,30.318617808731855,-15.581284776324672,False,True,False,True,False,0.0
2024-03-19 17:00:00+00:00,2.02,2.035,2.0,2.02,4374.0,,,2.261568821586033,"rgba(239, 83, 80, 1.0)",,2.280876405129407,,0,,,0.0,0.0,0.0,0.0,31.7700686987803,-15.581284776324672,False,True,False,True,True,0.0
2024-03-20 17:00:00+00:00,1.98,2.0,1.965,1.995,3564.0,,,2.2528834698510964,"rgba(239, 83, 80, 1.0)",0.1531808975929679,2.272629443855478,-1.8124286266633223,0,,,0.0,0.0,0.0,0.0,32.02232365863928,-15.581284776324672,False,True,False,True,True,0.0
2024-03-21 17:00:00+00:00,2.01,2.065,2.01,2.05,2793.0,,,2.2501900271422235,"rgba(239, 83, 80, 1.0)",0.15592063123026143,2.269415847783649,-1.4072278059188903,0,,,0.0,0.0,0.0,0.0,35.178276701105354,-19.395924518792484,False,True,False,True,True,0.0
2024-03-22 17:00:00+00:00,2.05,2.085,2.05,2.085,4100.0,,,2.2477692156641633,"rgba(239, 83, 80, 1.0)",0.15781395135805695,2.266076058026048,-1.1474020925768007,0,,,0.0,0.0,0.0,0.0,38.97599563638957,-15.777345602182578,False,True,False,True,True,0.0
2024-03-25 17:00:00+00:00,2.16,2.205,2.15,2.16,2174.0,,,2.249507611173894,"rgba(239, 83, 80, 1.0)",0.15851739893704314,2.26683175468625,-0.6739433992900642,0,,,0.0,0.0,0.0,0.0,44.590892174172225,-10.648454680586852,False,False,False,True,True,0.0
2024-03-26 17:00:00+00:00,2.25,2.265,2.225,2.24,714.0,,,2.25072945968709,"rgba(38, 166, 154, 1.0)",0.15850563408294344,2.2676279835878477,-0.1743028489030881,0,,,0.0,0.0,0.0,0.0,50.86718221245705,-5.101263366299783,True,False,True,False,True,0.0
2024-03-27 17:00:00+00:00,2.315,2.365,2.31,2.355,6395.0,,,2.266518118762223,"rgba(38, 166, 154, 1.0)",0.15864624367009308,2.2792181487335994,0.47767819466302597,0,,,0.0,0.0,0.0,0.0,57.70500727258557,0.824893827607589,True,False,True,False,True,2.731386061989163
2024-03-28 17:00:00+00:00,2.365,2.37,2.335,2.345,1039.0,,,2.2685238361081055,"rgba(38, 166, 154, 1.0)",0.1584105169863788,2.2807100876879636,0.40584371249520446,0,,,0.0,0.0,0.0,0.0,61.76755878636603,4.172927293427591,True,False,True,False,True,2.3593057263373716
2024-03-29 17:00:00+00:00,2.345,2.345,2.345,2.345,0.0,,,2.2685238361081055,"rgba(38, 166, 154, 1.0)",0.15809143209200432,2.2807100876879636,0.40666284985401285,0,,,0.0,0.0,0.0,0.0,64.47592646221968,6.456951910718715,True,False,True,False,True,2.3593057263373716
2024-04-01 17:00:00+00:00,2.395,2.41,2.395,2.405,401.0,,,2.269528480206378,"rgba(38, 166, 154, 1.0)",0.15822275892374446,2.281482622515357,0.7806549343775001,0,,,0.0,0.0,0.0,0.0,67.65304316298662,9.365536365988987,True,False,True,False,True,4.468528019970961
2024-04-02 17:00:00+00:00,2.405,2.405,2.395,2.405,1092.0,,,2.2721242323086,"rgba(38, 166, 154, 1.0)",0.15817475225917746,2.2834824181332207,0.7682489154000145,0,,,0.0,0.0,0.0,0.0,69.77112096349792,11.431446021211201,True,False,True,False,True,4.468528019970961
2024-04-03 17:00:00+00:00,2.415,2.445,2.4,2.43,1752.0,,,2.2764452208080335,"rgba(38, 166, 154, 1.0)",0.1586770475065796,2.28685977535179,0.9020852536487656,0,,,0.0,0.0,0.0,0.0,71.76562232297846,13.526696629450129,True,False,True,False,True,5.345983594486146
2024-04-04 17:00:00+00:00,2.45,2.46,2.435,2.455,2735.0,,,2.283215809042085,"rgba(38, 166, 154, 1.0)",0.1593744810979008,2.2922395975113994,1.0212450661321366,0,,,0.0,0.0,0.0,0.0,73.6635222777214,15.628843135665278,True,False,True,False,True,6.219123465430265
2024-04-05 17:00:00+00:00,2.455,2.47,2.45,2.47,1225.0,,,2.2861559618672995,"rgba(38, 166, 154, 1.0)",0.16000070382728052,2.294602016132798,1.0962325769300547,0,,,0.0,0.0,0.0,0.0,75.26922111029924,17.526077043609803,True,False,True,False,True,6.742977353490268
2024-04-08 17:00:00+00:00,2.5,2.515,2.475,2.485,702.0,,,2.321930905771642,"rgba(38, 166, 154, 1.0)",0.1608479221316022,2.3205329064638973,1.0225005791591093,0,,,0.0,0.0,0.0,0.0,76.68758708121771,19.29891462833868,True,False,True,False,True,7.269360007090555
2024-04-09 17:00:00+00:00,2.46,2.46,2.435,2.44,2799.0,,,2.3202678315240277,"rgba(38, 166, 154, 1.0)",0.16111891976520393,2.319731233539616,0.7464596127856967,0,,,0.0,0.0,0.0,0.0,73.90442939948213,19.29891462833868,True,False,True,False,True,5.371981045525743
2024-04-10 17:00:00+00:00,2.445,2.465,2.435,2.445,2739.0,,,2.323904494409142,"rgba(38, 166, 154, 1.0)",0.1610564223220269,2.3228940711284745,0.7581562232108862,0,,,0.0,0.0,0.0,0.0,72.23135469447821,19.29891462833868,True,False,True,False,False,5.553573283637775
2024-04-11 17:00:00+00:00,2.48,2.49,2.475,2.48,246.0,,,2.3245067656066514,"rgba(38, 166, 154, 1.0)",0.16171039624047728,2.323394386468732,0.9684325632248273,0,,,0.0,0.0,0.0,0.0,72.35823242927077,19.29891462833868,True,False,True,False,False,6.8236184161346465
2024-04-12 17:00:00+00:00,2.46,2.475,2.375,2.475,2548.0,,,2.327271370580157,"rgba(38, 166, 154, 1.0)",0.16205098741606738,2.325840607761328,0.9204472901834542,0,,,0.0,0.0,0.0,0.0,71.98569979152742,19.29891462833868,True,False,True,False,False,6.606064168731933
2024-04-15 17:00:00+00:00,2.395,2.405,2.27,2.395,3605.0,,,2.329351794775431,"rgba(38, 166, 154, 1.0)",0.1614840242565499,2.327747453644276,0.4164656328410535,0,,,0.0,0.0,0.0,0.0,65.7126940512672,21.71422411028182,True,False,True,False,False,3.2109801888687493
2024-04-16 17:00:00+00:00,2.36,2.38,2.36,2.375,24891.0,,,2.335931398006229,"rgba(38, 166, 154, 1.0)",0.16111053225535416,2.334007585784446,0.2544365886060295,0,,,0.0,0.0,0.0,0.0,60.35036084353961,16.69276569532684,True,False,True,False,False,2.3896366792898434
2024-04-17 17:00:00+00:00,2.395,2.405,2.38,2.39,33157.0,,,2.347550366521614,"rgba(38, 166, 154, 1.0)",0.1610292066843941,2.3447894522168973,0.2807599237057184,0,,,0.0,0.0,0.0,0.0,57.66886464029483,14.243882785709516,True,False,True,False,False,2.9685511941754577
2024-04-18 17:00:00+00:00,2.365,2.37,2.36,2.37,44745.0,,,2.35004374186273,"rgba(38, 166, 154, 1.0)",0.16071918882839586,2.3477065663687524,0.1387104663342408,0,,,0.0,0.0,0.0,0.0,54.59256974631931,11.361089163236542,False,False,True,False,False,2.1318655351776137
2024-04-19 17:00:00+00:00,2.36,2.375,2.36,2.375,41713.0,,,2.3526635676750316,"rgba(38, 166, 154, 1.0)",0.16043858806577815,2.3505241652876077,0.1525557847863726,0,,,0.0,0.0,0.0,0.0,52.89169075126517,9.683398104772749,False,False,False,False,False,2.3307986949342983
2024-04-22 17:00:00+00:00,2.35,2.355,2.285,2.35,24131.0,,,2.3500948745133345,"rgba(38, 166, 154, 1.0)",0.16006352905435156,2.3483349997661622,0.01040212123070518,0,,,0.0,0.0,0.0,0.0,50.06235295123493,6.880166070023051,False,False,False,False,False,1.268471013045552
2024-04-23 17:00:00+00:00,2.4,2.41,2.395,2.4,60196.0,,,2.3592539325034068,"rgba(38, 166, 154, 1.0)",0.16028760749701465,2.357255446393022,0.2666741008519579,0,,,0.0,0.0,0.0,0.0,51.65666073383266,6.880166070023051,False,False,False,False,False,3.2792067959500812
2024-04-24 17:00:00+00:00,2.395,2.41,2.385,2.395,105657.0,,,2.3678874112189403,"rgba(38, 166, 154, 1.0)",0.15894052375052123,2.3659533095749214,0.18275194858846258,0,,,0.0,0.0,0.0,0.0,52.341254713459946,6.880166070023051,False,False,True,False,False,3.061979073659586
2024-04-25 17:00:00+00:00,2.4,2.41,2.395,2.41,77697.0,,,2.3732768321405997,"rgba(38, 166, 154, 1.0)",0.15761953850623606,2.371406896099035,0.2448497455754089,5,0.6169761297209791,3.0848806486048956,0.0,0.0,0.0,0.0,53.80484238706969,6.880166070023051,False,False,True,False,True,3.667945750772411
2024-04-26 17:00:00+00:00,2.365,2.38,2.33,2.33,3004.0,,,2.3731120844604843,"rgba(239, 83, 80, 1.0)",0.15731809171860017,2.3712591526365245,-0.2622657838383014,5,0.6171245321099377,3.0856226605496886,0.0,0.0,0.0,0.0,49.458534267347844,5.646149989950665,False,False,False,False,False,0.21972811947144777
2024-04-29 17:00:00+00:00,2.345,2.36,2.345,2.355,36294.0,,,2.3717137858241637,"rgba(239, 83, 80, 1.0)",0.15711971106008157,2.370030005986721,-0.0956595826539793,6,0.5633011453205742,3.379806871923445,0.0,0.0,0.0,0.0,48.33865865099044,4.396122780215933,False,True,False,True,False,1.250540547508571
2024-04-30 17:00:00+00:00,2.355,2.36,2.345,2.35,6006.0,,,2.371483603226632,"rgba(239, 83, 80, 1.0)",0.157175319567294,2.3698257301418946,-0.12613767986268462,6,0.563341647032709,3.3800498821962535,0.0,0.0,0.0,0.0,47.28697558494915,3.1240124358482575,False,True,False,True,False,1.0366362930950963
2024-05-01 17:00:00+00:00,2.35,2.36,2.34,2.35,7386.0,,,2.3711860059789247,"rgba(239, 83, 80, 1.0)",0.1561188332331817,2.3695598010004155,-0.12528790150001048,6,0.5632583311427789,3.3795499868566736,0.0,0.0,0.0,0.0,46.58585354092162,2.1184476640586354,False,True,False,True,False,1.0366362930950963
2024-05-02 17:00:00+00:00,2.365,2.365,2.35,2.355,7523.0,,,2.3709790266627206,"rgba(239, 83, 80, 1.0)",0.15258691217062384,2.3693807819846033,-0.09424649716040294,6,0.5636391261344476,3.3818347568066853,0.0,0.0,0.0,0.0,46.56634551410811,1.6847433292332497,False,True,False,True,False,1.2520504760779474
2024-05-03 17:00:00+00:00,2.37,2.41,2.365,2.405,23403.0,,,2.3718109939339627,"rgba(239, 83, 80, 1.0)",0.14860225647893283,2.3702438078701458,0.2338873779805718,6,0.5634321689181174,3.3805930135087046,0.0,0.0,0.0,0.0,50.40624490896678,1.6847433292332497,False,False,False,False,True,3.380497591544785
2024-05-06 17:00:00+00:00,2.43,2.43,2.42,2.42,624.0,,,2.3718636792438206,"rgba(239, 83, 80, 1.0)",0.14472988198274275,2.370296223249001,0.34342442673259205,7,0.514725469580477,3.6030782870633393,0.0,0.0,0.0,0.0,53.916142764048274,-1.2111783475852391,False,False,True,False,True,4.00771663821703
2024-05-07 17:00:00+00:00,2.435,2.44,2.415,2.43,1624.0,,,2.3720138492592113,"rgba(239, 83, 80, 1.0)",0.1452676932518122,2.370445238307092,0.4099656321359343,7,0.5142544500370305,3.5997811502592136,0.0,0.0,0.0,0.0,56.887885018593536,1.6078393856475728,False,False,True,False,True,4.428154750105943
2024-05-08 17:00:00+00:00,2.445,2.47,2.445,2.45,5827.0,,,2.372803095305998,"rgba(239, 83, 80, 1.0)",0.14609968212531135,2.3712217428364712,0.539208956635237,7,0.512642513237691,3.5884975926638374,0.0,0.0,0.0,0.0,60.0885115194084,4.60186136805882,True,False,True,False,True,5.270924156011134
2024-05-09 17:00:00+00:00,2.45,2.49,2.45,2.49,1293.0,,,2.3730224033439162,"rgba(239, 83, 80, 1.0)",0.1474497013032387,2.3714367327518393,0.8040929632290594,7,0.5098891545365328,3.56922408175573,0.0,0.0,0.0,0.0,64.247487616373,8.432178969602617,True,False,True,False,True,6.929890806379163
2024-05-10 17:00:00+00:00,2.435,2.475,2.425,2.465,5579.0,,,2.3737602595724274,"rgba(239, 83, 80, 1.0)",0.14840215024789263,2.372163266178256,0.6255753954148806,7,0.508645878934706,3.5605211525429423,0.0,0.0,0.0,0.0,64.28519401701581,8.488385638982663,True,False,True,False,True,5.705331248586418
2024-05-13 17:00:00+00:00,2.445,2.465,2.44,2.455,5183.0,,,2.3744197137472383,"rgba(239, 83, 80, 1.0)",0.14916207401455714,2.372813250896421,0.5509895839579063,7,0.5077290427772184,3.554103299440529,0.0,0.0,0.0,0.0,63.271612993897264,8.488385638982663,True,False,True,False,True,5.215966958297614
2024-05-14 17:00:00+00:00,2.45,2.46,2.44,2.455,2772.0,,,2.3747604012466152,"rgba(239, 83, 80, 1.0)",0.14985302108375334,2.3731493381621664,0.5462062843036513,7,0.506713825438195,3.546996778067365,0.0,0.0,0.0,0.0,62.59589231181823,8.488385638982663,True,False,True,False,True,5.215966958297614
2024-05-15 17:00:00+00:00,2.485,2.495,2.465,2.475,1012.0,,,2.3749275024051486,"rgba(239, 83, 80, 1.0)",0.1508713430780082,2.3733133305954697,0.6739959181774713,7,0.5059262030555997,3.5414834213891977,0.0,0.0,0.0,0.0,63.55580036680521,8.488385638982663,True,False,True,False,True,6.086157504650792
2024-05-16 17:00:00+00:00,2.53,2.565,2.525,2.535,1078.0,,,2.3752147153471688,"rgba(38, 166, 154, 1.0)",0.1528075985092432,2.3735935709052796,1.0562722709431054,7,0.5022005545065024,3.5154038815455166,0.0,0.0,0.0,0.0,67.29437032787402,12.17998606975835,True,False,True,False,True,8.620062422794042
2024-05-17 17:00:00+00:00,2.51,2.565,2.49,2.535,4880.0,,,2.376411544994619,"rgba(38, 166, 154, 1.0)",0.1544794222279841,2.3747625663753045,1.0372736466363381,7,0.49907432180125283,3.4935202526087696,0.0,0.0,0.0,0.0,69.7867503019199,14.634322108573784,True,False,True,False,True,8.620062422794042
2024-05-20 17:00:00+00:00,2.57,2.575,2.555,2.565,810.0,,,2.376653557701378,"rgba(38, 166, 154, 1.0)",0.15608348424498328,2.3749985531976083,1.2173065441323174,7,0.4945901379970427,3.462130965979299,0.0,0.0,0.0,0.0,72.67261545257486,17.41334975334962,True,False,True,False,True,9.86688188022227
2024-05-21 17:00:00+00:00,2.55,2.565,2.55,2.55,7518.0,,,2.3787516234579265,"rgba(38, 166, 154, 1.0)",0.15771804583490714,2.3770462617845745,1.0966008188845195,7,0.49030763482168016,3.432153443751761,0.0,0.0,0.0,0.0,72.61732459216016,17.49452443109982,True,False,True,False,True,9.061305377870585
2024-05-22 17:00:00+00:00,2.59,2.61,2.58,2.595,14992.0,,,2.383711083856574,"rgba(38, 166, 154, 1.0)",0.1595596982238848,2.381883568461168,1.33565326276689,7,0.4836611295799199,3.3856279070594395,0.0,0.0,0.0,0.0,74.44523397198556,19.431892823810628,True,False,True,False,True,10.92323933022471
2024-05-23 17:00:00+00:00,2.6,2.615,2.6,2.605,1148.0,,,2.3841018890703745,"rgba(38, 166, 154, 1.0)",0.16201851746019616,2.382264882818897,1.3747509894097354,7,0.47697522186164276,3.3388265530314993,0.0,0.0,0.0,0.0,76.01719697332973,21.117246939194033,True,False,True,False,True,11.330914208914098
2024-05-24 17:00:00+00:00,2.75,2.75,2.7,2.73,1911.0,,,2.385100262651071,"rgba(38, 166, 154, 1.0)",0.16775411005826749,2.38323636486155,2.0670947198730665,7,0.46316138927254075,3.242129724907785,0.0,0.0,0.0,0.0,79.87855901460775,24.861041090694783,True,False,True,False,True,16.109939614357693
2024-05-27 17:00:00+00:00,2.73,2.73,2.73,2.73,0.0,,,2.385100262651071,"rgba(38, 166, 154, 1.0)",0.1730947248872237,2.38323636486155,2.0033171742488207,7,0.450594024185687,3.154158169299809,0.0,0.0,0.0,0.0,82.45280037545976,27.30331558296068,True,False,True,False,True,16.109939614357693
2024-05-28 17:00:00+00:00,2.705,2.72,2.69,2.705,13199.0,,,2.391408822136982,"rgba(38, 166, 154, 1.0)",0.1775499422190327,2.3893816542413777,1.7776313628379725,7,0.4403348604407626,3.082344023085338,0.0,0.0,0.0,0.0,81.45368585845603,27.30331558296068,True,False,True,False,True,14.707712527244048
2024-05-29 17:00:00+00:00,2.665,2.73,2.66,2.725,3128.0,,,2.3928669966982135,"rgba(38, 166, 154, 1.0)",0.1823297675755224,2.3908031831994228,1.8329251511942526,7,0.4314904021786869,3.020432815250808,0.0,0.0,0.0,0.0,81.31646601419611,27.30331558296068,True,False,True,False,True,15.45580610241846
2024-05-30 17:00:00+00:00,2.765,2.775,2.7,2.735,8091.0,,,2.396953367215022,"rgba(38, 166, 154, 1.0)",0.18602099561826532,2.3947864969645285,1.8288984095839662,7,0.42281732866952765,2.9597213006866934,0.0,0.0,0.0,0.0,81.48806653048996,27.30331558296068,True,False,True,False,True,15.830379453641108
2024-05-31 17:00:00+00:00,2.705,2.71,2.695,2.71,412.0,,,2.397139588634669,"rgba(38, 166, 154, 1.0)",0.18898608080686422,2.3949682099911094,1.6669576334081437,6,0.4200159055250825,2.520095433150495,0.0,0.0,0.0,0.0,78.74342029303088,27.30331558296068,True,False,True,False,False,14.395787327117237
2024-06-03 17:00:00+00:00,2.715,2.725,2.705,2.725,3359.0,,,2.3987150035838227,"rgba(38, 166, 154, 1.0)",0.19224156631649592,2.3965052980344583,1.7087600161597007,6,0.4115055231698654,2.469033139019192,0.0,0.0,0.0,0.0,77.50273626195394,27.30331558296068,True,False,True,False,False,14.97621203098554
2024-06-04 17:00:00+00:00,2.705,2.755,2.7,2.75,6173.0,,,2.401719132986571,"rgba(38, 166, 154, 1.0)",0.19591234940311578,2.399436586059058,1.7893890559170988,6,0.40319118492491524,2.4191471095494914,0.0,0.0,0.0,0.0,77.59344577634207,27.30331558296068,True,False,True,False,False,15.938206074126079
2024-06-05 17:00:00+00:00,2.77,2.87,2.77,2.87,3342.0,,,2.4038140542254487,"rgba(38, 166, 154, 1.0)",0.2029894818204372,2.4014783293564466,2.308108116941763,6,0.3922390034651735,2.353434020791041,0.0,0.0,0.0,0.0,80.41831465839542,27.30331558296068,True,False,True,False,True,20.0
2024-06-06 17:00:00+00:00,3.02,3.07,2.97,3.025,4052.0,,,2.4074038984754416,"rgba(38, 166, 154, 1.0)",0.21607333172949533,2.4049725796001202,2.8695231171614415,6,0.37774473018623017,2.266468381117381,0.0,0.0,0.0,0.0,83.93432192521442,29.68264589438762,True,False,True,False,True,20.0
2024-06-07 17:00:00+00:00,3.245,3.315,3.235,3.31,2393.0,,,2.4104122181798373,"rgba(38, 166, 154, 1.0)",0.2402475637584942,2.4078981483476096,3.7548844930607364,6,0.3487801449168886,2.0926808695013315,0.0,0.0,0.0,0.0,87.54621024368765,32.999670346617904,True,False,True,False,True,20.0
2024-06-10 17:00:00+00:00,3.33,3.33,3.175,3.2,5031.0,,3.2350000000000003,2.518637261515301,"rgba(38, 166, 154, 1.0)",0.25670895287559864,2.495763870564473,2.7433251608361333,6,0.33217341613392004,1.9930404968035202,0.0,1.0,3.33,289.0,85.07137016122675,32.999670346617904,True,False,True,False,False,20.0
2024-06-11 17:00:00+00:00,3.255,3.305,3.21,3.305,2553.0,,3.247904140295359,2.5229573119509787,"rgba(38, 166, 154, 1.0)",0.2763112391867199,2.4997638741379555,2.914235874849444,5,0.21978201860457397,1.09891009302287,0.0,0.0,0.0,0.0,84.36473624154132,32.999670346617904,True,False,True,False,False,20.0
2024-06-12 17:00:00+00:00,3.18,3.23,3.165,3.185,1034.0,,3.241356656610196,2.523127266735404,"rgba(38, 166, 154, 1.0)",0.28963081501975724,2.5000989233607096,2.364738284469385,5,0.2099604849721036,1.049802424860518,0.0,0.0,0.0,0.0,79.61579990841801,34.765778467231385,True,False,True,False,False,20.0
2024-06-13 17:00:00+00:00,3.15,3.18,3.15,3.17,676.0,,3.23592407287856,2.5230705091784253,"rgba(38, 166, 154, 1.0)",0.30065374715056437,2.500178989996347,2.227881795426994,5,0.20180238910852796,1.0090119455426398,0.0,0.0,0.0,0.0,75.95216777476259,31.459438664969014,True,False,True,False,False,20.0
2024-06-14 17:00:00+00:00,3.055,3.165,3.055,3.155,3033.0,,3.2086317298071987,2.522280797407752,"rgba(38, 166, 154, 1.0)",0.30929135801723256,2.5000768198763095,2.1174958922945413,5,0.19497904408786623,0.9748952204393312,0.0,0.0,0.0,0.0,72.97460325678107,28.788006855268932,True,False,True,False,False,20.0
2024-06-17 17:00:00+00:00,3.11,3.12,3.095,3.105,1233.0,,3.199360127826942,2.5221534579815255,"rgba(38, 166, 154, 1.0)",0.3172137569015054,2.500183623814545,1.9066524166328946,5,0.18970888013952714,0.9485444006976357,0.0,0.0,0.0,0.0,69.18778773630436,25.3432616762005,False,False,True,False,False,19.657886900572045
2024-06-18 17:00:00+00:00,3.105,3.11,3.075,3.105,1791.0,,3.187378889540313,2.5221259015234776,"rgba(38, 166, 154, 1.0)",0.3237186382597649,2.5004592267391756,1.8674883117966055,5,0.1849366489371836,0.9246832446859179,0.0,0.0,0.0,0.0,66.66324405598655,23.043878424819937,False,False,True,False,False,19.657886900572045
2024-06-19 17:00:00+00:00,3.105,3.105,3.105,3.105,0.0,,3.187378889540313,2.5221259015234776,"rgba(38, 166, 154, 1.0)",0.3299437844556261,2.5004592267391756,1.8322538618457551,5,0.18069329495831776,0.9034664747915888,0.0,0.0,0.0,0.0,64.98021493577468,21.418029516395748,False,False,True,False,False,19.657886900572045
2024-06-20 17:00:00+00:00,3.1,3.11,3.095,3.11,13969.0,,3.148130911778081,2.528574881576886,"rgba(38, 166, 154, 1.0)",0.3352082450769481,2.5079240099921902,1.7961252411008006,5,0.17680743526079584,0.8840371763039792,0.0,0.0,0.0,0.0,64.00346311877747,20.318035633417537,False,True,True,False,False,19.79254528863617
2024-06-21 17:00:00+00:00,3.1,3.115,3.095,3.1,1982.0,,3.145294390134816,2.5297918739051,"rgba(38, 166, 154, 1.0)",0.3394284676992847,2.509217726633545,1.7405206975446041,5,0.17357989704074217,0.8678994852037109,0.0,0.0,0.0,0.0,62.837105655583706,18.936856093729688,False,True,True,False,False,19.324158611185677
2024-06-24 17:00:00+00:00,3.07,3.115,3.065,3.105,7765.0,,3.1352978216909415,2.534540369634051,"rgba(38, 166, 154, 1.0)",0.3424629525567306,2.5142409692968593,1.7250304778741832,5,0.17084630013430507,0.8542315006715253,0.0,0.0,0.0,0.0,62.241443039217614,18.019283592518164,False,True,True,False,False,19.464164913070867
2024-06-25 17:00:00+00:00,3.11,3.11,3.1,3.105,1897.0,,3.1338947612537837,2.5358334214098694,"rgba(38, 166, 154, 1.0)",0.3445181123391473,2.515575606661652,1.7108661989826304,5,0.168153787907506,0.8407689395375301,0.0,0.0,0.0,0.0,61.844334628306896,17.224750074265415,False,True,True,False,False,19.464164913070867
2024-06-26 17:00:00+00:00,3.1,3.145,3.1,3.145,1750.0,,3.1337351922086434,2.537213005959453,"rgba(38, 166, 154, 1.0)",0.3456029722302949,2.5169653046901646,1.817214392737746,5,0.16554677386179334,0.8277338693089666,0.0,0.0,0.0,0.0,63.173049082052486,17.224750074265415,False,True,True,False,False,20.0
2024-06-27 17:00:00+00:00,3.12,3.18,3.12,3.16,2671.0,,3.134888582865117,2.539553707860181,"rgba(38, 166, 154, 1.0)",0.3455785721793947,2.5192867724144414,1.8540305423015506,4,0.17859213539314855,0.7143685415725942,0.0,0.0,0.0,0.0,64.61956080614029,17.224750074265415,False,True,True,False,True,20.0
2024-06-28 17:00:00+00:00,3.205,3.21,3.16,3.2,1422.0,,3.1365628716502516,2.5409870815213145,"rgba(38, 166, 154, 1.0)",0.3450156413741155,2.520683515564711,1.968944021580392,4,0.17527208981016873,0.7010883592406749,0.0,0.0,0.0,0.0,66.97740224599191,17.224750074265415,False,True,True,False,True,20.0
2024-07-01 17:00:00+00:00,3.2,3.21,3.16,3.21,1978.0,,3.138864644187079,2.5429774004318206,"rgba(38, 166, 154, 1.0)",0.34499676196417434,2.5226237397328486,1.9924136573158067,4,0.17186839898514383,0.6874735959405753,0.0,0.0,0.0,0.0,68.87885842057422,14.315647538286811,False,False,True,False,True,20.0
2024-07-02 17:00:00+00:00,3.17,3.215,3.17,3.215,389.0,,3.1393482666992036,2.6163330260752633,"rgba(38, 166, 154, 1.0)",0.3446970598410471,2.5845549014097386,1.828983104413433,4,0.16892608877149365,0.6757043550859746,0.0,0.0,0.0,0.0,70.32195251304603,15.847142208225847,False,False,True,False,True,20.0
2024-07-03 17:00:00+00:00,3.205,3.205,3.205,3.205,0.0,,3.1393482666992036,2.6163330260752633,"rgba(38, 166, 154, 1.0)",0.34279751331527253,2.5845549014097386,1.8099463225091574,4,0.16613490678890946,0.6645396271556379,0.0,0.0,0.0,0.0,70.27003890961426,16.025606026222732,False,False,True,False,True,20.0
2024-07-04 17:00:00+00:00,3.205,3.205,3.205,3.205,0.0,,3.1393482666992036,2.6163330260752633,"rgba(38, 166, 154, 1.0)",0.3415111093915352,2.5845549014097386,1.8167640276642785,4,0.16340122754284223,0.6536049101713689,0.0,0.0,0.0,0.0,70.23542984065975,16.304754915422777,False,False,True,False,True,20.0
2024-07-05 17:00:00+00:00,3.07,3.1,3.07,3.07,333.0,,3.13894907117512,2.610353595806731,"rgba(239, 83, 80, 1.0)",0.33788788854474266,2.5797077023598085,1.4510502277895867,4,0.16178344089213656,0.6471337635685462,0.0,0.0,0.0,0.0,60.501634202785425,15.047656601581437,False,True,True,False,False,15.14319599084731
2024-07-08 17:00:00+00:00,2.96,2.96,2.855,2.865,5601.0,,3.1139854770027338,2.585345106700993,"rgba(239, 83, 80, 1.0)",0.33309633917407494,2.559778706201231,0.916315365565341,4,0.16122671868675664,0.6449068747470266,0.0,0.0,0.0,0.0,48.33663330813057,4.311137283518022,False,True,False,True,False,6.205013245615106
2024-07-09 17:00:00+00:00,2.78,2.78,2.71,2.775,3338.0,,3.0934829015957748,2.577653470675791,"rgba(239, 83, 80, 1.0)",0.3291223929627833,2.5704775056312243,0.6214177422801574,4,0.16095898420746876,0.643835936829875,0.0,0.0,0.0,0.0,38.86554268741659,-3.537596225121547,False,True,False,True,False,2.7512982207544745
2024-07-10 17:00:00+00:00,2.725,2.77,2.725,2.77,4193.0,,3.0708251515296645,2.5727018401627197,"rgba(239, 83, 80, 1.0)",0.326842552391902,2.567011698336315,0.6210583664157997,4,0.16071077775832085,0.6428431110332834,0.0,0.0,0.0,0.0,32.4816259346543,-8.548687194378452,False,True,False,True,False,2.5642873363235985
2024-07-11 17:00:00+00:00,2.75,2.75,2.74,2.745,713.0,,3.0671581270783346,2.57202799721528,"rgba(239, 83, 80, 1.0)",0.3242478753742017,2.5664747993145824,0.5505824840930377,3,0.15521650271454124,0.4656495081436237,0.0,0.0,0.0,0.0,27.858592698230236,-12.189596080555354,False,True,False,True,False,1.6239841806759436
2024-07-12 17:00:00+00:00,2.745,2.77,2.745,2.77,1234.0,,3.0613213131844876,2.5711830877945347,"rgba(239, 83, 80, 1.0)",0.3215931204723358,2.565996793946401,0.6343518970616415,3,0.1554841568123795,0.46645247043713856,0.0,0.0,0.0,0.0,26.380705126151188,-13.289207760116895,False,True,False,True,False,2.520575944371778
2024-07-15 17:00:00+00:00,2.87,2.88,2.83,2.875,455.0,,3.059924611655212,2.571334211999612,"rgba(239, 83, 80, 1.0)",0.3201534401271121,2.5665527716996044,0.9634356206759211,3,0.15547058247840964,0.46641174743522895,0.0,0.0,0.0,0.0,30.96949202740905,-13.289207760116895,False,True,False,True,True,6.127284417832065
2024-07-16 17:00:00+00:00,2.945,2.955,2.88,2.955,3558.0,,3.053185857908521,2.5743870921249963,"rgba(38, 166, 154, 1.0)",0.31923434584575433,2.5729043994631575,1.1969125675514285,3,0.15494421836494374,0.4648326550948312,0.0,0.0,0.0,0.0,37.174297606503416,-23.823501423449013,False,True,False,True,True,8.69255518007342
2024-07-17 17:00:00+00:00,2.915,2.995,2.91,2.945,4668.0,,3.0466116623673227,2.578197566705482,"rgba(38, 166, 154, 1.0)",0.31838007769625437,2.579313001577123,1.1485863093850837,3,0.15448966417419985,0.46346899252259954,0.0,0.0,0.0,0.0,40.95232623583309,-20.226525385091193,False,True,False,True,True,8.296825710403734
2024-07-18 17:00:00+00:00,2.965,3.04,2.93,3.04,7684.0,,3.0425036132969328,2.5855375384857933,"rgba(38, 166, 154, 1.0)",0.31871593441001017,2.6214296943346316,1.313302099062613,3,0.15407836565233848,0.4622350969570155,0.0,0.0,0.0,0.0,46.70116466456335,-14.721290392618975,False,True,False,False,True,11.220250366197092
2024-07-19 17:00:00+00:00,2.96,3.0,2.94,2.94,12058.0,,3.0318075670096443,2.5919843060484347,"rgba(38, 166, 154, 1.0)",0.3179977194093514,2.6266019181897513,0.985535627086741,3,0.15458067441331516,0.4637420232399455,0.0,0.0,0.0,0.0,46.998212486198426,-14.15295535006527,False,True,False,False,True,7.343864786245408
2024-07-22 17:00:00+00:00,2.62,2.62,2.535,2.535,1123.0,,3.0262186433235603,2.5904853144137925,"rgba(239, 83, 80, 1.0)",0.3174991381133211,2.6230984409698914,-0.2774761578673873,3,0.15512932438053947,0.4653879731416184,0.0,0.0,0.0,0.0,39.99934296273591,-14.15295535006527,False,True,False,True,False,0.0
2024-07-23 17:00:00+00:00,2.485,2.515,2.45,2.48,1263.0,,3.0190089452626796,2.588405201980949,"rgba(239, 83, 80, 1.0)",0.3170134421795415,2.61857121770213,-0.43711464330793154,4,0.15465216447859637,0.6186086579143855,0.0,0.0,0.0,0.0,34.77165049313423,-3.872112869080013,False,True,False,True,False,0.0
2024-07-24 17:00:00+00:00,2.42,2.42,2.36,2.38,1507.0,,3.009174888031207,2.5854035846000256,"rgba(239, 83, 80, 1.0)",0.3179331194897246,2.612426412901844,-0.73105442199568,4,0.1551892052866283,0.6207568211465132,0.0,0.0,0.0,0.0,30.33770251403591,-8.23700999001079,False,True,False,True,False,0.0
2024-07-25 17:00:00+00:00,2.415,2.43,2.405,2.415,2906.0,,2.9919234764080365,2.5803761340688705,"rgba(239, 83, 80, 1.0)",0.3187513222018137,2.602637435736518,-0.5886640232278553,4,0.15604241611408765,0.6241696644563506,0.0,0.0,0.0,0.0,28.53512144853035,-10.272151899576698,False,True,False,True,False,0.0
2024-07-26 17:00:00+00:00,2.31,2.315,2.285,2.3,1023.0,,2.9849034357819852,2.5782082094642242,"rgba(239, 83, 80, 1.0)",0.3213738386118932,2.598631866456565,-0.9292351479088735,4,0.1566617406120603,0.6266469624482413,0.0,0.0,0.0,0.0,26.169515669871934,-12.997745106643606,False,True,False,True,False,0.0
2024-07-29 17:00:00+00:00,2.235,2.24,2.185,2.195,5608.0,,2.9439001211961786,2.5652978562001896,"rgba(239, 83, 80, 1.0)",0.32509412358452167,2.576230603121719,-1.1726776200019577,4,0.1571080924053706,0.6284323696214824,0.0,0.0,0.0,0.0,23.693675625898315,-15.889702669340686,False,True,False,True,False,0.0
2024-07-30 17:00:00+00:00,2.23,2.235,2.185,2.205,2295.0,,2.92837484135597,2.5605403947154377,"rgba(239, 83, 80, 1.0)",0.3282409436939825,2.568486535393327,-1.107377194638472,4,0.1577683754494154,0.6310735017976616,0.0,0.0,0.0,0.0,22.403257840099823,-17.73405875673278,False,True,False,True,False,0.0
2024-07-31 17:00:00+00:00,2.24,2.26,2.22,2.225,862.0,,2.92292127449907,2.558907784268231,"rgba(239, 83, 80, 1.0)",0.33113377444255915,2.565892051045189,-1.0294692881119027,4,0.15899702371365293,0.6359880948546117,0.0,0.0,0.0,0.0,22.319300291586565,-18.558648399541312,False,True,False,True,False,0.0
2024-08-01 17:00:00+00:00,2.23,2.24,2.155,2.165,2756.0,,2.904860913320042,2.5534108145090686,"rgba(239, 83, 80, 1.0)",0.3350035901380827,2.557308239971575,-1.1710568230324705,4,0.1602064851451146,0.6408259405804584,0.0,0.0,0.0,0.0,21.60408385862162,-20.04122978191362,False,True,False,True,False,0.0
2024-08-02 17:00:00+00:00,2.3,2.33,2.23,2.3,3436.0,,2.886516046567866,2.548238508911063,"rgba(239, 83, 80, 1.0)",0.3361916683052049,2.549620914988839,-0.742495839493041,4,0.16241050889565478,0.6496420355826191,0.0,0.0,0.0,0.0,26.032259106632978,-20.04122978191362,False,True,False,True,True,0.0
2024-08-05 17:00:00+00:00,2.29,2.325,2.29,2.305,7235.0,,2.852415022665139,2.538977858591041,"rgba(239, 83, 80, 1.0)",0.3369191097080805,2.536566947665867,-0.6873072526711396,4,0.16434224013950005,0.6573689605580002,0.0,0.0,0.0,0.0,29.149805952100216,-20.04122978191362,False,True,False,True,True,0.0
2024-08-06 17:00:00+00:00,2.415,2.475,2.41,2.455,24550.0,,2.784915397803122,2.524767014503646,"rgba(239, 83, 80, 1.0)",0.3362507644252659,2.519682971335174,-0.1923652766878697,4,0.1667723863659902,0.6670895454639608,0.0,0.0,0.0,0.0,35.6351812547748,-22.263594434227358,False,True,False,True,True,0.0
2024-08-07 17:00:00+00:00,2.58,2.605,2.52,2.605,9315.0,,2.7725509280505842,2.529190625371423,"rgba(38, 166, 154, 1.0)",0.3342875980322891,2.523685230789918,0.2432479388667836,4,0.16983381711270099,0.6793352684508039,0.0,0.0,0.0,0.0,43.164324687403806,-15.28565156202842,False,True,False,True,True,0.0
2024-08-08 17:00:00+00:00,2.55,2.575,2.55,2.56,3613.0,,2.767803762385697,2.528395000410992,"rgba(38, 166, 154, 1.0)",0.33277227556902406,2.523193929354291,0.11060437827271706,6,0.17005085173531556,1.0203051104118934,0.0,0.0,0.0,0.0,47.030934794033755,-11.820471774759419,False,False,False,False,True,0.0
2024-08-09 17:00:00+00:00,2.3,2.305,2.15,2.21,5383.0,,2.7500814022650375,2.4869036545921555,"rgba(38, 166, 154, 1.0)",0.33502833011848576,2.490546173692686,-0.837380449568156,6,0.17104343796135976,1.0262606277681585,0.0,0.0,0.0,0.0,43.36557555127487,-11.820471774759419,False,False,False,True,False,0.0
2024-08-12 17:00:00+00:00,2.365,2.46,2.35,2.455,8138.0,,2.734723349155088,2.4938075766548877,"rgba(38, 166, 154, 1.0)",0.33369703581499016,2.4943901001788604,-0.11804150457212689,7,0.2696961384707849,1.8878729692954943,0.0,0.0,0.0,0.0,45.44602951119002,-11.820471774759419,False,False,False,True,False,0.0
2024-08-13 17:00:00+00:00,2.375,2.375,2.305,2.31,2819.0,,2.7282717054680012,2.491146625124071,"rgba(38, 166, 154, 1.0)",0.33435210980840613,2.4917133102100046,-0.5434788801366673,7,0.2703768899254571,1.8926382294781998,0.0,0.0,0.0,0.0,44.78613327815864,-11.820471774759419,False,False,False,True,False,0.0
2024-08-14 17:00:00+00:00,2.21,2.215,2.15,2.205,4085.0,,2.7161184499003284,2.4582038207577193,"rgba(38, 166, 154, 1.0)",0.3370142751006562,2.465351846374287,-0.7725246839960347,6,0.2685327554089596,1.6111965324537576,0.0,0.0,0.0,0.0,43.018964600588674,-11.820471774759419,False,False,False,True,False,0.0
2024-08-15 17:00:00+00:00,2.265,2.31,2.235,2.265,1897.0,,2.711489455192546,2.458415413896454,"rgba(38, 166, 154, 1.0)",0.33853376213918046,2.4649739858442166,-0.590706181210965,6,0.26783249420970673,1.6069949652582403,0.0,0.0,0.0,0.0,42.962678360494465,-11.820471774759419,False,False,False,True,False,0.0
2024-08-16 17:00:00+00:00,2.305,2.31,2.26,2.27,4568.0,,2.7009711067589524,2.4569684759435124,"rgba(38, 166, 154, 1.0)",0.34064501614881454,2.4627121419858846,-0.5657271730102054,6,0.26718712539209793,1.6031227523525877,0.0,0.0,0.0,0.0,43.02396129863294,-11.820471774759419,False,False,False,True,False,0.0
2024-08-19 17:00:00+00:00,2.275,2.335,2.27,2.335,1456.0,,2.6979824408118747,2.4568952462417957,"rgba(38, 166, 154, 1.0)",0.3418283247532345,2.4623539912017014,-0.3725671103868825,6,0.26669956381575594,1.6001973828945357,0.0,0.0,0.0,0.0,44.40101653144602,-11.820471774759419,False,False,False,True,False,0.0
2024-08-20 17:00:00+00:00,2.175,2.21,2.155,2.18,4611.0,,2.68567624497307,2.449276877625978,"rgba(239, 83, 80, 1.0)",0.34597196939001107,2.4550559191576333,-0.7950237114370532,6,0.26473099176558024,1.5883859505934814,0.0,0.0,0.0,0.0,42.81883719795104,-11.820471774759419,False,False,False,True,False,0.0
2024-08-21 17:00:00+00:00,2.175,2.2,2.16,2.19,898.0,,2.6833552261485805,2.4480065184825635,"rgba(239, 83, 80, 1.0)",0.3500447204376971,2.453808214894943,-0.7536414620539814,5,0.29542442697970106,1.4771221348985053,0.0,0.0,0.0,0.0,41.99362848291945,-11.820471774759419,False,False,False,True,False,0.0
2024-08-22 17:00:00+00:00,2.195,2.195,2.16,2.165,3428.0,,2.6745155068155166,2.4432322970998244,"rgba(239, 83, 80, 1.0)",0.35492893591471064,2.4490985199736457,-0.8004377530997204,5,0.2928738046186156,1.4643690230930781,0.0,0.0,0.0,0.0,41.02524918812696,-11.820471774759419,False,False,False,True,False,0.0
2024-08-23 17:00:00+00:00,2.19,2.22,2.18,2.195,903.0,,2.672351336524282,2.4422832690281,"rgba(239, 83, 80, 1.0)",0.3588703120918476,2.448121951018469,-0.7053298712368443,5,0.29069341041560576,1.4534670520780288,0.0,0.0,0.0,0.0,41.19780044400219,-11.820471774759419,False,False,False,True,False,0.0
2024-08-26 17:00:00+00:00,2.235,2.235,2.18,2.18,2597.0,,2.66623547657373,2.439685172929511,"rgba(239, 83, 80, 1.0)",0.36293147046274654,2.445429510091757,-0.7313488404665702,5,0.2883533173315268,1.441766586657634,0.0,0.0,0.0,0.0,41.00592354278912,-11.820471774759419,False,False,False,True,False,0.0
2024-08-27 17:00:00+00:00,2.19,2.21,2.17,2.18,2281.0,,2.6608617804304933,2.4373270020906745,"rgba(239, 83, 80, 1.0)",0.36691054952311003,2.443001023108688,-0.7167987495876639,5,0.2862772255813283,1.4313861279066415,0.0,0.0,0.0,0.0,40.87800560864707,-11.820471774759419,False,False,False,True,False,0.0
2024-08-28 17:00:00+00:00,2.21,2.235,2.155,2.155,5189.0,,2.648950423305262,2.432246494729652,"rgba(239, 83, 80, 1.0)",0.37147002837642396,2.4377340281259388,-0.7611220462702697,5,0.283963441223388,1.41981720611694,0.0,0.0,0.0,0.0,40.187958367201624,-11.820471774759419,False,False,False,True,False,0.0
2024-08-29 17:00:00+00:00,2.175,2.195,2.145,2.16,5309.0,,2.6369892508280275,2.4270916146483033,"rgba(239, 83, 80, 1.0)",0.37624314066956777,2.432395232162272,-0.7239872378205049,5,0.281646000615469,1.4082300030773451,0.0,0.0,0.0,0.0,39.930864113083686,-11.820471774759419,True,False,False,True,False,0.0
2024-08-30 17:00:00+00:00,2.16,2.18,2.135,2.15,3794.0,,2.628595363013353,2.42346256447661,"rgba(239, 83, 80, 1.0)",0.38108043415701176,2.428635352390975,-0.7311720241091476,5,0.2793178972058862,1.396589486029431,0.0,0.0,0.0,0.0,39.47178514322572,-11.820471774759419,True,False,False,True,False,0.0
2024-09-02 17:00:00+00:00,2.15,2.15,2.15,2.15,0.0,,2.628595363013353,2.42346256447661,"rgba(239, 83, 80, 1.0)",0.38593145776172405,2.428635352390975,-0.7219814471900496,5,0.27739768126440034,1.3869884063220017,0.0,0.0,0.0,0.0,39.165732496653746,-11.820471774759419,True,False,False,True,False,0.0
2024-09-03 17:00:00+00:00,2.105,2.105,2.05,2.09,4199.0,,2.6182531358456127,2.417952146068682,"rgba(239, 83, 80, 1.0)",0.39174103185144565,2.4231234718485917,-0.8503665553597599,5,0.2749818865174102,1.3749094325870508,0.0,0.0,0.0,0.0,37.12956570669489,-10.411354564025942,False,False,False,True,False,0.0
2024-09-04 17:00:00+00:00,2.075,2.075,2.05,2.05,3849.0,,2.608713146381591,2.412810547062386,"rgba(239, 83, 80, 1.0)",0.3983444568539967,2.4179785366578357,-0.9237696931043509,5,0.2721138029609308,1.3605690148046539,0.0,0.0,0.0,0.0,34.70772940500163,-12.738423678793602,False,True,False,True,False,0.0
2024-09-05 17:00:00+00:00,2.01,2.065,2.01,2.03,4096.0,,2.5984961079879363,2.407245270906223,"rgba(239, 83, 80, 1.0)",0.40514742061678216,2.4124074942965925,-0.9438724642857876,5,0.2692186943056516,1.346093471528258,0.0,0.0,0.0,0.0,32.58015957601988,-14.694739401892981,False,True,False,True,False,0.0
2024-09-06 17:00:00+00:00,2.025,2.045,2.02,2.035,1355.0,,2.595186076868549,2.405484117195806,"rgba(239, 83, 80, 1.0)",0.4115474861219938,2.4106357674566654,-0.9127397933985112,5,0.2664704113323805,1.3323520566619025,0.0,0.0,0.0,0.0,31.50312153790777,-15.663475049312645,False,True,False,True,False,0.0
2024-09-09 17:00:00+00:00,1.965,1.985,1.89,1.9,3609.0,,2.584892196710148,2.399063510569888,"rgba(239, 83, 80, 1.0)",0.4205944099220258,2.404316276205151,-1.199056060442283,5,0.2623125118096794,1.311562559048397,0.0,0.0,0.0,0.0,27.824411061782428,-19.018337084293474,False,True,False,True,False,0.0
2024-09-10 17:00:00+00:00,1.87,1.915,1.83,1.84,2892.0,,2.5760988114707573,2.352442159143281,"rgba(239, 83, 80, 1.0)",0.4306679078441372,2.3629070018323155,-1.2141768455650994,4,0.2951074546135428,1.1804298184541713,0.0,0.0,0.0,0.0,24.475278904732313,-21.95158309746305,False,True,False,True,False,0.0
2024-09-11 17:00:00+00:00,1.865,1.95,1.86,1.95,4452.0,,2.5640441543648804,2.348631485276553,"rgba(239, 83, 80, 1.0)",0.4376840462300674,2.3581991791831807,-0.9326343573615474,4,0.29135240520038885,1.1654096208015554,0.0,0.0,0.0,0.0,28.08758936781846,-25.97002128846615,False,True,False,True,True,0.0
2024-09-12 17:00:00+00:00,1.91,1.965,1.895,1.94,2545.0,,2.557488578227569,2.3459598691451826,"rgba(239, 83, 80, 1.0)",0.4445133689048448,2.355165955467564,-0.9339785583736563,4,0.28760075677181407,1.1504030270872563,0.0,0.0,0.0,0.0,30.24454392403956,-24.176520263042953,False,True,False,True,True,0.0
2024-09-13 17:00:00+00:00,1.955,1.96,1.925,1.96,1962.0,,2.552646256050391,2.344086181852308,"rgba(239, 83, 80, 1.0)",0.4506859336731182,2.3530158283519693,-0.8720392605752437,3,0.3431843429990702,1.0295530289972106,0.0,0.0,0.0,0.0,32.68216550503858,-22.038428532371196,False,True,False,True,True,0.0
2024-09-16 17:00:00+00:00,2.16,2.18,2.14,2.175,2023.0,,2.54949478712474,2.3462311027265956,"rgba(38, 166, 154, 1.0)",0.45313539332597297,2.354448227117649,-0.39601459025417357,3,0.34192979544789415,1.0257893863436824,0.0,0.0,0.0,0.0,41.72933840656289,-13.898848263712381,True,False,False,True,True,0.0
2024-09-17 17:00:00+00:00,2.165,2.185,2.11,2.115,2638.0,,2.5451642098482163,2.3473578086774483,"rgba(38, 166, 154, 1.0)",0.45612767890083034,2.354913626700762,-0.525979101463218,3,0.34015879302035384,1.0204763790610616,0.0,0.0,0.0,0.0,45.7530916133108,-10.633202195862161,True,False,False,True,True,0.0
2024-09-18 17:00:00+00:00,2.195,2.2,2.13,2.13,1756.0,,2.5424471270858584,2.347986562845632,"rgba(38, 166, 154, 1.0)",0.4579189805989618,2.3551524252152376,-0.4916861601166575,3,0.3385710575488147,1.0157131726464441,0.0,0.0,0.0,0.0,48.85965323343888,-8.067033554274495,True,False,False,False,True,0.0
2024-09-19 17:00:00+00:00,2.22,2.22,2.175,2.19,4032.0,,2.5370017426907396,2.349884734646131,"rgba(38, 166, 154, 1.0)",0.4570277358666003,2.3562061199989897,-0.3636674690734806,3,0.33751382713453276,1.0125414814035982,0.0,0.0,0.0,0.0,52.581815754847405,-4.785871319764148,True,False,True,False,True,0.0
2024-09-20 17:00:00+00:00,2.185,2.185,2.12,2.135,1108.0,,2.5353278399832795,2.3498663542123377,"rgba(38, 166, 154, 1.0)",0.45127520018975775,2.3560223605391717,-0.48977289345001385,3,0.3358031618854061,1.0074094856562184,0.0,0.0,0.0,0.0,53.020549883193745,-4.378543304882818,True,False,True,False,True,0.0
2024-09-23 17:00:00+00:00,2.195,2.21,2.145,2.15,2387.0,,2.5319683681034917,2.3500541080828703,"rgba(38, 166, 154, 1.0)",0.44710976744435343,2.3558531227444623,-0.4604084673012262,3,0.3342155422383146,1.0026466267149439,0.0,0.0,0.0,0.0,53.77977563694409,-3.4193763116020506,True,False,True,False,True,0.0
2024-09-24 17:00:00+00:00,2.205,2.225,2.185,2.195,1250.0,,2.53039256135262,2.350355578952086,"rgba(38, 166, 154, 1.0)",0.43962386666802317,2.355961229144502,-0.3661339643919968,3,0.3329939523812762,0.9989818571438287,0.0,0.0,0.0,0.0,55.67130892568133,-1.3010678804972216,True,False,True,False,True,0.0
2024-09-25 17:00:00+00:00,2.195,2.2,2.17,2.2,2493.0,,2.5271842852444015,2.350640018026084,"rgba(38, 166, 154, 1.0)",0.4342091599616414,2.355904061154561,-0.35905290705597687,3,0.3317833065988151,0.9953499197964453,0.0,0.0,0.0,0.0,57.0875987158455,0.39762409401293297,True,False,True,False,True,0.0
2024-09-26 17:00:00+00:00,2.255,2.275,2.24,2.255,4220.0,,2.5229361027278396,2.3455812478113574,"rgba(38, 166, 154, 1.0)",0.4281757343188182,2.3464848247808368,-0.21366186228740736,3,0.3308889114935578,0.9926667344806734,0.0,0.0,0.0,0.0,59.69473604314027,3.1923840714329543,True,False,True,False,True,0.0
2024-09-27 17:00:00+00:00,2.27,2.27,2.25,2.26,1705.0,,2.521278337795396,2.3462188188354722,"rgba(38, 166, 154, 1.0)",0.4219882902606622,2.3469506340737594,-0.20604987408548747,3,0.3300831937007533,0.9902495811022598,0.0,0.0,0.0,0.0,61.579860180604186,5.269168370098939,True,False,True,False,True,0.0
2024-09-30 17:00:00+00:00,2.135,2.18,2.13,2.15,1587.0,,2.5191316594060376,2.3442751547247225,"rgba(38, 166, 154, 1.0)",0.41738190863723057,2.345063246702944,-0.46734954885762475,3,0.32855567178526096,0.9856670153557829,0.0,0.0,0.0,0.0,57.66768428374796,5.269168370098939,True,False,True,False,False,0.0
2024-10-01 17:00:00+00:00,2.055,2.065,2.05,2.055,1058.0,,2.5173398749296587,2.341943297688014,"rgba(38, 166, 154, 1.0)",0.4134310404713525,2.3428384773168984,-0.6962188349204109,3,0.3262503656937599,0.9787510970812798,0.0,0.0,0.0,0.0,51.94680148619628,8.60295776659023,True,False,False,False,False,0.0
2024-10-02 17:00:00+00:00,2.01,2.02,2.01,2.015,1529.0,,2.5145428171195645,2.3384204241464706,"rgba(239, 83, 80, 1.0)",0.40949560272199326,2.3394547086628457,-0.7923276990183408,3,0.3236098306767193,0.9708294920301579,0.0,0.0,0.0,0.0,47.03232744483438,4.1244605938560355,True,False,False,True,False,0.0
2024-10-03 17:00:00+00:00,1.975,2.0,1.97,1.995,2698.0,,2.5094230436350524,2.3328028856108483,"rgba(239, 83, 80, 1.0)",0.40516270783454367,2.3065418375053968,-0.7689301889862505,3,0.32083335897566245,0.9625000769269874,0.0,0.0,0.0,0.0,43.21233954226825,0.6818113515073918,True,False,False,True,False,0.0
2024-10-04 17:00:00+00:00,2.085,2.085,2.04,2.055,1461.0,,2.507067595538831,2.331276617670387,"rgba(239, 83, 80, 1.0)",0.39966962708068127,2.30657309813834,-0.6294526306037128,3,0.31872165317840245,0.9561649595352073,0.0,0.0,0.0,0.0,43.43372518420418,0.6818113515073918,True,False,False,True,False,0.0
2024-10-07 17:00:00+00:00,2.055,2.06,2.04,2.06,1350.0,,2.5048808151054405,2.3298987245237517,"rgba(239, 83, 80, 1.0)",0.393420974355795,2.3057844292512972,-0.6247364662083803,3,0.316740518167651,0.9502215545029529,0.0,0.0,0.0,0.0,43.804673106000465,0.6818113515073918,True,False,False,True,False,0.0
2024-10-08 17:00:00+00:00,2.095,2.135,2.085,2.135,3602.0,,2.4999732358639424,2.3285082207854058,"rgba(239, 83, 80, 1.0)",0.3858039809433176,2.3065352468515927,-0.44461761755847445,3,0.3153852956845636,0.9461558870536908,0.0,0.0,0.0,0.0,47.15162617414856,0.6818113515073918,True,False,False,True,True,0.0
2024-10-09 17:00:00+00:00,2.14,2.15,2.09,2.095,1895.0,,2.4973968341222936,2.3277009347600965,"rgba(239, 83, 80, 1.0)",0.37687887269610215,2.3061741834186917,-0.5603237504612595,3,0.31383501388569773,0.9415050416570931,0.0,0.0,0.0,0.0,47.74214635240033,0.6818113515073918,True,False,False,False,True,0.0
2024-10-10 17:00:00+00:00,2.05,2.065,1.995,2.055,9263.0,,2.4829759341090396,2.319784769316091,"rgba(239, 83, 80, 1.0)",0.3671761857083755,2.297092192894378,-0.659335224661482,3,0.31206687754708645,0.9362006326412593,0.0,0.0,0.0,0.0,46.615087335047036,0.6818113515073918,True,False,False,True,True,0.0
2024-10-11 17:00:00+00:00,2.115,2.12,2.09,2.11,2160.0,,2.480239425065622,2.319055298728492,"rgba(239, 83, 80, 1.0)",0.3547768363402602,2.2965560557674656,-0.5258405754217367,3,0.31108056660028904,0.9332416998008671,0.0,0.0,0.0,0.0,48.201764467109655,0.6818113515073918,True,False,False,False,True,0.0
2024-10-14 17:00:00+00:00,2.115,2.125,2.02,2.03,3532.0,,2.4752814884067567,2.3169031721750772,"rgba(239, 83, 80, 1.0)",0.3417737648010838,2.2942464848077675,-0.7731619920024059,3,0.30959891938243594,0.9287967581473078,0.0,0.0,0.0,0.0,46.33097908015331,0.6818113515073918,True,False,False,True,True,0.0
2024-10-15 17:00:00+00:00,1.975,2.025,1.95,2.005,3225.0,,2.4701651480637814,2.3139002319154973,"rgba(239, 83, 80, 1.0)",0.3276090699335154,2.2906980773348673,-0.8720701090261226,3,0.3079373121768181,0.9238119365304542,0.0,0.0,0.0,0.0,44.278685752940376,-0.13370289526334034,False,False,False,True,False,0.0
2024-10-16 17:00:00+00:00,1.86,1.88,1.85,1.87,18170.0,,2.4361061484210156,2.289464876922357,"rgba(239, 83, 80, 1.0)",0.3144364757741977,2.261513167226391,-1.2451264321749465,3,0.3052815253802926,0.9158445761408778,0.0,0.0,0.0,0.0,39.47906706131905,-4.799960405173579,False,True,False,True,False,0.0
2024-10-17 17:00:00+00:00,1.905,1.905,1.845,1.86,6876.0,,2.4242687293082024,2.2819324961804432,"rgba(239, 83, 80, 1.0)",0.29980296833056896,2.252919210109823,-1.310591460444055,3,0.3027480515725833,0.9082441547177498,0.0,0.0,0.0,0.0,36.07108856292254,-8.010628798775642,False,True,False,True,False,0.0
2024-10-18 17:00:00+00:00,1.925,1.955,1.91,1.95,1885.0,,2.4214990419862987,2.280498690067314,"rgba(239, 83, 80, 1.0)",0.28736845796056143,2.251361715289237,-1.0486944789556407,3,0.3010571420553449,0.9031714261660346,0.0,0.0,0.0,0.0,37.918859749585444,-8.010628798775642,False,True,False,True,False,0.0
2024-10-21 17:00:00+00:00,1.915,1.92,1.91,1.91,2336.0,,2.417934840591894,2.278525864233164,"rgba(239, 83, 80, 1.0)",0.2813535815265876,2.2491844496886353,-1.2055451643738282,3,0.29921986834537484,0.8976596050361245,0.0,0.0,0.0,0.0,38.03635995762173,-8.010628798775642,False,True,False,True,False,0.0
2024-10-22 17:00:00+00:00,1.925,1.94,1.91,1.91,6092.0,,2.4089905802891765,2.2737470547099603,"rgba(239, 83, 80, 1.0)",0.27718187673943107,2.2439565604541944,-1.2048282679323055,3,0.2976116629505796,0.8928349888517388,0.0,0.0,0.0,0.0,38.11469342964591,-8.010628798775642,False,True,False,True,False,0.0
2024-10-23 17:00:00+00:00,1.885,1.885,1.85,1.855,3128.0,,2.4040039003725076,2.270739526478372,"rgba(239, 83, 80, 1.0)",0.27352055772006584,2.2405872592738936,-1.4097194832006823,3,0.2963025553686928,0.8889076661060784,0.0,0.0,0.0,0.0,36.60221952171054,-8.210966428877178,False,True,False,True,False,0.0
2024-10-24 17:00:00+00:00,1.875,1.88,1.835,1.835,3125.0,,2.3989915605095544,2.267676081643345,"rgba(239, 83, 80, 1.0)",0.2703005001111925,2.2371529448106715,-1.4877994848150091,3,0.29610430234755575,0.8883129070426672,0.0,0.0,0.0,0.0,35.05914320386346,-9.989801720425476,False,True,False,True,False,0.0
2024-10-25 17:00:00+00:00,1.88,1.885,1.84,1.87,5556.0,,2.390537916433969,2.262744160068341,"rgba(239, 83, 80, 1.0)",0.26515509654771047,2.2316849027892864,-1.3640503520331424,3,0.2994522796928229,0.8983568390784686,0.0,0.0,0.0,0.0,35.98001369352673,-9.989801720425476,False,True,False,True,False,0.0
2024-10-28 17:00:00+00:00,1.96,1.98,1.95,1.97,4791.0,,2.3848294574515037,2.260333863303202,"rgba(239, 83, 80, 1.0)",0.2544314453057263,2.2022460270487203,-0.9128039451635082,3,0.3025588426645119,0.9076765279935357,0.0,0.0,0.0,0.0,41.08151510740893,-13.770702471092484,False,False,False,True,True,0.0
2024-10-29 17:00:00+00:00,1.925,1.93,1.915,1.93,1292.0,,2.3831654945258083,2.259514376255002,"rgba(239, 83, 80, 1.0)",0.23982116084530497,2.200851156233172,-1.12938806266509,3,0.3071334558192606,0.9214003674577818,0.0,0.0,0.0,0.0,42.96478410883048,-11.982793842686633,False,False,False,True,True,0.0
2024-10-30 17:00:00+00:00,1.905,1.905,1.88,1.885,1349.0,,2.381309181669029,2.258509360823686,"rgba(239, 83, 80, 1.0)",0.2245797476689818,2.1990240834208805,-1.3982742730824274,3,0.3101814642856811,0.9305443928570434,0.0,0.0,0.0,0.0,42.64676982507567,-11.982793842686633,False,False,False,True,True,0.0
2024-10-31 17:00:00+00:00,1.835,1.85,1.83,1.84,2818.0,,2.3770860810728505,2.2559817990426194,"rgba(239, 83, 80, 1.0)",0.20278962160483247,2.194491861914972,-1.748076943531929,3,0.3130199869470558,0.9390599608411674,0.0,0.0,0.0,0.0,41.00575684911819,-11.982793842686633,False,False,False,True,True,0.0
2024-11-01 17:00:00+00:00,1.745,1.75,1.74,1.745,3954.0,,2.3702417707306385,2.2513301317484546,"rgba(239, 83, 80, 1.0)",0.18569681285985185,2.186385754668362,-2.376916156345033,3,0.3151171410663502,0.9453514231990505,0.0,0.0,0.0,0.0,37.45870984386484,-7.692729952731206,False,True,False,True,False,0.0
2024-11-04 17:00:00+00:00,1.76,1.78,1.76,1.765,2829.0,,2.365614461301832,2.248309275614873,"rgba(239, 83, 80, 1.0)",0.18422286248743291,2.1820509255761884,-2.2638391345408517,3,0.3171206056739482,0.9513618170218445,0.0,0.0,0.0,0.0,36.11910336252553,-9.026463631589522,False,True,False,True,False,0.0
2024-11-05 17:00:00+00:00,1.775,1.79,1.77,1.78,3169.0,,2.3606144014139527,2.245124530934033,"rgba(239, 83, 80, 1.0)",0.18339945572536723,2.1778976364758647,-2.1695682514548964,3,0.3196301624485641,0.9588904873456924,0.0,0.0,0.0,0.0,36.0230573985298,-9.303323725833238,False,True,False,True,False,0.0
2024-11-06 17:00:00+00:00,1.785,1.83,1.735,1.785,2220.0,1.7833333333333334,2.357182051433132,2.2123224181500425,"rgba(239, 83, 80, 1.0)",0.18439924371070956,2.137324807642087,-1.9106629753580964,3,0.3225698734333357,0.9677096203000071,0.0,0.0,0.0,0.0,36.24334402168739,-9.363674238744075,False,True,False,True,False,0.0
2024-11-07 17:00:00+00:00,1.845,1.94,1.83,1.92,7127.0,1.869748939053529,2.3485564272041977,2.21406832610764,"rgba(239, 83, 80, 1.0)",0.18186429452100322,2.1394744934992023,-1.2068036448674953,3,0.327151405870397,0.9814542176111909,0.0,0.0,0.0,0.0,42.46060440318425,-12.198776337867436,False,True,False,True,True,0.0
2024-11-08 17:00:00+00:00,1.855,1.89,1.84,1.885,3929.0,1.8703164858893242,2.3436825090045796,2.21170052190157,"rgba(239, 83, 80, 1.0)",0.1818499034571863,2.1371255471153496,-1.386448616810559,3,0.33178270880899835,0.995348126426995,0.0,0.0,0.0,0.0,45.189198560236704,-9.727161727827372,False,False,False,True,True,0.0
2024-11-11 17:00:00+00:00,1.855,1.885,1.805,1.855,5969.0,1.8634982246470944,2.336108952373146,2.207336438853013,"rgba(239, 83, 80, 1.0)",0.18340969744568497,2.132482745093528,-1.5129120703974885,3,0.33675427183354395,1.010262815500632,0.0,0.0,0.0,0.0,45.835798989401454,-9.113033840144467,False,False,False,True,True,0.0
2024-11-12 17:00:00+00:00,1.95,1.97,1.9,1.91,9072.0,1.883735682923097,2.3268105972422135,2.204809386638361,"rgba(239, 83, 80, 1.0)",0.18395805926234424,2.1308034767870927,-1.2002924888014987,3,0.3427604859274198,1.0282814577822594,0.0,0.0,0.0,0.0,48.47499442270498,-6.560587063537838,True,False,False,False,True,0.0
2024-11-13 17:00:00+00:00,1.885,1.885,1.79,1.82,6760.0,1.8737010006557002,2.3185710980097722,2.199783035428382,"rgba(239, 83, 80, 1.0)",0.185604854899226,2.1252719251025916,-1.6447410563066285,3,0.3494279702116667,1.0482839106350001,0.0,0.0,0.0,0.0,46.87623824893805,-6.560587063537838,False,False,False,True,True,0.0
2024-11-14 17:00:00+00:00,1.945,2.02,1.91,2.01,3617.0,1.8836375148601852,2.315583161726672,2.1994799012454096,"rgba(38, 166, 154, 1.0)",0.1854565829086278,2.1255240322284177,-0.622916859658388,3,0.3588258886703814,1.0764776660111441,0.0,0.0,0.0,0.0,51.593119468688386,-3.7350812772205444,True,False,True,False,True,0.0
2024-11-15 17:00:00+00:00,1.935,1.955,1.91,1.915,5589.0,1.8890682654743356,2.3103510005030796,2.1976632090353196,"rgba(38, 166, 154, 1.0)",0.1844232060206077,2.1240641246568526,-1.1336107270225604,3,0.3697362722751934,1.1092088168255803,0.0,0.0,0.0,0.0,51.733649120758734,-3.573811127850867,True,False,True,False,True,0.0
2024-11-18 17:00:00+00:00,1.905,1.95,1.88,1.93,6116.0,1.8928218813865354,2.3046877409223425,2.1954935274596843,"rgba(38, 166, 154, 1.0)",0.1829943138977807,2.122188367600223,-1.0502422917226717,3,0.3826446683291295,1.1479340049873885,0.0,0.0,0.0,0.0,52.23619114792275,-2.895950975187297,True,False,True,False,True,0.0
2024-11-19 17:00:00+00:00,1.945,1.955,1.89,1.935,9110.0,1.898003047158133,2.296691372529897,2.1924837648982725,"rgba(38, 166, 154, 1.0)",0.17772415107090664,2.119637241958773,-1.0388978697954685,3,0.39778701622429224,1.1933610486728767,0.0,0.0,0.0,0.0,52.71920243971404,-2.143751527331027,True,False,True,False,True,0.0
2024-11-20 17:00:00+00:00,1.945,1.975,1.945,1.955,1924.0,1.8998925116251308,2.295186484847504,2.1920513910173933,"rgba(38, 166, 154, 1.0)",0.1660701577565875,2.119363982299799,-0.9897261766964225,3,0.41531555725458763,1.2459466717637628,0.0,0.0,0.0,0.0,53.67378520844281,-0.9178284569117352,True,False,True,False,True,0.0
2024-11-21 17:00:00+00:00,2.125,2.14,2.035,2.07,9456.0,1.924139664357893,2.2906189990355474,2.193467662401648,"rgba(38, 166, 154, 1.0)",0.15490252674760782,2.1227206003411854,-0.3403469358965747,3,0.4369603551245976,1.3108810653737928,0.0,0.0,0.0,0.0,57.41225848674103,2.804119833252777,True,False,True,False,True,0.0
2024-11-22 17:00:00+00:00,1.835,1.955,1.82,1.945,4280.0,1.9231447804281019,2.286937133536622,2.191704026179799,"rgba(38, 166, 154, 1.0)",0.15401687634216826,2.1209874289219375,-1.1426502932766844,3,0.45511401881253866,1.365342056437616,0.0,0.0,0.0,0.0,55.49313663492265,2.804119833252777,True,False,True,False,True,0.0
2024-11-25 17:00:00+00:00,1.795,1.83,1.75,1.785,29828.0,1.8848469638815077,2.255702862863283,2.1473810443655577,"rgba(239, 83, 80, 1.0)",0.14881868162297548,2.063143263317915,-1.869007709815472,3,0.46439427784470005,1.3931828335341,0.0,0.0,0.0,0.0,50.30485510326503,5.276556574096126,True,False,False,False,False,0.0
2024-11-26 17:00:00+00:00,1.83,1.875,1.79,1.8,12192.0,1.8782738709833404,2.244866778472411,2.142078601065549,"rgba(239, 83, 80, 1.0)",0.14743216488691938,2.0574052918168912,-1.7459235711170715,3,0.47175104650096583,1.4152531395028976,0.0,0.0,0.0,0.0,47.31422864351524,2.6071808204608544,True,False,False,True,False,0.0
2024-11-27 17:00:00+00:00,1.84,1.875,1.83,1.84,9401.0,1.876050385759802,2.2373774245870064,2.1388833760435455,"rgba(239, 83, 80, 1.0)",0.14732730002729932,2.054156854519447,-1.4536128367231622,3,0.48061948533673543,1.4418584560102063,0.0,0.0,0.0,0.0,46.60238851746919,1.960407071854867,False,False,False,True,False,0.0
2024-11-28 17:00:00+00:00,1.84,1.84,1.84,1.84,0.0,1.876050385759802,2.2373774245870064,2.1388833760435455,"rgba(239, 83, 80, 1.0)",0.14582267399911708,2.054156854519447,-1.468611489875324,3,0.4895553054829198,1.4686659164487594,0.0,0.0,0.0,0.0,46.12782843343848,1.3606247356134418,False,False,False,True,False,0.0
2024-11-29 17:00:00+00:00,1.955,1.965,1.93,1.955,3530.0,1.878056550363767,2.235353712577319,2.1388533148662203,"rgba(239, 83, 80, 1.0)",0.14277437628133083,2.0543980670465496,-0.6961898180573373,3,0.502418718015286,1.5072561540458582,0.0,0.0,0.0,0.0,49.330722693961306,1.3606247356134418,True,False,False,False,True,0.0
2024-12-02 17:00:00+00:00,1.945,2.325,1.93,2.29,25361.0,1.9275793612509997,2.2327683416280726,2.154996206132264,"rgba(38, 166, 154, 1.0)",0.14146619626145748,2.0652555502105603,1.5886795271858982,3,0.5223318181744491,1.5669954545233473,0.0,0.0,0.0,0.0,57.17495436388808,1.3177102147267519,True,False,True,False,True,4.326629395921813
2024-12-03 17:00:00+00:00,2.205,2.285,2.135,2.255,10553.0,1.9464832002280656,2.2326157345356346,2.1609244947404824,"rgba(38, 166, 154, 1.0)",0.14296657456007666,2.073978331648641,1.2661817554794323,4,0.5503557113134655,2.201422845253862,0.0,0.0,0.0,0.0,61.34791150570673,4.927749399090992,True,False,True,False,True,3.456990114380236
2024-12-04 17:00:00+00:00,2.17,2.18,2.035,2.05,17454.0,1.9599764653092664,2.228075351966239,2.160631474182485,"rgba(38, 166, 154, 1.0)",0.14145708928190423,2.075965470707073,-0.1835572245893421,4,0.5856429216840865,2.342571686736346,0.0,0.0,0.0,0.0,58.95442017810099,4.927749399090992,True,False,True,False,True,0.0
2024-12-05 17:00:00+00:00,2.095,2.1,2.0,2.0,19226.0,1.9669338493312416,2.221551057262479,2.1577538573838604,"rgba(38, 166, 154, 1.0)",0.1402222174631067,2.0746642014757923,-0.5324705515760149,5,0.6176451830190779,3.0882259150953892,0.0,0.0,0.0,0.0,56.3186145016859,4.927749399090992,True,False,True,False,False,0.0
2024-12-06 17:00:00+00:00,2.09,2.1,2.07,2.1,13357.0,1.9745415087324691,2.2185588217430223,2.1581924062701754,"rgba(38, 166, 154, 1.0)",0.1388908119986998,2.076630561486013,0.16825762753986825,5,0.6758152467619304,3.379076233809652,0.0,0.0,0.0,0.0,56.4337579716807,4.927749399090992,True,False,True,False,False,0.0
2024-12-09 17:00:00+00:00,2.075,2.08,2.055,2.075,6994.0,1.9775345228221968,2.216810285588631,2.1580238443131763,"rgba(38, 166, 154, 1.0)",0.13759687823821226,2.077136020154243,-0.015523754474610305,4,0.795788654966155,3.18315461986462,0.0,0.0,0.0,0.0,55.92002936129004,4.927749399090992,True,False,True,False,False,0.0
2024-12-10 17:00:00+00:00,2.005,2.045,1.995,2.035,5970.0,1.9787717524977988,2.214902386954418,2.1572089384027957,"rgba(38, 166, 154, 1.0)",0.13605404331626164,2.0767195784385732,-0.3066397544804656,4,0.8150611318577548,3.260244527431019,0.0,0.0,0.0,0.0,54.602743451137954,10.814121455864473,True,False,True,False,False,0.0
2024-12-11 17:00:00+00:00,2.205,2.29,2.17,2.175,23377.0,2.0003411882160913,2.214781083118174,2.164125333513559,"rgba(38, 166, 154, 1.0)",0.13638353444778065,2.0875198253052156,0.6414276844268113,4,0.8256317239181791,3.3025268956727163,0.0,0.0,0.0,0.0,56.500740445926056,10.814121455864473,True,False,True,False,False,1.5604978424758187
2024-12-12 17:00:00+00:00,2.21,2.24,2.185,2.24,6989.0,2.0063043254780566,2.214857401660008,2.166069956545714,"rgba(38, 166, 154, 1.0)",0.13796291445807554,2.090564046099444,1.0831603151292315,4,0.8373855108555688,3.349542043422275,0.0,0.0,0.0,0.0,58.86515525587926,10.814121455864473,True,False,True,False,True,2.983414988524899
2024-12-13 17:00:00+00:00,2.125,2.17,2.12,2.125,6013.0,2.0092954654489463,2.21413456241661,2.166579828546804,"rgba(38, 166, 154, 1.0)",0.13762571648437782,2.0917268754293787,0.24176531407484558,4,0.84422101147683,3.37688404590732,0.0,0.0,0.0,0.0,57.434516536317815,10.814121455864473,True,False,True,False,True,0.3478181528356217
2024-12-16 17:00:00+00:00,2.13,2.13,2.03,2.05,12960.0,2.0121216301330818,2.211258670345212,2.1657654883545683,"rgba(38, 166, 154, 1.0)",0.13663171383403533,2.091823674117906,-0.30610517093205003,5,0.72424374667528,3.6212187333764003,0.0,0.0,0.0,0.0,54.76600019368533,10.256708078376569,True,False,True,False,False,0.0
2024-12-17 17:00:00+00:00,2.025,2.06,1.98,2.035,35566.0,2.0135806098829923,2.2015892860096895,2.1607149779828756,"rgba(38, 166, 154, 1.0)",0.13628094325875495,2.088405570513758,-0.3918784918618975,5,0.726494297308395,3.632471486541975,0.0,0.0,0.0,0.0,52.644795455326324,8.074943656857585,True,False,False,False,False,0.0
2024-12-18 17:00:00+00:00,1.95,1.97,1.85,1.885,6521.0,2.0113032943166247,2.198761435125408,2.1584136852748808,"rgba(38, 166, 154, 1.0)",0.1367567710002503,2.086052603257031,-1.470147341053139,5,0.7259963733891477,3.629981866945738,0.0,0.0,0.0,0.0,48.17490601581905,3.796079036017403,False,False,False,True,False,0.0
2024-12-19 17:00:00+00:00,1.835,1.85,1.775,1.79,6955.0,2.006920981259315,2.194841147823995,2.1354091570231772,"rgba(239, 83, 80, 1.0)",0.13873300561455204,2.0510476322556146,-1.8816548455736235,5,0.7190085898335605,3.5950429491678024,0.0,0.0,0.0,0.0,43.63995788896679,-0.38796531501062503,False,True,False,True,False,0.0
2024-12-20 17:00:00+00:00,1.855,1.875,1.785,1.835,4902.0,2.004335816898272,2.192310455509498,2.133928072077087,"rgba(239, 83, 80, 1.0)",0.13981970372429642,2.049470880159733,-1.533910274782427,5,0.7205134904825694,3.6025674524128473,0.0,0.0,0.0,0.0,41.916225664622736,-1.9536289722336733,False,True,False,True,False,0.0
2024-12-23 17:00:00+00:00,1.89,1.89,1.89,1.89,0.0,2.004335816898272,2.192310455509498,2.133928072077087,"rgba(239, 83, 80, 1.0)",0.13991110433813891,2.049470880159733,-1.1398014540312817,5,0.7251989803487373,3.6259949017436863,0.0,0.0,0.0,0.0,42.32024792319123,-1.9536289722336733,False,True,False,True,False,0.0
2024-12-24 17:00:00+00:00,1.985,2.02,1.985,2.02,3141.0,2.0043732468051236,2.191492654436561,2.135757456181119,"rgba(239, 83, 80, 1.0)",0.1388512069002576,2.0517297513584873,-0.22851620858636165,5,0.7457583733577404,3.7287918667887023,0.0,0.0,0.0,0.0,45.767059084593726,-1.9536289722336733,False,True,False,True,True,0.0
2024-12-25 17:00:00+00:00,2.02,2.02,2.02,2.02,0.0,2.0043732468051236,2.191492654436561,2.135757456181119,"rgba(239, 83, 80, 1.0)",0.13880078406715915,2.0517297513584873,-0.2285992227762546,4,0.8708112827904865,3.483245131161946,0.0,0.0,0.0,0.0,48.06493319219538,-8.009966014799858,False,False,False,False,True,0.0
2024-12-26 17:00:00+00:00,2.03,2.035,1.955,2.02,8321.0,2.0043480762890993,2.1893027110975583,2.137543769449307,"rgba(239, 83, 80, 1.0)",0.13869637588879233,2.0542574312377857,-0.24699586429895992,4,0.9212258354421627,3.684903341768651,0.0,0.0,0.0,0.0,49.596849263929826,-6.395350907639347,False,False,False,False,True,0.0
2024-12-27 17:00:00+00:00,2.24,2.52,2.24,2.5,25166.0,2.0326999118208806,2.1971471869719204,2.1648985858894068,"rgba(38, 166, 154, 1.0)",0.15043085269133438,2.0889129404064217,2.73273103381976,3,0.6016175328656549,1.8048525985969648,0.0,0.0,0.0,0.0,58.00963485786727,1.4687715164398014,True,False,True,False,True,8.309495838569614
2024-12-30 17:00:00+00:00,2.595,2.85,2.59,2.775,21745.0,2.071973912887678,2.2125939392189258,2.194307414387019,"rgba(38, 166, 154, 1.0)",0.17392211159280876,2.1264281555446587,3.729093664489283,4,0.9125240165715035,3.650096066286014,0.0,0.0,0.0,0.0,65.56337414903673,8.177626983440113,True,False,True,False,True,12.93681719207397
2024-12-31 17:00:00+00:00,2.735,2.74,2.555,2.59,23004.0,2.1029109368012664,2.2247792389148024,2.2135831653274654,"rgba(38, 166, 154, 1.0)",0.18605465146922254,2.15178515699325,2.3553017328311205,4,0.8780729687006357,3.5122918748025427,0.0,0.0,0.0,0.0,66.58445107458195,8.851300455586411,True,False,True,False,True,8.938828838159353
2025-01-01 17:00:00+00:00,2.59,2.59,2.59,2.59,0.0,2.1029109368012664,2.2247792389148024,2.2135831653274654,"rgba(38, 166, 154, 1.0)",0.19713344362282909,2.15178515699325,2.222935058371813,4,0.8418017080967317,3.367206832386927,0.0,0.0,0.0,0.0,67.26516902494542,9.550934425498049,True,False,True,False,True,8.938828838159353
2025-01-02 17:00:00+00:00,2.83,2.845,2.755,2.815,20047.0,2.1353605945469885,2.2392303329606156,2.234422354615208,"rgba(38, 166, 154, 1.0)",0.2165976050710697,2.178735180562521,2.937543188571769,4,0.7814524345995678,3.1258097383982713,0.0,0.0,0.0,0.0,69.67322709316036,12.038862323380222,True,False,True,False,True,12.535202095836176
2025-01-03 17:00:00+00:00,2.905,2.96,2.75,2.835,17238.0,2.1626128542285685,2.252001567863302,2.2516902856353216,"rgba(38, 166, 154, 1.0)",0.2354476663796101,2.201023026038013,2.6926449673951405,4,0.7306146604085383,2.922458641634153,0.0,0.0,0.0,0.0,71.43458980826489,13.980580048752522,True,False,True,False,True,12.842129748712473
2025-01-06 17:00:00+00:00,2.835,2.875,2.81,2.83,10891.0,2.178546462829087,2.259667254481336,2.2616305200166895,"rgba(38, 166, 154, 1.0)",0.2522618402296246,2.213868155647623,2.4424298331905256,4,0.6916856416805827,2.7667425667223307,0.0,0.0,0.0,0.0,72.48058419696093,15.335562595530831,True,False,True,False,True,12.732159949074731
2025-01-07 17:00:00+00:00,2.985,3.015,2.91,2.935,18006.0,2.2076181049171626,2.274343679558811,2.2802365374423235,"rgba(38, 166, 154, 1.0)",0.2717916531144828,2.2376721045966694,2.5656707533604997,4,0.6453405484755391,2.5813621939021565,0.0,0.0,0.0,0.0,74.09455932581821,17.27169349673224,True,False,True,False,True,14.358946355119212
2025-01-08 17:00:00+00:00,3.025,3.165,2.985,3.13,14669.0,2.2338897898274377,2.2882211240793615,2.2974295469305184,"rgba(38, 166, 154, 1.0)",0.29827313802095146,2.2594649382635907,2.9185835087679286,4,0.5910926203027949,2.3643704812111794,0.0,0.0,0.0,0.0,76.56375735330491,19.97306604893396,True,False,True,False,True,17.21960775458941
2025-01-09 17:00:00+00:00,3.13,3.13,3.13,3.13,0.0,2.2338897898274377,2.2882211240793615,2.2974295469305184,"rgba(38, 166, 154, 1.0)",0.3217701182661462,2.2594649382635907,2.7054565117086544,4,0.5490190150469738,2.1960760601878953,0.0,0.0,0.0,0.0,78.20988937162937,21.86680421341842,True,False,True,False,True,17.21960775458941
2025-01-10 17:00:00+00:00,3.115,3.205,3.07,3.09,11464.0,2.254002977543263,2.299113700758197,2.3106147237445183,"rgba(38, 166, 154, 1.0)",0.3416260138416483,2.2761310058024398,2.3823390527127932,4,0.5178241656283905,2.071296662513562,0.0,0.0,0.0,0.0,78.0667336504568,22.12152425999942,True,False,True,False,True,16.29970415958844
2025-01-13 17:00:00+00:00,3.01,3.115,2.98,3.06,10213.0,2.269784024216924,2.3077749448470644,2.3208301909033846,"rgba(38, 166, 154, 1.0)",0.35936521862912824,2.289066493260694,2.1452646688518957,4,0.49319258871260513,1.9727703548504205,0.0,0.0,0.0,0.0,77.00941838341609,22.12152425999942,True,False,True,False,True,15.607999383430258
2025-01-14 17:00:00+00:00,3.165,3.195,3.125,3.165,5579.0,2.279319850569117,2.3131098556112994,2.32711724362387,"rgba(38, 166, 154, 1.0)",0.37954889060615254,2.2969787137793274,2.2869814869815928,4,0.4675730878836387,1.8702923515345549,0.0,0.0,0.0,0.0,77.37118475291493,22.24635484556839,True,False,True,False,True,17.17268258098059
2025-01-15 17:00:00+00:00,3.32,3.4,3.275,3.395,12378.0,2.304284092752755,2.327377616610223,2.3439469019056656,"rgba(38, 166, 154, 1.0)",0.4068454229780631,2.318001861129449,2.6471924668269464,4,0.43638119612278164,1.7455247844911266,0.0,0.0,0.0,0.0,79.35764937266327,24.51670997104972,True,False,True,False,True,20.0
2025-01-16 17:00:00+00:00,3.385,3.495,3.37,3.465,29714.0,2.364305495950184,2.3628403589675573,2.440479542394938,"rgba(38, 166, 154, 1.0)",0.4343125146255416,2.43468813597255,2.372282237631975,4,0.40855269440610775,1.634210777624431,0.0,0.0,0.0,0.0,81.10229696756035,26.462220306190744,True,False,True,False,True,20.0
2025-01-17 17:00:00+00:00,3.345,3.375,3.31,3.345,20924.0,2.3993337927355176,2.3843009761751333,2.4608075727270657,"rgba(38, 166, 154, 1.0)",0.4552087235345814,2.4607216401703083,1.942577798077973,4,0.38951040900175493,1.5580416360070197,0.0,0.0,0.0,0.0,78.67537618157856,26.462220306190744,True,False,True,False,False,18.537801055474482
2025-01-20 17:00:00+00:00,3.345,3.345,3.345,3.345,0.0,2.3993337927355176,2.3843009761751333,2.4608075727270657,"rgba(38, 166, 154, 1.0)",0.47457474562937946,2.4607216401703083,1.8633068193651243,3,0.4643702990413889,1.3931108971241666,0.0,0.0,0.0,0.0,77.05742899092402,26.462220306190744,True,False,True,False,False,18.537801055474482
2025-01-21 17:00:00+00:00,3.38,3.39,3.3,3.305,7779.0,2.4115724936170784,2.391947688987346,2.4682060177655156,"rgba(38, 166, 154, 1.0)",0.49158090258245885,2.4701345785766304,1.6983276141068715,3,0.4479757357610053,1.343927207283016,0.0,0.0,0.0,0.0,74.72446023472443,29.236928117539833,True,False,True,False,False,17.61074775014591
2025-01-22 17:00:00+00:00,3.02,3.07,2.935,3.02,6919.0,2.4184596963772997,2.3963413085478056,2.470331203863416,"rgba(38, 166, 154, 1.0)",0.5002300641875879,2.473035743798559,1.0934253963518827,3,0.4398738473554089,1.3196215420662267,0.0,0.0,0.0,0.0,66.39516008852085,21.566805251709923,True,False,True,False,False,11.386027384594982
2025-01-23 17:00:00+00:00,2.845,2.945,2.81,2.93,4511.0,2.4220185990582097,2.3986479984139755,2.4709278441973783,"rgba(239, 83, 80, 1.0)",0.5064817971169467,2.473946779950648,0.9004335844750005,3,0.4340074996604672,1.3020224989814015,0.0,0.0,0.0,0.0,59.293428561420605,15.390254530231275,False,False,True,False,False,9.554692601046547
2025-01-24 17:00:00+00:00,2.825,2.85,2.79,2.805,5817.0,2.425767054088149,2.401116820692856,2.4710798369882077,"rgba(239, 83, 80, 1.0)",0.5105573089926017,2.474349248834244,0.647627103445399,3,0.43029638248912855,1.2908891474673856,0.0,0.0,0.0,0.0,52.6444095705688,9.754380115310056,False,True,False,False,False,7.08838423051375
2025-01-27 17:00:00+00:00,2.615,2.665,2.58,2.6,12764.0,2.429646492389004,2.4038639512051456,2.467882737772332,"rgba(239, 83, 80, 1.0)",0.5116082837836359,2.4708543684610507,0.2524306889322503,3,0.4296334525184329,1.2889003575552986,0.0,0.0,0.0,0.0,45.71592600002484,3.8827586086264105,False,True,False,True,False,3.267961192803842
2025-01-28 17:00:00+00:00,2.545,2.61,2.5,2.59,6241.0,2.431006346515618,2.404879995840029,2.4663077961533277,"rgba(239, 83, 80, 1.0)",0.5122959536675509,2.4691056879476956,0.23598529558318038,3,0.42960219233379604,1.2888065770013881,0.0,0.0,0.0,0.0,40.98718197028677,-0.023392601611305963,False,True,False,True,False,3.08706521439964
2025-01-29 17:00:00+00:00,2.485,2.51,2.385,2.45,15102.0,2.431412700655795,2.4055264607052047,2.4607191371086627,"rgba(239, 83, 80, 1.0)",0.5107524655653483,2.462647352925793,-0.024762196520762014,3,0.4298085822409122,1.2894257467227366,0.0,0.0,0.0,0.0,36.36340251612543,-4.017911723000367,False,True,False,True,False,0.5912168984327693
2025-01-30 17:00:00+00:00,2.525,2.57,2.5,2.52,7374.0,2.4325288603999535,2.4064241459271205,2.459409617572955,"rgba(239, 83, 80, 1.0)",0.5093710748480847,2.461208222789369,0.1154203293309604,3,0.4297428046135853,1.289228413840756,0.0,0.0,0.0,0.0,35.05431121755254,-5.178114709176683,False,True,False,True,False,1.7851559495225935
2025-01-31 17:00:00+00:00,2.445,2.48,2.365,2.37,5914.0,2.432281148866698,2.406415956094776,2.4574107714185733,"rgba(239, 83, 80, 1.0)",0.5080746646555663,2.458885779921359,-0.17494629452074004,4,0.35640517967251395,1.4256207186900558,0.0,0.0,0.0,0.0,32.56366125048536,-7.71511412253416,False,True,False,True,False,0.0
2025-02-03 17:00:00+00:00,2.32,2.445,2.32,2.405,11439.0,2.43155784996665,2.4062353678849355,2.4505421830109704,"rgba(239, 83, 80, 1.0)",0.506428912329504,2.4535871809579097,-0.09594077228808977,5,0.32377327558195146,1.6188663779097574,0.0,0.0,0.0,0.0,31.81559476849302,-8.806886587032274,False,True,False,True,False,0.0
2025-02-04 17:00:00+00:00,2.46,2.51,2.445,2.45,6807.0,2.4319284440068984,2.4066392313329374,2.4508567122993257,"rgba(239, 83, 80, 1.0)",0.5048529622707139,2.4540328803550158,-0.007988227575959166,5,0.3235204047420282,1.617602023710141,0.0,0.0,0.0,0.0,32.52085836355087,-8.806886587032274,False,True,False,True,False,0.5711798191810331
2025-02-05 17:00:00+00:00,2.56,2.625,2.525,2.56,6489.0,2.433242198382929,2.4076457984374224,2.452712146505004,"rgba(239, 83, 80, 1.0)",0.5031517153390715,2.4563923255474474,0.20591736308149516,5,0.3227924232624325,1.6139621163121625,0.0,0.0,0.0,0.0,35.73867156291553,-8.806886587032274,False,True,False,True,True,2.4520915115410453
2025-02-06 17:00:00+00:00,2.535,2.565,2.465,2.495,6653.0,2.433967672871767,2.4082778834071688,2.452645228039954,"rgba(239, 83, 80, 1.0)",0.5006354070686693,2.4563524234081235,0.07719705008114917,6,0.3081339213192849,1.8488035279157096,0.0,0.0,0.0,0.0,36.80721361176864,-8.806886587032274,False,True,False,True,True,1.2896068164332277
2025-02-07 17:00:00+00:00,2.435,2.495,2.43,2.455,5963.0,2.434191158333213,2.4085672754409733,2.4517365792133576,"rgba(239, 83, 80, 1.0)",0.49822308581923885,2.455258217881525,-0.0005182776328004161,6,0.3078969889501343,1.8473819337008057,0.0,0.0,0.0,0.0,36.86593419402348,-8.806886587032274,False,True,False,True,True,0.577301746324558
2025-02-10 17:00:00+00:00,2.525,2.585,2.495,2.51,14031.0,2.4360882145274645,2.410145211813405,2.4520631098978933,"rgba(239, 83, 80, 1.0)",0.4970147368525908,2.4557435691077654,0.10916463209083133,6,0.3074589277165824,1.8447535662994943,0.0,0.0,0.0,0.0,38.4229418931426,-8.806886587032274,False,True,False,True,True,1.5396456520248734
2025-02-11 17:00:00+00:00,2.405,2.47,2.4,2.455,4460.0,2.4361231052292793,2.410274874820035,2.4512908141729026,"rgba(239, 83, 80, 1.0)",0.4950552794685975,2.4548074582996273,0.0003889296980721598,6,0.3071754630028137,1.8430527780168822,0.0,0.0,0.0,0.0,38.42001883518333,-8.806886587032274,False,True,False,True,True,0.5428816154496694
2025-02-12 17:00:00+00:00,2.545,2.595,2.54,2.55,6798.0,2.437308644925049,2.4112181621704853,2.4518404633295954,"rgba(239, 83, 80, 1.0)",0.4928733824940972,2.455523374383647,0.19168538811787875,6,0.3065485336958253,1.8392912021749517,0.0,0.0,0.0,0.0,41.03481600119581,-8.806886587032274,False,True,False,True,True,2.2135538995178763
2025-02-13 17:00:00+00:00,2.525,2.555,2.505,2.515,7343.0,2.438194093413015,2.411978827910195,2.451863905934279,"rgba(239, 83, 80, 1.0)",0.48973819076675756,2.455586129218343,0.12131761806984251,6,0.30605833569089,1.8363500141453402,0.0,0.0,0.0,0.0,42.004148430950714,-13.482987109253848,False,True,False,True,True,1.5676782884954044
2025-02-14 17:00:00+00:00,2.79,2.845,2.685,2.71,11645.0,2.443055811578177,2.4154899559319234,2.473473333512562,"rgba(239, 83, 80, 1.0)",0.4862696486222153,2.484103112475959,0.46455066271171114,6,0.3045754232946272,1.8274525397677635,0.0,0.0,0.0,0.0,47.12131375549845,-8.413000356801604,False,True,False,False,True,4.90122293446078
2025-02-17 17:00:00+00:00,2.71,2.71,2.71,2.71,0.0,2.443055811578177,2.4154899559319234,2.473473333512562,"rgba(239, 83, 80, 1.0)",0.48277655100284206,2.484103112475959,0.4679118881287819,6,0.3032464863775071,1.8194789182650428,0.0,0.0,0.0,0.0,50.53275730519694,-5.151522883722073,False,True,True,False,True,4.90122293446078
2025-02-18 17:00:00+00:00,2.545,2.635,2.525,2.59,5652.0,2.44412072537213,2.4163402475208624,2.4712411936415335,"rgba(239, 83, 80, 1.0)",0.47829523657813583,2.481291142753098,0.22728400563768297,6,0.30286280667882387,1.8171768400729431,0.0,0.0,0.0,0.0,49.80387472326707,-5.151522883722073,False,True,False,False,True,2.6427524330865992
2025-02-19 17:00:00+00:00,2.565,2.65,2.565,2.58,6554.0,2.4454664127188694,2.417403114866725,2.4705905119731297,"rgba(239, 83, 80, 1.0)",0.4735563362511426,2.480446272762993,0.2102257315890092,6,0.30270756619475103,1.8162453971685062,0.0,0.0,0.0,0.0,49.08407531669797,-5.151522883722073,False,True,False,False,True,2.4565814467370153
2025-02-20 17:00:00+00:00,2.485,2.545,2.48,2.545,2212.0,2.4456950667188817,2.417611500390267,2.46992890109536,"rgba(239, 83, 80, 1.0)",0.47052536288399877,2.479616276703866,0.13895897746165334,6,0.30281914378362745,1.8169148627017648,0.0,0.0,0.0,0.0,47.74573668649133,-5.151522883722073,False,True,False,True,False,1.7989113292212835
2025-02-21 17:00:00+00:00,2.49,2.495,2.42,2.44,6187.0,2.4457437140539735,2.4177978560625486,2.4671586045924645,"rgba(239, 83, 80, 1.0)",0.4665673768247398,2.4761661023239974,-0.07751528315187532,6,0.30304870211365403,1.818292212681924,0.0,0.0,0.0,0.0,44.535643168950685,-0.2542670259894706,False,True,False,True,False,0.0
2025-02-24 17:00:00+00:00,2.335,2.36,2.3,2.33,3979.0,2.445140473979338,2.417489954689236,2.4643469179083124,"rgba(239, 83, 80, 1.0)",0.46208651348632496,2.4726832405582932,-0.3087803612396832,6,0.3034286438302524,1.8205718629815144,0.0,0.0,0.0,0.0,40.440751572964416,-4.160679815830221,False,True,False,True,False,0.0
2025-02-25 17:00:00+00:00,2.205,2.24,2.19,2.21,5664.0,2.443433374722895,2.4164758614822937,2.4591550951872807,"rgba(239, 83, 80, 1.0)",0.4589013319139901,2.4662716805157627,-0.5584461466845223,6,0.3035608753731764,1.8213652522390582,0.0,0.0,0.0,0.0,36.003279679067724,-8.249720828852325,False,True,False,True,False,0.0
2025-02-26 17:00:00+00:00,2.245,2.26,2.115,2.12,8190.0,2.440499688024649,2.4146825191582133,2.451899781652479,"rgba(239, 83, 80, 1.0)",0.4548568530392374,2.457336937105449,-0.7416331860264379,6,0.30362883543267016,1.821773012596021,0.0,0.0,0.0,0.0,31.976289103336654,-11.88089656293375,False,True,False,True,False,0.0
2025-02-27 17:00:00+00:00,2.16,2.21,2.11,2.12,3893.0,2.43903540886348,2.4137770821979774,2.448697198713042,"rgba(239, 83, 80, 1.0)",0.4536672591029505,2.4534019194974936,-0.7349040796039346,6,0.3038251392845988,1.822950835707593,0.0,0.0,0.0,0.0,29.29162871951594,-14.289481983065805,False,True,False,True,False,0.0
2025-02-28 17:00:00+00:00,2.095,2.135,2.085,2.11,3325.0,2.4376408764731345,2.41290308773211,2.4458546127577936,"rgba(239, 83, 80, 1.0)",0.4512323765618546,2.4499135322018515,-0.7533004054181749,6,0.3038251392845988,1.822950835707593,0.0,0.0,0.0,0.0,27.37149936169102,-16.097666000244224,False,True,False,True,False,0.0
2025-03-03 17:00:00+00:00,2.17,2.185,2.035,2.045,4716.0,2.435553632465366,2.411583995247603,2.4418528397527774,"rgba(239, 83, 80, 1.0)",0.44969671461456867,2.4450092110642445,-0.8895088580024187,6,0.30388153096595377,1.8232891857957227,0.0,0.0,0.0,0.0,25.253887401033396,-18.19310513234491,False,True,False,True,False,0.0
2025-03-04 17:00:00+00:00,2.125,2.195,2.11,2.155,4864.0,2.4338249907967433,2.4105060125299533,2.4386793686938804,"rgba(239, 83, 80, 1.0)",0.44711185290597105,2.4411279231201366,-0.6399470764652494,6,0.30435544536417564,1.8261326721850537,0.0,0.0,0.0,0.0,28.28990225061423,-18.19310513234491,False,True,False,True,True,0.0
2025-03-05 17:00:00+00:00,2.155,2.235,2.155,2.23,2335.0,2.4331590071459837,2.4100983673576586,2.437487507109702,"rgba(239, 83, 80, 1.0)",0.4442295182277587,2.439672957168429,-0.4719924015966189,6,0.30567592593124626,1.8340555555874776,0.0,0.0,0.0,0.0,32.823913718981174,-24.009449470323794,False,True,False,True,True,0.0
2025-03-06 17:00:00+00:00,2.15,2.175,2.105,2.115,4316.0,2.431533987550067,2.4090729394926123,2.4347122314183585,"rgba(239, 83, 80, 1.0)",0.44375315758298167,2.4362854289787865,-0.7240183500411623,6,0.30687283500482515,1.841237010028951,0.0,0.0,0.0,0.0,33.53973448639558,-23.235673964791346,False,True,False,True,True,0.0
2025-03-07 17:00:00+00:00,2.06,2.18,2.06,2.16,5046.0,2.429666625299909,2.407890754527066,2.4316536781537614,"rgba(239, 83, 80, 1.0)",0.4411953766307644,2.4325578523493103,-0.6177713248736361,6,0.3076615719666056,1.8459694317996336,0.0,0.0,0.0,0.0,35.48646098275079,-21.17551274762863,False,True,False,True,True,0.0
2025-03-10 17:00:00+00:00,2.05,2.06,2.005,2.035,4620.0,2.42740722917335,2.4064262254939295,2.4281077907379665,"rgba(239, 83, 80, 1.0)",0.4370784764714413,2.4282380052790247,-0.8996965681166839,6,0.3082942353066727,1.8497654118400364,0.0,0.0,0.0,0.0,34.489490175280054,-21.17551274762863,False,True,False,True,True,0.0
2025-03-11 17:00:00+00:00,1.99,2.025,1.96,2.01,2999.0,2.425825273731414,2.405393054510878,2.425696149672308,"rgba(239, 83, 80, 1.0)",0.43353727356199634,2.425302500170191,-0.9579395486759741,6,0.3088240620893405,1.8529443725360428,0.0,0.0,0.0,0.0,33.41490417743314,-21.17551274762863,False,True,False,True,True,0.0
2025-03-12 17:00:00+00:00,2.085,2.11,2.065,2.105,2715.0,2.424719186228405,2.4046794624518086,2.4240515026626968,"rgba(239, 83, 80, 1.0)",0.4295635539089048,2.4233049059954395,-0.740996071708031,6,0.3100898716693598,1.8605392300161587,0.0,0.0,0.0,0.0,35.88914629769487,-20.039730364019753,False,True,False,True,True,0.0
2025-03-13 17:00:00+00:00,1.92,1.975,1.88,1.95,4037.0,2.4223087177348783,2.403087881964875,2.397201360669721,"rgba(239, 83, 80, 1.0)",0.4276252463914556,2.39190712820393,-1.033398125889416,6,0.31083777957293085,1.865026677437585,0.0,0.0,0.0,0.0,34.76743790449018,-20.039730364019753,False,True,False,True,True,0.0
2025-03-14 17:00:00+00:00,1.995,2.04,1.985,2.025,3579.0,2.420546298431967,2.4019304694029437,2.396648637661542,"rgba(239, 83, 80, 1.0)",0.42659523613783734,2.3913344195208603,-0.8587400619787839,6,0.31172331267258746,1.8703398760355248,0.0,0.0,0.0,0.0,36.26349415264333,-19.182204082588694,False,True,False,True,True,0.0
2025-03-17 17:00:00+00:00,2.09,2.15,2.075,2.12,7078.0,2.417943284691095,2.4002408541641356,2.396567602475892,"rgba(239, 83, 80, 1.0)",0.4279361954630493,2.391413772776242,-0.6342388787248019,6,0.31235901073954553,1.8741540644372732,0.0,0.0,0.0,0.0,39.78109591277062,-15.647551970047722,False,False,False,True,True,0.0
2025-03-18 17:00:00+00:00,2.225,2.26,2.165,2.195,6319.0,2.4163485146575208,2.399228530875896,2.387295922321115,"rgba(239, 83, 80, 1.0)",0.42836771692192516,2.38269857103149,-0.43817160728220894,6,0.3134261459981523,1.8805568759889137,0.0,0.0,0.0,0.0,43.890844168084996,-11.720720399407291,True,False,False,True,True,0.0
2025-03-19 17:00:00+00:00,2.165,2.195,2.145,2.16,3668.0,2.415259294057947,2.3985246893563907,2.385773139322444,"rgba(239, 83, 80, 1.0)",0.4271577129254644,2.3808856603376594,-0.5171056348833902,6,0.3147354936175917,1.88841296170555,0.0,0.0,0.0,0.0,45.76800030322308,-9.923883973274648,True,False,False,True,True,0.0
2025-03-20 17:00:00+00:00,2.17,2.185,2.105,2.115,4224.0,2.413858393912391,2.397609436080942,2.38343823871048,"rgba(239, 83, 80, 1.0)",0.42571019622646217,2.378084730731672,-0.6179902033441556,6,0.3162773092922269,1.8976638557533616,0.0,0.0,0.0,0.0,45.91308554827017,-9.617036495435848,True,False,False,True,True,0.0
2025-03-21 17:00:00+00:00,2.17,2.175,2.12,2.13,3383.0,2.4127730559399287,2.396899474955859,2.381983612743555,"rgba(239, 83, 80, 1.0)",0.42538565438312176,2.376358360711202,-0.5791412055690071,6,0.3187549490311546,1.9125296941869276,0.0,0.0,0.0,0.0,46.44945138056957,-8.809574535631441,True,False,False,True,True,0.0
2025-03-24 17:00:00+00:00,2.155,2.2,2.115,2.15,2239.0,2.412094578999938,2.39645619086515,2.381241000632027,"rgba(239, 83, 80, 1.0)",0.42456557553330876,2.3754878790636207,-0.5311025953538017,6,0.32118450740676235,1.9271070444405742,0.0,0.0,0.0,0.0,47.42750590525263,-7.545462905165451,True,False,False,True,True,0.0
2025-03-25 17:00:00+00:00,2.155,2.205,2.13,2.17,8829.0,2.409590573091794,2.3948195760824107,2.3789023178107627,"rgba(239, 83, 80, 1.0)",0.4230362687579949,2.3727802159329725,-0.4793447534139832,6,0.32360941633787127,1.9416564980272275,0.0,0.0,0.0,0.0,48.72698333398553,-5.993937919188042,True,False,False,False,True,0.0
2025-03-26 17:00:00+00:00,2.175,2.175,2.08,2.12,7002.0,2.407290836691702,2.393293072893521,2.375829617415126,"rgba(239, 83, 80, 1.0)",0.4235819692629591,2.369140580888235,-0.5881756046456473,6,0.32589428152591987,1.9553656891555193,0.0,0.0,0.0,0.0,47.92671416550479,-5.993937919188042,True,False,False,False,True,0.0
2025-03-27 17:00:00+00:00,2.1,2.15,2.06,2.075,3304.0,2.4061045712634526,2.3924988772079114,2.3741036537438305,"rgba(239, 83, 80, 1.0)",0.4251547360074345,2.3670879285582305,-0.6870155823763955,6,0.3268480864232253,1.961088518539352,0.0,0.0,0.0,0.0,46.00688812267576,-5.993937919188042,True,False,False,True,False,0.0
2025-03-28 17:00:00+00:00,2.05,2.055,1.98,2.02,10220.0,2.401601218992987,2.38944257020473,2.366700046302663,"rgba(239, 83, 80, 1.0)",0.42642949841341754,2.3582357618947807,-0.7931809669669375,6,0.3278005335323859,1.9668032011943155,0.0,0.0,0.0,0.0,43.18259428418621,-2.516489832506153,True,False,False,True,False,0.0
2025-03-31 17:00:00+00:00,1.99,2.05,1.99,2.04,3245.0,2.40022375228462,2.388504121562784,2.3646582537235545,"rgba(239, 83, 80, 1.0)",0.4265591749449676,2.3558083166532233,-0.7403622643774271,6,0.3291420150484525,1.9748520902907147,0.0,0.0,0.0,0.0,42.1954170059061,-3.57119947887125,True,False,False,True,False,0.0
2025-04-01 17:00:00+00:00,2.095,2.095,2.02,2.04,6273.0,2.3977657252748807,2.386828072730426,2.3613791237605173,"rgba(239, 83, 80, 1.0)",0.42649315869591176,2.351934562591547,-0.7313940592748298,6,0.330031542223914,1.9801892533434842,0.0,0.0,0.0,0.0,41.537298820386034,-4.376061902022599,True,False,False,True,False,0.0
2025-04-02 17:00:00+00:00,2.225,2.27,2.095,2.115,14578.0,2.3939319649188,2.3842351319067068,2.3584499336861837,"rgba(239, 83, 80, 1.0)",0.4231584373057742,2.3378986781753444,-0.526749932234667,6,0.33213124692408685,1.992787481544521,0.0,0.0,0.0,0.0,44.47696306356054,-4.376061902022599,True,False,False,True,True,0.0
2025-04-03 17:00:00+00:00,1.995,2.06,1.995,2.05,1346.0,2.3933983980114655,2.3838669158671566,2.357747841497465,"rgba(239, 83, 80, 1.0)",0.4186586043867112,2.3364331139140693,-0.6841687019275824,6,0.3323725615026037,1.9942353690156223,0.0,0.0,0.0,0.0,44.05561364630956,-4.376061902022599,True,False,False,True,True,0.0
2025-04-04 17:00:00+00:00,1.84,1.89,1.81,1.85,6511.0,2.3895188067430646,2.3811579030498664,2.3515492936562503,"rgba(239, 83, 80, 1.0)",0.4183590853851821,2.3237898052167214,-1.1324955564918695,6,0.33179849292281083,1.990790957536865,0.0,0.0,0.0,0.0,39.03096946548689,-6.667279097979659,False,False,False,True,False,0.0
2025-04-07 17:00:00+00:00,1.805,1.93,1.805,1.825,5687.0,2.386195898390391,2.3788288328132166,2.3465061699831486,"rgba(239, 83, 80, 1.0)",0.4196233617969423,2.3153049320527326,-1.16844050329589,6,0.3308691902331197,1.9852151413987182,0.0,0.0,0.0,0.0,35.25361157185252,-10.061110445303612,False,True,False,True,False,0.0
2025-04-08 17:00:00+00:00,1.835,1.835,1.735,1.76,2834.0,2.3843192828457296,2.3775076310780228,2.3130088373391833,"rgba(239, 83, 80, 1.0)",0.4243558977178586,2.2764444429478474,-1.2170078128411348,6,0.32924457832101156,1.9754674699260693,0.0,0.0,0.0,0.0,31.677035305410413,-13.221983214776586,False,True,False,True,False,0.0
2025-04-09 17:00:00+00:00,1.885,2.03,1.885,2.015,4312.0,2.3824185537372675,2.376173927693241,2.3167237751655674,"rgba(239, 83, 80, 1.0)",0.42442581244579364,2.281219466874224,-0.62724617369549,6,0.3296443861434791,1.9778663168608746,0.0,0.0,0.0,0.0,37.74457015568514,-18.025175788023052,False,False,False,True,True,0.0
2025-04-10 17:00:00+00:00,1.99,2.03,1.99,2.005,2999.0,2.3812093703283344,2.3753246676761925,2.316996806675133,"rgba(239, 83, 80, 1.0)",0.4246378106931506,2.2818111232099088,-0.6518758250897647,6,0.32927472195189283,1.9756483317113571,0.0,0.0,0.0,0.0,41.54676919535339,-14.800416071466223,True,False,False,True,True,0.0
2025-04-11 17:00:00+00:00,2.205,2.215,2.1,2.11,6356.0,2.379579522856792,2.374186911460707,2.3200228163257255,"rgba(239, 83, 80, 1.0)",0.426480600617079,2.2871305438233103,-0.4153308346663798,6,0.33024800002922877,1.9814880001753727,0.0,0.0,0.0,0.0,46.575430070539106,-10.390295039917604,True,False,False,False,True,0.0
2025-04-14 17:00:00+00:00,2.265,2.315,2.235,2.285,10348.0,2.3784702692592052,2.3734330004466693,2.326232990550605,"rgba(38, 166, 154, 1.0)",0.42520450829439194,2.298110294468373,-0.030832915015322492,6,0.3332106955646201,1.9992641733877203,0.0,0.0,0.0,0.0,53.05356153114029,-4.67721322088601,True,False,True,False,True,0.5741332284297158
2025-04-15 17:00:00+00:00,2.445,2.45,2.35,2.365,12430.0,2.3785983844252736,2.3735724568987258,2.334056950077753,"rgba(38, 166, 154, 1.0)",0.42495892753311093,2.31153284188861,0.12581723702515746,7,0.3024896378272609,2.1174274647908264,0.0,0.0,0.0,0.0,58.50614934303252,0.049715029293508906,True,False,True,False,True,2.079800125665077
2025-04-16 17:00:00+00:00,2.315,2.315,2.22,2.25,10370.0,2.3773448171293774,2.3727054452258542,2.334811249899311,"rgba(38, 166, 154, 1.0)",0.4251686257949451,2.313781205730832,-0.15001390474562698,7,0.3047923929998575,2.1335467509990025,0.0,0.0,0.0,0.0,58.918347966012746,0.2945290430291365,True,False,True,False,True,0.0
2025-04-17 17:00:00+00:00,2.355,2.425,2.305,2.39,12182.0,2.3772949258132052,2.3727111083963583,2.3387058865728463,"rgba(38, 166, 154, 1.0)",0.42289045074739506,2.320556390308847,0.16421181790324696,8,0.29486762646723297,2.3589410117378637,0.0,0.0,0.0,0.0,61.34300262143175,2.7145448399090384,True,False,True,False,True,2.4555359422132703
2025-04-18 17:00:00+00:00,2.39,2.39,2.39,2.39,0.0,2.3772949258132052,2.3727111083963583,2.3387058865728463,"rgba(38, 166, 154, 1.0)",0.42026582107085747,2.320556390308847,0.165237347910443,9,0.2775018973557627,2.497517076201864,0.0,0.0,0.0,0.0,62.959439058377754,4.511507074956327,True,False,True,False,True,2.4555359422132703
2025-04-21 17:00:00+00:00,2.295,2.295,2.255,2.29,11263.0,2.376188861973252,2.3719443861112497,2.3390956273837213,"rgba(38, 166, 154, 1.0)",0.4178616198376383,2.321923288060624,-0.07639679392672646,8,0.2706129030907899,2.164903224726319,0.0,0.0,0.0,0.0,61.2457533482973,4.511507074956327,True,False,True,False,True,0.5143638101964214
2025-04-22 17:00:00+00:00,2.315,2.32,2.275,2.285,6850.0,2.3756199361801653,2.371550974192175,2.3394494220085478,"rgba(38, 166, 154, 1.0)",0.4137210293060913,2.322862433970329,-0.0915168224197677,9,0.25403104031174745,2.286279362805727,0.0,0.0,0.0,0.0,59.96711743199208,4.511507074956327,True,False,True,False,True,0.4179298237470199
2025-04-23 17:00:00+00:00,2.415,2.42,2.36,2.36,9200.0,2.3756599606012445,2.3716073845018015,2.3415179686325405,"rgba(38, 166, 154, 1.0)",0.40506752857110656,2.326325676690127,0.08313261600765859,8,0.25250585250197505,2.0200468200158004,0.0,0.0,0.0,0.0,60.62712145070098,4.511507074956327,True,False,True,False,True,1.8477887608038586
2025-04-24 17:00:00+00:00,2.515,2.565,2.46,2.49,18336.0,2.3779733892218524,2.3733590836409335,2.349421218310768,"rgba(38, 166, 154, 1.0)",0.3961106292825682,2.3382530045004364,0.38309246024123755,8,0.25350418457113716,2.0280334765690973,0.0,0.0,0.0,0.0,63.24891870664017,6.292804890048117,True,False,True,False,True,4.246952688509371
2025-04-25 17:00:00+00:00,2.53,2.64,2.53,2.6,9713.0,2.3799634519947674,2.374855685877334,2.354600042340247,"rgba(38, 166, 154, 1.0)",0.3883892006366457,2.34577457115965,0.6545635883377425,8,0.2537402985207735,2.029922388166188,0.0,0.0,0.0,0.0,66.47448543128625,9.693075026627731,True,False,True,False,True,6.195332505516234
2025-04-28 17:00:00+00:00,2.52,2.54,2.5,2.51,4923.0,2.380610699589268,2.375350491047276,2.3563986720170367,"rgba(38, 166, 154, 1.0)",0.38057300326062576,2.348395544560445,0.4246345748515532,8,0.25437613875012366,2.0350091100009893,0.0,0.0,0.0,0.0,65.83767555170485,9.693075026627731,True,False,True,False,True,4.370547936817296
2025-04-29 17:00:00+00:00,2.615,2.73,2.61,2.655,4621.0,2.3818690026966216,2.376296038315351,2.359259000342355,"rgba(38, 166, 154, 1.0)",0.3707319640780798,2.352453981194265,0.8160775118436121,8,0.2548204000154429,2.0385632001235434,0.0,0.0,0.0,0.0,67.44552184797824,11.285600208863777,True,False,True,False,True,6.887119021158121
2025-04-30 17:00:00+00:00,2.655,2.695,2.65,2.655,3098.0,2.3827113041225805,2.376930140342443,2.3611288849031355,"rgba(38, 166, 154, 1.0)",0.3524876203819418,2.3550934061588524,0.8508287284420948,8,0.254669447982963,2.037355583863704,0.0,0.0,0.0,0.0,68.51741937882717,12.690050870546564,True,False,True,False,True,6.887119021158121
2025-05-01 17:00:00+00:00,2.745,2.81,2.725,2.725,5349.0,2.3845942656687305,2.378344033254728,2.365069160827246,"rgba(38, 166, 154, 1.0)",0.3308406300963107,2.3606003440704386,1.1014356242263275,8,0.2540333950503513,2.03226716040281,0.0,0.0,0.0,0.0,70.16232593210705,14.616395512563358,True,False,True,False,True,8.085572060200949
2025-05-02 17:00:00+00:00,2.76,2.795,2.72,2.725,7233.0,2.387064727303371,2.380205422232097,2.370080901853297,"rgba(38, 166, 154, 1.0)",0.3129148489648646,2.367551902235099,1.1423174673472816,7,0.2753512727214828,1.9274589090503795,0.0,0.0,0.0,0.0,71.25893030096032,16.005297038104658,True,False,True,False,True,8.085572060200949
2025-05-05 17:00:00+00:00,2.795,2.795,2.72,2.735,3455.0,2.388243766658392,2.3810959587440506,2.3724080769925386,"rgba(38, 166, 154, 1.0)",0.29384415493146815,2.3707586841995116,1.2395731195859196,7,0.2755813012654131,1.9290691088578915,0.0,0.0,0.0,0.0,72.13962867065534,17.195141081624755,True,False,True,False,True,8.260245223829436
2025-05-06 17:00:00+00:00,2.815,2.835,2.715,2.76,14324.0,2.393317075690045,2.3849404190907353,2.4007893846672306,"rgba(38, 166, 154, 1.0)",0.27568666114837037,2.4108666726169403,1.2664135650551522,7,0.27585105673477106,1.9309573971433975,0.0,0.0,0.0,0.0,73.12169500973843,18.47463352160881,True,False,True,False,True,8.701736880379038
2025-05-07 17:00:00+00:00,2.405,2.44,2.31,2.365,8550.0,2.393146686646993,2.3848625556866727,2.392035472188734,"rgba(239, 83, 80, 1.0)",0.26353738815385597,2.403068957584317,-0.14445372571610846,7,0.2783730881224221,1.948611616856955,0.0,0.0,0.0,0.0,62.5993058379745,17.922371079178717,True,False,True,False,False,0.6351036413294153
2025-05-08 17:00:00+00:00,2.535,2.555,2.42,2.425,6399.0,2.3935771898695797,2.385220123423311,2.393272918696087,"rgba(239, 83, 80, 1.0)",0.25396894539535025,2.404645333461365,0.08014628129808887,7,0.2820885769730109,1.9746200388110762,0.0,0.0,0.0,0.0,56.965686337960435,13.071833321485634,True,False,True,False,False,1.7296004022839249
2025-05-09 17:00:00+00:00,2.385,2.48,2.36,2.395,6058.0,2.3936769169960233,2.3853291107064294,2.3920807025372914,"rgba(239, 83, 80, 1.0)",0.24753019653811803,2.403141834725604,-0.032892288857978326,7,0.2854753804193554,1.9983276629354876,0.0,0.0,0.0,0.0,52.6257166754007,9.422787060926296,False,False,False,False,False,1.1577211083121632
2025-05-12 17:00:00+00:00,2.53,2.56,2.45,2.465,3421.0,2.3939810347643062,2.3855760031979627,2.392926228498504,"rgba(239, 83, 80, 1.0)",0.24584753203766385,2.4042150264259674,0.24724662912101225,7,0.2884357267335867,2.0190500871351067,0.0,0.0,0.0,0.0,51.441456079893925,8.527260686829422,False,False,False,False,False,2.4452529486501255
2025-05-13 17:00:00+00:00,2.465,2.495,2.43,2.435,5835.0,2.394293566100991,2.385843272337155,2.3932136108155797,"rgba(239, 83, 80, 1.0)",0.24405637363837612,2.4045757793709863,0.12466062727824512,7,0.29025358116847005,2.0317750681792903,0.0,0.0,0.0,0.0,49.96103736649455,7.096241562194905,False,False,False,False,False,1.8591879067363912
2025-05-14 17:00:00+00:00,2.52,2.56,2.445,2.46,6408.0,2.3948342519624988,2.386285329757869,2.3944130197319673,"rgba(239, 83, 80, 1.0)",0.24414103884199392,2.4060877048027245,0.2208243868093273,7,0.2921447127403553,2.0450129891824873,0.0,0.0,0.0,0.0,49.64700710782512,6.559821898373912,False,False,False,False,False,2.3268344950541113
2025-05-15 17:00:00+00:00,2.56,2.635,2.495,2.52,4106.0,2.395403797863277,2.3867365435461583,2.396012517814032,"rgba(239, 83, 80, 1.0)",0.24414103884199392,2.408108800547562,0.45830557608486766,7,0.29407419709579424,2.05851937967056,0.0,0.0,0.0,0.0,51.0223480157545,6.559821898373912,False,False,False,False,False,3.4472255591558465
2025-05-16 17:00:00+00:00,2.475,2.525,2.47,2.49,1884.0,2.3955712562014004,2.3868732817089025,2.3963437906420864,"rgba(239, 83, 80, 1.0)",0.24498358099055556,2.4085235880331615,0.3325790717786094,6,0.19485788635583237,1.1691473181349943,0.0,0.0,0.0,0.0,51.045894222960335,6.559821898373912,False,False,False,False,False,2.834995859035267
2025-05-19 17:00:00+00:00,2.45,2.49,2.435,2.45,6825.0,2.3959512231469176,2.387198751281285,2.396697848021987,"rgba(239, 83, 80, 1.0)",0.24528986346181994,2.4089464560973743,0.16736747015644995,6,0.19556232503081783,1.173373950184907,0.0,0.0,0.0,0.0,49.87692238398602,5.651358190726157,False,False,False,False,False,2.017214375226331
2025-05-20 17:00:00+00:00,2.44,2.455,2.42,2.44,3436.0,2.396080006555981,2.3873157328915915,2.3966842700967486,"rgba(239, 83, 80, 1.0)",0.245212318371411,2.4089131698930384,0.12677515678423573,6,0.19568933629593568,1.1741360177756142,0.0,0.0,0.0,0.0,48.79354460641981,4.180298415795335,False,True,False,False,False,1.8113403088372557
2025-05-21 17:00:00+00:00,2.465,2.48,2.26,2.355,10805.0,2.3957858355254724,2.387156338698223,2.3945953190818337,"rgba(239, 83, 80, 1.0)",0.24345871137452707,2.4062043509846127,-0.2103204715720442,6,0.19575463406890345,1.1745278044134206,0.0,0.0,0.0,0.0,45.6616243578074,0.8979835613557938,False,True,False,True,False,0.07082489338385045
2025-05-22 17:00:00+00:00,2.38,2.46,2.355,2.355,5146.0,2.3957598712274812,2.3871659794156295,2.3941239957852725,"rgba(239, 83, 80, 1.0)",0.24248956511402775,2.405576878898347,-0.20857342407523302,7,0.18369783077031826,1.2858848153922278,0.0,0.0,0.0,0.0,43.573677525399134,-1.2868755036829427,False,True,False,True,False,0.07082489338385045
2025-05-23 17:00:00+00:00,2.375,2.39,2.255,2.27,10027.0,2.3949731431917414,2.3866267603021996,2.3912854210100347,"rgba(239, 83, 80, 1.0)",0.24182746436772565,2.4019216633481246,-0.5455197725082334,7,0.18451840162123223,1.2916288113486256,0.0,0.0,0.0,0.0,40.02750928581649,-4.746028627027542,False,True,False,True,False,0.0
2025-05-26 17:00:00+00:00,2.27,2.27,2.27,2.27,0.0,2.3949731431917414,2.3866267603021996,2.3912854210100347,"rgba(239, 83, 80, 1.0)",0.24055719853242147,2.4019216633481246,-0.5484003977139128,7,0.1853665903728783,1.2975661326101482,0.0,0.0,0.0,0.0,37.663397126094736,-7.027098379871006,False,True,False,True,False,0.0
2025-05-27 17:00:00+00:00,2.25,2.255,2.225,2.25,2844.0,2.3946012346828836,2.386360534307494,2.3901408470872427,"rgba(239, 83, 80, 1.0)",0.2398660098944904,2.400456654948683,-0.6272529193063419,7,0.18688627891258117,1.3082039523880682,0.0,0.0,0.0,0.0,35.5760194960409,-9.064971286278727,False,True,False,True,False,0.0
2025-05-28 17:00:00+00:00,2.25,2.27,2.215,2.22,5863.0,2.3937983389663073,2.385783014461856,2.3878083050731282,"rgba(239, 83, 80, 1.0)",0.23807453976955942,2.397474170421708,-0.7454563205015177,7,0.19016857350261554,1.3311800145183088,0.0,0.0,0.0,0.0,33.42173812431862,-11.18650186640248,False,True,False,True,False,0.0
2025-05-29 17:00:00+00:00,2.225,2.24,2.185,2.22,5703.0,2.3929276763874965,2.385151514169131,2.385448465284651,"rgba(239, 83, 80, 1.0)",0.23668626362209613,2.39446318004782,-0.7371073309365166,7,0.19375934433640876,1.3563154103548614,0.0,0.0,0.0,0.0,31.985550543170433,-12.673780583183948,False,True,False,True,False,0.0
2025-05-30 17:00:00+00:00,2.22,2.285,2.22,2.235,6958.0,2.3920638559739245,2.384529561511879,2.3832527606764926,"rgba(239, 83, 80, 1.0)",0.23139847072150935,2.3916590701513614,-0.6770099632158003,7,0.1972735058160573,1.380914540712401,0.0,0.0,0.0,0.0,32.06961179937369,-12.82763828311149,False,True,False,True,False,0.0
2025-06-02 17:00:00+00:00,2.215,2.27,2.2,2.24,6795.0,2.3911727170303356,2.3838838794838035,2.3811217336266273,"rgba(239, 83, 80, 1.0)",0.22579722626150284,2.388943754926352,-0.6596350070033866,7,0.20077115943732754,1.4053981160612927,0.0,0.0,0.0,0.0,32.49293597588708,-12.82763828311149,False,True,False,True,False,0.0
2025-06-03 17:00:00+00:00,2.185,2.21,2.175,2.195,5102.0,2.390324513571375,2.38326115052231,2.379163699476817,"rgba(239, 83, 80, 1.0)",0.2228258318762711,2.386458928954781,-0.8592312989146282,7,0.20586330098945146,1.4410431069261602,0.0,0.0,0.0,0.0,31.20414684997371,-14.270807454177465,False,True,False,True,False,0.0
2025-06-04 17:00:00+00:00,2.205,2.205,2.185,2.195,5710.0,2.389391773094249,2.382575094321962,2.377098460478256,"rgba(239, 83, 80, 1.0)",0.21988629330174908,2.3838421690227047,-0.8588173741396311,7,0.21592651517569403,1.5114856062298583,0.0,0.0,0.0,0.0,30.3449540993648,-15.393824204402982,False,True,False,True,False,0.0
2025-06-05 17:00:00+00:00,2.185,2.21,2.17,2.17,7896.0,2.3880399898196254,2.3815760900510403,2.3742284480847635,"rgba(239, 83, 80, 1.0)",0.21756635106816938,2.38021535907121,-0.9662126428978156,9,0.2020714009155958,1.8186426082403622,0.0,0.0,0.0,0.0,28.909448752484778,-17.025075244198916,False,True,False,True,False,0.0
2025-06-06 17:00:00+00:00,2.19,2.205,2.16,2.2,10579.0,2.386300001976607,2.380286594212041,2.370752313299395,"rgba(239, 83, 80, 1.0)",0.21656927818195507,2.3758359762749186,-0.8119156038705835,9,0.21405238041045513,1.926471423694096,0.0,0.0,0.0,0.0,30.634217250210803,-17.025075244198916,False,True,False,True,True,0.0
2025-06-09 17:00:00+00:00,2.205,2.21,2.17,2.18,6154.0,2.385293292831491,2.379537912746396,2.3688320396753637,"rgba(239, 83, 80, 1.0)",0.21652871561223805,2.373424245918365,-0.8932960479235063,11,0.2058838093554144,2.2647219029095584,0.0,0.0,0.0,0.0,30.92709467496304,-17.025075244198916,False,True,False,True,True,0.0
2025-06-10 17:00:00+00:00,2.17,2.19,2.14,2.145,10616.0,2.3833359721694185,2.3780721716298516,2.3651783700928313,"rgba(239, 83, 80, 1.0)",0.21681951642484462,2.368852040355047,-1.0324349212015693,11,0.22112654002584478,2.4323919402842926,0.0,0.0,0.0,0.0,29.764144798950934,-17.025075244198916,False,True,False,True,True,0.0
2025-06-11 17:00:00+00:00,2.145,2.165,2.105,2.125,13021.0,2.380701724205844,2.37608570344197,2.360437332970048,"rgba(239, 83, 80, 1.0)",0.2167801435340225,2.3629470402947717,-1.0976422305829274,11,0.23001315575982095,2.5301447133580304,0.0,0.0,0.0,0.0,28.28695296510689,-18.228964464353748,False,True,False,True,False,0.0
2025-06-12 17:00:00+00:00,2.145,2.155,2.135,2.145,6050.0,2.379560967102732,2.3752233375133622,2.3584859217931267,"rgba(239, 83, 80, 1.0)",0.21659845773202696,2.360526243131523,-0.9950497588407095,11,0.23778948427745458,2.6156843270520005,0.0,0.0,0.0,0.0,29.28019265022165,-18.228964464353748,False,True,False,True,False,0.0
2025-06-13 17:00:00+00:00,2.105,2.105,2.07,2.07,8556.0,2.3775358712346035,2.3736822053839934,2.354969148055914,"rgba(239, 83, 80, 1.0)",0.21699472738228567,2.3561727455007553,-1.318800456365914,11,0.24244522199283666,2.6668974419212033,0.0,0.0,0.0,0.0,27.32540076475876,-19.301000920705704,False,True,False,True,False,0.0
2025-06-16 17:00:00+00:00,2.055,2.08,2.03,2.04,12495.0,2.3743161560041983,2.371219483976881,2.3494983607197577,"rgba(239, 83, 80, 1.0)",0.2170589034515017,2.349425859633648,-1.4255386658340146,11,0.24306068673016437,2.673667554031808,0.0,0.0,0.0,0.0,25.229807355848447,-21.326048788457438,False,True,False,True,False,0.0
2025-06-17 17:00:00+00:00,2.01,2.03,1.99,1.995,9087.0,2.3716946705192474,2.3692042487944636,2.3261407150541853,"rgba(239, 83, 80, 1.0)",0.21877078794404525,2.3231555832421558,-1.4999972634650272,11,0.24308046976305997,2.6738851673936597,0.0,0.0,0.0,0.0,22.807043007699008,-23.599153309678208,False,True,False,True,False,0.0
2025-06-18 17:00:00+00:00,2.24,2.285,2.215,2.265,8184.0,2.3709533982993953,2.368641046252448,2.3313105411895436,"rgba(38, 166, 154, 1.0)",0.21877251750257656,2.329667192700939,-0.2955910250480945,11,0.2437170505056749,2.680887555562424,0.0,0.0,0.0,0.0,34.777251846112094,-19.965602862281436,False,True,False,True,True,0.0
2025-06-19 17:00:00+00:00,2.265,2.265,2.265,2.265,0.0,2.3709533982993953,2.368641046252448,2.3313105411895436,"rgba(38, 166, 154, 1.0)",0.21823507864124483,2.329667192700939,-0.2963189653265814,10,0.24222510932125818,2.422251093212582,0.0,0.0,0.0,0.0,42.75739107172082,-13.329156027391122,False,True,False,True,True,0.0
2025-06-20 17:00:00+00:00,2.215,2.245,2.19,2.195,741.0,2.370860879555289,2.3685702424433708,2.331372964927219,"rgba(38, 166, 154, 1.0)",0.21807970276198912,2.329751141193643,-0.6178985916021247,9,0.22526853397350216,2.0274168057615194,0.0,0.0,0.0,0.0,45.33414848000254,-11.626575606032873,False,False,False,True,True,0.0
2025-06-23 17:00:00+00:00,2.085,2.15,2.085,2.105,3849.0,2.3700942453527003,2.3679798937932706,2.3301233714863936,"rgba(38, 166, 154, 1.0)",0.21729810967532429,2.328235931724726,-1.0273256958299077,9,0.22490467929476743,2.024142113652907,0.0,0.0,0.0,0.0,44.215227517771574,-11.626575606032873,False,False,False,True,True,0.0
2025-06-24 17:00:00+00:00,2.255,2.355,2.255,2.34,11621.0,2.3696183191575915,2.3676240431556166,2.3334563246466375,"rgba(38, 166, 154, 1.0)",0.215701077778846,2.3324459077558943,0.03502111497027653,9,0.2254954921095734,2.0294594289861605,0.0,0.0,0.0,0.0,49.874407398130984,-8.002503959559284,True,False,False,False,True,1.1504205659729578
2025-06-25 17:00:00+00:00,2.485,2.485,2.375,2.415,8055.0,2.369958170524187,2.367898521330959,2.336906828417579,"rgba(38, 166, 154, 1.0)",0.21576321689705732,2.3367479517257754,0.3626755727856959,8,0.1942812011718215,1.554249609374572,0.0,0.0,0.0,0.0,55.021856571629826,-3.3896038041376926,True,False,True,False,True,2.8053480182732464
2025-06-26 17:00:00+00:00,2.63,2.7,2.6,2.68,15117.0,2.3732604254220937,2.3704976633982895,2.349353801326037,"rgba(38, 166, 154, 1.0)",0.21809457408024652,2.352098512024542,1.5034830158351797,8,0.1919973709287062,1.5359789674296496,0.0,0.0,0.0,0.0,61.88680103072625,2.783193252510351,True,False,True,False,True,8.202327866316054
2025-06-27 17:00:00+00:00,2.555,2.56,2.48,2.545,11829.0,2.3746297811423562,2.3715890294717386,2.353889035642285,"rgba(38, 166, 154, 1.0)",0.2185108899094275,2.3576634829889924,0.8573326349485753,8,0.1912240485767029,1.529792388613623,0.0,0.0,0.0,0.0,62.79743347436647,3.523932425348221,True,False,True,False,True,5.08999627108426
2025-06-30 17:00:00+00:00,2.605,2.695,2.59,2.64,15432.0,2.3776710253093034,2.3740035340342702,2.3621610913957465,"rgba(38, 166, 154, 1.0)",0.221735131335721,2.3677550657421875,1.2277934155847254,8,0.18975875920400406,1.5180700736320325,0.0,0.0,0.0,0.0,64.62227702661366,5.428499971017921,True,False,True,False,True,6.918694401883666
2025-07-01 17:00:00+00:00,2.57,2.64,2.535,2.54,7414.0,2.3787267060230195,2.3748488792851337,2.3647922527362097,"rgba(38, 166, 154, 1.0)",0.22346789680153592,2.3709448604544523,0.7565074982367034,8,0.18906819160457314,1.512545532836585,0.0,0.0,0.0,0.0,63.35937216029865,5.428499971017921,True,False,True,False,True,4.679962260678323
2025-07-02 17:00:00+00:00,2.595,2.675,2.545,2.66,10757.0,2.3806689788180235,2.3764017915870284,2.369361877155839,"rgba(38, 166, 154, 1.0)",0.22705531730641798,2.3764713682866936,1.2487205103885595,8,0.18775461948622452,1.5020369558897961,0.0,0.0,0.0,0.0,64.19148348254656,5.750220699162227,True,False,True,False,True,6.956936622431098
2025-07-03 17:00:00+00:00,2.69,2.69,2.69,2.69,0.0,2.3806689788180235,2.3764017915870284,2.369361877155839,"rgba(38, 166, 154, 1.0)",0.23061838139627752,2.3764713682866936,1.3595127578948791,8,0.1857444985761431,1.485955988609145,0.0,0.0,0.0,0.0,65.14239119481118,7.238107556866112,True,False,True,False,True,7.514384404977584
2025-07-04 17:00:00+00:00,2.69,2.69,2.69,2.69,0.0,2.3806689788180235,2.3764017915870284,2.369361877155839,"rgba(38, 166, 154, 1.0)",0.2340342047842796,2.3764713682866936,1.3396701221614187,8,0.18603990879172677,1.4883192703338142,0.0,0.0,0.0,0.0,65.77632966965427,8.468490182823828,True,False,True,False,True,7.514384404977584
2025-07-07 17:00:00+00:00,2.69,2.76,2.645,2.66,9290.0,2.3827364391270702,2.3780542766196713,2.373979994795622,"rgba(38, 166, 154, 1.0)",0.23674928769740022,2.3820418012958964,1.1740613938377482,8,0.18675821542014157,1.4940657233611325,0.0,0.0,0.0,0.0,65.25597359585763,8.570136337834093,True,False,True,False,True,6.816459230765421
2025-07-08 17:00:00+00:00,2.75,2.76,2.7,2.745,14030.0,2.386275470819907,2.380887374707099,2.38148047351701,"rgba(38, 166, 154, 1.0)",0.2412360251285471,2.391056507470827,1.4672082759636242,8,0.1846553943349588,1.4772431546796705,0.0,0.0,0.0,0.0,66.32319066078057,10.196146613022108,True,False,True,False,True,8.444022430709026
2025-07-09 17:00:00+00:00,2.695,2.74,2.69,2.705,6002.0,2.3876679807467895,2.382006719626836,2.384291709403095,"rgba(38, 166, 154, 1.0)",0.2440142515406758,2.394419078772115,1.2727982864398921,8,0.18312247477838092,1.4649797982270474,0.0,0.0,0.0,0.0,65.68704775850534,10.196146613022108,True,False,True,False,True,7.498397714641452
2025-07-10 17:00:00+00:00,2.765,2.79,2.725,2.745,14418.0,2.3913888422305662,2.3850008771056594,2.391578686348914,"rgba(38, 166, 154, 1.0)",0.24675939333326197,2.4031134978309225,1.3855055224071704,8,0.180741561256329,1.445932490050632,0.0,0.0,0.0,0.0,66.00193220222471,10.951033674008585,True,False,True,False,True,8.270044134797484
2025-07-11 17:00:00+00:00,2.78,2.81,2.735,2.75,8473.0,2.39360970857394,2.3867930514265017,2.3957682171983055,"rgba(38, 166, 154, 1.0)",0.2483559999329673,2.4080924392971865,1.376683312644334,7,0.18697644572643624,1.3088351200850536,0.0,0.0,0.0,0.0,66.30845380693856,11.77265131108522,True,False,True,False,True,8.367201617512087
2025-07-14 17:00:00+00:00,2.74,2.76,2.72,2.72,9321.0,2.3958168131999367,2.388581717493451,2.3997813116538405,"rgba(38, 166, 154, 1.0)",0.24930385960593512,2.412838130733214,1.2320782748903492,7,0.1840981313260493,1.2886869192823451,0.0,0.0,0.0,0.0,65.27752161381315,11.77265131108522,True,False,True,False,True,7.630618779069252
2025-07-15 17:00:00+00:00,2.67,2.715,2.56,2.575,14399.0,2.398011270802668,2.390385951688879,2.4034149548931434,"rgba(38, 166, 154, 1.0)",0.24770568848556862,2.432585995381118,0.5749323137856774,7,0.18302860089117456,1.281200206238222,0.0,0.0,0.0,0.0,59.713704743529156,13.971656280602723,True,False,True,False,False,4.180262201270768
2025-07-16 17:00:00+00:00,2.665,2.71,2.63,2.68,15558.0,2.4009357914962934,2.392783830447535,2.4082929452106017,"rgba(38, 166, 154, 1.0)",0.24855905455968627,2.439923483584968,0.9658731476924848,7,0.1813752290639307,1.2696266034475148,0.0,0.0,0.0,0.0,58.723000637955806,12.993000128874328,True,False,True,False,False,6.299965856462524
2025-07-17 17:00:00+00:00,2.795,2.825,2.78,2.805,13788.0,2.404688521404156,2.3958442783920497,2.414667041499765,"rgba(38, 166, 154, 1.0)",0.2505595899344299,2.450255921037151,1.4158072299515017,7,0.17830873655286056,1.2481611558700239,0.0,0.0,0.0,0.0,60.58910400950309,12.993000128874328,True,False,True,False,True,8.710215780213332
2025-07-18 17:00:00+00:00,2.815,2.83,2.775,2.79,18488.0,2.4095502201035397,2.399827575716212,2.4226275663354953,"rgba(38, 166, 154, 1.0)",0.2469921397881292,2.461131916277996,1.3314921033685858,7,0.17576946921319347,1.2303862844923543,0.0,0.0,0.0,0.0,61.33772674878893,12.993000128874328,True,False,True,False,True,8.352138273622938
2025-07-21 17:00:00+00:00,2.76,2.785,2.71,2.735,4248.0,2.4104947414115645,2.4006069225906304,2.4241055576050714,"rgba(38, 166, 154, 1.0)",0.24083118082519833,2.462847373313403,1.13005560888784,7,0.17451462071474172,1.221602345003192,0.0,0.0,0.0,0.0,60.01406441393536,12.993000128874328,True,False,True,False,True,7.039137387088534
2025-07-22 17:00:00+00:00,2.735,2.765,2.7,2.72,5299.0,2.4116127191125005,2.4015318129593064,2.425826764542413,"rgba(38, 166, 154, 1.0)",0.23123097925184585,2.4647620767396288,1.1038223515127632,7,0.17290126102231554,1.2103088271562088,0.0,0.0,0.0,0.0,58.63431927553067,12.673970018111547,True,False,True,False,False,6.681063909937205
2025-07-23 17:00:00+00:00,2.72,3.045,2.695,2.9,53945.0,2.427805054645947,2.4148943137034626,2.450864726991264,"rgba(38, 166, 154, 1.0)",0.23280483261756393,2.4967561284055564,1.7321112584327893,7,0.16904499039776114,1.183314932784328,0.0,0.0,0.0,0.0,61.53655211133976,12.673970018111547,True,False,True,False,True,10.147119388511072
2025-07-24 17:00:00+00:00,3.005,3.12,2.98,3.12,68528.0,2.454961382479408,2.4374536583130224,2.4909038560770114,"rgba(38, 166, 154, 1.0)",0.24058388059802674,2.5471525934880557,2.381071437903487,6,0.1735534303514442,1.041320582108665,0.0,0.0,0.0,0.0,66.33713721592403,11.858775273600259,True,False,True,False,True,14.0063701216448
2025-07-25 17:00:00+00:00,3.045,3.125,3.025,3.115,26948.0,2.465268739639414,2.446106482104986,2.537368521753769,"rgba(38, 166, 154, 1.0)",0.2493472198281708,2.603672857615668,2.050663098376217,6,0.1676215065370529,1.0057290392223175,0.0,0.0,0.0,0.0,69.36829426211642,14.533271412625993,True,False,True,False,True,13.883706120491773
2025-07-28 17:00:00+00:00,2.695,2.725,2.65,2.705,19881.0,2.4679744103697594,2.4485076679788604,2.5315768758514023,"rgba(239, 83, 80, 1.0)",0.2500533636740102,2.594454032078454,0.44208950560514276,6,0.1674980633641158,1.0049883801846948,0.0,0.0,0.0,0.0,61.79739411585606,17.42436904657957,True,False,True,False,False,4.6938517149764785
2025-07-29 17:00:00+00:00,2.465,2.52,2.46,2.48,13540.0,2.4681242284937204,2.448758419906424,2.5259290837748734,"rgba(239, 83, 80, 1.0)",0.24977353706872546,2.5858058708883487,-0.42360720887431763,6,0.16869453275957547,1.0121671965574528,0.0,0.0,0.0,0.0,53.78561363542011,10.49553694894746,False,False,False,False,False,0.33230699815263876
2025-07-30 17:00:00+00:00,2.505,2.535,2.415,2.455,2946.0,2.4681245925127535,2.448786367263728,2.524891031535178,"rgba(239, 83, 80, 1.0)",0.24847099999364114,2.5841757130091163,-0.5198824531330501,7,0.16836973241301265,1.1785881268910885,0.0,0.0,0.0,0.0,48.151480022780476,5.849506730025141,False,False,False,True,False,0.0
2025-07-31 17:00:00+00:00,2.445,2.47,2.385,2.405,5071.0,2.467980815815371,2.448715796854195,2.5228801822512112,"rgba(239, 83, 80, 1.0)",0.2484109498391771,2.5810766700853267,-0.7088120318340239,7,0.170312011823532,1.192184082764724,0.0,0.0,0.0,0.0,43.783635291766956,2.2429115758022675,False,True,False,True,False,0.0
2025-08-01 17:00:00+00:00,2.365,2.38,2.345,2.375,4836.0,2.467692977493491,2.4485244204981935,2.520753123197876,"rgba(239, 83, 80, 1.0)",0.24848323669600145,2.577850087942955,-0.8163532101407914,7,0.17170672975214632,1.2019471082650242,0.0,0.0,0.0,0.0,40.49210187425762,-0.570639822171529,False,True,False,True,False,0.0
2025-08-04 17:00:00+00:00,2.385,2.43,2.365,2.43,3756.0,2.4675622846379386,2.44845174344588,2.519465077931789,"rgba(239, 83, 80, 1.0)",0.24762953658113881,2.5758303760768406,-0.58890541932205,7,0.17246115675118068,1.2072280972582647,0.0,0.0,0.0,0.0,39.68153033346641,-1.3517360485237049,False,True,False,True,False,0.0
2025-08-05 17:00:00+00:00,2.39,2.405,2.36,2.385,11027.0,2.4670213365933367,2.448107866049209,2.515730235184067,"rgba(239, 83, 80, 1.0)",0.24687238195670078,2.5699922291791455,-0.7493435584527706,7,0.17287382844451002,1.2101167991115702,0.0,0.0,0.0,0.0,38.44773698564248,-2.8019552050446634,False,True,False,True,False,0.0
2025-08-06 17:00:00+00:00,2.105,2.115,2.05,2.08,10992.0,2.4645700016512695,2.446189005847842,2.5080349006885365,"rgba(239, 83, 80, 1.0)",0.250710036740703,2.5589865505751757,-1.9105200445986439,7,0.17238762150717868,1.2067133505502508,0.0,0.0,0.0,0.0,34.097222357262346,-7.20594320052539,False,True,False,True,False,0.0
2025-08-07 17:00:00+00:00,2.09,2.13,2.08,2.115,7594.0,2.4630112745679877,2.4449711502009137,2.5034589652178045,"rgba(239, 83, 80, 1.0)",0.25403257576451027,2.5524019728594642,-1.721834184230523,7,0.17238762150717868,1.2067133505502508,0.0,0.0,0.0,0.0,32.106705339041596,-9.379504849556938,False,True,False,True,False,0.0
2025-08-08 17:00:00+00:00,2.015,2.07,1.995,2.065,25619.0,2.456906420157278,2.440145661133609,2.468908278804128,"rgba(239, 83, 80, 1.0)",0.2576889667867168,2.504486354731975,-1.7054915474736938,7,0.1719635262809054,1.2037446839663377,0.0,0.0,0.0,0.0,30.259049755473043,-11.500095030943598,False,True,False,True,False,0.0
2025-08-11 17:00:00+00:00,2.1,2.19,2.09,2.18,14671.0,2.4543984798623915,2.4381858046352307,2.4650633271790614,"rgba(239, 83, 80, 1.0)",0.25960507081487216,2.4985466618994274,-1.227043296571765,7,0.1721127621831855,1.2047893352822985,0.0,0.0,0.0,0.0,32.10280322244973,-11.500095030943598,False,True,False,True,False,0.0
2025-08-12 17:00:00+00:00,2.125,2.2,2.12,2.195,9936.0,2.4528253762306456,2.4369580784586082,2.4624293814519875,"rgba(239, 83, 80, 1.0)",0.2602237083326197,2.4945694738131508,-1.1511997724290333,7,0.17222762583615833,1.2055933808531083,0.0,0.0,0.0,0.0,33.71942709195636,-11.500095030943598,False,True,False,True,True,0.0
2025-08-13 17:00:00+00:00,2.185,2.215,2.165,2.185,10586.0,2.4512667258601146,2.4357438189187564,2.4598213996382916,"rgba(239, 83, 80, 1.0)",0.2608250595930415,2.490645209841767,-1.1718398926800095,7,0.17257262891740383,1.2080084024218267,0.0,0.0,0.0,0.0,34.63218126272404,-11.500095030943598,False,True,False,True,True,0.0
2025-08-14 17:00:00+00:00,2.095,2.15,2.085,2.125,11272.0,2.4492010300343394,2.434110321430757,2.455628215442249,"rgba(239, 83, 80, 1.0)",0.261214385045994,2.4847199797234776,-1.3771063169439883,7,0.17290047769221079,1.2103033438454756,0.0,0.0,0.0,0.0,34.232997633851824,-11.500095030943598,False,True,False,True,True,0.0
2025-08-15 17:00:00+00:00,2.155,2.155,2.11,2.115,6206.0,2.448097493101223,2.4332370994252037,2.453467141772639,"rgba(239, 83, 80, 1.0)",0.2615129576656361,2.4816701490987567,-1.4021108260630502,7,0.17360206098387168,1.2152144268871017,0.0,0.0,0.0,0.0,33.796253680489386,-11.500095030943598,False,True,False,True,True,0.0
2025-08-18 17:00:00+00:00,2.185,2.24,2.185,2.235,2373.0,2.447799470255364,2.4330057670237606,2.4530169510907167,"rgba(239, 83, 80, 1.0)",0.2598818511873776,2.4809875810370903,-0.9465362044836702,7,0.1747508114016981,1.2232556798118868,0.0,0.0,0.0,0.0,37.334706474956505,-11.500095030943598,False,True,False,True,True,0.0
2025-08-19 17:00:00+00:00,2.06,2.095,2.04,2.045,6006.0,2.446521296011236,2.4319843901853377,2.4503390964210694,"rgba(239, 83, 80, 1.0)",0.2603078219381119,2.4773101360204546,-1.660765061924402,7,0.17479198027192092,1.2235438619034464,0.0,0.0,0.0,0.0,36.23299537645603,-11.500095030943598,False,True,False,True,True,0.0
2025-08-20 17:00:00+00:00,2.045,2.085,2.045,2.08,5847.0,2.44531701214867,2.4310219984370303,2.447901001524076,"rgba(239, 83, 80, 1.0)",0.2630277962908544,2.4739595056689536,-1.4977865884308128,7,0.17455010005198293,1.2218507003638805,0.0,0.0,0.0,0.0,36.5146185593391,-11.500095030943598,False,True,False,True,True,0.0
2025-08-21 17:00:00+00:00,2.07,2.095,2.06,2.09,3990.0,2.444525028419677,2.4303893214876515,2.4463451875411923,"rgba(239, 83, 80, 1.0)",0.2655230601953379,2.4718182414265097,-1.437985239947208,7,0.1748528196154246,1.223969737307972,0.0,0.0,0.0,0.0,37.00931979440843,-11.500095030943598,False,True,False,True,True,0.0
2025-08-22 17:00:00+00:00,2.165,2.175,2.14,2.175,5762.0,2.443643428884635,2.429692722234898,2.4448343879012073,"rgba(239, 83, 80, 1.0)",0.2668016268843007,2.469672558546071,-1.1044631248588923,8,0.16824118309369185,1.3459294647495348,0.0,0.0,0.0,0.0,39.87632512507651,-14.717840101366718,False,True,False,True,True,0.0
