date,Close,High,Low,Open,Volume,aVWAP_peak_916,aVWAP_peak_905,aVWAP_peak_890,aVWAP_peak_862,aVWAP_peak_830,aVWAP_peak_778,aVWAP_peak_755,aVWAP_peak_737,aVWAP_peak_705,aVWAP_peak_688,aVWAP_peak_657,aVWAP_peak_636,aVWAP_peak_595,aVWAP_peak_583,aVWAP_peak_565,aVWAP_peak_528,aVWAP_peak_499,aVWAP_peak_483,aVWAP_peak_467,aVWAP_peak_424,aVWAP_peak_396,aVWAP_peak_380,aVWAP_peak_368,aVWAP_peak_347,aVWAP_peak_337,aVWAP_peak_272,aVWAP_peak_261,aVWAP_peak_232,aVWAP_peak_219,aVWAP_peak_218,aVWAP_peak_217,aVWAP_peak_191,aVWAP_peak_154,aVWAP_peak_136,aVWAP_peak_119,aVWAP_peak_57,aVWAP_peak_31,aVWAP_valley_936,aVWAP_valley_900,aVWAP_valley_869,aVWAP_valley_817,aVWAP_valley_800,aVWAP_valley_773,aVWAP_valley_746,aVWAP_valley_725,aVWAP_valley_696,aVWAP_valley_672,aVWAP_valley_649,aVWAP_valley_626,aVWAP_valley_551,aVWAP_valley_480,aVWAP_valley_456,aVWAP_valley_413,aVWAP_valley_391,aVWAP_valley_372,aVWAP_valley_354,aVWAP_valley_341,aVWAP_valley_329,aVWAP_valley_248,aVWAP_valley_215,aVWAP_valley_194,aVWAP_valley_182,aVWAP_valley_170,aVWAP_valley_130,aVWAP_valley_111,aVWAP_valley_90,aVWAP_valley_48,aVWAP_valley_18,aVWAP_OB_bull_920,aVWAP_OB_bull_551,aVWAP_OB_bear_657,aVWAP_OB_bear_424,aVWAP_OB_bear_272,aVWAP_OB_bear_219,aVWAP_OB_bear_154,aVWAP_OB_bear_57,Peaks_Valleys_avg,color,StDev,StDev_Mean,StdDev_ZScore,QQEMOD,QQE1_Value,QQE1_Above_Upper,QQE1_Below_Lower,QQE2_Above_Threshold,QQE2_Below_Threshold,QQE2_Above_TL,banker_RSI,OB,OB_High,OB_Low,OB_Mitigated_Index,TTM_squeeze_Active,VI_plus,VI_minus,VI_Regular_Bullish,VI_Regular_Bearish,VI_Hidden_Bullish,VI_Hidden_Bearish,Fisher,Fisher_Signal,Fisher_Regular_Bullish,Fisher_Regular_Bearish,Fisher_Hidden_Bullish,Fisher_Hidden_Bearish,OBV,OBV_Smoothed,OBV_Regular_Bullish,OBV_Regular_Bearish,OBV_Hidden_Bullish,OBV_Hidden_Bearish,Volume_MA,Vol_Regular_Bullish,Vol_Regular_Bearish,Vol_Hidden_Bullish,Vol_Hidden_Bearish
2022-01-03 00:00:00+00:00,57.5,59.7,54.5,55.1,521039,,,,,,,,,,,,,,,,,,,,,,,,,,,,,,,,,,,,,,,,,,,,,,,,,,,,,,,,,,,,,,,,,,,,,,,,,,,,,,#000000,,,,,,False,False,False,False,False,,0.0,0.0,0.0,0.0,0,,,False,False,False,False,,,False,False,False,False,0,0.0,False,False,False,False,521039.0,False,False,False,False
2022-01-04 00:00:00+00:00,57.7,58.3,55.4,57.5,413703,,,,,,,,,,,,,,,,,,,,,,,,,,,,,,,,,,,,,,,,,,,,,,,,,,,,,,,,,,,,,,,,,,,,,,,,,,,,,,#000000,,,,100.0,,False,False,True,False,False,,0.0,0.0,0.0,0.0,0,,,False,False,False,False,,,False,False,False,False,413703,16223.64705882353,False,False,False,False,516829.7450980393,False,False,False,False
2022-01-05 00:00:00+00:00,54.5,58.7,54.3,57.5,433741,,,,,,,,,,,,,,,,,,,,,,,,,,,,,,,,,,,,,,,,,,,,,,,,,,,,,,,,,,,,,,,,,,,,,,,,,,,,,,#000000,,,,68.4587813620072,-76.1648745519712,False,False,True,False,True,,0.0,0.0,0.0,0.0,0,,,False,False,False,False,,,False,False,False,False,-20038,14801.621683967705,False,False,False,False,513571.3629373319,False,False,False,False
2022-01-06 00:00:00+00:00,53.7,55.9,52.2,54.7,492427,,,,,,,,,,,,,,,,,,,,,,,,,,,,,,,,,,,,,,,,,,,,,,,,,,,,,,,,,,,,,,,,,,,,,,,,,,,,,,#000000,,,,47.061258109370016,-76.1648745519712,False,False,False,True,True,,0.0,0.0,0.0,0.0,0,,,False,False,False,False,,,False,False,False,False,-512465,-5875.500735011421,False,False,False,False,512742.1722339071,False,False,False,False
2022-01-07 00:00:00+00:00,55.1,57.0,53.9,53.9,585186,,,,,,,,,,,,,,,,,,,,,,,,,,,,,,,,,,,,,,,,,,,,,,,,,,,,,,,,,,,,,,,,,,,,,,,,,,,,,,#000000,,,,41.87269147334685,-76.1648745519712,False,False,False,True,True,,0.0,0.0,0.0,0.0,0,,,False,False,False,False,,,False,False,False,False,72721,-2793.2850199129343,False,False,False,False,515583.10665610683,False,False,False,False
2022-01-10 00:00:00+00:00,57.6,58.35,54.1,55.9,929301,,,,,,,,,,,,,,,,,,,,,,,,,,,,,,,,,,,,,,,,,,,,,,,,,,,,,,,,,,,,,,,,,,,,,,,,,,,,,,#000000,,,,46.59852683838572,-76.1648745519712,False,False,False,False,True,,0.0,0.0,0.0,0.0,0,,,False,False,False,False,,,False,False,False,False,1002022,36611.23596126012,False,False,False,False,531807.3377676321,False,False,False,False
2022-01-11 00:00:00+00:00,58.9,60.499,56.35,56.6,605648,,,,,,,,,,,,,,,,,,,,,,,,,,,,,,,,,,,,,,,,,,,,,,,,,,,,,,,,,,,,,,,,,,,,,,,,,,,,,,#000000,,,,52.241667648504716,-76.1648745519712,False,False,True,False,True,,0.0,0.0,0.0,0.0,0,,,False,False,False,False,,,False,False,False,False,1607670,98221.38357062248,False,False,False,False,534703.0500120387,False,False,False,False
2022-01-12 00:00:00+00:00,57.6,60.3,57.426,59.5,508479,,,,,,,,,,,,,,,,,,,,,,,,,,,,,,,,,,,,,,,,,,,,,,,,,,,,,,,,,,,,,,,,,,,,,,,,,,,,,,#000000,,,,52.66533280015822,-73.99106897617719,False,False,True,False,True,,0.0,0.0,0.0,0.0,0,,,False,False,False,False,,,False,False,False,False,1099191,137475.09401883336,False,False,False,False,533674.6558939195,False,False,False,False
2022-01-13 00:00:00+00:00,55.4,58.0,55.3,57.6,405643,,,,,,,,,,,,,,,,,,,,,,,,,,,,,,,,,,,,,,,,,,,,,,,,,,,,,,,,,,,,,,,,,,,,,,,,,,,,,,#000000,,,,48.900638912888546,-72.08397783269078,False,False,False,False,True,,0.0,0.0,0.0,0.0,0,,,False,False,False,False,,,False,False,False,False,693548,159281.8746455458,False,False,False,False,528653.8066431776,False,False,False,False
2022-01-14 00:00:00+00:00,55.1,55.8,53.8,55.0,580802,,,,,,,,,,,,,,,,,,,,,,,,,,,,,,,,,,,,,,,,,,,,,,,,,,,,,,,,,,,,,,,,,,,,,,,,,,,,,,#000000,,,,45.93695700544393,-69.38409871813131,False,False,False,True,True,,0.0,0.0,0.0,0.0,0,,,False,False,False,False,,,False,False,False,False,112746,157456.93838493613,False,False,False,False,530698.8338336413,False,False,False,False
2022-01-18 00:00:00+00:00,51.1,55.0,51.1,55.0,741234,,,,,,,,,,,,,,,,,,,,,,,,,,,,,,,,,,,,,,,,,,,,,,,,,,,,,,,,,,,,,,,,,,,,,,,,,,,,,,#000000,,,,39.61923987272981,-69.38409871813131,False,False,False,True,True,,0.0,0.0,0.0,0.0,0,,,False,False,False,False,,,False,False,False,False,-628488,126635.56825219354,False,False,False,False,538955.114859773,False,False,False,False
2022-01-19 00:00:00+00:00,48.6,52.0,48.5,51.5,756586,,,,,,,,,,,,,,,,,,,,,,,,,,,,,,,,,,,,,,,,,,,,,,,,,,,,,,,,,,,,,,,,,,,,,,,,,,,,,,#000000,,,,33.76239604541514,-69.38409871813131,False,False,False,True,True,,0.0,0.0,0.0,0.0,0,,,False,False,False,False,,,False,False,False,False,-1385074,67352.84008544085,False,False,False,False,547489.6593750761,False,False,False,False
2022-01-20 00:00:00+00:00,47.5,51.099,47.4,49.1,693776,,,,,,,,,,,,,,,,,,,,,,,,,,,,,,,,,,,,,,,,,,,,,,,,,,,,,,,,,,,,,,,,,,,,,,,,,,,,,,#000000,,,,29.260160479368135,-69.38409871813131,False,False,False,True,True,,0.0,0.0,0.0,0.0,0,,,False,False,False,False,,,False,False,False,False,-2078850,-16811.97717281172,False,False,False,False,553226.3786152692,False,False,False,False
2022-01-21 00:00:00+00:00,44.6,47.4,44.11,47.0,644558,,,,,,,,,,,,,,,,,,,,,,,,,,,,,,,,,,,,,,,,,,,,,,,,,,,,,,,,,,,,,,,,,,,,,,,,,,,,,,#000000,,,,24.970222821403382,-69.38409871813131,False,False,False,True,True,,0.0,0.0,0.0,0.0,0,,,False,False,False,False,,,False,False,False,False,-2723408,-122952.9976758387,False,False,False,False,556808.0108264352,False,False,False,False
2022-01-24 00:00:00+00:00,43.2,43.85,39.65,43.7,1651773,,,,,,,,,,,,,,,,,,,,,,,,,,,,,,,,,,,,,,,,,,,,,,,,,,,,,,,,,,,,,,,,,,,,,,,,,,,,,,#000000,,,,21.607562295346,-69.38409871813131,False,False,False,True,True,,0.0,0.0,0.0,0.0,0,,,False,False,False,False,,,False,False,False,False,-4375181,-289707.03698266856,False,False,False,False,599747.8143234377,False,False,False,False
2022-01-25 00:00:00+00:00,42.1,43.3,40.5,42.4,536442,,,,,,,,,,,,,,,,,,,,,,,,,,,,,,,,,,,,,,,,,,,,,,,,,,,,,,,,,,,,,,,,,,,,,,,,,,,,,,#000000,,,,19.000348944452256,-69.38409871813131,False,False,False,True,True,,0.0,0.0,0.0,0.0,0,,,False,False,False,False,,,False,False,False,False,-4911623,-470958.6433755051,False,False,False,False,597265.2333695774,False,False,False,False
2022-01-26 00:00:00+00:00,40.6,43.7,40.0,43.3,782384,,,,,,,,,,,,,,,,,,,,,,,,,,,,,,,,,,,,,,,,,,,,,,,,,,,,,,,,,,,,,,,,,,,,,,,,,,,,,,#000000,,,,16.804954190694474,-68.74518056219812,False,False,False,True,False,,0.0,0.0,0.0,0.0,0,,,False,False,False,False,,,False,False,False,False,-5694007,-675784.0691254853,False,False,False,False,604524.7928452803,False,False,False,False
2022-01-27 00:00:00+00:00,37.9,40.91,37.7,40.8,748737,,,,,,,,,,,,,,,,,,,,,,,,,,,,,,,,,,,,,,,,,,,,,,,,,,,,,,,,,,,,,,,,,,,,,,,,,,,,,,#000000,,,,14.6602713653958,-67.67692938678448,False,False,False,True,False,,0.0,0.0,0.0,0.0,0,,,False,False,False,False,,,False,False,False,False,-6442744,-901939.360532329,False,False,False,False,610180.1735180144,False,False,False,False
2022-01-28 00:00:00+00:00,39.1,39.4,37.1,37.8,693248,,,,,,,,,,,,,,,,,,,,,,,,,,,,,,,,,,,,,,,,,,,,,,,,,,,,,,,,,,,,,,,,,,,,38.53333333333333,,,,,,,,,38.53333333333333,#000000,,38.53333333333333,,15.455495307004096,-63.81851436336609,False,False,False,True,False,,0.0,0.0,0.0,0.0,0,,,False,False,False,False,,,False,False,False,False,-5749496,-1092039.6209036103,False,False,False,False,613437.7353408373,False,False,False,False
2022-01-31 00:00:00+00:00,41.6,42.7,38.7,39.246,785117,,,,,,,,,,,,,,,,,,,,,,,,,,,,,,,,,,,,,,,,,,,,,,,,,,,,,,,,,,,,,,,,,,,,39.84330883554918,,,,,,,,,39.84330883554918,#000000,,39.84330883554918,,20.0168802493521,-56.696861868557576,False,False,False,True,False,,0.0,0.0,0.0,0.0,0,,,False,False,False,False,,,False,False,False,False,-4964379,-1243896.0671426845,False,False,False,False,620170.2555235496,False,False,False,False
2022-02-01 00:00:00+00:00,44.7,45.6,41.4,42.4,562356,,,,,,,,,,,,,,,,,,,,,,,,,,,,,,,,,,,,,,,,,,,,,,,,,,,,,,,,,,,,,,,,,,,,40.96120031433335,,,,,,,,,40.96120031433335,#000000,,40.96120031433335,,26.9756879219096,-47.79794286511813,False,False,False,True,True,,0.0,0.0,0.0,0.0,0,,,False,False,False,False,,,False,False,False,False,-4402023,-1367744.182156697,False,False,False,False,617903.0298167437,False,False,False,False
2022-02-02 00:00:00+00:00,42.6,45.15,42.3,45.0,413256,,,,,,,,,,,,,,,,,,,,,,,,,,,,,,,,,,,,,,,,,,,,,,,,,,,,,,,,,,,,,,,,,,,,41.36348028798422,,,,,,,,,41.36348028798422,#000000,,41.36348028798422,,30.115419110339097,-42.88439999630563,False,False,False,True,True,,0.0,0.0,0.0,0.0,0,,,False,False,False,False,,,False,False,False,False,-4815279,-1502941.625993689,False,False,False,False,609877.65609844,False,False,False,False
2022-02-03 00:00:00+00:00,39.6,42.2,39.5,41.4,445877,,,,,,,,,,,,,,,,,,,,,,,,,,,,,,,,,,,,,,,,,,,,,,,,,,,,,,,,,,,,,,,,,,,,41.22046235201266,,,,,,,,,41.22046235201266,#000000,,41.22046235201266,,30.420545264207952,-40.73400349091975,False,False,False,True,True,,0.0,0.0,0.0,0.0,0,,,False,False,False,False,,,False,False,False,False,-5261156,-1650322.581837074,False,False,False,False,603446.2578200699,False,False,False,False
2022-02-04 00:00:00+00:00,42.1,42.4,39.2,40.0,558089,,,,,,,,,,,,,,,,,,,,,,,,,,,,,,,,,,,,,,,,,,,,,,,,,,,,,,,,,,,,,,,,,,,,41.22253964278763,,,,,,,,,41.22253964278763,#000000,,41.22253964278763,,33.36027188407624,-36.17018999095567,False,False,False,True,True,,0.0,0.0,0.0,0.0,0,,,False,False,False,False,,,False,False,False,False,-4703067,-1770038.0492160122,False,False,False,False,601667.541827126,False,False,False,False
2022-02-07 00:00:00+00:00,41.8,44.174,41.6,42.2,389734,,,,,,,,,,,,,,,,,,,,,,,,,,,,,,,,,,,,,,,,,,,,,,,,,,,,,,,,,,,,,,,,,,,,41.354433035482614,,,,,,,,,41.354433035482614,#000000,,41.354433035482614,,35.11776923029894,-32.88879981587857,False,False,False,True,True,,0.0,0.0,0.0,0.0,0,,,False,False,False,False,,,False,False,False,False,-5092801,-1900342.4786585218,False,False,False,False,593356.4225397877,False,False,False,False
2022-02-08 00:00:00+00:00,41.7,42.25,40.7,41.6,321025,,,,,,,,,,,,,,,,,,,,,,,,,,,,,,,,,,,,,,,,,,,,,,,,,,,,,,,,,,,,,,,,,,,,41.36949333117758,,,,,,,,,41.36949333117758,#000000,,41.36949333117758,,36.21680936289317,-30.322904978568918,False,False,False,True,True,,0.0,0.0,0.0,0.0,0,,,False,False,False,False,,,False,False,False,False,-5413826,-2038126.1461621092,False,False,False,False,582676.7589107763,False,False,False,False
2022-02-09 00:00:00+00:00,46.4,46.5,42.6,42.78,669698,,,,,,,,,,,,,,,,,,,,,,,,,,,,,,,,,,,,,,,,,,,,,,,,,,,,,,,,,,,,,,,,,,,,41.895071908482144,,,,,,,,,41.895071908482144,#000000,,41.895071908482144,,41.583734521250506,-23.925137973426157,False,False,False,True,True,,0.0,0.0,0.0,0.0,0,,,False,False,False,False,,,False,False,False,False,-4744128,-2144243.865920458,False,False,False,False,586089.3566005498,False,False,False,False
2022-02-10 00:00:00+00:00,45.9,48.25,44.401,45.1,935065,,,,,,,,,,,,,,,,,,,,,,,,,,,,,,,,,,,,,,,,,,,,,,,,,,,,,,,,,,,,,,,,,,,,42.58964871072513,,,,,,,,,42.58964871072513,#000000,,42.58964871072513,,44.71284562628809,-19.910121719799687,False,False,False,False,True,,0.0,0.0,0.0,0.0,0,,,False,False,False,False,,,False,False,False,False,-5679193,-2282869.3221588717,False,False,False,False,599774.6759495478,False,False,False,False
2022-02-11 00:00:00+00:00,44.9,48.1,42.85,44.8,1536745,,,,,,,,,,,,,,,,,,,,,,,,,,,,,,,,,,,,,,,,,,,,,,,,,,,,,,,,,,,,,,,,,,,,43.15591238514352,,,,,,,,,43.15591238514352,#000000,,43.15591238514352,,45.88844144533917,-17.81108677286926,False,False,False,False,True,,0.0,0.0,0.0,0.0,0,,,False,False,False,False,,,False,False,False,False,-7215938,-2476322.9957997003,False,False,False,False,636518.6102260362,False,False,False,False
2022-02-14 00:00:00+00:00,43.3,46.599,43.101,43.7,522525,,,,,,,,,,,,,,,,,,,,,,,,,,,,,,,,,,,,,,,,,,,,,,,,,,,,,,,,,,,,,,,,,,,,43.23445862486092,,,,,,,,,43.23445862486092,#000000,,43.23445862486092,,45.28630917723649,-17.441577107336272,False,False,False,False,True,,0.0,0.0,0.0,0.0,0,,,False,False,False,False,,,False,False,False,False,-7738463,-2682681.4273369666,False,False,False,False,632048.2725701132,False,False,False,False
2022-02-15 00:00:00+00:00,46.3,46.55,44.0,44.6,439778,,,,,,,,,,,,,,,,,,,,,,,,,,,,,,,,,,,,,,,,,,,,,,,,,,,,,,,,,,,,,,,,,,,,43.36110003215871,,,,,,,,,43.36110003215871,#000000,,43.36110003215871,,47.69811660126368,-14.202449895715112,False,False,False,False,True,,0.0,0.0,0.0,0.0,0,,,False,False,False,False,,,False,False,False,False,-7298685,-2863701.1752845366,False,False,False,False,624508.2618810891,False,False,False,False
2022-02-16 00:00:00+00:00,47.0,49.0,45.35,46.9,546284,,,,,,,,,,,,,,,,,,,,,,,,,,,,,,,,,,,,,47.11666666666666,,,,,,,,,,,,,,,,,,,,,,,,,,,,,,,43.59374014887367,,,,,,,,,45.35520340777016,#000000,,45.35520340777016,,49.89620539226782,-11.282436248771653,False,False,False,False,True,,0.0,0.0,0.0,0.0,0,,,False,False,False,False,,,False,False,False,False,-6752401,-3016199.2076263195,False,False,False,False,621440.6437681052,False,False,False,False
2022-02-17 00:00:00+00:00,43.8,47.2,43.4,46.2,452560,,,,,,,,,,,,,,,,,,,,,,,,,,,,,,,,,,,,,46.06702261147219,,,,,,,,,,,,,,,,,,,,,,,,,,,,,,,43.65262095329375,,,,,,,,,44.859821782382966,#000000,,44.859821782382966,,48.50365205560451,-11.282436248771653,False,False,False,False,True,,0.0,0.0,0.0,0.0,0,,,False,False,False,False,,,False,False,False,False,-7204961,-3180464.3759546992,False,False,False,False,614817.873424258,False,False,False,False
2022-02-18 00:00:00+00:00,41.3,44.368,41.0,44.2,486216,,,,,,,,,,,,,,,,,,,,,,,,,,,,,,,,,,,,,44.80836143275916,,,,,,,,,,,,,,,,,,,,,,,,,,,,,,,43.581366897246546,,,,,,,,,44.194864165002855,#000000,,44.194864165002855,,45.75423303183257,-11.282436248771653,False,False,False,True,False,,0.0,0.0,0.0,0.0,0,,,False,False,False,False,,,False,False,False,False,-7691177,-3357355.0670937304,False,False,False,False,609774.6627017381,False,False,False,False
2022-02-22 00:00:00+00:00,38.9,40.97,38.5,40.1,577556,,,,,,,,,,,,,,,,,,,,,,,,,,,,,,,,,,,,,43.30982587290444,,,,,,,,,,,,,,,,,,,,,,,,,,,,,,,43.35086707800164,,,,,,,,,43.33034647545304,#000000,,43.33034647545304,,42.41777469199414,-11.282436248771653,False,False,False,True,False,,0.0,0.0,0.0,0.0,0,,,False,False,False,False,,,False,False,False,False,-8268733,-3549958.123286133,False,False,False,False,608511.1857330424,False,False,False,False
2022-02-23 00:00:00+00:00,37.4,40.607,37.3,40.0,486694,,,,,,,,,,,,,,,,,,,,,,,,,,,,,,,,,,,,,42.379290143345976,,,,,,,,,,,,,,,,,,,,,,,,,,,,,,,43.12981388308298,,,,,,,,,42.75455201321448,#000000,,42.75455201321448,,39.34127180965349,-11.282436248771653,False,False,False,True,False,,0.0,0.0,0.0,0.0,0,,,False,False,False,False,,,False,False,False,False,-8755427,-3754094.157667069,False,False,False,False,603734.0411944918,False,False,False,False
2022-02-24 00:00:00+00:00,38.4,38.6,34.7,35.3,683371,,,,,,,,,,,,,,,,,,,,,,,,,,,,,,,,,,,,,41.2914631504521,,,,,,,,,,,,,,,,,,,,,,,,,,,,,,,42.77958216949667,,,,,,,,,42.03552265997439,#000000,,42.03552265997439,,38.40015773903473,-2.6773995200002787,False,False,False,True,False,,0.0,0.0,0.0,0.0,1,,,False,False,False,False,,,False,False,False,False,-8072056,-3923425.994621302,False,False,False,False,606857.0591868648,False,False,False,False
2022-02-25 00:00:00+00:00,37.7,39.0,36.55,38.9,412863,,,,,,,,,,,,,,,,,,,,,,,,,,,,,,,,,,,,,40.89038745346831,,,,,,,,,,,,,,,,,,,,,,,,,,,,,,,42.605348367523334,,,,,,,,,41.74786791049582,#000000,,41.74786791049582,,37.322896649590426,-4.168063323613907,False,False,False,True,False,,0.0,0.0,0.0,0.0,0,,,False,False,False,False,,,False,False,False,False,-8484919,-4102308.073263604,False,False,False,False,599249.449022674,False,False,False,False
2022-02-28 00:00:00+00:00,38.0,38.9,36.5,37.02,349106,,,,,,,,,,,,,,,,,,,,,,,,,,,,,,,,,,,,,40.62030802164562,,,,,,,,,,,,,,,,,,,,,,,,,,,,,,,42.46859499209394,,,,,,,,,41.54445150686978,#000000,,41.54445150686978,,36.974776394472244,-5.010620998611934,False,False,False,True,False,,0.0,0.0,0.0,0.0,0,,,False,False,False,False,,,False,False,False,False,-8135813,-4260484.7370571885,False,False,False,False,589439.902002177,False,False,False,False
2022-03-01 00:00:00+00:00,36.6,38.263,36.3,37.8,384876,,,,,,,,,,,,,,,,,,,,,,,,,,,,,,,,,,,,,40.306927515595675,,,,,,,,,,,,,,,,,,,,,,,,,,,,,,,42.30389273578749,,,,,,,,,41.30541012569158,#000000,,41.30541012569158,,35.76559982887416,-6.685020019963289,False,False,False,True,False,,0.0,0.0,0.0,0.0,0,,,False,False,False,False,,,False,False,False,False,-8520689,-4427551.570898083,False,False,False,False,581417.78819817,False,False,False,False
2022-03-02 00:00:00+00:00,36.8,37.0,35.2,36.8,392902,,,,,,,,,,,,,,,,,,,,,,,,,,,,,,,,,,,,,39.97979149564959,,,,,,,,,,,,,,,,,,,,,,,,,,,,,,,42.124064806297966,,,,,,,,,41.05192815097378,#000000,,41.05192815097378,,35.238043459608065,-7.701389512484823,False,False,False,True,False,,0.0,0.0,0.0,0.0,0,,,False,False,False,False,,,False,False,False,False,-8127787,-4572658.84262757,False,False,False,False,574025.0121903986,False,False,False,False
2022-03-03 00:00:00+00:00,35.5,37.2,35.05,36.5,405029,,,,,,,,,,,,,,,,,,,,,,,,,,,,,,,,,,,,,39.66193595646151,,,,,,,,,,,,,,,,,,,,,,,,,,,,,,,41.93713678630263,,,,,,,,,40.799536371382075,#000000,,40.799536371382075,,33.94892241917371,-9.418664219252236,False,False,False,True,False,,0.0,0.0,0.0,0.0,0,,,False,False,False,False,,,False,False,False,False,-8532816,-4727959.123308842,False,False,False,False,567397.7175946968,False,False,False,False
2022-03-04 00:00:00+00:00,33.4,35.6,32.9,35.1,451786,,,,,,,,,,,,,,,,,,,,,,,,,,,,,,,,,,,,,39.20485088634476,,,,,,,,,,,,,,,,,,,,,,,,,,,,,,,41.678108587744845,,,,,,,,,40.4414797370448,#000000,,40.4414797370448,,31.75580290023652,-11.91058641771967,False,False,False,True,False,,0.0,0.0,0.0,0.0,0,,,False,False,False,False,,,False,False,False,False,-8984602,-4894886.294943789,False,False,False,False,562863.924747846,False,False,False,False
2022-03-07 00:00:00+00:00,31.5,33.6,31.4,33.0,592995,,,,,,,,,,,,,,,,,,,,,,,,,,,,,,,,,,,,,38.534094150368404,,,,,,,,,,,,,,,,,,,,,,,,,,,,,,,41.28898582861709,,,,,,,,,39.91153998949275,#000000,,39.91153998949275,,29.266105272858624,-14.576244733657745,False,False,False,True,False,,0.0,0.0,0.0,0.0,0,,,False,False,False,False,,,False,False,False,False,-9577597,-5078522.008867562,False,False,False,False,564045.535542048,False,False,False,False
2022-03-08 00:00:00+00:00,32.8,33.8,31.2,31.9,721305,,,,,,,,,,,,,,,,,,,,,,,,,,,,,,,,,,,,,37.91765211477772,,,,,,,,,,,,,,,,,,,,,,,,,,,,,,,40.87709138480651,,,,,,,,,39.397371749792114,#000000,,39.397371749792114,,29.578632921326417,-14.576244733657745,False,False,False,True,False,,0.0,0.0,0.0,0.0,0,,,False,False,False,False,,,False,False,False,False,-8856292,-5226669.851657069,False,False,False,False,570212.5733639286,False,False,False,False
2022-03-09 00:00:00+00:00,34.2,34.8,33.1,33.8,590202,,,,,,,,,,,,,,,,,,,,,,,,,,,,,,,,,,,,,37.61335024187838,,,,,,,,,,,,,,,,,,,,,,,,,,,,,,,40.62154704980353,,,,,,,,,39.11744864584095,#000000,,39.11744864584095,,31.75833681369561,-14.576244733657745,False,False,False,True,True,,0.0,0.0,0.0,0.0,0,,,False,False,False,False,,,False,False,False,False,-8266090,-5345862.79865091,False,False,False,False,570996.472447696,False,False,False,False
2022-03-10 00:00:00+00:00,33.3,33.876,32.1,33.6,386116,,,,,,,,,,,,,,,,,,,,,,,,,,,,,,,,,,,,,37.39292141490867,,,,,,,,,,,,,,,,,,,,,,,,,,,,,,,40.44200088883406,,,,,,,,,38.917461151871365,#000000,,38.917461151871365,,32.530880357315766,-14.576244733657745,False,False,False,True,True,,0.0,0.0,0.0,0.0,0,,,False,False,False,False,,,False,False,False,False,-8652206,-5475523.316350875,False,False,False,False,563746.2578419041,False,False,False,False
2022-03-11 00:00:00+00:00,31.7,33.8,31.6,33.7,268183,,,,,,,,,,,,,,,,,,,,,,,,,,,,,,,,,,,,,37.22829649628979,,,,,,,,,,,,,,,,,,,,,,,,,,,,,,,40.310433812598205,,,,,,,,,38.769365154444,#000000,,38.769365154444,,31.915210964581316,-14.576244733657745,False,False,False,True,True,,0.0,0.0,0.0,0.0,0,,,False,False,False,False,,,False,False,False,False,-8920389,-5610616.088258684,False,False,False,False,552155.541848104,False,False,False,False
2022-03-14 00:00:00+00:00,29.3,31.8,28.9,31.8,604123,,,,,,,,,,,,,,,,,,,,,,,,,,,,,,,,,,,,,36.73162938746121,,,,,,,,,,,,,,,,,,,,,,,,,,,,,,30.0,39.94542431894416,,,,,,,,,35.559017902135125,#000000,,35.559017902135125,,30.061830001584728,-14.83866174609365,False,False,False,True,True,,0.0,0.0,0.0,0.0,0,,,False,False,False,False,,,False,False,False,False,-9524512,-5764102.202444619,False,False,False,False,554193.4813834724,False,False,False,False
2022-03-15 00:00:00+00:00,30.3,30.51,28.992,29.7,531105,,,,,,,,,,,,,,,,,,,,,,,,,,,,,,,,,,,,,36.34439892203795,,,,,,,,,,,,,,,,,,,,,,,,,,,,,,29.969122563925485,39.64324300035492,,,,,,,,,35.31892149543945,#000000,,35.31892149543945,,30.31714666094669,-14.83866174609365,False,False,False,True,True,0.0,0.0,0.0,0.0,0.0,0,,,False,False,False,False,-0.34282825441539394,-0.34282825441539394,False,False,False,False,-8993407,-5890741.60627032,False,False,False,False,553288.0507409833,False,False,False,False
2022-03-16 00:00:00+00:00,32.5,32.8,30.7,31.1,583457,,,,,,,,,,,,,,,,,,,,,,,,,,,,,,,,,,,,,36.08853546177216,,,,,,,,,,,,,,,,,,,,,,,,,,,,,,30.658562255445297,39.3979355430221,,,,,,,,,35.381677753413186,#000000,,35.381677753413186,,33.44196624253648,-14.83866174609365,False,False,False,True,True,0.0,0.0,0.0,0.0,0.0,0,0.8238452726097446,1.1502473615831144,False,False,False,False,-0.29276806428945695,-0.31779815935242545,False,False,False,False,-8409950,-5989534.092298934,False,False,False,False,554471.1467903565,False,False,False,False
2022-03-17 00:00:00+00:00,34.8,34.8,31.805,32.4,429735,,,,,,,,,,,,,,,,,,,,,,,,,,,,,,,,,,,,,35.9934596639302,,,,,,,,,,,,,,,,,,,,,,,,,,,,,,31.28725774988131,39.26870153915501,,,,,,,,,35.51647298432218,#000000,,35.51647298432218,,38.10710141614536,-16.949105394352856,True,False,False,True,True,0.0,0.0,0.0,0.0,0.0,0,0.8252635214654862,1.1284091490559278,False,False,False,False,-0.2548621871877072,-0.2863301732700663,False,False,False,False,-7980215,-6067600.010247996,False,False,False,False,549579.5331907347,False,False,False,False
2022-03-18 00:00:00+00:00,35.5,36.5,33.8,34.4,450376,,,,,,,,,,,,,,,,,,,,,,,,,,,,,,,,,,,,,35.9631143428783,,,,,,,,,,,,,,,,,,,,,,,,,,,,,,31.976896440377264,39.17413272258858,,,,,,,,,35.70471450194805,#000000,,35.70471450194805,,41.93949850025968,-13.454380928437118,True,False,False,True,True,0.0,0.0,0.0,0.0,0.0,0,0.8433563539484233,1.1214143452057628,False,False,False,False,-0.21066082195163566,-0.248495497610851,False,False,False,False,-7529839,-6124942.715728466,False,False,False,False,545689.198555804,False,False,False,False
2022-03-21 00:00:00+00:00,34.7,36.3,34.35,35.5,539131,,,,,,,,,,,,,,,,,,,,,,,,,,,,,,,,,,,,,35.92282232887582,,,,,,,,,,,,,,,,,,,,,,,,,,,,,,32.51634412729593,39.062516654111285,,,,,,,,,35.83389437009435,#000000,,35.83389437009435,,43.67971701544276,-11.943845512471178,True,False,False,True,True,0.0,0.0,0.0,0.0,0.0,0,0.8588957055214723,1.1057987887032845,False,False,False,False,-0.20651824102203828,-0.22750686931644465,False,False,False,False,-8068970,-6201179.0798175465,False,False,False,False,545432.0142987136,False,False,False,False
2022-03-22 00:00:00+00:00,36.8,37.1,34.6,35.0,455983,,,,,,,,,,,,,,,,,,,,,,,,,,,,,,,,,,,,,35.932259547242055,,,,,,,,,,,,,,,,,,,,,,,,,,,,,,32.97948455720928,38.99667305104644,,,,,,,,,35.96947238516593,#000000,,35.96947238516593,,47.03366851779038,-8.872682050666825,True,False,False,False,True,0.0,0.0,0.0,0.0,0.0,0,0.8499349086748982,1.1096427209488866,False,False,False,False,-0.1941317285788809,-0.21081929894766277,False,False,False,False,-7612987,-6256544.096295291,False,False,False,False,541924.2098164111,False,False,False,False
2022-03-23 00:00:00+00:00,36.4,40.45,36.2,38.9,974095,,,,,,,,,,,,,,,,,,,,,,,,,,,,,,,,,,,,,36.06597745783197,,,,,,,,,,,,,,,,,,,,,,,,,,,,,,33.98254728887848,38.935835907150164,,,,,,,,,36.32812021795354,#000000,,36.32812021795354,,48.814027546502906,-7.273001564489348,True,False,False,False,True,0.0,0.0,0.0,0.0,0.0,0,0.8591397425276471,1.0964929583021024,False,False,False,False,-0.13645904526579272,-0.17363917210672775,False,False,False,False,-8587082,-6347937.739577828,False,False,False,False,558872.0839412578,False,False,False,False
2022-03-24 00:00:00+00:00,40.4,41.1,35.3,37.1,2154700,,,,,,,,,,,,,,,,,,,,,,,,,,,,,,,,,,,,,36.48032899073905,,,,,,,,,,,,,,,,,,,,,,,,,,,,,,35.5693280103272,38.93560331279813,,,,,,,,,36.99508677128813,#000000,,36.99508677128813,,53.47134435166818,-2.9601815612096303,True,False,True,False,True,0.0,0.0,0.0,0.0,0.0,0,0.8401639077693582,1.1052066733877526,False,False,False,False,-0.13934716529011773,-0.15649316869842272,False,False,False,False,-6432382,-6351249.2792022275,False,False,False,False,621453.5708455222,False,False,False,False
2022-03-25 00:00:00+00:00,44.6,45.6,39.8,45.55,4296008,,,,,,,,,,,,,,,,,,,,,,,,,,,,,,,,,,,,43.33333333333333,38.01315212583779,,,,,,,,,,,,,,,,,,,,,,,,,,,,,,38.59638107720324,39.62312824887027,,,,,,,,43.33333333333333,39.89149869631116,#000000,,39.89149869631116,,59.07689791552768,2.117662146376553,True,False,True,False,True,0.0,-1.0,45.6,39.8,0.0,0,0.865003733939274,1.0732490377925716,False,False,False,False,-0.012281000733291098,-0.08438708471585692,False,False,False,False,-2136374,-6185960.052566846,False,False,False,False,765553.7445378547,False,False,False,True
2022-03-28 00:00:00+00:00,40.9,43.8,39.95,42.9,1732014,,,,,,,,,,,,,,,,,,,,,,,,,,,,,,,,,,,,42.82093336199945,38.30571323336026,,,,,,,,,,,,,,,,,,,,,,,,,,,,,,38.99759030432801,39.73737755229567,,,,,,,,42.82093336199945,39.96540361299584,#000000,,39.96540361299584,,58.98496855562208,2.117662146376553,True,False,True,False,True,0.0,0.0,0.0,0.0,0.0,0,0.8759685035398842,1.0641529179616822,False,False,False,False,-0.010552910062168755,-0.047469997389012836,False,False,False,False,-3868388,-6095074.874034813,False,False,False,False,803454.1467128408,False,False,False,False
2022-03-29 00:00:00+00:00,41.4,43.893,40.2,41.4,1207897,,,,,,,,,,,,,,,,,,,,,,,,,,,,,,,,,,,,42.65568309618539,38.49798519542533,,,,,,,,,,,,,,,,,,,,,,,,,,,,,,39.24277686936286,39.82051194942867,,,,,,,,42.65568309618539,40.054239277600566,#000000,,40.054239277600566,,59.24938582288118,2.1600709640553077,True,False,True,False,True,0.0,0.0,0.0,0.0,0.0,0,0.8881944184537843,1.049172249460434,False,False,False,False,0.018301539408461957,-0.01458422899027544,False,False,False,False,-2660491,-5960385.310347173,False,False,False,False,819314.6507633176,False,False,False,False
2022-03-30 00:00:00+00:00,41.6,45.4,40.619,41.7,1516370,,,,,,,,,,,,,,,,,,,,,,,,,,,,,,,,,,,,42.63558277348931,38.75698340742779,,,,,,,,,,,,,,,,,,,,,,,,,,,,,,39.56583384644069,39.9496233788378,,,,,,,,42.63558277348931,40.227005851548896,#000000,,40.227005851548896,,59.56412973303839,2.6807441024906495,True,False,True,False,True,0.0,0.0,0.0,0.0,0.0,0,0.9087184580527017,1.0352338682144078,False,False,False,False,0.09718465930076964,0.0413002151552471,False,False,False,False,-1144121,-5771512.20013748,False,False,False,False,846650.1546549522,False,False,False,False
2022-03-31 00:00:00+00:00,40.0,42.1,39.5,41.9,1089360,,,,,,,,,,,,,,,,,,,,,,,,,,,,,,,,,,,,42.402887373548886,38.83516106743812,,,,,,,,,,,,,,,,,,,,,,,,,,,,,,39.62946175737772,39.968877640447445,,,,,,,,42.402887373548886,40.20909695970305,#000000,,40.20909695970305,,58.102345871203596,2.6807441024906495,True,False,True,False,True,0.0,0.0,0.0,0.0,0.0,0,0.9174506070726303,1.0373045350978496,False,False,False,False,0.04402333861255411,0.042661776883900604,False,False,False,False,-2233481,-5632765.878563461,False,False,False,False,856168.1878057384,False,False,False,False
2022-04-01 00:00:00+00:00,39.5,42.15,39.2,40.4,1534981,,,,,,,,,,,,,,,,,,,,,,,,,,,,,,,,,,,,42.11690855730856,38.9197232032401,,,,,,,,,,,,,,,,,,,,,,,,,,,,,,39.68491575309258,39.98284422095417,,,,,,,,42.11690855730856,40.176097933648855,#000000,,40.176097933648855,,56.61574382179687,2.6807441024906495,True,False,True,False,True,0.0,0.0,0.0,0.0,0.0,0,0.922080202701855,1.0315153719754648,False,False,False,False,0.08398478152597967,0.06332327920494013,False,False,False,False,-3768462,-5559655.922541365,False,False,False,False,882788.2980878664,False,False,False,False
2022-04-04 00:00:00+00:00,41.4,41.5,38.223,40.1,908935,,,,,,,,,,,,,,,,,,,,,,,,,,,,,,,,,,,,41.98798590611556,38.96833810225165,,,,,,,,,,,,,,,,,,,,,,,,,,,,,,39.717882233908355,39.99287664058734,,,,,,,,41.98798590611556,40.166770720715725,#000000,,40.166770720715725,,57.23550974959232,2.6807441024906495,True,False,True,False,True,0.0,0.0,0.0,0.0,0.0,0,0.9371693246220181,1.013029315960912,False,False,False,False,0.0530231174648813,0.05817319833491072,False,False,False,False,-2859527,-5453768.513814253,False,False,False,False,883813.6589471658,False,False,False,False
2022-04-05 00:00:00+00:00,39.2,42.0,38.95,40.7,843041,,,,,,,,,,,,,,,,,,,,,,,,,,,,,,,,,,,,41.86353997664845,39.00085972508996,,,,,,,,,,,,,,,,,,,,,,,,,,,,,,39.731986536321614,39.99420285531258,,,,,,,,41.86353997664845,40.147647273343146,#000000,,40.147647273343146,,55.36403511101851,2.6807441024906495,True,False,True,False,False,0.0,0.0,0.0,0.0,0.0,0,0.9708193326685,0.9922252640805929,False,False,False,False,0.07636018920004,0.06726669376747535,False,False,False,False,-3702568,-5385093.9838607535,False,False,False,False,882214.7311453163,False,False,False,False
2022-04-06 00:00:00+00:00,37.7,40.0,36.9,39.5,1056783,,,,,,,,,,,,,,,,,,,,,,,,,,,,,,,,,,,,41.59061360380506,38.97177218973184,,,,,,,,,,,,,,,,,,,,,,,,,,,,,,39.654553493988175,39.94346291621106,,,,,,,,41.59061360380506,40.04010055093403,#000000,,40.04010055093403,,52.72596716667181,2.6807441024906495,True,False,False,False,False,0.0,0.0,0.0,0.0,0.0,0,0.9524893332403492,1.0014328009991569,False,False,False,False,-0.0004924261733391032,0.033387133797068126,False,False,False,False,-4759351,-5360555.043317195,False,False,False,False,889060.5456102059,False,False,False,False
2022-04-07 00:00:00+00:00,35.3,37.6,34.5,37.5,697139,,,,,,,,,,,,,,,,,,,,,,,,,,,,,,,,,,,,41.3193651588404,38.89755524164058,,,,,,,,,,,,,,,,,,,,,,,,,,,,,,39.53017809066596,39.86757930539031,,,,,,,,41.3193651588404,39.90366944913431,#000000,,39.90366944913431,,48.99793228307438,4.977545103347822,True,False,False,False,False,0.0,0.0,0.0,0.0,0.0,0,0.9396182735176456,1.018609325014469,False,False,False,False,-0.09165733001019254,-0.029135098106562205,False,False,False,False,-5456490,-5364317.198481226,False,False,False,False,881534.2104882371,False,False,False,False
2022-04-08 00:00:00+00:00,34.9,35.873,34.3,35.5,447766,,,,,,,,,,,,,,,,,,,,,,,,,,,,,,,,,,,,41.13550037318267,38.84020612570582,,,,,,,,,,,,,,,,,,,,,,,,,,,,,,39.43869102881049,39.81127079739577,,,,,,,,41.13550037318267,39.806417081273686,#000000,,39.806417081273686,,46.20354076773867,2.3089943858012845,True,False,False,True,False,0.0,0.0,0.0,0.0,0.0,0,0.952479498187614,1.0119733155093962,False,False,False,False,-0.12860203036257703,-0.07886856423456962,False,False,False,False,-5904256,-5385491.269129022,False,False,False,False,864523.6924298749,False,False,False,False
2022-04-11 00:00:00+00:00,35.7,36.05,33.3,34.2,541787,,,,,,,,,,,,,,,,,,,,,,,,,,,,,,,,,,,,40.926636484613034,38.77291068948717,,,,,,,,,,,,,,,,,,,,,,,,,,,,,,39.33265792395643,39.744758663878585,,,,,,,,40.926636484613034,39.69424094048381,#000000,,39.69424094048381,,45.26703042800409,1.3683200834519909,True,False,False,True,False,0.0,0.0,0.0,0.0,0.0,0,0.9500531894441382,1.0011278725504018,False,False,False,False,-0.1444818788977402,-0.1116752215661549,False,False,False,False,-5362469,-5384588.435045531,False,False,False,False,851867.351550272,False,False,False,False
2022-04-12 00:00:00+00:00,35.8,37.841,35.4,36.0,442892,,,,,,,,,,,,,,,,,,,,,,,,,,,,,,,,,,,,40.80231606054962,38.738502632018125,,,,,,,,,,,,,,,,,,,,,,,,,,,,,,39.27525960415802,39.70665974299864,,,,,,,,40.80231606054962,39.6306845099311,#000000,,39.6306845099311,,44.763334687572126,0.7342270791444747,True,False,False,True,False,0.0,0.0,0.0,0.0,0.0,0,0.952785671286257,1.0109070666140192,False,False,False,False,-0.06990531602672968,-0.0907902687964423,False,False,False,False,-4919577,-5366352.692494727,False,False,False,False,835829.1024698692,False,False,False,False
2022-04-13 00:00:00+00:00,36.9,37.15,35.2,35.7,248215,,,,,,,,,,,,,,,,,,,,,,,,,,,,,,,,,,,,40.73659296640236,38.72019178281805,,,,,,,,,,,,,,,,,,,,,,,,,,,,,,39.24478855260851,39.68611386704137,,,,,,,,40.73659296640236,39.59692179221757,#000000,,39.59692179221757,,45.77384332352918,0.7342270791444747,True,False,False,True,False,0.0,0.0,0.0,0.0,0.0,0,0.9330386174188929,1.0346564895524741,False,False,False,False,-0.08688463889642897,-0.08883745384643563,False,False,False,False,-4671362,-5339098.15553415,False,False,False,False,812785.4121769331,False,False,False,False
2022-04-14 00:00:00+00:00,35.4,36.85,35.25,36.7,311886,,,,,,,,,,,,,,,,,,,,,,,,,,,,,,,,,,,,40.6459706654916,38.69186560940496,,,,,,,,,,,,,,,,,,,,,,,,,,,,,,39.199700193974465,39.656116906869684,,,,,,,,40.6459706654916,39.54841334393518,#000000,,39.54841334393518,,44.89830262179413,0.48929407575489137,True,False,False,True,False,0.0,0.0,0.0,0.0,0.0,0,0.9265477995458067,1.0336076590504313,False,False,False,False,-0.09165733001019254,-0.09024739192831407,False,False,False,False,-4983248,-5325143.247473987,False,False,False,False,793142.2979739162,False,False,False,False
2022-04-18 00:00:00+00:00,33.6,35.5,33.2,35.5,579475,,,,,,,,,,,,,,,,,,,,,,,,,,,,,,,,,,,,40.428650449919964,38.60965189630984,,,,,,,,,,,,,,,,,,,,,,,,,,,,,,39.07747172378082,39.576889439509095,,,,,,,,40.428650449919964,39.42316587737993,#000000,,39.42316587737993,,42.67850986613384,-1.845056138676199,False,False,False,True,False,0.0,0.0,0.0,0.0,0.0,0,0.9324800149097758,1.0257992372052156,False,False,False,False,-0.15707463776156239,-0.12366101484493823,False,False,False,False,-5562723,-5334460.100514223,False,False,False,False,784763.1882494489,False,False,False,False
2022-04-19 00:00:00+00:00,33.5,34.374,32.9,33.4,413579,,,,,,,,,,,,,,,,,,,,,,,,,,,,,,,,,,,,40.27039264161678,38.54633456018032,,,,,,,,,,,,,,,,,,,,,,,,,,,,,,38.985203534680316,39.51658696719729,,,,,,,,40.27039264161678,39.32962942591868,#000000,,39.32962942591868,,41.110649807652024,-3.51393814963064,False,False,False,True,False,0.0,0.0,0.0,0.0,0.0,0,0.9316952952979911,1.0350277083852373,False,False,False,False,-0.1848810984570464,-0.1542710566509923,False,False,False,False,-5976302,-5359630.371082293,False,False,False,False,770206.945573,False,False,False,False
2022-04-20 00:00:00+00:00,32.3,34.0,32.1,34.0,411983,,,,,,,,,,,,,,,,,,,,,,,,,,,,,,,,,,,,40.10203071144736,38.47500793137026,,,,,,,,,,,,,,,,,,,,,,,,,,,,,,38.88328706623819,39.449850485133794,,,,,,,,40.10203071144736,39.2275440485474,"rgba(239, 83, 80, 0.5)",7.485075119833432,39.2275440485474,-0.925514298472607,39.00819683035776,-5.660657846998518,False,True,False,True,False,0.0,0.0,0.0,0.0,0.0,0,0.9097384281336878,1.0497169179569388,False,False,False,False,-0.20798590718079954,-0.18112848191589592,False,False,False,False,-6388285,-5399969.768294753,False,False,False,False,756158.9477073922,False,False,False,False
2022-04-21 00:00:00+00:00,31.2,33.2,31.0,33.0,639026,,,,,,,,,,,,,,,,,,,,,,,,,,,,,,,,,,,,39.82161551717009,38.348921085604594,,,,,,,,,,,,,,,,,,,,,,,,,,,,,,38.70676290698356,39.333741819779284,,,,,,,,39.82161551717009,39.05276033238438,"rgba(239, 83, 80, 1.0)",7.330266025186256,39.05276033238438,-1.071279037541458,36.70545857553527,-7.95032939515481,False,True,False,True,False,0.0,0.0,0.0,0.0,0.0,0,0.9087866277855973,1.041929596530336,False,False,False,False,-0.2458596332782003,-0.2134940575970481,False,False,False,False,-7027311,-5463787.07149888,False,False,False,False,751565.4987776906,False,False,False,False
2022-04-22 00:00:00+00:00,30.5,31.9,29.9,31.1,453018,,,,,,,,,,,,,,,,,,,,,,,,,,,,,,,,,,,,39.60986546569892,38.24872835594673,,,,,,,,,,,,,,,,,,,,,,,,,,,,,,38.5689194190861,39.242542167060265,,,,,,,,39.60986546569892,38.917513851948,"rgba(239, 83, 80, 1.0)",7.161169565758756,38.917513851948,-1.175438421706487,34.61852329201044,-10.002729637348537,False,True,False,True,False,0.0,0.0,0.0,0.0,0.0,0,0.8926191080878871,1.0822036283264806,False,False,False,False,-0.2947243382541187,-0.2541091979255834,False,False,False,False,-7480329,-5542867.147126375,False,False,False,False,739857.7537275851,False,False,False,False
2022-04-25 00:00:00+00:00,31.0,31.1,29.7,30.0,547753,,,,,,,,,,,,,,,,,,,,,,,,,,,,,,,,,,,,39.36211427937652,38.12844311690703,,,,,,,,,,,,,,,,,,,,,,,,,,,,,,38.40508415568447,39.132713159132685,,,,,,,,39.36211427937652,38.75708867777518,"rgba(239, 83, 80, 1.0)",7.057477537278393,38.75708867777518,-1.0991304806570565,34.13005916821994,-10.575915390749927,False,True,False,True,False,0.0,0.0,0.0,0.0,0.0,0,0.8768134154344517,1.101411636576886,False,False,False,False,-0.31548270425630254,-0.28479595109094297,False,False,False,False,-6932576,-5597365.533513576,False,False,False,False,732324.2339735621,False,False,False,False
2022-04-26 00:00:00+00:00,29.3,31.0,29.201,31.0,599496,,,,,,,,,,,,,,,,,,,,,,,,,,,,,,,,,,,,39.083730646497656,37.988091329467295,,,,,,,,,,,,,,,,,,,,,,,,,,,,,,38.21645960759988,39.00515249324454,,,,,,,,39.083730646497656,38.573358519202344,"rgba(239, 83, 80, 1.0)",6.992202864684405,38.573358519202344,-1.326242773366802,32.399587757707764,-12.368071577644479,False,True,False,True,False,0.0,0.0,0.0,0.0,0.0,0,0.881297974775909,1.1035575554236086,False,False,False,False,-0.32804314781450017,-0.30641954945272154,False,False,False,False,-7532072,-5673236.375336573,False,False,False,False,727115.2836216578,False,False,False,False
2022-04-27 00:00:00+00:00,29.4,30.379,28.7,29.32,561582,,,,,,,,,,,,,,,,,,,,,,,,,,,,,,,,,,,,38.8282406187579,37.855541721092344,,,,,,,,,,,,,,,,,,,,,,,,,,,,,,38.04026221375907,38.88447149531002,,,,,,,,38.8282406187579,38.402129012229835,"rgba(239, 83, 80, 1.0)",6.868188320860947,38.402129012229835,-1.310699210865755,31.439189646370654,-13.436615959542593,False,True,False,True,False,0.0,0.0,0.0,0.0,0.0,0,0.874282442305462,1.0985445900498665,False,False,False,False,-0.34282825441539394,-0.32462390193405777,False,False,False,False,-6970490,-5724109.066499845,False,False,False,False,720623.7823031615,False,False,False,False
2022-04-28 00:00:00+00:00,30.5,30.6,27.9,29.8,622727,,,,,,,,,,,,,,,,,,,,,,,,,,,,,,,,,,,,38.56537502232913,37.716267966475456,,,,,,,,,,,,,,,,,,,,,,,,,,,,,,37.85682496062875,38.75659083622068,,,,,,,,38.56537502232913,38.223764696413504,"rgba(239, 83, 80, 1.0)",6.616894293404571,38.223764696413504,-1.1672794446954082,32.909788198506476,-13.436615959542593,False,True,False,True,False,0.0,0.0,0.0,0.0,0.0,0,0.8665094820183674,1.1020681424558645,False,False,False,False,-0.34282825441539394,-0.3337260781747259,False,False,False,False,-6347763,-5748566.083499851,False,False,False,False,716784.6928010767,False,False,False,False
2022-04-29 00:00:00+00:00,30.3,31.85,29.9,30.3,482841,,,,,,,,,,,,,,,,,,,,,,,,,,,,,,,,,,,,38.393839916374574,37.62473060616651,,,,,,,,,,,,,,,,,,,,,,,,,,,,,,37.737013661736064,38.67067248632145,,,,,,,,38.393839916374574,38.10656416764965,"rgba(239, 83, 80, 1.0)",6.28449170864565,38.10656416764965,-1.2421949983496783,33.679236625577005,-13.436615959542593,False,True,False,True,True,0.0,0.0,0.0,0.0,0.0,0,0.8696267260053935,1.1121885085250296,False,False,False,False,-0.26951939022810656,-0.3016227342014162,False,False,False,False,-6830604,-5790998.942970445,False,False,False,False,707610.4303382894,False,False,False,False
2022-05-02 00:00:00+00:00,31.4,31.4,29.1,29.9,626326,,,,,,,,,,,,,,,,,,,,,,,,,,,,,,,,,,,,38.18077575936635,37.50865232832361,,,,,,,,,,,,,,,,,,,,,,,,,,,,,,37.58637436729287,38.56122864465459,,,,,,,,38.18077575936635,37.959257774909354,"rgba(239, 83, 80, 1.0)",5.947971718793512,37.959257774909354,-1.1027721860519937,36.27583323000996,-13.436615959542593,False,True,False,True,True,0.0,0.0,0.0,0.0,0.0,0,0.8767378444023901,1.1033840468491556,False,False,False,False,-0.28988953887491653,-0.29575613653816635,False,False,False,False,-6204278,-5807205.964814741,False,False,False,False,704422.8056191409,False,False,False,False
2022-05-03 00:00:00+00:00,30.3,32.05,29.8,31.2,618699,,,,,,,,,,,,,,,,,,,,,,,,,,,,,,,,,,,,37.98368973150863,37.39905557309056,,,,,,,,,,,,,,,,,,,,,,,,,,,,,,37.44542320809209,38.45711110296397,,,,,,,,37.98368973150863,37.82131990391381,"rgba(239, 83, 80, 1.0)",5.6852481781226345,37.82131990391381,-1.3229536632818513,36.68050052596311,-18.075876599338315,False,True,False,True,True,0.0,0.0,0.0,0.0,0.0,0,0.8989932381667919,1.07809166040571,False,False,False,False,-0.2550453910291661,-0.27540076378366624,False,False,False,False,-6822977,-5847040.1230573,False,False,False,False,701061.0877517236,False,False,False,False
2022-05-04 00:00:00+00:00,31.9,32.0,29.05,30.3,657418,,,,,,,,,,,,,,,,,,,,,,,,,,,,,,,,,,,,37.79264149888294,37.290905861463806,,,,,,,,,,,,,,,,,,,,,,,,,,,,,,37.307543963340066,38.353172849584645,,,,,,,,37.79264149888294,37.686066043317865,"rgba(239, 83, 80, 1.0)",5.374719602994252,37.686066043317865,-1.0765335628103192,39.72354623468168,-15.075261860059477,False,True,False,True,True,0.0,0.0,0.0,0.0,0.0,0,0.9142664165103188,1.055354596622889,False,False,False,False,-0.2756154616499122,-0.2755081127167892,False,False,False,False,-6165559,-5859531.059407994,False,False,False,False,699349.5941144011,False,False,False,False
2022-05-05 00:00:00+00:00,29.3,31.65,28.7,31.3,608901,,,,,,,,,,,,,,,,,,,,,,,,,,,,,,,,,,,,37.59764572833958,37.17702975961283,,,,,,,,,,,,,,,,,,,,,,,,,,,,,,37.16366991748481,38.24546255703357,,,,,,,,37.59764572833958,37.545951990617695,"rgba(255, 0, 0, 1.0)",5.237174122825464,37.545951990617695,-1.574504073614606,38.8175969976349,-15.075261860059477,False,True,False,True,True,0.0,0.0,0.0,0.0,0.0,0,0.9187039498884657,1.0534237624208558,False,False,False,False,-0.29380227081566623,-0.2846551917662277,False,False,False,False,-6774460,-5895410.62570572,False,False,False,False,695802.5904236403,False,False,False,False
2022-05-06 00:00:00+00:00,28.1,29.3,27.5,29.3,440299,,,,,,,,,,,,,,,,,,,,,,,,,,,,,,,,,,,,37.43479617645875,37.079435497678254,,,,,,,,,,,,,,,,,,,,,,,,,,,,,,37.04117919198688,38.1548407647901,,,,,,,,37.43479617645875,37.42756290772849,"rgba(255, 0, 0, 1.0)",5.188850833563521,37.42756290772849,-1.7976163136920722,37.11706304775387,-15.075261860059477,False,True,False,True,False,0.0,0.0,0.0,0.0,0.0,0,0.9280846744961577,1.0568973543035491,False,False,False,False,-0.34282825441539394,-0.31374172309081083,False,False,False,False,-7214759,-5947149.777638828,False,False,False,False,685782.841779576,False,False,False,False
2022-05-09 00:00:00+00:00,25.3,27.5,25.2,27.2,622343,,,,,,,,,,,,,,,,,,,,,,,,,,,,,,,,,,,,37.15854554829467,36.909900444930564,,,,,,,,,,,,,,,,,,,,,,,,,,,,,,36.82964242643656,38.000286362455725,,,,,,,,37.15854554829467,37.22459369552938,"rgba(255, 26, 202, 1.0)",5.232377372951309,37.22459369552938,-2.2790010822180706,33.89545294273394,-11.215591999442331,False,True,False,True,False,0.0,0.0,0.0,0.0,0.0,0,0.8922071897363355,1.0688705862669494,False,False,False,False,-0.34282825441539394,-0.3282849887531024,False,False,False,False,-7837102,-6021265.551064757,False,False,False,False,683295.0048470437,False,False,False,False
2022-05-10 00:00:00+00:00,26.2,26.6,23.902,26.4,926160,,,,,,,,,,,,,,,,,,,,,,,,,,,,,,,,,,,,36.75627336383542,36.65736015198912,,,,,,,,,,,,,,,,,,,,,,,,,,,,,,36.51743392737264,37.76938777509663,,,,,,,,36.75627336383542,36.925113804573456,"rgba(255, 26, 202, 1.0)",5.302492359751694,36.925113804573456,-2.0226552113458762,33.2382739234342,-11.864250084286205,False,True,False,True,False,0.0,0.0,0.0,0.0,0.0,0,0.8829813871963943,1.0747850763709204,False,False,False,False,-0.34282825441539394,-0.33555662158424815,False,False,False,False,-6910942,-6056154.823572021,False,False,False,False,692819.1223040223,False,False,False,False
2022-05-11 00:00:00+00:00,22.9,25.9,22.8,25.7,695310,,,,,,,,,,,,,,,,,,,,,,,,,,,,,,,,,,,,36.42896823055234,36.44707599702823,,,,,,,,,,,,,,,,,,,,,,,,,,,,,,36.25951636424269,37.5782150466299,,,,,,,,36.42896823055234,36.67844390961329,"rgba(255, 26, 202, 1.0)",5.484443848224192,36.67844390961329,-2.5122773230825612,30.68139988872022,-14.338174966965212,False,True,False,True,False,0.0,0.0,0.0,0.0,0.0,0,0.8752214249256912,1.0721995376347313,False,False,False,False,-0.34282825441539394,-0.339192437999821,False,False,False,False,-7606252,-6116942.948137824,False,False,False,False,692916.8037822959,False,False,False,False
2022-05-12 00:00:00+00:00,24.2,24.9,22.0,22.9,741040,,,,,,,,,,,,,,,,,,,,,,,,,,,,,,,,,,,,36.09356098924785,36.22757194634384,,,,,,,,,,,,,,,,,,,,,,,,,,,,,23.699999999999996,35.99242202214683,37.37776578264548,,,,,,,,36.09356098924785,33.8782641480768,"rgba(255, 0, 0, 1.0)",5.624784280147823,33.8782641480768,-1.7206462801134217,30.947454653698074,-14.338174966965212,False,True,False,True,False,0.0,0.0,0.0,0.0,0.0,0,0.878476564826395,1.0696504079566433,False,False,False,False,-0.34282825441539394,-0.3410103462076075,False,False,False,False,-6865212,-6146286.832524576,False,False,False,False,694803.9879476961,False,False,False,False
2022-05-13 00:00:00+00:00,28.4,28.4,23.4,24.3,1041386,,,,,,,,,,,,,,,,,,,,,,,,,,,,,,,,,,,,35.759331654667804,36.003246916914044,,,,,,,,,,,,,,,,,,,,,,,,,,,,,25.47223114264865,35.72373844734524,37.16600932812747,,,,,,,,35.759331654667804,34.02491149794064,"rgba(239, 83, 80, 0.5)",5.673579673037665,34.02491149794064,-0.9914219632222132,36.15269674204858,-19.025536208929662,False,True,False,True,True,0.0,0.0,0.0,0.0,0.0,0,0.8923005146597851,1.0441470206592893,False,False,False,False,-0.25256595231400175,-0.29678814926080466,False,False,False,False,-5823826,-6133641.309680475,False,False,False,False,708395.4394007276,False,False,False,False
2022-05-16 00:00:00+00:00,29.5,30.6,27.55,28.0,848222,,,,,,,,,,,,,,,,,,,,,,,,,,,,,,,,,,,,35.57442192819665,35.87510599757048,,,,,,,,,,,,,,,,,,,,,,,,,,,,,26.67958103858821,35.573489722704885,37.039255108424356,,,,,,,,35.57442192819665,34.14837075909692,"rgba(239, 83, 80, 0.5)",5.7200995392334395,34.14837075909692,-0.8126380891126689,40.68513141276466,-14.90500499917971,False,False,False,True,True,0.0,0.0,0.0,0.0,0.0,0,0.9383834564597752,1.0164039322901517,False,False,False,False,-0.14112400630541427,-0.21895607778310947,False,False,False,False,-4975604,-6088228.0818498675,False,False,False,False,713878.8339340325,False,False,False,False
2022-05-17 00:00:00+00:00,30.9,31.5,29.7,29.9,728185,,,,,,,,,,,,,,,,,,,,,,,,,,,,,,,,,,,,35.4589572699313,35.79255828355339,,,,,,,,,,,,,,,,,,,,,,,,,,,,,27.55119590643536,35.47876292016797,36.95365052618553,,,,,,,,35.4589572699313,34.24702498125471,"rgba(239, 83, 80, 0.5)",5.7379715158858176,34.24702498125471,-0.5833115364878219,44.99748046729296,-11.082780868979015,True,False,False,True,True,0.0,0.0,0.0,0.0,0.0,0,0.9634160549924271,0.9938541302574858,False,False,False,False,-0.08897017784960685,-0.15396312781635815,False,False,False,False,-4247419,-6016039.490404775,False,False,False,False,714439.8600542665,False,False,False,False
2022-05-18 00:00:00+00:00,29.2,31.15,28.8,29.9,643912,,,,,,,,,,,,,,,,,,,,,,,,,,,,,,,,,,,,35.34114434365772,35.708050303624866,,,,,,,,,,,,,,,,,,,,,,,,,,,,,27.899550000478836,35.381399230150734,36.8682528700649,,,,,,,,35.34114434365772,34.23967934959541,"rgba(239, 83, 80, 0.5)",5.749252360324999,34.23967934959541,-0.8765799505295199,46.20433042964754,-10.147970119373923,True,False,False,False,True,0.0,0.0,0.0,0.0,0.0,0,0.9582427523016092,0.9978552357052186,False,False,False,False,-0.1102704451687938,-0.13211678649257597,False,False,False,False,-4891331,-5971933.275094785,False,False,False,False,711674.061620766,False,False,False,False
2022-05-19 00:00:00+00:00,30.4,31.0,28.508,28.65,651880,,,,,,,,,,,,,,,,,,,,,,,,,,,,,,,,,,,,35.23183897618045,35.62836631487283,,,,,,,,,,,,,,,,,,,,,,,,,,,,,28.189423053414615,35.29037555645512,36.786809986033354,,,,,,,,35.23183897618045,34.225362777391275,"rgba(239, 83, 80, 0.5)",5.6836259204493285,34.225362777391275,-0.6730497099796562,48.166123313116096,-8.362123303130971,True,False,False,False,True,0.0,0.0,0.0,0.0,0.0,0,0.9446390928254705,1.008402994838991,False,False,False,False,-0.11782514242366185,-0.12497096445811891,False,False,False,False,-4239451,-5903992.793718519,False,False,False,False,709329.1964591673,False,False,False,False
2022-05-20 00:00:00+00:00,29.3,31.0,27.8,31.0,703397,,,,,,,,,,,,,,,,,,,,,,,,,,,,,,,,,,,,35.10582979552372,35.535934236006185,,,,,,,,,,,,,,,,,,,,,,,,,,,,,28.34397068793919,35.18478939141161,36.69348024493455,,,,,,,,35.10582979552372,34.172800871163055,"rgba(239, 83, 80, 0.5)",5.666989285993705,34.172800871163055,-0.8598570819970431,48.366495223543545,-8.119293637027837,True,False,False,False,True,0.0,0.0,0.0,0.0,0.0,0,0.9495204442200909,1.0040095190019471,False,False,False,False,-0.12995465655492003,-0.12746281050651947,False,False,False,False,-4942848,-5866300.841023675,False,False,False,False,709096.5613039058,False,False,False,False
2022-05-23 00:00:00+00:00,27.4,29.6,27.3,29.3,349789,,,,,,,,,,,,,,,,,,,,,,,,,,,,,,,,,,,,35.03177190931314,35.48174721280045,,,,,,,,,,,,,,,,,,,,,,,,,,,,,28.329019551161263,35.12254311755216,36.64006385647409,,,,,,,,35.03177190931314,34.12102912946022,"rgba(239, 83, 80, 1.0)",5.7178084379710725,34.12102912946022,-1.1754554568192448,46.74299915943226,-8.119293637027837,True,False,False,False,True,0.0,0.0,0.0,0.0,0.0,0,0.9495568206384664,1.0135475967428116,False,False,False,False,-0.16270474125660989,-0.14508377588156468,False,False,False,False,-5292637,-5843804.21980706,False,False,False,False,695006.0687037526,False,False,False,False
2022-05-24 00:00:00+00:00,25.7,27.6,25.4,27.5,548458,,,,,,,,,,,,,,,,,,,,,,,,,,,,,,,,,,,,34.88831706655782,35.37726795155747,,,,,,,,,,,,,,,,,,,,,,,,,,,,,28.145300489263914,35.0017492781395,36.539615074043844,,,,,,,,34.88831706655782,33.99044997191251,"rgba(239, 83, 80, 1.0)",5.762748343322684,33.99044997191251,-1.4386278001396129,44.266566175374464,-8.119293637027837,False,False,False,True,False,0.0,0.0,0.0,0.0,0.0,0,0.9550952415441444,1.0136162815962917,False,False,False,False,-0.2311119824642284,-0.18809787917289655,False,False,False,False,-5841095,-5843697.975893058,False,False,False,False,689259.0856173309,False,False,False,False
2022-05-25 00:00:00+00:00,26.8,27.1,25.482,25.7,655136,,,,,,,,,,,,,,,,,,,,,,,,,,,,,,,,,,,,34.727316560414486,35.258546566526356,,,,,,,,,,,,,,,,,,,,,,,,,,,,,27.985613093719728,34.86532558185253,36.42473226786116,,,,,,,,34.727316560414486,33.85230681407485,"rgba(239, 83, 80, 1.0)",5.782225638396793,33.85230681407485,-1.2196526484964716,43.911365173648704,-8.119293637027837,False,False,False,True,False,0.0,0.0,0.0,0.0,0.0,0,0.9550553665774044,1.0078888325975246,False,False,False,False,-0.2385604632135906,-0.21332917119324357,False,False,False,False,-5185959,-5817904.290563919,False,False,False,False,687920.9253970433,False,False,False,False
2022-05-26 00:00:00+00:00,27.3,28.0,26.526,26.9,788525,,,,,,,,,,,,,,,,,,,,,,,,,,,,,,,,,,,,34.559820832580336,35.132628890549704,,,,,,,,,,,,,,,,,,,,,,,,,,,,,27.912875634020914,34.72216209756117,36.300909994064725,,,,,,,,34.559820832580336,33.72567948975537,"rgba(239, 83, 80, 1.0)",5.78756293138006,33.72567948975537,-1.1102565217762825,44.26212380776863,-8.119293637027837,False,False,False,True,False,0.0,0.0,0.0,0.0,0.0,0,0.9527941433821385,1.01822901475821,False,False,False,False,-0.2041258624097221,-0.20872751680148283,False,False,False,False,-4397434,-5762199.573286902,False,False,False,False,691866.1832246103,False,False,False,False
2022-05-27 00:00:00+00:00,16.8,22.8,16.2,22.7,11052708,,,,,,,,,,,,,,,,,,,,,,,,,,,,,,,,,,,,30.736246858528826,32.13927757202834,,,,,,,,,,,,,,,,,,,,,,,,,,,,,22.42391482631226,31.3509461762302,33.478508258370745,,,,,,,,30.736246858528826,30.025778738294072,"rgba(255, 26, 202, 1.0)",5.975629787005819,30.025778738294072,-2.213286165594447,38.23782271122119,-5.638363007571812,False,True,False,True,False,0.0,0.0,0.0,0.0,0.0,0,0.8970526475225302,1.0358005907097467,False,False,False,False,-0.34282825441539394,-0.2757778856084384,False,False,False,False,-15450142,-6142118.884138396,False,False,False,False,1098173.7054510962,False,False,False,False
2022-05-31 00:00:00+00:00,16.6,17.6,16.5,17.28,2744757,,,,,,,,,,,,,,,,,,,,,,,,,,,,,,,,,,,,29.959291095285085,31.483563309435908,,,,,,,,,,,,,,,,,,,,,,,,,,,,,21.718629191149283,30.63758591573233,32.84705818184609,,,,,,,,29.959291095285085,29.32922553868974,"rgba(255, 26, 202, 1.0)",6.153390042001958,29.32922553868974,-2.0686524747825645,34.145911356261884,-9.45007842076808,False,True,False,True,False,0.0,0.0,0.0,0.0,0.0,0,0.8841063982345856,1.0842330959491537,False,False,False,False,-0.34282825441539394,-0.30930307001191615,False,False,False,False,-18194899,-6614776.927897675,False,False,False,False,1162745.599354975,False,False,False,False
2022-06-01 00:00:00+00:00,15.7,17.1,15.2,17.0,2288309,,,,,,,,,,,,,,,,,,,,,,,,,,,,,,,,,,,,29.335007363419308,30.947364740878825,,,,,,,,,,,,,,,,,,,,,,,,,,,,,21.168467184350174,30.058987243139487,32.328554230249786,,,,,,,,29.335007363419308,28.767676152407518,"rgba(255, 26, 202, 1.0)",6.360413041151801,28.767676152407518,-2.0545326330003726,31.06174583660223,-12.260538804869817,False,True,False,True,False,0.0,0.0,0.0,0.0,0.0,0,0.8711829469564552,1.0863515762644589,False,False,False,False,-0.34282825441539394,-0.32606566221365507,False,False,False,False,-20483208,-7158636.969940904,False,False,False,False,1206885.3405567408,False,False,False,False
2022-06-02 00:00:00+00:00,15.8,16.7,15.3,15.6,1958251,,,,,,,,,,,,,,,,,,,,,,,,,,,,,,,,,,,,28.841014612961224,30.51522685106455,,,,,,,,,,,,,,,,,,,,,,,,,,,,,20.770249191081945,29.59679525299949,31.90781929453084,,,,,,,,28.841014612961224,28.32622104052761,"rgba(255, 0, 0, 1.0)",6.570476418065908,28.32622104052761,-1.9064403010542788,29.130959137753038,-14.02584569463658,False,True,False,True,False,0.0,0.0,0.0,0.0,0.0,0,0.8691359237608686,1.095439266240465,False,False,False,False,-0.34282825441539394,-0.33444695831452453,False,False,False,False,-18524957,-7604375.010335378,False,False,False,False,1236350.6605349078,False,False,False,False
2022-06-03 00:00:00+00:00,16.0,16.4,15.0,15.7,1562186,,,,,,,,,,,,,,,,,,,,,,,,,,,,,,,,,,,,28.468493507719188,30.184935404309545,,,,,,,,,,,,,,,,,,,,,,,,,,,,,20.485900930270596,29.245828635808838,31.584678762941333,,,,,,,,28.468493507719188,27.9939674482099,"rgba(255, 0, 0, 1.0)",6.673695303878419,27.9939674482099,-1.7972003368567944,28.115111600867117,-15.032211490686166,False,True,False,True,False,0.0,0.0,0.0,0.0,0.0,0,0.852859669600212,1.1235239779733475,False,False,False,False,-0.34282825441539394,-0.3386376063649592,False,False,False,False,-16962771,-7971370.931498697,False,False,False,False,1249128.5169845193,False,False,False,False
2022-06-06 00:00:00+00:00,15.4,16.6,15.1,16.3,1119829,,,,,,,,,,,,,,,,,,,,,,,,,,,,,,,,,,,,28.212284103324766,29.95556687693015,,,,,,,,,,,,,,,,,,,,,,,,,,,,,20.297362398328005,29.003243547617192,31.359487672333774,,,,,,,,28.212284103324766,27.76558891970678,"rgba(255, 0, 0, 1.0)",6.750464248299328,27.76558891970678,-1.831813111642224,27.13618906809177,-16.113324739828514,False,True,False,True,False,0.0,0.0,0.0,0.0,0.0,0,0.8555733695852942,1.1307730385891288,False,False,False,False,-0.33876555447505474,-0.338701580420007,False,False,False,False,-18082600,-8367889.718498748,False,False,False,False,1244057.947691009,False,False,False,False
2022-06-07 00:00:00+00:00,16.2,16.2,15.1,15.3,910256,,,,,,,,,,,,,,,,,,,,,,,,,,,,,,,,,,,,28.013617589576185,29.776102546722758,,,,,,,,,,,,,,,,,,,,,,,,,,,,,20.1588507424461,28.814280559315787,31.182610198221823,,,,,,,,28.013617589576185,27.589092327256527,"rgba(255, 0, 0, 1.0)",6.860729612133877,27.589092327256527,-1.6600409826840856,27.691383049101358,-16.113324739828514,False,True,False,True,False,0.0,0.0,0.0,0.0,0.0,0,0.8159342972391675,1.172982571623204,False,False,False,False,-0.34282825441539394,-0.34076491741770043,False,False,False,False,-17172344,-8713162.435420366,False,False,False,False,1230967.675232538,False,False,False,False
2022-06-08 00:00:00+00:00,15.6,16.6,15.4,16.1,794012,,,,,,,,,,,,,,,,,,,,,,,,,,,,,,,,,,,,27.845917227799312,29.623605971608708,,,,,,,,,,,,,,,,,,,,,,,,,,,,,20.04574026312039,28.654234348927336,31.031907352978294,,,,,,,,27.845917227799312,27.44028103288681,"rgba(255, 0, 0, 1.0)",7.021178258963661,27.44028103288681,-1.6863666746775428,27.69267875003379,-16.113324739828514,False,True,False,True,False,0.0,0.0,0.0,0.0,0.0,0,0.8184105220952995,1.1666679769495043,False,False,False,False,-0.3333825470177947,-0.33707373221774756,False,False,False,False,-17966356,-9076032.771286234,False,False,False,False,1213832.1585567524,False,False,False,False
2022-06-09 00:00:00+00:00,14.8,15.7,14.6,15.7,1173856,,,,,,,,,,,,,,,,,,,,,,,,,,,,,,,,,,,,27.589636311962366,29.39089385988193,,,,,,,,,,,,,,,,,,,,,,,,,,,,,19.857782612949386,28.40978751329452,30.802517252358676,,,,,,,,27.589636311962366,27.210123510089375,"rgba(255, 0, 0, 1.0)",7.225754239131315,27.210123510089375,-1.7174848603183779,27.20111528091495,-16.94940161764881,False,True,False,True,False,0.0,0.0,0.0,0.0,0.0,0,0.8062051586600967,1.1781053881835546,False,False,False,False,-0.34282825441539394,-0.33995099331657075,False,False,False,False,-19140212,-9470706.466529913,False,False,False,False,1212264.466064331,False,False,False,False
2022-06-10 00:00:00+00:00,14.0,14.6,13.6,14.6,963251,,,,,,,,,,,,,,,,,,,,,,,,,,,,,,,,,,,,27.371259867928718,29.192918315640576,,,,,,,,,,,,,,,,,,,,,,,,,,,,,19.68490510392679,28.201627249794562,30.60789796594257,,,,,,,,27.371259867928718,27.01172170064665,"rgba(255, 0, 0, 1.0)",7.454426582620257,27.01172170064665,-1.745502696476083,26.389048799096557,-18.1062183638985,False,True,False,True,False,0.0,0.0,0.0,0.0,0.0,0,0.7870935757074984,1.2032637884734556,False,False,False,False,-0.34282825441539394,-0.3413896238659824,False,False,False,False,-20103463,-9887677.31097972,False,False,False,False,1202499.232101024,False,False,False,False
2022-06-13 00:00:00+00:00,12.4,13.5,12.1,13.3,1268527,,,,,,,,,,,,,,,,,,,,,,,,,,,,,,,,,,,,27.06505793037913,28.91645286784002,,,,,,,,,,,,,,,,,,,,,,,,,,,,12.666666666666666,19.41943340394826,27.910285648284905,30.33728409276652,,,,,,,,27.06505793037913,24.38586343498092,"rgba(255, 0, 0, 1.0)",7.699208336511544,24.38586343498092,-1.556765697343323,24.950530694941328,-19.817179110701552,False,True,False,True,False,0.0,0.0,0.0,0.0,0.0,0,0.7801953043839601,1.1820070642011222,True,False,False,False,-0.34282825441539394,-0.3421089391406882,False,False,False,False,-21371990,-10338042.514470711,False,False,False,False,1205088.5563323563,False,False,False,False
2022-06-14 00:00:00+00:00,13.1,13.5,12.3,12.6,837779,,,,,,,,,,,,,,,,,,,,,,,,,,,,,,,,,,,,26.87379876574122,28.742160163462277,,,,,,,,,,,,,,,,,,,,,,,,,,,,12.785991066825048,19.262161996718547,27.72746221224087,30.16595229360278,,,,,,,,26.87379876574122,24.25958774976512,"rgba(239, 83, 80, 1.0)",7.909685703485807,24.25958774976512,-1.410876255784358,25.282557338292825,-19.817179110701552,False,True,False,True,False,0.0,0.0,0.0,0.0,0.0,0,0.781168037107316,1.1851149061775246,False,False,False,False,-0.34015433995644195,-0.34113163954856507,False,False,False,False,-20534211,-10737892.259001272,False,False,False,False,1190684.2600055973,False,False,False,False
2022-06-15 00:00:00+00:00,13.5,13.7,12.5,13.2,1253251,,,,,,,,,,,,,,,,,,,,,,,,,,,,,,,,,,,,26.602489098568576,28.49271794972259,,,,,,,,,,,,,,,,,,,,,,,,,,,,12.952867873155103,19.050085303908823,27.46696658209336,29.91974871548469,,,,,,,,26.602489098568576,24.080812587155524,"rgba(239, 83, 80, 1.0)",8.086197337895435,24.080812587155524,-1.3085028901742526,26.25172196161605,-19.817179110701552,False,True,False,True,False,0.0,0.0,0.0,0.0,0.0,0,0.7873697402530515,1.1811189891671958,False,False,False,False,-0.33482049063084907,-0.33797606508970707,False,False,False,False,-19280960,-11072914.523354162,False,False,False,False,1193137.8576524365,False,False,False,False
2022-06-16 00:00:00+00:00,12.3,13.1,12.3,12.9,945502,,,,,,,,,,,,,,,,,,,,,,,,,,,,,,,,,,,,26.39498351215185,28.301783032866688,,,,,,,,,,,,,,,,,,,,,,,,,,,,12.868048126634271,18.882470254913144,27.267633847964287,29.73145618191607,,,,,,,,26.39498351215185,23.90772915940772,"rgba(239, 83, 80, 1.0)",8.296211009678872,23.90772915940772,-1.3991603089489195,26.043795904506624,-19.817179110701552,False,True,False,True,False,0.0,0.0,0.0,0.0,0.0,0,0.7723641057846625,1.1901472332705323,False,False,False,False,-0.34282825441539394,-0.3404021597525505,False,False,False,False,-20226462,-11431877.169497136,False,False,False,False,1183426.6475484194,True,False,False,False
2022-06-17 00:00:00+00:00,12.9,13.6,12.5,12.6,1035883,,,,,,,,,,,,,,,,,,,,,,,,,,,,,,,,,,,,26.181480322506193,28.103401938914114,,,,,,,,,,,,,,,,,,,,,,,,,,,,12.893640372803151,18.720443440581768,27.061540127981253,29.534891234094335,,,,,,,,26.181480322506193,23.749232906146805,"rgba(239, 83, 80, 1.0)",8.470246175305064,23.749232906146805,-1.2808639420395664,27.08541338033068,-19.817179110701552,False,True,False,True,True,0.0,0.0,0.0,0.0,0.0,0,0.7868991918332624,1.1692542180632355,False,False,False,False,-0.33202929813499343,-0.33621572894377194,False,False,False,False,-19190579,-11736139.986379601,False,False,False,False,1177640.622154364,False,False,False,False
2022-06-21 00:00:00+00:00,13.5,14.1,13.3,13.5,559829,,,,,,,,,,,,,,,,,,,,,,,,,,,,,,,,,,,,26.0743132274986,28.002722396995217,,,,,,,,,,,,,,,,,,,,,,,,,,,,12.963817908993022,18.64582849851256,26.957524559784662,29.434566503362483,,,,,,,,26.0743132274986,23.67979551585776,"rgba(239, 83, 80, 1.0)",8.628859392435029,23.67979551585776,-1.1797382542566917,28.954746655405728,-19.817179110701552,False,True,False,True,True,0.0,0.0,0.0,0.0,0.0,0,0.8092162240184758,1.1434396651270209,False,False,False,False,-0.31216853091997676,-0.32419212993187435,False,False,False,False,-18630750,-12006516.849658834,False,False,False,False,1153412.7154032125,False,False,False,False
2022-06-22 00:00:00+00:00,12.9,14.0,12.9,13.4,810447,,,,,,,,,,,,,,,,,,,,,,,,,,,,,,,,,,,,25.917896272927,27.855772749018804,,,,,,,,,,,,,,,,,,,,,,,,,,,,13.000389939153619,18.53398431459193,26.80570166663387,29.288233415004687,,,,,,,,25.917896272927,23.566996392888317,"rgba(239, 83, 80, 1.0)",8.807691560825143,23.566996392888317,-1.211100129837992,29.635392427065483,-19.817179110701552,False,True,False,True,True,0.0,0.0,0.0,0.0,0.0,0,0.8065866364665912,1.129313703284258,False,False,False,False,-0.31977830840718025,-0.32198521916952727,False,False,False,False,-19441197,-12298072.933985937,False,False,False,False,1139963.0795050473,False,False,False,False
2022-06-23 00:00:00+00:00,14.2,14.2,12.6,13.1,737002,,,,,,,,,,,,,,,,,,,,,,,,,,,,,,,,,,,,25.783328358627962,27.72825643054233,,,,,,,,,,,,,,,,,,,,,,,,,,,,13.06631807778682,18.443661469099077,26.67452504317693,29.16070772606298,,,,,,,,25.783328358627962,23.47613285088268,"rgba(239, 83, 80, 1.0)",8.957083461939156,23.47613285088268,-1.0356197852012037,32.62101217857695,-21.26949174661831,False,True,False,True,True,0.0,0.0,0.0,0.0,0.0,0,0.8109590295262075,1.1304646372167544,False,False,False,False,-0.32130454649113194,-0.3216448828303296,False,False,False,False,-18704195,-12549293.40716296,False,False,False,False,1124160.6842303395,False,False,False,False
2022-06-24 00:00:00+00:00,15.3,16.1,14.4,15.0,1981513,,,,,,,,,,,,,,,,,,,,,,,,,,,,,,,,,,,15.266666666666666,25.481661060136368,27.43425893037113,,,,,,,,,,,,,,,,,,,,,,,,,,,,13.528687408222481,18.29268550618023,26.376315478724887,28.86230623312759,,,,,,,,25.481661060136368,22.17751161191848,"rgba(239, 83, 80, 0.5)",9.06844206252878,22.17751161191848,-0.7584005680905955,36.51370088290159,-17.623252074371486,False,False,False,True,True,0.0,0.0,0.0,0.0,0.0,0,0.8054175407603694,1.1319513451842036,False,False,False,False,-0.26429320616893803,-0.2929690444996338,False,False,False,False,-16722682,-12712955.704921275,False,False,False,False,1157782.343672287,False,False,False,False
2022-06-27 00:00:00+00:00,15.5,15.9,14.7,15.7,864116,,,,,,,,,,,,,,,,,,,,,,,,,,,,,,,,,,,15.297033098833333,25.356694973433967,27.31136778402061,,,,,,,,,,,,,,,,,,,,,,,,,,,,13.68297637097002,18.23327881529827,26.252223638988397,28.73708084253227,,,,,,,,25.356694973433967,22.124379360582406,"rgba(239, 83, 80, 0.5)",9.157253217340136,22.124379360582406,-0.7234024443092291,39.447627652155006,-14.990049003796756,True,False,False,True,True,0.0,0.0,0.0,0.0,0.0,0,0.808697907980803,1.1283191580039655,False,False,False,False,-0.2623686105006064,-0.2776688275001201,False,False,False,False,-15858566,-12836312.971394952,False,False,False,False,1146266.0164694523,False,False,False,False
2022-06-28 00:00:00+00:00,14.9,15.9,14.5,15.5,845349,,,,,,,,,,,,,,,,,,,,,,,,,,,,,,,,,,,15.251906378201117,25.234210666697294,27.19091327267752,,,,,,,,,,,,,,,,,,,,,,,,,,,,13.7905136916799,18.172257735751955,26.13059587362565,28.614404775744013,,,,,,,,25.234210666697294,22.05497177062535,"rgba(239, 83, 80, 0.5)",9.257318118047934,22.05497177062535,-0.7728989842831608,40.5456561983146,-14.069089942345329,True,False,False,True,True,0.0,0.0,0.0,0.0,0.0,0,0.80639649344378,1.1262954570781174,False,False,False,False,-0.25945694968704336,-0.26856288859358174,False,False,False,False,-16703915,-12987983.639183387,False,False,False,False,1134465.3491569248,False,False,False,False
2022-06-29 00:00:00+00:00,13.7,14.81,13.6,14.7,925138,,,,,,,,,,,,,,,,,,,,,,,,,,,,,,,,,,,15.00835434522587,25.089757448397595,27.050427592232232,,,,,,,,,,,,,,,,,,,,,,,,,,,,13.80938961414868,18.085953937561417,25.98795095303716,28.472288310963993,,,,,,,,25.089757448397595,21.929160314509563,"rgba(239, 83, 80, 0.5)",9.38421868672934,21.929160314509563,-0.8769148065727412,39.69518187599343,-14.069089942345329,True,False,False,True,True,0.0,0.0,0.0,0.0,0.0,0,0.8145176408833564,1.1241985677327433,False,False,False,False,-0.29045949092663376,-0.27951118976010775,False,False,False,False,-17629053,-13169986.35921541,False,False,False,False,1126256.433503712,False,False,False,False
2022-06-30 00:00:00+00:00,13.2,13.6,12.6,13.3,761205,,,,,,,,,,,,,,,,,,,,,,,,,,,,,,,,,,,14.742929355838468,24.96417893334174,26.929197592323835,,,,,,,,,,,,,,,,,,,,,,,,,,,,13.769265192010225,18.00234962873449,25.864399240843166,28.350227741663176,,,,,,,,24.96417893334174,21.803221097822156,"rgba(239, 83, 80, 0.5)",9.524258643206961,21.803221097822156,-0.9032956180750382,38.51468556123254,-14.069089942345329,True,False,False,True,True,0.0,0.0,0.0,0.0,0.0,0,0.8063399492051547,1.1244849967077415,False,False,False,False,-0.32833846779852827,-0.30392482877931803,False,False,False,False,-18390258,-13374702.89414814,False,False,False,False,1111940.6910133704,False,False,False,False
2022-07-01 00:00:00+00:00,13.5,13.8,13.0,13.3,466864,,,,,,,,,,,,,,,,,,,,,,,,,,,,,,,,,,,14.638311990465736,24.890375714167945,26.85747814750514,,,,,,,,,,,,,,,,,,,,,,,,,,,,13.75746638725899,17.955529590790114,25.7915484766556,28.277778749234848,,,,,,,,24.890375714167945,21.738355579439766,"rgba(239, 83, 80, 0.5)",9.647789832321621,21.738355579439766,-0.8539111778575412,38.38704125220215,-14.069089942345329,True,False,False,True,False,0.0,0.0,0.0,0.0,0.0,0,0.8157209390742326,1.120330767037354,False,False,False,False,-0.31633092547365904,-0.31012787712648854,False,False,False,False,-17923394,-13553082.937514879,False,False,False,False,1086643.565875591,False,False,False,False
2022-07-05 00:00:00+00:00,13.6,13.8,12.6,13.0,894106,,,,,,,,,,,,,,,,,,,,,,,,,,,,,,,,,,,14.46515395273569,24.75042718380252,26.72122484901911,,,,,,,,,,,,,,,,,,,,,,,,,,,,13.730735367326517,17.866565320375845,25.65327684682573,28.140054172767517,,,,,,,,24.75042718380252,21.618205384693276,"rgba(239, 83, 80, 0.5)",9.748601562913125,21.618205384693276,-0.8224980098886344,38.53358627819061,-14.069089942345329,True,False,False,True,False,0.0,0.0,0.0,0.0,0.0,0,0.8206698013626331,1.1138086555992708,False,False,False,False,-0.32264103577050907,-0.3163844564484988,False,False,False,False,-17029288,-13689404.70467116,False,False,False,False,1079093.0730961561,False,False,False,False
2022-07-06 00:00:00+00:00,13.9,14.2,13.3,13.5,719335,,,,,,,,,,,,,,,,,,,,,,,,,,,,,,,,,,,14.400995664482682,24.64477358173845,26.617334047247383,,,,,,,,,,,,,,,,,,,,,,,,,,,,13.734077980321727,17.80455504075044,25.548371623251054,28.034514321293,,,,,,,,24.64477358173845,21.54066032272639,"rgba(239, 83, 80, 0.5)",9.813935669920253,21.54066032272639,-0.778552109949634,39.36009813382114,-14.069089942345329,True,False,False,True,False,0.0,0.0,0.0,0.0,0.0,0,0.8362137523033653,1.0985355445640577,False,False,False,False,-0.30072430288639895,-0.30855437966744886,False,False,False,False,-16309953,-13792171.304487977,False,False,False,False,1064984.9133668952,False,False,False,False
2022-07-07 00:00:00+00:00,14.5,14.6,13.6,14.0,652028,,,,,,,,,,,,,,,,,,,,,,,,,,,,,,,,,,,14.3875153687198,24.55450898014959,26.52773244502888,,,,,,,,,,,,,,,,,,,,,,,,,,,,13.755001691962113,17.755866574787664,25.458322462634147,27.943054706184288,,,,,,,,24.55450898014959,21.48314317563807,"rgba(239, 83, 80, 0.5)",9.852415444452689,21.48314317563807,-0.708774738033389,41.3444820232154,-12.781281329607893,True,False,False,True,True,0.0,0.0,0.0,0.0,0.0,0,0.8404439684548729,1.087235906922403,False,False,False,False,-0.2869231318390997,-0.29773875575327424,False,False,False,False,-15657925,-13865338.116076685,False,False,False,False,1048790.524607409,False,False,False,False
2022-07-08 00:00:00+00:00,13.9,14.8,13.8,14.3,662562,,,,,,,,,,,,,,,,,,,,,,,,,,,,,,,,,,,14.370834753726994,24.463793169703955,26.437515175289757,,,,,,,,,,,,,,,,,,,,,,,,,,,,13.771817119671343,17.706821899603945,25.367740116660638,27.850904985042032,,,,,,,,24.463793169703955,21.424203888528382,"rgba(239, 83, 80, 0.5)",9.902348069892165,21.424203888528382,-0.7598403767895748,41.54610268249728,-12.425766023549947,True,False,False,True,True,0.0,0.0,0.0,0.0,0.0,0,0.8460519472873388,1.08497610660282,False,False,False,False,-0.2790845654178343,-0.28841166058555423,False,False,False,False,-16320487,-13961618.464465836,False,False,False,False,1033644.3079561382,False,False,False,False
2022-07-11 00:00:00+00:00,12.6,14.1,12.6,13.8,998978,,,,,,,,,,,,,,,,,,,,,,,,,,,,,,,,,,,14.240908363911311,24.316110573497888,26.292342433864157,,,,,,,,,,,,,,,,,,,,,,,,,,,,13.732841895393964,17.61382502891329,25.221131833544806,27.703623321562887,,,,,,,,24.316110573497888,21.30296906438404,"rgba(239, 83, 80, 0.5)",9.937117605538644,21.30296906438404,-0.8758041727847996,39.578401804502874,-12.425766023549947,True,False,False,True,False,0.0,0.0,0.0,0.0,0.0,0,0.83891007745842,1.0859021743404238,False,False,False,False,-0.31663477523832145,-0.3025232179119378,False,False,False,False,-17319465,-14093298.720761295,False,False,False,False,1032284.8448990347,False,False,False,False
2022-07-12 00:00:00+00:00,13.0,13.2,12.3,12.6,899153,,,,,,,,,,,,,,,,,,,,,,,,,,,,,,,,,,,14.122296915617333,24.183346660842158,26.161765373584885,,,,,,,,,,,,,,,,,,,,,,,,,,,12.833333333333332,13.688202834142459,17.528515598579748,25.08930033246173,27.571176476226366,,,,,,,,24.183346660842158,20.1472421905985,"rgba(239, 83, 80, 0.5)",9.960553188443882,20.1472421905985,-0.7175547437355837,39.30528297124104,-12.425766023549947,True,False,False,True,False,0.0,0.0,0.0,0.0,0.0,0,0.841011888083897,1.0986670936236642,False,False,False,False,-0.3407976307962403,-0.32166042435408904,False,False,False,False,-16420312,-14184554.14347654,False,False,False,False,1027063.9882363275,False,False,False,False
2022-07-13 00:00:00+00:00,13.2,13.5,12.5,12.9,527010,,,,,,,,,,,,,,,,,,,,,,,,,,,,,,,,,,,14.072613075270054,24.108519320501273,26.087722161889097,,,,,,,,,,,,,,,,,,,,,,,,,,,12.919556997809272,13.670635355505492,17.482330093736646,25.01477405307089,27.495849734456247,,,,,,,,24.108519320501273,20.106500099029873,"rgba(239, 83, 80, 0.5)",9.897620425642208,20.106500099029873,-0.6977939951240093,39.652717710033556,-12.425766023549947,True,False,False,True,False,0.0,0.0,0.0,0.0,0.0,0,0.8213008425774382,1.1092117758784426,False,False,False,False,-0.33068461809919375,-0.3261725212266414,False,False,False,False,-15893302,-14251563.863340206,False,False,False,False,1007454.0279133343,False,False,False,False
2022-07-14 00:00:00+00:00,14.8,14.8,12.5,12.9,1635666,,,,,,,,,,,,,,,,,,,,,,,,,,,,,,,,,,,14.067606574590156,23.902344969561387,25.879828088456666,,,,,,,,,,,,,,,,,,,,,,,,,,,13.514549756588845,13.6998866568484,17.374974083807288,24.807488599494004,27.282297644060645,,,,,,,,23.902344969561387,20.066122046675922,"rgba(239, 83, 80, 0.5)",9.69288250063782,20.066122046675922,-0.5432978318193163,43.57967795940141,-10.16783462154968,True,False,False,True,True,0.0,0.0,0.0,0.0,0.0,1,0.829383120163262,1.0915317936594533,False,False,False,False,-0.30468779815551267,-0.315430159691077,False,False,False,False,-14257636,-14251801.986346472,False,False,False,False,1032089.791524576,False,False,False,False
2022-07-15 00:00:00+00:00,13.7,14.9,13.3,14.7,837031,,,,,,,,,,,,,,,,,,,,,,,,,,,,,,,,,,,14.061425923652779,23.79937709928318,25.77560720149679,,,,,,,,,,,,,,,,,,,,,,,,,,,13.611612967209219,13.710460586251827,17.321535367180687,24.70377309621045,27.175077823187355,,,,,,,,23.79937709928318,20.019858758059037,"rgba(239, 83, 80, 0.5)",9.579977618510958,20.019858758059037,-0.6596945222343171,44.08500778684301,-9.679585810781369,True,False,False,True,True,0.0,0.0,0.0,0.0,0.0,1,0.8292722613187975,1.0977301387137453,False,False,False,False,-0.28592500208636024,-0.30067758088871865,False,False,False,False,-15094667,-14284855.51629367,False,False,False,False,1024440.4271510632,False,False,False,False
2022-07-18 00:00:00+00:00,14.4,15.2,13.7,13.9,1102265,,,,,,,,,,,,,,,,,,,,,,,,,,,,,,,,,,,14.089176510472054,23.673276261389404,25.646426498437283,,,,,,,,,,,,,,,,,,,,,,,,,,,13.792722937339098,13.746319182146454,17.263108359539157,24.57598876193183,27.041385704598273,,,,,,,,23.673276261389404,19.978550526981692,"rgba(239, 83, 80, 0.5)",9.429446307056281,19.978550526981692,-0.5916095542966429,45.87518027523635,-7.945884135843244,True,False,False,False,True,0.0,0.0,0.0,0.0,0.0,1,0.8385871472512954,1.0955801903346338,False,False,False,False,-0.2719892466125999,-0.28633341375065924,False,False,False,False,-13992402,-14273386.75094882,False,False,False,False,1027492.3711843549,False,False,False,False
2022-07-19 00:00:00+00:00,15.2,15.6,14.1,14.7,876622,,,,,,,,,,,,,,,,,,,,,,,,,,,,,,,,,,,14.138331732905547,23.581037870154358,25.550559463626854,,,,,,,,,,,,,,,,,,,,,,,,,,,13.967807863568586,13.792635846457495,17.226747314257018,24.481836347731246,26.941461353274992,,,,,,,,23.581037870154358,19.96005222399701,"rgba(239, 83, 80, 0.5)",9.246932776102867,19.96005222399701,-0.5147709342387089,48.59787753547323,-5.3831534785511295,True,False,False,False,True,0.0,0.0,0.0,0.0,0.0,1,0.8462104179361644,1.0920342081485994,False,False,False,False,-0.2561876366851436,-0.27126052521790145,False,False,False,False,-13115780,-14227990.407774357,False,False,False,False,1021575.8860398704,False,False,False,False
2022-07-20 00:00:00+00:00,16.5,17.2,15.1,15.3,1705725,,,,,,,,,,,,,,,,,,,,,,,,,,,,,,,,,,16.266666666666666,14.347517787243307,23.433305783079614,25.39118656189458,,,,,,,,,,,,,,,,,,,,,,,,,,,14.484882487423526,13.962777991238601,17.198052256712725,24.32814478092479,26.772295384246956,,,,,,,,23.433305783079614,19.576092188825637,#000000,9.07499286476277,19.576092188825637,-0.33896359310317203,52.55147280550069,-1.7595282049035958,True,False,True,False,True,0.0,0.0,0.0,0.0,0.0,0,0.869734609664649,1.0503759870970446,False,False,False,False,-0.20564394068489442,-0.23845223295139795,False,False,False,False,-11410055,-14117483.136881245,False,False,False,False,1048405.2630579147,False,False,False,False
2022-07-21 00:00:00+00:00,15.3,16.7,14.9,16.6,1488598,,,,,,,,,,,,,,,,,,,,,,,,,,,,,,,,,,15.97152471222645,14.449095860462393,23.298200942076758,25.24715788482179,,,,,,,,,,,,,,,,,,,,,,,,,,,14.673326980501693,14.057363193851415,17.15827623147997,24.188466560423514,26.620345114058097,,,,,,,,23.298200942076758,19.518195275544674,#000000,8.913997091324623,19.518195275544674,-0.4732103042360145,52.685284335174586,-1.7462634387884606,True,False,True,False,True,0.0,0.0,0.0,0.0,0.0,0,0.8968235468627492,1.0435464389396283,False,False,False,False,-0.21914010358188662,-0.22879616826664229,False,False,False,False,-12898653,-14069685.876611393,False,False,False,False,1065667.7233301534,False,False,False,False
2022-07-22 00:00:00+00:00,14.1,15.397,13.8,15.2,748763,,,,,,,,,,,,,,,,,,,,,,,,,,,,,,,,,,15.679243601838763,14.448455234553663,23.2216238962123,25.167455990133984,,,,,,,,,,,,,,,,,,,,,,,,,,,14.654953068000102,14.067746374395178,17.123860988617892,24.110264535250153,26.53728609536381,,,,,,,,23.2216238962123,19.445654420485095,"rgba(239, 83, 80, 0.5)",8.699461513831205,19.445654420485095,-0.6144810701198093,50.653670307381596,-1.7462634387884606,True,False,False,False,False,0.0,0.0,0.0,0.0,0.0,1,0.8977283691212572,1.0483806991777531,False,False,False,False,-0.2661078081305542,-0.24745198819859823,False,False,False,False,-13647416,-14053126.273607025,False,False,False,False,1053240.0871211279,False,False,False,False
2022-07-25 00:00:00+00:00,14.3,14.4,13.5,14.1,770176,,,,,,,,,,,,,,,,,,,,,,,,,,,,,,,,,,15.415738612380697,14.434014538128972,23.14100479906318,25.08394014071386,,,,,,,,,,,,,,,,,,,,,,,,,,,14.612173001678435,14.067716473196642,17.084668825318765,24.02813314748419,26.450479263328862,,,,,,,,23.14100479906318,19.368652089032622,"rgba(239, 83, 80, 0.5)",8.52483959321756,19.368652089032622,-0.594574482441322,49.68297874254974,-1.7462634387884606,True,False,False,False,False,0.0,0.0,0.0,0.0,0.0,0,0.9070510349081856,1.0562893116401009,False,False,False,False,-0.29193043415676,-0.26969121117767914,False,False,False,False,-12877240,-14007013.08640675,False,False,False,False,1042139.5346850052,False,False,False,False
2022-07-26 00:00:00+00:00,13.4,14.2,13.2,14.2,716524,,,,,,,,,,,,,,,,,,,,,,,,,,,,,,,,,,15.176130588510611,14.405664086371694,23.063474229425047,25.00411907060308,,,,,,,,,,,,,,,,,,,,,,,,,,,14.5480346747901,14.055968630770995,17.04359837670835,23.949396731671452,26.36779506025783,,,,,,,,23.063474229425047,19.290464605456574,"rgba(239, 83, 80, 0.5)",8.385124752626925,19.290464605456574,-0.7024897994047358,47.50169508503597,2.1922295760203383,True,False,False,False,False,0.0,0.0,0.0,0.0,0.0,1,0.9096661084950719,1.0473134714152461,False,False,False,False,-0.3019854208727617,-0.2858383160252204,False,False,False,False,-13593764,-13990807.239880996,False,False,False,False,1029370.2980306913,False,False,False,False
2022-07-27 00:00:00+00:00,13.6,13.7,12.9,13.7,763383,,,,,,,,,,,,,,,,,,,,,,,,,,,,,,,,,,14.957201007055787,14.370516068746715,22.98053114335856,24.918819598205356,,,,,,,,,,,,,,,,,,,,,,,,,,,14.47543122413687,14.03887236380289,16.998413741979913,23.865212862491372,26.279504531321905,,,,,,,,22.98053114335856,19.209389171233266,"rgba(239, 83, 80, 0.5)",8.28648351286652,19.209389171233266,-0.6769323999165028,46.48387176319751,1.1877296141018618,True,False,False,False,False,0.0,0.0,0.0,0.0,0.0,1,0.8851393590545051,1.096837734869841,False,False,False,False,-0.3181985077588229,-0.30201841189202167,False,False,False,False,-12830381,-13945300.328513114,False,False,False,False,1018939.4235981152,False,False,False,False
2022-07-28 00:00:00+00:00,13.9,14.0,13.1,13.6,771361,,,,,,,,,,,,,,,,,,,,,,,,,,,,,,,,,,14.814267046065327,14.346507283070345,22.900447896791515,24.83585914109004,,,,,,,,,,,,,,,,,,,,,,,,,,,14.426853433935428,14.029321837894395,16.95718127761514,23.783636021286082,26.193326127817993,,,,,,,,22.900447896791515,19.143044451729583,"rgba(239, 83, 80, 0.5)",8.181757779374795,19.143044451729583,-0.6408212749767114,46.48300631799103,1.0655259045263392,True,False,False,True,False,0.0,0.0,0.0,0.0,0.0,1,0.834347883966066,1.1223511757088744,False,False,False,False,-0.30804686735532316,-0.30503263962367244,False,False,False,False,-12059020,-13871328.550924364,False,False,False,False,1009230.4658099539,False,False,False,False
2022-07-29 00:00:00+00:00,14.1,14.2,13.5,13.9,556873,,,,,,,,,,,,,,,,,,,,,,,,,,,,,,,,,,14.749044081757974,14.336577114708929,22.845128753029083,24.778135247361483,,,,,,,,,,,,,,,,,,,,,,,,,,,14.40634257921833,14.027576053653814,16.93040422528254,23.727080373095298,26.13314818249151,,,,,,,,22.845128753029083,19.10371517895544,"rgba(239, 83, 80, 0.5)",8.044224608347854,19.10371517895544,-0.6220257914930496,46.94869577779958,1.0655259045263392,True,False,False,False,False,0.0,0.0,0.0,0.0,0.0,1,0.8126421659637777,1.135372736103085,False,False,False,False,-0.29427382112239087,-0.29965323037303165,False,False,False,False,-11502147,-13778419.470495958,False,False,False,False,991490.9573468184,False,False,False,False
2022-08-01 00:00:00+00:00,13.7,14.2,13.6,14.1,522935,,,,,,,,,,,,,,,,,,,,,,,,,,,,,,,,,,14.689516846548884,14.325470007633811,22.793222828256106,24.723988291908856,,,,,,,,,,,,,,,,,,,,,,,,,,,14.384819467558197,14.024314286551634,16.9048625710792,23.674023273536065,26.07671428413037,,,,,,,,22.793222828256106,19.066325761911457,"rgba(239, 83, 80, 0.5)",7.895686357946512,19.066325761911457,-0.6796528532963557,46.39134418388752,0.6051051269406429,True,False,False,True,False,0.0,0.0,0.0,0.0,0.0,1,0.821087948128322,1.1339515713549715,False,False,False,False,-0.2915483413396126,-0.2956007858563221,False,False,False,False,-12025082,-13709661.138319647,False,False,False,False,973116.2139214531,False,False,False,False
2022-08-02 00:00:00+00:00,15.5,15.6,13.6,13.6,1404609,,,,,,,,,,,,,,,,,,,,,,,,,,,,,,,,,,14.72080568028727,14.357623709094568,22.67296862633758,24.595154845995282,,,,,,,,,,,,,,,,,,,,,,,,,,,14.432032990089052,14.06210670198518,16.86141406030319,23.549434714069232,25.940650087945865,,,,,,,,22.67296862633758,19.021354601789692,#000000,7.6839308165022135,19.021354601789692,-0.45827515706246835,49.88820791442939,0.6051051269406429,True,False,False,False,True,0.0,0.0,0.0,0.0,0.0,1,0.8236670080542172,1.115186688414318,False,False,False,False,-0.26065725230304315,-0.2781290190796826,False,False,False,False,-10620473,-13588516.505444366,False,False,False,False,990037.4996500235,False,False,False,False
2022-08-03 00:00:00+00:00,15.4,15.9,15.1,15.5,796175,,,,,,,,,,,,,,,,,,,,,,,,,,,,,,,,,,14.778768471831443,14.391723891701869,22.6112697726972,24.52779883767846,,,,,,,,,,,,,,,,,,,,,,,,,,,14.483124980444442,14.095645962925417,16.84448875467383,23.48489738015589,25.868869318171697,,,,,,,,22.6112697726972,19.009620818920027,#000000,7.499519504127739,19.009620818920027,-0.4813136117498314,51.97686513189068,-2.3576308375829456,True,False,True,False,True,0.0,0.0,0.0,0.0,0.0,1,0.8469402391477265,1.1148795785575507,False,False,False,False,-0.2159626819406425,-0.24704585051016256,False,False,False,False,-11416648,-13503345.191505373,False,False,False,False,982435.0486833559,False,False,False,False
2022-08-04 00:00:00+00:00,15.2,16.0,14.7,15.4,696284,,,,,,,,,,,,,,,,,,,,,,,,,,,,,,,,,,14.811938356337995,14.415507640059506,22.556932777556966,24.46863449775855,,,,,,,,,,,,,,,,,,,,,,,,,,,14.516942200973693,14.120281913268169,16.828269947396745,23.428140309139444,25.805903115961115,,,,,,,,22.556932777556966,18.994727862050244,"rgba(239, 83, 80, 0.5)",7.350971499195297,18.994727862050244,-0.5162212725849432,52.85686735739873,-1.4878494111529577,True,False,True,False,True,0.0,0.0,0.0,0.0,0.0,1,0.846239215738086,1.096579423694328,False,False,False,False,-0.21306790713301965,-0.2300568788215911,False,False,False,False,-12112932,-13448819.183995359,False,False,False,False,971213.4389310675,False,False,False,False
2022-08-05 00:00:00+00:00,15.0,15.4,14.3,14.9,713348,,,,,,,,,,,,,,,,,,,,,,,,,,,,,,,,,,14.81732831114811,14.428165694435618,22.499072775429827,24.40619153545532,,,,,,,,,,,,,,,,,,,,,,,,,,,14.532527742067904,14.136287084141024,16.80774558603502,23.367981164552376,25.739740466472792,,,,,,,,22.499072775429827,18.97056003997089,"rgba(239, 83, 80, 0.5)",7.195191587579968,18.97056003997089,-0.5518352071159165,52.91131499536802,-1.324350276581093,True,False,True,False,True,0.0,0.0,0.0,0.0,0.0,1,0.8640818351231416,1.079234203434823,False,False,False,False,-0.23689550253660419,-0.23347619067909764,False,False,False,False,-12826280,-13424405.882662209,False,False,False,False,961101.068776908,False,False,False,False
2022-08-08 00:00:00+00:00,16.5,17.3,15.1,15.3,1461418,,,,,,,,,,,,,,,,,,,,,,,,,,,,,,,,,,14.982529186386598,14.523264655012248,22.404568472177626,24.29924771803669,,,,,,,,,,,,,,,,,,,,,,,,,,,14.668519465115821,14.223605448403953,16.796909996193868,23.267291635610007,25.623857426075098,,,,,,,,22.404568472177626,18.976643778112432,#000000,7.047963861612384,18.976643778112432,-0.3513984785878064,55.990566722869445,1.6916847149344676,True,False,True,False,True,0.0,0.0,0.0,0.0,0.0,1,0.8735236678136333,1.0453029719280995,False,False,False,False,-0.17308687943762466,-0.20328153505836116,False,False,False,False,-11364862,-13343639.455891144,False,False,False,False,980721.3405895783,False,False,False,False
2022-08-09 00:00:00+00:00,15.0,16.6,14.9,16.3,898016,,,,,,,,,,,,,,,,,,,,,,,,,,,,,,,,,,15.015688229932886,14.552834157527121,22.340488606025442,24.228487778710385,,,,,,,,,,,,,,,,,,,,,,,,,,,14.70605642791077,14.254491491636877,16.780123200997895,23.199888056303454,25.54806048310646,,,,,,,,22.340488606025442,18.958457603572366,"rgba(239, 83, 80, 0.5)",6.928167340841462,18.958457603572366,-0.5713571004899531,54.39515869958325,1.6916847149344676,True,False,True,False,True,0.0,0.0,0.0,0.0,0.0,1,0.8574247983363577,1.0663602527252738,False,False,False,False,-0.033983669011747424,-0.1186326020350543,False,False,False,False,-12262878,-13301256.653699335,False,False,False,False,977477.9938997909,False,False,False,False
2022-08-10 00:00:00+00:00,16.6,17.0,15.054,15.7,1447325,,,,,,,,,,,,,,,,,,,,,,,,,,,,,,,,,,15.128234517130807,14.630301241516223,22.250259416905724,24.125995695350696,,,,,,,,,,,,,,,,,,,,,,,,,,,14.80860327023211,14.328193065292306,16.76863625067411,23.10358585059231,25.43681996760101,,,,,,,,22.250259416905724,18.953403252810592,#000000,6.805768088855131,18.953403252810592,-0.34579539327301423,56.11689073997994,1.6982148001225852,True,False,True,False,True,0.0,0.0,0.0,0.0,0.0,1,0.950449568504601,1.0580749130231786,False,False,False,False,0.17659946929357065,0.028983433629258176,False,False,False,False,-10815553,-13203778.07904446,False,False,False,False,995903.3666880345,False,False,False,False
2022-08-11 00:00:00+00:00,16.1,17.7,16.0,16.9,1187114,,,,,,,,,,,,,,,,,,,,,,,,,,,,,,,,,,15.23317730967645,14.702698549325241,22.182776219487913,24.047835115020415,,,,,,,,,,,,,,,,,,,,,,,,,,,14.903007817429172,14.396046640556396,16.765856334765125,23.030831851534206,25.35123953686349,,,,,,,,22.182776219487913,18.95705215273982,#000000,6.66627332172928,18.95705215273982,-0.4285831100604615,56.16099992284997,1.81808634016393,True,False,True,False,True,0.0,0.0,0.0,0.0,0.0,1,0.9605355463677477,0.9694911712464738,False,False,False,False,0.3428282365682229,0.18590583509874054,False,False,False,False,-12002667,-13156675.683787813,False,False,False,False,1003401.8228963469,False,False,False,False
2022-08-12 00:00:00+00:00,17.5,17.5,16.1,16.48,1329565,,,,,,,,,,,,,,,,,,,,,,,,,,,,,,,,,,15.366306627885608,14.794848255831582,22.11480363195825,23.967183070195023,,,,,,,,,,,,,,,,,,,,,,,,,,,15.021737423694224,14.481412774395391,16.770705189051903,22.95661820697348,25.261986222799052,,,,,,,,22.11480363195825,18.97062237808717,#000000,6.553013198672921,18.97062237808717,-0.22441926080432634,58.32244073716363,3.972656323061706,True,False,True,False,True,0.0,0.0,0.0,0.0,0.0,0,0.9812923891303367,0.9647502894867437,False,False,False,False,0.3339306172486162,0.2599182261736784,False,False,False,False,-10673102,-13059280.637364764,False,False,False,False,1016192.5357239413,False,False,False,False
2022-08-15 00:00:00+00:00,18.9,19.4,17.25,17.5,2362267,,,,,,,,,,,,,,,,,,,,,,,,,,,,,,,,,18.516666666666666,15.732177995770238,15.039140431080632,22.032351312306922,23.858065922876033,,,,,,,,,,,,,,,,,,,,,,,,,,,15.336631433528794,14.700861885703377,16.825185462331742,22.861104305054578,25.135794602584497,,,,,,,18.516666666666666,22.032351312306922,19.003798001790347,#000000,6.430760816939486,19.003798001790347,-0.01614085871720353,61.48837980907305,6.990823073109354,True,False,True,False,True,0.0,-1.0,19.4,17.25,0.0,0,0.9971151129418412,0.9309411572263447,False,False,False,False,0.3428282412481477,0.30137323371091307,False,False,False,False,-8310835,-12873067.082958303,False,True,False,False,1068979.76961712,False,True,False,False
2022-08-16 00:00:00+00:00,18.1,18.9,17.5,18.701,1593403,,,,,,,,,,,,,,,,,,,,,,,,,,,,,,,,,18.375681435340493,15.90903337817724,15.171738568754437,21.97350940106146,23.782235107693214,,,,,,,,,,,,,,,,,,,,,,,,,,,15.498771877491874,14.823497867910604,16.852838312330217,22.793959565296163,25.048947166046045,,,,,,,18.375681435340493,21.97350940106146,19.023021268010176,#000000,6.27524724038244,19.023021268010176,-0.14708922734874133,61.78811792067316,7.287895472337773,True,False,True,False,True,0.0,0.0,0.0,0.0,0.0,0,1.0052939164572399,0.9339152675955804,False,False,False,False,0.3264566353076997,0.3139149345093064,False,False,False,False,-9904238,-12756642.413038371,False,False,False,False,1089545.38649488,False,False,False,False
2022-08-17 00:00:00+00:00,17.3,19.3,17.1,18.0,2335778,,,,,,,,,,,,,,,,,,,,,,,,,,,,,,,,,18.199078810368192,16.100649571659627,15.331378838265818,21.88459933367133,23.669547958327964,,,,,,,,,,,,,,,,,,,,,,,,,,,15.684815723399176,14.97520804983924,16.883552991338664,22.693455630361306,24.9206950296685,,,,,,,18.199078810368192,21.88459933367133,19.034298193689985,#000000,6.117461936174188,19.034298193689985,-0.283499629713201,60.303918192404595,7.287895472337773,True,False,True,False,True,0.0,0.0,0.0,0.0,0.0,0,0.9978807011347078,0.9316526115943308,False,False,False,False,0.32645663530769997,0.3201857849085032,False,False,False,False,-12240016,-12736382.553703533,False,False,False,False,1138417.2536911594,False,False,False,False
2022-08-18 00:00:00+00:00,16.5,17.5,16.4,17.4,864717,,,,,,,,,,,,,,,,,,,,,,,,,,,,,,,,,18.030020769970136,16.12470987303687,15.362517607011576,21.84384382845759,23.62117157234064,,,,,,,,,,,,,,,,,,,,,,,,,,,15.715910640471215,15.007923765333976,16.882655466959825,22.648987810409654,24.867117420172434,,,,,,,18.030020769970136,21.84384382845759,19.010485875416393,#000000,5.920038653392151,19.010485875416393,-0.42406579118835613,57.75127424958771,7.287895472337773,True,False,True,False,False,0.0,0.0,0.0,0.0,0.0,0,0.9875785538728714,0.9522569061180037,False,False,False,False,0.17029396049582846,0.24523987270216582,False,False,False,False,-13104733,-12750827.66924457,False,False,False,False,1127683.9104091532,False,False,False,False
2022-08-19 00:00:00+00:00,15.3,16.3,15.1,16.3,845961,,,,,,,,,,,,,,,,,,,,,,,,,,,,,,,,,17.769602288608468,16.106539087409683,15.366666182960403,21.795003566365843,23.566060522292787,,,,,,,,,,,,,,,,,,,,,,,,,,,15.71194760689326,15.017554958972799,16.868969590628165,22.597091825991026,24.807472109779464,,,,,,,17.769602288608468,21.795003566365843,18.96069077399019,"rgba(239, 83, 80, 0.5)",5.748028412475892,18.96069077399019,-0.6368602434262138,53.962835644880684,8.801046048391527,True,False,True,False,False,0.0,0.0,0.0,0.0,0.0,0,0.9641363522972394,0.9729408484599468,False,False,False,False,0.022003544103608295,0.13362170840288706,False,False,False,False,-13950694,-12797881.250842823,False,False,False,False,1116635.9531382062,False,False,False,False
2022-08-22 00:00:00+00:00,14.5,15.0,14.3,14.9,930012,,,,,,,,,,,,,,,,,,,,,,,,,,,,,,,,,17.43958408203426,16.054473600670573,15.349912870852512,21.733981934786517,23.499120610043065,,,,,,,,,,,,,,,,,,,,,,,,,,,15.680407952470036,15.009789499943787,16.84332178566725,22.533185484203592,24.736009720184292,,,,,,,17.43958408203426,21.733981934786517,18.887978754085587,"rgba(239, 83, 80, 0.5)",5.515613546360213,18.887978754085587,-0.7955558737397839,50.1970759747348,5.38789472232817,True,False,False,False,False,0.0,0.0,0.0,0.0,0.0,0,0.9626140755654179,0.9743706555762929,False,False,False,False,-0.10154762058828311,0.016037043907301977,False,False,False,False,-14880706,-12879560.652770555,False,False,False,False,1109317.3667406295,False,False,False,False
2022-08-23 00:00:00+00:00,14.2,15.1,14.1,14.6,833098,,,,,,,,,,,,,,,,,,,,,,,,,,,,,,,,,17.18595666812353,16.006793884194845,15.332955266020777,21.679186126262618,23.439113610597545,,,,,,,,,,,,,,,,,,,,,,,,,,,15.650332696690896,15.00088963164845,16.819497506431414,22.47585207564073,24.672007595785484,,,,,,,17.18595666812353,21.679186126262618,18.82625850613963,"rgba(239, 83, 80, 0.5)",5.352898684294688,18.82625850613963,-0.8642529550788984,47.231112409786974,2.7697722837501573,True,False,False,True,False,0.0,0.0,0.0,0.0,0.0,0,0.9772429142040177,0.9595560599584361,False,False,False,False,-0.10747861918520814,-0.045720787638953084,False,False,False,False,-15713804,-12990707.450701121,False,False,False,False,1098485.2347115853,False,False,False,False
2022-08-24 00:00:00+00:00,15.7,15.7,14.0,14.3,920954,,,,,,,,,,,,,,,,,,,,,,,,,,,,,,,,,17.00905810365216,15.978730589889107,15.328806567504166,21.625076255313914,23.378559922839916,,,,,,,,,,,,,,,,,,,,,,,,,,,15.636548583045741,15.00324610229774,16.801017199517542,22.41861076720622,24.60673968061961,,,,,,,17.00905810365216,21.625076255313914,18.778639377188608,"rgba(239, 83, 80, 0.5)",5.204763237685249,18.778639377188608,-0.591504211929877,48.18414645074545,2.7697722837501573,True,False,False,False,False,0.0,0.0,0.0,0.0,0.0,0,1.0023060889618163,0.9416973406063832,False,False,False,False,-0.07789047507863413,-0.061805631358793606,False,False,False,False,-14792850,-13061379.707536371,False,False,False,False,1091523.2255072095,False,False,False,False
2022-08-25 00:00:00+00:00,17.0,17.0,15.3,16.0,1499703,,,,,,,,,,,,,,,,,,,,,,,,,,,,,,,,,16.938204357831356,16.001332604773747,15.364963578924767,21.55611840400177,23.297072932192712,,,,,,,,,,,,,,,,,,,,,,,,,,,15.669702848909932,15.043513769160917,16.79457003850716,22.343580336103606,24.51667182782272,,,,,,,16.938204357831356,21.55611840400177,18.75257306982287,#000000,5.116639522186362,18.75257306982287,-0.3425242411984472,50.897981117482644,2.7697722837501573,True,False,False,False,True,0.0,0.0,0.0,0.0,0.0,0,1.0184307453006,0.9230487035379401,False,False,False,False,0.0749399659550907,0.006567167298148546,False,False,False,False,-13293147,-13070468.620966317,False,False,False,False,1107530.275487319,False,False,False,False
2022-08-26 00:00:00+00:00,15.4,17.253,15.4,16.8,931053,,,,,,,,,,,,,,,,,,,,,,,,,,,,,,,,,16.87286373822585,16.001821680504094,15.377964180946499,21.510822223524624,23.24443303667374,,,,,,,,,,,,,,,,,,,,,,,,,,,15.67846529080252,15.060250242689776,16.786203843811027,22.294728743904038,24.45892302940485,,,,,,,16.87286373822585,21.510822223524624,18.7286476010487,"rgba(239, 83, 80, 0.5)",5.006143253071144,18.7286476010487,-0.6649125749660992,49.99096335430089,2.7697722837501573,True,False,False,False,True,0.0,0.0,0.0,0.0,0.0,0,1.0168023255813952,0.9230087209302326,False,False,False,False,0.09580133871345789,0.05118425300580322,False,False,False,False,-14224200,-13115712.98877156,False,False,False,False,1100609.5980172283,False,False,False,False
2022-08-29 00:00:00+00:00,16.2,16.7,14.9,15.3,989848,,,,,,,,,,,,,,,,,,,,,,,,,,,,,,,,,16.80693860369691,15.999708759106207,15.38948074954459,21.462744247300133,23.188654156907333,,,,,,,,,,,,,,,,,,,,,,,,,,,15.685110771836856,15.075911459189875,16.776550132282832,22.24292622155808,24.397777122511314,,,,,,,16.80693860369691,21.462744247300133,18.70258022239341,"rgba(239, 83, 80, 0.5)",4.957095197067761,18.70258022239341,-0.5048481263530601,50.65948695247597,2.7697722837501573,True,False,False,False,True,0.0,0.0,0.0,0.0,0.0,0,1.0180979827089338,0.9287608069164267,False,False,False,False,0.031086236275201132,0.041135244640502173,False,False,False,False,-13234352,-13120365.499015812,False,False,False,False,1096266.0059381214,False,False,False,False
2022-08-30 00:00:00+00:00,15.2,16.6,14.9,16.5,928182,,,,,,,,,,,,,,,,,,,,,,,,,,,,,,,,,16.7303706007246,15.98753356054772,15.392860397124727,21.415468435101587,23.134513434861464,,,,,,,,,,,,,,,,,,,,,,,,,,,15.682283950034769,15.084029575018178,16.76384339307987,22.19233295670775,24.338782563945337,,,,,,,16.7303706007246,21.415468435101587,18.6722018867146,"rgba(239, 83, 80, 0.5)",4.884098116788184,18.6722018867146,-0.7109197652642457,49.51028833641602,2.7697722837501573,True,False,False,False,True,0.0,0.0,0.0,0.0,0.0,0,1.017994269340974,0.9406303724928365,False,False,False,False,0.025162253358833615,0.033148748999667896,False,False,False,False,-14162534,-13161234.851995585,False,False,False,False,1089674.476293489,False,False,False,False
2022-08-31 00:00:00+00:00,16.0,16.1,15.1,15.7,824632,,,,,,,,,,,,,,,,,,,,,,,,,,,,,,,,,16.678528913598196,15.981338664846218,15.398533934574516,21.37527717615693,23.08809914585766,,,,,,,,,,,,,,,,,,,,,,,,,,,15.683343911642455,15.093433931277014,16.75431682802012,22.149137543062793,24.288010210932693,,,,,,,16.678528913598196,21.37527717615693,18.649002025996857,"rgba(239, 83, 80, 0.5)",4.688176425668905,18.649002025996857,-0.5650388947593626,50.06228064265485,2.7697722837501573,True,False,False,False,True,0.0,0.0,0.0,0.0,0.0,0,1.0151724137931033,0.960574712643678,False,False,False,False,0.007399232116676543,0.02027399055817222,False,False,False,False,-13337902,-13168162.975446738,False,False,False,False,1079280.6536937444,False,False,False,False
2022-09-01 00:00:00+00:00,15.0,15.8,14.8,15.8,928206,,,,,,,,,,,,,,,,,,,,,,,,,,,,,,,,,16.59678036618307,15.96047796440389,15.394878661679444,21.32649999710386,23.032808403524466,,,,,,,,,,,,,,,,,,,,,,,,,,,15.672305494032498,15.095143399830388,16.738309749244518,22.09721804069575,24.228054287833753,,,,,,,16.59678036618307,21.32649999710386,18.614247636453165,"rgba(239, 83, 80, 0.5)",4.438028537233256,18.614247636453165,-0.8143813421051928,48.83758777004351,2.7697722837501573,False,False,False,False,True,0.0,0.0,0.0,0.0,0.0,0,1.013715925394548,0.9606312769010045,False,False,False,False,-0.028124009986363014,-0.0039250097140953975,False,False,False,False,-14266108,-13211219.643076278,False,False,False,False,1073356.1574704603,False,False,False,False
2022-09-02 00:00:00+00:00,15.1,15.8,14.8,15.485,738190,,,,,,,,,,,,,,,,,,,,,,,,,,,,,,,,,16.539352388580223,15.945359444463037,15.392547403951657,21.28846289251942,22.989571460501857,,,,,,,,,,,,,,,,,,,,,,,,,,,15.664474908134043,15.09688415178964,16.726083773567417,22.056674610150615,24.18110790802403,,,,,,,16.539352388580223,21.28846289251942,18.588051894168192,"rgba(239, 83, 80, 0.5)",4.099023395004259,18.588051894168192,-0.8509470569061165,48.20282864733615,2.7697722837501573,False,False,False,False,True,0.0,0.0,0.0,0.0,0.0,0,1.0181765557163531,0.9631837916063678,False,False,False,False,-0.028124009986363014,-0.016024509850229206,False,False,False,False,-13527918,-13223639.186485052,False,False,False,False,1060212.386589266,False,False,False,False
2022-09-06 00:00:00+00:00,13.8,15.2,13.8,15.1,1258369,,,,,,,,,,,,,,,,,,,,,,,,,,,,,,,,,16.38710470593473,15.887898411694982,15.365515678942714,21.214526998937153,22.90791213254025,,,,,,,,,,,,,,,,,,,,,,,,,,,15.62322383663609,15.079431349774865,16.69249045282249,21.979018222512767,24.093674866781967,,,,,,,16.38710470593473,21.214526998937153,18.523079665657804,"rgba(239, 83, 80, 1.0)",3.810368500303817,18.523079665657804,-1.239533568808689,45.79373464951942,0.8045300014507433,False,False,False,True,False,0.0,0.0,0.0,0.0,0.0,0,0.980408163265306,0.9964431486880468,False,False,False,False,-0.12344841441704768,-0.06973646213363845,False,False,False,False,-14786287,-13284919.492897404,False,False,False,False,1067983.2341740006,False,False,False,False
2022-09-07 00:00:00+00:00,14.3,14.5,13.5,13.9,944503,,,,,,,,,,,,,,,,,,,,,,,,,,,,,,,,,16.277611531763554,15.843114356526831,15.343113640677288,21.158740430609914,22.846455031924826,,,,,,,,,,,,,,,,,,,,,,,,,,14.1,15.590214875066003,15.064217344706954,16.66618150686911,21.920502941034332,24.027960141378568,,,,,,,16.277611531763554,21.158740430609914,18.076191981868853,"rgba(239, 83, 80, 1.0)",3.4162557872037405,18.076191981868853,-1.1053598492283052,45.190468376941325,0.04380847166996915,False,True,False,True,False,0.0,0.0,0.0,0.0,0.0,0,0.971578947368421,1.0037426900584796,False,False,False,False,-0.18406898521677095,-0.1269027236752047,False,False,False,False,-13841784,-13306757.31670535,False,False,False,False,1063140.87204953,False,False,False,False
2022-09-08 00:00:00+00:00,15.0,15.0,13.9,14.2,822048,,,,,,,,,,,,,,,,,,,,,,,,,,,,,,,,,16.211839520516605,15.817302758083871,15.332344087201209,21.11450897400945,22.79687900077907,,,,,,,,,,,,,,,,,,,,,,,,,,14.348181682838478,15.572501339263704,15.058469677363984,16.648383718906913,21.873702307978675,23.974499714232422,,,,,,,16.211839520516605,21.11450897400945,18.068055707379486,"rgba(239, 83, 80, 1.0)",3.0232581911060015,18.068055707379486,-1.0148176283472157,46.14722173284946,0.04380847166996915,False,False,False,True,False,0.0,0.0,0.0,0.0,0.0,0,0.9802643171806166,0.9964170337738619,False,False,False,False,-0.12946287513788382,-0.12818279940654426,False,False,False,False,-13019736,-13295501.578795336,False,False,False,False,1053686.2496162152,False,False,False,False
2022-09-09 00:00:00+00:00,15.6,16.2,15.1,15.3,839052,,,,,,,,,,,,,,,,,,,,,,,,,,,,,,,,,16.189146798777767,15.813381825980153,15.336934397988816,21.076847726131508,22.75301424379369,,,,,,,,,,,,,,,,,,,,,,,,,,14.762024107279581,15.573629423562323,15.06619140889074,16.63939336721351,21.833061977484906,23.926331983532183,,,,,,,16.189146798777767,21.076847726131508,18.08817793278502,"rgba(239, 83, 80, 0.5)",2.6839549948562573,18.08817793278502,-0.9270565033890507,47.896797088888334,0.04380847166996915,False,False,False,False,True,0.0,0.0,0.0,0.0,0.0,0,1.010970588235294,0.965529411764706,False,False,False,False,0.013319167043842341,-0.05743181618135096,False,False,False,False,-12180684,-13251783.24237199,False,False,False,False,1045269.220219501,False,False,False,False
2022-09-12 00:00:00+00:00,16.1,16.3,15.5,15.7,675497,,,,,,,,,,,,,,,,,,,,,,,,,,,,,,,,,16.182335947190737,15.81596758954673,15.344572436300313,21.048735445923,22.719723565006653,,,,,,,,,,,,,,,,,,,,,,,,,,15.010030091534343,15.579410941748332,15.075824927704728,16.634630411763506,21.802464771634117,23.88949836549834,,,,,,,16.182335947190737,21.048735445923,18.100290408531894,"rgba(239, 83, 80, 0.5)",2.397255938784066,18.100290408531894,-0.8344083650686368,49.96382136601555,0.04380847166996915,False,False,False,False,True,0.0,0.0,0.0,0.0,0.0,1,1.033175775480059,0.947503692762186,False,False,False,False,0.042941165761947536,-0.007245325209701711,False,False,False,False,-11505187,-13183289.272082893,False,False,False,False,1030768.3488383441,False,False,False,False
2022-09-13 00:00:00+00:00,15.0,15.7,14.8,15.3,780951,,,,,,,,,,,,,,,,,,,,,,,,,,,,,,,,,16.147617693677862,15.80354684307788,15.342112246149705,21.01156165443237,22.677129058814064,,,,,,,,,,,,,,,,,,,,,,,,,,15.040144309693142,15.572509084247688,15.076934767734427,16.622712143555415,21.762691338867132,23.84307996566471,,,,,,,16.147617693677862,21.01156165443237,18.08182173690131,"rgba(255, 0, 0, 1.0)",1.9775524047450541,18.08182173690131,-1.5584020577692956,49.20358476335177,0.04380847166996915,False,False,False,False,True,0.0,0.0,0.0,0.0,0.0,1,1.0109384164222872,0.9537536656891494,False,False,False,False,-0.03404903174504241,-0.02064717847737206,False,False,False,False,-12286138,-13148106.869256115,False,False,False,False,1020971.5900603698,False,False,False,False
2022-09-14 00:00:00+00:00,15.3,15.3,14.5,15.0,696651,,,,,,,,,,,,,,,,,,,,,,,,,,,,,,,,,16.114645479389015,15.790624067581241,15.338349602179749,20.978047427031033,22.638868431550428,,,,,,,,,,,,,,,,,,,,,,,,,,15.039147215634292,15.564584503241633,15.076464700853863,16.611283816121624,21.72690237391638,23.801457210117874,,,,,,,16.114645479389015,20.978047427031033,18.061852257056103,"rgba(255, 26, 202, 1.0)",1.3646541983522829,18.061852257056103,-2.0238476973806483,49.29580790696712,0.04380847166996915,False,False,False,False,True,0.0,0.0,0.0,0.0,0.0,1,1.0124778761061946,0.9593805309734512,False,False,False,False,-0.07561463851149729,-0.048130908494434674,False,False,False,False,-11589487,-13086984.521442149,False,False,False,False,1008253.1355481985,False,False,False,False
2022-09-15 00:00:00+00:00,15.4,15.8,14.9,15.1,649918,,,,,,,,,,,,,,,,,,,,,,,,,,,,,,,,,16.094551855834176,15.784090280444655,15.33866789567356,20.948852706572527,22.60506747883566,,,,,,,,,,,,,,,,,,,,,,,,,,15.078503056232458,15.561907433030974,15.079354424476048,16.602990451095486,21.695501440145456,23.764442446071953,,,,,,,16.094551855834176,20.948852706572527,18.05035722440118,"rgba(255, 0, 0, 1.0)",1.3478404482257178,18.05035722440118,-1.9663731177455603,49.56675720023829,0.04380847166996915,False,False,False,False,True,0.0,0.0,0.0,0.0,0.0,1,1.008053097345133,0.957905604719764,False,False,False,False,-0.022200961709183373,-0.03516593510180902,False,False,False,False,-10939569,-13002772.148052262,False,False,False,False,994200.7772914064,False,False,False,False
2022-09-16 00:00:00+00:00,14.3,15.2,14.1,15.0,1185656,,,,,,,,,,,,,,,,,,,,,,,,,,,,,,,,,16.021613847648073,15.749886509028647,15.322485587372892,20.8885323533404,22.537199800264414,,,,,,,,,,,,,,,,,,,,,,,,,,14.980481112204988,15.537137548640937,15.069612450127536,16.578133604484414,21.63156920078681,23.69112763742073,,,,,,,16.021613847648073,20.8885323533404,18.000707241029076,"rgba(255, 26, 202, 1.0)",1.3343986734927646,18.000707241029076,-2.773314538257551,47.56233142385238,0.04380847166996915,False,True,False,False,False,0.0,0.0,0.0,0.0,0.0,1,0.9889280469897209,0.9698384728340675,False,False,False,False,-0.10545646683715386,-0.07031120096948144,False,False,False,False,-12125225,-12968358.534403155,False,False,False,False,1001708.8252407631,False,False,False,False
2022-09-19 00:00:00+00:00,14.7,14.7,14.1,14.4,685495,,,,,,,,,,,,,,,,,,,,,,,,,,,,,,,,,15.981594935671009,15.730432705476842,15.313040157721316,20.85399219530227,22.498318531452075,,,,,,,,,,,,,,,,,,,,,,,,,,14.93523691427473,15.522895733299693,15.06379670077064,16.563803099998555,21.594953231808983,23.64911668037165,,,,,,,15.981594935671009,20.85399219530227,17.973380080558886,"rgba(255, 26, 202, 1.0)",1.330829179987325,17.973380080558886,-2.4596545745939107,47.16166113581933,0.04380847166996915,False,True,False,True,False,0.0,0.0,0.0,0.0,0.0,1,0.9859084194977844,0.9800000000000002,False,False,False,False,-0.13548666475082738,-0.10289893286015442,False,False,False,False,-11439730,-12908412.317367738,False,False,False,False,989308.2830744587,False,False,False,False
2022-09-20 00:00:00+00:00,14.0,14.6,13.9,14.5,1080292,,,,,,,,,,,,,,,,,,,,,,,,,,,,,,,,,15.909364571791677,15.692994195875887,15.292661909606668,20.797494872774003,22.435280125502906,,,,,,,,,,,,,,,,,,,,,,,,,,14.835921838547549,15.494168034516083,15.049590230580556,16.53803256392339,21.53533061268566,23.58130038295891,,,,,,,15.909364571791677,20.797494872774003,17.923830848978483,"rgba(255, 26, 202, 1.0)",1.3295369376094437,17.923830848978483,-2.9512762962672365,45.54454018721808,-0.6746394662693831,False,True,False,True,False,0.0,0.0,0.0,0.0,0.0,1,0.9991940298507465,0.9693432835820898,False,False,False,False,-0.1536186282207676,-0.12825878054046103,False,False,False,False,-12520022,-12893181.324529788,False,False,False,False,992876.2719734996,False,False,False,False
2022-09-21 00:00:00+00:00,13.0,13.8,12.3,13.8,1219670,,,,,,,,,,,,,,,,,,,,,,,,,,,,,,,,,15.785693865561399,15.622995324343504,15.248209897853469,20.724136735756726,22.355646047418894,,,,,,,,,,,,,,,,,,,,,,,,,,14.60642033551457,15.436691901357031,15.014175668236895,16.496004141610822,21.458977508780624,23.49681319851009,,,,,,,15.785693865561399,20.724136735756726,17.840524056813095,"rgba(255, 26, 202, 1.0)",1.338572589206878,17.840524056813095,-3.616183459786196,42.76405310783042,-3.379329681444375,False,True,False,True,False,0.0,0.0,0.0,0.0,0.0,1,0.9800294985250736,0.9652802359882006,False,False,False,False,-0.3358895356746908,-0.23207415810757592,False,False,False,False,-13739692,-12926377.82160705,False,False,False,False,1001770.1436608133,False,False,False,False
2022-09-22 00:00:00+00:00,12.2,13.0,12.2,12.9,704022,,,,,,,,,,,,,,,,,,,,,,,,,,,,,,,,,15.705307947121097,15.575762622312082,15.216975198492277,20.67934658575969,22.307533493458354,,,,,,,,,,,,,,,,,,,,,,,,,,14.459933604019154,15.397183163191139,14.98860661525101,16.468304509271313,21.412603413807165,23.446050589689715,,,,,,,15.705307947121097,20.67934658575969,17.787055249306636,"rgba(255, 26, 202, 1.0)",1.3691083440170415,17.787055249306636,-4.080798480063236,39.71960335970951,-6.224566828483219,False,True,False,True,False,0.0,0.0,0.0,0.0,0.0,0,0.9755325443786981,0.9814497041420117,False,False,False,False,-0.34282825441539394,-0.2874512062614849,False,False,False,False,-14443714,-12985881.201151872,False,False,False,False,990093.7458701932,False,False,False,False
2022-09-23 00:00:00+00:00,12.0,12.1,11.2,12.0,1124477,,,,,,,,,,,,,,,,,,,,,,,,,,,,,,,,,15.558619328132389,15.486844832703655,15.15618221017036,20.602793658207762,22.226253099656027,,,,,,,,,,,,,,,,,,,,,,,,,11.766666666666666,14.194465937695984,15.321650466168581,14.937770342271723,16.417240925516325,21.33379905027087,23.360825738350847,,,,,,,15.558619328132389,20.602793658207762,17.196926021317598,"rgba(255, 26, 202, 1.0)",1.3940310335577002,17.196926021317598,-3.7279844538715516,37.40156294675812,-8.323757062154101,False,True,False,True,False,0.0,0.0,0.0,0.0,0.0,0,0.9614781297134236,1.012760180995475,False,False,False,False,-0.34282825441539394,-0.31513973033843945,False,False,False,False,-15568191,-13087148.252087092,False,False,False,False,995363.6774046954,False,False,False,False
2022-09-26 00:00:00+00:00,11.6,12.781,11.5,12.0,751243,,,,,,,,,,,,,,,,,,,,,,,,,,,,,,,,,15.471261506132008,15.43269199937288,15.119000506243921,20.553483572192697,22.173638575641114,,,,,,,,,,,,,,,,,,,,,,,,,11.844231936358659,14.056435596739718,15.275570616135177,14.906712253875186,16.385134956350615,21.282916137182962,23.3055177656939,,,,,,,15.471261506132008,20.553483572192697,17.150549618493237,"rgba(255, 26, 202, 1.0)",1.434242745232368,17.150549618493237,-3.870021052533871,35.27114460386089,-10.243402362839753,False,True,False,True,False,0.0,0.0,0.0,0.0,0.0,0,0.9537139479547141,1.004016307724951,False,False,False,False,-0.28931164122642583,-0.30222568578243264,False,False,False,False,-16319434,-13213904.555926815,False,False,False,False,985790.3175064721,False,False,False,False
2022-09-27 00:00:00+00:00,12.1,12.4,11.7,12.0,875908,,,,,,,,,,,,,,,,,,,,,,,,,,,,,,,,,15.377542627311994,15.373486175929713,15.078149616772974,20.49739921681679,22.113601515094157,,,,,,,,,,,,,,,,,,,,,,,,,11.915038149900107,13.922733769643235,15.225087103705361,14.87258625167385,16.34916602657763,21.224951387133213,23.24230359156253,,,,,,,15.377542627311994,20.49739921681679,17.099337119343463,"rgba(255, 26, 202, 1.0)",1.463388638163401,17.099337119343463,-3.4162743846486263,35.4284925268158,-10.243402362839753,False,True,False,True,False,0.0,0.0,0.0,0.0,0.0,0,0.948622110568159,1.0129593603039169,False,False,False,False,-0.2990570408164117,-0.30064136329942215,False,False,False,False,-15443526,-13301340.690988509,False,False,False,False,981481.2070160223,False,False,False,False
2022-09-28 00:00:00+00:00,13.0,13.1,12.1,12.2,787335,,,,,,,,,,,,,,,,,,,,,,,,,,,,,,,,,15.313695210672629,15.332393498078615,15.050276474807546,20.45155178313465,22.063781719438143,,,,,,,,,,,,,,,,,,,,,,,,,12.097089343497894,13.854986124605404,15.190341448808772,14.84972722847883,16.322296018997573,21.17721462816123,23.189439157651833,,,,,,,15.313695210672629,20.45155178313465,17.074399386361094,"rgba(255, 26, 202, 1.0)",1.4733524926394883,17.074399386361094,-2.7653934864303045,38.0948642893548,-10.243402362839753,False,True,False,True,True,0.0,0.0,0.0,0.0,0.0,0,0.9482255599635696,1.008428397215233,False,False,False,False,-0.24060531909676777,-0.27062334119809495,False,False,False,False,-14656191,-13354472.075655626,False,False,False,False,973867.630270296,False,False,False,False
2022-09-29 00:00:00+00:00,12.5,12.9,12.2,12.7,463192,,,,,,,,,,,,,,,,,,,,,,,,,,,,,,,,,15.27475265373447,15.306996024876355,15.03279711807226,20.424139281270506,22.034096063397854,,,,,,,,,,,,,,,,,,,,,,,,,12.147578324094562,13.812134181698378,15.16872215176455,14.835256584231066,16.305803508518068,21.148721585799407,23.157996439474953,,,,,,,15.27475265373447,20.424139281270506,17.054082826411037,"rgba(255, 26, 202, 1.0)",1.4714006319895496,17.054082826411037,-3.0950665151293624,38.886566273274944,-10.243402362839753,False,True,False,True,True,0.0,0.0,0.0,0.0,0.0,0,0.9314125486365997,1.0353806650808903,False,False,False,False,-0.24584743414533822,-0.2582353876717166,False,False,False,False,-15119383,-13423684.26876717,False,False,False,False,953841.1349655786,False,False,False,False
2022-09-30 00:00:00+00:00,12.2,12.8,12.2,12.4,481601,,,,,,,,,,,,,,,,,,,,,,,,,,,,,,,,,15.233488689159747,15.279827188708202,15.013922806099808,20.395359629922197,22.00299563445309,,,,,,,,,,,,,,,,,,,,,,,,,12.174690979541856,13.766081381464126,15.145495014985439,14.819540847546053,16.288206368978237,21.118839216496227,23.125092421646716,,,,,,,15.233488689159747,20.395359629922197,17.03029501491681,"rgba(255, 26, 202, 1.0)",1.487197012824589,17.03029501491681,-3.247918717737857,38.83408520473481,-10.243402362839753,False,True,False,True,True,0.0,0.0,0.0,0.0,0.0,0,0.9333022912284644,1.0296398580626516,False,False,False,False,-0.2511028287376606,-0.2546691082046886,False,False,False,False,-15600984,-13509068.571952771,False,False,False,False,935321.9139865363,False,False,False,False
2022-10-03 00:00:00+00:00,12.3,12.6,11.8,12.4,613639,,,,,,,,,,,,,,,,,,,,,,,,,,,,,,,,,15.179603597677497,15.243975361830918,14.98875373552262,20.358229160076593,21.962975563791357,,,,,,,,,,,,,,,,,,,,,,,,,12.181750513938983,13.704931598807633,15.11469579137802,14.798448618465493,16.265061829783228,21.080336427848177,23.082810771331104,,,,,,,15.179603597677497,20.358229160076593,16.996797747537638,"rgba(255, 26, 202, 1.0)",1.5051598939334425,16.996797747537638,-3.1204643217429013,39.11622656670453,-10.243402362839753,False,True,False,True,True,0.0,0.0,0.0,0.0,0.0,0,0.9438227831630992,1.012084444733589,False,False,False,False,-0.28293356080864646,-0.26880133450666754,False,False,False,False,-14987345,-13567040.196582075,False,False,False,False,922706.8977517703,False,False,False,False
2022-10-04 00:00:00+00:00,12.8,13.1,12.4,12.8,1255870,,,,,,,,,,,,,,,,,,,,,,,,,,,,,,,,,15.094052611482557,15.185713154905603,14.948337920025498,20.288201333215806,21.886518465323913,,,,,,,,,,,,,,,,,,,,,,,,,12.297372741049944,13.634105286142992,15.064949636526595,14.765092245374728,16.2246667922933,21.007256175165338,23.001496595131673,,,,,,,15.094052611482557,20.288201333215806,16.949813579719827,"rgba(255, 26, 202, 1.0)",1.4961427883870808,16.949813579719827,-2.773674820298094,40.88633891189061,-13.38685876041292,False,True,False,True,True,0.0,0.0,0.0,0.0,0.0,0,0.956763977583735,0.9860875798253617,False,False,False,False,-0.22495530053588192,-0.24687831752127473,False,False,False,False,-13731475,-13573488.620245524,False,False,False,False,935772.1174477794,False,False,False,False
2022-10-05 00:00:00+00:00,12.4,12.6,11.9,12.5,579940,,,,,,,,,,,,,,,,,,,,,,,,,,,,,,,,,15.049043642745115,15.154709909007163,14.926279742076561,20.25431841342012,21.84985450324202,,,,,,,,,,,,,,,,,,,,,,,,,12.297592502697766,13.589166979981755,15.038160829776311,14.746544411120636,16.203851104059503,20.972054151536458,22.962685682827335,,,,,,,15.049043642745115,20.25431841342012,16.920355156040895,"rgba(255, 26, 202, 1.0)",1.5047109207267622,16.920355156040895,-3.0041352752710817,41.10744620111016,-12.996918422227168,False,True,False,True,True,0.0,0.0,0.0,0.0,0.0,0,0.9517194037656902,0.989310930962343,False,False,False,False,-0.2775911343779693,-0.262234725949622,False,False,False,False,-14311415,-13602426.90964766,False,False,False,False,921817.9167635527,False,False,False,False
2022-10-06 00:00:00+00:00,13.3,13.7,12.0,12.4,4671661,,,,,,,,,,,,,,,,,,,,,,,,,,,,,,,,13.0,14.81369245927654,14.983083810121077,14.805163852918671,20.014641842060023,21.585354920052687,,,,,,,,,,,,,,,,,,,,,,,,,12.580354036631416,13.463421808421218,14.890605368721443,14.646734889465108,16.072577013711996,20.720618611870265,22.67989301331956,,,,,,,14.81369245927654,20.014641842060023,16.48124166358231,"rgba(255, 26, 202, 1.0)",1.5067715023718047,16.48124166358231,-2.111296675424725,43.946160538081116,-10.163508312017889,False,True,False,True,True,0.0,0.0,0.0,0.0,0.0,0,0.9588621867147734,0.963694349590877,False,False,False,False,-0.21458228576501395,-0.238408505857318,False,False,False,False,-9639754,-13447027.972014418,False,False,False,False,1068870.5866943938,False,False,False,False
2022-10-07 00:00:00+00:00,11.6,13.4,11.4,13.3,3745546,,,,,,,,,,,,,,,,,,,,,,,,,,,,,,,,12.61434477414341,14.587674035376518,14.812019218159266,14.676938113673515,19.811257916411428,21.364160933587918,,,,,,,,,,,,,,,,,,,,,,,,,12.471279660832556,13.26907542815805,14.739341098465205,14.536621046070902,15.94728435663185,20.508826097547566,22.445214444726094,,,,,,,14.587674035376518,19.811257916411428,16.29107977875264,"rgba(255, 26, 202, 1.0)",1.5332154282908108,16.29107977875264,-3.059635125105762,42.149863429261615,-10.163508312017889,False,True,False,True,True,0.0,0.0,0.0,0.0,0.0,0,0.946916940997721,0.973822486705495,False,False,False,False,-0.2616548291390991,-0.25003166749820854,False,False,False,False,-13385300,-13444607.267229538,False,False,False,False,1173838.2499612803,False,False,False,False
2022-10-10 00:00:00+00:00,10.5,11.6,10.3,11.6,1498152,,,,,,,,,,,,,,,,,,,,,,,,,,,,,,,,12.340208028104007,14.464091277466881,14.717948860104876,14.603918710987307,19.719195006005585,21.26619430839015,,,,,,,,,,,,,,,,,,,,,,,,,12.322671686500998,13.13274169675655,14.654755901364815,14.472270032211952,15.88262349970933,20.413984496667794,22.342483185877512,,,,,,,14.464091277466881,19.719195006005585,16.17946820693444,"rgba(255, 26, 202, 1.0)",1.601941389756704,16.17946820693444,-3.545365793811604,39.191753938033045,-6.500863141518252,False,True,False,True,False,0.0,0.0,0.0,0.0,0.0,0,0.9238994105104729,1.0054245578828547,False,False,False,False,-0.34282825441539394,-0.29642996095680124,False,False,False,False,-14883452,-13501032.550867597,False,False,False,False,1186556.4362373084,False,False,False,False
2022-10-11 00:00:00+00:00,10.4,10.8,9.801,10.6,1249069,,,,,,,,,,,,,,,,,,,,,,,,,,,,,,,,12.115717475449703,14.354707155832807,14.633884711049081,14.537900040449927,19.63992571585755,21.182316057743893,,,,,,,,,,,,,,,,,,,,,,,,10.333666666666666,12.185393816454708,13.009553998932915,14.578760274545193,14.413687349686002,15.825108616355859,20.332548923062653,22.25480262643011,,,,,,,14.354707155832807,19.63992571585755,15.671283816322648,"rgba(255, 26, 202, 1.0)",1.666659819805583,15.671283816322648,-3.1627832828762537,37.06979348280008,-8.455575985864876,False,True,False,True,False,0.0,0.0,0.0,0.0,0.0,0,0.9150398080488602,1.0178551953009365,False,False,False,False,-0.34282825441539394,-0.3196291076860976,False,False,False,False,-16132521,-13604228.17632377,True,False,False,False,1189007.9093260414,True,False,False,False
2022-10-12 00:00:00+00:00,10.7,10.8,10.0,10.4,1075479,,,,,,,,,,,,,,,,,,,,,,,,,,,,,,,,11.973749875959022,14.268771209798917,14.566745714822801,14.484855420916531,19.57393883562795,21.112210870113305,,,,,,,,,,,,,,,,,,,,,,,,10.410622705862243,12.090854877949216,12.917929433930183,14.517917103118089,14.366561855802095,15.778005005600876,20.26462682546941,22.181366080460073,,,,,,,14.268771209798917,19.57393883562795,15.607725415387907,"rgba(255, 26, 202, 1.0)",1.7158540016430237,15.607725415387907,-2.860223195381713,36.61104500001349,-8.884246546729706,False,True,False,True,False,0.0,0.0,0.0,0.0,0.0,0,0.9165806646237872,1.0404236063699728,False,False,False,False,-0.3336719438230573,-0.3266505257545774,False,False,False,False,-15057042,-13661201.267448328,False,False,False,False,1184555.795234824,False,False,False,False
2022-10-13 00:00:00+00:00,11.1,11.2,10.0,10.2,1287378,,,,,,,,,,,,,,,,,,,,,,,,,,,,,,,,11.858872990625983,14.177742375872468,14.49427690515964,14.427292181519311,19.498477687897132,21.031572111318184,,,,,,,,,,,,,,,,,,,,,,,,10.537525406020684,12.007536698811547,12.827847912696074,14.452109289024751,14.315411494315192,15.725498961569409,20.18673299113416,22.09663751729248,,,,,,,14.177742375872468,19.498477687897132,15.545538180232642,"rgba(255, 26, 202, 1.0)",1.755069876178636,15.545538180232642,-2.5329693367605626,37.56825487243026,-8.884246546729706,False,True,False,True,False,0.0,0.0,0.0,0.0,0.0,0,0.8934414590663111,1.0385907893283688,False,False,False,False,-0.3154275867891627,-0.32103905627187007,False,False,False,False,-13769664,-13665454.70794055,False,False,False,False,1188588.0385589486,False,False,False,False
2022-10-14 00:00:00+00:00,10.4,11.4,10.2,11.1,1281822,,,,,,,,,,,,,,,,,,,,,,,,,,,,,,,,11.755679982797071,14.089166601135512,14.422952401844535,14.370203229913615,19.42377020375058,20.951750595340087,,,,,,,,,,,,,,,,,,,,,,,,10.571351444673216,11.928485459626678,12.741348072826636,14.387123364997601,14.264510900874527,15.673268928286506,20.109624460815848,22.01278151095811,,,,,,,14.089166601135512,19.42377020375058,15.478715511274322,"rgba(255, 26, 202, 1.0)",1.8107964501244214,15.478715511274322,-2.8046860324501734,36.86567204101351,-8.884246546729706,False,True,False,True,False,0.0,0.0,0.0,0.0,0.0,0,0.9027542942022343,1.037071567403568,False,False,False,False,-0.2973842980400656,-0.30921167715596787,False,False,False,False,-15051486,-13719808.876256607,False,False,False,False,1192244.2723409508,True,False,False,False
2022-10-17 00:00:00+00:00,11.1,11.5,10.7,10.7,1603345,,,,,,,,,,,,,,,,,,,,,,,,,,,,,,,,11.691626103339098,13.997727577525643,14.347264243253175,14.309264038194788,19.336621146215236,20.857755794350233,,,,,,,,,,,,,,,,,,,,,,,,10.701810715910431,11.871586310493067,12.66309373921455,14.318021334267137,14.210239326241304,15.614961573509229,20.01926146772026,21.913548414782955,,,,,,,13.997727577525643,19.336621146215236,15.418055841786936,"rgba(255, 26, 202, 1.0)",1.8432902427231421,15.418055841786936,-2.3425805343643313,38.56510170422278,-8.884246546729706,False,True,False,True,False,0.0,0.0,0.0,0.0,0.0,0,0.9122355134870342,1.0212695352622347,False,False,False,False,-0.27066405613976596,-0.2899378666478669,False,False,False,False,-13448141,-13709155.234050468,False,False,False,False,1208365.8695040508,False,False,False,False
2022-10-18 00:00:00+00:00,11.2,11.7,11.0,11.5,925590,,,,,,,,,,,,,,,,,,,,,,,,,,,,,,,,11.670719174806473,13.950914324305447,14.307715539763153,14.277236252266983,19.288338535356967,20.80540146985715,,,,,,,,,,,,,,,,,,,,,,,,10.776403423083897,11.849788725345123,12.626581921502035,14.281834547504609,14.181708942528546,15.58343473479998,19.96906790814802,21.858124203620644,,,,,,,13.950914324305447,19.288338535356967,15.387662121634929,"rgba(255, 26, 202, 1.0)",1.874434929867059,15.387662121634929,-2.2340930884871697,39.999609873201585,-8.884246546729706,False,True,False,True,True,0.0,0.0,0.0,0.0,0.0,0,0.903474214937665,1.0510027073910155,False,False,False,False,-0.2486833615911821,-0.2693106141195245,False,False,False,False,-12522551,-13662621.73467594,False,False,False,False,1197276.6197195784,False,False,False,False
2022-10-19 00:00:00+00:00,10.7,11.2,10.54,11.0,808721,,,,,,,,,,,,,,,,,,,,,,,,,,,,,,,,11.632509278358166,13.904053440469385,14.2685345372365,14.245321427726873,19.244083414348207,20.75780678125125,,,,,,,,,,,,,,,,,,,,,,,,10.780031721967884,11.816367500841041,12.585115353870783,14.245874231215513,14.153101744200287,15.553176227071997,19.923247112341873,21.807959362185755,,,,,,,13.904053440469385,19.244083414348207,15.351227295220394,"rgba(255, 26, 202, 1.0)",1.9163657421424225,15.351227295220394,-2.4271083504240183,39.82758861422673,-8.884246546729706,False,True,False,True,True,0.0,0.0,0.0,0.0,0.0,0,0.8975314545784342,1.04857939086127,False,False,False,False,-0.2911138732108585,-0.2802122436651915,False,False,False,False,-13331272,-13649627.627433745,False,False,False,False,1182039.144436458,False,False,False,False
2022-10-20 00:00:00+00:00,10.9,11.3,10.4,10.6,787285,,,,,,,,,,,,,,,,,,,,,,,,,,,,,,,,11.600665247935007,13.860524315838152,14.231802836453141,14.21528655074087,19.201712793936967,20.712153336990685,,,,,,,,,,,,,,,,,,,,,,,,10.78759450547635,11.78746279954814,12.547691532252712,14.212109097854936,14.126153079897646,15.524413567792827,19.879337842396847,21.759794778086725,,,,,,,13.860524315838152,19.201712793936967,15.317621591800073,"rgba(255, 26, 202, 1.0)",1.9528007145200583,15.317621591800073,-2.262197857135563,40.39023929566194,-8.884246546729706,False,True,False,True,True,0.0,0.0,0.0,0.0,0.0,0,0.8916077456627982,1.0554221319046737,False,False,False,False,-0.29290313241932164,-0.28655768804225656,False,False,False,False,-12543987,-13606269.171455951,False,False,False,False,1166558.5897526753,False,False,False,False
2022-10-21 00:00:00+00:00,11.0,11.1,10.5,11.0,802607,,,,,,,,,,,,,,,,,,,,,,,,,,,,,,,,11.57081660340451,13.81741384141219,14.19516390798691,14.185211889293289,19.158956491392683,20.6660431796089,,,,,,,,,,,,,,,,,,,,,,,,10.794056368562085,11.759752214572305,12.511180832980303,14.178374419663111,14.099131115934394,15.495452300364544,19.83501014561753,21.711127382663765,,,,,,,13.81741384141219,19.158956491392683,15.284120763818322,"rgba(255, 26, 202, 1.0)",1.9851176015267487,15.284120763818322,-2.1581193781786108,41.118835130502724,-12.769124882714095,False,True,False,True,True,0.0,0.0,0.0,0.0,0.0,0,0.8750919699536298,1.0718648939992812,False,False,False,False,-0.2973842980400656,-0.2919709930411611,False,False,False,False,-11741380,-13533136.262771405,False,False,False,False,1152285.9783898254,False,False,False,False
2022-10-24 00:00:00+00:00,10.4,11.1,10.3,11.1,823005,,,,,,,,,,,,,,,,,,,,,,,,,,,,,,,,11.531954729293512,13.770598049501475,14.155468841934164,14.152495306281597,19.1141713396439,20.617932989956127,,,,,,,,,,,,,,,,,,,,,,,,10.779052155358377,11.725034775289274,12.46954366741475,14.141752529645535,14.06963592769712,15.46443715607229,19.788668255526275,21.660456545753323,,,,,,,13.770598049501475,19.1141713396439,15.245800162097694,"rgba(255, 26, 202, 1.0)",2.029851101804,15.245800162097694,-2.387268779365669,40.08765569598626,-12.769124882714095,False,True,False,True,True,0.0,0.0,0.0,0.0,0.0,0,0.8686098577183063,1.0691527064640491,False,False,False,False,-0.3063817575348363,-0.2991763752879987,False,False,False,False,-12564385,-13495146.017172527,False,False,False,False,1139372.9988451265,True,False,False,False
2022-10-25 00:00:00+00:00,12.4,12.5,10.4,10.5,2056507,,,,,,,,,,,,,,,,,,,,,,,,,,,,,,,,11.553297282264202,13.700293124925716,14.091332227109238,14.099305509340581,19.01934276294619,20.51347168573442,,,,,,,,,,,,,,,,,,,,,,,,10.938966088063058,11.727932172771727,12.433255492695817,14.082528847911867,14.022129288418837,15.40681000022446,19.689325762741536,21.548983620123433,,,,,,,13.700293124925716,19.01934276294619,15.201926704662222,"rgba(239, 83, 80, 1.0)",2.0318792615046672,15.201926704662222,-1.378982874497824,45.21680174274953,-8.767692048700802,False,False,False,True,True,0.0,0.0,0.0,0.0,0.0,0,0.8503278943816726,1.0778641011887253,False,False,False,False,-0.23837443143165418,-0.2687754033598264,False,False,False,False,-10507878,-13377998.251793213,False,False,False,False,1175339.0381061018,False,False,False,False
2022-10-26 00:00:00+00:00,12.6,13.1,12.0,12.2,1506485,,,,,,,,,,,,,,,,,,,,,,,,,,,,,,,,11.61658326661872,13.671888632858693,14.06192349760835,14.074677563816714,18.958907955751933,20.44535732201705,,,,,,,,,,,,,,,,,,,,,,,,11.11156100154571,11.768618247995324,12.438117220290636,14.055336353213809,14.000462816571655,15.374752311865976,19.62529228676403,21.47545440202852,,,,,,,13.671888632858693,18.958907955751933,15.191352348496224,"rgba(239, 83, 80, 1.0)",2.0351222377346136,15.191352348496224,-1.2733153323413022,49.082097578108915,-5.273734566579662,True,False,False,False,True,0.0,0.0,0.0,0.0,0.0,0,0.8730280208025324,1.0591376341467658,False,False,False,False,-0.14302247743124585,-0.20589894039553613,False,False,False,False,-9001393,-13206366.67329152,False,False,False,False,1188325.1542588037,False,False,False,False
2022-10-27 00:00:00+00:00,12.2,13.3,12.2,12.6,890028,,,,,,,,,,,,,,,,,,,,,,,,,,,,,,,,11.650390152901114,13.655766459479835,14.045076006811893,14.060495868227687,18.923732249558224,20.405661446979323,,,,,,,,,,,,,,,,,,,,,,,,11.19734342512379,11.790852267743821,12.440826516573036,14.039724730106279,13.987962800461185,15.356150525382638,19.58799962818589,21.43257647912344,,,,,,,13.655766459479835,18.923732249558224,15.183897039761295,"rgba(239, 83, 80, 1.0)",2.043806729107565,15.183897039761295,-1.4599702590588024,50.484945178453515,-4.124669451993427,True,False,False,False,True,0.0,0.0,0.0,0.0,0.0,0,0.8811909279520506,1.063837710354122,False,False,False,False,-0.08709299232380711,-0.14649596635967163,False,False,False,False,-9891421,-13076368.803750677,False,False,False,False,1176627.2266408114,False,False,False,False
2022-10-28 00:00:00+00:00,12.8,12.8,11.8,12.1,856177,,,,,,,,,,,,,,,,,,,,,,,,,,,,,,,,11.677406312785031,13.639311363846357,14.028151458815197,14.04620646344191,18.889731237794848,20.36736866672753,,,,,,,,,,,,,,,,,,,,,,,,11.265464245082804,11.808491913221795,12.441339997428853,14.024014045985904,13.975310492046592,15.337854121405941,19.551989660037485,21.391256198173842,,,,,,,13.639311363846357,18.889731237794848,15.174564012628151,"rgba(239, 83, 80, 1.0)",2.0463265263030896,15.174564012628151,-1.160403279782556,52.86502002360086,-1.991127163761476,True,False,True,False,True,0.0,0.0,0.0,0.0,0.0,0,0.8863091325742098,1.0408576554811433,False,False,False,False,-0.11146331316915324,-0.12897963976441243,False,False,False,False,-9035244,-12917893.32125065,False,False,False,False,1164060.55108627,False,False,False,False
2022-10-31 00:00:00+00:00,14.3,14.7,12.6,12.8,2670663,,,,,,,,,,,,,,,,,,,,,,,,,,,,,,,,11.882272288963978,13.64871919418749,14.022925132462852,14.041322077892072,18.808559379510815,20.271012024139008,,,,,,,,,,,,,,,,,,,,,,,,11.6384708499352,11.963447337750342,12.524531868797599,14.019260232927904,13.97256327118334,15.309358728932066,19.4637069991643,21.28461906172442,,,,,,,13.64871919418749,18.808559379510815,15.203626317683671,#000000,2.0464004874301542,15.203626317683671,-0.441568658351149,57.32348596159919,2.059489758972475,True,False,True,False,True,0.0,0.0,0.0,0.0,0.0,0,0.9245521379818573,0.9894723913463057,False,False,False,False,0.03687198824815019,-0.04605382575813112,False,False,False,False,-6364581,-12660900.681201603,False,False,False,False,1223143.0000632792,False,False,False,False
2022-11-01 00:00:00+00:00,13.5,14.6,13.309,14.6,1286887,,,,,,,,,,,,,,,,,,,,,,,,,,,,,,,,11.965143803520592,13.651735277731445,14.019548058940899,14.038238331720555,18.769883338596543,20.2251426648016,,,,,,,,,,,,,,,,,,,,,,,,11.778368278957492,12.02784672278369,12.559504791079261,14.016157076528934,13.97052208824616,15.295429668325106,19.421665828679615,21.233874801144875,,,,,,,13.651735277731445,18.769883338596543,15.212361480789768,"rgba(239, 83, 80, 0.5)",2.046574813796917,15.212361480789768,-0.8366962542712534,57.94282846317907,2.4902140193378415,True,False,True,False,True,0.0,0.0,0.0,0.0,0.0,0,0.9530235318762657,0.9738146777459675,False,False,False,False,0.07032145521387044,0.01213381472786966,False,False,False,False,-7651468,-12464452.340762325,False,False,False,False,1225642.76476668,False,False,False,False
2022-11-02 00:00:00+00:00,12.5,13.6,12.4,13.3,1623373,,,,,,,,,,,,,,,,,,,,,,,,,,,,,,,,12.009957962525224,13.632038469767974,13.997006977074976,14.018886885495945,18.712578816850257,20.15960173686869,,,,,,,,,,,,,,,,,,,,,,,,11.857896852547526,12.061914037126954,12.568638870372936,13.99512733034391,13.95351166130911,15.26704134155679,19.360514249346306,21.162609763758457,,,,,,,13.632038469767974,18.712578816850257,15.196951782496075,"rgba(239, 83, 80, 1.0)",2.048451843455045,15.196951782496075,-1.3165805147497296,55.83458004460038,2.4902140193378415,True,False,True,False,True,0.0,0.0,0.0,0.0,0.0,0,0.9408531069514996,0.9930415419942941,False,False,False,False,-0.034349718071109384,-0.011107951671619862,False,False,False,False,-9274841,-12339369.54308537,False,False,False,False,1241240.028893477,False,False,False,False
2022-11-03 00:00:00+00:00,13.8,13.954,12.1,12.1,1499367,,,,,,,,,,,,,,,,,,,,,,,,,,,,,,,,12.067964203645895,13.624484674373067,13.984720357141384,14.008154859914054,18.66461404101701,20.1037575542677,,,,,,,,,,,,,,,,,,,,,,,,11.950771353948962,12.107883114925952,12.590039543318229,13.983649231249109,13.944397037172775,15.246152728265956,19.30887006467059,21.10136314527917,,,,,,,13.624484674373067,18.66461404101701,15.19191585065642,"rgba(239, 83, 80, 0.5)",2.0264129760611396,15.19191585065642,-0.6868865661144598,56.921011311166204,2.4902140193378415,True,False,True,False,True,0.0,0.0,0.0,0.0,0.0,0,0.9375412054547347,0.9973281515666746,False,False,False,False,-0.03138933432479182,-0.021248642998205843,False,False,False,False,-7775474,-12160393.247278102,False,False,False,False,1251362.65521138,False,False,False,False
2022-11-04 00:00:00+00:00,13.1,14.3,12.4,14.3,1317603,,,,,,,,,,,,,,,,,,,,,,,,,,,,,,,,12.114055938677188,13.617775197462931,13.973999114837042,13.998751279022635,18.62301958774976,20.05529924376551,,,,,,,,,,,,,,,,,,,,,,,,12.021971705983177,12.14494181278434,12.607356203823176,13.973612490808485,13.936376990356814,15.227991300864339,19.264072478061596,21.048199949175327,,,,,,,13.617775197462931,18.62301958774976,15.186244520955167,"rgba(239, 83, 80, 1.0)",2.021810801959059,15.186244520955167,-1.0318693118731361,55.99367747856773,2.4902140193378415,True,False,True,False,True,0.0,0.0,0.0,0.0,0.0,0,0.9204675127079082,1.0138317369203635,False,False,False,False,0.0039976924878406365,-0.008625475255182603,False,False,False,False,-9093077,-12040106.335620137,False,False,False,False,1253960.3157913259,False,False,False,False
2022-11-07 00:00:00+00:00,13.5,13.6,12.7,13.2,721498,,,,,,,,,,,,,,,,,,,,,,,,,,,,,,,,12.13782410034744,13.614206728693516,13.96826289227598,13.993702395689848,18.600513610277755,20.029054186405567,,,,,,,,,,,,,,,,,,,,,,,,12.057789075283665,12.164247494737358,12.616468152583552,13.968234693330789,13.932065252136171,15.218186898060415,19.239822370496405,21.019393221376763,,,,,,,13.614206728693516,18.600513610277755,15.182840790835373,"rgba(239, 83, 80, 0.5)",2.022083485324243,15.182840790835373,-0.8322311136256215,56.140804417778874,2.4902140193378415,True,False,True,False,True,0.0,0.0,0.0,0.0,0.0,0,0.9226509624681374,1.0308165597257624,False,False,False,False,0.005863977635447406,-0.0013807488098675985,False,False,False,False,-8371579,-11896242.518536994,False,False,False,False,1233079.4406622543,False,False,False,False
2022-11-08 00:00:00+00:00,13.0,13.7,12.6,13.5,1045768,,,,,,,,,,,,,,,,,,,,,,,,,,,,,,,,12.165748069916303,13.6067417694795,13.958175503887052,13.98485719965389,18.56721736566496,19.990443049741035,,,,,,,,,,,,,,,,,,,,,,,,12.099518281893284,12.187022531222112,12.625963981035765,13.958765928464734,13.924372370744665,15.202949851465542,19.204048295653777,20.97712667178171,,,,,,,13.6067417694795,18.56721736566496,15.17521077647174,"rgba(239, 83, 80, 1.0)",2.0238666052967647,15.17521077647174,-1.074779716597371,55.02729986862827,2.4902140193378415,True,False,True,False,False,0.0,0.0,0.0,0.0,0.0,0,0.9288066209842485,1.0195781792293317,False,False,False,False,0.005863977635447406,0.0022416144127899037,False,False,False,False,-9417347,-11799030.92957476,False,False,False,False,1225733.8939696169,False,False,False,False
2022-11-09 00:00:00+00:00,12.1,13.5,11.8,13.0,1514608,,,,,,,,,,,,,,,,,,,,,,,,,,,,,,,,12.177886296712227,13.583264299991365,13.933494012546888,13.963402395023659,18.514197938583525,19.930208110592844,,,,,,,,,,,,,,,,,,,,,,,12.466666666666667,12.119642066786776,12.196544424863164,12.621558422487865,13.935564607276605,13.90511089419082,15.174736075889344,19.147669066970415,20.91184688786386,,,,,,,13.583264299991365,18.514197938583525,14.972119477763068,"rgba(239, 83, 80, 1.0)",2.033288730864969,14.972119477763068,-1.4125487611104088,52.294372615403134,7.491110159409978,True,False,False,False,False,0.0,0.0,0.0,0.0,0.0,0,0.9145679451810982,1.0213580137047253,False,False,False,False,-0.05311982860103561,-0.025439107094122854,False,False,False,False,-10931955,-11765027.951944377,False,False,False,False,1237062.2902845338,False,False,False,False
2022-11-10 00:00:00+00:00,13.1,13.4,12.5,12.8,1309791,,,,,,,,,,,,,,,,,,,,,,,,,,,,,,,,12.205597080323525,13.573059158361046,13.920323943756177,13.951770981393281,18.473064190205623,19.882557965218417,,,,,,,,,,,,,,,,,,,,,,,12.713995461217294,12.15948184382004,12.219525897919022,12.63039794201406,13.923151239758537,13.894885293031313,15.155516084475874,19.103500963146473,20.85971133008127,,,,,,,13.573059158361046,18.473064190205623,14.977769291648128,"rgba(239, 83, 80, 0.5)",2.0348698964540484,14.977769291648128,-0.9227957497038595,52.62491937583033,7.491110159409978,True,False,False,False,False,0.0,0.0,0.0,0.0,0.0,0,0.9167920686908028,1.007081526068868,False,False,False,False,-0.01771147428294617,-0.02157529068853451,False,False,False,False,-9622164,-11680994.07147597,False,False,False,False,1239914.3965478854,False,False,False,False
2022-11-11 00:00:00+00:00,15.3,16.2,12.7,13.1,3417724,,,,,,,,,,,,,,,,,,,,,,,,,,,,,,,14.733333333333334,12.409946509148652,13.623718649438926,13.949191249715266,13.975640994675773,18.40166076985022,19.791802652013978,,,,,,,,,,,,,,,,,,,,,,,13.819635242689065,12.43131441423847,12.394116723665327,12.751206117721317,13.950262630227822,13.91889464505204,15.145999513422261,19.023080793321437,20.756151603399477,,,,,,,13.623718649438926,18.40166076985022,15.067247240119585,#000000,2.041997785247175,15.067247240119585,0.11398286597663584,56.38220512719849,7.491110159409978,True,False,True,False,True,0.0,0.0,0.0,0.0,0.0,0,0.9319554308071787,0.9574721442544868,False,True,False,False,0.16045485048671085,0.06943977989908817,False,False,False,False,-6204440,-11466227.24514358,False,False,False,False,1325318.694722478,False,False,False,False
2022-11-14 00:00:00+00:00,14.9,16.2,14.6,16.0,1948782,,,,,,,,,,,,,,,,,,,,,,,,,,,,,,15.233333333333333,14.914902309497712,12.534359742628668,13.662817921391834,13.974673934867804,13.997168401595285,18.3675389314795,19.746446860366692,,,,,,,,,,,,,,,,,,,,,,,14.155982617305414,12.590468997243393,12.502271862558061,12.829932952915291,13.974286192941756,13.940011879350726,15.147107775046878,18.983728486987644,20.70342762295622,,,,,,,13.662817921391834,18.3675389314795,15.132850577792128,#000000,2.045453759213465,15.132850577792128,-0.1138381040115351,57.961526953915026,2.8031110030614883,True,False,True,False,True,0.0,0.0,0.0,0.0,0.0,0,0.9646375347309927,0.9579018270607057,False,True,False,False,0.2780141705135369,0.17372697520631253,False,False,False,False,-8153222,-11336305.470824223,False,False,False,False,1349768.2361059103,False,False,False,False
2022-11-15 00:00:00+00:00,15.4,16.2,15.1,15.4,1758357,,,,,,,,,,,,,,,,,,,,,,,,,,,,,15.566666666666665,15.39143881575522,15.075752338442625,12.650312287508802,13.703650532870533,14.002677266906298,14.021039144872683,18.340583911451546,19.70925657986313,,,,,,,,,,,,,,,,,,,,,,,14.405296201869042,12.735562425156829,12.604098358747688,12.906074357362387,14.000740830154408,13.963254530647621,15.151857321786222,18.952010436130553,20.659558827194132,,,,,,15.566666666666665,13.703650532870533,18.340583911451546,15.213323935188132,#000000,2.0531513900903766,15.213323935188132,0.09092172438567765,59.74510576078001,4.554686564208794,True,False,True,False,True,0.0,-1.0,16.2,15.1,0.0,0,0.9865058615164038,0.9443366787551658,False,False,False,False,0.31010550069651316,0.24191623795141284,False,False,False,False,-6394865,-11142523.491576215,False,False,False,False,1365791.3248860706,False,False,False,False
2022-11-16 00:00:00+00:00,14.5,15.7,14.3,15.4,1452279,,,,,,,,,,,,,,,,,,,,,,,,,,,,,15.234955254971288,15.234342633219482,15.034706028340597,12.717147291078149,13.723313473420848,14.014572384848368,14.031116346744717,18.312926102127264,19.67368558749146,,,,,,,,,,,,,,,,,,,,,,,14.459817721130854,12.816759988046972,12.663644889155282,12.949366063056754,14.012010517226637,13.973402907570568,15.148906773788696,18.920674867044113,20.618750943487736,,,,,,15.234955254971288,13.723313473420848,18.312926102127264,15.19667220959721,#000000,2.045687179418068,15.19667220959721,-0.3405565702354311,58.81480088902192,4.554686564208794,True,False,True,False,True,0.0,0.0,0.0,0.0,0.0,0,0.9782189829940521,0.9413588003686018,False,False,False,False,0.22777828889594753,0.23484726342368017,False,False,False,False,-7847144,-11013292.923279108,False,False,False,False,1369182.9984199503,False,False,False,False
2022-11-17 00:00:00+00:00,14.5,14.7,13.8,14.1,1090293,,,,,,,,,,,,,,,,,,,,,,,,,,,,,15.006392525893824,15.077157103744476,14.955605238962903,12.753460232089353,13.731181952642777,14.017962868818662,14.033905115501659,18.289504359357217,19.644596499336732,,,,,,,,,,,,,,,,,,,,,,,14.448778105760931,12.859585377197094,12.696469999912546,12.972318076014698,14.015242902589566,13.976527284165131,15.14327419835707,18.89462169924469,20.58587286738688,,,,,,15.006392525893824,13.731181952642777,18.289504359357217,15.172358689276457,#000000,2.0391687053817846,15.172358689276457,-0.3297219536088234,58.194597641183194,4.554686564208794,True,False,True,False,True,0.0,0.0,0.0,0.0,0.0,1,0.9630158863579054,0.9663780785071866,False,False,False,False,0.13635721285133343,0.18560223813750681,False,False,False,False,-7847144,-10889130.220405418,False,False,False,False,1358246.1357368152,False,False,False,False
2022-11-18 00:00:00+00:00,13.5,14.6,13.3,14.6,942332,,,,,,,,,,,,,,,,,,,,,,,,,,,,,14.78957663942344,14.909818559204941,14.852967377448847,12.773396034714459,13.731940696250977,14.015977388501542,14.032054381001549,18.26678290455697,19.61721005407066,,,,,,,,,,,,,,,,,,,,,,,14.40326993130798,12.881990422529388,12.714907341392152,12.984014102136873,14.013387613931144,13.97521275192553,15.135303713984522,18.86973624670891,20.555332118696207,,,,,,14.78957663942344,13.731940696250977,18.26678290455697,15.14015990432145,"rgba(239, 83, 80, 0.5)",2.0333924079439507,15.14015990432145,-0.8066125839330174,55.52281913642959,4.554686564208794,True,False,True,False,False,0.0,0.0,0.0,0.0,0.0,1,0.9362255601241922,0.9865738021314089,False,False,False,False,0.10049498881000699,0.1430486134737569,False,False,False,False,-8789476,-10806790.83921305,False,False,False,False,1341935.7774726264,False,False,False,False
2022-11-21 00:00:00+00:00,13.2,13.7,12.8,13.7,793065,,,,,,,,,,,,,,,,,,,,,,,,,,,,,14.585114173754034,14.743313390376183,14.740322108870263,12.780653319312455,13.727356691827826,14.010023023470438,14.0267708775898,18.245434647534264,19.592133885590968,,,,,,,,,,,,,,,,,,,,,,,14.338054446434446,12.888896647162657,12.722095897185971,12.98694432753674,14.007769723737376,13.970592301544057,15.125852985544757,18.846660339228514,20.52770302905109,,,,,,14.585114173754034,13.727356691827826,18.245434647534264,15.103649545319549,"rgba(239, 83, 80, 0.5)",2.0299762569062274,15.103649545319549,-0.9377693649583835,53.10984168951295,8.19240630023777,True,False,False,False,False,0.0,0.0,0.0,0.0,0.0,1,0.9212532462092654,1.0033509256932227,False,False,False,False,0.033910545937483653,0.08847957970562029,False,False,False,False,-9582541,-10758781.041596852,False,False,False,False,1320411.4332580138,False,False,False,False
2022-11-22 00:00:00+00:00,13.1,13.302,12.8,13.2,668169,,,,,,,,,,,,,,,,,,,,,,,,,,,,,14.433852355173656,14.613901386260949,14.647716761794099,12.784414420721674,13.722283606038333,14.004018997297214,14.021453378527331,18.226997417771166,19.570611690224375,,,,,,,,,,,,,,,,,,,,,,,14.281053194006203,12.891803598361411,12.726082528771034,12.987732534405056,14.002097828910626,13.965877450985369,15.117271158403431,18.82679407901456,20.504060370895786,,,,,,14.433852355173656,13.722283606038333,18.226997417771166,15.073779042086793,"rgba(239, 83, 80, 0.5)",2.0067570540235526,15.073779042086793,-0.9835665150045749,51.28132827441612,6.417025950160486,True,False,False,False,False,0.0,0.0,0.0,0.0,0.0,1,0.9388659636252483,1.0067587073547644,False,False,False,False,0.009345999010251852,0.04891278935793607,False,False,False,False,-10250710,-10738856.687024428,False,False,False,False,1294833.2986204447,False,False,False,False
2022-11-23 00:00:00+00:00,13.3,13.7,12.9,13.2,791329,,,,,,,,,,,,,,,,,,,,,,,,,,,,,14.314152339489294,14.503814393739663,14.564801196931919,12.792302896049414,13.718474242748027,13.998748332907121,14.016748716866395,18.206307885079386,19.54621074103794,,,,,,,,,,,,,,,,,,,,,,,14.231563217927713,12.899530297746805,12.733825528834801,12.991317021316563,13.997118439710208,13.961786312417466,15.108342704869255,18.804385287510602,20.47712288284475,,,,,,14.314152339489294,13.718474242748027,18.206307885079386,15.04814180211263,"rgba(239, 83, 80, 0.5)",2.002126797111293,15.04814180211263,-0.8731424026864241,50.57169753315337,5.66077079705142,True,False,False,False,False,0.0,0.0,0.0,0.0,0.0,1,0.9456586343335541,0.9932073292916944,False,False,False,False,0.04008781477517353,0.044500302066554795,False,False,False,False,-9459381,-10688681.169886215,False,False,False,False,1275088.0320078784,False,False,False,False
2022-11-25 00:00:00+00:00,13.2,13.4,12.9,13.3,559765,,,,,,,,,,,,,,,,,,,,,,,,,,,,,14.234416106962094,14.428998246133279,14.506492358011172,12.796311191608496,13.714975419464228,13.994365027425404,14.012845426112563,18.191382398361075,19.528698516774522,,,,,,,,,,,,,,,,,,,,,,,14.19487272839707,12.90305993439435,12.737917305875278,12.992729369049933,13.992973022987611,13.958345605891147,15.1016179693755,18.78826200768882,20.457837614310915,,,,,,14.234416106962094,13.714975419464228,18.191382398361075,15.029783347156858,"rgba(239, 83, 80, 0.5)",1.9746757060701274,15.029783347156858,-0.9266247321178503,49.83984601444252,4.81616569489826,True,False,False,False,False,0.0,0.0,0.0,0.0,0.0,1,0.9384478602082513,1.0068391266435275,False,False,False,False,0.02156329381679475,0.033031797941674775,False,False,False,False,-10019146,-10662424.888714207,False,False,False,False,1247036.1483997265,False,False,False,False
2022-11-28 00:00:00+00:00,12.4,13.6,12.3,13.2,771628,,,,,,,,,,,,,,,,,,,,,,,,,,,,,14.106113317406079,14.309965050974235,14.41190841984634,12.795880020568946,13.706758540570156,13.985514128502947,14.005007296918206,18.16932579220818,19.50320728398818,,,,,,,,,,,,,,,,,,,,,,,14.130115654320337,12.900620140167012,12.738287126412418,12.990246964751607,13.984592390043774,13.951279278783511,15.090523410834487,18.7646161518778,20.42997002087183,,,,,,14.106113317406079,13.706758540570156,18.16932579220818,14.99855172161367,"rgba(239, 83, 80, 1.0)",1.9597986658864275,14.99855172161367,-1.3259278959853409,47.384258633071305,2.348678393460375,False,False,False,True,False,0.0,0.0,0.0,0.0,0.0,1,0.9452869868517789,0.9965804366782361,False,False,False,False,-0.003115260603604119,0.014958268669035327,False,False,False,False,-10790774,-10667458.187196003,False,False,False,False,1228392.6915997372,False,False,False,False
2022-11-29 00:00:00+00:00,12.5,12.8,12.2,12.8,672778,,,,,,,,,,,,,,,,,,,,,,,,,,,,,13.992370341177374,14.203603937724816,14.325385711988762,12.792174820388114,13.697710122671758,13.97623483402756,13.996798881528298,18.14929860133494,19.480264331858113,,,,,,,,,,,,,,,,,,,,,,,14.068122994270123,12.894467865752064,12.735644210118762,12.985597702693022,13.975798748042541,13.943814624255646,15.079835617779109,18.743240599571894,20.404996917800258,,,,,,13.992370341177374,13.697710122671758,18.14929860133494,14.969186714610174,"rgba(239, 83, 80, 1.0)",1.9111573777483453,14.969186714610174,-1.2919850261202865,46.0636263704991,0.9919344371565302,False,False,False,True,False,0.0,0.0,0.0,0.0,0.0,1,0.9435772051908972,1.0017097816608818,False,False,False,False,-0.05870179092044814,-0.021871761125706407,False,False,False,False,-10117996,-10645910.650443219,False,False,False,False,1206603.8801644533,False,False,False,False
2022-11-30 00:00:00+00:00,12.7,12.8,12.2,12.5,1010251,,,,,,,,,,,,,,,,,,,,,,,,,,,,,13.855330869134749,14.070871471353943,14.213476949147616,12.788012599821487,13.685117199399727,13.963136166088137,13.985181397659872,18.11984167084994,19.44642025218571,,,,,,,,,,,,,,,,,,,,,,,13.987013133362753,12.88707913510027,12.732876020742044,12.979715659788626,13.963375789715053,13.933259692588747,15.064361801006612,18.711755248930487,20.36810483772693,,,,,,13.855330869134749,13.685117199399727,18.11984167084994,14.930829438589038,"rgba(239, 83, 80, 1.0)",1.8089995243997956,14.930829438589038,-1.233184093472441,45.84387048466187,0.628516530418274,False,False,False,True,False,0.0,0.0,0.0,0.0,0.0,0,0.948530547120284,1.001715648429324,False,False,False,False,-0.05870179092044814,-0.04028677602307727,False,False,False,False,-9107745,-10585590.428857211,False,False,False,False,1198903.7672168277,False,False,False,False
2022-12-01 00:00:00+00:00,13.2,13.4,12.5,12.9,1348755,,,,,,,,,,,,,,,,,,,,,,,,,,,,,13.761842953381993,13.96952393776756,14.121071854624267,12.793912286471928,13.67557064660714,13.951742045207185,13.974969119805436,18.08426024421605,19.404779324981316,,,,,,,,,,,,,,,,,,,,,,,13.922859196746357,12.891351762800157,12.739306705889655,12.980702238712489,13.952556516858012,13.924144533121485,15.047802569321524,18.67337155954499,20.322303356035043,,,,,,13.761842953381993,13.67557064660714,18.08426024421605,14.899559491782924,"rgba(239, 83, 80, 0.5)",1.7269010936897322,14.899559491782924,-0.9841672450108946,47.296496260747965,0.628516530418274,False,False,False,True,False,0.0,0.0,0.0,0.0,0.0,0,0.9808652390975351,0.9808652390975352,False,False,False,False,-0.003115260603604119,-0.021701018313340696,False,False,False,False,-7758990,-10474743.353215752,False,False,False,False,1204780.286149501,False,False,False,False
2022-12-02 00:00:00+00:00,14.0,14.3,12.8,12.9,2366973,,,,,,,,,,,,,,,,,,,,,,,,,,,,,13.75155328176475,13.930082484459113,14.070202045852966,12.830604370546135,13.676182846246181,13.946442175083332,13.969887547900862,18.031090920853824,19.340505882998322,,,,,,,,,,,,,,,,,,,,,,,13.899327745222696,12.93078778641695,12.774084810787333,13.00320265688779,13.947503658111778,13.920229875646736,15.028790002213777,18.61506617503759,20.250519150922976,,,,,,13.75155328176475,13.676182846246181,18.031090920853824,14.884225745386285,"rgba(239, 83, 80, 0.5)",1.6678755975816704,14.884225745386285,-0.5301508977458298,50.48822755636188,0.628516530418274,True,False,False,False,True,0.0,0.0,0.0,0.0,0.0,0,0.9879698214377782,0.9518792857511127,False,False,False,False,0.07102957017838345,0.024664275932521375,False,False,False,False,-5392017,-10275420.751128862,False,False,False,False,1250356.4710063834,False,False,False,False
2022-12-05 00:00:00+00:00,13.6,14.8,13.5,14.0,2321956,,,,,,,,,,,,,,,,,,,,,,,,,,,,13.966666666666667,13.78173734797444,13.934675022926596,14.059231898370552,12.874010046295178,13.68315258364772,13.94685140739046,13.96983019614492,17.983306276656652,19.28176175936696,,,,,,,,,,,,,,,,,,,,,,,13.905648091863123,12.978082001815325,12.814983997054366,13.031887442882336,13.94787251840625,13.921012063152594,15.014292889271665,18.56221486407238,20.18440220981801,,,,,,13.78173734797444,13.68315258364772,17.983306276656652,14.833769435988222,"rgba(239, 83, 80, 0.5)",1.6277304157340398,14.833769435988222,-0.7579691477546314,51.31535152722529,-3.3945576810846347,True,False,False,False,True,0.0,0.0,0.0,0.0,0.0,0,1.0153880349479372,0.9298989519038419,False,False,False,False,0.1459638153732569,0.08531404565288914,False,False,False,False,-7713973,-10174971.819712045,False,False,False,False,1292379.9819473096,False,False,False,False
2022-12-06 00:00:00+00:00,12.1,13.8,11.9,13.609,2032255,,,,,,,,,,,,,,,,,,,,,,,,,,,,13.328797907741878,13.652481819350381,13.802549524906276,13.935393021357312,12.865143597019006,13.660874255674774,13.923413858429704,13.948809512165587,17.92847648561021,19.218439041196806,,,,,,,,,,,,,,,,,,,,,,,13.806533342970594,12.96355444057365,12.808719114858786,13.020919150521141,13.925541134410958,13.901819905745844,14.985791678744617,18.503468126248617,20.11519501580609,,,,,,13.652481819350381,13.660874255674774,17.92847648561021,14.752416891228012,"rgba(255, 0, 0, 1.0)",1.6176392542084777,14.752416891228012,-1.6396838073306148,47.97187561479583,-3.3945576810846347,False,False,False,False,False,0.0,0.0,0.0,0.0,0.0,0,0.983081243866951,0.9590735289141543,False,False,False,False,-0.01545408211533806,0.03492998176877554,False,False,False,False,-9746228,-10158158.336586082,False,False,False,False,1321394.6885376112,False,False,False,False
2022-12-07 00:00:00+00:00,11.3,12.2,11.1,12.1,1173211,,,,,,,,,,,,,,,,,,,,,,,,,,,,12.947705458349299,13.5266194960097,13.67987661173915,13.82320616455165,12.840721347035954,13.635908631039749,13.899642070853861,13.927599037969497,17.891093877840298,19.17662262731896,,,,,,,,,,,,,,,,,,,,,,,13.711095519834256,12.932517457072922,12.787618219180235,12.999424648517426,13.902877500077938,13.882120253546292,14.962422147033228,18.46404492518574,20.070224532282456,,,,,,13.5266194960097,13.635908631039749,17.891093877840298,14.687438975023085,"rgba(255, 26, 202, 1.0)",1.6277304157340393,14.687438975023085,-2.081081082149275,44.166012424911806,-0.7166353607937452,False,True,False,True,False,0.0,0.0,0.0,0.0,0.0,0,0.9680166986499682,0.9814833518499815,False,False,False,False,-0.16498491183225833,-0.0650274650317414,False,False,False,False,-10919439,-10188012.480249373,False,False,False,False,1315583.5634969205,False,False,False,False
2022-12-08 00:00:00+00:00,11.2,11.6,10.8,11.6,1325312,,,,,,,,,,,,,,,,,,,,,,,,,,,,12.609700945637172,13.380334593847024,13.537151102703765,13.691743185717208,12.8074235391931,13.604041100803466,13.869647323798402,13.900808379036874,17.847200389277813,19.127892594731268,,,,,,,,,,,,,,,,,,,,,,,13.597394493941547,12.891062358799077,12.758490565588742,12.97052520525514,13.874257092612325,13.857154399541349,14.933871044656428,18.4179274814542,20.01802586451089,,,,,,13.380334593847024,13.604041100803466,17.847200389277813,14.615507982163464,"rgba(255, 26, 202, 1.0)",1.6410587661242588,14.615507982163464,-2.081283164666906,41.439771609112356,-3.1670243124216597,False,True,False,True,False,0.0,0.0,0.0,0.0,0.0,0,0.9560855318717697,1.0033780360098639,False,False,False,False,-0.22262993777119305,-0.14382870140146722,False,False,False,False,-12244751,-10268668.892788613,False,False,False,False,1315965.070810767,False,False,False,False
2022-12-09 00:00:00+00:00,11.3,11.4,10.9,11.2,898365,,,,,,,,,,,,,,,,,,,,,,,,,,,,12.44631430975143,13.291208244428184,13.449396046494469,13.60987771861662,12.785610706066244,13.58290963231885,13.849691529113828,13.882945583612097,17.817773148346248,19.095198043742286,,,,,,,,,,,,,,,,,,,,,,,13.526003056817395,12.864072093064369,12.739346659561287,12.951457861447173,13.855198922203776,13.84049389909464,14.914762784808147,18.38699826354695,19.98299087992199,,,,,,13.291208244428184,13.58290963231885,17.817773148346248,14.572223651734527,"rgba(255, 26, 202, 1.0)",1.629715058275701,14.572223651734527,-2.0078501668854067,39.98023557416822,-4.463179774292058,False,True,False,True,False,0.0,0.0,0.0,0.0,0.0,0,0.9575595015787866,1.0050928598105457,False,False,False,False,-0.22911887437713818,-0.1864737878893027,False,False,False,False,-11346386,-10310932.308757687,False,False,False,False,1299588.5974456389,False,False,False,False
2022-12-12 00:00:00+00:00,11.3,11.5,10.8,11.3,1128973,,,,,,,,,,,,,,,,,,,,,,,,,,,,12.287863431737941,13.189030760433873,13.348038040652282,13.51432299357407,12.759023954747795,13.556874785167205,13.825032242473574,13.860829742022949,17.781159423202304,19.054491295209267,,,,,,,,,,,,,,,,,,,,,,,13.442097290755253,12.83135115657053,12.715945323903968,12.92807055076584,13.831630328783772,13.819850628071167,14.89102503508165,18.348503444120983,19.939355306162646,,,,,,13.189030760433873,13.556874785167205,17.781159423202304,14.522341880707211,"rgba(255, 26, 202, 1.0)",1.5803158539347748,14.522341880707211,-2.039049265173168,39.00721155087213,-5.396009304666144,False,True,False,True,False,0.0,0.0,0.0,0.0,0.0,0,0.9559366844049758,1.0016947429075012,False,False,False,False,-0.22911887437713818,-0.20779633113322044,False,False,False,False,-11346386,-10351538.33586523,False,False,False,False,1292897.7897026725,False,False,False,False
2022-12-13 00:00:00+00:00,11.2,11.9,10.8,11.6,1299136,,,,,,,,,,,,,,,,,,,,,,,,,,,,12.161785946411548,13.088473925168845,13.247078657540852,13.417697410349502,12.731405308386806,13.528852735647565,13.798277734358125,13.836767102493296,17.740157934937013,19.008755239889812,,,,,,,,,,,,,,,,,,,,,,,13.356722757734692,12.797468126847324,12.691601424821158,12.903432724040892,13.806033011546846,13.797383393098677,14.864812069213386,18.305326273867756,19.890244749294276,,,,,,13.088473925168845,13.528852735647565,17.740157934937013,14.472225080297282,"rgba(255, 26, 202, 1.0)",1.571480050636643,14.472225080297282,-2.0822568374136394,38.11275105683924,-6.343484669235508,False,True,False,True,False,0.0,0.0,0.0,0.0,0.0,0,0.9629042592655044,0.9915691498330692,False,False,False,False,-0.20327102162689073,-0.2055336763800556,False,False,False,False,-12645522,-10441498.479556788,False,False,False,False,1293142.4254006068,False,False,False,False
2022-12-14 00:00:00+00:00,11.0,11.3,10.8,11.1,848537,,,,,,,,,,,,,,,,,,,,,,,,,,,,12.074956427326407,13.01942022134113,13.178024535783184,13.351622744313604,12.710666892961635,13.508777450388614,13.779274069212022,13.81966648593542,17.71255919760781,18.97814932252654,,,,,,,,,,,,,,,,,,,,,,,13.297775110662528,12.77233630703901,12.673186716583885,12.885129043961477,13.787842098980718,13.781379889100718,14.846631200680742,18.276346652271396,19.857481837068477,,,,,,13.01942022134113,13.508777450388614,17.71255919760781,14.43743295809186,"rgba(255, 26, 202, 1.0)",1.5440533996271943,14.43743295809186,-2.226239687644102,37.00871326407956,-7.546328646969023,False,True,False,True,False,0.0,0.0,0.0,0.0,0.0,0,0.9542419414974749,1.0118632003525065,False,False,False,False,-0.24215444467359032,-0.22384406052682296,False,False,False,False,-13494059,-10561206.735260444,False,False,False,False,1275706.9185221517,False,False,False,False
2022-12-15 00:00:00+00:00,10.4,10.9,10.1,10.8,1068395,,,,,,,,,,,,,,,,,,,,,,,,,,,,11.932903777568711,12.915805856094995,13.075558692798415,13.254355250538941,12.676682776949214,13.478273220133536,13.75085303850305,13.794110463546687,17.67521003726344,18.93722093580844,,,,,,,,,,,,,,,,,,,,,,,13.210134498694535,12.731707941175834,12.642760442881954,12.855687892022233,13.76063189935129,13.757390363506234,14.820618056657691,18.23735605624549,19.81394604169373,,,,,,12.915805856094995,13.478273220133536,17.67521003726344,14.385326696917602,"rgba(255, 26, 202, 1.0)",1.5493096399234576,14.385326696917602,-2.572324210875299,34.862570571840116,-9.73349035689121,False,True,False,True,False,0.0,0.0,0.0,0.0,0.0,0,0.9525471985899738,1.0118632003525065,False,False,False,False,-0.31544941801504633,-0.26964673927093463,False,False,False,False,-14562454,-10718118.39270121,False,False,False,False,1267577.0393644203,False,False,False,False
2022-12-16 00:00:00+00:00,10.4,10.5,10.0,10.3,1136886,,,,,,,,,,,,,,,,,,,,,,,,,,,,11.792616480916761,12.807503548781822,12.968257373031395,13.15203344251063,12.638989283933467,13.444718632166044,13.719632929295384,13.765999656328777,17.63497792475807,18.893250381009214,,,,,,,,,,,,,,,,,,,,,,,13.117329449994324,12.68695095437061,12.608881672639624,12.823005136214565,13.730722303217965,13.730967651337513,14.792227814580816,18.195410455406723,19.76724229158938,,,,,,12.807503548781822,13.444718632166044,17.63497792475807,14.33003775695174,"rgba(255, 26, 202, 1.0)",1.5324149227591355,14.33003775695174,-2.5646042064610337,33.43180877701382,-11.223616849741354,False,True,False,True,False,0.0,0.0,0.0,0.0,0.0,0,0.9481022731204375,1.0380583330450126,False,False,False,False,-0.34282825441539394,-0.30623749684316426,False,False,False,False,-14562454,-10868876.651810966,False,False,False,False,1262451.9005658156,False,False,False,False
2022-12-19 00:00:00+00:00,9.634,10.6,9.59,10.6,1919954,,,,,,,,,,,,,,,,,,,,,,,,,,,,11.55805017882071,12.62019548567545,12.782749077196852,12.974617558034922,12.568621041324251,13.383349845583975,13.66277473753638,13.714732021140852,17.56474804976547,18.816944137892087,,,,,,,,,,,,,,,,,,,,,,,12.955024703304492,12.604181565710636,12.54528897590609,12.76208654518169,13.676208666299454,13.682680576222433,14.741319911525347,18.122398444246382,19.686453304134293,,,,,,12.62019548567545,13.383349845583975,17.56474804976547,14.232759201342198,"rgba(255, 26, 202, 1.0)",1.5543045456215878,14.232759201342198,-2.9587246684034434,30.86697325331515,-13.76440196379405,False,True,False,True,False,0.0,0.0,0.0,0.0,0.0,0,0.9505421008166713,1.031681216558716,False,False,False,False,-0.34282825441539394,-0.3245328756292791,False,False,False,False,-16482408,-11089015.136053674,False,False,False,False,1288236.2966220581,False,False,False,False
2022-12-20 00:00:00+00:00,9.426,9.8,9.3,9.7,810626,,,,,,,,,,,,,,,,,,,,,,,,,,,,11.453983243134413,12.536647249481446,12.70016688685005,12.89559902075086,12.535287772383683,13.354903572863769,13.636547442435774,13.691061681623088,17.5338185609738,18.783564404911974,,,,,,,,,,,,,,,,,,,,,,,12.882234913654685,12.565277096864332,12.515029179814857,12.733304872231598,13.651048367708666,13.660345519864022,14.718236766905608,18.090348454025076,19.6512439983363,,,,,,12.536647249481446,13.354903572863769,17.5338185609738,14.188876263411263,"rgba(255, 26, 202, 1.0)",1.5761669665063072,14.188876263411263,-3.0218094685542973,28.770229790226104,-15.818843597785168,False,True,False,True,False,0.0,0.0,0.0,0.0,0.0,0,0.9642959154527277,1.014281633818909,False,False,False,False,-0.34282825441539394,-0.33368056502233656,False,False,False,False,-17293034,-11332309.993463334,False,False,False,False,1269506.481068252,False,False,False,False
2022-12-21 00:00:00+00:00,9.601,9.711,9.332,9.5,700895,,,,,,,,,,,,,,,,,,,,,,,,,,,,11.373819179104132,12.468835799061038,12.632889542232942,12.830885540727545,12.507413659023157,13.330890629864859,13.61434949353532,13.670999682604842,17.50739681658064,18.755017112699406,,,,,,,,,,,,,,,,,,,,,,,12.822437931567409,12.532841617865957,12.489683520149237,12.7091252199933,13.629741786692685,13.641406805212986,14.698591291704494,18.062954713840174,19.62111391740292,,,,,,12.468835799061038,13.330890629864859,17.50739681658064,14.152652329466477,"rgba(255, 26, 202, 1.0)",1.6097568253485195,14.152652329466477,-2.827540320247453,28.379563555290446,-16.29788155993564,False,True,False,True,False,0.0,0.0,0.0,0.0,0.0,0,0.973481839844032,1.0016066141959707,False,False,False,False,-0.34282825441539394,-0.3382544097188652,False,False,False,False,-16592139,-11538577.797641244,False,False,False,False,1247207.991614595,False,False,False,False
2022-12-22 00:00:00+00:00,9.081,9.56,8.701,9.5,1146991,,,,,,,,,,,,,,,,,,,,,,,,,,,,11.228295589050036,12.348727471267546,12.514131665960887,12.71690742462681,12.456376508478987,13.287806937284216,13.5747166266135,13.635172641255302,17.462196470728767,18.706494954766768,,,,,,,,,,,,,,,,,,,,,,,12.716702978204111,12.473737530097056,12.44314405185073,12.66501305614597,13.591690595367997,13.607541367283032,14.664080222425287,18.01623714256361,19.57008508706667,,,,,,12.348727471267546,13.287806937284216,17.462196470728767,14.088371490580908,"rgba(255, 26, 202, 1.0)",1.6482965373240157,14.088371490580908,-3.037906940404243,27.054010819114744,-17.722189569906263,False,True,False,True,False,0.0,0.0,0.0,0.0,0.0,0,0.9578347989044256,1.0035858440247947,False,False,False,False,-0.34282825441539394,-0.34054133206712955,False,False,False,False,-17739130,-11781736.707537666,False,False,False,False,1243277.913512062,False,False,False,False
2022-12-23 00:00:00+00:00,9.27,9.27,8.861,9.114,631373,,,,,,,,,,,,,,,,,,,,,,,,,,,,11.156588067110686,12.286591728231706,12.452477102003435,12.657426921240406,12.429093809844476,13.264574643165988,13.553291634978564,13.615775383861095,17.43758073368864,18.68004761407318,,,,,,,,,,,,,,,,,,,,,,,12.661337178919506,12.44225229709998,12.418217530114964,12.64132184685584,13.571108111266991,13.589195744699381,14.645331322005072,17.990784880669672,19.542259126017576,,,,,,12.286591728231706,13.264574643165988,17.43758073368864,14.05448714083406,"rgba(255, 26, 202, 1.0)",1.6657126335767047,14.05448714083406,-2.8723364669214053,27.285160199144908,-17.722189569906263,False,True,False,True,False,0.0,0.0,0.0,0.0,0.0,0,0.9601498948907778,1.016250799744082,False,False,False,False,-0.34282825441539394,-0.3416847932412618,False,False,False,False,-17107757,-11990600.248418542,False,False,False,False,1219281.642393942,False,False,False,False
2022-12-27 00:00:00+00:00,8.615,9.3,8.521,9.225,725258,,,,,,,,,,,,,,,,,,,,,,,,,,,,11.067876655337265,12.211130024696681,12.37777223310906,12.585474308995312,12.395296342549281,13.236153102903776,13.527161712790889,13.592114697561367,17.40839521636933,18.64882973331839,,,,,,,,,,,,,,,,,,,,,,,12.594203297725782,12.403364154872836,12.387284716988855,12.612037113755846,13.546001373002806,13.566798875608503,14.62270294580687,17.96067200014592,19.50949584860942,,,,,,12.211130024696681,13.236153102903776,17.40839521636933,14.013303387060432,"rgba(255, 26, 202, 1.0)",1.6834922088612942,14.013303387060432,-3.206610258512463,26.104448066264528,-19.04250376919927,False,True,False,True,False,0.0,0.0,0.0,0.0,0.0,0,0.9498931545206691,1.0195085107950776,False,False,False,False,-0.34282825441539394,-0.34225652382832783,False,False,False,False,-17833015,-12219714.552402128,False,False,False,False,1199908.1662216305,False,False,False,False
2022-12-28 00:00:00+00:00,8.467,8.961,8.213,8.752,1059882,,,,,,,,,,,,,,,,,,,,,,,,,,,,10.935790876674853,12.098413131857233,12.266237656488013,12.477984251363756,12.343456014022397,13.192815651984821,13.487372428721851,13.556059669412052,17.364793462198257,18.60234246403418,,,,,,,,,,,,,,,,,,,,,,8.547,12.493615430594986,12.34392435736161,12.339741806480912,12.56710858747534,13.507756115488249,13.53264026461732,14.588454313709928,17.915754666862433,19.460797078599338,,,,,,12.098413131857233,13.192815651984821,17.364793462198257,13.681102911397378,"rgba(255, 26, 202, 1.0)",1.686061980628797,13.681102911397378,-3.0924740438384353,25.043249786487543,-20.272525959942197,False,True,False,True,False,0.0,0.0,0.0,0.0,0.0,0,0.9401468515908922,1.0333382778313431,True,False,False,False,-0.34282825441539394,-0.34254238912186086,False,False,False,False,-18892897,-12481407.981719691,True,False,False,False,1194416.9440168608,False,False,False,False
2022-12-29 00:00:00+00:00,9.022,9.022,8.35,8.4,558903,,,,,,,,,,,,,,,,,,,,,,,,,,,,10.878311537547255,12.045729356764557,12.213793902036803,12.427048505679844,12.31844817776771,13.171501055766907,13.467698529253383,13.538196026820101,17.34262305405159,18.578608035983986,,,,,,,,,,,,,,,,,,,,,,8.633660460159936,12.44580734027629,12.315335813064145,12.316770157816112,12.545268648924399,13.488831672460956,13.515711541856277,14.571293051574278,17.89287075016671,19.435877398928948,,,,,,12.045729356764557,13.171501055766907,17.34262305405159,13.65716925084501,"rgba(255, 26, 202, 1.0)",1.6967477870833811,13.65716925084501,-2.7317962552422825,27.54707823565349,-20.272525959942197,False,True,False,True,True,0.0,0.0,0.0,0.0,0.0,0,0.9370918670228553,1.0359342534876816,False,False,False,False,-0.3324817498243859,-0.3375120694731234,False,False,False,False,-18333994,-12710921.158907155,False,False,False,False,1169494.8285652192,False,False,False,False
2022-12-30 00:00:00+00:00,9.226,9.23,8.724,8.894,455644,,,,,,,,,,,,,,,,,,,,,,,,,,,,10.839309503224156,12.007373388235342,12.175389020833173,12.389478424938337,12.299818134553355,13.155308615735873,13.45267424006003,13.52453116605419,17.325185033410676,18.559859528671698,,,,,,,,,,,,,,,,,,,,,,8.727305050208997,12.410471955356753,12.294078792791423,12.299640005056798,12.528881949111339,13.474371191045831,13.502761254764428,14.558008978819183,17.874834517278703,19.41614596311881,,,,,,12.007373388235342,13.155308615735873,17.325185033410676,13.640771335663453,"rgba(255, 26, 202, 1.0)",1.691485398498228,13.640771335663453,-2.609996716248968,30.29776570579127,-24.421058835458847,False,True,False,True,True,0.0,0.0,0.0,0.0,0.0,0,0.9524279069767441,1.0228651162790696,False,False,False,False,-0.30245379550078316,-0.3199829324869533,False,False,False,False,-17878350,-12913565.427185304,False,False,False,False,1141500.6784254066,False,False,False,False
2023-01-03 00:00:00+00:00,9.074,9.688,8.9,9.407,520581,,,,,,,,,,,,,,,,,,,,,,,,,,,,10.800591056459258,11.967063786448865,12.13484453197523,12.349589687370047,12.279834750221827,13.137683580431906,13.436256888515842,13.509578731500108,17.30573699739167,18.53888998281788,,,,,,,,,,,,,,,,,,,,,,8.826277571955407,12.3728859079154,12.27131932976332,12.281247510375154,12.511205909328696,13.458562115560662,13.488588917274965,14.543351100315572,17.854691713569046,19.394042434962998,,,,,,11.967063786448865,13.137683580431906,17.30573699739167,13.623112125207694,"rgba(255, 26, 202, 1.0)",1.6831115353296509,13.623112125207694,-2.7027989706675704,31.678923246479883,-23.07482491114891,False,True,False,True,True,0.0,0.0,0.0,0.0,0.0,0,0.9582199187143443,1.0162384876393602,False,False,False,False,-0.2703329185536358,-0.2951579255202945,False,False,False,False,-18398931,-13128677.802589804,False,False,False,False,1117150.8871146063,False,False,False,False
2023-01-04 00:00:00+00:00,9.527,9.699,9.04,9.12,625513,,,,,,,,,,,,,,,,,,,,,,,,,,,,10.762074809094454,11.923584693008786,12.090841165214968,12.305969003920158,12.257721651037908,13.117791497260338,13.417632149867185,13.492586191450869,17.283070820438876,18.51435960082462,,,,,,,,,,,,,,,,,,,,,,8.941983040642778,12.331689705060551,12.246189871352108,12.260871065869734,12.491499531513298,13.440616278517497,13.47248098282304,14.526506997235987,17.831173952733725,19.368133101086315,,,,,,11.923584693008786,13.117791497260338,17.283070820438876,13.60383880544766,"rgba(255, 26, 202, 1.0)",1.686336170625458,13.60383880544766,-2.4175718201760277,35.01655482595518,-19.90753324806983,False,True,False,True,True,0.0,0.0,0.0,0.0,0.0,0,0.9590107454792631,1.0122911894519246,False,False,False,False,-0.26276457943394793,-0.2789612524771212,False,False,False,False,-17773418,-13310824.476998048,False,False,False,False,1097870.969972857,False,False,False,False
2023-01-05 00:00:00+00:00,8.96,9.436,8.947,9.352,557462,,,,,,,,,,,,,,,,,,,,,,,,,,,,10.72204391328586,11.881454933328728,12.048426713198356,12.264143083318451,12.23619359135782,13.098781212523601,13.399911754756575,13.476425277593407,17.26219379317239,18.49187291605814,,,,,,,,,,,,,,,,,,,,,,8.967414253012299,12.292151878380492,12.221765544885903,12.241012907973683,12.47240850458469,13.423542541505373,13.457150351471487,14.510689314528937,17.809562214789004,19.344444935530746,,,,,,11.881454933328728,13.098781212523601,17.26219379317239,13.581079481762796,"rgba(255, 26, 202, 1.0)",1.6908214201843808,13.581079481762796,-2.733038171032205,35.40512886703529,-19.532851761409745,False,True,False,True,True,0.0,0.0,0.0,0.0,0.0,0,0.9591413130878697,1.0155580903940014,False,False,False,False,-0.2806566027942094,-0.27980892763566534,False,False,False,False,-18330880,-13507689.399468713,False,False,False,False,1076678.4613464705,False,False,False,False
2023-01-06 00:00:00+00:00,8.81,9.229,8.732,9.229,550993,,,,,,,,,,,,,,,,,,,,,,,,,,,,10.679873039770593,11.838252712130881,12.005027663027384,12.22142790532124,12.213921184015287,13.079277422985594,13.381766939845827,13.459875622770943,17.241183205267,18.469302890174813,,,,,,,,,,,,,,,,,,,,,,8.961846053348697,12.25172820410399,12.196537683309677,12.220447990567399,12.452690531720366,13.406057999902131,13.441442615134422,14.494596587518346,17.78784022270384,19.3207045898623,,,,,,11.838252712130881,13.079277422985594,17.241183205267,13.556190053174038,"rgba(255, 26, 202, 1.0)",1.7093761733396635,13.556190053174038,-2.7765626590554686,35.21754404061328,-19.532851761409745,False,True,False,True,True,0.0,0.0,0.0,0.0,0.0,0,0.9518062998804796,1.047017773836604,False,False,False,False,-0.3020959345253546,-0.29095243108050994,False,False,False,False,-18881873,-13718441.697528763,False,False,False,False,1056063.3452152365,False,False,False,False
2023-01-09 00:00:00+00:00,8.716,9.22,8.705,9.0,607941,,,,,,,,,,,,,,,,,,,,,,,,,,,,10.634487764413214,11.791339255282631,11.957866805977194,12.17494498633126,12.189372680234978,13.05774597013747,13.361723751006162,13.441581425309833,17.218003446135164,18.44441088000852,,,,,,,,,,,,,,,,,,,,,,8.951808431803993,12.20767135681406,12.168783821153886,12.197757051762403,12.430923273548595,13.386738348313363,13.42407219744801,14.476810545902058,17.76387948625383,19.29452710668135,,,,,,11.791339255282631,13.05774597013747,17.218003446135164,13.528722429225898,"rgba(255, 26, 202, 1.0)",1.7407079554898561,13.528722429225898,-2.764807510672599,34.80338899986196,-19.532851761409745,False,True,False,True,True,0.0,0.0,0.0,0.0,0.0,0,0.9195344030883815,1.059427947513112,False,False,False,False,-0.30393716484255173,-0.29744479796153084,False,False,False,False,-19489814,-13944770.023115871,False,False,False,False,1038489.9199126783,False,False,False,False
2023-01-10 00:00:00+00:00,8.587,8.984,8.501,8.85,803724,,,,,,,,,,,,,,,,,,,,,,,,,,,,10.571767047218101,11.727659645411382,11.89395000827014,12.112016453764014,12.15563940975,13.02833999479763,13.334388211941196,13.416622467458968,17.186862735205466,18.41105157487534,,,,,,,,,,,,,,,,,,,,,,8.915247038935071,12.147942618249928,12.130721695764322,12.166539383772212,12.401034279752416,13.36038430317919,13.400359667850077,14.452677833887414,17.73172742012601,19.259493549633397,,,,,,11.727659645411382,13.02833999479763,17.186862735205466,13.490221266992114,"rgba(255, 26, 202, 1.0)",1.778045890326646,13.490221266992114,-2.7576460729544725,34.117144760342185,-19.532851761409745,False,True,False,True,True,0.0,0.0,0.0,0.0,0.0,0,0.9105817808651719,1.0687559204294284,False,False,False,False,-0.3266076873069402,-0.3120262426342355,False,False,False,False,-20293538,-14193741.316327015,False,False,False,False,1029283.4132494361,False,False,False,False
2023-01-11 00:00:00+00:00,8.86,9.05,8.539,8.637,942344,,,,,,,,,,,,,,,,,,,,,,,,,,,,10.50777666430313,11.659204792702315,11.824940755541675,12.043675303462308,12.118312005196872,12.995347068155885,13.303599126034156,13.38846004558339,17.151175326745644,18.372730089141687,,,,,,,,,,,,,,,,,,,,,,8.901299572481587,12.082899054492064,12.088734401606622,12.131936004546201,12.367759497758211,13.330680636122588,13.373592009211837,14.425249565631873,17.69483898797623,19.219196278178345,,,,,,11.659204792702315,12.995347068155885,17.151175326745644,13.449070359243631,"rgba(255, 26, 202, 1.0)",1.8079579229535565,13.449070359243631,-2.5382617045349884,35.40271152470082,-18.899077755734467,False,True,False,True,True,0.0,0.0,0.0,0.0,0.0,0,0.918438515034972,1.058147181316382,False,False,False,False,-0.3212206503541511,-0.3166234464941933,False,False,False,False,-19351194,-14395994.362745563,False,False,False,False,1025874.0244945562,False,False,False,False
2023-01-12 00:00:00+00:00,9.565,9.585,8.715,9.161,722284,,,,,,,,,,,,,,,,,,,,,,,,,,,,10.474631315731315,11.617232512122898,11.782081568527913,12.000566850245269,12.094271247678414,12.973223515603992,13.282735221984623,13.369310978874356,17.125564519463556,18.345004725705934,,,,,,,,,,,,,,,,,,,,,,8.939049479665679,12.041697608087764,12.061804382963077,12.109600807897907,12.34600487064342,13.310528155992642,13.355389052829567,14.406160485662824,17.668263052963773,19.189911183583177,,,,,,11.617232512122898,12.973223515603992,17.125564519463556,13.424651576811403,"rgba(255, 26, 202, 1.0)",1.8242653090592948,13.424651576811403,-2.115729306282583,40.0001098000501,-14.459727702072726,False,True,False,True,True,0.0,0.0,0.0,0.0,0.0,0,0.9036422691152739,1.0874920842440707,False,False,False,False,-0.28485295788458814,-0.30073820218939074,False,False,False,False,-18628910,-14561991.054402601,False,False,False,False,1013968.533337907,False,False,False,False
2023-01-13 00:00:00+00:00,10.3,10.4,9.451,9.61,1235823,,,,,,,,,,,,,,,,,,,,,,,,,,,,10.455775797235379,11.571166109240865,11.733424429272603,11.949721762661786,12.064988356356412,12.943678838508738,13.25425057467169,13.342999436595452,17.086352517675547,18.301915700174458,,,,,,,,,,,,,,,,,,,,,,9.09798191876322,11.992699697278214,12.029243897935814,12.082293161919186,12.318587746913314,13.282954272338094,13.330382661591049,14.37864045824258,17.62727894446282,19.14402855223505,,,,,,11.571166109240865,12.943678838508738,17.086352517675547,13.399418241703614,"rgba(255, 0, 0, 1.0)",1.8300414185238758,13.399418241703614,-1.6936328382139165,45.9748246293131,-8.968777109694585,False,False,False,False,True,0.0,0.0,0.0,0.0,0.0,0,0.9035197794737818,1.0692847297936683,False,False,False,False,-0.2078672990088868,-0.25430275059913876,False,False,False,False,-17393087,-14673014.424818186,False,False,False,False,1022668.7085011264,False,False,False,False
2023-01-17 00:00:00+00:00,10.2,10.65,9.82201,10.3,1061253,,,,,,,,,,,,,,,,,,,,,,,,,,,,10.447256045993594,11.537992130027634,11.697862887937927,11.911931577370133,12.042614096876635,12.92027468148248,13.231491631146197,13.321909614768405,17.05384739392093,18.266040344788294,,,,,,,,,,,,,,,,,,,,,,9.221147334747288,11.956101308807686,12.004493661308102,12.061369872412309,12.297323928187838,13.260897261028282,13.310329781637797,14.356221053495233,17.593233164365508,19.1057387898839,,,,,,11.537992130027634,12.92027468148248,17.05384739392093,13.379903828009308,"rgba(255, 0, 0, 1.0)",1.8301078560248984,13.379903828009308,-1.7375499578020752,49.47391525651334,-5.959902484291966,True,False,False,False,True,0.0,0.0,0.0,0.0,0.0,0,0.9293105017331416,1.0439063919041423,False,False,False,False,-0.1777581035218516,-0.2160304270604952,False,False,False,False,-18454340,-14821301.702276297,False,False,False,False,1024181.8179716705,False,False,False,False
2023-01-18 00:00:00+00:00,9.847,10.7,9.8,10.2,1049084,,,,,,,,,,,,,,,,,,,,,,,,,,,10.115666666666668,10.435629364913328,11.504191676074415,11.661852874107671,11.873871481160382,12.01973846660939,12.896617632051322,13.208528774004852,13.300620745936829,17.021511330439573,18.23041464176632,,,,,,,,,,,,,,,,,,,,,,9.308431150158214,11.919209789354767,11.979236687173646,12.039951951732201,12.275647653069223,13.238636842595112,13.290072737239255,14.333720436654467,17.559393881248027,19.067752040069067,,,,,,11.504191676074415,12.896617632051322,17.021511330439573,12.910647239147783,"rgba(255, 0, 0, 1.0)",1.8377975241628726,12.910647239147783,-1.6670210939277943,50.136745735402265,-5.541796275980872,True,False,True,False,True,0.0,0.0,0.0,0.0,0.0,0,0.93376333589158,1.0512213283750298,False,False,False,False,-0.17640890470958248,-0.19621966588503884,False,False,False,False,-19503424,-15004914.341402717,False,False,False,False,1025158.3741296442,False,False,False,False
2023-01-19 00:00:00+00:00,9.407,9.9,9.301,9.8,573452,,,,,,,,,,,,,,,,,,,,,,,,,,,9.91079539765733,10.418710919464944,11.478952651100496,11.635730460473118,11.84710410434758,12.003724948255229,12.88119365115474,13.193793478123332,13.287006587702065,17.00248982759599,18.209690495350305,,,,,,,,,,,,,,,,,,,,,,9.319954431421205,11.89337990104325,11.961507915652932,12.024975527072234,12.260848824092621,13.224367569982189,13.277105788030026,14.319845349289894,17.539595357812,19.045787274564656,,,,,,11.478952651100496,12.88119365115474,17.00248982759599,12.884538659281073,"rgba(255, 0, 0, 1.0)",1.8526690048254182,12.884538659281073,-1.877042607299824,48.71840523368591,-5.541796275980872,True,False,False,False,True,0.0,0.0,0.0,0.0,0.0,0,0.9145137253204866,1.077592222858434,False,False,False,False,-0.239786188889741,-0.2180029273873899,False,False,False,False,-20076876,-15203814.79860261,False,False,False,False,1007444.3986735798,False,False,False,False
2023-01-20 00:00:00+00:00,9.683,9.7,9.407,9.59,635055,,,,,,,,,,,,,,,,,,,,,,,,,,,9.822431729809932,10.401940092879862,11.452596558950267,11.608355396159808,11.818927126760007,11.986660511859988,12.864583916452395,13.177880984822087,13.27228636430348,16.981707674794198,18.18701476236758,,,,,,,,,,,,,,,,,,,,,,9.334647441414551,11.866140366867715,11.942656089775989,12.008997129455123,12.245006437385774,13.208951029910292,13.263081172732468,14.304766758909118,17.51794901904342,19.021735195674445,,,,,,11.452596558950267,12.864583916452395,16.981707674794198,12.863329028232704,"rgba(255, 0, 0, 1.0)",1.8622455671666385,12.863329028232704,-1.7077925083057104,49.0286761221499,-5.541796275980872,True,False,False,False,True,0.0,0.0,0.0,0.0,0.0,0,0.9090948958932712,1.067611359854411,False,False,False,False,-0.24444061562364358,-0.23122177150551676,False,False,False,False,-19441821,-15370011.120226039,False,False,False,False,992840.8928432433,False,False,False,False
2023-01-23 00:00:00+00:00,10.2,10.2,9.67,9.702,627156,,,,,,,,,,,,,,,,,,,,,,,,,,,9.866108574281673,10.394462723070355,11.433102261651074,11.587615636994201,11.796995911011221,11.973010523043532,12.850465039783062,13.164159829732853,13.259538181697517,16.96247731822814,18.165844400335175,,,,,,,,,,,,,,,,,,,,,,9.368961437101898,11.844805997824226,11.927664141915697,11.996177181753406,12.232035893988495,13.195637460678013,13.250935110374243,14.291310859449048,17.497832624994437,18.99917200532339,,,,,,11.433102261651074,12.850465039783062,16.96247731822814,12.852957055395416,"rgba(239, 83, 80, 1.0)",1.8614851944101976,12.852957055395416,-1.4251830008435782,51.34101127998736,-4.424363210749988,True,False,True,False,True,0.0,0.0,0.0,0.0,0.0,0,0.9160398857410418,1.0595442809258107,False,False,False,False,-0.20694083673249128,-0.219081304119004,False,False,False,False,-18814665,-15505095.586099528,False,False,False,False,978500.308810175,False,False,False,False
2023-01-24 00:00:00+00:00,10.1,10.3,9.91401,10.1,345916,,,,,,,,,,,,,,,,,,,,,,,,,,,9.891652004264554,10.391339969129126,11.423183101919788,11.576989740017627,11.785671444102062,11.965873312595091,12.842959791171122,13.156837369951758,13.252725121288675,16.952039772332355,18.15433070111944,,,,,,,,,,,,,,,,,,,,,,9.388639250947511,11.833764860010481,11.919843843168051,11.98946536932656,12.225207492662271,13.188528757292463,13.244442526759242,14.284065963942943,17.48690354472316,18.986887671676403,,,,,,11.423183101919788,12.842959791171122,16.952039772332355,12.847723196836213,"rgba(239, 83, 80, 1.0)",1.8644388748890537,12.847723196836213,-1.4737534353330415,52.39758051185865,-3.296644827401316,True,False,True,False,True,0.0,0.0,0.0,0.0,0.0,0,0.937507386249459,1.0544455679974103,False,False,False,False,-0.1902253182226595,-0.20465331117083174,False,False,False,False,-19160581,-15648447.955272097,False,False,False,False,953693.0810136977,False,False,False,False
2023-01-25 00:00:00+00:00,9.812,9.9,9.52,9.9,902227,,,,,,,,,,,,,,,,,,,,,,,,,,,9.859418960353006,10.373643358895276,11.391105488195745,11.543361513304614,11.75064869131405,11.943953784704314,12.821023011157138,13.135665163454894,13.233072693515215,16.92353911643141,18.123115946016146,,,,,,,,,,,,,,,,,,,,,,9.411813126648765,11.799744034507498,11.895768154639107,11.968874132559481,12.204607627348516,13.16799002565237,13.225702978158546,14.263666536357938,17.45716421995206,18.953711888831403,,,,,,11.391105488195745,12.821023011157138,16.92353911643141,12.824693928158306,"rgba(255, 0, 0, 1.0)",1.8601982820785554,12.824693928158306,-1.6195552684802885,51.719335593878725,-3.296644827401316,True,False,True,False,True,0.0,0.0,0.0,0.0,0.0,0,0.9162092517285446,1.067051676081489,False,False,False,False,-0.2289814220674734,-0.21681736661915257,False,False,False,False,-20062808,-15821560.113888878,False,False,False,False,951674.803326886,False,False,False,False
2023-01-26 00:00:00+00:00,9.7,10.1,9.639,9.9,402094,,,,,,,,,,,,,,,,,,,,,,,,,,,9.855303226880919,10.366895019814129,11.377783470049017,11.529328333890273,11.735947799145588,11.934625700794655,12.811563211904339,13.12650401750644,13.224556780055325,16.911031131387233,18.109392981275043,,,,,,,,,,,,,,,,,,,,,,9.423143539255825,11.785433313101224,11.885547768256524,11.960099277138458,12.19579107006124,13.159098132159336,13.217580070810675,14.25477198899043,17.444101720953228,18.93911329137766,,,,,,11.377783470049017,12.811563211904339,16.911031131387233,12.815424927671495,"rgba(255, 0, 0, 1.0)",1.8698699646456822,12.815424927671495,-1.6661184930374724,50.737948524360185,-3.296644827401316,True,False,False,False,True,0.0,0.0,0.0,0.0,0.0,0,0.9077620716575587,1.137615209953798,False,False,False,False,-0.21333576139889626,-0.21507656400902442,False,False,False,False,-20464902,-16003651.952559903,False,False,False,False,930122.6149611259,False,False,False,False
2023-01-27 00:00:00+00:00,10.2,10.4,9.64,9.844,796473,,,,,,,,,,,,,,,,,,,,,,,,,,,9.888870957611275,10.360213988738996,11.35643937971274,11.50641394538084,11.711430051205197,11.918682750931897,12.794652632171603,13.109956112191009,13.209123364390782,16.88731171893941,18.083214239315378,,,,,,,,,,,,,,,,,,,,,,9.457943010890437,11.761442493033671,11.868166644936045,11.945062546015924,12.18045318160575,13.143017763560156,13.202856656825768,14.238310875260174,17.41925941160443,18.91117543434338,,,,,,11.35643937971274,12.794652632171603,16.88731171893941,12.802141086216073,"rgba(239, 83, 80, 1.0)",1.8720105273245058,12.802141086216073,-1.3900248146227454,52.37268235736161,-2.857568322167964,True,False,True,False,True,0.0,0.0,0.0,0.0,0.0,0,0.8569449565202635,1.1328740334622478,False,False,False,False,-0.19866680887650756,-0.206871686442766,False,False,False,False,-19668429,-16147368.699518338,False,False,False,False,924881.4535901013,False,False,False,False
2023-01-30 00:00:00+00:00,9.721,10.2,9.714,10.2,1119215,,,,,,,,,,,,,,,,,,,,,,,,,,,9.887042641560447,10.344944718630462,11.323050585525436,11.471029141678365,11.674069023679223,11.894330185428625,12.769501183118155,13.08547663705396,13.18630905172854,16.853278664035386,18.045794942318416,,,,,,,,,,,,,,,,,,,,,,9.487071135777365,11.724939613619533,11.841608816234015,11.922093390787913,12.157238564520922,13.119233995942116,13.181077996112556,14.214286423070662,17.38368108885396,18.87132349895041,,,,,,11.323050585525436,12.769501183118155,16.853278664035386,12.778302889983802,"rgba(255, 0, 0, 1.0)",1.8782292314212143,12.778302889983802,-1.627758123895457,51.166682493686096,-2.857568322167964,True,False,False,False,True,0.0,0.0,0.0,0.0,0.0,0,0.847952126025276,1.1462185641904223,False,False,False,False,-0.19130525999294673,-0.19908847321785636,False,False,False,False,-20787644,-16329340.279929383,False,False,False,False,932502.3769787248,False,False,False,False
2023-01-31 00:00:00+00:00,10.4,10.5,9.8,9.881,768697,,,,,,,,,,,,,,,,,,,,,,,,,,,9.923914647395547,10.342567447370156,11.306402491563238,11.452825364249545,11.654179600558003,11.88082486086435,12.754566957987295,13.070714785600819,13.17248219763043,16.831274932129343,18.02140028717743,,,,,,,,,,,,,,,,,,,,,,9.520971333161286,11.705341979159211,11.827000000156339,11.909300502262267,12.144005469540472,13.104866043666583,13.167874659999914,14.19927722560943,17.360585736619797,18.845228013940364,,,,,,11.306402491563238,12.754566957987295,16.831274932129343,12.76751882613507,"rgba(239, 83, 80, 1.0)",1.8799008793112992,12.76751882613507,-1.259384924061746,53.12625588321533,-1.8901737895392472,True,False,True,False,True,0.0,0.0,0.0,0.0,0.0,0,0.8669750217437847,1.1251769268677363,False,False,False,False,-0.1489300193453232,-0.17400924628158979,False,False,False,False,-20018947,-16474030.739539996,False,False,False,False,926078.6367050494,False,False,False,False
2023-02-01 00:00:00+00:00,10.9,11.0,10.0,10.3,769044,,,,,,,,,,,,,,,,,,,,,,,,,,,9.992210338155195,10.34863414667856,11.29626994293495,11.440941860848545,11.64027248379394,11.870758990452831,12.742143622450682,13.058158939040414,13.160643116821525,16.81073288901097,17.99839227937854,,,,,,,,,,,,,,,,,,,,,,9.56932738581591,11.691433734217197,11.816250091686088,11.899703023132949,12.133681049202995,13.092616552542756,13.156567659700718,14.18587719280236,17.338917177899635,18.82048335806272,,,,,,11.29626994293495,12.742143622450682,16.81073288901097,12.762176623828339,"rgba(239, 83, 80, 0.5)",1.8803630090397772,12.762176623828339,-0.9903282583607481,56.09160712753408,1.0192994099769308,True,False,True,False,True,0.0,0.0,0.0,0.0,0.0,0,0.8859665518073175,1.0849064591210946,False,False,False,False,-0.10340673563365764,-0.1387079909576237,False,False,False,False,-19249903,-16582888.47524431,False,False,False,False,919920.4156577926,False,False,False,False
2023-02-02 00:00:00+00:00,11.3,12.05,11.0,11.3,1389336,,,,,,,,,,,,,,,,,,,,,,,,,,11.450000000000001,10.208185371996345,10.388640381457497,11.300340185664792,11.441173101401201,11.63570213080522,11.86471368570723,12.72861524562584,13.043330871023882,13.146354097133074,16.778826048511768,17.96175675068808,,,,,,,,,,,,,,,,,,,,,,9.706270416244061,11.685904482808715,11.810386731229022,11.893674125918487,12.125342781732721,13.078039400061455,13.142923666198412,14.167429344534758,17.304847814815265,18.78057789437422,,,,,11.450000000000001,11.300340185664792,12.72861524562584,16.778826048511768,12.445034994143487,"rgba(239, 83, 80, 0.5)",1.8772807727719312,12.445034994143487,-0.6099433876653226,59.23982309108602,4.007257282052123,True,False,True,False,True,0.0,-1.0,12.05,11.0,0.0,0,0.9229334774698481,1.0518324744486485,False,False,False,False,0.0185694476307628,-0.06006927166343046,False,False,False,False,-17860567,-16632993.515430808,False,False,False,False,938328.8699457224,False,False,False,False
2023-02-03 00:00:00+00:00,10.6,11.4,10.5,11.0,881206,,,,,,,,,,,,,,,,,,,,,,,,,,11.210669317428762,10.261883251986843,10.398654995711366,11.292627203510623,11.431487901458363,11.623661441754942,11.855399732291273,12.71611252721133,13.030481404925535,13.13416426055843,16.75646556358421,17.93655138061572,,,,,,,,,,,,,,,,,,,,,,9.756025417441707,11.673697562758006,11.800565414859006,11.88473386035505,12.115425068717341,13.065475383875045,13.131270970978944,14.153230796150057,17.281187857595963,18.753380062053587,,,,,11.210669317428762,11.292627203510623,12.71611252721133,16.75646556358421,12.42866099665764,"rgba(239, 83, 80, 0.5)",1.8790033396110901,12.42866099665764,-0.9732079545085488,58.0359242528863,4.007257282052123,True,False,True,False,True,0.0,0.0,0.0,0.0,0.0,0,0.9229334774698481,1.0451495870777552,False,False,False,False,-0.049692133712391194,-0.05488070268791083,False,False,False,False,-18741773,-16715690.750119798,False,False,False,False,936088.7573988313,False,False,False,False
2023-02-06 00:00:00+00:00,10.5,11.0,10.118,10.6,960005,,,,,,,,,,,,,,,,,,,,,,,,,,11.01117186346461,10.285624620646955,10.402023761680569,11.27931300848338,11.416265556534135,11.60621963391526,11.84257827748755,12.70058039433083,13.014801382918767,13.119351460576471,16.731096539833906,17.908166025258655,,,,,,,,,,,,,,,,,,,,,,9.791968655395031,11.656275396108096,11.786903473319589,11.872488216988952,12.102354133731026,13.050165120050586,13.117102223443275,14.136541903822865,17.254441963552818,18.722869180723144,,,,,11.01117186346461,11.27931300848338,12.70058039433083,16.731096539833906,12.408863379314234,"rgba(239, 83, 80, 1.0)",1.8813720603721393,12.408863379314234,-1.0146123775946032,56.80301581431922,4.007257282052123,True,False,True,False,False,0.0,0.0,0.0,0.0,0.0,1,0.913599679059874,1.044748495460846,False,False,False,False,-0.09633683568322104,-0.07560876918556594,False,False,False,False,-19701778,-16832792.210899413,False,False,False,False,937026.6492655438,False,False,False,False
2023-02-07 00:00:00+00:00,10.0,10.7,9.811,10.6,1290051,,,,,,,,,,,,,,,,,,,,,,,,,,10.771220293642568,10.273734660642106,10.394800556808091,11.253584591390004,11.388338575059734,11.575839004400128,11.820968810019943,12.676549571371172,12.990943953533675,13.096901267130276,16.695317678948854,17.868470191560625,,,,,,,,,,,,,,,,,,,,,,9.813944336987259,11.626227583912783,11.76370981785201,11.851920654630634,12.081060138918758,13.026900140430582,13.095613640056731,14.112080922166689,17.216876629760947,18.68039123717236,,,,,10.771220293642568,11.253584591390004,12.676549571371172,16.695317678948854,12.376326641383148,"rgba(239, 83, 80, 1.0)",1.8862001462493503,12.376326641383148,-1.2598486147445163,53.930964997704734,9.324562761912617,True,False,True,False,False,0.0,0.0,0.0,0.0,0.0,1,0.9030576604137812,1.0630709451771188,False,False,False,False,-0.13282307393279533,-0.10421592155918064,False,False,False,False,-20991829,-16995891.692824926,False,False,False,False,950870.7414512087,False,False,False,False
2023-02-08 00:00:00+00:00,9.806,10.2,9.75,10.1,1013615,,,,,,,,,,,,,,,,,,,,,,,,,,10.615071416718752,10.247119841544585,10.383416239582104,11.229686409518271,11.36290343546428,11.548740204203263,11.801848166658704,12.656121898735078,12.970830043046538,13.078003749482901,16.666404456780267,17.83655473222162,,,,,,,,,,,,,,,,,,,,,,9.818514767454412,11.599521673917687,11.74314244130016,11.833738930539296,12.062494860214736,13.007295116713319,13.077514557023045,14.09185851581763,17.1865950291592,18.64633216426748,,,,,10.615071416718752,11.229686409518271,12.656121898735078,16.666404456780267,12.349041087693712,"rgba(239, 83, 80, 1.0)",1.8936043107695768,12.349041087693712,-1.3429632966246254,51.27607283988875,6.805808192190028,True,False,False,False,False,0.0,0.0,0.0,0.0,0.0,1,0.9013169616775731,1.0684414023693574,False,False,False,False,-0.16685773609907306,-0.13553682882912685,False,False,False,False,-22005444,-17192344.724478852,False,False,False,False,953331.3006099849,False,False,False,False
2023-02-09 00:00:00+00:00,9.2,10.0,9.0,10.0,1312170,,,,,,,,,,,,,,,,,,,,,,,,,,10.382192207233123,10.172190247468633,10.353890980838857,11.18824314650547,11.319889707097362,11.50419655751876,11.770997035625651,12.625196428475295,12.940820657123167,13.049909465004472,16.62649039932339,17.792935735006136,,,,,,,,,,,,,,,,,,,,,,9.796133900928481,11.555872963567099,11.709810107338008,11.804464957011154,12.033228256045712,12.978079116869049,13.050591343130845,14.062749719601028,17.144994327755413,18.600035489036795,,,,,10.382192207233123,11.18824314650547,12.625196428475295,16.62649039932339,12.303497076223048,"rgba(255, 0, 0, 1.0)",1.9087047226319624,12.303497076223048,-1.6259702401446126,47.411640988492,3.204348560355065,True,False,False,True,False,0.0,0.0,0.0,0.0,0.0,1,0.8965310682855833,1.0796472392065868,False,False,False,False,-0.22542303298225536,-0.1804799309056911,False,False,False,False,-23317614,-17432551.362734582,False,False,False,False,967403.4064684169,False,False,False,False
2023-02-10 00:00:00+00:00,9.1,9.449,9.05,9.342,826056,,,,,,,,,,,,,,,,,,,,,,,,,,10.254875154867094,10.12089297838883,10.3324801204097,11.16028618380539,11.291038840403488,11.474509129697221,11.750371504916203,12.604836613138009,12.92113176566871,13.031483512973312,16.600896903477686,17.765056742164425,,,,,,,,,,,,,,,,,,,,,,9.776707513205649,11.526800362366174,11.687530220656681,11.784888911926883,12.013754906804094,12.958911897086356,13.03292446089653,14.043829878214416,17.1183609635608,18.570497712131964,,,,,10.254875154867094,11.16028618380539,12.604836613138009,16.600896903477686,12.274325591123162,"rgba(255, 0, 0, 1.0)",1.9225483902342095,12.274325591123162,-1.6511030917336018,44.5150809880368,0.5708796131928295,False,False,False,True,False,0.0,0.0,0.0,0.0,0.0,0,0.8999924451428967,1.0734053491603126,False,False,False,False,-0.2569070509513546,-0.21869349092852283,False,False,False,False,-24143670,-17695732.4857646,False,False,False,False,961860.3709206359,False,False,False,False
2023-02-13 00:00:00+00:00,9.146,9.332,9.001,9.2,559443,,,,,,,,,,,,,,,,,,,,,,,,,,10.180444214012462,10.087739985085763,10.317928975025444,11.141417436072535,11.271576323419557,11.454488142623285,11.736373741244797,12.59102455300566,12.90777276688146,13.018975230615487,16.583570628867967,17.746190630076956,,,,,,,,,,,,,,,,,,,,,,9.763391000856702,11.507183674571188,11.672425537943274,11.771594827262872,12.000532664886066,12.945904093893116,13.020927523663048,14.030994769820222,17.10033420743839,18.55051363808412,,,,,10.180444214012462,11.141417436072535,12.59102455300566,16.583570628867967,12.255230014859464,"rgba(255, 0, 0, 1.0)",1.9329545399032775,12.255230014859464,-1.6085375784445737,42.8312612137953,-0.9581363546627557,False,False,False,True,False,0.0,0.0,0.0,0.0,0.0,0,0.897944248445274,1.0770954056319315,False,False,False,False,-0.2674468500603062,-0.24307017049441454,False,False,False,False,-23584227,-17926653.839264028,False,False,False,False,946079.2975511992,False,False,False,False
2023-02-14 00:00:00+00:00,9.279,9.35,8.95,9.195,513210,,,,,,,,,,,,,,,,,,,,,,,,,,10.122495567494697,10.060298662556749,10.305269447006825,11.12470427938295,11.254309116119003,11.436686280088342,11.723829543767598,12.57857312176953,12.895709199759308,13.007670008172592,16.567818073000108,17.729023144194695,,,,,,,,,,,,,,,,,,,,,,9.752317767221195,11.489723408582368,11.658908726916628,11.759671378268017,11.988651473360003,12.934153726369843,13.010081646071079,14.019359717886102,17.083937990469185,18.532320375265073,,,,,10.122495567494697,11.12470427938295,12.57857312176953,16.567818073000108,12.238708456713105,"rgba(255, 0, 0, 1.0)",1.9386545457938824,12.238708456713105,-1.5266817201313707,42.45667458304396,-1.3665215237374326,False,False,False,True,False,0.0,0.0,0.0,0.0,0.0,0,0.8869472547443813,1.0940697489303293,False,False,False,False,-0.26954897543600015,-0.25630957296520734,False,False,False,False,-23071017,-18128393.571057595,False,False,False,False,929104.030980564,False,False,False,False
2023-02-15 00:00:00+00:00,9.749,9.749,9.15,9.35,681577,,,,,,,,,,,,,,,,,,,,,,,,,,10.0810541849583,10.040300926330408,10.294137924398017,11.106959947446988,11.235704144156589,11.41715964396493,11.70967891477386,12.563902859333366,12.881338794593587,12.994151676443623,16.548006971851315,17.70727715967831,,,,,,,,,,,,,,,,,,,,,,9.747215900023683,11.470473358372091,11.643745031810825,11.74618055469446,11.975018536152065,12.920137300086742,12.997108070324211,14.005128307336355,17.06324613058697,18.509185307503436,,,,,10.0810541849583,11.106959947446988,12.563902859333366,16.548006971851315,12.222032458881918,"rgba(239, 83, 80, 1.0)",1.94159751231278,12.222032458881918,-1.2737101501207146,44.65406721306662,-1.3665215237374326,False,False,False,True,False,0.0,0.0,0.0,0.0,0.0,0,0.881286076386727,1.110497299546961,False,False,False,False,-0.2317329487216976,-0.2440212608434525,False,False,False,False,-22389440,-18295493.43101612,False,False,False,False,919397.0885891693,False,False,False,False
2023-02-16 00:00:00+00:00,9.35,9.661,9.301,9.639,442862,,,,,,,,,,,,,,,,,,,,,,,,,,10.052169377383114,10.0253478368723,10.286017678870143,11.094829332968837,11.22304293655731,11.403939227491367,11.700111106062664,12.554095290719085,12.871755794339988,12.985140751814749,16.53498928890672,17.693016200661003,,,,,,,,,,,,,,,,,,,,,,9.742236445588691,11.457451496453467,11.633487889443634,11.737060246339352,11.965836521426676,12.910791484019914,12.988458209673135,13.99569855103209,17.04966267962357,18.494029701690444,,,,,10.052169377383114,11.094829332968837,12.554095290719085,16.53498928890672,12.210606107279341,"rgba(239, 83, 80, 1.0)",1.942378865354525,12.210606107279341,-1.4727333365816975,44.398515128734516,-1.3665215237374326,False,False,False,True,False,0.0,0.0,0.0,0.0,0.0,0,0.8600780692877859,1.1275679514828052,False,False,False,False,-0.19398768558304263,-0.21900447321324756,False,False,False,False,-22832302,-18473407.4925449,False,False,False,False,900709.4380562607,False,False,False,False
2023-02-17 00:00:00+00:00,9.36,9.37,9.005,9.161,361416,,,,,,,,,,,,,,,,,,,,,,,,,,10.023655503965893,10.009868138693491,10.278027833813866,11.083925815855952,11.211742833116201,11.392237845523,11.691703769127006,12.54564578814374,12.863538859047026,12.977423945553094,16.524114009509795,17.68114405770489,,,,,,,,,,,,,,,,,,,,,,9.735800262900474,11.44594734985314,11.62446060123382,11.729052431141724,11.957825993595137,12.90278125584896,12.981049574949324,13.987708321759987,17.038333967788127,18.481436946120397,,,,,10.023655503965893,11.083925815855952,12.54564578814374,16.524114009509795,12.200242205070989,"rgba(239, 83, 80, 1.0)",1.9154400324304575,12.200242205070989,-1.4828144744719949,44.2822527570518,-1.3665215237374326,False,False,False,True,False,0.0,0.0,0.0,0.0,0.0,0,0.8928168877769087,1.1121431392504597,False,False,False,False,-0.20336518836175166,-0.2111848307874996,False,False,False,False,-22470886,-18630171.355582353,False,False,False,False,879560.6757795446,False,False,False,False
2023-02-21 00:00:00+00:00,8.916,9.29999,8.82,9.259,505723,,,,,,,,,,,,,,,,,,,,,,,,,,9.976003937681796,9.982917841359813,10.264575714034036,11.066976667622919,11.194298002630351,11.374321817088372,11.678924562085792,12.533065178843966,12.851367000719021,12.966008497928282,16.508465405606515,17.664130195025788,,,,,,,,,,,,,,,,,,,,,,9.722923821868058,11.42836611740355,11.610717044262554,11.716890262504354,11.945739895466954,12.890921007900362,12.9700884183762,13.97602567061853,17.02206470298243,18.463430515620438,,,,,9.976003937681796,11.066976667622919,12.533065178843966,16.508465405606515,12.184033078349191,"rgba(255, 0, 0, 1.0)",1.9083157937427446,12.184033078349191,-1.7125221564821083,42.3870980477962,-2.060272004226455,False,False,False,True,False,0.0,0.0,0.0,0.0,0.0,0,0.9079488889935121,1.0654540296264323,False,False,False,False,-0.22759519616849927,-0.21939001347799944,False,False,False,False,-22976609,-18800619.890657555,False,False,False,False,864900.3747685822,False,False,False,False
2023-02-22 00:00:00+00:00,8.71,9.1,8.621,9.001,631350,,,,,,,,,,,,,,,,,,,,,,,,,,9.911265651150334,9.94467157826255,10.245537876853088,11.044163759114257,11.170927236762958,11.350452916228294,11.661947411205034,12.516592224921482,12.83548657548684,12.951127089544702,16.488497702123293,17.642490516477594,,,,,,,,,,,,,,,,,,,,,,9.70309628592414,11.404968516773637,11.592445261593918,11.70073817627348,11.929762311225632,12.87545111901547,12.955796188245142,13.960928308133253,17.001337288301368,18.440569383618264,,,,,9.911265651150334,11.044163759114257,12.516592224921482,16.488497702123293,12.16225967385694,"rgba(255, 0, 0, 1.0)",1.9170797116709186,12.16225967385694,-1.8007908867012967,40.35914237111244,-4.203300463980952,False,False,False,True,False,0.0,0.0,0.0,0.0,0.0,0,0.9101549354132177,1.053752541759574,False,False,False,False,-0.2753115083800848,-0.24735076092904212,False,False,False,False,-23607959,-18989142.992984712,False,False,False,False,855741.5365423633,False,False,False,False
2023-02-23 00:00:00+00:00,8.7,8.9,8.55,8.895,461799,,,,,,,,,,,,,,,,,,,,,,,,,,9.864632256638078,9.916056945021296,10.23103695226502,11.027079735192792,11.153453992012272,11.332640104255278,11.649252499700495,12.50433296530317,12.823681229904873,12.940064742898834,16.473780483946197,17.626561951372388,,,,,,,,,,,,,,,,,,,,,,9.687665280599228,11.387509196582196,11.57878579038923,11.688657809920553,11.917830456634631,12.863950768662733,12.945169408993843,13.949741343076626,16.986069807928587,18.423754154082456,,,,,9.864632256638078,11.027079735192792,12.50433296530317,16.473780483946197,12.146069588496298,"rgba(255, 0, 0, 1.0)",1.9034792963704812,12.146069588496298,-1.8104056057069806,38.96889543112164,-5.708648401796822,False,False,False,True,False,0.0,0.0,0.0,0.0,0.0,0,0.9044327705156924,1.0540026390413095,False,False,False,False,-0.30842031840835576,-0.27788553966869894,False,False,False,False,-24069758,-19188382.79718139,False,False,False,False,840292.8096191335,False,False,False,False
2023-02-24 00:00:00+00:00,8.57,8.6,8.4,8.512,349807,,,,,,,,,,,,,,,,,,,,,,,,,,9.826109254990534,9.89190068131942,10.21885536901526,11.013235821893204,11.139345901928904,11.318321278489618,11.639079697869448,12.49462793787509,12.814364937253574,12.931341718145962,16.462392497955324,17.614273062148047,,,,,,,,,,,,,,,,,,,,,,9.674029987587707,11.373487737959712,11.567831866549696,11.678980940385255,11.908308738438993,12.854877517854929,12.936788729682066,13.940987178818405,16.974272779625124,18.410802571238623,,,,,9.826109254990534,11.013235821893204,12.49462793787509,16.462392497955324,12.132957028681911,"rgba(255, 0, 0, 1.0)",1.902637371346993,12.132957028681911,-1.8726411466203232,37.5200531708234,-7.264531060200994,False,True,False,True,False,0.0,0.0,0.0,0.0,0.0,0,0.8985209325173104,1.0641034982904602,False,False,False,False,-0.34282825441539394,-0.31035689704204644,False,False,False,False,-24419565,-19393527.197291926,False,False,False,False,821058.0719870107,False,False,False,False
2023-02-27 00:00:00+00:00,8.4,8.699,8.4,8.6,361648,,,,,,,,,,,,,,,,,,,,,,,,,,9.787859129111604,9.867375288071528,10.206269555657887,10.998948810510266,11.124787976155154,11.303546356883759,11.628552564171128,12.484584519034243,12.80472274213144,12.922311344178995,16.450618280525102,17.601570042429255,,,,,,,,,,,,,,,,,,,,,,9.659981771503919,11.359016079135042,11.556502025771346,11.66896395130929,11.898452272598853,12.845485895207085,12.928111414222526,13.931926924537335,16.962076890985617,18.397416188935622,,,,,9.787859129111604,10.998948810510266,12.484584519034243,16.450618280525102,12.119504689585105,"rgba(255, 0, 0, 1.0)",1.8951835664731738,12.119504689585105,-1.9626091927901663,35.87785880761774,-8.989082163184626,False,True,False,True,False,0.0,0.0,0.0,0.0,0.0,0,0.8959020529042159,1.0754556192123328,False,False,False,False,-0.3307560973906408,-0.3205564972163436,False,False,False,False,-24781213,-19604808.993476555,False,False,False,False,803041.9907326181,False,False,False,False
2023-02-28 00:00:00+00:00,8.35,8.571,8.33,8.571,460817,,,,,,,,,,,,,,,,,,,,,,,,,,9.739273467674545,9.835534338034156,10.189733059021668,10.980383315629577,11.105892224842828,11.284394398904244,11.614888890636294,12.47159601854135,12.792264057902868,12.910643814960897,16.43551030039592,17.585288342690838,,,,,,,,,,,,,,,,,,,,,,9.641319864501565,11.34025886697022,11.54179890362799,11.65596070336005,11.885671842759088,12.83335096026815,12.916898225638324,13.920250824415149,16.94643617332343,18.380269349211364,,,,,9.739273467674545,10.980383315629577,12.47159601854135,16.43551030039592,12.102103012570415,"rgba(255, 0, 0, 1.0)",1.8953369647873797,12.102103012570415,-1.9796495727562247,34.58091434234732,-10.377725076450481,False,True,False,True,False,0.0,0.0,0.0,0.0,0.0,0,0.8927518065900817,1.0607554246437016,False,False,False,False,-0.34282825441539394,-0.33169237581586875,False,False,False,False,-25242030,-19825876.483928453,False,False,False,False,789621.4028607507,False,False,False,False
2023-03-01 00:00:00+00:00,8.17,8.437,8.149,8.361,519105,,,,,,,,,,,,,,,,,,,,,,,,,,9.682174147951853,9.797317902182384,10.169767093513684,10.958460951465653,11.083632839429628,11.261897992928251,11.598848489880773,12.456472228576416,12.77778787984154,12.897092694899301,16.418210443926792,17.56668735894249,,,,,,,,,,,,,,,,,,,,,,9.618213241889956,11.318236921779345,11.524534176922629,11.640696801899498,11.870707240309233,12.81925275101752,12.903872554757308,13.906764323776782,16.92854601041318,18.36070534742044,,,,,9.682174147951853,10.958460951465653,12.456472228576416,16.418210443926792,12.081624334368085,"rgba(255, 26, 202, 1.0)",1.9089459987924364,12.081624334368085,-2.049101617773633,32.984584650454785,-12.044744565715533,False,True,False,True,False,0.0,0.0,0.0,0.0,0.0,0,0.9110951775749511,1.0564852696557627,False,False,False,False,-0.34282825441539394,-0.33726031511563137,False,False,False,False,-25761135,-20058631.719852827,False,False,False,False,779012.9164740546,False,False,False,False
2023-03-02 00:00:00+00:00,8.255,8.275,8.058,8.18,311317,,,,,,,,,,,,,,,,,,,,,,,,,,9.648726048013835,9.774472057539782,10.157645366776244,10.945213325198177,11.070188530675734,11.248317834579208,11.589142219528393,12.447333987458888,12.769043565363159,12.888906064719636,16.407799530622302,17.555500670710686,,,,,,,,,,,,,,,,,,,,,,9.604167772695643,11.304941498904471,11.514091152499006,11.631458050300477,11.861653697930043,12.810736177654022,12.896002031657348,13.898627164431012,16.917783197691822,18.34894386506831,,,,,9.648726048013835,10.945213325198177,12.447333987458888,16.407799530622302,12.069312463711961,"rgba(255, 26, 202, 1.0)",1.9050466815115277,12.069312463711961,-2.002214696747251,32.72588009950326,-12.469054729591726,False,True,False,True,False,0.0,0.0,0.0,0.0,0.0,0,0.91055441745042,1.04905604942849,False,False,False,False,-0.34282825441539394,-0.3400442847655126,False,False,False,False,-25449818,-20270050.78966252,False,False,False,False,760671.9001417387,False,False,False,False
2023-03-03 00:00:00+00:00,8.508,8.6,8.3,8.38,571894,,,,,,,,,,,,,,,,,,,,,,,,,,9.601900960582642,9.741139899931168,10.138810533466602,10.923592362836049,11.048132531570587,11.225887980773999,11.572879965170292,12.43172141072502,12.754021739030087,12.874812779527572,16.389377370972795,17.53561811782087,,,,,,,,,,,,,,,,,,,,,,9.583946503653339,11.282931949818867,11.496643264602671,11.61595491600073,11.846369445490733,12.796094431441686,12.88244898564923,13.884452938862399,16.8986981848598,18.32798838367703,,,,,9.601900960582642,10.923592362836049,12.43172141072502,16.389377370972795,12.049490907748314,"rgba(255, 0, 0, 1.0)",1.835474784540509,12.049490907748314,-1.9294685699726943,34.84206638381053,-12.469054729591726,False,True,False,True,True,0.0,0.0,0.0,0.0,0.0,0,0.9292928774378846,1.042643172348932,False,False,False,False,-0.2814944141350679,-0.3107693494502903,False,False,False,False,-24877924,-20450751.699871834,False,False,False,False,753268.8452342196,False,False,False,False
2023-03-06 00:00:00+00:00,8.321,8.60189,8.21,8.52,491886,,,,,,,,,,,,,,,,,,,,,,,,,,9.561474678304416,9.711832491278527,10.122072110088721,10.90461234744065,11.028795211930047,11.206251481081129,11.558618511966252,12.418082219048681,12.740910443767959,12.862512020810183,16.373418059988897,17.518414340997936,,,,,,,,,,,,,,,,,,,,,,9.565737732221443,11.26366489088557,11.481345746736089,11.602356687088747,11.83297921016597,12.783314600368248,12.870617371105158,13.872115303473347,16.882174177175852,18.30986856357411,,,,,9.561474678304416,10.90461234744065,12.418082219048681,16.373418059988897,12.032144264746293,"rgba(255, 26, 202, 1.0)",1.7757339365267184,12.032144264746293,-2.089921349369027,35.261921082621114,-12.469054729591726,False,True,False,True,True,0.0,0.0,0.0,0.0,0.0,0,0.9359005759704193,1.0152554698640062,False,False,False,False,-0.2908806436459976,-0.30082499654814393,False,False,False,False,-25369810,-20643655.946935683,False,False,False,False,743018.5375779757,False,False,False,False
2023-03-07 00:00:00+00:00,8.13,8.316,8.12,8.316,288517,,,,,,,,,,,,,,,,,,,,,,,,,,9.535390818901915,9.692868394906627,10.111353801948677,10.892787985927264,11.016783426562517,11.19409806079861,11.549819090979675,12.409752579024596,12.73292499430189,12.855025561913912,16.363866106629263,17.5081454795198,,,,,,,,,,,,,,,,,,,,,,9.553652514759946,11.25175000440502,11.471900517342409,11.593969340461001,11.824746234068046,12.775532859459238,12.863415722672613,13.864656324892584,16.87229707322947,18.2990693890619,,,,,9.535390818901915,10.892787985927264,12.409752579024596,16.363866106629263,12.021329570659265,"rgba(255, 26, 202, 1.0)",1.6930260378045061,12.021329570659265,-2.2984463816666927,34.59418543590751,-12.469054729591726,False,True,False,True,True,0.0,0.0,0.0,0.0,0.0,0,0.931116754058619,1.0219815732072208,False,False,False,False,-0.33151276817005965,-0.3161688823591018,False,False,False,False,-25658327,-20840309.71372252,False,False,False,False,725194.9478690355,False,False,False,False
2023-03-08 00:00:00+00:00,8.06,8.197,7.98,8.173,410770,,,,,,,,,,,,,,,,,,,,,,,,,,9.497031126176134,9.664759129415588,10.095438474186643,10.875454270928076,10.999199760075959,11.17633757330042,11.53696391081785,12.397643237885832,12.721330888552913,12.844158634173727,16.350123203005722,17.493392762220395,,,,,,,,,,,,,,,,,,,,,,9.535454568891222,11.234343203825574,11.458100123646902,11.581716611649455,11.81273708371402,12.764235336091977,12.852961030274427,13.853865947405652,16.858096309090154,18.283567651129975,,,,,9.497031126176134,10.875454270928076,12.397643237885832,16.350123203005722,12.00549752115541,"rgba(255, 26, 202, 1.0)",1.6372858745357495,12.00549752115541,-2.409779246568136,33.80790938208531,-12.469054729591726,False,True,False,True,True,0.0,0.0,0.0,0.0,0.0,0,0.9482833018346633,1.0228316094905923,False,False,False,False,-0.34282825441539394,-0.3294985683872479,False,False,False,False,-26069097,-21045360.19553732,False,False,False,False,712864.5577565243,False,False,False,False
2023-03-09 00:00:00+00:00,8.031,8.24,7.953,8.142,435118,,,,,,,,,,,,,,,,,,,,,,,,,,9.458424174757498,9.635953822999111,10.078813759626238,10.857296437013254,10.980774664783462,11.157717892472737,11.523433271230134,12.38487697057527,12.70910098756895,12.832690965838031,16.335607741021068,17.47780868788735,,,,,,,,,,,,,,,,,,,,,,9.516605588208353,11.216086707165188,11.443585052405382,11.568814497290123,11.800085137826388,12.75231627895401,12.84192635665534,13.842471247946134,16.84309634830236,18.267191318603793,,,,,9.458424174757498,10.857296437013254,12.38487697057527,16.335607741021068,11.98898389513195,"rgba(255, 26, 202, 1.0)",1.5753493544188242,11.98898389513195,-2.5124483556805237,33.13513927721386,-12.814501215334047,False,True,False,True,True,0.0,0.0,0.0,0.0,0.0,0,0.9414107787045375,1.0110918459165235,False,False,False,False,-0.34110501940808113,-0.3353017938976645,False,False,False,False,-26504215,-21259432.93296723,False,False,False,False,701972.5358837195,False,False,False,False
2023-03-10 00:00:00+00:00,7.372,8.086,7.305,8.034,622872,,,,,,,,,,,,,,,,,,,,,,,,,,9.38845464446582,9.584179551519453,10.049817410457084,10.827231362807806,10.950446689315209,11.127300178429824,11.501537902251728,12.364682638007377,12.689877516378782,12.814700183636397,16.313697487532668,17.4544388498145,,,,,,,,,,,,,,,,,,,,,,9.481622170452395,11.186321645522536,11.420049619514472,11.547958169255482,11.77977401178411,12.733593755235352,12.82461398544818,13.824867033135247,16.820525185338326,18.242724065812702,,,,,9.38845464446582,10.827231362807806,12.364682638007377,16.313697487532668,11.961562557024411,"rgba(255, 26, 202, 1.0)",1.5545768442518437,11.961562557024411,-2.9522905696136146,29.964702028250326,-15.96164400532109,False,True,False,True,False,0.0,0.0,0.0,0.0,0.0,0,0.9304657291341907,1.0176321468958087,False,False,False,False,-0.34282825441539394,-0.3390650241565292,False,False,False,False,-27127087,-21489537.01402734,False,False,False,False,698870.5540843579,False,False,False,False
2023-03-13 00:00:00+00:00,7.428,7.63,7.067,7.252,358460,,,,,,,,,,,,,,,,,,,,,,,,,,9.346029198951369,9.552504012728495,10.032019029186797,10.809058918973301,10.932149275091756,11.108991065999366,11.488368609460062,12.352623820843979,12.678421378534589,12.803983437324565,16.300831825314557,17.440750810563344,,,,,,,,,,,,,,,,,,,,,,9.459861966641105,11.16841306118372,11.405890467422292,11.535414976749593,11.767585110217096,12.722437687276912,12.814299919121845,13.814436831769408,16.807287371583048,18.22841400274048,,,,,9.346029198951369,10.809058918973301,12.352623820843979,16.300831825314557,11.945030398218693,"rgba(255, 26, 202, 1.0)",1.5369208843281492,11.945030398218693,-2.9390129604447863,28.44802938688408,-17.44890760690727,False,True,False,True,False,0.0,0.0,0.0,0.0,0.0,0,0.9325103319500144,1.0219356898063938,False,False,False,False,-0.34282825441539394,-0.3409466392859616,False,False,False,False,-26768627,-21696560.15073215,False,False,False,False,685521.1205908537,False,False,False,False
2023-03-14 00:00:00+00:00,7.284,7.69,7.215,7.6,420511,,,,,,,,,,,,,,,,,,,,,,,,,,9.298998272240977,9.516836842701629,10.011604482173828,10.788114039415222,10.911049089194282,11.087860436304688,11.473105965749502,12.338611964598888,12.665098732427246,12.791514464550886,16.28582214807388,17.42477455565522,,,,,,,,,,,,,,,,,,,,,,9.435156529953337,11.147734712733774,11.389493377787307,11.520871239627919,11.75344099161246,12.709461495068084,12.802297356222748,13.802284427444555,16.79184026887641,18.211707668697937,,,,,9.298998272240977,10.788114039415222,12.338611964598888,16.28582214807388,11.92605984183788,"rgba(255, 26, 202, 1.0)",1.5212363549320342,11.92605984183788,-3.051504670387185,26.90999465716791,-18.952323803916734,False,True,False,True,False,0.0,0.0,0.0,0.0,0.0,0,0.932427606154995,1.0221274641981528,False,False,False,False,-0.32449448512553547,-0.3327205622057485,False,False,False,False,-27189138,-21911955.360507358,False,False,False,False,675128.5668421928,False,False,False,False
2023-03-15 00:00:00+00:00,7.092,7.18,6.9,6.999,712958,,,,,,,,,,,,,,,,,,,,,,,,,,9.210920619953006,9.44973924540995,9.97331169216057,10.749693177464913,10.872448769563169,11.049338755026993,11.445357054392456,12.313418499750531,12.641220176979692,12.769184626609182,16.259523122307375,17.3968916007157,,,,,,,,,,,,,,,,,,,,,,9.387850027602862,11.110066966833141,11.35966287163437,11.494437522666558,11.727818658967834,12.686210264772381,12.780800080934448,13.780700577452723,16.7648251427032,18.182616114783407,,,,,9.210920619953006,10.749693177464913,12.313418499750531,16.259523122307375,11.891326392659268,"rgba(255, 26, 202, 1.0)",1.4996135175375402,11.891326392659268,-3.2003755211143097,25.2204785298282,-20.591941871235015,False,True,False,True,False,0.0,0.0,0.0,0.0,0.0,0,0.905958074804522,1.0444507268006404,False,False,False,False,-0.34282825441539394,-0.33777440831057126,False,False,False,False,-27902096,-22146862.836565897,False,False,False,False,676612.0740248519,False,False,False,False
2023-03-16 00:00:00+00:00,7.4,7.45,7.035,7.1,411239,,,,,,,,,,,,,,,,,,,,,,,,,,9.16846158001674,9.416357901580216,9.953435956725386,10.729292947292018,10.851898710795545,11.02875523811755,11.43036767257374,12.299647905062015,12.628121421559177,12.756916180970368,16.24481174552736,17.38124474545588,,,,,,,,,,,,,,,,,,,,,,9.364106001118568,11.089909522007734,11.343582743784827,11.480141359785653,11.713911887739894,12.673448190311545,12.768985180399348,13.768751442182825,16.749690551029193,18.166261813005473,,,,,9.16846158001674,10.729292947292018,12.299647905062015,16.24481174552736,11.873029706928985,"rgba(255, 26, 202, 1.0)",1.4693408889455366,11.873029706928985,-3.0442423133946996,27.44330058194629,-20.591941871235015,False,True,False,True,True,0.0,0.0,0.0,0.0,0.0,0,0.903166528883013,1.0519574635625535,False,False,False,False,-0.3097401347966606,-0.32375727155361594,False,False,False,False,-27490857,-22356431.23513194,False,False,False,False,666205.2868081911,False,False,False,False
2023-03-17 00:00:00+00:00,7.3,7.399,7.209,7.302,281764,,,,,,,,,,,,,,,,,,,,,,,,,,9.140555229609198,9.39415773070279,9.940026146583596,10.715484973230959,10.837984476381937,11.014810763383185,11.42017884146539,12.29027079516793,12.61919653591306,12.748553800018492,16.234768571096605,17.37056024585704,,,,,,,,,,,,,,,,,,,,,,9.348205340638964,11.07624865341282,11.332659278658552,11.470420121402825,11.704450251629225,12.664751382262407,12.760930731224008,13.760599439536577,16.739357235932015,18.15509273682336,,,,,9.140555229609198,10.715484973230959,12.29027079516793,16.234768571096605,11.860680514912525,"rgba(255, 26, 202, 1.0)",1.4601173774855796,11.860680514912525,-3.1235026616602046,28.458579225331896,-20.591941871235015,False,True,False,True,True,0.0,0.0,0.0,0.0,0.0,0,0.9027066399799589,1.055142698097844,False,False,False,False,-0.299822866350589,-0.3117900689521025,False,False,False,False,-27772621,-22568830.83375422,False,False,False,False,651129.1579137522,False,False,False,False
2023-03-20 00:00:00+00:00,6.642,7.299,6.559,7.2,753160,,,,,,,,,,,,,,,,,,,,,,,,,,9.051858964667554,9.324226430547778,9.898576825603126,10.674115061830749,10.79645427942071,10.973395767843275,11.390112825209155,12.26303506624759,12.593393268329558,12.724410789580453,16.206628620183718,17.340785088194153,,,,,,,,,,,,,,,,,,,,,,9.297401210987132,11.035730097836934,11.300381549109039,11.44175447966108,11.67668174687755,12.639619640517072,12.737675846153428,13.737333240592706,16.710478522593363,18.124063759501563,,,,,9.051858964667554,10.674115061830749,12.26303506624759,16.206628620183718,11.823663211689597,"rgba(255, 26, 202, 1.0)",1.4606551041682163,11.823663211689597,-3.5474926263584607,26.68497451945144,-20.591941871235015,False,True,False,True,True,0.0,0.0,0.0,0.0,0.0,0,0.8859569202998455,1.052104088678525,False,False,False,False,-0.34282825441539394,-0.32730916168374824,False,False,False,False,-28525781,-22802436.722626604,False,False,False,False,655130.3674073305,False,False,False,False
2023-03-21 00:00:00+00:00,7.261,7.365,6.8005,6.88,613903,,,,,,,,,,,,,,,,,,,,,,,,,,8.993837037004575,9.276713694486698,9.86892318791611,10.643700405067511,10.7658234423033,10.942713569896343,11.367537236349346,12.242286746286375,12.573649163956789,12.705901089297743,16.184567607441057,17.31734914413291,,,,,,,,,,,,,,,,,,,,,,9.2624874046362,11.0056567414738,11.27620786560757,11.420198243182385,11.655709064656504,12.620375456509178,12.719839698470418,13.719327353298754,16.68779578161576,18.099585849957542,,,,,8.993837037004575,10.643700405067511,12.242286746286375,16.184567607441057,11.796662539472823,"rgba(255, 26, 202, 1.0)",1.4365597841136515,11.796662539472823,-3.157308585156655,30.6186139631078,-24.00657237076703,False,True,False,True,True,0.0,0.0,0.0,0.0,0.0,0,0.8978726896602994,1.035790322859634,False,False,False,False,-0.3182470315660179,-0.3227780966248831,False,False,False,False,-27911878,-23002806.96879811,False,False,False,False,653513.6079011607,False,False,False,False
2023-03-22 00:00:00+00:00,7.075,7.318,7.0,7.206,239068,,,,,,,,,,,,,,,,,,,,,,,,,,8.972054072019944,9.258672311178222,9.857500680775557,10.631960152754251,10.753997225558512,10.930863034275113,11.358787500807782,12.23423469456396,12.565983264720654,12.698711749725588,16.17599499010126,17.30824177594696,,,,,,,,,,,,,,,,,,,,,,9.249125265406336,10.994037300327395,11.266844719062995,11.411840349541343,11.647574132012473,12.612902525385133,12.712910770772446,13.712330155851697,16.67898136716046,18.09007339783271,,,,,8.972054072019944,10.631960152754251,12.23423469456396,16.17599499010126,11.786265313100056,"rgba(255, 26, 202, 1.0)",1.3951121737325012,11.786265313100056,-3.376979573259314,32.44674923966309,-22.371211383825326,False,True,False,True,True,0.0,0.0,0.0,0.0,0.0,0,0.9055235483989357,1.0374604214960073,False,False,False,False,-0.3061946482019894,-0.31448637241343624,False,False,False,False,-28150946,-23204694.773943283,False,False,False,False,637260.8389638603,False,False,False,False
2023-03-23 00:00:00+00:00,7.059,7.297,6.932,7.198,188667,,,,,,,,,,,,,,,,,,,,,,,,,,8.95489978775103,9.244416529320125,9.848438508811416,10.622658198799416,10.74462879825689,10.921477093208113,11.351850930351935,12.227854628862701,12.559909880047956,12.693015581040989,16.169214994898134,17.30104126032692,,,,,,,,,,,,,,,,,,,,,,9.238525561605423,10.984833951108493,11.259423067743576,11.405213711500648,11.641125261543058,12.60698184633781,12.70742052623775,13.706789301041786,16.672011246368996,18.082554090447253,,,,,8.95489978775103,10.622658198799416,12.227854628862701,16.169214994898134,11.778034470241812,"rgba(255, 26, 202, 1.0)",1.3128054273537324,11.778034470241812,-3.5946183432179537,33.59541152084529,-21.318309754320843,False,True,False,True,True,0.0,0.0,0.0,0.0,0.0,0,0.9101723320699695,1.0296196094332661,False,False,False,False,-0.31321780671805854,-0.3138520895657474,False,False,False,False,-28339613,-23406064.116141587,False,False,False,False,619668.9237103756,False,False,False,False
2023-03-24 00:00:00+00:00,7.045,7.1,6.9,7.011,193908,,,,,,,,,,,,,,,,,,,,,,,,,,8.936838697275379,9.229414190818815,9.838914091662634,10.612930293113314,10.734837347300305,10.91167493006783,11.344609911627694,12.221210581380005,12.553589491869877,12.687088684336382,16.162195085572954,17.29359263814105,,,,,,,,,,,,,,,,,,,,,,9.22733184041536,10.975224038245193,11.251674856654509,11.398296540466358,11.634398481240543,12.600820679330534,12.701707649566155,13.701034530653347,16.664797553527197,18.07477971577138,,,,,8.936838697275379,10.612930293113314,12.221210581380005,16.162195085572954,11.769429473756217,"rgba(255, 26, 202, 1.0)",1.2384286832930382,11.769429473756217,-3.8148579223744594,34.29448723423086,-20.60749854529454,False,True,False,True,True,0.0,0.0,0.0,0.0,0.0,0,0.9064830047009195,1.0398739992322723,False,False,False,False,-0.3314289619072094,-0.3226405257364784,False,False,False,False,-28533521,-23607140.856685057,False,False,False,False,602972.4168982039,False,False,False,False
2023-03-27 00:00:00+00:00,7.074,7.074,6.803,7.034,219145,,,,,,,,,,,,,,,,,,,,,,,,,,8.91650130748401,9.212464016631763,9.828108277885262,10.601904067746824,10.72374055481135,10.900567462450553,11.336396516259494,12.213677103655607,12.546423518719022,12.680368362125709,16.15424735620717,17.285161935126254,,,,,,,,,,,,,,,,,,,,,,9.214638896454844,10.964333764250359,11.242887691386722,11.39044960013006,11.626768316992083,12.593834994954952,12.69522953426684,13.694512259833916,16.656631535041715,18.065981792940594,,,,,8.91650130748401,10.601904067746824,12.213677103655607,16.15424735620717,11.759684256864414,"rgba(255, 26, 202, 1.0)",1.2155802591708251,11.759684256864414,-3.854689331711117,35.02941555791274,-19.78949832718215,False,True,False,True,True,0.0,0.0,0.0,0.0,0.0,0,0.8938026050926373,1.0624156208436701,False,False,False,False,-0.3412980760737886,-0.3319693009051335,False,False,False,False,-28314376,-23791738.313285645,False,False,False,False,587920.3613335685,False,False,False,False
2023-03-28 00:00:00+00:00,6.777,7.1,6.723,7.0,201308,,,,,,,,,,,,,,,,,,,,,,,,,,8.89708043514076,9.196311787268588,9.817848471556541,10.591508561112633,10.713287589794923,10.89011615354611,11.328676782673364,12.206621488544538,12.539718928314956,12.674082469211799,16.146865649775112,17.27734175773719,,,,,,,,,,,,,,,,,,,,,,9.202500099310651,10.954089624876397,11.234626709398707,11.383075165393372,11.619605163577177,12.587299685085975,12.689169980798406,13.688427749004177,16.649051722093333,18.05782706259896,,,,,8.89708043514076,10.591508561112633,12.206621488544538,16.146865649775112,11.750498210823876,"rgba(255, 26, 202, 1.0)",1.2191985193350887,11.750498210823876,-4.07931779111433,34.01301456598397,-19.78949832718215,False,True,False,True,True,0.0,0.0,0.0,0.0,0.0,0,0.8592509045366535,1.094916348339913,False,False,False,False,-0.34282825441539394,-0.3373987776602637,False,False,False,False,-28515684,-23976991.08531366,False,False,False,False,572759.0922616639,False,False,False,False
2023-03-29 00:00:00+00:00,6.874,6.94,6.7,6.865,240509,,,,,,,,,,,,,,,,,,,,,,,,,,8.87403392273997,9.177069556591979,9.80556541115852,10.579069330893883,10.700780626324217,10.877611967718192,11.319429632352504,12.19817117531572,12.531689094557374,12.666553330349599,16.138034667044867,17.267988439066446,,,,,,,,,,,,,,,,,,,,,,9.187985063948911,10.941832215224904,11.224733346006746,11.374240434151892,11.6110238863637,12.579472244051622,12.68191137758726,13.681142106883367,16.63998476257749,18.048074989325684,,,,,8.87403392273997,10.579069330893883,12.19817117531572,16.138034667044867,11.739516707592134,"rgba(255, 26, 202, 1.0)",1.2198970972697862,11.739516707592134,-3.988464861898185,34.3009875941129,-19.78949832718215,False,True,False,True,True,0.0,0.0,0.0,0.0,0.0,0,0.8400161698446919,1.1137089460230574,False,False,False,False,-0.34282825441539394,-0.3401135160378288,False,False,False,False,-28275175,-24145547.317262143,False,False,False,False,559729.6768788535,False,False,False,False
2023-03-30 00:00:00+00:00,6.652,6.988,6.55,6.93,542462,,,,,,,,,,,,,,,,,,,,,,,,,,8.821241205318273,9.132849554063318,9.777234776001007,10.550512128091405,10.672085248730832,10.84894396707381,11.298212805368303,12.178826964052227,12.513318810506007,12.64932931605597,16.117947397429113,17.246735863440584,,,,,,,,,,,,,,,,,,,,,,9.154417169506544,10.913731609420946,11.202036386427537,11.35396803800094,11.591346257561616,12.561565032305746,12.665304372256266,13.664507835766436,16.619371213161823,18.02593023927915,,,,,8.821241205318273,10.550512128091405,12.178826964052227,16.117947397429113,11.714337504354907,"rgba(255, 26, 202, 1.0)",1.2207076020608092,11.714337504354907,-4.147051673806753,33.36724696882893,-19.78949832718215,False,True,False,True,True,0.0,0.0,0.0,0.0,0.0,0,0.8317159221340453,1.1159508289455078,False,False,False,False,-0.34282825441539394,-0.3414708852266114,False,False,False,False,-28817637,-24328766.520506766,False,False,False,False,559052.5130796827,False,False,False,False
2023-03-31 00:00:00+00:00,6.973,7.2,6.7,6.801,483651,,,,,,,,,,,,,,,,,,,,,,,,,,8.78120796556583,9.098359836214367,9.75426670763747,10.526902024763247,10.648305875134906,10.825110562891702,11.28039548127752,12.1624108227811,12.497678876686349,12.634644113481775,16.100542655097822,17.22826817662218,,,,,,,,,,,,,,,,,,,,,,9.127991116997435,10.890338117393547,11.183012956238077,11.336924737656837,11.574750679779248,12.546311144895752,12.651140728830383,13.65022867177946,16.601486102501926,18.006655721201593,,,,,8.78120796556583,10.526902024763247,12.1624108227811,16.100542655097822,11.693600458880237,"rgba(255, 26, 202, 1.0)",1.2108680640217533,11.693600458880237,-3.8985258585492195,35.79207962882293,-18.52542417985914,False,True,False,True,True,0.0,0.0,0.0,0.0,0.0,0,0.856121477077418,1.0725261062508342,False,False,False,False,-0.3148934200497292,-0.3281821526381703,False,False,False,False,-28333986,-24485833.95107513,False,False,False,False,556095.5909981265,False,False,False,False
2023-04-03 00:00:00+00:00,6.7,7.1,6.61,7.0,522748,,,,,,,,,,,,,,,,,,,,,,,,,,8.736326747658442,9.059690912916185,9.728512120779495,10.500641386524949,10.621883711293288,10.798661720521114,11.260619913997852,12.144260639674563,12.480405209481795,12.618427586879003,16.081488892306,17.208083195535757,,,,,,,,,,,,,,,,,,,,,,9.098153746070667,10.8643825702788,11.161898521602055,11.31800770720833,11.556351597978713,12.52946456008023,12.635498138770364,13.634509107284105,16.581921351817837,17.985608512823962,,,,,8.736326747658442,10.500641386524949,12.144260639674563,16.081488892306,11.670555307156189,"rgba(255, 26, 202, 1.0)",1.2069982235740992,11.670555307156189,-4.118113191946251,35.90496018247165,-18.27447620072438,False,True,False,True,True,0.0,0.0,0.0,0.0,0.0,0,0.8492702346625866,1.067855753450632,False,False,False,False,-0.32949351211250333,-0.3288378323753368,False,False,False,False,-28856734,-24657241.796131007,False,False,False,False,554787.8423315334,False,False,False,False
2023-04-04 00:00:00+00:00,6.663,6.75,6.55,6.71,304198,,,,,,,,,,,,,,,,,,,,,,,,,,8.709192862264024,9.03633587537717,9.712977946378233,10.484920564968315,10.606081119138567,10.782862053219597,11.248810295177972,12.133462064581975,12.470138894525522,12.608791562755755,16.070259528159195,17.196205376277117,,,,,,,,,,,,,,,,,,,,,,9.080036045709765,10.848881054884947,11.149288192419661,11.306711060961236,11.545376353519003,12.51945268175769,12.626202272949861,13.625195941836687,16.57039920276779,17.97323434779288,,,,,8.709192862264024,10.484920564968315,12.133462064581975,16.070259528159195,11.656768778667649,"rgba(255, 26, 202, 1.0)",1.2061556288806181,11.656768778667649,-4.140235852733327,35.7841659885559,-18.193360965790134,False,True,False,True,True,0.0,0.0,0.0,0.0,0.0,1,0.8338300012261359,1.1039933092745584,False,False,False,False,-0.34282825441539394,-0.33583304339536535,False,False,False,False,-29160932,-24833857.098243516,False,False,False,False,544960.7896910812,False,False,False,False
2023-04-05 00:00:00+00:00,6.47,6.65,6.33,6.624,257231,,,,,,,,,,,,,,,,,,,,,,,,,,8.684930259005744,9.015545232476477,9.69923660955736,10.471137938184603,10.592242289855156,10.769046006778806,11.238501266762528,12.124079892426403,12.461231427885961,12.600434263023748,16.06061272092478,17.186019704750088,,,,,,,,,,,,,,,,,,,,,,9.063858640677475,10.835330952345675,11.138276204798363,11.296851651797791,11.535810788823735,12.510767130411041,12.618139732791382,13.61714735389188,16.56050922003853,17.96263401498293,,,,,8.684930259005744,10.471137938184603,12.124079892426403,16.06061272092478,11.644684479122871,"rgba(255, 26, 202, 1.0)",1.2203399951583582,11.644684479122871,-4.24036293135781,34.69158418210757,-18.193360965790134,False,True,False,True,True,0.0,0.0,0.0,0.0,0.0,1,0.8136615535856397,1.1119853171033247,False,False,False,False,-0.34282825441539394,-0.3393306489053797,False,False,False,False,-29418163,-25013633.800273184,False,False,False,False,533677.268526725,False,False,False,False
2023-04-06 00:00:00+00:00,6.546,6.628,6.3,6.5,301915,,,,,,,,,,,,,,,,,,,,,,,,,,8.657220241241824,8.991646631014113,9.683296419543169,10.455113946856901,10.576148940980778,10.752972855731304,11.226478455193607,12.113123160284887,12.450824330857829,12.590667038411777,16.049324325402633,17.17409826232928,,,,,,,,,,,,,,,,,,,,,,9.045184373236424,10.819562991865086,11.12543952973186,11.285349991416123,11.524647293698141,12.500618118915261,12.60871589794073,13.60773431186235,16.54893513955084,17.950225859009386,,,,,8.657220241241824,10.455113946856901,12.113123160284887,16.049324325402633,11.63065019968678,"rgba(255, 26, 202, 1.0)",1.2302922119749293,11.63065019968678,-4.132880099699756,34.765956678426804,-18.193360965790134,False,True,False,True,True,0.0,0.0,0.0,0.0,0.0,1,0.834178207736317,1.1057015282416558,False,False,False,False,-0.34282825441539394,-0.3410794516603868,False,False,False,False,-29116248,-25174520.631635018,False,False,False,False,524588.5521139123,False,False,False,False
2023-04-10 00:00:00+00:00,6.601,6.66,6.4,6.501,291182,,,,,,,,,,,,,,,,,,,,,,,,,,8.631900790453601,8.969586452524865,9.668369551682725,10.440022483786672,10.560981942458698,10.737810180883418,11.215092484633473,12.10271296165907,12.4409261428792,12.581372544191664,16.03853326696247,17.162692715754492,,,,,,,,,,,,,,,,,,,,,,9.027862382458446,10.804681092714066,11.113291826034692,11.274452802927382,11.514060121872012,12.49096346533196,12.599746831428149,13.59875874219727,16.53786671829992,17.93834917126944,,,,,8.631900790453601,10.440022483786672,12.10271296165907,16.03853326696247,11.617449639268987,"rgba(255, 26, 202, 1.0)",1.2482749555622756,11.617449639268987,-4.018705668102879,35.414755436332506,-17.999925015972813,False,True,False,True,True,0.0,0.0,0.0,0.0,0.0,1,0.8319641005310368,1.1137085892932017,False,False,False,False,-0.33319980339803307,-0.3371396275292099,False,False,False,False,-28825066,-25317679.273531687,False,False,False,False,515435.3539917981,False,False,False,False
2023-04-11 00:00:00+00:00,6.535,6.629,6.5,6.597,212150,,,,,,,,,,,,,,,,,,,,,,,,,,8.61384266431066,8.953770098653314,9.657586917989695,10.429103237308462,10.55000610418863,10.726834321280041,11.206833520847717,12.095154156167078,12.433736619547899,12.57461986394746,16.030687353617378,17.154399034363113,,,,,,,,,,,,,,,,,,,,,,9.015397835250727,10.79390616104611,11.104483731008006,11.266546535272003,11.506376400976182,12.483950155442995,12.59322992181606,13.59223459856767,16.52981869452802,17.929712363587832,,,,,8.61384266431066,10.429103237308462,12.095154156167078,16.030687353617378,11.607905944588305,"rgba(255, 26, 202, 1.0)",1.2681852146820098,11.607905944588305,-4.000130174881677,35.41682515855658,-17.769516793897196,False,True,False,True,True,0.0,0.0,0.0,0.0,0.0,1,0.8316584716758773,1.1312165029479797,False,False,False,False,-0.32819046667897955,-0.3326650471040947,False,False,False,False,-29037216,-25463543.458883386,False,False,False,False,503541.8106980021,False,False,False,False
2023-04-12 00:00:00+00:00,6.51,6.795,6.36,6.751,275557,,,,,,,,,,,,,,,,,,,,,,,,,,8.59085459999685,8.933536095112913,9.643694079400316,10.415012975959518,10.535840478474558,10.712664849249844,11.196150501230772,12.085367473759199,12.424425011970696,12.565871998793313,16.020516186619368,17.143646233062125,,,,,,,,,,,,,,,,,,,,,,8.99939643184609,10.779993232652526,11.09309461369769,11.25631744100912,11.496432328508245,12.474865934134,12.58478666514504,13.58377895268585,16.519384993516958,17.91851407795748,,,,,8.59085459999685,10.415012975959518,12.085367473759199,16.020516186619368,11.595599242188143,"rgba(255, 26, 202, 1.0)",1.2854050480906685,11.595599242188143,-3.9564176675222,35.24765429767709,-17.70570732516269,False,True,False,True,True,0.0,0.0,0.0,0.0,0.0,1,0.8219609818197187,1.1155623540216506,False,False,False,False,-0.3263070204864056,-0.32948603379525015,False,False,False,False,-29312773,-25614493.636966392,False,False,False,False,494601.22988631576,False,False,False,False
2023-04-13 00:00:00+00:00,6.579,6.676,6.5,6.501,227152,,,,,,,,,,,,,,,,,,,,,,,,,,8.572560764219817,8.917318510547355,9.63244523111863,10.403564357280434,10.524325971378477,10.701140354144872,11.187437598053556,12.077369526944953,12.416810375526508,12.558715795209446,16.01217463711575,17.134823752713213,,,,,,,,,,,,,,,,,,,,,,8.986521517830976,10.768673721499185,11.083810706575042,11.247972147144537,11.488314624418551,12.467436217494512,12.57787884596494,13.576853595139001,16.510826345484166,17.9093238028222,,,,,8.572560764219817,10.403564357280434,12.077369526944953,16.01217463711575,11.585607542154534,"rgba(255, 26, 202, 1.0)",1.3040654681512507,11.585607542154534,-3.8392302107748537,36.04640932946782,-16.729685494265915,False,False,False,True,True,0.0,0.0,0.0,0.0,0.0,1,0.8231083016515963,1.1409622150265617,False,False,False,False,-0.3247874068897614,-0.32713672034250574,False,False,False,False,-29085621,-25750616.278653983,False,False,False,False,484113.02479273477,False,False,False,False
2023-04-14 00:00:00+00:00,6.407,6.618,6.4,6.6,303104,,,,,,,,,,,,,,,,,,,,,,,,,,8.547340964006322,8.895019637005412,9.617026205767953,10.387956869313802,10.508639399991083,10.685454018180286,11.175585897044474,12.066520473997452,12.406489466416057,12.549018081423071,16.00093728761723,17.122951759540154,,,,,,,,,,,,,,,,,,,,,,8.968776826697477,10.753269503760038,11.071180514802165,11.236621197452417,11.477282266359865,12.457366553860997,12.56851728429612,13.567488898989051,16.499302605479404,17.896964901948426,,,,,8.547340964006322,10.387956869313802,12.066520473997452,16.00093728761723,11.571989697623035,"rgba(255, 26, 202, 1.0)",1.3238028509213233,11.571989697623035,-3.901630589500825,35.28272064571219,-16.729685494265915,False,False,False,True,True,0.0,0.0,0.0,0.0,0.0,1,0.8027850661330337,1.1719449607727044,False,False,False,False,-0.33625686643224556,-0.3316967933873757,False,False,False,False,-29388725,-25893287.208902847,False,False,False,False,477014.63166360796,False,False,False,False
2023-04-17 00:00:00+00:00,6.494,6.55,6.412,6.488,226576,,,,,,,,,,,,,,,,,,,,,,,,,,8.528973308807688,8.878685004118484,9.60563577823021,10.376401330659071,10.497022378532312,10.673832622719841,11.166784779211865,12.05845294232154,12.398811178773348,12.541801323978328,15.992563529720002,17.114103072192943,,,,,,,,,,,,,,,,,,,,,,8.955729534473056,10.741854196286193,11.0618054531507,11.228189684572373,11.469084001735572,12.449874328897351,12.561549911682638,13.560514901240458,16.490714523323128,17.88775216672676,,,,,8.528973308807688,10.376401330659071,12.05845294232154,15.992563529720002,11.561914035621708,"rgba(255, 26, 202, 1.0)",1.3435975129316338,11.561914035621708,-3.771898940601551,35.97375371593512,-16.555188509745058,False,False,False,True,True,0.0,0.0,0.0,0.0,0.0,1,0.7496942009805994,1.2393617202368186,False,False,False,False,-0.3400240723963228,-0.33586043289184925,False,False,False,False,-29162149,-26021477.867377248,False,False,False,False,467193.5088532704,False,False,False,False
2023-04-18 00:00:00+00:00,6.409,6.65,6.409,6.505,201498,,,,,,,,,,,,,,,,,,,,,,,,,,8.512942811726795,8.864367229695851,9.595588352516247,10.366192631417631,10.486757618512224,10.663561226071291,11.158992157546288,12.051303049221296,12.392004061129796,12.535401980766842,15.98513209992747,17.106249094774984,,,,,,,,,,,,,,,,,,,,,,8.944259587986346,10.731763034080293,11.053507450058575,11.220722795546198,11.461821564421564,12.443231595265333,12.555371170026389,13.554327831619062,16.483092405713137,17.87957447752606,,,,,8.512942811726795,10.366192631417631,12.051303049221296,15.98513209992747,11.553017032662432,"rgba(255, 26, 202, 1.0)",1.3643373998171622,11.553017032662432,-3.7703408506955776,35.74724141944313,-16.555188509745058,False,False,False,True,True,0.0,0.0,0.0,0.0,0.0,1,0.7663784695825371,1.2096027060746495,False,False,False,False,-0.33102693727531946,-0.33344368508358435,False,False,False,False,-29363647,-26152543.32355853,False,False,False,False,456774.0771335343,False,False,False,False
2023-04-19 00:00:00+00:00,6.378,6.498,6.32,6.4,219787,,,,,,,,,,,,,,,,,,,,,,,,,,8.49497152487859,8.84835552290456,9.58438484991973,10.354859316298635,10.475368372359323,10.652172783787103,11.150357328874074,12.043398309684743,12.384483178542508,12.528332769172078,15.976962126937954,17.097622432925867,,,,,,,,,,,,,,,,,,,,,,8.931412007847436,10.72057634206183,11.044311432634503,11.212449397896851,11.453780066354051,12.435892714073313,12.548545416557573,13.547505076938643,16.474716394906427,17.870597011867535,,,,,8.49497152487859,10.354859316298635,12.043398309684743,15.976962126937954,11.543141746631498,"rgba(255, 26, 202, 1.0)",1.3829707848364063,11.543141746631498,-3.7348162399847733,35.341401179105105,-16.555188509745058,False,False,False,True,True,0.0,0.0,0.0,0.0,0.0,1,0.7730734992230918,1.2043708970100362,False,False,False,False,-0.34282825441539394,-0.3381359697494891,False,False,False,False,-29583434,-26287088.055968,False,False,False,False,447480.46626555256,False,False,False,False
2023-04-20 00:00:00+00:00,6.11,6.397,6.1,6.37,299145,,,,,,,,,,,,,,,,,,,,,,,,,,8.468751251903127,8.825173630328933,9.568329668861884,10.338777167883787,10.45922675847647,10.636058739008572,11.138171425546137,12.032301900189816,12.373942265566772,12.518429875957189,15.96563711522832,17.08568821713226,,,,,,,,,,,,,,,,,,,,,,8.912793062079903,10.704755510892634,11.031326750716161,11.200776836359768,11.442452498862208,12.425608678416795,12.538983569958829,13.537985263186627,16.46311670651215,17.85819187563227,,,,,8.468751251903127,10.338777167883787,12.032301900189816,15.96563711522832,11.529129933796805,"rgba(255, 26, 202, 1.0)",1.404421396682197,11.529129933796805,-3.858621028274668,33.104915314588574,-14.577735977247016,False,True,False,True,False,0.0,0.0,0.0,0.0,0.0,1,0.7705291173923954,1.2001780081468822,False,False,False,False,-0.34282825441539394,-0.3404821120824415,False,False,False,False,-29882579,-26428087.700832002,False,False,False,False,441663.38915709953,False,False,False,False
2023-04-21 00:00:00+00:00,6.175,6.291,6.127,6.201,194635,,,,,,,,,,,,,,,,,,,,,,,,,,8.451976562232053,8.810281051350744,9.557950796266379,10.328368509700919,10.4487783004786,10.625625887456845,11.130267531727394,12.025099008754403,12.367098060229258,12.511998564472684,15.958279202193166,17.077934072660483,,,,,,,,,,,,,,,,,,,,,,8.900794070801314,10.694510634556298,11.022907630868568,11.193204327086887,11.435102021228257,12.418930695602954,12.53277315954725,13.531800621747813,16.455580143415613,17.850131555379935,,,,,8.451976562232053,10.328368509700919,12.025099008754403,15.958279202193166,11.520066338985869,"rgba(255, 26, 202, 1.0)",1.4241815980216346,11.520066338985869,-3.753079204513547,32.65072854630457,-15.031751002362483,False,True,False,True,False,0.0,0.0,0.0,0.0,0.0,1,0.7710347828884834,1.1807007622339452,False,False,False,False,-0.34282825441539394,-0.34165518324891775,False,False,False,False,-29687944,-26555925.20276016,False,False,False,False,431976.0013470172,False,False,False,False
2023-04-24 00:00:00+00:00,5.972,6.26,5.809,6.247,418030,,,,,,,,,,,,,,,,,,,,,,,,,,8.413899704188669,8.77664614627416,9.53466520860744,10.3052011233186,10.425545919919132,10.602459287135165,11.112746965514049,12.00920228392424,12.352012591388142,12.49782854710617,15.94221635094378,17.061036266992936,,,,,,,,,,,,,,,,,,,,,,8.87364815989488,10.671769809723763,11.004238358363292,11.176421398305411,11.418832180196024,12.404213492986813,12.519089480380728,13.518220270887085,16.439141056856663,17.832584735498614,,,,,8.413899704188669,10.3052011233186,12.00920228392424,15.94221635094378,11.499899916795712,"rgba(255, 26, 202, 1.0)",1.4424599548828914,11.499899916795712,-3.8322727075251835,30.970049426039775,-16.6366298312752,False,True,False,True,False,0.0,0.0,0.0,0.0,0.0,1,0.7882542561259375,1.1767770095272687,False,False,False,False,-0.34282825441539394,-0.3422417188321558,False,False,False,False,-30105974,-26695142.80265192,False,False,False,False,431429.09933340864,False,False,False,False
2023-04-25 00:00:00+00:00,5.64,6.0,5.624,6.0,260952,,,,,,,,,,,,,,,,,,,,,,,,,,8.388227173354945,8.754126897074892,9.519225965888094,10.289999547852528,10.410322116440867,10.587305737079461,11.101318138695166,11.998894587495396,12.342248548607813,12.488662237973072,15.93195463441148,17.05026739634997,,,,,,,,,,,,,,,,,,,,,,8.855448517132281,10.6569026010503,10.992053421124297,11.165476991029836,11.408240976749118,12.394689676978178,12.510237711771083,13.509475967180936,16.428651012294043,17.821418161393535,,,,,8.388227173354945,10.289999547852528,11.998894587495396,15.93195463441148,11.48667312300919,"rgba(255, 26, 202, 1.0)",1.471681158182934,11.48667312300919,-3.9727851990902723,28.102799578641054,-19.278784231915225,False,True,False,True,False,0.0,0.0,0.0,0.0,0.0,0,0.7747517716124332,1.160625255771356,False,False,False,False,-0.34282825441539394,-0.3425349866237749,False,False,False,False,-30366926,-26839134.30058714,False,False,False,False,424743.72288896126,False,False,False,False
2023-04-26 00:00:00+00:00,5.701,5.79,5.6,5.7,298016,,,,,,,,,,,,,,,,,,,,,,,,,,8.358879102111123,8.72832958216679,9.501479634884866,10.272543423562489,10.392843097319702,10.569910205095626,11.088185389451175,11.98705599660055,12.331035668697547,12.478135052869849,15.9201944036198,17.0379313879492,,,,,,,,,,,,,,,,,,,,,5.697,8.834540236476283,10.63983489422494,10.978054356621444,11.152899393782459,11.396070926021993,12.383752301154933,12.500070935701256,13.499439657644002,16.41663160691824,17.808629961435233,,,,,8.358879102111123,10.272543423562489,11.98705599660055,15.9201944036198,10.935512712900339,"rgba(255, 26, 202, 1.0)",1.4985746576944357,10.935512712900339,-3.4929942836172487,27.147329305783867,-20.0710494826031,False,True,False,True,False,0.0,0.0,0.0,0.0,0.0,0,0.7743682013448793,1.167187266829287,False,False,False,False,-0.34282825441539394,-0.3426816205195844,False,False,False,False,-30068910,-26965792.17115235,False,False,False,False,419774.0082658648,False,False,False,False
2023-04-27 00:00:00+00:00,5.95,6.06,5.671,5.893,438371,,,,,,,,,,,,,,,,,,,,,,,,,,8.319958947502741,8.693575393999557,9.477006900316953,10.248199240716382,10.36843339006919,10.54556942093252,11.069683645256623,11.970264415098832,12.315097442664694,12.463156493018872,15.903276392649175,17.02014802594098,,,,,,,,,,,,,,,,,,,,,5.814075618300342,8.806179687757451,10.615931772371452,10.958358090942077,11.135166113681498,11.378877695783904,12.368199851300314,12.485601723985038,13.485094311078495,16.399323805664316,17.790172576425327,,,,,8.319958947502741,10.248199240716382,11.970264415098832,15.903276392649175,10.921085327371307,"rgba(255, 26, 202, 1.0)",1.519234064607022,10.921085327371307,-3.2720997002243823,30.056259742774937,-23.003841903660124,False,True,False,True,True,0.0,0.0,0.0,0.0,0.0,0,0.781154029804308,1.1529839793469443,False,False,False,False,-0.3098243994915861,-0.32625301000558526,False,False,False,False,-29630539,-27070292.046793435,False,False,False,False,420503.3020593603,False,False,False,False
2023-04-28 00:00:00+00:00,6.0,6.088,5.863,5.95,225959,,,,,,,,,,,,,,,,,,,,,,,,,,8.301100093347777,8.676557247369452,9.464835196904795,10.236013582438224,10.356205513352025,10.533362457843587,11.06036320583222,11.961772920615102,12.307027557141911,12.455567764054301,15.894656465413894,17.011077680248114,,,,,,,,,,,,,,,,,,,,,5.8538956245120435,8.792218942107933,10.603937696874052,10.948444457001747,11.126228244100558,11.37020203968363,12.360323424324449,12.478269762610747,13.477808508107739,16.39050092831138,17.780752812010817,,,,,8.301100093347777,10.236013582438224,11.961772920615102,15.894656465413894,10.91293953518181,"rgba(255, 26, 202, 1.0)",1.5383920869962389,10.91293953518181,-3.1935548659603974,32.646867743394424,-20.737504270428808,False,False,False,True,True,0.0,0.0,0.0,0.0,0.0,0,0.7759420705161411,1.177824094242727,False,False,False,False,-0.288877598519137,-0.30756530426236117,False,False,False,False,-29404580,-27161832.750840753,False,False,False,False,412874.113743307,False,False,False,False
2023-05-01 00:00:00+00:00,6.041,6.1,5.85,6.1,201698,,,,,,,,,,,,,,,,,,,,,,,,,,8.284616823919649,8.66162019647538,9.454083122889761,10.225228884258076,10.345381106533207,10.522552967740184,11.052094076724583,11.954230332477733,12.299856636972265,12.448822753938035,15.886985030653365,17.00300356763637,,,,,,,,,,,,,,,,,,,,,5.878691823218595,8.779931904483474,10.593314504220949,10.939652233210495,11.11829680033818,11.362500526173822,12.353323746371581,12.471752388466923,13.471328469024781,16.382648045520323,17.772366615445463,,,,,8.284616823919649,10.225228884258076,11.954230332477733,15.886985030653365,10.905213216404551,"rgba(255, 26, 202, 1.0)",1.5542760227688852,10.905213216404551,-3.1295684583354344,34.92829381480591,-18.77737445971497,False,False,False,True,True,0.0,0.0,0.0,0.0,0.0,0,0.7688788555057864,1.1791860636386953,False,False,False,False,-0.2845236333130476,-0.2960444687877044,False,False,False,False,-29202882,-27241873.897866607,False,False,False,False,404592.6975180793,False,False,False,False
2023-05-02 00:00:00+00:00,5.935,6.094,5.8,6.066,165590,,,,,,,,,,,,,,,,,,,,,,,,,,8.270944349348609,8.649235086836237,9.445168492409476,10.21630324327716,10.336424727464035,10.513611593105576,11.045253145760086,11.94799626161345,12.293931293083535,12.443249498794234,15.880661480998455,16.99635124732474,,,,,,,,,,,,,,,,,,,,,5.886700636917126,8.769730773624492,10.584527594394858,10.932378693663017,11.111735090637955,11.356130753366756,12.347539929768237,12.466367001908147,13.46597849809568,16.376176376176115,17.76545910184707,,,,,8.270944349348609,10.21630324327716,11.94799626161345,15.880661480998455,10.898193407253356,"rgba(255, 26, 202, 1.0)",1.5637866752741802,10.898193407253356,-3.1738302197664874,35.51863863911207,-18.35641221084878,True,False,False,True,True,0.0,0.0,0.0,0.0,0.0,0,0.7824081358217407,1.163141304981942,False,False,False,False,-0.2883044458251691,-0.29217445730643676,False,False,False,False,-29368472,-27325269.90187184,False,False,False,False,395220.04271344875,False,False,False,False
2023-05-03 00:00:00+00:00,6.034,6.3,5.903,5.903,278305,,,,,,,,,,,,,,,,,,,,,,,,,,8.249643025043948,8.629705255334699,9.430865210993613,10.201860321408459,10.321917103842674,10.499107155106019,11.0341022224466,11.937784450137864,12.284210212466734,12.434099606897009,15.870196868361727,16.985326128767202,,,,,,,,,,,,,,,,,,,,,5.919984159639555,8.753567109789477,10.570264643304265,10.920533653472766,11.101033501837467,11.345726944015986,12.338048540783763,12.457524120733495,13.457166219871604,16.36545912843599,17.75400122646367,,,,,8.249643025043948,10.201860321408459,11.937784450137864,15.870196868361727,10.887867016274386,"rgba(255, 26, 202, 1.0)",1.5576042734892908,10.887867016274386,-3.1162388925660323,37.34092114669971,-16.69597306600562,True,False,False,True,True,0.0,0.0,0.0,0.0,0.0,0,0.8012407521532501,1.1516911324671408,False,False,False,False,-0.25034785083308714,-0.2712611540697619,False,False,False,False,-29090167,-27394481.55277883,False,False,False,False,390635.1390776273,False,False,False,False
2023-05-04 00:00:00+00:00,6.1,6.374,6.0,6.1,298831,,,,,,,,,,,,,,,,,,,,,,,,,,8.22804266370558,8.609702123794115,9.41600052900289,10.186759045546816,10.306737170541036,10.483914701843847,11.022374501639646,11.92700629060799,12.273938426614523,12.424425891343919,15.859075762029555,16.97359820405545,,,,,,,,,,,,,,,,,,,,,5.957286252493309,8.736932440609534,10.555317568457896,10.908085686066938,11.089773151056374,11.334768272870088,12.328017305956456,12.448173527073807,13.447828446855729,16.354064443293076,17.7418063591525,,,,,8.22804266370558,10.186759045546816,11.92700629060799,15.859075762029555,10.877207987905503,"rgba(255, 26, 202, 1.0)",1.5502541061106148,10.877207987905503,-3.0815644797038435,39.486353233347984,-14.729582260353226,True,False,False,True,True,0.0,0.0,0.0,0.0,0.0,0,0.8176940525263592,1.1362585210164642,False,False,False,False,-0.2266337782905477,-0.2489474661801548,False,False,False,False,-28791336,-27449260.15855221,False,False,False,False,387034.97676085756,False,False,False,False
2023-05-05 00:00:00+00:00,6.56,6.67,6.123,6.3,573976,,,,,,,,,,,,,,,,,,,,,,,,,,8.193479833695848,8.576660356504505,9.390358748229032,10.160154216627847,10.27992617953024,10.456986646854018,11.001353469513989,11.907462346454466,12.255245902468047,12.406793500566378,15.838429317136866,16.95175137491829,,,,,,,,,,,,,,,,,,,,,6.071517956157812,8.709135310925966,10.52878452825264,10.88582161264619,11.069564678867028,11.315032898255664,12.309751632733821,12.431124102595343,13.430678075177532,16.332876335214188,17.719045664622165,,,,,8.193479833695848,10.160154216627847,11.907462346454466,15.838429317136866,10.86091306565966,"rgba(255, 26, 202, 1.0)",1.5413780774543815,10.86091306565966,-2.7903037733368508,45.9045575506293,-8.853453206489675,True,False,False,False,True,0.0,0.0,0.0,0.0,0.0,0,0.8301547229972571,1.1038550008293058,False,False,False,False,-0.16940563419036142,-0.2091765501852581,False,False,False,False,-28217360,-27479381.72096193,False,False,False,False,394365.9972800396,False,False,False,False
2023-05-08 00:00:00+00:00,6.5,6.781,6.45,6.455,313961,,,,,,,,,,,,,,,,,,,,,,,,,6.577000000000001,8.176463432102313,8.56005730997058,9.37711286521956,10.146250190489095,10.265895337062771,10.442867291758622,10.990252829652398,11.897076351432814,12.245292765142352,12.397395786863848,15.827325215016675,16.93998257545208,,,,,,,,,,,,,,,,,,,,,6.128304462924616,8.695047154752581,10.514859750471373,10.874080504114005,11.058884636141244,11.30458301450186,12.300022231417524,12.422034766192658,13.421501173401749,16.321472186683085,17.706773283355744,,,,,8.176463432102313,10.146250190489095,11.897076351432814,15.827325215016675,10.3897490926806,"rgba(255, 26, 202, 1.0)",1.5388225872251362,10.3897490926806,-2.5277436950641228,49.46315155034529,-5.835682896425716,True,False,False,False,True,0.0,0.0,0.0,0.0,0.0,0,0.8644603246706954,1.0853419777068019,False,False,False,False,-0.11770826676732367,-0.16344240847629088,False,False,False,False,-28531321,-27520634.24170852,False,False,False,False,391212.8601318028,False,False,False,False
2023-05-09 00:00:00+00:00,6.21,6.588,6.2,6.479,214827,,,,,,,,,,,,,,,,,,,,,,,,,6.47773640665068,8.16327762695107,8.547474410073976,9.36733643290926,10.136151387238376,10.255724035900611,10.432658349078704,10.982270543150747,11.889667739090932,12.238209739705766,12.390713658159108,15.819542308781266,16.931755676478318,,,,,,,,,,,,,,,,,,,,,6.142892275902737,8.684414461129558,10.504800481842413,10.865628769797505,11.051209259582228,11.297091054538805,12.293100511485026,12.415572356376147,13.415012399143317,16.313489004074476,17.69820749831456,,,,,8.16327762695107,10.136151387238376,11.889667739090932,15.819542308781266,10.377547094935348,"rgba(255, 26, 202, 1.0)",1.5346776910787496,10.377547094935348,-2.715584594186622,48.75057495128084,-5.835682896425716,True,False,False,False,True,0.0,0.0,0.0,0.0,0.0,0,0.8505148022874371,1.1020109729930274,False,False,False,False,-0.16403032450584168,-0.16373636649106627,False,False,False,False,-28746148,-27568693.604778778,False,False,False,False,384295.76757761446,False,False,False,False
2023-05-10 00:00:00+00:00,6.19,6.414,6.1,6.414,210973,,,,,,,,,,,,,,,,,,,,,,,,,6.408415163365826,8.149827177452496,8.534714160481828,9.357488223436643,10.126031478156687,10.245538026671914,10.422443327897897,10.974293378302017,11.882283240841668,12.23115512332883,12.384059797504841,15.811832608862114,16.92361419159636,,,,,,,,,,,,,,,,,,,,,6.148904347462475,8.673633997195743,10.494737720236497,10.857180437531962,11.043539755641195,11.289610634317206,12.286207070548464,12.409137186676311,13.408563568471193,16.305584591918667,17.689735505184487,,,,,8.149827177452496,10.126031478156687,11.882283240841668,15.811832608862114,10.366388190776084,"rgba(255, 26, 202, 1.0)",1.5192721411643884,10.366388190776084,-2.748940152075223,48.08217173662515,-5.835682896425716,True,False,False,False,True,0.0,0.0,0.0,0.0,0.0,0,0.8494008423748272,1.104260955278966,False,False,False,False,-0.1979088373942165,-0.18082260194264138,False,False,False,False,-28957121,-27623141.73792471,False,False,False,False,377498.796300061,False,False,False,False
2023-05-11 00:00:00+00:00,5.858,6.284,5.8,6.175,360122,,,,,,,,,,,,,,,,,,,,,,,,,6.268362408547091,8.12430797717015,8.510885452917984,9.339464302421083,10.107758321013316,10.227176082513951,10.404070455525815,10.960012033131212,11.869157763762544,12.218642963987092,12.372267343683117,15.798352825523004,16.909416058163565,,,,,,,,,,,,,,,,,,,,,6.131983831518615,8.653556025735028,10.476652516328716,10.842041977976375,11.029816003666344,11.276253775451083,12.273984062458043,12.397732924696077,13.397193607567168,16.29178112527161,17.674983045831457,,,,,8.12430797717015,10.107758321013316,11.869157763762544,15.798352825523004,10.344065991503543,"rgba(255, 26, 202, 1.0)",1.5089317413320278,10.344065991503543,-2.9730079026261413,44.78699268617054,-5.835682896425716,True,False,False,True,False,0.0,0.0,0.0,0.0,0.0,0,0.8442376588853775,1.1028510365018762,False,False,False,False,-0.2520781379864762,-0.2164503699645588,False,False,False,False,-29317243,-27689577.081535507,False,False,False,False,376817.35330790177,False,False,False,False
2023-05-12 00:00:00+00:00,5.6,5.897,5.5,5.807,284921,,,,,,,,,,,,,,,,,,,,,,,,,6.144358814195607,8.10163431385954,8.490037279584707,9.324015278045566,10.092319961594551,10.21169079515014,10.38861405885086,10.948059538804253,11.858261150036798,12.208280943835266,12.362509834842879,15.787372722563466,16.89788584562914,,,,,,,,,,,,,,,,,,,,5.665666666666666,6.097612641668068,8.636034425134236,10.46145091068454,10.829359403295618,11.018336553523342,11.265107861395128,12.26386463515966,12.388297236494955,13.387841541997833,16.280553401146456,17.663023836650364,,,,,8.10163431385954,10.092319961594551,11.858261150036798,15.787372722563466,9.937775615141119,"rgba(255, 26, 202, 1.0)",1.5067997341777783,9.937775615141119,-2.878800358634342,40.86889262973702,-2.965091055652522,True,False,False,True,False,0.0,0.0,0.0,0.0,0.0,0,0.8339033595665326,1.1146429450473392,False,False,False,False,-0.34188760191811474,-0.27916898594133677,False,False,False,False,-29602164,-27764580.490102742,False,False,False,False,373213.5747468076,False,False,False,False
2023-05-15 00:00:00+00:00,5.85,5.96,5.528,5.6,300182,,,,,,,,,,,,,,,,,,,,,,,,,6.079329146948402,8.079287995542252,8.469271187522663,9.308380078585632,10.076585038963518,10.19589450398784,10.372827787220176,10.935794801750877,11.847032188410044,12.197588351939348,12.352434325805227,15.775959836697456,16.88588627701154,,,,,,,,,,,,,,,,,,,,5.723982360370738,6.074677484213258,8.618493225026294,10.445915794208153,10.816357232413937,11.006550972559788,11.253650160098099,12.25341974878945,12.378552324376722,13.378157673983434,16.26887632807755,17.650568935438198,,,,,8.079287995542252,10.076585038963518,11.847032188410044,15.775959836697456,9.92430123543662,"rgba(255, 26, 202, 1.0)",1.5005986064424297,9.92430123543662,-2.7151172991529298,41.068378334042734,-2.965091055652522,True,False,False,True,False,0.0,0.0,0.0,0.0,0.0,1,0.8251210798567327,1.12868019972849,False,False,False,False,-0.32949905196159557,-0.30433401895146617,False,False,False,False,-29301982,-27824870.74539283,False,False,False,False,370349.59142340336,False,False,False,False
2023-05-16 00:00:00+00:00,5.719,6.0,5.6,6.0,201268,,,,,,,,,,,,,,,,,,,,,,,,,6.046643063977599,8.064503785007975,8.455492707173919,9.297955227926193,10.06608366952992,10.185351108440129,10.362289211423814,10.927593944402613,11.839518689368397,12.190431954339841,12.345689593701044,15.76831737728339,16.877850642266402,,,,,,,,,,,,,,,,,,,,5.736528197250406,6.0607736546065185,8.606826262385527,10.435543253303363,10.807665967342462,10.99866901099126,11.2459858344229,12.24642858343759,12.372028314301552,13.371673163492126,16.261056821419558,17.642228254261344,,,,,8.064503785007975,10.06608366952992,11.839518689368397,15.76831737728339,9.914600101666652,"rgba(255, 26, 202, 1.0)",1.4835833595939827,9.914600101666652,-2.8280177682869643,40.26579866963942,-3.591509458370062,True,False,False,True,False,0.0,0.0,0.0,0.0,0.0,1,0.8344030444166762,1.1264563217085086,False,False,False,False,-0.3123051242834052,-0.3083195716174357,False,False,False,False,-29503250,-27890689.53969115,False,False,False,False,363718.9407793483,False,False,False,False
2023-05-17 00:00:00+00:00,6.049,6.089,5.632,5.85,321039,,,,,,,,,,,,,,,,,,,,,,,,,6.028708321006772,8.042831697350644,8.435019485704832,9.282157158434329,10.050021645222067,10.169206630264226,10.346126284007704,10.914946627840834,11.827868474885063,12.179316485417718,12.335205182520541,15.756334151169275,16.86523036186731,,,,,,,,,,,,,,,,,,,,5.790683148066208,6.0513616801538275,8.589390028141732,10.41962356352162,10.794276620243172,10.986505928573909,11.234139462042526,12.235566515021194,12.361885073426992,13.36155687365331,16.24878658765351,17.629116599583995,,,,,8.042831697350644,10.050021645222067,11.827868474885063,15.756334151169275,9.903742000592297,"rgba(255, 26, 202, 1.0)",1.4701733304685283,9.903742000592297,-2.6219643090409157,42.959917918883505,-3.591509458370062,True,False,False,True,False,0.0,0.0,0.0,0.0,0.0,1,0.8438864628820961,1.103935729481581,False,False,False,False,-0.2925889411839083,-0.300454256400672,False,False,False,False,-29182211,-27941337.44009542,False,False,False,False,362045.21761153074,False,False,False,False
2023-05-18 00:00:00+00:00,6.3,6.3,6.0,6.0,432433,,,,,,,,,,,,,,,,,,,,,,,,,6.056768875254478,8.01804519670733,8.410940771560039,9.262843491401231,10.030019639225053,10.149057179513093,10.325890597764083,10.898950297787803,11.812980120847985,12.165065741732205,12.321743918417871,15.740691886033161,16.84870566064497,,,,,,,,,,,,,,,,,,,,5.905631304620015,6.063914451571392,8.568659237748422,10.399665379282904,10.7773748698747,10.971104576507933,11.219092683919694,12.221633082022281,12.348857594688248,13.348479020329318,16.23274642397908,17.611918101456663,,,,,8.01804519670733,10.030019639225053,11.812980120847985,15.740691886033161,9.896411950522339,"rgba(255, 26, 202, 1.0)",1.4352401563172654,9.896411950522339,-2.505791058515602,46.76551191773115,-9.530185817238845,True,False,False,False,True,0.0,0.0,0.0,0.0,0.0,1,0.8729172471440513,1.0850654778489832,False,False,False,False,-0.20789747078416906,-0.25417586359242056,False,False,False,False,-28749778,-27973040.991464227,False,False,False,False,364805.52280323545,False,False,False,False
2023-05-19 00:00:00+00:00,6.679,6.679,6.287,6.3,490780,,,,,,,,,,,,,,,,,,,,,,,,,6.133833095778553,7.995947330231138,8.388441761017512,9.243674830012903,10.009610962562856,10.128430829376738,10.305081391765125,10.882262714987643,11.797220780454758,12.149913928642398,12.307402995125933,15.72364687614238,16.830624707958183,,,,,,,,,,,,,,,,,,,,6.060965555070208,6.106283444942413,8.548959394827554,10.37910168036964,10.75979097787643,10.955012218720398,11.203301923050152,12.206807646187052,12.334972743571562,13.334414785384796,16.215233831218775,17.593055539260043,,,,,7.995947330231138,10.009610962562856,11.797220780454758,15.72364687614238,9.894850810228549,"rgba(255, 26, 202, 1.0)",1.3780263235757761,9.894850810228549,-2.333664281451379,51.772008152028334,-4.8695614482086995,True,False,True,False,True,0.0,0.0,0.0,0.0,0.0,0,0.8910526315789474,1.0659556786703601,False,False,False,False,-0.0701398005820281,-0.16215783208722434,False,False,False,True,-28258998,-27984254.991798963,False,False,False,False,369745.6983795792,False,False,False,False
2023-05-22 00:00:00+00:00,6.663,7.0,6.572,6.679,406903,,,,,,,,,,,,,,,,,,,,,,,,6.745,6.20413473373685,7.980545199037784,8.372146074385041,9.229130998180281,9.993821943424091,10.11243760010303,10.288895768463675,10.869147337576432,11.78471304630837,12.137852369862175,12.295971114741226,15.709864691109232,16.815967757246298,,,,,,,,,,,,,,,,,,,,6.1751533289627805,6.14946872056303,8.534492502485298,10.363084979240515,10.745998399196637,10.942350156618746,11.190840332950357,12.194999757296628,12.32390072899558,13.323134899487878,16.20105660590754,17.57774299727765,,,,,7.980545199037784,9.993821943424091,11.78471304630837,15.709864691109232,9.61550921815665,"rgba(255, 26, 202, 1.0)",1.3002586413532173,9.61550921815665,-2.270709168357371,54.95553612056696,-2.0070282279215874,True,False,True,False,True,0.0,0.0,0.0,0.0,0.0,0,0.9416002712324124,1.0404305814544839,False,False,False,True,0.07987639118303294,-0.0411407204520957,False,False,False,False,-28665901,-28010986.207806848,False,False,False,False,371202.8474627329,False,False,False,False
2023-05-23 00:00:00+00:00,6.155,6.797,6.111,6.769,322957,,,,,,,,,,,,,,,,,,,,,,,,6.572133238337945,6.216700301128616,7.964807208197694,8.356389982014766,9.21591108923683,9.979904675683313,10.098390871688744,10.274749058997221,10.857816290938283,11.774063581016117,12.127626692365446,12.28629485857273,15.69848053960499,16.803914802380692,,,,,,,,,,,,,,,,,,,,6.196116123035956,6.15990260987873,8.52070343315868,10.349110925382881,10.734056236727405,10.93142407561833,11.18013433378644,12.184994978128364,12.314530905171857,13.313679495046097,16.18937075432736,17.56518305239149,,,,,7.964807208197694,9.979904675683313,11.774063581016117,15.69848053960499,9.599061528194724,"rgba(255, 26, 202, 1.0)",1.247517769358082,9.599061528194724,-2.7607314402959466,52.84213037660433,-2.0070282279215874,True,False,True,False,True,0.0,0.0,0.0,0.0,0.0,1,0.9294893378226712,1.0259539842873178,False,False,False,False,-0.04500049565944262,-0.04307060805576916,False,False,False,False,-28988858,-28049334.121226188,False,False,False,False,369310.85344458657,False,False,False,False
2023-05-24 00:00:00+00:00,5.936,6.14,5.869,6.14,252412,,,,,,,,,,,,,,,,,,,,,,,,6.420402507655719,6.20227566898416,7.949919823357459,8.341985302857328,9.20432861806929,9.967990842167199,10.086399838987612,10.262718804743486,10.84827029083752,11.765199043726446,12.11914553292658,12.278280412080143,15.689248268398623,16.79417868302209,,,,,,,,,,,,,,,,,,,,6.1781501414199065,6.153079416257528,8.508214092718342,10.337244379462227,10.723977431089763,10.922228455007176,11.171156215519897,12.176701167232181,12.306771622070535,13.305912550166939,16.179911446452955,17.55506052531335,,,,,7.949919823357459,9.967990842167199,11.765199043726446,15.689248268398623,9.580883399254997,"rgba(255, 26, 202, 1.0)",1.1960758062989625,9.580883399254997,-3.0473682186862563,49.98325617055398,-2.0070282279215874,True,False,False,False,False,0.0,0.0,0.0,0.0,0.0,1,0.9057625772786569,1.0660484374113774,False,False,False,False,-0.20590684707277987,-0.12448872756427451,False,False,False,False,-29241270,-28096076.70470751,False,False,False,False,364726.58468205377,False,False,False,False
2023-05-25 00:00:00+00:00,5.6,6.001,5.515,6.001,426512,,,,,,,,,,,,,,,,,,,,,,,,6.20391397309074,6.155582933013753,7.921804168722186,8.315234556666171,9.18328245789186,9.946635655573893,10.064942609844769,10.241240943159843,10.831313541790218,11.74956899243771,12.104224754057613,12.264191950238066,15.673244947822603,16.777347436189945,,,,,,,,,,,,,,,,,,,,6.11951734732179,6.125875983494481,8.485109326907137,10.316075928086992,10.706056889120822,10.905902849676108,11.155251671360826,12.162114144411063,12.293132606213229,13.292331971685233,16.16353538069312,17.53758873849402,,,,,7.921804168722186,9.946635655573893,11.74956899243771,15.673244947822603,9.547892033843302,"rgba(255, 26, 202, 1.0)",1.1627607413483305,9.547892033843302,-3.3952746196653925,46.1415737984985,3.7339853653842,True,False,False,True,False,0.0,0.0,0.0,0.0,0.0,1,0.9060226695990526,1.0506118536062707,False,False,False,False,-0.3140949885912841,-0.2192918580777793,False,False,False,False,-29667782,-28157712.20648369,False,False,False,False,367149.54214550264,False,False,False,False
2023-05-26 00:00:00+00:00,5.401,5.699,5.301,5.61,564192,,,,,,,,,,,,,,,,,,,,,,,,5.993186134381091,6.079459811164221,7.881792438520308,8.27751516370362,9.153947053175532,9.91714443775581,10.035345560956454,10.211662435109789,10.808019159575178,11.728206540316094,12.083862631719366,12.244974355315602,15.651650056967277,16.75468375434763,,,,,,,,,,,,,,,,,,,,6.0275638157068165,6.076862087962897,8.452554334599283,10.286937511103183,10.681426743409105,10.883481069721453,11.133440866013638,12.14221056365242,12.274527611661567,13.273879916356485,16.1414596745793,17.514092038735743,,,,,7.881792438520308,9.91714443775581,11.728206540316094,15.651650056967277,9.504979635693093,"rgba(255, 26, 202, 1.0)",1.1356690083716618,9.504979635693093,-3.613711042073286,42.57104813363928,0.4183691107429368,True,False,False,True,False,0.0,0.0,0.0,0.0,0.0,0,0.8862327839241364,1.0829476179724542,False,False,False,False,-0.34282825441539394,-0.2810600562465866,False,False,False,False,-30231974,-28239055.806229427,False,False,False,False,374876.69735548296,False,False,False,False
2023-05-30 00:00:00+00:00,5.29,5.6,5.2,5.589,418626,,,,,,,,,,,,,,,,,,,,,,,,5.882936703793803,6.025170912267562,7.851698168784606,8.249158299460431,9.131874331484532,9.895007985918541,10.013137084743045,10.189476821978097,10.790532290443412,11.712188531363553,12.068599213792908,12.230568114497862,15.635523288813454,16.737772190343524,,,,,,,,,,,,,,,,,,,,5.964685027333525,6.039537692386574,8.428025956796539,10.26508218457383,10.662940154176912,10.866647262625024,11.117071108803271,12.127290408246678,12.26057903807059,13.260063717921831,16.12497996804474,17.49656719085573,,,,,7.851698168784606,9.895007985918541,11.712188531363553,15.635523288813454,9.475581412673534,"rgba(255, 26, 202, 1.0)",1.1253886772818764,9.475581412673534,-3.719231850441988,39.64642201864886,-2.303498875822015,True,False,False,True,False,0.0,0.0,0.0,0.0,0.0,0,0.8722733612273361,1.0847140864714087,False,False,False,False,-0.34282825441539394,-0.3119441553309903,False,False,False,False,-30650600,-28333626.166769452,False,False,False,False,376592.35628271895,False,False,False,False
2023-05-31 00:00:00+00:00,5.089,5.278,5.0,5.2,525017,,,,,,,,,,,,,,,,,,,,,,,,5.746021426293024,5.946785716463057,7.8113988726030446,8.211459769952118,9.102805463949013,9.866087714704578,9.984152919461087,10.160563068187788,10.76779254091157,11.691455001380074,12.048869916484463,12.211954579575416,15.614896492638909,16.716185627678886,,,,,,,,,,,,,,,,,,,,5.875291995957882,5.983070154242874,8.395432815326414,10.236610993321973,10.638890098306941,10.844761626585576,11.09581747397486,12.108007564809805,12.242556437128217,13.242277554276898,16.103921899251908,17.47422470498292,,,,,7.8113988726030446,9.866087714704578,11.691455001380074,15.614896492638909,9.436361485624577,"rgba(255, 26, 202, 1.0)",1.1194843935431538,9.436361485624577,-3.883360510158818,36.74944992824004,-5.04186567799934,False,False,False,True,False,0.0,0.0,0.0,0.0,0.0,0,0.8940998054252032,1.0989756209225134,False,False,False,False,-0.34282825441539394,-0.32738620487319214,False,False,False,False,-31175617,-28445076.787680455,False,False,False,False,382412.93054614175,False,False,False,False
2023-06-01 00:00:00+00:00,5.036,5.6,4.9,5.122,445888,,,,,,,,,,,,,,,,,,,,,,,,5.670786882822846,5.894037467402781,7.778793970561022,8.18072062718962,9.078791471071268,9.842088465889153,9.960087692252195,10.136536661225659,10.74881413624105,11.674098673857996,12.032337517540558,12.196347805469843,15.597535671536416,16.698004207960842,,,,,,,,,,,,,,,,,,,5.1786666666666665,5.817697078938081,5.943100966050013,8.368720338311592,10.212940919507231,10.618835058950284,10.826486757321879,11.078054226343468,12.091845538507862,12.227441997135479,13.22733738337394,16.086192254496382,17.455399124233377,,,,,7.778793970561022,9.842088465889153,11.674098673857996,15.597535671536416,9.05667205583256,"rgba(255, 26, 202, 1.0)",1.1108729215923947,9.05667205583256,-3.619380738949941,34.572484883060675,-7.155293419079683,False,False,False,True,False,0.0,0.0,0.0,0.0,0.0,0,0.8834737264340152,1.093518996046072,True,False,False,False,-0.3026465263118851,-0.31501636559253865,True,False,False,False,-31621505,-28569642.59992828,False,False,False,False,384902.14895609696,False,False,False,False
2023-06-02 00:00:00+00:00,5.153,5.36,5.1,5.297,379173,,,,,,,,,,,,,,,,,,,,,,,,5.623517583545358,5.855983028010786,7.751963749003347,8.155286147747026,9.058733433908191,9.821983823117028,9.939920840140694,10.11639156881451,10.732850343433851,11.65946989994533,12.018393629610506,12.183178891632936,15.582854060821697,16.682622514678062,,,,,,,,,,,,,,,,,,,5.190462287838919,5.777406232890638,5.913150920481406,8.346531231253833,10.19308777447817,10.601976173163003,10.811108921358066,11.063097815296432,12.078211725085017,12.214686433301141,13.214716466341732,16.071195950383476,17.439468949255065,,,,,7.751963749003347,9.821983823117028,11.65946989994533,15.582854060821697,9.035476356456105,"rgba(255, 26, 202, 1.0)",1.0930211313203453,9.035476356456105,-3.5520597408452295,34.392376288329615,-7.506053772454933,False,True,False,True,False,0.0,0.0,0.0,0.0,0.0,0,0.8798762673998968,1.1008764392507302,False,False,False,False,-0.3090774340170228,-0.31204689980478073,False,False,False,False,-31242332,-28674453.9489507,False,False,False,False,384677.4764480147,False,False,False,False
2023-06-05 00:00:00+00:00,5.143,5.3,5.075,5.3,219650,,,,,,,,,,,,,,,,,,,,,,,,5.598518554458561,5.834819194164482,7.7364855952829545,8.140594161886083,9.047114105272959,9.810337675622456,9.928238891738552,10.104722127975364,10.723591976585926,11.650984438805667,12.010304719378105,12.175538464885689,15.574342260440861,16.67370638663815,,,,,,,,,,,,,,,,,,,5.186720766795793,5.755237993967353,5.896159959594321,8.333691028573686,10.181586388392146,10.592200962088373,10.802189064496211,11.054421909303286,12.070302225415,12.207285190925194,13.207394649149006,16.062502417920715,17.430235906809393,,,,,7.7364855952829545,9.810337675622456,11.650984438805667,15.574342260440861,9.022911086989861,"rgba(255, 26, 202, 1.0)",1.0558863745855087,9.022911086989861,-3.6745536076388254,34.21431497374238,-8.01282841930768,False,True,False,True,False,0.0,0.0,0.0,0.0,0.0,0,0.8813882312178782,1.1039441011722586,False,False,False,False,-0.3236456090785945,-0.3178462544416876,False,False,False,False,-31461982,-28783768.774482045,False,False,False,False,378205.81070495537,False,False,False,False
2023-06-06 00:00:00+00:00,5.396,5.396,5.03,5.2,381206,,,,,,,,,,,,,,,,,,,,,,,,5.5700309564119515,5.80621134722201,7.711103915768264,8.116295608666888,9.02763578832238,9.790702125057445,9.908529141842347,10.085013298680975,10.70788890820324,11.636539897236942,11.996518950367108,12.162509148655088,15.559746483470086,16.65840110422527,,,,,,,,,,,,,,,,,,,5.210054079585277,5.726453083575455,5.872332738283489,8.312358076216652,10.162151448195802,10.575634877352357,10.787052775254605,11.039683619861494,12.056819123883805,12.194661582346283,13.194878981519338,16.04758762414068,17.41437696670685,,,,,7.711103915768264,9.790702125057445,11.636539897236942,15.559746483470086,9.004950487999425,"rgba(255, 26, 202, 1.0)",1.023765364446724,9.004950487999425,-3.5251734560778183,36.84147070908212,-8.01282841930768,False,False,False,True,False,0.0,0.0,0.0,0.0,0.0,0,0.8817708631241776,1.0861980209346218,False,False,False,False,-0.31285424124778927,-0.3153502478447384,False,False,False,False,-31080776,-28873847.48920824,False,False,False,False,378323.46518711396,False,False,False,False
2023-06-07 00:00:00+00:00,5.36,5.6,5.224,5.5,278878,,,,,,,,,,,,,,,,,,,,,,,,5.55944864493854,5.791405885165653,7.693767504357225,8.099522527133596,9.013966980509558,9.776825611595672,9.894588206542744,10.071055596658672,10.696712081788323,11.62621373810868,11.986649797231099,12.153174863063153,15.549219815918143,16.647348661953185,,,,,,,,,,,,,,,,,,,5.240253833256589,5.712543369547302,5.859314570904591,8.297551395600285,10.148379267738488,10.563855236835293,10.776273166525595,11.029173734028987,12.047164033127002,12.185616146819804,13.185887008880478,16.03682445138701,17.402916316035267,,,,,7.693767504357225,9.776825611595672,11.62621373810868,15.549219815918143,8.994233259079696,"rgba(255, 26, 202, 1.0)",0.9880236113453301,8.994233259079696,-3.67828583988108,38.32460119847728,-8.01282841930768,False,False,False,True,True,0.0,0.0,0.0,0.0,0.0,0,0.8990220604957925,1.0726063224926083,False,False,False,False,-0.23472591998432246,-0.27503808391453044,False,False,False,False,-31359654,-28971330.097474586,False,False,False,False,374423.6430229134,False,False,False,False
2023-06-08 00:00:00+00:00,5.233,5.5,5.15,5.251,184865,,,,,,,,,,,,,,,,,,,,,,,,5.549251454538253,5.7798279833711,7.681922405566141,8.088109103695263,9.004713018249063,9.76746570822839,9.885189292126727,10.06165136005069,10.689189259285424,11.619277547669594,11.980024569046655,12.146909803952699,15.542184989523031,16.639968852981085,,,,,,,,,,,,,,,,,,,5.245544418219856,5.701235265621767,5.849288658192297,8.287482377189626,10.139101855367986,10.555925136143417,10.769018430747073,11.022104719678229,12.040682898033106,12.179544889733338,13.179861138852123,16.029634494626734,17.395267845018815,,,,,7.681922405566141,9.76746570822839,11.619277547669594,15.542184989523031,8.985850273051033,"rgba(255, 26, 202, 1.0)",0.9660769172738684,8.985850273051033,-3.884628859202064,38.362629003563626,-8.01282841930768,False,False,False,True,True,0.0,0.0,0.0,0.0,0.0,0,0.8992084733215648,1.0798929445931325,False,False,False,False,-0.2684846640664831,-0.27176137399050676,False,False,False,False,-31544519,-29072239.46620107,False,False,False,False,366989.970747505,False,False,False,False
2023-06-09 00:00:00+00:00,5.3,5.42,5.218,5.281,271293,,,,,,,,,,,,,,,,,,,,,,,,5.53661080722571,5.764387389959013,7.664881575758335,8.071635656626786,8.991282404053832,9.753856431713647,9.871520336101057,10.047970126222346,10.678224614435779,11.609155447473084,11.970352229275743,12.137760944584237,15.531897139748375,16.629173665597296,,,,,,,,,,,,,,,,,,,5.25397116148909,5.686405067390525,5.8356686575311425,8.27291730491351,10.125602378693863,10.544371077188693,10.758442198855958,11.01179540283143,12.03121998446454,12.17067821748739,13.171055220856026,16.019118490801485,17.38407802128694,,,,,7.664881575758335,9.753856431713647,11.609155447473084,15.531897139748375,8.974013512610204,"rgba(255, 26, 202, 1.0)",0.9463850659072461,8.974013512610204,-3.882154996907241,39.17884887625303,-8.01282841930768,False,False,False,True,True,0.0,0.0,0.0,0.0,0.0,0,0.904183073674599,1.0755007704160247,False,False,False,False,-0.270834197594797,-0.27129778579265185,False,False,False,False,-31273226,-29158552.66360495,False,False,False,False,363237.14836525,False,False,False,False
2023-06-12 00:00:00+00:00,5.593,5.7,5.15,5.32,336355,,,,,,,,,,,,,,,,,,,,,,,,5.5331558339568785,5.753231732755116,7.645579164195132,8.052710752809041,8.975521694345767,9.737733549291692,9.855307905402135,10.031716003703865,10.665116893711328,11.596985174479647,11.958701368894358,12.126730866776176,15.5193803667253,16.616016756521034,,,,,,,,,,,,,,,,,,,5.284549001698362,5.67712458415888,5.824848463473169,8.25607172023019,10.109551645784265,10.53057525902924,10.745789914348343,10.999441270554854,12.019817582040485,12.159985917447496,13.16039806711338,16.006313680290045,17.370426438445428,,,,,7.645579164195132,9.737733549291692,11.596985174479647,15.5193803667253,8.962676475743137,"rgba(255, 26, 202, 1.0)",0.9196741681132424,8.962676475743137,-3.663989478639155,42.80871642528126,-13.604157186491626,True,False,False,True,True,0.0,0.0,0.0,0.0,0.0,0,0.9094414516586333,1.0618656081655797,False,False,False,False,-0.2297280693736119,-0.2505129275831319,False,False,False,False,-30936871,-29228290.637581225,False,False,False,False,362182.94646857353,False,False,False,False
2023-06-13 00:00:00+00:00,5.86,5.86,5.52801,5.601,435375,,,,,,,,,,,,,,,,,,,,,,,,5.549246596588219,5.753042885243203,7.6241304339380145,8.03113479120491,8.956880577747295,9.718348257041388,9.835776081340997,10.01207833306703,10.649121376383384,11.581991694733608,11.944304723046917,12.113082081179478,15.503656833081328,16.599441903044493,,,,,,,,,,,,,,,,,,,5.3535496163694924,5.6811143855112824,5.821979845731424,8.236645919757532,10.090134673788446,10.513772338554517,10.73033284086949,10.984305506317316,12.005720492350957,12.146750551396838,13.14712780692819,15.990206759047132,17.353200141133023,,,,,7.6241304339380145,9.718348257041388,11.581991694733608,15.503656833081328,8.95368056847927,"rgba(255, 26, 202, 1.0)",0.891329234527631,8.95368056847927,-3.470861774346262,47.48432340768274,-9.040215903888623,True,False,False,False,True,0.0,0.0,0.0,0.0,0.0,0,0.9241638005418223,1.0683736542704254,False,False,False,False,-0.11706844372483406,-0.18379068565398296,False,False,False,False,-30501496,-29278220.259636868,False,False,False,False,365053.2230776491,False,False,False,False
2023-06-14 00:00:00+00:00,5.395,5.69,5.313,5.596,589010,,,,,,,,,,,,,,,,,,,,,,,,5.541630768424497,5.735373918204944,7.591603055805578,7.999034719152583,8.92980391528755,9.690569321107311,9.807833965226024,9.984048859525492,10.626404492529685,11.560849826231545,11.924047748372994,12.093891623685687,15.481849597108964,16.57651495825485,,,,,,,,,,,,,,,,,,,5.3723571616217916,5.66615329250372,5.80457874400407,8.207899667710736,10.062442654301375,10.48988634328244,10.708391957302949,10.962866199259652,11.985890247425942,12.128142237529566,13.128565480483275,15.967895707753595,17.329409082383815,,,,,7.591603055805578,9.690569321107311,11.560849826231545,15.481849597108964,8.932583342864044,"rgba(255, 26, 202, 1.0)",0.871916830482453,8.932583342864044,-4.057248603524045,46.69644470686447,-9.040215903888623,True,False,False,False,True,0.0,0.0,0.0,0.0,0.0,0,0.9075302743936107,1.0624285090572836,False,False,False,False,-0.18688151682221427,-0.18533610123809863,False,False,False,False,-31090506,-29349290.288670715,False,False,False,False,373835.8417804864,False,False,False,False
2023-06-15 00:00:00+00:00,5.317,5.35,5.2,5.2,276747,,,,,,,,,,,,,,,,,,,,,,,,5.5312191238999775,5.722826883805043,7.5754115948603165,7.98319363592763,8.916583721022135,9.677100685022321,9.79429816606437,9.970486910955815,10.615435813454338,11.550679671030348,11.9143140040873,12.084673404316234,15.471455636675717,16.56560419007528,,,,,,,,,,,,,,,,,,,5.366283919867981,5.654218712417167,5.793003109520494,8.193739524389102,10.049049100067027,10.47834871105405,10.69780010398924,10.952527823904422,11.976362636380522,12.11920351072497,13.11967414861324,15.957269338862261,17.318097392523615,,,,,7.5754115948603165,9.677100685022321,11.550679671030348,15.471455636675717,8.920644192585979,"rgba(255, 26, 202, 1.0)",0.8530168588256203,8.920644192585979,-4.224587304812766,45.62013750531038,-9.040215903888623,True,False,False,True,True,0.0,0.0,0.0,0.0,0.0,0,0.9018945119881586,1.059298299638429,False,False,False,False,-0.2828068770419351,-0.23407148914001685,False,False,False,False,-31367253,-29428426.081271864,False,False,False,False,370028.4362204673,False,False,False,False
2023-06-16 00:00:00+00:00,5.4,5.449,5.318,5.44,133464,,,,,,,,,,,,,,,,,,,,,,,,5.5284475579503285,5.718362133655489,7.56802218379351,7.975901225850589,8.910417213787236,9.670782070708063,9.787943582069772,9.964113600502687,10.61026116506784,11.545864931795878,11.909700707647001,12.08030203323658,15.46649977181384,16.560396493519388,,,,,,,,,,,,,,,,,,,5.367054991318032,5.650232163459188,5.788675593894486,8.1871930515424,10.042751884342989,10.472909719642566,10.692801026907775,10.947643288899984,11.97184609748682,12.114964058111722,13.115448085927753,15.952200187391353,17.312695097175332,,,,,7.56802218379351,9.670782070708063,11.545864931795878,15.46649977181384,8.915546209516133,"rgba(255, 26, 202, 1.0)",0.835821858686853,8.915546209516133,-4.206095082317367,45.67751843460684,-9.040215903888623,True,False,False,True,True,0.0,0.0,0.0,0.0,0.0,0,0.9210190625472279,1.0491604222121726,False,False,False,False,-0.23632531321352623,-0.23519840117677154,False,False,False,False,-31233789,-29499224.627104342,False,False,False,False,360751.3995059392,False,False,False,False
2023-06-20 00:00:00+00:00,5.6,5.8,5.4,5.4,376615,,,,,,,,,,,,,,,,,,,,,,,,5.532177275356769,5.714057528846106,7.549430482459728,7.957203053248457,8.894167672970532,9.653925620360686,9.770965762349899,9.947049371403939,10.596302066060604,11.532783188941137,11.897137902384094,12.068385421788363,15.452833572223328,16.54600436948107,,,,,,,,,,,,,,,,,,,5.3874171121406995,5.648188227121465,5.7831399207967875,8.170264254854434,10.02587506097591,10.458258618363507,10.679304216048543,10.934427464710154,11.959541894379372,12.103404112087754,13.103872646200609,15.938207210896156,17.29774629433731,,,,,7.549430482459728,9.653925620360686,11.532783188941137,15.452833572223328,8.904580834688641,"rgba(255, 26, 202, 1.0)",0.8111372703498692,8.904580834688641,-4.074009363745882,47.49173059049389,-8.42990078795033,True,False,False,False,True,0.0,0.0,0.0,0.0,0.0,1,0.927805286475197,1.0274478303816343,False,False,False,False,-0.1462990344319615,-0.19074871780436653,False,False,False,False,-30857174,-29552477.543688487,False,False,False,False,361373.5014860985,False,False,False,False
2023-06-21 00:00:00+00:00,5.621,5.75,5.35,5.6,374531,,,,,,,,,,,,,,,,,,,,,,,,5.534221977990093,5.7091572611428365,7.531041684447509,7.938693454514827,8.878037563796891,9.637192326576702,9.754112118467427,9.930109395351959,10.582424375365253,11.519773305095573,11.884642089481538,12.056530066909817,15.439244264825883,16.53169497675565,,,,,,,,,,,,,,,,,,,5.402312582380429,5.645290014423585,5.777201332007814,8.153477172657581,10.009119200392806,10.443697197779317,10.665883629131837,10.921284832060035,11.947302340013117,12.091902360088966,13.092356294138305,15.924293779115136,17.282884624019538,,,,,7.531041684447509,9.637192326576702,11.519773305095573,15.439244264825883,8.893248692653858,"rgba(255, 26, 202, 1.0)",0.7747026123984239,8.893248692653858,-4.223877188852132,48.88409160549726,-6.853914850048888,True,False,False,False,True,0.0,0.0,0.0,0.0,0.0,1,0.9198031803015562,1.0319185630468846,False,False,False,False,-0.1668313044409256,-0.17879001112264606,False,False,False,False,-30482643,-29588954.620406587,False,False,False,False,361889.481819977,False,False,False,False
2023-06-22 00:00:00+00:00,6.171,6.186,5.5,5.65,513054,,,,,,,,,,,,,,,,,,,,,,,5.952333333333333,5.5606636182758855,5.720253935998576,7.511167309191184,7.917785430563165,8.8586974501701,9.616607039709994,9.733314971001493,9.909114551247201,10.564965763644487,11.503172639383662,11.868626829807926,12.04130450131031,15.421401606645109,16.512828897970543,,,,,,,,,,,,,,,,,,,5.456620645952557,5.660820373236143,5.783748427423541,8.13415459572722,9.988311915447165,10.425430539672062,10.648972056683522,10.904653006607367,11.93160346040684,12.077123708281338,13.077429240294064,15.905989940841694,17.2632437082828,,,,,7.511167309191184,9.616607039709994,11.503172639383662,15.421401606645109,8.58597072165383,"rgba(255, 26, 202, 1.0)",0.7379951248643916,8.58597072165383,-3.2723396676876235,53.749023159583075,-2.10748788302584,True,False,True,False,True,0.0,0.0,0.0,0.0,0.0,0,0.9250512362388361,1.0050446283300785,False,False,False,False,-0.047923739425266815,-0.11335687527395644,False,False,False,False,-29969589,-29603881.458822016,False,False,False,False,367817.5021407622,False,False,False,False
2023-06-23 00:00:00+00:00,5.512,6.099,5.449,6.099,480124,,,,,,,,,,,,,,,,,,,,,,,5.823904247442719,5.5677040191588025,5.718878386349878,7.489923156176526,7.896022816063865,8.839195501593975,9.59616859617983,9.712704632147366,9.888361252251547,10.547812405513994,11.48698765343597,11.853048138778593,12.026506143901358,15.404298086920997,16.494791956804534,,,,,,,,,,,,,,,,,,,5.476079098933893,5.661988487401009,5.7804668899390705,8.114212335997601,9.967763482045196,10.407463088640082,10.632366481038494,10.888359663045968,11.916337043355176,12.062760813157078,13.062997947372471,15.888466122502436,17.24449474497457,,,,,7.489923156176526,9.59616859617983,11.48698765343597,15.404298086920997,8.56747051660672,"rgba(255, 26, 202, 1.0)",0.7105245183457465,8.56747051660672,-4.300302716816179,51.83769279540384,-2.10748788302584,True,False,True,False,True,0.0,0.0,0.0,0.0,0.0,0,0.9271526395026951,1.0148423086556306,False,False,False,False,-0.07568151927596582,-0.09451919727496114,False,False,False,False,-30449713,-29637051.323181935,False,False,False,False,372221.678527399,False,False,False,False
2023-06-26 00:00:00+00:00,5.399,5.749,5.306,5.565,204546,,,,,,,,,,,,,,,,,,,,,,,5.765969622940399,5.5657733382965455,5.7148619983494156,7.480025009688669,7.886043831922429,8.830432080584059,9.587079122092701,9.703550339396031,9.87915952865115,10.540239044866846,11.479880553775322,11.846218379461206,12.020022345366495,15.396878674381217,16.48698269381409,,,,,,,,,,,,,,,,,,,5.476377793056379,5.658638799965756,5.776267691994401,8.105115986259245,9.958658546152632,10.399524013844559,10.625038192982867,10.881180758674626,11.909645622275043,12.056468184794886,13.056699028310947,15.880871276041193,17.23638632768494,,,,,7.480025009688669,9.587079122092701,11.479880553775322,15.396878674381217,8.55800173164776,"rgba(255, 26, 202, 1.0)",0.6844335786640563,8.55800173164776,-4.615497880471916,49.860368331984795,-2.10748788302584,True,False,False,False,False,0.0,0.0,0.0,0.0,0.0,0,0.9129779556703896,1.0270532066117393,False,False,False,False,-0.1761154769336376,-0.13531733710429938,False,False,False,False,-30654259,-29676941.820312057,False,False,False,False,365646.161722403,False,False,False,False
2023-06-27 00:00:00+00:00,5.327,5.45151,5.24,5.336,243492,,,,,,,,,,,,,,,,,,,,,,,5.693918570364654,5.559679362314272,5.707352845774982,7.467520897533117,7.873560369308318,8.819609561664576,9.575930230821468,9.692331417119615,9.86789560394074,10.530995169284857,11.471237837880123,11.837922207668926,12.012149686330563,15.387931913295672,16.477578498553463,,,,,,,,,,,,,,,,,,,5.470935861574813,5.651620159592532,5.769009458794759,8.093774061438042,9.947518003816443,10.389828494797916,10.616096153015597,10.87243059518126,11.901518710762472,12.048827988589446,13.049070931990228,15.87171876069216,17.226629565963457,,,,,7.467520897533117,9.575930230821468,11.471237837880123,15.387931913295672,8.545458343094351,"rgba(255, 26, 202, 1.0)",0.6576793690178485,8.545458343094351,-4.893658665164859,48.08507878116193,-2.10748788302584,True,False,False,False,False,0.0,0.0,0.0,0.0,0.0,1,0.914776854168348,1.0399478115836762,False,False,False,False,-0.25237230355251083,-0.1938448203284051,False,False,False,False,-30897751,-29724816.69010374,False,False,False,False,360855.80243917153,False,False,False,False
2023-06-28 00:00:00+00:00,5.28,5.303,5.115,5.294,245131,,,,,,,,,,,,,,,,,,,,,,,5.626870008944382,5.551046925207036,5.6979814374392985,7.45445469479366,7.860591237230637,8.808449360389037,9.564483691954736,9.680819306839208,9.856345975312282,10.521531374714018,11.462410314000817,11.829454574991056,12.004116156298267,15.37884540075466,16.468036356710837,,,,,,,,,,,,,,,,,,5.232666666666667,5.461765893677219,5.642545160498331,5.760184065777922,8.082010095770801,9.936097845842474,10.3798994807703,10.606942779588469,10.863479841960894,11.893224503192524,12.041031701760122,13.041300498402613,15.862427374293121,17.21673514621218,,,,,7.45445469479366,9.564483691954736,11.462410314000817,15.37884540075466,8.202528807868909,"rgba(255, 26, 202, 1.0)",0.6503175543076812,8.202528807868909,-4.494002643032127,46.58983783121518,2.570690940388161,True,False,False,True,False,0.0,0.0,0.0,0.0,0.0,1,0.9067299187907052,1.0430972099380882,False,False,False,False,-0.3116627426191169,-0.25275378147376104,False,False,False,False,-31142882,-29780427.0944134,False,False,False,False,356317.5748925374,False,False,False,False
2023-06-29 00:00:00+00:00,5.364,5.449,5.21,5.3,240812,,,,,,,,,,,,,,,,,,,,,,,5.591148551299261,5.5457375168548575,5.691189690147758,7.442385292391699,7.848494177830163,8.797883322258095,9.553577182970507,9.669841784499166,9.845320280122213,10.512456947443232,11.45391299604054,11.821293507856446,11.99636865159176,15.370029944902823,16.458768329053505,,,,,,,,,,,,,,,,,,5.286351906842298,5.4573663540577915,5.63626214072261,5.753515812389903,8.070983043687695,9.925189809230416,10.37038707617646,10.598161589764196,10.854883056344184,11.885228698574956,12.033511716731018,13.033787697585783,15.85340834710573,17.20711866462886,,,,,7.442385292391699,9.553577182970507,11.45391299604054,15.370029944902823,8.195252426553653,"rgba(255, 26, 202, 1.0)",0.6387191273187971,8.195252426553653,-4.432703367501503,46.338343872567165,2.1540416502904094,True,False,False,True,False,0.0,0.0,0.0,0.0,0.0,1,0.9119736242528212,1.0406358056128877,False,False,False,False,-0.25932193561385514,-0.2560378585438081,False,False,False,False,-30902070,-29824413.090710916,False,False,False,False,351787.9445045947,False,False,False,False
2023-06-30 00:00:00+00:00,5.346,5.408,5.15,5.366,369564,,,,,,,,,,,,,,,,,,,,,,,5.544514598832046,5.536610656512326,5.680129737528971,7.423784049073672,7.829863468409395,8.78160809308152,9.53679196756848,9.6529492516071,9.828355855314008,10.498486126215269,11.440833983308064,11.808732494904952,11.98444320641898,15.356477922008978,16.444524428699168,,,,,,,,,,,,,,,,,,5.2928236199898615,5.4491047404965745,5.625884218855822,5.742739812780288,8.053988397850441,9.908406081411849,10.355743853519764,10.584641030108658,10.841647327218938,11.872921611183056,12.021935681171952,13.02222728529462,15.839545146992913,17.192341676679835,,,,,7.423784049073672,9.53679196756848,11.440833983308064,15.356477922008978,8.180445343484152,"rgba(255, 26, 202, 1.0)",0.6298961925052533,8.180445343484152,-4.499861052042338,46.02922782564387,1.594446911056096,True,False,False,True,False,0.0,0.0,0.0,0.0,0.0,1,0.9138975631889397,1.0345370592788319,False,False,False,False,-0.2810731343984413,-0.2685554964711247,False,False,False,False,-31271634,-29881166.851859506,False,False,False,False,352485.0447201008,False,False,False,False
2023-07-03 00:00:00+00:00,5.801,5.9,5.25,5.251,478765,,,,,,,,,,,,,,,,,,,,,,,5.562768075850685,5.5418584264851765,5.679073478724445,7.404045922877005,7.8094050141173526,8.762839559797778,9.517018614674056,9.63299809492369,9.808245943964845,10.48170605352857,11.424931234450098,11.793400533355523,11.969860469344775,15.339583094681721,16.426701883198305,,,,,,,,,,,,,,,,,,5.421105662863344,5.4620216428773745,5.6268277613249635,5.739972400278054,8.035032099522432,9.888476761998527,10.338200291235689,10.568377906146113,10.825668370850698,11.857889300503563,12.00777385440318,13.007976872796087,15.82223262218335,17.173813006685187,,,,,7.404045922877005,9.517018614674056,11.424931234450098,15.339583094681721,8.176528665824545,"rgba(255, 26, 202, 1.0)",0.6196560810143158,8.176528665824545,-3.8336243903812566,49.5484775564229,1.594446911056096,True,False,False,False,True,0.0,0.0,0.0,0.0,0.0,1,0.9322557828831896,1.0028292248447852,False,False,False,False,-0.15654880314922204,-0.21255214981017337,False,False,False,False,-30792869,-29916919.877276782,False,False,False,False,357437.19982911646,False,False,False,False
2023-07-05 00:00:00+00:00,5.54,5.797,5.425,5.725,316142,,,,,,,,,,,,,,,,,,,,,,,5.565280054849167,5.543203120708094,5.676975133895803,7.390791746908081,7.795716880201877,8.750320652862616,9.503860694869362,9.619725777619072,9.794872988458033,10.47054557176431,11.414363955091664,11.783214788594766,11.960172200241033,15.328386840939913,16.41489676963807,,,,,,,,,,,,,,,,,,5.452947096708259,5.4671171951630155,5.625846317840706,5.737012396049143,8.022351395094582,9.875224714956468,10.326532597097273,10.557560732386115,10.815043042025998,11.847902455862732,11.998364532922276,12.99851677290568,15.810762284489336,17.161543868922088,,,,,7.390791746908081,9.503860694869362,11.414363955091664,15.328386840939913,8.170264603227483,"rgba(255, 26, 202, 1.0)",0.6027447080334628,8.170264603227483,-4.363812022189431,49.73673294371193,1.594446911056096,True,False,False,False,True,0.0,0.0,0.0,0.0,0.0,1,0.9412908746726135,1.0033192438347638,False,False,False,False,-0.1417989118312847,-0.17717553082072904,False,False,False,False,-31109011,-29963668.548756123,False,False,False,False,355817.78022797464,False,False,False,False
2023-07-06 00:00:00+00:00,5.367,5.562,5.24,5.54,358126,,,,,,,,,,,,,,,,,,,,,,,5.547049281352072,5.538226807810361,5.669718918605693,7.374388875080853,7.779043468296315,8.735379100943295,9.488314513642463,9.60406382236152,9.779119198477263,10.457455017731103,11.40203494404141,11.771349857745314,11.948893479915101,15.315477989934292,16.401311382076518,,,,,,,,,,,,,,,,,,5.441664091495978,5.463706681255727,5.6193798221706315,5.729546100611039,8.006991203143624,9.859623585634706,10.312836065550382,10.544878562853537,10.8026054622515,11.836271726084515,11.987411292080676,12.987544411376787,15.797549064602274,17.14743990220559,,,,,7.374388875080853,9.488314513642463,11.40203494404141,15.315477989934292,8.157801276165475,"rgba(255, 26, 202, 1.0)",0.5895994517575424,8.157801276165475,-4.7333851275579555,48.576139938812865,1.594446911056096,True,False,False,False,True,0.0,0.0,0.0,0.0,0.0,1,0.9478397076099726,1.013992951311839,False,False,False,False,-0.22892614666789113,-0.20305083874431007,False,False,False,False,-31467137,-30022628.095863726,False,False,False,False,355908.29865040706,False,False,False,False
2023-07-07 00:00:00+00:00,5.539,5.599,5.3,5.32,233046,,,,,,,,,,,,,,,,,,,,,,,5.542764247613637,5.537010328844629,5.666640540064925,7.364334315817283,7.768719547666429,8.725985901883451,9.478480921540122,9.594149665210445,9.769136178695277,10.449122754689405,11.394158309232544,11.763760678961399,11.941674817258097,15.307171435418395,16.39256067042341,,,,,,,,,,,,,,,,,,5.445580366014657,5.464141990027634,5.616928305337837,5.726094458568429,7.9974308017556845,9.849731988717924,10.3041255535162,10.536802141547097,10.79467601202991,11.828830607753044,11.980399691959802,12.980505329693791,15.78904263127507,17.138349914991387,,,,,7.364334315817283,9.478480921540122,11.394158309232544,15.307171435418395,8.151300716438676,"rgba(255, 26, 202, 1.0)",0.5876431987254593,8.151300716438676,-4.4453857750834205,49.19372390932691,1.594446911056096,True,False,False,False,True,0.0,0.0,0.0,0.0,0.0,1,0.9604728578543157,0.9984797253020888,False,False,False,False,-0.20854538813044624,-0.20579811343737814,False,False,False,False,-31234091,-30070136.445045542,False,False,False,False,351090.1692915676,False,False,False,False
2023-07-10 00:00:00+00:00,5.57,5.65,5.31,5.5,315357,,,,,,,,,,,,,,,,,,,,,,,5.5401799494817485,5.536275889924389,5.663286617564712,7.351115790102372,7.755081116465111,8.713480262527826,9.465352148223095,9.580908919955395,9.75579681439855,10.437961177584667,11.383588061545494,11.753570102682039,11.931978391995685,15.295988352900363,16.38077475300774,,,,,,,,,,,,,,,,,,5.453525471758007,5.465807846068061,5.614454026376389,5.722134519967947,7.984764421476696,9.836511053983054,10.292462986385825,10.525980095059404,10.784045135515042,11.818837504557294,11.97098028346806,12.971039913445193,15.777588236031876,17.126104198325127,,,,,7.351115790102372,9.465352148223095,11.383588061545494,15.295988352900363,8.143135615218188,"rgba(255, 26, 202, 1.0)",0.5710421836386309,8.143135615218188,-4.506034210681937,49.85600267621411,1.594446911056096,True,False,False,False,True,0.0,0.0,0.0,0.0,0.0,1,0.9625497386283839,0.9849158669475433,False,False,False,False,-0.19581656101653064,-0.20080733722695437,False,False,False,False,-30918734,-30103414.780533955,False,False,False,False,349688.8685350355,False,False,False,False
2023-07-11 00:00:00+00:00,5.8,5.967,5.499,5.54,568467,,,,,,,,,,,,,,,,,,,,,,5.755333333333333,5.5669628738241315,5.5465112925414015,5.6667073014301055,7.330870388791746,7.733549401841523,8.692889109395951,9.44335853837932,9.558681978649227,9.733338264705313,10.418963407779563,11.365421477044485,11.736002598884792,11.915238048954935,15.276397691170207,16.36007166936151,,,,,,,,,,,,,,,,,,5.508419968686775,5.483601516372754,5.620095056139884,5.7231961079270395,7.964486190538432,9.814221104805306,10.272653718300297,10.507537777201408,10.765875833675707,11.801600817435194,11.95471193503543,12.954596930905122,15.757496557628425,17.104559760874547,,,,,7.330870388791746,9.44335853837932,11.365421477044485,15.276397691170207,7.855362658215961,"rgba(255, 26, 202, 1.0)",0.5569078844036884,7.855362658215961,-3.6906689881339174,52.089600485229006,-2.572733854627728,True,False,True,False,True,0.0,0.0,0.0,0.0,0.0,1,0.9688155611385946,0.9825429304048281,False,False,False,False,-0.0922278367658251,-0.14651758699638973,False,False,False,False,-30350267,-30113095.259728704,False,False,False,False,358268.403102289,False,False,False,False
2023-07-12 00:00:00+00:00,5.612,5.948,5.54,5.8,331740,,,,,,,,,,,,,,,,,,,,,,5.734942156637307,5.575972763292902,5.550585400496157,5.667413990546101,7.318884749124214,7.720851546245035,8.680780798909723,9.43045304642673,9.54564297342472,9.720167586571781,10.40781725079378,11.354770067815908,11.725703794426945,11.90542337883268,15.264936082741855,16.347964371511534,,,,,,,,,,,,,,,,,,5.526803538849438,5.491093940557081,5.621919565057098,5.7227711835860795,7.952529826108383,9.801149714683184,10.261032731436508,10.496716590672126,10.755216897326957,11.7914955774291,11.945173125199169,12.944962402783013,15.745744187239636,17.091963651503526,,,,,7.318884749124214,9.43045304642673,11.354770067815908,15.264936082741855,7.849137312537264,"rgba(255, 26, 202, 1.0)",0.5434447905350095,7.849137312537264,-4.116586176739042,51.88015808610057,-2.572733854627728,True,False,False,False,True,0.0,0.0,0.0,0.0,0.0,1,0.9613598460551636,0.9851186658114174,False,False,False,False,-0.08778400917696122,-0.11715079808667547,False,False,False,False,-30682007,-30135405.524053067,False,False,False,False,357228.07356886595,False,False,False,False
2023-07-13 00:00:00+00:00,5.677,5.9,5.58,5.6,552339,,,,,,,,,,,,,,,,,,,,,,5.7288800595643785,5.590466213387075,5.557713315104225,5.6691748938391076,7.299544750656514,7.700253615313998,8.6609637895336,9.409270449461529,9.524234055537052,9.698531272310344,10.38944995847261,11.337183599146655,11.70868810806786,11.88920060576263,15.245951318469876,16.32790277735343,,,,,,,,,,,,,,,,,,5.5532801300448345,5.503515930724264,5.625475119796345,5.722659565671823,7.933066014075529,9.779669448644935,10.241894621959643,10.478878191186551,10.737635521686414,11.774796902452117,11.929403746520283,12.929019717158301,15.726274487281774,17.071087929108316,,,,,7.299544750656514,9.409270449461529,11.337183599146655,15.245951318469876,7.840227845848537,"rgba(255, 26, 202, 1.0)",0.5288574552062282,7.840227845848537,-4.090379788642641,52.27655771861255,-1.9816096531170402,True,False,True,False,True,0.0,0.0,0.0,0.0,0.0,1,0.9642081043078103,0.9882398057011377,False,False,False,False,-0.08939953723614841,-0.10327516766141194,False,False,False,False,-30129668,-30135180.523109812,False,False,False,False,364879.4824485183,False,False,False,False
2023-07-14 00:00:00+00:00,5.34,5.7,5.287,5.66,661132,,,,,,,,,,,,,,,,,,,,,,5.639251833218367,5.574442326091702,5.552150002211524,5.660270244288906,7.273055321251486,7.672783110057787,8.635391214491001,9.382354096670857,9.497080728856478,9.671159755348834,10.366362034880456,11.315247394385404,11.687512269827307,11.869028296821071,15.222669176988894,16.30336540494631,,,,,,,,,,,,,,,,,,5.537575478007457,5.49976880738909,5.617783600080819,5.713068147995402,7.907353819410636,9.752521971633055,10.217809550977766,10.456469623160789,10.71560064202263,11.754021816493614,11.909796805463236,12.909300372036768,15.702427520844031,17.045594374526665,,,,,7.273055321251486,9.382354096670857,11.315247394385404,15.222669176988894,7.817112615402252,"rgba(255, 26, 202, 1.0)",0.5158597382514253,7.817112615402252,-4.801911123746064,49.72962738469097,-1.9816096531170402,True,False,False,False,False,0.0,0.0,0.0,0.0,0.0,1,0.952074810052601,0.9981704063222625,False,False,False,False,-0.19020266610718742,-0.14673891688429969,False,False,False,False,-30790800,-30160891.090830997,False,False,False,False,376497.2282348509,False,False,False,False
2023-07-17 00:00:00+00:00,5.296,5.4,5.205,5.34,335592,,,,,,,,,,,,,,,,,,,,,,5.59281418558727,5.560174811847224,5.546133979575235,5.653238300379766,7.258875602120919,7.658221657632689,8.621994997900627,9.368343187644932,9.48295753650477,9.656938149487592,10.35438922216917,11.303907161069061,11.676574876931758,11.858611836635388,15.210722402390905,16.290790171163252,,,,,,,,,,,,,,,,,,5.521671926597343,5.493755683460702,5.611157426513165,5.706022261543993,7.8937641118853925,9.738421755579024,10.205315386109325,10.444851138363285,10.704186404984858,11.743292330479743,11.899672037685518,12.899140886561646,15.690198072348602,17.032538671448023,,,,,7.258875602120919,9.368343187644932,11.303907161069061,15.210722402390905,7.803661386294363,"rgba(255, 26, 202, 1.0)",0.5103726750000107,7.803661386294363,-4.913392720905973,47.69966843634647,1.9112080240534866,True,False,False,False,False,0.0,0.0,0.0,0.0,0.0,1,0.9420781021335592,1.0241341241110171,False,False,False,False,-0.27092020305175946,-0.20882955996802957,False,False,False,False,-31126392,-30198753.871582724,False,False,False,False,374893.1016374058,False,False,False,False
2023-07-18 00:00:00+00:00,5.26,5.3,5.22,5.299,369608,,,,,,,,,,,,,,,,,,,,,,5.549175977226873,5.543899850767032,5.538798225629581,5.644955273895174,7.243175852282975,7.642118877528679,8.607187265449422,9.352871099378557,9.46736345362488,9.641237715413702,10.341163436796421,11.291383270802681,11.664496197210008,11.847107394312502,15.197544520888854,16.276922812160244,,,,,,,,,,,,,,,,,,5.503680993222555,5.48624287328348,5.603266139478128,5.697791098085154,7.878729711730218,9.722855119875815,10.191515511790367,10.432015582128821,10.691577344742152,11.731442782093529,11.888488913134198,12.887923747154932,15.676710107297149,17.01814385525817,,,,,7.243175852282975,9.352871099378557,11.291383270802681,15.197544520888854,7.788981070116501,"rgba(255, 26, 202, 1.0)",0.5021086124913788,7.788981070116501,-5.036721153951374,46.05997669074184,0.299418225377309,False,False,False,True,False,0.0,0.0,0.0,0.0,0.0,1,0.9369150960611037,1.0335757670550818,False,False,False,False,-0.28932328204400404,-0.2490764210060168,False,False,False,False,-31496000,-30249626.26877556,False,False,False,False,374685.84274966444,False,False,False,False
2023-07-19 00:00:00+00:00,5.32,5.473,5.277,5.298,359213,,,,,,,,,,,,,,,,,,,,,,5.527417051200442,5.534527742247924,5.534370479125979,5.639172041593451,7.228884477109493,7.62730156189233,8.593332472549232,9.338297932428889,9.45266358587018,9.626420220240123,10.328618544210164,11.279455524247977,11.652977243736496,11.836128398956516,15.18489491764877,16.26359679558464,,,,,,,,,,,,,,,,,,5.494472772785655,5.4823180667681335,5.597995469495747,5.691780635408251,7.864815034533556,9.708155087674637,10.178438801480416,10.419833785443158,10.679595847178218,11.72013933099031,11.877814321978533,12.877191357750482,15.663756205282404,17.004302313809248,,,,,7.228884477109493,9.338297932428889,11.279455524247977,15.18489491764877,7.777420580461798,"rgba(255, 26, 202, 1.0)",0.4974100307975477,7.777420580461798,-4.940432295910011,45.63128757140283,-0.19193271350078334,False,False,False,True,False,0.0,0.0,0.0,0.0,0.0,1,0.9325311445799133,1.041065689165139,False,False,False,False,-0.23992833386970577,-0.2445023774378613,False,False,False,False,-31136787,-30284416.885686323,False,False,False,False,374079.0646026188,False,False,False,False
2023-07-20 00:00:00+00:00,5.246,5.398,5.2,5.398,279727,,,,,,,,,,,,,,,,,,,,,,5.507509623988307,5.525028609884392,5.529669164969075,5.633668010375331,7.2174627488979874,7.6155169645238665,8.58237575255389,9.326809567056408,9.441079888653489,9.614749968244578,10.31874585450169,11.270082561579226,11.643929302646095,11.82750540320432,15.174991563529785,16.253170519508497,,,,,,,,,,,,,,,,,,5.484560349668647,5.477686653020597,5.592811251141097,5.686225220538177,7.853762979337027,9.69657923349349,10.168146235591603,10.410247436997814,10.670171279940853,11.71126093424484,11.869430168711295,12.868771467040398,15.653617655512209,16.993476772658283,,,,,7.2174627488979874,9.326809567056408,11.270082561579226,15.174991563529785,7.767640339668917,"rgba(255, 26, 202, 1.0)",0.4843670330462025,7.767640339668917,-5.206052781524427,44.6719683429574,-1.2308454841194703,False,True,False,True,False,0.0,0.0,0.0,0.0,0.0,1,0.910435782884353,1.0513094887777212,False,False,False,False,-0.272428843340137,-0.2584656103889992,False,False,False,False,-31416514,-30328812.850953527,False,False,False,False,370378.9836378103,False,False,False,False
2023-07-21 00:00:00+00:00,5.053,5.3,4.976,5.3,789216,,,,,,,,,,,,,,,,,,,,,,5.433579434730214,5.4852708635977345,5.508749279917363,5.611873953760651,7.183153926238522,7.5804984836956715,8.5502624116662,9.293383842289744,9.407407468250264,9.580868088486508,10.290156132675866,11.243041571797221,11.617854571165031,11.802663710748893,15.146673951001484,16.223401885854724,,,,,,,,,,,,,,,,,,5.441075180197307,5.455220548264498,5.571480057252899,5.665017781220309,7.821037347181374,9.662986091661757,10.138326898471819,10.38249367698922,10.642916093433268,11.685677829810006,11.84527637784081,12.844580868725032,15.624647747705206,16.962595217732794,,,,,7.183153926238522,9.293383842289744,11.243041571797221,15.146673951001484,7.735287877999059,"rgba(255, 26, 202, 1.0)",0.48142463584581746,7.735287877999059,-5.571563393897642,42.398831776834946,-3.4836380232665647,False,True,False,True,False,0.0,0.0,0.0,0.0,0.0,1,0.9115239041151046,1.046385525997906,False,False,False,False,-0.34282825441539394,-0.30064693240219653,False,False,False,False,-32205730,-30402417.44503378,False,False,False,False,386803.9646716217,False,False,False,False
2023-07-24 00:00:00+00:00,4.986,5.063,4.901,5.018,459478,,,,,,,,,,,,,,,,,,,,,,5.389623703144353,5.458775979123545,5.493942359287362,5.597014016759211,7.162503114346805,7.559538474792787,8.531161744624548,9.273586164917663,9.387474371432438,9.56082516401976,10.273253012126176,11.227085460915347,11.602476782353971,11.788014028721264,15.130054242861053,16.2059476832073,,,,,,,,,,,,,,,,,,5.412118945414637,5.439024976684978,5.556740977582374,5.650725718895631,7.801470553266495,9.643117603887177,10.12069548997036,10.366085075678226,10.626811467554123,11.670590191646859,11.83103122110153,12.83033766371727,15.607653039731535,16.944499083654883,,,,,7.162503114346805,9.273586164917663,11.227085460915347,15.130054242861053,7.715224445675432,"rgba(255, 26, 202, 1.0)",0.4798214803155968,7.715224445675432,-5.68799971997985,40.35426487992065,-5.458072387813409,False,True,False,True,False,0.0,0.0,0.0,0.0,0.0,1,0.9121491785975263,1.050177271374056,False,False,False,False,-0.34282825441539394,-0.32173759340879526,False,False,False,False,-32665208,-30491154.32954226,False,False,False,False,389653.92684136203,False,False,False,False
2023-07-25 00:00:00+00:00,4.928,5.023,4.915,4.988,442743,,,,,,,,,,,,,,,,,,,,,,5.352282569096566,5.4344089058364835,5.479703140673711,5.5827215575066305,7.142716941337885,7.53944338813246,8.51280555401252,9.25455747224598,9.36831542923218,9.541559741374298,10.256981415097751,11.211718661424607,11.587663972299232,11.773899495914112,15.114047144299668,16.189138565229715,,,,,,,,,,,,,,,,,,5.385875312400053,5.423540963332104,5.5425609161500695,5.6369554577844605,7.782685197786386,9.624017634372848,10.103727996406871,10.350286425168218,10.611303306520146,11.656055590718251,11.817304841184702,12.816613164999278,15.591285560802255,16.927072992098847,,,,,7.142716941337885,9.25455747224598,11.211718661424607,15.114047144299668,7.69632246622338,"rgba(255, 26, 202, 1.0)",0.4828536189121654,7.69632246622338,-5.733254050078806,38.527018606754496,-7.200668955523483,False,True,False,True,False,0.0,0.0,0.0,0.0,0.0,0,0.9276735641075227,1.0462469265408736,False,False,False,False,-0.34282825441539394,-0.3322829239120946,False,False,False,False,-33107951,-30593773.806815114,False,False,False,False,391735.8512789557,False,False,False,False
2023-07-26 00:00:00+00:00,4.93,5.134,4.82,5.0,1068345,,,,,,,,,,,,,,,,,,,,,,5.28510734693987,5.384935545853551,5.448617848093423,5.551027721253999,7.096529525402213,7.492317032333428,8.469351772746622,9.209387404716207,9.322821601141596,9.495789046304244,10.218168826266703,11.174981885215557,11.552222948494414,11.740109627379367,15.075651096319145,16.148805569899242,,,,,,,,,,,,,,,,,4.961333333333333,5.334185178722888,5.3903975617037565,5.511272496002184,5.6061445396967615,7.73845505748003,9.578622226440062,10.063287794716839,10.312583292193077,10.574268177738022,11.621272309255277,11.784436259056152,12.783717049043744,15.552019123421754,16.885252429966005,,,,,7.096529525402213,9.209387404716207,11.174981885215557,15.075651096319145,7.373516757567039,"rgba(255, 26, 202, 1.0)",0.4833050710586314,7.373516757567039,-5.055847546177739,37.34042948939282,-8.348266474252803,False,True,False,True,False,0.0,0.0,0.0,0.0,0.0,0,0.9387194360411866,1.0188171296938746,False,False,False,False,-0.3395707354271001,-0.3359268296695973,False,False,False,False,-32039606,-30650473.10850864,False,False,False,False,418269.5433856633,False,False,False,False
2023-07-27 00:00:00+00:00,4.925,5.198,4.873,4.96,798423,,,,,,,,,,,,,,,,,,,,,,5.252510414565822,5.356934741315636,5.429317630630186,5.5307457800456765,7.0638502957042375,7.458710265980479,8.437903072681145,9.176536780324753,9.289716397693997,9.462452132487588,10.189735230999293,11.14797081807935,11.526131438686258,11.71521284111156,15.047250284810048,16.118951535028966,,,,,,,,,,,,,,,,,4.977300926521132,5.306201615744448,5.3704725866248255,5.491447516006301,5.586122981653507,7.706727185290328,9.545538823655017,10.033695991510289,10.284942886948384,10.547087602826473,11.595656662266384,11.760210391192485,12.759428094979777,15.52296519495284,16.854285648644414,,,,,7.0638502957042375,9.176536780324753,11.14797081807935,15.047250284810048,7.347543162819153,"rgba(255, 26, 202, 1.0)",0.4815699363569952,7.347543162819153,-5.030511624428491,36.50293559691531,-9.20865015542789,False,True,False,True,False,0.0,0.0,0.0,0.0,0.0,0,0.9397492810676497,1.018873719183628,False,False,False,False,-0.31595495049759503,-0.32594089008359617,False,False,False,False,-32838029,-30736259.614057317,False,False,False,False,433177.52207642165,False,False,False,False
2023-07-28 00:00:00+00:00,5.32,5.326,5.0,5.0,833581,,,,,,,,,,,,,,,,,,,,,,5.248562430877618,5.346971996174018,5.420145558732724,5.519100703212579,7.034268354494271,7.427583063950344,8.407702487349658,9.144532650952511,9.257408096353606,9.429834559810427,10.16160357460907,11.121006065849325,11.500008634807514,11.690247402307048,15.018404849260156,16.088556976002973,,,,,,,,,,,,,,,,,5.050780055220023,5.298922921503165,5.36264955130902,5.480731297218951,5.573788606638588,7.676965206640209,9.513126572550423,10.004481554989306,10.257560779518219,10.52008864282097,11.569995067633508,11.735906223288469,12.734934251053097,15.49342307931968,16.822714676152717,,,,,7.034268354494271,9.144532650952511,11.121006065849325,15.018404849260156,7.330836001105237,"rgba(255, 26, 202, 1.0)",0.47398438602708715,7.330836001105237,-4.24240979320007,41.531269279035286,-13.041154470878837,False,True,False,True,True,0.0,0.0,0.0,0.0,0.0,0,0.9386359194840727,1.0097713504006252,False,False,False,False,-0.26560675605981005,-0.2957738230717031,False,False,False,False,-32004448,-30785992.49193742,False,False,False,False,448879.61924989533,False,False,False,False
2023-07-31 00:00:00+00:00,5.627,5.7,5.33,5.399,912768,,,,,,,,,,,,,,,,,,,,,,5.28020595834857,5.361661608776834,5.426071668036495,5.520392008860441,7.0087471816806035,7.399518336591793,8.378698751224716,9.113031485106792,9.225514229063302,9.397498667714308,10.133236266731819,11.093428443106848,11.473171798631247,11.664540805593864,14.988091891237566,16.05649434329443,,,,,,,,,,,,,,,,,5.1774855514873535,5.319357454404264,5.37257510996299,5.48365017372921,5.573034559968256,7.649532311163258,9.480926978438374,9.975118148410381,10.229896167324165,10.492695096373966,11.543609109912095,11.710864224680996,12.709489225749202,15.462322500404492,16.7893384485387,,,,,7.0087471816806035,9.113031485106792,11.093428443106848,14.988091891237566,7.325307630851197,"rgba(255, 26, 202, 1.0)",0.46442942539254295,7.325307630851197,-3.6567614754723192,47.791988787797095,-7.372378638028266,True,False,False,False,True,0.0,0.0,0.0,0.0,0.0,0,0.9545212393102481,0.9937193326790973,False,False,False,False,-0.1324420881323229,-0.21410795560201298,False,False,False,False,-31091680,-30797980.23735164,False,False,False,False,467071.32045578177,False,False,False,False
2023-08-01 00:00:00+00:00,5.77,5.77,5.36,5.52,616121,,,,,,,,,,,,,,,,,,,,,,5.303404695224845,5.3741746542388436,5.432159402128873,5.523278557213551,6.992942305626995,7.381854774734293,8.36000356036507,9.092555244231901,9.204762330640088,9.376428433175649,10.114619927862728,11.075237232392421,11.455439306513378,11.647538507514156,14.96791477983772,16.03512810410209,,,,,,,,,,,,,,,,,5.243894060821358,5.335565252133786,5.381471082739349,5.48765865647157,5.574431879706483,7.632111906183357,9.459928571035107,9.95587475788156,10.211725846595389,10.47467490516851,11.526167966616509,11.694295971782719,12.692608664701712,15.441609987532019,16.767082522125936,,,,,6.992942305626995,9.092555244231901,11.075237232392421,14.96791477983772,7.32194229495054,"rgba(255, 26, 202, 1.0)",0.4526757258701521,7.32194229495054,-3.428375338587756,53.08417827781743,-2.788822285286166,True,False,True,False,True,0.0,0.0,0.0,0.0,0.0,0,0.9359621011564718,1.0016162742092796,False,False,False,False,-0.11400262224867452,-0.16405528892534377,False,False,False,False,-30475559,-30785336.26725942,False,False,False,False,472916.405928104,False,False,False,False
2023-08-02 00:00:00+00:00,5.505,5.9,5.379,5.695,524414,,,,,,,,,,,,,,,,,,,,,5.594666666666667,5.318828636446518,5.382492656484522,5.436123038005754,5.52479845318756,6.979398780078042,7.36676998037632,8.344067678620853,9.075123007570832,9.187098032775083,9.358496014538487,10.098759797328183,11.059739590414548,11.44033116330351,11.633049712029692,14.950738534941156,16.01694368143654,,,,,,,,,,,,,,,,,5.282590638804298,5.346470392179681,5.38748712078763,5.4900434104096325,5.5748232713654176,7.6172375943209785,9.442056633719279,9.939484223671442,10.196243231745836,10.45932024013061,11.51130687775881,11.680175321731745,12.678225671794866,15.42397986324193,16.74814358899503,,,,,6.979398780078042,9.075123007570832,11.059739590414548,14.950738534941156,7.087340801366858,"rgba(255, 26, 202, 1.0)",0.4449105212187817,7.087340801366858,-3.5565371594994337,53.49254585165347,-2.743452783404585,True,False,True,False,True,0.0,0.0,0.0,0.0,0.0,0,0.9215892427302658,1.0153833384057769,False,False,False,False,-0.08666654280642071,-0.12536091586588224,False,False,False,False,-30999973,-30793753.39403356,False,False,False,False,474935.91942111956,False,False,False,False
2023-08-03 00:00:00+00:00,5.6,5.637,5.447,5.447,266754,,,,,,,,,,,,,,,,,,,,,5.583427840020493,5.325189625068788,5.385859897592337,5.437657452338974,5.525189883317513,6.972446337712546,7.359051577969478,8.335934407237728,9.066237954847546,9.178096129156021,9.349359210668094,10.09067545672022,11.05184210009477,11.432632291702186,11.625665732829004,14.941994573649788,16.00768857798881,,,,,,,,,,,,,,,,,5.297401339121444,5.350973993376394,5.389947175553347,5.490842502039237,5.574691837457269,7.6096311672318855,9.432950756191444,9.931130420595693,10.188350694116256,10.451493524755652,11.503733588151668,11.672978412314658,12.670897486185162,15.415005808348218,16.738505808431704,,,,,6.972446337712546,9.066237954847546,11.05184210009477,14.941994573649788,7.084334748210823,"rgba(255, 26, 202, 1.0)",0.43422251239375675,7.084334748210823,-3.4183735431589413,54.59928239653241,-1.80780409403787,True,False,True,False,True,0.0,0.0,0.0,0.0,0.0,0,0.908374688087027,1.0483359968598425,False,False,False,False,-0.07547634615233738,-0.1004186310091098,False,False,False,False,-30733219,-30791379.49622832,False,False,False,False,466771.9225810757,False,False,False,False
2023-08-04 00:00:00+00:00,5.471,5.698,5.425,5.6,294035,,,,,,,,,,,,,,,,,,,,,5.569312869573711,5.330982364580674,5.388817628926119,5.438905960269259,5.525261588111664,6.964700175899086,7.3504792105158465,8.326927912621496,9.056412758405314,9.168143371071158,9.339259435664896,10.081738838766807,11.043115754048534,11.424126141701898,11.617507211891445,14.932344451740567,15.99747667560834,,,,,,,,,,,,,,,,,5.310344223221219,5.355046908578501,5.392118639914378,5.491336676409813,5.574231134932879,7.601189928825002,9.422885610070564,9.921896167075806,10.179625865482771,10.442842551430477,11.49536605125588,11.665026219275328,12.662803299611047,15.40510281868633,16.72787313001999,,,,,6.964700175899086,9.056412758405314,11.043115754048534,14.932344451740567,7.080499570171709,"rgba(255, 26, 202, 1.0)",0.4255508510696726,7.080499570171709,-3.782155683923649,53.904473926616376,-1.80780409403787,True,False,True,False,True,0.0,0.0,0.0,0.0,0.0,0,0.9314026577882379,1.0343273729227058,False,False,False,False,0.04767971208528087,-0.026369459461914466,False,False,False,False,-31027254,-30800629.476768386,False,False,False,False,459997.92561711196,False,False,False,False
2023-08-07 00:00:00+00:00,5.43,5.5,5.305,5.487,226879,,,,,,,,,,,,,,,,,,,,,5.542053435430611,5.33269467414054,5.38917055020807,5.438628684966346,5.524247685344141,6.958285612176475,7.343487977864047,8.319722105227653,9.048612739166959,9.160249349707069,9.331259085230071,10.074686493888425,11.036255512953513,11.417446547155858,11.611103484982099,14.924817271732795,15.989520776241847,,,,,,,,,,,,,,,,,5.314492681466991,5.35601658713227,5.392347583039158,5.490593412590756,5.572909166471414,7.594349484990968,9.41491698452676,9.91460393783199,10.172743313630054,10.436026047394115,11.48879639709012,11.658784888587176,12.656465724418382,15.397382726905716,16.719595139093574,,,,,6.958285612176475,9.048612739166959,11.036255512953513,14.924817271732795,7.075666411570036,"rgba(255, 26, 202, 1.0)",0.4173231456883306,7.075666411570036,-3.943386386718816,52.99022210766074,-1.80780409403787,True,False,True,False,True,0.0,0.0,0.0,0.0,0.0,0,0.938948036585014,1.0088865806861134,False,False,False,False,-0.0026430642046050656,-0.014506261833259766,False,False,False,False,-31254133,-30818413.92865982,False,False,False,False,450856.00696546055,False,False,False,False
2023-08-08 00:00:00+00:00,5.537,5.649,5.255,5.4,480190,,,,,,,,,,,,,,,,,,,,,5.525517231201514,5.339041115745729,5.392056414546828,5.439508236684775,5.52343347815137,6.945477489843409,7.329376135693813,8.30494522457875,9.032523208374297,9.143954626625716,9.314728120600444,10.060048981485659,11.021967367233934,11.403519081260798,11.597743112210331,14.90903987428278,15.972830525549183,,,,,,,,,,,,,,,,,5.327717773282781,5.360365139589701,5.394475828695422,5.49039474552569,5.571342773514913,7.580462767773458,9.398442856542538,9.89948159580491,10.158450856379512,10.421855983816927,11.475094979756168,11.645760846174447,12.64321548715881,15.381194495487192,16.702220779559607,,,,,6.945477489843409,9.032523208374297,11.021967367233934,14.90903987428278,7.0686646872130865,"rgba(255, 26, 202, 1.0)",0.4135898468781808,7.0686646872130865,-3.7033420882409254,53.50196416006793,-1.80780409403787,True,False,True,False,True,0.0,0.0,0.0,0.0,0.0,0,0.9562581580855694,0.9922262509064541,False,False,False,False,0.03475078216303519,0.010122260164887712,False,False,False,False,-30773943,-30816669.970673162,False,False,False,False,452006.3596334817,False,False,False,False
2023-08-09 00:00:00+00:00,5.281,5.643,5.275,5.6,327825,,,,,,,,,,,,,,,,,,,,,5.506057290774903,5.340769551252227,5.392217405145642,5.438942735025981,5.521886447513123,6.936385718820604,7.319449186517758,8.294659512621516,9.02137444008583,9.132669761177072,9.303288023909335,10.04993435587501,11.012113631175215,11.393919312429176,11.58853556863545,14.898207018436601,15.961379166775446,,,,,,,,,,,,,,,,,5.331432594752049,5.361281790926509,5.394560154929689,5.489211043375804,5.5693823315937285,7.5707265104469625,9.387045081936833,9.889029328394125,10.14857593191722,10.412071396373461,11.465651492970666,11.636784923702166,12.63409608318629,15.370083340782124,16.690305109337938,,,,,6.936385718820604,9.02137444008583,11.012113631175215,14.898207018436601,7.062515163253735,"rgba(255, 26, 202, 1.0)",0.41022908212253223,7.062515163253735,-4.342732489944755,51.05417428038315,-1.80780409403787,True,False,False,False,False,0.0,0.0,0.0,0.0,0.0,0,0.9697806189161703,0.9750108964114486,False,False,False,False,0.040044231420292675,0.025083245792590192,False,False,False,False,-31101768,-30827850.285548728,False,False,False,False,447136.502392953,False,False,False,False
2023-08-10 00:00:00+00:00,5.299,5.444,5.2,5.3,326906,,,,,,,,,,,,,,,,,,,,,5.480444035690462,5.340038743998561,5.390608372947969,5.437203632536952,5.519331247063921,6.92692774477582,7.309215738400012,8.28417470048556,9.010064512176791,9.121228369105152,9.291698452010827,10.039707425853402,11.002172975723301,11.384241132694852,11.579254813626145,14.887332252868124,15.949892521509893,,,,,,,,,,,,,,,,,5.330595319531855,5.3602146748081685,5.393281225460484,5.486965082359262,5.56651068477425,7.560725511498023,9.375501919507254,9.878457402182038,10.138593202770329,10.40218666562322,11.456131604822145,11.627737706995037,12.624918084292773,15.358933320931296,16.678358218978055,,,,,6.92692774477582,9.010064512176791,11.002172975723301,14.887332252868124,7.0551447397583384,"rgba(255, 26, 202, 1.0)",0.4095071975730588,7.0551447397583384,-4.288434367371602,49.63281785270645,-1.80780409403787,True,False,False,False,False,0.0,0.0,0.0,0.0,0.0,0,0.9710289417353312,0.9806468639122659,False,False,False,False,-0.06351780826982732,-0.019217281238618565,False,False,False,False,-30774862,-30825772.313566424,False,False,False,False,442421.5807304843,False,False,False,False
2023-08-11 00:00:00+00:00,5.321,5.58,5.321,5.48,340757,,,,,,,,,,,,,,,,,,,,,5.471507476014195,5.34192355622283,5.390960946696153,5.436775317486783,5.517912222741699,6.917747564595089,7.299151433343002,8.273663677365283,8.998643430540463,9.1096645353634,9.279970101150804,10.029302975034996,10.992016809971034,11.374339699217112,11.569753186709148,14.876132830150846,15.938050007466092,,,,,,,,,,,,,,,,,5.334321844089643,5.3613051997677665,5.39351091069135,5.485913119293401,5.564664210497858,7.550822397681892,9.363813064457839,9.86771291732661,10.128431049734038,10.39211143369054,11.446389459225236,11.618473192112406,12.615497072789648,15.34744453043864,16.666033514327268,,,,,6.917747564595089,8.998643430540463,10.992016809971034,14.876132830150846,7.049464345018054,"rgba(255, 26, 202, 1.0)",0.4107249547662569,7.049464345018054,-4.208325608074437,48.96059569592363,-1.80780409403787,True,False,False,False,False,0.0,0.0,0.0,0.0,0.0,0,0.9892621387707201,0.953175883819862,False,False,False,False,0.03361673492370517,0.0071997268425433025,False,False,False,False,-30434105,-30810412.811073624,False,False,False,False,438434.73442732805,False,False,False,False
2023-08-14 00:00:00+00:00,5.377,5.419,5.147,5.372,290899,,,,,,,,,,,,,,,,,,,,,5.456656269390883,5.3412792702537475,5.389606314377163,5.435294615746509,5.515733821540779,6.909520731813279,7.2902253532192685,8.264461989975906,8.988699564590151,9.09960294864621,9.269774583409907,10.020279787968343,10.983231880813106,11.365781580958863,11.561542847601757,14.866499273624674,15.927872169884047,,,,,,,,,,,,,,,,,5.333526179100043,5.3603951170106034,5.392421295556294,5.483999711803607,5.562209534021375,7.5420763634068795,9.353655541842691,9.858390894904778,10.11962004011864,10.383382599044792,11.437969841752489,11.610467930833192,12.607370423716217,15.337566129288398,16.65544667687683,,,,,6.909520731813279,8.988699564590151,10.983231880813106,14.866499273624674,7.043390494428921,"rgba(255, 26, 202, 1.0)",0.4112902629039929,7.043390494428921,-4.051616691975773,49.239837146079026,-1.80780409403787,True,False,False,False,False,0.0,0.0,0.0,0.0,0.0,0,0.984531583857474,0.9810406572572152,False,False,False,False,-0.09315182469350662,-0.04297604892548166,False,False,False,False,-30143206,-30784247.838090345,False,False,False,False,432649.01935174654,False,False,False,False
2023-08-15 00:00:00+00:00,5.23,5.296,5.2,5.24,135909,,,,,,,,,,,,,,,,,,,,,5.447580798311519,5.34020781142885,5.388397179269516,5.434208649954533,5.514372145464144,6.905533014635838,7.285930856670879,8.26007758747833,8.983981035296237,9.09483092339187,9.264942369490658,10.016011335055545,10.979084591541062,11.361743784418483,11.557670003195332,14.861971061412268,15.923091369011388,,,,,,,,,,,,,,,,,5.331855094244352,5.359333007590844,5.391460340945031,5.482745400502583,5.560749257809698,7.537881673258767,9.348842688536761,9.85397956386144,10.115452752050958,10.379256688541755,11.433997715758817,11.606691921603739,12.60354222728163,15.332924312763895,16.650475732031236,,,,,6.905533014635838,8.983981035296237,10.979084591541062,14.861971061412268,7.040146036659868,"rgba(255, 26, 202, 1.0)",0.41117448697361303,7.040146036659868,-4.40237926721371,47.64371099675842,2.8510796515486945,False,False,False,False,False,0.0,0.0,0.0,0.0,0.0,0,0.9744344921815697,0.972734173371793,False,False,False,False,-0.11988458209180126,-0.08143031550864147,False,False,False,False,-30279115,-30764438.70718484,False,False,False,False,421012.1558477565,False,False,False,False
2023-08-16 00:00:00+00:00,5.0,5.2,5.0,5.18,433084,,,,,,,,,,,,,,,,,,,,,5.402355043280809,5.331113310090335,5.380212625156755,5.427744357929431,5.507386099010902,6.891626117304035,7.27120178200678,8.24538408223887,8.96832323508379,9.079014520901866,9.24895346426543,10.001962638117943,10.965506155788338,11.348544871194854,11.54501877010468,14.847307486566674,15.907635881308924,,,,,,,,,,,,,,,,,5.317274610707187,5.351199246837339,5.384980373666146,5.475984951296578,5.553672106410873,7.523603405310948,9.332929491880304,9.839446325992741,10.101744701912551,10.36570601300544,11.421016697014,11.594358554729014,12.591079985101887,15.317904741551708,16.634421293542157,,,,,6.891626117304035,8.96832323508379,10.965506155788338,14.847307486566674,7.026718389374453,"rgba(255, 26, 202, 1.0)",0.41358763159490636,7.026718389374453,-4.900336070396681,44.26857656995589,-0.5285733112540356,False,True,False,True,False,0.0,0.0,0.0,0.0,0.0,0,0.9619972681742297,0.973106692973137,False,False,False,False,-0.2353253633312175,-0.1583778394199295,False,False,False,False,-30712199,-30762390.091216806,False,False,False,False,421485.56150078564,False,False,False,False
2023-08-17 00:00:00+00:00,5.146,5.18,4.945,5.0,510846,,,,,,,,,,,,,,,,,,,,,5.3640250879844915,5.322026985957712,5.371767663082816,5.420886736544895,5.499848604319603,6.87569943831603,7.254261247644271,8.228352926716566,8.9501252180043,9.060626247884803,9.230355376875323,9.985572593862084,10.949633550177888,11.333105398811481,11.530213488641396,14.830109059135323,15.889501445474641,,,,,,,,,,,,,,,,,5.303452997368221,5.342918965058511,5.3782057806763515,5.468732774562989,5.545973732239045,7.507132276056589,9.314413672231014,9.822501053592863,10.08574624985187,10.349881842019139,11.405829533011467,11.579922872553604,12.576479039751707,15.300285510904933,16.615579952306913,,,,,6.87569943831603,8.9501252180043,10.949633550177888,14.830109059135323,7.012343968948924,"rgba(255, 26, 202, 1.0)",0.4126363309512342,7.012343968948924,-4.522975387665249,44.063980463704155,-0.8637812286179951,False,True,False,True,False,0.0,0.0,0.0,0.0,0.0,1,0.9610806841477221,0.9799895970382159,False,False,False,False,-0.2654581528967428,-0.21191799615833615,False,False,False,False,-30201353,-30740388.636659287,False,False,False,False,424989.89242232346,False,False,False,False
2023-08-18 00:00:00+00:00,5.102,5.173,5.001,5.005,435284,,,,,,,,,,,,,,,,,,,,,5.33824933972342,5.314860861145854,5.364991066176068,5.4152880444226845,5.493663022268621,6.862361595226887,7.240043740238264,8.21399299428553,8.93475983663002,9.045097663406686,9.214645321621532,9.97169768408771,10.936180093750135,11.320013144182466,11.517654875330562,14.815504813668012,15.874099658195023,,,,,,,,,,,,,,,,,5.293020956354325,5.336311210790492,5.372706370650241,5.462791418200013,5.539636371272405,7.493281984044841,9.298769855932093,9.808162428391144,10.072199119045216,10.336477276683688,11.392949564522564,11.567676064320073,12.564085338918682,15.285322709877398,16.599576312866358,,,,,6.862361595226887,8.93475983663002,10.936180093750135,14.815504813668012,7.00071658824344,"rgba(255, 26, 202, 1.0)",0.4134807859618571,7.00071658824344,-4.592031002907578,43.468749457258966,-1.6410078063450655,False,True,False,True,False,0.0,0.0,0.0,0.0,0.0,1,0.9520371804802478,0.9928117738187452,False,False,False,False,-0.24572133449763864,-0.2288196653279874,False,False,False,False,-30636637,-30736319.94502559,False,False,False,False,425393.5829155657,False,False,False,False
2023-08-21 00:00:00+00:00,4.98,5.148,4.98,5.087,186207,,,,,,,,,,,,,,,,,,,,,5.326475056811497,5.311193388575603,5.3616170698813,5.412545955634041,5.490712885486929,6.85653805621003,7.233861598774011,8.207780672871214,8.92812885942564,9.038398273254757,9.20787040369705,9.965718395111512,10.930388824488736,11.3143790544683,11.512250776640787,14.80923483412929,15.86749029885376,,,,,,,,,,,,,,,,,5.287708724658989,5.332965794827233,5.369961277331787,5.459931385046703,5.536646638828885,7.4872684167268115,9.292024430588556,9.801982604179747,10.066361397973203,10.330702877452447,11.38740694346807,11.56240601564135,12.558756412407718,15.278900177055991,16.592710548817333,,,,,6.85653805621003,8.92812885942564,10.930388824488736,14.80923483412929,6.995466494396115,"rgba(255, 26, 202, 1.0)",0.41450970581578767,6.995466494396115,-4.862290233782386,41.83551960280571,-3.4003610623284075,False,True,False,True,False,0.0,0.0,0.0,0.0,0.0,0,0.9548118203754192,0.9880292062298269,False,False,False,False,-0.26424409836463675,-0.24653188184631208,False,False,False,False,-30822844,-30739713.045220666,False,False,False,False,416013.71691887686,False,False,False,False
2023-08-22 00:00:00+00:00,4.895,5.04,4.85,5.003,457460,,,,,,,,,,,,,,,,,,,,,5.29169974676603,5.299210366142213,5.350968692174461,5.4040958965163455,5.481945719109126,6.8415508153701285,7.218083165125404,8.192106735645773,8.911485725941763,9.021594176328165,9.190892032548726,9.950770754451332,10.915950405844075,11.300343800475433,11.498792476474248,14.793695964074267,15.851126013745386,,,,,,,,,,,,,,,,,5.270342578876855,5.32218699057652,5.3612895251822845,5.451321363059798,5.52790260701857,7.471975500177051,9.27512611124031,9.78652675651892,10.051771271720169,10.316282638626806,11.373601050403689,11.549281982125532,12.54550975409181,15.262990390364932,16.575720980048313,,,,,6.8415508153701285,8.911485725941763,10.915950405844075,14.793695964074267,6.981053762938489,"rgba(255, 26, 202, 1.0)",0.4154650501873802,6.981053762938489,-5.0210090162762215,39.9367198892012,-5.3608498101636,False,True,False,True,False,0.0,0.0,0.0,0.0,0.0,0,0.9423589550600558,0.9897763979051025,False,False,False,False,-0.34282825441539394,-0.294680068130853,False,False,False,False,-31280304,-30760912.69050613,False,False,False,False,417639.0613534307,False,False,False,False
2023-08-23 00:00:00+00:00,4.8,4.899,4.75,4.893,330233,,,,,,,,,,,,,,,,,,,,,5.263504588205049,5.28854128651645,5.341649059272286,5.3967835633114545,5.474538446591427,6.83025083822466,7.206275928936257,8.180499675169512,8.89922172546341,9.009219128911168,9.178399260955807,9.939795909043292,10.905376485853205,11.290072845686556,11.488946266094457,14.782382041182318,15.839222478355584,,,,,,,,,,,,,,,,,5.255038908418837,5.312643001283161,5.353672832699407,5.443982894237121,5.520594823082261,7.460567793255963,9.262696378867046,9.775174398224548,10.041061170026792,10.305705257195044,11.363498874243744,11.539680462269304,12.535835569780922,15.251411597695636,16.563369572482205,,,,,6.83025083822466,8.89922172546341,10.905376485853205,14.782382041182318,6.969652522033455,"rgba(255, 26, 202, 1.0)",0.40515180649428256,6.969652522033455,-5.3551594421042585,37.80486788618099,-7.488510150609969,False,True,False,True,False,0.0,0.0,0.0,0.0,0.0,0,0.9388129322824513,1.0165996461315747,False,False,False,False,-0.34282825441539394,-0.3187541612731235,False,False,False,False,-31610537,-30794231.290878437,False,False,False,False,414211.372672904,False,False,False,False
2023-08-24 00:00:00+00:00,4.6,4.87,4.58,4.835,384068,,,,,,,,,,,,,,,,,,,,,5.226065983842287,5.273379034478885,5.328567894868218,5.386607810175359,5.464428967175991,6.816408808613909,7.191932945835676,8.16657068336881,8.884588878059981,8.99446434656537,9.163519079564498,9.92676098572892,10.892857204389056,11.277923788009065,11.477303823401243,14.769080768404882,15.82524402516918,,,,,,,,,,,,,,,,,5.23347186435475,5.299130663146231,5.342950617697893,5.433894692208494,5.510712461797581,7.446761894156554,9.247897410193502,9.761684050514077,10.028344399299323,10.293157780319529,11.351551032922865,11.528327859517928,12.524421379153893,15.237806234407941,16.548874948069148,,,,,6.816408808613909,8.884588878059981,10.892857204389056,14.769080768404882,6.95498995361735,"rgba(255, 26, 202, 1.0)",0.4005424529008762,6.95498995361735,-5.879501502429129,34.787995838358796,-10.381804816637619,False,True,False,True,False,0.0,0.0,0.0,0.0,0.0,0,0.9032928593962393,1.0288377608220634,False,False,False,False,-0.34282825441539394,-0.33079120784425875,False,False,False,False,-31994605,-30841304.769667517,False,False,False,False,413029.2796269078,False,False,False,False
2023-08-25 00:00:00+00:00,4.429,4.588,4.34,4.578,382282,,,,,,,,,,,,,,,,,,,,,5.17936838820307,5.253403187648071,5.311573624113703,5.373530120716124,5.451718880936419,6.801334294008576,7.176517915849706,8.151904049467351,8.869329302047646,8.979096209374315,9.14804697152573,9.913281953249149,10.879984363528328,11.265453479923131,11.465362341501574,14.75557366300483,15.811077577135963,,,,,,,,,,,,,,,,4.452333333333334,5.205202663632253,5.281411735762274,5.328993469657275,5.4211059819967575,5.498422681576126,7.432018473721338,9.2325212790772,9.747719669803129,10.015202118725982,10.280212153864746,11.339290613261005,11.516685240268282,12.512759439785277,15.224003253599943,16.53420261898261,,,,,6.801334294008576,8.869329302047646,10.879984363528328,14.75557366300483,6.664777611622521,"rgba(255, 26, 202, 1.0)",0.40849361810842266,6.664777611622521,-5.4732253149401675,31.642475296809533,-13.313553224172779,False,True,False,True,False,0.0,0.0,0.0,0.0,0.0,0,0.9102113844865519,1.0471291634869273,False,False,False,False,-0.34282825441539394,-0.3368097311298264,False,False,False,False,-32376887,-30901523.68066095,False,False,False,False,411823.50395526434,False,False,False,False
2023-08-28 00:00:00+00:00,4.4,4.54,4.35,4.52,195625,,,,,,,,,,,,,,,,,,,,,5.156917715688077,5.243277670313645,5.302910147614004,5.366819649273694,5.445194837378314,6.793621699956208,7.168632374362182,8.144398373960433,8.861521818598712,8.971233433364159,9.140131208709873,9.906381871617624,10.873394014723962,11.259068802642396,11.45924781150006,14.74866039624914,15.803827602441649,,,,,,,,,,,,,,,,4.4447733654953705,5.191107440928336,5.272391612180524,5.3218413679086405,5.414541749784387,5.492111459680958,7.424473715884948,9.224654350904368,9.740572039585649,10.008473854859895,10.27358436382736,11.33301314258632,11.51072338620862,12.506788205807146,15.21693890021087,16.526694259715782,,,,,6.793621699956208,8.861521818598712,10.873394014723962,14.74866039624914,6.656056301578625,"rgba(255, 26, 202, 1.0)",0.41637226716501957,6.656056301578625,-5.418363516234112,29.36293380249376,-15.394790375314045,False,True,False,True,False,0.0,0.0,0.0,0.0,0.0,0,0.9212283123067283,1.0309037505975271,False,False,False,False,-0.34282825441539394,-0.3398189927726102,False,False,False,False,-32572512,-30967052.634360522,False,False,False,False,403345.1312511363,True,False,False,False
2023-08-29 00:00:00+00:00,4.45,4.55,4.411,4.456,248039,,,,,,,,,,,,,,,,,,,,,5.131791226743325,5.2314109893531615,5.292663647928807,5.358807707459307,5.437365554322792,6.7840801453234025,7.158845214959534,8.13502797629715,8.8517516053541,8.961391168529275,9.130218295022607,9.897722224219951,10.865109430853273,11.251038311926504,11.45155467151812,14.739942360362067,15.794680955488259,,,,,,,,,,,,,,,,4.452449253341017,5.174864944255443,5.261760482478293,5.313337771783635,5.406678619277922,5.484515512389745,7.415089954233171,9.21480020648963,9.73160553808487,10.00002766454414,10.265260198401748,11.325116534701003,11.503221550849558,12.49926751126372,15.208028513358387,16.51721925849073,,,,,6.7840801453234025,8.8517516053541,10.865109430853273,14.739942360362067,6.646422790681359,"rgba(255, 26, 202, 1.0)",0.4278225122422327,6.646422790681359,-5.133957956466176,28.829634038550793,-15.891555915673692,False,True,False,True,False,0.0,0.0,0.0,0.0,0.0,0,0.9169212117550248,1.0360555373490052,False,False,False,False,-0.324134261480991,-0.3319766271268006,False,False,False,False,-32324473,-31020284.80556207,False,False,False,False,397254.69473148393,False,False,False,False
2023-08-30 00:00:00+00:00,4.645,4.9,4.42,4.488,876503,,,,,,,,,,,,,,,,,,,,,5.077192575648129,5.2017488571781065,5.266087733316481,5.3372611352345904,5.415774760767804,6.753623366967178,7.127158563945584,8.10394441208005,8.819012453927181,8.928369459204553,9.096898272611726,9.868374848612667,10.836845363871216,11.223580988952058,11.425219865930323,14.709805131748503,15.763002246017328,,,,,,,,,,,,,,,,4.556732164076574,5.136520550858589,5.234612075518506,5.290897184803788,5.385190556525893,5.463282007442742,7.384452350768556,9.181645867394494,9.701266878471626,9.971376252101857,10.236966481449409,11.298104868141728,11.47753239405718,12.473412457066614,15.177199104242854,16.484367547389525,,,,,6.753623366967178,8.819012453927181,10.836845363871216,14.709805131748503,6.623083561337107,"rgba(255, 26, 202, 1.0)",0.43588395967915544,6.623083561337107,-4.538096705355093,31.952046727535265,-15.891555915673692,False,True,False,True,True,0.0,0.0,0.0,0.0,0.0,0,0.9125862133170789,1.0359324235243696,False,False,False,False,-0.23260400360215655,-0.2822903153644786,False,False,False,False,-31447970,-31037056.773971405,False,False,False,False,416048.7459184846,False,False,False,False
2023-08-31 00:00:00+00:00,4.802,5.266,4.802,4.926,2130847,,,,,,,,,,,,,,,,,,,,,5.050946171535627,5.17449748933813,5.237621385486216,5.310897268454399,5.386909755136775,6.6932310485069,7.062374840357324,8.037055749501445,8.747126358245982,8.855685222078648,9.023290458972996,9.802431107529731,10.772495757223506,11.160796156885574,11.364856213249423,14.63946074487608,15.688806346350807,,,,,,,,,,,,,,,,4.779047173155077,5.109174087095709,5.20734476438721,5.265319862398824,5.357344767199448,5.433602545013966,7.320658847736199,9.10826069808048,9.633321927770416,9.906867629341907,10.173011823365174,11.23628189980199,11.418602783878075,12.413660013179548,15.105123719698021,16.407273753042897,,,,,6.6932310485069,8.747126358245982,10.772495757223506,14.63946074487608,6.58968552102259,"rgba(255, 26, 202, 1.0)",0.43759955654818145,6.58968552102259,-4.085208712559011,36.370085170745746,-19.361825188968396,False,True,False,True,True,0.0,0.0,0.0,0.0,0.0,0,0.9315408587725914,0.9985187579979019,False,False,False,False,-0.05197810999824615,-0.16713421268136236,False,False,False,False,-29317123,-30969608.39067841,False,False,False,False,483295.7362746225,False,False,False,False
2023-09-01 00:00:00+00:00,4.719,5.2,4.691,5.195,740534,,,,,,,,,,,,,,,,,,,,,5.03821558640949,5.163168614902756,5.226231815881183,5.300532833057386,5.375856834425534,6.672181856066352,7.039867012211603,8.013835334995326,8.72220932351249,8.830496515613106,8.997786404131354,9.779523848069912,10.75013249174298,11.13896936724299,11.34386079890472,14.61503424929672,15.663052714149892,,,,,,,,,,,,,,,,4.793773050740115,5.097170106876276,5.196222593077119,5.2550786550886555,5.346582220072567,5.422356751721508,7.29848230794512,9.082830459034316,9.609733217454362,9.88445008532659,10.150783602377771,11.214785202147844,11.398100234795217,12.392877286653531,15.080100901714811,16.38052124837502,,,,,6.672181856066352,8.72220932351249,10.75013249174298,14.61503424929672,6.57413057466083,"rgba(255, 26, 202, 1.0)",0.44209293670444194,6.57413057466083,-4.196245677412992,38.38310693188755,-17.575503481475778,False,True,False,True,True,0.0,0.0,0.0,0.0,0.0,0,0.9137487940140101,1.0312041749752943,False,False,False,False,-0.08162551490419478,-0.12437986379277857,False,False,False,False,-30057657,-30933845.59104396,False,False,False,False,493383.5113226765,False,False,False,False
2023-09-05 00:00:00+00:00,4.85,5.18,4.7,4.75,1247520,,,,,,,,,,,,,,,,,,,,,5.024629401941715,5.1482367414280965,5.210545557227496,5.285656309900053,5.359659317689155,6.638563111974217,7.00365715103857,7.975966307555809,8.681378416484646,8.789196787333525,8.955932299610767,9.741721695385001,10.713093291379177,11.102772425014617,11.309013393962202,14.574327658487586,15.62010348998031,,,,,,,,,,,,,,,,4.818680579705164,5.082578585829146,5.181161839881916,5.240648481087695,5.330922520183028,5.4056944972582555,7.2626178047391665,9.041073562055445,9.570850025851161,9.847430546263071,10.114036343815313,11.179124058983792,11.364059830241375,12.358308781271704,15.038386511419217,16.335888488121295,,,,,6.638563111974217,8.681378416484646,10.713093291379177,14.574327658487586,6.550382464938751,"rgba(255, 26, 202, 1.0)",0.4384530237703087,6.550382464938751,-3.8781405823523913,41.58721990209932,-14.630313562333505,False,True,False,True,True,0.0,0.0,0.0,0.0,0.0,0,0.9211040665161556,1.0320349260118968,False,False,False,False,-0.07866070194665735,-0.10152028286971795,False,False,False,False,-28810137,-30850562.901199102,False,False,False,False,522957.4912708068,False,False,False,False
2023-09-06 00:00:00+00:00,4.743,5.144,4.55,5.0,1763569,,,,,,,,,,,,,,,,,,,,,4.996971285648879,5.122385349344974,5.184451611650107,5.261470120049194,5.334017513885799,6.590603738591705,6.952227727903878,7.92232617925298,8.623670604316432,8.73084261134085,8.89681269713598,9.688212562393776,10.660659001549519,11.051518339109014,11.259648002190783,14.516785832786576,15.559421571554589,,,,,,,,,,,,,,,,4.817204781883629,5.055752139552083,5.155625885139841,5.2167418331751865,5.305895771632924,5.379614668647365,7.211686832378253,8.982087035871723,9.515838303013224,9.795010951664002,10.06200016483121,11.12861937079102,11.315824125163676,12.30934834274002,14.979433947317963,16.27284798763304,,,,,6.590603738591705,8.623670604316432,10.660659001549519,14.516785832786576,6.512811334520751,"rgba(255, 26, 202, 1.0)",0.4292737436954415,6.512811334520751,-4.122803596803221,42.44077497580378,-13.854986489557326,False,True,False,True,True,0.0,0.0,0.0,0.0,0.0,0,0.9214260484117773,1.011140593636362,False,False,False,False,-0.12641979423920607,-0.11397003855446201,False,False,False,False,-30573706,-30839705.767818745,False,False,False,False,571608.9229856771,False,False,False,False
2023-09-07 00:00:00+00:00,4.61,4.75,4.512,4.721,454229,,,,,,,,,,,,,,,,,,,,,4.984862386412461,5.112698272824767,5.175149596120466,5.253189295224097,5.325552164699861,6.577391096049192,6.9382384403011,7.9079849205352,8.608364232671711,8.715379977262668,8.88116836537371,9.674093148497255,10.646874417936129,11.038057789242805,11.246686727279096,14.501789424640254,15.543630429366297,,,,,,,,,,,,,,,,4.806288299829782,5.044988534791032,5.146311807253581,5.208341349872492,5.297524017559996,5.371156437302842,7.19790710168311,8.966485670450522,9.50131561822083,9.781182273129037,10.04828771278087,11.115356760777319,11.303158779666262,12.296526492211,14.964080673996408,16.256457682047348,,,,,6.577391096049192,8.608364232671711,10.646874417936129,14.501789424640254,6.501014879221971,"rgba(255, 26, 202, 1.0)",0.40677000916934947,6.501014879221971,-4.64885521694076,41.55614546623643,-13.854986489557326,False,True,False,True,True,0.0,0.0,0.0,0.0,0.0,0,0.9233939552531728,1.0174349077587335,False,False,False,False,-0.24000084012540157,-0.1769854393399318,False,False,False,False,-31027935,-30847087.306335658,False,False,False,False,567005.7887509448,False,False,False,False
2023-09-08 00:00:00+00:00,5.29,5.29,4.51,4.61,1619271,,,,,,,,,,,,,,,,,,,,,4.989544592523843,5.1073394058740185,5.167041203287061,5.243311224021671,5.3135024354281475,6.541196930540731,6.898221562420412,7.864056374043333,8.560203569610747,8.666569617912312,8.831549312511722,9.628389051213096,10.60152043673037,10.993536468821802,11.203698014195112,14.450879229585937,15.489785418495067,,,,,,,,,,,,,,,,4.8437944246361635,5.04376518674844,5.139474406643092,5.199764454049238,5.286306351354902,5.3580651035203894,7.157519574928068,8.916882120381038,9.454490085777385,9.73631487518368,10.003579261194675,11.071443818948303,11.261116806032035,12.25356460071792,14.911851198029296,16.200427947569057,,,,,6.541196930540731,8.560203569610747,10.60152043673037,14.450879229585937,6.479129896810636,"rgba(255, 26, 202, 1.0)",0.37390546186661466,6.479129896810636,-3.180295604333377,48.13460448602871,-8.456416073913744,True,False,False,False,True,0.0,0.0,0.0,0.0,0.0,0,0.9354106219250663,0.9748959253185318,False,False,False,False,-0.09914578030716105,-0.13806560982354643,False,False,False,False,-29408664,-30790678.549224455,False,False,False,False,608271.0911528686,False,False,False,False
2023-09-11 00:00:00+00:00,9.108,9.38,5.614,5.687,25571746,,,,,,,,,,,,,,,,,,,,,6.879987044952458,6.587545446561006,6.5107924448108525,6.391393749149454,6.379044067626391,6.9438734021425335,7.180782029453543,7.897064153830995,8.467966593556245,8.557149663956272,8.69670901888678,9.413926694734979,10.311149533176048,10.683483433568478,10.891634505876574,13.948819842295949,14.931893475555684,,,,,,,,,,,,,,,,7.159398869321219,6.727614199012593,6.532956420906606,6.4231671083897535,6.380940609754257,6.367786875142936,7.356764458021339,8.770351017063811,9.252905118521156,9.51539229038576,9.760650294478735,10.7607114384699,10.952257128000577,11.89323601608002,14.384570838591523,15.60380321282477,,,,,6.9438734021425335,8.467966593556245,10.311149533176048,13.948819842295949,7.273209614553011,"rgba(0, 255, 0, 1.0)",0.5711678448812569,7.273209614553011,3.212348877637595,61.398197024485995,3.6473934692079055,True,False,True,False,True,19.688771835004086,0.0,0.0,0.0,0.0,0,0.9827962446079676,0.7960923623445826,False,False,False,False,0.342828230147452,0.10238131016195279,False,False,False,False,-3836918,-29733668.33160781,False,False,False,False,1587230.891499815,False,False,False,False
2023-09-12 00:00:00+00:00,9.6,11.5,8.25,9.148,20870415,,,,,,,,,,,,,,,,,,,,9.783333333333333,7.856486105136315,7.521279885668777,7.41627048040111,7.24400529858731,7.203668312213059,7.456198841520533,7.620026754076566,8.155160902008669,8.632592935825443,8.708841442627984,8.828466599325772,9.450468908607062,10.266547980295476,10.612580080940603,10.80920392117801,13.698794056510165,14.63556787250254,,,,,,,,,,,,,,,,8.13554922635381,7.6897840507685835,7.449820366613042,7.298542028146574,7.215762549735493,7.171983062431337,7.736512458748364,8.891196218042884,9.307963365491048,9.541054091277202,9.762724839203065,10.685395734057998,10.867565673889436,11.755767189106342,14.113628413582434,15.276277779920974,,,,9.783333333333333,7.456198841520533,8.632592935825443,10.266547980295476,13.698794056510165,7.900774042578247,"rgba(0, 255, 0, 1.0)",0.7527917477594773,7.900774042578247,2.257232445067488,70.59826375578899,11.490683213788074,True,False,True,False,True,20.0,-1.0,11.5,8.25,0.0,0,1.103846323302639,0.7277613781557035,False,False,False,False,0.3428282407752908,0.22260477546862178,False,False,False,False,17033497,-27899661.84801535,False,False,False,False,2343434.1898723715,False,False,False,False
2023-09-13 00:00:00+00:00,8.0,9.799,7.27,9.014,11726341,,,,,,,,,,,,,,,,,,,,9.269985053921724,7.93593154602455,7.639034279993002,7.542751539680944,7.381660714560452,7.3417535584711775,7.539052713953026,7.683801875278565,8.169522794503882,8.61444248914127,8.685931562346449,8.798352574680537,9.392858438524698,10.17996437330055,10.516957070070095,10.71081257820388,13.52449827785343,14.43887004650692,,,,,,,,,,,,,,,,8.173719759346488,7.7899813805119,7.573838227158259,7.433605631151115,7.353951700500361,7.3103572267573345,7.786608081169705,8.857597287468897,9.25552154024169,9.48055732368274,9.693986878336093,10.588739987613435,10.769336016464539,11.635716301981617,13.929247422585368,15.064196369031064,,,,9.269985053921724,7.539052713953026,8.61444248914127,10.17996437330055,13.52449827785343,7.944093999830983,#000000,0.8116602000588878,7.944093999830983,0.06887857771634105,69.57579502323979,11.490683213788074,True,False,True,False,True,10.897778029566368,0.0,0.0,0.0,0.0,0,1.0519612630208335,0.837809244791667,False,False,False,False,0.16864718680284838,0.1956259811357351,False,False,False,False,5307156,-26597433.697112788,False,False,False,False,2711391.319681298,False,False,False,False
2023-09-14 00:00:00+00:00,8.431,9.148,7.729,7.8,6253190,,,,,,,,,,,,,,,,,,,,9.135748908539881,7.975003773218102,7.694772545727758,7.602549647585548,7.446932494982336,7.40745950346737,7.58101904056277,7.717010746652176,8.17929552130369,8.608402279070454,8.67755978913707,8.786433330638573,9.366725338965615,10.13880603897633,10.470966148140274,10.663172204868296,13.43748537853029,14.340242965178714,,,,,,,,,,,,,,,,8.195859145423437,7.837923755096842,7.632459732325647,7.497506768533769,7.419618743183438,7.376375755173208,7.8134401282855395,8.843932270962032,9.232126131128426,9.452867533844183,9.662032419322673,10.542130856058332,10.72165930035908,11.57657283842081,13.837009042812753,14.957611869611569,,,,9.135748908539881,7.58101904056277,8.608402279070454,10.13880603897633,13.43748537853029,7.971465193993481,"rgba(38, 166, 154, 0.5)",0.8840811870097107,7.971465193993481,0.5197880158052391,69.61611704772154,11.490683213788074,True,False,True,False,True,12.823464924102261,0.0,0.0,0.0,0.0,0,1.0610874741402865,0.8659588586595887,False,False,False,False,0.1566670966303084,0.17614653888302173,False,False,False,False,11560346,-25101050.179578956,False,False,False,False,2850285.3855761494,False,False,False,False
2023-09-15 00:00:00+00:00,9.828,10.6,8.819,9.31,9338374,,,,,,,,,,,,,,,,,,,,9.254590321728031,8.160370190127246,7.889034736619595,7.7976344501380375,7.641751147366031,7.600152022178927,7.72260731343832,7.842695821514242,8.260800917676368,8.66328543457974,8.728602683992055,8.831503720112693,9.38170585837905,10.125535287873946,10.447899043826116,10.635448412322926,13.345639317790603,14.230289263096475,,,,,,,,,,,,,,,,8.369727205658714,8.028590904658905,7.827562774539377,7.693218377802424,7.613186810635488,7.567449154557061,7.925931583245379,8.885718614264684,9.253260693740897,9.46414423404427,9.66521085026697,10.517289573705288,10.692858434184405,11.527480466211513,13.737007183313809,14.835464439379168,,,,9.254590321728031,7.72260731343832,8.66328543457974,10.125535287873946,13.345639317790603,8.115220709241665,"rgba(0, 255, 255, 0.75)",1.0189218700649092,8.115220709241665,1.6809721540761742,71.5838141787884,11.490683213788074,True,False,True,False,True,18.44290148327579,0.0,0.0,0.0,0.0,0,1.0892740115051336,0.7994247433190126,False,False,False,False,0.3204170441432333,0.24828179151312751,False,False,False,False,20898720,-23297137.62351704,False,False,False,False,3104720.233200614,False,False,False,False
2023-09-18 00:00:00+00:00,8.63,9.749,8.5,9.343,4269327,,,,,,,,,,,,,,,,,,,,9.230587614868302,8.196812671866905,7.933404413430249,7.843992803993609,7.690842182247027,7.649446209694154,7.758472507804743,7.873413026975502,8.277006374032476,8.669665059345007,8.733527958261783,8.834189759965675,9.374277713164492,10.107667236151203,10.426473233929219,10.612531811191033,13.296270764529785,14.173207092067255,,,,,,,,,,,,,,,,8.398450062482269,8.069207187782693,7.873343705678624,7.741624085057146,7.662468722296949,7.616887509836195,7.952687603844411,8.88724722400537,9.247873030882685,9.455511859510201,9.653615838075234,10.495300596903004,10.66970902927836,11.496328174651659,13.684169893362876,14.773136052837632,,,,9.230587614868302,7.758472507804743,8.669665059345007,10.107667236151203,13.296270764529785,8.144663834173453,#000000,1.0799675141924348,8.144663834173453,0.44939885639936705,69.03314102664336,11.490683213788074,True,False,True,False,True,11.594475321788568,0.0,0.0,0.0,0.0,0,1.069977188980523,0.8350587822424987,False,False,False,False,0.2434788812538612,0.24588033638349435,False,False,False,False,16629393,-21731391.324555587,False,False,False,False,3150391.0868005897,False,False,False,False
2023-09-19 00:00:00+00:00,8.617,9.8,8.525,9.162,4609667,,,,,,,,,,,,,,,,,,,,9.210400010672776,8.233589610774452,7.978258380042025,7.8909325275378865,7.7407112024496705,7.699598880602663,7.7955701664275505,7.905342332488767,8.294193420789881,8.676728873669838,8.739087860172832,8.837431000591925,9.366937152007054,10.089321544371561,10.404342905019377,10.588787392960672,13.244451659119582,14.113189360809653,,,,,,,,,,,,,,,,8.427528047019212,8.110206285492152,7.919669481698444,7.790731007895602,7.712581251938049,7.667245799009041,7.980634674504413,8.889286757021274,9.242681573080409,9.446897956728883,9.641883063097703,10.47256058062145,10.645697183529244,11.463801704014472,13.628665105966398,14.707544621856059,,,,9.210400010672776,7.7955701664275505,8.676728873669838,10.089321544371561,13.244451659119582,8.174986378539923,#000000,1.1349520223217582,8.174986378539923,0.3894557767788767,67.2937331276742,11.490683213788074,True,False,True,False,True,11.524258235226817,0.0,0.0,0.0,0.0,0,1.0682636765205573,0.8402990146109414,False,False,False,False,0.24838270448003372,0.24713152043176403,False,False,False,False,12019726,-20407818.096141644,False,False,False,False,3207617.5932005667,False,False,False,False
2023-09-20 00:00:00+00:00,8.0,9.099,7.866,8.8,2752174,,,,,,,,,,,,,,,,,,,,9.169511181896665,8.235989610933094,7.986820803020144,7.901296887192565,7.753819255882246,7.713283342344652,7.80493452653265,7.9123887281507574,8.294588302458836,8.671978391965503,8.733555471550204,8.830705885945358,9.355426813317722,10.07230727555713,10.385482330653288,10.56926191353128,13.209411731958948,14.073496531727793,,,,,,,,,,,,,,,,8.424462818168662,8.115736763664366,7.929465808657292,7.803003927047012,7.726098963307876,7.681362066366063,7.986081717862834,8.881983219661015,9.232120530148554,9.434841556518876,9.628282009046428,10.453451805281823,10.626137467438049,11.439731695727408,13.59153594170761,14.664661729838073,,,,9.169511181896665,7.80493452653265,8.671978391965503,10.07230727555713,13.209411731958948,8.177853383630389,#000000,1.1672214292344625,8.177853383630389,-0.15237330225083007,64.28077149031957,11.490683213788074,True,False,True,False,False,8.254786638289254,0.0,0.0,0.0,0.0,0,1.0384500745156484,0.8780592813379698,False,False,False,False,0.16215223268464138,0.2046418765582027,False,False,False,False,9267552,-19244078.09237138,False,False,False,False,3189757.0601338777,False,False,False,False
2023-09-21 00:00:00+00:00,7.382,7.7,7.0,7.7,2260764,,,,,,,,,,,,,,,,,,,,9.103638856481016,8.216825781059452,7.97425352287531,7.890818065901714,7.746665070134224,7.70702449502917,7.798532273007627,7.904823214314132,8.283690243920462,8.65772325265038,8.718769489415696,8.815127240960866,9.337544708594233,10.051035342716933,10.363146985777082,10.546721615095317,13.175413021645136,14.035915724280745,,,,,,,,,,,,,,,,8.399748176953484,8.09985609587731,7.9183030709791185,7.79476122387759,7.719556142390385,7.675778561812215,7.977982327217854,8.866071825370971,9.21465720247701,9.416745045033542,9.609252992191273,10.431044735826292,10.603716534060867,11.414224243516399,13.555931398022045,14.624592206404387,,,,9.103638856481016,7.798532273007627,8.65772325265038,10.051035342716933,13.175413021645136,8.16349744651145,"rgba(239, 83, 80, 0.5)",1.1831218859933212,8.16349744651145,-0.6605384075498891,60.571320584929964,20.412096773432182,True,False,True,False,False,5.159012432173228,0.0,0.0,0.0,0.0,0,1.0092896352356515,0.9154838081008219,False,False,False,False,0.023098023015001,0.11386994978660185,False,False,False,False,7006788,-18214632.36325878,False,False,False,False,3153325.959736471,False,False,False,False
2023-09-22 00:00:00+00:00,7.511,7.9,7.35,7.535,1995788,,,,,,,,,,,,,,,,,,,,9.056399831876835,8.204883702801054,7.967511549031945,7.8857069396844715,7.744140734897469,7.705172805232443,7.79587501548403,7.901021870477614,8.27658651082828,8.64754545094967,8.708110344870597,8.80374417602726,9.32379995594761,10.034088698439488,10.345167652277455,10.528479727983246,13.1468815306735,14.004200684101464,,,,,,,,,,,,,,,,8.383414121507647,8.090507495243454,7.912661023353555,7.791398790892991,7.717493583105876,7.674434692277845,7.9735629263586185,8.854370063135867,9.20135856770426,9.402759896335828,9.594382128407675,10.412970410342323,10.585541421296831,11.393212664982194,13.525972401017283,14.59067353922351,,,,9.056399831876835,7.79587501548403,8.64754545094967,10.034088698439488,13.1468815306735,8.154727081401877,"rgba(239, 83, 80, 0.5)",1.2018061283290942,8.154727081401877,-0.5356330494810081,58.406216131292254,18.11241654752945,True,False,True,False,False,5.707819195287833,0.0,0.0,0.0,0.0,0,1.019215269046007,0.9081149047296644,False,False,False,False,0.056579627946836346,0.0852247888667191,False,False,False,False,9002576,-17147290.85881726,False,False,False,False,3107932.3142566094,False,False,False,False
2023-09-25 00:00:00+00:00,7.427,8.163,7.25,7.5,2991250,,,,,,,,,,,,,,,,,,,,8.992038014606923,8.188537392981315,7.958504864333342,7.879008219773311,7.74111286840669,7.703097230616257,7.792501702373729,7.895955510084523,8.266603126550807,8.63301827946571,8.692871893487498,8.787433968893128,9.303905333671217,10.0093901068142,10.318905605189041,10.501797372295886,13.104860431644603,13.95743930641369,,,,,,,,,,,,,,,,8.36089641412552,8.077817532849384,7.905211120060397,7.78718184125281,7.715119832622521,7.6730792057210335,7.967561864392704,8.837583384654527,9.18214739428624,9.38249324928657,9.57278610381344,10.38655553000572,10.558942984775028,11.362364303278902,13.481825974892976,14.540633574346268,,,,8.992038014606923,7.792501702373729,8.63301827946571,10.0093901068142,13.104860431644603,8.142756713362607,"rgba(239, 83, 80, 0.5)",1.2177757736768424,8.142756713362607,-0.5877573924808142,56.71181701525314,16.196145282191864,True,False,True,False,False,5.2886141079748015,0.0,0.0,0.0,0.0,0,1.0250341085763237,0.8948821271060063,False,False,False,False,0.06652336356811571,0.0758740762174174,False,False,False,False,6011326,-16239109.80553031,False,False,False,False,3103356.5372269386,False,False,False,False
2023-09-26 00:00:00+00:00,7.032,7.89,6.835,7.515,2109176,,,,,,,,,,,,,,,,,,,,8.938994782233214,8.17064460481408,7.946065588149563,7.8683259772569025,7.733263289818787,7.696026699822778,7.785553676528601,7.888061366994932,8.255951229628373,8.619477432102299,8.67887091171518,8.772745248086258,9.28721670215442,9.989697015411258,10.298258765039877,10.480960057805415,13.073689627948111,13.923023466645207,,,,,,,,,,,,,,,,8.338501719247443,8.062623121121549,7.893951072803079,7.778397333571446,7.7078008523896555,7.666599079289996,7.959257967484168,8.822606705950832,9.165825025599219,9.36561661455817,9.555085586230572,10.365841858733035,10.538208745811406,11.338848092195729,13.449201274441027,14.50396257058501,,,,8.938994782233214,7.785553676528601,8.619477432102299,9.989697015411258,13.073689627948111,8.129185932950458,"rgba(239, 83, 80, 0.5)",1.2258321277420832,8.129185932950458,-0.8950539866918118,54.38800400336095,13.64845191019623,True,False,False,False,False,3.33622969782159,0.0,0.0,0.0,0.0,0,1.0140840720264384,0.8968403496309109,False,False,False,False,0.024618225281904566,0.05024615074966098,False,False,False,False,3902150,-15449256.47982324,False,False,False,False,3064369.065178823,False,False,False,False
2023-09-27 00:00:00+00:00,6.671,7.578,6.505,7.16,1785287,,,,,,,,,,,,,,,,,,,,8.888149706410626,8.150702951678616,7.930962234863483,7.854809403900819,7.7223297030312255,7.685832234453338,7.776209930336734,7.878093942700916,8.244162542483421,8.605469231977098,8.66450285203878,8.757843976109632,9.271015250618618,9.971237343641402,10.279103967799706,10.46172536343582,13.046063308341205,13.892721221997164,,,,,,,,,,,,,,,,8.314620398515952,8.045063357012557,7.8799087989089065,7.766599972455065,7.697367890426004,7.6569656023973005,7.949124838088876,8.807496891181644,9.14984684492992,9.349312036495252,9.538168031211876,10.346661921412641,10.519095474355119,11.317540967711848,13.420376812408263,14.471792145860546,,,,8.888149706410626,7.776209930336734,8.605469231977098,9.971237343641402,13.046063308341205,8.11381082294855,"rgba(239, 83, 80, 1.0)",1.2294052721712727,8.11381082294855,-1.1735843790553926,51.7897528234451,10.854014525567216,False,False,False,False,False,1.5991515401973224,0.0,0.0,0.0,0.0,0,1.0033263410248725,0.9062631105783638,False,False,False,False,-0.014404316869961879,0.01792091693984955,False,False,False,False,2116863,-14760389.049241936,False,False,False,False,3014208.9841914186,False,False,False,False
2023-09-28 00:00:00+00:00,5.966,6.148,5.623,5.95,2224483,,,,,,,,,,,,,,,,,,,,8.797700281835326,8.107166222963594,7.894675144324183,7.820984113983669,7.6925811208028,7.657342479747906,7.7515283194478135,7.853244850790395,8.218840368326369,8.578122652234098,8.636803241184168,8.729641034685097,9.242639047026612,9.941070106304439,10.24848761972157,10.4313279097912,13.006393306410372,13.849937781382938,,,,,,,,,,,,,,,,8.265330377003261,8.005060607194313,7.845255482416874,7.735452562580547,7.668463240520828,7.629432809023233,7.924723231111854,8.779158442033888,9.121423979510876,9.321019347922046,9.509414928846866,10.316137398681516,10.488988256069664,11.285274429099506,13.379315360911903,14.426801247933552,,,,8.797700281835326,7.7515283194478135,8.578122652234098,9.941070106304439,13.006393306410372,8.079575329110511,"rgba(255, 0, 0, 1.0)",1.229483716007335,8.079575329110511,-1.7190754961555763,48.19920638023997,7.174654818741651,False,False,False,True,False,0.0,0.0,0.0,0.0,0.0,0,0.9818739950299664,0.9406227159771966,False,False,False,False,-0.1561689285481708,-0.06912400580416063,False,False,False,False,-107620,-14185770.655154018,False,False,False,False,2983239.337752539,False,False,False,False
2023-09-29 00:00:00+00:00,5.85,6.145,5.75,6.145,880763,,,,,,,,,,,,,,,,,,,,8.76342083508293,8.09041310285145,7.880684444677031,7.807932896108487,7.681088186467237,7.646330441216317,7.741949480856543,7.843592118696593,8.20897704449872,8.567458573856898,8.625999903275122,8.718638665772499,9.231544712857392,9.92925705989658,10.236491063440445,10.419411323699617,12.990813863435372,13.833130235016544,,,,,,,,,,,,,,,,8.246390415909298,7.98965320408538,7.831888290545705,7.723424928444909,7.657292751498144,7.6187866839244505,7.915235052368552,8.76810111612542,9.110316892465601,9.309954097281398,9.498164387661488,10.304174571302969,10.47718294297738,11.272611296046707,13.363187080491253,14.409123501647652,,,,8.76342083508293,7.741949480856543,8.567458573856898,9.92925705989658,12.990813863435372,8.066362906813085,"rgba(255, 0, 0, 1.0)",1.2294735806045949,8.066362906813085,-1.8026925846777337,45.51567864796429,4.403760507794146,False,False,False,True,False,0.0,0.0,0.0,0.0,0.0,0,0.9879076797860589,0.9388698331492357,False,False,False,False,-0.14845679816050503,-0.10879040198233283,False,False,False,False,-988383,-13668226.04122641,False,False,False,False,2900789.2852916555,False,False,False,False
2023-10-02 00:00:00+00:00,5.6,5.835,5.529,5.835,1277333,,,,,,,,,,,,,,,,,,,,8.71071727818889,8.06371302984068,7.858100974297447,7.786759865838765,7.662263701100889,7.628240686141085,7.726279484860872,7.827896001139515,8.193215401599147,8.550640669095724,8.608993797092852,8.701366850794576,9.214333185349195,9.911144658276312,10.218169504213096,10.401248122372122,12.967514077303184,13.808083822718226,,,,,,,,,,,,,,,,8.216451376061878,7.964954074610635,7.810239523664032,7.703790685669745,7.638960049676568,7.601256334206975,7.89986250275847,8.75076654489084,9.093043494883117,9.292812970189319,9.480796381507743,10.285918288413608,10.459199258325713,11.253465008092572,13.339107140117227,14.38283453091987,,,,8.71071727818889,7.726279484860872,8.550640669095724,9.911144658276312,12.967514077303184,8.045223441576479,"rgba(255, 0, 0, 1.0)",1.2288727562975952,8.045223441576479,-1.9898101158524837,43.08630759256816,1.869274642385875,False,True,False,True,False,0.0,0.0,0.0,0.0,0.0,0,0.987557777842379,0.9445914125410623,False,False,False,False,-0.18161728435253585,-0.14520384316743434,False,False,False,False,-2265716,-13221068.784707727,False,False,False,False,2837124.332927277,False,False,False,False
2023-10-03 00:00:00+00:00,5.372,5.574,5.21,5.551,865939,,,,,,,,,,,,,,,,,,,,8.672932612027234,8.043956063767878,7.8412101131366505,7.770857844210866,7.648014195570455,7.614514647287494,7.714425688409322,7.816079631393255,8.181518337076872,8.538299256442114,8.596534195241052,8.688742799187034,9.20188318427209,9.89818136308879,10.205103779242048,10.388319114463547,12.951223850986025,13.790633229990165,,,,,,,,,,,,,,,,8.194452399614924,7.946587292413767,7.7940030785096575,7.688968872028986,7.625060367640621,7.587929084871508,7.888323439506838,8.738111567506825,9.080521666791219,9.280430158533884,9.468288575897601,10.272908148949746,10.446404544053106,11.239938431195425,13.322298907712144,14.36455494998969,,,,8.672932612027234,7.714425688409322,8.538299256442114,9.89818136308879,12.951223850986025,8.029526074292168,"rgba(255, 26, 202, 1.0)",1.228617908336014,8.029526074292168,-2.1630207864147155,40.883079367639745,-0.4673189332463181,False,True,False,True,False,0.0,0.0,0.0,0.0,0.0,0,0.9798423195772087,0.9448984896179283,False,False,False,False,-0.21829776392807157,-0.18175080354775297,False,False,False,False,-3131655,-12825405.499032915,False,False,False,False,2759822.9473222857,False,False,False,False
2023-10-04 00:00:00+00:00,5.53,5.76,5.35001,5.598,960499,,,,,,,,,,,,,,,,,,,,8.634021867549894,8.023689174453429,7.823955880312401,7.7546402707467506,7.63352805907637,7.600572702042903,7.702318214339051,7.803967050558267,8.16939949462126,8.525416991594614,8.583514911188797,8.675530582764669,9.188747797198436,9.884400034035222,10.191176041244356,10.374515968709323,12.93361999684408,13.771731349607176,,,,,,,,,,,,,,,,8.171826321397267,7.927782577142281,7.7774354808038355,7.67388464126712,7.6109382884879615,7.574401943849307,7.876464628904107,8.724855665681769,9.067333147116692,9.267351756428932,9.455048686267178,10.25903157504495,10.432737936506808,11.225418975223928,13.304115421389069,14.344728690136737,,,,8.634021867549894,7.702318214339051,8.525416991594614,9.884400034035222,12.93361999684408,8.013407237339102,"rgba(255, 26, 202, 1.0)",1.2281859371510055,8.013407237339102,-2.022012434941084,40.12862180215394,-1.491786575683534,False,True,False,True,False,0.0,0.0,0.0,0.0,0.0,0,0.9836242044215994,0.9389046176256458,False,False,False,False,-0.19761511445919197,-0.18968295900347248,False,False,False,False,-2171156,-12407591.793188486,False,False,False,False,2689261.2238978823,False,False,False,False
2023-10-05 00:00:00+00:00,5.674,5.8,5.53,5.557,616414,,,,,,,,,,,,,,,,,,,,8.61051802913528,8.01148365386878,7.813601487469512,7.744921528239845,7.624870548076672,7.592246599232587,7.69505240884995,7.796675685025543,8.162037693052639,8.517542271377668,8.575549479967451,8.667436369071421,9.180646767587126,9.875847662372838,10.182513860733382,10.365920570361919,12.92255133802868,13.759824660751056,,,,,,,,,,,,,,,,8.158170067629735,7.916475917885132,7.767502398176376,7.664861316489857,7.602502679656689,7.5663285739950155,7.869310194043555,8.716728918137228,9.059210864305427,9.259278793345112,9.446861106952431,10.250397119621214,10.424224085292279,11.216338111069186,13.292672460924747,14.33222662532461,,,,8.61051802913528,7.69505240884995,8.517542271377668,9.875847662372838,12.92255133802868,8.003690790969047,"rgba(255, 0, 0, 1.0)",1.2280789345757979,8.003690790969047,-1.8970203994043486,40.29501886459468,-1.731796523204622,False,True,False,True,False,0.0,0.0,0.0,0.0,0.0,0,0.991486309728052,0.940862818077345,False,False,False,False,-0.18375331444338414,-0.1867181367234283,False,False,False,False,-1554742,-11981989.840514429,False,False,False,False,2607973.0974705145,False,False,False,False
2023-10-06 00:00:00+00:00,5.672,5.778,5.421,5.52,506356,,,,,,,,,,,,,,,,,,,,8.591200852922604,8.001363705312219,7.804995723708805,7.736836521905044,7.617655818427576,7.585304222732858,7.688992905792668,7.79059932910798,8.155915726751529,8.511005808867171,8.568939456265213,8.660722068257659,9.173936341257267,9.868774445970903,10.175353423005,10.358816885286792,12.91342872735929,13.750016559196043,,,,,,,,,,,,,,,,8.146865283275682,7.907090843697121,7.759241712342776,7.657346356819539,7.5954702637567175,7.5595939572599224,7.863350074299778,8.709988814762886,9.052480914841551,9.252592733460597,9.440083227039286,10.243260181986495,10.417188095885074,11.208841339706774,13.283243709883774,14.32193125888147,,,,8.591200852922604,7.688992905792668,8.511005808867171,9.868774445970903,12.91342872735929,7.995623972313287,"rgba(255, 0, 0, 1.0)",1.2280100480848988,7.995623972313287,-1.8921864490742692,40.39918468960477,-2.122654653367192,False,True,False,True,False,0.0,0.0,0.0,0.0,0.0,0,0.9868545370033327,0.9433799992496492,False,False,False,False,-0.1919990186476702,-0.18935857768554926,False,False,False,False,-2061098,-11592935.258533472,False,False,False,False,2525556.7407069653,False,False,False,False
2023-10-09 00:00:00+00:00,5.35,5.58,5.12,5.5,478400,,,,,,,,,,,,,,,,,,,,8.571516299158432,7.990789535798273,7.795914701270224,7.728272370925858,7.609958059336324,7.577881173464249,7.6825461461091304,7.784168491798338,8.149536659187108,8.504274529497938,8.56214375798503,8.653836452941341,9.167132704067624,9.861683909766054,10.16820344212015,10.35173815996853,12.904507922678764,13.740460329513596,,,,,,,,,,,,,,,,8.135128479367376,7.897239967623157,7.750502706875041,7.649348341833935,7.587956085172831,7.552380503947913,7.85706349047923,8.703085499065546,9.045641148470452,9.24582369123055,9.43324398418373,10.236139218638954,10.410181053007541,11.201430759018308,13.274039279169571,14.311921311383248,,,,8.571516299158432,7.6825461461091304,8.504274529497938,9.861683909766054,12.904507922678764,7.987177162591864,"rgba(255, 26, 202, 1.0)",1.2280426927165082,7.987177162591864,-2.1474637471749958,39.368391487851035,-3.619041742095476,False,True,False,True,False,0.0,0.0,0.0,0.0,0.0,0,0.9742215051390174,0.9524352550573899,False,False,False,False,-0.22365611115065,-0.20650734441809965,False,False,False,False,-2539498,-11237898.503296865,False,False,False,False,2445276.084208653,False,False,False,False
2023-10-10 00:00:00+00:00,5.471,5.842,5.4,5.49,1119117,,,,,,,,,,,,,,,,,,,,8.529484951404887,7.968422631267888,7.776827603507532,7.710315904316971,7.593894391729824,7.562411150405436,7.669018995833122,7.770610320833637,8.135895959294507,8.489734968131236,8.547444231267338,8.638910329945633,9.152227199262393,9.845991919324373,10.152323422774959,10.335985069335576,12.884329613066146,13.718776804622275,,,,,,,,,,,,,,,,8.110202060748886,7.876463520872165,7.732164629098711,7.632631097103426,7.572289711219847,7.537363651575895,7.843765053743923,8.68810399155685,9.030690157915839,9.230973356672068,9.418195096095554,10.220311678443593,10.394577577666997,11.184820235260691,13.253188828960015,14.28916743524318,,,,8.529484951404887,7.669018995833122,8.489734968131236,9.845991919324373,12.884329613066146,7.969297757692887,"rgba(255, 26, 202, 1.0)",1.2281630886211852,7.969297757692887,-2.0341742728139116,39.360509851009226,-4.144389185434271,False,True,False,True,False,0.0,0.0,0.0,0.0,0.0,0,0.9717453018036674,0.9544058994900226,False,False,False,False,-0.18928962167761718,-0.1978984830478584,False,False,False,False,-1420381,-10852897.816893067,False,False,False,False,2393269.845612235,False,False,False,False
2023-10-11 00:00:00+00:00,5.3,5.69,5.19,5.65,644211,,,,,,,,,,,,,,,,,,,,8.50439850890333,7.954793488604344,7.7651149881556485,7.6992670976927755,7.5839596322610925,7.552828751803081,7.660657729794895,7.762256402454754,8.127569659649057,8.480925065546787,8.53854671432624,8.629889793592342,9.14327996703486,9.836637642579209,10.142879290927668,10.326627555576396,12.872483444475396,13.706075934034263,,,,,,,,,,,,,,,,8.095083240956132,7.863762407426118,7.720891368169373,7.622310504741562,7.562590515265087,7.528050343273461,7.835586891953333,8.679056970882439,9.021702962707813,9.222066847625806,9.409187781859197,10.210902981895538,10.385311950361015,11.175001681472041,13.240961140502636,14.275857154886172,,,,8.50439850890333,7.660657729794895,8.480925065546787,9.836637642579209,12.872483444475396,7.9583770037725925,"rgba(255, 26, 202, 1.0)",1.22860736997172,7.9583770037725925,-2.1637319364556498,38.7243989739191,-5.267261548488584,False,True,False,True,False,0.0,0.0,0.0,0.0,0.0,0,0.9650127487986245,0.9608165468717174,False,False,False,False,-0.21218899397793553,-0.20504373851289698,False,False,False,False,-2064592,-10508258.37309334,False,False,False,False,2324679.3026470495,False,False,False,False
2023-10-12 00:00:00+00:00,5.025,5.3,4.95,5.2,1038652,,,,,,,,,,,,,,,,,,,,8.460945396028494,7.930568225504962,7.7441001429746805,7.67937185106523,7.565949570036042,7.535422755702785,7.645529113907923,7.7472109271838585,8.112781821531208,8.465448565709007,8.522940800425888,8.614105475393355,9.127790550466155,9.820620030384834,10.126769218715951,10.310696952893334,12.852695551489726,13.684939746518522,,,,,,,,,,,,,,,,8.068376087420202,7.8410885394091165,7.70061648714412,7.603644536910866,7.544983619905371,7.511105807104345,7.8209011508443735,8.663245127143881,9.006109228841307,9.206669166995864,9.393665464602753,10.194865413581892,10.369546796602778,11.158418966572519,13.220571771640115,14.253754882716311,,,,8.460945396028494,7.645529113907923,8.465448565709007,9.820620030384834,12.852695551489726,7.938916800067285,"rgba(255, 26, 202, 1.0)",1.230528342835629,7.938916800067285,-2.368020872524119,37.32132405541984,-7.058340685632267,False,True,False,True,False,0.0,0.0,0.0,0.0,0.0,0,0.9574631634699462,0.9754408887549185,False,False,False,False,-0.2525860757072856,-0.22881490711009128,False,False,False,False,-3103244,-10217865.652579876,False,False,False,False,2274246.859405989,False,False,False,False
2023-10-13 00:00:00+00:00,5.039,5.174,4.925,5.06,633955,,,,,,,,,,,,,,,,,,,,8.434610671909432,7.915747822217138,7.731216990180277,7.667165353422759,7.554883713800072,7.5247229712928725,7.636218861949414,7.737954257184868,8.103691091198314,8.455944624029582,8.513358931907828,8.604416324082283,9.118288136625905,9.810802607516196,10.116897902291122,10.300936395972325,12.840596359604993,13.672021604241149,,,,,,,,,,,,,,,,8.052060671797628,7.827203773298837,7.688180465828275,7.592181565079215,7.534162045424364,7.500685793572417,7.811865824052694,8.653539951428357,8.99654172644524,9.19722360780917,9.384145954158894,10.185038806112091,10.359887531133943,11.148265989538539,13.208107283746552,14.240249692563184,,,,8.434610671909432,7.636218861949414,8.455944624029582,9.810802607516196,12.840596359604993,7.92699058518283,"rgba(255, 26, 202, 1.0)",1.232093201692524,7.92699058518283,-2.3439708791636895,36.48138106192788,-8.253856227584862,False,True,False,True,False,0.0,0.0,0.0,0.0,0.0,0,0.954889343787856,0.971585406332956,False,False,False,False,-0.2623849099658909,-0.2455999085379911,False,False,False,False,-2469289,-9913999.901498312,False,False,False,False,2209921.688448891,False,False,False,False
2023-10-16 00:00:00+00:00,5.155,5.3,5.024,5.121,637970,,,,,,,,,,,,,,,,,,,,8.409391350083157,7.9015711806749005,7.7189194259882,7.65552301302113,7.544345550949609,7.514537402876885,7.627324934338081,7.72909342825442,8.094935095418673,8.446750712488086,8.504083904758291,8.595028555548845,9.109035771257663,9.801198393458176,10.107224520887454,10.291362164455414,12.828635348018647,13.659231380881417,,,,,,,,,,,,,,,,8.036432936718729,7.813935034169935,7.6763161084440075,7.581259619483901,7.523859329292899,7.490769804657849,7.803203716442319,8.64413181918029,8.987235871217893,9.188020512365565,9.374858052281972,10.175405645057925,10.350409582050485,11.13827238803334,13.195776317520293,14.226866431080236,,,,8.409391350083157,7.627324934338081,8.446750712488086,9.801198393458176,12.828635348018647,7.9155706461395114,"rgba(255, 26, 202, 1.0)",1.2332128013171977,7.9155706461395114,-2.238519291391509,36.754295126658256,-8.351368113627032,False,True,False,True,False,0.0,0.0,0.0,0.0,0.0,0,0.9583345065084915,0.9697391910751091,False,False,False,False,-0.2478013943942501,-0.2467006514661206,False,False,False,False,-1831319,-9597032.023008183,False,False,False,False,2148276.5241959933,False,False,False,False
2023-10-17 00:00:00+00:00,5.187,5.36,4.9,4.953,695420,,,,,,,,,,,,,,,,,,,,8.382250973974717,7.886223648239752,7.705592423220526,7.64290108431585,7.532912627764502,7.503484241932609,7.617660988689646,7.7194639792884665,8.08541527995429,8.436754791060388,8.49399985445843,8.584821927833321,9.098972254746652,9.790750433381563,10.096700312475532,10.280944690511598,12.81562151994675,13.645315651856091,,,,,,,,,,,,,,,,8.019526694090741,7.799563460916749,7.663455256932574,7.569413367602099,7.512679993419757,7.480007095958915,7.793787959894874,8.633902803293305,8.977115171267025,9.178009902865403,9.364754672382654,10.164924746309904,10.34009625989749,11.127397407910347,13.182360117644661,14.212305746957167,,,,8.382250973974717,7.617660988689646,8.436754791060388,9.790750433381563,12.81562151994675,7.903190922642075,"rgba(255, 26, 202, 1.0)",1.2340474143646902,7.903190922642075,-2.201042594494166,37.176493016762336,-8.351368113627032,False,True,False,True,False,0.0,0.0,0.0,0.0,0.0,0,0.958533268936168,0.9626827648288727,False,False,False,False,-0.2519388395205594,-0.24931974549334002,False,False,False,False,-1135899,-9265222.884851,False,False,False,False,2091301.7585412485,False,False,False,False
2023-10-18 00:00:00+00:00,4.8,5.14,4.75,5.1,800078,,,,,,,,,,,,,,,,,,,,8.349186059162744,7.8671683846271465,7.688933190224714,7.627082487022274,7.518515300410658,7.489545484950792,7.605508505387999,7.707395014255797,8.073603940592976,8.424452319986285,8.481603377922806,8.572296852006922,9.086721706239137,9.778137702009811,10.084032684639041,10.268424776005277,12.800212621222492,13.628888038061243,,,,,,,,,,,,,,,,7.998630983676005,7.781663659888259,7.6473511705535575,7.55452019479809,7.498588484203052,7.4664191493912755,7.782011794726084,8.621361400102046,8.964773998157295,9.165836470626227,9.352498194314087,10.152316561386876,10.327706990124208,11.114408511732485,13.1664969709393,14.195146623326242,,,,8.349186059162744,7.605508505387999,8.424452319986285,9.778137702009811,12.800212621222492,7.8877918876944735,"rgba(255, 26, 202, 1.0)",1.2388332845973682,7.8877918876944735,-2.492499940133618,35.77690831673079,-9.9447614723734,False,True,False,True,False,0.0,0.0,0.0,0.0,0.0,0,0.9544390748087273,0.9718063581737174,False,False,False,False,-0.2760297103397424,-0.26267472791654123,False,False,False,False,-1935977,-8977801.47760194,False,False,False,False,2040665.5327161017,False,False,False,False
2023-10-19 00:00:00+00:00,4.6,4.831,4.6,4.824,1111846,,,,,,,,,,,,,,,,,,,,8.301406620748388,7.839158963497172,7.6643120792205055,7.603655615546812,7.497112299791294,7.468800643575101,7.587444707730457,7.689495999670506,8.056209666342673,8.406441462757147,8.46347059359635,8.553999878253329,9.068929264609613,9.759933799102228,10.065789834202938,10.250415030331496,12.778306217296441,13.60558950068701,,,,,,,,,,,,,,,,7.968029065513569,7.755285902442368,7.6235180162079415,7.532409108664802,7.4776239764879,7.446177990678365,7.764570991928039,8.603052426664973,8.946827851279574,9.148169323640259,9.334742740344328,10.134167043835898,10.309890722200576,11.095813334708044,13.1439701029098,14.170844910112928,,,,8.301406620748388,7.587444707730457,8.406441462757147,9.759933799102228,12.778306217296441,7.865108800465885,"rgba(255, 26, 202, 1.0)",1.2455315276240833,7.865108800465885,-2.621458171110491,34.0730912363378,-11.80459995737975,False,True,False,True,False,0.0,0.0,0.0,0.0,0.0,0,0.949450908369441,0.9802728349011759,False,False,False,False,-0.3063594579219495,-0.2845170929192454,False,False,False,False,-3047823,-8745253.302009707,False,False,False,False,2004241.2373154704,False,False,False,False
2023-10-20 00:00:00+00:00,4.462,4.646,4.44,4.588,771799,,,,,,,,,,,,,,,,,,,,8.267523484174486,7.81902810163274,7.6465480182499155,7.586728570932663,7.4816063724374935,7.453759309803496,7.5743495941095755,7.67653762842418,8.043669339722287,8.393505158379318,8.450453946020227,8.540876343646634,9.056212982121275,9.74697574636131,10.052822405466319,10.237622282151484,12.76286818670925,13.589197425004961,,,,,,,,,,,,,,,,7.946092799205179,7.736293567957121,7.606305880150779,7.51640501251051,7.462427380768695,7.431492344142397,7.751953730719489,8.589925593645729,8.933992024942006,9.135548382782305,9.322073404163215,10.121269354493496,10.297237697774898,11.082646164902233,13.128107010719232,14.153763632728795,,,,8.267523484174486,7.5743495941095755,8.393505158379318,9.74697574636131,12.76286818670925,7.848774108831644,"rgba(255, 26, 202, 1.0)",1.2533445866848627,7.848774108831644,-2.702189122458152,32.42071187405972,-13.542137815068443,False,True,False,True,False,0.0,0.0,0.0,0.0,0.0,0,0.9469881416071124,0.9798549271419867,False,False,False,False,-0.32951887451512174,-0.3070179837171836,False,False,False,False,-3819622,-8552091.29016619,False,False,False,False,1955910.1691854522,False,False,False,False
2023-10-23 00:00:00+00:00,4.239,4.47,4.201,4.462,1311951,,,,,,,,,,,,,,,,,,,,8.208110586122544,7.783194817512877,7.614786844379639,7.556413371060236,7.453751510101912,7.426714087539733,7.550813925678708,7.653285406469963,8.021282298856443,8.37051624478639,8.427337940566304,8.517594393340026,9.033754393153604,9.724205636648893,10.030076749738564,10.215203448401303,12.736084319093926,13.560818489047472,,,,,,,,,,,,,,,,7.907164439992519,7.702416619856392,7.5754974481024595,7.487685608822084,7.43511115208999,7.405067221746207,7.729334716712897,8.566649467977983,8.91130060127153,9.113271204750685,9.299743257020372,10.098653754160386,10.275069109690389,11.059663355170185,13.100612815664991,14.124228459654955,,,,8.208110586122544,7.550813925678708,8.37051624478639,9.724205636648893,12.736084319093926,7.819636405085765,"rgba(255, 26, 202, 1.0)",1.2646333246301245,7.819636405085765,-2.831363317215302,30.519258927475757,-15.456417257663112,False,True,False,True,False,0.0,0.0,0.0,0.0,0.0,0,0.9373901528796986,0.9893146616729953,False,False,False,False,-0.34282825441539394,-0.3249231190662888,False,False,False,False,-5131573,-8417953.31800281,False,False,False,False,1930656.8684330815,False,False,False,False
2023-10-24 00:00:00+00:00,4.7,4.74,4.266,4.389,1972044,,,,,,,,,,,,,,,,,,,,8.127927086051947,7.7346895960344275,7.57190036520777,7.515516111671018,7.416238365913599,7.39030402228814,7.518905891205337,7.621652031929457,7.990496988925636,8.338665681482391,8.395276773886192,8.485249070305626,9.002263798427302,9.691992980445232,9.997791952870779,10.1833199289762,12.697398784473211,13.519699170860553,,,,,,,,,,,,,,,,7.854384982953894,7.6566125391913085,7.533923059732176,7.448987050357353,7.398332791540126,7.369502871071401,7.698478301959426,8.534282047189759,8.879547657673992,9.081995301194297,9.268312057398477,10.066529572628573,10.243520379715063,11.026753926606741,13.060842831895995,14.08135519247553,,,,8.127927086051947,7.518905891205337,8.338665681482391,9.691992980445232,12.697398784473211,7.7800662814448485,"rgba(255, 26, 202, 1.0)",1.269722688316036,7.7800662814448485,-2.425778723013741,33.1071272858925,-15.456417257663112,False,True,False,True,True,0.0,0.0,0.0,0.0,0.0,0,0.9437638883061272,0.9764861525967031,False,False,False,False,-0.3205933418320149,-0.32275823044915186,False,False,False,False,-3159529,-8211740.599649759,False,False,False,False,1932279.8932004117,False,False,False,False
2023-10-25 00:00:00+00:00,4.261,4.735,4.25,4.735,1737755,,,,,,,,,,,,,,,,,,,,8.057222329935016,7.691132346061568,7.533218674635738,7.478567126008457,7.3822444373667215,7.357277834298141,7.48991715705646,7.5929365805415765,7.962625243138668,8.309914552752268,8.366348522329758,8.456083781363862,8.973933294774332,9.663099564461884,9.96886289405477,10.15476213135414,12.662974451026015,13.483160105430043,,,,,,,,,,,,,,,,7.807133436959079,7.615396118352678,7.496383634744025,7.4139561211201555,7.364983144975599,7.337219229243226,7.6704750528071575,8.505105210623604,8.85096790434969,9.05386552424728,9.240066753836567,10.037748774529843,10.21526414800767,10.997347671273364,13.02547653172799,14.043289266815966,,,,8.057222329935016,7.48991715705646,8.309914552752268,9.663099564461884,12.662974451026015,7.744407026715689,"rgba(255, 26, 202, 1.0)",1.2801136306541943,7.744407026715689,-2.7211701706008045,33.02192579312064,-15.456417257663112,False,True,False,True,True,0.0,0.0,0.0,0.0,0.0,0,0.9445824686849071,0.9756553716338735,False,False,False,False,-0.3219779977382325,-0.32236811409369215,False,False,False,False,-4897284,-8081761.909467416,False,False,False,False,1924651.4660160819,False,False,False,False
2023-10-26 00:00:00+00:00,4.206,4.495,4.1,4.23,698124,,,,,,,,,,,,,,,,,,,,8.028443721578808,7.673176011326882,7.517217682910932,7.463263237877092,7.368131632784479,7.343556867100877,7.477868631388007,7.581012986337349,7.951086934892191,8.298046986031737,8.354413098678185,8.444058494527638,8.96228297270039,9.651255262506618,9.95701703992214,10.143074358205952,12.64897801638071,13.468324608146313,,,,,,,,,,,,,,,4.2669999999999995,7.787699966616324,7.598377601240568,7.48084195663229,7.399424625912169,7.351131067594423,7.323799059238489,7.658852558237858,8.49307887172699,8.839208549593188,9.042301612366026,9.228465848387504,10.02596590758677,10.203701162753621,10.985342976276858,13.011106474581638,14.02784667704248,,,,8.028443721578808,7.477868631388007,8.298046986031737,9.651255262506618,12.64897801638071,7.5183701560453144,"rgba(255, 26, 202, 1.0)",1.291033436458301,7.5183701560453144,-2.565673407446485,32.75512525711135,-15.456417257663112,False,True,False,True,True,0.0,0.0,0.0,0.0,0.0,0,0.9470597896453397,0.9806024846049592,True,False,False,False,-0.34282825441539394,-0.332598184254543,False,False,False,False,-5595408,-7984257.834586341,True,False,False,False,1876552.3497017256,True,False,False,False
2023-10-27 00:00:00+00:00,4.357,4.378,4.2,4.287,393785,,,,,,,,,,,,,,,,,,,,8.012593250512577,7.6632620929201645,7.508384189176969,7.4548148036147905,7.3603412487112765,7.335982594062719,7.471206163110523,7.57441512146354,7.944688866702732,8.291457463254861,8.347784626358793,8.43737810405925,8.955799150619944,9.644652486781988,9.950409215765381,10.136552137227488,12.64114569044897,13.460018041859303,,,,,,,,,,,,,,,4.283108543233302,7.7769699946775654,7.588981889120687,7.472262223182184,7.391403048855268,7.343484517031486,7.316390737642531,7.652417574169279,8.486396714309459,8.832666662693033,9.035864246395422,9.222004761298933,10.01939222864425,10.1972476575202,10.978635353247249,13.0030629558497,14.019197367004923,,,,8.012593250512577,7.471206163110523,8.291457463254861,9.644652486781988,12.64114569044897,7.511366352593025,"rgba(255, 26, 202, 1.0)",1.2994710874145305,7.511366352593025,-2.4274232671609903,33.814090500654714,-15.456417257663112,False,True,False,True,True,0.0,0.0,0.0,0.0,0.0,0,0.9512901025106751,0.9832716294908088,False,False,False,False,-0.34282825441539394,-0.33771321933496845,False,False,False,False,-5201623,-7875134.899896681,False,False,False,False,1818404.6104977366,False,False,False,False
2023-10-30 00:00:00+00:00,4.379,4.55,4.295,4.47,510294,,,,,,,,,,,,,,,,,,,,7.992782552745145,7.650868374309246,7.49735208101621,7.444267367229149,7.350621943745352,7.326534296089017,7.462876039895952,7.566155933468018,7.936650153206357,8.283156551853157,8.339431501930653,8.428954638193794,8.94759753854606,9.636274524028337,9.942015210881396,10.128261283311062,12.631135013528269,13.449389320850935,,,,,,,,,,,,,,,4.322885875468547,7.763547312179579,7.577241437301473,7.4615496497140805,7.381393139657534,7.333945666282595,7.307150612755775,7.644354789482742,8.477968296829424,8.824397339090536,9.027717850555259,9.213821017786977,10.011039459394068,10.189042294017336,10.97008848746376,12.992776989464204,14.008122870333118,,,,7.992782552745145,7.462876039895952,8.283156551853157,9.636274524028337,12.631135013528269,7.503585995826219,"rgba(255, 26, 202, 1.0)",1.3069942651015285,7.503585995826219,-2.3906654216141483,34.705807028301734,-19.041884874335587,False,True,False,True,True,0.0,0.0,0.0,0.0,0.0,0,0.952485407521635,0.9783393441653276,False,False,False,False,-0.3252282336282051,-0.33147072648158676,False,False,False,False,-4691329,-7750279.7665674,False,False,False,False,1767106.1551841001,False,False,False,False
2023-10-31 00:00:00+00:00,4.413,4.488,4.314,4.391,539745,,,,,,,,,,,,,,,,,,,,7.972046767963556,7.6378496227195765,7.485757137779067,7.433179433307692,7.340400688990938,7.31659662852963,7.4541057116977685,7.557458581293222,7.928179972231244,8.274408326663147,8.330628034094541,8.420076645072678,8.938948999625746,9.6274370926575,9.933159582840053,10.119513423471199,12.620569187192972,13.438170583667906,,,,,,,,,,,,,,,4.343577642096508,7.749453273048314,7.56490567764273,7.450288971147742,7.3708677506385225,7.3239132484108245,7.297430837186203,7.6358623016771485,8.469084727617052,8.815678413139056,9.019126872770675,9.205189800104026,10.002226922708102,10.180384151317154,10.961068391473175,12.981920345858828,13.996433309949085,,,,7.972046767963556,7.4541057116977685,8.274408326663147,9.6274370926575,12.620569187192972,7.494349362609552,"rgba(255, 26, 202, 1.0)",1.3138026073845517,7.494349362609552,-2.345367062974352,35.608735385126266,-18.036793826888022,False,True,False,True,True,0.0,0.0,0.0,0.0,0.0,0,0.953603940916243,0.9793702741476771,False,False,False,False,-0.3280493210519778,-0.32976002376678226,False,False,False,False,-4151584,-7609154.442388287,False,False,False,False,1718974.3451768805,False,False,False,False
2023-11-01 00:00:00+00:00,4.528,4.53,4.235,4.417,574583,,,,,,,,,,,,,,,,,,,,7.950393357043201,7.6242153871350435,7.473612335232308,7.421564971005137,7.329693053447183,7.306185364287507,7.4449035583660255,7.54832822315927,7.919273827916338,8.265200998172022,8.321361317606453,8.410729490474433,8.92983094266128,9.618108673881224,9.923807632663332,10.110272505923025,12.609386673986972,13.426292560637487,,,,,,,,,,,,,,,4.362068651649229,7.734694575350194,7.551985882890311,7.438493860990408,7.359842005468978,7.313402996073204,7.287247356360962,7.626942821170556,8.459730480910752,8.806488938694798,9.010067744220557,9.19608504523717,9.992919410294801,10.171236970889566,10.951531261501966,12.97042802479778,13.984054124300263,,,,7.950393357043201,7.4449035583660255,8.265200998172022,9.618108673881224,12.609386673986972,7.484507001689939,"rgba(255, 26, 202, 1.0)",1.319043125058859,7.484507001689939,-2.241402836285593,37.283432362312496,-16.329443917867586,False,True,False,True,True,0.0,0.0,0.0,0.0,0.0,0,0.9551507309185046,0.9752775325371758,False,False,False,False,-0.3304808092037695,-0.3301204164852759,False,False,False,False,-3577001,-7451030.777980903,False,False,False,False,1674096.2532091597,False,False,False,False
2023-11-02 00:00:00+00:00,4.657,4.8,4.504,4.6,1028274,,,,,,,,,,,,,,,,,,,,7.91470661868987,7.601784158172708,7.453690398133721,7.40253350482303,7.312183080640665,7.289168199567109,7.429780851323941,7.533278615348425,7.904458305773641,8.249783744584036,8.30582997629538,8.395040527612228,8.914408095021214,9.602210915194997,9.9078257366261,10.094455137449922,12.589993272970533,13.405637915409924,,,,,,,,,,,,,,,4.442137615799309,7.710365752295795,7.530759322584495,7.419159671657956,7.341799907775255,7.296221623994597,7.270609205733157,7.61220735719278,8.444017128807975,8.790971268883693,8.994728531822808,9.18063491631525,9.977003817061398,10.155571801393364,10.935113432153152,12.950472557535331,13.962494632749644,,,,7.91470661868987,7.429780851323941,8.249783744584036,9.602210915194997,12.589993272970533,7.470774921899905,"rgba(255, 26, 202, 1.0)",1.3230690363523099,7.470774921899905,-2.1267030250042422,39.580590886427366,-14.100681949205757,False,True,False,True,True,0.0,0.0,0.0,0.0,0.0,0,0.9655067733282158,0.9640454295923209,False,False,False,False,-0.2954144631050748,-0.31276743979517535,False,False,False,False,-2548727,-7258783.571001261,False,False,False,False,1648769.8903382123,False,False,False,False
2023-11-03 00:00:00+00:00,4.9,4.97999,4.664,4.664,664385,,,,,,,,,,,,,,,,,,,,7.893406568247884,7.5884137698179,7.441850518424378,7.391235021562686,7.301809053055611,7.279090961539368,7.420774557705998,7.524288364702389,7.895525009462894,8.240426733673852,8.296394927010697,8.385496029157242,8.90495396463161,9.592394396182916,9.897931033533737,10.084647233424338,12.577818666142749,13.392639422421237,,,,,,,,,,,,,,,4.5032932170572515,7.695836209535621,7.518124289276107,7.407677487864244,7.331103511868244,7.286045727934412,7.260760386184992,7.603384236378305,8.434450278942395,8.781474609866036,8.985316026958907,9.171134229667896,9.9671444058803,10.145853320395132,10.924877812854351,12.937930649760244,13.948907286314148,,,,7.893406568247884,7.420774557705998,8.240426733673852,9.592394396182916,12.577818666142749,7.463246829023005,"rgba(255, 0, 0, 1.0)",1.3248432621213966,7.463246829023005,-1.934754776137535,43.15944816837012,-10.765302803277478,False,False,False,True,True,0.0,0.0,0.0,0.0,0.0,0,0.9744359518668643,0.9581281276703825,False,False,False,False,-0.27365797771517997,-0.2932127087551777,False,False,False,False,-1884342,-7048021.156452192,False,False,False,False,1610166.561305341,False,False,False,False
2023-11-06 00:00:00+00:00,4.72,5.179,4.6,5.069,666523,,,,,,,,,,,,,,,,,,,,7.87222945589338,7.575057490991814,7.430012112732044,7.379933914876905,7.291425970753161,7.269002700598443,7.411749900568127,7.5152792685484835,7.88657144021696,8.231049924329804,8.286940172612638,8.375931916532634,8.895478583742177,9.582555936929973,9.888013935645652,10.074816473259938,12.56561967432524,13.37961590077286,,,,,,,,,,,,,,,4.546589036597748,7.681331395895972,7.505497099631928,7.396194056139382,7.320400246850508,7.275859458831506,7.25089909655832,7.594541270616728,8.424863736958145,8.771957097772276,8.975881999307262,9.161611827304661,9.957262417057617,10.136111764185145,10.914618530346775,12.925364084495214,13.935294466399988,,,,7.87222945589338,7.411749900568127,8.231049924329804,9.582555936929973,12.56561967432524,7.454824796488825,"rgba(255, 26, 202, 1.0)",1.3271657429230397,7.454824796488825,-2.0606505337196706,44.16539909476084,-9.903242299328042,False,False,False,True,True,0.0,0.0,0.0,0.0,0.0,0,0.9797924520985538,0.9456853881405723,False,False,False,False,-0.2650891684421508,-0.27915093859866424,False,False,False,False,-2550865,-6871662.0914932825,False,False,False,False,1573160.9314502296,False,False,False,False
2023-11-07 00:00:00+00:00,4.752,4.869,4.562,4.72,418561,,,,,,,,,,,,,,,,,,,,7.858624147054751,7.566416384130586,7.42233332448784,7.3725965803052205,7.284672699912774,7.262437831335613,7.405884552384739,7.50943156926274,7.880782486255112,8.22500612596685,8.280848881796041,8.369774373086459,8.889397074369656,9.57626181808851,9.881676698737333,10.068538097592217,12.557874528541294,13.371357122791359,,,,,,,,,,,,,,,4.560383767970678,7.67196352564707,7.497317896143523,7.388740741754352,7.313442951881109,7.269231887973133,7.244479283299666,7.588806175961247,8.418693875369792,8.76584453753917,8.969829458932375,9.155508323159369,9.950949015679242,10.129891386134377,10.908082303638043,12.917390012751534,13.926668008614183,,,,7.858624147054751,7.405884552384739,8.22500612596685,9.57626181808851,12.557874528541294,7.448658759330476,"rgba(255, 26, 202, 1.0)",1.3288279773969196,7.448658759330476,-2.029351281881527,45.120120563970495,-9.014987040523181,False,False,False,False,True,0.0,0.0,0.0,0.0,0.0,0,0.9785502237799624,0.9529901478020241,False,False,False,False,-0.28725672090406307,-0.28320382975136366,False,False,False,False,-2132304,-6685804.911434723,False,False,False,False,1527882.502765907,False,False,False,False
2023-11-08 00:00:00+00:00,4.685,4.961,4.61,4.85,345812,,,,,,,,,,,,,,,,,,,,7.84755871237186,7.559377490410516,7.416079002648554,7.366620574449372,7.279172820596568,7.2570913401810895,7.401101801435334,7.504660819766461,7.876052464045275,8.220063125970075,8.275866365786099,8.364736599131685,8.884415248730315,9.571099998188428,9.876477314792407,10.063385644082814,12.55150693417784,13.364564841971266,,,,,,,,,,,,,,,4.571730037945217,7.664332166784066,7.490655598949639,7.382670227473457,7.307776819062221,7.263834366304328,7.239250916636238,7.584125315891027,8.413645398104483,8.760838654561407,8.964870499194207,9.150505957771584,9.945768664721513,10.124786039898025,10.902713751370205,12.910833127175747,13.919571898103497,,,,7.84755871237186,7.401101801435334,8.220063125970075,9.571099998188428,12.55150693417784,7.443637828291953,"rgba(255, 26, 202, 1.0)",1.3306983389139944,7.443637828291953,-2.073075277559394,45.20500851990876,-8.868466071347164,False,False,False,False,True,0.0,0.0,0.0,0.0,0.0,0,0.9786127990756398,0.9513238135924054,False,False,False,False,-0.2783068112646206,-0.2807553205079921,False,False,False,False,-2478116,-6520797.503143165,False,False,False,False,1481526.796775087,False,False,False,False
2023-11-09 00:00:00+00:00,4.45,4.75,4.3275,4.64,803355,,,,,,,,,,,,,,,,,,,,7.82016154169269,7.54175783684933,7.400347959701095,7.35156272750528,7.265268913495768,7.243562883119585,7.389044855869858,7.492669258502919,7.864269323377369,8.20783393389794,8.263551720809804,8.352304324908205,8.87221079438004,9.558549017039999,9.86386877911928,10.050908967444347,12.5362951037055,13.348383222894414,,,,,,,,,,,,,,,4.564164591494578,7.645291365775117,7.473941211108539,7.367383284808467,7.293468591725612,7.2501806816752135,7.226011563495234,7.572383340832934,8.401196544531368,8.748556038024262,8.952733795384603,9.138289571895267,9.933213151519482,10.112428797801316,10.889787186622145,12.895189259237245,13.902693697543953,,,,7.82016154169269,7.389044855869858,8.20783393389794,9.558549017039999,12.5362951037055,7.429257995532277,"rgba(255, 26, 202, 1.0)",1.334927945823225,7.429257995532277,-2.2317743851673013,43.453745466454045,-8.868466071347164,False,False,False,True,True,0.0,0.0,0.0,0.0,0.0,0,0.9706755443530017,0.9664592217888703,False,False,False,False,-0.31005970012329614,-0.29540751031564416,False,False,False,False,-3281471,-6393765.091255198,False,False,False,False,1454931.8243525345,False,False,False,False
2023-11-10 00:00:00+00:00,4.7,5.2,4.611,5.11,1704748,,,,,,,,,,,,,,,,,,,4.837000000000001,7.7690993156831505,7.509004363711658,7.371245681666121,7.323754757219578,7.239676915806399,7.218681199646904,7.366664633868198,7.470299555979408,7.841952979446776,8.18442495515671,8.239943226451551,8.328414329035883,8.848465835549678,9.53383636383868,9.83893439764285,10.026173121356928,12.50551550019369,13.315506695710173,,,,,,,,,,,,,,,4.619879144313016,7.609782922812419,7.442940302348334,7.339136270878057,7.267104004500602,7.225063024786244,7.201677461859319,7.550396249394957,8.37724397124295,8.724723014278263,8.929081061032232,9.114398708372036,9.908359852476337,10.087909326637963,10.863929476870336,12.863474877892255,13.868320355948102,,,,7.7690993156831505,7.366664633868198,8.18442495515671,9.53383636383868,12.50551550019369,7.23138634827647,"rgba(255, 0, 0, 1.0)",1.3366166439829512,7.23138634827647,-1.8938761234734098,44.74242379317516,-8.868466071347164,False,False,False,True,True,0.0,0.0,0.0,0.0,0.0,1,0.9680081968187609,0.9641983621493736,False,False,False,False,-0.2630638019056207,-0.2792356561106324,False,False,False,False,-1576723,-6204861.479833426,False,False,False,False,1464728.5371230233,False,False,False,False
2023-11-13 00:00:00+00:00,4.711,4.759,4.499,4.698,692337,,,,,,,,,,,,,,,,,,,4.784819031031441,7.747610215512643,7.495043657096127,7.35878520252457,7.31182834929227,7.228666796438004,7.207967037144881,7.357046034722323,7.460706006907021,7.8324441952475174,8.174502499191176,8.229943789151566,8.318307248067224,8.838471339365531,9.52349048012139,9.828515249937814,10.01584679031336,12.492792507349394,13.30194422451738,,,,,,,,,,,,,,,4.622670860620646,7.594694218403548,7.429698764459101,7.327028396956722,7.255773559989029,7.214250351335816,7.19119150460417,7.54097953297745,8.367116210593245,8.71468064579971,8.919131905019219,9.10436507111917,9.89797832120141,10.07767598335912,10.853178136193184,12.850377798825171,13.854157098520497,,,,7.747610215512643,7.357046034722323,8.174502499191176,9.52349048012139,12.492792507349394,7.218282500180301,"rgba(255, 0, 0, 1.0)",1.3398963437113955,7.218282500180301,-1.8712510948685386,45.705218734316276,-8.304870119713414,False,False,False,False,True,0.0,0.0,0.0,0.0,0.0,1,0.9677642946990899,0.9741570295055996,False,False,False,False,-0.2983786360275518,-0.2888071460690921,False,False,False,False,-884386,-5996215.382585056,False,False,False,False,1434438.6729221204,False,False,False,False
2023-11-14 00:00:00+00:00,4.664,4.849,4.55,4.8,931605,,,,,,,,,,,,,,,,,,,4.7576288666111894,7.7194469023084356,7.4766774208458475,7.342390162089649,7.296134920210907,7.214177566592147,7.19386603351785,7.344359440517299,7.448042821740523,7.819863795932768,8.161356770475887,8.216693539256331,8.304910310790651,8.825197961258688,9.509727357286366,9.81464576826723,10.002095116943627,12.47580565793319,13.283827436932944,,,,,,,,,,,,,,,4.628742824365557,7.574846504404079,7.4122774289261635,7.311096669558274,7.240863588805509,7.200020194002682,7.177389984203289,7.5285413235483425,8.35368937692485,8.701349394443655,8.905915132495576,9.091029528027494,9.88415670357243,10.064045983440124,10.838842677556416,12.832887402404696,13.835232370886239,,,,7.7194469023084356,7.344359440517299,8.161356770475887,9.509727357286366,12.47580565793319,7.203220837895637,"rgba(255, 0, 0, 1.0)",1.343706318057805,7.203220837895637,-1.8897141464407423,45.9184056317133,-7.9696315978493075,False,False,False,False,True,0.0,0.0,0.0,0.0,0.0,1,0.9687529729782928,0.9710220046867806,False,False,False,False,-0.289308671255022,-0.28905790866205705,False,False,False,False,-1815991,-5832285.014640544,False,False,False,False,1414719.7053565471,False,False,False,False
2023-11-15 00:00:00+00:00,4.65,4.935,4.65,4.673,803713,,,,,,,,,,,,,,,,,,,4.755172672413606,7.696014818976188,7.461346305546163,7.3287087141160345,7.283040238550808,7.20209022207923,7.182102421711175,7.333745095001245,7.437435605221446,7.809288237839612,8.150280965541928,8.205526119293255,8.293613647945664,8.813972528080996,9.498056877519714,9.802873434724443,9.990415577054822,12.461317532390156,13.268362701896029,,,,,,,,,,,,,,,4.637413829940683,7.55827572914962,7.397737164147315,7.297802830810897,7.22842463443753,7.18814897964276,7.165876234171417,7.518112265032739,8.342364216836426,8.69008227167232,8.894733016928093,9.079738200163709,9.872422234695469,10.052467202466651,10.82664344195697,12.817964014624467,13.81907026794017,,,,7.696014818976188,7.333745095001245,8.150280965541928,9.498056877519714,12.461317532390156,7.191827154181183,"rgba(255, 0, 0, 1.0)",1.3472435772999072,7.191827154181183,-1.8866871566576056,45.925061180728804,-7.770771571217324,False,False,False,False,True,0.0,0.0,0.0,0.0,0.0,1,0.9753794270161297,0.9674115148186624,False,False,False,False,-0.2774142282418442,-0.2832360684519506,False,False,False,False,-2619704,-5706301.445438953,False,False,False,False,1390758.658087663,False,False,False,False
2023-11-16 00:00:00+00:00,4.65,4.695,4.501,4.689,340566,,,,,,,,,,,,,,,,,,,4.744525488327776,7.685765277111381,7.4545940339344625,7.322665934153923,7.277250534621799,7.196735529423759,7.176888318360759,7.329049489549141,7.432750708814274,7.804640153398574,8.145431441112576,8.200639168448326,8.288674265607805,8.8090834753416,9.492994406263476,9.79777402884998,9.985360163943174,12.455091800369626,13.261727111765266,,,,,,,,,,,,,,,4.636737364570337,7.5509914643977885,7.391324735621971,7.29192712348584,7.2229178039177,7.182888079163782,7.160770640006834,7.51351104778375,8.337414492840487,8.685170979527731,8.889865314907572,9.074828687815323,9.867340673069355,10.047456495589692,10.82137894790265,12.811555662700899,13.812141431596311,,,,7.685765277111381,7.329049489549141,8.145431441112576,9.492994406263476,12.455091800369626,7.186100216810237,"rgba(255, 0, 0, 1.0)",1.3509586395463924,7.186100216810237,-1.877259704754378,45.92949821340581,-7.530566938697909,False,False,False,False,True,0.0,0.0,0.0,0.0,0.0,1,0.9722854663218728,0.9631208994083886,False,False,False,False,-0.3023819099165265,-0.2928089891842386,False,False,False,False,-2619704,-5585258.408362916,False,False,False,False,1349574.6322803036,False,False,False,False
2023-11-17 00:00:00+00:00,4.623,4.69,4.549,4.65,463627,,,,,,,,,,,,,,,,,,,4.73289312183267,7.671945311703881,7.445470381441656,7.314498890533419,7.269424748603249,7.189496477394764,7.169838800286173,7.322695685781519,7.426409930000036,7.798344764540585,8.138860865665489,8.194017563034175,8.281981089082493,8.802454512359835,9.486127014810144,9.790855210552804,9.978500099808233,12.446638064364643,13.252715702693468,,,,,,,,,,,,,,,4.636093946120379,7.541150758852687,7.382659261772827,7.283985378557188,7.215473576989045,7.175775481388584,7.153867436125705,7.5072820936004865,8.330706940865271,8.678512762977558,8.883264722001812,9.068170461660507,9.860445704672983,10.040656715117153,10.81423264160764,12.802853443555605,13.802731122797452,,,,7.671945311703881,7.322695685781519,8.138860865665489,9.486127014810144,12.446638064364643,7.178509223711226,"rgba(255, 0, 0, 1.0)",1.3547410367874853,7.178509223711226,-1.8863451791282098,45.625385481141436,-7.530566938697909,False,False,False,True,True,0.0,0.0,0.0,0.0,0.0,1,0.9731928194971937,0.9777730819940045,False,False,False,False,-0.2996044534216815,-0.29620672130296005,False,False,False,False,-3083331,-5487143.608034958,False,False,False,False,1314831.5878771544,False,False,False,False
2023-11-20 00:00:00+00:00,4.765,4.849,4.62,4.624,684314,,,,,,,,,,,,,,,,,,,4.734326484323713,7.6525930106310955,7.432697146093854,7.303084889873432,7.2584945843591875,7.179397859155699,7.16000715985375,7.313799639464978,7.417514330523597,7.789458944914191,8.12954757055002,8.18462630747273,8.272479542568364,8.792997403436065,9.47628346868689,9.780920868669227,9.968640235508753,12.434390802269098,13.239639718930931,,,,,,,,,,,,,,,4.642151978272909,7.527357650026814,7.370537397097116,7.272891024651801,7.205084761948204,7.165855133664698,7.144242002558,7.4985298553599575,8.321180130509603,8.669024087633009,8.873841778410133,9.058652193833314,9.850541830897232,10.03088021750552,10.803925310138832,12.79023683851707,13.789063751201219,,,,7.6525930106310955,7.313799639464978,8.12954757055002,9.47628346868689,12.434390802269098,7.169109886539788,"rgba(255, 0, 0, 1.0)",1.3573431689139899,7.169109886539788,-1.7711879660199097,47.327834926447764,-5.787158603383645,False,False,False,False,True,0.0,0.0,0.0,0.0,0.0,1,0.9475832175520258,1.0887586646864071,False,False,False,False,-0.2848230828287538,-0.29051490206585695,False,False,False,False,-2399017,-5366040.603798293,False,False,False,False,1290105.4079604032,False,False,False,False
2023-11-21 00:00:00+00:00,4.664,4.75,4.524,4.75,393416,,,,,,,,,,,,,,,,,,,4.728548770884719,7.64120907885768,7.425140744575176,7.296317400165045,7.252008548487056,7.173396035711405,7.154161473584717,7.30851764038792,7.412239064980003,7.784209024746237,8.124061006332134,8.179096139394535,8.266887991215128,8.787448362888037,9.470525217156418,9.775115701668742,9.962881798247142,12.427277281639546,13.2320533394339,,,,,,,,,,,,,,,4.642271578619146,7.51921034783935,7.363358802306901,7.266309387001598,7.198913699600142,7.15995751044106,7.138516916547575,7.4933438232200125,8.315575528455591,8.663453055973026,8.868314891804202,9.053074315414063,9.844755685797121,10.02517137433986,10.797919165041543,12.782912617793723,13.781139442785106,,,,7.64120907885768,7.30851764038792,8.124061006332134,9.470525217156418,12.427277281639546,7.163039349684121,"rgba(255, 0, 0, 1.0)",1.3606263892672539,7.163039349684121,-1.836682993507089,47.190861386743116,-5.772231555860955,False,False,False,False,True,0.0,0.0,0.0,0.0,0.0,1,0.846434993599717,1.174806424519143,False,False,False,False,-0.29597788225514143,-0.2932463921604992,False,False,False,False,-2792433,-5265114.815414046,False,False,False,False,1254941.117452152,False,False,False,False
2023-11-22 00:00:00+00:00,4.64,4.688,4.56,4.636,237504,,,,,,,,,,,,,,,,,,,4.724779624365986,7.634340260559148,7.420571535148931,7.2922229626243,7.248083573102594,7.169762697299513,7.150622229503681,7.305319129560007,7.409044984500601,7.781031357510048,8.120741310975014,8.175750244238325,8.26350522907475,8.78409215492584,9.467043633933587,9.771606122982023,9.959400597031273,12.422979973646232,13.22747106886547,,,,,,,,,,,,,,,4.64203328312242,7.514285710942653,7.359016921625146,7.262326842746996,7.195178407207319,7.156386962913439,7.135050358765533,7.490203877637588,8.312184985217494,8.660083382868688,8.86497217441699,9.049701079951271,9.841257653398086,10.021720159351588,10.794289134492379,12.77848833867836,13.776353492662793,,,,7.634340260559148,7.305319129560007,8.120741310975014,9.467043633933587,12.422979973646232,7.159337613717462,"rgba(255, 0, 0, 1.0)",1.3639938076790015,7.159337613717462,-1.8470300961295536,46.798012628566696,-5.772231555860955,False,False,False,False,True,0.0,0.0,0.0,0.0,0.0,1,0.8710313841364802,1.1284746288257395,False,False,False,False,-0.29770438229409524,-0.2954753872272972,False,False,False,False,-3029937,-5177460.783437025,False,False,False,False,1215041.622650107,False,False,False,False
2023-11-24 00:00:00+00:00,4.779,4.828,4.6,4.6,320247,,,,,,,,,,,,,,,,,,,4.7253101328545,7.6254538784536035,7.414667881583442,7.286941609156451,7.24302389625112,7.165084329457926,7.146066248783428,7.3011892705856,7.404914030836594,7.776900975815339,8.116411076907276,8.171383633133749,8.259087078212035,8.779690862230773,9.462460049403685,9.766979128298496,9.954807284240847,12.417271992846954,13.2213764401019,,,,,,,,,,,,,,,4.64430226797643,7.507915684518155,7.353411390565933,7.2571919439056165,7.19036696785687,7.1517903232012605,7.13058895454702,7.486137864660102,8.307754801581218,8.655668294730386,8.860586183235686,9.045270012016221,9.83664445727881,10.017165200966016,10.789485519063051,12.772608043040728,13.76998303264836,,,,7.6254538784536035,7.3011892705856,8.116411076907276,9.462460049403685,12.417271992846954,7.154952618052522,"rgba(255, 0, 0, 1.0)",1.3661189410444297,7.154952618052522,-1.7391989428358638,48.50481740559279,-4.259772364989345,False,False,False,False,True,0.0,0.0,0.0,0.0,0.0,1,0.848241705233094,1.1030826077750553,False,False,False,False,-0.28578638338439116,-0.2906308853058442,False,False,False,False,-2709690,-5080685.458596358,False,False,False,False,1179951.637448142,False,False,False,False
2023-11-27 00:00:00+00:00,4.662,4.8,4.65,4.8,290566,,,,,,,,,,,,,,,,,,,4.724407856564884,7.617350276551148,7.409270757225859,7.282109342055921,7.238393003117434,7.160799967248244,7.141893260691857,7.29740753357234,7.401132636832562,7.773124166462429,8.112455039248827,8.16739487910233,8.255052031203329,8.77567455540484,9.458281146516951,9.762761945096974,9.95062142687354,12.412079046848937,13.215833628390573,,,,,,,,,,,,,,,4.645586587783945,7.502095530353365,7.348284802313916,7.252492697960197,7.185961612963206,7.147580322218428,7.126502038216216,7.482416714251675,8.303709150616637,8.6516386998741,8.856584258498435,9.041228007618974,9.832440087468974,10.013014451772477,10.785110932740258,12.767259185066235,13.764190527557519,,,,7.617350276551148,7.29740753357234,8.112455039248827,9.458281146516951,12.412079046848937,7.150832951236739,"rgba(255, 0, 0, 1.0)",1.3690743400077812,7.150832951236739,-1.817894674165461,48.05095908094937,-4.259772364989345,False,False,False,False,True,0.0,0.0,0.0,0.0,0.0,1,0.8067641631265342,1.1929328915524997,False,False,False,False,-0.27789327631682154,-0.28426208081133286,False,False,False,False,-3000256,-4999099.989631795,False,False,False,False,1145073.769312921,False,False,False,False
2023-11-28 00:00:00+00:00,4.656,4.656,4.588,4.6,253705,,,,,,,,,,,,,,,,,,,4.721160957745931,7.610140629301515,7.404453213550767,7.277789608448692,7.234251015374659,7.156964045664953,7.138156021248226,7.294024810278238,7.397753316001825,7.7697583096804,8.10893689583345,8.163848724204612,8.251466387595066,8.772113471262825,9.45458422853789,9.759034134708894,9.946922884638555,12.407509072677001,13.210959739300172,,,,,,,,,,,,,,,4.645360660488084,7.496905595374045,7.343705574909014,7.248290335641442,7.1820187096103165,7.1438102605908895,7.122841059195069,7.479093326013338,8.300114948841678,8.648064148329563,8.853036955326436,9.03764751727466,9.828724203144944,10.009347393594862,10.781252116384627,12.762553795546943,13.759099504190218,,,,7.610140629301515,7.294024810278238,8.10893689583345,9.45458422853789,12.407509072677001,7.146963153457773,"rgba(255, 0, 0, 1.0)",1.3720436105271807,7.146963153457773,-1.8155131034797574,47.66727629176891,-4.259772364989345,False,False,False,False,True,0.0,0.0,0.0,0.0,0.0,1,0.8107766258108918,1.174991579903059,False,False,False,False,-0.2930102073939073,-0.28863614410262006,False,False,False,False,-3253961,-4930663.16650898,False,False,False,False,1110118.1313006496,False,False,False,False
2023-11-29 00:00:00+00:00,4.565,4.74,4.561,4.66,478214,,,,,,,,,,,,,,,,,,,4.714916995520393,7.596593924163368,7.395380885065518,7.269650709034301,7.226445534329077,7.14973287309914,7.131110073514378,7.28764488327813,7.391379924028128,7.763410660904535,8.102303219757275,8.157162418564084,8.244705888753417,8.765399392640003,9.447614865103388,9.752006712973845,9.939950554446508,12.39889707741703,13.201775757546205,,,,,,,,,,,,,,,4.644576042385767,7.487135343284432,7.33508004060654,7.240371595158697,7.174586767314855,7.136702702479562,7.115938271233213,7.4728251704890365,8.29333838406249,8.641324690234372,8.846348829201263,9.030897039448517,9.82171922791071,10.00243430918468,10.773978313296187,12.753686947163217,13.749506846058827,,,,7.596593924163368,7.28764488327813,8.102303219757275,9.447614865103388,12.39889707741703,7.139647401710522,"rgba(255, 0, 0, 1.0)",1.3757216010526536,7.139647401710522,-1.8714886789162082,46.17201104415023,-4.259772364989345,False,False,False,True,False,0.0,0.0,0.0,0.0,0.0,1,0.7982798624814995,1.1826417581401083,False,False,False,False,-0.2802158105791701,-0.2844259773408951,False,False,False,False,-3732175,-4883663.630567451,False,False,False,False,1085337.5771319966,False,False,False,False
2023-11-30 00:00:00+00:00,4.6,4.6,4.433,4.6,585910,,,,,,,,,,,,,,,,,,,4.702699280758699,7.579733935222854,7.384036720977841,7.259456110888878,7.21666228082606,7.140658749911579,7.122265397227275,7.279643034252856,7.383393121908379,7.755476886363252,8.094029325664744,8.14882543549982,8.23628030417445,8.757049185624687,9.438966332275182,9.743292892074539,9.931308475704958,12.388266440813238,13.190448622154202,,,,,,,,,,,,,,4.544333333333333,4.640613984212536,7.474932886324449,7.3242858306084955,7.23044851202341,7.16526445985305,7.127781643461616,7.107270945851213,7.46497458267793,8.284894744038224,8.63293920575956,8.838033145955979,9.022509204296,9.813034539841281,9.993866598146548,10.764977587146454,12.742746029938882,13.737681524860005,,,,7.579733935222854,7.279643034252856,8.094029325664744,9.438966332275182,12.388266440813238,6.949898051117422,"rgba(255, 0, 0, 1.0)",1.3788548908748024,6.949898051117422,-1.7042388337372836,45.78984444970369,-4.259772364989345,False,False,False,True,False,0.0,0.0,0.0,0.0,0.0,1,0.8143265171798758,1.1640386623383485,False,False,False,False,-0.2942745832295622,-0.28935028028522863,False,False,False,False,-3146265,-4815530.350937354,False,False,False,False,1065752.1819503496,False,False,False,False
2023-12-01 00:00:00+00:00,4.683,4.77,4.52,4.597,791073,,,,,,,,,,,,,,,,,,,4.69872849477617,7.558102536871668,7.369468329167544,7.246381676215301,7.204121401826653,7.129037471594693,7.110939970367374,7.26935759949003,7.373108118377503,7.7452027308262865,8.083273818406177,8.137982028657134,8.225312442350361,8.746129232581913,9.427606963388591,9.731829452689816,9.919928660620105,12.374165660080152,13.175401956516348,,,,,,,,,,,,,,4.6094430260455885,4.641477892554626,7.459248224406954,7.310432474295559,7.217726484141002,7.153321937221616,7.116357880789973,7.096174328106,7.454850287796876,8.273898216484612,8.621984084636242,8.827151514342445,9.011519261781629,9.801605314274063,9.98258107935999,10.75308699284957,12.728223779032172,13.721959786680971,,,,7.558102536871668,7.26935759949003,8.083273818406177,9.427606963388591,12.374165660080152,6.94233773416388,"rgba(255, 0, 0, 1.0)",1.3806372728847183,6.94233773416388,-1.6364455592620615,46.965366522844505,-4.259772364989345,True,False,False,False,False,0.0,0.0,0.0,0.0,0.0,1,0.8556002804575175,1.103534862896822,False,False,False,False,-0.26744734457014746,-0.27839881242768805,False,False,False,False,-2355192,-4719046.494037851,False,False,False,False,1054980.4493248456,False,False,False,False
2023-12-04 00:00:00+00:00,5.2,5.2,4.593,4.701,1961180,,,,,,,,,,,,,,,,,,,4.752353877647157,7.511958982202986,7.338459125493472,7.218711684626554,7.177635810339348,7.104590320317023,7.087136224707812,7.247477924808471,7.351092866755143,7.722795956851307,8.059515454008771,8.11398602035683,8.200973228030763,8.721537010545944,9.401667764938743,9.70552105389733,9.893736395117807,12.340959267586864,13.139806948361189,,,,,,,,,,,,,,4.837525489218671,4.681222072258723,7.425735543608678,7.281024248026794,7.190840414875307,7.128167145607347,7.0923413933369535,7.072868956856135,7.433075819281155,8.249458043747882,8.597390583336752,8.802597229365592,8.986619987594503,9.775346501892665,9.95658086533882,10.725440484789079,12.693952388589052,13.684670428905912,,,,7.511958982202986,7.247477924808471,8.059515454008771,9.401667764938743,12.340959267586864,6.93572646554139,"rgba(239, 83, 80, 1.0)",1.3805099791460385,6.93572646554139,-1.2573081627523495,53.635942835700675,0.6147518473261187,True,False,True,False,True,0.0,0.0,0.0,0.0,0.0,1,0.8414526558259307,1.0911173481956553,False,False,False,False,-0.215973922104947,-0.24718636726631754,False,False,False,False,-394012,-4549437.298193229,False,False,False,True,1090517.6866062242,False,False,False,False
2023-12-05 00:00:00+00:00,4.795,5.25,4.75,5.198,1013009,,,,,,,,,,,,,,,,,,4.931666666666666,4.767559763622172,7.488161125319245,7.322314657954687,7.204267480593979,7.163796008928359,7.091792261602474,7.074667905717994,7.236013945477494,7.3395659412378755,7.7110878643448055,8.04712481579678,8.101474946627992,8.188288421241808,8.708737435138053,9.38818898408123,9.69185725634272,9.880135264689292,12.323770872092368,13.121394084437519,,,,,,,,,,,,,,4.859442770361641,4.694869941415725,7.40831924440355,7.265694358480694,7.176796122154057,7.115007060091127,7.079763971634085,7.060656168401675,7.421678382546538,8.236722884439832,8.58458703959013,8.78981924995881,8.973668560385766,9.761709325985581,9.9430795757603,10.711100641891376,12.676218129462972,13.665388527395882,,,,7.488161125319245,7.236013945477494,8.04712481579678,9.38818898408123,12.323770872092368,6.7706560820477435,"rgba(239, 83, 80, 1.0)",1.3819025875367317,6.7706560820477435,-1.429663783732679,52.927476677750356,0.6147518473261187,True,False,True,False,True,0.0,0.0,0.0,0.0,0.0,1,0.8517580260518455,1.104603411018226,False,False,False,False,-0.17921499239993097,-0.21320067983312424,False,False,False,False,-1407021,-4426205.286499377,False,False,False,False,1087478.130268725,False,False,False,False
2023-12-06 00:00:00+00:00,4.925,5.1,4.79,4.795,869915,,,,,,,,,,,,,,,,,,4.934746681225584,4.779151723568585,7.468124841017524,7.308660750976768,7.192044400595296,7.1520816686226905,7.080955271078027,7.064108321467548,7.226287747256583,7.32978173411035,7.701135654634662,8.03658511817831,8.09083182008421,8.177495861388955,8.697833961241813,9.376696092925608,9.680202175134152,9.86853040383648,12.309087222298462,13.105660776001493,,,,,,,,,,,,,,4.8725871757483965,4.705753927078981,7.393595818402477,7.252725837995461,7.164909694550689,7.103865256076288,7.069112632444361,7.0503116540427895,7.411999459139299,8.225886320821331,8.57368318217126,8.778932223693506,8.962630688506268,9.750075705396418,9.9315585466975,10.698857064176526,12.661066547723282,13.648910576776748,,,,7.468124841017524,7.226287747256583,8.03658511817831,9.376696092925608,12.309087222298462,6.763097012501618,"rgba(239, 83, 80, 1.0)",1.3821484807002378,6.763097012501618,-1.3298839004405538,53.67368783877916,0.6147518473261187,True,False,True,False,True,0.0,0.0,0.0,0.0,0.0,1,0.8710724752066765,1.102076966368975,False,False,False,False,-0.1744514329454651,-0.19382605638929468,False,False,False,False,-537106,-4273691.588989598,False,False,False,False,1078946.2428072065,False,False,False,False
2023-12-07 00:00:00+00:00,4.907,5.0,4.827,4.925,388787,,,,,,,,,,,,,,,,,,4.930739655117516,4.783043634704782,7.459177086890126,7.30253998020058,7.186559196379232,7.146822646052076,7.076086544246456,7.059363140609516,7.221916453744447,7.325385579215002,7.696667580918949,8.031856884436774,8.086057719843254,8.172655522968062,8.692946436168034,9.37154767237067,9.674982129848786,9.863333195313976,12.302519619909187,13.098625526781547,,,,,,,,,,,,,,4.875272441472542,4.7097808867694,7.387000412041486,7.246909419985167,7.159574144321977,7.098860872107952,7.064326576342099,7.045662275266246,7.407651106365349,8.221026589051265,8.568794993299646,8.774052345417626,8.957684118324117,9.744865398583007,9.926398890790043,10.693376307511526,12.654290483948342,13.641543501819605,,,,7.459177086890126,7.221916453744447,8.031856884436774,9.37154767237067,12.302519619909187,6.759166981637544,"rgba(239, 83, 80, 1.0)",1.3820888261043558,6.759166981637544,-1.3401215223323821,53.96241412444969,0.6147518473261187,True,False,True,False,True,0.0,0.0,0.0,0.0,0.0,1,0.885887878494499,1.0949852061574499,False,False,False,False,-0.08166130668685373,-0.1377436815380742,False,False,False,False,-925893,-4142405.3698135354,False,False,False,False,1051881.174461826,False,False,False,False
2023-12-08 00:00:00+00:00,5.176,5.22,4.84,4.86,849018,,,,,,,,,,,,,,,,,,4.9709843208643445,4.800903249526178,7.441122498685388,7.2902095200156465,7.175546309014839,7.136276829520487,7.066346008780847,7.049874767173714,7.213114920806835,7.31650237751722,7.687543154358716,8.022132143618798,8.0762287892967,8.162674877615453,8.68278733112799,9.360766172365825,9.664021462416585,9.852403762669672,12.288541785905064,13.083617278962812,,,,,,,,,,,,,,4.902008506773814,4.724913140524218,7.37368406819181,7.235210524942108,7.148870658482681,7.088841426834978,7.054755026050328,7.036369605547255,7.398840723359321,8.210997531443246,8.558651893165518,8.763898336983065,8.947368850312275,9.73391880059527,9.915542944623088,10.681788987467929,12.639853188396792,13.625806209281556,,,,7.441122498685388,7.213114920806835,8.022132143618798,9.360766172365825,12.288541785905064,6.755595881848537,"rgba(239, 83, 80, 1.0)",1.3805290636182812,6.755595881848537,-1.1441960357636467,56.5380047047963,2.81520178999142,True,False,True,False,True,0.0,0.0,0.0,0.0,0.0,1,0.9244690710371768,1.0296223822295205,False,False,False,False,-0.035133550045702615,-0.08643861579188841,False,False,False,False,-76875,-3982972.806291436,False,False,False,False,1043925.75585548,False,False,False,False
2023-12-11 00:00:00+00:00,4.919,5.2,4.803,5.196,722657,,,,,,,,,,,,,,,,,,4.971551347344937,4.809368912677136,7.4252980374065745,7.2793298024192925,7.165799356644133,7.126932617692034,7.057697059321276,7.0414448542077155,7.205315509397356,7.308645372697677,7.6795171131087265,8.013612524967675,8.06762283483679,8.153943663857461,8.67393529599042,9.351408609773378,9.654521175912118,9.84293713216644,12.276514746322976,13.070720468606961,,,,,,,,,,,,,,4.909252787432535,4.733316881303119,7.361958645228377,7.22487331563943,7.1393903171416015,7.0799511728166316,7.046252744983801,7.028109681442646,7.391058017934645,8.202227852483546,8.549806469496477,8.755055205490438,8.938395573168252,9.724433207955428,9.906141817393802,10.67178030948904,12.627438399091453,13.612293153330414,,,,7.4252980374065745,7.205315509397356,8.013612524967675,9.351408609773378,12.276514746322976,6.7492531773419815,"rgba(239, 83, 80, 1.0)",1.378475502368433,6.7492531773419815,-1.3277371808184661,55.33853262309566,2.81520178999142,True,False,True,False,True,0.0,0.0,0.0,0.0,0.0,1,0.9144006076143517,1.0306633860735381,False,False,False,False,0.007580881934026028,-0.03942886692893119,False,False,False,False,-799532,-3858131.9903584383,False,False,False,False,1031326.9811160495,False,False,False,False
2023-12-12 00:00:00+00:00,4.702,4.973,4.65,4.933,644479,,,,,,,,,,,,,,,,,,4.943325628481843,4.807932518708212,7.410223905936778,7.2688827836676895,7.15639672704948,7.1179031474049905,7.0493129557122405,7.0332663541378295,7.1977892766421405,7.30108919405198,7.671875745743745,8.005559839954696,8.059496950439433,8.145712473496292,8.665653770558631,9.342719121485706,9.64572220685441,9.83418176176761,12.265530740296118,13.05897157119883,,,,,,,,,,,,,,4.8981969744209115,4.734534423766445,7.350734530260053,7.2149257804489855,7.130234413035966,7.0713422357781965,7.038006109684743,7.020090685344211,7.383591296083701,8.193967229111642,8.541517735066346,8.746790233560748,8.930027169457013,9.715652575509264,9.897450778228412,10.662573234373962,12.616113530936136,13.600000713311548,,,,7.410223905936778,7.1977892766421405,8.005559839954696,9.342719121485706,12.265530740296118,6.739982734318007,"rgba(239, 83, 80, 1.0)",1.3761850929614674,6.739982734318007,-1.4808929007742635,52.484824130933376,6.5137446068939155,True,False,True,False,False,0.0,0.0,0.0,0.0,0.0,1,0.9195108224150685,1.0264815538466452,False,False,False,False,-0.07954966269515983,-0.05948926481204551,False,False,False,False,-1444011,-3763460.578971833,False,False,False,False,1016156.472052675,False,False,False,False
2023-12-13 00:00:00+00:00,4.8,4.888,4.51,4.71,976929,,,,,,,,,,,,,,,,,,4.905666597069655,4.803448340731708,7.387336199193373,7.252945887529885,7.142033127481282,7.104102387939619,7.036486369736555,7.020750666934756,7.186271363157097,7.2895302495649625,7.660200841043794,7.993270346969127,8.04709780127142,8.133155721778092,8.653031281480843,9.32948846762421,9.632329295578264,9.820856956192506,12.248848157665957,13.041134720084054,,,,,,,,,,,,,,4.87982685651348,4.734455231489919,7.333628437592633,7.199741006741576,7.116242878880429,7.0581760454716385,7.025387349021805,7.007816240658777,7.372171475241609,8.1813669684552,8.528882055297831,8.73419424283665,8.917277344062622,9.702288224326159,9.884224109791653,10.64857148989845,12.598916614162045,13.581343301748234,,,,7.387336199193373,7.186271363157097,7.993270346969127,9.32948846762421,12.248848157665957,6.725810877599729,"rgba(239, 83, 80, 1.0)",1.372940451061675,6.725810877599729,-1.402690754803333,51.5521336118719,5.687895599688403,True,False,False,False,False,0.0,0.0,0.0,0.0,0.0,1,0.9320563618610531,1.0172779749475511,False,False,False,False,-0.13414187316665577,-0.09681556898935063,False,False,False,False,-467082,-3634190.830776859,False,False,False,False,1014618.1398153153,False,False,False,False
2023-12-14 00:00:00+00:00,4.893,5.05,4.8,4.897,1006694,,,,,,,,,,,,,,,,,,4.9070147802689785,4.809862147362442,7.365743152872056,7.237900368679326,7.128511589264903,7.091123942455736,7.024447332879751,7.0090080548520985,7.175385064011902,7.278566063139657,7.649007418015976,7.981402819939357,8.035112230581834,8.120998808337793,8.640707516092565,9.316469594326422,9.61911338408877,9.807686441741836,12.232148058814527,13.023234335837367,,,,,,,,,,,,,,4.883368008301213,4.7419853716797755,7.317448420761977,7.185424722929626,7.103080797136253,7.045810725514922,7.013546771143764,6.9963038839781095,7.361309068728571,8.169157346807117,8.516567717429046,8.721882441850664,8.90478670426174,9.68909216863524,9.871143287644207,10.634653097320125,12.581681502246079,13.562592428716421,,,,7.365743152872056,7.175385064011902,7.981402819939357,9.316469594326422,12.232148058814527,6.7162423841988526,"rgba(239, 83, 80, 1.0)",1.3696260224750092,6.7162423841988526,-1.3311972423714082,51.83567502143971,5.687895599688403,True,False,False,False,False,0.0,0.0,0.0,0.0,0.0,1,0.9406954641509386,1.018939993752907,False,False,False,False,-0.02494705666077957,-0.0608813128250651,False,False,False,False,539612,-3470512.2883934528,False,False,False,False,1014307.3892343225,False,False,False,False
2023-12-15 00:00:00+00:00,4.8,4.9,4.75,4.893,442180,,,,,,,,,,,,,,,,,,4.901236352830364,4.810030742906984,7.356004220560578,7.231077583558055,7.122364444633206,7.085218198321675,7.018959615357461,7.003652950123333,7.170431150689271,7.273584461089239,7.643945052171605,7.976053927031982,8.029712780293238,8.115526232935519,8.635178869362369,9.310649092666571,9.613211784968918,9.801808733839804,12.224739145916777,13.015302277360014,,,,,,,,,,,,,,4.880491058881742,4.74333379139619,7.310123657055746,7.17892498837043,7.0970933342319364,7.040177549599829,7.008147776464698,6.991051785029711,7.35637893268087,8.16366313409144,8.511039319470195,8.71636158755868,8.899191246879262,9.683200809751263,9.865306630102427,10.628456904816568,12.574039448926374,13.554289198272635,,,,7.356004220560578,7.170431150689271,7.976053927031982,9.310649092666571,12.224739145916777,6.711111382297647,"rgba(239, 83, 80, 1.0)",1.3685364083210112,6.711111382297647,-1.3964636751186574,51.045613967486936,5.103901545197473,True,False,False,False,False,0.0,0.0,0.0,0.0,0.0,1,0.9258609978171225,1.0309694566080374,False,False,False,False,-0.06450374667732937,-0.06269252975119724,False,False,False,False,97432,-3330592.904534886,False,False,False,False,991871.021029055,False,False,False,False
2023-12-18 00:00:00+00:00,4.66,4.8,4.606,4.8,590761,,,,,,,,,,,,,,,,,,4.884502517335652,4.80614201024012,7.342458315569565,7.2215419071787625,7.11374946953441,7.076933201259939,7.011246688198281,6.996122759792982,7.163486847410482,7.266615216657111,7.636904879373763,7.968647471526222,8.022240963070244,8.107960392282706,8.627570625389533,9.30267542630378,9.605139926218342,9.793776496726434,12.214693135997404,13.004563714146085,,,,,,,,,,,,,,4.870039464856128,4.742046134334133,7.299905392875248,7.169829147715732,7.08869646681202,7.032265097422422,7.000556994913614,6.983663502453614,7.34949144014562,8.156071152980672,8.503423987759891,8.708768628814742,8.891505829730747,9.67514559762076,9.857332575537017,10.620017369732825,12.563684879075879,13.543058344942692,,,,7.342458315569565,7.163486847410482,7.968647471526222,9.30267542630378,12.214693135997404,6.70280987270398,"rgba(239, 83, 80, 1.0)",1.369522880421964,6.70280987270398,-1.4916215726710385,49.11847922242044,3.182675542138753,True,False,False,False,False,0.0,0.0,0.0,0.0,0.0,1,0.9228848158306094,1.0362188528926726,False,False,False,False,-0.12551995200245086,-0.09410624087682405,False,False,False,False,-493329,-3219327.653376655,False,False,False,False,976141.2162828175,False,False,False,False
2023-12-19 00:00:00+00:00,4.736,4.896,4.65,4.65,514674,,,,,,,,,,,,,,,,,,4.876554609370483,4.804907038237508,7.331085855704959,7.2135269909084565,7.106514982872534,7.06997801940375,7.004775663340501,6.989805698365459,7.157643625417917,7.260742857395956,7.630947849505456,7.962363125089216,8.015898672590929,8.101534394421845,8.621086879675026,9.295859170060979,9.598231888842887,9.786897715111976,12.206046328370494,12.995311580285028,,,,,,,,,,,,,,4.865083048801828,4.7424205591490365,7.291311577616446,7.1621871807378845,7.081646684890862,7.025625453006932,6.994188946523456,6.977466062400047,7.343681529234273,8.149620749984816,8.496938916886908,8.702294958894907,8.884947399998506,9.668250028862287,9.850502030021413,10.612773342719121,12.554768340108351,13.533376509502977,,,,7.331085855704959,7.157643625417917,7.962363125089216,9.295859170060979,12.206046328370494,6.696504711644188,"rgba(239, 83, 80, 1.0)",1.3694043717370723,6.696504711644188,-1.4316477675307204,48.714410429646726,2.703488099609409,True,False,False,False,False,0.0,0.0,0.0,0.0,0.0,1,0.9495310512946284,1.0239131289523535,False,False,False,False,-0.09042586053785896,-0.09226605070734151,False,False,False,False,21345,-3092242.451283453,False,False,False,False,958044.4627030992,False,False,False,False
2023-12-20 00:00:00+00:00,4.66,4.839,4.65,4.7,622688,,,,,,,,,,,,,,,,,,4.865009795808916,4.80208940621231,7.317224882255443,7.203725504924936,7.097657155057436,7.061458321048769,6.996842458099643,6.982059392833394,7.150481919766269,7.253549424592745,7.6236627174170755,7.9546879017376835,8.00815417390255,8.093689954500338,8.613181652464272,9.28755934569309,9.589824008506737,9.778527200579795,12.195549472904796,12.98408532133953,,,,,,,,,,,,,,4.857351411199075,4.741800976072112,7.280810843976976,7.15283647675547,7.073012410213123,7.01748783485883,6.986380713076693,6.9698649803859505,7.336567017344724,8.1417476330147,8.48903006902285,8.69440321710808,8.876955351436653,9.659857988049458,9.84219063350146,10.603966715882022,12.543946495012259,13.521632206070871,,,,7.317224882255443,7.150481919766269,7.9546879017376835,9.28755934569309,12.195549472904796,6.688493682094993,"rgba(239, 83, 80, 1.0)",1.3706746251124664,6.688493682094993,-1.479923568241844,47.63989845073286,1.555545343553547,True,False,False,False,False,0.0,0.0,0.0,0.0,0.0,1,0.9334056032643746,1.048647436904603,False,False,False,False,-0.06891866265717651,-0.080592356682259,False,False,False,False,-601343,-2994560.1198605727,False,False,False,False,944893.2288716051,False,False,False,False
2023-12-21 00:00:00+00:00,4.679,4.747,4.65,4.74,321252,,,,,,,,,,,,,,,,,,4.85880880548418,4.80031182004803,7.310064785780824,7.198649656059911,7.093066487368929,7.057041625635108,6.992727652958377,6.978040889980351,7.146766746605798,7.249818690647105,7.619887117399661,7.950712693012409,8.004143465744058,8.089628059887644,8.60909036812474,9.28326639179692,9.585475998072763,9.774198845808474,12.190127938332832,12.978288449419168,,,,,,,,,,,,,,4.853033178372918,4.7411981448737475,7.275375725737603,7.147992342638929,7.068536750540332,7.013267771039142,6.982330293081536,6.96592131427518,7.332877656766757,8.137671149294722,8.484936493896953,8.69031915296149,8.872820087374372,9.655518292849845,9.837892895325986,10.599414817881533,12.53835773578346,13.515568698683987,,,,7.310064785780824,7.146766746605798,7.950712693012409,9.28326639179692,12.190127938332832,6.68428587276472,"rgba(239, 83, 80, 1.0)",1.3711289209396433,6.68428587276472,-1.4625071662776135,47.172040187058016,0.9669137040357612,True,False,False,True,False,0.0,0.0,0.0,0.0,0.0,1,0.9457743497142518,1.0459196042270347,False,False,False,False,-0.020415242359760676,-0.05050379952100984,False,False,False,False,-280091,-2888110.350454276,False,False,False,False,920436.7100923265,False,False,False,False
2023-12-22 00:00:00+00:00,4.827,4.925,4.637,4.693,988046,,,,,,,,,,,,,,,,,,4.85260560095483,4.800123591600654,7.2891537913456625,7.183810572820768,7.079665323798436,7.044154930917302,6.980733445879171,6.966329516548271,7.1358930427806,7.2388774823689355,7.6087471857048845,7.938936490349122,7.992255327609996,8.077577594789787,8.596894247152212,9.270411963024703,9.57243555524647,9.761204906849239,12.173733740904904,12.960734065995675,,,,,,,,,,,,,,4.8488175870746275,4.743177132695698,7.2594709089361915,7.133840348173435,7.055475932902198,7.000963045608391,6.970525352742656,6.95442987691845,7.32204061204226,8.125571450218583,8.472746195690458,8.678136648850362,8.860468808747509,9.642498036064962,9.824986657313653,10.585705264188812,12.521446542810407,13.49719169423424,,,,7.2891537913456625,7.1358930427806,7.938936490349122,9.270411963024703,12.173733740904904,6.673441764090671,"rgba(239, 83, 80, 1.0)",1.369601837715307,6.673441764090671,-1.3481595258157668,48.7398607968694,0.9669137040357612,True,False,False,False,False,0.0,0.0,0.0,0.0,0.0,1,0.960939857552543,1.0075950276981167,False,False,False,False,0.04198336957656281,-0.004260214972223515,False,False,False,False,707955,-2747088.1798482263,False,False,False,False,923088.0547945882,False,False,False,False
2023-12-26 00:00:00+00:00,5.0,5.1,4.7,4.8,947921,,,,,,,,,,,,,,,,,,4.859626744416848,4.8059074796696954,7.27050113528823,7.170552500290174,7.0677172064434615,7.032674057625454,6.9700628281010095,6.955913252876468,7.126160441785492,7.229055568172637,7.598658568247546,7.92820981234457,7.981417875864951,8.066578358052201,8.585685676335801,9.258524109635474,9.560348223487471,9.749144496280048,12.158364321098972,12.944244645566519,,,,,,,,,,,,,,4.854444704951843,4.74950731502239,7.245240737446831,7.121208675741563,7.043837237637404,6.990011375100228,6.960025167980611,6.944211595779928,7.3122895965121355,8.114519517016056,8.461559449459443,8.66693028768972,8.849086348173667,9.630423235341999,9.81300215246325,10.572923019235859,12.505577916869035,13.479910112161065,,,,7.27050113528823,7.126160441785492,7.92820981234457,9.258524109635474,12.158364321098972,6.6653803094544966,"rgba(239, 83, 80, 1.0)",1.3704217714670854,6.6653803094544966,-1.2152319410918637,51.691431142255475,-2.1462736908283375,True,False,False,False,True,0.0,0.0,0.0,0.0,0.0,1,0.9672428039891284,0.9873132990859534,False,False,False,False,0.13269777697099358,0.06421878099938504,False,False,False,False,1655876,-2574422.917893394,False,False,False,False,924061.8957830358,False,False,False,False
2023-12-27 00:00:00+00:00,4.95,5.1,4.821,5.018,738940,,,,,,,,,,,,,,,,,,4.8658093619294345,4.810854088797375,7.2563094832108685,7.160433380859818,7.058597326527423,7.023910466822912,6.961917279647137,6.947961273486533,7.118714210226305,7.221535205220854,7.590916096108631,7.919966582850683,7.973087975411404,8.058121635061237,8.577051942481921,9.249352647628028,9.55101726720047,9.739830663844586,12.14646756249881,12.931475271927395,,,,,,,,,,,,,,4.859504910475325,4.754755621855887,7.2343802997581985,7.111567384315864,7.034953360146103,6.981651593416888,6.9520093666366485,6.93641035544331,7.304818429339593,8.106020757754209,8.452946055414875,8.658296001254822,8.84031230792952,9.621100549960298,9.80374554863908,10.563040454590812,12.493292206237276,13.466523942700348,,,,7.2563094832108685,7.118714210226305,7.919966582850683,9.249352647628028,12.14646756249881,6.659350474711255,"rgba(239, 83, 80, 1.0)",1.3020041135537874,6.659350474711255,-1.31286104008199,52.960220193708246,-0.9470746703568693,True,False,True,False,True,0.0,0.0,0.0,0.0,0.0,1,0.9687258606931718,0.995771951123755,False,False,False,False,0.1995884005105617,0.13190359075497338,False,False,False,False,916936,-2437506.8818975748,False,False,False,False,916802.2135954658,False,False,False,False
2023-12-28 00:00:00+00:00,4.91,5.177,4.9,4.934,904682,,,,,,,,,,,,,,,,,4.995666666666667,4.875175782483294,4.8179763068991885,7.239458217753128,7.148385049935639,7.0477420932112445,7.013480311850838,6.9522246304733155,6.938498828754958,7.109828953991647,7.212551618158821,7.581636838092144,7.910067382629196,7.963081915189733,8.047958832806666,8.566649774198064,9.238277839405786,9.539740503525936,9.728568734275305,12.132033857401956,12.915972785900726,,,,,,,,,,,,,,4.867261643681357,4.761991896219874,7.221446841725321,7.100089657395381,7.024379796192921,6.971703566521728,6.942471096058394,6.9271272737341825,7.295885373582753,8.095804841876895,8.44257418008019,8.647889499939847,8.82973041754792,9.609831539126246,9.792550685274575,10.551071643438135,12.478382086138938,13.450266649134194,,,,7.239458217753128,7.109828953991647,7.910067382629196,9.238277839405786,12.132033857401956,6.523167280264533,"rgba(239, 83, 80, 1.0)",1.2053446780037915,6.523167280264533,-1.3383452133676395,53.23181521751576,-0.6379030071574192,True,False,True,False,True,0.0,0.0,0.0,0.0,0.0,1,0.9821301050654696,0.9945642905142115,False,False,False,False,0.34282815559518154,0.23736587317507746,False,False,False,False,12254,-2341437.827705513,False,False,False,False,916326.9111015259,False,False,False,False
2023-12-29 00:00:00+00:00,4.762,5.06,4.76,4.915,819525,,,,,,,,,,,,,,,,,4.931500429666121,4.874285912446621,4.819416355757562,7.223503082731311,7.136908786776746,7.0373663479062305,7.0034981437662855,6.942926304642197,6.9294157708802775,7.101334139419565,7.203984245117178,7.572852282171288,7.900744950704079,7.953665862408688,8.038406085227507,8.556924511351752,9.227977509153632,9.529271242703441,9.71812325675636,12.118762599071871,12.901743253820122,,,,,,,,,,,,,,4.866938012245674,4.76460569145533,7.209156300193048,7.089139152711087,7.014264607347287,6.962167772037557,6.9333169677608435,6.91821189825135,7.287381192196174,8.086207823647715,8.432866291379735,8.638166897435417,8.819858993754089,9.599373280026917,9.782170352299039,10.540011388913161,12.464683784090832,13.435359119105563,,,,7.223503082731311,7.101334139419565,7.900744950704079,9.227977509153632,12.118762599071871,6.512466055665422,"rgba(255, 0, 0, 1.0)",1.1650714076245008,6.512466055665422,-1.502453878972535,51.40221115382046,-0.6379030071574192,True,False,False,False,True,0.0,0.0,0.0,0.0,0.0,1,0.9858715310665144,0.9906724671118736,False,False,False,False,0.22034250968673252,0.228854191430905,False,False,False,False,-807271,-2281274.422697454,False,False,False,False,912530.7577249954,False,False,False,False
2024-01-02 00:00:00+00:00,4.748,4.995,4.728,4.8,715221,,,,,,,,,,,,,,,,,4.899884423042343,4.8717141304296865,4.819537903102598,7.209537179859467,7.126825551833304,7.028238720778057,6.994712663314519,6.934735711666993,6.921412775019771,7.093851198406494,7.196440863725014,7.565128034115421,7.892557020236934,7.945397064033902,8.030019295367437,8.548394090455188,9.21895184695829,9.520100544863432,9.708974618355354,12.107161106380445,12.889308832704295,,,,,,,,,,,,,,4.86516094571318,4.76594019130633,7.1983667760150745,7.079512275624921,7.005363444304539,6.953770468026335,6.925252009046865,6.91035505374433,7.279895337535043,8.07778312011071,8.424349552225449,8.629639717417797,8.811203845347029,9.59021267852918,9.773078965945544,10.53033123321516,12.452711136724163,13.422335190344675,,,,7.209537179859467,7.093851198406494,7.892557020236934,9.21895184695829,12.107161106380445,6.504025381124744,"rgba(255, 0, 0, 1.0)",1.106101374725862,6.504025381124744,-1.587580868489527,49.998868275646544,-0.6379030071574192,True,False,False,False,False,0.0,0.0,0.0,0.0,0.0,1,0.9939794027157001,0.9740019662723406,False,False,False,False,0.17592888714551033,0.20239153928820766,False,False,False,False,-1522492,-2251518.2492583385,False,False,False,False,904793.1201671525,False,False,False,False
2024-01-03 00:00:00+00:00,4.756,4.874,4.606,4.755,904021,,,,,,,,,,,,,,,,,4.85809600914106,4.864087947149217,4.816949257259607,7.1915435239722365,7.113776468079772,7.016402642253755,6.983311825509717,6.924092354472007,6.911009317224945,7.084139070037838,7.186661836718723,7.555149464023963,7.882007244348554,7.9347471205009,8.01922355676334,8.53744188716719,9.207394055602661,9.508367548996116,9.697275159428761,12.092392664712989,12.873494598065328,,,,,,,,,,,,,,4.859247776065826,4.765368003787036,7.184422668339709,7.067042098068627,6.993815311926407,6.942863513383794,6.914769222119023,6.900138493898169,7.270198559165571,8.066941721361331,8.413409006369205,8.61869526273991,8.800103598112484,9.578494613569587,9.761454159664394,10.517975264132632,12.43747676130195,13.40578008084714,,,,7.1915435239722365,7.084139070037838,7.882007244348554,9.207394055602661,12.092392664712989,6.492396794928652,"rgba(255, 0, 0, 1.0)",0.9668082256706834,6.492396794928652,-1.7960095382143633,49.19004056345325,3.074757252663943,True,False,False,False,False,0.0,0.0,0.0,0.0,0.0,1,0.9965936550694248,0.9697516570164916,False,False,False,False,0.06724588936472467,0.13481871432646617,False,False,False,False,-618471,-2187477.1806599726,False,False,False,False,904762.8409449112,False,False,False,False
2024-01-04 00:00:00+00:00,4.754,4.852,4.73,4.83,414652,,,,,,,,,,,,,,,,,4.849332131928688,4.861787350405633,4.816346344585104,7.183489163712681,7.107922460483708,7.011093767785841,6.978198428063675,6.919319211108665,6.906343648448762,7.079774286388826,7.182263381967764,7.550650145856604,7.877243120045196,7.929936738698864,8.014345698396319,8.532483430211867,9.202152191481513,9.503042710759324,9.691963336095027,12.085669193932247,12.866291191195529,,,,,,,,,,,,,,4.857464241503095,4.765535245109037,7.178166431004528,7.061448283028542,6.988635798284941,6.937972061552471,6.910068041323925,6.895556590308767,7.265834056032313,8.062042269260424,8.408457991938523,8.613738941501813,8.795074129301463,9.573175707480313,9.756175426547522,10.512358150965376,12.430539453048679,13.398236922468248,,,,7.183489163712681,7.079774286388826,7.877243120045196,9.202152191481513,12.085669193932247,6.487827546151348,"rgba(255, 0, 0, 1.0)",0.8778767951066121,6.487827546151348,-1.9750237798924704,48.61948748328306,2.4258406491787454,True,False,False,False,False,0.0,0.0,0.0,0.0,0.0,1,1.0215394291982447,0.9588479914998393,False,False,False,False,0.11252720457158132,0.12367295944902373,False,False,False,False,-1033123,-2142208.3892615424,False,False,False,False,885542.8079666795,False,False,False,False
2024-01-05 00:00:00+00:00,4.75,4.85,4.5,4.8,689529,,,,,,,,,,,,,,,,,4.826180737681268,4.854852128303735,4.813377091753165,7.169779624178396,7.097925902126022,7.002012008868666,6.96944537910482,6.91113878780132,6.898344909657633,7.07230563470102,7.17474639168891,7.542988965892911,7.869152801987305,7.921771010434544,8.006070271850687,8.524094673490831,9.193308332602856,9.494067479292237,9.683014587701509,12.074395920047793,12.854224678624448,,,,,,,,,,,,,,4.851874373423632,4.764192817653706,7.167495880005911,7.051888099001444,6.979771462648736,6.92959223102699,6.902009197226543,6.887699439206102,7.2583815481347,8.053732736577714,8.400076910020916,8.605356809819831,8.786575104157635,9.564212200995687,9.7472837463958,10.502913878808016,12.418912803070073,13.38560827820987,,,,7.169779624178396,7.07230563470102,7.869152801987305,9.193308332602856,12.074395920047793,6.479150682209637,"rgba(255, 26, 202, 1.0)",0.7762032523819244,6.479150682209637,-2.227703474448755,48.170616645164735,1.8542245684377576,False,False,False,False,False,0.0,0.0,0.0,0.0,0.0,1,1.0031292396851568,0.979207940758625,False,False,False,False,0.009906883147189663,0.0667899212981067,False,False,False,False,-1722652,-2125755.1975257955,False,False,False,False,877855.9919679862,False,False,False,False
2024-01-08 00:00:00+00:00,4.774,4.845,4.7,4.766,438612,,,,,,,,,,,,,,,,,4.821406985231869,4.852679475886022,4.81273208572543,7.161392861835532,7.091802402120468,6.996454136731308,6.96409042093088,6.906137258938156,6.893454948822908,7.067724585249181,7.170128800605171,7.538261635620594,7.864145974416717,7.916715417418652,8.000943470656663,8.518879136290453,9.187791880645452,9.488462403768805,9.677422078306119,12.06731364786455,12.846636211488047,,,,,,,,,,,,,,4.850132623934406,4.764306099041053,7.160955385913655,7.0460345155129,6.974347881307768,6.9244678265265085,6.897082380137859,6.88289647235977,7.2537980899703,8.048582940825034,8.394870149888984,8.600142878875607,8.781283422106634,9.558612931012313,9.741725539873148,10.496997669262058,12.411605000208649,13.377661570056807,,,,7.161392861835532,7.067724585249181,7.864145974416717,9.187791880645452,12.06731364786455,6.474601261839057,"rgba(255, 26, 202, 1.0)",0.6956444255840155,6.474601261839057,-2.444641542856249,48.35951942243669,1.8542245684377576,False,False,False,False,False,0.0,0.0,0.0,0.0,0.0,1,1.018589094825038,0.9787044469245731,False,False,False,False,0.09605814756535144,0.08142403443172908,False,False,False,False,-1284040,-2092746.758407137,False,False,False,False,860630.7373810064,False,False,False,False
2024-01-09 00:00:00+00:00,4.63,4.769,4.524,4.7,1049386,,,,,,,,,,,,,,,,,4.789512034166113,4.840039279422779,4.806410212050296,7.1404677146964675,7.076455330089749,6.982485872513239,6.950618464343148,6.89353082112095,6.8811238226171385,7.056211856697679,7.158548470982255,7.526479861014854,7.851723790591277,7.904180344641343,7.988244354173794,8.506021896690717,9.17425644244841,9.474732148912993,9.663734741959964,12.050119207174351,12.828242503520563,,,,,,,,,,,,,,4.839638000473832,4.7606248291561775,7.144594185878352,7.031344775152433,6.960707803778066,6.91155970485582,6.884660116955701,6.870779957959519,7.24232054956798,8.035833463423991,8.382021550959935,8.58729758849336,8.768264369182415,9.544901508985541,9.728125776356721,10.48256722874138,12.393876373420722,13.358417577728645,,,,7.1404677146964675,7.056211856697679,7.851723790591277,9.17425644244841,12.050119207174351,6.4610816901238834,"rgba(255, 26, 202, 1.0)",0.6388634113624336,6.4610816901238834,-2.866155202438245,45.968782900390366,-0.5370707351932822,False,False,False,True,False,0.0,0.0,0.0,0.0,0.0,1,1.0165521331021792,0.9663200074268702,False,False,False,False,-0.015191337248314094,0.03311634859170749,False,False,False,False,-2333426,-2102185.1600382295,False,False,False,False,868032.9045425355,False,False,False,False
2024-01-10 00:00:00+00:00,4.578,4.679,4.475,4.65,698954,,,,,,,,,,,,,,,,,4.767158982886941,4.8299903506895845,4.800927836028516,7.126371905399339,7.066075018623349,6.973023245503514,6.941486724287523,6.884976611938266,6.872753884951855,7.048403562070654,7.150700361821387,7.518513537168942,7.843339846914663,7.895722468198489,7.979679236591145,8.497365116602401,9.165159665565849,9.465510164453507,9.654544321928723,12.03861275599697,12.815941962063448,,,,,,,,,,,,,,4.83115428922269,4.7570511338389485,7.133539877556834,7.021401728204208,6.951463903013049,6.902803975208851,6.876229130581625,6.862553676599263,7.234545868160236,8.027236083288487,8.373367489660673,8.578650715483539,8.759505167577032,9.535693207514502,9.718994821193567,10.472890760030838,12.382016259593799,13.345553624767524,,,,7.126371905399339,7.048403562070654,7.843339846914663,9.165159665565849,12.03861275599697,6.451630603329332,"rgba(255, 26, 202, 1.0)",0.5668613342357366,6.451630603329332,-3.305271483819636,43.579115057306154,-2.836910089551651,False,True,False,True,False,0.0,0.0,0.0,0.0,0.0,1,1.005818342720499,0.9644434611525061,False,False,False,False,-0.1351305980643975,-0.05100712473634501,False,False,False,False,-3032380,-2138663.389056338,False,False,False,False,861402.3592663577,False,False,False,False
2024-01-11 00:00:00+00:00,4.5,4.55,4.381,4.55,405860,,,,,,,,,,,,,,,,,4.750432202836129,4.822320275892414,4.79648797138138,7.117938468914699,7.059845578355826,6.96733400423679,6.935992725965008,6.879823686707378,6.867710363606906,7.043708890465879,7.145988254744052,7.513750342273115,7.838342283872875,7.890683062063978,7.974579377519268,8.492227678346898,9.159778806665715,9.460061590804663,9.649117809592505,12.031857950931855,12.808729471808764,,,,,,,,,,,,,,4.8246256992673615,4.753916036917345,7.1269143408101,7.015429509943573,6.945903646990996,6.897531824391656,6.871149312398277,6.857595429413731,7.229882466773122,8.022118831495092,8.368228056354607,8.573521375791456,8.754314146257713,9.530254014390042,9.713604438661358,10.467191110820563,12.375057656116178,13.33801594862025,,,,7.117938468914699,7.043708890465879,7.838342283872875,9.159778806665715,12.031857950931855,6.445526534500631,"rgba(255, 26, 202, 1.0)",0.4878646825378275,6.445526534500631,-3.98784048966238,40.856969327332926,-5.3693843041103335,False,True,False,True,False,0.0,0.0,0.0,0.0,0.0,1,0.9901900603671947,0.9839867161876266,False,False,False,False,-0.2516764639805686,-0.1513417943584568,False,False,False,False,-3438240,-2189627.1777207954,False,False,False,False,843537.9530206182,False,False,False,False
2024-01-12 00:00:00+00:00,4.581,4.599,4.412,4.5,427598,,,,,,,,,,,,,,,,,4.737849074768391,4.815792977385626,4.792704032612581,7.109290600450381,7.053450529744354,6.961496600714364,6.9303566531813345,6.874539295052586,6.862538396743984,7.0388843093808475,7.141141162501442,7.508836542241944,7.833176884474806,7.8854730061600105,7.969304605765885,8.486901415599633,9.154187909795514,9.454395734890975,9.643472137466782,12.024804859736188,12.801193021287736,,,,,,,,,,,,,,4.8190252965958065,4.751313654870324,7.1201102422833475,7.009300057225359,6.940199300555572,6.892124632829772,6.865940081690954,6.852511125318192,7.225081773360803,8.016824805724568,8.362902475747706,8.56820178147209,8.748927136971663,9.524596860159772,9.707995403602885,10.461251590682906,12.367789313687988,13.330136413518519,,,,7.109290600450381,7.0388843093808475,7.833176884474806,9.154187909795514,12.024804859736188,6.439682489863301,"rgba(255, 26, 202, 1.0)",0.4198417119133464,6.439682489863301,-4.427102970290206,40.99441300632499,-5.3693843041103335,False,True,False,True,False,0.0,0.0,0.0,0.0,0.0,1,0.9910640226743218,0.9760025770205578,False,False,False,False,-0.209251570925598,-0.18029668264202742,False,False,False,False,-3010642,-2221823.837418019,False,False,False,False,827226.5823139272,False,False,False,False
2024-01-16 00:00:00+00:00,4.551,4.65,4.46,4.581,801787,,,,,,,,,,,,,,,,,4.719991982903633,4.805235823350174,4.786489573051265,7.093373135933925,7.041654499012027,6.950728822181152,6.919959976043909,6.8647909789568144,6.852996963679092,7.029970014132609,7.132180317483002,7.499737021852752,7.82360178099971,7.875813760984116,7.959523200978316,8.477010512326952,9.14379273638318,9.443856212024336,9.632966937506618,12.011655810518553,12.787137581595793,,,,,,,,,,,,,,4.809872683287203,4.747085957006979,7.107560044200307,6.99799378529695,6.929676828467847,6.882150050312746,6.8563301128686565,6.843131064164307,7.216202342196718,8.007006363229445,8.353015938849968,8.55832128446544,8.738917808773653,9.514072289336248,9.697557164999422,10.450189469130125,12.354236613586037,13.315437994153799,,,,7.093373135933925,7.029970014132609,7.82360178099971,9.14379273638318,12.011655810518553,6.429368747726467,"rgba(255, 26, 202, 1.0)",0.36375296042160554,6.429368747726467,-5.163858310731974,40.59594747935357,-5.638113435367579,False,True,False,True,False,0.0,0.0,0.0,0.0,0.0,1,1.0002178413519525,0.9751660858774177,False,False,False,False,-0.23093037827221438,-0.20561353045712089,False,False,False,False,-3812429,-2284200.5104604494,False,False,False,False,826228.9516349497,False,False,False,False
2024-01-17 00:00:00+00:00,4.438,4.551,4.41,4.549,362959,,,,,,,,,,,,,,,,,4.709327095601969,4.799167582469625,4.7827655121654615,7.085986964626708,7.0361649500572545,6.945709543671844,6.915110778274064,6.860239171116782,6.848540484466863,7.02581403837742,7.12800752927986,7.495514616965615,7.819170334733932,7.871345067036895,7.95500060790036,8.472450056583279,9.139013161373681,9.43901505155116,9.628144087264303,12.005649081048851,12.780723275628059,,,,,,,,,,,,,,4.804591170628782,4.744393485862684,7.101726093326607,6.992728090698039,6.92476991979706,6.87749429740835,6.851842014641495,6.83874893259732,7.212070903121641,8.002468016897422,8.348454792456408,8.553767286446089,8.7343081751397,9.509238962864888,9.692765802729237,10.445121427506336,12.34804840569916,13.308734217544451,,,,7.085986964626708,7.02581403837742,7.819170334733932,9.139013161373681,12.005649081048851,6.424259927909491,"rgba(255, 26, 202, 1.0)",0.34135711558370363,6.424259927909491,-5.818715466097977,38.623908336620346,-7.582407167953832,False,True,False,True,False,0.0,0.0,0.0,0.0,0.0,1,0.976792844558326,1.0019828898636873,False,False,False,False,-0.3235601994060246,-0.26458686493157274,False,False,False,False,-4175388,-2358364.72573651,False,False,False,False,808061.5025512261,False,False,False,False
2024-01-18 00:00:00+00:00,4.1,4.48899,4.051,4.415,896628,,,,,,,,,,,,,,,,,4.662658445899543,4.774352098600468,4.766859891953571,7.06617236843802,7.021378477096285,6.932140344930748,6.901984213179994,6.847887823971868,6.836440855805972,7.0145957765712605,7.116780617883909,7.484267101856829,7.807450895614058,7.85953944841603,7.943071751480207,8.460519878040504,9.126610766217272,9.426489641126437,9.615686495959599,11.990354820682795,12.76443925852251,,,,,,,,,,,,,,4.7829576297178455,4.732103268858655,7.0860511748837585,6.978520188977185,6.9114927390566585,6.864870820631925,6.839658605501624,6.82684547875863,7.200982369011034,7.990507939674941,8.336501677945924,8.541867083691335,8.722290873961581,9.496741598955495,9.680395943838793,10.432110179279917,12.33231366056194,13.29174454769959,,,,7.06617236843802,7.0145957765712605,7.807450895614058,9.126610766217272,11.990354820682795,6.408236659486446,"rgba(255, 26, 202, 1.0)",0.3288490647495485,6.408236659486446,-7.019137065949693,33.871695953226904,-12.024714331668704,False,True,False,True,False,0.0,0.0,0.0,0.0,0.0,0,0.9397006442855074,1.0200997852381641,False,False,False,False,-0.34282825441539394,-0.30370755967348334,False,False,False,False,-5072016,-2464782.422766451,False,False,False,False,811534.6985296094,False,False,False,False
2024-01-19 00:00:00+00:00,4.114,4.19,3.97,4.131,556474,,,,,,,,,,,,,,,,,4.631136425162234,4.756856010460644,4.7553487918362185,7.053491695202829,7.01188388271807,6.923411615882935,6.893534676285773,6.839927723929078,6.828640528039731,7.007377024730784,7.109565308151981,7.477066333059481,7.799970109870882,7.852006907862491,7.935465614131751,8.452937492030765,9.11875448645339,9.418564939979655,9.607809785559251,11.980744476948313,12.754220266181877,,,,,,,,,,,,,,4.767600877529293,4.723030195759184,7.0759986130021515,6.969389343110294,6.902948089095381,6.856738596359376,6.831805025829232,6.819169650181142,7.19386230955296,7.982884536492018,8.328899438812156,8.534306989711368,8.714663728200156,9.488836571228775,9.672576202198707,10.423904421230795,12.322432508011607,13.281090869647022,,,,7.053491695202829,7.007377024730784,7.799970109870882,9.11875448645339,11.980744476948313,6.397585819140964,"rgba(255, 26, 202, 1.0)",0.3238766264929507,6.397585819140964,-7.050789196702553,31.04056022224254,-14.518698730158256,False,True,False,True,False,0.0,0.0,0.0,0.0,0.0,0,0.936810571553989,1.0578800208487724,False,False,False,False,-0.34282825441539394,-0.32326790704443864,False,False,False,False,-4515542,-2545204.366971688,False,False,False,False,801532.3181951148,False,False,False,False
2024-01-22 00:00:00+00:00,4.2,4.263,4.15,4.15,276175,,,,,,,,,,,,,,,,,4.619761050983767,4.74991997136123,4.750727958480302,7.047476951542976,7.007376013584626,6.919271536056506,6.889528396020535,6.836155929277075,6.824944837313368,7.0039459377302435,7.106130741395306,7.473622862667097,7.796381391358776,7.848391713596428,7.931812509688322,8.449281399582388,9.114951986387227,9.414723929325753,9.603988856424118,11.976051783659068,12.74922361078538,,,,,,,,,,,,,,4.761461508459542,4.719410566234553,7.071222536888054,6.965056245977032,6.89889628500552,6.85288449476504,6.828084009542119,6.815533295508841,7.190469017292073,7.97922168086282,8.325236931087359,8.530659669814996,8.710980028283064,9.485003883336587,9.668781835918606,10.419912358880039,12.317604541983812,13.275877565803498,,,,7.047476951542976,7.0039459377302435,7.796381391358776,9.114951986387227,11.976051783659068,6.392912864170935,"rgba(255, 26, 202, 1.0)",0.32252741317834854,6.392912864170935,-6.799151869172484,31.21376478716818,-14.518698730158256,False,True,False,True,False,0.0,0.0,0.0,0.0,0.0,0,0.9498278026620776,1.026864449554996,False,False,False,False,-0.24784850047770138,-0.28555820376107,False,False,False,False,-4239367,-2611642.117286524,False,False,False,False,780930.0704227574,False,False,False,False
2024-01-23 00:00:00+00:00,4.12,4.275,4.1,4.238,366759,,,,,,,,,,,,,,,,,4.604215289454891,4.74032874989322,4.744276779943753,7.039418586003061,7.001328224744721,6.913713608092673,6.884148827988787,6.831089050264356,6.819979616611172,6.999338600387614,7.101520532484888,7.469006254074551,7.791574585164773,7.843550115151378,7.926921173078616,8.444390944442034,9.1098709975355,9.409593385118622,9.598886125473356,11.969797162725623,12.742566595672562,,,,,,,,,,,,,,4.752951172744585,4.714319927562415,7.064817752067916,6.959241177981409,6.893456009157587,6.8477077939514,6.823084944377382,6.8106473333778,7.18591543190869,7.974317820273246,8.320336853757663,8.525781584923223,8.706054769602364,9.47988483109355,9.663714857278585,10.414585336766836,12.311170857112643,13.26893359635391,,,,7.039418586003061,6.999338600387614,7.791574585164773,9.1098709975355,11.969797162725623,6.3865749704499155,"rgba(255, 26, 202, 1.0)",0.3175413441183524,6.3865749704499155,-7.137889325067318,30.507142176952925,-14.907897700013805,False,True,False,True,False,0.0,0.0,0.0,0.0,0.0,0,0.9416343456949385,1.0333627590311454,False,False,False,False,-0.2617997187269146,-0.27367896124399227,False,False,False,False,-4606126,-2689857.171510582,False,False,False,False,764688.0676610806,False,False,False,False
2024-01-24 00:00:00+00:00,3.86,4.12,3.812,4.112,1094546,,,,,,,,,,,,,,,,,4.541861656304138,4.7025554076390765,4.718384688832308,7.013696153449449,6.98195279860176,6.895856468413208,6.866846998450444,6.814762134060297,6.803972943086196,6.98454757695731,7.086756368789729,7.45433308859657,7.776382576981825,7.828260706066546,7.911494220311751,8.429066575787425,9.094053595080217,9.3936598966953,9.58306016315328,11.950631793292402,12.722219737343625,,,,,,,,,,,,,,4.719367379946898,4.693418438033954,7.044339077994855,6.940586139170964,6.875964737798923,6.831037272029264,6.806971363625854,6.794890208359593,7.171359104063527,7.958861862227013,8.304960757641133,8.510509326171379,8.690663959995616,9.46399507256759,9.648006343534767,10.398147235879811,12.291479974976266,13.247741183879759,,,,7.013696153449449,6.98454757695731,7.776382576981825,9.094053595080217,11.950631793292402,6.364456345780387,"rgba(255, 26, 202, 1.0)",0.3138733318836323,6.364456345780387,-7.9791944436646425,27.91836617894164,-17.395103472517384,False,True,False,True,False,0.0,0.0,0.0,0.0,0.0,0,0.9406916904144929,1.0293253089796572,False,False,False,False,-0.34282825441539394,-0.30825360782969313,False,False,False,False,-5700672,-2807928.341255265,False,False,False,False,777623.6728508422,False,False,False,False
2024-01-25 00:00:00+00:00,4.05,4.1,3.87425,3.914,460279,,,,,,,,,,,,,,,,,4.52186051554206,4.689192967335055,4.709004595379113,7.003274475317334,6.974082748179953,6.888605264186912,6.85982186589353,6.808133928979114,6.797474593343534,6.978526749377406,7.080740008944057,7.448333775800902,7.7701575642371274,7.8219938253558,7.905167859185328,8.422763769215088,9.087530169961676,9.38708174421526,9.576522175928467,11.942677163734155,12.713766602245503,,,,,,,,,,,,,,4.7073574022474896,4.685816935354002,7.0360192236312376,6.933009789901868,6.868862551036219,6.824269353444915,6.800429712258634,6.788493105154838,7.16542198232444,7.952521784608477,8.298640787034563,8.50422535678841,8.6843261824369,9.45743335783979,9.641515371978262,10.391341992393007,12.283303582511499,13.238931853837059,,,,7.003274475317334,6.978526749377406,7.7701575642371274,9.087530169961676,11.942677163734155,6.356019888391587,"rgba(255, 26, 202, 1.0)",0.30219304014615817,6.356019888391587,-7.630949697836394,30.037991320345604,-17.395103472517384,False,True,False,True,False,0.0,0.0,0.0,0.0,0.0,0,0.9322538523069538,1.0802119221942341,False,False,False,False,-0.3283084224337791,-0.3182810151317361,False,False,False,False,-5240393,-2903319.112186431,False,False,False,False,765178.7837194366,False,False,False,False
2024-01-26 00:00:00+00:00,3.991,4.1,3.931,4.05,308270,,,,,,,,,,,,,,,,,4.509264078124351,4.680517852883386,4.702853052286078,6.996333178500303,6.9688337368429405,6.883767867966436,6.855134853640933,6.80371100830016,6.793138048596982,6.974506911156153,7.07672272688077,7.444326552586374,7.765999045472659,7.817807268467144,7.900941445056466,8.418551813656212,9.083169837627953,9.382684418168749,9.572151364500064,11.937357983266175,12.708113826326871,,,,,,,,,,,,,,4.699529624211693,4.680813922033056,7.03047110911889,6.927956117086368,6.864124284753399,6.819753481318061,6.796064366967525,6.7842239164347795,7.161457123438146,7.948286103834665,8.294417659264168,8.500025792156295,8.68009038647833,9.45304689045339,9.637175840152151,10.38679177253656,12.277836000835723,13.233040748739645,,,,6.996333178500303,6.974506911156153,7.765999045472659,9.083169837627953,11.937357983266175,6.35045886302702,"rgba(255, 26, 202, 1.0)",0.30258658622190443,6.35045886302702,-7.797632051331882,30.896586740949427,-17.395103472517384,False,True,False,True,True,0.0,0.0,0.0,0.0,0.0,0,0.9454474928568473,1.0450174835815007,False,False,False,False,-0.309012499316548,-0.31364675722414204,False,False,False,False,-5548663,-3007058.08817912,False,False,False,False,747260.7922010274,False,False,False,False
2024-01-29 00:00:00+00:00,4.088,4.1,3.888,4.0,461329,,,,,,,,,,,,,,,,,4.492160954,4.6682764199767135,4.694079186702198,6.98606753324208,6.961060679754885,6.8766040365388506,6.848193549907721,6.797160536114787,6.786715260227146,6.968547833305143,7.070765546832773,7.438378424312295,7.759822644995232,7.811588698846175,7.894662829972508,8.412289230648655,9.076681613278062,9.376139180985573,9.565644320217578,11.929429124815615,12.69968556406621,,,,,,,,,,,,,,4.688433177065876,4.673659650032256,7.022255379802309,6.920472187100218,6.8571071577696525,6.813065497830393,6.789599018226763,6.777900717179151,7.155575991569032,7.9419932039801395,8.28813968273408,8.493780856537361,8.67379015334325,9.446517328108536,9.630714885742513,10.380013607918725,12.269684973318373,13.224255858968315,,,,6.98606753324208,6.968547833305143,7.759822644995232,9.076681613278062,11.929429124815615,6.3423850156588975,"rgba(255, 26, 202, 1.0)",0.29503107303014314,6.3423850156588975,-7.641178241007069,33.28130351988716,-21.61977908781762,False,True,False,True,True,0.0,0.0,0.0,0.0,0.0,0,0.9373773597395878,1.0526929165519097,False,False,False,False,-0.32361198037303834,-0.31862936879859016,False,False,False,False,-5087334,-3088637.5357015077,False,False,False,False,736047.7807421637,False,False,False,False
2024-01-30 00:00:00+00:00,3.96,4.08,3.95,4.03,337254,,,,,,,,,,,,,,,,,4.479681402797258,4.6592265956470875,4.687538656198618,6.978535391282156,6.955348887109968,6.871337179440338,6.843089313133053,6.792342007799683,6.781990169362609,6.964164389205948,7.066384399177336,7.4340067184097745,7.755285724029934,7.807021187503985,7.890051802363366,8.407692419731177,9.071922069482083,9.371338823148772,9.56087244169249,11.923621804426075,12.6935141110873,,,,,,,,,,,,,,4.680208683620071,4.66830063936515,7.016220468938633,6.914971510335788,6.851947497507864,6.808146407474663,6.784842774062891,6.773248508116005,7.151251288886339,7.937371968996316,8.283531061107633,8.489197304415944,8.66916681923308,9.441728642410185,9.62597691101518,10.375045259266377,12.2637156713203,13.217824294827166,,,,6.978535391282156,6.964164389205948,7.755285724029934,9.071922069482083,11.923621804426075,6.336438808473074,"rgba(255, 26, 202, 1.0)",0.2956776867023919,6.336438808473074,-8.037261231906983,33.541396888405714,-21.299526292047126,False,True,False,True,True,0.0,0.0,0.0,0.0,0.0,0,0.9328107641746745,1.0614402030277135,False,False,False,False,-0.3093505541574002,-0.3139899614779952,False,False,False,False,-5424588,-3180243.4362622327,False,False,False,False,720408.8089483533,False,False,False,False
2024-01-31 00:00:00+00:00,3.801,3.94,3.8,3.888,659131,,,,,,,,,,,,,,,,,4.449999489748641,4.638385251021626,4.672409752442356,6.963190178200877,6.943687545411011,6.860565985995987,6.832644370800266,6.782470757236443,6.7723077344785025,6.955204384663358,7.057442093182619,7.425123988511872,7.746098425662907,7.797776524999086,7.88072619001397,8.398432069977906,9.062372137723408,9.361721103759612,9.55131960434812,11.912082628717128,12.68127068881429,,,,,,,,,,,,,,4.661287767317523,4.655787975778119,7.003913862024427,6.903732199977914,6.841391206441437,6.798072796027055,6.775097280159747,6.763713302644117,7.1424337717521285,7.928029547305478,8.274238995599777,8.479968568021425,8.65986870055297,9.432137281957843,9.616494373647463,10.365130064127092,12.251863310911892,13.205076660986899,,,,6.963190178200877,6.955204384663358,7.746098425662907,9.062372137723408,11.912082628717128,6.323686885265208,"rgba(255, 26, 202, 1.0)",0.30722519134579673,6.323686885265208,-8.211198027787384,32.29213771456271,-21.299526292047126,False,True,False,True,True,0.0,0.0,0.0,0.0,0.0,0,0.9325383098617251,1.0516591054824598,False,False,False,False,-0.34282825441539394,-0.32840910794669453,False,False,False,False,-6083719,-3294105.223075479,False,False,False,False,718005.7576170454,False,False,False,False
2024-02-01 00:00:00+00:00,3.989,4.098,3.77,3.87,910345,,,,,,,,,,,,,,,,,4.419715490819639,4.614904324989726,4.654943549477909,6.942950171737758,6.9282678284060815,6.846330705692131,6.818842470210999,6.769430906885278,6.7595173649379285,6.9433303373465,7.045575531763144,7.413286915821636,7.733821249008263,7.785417727783734,7.868251323299776,8.385998559140804,9.049504939847305,9.348745392521076,9.538420966174662,11.896407086197065,12.664617517086294,,,,,,,,,,,,,,4.639728734532534,4.641291097914134,6.987635075742569,6.8888742575018,6.827441568359936,6.784764606743038,6.762223711456508,6.751117595706141,7.130719529968727,7.915527639223905,8.261773090284679,8.467571084412002,8.647365370704104,9.419193136174119,9.603686991652618,10.351705822127457,12.235752918209672,13.187724987099953,,,,6.942950171737758,6.9433303373465,7.733821249008263,9.049504939847305,11.896407086197065,6.307880243009624,"rgba(255, 26, 202, 1.0)",0.31154969120407283,6.307880243009624,-7.443051007521942,34.73870987785779,-20.05138666580973,False,True,False,True,True,0.0,0.0,0.0,0.0,0.0,0,0.9271972939040138,1.0375551687266533,False,False,False,False,-0.3027761322498103,-0.3155926200982524,False,False,False,False,-5173374,-3367802.0378568326,False,False,False,False,725548.4730046124,False,False,False,False
2024-02-02 00:00:00+00:00,3.88,4.07885,3.875,4.033,357018,,,,,,,,,,,,,,,,,4.408641592638218,4.606026370756203,4.6482500924840915,6.935066271329251,6.922248283892666,6.840771116560929,6.813451224673829,6.764335779660196,6.754519168979588,6.938687235331845,7.040934892974348,7.408656364815962,7.729018284363467,7.780582814671344,7.863370948951048,8.381132909298941,9.044468757298652,9.343666319222567,9.533371637646699,11.890270357477261,12.658098060562223,,,,,,,,,,,,,,4.631536523669339,4.63570566983711,6.981282084866221,6.88307284046896,6.821992936599037,6.779565208122649,6.757193191891485,6.746195048605432,7.126137807890091,7.910636589226639,8.256895116762974,8.462719290953718,8.642471913108338,9.414126253314997,9.598673168444902,10.346450119655753,12.229445955046112,13.18093211057908,,,,6.935066271329251,6.938687235331845,7.729018284363467,9.044468757298652,11.890270357477261,6.301780667061573,"rgba(255, 26, 202, 1.0)",0.3156862012456682,6.301780667061573,-7.671480912074881,35.28595878875997,-19.43148630213299,False,True,False,True,True,0.0,0.0,0.0,0.0,0.0,0,0.9298304635241191,1.0522148116861643,False,False,False,False,-0.27643879339840993,-0.29601570674833116,False,False,False,False,-5530392,-3452609.487352643,False,False,False,False,711096.2975926668,False,False,False,False
2024-02-05 00:00:00+00:00,3.8,4.0,3.8,4.0,398164,,,,,,,,,,,,,,,,,4.39490995186028,4.595263922217663,4.640121801709873,6.926094601192584,6.915388581483982,6.834429657705781,6.807299725910962,6.758518592077415,6.74881177410827,6.933391577392268,7.035645899494678,7.403390827145237,7.723566087513825,7.775095738692066,7.857834434529535,8.375623935188107,9.038778197627751,9.337931517441337,9.527672726867989,11.88337050638902,12.650773790191536,,,,,,,,,,,,,,4.621613713964143,4.628890432945938,6.974047061280274,6.876458802809493,6.8157766355608365,6.77363016868534,6.751449153040535,6.7405733283975025,7.12091875114653,7.905089111376373,8.251369843892483,8.457227453000169,8.636936132789703,9.408406091470944,9.59301503001998,10.34052761720113,12.222357354968658,13.17330429192301,,,,6.926094601192584,6.933391577392268,7.723566087513825,9.038778197627751,11.88337050638902,6.294661706649218,"rgba(255, 26, 202, 1.0)",0.3204913035870683,6.294661706649218,-7.783867077602279,34.89747716522294,-19.43148630213299,False,True,False,True,True,0.0,0.0,0.0,0.0,0.0,0,0.9325508548075533,1.0519676671178333,False,False,False,False,-0.32392898791770014,-0.30997234733301565,False,False,False,False,-5928556,-3549705.4290250884,False,False,False,False,698824.4427851114,False,False,False,False
2024-02-06 00:00:00+00:00,4.0,4.045,3.802,3.901,569753,,,,,,,,,,,,,,,,,4.37930909700745,4.582077207271968,4.629987641852148,6.9136904979992355,6.905889728953188,6.825652679470434,6.798786981705374,6.750470832161353,6.740916087468296,6.926048023671191,7.02830403085193,7.396058047115531,7.715956957460578,7.76743554852589,7.85010146505686,8.367907727927014,9.030786288039554,9.32986933217587,9.519656089606105,11.873618965013199,12.640412358662285,,,,,,,,,,,,,,4.6093548806843305,4.620376632994958,6.964025137640694,6.867302255511754,6.807173834643776,6.765418713967816,6.74350276838812,6.732796366751642,7.113667755732277,7.897338665518256,8.24363560537257,8.44953222968615,8.629173325484112,9.40036261360772,9.585054047453765,10.332179156239393,12.212334537865486,13.162507335095702,,,,6.9136904979992355,6.926048023671191,7.715956957460578,9.030786288039554,11.873618965013199,6.285237557736396,"rgba(255, 26, 202, 1.0)",0.3258592107406016,6.285237557736396,-7.012959837908485,37.84252548852979,-16.74076837031552,False,True,False,True,True,0.0,0.0,0.0,0.0,0.0,0,0.930264283924626,1.042606102414088,False,False,False,False,-0.30927981275522726,-0.30962608004412145,False,False,False,False,-5358803,-3620650.4318084186,False,False,False,False,693762.8175778522,False,False,False,False
2024-02-07 00:00:00+00:00,3.964,4.1,3.93,4.1,406679,,,,,,,,,,,,,,,,,4.370018765633274,4.57369260467778,4.623441506467427,6.9050450079047545,6.8992584903421195,6.819526583405183,6.792845636745626,6.744854614879106,6.735405912421527,6.920914309552796,7.0231679197135595,7.390917189544751,7.710614845366518,7.762056505983994,7.844669599256052,8.362477367838924,9.02515200255808,9.324181703777516,9.51399825047684,11.86671609343726,12.633073253264971,,,,,,,,,,,,,,4.601503815783228,4.614862993650651,6.957027795252457,6.860910592600066,6.801169560523971,6.759688138056064,6.737957267769474,6.727369010876263,7.108592197896886,7.891893515887337,8.23819483046249,8.444115199624513,8.623705932815076,9.394687287116582,9.579434653471228,10.326279149529727,12.205237613847583,13.154857020349791,,,,6.9050450079047545,6.920914309552796,7.710614845366518,9.02515200255808,11.86671609343726,6.27886263620761,"rgba(255, 26, 202, 1.0)",0.33287577803569024,6.27886263620761,-6.954133610645036,39.39658387312501,-15.199295465092305,False,True,False,True,True,0.0,0.0,0.0,0.0,0.0,0,0.9371262721866408,1.0497554524619856,False,False,False,False,-0.25338731302851686,-0.28150669653631916,False,False,False,False,-5765482,-3704761.473698285,False,False,False,False,682504.6286532305,False,False,False,False
2024-02-08 00:00:00+00:00,4.08,4.122,3.7,4.1,856550,,,,,,,,,,,,,,,,,4.350363109419195,4.555897242782094,4.609433379465221,6.8868121604509565,6.885243602492892,6.806570896520472,6.780277618794316,6.732969123664044,6.72374325146785,6.910047487994183,7.012297872736636,7.3800427954667,7.699320793257453,7.750685303950925,7.833188120598948,8.351003885741195,9.013254063081588,9.312173241717225,9.50205347804727,11.852160221272921,12.617601530109663,,,,,,,,,,,,,,4.5848024721200105,4.6030021131459815,6.942245786345585,6.8473979352286545,6.788469467188328,6.747562489897817,6.726220358124635,6.715880401685339,7.097851072602539,7.880384574725183,8.226698377225022,8.43267043286019,8.61215653365874,9.382705092539272,9.567571120283727,10.313828354637328,12.190274364337014,13.138731760825872,,,,6.8868121604509565,6.910047487994183,7.699320793257453,9.013254063081588,11.852160221272921,6.265354392106337,"rgba(255, 26, 202, 1.0)",0.33708444847644314,6.265354392106337,-6.483106538980716,42.16730908897833,-12.540540618506839,False,False,False,True,True,0.0,0.0,0.0,0.0,0.0,0,0.9161059068477727,1.0446755535371044,False,False,False,False,-0.31705554407028014,-0.2992811203032997,False,False,False,False,-4908932,-3751983.8472787444,False,False,False,False,689329.9373334959,False,False,False,False
2024-02-09 00:00:00+00:00,4.343,4.392,4.002,4.2,699881,,,,,,,,,,,,,,,,4.245666666666667,4.3463476026938315,4.548632145528193,4.6031962029831455,6.873485777771152,6.874974095391261,6.797101170715601,6.771099011009016,6.724302619116638,6.715241393731701,6.902061699615187,7.004279912825787,7.3719290569440385,7.6908274577899896,7.742124273778972,7.824528859883461,8.342265784309394,9.00410777905764,9.302909992020169,9.492820512141698,11.840724918489471,12.605406096111267,,,,,,,,,,,,,,4.577658427171946,4.597732812068843,6.931395522420591,6.83750817852075,6.779192011211938,6.7387166955127284,6.717663868291528,6.707507341990563,7.089904434437558,7.871696027278332,8.2179613972973,8.42394253595163,8.603324995982767,9.373454920937181,9.558394608904683,10.304135619947585,12.178500770952667,13.125996471358437,,,,6.873485777771152,6.902061699615187,7.6908274577899896,9.00410777905764,11.840724918489471,6.114688157761854,"rgba(255, 26, 202, 1.0)",0.33603526573721737,6.114688157761854,-5.2723280512686745,47.22450445125871,-7.851761800977904,False,False,False,False,True,0.0,0.0,0.0,0.0,0.0,1,0.9470281154564821,1.0117563659844464,False,False,False,False,-0.14633740106163995,-0.2228092606824698,False,False,False,False,-4209051,-3769908.0493462444,False,False,False,False,689743.7044968883,False,False,False,False
2024-02-12 00:00:00+00:00,4.0,4.345,3.921,4.3,981141,,,,,,,,,,,,,,,,4.154032448316164,4.333199794627384,4.534011698046884,4.59111897828509,6.853926039103156,6.859859752099784,6.783133495470174,6.757550163897167,6.711491358833727,6.70266916342144,6.8902900190683605,6.992482442588893,7.360057449071834,7.678451606335255,7.729657259020036,7.811930403694301,8.329611485437031,8.990923714500692,9.28957964153982,9.479545933606813,11.824421709469684,12.588049441210378,,,,,,,,,,,,,,4.563632231946388,4.587422492710066,6.915450433544522,6.8229377621135905,6.765500704867444,6.725646513077983,6.705012155634201,6.695122023846604,7.078227724657688,7.859061165935961,8.205296120117454,8.411310802277153,8.590560421803124,9.36014802162683,9.545204907671584,10.290248924515897,12.161728877453022,13.10789000460601,,,,6.853926039103156,6.8902900190683605,7.678451606335255,8.990923714500692,11.824421709469684,6.0972244835749505,"rgba(255, 26, 202, 1.0)",0.3412942335773288,6.0972244835749505,-6.144916254788616,46.60161504492003,-7.851761800977904,False,False,False,False,True,0.0,0.0,0.0,0.0,0.0,1,0.9438889671131572,1.0215605639493595,False,False,False,False,-0.18348225764855167,-0.20314575916551075,False,False,False,False,-5190192,-3825605.4591758032,False,False,False,False,701171.049418579,False,False,False,False
2024-02-13 00:00:00+00:00,3.922,4.029,3.846,4.029,667475,,,,,,,,,,,,,,,,4.091022524618937,4.319751876707775,4.521276307965917,4.580764592107689,6.840032301922547,6.849095969517141,6.773166709494689,6.7478754268676475,6.702331485027625,6.693677362885088,6.8818940916049725,6.984081823483548,7.351646472834783,7.669716198960671,7.720862324794862,7.803050229804508,8.320729890231656,8.98171013932385,9.280278402805267,9.470291575658644,11.81314634285651,12.576065558429674,,,,,,,,,,,,,,4.551548979769494,4.578519032470818,6.904110478721823,6.8125516918406115,6.755726470802868,6.716305455728918,6.695964358902969,6.686261604164058,7.069923103546212,7.850159331927275,8.19639865599293,8.40245008930825,8.58161767097806,9.35086617113188,9.536012145025378,10.28059989260217,12.150138384847063,13.095400706284252,,,,6.840032301922547,6.8818940916049725,7.669716198960671,8.98171013932385,11.81314634285651,6.084297927230257,"rgba(255, 26, 202, 1.0)",0.3471480396613292,6.084297927230257,-6.228748776285047,45.43526308035187,-7.851761800977904,False,False,False,True,True,0.0,0.0,0.0,0.0,0.0,1,0.9480083828600777,1.0349859062782791,False,False,False,False,-0.3006137758684146,-0.25187976751696267,False,False,False,False,-5857667,-3905294.1470512617,False,False,False,False,699849.6357158896,False,False,False,False
2024-02-14 00:00:00+00:00,3.99,3.99,3.7,3.9,779114,,,,,,,,,,,,,,,,4.041776497354264,4.30368335968014,4.506136006867696,4.568380046902758,6.823765689726416,6.8364649101462795,6.761462205256875,6.736510743283824,6.691566185843476,6.683107986255966,6.87202519835612,6.974209736226164,7.341769389281211,7.659465270259865,7.710542628242917,7.792632157422179,8.310316341101275,8.970915165202982,9.269383371464013,9.45945255631271,11.79996086067403,12.562056282930968,,,,,,,,,,,,,,4.537164738172549,4.567818707877894,6.890810135211239,6.800359618794254,6.744245980969722,6.705329127661849,6.685329686386872,6.675845395208391,7.06016497211201,7.839716604152137,8.185965233648588,8.392061763252606,8.571135329277563,9.33999425981946,9.525245440015608,10.269305019160221,12.1365865343676,13.080803573216448,,,,6.823765689726416,6.87202519835612,7.659465270259865,8.970915165202982,11.79996086067403,6.070299597809137,"rgba(255, 26, 202, 1.0)",0.3507420817740441,6.070299597809137,-5.931137738839425,45.520171194903256,-7.851761800977904,False,False,False,True,True,0.0,0.0,0.0,0.0,0.0,1,0.9304128974446504,1.0508044901492246,False,False,False,False,-0.34282825441539394,-0.2973540109661783,False,False,False,False,-5078553,-3951304.2981472905,False,False,False,False,702958.0421584038,False,False,False,False
2024-02-15 00:00:00+00:00,3.9,3.99,3.83,3.97,987864,,,,,,,,,,,,,,,,4.0093452135334715,4.285579340640517,4.488353233586971,4.553602307129981,6.8034898207673855,6.820675813504687,6.746826133221321,6.722297513989847,6.678099054699837,6.66988440028229,6.85966102375105,6.961836683784913,7.329374848616962,7.646593258644824,7.6975831116738265,7.779547200097171,8.297222531980506,8.957329314015173,9.255666512510603,9.445802615326727,11.783333637622013,12.544385553181584,,,,,,,,,,,,,,4.520165530457085,4.554981494283619,6.874188478156536,6.785116780852454,6.7298886959795245,6.691599418015664,6.672024965882761,6.662812280703373,7.047929914621609,7.8265993852000095,8.172849744620256,8.378997522753496,8.557949323780214,9.326305124705131,9.51168509686904,10.255071015951858,12.119495219381525,13.062388607956466,,,,6.8034898207673855,6.85966102375105,7.646593258644824,8.957329314015173,11.783333637622013,6.054521409161164,"rgba(255, 26, 202, 1.0)",0.3576236493771865,6.054521409161164,-6.02454958701231,44.63106166584409,-7.851761800977904,False,False,False,True,False,0.0,0.0,0.0,0.0,0.0,1,0.9324555646359818,1.0865160402750211,False,False,False,False,-0.3029996548110481,-0.3001768328886132,False,False,False,False,-6066417,-4034249.894298377,False,False,False,False,714130.8248188586,False,False,False,False
2024-02-16 00:00:00+00:00,3.93,3.93,3.8,3.898,907301,,,,,,,,,,,,,,,,3.987184884613608,4.269543931709433,4.472395065787625,4.540197565291618,6.784987382011725,6.80622504437244,6.733421534073908,6.70927678259949,6.665756010092221,6.657762616360564,6.8483193727250065,6.950486480616582,7.31800359612595,7.63478573635292,7.685695645577964,7.767545089090554,8.285210502248344,8.944866329826015,9.24308310150003,9.433279800690695,11.768085385489389,12.528181935224982,,,,,,,,,,,,,,4.50485741772689,4.543272266964581,6.858982867788362,6.7711615383568216,6.716737180554596,6.679017840537893,6.659829469795173,6.650863586868913,7.036704988787748,7.814567683037857,8.160818347522058,8.367012214627323,8.54585238937424,9.31374683242673,9.49924393990787,10.242012817612277,12.103822094149793,13.04550363978995,,,,6.784987382011725,6.8483193727250065,7.63478573635292,8.944866329826015,11.768085385489389,6.040513941942371,"rgba(255, 26, 202, 1.0)",0.3637240687629297,6.040513941942371,-5.80251383726265,44.46238264107448,-7.851761800977904,False,False,False,True,False,0.0,0.0,0.0,0.0,0.0,1,0.9152300671821523,1.0980552278245266,False,False,False,False,-0.3304667309748368,-0.315321781931725,False,False,False,False,-5159116,-4078362.2906004013,False,False,False,False,721706.1258063545,False,False,False,False
2024-02-20 00:00:00+00:00,3.47,3.7699,3.41,3.65,1805872,,,,,,,,,,,,,,,,3.871560219572991,4.21623648058924,4.426142122951351,4.502107535733223,6.744652333411157,6.774613390609259,6.703999991697643,6.680663853064406,6.638573262360449,6.631053539754241,6.8234634614411425,6.925687342786198,7.293393516606883,7.609412159243354,7.660176891043847,7.7418216878693755,8.25968036478238,8.918602572751636,9.216648704375146,9.407018917346225,11.736621071033651,12.494860837816278,,,,,,,,,,,,,,4.4610382728460936,4.509800490279843,6.8257972595182945,6.740585441276528,6.687847875390892,6.651329255577569,6.632961995416833,6.62452475748403,7.01223581986807,7.788803254375066,8.135200513472173,8.341567727778141,8.520233842731104,9.287382761394253,9.473168662482816,10.21481222940263,12.071532579682048,13.01085171664878,,,,6.744652333411157,6.8234634614411425,7.609412159243354,8.918602572751636,11.736621071033651,6.0036319440880686,"rgba(255, 26, 202, 1.0)",0.38305271812653535,6.0036319440880686,-6.614316578876549,40.33485092451873,-4.750521923471439,False,True,False,True,False,0.0,0.0,0.0,0.0,0.0,1,0.874317319706891,1.0844262609412598,False,False,False,False,-0.34282825441539394,-0.32907501817355944,False,False,False,False,-6964988,-4191563.29881215,False,False,False,False,764222.4345982622,False,False,False,False
2024-02-21 00:00:00+00:00,3.4,3.48,3.26,3.48,1233668,,,,,,,,,,,,,,,,3.7963433572024052,4.175954566571951,4.391493873559494,4.473376201896478,6.71623563806657,6.75224888440454,6.683145205585477,6.66036815515954,6.619267656423865,6.612077765097062,6.805827084616637,6.908110342193322,7.276010333615179,7.591540651037618,7.642210797202029,7.723723348909813,8.2417736105397,8.900243824063988,9.198193500790055,9.388696659870153,11.714821221939804,12.471809774800688,,,,,,,,,,,,,,4.428179069497679,4.484377606700514,6.802350291899551,6.718934128382308,6.667360835354322,6.63167275231185,6.613875759835229,6.6058067840853525,6.994905437672661,7.77068211748149,8.117220245180578,8.323728383736853,8.502289916154568,9.268981120031308,9.454979158540333,10.195886481431451,12.049176852194556,12.986901882851125,,,,6.71623563806657,6.805827084616637,7.591540651037618,8.900243824063988,11.714821221939804,5.977350297942207,"rgba(255, 26, 202, 1.0)",0.4035944030353049,5.977350297942207,-6.385991179656549,37.11589223180755,-7.799411108171469,False,True,False,True,False,0.0,0.0,0.0,0.0,0.0,1,0.8599035008405073,1.0992252368702562,False,False,False,False,-0.34282825441539394,-0.33595163629447666,False,False,False,False,-8198656,-4348704.189054811,False,False,False,False,782632.0646140166,False,False,False,False
2024-02-22 00:00:00+00:00,3.24,3.41,3.1601,3.41,1494222,,,,,,,,,,,,,,,,3.7140516301684423,4.126013097539474,4.3482414898714845,4.437179954076152,6.68134001420108,6.72468187267615,6.657404271066856,6.635304776259141,6.595405317612954,6.588616848757093,6.78402832135696,6.886396673105038,7.254573000222642,7.569535911330069,7.620094919581046,7.70145282160151,8.2197735068942,8.877730260947374,9.175576658367179,9.366249901026555,11.688222651685393,12.443710107601166,,,,,,,,,,,,,,4.387055155306451,4.452159233401553,6.773476167414757,6.692229226472631,6.6420653970048305,6.607384251647374,6.5902802967394365,6.582659661628775,6.973503172416468,7.7483875020292015,8.09512242189926,8.301815546175538,8.480260242122371,9.246432608321802,9.43269670919184,10.172735870851422,12.021911536140726,12.95772258520882,,,,6.68134001420108,6.78402832135696,7.569535911330069,8.877730260947374,11.688222651685393,5.9452986828153325,"rgba(255, 26, 202, 1.0)",0.42793851456899046,5.9452986828153325,-6.321699474841719,33.95762490764927,-10.717627237531616,False,True,False,True,False,0.0,0.0,0.0,0.0,0.0,0,0.8493574740987023,1.1235871105556332,False,False,False,False,-0.34282825441539394,-0.3393899453549353,False,False,False,False,-9692878,-4558279.632621289,False,False,False,False,810537.552276212,False,False,False,False
2024-02-23 00:00:00+00:00,3.26,3.34,3.12,3.3,1331030,,,,,,,,,,,,,,,,3.6560977380501014,4.084540241888474,4.3114317064905,4.405939110468912,6.6505768673723304,6.700280287677192,6.634599013336739,6.613092249405891,6.574244248628859,6.567807253509601,6.764671400107987,6.867112762813747,7.235526768100696,7.549986682558213,7.6004472902829905,7.6816681276054135,8.200221556492473,8.857720015735646,9.155473039582258,9.346295091379018,11.664585735286181,12.418742014238182,,,,,,,,,,,,,,4.351885821512147,4.424172672602435,6.747933092491614,6.668581062696366,6.619649856222868,6.585850050272094,6.569352897941144,6.5621249249249045,6.954491493866539,7.728581051571349,8.075485539649879,8.2823397862332,8.460679965326344,9.226388790960938,9.412886546566302,10.152154451458053,11.99768338104125,12.931797180702983,,,,6.6505768673723304,6.764671400107987,7.549986682558213,8.857720015735646,11.664585735286181,5.917997162920694,"rgba(255, 26, 202, 1.0)",0.44702130791383016,5.917997162920694,-5.946018938840075,32.17600784215479,-12.331983658258942,False,True,False,True,False,0.0,0.0,0.0,0.0,0.0,0,0.8469291181831383,1.1294512243875614,False,False,False,False,-0.34282825441539394,-0.3411090998851646,False,False,False,False,-8361848,-4707439.176440062,False,False,False,False,830949.0208143997,False,False,False,False
2024-02-26 00:00:00+00:00,3.23,3.39,3.182,3.23,1303707,,,,,,,,,,,,,,,,3.614524163852154,4.04871578578765,4.278534532932599,4.377562016835693,6.621211019312289,6.676894845618453,6.612732540761136,6.591789679981262,6.5539425286264175,6.547839409520326,6.746061171618013,6.8485622709549805,7.21717232300164,7.531129497181534,7.581492675253998,7.662577150462497,8.18132394257639,8.838352455293586,9.136004058708302,9.326962455193065,11.641636601078492,12.394489872321886,,,,,,,,,,,,,,4.320265068410314,4.398590158393396,6.723462016345544,6.645912496473763,6.5981542351492655,6.565193372870468,6.549273213580862,6.54241832470376,6.936192503320037,7.709466279654425,8.056512992823368,8.263511181421475,8.441742628529761,9.206974738117498,9.393690900915155,10.132192891471352,11.974155483840958,12.906608953851068,,,,6.621211019312289,6.746061171618013,7.531129497181534,8.838352455293586,11.641636601078492,5.893081942586417,"rgba(255, 26, 202, 1.0)",0.4673175196195897,5.893081942586417,-5.698656332752611,30.781516849306186,-13.64666963449259,False,True,False,True,False,0.0,0.0,0.0,0.0,0.0,0,0.8631868249526015,1.1078634528494269,False,False,False,False,-0.3200622147330998,-0.3305856573091322,False,False,False,False,-9665555,-4901875.091089471,False,False,False,False,849488.5494099134,False,False,False,False
2024-02-27 00:00:00+00:00,3.31,3.38,3.2205,3.26,1525264,,,,,,,,,,,,,,,,3.5799386200605463,4.01236003717134,4.243870338534655,4.347131676802137,6.5878587872910614,6.650222377711422,6.5877804692671935,6.5674760762161295,6.530762728699744,6.525036881414179,6.7247618667613835,6.827317212347966,7.1961076809892734,7.50946271642018,7.559710413626292,7.6406324027401,8.159559142247845,8.816009150126895,9.11352860818213,9.304633931539128,11.615061389064795,12.366390674987079,,,,,,,,,,,,,,4.286726820291558,4.370972187576489,6.695560513472391,6.620051954950703,6.573622177216901,6.541611770328661,6.526344399114251,6.519911183097068,6.915221719218532,7.687490343088521,8.034671558991832,8.241819617671476,8.419915208981482,9.1845586763191,9.37151641753153,10.109107685693338,11.946903303326897,12.877416239592058,,,,6.5878587872910614,6.7247618667613835,7.50946271642018,8.816009150126895,11.615061389064795,5.865965903916289,"rgba(255, 26, 202, 1.0)",0.4831161052691501,5.865965903916289,-5.290583104225696,31.286830550427084,-13.64666963449259,False,True,False,True,False,0.0,0.0,0.0,0.0,0.0,0,0.875650410458902,1.1035498740275294,False,False,False,False,-0.31432075841305784,-0.322453207861095,False,False,False,False,-8140291,-5028871.793399688,False,False,False,False,875989.5474722697,False,False,False,False
2024-02-28 00:00:00+00:00,3.23,3.4,3.22,3.28,932427,,,,,,,,,,,,,,,,3.5610592822501372,3.9912474507674705,4.223438503380871,4.329020402620596,6.567674915087755,6.634026647854589,6.572618671837459,6.552698184656747,6.516666999861713,6.5111681149382985,6.711794469519007,6.814380990192939,7.183275584433863,7.49626339696433,7.546440776932249,7.627263717000786,8.146294388909178,8.802389185524262,9.09982659419852,9.291019770637423,11.59885943918644,12.349260382383884,,,,,,,,,,,,,,4.266893720098332,4.354458205263201,6.678626751677199,6.604344071540336,6.558712934018937,6.527274286360148,6.512399665716835,6.506220181354301,6.902449734104486,7.674102314470274,8.021361511539403,8.228598517008809,8.406610497518432,9.17089219572512,9.357995239320136,10.095030322676063,11.930288990663872,12.859619945392764,,,,6.567674915087755,6.711794469519007,7.49626339696433,8.802389185524262,11.59885943918644,5.8497362224498435,"rgba(255, 26, 202, 1.0)",0.500682435182384,5.8497362224498435,-5.232330991390881,30.95940203769147,-13.691676287971255,False,True,False,True,False,0.0,0.0,0.0,0.0,0.0,0,0.8504079897142046,1.116141240707182,False,False,False,False,-0.31040394421777734,-0.3164285760394362,False,False,False,False,-9072718,-5187453.997580092,False,False,False,False,878202.7809047299,False,False,False,False
2024-02-29 00:00:00+00:00,3.14,3.29,3.115,3.26,1350096,,,,,,,,,,,,,,,,3.5290438770514583,3.9586661410567126,4.192311198781774,4.301417118741977,6.537991817262274,6.610147258061751,6.55023931458534,6.530876782445558,6.495837801339655,6.490670111190402,6.692639066872144,6.795282128966716,7.1643634793407065,7.476839373580848,7.526917724389162,7.6076017846345945,8.126816377151512,8.782425650361711,9.079755897242181,9.271084316122323,11.575225932335234,12.324294118392432,,,,,,,,,,,,,,4.236698736430586,4.329229589683569,6.653678135071189,6.581172065710094,6.536700488885312,6.506093051231512,6.491790715773223,6.485981584059863,6.8836000395086465,7.654415377641814,8.00181031023344,8.20918866229063,8.387087929840975,9.150876019738652,9.3381976317778,10.074447087493237,11.906063603960158,12.833696389662494,,,,6.537991817262274,6.692639066872144,7.476839373580848,8.782425650361711,11.575225932335234,5.825323349160056,"rgba(255, 26, 202, 1.0)",0.5209060713165055,5.825323349160056,-5.155100884835796,30.02448764449523,-14.812296243321725,False,True,False,True,False,0.0,0.0,0.0,0.0,0.0,0,0.8460925187569874,1.112529297269629,False,False,False,False,-0.34282825441539394,-0.32962841522741504,False,False,False,False,-10422814,-5392762.232969108,False,False,False,False,896708.3973398386,False,False,False,False
2024-03-01 00:00:00+00:00,3.17,3.24,2.98,3.17,1472726,,,,,,,,,,,,,,,,3.495407806554582,3.92381746371923,4.158780026992583,4.271461251677755,6.5057110550194555,6.584085867523737,6.525792380626108,6.507030966487027,6.473061752782885,6.468251499416012,6.671675416063407,6.7743815953163065,7.143671389918451,7.455597034132457,7.505568713323336,7.5861032602499625,8.10552253957307,8.760610505908046,9.057826406961386,9.249302697237733,11.54943890096196,12.297061734557245,,,,,,,,,,,,,,4.204098875107397,4.301734254084018,6.626467256583177,6.555871742769579,6.512648804855168,6.482937292735317,6.4692523414619645,6.463843015831632,6.862970863952568,7.632890288822465,7.980435929353587,8.187969494182251,8.365748080124057,9.12900610694789,9.316566000431733,10.051966325908818,11.879634753270901,12.805425568150728,,,,6.5057110550194555,6.671675416063407,7.455597034132457,8.760610505908046,11.54943890096196,5.798815533280367,"rgba(255, 26, 202, 1.0)",0.5374950408312432,5.798815533280367,-4.890864721681653,30.008372434885914,-15.099453384520231,False,True,False,True,False,0.0,0.0,0.0,0.0,0.0,0,0.8476964628975971,1.1077213786728997,False,False,False,False,-0.34282825441539394,-0.33622833482140446,False,False,False,False,-8950088,-5532265.204225222,False,False,False,False,919297.3229343548,False,False,False,False
2024-03-04 00:00:00+00:00,3.03,3.1898,2.97,3.18,1542634,,,,,,,,,,,,,,,,3.4603483335298506,3.8875094249592435,4.123718653430971,4.239942563711222,6.47189169296595,6.556683297776029,6.500061040922932,6.481922647614295,6.449063093292557,6.444624157485017,6.64957079105378,6.7523468010588,7.121866869421277,7.433227996961062,7.483089802772421,7.563470562629339,8.08311510706868,8.737670979028001,9.034771989239244,9.226405202407811,11.522383371471093,12.268502724961682,,,,,,,,,,,,,,4.169951964015178,4.272688971373816,6.597876296923365,6.529256667263533,6.487327044392752,6.45854453675717,6.445500543305862,6.440506671122914,6.841222245765167,7.61023106749854,7.957941861717197,8.165641622678674,8.343297708394683,9.106014845085028,9.293825934699347,10.028348467591515,11.85191167932993,12.775785850413444,,,,6.47189169296595,6.64957079105378,7.433227996961062,8.737670979028001,11.522383371471093,5.770966759647762,"rgba(255, 26, 202, 1.0)",0.5569105535756577,5.770966759647762,-4.921736070629868,28.84697033119754,-16.48818927041023,False,True,False,True,False,0.0,0.0,0.0,0.0,0.0,0,0.8428307003500575,1.1202253055032536,False,False,False,False,-0.34282825441539394,-0.3395282946183992,False,False,False,False,-10492722,-5726792.921706586,False,False,False,False,943741.8985055566,False,False,False,False
2024-03-05 00:00:00+00:00,2.9,3.01,2.855,3.01,1144103,,,,,,,,,,,,,,,,3.4297752975015117,3.858203635192612,4.095847906355266,4.21492083235021,6.446211179489197,6.535821269982652,6.4804467430299155,6.462774551463218,6.43074610246281,6.426586505659643,6.632710474240219,6.7355520158340125,7.1052863655830585,7.416251654974036,7.466035147745737,7.546307071953581,8.066159551962231,8.720355120554848,9.017385016111255,9.2091446683814,11.502094617766335,12.247111547264886,,,,,,,,,,,,,,4.142843162851498,4.2495913827207135,6.5761285573454415,6.508982173369335,6.468019070588771,6.439931921591797,6.42736915914667,6.42268791952009,6.824653820712622,7.59305149226871,7.940912689117862,8.148751205087185,8.326326414090211,9.088678558873353,9.276686297712429,10.010580977251363,11.831133589736579,12.753600819350526,,,,6.446211179489197,6.632710474240219,7.416251654974036,8.720355120554848,11.502094617766335,5.749257493034778,"rgba(255, 26, 202, 1.0)",0.5792851683804505,5.749257493034778,-4.918574906726257,27.14218517031629,-18.338358583257847,False,True,False,True,False,0.0,0.0,0.0,0.0,0.0,0,0.8313051703455296,1.129002422706913,False,False,False,False,-0.34282825441539394,-0.34117827451689653,False,False,False,False,-11636825,-5958558.88556123,False,False,False,False,951599.196603378,False,False,False,False
2024-03-06 00:00:00+00:00,2.98,3.07,2.89,2.93,997530,,,,,,,,,,,,,,,,3.40856792436334,3.8355695390122446,4.073737371295098,4.194816822698385,6.424487505481621,6.5181167921077305,6.4637973543981175,6.4465191082728825,6.41519318511121,6.411268994551129,6.618363249738887,6.721250692801515,7.0911365598870875,7.40174485008947,7.451458668449345,7.531633125821597,8.051633449003196,8.705492581622556,9.002450327480737,9.194311258717613,11.484602773495492,12.228656737518342,,,,,,,,,,,,,,4.12123429018558,4.23094463674958,6.557675190896776,6.491774572714978,6.451628622471149,6.424129354971668,6.4119727231133075,6.407554989443613,6.810536093028703,7.57836099692366,7.926330321209184,8.13427654627107,8.3117745836082,9.073784602536032,9.26195399648385,9.995288930353015,11.813214256492085,12.734453586520123,,,,6.424487505481621,6.618363249738887,7.40174485008947,8.705492581622556,11.484602773495492,5.731430146018941,"rgba(255, 26, 202, 1.0)",0.5975916756532601,5.731430146018941,-4.604197578574372,27.696385774311246,-18.338358583257847,False,True,False,True,False,0.0,0.0,0.0,0.0,0.0,0,0.8353930578357959,1.1154288298028536,False,False,False,False,-0.32621307240898145,-0.333695673462939,False,False,False,False,-10639295,-6142117.164558829,False,False,False,False,953400.4045797163,False,False,False,False
2024-03-07 00:00:00+00:00,3.06,3.1799,2.9599,3.01,1154395,,,,,,,,,,,,,,,,3.390873702057407,3.8132984403359482,4.05116043028632,4.1739546860219585,6.400308725602055,6.49834316007369,6.445200472795932,6.428361076649095,6.397817962437518,6.394154947262239,6.602291782967215,6.705215761532221,7.075224725603861,7.3854012665615505,7.435032206203211,7.515089797936032,8.035211577233516,8.688647341168792,8.985506277081287,9.177471177808304,11.46465490797798,12.207590503182313,,,,,,,,,,,,,,4.099031843836618,4.211485233683186,6.537066201875503,6.472555241907956,6.43332034476,6.4064763381658665,6.394771214335709,6.39064587552379,6.7946936249369205,7.561794712356957,7.909855061100542,8.11790631239853,8.295304918785867,9.056882583562698,9.24522465610267,9.977892419736362,11.792769822921768,12.712584710540936,,,,6.400308725602055,6.602291782967215,7.3854012665615505,8.688647341168792,11.46465490797798,5.71231667210551,"rgba(255, 26, 202, 1.0)",0.612352331895322,5.71231667210551,-4.331357184345479,29.683614877273087,-18.338358583257847,False,True,False,True,True,0.0,0.0,0.0,0.0,0.0,0,0.8414092074529491,1.1218009168523637,False,False,False,False,-0.29522869756348297,-0.314462185513211,False,False,False,False,-9484900,-6273206.687517306,False,False,False,False,961282.5455765902,False,False,False,False
2024-03-08 00:00:00+00:00,3.18,3.31,3.11,3.11,1458501,,,,,,,,,,,,,,,,3.3791613852065527,3.791648891278188,4.0277175565713685,4.151720164885036,6.371456501792442,6.474640755089223,6.422909972432235,6.406596059661792,6.37699050760103,6.3736381632007495,6.582951644031031,6.685892186673888,7.055963250200364,7.3655600013373315,7.415082028662711,7.494984427469374,8.015170615714316,8.66800946771686,8.964715798411483,9.156788329676282,11.439985081953376,12.181499242389698,,,,,,,,,,,,,,4.07573882176476,4.190568928864921,6.512361054496029,6.449518194404241,6.411375699884419,6.385316903664358,6.37415058808266,6.370373114729739,6.775577804557772,7.54165345948925,7.889767660913078,8.097916456481327,8.275171024281034,9.036136061166049,9.224670564421347,9.956459440122284,11.767468692276331,12.68547606470836,,,,6.371456501792442,6.582951644031031,7.3655600013373315,8.66800946771686,11.439985081953376,5.6907363547157335,"rgba(255, 26, 202, 1.0)",0.6233632154511833,5.6907363547157335,-4.027726199561664,33.24429266172666,-21.13745314648719,False,True,False,True,True,0.0,0.0,0.0,0.0,0.0,0,0.8425402581688903,1.1229199662844207,False,False,False,False,-0.2479962572365552,-0.2812292213748831,False,False,False,False,-8026399,-6341959.32722251,False,False,False,False,980781.3084951553,False,False,False,False
2024-03-11 00:00:00+00:00,3.02,3.26,3.01,3.18,811824,,,,,,,,,,,,,,,,3.3698314925410884,3.7782565869780886,4.013659651993038,4.138481784995185,6.35510520859938,6.461182945924925,6.41024132639372,6.39422166081059,6.365141478632596,6.3619638543923935,6.571955659676337,6.674912295832168,7.045039645288009,7.354325384561756,7.403788429952607,7.48360712936535,8.003849467838176,8.656373388858915,8.953001825972828,9.145139193563963,11.426145774401936,12.166875488406413,,,,,,,,,,,,,,4.061820007588881,4.178121236390139,6.498343545619976,6.4364320728982305,6.398900634869491,6.373281613085592,6.362417824151222,6.358836033484976,6.764720502614922,7.530257993896176,7.878416032843513,8.086626776237582,8.263806194013435,9.024448439261896,9.21309508740412,9.94440657515199,11.75328105821976,12.670290155989937,,,,6.35510520859938,6.571955659676337,7.354325384561756,8.656373388858915,11.426145774401936,5.678155345742902,"rgba(255, 26, 202, 1.0)",0.635969920530114,5.678155345742902,-4.179687214651899,33.88048362254182,-20.51781159162885,False,True,False,True,True,0.0,0.0,0.0,0.0,0.0,0,0.8233268370465517,1.1274825298721298,False,False,False,False,-0.27313384163179066,-0.2771815315033369,False,False,False,False,-8838223,-6439852.020272608,False,False,False,False,974155.5316914237,False,False,False,False
2024-03-12 00:00:00+00:00,2.92,3.03,2.89,3.03,973629,,,,,,,,,,,,,,,,3.353708809881329,3.759472079443617,3.9946818306874734,4.120812698881968,6.3348161057210985,6.444470304642348,6.3944923221359895,6.378832841434268,6.350396209631488,6.34743380723798,6.558293927536732,6.661283955634637,7.03152338981168,7.340457381114334,7.389852561488959,7.4695756971373175,7.989927504554405,8.642107273980926,8.938656410441585,9.130882178542205,11.409310770001222,12.149110017993426,,,,,,,,,,,,,,4.043125607817055,4.161541655955073,6.480948537674077,6.4201729792122055,6.383388434908305,6.358307750474523,6.347815666405269,6.3444749666004085,6.7512544025780175,7.516208332561395,7.864447770536534,8.072748987030003,8.24984808111443,9.010138707298069,9.198930993108009,9.929691770094816,11.736033012723263,12.651856488558868,,,,6.3348161057210985,6.558293927536732,7.340457381114334,8.642107273980926,11.409310770001222,5.661923524595792,"rgba(255, 26, 202, 1.0)",0.6511262558677392,5.661923524595792,-4.21104739654785,33.34911576957415,-20.51781159162885,False,True,False,True,True,0.0,0.0,0.0,0.0,0.0,0,0.8040901349991035,1.1554463313062784,False,False,False,False,-0.3325628686513166,-0.30487220007732674,False,False,False,False,-9811852,-6572087.313595251,False,False,False,False,974134.8833897993,False,False,False,False
2024-03-13 00:00:00+00:00,2.97,3.05,2.91,2.94,1027786,,,,,,,,,,,,,,,,3.3391306793282776,3.741240707868186,3.975920238374275,4.103182720535068,6.313846215988924,6.427149478707464,6.378165260242195,6.3628770908657915,6.335104122039618,6.332363212181589,6.544102421349665,6.647120558974073,7.017455780628651,7.326011666336271,7.375334457608091,7.454955265407674,7.97540100134236,8.627203685970384,8.923662655372748,9.11597578358779,11.39167445777727,12.130491387059184,,,,,,,,,,,,,,4.024581240846957,4.1449378366864575,6.462924178089381,6.403319892577527,6.367305551711769,6.342780073800529,6.332670902463401,6.329578356982427,6.737253224655085,7.501567081462686,7.849877561333138,8.058265600541562,8.235275759938643,8.99518031760559,9.184119754828341,9.914291910923188,11.717960612752965,12.632533065664017,,,,6.313846215988924,6.544102421349665,7.326011666336271,8.627203685970384,11.39167445777727,5.645415036980678,"rgba(255, 26, 202, 1.0)",0.6641018721369757,5.645415036980678,-4.028621434798266,33.96371261515695,-20.252954853050728,False,True,False,True,True,0.0,0.0,0.0,0.0,0.0,0,0.8153331632153693,1.145647485283631,False,False,False,False,-0.3246973093456288,-0.31478475471147777,False,False,False,False,-8784066,-6658831.575807202,False,False,False,False,976238.8487470621,False,False,False,False
2024-03-14 00:00:00+00:00,2.89,2.98,2.84,2.98,870774,,,,,,,,,,,,,,,,3.3253077275274667,3.7250271510595976,3.9594301891292765,4.087720679047435,6.295897764388457,6.412300514469497,6.364158408302049,6.349185273904981,6.321975687675992,6.319423229491507,6.531921265175105,6.634967744236648,7.005398479979502,7.313642315883681,7.362904959936363,7.442440987064297,7.962979796876976,8.61447502158074,8.910862423832612,9.10325280700803,11.376660308537028,12.114650219648553,,,,,,,,,,,,,2.9033333333333333,4.008302500781087,4.130369976888928,6.44747962993314,6.388867138114493,6.35350581486437,6.329451488369774,6.319667778714786,6.316786406602704,6.725242253093028,7.489036394889542,7.837416264541235,8.045882912606674,8.222821193906631,8.982411284689006,9.171478658959614,9.901160574618336,11.702579372488989,12.616098047513443,,2.9033333333333333,,6.295897764388457,6.531921265175105,7.313642315883681,8.61447502158074,11.376660308537028,5.444505597888698,"rgba(255, 26, 202, 1.0)",0.6764744915049766,5.444505597888698,-3.776203877555825,33.54946546804774,-20.252954853050728,False,True,False,True,True,0.0,1.0,2.98,2.84,0.0,0,0.8099025807614677,1.14772393876303,True,False,False,False,-0.34282825441539394,-0.32880650456343585,False,False,False,False,-9654840,-6776322.102246135,False,False,False,False,972102.9723256087,True,False,False,False
2024-03-15 00:00:00+00:00,3.18,3.195,2.9,2.93,1925735,,,,,,,,,,,,,,,,3.309992863913636,3.6990359596986706,3.930896276253239,4.060120611604273,6.259034241973035,6.381640914136458,6.335243488396056,6.320921145484388,6.294875581088723,6.292708862028762,6.50665300053063,6.609712112563792,6.9801956512624335,7.287689145541867,7.336811285846897,7.416146507681476,7.936739421393301,8.58744704789299,8.883628242821825,9.076149016686655,11.344377922621062,12.080521917633252,,,,,,,,,,,,,3.033023633513546,3.9797869348673918,4.1040993933493475,6.415585074632808,6.359028938945482,6.325019220190125,6.301939091347418,6.292824496578389,6.290375450594579,6.700240996896324,7.462693809496769,7.811123007527841,8.019703674933186,8.196451103041147,8.95523051507525,9.144537073732256,9.873071188692633,11.66947731955103,12.580649064493615,,3.033023633513546,,6.259034241973035,6.50665300053063,7.287689145541867,8.58744704789299,11.344377922621062,5.424640258956348,"rgba(255, 26, 202, 1.0)",0.6828364921078939,5.424640258956348,-3.2872294976901673,38.180162911861345,-16.03422096757337,False,False,False,True,True,0.0,0.0,0.0,0.0,0.0,0,0.8256722428530155,1.1167660820361769,False,False,False,False,-0.28958672335306157,-0.3091966139582487,False,False,False,False,-7729105,-6813686.137452168,False,False,False,False,1009500.3067442123,False,False,False,False
2024-03-18 00:00:00+00:00,3.7,3.95,3.31,3.33,7144184,,,,,,,,,,,,,,,,3.3771531559470085,3.692997457855692,3.9007183470410243,4.022201786204205,6.152374031470118,6.2912826149051675,6.250122580679309,6.237732436983895,6.2151440552444726,6.214082660075303,6.430966940386206,6.533551287562988,6.902571672063321,7.206655498449942,7.255178874596496,7.333630721653035,7.8528173796094185,8.499462858038896,8.794368014410368,8.986938122164206,11.234785145551097,11.963907657513213,,,,,,,,,,,,,3.47882823008416,3.9460093630239776,4.065432763115238,6.321506877710202,6.271142601949557,6.241175247892937,6.220996951351375,6.213832571316409,6.212623044612616,6.6244013446937835,7.379875276102669,7.727385078595046,7.9357523976305355,8.111453935583194,8.86600116835166,9.055724364289457,9.779323660917523,11.556763422404485,12.4590623433137,,3.47882823008416,,6.152374031470118,6.430966940386206,7.206655498449942,8.499462858038896,11.234785145551097,5.3878161858924445,"rgba(255, 26, 202, 1.0)",0.6817506590244998,5.3878161858924445,-2.475708917256492,46.548759842678024,-8.357290649302044,True,False,False,False,True,0.0,0.0,0.0,0.0,0.0,0,0.8480839993867196,1.0540494823781938,False,False,False,False,-0.07499937993925192,-0.19209799694875032,False,False,False,False,-584921,-6569420.83794424,False,False,False,False,1250076.1378522823,False,False,False,False
2024-03-19 00:00:00+00:00,3.64,3.79,3.31,3.61,3602213,,,,,,,,,,,,,,,,3.3953636429364145,3.6859397489444956,3.8840501024801872,4.002350996243481,6.100355694176992,6.246750445526624,6.2080649432816815,6.196589246397416,6.175640712251012,6.175103051123922,6.3933395261641675,6.495678441117125,6.863937402826415,7.166336867142826,7.2145650624669715,7.2925803582955435,7.811020040747355,8.455625679038807,8.74988142040527,8.942457213700802,11.180179541887338,11.905816166464792,,,,,,,,,,,,,3.505738426819178,3.9278613176009323,4.045307484007646,6.275222219042904,6.227777470419576,6.199722013994005,6.1809194148951345,6.1746797549307875,6.174058054901879,6.586666801260488,7.338672478415055,7.685692108441708,7.89393117647197,8.069106499174264,8.8215226169999,9.011431008286605,9.732565144666973,11.500608573119814,12.398503592740424,,3.505738426819178,,6.100355694176992,6.3933395261641675,7.166336867142826,8.455625679038807,11.180179541887338,5.358741713306922,"rgba(255, 26, 202, 1.0)",0.6818535725606144,5.358741713306922,-2.5206903394997346,51.350409881242896,-4.299822970107968,True,False,True,False,True,0.0,0.0,0.0,0.0,0.0,0,0.8686716060618049,1.0664947110882497,False,False,False,False,-0.10357688006362507,-0.1478374385061877,False,False,False,False,-4187134,-6475997.824691525,False,False,False,False,1342316.799112977,False,False,False,False
2024-03-20 00:00:00+00:00,3.84,3.9,3.538,3.71,3629105,,,,,,,,,,,,,,,,3.4255523835162713,3.6902846568179726,3.877844886620893,3.9918358549308626,6.053614570624177,6.206260219573939,6.169813538712505,6.159161217994427,6.139690475511187,6.139616254023107,6.358775643582083,6.460779687039363,6.827989241521425,7.128600071794984,7.176520362126032,7.254075919541656,7.7714796273634486,8.413839880812475,8.707352049804111,8.899852332154623,11.127228102978776,11.849342601862183,,,,,,,,,,,,,3.5593327637436682,3.919843250659703,4.033841831744181,6.233145240583411,6.188344131933136,6.162015925031963,6.144454623658824,6.1390405088549995,6.138939250201383,6.5517965719300575,7.299993785577912,7.6463251156286764,7.854320142667776,8.028908506752604,8.778970045446338,8.96897540281575,9.687517895972691,11.446091327368041,12.33954623527571,,3.5593327637436682,,6.053614570624177,6.358775643582083,7.128600071794984,8.413839880812475,11.127228102978776,5.336570361415935,"rgba(255, 26, 202, 1.0)",0.6799965757724973,5.336570361415935,-2.200849849450764,56.100870812654136,-0.30507617556207833,True,False,True,False,True,0.0,0.0,0.0,0.0,0.0,0,0.8732470902264649,1.0560129380857204,False,False,False,False,-0.022523261243820543,-0.08518034987500411,False,False,False,False,-558029,-6243920.615880093,False,False,False,False,1431994.7677752133,False,False,False,False
2024-03-21 00:00:00+00:00,3.84,3.91,3.65,3.88,2445461,,,,,,,,,,,,,,,,3.4453728108313872,3.69449350142807,3.8753196530159966,3.9864010150455957,6.023696722781602,6.180152581189991,6.1451284865704,6.134998618627437,6.116466487241148,6.1166843904043136,6.336348402759198,6.438107534522462,6.804546382301329,7.103940481591039,7.151652572203368,7.228896116390136,7.745533515088552,8.386341874274722,8.679332424358481,8.87176000771197,11.092165668340426,11.811916664595206,,,,,,,,,,,,,3.5893336904809483,3.9161204683818966,4.027690376481619,6.206029884394078,6.1629081625598605,6.137677177251807,6.120904547999523,6.116012773083066,6.116239723064074,6.529115638962353,7.274692272461421,7.620512908669954,7.828314506567447,8.002495465350162,8.750926358878514,8.940972135765032,9.65774980887123,11.409978123998743,12.30045589934956,,3.5893336904809483,,6.023696722781602,6.336348402759198,7.103940481591039,8.386341874274722,11.092165668340426,5.322398973679601,"rgba(255, 26, 202, 1.0)",0.6770533168614805,5.322398973679601,-2.1894863177856454,59.2678447669283,2.2511247704831945,True,False,True,False,True,0.0,0.0,0.0,0.0,0.0,0,0.8970589187282124,1.0494131755521101,False,False,False,False,0.014452095200646446,-0.035364127337178836,False,False,False,False,-558029,-6020944.474080873,False,False,False,False,1471738.54158795,False,False,False,False
2024-03-22 00:00:00+00:00,4.86,4.92,3.809,3.83,13350336,,,,,,,,,,,,,,,,3.6884574083848003,3.839112329630105,3.9737660989854544,4.059169805684251,5.922735470442183,6.08785779267202,6.058206794470199,6.049991762955745,6.034899658068733,6.03607795135526,6.253847644018455,6.3532779082297415,6.7122960978850825,7.003873302021224,7.050305794416611,7.125585943111715,7.634787055364348,8.264813462560427,8.553894425238612,8.744996827752729,10.925093785698298,11.631646780435412,,,,,,,,,,,,,3.9701221609779656,4.005081799152041,4.090726874024074,6.1098913335134535,6.073167413797017,6.052038938114724,6.038180599429285,6.035101875621864,6.036409305343923,6.443021884036216,7.170473186589136,7.511277955493638,7.7167131944117395,7.8879854439989545,8.625000096690009,8.814252323423904,9.520003489913226,11.237032343093588,12.110998500913377,,3.9701221609779656,,5.922735470442183,6.253847644018455,7.003873302021224,8.264813462560427,10.925093785698298,5.320742150832078,"rgba(239, 83, 80, 0.5)",0.6705638700251022,5.320742150832078,-0.6870965935203601,66.23501209755105,8.408455789963021,True,False,True,False,True,6.375076488159614,0.0,0.0,0.0,0.0,0,0.9197778521587572,0.96310979838734,False,False,False,False,0.259222699460728,0.11192928606177459,False,False,False,False,12792307,-5283169.906469858,False,False,False,False,1937565.8928982266,False,False,False,False
2024-03-25 00:00:00+00:00,4.14,4.78,4.05,4.77,8772249,,,,,,,,,,,,,,,,3.769972433757924,3.8885788263341974,4.005214597814236,4.0805390932817485,5.8547362972202714,6.025320317193708,5.998964923261749,5.9919340036330935,5.978978337991843,5.9807630879319085,6.197609795939586,6.295671734395616,6.65029251371616,6.937112047131945,6.982761812166044,7.056840755997273,7.561512791986885,8.184859049063688,8.47150127908812,8.66177326318756,10.816474309830669,11.514673629108426,,,,,,,,,,,,,4.044354363235936,4.0327652755490435,4.108457165478425,6.045012875112189,6.012192462305479,5.993589455325325,5.981536756649377,5.979593764086633,5.981584463990094,6.384699505932289,7.101174185476456,7.438927077879782,7.64291670828855,7.812391486201021,8.542301293684748,8.73105482118947,9.429873269887072,11.124696946855003,11.98820647476102,,4.044354363235936,,5.8547362972202714,6.197609795939586,6.937112047131945,8.184859049063688,10.816474309830669,5.297584914804638,"rgba(255, 0, 0, 1.0)",0.6653184966474631,5.297584914804638,-1.739895885410827,64.26688332585302,8.408455789963021,True,False,True,False,True,0.0,0.0,0.0,0.0,0.0,0,0.9437132332807802,0.9617849494597217,False,False,False,False,0.2809993513268459,0.19646431869431025,False,False,False,False,4020058,-4918337.439549472,False,False,False,False,2205592.6814120216,False,False,False,False
2024-03-26 00:00:00+00:00,4.21,4.92,3.92,4.02,8531647,,,,,,,,,,,,,,,,3.8343620201261377,3.9302800737039556,4.032954957924079,4.100192783070365,5.7949871286436565,5.969497112071968,5.945961336716538,5.939939624357344,5.928809354667694,5.931100357049832,6.146705493334276,6.243413791026065,6.59365738638925,6.87592705119291,6.9208317532970955,6.99376254194752,7.493855093719152,8.110664898947801,8.394884971367636,8.584262794824587,10.714628554959544,11.40485424652662,,,,,,,,,,,,,4.096225703820715,4.0575100235576,4.125127788204643,5.9871893916629615,5.9577066623387775,5.941262742362889,5.930754316297813,5.929771038022178,5.932332842875578,6.331670136595535,7.037553660866276,7.372218629293538,7.5747117369562655,7.7424230977442,8.46535430678736,8.653515785655323,9.345606675217706,11.019304705582918,11.872843394505306,,4.096225703820715,,5.7949871286436565,6.146705493334276,6.87592705119291,8.110664898947801,10.714628554959544,5.27563353754045,"rgba(255, 0, 0, 1.0)",0.6579442918442484,5.27563353754045,-1.6196409798668974,63.29571844974954,8.408455789963021,True,False,True,False,True,0.2532923564069769,0.0,0.0,0.0,0.0,0,0.935869073938945,0.9577055130201809,False,False,False,False,0.2831693368498397,0.23981682777207497,False,False,False,False,12551705,-4233237.736037728,False,False,False,False,2453673.2429252756,False,False,False,False
2024-03-27 00:00:00+00:00,4.75,4.75,4.01,4.39,9155890,,,,,,,,,,,,,,,,3.905575171375077,3.9809455602900714,4.070341129095676,4.129457442806633,5.7421958395672394,5.918878713876021,5.897856658782588,5.892723260894896,5.883202960686048,5.885914950826117,6.099510807264467,6.194663323810347,6.539847999271744,6.817200326959518,6.8613071393346035,6.933000664524419,7.427738154229837,8.037289726823357,8.318768689123686,8.507024495329462,10.611389017317771,11.293165526152016,,,,,,,,,,,,,4.158947958300314,4.091946623263914,4.151208643545785,5.934784075411009,5.908283488863268,5.89375712285256,5.884615464081235,5.884455421642508,5.887492923509448,6.281923941853304,6.97618523909641,7.307235045466186,7.507925269837125,7.673668992616706,8.388820675803885,8.576157811209107,9.260911975969645,10.912306884122707,11.755299811290936,,4.158947958300314,,5.7421958395672394,6.099510807264467,6.817200326959518,8.037289726823357,10.611389017317771,5.260104710846744,"rgba(239, 83, 80, 0.5)",0.6554508899898203,5.260104710846744,-0.7782500849982317,64.9607275874231,8.408455789963021,True,False,True,False,True,4.75673719177324,0.0,0.0,0.0,0.0,0,0.9409390697747662,0.9737321075202219,False,False,False,False,0.2961277657065677,0.2679722967393213,False,False,False,False,21707595,-3215950.177761739,False,False,False,False,2716505.2726144805,False,False,False,False
2024-03-28 00:00:00+00:00,4.39,4.99,4.3,4.64,9867454,,,,,,,,,,,,,,,,3.9729269957248183,4.031320468869468,4.1089750473002224,4.16069628234963,5.692320038986035,5.8701319820316,5.851446411014743,5.847131918921661,5.839099301409991,5.842183335810788,6.0532932671045945,6.146753619080824,6.486404312080009,6.758552255314979,6.801818320402695,6.872202919413267,7.360998613572842,7.962697939564985,8.241171609244084,8.428124210492813,10.504898034926104,11.177746037037632,,,,,,,,,,,,,4.216056838188495,4.127915794092998,4.179487837423251,5.8843760780712895,5.860649225100585,5.84790129443623,5.840025425283829,5.840610755171843,5.844069330023288,6.232870385234571,6.914731746879847,7.241768959258473,7.440423367224749,7.604033661517286,8.310737624368905,8.497068924588461,9.173939198364364,10.801844788789715,11.633705893250532,,4.216056838188495,,5.692320038986035,6.0532932671045945,6.758552255314979,7.962697939564985,10.504898034926104,5.2455308813657675,"rgba(239, 83, 80, 1.0)",0.6434702160303747,5.2455308813657675,-1.3295578568400794,63.42274078016271,8.408455789963021,True,False,True,False,True,1.61653264516044,0.0,0.0,0.0,0.0,0,0.9645251056995421,0.9531761794143649,False,False,False,False,0.34282821172619726,0.3054002542327593,False,False,False,False,11840141,-2625515.2296142196,False,False,False,False,2996934.634472736,False,False,False,False
2024-04-01 00:00:00+00:00,4.31,4.385,4.15,4.33,3918648,,,,,,,,,,,,,,,,3.9850501617444767,4.039680661209431,4.114221653762874,4.164084349158729,5.669074704339696,5.847820401187337,5.830114390443564,5.826149448839418,5.818753365680775,5.822007670337668,6.032420486354628,6.125295101475497,6.463020153040092,6.733255638917243,6.776209891263593,6.846110523991028,7.332799466488319,7.931604643389069,8.208973839375593,8.395466700363459,10.461708323070475,11.13111803717406,,,,,,,,,,,,,4.219568501131263,4.132469111175813,4.182219878505329,5.861373704769424,5.838802026765447,5.826804514824224,5.819467500869936,5.820382014156346,5.824033271004238,6.211042855198179,6.888402135717084,7.2140186515515605,7.411958087332557,7.574785688455665,8.278368966348152,8.464358087276565,9.138256002296238,10.757126664947664,11.58469449901038,,4.219568501131263,,5.669074704339696,6.032420486354628,6.733255638917243,7.931604643389069,10.461708323070475,5.233724890813031,"rgba(239, 83, 80, 1.0)",0.6360949011291487,5.233724890813031,-1.4521809389971576,61.84124029171762,8.408455789963021,True,False,True,False,False,0.9385566642527898,0.0,0.0,0.0,0.0,0,0.9771582312781193,0.9870857263797896,False,False,False,False,0.1886025537483256,0.24700140399054243,False,False,False,False,7921493,-2211907.0637469958,False,False,False,False,3033080.256650276,False,False,False,False
2024-04-02 00:00:00+00:00,5.005,5.479,4.26,4.31,14387869,,,,,,,,,,,,,,,,4.10218766955422,4.135247372850161,4.19455024718057,4.234072036713257,5.626034910128219,5.802056075440571,5.786609173003171,5.783397244752193,5.777373247243871,5.780888096853157,5.986073371954248,6.076226634473383,6.404983331815319,6.667525631105754,6.709255146369016,6.77723013686841,7.254138810375406,7.840851995317331,8.113467473393722,8.297638415529253,10.323873742945164,10.980527663761253,,,,,,,,,,,,,4.333732915292856,4.209180369913118,4.2476974157991,5.8139832700401985,5.79412405577779,5.783819628738789,5.7776668606875115,5.7791934196190455,5.783141421707085,6.159896836286224,6.818502863700449,7.137506659927566,7.33197617857226,7.491495478079895,8.181992188075132,8.366024287700087,9.028097623098526,10.613617626346151,11.425336046219137,,4.333732915292856,,5.626034910128219,5.986073371954248,6.667525631105754,7.840851995317331,10.323873742945164,5.236551440162457,#000000,0.6413158339836754,5.236551440162457,-0.3610567958756361,63.66564102206995,8.408455789963021,True,False,True,False,False,6.3256570594005765,0.0,0.0,0.0,0.0,0,0.9900458379668556,0.9039030079470558,False,False,False,False,0.34282821661709995,0.29491481030382116,False,False,False,False,22309362,-1250288.6690902507,False,False,False,False,3478366.089722814,False,False,False,False
2024-04-03 00:00:00+00:00,7.21,7.39,4.95,5.06,41347718,,,,,,,,,,,,,,,,4.744071879636435,4.704154661777853,4.714339558585035,4.716463757330749,5.751488109435136,5.890330773503128,5.874334062897116,5.870496070988357,5.86331141785775,5.865671509273444,6.042567208247352,6.122176369961979,6.415843778902639,6.653330547625801,6.691213533374762,6.753008213041947,7.191091569501256,7.73548893524835,7.990661560369031,8.164542445476014,10.070125458648745,10.689996671097436,,,,,,,,,,,,,5.033692830265679,4.716526222743092,4.711462166191057,5.902355989800014,5.882264918234849,5.871230184877976,5.864281110575782,5.864433386362698,5.867084846333925,6.196228110244418,6.790621282477778,7.083319523370502,7.263259606218656,7.41102110066955,8.055301287521605,8.229653509895485,8.852982941923539,10.343485358473528,11.109961355151338,,5.033692830265679,,5.751488109435136,6.042567208247352,6.653330547625801,7.73548893524835,10.070125458648745,5.487528033245871,"rgba(0, 255, 0, 1.0)",0.733591905355329,5.487528033245871,2.3479975094869907,69.47708163401876,11.203030549740276,True,False,True,False,True,19.415009145547053,0.0,0.0,0.0,0.0,0,1.0201699497671068,0.8201281110896328,False,False,False,False,0.342828231695836,0.3188715209998286,False,False,False,False,63657080,1295098.3375407394,False,False,False,False,4963438.713655253,False,False,False,False
2024-04-04 00:00:00+00:00,7.06,8.88,6.46,7.28,63246514,,,,,,,,,,,,,,,7.466666666666666,5.53114662913687,5.443468830762513,5.416356951910377,5.3883173509806035,6.055532456368422,6.140847211188928,6.121566496531218,6.115915588512724,6.105363662580636,6.105574818367587,6.242018042131483,6.307204536741488,6.5519099012495925,6.755665128782672,6.7884048517055255,6.841852771125217,7.222960794750528,7.706320745525702,7.93550732710196,8.092950505937528,9.829261956416007,10.398150281994129,,,,,,,,,,,,,5.8343196712655825,5.408668067911598,5.3676982155502255,6.15473575975221,6.131415470892106,6.117399322172088,6.107882874959057,6.10514950345391,6.105375819103958,6.367450535912322,6.87431801966543,7.128470783965667,7.286488389245905,7.417259896593941,7.993943457943665,8.152316426104248,8.7193738728908,10.079923345534505,10.7839514053116,,5.8343196712655825,,6.055532456368422,6.242018042131483,6.755665128782672,7.706320745525702,9.829261956416007,5.961170068403364,"rgba(38, 166, 154, 1.0)",0.8054685004545391,5.961170068403364,1.3642121708999768,72.52429569193268,14.139134871381358,True,False,True,False,True,18.182151423149943,0.0,0.0,0.0,0.0,0,1.0918656414407124,0.7692839274768604,False,False,False,False,0.3428282388553603,0.3308498799275944,False,False,False,False,410566,1260410.7948920832,False,False,False,False,7249049.509198184,False,False,False,False
2024-04-05 00:00:00+00:00,6.63,7.65,6.06,6.81,24819776,,,,,,,,,,,,,,,7.273142982935544,5.658390248043451,5.570495155343575,5.540430699770892,5.510062974219257,6.102651963091953,6.178368625783655,6.159380966001593,6.1537049895294045,6.143096072843582,6.143031185626447,6.270045776483228,6.331429977368983,6.562939568516527,6.756810145042805,6.788010838170458,6.838971754716193,7.203730644623044,7.668488901871483,7.88967125465084,8.042139856201777,9.722433201754349,10.274003862478521,,,,,,,,,,,,,5.942475844586815,5.531932963152987,5.48842080695646,6.191965951140488,6.1691134745414695,6.15522929317783,6.145723088223131,6.1427219639192066,6.1426364025022275,6.38817396111124,6.86994798022906,7.113075706755369,7.264763785370575,7.390403455363217,7.946237517683987,8.09981802666592,8.648697557761198,9.965399608590685,10.64812073619814,,5.942475844586815,,6.102651963091953,6.270045776483228,6.756810145042805,7.668488901871483,9.722433201754349,6.017148782569498,"rgba(38, 166, 154, 0.5)",0.8531980742319645,6.017148782569498,0.7182988756534421,72.24996147297973,14.139134871381358,True,False,True,False,True,14.753871830236438,0.0,0.0,0.0,0.0,0,1.0816121165332755,0.8304546600592171,False,False,False,False,0.22050127713252812,0.27567557853006125,False,False,False,False,-24409210,253758.99901396222,False,False,False,False,7938097.606876687,False,False,False,False
2024-04-08 00:00:00+00:00,7.01,7.45,6.43,6.59,16328696,,,,,,,,,,,,,,,7.22468483585345,5.740367354256408,5.652460247887375,5.620794366520759,5.589151071770111,6.137968757163917,6.207557746994428,6.188651010490677,6.182921232208054,6.172206241477975,6.171946912703382,6.293020559736917,6.352036475491682,6.57528470171928,6.7630111945158085,6.793256261011364,6.842669337608873,7.197055346752204,7.650037910576893,7.866111572780896,8.015355276373512,9.660272175699626,10.200919810061642,,,,,,,,,,,,,6.0139122319662945,5.611853785841777,5.566947981553674,6.221043567102479,6.198365022779047,6.184483706610256,6.174925141464537,6.171717438161442,6.171411941501016,6.406573504651134,6.872710355375748,7.10884638152419,7.256491268299019,7.378881998136218,7.921465962257392,8.071917392380529,8.60923636136678,9.89838627170787,10.567677607271905,,6.0139122319662945,,6.137968757163917,6.293020559736917,6.7630111945158085,7.650037910576893,9.660272175699626,6.0601685297153525,"rgba(38, 166, 154, 1.0)",0.9140359854524119,6.0601685297153525,1.0391620082818929,72.81031275594741,14.832877812241477,True,False,True,False,True,16.68845374420211,0.0,0.0,0.0,0.0,0,1.0927528294604565,0.844534381529213,False,False,False,False,0.23290328858561568,0.25428943355783845,False,False,False,False,-8080514,-73075.23624148729,False,False,False,False,8267140.681116817,False,False,False,False
2024-04-09 00:00:00+00:00,6.355,6.9,5.99,6.61,10503641,,,,,,,,,,,,,,,7.1506662069019615,5.766570425282048,5.680272918054468,5.648636823412836,5.617083613934561,6.1450930426774235,6.2124038260480905,6.193830729675903,6.188186209260732,6.17762535100959,6.177335961391045,6.295566524874842,6.353330120152482,6.572167537451721,6.75641687890328,6.786113954061048,6.834643315198858,7.18333143204313,7.62959444956229,7.842753258107192,7.990197933221383,9.613912385116645,10.147911649396894,,,,,,,,,,,,,6.031188910388174,5.639699431301201,5.5950307325487385,6.225635385668832,6.203378694235244,6.1897295663889365,6.1803169826670326,6.177124127873492,6.176784716404851,6.4067434103381435,6.86416368615041,7.0964653027912545,7.241893433104224,7.3624402340504895,7.897433096436507,8.046158042759506,8.576678494314967,9.849075793924216,10.510168495452541,,6.031188910388174,,6.1450930426774235,6.295566524874842,6.75641687890328,7.62959444956229,9.613912385116645,6.068829682756259,#000000,0.9464181170347024,6.068829682756259,0.30237197713455094,69.9807774755717,14.832877812241477,True,False,True,False,True,11.786792993962766,0.0,0.0,0.0,0.0,0,1.064230315660741,0.8683405400571129,False,False,False,False,0.1615376116468617,0.20791352260235008,False,False,False,False,-18584155,-798999.9328594683,False,False,False,False,8354846.57597498,False,False,False,False
2024-04-10 00:00:00+00:00,6.76,7.44,5.94,6.0,16405363,,,,,,,,,,,,,,,7.096025030021301,5.820719898359988,5.735951775084032,5.703907524301009,5.672089392404249,6.16703563386777,6.230037871883646,6.2117578259677035,6.206156953639719,6.195671419416072,6.195276454856291,6.308755583117555,6.364523485576721,6.576329017704846,6.755178460542701,6.784029024883414,6.831188793409851,7.170793110316986,7.606502850881439,7.815054620104313,7.9595990902716744,9.550607443995343,10.074410226458925,,,,,,,,,,,,,6.07418866500352,5.694851515329055,5.6500255933191,6.243025742544007,6.221168999741517,6.207701525070812,6.198380561000038,6.195112077511489,6.1946532215846215,6.416103903143699,6.859889473253094,7.0860768416220195,7.227950032914035,7.345595365710947,7.868646395464892,8.014561933150887,8.534473686201052,9.781245076404868,10.429782097469378,,6.07418866500352,,6.16703563386777,6.308755583117555,6.755178460542701,7.606502850881439,9.550607443995343,6.095686884045297,"rgba(38, 166, 154, 0.5)",0.9908485079794112,6.095686884045297,0.6704487220850782,69.06039266766095,14.832877812241477,True,False,True,False,True,13.84940221790713,0.0,0.0,0.0,0.0,0,1.0606876565704821,0.8537155446234511,False,False,False,False,0.19661251516480188,0.20226301888357598,False,False,False,False,-2178792,-853109.4256885088,False,False,False,False,8670553.102407334,False,False,False,False
2024-04-11 00:00:00+00:00,6.83,7.43,6.26,7.03,10960037,,,,,,,,,,,,,,,7.076300832266379,5.858233385391653,5.7743239122067695,5.741988003293978,5.709969833994721,6.1839599989306295,6.244053381270526,6.225915010098467,6.220323891961163,6.209852932726029,6.2093780100198614,6.319728845839692,6.374199149131329,6.581421585292584,6.7567766465830355,6.785080094564032,6.831353294299829,7.16500077256727,7.59381104511937,7.799336517423425,7.941956962341803,9.511652812635692,10.028819300909884,,,,,,,,,,,,,6.105135968314633,5.732847637718041,5.687877486939732,6.256916142803842,6.235263326685918,6.221875599621045,6.21258564742553,6.209248256420506,6.208698872913096,6.4245772940740205,6.859519924523652,7.081698566193789,7.221231274684537,7.336979166063224,7.852206505651483,7.996249821370787,8.509215210994595,9.739345258542167,10.379714672239635,,6.105135968314633,,6.1839599989306295,6.319728845839692,6.7567766465830355,7.59381104511937,9.511652812635692,6.116237406550125,"rgba(38, 166, 154, 0.5)",1.0348353008179993,6.116237406550125,0.6897354515116288,68.61297363036189,14.832877812241477,True,False,True,False,False,14.199294763023698,0.0,0.0,0.0,0.0,0,1.0684027534090412,0.8593667310949713,False,False,False,False,0.21904666568141798,0.21065484228249698,False,False,False,False,8781245,-475291.6050732732,False,False,False,False,8760336.78466587,False,False,False,False
2024-04-12 00:00:00+00:00,6.6,7.37,6.46,6.69,11771348,,,,,,,,,,,,,,,7.055950183791655,5.894424521838333,5.811593080823076,5.779100422024945,5.746999770490992,6.200424995525571,6.2576837625853505,6.239717393839276,6.234147447070311,6.2237121983411114,6.223163579702538,6.330369357177827,6.383520188546824,6.586066814010353,6.757832337390201,6.78557276569234,6.8309335451452515,7.1584476374153985,7.580115488762048,7.782499134865001,7.923118561495763,9.47058665598064,9.980816280378335,,,,,,,,,,,,,6.1344562850706446,5.769912429138742,5.724946854700011,6.270400943037983,6.248986661091408,6.235702464217848,6.226461199894114,6.223066438529321,6.222433594870763,6.432678023115038,6.8585510637774405,7.076603931337092,7.2137217992766605,7.327507133371491,7.834618795854059,7.976713583164117,8.482439749767748,9.695201305541937,10.327030819952903,,6.1344562850706446,,6.200424995525571,6.330369357177827,6.757832337390201,7.580115488762048,9.47058665598064,6.1361642113292,#000000,1.0682279123820217,6.1361642113292,0.4342105119089244,67.13863187204294,14.832877812241477,True,False,True,False,False,12.520310776675089,0.0,0.0,0.0,0.0,0,1.0794207314261686,0.8610441515231436,False,False,False,False,0.22924848933353445,0.21995166580801573,False,False,False,False,-2990103,-573911.659776282,False,False,False,False,8878415.655855443,False,False,False,False
2024-04-15 00:00:00+00:00,6.28,6.82,6.18,6.56,6947055,,,,,,,,,,,,,,,7.028794007778777,5.906106521960269,5.824383968382554,5.792113665903344,5.760239395099442,6.203882936463383,6.260051973464677,6.242288745669132,6.236774613254254,6.226441030040011,6.225883309373327,6.331587189455354,6.384058022876825,6.58417770328486,6.754000562188722,6.781433453195243,6.826297385876597,7.150561401177427,7.568342529055627,7.769016622388971,7.908563746187732,9.443523171393121,9.949808078542151,,,,,,,,,,,,,6.141457939258499,5.782984088300239,5.738366084141716,6.272617542914317,6.2514556922988875,6.238315808653539,6.229168351421847,6.225793236151549,6.225150116159093,6.432604371888947,6.853621170431255,7.069490288089412,7.205330140722047,7.318051523778923,7.820734813486854,7.96179308016242,8.463498082801584,9.666388672820919,10.293351959854434,,6.141457939258499,,6.203882936463383,6.331587189455354,6.754000562188722,7.568342529055627,9.443523171393121,6.140613451334444,#000000,1.0902126335286921,6.140613451334444,0.1278526265233269,64.57562079644697,21.235144951292455,True,False,True,False,False,10.242399185585317,0.0,0.0,0.0,0.0,0,1.0694003548239466,0.888443788848755,False,False,False,False,0.1693743791665697,0.19466302248729273,False,False,False,False,-9937158,-941097.7907654474,False,False,False,False,8802676.022292485,False,False,False,False
2024-04-16 00:00:00+00:00,5.9,6.17,5.64,6.11,6647405,,,,,,,,,,,,,,,6.9841635700371185,5.906049477668493,5.825924308418327,5.794211942143125,5.762857769461988,6.199550751745655,6.255331673261439,6.237885699577297,6.232476775059448,6.222336863034644,6.221810589286334,6.326466810356626,6.378391697114365,6.576543377579212,6.744685538761546,6.7718488014860565,6.816279256367109,7.137831340722147,7.552238505018714,7.7514316666861225,7.890073764942089,9.413659080210108,9.916307015330505,,,,,,,,,,,,,6.136120710168588,5.785233294511844,5.7413304914513095,6.26767237895018,6.246887601053623,6.233986005734168,6.225006345807951,6.221713129189651,6.221105711613086,6.426471340654664,6.843353811925376,7.0574036831079265,7.192181051913495,7.30398383252372,7.802811762807629,7.943006376743968,8.4411237457717,9.634913075516382,10.257377321065713,,6.136120710168588,,6.199550751745655,6.326466810356626,6.744685538761546,7.552238505018714,9.413659080210108,6.136082754408713,#000000,1.1035761936243438,6.136082754408713,-0.2139251968034708,61.12352456163968,17.74600837343833,True,False,True,False,False,7.636209951965974,0.0,0.0,0.0,0.0,0,1.041930203674322,0.9088867909628046,False,False,False,False,0.08548069481934305,0.1400718586533179,False,False,False,False,-16584563,-1554567.0146569987,False,False,False,False,8718155.590045722,False,False,False,False
2024-04-17 00:00:00+00:00,5.79,6.16,5.44,5.77,6303017,,,,,,,,,,,,,,,6.941130795703082,5.903956863491669,5.825392882513092,5.794255082119423,5.763434359762704,6.194118601644096,6.2496481117041585,6.232517301883841,6.227214800464334,6.217271065011903,6.216780784110852,6.320527809890251,6.371961973843358,6.568338879176628,6.734943461626568,6.761859326834319,6.805892343567231,7.124976100795024,7.5362845640848635,7.7341163622638005,7.871929406553196,9.384957439788666,9.884219105222146,,,,,,,,,,,,,6.1290566269505025,5.7854323746581215,5.742257552086341,6.261766796223763,6.241354678225737,6.228691190849047,6.219880551768569,6.2166740739588455,6.2161075192398805,6.419626654515896,6.832739540279606,7.045134349762589,7.178944422877009,7.289904623701102,7.785186920806286,7.924591836043081,8.419390173784848,9.604711350427651,10.222984404657259,,6.1290566269505025,,6.194118601644096,6.320527809890251,6.734943461626568,7.5362845640848635,9.384957439788666,6.130347100618498,#000000,1.1148825546351915,6.130347100618498,-0.3052761918315829,58.329622227256344,14.975250889476683,True,False,True,False,False,6.896606041568202,0.0,0.0,0.0,0.0,0,1.0367570881874115,0.9081301844373498,False,False,False,False,0.0708325013343714,0.10545217999384465,False,False,False,False,-22887580,-2391155.7591802534,False,False,False,False,8623444.272789028,False,False,False,False
2024-04-18 00:00:00+00:00,6.535,6.67,5.67,5.7,8950047,,,,,,,,,,,,,,,6.909346880905833,5.914210627066394,5.83711651110419,5.806365668259117,5.7759238960466375,6.195951130921661,6.250374665422969,6.23352186714931,6.22830117873052,6.218507357022122,6.218018032011744,6.320075607178382,6.370721240735025,6.564266682015354,6.728568243760685,6.7551181147031665,6.798559968262197,7.113786615625308,7.5204285528932555,7.716198566036408,7.852717004423575,9.350491465369647,9.844919778346014,,,,,,,,,,,,,6.133723776725735,5.7976468500487295,5.755023740479584,6.262289816645874,6.242217585229422,6.229755572586505,6.221079975144514,6.2179156056859295,6.217350199873739,6.417681976043442,6.825058910333653,7.034864181758563,7.167152917654819,7.2768380348962935,7.766784856343525,7.904938028796267,8.394846038369987,9.568103224360586,10.180409759121183,,6.133723776725735,,6.195951130921661,6.320075607178382,6.728568243760685,7.5204285528932555,9.350491465369647,6.133232046853026,#000000,1.1432214627061779,6.133232046853026,0.3514349286234784,59.125404087383586,14.975250889476683,True,False,True,False,False,10.863680520579383,0.0,0.0,0.0,0.0,0,1.0436992846649185,0.8946185108398665,False,False,False,False,0.12262779727306171,0.11403998863345319,False,False,False,False,-13937533,-2843954.866663381,False,False,False,False,8636252.222875733,False,False,False,False
2024-04-19 00:00:00+00:00,6.46,6.775,6.28,6.28,6224956,,,,,,,,,,,,,,,6.89603679633861,5.924881602642865,5.848595498365844,5.817999355445086,5.787719531175694,6.199937088241248,6.253400515006042,6.236691244049719,6.231507462981381,6.221780819998426,6.221278351929655,6.322069113610713,6.372149029332906,6.56366611489451,6.7263540355948335,6.752648614754895,6.795677179403353,7.108153577577535,7.511510151162728,7.705823897999793,7.841416310678337,9.328609545332462,9.819700234627415,,,,,,,,,,,,,6.140990326906818,5.809321472034324,5.76695156450331,6.265207219569644,6.245315359338146,6.232953583463724,6.22434150398099,6.221183649237072,6.2206033783077626,6.418595293972966,6.821929841025727,7.029888064725683,7.161088583765169,7.269874507292995,7.756063597319288,7.893316059419548,8.37980425096173,9.54474187728431,10.152932672724965,,6.140990326906818,,6.199937088241248,6.322069113610713,6.7263540355948335,7.511510151162728,9.328609545332462,6.138334816175819,#000000,1.168593952553754,6.138334816175819,0.27525829919044087,59.284640480280956,14.975250889476683,True,False,True,False,False,10.352941538841815,0.0,0.0,0.0,0.0,0,1.0595793361440957,0.8940838204642511,False,False,False,False,0.17330044566747538,0.1436702171504643,False,False,False,False,-20162489,-3523113.0679706996,False,False,False,False,8541691.586684527,False,False,False,False
2024-04-22 00:00:00+00:00,6.28,6.65,6.15,6.54,3937433,,,,,,,,,,,,,,,6.885103564074905,5.929796587599826,5.854095318114742,5.823648643664515,5.793516654020242,6.2012323110963345,6.254195804967624,6.2375951320383365,6.2324423905689805,6.222772591697975,6.222268082743265,6.322326000569665,6.3720678652412985,6.5623690196815385,6.724073304627015,6.750211696011577,6.7929876985820945,7.103800355119126,7.505148405190764,7.698571571474805,7.833600696601636,9.314239743910939,9.803254728923877,,,,,,,,,,,,,6.143668433905573,5.815010934220861,5.772858111492379,6.265922491387776,6.246164167069816,6.233880457419868,6.225320103198172,6.222176033538273,6.221593474216966,6.418210175911306,6.8190908709938824,7.025932276993994,7.1564746257015885,7.264711649076564,7.748600575530866,7.885306567884691,8.36968663346649,9.529452234075105,10.135081443307174,,6.143668433905573,,6.2012323110963345,6.322326000569665,6.724073304627015,7.505148405190764,9.314239743910939,6.140163064351822,#000000,1.1888634186092901,6.140163064351822,0.11762237230897131,58.47303576319015,14.503202135284653,True,False,True,False,False,9.127444215145122,0.0,0.0,0.0,0.0,0,1.06280767329582,0.8993404703380936,False,False,False,False,0.15514035223429537,0.14940528469237985,False,False,False,False,-24099922,-4330046.751579692,False,False,False,False,8361132.426422389,False,False,False,False
2024-04-23 00:00:00+00:00,7.42,7.5324,6.15,6.17,9407056,,,,,,,,,,,,,,,6.892028311684056,5.958816216746841,5.883655209049111,5.853059755057677,5.8228320858680584,6.217029206504645,6.267854146752375,6.251304829841289,6.246140570057103,6.23644723402605,6.235874911323208,6.333659949626038,6.382469144577472,6.569439686372673,6.728617400606022,6.754360124944045,6.796492514654084,7.1028451598782585,7.499012352903804,7.69012600751249,7.823649222623195,9.28817222811585,9.772159984942553,,,,,,,,,,,,,6.1689448734052235,5.844378708052796,5.8021725074427275,6.2795261996919685,6.259855367294043,6.247589953507976,6.239023416547867,6.235811124077349,6.235151684779287,6.4277322524690845,6.822202723678196,7.026046369415324,7.1548140015157164,7.2616276110035765,7.739590658196752,7.874814880784621,8.353892197739949,9.501155474021502,10.100601070722913,,6.1689448734052235,,6.217029206504645,6.333659949626038,6.728617400606022,7.499012352903804,9.28817222811585,6.158874815585483,"rgba(38, 166, 154, 1.0)",1.2393440297768026,6.158874815585483,1.017574744473201,61.4338185933052,14.503202135284653,True,False,True,False,True,14.720743190003617,0.0,0.0,0.0,0.0,0,1.0508736070438867,0.8825527538111804,False,False,False,False,0.21849415279442164,0.18394971874340074,False,False,False,False,-14692866,-4736431.820145194,False,False,False,False,8402149.037150923,False,False,False,False
2024-04-24 00:00:00+00:00,7.2,7.48,7.04,7.3,5794641,,,,,,,,,,,,,,,6.901710905705548,5.979224242334144,5.904266231665951,5.8735115257041555,5.843163937177967,6.2288424722173765,6.278229016057311,6.261677158557298,6.256492146961231,6.246758914968234,6.246135515576285,6.342463216350201,6.390688272687151,6.575573842235808,6.733192677677829,6.758692050690764,6.800427913364733,7.103993832613627,7.496950411258648,7.686629022399065,7.8192080863994615,9.273849159396104,9.754765352197417,,,,,,,,,,,,,6.187350711603368,5.864785140142003,5.8224669480552596,6.289890107106743,6.270234754636611,6.25795328053835,6.249362096432762,6.246092321221245,6.245374956303568,6.435394583198504,6.825894021707227,7.0278642845292225,7.155520356756367,7.261450877399263,7.73573973356046,7.870031199538425,8.345836436403939,9.485470248520413,10.081141060981713,,6.187350711603368,,6.2288424722173765,6.342463216350201,6.733192677677829,7.496950411258648,9.273849159396104,6.17267611914827,"rgba(38, 166, 154, 0.5)",1.2802129266871656,6.17267611914827,0.8024632929696767,62.3043237389063,14.503202135284653,True,False,True,False,True,13.245218581257241,0.0,0.0,0.0,0.0,1,1.0826365380460048,0.8827910661786371,False,False,False,False,0.2802659957602146,0.23210785725180766,False,False,False,False,-20487507,-5354121.0428845985,False,False,False,False,8299893.82000775,False,False,False,False
2024-04-25 00:00:00+00:00,6.71,7.11,6.71,7.0,4294403,,,,,,,,,,,,,,,6.900531385686944,5.989306030658968,5.914723993479089,5.883995381812783,5.853686274373686,6.2340567895681716,6.282663414620591,6.26616453974978,6.2609872430199305,6.251267451082681,6.250624035135456,6.346042854237369,6.393880810714679,6.577376875598195,6.7339181574010505,6.75924790842246,6.800708217573644,7.102385968097116,7.493116863703272,7.681801519662203,7.813735780969055,9.26131776595244,9.740018420508711,,,,,,,,,,,,,6.1955999962191255,5.875275181506819,5.8330350303797305,6.294280750881912,6.274697397353654,6.262448740882161,6.253874118289267,6.250589823076368,6.249849763724542,6.438226675009482,6.826007466545396,7.026709573625583,7.153613643295156,7.25893399411255,7.730670809358013,7.864329354018092,8.337826416391922,9.471956837344367,10.064899451344937,,6.1955999962191255,,6.2340567895681716,6.346042854237369,6.7339181574010505,7.493116863703272,9.26131776595244,6.178882867075083,#000000,1.306365996616713,6.178882867075083,0.4065607450748328,60.590513252566424,14.503202135284653,True,False,True,False,True,10.065742125046803,0.0,0.0,0.0,0.0,1,1.070631669022028,0.8827905197785529,False,False,False,False,0.22851825420672595,0.2303130557292668,False,False,False,False,-24781910,-6115995.119634222,False,False,False,False,8142815.748634897,False,False,False,False
2024-04-26 00:00:00+00:00,6.7,7.58,6.6716,6.89,10137479,,,,,,,,,,,,,,,6.904325233178054,6.01596404736405,5.942110422185412,5.9113641097442216,5.881074229184252,6.2487815032362555,6.295416226450672,6.279001431580461,6.273826168570328,6.264108040947533,6.263406715352355,6.356625055240249,6.403543004474525,6.583737305628936,6.737745121812927,6.762676955957234,6.8034900115403,7.100684937321782,7.486162392444311,7.672495689101894,7.802893970851935,9.233932104746659,9.707452507950793,,,,,,,,,,,,,6.218325812733139,5.902636701797336,5.860487462972336,6.306957637437509,6.287497964170295,6.275294143726462,6.26673386857549,6.263397324232856,6.262591584558949,6.4470247160402385,6.828394915322367,7.02608592238686,7.151201056424779,7.255080071348575,7.720789773727722,7.852935927737268,8.320998910353715,9.442274994530392,10.028842497604314,,6.218325812733139,,6.2487815032362555,6.356625055240249,6.737745121812927,7.486162392444311,9.233932104746659,6.196165031399898,#000000,1.3315852606219276,6.196165031399898,0.3783722931603956,59.40211671823617,14.503202135284653,True,False,True,False,True,10.001964075252438,0.0,0.0,0.0,0.0,1,1.0726628535112805,0.8689196059739435,False,False,False,False,0.26026532701594557,0.24528919137260619,False,False,False,False,-34919389,-7245539.977687782,False,False,False,False,8221037.836923725,False,False,False,False
2024-04-29 00:00:00+00:00,6.32,7.04,6.24,6.8,5425614,,,,,,,,,,,,,,,6.895500948635901,6.023280999833852,5.950106121296667,5.91953849136003,5.889425536086237,6.251741118581942,6.297709731737647,6.281412990144756,6.276269724830548,6.266610104237962,6.265901916535117,6.358180346567643,6.404670735126721,6.58331870613628,6.736083682778889,6.760818299564446,6.801311716555913,7.0963600873573975,7.4792487938560885,7.664424144442557,7.794078642736167,9.216663106503328,9.687506107653185,,,,,,,,,,,,,6.2231125126259705,5.910859295923964,5.8689693801579885,6.3091632076205535,6.289850126184378,6.277729969879492,6.269223968838668,6.265897297045248,6.265083787214357,6.447763166042165,6.826025754364843,7.022276665059577,7.14653656528036,7.249708228705512,7.712440132476535,7.843859644071497,8.309186460684165,9.42381996958157,10.007084927191435,,6.2231125126259705,,6.251741118581942,6.358180346567643,6.736083682778889,7.4792487938560885,9.216663106503328,6.199869361438563,#000000,1.348235509274151,6.199869361438563,0.0891021173490022,56.87245162143152,12.293149480390639,True,False,True,False,False,7.600604009840197,0.0,0.0,0.0,0.0,1,1.0537246963562752,0.8883494238554969,False,False,False,False,0.18941821120491595,0.21735370128876108,False,False,False,False,-40345003,-8543558.135425515,False,False,False,False,8111413.372730638,False,False,False,False
2024-04-30 00:00:00+00:00,9.23,9.35,6.175,6.32,39348814,,,,,,,,,,,,,,8.251666666666665,7.095025551957646,6.230580032229435,6.155683675583491,6.122484957658617,6.090139566990979,6.392018433119057,6.425389893745472,6.40818368234734,6.40254579134589,6.391956122071779,6.3906658805635335,6.471793020645195,6.514160176855894,6.678095718875339,6.820449544841508,6.843579131828118,6.88143831164156,7.156884320854765,7.517863395923592,7.693125912465511,7.8160170513834615,9.173894221554997,9.624920444518636,,,,,,,,,,,,,6.424476490880104,6.113068230532932,6.068558323897916,6.437362033335178,6.41714981034601,6.404208820832403,6.394993590539806,6.390881048908258,6.389406702427919,6.5531575736222685,6.9044758996363935,7.087543575447867,7.203902623403738,7.3010226152747535,7.738604077686021,7.86323553512265,8.306556042837663,9.372260254131445,9.931264201793121,,6.424476490880104,,6.392018433119057,6.471793020645195,6.820449544841508,7.517863395923592,9.173894221554997,6.450351930177627,"rgba(0, 255, 255, 0.75)",1.4540963055950618,6.450351930177627,1.911598330266615,62.17323984429966,12.293149480390639,True,False,True,False,True,19.788786144130114,0.0,0.0,0.0,0.0,1,1.0480756649125302,0.8306044659365667,False,False,False,False,0.34282823915197086,0.280090970220366,False,False,False,False,-996189,-8247582.87521275,False,True,False,False,9336409.475760808,False,False,False,False
2024-05-01 00:00:00+00:00,7.36,8.65,7.08,8.49,16202214,,,,,,,,,,,,,,8.089793356779404,7.129390892246928,6.284665991894086,6.210348480169922,6.17693990062817,6.1444458074509605,6.42864063901375,6.458698811525165,6.4414390622676185,6.4357353007782185,6.425019483593175,6.423600678275891,6.501325453192481,6.54233616723329,6.701377090021479,6.84008312371009,6.862643061837069,6.899570728702729,7.168282219593956,7.521469750497212,7.693195764056099,7.813706545634586,9.147419083321255,9.590922679256566,,,,,,,,,,,,,6.474433005870826,6.167461255011783,6.122841688747487,6.470677925317046,6.450446900849955,6.437431470119946,6.428131145532485,6.423866889643087,6.422246454130079,6.580021058131962,6.922027857610354,7.100574038402852,7.214214520257719,7.3091935866044215,7.737782620259006,7.860039370086524,8.295284081653755,9.342451631851223,9.892216688917667,,6.474433005870826,,6.42864063901375,6.501325453192481,6.84008312371009,7.521469750497212,9.147419083321255,6.481200434285796,"rgba(38, 166, 154, 0.5)",1.4892097985654693,6.481200434285796,0.5901113238448585,60.00206080444582,12.293149480390639,True,False,True,False,True,9.740406898940481,0.0,0.0,0.0,0.0,1,1.0680984096778576,0.8413728421911105,False,False,False,False,0.3428282394677128,0.3114596048440394,False,False,False,False,-17198403,-8598595.429125976,False,False,False,False,9605656.712005483,False,False,False,False
2024-05-02 00:00:00+00:00,6.97,7.91,6.91,7.4,7551878,,,,,,,,,,,,,,7.990886259395618,7.13286442011491,6.301209832215328,6.227475845672161,6.194178565387793,6.161801397236385,6.439420494556397,6.468406772456615,6.451208878961719,6.445511394322094,6.434805825099015,6.433356372959286,6.509793721669499,6.55025558300863,6.70730085784431,6.844457873858435,6.866773613317299,6.903303194886063,7.169208602360177,7.519065614018428,7.6892791079899085,7.808784791233018,9.1318106516365,9.571950435756897,,,,,,,,,,,,,6.4886126665844275,6.184729206612078,6.140294240485853,6.480333165912566,6.460188599528824,6.447209570668572,6.437925319679169,6.433636021271554,6.431980732578028,6.587422102144147,6.925516509766141,7.102180877212772,7.214688994300362,7.30875634091747,7.7334901550127295,7.854749932804781,8.286470289809966,9.325353575665059,9.870978224578321,,6.4886126665844275,,6.439420494556397,6.509793721669499,6.844457873858435,7.519065614018428,9.1318106516365,6.487702742456018,#000000,1.5138402512502989,6.487702742456018,0.3185919103060224,57.60485046162776,12.293149480390639,True,False,True,False,False,7.870853843472943,0.0,0.0,0.0,0.0,1,1.0661520031944631,0.856648475974977,False,False,False,False,0.27621086776058973,0.29383523630231456,False,False,False,False,-24750281,-9231994.8632779,False,False,False,False,9525116.37035821,False,False,False,False
2024-05-03 00:00:00+00:00,6.74,7.3,6.64,7.04,6194827,,,,,,,,,,,,,,7.892771209942273,7.127875036802068,6.3093083745789045,6.236243180999473,6.203162106491621,6.170992535646013,6.444178843546427,6.472571056759098,6.455478358804085,6.4498091078394175,6.4391550742185855,6.437698557124252,6.513258523972532,6.553319174160384,6.708895705749365,6.844868791138267,6.866996323423719,6.903219979992682,7.167020528623379,7.5143213670474935,7.683374246081922,7.802118289490869,9.116701357503283,9.554159326733751,,,,,,,,,,,,,6.494493200677719,6.19377155532003,6.1496298113860695,6.484419041888323,6.464405210710395,6.451500567459221,6.442264356883973,6.437982851101466,6.436319500984292,6.590116128384889,6.925248906580031,7.100503127532725,7.212162623900059,7.305532523504277,7.727300871841003,7.8478094715649,8.27677770217494,9.309057273839167,9.851374875167899,,6.494493200677719,,6.444178843546427,6.513258523972532,6.844868791138267,7.5143213670474935,9.116701357503283,6.487885501908972,#000000,1.5327990774694358,6.487885501908972,0.16447980808238435,55.44091462906732,11.637733490778032,False,False,True,False,False,6.785032847612236,0.0,0.0,0.0,0.0,1,1.0609583648232657,0.8724163991668226,False,False,False,False,0.21399487322517446,0.25391505476374454,False,False,False,False,-30945108,-10083489.496090531,False,False,False,False,9394516.787206909,False,False,False,False
2024-05-06 00:00:00+00:00,6.64,7.0496,6.58,6.88,4649765,,,,,,,,,,,,,,7.821325396990894,7.122158631097508,6.313852881053633,6.2413348797644055,6.208448070260028,6.176462928866382,6.446617381818627,6.474644566522999,6.457644773260009,6.452002745224943,6.4413986816543165,6.4399417845153755,6.514896970779255,6.5546721588132435,6.709200282553804,6.844314843872848,6.86630543133583,6.902306725086667,7.164591275107606,7.510033278199792,7.678241832121918,7.796434258170684,9.104804246931831,9.540281414522841,,,,,,,,,,,,,6.497320164644747,6.199110606291987,6.15522509793251,6.486424784051489,6.466524273882906,6.453686954477228,6.444495879295293,6.440227814503414,6.438564005822239,6.5912089396416125,6.924202459438209,7.098441505271481,7.209489806060974,7.302353226703907,7.721962580550003,7.8419282664215695,8.268880029923434,9.296283632550606,9.836156901310437,,6.497320164644747,,6.446617381818627,6.514896970779255,6.844314843872848,7.510033278199792,9.104804246931831,6.486942414805435,#000000,1.5478874214712166,6.486942414805435,0.0988816002194062,53.74035511121268,10.000718989739184,False,False,False,False,False,6.3123617088703305,0.0,0.0,0.0,0.0,1,1.0600397125418903,0.8779689572449229,False,False,False,False,0.19245608589006477,0.22318557032690467,False,False,False,False,-35594873,-11083935.90800855,False,False,False,False,9208448.089669382,False,False,False,False
2024-05-07 00:00:00+00:00,6.66,6.96,6.5812,6.61,2930600,,,,,,,,,,,,,,7.779866289850198,7.118426223884742,6.316524898656803,6.244353363409791,6.211591628654101,6.179725073154105,6.448023212409667,6.475831497352529,6.458891308091801,6.453266966487762,6.4426953975649255,6.441238817090769,6.515821968425193,6.555420409747146,6.709298746501066,6.843879504142948,6.865784881322281,6.901647831666095,7.162990184160666,7.507274447975356,7.674956836569695,7.792805581559497,9.097295091886053,9.531534058538933,,,,,,,,,,,,,6.498916803409565,6.202288382436312,6.158567213871947,6.487568387621374,6.467740365326476,6.4549463974486185,6.4457845457902945,6.441525734862161,6.439862269253184,6.591796385625637,6.92346077729799,7.097068973739591,7.20773727702525,7.300285349717844,7.7185493340017715,7.838176803121601,8.26386998681076,9.288226598572418,9.826571701258217,,6.498916803409565,,6.448023212409667,6.515821968425193,6.843879504142948,7.507274447975356,9.097295091886053,6.486388625368697,#000000,1.5624929973750634,6.486388625368697,0.11111177773146147,52.66159926177914,8.88208894836589,False,False,False,False,False,6.393281698540996,0.0,0.0,0.0,0.0,1,1.058189110703077,0.882147647510776,False,False,False,False,0.18635493810482712,0.2047702542158659,False,False,False,False,-32664273,-11930223.637106253,False,False,False,False,8962257.968505878,False,False,False,False
2024-05-08 00:00:00+00:00,6.42,6.683,6.33,6.65,2742983,,,,,,,,,,,,,,7.735004911630543,7.112714665309258,6.317479032316621,6.245684410698347,6.213073707028111,6.18134860897927,6.448158446211622,6.475839332755036,6.458970317604866,6.453369018108277,6.442839989196096,6.44138872370979,6.51567160998906,6.55511748245273,6.708431859366081,6.842535041996802,6.864363705696817,6.90010238738727,7.160614787265942,7.503861013202002,7.6710719045283,7.788615816949336,9.089552839126759,9.522651134127734,,,,,,,,,,,,,6.498783320190871,6.20381195335457,6.160283392827863,6.487525716113664,6.467782469295175,6.455041634146441,6.445916947157784,6.441674706585611,6.440017263744203,6.591357782384914,6.921841899223325,7.094894825572437,7.205228759435501,7.297494785437654,7.7145507563842655,7.833879667939946,8.258430418209963,9.279979787839824,9.816915297468071,,6.498783320190871,,6.448158446211622,6.51567160998906,6.842535041996802,7.503861013202002,9.089552839126759,6.4843345651609905,#000000,1.573044807640936,6.4843345651609905,-0.04089811354927126,51.23573069547458,7.374560971334475,False,False,False,False,False,5.235835575445083,0.0,0.0,0.0,0.0,1,1.050390007515095,0.8896576744668169,False,False,False,False,0.15016813278869243,0.17746919350227916,False,False,False,False,-35407256,-12850891.572906008,False,False,False,False,8718364.83248604,False,False,False,False
2024-05-09 00:00:00+00:00,6.81,6.946,6.2812,6.48,4907386,,,,,,,,,,,,,,7.673701344393244,7.105907711240339,6.32126926073849,6.250063078631515,6.217671686271423,6.1861539900252085,6.450027805276711,6.47737993175382,6.460614968305363,6.455045318803479,6.444574540429921,6.443125794663999,6.516815509341803,6.555975450800095,6.708236548849044,6.841468365596837,6.863157716262947,6.898670287248333,7.15764706972372,7.4989977892717805,7.665346433299409,7.782327660149337,9.076874303541864,9.507929878865855,,,,,,,,,,,,,6.500786842770402,6.208470054181795,6.165227533205097,6.488991198079278,6.469373748713262,6.456709149247416,6.447636408868744,6.443412534065763,6.441757927067443,6.5919567013052855,6.920274791501671,7.092299818306439,7.202014081945812,7.293764156921515,7.708615372503935,7.827390801567991,8.249872205166215,9.26639752132295,9.80081117570624,,6.500786842770402,,6.450027805276711,6.516815509341803,6.841468365596837,7.4989977892717805,9.076874303541864,6.483307144983263,#000000,1.5885368402943116,6.483307144983263,0.2056564548771874,51.48607262311502,7.374560971334475,False,False,False,False,False,6.842962656411689,0.0,0.0,0.0,0.0,1,1.0485286816229802,0.884807722821942,False,False,False,False,0.16479068181875126,0.1711299376605152,False,False,False,False,-30499870,-13543008.37396852,False,False,False,False,8568914.68219247,False,False,False,False
2024-05-10 00:00:00+00:00,6.46,6.92,6.32,6.76,3092304,,,,,,,,,,,,,,7.634631980782273,7.10062622922857,6.322879515488577,6.252065993520047,6.21982817356929,6.1884549621679685,6.4506198011930795,6.4778044113169475,6.461111984227633,6.455565286433109,6.445136846805079,6.443692132824585,6.517034459092987,6.556021880566086,6.707645696109379,6.84034306577578,6.861946724738785,6.897320341735775,7.155360920204824,7.495546589250769,7.661365143896306,7.7780017938597785,9.068582117426306,9.498366087052117,,,,,,,,,,,,,6.501244976589452,6.2106687335006745,6.167623916124818,6.489363886514034,6.469833302566814,6.457222480711256,6.448187005283306,6.443978480544872,6.442328437716084,6.59184834825612,6.918842320746894,7.090240919853125,7.199577436715634,7.291010754689794,7.704505596672792,7.822942705023516,8.24414438137382,9.257542857423363,9.790385740164192,,6.501244976589452,,6.4506198011930795,6.517034459092987,6.84034306577578,7.495546589250769,9.068582117426306,6.482027004969619,#000000,1.5958945062109267,6.482027004969619,-0.013802293875875832,50.5358982927953,6.239438099578784,False,False,False,False,False,5.152093301803049,0.0,0.0,0.0,0.0,1,1.0516471386472501,0.883920524167823,False,False,False,False,0.16566663959031974,0.16839828862541747,False,False,False,False,-33592174,-14329250.163224656,False,False,False,False,8354145.635831982,False,False,False,False
2024-05-13 00:00:00+00:00,6.68,6.95,6.455,6.5,2942833,,,,,,,,,,,,,,7.604098964440504,7.096880355985444,6.3251888564049095,6.254716704070177,6.222606066298346,6.191353317606105,6.451794515448942,6.478782647728576,6.462150496005734,6.456622051765939,6.446227211196966,6.444783734357511,6.517775218364574,6.556593896430829,6.7075956681225,6.839778860133838,6.86130031776935,6.896540477260506,7.153672356102133,7.49273635341611,7.658044041963856,7.774346645654178,9.061143641946462,9.489718047694474,,,,,,,,,,,,,6.502518807136635,6.213481520275334,6.170602982346816,6.490298573805462,6.470840918340291,6.4582742051778155,6.449268737717395,6.4450706112939695,6.443421958635746,6.592267223000852,6.9179826778265525,7.088773070026587,7.197742546394547,7.288870565086751,7.701059886021564,7.819168123240724,8.23914376354915,9.249569288858382,9.780918950306233,,6.502518807136635,,6.451794515448942,6.517775218364574,6.839778860133838,7.49273635341611,9.061143641946462,6.481778063870143,#000000,1.6070696513043257,6.481778063870143,0.12334371193493458,50.633014160683835,6.027242163876842,False,False,False,False,False,6.065561669877898,0.0,0.0,0.0,0.0,1,1.0581369010766652,0.8825936608127086,False,False,False,False,0.17698136314320356,0.17268982588431053,False,False,False,False,-30649341,-14969253.72545114,False,False,False,False,8141937.297171905,False,False,False,False
2024-05-14 00:00:00+00:00,7.0,7.46,6.85,6.89,5467865,,,,,,,,,,,,,,7.575586239434353,7.096989211572078,6.334059145997914,6.264048916315445,6.232069885796368,6.200946845183675,6.457562141021818,6.483965793586622,6.467396991056084,6.4618823105530465,6.451512272131503,6.450056126741737,6.522269057464556,6.560743299479813,6.710483348970235,6.841666175566259,6.863029105630719,6.898010987225159,7.1533316135787155,7.490212964523906,7.654524425788377,7.770165029012613,9.049809700217272,9.47611775389424,,,,,,,,,,,,,6.509769479813673,6.222981068612013,6.180290968879576,6.495432526192858,6.476056493620501,6.4635322984965535,6.454552002057353,6.450349207851573,6.44868613234003,6.596094349168127,6.9192958880436715,7.08887285258205,7.19710893307249,7.287640881317293,7.697293028307201,7.814744737753784,8.232372140042825,9.237232343999153,9.765789519310049,,6.509769479813673,,6.457562141021818,6.522269057464556,6.841666175566259,7.490212964523906,9.049809700217272,6.486451996245738,#000000,1.6220912775772072,6.486451996245738,0.3165962426734142,51.745271147242654,6.027242163876842,False,False,False,False,False,7.378149552445596,0.0,0.0,0.0,0.0,1,1.0631607683526083,0.8661041346106121,False,False,False,False,0.2399291719013814,0.20630949889284597,False,False,False,False,-25181476,-15369733.03033541,False,False,False,False,8037071.716890654,False,False,False,False
2024-05-15 00:00:00+00:00,7.12,7.2294,6.82,7.1,2420137,,,,,,,,,,,,,,7.56282524409336,7.096688895289015,6.337685717838617,6.267887231946378,6.235972205331249,6.20491170519559,6.459899568947567,6.486061023675647,6.469522711652902,6.4640152160258735,6.453658204318402,6.452197399093839,6.524077475842591,6.5624029260177315,6.711597178546093,6.842344843297738,6.863638725655911,6.8985081489179265,7.153042271790663,7.488972458244866,7.652849575040377,7.768201878041679,9.04471518106615,9.470029557975495,,,,,,,,,,,,,6.512674126337816,6.226900817991764,6.184300548084413,6.497504438480665,6.478167171108065,6.4656638385499035,6.456696318412371,6.452492885417332,6.450824502413841,6.597615211759193,6.919724697273908,7.0887748539186,7.196692390130941,7.286964717707644,7.6955105284543235,7.8126764714373005,8.229277308480443,9.231698106445211,9.759030598272076,,6.512674126337816,,6.459899568947567,6.524077475842591,6.842344843297738,7.488972458244866,9.04471518106615,6.488286263389538,#000000,1.6387949953414,6.488286263389538,0.3854745336703087,52.88087111307233,6.027242163876842,False,False,False,False,False,7.867287700884418,0.0,0.0,0.0,0.0,1,1.0653862476683016,0.8686254577037336,False,False,False,False,0.22163204627031766,0.21397077258158181,False,False,False,False,-22761339,-15659599.931106571,False,False,False,False,7816799.7672086675,False,False,False,False
2024-05-16 00:00:00+00:00,7.61,8.1409,6.99,7.17,12224819,,,,,,,,,,,,,7.5802999999999985,7.56475542685837,7.114139873537128,6.368416760255497,6.299231725118246,6.267365160496692,6.23637295436568,6.481560536079131,6.505922654148207,6.4894076341638955,6.483882413540097,6.473490308604192,6.47196610630289,6.541835358107738,6.57933048428633,6.725497720874197,6.853937364856506,6.874868620192559,6.9091450502765905,7.159393138645389,7.4902730417716965,7.651837599922888,7.7656268624763225,9.026050651867065,9.446312926327685,,,,,,,,,,,,,6.540578104682984,6.258305354103822,6.215841188727764,6.517333588741086,6.498047247436528,6.485543405967782,6.476558358217512,6.472287623827845,6.470547133135235,6.613744312091579,6.929993576624433,7.096170167010145,7.202346763447337,7.291235521466129,7.693914192823502,7.8095183427899695,8.220762772542583,9.210796904625521,9.731917190583294,,6.540578104682984,,6.481560536079131,6.541835358107738,6.853937364856506,7.4902730417716965,9.026050651867065,6.5664670159436245,"rgba(38, 166, 154, 0.5)",1.6627330130817923,6.5664670159436245,0.6276010495047787,55.18422374468631,6.027242163876842,False,False,True,False,True,9.831423350562545,0.0,0.0,0.0,0.0,1,1.067109565703518,0.8511806223237501,False,False,False,False,0.2986757662205824,0.2563232694010821,False,False,False,False,-10536520,-15458694.83576906,False,False,False,False,7989663.266533818,False,False,False,False
2024-05-17 00:00:00+00:00,7.38,7.64,7.18,7.61,4823850,,,,,,,,,,,,,7.529284864742226,7.557874443537328,7.1181530495684795,6.378386388829666,6.3095086782474175,6.277706689472564,6.246782059271675,6.488514075159553,6.512280788392259,6.495794903347007,6.490271295433377,6.479881444980424,6.478339226797015,6.547491054005003,6.58468067844563,6.729729877486569,6.857301380557995,6.87809565765801,6.912148376013278,7.160796154552764,7.4897685985587845,7.650459048266965,7.763660352967459,9.017913741390844,9.436228961561197,,,,,,,,,,,,,6.549351116799223,6.268664152442357,6.226305047189939,6.5236661381531285,6.504421643659959,6.491934019637533,6.482955009773582,6.478668527680451,6.47690753552415,6.6188038095718,6.932859073856877,7.097963338570944,7.203489730921633,7.291856813567303,7.692315975087206,7.8073339054952,8.216535522753812,9.201798262150024,9.720522103768463,,6.549351116799223,,6.488514075159553,6.547491054005003,6.857301380557995,7.4897685985587845,9.017913741390844,6.570520216815906,#000000,1.678898481979198,6.570520216815906,0.4821493329542028,55.70935054452346,6.027242163876842,False,False,True,False,True,8.659076740239048,0.0,0.0,0.0,0.0,1,1.069601071412314,0.8666700208197071,False,False,False,False,0.27621086776058973,0.26626706858083593,False,False,False,False,-15360370,-15454838.959856547,False,False,False,False,7865513.726669747,False,False,False,False
2024-05-20 00:00:00+00:00,7.4,7.6199,7.22,7.38,2210878,,,,,,,,,,,,,7.515970512863048,7.5551590130243085,7.12003999115041,6.382950228339039,6.314211646648,6.2824390196667705,6.251545108518127,6.491711962616545,6.515207948235921,6.498735102351693,6.493212152501837,6.482823187492644,6.481272738941285,6.550098399922864,6.587149169561194,6.731690009131184,6.858866818123214,6.879598817570454,6.913549811830316,7.161469184582446,7.489573255728945,7.649865542500854,7.762798814555319,9.014242000300097,9.431670365442647,,,,,,,,,,,,,6.553374340737215,6.27340433969154,6.231092962165365,6.526581809628143,6.507356099346867,6.494875688765857,6.4858993069252975,6.481605591091807,6.479835232571578,6.62114010317321,6.934197811078606,7.098814013647383,7.204044328746523,7.29217392898973,7.691622334607671,7.806372934349282,8.214643918899656,9.19773402788021,9.715366336183408,,6.553374340737215,,6.491711962616545,6.550098399922864,6.858866818123214,7.489573255728945,9.014242000300097,6.572909800588022,#000000,1.6957225988502704,6.572909800588022,0.4877508856535616,56.1289950555417,1.7222527773016836,False,False,True,False,True,8.740326979867664,0.0,0.0,0.0,0.0,1,1.0679172674579605,0.8719264154006283,False,False,False,False,0.2776404571942387,0.2719537628875373,False,False,False,False,-13149492,-15364433.196724918,False,False,False,False,7643763.306016032,False,False,False,False
2024-05-21 00:00:00+00:00,7.13,7.5701,7.125,7.41,2088471,,,,,,,,,,,,,7.49239969180277,7.55027557233513,7.120970417367548,6.386650979290675,6.318063299126731,6.2863310964698815,6.255477604518335,6.494262368431534,6.517532606467122,6.501077970379546,6.495558134541082,6.48517466747067,6.483618384674253,6.552154790423659,6.589079515123202,6.733157804042612,6.8599707424444984,6.880645158256361,6.914502192396094,7.161754404107246,7.489056792514399,7.648981526036872,7.761668428510047,9.010490723002846,9.427089287149464,,,,,,,,,,,,,6.556534984901342,6.27730738052592,6.235055608065045,6.528891810603049,6.509690318284245,6.497221536648031,6.488251406274678,6.48395390787708,6.482176906639202,6.622951449131821,6.935092603334384,7.099261934337757,7.204221145375178,7.292131753138482,7.690646315912425,7.805151659976564,8.212558305544945,9.193615573099477,9.710225888938368,,6.556534984901342,,6.494262368431534,6.552154790423659,6.8599707424444984,7.489056792514399,9.010490723002846,6.574034068069021,#000000,1.7055862633185355,6.574034068069021,0.3259676416772048,55.138857766528574,1.7222527773016836,False,False,True,False,True,7.350952055374417,0.0,0.0,0.0,0.0,1,1.067721216700765,0.8725154036065706,False,False,False,False,0.2672630596372126,0.26960841126237495,False,False,False,False,-15237963,-15359473.58116708,False,False,False,False,7425908.705780109,False,False,False,False
2024-05-22 00:00:00+00:00,6.85,7.2,6.8,7.16,2260117,,,,,,,,,,,,,7.440473236611024,7.539160580490936,7.119866897583082,6.389168767579615,6.320792907743272,6.2891353971832435,6.2583534933856155,6.495862512699937,6.518959743313369,6.502539395295192,6.497029057974056,6.486663001251736,6.485105107923294,6.553372355029824,6.590172255196156,6.733789880379875,6.860228441842395,6.880843190523891,6.9146031152527305,7.161180427570154,7.487656114419591,7.647202080917246,7.759637900298583,9.005692415416929,9.421408119598063,,,,,,,,,,,,,6.558391073198268,6.280132181112924,6.237980460483844,6.530293644331407,6.51113441713709,6.498690107163187,6.489736023004998,6.4854418698716,6.483663025124563,6.623928932335814,6.9351348361017715,7.0988524793655845,7.203537742014415,7.291223140245639,7.68877320305934,7.803029843795918,8.209532800698923,9.18842676056111,9.703948052018001,,6.558391073198268,,6.495862512699937,6.553372355029824,6.860228441842395,7.487656114419591,9.005692415416929,6.572490238370721,#000000,1.70944707271494,6.572490238370721,0.16233890247829585,53.22282547992979,1.7222527773016836,False,True,False,False,False,5.930054302639153,0.0,0.0,0.0,0.0,1,1.0624641333071985,0.8766067687976894,False,False,False,False,0.21818035134306668,0.24389438130272081,False,False,False,False,-17498080,-15443340.499552686,False,False,False,False,7223328.638886772,False,False,False,False
2024-05-23 00:00:00+00:00,6.45,6.89,6.32,6.86,2266573,,,,,,,,,,,,,7.362761544096782,7.5211881227771835,7.11622337466017,6.38990128453163,6.3217958752240815,6.2902502175113995,6.259573373730892,6.496064165339921,6.519073124512292,6.5027046830681385,6.4972112311593095,6.486876398907142,6.485322530880698,6.553372235633227,6.5900607399135085,6.733263900087154,6.859349998809331,6.879908042172355,6.913575993484301,7.15953258441373,7.4852277753652565,7.644416501492439,7.756619075325351,8.999978586746558,9.414826580717556,,,,,,,,,,,,,6.55836725888367,6.281277871765941,6.239268974468983,6.530370304677306,6.511272758700319,6.4988672704852135,6.489940426456431,6.485658554747958,6.483884271900073,6.623717965732578,6.934053172961096,7.097355855204028,7.201789567044639,7.2892631194362965,7.685900730281564,7.799927937703726,8.205562207390537,9.182329310590772,9.696778202480164,,6.55836725888367,,6.496064165339921,6.553372235633227,6.859349998809331,7.4852277753652565,8.999978586746558,6.567932340785238,#000000,1.7098978940063032,6.567932340785238,-0.06897039945988917,50.29551183118357,4.503209623861942,False,True,False,False,False,3.9444545247915883,0.0,0.0,0.0,0.0,0,1.0501469340234673,0.8855621249208052,False,False,False,False,0.16361400784793276,0.20375419457532679,False,False,False,False,-19764653,-15612803.734864347,False,False,False,False,7028946.064812781,False,False,False,False
2024-05-24 00:00:00+00:00,6.66,6.7788,6.4,6.5,1659854,,,,,,,,,,,,,7.3175599768828725,7.509221965148851,7.113864125720341,6.390627706369204,6.322712553779808,6.291244275969679,6.260640287076634,6.4963636965872285,6.51929930235162,6.502966736472926,6.497484778035364,6.487171185108493,6.485619640434482,6.553505396506025,6.590111331859586,6.733007601061915,6.858834551241829,6.8793509599872005,6.912951341967168,7.158449582068461,7.483570671032292,7.64249649143704,7.7545269260757985,8.995912622094407,9.41012591329398,,,,,,,,,,,,,6.558554762464511,6.282293279541203,6.24038372230383,6.530570993422121,6.511516238382577,6.499137457320575,6.490229234128479,6.4859553398309195,6.484183688198605,6.623694415661885,6.933388326107164,7.096384550279218,7.2006324156615245,7.287950061511806,7.683916579661268,7.797774242169414,8.20277097677615,9.177982725975054,9.691647411998604,,6.558554762464511,,6.4963636965872285,6.553505396506025,6.858834551241829,7.483570671032292,8.995912622094407,6.565389880844862,#000000,1.7115158762319025,6.565389880844862,0.0552785518784865,49.35718020227034,3.5746901988000985,False,True,False,False,False,4.866265922850737,0.0,0.0,0.0,0.0,1,1.0533558381051356,0.8871553084990389,False,False,False,False,0.1565075956317346,0.1801308951035307,False,False,False,False,-18104799,-15710529.039379472,False,False,False,False,6818393.434820123,False,False,False,False
2024-05-28 00:00:00+00:00,6.31,6.715,6.14,6.67,1938399,,,,,,,,,,,,,7.25644592741123,7.49223750740179,7.10991397566845,6.390619012558374,6.322952956674037,6.291592308352826,6.2610889536425525,6.496041320085152,6.518931783310249,6.502649359273762,6.497184294278689,6.486901999042931,6.48535584033348,6.553075274752856,6.589591464323351,6.732152388203326,6.857688012175015,6.878157349813782,6.911681495588498,7.156671768521205,7.4811462621876395,7.63977613601017,7.751614568469226,8.990735949231262,9.40421716027768,,,,,,,,,,,,,6.557874408257085,6.282671066136331,6.240897377468698,6.530168374457582,6.511172663904955,6.498831798265987,6.4899505775113795,6.48569022154066,6.483924680628622,6.623095743978684,6.932073648390152,7.094730481784566,7.198772579645773,7.2859150229512935,7.681124743957195,7.794794103495109,8.19906495038861,9.172482470252369,9.68524163356523,,6.557874408257085,,6.496041320085152,6.553075274752856,6.857688012175015,7.4811462621876395,8.990735949231262,6.561190794262136,#000000,1.7102147907879564,6.561190794262136,-0.1468767523326142,47.28888044313061,1.5684097279151956,False,True,False,True,False,3.1422056855164726,0.0,0.0,0.0,0.0,1,1.0458608556226332,0.8945315839207449,False,False,False,False,0.11057593082218029,0.14535341296285548,False,False,False,False,-20043198,-15880437.626070473,False,False,False,False,6627021.1040428635,False,False,False,False
2024-05-29 00:00:00+00:00,6.17,6.32,6.06,6.28,1462229,,,,,,,,,,,,,7.205722581108009,7.477445289797577,7.106124028407552,6.390028202245483,6.322568171405818,6.291300355509003,6.260883406762471,6.495338972325655,6.518222866663588,6.5019838541765855,6.49653388572061,6.486279602600272,6.484739320106822,6.5523503824951925,6.588803421305542,6.731127079494573,6.856450666356104,6.876885555694639,6.910354018684781,7.1549797294601385,7.478982759984252,7.637396956358468,7.749096712960728,8.986537970666452,9.399473229602552,,,,,,,,,,,,,6.556748546504429,6.282404811326204,6.240747012929117,6.5294293676021855,6.510484343041081,6.498176637294886,6.489319349239343,6.485072069590853,6.483313199504777,6.62225355051699,6.930713792351334,7.0931272214543375,7.197021784211752,7.284036754549083,7.678693980511004,7.792227909972819,8.195963943369993,9.168043240723643,9.680126415005319,,6.556748546504429,,6.495338972325655,6.5523503824951925,6.856450666356104,7.478982759984252,8.986537970666452,6.557240667712536,#000000,1.7096457130480007,6.557240667712536,-0.22650345902494234,45.3553223543002,-0.2798253834686193,False,True,False,True,False,2.459711670114764,0.0,0.0,0.0,0.0,1,1.0379911673458317,0.9178221826334777,False,False,False,False,0.07393511161812746,0.10964426229049147,False,False,False,False,-21505427,-16101025.444655944,False,False,False,False,6424480.237217654,False,False,False,False
2024-05-30 00:00:00+00:00,6.15,6.67,6.13,6.32,2160920,,,,,,,,,,,,,7.147674106328508,7.458377305809957,7.1013806840977916,6.389720489833979,6.322544233132598,6.291401049142513,6.261100483338298,6.49474788093712,6.517595616132146,6.501414825588623,6.495984711584312,6.485767238688354,6.484233821209789,6.551669501610974,6.588025536698685,6.729985951315889,6.854990944929093,6.875374258556438,6.908759238416498,7.15283159355291,7.476126326044347,7.63421624641862,7.745706129993673,8.980651018837397,9.392777643968383,,,,,,,,,,,,,6.555686745103871,6.282539987622426,6.241038956140312,6.528761517617644,6.5098848265726055,6.49762131666032,6.488795667764749,6.4845647933485475,6.482813714442015,6.621391119508836,6.929070092091762,7.091113907450327,7.194784312973108,7.28160751209175,7.675435162364099,7.7887634995105985,8.191701068568824,9.161798911813275,9.672881513668216,,6.555686745103871,,6.49474788093712,6.551669501610974,6.854990944929093,7.476126326044347,8.980651018837397,6.552830121772233,#000000,1.7054357122588675,6.552830121772233,-0.2362036392674575,43.98298395600019,-1.5997960770788069,False,True,False,True,False,2.3612170839564293,0.0,0.0,0.0,0.0,0,1.0395722000042025,0.9060306165091951,False,False,False,False,0.09709119170429453,0.103367726997393,False,False,False,False,-23666347,-16397704.721336102,False,False,False,False,6257281.796542451,False,False,False,False
2024-05-31 00:00:00+00:00,6.19,6.27,6.02,6.25,1183721,,,,,,,,,,,,,7.113568612027288,7.446798161354446,7.09829248796993,6.389193878408304,6.32218386335308,6.291115940190395,6.260885429013596,6.494142345490772,6.516987049689442,6.500841526105926,6.4954237120770095,6.4852290685703355,6.483700514302621,6.55105065182906,6.5873563784591775,6.729127586959375,6.853962935933428,6.874318669749404,6.907659074671371,7.151439935321235,7.474356934621102,7.632273978094485,7.743652739374975,8.977248222697389,9.388936041692759,,,,,,,,,,,,,6.554730442813306,6.2822757220642345,6.240868609019161,6.528128532399629,6.509292981199109,6.4970564361218175,6.488250274661504,6.484030124903398,6.482284567371928,6.620678924934147,6.927944033069746,7.089793253088013,7.193345660648958,7.280066759947628,7.673451565106298,7.786671398757533,8.189179688803216,9.158202223707107,9.668741438083757,,6.554730442813306,,6.494142345490772,6.55105065182906,6.853962935933428,7.474356934621102,8.977248222697389,6.549964759871635,#000000,1.7001100918245227,6.549964759871635,-0.21173026476498824,43.3242558651618,-2.289964253393862,False,True,False,True,False,2.549228153590189,0.0,0.0,0.0,0.0,0,1.031764163375943,0.9177221560306266,False,False,False,False,0.05215248528289563,0.07776010614014431,False,False,False,False,-22482626,-16636329.085205274,False,False,False,False,6058318.628050591,False,False,False,False
2024-06-03 00:00:00+00:00,6.01,6.34,5.93,6.3,1707290,,,,,,,,,,,,,7.065166921629176,7.4296099818930905,7.093559930091975,6.388218884322459,6.321454405596467,6.290498917584802,6.260372954361913,6.49309934252569,6.5159497121759165,6.49985696445859,6.49445770577714,6.484297516596598,6.482776622608552,6.550009935922273,6.586244938167498,6.727749616874199,6.852343650562591,6.872660079936983,6.905937000482917,7.149305085894236,7.471684272293153,7.629355184579636,7.740576186067465,8.972238981421855,9.383297255267776,,,,,,,,,,,,,6.55312769468293,6.28168985196726,6.24042266527093,6.527054748753964,6.508280623418469,6.496084536207843,6.487307713630459,6.4831040411034575,6.481367181655728,6.619507493454849,6.926185214884732,7.087758945578031,7.191144298352991,7.277720136664747,7.670474114638938,7.783540115529536,8.185434970290393,9.15291483603894,9.662674204189837,,6.55312769468293,,6.49309934252569,6.550009935922273,6.852343650562591,7.471684272293153,8.972238981421855,6.545680755602456,#000000,1.6939902304618417,6.545680755602456,-0.316224229614601,42.033756696639244,-3.6165824361606838,False,True,False,True,False,1.6383766150843648,0.0,0.0,0.0,0.0,0,1.0269412261406867,0.9166104905169216,False,False,False,False,0.012613585027683595,0.04518684558391395,False,False,False,False,-24189916,-16932548.179903105,False,False,False,False,5887690.054401549,False,False,False,False
2024-06-04 00:00:00+00:00,5.89,6.0301,5.82,6.0,1047897,,,,,,,,,,,,,7.032577008164724,7.417882869840349,7.090158524053278,6.387260351144723,6.320657578225383,6.289778163423133,6.259722739888506,6.492174869927325,6.515045469343156,6.498988533784012,6.49360210370646,6.483465756271073,6.481950672710635,6.549122705056921,6.585317067499042,6.726667720098973,6.851118331153047,6.871411279197577,6.904650343003103,7.14777643443528,7.469835451965935,7.627359913491169,7.738487854538897,8.968981369072713,9.379657040258923,,,,,,,,,,,,,6.5517665805929814,6.280990192802705,6.239817027905907,6.526125925184162,6.5073932630795825,6.49522479775902,6.486468163643769,6.482276356124907,6.480546095760703,6.618546030698401,6.924876881051304,7.086289216104144,7.189576726575645,7.27606626567769,7.668444270994859,7.7814199038139,8.182946018938141,9.149488220504809,9.658773209290601,,6.5517665805929814,,6.492174869927325,6.549122705056921,6.851118331153047,7.469835451965935,8.968981369072713,6.542568813743257,#000000,1.6858395080333446,6.542568813743257,-0.38708833826330635,40.61209012565264,-5.065683354656919,False,True,False,True,False,1.0308814757729934,0.0,0.0,0.0,0.0,0,1.0211102162963248,0.9462690194471317,False,False,False,False,-0.025910461254093867,0.00963819216491004,False,False,False,False,-25237813,-17258244.839514747,False,False,False,False,5697894.248346586,False,False,False,False
2024-06-05 00:00:00+00:00,6.09,6.14,5.8727,5.95,1063255,,,,,,,,,,,,,7.004715012845859,7.407108987807551,7.087079669494513,6.386538767206809,6.3200912349668315,6.28928358168908,6.259294842779633,6.491435106245635,6.514314495782024,6.4982913208870166,6.492916837040522,6.482802680559476,6.481292692736967,6.548395662921199,6.584547086257546,6.72573560487494,6.850038142865457,6.870306933530046,6.903506998737674,7.146380732021315,7.468109339201121,7.625482566391286,7.736513791367385,8.96581356236098,9.376099791990255,,,,,,,,,,,,,6.550651779637562,6.280515503682205,6.239431476044257,6.525371687503401,6.50667824689808,6.49453571707874,6.4857979426806125,6.481616894963989,6.479892421376977,6.617739899501739,6.9237110360135175,7.084954986001238,7.188140371499626,7.274540728139636,7.666530973706638,7.7794124009436425,8.18056035231579,9.146148366332271,9.654950794696136,,6.550651779637562,,6.491435106245635,6.548395662921199,6.850038142865457,7.468109339201121,8.96581356236098,6.53992358928969,#000000,1.6784671041813963,6.53992358928969,-0.2680562449921363,41.16978430009538,-5.065683354656919,False,True,False,True,False,2.0147884874454682,0.0,0.0,0.0,0.0,0,1.0187725544626152,0.9414640033793975,False,False,False,False,-0.01098974939738995,-0.000675778616239955,False,False,False,False,-24174558,-17529472.806592602,False,False,False,False,5516143.689587897,False,False,False,False
2024-06-06 00:00:00+00:00,6.01,6.05,5.85,6.05,923528,,,,,,,,,,,,,6.980226438205659,7.397454681434741,7.084257687129407,6.385800562823255,6.319491003730013,6.288747747116771,6.25881879417946,6.490704494031382,6.51359667558518,6.4976038382506,6.4922401606260385,6.482146084130475,6.480640858816657,6.547687144753831,6.583802176591185,6.724853000667533,6.849028531690699,6.869276563634318,6.902443138347848,7.145101427939728,7.466546415064869,7.623789838130349,7.734738296033677,8.963007429159212,9.372956880678105,,,,,,,,,,,,,6.549567414190744,6.279997526169942,6.238993300398989,6.524633007591162,6.5059747456502635,6.493855572264823,6.485134829671849,6.480963655899554,6.47924459113375,6.6169646284372154,6.922627925318393,7.083728157775922,7.186826381745662,7.273150241411279,7.664807489329446,7.7776084119680755,8.178430606383664,9.143193464187501,9.651578452772712,,6.549567414190744,,6.490704494031382,6.547687144753831,6.849028531690699,7.466546415064869,8.963007429159212,6.537510410954015,#000000,1.6635501709207432,6.537510410954015,-0.31709918953754684,41.10541270916538,-5.065683354656919,False,True,False,True,False,1.5989160366744848,0.0,0.0,0.0,0.0,0,1.0207782627405175,0.9450421097928321,False,False,False,False,-0.021330553704720714,-0.011003166160480336,False,False,False,False,-25098086,-17826281.167118385,False,False,False,False,5336041.113525626,False,False,False,False
2024-06-07 00:00:00+00:00,5.68,6.04,5.68,5.95,1265014,,,,,,,,,,,,,6.943167093417537,7.382889123301566,7.079829077648429,6.38438195205549,6.318273859835592,6.287626795232427,6.257786937779384,6.489381397636426,6.512309967411963,6.496362560599131,6.491015315012066,6.480951793946355,6.479454344684002,6.546434687130005,6.582502965549303,6.723375866668817,6.847382632294528,6.867602940799055,6.900724869546291,7.143100738243379,7.464168277950874,7.621239047276234,7.732078351980892,8.958954377694853,9.368446645056105,,,,,,,,,,,,,6.54765489257063,6.278903265777266,6.238017554610258,6.5233152199768325,6.5047094086306965,6.492625388484639,6.4839304452101025,6.4797747771033265,6.478064545063823,6.615627447973904,6.92088426424115,7.081796230918176,7.1847803103374455,7.271002569675123,7.66221617010965,7.774911360777031,8.175295961007604,9.138938499046407,9.646756312402582,,6.54765489257063,,6.489381397636426,6.546434687130005,6.847382632294528,7.464168277950874,8.958954377694853,6.533645341312007,"rgba(239, 83, 80, 0.5)",1.6457050516773593,6.533645341312007,-0.5187110171667412,39.38076537142112,-6.657509766569177,False,True,False,True,False,0.0,0.0,0.0,0.0,0.0,0,1.014520632950667,0.9405522804840212,False,False,False,False,-0.03785685943776552,-0.02443001279912293,False,False,False,False,-26363100,-18161058.376250997,False,False,False,False,5176392.991426582,False,False,False,False
2024-06-10 00:00:00+00:00,5.89,5.915,5.54,5.61,1166041,,,,,,,,,,,,,6.910494866463885,7.369543651628497,7.075715833596467,6.383039571004072,6.317117476132423,6.2865594133575415,6.256801988493513,6.488133986059693,6.511097612113807,6.495192285040795,6.48986028024939,6.479825102617882,6.47833490834233,6.5452556668377735,6.581281243450119,6.721991524046844,6.845843597937222,6.8660384815508975,6.899119472034772,7.141236743048544,7.461958123696565,7.618870533583689,7.7296097843267155,8.95520599192956,9.364278050600728,,,,,,,,,,,,,6.545857611370336,6.2778605844245625,6.237084499459275,6.522074092004977,6.503516842134053,6.491465397473183,6.482794376186042,6.4786531293771805,6.476951138458358,6.614371139884656,6.91925560554685,7.079995201923868,7.182874762661196,7.269003864258709,7.659810510083245,7.772408812932298,8.172391630499112,9.135004535782144,9.642300999015784,,6.545857611370336,,6.488133986059693,6.5452556668377735,6.845843597937222,7.461958123696565,8.95520599192956,6.530134429959378,#000000,1.6245443380546956,6.530134429959378,-0.39403937151134,39.92556744160059,-6.657509766569177,False,True,False,True,False,0.9649919337627395,0.0,0.0,0.0,0.0,0,1.0038776658953033,0.9492150853711928,False,False,False,False,-0.06222752826113501,-0.04332877053012897,False,False,False,False,-25197059,-18436979.969339192,False,False,False,False,5019124.285880442,False,False,False,False
2024-06-11 00:00:00+00:00,5.9,5.9,5.73,5.85,787169,,,,,,,,,,,,,6.890607651035561,7.3610045122248025,7.073085401038247,6.382229314150236,6.316429222031534,6.285929087774011,6.256225370930156,6.487367658030865,6.510350448614842,6.494472513224511,6.489150377311539,6.479133549580975,6.477647942756647,6.544525901844309,6.580522034164472,6.721120419810277,6.844867200470366,6.865044811162138,6.898097969068655,7.140038228018261,7.460524013617679,7.6173286001072595,7.727999482315624,8.952729608027692,9.36151774179664,,,,,,,,,,,,,6.544746590878789,6.277246334172749,6.236541767494116,6.521308167182932,6.502782574867705,6.490752298491678,6.4820967887139815,6.477964779014791,6.476267998957694,6.613587820404766,6.9182182216179715,7.078839799552809,7.181647777535223,7.267713429097892,7.658243186381316,7.770775169710164,8.1704854322079,9.13240275324399,9.63934706613766,,6.544746590878789,,6.487367658030865,6.544525901844309,6.844867200470366,7.460524013617679,8.952729608027692,6.527971220338202,#000000,1.6027347180915,6.527971220338202,-0.3918123275484887,40.37015044840416,-6.657509766569177,False,True,False,True,False,1.0161332130238705,0.0,0.0,0.0,0.0,0,1.0125305431990477,0.9344652590689808,False,False,False,False,-0.12228341025065317,-0.08280609039039108,False,False,False,False,-24409890,-18671211.73524746,False,False,False,False,4853165.255061601,False,False,False,False
2024-06-12 00:00:00+00:00,6.05,6.17,5.93,5.95,1346367,,,,,,,,,,,,,6.864641601785562,7.348577603672413,7.069364000495782,6.38137840155831,6.315768881596817,6.2853566062217725,6.255734634656775,6.486480400967551,6.50947113019972,6.4936346711628925,6.488327175692936,6.478337547281745,6.476858102647322,6.543648078971275,6.579590130193036,6.719984336213858,6.8435452809820685,6.863692589954928,6.896696811180543,7.138319318859205,7.458389717757579,7.615004007826058,7.725552923739481,8.948784058535674,9.357083298823067,,,,,,,,,,,,,6.543411945560957,6.276698218893157,6.236103022221952,6.520400252088568,6.501922870185582,6.489924432833214,6.481292056260687,6.477173159320679,6.475483377647715,6.612610208823921,6.9167887768705,7.077198332892419,7.179877627682467,7.265831142481481,7.655873256497769,7.7682863181092685,8.167521208603224,9.128241226664796,9.634579807049883,,6.543411945560957,,6.486480400967551,6.543648078971275,6.8435452809820685,7.458389717757579,8.948784058535674,6.525199930632853,#000000,1.5796748154356914,6.525199930632853,-0.30082136271938226,41.91828923774376,-6.657509766569177,False,True,False,True,True,1.7901831208353514,0.0,0.0,0.0,0.0,0,1.0143761151116073,0.9547922523008201,False,False,False,False,-0.2346340875771066,-0.15872008898374884,False,False,False,False,-23063523,-18843459.23582599,False,False,False,False,4715643.754863107,False,False,False,False
2024-06-13 00:00:00+00:00,5.9,6.08,5.855,6.07,634063,,,,,,,,,,,,,6.85145515417997,7.34233982579299,7.067441231575718,6.380852680135604,6.315336615036605,6.284968109694324,6.255386795669955,6.485963580409252,6.508963815098233,6.493148057741865,6.487847949981974,6.477872053643015,6.47639589200318,6.54314804962546,6.579065599530454,6.719366994500483,6.84284208021213,6.86297534710625,6.89595691489603,7.137433766152343,7.457312050958073,7.613838353022306,7.724331153530771,8.946862468860733,9.354932861598549,,,,,,,,,,,,,6.542652667463936,6.276321867025505,6.23578093666819,6.5198787146946655,6.5014253216807525,6.489442832787384,6.4808220971753405,6.476709976627525,6.475023923903848,6.612065277182129,6.916035867501201,7.076348272891548,7.178968611062308,7.264870325044175,7.654686752307112,7.767045228962323,8.166059015539975,9.126218553333784,9.63227344438044,,6.542652667463936,,6.485963580409252,6.54314804962546,6.84284208021213,7.457312050958073,8.946862468860733,6.52373051415414,#000000,1.5565979536118029,6.52373051415414,-0.4007011012104227,41.964533983111025,-6.657509766569177,False,True,False,True,True,0.9790359824022339,0.0,0.0,0.0,0.0,0,0.9944200225921037,1.0065326564775372,False,False,False,False,-0.26171051756226404,-0.21021530327300644,False,False,False,False,-23697586,-19033817.14814654,False,False,False,False,4555581.764476319,False,False,False,False
2024-06-14 00:00:00+00:00,5.74,5.8824,5.705,5.82,794539,,,,,,,,,,,,,6.832469258712628,7.333664099270958,7.064679285382993,6.37994064139139,6.314549536479106,6.284240872269883,6.25471501136515,6.485115222471834,6.508139048517483,6.492351657933725,6.487061826097796,6.477105043051208,6.475633774617608,6.54234573486967,6.578234467631395,6.718426069618891,6.841796690950364,6.861912786408416,6.8948667027547135,7.136168746718394,7.45581295593044,7.612232114152129,7.722657168603393,8.94432248153477,9.352108469917404,,,,,,,,,,,,,6.541435345661713,6.27561124319775,6.235144074489032,6.519034555983396,6.500613894239164,6.4886533671121525,6.480048762317243,6.4759463676858955,6.4742658736201255,6.6112107970892415,6.914929939390552,7.075125831768906,7.177675487124382,7.263514211991388,7.653055363040074,7.76534821513326,8.164090092728578,9.123552969108136,9.629254995739155,,6.541435345661713,,6.485115222471834,6.54234573486967,6.841796690950364,7.45581295593044,8.94432248153477,6.5215259556815255,"rgba(239, 83, 80, 0.5)",1.5304935022271815,6.5215259556815255,-0.5106365721541745,40.991985673121356,-6.657509766569177,False,True,False,True,True,0.11541014264220806,0.0,0.0,0.0,0.0,0,0.9454532284468398,1.0553406637982239,False,False,False,False,-0.3200579281262979,-0.2651366156996522,False,False,False,False,-24492125,-19247868.43645452,False,False,False,False,4408089.8913596,False,False,False,False
2024-06-17 00:00:00+00:00,5.76,5.82,5.62,5.62,594715,,,,,,,,,,,,,6.818137384289531,7.327057601812119,7.062551815807919,6.379211914737299,6.31391558708944,6.283652539054814,6.254168930488986,6.484443610995348,6.507487193534975,6.491721446308374,6.486439480507807,6.476497330773781,6.475029861863185,6.541713087819627,6.577580623649069,6.717691337607196,6.84098443454538,6.861087770410778,6.894021148948958,7.135193902145939,7.454664307202045,7.611003915440904,7.721378776233596,8.942398508581029,9.349972250158627,,,,,,,,,,,,,6.540476303700292,6.275035576618548,6.23462456987306,6.518367921629747,6.499972209408344,6.488028456987972,6.479436190188129,6.475341290192686,6.47366511252462,6.610539903821872,6.9140727437941045,7.074182476962856,7.17667986491392,7.262471843713392,7.651808534142946,7.764052814093615,8.162592301739512,9.121535270454636,9.626973902816873,,6.540476303700292,,6.484443610995348,6.541713087819627,6.84098443454538,7.454664307202045,8.942398508581029,6.519828367699958,"rgba(239, 83, 80, 0.5)",1.5011301508293655,6.519828367699958,-0.5061708788409569,40.54162304263188,-6.657509766569177,False,True,False,True,True,0.22382256454995186,0.0,0.0,0.0,0.0,0,0.9526740833547181,1.0224130904040938,False,False,False,False,-0.34282825441539394,-0.3039824350575231,False,False,False,False,-23897410,-19430203.399730813,False,False,False,False,4258545.77797295,False,False,False,False
2024-06-18 00:00:00+00:00,5.72,5.7845,5.655,5.71,686844,,,,,,,,,,,,,6.801843222009784,7.319431167368424,7.060078350330038,6.378354791649713,6.313168164988517,6.2829579972079745,6.25352336618172,6.483655535644577,6.506722616901918,6.4909819747694595,6.485709141912949,6.475783983483091,6.4743209441756004,6.54097148434667,6.576814694089948,6.716832530025014,6.840036413928167,6.860125060549342,6.893034798218803,7.134058900325903,7.453329233693118,7.609577265480988,7.719894375533369,8.940170018935188,9.34749904122872,,,,,,,,,,,,,6.539353044353319,6.2743557198848965,6.234009802413631,6.517586207692009,6.4992194270265715,6.4872951386523665,6.478717193911687,6.4746310124534725,6.472959867067997,6.609754450714608,6.913073002580837,7.073083680961151,7.175520975751937,7.261259152415867,7.65036045054936,7.762548860404379,8.160855178646711,9.119198718010443,9.62433363830288,,6.539353044353319,,6.483655535644577,6.54097148434667,6.840036413928167,7.453329233693118,8.940170018935188,6.517868892941808,"rgba(239, 83, 80, 0.5)",1.4710647366648155,6.517868892941808,-0.5423751063129478,39.964030691727075,-6.993917322037412,False,True,False,True,False,0.0022251651897065017,0.0,0.0,0.0,0.0,1,0.9409735364378122,1.0179288307014551,False,False,False,False,-0.34282825441539394,-0.32340534473645854,False,False,False,False,-24584254,-19632323.03111392,False,False,False,False,4118479.0415818538,False,False,False,False
2024-06-20 00:00:00+00:00,5.52,5.82,5.2115,5.77,2063979,,,,,,,,,,,,,6.747014515162214,7.29409377951638,7.05158436219361,6.375003899768261,6.310170096241751,6.280133692911602,6.25085965620194,6.48067133101711,6.503844501835338,6.488186584723215,6.482944262174562,6.47307590174518,6.471628531826322,6.538202937936628,6.573978901433477,6.713737870767041,6.8366835513637865,6.856729408619273,6.889570439382309,7.13017191936989,7.448862049927005,7.604844691516849,7.714996284157262,8.933071596330306,9.339673165287211,,,,,,,,,,,,,6.5351658762809075,6.271579700212256,6.23144652685282,6.514651885774237,6.496380056728889,6.484520200003201,6.475989938678867,6.471933684615327,6.470280342634027,6.60686683239411,6.909570257781267,7.069299581810134,7.171566256335498,7.257148809563313,7.645566511922046,7.757595666933876,8.155217759252361,9.111779151713346,9.61601031201904,,6.5351658762809075,,6.48067133101711,6.538202937936628,6.8366835513637865,7.448862049927005,8.933071596330306,6.510962522631883,"rgba(239, 83, 80, 0.5)",1.4363398114837997,6.510962522631883,-0.6899220607191672,38.24012056274713,-8.753472384862398,False,True,False,True,False,0.0,0.0,0.0,0.0,0.0,1,0.9435570290526846,1.003217950128058,False,False,False,False,-0.34282825441539394,-0.3331167995759262,False,False,False,False,-26648233,-19907456.75538396,False,False,False,False,4037910.4125002124,False,False,False,False
2024-06-21 00:00:00+00:00,5.09,5.5,5.08,5.45,1930429,,,,,,,,,,,,,6.688527696026728,7.267218782681312,7.042219000771457,6.370827889331709,6.306354930776652,6.276500846358634,6.247394894905778,6.477050735944527,6.500370580963694,6.484799780601405,6.479590096221911,6.469782538438789,6.4683529806191125,6.534885759349385,6.570606672005073,6.710150645050855,6.8328680853958295,6.852875735857564,6.885655636953796,7.1258941394009705,7.444069820671343,7.5998174012080675,7.709824961591285,8.925890267202673,9.33182212576986,,,,,,,,,,,,,6.530159118760459,6.267997552488961,6.228086219616065,6.5111190962020284,6.492946792009266,6.481155147719173,6.472675700620181,6.468652426991426,6.467019325454166,6.6034553001889105,6.905622038124277,7.065110087321054,7.1672305465099075,7.2526756703689435,7.640485914481373,7.752377715564287,8.149381962474278,9.104302284391702,9.607700140243415,,6.530159118760459,,6.477050735944527,6.534885759349385,6.8328680853958295,7.444069820671343,8.925890267202673,6.503171491371509,"rgba(239, 83, 80, 1.0)",1.3985194874423525,6.503171491371509,-1.0104767963984203,34.810363834240896,-12.005680785951903,False,True,False,True,False,0.0,0.0,0.0,0.0,0.0,0,0.9383125010158803,1.0306356972189263,False,False,False,False,-0.34282825441539394,-0.33797252699566005,False,False,False,False,-28578662,-20247504.019878708,False,False,False,False,3955264.082598244,False,False,False,False
2024-06-24 00:00:00+00:00,5.09,5.26,4.99,5.07,1416028,,,,,,,,,,,,,6.645390020324591,7.246907177441072,7.034998216383051,6.367492060023452,6.303290861876693,6.273575207974231,6.244596801978096,6.474176291404444,6.497615849352201,6.482111336794507,6.476926606751845,6.467165549230407,6.465749852353963,6.532259944446737,6.567942636033284,6.707336401360593,6.829890287918574,6.8498704526515235,6.88260643681683,7.122587723774565,7.44039420465562,7.595973138753595,7.705878057270838,8.920484222167586,9.325928484836174,,,,,,,,,,,,,6.526203645381927,6.265110420966665,6.225367241410208,6.508319648656844,6.490222961477687,6.478483305861376,6.47004266649454,6.466044832428847,6.464427482339688,6.600764912902959,6.9025490320462195,7.0618662160283385,7.163883146121993,7.249229798934611,7.636603690124365,7.7483979477508305,8.144955605759758,9.098681099704567,9.601471905137247,,6.526203645381927,,6.474176291404444,6.532259944446737,6.829890287918574,7.44039420465562,8.920484222167586,6.497202035110634,"rgba(239, 83, 80, 1.0)",1.36132446768049,6.497202035110634,-1.0337006852659552,32.52385934857007,-14.066788986549852,False,True,False,True,False,0.0,0.0,0.0,0.0,0.0,0,0.9227232389531671,1.039261256132478,False,False,False,False,-0.34282825441539394,-0.34040039070552697,False,False,False,False,-28578662,-20574216.09753052,False,False,False,False,3855686.1970061557,False,False,False,False
2024-06-25 00:00:00+00:00,4.71,5.09,4.69,5.09,1364826,,,,,,,,,,,,,6.598704383138836,7.225137224429265,7.027070877850191,6.363570968034148,6.299652797223543,6.270084032623333,6.241240723947644,6.470842779827799,6.494429729712879,6.478995743523918,6.473837854444088,6.464126836782496,6.462726638284068,6.5292347029901405,6.564885777095814,6.704152812957368,6.826557777398928,6.846512637539524,6.87920834749668,7.11896318551767,7.436432438128205,7.591857530142221,7.701670696487654,8.91490144426921,9.319882498027317,,,,,,,,,,,,,6.521651685709351,6.261660125910056,6.222094578238447,6.5050861378816816,6.4870696355141035,6.475385499014222,6.466986491790307,6.463016562765686,6.46141682618015,6.597688786070213,6.899129642338918,7.058296678663749,7.160222718408465,7.24547983021014,7.632454215258279,7.744162198839198,8.140303913233721,9.092894019686613,9.59510725390647,,6.521651685709351,,6.470842779827799,6.5292347029901405,6.826557777398928,7.436432438128205,8.91490144426921,6.490532233418099,"rgba(239, 83, 80, 1.0)",1.3285797063162224,6.490532233418099,-1.3401772019798601,29.38085021204852,-16.886059709974,False,True,False,True,False,0.0,0.0,0.0,0.0,0.0,0,0.9043456041428888,1.043691123111255,False,False,False,False,-0.34282825441539394,-0.3416143225604604,False,False,False,False,-29943488,-20941638.525078345,False,False,False,False,3758005.4049666985,False,False,False,False
2024-06-26 00:00:00+00:00,4.74,4.89,4.7,4.75,1256288,,,,,,,,,,,,,6.556571417098195,7.205003764297654,7.019648265203393,6.359854430713432,6.296198944842533,6.266766924241169,6.238049367864907,6.4676869445558225,6.4914140990473905,6.476045868147787,6.470913046674918,6.4612487683636655,6.459863128021192,6.526372429622588,6.561995296527351,6.70114880815629,6.823418407785147,6.843350220286165,6.876009273041805,7.115559503552089,7.432721943432263,7.588007080313119,7.697737068947757,8.909709172395061,9.314265738309553,,,,,,,,,,,,,6.517351843004431,6.258381081127889,6.218980822245616,6.5020263508227645,6.4840845676763035,6.47245222497508,6.4640920851810355,6.460148295272094,6.458565104130531,6.5947815748761265,6.8959112662304545,7.054942686548863,7.156786636567211,7.241962351624749,7.628573075874598,7.7402029948696125,8.135964872113243,9.087514538445152,9.589198338614871,,6.517351843004431,,6.4676869445558225,6.526372429622588,6.823418407785147,7.432721943432263,8.909709172395061,6.484345955567804,"rgba(239, 83, 80, 1.0)",1.2977318814128362,6.484345955567804,-1.344149728115441,27.666529636311477,-18.336398841914693,False,True,False,True,False,0.0,0.0,0.0,0.0,0.0,0,0.9128903344117087,1.0322613013165407,False,False,False,False,-0.34282825441539394,-0.3422212884879272,False,False,False,False,-28687200,-21245386.033898804,False,False,False,False,3659898.8400660437,False,False,False,False
2024-06-27 00:00:00+00:00,4.73,4.89,4.6202,4.64,1099801,,,,,,,,,,,,,6.520660592572652,7.187434119851523,7.013104132009639,6.356553851818794,6.2931288393326,6.263816986215565,6.235209940002465,6.464885111875804,6.488736849725912,6.473426477847616,6.468315733070876,6.458692620842111,6.457319839292904,6.523831617403826,6.559430225405851,6.698485882688104,6.820637892266428,6.840549661949889,6.873176847620727,7.1125498738574215,7.42944561509085,7.584609091837325,7.694266901546679,8.905141506675157,9.309327645706606,,,,,,,,,,,,,6.513540527306963,6.255464597144244,6.216209572880582,6.499310261537577,6.481434205292025,6.4698474508057915,6.461521535264668,6.457600800931723,6.456032224233573,6.592202327408041,6.8930620998077154,7.051976090721914,7.153748957152064,7.238853949519185,7.62514846152971,7.736710702440351,8.132141728795608,9.082783513008126,9.584005238986238,,6.513540527306963,,6.464885111875804,6.523831617403826,6.820637892266428,7.42944561509085,8.905141506675157,6.4789447103164575,"rgba(239, 83, 80, 1.0)",1.2610971985312662,6.4789447103164575,-1.3868437043182407,26.479857054899412,-19.351891358955335,False,True,False,True,False,0.0,0.0,0.0,0.0,0.0,0,0.9310441515107969,1.0137533165330705,False,False,False,False,-0.34282825441539394,-0.3425247714516606,False,False,False,False,-29787001,-21580351.326687086,False,False,False,False,3559502.846337964,False,False,False,False
2024-06-28 00:00:00+00:00,4.62,4.76,4.57,4.74,774151,,,,,,,,,,,,,6.494893318255,7.174732466695591,7.008324614016004,6.3540995403587095,6.2908403480909465,6.261615415253693,6.233088269921926,6.462807634404245,6.486752879536706,6.471484412882832,6.466389705675513,6.456796502997719,6.45543315870292,6.521950367330625,6.557532891761722,6.696523108489541,6.818594063463492,6.838491961896584,6.871097123851272,7.110349541672365,7.427061208723624,7.582140750560507,7.691749134016905,8.901857676340638,9.305784556907462,,,,,,,,,,,,,6.51072121749774,6.253287228840811,6.2141371366280795,6.497298191976101,6.479469694492653,6.467915992212688,6.4596149213794245,6.455711024226356,6.454153173568639,6.590296167618837,6.890970911062107,7.049805036279042,7.151529572897797,7.236585833606017,7.622661901597574,7.734177984986772,8.129379035645998,9.079385363971834,9.580283519580737,,6.51072121749774,,6.462807634404245,6.521950367330625,6.818594063463492,7.427061208723624,8.901857676340638,6.474999025767137,"rgba(255, 0, 0, 1.0)",1.2211894290489438,6.474999025767137,-1.5190100582608228,25.19416564158636,-20.527351542738405,False,True,False,True,False,0.0,0.0,0.0,0.0,0.0,0,0.9350887280233416,1.0182991503965888,False,False,False,False,-0.34282825441539394,-0.3426765129335273,False,False,False,False,-30561152,-21932539.588385634,False,False,False,False,3450273.3621678473,False,False,False,False
2024-07-01 00:00:00+00:00,4.64,4.74,4.615,4.65,477791,,,,,,,,,,,,,6.479467966562577,7.16700271512339,7.005403125412649,6.352601609063126,6.289443996881026,6.260272262194081,6.231794028609221,6.461538417115567,6.485540529025706,6.470297724701206,6.465212833479186,6.455637937407131,6.454280358495888,6.520800468762875,6.556372968178948,6.695322463340848,6.8173432833714935,6.837232608610118,6.8698241546735135,7.109001767847099,7.425599577556683,7.580627192014116,7.690204946668035,8.899840629146508,9.303607555536646,,,,,,,,,,,,,6.508999439987025,6.251958889224084,6.212873043910524,6.496068630861813,6.4782692621586975,6.466735797103941,6.4584499351452616,6.454556333637852,6.45300503576044,6.589130669219929,6.889690840565145,7.0484754240583545,7.1501699761939825,7.235196085026885,7.621137051543014,7.73262450629838,8.12768348296363,9.077297784578453,9.577996326935722,,6.508999439987025,,6.461538417115567,6.520800468762875,6.8173432833714935,7.425599577556683,8.899840629146508,6.472606223880203,"rgba(255, 0, 0, 1.0)",1.1809127634817989,6.472606223880203,-1.551855717501904,24.650676013398595,-21.067847648505676,False,True,False,True,False,0.0,0.0,0.0,0.0,0.0,0,0.9261749667297051,1.0384276513936659,False,False,False,False,-0.33993781230414266,-0.341307162618835,False,False,False,False,-30083361,-22252179.64374306,False,False,False,False,3333705.426396559,False,False,False,False
2024-07-02 00:00:00+00:00,4.52,4.65,4.46,4.64,870879,,,,,,,,,,,,,6.450169656363148,7.152356148287513,6.999820915434931,6.349681775925825,6.286714836513274,6.257643601884953,6.229257716484986,6.459073234155452,6.483187497909976,6.467993227162731,6.462926967412491,6.45338682425979,6.452040322224546,6.518571015088919,6.554126639889481,6.6930067476277495,6.8149385339852095,6.834812553153483,6.867379835429531,7.106426867772597,7.422822169128567,7.577757482219657,7.687281341155344,8.89606356996198,9.29954080119318,,,,,,,,,,,,4.543333333333333,6.5056628509668775,6.249358218930832,6.210393566195296,6.493683092958363,6.475938751936863,6.464443607874358,6.456186588743758,6.452312652196598,6.450773944301052,6.586875819203628,6.887234019862366,7.0459322082385105,7.147574497148362,7.232547094577701,7.618247493235471,7.729684848593803,8.124488791553357,9.073393004902066,9.573729782833256,,6.5056628509668775,,6.459073234155452,6.518571015088919,6.8149385339852095,7.422822169128567,8.89606356996198,6.3725606206367384,"rgba(255, 0, 0, 1.0)",1.1378703911370096,6.3725606206367384,-1.628094583589243,23.704802412030688,-22.051749513025797,False,True,False,True,False,0.0,0.0,0.0,0.0,0.0,0,0.896813353566009,1.0461349748147926,True,False,False,False,-0.34282825441539394,-0.34206770851711443,False,False,False,False,-30954240,-22593436.91261588,False,False,False,False,3237123.9979104195,False,False,False,False
2024-07-03 00:00:00+00:00,4.9,4.9987,4.5,4.5,1130076,,,,,,,,,,,,,6.418382312080232,7.135435189861463,6.993366563326181,6.346442407633324,6.2837047330107305,6.2547526028801155,6.226476350998593,6.45631037159095,6.480544821339553,6.465408075386106,6.460363717067275,6.450864415441651,6.449530570972194,6.516059816341794,6.551589697851314,6.6903665249096065,6.812176767574329,6.832030127594391,6.86456452672674,7.103426560417673,7.4195460976507475,7.574355508606038,7.683804213726642,8.89146005575505,9.294557758175587,,,,,,,,,,,,4.688045803328911,6.501913200625602,6.246500385778604,6.207679934644564,6.491001776220189,6.473322819980327,6.461872968329096,6.45364992439489,6.449798771299796,6.4482744498179185,6.584323212721091,6.884401318910733,7.042976855160422,7.14454484791569,7.229444237975721,7.614817782324503,7.726184442489783,8.120647760669431,9.06862210777824,9.568485626745648,,6.501913200625602,,6.45631037159095,6.516059816341794,6.812176767574329,7.4195460976507475,8.89146005575505,6.374801918695919,"rgba(239, 83, 80, 1.0)",1.0972543538835382,6.374801918695919,-1.3440839067770545,28.432288594800937,-26.060834588324852,False,True,False,True,True,0.0,0.0,0.0,0.0,0.0,0,0.9031469052945563,1.0284750186428038,False,False,False,False,-0.2999287779784367,-0.3209982432477756,False,False,False,False,-29824164,-22876994.837611336,False,False,False,False,3154494.6646590303,False,False,False,False
2024-07-05 00:00:00+00:00,4.82,4.9,4.79,4.9,481042,,,,,,,,,,,,,6.405521460914709,7.12841926441252,6.990676869249246,6.345100576052614,6.282459047351891,6.253556746550523,6.225326379587238,6.455163360894365,6.479447194760211,6.464334530803032,6.459299328377947,6.449817100235996,6.448488521063443,6.515016149574855,6.550534837217063,6.689266896236047,6.8110250842147115,6.830869610969367,6.8633899415228035,7.102172307953659,7.418173758531025,7.572929237828303,7.682345642717626,8.88952134404611,9.292457441629665,,,,,,,,,,,,4.716850381796057,6.500356751131727,6.245318405349881,6.206558332794737,6.489887965989914,6.47223639327825,6.460805493754877,6.452596658524181,6.448755006207364,6.447236669238652,6.58326139082383,6.883219263911396,7.041741966750483,7.14327794724785,7.228145967858075,7.613379586777893,7.724715809705011,8.119033666741371,9.066612120574453,9.566274168202279,,6.500356751131727,,6.455163360894365,6.515016149574855,6.8110250842147115,7.418173758531025,8.88952134404611,6.3741866120904955,"rgba(239, 83, 80, 1.0)",1.0728185576587133,6.3741866120904955,-1.448694749914007,31.010005580567707,-23.746503865856173,False,True,False,True,True,0.0,0.0,0.0,0.0,0.0,0,0.9096744899716607,1.0682960434639655,False,False,False,False,-0.27921158578564087,-0.30010491451670823,False,False,False,False,-30305206,-23168297.23613638,False,False,False,False,3049653.3836920094,False,False,False,False
2024-07-08 00:00:00+00:00,4.95,5.02,4.76,4.83,1044673,,,,,,,,,,,,,6.379571929286968,7.113812242225459,6.985056814646838,6.3423360044107016,6.279898020567204,6.251100707757588,6.222967080924423,6.452790608932926,6.477174716270182,6.462112814482303,6.457096857741594,6.4476505154772275,6.446332894629654,6.512852930386145,6.548346302039788,6.686977684378099,6.80862133271958,6.8284464826483715,6.860935917402514,7.099541252819779,7.4152830022669916,7.569919810806399,7.679264718790835,8.885393512155568,9.287977975617817,,,,,,,,,,,,4.774065315741669,6.497135179546162,6.242891601933749,6.204258927101911,6.487581341754501,6.4699875381119165,6.4585965497696955,6.45041760280601,6.446595821203494,6.4450899394518295,6.5810565151747165,6.8807487196925585,7.039153958930503,7.140618738665039,7.225417684639564,7.6103437494199415,7.721612388876899,8.115612009632162,9.062329186828924,9.561553037397225,,6.497135179546162,,6.452790608932926,6.512852930386145,6.80862133271958,7.4152830022669916,8.885393512155568,6.37282511847445,"rgba(239, 83, 80, 1.0)",1.0438304891548984,6.37282511847445,-1.363080627800393,34.327141826842436,-20.75657750499402,False,True,False,True,True,0.0,0.0,0.0,0.0,0.0,0,0.8727668364370299,1.0619845787540012,False,False,False,False,-0.2695460879807067,-0.2848255012487074,False,False,False,False,-29260533,-23407208.442562405,False,False,False,False,2971026.7019785973,False,False,False,False
2024-07-09 00:00:00+00:00,5.35,5.38,4.9,4.93,1783753,,,,,,,,,,,,,6.345917817581444,7.092646129584939,6.976907818087219,6.338623653645393,6.276499969356576,6.247861246055543,6.219874144516695,6.449540536651357,6.474049561562236,6.459064335085032,6.454077069942084,6.444684203785618,6.443382152575631,6.509861543663967,6.545304697152596,6.683740107146437,6.80517731773957,6.824967944421482,6.857402102141284,7.095676898956873,7.410951697798956,7.565374761974717,7.674588096528443,8.87889549503479,9.280873198479712,,,,,,,,,,,,4.920494291521913,6.492698560056271,6.239696290034712,6.201257247985988,6.484404378725293,6.466898173432956,6.4555672037455505,6.447432962664243,6.44364010181043,6.442151916056615,6.577978618994179,6.8771845750995935,7.035370088774189,7.136701514622694,7.221375685517486,7.605749999870496,7.716892886141126,8.11033164128214,9.055563433152352,9.554032395833069,,6.492698560056271,,6.449540536651357,6.509861543663967,6.80517731773957,7.410951697798956,8.87889549503479,6.374409779701052,"rgba(239, 83, 80, 1.0)",1.0150531783873291,6.374409779701052,-1.009217843471599,40.52832677368464,-15.158172631596386,False,True,False,True,True,0.0,0.0,0.0,0.0,0.0,0,0.8948007697889392,1.0367700413288323,False,False,False,False,-0.21668213642465986,-0.25075381883668363,False,False,False,False,-27476780,-23566799.48403055,False,False,False,False,2924466.9489598293,False,False,False,False
2024-07-10 00:00:00+00:00,5.69,5.805,5.3076,5.42,2016025,,,,,,,,,,,,,6.322450723134093,7.074133858456665,6.96980489804871,6.335900062235639,6.274083375767818,6.2455939025464975,6.217745335951944,6.447039527126637,6.471622434128315,6.456709313324595,6.451748406946653,6.442404629938417,6.441115604211404,6.507508801894225,6.542885034274593,6.681063956951617,6.802252067829095,6.822001588321427,6.854369606540094,7.0922297100454585,7.406942554544033,7.56110786637227,7.670158668825484,8.872358411533467,9.273641154749697,,,,,,,,,,,,5.10771294339813,6.4892377034144255,6.237470475674827,6.199215601790077,6.481928148545721,6.464504879862119,6.453229913404616,6.44513698967023,6.441369526981534,6.439896144679357,6.575505735686553,6.8741147163446366,7.032024022430266,7.133187586919631,7.217710799251223,7.601422811372923,7.712408484434886,8.105187915206496,9.048719547980253,9.546325680058626,,6.4892377034144255,,6.447039527126637,6.507508801894225,6.802252067829095,7.406942554544033,8.872358411533467,6.379383656168306,"rgba(239, 83, 80, 0.5)",0.9824067156499995,6.379383656168306,-0.7017293806997055,47.162648091054876,-9.337350380419032,False,False,False,False,True,0.9597877297314277,0.0,0.0,0.0,0.0,0,0.9109457801864782,1.039179687813169,False,False,False,False,-0.13109081828609512,-0.19092231856138936,False,False,False,False,-25460755,-23641072.249362685,False,False,False,False,2888841.7744908165,False,False,False,False
2024-07-11 00:00:00+00:00,6.12,6.1698,5.63,5.64,1824799,,,,,,,,,,,,,6.312771547413013,7.061905782323638,6.965170490859139,6.334692340881425,6.27311262021374,6.244732806751092,6.216986669275907,6.445779131448206,6.470371729759076,6.455511485807652,6.450569272231282,6.441260266028211,6.439979140356404,6.506260114239019,6.541567146169344,6.679484199552182,6.80043347001427,6.820144016678619,6.852449065708262,7.089898892383569,7.404074067473668,7.5579923401627624,7.666884269202561,8.867134821009076,9.267780812882554,,,,,,,,,,,,5.280308172077533,6.487431684655507,6.236639870560197,6.198522269644006,6.480641044741219,6.463279167510742,6.452044821218005,6.443981455571944,6.440230779034292,6.438766373893047,6.574129307301165,6.872157739355357,7.0297933666566825,7.1307904251704235,7.215168565611049,7.598248246023165,7.709078782941692,8.101239871334192,9.043214730422854,9.540031807351864,,6.487431684655507,,6.445779131448206,6.506260114239019,6.80043347001427,7.404074067473668,8.867134821009076,6.385785631448576,#000000,0.9719530815795876,6.385785631448576,-0.273455207340492,53.9789043073556,-3.4734899094586,True,False,True,False,True,3.4565534073780704,0.0,0.0,0.0,0.0,0,0.9405502624927085,1.0029408905308186,False,False,False,False,-0.06191161881898322,-0.1264169686901863,False,False,False,False,-23635956,-23640871.612132777,False,False,False,False,2847114.6068637255,False,False,False,False
2024-07-12 00:00:00+00:00,6.01,6.24,5.93,6.21,1662763,,,,,,,,,,,,,6.306544326130959,7.051866749955679,6.96135096486344,6.333861256991934,6.272487796880209,6.244202080902167,6.21654401788891,6.44484622247127,6.469435427837225,6.454620554241041,6.449694213240527,6.440414722035428,6.439139941590335,6.505311706453327,6.540554046648963,6.678226882788102,6.798956322495064,6.818631084527109,6.850878262241049,7.087947795055159,7.40162810729975,7.55531888147384,7.664063844909928,8.862533597696034,9.26259904901529,,,,,,,,,,,,5.400193646834062,6.486072757997607,6.236135305398348,6.1981360331239355,6.479673409909467,6.462364356803295,6.451164747243643,6.4431265509428854,6.439389795920086,6.437932600861382,6.573060821232849,6.87055327136539,7.027935144250023,7.128777759294943,7.213022252574201,7.5955201537364605,7.706206878187017,8.097801221539475,9.038357083607474,9.53445507522278,,6.486072757997607,,6.44484622247127,6.505311706453327,6.798956322495064,7.40162810729975,8.862533597696034,6.3901367570846,#000000,0.9446390320647166,6.3901367570846,-0.4024148316777976,57.42819245497449,-0.766017424604982,True,False,True,False,True,2.7719621628749493,0.0,0.0,0.0,0.0,0,0.9494716196027753,1.1059693695179962,False,False,False,False,-0.024929643716625698,-0.075673306203406,False,False,False,False,-25298719,-23705885.235186394,False,False,False,False,2800669.445810246,False,False,False,False
2024-07-15 00:00:00+00:00,6.09,6.34,5.7,5.85,2015875,,,,,,,,,,,,,6.298910855932291,7.039762313675599,6.956678486934631,6.332799489670627,6.271676147117176,6.243504873819885,6.215953918878273,6.44367250956726,6.468260027687417,6.453500396262725,6.448593418522016,6.4393499385532476,6.438082977882956,6.504124450424379,6.539289102203033,6.676668474299675,6.797133152757585,6.816764796572526,6.8489422504180935,7.0855540533129275,7.398637934138462,7.552054460916859,7.6606223215323315,8.856942371817334,9.256306692740129,,,,,,,,,,,,5.501245933391714,6.484372792918517,6.235469922175578,6.1976145023921125,6.478459885048972,6.461215113097273,6.4500578252181855,6.442050320175067,6.438330621782559,6.436882312712769,6.571729479972348,6.868576729695629,7.025653201951643,7.126309905012764,7.210393352132725,7.592189901888218,7.7027033540397705,8.093613860200767,9.03245618120455,9.527685648687502,,6.484372792918517,,6.44367250956726,6.504124450424379,6.797133152757585,7.398637934138462,8.856942371817334,6.393157433551929,#000000,0.9177437570492469,6.393157433551929,-0.33032906105147325,60.17257532824984,1.4621340511876397,True,False,True,False,True,3.236665669889611,0.0,0.0,0.0,0.0,0,0.9183906574632964,1.1030160402532567,False,False,False,False,-0.008819020540563207,-0.0422461633719846,False,False,False,False,-23282844,-23689295.382826142,False,False,False,False,2769893.1930333734,False,False,False,False
2024-07-16 00:00:00+00:00,6.21,6.24,5.99,6.13,1736290,,,,,,,,,,,,,6.295200612754219,7.030624454364548,6.953143021950587,6.332215428680385,6.2712959410204885,6.243216232561798,6.215751202090956,6.442926586643346,6.46749776056266,6.45278230730963,6.447890600989691,6.438675509235156,6.437414246341407,6.503334961740749,6.538430671118413,6.675550326522139,6.79578417766463,6.81537833545248,6.847495106601462,7.083704626673529,7.396268565417766,7.549445867182523,7.657858448019858,8.852320562577152,9.251080387879641,,,,,,,,,,,,5.578180170758626,6.48325963825017,6.235206738523232,6.197467092241538,6.477666999195389,6.460473824249593,6.449350231677843,6.441367023498669,6.437660347607537,6.436218512796217,6.570811338588091,6.8670940959324716,7.023902070114413,7.124395257200792,7.2083381592621585,7.589523565057803,7.699884731055944,8.090201992478772,9.02756734921377,9.522048383771303,,6.48325963825017,,6.442926586643346,6.503334961740749,6.79578417766463,7.396268565417766,8.852320562577152,6.395709568827927,#000000,0.9030489795458069,6.395709568827927,-0.20564728274354585,62.66763981090499,3.63273916973246,True,False,True,False,True,3.9364787248460935,0.0,0.0,0.0,0.0,0,0.9387773881215047,1.0742482644391507,False,False,False,False,0.012009235737147092,-0.015118463817418753,False,False,False,False,-21546554,-23605266.308989823,False,False,False,False,2729359.734483045,False,False,False,False
2024-07-17 00:00:00+00:00,5.94,6.5386,5.87,6.15,2653617,,,,,,,,,,,,6.1162,6.288772988994885,7.016545459510773,6.9475970249965435,6.331184429736758,6.2705783475289385,6.242640245173252,6.215308041383838,6.441677289839324,6.46622975529888,6.451582720155912,6.446714762072171,6.437543827052651,6.436291638020649,6.502032586796796,6.537024470498248,6.673752599791305,6.793637020134131,6.813174383701278,6.84519923722853,7.0808006899469484,7.392576807883029,7.545391559643768,7.653569022689034,8.84520811059175,9.24304868814182,,,,,,,,,,,,5.661090496575104,6.481419769564844,6.234670133323923,6.197109312178724,6.4763516394791685,6.459238279486803,6.44816694015995,6.440221477256718,6.436535249398185,6.435103725679697,6.569315511624692,6.864744547411557,7.021146727480204,7.121392734689076,7.205122755020472,7.58538183812069,7.695512519060561,8.084929208558433,9.020048862319454,9.513391594355777,,6.481419769564844,,6.441677289839324,6.502032586796796,6.793637020134131,7.392576807883029,8.84520811059175,6.381664955635825,"rgba(239, 83, 80, 0.5)",0.879235683640428,6.381664955635825,-0.5023282879138106,61.49403958168254,3.63273916973246,True,False,True,False,True,2.2078671036466133,0.0,0.0,0.0,0.0,0,0.9464690853346959,1.027787429739397,False,False,False,False,0.031596972717145566,0.008239254449863407,False,False,False,False,-24200171,-23628595.904715713,False,False,False,False,2726389.431169985,False,False,False,False
2024-07-18 00:00:00+00:00,5.75,6.2,5.68,6.01,1847310,,,,,,,,,,,,6.017888625032133,6.278722575738629,7.00445747459668,6.942679487249789,6.3296792607361745,6.269313663948885,6.24148855364213,6.214261846682903,6.440177312083848,6.464752050779959,6.450159833484846,6.445311440318905,6.436176925190544,6.4349333973023235,6.500571441218345,6.535497000689792,6.671973190452537,6.791624578438253,6.811123811576773,6.8430870999033875,7.078289937067278,7.389539394712912,7.542111906698538,7.650133952091898,8.839845903533462,9.237055229295711,,,,,,,,,,,,5.681976523973072,6.479316877178942,6.233549893517758,6.196130218444308,6.474836328372872,6.457786429763068,6.446757336218706,6.438842744699348,6.435174450984016,6.433752771234193,6.567732580179086,6.862596947022136,7.01873334981584,7.118817495953122,7.20240558043862,7.582044459564069,7.692023558656797,8.08083058702739,9.014407914178012,9.506968034697307,,6.479316877178942,,6.440177312083848,6.500571441218345,6.791624578438253,7.389539394712912,8.839845903533462,6.375404423823147,"rgba(239, 83, 80, 0.5)",0.8529920840750862,6.375404423823147,-0.7331890125349563,58.96220538510354,3.63273916973246,True,False,True,False,True,1.0125889956300824,0.0,0.0,0.0,0.0,0,0.939980836272451,1.0322113718374752,False,False,False,False,-0.026363803832812383,-0.009062274691474487,False,False,False,False,-26047481,-23723454.143746473,False,False,False,False,2691915.7279868484,False,False,False,False
2024-07-19 00:00:00+00:00,5.75,5.825,5.59,5.82,708105,,,,,,,,,,,,5.977620826748617,6.273563282022707,6.999264129813568,6.940534124014125,6.328908439051485,6.268640520741862,6.240862263866936,6.213679198304987,6.439446883820586,6.464038808856925,6.449469375235569,6.444629228174556,6.435510071727022,6.434270439848101,6.499874473375371,6.534776058937493,6.671160695188396,6.790725231233626,6.810210187857767,6.842150462748771,7.077206510928593,7.388259371723599,7.540741493325409,7.64870597724448,8.837688363731274,9.23465778204719,,,,,,,,,,,,5.683397737338477,6.4783083512076125,6.2329366514411,6.195575175802925,6.474107527487541,6.457083901128279,6.446072446811076,6.438170820222376,6.434510310646812,6.433093059322048,6.566992070409298,6.861647178867385,7.017685771882219,7.117710360897051,7.2012455581166055,7.58065268210584,7.690575841540296,8.079153350779583,9.012144459712207,9.504406915987415,,6.4783083512076125,,6.439446883820586,6.499874473375371,6.790725231233626,7.388259371723599,8.837688363731274,6.372315484604565,"rgba(239, 83, 80, 0.5)",0.8430776790855256,6.372315484604565,-0.7381472669037824,57.274315920717534,3.63273916973246,True,False,True,False,False,1.0125889956300824,0.0,0.0,0.0,0.0,0,0.9348551595247631,1.0471026770586243,False,False,False,False,-0.07748484067918353,-0.043273557685329006,False,False,False,False,-26047481,-23814592.45183485,False,False,False,False,2614119.228850109,False,False,False,False
2024-07-22 00:00:00+00:00,6.25,6.2599,5.7526,5.89,2711610,,,,,,,,,,,,6.015237659447303,6.267190257860181,6.9853446791514076,6.934832950340679,6.327742112793987,6.267791902147938,6.240157944329181,6.2131102523192245,6.438082100622449,6.462659872923175,6.448160374365421,6.44334458078579,6.434270721841519,6.4330405611180455,6.49846627407658,6.533263888465168,6.669255990908036,6.788468971696998,6.807896746351904,6.839744485617726,7.074188992743703,7.384447775248839,7.536564236548564,7.644291611322198,8.830420604295643,9.226460099699448,,,,,,,,,,,,5.732127076686755,6.476326351462326,6.23227248543584,6.195093186025377,6.47268024595812,6.455738121761468,6.444780137208926,6.43691719274342,6.433277808099457,6.4318713205494,6.565390358411681,6.859187211385439,7.014817751870857,7.114593647136977,7.197914344478724,7.57638727943273,7.686078020052189,8.07374582392534,9.004465982699243,9.495576763950687,,6.476326351462326,,6.438082100622449,6.49846627407658,6.788468971696998,7.384447775248839,8.830420604295643,6.374479474218448,#000000,0.8350564149897177,6.374479474218448,-0.14906714323005396,59.534453133659625,3.63273916973246,True,False,True,False,False,4.023422339179781,0.0,0.0,0.0,0.0,0,0.9563195558611556,1.0103343774670843,False,False,False,False,-0.011833843679816807,-0.02755370068257291,False,False,False,False,-23335871,-23795819.06156682,False,False,False,False,2617942.3963461835,False,False,False,False
2024-07-23 00:00:00+00:00,6.13,6.3,6.07,6.142,1840148,,,,,,,,,,,,6.043785736475566,6.264906767336308,6.976950039699541,6.931364676713452,6.327215730938112,6.267471420274332,6.239929615291651,6.2129685726059245,6.437369731244557,6.461926096676788,6.447471249650567,6.442670829351782,6.4336255550123775,6.432400983303177,6.497699144932645,6.532424728925775,6.668145422853534,6.78711805708359,6.806506821356297,6.83829137777671,7.072315169295469,7.382030968327463,7.533897250924484,7.641461748829349,8.825652128381229,9.221060976987433,,,,,,,,,,,,5.7649966581336125,6.475264269985265,6.232069797992345,6.1950074134020605,6.47191549703258,6.455025564608025,6.444101595853942,6.436263146255532,6.432636740617912,6.431236604664283,6.564488543963737,6.857697066449773,7.0130468133697645,7.112651506351354,7.195825412026596,7.573659725792438,7.683190513910059,8.07023846894106,8.999418949795382,9.489749003891475,,6.475264269985265,,6.437369731244557,6.497699144932645,6.78711805708359,7.382030968327463,8.825652128381229,6.376433720476096,#000000,0.8290691458786246,6.376433720476096,-0.29724145651920575,59.867668587447014,3.63273916973246,True,False,True,False,False,3.2436583044343656,0.0,0.0,0.0,0.0,0,0.9744045169725032,1.0221785850083598,False,False,False,False,0.027362027233426317,-9.583672457329565e-05,False,False,False,False,-25176019,-23849944.549348515,False,False,False,False,2587440.6553129996,False,False,False,False
2024-07-24 00:00:00+00:00,5.76,6.09,5.69,6.08,1189463,,,,,,,,,,,,6.022373825706737,6.258854411181298,6.969507769955009,6.928208222409511,6.326202773810518,6.266611151834288,6.2391414174272875,6.212247691311534,6.436369266180285,6.460941761520432,6.44652201441119,6.441734152873356,6.432712264531029,6.431493315213297,6.496727640264709,6.531411558857552,6.666973749475773,6.785799191191874,6.805163850763342,6.836909491020166,7.070681529794762,7.380063872241925,7.531776649669235,7.639242648819176,8.82220902701088,9.217216564014606,,,,,,,,,,,,5.76880375265953,6.47387373380339,6.231301673741381,6.194329332916128,6.470907107658184,6.454057774656105,6.443160879455181,6.435342238209934,6.431727404186405,6.430333659152325,6.563440630182837,6.856292783545611,7.011474703842672,7.110977112065261,7.194061185398547,7.5715025466562125,7.680937265166751,8.067598223131181,8.995798658604379,9.485631105834326,,6.47387373380339,,6.436369266180285,6.496727640264709,6.785799191191874,7.380063872241925,8.82220902701088,6.374024547586063,"rgba(239, 83, 80, 0.5)",0.8289500196841778,6.374024547586063,-0.7407256565600914,56.91933874128306,3.63273916973246,True,False,True,False,False,0.8876707524272618,0.0,0.0,0.0,0.0,0,0.950091130171703,1.029928514026693,False,False,False,False,-0.037336853478698355,-0.018716345101635827,False,False,False,False,-26365482,-23948593.076825045,False,False,False,False,2532618.0021634703,False,False,False,False
2024-07-25 00:00:00+00:00,5.79,5.9899,5.75,5.84,844738,,,,,,,,,,,,6.009548850649116,6.254627167392501,6.964265956212611,6.925970747573338,6.325480944578103,6.265997454721612,6.238578782330672,6.211732754540955,6.435656762439908,6.460240791735733,6.4458459285311855,6.441066972393724,6.43206166781246,6.430846708974632,6.49603588763047,6.530690308689057,6.666140266266574,6.784861447728063,6.804209031971449,6.835927104628867,7.069520802865107,7.378666869063405,7.530270863684479,7.637667054576474,8.819765858486493,9.21448891561397,,,,,,,,,,,,5.7711909691804495,6.472884646117445,6.230753262114827,6.1938447238926555,6.470189086608983,6.453368533878649,6.4424908338552145,6.43468623843007,6.431079613399638,6.4296904043830345,6.562694787485271,6.855294532773732,7.010357567825913,7.10978751130301,7.1928079349859075,7.569970837645942,7.67933746698549,8.065724129686132,8.993229886149813,9.482709587387394,,6.472884646117445,,6.435656762439908,6.49603588763047,6.784861447728063,7.378666869063405,8.819765858486493,6.372421070358888,"rgba(239, 83, 80, 0.5)",0.8244163264264864,6.372421070358888,-0.7064647456503549,55.179410600656745,3.63273916973246,True,False,True,False,False,1.071844264862957,0.0,0.0,0.0,0.0,0,0.9454204731787303,1.0372612278796396,False,False,False,False,-0.041739423967124524,-0.030227884534380176,False,False,False,False,-25520744,-24010246.054204457,False,False,False,False,2466426.6295296084,False,False,False,False
2024-07-26 00:00:00+00:00,5.9,5.97,5.8101,5.84,665441,,,,,,,,,,,,6.003344219165114,6.251755255607355,6.9603538575766954,6.92429587593577,6.32497272683348,6.2655723803412355,6.238192688250717,6.2113831104369,6.435144030808994,6.459734444192956,6.445358574100702,6.440586380745045,6.43159366797104,6.4303816652951244,6.495533709463275,6.530164514011388,6.665524755888219,6.784163264946634,6.803497329251895,6.835193562233107,7.068645257151077,7.377603996670082,7.5291217209197265,7.636462405125563,8.817876402497948,9.212375183521994,,,,,,,,,,,,5.774199142507976,6.472169463313,6.2303780255789905,6.1935183042166235,6.469669703579246,6.452871148454807,6.442008075357472,6.434214160879394,6.430613701901316,6.429227853155946,6.562149152331125,6.8545483824555165,7.0095167374901415,7.108888959670625,7.191858891392529,7.568801078143015,7.678113500420996,8.064283246124532,8.991241402142315,9.480443078831494,,6.472169463313,,6.435144030808994,6.495533709463275,6.784163264946634,7.377603996670082,8.817876402497948,6.371486078394125,"rgba(239, 83, 80, 0.5)",0.8246698656957528,6.371486078394125,-0.5717270607388374,54.869519475572005,3.63273916973246,True,False,True,False,False,1.7528842189285605,0.0,0.0,0.0,0.0,0,0.9334455223388107,1.0758760641457137,False,False,False,False,-0.03732587637890012,-0.03377688045664015,False,False,False,False,-24855303,-24043385.54227487,False,False,False,False,2395799.742097075,False,False,False,False
2024-07-29 00:00:00+00:00,5.99,6.25,5.89,5.9,1617030,,,,,,,,,,,,6.007937632188245,6.247805293778268,6.952285028953697,6.920837236653749,6.324170099965199,6.26495803456015,6.23766453716642,6.210935821258449,6.4342458855637386,6.458832580641047,6.44449864858361,6.439741133139553,6.430775733656061,6.429569596221454,6.4946199334047074,6.529190481899364,6.664322834999418,6.782756078459148,6.8020567160409815,6.833698867420743,7.066793882919246,7.375287856678389,7.526591397910932,7.633793269359353,8.813530075996772,9.20748156150971,,,,,,,,,,,,5.789392676087191,6.470887281559171,6.229873876413708,6.193122888779543,6.468738901563778,6.451989146026024,6.4411581910560605,6.433387565193236,6.429799984729334,6.428420802626661,6.561123440083092,6.853022185776516,7.007752597134927,7.106979700143323,7.189824152859526,7.566219163342532,7.675395556860277,8.06103115846148,8.986653379197069,9.475177108089913,,6.470887281559171,,6.4342458855637386,6.4946199334047074,6.782756078459148,7.375287856678389,8.813530075996772,6.371123122956542,#000000,0.8218681915755032,6.371123122956542,-0.46372779341409587,55.35471389353731,3.63273916973246,True,False,True,False,False,2.3119328498494305,0.0,0.0,0.0,0.0,0,0.9393245911041016,1.047926018241775,False,False,False,False,0.0021430273420776046,-0.01581692655728127,False,False,False,False,-23238273,-24011812.501401346,False,False,False,False,2365259.752210915,False,False,False,False
2024-07-30 00:00:00+00:00,5.87,6.22,5.7512,6.08,2888670,,,,,,,,,,,,5.997573682881873,6.237957051552749,6.936729014534274,6.914055372564047,6.322260003659983,6.263395924138199,6.2362642682253115,6.209687119137148,6.432259040025425,6.4568601438962405,6.442605150989886,6.4378755740841695,6.42896218943689,6.42776789465261,6.492650459773084,6.527117284590566,6.661856171629732,6.779929983674861,6.799171932707988,6.830719216517644,7.063193641160794,7.370872644955894,7.521800619869301,7.6287600440724725,8.805530932302018,9.198512256532922,,,,,,,,,,,,5.803837167140991,6.4681043201286235,6.228518693559913,6.191971018687333,6.46671218985908,6.450054004740971,6.4392837249161605,6.431557300067914,6.4279948563829645,6.4266291361929415,6.55896236633924,6.849987567525336,7.004304131046751,7.1032788097765724,7.185903468340401,7.561338314579073,7.67027756770749,8.054971647468046,8.978225850431992,9.465547246285468,,6.4681043201286235,,6.432259040025425,6.492650459773084,6.779929983674861,7.370872644955894,8.805530932302018,6.3683780382395145,"rgba(239, 83, 80, 0.5)",0.8185752124133995,6.3683780382395145,-0.6088359758294537,54.50695501821616,3.63273916973246,True,False,True,False,False,1.5173636630564573,0.0,0.0,0.0,0.0,0,0.9192590003495282,1.103746827029412,False,False,False,False,-0.0004319562413910394,-0.008124441399336156,False,False,False,False,-26126943,-24094758.79546404,False,False,False,False,2385785.6442810753,False,False,False,False
2024-07-31 00:00:00+00:00,6.15,6.29,5.81,5.89,2032282,,,,,,,,,,,,6.006747490439641,6.234474964271573,6.927537827095517,6.910004846333344,6.3214116038227095,6.262775564271078,6.235747577548881,6.209267842159588,6.431260765331962,6.455850045854539,6.44164557639716,6.436933581363078,6.428052913051609,6.42686541743807,6.491617288911135,6.526008119747807,6.660459826920893,6.778276586442732,6.797476722341144,6.828956318408772,7.060982134041096,7.368078434767924,7.5187376698259625,7.625522428036181,8.800196957316855,9.19249476851044,,,,,,,,,,,,5.820760211472675,6.466671496619715,6.228030879149088,6.191614397038675,6.465667173638806,6.4490678615623915,6.438336205535199,6.43063772458109,6.427090502068931,6.4257325104547585,6.55778762708409,6.848185128755299,7.002202391875633,7.100994421094758,7.183461697452968,7.558210438989684,7.666978305461655,8.051003587295348,8.972590020583631,9.459064905954202,,6.466671496619715,,6.431260765331962,6.491617288911135,6.778276586442732,7.368078434767924,8.800196957316855,6.368222181724335,#000000,0.8167709824896461,6.368222181724335,-0.2671767073055896,56.11269789192417,3.63273916973246,True,False,True,False,False,3.272542345376973,0.0,0.0,0.0,0.0,1,0.9118423085948454,1.0709531195448743,False,False,False,False,0.014404900539256894,0.0031402295699603693,False,False,False,False,-24094661,-24094754.960347805,False,False,False,False,2371922.756270053,False,False,False,False
2024-08-01 00:00:00+00:00,6.05,6.2899,5.98,6.23,1736227,,,,,,,,,,,,6.015111488511745,6.232061825612504,6.920053399369795,6.9066721991638085,6.3207620227834775,6.262317330904648,6.23537597367895,6.2089777077304635,6.430469240340413,6.455045117696116,6.440882884807558,6.4361855387834686,6.427332127983973,6.426150187262414,6.490788885492785,6.525114561189068,6.659320170892006,6.776917405555077,6.796081855126131,6.827503664997378,7.059145522735528,7.36574398245967,7.516173540489407,7.622808808664912,8.795695483763565,9.187410656821754,,,,,,,,,,,,5.834820527606692,6.465529717754883,6.227683407484888,6.1913767372869035,6.464833026588608,6.448282972845976,6.437583571489517,6.429908395608251,6.42637375505831,6.425022077745157,6.556837667057372,6.84669866755235,7.000459747862477,7.099095401283122,7.18142818517321,7.555590737985101,7.664211824741411,8.047666201410994,8.967831238010625,9.453584626764169,,6.465529717754883,,6.430469240340413,6.490788885492785,6.776917405555077,7.36574398245967,8.795695483763565,6.368196654302433,#000000,0.8166296645409551,6.368196654302433,-0.3896462106618404,56.16614572000434,3.63273916973246,True,False,True,False,False,2.597085034787348,0.0,0.0,0.0,0.0,1,0.9188648092002694,1.0701698874129133,False,False,False,False,0.04343760965867448,0.023288919614317425,False,False,False,False,-25830888,-24162838.608961616,False,False,False,False,2346993.5109261293,False,False,False,False
2024-08-02 00:00:00+00:00,5.9,5.97,5.78,5.87,1138987,,,,,,,,,,,,6.008249636164609,6.227796375479251,6.9138895796576225,6.903894889053186,6.3198958556302935,6.261589108296164,6.234712544763601,6.208374930187186,6.429595479084439,6.4541819497287,6.440051435294914,6.435365387484502,6.426533020450944,6.4253560223133315,6.489932610222087,6.524218756445332,6.658274052571305,6.775732700837306,6.794874481179349,6.826259664372158,7.05766296231614,7.363946475780016,7.514230812202316,7.620772494723668,8.792506081949659,9.183843419627978,,,,,,,,,,,,5.836336876502875,6.464321034063222,6.2270380397815,6.190812630120423,6.4639480993320415,6.447434769456037,6.436759799892004,6.429102472133419,6.4255781389618205,6.4242320806363225,6.555908629205271,6.845433509908731,6.999035550569875,7.097574144729902,7.179822052870387,7.553613253255886,7.662142880743185,8.045231896188701,8.964475019941176,9.449760006492033,,6.464321034063222,,6.429595479084439,6.489932610222087,6.775732700837306,7.363946475780016,8.792506081949659,6.366667544605299,"rgba(239, 83, 80, 0.5)",0.8166296645409551,6.366667544605299,-0.5714555383775124,54.73447678535146,3.63273916973246,True,False,True,False,False,1.5855050441363545,0.0,0.0,0.0,0.0,1,0.9084500493985007,1.0819317719532746,False,False,False,False,0.026325083328384898,0.02480700147135116,False,False,False,False,-26969875,-24272918.467433713,False,False,False,False,2299620.706576085,False,False,False,False
2024-08-05 00:00:00+00:00,5.54,5.65,5.1,5.23,1152543,,,,,,,,,,,,5.979306153967153,6.218042760882233,6.905015498897719,6.8998582609987436,6.318116336440105,6.259975318988843,6.233180925278912,6.206919712398304,6.427982759072958,6.4526196273090175,6.43852955878478,6.433858448115595,6.425053938353846,6.423884618993692,6.488422889939995,6.522675436749965,6.6566007747370035,6.773929726151574,6.793049993994245,6.824400592509546,7.055588891711774,7.36157645442232,7.511724529783056,7.6181804175845205,8.788784013922948,9.179746833383392,,,,,,,,,,,5.43,5.823879002161773,6.462152703542008,6.225529344190976,6.189405410892246,6.462358356301786,6.445891378635832,6.435247936726556,6.427613985660623,6.424104328151105,6.422767000455991,6.5543392468870945,6.843555037925848,6.9970140256991264,7.095465381341776,7.177633970146002,7.551075178306839,7.659521895603344,8.042258823339287,8.96058769303028,9.445407318735013,,6.462152703542008,,6.427982759072958,6.488422889939995,6.773929726151574,7.36157645442232,8.788784013922948,6.312393474679277,"rgba(239, 83, 80, 0.5)",0.8185290861442425,6.312393474679277,-0.943635953509861,50.82053953811055,6.522615826361665,True,False,False,False,False,0.0,0.0,0.0,0.0,0.0,1,0.8909354234111435,1.063026069177032,False,False,False,False,-0.06609609618286388,-0.02064454735575636,False,False,False,False,-28122418,-24423879.233416706,False,False,False,False,2254637.2671025135,False,False,False,False
2024-08-06 00:00:00+00:00,5.88,5.96,5.69,5.81,1057712,,,,,,,,,,,,5.973334522064679,6.213885254775528,6.89922054990231,6.897209443265683,6.317246630012622,6.259234625367282,6.232501162568238,6.206296964084964,6.427118392503226,6.451767866414516,6.4377076828258595,6.433047256365202,6.424262651090446,6.423098088820515,6.487580755905606,6.5217972461371945,6.655585288970622,6.772786929840426,6.7918863503352185,6.823203276702561,7.054172915494938,7.359870877661154,7.50988539577448,7.616255329683282,8.785794901007707,9.176408717728776,,,,,,,,,,,5.627799632470762,5.824411396693551,6.46096444871412,6.224866570526266,6.18881896987603,6.461486119682496,6.445053705962979,6.434433311494199,6.42681622378392,6.423316390257794,6.421984470942081,6.553430895417083,6.84233831078675,6.995651549179681,7.09401394026459,7.176104518537869,7.54920412808972,7.657566898762819,8.039967094157866,8.95744450360458,9.441831389173808,,6.46096444871412,,6.427118392503226,6.487580755905606,6.772786929840426,7.359870877661154,8.785794901007707,6.320820225278526,"rgba(239, 83, 80, 0.5)",0.8175675413590907,6.320820225278526,-0.539185086220185,51.08012578831038,6.522615826361665,True,False,False,False,False,1.4102214187704725,0.0,0.0,0.0,0.0,1,0.9426992037578049,1.024041931603368,False,False,False,False,0.08219797456244515,0.030776713603344396,False,False,False,False,-27064706,-24527441.067400366,False,False,False,False,2207699.021333787,False,False,False,False
2024-08-07 00:00:00+00:00,6.25,6.8078,5.95,6.23,4916983,,,,,,,,,,,,6.034811727291178,6.2198715586440105,6.885281472528497,6.890743262711741,6.317404412542966,6.259863292128684,6.2333328177531975,6.20732100855977,6.426495973584313,6.451019951160631,6.437058545132565,6.432431039729186,6.423707618728753,6.422552556661568,6.486666011213055,6.520686986456664,6.653740547626353,6.770307211009385,6.789304026708021,6.820454408729399,7.05029399764058,7.35455135603089,7.503900214767011,7.609832065217562,8.774291682422861,9.1632586326032,,,,,,,,,,,6.116331286509585,5.88214184174684,6.459858243816066,6.225754763837326,6.1899688071279595,6.460669070342525,6.444353033683142,6.433807135321952,6.4262430090682825,6.422768725100622,6.421447603742998,6.5521468075543945,6.839490722687733,6.992049452338043,7.089950798649786,7.171651309658795,7.5430559577914265,7.650986386953756,8.031751041344306,8.945213830544159,9.427563650074946,,6.459858243816066,,6.426495973584313,6.486666011213055,6.770307211009385,7.35455135603089,8.774291682422861,6.3504259622076065,#000000,0.8167266460779141,6.3504259622076065,-0.12296153515974062,53.72263036369656,6.522615826361665,True,False,True,False,True,3.7024290862734297,0.0,0.0,0.0,0.0,1,0.9505553704320782,0.9661612795734754,False,False,False,False,0.3237235958675302,0.1772501547354373,False,False,False,False,-22147723,-24434118.79024741,False,False,False,False,2313945.451869717,False,False,False,False
2024-08-08 00:00:00+00:00,7.05,7.11,6.25,6.35,2922131,,,,,,,,,,,,6.1051597841852585,6.236397370095804,6.884093780549454,6.890148875133793,6.319830609900867,6.262497794825086,6.236043593328101,6.21010593759615,6.428018468465185,6.452366683111836,6.438441676405982,6.433824446073588,6.4251199976988635,6.423963608876948,6.487797147698583,6.52168683638922,6.654251855850848,6.770418246675485,6.7893510884992,6.820397199950157,7.04950390438429,7.352854735577935,7.501783981070767,7.607434622000967,8.76880706868483,9.15678357658743,,,,,,,,,,,6.316096065580502,5.940044404831878,6.4616547808121485,6.22848673633982,6.192804690174325,6.46198919623992,6.4457177002951,6.435197948961114,6.427651184407531,6.4241809460437524,6.422858312553925,6.553025054275035,6.839370294447714,6.991439072850001,7.089040740700413,7.170494762595513,7.540834939729533,7.648485554911409,8.028241184361683,8.939291503821837,9.420418902989754,,6.4616547808121485,,6.428018468465185,6.487797147698583,6.770418246675485,7.352854735577935,8.76880706868483,6.368946027145296,"rgba(38, 166, 154, 0.5)",0.8236838368344537,6.368946027145296,0.8268390642119446,59.13103775706627,3.4257974922037846,True,False,True,False,True,8.287103004079786,0.0,0.0,0.0,0.0,1,0.9819419386583566,0.9466786944398883,False,False,False,False,0.34282821956091986,0.2600391871481786,False,False,False,False,-19225592,-24229862.837688692,False,True,False,False,2337795.865521885,False,True,False,False
2024-08-09 00:00:00+00:00,6.46,6.9,6.33,6.9,2144037,,,,,,,,,,,,6.1339953159722285,6.243053361623273,6.880718699396555,6.888526382240343,6.3207194051035085,6.2635640050125545,6.237181667351756,6.2113128047777355,6.4284184081314475,6.452677039535554,6.438786757179178,6.434180450144854,6.42549626306746,6.424341520182234,6.4879946002130655,6.521794650785995,6.654024414564641,6.769908662462903,6.788796156484996,6.819768502322473,7.048365350545264,7.351075726755975,7.499708606202026,7.605162280213561,8.764313232148675,9.151573041033473,,,,,,,,,,,6.359569222288397,5.967522635281311,6.4620435030241765,6.229644817795069,6.194057407980464,6.462274857846227,6.446044848033517,6.435550829489623,6.428021931993079,6.424558793619551,6.423238029623205,6.553051431326841,6.838697362610729,6.990425522897642,7.087818849631732,7.1690991087341684,7.538686230935645,7.646141593009983,8.025176563545019,8.934481024786349,9.414722849562581,,6.4620435030241765,,6.4284184081314475,6.4879946002130655,6.769908662462903,7.351075726755975,8.764313232148675,6.374492120910388,#000000,0.8105913312548872,6.374492120910388,0.10548827231748908,58.58695817198679,3.4257974922037846,True,False,True,False,True,4.442744282717445,0.0,0.0,0.0,0.0,1,0.9829182443603008,0.9301210602101222,False,False,False,False,0.32033714151718534,0.29018816433268196,False,False,False,False,-21369629,-24117696.80483816,False,False,False,False,2330197.478638674,False,False,False,False
2024-08-12 00:00:00+00:00,6.44,6.7,6.34,6.5,1369693,,,,,,,,,,,,6.147884374265152,6.246266690223428,6.87813210668864,6.887276971732772,6.321120967624556,6.264083061362651,6.237749424470168,6.211927033152327,6.428540747221732,6.4527495518444935,6.438882869680021,6.434284145733213,6.425614036599341,6.424460825088228,6.488003500666924,6.521747658498421,6.653768021562116,6.769474562530463,6.788333444910081,6.819259276196728,7.047536216693325,7.349842799872677,7.498288820163603,7.603618602757918,8.761360971595522,9.148165567541682,,,,,,,,,,,6.373077622289714,5.9819257839715,6.4621197363350085,6.230226139983584,6.1947024042611325,6.46233068468081,6.446128727220155,6.435652309975188,6.4281357413931515,6.424677888180202,6.423358864300738,6.55295397104503,6.838160335679911,6.989674824223971,7.086937443122346,7.16810822335477,7.537220330311229,7.644553013157619,8.023132042001661,8.931327667444423,9.411006826019978,,6.4621197363350085,,6.428540747221732,6.488003500666924,6.769474562530463,7.349842799872677,8.761360971595522,6.376753067635812,#000000,0.801466493710002,6.376753067635812,0.07891400683691326,58.09788197234961,3.4257974922037846,True,False,True,False,True,4.316107621758309,0.0,0.0,0.0,0.0,1,0.979521835119272,0.9590598244574874,False,False,False,False,0.2880139757371192,0.2891010700349006,False,False,False,False,-22739322,-24063642.890922938,False,False,False,False,2292530.6363391187,False,False,False,False
2024-08-13 00:00:00+00:00,6.69,6.77,6.42,6.45,1623663,,,,,,,,,,,,6.168860437744988,6.251969412354547,6.876157357962247,6.886303920913949,6.32196125948171,6.265051432484978,6.238768615654593,6.212995048603438,6.428982384255353,6.453116480550789,6.439274284236513,6.434683098131663,6.4260269606286,6.424874479584626,6.488276996223412,6.521952609117128,6.653716858397309,6.769209350104244,6.788033876876167,6.8189037892567015,7.046792241614112,7.34861265061305,7.496833568307964,7.602013324798341,8.758076382909255,9.144339872388505,,,,,,,,,,,6.400189599718493,6.002202978780403,6.462593597952567,6.231259479176557,6.195803177290523,6.4626801014924125,6.446507542707694,6.436049155632401,6.428544996182797,6.4250916720423525,6.4237734771840005,6.553096301312782,6.837771210618657,6.989026128592801,7.086129913596385,7.167168722379099,7.535709211993915,7.642892986480545,8.020926102388225,8.927804004737727,9.406814745878625,,6.462593597952567,,6.428982384255353,6.488276996223412,6.769209350104244,7.34861265061305,8.758076382909255,6.380770468256292,#000000,0.8012636866193048,6.380770468256292,0.3859273007222022,58.95982440989983,3.4257974922037846,True,False,True,False,True,5.724643518222074,0.0,0.0,0.0,0.0,1,0.9898077232071126,0.9341063681645331,False,False,False,False,0.31348033669090936,0.301290703362905,False,False,False,False,-21115659,-23948035.679514196,False,False,False,False,2266300.532953271,False,False,False,False
2024-08-14 00:00:00+00:00,6.87,6.9899,6.63,6.73,1962015,,,,,,,,,,,,6.202100324874901,6.262253764131902,6.875723155129323,6.886050879853746,6.323643886571728,6.266868721655429,6.240634844006375,6.214908970813936,6.430059567853142,6.454074796529642,6.440255868811035,6.4356711590628,6.427026976459484,6.425873402766234,6.489089440491887,6.522677959903497,6.654118013087383,6.769345392145706,6.788127560463627,6.818928409422467,7.046330072285433,7.34754875408459,7.495490864620057,7.600483415944625,8.754498083016856,9.140104458157063,,,,,,,,,,,6.449360980978411,6.032509524915572,6.463867590273366,6.233139315358195,6.197749981804685,6.463621358441176,6.447477348971501,6.4370356131884074,6.429542449017927,6.426091441691163,6.424772002072495,6.553740805492942,6.837753897261229,6.988683397325625,7.085587976980623,7.16646316452998,7.534296753827811,7.641294097287458,8.018657080751113,8.923935315177877,9.402135098618515,,6.463867590273366,,6.430059567853142,6.489089440491887,6.769345392145706,7.34754875408459,8.754498083016856,6.387850382661265,"rgba(38, 166, 154, 0.5)",0.8032261974833667,6.387850382661265,0.6002662996418513,60.34386076548567,4.923277291510686,True,False,True,False,True,6.724230262589636,0.0,0.0,0.0,0.0,0,1.0058912297472196,0.9258789854410903,False,False,False,False,0.3428282215695404,0.3220594624662227,False,False,False,False,-19153644,-23760020.319533248,False,False,False,False,2254367.7669551037,False,False,False,False
2024-08-15 00:00:00+00:00,6.97,7.2,6.89,6.95,2277468,,,,,,,,,,,7.02,6.247203135174289,6.2775874448462785,6.877280452715,6.886745626969363,6.326310956098793,6.269670557586205,6.2434801848107195,6.217797608075442,6.4318934371024445,6.455740389657648,6.441941701155562,6.437361693260995,6.428726115769706,6.42756916842887,6.490550729252549,6.5240337100740495,6.655082126924583,6.769995181952993,6.788727329486587,6.8194464968880935,7.046265086345157,7.346770679170578,7.494382151161657,7.599151232734514,8.750769582509587,9.135610302272605,,,,,,,,,,,6.516260791280045,6.07276613940367,6.466097272429157,6.23599673066176,6.200669627314068,6.4652715469367426,6.4491532001150675,6.438725293339762,6.431240611965201,6.427788924865571,6.426465645878906,6.5549972829911445,6.838221982652004,6.988761530223045,7.085427304808008,7.166108296193538,7.533104729079843,7.639878877212909,8.016453400288059,8.919868395930049,9.397124078865318,,6.466097272429157,7.02,6.4318934371024445,6.490550729252549,6.769995181952993,7.346770679170578,8.750769582509587,6.4270296047836,"rgba(38, 166, 154, 0.5)",0.809108440487264,6.4270296047836,0.6710724645134218,61.71376140414628,6.4234417716485055,True,False,True,False,True,7.278181769281755,-1.0,7.2,6.89,0.0,0,1.024529369077094,0.8975390591650302,False,False,False,False,0.34282822467010965,0.33244384356816614,False,False,False,False,-16876176,-23490065.640335865,False,False,False,False,2255273.6584470603,False,False,False,False
2024-08-16 00:00:00+00:00,6.98,7.035,6.7699,6.99,1547477,,,,,,,,,,,6.982900475457816,6.271801663043338,6.286413222399223,6.87765191092158,6.886891558015792,6.327873508926719,6.271331247883957,6.245174778349494,6.219525545445934,6.432939730047329,6.4566835179612685,6.44290076832581,6.438324884627829,6.429696896055902,6.428538386842108,6.491367876975757,6.524781152430607,6.655570432216283,6.770273536898096,6.788972204563199,6.819636739160413,7.0460675872761795,7.346096334381031,7.493486701872353,7.5981067636563,8.748111559592715,9.132435613879458,,,,,,,,,,,6.54666174722827,6.095825496445308,6.467352977610312,6.23770074617426,6.202420934877473,6.466202801385092,6.450104287374142,6.439687567691128,6.432210056624131,6.4287590525700375,6.427433995533794,6.555679568096505,6.83837891060723,6.988659206877533,7.085166198285116,7.165717434271006,7.532153740789934,7.638779238391747,8.014824315812277,8.916982035051152,9.39360035810834,,6.467352977610312,6.982900475457816,6.432939730047329,6.491367876975757,6.770273536898096,7.346096334381031,8.748111559592715,6.430402224278213,"rgba(38, 166, 154, 0.5)",0.7296535522462496,6.430402224278213,0.7532311382982272,62.674243507273935,7.5412980236663,True,False,True,False,True,7.3342024358901945,0.0,0.0,0.0,0.0,0,1.0153106422037934,0.9121972826144962,False,False,False,False,0.30098704914905766,0.31671544635861193,False,False,False,False,-15328699,-23170012.046597205,False,False,False,False,2227516.926743254,False,False,False,False
2024-08-19 00:00:00+00:00,6.8,7.05,6.73,6.97,1267677,,,,,,,,,,,6.952307569479926,6.288703964909735,6.292716240428919,6.87754725424639,6.886814417287607,6.329002584306243,6.272544655662295,6.246418564872956,6.22079900250449,6.433675835677839,6.457341835001299,6.443573459149664,6.439001513621267,6.430380790885858,6.429221442053639,6.491930722375045,6.525288103137787,6.655869297219963,6.770402594814263,6.789074141881346,6.8196944442256875,7.045812745003246,7.345455492628362,7.492666877093993,7.597166565484728,8.745858400172134,9.12976136193287,,,,,,,,,,,6.564520861947578,6.112333788864791,6.468224897176268,6.238952981786346,6.203714917800023,6.466850544443596,6.45076971977103,6.440363242718879,6.432892452503079,6.429442697477103,6.428116684130419,6.5561345252581935,6.838409722907496,6.988481084207148,7.084860098612596,7.165306363472344,7.531289063663175,7.637794600946221,8.01340975536719,8.914542792413076,9.390641484791859,,6.468224897176268,6.952307569479926,6.433675835677839,6.491930722375045,6.770402594814263,7.345455492628362,8.745858400172134,6.432358816901794,"rgba(38, 166, 154, 0.5)",0.7191624257383438,6.432358816901794,0.5112074406845699,61.739970200789,7.5412980236663,True,False,True,False,True,6.101956419635208,0.0,0.0,0.0,0.0,0,1.0164571222088785,0.9091165123866812,False,False,False,False,0.29738273867435505,0.3070490925164835,False,False,False,False,-16596376,-22912222.39771104,False,False,False,False,2189876.145302342,False,False,False,False
2024-08-20 00:00:00+00:00,6.34,6.8,6.32,6.8,1447481,,,,,,,,,,,6.849250116157702,6.2949930666752,6.2951196570229335,6.87491884270242,6.885508029169761,6.329383645007408,6.2730474384413855,6.246972241723311,6.221401239463254,6.433779924009973,6.457396388202641,6.443652671000625,6.439088686801481,6.430482751185903,6.429325096393247,6.491921560925683,6.52522152667826,6.6555873171856605,6.769937362352867,6.788579386484853,6.819151688967944,7.044939669844657,7.344164672190814,7.491182498835456,7.59555372360275,8.742784213367969,9.126214497977445,,,,,,,,,,,6.559763673408508,6.121345124241844,6.468271539606219,6.239520845740758,6.204349258366629,6.466887692676999,6.450836138114658,6.440448079963386,6.432990219853357,6.429546094349559,6.428222006195171,6.556016142939827,6.8378382834601625,6.987689057687027,7.083932987137459,7.1642660273716015,7.529756877692328,7.636135154224702,8.01127735469336,8.911259816933287,9.386774195849387,,6.468271539606219,6.849250116157702,6.433779924009973,6.491921560925683,6.769937362352867,7.344164672190814,8.742784213367969,6.4278422805847795,#000000,0.7121771720039815,6.4278422805847795,-0.12334329719892864,57.71404033732835,7.5412980236663,True,False,True,False,False,3.0556017325261244,0.0,0.0,0.0,0.0,0,1.003680314278775,0.92236490553684,False,False,False,False,0.20423901080254475,0.2556440516595141,False,False,False,False,-18043857,-22721306.107604723,False,False,False,False,2160762.610192446,False,False,False,False
2024-08-21 00:00:00+00:00,6.39,6.48,6.315,6.32,838355,,,,,,,,,,,6.797637318994475,6.29679995790883,6.295831407152555,6.8730569955355385,6.884582281514653,6.329475368602476,6.2732130668624615,6.247169563649661,6.22162869378476,6.433735855379174,6.457329231158862,6.4436009292639795,6.4390420354352225,6.4304455626878205,6.429289261445528,6.491823962761414,6.525091642348719,6.655336035623897,6.7695816350120195,6.78820679397697,6.818751698060908,7.044352421366977,7.343339094042931,7.490246503949752,7.594544691950895,8.740935335228091,9.124093377725828,,,,,,,,,,,6.554131956281796,6.125108140141784,6.4681643646607165,6.239727006173169,6.204596487784045,6.466809724417333,6.450776366383628,6.440399902552636,6.432950257635039,6.42950997921735,6.428187429673673,6.555857376393602,6.837421992980275,6.98714775303235,7.0833151233886404,7.163583624848952,7.528793711390902,7.635099746439328,8.009970935217526,8.909290699167936,9.384468389514831,,6.4681643646607165,6.797637318994475,6.433735855379174,6.491823962761414,6.7695816350120195,7.343339094042931,8.740935335228091,6.4251887309101265,#000000,0.7088238704209554,6.4251887309101265,-0.04964382885303937,55.36535079254002,10.510431409907874,True,False,True,False,False,3.354089569468659,0.0,0.0,0.0,0.0,0,1.0109298078874023,0.9319062823702785,False,False,False,False,0.1597178816320551,0.20768096664578461,False,False,False,False,-17205502,-22505000.064169243,False,False,False,False,2108903.4882241148,False,False,False,False
2024-08-22 00:00:00+00:00,6.17,6.42,6.085,6.42,1077740,,,,,,,,,,,6.724654857588876,6.295170135594204,6.295188424777268,6.869841003866614,6.8829858543833655,6.329287960146463,6.273129036324499,6.247131638108411,6.221634362712564,6.433431366299171,6.457008218963095,6.443302474157243,6.438751277239385,6.430169129989475,6.429015454714441,6.491479001533813,6.524707353823628,6.654803237026416,6.768918230860929,6.787522208802318,6.818032756411907,7.043401813333436,7.342090012371745,7.4888591881102675,7.593066548928839,8.738390871958268,9.121201870020325,,,,,,,,,,,6.540278450290748,6.126843297499324,6.467707983132222,6.239701945427085,6.204630444777862,6.4664730438925195,6.450466090701935,6.4401067673123675,6.432669432226226,6.42923550122225,6.4279159372926085,6.555438518901447,6.836682790142957,6.9862539733708955,7.082326688373858,7.162514500779401,7.527372627361881,7.633589100401755,8.008118116567845,8.906592990093268,9.381341129489376,,6.467707983132222,6.724654857588876,6.433431366299171,6.491479001533813,6.768918230860929,7.342090012371745,8.738390871958268,6.4204486677977926,#000000,0.7056879590121683,6.4204486677977926,-0.35490001579221236,52.31026416039902,7.642880998467305,True,False,False,False,False,1.92123373555048,0.0,0.0,0.0,0.0,0,0.988604606850997,0.9348827116060463,False,False,False,False,0.12051988941524348,0.16410042803051406,False,False,False,False,-18283242,-22339440.9243979,False,False,False,False,2068465.7043721888,False,False,False,False
2024-08-23 00:00:00+00:00,6.51,6.6,6.21,6.21,898104,,,,,,,,,,,6.697325221853361,6.2978588733899015,6.296275641706093,6.868070772964812,6.882094177426976,6.329453207322427,6.273371047532073,6.247406193254595,6.221939919209448,6.433439341373425,6.456988658038433,6.443298721099575,6.438752689192278,6.430180140578352,6.429027709578697,6.491423600156477,6.524617056670179,6.654581845516015,6.768584669974203,6.787170555162079,6.817651696863895,7.042818998899544,7.3412511788002695,7.4879017000379395,7.59203041278973,8.736455486952947,9.118975263469698,,,,,,,,,,,6.536880336534986,6.131311591263544,6.467664715118419,6.239985576280303,6.204956420551207,6.466442363766604,6.450454118630157,6.440106646369229,6.43267767244455,6.429247527023355,6.427929377411478,6.555316863634129,6.836284194793798,6.985720670002595,7.0817108689531505,7.161829324555295,7.5263858762684706,7.632524484828223,8.006762872032315,8.904528978539119,9.378917032827333,,6.467664715118419,6.697325221853361,6.433439341373425,6.491423600156477,6.768584669974203,7.3412511788002695,8.736455486952947,6.419266177184278,#000000,0.7041543391420645,6.419266177184278,0.1288550219349224,52.6113819354915,7.642880998467305,True,False,False,False,False,3.9696349963176196,0.0,0.0,0.0,0.0,0,0.9842391988915481,0.9364791955326026,False,False,False,False,0.16175763984814875,0.1629290339393314,False,False,False,False,-17385138,-22145154.535205826,False,False,False,False,2022569.1669458286,False,False,False,False
2024-08-26 00:00:00+00:00,6.48,6.6,6.4,6.51,699377,,,,,,,,,,,6.683134671805217,6.300644554932298,6.297421047342049,6.866872810261162,6.881485755718942,6.3296434665389505,6.273619187909235,6.247678512667899,6.222235324499171,6.433495915420967,6.457021179291384,6.44334296128046,6.438800706224602,6.4302351731749345,6.429083528693885,6.491425199287478,6.524591109157549,6.654452529551561,6.768367470639283,6.786939198507529,6.817397319243924,7.042406010135913,7.3406376286709145,7.487195176040007,7.591262129584834,8.734985557693172,9.117278374532122,,,,,,,,,,,6.5357607401111135,6.135289917675615,6.467695891194554,6.240264637753099,6.205267099700454,6.466466610468257,6.4504922805019556,6.440153557309855,6.432730721439753,6.4293032313735585,6.427985975646246,6.555266037751262,6.836016052211855,6.9853466100151635,7.081271919923915,7.161336016010233,7.52565636911692,7.631733773900356,8.005744998957823,8.902958800528966,9.377066297585976,,6.467695891194554,6.683134671805217,6.433495915420967,6.491425199287478,6.768367470639283,7.3406376286709145,8.734985557693172,6.418899306119132,#000000,0.7046135481606328,6.418899306119132,0.08671518457226532,52.590495944073155,7.642880998467305,True,False,False,False,False,3.770839946419855,0.0,0.0,0.0,0.0,0,0.9981448976803339,0.9316660185194917,False,False,False,False,0.18771638906195717,0.17532271150064427,False,False,False,False,-18084515,-21985913.769119326,False,False,False,False,1970679.2780459924,False,False,False,False
2024-08-27 00:00:00+00:00,6.17,6.3,5.92,6.26,1308384,,,,,,,,,,,6.619439147987474,6.296213256672672,6.295620092487666,6.862492114980245,6.879291955208927,6.3292107971533715,6.273316726499165,6.247435239360567,6.222047886920558,6.43296055783417,6.456474667114874,6.4428255065151045,6.438293313025304,6.429746517757202,6.428598635943484,6.490859905958954,6.523979780003445,6.6536668681756375,6.7674264849090005,6.785972958530611,6.816390150403397,7.041124908261649,7.339001012568815,7.48539389416323,7.58935303426278,8.73179592541032,9.113670987586811,,,,,,,,,,,6.517140073017841,6.1351833560877935,6.466930324657638,6.240037886895212,6.205115706540327,6.465900005866179,6.449959557056361,6.439643017190316,6.4322362101660655,6.428817320178476,6.427504342843844,6.554614668138105,6.834984864899414,6.984132708058158,7.0799461112440145,7.15991419556798,7.5238150198992555,7.629786287671832,8.003387871846062,8.899584723647763,9.373174906599344,,6.466930324657638,6.619439147987474,6.43296055783417,6.490859905958954,6.7674264849090005,7.339001012568815,8.73179592541032,6.413861893802323,#000000,0.6991573564000262,6.413861893802323,-0.34879400405363964,50.398220016274365,5.536415336253924,False,False,False,False,False,1.734042338983219,0.0,0.0,0.0,0.0,0,0.9831026730467785,0.9298583037703161,False,False,False,False,0.08235433663908863,0.12883852406986646,False,False,False,False,-19392899,-21884226.91542837,False,False,False,False,1944706.9142010515,False,False,False,False
2024-08-28 00:00:00+00:00,5.91,6.18,5.88,6.18,1107204,,,,,,,,,,,6.563548329192084,6.289628880413905,6.292863125327767,6.8581246941147604,6.877100454561011,6.328589831759502,6.272812705253439,6.246985668024174,6.221649520052271,6.432300319425054,6.455815901846552,6.442193576101967,6.437670844223679,6.429141680924897,6.427997714832809,6.490197857651355,6.523280620869832,6.6528265929396575,6.766457933577857,6.784983470953311,6.8153667776441464,7.039877448465505,7.33745952225298,7.48371624981049,7.587586767240099,8.728957920908265,9.110482159109498,,,,,,,,,,,6.497434126284639,6.13274991933661,6.466017111517748,6.239603520906198,6.204750173181485,6.4652227889391884,6.449313477724454,6.439017543796637,6.431625737113805,6.428215280052786,6.4269067554685355,6.553883783522782,6.833941760242454,6.982940211886079,7.078662121027605,7.15855091692311,7.52210445932523,7.627988721958196,8.001249085085878,8.896591852424985,9.36974730478115,,6.466017111517748,6.563548329192084,6.432300319425054,6.490197857651355,6.766457933577857,7.33745952225298,8.728957920908265,6.408786083387971,"rgba(239, 83, 80, 0.5)",0.6976064095906567,6.408786083387971,-0.7149964170780055,47.358052608029,2.5651793094566386,False,False,False,True,False,0.07273412940481094,0.0,0.0,0.0,0.0,0,0.9854978044076005,0.9331729388106866,False,False,False,False,0.06103953444858989,0.09493902925922817,False,False,False,False,-20500103,-21829947.546195887,False,False,False,False,1911863.6626637555,False,False,False,False
2024-08-29 00:00:00+00:00,6.01,6.15,5.925,5.95,1060047,,,,,,,,,,,6.521613235460423,6.284358157285018,6.290598027334748,6.854166896899815,6.875102618667065,6.328064507906312,6.272397007910086,6.246620698423777,6.2213323018813265,6.431724667756317,6.45523869467977,6.441641359206955,6.437127396987654,6.428614574228217,6.427474145986495,6.489614095102449,6.522660946449139,6.65207050809781,6.765578561329446,6.784083998131325,6.8144347586158105,7.038729397016492,7.336028874743243,7.482154710858471,7.585939867134755,8.726284240637192,9.107472670574959,,,,,,,,,,,6.4812248749245835,6.13110078402937,6.4652162089021665,6.239252717370327,6.204463632398315,6.464628373821813,6.448748096171827,6.438471322711939,6.4310934375404765,6.42769071317325,6.426386211654972,6.553233248561297,6.832990745070692,6.981845156240848,7.077478834591561,7.157291394495314,7.520511210731487,7.626311595278463,7.99924459189943,8.893769928505087,9.366509336280215,,6.4652162089021665,6.521613235460423,6.431724667756317,6.489614095102449,6.765578561329446,7.336028874743243,8.726284240637192,6.404798209187097,"rgba(239, 83, 80, 0.5)",0.6935208512874256,6.404798209187097,-0.5692665309978919,46.14806366944775,1.3592493889453436,False,False,False,True,False,0.7040228202929377,0.0,0.0,0.0,0.0,0,0.9853244984467536,0.9325039149973732,False,False,False,False,0.0630351475448314,0.07898708840202978,False,False,False,False,-19440056,-21736226.309090167,False,False,False,False,1878459.0876573336,False,False,False,False
2024-08-30 00:00:00+00:00,6.08,6.115,5.96,6.01,661313,,,,,,,,,,,6.499712739080052,6.2814663486067355,6.289328465891777,6.851786105253795,6.873895233700509,6.327763153514636,6.2721631141888885,6.246417899928442,6.221158793162037,6.431387100898299,6.454899029815755,6.441317009893165,6.436808406034615,6.428305566822733,6.427167264334634,6.489269044145918,6.522293356935984,6.651617359882012,6.7650483524816565,6.783541233519162,6.81387165888577,7.038031010531257,7.335153841395497,7.481197844865956,7.584929570014236,8.724633340753215,9.105612373349361,,,,,,,,,,,6.472160489801699,6.130325755568864,6.464744652928078,6.239058602600668,6.204308963413101,6.464278153344279,6.4484156833100625,6.438150641228459,6.430781269435593,6.4273832370782396,6.426081152870034,6.5528462302428565,6.832415759598054,6.981179960938725,7.076758375581468,7.156523269849538,7.519534494569678,7.6252823472405336,7.998010925769648,8.892026587588159,9.364506595568765,,6.464744652928078,6.499712739080052,6.431387100898299,6.489269044145918,6.7650483524816565,7.335153841395497,8.724633340753215,6.402636896806465,#000000,0.6841452350941042,6.402636896806465,-0.47159123568563055,45.92532643777295,1.0131371969170857,False,False,False,True,False,1.148469420964549,0.0,0.0,0.0,0.0,0,1.0099631343143298,0.9345869058932881,False,False,False,False,0.0630351475448314,0.0710111179734306,False,False,False,False,-18778743,-21620246.57147879,False,False,False,False,1830727.8685335168,False,False,False,False
2024-09-03 00:00:00+00:00,5.84,6.28,5.8,6.12,1399888,,,,,,,,,,,6.452448603575101,6.27356800311477,6.28581375497325,6.846303815141158,6.871108664467487,6.326947025695333,6.2714943183322305,6.24581788697484,6.220623464579032,6.430527500054995,6.454042587177973,6.440494521942147,6.435997910350189,6.427517422598025,6.426384125737125,6.488409992338796,6.521387921413699,6.6505354244757635,6.763805626907729,6.782272253239492,6.812560188750515,7.036438751815469,7.333192662090193,7.479065777482423,7.582686287618356,8.721043161433807,9.101581084380191,,,,,,,,,,,6.450831312908864,6.127148902677417,6.463561365966101,6.238477802285555,6.203815094941992,6.463398378154608,6.44757528640627,6.437336332276813,6.429985966190175,6.426598662071927,6.425302270258787,6.551901204862155,6.831079561923538,6.979656586654905,7.075120332555931,7.154785763392739,7.517361123493743,7.622999799940131,7.99529971700662,8.888241694583506,9.360175049511016,,6.463561365966101,6.452448603575101,6.430527500054995,6.488409992338796,6.763805626907729,7.333192662090193,8.721043161433807,6.397566731082297,"rgba(239, 83, 80, 0.5)",0.6720507810065521,6.397566731082297,-0.8296497033263047,44.183976733209136,-0.8101051647103148,False,True,False,True,False,0.0,0.0,0.0,0.0,0.0,0,1.0094994424353592,0.9104926370202078,False,False,False,False,0.0637004625676084,0.0673557902705195,False,False,False,False,-20178631,-21563712.627499234,False,False,False,False,1813832.1874145556,False,False,False,False
2024-09-04 00:00:00+00:00,5.67,5.92,5.64,5.76,1000386,,,,,,,,,,,6.409690890251631,6.264030009808564,6.2815358683415266,6.841406599485787,6.868620415022108,6.325988257402545,6.270650951932869,6.245030153805114,6.219887831246744,6.4296071519579305,6.453140481491348,6.4396200190605795,6.435133382022256,6.426671499668314,6.42554285891841,6.487524504512497,6.52047193379172,6.649502488666478,6.762662235287766,6.7811107059082945,6.811369327706412,7.035058266836484,7.331558166592285,7.477313684730823,7.580858459707873,8.718269010499547,9.09849525943653,,,,,,,,,,,6.429853902460677,6.121677734799246,6.462324158346263,6.237705615410994,6.203112558592627,6.46247744253627,6.4466861608366335,6.436468573106362,6.429133919784081,6.425755989937784,6.424464893391817,6.550960040760245,6.829871872323816,6.978322605566471,7.073708994427681,7.153306120183723,7.515580932501449,7.6211456295553495,7.993146796923163,8.885330004229605,9.356876670642292,,6.462324158346263,6.409690890251631,6.4296071519579305,6.487524504512497,6.762662235287766,7.331558166592285,8.718269010499547,6.392475738794792,"rgba(239, 83, 80, 1.0)",0.6459702389033214,6.392475738794792,-1.1184350226743502,41.996426613522395,-3.011282622441783,False,True,False,True,False,0.0,0.0,0.0,0.0,0.0,0,1.0058487755590972,0.9167890586752497,False,False,False,False,-0.0053012675201105156,0.03102726137520449,False,False,False,False,-21179017,-21548626.524460047,False,False,False,False,1781932.3369277103,False,False,False,False
2024-09-05 00:00:00+00:00,5.6,5.81,5.58,5.73,616864,,,,,,,,,,,6.382935462804148,6.25744016391912,6.278544353725631,6.838190036509024,6.866982870190199,6.325317666399701,6.270053558738996,6.244468387986274,6.219359390971804,6.428974856658224,6.452522794368407,6.43902003983618,6.434539843709873,6.426089978341247,6.424964433658621,6.4869209544945905,6.519850153069381,6.648810597604133,6.7619032326195585,6.780340645612065,6.810581428983998,7.034155863259993,7.330501285318973,7.4761852966936715,7.5796841921124845,8.716515040406682,9.096549981849966,,,,,,,,,,,6.416091197693877,6.117684080029839,6.461478730790311,6.237153806965416,6.20260523392705,6.461847701351761,6.446076788868547,6.435872937792611,6.428548413581899,6.425176618990295,6.423889043595668,6.550323407310523,6.829073783136927,6.977448280739587,7.072787974074247,7.152343599054828,7.514435529289072,7.619955490699996,7.991774168355708,8.883491620224119,9.354800840056425,,6.461478730790311,6.382935462804148,6.428974856658224,6.4869209544945905,6.7619032326195585,7.330501285318973,8.716515040406682,6.389131002976356,"rgba(239, 83, 80, 1.0)",0.625908147421228,6.389131002976356,-1.2607776496081964,40.12248011209215,-4.8772050880626665,False,True,False,True,False,0.0,0.0,0.0,0.0,0.0,0,1.0185122907317687,0.9128929198238626,False,False,False,False,-0.027838526674788634,0.001594367350207928,False,False,False,False,-21795881,-21558322.77840279,False,False,False,False,1736243.3825383885,False,False,False,False
2024-09-06 00:00:00+00:00,5.41,5.65,5.275,5.65,994896,,,,,,,,,,,6.331671076778281,6.243315348941668,6.272089283073475,6.832081880571695,6.863873770007929,6.323883202193299,6.268746706938691,6.243225098506373,6.218175383371061,6.4276670888689535,6.451253556050499,6.437782507800119,6.4333140223849785,6.424886017146985,6.423766479430388,6.485691830452957,6.518594080975509,6.6474499627928285,6.7604384457225954,6.778858579886056,6.809071556384649,7.0324715301746865,7.328576673344934,7.474149529059796,7.577577897214465,8.71348843833079,9.093217993997053,,,,,,,,,,5.444999999999999,6.388761764921698,6.108361902405338,6.459746998952108,6.235928287434521,6.2014585513655,6.460556988743306,6.444822388498582,6.43464325838966,6.427337077647348,6.423976783864367,6.4226960404119104,6.549046278713179,6.827548252646268,6.9758067114549265,7.071075344863965,7.150566593132043,7.512373634084284,7.617825196278047,7.989356492338559,8.880330304255457,9.351260066765416,,6.459746998952108,6.331671076778281,6.4276670888689535,6.485691830452957,6.7604384457225954,7.328576673344934,8.71348843833079,6.332920089271155,"rgba(255, 0, 0, 1.0)",0.6053543969818098,6.332920089271155,-1.5245946735873583,37.78151337021219,-7.156416654358502,False,True,False,True,False,0.0,0.0,0.0,0.0,0.0,0,1.0019411311642623,0.9116499094485728,False,False,False,False,-0.0896976283245799,-0.04405163048718599,False,False,False,False,-22790777,-21606654.316504642,False,False,False,False,1707170.9361643342,False,False,False,False
2024-09-09 00:00:00+00:00,5.76,5.87,5.55,5.57,1276502,,,,,,,,,,,6.292024129960478,6.2320420942449495,6.2667232252834655,6.82589840244251,6.860692451911713,6.322637199731232,6.267647271558595,6.242196446363132,6.217213027292971,6.426473736291227,6.4500842688897055,6.43664840531119,6.432192647790319,6.423788386868581,6.422674817786541,6.48454472303389,6.517408461966945,6.646116578588325,6.758965218566693,6.777362357454526,6.807538208850297,7.030698184548903,7.3264814521838195,7.471905247809448,7.575237629811231,8.709947288308108,9.089281160427632,,,,,,,,,,5.60329373070388,6.365687420115173,6.1016936420786045,6.458148068957936,6.234919419595524,6.200538303599868,6.459363710025144,6.443669642682438,6.433517757924145,6.4262316235345995,6.422883317436057,6.421609362237821,6.547828921436917,6.825993603708725,6.97409223372976,7.0692629418983,7.148667651322672,7.510093744268525,7.61545155235364,7.986603862260453,8.876614548854032,9.347053359807926,,6.458148068957936,6.292024129960478,6.426473736291227,6.48454472303389,6.758965218566693,7.3264814521838195,8.709947288308108,6.335379729851987,"rgba(239, 83, 80, 0.5)",0.5888302038858687,6.335379729851987,-0.97715729603353,39.66159101778388,-7.156416654358502,False,True,False,True,False,0.0,0.0,0.0,0.0,0.0,0,1.0129909614651291,0.8939646909686795,False,False,False,False,-0.023859960758023768,-0.03395579562260488,False,False,False,False,-21514275,-21603031.598210342,False,False,False,False,1690281.9582755368,False,False,False,False
2024-09-10 00:00:00+00:00,5.67,5.77,5.55,5.77,573441,,,,,,,,,,,6.274045563231256,6.226521639384487,6.264068177951275,6.822984319327277,6.85918960840135,6.322019847403678,6.267097172841419,6.2416790732415235,6.2167262778888075,6.425890572989695,6.4495143402277915,6.4360947689159085,6.431644935347418,6.42325172789397,6.4221410012323386,6.4839875688820765,6.516834436574043,6.645477667491855,6.758264249257877,6.776651164234083,6.806810520202793,7.0298644997387045,7.32550481147097,7.47086240970991,7.5741522876474,8.708325521371451,9.087482365248286,,,,,,,,,,5.6153960569766275,6.354860977143116,6.098280147615951,6.457370058003136,6.2344111947463015,6.200070965947993,6.458782690788697,6.443107364879733,6.432968117445076,6.425691300942216,6.422348633348818,6.421077910960758,6.547241134501077,6.825256486798967,6.973284546755795,7.0684120167804245,7.147778320104266,7.509035142915167,7.6143514928248335,7.985334888696155,8.874914670224637,9.345133761096596,,6.457370058003136,6.274045563231256,6.425890572989695,6.4839875688820765,6.758264249257877,7.32550481147097,8.708325521371451,6.333405540895301,"rgba(239, 83, 80, 1.0)",0.5788631916039051,6.333405540895301,-1.1460489292075167,40.309714050159364,-7.156416654358502,False,True,False,True,True,0.0,0.0,0.0,0.0,0.0,0,1.015553771905453,0.8925848177075293,False,False,False,False,-0.03712549281552108,-0.03554064421906298,False,False,False,False,-22087716,-21622038.829653073,False,False,False,False,1646484.2736372806,False,False,False,False
2024-09-11 00:00:00+00:00,5.61,5.73,5.475,5.73,591552,,,,,,,,,,,6.25487426647199,6.220359689329729,6.261090060089361,6.819843022220918,6.857567817836215,6.321327915223389,6.266476023092908,6.241092594179272,6.216172216642752,6.4252439770470415,6.448883716912419,6.435481427532841,6.4310379057172895,6.42265647719552,6.421548838240631,6.483372811888966,6.516202673554371,6.64478035333838,6.7575036063511575,6.775880069562895,6.806022572921063,7.028968883082304,7.324463211473723,7.469753217889059,7.572999817284999,8.706622327383501,9.085597158796169,,,,,,,,,,5.613606444474256,6.34312381557508,6.09434925575333,6.456510225505116,6.233834408719377,6.199537417171773,6.458140320383581,6.44248484923723,6.4323590264578625,6.4250921264537535,6.421755520728669,6.420488310174618,6.5465956395005955,6.824458942324224,6.972415336391857,7.067498897527862,7.146826008939697,7.507909905144452,7.613184097949966,7.983994439358645,8.873131171331528,9.343124290027664,,6.456510225505116,6.25487426647199,6.4252439770470415,6.483372811888966,6.7575036063511575,7.324463211473723,8.706622327383501,6.330499973169929,"rgba(239, 83, 80, 1.0)",0.5759457557034154,6.330499973169929,-1.2509858194717767,40.32915244298076,-7.156416654358502,False,True,False,True,True,0.0,0.0,0.0,0.0,0.0,0,1.0093172781077187,0.8943207024501936,False,False,False,False,-0.05239730802263026,-0.04396897612084662,False,False,False,False,-22679268,-21663498.797117658,False,False,False,False,1605114.3805534656,False,False,False,False
2024-09-12 00:00:00+00:00,5.65,5.69,5.57,5.61,366612,,,,,,,,,,,6.244087305967747,6.216795178981015,6.259346287126302,6.8179548703054484,6.856590180176105,6.320918690191189,6.266110053498634,6.24074773569766,6.215847108180123,6.424859213623838,6.448508011104343,6.435116242505431,6.430676553652648,6.42230227773725,6.421196493763544,6.483005969930413,6.5158251716541775,6.644361811736086,6.757045643036119,6.7754156065785365,6.805547625872016,7.028426724030332,7.323830193551516,7.469078124599595,7.5722977369719,8.705578484964896,9.084440454085362,,,,,,,,,,5.615829465118312,6.336336636423033,6.092100014522022,6.455998002612366,6.233495452366252,6.199224818924373,6.4577574576385155,6.442114081827302,6.4319964250038915,6.424735551024774,6.4214026081666296,6.420137507401508,6.546209479115869,6.823978012009992,6.971889662961529,7.066945807998138,7.146248517217324,7.507224804617122,7.612472688020861,7.9831755065204355,8.872037531689791,9.341890552350959,,6.455998002612366,6.244087305967747,6.424859213623838,6.483005969930413,6.757045643036119,7.323830193551516,8.705578484964896,6.328986840339501,"rgba(239, 83, 80, 1.0)",0.569134224735282,6.328986840339501,-1.193017061406408,40.76656089627798,-7.156416654358502,False,True,False,True,True,0.0,0.0,0.0,0.0,0.0,0,1.0221740067091374,0.8913766041916721,False,False,False,False,-0.07696450436630803,-0.06046674024357732,False,False,False,False,-22312656,-21688955.942328732,False,False,False,False,1556545.6597474474,False,False,False,False
2024-09-13 00:00:00+00:00,5.8,5.81,5.64,5.65,535469,,,,,,,,,,,6.231808204255497,6.212668384332164,6.257277176294366,6.815471411790526,6.855297460827873,6.320420713072579,6.265672392915269,6.240339113438518,6.215465703499422,6.424378616739405,6.448036402700352,6.434659081781202,6.430224607156029,6.421860058677155,6.420756693306678,6.482542409111935,6.515345382262104,6.6438198024207304,6.75644501449621,6.774805346357582,6.804921810238021,7.0277000330634944,7.322968518338444,7.468153914855875,7.571333189131513,8.704111392918005,9.082807868351122,,,,,,,,,,5.632389249794245,6.328222797974265,6.089661944397008,6.455354333023012,6.233094947690167,6.198860721909608,6.45727599117423,6.441649269037361,6.431542791483024,6.424290135616447,6.420962079739094,6.419699729790345,6.545716252946891,6.82334325435931,6.971187720746309,7.066202691071027,7.145469098428718,7.506285628884449,7.611494080407988,7.982038131160384,8.870497410560462,9.340145118279736,,6.455354333023012,6.231808204255497,6.424378616739405,6.482542409111935,6.75644501449621,7.322968518338444,8.704111392918005,6.327900195832353,"rgba(239, 83, 80, 0.5)",0.5667574278130343,6.327900195832353,-0.931439395279527,42.63292461784583,-7.156416654358502,False,True,False,True,True,0.0,0.0,0.0,0.0,0.0,0,1.0241194546905898,0.9014457064448977,False,False,False,False,-0.066096095300974,-0.06328141777227567,False,False,False,False,-21777187,-21692415.983806036,False,False,False,False,1516503.437796567,False,False,False,False
2024-09-16 00:00:00+00:00,5.9,5.965,5.7167,5.8,660210,,,,,,,,,,,6.220770987201751,6.20887179061161,6.25530010517416,6.812741375527434,6.8538667703628695,6.319926702661797,6.265249278885935,6.239949629722244,6.2151078073571036,6.423884000183152,6.447547770559983,6.434187152345877,6.429758642724418,6.421405218836202,6.420304485127937,6.482057810775654,6.514839990703958,6.6432349867197695,6.7557866985631225,6.774134992770212,6.804231992531742,7.026882626906073,7.321981995484473,7.467089013291954,7.570217457839145,8.702372163065277,9.080863866159051,,,,,,,,,,5.66252619637203,6.32037755601984,6.087666417786663,6.454686479349559,6.232714864307622,6.198522998062416,6.456775924320933,6.441168510992604,6.431074913367232,6.4238316853929796,6.420509096578665,6.419249739752234,6.545193350884927,6.822642171294836,6.970401624836679,7.0653644842572,7.14458535284871,7.505201859492168,7.61036049741116,7.98070677795809,8.868667807160133,9.338061612897016,,6.454686479349559,6.220770987201751,6.423884000183152,6.482057810775654,6.7557866985631225,7.321981995484473,8.702372163065277,6.327592115890278,"rgba(239, 83, 80, 0.5)",0.565590562760686,6.327592115890278,-0.7560099903420796,44.87902832838004,-9.64902879929052,False,True,False,True,True,0.2406850878859359,0.0,0.0,0.0,0.0,0,1.0128979456525118,0.8890103287163177,False,False,False,False,-0.03880788308313061,-0.051044650427703134,False,False,False,False,-21116977,-21669849.749146976,False,False,False,False,1482923.3029810155,False,False,False,False
2024-09-17 00:00:00+00:00,5.96,6.13,5.915,5.97,996311,,,,,,,,,,,6.21136279336994,6.205554149736282,6.253406829208669,6.809257101065835,6.852021105135963,6.319411583710417,6.264834482802367,6.2395814159348895,6.214783480630646,6.42332577594854,6.446988806807279,6.433651261493466,6.42923086291807,6.420892558764095,6.419795124240241,6.481493646006159,6.514242948868787,6.642512909654075,6.754951370058306,6.77328118998586,6.80334827446303,7.025800229243049,7.320639264463608,7.465625567554993,7.568675213932416,8.699881664496125,9.078062990595077,,,,,,,,,,5.7188881272533045,6.312508334566869,6.08655063441487,6.453920152371806,6.232359669275651,6.198226872575849,6.456201087144163,6.440620460816366,6.430544564950592,6.423314211462119,6.4199988013126665,6.418743196768477,6.544568079213029,6.821740994501827,6.969367997944561,7.064249649105119,7.143400308158714,7.503709146713077,7.608790325144952,7.978834318530383,8.866040305790072,9.335049536239794,,6.453920152371806,6.21136279336994,6.42332577594854,6.481493646006159,6.754951370058306,7.320639264463608,8.699881664496125,6.328672706213158,"rgba(239, 83, 80, 0.5)",0.5646631141058333,6.328672706213158,-0.652907365477496,46.978343085722855,-7.579835121541976,False,True,False,False,True,0.6591693282586633,0.0,0.0,0.0,0.0,0,1.0239839380765121,0.8857248098612739,False,False,False,False,-0.02425674090465368,-0.03765069566617841,False,False,False,False,-20120666,-21609097.44525886,False,False,False,False,1463840.4675699954,False,False,False,False
2024-09-18 00:00:00+00:00,5.85,6.09,5.7721,5.91,703540,,,,,,,,,,,6.2023183746852,6.2021831609019475,6.251574902732799,6.806519400954457,6.850573519471947,6.318937377805143,6.264433987589468,6.239215667863404,6.214450404070455,6.422841410421529,6.446508588867154,6.433188298362591,6.42877403324957,6.420447166806523,6.419352375641577,6.48101516249663,6.513742042033176,6.6419264637236894,6.754286313077981,6.7726032745065226,6.802649557210846,7.024964540952498,7.319622682237031,7.464525120454579,7.567520251824616,8.698062240859251,9.076025562477433,,,,,,,,,,5.738333736954047,6.3055085056208044,6.084893644619971,6.453264089234178,6.232003634282297,6.197914701743381,6.455709039783185,6.440148385286087,6.43008577509576,6.422865128391347,6.41955528265008,6.418302684579424,6.5440481648799045,6.821030204152116,6.968565929074284,7.063391616237459,7.142493541961658,7.5025884602147626,7.607616155017326,7.97744903690968,8.86412466504513,9.332863645612104,,6.453264089234178,6.2023183746852,6.422841410421529,6.48101516249663,6.754286313077981,7.319622682237031,8.698062240859251,6.328026041562502,"rgba(239, 83, 80, 0.5)",0.5632563943401181,6.328026041562502,-0.8486828491712608,47.233218560928506,-7.2405006243421255,False,True,False,False,True,0.0,0.0,0.0,0.0,0.0,0,1.0093861342625292,0.905683476950605,False,False,False,False,-0.11069363342681335,-0.07417216454649588,False,False,False,False,-20824206,-21578317.38858204,False,False,False,False,1434024.7629594074,False,False,False,False
2024-09-19 00:00:00+00:00,5.77,6.06,5.691,5.97,689137,,,,,,,,,,,6.192175952506365,6.198263441140617,6.249473511156807,6.8036656057190035,6.849064711943853,6.31840277533213,6.263973367172156,6.238790240503606,6.214058029097961,6.42230969000183,6.445983886459894,6.432681100683314,6.428273098413408,6.419957913616219,6.418865909496073,6.480495583403941,6.513201008292552,6.641303414218396,6.753587148535334,6.771891637151139,6.80191775477602,7.024100717798067,7.318583580213939,7.463404764731689,7.566347224903039,8.696241780280817,9.073992352129972,,,,,,,,,,5.7478484683714,6.297829131466977,6.08273801780496,6.452548616204505,6.231588045974696,6.197543423344243,6.455172361443872,6.439631931726286,6.429582828169661,6.422372076055597,6.419067992617414,6.417818564501428,6.543489106170738,6.820286741140519,6.967734508324632,7.062506267462055,7.141561006261684,7.501448555125196,7.606424642871101,7.976052274625467,8.862210314160917,9.330685476085637,,6.452548616204505,6.192175952506365,6.42230969000183,6.480495583403941,6.753587148535334,7.318583580213939,8.696241780280817,6.3266871154027235,"rgba(239, 83, 80, 0.5)",0.5629883905794086,6.3266871154027235,-0.9888074509490336,46.59236991128358,-7.2405006243421255,False,True,False,True,True,0.0,0.0,0.0,0.0,0.0,0,0.9837081048622854,0.9290120042770835,False,False,False,False,-0.13297589836019108,-0.10357403145334348,False,False,False,False,-21513343,-21575769.373343527,False,False,False,False,1404813.4781374699,False,False,False,False
2024-09-20 00:00:00+00:00,5.72,5.8085,5.635,5.77,568707,,,,,,,,,,,6.181531191484033,6.1940362582183015,6.247255050670925,6.80103342794655,6.847676271975266,6.317852748960113,6.2634872808948545,6.23833504749384,6.213631791006318,6.421781920874524,6.445466498589671,6.4321791176849406,6.4277766874903195,6.419471899652825,6.418382505734174,6.479987737857465,6.512676219214382,6.640713586105315,6.752935788550896,6.771230158821865,6.801239938072476,7.023317133277,7.3176581265786815,7.462413563146154,7.565313637577899,8.694678586061043,9.072254615574149,,,,,,,,,,5.745941302911279,6.290078496717123,6.080126956838816,6.45184474866169,6.231141491524189,6.197135586552714,6.454644471119316,6.439121786040958,6.4290846114044715,6.421882637240885,6.418583800030967,6.417337340792255,6.542950338872769,6.819599544375457,6.966976878420041,7.061705457201241,7.140722055649428,7.500441630214203,7.605376296870131,7.9748367386766885,8.860570102630252,9.328828696532172,,6.45184474866169,6.181531191484033,6.421781920874524,6.479987737857465,6.752935788550896,7.3176581265786815,8.694678586061043,6.324715072308271,"rgba(239, 83, 80, 1.0)",0.5631341830393294,6.324715072308271,-1.073838332889903,45.654034728569926,-7.2405006243421255,False,True,False,True,True,0.0,0.0,0.0,0.0,0.0,1,0.9630638179025276,0.9607167026521863,False,False,False,False,-0.19541095769216763,-0.14949249457275554,False,False,False,False,-22082050,-21595623.51556535,False,False,False,False,1372024.9887987454,False,False,False,False
2024-09-23 00:00:00+00:00,5.61,5.75,5.58,5.69,523156,,,,,,,,,,,6.170637963813868,6.189610960731806,6.244943993751967,6.7984570840354435,6.8463177869244385,6.317284609098135,6.262979575169018,6.237856801487285,6.213181125118629,6.421245574106279,6.444942315195959,6.431669646957593,6.427272570876812,6.41897777535651,6.417890958664599,6.479475360893027,6.512148696132539,6.640127762867757,6.7522941123818505,6.770579277590714,6.800574204846315,7.022555949473634,7.3167680612937955,7.461463778383786,7.564325488921654,8.693206055084405,9.07062215121339,,,,,,,,,,5.739816422968104,6.282220522816342,6.077266473205127,6.451132556855776,6.2306714841935396,6.196702405568313,6.454110276989262,6.43860451022475,6.428578751288586,6.421385198355609,6.418091465445921,6.416847937618131,6.542410473420499,6.81892532372255,6.966239115089514,7.060928739122366,7.13991071937629,7.499477619062969,7.604374857985178,7.973682793111619,8.859027007212823,9.327087085752837,,6.451132556855776,6.170637963813868,6.421245574106279,6.479475360893027,6.7522941123818505,7.3167680612937955,8.693206055084405,6.322482604460582,"rgba(239, 83, 80, 1.0)",0.5629775090311694,6.322482604460582,-1.265561399933536,43.92391985198266,-7.2405006243421255,False,True,False,True,False,0.0,0.0,0.0,0.0,0.0,1,0.9435725650211598,0.9673838927191455,False,False,False,False,-0.21881594732331866,-0.1841542209480371,False,False,False,False,-22605206,-21635214.98554318,False,False,False,False,1338736.0088458536,False,False,False,False
2024-09-24 00:00:00+00:00,5.74,5.9,5.62,5.62,514493,,,,,,,,,,,6.162443855584785,6.186169572426259,6.243090620546656,6.7961681998142875,6.845103314127485,6.3168155357237294,6.262567364848546,6.237471951941962,6.212821937510002,6.420791369420501,6.4444962750004064,6.431237250063911,6.426845094377315,6.41855947934383,6.417474936333518,6.479036542789203,6.511694395783441,6.639614098672265,6.7517245987123085,6.770000589074711,6.799980695753984,7.02186616117512,7.315949505650818,7.4605855330965465,7.563408694148775,8.691809949458154,9.06906820263735,,,,,,,,,,5.740589642410047,6.275943586450049,6.075177733287725,6.45052609127883,6.230294285736302,6.196359547586038,6.453654926866421,6.438164888119127,6.428149683913568,6.420963888629886,6.417674759920959,6.41643381823957,6.541943329620543,6.818323287443554,6.965572956214821,7.060223262966518,7.139170612066181,7.498585071467842,7.603444606223477,7.972601038953213,8.857561250750198,9.325425513901777,,6.45052609127883,6.162443855584785,6.420791369420501,6.479036542789203,6.7517245987123085,7.315949505650818,8.691809949458154,6.320994397437153,"rgba(239, 83, 80, 1.0)",0.5626948671462876,6.320994397437153,-1.032521231948803,44.548391933079756,-7.2405006243421255,False,True,False,True,False,0.0,0.0,0.0,0.0,0.0,1,0.9568251271471598,0.9634445020575225,False,False,False,False,-0.1797557157192468,-0.18195496833364194,False,False,False,False,-22090713,-21653077.652776785,False,False,False,False,1306412.7535969967,False,False,False,False
2024-09-25 00:00:00+00:00,5.59,5.76,5.57,5.76,489419,,,,,,,,,,,6.152864149405992,6.1821018344701715,6.240935503776213,6.793764530901208,6.8438308643924906,6.316280445047576,6.262088730652054,6.237020857973844,6.212396627443712,6.420286606185911,6.444003018965712,6.430757757016532,6.426370611950864,6.418094348616479,6.417012221734013,6.4785544888833515,6.511198231731139,6.63906360689987,6.75112201301135,6.769389416348371,6.799355668668285,7.021152123888029,7.315115220541739,7.459695523117311,7.562482889413986,8.690431939223059,9.067540856913071,,,,,,,,,,5.735398440035943,6.268844066230375,6.072524708771245,6.449856538030874,6.229850894241057,6.195950582329384,6.453152307859872,6.437678093155087,6.4276735693398,6.420495654411771,6.41721130652932,6.41597311305904,6.541435676307788,6.817690345049966,6.9648807605098,7.059494738576565,7.138409790984402,7.497681788262178,7.602506403310156,7.97152048158254,8.856117352990188,9.323796249914011,,6.449856538030874,6.152864149405992,6.420286606185911,6.4785544888833515,6.75112201301135,7.315115220541739,8.690431939223059,6.3189793278442625,"rgba(239, 83, 80, 1.0)",0.5631140252246166,6.3189793278442625,-1.294550118075083,43.40611867728366,-7.2405006243421255,False,True,False,True,False,0.0,0.0,0.0,0.0,0.0,1,0.9378645827568268,0.9655368982654992,False,False,False,False,-0.21881594732331866,-0.2003854578284803,False,False,False,False,-22580132,-21689432.72521691,False,False,False,False,1274373.7828677027,False,False,False,False
2024-09-26 00:00:00+00:00,5.75,5.85,5.63,5.63,613710,,,,,,,,,,,6.143659465520012,6.1780420202558535,6.238715717481108,6.791033208959198,6.842375696304096,6.315713000226504,6.261589105957635,6.236553905098027,6.2119603169220845,6.419738276374892,6.443464736414812,6.430235778022571,6.425854517249322,6.417589233502097,6.416509835041049,6.478025188352407,6.510650562469578,6.638445479088438,6.750437505250866,6.768694000915748,6.798642634704937,7.020324705350291,7.3141346988473535,7.458644023890411,7.561385561182873,8.688764207583542,9.065685236096575,,,,,,,,,,5.735880726716255,6.261589074775193,6.070027251756528,6.449125437176539,6.229393078407341,6.195533766486657,6.452602903184447,6.437147478815529,6.427155571004575,6.4199869318886815,6.416708098835296,6.415473008793097,6.5408727876147825,6.816967178561779,6.964081416562811,7.058648681356024,7.137522562297278,7.496613286770097,7.601393082892125,7.970226913762202,8.854366713724682,9.321812510194446,,6.449125437176539,6.143659465520012,6.419738276374892,6.478025188352407,6.750437505250866,7.3141346988473535,8.688764207583542,6.317219047242764,"rgba(239, 83, 80, 1.0)",0.5631391103953999,6.317219047242764,-1.0072449893322086,44.74417492559897,-7.2405006243421255,False,True,False,True,False,0.0,0.0,0.0,0.0,0.0,1,0.9443544733861836,0.974286523216308,False,False,False,False,-0.18793011874451743,-0.19415778828649888,False,False,False,False,-21966422,-21700295.04971821,False,False,False,False,1248465.399225832,False,False,False,False
2024-09-27 00:00:00+00:00,5.84,5.95,5.79,5.86,542958,,,,,,,,,,,6.13812887622054,6.175459655541858,6.237226923453344,6.788896351390181,6.84122781501473,6.315314045893036,6.26124720814089,6.236239066603923,6.211670913459455,6.419337446486744,6.4430684405456695,6.429852958645894,6.425476507851444,6.417220196200249,6.416142912296741,6.47763180405318,6.510240254039846,6.637970507970438,6.749902750703566,6.768149456149096,6.798082256712416,7.019660366229202,7.3133325906099635,7.457778020687731,7.56047807040598,8.687348694425927,9.06410285679496,,,,,,,,,,5.742214451967444,6.25674324788291,6.068626945562474,6.448586591674212,6.229085806632399,6.19526061806529,6.452197381328712,6.436757536707636,6.42677601943469,6.419614985323016,6.416340554471417,6.415107869616251,6.540448205155211,6.816397629425563,6.963442600040188,7.057967381002549,7.136804164664139,7.495731883961785,7.600470999538388,7.969143618788345,8.852877559549684,9.320116457809915,,6.448586591674212,6.13812887622054,6.419337446486744,6.47763180405318,6.749902750703566,7.3133325906099635,8.687348694425927,6.3163571140608665,"rgba(239, 83, 80, 0.5)",0.5630759473834657,6.3163571140608665,-0.8459908761410088,46.72432085727911,-7.174352071826057,False,True,False,False,True,0.0,0.0,0.0,0.0,0.0,1,0.9612053056516727,0.94621107266436,False,False,False,False,-0.13518886463552734,-0.16467332646101313,False,False,False,False,-21423464,-21689438.930121414,False,False,False,False,1220798.4423934463,False,False,False,False
2024-09-30 00:00:00+00:00,5.88,6.23,5.76,5.84,1387211,,,,,,,,,,5.956666666666667,6.1295184569679275,6.171013080915333,6.234437056299263,6.784044687898665,6.8385949479953725,6.314513648960721,6.260586135454998,6.23564312389212,6.21113632163675,6.418492499229183,6.442225836810039,6.42904273740218,6.424677722283321,6.416442735335698,6.415370213608534,6.476785960393358,6.509349792589673,6.636910083755709,6.748687505437519,6.7669089266209195,6.796800794781375,7.01810768450166,7.311423326886753,7.455703316096669,7.5582954529195145,8.683862033616183,9.06018885645738,,,,,,,,,,5.766949003992908,6.247768801158146,6.0667517264092705,6.4474397235378,6.228508075441285,6.194765400732538,6.451332535442368,6.435930234779763,6.425973599246179,6.418830698187845,6.415566491295886,6.414339223158082,6.539519599455535,6.815092321033052,6.961956518545236,7.056370403894604,7.135111068215022,7.493617107302243,7.598250183235679,7.966507557303721,8.849202285906106,9.3159115771535,,6.4474397235378,6.1295184569679275,6.418492499229183,6.476785960393358,6.748687505437519,7.311423326886753,8.683862033616183,6.291815898211056,"rgba(239, 83, 80, 0.5)",0.5625028368290299,6.291815898211056,-0.7321134601428259,48.528658547292494,-5.421794718999813,False,False,False,False,True,0.2481433229571124,0.0,0.0,0.0,0.0,1,0.9651379800853485,0.9096614509246088,False,False,False,False,-0.08517545719457992,-0.12492439182779652,False,False,False,False,-20036253,-21624608.10933234,False,False,False,False,1227324.4250446837,False,False,False,False
2024-10-01 00:00:00+00:00,5.4,5.88,5.39,5.88,1536505,,,,,,,,,,5.746454046836287,6.100914490593718,6.157488331642475,6.227053353485534,6.776170206030505,6.834382574999926,6.31264495350428,6.258897955694744,6.234043815508151,6.209620149208538,6.416752733008383,6.440529919152181,6.427391369682095,6.423042671073656,6.414838145810362,6.413773696333652,6.475134239287102,6.50765542903538,6.635050979204303,6.746668207258448,6.7648631565704544,6.794712348648011,7.015747084329635,7.308692306666678,7.45280060493006,7.555282827183574,8.679445604506517,9.055307848707498,,,,,,,,,,5.743128306849538,6.225609500990022,6.057461225838233,6.445145384701743,6.226933630542587,6.193301813971407,6.4496063727168504,6.434255203255281,6.424333208690563,6.4172159315353605,6.413967480987619,6.412749395031803,6.537790991587423,6.812979611213052,6.95966270717991,7.053965527729866,7.132606803356227,7.490673655165113,7.595199678393482,7.963016356624109,8.844580908541603,9.31071329508261,,6.445145384701743,6.100914490593718,6.416752733008383,6.475134239287102,6.746668207258448,7.308692306666678,8.679445604506517,6.274519698426518,"rgba(255, 0, 0, 1.0)",0.5645427712226997,6.274519698426518,-1.5490760718314804,44.86581685599791,-5.421794718999813,False,True,False,True,False,0.0,0.0,0.0,0.0,0.0,1,0.9349078045696125,0.9544178045126489,False,False,False,False,-0.23128306688086928,-0.17810372935433288,False,False,False,False,-21572758,-21622574.771711465,False,False,False,False,1239449.153474304,False,False,False,False
2024-10-02 00:00:00+00:00,5.37,5.42,5.21,5.4,751245,,,,,,,,,,5.662002845744485,6.082621674185714,6.148711803465682,6.222318204980164,6.771658421843455,6.831974841225537,6.31146571335601,6.257813926128375,6.233007694548903,6.2086287208519675,6.4156844479057575,6.439494173607431,6.426379729060327,6.422039985893749,6.413852187467476,6.4127924361544215,6.474132973047479,6.506635158156389,6.633956566036505,6.745498573916282,6.76368100345225,6.793510063012213,7.014419449247101,7.307190301896124,7.451217825620595,7.553648932835271,8.677136707301202,9.052774296189908,,,,,,,,,,5.7216225552984685,6.211837243878788,6.051069633910894,6.443747012108315,6.225910916332711,6.192338486433711,6.448554339572066,6.433230722760626,6.4233275608351486,6.416224295689918,6.4129847380754,6.411771996396934,6.53675615016168,6.811766050609894,6.958365822216236,7.052617550558221,7.131212173340774,7.489071951431944,7.593548469710337,7.9611549984548295,8.842172932934185,9.30802603070736,,6.443747012108315,6.082621674185714,6.4156844479057575,6.474132973047479,6.745498573916282,7.307190301896124,8.677136707301202,6.265684668906954,"rgba(255, 0, 0, 1.0)",0.566834961759716,6.265684668906954,-1.5801507128747623,42.18760918675788,-3.362720783888399,False,True,False,True,False,0.0,0.0,0.0,0.0,0.0,1,0.9064675992723168,0.9828857548574003,False,False,False,False,-0.34282825441539394,-0.2604659918848634,False,False,False,False,-22324003,-21650081.761056114,False,False,False,False,1220303.892553743,False,False,False,False
2024-10-03 00:00:00+00:00,5.49,5.55,5.35,5.35,602688,,,,,,,,,,5.634011832200351,6.071003572120909,6.142906021515377,6.2191057716942995,6.7683844904734185,6.830215882396771,6.3106471795848575,6.257068128925282,6.232298047169587,6.207952855120958,6.414931690221209,6.4387621335269225,6.425665854325744,6.421332805611186,6.4131575082940415,6.412101155709239,6.47342236553404,6.505908472524955,6.633167524659394,6.744647883828191,6.762820096644793,6.79263270157905,7.013438112829444,7.306066218278191,7.45002758262527,7.55241651926682,8.675358616257466,9.05081519359599,,,,,,,,,,5.711187490400146,6.202682080066859,6.046937039780006,6.4427587461302425,6.225211384635842,6.191683936361141,6.4478099927115045,6.432507187277558,6.422618179488083,6.415525411063714,6.412292397696093,6.411083522178728,6.536016775105484,6.81087938854063,6.957410000744495,7.051619312451221,7.130175678114507,7.487866084783224,7.59230161696296,7.959737402782325,8.840314998928875,9.305943216369446,,6.4427587461302425,6.071003572120909,6.414931690221209,6.47342236553404,6.744647883828191,7.306066218278191,8.675358616257466,6.261403273115661,"rgba(239, 83, 80, 1.0)",0.5680249645566867,6.261403273115661,-1.3580446657264444,42.01754326031175,-3.4562746888661877,False,True,False,True,False,0.0,0.0,0.0,0.0,0.0,1,0.9375487854941577,0.9653023110592018,False,False,False,False,-0.2860520782980204,-0.2732590350914419,False,False,False,False,-21721315,-21652875.221406855,False,False,False,False,1196083.6614732041,False,False,False,False
2024-10-04 00:00:00+00:00,5.5,5.6401,5.45,5.55,607146,,,,,,,,,,5.621088028914213,6.060969319293499,6.137720281195521,6.216180146803395,6.7652705889263105,6.828534722662727,6.309888972620977,6.256381245963255,6.231646368020119,6.207334106622087,6.41422763550989,6.438076139404886,6.424997539552432,6.420670976230869,6.41250778822845,6.411454665190664,6.4727547158188266,6.505224203585865,6.6324189816077475,6.743836593558986,6.7619984300032305,6.791794310054605,7.01249325696952,7.304976143358272,7.448870183545967,7.551216050737723,8.673606516372647,9.048880414650116,,,,,,,,,,5.704102938153751,6.1944947479828025,6.0433013648234075,6.441832845388679,6.224569556342275,6.191086008296957,6.4471120032201314,6.431829478653409,6.421954225362826,6.414871638353789,6.411644907311418,6.4104397055303615,6.535319210963393,6.81003149995251,6.956491275358322,7.050657135493719,7.129174548709176,7.486692723641373,7.591086322689161,7.958349060031876,8.838482314272962,9.303883657590212,,6.441832845388679,6.060969319293499,6.41422763550989,6.4727547158188266,6.743836593558986,7.304976143358272,8.673606516372647,6.258282324939914,"rgba(239, 83, 80, 1.0)",0.5690540594019055,6.258282324939914,-1.3325312637904632,42.03992969099113,-3.5046166532444545,False,True,False,True,False,0.0,0.0,0.0,0.0,0.0,1,0.9396879149681365,0.954173021055012,False,False,False,False,-0.24714735389757359,-0.26020319449450774,False,False,False,False,-21114169,-21631749.487234037,False,False,False,False,1172988.0669056277,False,False,False,False
2024-10-07 00:00:00+00:00,5.35,5.58,5.33,5.5,747123,,,,,,,,,,5.594411949570289,6.046665680145324,6.130324294284067,6.212042046926095,6.761120781692714,6.826297131665873,6.308826622819297,6.255410006794446,6.230720597911766,6.206450810039419,6.413255173097284,6.43713129110606,6.4240755700076715,6.419757460532076,6.411610060998051,6.410561276408592,6.471838693708702,6.504288633245181,6.6314074542164905,6.742749381344947,6.760898658107418,6.790674318995843,7.011246039484304,7.303553545064159,7.447366299348919,7.549660455273185,8.671377774892438,9.046428133396612,,,,,,,,,,5.691058479262156,6.183065572611868,6.037952892657223,6.440558869177043,6.223656511216984,6.190229484698568,6.4461516690114005,6.430895335265032,6.421037924567506,6.413968584325216,6.41075016018187,6.409549893611365,6.534368341174948,6.808900111255092,6.955275278791757,7.049389243476694,7.1278596789018,7.485169685351458,7.589513073456485,7.95656549739983,8.836154976984226,9.301278545885618,,6.440558869177043,6.046665680145324,6.413255173097284,6.471838693708702,6.742749381344947,7.303553545064159,8.671377774892438,6.253311259997645,"rgba(255, 0, 0, 1.0)",0.5705425898617138,6.253311259997645,-1.5832494822456404,40.60544124174437,-4.992443940948576,False,True,False,True,False,0.0,0.0,0.0,0.0,0.0,1,0.9306913538893349,0.9578407535532161,False,False,False,False,-0.2839853634254323,-0.27209427895997,False,False,False,False,-21861292,-21640751.15440133,False,False,False,False,1156287.4760465836,False,False,False,False
2024-10-08 00:00:00+00:00,5.4,5.47,5.3051,5.43,774905,,,,,,,,,,5.569893946921899,6.031849139187252,6.122513346363141,6.2076435318436385,6.7567533686792896,6.823937281226126,6.307692448091033,6.254370987883641,6.229729191306508,6.2055038675769065,6.412219876424861,6.436125944456641,6.423094200366935,6.4187849653902695,6.410654141168109,6.409609941688381,6.470864774618496,6.503294694097538,6.630335626841721,6.74159954045844,6.7597358596475114,6.789490666953855,7.009931536410216,7.302058178779906,7.445787105843471,7.548028003462975,8.669049288238272,9.043868340876429,,,,,,,,,,5.677450498193145,6.171135774028108,6.032252005895211,6.439204323541154,6.222678430370102,6.189310551889085,6.445130102432796,6.429901203156138,6.420062502062197,6.413007061992198,6.409797386379158,6.4086023356646935,6.53335882202885,6.807704725012918,6.953992886017756,7.048053481754626,7.126475488065303,7.4835707676178025,7.587862475660561,7.954697649167374,8.833724473202013,9.298560577455563,,6.439204323541154,6.031849139187252,6.412219876424861,6.470864774618496,6.74159954045844,7.302058178779906,8.669049288238272,6.248264790973333,"rgba(239, 83, 80, 1.0)",0.5664148990246485,6.248264790973333,-1.4976032453136776,40.40668781524503,-5.333956409093567,False,True,False,True,False,0.0,0.0,0.0,0.0,0.0,1,0.9237800960269157,0.9801404189203398,False,False,False,False,-0.31207317646450855,-0.2920837277122393,False,False,False,False,-21086387,-21619011.38364049,False,False,False,False,1141331.300515345,False,False,False,False
2024-10-09 00:00:00+00:00,5.32,5.42,5.29,5.39,432036,,,,,,,,,,5.5555812755753555,6.023273422921468,6.117946289862751,6.20506747236983,6.754244612078561,6.822580634471183,6.307027999179944,6.25376036634568,6.229145622110354,6.204945548957327,6.411616260412675,6.435540350244492,6.422522242751727,6.418218069353973,6.41009669984277,6.409055145308445,6.47029824160683,6.5027172314264545,6.6297155476860965,6.740936375095436,6.759065526702427,6.788808804920393,7.009177705039083,7.30120439377257,7.444886997699814,7.547098537088668,8.667733374779704,9.042423845617261,,,,,,,,,,5.669191966545095,6.164236248438991,6.0288803083728,6.43841583588359,6.222102433159558,6.188768121030029,6.444535292179507,6.429321982992471,6.419493932824694,6.412446415023488,6.409241756472762,6.408049714578764,6.532772942619364,6.807016396759194,6.953256714606258,7.047287963810789,7.12568322257202,7.4826597894306275,7.586923043505236,7.953637810813246,8.832351852524793,9.29702811769948,,6.43841583588359,6.023273422921468,6.411616260412675,6.47029824160683,6.740936375095436,7.30120439377257,8.667733374779704,6.245309102156583,"rgba(255, 0, 0, 1.0)",0.563092266773542,6.245309102156583,-1.6432637362585436,39.46913733784835,-6.410831341618369,False,True,False,True,False,0.0,0.0,0.0,0.0,0.0,0,0.929612547224904,0.9809312691432183,False,False,False,False,-0.32579781173137495,-0.3089407697218071,False,False,False,False,-21518423,-21615066.741144788,False,False,False,False,1113515.7985343512,False,False,False,False
2024-10-10 00:00:00+00:00,5.33,5.3366,5.14,5.3,684345,,,,,,,,,,5.5295004051066545,6.008677474411631,6.1101356142489545,6.200668361516071,6.7500801386022635,6.820328863390393,6.305896200738685,6.252715839807932,6.2281452431504265,6.2039863442680305,6.410594975129741,6.434550897382187,6.421555071565484,6.4172592030419615,6.409153348657793,6.40811620548299,6.469342797576047,6.501745031047781,6.628677776618176,6.739831306166686,6.757949234700113,6.787674476146833,7.007931715814163,7.299802140767119,7.443412337595994,7.545578170228906,8.665604454693636,9.0400920565868,,,,,,,,,5.268866666666667,5.654108784472939,6.152569391213842,6.023033708645012,6.4370844178585855,6.221114412219846,6.187834777923791,6.443530801704871,6.428342935319293,6.418532312583564,6.411497779559995,6.40830141841195,6.407114394804441,6.531788062310348,6.805872004534769,6.952038121506479,7.04602385841156,7.1243773422035375,7.481168213017116,7.585387254694378,7.951912944294011,8.830133471647496,9.294557456392493,,6.4370844178585855,6.008677474411631,6.410594975129741,6.469342797576047,6.739831306166686,7.299802140767119,8.665604454693636,6.1821711659229255,"rgba(255, 0, 0, 1.0)",0.5511454738384396,6.1821711659229255,-1.5461819181567427,39.01534209232903,-7.038008724975988,False,True,False,True,False,0.0,0.0,0.0,0.0,0.0,0,0.915747363316766,0.9899018062795493,False,False,False,False,-0.34282825441539394,-0.32588451206860053,False,False,False,False,-20834078,-21584439.73168813,False,False,False,False,1096685.5711408472,False,False,False,False
2024-10-11 00:00:00+00:00,5.47,5.5401,5.2975,5.33,581910,,,,,,,,,,5.522777932265974,5.999406359030334,6.104902379628168,6.197624718797124,6.746954522427044,6.818624822084757,6.305090420614734,6.251979867889228,6.2274440442382515,6.20331764597889,6.4098548069871395,6.433831213887426,6.4208529083625665,6.416563505085314,6.4084697258239105,6.407435881816036,6.468644414343325,6.501031372106755,6.62790480680904,6.738999484179085,6.757107652878836,6.786817177664035,7.006975239252615,7.2987092232845505,7.442256158937244,7.544381683483445,8.663885193080027,9.038199264768837,,,,,,,,,5.34561184832439,5.647333872076699,6.144715481818823,6.019217845624452,6.436116173410748,6.220422946515369,6.187186582975491,6.442799255076849,6.427631451835819,6.417834486959057,6.410810089042595,6.407620063984429,6.406436793482536,6.53106238917592,6.805005831617324,6.951105988252195,7.045051256267499,7.123368183924866,7.479997102719107,7.584176976413607,7.950539185837996,8.828337671422362,9.292546046403347,,6.436116173410748,5.999406359030334,6.4098548069871395,6.468644414343325,6.738999484179085,7.2987092232845505,8.663885193080027,6.183260636982594,"rgba(239, 83, 80, 1.0)",0.538133343600599,6.183260636982594,-1.325434756022059,41.03392728261707,-7.038008724975988,False,True,False,True,True,0.0,0.0,0.0,0.0,0.0,1,0.9146414942759591,0.9774690061896328,False,False,False,False,-0.270469987800326,-0.29817724993446326,False,False,False,False,-20252168,-21532193.781425852,False,False,False,False,1076498.2938412062,False,False,False,False
2024-10-14 00:00:00+00:00,5.62,5.635,5.38,5.5,493443,,,,,,,,,,5.524053183888879,5.993254217208534,6.101241532185557,6.195429759834395,6.744535365954842,6.817296912024484,6.3044939513822795,6.2514401386958145,6.2269322613865885,6.202832024927109,6.409298273083007,6.433288403044329,6.420324160643965,6.4160399080217925,6.407955746703679,6.406924449453897,6.468115444951786,6.500488884432156,6.627310071493658,6.738353956259507,6.756453731146859,6.786149721957766,7.006221361366493,7.2978376992338845,7.441330065903683,7.543420618188624,8.662477981926608,9.036644366130249,,,,,,,,,5.4015229692822295,5.64470916190499,6.139193992203386,6.0166188625910335,6.435386016874449,6.219918985707344,6.186717519857107,6.442246898729161,6.427095233896739,6.417309204659414,6.410292897153918,6.407107845341969,6.405927472032502,6.53050903470743,6.804330676916258,6.950373328111568,7.044283308248633,7.122568672044132,7.479058047502327,7.583203842924367,7.949425957293595,8.826865311558214,9.290890288451381,,6.435386016874449,5.993254217208534,6.409298273083007,6.468115444951786,6.738353956259507,7.2978376992338845,8.662477981926608,6.184520521538277,"rgba(239, 83, 80, 1.0)",0.5231931412607851,6.184520521538277,-1.0789906767086073,44.52323928269601,-9.501526799662727,False,True,False,True,True,0.0,0.0,0.0,0.0,0.0,1,0.935427669852641,0.957053308722747,False,False,False,False,-0.23594224374466818,-0.26705974683956574,False,False,False,False,-19758725,-21462645.98607582,False,False,False,False,1053633.3803572373,False,False,False,False
2024-10-15 00:00:00+00:00,5.49,5.5854,5.465,5.55,437365,,,,,,,,,,5.523540765554048,5.98756493676447,6.097854824154801,6.193402833050133,6.742343110413551,6.8160931127674065,6.303944132925029,6.250941113042089,6.226458335784317,6.202381587329885,6.408787610308749,6.432790774940622,6.419839172539559,6.415559559498326,6.40748406246549,6.406455080623252,6.467631098646419,6.499992711212396,6.626768128932945,6.737767269903651,6.75585964339543,6.785543704362297,7.005539402759413,7.297052060782372,7.440496338491034,7.542556117364114,8.66121915075426,9.035254896706396,,,,,,,,,5.42380738042863,5.641791863072684,6.134129061990389,6.014186505222183,6.434716954940641,6.219452085875519,6.186281934842402,6.441740697328205,6.4266035286433105,6.416827335556471,6.409818311598271,6.406637759125302,6.40546001984002,6.530003409006129,6.803717886375872,6.94971001349027,7.043588989472575,7.12184654722974,7.478212915957202,7.582328746171568,7.94842717495756,8.825548854918774,9.289411580000476,,6.434716954940641,5.98756493676447,6.408787610308749,6.467631098646419,6.737767269903651,7.297052060782372,8.66121915075426,6.184110481036788,"rgba(239, 83, 80, 1.0)",0.5051073563518018,6.184110481036788,-1.374184066631069,45.12577206877647,-8.934583016725668,False,True,False,True,True,0.0,0.0,0.0,0.0,0.0,1,0.9784663965454926,0.9518093680052249,False,False,False,False,-0.22912032433882784,-0.2480900355891968,False,False,False,False,-20196090,-21412977.123876765,False,False,False,False,1029465.9928922476,False,False,False,False
2024-10-16 00:00:00+00:00,5.55,5.575,5.48,5.5,497873,,,,,,,,,,5.524139188682646,5.981537387843326,6.094187085112568,6.191182712671485,6.739900609918031,6.814748082503856,6.30333620275471,6.250390432414885,6.225935880133668,6.2018855537974416,6.408220971226433,6.432238209727606,6.419300820184624,6.41502641582016,6.40696064554942,6.4059342456647865,6.46709277177447,6.499440816132551,6.626163771860517,6.737111835426766,6.75519576573935,6.784866214112181,7.004775047974685,7.2961693605579026,7.439558740337024,7.541583345551418,8.659797183317576,9.033684194918598,,,,,,,,,5.444349539160361,5.63915634073147,6.128658903877255,6.011563955377076,6.433974286089026,6.218937530822334,6.185802621122538,6.441178487185795,6.4260576255967665,6.4162924868861735,6.409291643405928,6.406116126258585,6.404941324245535,6.529440622725288,6.803032656094188,6.948966986087483,7.042810492290189,7.121036302219179,7.477262281616682,7.581343841880142,7.947301256551294,8.824061278166049,9.287739296876397,,6.433974286089026,5.981537387843326,6.408220971226433,6.46709277177447,6.737111835426766,7.2961693605579026,8.659797183317576,6.1835661990576245,"rgba(239, 83, 80, 1.0)",0.4861817403851665,6.1835661990576245,-1.303146840841238,46.395152707326794,-7.682911042306841,False,False,False,False,True,0.0,0.0,0.0,0.0,0.0,1,0.9504975494797906,0.9760710100545783,False,False,False,False,-0.2282354098345418,-0.23816272271186928,False,False,False,False,-19698217,-21345731.628822777,False,False,False,False,1008619.2088572576,False,False,False,False
2024-10-17 00:00:00+00:00,5.5,5.55,5.46,5.55,464779,,,,,,,,,,5.523172038302662,5.975664731609894,6.090614553574884,6.189024266801655,6.73756967469553,6.8134639971465285,6.302746194669647,6.249854398232521,6.225426543870087,6.201401200360903,6.407673501149923,6.43170480346581,6.418780867699971,6.414511404578015,6.406454862384729,6.405430934492793,6.466573734224149,6.498909277535221,6.625583834714368,6.736484511394486,6.754560600918025,6.7842184121423,7.004046859095936,7.295331329829345,7.438669758233818,7.540661767224571,8.65845746157977,9.032205910615422,,,,,,,,,5.453025773843527,5.636097634450616,6.123374114657597,6.008980537237266,6.433257705800652,6.218435668127166,6.185334062871391,6.440635957729528,6.42553052263559,6.415775855482024,6.408782768131487,6.405612048487049,6.404440058665924,6.528899107870428,6.802377683112726,6.948258533662602,7.0420692194020535,7.120265574147539,7.476361220485097,7.580411044938903,7.946237341274904,8.82266043661834,9.286166353749469,,6.433257705800652,5.975664731609894,6.407673501149923,6.466573734224149,6.736484511394486,7.295331329829345,8.65845746157977,6.18237286792989,"rgba(239, 83, 80, 1.0)",0.4621511784156526,6.18237286792989,-1.4765143957204685,46.547069573956215,-7.442672049386928,False,False,False,False,True,0.0,0.0,0.0,0.0,0.0,1,0.9332826758124031,1.0392390418882935,False,False,False,False,-0.23690751795444176,-0.23753512033315552,False,False,False,False,-20162996,-21299349.83945718,False,False,False,False,987292.1418432475,False,False,False,False
2024-10-18 00:00:00+00:00,5.59,5.66,5.5297,5.56,745516,,,,,,,,,,5.5280334845885815,5.968276957907408,6.085837015041015,6.186040453165131,6.73412010066812,6.8115505138746615,6.30190784788212,6.249099541704704,6.224712582580209,6.20072556136863,6.406883888444389,6.430933214883807,6.418029866038903,6.413767914101625,6.405725397115505,6.404705121564919,6.465819946342077,6.498134743797243,6.624729270420437,6.735552861371079,6.753616232138535,6.783253523238947,7.0029501841382595,7.294056098704159,7.437311673268279,7.539250426344982,8.656372054129085,9.02989763491921,,,,,,,,,5.4797916627040335,5.634603259265731,6.116283638297267,6.005618155485472,6.4322214928856125,6.2177331543837,6.184682721691977,6.439850379094013,6.424768593391778,6.415029914863654,6.40804863844553,6.404885115307865,6.4037172805068705,6.528107734665579,6.801401079781479,6.9471942214832145,7.0409510715509285,7.119099491568621,7.474983392029695,7.578981249324433,7.944595460818025,8.82047671181513,9.283705942185513,,6.4322214928856125,5.968276957907408,6.406883888444389,6.465819946342077,6.735552861371079,7.294056098704159,8.656372054129085,6.181945281295828,"rgba(239, 83, 80, 1.0)",0.449124955023087,6.181945281295828,-1.317996861843047,48.02548779950444,-5.915294376506452,False,False,False,False,True,0.0,0.0,0.0,0.0,0.0,1,0.911230307954472,1.0528979932268712,False,False,False,False,-0.20247197109136442,-0.22000354571225997,False,False,False,False,-19417480,-21225551.022223566,False,False,False,False,977810.7245160614,False,False,False,False
2024-10-21 00:00:00+00:00,5.51,5.6002,5.445,5.58,546892,,,,,,,,,,5.527566875426189,5.961990773045,6.0818666754613036,6.183596615033219,6.731437656669724,6.810064656535732,6.301229308418721,6.248483844836574,6.224127918062339,6.200169946716075,6.406252436454859,6.4303176161615205,6.4174299125866,6.413173699943669,6.405141901516653,6.404124482504398,6.465220462009688,6.497520489436595,6.624057867953752,6.734825682377967,6.752879829055893,6.782502250210028,7.002104125978736,7.293080729185985,7.436276309293972,7.538176638802894,8.654806725012195,9.02816948203088,,,,,,,,,5.484534251981209,5.631705518278956,6.110474586858214,6.002744618682453,6.4313953212740085,6.217157177415501,6.184145484869602,6.439224167404694,6.424160326594585,6.4144338206555735,6.407461556224968,6.404303592142,6.403139007054249,6.5274816522457435,6.800641358253046,6.946371437587828,7.040089580623952,7.118203317660118,7.473933788551819,7.5778942170667065,7.943354188680416,8.818839560553222,9.281866572631362,,6.4313953212740085,5.961990773045,6.406252436454859,6.465220462009688,6.734825682377967,7.293080729185985,8.654806725012195,6.180424272479295,"rgba(255, 0, 0, 1.0)",0.4337963569217058,6.180424272479295,-1.5454815647525066,47.81069521923497,-5.915294376506452,False,False,False,False,True,0.0,0.0,0.0,0.0,0.0,1,0.9063710831815697,1.0551221230448697,False,False,False,False,-0.2301210874173519,-0.22506231656480594,False,False,False,False,-19964372,-21176093.021352056,False,False,False,False,960911.9510056276,False,False,False,False
2024-10-22 00:00:00+00:00,6.1,6.23,5.47,5.5,2226717,,,,,,,,,,5.594407176416144,5.960448137529909,6.077752357502891,6.1799215455051995,6.724331480222175,6.8059821115758234,6.29993662679041,6.247406332711734,6.223151134580667,6.199288180584746,6.404887896723999,6.4289562846659125,6.416119006680361,6.411880606920193,6.403882040287747,6.402872039870683,6.4638536751072735,6.4960839446561405,6.622355336770976,6.73288075280351,6.750895303283202,6.780453608109833,6.99962985772496,7.290046406348189,7.432981798109404,7.5347121296043955,8.649290487455522,9.021980467103191,,,,,,,,,5.634163310924253,5.659507696036379,6.103733617956376,6.001116893325692,6.429568651575218,6.216208585524272,6.1833247633975565,6.43782821876722,6.422822819529924,6.4131350665174605,6.406191057155173,6.403049024462735,6.401892879330252,6.525985419697491,6.7985553384739275,6.944001765502661,7.037545710681564,7.11550850996628,7.470576158623643,7.574369418739242,7.93917587046292,8.813026413544664,9.275219600714316,,6.429568651575218,5.960448137529909,6.404887896723999,6.4638536751072735,6.73288075280351,7.290046406348189,8.649290487455522,6.190596050115829,#000000,0.4200364634527523,6.190596050115829,-0.21568615584256307,54.05697292697661,-0.08558887634075063,True,False,True,False,True,2.9267273527142237,0.0,0.0,0.0,0.0,0,0.910187657806463,0.993138374893583,False,False,False,False,-0.10694766546858832,-0.16600499101669713,False,False,False,False,-17737655,-21041252.314632367,False,False,False,False,1010551.3646916815,False,False,False,False
2024-10-23 00:00:00+00:00,5.91,6.32,5.79,6.01,2100642,,,,,,,,,6.006666666666666,5.649855421535062,5.962681793590098,6.075942100760463,6.177554177530381,6.718353530023467,6.80248615489177,6.29896771568487,6.2466323339261605,6.222467298951749,6.198689564980326,6.403806885461812,6.427867861311127,6.415075676332105,6.410853059916574,6.402883932821384,6.401880184467287,6.462748042888595,6.494911154419239,6.620927003062954,6.731222070852235,6.749199070017992,6.778696521701137,6.9974659690306975,7.287350328433478,7.430038367310453,7.531606506034473,8.6442469925943,9.016302604837666,,,,,,,,,5.72329114263613,5.687279959947376,6.1003697158175205,6.0012370119297245,6.428110497728606,6.215549986155271,6.182781101127412,6.436708753538217,6.421755742014792,6.412102542072742,6.405183632955792,6.402055423628367,6.400906391563968,6.524754599195867,6.7967626207395515,6.941937873086026,7.035315237691376,7.113134498060995,7.467572489810612,7.57120599171118,7.935393546695887,8.80770294070279,9.269110190992182,,6.428110497728606,5.962681793590098,6.403806885461812,6.462748042888595,6.731222070852235,7.287350328433478,8.6442469925943,6.176971590644154,"rgba(239, 83, 80, 0.5)",0.41488094460635677,6.176971590644154,-0.6434896423055998,55.68572815221775,1.2951842737112216,True,False,True,False,True,1.288047810002162,0.0,0.0,0.0,0.0,0,0.9285863062105423,0.9917906213415114,False,False,False,False,-0.0316644389386249,-0.09883471497766103,False,False,False,False,-19838297,-20994077.596411493,False,False,False,False,1053300.0170567136,False,False,False,False
2024-10-24 00:00:00+00:00,5.67,6.12,5.65,5.97,1135129,,,,,,,,,5.938844106499913,5.660931844421882,5.958880792590246,6.072377385989041,6.174884595003241,6.714298149183332,6.80015388289697,6.298102261059609,6.2458808501253635,6.221770122018785,6.198043509090573,6.402941991557991,6.427013144082742,6.41424825893388,6.410035408784215,6.402084510595318,6.401085096615475,6.461900493657431,6.494029724744661,6.619915864880699,6.730090593194152,6.748047868456873,6.777513417342559,6.996073183736142,7.285678929209808,7.428237514268478,7.529721463234222,8.641330449659549,9.013046813200798,,,,,,,,,5.733600120152638,5.692503330679062,6.09509323545715,5.999064743153018,6.426967182187824,6.214868014020762,6.182167734359307,6.435835370940938,6.420913888189767,6.411281755103522,6.4043782864678,6.401259056605929,6.40011495585499,6.523844633793828,6.795561039499063,6.94059662006495,7.0338881859049405,7.111632459003978,7.465740394617107,7.569291288843544,7.9331515811627895,8.804636706415527,9.265623253487078,,6.426967182187824,5.958880792590246,6.402941991557991,6.461900493657431,6.730090593194152,7.285678929209808,8.641330449659549,6.1733604610693815,"rgba(239, 83, 80, 1.0)",0.4150359584977084,6.1733604610693815,-1.21281168718821,54.07892266851047,1.2951842737112216,True,False,True,False,True,0.0,0.0,0.0,0.0,0.0,0,0.9042057406721206,1.0217769289969503,False,False,False,False,-0.09403220158128049,-0.09643345827947075,False,False,False,False,-20973426,-20993267.729885552,False,False,False,False,1056508.9967799797,False,False,False,False
2024-10-25 00:00:00+00:00,5.93,6.157,5.67,5.73,1407858,,,,,,,,,5.932827759352294,5.680937172081616,5.95766046088327,6.069837935338344,6.17257940794901,6.709902631532889,6.797584593523732,6.297266184535169,6.245179230265782,6.221131583302825,6.197464492293466,6.402064422962026,6.426138329047874,6.413405097662861,6.409203442387362,6.401273433557539,6.400278708051393,6.461023140839561,6.493108893331987,6.618829130881252,6.72885243690184,6.746784968372685,6.77621045035894,6.994504232016574,7.283759608719117,7.426155330143722,7.527532832116853,8.637856355002352,9.009151008583714,,,,,,,,,5.756653104801317,5.703574830465369,6.091167931663262,5.997932993204621,6.4257982290478335,6.214247136537016,6.181626954974039,6.434938837043892,6.4200540243673485,6.410446227824144,6.403560513872815,6.400451321511038,6.399312555078461,6.522886630315594,6.794234719943657,6.9390930545897405,7.0322757170718235,7.109925580686248,7.463618691283935,7.567064895375308,7.930515806296796,8.8009765132919,9.261440369940162,,6.4257982290478335,5.95766046088327,6.402064422962026,6.461023140839561,6.72885243690184,7.283759608719117,8.637856355002352,6.174518794587888,"rgba(239, 83, 80, 0.5)",0.4143648129335585,6.174518794587888,-0.5901051125861299,55.306994932475135,1.2951842737112216,True,False,True,False,True,1.4212854948260727,0.0,0.0,0.0,0.0,0,0.8897619483869148,1.035143972600809,False,False,False,False,-0.06229692754922713,-0.07936519291434894,False,False,False,False,-19565568,-20937279.50518416,False,False,False,False,1070287.3890631178,False,False,False,False
2024-10-28 00:00:00+00:00,5.95,6.09,5.85,5.97,852737,,,,,,,,,5.937560564925989,5.69360198917135,5.957763688959718,6.068780461923049,6.171443842169683,6.707411738880389,6.796113812384346,6.296820707515804,6.244813285013801,6.2208026892506725,6.19717059931055,6.401583067746315,6.425656111694754,6.412941460649191,6.408746341435547,6.400828527279127,6.399836461689123,6.460536460117011,6.49259553931115,6.618214129807235,6.728145277986847,6.746062768669396,6.775463883982455,6.993595222864801,7.282637378008488,7.424933962206913,7.526246529254338,8.635790652199955,9.006829879169723,,,,,,,,,5.771128743081089,5.71104445874035,6.089464946727675,5.997639272382883,6.425154517127891,6.213928616292887,6.181355595753893,6.434443850332153,6.419580593045273,6.409987057188243,6.403111724722596,6.400008322116614,6.398872582069376,6.522350334356978,6.793473913980286,6.938223983991863,7.031340116925391,7.108932499213487,7.462373211531821,7.565755488830721,7.928957786537084,8.79879808707762,9.258945423131099,,6.425154517127891,5.957763688959718,6.401583067746315,6.460536460117011,6.728145277986847,7.282637378008488,8.635790652199955,6.175901322384525,"rgba(239, 83, 80, 0.5)",0.41423747378037806,6.175901322384525,-0.5453425551361245,56.29098788611764,1.589457226672657,True,False,True,False,True,1.5846246889602043,0.0,0.0,0.0,0.0,0,0.9107524832157909,1.0282878341840156,False,False,False,False,-0.03763902070737771,-0.058502106810863326,False,False,False,False,-18712831,-20850046.230471056,False,False,False,False,1061756.001256721,False,False,False,False
2024-10-29 00:00:00+00:00,5.9,6.29,5.82,5.93,1346349,,,,,,,,,5.9505017879598965,5.714083227199278,5.959036346475416,6.067770328115112,6.170015648689167,6.703722245863536,6.7939132206013015,6.296203850712647,6.244319271707604,6.220365526893085,6.196787201203715,6.400894393794922,6.424962497479997,6.412276338117196,6.4080911901467665,6.400191977736519,6.39920385637984,6.459831658112703,6.491848152660752,6.617304642621461,6.727089686396733,6.744983358078905,6.774345869285755,6.99221888143653,7.280923018371783,7.423062405231546,7.52427181034244,8.632584411640908,9.003220413588107,,,,,,,,,5.794249487542914,5.723738527909542,6.087690644217845,5.997714581114045,6.42422954139964,6.213507371931174,6.181006882175803,6.433730625016233,6.418900466012695,6.409328762121161,6.402469290165111,6.399374616644063,6.398243364337311,6.521566127740407,6.792333286195638,6.936911163807297,7.029921468536262,7.107422688001999,7.460463342230932,7.563743969189576,7.926552871586381,8.79541389067388,9.255061654556071,,6.42422954139964,5.959036346475416,6.400894393794922,6.459831658112703,6.727089686396733,7.280923018371783,8.632584411640908,6.178674035526145,"rgba(239, 83, 80, 0.5)",0.4137305560050378,6.178674035526145,-0.673564065987795,56.339659331008455,1.7482199728980206,True,False,True,False,True,1.1533626513528858,0.0,0.0,0.0,0.0,0,0.9123792359117296,1.0150680051134815,False,False,False,False,0.07798243384445408,0.009740163516795377,False,False,False,False,-20059180,-20819031.8684918,False,False,False,False,1072916.5110113595,False,False,False,False
2024-10-30 00:00:00+00:00,5.68,5.96,5.655,5.92,715874,,,,,,,,,5.932932912743371,5.715812658577893,5.95619714477095,6.065305815816286,6.168194331699179,6.701113971141062,6.792396855751065,6.295610857113456,6.243798449805326,6.219879321442641,6.196333567949418,6.400310245708681,6.424386669744713,6.411717961844003,6.407539084222053,6.3996515786199515,6.39866629784565,6.459262594727487,6.491258259054685,6.616634853608849,6.726345247767216,6.744226667706226,6.773569369236193,6.991312614261901,7.279843637035255,7.421902556501657,7.523059698508481,8.630728536515699,9.001152541410216,,,,,,,,,5.792778790295167,5.724669844645994,6.0841944197158,5.996089472778342,6.423461806157467,6.213030861590798,6.180574047648006,6.4331428834354165,6.4183328533384,6.408774635970155,6.401925067209002,6.39883621221428,6.397708191868717,6.520958795997909,6.791545339837927,6.936036796506257,7.028993992417522,7.106448645444649,7.459284103704594,7.5625134823230455,7.925118424183935,8.793464481701397,9.252849286706867,,6.423461806157467,5.95619714477095,6.400310245708681,6.459262594727487,6.726345247767216,7.279843637035255,8.630728536515699,6.176791412939316,"rgba(239, 83, 80, 1.0)",0.4130976369539317,6.176791412939316,-1.2026004714103902,53.89893700117095,1.7482199728980206,True,False,True,False,False,0.0,0.0,0.0,0.0,0.0,0,0.928621438320804,1.0209121576226476,False,False,False,False,-0.032260556717496336,-0.01126019660035048,False,False,False,False,-20775054,-20817307.246198002,False,False,False,False,1058914.8439128748,False,False,False,False
2024-10-31 00:00:00+00:00,5.42,5.67,5.42,5.64,677307,,,,,,,,,5.8976033259769185,5.709197028639788,5.9500132995949535,6.0610109473814715,6.165377572502877,6.697973445885715,6.790601943940621,6.2947749526383605,6.2430379980253825,6.219156195049947,6.195645413372285,6.399531329206242,6.423626958227969,6.410977160677328,6.40680522379865,6.398930684636328,6.397948863291231,6.458522445341165,6.490500258421507,6.615807707644127,6.72545055241827,6.74332079791473,6.772645482166055,6.9902737070771055,7.278647662342409,7.420633620874412,7.521743964055543,8.628814728220702,8.999040505471118,,,,,,,,,5.779634512440135,5.720042008633282,6.078300490032623,5.992855176711656,6.422449075410981,6.212318191261536,6.179908029431162,6.432370350155658,6.417582002363778,6.408038501466734,6.4011998329157995,6.398117706555707,6.3969936222450725,6.520186495517638,6.790611211443972,6.935026152888342,7.027936335248387,7.105348869169054,7.45799782685351,7.56118158743167,7.923598819065329,8.791463242715121,9.250601847111648,,6.422449075410981,5.9500132995949535,6.399531329206242,6.458522445341165,6.72545055241827,7.278647662342409,8.628814728220702,6.172090064314579,"rgba(255, 0, 0, 1.0)",0.41684788851741456,6.172090064314579,-1.8042314355711544,49.88692912502678,4.684164578518306,True,False,False,False,False,0.0,0.0,0.0,0.0,0.0,0,0.9122380594446123,1.0179626416393281,False,False,False,False,-0.17121781802344693,-0.09123900731189871,False,False,False,False,-21452361,-20842211.31497455,False,False,False,False,1043949.8304260954,False,False,False,False
2024-11-01 00:00:00+00:00,5.54,5.67,5.45,5.45,561607,,,,,,,,,5.875626131111672,5.7052744048459285,5.945572219704878,6.057814067286098,6.163235048645828,6.695490325628376,6.789175092984693,6.29412688034677,6.242451174495744,6.218599506186448,6.195116982456899,6.398922471251964,6.423032146181545,6.4103976089262344,6.406231252461437,6.398367137567949,6.397388053914057,6.4579416793642,6.489904413397382,6.615153572774198,6.724739995079123,6.742600921646271,6.771910571636536,6.989442299060981,7.277685103972468,7.419610127297079,7.520681280801296,8.627254976735175,8.997316209246462,,,,,,,,,5.771422473827743,5.717201047804682,6.073920500486763,5.990476048089578,6.421656621665184,6.211769944210289,6.179397514023127,6.431765179007176,6.416994346402384,6.40746270701141,6.4006328110593635,6.3975560547090105,6.396435085296578,6.519578454885055,6.789867726156108,6.934218460058922,7.0270891869141305,7.104466529865361,7.45695980805569,7.560105319034361,7.92236624453637,8.789830912649878,9.248765203171173,,6.421656621665184,5.945572219704878,6.398922471251964,6.4579416793642,6.724739995079123,7.277685103972468,8.627254976735175,6.1689506817029915,"rgba(255, 0, 0, 1.0)",0.4185572388114042,6.1689506817029915,-1.5026634911130696,48.54922149984009,3.4680058002347707,True,False,False,False,False,0.0,0.0,0.0,0.0,0.0,1,0.9279651733910009,1.0117101645924764,False,False,False,False,-0.16314985666125942,-0.12719443198657907,False,False,False,False,-20890754,-20844114.94968143,False,False,False,False,1025034.4253113467,False,False,False,False
2024-11-04 00:00:00+00:00,5.98,6.075,5.62,5.62,1525946,,,,,,,,,5.877997140167658,5.717204389356587,5.943980838140898,6.055019138812467,6.160676360045271,6.690780076658856,6.786371589532343,6.293173325017901,6.241642099893074,6.217858480025815,6.194440172638394,6.397932712283856,6.422047209777144,6.4094469222781205,6.405292708388856,6.3974512570366056,6.396477320294389,6.456956218331636,6.488872728141609,6.6139453131452,6.723370049849544,6.741204537636981,6.770471380090565,6.987719187175363,7.275587243186789,7.417337968983565,7.518295210819646,8.623490525719061,8.99309921989567,,,,,,,,,5.782214323389045,5.724921911413468,6.069880430981605,5.9890438557547245,6.420346848796187,6.211047977752124,6.178761936263688,6.43075676456119,6.416025578517884,6.406520293340272,6.399709645847351,6.396643834446892,6.395528721381279,6.518507340377158,6.788403605581124,6.9325651673045225,7.025319603179809,7.102595998422842,7.45464536529498,7.557678851264591,7.9195010419808884,8.785866773235568,9.244240095373826,,6.420346848796187,5.943980838140898,6.397932712283856,6.456956218331636,6.723370049849544,7.275587243186789,8.623490525719061,6.1692025185742585,#000000,0.4183215281337617,6.1692025185742585,-0.452289700265579,51.5849390949188,3.4680058002347707,True,False,False,False,True,1.8478939939094587,0.0,0.0,0.0,0.0,1,0.9288465180882634,0.993034072016331,False,False,False,False,-0.011325705652125786,-0.06926006881935243,False,False,False,False,-19364808,-20786102.912439022,False,False,False,False,1044678.0164756076,False,False,False,False
2024-11-05 00:00:00+00:00,6.11,6.1497,5.81,6.04,1381418,,,,,,,,,5.895138034762235,5.733965328419268,5.946043772142425,6.054542343010077,6.1595139528909035,6.6872575608624025,6.784219673272462,6.292595567513559,6.241187008830556,6.217459942090447,6.194095179785969,6.397272011413287,6.421379107565957,6.408807203968817,6.40466289039083,6.396839909766422,6.395869813188272,6.45627399482332,6.4881469037138855,6.61305357938122,6.722329308711679,6.74013951918259,6.769367001051568,6.986350623474874,7.27387357788677,7.415463715373345,7.516315381206817,8.620255241272439,8.989453029707864,,,,,,,,,5.800325360443717,5.7364127642815905,6.0689627457748845,5.989486668354789,6.419460390261316,6.210665279516148,6.17845154400223,6.430069108684501,6.415370921440428,6.405887363151596,6.399092480397984,6.396035267658549,6.394924524268322,6.517743682921588,6.787276130603789,6.9312615880789865,7.023907740846266,7.101091044331337,7.452731900694124,7.5556612734593065,7.917082014107734,8.782450145214574,9.24031443435422,,6.419460390261316,5.946043772142425,6.397272011413287,6.45627399482332,6.722329308711679,7.27387357788677,8.620255241272439,6.171856211815639,#000000,0.41704118663582385,6.171856211815639,-0.14832158980415927,54.54135044696968,-0.8217560530025594,True,False,True,False,True,2.887201241443776,0.0,0.0,0.0,0.0,1,0.9295370550476562,0.98791230166449,False,False,False,False,0.23572945578077034,0.08323469348070896,False,False,False,True,-17983390,-20676192.602147296,False,False,False,True,1057883.506025584,False,False,False,False
2024-11-06 00:00:00+00:00,5.12,5.7255,4.69,5.52,4339705,,,,,,,,,5.7013031563592556,5.65242370182814,5.888024177981725,6.0151182566567005,6.134124238334763,6.662654704072318,6.770120399727988,6.2851546655576325,6.234276099985309,6.210819151340422,6.1877066022706995,6.3905580256614085,6.414872463202972,6.402438429070277,6.398345696561932,6.390619144685488,6.389676811650239,6.449991057166906,6.481765008090314,6.606282520492298,6.715153498975267,6.732896045484793,6.762014816368204,6.978327653394998,7.264904813795153,7.406055729410348,7.506630127601221,8.606854863857462,8.974811064560493,,,,,,,,,5.681569487608933,5.676188056893177,6.017133329265411,5.957779612505593,6.410818636805329,6.204100196813645,6.172221367642822,6.423469587687004,6.408928598711296,6.399553022907757,6.3928387536385545,6.389833428187449,6.388754274949705,6.5112878958478,6.779863474715426,6.923403416153045,7.015775753727925,7.092706494629815,7.443221350521146,7.545882545644911,7.906150882974504,8.768502391510923,9.224822105450114,,6.410818636805329,5.888024177981725,6.3905580256614085,6.449991057166906,6.715153498975267,7.264904813795153,8.606854863857462,6.133778172749914,"rgba(255, 26, 202, 1.0)",0.42561489169823546,6.133778172749914,-2.381914243425231,49.33255651068595,-0.8217560530025594,True,False,False,False,False,0.0,0.0,0.0,0.0,0.0,1,0.8761176809922122,0.9833298371660067,False,False,False,False,-0.34282825441539394,-0.1297967804673425,False,False,False,False,-22323095,-20740777.00990623,False,False,False,False,1186582.3881422277,False,False,False,False
2024-11-07 00:00:00+00:00,5.09,5.2401,5.05,5.09,1427999,,,,,,,,,5.654341966006796,5.628198907385017,5.869546877084462,6.002154295763413,6.1256171722232,6.6544570784887505,6.765385722553281,6.282614298534054,6.231911037053453,6.2085437750002725,6.185514951775468,6.388271177152128,6.412657214981935,6.400269064573158,6.396193538205129,6.388499157391006,6.387566165911667,6.447853441320004,6.479595668821912,6.603988101587965,6.712727726278388,6.730448278939489,6.759531730944013,6.975627675259805,7.261897512874605,7.402905683240496,7.503390157161926,8.602401919520773,8.969952227280261,,,,,,,,,5.648761753376093,5.657339602009747,6.000399688527117,5.947223574126727,6.407882861806382,6.201849962751051,6.170082260545497,6.421223456083428,6.406734745576483,6.397395135394422,6.390707742886573,6.387719800101182,6.386651276313662,6.509095143999172,6.7773608037267685,6.920756729387506,7.013040534530145,7.08988926210757,7.440038049636754,7.542612358690345,7.902505056367563,8.763870516283289,9.219685165424053,,6.407882861806382,5.869546877084462,6.388271177152128,6.447853441320004,6.712727726278388,7.261897512874605,8.602401919520773,6.122566020912318,"rgba(255, 26, 202, 1.0)",0.43515452365651003,6.122566020912318,-2.3728720828543564,45.70777973934142,1.981036809899635,False,False,False,True,False,0.0,0.0,0.0,0.0,0.0,1,0.901630251767922,1.0073358028115076,False,False,False,False,-0.34282825441539394,-0.23631251744136822,False,False,False,False,-23751094,-20858828.656576574,False,False,False,False,1196049.7062542972,False,False,False,False
2024-11-08 00:00:00+00:00,4.82,5.08,4.71,5.08,1896829,,,,,,,,,5.577532019026575,5.584468273822713,5.838329782800994,5.980627035748925,6.1116894314684105,6.641895389810947,6.758160008488969,6.278511519719039,6.228059021358354,6.204822429486708,6.181915309950362,6.384630801782108,6.409141390546872,6.396820335299224,6.392770255543485,6.385123469631024,6.384204884385788,6.444475046967205,6.476180109222185,6.600423703080539,6.70899731281319,6.726689809064301,6.75572835113114,6.97155717229068,7.2574372564381475,7.398264511956679,7.498636720745468,8.596069059718431,8.963087298408736,,,,,,,,,5.592052437203691,5.623028914021265,5.972869237044396,5.9293505393077774,6.403226740557019,6.198165255098654,6.166558616348058,6.41766264478218,6.403250125951148,6.393963308825811,6.387315550107307,6.38435385531522,6.3833017240149434,6.505654333448485,6.773533008930837,6.916751829935627,7.008926774478335,7.085671874985954,7.435355426521465,7.537822076688478,7.897230538357359,8.757303181340587,9.212454884133608,,6.403226740557019,5.838329782800994,6.384630801782108,6.444475046967205,6.70899731281319,7.2574372564381475,8.596069059718431,6.103677770391358,"rgba(255, 26, 202, 1.0)",0.45178197723483793,6.103677770391358,-2.841365603489086,41.95676506028014,-1.3150435378187453,False,True,False,True,False,0.0,0.0,0.0,0.0,0.0,0,0.8776701188754914,1.016107400113838,False,False,False,False,-0.34282825441539394,-0.2895703859283811,False,False,False,False,-25647923,-21046636.277887296,False,False,False,False,1223531.247185501,False,False,False,False
2024-11-11 00:00:00+00:00,4.78,4.875,4.635,4.81,1058548,,,,,,,,,5.535341369709119,5.558862317660346,5.819914660155198,5.967845684487228,6.103394165474543,6.6345443789048275,6.7539250638491755,6.2760596508238224,6.225750717249654,6.202589433872953,6.179752403970141,6.382464289421515,6.407050808132368,6.394768495270142,6.390733167533605,6.383113977574029,6.382203862929802,6.442468673581073,6.4741541440615284,6.598318688454568,6.706801700533667,6.724478824749388,6.75349279407608,6.969177464173409,7.25484449550839,7.39557287574674,7.495884120788676,8.592443361188458,8.959166650452572,,,,,,,,,5.559690102353698,5.602618158714053,5.956650406590205,5.918653168330278,6.4004606534324315,6.195953377288915,6.1644394033646,6.415546121982834,6.401177545331242,6.39192125345768,6.385296448766843,6.3823500796236745,6.381307586931399,6.503615608349516,6.771284206757609,6.9144075188819665,7.006523756123139,7.083212301176947,7.432641296126482,7.535049674289579,7.894191564082867,8.753547521550788,9.208331523372022,,6.4004606534324315,5.819914660155198,6.382464289421515,6.442468673581073,6.706801700533667,7.25484449550839,8.592443361188458,6.092722776381777,"rgba(255, 26, 202, 1.0)",0.4686723437168342,6.092722776381777,-2.800939278753147,39.26450410173247,-3.6539170031076793,False,True,False,True,False,0.0,0.0,0.0,0.0,0.0,0,0.87118979303704,1.0270789009687769,False,False,False,False,-0.34282825441539394,-0.3161993201718875,False,False,False,False,-26706471,-21268590.580715243,False,False,False,False,1217061.3159233246,False,False,False,False
2024-11-12 00:00:00+00:00,4.73,5.01,4.62,4.82,1917265,,,,,,,,,5.471103548188748,5.517580012007019,5.78882086561528,5.94580185347816,6.088883722181122,6.621539715056791,6.746389619998825,6.2717071044912975,6.2216547487419716,6.198627831814849,6.175915906115747,6.378611298252685,6.40333135022521,6.391118216685441,6.387109203211519,6.379539239205664,6.378644177162148,6.438897181748567,6.470546728277946,6.594566621502326,6.7028851437810015,6.7205343892789875,6.749503774576397,6.964925772872354,7.2502059799925,7.3907547919266285,7.490955082502995,8.585933762279971,8.952123479603838,,,,,,,,,5.508625877194569,5.568977438838298,5.928908867050121,5.900150783363401,6.395545408807147,6.192029457325617,6.160680942450559,6.411780330087352,6.3974902392935,6.388288435438912,6.381704588368973,6.378785505417339,6.377760141266864,6.499984493209453,6.767271093768364,6.910220338922905,7.002229562441209,7.0788153797060716,7.427782265209594,7.530084473220085,7.888743196844058,8.746802813313813,9.20092173038301,,6.395545408807147,5.78882086561528,6.378611298252685,6.438897181748567,6.7028851437810015,7.2502059799925,8.585933762279971,6.074666766552977,"rgba(255, 26, 202, 1.0)",0.48571856308132494,6.074666766552977,-2.7684071986514467,37.21643735987743,-5.482614059910681,False,True,False,True,False,0.0,0.0,0.0,0.0,0.0,0,0.8799206801091629,1.0292017617916347,False,False,False,False,-0.30901249877051434,-0.3126059094712009,False,False,False,False,-28623736,-21557027.65598131,False,False,False,False,1244520.2839263314,False,False,False,False
2024-11-13 00:00:00+00:00,4.54,4.75,4.3911,4.75,1811220,,,,,,,,,5.402817603217053,5.471561063107351,5.7548627984830345,5.921799347757919,6.073134966308596,6.607926784590407,6.738507872415726,6.266995571278996,6.2171998453267205,6.194309091470241,6.171723744995006,6.3744734733064305,6.3993436086256645,6.387200792129279,6.383218733574977,6.375699206481288,6.374819986035777,6.435077171478618,6.466696886900032,6.590594435096044,6.698764640658142,6.716388521961749,6.745317469117668,6.960508732862108,7.245438953013342,7.385825393599295,7.485926837596571,8.579439559104593,8.945131385973271,,,,,,,,,5.452926482307022,5.531166312890399,5.8989257122486745,5.8797777519827035,6.3902801870050245,6.18774890887147,6.156567465801505,6.407745619174111,6.393535119476704,6.384388845877172,6.377846871946506,6.374956126214387,6.373948788613449,6.496117075687538,6.7630633593275205,6.905859940765531,6.997775318256861,7.0742685257022755,7.422816445779591,7.525024790718966,7.883239499569788,8.740089289499844,9.193586863187711,,6.3902801870050245,5.7548627984830345,6.3744734733064305,6.435077171478618,6.698764640658142,7.245438953013342,8.579439559104593,6.055022530126919,"rgba(255, 26, 202, 1.0)",0.5079823363595614,6.055022530126919,-2.9824315171749443,34.90498114680505,-7.6519129900578875,False,True,False,True,False,0.0,0.0,0.0,0.0,0.0,0,0.8760515144412323,1.0225408235018363,False,False,False,False,-0.34282825441539394,-0.3277170819432974,False,False,False,False,-30434956,-21905181.708687924,False,False,False,False,1266743.8022037302,False,False,False,False
2024-11-14 00:00:00+00:00,4.34,4.5299,4.34,4.5,1021441,,,,,,,,,5.362268180332991,5.443362342582875,5.734116329285858,5.907106552653097,6.063488341168017,6.5997459094414905,6.733769237391252,6.264106427714554,6.2144608427270995,6.191650395645935,6.169139634332169,6.371946912756405,6.396910886677047,6.3848096273858,6.380843573790873,6.373353999182182,6.372484335433898,6.432749794846901,6.464354276655225,6.588188370323753,6.696277687637212,6.71388764426104,6.742794441235862,6.957862339109687,7.242601198520636,7.382898898467808,7.482946917616023,8.575643605026876,8.941057092793855,,,,,,,,,5.419271676487621,5.507815084035386,5.88067200506878,5.867223773673097,6.387070432662843,6.185112740478213,6.154029621829952,6.405285184160597,6.391121655763775,6.3820082529414375,6.375491113004322,6.372617330786037,6.37162086809523,6.493766413783329,6.760528764117082,6.90324382078,6.995109086879685,7.071551793756856,7.419870289296798,7.522028198203879,7.8799973648545985,8.73617075316846,9.189320685136487,,6.387070432662843,5.734116329285858,6.371946912756405,6.432749794846901,6.696277687637212,7.242601198520636,8.575643605026876,6.043082081221411,"rgba(255, 26, 202, 1.0)",0.5340161282437915,6.043082081221411,-3.189195964590628,32.452837746770264,-10.007743712034426,False,True,False,True,False,0.0,0.0,0.0,0.0,0.0,0,0.8757306508011063,1.0291086060226502,False,False,False,False,-0.34282825441539394,-0.33527266817934565,False,False,False,False,-31456397,-22279739.17109232,False,False,False,False,1257124.0844702506,False,False,False,False
2024-11-15 00:00:00+00:00,4.2,4.38,4.16,4.35,1056340,,,,,,,,,5.317347661542289,5.411562174618699,5.710872876112887,5.890656046708135,6.052698434797939,6.590750348788887,6.728560872313032,6.260877268441379,6.211392728067123,6.188669058695368,6.166238821878939,6.369133482117931,6.394204102491087,6.382147825484073,6.378199169428454,6.370742157761192,6.369883029789138,6.430163169476928,6.461753527491942,6.58552767638853,6.693536124743331,6.711132062102383,6.740016611673172,6.954963827545881,7.239510874181069,7.37971966927852,7.479714806688423,8.571578108404728,8.936706101609893,,,,,,,,,5.381637077885064,5.481378331538011,5.860305109911711,5.853098166733342,6.383500668844807,6.182155748165222,6.15117866332886,6.402548447550415,6.388435696254238,6.3793579249966506,6.3728677512945575,6.370012543603808,6.369028070019144,6.491159254808411,6.757739498297808,6.9003749117125475,6.99219122947487,7.0685834604687,7.416671624051727,7.518779930272391,7.876500035840688,8.731979549757762,9.184772603022774,,6.383500668844807,5.710872876112887,6.369133482117931,6.430163169476928,6.693536124743331,7.239510874181069,8.571578108404728,6.029728099402002,"rgba(255, 26, 202, 1.0)",0.5636309891153575,6.029728099402002,-3.2463227443789715,30.221286142741285,-12.195877170998195,False,True,False,True,False,0.0,0.0,0.0,0.0,0.0,0,0.8826991261252948,1.028740328724512,False,False,False,False,-0.34282825441539394,-0.3390504612973698,False,False,False,False,-32512737,-22681033.203598507,False,False,False,False,1249250.1988047506,False,False,False,False
2024-11-18 00:00:00+00:00,4.23,4.3,4.17,4.2,763113,,,,,,,,,5.286706649339766,5.389369871304867,5.6943795797908185,5.8788786022927955,6.044926107509809,6.584257796064835,6.7247916957483005,6.258535508339814,6.209167228710485,6.186506236053635,6.164134161562353,6.367092916248643,6.392240810031316,6.3802170461609675,6.376280968335653,6.368847500126061,6.367995995674923,6.428286977218037,6.459867219810837,6.5835983811133945,6.691548629355369,6.709134472814764,6.7380030062753224,6.952863470261591,7.2372724211177974,7.377417205150078,7.477374290819855,8.568636851449178,8.933558985023186,,,,,,,,,5.355616138049005,5.462760468673539,5.845785885183337,5.842962467184903,6.38091318156343,6.180010509897139,6.149110010741319,6.400563508073614,6.386487454842111,6.377435440492504,6.370964762288082,6.368122989721103,6.367147191357233,6.489268405645608,6.755717667340394,6.898295834689842,6.990076966871261,7.066432864490583,7.414355175665208,7.5164278014343004,7.87396844309631,8.728947652081812,9.181483359173376,,6.38091318156343,5.6943795797908185,6.367092916248643,6.428286977218037,6.691548629355369,7.2372724211177974,8.568636851449178,6.0203234261166205,"rgba(255, 26, 202, 1.0)",0.5904851265560793,6.0203234261166205,-3.031953466056677,29.10696786057461,-13.397818459085151,False,True,False,True,False,0.0,0.0,0.0,0.0,0.0,0,0.8716703270052142,1.0590212748757055,False,False,False,False,-0.34282825441539394,-0.34093935785638185,False,False,False,False,-31749624,-23036664.215222098,False,False,False,False,1230185.9949300545,False,False,False,False
2024-11-19 00:00:00+00:00,4.18,4.25,4.16,4.25,669514,,,,,,,,,5.260328609687194,5.369980763320411,5.6798539439755205,5.868455518800551,6.038024658840238,6.578502578829459,6.721445660541519,6.25644830806942,6.2071826584097645,6.184577080747388,6.162256423177486,6.3652751335492015,6.390492054614325,6.378497057782184,6.374572118758652,6.367159500627085,6.366314766709715,6.426616091504774,6.458187693202895,6.581881959812301,6.689781581422784,6.707358630427485,6.736213217040528,6.950998589359603,7.235287329004257,7.375376395461712,7.475300448374729,8.566037837176514,8.930779829330625,,,,,,,,,5.333024275730622,5.446404015196526,5.832974408103377,5.8339736471249966,6.37860951220903,6.178096902389823,6.147264092595787,6.398795606011318,6.384752013512311,6.375722795372227,6.369269378093141,6.366439521049747,6.365471427301355,6.487585162401005,6.753920740896517,6.89644937251983,6.988200057793737,7.064524348262845,7.412302229935957,7.514343926546896,7.871727916050777,8.726269324972126,9.178579794020571,,6.37860951220903,5.6798539439755205,6.3652751335492015,6.426616091504774,6.689781581422784,7.235287329004257,8.566037837176514,6.012073689865482,"rgba(255, 26, 202, 1.0)",0.6170129439260065,6.012073689865482,-2.9692629756000524,28.122932185522657,-14.568900850892419,False,True,False,True,False,0.0,0.0,0.0,0.0,0.0,0,0.8698568690616971,1.056144571762563,False,False,False,False,-0.34282825441539394,-0.34188380613588787,False,False,False,False,-32419138,-23404604.36364476,False,False,False,False,1208198.857873974,False,False,False,False
2024-11-20 00:00:00+00:00,4.24,4.27,4.11,4.2,701566,,,,,,,,,5.234270981752107,5.350495981957995,5.6650327901261655,5.857735646905611,6.0308868738453745,6.572526728822137,6.717962778603766,6.254276311555061,6.205117597634607,6.182569728290304,6.160302623520712,6.36338235981018,6.388670905839444,6.376705879773304,6.37279254190917,6.365401639613514,6.364563949511308,6.424875736735096,6.456438204522133,6.580093543478978,6.687940038640399,6.705507864734198,6.734347821619803,6.949054220858816,7.23321681917457,7.373247411766489,7.473136754640643,8.563323937807914,8.927877266634322,,,,,,,,4.206666666666667,5.310477163760299,5.4298454737820245,5.819842203235615,5.824716109720469,6.37621180552104,6.176105741859332,6.145343442390028,6.39695450760104,6.382944736941964,6.373939266382874,6.3675038283595535,6.364686374514489,6.363726296438251,6.485831673981913,6.752047847500535,6.894524376557536,6.986243034540335,7.062534150362742,7.41016049248336,7.512169667772319,7.869389435091497,8.723472359729785,9.1755469520098,,6.37621180552104,5.6650327901261655,6.36338235981018,6.424875736735096,6.687940038640399,7.23321681917457,8.563323937807914,5.894188450487975,"rgba(255, 26, 202, 1.0)",0.639984994192877,5.894188450487975,-2.584730056951053,28.311468387024817,-14.697551490444745,False,True,False,True,False,0.0,0.0,0.0,0.0,0.0,0,0.8707212630311651,1.0524051221714503,False,False,False,False,-0.34282825441539394,-0.3423560302756409,False,False,False,False,-31717572,-23730603.09448222,False,False,False,False,1188330.9026632297,False,False,False,False
2024-11-21 00:00:00+00:00,4.3,4.41,4.195,4.26,1039122,,,,,,,,,5.201317187466969,5.325106213131044,5.645015246556134,5.843008765121858,6.020961688501031,6.564083943191003,6.713016288796791,6.251216576031625,6.202211789058524,6.179746609858097,6.157556295385878,6.360708196426953,6.386096288097442,6.37417421051195,6.370277453817861,6.36291758824215,6.362089877978583,6.422413207015179,6.453961154201705,6.57755540869902,6.68532169645204,6.702875662763479,6.731693599138486,6.9462789718277085,7.230251385508897,7.370193771680712,7.470030317637725,8.559397975287013,8.923671068969211,,,,,,,,4.263377915322371,5.281428046034963,5.407959765663275,5.80189934821384,5.811990050479322,6.372825243608628,6.17330582593182,6.14264471236051,6.394351276680637,6.3803900103752085,6.371418540198299,6.365008817336342,6.362209011273641,6.361260290167015,6.483347498009001,6.749382218246584,6.891778827532514,6.983448347802216,7.059689351890006,7.407087435997765,7.5090469224869025,7.866020974467377,8.719422997962852,9.171147415614179,,6.372825243608628,5.645015246556134,6.360708196426953,6.422413207015179,6.68532169645204,7.230251385508897,8.559397975287013,5.885968985357032,"rgba(255, 26, 202, 1.0)",0.6567514099061214,5.885968985357032,-2.414869555565532,29.30167171072725,-14.697551490444745,False,True,False,True,False,0.0,0.0,0.0,0.0,0.0,0,0.8708763201892099,1.0398333537223559,False,False,False,False,-0.29877117778830103,-0.32056360403197093,False,False,False,False,-30678450,-24003067.67901233,False,False,False,False,1182479.5731470247,False,False,False,False
2024-11-22 00:00:00+00:00,4.34,4.45,4.285,4.3,899308,,,,,,,,,5.1763029596908,5.3052674044558055,5.6288706342368595,5.830946949534889,6.012743550226913,6.55700939750424,6.708851887584368,6.248653003384395,6.199778878667769,6.177383688201792,6.155258401466696,6.358462974761666,6.383933643779578,6.372047930308881,6.368165189079896,6.360831557493402,6.360012234730148,6.4203434401664685,6.45187830508498,6.575417920305793,6.6831140469710055,6.700655923010369,6.729454631475827,6.943933189722454,7.227739355589051,7.3676046100139105,7.467394756165103,8.556051228962918,8.920081539644357,,,,,,,,4.295724239733697,5.258982966554864,5.390628570751769,5.787283348911261,5.801553560449687,6.369983201939189,6.170962543948263,6.140387162287075,6.392164392446423,6.378244214323573,6.369301515599184,6.362913538927001,6.36012860627329,6.359189430217559,6.481257848826385,6.747133226893441,6.889459264445409,6.981085386963716,7.0572825376498,7.404481201839824,7.506396904071123,7.863157136240309,8.715969336289403,9.16739047861765,,6.369983201939189,5.6288706342368595,6.358462974761666,6.4203434401664685,6.6831140469710055,7.227739355589051,8.556051228962918,5.8787517662146,"rgba(255, 26, 202, 1.0)",0.6545991965373711,5.8787517662146,-2.3506777496124722,30.556855579709442,-14.697551490444745,False,True,False,True,False,0.0,0.0,0.0,0.0,0.0,0,0.872192157076036,1.0452858152942455,False,False,False,False,-0.27382993983476495,-0.2971967719333679,False,False,False,False,-29779142,-24229580.397482436,False,False,False,False,1171374.8055726315,False,False,False,False
2024-11-25 00:00:00+00:00,4.57,4.69,4.37,4.38,880183,,,,,,,,,5.1584388256813245,5.290265824499049,5.615701271352148,5.820789337209243,6.005669145589455,6.550708025609323,6.7051099592954495,6.246395560148556,6.197642515788933,6.175311545309119,6.153246012946378,6.356473173692483,6.382014361611535,6.370161995898856,6.366292033787442,6.358982319524434,6.358170495214465,6.41850309181162,6.450023542566209,6.573504104699724,6.681129019031725,6.698658723980842,6.727438020511009,6.941805385329235,7.225443239435335,7.365230340571452,7.464972796017542,8.552924947385337,8.916716062857859,,,,,,,,4.357636237626932,5.242347859333798,5.377153511979222,5.775077252084234,5.79277400027352,6.367464449496974,6.1689084227662105,6.138411951904273,6.390222837769893,6.376340403563842,6.3674240382907215,6.361055919620443,6.358284412472701,6.357353769931365,6.47939449579315,6.7451063079269264,6.887358770357341,6.978939633627601,7.055092239592322,7.402089358961358,7.5039597213465665,7.860506438399699,8.712737693790073,9.163860347309322,,6.367464449496974,5.615701271352148,6.356473173692483,6.41850309181162,6.681129019031725,7.225443239435335,8.552924947385337,5.874776244129332,"rgba(255, 0, 0, 1.0)",0.658908105801678,5.874776244129332,-1.9802097328000552,34.542211981058635,-14.697551490444745,False,True,False,True,True,0.0,0.0,0.0,0.0,0.0,0,0.8716046048411598,1.0372100874379662,False,False,False,False,-0.2128348190590304,-0.2550157954961991,False,False,False,False,-28898959,-24412693.283855673,False,False,False,False,1159955.5190795872,False,False,False,False
2024-11-26 00:00:00+00:00,4.41,4.59,4.39,4.58,1532429,,,,,,,,,5.125883270893915,5.262858958260142,5.591864847958166,5.802397928897939,5.992848555029318,6.539397218317079,6.698385944081581,6.242295547970469,6.193756919535849,6.171540149611831,6.149580829760543,6.35286685587188,6.378537384954828,6.366744400636038,6.362897249160096,6.355630231072614,6.354831902534972,6.41517124855638,6.446667795206798,6.57004971152211,6.677552789350179,6.695061603733753,6.723807617611287,6.937986526052569,7.221336021758442,7.36098924759983,7.460650439559357,8.547385223742385,8.910762027402974,,,,,,,,4.3896936017993085,5.212047445753291,5.352532696596743,5.753044251643953,5.776817112271167,6.362904153316183,6.165169077108276,6.134812782961068,6.386706235308175,6.372890960698285,6.3640215256005055,6.3576888322854055,6.354941391449511,6.354026107727525,6.476025170369998,6.741458355476912,6.883586191978588,6.975090391036923,7.051166780758635,7.397818338772546,7.499611655757129,7.855790512742353,8.707015493635579,9.157620919770757,,6.362904153316183,5.591864847958166,6.35286685587188,6.41517124855638,6.677552789350179,7.221336021758442,8.547385223742385,5.8635349073819345,"rgba(255, 26, 202, 1.0)",0.6661403417855867,5.8635349073819345,-2.182025042179159,35.81795489008711,-20.359959176247948,False,True,False,True,True,0.0,0.0,0.0,0.0,0.0,0,0.8602956598220626,1.0562294915598254,False,False,False,False,-0.22768848362242528,-0.2413521395593122,False,False,False,False,-30431388,-24648720.527626038,False,False,False,False,1174562.3222529367,False,False,False,False
2024-11-27 00:00:00+00:00,4.54,4.6,4.46,4.48,607332,,,,,,,,,5.115084912100171,5.253400762612799,5.583257808643111,5.79562006190319,5.988056132119698,6.535098370297786,6.69581534317526,6.2407395776287755,6.192283893598638,6.1701111260336265,6.148192757913586,6.351494207140975,6.377213112341489,6.365443014338789,6.361604633812167,6.354354032567099,6.353560851404334,6.4139011573928935,6.445387809354098,6.568729179763459,6.676183354275334,6.693683809952497,6.722416491879655,6.936519010345032,7.219752855948299,7.359352368198401,7.458980772630869,8.545231431273212,8.908443799007394,,,,,,,,4.40510666367488,5.2017437736937016,5.343877751650198,5.744978481644056,5.770929975006628,6.361169234307112,6.163752403456122,6.133450195018129,6.385366678707269,6.37157730566607,6.362725943785477,6.356406880632589,6.353668655521565,6.352759229864563,6.474739287487308,6.7400601496367765,6.882137441145519,6.973610541452647,7.049656324977176,7.396169377823797,7.4979315188678095,7.853963609280769,8.704789271746481,9.155189497330264,,6.361169234307112,5.583257808643111,6.351494207140975,6.4139011573928935,6.676183354275334,7.219752855948299,8.545231431273212,5.859708171580922,"rgba(255, 0, 0, 1.0)",0.6642534792411311,5.859708171580922,-1.9867538715621151,38.31457470727466,-17.823319443227106,False,True,False,True,True,0.0,0.0,0.0,0.0,0.0,0,0.8701936857622538,1.049895581671512,False,False,False,False,-0.21283481905903068,-0.22709347930917145,False,False,False,False,-29824056,-24851674.859875996,False,False,False,False,1152317.9958900765,False,False,False,False
2024-11-29 00:00:00+00:00,4.55,4.61,4.52,4.57,238459,,,,,,,,,5.111141398123971,5.249888924652728,5.58000140435499,5.793034398074031,5.986217394381395,6.533437948748041,6.694820132454312,6.240138955112131,6.19171553360334,6.1695598547740245,6.1476573948245425,6.3509637214253765,6.376701190036374,6.364939981080116,6.361105004040707,6.353860773152796,6.353069582942851,6.4134100101185725,6.444892714439584,6.568217949337542,6.675652831329858,6.693149993363272,6.721877419793388,6.93594969209828,7.219137926740179,7.358716251865993,7.458331696386394,8.544392028329085,8.907539799360054,,,,,,,,4.411368652747974,5.197941237307449,5.340639483777932,5.741909736751954,5.768683176798337,6.360498870764023,6.163205928531074,6.132924736220411,6.384848818304953,6.371069508106955,6.362225163681129,6.355911390927445,6.353176736048375,6.352269576249261,6.474241800358253,6.739518279119253,6.881575553497703,6.973036337022498,7.049070044153459,7.395528485033835,7.497278289925406,7.85325261058351,8.703921414807306,9.154241041923699,,6.360498870764023,5.58000140435499,6.3509637214253765,6.4134100101185725,6.675652831329858,7.219137926740179,8.544392028329085,5.858287444171402,"rgba(255, 0, 0, 1.0)",0.6562763370942866,5.858287444171402,-1.9935008627066215,40.106251601056044,-15.98266028930712,False,True,False,True,True,0.0,0.0,0.0,0.0,0.0,0,0.8774906773529247,1.0480812044303445,False,False,False,False,-0.1999135455000427,-0.21350351240460708,False,False,False,False,-29585597,-25037318.865371056,False,False,False,False,1116480.3882081127,False,False,False,False
2024-12-02 00:00:00+00:00,4.63,4.64,4.51,4.59,584698,,,,,,,,,5.102275749821273,5.241835520597199,5.572361876930854,5.7869101135300856,5.981833718804577,6.5294469796366945,6.692421851895855,6.238697234733284,6.190352031859547,6.168237702190748,6.1463737470830875,6.349688491439004,6.375470192642594,6.363730493233266,6.359903742259406,6.352674908010786,6.351888510170794,6.412228463904725,6.443701297525112,6.566986308761391,6.674373599515716,6.691862648410789,6.720577122514938,6.934574454162397,7.217650217698561,7.357176289066086,7.456759690065895,8.542352526610191,8.90534177808235,,,,,,,,4.427779695928248,5.189282809366309,5.333145652999817,5.7346623892415876,5.763360148874442,6.358887650776912,6.1618953817988515,6.131665075582682,6.383603446475958,6.3698484943822695,6.361021123973419,6.354720141910891,6.351994098235481,6.351092392567727,6.473044284805857,6.7382110627553375,6.880218728441798,6.971648984817365,7.047652895894441,7.393976709418906,7.495695973577052,7.851528183040653,8.701812084366338,9.151933960476418,,6.358887650776912,5.572361876930854,6.349688491439004,6.412228463904725,6.674373599515716,7.217650217698561,8.542352526610191,5.855055691154552,"rgba(255, 0, 0, 1.0)",0.6421971014543587,5.855055691154552,-1.907600779231511,42.35084633423345,-13.721963217399264,False,False,False,True,True,0.0,0.0,0.0,0.0,0.0,0,0.8803288183613511,1.0285831920223865,False,False,False,False,-0.19623400134945435,-0.2048687568770307,False,False,False,False,-29000899,-25192753.380454548,False,False,False,False,1095626.1769058337,False,False,False,False
2024-12-03 00:00:00+00:00,4.41,4.6311,4.39,4.59,927343,,,,,,,,,5.085746128319733,5.2272407218187285,5.559074235885234,5.7763900226264,5.974359793962069,6.5227725788126465,6.688419210872781,6.236254547067221,6.188037118063922,6.1659907675412535,6.144190064496464,6.347536066077609,6.3733941037203,6.361689811866169,6.357876652877362,6.350673261298873,6.3498948848497845,6.410238030462597,6.441696257917954,6.564921127353489,6.672234726283665,6.689711152477584,6.718405507830537,6.932288423338403,7.215189721844766,7.354634764075087,7.454168869677091,8.539027013782164,8.901766360029923,,,,,,,,4.433943299691606,5.173464779577266,5.319742959990514,5.722201302290888,5.754186473750551,6.356170305442698,6.159667528426713,6.129520728770435,6.381503725985751,6.3677888255548565,6.3589894322494365,6.352709564214579,6.349997842972291,6.349105266331428,6.471030806779488,6.736028812850785,6.877960802513843,6.969344493787366,7.045302274013678,7.391417027128526,7.4930895010609815,7.848699453300542,8.698376504012865,9.148186435514896,,6.356170305442698,5.559074235885234,6.347536066077609,6.410238030462597,6.672234726283665,7.215189721844766,8.539027013782164,5.848245431674236,"rgba(255, 26, 202, 1.0)",0.6303636302211358,5.848245431674236,-2.2816123309171403,41.58729472280619,-13.721963217399264,False,False,False,True,True,0.0,0.0,0.0,0.0,0.0,0,0.8764061328222648,1.0249979168402632,False,False,False,False,-0.220045470792012,-0.21245711383452137,False,False,False,False,-29928242,-25378458.816515155,False,False,False,False,1089026.8366350166,False,False,False,False
2024-12-04 00:00:00+00:00,4.35,4.41,4.29,4.38,641369,,,,,,,,,5.072534969483262,5.215813493440927,5.5490142954308075,5.768510693714147,5.968799082651013,6.517896692844479,6.685500814133979,6.234447387638933,6.186321135510174,6.164323609895477,6.142568299650881,6.345949393258987,6.371864885407105,6.360186057758533,6.356382710618577,6.349197687671651,6.348425176120066,6.408773497897181,6.440222412351019,6.563408434276045,6.670672409361506,6.688140289158845,6.716821048089559,6.93062817027936,7.213411746732158,7.352802134787701,7.452303294542838,8.536658373732049,8.899226007167979,,,,,,,,4.427256773697273,5.1610077972839115,5.309355521392252,5.712861821008418,5.7472944378697965,6.354168781938913,6.158014076280263,6.127927143883909,6.379957534686278,6.366271405749745,6.357492158701918,6.351227518028185,6.348526203920963,6.347640302028349,6.469552053815194,6.734437251996628,6.87631916148561,6.9676720397927046,7.043598761074397,7.389572274633874,7.491213627295756,7.846672213257575,8.695932248188683,9.145527693976195,,6.354168781938913,5.5490142954308075,6.345949393258987,6.408773497897181,6.670672409361506,7.213411746732158,8.536658373732049,5.842478311050391,"rgba(255, 26, 202, 1.0)",0.623484194298302,5.842478311050391,-2.393770884168275,40.52254168841728,-13.721963217399264,False,True,False,True,True,0.0,0.0,0.0,0.0,0.0,0,0.8657948732362695,1.0520757209511495,False,False,False,False,-0.28051106742403975,-0.24648409062928056,False,False,False,False,-30569611,-25582033.41194593,False,False,False,False,1071471.627355212,False,False,False,False
2024-12-05 00:00:00+00:00,4.36,4.48,4.32,4.35,713295,,,,,,,,,5.059106467901544,5.20397304297037,5.538357185402813,5.760073242496831,5.962798383674612,6.512590924662742,6.682314501089265,6.232480655041652,6.184454505499781,6.162510479603774,6.1408049254988235,6.344220104200158,6.370197679577416,6.358546761196538,6.354754155740232,6.347589242068201,6.346823126153782,6.407176134464685,6.4386144314874585,6.561756354792086,6.668964768235532,6.686423095761513,6.715088648580456,6.928810434048655,7.211462258873333,7.350791465544257,7.450255628556779,8.534050291198088,8.896426840580245,,,,,,,,4.423953593222244,5.148195837196346,5.298493135087724,5.7028986272601685,5.739907591230108,6.351988123195956,6.15621596437084,6.126194677596423,6.378271719211071,6.364617134728032,6.355859959870789,6.349611994880696,6.346922051441598,6.346043428406647,6.467938294988689,6.732696878822421,6.874522384125559,6.96584055465766,7.0417324911108325,7.387547987250019,7.489154334308849,7.84444399988255,8.693240015571076,9.142596829845916,,6.351988123195956,5.538357185402813,6.344220104200158,6.407176134464685,6.668964768235532,7.211462258873333,8.534050291198088,5.836576598360109,"rgba(255, 26, 202, 1.0)",0.6262759947665916,5.836576598360109,-2.357709078264157,39.96819983213454,-13.721963217399264,False,True,False,True,True,0.0,0.0,0.0,0.0,0.0,0,0.8711446919978592,1.0373982480353774,False,False,False,False,-0.261484649209602,-0.2539843699194413,False,False,False,False,-29856316,-25749652.336967662,False,False,False,False,1057425.485105988,False,False,False,False
2024-12-06 00:00:00+00:00,4.49,4.52,4.38,4.39,536753,,,,,,,,,5.05045636566373,5.1960988311095635,5.5309910321107845,5.754142356956585,5.958530987927369,6.508759088201501,6.680002505591022,6.231064807537093,6.18311221342311,6.161207337370879,6.139538216983259,6.342971714751693,6.368993375735221,6.357362879842799,6.353578115657169,6.346427880970394,6.345666395397483,6.406021331209027,6.4374512358439855,6.560558582104745,6.667724563488426,6.685175621088079,6.713829587059315,6.9274855033808125,7.210036812221825,7.349319325344517,7.448755082143975,8.532126114394277,8.894358531968983,,,,,,,,4.4262259560035515,5.139773781328361,5.29115958162506,5.695930475569634,5.734713608256886,6.350414255129299,6.154923812669235,6.124950628974433,6.377053786882755,6.363422301162381,6.354681264383487,6.348445480244637,6.345763802315512,6.344890449136443,6.466770264353895,6.731431694187925,6.873213635294885,6.964504995007645,7.040370356681893,7.386065384537718,7.487644769651484,7.842806300220951,8.691252359302416,9.140429254308923,,6.350414255129299,5.5309910321107845,6.342971714751693,6.406021331209027,6.667724563488426,7.210036812221825,8.532126114394277,5.8327483778591525,"rgba(255, 26, 202, 1.0)",0.6241953378703512,5.8327483778591525,-2.1511669446945603,41.5897642816435,-13.721963217399264,False,False,False,True,True,0.0,0.0,0.0,0.0,0.0,0,0.8716492213428642,1.0426275777947973,False,False,False,False,-0.24264158626251414,-0.24831297809097772,False,False,False,False,-29319563,-25889648.833557166,False,False,False,False,1037006.9562783022,False,False,False,False
2024-12-09 00:00:00+00:00,4.5,4.745,4.48,4.51,1076234,,,,,,,,4.575000000000001,5.037006418999514,5.1831350302631645,5.518034685836104,5.743427150747973,5.950680864299982,6.50153605217308,6.675614048454144,6.22841163375522,6.180601451353041,6.158771894084045,6.137172935385558,6.340621987825773,6.366724452922322,6.3551332396077305,6.35136350172817,6.344241394934373,6.34348866796917,6.40384284169743,6.4352547494944075,6.5582887196945885,6.66536780336237,6.682804044253551,6.711434355333116,6.924953387045913,7.207299140724998,7.346486117657049,7.445863268884617,8.528379191396732,8.89032157759918,,,,,,,,4.44165419656017,5.126183050524749,5.2787685640974304,5.68343676792722,5.725329158898223,6.34745268093934,6.152509514697222,6.122629066249348,6.374758616967511,6.361171610152559,6.352461575683911,6.346249157169052,6.34358321426935,6.342719829592647,6.464562671594758,6.729023826797539,6.870715158769975,6.961950743637775,7.037761654928393,7.38321057302912,7.484734092634224,7.839635697513281,8.687377680406268,9.136192752536587,,6.34745268093934,5.518034685836104,6.340621987825773,6.40384284169743,6.66536780336237,7.207299140724998,8.528379191396732,5.738367758262276,"rgba(255, 0, 0, 1.0)",0.625298285576738,5.738367758262276,-1.9804432329765294,42.821580344248346,-12.408681879491482,False,False,False,True,True,0.0,0.0,0.0,0.0,0.0,0,0.8708263331027374,1.036431788341263,False,False,False,False,-0.1824814743700982,-0.21539722623053797,False,False,False,False,-28243329,-25981950.016554922,False,False,False,False,1038545.2717183689,False,False,False,False
2024-12-10 00:00:00+00:00,4.37,4.51,4.36,4.51,506623,,,,,,,,4.523255558356399,5.0288104557062185,5.17564502003364,5.511031592765784,5.73776161566135,5.946585623702477,6.49787078775818,6.673396066888643,6.227043796206502,6.17930352284566,6.157511265796785,6.135947013599733,6.339416964605409,6.365562180838243,6.353990451616825,6.350228205156392,6.34312012350632,6.3423718410651775,6.402728646315128,6.434132873057106,6.557135054906481,6.664174567309877,6.681604015445352,6.71022350692155,6.923681440553204,7.205933358112955,7.34507674410806,7.444427455131412,8.526545804113466,8.888352749929219,,,,,,,,4.440336017626798,5.11819846267685,5.271776795341172,5.676807626769697,5.720350441125195,6.345935129269105,6.1512593587080175,6.121424718642248,6.373583349394819,6.360018370187165,6.351323739711543,6.345122954880651,6.342464927879223,6.341606601651494,6.463436500238698,6.727807284116232,6.869458221752899,6.96066894426868,7.036455066221246,7.381791464488993,7.483289927268814,7.838071501809612,8.685484645835169,9.134130606963609,,6.345935129269105,5.511031592765784,6.339416964605409,6.402728646315128,6.664174567309877,7.205933358112955,8.526545804113466,5.732012543474022,"rgba(255, 26, 202, 1.0)",0.6206624476099192,5.732012543474022,-2.194449734664848,42.05867505705236,-12.408681879491482,False,False,False,True,True,0.0,0.0,0.0,0.0,0.0,0,0.8613410177521629,1.0744680851063828,False,False,False,False,-0.24827621038736034,-0.23183671830894914,False,False,False,False,-28749952,-26090499.11394493,False,False,False,False,1017685.5747882368,False,False,False,False
2024-12-11 00:00:00+00:00,4.34,4.45,4.25,4.44,630234,,,,,,,,4.472967376096751,5.017838261232364,5.165731254959568,5.501921147554762,5.7304293666593455,5.941301347629726,6.493183906390194,6.67056177295745,6.225282655328935,6.177630718789474,6.155885752341067,6.134365484493964,6.337868216460845,6.364068946282262,6.3525219388955465,6.348769216086185,6.341678965283997,6.34093637006188,6.401297948478964,6.432693022323193,6.555657062754046,6.66264804441353,6.680069138121782,6.708675335400422,6.9220589759854825,7.204195685051603,7.343285561469166,7.4426039705474984,8.524230438654117,8.885869512374253,,,,,,,,4.435209324068738,5.107595782763178,5.262571876970513,5.668226939425166,5.713896226235533,6.343985623304668,6.149647122863241,6.119870506722579,6.372073637033112,6.358536590580511,6.349861517926621,6.3436755155148585,6.341027585644782,6.340175732221473,6.461991778162581,6.726252159926309,6.867854005475671,6.959034512992681,7.034790234510143,7.37998839477685,7.481456322331784,7.83608981067448,8.68309535698247,9.131531639067836,,6.343985623304668,5.501921147554762,6.337868216460845,6.401297948478964,6.66264804441353,7.204195685051603,8.524230438654117,5.724405122339361,"rgba(255, 26, 202, 1.0)",0.6160605738317395,5.724405122339361,-2.2471899373931925,41.19948875349071,-12.408681879491482,False,False,False,True,True,0.0,0.0,0.0,0.0,0.0,0,0.8775541818503709,1.0546687124710463,False,False,False,False,-0.28051106742403975,-0.25617389286649445,False,False,False,False,-29380186,-26219506.442809835,False,False,False,False,1002491.3953847765,False,False,False,False
2024-12-12 00:00:00+00:00,4.27,4.3872,4.2449,4.26,447497,,,,,,,,4.4439929035361105,5.00974027984338,5.158447701781515,5.495284395050256,5.725098470422048,5.937462847386952,6.489797370221048,6.668513749876496,6.224003611921192,6.176415026077169,6.154704049269629,6.1332153868167705,6.3367446377266665,6.362985889171346,6.351456661497638,6.347710796702319,6.340633386507799,6.339894904107887,6.400260591030169,6.431649361341115,6.554587002438442,6.661543870035263,6.678959079535277,6.707555919643559,6.920887646685722,7.202943306789165,7.34199554347808,7.441291305440029,8.522569900069632,8.884090101351724,,,,,,,,4.430177533411159,5.0997983728205005,5.255823885717977,5.661991546048561,5.7091972747333655,6.342571881043277,6.148474963244216,6.118740026887406,6.37097873456593,6.357461769297958,6.348800768564866,6.342625407679908,6.339984764758283,6.339137592280557,6.46094488598108,6.725127871859709,6.866695426275793,6.9578548285211665,7.033589180482652,7.378690045694229,7.480136602084528,7.834665560210141,8.681382475554726,9.129670245419158,,6.342571881043277,5.495284395050256,6.3367446377266665,6.400260591030169,6.661543870035263,7.202943306789165,8.522569900069632,5.719172563805452,"rgba(255, 26, 202, 1.0)",0.6187498293742092,5.719172563805452,-2.3420977186710745,39.804946188449435,-12.408681879491482,False,True,False,True,False,0.0,0.0,0.0,0.0,0.0,0,0.8899062164065684,1.0254957927123105,False,False,False,False,-0.29354297392933076,-0.2748584333979126,False,False,False,False,-29827683,-26361003.562699646,False,False,False,False,980726.9092912559,False,False,False,False
2024-12-13 00:00:00+00:00,4.31,4.35,4.1718,4.3,520812,,,,,,,,4.416698937082207,5.000238907083947,5.149896397593266,5.487502354980602,5.718842786099073,5.932954391843635,6.485827105663697,6.66611109963881,6.222499046555693,6.174984492479591,6.153313278857501,6.131861586734935,6.335423506554914,6.361712515285407,6.35020409701998,6.346466263766977,6.33940389184897,6.338670235826855,6.399041108563408,6.430422656676131,6.553329973798105,6.660247351585082,6.6776557429926395,6.706241744361566,6.919513551692855,7.20147534905204,7.340483996561941,7.439753573538204,8.520628235366825,8.882010322332757,,,,,,,,4.423797963213179,5.090650516788715,5.2478988210973325,5.654682111705575,5.703677340192085,6.34091012724146,6.147095357677363,6.117409168873291,6.369691499951802,6.356198033237866,6.347553505783687,6.341390605573247,6.338758505516367,6.337916826128177,6.459714551230031,6.723808064925803,6.8653360472246465,6.956471093479418,7.032180707221321,7.3771688679711085,7.478590735624641,7.832998432349238,8.67937999725328,9.127495194735394,,6.34091012724146,5.487502354980602,6.335423506554914,6.399041108563408,6.660247351585082,7.20147534905204,8.520628235366825,5.7133425895700976,"rgba(255, 26, 202, 1.0)",0.6240156211944994,5.7133425895700976,-2.248890159005635,39.66814940038876,-12.408681879491482,False,True,False,True,False,0.0,0.0,0.0,0.0,0.0,0,0.8739037774658973,1.0379528763542665,False,False,False,False,-0.31492333079674484,-0.2948908820973287,False,False,False,False,-29306871,-26476527.77592711,False,False,False,False,962691.0304955203,False,False,False,False
2024-12-16 00:00:00+00:00,4.29,4.3902,4.22,4.28,554622,,,,,,,,4.399384578900588,4.990698713014937,5.141203789005922,5.479477795786866,5.712344587314874,5.928245847241761,6.481658222776958,6.663582147199482,6.22091811277794,6.17348173364946,6.151852458408645,6.130439767783266,6.334034037494165,6.3603729989839906,6.348886533859861,6.3451571676929985,6.338110649589916,6.337382069655872,6.397757937697022,6.429131668703271,6.552006260610027,6.658881410716868,6.676282519624229,6.704856939291595,6.918064436366072,7.199925889464499,7.338887930591294,7.438129452071989,8.518573573342358,8.879808548342242,,,,,,,,4.418534522805945,5.081396775699561,5.2397941642338814,5.647109983715765,5.697938877835714,6.339162952737562,6.145646313232949,6.1160115618970945,6.368337357848782,6.354868686106595,6.346241533283171,6.340091772056565,6.337468667262305,6.336632765218622,6.458419540970858,6.7224172263727375,6.863902727861936,6.955011625818814,7.03069478101558,7.375562481081249,7.476957867452619,7.831236168147986,8.677260557952657,9.125191965454555,,6.339162952737562,5.479477795786866,6.334034037494165,6.397757937697022,6.658881410716868,7.199925889464499,8.518573573342358,5.707944145300958,"rgba(255, 26, 202, 1.0)",0.6273293314435023,5.707944145300958,-2.2602867014654473,39.309739159012764,-12.408681879491482,False,True,False,True,False,0.0,0.0,0.0,0.0,0.0,1,0.8698649492816132,1.0417199631139005,False,False,False,False,-0.29776675734981245,-0.2963288197235706,False,False,False,False,-29861493,-26609271.51020448,False,False,False,False,946688.3234172647,False,False,False,False
2024-12-17 00:00:00+00:00,4.47,4.5,4.25,4.26,581232,,,,,,,,4.400364966535055,4.982476591496143,5.133413496335613,5.4719334446327474,5.706107410918701,5.92366161172147,6.477519001062931,6.66105692679946,6.219355906471947,6.171998922199436,6.150412005355816,6.1290387396780535,6.332656147157032,6.359043616246866,6.34757931927871,6.343858475807926,6.336827914849803,6.336104389061532,6.396483135553007,6.427848074540944,6.550686293433477,6.657516244464867,6.674909595999457,6.703471658003589,6.9166092803160835,7.198363490207794,7.337275697071016,7.436486966891815,8.516476834501573,8.877557061362138,,,,,,,,4.418028030292628,5.073220471490145,5.23239482880345,5.639885703761602,5.692430010180285,6.3374307121262845,6.144217754596226,6.114635048232955,6.3669931901507235,6.353549579784318,6.344939952741253,6.33880342803619,6.336189327270384,6.335359177696551,6.457131009867916,6.721025436899023,6.862464740501271,6.953545197167689,7.029200019654626,7.373939108982577,7.475305814875994,7.829446933856961,8.675095669867689,9.122833861549406,,6.3374307121262845,5.4719334446327474,6.332656147157032,6.396483135553007,6.657516244464867,7.198363490207794,8.516476834501573,5.703979079134547,"rgba(255, 0, 0, 1.0)",0.6253145658830984,5.703979079134547,-1.9733733171429721,42.50295262422414,-11.651561724210836,False,False,False,True,True,0.0,0.0,0.0,0.0,0.0,1,0.8810200196329235,1.0290849867626497,False,False,False,False,-0.2709739174021462,-0.28365136856285844,False,False,False,False,-29280261,-26714016.19607881,False,False,False,False,932356.7028910975,False,False,False,False
2024-12-18 00:00:00+00:00,4.24,4.53,4.21,4.47,670009,,,,,,,,4.390464040075688,4.9720037399286365,5.1236696352563245,5.462724072517721,5.69855298941689,5.918134460602514,6.472584462388466,6.658049958889592,6.217479095745188,6.170215391549311,6.148678441916932,6.127351659925797,6.3310043672932865,6.357450726867581,6.346012603072115,6.342301845439151,6.335290169579784,6.334572672049446,6.394956644847531,6.426311959396803,6.549110029619029,6.655888756571834,6.673273286568829,6.701821312032336,6.914880557560838,7.196513069177597,7.33536873738308,7.43454588226292,8.514015496097311,8.874918104132005,,,,,,,,4.413744146058913,5.06293570095688,5.223216014879382,5.631128205849658,5.685746254842172,6.335355161838422,6.14249822264019,6.112976840946301,6.365382858817804,6.351968816805232,6.34337989825316,6.337259028577295,6.3346556263561276,6.333832337954736,6.455589802923267,6.719367754459726,6.8607552719933285,6.951803848074624,7.027426563420765,7.372019592392279,7.4733540431855285,7.8273385787600365,8.672556118683383,9.120072444737627,,6.335355161838422,5.462724072517721,6.3310043672932865,6.394956644847531,6.655888756571834,7.196513069177597,8.514015496097311,5.698375424811248,"rgba(255, 26, 202, 1.0)",0.6306718282547717,5.698375424811248,-2.3124156803498592,41.52358434342574,-11.651561724210836,False,False,False,True,True,0.0,0.0,0.0,0.0,0.0,1,0.881266587756122,1.0184606562318497,False,False,False,False,-0.27287745010450976,-0.2782644093336841,False,False,False,False,-29950270,-26840928.10995807,False,False,False,False,922068.557679682,False,False,False,False
2024-12-19 00:00:00+00:00,4.1,4.3565,4.08,4.28,667505,,,,,,,,4.365482545714814,4.959582290855153,5.112435758016423,5.4525203190607465,5.690306436063302,5.912157896587064,6.467353704348593,6.654872450403922,6.215467095684137,6.168299740062663,6.146814765852482,6.125536291660554,6.3292402881760355,6.355750929186761,6.344340064209774,6.340639853121635,6.333647927037597,6.332936818445524,6.39332955641804,6.424676222389125,6.547437566005416,6.654166843878948,6.671542801087367,6.700077216816308,6.913062347813996,7.194577091737675,7.333378074446598,7.432522587599753,8.511479759624079,8.872206695548838,,,,,,,,4.403260220571151,5.05096581965152,5.212777001390521,5.621543125917354,5.678434950229272,6.333139754898018,6.14064914247094,6.1111914205960565,6.363664921076467,6.350281636582786,6.341714315159445,6.335609798798969,6.333017661734039,6.332201644981879,6.453950103417851,6.717616651693994,6.858955262167494,6.949973733542177,7.02556546259223,7.370016936815025,7.4713207306806755,7.825152028952506,8.669943042103727,9.117239759194662,,6.333139754898018,5.4525203190607465,6.3292402881760355,6.39332955641804,6.654166843878948,7.194577091737675,8.511479759624079,5.691139536501734,"rgba(255, 26, 202, 1.0)",0.6403356383405433,5.691139536501734,-2.484852382455613,39.37719558232102,-11.651561724210836,False,True,False,True,False,0.0,0.0,0.0,0.0,0.0,1,0.8741744493904743,1.0272468069011667,False,False,False,False,-0.33165009612019464,-0.3049572527269394,False,False,False,False,-30617775,-26989039.752704814,False,False,False,False,912085.6730647925,False,False,False,False
2024-12-20 00:00:00+00:00,4.27,4.335,4.01,4.07,666673,,,,,,,,4.348557705286922,4.947961638872694,5.1017864719248776,5.442695960435403,5.682300058786197,5.90631913251857,6.46221268590579,6.651740473916031,6.2134873305986575,6.166415267554379,6.144981631438781,6.123750884875013,6.327502695925202,6.354076269993023,6.342692338477273,6.339002540126281,6.3320301133308465,6.3313252964495925,6.391726052751359,6.423063905855499,6.545787968271627,6.652467619611563,6.669834985004249,6.6983557541774035,6.911266170343415,7.192662760601629,7.331408868297443,7.4305205545626585,8.508965420325872,8.869516870396692,,,,,,,4.205,4.394800115923027,5.039679165768026,5.2028158727441065,5.612266805908721,5.671329418015674,6.330958468088854,6.1388304255875115,6.109435615017676,6.361972334000182,6.348619446432378,6.3400734589067405,6.333985091882894,6.331404062438475,6.330595206750046,6.452333611352894,6.715888140249104,6.857177434494013,6.948165546390464,7.023726170532793,7.368035663250768,7.469308575648389,7.822986471641092,8.667351442084176,9.114428817698181,,6.330958468088854,5.442695960435403,6.327502695925202,6.391726052751359,6.652467619611563,7.192662760601629,8.508965420325872,5.589394475707461,"rgba(255, 26, 202, 1.0)",0.6464848262951668,5.589394475707461,-2.0408746223303678,40.789277679291835,-11.651561724210836,False,False,False,True,False,0.0,0.0,0.0,0.0,0.0,1,0.8811037126715091,1.0225340136054422,False,False,False,False,-0.34282825441539394,-0.32389275357116665,False,False,False,False,-29951102,-27105199.05652031,False,False,False,False,902461.6466700948,False,False,False,False
2024-12-23 00:00:00+00:00,4.29,4.415,4.185,4.33,790003,,,,,,,,4.342793183175362,4.936289149661391,5.090743574301104,5.432100150712447,5.673505401154218,5.8998217468698195,6.456396958391553,6.648178112404781,6.211253205095878,6.164291003035493,6.142916285505736,6.121740353105232,6.325536104217604,6.352179684500563,6.340826664050059,6.337148785024776,6.33019867811161,6.329501000182101,6.389908477059915,6.421235185523632,6.543912643404863,6.650532401628373,6.66788944271757,6.6963937887744365,6.9092127851538,7.190466965878371,7.329146903702994,7.428218702249478,8.506053120087342,8.866396016997832,,,,,,,4.254713829064711,4.390076768723529,5.0281150626241224,5.192325221291561,5.60213635937091,5.663518484272238,6.328490641819859,6.136781626892139,6.107459125729514,6.360055154999585,6.346737180152083,6.338215655494721,6.332145787376812,6.329577415331372,6.3287766851579,6.450499095190359,6.713917607588043,6.855146509249784,6.946097436386189,7.021620504286682,7.365759023900993,7.466994259816701,7.82048858515172,8.664347311536686,9.111164149199782,,6.328490641819859,5.432100150712447,6.325536104217604,6.389908477059915,6.650532401628373,7.190466965878371,8.506053120087342,5.585809355873605,"rgba(255, 0, 0, 1.0)",0.6532110567679836,5.585809355873605,-1.9837529424029143,42.04490197159652,-11.651561724210836,False,False,False,True,True,0.0,0.0,0.0,0.0,0.0,1,0.8822579016459656,1.0314623274332453,False,False,False,False,-0.2934409809048641,-0.3086668672380154,False,False,False,False,-29161099,-27185822.58371559,False,False,False,False,898051.5036634244,False,False,False,False
2024-12-24 00:00:00+00:00,4.27,4.3799,4.25,4.3,419262,,,,,,,,4.340408874059528,4.930293882019934,5.085029005825517,5.426572163129383,5.668894266152171,5.896401837682007,6.453327863776853,6.646294554693244,6.210071687779745,6.163167583869493,6.141824016584402,6.120677067319783,6.324495656875429,6.3511761820318355,6.3398395106680825,6.336167934885111,6.329229631468577,6.328535726704815,6.388946671657541,6.420267449008228,6.542920120230553,6.649508092210512,6.66685965545154,6.695355286855741,6.908125718723984,7.189304316340691,7.327949131815189,7.426999746476769,8.504510380536601,8.86474267527249,,,,,,,4.264827593591401,4.38783232492679,5.022149931175183,5.186875946559403,5.596836579222101,5.659419015904034,6.327185496931481,6.1356981068174585,6.106413842363873,6.359040760087338,6.345741251470081,6.337232664766208,6.331172579903357,6.328610899575034,6.327814464031026,6.449528257709404,6.7128745566606005,6.854071374769549,6.945002546317962,7.020505679437455,7.364553458075099,7.465768678641855,7.819165610319196,8.662755871398746,9.109434541847918,,6.327185496931481,5.426572163129383,6.324495656875429,6.388946671657541,6.649508092210512,7.189304316340691,8.504510380536601,5.583189389900996,"rgba(255, 26, 202, 1.0)",0.6564826284378763,5.583189389900996,-2.000341415013185,42.61377996524335,-11.481830009467664,False,False,False,True,True,0.0,0.0,0.0,0.0,0.0,1,0.8799120757545981,1.04121085078353,False,False,False,False,-0.28774432741173234,-0.29820559732487384,False,False,False,False,-29580361,-27279726.05102086,False,False,False,False,879275.4446962313,False,False,False,False
2024-12-26 00:00:00+00:00,4.34,4.37,4.22,4.24,576942,,,,,,,,4.338244971949119,4.922354605112255,5.0773977391212135,5.419119791009663,5.662645452738829,5.891748997332281,6.449138381211653,6.643718607985717,6.208456728238538,6.161632183167919,6.140331248085017,6.119223970439854,6.323072741436052,6.349803623037934,6.338489333353222,6.334826383697998,6.327904233758989,6.327215486608588,6.3876309377242,6.418943494449172,6.541561857317731,6.64810602246069,6.665450040383253,6.6939336656343515,6.906637046993724,7.187711485306676,7.326307894714164,7.425329283617739,8.502394343821434,8.862474482002781,,,,,,,4.275452597055978,4.385253001895611,5.014211225175902,5.179568765003734,5.589669622442298,5.653859252215449,6.325401119460857,6.134217312356927,6.1049853921194455,6.357653287970685,6.344379061684177,6.335888184873047,6.329841489987705,6.327288961990479,6.326498396900645,6.448199959736271,6.7114466603458975,6.852599177955007,6.943503069705717,7.018978725270004,7.362901467242517,7.464089059404137,7.817351889140042,8.660572835969695,9.10706144056539,,6.325401119460857,5.419119791009663,6.323072741436052,6.3876309377242,6.64810602246069,7.187711485306676,8.502394343821434,5.579582278599941,"rgba(255, 0, 0, 1.0)",0.6591492742657212,5.579582278599941,-1.8805789932497614,44.21185162199793,-9.858356647645287,True,False,False,True,True,0.0,0.0,0.0,0.0,0.0,1,0.8740143147348569,1.0408545154032662,False,False,False,False,-0.2953503388823841,-0.296777968103629,False,False,False,False,-29003419,-27347321.852941614,False,False,False,False,867419.231178732,False,False,False,False
2024-12-27 00:00:00+00:00,4.3,4.39,4.2,4.31,589018,,,,,,,,4.335428907698652,4.914284123989465,5.069627532046344,5.411523123815242,5.65626255122811,5.886987034744515,6.444851515909073,6.6410796055093355,6.206799235705587,6.160055998655742,6.138798658502345,6.117731947520107,6.321612507022492,6.348395090726639,6.337103698773115,6.333449577022045,6.326543958806308,6.325860495573897,6.3862807715341665,6.417585006038057,6.540168593004703,6.646668185571731,6.664004522512235,6.692475927637842,6.905111179598582,7.186079605513892,7.32462674664271,7.42361841111132,8.500229353970845,8.860154367030363,,,,,,,4.27956038398833,4.382353933677408,5.006136851540113,5.172120733304942,5.5823591590466775,5.648174331255188,6.32357061633766,6.132696967633273,6.1035185691800775,6.356229500641584,6.342981136822601,6.334508380315386,6.328475387674981,6.325932231350067,6.3251476805103275,6.446837113740085,6.709982542093697,6.851090050658524,6.9419662252043945,7.0174139200346906,7.3612093829532785,7.462368886309432,7.815495106085151,8.65833954157713,9.104634360221493,,6.32357061633766,5.411523123815242,6.321612507022492,6.3862807715341665,6.646668185571731,7.186079605513892,8.500229353970845,5.5755201606054055,"rgba(255, 0, 0, 1.0)",0.6626314725907076,5.5755201606054055,-1.9249314488768108,44.65687464985505,-9.319717458322422,True,False,False,True,True,0.0,0.0,0.0,0.0,0.0,1,0.8723488874908707,1.0383755992797796,False,False,False,False,-0.2953503388823841,-0.2960641534930065,False,False,False,False,-29592437,-27435365.584198806,False,False,False,False,856501.5358383895,False,False,False,False
2024-12-30 00:00:00+00:00,4.2,4.27,4.11,4.25,587071,,,,,,,,4.32644328144295,4.905133269518316,5.061020442232347,5.40336083067296,5.6494808038268935,5.881962461144675,6.440391065900289,6.638339551483868,6.205060864173369,6.1584007023160945,6.137188124726912,6.11616304057029,6.320085029073688,6.346922527950079,6.335654668808453,6.332009645398916,6.325121066598483,6.324443100670979,6.384870341697915,6.416166853638934,6.5387177729699575,6.645173911955364,6.6625027260911445,6.690962181562928,6.903531953199885,7.184396849943639,7.3228958925353345,7.421858765595524,8.498020747207562,8.857791957502057,,,,,,,4.265611132601757,4.3763832602157695,4.9971218906453085,5.163959737964466,5.574575616300823,5.6421257824771605,6.3216566031580355,6.13109900701154,6.101975486183431,6.35474127509628,6.3415194684838125,6.333065352785771,6.327046472015156,6.324513021514434,6.3237347277849665,6.4454152926089945,6.7084626212839655,6.849526909223544,6.940376469585497,7.015796909718411,7.359467944936727,7.46060035457174,7.81359211986312,8.656063221997487,9.10216580011984,,6.3216566031580355,5.40336083067296,6.320085029073688,6.384870341697915,6.645173911955364,7.184396849943639,8.498020747207562,5.569773873419192,"rgba(255, 26, 202, 1.0)",0.6668055621070649,5.569773873419192,-2.054232824769472,43.4742430772281,-9.319717458322422,False,False,False,True,True,0.0,0.0,0.0,0.0,0.0,1,0.8660861075015612,1.0427665821912397,False,False,False,False,-0.33595849216179474,-0.31601132282740063,False,False,False,False,-30179508,-27542979.01226944,False,False,False,False,845935.6324721782,False,False,False,False
2024-12-31 00:00:00+00:00,4.25,4.2875,4.0638,4.2,1176276,,,,,,,,4.312272890094241,4.887656057832426,5.044410965774139,5.387425405357531,5.636145458322357,5.872026183694216,6.431534992949471,6.632883790447152,6.2015990799776155,6.1551044159946,6.13398097063139,6.113038787900271,6.317041304226203,6.34398780417563,6.332766830714276,6.32913992939037,6.322285290414768,6.321618263388474,6.382058945223453,6.413339887142684,6.5358250337726185,6.642194057776752,6.659507797978229,6.687943304469189,6.9003815631158165,7.181038899714621,7.3194414989493595,7.418346581467181,8.493609602153015,8.853072934869525,,,,,,,4.24965625808188,4.365910279865552,4.9798022076783095,5.148127526290575,5.5593186423021965,5.630215443465665,6.317844709355196,6.127916890220125,6.098902674128134,6.351775343366988,6.338606451598736,6.330189471664264,6.324198701664473,6.321684573835737,6.320918731061256,6.442580838290658,6.705431353721338,6.8464088276212225,6.9372049252205175,7.012570712987734,7.35599230523284,7.457070302017841,7.809792706594891,8.65151653050281,9.097234309484769,,6.317844709355196,5.387425405357531,6.317041304226203,6.382058945223453,6.642194057776752,7.181038899714621,8.493609602153015,5.559343547811745,"rgba(255, 0, 0, 1.0)",0.6674837245369984,5.559343547811745,-1.9616111969171586,43.68430642199665,-9.319717458322422,False,False,False,True,True,0.0,0.0,0.0,0.0,0.0,1,0.860535418215082,1.0513049568349437,False,False,False,False,-0.34158941311202834,-0.32880036796971446,False,False,False,False,-29003232,-27600243.835317697,False,False,False,False,858890.1566889556,False,False,False,False
2025-01-02 00:00:00+00:00,4.5,4.6965,4.27,4.28,1275640,,,,,,,,4.331464626916514,4.8772102925191785,5.033020838784643,5.374698849267057,5.624808168143233,5.863218803118281,6.423240912569151,6.627692928080258,6.198397454054235,6.152067786234198,6.131031868985764,6.1101712817613345,6.314198744513971,6.341241212899772,6.330066247504023,6.326456973718964,6.319635343867561,6.318978643493289,6.379420196119654,6.410680748811058,6.533082420041223,6.639351402350504,6.656648053914555,6.6850562885746445,6.897337394411793,7.177757356182623,7.316049525131654,7.414886945806421,8.489156726016247,8.848282632762759,,,,,,,4.29983050809216,4.373363897899513,4.968493730800019,5.136584881800266,5.546582488852731,5.620080348125755,6.3142872154182585,6.124992377932394,6.096086022763793,6.348998037829265,6.335881204367307,6.327500556925505,6.32153719438092,6.319041576390208,6.31828748826705,6.439909372022249,6.70252981322882,6.843403300368099,6.93413533334262,7.009438292626092,7.352575398243445,7.453588940591123,7.806009875366694,8.646915042535602,9.092211760516772,,6.3142872154182585,5.374698849267057,6.314198744513971,6.379420196119654,6.639351402350504,7.177757356182623,8.489156726016247,5.556561962967748,"rgba(255, 0, 0, 1.0)",0.6625602267366455,5.556561962967748,-1.5946655418356557,47.89726787785274,-6.0047685126435795,True,False,False,False,True,0.0,0.0,0.0,0.0,0.0,1,0.8823447049516594,1.0160388123857997,False,False,False,False,-0.22476167319525095,-0.2767810205824827,False,False,False,False,-27727592,-27605237.880991515,False,False,False,False,875233.2877991926,False,False,False,False
2025-01-03 00:00:00+00:00,4.7,4.71,4.47,4.53,800160,,,,,,,,4.350307350888743,4.873160661816591,5.02786157264082,5.368112023564528,5.618659445569856,5.858299608192225,6.418442533875616,6.624658708722511,6.196556722040784,6.150326048402742,6.129342211058633,6.108530237398037,6.312554518980959,6.339650411702721,6.328502816348294,6.324903977490474,6.3181018866740155,6.3174511939921,6.37788915885037,6.4091358775957925,6.53148157220466,6.63768617925775,6.654971897710574,6.683362648836016,6.895540875094358,7.175808352609368,7.31402954193031,7.412823043695823,8.486464722347977,8.845378056113692,,,,,,,4.33783654069985,4.382645233474999,4.963625449738662,5.131045874307639,5.539768125044331,5.614577806102065,6.312230748448577,6.12331735208064,6.09447535236859,6.347388934952875,6.3343031150947215,6.3259440458253415,6.31999692917622,6.317512172602407,6.316764923160408,6.438355505980435,6.7008267425433585,6.841632087655246,6.932322130361778,7.007584637146077,7.350539214926256,7.451510710027811,7.803739857209362,8.64412939929111,9.089161054834273,,6.312230748448577,5.368112023564528,6.312554518980959,6.37788915885037,6.63768617925775,7.175808352609368,8.486464722347977,5.556465212703392,"rgba(239, 83, 80, 1.0)",0.6542641007366784,5.556465212703392,-1.3090512099609959,53.05473985713068,-1.2705008510820264,True,False,True,False,True,0.0,0.0,0.0,0.0,0.0,1,0.8906139885644538,1.0614206522765746,False,False,False,False,-0.18573214047315406,-0.2312565805278184,False,False,False,False,-26927432,-27578657.258207537,False,False,False,False,872289.2372972636,False,False,False,False
2025-01-06 00:00:00+00:00,4.66,4.8483,4.63,4.72,1051428,,,,,,,4.712766666666667,4.378355714310703,4.869824896704356,5.022690965552791,5.360615971629175,5.611385484125425,5.85234260856243,6.412477305923464,6.6208568516574156,6.194276801386105,6.1481723935700225,6.127254610222109,6.10650435064902,6.310508928119179,6.3376693883085995,6.326556506840175,6.322970857969169,6.316193463978247,6.315550273178898,6.375980116329535,6.407207805846343,6.529477004063254,6.63559572797721,6.652866911261236,6.681234389972209,6.893273945813941,7.173338190632686,7.311464741067998,7.410199336732769,8.483011849645388,8.841645219959993,,,,,,,4.387532522329416,4.397809610780642,4.959017063838057,5.1251595352489625,5.531795903961373,5.608061492053903,6.309673756951305,6.121248310709412,6.092488090822153,6.3453846734609805,6.332338226948647,6.32400649452119,6.318079932003323,6.315608820920605,6.314870111250656,6.4364145803463355,6.6986858334675246,6.839399277531609,6.930032680625488,7.005241197246396,7.347952672890884,7.448867603449626,7.800842629736677,8.64055318785849,9.0852359135252,,6.309673756951305,5.360615971629175,6.310508928119179,6.375980116329535,6.63559572797721,7.173338190632686,8.483011849645388,5.4875659233091865,"rgba(239, 83, 80, 1.0)",0.6477891159459224,5.4875659233091865,-1.2775236615402963,55.769022361928386,1.0438451329076273,True,False,True,False,True,0.0,0.0,0.0,0.0,0.0,1,0.8761856620380005,1.0592533674288602,False,False,False,False,-0.13209689532509933,-0.18167673792645886,False,False,False,False,-27978860,-27594351.48337587,False,False,False,False,879314.2868150179,False,False,False,False
2025-01-07 00:00:00+00:00,4.66,4.79,4.62,4.69,619681,,,,,,,4.70432432642036,4.391949091018215,4.867647413132791,5.019504202631805,5.356125344866316,5.607045643398137,5.848791092518162,6.408934246423392,6.6185965705661225,6.192915762421867,6.146886027645967,6.126007361605887,6.105293645181919,6.3092886206027785,6.336487761778076,6.325395451580443,6.321817625293833,6.315054878834443,6.314416149804304,6.374841657974625,6.406058267449977,6.528282858752724,6.634351239616757,6.651613896011679,6.679967725665109,6.89192616102081,7.1718712195424805,7.3099422674638905,7.408642356077796,8.480967514361005,8.839436238366371,,,,,,,4.409449030033836,4.405511619999489,4.956135613330417,5.121579981141264,5.527040273993198,5.60416834121814,6.308149135662023,6.120012053552987,6.091300249626807,6.344189280165501,6.33116616028632,6.322850631983065,6.316936257205057,6.314473250481277,6.313739619900127,6.435257616582959,6.697411761894231,6.83807145219786,6.928671724365908,7.0038485883777275,7.346417465099944,7.447299279483587,7.799125060748592,8.638436319501839,9.082913817531097,,6.308149135662023,5.356125344866316,6.3092886206027785,6.374841657974625,6.634351239616757,7.1718712195424805,8.480967514361005,5.487038656579019,"rgba(239, 83, 80, 1.0)",0.6422668750122489,5.487038656579019,-1.2876869238558284,57.57854403179353,2.556094558306768,True,False,True,False,True,0.0,0.0,0.0,0.0,0.0,0,0.8832456433806757,1.0498312095130928,False,False,False,False,-0.1443000738262415,-0.16298840587635016,False,False,False,False,-27978860,-27609430.24873368,False,False,False,False,869132.5892928604,False,False,False,False
2025-01-08 00:00:00+00:00,4.42,4.6128,4.33,4.61,634817,,,,,,,4.635483932846645,4.394614564142383,4.862582388776223,5.014011586144648,5.349980896354936,5.601509997077951,5.844439694109605,6.404824036218856,6.616004208206823,6.191305736919017,6.145357747320941,6.124522511246581,6.103849286584431,6.307858698497733,6.335105971222398,6.324036542466311,6.320467490127437,6.3137211755292215,6.313087600064563,6.37351403114307,6.40472069684838,6.526904486249405,6.632923636594098,6.650177875491281,6.678518275026856,6.890399532429091,7.17022764433532,7.308244271397719,7.406911049425655,8.478745443346458,8.83704731638326,,,,,,,4.412545915572536,4.406793555484995,4.9506885475526285,5.116003679963717,5.520867455382717,5.599194545349269,6.306363148187013,6.118539406410303,6.089881125088387,6.342792219969476,6.329794982701968,6.321497529176395,6.31559679457097,6.313143013857008,6.312415249699629,6.433914107431444,6.695955171498599,6.836563803529437,6.927132610487143,7.002278533873253,7.344707196476659,7.445557296540894,7.797234247306542,8.636140766844317,9.080410030221984,,6.306363148187013,5.349980896354936,6.307858698497733,6.37351403114307,6.632923636594098,7.17022764433532,8.478745443346458,5.48078167766339,"rgba(255, 0, 0, 1.0)",0.6392913306190429,5.48078167766339,-1.659308717101179,54.72010621787594,2.556094558306768,True,False,True,False,False,0.0,0.0,0.0,0.0,0.0,0,0.8554565461624883,1.063283931237207,False,False,False,False,-0.22913394264353062,-0.1960611742599404,False,False,False,False,-28613677,-27648812.47427354,False,False,False,False,859943.7426539247,False,False,False,False
2025-01-10 00:00:00+00:00,4.13,4.34,4.1,4.34,781826,,,,,,,4.522686363196699,4.384375352654788,4.852583914310743,5.0042667056023005,5.3403286605833005,5.593211356817697,5.838106111296672,6.399103079462093,6.612430778993577,6.189025915648052,6.143185802252158,6.122408660548549,6.101789498728156,6.305850023067867,6.333168258402078,6.322129493387699,6.31857229141169,6.311848173934273,6.311221746295446,6.371656685542322,6.40285303863104,6.524993305955515,6.630955045758556,6.648199354709002,6.67652397355938,6.8883183263075916,7.1680094940947425,7.305962450333318,7.404591008942932,8.475832679061673,8.83393156392266,,,,,,,4.395092236559068,4.399993476500952,4.940654550304782,5.106570806405076,5.511502515586449,5.5917274381526845,6.303855116671764,6.116441879451166,6.087854900939249,6.340834098760496,6.327871466541761,6.3195982997561755,6.313715950605413,6.311274801599157,6.310555173774602,6.432041428470091,6.693952693487212,6.8345039552042826,6.925037413832655,7.000147274041453,7.342411323617158,7.443225405977338,7.794724646754351,8.633138637500945,9.07715420590844,,6.303855116671764,5.3403286605833005,6.305850023067867,6.371656685542322,6.630955045758556,7.1680094940947425,8.475832679061673,5.468377536049928,"rgba(255, 26, 202, 1.0)",0.6415689664704798,5.468377536049928,-2.0861008028690406,49.394154077351224,5.229469951243928,True,False,False,False,False,0.0,0.0,0.0,0.0,0.0,1,0.8188659620355783,1.0725178579622803,False,False,False,False,-0.32425209727917553,-0.26015663576955794,False,False,False,False,-29395503,-27717310.141949087,False,False,False,False,856880.3017655356,False,False,False,False
2025-01-13 00:00:00+00:00,4.03,4.22,3.9124,4.22,859354,,,,,,,4.420674174918704,4.367157844016181,4.839747039786156,4.992074541149063,5.328671522751805,5.583329282561084,5.830630871722909,6.39246416021726,6.60829550684662,6.186356095967105,6.140638361803818,6.119927530269403,6.099370028242499,6.303505059973463,6.330907664035501,6.319903940340277,6.316360327607253,6.309661666639817,6.309043530341189,6.369491889508325,6.400677988576119,6.522774186903052,6.628674664676068,6.645908310897231,6.674216020531876,6.885919440853173,7.165464131243411,7.303349013630406,7.401937145915864,8.472534287665233,8.830411606036906,,,,,,,4.368032732372006,4.388466663257677,4.927984838616256,5.094917372487476,5.500317009623696,5.58282389209286,6.30092848363761,6.113979381994488,6.085473646842113,6.338550210721586,6.325627082282054,6.317381702427655,6.311520417897855,6.309093840585869,6.308383650704778,6.429862133789342,6.691636102425909,6.832127409431316,6.92262393009194,6.997695314799889,7.3397830411882445,7.440559244837687,7.791866394652481,8.629742720032919,9.073481171680546,,6.30092848363761,5.328671522751805,6.303505059973463,6.369491889508325,6.628674664676068,7.165464131243411,8.472534287665233,5.454370865304609,"rgba(255, 26, 202, 1.0)",0.6428882743779001,5.454370865304609,-2.2155807191893824,44.89328690493164,1.294177849448289,True,False,False,True,False,0.0,0.0,0.0,0.0,0.0,1,0.8043831797413457,1.0982111050878958,False,False,False,False,-0.34282825441539394,-0.30149244509247597,False,False,False,False,-30254857,-27816821.783441283,False,False,False,False,856977.3095394361,False,False,False,False
2025-01-14 00:00:00+00:00,3.96,4.11,3.91,4.06,772990,,,,,,,4.350690387059925,4.350412124708509,4.8276811278847385,4.980678162551773,5.317873310803196,5.574199000037556,5.823731900510582,6.386370036391089,6.604498955733561,6.183891971971344,6.138285620909342,6.117635294736324,6.097134039232812,6.301343030215906,6.328823885558432,6.31785216183119,6.314320976518129,6.307645596801931,6.307035078094689,6.367497062207602,6.398674363323167,6.520732411048844,6.6265785447127366,6.643802705757227,6.6720953876527105,6.88371885223443,7.163133454646543,7.300957888792192,7.399510293604537,8.469530812876629,8.827209577459659,,,,,,,4.343066318425058,4.376965917573789,4.9161221887555895,5.084053795459753,5.489984438686346,5.574587731167063,6.298231409062677,6.111704148845667,6.083272496720909,6.3364451711522785,6.323558101980857,6.315338109756775,6.309496082210062,6.307082862959498,6.306381344132144,6.427855184758118,6.689507841176724,6.829946461116346,6.920410521238975,6.995447774614678,7.337378803211577,7.438121617371525,7.789257361754889,8.626651855932353,9.07014189386349,,6.298231409062677,5.317873310803196,6.301343030215906,6.367497062207602,6.6265785447127366,7.163133454646543,8.469530812876629,5.442533192063695,"rgba(255, 26, 202, 1.0)",0.6471365062001359,5.442533192063695,-2.290912624863109,41.25121308056804,-1.829431883410514,False,False,False,True,False,0.0,0.0,0.0,0.0,0.0,1,0.8154747033104309,1.08183947532792,False,False,False,False,-0.34282825441539394,-0.3221603497539349,False,False,False,False,-31027847,-27942744.34095339,False,False,False,False,853683.6895574975,False,False,False,False
2025-01-15 00:00:00+00:00,3.97,4.08,3.92,4.03,410340,,,,,,,4.3218418265426175,4.342040709177521,4.821389658909465,4.974713392273867,5.312197513300727,5.569384556872311,5.820083976050523,6.38314305855395,6.602485473958124,6.182584158914156,6.137036829699817,6.1164185671624605,6.095947119989312,6.3001953098737244,6.32771764862869,6.316762889815146,6.3132382931167985,6.3065752565832325,6.3059687766911905,6.366437988098695,6.397610625859781,6.519648449981022,6.625465771610203,6.642684903691219,6.670969617963246,6.882550689027804,7.161896311683243,7.299688690952604,7.398222148773273,8.467936875005368,8.825510338788463,,,,,,,4.331004755566778,4.371077940323283,4.909924154063426,5.078356139480618,5.48454469129833,5.570241026011271,6.296800166344775,6.110496431668122,6.0821040413963665,6.3353276628520705,6.322459710295466,6.314253177589499,6.308421359570864,6.306015222598068,6.305318301158482,6.4267896863127865,6.68837802697687,6.82878871180462,6.919235560212054,6.994254715568701,7.336102651260301,7.4368277577806605,7.787872603331583,8.625011572360414,9.068369866156576,,6.296800166344775,5.312197513300727,6.3001953098737244,6.366437988098695,6.625465771610203,7.161896311683243,8.467936875005368,5.436788251308608,"rgba(255, 26, 202, 1.0)",0.647755709707541,5.436788251308608,-2.264415781021608,39.00707700192963,-3.718716420729102,False,True,False,True,False,0.0,0.0,0.0,0.0,0.0,0,0.834088762983947,1.0628108278249921,False,False,False,False,-0.34282825441539394,-0.33249430208466446,False,False,False,False,-30617507,-28047636.994249336,False,False,False,False,836297.6625160271,False,False,False,False
2025-01-16 00:00:00+00:00,3.96,4.01,3.9,3.97,664601,,,,,,,4.279961890930695,4.328068636195267,4.81099724547839,4.964881629142086,5.302877842362487,5.561485423307506,5.814099306086424,6.377862387245734,6.599189414016386,6.180437131823624,6.134985967468448,6.1144200167847655,6.093997195320724,6.298312051367912,6.32590265088924,6.314975584361445,6.311461750485009,6.304818877729894,6.3042190114174055,6.3647006429388995,6.395865925782708,6.517871689286867,6.623642706598426,6.6408537441132465,6.669125640340067,6.880638910534902,7.159873601393944,7.297614434311217,7.396117503387085,8.46533848329609,8.822741769334872,,,,,,,4.311378386139608,4.361110833340842,4.899702270277397,5.068974051461061,5.475622852707398,5.563103876662476,6.294452395079054,6.108512582159736,6.0801842265866854,6.333494271552799,6.32065751627017,6.312472959579364,6.306657816312221,6.304263263244989,6.303573870073414,6.425042362825997,6.686527565323689,6.826893587294505,6.917312917207617,6.992302986058002,7.334017244354735,7.4347139903722494,7.785612274445275,8.6223382843395,9.065483628127177,,6.294452395079054,5.302877842362487,6.298312051367912,6.3647006429388995,6.623642706598426,7.159873601393944,8.46533848329609,5.427606206933469,"rgba(255, 26, 202, 1.0)",0.6458808636965109,5.427606206933469,-2.272255286422411,37.40619450894256,-5.1418286516435145,False,True,False,True,False,0.0,0.0,0.0,0.0,0.0,0,0.8306492679821769,1.0714672183322724,False,False,False,False,-0.34282825441539394,-0.33766127825002923,False,False,False,False,-31282108,-28174478.99447485,False,False,False,False,829564.4600644183,False,False,False,False
2025-01-17 00:00:00+00:00,3.85,4.04,3.84,4.0,778112,,,,,,,4.236166780417322,4.311044989246407,4.798495354909602,4.953087508585642,5.291755316089305,5.552068836048855,5.806966329065016,6.371590330691934,6.595272856160668,6.177876017924664,6.132538388850531,6.112034313437165,6.091668996348821,6.2960671180261665,6.32373940095778,6.312845111677611,6.309344030009265,6.302725049023984,6.302133044687099,6.362630389547039,6.39378738518642,6.515756747527731,6.621474139510602,6.638675782129411,6.666932812014533,6.878368108138997,7.1574742085126095,7.2951552959132355,7.393623273595126,8.46226865003132,8.81947329095428,,,,,,,4.288165004587666,4.348755865581816,4.887431043983228,5.057734488775738,5.464991833261611,5.554587128408844,6.2916548628539735,6.106144267852962,6.0778916190623145,6.331309258679725,6.318509417400925,6.310350881270559,6.30455548999944,6.302174685797354,6.301494241984425,6.422961125412294,6.68432725421257,6.824641935708688,6.915029632462314,6.9899860149379895,7.331545235671861,7.432209299505438,7.782937065544691,8.619181031765716,9.062077742612015,,6.2916548628539735,5.291755316089305,6.2960671180261665,6.362630389547039,6.621474139510602,7.1574742085126095,8.46226865003132,5.416918075836646,"rgba(255, 26, 202, 1.0)",0.6442308075003819,5.416918075836646,-2.4322308986065018,35.207221338895366,-7.241101843286707,False,True,False,True,False,0.0,0.0,0.0,0.0,0.0,0,0.8137496934521375,1.110618817951443,False,False,False,False,-0.34282825441539394,-0.3402447663327116,False,False,False,False,-32060220,-28326860.99469152,False,False,False,False,827546.7165324803,False,False,False,False
2025-01-21 00:00:00+00:00,3.9,3.9,3.8,3.86,677881,,,,,,,4.201623121570316,4.29582095266368,4.787365710968497,4.942607501590933,5.281909927670889,5.543738131958784,5.800654629110213,6.366056391849985,6.591815177127225,6.175606971062481,6.130368986838495,6.109919307308672,6.089604535317734,6.29407934247828,6.321824184004534,6.310958729240318,6.307468876192736,6.3008709332684,6.300285872099651,6.360797840498261,6.391947876235692,6.513886437773699,6.619557587768042,6.636751112423177,6.664995305278925,6.876363804005692,7.155358920638929,7.292988447691766,7.391426247127247,8.459572196153628,8.81660427638693,,,,,,,4.26794676241104,4.337521293110382,4.8765228146295,5.047755885536801,5.455592377642635,5.547045031722802,6.289178788118718,6.104044549365477,6.075858429486062,6.329374903085779,6.316607526058655,6.3084718878286,6.302693884818566,6.300325205649435,6.2996526653433795,6.421119566707857,6.682383316256277,6.8226540357412615,6.913014645157291,6.987941978096787,7.329367323578748,7.430003335330265,7.780583424055211,8.616408642347663,9.059089319972,,6.289178788118718,5.281909927670889,6.29407934247828,6.360797840498261,6.619557587768042,7.155358920638929,8.459572196153628,5.4076547156128765,"rgba(255, 26, 202, 1.0)",0.6490165810838605,5.4076547156128765,-2.3229833559800377,34.83176880894489,-7.725799366789033,False,True,False,True,False,0.0,0.0,0.0,0.0,0.0,0,0.7908498911892472,1.130731324989786,False,False,False,False,-0.34282825441539394,-0.34153651037405275,False,False,False,False,-31382339,-28446683.66156636,False,False,False,False,821677.4727468928,False,False,False,False
2025-01-22 00:00:00+00:00,3.86,3.93,3.83,3.9,644698,,,,,,,4.174817769372671,4.282489754434088,4.77709964141787,4.93288698606033,5.272715384963762,5.535922466548137,5.794710434643046,6.360829960842404,6.588542900327526,6.173459344977758,6.128315694769077,6.107917493195201,6.0876505606913796,6.292197069960925,6.320010425415816,6.309172270298426,6.305693045927129,6.2991150173091395,6.298536523632446,6.359062143365689,6.390205508028413,6.512114603628993,6.617741733890221,6.634927534691564,6.663159511399084,6.8744643030549994,7.153353772759615,7.290934213361842,7.389343252615839,8.457014388749982,8.813882455987303,,,,,,,4.250730115143092,4.327456481503839,4.866429750523309,5.038472340120046,5.446792111731783,5.539962606713363,6.286835074207787,6.102057203411447,6.073934057345148,6.327543023628723,6.314806384344066,6.306692423670874,6.3009308810761,6.298573674943331,6.2979086105709445,6.4193751787185445,6.680541394463929,6.820770181236206,6.9111049518800405,6.9860046264802715,7.327302544215499,7.427911806817139,7.778351427329902,8.613778660216207,9.05625401665347,,6.286835074207787,5.272715384963762,6.292197069960925,6.359062143365689,6.617741733890221,7.153353772759615,8.457014388749982,5.399422175745327,"rgba(255, 26, 202, 1.0)",0.6542647892204464,5.399422175745327,-2.3529039023780296,34.12765314993028,-8.653837517081925,False,True,False,True,False,0.0,0.0,0.0,0.0,0.0,0,0.8929197155518912,1.14036895805421,False,False,False,False,-0.3257657687284917,-0.33365113955127224,False,False,False,False,-32027037,-28587089.67483827,False,False,False,False,814737.1012666225,False,False,False,False
2025-01-23 00:00:00+00:00,3.87,3.8779,3.81,3.85,472308,,,,,,,4.156633061919588,4.272777446115306,4.769554909836611,4.925740177206188,5.2659567312669076,5.53017222872046,5.790332249084813,6.3569832001391555,6.586132376096628,6.171874391207825,6.126800028504988,6.106439665764626,6.086207895842158,6.290808182354595,6.318672136499287,6.307854057288659,6.304382652404387,6.297819275029938,6.297245619430819,6.3577815258019506,6.388920086517005,6.51080788935237,6.616402933859179,6.633583099550198,6.661806166390059,6.873064658622424,7.151877087884058,7.2894217340339065,7.387809833401141,8.455133885890579,8.811881995796117,,,,,,,4.238399910141033,4.320031964710022,4.859012029844276,5.031644608820986,5.440322879044611,5.53474794792931,6.285106243609039,6.100590011107654,6.072513147130694,6.326191410909944,6.313477372822169,6.305379355944536,6.299629922099961,6.297281162548178,6.29662160550088,6.418088371502547,6.679183589444698,6.819381907588567,6.909697903092045,6.984577416272385,7.325782388604944,7.426372192252377,7.776709217228563,8.611845371078823,9.054170542404043,,6.285106243609039,5.2659567312669076,6.290808182354595,6.3577815258019506,6.616402933859179,7.151877087884058,8.455133885890579,5.393462603053501,"rgba(255, 26, 202, 1.0)",0.6569939185474015,5.393462603053501,-2.3188382115040604,33.90193665468688,-9.216760182581297,False,True,False,True,False,0.0,0.0,0.0,0.0,0.0,0,0.8556643383154363,1.1009278653410544,False,False,False,False,-0.34282825441539394,-0.3382396969833331,False,False,False,False,-31554729,-28703467.687589712,False,False,False,False,801308.5090600884,False,False,False,False
2025-01-24 00:00:00+00:00,3.87,3.95,3.8223,3.87,507742,,,,,,,4.1408520278222385,4.26348153077773,4.761824987153911,4.918360597402252,5.258905620258655,5.5241371857466355,5.7857155792443224,6.352907290473645,6.583572361884517,6.170193581345935,6.125193031416194,6.104872929938189,6.084678582083272,6.289334066813091,6.317251457877278,6.306454744888836,6.302991656389663,6.2964438613232065,6.295875339755825,6.35642173530343,6.387554992349402,6.509419425084295,6.61497977395135,6.632153855794448,6.660367297972607,6.8715754553257975,7.150304614677338,7.287810565074986,7.3861759615827385,8.453126361108612,8.809745443073988,,,,,,,4.2268756696067475,4.312770212758267,4.851377493925565,5.024564859456443,5.433548811644575,5.529271058778709,6.283271911349331,6.09903459164819,6.071006995012281,6.32475654900613,6.312066569437702,6.303985517183205,6.2982489640230055,6.295909177411308,6.295255464633434,6.4167216166687036,6.677739885246345,6.81790506788843,6.908200643272811,6.983058350776334,7.324162894514046,7.424731567209596,7.77495798121037,8.609781066399854,9.051944723710776,,6.283271911349331,5.258905620258655,6.289334066813091,6.35642173530343,6.61497977395135,7.150304614677338,8.453126361108612,5.387536566631602,"rgba(255, 26, 202, 1.0)",0.6588375512356438,5.387536566631602,-2.3033546946215737,33.75145899119128,-9.780016302428123,False,True,False,True,False,0.0,0.0,0.0,0.0,0.0,0,0.8873072590981474,1.0818250669980969,False,False,False,False,-0.31096820018653787,-0.32460394858493546,False,False,False,False,-31554729,-28815281.856703844,False,False,False,False,789796.096940085,False,False,False,False
2025-01-27 00:00:00+00:00,3.72,3.89,3.69,3.85,646746,,,,,,,4.115438294489992,4.248915018982014,4.750921260359201,4.908093092073368,5.249292367300561,5.51598428333489,5.77951693985466,6.3474961861045704,6.580181139963289,6.167949662812648,6.12304552402852,6.102778245234598,6.082632966590408,6.287370166553755,6.315359605864457,6.304590947961465,6.301138806393504,6.294611523682603,6.294049814076608,6.35461210788116,6.385739281391398,6.507576288457179,6.613093581305542,6.630260069075623,6.65846152104237,6.869608414234781,7.1482340120886105,7.28569185726263,7.384029319776983,8.45050804106731,8.806963711320655,,,,,,,4.208730939529074,4.301507837148583,4.840700634532301,5.014784945759012,5.424377154163687,5.521867834233071,6.280828671408032,6.0969547542133125,6.068991713043213,6.322846089665719,6.310187676570419,6.302128918769264,6.296409309888565,6.294081383720383,6.293435425229914,6.414904583958766,6.675828165199902,6.8159530692476915,6.906223824703042,6.981054477742666,7.32203395514176,7.422576776512971,7.772664297729039,8.60709084695239,9.04904982106859,,6.280828671408032,5.249292367300561,6.287370166553755,6.35461210788116,6.613093581305542,7.1482340120886105,8.45050804106731,5.37896823927627,"rgba(255, 26, 202, 1.0)",0.6649387155932164,5.37896823927627,-2.4949190058759676,31.8143483425746,-12.022034011303447,False,True,False,True,False,0.0,0.0,0.0,0.0,0.0,0,0.8812824111981908,1.0680099036924395,False,False,False,False,-0.34282825441539394,-0.33371610150016473,False,False,False,False,-32201475,-28948073.744676244,False,False,False,False,784186.2892169444,False,False,False,False
2025-01-28 00:00:00+00:00,3.75,3.8,3.67,3.72,470175,,,,,,,4.09777322721319,4.2382938506132435,4.742932484018438,4.900571228702072,5.242256754267228,5.510014935196761,5.774975072910542,6.34353608417365,6.577697573460077,6.166302908170137,6.121469130405284,6.10124043822588,6.081131001502173,6.285929274158663,6.313971645909781,6.303223491940684,6.299779355031393,6.293267071822921,6.292710351435064,6.353284582096849,6.384407440482521,6.506224887770409,6.611711082244991,6.628872077952882,6.657064862203394,6.868167691552067,7.146718445963861,7.284141527329655,7.382458847326278,8.448595569376907,8.804932669087814,,,,,,,4.195670081814682,4.2932136528326135,4.832880253581168,5.007620139659598,5.417666353953812,5.516443539678524,6.279036639360821,6.095427793344435,6.067511899864543,6.3214445332653915,6.308809186563574,6.300766725503465,6.295059505202549,6.292740259175985,6.292099980105493,6.413571905073549,6.674427222765521,6.81452316511667,6.904776073883522,6.979587185151697,7.320476249385895,7.421000453056214,7.7709873812609445,8.605126207445899,9.046936644399707,,6.279036639360821,5.242256754267228,6.285929274158663,6.353284582096849,6.611711082244991,7.146718445963861,8.448595569376907,5.372751107079109,"rgba(255, 26, 202, 1.0)",0.6689994411443951,5.372751107079109,-2.4256389576398147,31.363005929274653,-12.818717172178069,False,True,False,True,False,0.0,0.0,0.0,0.0,0.0,0,0.8776953234388127,1.0922810737288475,False,False,False,False,-0.34282825441539394,-0.3382721779577793,False,False,False,False,-31731300,-29057219.872336,False,False,False,False,771872.1210123582,False,False,False,False
2025-01-29 00:00:00+00:00,3.7,3.78,3.64,3.73,849480,,,,,,,4.067130198625204,4.218976252240426,4.728345319643325,4.8868406873534145,5.229431820696384,5.499129854318107,5.766686645318054,6.336320443790869,6.573168851513355,6.163292524414071,6.118586500919686,6.098427952483966,6.078383663594614,6.28329606671583,6.31143533878568,6.30072447880722,6.297294910649911,6.290809927867057,6.290262306360628,6.350858964369012,6.381974269356756,6.503757231371319,6.609187694016365,6.626338831284217,6.65451606501173,6.865540351550262,7.1439568807071625,7.281317620206117,7.379598919964302,8.445119747794575,8.801243123595691,,,,,,,4.17223198606529,4.277966950382787,4.818606648914228,4.99454232806279,5.405438125381659,5.506544242361194,6.275762897831922,6.0926350246534104,6.064804815336661,6.318883501880918,6.306290101379311,6.298277288578567,6.292592612559201,6.29028918155444,6.289659260140998,6.411137498293754,6.671870769398226,6.811915107428847,6.90213621619328,6.9769123045959205,7.317639156653438,7.418130119675387,7.767936152336887,8.601556357556678,9.043099009640748,,6.275762897831922,5.229431820696384,6.28329606671583,6.350858964369012,6.609187694016365,7.1439568807071625,8.445119747794575,5.361503262748507,"rgba(255, 26, 202, 1.0)",0.6743663559084505,5.361503262748507,-2.463799162267322,30.450316948574663,-14.056787504150677,False,True,False,True,False,0.0,0.0,0.0,0.0,0.0,0,0.8952954529187415,1.0698064397386473,False,False,False,False,-0.34282825441539394,-0.34055021618658665,False,False,False,False,-32580780,-29195398.700871844,False,False,False,False,774915.5672471677,False,False,False,False
2025-01-30 00:00:00+00:00,3.82,3.876,3.695,3.72,871646,,,,,,,4.047029342832082,4.203808441802994,4.715084530874322,4.874129880902833,5.217260580291636,5.488652534520858,5.758620633482286,6.329210387708706,6.568682758308081,6.160324541978894,6.1157463106618675,6.095657674245727,6.0756783573286475,6.280694262403968,6.30892805099162,6.2982543730317815,6.294839300803333,6.288381481731438,6.287842855169085,6.34845954158011,6.379566346368046,6.501311330482963,6.606683455601208,6.623824326057705,6.651985336771561,6.862925954190856,7.141202209033513,7.278497764263972,7.376741048788735,8.441626413012001,8.797529880447392,,,,,,,4.154642755286808,4.265471742093756,4.805491532770082,4.982316044674055,5.3937288030718005,5.4970027579931555,6.272530192147901,6.089884399648456,6.062139698371929,6.316351547617999,6.303799991896683,6.295816718211235,6.290154486067173,6.287866738025451,6.287247056149944,6.408727399060097,6.669331956886512,6.8093212595302,6.899508447377804,6.9742478580384555,7.314805370611369,7.4152610684964655,7.7648795968066,8.597966261519094,9.039233526597906,,6.272530192147901,5.217260580291636,6.280694262403968,6.34845954158011,6.606683455601208,7.141202209033513,8.441626413012001,5.351763792264815,"rgba(255, 26, 202, 1.0)",0.6767465359151349,5.351763792264815,-2.263423173926524,33.107062726136334,-14.056787504150677,False,True,False,True,True,0.0,0.0,0.0,0.0,0.0,0,0.9069962810806382,1.0385927527174748,False,False,False,False,-0.2893988352104609,-0.3149745256985238,False,False,False,False,-31709134,-29293976.555739615,False,False,False,False,778708.9175512003,False,False,False,False
2025-01-31 00:00:00+00:00,3.65,3.86,3.64,3.82,611283,,,,,,,4.030644489427599,4.1918305474309125,4.705213600450403,4.864739532251167,5.208371721266625,5.481036143654726,5.752773212104338,6.3240903954157055,6.5654543780777095,6.158176940830839,6.113689771612149,6.093651103290609,6.073718207058575,6.278813958466793,6.30711653953916,6.296469457369293,6.293064771085618,6.286626415042804,6.286094267322382,6.346726624846936,6.377827906255555,6.4995477861570325,6.604879761939152,6.622013537466494,6.650163352560498,6.8610471694303845,7.139226727471845,7.2764773600538915,7.374694634047136,8.439137358844688,8.794887296884523,,,,,,,4.1407030903585955,4.255651837725257,4.79577623424576,4.9733185674876905,5.385210224630583,5.490061419962655,6.270194723774732,6.087891875816815,6.060208239613614,6.31452240300383,6.3020007629932255,6.2940386303123645,6.288392471959405,6.286115991623122,6.285503685045024,6.406987945569891,6.667504446665886,6.807456421752952,6.89762060359248,6.972334773454001,7.312775443058439,7.413207109340483,7.762695506774822,8.595409660889162,9.036484580439078,,6.270194723774732,5.208371721266625,6.278813958466793,6.346726624846936,6.604879761939152,7.139226727471845,8.439137358844688,5.344423990490744,"rgba(255, 26, 202, 1.0)",0.6793436684175993,5.344423990490744,-2.49420737877425,32.621824266769565,-14.056787504150677,False,True,False,True,True,0.0,0.0,0.0,0.0,0.0,0,0.9198024772305833,1.0248747554016535,False,False,False,False,-0.3143042626190154,-0.3146393941587696,False,False,False,False,-32320417,-29412660.49473022,False,False,False,False,772143.1952942905,False,False,False,False
2025-02-03 00:00:00+00:00,3.46,3.56,3.4216,3.55,1140598,,,,,,,3.984047921492816,4.16062836344292,4.6830306077617605,4.844098064884305,5.1894830069141955,5.465119582757871,5.740696505219234,6.313730085117896,6.558952321795534,6.153793201807215,6.109484779867655,6.089545017369878,6.069703903381792,6.274990177078439,6.303435686849272,6.2928413178139735,6.289457310826353,6.283057711243071,6.282538651247643,6.343209494226736,6.374302905922926,6.495984430488368,6.601245582000014,6.61836667549794,6.6464965670462295,6.857284709431074,7.135292853918414,7.2724639308073185,7.370636231508694,8.434268140203521,8.789734883183579,,,,,,3.4805333333333337,4.103695299555853,4.230608946193511,4.77423734360012,4.953776430794733,5.367327536854044,5.475547740671114,6.265446422526551,6.083813594752965,6.056250534232682,6.310806657167035,6.298344227945116,6.2904240628414385,6.2848098713913565,6.282555997324155,6.28195858920316,6.403463938588884,6.663828131439808,6.803717431533404,6.893842994788184,6.968512664053345,7.308745592558437,7.409136274148811,7.758389015161589,8.590415889761342,9.031135544692274,,6.265446422526551,5.1894830069141955,6.274990177078439,6.343209494226736,6.601245582000014,7.135292853918414,8.434268140203521,5.197189125598028,"rgba(255, 26, 202, 1.0)",0.6821336425551578,5.197189125598028,-2.546699088305936,30.41991354962646,-14.570569060607575,False,True,False,True,True,0.0,0.0,0.0,0.0,0.0,0,0.9045368332437396,1.0378120150517784,False,False,False,False,-0.34282825441539394,-0.32873382428708176,False,False,False,False,-33461015,-29571419.49493688,False,False,False,False,786592.4033219655,False,False,False,False
2025-02-04 00:00:00+00:00,3.68,3.7074,3.44,3.5,1075244,,,,,,,3.9563245154271223,4.138727971503339,4.665001202040948,4.826977973106046,5.173362669455609,5.451302574471388,5.730069853665652,6.304472479909421,6.553102880233504,6.1498719355944145,6.105726313633355,6.085876214348848,6.066118370766602,6.271560494347226,6.300132184673411,6.289585622997178,6.286220322930554,6.279855782893647,6.2793484665292265,6.340050375469757,6.371135053975161,6.492775872990743,6.597968226210471,6.615077096866224,6.6431877350151245,6.853880279280959,7.131722339612772,7.2688162763134345,7.366944326323293,8.429805602723823,8.78500426268874,,,,,,3.54293687040863,4.078871524421512,4.212239972222695,4.7565238974620625,4.937384528617965,5.351902515462077,5.462926006617618,6.261190985623643,6.080170000495697,6.052716424617054,6.307471482184227,6.295062793563945,6.287180657198304,6.28159540384236,6.279361893029216,6.27877785364492,6.400295433210226,6.660509913960906,6.8003364683610865,6.890423358226843,6.965049770559765,7.305081754074676,7.405431767607801,7.754459005906709,8.585835424822594,9.026219031573895,,6.261190985623643,5.173362669455609,6.271560494347226,6.340050375469757,6.597968226210471,7.131722339612772,8.429805602723823,5.187239644211293,"rgba(255, 26, 202, 1.0)",0.6819041173247797,5.187239644211293,-2.210339556423912,33.51062540355837,-14.570569060607575,False,True,False,True,True,0.0,0.0,0.0,0.0,0.0,0,0.9090537726543586,1.017475863580659,False,False,False,False,-0.2943906588998964,-0.3115622415934891,False,False,False,False,-32385771,-29681786.22062563,False,False,False,False,797912.0737799277,False,False,False,False
2025-02-05 00:00:00+00:00,5.37,5.6899,4.57,4.6699,69873084,,,,,,,4.9940174106570945,4.910784386725918,4.949341340943232,5.008484232558854,5.187954031997072,5.372616757504854,5.602803562650634,6.105317091014332,6.399781943217156,6.064318719805654,6.026013596057997,6.009068371490248,5.9920591951463065,6.189655886335585,6.21968147546984,6.21069464227092,6.207902720856254,6.2026126693589845,6.202390909676733,6.261123358714537,6.290679453359521,6.406365791692877,6.505737268983383,6.521881992963137,6.5484355664059155,6.749053063439291,7.0130761477770065,7.143693711682359,7.237618459316191,8.2472636989892,8.584747854756346,,,,,,5.158726138575014,4.94456008892878,4.868363483709399,4.9818726456043265,5.057871583040509,5.30036509365411,5.385699456423888,6.162072842011387,6.004180874254525,5.980411226067499,6.225966820688627,6.215342279091633,6.208675340902687,6.203992828446989,6.202316092095848,6.202057381470794,6.3186053087585705,6.564868140422565,6.697997523237953,6.78393966032288,6.854864890173211,7.178402839987772,7.274634262715792,7.6069267248262875,8.395486022025638,8.813859266447063,,6.162072842011387,5.187954031997072,6.189655886335585,6.261123358714537,6.505737268983383,7.0130761477770065,8.2472636989892,5.424501638828522,#000000,0.6787052326246311,5.424501638828522,-0.08030237017292127,47.82724001547391,-8.30698262259623,True,False,False,False,True,6.730584939935365,0.0,0.0,0.0,0.0,0,0.9476048659835447,0.9199182272474891,False,False,False,False,0.34282820922992824,0.015632983818219565,False,False,False,False,37487313,-27047703.89824816,False,False,False,False,3506742.345396401,False,False,False,False
2025-02-06 00:00:00+00:00,6.25,6.65,5.26,5.28,21168581,,,,,,,5.206402895841012,5.115546169728344,5.100030469802718,5.139666556804449,5.281202185656022,5.433811352958519,5.633897201275081,6.102601157067903,6.388201192677943,6.064023914428129,6.026730797240665,6.0102138878850875,5.993623971982831,6.186542269646686,6.216043711437404,6.207286426304975,6.204568612658813,6.19941741287642,6.199210467237315,6.256817813063542,6.285799643122403,6.399305457023478,6.49680958186255,6.512652475019542,6.538713911424488,6.735867422616778,6.995454591168478,7.123981309640077,7.21649038364587,8.210218051009514,8.542506029885187,,,,,,5.361793596355376,5.153260003503947,5.065224840944019,5.122083240684055,5.1754342485673615,5.374986623299303,5.442221570021032,6.15905292457166,6.00544770255052,5.9822586545157765,6.222168250827481,6.211814817897292,6.205319638987926,6.200758491804423,6.199133717951169,6.1988919705833,6.313202260866134,6.554850067184221,6.685670078356396,6.770178253097022,6.83990445754113,7.1581645314999784,7.252981728506635,7.580107722949747,8.356148510618226,8.768092700701795,,6.15905292457166,5.281202185656022,6.186542269646686,6.256817813063542,6.49680958186255,6.995454591168478,8.210218051009514,5.517819241465631,"rgba(38, 166, 154, 1.0)",0.6979334230872777,5.517819241465631,1.0490696308762517,59.40253521231081,1.7225574412413778,True,False,True,False,True,13.58243885625988,0.0,0.0,0.0,0.0,0,0.9986372266797331,0.8643351503644272,False,False,False,False,0.3428282243586787,0.17923060408844915,False,False,False,False,58655894,-23686778.49047372,False,False,False,False,4199363.469106346,False,False,False,False
2025-02-07 00:00:00+00:00,6.03,6.47,5.8201,6.02,8775640,,,,,,,5.275490022775064,5.1840916055881605,5.1539424695304685,5.187509127097883,5.316500778109549,5.45798744484309,5.64704835704049,6.1026880518889985,6.384353607384261,6.064493469746571,6.027591738205714,6.011238026346578,5.994808537806197,6.185793368390149,6.215061334928963,6.206391322186428,6.203701210676686,6.198601924662149,6.1983993441439,6.255539291233672,6.284286023904917,6.396899464301,6.493644041879986,6.509364303212705,6.535225648660123,6.730962622580624,6.988740841449059,7.116413768042196,7.208342749836401,8.195595667914354,8.525771437038149,,,,,,5.425861309880667,5.2222726600505505,5.132331188397645,5.172749130494682,5.218899985487404,5.403862135209475,5.464751872219473,6.158457037224857,6.006518109158591,5.983552024404974,6.221124489718262,6.210874506386896,6.204444306626856,6.199928782844846,6.19832237619373,6.198085638580698,6.3114732105275575,6.551240893498826,6.681116493057464,6.765037637205538,6.834274719589449,7.150381480308912,7.2446183032289735,7.5696384062103395,8.340594535643678,8.749925925964043,,6.158457037224857,5.316500778109549,6.185793368390149,6.255539291233672,6.493644041879986,6.988740841449059,8.195595667914354,5.550606000876078,"rgba(38, 166, 154, 0.5)",0.7083593529926987,5.550606000876078,0.6767666680739988,65.2909091473402,6.260125199631858,True,False,True,False,True,11.37105531812269,0.0,0.0,0.0,0.0,0,1.0333886981877238,0.885431661314731,False,False,False,False,0.34282822651080397,0.26102941529962653,False,False,False,False,49880254,-20801796.824180637,False,False,False,False,4378825.293847274,False,False,False,False
2025-02-10 00:00:00+00:00,6.61,6.9102,5.86,6.05,7361789,,,,,,6.460066666666667,5.347134782504679,5.254058453804862,5.210099197443186,5.238219237502103,5.3561013498762335,5.487306714384691,5.665586720358722,6.108932729041164,6.385211893490485,6.068111260235476,6.031462633522188,6.015199247020595,5.998861637208921,6.187934660297421,6.216894085355625,6.208271015379912,6.2055932232210935,6.200516980576396,6.200309933143739,6.256990199931336,6.285523478814253,6.397332199941312,6.49341702079121,6.509031590832889,6.534719981068015,6.729202547287972,6.9854116981752385,7.1123432460701,7.2037624864628,8.185533694945802,8.513934224352555,,,,,,5.495458696174017,5.29313036718997,5.200418845734057,5.226019390330353,5.2656657574501935,5.43770731596391,5.492279608942832,6.161309670000407,6.010505030842331,5.987670805385447,6.2229227603846216,6.2127305997901185,6.206333564635884,6.2018396653654,6.200235614314495,6.199993823115607,6.3125096578550295,6.550629055070344,6.679667600750516,6.763068219297916,6.8318797921101995,7.146121392152732,7.239845551442184,7.563063730743292,8.32974932961416,8.7368881827447,,6.161309670000407,5.3561013498762335,6.187934660297421,6.256990199931336,6.49341702079121,6.9854116981752385,8.185533694945802,5.609214064530809,"rgba(38, 166, 154, 1.0)",0.7386169203005145,5.609214064530809,1.3549458561848415,70.45151387403901,10.303474797209532,True,False,True,False,True,15.375311021848201,0.0,0.0,0.0,0.0,0,1.0306878084047533,0.8791158654284853,False,False,False,False,0.34282822882517927,0.3019288220624029,False,False,False,False,57242043,-17741254.085977476,False,False,False,False,4495804.262716008,False,False,False,False
2025-02-11 00:00:00+00:00,6.42,6.8,6.4,6.45,4536103,,,,,,6.4905414628014215,5.389991780918199,5.296086560515945,5.244421821680177,5.269416737922656,5.380834824476953,5.50594872306746,5.6777018498141185,6.1135244460351235,6.386285574951129,6.07075558752591,6.03425186349786,6.018037735417937,6.001750827837064,6.189620168952634,6.218376518390632,6.209778709779325,6.207107023843194,6.202042193056164,6.201831358524135,6.25822187303683,6.286622550038681,6.397931890436948,6.493610280245538,6.509159841315419,6.534741779365669,6.728448115350917,6.983690132078422,7.110164451871735,7.201268432077373,8.179676240546348,8.506989057496819,,,,,,5.537046546012804,5.335612328819433,5.241450120473969,5.25868968075981,5.294580101285622,5.459050237294905,5.5098352333331535,6.163503792204986,6.01335755489321,5.990596864687408,6.224386344109493,6.214225739449309,6.207846189422322,6.20336333684969,6.201759026990904,6.201512943312445,6.31348318382721,6.550585286052436,6.679105789186217,6.762184138466818,6.830733293460565,7.143825337256361,7.237232041270143,7.559342055976408,8.323411956915315,8.729207847612734,,6.163503792204986,5.380834824476953,6.189620168952634,6.25822187303683,6.493610280245538,6.983690132078422,8.179676240546348,5.632976463669582,"rgba(38, 166, 154, 1.0)",0.7482909777530724,5.632976463669582,1.0517613598571636,72.41064880900036,11.605366844501916,True,False,True,False,True,13.513329815398496,0.0,0.0,0.0,0.0,0,1.0662573459682836,0.8814954280216244,False,False,False,False,0.3428282305939097,0.32237852632815633,False,False,False,False,52705940,-14978619.023782281,False,False,False,False,4497384.605354596,False,False,False,False
2025-02-12 00:00:00+00:00,6.33,6.5301,6.2,6.32,2196993,,,,,,6.469159800809537,5.4064688236776455,5.312561872537393,5.258112405075332,5.2818540067711055,5.390576818834103,5.513155236560808,5.6822056983034726,6.114755470394278,6.386175351892282,6.071520538200863,6.0350973408996555,6.018913874927019,6.00265773007245,6.189998977393363,6.218675823419563,6.21009409310615,6.20742699640319,6.202370759521187,6.202159367954539,6.258422002169776,6.2867618751367464,6.397841346411915,6.493329044469535,6.508847978157373,6.534379833990075,6.727725134968347,6.9825123658954835,7.108771663068855,7.199728169080337,8.176533024731663,8.503325307102953,,,,,,5.552490272733633,5.352134386095427,5.257704426832218,5.271715262335114,5.306089100340465,5.4673590725632275,5.516625825018779,6.164035099028729,6.0142424098691745,5.991525294572743,6.224674052079578,6.214532936554533,6.208165002443444,6.203689976282303,6.2020875489921945,6.201840840549396,6.313565678176745,6.550192731047118,6.678472407639657,6.76140089526223,6.8298268475450605,7.142377727462912,7.235636275761611,7.5572209838844415,8.320039123890298,8.725191783403698,,6.164035099028729,5.390576818834103,6.189998977393363,6.258422002169776,6.493329044469535,6.9825123658954835,8.176533024731663,5.640489840445203,"rgba(38, 166, 154, 0.5)",0.7597195309882637,5.640489840445203,0.9075851435040294,73.00770786197096,11.996399025635348,True,False,True,False,True,12.640572441853731,0.0,0.0,0.0,0.0,0,1.0505388433378122,0.9052499520114076,False,False,False,False,0.28781920819827506,0.30509886726321567,False,False,False,False,50508947,-12410479.179712387,False,False,False,False,4407173.169850495,False,False,False,False
2025-02-13 00:00:00+00:00,6.62,6.83,6.38,6.41,3031595,,,,,,6.494090226890367,5.434218197751244,5.339872606975267,5.280756709993513,5.302554556832919,5.407202485725558,5.5258770376375965,5.690661801641131,6.118238347723622,6.387204731375258,6.073524257343851,6.037191487233449,6.0210372785601685,6.004811628038906,6.191335438539777,6.219869438840097,6.211302482083145,6.208638616091638,6.20358841003662,6.203373903556404,6.259439493650828,6.28769026907141,6.398434478073938,6.493650997595268,6.509126612574178,6.5345874932124,6.727412844271893,6.981554376954089,7.107508241744165,7.1982536293902655,8.172821505690983,8.498891204140405,,,,,,5.579394865189533,5.379694228606957,5.284442935780977,5.2933339477800185,5.325357861990721,5.481822423103314,5.528637953759549,6.1657505359908775,6.016374162687795,5.993701758238035,6.225856452256634,6.215734077512038,6.209376133852313,6.2049071841837184,6.2033036123350715,6.203053369948683,6.314409332145632,6.550356547639543,6.678289180461272,6.761001694357516,6.829252365263261,7.141035770370886,7.2340815035381745,7.554927698658382,8.316008777241235,8.720269533266181,,6.1657505359908775,5.407202485725558,6.191335438539777,6.259439493650828,6.493650997595268,6.981554376954089,8.172821505690983,5.656491359966287,"rgba(38, 166, 154, 1.0)",0.7852156873591722,5.656491359966287,1.2270623925945412,74.17879185900867,13.232688162931211,True,False,True,False,True,14.598785453547045,0.0,0.0,0.0,0.0,0,1.0538248159607384,0.8851755041075431,False,False,False,False,0.34282823063215634,0.323963548947686,False,False,False,False,53540542,-9824164.623645235,False,False,False,False,4353228.927895574,False,False,False,False
2025-02-14 00:00:00+00:00,6.31,6.766,6.17,6.7,3116362,,,,,,6.4819656946572355,5.456933539559736,5.362650881577573,5.299961727773659,5.3201021909968,5.421136419964262,5.536356943031776,5.697388260926411,6.120370715876857,6.387337087521494,6.074826734020391,6.038602142856471,6.022487986947419,6.006302787463195,6.192065750441519,6.220480396921388,6.2119342747667865,6.209276124920625,6.204236619724223,6.20402078065045,6.259901900928279,6.288066022801249,6.398482904012373,6.49342946576488,6.508861774388022,6.53425180226958,6.726564154115105,6.980061459012099,7.105710573219919,7.196246459954778,8.168551535659889,8.493887189941749,,,,,,5.600699840089074,5.402505774333226,5.306971008129547,5.311661208129676,5.341667774407526,5.49381301902644,5.53854000390454,6.166733531604333,6.017836265488897,5.995221504579585,6.226452253500398,6.2163553261534945,6.210012275339419,6.205553207637926,6.203951401702825,6.203699655175141,6.314703732505168,6.549977435257886,6.677567839075412,6.76006731360169,6.828143387365093,7.1391602137609524,7.231995265397917,7.55209855981953,8.311414998103347,8.714768910101686,,6.166733531604333,5.421136419964262,6.192065750441519,6.259901900928279,6.49342946576488,6.980061459012099,8.168551535659889,5.6680112249193515,"rgba(38, 166, 154, 0.5)",0.7949665526417331,5.6680112249193515,0.8075670264959848,72.52106744398337,13.232688162931211,True,False,True,False,True,11.631421128175049,0.0,0.0,0.0,0.0,0,1.039268437799105,0.8947150580748636,False,False,False,False,0.3105806407645236,0.31727209485610475,False,False,False,False,50424180,-7461484.442325815,False,False,False,False,4304724.342487904,False,False,False,False
2025-02-18 00:00:00+00:00,6.04,6.4,5.95,6.33,2125478,,,,,,6.448521281274886,5.467396669746414,5.373577838404273,5.309435055372549,5.32872011563291,5.427756349819593,5.541089444975106,5.700109781331683,6.120417624078614,6.386513868247532,6.074969753941324,6.038834099813595,6.022757100118192,6.0066084779958,6.191928042018556,6.220287917981253,6.211761596838436,6.209109708825638,6.204081943489335,6.203867025965261,6.259639634791216,6.287749297886664,6.397959185263056,6.492729674994825,6.5081335540308505,6.533477173236766,6.725459706805027,6.978535549825578,7.103985311906104,7.194385341214307,8.165179099292684,8.49002140560596,,,,,,5.6097432691773115,5.413273120604836,5.31800331882218,5.320677649816907,5.3496319912370085,5.499337949059645,5.543010847381845,6.166635120688724,6.018115922978199,5.995552027021552,6.2262458410620205,6.216172396790995,6.209844074504496,6.205395336849482,6.203797625838037,6.203546937770991,6.314336986768332,6.54917471667007,6.676545269489703,6.758907842365577,6.826869978220393,7.137384489332435,7.230083441525531,7.549694708264388,8.307825003126483,8.71056864101316,,6.166635120688724,5.427756349819593,6.191928042018556,6.259639634791216,6.492729674994825,6.978535549825578,8.165179099292684,5.671882757471346,#000000,0.7970630097054454,5.671882757471346,0.46184208531354576,69.48034546285642,13.232688162931211,True,False,True,False,True,9.154445098776872,0.0,0.0,0.0,0.0,0,1.0323640702667867,0.9189047774013032,False,False,False,False,0.24357436550530281,0.2804232301807038,False,False,False,False,48298702,-5274810.46419539,False,False,False,False,4219263.701606026,False,False,False,False
2025-02-19 00:00:00+00:00,5.79,6.09,5.7132,5.96,2068191,,,,,,6.399084011901971,5.473312445522862,5.380285762102979,5.315530530204319,5.33420968513141,5.4316884380419825,5.543578092864835,5.701109340867713,6.119209796521436,6.384893690557158,6.074439963881532,6.038404399522229,6.0223723373563915,6.006267333388185,6.191222448791387,6.219552764613633,6.211050715119545,6.208407034207336,6.203394665718243,6.203182280107406,6.258864693359789,6.286925481101239,6.396948363532706,6.49155462395063,6.506931813546816,6.532231961987613,6.723911341294577,6.976592908992313,7.101856203670316,7.192130269455532,8.161481392403465,8.485849961038827,,,,,,5.613907736505727,5.419677866495168,5.325038340680666,5.3264450748410574,5.35464306696916,5.502397010445911,5.545357488492443,6.165849290183138,6.017743895930048,5.995239811644472,6.225493910599002,6.215448801359241,6.209138901222202,6.204703427460651,6.203112284787364,6.202864488746788,6.313469352196125,6.54790352174905,6.675072162707236,6.757308968351933,6.825164781690311,7.135208635905306,7.227781895289154,7.5469272945004,8.303918450465503,8.70607535686289,,6.165849290183138,5.4316884380419825,6.191222448791387,6.258864693359789,6.49155462395063,6.976592908992313,8.161481392403465,5.672453101586685,#000000,0.7947802688007153,5.672453101586685,0.14789861176434058,65.78938160108962,13.232688162931211,True,False,True,False,False,6.940855885891704,0.0,0.0,0.0,0.0,0,1.0232539159368428,0.9257933892080235,False,False,False,False,0.1829405910561577,0.23168191061843074,False,False,False,False,46230511,-3254993.9361877274,False,False,False,False,4134907.909386182,False,False,False,False
2025-02-20 00:00:00+00:00,5.86,5.9,5.67,5.79,1547954,,,,,,6.363990930225682,5.477026046390104,5.3846367841880065,5.319562277149568,5.337831260990444,5.434221208179783,5.5451042035898555,5.701602948464805,6.118121806496948,6.383561565899002,6.073942930843329,6.037984054277036,6.0219868307878945,6.005915571014125,6.190608754484113,6.218920540524155,6.210437352180447,6.2078001119579795,6.202799827955283,6.20258957592878,6.258206953157236,6.286231867416943,6.396117281482593,6.4906019818343,6.505959389141338,6.5312273313808475,6.722682975884171,6.975072449617458,7.100197591102343,7.190378491316644,8.158656223490308,8.482671862045864,,,,,,5.616278830598976,5.423781828296765,5.329667126814366,5.330253835565834,5.357936781808922,5.504314196141486,5.546795874861045,6.165158138877242,6.0173682615339885,5.994910347692342,6.22484868554943,6.214825541193904,6.208530000445057,6.204104905580719,6.20251905070682,6.202273690897517,6.312743748912416,6.5468796903939666,6.673899343523942,6.756043333201486,6.823820421354977,7.133515456611213,7.225995822971841,7.544795163674825,8.300937704651183,8.702657391480276,,6.165158138877242,5.434221208179783,6.190608754484113,6.258206953157236,6.4906019818343,6.975072449617458,8.158656223490308,5.67258863148296,#000000,0.7982823452275293,5.67258863148296,0.23476827420456522,63.65697348044566,13.232688162931211,True,False,True,False,False,7.448531983235128,0.0,0.0,0.0,0.0,0,1.0185767415695222,0.9423695971497329,False,False,False,False,0.15750504208168378,0.19459347635005725,False,False,False,False,47778465,-1253681.8210431107,False,False,False,False,4033458.736469077,False,False,False,False
2025-02-21 00:00:00+00:00,5.89,6.28,5.78,5.98,2846471,,,,,,6.3264087022160265,5.487090975169348,5.395580257112511,5.329367501930949,5.346741548784686,5.4408991392862776,5.549672091449995,5.703931943078662,6.117255299254033,6.38186345056075,6.073630838844842,6.037799731483686,6.02185823578403,6.0058413907987624,6.189996986924543,6.2182536868685405,6.209800450929966,6.207173076683669,6.202191299156618,6.201983478370032,6.25746828044141,6.285423975781147,6.395045302644301,6.489301509779956,6.504621893217134,6.529829465494405,6.720860129678198,6.972701283182454,7.097566985380294,7.187571821397307,8.153860911223296,8.47722518041439,,,,,,5.624262763038657,5.434395172918234,5.340941908927178,5.339577947263671,5.366145961973623,5.509742023991328,5.551115709607164,6.164511055064083,6.017255471943941,5.994872607788547,6.22416098144926,6.214173023121582,6.207900035266306,6.203491013985072,6.201912500219372,6.201669921130119,6.311873060418167,6.545445520647324,6.672182023342938,6.754149610137001,6.821778671118401,7.130819487833128,7.2231238085169,7.541278481782907,8.295855206181809,8.696768602661065,,6.164511055064083,5.4408991392862776,6.189996986924543,6.25746828044141,6.489301509779956,6.972701283182454,8.153860911223296,5.676046701097785,#000000,0.8064157155621211,5.676046701097785,0.2653139004775924,62.38477616463381,22.30304910395479,True,False,True,False,False,7.668175180419048,0.0,0.0,0.0,0.0,0,1.022474523365058,0.9239832297946567,False,False,False,False,0.21122510627560717,0.2029092913128322,False,False,False,False,50624936,780773.7797821092,False,False,False,False,3986910.197784015,False,False,False,False
2025-02-24 00:00:00+00:00,5.61,5.9088,5.51,5.9,1524792,,,,,,6.293751558408789,5.489084241991322,5.39830196742746,5.332090976201096,5.3491602763847705,5.442422529731506,5.550375026057895,5.7038099726070985,6.115741885503136,6.38026339910854,6.072899025344938,6.0371477262553155,6.021243442662034,6.005262475106557,6.18918604158361,6.217433120824593,6.20900013565619,6.206379822588879,6.201411297222613,6.20120615155541,6.256632821876993,6.284554876920422,6.3940467782637675,6.488186496622847,6.503487857060528,6.528664494428591,6.719482355274252,6.971042982866149,7.09577597767439,7.185691711590628,8.150938679497573,8.473959221366139,,,,,,5.624861719229053,5.4368279949148475,5.344011830472796,5.3421333831951205,5.368311350601226,5.510746703220655,5.551775623943658,6.163582042985795,6.016651220266871,5.994317209931521,6.223326540567273,6.21336204073783,6.207104571589176,6.202706859883704,6.201134448509932,6.200894922279894,6.310974384510557,6.54426222775562,6.670857089512936,6.752736403715492,6.820289960530487,7.128995438314793,7.2212110940811085,7.539031169077408,8.292781481288326,8.693268792622034,,6.163582042985795,5.442422529731506,6.18918604158361,6.256632821876993,6.488186496622847,6.971042982866149,8.150938679497573,5.67536496167925,#000000,0.807522135919048,5.67536496167925,-0.08094510202479754,59.5063120995041,19.171650133379316,True,False,True,False,False,5.1851140171379875,0.0,0.0,0.0,0.0,0,0.9998300176660209,0.9607947888273041,False,False,False,False,0.14112273877169934,0.17201601504226577,False,False,False,False,49100144,2675651.043320066,False,False,False,False,3890356.542968956,False,False,False,False
2025-02-25 00:00:00+00:00,5.35,5.65,5.28,5.61,1362021,,,,,,6.256517269451667,5.488502256955908,5.39854553891383,5.332749600484316,5.349665136417665,5.442331961382451,5.549764473095517,5.702722820477416,6.113635970630784,6.3783357121992585,6.071837672592125,6.036165866647101,6.020300126160766,6.004356056077578,6.188112377245832,6.216365150565462,6.207953289728484,6.205340565083018,6.200386285162269,6.200184517588945,6.255568496539255,6.2834629577322385,6.392847844240695,6.486887702096289,6.502172643397756,6.527322642931041,6.717961004869694,6.969280426702108,7.093899337488135,7.18373919856613,8.148071526800322,8.47078863704978,,,,,,5.622843446217364,5.436737512373818,5.344682279876743,5.3427026330440945,5.368673058852253,5.510296010233748,5.5511891155385635,6.162331676285314,6.0157188150678484,5.993434681182681,6.222244223513306,6.212304005677833,6.206062878912118,6.201677216640515,6.200111819859175,6.1998761463665115,6.309858951976488,6.542904811136801,6.669380308754902,6.751185212826468,6.818674020048703,7.127090690174793,7.2192311728136405,7.536759961773537,8.289780635019612,8.689891369027551,,6.162331676285314,5.442331961382451,6.188112377245832,6.255568496539255,6.486887702096289,6.969280426702108,8.148071526800322,5.673011500583497,#000000,0.7965078510322533,5.673011500583497,-0.4055346098156886,55.90001548759702,15.421747387186173,True,False,True,False,False,2.9661791293585154,0.0,0.0,0.0,0.0,0,0.9932423931992596,0.9627373100171935,False,False,False,False,0.08862833786010005,0.1303221764511829,False,False,False,False,47738123,4442806.806327122,False,False,False,False,3791206.129519193,False,False,False,False
2025-02-26 00:00:00+00:00,5.535,5.58,5.21,5.41,1581805,,,,,,6.217810001548369,5.488000524122411,5.398971331243346,5.333623426476385,5.350355892386106,5.44232754946032,5.549148405847649,5.701538920584703,6.111259381862149,6.376141853470645,6.070637977101066,6.035057490511439,6.019235927516321,6.003334170735935,6.186893737306113,6.21515195135979,6.206764303406475,6.204160261710576,6.199222282261731,6.199024346776454,6.254358152408486,6.282220463295605,6.39148072667136,6.485404593529631,6.500670472376661,6.525789539821703,6.716219119810426,6.967258351584282,7.091744721585267,7.181496361133617,8.1447675898171,8.467132801994882,,,,,,5.620725803299876,5.43678796545215,5.345587380053168,5.343470592779039,5.369194754067078,5.509871418357209,5.550596053623615,6.160914357976201,6.014667124076369,5.992440215001589,6.221014571936097,6.21110219836959,6.204879793148998,6.2005079255652555,6.198950525168021,6.198719222389594,6.308588994378194,6.541353615034784,6.667690268139181,6.749408611119171,6.816822190873127,7.124903389652753,7.216956431080031,7.534147087824799,8.286321648228537,8.685995688590612,,6.160914357976201,5.44232754946032,6.186893737306113,6.254358152408486,6.485404593529631,6.967258351584282,8.1447675898171,5.670601054011145,#000000,0.7846830025008036,5.670601054011145,-0.17280998005434217,54.67004274428068,13.930053337570072,True,False,False,False,False,4.384976004287349,0.0,0.0,0.0,0.0,0,0.9956826767404211,0.9637060187518907,False,False,False,False,0.07369485785440938,0.10200851715279614,False,False,False,False,49319928,6202693.911961353,False,False,False,False,3704562.947969421,False,False,False,False
2025-02-27 00:00:00+00:00,5.14,5.56,5.12,5.56,1821018,,,,,,6.168838446831105,5.485385352286493,5.39755918073844,5.333071675028556,5.34969585105915,5.441047154624907,5.547350568432843,5.699314928811046,6.107861510717343,6.3731762407004355,6.068894374888517,6.033426078056125,6.017659971781271,6.001811131615256,6.185179936825569,6.2134570449877975,6.205099917459166,6.202506991331936,6.197589882285592,6.197397227367956,6.252681530000237,6.280509053602819,6.38963364984569,6.483427872431244,6.498672342040988,6.523756726390029,6.713955622015314,6.964680974871334,7.089018880164453,7.178672358352461,8.14073773655023,8.462701454826757,,,,,,5.6161134023712975,5.434884319564849,5.344819351743263,5.342849568470324,5.368412444875513,5.508198626235585,5.54887834012001,6.158909326979955,6.013106864380183,5.990951237766887,6.219299024658291,6.209421604050582,6.203222915731173,6.1988686298850775,6.197321806372051,6.197096524917008,6.306848584727189,6.539300708075251,6.66548405426453,6.74710679594667,6.814436261394931,7.122141207254581,7.214097256126639,7.5309057963601775,8.282114929273535,8.68129033071279,,6.158909326979955,5.441047154624907,6.185179936825569,6.252681530000237,6.483427872431244,6.964680974871334,8.14073773655023,5.666434337126788,"rgba(239, 83, 80, 0.5)",0.7848601355857577,5.666434337126788,-0.6707364959157962,51.4336049302967,10.524345251118554,False,False,False,False,False,1.1185446234439986,0.0,0.0,0.0,0.0,0,0.9908100233100234,0.9618414918414919,False,False,False,False,0.061984714817364776,0.08199661598508046,False,False,False,False,47498910,7822153.366394242,False,False,False,False,3630698.440205914,False,False,False,False
2025-02-28 00:00:00+00:00,5.1,5.2,4.965,5.11,1123373,,,,,,6.135348431578478,5.482423659046371,5.395429842753448,5.331697745869703,5.3483214407301745,5.439406265780694,5.545512217899611,5.697363604439036,6.105317463703807,6.371048325856595,6.067573316544392,6.032179048358732,6.016450281076965,6.000636945777686,6.183912062151405,6.212209355288982,6.203872855370354,6.201287546979157,6.196384742754186,6.1961959341578545,6.25145524828435,6.279262797814452,6.388308909267333,6.482025724240734,6.497257339404536,6.522320939072248,6.712383966255672,6.962921434172137,7.0871704816998875,7.176765669641747,8.138097357150455,8.459815704408168,,,,,,5.611825679286294,5.432412272325436,5.343148453545768,5.341466896106459,5.367009488636329,5.506374856258907,5.547124926224715,6.157419501027809,6.011907738639199,5.989799764353747,6.218037444470184,6.208183558094509,6.202000972016173,6.197658688157202,6.19611931960511,6.195898423206308,6.305586192200223,6.53785301357005,6.663946137274651,6.745512601924075,6.8127918268450856,7.120271246976075,7.212169910875086,7.528747423032786,8.279366483898622,8.678236873345202,,6.157419501027809,5.439406265780694,6.183912062151405,6.25145524828435,6.482025724240734,6.962921434172137,8.138097357150455,5.662920171798637,"rgba(239, 83, 80, 0.5)",0.784942627156399,5.662920171798637,-0.7171481740492562,49.04771038554179,7.967205886967925,False,False,False,True,False,0.796274606474821,0.0,0.0,0.0,0.0,0,0.9860833604386413,0.9807165094558805,False,False,False,False,0.00733298297539435,0.044664799480237403,False,False,False,False,46375537,9334050.763790546,False,False,False,False,3532371.9523547017,False,False,False,False
2025-03-03 00:00:00+00:00,4.85,5.29,4.795,5.15,1524566,,,,,,6.088644290123942,5.47737182634317,5.391568059700843,5.329025901615287,5.345699669995177,5.436513487109866,5.542446109413283,5.694260528177767,6.101513838599338,6.367925026077623,6.065585392203051,6.030295292349479,6.0146196199608095,5.998856683309668,6.1820237773676,6.210355196280912,6.20204809191634,6.199473715468597,6.194591441186351,6.194408314763236,6.249638146236591,6.277419789818547,6.386363604976974,6.479977490309941,6.495191954095611,6.520227853390202,6.710111735933576,6.960398962543287,7.084529667384891,7.174047596505589,8.134392328030632,8.455779724458724,,,,,,5.604917314208821,5.42805856600529,5.339951336127115,5.338809218739484,5.364385081699704,5.503280304375234,5.544201113305406,6.1551968750184,6.010092098602713,5.988051639491281,6.216163534366026,6.206343120762848,6.200183534210812,6.195858440465697,6.194329917773978,6.194115498901196,6.303722693157312,6.535744168284582,6.661718392606449,6.743210678487777,6.810423078651859,7.117601869390896,7.209424647096021,7.525692561352144,8.27551571801503,8.673974496089143,,6.1551968750184,5.436513487109866,6.1820237773676,6.249638146236591,6.479977490309941,6.960398962543287,8.134392328030632,5.657482461559414,"rgba(239, 83, 80, 1.0)",0.7850556587826426,5.657482461559414,-1.0285671500178062,46.058157063116916,4.8600982306807055,False,False,False,True,False,0.0,0.0,0.0,0.0,0.0,0,0.9739020385825695,0.9782345966160443,False,False,False,False,-0.0011444462274615723,0.021760176626387916,False,False,False,False,44850971,10726871.165210526,False,False,False,False,3453634.4640270662,False,False,False,False
2025-03-04 00:00:00+00:00,4.78,4.89,4.64,4.71,1219293,,,,,,6.0474054003306605,5.471747335424513,5.3869993049895575,5.325665712049843,5.342455448552856,5.4331857987517385,5.5391208624529575,5.691081421164319,6.097929436252872,6.365064200119271,6.063697093349549,6.028496167242077,6.012866756459239,5.9971476017280905,6.180257202313066,6.208626234962452,6.200344828362457,6.1977801190548965,6.19291600140458,6.192738133580852,6.247951083494211,6.275713794838125,6.38458205534165,6.478116689267784,6.493317856187648,6.51833233048742,6.708080668808255,6.958174629897093,7.082213954615663,7.171672814620731,8.131240239692955,8.452365645506774,,,,,,5.5976984660194224,5.423050885138011,5.335984428478515,5.335499205606985,5.361192558309,5.499859479849588,5.541031324808242,6.153111712272951,6.0083523196328095,5.986370326212679,6.214417369425826,6.204626124323674,6.198486720593483,6.19417677963405,6.192658060171392,6.192449635194671,6.302002422399828,6.53383662647179,6.659720983032693,6.74115718479043,6.808318113935704,7.115264341605182,7.207029372568288,7.523055272900764,8.27224829012323,8.670380890960177,,6.153111712272951,5.4331857987517385,6.180257202313066,6.247951083494211,6.478116689267784,6.958174629897093,8.131240239692955,5.652013812058146,"rgba(239, 83, 80, 1.0)",0.7850556587826426,5.652013812058146,-1.110766863855674,43.686149438025794,2.3596245878437827,False,True,False,True,False,0.0,0.0,0.0,0.0,0.0,0,0.9633556802116112,1.0072969398458522,False,False,False,False,-0.06002769149241056,-0.019133757433011322,False,False,False,False,43631678,12017255.746966977,False,False,False,False,3366013.2301436523,False,False,False,False
2025-03-05 00:00:00+00:00,5.03,5.12,4.66,4.8,2259348,,,,,,5.986563736973484,5.463978110292145,5.380948093122952,5.321380769499243,5.338261934094997,5.4286343949375855,5.534353213786045,5.686303524845955,6.0921655467585465,6.360341169133427,6.060661496810624,6.025615642369725,6.01006553376317,5.994421627926644,6.177380884366134,6.205803311483618,6.197565885133467,6.195017566405147,6.190184232450594,6.190014956348762,6.245186491344288,6.2729115592564435,6.38163090719444,6.4750147078026545,6.490190712189331,6.515164561514404,6.704651009370617,6.9543778924158355,7.078243587501724,7.167589242665612,8.125703853483268,8.446341629328641,,,,,,5.587274835665301,5.416287790752549,5.33089999350496,5.331244487331572,5.3570090139251905,5.495032729465697,5.536480729800683,6.149728055664871,6.0055735339518534,5.983692297038917,6.211564916859099,6.201823720701835,6.195718752291061,6.191434571289122,6.189932179593149,6.189733548962611,6.299170621057073,6.530645794283073,6.656356364916761,6.737684119984109,6.804747069892789,7.111252129681243,7.202906036650426,7.518476741375979,8.266497185461443,8.66402320067331,,6.149728055664871,5.4286343949375855,6.177380884366134,6.245186491344288,6.4750147078026545,6.9543778924158355,8.125703853483268,5.644158263436777,"rgba(239, 83, 80, 0.5)",0.7864057534175792,5.644158263436777,-0.7809686803126181,44.145512969078155,2.3596245878437827,False,True,False,True,False,0.2833728580305994,0.0,0.0,0.0,0.0,0,0.9670391819744818,0.9959279703194281,False,False,False,False,-0.03347664155491824,-0.02630519949396478,False,False,False,False,45891026,13345638.894144744,False,False,False,False,3322614.593667431,False,False,False,False
2025-03-06 00:00:00+00:00,4.87,5.025,4.84,4.88,906669,,,,,,5.963444223042873,5.460778589353707,5.378431155915628,5.319577637618891,5.336500110411,5.426739680275684,5.532381979210558,5.684339766794923,6.089818875884123,6.3584214739497495,6.059420922003285,6.024437526009259,6.008919422103962,5.993305877984299,6.176207182299,6.204651755772005,6.196432094998171,6.1938904056575925,6.189069523107661,6.188903739773172,6.244059210824592,6.271769348841432,6.3804295693444075,6.473753227469829,6.4889191914698605,6.513876834117972,6.703259020502773,6.952839452566849,7.076635869276992,7.165936394320255,8.123470136817467,8.443912833283006,,,,,,5.583026511482648,5.413487646369765,5.328768754914852,5.3294559288822905,5.355254787119773,5.493033266103141,5.534598488575909,6.14834761705688,6.0044364776691985,5.982595881967152,6.2104014382341255,6.200680451464362,6.1945893989899545,6.19031563352436,6.188819862031415,6.188625213058008,6.2980167378138,6.529348878787338,6.654990271308364,6.736274852149496,6.803298723189159,7.109627731624012,7.201237356239892,7.5166261989371215,8.264177572451441,8.661460892468924,,6.14834761705688,5.426739680275684,6.176207182299,6.244059210824592,6.473753227469829,6.952839452566849,8.123470136817467,5.641013247048747,"rgba(239, 83, 80, 0.5)",0.7868732569618718,5.641013247048747,-0.9798442636437273,43.46133342793128,1.4644568686690604,False,True,False,True,False,0.0,0.0,0.0,0.0,0.0,0,0.984211513432717,0.991162312234656,False,False,False,False,-0.024461891249926454,-0.025383545371945617,False,False,False,False,44984357,14586372.937511617,False,False,False,False,3227871.6292098844,False,False,False,False
2025-03-07 00:00:00+00:00,4.76,4.89,4.67,4.85,1005390,,,,,,5.93572069520996,5.456390818248055,5.374853692996809,5.3169248344284075,5.333932761731273,5.424094909245198,5.529726747914003,5.681786019445895,6.086923318163877,6.356095724240362,6.057882974294793,6.022972001323905,6.007491437753333,5.991913437735599,6.174766128212276,6.203240848208146,6.195042071414857,6.192508233460312,6.187702098493698,6.187540574960011,6.242681864536095,6.27037641674413,6.378974469912865,6.472233105755958,6.487388164840742,6.512328232731433,6.701599005820762,6.951020778447665,7.074742150919207,7.163994111058305,8.120890307589463,8.441118158944265,,,,,,5.577419760303777,5.409572740201401,5.325655215871822,5.326839560334017,5.352724038160475,5.49030829392068,5.532063955915029,6.146649642066158,6.003019113144588,5.981225997421889,6.208976548141415,6.199279268687319,6.193204615252565,6.188943159668495,6.187455340486255,6.187265547161789,6.296612008020907,6.527790406907219,6.653357927682706,6.734596394999065,6.801578005538635,7.107716076791547,7.199278198405971,7.5144684252525575,8.26150316011983,8.658519013211343,,6.146649642066158,5.424094909245198,6.174766128212276,6.242681864536095,6.472233105755958,6.951020778447665,8.120890307589463,5.636926885200795,"rgba(239, 83, 80, 1.0)",0.7863138142075821,5.636926885200795,-1.115237796101204,42.338820278314685,-0.04966252081829481,False,True,False,True,False,0.0,0.0,0.0,0.0,0.0,0,0.9783992086952049,0.9975986415172015,False,False,False,False,-0.05683783568769865,-0.041110690529822136,False,False,False,False,43978967,15739023.685060183,False,False,False,False,3140715.4868879286,False,False,False,False
2025-03-10 00:00:00+00:00,4.42,4.685,4.351,4.642,1063818,,,,,,5.900830543688749,5.449876629401614,5.369323633250783,5.312673405312297,5.329859020246315,5.420091437730263,5.52587529033936,5.678247687914766,6.083204621973745,6.353195796166728,6.055895694665968,6.02106851935828,6.005632297258022,5.9900961347882875,6.172931856908972,6.201450893224158,6.193276873478592,6.190752464488594,6.185964042157324,6.185807889210254,6.240942174238033,6.268622349450551,6.377162022696778,6.470355431273545,6.485499438125287,6.51042175592657,6.699583746909669,6.948845653019655,7.0724914377790515,7.161695214011958,8.117930398191014,8.437933871451836,,,,,,5.569476292681823,5.403630466070015,5.320700362046218,5.3226712321947245,5.348750857340786,5.486298129422902,5.528389421022502,6.144481727896801,6.0011725123462245,5.979435076916561,6.207170086420912,6.19750080826935,6.191445679314942,6.187198954001148,6.185720916165067,6.185537243804949,6.294847969787603,6.525874172303099,6.651369683798053,6.732563180654047,6.799502380821313,7.105447596994282,7.196962931579176,7.511949450400367,8.258444506695858,8.65518062173425,,6.144481727896801,5.420091437730263,6.172931856908972,6.240942174238033,6.470355431273545,6.948845653019655,8.117930398191014,5.631227038436232,"rgba(255, 0, 0, 1.0)",0.7850961781898257,5.631227038436232,-1.5427753593565114,39.73239525878719,-2.922265266430607,False,True,False,True,False,0.0,0.0,0.0,0.0,0.0,0,0.9464149277552337,1.0095081243526836,False,False,False,False,-0.11277873181419282,-0.07694471117200748,False,False,False,False,42915149,16804754.089567628,False,False,False,False,3059268.526617814,False,False,False,False
2025-03-11 00:00:00+00:00,4.33,4.47,4.29,4.405,796391,,,,,,5.873632304776472,5.444447303731635,5.364663372847356,5.309053920550378,5.326397991665629,5.4167284001013565,5.5226746908510576,5.67534300293886,6.080220338478577,6.350889330585168,6.054295961181392,6.019533667898419,6.004132036466179,5.9886284717794895,6.1714622166375435,6.200018256764203,6.191863579732079,6.189346571439569,6.184572052236178,6.184420184579517,6.239551720846787,6.267221801248038,6.37572011270076,6.468865846222269,6.484001737777294,6.5089110423662175,6.697994498085821,6.947139314519259,7.070729744158086,7.15989847187778,8.115643403320329,8.43547994226961,,,,,,5.562944197274481,5.398647369400936,5.316493000438052,5.319126954814026,5.345383291025575,5.482953587055516,5.525335671186095,6.142743427559696,5.999682032806509,5.977987923690062,6.205724572568263,6.196077143113765,6.1900372921278235,6.185802113999911,6.184331816965084,6.184153028438116,6.2934407458715835,6.524356373705715,6.649799938024534,6.7309609858216435,6.797869180024825,7.10367298978246,7.195154405204049,7.509990544234899,8.256084059141294,8.6526119250895,,6.142743427559696,5.4167284001013565,6.1714622166375435,6.239551720846787,6.468865846222269,6.947139314519259,8.115643403320329,5.626575389218034,"rgba(255, 0, 0, 1.0)",0.784486731839165,5.626575389218034,-1.6527690483410964,37.547091488103064,-5.314343240305021,False,True,False,True,False,0.0,0.0,0.0,0.0,0.0,0,0.9394555058919138,1.0196340692582058,False,False,False,False,-0.142506589974246,-0.10972565057312675,False,False,False,False,42118758,17797460.12527086,False,False,False,False,2970528.2314563314,False,False,False,False
2025-03-12 00:00:00+00:00,4.4,4.63,4.34,4.45,735678,,,,,,5.850849478549909,5.439908716100441,5.360794294204893,5.306062369457372,5.323530487296939,5.4139142849823845,5.519970474153246,5.6728612071293,6.077622114213756,6.348863273845285,6.0529022865985365,6.018198108048555,6.002827276655557,5.987352768477079,6.1701767024067,6.198763970836493,6.190626507077272,6.188116060880464,6.183353869324054,6.183205752016367,6.2383329022014795,6.26599318693305,6.374451652139846,6.4675526032746955,6.482680900021658,6.507578010565362,6.696586939457473,6.945621924952166,7.069160419794931,7.158296078736866,8.113585719574687,8.43326760964523,,,,,,5.5574372366825715,5.394497562654568,5.313016486224794,5.316193516402205,5.342586553229915,5.480137749724778,5.522754356351838,6.141224727114682,5.998385983564541,5.976730536358816,6.204458813639422,6.194830847434723,6.188804576005634,6.18457964707137,6.183116169023347,6.182941654863465,6.292205395410238,6.523016650327063,6.648410888601815,6.729541127517878,6.79642019566248,7.102091473958758,7.193540797284769,7.508236749778474,8.253958320446637,8.650293357551433,,6.141224727114682,5.4139142849823845,6.1701767024067,6.2383329022014795,6.4675526032746955,6.945621924952166,8.113585719574687,5.622666264148298,"rgba(255, 0, 0, 1.0)",0.7831741433027525,5.622666264148298,-1.561167812553344,36.80779506200221,-6.3339183073238345,False,True,False,True,False,0.0,0.0,0.0,0.0,0.0,0,0.9438810914870281,1.0094016520045666,False,False,False,False,-0.11986759140268557,-0.11479662098790616,False,False,False,False,42854436,18780086.630162198,False,False,False,False,2882887.0459090243,False,False,False,False
2025-03-13 00:00:00+00:00,4.3,4.47,4.27,4.4,520034,,,,,,5.8339456649768895,5.436369457876775,5.357748828575559,5.303688126687964,5.321259127192779,5.411707535958566,5.517870289921046,5.670954850527948,6.075666204375344,6.347350607894503,6.051850807560398,6.017189000187678,6.001840776208165,5.986387572182742,6.169210903767282,6.197822518100909,6.189697705252745,6.187192101668726,6.1824390078545335,6.182293699108315,6.237419221586327,6.265072973899191,6.373504645765961,6.466574611770436,6.481697631605538,6.50658628160792,6.695544224849391,6.944503076960293,7.0680055759731815,7.157118456768978,8.112088875273026,8.431662027969054,,,,,4.346666666666667,5.553191742992987,5.391244662676588,5.3102624343202,5.313868110483704,5.34037604667694,5.477943673565659,5.520749697182271,6.140082848783396,5.997405876118998,5.975778742102926,6.203508940085018,6.193895261636954,6.187878984234237,6.183661610386722,6.18220320166704,6.182031888373428,6.291280884870608,6.522020319399793,6.647380836216888,6.728490008591303,6.795348920291122,7.100928238277002,7.192355523717941,7.506953603097677,8.252413631831981,8.64861301085389,,6.140082848783396,5.411707535958566,6.169210903767282,6.237419221586327,6.466574611770436,6.944503076960293,8.112088875273026,5.536139869244808,"rgba(255, 0, 0, 1.0)",0.7827931336498498,5.536139869244808,-1.5791398980228464,35.74749336679393,-7.691007434976498,False,True,False,True,False,0.0,0.0,0.0,0.0,0.0,0,0.9411159335988186,1.0194639581189315,False,False,False,False,-0.1446699115586215,-0.12973326627326381,False,False,False,False,42334402,19703785.272116624,False,False,False,False,2790226.142147886,False,False,False,False
2025-03-14 00:00:00+00:00,4.41,4.46,4.33,4.38,497822,,,,,,5.818683646272018,5.433167548578997,5.355003411329105,5.301552326403928,5.319213104146317,5.409708934066584,5.515958073082194,5.669208336134308,6.073855601200091,6.345943236160968,6.050876897949766,6.0162549391631535,6.000927906162394,5.985494683572473,6.168314341933721,6.196948113154859,6.188835155273194,6.186334080422939,6.181589494663867,6.181446793401965,6.236570041617917,6.264217358858966,6.372622749745601,6.4656627698836004,6.4807807007138996,6.505661185437713,6.694569558653113,6.943454890200543,7.066922624178505,7.156013433311664,8.110677359026175,8.430146257903846,,,,,4.372751404258886,5.549333808297955,5.388307594762106,5.30778579092568,5.311774630642789,5.338382210303675,5.475949900844415,5.518923936914202,6.13902357034442,5.996498999014835,5.974898436722313,6.202626639017017,6.193026357046455,6.187019438542135,6.182809134137915,6.181355448947913,6.181187107433382,6.290420935563831,6.5210907614406555,6.646418481320834,6.7275071657774985,6.794346596376449,7.099837152066326,7.1912430485286825,7.505746951463216,8.250956240957255,8.64702559201943,,6.13902357034442,5.409708934066584,6.168314341933721,6.236570041617917,6.4656627698836004,6.943454890200543,8.110677359026175,5.53477019813092,"rgba(239, 83, 80, 1.0)",0.7822535187308709,5.53477019813092,-1.437858918111034,36.259479476423735,-7.691007434976498,False,True,False,True,False,0.0,0.0,0.0,0.0,0.0,0,0.9494207023283957,1.0133339309324787,False,False,False,False,-0.13926408356390846,-0.13449867491858614,False,False,False,False,42832224,20610782.869288523,False,False,False,False,2700327.9404950277,False,False,False,False
2025-03-17 00:00:00+00:00,4.39,4.56,4.28,4.33,1167603,,,,,,5.784374840651797,5.425806721444764,5.348692368433122,5.296637487693083,5.314501604355407,5.4050983237169605,5.511538639848187,5.6651629194263515,6.069649562351929,6.342667243828601,6.048610976720952,6.014081927112916,5.998804265043228,5.983417604136412,6.166226957714089,6.194911991541486,6.186826660218241,6.184336134086562,6.179611366324666,6.179474728205304,6.234592259569461,6.262224404741936,6.370567889774533,6.463537606981075,6.478643596274818,6.5035049174585,6.692296746892168,6.941009486421313,7.064395601389925,7.153434549403234,8.107379874960035,8.426604414254683,,,,,4.392651833474494,5.540463656150682,5.38155575738133,5.302092962587392,5.306955405358653,5.333788310321387,5.47134566513224,5.514703068639,6.136558424592872,5.9943893209701,5.972850687714838,6.200572113975748,6.191003054676749,6.1850179426045875,6.180824107380571,6.179381415304019,6.179219984105188,6.288417708825408,6.518924010549262,6.644174615842718,6.725215125970644,6.792008815565218,7.0972910146525585,7.188646633829867,7.502929617751945,8.247551230593032,8.643315829223424,,6.136558424592872,5.4050983237169605,6.166226957714089,6.234592259569461,6.463537606981075,6.941009486421313,8.107379874960035,5.52964278860546,"rgba(239, 83, 80, 1.0)",0.782015834727806,5.52964278860546,-1.4573142102706047,36.46536365109101,-7.714411904613989,False,True,False,True,False,0.0,0.0,0.0,0.0,0.0,0,0.9493675127754041,1.0086844824216024,False,False,False,False,-0.13386633077419757,-0.13418250284639185,False,False,False,False,41664621,21436423.580296814,False,False,False,False,2640221.0800834578,False,False,False,False
2025-03-18 00:00:00+00:00,4.32,4.4998,4.305,4.46,911828,,,,,,5.7580676658693335,5.419935683994418,5.343640199593863,5.292686496653137,5.310714688982907,5.40140133618766,5.508002722190736,5.661933963217417,6.066310566733872,6.340070310458199,6.0468079994717705,6.012352010694765,5.997113250399531,5.981763267834058,6.164567798991919,6.193293950585157,6.185230403884171,6.1827482059358285,6.178039084879617,6.177907254287492,6.233021079210264,6.260641594385014,6.368937508462051,6.461852747225606,6.47694947145319,6.501795930220101,6.69049773651277,6.939076639682511,7.062399461503331,7.151398262120983,8.104784436716761,8.423818673277925,,,,,4.387435583076416,5.533420149930391,5.376159452960718,5.297524371226447,5.303081808739086,5.330097256665942,5.467659711188256,5.511325175780723,6.134599175681399,5.992709308580773,5.9712194433512105,6.198939567200686,6.189395119356237,6.18342720957416,6.17924637261914,6.177812378446505,6.177656426484605,6.286827125169052,6.517206913931986,6.642397965401296,6.723401267376775,6.790159504656407,7.095280080557954,7.186596811697498,7.5007081079079105,8.244872056782429,8.640399280369717,,6.134599175681399,5.40140133618766,6.164567798991919,6.233021079210264,6.461852747225606,6.939076639682511,8.104784436716761,5.524543715930134,"rgba(255, 0, 0, 1.0)",0.7828526203727536,5.524543715930134,-1.5386596207043326,36.10762768438144,-8.478713617558007,False,True,False,True,False,0.0,0.0,0.0,0.0,0.0,0,0.9395144388177049,1.0365190497230061,False,False,False,False,-0.13766552236099108,-0.13592401260369147,False,False,False,False,40752793,22193928.26342243,False,False,False,False,2572440.959295871,False,False,False,False
2025-03-19 00:00:00+00:00,4.34,4.43,4.3,4.33,612918,,,,,,5.740703092207887,5.415957643671533,5.3402100793772584,5.289997195592827,5.3081369322502265,5.398887191472117,5.505600148037648,5.659741894829371,6.064049365630651,6.338312346797052,6.045585027397543,6.01117828646998,5.995965774653035,5.980640537464237,6.163442896253163,6.192197032390415,6.184148191611228,6.181671619041708,6.176973066960755,6.176844490508107,6.2319560770339395,6.259568850829392,6.3678330595594295,6.460711835338747,6.475802354503433,6.5006388614821295,6.689280508823567,6.937769798874232,7.061050239988263,7.150022180730454,8.103033312987025,8.421939850841785,,,,,4.382352623318658,5.528659352764116,5.3724989454605785,5.294418345112242,5.300445187558936,5.32758496781808,5.465154776059488,5.509029516399798,6.133270997643153,5.9915692565611565,5.970112288174527,6.197832858755381,6.188305022120337,6.182348727271311,6.17817666884793,6.176748556037273,6.176596312885085,6.285749241566971,6.516044422087141,6.641195680364743,6.722174118475384,6.788908623800367,7.093920962289768,7.1852116869726395,7.499207896548991,8.243064745434934,8.638432670083262,,6.133270997643153,5.398887191472117,6.163442896253163,6.2319560770339395,6.460711835338747,6.937769798874232,8.103033312987025,5.5210297814699585,"rgba(255, 0, 0, 1.0)",0.7831687367799687,5.5210297814699585,-1.5080144622802647,36.13828381725588,-8.878219538997413,False,True,False,True,False,0.0,0.0,0.0,0.0,0.0,0,0.9274501533305215,1.0414961410868797,False,False,False,False,-0.145752075593429,-0.14083804409856024,False,False,False,False,41365711,22945762.88054312,False,False,False,False,2495596.9216764253,False,False,False,False
2025-03-20 00:00:00+00:00,4.57,5.02,4.33,4.35,3413347,,,,,,5.669652080170353,5.400120154361663,5.326915181239199,5.2797607303222245,5.298232511340394,5.388851255257285,5.495656353554869,5.650293020778711,6.053636997944724,6.32997061915346,6.039943689026584,6.005786296450338,5.990704151726205,5.975502243163295,6.158182211699998,6.1870514323536785,6.179075478100299,6.176626454979838,6.1719796617052705,6.17186633611644,6.226939884899289,6.254503009148992,6.362567874959247,6.455233203625802,6.470287788326836,6.495066449361103,6.683345487633022,6.9313123665785,7.0543455939731405,7.14315828945908,8.094046414439138,8.412235372797674,,,,,4.5058078743301095,5.509078515187367,5.3581392939829975,5.28260418715349,5.2903551060239,5.317842445574932,5.454922330870788,5.499512861209079,6.127084359784806,5.986344520913818,5.9650520930179525,6.192638550843391,6.183193320256331,6.177294363444915,6.173165441764312,6.171765511248252,6.171630652467028,6.280646875291665,6.510439761142171,6.635350746793002,6.716179099216481,6.782774670819586,7.087157539872504,7.178292852221766,7.4916302304842075,8.23376199962063,8.628236082006795,,6.127084359784806,5.388851255257285,6.158182211699998,6.226939884899289,6.455233203625802,6.9313123665785,8.094046414439138,5.513918978363346,"rgba(239, 83, 80, 1.0)",0.7831265991329447,5.513918978363346,-1.2053210546141913,39.061901694421074,-8.878219538997413,False,True,False,True,True,0.0,0.0,0.0,0.0,0.0,0,0.9221337181871166,1.015336793316866,False,False,False,False,-0.07919476493398554,-0.1100164045162729,False,False,False,False,44779058,23801970.53228653,False,False,False,False,2531587.120826369,False,False,False,False
2025-03-21 00:00:00+00:00,4.46,4.5683,4.3902,4.5,1082439,,,,,,5.645644349571967,5.39415689787899,5.3218034027491585,5.2757508403830835,5.294370497597533,5.38502573846928,5.491943745972542,5.6468432950278,6.049980043620076,6.3270824042822404,6.03795166214176,6.003877033566993,5.9888386540622,5.973678072840108,6.156338667441666,6.18525122751343,6.177299805832751,6.174860121106115,6.1702308739008895,6.170122854559467,6.225188876219211,6.252737492546002,6.3607434914545005,6.453343338012427,6.468386833501119,6.493147678657206,6.681317160135651,6.9291233151135385,7.052080490725142,7.140844608421214,8.091068769001831,8.409032367879805,,,,,4.501458255962016,5.501888043108637,5.352669616066131,5.277994693478762,5.286413427505923,5.314062527741546,5.451075409244378,5.495959804667898,6.1249138074910245,5.984491405045111,5.963254005537722,6.190821989312688,6.18140450677645,6.175524894702744,6.171410566901874,6.170020313439316,6.169891502835279,6.278871223451362,6.508511178436065,6.633349638638087,6.714132671579913,6.78068559843151,7.084874523878841,7.175962621852126,7.489095208304563,8.230685182147845,8.624878318316792,,6.1249138074910245,5.38502573846928,6.156338667441666,6.225188876219211,6.453343338012427,6.9291233151135385,8.091068769001831,5.508849423148037,"rgba(239, 83, 80, 1.0)",0.783330019160622,5.508849423148037,-1.3389623753624722,40.00793146837107,-8.878219538997413,False,True,False,True,True,0.0,0.0,0.0,0.0,0.0,0,0.9259762666918163,1.0370590225960177,False,False,False,False,-0.12110397917317185,-0.11556019184472238,False,False,False,False,43696619,24582152.825138036,False,False,False,False,2474757.7827547467,False,False,False,False
2025-03-24 00:00:00+00:00,4.57,4.645,4.5046,4.57,858824,,,,,,5.628843138193234,5.389989353714167,5.3182653229315,5.272991739727741,5.291703152536498,5.382344638281417,5.4893054424483765,5.6443533433890325,6.047274455002738,6.32492092464208,6.036475878916495,6.002464657673669,5.987459573090794,5.972330472718188,6.154965869266615,6.183909161992788,6.175976391527706,6.173543775394298,6.16892780947274,6.168823742023708,6.223881512716829,6.251418040095764,6.359375321146759,6.451922308833171,6.46695688671146,6.491703386104416,6.679783516016578,6.927460114451843,7.050355972040363,7.139080697807705,8.088775177700676,8.406559462001603,,,,,4.508255254199892,5.496803159333116,5.3488673315838735,5.274825874577828,5.283695462116879,5.311442410656027,5.448355537165268,5.49343303429044,6.123300083256152,5.983121745308199,5.961926318458736,6.189467471177052,6.180071110264459,6.174206183883424,6.170102916498518,6.168719929516914,6.168595623633955,6.277543028179401,6.5070589213796,6.631838195838769,6.712584248233699,6.779102748867486,7.083135470922781,7.174185175768268,7.487153735722185,8.228312671627279,8.622282380055815,,6.123300083256152,5.382344638281417,6.154965869266615,6.223881512716829,6.451922308833171,6.927460114451843,8.088775177700676,5.505772276848138,"rgba(239, 83, 80, 1.0)",0.7833662461932716,5.505772276848138,-1.1945527157896771,41.968064789216214,-12.537856239102481,False,True,False,True,True,0.0,0.0,0.0,0.0,0.0,0,0.9473330984379457,1.0233049781043944,False,False,False,False,-0.10060327818353958,-0.10808173501413099,False,False,False,False,44555443,25365419.10650517,False,False,False,False,2411387.830489855,False,False,False,False
2025-03-25 00:00:00+00:00,4.52,4.6299,4.43,4.6,668812,,,,,,5.615558076335929,5.386589688517276,5.315362346364916,5.27071606128935,5.289505833621441,5.3801495001047135,5.487157421528083,5.642338319708982,6.045107981518078,6.323196702956551,6.035292157536642,6.001330922696279,5.986352168168205,5.971247951001696,6.153867021454548,6.182835399853213,6.17491739050189,6.172490379561375,6.167884945588913,6.167784034506221,6.222836150251192,6.250363475465343,6.358283564176502,6.450789772096591,6.465817458998203,6.490552878867199,6.678564363379259,6.926140930034776,7.048989443834927,7.137683825152736,8.086967474855216,8.404612518605253,,,,,4.509518039373538,5.492683977574874,5.3457556577854595,5.27221533612368,5.281455354631145,5.309286888373486,5.44613698860422,5.491375778095043,6.122008030398868,5.982021790599563,5.9608595219446405,6.188383859960783,6.1790042059901245,6.173150909867391,6.169056408440589,6.167679204132293,6.167558496099108,6.276481902173128,6.505902283566344,6.63063609987104,6.711353745871401,6.777845682784362,7.081757749591063,7.17277791257664,7.485619464414055,8.226443690483574,8.62023986445077,,6.122008030398868,5.3801495001047135,6.153867021454548,6.222836150251192,6.450789772096591,6.926140930034776,8.086967474855216,5.503070507022114,"rgba(239, 83, 80, 1.0)",0.7830429613236689,5.503070507022114,-1.2554490054547145,42.76723294259841,-11.613837055469816,False,True,False,True,True,0.0,0.0,0.0,0.0,0.0,0,0.960231303701535,1.0134570556637876,False,False,False,False,-0.1102145233025592,-0.1091481291583451,False,False,False,False,43886631,26091741.141544186,False,False,False,False,2343051.5234118216,False,False,False,False
2025-03-26 00:00:00+00:00,4.41,4.53,4.32,4.52,772844,,,,,,5.599135144974954,5.382211398681316,5.311584273090468,5.267729245662304,5.286629671507225,5.377311739463841,5.484412954284555,5.639797215072461,6.042436930067774,6.321090382221875,6.033830103487868,5.999928431902991,5.9849812712001365,5.969906877182997,6.152516008584483,6.181516572922233,6.173616299299808,6.171196052100988,6.166603327403139,6.166506285332957,6.221553947791979,6.2490711952310205,6.356950254921024,6.44941029651702,6.464430151661864,6.489152995979083,6.677087569270186,6.924550691421416,7.047345519026218,7.136005686948725,8.084818377587363,8.402303369416556,,,,,4.502933194698138,5.487446801016404,5.341724890445467,5.268793128468668,5.278519899243034,5.3064734202408435,5.443290851846733,5.488747841365404,6.1204179851913665,5.980659832316816,5.959537255394988,6.187053215681078,6.177693610841341,6.171854308765436,6.167770372630032,6.166400200884976,6.1662839028339365,6.275182697185983,6.504495498977836,6.629178415993904,6.709864249101967,6.776326106930293,7.080101212491892,7.1710881598878595,7.483784700747901,8.224224165653796,8.617820761661859,,6.1204179851913665,5.377311739463841,6.152516008584483,6.221553947791979,6.44941029651702,6.924550691421416,8.084818377587363,5.499225853551535,"rgba(239, 83, 80, 1.0)",0.7827773549270883,5.499225853551535,-1.391488712206028,42.20069354097906,-11.613837055469816,False,True,False,True,True,0.0,0.0,0.0,0.0,0.0,0,0.9644050139843512,1.0123934188624553,False,False,False,False,-0.13278771998174727,-0.12096792457004618,False,False,False,False,43113787,26759272.35167971,False,False,False,False,2281474.757787829,False,False,False,False
2025-03-27 00:00:00+00:00,4.62,4.8,4.41,4.45,2684286,,,,,,5.554091746728135,5.370250711502457,5.301450536422504,5.259805255118321,5.278944249272362,5.369515050099506,5.4766715270120185,5.632414855079016,6.034305998977192,6.314538221874561,6.029367952258915,5.995659975257499,5.98081419977457,5.965835742328894,6.148352719477114,6.177443661822929,6.169600229063242,6.16720147988321,6.162649150489347,6.162564033999711,6.21758284930126,6.2450616930750975,6.352786408604084,6.445080762279525,6.460072710353822,6.48475063313619,6.672403771658088,6.919460848776546,7.042063439287755,7.1305997667134955,8.077759511671632,8.394685515462983,,,,,4.524721021320713,5.472815587414315,5.330824109638778,5.259731054874564,5.270700305970094,5.2989034285273355,5.435339880307561,5.481324660642496,6.115532867230834,5.976521454681509,5.955526877580761,6.182942332115857,6.173647131037037,6.167852554813632,6.163802278675098,6.16245412302208,6.162351419530254,6.271145021294871,6.5000681062968075,6.62456455794991,6.705133867819198,6.771487763028364,7.0747734287331205,7.165639514894003,7.477823260217308,8.216919270833465,8.609819516612426,,6.115532867230834,5.369515050099506,6.148352719477114,6.21758284930126,6.445080762279525,6.919460848776546,8.077759511671632,5.4905624510135835,"rgba(239, 83, 80, 1.0)",0.7821100761212788,5.4905624510135835,-1.1130945343793124,44.47548743760367,-9.704807535724356,False,True,False,True,True,0.0,0.0,0.0,0.0,0.0,0,0.9699595577114818,0.9909761043209394,False,False,False,False,-0.09414202029005228,-0.10755497243004923,False,False,False,False,45798073,27505891.98494717,False,False,False,False,2297271.277090267,False,False,False,False
2025-03-28 00:00:00+00:00,4.43,4.65,4.37,4.62,1008774,,,,,,5.536075569066291,5.365117991701635,5.297033618474026,5.2563055955568885,5.275562568153953,5.366143954782159,5.47337752296491,5.6293274686178325,6.031004519799795,6.311906808506892,6.027549259927654,5.993916610740564,5.97911060544511,5.964169728921431,6.146665579984875,6.175795233908475,6.1679741430223345,6.165583889310318,6.161047524108265,6.160967214922454,6.215978346435845,6.243443621946734,6.351113373793305,6.443347011133564,6.458328687231922,6.482990099834138,6.670541279664205,6.9174492377510335,7.039981232447144,7.128472367923812,8.075017520454756,8.39173502743219,,,,,4.521780725365742,5.466653616455604,5.326105813252718,5.255738153405878,5.267254369725388,5.295585653669265,5.431938351943079,5.478166450015172,6.113551391760611,5.974829114929334,5.9538846033612725,6.1812790048295465,6.1720090795489675,6.166232114823611,6.162195120783429,6.16085575125853,6.160758527579865,6.269517371891667,6.498298457469903,6.622727404574674,6.703254518211485,6.769568833796637,7.072674555446904,7.16349667195536,7.475490626754392,8.21408552836499,8.606725881726529,,6.113551391760611,5.366143954782159,6.146665579984875,6.215978346435845,6.443347011133564,6.9174492377510335,8.075017520454756,5.486308970157274,"rgba(239, 83, 80, 1.0)",0.7822965901461008,5.486308970157274,-1.350266616859469,44.05611011815561,-9.704807535724356,False,True,False,True,True,0.0,0.0,0.0,0.0,0.0,0,0.9673781200271524,0.99771318562701,False,False,False,False,-0.1144961803470366,-0.11102557638854291,False,False,False,False,44789299,28183672.65220415,False,False,False,False,2246741.9721063348,False,False,False,False
2025-03-31 00:00:00+00:00,4.39,4.475,4.2,4.32,724806,,,,,,5.521967813136912,5.3609352377982145,5.293393490161916,5.253396246220399,5.272759789219856,5.363387799205206,5.4707191874372985,5.626872129376813,6.028445086689506,6.30988843278343,6.0261367876904,5.992560273166778,5.977784147272646,5.962871467020761,6.145362111680699,6.1745231558653035,6.166718876586969,6.164335047526433,6.159810755637595,6.159734148469706,6.214742087242628,6.242198235644759,6.349830676003182,6.442021758897891,6.456996201242715,6.481646005657776,6.669126627405067,6.915929846674324,7.0384122622671415,7.126871880348078,8.072979674266039,8.389548324655681,,,,,4.51368095715296,5.461701736267698,5.322236704773701,5.252422043060645,5.264394736199636,5.292844430952509,5.429180700281846,5.475618446691861,6.112018823720266,5.9735111112751875,5.952604108515584,6.179995733642564,6.170744800558955,6.164981110175332,6.160954146811176,6.1596214820849315,6.159528478096152,6.268265838884368,6.496948017969988,6.621330287020635,6.701828215488614,6.768114783242021,7.071093970880091,7.1618855270937924,7.473745080254902,8.211982187016755,8.604436870395698,,6.112018823720266,5.363387799205206,6.145362111680699,6.214742087242628,6.442021758897891,6.915929846674324,8.072979674266039,5.482600028941053,"rgba(239, 83, 80, 1.0)",0.7826647539760421,5.482600028941053,-1.3960000413848948,43.391871878852164,-9.704807535724356,False,True,False,True,True,0.0,0.0,0.0,0.0,0.0,1,0.9594047724064926,1.0035230681016232,False,False,False,False,-0.15171011135150175,-0.13136784387002232,False,False,False,False,44064493,28806449.92074516,False,False,False,False,2187058.208494322,False,False,False,False
2025-04-01 00:00:00+00:00,4.37,4.52,4.3,4.38,797414,,,,,,5.507371572389254,5.35656226993862,5.289597455537152,5.250364519371349,5.2698349932003055,5.360497428157679,5.467917789967125,5.624269870194736,6.025708162161025,6.307719896315725,6.024624250143178,5.991108557016604,5.97636471682788,5.96148251970833,6.143963579993813,6.173157699756687,6.165371584478598,6.162994685227476,6.158483416066693,6.158410777738395,6.213414310991797,6.240860197078391,6.348450822416878,6.440594760222793,6.455561201962238,6.480198160086477,6.667600243851868,6.914287492950169,7.036715006119894,7.125139631843257,8.070765359731887,8.387170119695396,,,,,4.507745941808051,5.456507718190719,5.318197310826278,5.2489699170854625,5.261412479849215,5.289980174177106,5.426280120281144,5.472932252547826,6.11037572420102,5.972100816992404,5.951234386500582,6.178618177602288,6.169387774099935,6.163638417882028,6.159622279126518,6.158296824475322,6.15820834442598,6.266920766400645,6.495493124857952,6.6198234223058074,6.700288856633367,6.766544680818063,7.0693838163090925,7.160141399506747,7.471852553668126,8.20969575890711,8.60194606603298,,6.11037572420102,5.360497428157679,6.143963579993813,6.213414310991797,6.440594760222793,6.914287492950169,8.070765359731887,5.478843492317148,"rgba(239, 83, 80, 1.0)",0.7826647539760421,5.478843492317148,-1.4167540913067496,42.746116127496336,-9.704807535724356,False,True,False,True,True,0.0,0.0,0.0,0.0,0.0,1,0.9682612239503018,1.00269308719214,False,False,False,False,-0.13602448417204355,-0.13369616402103293,False,False,False,False,43267079,29373533.41404927,False,False,False,False,2132562.3571808194,False,False,False,False
2025-04-02 00:00:00+00:00,4.47,4.52,4.31,4.37,762632,,,,,,5.494211180991908,5.3525753336033715,5.286144792466549,5.247608712493097,5.267172681716988,5.357853801730434,5.465343459242437,5.621865424465792,6.023157916527591,6.305690245987015,6.023212833803744,5.9897545027476164,5.975041036281626,5.9601875310746895,6.142656165203438,6.1718806767155785,6.164111649007415,6.1617412588573375,6.157242221935566,6.1571732905794425,6.212171855914804,6.2396077423119225,6.347157736000312,6.439256316004787,6.454215071777443,6.47883968247216,6.666165895089902,6.912741625055494,7.035116336806739,7.123507232443903,8.068671233860915,8.384919171860812,,,,,4.504303323638703,5.4517576540018595,5.314519361903763,5.2458352418191945,5.258699546149125,5.287369664549094,5.423619513024354,5.470462806702546,6.108840795841786,5.970785732248842,5.9499575083757215,6.177329766235996,6.1681186839112145,6.162382805500259,6.158376838725016,6.157058137541704,6.156973883042653,6.265661356115827,6.494127851956669,6.6184079305418715,6.698841967025797,6.765068210592204,7.067772710938318,7.15849751016188,7.470066307956542,8.207532626575563,8.599587410477953,,6.108840795841786,5.357853801730434,6.142656165203438,6.212171855914804,6.439256316004787,6.912741625055494,8.068671233860915,5.4755122145329675,"rgba(239, 83, 80, 1.0)",0.782139494712069,5.4755122145329675,-1.2855919197676235,43.75452369544222,-9.704807535724356,False,True,False,True,True,0.0,0.0,0.0,0.0,0.0,1,0.9711894282773872,0.9950130285313888,False,False,False,False,-0.1349452512888335,-0.1343207076549332,False,False,False,False,44029711,29948285.476243418,False,False,False,False,2078839.5980756893,False,False,False,False
2025-04-03 00:00:00+00:00,4.29,4.42,4.27,4.33,715790,,,,,,5.4809364118640165,5.348433883251149,5.282527266847108,5.24470241317184,5.264371580175797,5.3551015327591935,5.462690342405693,5.619415734093281,6.020611633893933,6.303680956684395,6.021801660185499,5.988398804919301,5.973714908573628,5.958889305376622,6.141354408703086,6.170610361259007,6.162857990196555,6.160493970745559,6.156006906351989,6.155941656482771,6.210937458923477,6.238364467508115,6.345878105663288,6.437934988817655,6.452886650663399,6.477499880354417,6.664757087721857,6.911230113617129,7.033556202700288,7.121916219142959,8.06665031814122,8.382751845257841,,,,,4.496910924580041,5.446876530298833,5.3106805132510315,5.24253156256633,5.25584237810741,5.284629713268545,5.42086767726136,5.467918404624484,6.10731114648005,5.969467972066298,5.948676859224722,6.1760483642643385,6.166856094100438,6.161133371436846,6.157137349258747,6.155825306321502,6.155745248149815,6.264412153317817,6.492781838808135,6.617016273518501,6.697421766419702,6.763620810575884,7.066201199291871,7.156896071711088,7.468332863809074,8.205447294414663,8.597319437700024,,6.10731114648005,5.3551015327591935,6.141354408703086,6.210937458923477,6.437934988817655,6.911230113617129,8.06665031814122,5.471892113288499,"rgba(255, 0, 0, 1.0)",0.782015108952437,5.471892113288499,-1.511341788359722,42.4831425687132,-9.704807535724356,False,True,False,True,False,0.0,0.0,0.0,0.0,0.0,1,0.9648130403536662,0.9993956749929224,False,False,False,False,-0.15008414957058197,-0.1422024286127576,False,False,False,False,43313921,30472428.0458025,False,False,False,False,2025386.6726609564,False,False,False,False
2025-04-04 00:00:00+00:00,4.015,4.1675,3.84,4.15,1021579,,,,,,5.457408656180583,5.340752446130185,5.275703068096,5.2391550899001675,5.25905169330183,5.349987658799732,5.457867309346842,5.615076303942487,6.016308549515322,6.300358532393158,6.019413242130151,5.986096878894296,5.971459898729656,5.956678434171247,6.139173570466941,6.168487100450574,6.160761233374018,6.158407457643146,6.153939645536248,6.153880535663785,6.208880580683944,6.236297077564712,6.343766385907363,6.435767394210921,6.45070942549954,6.475307272084662,6.662475298507777,6.908809916264428,7.031070509111025,7.119389734688429,8.06352401752024,8.37941954760001,,,,,4.469472732965889,5.438019010492685,5.303492685161815,5.236228595998298,5.250404510316379,5.279452323539983,5.415825432733132,5.463296466724282,6.104742072288399,5.967226234076616,5.9464936440413885,6.173907522801435,6.164745096722428,6.159043381220567,6.155063303243809,6.153762166125191,6.15368910584334,6.262338872297598,6.490581066048776,6.614756646575071,6.695125311277261,6.7612878888683765,7.063700508814061,7.154356232776941,7.46561119336306,8.202230398704769,8.593845147711821,,6.104742072288399,5.349987658799732,6.139173570466941,6.208880580683944,6.435767394210921,6.908809916264428,8.06352401752024,5.464600818997867,"rgba(255, 0, 0, 1.0)",0.7844358333068664,5.464600818997867,-1.8479533410488558,39.28787585326151,-7.0182382704921835,False,True,False,True,False,0.0,0.0,0.0,0.0,0.0,1,0.9480631690107041,1.0035627236702453,False,False,False,False,-0.22501134687736965,-0.18360688774506362,False,False,False,False,42292342,30935954.08322201,False,False,False,False,1986021.6658899386,False,False,False,False
2025-04-07 00:00:00+00:00,4.05,4.24,3.75,3.8,1121439,,,,,,5.432531775223258,5.332457292722819,5.2683294899228725,5.233151080507118,5.253290375541657,5.344442602883462,5.452630646083763,5.610356702367374,6.0116196231700165,6.29673164262519,6.0168054508058555,5.983583522075458,5.9689977431705765,5.954264455962,6.136791217980818,6.16616736257183,6.158470432166527,6.156127837294566,6.15168103919908,6.151628624448887,6.206633029801859,6.234037934657263,6.341458408496457,6.4333980686765795,6.448329530514015,6.472910491570149,6.659980464304673,6.90616311635155,7.028351790400694,7.1166261903405665,8.060102586861161,8.375772228284418,,,,4.013333333333333,4.4430276385559475,5.428459479866095,5.295728094983742,5.22941567071239,5.244517137706386,5.273842804063673,5.410354323593988,5.458276494996783,6.10193692203819,5.964778563296042,5.944109858693141,6.1715685892909535,6.162438748687373,6.156759966470001,6.152797293036739,6.151508053635399,6.151442624022741,6.260073184821684,6.4881753147516745,6.612286180845106,6.692614348453732,6.758736880971745,7.060965308692613,7.151577995128403,7.462633434054498,8.198709624219903,8.590042137919617,,6.10193692203819,5.344442602883462,6.136791217980818,6.206633029801859,6.4333980686765795,6.90616311635155,8.060102586861161,5.356721656544903,"rgba(255, 0, 0, 1.0)",0.7863540969340893,5.356721656544903,-1.6617471208450132,37.69659151448093,-8.503329248259433,False,True,False,True,False,0.0,0.0,0.0,0.0,0.0,1,0.9436950606948514,1.0034742570113018,False,False,False,False,-0.22696208403648047,-0.20528448589077203,False,False,False,False,43413781,31425280.628978007,False,False,False,False,1952116.4633060195,False,False,False,False
2025-04-08 00:00:00+00:00,3.88,4.25,3.79,4.24,1202397,,,,,,5.406068461873331,5.323411482079004,5.260269749886169,5.2265696660097865,5.24697467774819,5.338370995444468,5.4469030838952746,5.60520121491695,6.006516376710903,6.292787782686253,6.013961247351728,5.980841262174657,5.966310856442341,5.951629660002059,6.134194800349054,6.1636395915845155,6.1559739798263715,6.153643499026286,6.149219469516955,6.149174334665157,6.204184476480136,6.231577258824669,6.338946459179398,6.430820938624645,6.445741153203276,6.47030415492687,6.657270391160957,6.903291445269056,7.025403640068172,7.113630478239978,8.05640437797684,8.3718325729448,,,,3.992636571599716,4.415539546050795,5.418065613808209,5.287249671111917,5.221957226708023,5.238063612958252,5.267694168823805,5.4043688626693385,5.452784663261657,6.098880170654068,5.962107341728338,5.94150769223723,6.169020050221747,6.159925466141264,6.154271513991723,6.150327692674122,6.149051367736225,6.148994235268575,6.257605841293535,6.485559468303923,6.60960188929607,6.689887219035868,6.7559671948744855,7.057999675652186,7.1485667495540985,7.459409449578692,8.194905235030241,8.58593601721354,,6.098880170654068,5.338370995444468,6.134194800349054,6.204184476480136,6.430820938624645,6.903291445269056,8.05640437797684,5.347515679944805,"rgba(255, 0, 0, 1.0)",0.7909438824749115,5.347515679944805,-1.855397977607285,35.32370228852534,-10.710290072383344,False,True,False,True,False,0.0,0.0,0.0,0.0,0.0,1,0.9533450340697912,0.9998141647739004,False,False,False,False,-0.2213930008110037,-0.21333874335088787,False,False,False,False,42211384,31848265.074900437,False,False,False,False,1922715.700039117,False,False,False,False
2025-04-09 00:00:00+00:00,4.26,4.28,3.8,3.83,1431231,,,,,,5.378751907541118,5.3139002528902735,5.251835465253522,5.2196899815152475,5.240355254356482,5.331947672583547,5.440785287678403,5.599629587223018,6.000891105539633,6.288393066302275,6.010817613330544,5.97781380373043,5.96334603593082,5.948723845103519,6.131312066552486,6.160830169109757,6.153199968603552,6.150883124834497,6.146484726636178,6.146447663667719,6.201459384779288,6.22883640360163,6.336139928699564,6.427934729065159,6.442841279426172,6.467382416537823,6.65421956505811,6.900043553880675,7.022062452045742,7.110230712834746,8.052161698459454,8.367301292338814,,,,4.038639731328362,4.395858494847078,5.407065863668119,5.278358658603725,5.214176548660449,5.231307726603066,5.261234184873542,5.39799963649564,5.446913981661977,6.095491997531496,5.959160245138514,5.938638926215303,6.166187112719006,6.157132441960562,6.151506523240568,6.147583950523021,6.146322052253811,6.1462741201263995,6.25485543235448,6.482625995238007,6.60658314936356,6.686815124275833,6.752843076031236,7.0546369333547485,7.1451475591558244,7.455733454615426,8.190535615169386,8.581206009293238,,6.095491997531496,5.331947672583547,6.131312066552486,6.201459384779288,6.427934729065159,6.900043553880675,8.052161698459454,5.341661320257849,"rgba(239, 83, 80, 1.0)",0.7908156639910947,5.341661320257849,-1.3677793315308302,38.80963062753962,-10.710290072383344,False,True,False,True,True,0.0,0.0,0.0,0.0,0.0,1,0.9556941486664638,0.9937328871311228,False,False,False,False,-0.21694745882817154,-0.21514310108952972,False,False,False,False,43642615,32310788.60137493,False,False,False,False,1903441.7902336614,False,False,False,False
2025-04-10 00:00:00+00:00,4.11,4.21,4.005,4.15,678365,,,,,,5.36615427644098,5.309425662149389,5.247863654980376,5.2164442090972445,5.237230954276728,5.32891426623879,5.437894333311595,5.596994461922154,5.998229507298342,6.286311499868134,6.00932732836548,5.976378457090027,5.961940313387213,5.94734603028068,6.129945220894237,6.159498020903187,6.151884575760695,6.149574184910171,6.145187915479796,6.145154672624085,6.200167157556644,6.227536723515896,6.334809193090987,6.426566303380612,6.441466389876077,6.465997183938262,6.652773269696335,6.898504023422893,7.020478777925552,7.108619321463904,8.050151421470018,8.365154433546099,,,,4.0493036369265765,4.387249118459304,5.401896907034768,5.274173549301575,5.210510162660901,5.228119693519643,5.2581842883589225,5.394991031323175,5.444139009875926,6.093886089811387,5.957762905307008,5.937278634884276,6.164843838453532,6.1558080527267265,6.150195398744261,6.146282880726227,6.1450278096300295,6.144984231706116,6.253551237733713,6.481235211842078,6.605152032497811,6.685358767499182,6.751362106443997,7.053043060466417,7.143526976104923,7.453991349578682,8.188465263553685,8.578965100679891,,6.093886089811387,5.32891426623879,6.129945220894237,6.200167157556644,6.426566303380612,6.898504023422893,8.050151421470018,5.338395815642796,"rgba(255, 0, 0, 1.0)",0.790726732673828,5.338395815642796,-1.5535023224635367,39.80843048658299,-14.623235605590118,False,True,False,True,True,0.0,0.0,0.0,0.0,0.0,1,0.9652770076120379,0.9937692191359581,False,False,False,False,-0.20200481545470694,-0.20857395827211833,False,False,False,False,42964250,32728571.401321016,False,False,False,False,1855399.563165675,False,False,False,False
2025-04-11 00:00:00+00:00,4.28,4.29,4.08,4.14,715455,,,,,,5.35425701944897,5.305164691595003,5.24409987692094,5.213374118374271,5.2342688875357375,5.326013769529021,5.435106206307619,5.594426847163921,5.995590930710441,6.284229409998286,6.007847516276029,5.9749546709261265,5.960546552795038,5.945980587218556,6.128582785600121,6.158169015156208,6.150572542909554,6.148268664701667,6.143894636322725,6.143865199422373,6.19887649705644,6.226237691634902,6.333475626065453,6.425192169129651,6.44008532973283,6.464605024375247,6.651314545959087,6.896945128811339,7.018872445003519,7.106982996865283,8.048091659128595,8.362950101651597,,,,4.072559287408456,4.3820270075856005,5.396942569393594,5.270199087401223,5.207047058517381,5.225100303742676,5.255286486809529,5.392098990857462,5.441461098971286,6.092287445056519,5.956377642330388,5.9359310073688345,6.163503548884644,6.154486913325927,6.1488876797202,6.144985320019075,6.1437370945019865,6.143697854852891,6.252246827670328,6.479837037313114,6.60370985603526,6.683889060031209,6.74986590796622,7.051425683615375,7.1418805979654385,7.452215388092749,8.186341904407099,8.576661312972327,,6.092287445056519,5.326013769529021,6.128582785600121,6.19887649705644,6.425192169129651,6.896945128811339,8.048091659128595,5.336077054666396,"rgba(239, 83, 80, 1.0)",0.790666824285861,5.336077054666396,-1.3356789765654535,42.36910237676072,-12.270978458468711,False,True,False,True,True,0.0,0.0,0.0,0.0,0.0,1,0.9663344407530452,0.9945837108627805,False,False,False,False,-0.18495711446577615,-0.19676553636894722,False,False,False,False,43679705,33158027.620877057,False,False,False,False,1810695.8548062367,False,False,False,False
2025-04-14 00:00:00+00:00,4.25,4.3897,4.17,4.17,938049,,,,,,5.33973910547645,5.299898894711831,5.239460065906621,5.2095907729365685,5.230613012457097,5.322415096116194,5.43162873263591,5.5912043414684005,5.992246422488752,6.281575996811069,6.005968551864639,5.973147811916079,5.9587782111111895,5.944248594493552,6.12684905795802,6.1564769795893355,6.148902278054248,6.146606736956737,6.142248379034104,6.142223780129594,6.197232203002603,6.224582092699462,6.331773605084374,6.42343646211114,6.438320477406854,6.462825504594833,6.649446385662076,6.894944510712697,7.016809089118133,7.104879841011359,8.045431885245645,8.360100560217338,,,,4.102971182343081,4.3777001336984265,5.390799396841082,5.2652941505376445,5.2027850053183675,5.221376261308392,5.251704941634769,5.388499365703876,5.438119517397011,6.090254918628288,5.954620202619786,5.934221907417658,6.1617970308400904,6.152804972263323,6.147222941307476,6.143333593083534,6.1420941000287295,6.1420603752069995,6.2505837747552615,6.47804953094907,6.601863732274256,6.682006262537813,6.747948050400809,7.049347666770863,7.139764030489198,7.449928096974175,8.183598645342823,8.573681284059594,,6.090254918628288,5.322415096116194,6.12684905795802,6.197232203002603,6.42343646211114,6.894944510712697,8.045431885245645,5.333393865720991,"rgba(239, 83, 80, 1.0)",0.7909097111367598,5.333393865720991,-1.3698072617718262,43.781639112168506,-10.991994443822094,False,True,False,True,True,0.0,0.0,0.0,0.0,0.0,1,0.9736329452272005,0.9887595201779952,False,False,False,False,-0.16423561553061677,-0.180500575949782,False,False,False,False,42741656,33533856.184764232,False,False,False,False,1776474.4095197176,False,False,False,False
2025-04-15 00:00:00+00:00,4.23,4.295,4.155,4.28,583141,,,,,,5.330551470534593,5.296516039659185,5.236470299880454,5.207146595303986,5.228252618827548,5.320098919552425,5.42939733227987,5.589143663351771,5.990121800272769,6.279894641056132,6.004773497121486,5.971998039448893,5.957652686557156,5.943145944232434,6.125747855476963,6.155402578499411,6.147841591359767,6.145551309900648,6.141202838208308,6.141181307271611,6.196188537303246,6.223531563686131,6.330694797193889,6.422324580304394,6.437202952403032,6.461698933739401,6.648265441464462,6.893681897852923,7.0155077946564885,7.103554064463126,8.043761403540573,8.35831243039162,,,,4.113785436574919,4.374161871925923,5.386868117981387,5.262137768346796,5.200033087045071,5.218971271566493,5.249394091477139,5.386187226857643,5.435975282674969,6.0889637216665875,5.953501541070851,5.933133653285156,6.160713511001753,6.1517369280288365,6.146165739182817,6.142284596284289,6.1410506266594735,6.141020398973011,6.249528803162392,6.476918051198038,6.600696305816647,6.680816343500393,6.746736528491445,7.04803735635905,7.1384300338143944,7.448488543495341,8.181876409174778,8.571812229165193,,6.0889637216665875,5.320098919552425,6.125747855476963,6.196188537303246,6.422324580304394,6.893681897852923,8.043761403540573,5.331203562841784,"rgba(239, 83, 80, 1.0)",0.7911658235538375,5.331203562841784,-1.391874535094663,44.51418054976779,-10.280642138884929,False,True,False,True,True,0.0,0.0,0.0,0.0,0.0,1,0.9802601972969011,0.9828793616924456,False,False,False,False,-0.19046369679800448,-0.18548213637389324,False,False,False,False,42158515,33872078.0990872,False,False,False,False,1729677.0209111013,False,False,False,False
2025-04-16 00:00:00+00:00,4.34,4.5,4.18,4.18,1335196,,,,,,5.312177736805569,5.289662257329255,5.230451663096932,5.202237391333646,5.223496527093177,5.3153782314201425,5.424797687227567,5.584839295663188,5.985587744402012,6.276267172316734,6.002217281999399,5.969541719516913,5.955249485124564,5.940792917169333,6.123381458595114,6.153091349657221,6.145560388192619,6.143281572883222,6.1389546535757855,6.138939709403361,6.193940322914185,6.2212666442859925,6.328361678779447,6.419914170225664,6.434779414347226,6.459254319229628,6.645692154533835,6.890918094635824,7.012653733006676,7.10064248271652,8.040055463019714,8.354336184473022,,,,4.151515665166364,4.372422719477333,5.378835638282013,5.255765624716814,5.194517074436046,5.214132161881228,5.244724065555509,5.381441783886956,5.431551624773832,6.086193552079111,5.9511133767857185,5.930812274872847,6.158382290905321,6.149439630131927,6.143892144719732,6.14002891134328,6.138806891183965,6.1387841721060825,6.247252512666206,6.474461887660341,6.598155010830619,6.678221787829713,6.744091487594954,7.0451620963033985,7.13549893457171,7.445313065498047,8.178051541905626,8.56765023514965,,6.086193552079111,5.3153782314201425,6.123381458595114,6.193940322914185,6.419914170225664,6.890918094635824,8.040055463019714,5.327799780847171,"rgba(239, 83, 80, 1.0)",0.7911658235538375,5.327799780847171,-1.2485369709349594,46.35872568032203,-8.471334258874109,False,False,False,False,True,0.0,0.0,0.0,0.0,0.0,1,0.9806453890337317,0.9800200707013147,False,False,False,False,-0.247703411601305,-0.21659277398759913,False,False,False,False,43493711,34249397.0363779,False,False,False,False,1714207.1769538033,False,False,False,False
2025-04-17 00:00:00+00:00,4.44,4.46,4.2301,4.36,1200329,,,,,,5.296834153396501,5.283818965539927,5.225329708356749,5.1980571067459085,5.219439923503392,5.311331252197077,5.420834453234361,5.581108289336446,5.98162331737274,6.273079262633199,5.999976549375971,5.967389403864945,5.953144065178713,5.938731817405086,6.121303105347076,6.151060549680564,6.1435561005500645,6.141287393809866,6.136979475512203,6.136970304963806,6.191963759964609,6.219274777694328,6.326307517365832,6.417790143531128,6.432643539294179,6.457099411765207,6.64342042983475,6.888474235342058,7.0101283113185575,7.09806495652566,8.03676316379576,8.350800905406416,,,,4.180877708783557,4.372609910113823,5.3719704249366895,5.250338413247951,5.189828674586902,5.210007849666474,5.240735159076958,5.377361318170517,5.427737855558413,6.083762857764444,5.949021233763138,5.928779155529959,6.156333830412309,6.147421135374519,6.141894568948742,6.138047131978377,6.136835616516036,6.136819479301318,6.245250063564415,6.47229651646053,6.595912332492088,6.675930743530452,6.741754801757392,7.042617467396726,7.132903663941612,7.442497545702231,8.17465233371088,8.563948042395017,,6.083762857764444,5.311331252197077,6.121303105347076,6.191963759964609,6.417790143531128,6.888474235342058,8.03676316379576,5.324834330211101,"rgba(239, 83, 80, 1.0)",0.7905546974934696,5.324834330211101,-1.1192575706861954,48.754633321510276,-6.165387569017916,False,False,False,False,True,0.0,0.0,0.0,0.0,0.0,1,0.9682158903927446,1.0438284976648071,False,False,False,False,-0.24634687694533644,-0.23146982546646777,False,False,False,False,44694040,34658990.87808857,False,False,False,False,1694055.091583066,False,False,False,False
2025-04-21 00:00:00+00:00,4.2,4.4302,4.14,4.39,671988,,,,,,5.287370466854804,5.2801518950491975,5.222087417057333,5.195396137056369,5.2168649338692274,5.308791944187161,5.418375323321144,5.578822527645298,5.979247141313579,6.271186614973496,5.998632291392583,5.966096313561942,5.951878313247174,5.937491870727933,6.120061863791166,6.149848928512694,6.14235995669723,6.1400971774753526,6.1358004014441505,6.135794671051481,6.190786078558253,6.2180890540448885,6.325088762334149,6.416533185420148,6.431380073026445,6.4558255070665105,6.642083415538108,6.887042900202442,7.008652288806497,7.096560573953372,8.034862268341113,8.348764806698906,,,,4.186038286356625,4.369838753797153,5.367709601557992,5.2469160036389,5.186843538749702,5.207386739193673,5.238210147627115,5.374819223876868,5.425372455123026,6.082309662101913,5.947763220842302,5.9275554640970665,6.155111914351275,6.1462166904052,6.140702354267771,6.136864168695889,6.135658862531324,6.135646646868599,6.244059035898807,6.471016927081819,6.594591010225075,6.674583304992793,6.740382398644435,7.041130998255134,7.131389720115029,7.440861978925583,8.172691959212198,8.561818974373745,,6.082309662101913,5.308791944187161,6.120061863791166,6.190786078558253,6.416533185420148,6.887042900202442,8.034862268341113,5.32218694066753,"rgba(239, 83, 80, 1.0)",0.7905546974934696,5.32218694066753,-1.4194931030395903,47.56659333010256,-6.165387569017916,False,False,False,False,True,0.0,0.0,0.0,0.0,0.0,1,0.9195985825388122,1.1044345780340685,False,False,False,False,-0.26250964047602227,-0.24698973297124502,False,False,False,False,44022052,35026169.74561451,False,False,False,False,1653974.0291680438,False,False,False,False
2025-04-22 00:00:00+00:00,4.26,4.31,4.2017,4.22,501556,,,,,,5.280421848210243,5.2774332294507,5.219682804878842,5.193420888846557,5.214952978067806,5.306905516884001,5.4165474344176685,5.577122267830692,5.977478395406785,6.269776651445957,5.997630606907112,5.965132736725774,5.950935094467436,5.936567869515707,6.119136755165569,6.148945851259586,6.141468407525509,6.139210042987546,6.134921565566146,6.134918396536585,6.189908245652701,6.217205216596305,6.324180267080728,6.415596191026962,6.430438224053646,6.454875871517895,6.64108668442827,6.885975802568,7.0075518513339325,7.095438973593673,8.03344491791787,8.347246615558722,,,,4.189478675670104,4.3678640632029575,5.36455200338776,5.24437820599479,5.184629113091778,5.205440802860537,5.236334923785408,5.372930213588857,5.42361394729734,6.081226833481411,5.94682576521509,5.926643569318556,6.154201168968158,6.145318958339449,6.139813731554894,6.135982436451892,6.134781754153631,6.134772458293838,6.243171233780619,6.470063050044072,6.593605989598546,6.673578794234074,6.739359262862722,7.040022765184654,7.130260982813624,7.43964251605368,8.171230246639276,8.560231443853494,,6.081226833481411,5.306905516884001,6.119136755165569,6.189908245652701,6.415596191026962,6.885975802568,8.03344491791787,5.32020953989001,"rgba(239, 83, 80, 1.0)",0.7904911975048141,5.32020953989001,-1.3412034735321057,47.52633348072948,-6.165387569017916,False,False,False,False,True,0.0,0.0,0.0,0.0,0.0,1,0.886498172959805,1.1041230207064556,False,False,False,False,-0.2704440038752699,-0.2587168684232575,False,False,False,False,44523608,35398618.30461002,False,False,False,False,1608781.1652791009,False,False,False,False
2025-04-23 00:00:00+00:00,4.4,4.5456,4.305,4.37,1018025,,,,,,5.268758403006876,5.272815784841128,5.215642192723243,5.190116415391834,5.2117385076541565,5.303676457129919,5.413363388272641,5.574100376099221,5.974231575379463,6.267147381832944,5.995787154455728,5.963362762465428,5.9492039747686745,5.9348734959443,6.117422601373037,6.147269948437993,6.139814482148683,6.137564481300516,6.133291725712313,6.133293300395385,6.188275893905673,6.215559622175808,6.322480941869009,6.4138373170141,6.4286692690151845,6.45309071269452,6.639201449718726,6.883943905910447,7.005450445738541,7.093293036414864,8.030692817914236,8.344288690676416,,,,4.209789563304788,4.369548320101534,5.359113850150821,5.240093514446223,5.180934820120119,5.202176316602416,5.233167663805057,5.36966138785376,5.420547155935201,6.079224933689218,5.945105647560549,5.92497241981805,6.152510618243758,6.143653260249961,6.138165363531207,6.134347145685965,6.133155124923331,6.133151237073202,6.241516321763002,6.4682689482641065,6.5917456413196405,6.671676997524161,6.737418552260662,7.03790493948224,7.128099815645106,7.437294215857556,8.168387581337393,8.557132184380041,,6.079224933689218,5.303676457129919,6.117422601373037,6.188275893905673,6.4138373170141,6.883943905910447,8.030692817914236,5.317792400417028,"rgba(239, 83, 80, 1.0)",0.7907917859006315,5.317792400417028,-1.1605993091743558,49.17289830741793,-5.577167323622248,False,False,False,False,True,0.0,0.0,0.0,0.0,0.0,1,0.8821301276236952,1.1194028897377262,False,False,False,False,-0.22490541250289747,-0.24181114046307747,False,False,False,False,45541633,35796383.58678218,False,False,False,False,1585614.2568367834,False,False,False,False
2025-04-24 00:00:00+00:00,4.71,4.7801,4.4,4.43,1993614,,,,,,5.2522996959383175,5.266131971328616,5.209926593550922,5.185487689207545,5.207186184871774,5.298924144757644,5.408507764817348,5.569309651222561,5.968777219365054,6.262610711655328,5.992675228258208,5.960384449964828,5.946295218691525,5.932030712986259,6.114495262422019,6.14440052320669,6.1369843360590615,6.134749136820495,6.130504205041684,6.1305138698831625,6.1854715567456395,6.212726612779305,6.319533161118129,6.4107685587017675,6.425580189404187,6.449968881907562,6.635872047054468,6.880317459053305,7.001683161049787,7.089434473098573,8.025632644355618,8.338822718608792,,,,4.272355265266375,4.385975554940961,5.351011850208287,5.233969737761843,5.175792159468278,5.197575309165798,5.228636878388792,5.364742092954722,5.415859315918668,6.075819427326668,5.942216594902703,5.922171542240222,6.149614932558888,6.140802113809482,6.135345089350719,6.131550079957318,6.130373112059266,6.130378448624762,6.238661755859865,6.465128744230115,6.58846786341572,6.668313164981737,6.733975664194148,7.034103956436194,7.124209496716201,7.433029865660255,8.163148804926665,8.551388064037564,,6.075819427326668,5.298924144757644,6.114495262422019,6.1854715567456395,6.4107685587017675,6.880317459053305,8.025632644355618,5.316544960905775,"rgba(239, 83, 80, 0.5)",0.790805411082562,5.316544960905775,-0.766996472716915,53.261337674502414,-1.6433243578936043,True,False,True,False,True,0.3569945826219758,0.0,0.0,0.0,0.0,1,0.8535192350740302,1.0975088740366474,False,False,False,False,-0.18149450489518362,-0.21165282267913055,False,False,False,False,47535247,36256731.17161425,False,False,False,False,1601614.2467647528,False,False,False,False
2025-04-25 00:00:00+00:00,4.81,5.0,4.75,4.81,1981404,,,,,4.8533333333333335,5.242337211745775,5.261909513538677,5.206500756331701,5.182781685815372,5.2044551958559975,5.295821665530678,5.405108427477117,5.5657167592342764,5.964296869550046,6.2587399873699185,5.990100920254488,5.957932173991451,5.943905247885384,5.929700054663368,6.112033180451157,6.141978340751467,6.134597264619158,6.132375130094697,6.128154757386948,6.1281712131919495,6.183093072358213,6.210316812288052,6.316999468475484,6.408110187743785,6.422901034351506,6.447256141309092,6.632941111286795,6.877081276458303,6.9983021895397375,7.085958605493406,8.020948108296187,8.33373226320991,,,,4.3472406487325905,4.413540780811238,5.345575251246744,5.230209825804647,5.172827946358947,5.194845785506029,5.225855605207004,5.361383725336523,5.412563327092926,6.072970911443759,5.939844282438452,5.919878795314227,6.1471691843796155,6.1383963163509705,6.132966773615651,6.129192323907944,6.128028326108785,6.128041407333841,6.236227113731185,6.462396862818842,6.585591202254765,6.66534595963715,6.730926979283516,7.030687910310498,7.120700079942035,7.429141066700184,8.158285564956044,8.546019895981193,,6.072970911443759,5.295821665530678,6.112033180451157,6.183093072358213,6.408110187743785,6.877081276458303,8.020948108296187,5.257252215093977,"rgba(239, 83, 80, 0.5)",0.7910839012001195,5.257252215093977,-0.5653663466232468,56.79383861998843,1.6236835087602373,True,False,True,False,True,1.287789236309198,0.0,0.0,0.0,0.0,0,0.8858445439039717,1.0637880400630955,False,False,False,False,-0.10788793125847118,-0.15977037696880086,False,False,False,False,49516651,36776728.02762938,False,False,False,False,1616507.9625778997,False,False,False,False
2025-04-28 00:00:00+00:00,4.68,4.83,4.57,4.77,578940,,,,,4.817154444871471,5.238360627959413,5.26021525302937,5.20506428883619,5.181619372499558,5.2033051796090035,5.294598460684312,5.4038372920241,5.564439505690724,5.96280699941616,6.257484723401189,5.989245375984706,5.957114210406481,5.943106739687059,5.928920022108121,6.1112243918143525,6.141184666115956,6.133814580390967,6.131596572454327,6.127383957268776,6.127402636838707,6.18231628658603,6.2095314818082095,6.31618006313103,6.407255402172161,6.422040320043997,6.446385863471736,6.632009717853695,6.876063052870806,6.997242783517562,7.084872405527119,8.019512953822574,8.33217945762449,,,,4.359801947611357,4.418280887457708,5.343500033620552,5.228664747111449,5.171543504397057,5.193686580411084,5.2247050170212335,5.3601043519643055,5.411334110032747,6.072032259299975,5.939051286772341,5.919110521191561,6.146368154113145,6.137607760246907,6.132186845450431,6.128418873140981,6.127259043435416,6.1272746603993795,6.235435239913947,6.461521192047764,6.584675011148913,6.664404419999685,6.729962309281387,7.029618608920857,7.1196045068537614,7.427936580805081,8.156798625521478,8.5443864950294,,6.072032259299975,5.294598460684312,6.1112243918143525,6.18231628658603,6.407255402172161,6.876063052870806,8.019512953822574,5.2550253663824495,"rgba(239, 83, 80, 0.5)",0.7910984323894159,5.2550253663824495,-0.7268695561001887,57.395470513816264,2.134424637558645,True,False,True,False,True,0.04638895582355218,0.0,0.0,0.0,0.0,0,0.8638719929145448,1.098642822720346,False,False,False,False,-0.14281098562560357,-0.15129068129720222,False,False,False,False,48937711,37253629.32066353,False,False,False,False,1575819.0228689625,False,False,False,False
2025-04-29 00:00:00+00:00,4.64,4.9064,4.57,4.71,1494323,,,,,4.7759925897079425,5.228580559312853,5.255981055392374,5.201480507986163,5.178718560209434,5.2004306680695835,5.291527289538572,5.400632878002136,5.561205640241793,5.959014137494187,6.254279062152218,5.987062935051283,5.955028040355299,5.941070350290764,5.926930919862699,6.109158881659465,6.139157231400798,6.131815272544498,6.129607817279821,6.125415040314583,6.1254393890781484,6.180331343185876,6.207524381180682,6.314084668107303,6.4050686089814315,6.419838218550449,6.444159063908503,6.629624813630195,6.873453847411308,6.994527184927563,7.082087529102726,8.015827831503524,8.328190914347664,,,,4.389410509199379,4.4303129019420755,5.338302979293719,5.22480695206074,5.168343086178469,5.190791093307565,5.2218253350292025,5.356884332178334,5.408233956146689,6.069636633015861,5.937029003268154,5.917151526942464,6.144321890536813,6.135593427193847,6.130194587641789,6.12644318356877,6.125293996969857,6.125316078592571,6.233411109722612,6.459280450187228,6.582329436844268,6.661993262407455,6.727491389867543,7.02687742328128,7.1167953674143885,7.424846307347341,8.152979948746372,8.54019012187372,,6.069636633015861,5.291527289538572,6.109158881659465,6.180331343185876,6.4050686089814315,6.873453847411308,8.015827831503524,5.251837704672172,"rgba(239, 83, 80, 0.5)",0.7907260490738536,5.251837704672172,-0.7737669770570909,57.266763700850476,2.134424637558645,True,False,True,False,True,0.0,0.0,0.0,0.0,0.0,0,0.8754421759694748,1.091038567018641,False,False,False,False,-0.10538289232637973,-0.12833678681179098,False,False,False,False,47443388,37653227.70024535,False,False,False,False,1572623.100403513,False,False,False,False
2025-04-30 00:00:00+00:00,4.64,4.8588,4.43,4.56,2332163,,,,,4.7274057517109425,5.21227307300174,5.248764319310912,5.19529663841001,5.173672310087741,5.195451729952532,5.286292975299763,5.395245528127323,5.5558416976519585,5.952847174580183,6.249101488462576,5.983506153770723,5.95162380939758,5.937745381173415,5.9236811863598815,6.105804308260949,6.135866952962657,6.128569839541013,6.12637926089,6.122218212087579,6.122251735265231,6.17711322079587,6.20427265242569,6.310698589939365,6.401541769933539,6.416287756692437,6.440570514126897,6.625793931169653,6.869277122704405,6.990186405467683,7.077640207604863,8.009984540984455,8.321876419200379,,,,4.419305749353498,4.443362211503858,5.329574112270916,5.218187120846497,5.162772097259447,5.185766660204646,5.216857732071815,5.35144533083086,5.403023930269098,6.0657439404856985,5.933726493061849,5.913949629341915,6.141001621198949,6.132324023661805,6.126960416625409,6.12323548769598,6.122103420350266,6.122135963377171,6.2301339156049025,6.455670484396818,6.578558840695247,6.658122155850196,6.7235282109393335,7.022497306031829,7.112310876504957,7.419926783184436,8.146929268810272,8.533552718312487,,6.0657439404856985,5.286292975299763,6.105804308260949,6.17711322079587,6.401541769933539,6.869277122704405,8.009984540984455,5.246124381560316,"rgba(239, 83, 80, 0.5)",0.7885533852826345,5.246124381560316,-0.7686535786579219,57.18095915887328,2.179396415107334,True,False,True,False,True,0.0,0.0,0.0,0.0,0.0,0,0.8805739455773286,1.0700449763177797,False,False,False,False,-0.11995586635550266,-0.12414632658364683,False,False,False,False,47443388,38037155.55513769,False,False,False,False,1602408.9788190615,False,False,False,False
2025-05-01 00:00:00+00:00,4.75,4.785,4.55,4.66,850753,,,,,4.7235965670031,5.207071601637699,5.24639646430294,5.1932842019896945,5.1720333387512,5.193826599885359,5.284557343750126,5.393433987375799,5.554011255213285,5.950700730802944,6.247281985520379,5.98226356312842,5.95043560033269,5.936585300391851,5.922547829829239,6.104627825498595,6.134712021311237,6.127430821424155,6.125246213998498,6.121096391444524,6.121133123638408,6.175982355920397,6.203129256543655,6.30950524705318,6.40029670805176,6.415034031657658,6.43930281175711,6.624436732178005,6.867792922265394,6.98864194919597,7.076056505259026,8.007890879605425,8.319610852981983,,,,4.430675902863474,4.448872660467115,5.326681535336175,5.216024794557966,5.160969758242299,5.184130264336873,5.215229228688616,5.349626096414382,5.4012699563377895,6.064380973570958,5.932574383757111,5.912833290420281,6.139836037763283,6.131176504328987,6.12582538766571,6.122109834164509,6.120983790487199,6.121019992898363,6.228980889608792,6.454394891323309,6.577223907985388,6.6567500924290774,6.722122311599139,7.020938355053403,7.110713425034269,7.418170077879588,8.14475994311836,8.531169402649505,,6.064380973570958,5.284557343750126,6.104627825498595,6.175982355920397,6.40029670805176,6.867792922265394,8.007890879605425,5.24498371367386,"rgba(239, 83, 80, 0.5)",0.7854362246944844,5.24498371367386,-0.6302022979222744,58.31002855376822,3.4833000504180234,True,False,True,False,True,0.7456934431858109,0.0,0.0,0.0,0.0,0,0.9033336012000427,1.0548925854494804,False,False,False,False,-0.11236239666157352,-0.11825436162261017,False,False,False,False,48294141,38439390.27846562,False,False,False,False,1572932.2737673337,False,False,False,False
2025-05-02 00:00:00+00:00,4.84,4.92,4.8,4.85,654879,,,,,4.734361507499181,5.204354553785772,5.245106959667884,5.19223483920714,5.1711955595994405,5.192977599684443,5.283585189578629,5.392360576343702,5.552866273565478,5.949261166163729,6.2460268618550705,5.981426141858958,5.949637649235979,5.935807476675988,5.921789179766976,6.103825118205187,6.133921889414349,6.126652056331622,6.1244716745239085,6.120329796367608,6.120368715913598,6.175205972018174,6.202342570547529,6.308677822730227,6.399428412078067,6.414158925437686,6.438416697778138,6.623478933643685,6.866734971025622,6.987536468960744,7.074919831338321,8.00635799353852,8.317944925350611,,,,4.4436809427151776,4.4555774524603,5.325026452693796,5.214874578020358,5.16006003073754,5.183283389742849,5.214361995679716,5.348569619205405,5.4002270730097,6.0634547506987495,5.9318022661218075,5.912086905647202,6.139038275525008,6.13039167786174,6.125049455632408,6.121340554557044,6.120218698029699,6.120257395155996,6.228186000461066,6.453502495477337,6.576283945357901,6.655780371097527,6.7211258527188855,7.0198213448582525,7.109565703400067,7.416897905649542,8.143168487310854,8.529412464455916,,6.0634547506987495,5.283585189578629,6.103825118205187,6.175205972018174,6.399428412078067,6.866734971025622,8.00635799353852,5.245499631060765,"rgba(239, 83, 80, 0.5)",0.7815993363109925,5.245499631060765,-0.518807542717027,59.97410624727033,5.264193061510063,True,False,True,False,True,1.6245411879188225,0.0,0.0,0.0,0.0,0,0.9192956269162499,1.0319173255876501,False,False,False,False,-0.04949986244842389,-0.08387711203551704,False,False,False,False,48949020,38851532.62048657,False,False,False,False,1536930.1845999875,False,False,False,False
2025-05-05 00:00:00+00:00,4.72,4.83,4.7,4.82,545156,,,,,4.7353719132816865,5.201467852768486,5.243758509431367,5.191101375428933,5.170275869174497,5.192060027491816,5.282585692710886,5.391299584508085,5.551775605334975,5.947952952708796,6.2449063577213435,5.9806662060803735,5.948911750379335,5.9350990969979085,5.921097461203117,6.103102534579673,6.13321186948839,6.125951945469525,6.123775269945835,6.119640359965016,6.119681246100232,6.174509895298098,6.201638280661577,6.30794089255175,6.3986580798226385,6.413383008987703,6.437631765504386,6.622635903061802,6.865809967297622,6.986572566574009,7.073930519079987,8.005041291049123,8.316518014123426,,,,4.451331143785461,4.459585082850908,5.323357576037879,5.213650545985788,5.159053069026207,5.1823619544635555,5.2134375039062695,5.3475107857096695,5.399198482237255,6.0626190462630065,5.931098852141616,5.911405813998233,6.138321616474626,6.1296862767156135,6.12435182385032,6.120648747481754,6.119530607028957,6.119571546878578,6.227475311856873,6.452712452795903,6.575455370324256,6.65492768521288,6.720251311113999,7.0188480551460595,7.108567452039832,7.415797195367813,8.141803273117997,8.527910099421216,,6.0626190462630065,5.282585692710886,6.103102534579673,6.174509895298098,6.3986580798226385,6.865809967297622,8.005041291049123,5.245102094228193,"rgba(239, 83, 80, 0.5)",0.77745614864269,5.245102094228193,-0.6754105619267854,59.135734735483375,5.264193061510063,True,False,True,False,True,0.41021644521357103,0.0,0.0,0.0,0.0,0,0.9021346673281516,1.0644052147070173,False,False,False,False,-0.033582398104600335,-0.05872975507005869,False,False,False,False,48403864,39226133.85105573,False,False,False,False,1498037.0793215567,False,False,False,False
2025-05-06 00:00:00+00:00,4.61,4.7,4.5415,4.66,366303,,,,,4.730453770961825,5.19898407172393,5.242613929128639,5.1901146653173855,5.169465558179647,5.19126100055986,5.2817492305627045,5.39044138817336,5.5509232850578885,5.946978244486387,6.244087590975506,5.980101056834679,5.9483705099034605,5.93457029821743,5.920580471440511,6.102569826148007,6.132689423859819,6.12543654908684,6.123262528861119,6.119132611201604,6.119174945778557,6.173998989307833,6.201122167374464,6.307403938233827,6.398099208583073,6.41282045728103,6.437063280590884,6.622029726823084,6.86514989767763,6.985886926194021,7.073228281049969,8.004121086143451,8.315524194917634,,,,4.454068105002156,4.461013278436392,5.321983115970983,5.21259711108532,5.158160426747979,5.181555479532964,5.212640924539432,5.346643735345668,5.398368133928321,6.062001349352693,5.930573579049496,5.91089633045192,6.137794458258755,6.129167111691188,6.1238381987952,6.1201392870865705,6.119023844724828,6.1190664362262615,6.226955269408528,6.452140635395098,6.574858572039632,6.654315252175945,6.719624534041288,7.018156287224813,7.107859428538323,7.41502128517658,8.140850669989101,8.526865826067136,,6.062001349352693,5.2817492305627045,6.102569826148007,6.173998989307833,6.398099208583073,6.86514989767763,8.004121086143451,5.244205152285817,"rgba(239, 83, 80, 0.5)",0.7730600538419432,5.244205152285817,-0.8203827750948358,56.945921770194275,5.264193061510063,True,False,True,False,False,0.0,0.0,0.0,0.0,0.0,0,0.907028161623229,1.0471226167570404,False,False,False,False,-0.04909043541492672,-0.053910095242492705,False,False,False,False,48037561,39571680.01375942,False,False,False,False,1453655.3507207115,False,False,False,False
2025-05-07 00:00:00+00:00,4.59,4.68,4.545,4.64,326713,,,,,4.725964775140478,5.196740531821124,5.241576787016057,5.189218829176607,5.1687289490027855,5.190535140285436,5.280991319689066,5.3896655312574975,5.550154505831735,5.946102143620395,6.243352555086144,5.979592887809977,5.947883729017556,5.934094657361076,5.9201154026400085,6.102091125868657,6.132220009366321,6.1249734479261075,6.122801807148086,6.118676363208725,6.118719998577847,6.173540025752351,6.2006585854542475,6.306921860273461,6.397597632539037,6.4123156056753885,6.436553149195557,6.621486095995691,6.864558310614053,6.985272585115205,7.0725991784375335,8.003297811783282,8.314635323455576,,,,4.4562576389835815,4.462167885027082,5.320740629653646,5.211641531043108,5.15734888918942,5.180822643157344,5.211917753101301,5.345859261547058,5.397617504679609,6.061446222757522,5.9301010949956625,5.910437979840669,6.1373208239345525,6.128700634942632,6.1233766846051685,6.11968150432564,6.118568482325618,6.118612557106568,6.226488212924401,6.45162754085486,6.574323276281982,6.653766060847633,6.719062580867261,7.0175364968057705,7.107225184480025,7.414326590359594,8.139998526297486,8.525931991122599,,6.061446222757522,5.280991319689066,6.102091125868657,6.173540025752351,6.397597632539037,6.864558310614053,8.003297811783282,5.243370240215473,"rgba(239, 83, 80, 0.5)",0.7670570471045649,5.243370240215473,-0.8517883287582989,55.19263810321982,9.707899039513428,True,False,True,False,False,0.0,0.0,0.0,0.0,0.0,0,0.9220842966388048,1.0309229948426109,False,False,False,False,-0.03891250626831464,-0.04641130075540367,False,False,False,False,47710848,39890863.07204337,False,False,False,False,1409461.5330453895,False,False,False,False
2025-05-08 00:00:00+00:00,4.75,4.81,4.59,4.65,549765,,,,,4.725436721017388,5.193708552851024,5.240143975688532,5.188004516345268,5.167738445522471,5.18954993520208,5.279929838271876,5.388548741094375,5.549016191690094,5.944753030966401,6.242201385914691,5.978808027722321,5.94713345781791,5.93336223693653,5.919399951813806,6.101346331153874,6.131488476503738,6.124252019949702,6.122084165168836,6.117965839471628,6.118011497314092,6.172823264875618,6.19993366497811,6.306164460339113,6.396806792510632,6.4115191694114575,6.435747680626602,6.620622601959717,6.863612698069674,6.984288002886757,7.071589173592622,8.001958867118118,8.313185561450712,,,,4.462462945529799,4.465556225412665,5.318984247974067,5.210335067269781,5.1562636564102196,5.179832010496748,5.21092792110428,5.344741356094147,5.3965351084151605,6.0605846032905974,5.929373734186338,5.909733344369732,6.136582524512999,6.127973810327455,6.122657787395914,6.118968554338661,6.117859340694902,6.117905721893041,6.225756978824182,6.450816962807935,6.5734742203097,6.652892925286485,6.718167559667517,7.016542524062872,7.106206253303217,7.413204825860321,8.138610804193801,8.524406339726164,,6.0605846032905974,5.279929838271876,6.101346331153874,6.172823264875618,6.396806792510632,6.863612698069674,8.001958867118118,5.242733493663554,"rgba(239, 83, 80, 0.5)",0.7615284121566205,5.242733493663554,-0.6470323178988828,56.09212164974855,9.707899039513428,True,False,True,False,False,0.7461156316306337,0.0,0.0,0.0,0.0,0,0.9295128527772785,1.0168757864461624,False,False,False,False,0.01594928192232364,-0.015231009416540016,False,False,False,False,48260613,40219088.559414215,False,False,False,False,1375747.9435141976,False,False,False,False
2025-05-09 00:00:00+00:00,4.85,4.9401,4.74,4.77,757577,,,,,4.733995948825073,5.19068584220546,5.238657115700225,5.186788446952607,5.16676201534066,5.188560967432794,5.278801196988705,5.387304923925379,5.547690675460265,5.94309009454539,6.240749426311537,5.977836496173201,5.946207382871176,5.932459353472442,5.918519162665505,6.100415104406785,6.130571823290178,6.123348476169844,6.121185496190269,6.117076335865351,6.1171245196912585,6.171922561035686,6.1990211131754736,6.305205043155098,6.395800320950295,6.410504856225298,6.4347206927533165,6.619513084890915,6.862387824059389,6.983008375046462,7.070273608400907,8.000186673466558,8.311260011613328,,,,4.47457284492187,4.472362813019667,5.317086232288598,5.209005176871139,5.155205433475539,5.178845360016271,5.209918386971706,5.343516820054155,5.395326105400387,6.059510863198274,5.928477426031977,5.908866688825648,6.135657072349569,6.12706327548323,6.121757511624082,6.118075952772644,6.116971572054314,6.1170208342309955,6.22483499894246,6.449782742914494,6.572385239476819,6.651769679788433,6.7170135198239755,7.015249613348836,7.104877960174903,7.411733119476909,8.136771098879453,8.522375878707612,,6.059510863198274,5.278801196988705,6.100415104406785,6.171922561035686,6.395800320950295,6.862387824059389,8.000186673466558,5.24294629133537,"rgba(239, 83, 80, 0.5)",0.7553522953492304,5.24294629133537,-0.5202159227618354,57.830581183079055,9.707899039513428,True,False,True,False,True,1.754483406434467,0.0,0.0,0.0,0.0,0,0.9458354063624923,1.0061898211829436,False,False,False,False,0.1849378481551837,0.08485341936932184,False,False,False,False,49018190,40564151.36100582,False,False,False,False,1351505.9457293272,False,False,False,False
2025-05-12 00:00:00+00:00,5.06,5.145,4.9,4.97,1080174,,,,,4.762224158214066,5.188793888402966,5.23757474634123,5.186028608016677,5.166198902703236,5.1879380099065,5.277905804047377,5.386162597638108,5.5463211922019084,5.941139361306055,6.238967581560472,5.97668763909011,5.945118618878602,5.931400645787786,5.917489197383011,6.099291768961484,6.129461331142009,6.122254929644901,6.120098166841772,6.1160006957445034,6.116051921732956,6.170825359643707,6.197905720662108,6.30401829649434,6.394544385503477,6.409237459744249,6.433434732738341,6.618103924658455,6.860809451409502,6.981349663862796,7.0685617095054845,7.997816449945423,8.308669713465832,,,,4.498875724262531,4.486453617110251,5.315490255343388,5.208110681728297,5.154628563929368,5.17824643321324,5.209236054172699,5.342446175778105,5.394206715526165,6.058223893156881,5.927427244311781,5.907855227900074,6.134535159780944,6.125960715342689,6.120668154658813,6.116996421434706,6.115898042202883,6.115950774926846,6.2237046002543,6.448486059958172,6.571006738135905,6.65033999373321,6.715538557010702,7.0135712256415585,7.103146994325114,7.409793983435216,8.134303970335749,8.519635261227107,,6.058223893156881,5.277905804047377,6.099291768961484,6.170825359643707,6.394544385503477,6.860809451409502,7.997816449945423,5.245347453570131,#000000,0.7499109676879784,5.245347453570131,-0.24715927830948975,61.025239066461296,6.455639503766093,True,False,True,False,True,3.8256568437968,0.0,0.0,0.0,0.0,0,0.9653763221539087,0.9613697951572017,False,False,False,False,0.32875150873577663,0.20680246405254923,False,False,False,False,50098364,40938042.05273108,False,False,False,False,1340865.4772693536,False,False,False,False
2025-05-13 00:00:00+00:00,5.16,5.25,5.05,5.08,835228,,,,,4.788667559696358,5.188463780131789,5.2372299744905995,5.1859025410376045,5.166156527422703,5.187829800865422,5.277553043773612,5.385580316309338,5.545511172311452,5.939832953434526,6.237728466363428,5.975912608739748,5.944387758851391,5.930691568122075,5.916801007012724,6.098521184815206,6.128696875163294,6.121502732001488,6.119350422309875,6.115261323776442,6.115314632853646,6.170066653069921,6.1971323368616735,6.30318760777039,6.393659229026678,6.408343312847192,6.432526005866691,6.617097347802865,6.859669845141241,6.980146885786041,7.067316894429116,7.9960594020435405,8.306741909080706,,,,4.520108549734814,4.499122445033462,5.314783944712857,5.20789380882697,5.154623775386862,5.178166482743724,5.209067942808631,5.3419400774568775,5.3936294922959735,6.057345806014988,5.926724347913803,5.907180546737485,6.133762417818369,6.125202009557343,6.119918969394799,6.116254294307449,6.115160126976613,6.1152152366059465,6.222918873115614,6.447568850154699,6.570024513095998,6.649317099496831,6.714480018590488,7.012352888072344,7.101887003283422,7.408371349861237,8.132471723263494,8.51759093485051,,6.057345806014988,5.277553043773612,6.098521184815206,6.170066653069921,6.393659229026678,6.859669845141241,7.9960594020435405,5.2479896327418505,#000000,0.7447512009729235,5.2479896327418505,-0.1181463455539286,63.98444602791266,9.204909514235041,True,False,True,False,True,4.790344875665042,0.0,0.0,0.0,0.0,0,0.9884385748105355,0.9594047317719577,False,False,False,False,0.3428281902892004,0.2748153271708748,False,False,False,False,50933592,41330024.40360437,False,False,False,False,1321036.556592124,False,False,False,False
2025-05-14 00:00:00+00:00,5.04,5.19,5.0019,5.17,599812,,,,,4.802033008769784,5.187725552051073,5.236761299734687,5.185602648583432,5.165946847438182,5.187582147591444,5.277146633633787,5.385027638652273,5.544819140512341,5.9388069982188085,6.236778078689315,5.975305563467349,5.94381336186564,5.930133418094357,5.916258410275098,6.097924116607792,6.128105887637099,6.120920901873134,6.118771940003724,6.114689136055578,6.1147440573551135,6.169481798520978,6.196537238457153,6.302552397453207,6.392985420372509,6.407663119017308,6.431835464844002,6.616337832149189,6.858815958904559,6.979248186867563,7.066388465902479,7.99476521802231,8.305325579350434,,,,4.532794946459926,4.506904161140093,5.314043405183752,5.207523551276498,5.15441902351592,5.177934556181837,5.208783989388623,5.341432449259514,5.393086044254277,6.056663317262723,5.926170807454213,5.906647980495018,6.133165252260402,6.124615311754566,6.119339398390754,6.115680019836192,6.114589060798018,6.114646009826458,6.222315259967581,6.446872315421982,6.569282163382155,6.648546087184882,6.713683742269873,7.011443188736387,7.100947886934023,7.407316393801376,8.131123752688712,8.5160912048519,,6.056663317262723,5.277146633633787,6.097924116607792,6.169481798520978,6.392985420372509,6.858815958904559,7.99476521802231,5.249257606026779,#000000,0.735748543266094,5.249257606026779,-0.2844145706328609,63.82361736742307,9.204909514235041,True,False,True,False,True,3.487717229487341,0.0,0.0,0.0,0.0,0,0.9963801446446333,0.933788058964751,False,False,False,False,0.30854651579139275,0.2916809214811338,False,False,False,False,50333780,41683112.85836499,False,False,False,False,1292753.2406473348,False,False,False,False
2025-05-15 00:00:00+00:00,4.96,5.04,4.84,5.0,665036,,,,,4.809096086538732,5.185963598763623,5.235821787183001,5.184873343087514,5.165374628486029,5.186985137265445,5.276404666934202,5.384158026505094,5.543840518305049,5.9375002755003,6.235607648651843,5.9745356953071616,5.943081516556221,5.929420766153143,5.915564083744547,6.097178311840452,6.1273700492417,6.120195906389387,6.1180509475105485,6.113975670185218,6.114032603618726,6.168756605505781,6.195801243198061,6.30177387606298,6.392165050358784,6.406835798740368,6.430996896826886,6.615425198103307,6.857800824919429,6.97818438439647,7.065292553120624,7.993267454353087,8.303693197815745,,,,4.542985604434016,4.513370067930685,5.3127776295525955,5.206706121249371,5.153810863861829,5.177346467007358,5.208159210059305,5.340594655796628,5.392237323286998,6.055806939061951,5.925463599283842,5.905965418764423,6.132422120478682,6.123884541869711,6.118617093967674,6.114964030638322,6.113876984163312,6.1139362284466,6.221570483479372,6.446027283536059,6.568387962475911,6.647621119123547,6.712731376049432,7.010367511977112,7.099840518705136,7.406082321107902,8.12956671977598,8.514366811821755,,6.055806939061951,5.276404666934202,6.097178311840452,6.168756605505781,6.392165050358784,6.857800824919429,7.993267454353087,5.24968068301998,#000000,0.726456492871594,5.24968068301998,-0.39875847468154274,62.38444854309107,9.204909514235041,True,False,True,False,True,2.6256171597683036,0.0,0.0,0.0,0.0,0,0.9824341949705203,0.9614589610013197,False,False,False,False,0.21317129765467815,0.25242610956790595,False,False,False,False,49668744,41996274.86391931,False,False,False,False,1268136.8782690081,False,False,False,False
2025-05-16 00:00:00+00:00,5.13,5.21,4.9411,4.99,1743788,,,,,4.84140232509878,5.18422857487325,5.234625047719994,5.1841494368365515,5.164887531636115,5.1863829032338025,5.275335394706915,5.382654979961045,5.541917689209422,5.934596244290898,6.232897670064606,5.972810471674372,5.941450055933924,5.9278358616011095,5.914023771819122,6.095476654398098,6.125684688613865,6.1185367917188,6.1164014126115545,6.1123441478285665,6.112405660776562,6.167087445965234,6.194102178388782,6.299957791277476,6.39023673032134,6.404888922665196,6.429019943835094,6.61324734549439,6.855348548792796,6.975601776327336,7.062623393939962,7.989536354837336,8.2996076029152,,,,4.576385105971769,4.534913059828219,5.310816141273889,5.205785152486931,5.153352983157458,5.1767924311882565,5.207448284197825,5.339228350847329,5.390756478803326,6.053864541481636,5.923891905205134,5.904453888924412,6.130719045092967,6.122211480168429,6.116964447870202,6.113326548157308,6.112248651789802,6.112313121129239,6.219846479292155,6.444032886250925,6.566260112287707,6.645409771725323,6.710446547019464,7.00775287624136,7.097140202781503,7.403045435901539,8.125679517104183,8.51003920727515,,6.053864541481636,5.275335394706915,6.095476654398098,6.167087445965234,6.39023673032134,6.855348548792796,7.989536354837336,5.25292778926932,#000000,0.7164638954705069,5.25292778926932,-0.17157569285273247,63.15579730301495,9.204909514235041,True,False,True,False,True,4.309265304816783,0.0,0.0,0.0,0.0,1,0.9769363741129373,0.9419770121914237,False,False,False,False,0.2957920838115848,0.27410909668974537,False,False,False,False,51412532,42365539.84964797,False,False,False,False,1286789.8634349294,False,False,False,False
2025-05-19 00:00:00+00:00,5.02,5.049,4.93,4.95,657779,,,,,4.847900721197418,5.182928603881242,5.233881105960536,5.183598555830733,5.164465068143867,5.185929311716683,5.2747281625448155,5.381908850857059,5.541045360716479,5.9333840746805455,6.231794666226182,5.97209202739835,5.940768193777625,5.927172355652793,5.913377814357671,6.094776154610109,6.124992577935751,6.117855049048916,6.115723481822842,6.111673384626444,6.111736779529768,6.166404123062391,6.193407977771186,6.2992208661867535,6.389458183339493,6.404103475114577,6.4282233218383675,6.612376713017676,6.854376007285225,6.974580835654716,7.061570433591806,7.9880858090390445,8.298024040376283,,,,4.5858519624787135,4.541331078068195,5.309768822739197,5.205153449190945,5.15291265666926,5.176350988249996,5.206962603685246,5.338520999289108,5.390026077078285,6.053062323071823,5.923233606797131,5.903819220643195,6.130019951998503,6.12152422033137,6.116285271910218,6.112653393382394,6.111579192029032,6.111645808329894,6.219143343989441,6.443229818896624,6.565407901119219,6.6445268071058825,6.709536324097736,7.00672009185492,7.096075776508473,7.401855394201199,8.124170403788085,8.508364769103604,,6.053062323071823,5.2747281625448155,6.094776154610109,6.166404123062391,6.389458183339493,6.854376007285225,7.9880858090390445,5.253422155960226,#000000,0.7076825330378216,5.253422155960226,-0.3298402109180657,61.86636572112188,9.204909514235041,True,False,True,False,False,3.1095225550921306,0.0,0.0,0.0,0.0,1,0.9828164864536507,0.9377126108613776,False,False,False,False,0.2429557885147212,0.2585324426022333,False,False,False,False,50754753,42694528.60064217,False,False,False,False,1262122.7707512067,False,False,False,False
2025-05-20 00:00:00+00:00,5.34,5.35,5.02,5.02,1365713,,,,,4.878440108758795,5.183703150985077,5.23389929854373,5.183925543069512,5.164846354286963,5.1861839390898306,5.27455488158418,5.381323727365755,5.540032090684593,5.931513594661275,6.229950138289118,5.970966466711449,5.939711356963935,5.926149014919082,5.912386675977766,6.093638739843276,6.123860365043368,6.116741677989444,6.114616897111836,6.1105795604536,6.110646001666384,6.165275598921011,6.192254863081811,6.2979720384184015,6.388119685693318,6.4027502150134525,6.4268460978073,6.610837267687372,6.852617629310907,6.972718448610856,7.059638548425158,7.9853170947993215,8.294976917047324,,,,4.614732184013552,4.560712032787379,5.309261487772462,5.205352706213918,5.153407934447329,5.176661487824711,5.207106065479043,5.3380823663257,5.389433705263483,6.051774473968441,5.922219775894425,5.902848994701558,6.128874971748217,6.120400861830261,6.1151765070879955,6.111555412887411,6.110487514689213,6.1105576077748225,6.217969264623216,6.44183857558869,6.563908835902862,6.642960284370392,6.707911082608365,7.004831971762648,7.094118662464579,7.399631731540559,8.121279071552385,8.505127799127644,,6.051774473968441,5.27455488158418,6.093638739843276,6.165275598921011,6.388119685693318,6.852617629310907,7.9853170947993215,5.25715613987232,#000000,0.6969560134498763,5.25715613987232,0.11886526341541884,63.871893153148896,9.20884633546158,True,False,True,False,False,6.199035037847757,0.0,0.0,0.0,0.0,0,1.0196858814722012,0.9044123264021511,False,False,False,False,0.3428281921752648,0.300680317388749,False,False,False,False,52120466,43064173.204538554,False,False,False,False,1266185.1326825318,False,False,False,False
2025-05-21 00:00:00+00:00,5.22,5.7198,5.19,5.28,1743508,,,,,4.923844736287332,5.187188424338273,5.235079255992547,5.185429318434779,5.166264371666245,5.187396132108358,5.275144545964116,5.3812995573896245,5.539340465175263,5.929618197025661,6.227935618229411,5.969807418800641,5.938634395800263,5.925111240328054,5.911386731037871,6.092427447404494,6.122646456023372,6.115549748479653,6.11343276229909,6.109410082426465,6.109479754262506,6.164055370947958,6.19100177617822,6.2965916546505305,6.386622545709345,6.4012339289997575,6.4252986887966195,6.609076587242295,6.850572289075275,6.97053784111843,7.057367045159222,7.981970097936297,8.291273263286204,,,,4.655578765879415,4.5887463985074755,5.309852861143827,5.20672395899999,5.15508025748342,5.177966897776126,5.208144716227557,5.3382929694200305,5.389370730838749,6.050417501355864,5.921193133250498,5.901873785124556,6.1276461019967945,6.1191973152882495,6.113989900601448,6.1103812503735355,6.109320349259416,6.1093941309785995,6.216687629806435,6.440272814158413,6.562201247238572,6.6411639693822195,6.706038304715874,7.002617689373504,7.091813911685117,7.3969827964954025,8.117774969855855,8.501181211345406,,6.050417501355864,5.275144545964116,6.092427447404494,6.164055370947958,6.386622545709345,6.850572289075275,7.981970097936297,5.2634149089444096,#000000,0.6794039319152944,5.2634149089444096,-0.06390146848579413,63.39615760639675,9.20884633546158,True,False,True,False,False,4.885350990571968,0.0,0.0,0.0,0.0,0,1.0363605249843753,0.8633894824558792,False,False,False,False,0.3428282036819498,0.3217542605353494,False,False,False,False,50376958,43350949.07887038,False,False,False,False,1284903.6764989032,False,False,False,False
2025-05-22 00:00:00+00:00,5.49,5.49,5.09,5.2,827638,,,,,4.941794634738,5.188629653838615,5.235554639368261,5.186061392184567,5.166867710050823,5.187906115010587,5.275367551148153,5.381239871773514,5.538974234395479,5.928690714502288,6.226960344244597,5.969240368068597,5.938106525734929,5.924602129814811,5.910895721480916,6.091837909986259,6.122056236992316,6.114970059306794,6.112856815541722,6.108841172923613,6.10891241396525,6.163462823855353,6.190393759973551,6.295923671148917,6.385899412771878,6.400501747830549,6.424551801515075,6.608229065457622,6.8495902515702785,6.9694918784979905,7.056278151578383,7.980372160086281,8.2895064371586,,,,4.672978813386266,4.601070811732177,5.31004720997546,5.207291749291096,5.155794716292338,5.178519034958164,5.208575501656331,5.338340534959966,5.389294729731596,6.049756258606445,5.9206893517139925,5.901394600578741,6.127048720349018,6.118612058395715,6.113412764957388,6.109810085642964,6.108752560438408,6.108828133744471,6.216066204053105,6.43951726326432,6.561378778654603,6.640299633481041,6.705137843788281,7.00155582306016,7.090709327650743,7.395715399428303,8.11610264004777,8.499299331690263,,6.049756258606445,5.275367551148153,6.091837909986259,6.163462823855353,6.385899412771878,6.8495902515702785,7.980372160086281,5.265997998161915,#000000,0.6690039456374964,5.265997998161915,0.3348291191685461,65.15041566614403,10.63379286478861,True,False,True,False,True,7.396462074527346,0.0,0.0,0.0,0.0,0,1.0257525627012496,0.8939248471241618,False,False,False,False,0.2612357612684871,0.2914950109019182,False,False,False,False,51204596,43658935.23264017,False,False,False,False,1266971.6891852207,False,False,False,False
2025-05-23 00:00:00+00:00,5.5,5.515,5.33,5.35,853936,,,,,4.962579805734787,5.190888508342969,5.236409548551474,5.18705646559561,5.167784946813669,5.1887131597048395,5.275854362327369,5.38140718682873,5.538787127294527,5.927889751493829,6.226062114416031,5.968743784159591,5.937648592892917,5.92416242640586,5.910473660855057,6.09130634986904,6.12152103592331,6.114445067769718,6.11233541076065,6.108326512740295,6.1083991643610585,6.162921719466845,6.18983622465551,6.295302623239175,6.385220722200613,6.399813623614913,6.423848331272353,6.607419773738635,6.848640493216559,6.9684753574741745,7.055216634790008,7.978783017068555,8.287742606772255,,,,4.692337777055518,4.614872124962664,5.310637024125554,5.208229842490292,5.156860572994595,5.179376448955318,5.209290870983651,5.338633547733962,5.389435950668547,6.04916538390475,5.920254828884691,5.900984122973247,6.126506551429396,6.118081680051162,6.112890232000165,6.109293295149417,6.1082389210115675,6.108316105349274,6.215494262583595,6.438804707115375,6.560595832598695,6.639472650035804,6.704273100883254,7.000522627528477,7.089631287949155,7.394468093332591,8.114436542800682,8.49741658270738,,6.04916538390475,5.275854362327369,6.09130634986904,6.162921719466845,6.385220722200613,6.848640493216559,7.978783017068555,5.269155356853696,#000000,0.6704476990163931,5.269155356853696,0.3443141701954879,66.38987632903954,11.929158932554678,True,False,True,False,True,7.487841687246828,0.0,0.0,0.0,0.0,0,1.0487009626332677,0.880129238321972,False,False,False,False,0.32647779475991306,0.3089864028309156,False,False,False,False,52058532,43988331.18430134,False,False,False,False,1250774.2111779572,False,False,False,False
2025-05-27 00:00:00+00:00,5.47,5.72,5.41,5.69,846599,,,,,4.984891076617354,5.193816192943018,5.237587595952451,5.18835408904777,5.168962153013603,5.189768693401536,5.276570809892918,5.381781872751485,5.5387759887275285,5.9272385847837326,6.2252707486648475,5.968332659588926,5.937274157445322,5.923805030402172,5.910132807762453,6.090849776204535,6.12105816262618,6.113991715082363,6.1118853620455535,6.107882676914573,6.107956535841102,6.162449787016835,6.189347573638251,6.294749510533123,6.384609790050725,6.399193250263443,6.423212587342482,6.606677306156036,6.847757244059875,6.967525186928904,7.054221217098722,7.977262351755831,8.286048375047459,,,,4.712652390321851,4.629468940604987,5.31157473613775,5.209479398195257,5.158215561729623,5.180488084208197,5.2102465874820965,5.339146402892095,5.389776389932464,6.0486634421055205,5.9199022774105945,5.900654186334772,6.126037157919519,6.117623315295225,6.112439155159647,6.10884752765284,6.107795972892515,6.107874536680291,6.214990808252624,6.438159821671762,6.559879936422977,6.638712329929364,6.703474903842167,6.999555683996111,7.088619184706904,7.393287021158956,8.11283940989023,8.495604273651653,,6.0486634421055205,5.276570809892918,6.090849776204535,6.162449787016835,6.384609790050725,6.847757244059875,7.977262351755831,5.272703314865028,#000000,0.6548635577572922,5.272703314865028,0.3012790722553756,66.71987586086856,12.394390517793745,True,False,True,False,True,7.147925639272703,0.0,0.0,0.0,0.0,0,1.0518229814118782,0.8679161121429722,False,False,False,False,0.3428282072397533,0.3259073050353345,False,False,False,False,51211933,44271609.68687776,False,False,False,False,1234924.2028964688,False,False,False,False
2025-05-28 00:00:00+00:00,5.52,5.56,5.3697,5.51,638192,,,,,4.9991558281382,5.1956694752816395,5.238320089246987,5.189184738758685,5.169723237386869,5.190444712870262,5.277003391421161,5.381970133640364,5.538690607436318,5.926686882454886,6.224632279998718,5.967987619270181,5.936957403343442,5.9235015338718435,5.909842159516771,6.090475206217325,6.120680013017783,6.1136209849798675,6.111517225498663,6.107519417464875,6.1075942668548855,6.162066203796814,6.188951599222164,6.294305687976819,6.3841227598579735,6.3986991555745485,6.422706996500857,6.606092196805425,6.847066859588826,6.966784758830171,7.053447011399403,7.976093803951259,8.284749369351871,,,,4.726433041926276,4.639576280041445,5.312117885511135,5.210270279776396,5.159095001544687,5.181203133403247,5.2108521762683635,5.339431942228978,5.389942768765606,6.048248985444732,5.9196025493613,5.900371991482833,6.125653937526124,6.117248674052553,6.112070206400346,6.108482737593213,6.107433434694599,6.107513129893785,6.214583922521617,6.437647410853088,6.559314625607935,6.638113922009599,6.702848186276724,6.998802737013322,7.087832551545939,7.392373728243788,8.1116133901695,8.494216483525403,,6.048248985444732,5.277003391421161,6.090475206217325,6.162066203796814,6.3841227598579735,6.847066859588826,7.976093803951259,5.275020194305012,#000000,0.645286702115569,5.275020194305012,0.37964490030837905,67.35442286021474,13.190122119370137,True,False,True,False,True,7.620134942697259,0.0,0.0,0.0,0.0,0,1.0528791302619667,0.8861817940923178,False,False,False,False,0.29627352452641775,0.3110904147808761,False,False,False,False,51850125,44568806.36582373,False,False,False,False,1211522.9400377837,False,False,False,False
2025-05-29 00:00:00+00:00,5.52,5.61,5.47,5.59,385814,,,,,5.008242350173851,5.196971593920454,5.238850949693207,5.189769808166926,5.170254801246688,5.1909215595247185,5.277327345157646,5.382139747678826,5.538685633466275,5.92639162538867,6.224272878022467,5.967800799401321,5.936787247094119,5.9233391156283615,5.909687254615898,6.090267650804157,6.120469573282054,6.113414869556756,6.1113126104800815,6.1073176239216345,6.107393020882759,6.161851620482974,6.188729410187872,6.294054172838656,6.38384494430903,6.398417045575965,6.422417894813879,6.605754538342112,6.84666515114852,6.966352601141138,7.0529942630731846,7.975402085285559,8.283978682692208,,,,4.735063381771485,4.645927363007356,5.312540229051603,5.210833537507716,5.159706174431734,5.181705208657525,5.211284078242473,5.339663964098718,5.3900969269351275,6.048020914212473,5.919442331241537,5.900222045124659,6.12544053619137,6.1170402821884045,6.111865124573243,6.108280067046127,6.107232043885927,6.107312364743046,6.214354997719642,6.437354150462616,6.558989057125953,6.637768140322227,6.702485172092364,6.9983629464655,7.087372208777645,7.391836505429364,8.110886881025815,8.493392075329853,,6.048020914212473,5.277327345157646,6.090267650804157,6.161851620482974,6.38384494430903,6.84666515114852,7.975402085285559,5.276532457807173,#000000,0.6171918168106234,5.276532457807173,0.39447629660898614,67.77745419311219,13.805509613320574,True,False,True,False,True,7.620134942697259,0.0,0.0,0.0,0.0,0,1.0586583301923744,0.877576510062154,False,False,False,False,0.33107948058543885,0.3210849476831575,False,False,False,False,51850125,44854348.27304633,False,False,False,False,1179142.197291204,False,False,False,False
2025-05-30 00:00:00+00:00,5.3,5.52,5.26,5.46,641332,,,,,5.017915120899932,5.198009980727345,5.239212248625502,5.190249516582347,5.170714783563446,5.191311515904997,5.277500661313928,5.382098584313365,5.538410284081907,5.925685799747584,6.2235266093380535,5.9673668539792315,5.936383334691172,5.922949570875858,5.909311578420348,6.089815704960468,6.120016924432933,6.112970289549339,6.110870895917369,6.1068812978989655,6.106957890938494,6.161396965031838,6.18826281026197,6.293541271656651,6.383289503337924,6.397854626305242,6.421844132446123,6.605103081329604,6.8459098831697585,6.965547987332909,7.0521564903080804,7.974171568263491,8.28261786940856,,,,4.74598018146189,4.654263708061954,5.312690371974349,5.211264598916701,5.160248438616392,5.182126789642701,5.211614430622828,5.339704333864968,5.390043236414807,6.047514715144913,5.9190568684631835,5.899855433258532,6.124982397827129,6.116591436329234,6.111422500381098,6.107842015967281,6.106796572858733,6.106878259363962,6.213878032485842,6.436773702241533,6.558356945122957,6.637103698372152,6.70179284989903,6.997546048932974,7.086522308563557,7.390860952723392,8.10959897172576,8.491942503502223,,6.047514715144913,5.277500661313928,6.089815704960468,6.161396965031838,6.383289503337924,6.8459098831697585,7.974171568263491,5.27812855973375,#000000,0.5918105750626769,5.27812855973375,0.03695682569364996,64.19987760172899,13.805509613320574,True,False,True,False,False,5.067275032918829,0.0,0.0,0.0,0.0,0,1.0430937932347062,0.8802201904706132,False,False,False,False,0.26228666789357274,0.2916858077883651,False,False,False,False,51208793,45103542.18390726,False,False,False,False,1158051.601319,False,False,False,False
2025-06-02 00:00:00+00:00,5.21,5.375,5.1501,5.31,585628,,,,,5.023478360540859,5.198281893614756,5.239228057772091,5.190390126466575,5.170878935562498,5.191424418451264,5.277438626990643,5.381866274373497,5.537998045430328,5.924912138162537,6.222755707981211,5.966896237109012,5.935941529507181,5.922521783199593,5.908897277388817,6.089338568352305,6.119541608443124,6.112502867822309,6.110406312940117,6.106422053366816,6.106499910120731,6.1609227554146715,6.187778119239156,6.293015793615939,6.382725907771704,6.397284757923961,6.421264078837264,6.604453929846187,6.845167576687276,6.9647614029793266,7.051340281594415,7.972999569714865,8.281327520647896,,,,4.753815779870193,4.66049510097347,5.3124954870017564,5.211353473413153,5.160457526291282,5.182262321195065,5.211682081127489,5.339533033106257,5.389807403094866,6.04697594699302,5.918633061635901,5.899449899117543,6.124501730763661,6.116119831287805,6.110957006750848,6.107381036149927,6.106338220350339,6.10642134927518,6.213384381384956,6.436187682887635,6.557724998396796,6.636443006551806,6.701107170537643,6.996748495334456,7.085695328616218,7.389920568430583,8.108374849959286,8.490571461885176,,6.04697594699302,5.277438626990643,6.089338568352305,6.1609227554146715,6.382725907771704,6.845167576687276,7.972999569714865,5.2790277395709895,#000000,0.5672971558736416,5.2790277395709895,-0.12167827540874289,60.472946252676216,14.735501519896232,True,False,True,False,False,4.047688684196199,0.0,0.0,0.0,0.0,0,1.0340108216250625,0.9316979645038572,False,False,False,False,0.20570868749336388,0.24869724764086448,False,False,False,False,50623165,45319997.98061678,False,False,False,False,1135603.616953549,False,False,False,False
2025-06-03 00:00:00+00:00,5.37,5.41,5.165,5.26,466876,,,,,5.029062126490189,5.19881748881636,5.239391759534505,5.190644579715652,5.17113226873449,5.191631117456889,5.277495754547269,5.381776046474261,5.537748518594598,5.924359959982422,6.222185915151698,5.96655781214238,5.935625343925201,5.922216308408503,5.9086021285011245,6.088990060156341,6.119193333122625,6.1121606156091115,6.110066210394134,6.106085993426838,6.106164771335686,6.160573909370012,6.18742072026666,6.292625191178313,6.382304603702471,6.396858411412138,6.420829539206317,6.60396346803427,6.84460214048713,6.964160326792845,7.050715293589446,7.972089892108773,8.280323296866609,,,,4.760753362202122,4.665952966908165,5.3125012251558825,5.211570486820331,5.160760764922134,5.182489921697032,5.211848550333033,5.339497694676053,5.389710537604704,6.046584375480873,5.918330629471439,5.89916148485706,6.124149363751754,6.115774391795485,6.110616218923864,6.107043674081538,6.106002815457471,6.1060869960010145,6.213019601002049,6.4357483253076895,6.557248461096918,6.635943200394581,6.70058723822971,6.996138562620088,7.085061613661408,7.3891958988635285,8.107423529476913,8.489502810801998,,6.046584375480873,5.277495754547269,6.088990060156341,6.160573909370012,6.382304603702471,6.84460214048713,7.972089892108773,5.279966552290889,#000000,0.5310171524682382,5.279966552290889,0.16954903865275026,59.887418997519845,14.24452483836771,True,False,True,False,False,5.649711271057953,0.0,0.0,0.0,0.0,0,1.0305557650252621,0.8954603725209261,False,False,False,False,0.2166721169541331,0.23268468229749878,False,False,False,False,51090041,45546274.177455336,False,False,False,False,1109379.0045239981,False,False,False,False
2025-06-04 00:00:00+00:00,5.57,5.5885,5.4,5.41,625328,,,,,5.04132933269713,5.200776419038938,5.2401999658695395,5.191541555439657,5.171950521660235,5.1923640101233275,5.277987737102264,5.382024511529584,5.5377212099753965,5.923869620560244,6.221595645307523,5.9662471759441855,5.935341731174988,5.921945272596482,5.9083433007949075,6.0886469663674,6.118845830564864,6.11182014718335,6.109728186717588,6.10575256725896,6.105832246623086,6.160220011694589,6.187054584160715,6.292211845903582,6.381848855263057,6.396395737026851,6.420355589690468,6.603411264192679,6.843946621312635,6.963455684713849,7.049977440160479,7.97096615473528,8.279072002593681,,,,4.773112085928571,4.675380975642523,5.313134500148913,5.212431625761263,5.161701098612215,5.183262125532256,5.212511052530407,5.339844306456875,5.38993524517573,6.046206986093886,5.91806316971232,5.89891070921383,6.1237970462162705,6.115430219238136,6.1102774335232635,6.106708815779659,6.105670050793239,6.105755261303889,6.212642638437872,6.435267672548489,6.55671574319547,6.635377904060518,6.699994148833583,6.995421609931775,7.084311514856287,7.388321694961804,8.106243596504587,8.488164732528864,,6.046206986093886,5.277987737102264,6.0886469663674,6.160220011694589,6.381848855263057,6.843946621312635,7.97096615473528,5.282133677254629,"rgba(38, 166, 154, 0.5)",0.5091409918174038,5.282133677254629,0.5653960835442027,61.46373140529326,14.24452483836771,True,False,True,False,False,7.591059856642985,0.0,0.0,0.0,0.0,0,1.0406483884313062,0.8891646921659332,False,False,False,False,0.3098030586857977,0.2712438704916482,False,False,False,False,51715369,45788199.464613944,False,False,False,False,1090396.6121897239,False,False,False,False
2025-06-05 00:00:00+00:00,5.41,5.62,5.36,5.57,573803,,,,,5.050797763393468,5.202239925140545,5.240789172340733,5.192220104624694,5.172577183853939,5.192918668217786,5.278332844710173,5.382158890123877,5.537619202200652,5.92335837635682,6.221011623410433,5.965926726082776,5.935046722540799,5.921662224893524,5.90807184017914,6.088301473150698,6.118497466108296,6.111478484151628,6.1093888715141915,6.1054176673685,6.1054982551074986,6.159867180664696,6.18669073153885,6.2918054063502105,6.381403871948562,6.395944448867253,6.419894042664303,6.602878823667705,6.843320200848583,6.962784580266489,7.049276184605339,7.969912310987992,8.277901459114075,,,,4.783276376483186,4.6832871749933975,5.313554963939446,5.213073821538341,5.162424855120304,5.1838497505898,5.2130056957920345,5.340062118489381,5.390051665433441,6.045824290319519,5.917783522063344,5.898646866005901,6.123444104967523,6.115085022101125,6.109937381651387,6.106372526286373,6.105335810545292,6.105422058651079,6.212269096823168,6.434800043901499,6.556200956052108,6.634833605896672,6.699424583361561,6.994739331606623,7.083599171260862,7.387496154197452,8.105138343773174,8.486914757703364,,6.045824290319519,5.278332844710173,6.088301473150698,6.159867180664696,6.381403871948562,6.843320200848583,7.969912310987992,5.283830508837623,#000000,0.49331291350408707,5.283830508837623,0.25575955485570745,60.10841580072571,14.24452483836771,True,False,True,False,False,5.745876558434144,0.0,0.0,0.0,0.0,1,1.0430563251613674,0.8861740523864435,False,False,False,False,0.3078405560081143,0.2895422132498813,False,False,False,False,51141566,45998135.407178104,False,False,False,False,1070138.0391626759,False,False,False,False
2025-06-06 00:00:00+00:00,5.72,5.75,5.42,5.42,994483,,,,,5.072477710610462,5.2063328186971765,5.242562297605043,5.194106185338242,5.174275842697804,5.194463794716263,5.27946404467239,5.382866767649656,5.537838238668082,5.922795046440584,6.220223741944745,5.965556159491462,5.934716645187214,5.9213505766316885,5.907778163309442,6.087863031548376,6.1180479451969365,6.111039234031545,6.1089531259343985,6.104988512418959,6.105070243630109,6.159402638370833,6.186206085721467,6.291243452025799,6.380773494442742,6.395302927431854,6.419234360939115,6.602091998068217,6.842366828652467,6.961752005890538,7.048189844753102,7.968209249999229,8.275995038262597,,,,4.804349056734912,4.699469208605487,5.31508285677498,5.21491516685837,5.164361269841012,5.1854662336084605,5.214426089723909,5.340945742318453,5.390709480551122,6.045351651126092,5.917477117272067,5.8983651307224,6.122987517561328,6.114640381408759,6.109500562085613,6.105941367942126,6.104907518911139,6.104995074505737,6.211766452144919,6.434129503843371,6.555445792286429,6.634025493012708,6.6985716183090425,6.993686819797432,7.08249290180297,7.386190835164726,8.103345681217721,8.484870098203292,,6.045351651126092,5.27946404467239,6.087863031548376,6.159402638370833,6.380773494442742,6.842366828652467,7.968209249999229,5.287856579702858,"rgba(38, 166, 154, 0.5)",0.4914560550581449,5.287856579702858,0.8793124346509769,61.93574518115106,14.24452483836771,True,False,True,False,False,8.675398534022452,0.0,0.0,0.0,0.0,1,1.0545066223692212,0.8694807409934295,False,False,False,False,0.3428282078331576,0.31618521054151943,False,False,False,False,52136049,46238837.90101426,False,False,False,False,1067171.1748817866,False,False,False,False
2025-06-09 00:00:00+00:00,5.82,5.9,5.69,5.78,788018,,,,,5.093530257414578,5.2108250632813995,5.244579334872574,5.196178913728246,5.176121458871437,5.196164581879094,5.280795920504917,5.383816220133017,5.538336107363712,5.922613548579788,6.21978382871878,5.965414484566185,5.934604092430546,5.921250737404979,5.9076908309562715,6.087647506482154,6.117818633235891,6.110816956396048,6.108733161429914,6.1047728979818405,6.1048551814479755,6.159155448909465,6.185942146323424,6.2909153890686405,6.380389889289631,6.394910315096231,6.418827048182908,6.601580438917497,6.841720304046632,6.961041284847128,7.047435285164728,7.966961429818167,8.274585188799772,,,,4.8236684906860985,4.71422038090123,5.316943733744893,5.216967196985866,5.166451262476081,5.187235033858159,5.216011325024374,5.342059677406697,5.391603890885433,6.045133872167814,5.917380899693023,5.898286225375694,6.12275331759858,6.114414435883748,6.1092799131271605,6.105724498699971,6.104692358664184,6.1047805472538155,6.211487261987817,6.433713326980564,6.554960194179722,6.633496463263062,6.698006181461965,6.992959832749929,7.081721966505401,7.385259840130538,8.102026456317876,8.483350250673407,,6.045133872167814,5.280795920504917,6.087647506482154,6.159155448909465,6.380389889289631,6.841720304046632,7.966961429818167,5.291895311365819,"rgba(38, 166, 154, 1.0)",0.4902973265965548,5.291895311365819,1.0771110915494282,63.88664113228284,14.24452483836771,True,False,True,False,True,9.586218640080507,0.0,0.0,0.0,0.0,0,1.0687732062594892,0.8767343625512979,False,False,False,False,0.3428282132677514,0.32950671190463543,False,False,False,False,52924067,46501003.748033315,False,False,False,False,1056223.991553089,False,False,False,False
2025-06-10 00:00:00+00:00,5.95,5.99,5.75,5.82,778467,,,,,5.115752128631985,5.215885642173181,5.246888195595305,5.198525359663934,5.178203836183631,5.198092295163101,5.282338846343029,5.384957701593548,5.538998693647795,5.92257466370719,6.219447350681029,5.965355223495984,5.934572013456164,5.921230209207703,5.907681732255725,6.087504702870241,6.117659561807108,6.110664244499485,6.108582487339746,6.1046260561971835,6.104708697255102,6.158975556643134,6.185745280741574,6.290653689289179,6.380072645204771,6.394584083570107,6.418486136855546,6.6011347358145045,6.841139741305275,6.9603965679363355,7.046746622798128,7.965783259631303,8.273246546556727,,,,4.843783489026076,4.72962676394132,5.319118273912052,5.219300789615585,5.168803151928846,5.189235687292599,5.217816522934826,5.343376449985599,5.392683093352341,6.04500201115962,5.917363664601841,5.898284898035719,6.122589797479352,6.114258422700794,6.10912865159944,6.105576594449407,6.1045458433813105,6.104634443170437,6.211274813723847,6.433363525207462,6.554540588901356,6.633033189090898,6.6975064977486785,6.992298805204301,7.081016823182732,7.384395403092225,8.100777560582378,8.481902744103508,,6.04500201115962,5.282338846343029,6.087504702870241,6.158975556643134,6.380072645204771,6.841139741305275,7.965783259631303,5.2962704467686486,"rgba(38, 166, 154, 1.0)",0.4921659886254033,5.2962704467686486,1.328270478537511,66.0859451863619,11.367750012861315,True,False,True,False,True,10.756537427371516,0.0,0.0,0.0,0.0,0,1.0765194578049848,0.8582693786469251,False,False,False,False,0.34282821491365695,0.33616746340914616,False,False,False,False,53702534,46783416.69909084,False,False,False,False,1045331.5605117915,False,False,False,False
2025-06-11 00:00:00+00:00,6.04,6.2499,5.94,5.96,1378826,,,,6.076633333333334,5.160642352014238,5.226989718255093,5.252059389665062,5.203704505005413,5.182779288734939,5.202353698359379,5.2858478467881636,5.3876737725563,5.540753766098025,5.922982512936091,6.219184422888619,5.965524863001488,5.934784459068833,5.921459709991924,5.907928353709755,6.087490323889221,6.117607360751302,6.110621315689903,6.108542331478447,6.104591115100074,6.104673752037686,6.158875725341101,6.185613916683033,6.290402357690243,6.379720571570624,6.394215776632647,6.4180912760828175,6.600548004214519,6.840308799138182,6.959449428212564,7.045719434738071,7.96388098158787,8.271058494816824,,,,4.883403481107296,4.760011097307495,5.324117832484701,5.224482745582468,5.173952702115973,5.193646158258085,5.221831952727903,5.3464470860167905,5.395261852473985,6.045051692100315,5.917598037562258,5.898543417985368,6.1225310003473865,6.114210735306735,6.109087755555158,6.105540371228732,6.1045110663373805,6.104599668252165,6.211114075411312,6.432952452759037,6.554001644207375,6.632414255859683,6.696821528006039,6.991321938344897,7.079959396824022,7.3830516828102075,8.098749307951527,8.479521082928608,,6.045051692100315,5.2858478467881636,6.087490323889221,6.158875725341101,6.379720571570624,6.840308799138182,7.96388098158787,5.298278754591036,"rgba(38, 166, 154, 1.0)",0.5042247193135494,5.298278754591036,1.4710132546035075,68.14168538802922,13.307949887571006,True,False,True,False,True,11.558367523192501,0.0,0.0,0.0,0.0,0,1.1033873453889242,0.8259408248430392,False,False,False,False,0.34282821914514605,0.3394978412771461,False,False,False,False,55081360,47108826.240302965,False,False,False,False,1058409.7738250545,False,False,False,False
2025-06-12 00:00:00+00:00,6.09,6.11,5.93,6.05,586072,,,,6.066700910581619,5.177829063706901,5.231441626212559,5.2541499637110345,5.205804177800863,5.184638080008746,5.204084005044382,5.287267567630105,5.388766304821519,5.541450155182395,5.923117787344896,6.219046919781738,5.9655752483565045,5.934853413596119,5.9215361645057225,5.908012314266723,6.0874655130908435,6.117567212987514,6.110585256041944,6.108507513250286,6.104558631525751,6.104641316515731,6.158816213517002,6.185541143862174,6.290279094019647,6.37955475476394,6.394043097677636,6.417907375107973,6.600283184430937,6.8399407756504,6.95903229732171,7.045268505246413,7.96305932881663,8.270115686780535,,,,4.899034424580707,4.77219855465734,5.326129815498215,5.2265810874937335,5.176043780449273,5.195437385821988,5.223461320308702,5.347685321515012,5.396298796329996,6.045050545695555,5.917676633769034,5.8986325712162895,6.122487954890558,6.114172572399926,6.109052599938129,6.105507297004757,6.104478684705932,6.104567344252829,6.211028980453876,6.432761710199586,6.553756978630719,6.632135856671918,6.6965152300158115,6.9908922572230185,7.079495715187162,7.382466831430976,8.097874249834907,8.47849617284566,,6.045050545695555,5.287267567630105,6.0874655130908435,6.158816213517002,6.37955475476394,6.8399407756504,7.96305932881663,5.301406006434998,"rgba(0, 255, 255, 0.75)",0.5221722904369408,5.301406006434998,1.5102180027690202,69.83889954287784,14.917763621918837,True,False,True,False,True,12.004092701185964,0.0,0.0,0.0,0.0,0,1.0954032957502169,0.8393604585391606,False,False,False,False,0.31661578044404964,0.3280568108605979,False,False,False,False,55667432,47444457.83872245,False,False,False,False,1039886.7238711308,False,False,False,False
2025-06-13 00:00:00+00:00,5.85,6.07,5.7801,6.0,822854,,,,6.017506045827128,5.1970468297131465,5.2365219729130175,5.256536986618132,5.208233117786042,5.186801073758504,5.206088635296219,5.2888758178150805,5.389959634974985,5.5421464044886255,5.923081414842418,6.218697077808304,5.965515713170929,5.934822385732591,5.921517242005597,5.9080053739069065,6.087317767419124,6.11740224729533,6.110426953330369,6.10835134319343,6.104406472341506,6.104489525441529,6.158629207615987,6.185336262895253,6.290005930501024,6.379223113627521,6.393701994988162,6.417550817240725,6.599816242336743,6.839331791477775,6.958355729033578,7.044545625800058,7.961820877437599,8.268708217475753,,,,4.9176218277228925,4.787038838827391,5.328375111157173,5.228995383319738,5.178480470596788,5.197516700040572,5.225340156438557,5.349059818813234,5.397427893525546,6.04491483661995,5.917661162888484,5.898633781144719,6.122318327145336,6.1140108115078995,6.108895815842242,6.1053540278800735,6.1043268637328,6.104415946667732,6.210807681841542,6.432395789837294,6.553317530192264,6.6316504020434275,6.695991426492673,6.990198500397345,7.078755460747388,7.381558774792021,8.096561307294532,8.476974044586878,,6.04491483661995,5.2888758178150805,6.087317767419124,6.158629207615987,6.379223113627521,6.839331791477775,7.961820877437599,5.303132706723759,"rgba(38, 166, 154, 1.0)",0.5293499923620235,5.303132706723759,1.033092096282183,67.1330210774545,14.917763621918837,True,False,True,False,False,9.109721849880717,0.0,0.0,0.0,0.0,0,1.0812237076515414,0.8420587750946901,False,False,False,False,0.28399831249825636,0.30602756167942713,False,False,False,False,54844578,47734658.62936079,False,False,False,False,1031375.6366604983,False,False,False,False
2025-06-16 00:00:00+00:00,6.15,6.2132,5.9436,5.98,1179873,,,,6.042711746464615,5.230316389014987,5.245852978381393,5.260995100653108,5.212695912502599,5.190752782944509,5.209774788749655,5.291925394462427,5.392335607878123,5.543701514720584,5.9234853282203295,6.218514284927869,5.965693595226697,5.935036059078485,5.921745026742523,5.908247360878173,6.087334644670163,6.117385807125173,6.110418165552024,6.108344814455616,6.104404192131158,6.104487163406803,6.158570866727366,6.185250875933666,6.289817688549157,6.378948732731509,6.393413741534084,6.417239866238422,6.5993409686273425,6.838647665677454,6.957572209429286,7.043693565598509,7.960221606975385,8.26686504785788,,,,4.948345541936087,4.8113940886099185,5.332692267138863,5.2334613822027,5.1829171814229715,5.2013290012285465,5.228818117219398,5.351737821214257,5.3996859681671205,6.0449916906655865,5.917892980603135,5.898885675323938,6.122296427166701,6.113998104567222,6.108888693561231,6.105350729250569,6.104324672373538,6.104413667909833,6.210697048037924,6.432070964771008,6.552883186699458,6.631147542051945,6.695432080147842,6.989389525717731,7.077877477944365,7.3804361396390465,8.0948545199161,8.474965666392217,,6.0449916906655865,5.291925394462427,6.087334644670163,6.158570866727366,6.378948732731509,6.838647665677454,7.960221606975385,5.311746445656609,"rgba(0, 255, 255, 0.75)",0.5503395593902826,5.311746445656609,1.5231570037816051,67.5968655179787,14.917763621918837,True,False,True,False,False,11.791802520979463,0.0,0.0,0.0,0.0,0,1.0920680934139886,0.8227559788798013,False,False,False,False,0.3370021498114684,0.3215148557454478,False,False,False,False,56024451,48059748.5262486,False,False,False,False,1037199.0626738122,False,True,False,False
2025-06-17 00:00:00+00:00,5.88,6.21,5.87,6.16,2099163,,,,6.023319646749922,5.276737838558519,5.259791267730088,5.267737532797684,5.219509072417878,5.196818712295479,5.215418749970699,5.296528882051218,5.395841865873707,5.545878825395081,5.923737703869941,6.217868489450755,5.965742020357505,5.935153012596205,5.921890263126761,5.908420772486938,6.087132843689669,6.117133680422481,6.11018151705243,6.108112975211827,6.104181397978105,6.104264839645625,6.158254871294301,6.184888372962494,6.289277858329731,6.3782585136967285,6.3926992384671015,6.416485666580468,6.598301502017286,6.837243060282861,6.955993827134497,7.041995753612449,7.9572064551831305,8.263418812126899,,,,4.994142591512088,4.848879604303126,5.339119146926851,5.240252793516144,5.189726851631797,5.207172626086652,5.234128197494451,5.355728934933149,5.403012677565273,6.044852966827353,5.918046289012982,5.8990784397330644,6.122033390575848,6.113753462614757,6.108655513003394,6.105125551935317,6.104102435502078,6.104191977198544,6.210291516227991,6.431292621083243,6.551914779917698,6.630060205256806,6.694246088207328,6.987766805213938,7.076134691656811,7.378263472281778,8.091649361273882,8.471227179394177,,6.044852966827353,5.296528882051218,6.087132843689669,6.158254871294301,6.3782585136967285,6.837243060282861,7.9572064551831305,5.321674176083987,"rgba(38, 166, 154, 0.5)",0.5628996438160789,5.321674176083987,0.99187453758354,64.48841339893556,19.679911224853086,True,False,True,False,False,8.664234450822644,0.0,0.0,0.0,0.0,0,1.1132442628573134,0.8118485603089631,False,False,False,False,0.32356800484786485,0.32254143029665633,False,False,False,False,53925288,48289769.68208198,False,False,False,False,1078844.7072748393,False,False,False,False
2025-06-18 00:00:00+00:00,4.68,5.25,4.6,5.15,6311005,,,,5.421685775194334,5.209223131349462,5.237495240332087,5.256204503441793,5.2098101627374325,5.188900696783271,5.207465675376321,5.287677007705485,5.38621308185838,5.535648091442562,5.9109169696318515,6.206453412674353,5.95800439223881,5.927767821532096,5.914684661950399,5.9013865669495935,6.079681662331183,6.109789855629752,6.102939816938734,6.1009091873871935,6.097048922735391,6.097151851696598,6.151027955121099,6.177566017711957,6.281577990212992,6.370181761364455,6.3845597247863015,6.408244637891352,6.58939529284394,6.827408951580857,6.945718400923063,7.031429468711763,7.942969306720476,8.247948724721022,,,,4.976485957988366,4.848394303484354,5.3248912625074905,5.229777039893196,5.181122784000881,5.199211408474801,5.226065761407846,5.3462251634335916,5.393636084047257,6.03632226141793,5.910891651301448,5.892154073997246,6.114621015744293,6.1064573146515775,6.1014392488707845,6.09796902627428,6.09698336475103,6.097095136815874,6.20289259316576,6.422993482292667,6.54317428679242,6.621043097297443,6.684981242591139,6.977383876541528,7.065464859289811,7.366438774415983,8.076869501695013,8.454913836275177,,6.03632226141793,5.287677007705485,6.079681662331183,6.151027955121099,6.370181761364455,6.827408951580857,7.942969306720476,5.278852505054539,"rgba(239, 83, 80, 1.0)",0.5631681217297307,5.278852505054539,-1.063363642130891,54.21017299339239,10.196803719531125,False,False,True,False,False,0.0,0.0,0.0,0.0,0.0,0,1.0668117105318746,0.8506541055863012,False,False,False,False,-0.042162621968721455,0.14018940416396744,False,False,False,False,47614283,48263280.008274846,False,False,False,False,1284027.4638522966,False,False,False,False
2025-06-20 00:00:00+00:00,4.08,4.56,4.05,4.56,4811960,,,,5.088094927041708,5.105262956823502,5.19798160938928,5.235373290779836,5.190919695008262,5.172798422329669,5.191791069433429,5.272156496233543,5.371050925614576,5.52131016350784,5.895844496853795,6.1940170971216615,5.948968972016673,5.919056611042754,5.906146534860773,5.893012262858404,6.071271274660985,6.101562717034021,6.094811989022195,6.092819341111469,6.08903052633819,6.089155355356948,6.1430112816659,6.169494516051464,6.273281710474452,6.361629425538283,6.375963844714491,6.399578819884181,6.580300964912508,6.817677823233475,6.935684477825486,7.021201757022607,7.930070320958683,8.234138891788177,,,,4.915308748989295,4.809717561660309,5.301446797424143,5.210054778140819,5.1634442628045605,5.183306688733063,5.210639863066838,5.330659520221113,5.378959198710766,6.026596399882983,5.902402593713905,5.883883240987867,6.106327839503846,6.098276230889223,6.0933366170905074,6.089925740905843,6.088979755148199,6.08911649944422,6.194783887164265,6.414289313404287,6.534186735004186,6.611877684281452,6.675647205304341,6.967278563449096,7.055171058920056,7.355322930484551,8.063569891791047,8.440477955648952,,6.026596399882983,5.272156496233543,6.071271274660985,6.1430112816659,6.361629425538283,6.817677823233475,7.930070320958683,5.237306073638317,"rgba(255, 26, 202, 1.0)",0.5697642550262046,5.237306073638317,-2.031201612647831,45.24291298613219,2.362695706747928,False,True,False,True,False,0.0,0.0,0.0,0.0,0.0,0,1.0221880522661178,0.8927751415888565,False,False,False,False,-0.24996785378866104,-0.0548892248123468,False,False,False,False,42802323,48049124.83147976,False,False,False,False,1422377.7593875006,False,False,False,False
2025-06-23 00:00:00+00:00,3.91,4.11,3.865,4.11,2338670,,,,4.953196989830327,5.049151016361889,5.174856717435547,5.222930054110033,5.179508305581652,5.162994002806839,5.182278026442177,5.262876511916382,5.362125266432793,5.513030345132278,5.887451964013159,6.1872111531893905,5.943931506022562,5.914187576681695,5.901368756897949,5.888320646630857,6.066619610507731,6.09702062090252,6.090322436568133,6.088350063436435,6.084599391232263,6.084736281358876,6.138596067344031,6.16505638209528,6.268747464284399,6.3569773915134675,6.371291571938808,6.394874151788118,6.575404542591067,6.812486959295973,6.930353616653067,7.015782606176999,7.923381272734998,8.22701388371312,,,3.961666666666667,4.878779744257093,4.784699788500328,5.287647608634777,5.19819965139753,5.15268519112934,5.173640667543921,5.201309341788494,5.321443786280595,5.370324065572945,6.021206880225128,5.897650680912691,5.879245802034392,6.101750905295252,6.09375845188694,6.088860469841308,6.0854811956753085,6.084556725121907,6.084707221201293,6.190332043401935,6.409567262306891,6.529338100637315,6.606949536851009,6.670641408174165,6.961915232436129,7.049722476196559,7.349487498698941,8.056689159256347,8.433052646796032,,6.021206880225128,5.262876511916382,6.066619610507731,6.138596067344031,6.3569773915134675,6.812486959295973,7.923381272734998,5.11966718739108,"rgba(255, 26, 202, 1.0)",0.5788004604112137,5.11966718739108,-2.089955468472955,38.75951380616622,-2.991280843184505,False,True,False,True,False,0.0,0.0,0.0,0.0,0.0,0,1.0087638637392486,0.9249448279764599,False,False,True,False,-0.34282825441539394,-0.19885873961387038,False,False,False,False,40463653,47751655.347892314,True,False,False,False,1458310.7884311283,False,False,False,False
2025-06-24 00:00:00+00:00,3.98,4.11,3.97,3.97,1693856,,,,4.8787138808105075,5.013832434411855,5.159420455201217,5.2144782438225095,5.171764251513882,5.1563314134059155,5.175804182452376,5.256534495440277,5.355997192858776,5.50731154441875,5.881601491963863,6.182436115269275,5.9404057785688416,5.910781030623065,5.898026561903396,5.885039255457144,6.063356296023869,6.093832426114894,6.087171304417717,6.085213202906261,6.081489380705299,6.0816346993300945,6.135494744339245,6.161937854383919,6.265557239706472,6.353701035091489,6.368000455997888,6.391559388769903,6.571948465197422,6.808815767171217,6.926580122782156,7.011944324424198,7.918621709238346,8.221938564606207,,,3.9861694886364862,4.855597415394321,4.76870260163121,5.278261223311662,5.19015131455756,5.145387919903703,5.1670671041128715,5.194951928724431,5.3151291351382906,5.3643914960265535,6.017430948791778,5.894326728041478,5.876002689405327,6.098538121381779,6.090587417677594,6.0857187811991595,6.082361765798769,6.081452384801948,6.081612491260084,6.187202827744549,6.406239735494095,6.525917243552524,6.603470057918629,6.667105139537081,6.958117901373688,7.045862456355302,7.3453460762110545,8.051790753090348,8.427759947322356,,6.017430948791778,5.256534495440277,6.063356296023869,6.135494744339245,6.353701035091489,6.808815767171217,7.918621709238346,5.107799886088658,"rgba(255, 0, 0, 1.0)",0.586529977421167,5.107799886088658,-1.9228341764343004,35.043837188908896,-5.842141064554021,False,True,False,True,False,0.0,0.0,0.0,0.0,0.0,0,1.0009870336443556,0.9189709286637411,False,False,False,False,-0.3244868804371227,-0.2616728100254965,False,False,False,False,42157509,47532277.05973967,False,False,False,False,1467547.8555514764,False,False,False,False
2025-06-25 00:00:00+00:00,3.92,4.045,3.91,4.01,1650206,,,,4.8123101865144955,4.979684768070472,5.143981021152146,5.205938434350231,5.163919944124556,5.1495665726767275,5.169233323382144,5.250112803933617,5.349807519267211,5.501552827852026,5.875749287633496,6.17767223433566,5.9368734128772855,5.907366176831516,5.894675352224563,5.881748154342315,6.060091423716688,6.09064370796244,6.084019281223074,6.082075335435004,6.078378145961103,6.078531877135685,6.132394240875991,6.158821179187469,6.262372806381561,6.350433820015871,6.364719022508282,6.388255192267737,6.568509282434407,6.80516957025308,6.922835471921849,7.008137523305724,7.913922778590338,8.216933404893558,,,3.978086159966721,4.832605064376498,4.75251676526126,5.268807779032389,5.182007745042838,5.1379839212787815,5.160394145749196,5.188502174150785,5.308745735403371,5.358398901676226,6.013652851533908,5.890993559743889,5.872749396048431,6.095325072943133,6.087415682691469,6.082576118525464,6.079241170472202,6.078346804229343,6.078516502768559,6.184076417107462,6.402923311824939,6.522511706123067,6.600008533908649,6.663589014878212,6.954350392673884,7.0420349078261015,7.341246634728315,8.04695717970019,8.422543864615221,,6.013652851533908,5.250112803933617,6.060091423716688,6.132394240875991,6.350433820015871,6.80516957025308,7.913922778590338,5.094707789663085,"rgba(255, 0, 0, 1.0)",0.5951358766794118,5.094707789663085,-1.9738480499905693,32.35871504357716,-7.956103360256492,False,True,False,True,False,0.0,0.0,0.0,0.0,0.0,0,0.9913546931665669,0.928888603329621,False,False,False,False,-0.34282825441539394,-0.30225053222044523,False,False,False,False,40507303,47256787.880926356,False,False,False,False,1474710.9200396538,False,False,False,False
2025-06-26 00:00:00+00:00,4.26,4.31,3.93,3.93,2289684,,,,4.753558509061759,4.944757020449525,5.12685522461145,5.196226684343009,5.155054422541762,5.141925423122118,5.16178130216978,5.242727275642341,5.342581844737019,5.494702245477437,5.868563897409628,6.171713309429685,5.932506898155665,5.903152111733623,5.890542860317876,5.877692883688156,6.0560254815764125,6.086665796047052,6.080088355147648,6.0781624029234145,6.074499068314092,6.074663220160612,6.128517694297825,6.154919362538506,6.25836709835494,6.3463087805024765,6.360573663442101,6.384077207003288,6.564132012336311,6.800494947218699,6.918019377631977,7.00323097025499,7.907763801392624,8.21034689806831,,,4.032246626367717,4.809740581720933,4.736718694131472,5.2579630188110285,5.172778800363176,5.129649954275111,5.152840120115079,5.181160514932836,5.301338685292465,5.351392952115917,6.008962633989397,5.886884200315973,5.868742889191814,6.091315935657499,6.083459553055842,6.078657123691329,6.075350284876285,6.074474758054086,6.074656339728327,6.180157658988245,6.3987274748350265,6.5181841111788525,6.595598195820015,6.659099982078817,6.9495009823262155,7.0370975554304875,7.335924292548627,8.040610176593516,8.415663420921534,,6.008962633989397,5.242727275642341,6.0560254815764125,6.128517694297825,6.3463087805024765,6.800494947218699,7.907763801392624,5.0842999950140975,"rgba(239, 83, 80, 1.0)",0.5967368698942209,5.0842999950140975,-1.3813458437053088,33.57362962988019,-7.956103360256492,False,True,False,True,False,0.0,0.0,0.0,0.0,0.0,0,0.9858159529972704,0.9173784552014049,False,False,False,False,-0.2937507843732585,-0.29800065829685185,False,False,False,False,42796987,47081893.72873317,False,False,False,False,1506670.6486655497,False,False,False,False
2025-06-27 00:00:00+00:00,4.15,4.31,4.09,4.31,1291331,,,,4.725722893872897,4.926745026975216,5.1176218692580475,5.190916479347895,5.150206781200138,5.137740906371849,5.157696755849611,5.238670067173827,5.338602722882005,5.490917688870192,5.864577504332787,6.168395962592441,5.93007692138211,5.900807183293559,5.88824338057346,5.875436442924807,6.053760232770927,6.084448999455459,6.077897749060395,6.075981818537924,6.07233734039457,6.07250727888133,6.126356659705732,6.152743947433141,6.256132660956777,6.344006951909546,6.358260369389251,6.381745497588503,6.561687471207771,6.797882497991593,6.915327031524095,7.0004874641627675,7.904314630326828,8.206656964763384,,,4.053307537076161,4.797841404267494,4.728428740378007,5.252032397308211,5.167732497066048,5.1250928108203,5.148701399493277,5.177133582332917,5.297264231576229,5.347533036314064,6.0063517809254865,5.884597610117771,5.866513640745356,6.089081729706938,6.081254900361944,6.0764731649389825,6.073181985962034,6.072316936555739,6.07250511714685,6.17797251170211,6.396385670123009,6.515767697179362,6.593134925528502,6.656592260280666,6.946789791484925,7.03433659364671,7.332946216890765,8.037055117251876,8.411807988310601,,6.0063517809254865,5.238670067173827,6.053760232770927,6.126356659705732,6.344006951909546,6.797882497991593,7.904314630326828,5.07849544142172,"rgba(255, 0, 0, 1.0)",0.5989299241591745,5.07849544142172,-1.5502572237064551,33.87841525312447,-7.956103360256492,False,True,False,True,False,0.0,0.0,0.0,0.0,0.0,0,0.9981694358916812,0.9112001066075648,False,False,False,False,-0.2668032089324096,-0.28240193361463073,False,False,False,False,41505656,46863217.73937108,False,False,False,False,1498225.9565610182,False,False,False,False
2025-06-30 00:00:00+00:00,4.24,4.295,4.13,4.16,1364959,,,,4.700990535986675,4.909545002719249,5.108448970157453,5.185574953796032,5.145336125113044,5.133533399141837,5.153584635613518,5.2345697282927155,5.33456489157171,5.4870576038451775,5.86047987869021,6.16496896425908,5.92757193046186,5.898390662611334,5.885874014163325,5.873111755698543,6.051420726199898,6.08215854848854,6.075634474375059,6.073728926031332,6.070103983147739,6.070279881394333,6.1241225855646535,6.150494365210806,6.253819629985207,6.341622271485287,6.355863518728891,6.379329088546668,6.559150559620666,6.795167161835452,6.912526783073303,6.997632709676316,7.900713223556393,8.202801077800176,,,4.074928542414602,4.786500110504521,4.720529458991852,5.2460566978414604,5.162659671713356,5.1205174446143875,5.144537137578738,5.17307505908527,5.29313672688125,5.343614107605795,6.00365802986925,5.8822416184843185,5.864217207677993,6.086773205313399,6.078977054934496,6.074216780934124,6.070941832884086,6.070087606264417,6.070282583419635,6.175712255977283,6.393958501931346,6.513260826390831,6.5905780009753006,6.653988070455004,6.943969460690915,7.031463173025595,7.329842688402707,8.033341783791538,8.407777234164813,,6.00365802986925,5.2345697282927155,6.051420726199898,6.1241225855646535,6.341622271485287,6.795167161835452,7.900713223556393,5.072938040173431,"rgba(239, 83, 80, 1.0)",0.6005764873156271,5.072938040173431,-1.3868975189095087,34.878677593408426,-7.956103360256492,False,True,False,True,False,0.0,0.0,0.0,0.0,0.0,0,0.999212927837537,0.9258237667430104,False,False,False,False,-0.26262754827621465,-0.2725147409454227,False,False,False,False,42870615,46706645.08292516,False,False,False,False,1492999.8014017628,False,False,False,False
2025-07-01 00:00:00+00:00,4.3,4.41,4.2,4.2,880835,,,,4.688785692825753,4.900149772909337,5.10316459488173,5.182448512203215,5.142495540906375,5.13108000907854,5.151180999167427,5.2321531338746725,5.3321647380054,5.484739017032109,5.8579776656165565,6.16285652182103,5.92603650750849,5.896910697136408,5.884423444812576,5.871689069848893,6.049981407440926,6.080748212277851,6.074241073374868,6.072341972744909,6.068729162304082,6.0689087157401795,6.122745441677001,6.149106793073752,6.252389648688637,6.3401454055075765,6.354378714288841,6.377831512565951,6.557573454125183,6.793473447751486,6.910777565971148,6.995847697393069,7.898444407740831,8.20036771861204,,,4.0924085560840355,4.780439748045646,4.716374641760154,5.242541625910112,5.159696468244047,5.117855426350285,5.142105711292074,5.170697513656151,5.290691678128008,5.341282628052807,6.002003479977975,5.880799388539835,5.862812186927417,6.085351594503818,6.077574580064384,6.072827664862586,6.069562806831938,6.068715260030249,6.068914405844464,6.1743172828423765,6.392453853024772,6.511703548035808,6.588987675166978,6.652366816281708,6.9422070485168,7.029665816598241,7.3278957410481915,8.031000590420431,8.405230888228568,,6.002003479977975,5.2321531338746725,6.049981407440926,6.122745441677001,6.3401454055075765,6.793473447751486,7.898444407740831,5.070122800420394,"rgba(239, 83, 80, 1.0)",0.6005764873156271,5.070122800420394,-1.2823059455134216,36.09402161316679,-7.956103360256492,False,True,False,True,False,0.0,0.0,0.0,0.0,0.0,0,1.0006248668607542,0.9147127742668465,False,False,False,False,-0.23199404859521053,-0.25225439477031664,False,False,False,False,43751450,46590755.07967319,False,False,False,False,1468993.3386016937,False,False,False,False
2025-07-02 00:00:00+00:00,4.47,4.49,4.26,4.28,1157163,,,,4.677851451744592,4.890302820258033,5.097210352295912,5.178853625430767,5.139248779143747,5.128278529388656,5.148426233847062,5.229348502993732,5.329343547270164,5.481972046057779,5.854920356005758,6.160242466824847,5.924151979162673,5.895096420091183,5.8826461318628915,5.869946869367348,6.048205807739699,6.079006349853187,6.072520491012026,6.0706294549233775,6.067031819679439,6.067215866675791,6.1210420068408355,6.1473889626891465,6.250613677703992,6.338306745111093,6.3525294801640895,6.375965244831058,6.555599760646486,6.7913440801815605,6.9085740883385025,6.993596156051424,7.895553729021005,8.197260240449953,,,4.121117512890488,4.774380599544864,4.712375019850092,5.238467174874948,5.156300586520791,5.114824876814124,5.139323689215429,5.167963551199427,5.2878321390766,5.338538923166219,5.999966693309423,5.879032564375105,5.861092285187463,6.083595544555556,6.075842606138039,6.0711124513607855,6.067860230447857,6.067020967906771,6.0672252389290575,6.172588885273553,6.390578075836024,6.509756637253023,6.586996105158828,6.650333894438256,6.939985842661383,7.027397563160863,7.3254290718703485,8.02801453618661,8.401974671359975,,5.999966693309423,5.229348502993732,6.048205807739699,6.1210420068408355,6.338306745111093,6.7913440801815605,7.895553729021005,5.067597998079171,"rgba(239, 83, 80, 0.5)",0.6001226075923192,5.067597998079171,-0.9957931771254608,38.44407590130508,-7.956103360256492,False,True,False,True,True,0.0,0.0,0.0,0.0,0.0,0,1.0120388210946978,0.9071505031042604,False,False,False,False,-0.2090959116003717,-0.23067515318534415,False,False,False,False,44908613,46524788.723607585,False,False,False,False,1456764.6978722156,False,False,False,False
2025-07-03 00:00:00+00:00,4.54,4.61,4.49,4.5,708073,,,,4.674812360211875,4.8861576601247,5.094345408704254,5.1770661300253344,5.137653140177885,5.126905463755135,5.147066869515569,5.227932169103387,5.327886365892645,5.480505444656931,5.853236151048581,6.158774146721566,5.923107306680247,5.894092649128511,5.8816636495856915,5.868984651839105,6.0472137032353785,6.078031361634936,6.07155774314698,6.069671313808701,6.066082347448412,6.066268894124971,6.120086318318136,6.146423890075149,6.249611018607276,6.337264802631019,6.351480944607969,6.374906070217337,6.554472398881291,6.790119368709527,6.907303023587778,6.992294814104554,7.893858152918538,8.19543140623454,,,4.143646476622875,4.772143991183409,4.711075819772367,5.2364098697257075,5.15462295629181,5.113347271828446,5.137955025627073,5.166606130609868,5.286368036860154,5.3371190047659445,5.9988322239144,5.878056124844065,5.860142982742988,6.082612378140194,6.074873314616189,6.070152778490428,6.066907790830305,6.066073199866343,6.066280322285063,6.171616651482179,6.389512900403763,6.508646275928745,6.585857381655696,6.649169261816939,6.938703601675024,7.026085584310975,7.32399405876992,8.026260326464332,8.400054519993176,,5.9988322239144,5.227932169103387,6.0472137032353785,6.120086318318136,6.337264802631019,6.790119368709527,7.893858152918538,5.066981279772768,"rgba(239, 83, 80, 0.5)",0.5990662629347842,5.066981279772768,-0.8796711021433972,40.63458821644412,-7.956103360256492,False,True,False,True,True,0.0,0.0,0.0,0.0,0.0,0,1.0226945809300008,0.8889411094495477,False,False,False,False,-0.15273082824082468,-0.19170299071308441,False,False,False,False,45616686,46489176.85209356,False,False,False,False,1427404.239132129,False,False,False,False
2025-07-07 00:00:00+00:00,4.43,4.585,4.39,4.53,970605,,,,4.668457239934653,4.879361270091941,5.089911522463417,5.174329812910198,5.135191728773393,5.124781130115751,5.144971628774536,5.225778084535074,5.325698295306439,5.478334518573801,5.850796537458809,6.156668165746622,5.921596524193368,5.892639286191931,5.880240352600794,5.867589943794178,6.045785002344125,6.076628629969937,6.070172318266568,6.068292427424983,6.064715765152217,6.064905912284937,6.118713046656483,6.145038203168932,6.248175386485314,6.335776110925726,6.349983324234153,6.373394054593119,6.552868889055433,6.788384199446448,6.9055051653509905,6.990456157203551,7.891482368209683,8.19287371549804,,,4.165614709086636,4.768107912429617,4.7084947522432135,5.233291554303591,5.152043881775555,5.111055997099354,5.135841951920287,5.1645211301609,5.284158923346103,5.334988810381825,5.997196271957259,5.876641360877748,5.8587664606681376,6.081198097137097,6.073478630680415,6.068771711704081,6.065536979278664,6.064709066411596,6.064920295651468,6.170221676242278,6.387992808743365,6.5070655782931786,6.584238635665769,6.647515511510755,6.936890689579307,7.024232669668125,7.32197398037593,8.023804510919065,8.39737209745629,,5.997196271957259,5.225778084535074,6.045785002344125,6.118713046656483,6.335776110925726,6.788384199446448,7.891482368209683,5.065246742711315,"rgba(239, 83, 80, 1.0)",0.5980624647233533,5.065246742711315,-1.0621745723586953,41.28714604533305,-7.956103360256492,False,True,False,True,True,0.0,0.0,0.0,0.0,0.0,0,1.0114962300392762,0.910122989593188,False,False,False,False,-0.1727328801439188,-0.18221793542850162,False,False,False,False,44646081,46416898.583384015,False,False,False,False,1409490.5434798887,False,False,False,False
2025-07-08 00:00:00+00:00,4.56,4.6,4.44,4.44,1427065,,,,4.662607187517824,4.871279012262753,5.084175246395724,5.170711697262578,5.131955015676227,5.121989343689454,5.142208101027401,5.222902952399467,5.322743735898611,5.4753638317926185,5.847393097501689,6.153700130595821,5.919480031154596,5.890605075649283,5.878249000127298,5.865639387433902,6.043775458849912,6.074653824272905,6.068222173619556,6.066351568227473,6.062792379751856,6.062987573474488,6.116777447925714,6.14308382089196,6.246145729873926,6.333667648908306,6.347861632168654,6.371251015038905,6.550589121490397,6.7859090565266085,6.902936982264842,6.987827214277206,7.888061482792536,8.189185069183663,,,4.198885283938504,4.763610032550205,4.705798526439447,5.2291381500269045,5.148644090957285,5.108054303632291,5.133059425436897,5.16176221468023,5.281189544298894,5.332109206469165,5.9948992921545665,5.874662174185913,5.856841901245012,6.079206817387302,6.071515301113578,6.066827764108424,6.0636076098414895,6.062789120712522,6.063006106665922,6.168252986623088,6.385837734202594,6.504819902422934,6.581936084251264,6.645160968416823,6.93430007938382,7.021582388099932,7.319076610524883,8.020265813084944,8.39349995115615,,5.9948992921545665,5.222902952399467,6.043775458849912,6.116777447925714,6.333667648908306,6.7859090565266085,7.888061482792536,5.063409345117625,"rgba(239, 83, 80, 0.5)",0.5964127976699407,5.063409345117625,-0.8440619434799856,42.97379331138719,-14.963108319751086,False,True,False,True,True,0.0,0.0,0.0,0.0,0.0,0,1.0076697496052334,0.9239938001644555,False,False,False,False,-0.16231572004152595,-0.17226682773501378,False,False,False,False,46073146,46403418.08991797,False,False,False,False,1410179.7378532263,False,False,False,False
2025-07-09 00:00:00+00:00,4.57,4.685,4.525,4.525,995580,,,,4.660576204816688,4.866822510418315,5.080671227400138,5.168446985759371,5.12994175608784,5.120254167607782,5.140483422947785,5.221084538906002,5.320851202565299,5.473433690435409,5.845137049976248,6.1517123592050735,5.918071042995258,5.88925210345592,5.876925055449621,5.8643431026065045,6.042432241345198,6.073332622176114,6.066917668279201,6.065053328715004,6.061505931924875,6.061704486831812,6.11548095182984,6.14177388228534,6.244782101727717,6.332248542012185,6.3464332311066665,6.369807606190674,6.549048921299577,6.78423141749072,6.9011938842463385,6.986041235127976,7.885721665081107,8.186658277888535,,,4.222305128683296,4.7613641954764105,4.70460363219448,5.226516986056103,5.146523428828328,5.1061953017110655,5.131326080992318,5.160034125977091,5.279296938977393,5.330262477626674,5.993366696623887,5.873346470813679,5.855563272716879,6.077874450279471,6.0702018746535575,6.065527445891397,6.0623171386317,6.0615049687397295,6.0617257890957985,6.166932649718438,6.3843858270753735,6.503303837130813,6.580379745437435,6.643568025464972,6.932541148416062,7.01978128228861,7.3171023063650855,8.017843722837716,8.390845089965373,,5.993366696623887,5.221084538906002,6.042432241345198,6.11548095182984,6.332248542012185,6.78423141749072,7.885721665081107,5.06254970017339,"rgba(239, 83, 80, 0.5)",0.5964127976699407,5.06254970017339,-0.8258536739950548,44.19665853123279,-13.378644179429571,False,True,False,True,True,0.0,0.0,0.0,0.0,0.0,0,0.9912138286696589,0.9361166004275544,False,False,False,False,-0.135229301014035,-0.15374806437452437,False,False,False,False,47068726,46429508.5961957,False,False,False,False,1393920.9246040802,False,False,False,False
2025-07-10 00:00:00+00:00,4.69,4.84,4.5008,4.59,1420892,,,,4.661233146181029,4.862574425551615,5.0765992363405905,5.165710781932205,5.12753796620933,5.118187151977011,5.13841388646248,5.218850623125707,5.318475556515878,5.470953859068608,5.842145337408843,6.1490358871898385,5.916191887984807,5.887450273969225,5.875162997503911,5.862618999163543,6.040629852148439,6.071557360929745,6.065165267217343,6.063309464451343,6.059778133644723,6.059981178761588,6.113735826330694,6.1400088980818595,6.242938146409332,6.330324374346103,6.3444956639303545,6.36784838076318,6.546948726041084,6.781932725397653,6.89880063805772,6.983585792884903,7.882472674484244,8.183141942813029,,,4.257820025360862,4.759804247697326,4.704190323877043,5.223302279845158,5.143977896480542,5.103993985454941,5.129252878515285,5.157947078697569,5.276940783515753,5.3279399508113565,5.991315437353773,5.87159570733931,5.853863457224593,6.076083879792324,6.0684372708691585,6.063780760295719,6.06058388831568,6.059780247506532,6.060006190741747,6.1651520019757875,6.382414265341976,6.501238794041209,6.578256027427103,6.641391383427352,6.930124927838692,7.017303771761714,7.314375859608721,8.014477083093782,8.387145761777278,,5.991315437353773,5.218850623125707,6.040629852148439,6.113735826330694,6.330324374346103,6.781932725397653,7.882472674484244,5.062185304181016,"rgba(239, 83, 80, 0.5)",0.5953205435299624,5.062185304181016,-0.6251847147322297,46.21655548252065,-11.065536537344592,False,True,False,False,True,0.0,0.0,0.0,0.0,0.0,0,1.0026439761896064,0.912748785742979,False,False,False,False,-0.11452415770209667,-0.13413611103831052,False,False,False,False,48489618,46510297.20026646,False,False,False,False,1394978.6138352926,False,False,False,False
2025-07-11 00:00:00+00:00,4.49,4.665,4.47,4.65,864357,,,,4.658381615103602,4.858265838902473,5.073337250890429,5.16360461880961,5.125652907309809,5.116556570947531,5.13679759001132,5.217163671177392,5.316736058535914,5.469197163698854,5.840122501991162,6.1472633135309165,5.914927071207232,5.886234615166149,5.873972912221969,5.8614532677473425,6.039427223093136,6.070375110712401,6.063997745950578,6.0621474843318675,6.05862658180293,6.058832628278864,6.112576553175296,6.138838229069132,6.241721844675447,6.329060469033578,6.343223771188838,6.366563596736116,6.545581191539939,6.7804471372568225,6.8972588172604,6.982007207727903,7.8804162000753815,8.180923940403861,,,4.270696804731463,4.757379774118569,4.702726864713227,5.220885432368026,5.141998271233692,5.102245231940959,5.1276265424589225,5.156331734209586,5.2751953857149765,5.326243285616086,5.989942644252931,5.87041288251847,5.852713254152597,6.074891788402666,6.0672618760402734,6.062616938413854,6.059428768669544,6.058630742518234,6.058860109581784,6.163972613746721,6.381122204007785,6.499891895261564,6.576874698559904,6.639978632964597,6.928569535988921,7.015712255109342,7.312635139417302,8.012349537696297,8.384817076768279,,5.989942644252931,5.217163671177392,6.039427223093136,6.112576553175296,6.329060469033578,6.7804471372568225,7.8804162000753815,5.060851130624622,"rgba(239, 83, 80, 0.5)",0.5957841603844686,5.060851130624622,-0.9581509019243524,45.71275676579461,-11.065536537344592,False,True,False,True,True,0.0,0.0,0.0,0.0,0.0,0,0.9985561800649717,0.9286782417809075,False,False,False,False,-0.14715258414350807,-0.1406443475909093,False,False,False,False,47625261,46554021.27084424,False,False,False,False,1374169.9230966538,False,False,False,False
2025-07-14 00:00:00+00:00,4.58,4.6413,4.49,4.51,720183,,,,4.656668050346021,4.855081547607821,5.070795009825093,5.161941255987933,5.12416842693183,5.115272627853094,5.135522334581037,5.215824091636436,5.315346218108598,5.4677837857764695,5.838479107002244,6.1458157942353235,5.913897039591367,5.885245037832882,5.873004328035124,5.860504685924672,6.038445881502306,6.069409963471118,6.063044688252177,6.061198967444039,6.057686610748019,6.057895101093851,6.111629614627927,6.137881679900708,6.240726874144283,6.328025672026594,6.342182298575958,6.365511346144946,6.544459520659625,6.779226733227796,6.895991379830214,6.980708973180367,7.878719422865336,8.179092552962155,,,4.281613718781659,4.755664432680324,4.7017417061119895,5.218969496882421,5.140437318948336,5.100870799739877,5.126344525340853,5.155054967986549,5.273804218782873,5.32488683239673,5.988823495748021,5.869450258969528,5.85177743691876,6.073918559570852,6.066302357728588,6.06166691414823,6.058485879074132,6.0576924398664245,6.0579245948922456,6.163008655744641,6.3800638559615255,6.498787536383669,6.575741451916531,6.638819096662934,6.927290728471831,7.014403164352455,7.311201477811981,8.010593531114953,8.382893474340216,,5.988823495748021,5.215824091636436,6.038445881502306,6.111629614627927,6.328025672026594,6.779226733227796,7.878719422865336,5.059889568315297,"rgba(239, 83, 80, 0.5)",0.595463896681833,5.059889568315297,-0.8059087561637858,46.33242125206079,-10.19250306982967,False,True,False,False,True,0.0,0.0,0.0,0.0,0.0,0,1.0105582962339068,0.9253925520394657,False,False,False,False,-0.14774184871982973,-0.14419309815536951,False,False,False,False,48345444,46624273.142575845,False,False,False,False,1348523.3770928634,False,False,False,False
2025-07-15 00:00:00+00:00,4.49,4.62,4.45,4.6,692913,,,,4.654153211956001,4.851552471175767,5.068129069707963,5.160213955675695,5.122618226691806,5.113929165146117,5.134191754034749,5.214440155843428,5.313923678030043,5.4663519235584195,5.83683922295451,6.144381087090354,5.912870352008677,5.884257868296197,5.8720377480161625,5.85955770959861,6.037470540844497,6.06845133002912,6.062097921425983,6.060256669161116,6.056752722338709,6.056963641861216,6.110689851413649,6.136932874945718,6.239741825023421,6.327002671088027,6.341152925717228,6.364471691290233,6.543353982988908,6.778027030554192,6.894746819724721,6.979435107012386,7.877063673874341,8.177307663390788,,,4.289684565597003,4.753602160059331,4.70044882838303,5.216994208203108,5.138811327910967,5.099430005059671,5.125005209617342,5.15372626893299,5.272375301436242,5.323499394311067,5.987710161373825,5.868489524478635,5.85084295511144,6.072951999960875,6.065349246250388,6.060723129561784,6.057549110490949,6.056760207129714,6.056995133246862,6.1620529628784135,6.379018403683816,6.497698429047897,6.574624932278138,6.637677519997592,6.926035351544039,7.013119001198679,7.309798160543479,8.008880963046593,8.38102008157802,,5.987710161373825,5.214440155843428,6.037470540844497,6.110689851413649,6.327002671088027,6.778027030554192,7.877063673874341,5.058654044066537,"rgba(239, 83, 80, 0.5)",0.5948532031792328,5.058654044066537,-0.9559569336221557,45.89003891745527,-10.19250306982967,False,True,False,True,True,0.0,0.0,0.0,0.0,0.0,0,0.9985188096065776,0.9210585977056661,False,False,False,False,-0.15751968590485058,-0.15085639203011003,False,False,False,False,47652531,46664596.980121896,False,False,False,False,1322813.1662264767,False,False,False,False
2025-07-16 00:00:00+00:00,4.48,4.52,4.415,4.48,454744,,,,4.651975758024131,4.848944754511986,5.066240407084289,5.159000208115701,5.121523927652584,5.112979287303432,5.1332531719513215,5.213471889947209,5.312936190284002,5.465366698323977,5.835725796965755,6.143412919479773,5.912174028009004,5.88358786048837,5.871381502330385,5.85891455833506,6.036810760147514,6.06780322626408,6.061457755057047,6.059619498813212,6.056121190573957,6.056333753702111,6.110054986185453,6.136292204031494,6.239077819326343,6.326313985422304,6.340460089702512,6.36377216171361,6.5426117823810115,6.777223545287941,6.893914140374409,6.9785833970493725,7.875962296098579,8.17612175658966,,,4.29364015135872,4.751992244756533,4.699385688449342,5.215614449718473,5.1376658618987845,5.098409769673093,5.124059493148417,5.152791014057526,5.271380419884126,5.322536828678098,5.986956389456901,5.867837185644705,5.8502081399323265,6.072298598450341,6.064704834084325,6.060084960895499,6.0569156426789,6.056129793962079,6.056366594960304,6.161407922400255,6.378315112373675,6.496966870327447,6.5738756214248655,6.636911911815423,6.925195649790252,7.012260626149569,7.308862017550808,8.007742396581008,8.379776222717688,,5.986956389456901,5.213471889947209,6.036810760147514,6.110054986185453,6.326313985422304,6.777223545287941,7.875962296098579,5.057658410741087,"rgba(239, 83, 80, 0.5)",0.595602677587005,5.057658410741087,-0.9698720849969704,45.4968461881366,-10.183805616224838,False,True,False,True,True,0.0,0.0,0.0,0.0,0.0,0,0.9806646617454967,0.9400346304565751,False,False,False,False,-0.1791617992597324,-0.16500909564492122,False,False,False,False,47197787,46685506.39266614,False,False,False,False,1288771.238139164,False,False,False,False
2025-07-17 00:00:00+00:00,4.55,4.57,4.42,4.46,669385,,,,4.6495826545789685,4.8455874808261585,5.063675256249088,5.157329168851032,5.120022644234856,5.111676676561886,5.13196311241894,5.212130982894233,5.311558595318994,5.4639806503213695,5.834140093094646,6.142025279844804,5.911179872109682,5.882631832740179,5.870445346769936,5.857997323526598,6.03586639929843,6.066875050743639,6.060541037453989,6.058707096736642,6.055216910553437,6.055431821436953,6.1091450999274715,6.135373613484286,6.238124328414428,6.325323921107898,6.3394638840575865,6.362766046455726,6.541542188839757,6.776063186069679,6.892710540012062,6.97735154880872,7.874362186250746,8.174397096518902,,,4.300451448633205,4.7500029243669415,4.698121674584102,5.21370594141168,5.136091911978659,5.097013438855718,5.12276095770798,5.151502904671856,5.269996507923632,5.321193070895025,5.985878669401072,5.8669066721200505,5.849302963776762,6.071362770384312,6.063781990083578,6.0591711232047505,6.0560085804753845,6.055227113931517,6.055466593152573,6.160482706709376,6.377303410866415,6.495913108136303,6.572795446293004,6.635807585638343,6.923981623449393,7.011018854125912,7.307505355064854,8.006087487903546,8.377966202555795,,5.985878669401072,5.212130982894233,6.03586639929843,6.1091450999274715,6.325323921107898,6.776063186069679,7.874362186250746,5.056417400164217,"rgba(239, 83, 80, 0.5)",0.5947971340128422,5.056417400164217,-0.8514119709145794,46.119680858125164,-9.158690376083719,False,True,False,False,True,0.0,0.0,0.0,0.0,0.0,0,0.9894062651772704,0.9302149101505585,False,False,False,False,-0.17032570341925304,-0.16766739953208715,False,False,False,False,47867172,46731846.22040472,False,False,False,False,1264481.5817415495,False,False,False,False
2025-07-18 00:00:00+00:00,4.53,4.61,4.53,4.58,496656,,,,4.648407733158404,4.843458866113795,5.061936000641931,5.1561779570697714,5.118992754024027,5.1107835749768675,5.131076210540465,5.211200889094781,5.310594861930862,5.463001623604495,5.83300454093408,6.141024586764172,5.910466000284003,5.881945781874993,5.869773743659074,5.857339486394457,6.035186399497316,6.066206288075092,6.059880602253423,6.058049790678588,6.054565493813936,6.054782091519283,6.108488985488592,6.134710919015088,6.237435314944429,6.324607583594103,6.338742965300443,6.362037731563476,6.540766262834437,6.77521948892621,6.89183455393826,6.976454423282138,7.873191248575765,8.173133652828186,,,4.306212752603998,4.748814579593339,4.697412209500184,5.212383795754749,5.135010128144256,5.096058315106899,5.1218693143431455,5.150615198049835,5.269031580806951,5.320252263589954,5.985103564777756,5.866239171453373,5.848653910566836,6.070688441972215,6.063117104307089,6.0585127780716475,6.0553551515450685,6.0545768484747,6.054818252039286,6.159814948047434,6.376570913525185,6.495149056447271,6.572011580456908,6.635005676559003,6.923097833243401,7.01011427877322,7.306515215650229,8.004875847898175,8.376639383243518,,5.985103564777756,5.211200889094781,6.035186399497316,6.108488985488592,6.324607583594103,6.77521948892621,7.873191248575765,5.055664530432436,"rgba(239, 83, 80, 0.5)",0.5937548482489049,5.055664530432436,-0.8853225063891597,46.300177275742115,-8.567252396378663,False,True,False,False,True,0.0,0.0,0.0,0.0,0.0,0,1.011384575391273,0.9182206726762544,False,False,False,False,-0.14635644174970805,-0.15701192064089758,False,False,False,False,47370516,46756892.09411434,False,False,False,False,1234370.77461443,False,False,False,False
2025-07-21 00:00:00+00:00,4.7,4.7471,4.54,4.55,1153830,,,,4.648806099259293,4.840411437143916,5.058776787197842,5.153988973885733,5.117061611667539,5.109113455181733,5.12940349860552,5.2093975571039115,5.308677959501754,5.4609995949375,5.830592037240817,6.138859422547229,5.908939696906084,5.880481587936702,5.86834150669967,5.855937753861624,6.0337218028231945,6.064763534303596,6.058456247790383,6.056632308270222,6.053160945633584,6.053381159464917,6.107070519292243,6.133276473656239,6.235937306850759,6.323044991319368,6.3371695831230435,6.360446908437854,6.539061880915778,6.773355155083586,6.889894001472008,6.974463717141713,7.8705607139537594,8.170287517054875,,,4.323894491794461,4.747597519211771,4.697008563637709,5.209824474716796,5.132968939074736,5.094284638258414,5.1201940232226395,5.148928272106966,5.2671310432330385,5.318376816179558,5.983439092981438,5.864816011290973,5.847271701808712,6.069233368104671,6.061682927886044,6.057093024372315,6.053946213637144,6.053174778227163,6.053420307581291,6.15836789960801,6.374970155404378,6.493472996912215,6.570288243794898,6.633239695702833,6.921138755389684,7.008105770079414,7.304305989352514,8.002150437466742,8.373645668286636,,5.983439092981438,5.2093975571039115,6.0337218028231945,6.107070519292243,6.323044991319368,6.773355155083586,7.8705607139537594,5.054842287796042,"rgba(239, 83, 80, 0.5)",0.5918325259209728,5.054842287796042,-0.5995653706998587,48.59036309196223,-6.047332933612346,False,True,False,False,True,0.0,0.0,0.0,0.0,0.0,0,1.011047624836641,0.9060344041576754,False,False,False,False,-0.12301184318793794,-0.14001188191441777,False,False,False,False,48524346,46826204.01199221,False,False,False,False,1231212.3128648445,False,False,False,False
2025-07-22 00:00:00+00:00,5.05,5.05,4.7,4.73,2192060,,,,4.6634391306116285,4.843290130422795,5.056920392042886,5.152146230180179,5.115597194715408,5.107878407142809,5.128083100426945,5.207684970000492,5.306581049168044,5.458504727832151,5.827092773564785,6.135515132883552,5.906678339904932,5.878326188517218,5.866239134698603,5.853886277543575,6.0314960249212035,6.062558750660332,6.0562818830206915,6.054469093366413,6.051018718278932,6.051244348552684,6.104887352631101,6.131059590388499,6.233587924620854,6.3205675002833,6.33467087182225,6.357913795174037,6.5362986722998055,6.770275794112996,6.886663941885373,6.9711332934176164,7.865996140659672,8.165309774798937,,,4.37642168238172,4.752435906326538,4.702068988777509,5.207401672123271,5.131344327679442,5.093043736911295,5.1189086387095,5.147522344791894,5.265156146311813,5.31630271862021,5.980934658802722,5.862728713552001,5.845253098320406,6.067008100539543,6.059492383018045,6.054926178710499,6.0517970136744585,6.051036314009646,6.051288025651044,6.156123017108785,6.372417102392417,6.490767177821726,6.567486548568248,6.630353432245945,6.9178715769322645,7.004739119033145,7.300548457320779,7.997403989858629,8.36838573015885,,5.980934658802722,5.207684970000492,6.0314960249212035,6.104887352631101,6.3205675002833,6.770275794112996,7.865996140659672,5.057536574758826,#000000,0.5913476211233702,5.057536574758826,-0.012744745205044082,53.49728367326337,-1.260960256607703,False,False,True,False,True,2.2730571973911182,0.0,0.0,0.0,0.0,0,1.0195919104369808,0.8939448657758516,False,False,False,False,-0.050295514838285,-0.09515369837635139,False,False,False,False,50716406,46978760.952698395,False,False,False,False,1268892.614321125,False,False,False,False
2025-07-23 00:00:00+00:00,4.88,5.1,4.865,5.1,1093190,,,4.948333333333333,4.670563377219639,4.844888326556497,5.056124873488253,5.15130091281963,5.114934961140155,5.10732132194725,5.127481443603967,5.206885074560841,5.305585717078827,5.457304608102231,5.825386972596113,6.133874968802485,5.905571823462758,5.877271947213671,5.865211002961303,5.852883218004527,6.03040449704369,6.061476986375884,6.055215098073812,6.053407791182668,6.049967736729229,6.050196013246893,6.103815531047054,6.129970886796122,6.2324329213859215,6.319348586772977,6.333441377597801,6.35666714417177,6.534937060742287,6.768756460364775,6.885069418574743,6.969488650400286,7.863736681591035,8.162844564272541,,,4.399991105278144,4.754948204863907,4.704671001231302,5.206274473016391,5.130604598221621,5.092489469810542,5.1183254794377655,5.1468766566546575,5.264224092012813,5.3153168723426365,5.979707964806961,5.8617080048982375,5.844266244531947,6.065916245229095,6.058417632534815,6.05386309324673,6.0507426090882985,6.049987173112779,6.050241905291536,6.155020251816975,6.37116049582043,6.489434240992567,6.566105703986431,6.6289303900332115,6.916258515965247,7.003076363647014,7.298690852676533,7.995053959183876,8.365780010299092,,5.979707964806961,5.206885074560841,6.03040449704369,6.103815531047054,6.319348586772977,6.768756460364775,7.863736681591035,5.033357064730909,#000000,0.5883820769429745,5.033357064730909,-0.2606419718420017,54.58017490517902,-0.21985034061673048,False,False,True,False,True,0.62119626398351,0.0,0.0,0.0,0.0,0,1.020666211419695,0.900233376606809,False,False,False,False,-0.016747430332444958,-0.05595056435439817,False,False,False,False,49623216,47082465.072200425,False,False,False,False,1262002.3157202965,False,False,False,False
2025-07-24 00:00:00+00:00,4.81,4.9287,4.8,4.85,527436,,,4.9151046824293,4.672657578942914,4.844898127871322,5.0553855935432175,5.1506916704251555,5.114422660749384,5.106882217125252,5.127027978939823,5.206349203126025,5.304970791019458,5.456611849655624,5.8244708011233675,6.133017240370083,5.90498202587336,5.876708345896716,5.864660632899232,5.852345526225489,6.02982903241258,6.060908010734566,6.0546537277498595,6.052849226097702,6.049414452106322,6.049644129301896,6.10325348365801,6.129401007411683,6.231832154950559,6.318717528560326,6.332805289067886,6.356022907325711,6.534238731609301,6.767983264503982,6.884260532957251,6.968656072808665,7.862609668339265,8.161618779340552,,,4.408691004023742,4.755509560047249,4.7053889961044835,5.205520246471962,5.130051108649094,5.092035236784906,5.117877409934609,5.146407190362021,5.2636316449167495,5.314711307282517,5.979058671935559,5.861161395426382,5.843736718012574,6.065342158057613,6.0578522120068214,6.05330361011588,6.050187557516793,6.049434856940117,6.049691187653256,6.154443958525742,6.370511559391129,6.488749404699042,6.565398330899037,6.62820301057761,6.915440871437012,7.00223527298326,7.297756767633492,7.993883472126041,8.364486719474494,,5.979058671935559,5.206349203126025,6.02982903241258,6.10325348365801,6.318717528560326,6.767983264503982,7.862609668339265,5.03191071043746,#000000,0.581011637165541,5.03191071043746,-0.3819384952770468,54.45353253680972,-0.21985034061673048,False,False,True,False,True,0.0,0.0,0.0,0.0,0.0,0,1.0076292952780435,0.9313591391966443,False,False,False,False,-0.05362404690871997,-0.05478730563155907,False,False,False,False,49095780,47161418.5987808,False,False,False,False,1233195.793535187,False,False,False,False
2025-07-25 00:00:00+00:00,4.84,4.85,4.72,4.83,721178,,,4.880683766759871,4.674753460387789,4.844488063229836,5.054177527312394,5.149745737818879,5.11361378557549,5.106185774901192,5.126315936844851,5.2055320828437885,5.30405426379481,5.455600763055937,5.823166050348458,6.1318072538575885,5.904144007436031,5.875906673800316,5.863877398859154,5.851579945278856,6.029014601208675,6.060103449953527,6.053859773862331,6.052059196149512,6.048631808423375,6.0488634697538615,6.102459593138107,6.128596589822039,6.230986145525897,6.317830425982499,6.331911353639193,6.355117908548061,6.533260577604365,6.766903480053941,6.883132299795437,6.967495733391443,7.861048136159888,8.159922526436857,,,4.418937948850443,4.755908325765932,4.706063561768169,5.204371542459251,5.129183917297596,5.091308930113847,5.117170755955578,5.145676241677676,5.262741308523627,5.3138102354517445,5.978138503397457,5.860383401302682,5.84298249052044,6.064530474812236,6.057052606235382,6.052512293015457,6.0494024339470664,6.0486535821242535,6.048912177117909,6.153630984198738,6.369600196134947,6.487789499118341,6.564407948825472,6.627185483879057,6.914300770924718,7.001063424861682,7.296458388017903,7.9922626465247895,8.362698360506922,,5.978138503397457,5.2055320828437885,6.029014601208675,6.102459593138107,6.317830425982499,6.766903480053941,7.861048136159888,5.030236158366638,#000000,0.5740018206324347,5.030236158366638,-0.3314208274758371,54.685290253613125,0.155562067993408,False,False,True,False,True,0.2390631523169695,0.0,0.0,0.0,0.0,0,0.9900991611789333,0.9450258980274718,False,False,False,False,-0.07846639996473763,-0.06662685279814835,False,False,False,False,49816958,47265557.39882862,False,False,False,False,1213116.6643769443,False,False,False,False
2025-07-28 00:00:00+00:00,4.78,4.8701,4.76,4.86,415550,,,4.869031610038706,4.675931182655308,4.844255621812528,5.053486763538644,5.149203070095267,5.113149660765933,5.105785971227231,5.125907114001423,5.205062791761298,5.303527705950171,5.455019614504895,5.822415777408748,6.131111064450068,5.903661726128073,5.875445300196517,5.863426630454306,5.851139331107657,6.028545821514792,6.059640333566722,6.053402759207958,6.051604438610616,6.048181299631875,6.048414101866653,6.102002597377127,6.128133531020075,6.230499132679007,6.317319751306744,6.331396744669948,6.35459692927989,6.532697468176295,6.7662818467953505,6.882482766329708,6.966827709023211,7.8601490991366765,8.158945916106815,,,4.4246047484709425,4.756135252541497,4.706448182181921,5.203712677326289,5.128686371158246,5.090892130301149,5.11676505794571,5.1452565152777,5.2622298872261375,5.31329250318949,5.977608961852579,5.859935646857791,5.842548407372046,6.064063261093799,6.0565923403154605,6.052056795135223,6.048950498804458,6.0482038604996315,6.0484637574925975,6.153162995913958,6.369075551834897,6.487236899192732,6.563837796932089,6.626599700619524,6.913644402700351,7.00038877146825,7.295710872267459,7.991329467913697,8.361668715200256,,5.977608961852579,5.205062791761298,6.028545821514792,6.102002597377127,6.317319751306744,6.7662818467953505,7.8601490991366765,5.02966824087328,#000000,0.5631899812267743,5.02966824087328,-0.44331087056882107,54.03869387032543,0.155562067993408,False,False,True,False,True,0.0,0.0,0.0,0.0,0.0,0,0.9968105873130544,0.9385404017891454,False,False,False,False,-0.06904882928036586,-0.06783784103925711,False,False,False,False,49401408,47349316.24593338,False,False,False,False,1181839.5402837307,False,False,False,False
2025-07-29 00:00:00+00:00,4.44,4.75,4.44,4.75,998618,,,4.782436672247113,4.673076113549678,4.840222731118623,5.050132515122833,5.146930560697684,5.111108489174357,5.104007078222451,5.124140227255601,5.2032123390322464,5.301611316358683,5.45307167142979,5.820158359181886,6.129113942974708,5.902230975986901,5.874069652085297,5.862079605168354,5.8498195869386125,6.027181964765726,6.058298728660623,6.052077683830261,6.050285574695043,6.046874127566064,6.047110277954351,6.100686054393579,6.126803900397165,6.229117139391885,6.315883402059066,6.32995128157679,6.35313675112446,6.5311424906418,6.7645919101832135,6.880728500599058,6.965031300002438,7.857807157691663,8.156419633843829,,,4.428666704165929,4.753717772438407,4.704913320287636,5.201115479344097,5.126546131363188,5.0889940225119785,5.114989009116854,5.143488090483863,5.260311686994121,5.311420338657809,5.976056985693555,5.85859675072598,5.841246075573978,6.062710609909481,6.05525843057665,6.050735868695353,6.047639332151386,6.046898973687696,6.047162690459361,6.151823286385431,6.36760704982196,6.48570557103687,6.5622670030967285,6.624992977325024,6.911874579324565,6.9985774992218,7.293729101647349,7.988906420051738,8.359016140940485,,5.976056985693555,5.2032123390322464,6.027181964765726,6.100686054393579,6.315883402059066,6.7645919101832135,7.857807157691663,5.023552029907158,"rgba(239, 83, 80, 1.0)",0.5610581059012137,5.023552029907158,-1.0400919686737482,49.85190980516144,4.280487592416762,False,False,False,False,False,0.0,0.0,0.0,0.0,0.0,0,0.9840630179899331,0.9346401253060417,False,False,False,False,-0.138404971160946,-0.10312140610010155,False,False,False,False,48402790,47390628.94217129,False,False,False,False,1174654.3818412316,False,False,False,False
2025-07-30 00:00:00+00:00,4.52,4.59,4.45,4.46,526775,,,4.750157138101628,4.671356984899178,4.837974812517345,5.048300196690499,5.145692581919828,5.1099936358866245,5.103034367304584,5.123175227861026,5.202206012703906,5.30057331333601,5.452021204461644,5.81894906663216,6.128047004735829,5.901464522971915,5.873332432469899,5.861357598079072,5.849112074960966,6.0264522362842525,6.057581097488768,6.05136884215731,6.04958003971876,6.046174816852635,6.046412757595118,6.099982076538933,6.126093091308893,6.228378966398926,6.315116697204365,6.32917978929733,6.352357530979161,6.530313595850429,6.763692143218089,6.879794950894023,6.964075639538814,7.856564418590024,8.155079834678029,,,4.4302857790899575,4.7523255452878415,4.704000007763167,5.199705352980013,5.125378522633301,5.087955465935673,5.114018501555931,5.1425233135497015,5.259271151109584,5.310406537909604,5.975226353530502,5.857879064028576,5.840547810228152,6.061987107082209,6.054544890223342,6.05002923476976,6.046937892235139,6.046200884081465,6.046466643368679,6.15110724355091,6.3668234645987445,6.484889068847134,6.561429821650979,6.624136933393357,6.910932868135788,6.997614051401858,7.2926760000544,7.987620977684243,8.357609834183647,,5.975226353530502,5.202206012703906,6.0264522362842525,6.099982076538933,6.315116697204365,6.763692143218089,7.856564418590024,5.020916722451769,"rgba(239, 83, 80, 0.5)",0.5557836768876492,5.020916722451769,-0.9012800182561482,48.082734893656294,2.6005775781633673,False,True,False,False,False,0.0,0.0,0.0,0.0,0.0,0,0.9761603326964835,0.9585970889057691,False,False,False,False,-0.16231572004152595,-0.13271856307081376,False,False,False,False,48929565,47450979.37581164,False,False,False,False,1149247.3472592225,False,False,False,False
2025-07-31 00:00:00+00:00,4.43,4.665,4.43,4.56,878615,,,4.708991642981057,4.66835944304377,4.834159867089994,5.045205196998591,5.143600284213601,5.1081068991702345,5.10138683850733,5.121541533921142,5.2005055357686105,5.29882234989957,5.4502525031832,5.816918997906691,6.126257700640402,5.900177255158281,5.872094013773497,5.8601446206735694,5.847923336192612,6.0252272695880835,6.0563765687744455,6.050179017890073,6.048395750312832,6.045000945940563,6.045241889494298,6.098800636788777,6.1249003197974785,6.227140777214816,6.31383105394054,6.32788618088631,6.35105106657802,6.528924575869987,6.762185218763232,6.8782318226707675,6.962475741102356,7.854486454731087,8.152840196102915,,,4.432527160901632,4.749925197764828,4.702401265512147,5.197326183092258,5.123403683402562,5.086196243584379,5.112375150142655,5.140890742262607,5.2575148338906565,5.308696499160733,5.973831947536599,5.8566733120053724,5.839374530049726,6.06077275705517,6.053347204455946,6.048843105179273,6.045760455339519,6.045029060562911,6.045298245576215,6.1499058109935705,6.3655097432938,6.4835206450123,6.560027030376021,6.622702766374238,6.909356168107915,6.996001210415578,7.290913912702298,7.985471883349335,8.355259403634447,,5.973831947536599,5.2005055357686105,6.0252272695880835,6.098800636788777,6.31383105394054,6.762185218763232,7.854486454731087,5.0170968275654175,"rgba(239, 83, 80, 1.0)",0.5539741757398504,5.0170968275654175,-1.0597909672979449,45.99922665428448,0.6271889072610506,False,True,False,True,False,0.0,0.0,0.0,0.0,0.0,0,0.9817415192953725,0.9468468537408458,False,False,False,False,-0.15352848282728396,-0.14312352294904884,False,False,False,False,48050950,47474507.63558373,False,False,False,False,1138634.314033371,False,False,False,False
2025-08-01 00:00:00+00:00,4.48,4.74,4.2934,4.39,1765313,,,4.6568669800637865,4.662520389274894,4.82666788450602,5.039048737927063,5.139412359418138,5.1043274066672835,5.098082663645389,5.118264689388979,5.197095064794237,5.295310514367654,5.446704290334845,5.812847140848396,6.122665992574418,5.897590889978263,5.869605528521582,5.857707117424933,5.845534407795293,6.022765774709983,6.053956052588798,6.047787980529599,6.046015809465781,6.042641892997448,6.042888857385226,6.096426424549533,6.122503393331252,6.224652804651923,6.311247942857089,6.325287100391485,6.348426210720553,6.526134188989764,6.759158402106819,6.875092293045558,6.959262464593224,7.850314382275629,8.148343855506562,,,4.436451661388397,4.745167478413596,4.699204324398302,5.1925685656511895,5.119449101334163,5.082670265002954,5.10907917643656,5.137615963143522,5.253992676191343,5.305266146015166,5.971030935310437,5.854250288351526,5.83701658230074,6.058332552235138,6.050940406524901,6.046459474992285,6.043394252798939,6.042674112724367,6.042950166604514,6.1474915243060515,6.362870337629285,6.48077155717664,6.557209028702331,6.619821849123675,6.9061894189410395,6.992761973577496,7.287375350669161,7.981157146845673,8.350540848030429,,5.971030935310437,5.197095064794237,6.022765774709983,6.096426424549533,6.311247942857089,6.759158402106819,7.850314382275629,5.010953102401432,"rgba(239, 83, 80, 0.5)",0.5512301721621939,5.010953102401432,-0.9632148768612832,45.30578988549416,-0.060544048608932144,False,True,False,True,False,0.0,0.0,0.0,0.0,0.0,1,0.9647161439569192,0.9644582653873868,False,False,False,False,-0.16337183415854062,-0.15324767855379473,False,False,False,False,49816263,47566341.17928633,False,False,False,False,1163209.9487771604,False,False,False,False
2025-08-04 00:00:00+00:00,4.62,4.63,4.49,4.5,763075,,,4.649239258640831,4.661268827864353,4.824268500601127,5.036800636575858,5.137832361828726,5.1029121683952905,5.096845994775888,5.117031971704736,5.195790818593695,5.293946150768836,5.445301057951026,5.811196009244511,6.121190598645921,5.896536326263239,5.868592018055911,5.856714851481233,5.844562410082091,6.021757043005631,6.0529629849582784,6.046807190096508,6.045039620958048,6.041674367412595,6.041923787405748,6.095450923765982,6.121517755205993,6.223626701188257,6.310180231416388,6.324212423245979,6.347340280351394,6.524975370858363,6.757896286857925,6.873780925963463,6.957918749688594,7.848554815518476,8.146443911466292,,,4.439758693354509,4.743795121239125,4.698377851000624,5.190755734353945,5.117963328841356,5.08135670215827,5.1078421041728665,5.136378446024997,5.2526327680691605,5.303931390980899,5.969885660231001,5.85326405752406,5.83605753963929,6.057331274264509,6.049953057552293,6.045481761443978,6.042423775830335,6.0417082660057675,6.041987121602828,6.146497991154114,6.3617780203042855,6.47963092475115,6.556038042388663,6.618623346695137,6.904866107733235,6.991406809818225,7.285889990990901,7.979335814582899,8.34854476722788,,5.969885660231001,5.195790818593695,6.021757043005631,6.095450923765982,6.310180231416388,6.757896286857925,7.848554815518476,5.009436441497254,"rgba(239, 83, 80, 0.5)",0.547084261506807,5.009436441497254,-0.7118399648797213,46.70348309887313,-0.060544048608932144,False,True,False,True,False,0.0,0.0,0.0,0.0,0.0,1,0.9649659890508953,1.0000937155888072,False,False,False,False,-0.14954212713480586,-0.1513949028443003,False,False,False,False,50579338,47684497.91735354,False,False,False,False,1147518.3821584485,False,False,False,False
2025-08-05 00:00:00+00:00,4.6,4.65,4.445,4.6,924200,,,4.640201137588833,4.659532346711425,4.821249598260734,5.0340187078842495,5.135879517758087,5.101159419569576,5.0953128426413965,5.115505011385562,5.194180242226537,5.292266079958985,5.4435782461536935,5.809177858209661,6.119390091521561,5.895246820732125,5.867352369454654,5.8555010326606025,5.843373229820088,6.020524511294806,6.051749789109274,6.045608927518374,6.043846959984122,6.040492251341313,6.040744668952653,6.094259445322706,6.120314083064174,6.222374320771322,6.3088776365175665,6.322901418120377,6.346015690205267,6.523562902386734,6.7563591147087845,6.872184292789959,6.956283084119871,7.846416477598696,8.14413583054314,,,4.443158347532579,4.742013774674622,4.6972671742457415,5.1885208636002496,5.116124884022487,5.079727616693592,5.106309187534689,5.134846749133153,5.250956476002467,5.302288003146221,5.968486137719118,5.852057576356395,5.834884102728637,6.056108094218293,6.048746816403969,6.044287243114455,6.041238064346319,6.040528198407085,6.040810474104115,6.145284850163245,6.360445726271135,6.47824038289296,6.554610903878483,6.617162995635633,6.903255063231334,6.989757340198861,7.284083214639505,7.9771227918625405,8.346120426172662,,5.968486137719118,5.194180242226537,6.020524511294806,6.094259445322706,6.3088776365175665,6.7563591147087845,7.846416477598696,5.007525899028559,"rgba(239, 83, 80, 0.5)",0.5445652204084819,5.007525899028559,-0.7483509481616765,47.3812719741164,-0.060544048608932144,False,True,False,False,False,0.0,0.0,0.0,0.0,0.0,0,0.9687859346376202,0.9802850186760984,False,False,False,False,-0.15352848282728374,-0.15246169283579203,False,False,False,False,49655138,47761777.92059457,False,False,False,False,1138760.7985443918,False,False,False,False
2025-08-06 00:00:00+00:00,4.235,4.4,4.14,4.32,1768430,,,4.575157623377298,4.646147006425283,4.808980997919884,5.025364597175633,5.130192191844152,5.095937035429884,5.090721421546604,5.110992059838219,5.189630298179728,5.287726295398222,5.439156301375264,5.804386994877574,6.11527903761161,5.892219114094077,5.864429896744013,5.852634351138452,5.840559536878179,6.017676226733144,6.048956185261384,6.042847699593287,6.041098055763687,6.037766545485559,6.038025937847073,6.09152859801456,6.1175629659894915,6.219540756593344,6.305953212547063,6.319961614103058,6.3430511313178375,6.520443554444232,6.753012997792872,6.868730065990038,6.952758931852962,7.8419509206155,8.13934996722712,,4.258333333333333,4.434032389049371,4.73296537614525,4.690382879909002,5.182207189491686,5.110702330807244,5.074798674625812,5.1017518619148765,5.130373660986095,5.2463477771725255,5.297864205507627,5.965232503807636,5.849206734101772,5.832104018878708,6.0532929429410665,6.045968241231752,6.041534206835343,6.038504322056894,6.037807216161603,6.0380974476859866,6.142519256972253,6.357467431017625,6.475159660414928,6.5514657810095445,6.613957727030971,6.899775061386752,6.986208984212574,7.280243518329371,7.972516357901182,8.341114633413946,,5.965232503807636,5.189630298179728,6.017676226733144,6.09152859801456,6.305953212547063,6.753012997792872,7.8419509206155,4.946137250028505,"rgba(239, 83, 80, 1.0)",0.5472253928957334,4.946137250028505,-1.299532622682958,43.997763426202674,-1.3529534973402377,False,True,False,True,False,0.0,0.0,0.0,0.0,0.0,0,0.9186166538607803,0.9865266556458435,True,False,False,False,-0.24353193187972358,-0.1979968123577578,False,False,False,False,47886708,47766677.13939479,False,False,False,False,1163453.708405396,False,False,False,False
2025-08-07 00:00:00+00:00,4.21,4.33,4.145,4.29,864603,,,4.548495778005532,4.639441151397126,4.802859050994723,5.021040667872201,5.127343590693692,5.093316636378935,5.088414670704253,5.108725860701213,5.1873507090049005,5.285456965687087,5.436951734481659,5.802010209600743,6.113243341073062,5.8907158063951774,5.862978314684156,5.851210241670818,5.8391615130107395,6.016263332251716,6.047570700026264,6.041478167880126,6.039734603393104,6.0364145371946885,6.036677384141614,6.090174613371848,6.116199218736943,6.218137226763322,6.304505563061939,6.318506489111668,6.341583977882047,6.5189014149233575,6.751360674533377,6.867025210497095,6.951020140950384,7.839753465482307,8.136996345516808,,4.248482302222063,4.429183755592167,4.728391727685143,4.686866787696493,5.1790522383190805,5.107983632743716,5.072322576715228,5.099462901967298,5.128128634474258,5.244042134442279,5.295652959961712,5.963618392570839,5.847790424113367,5.830722531863857,6.051896843940647,6.044590159628953,6.040168714432421,6.037148344655649,6.036457546001335,6.036751718003698,6.141148597887563,6.355993616033072,6.473636233624352,6.5499111570964,6.61237389050989,6.898057699030995,6.984458469127329,7.278351196066872,7.970250220390574,8.338653760753331,,5.963618392570839,5.1873507090049005,6.016263332251716,6.090174613371848,6.304505563061939,6.751360674533377,7.839753465482307,4.94131808866487,"rgba(239, 83, 80, 1.0)",0.5470635205300703,4.94131808866487,-1.3368065338304198,41.52520377341975,-3.678027545798763,False,True,False,True,False,0.0,0.0,0.0,0.0,0.0,0,0.9119415033268806,1.007946895303181,False,False,False,False,-0.2543028573152275,-0.22614983483649265,False,False,False,False,47022105,47737478.231967546,True,False,False,False,1151734.072781655,False,False,False,False
2025-08-08 00:00:00+00:00,4.48,4.57,4.21,4.21,1606296,,,4.532437443457035,4.63308728771248,4.795503757556887,5.015043300711116,5.123217001168572,5.089559611031365,5.085109454298929,5.10545626659739,5.183984875605232,5.282026367091966,5.4335233837632195,5.798148994813897,6.109856363930607,5.888251279290005,5.860603738886454,5.848882781274615,5.836878911047693,6.013925071727346,6.045272874554903,6.039207659696106,6.037474414222434,6.0341737741982255,6.034442295242597,6.087922759828086,6.113927509203964,6.215785599594105,6.302069201406492,6.316055870291095,6.339110364024928,6.516281141955038,6.748529417467725,6.8640933384449765,6.948022620170895,7.835894320529938,8.132845250382895,,4.31347093411874,4.428798452759174,4.723284941851159,4.683146486318249,5.174416470273529,5.104067848487218,5.068796627469048,5.0961707414138155,5.124869419335616,5.240589323698237,5.292302383409387,5.960957921917402,5.8454763456662455,5.828468497598748,6.049580795189595,6.0423050363404425,6.037905085435984,6.034900907431867,6.034220643454966,6.034521288635366,6.138861971695665,6.353507081132358,6.4710525596292445,6.54726642249106,6.609673065776214,6.8951016059471995,6.981437934255463,7.275062317928539,7.966262644819131,8.334302483580661,,5.960957921917402,5.183984875605232,6.013925071727346,6.087922759828086,6.302069201406492,6.748529417467725,7.835894320529938,4.940151830547788,"rgba(239, 83, 80, 0.5)",0.5443835839605614,4.940151830547788,-0.8452713199028499,43.51132511747795,-3.678027545798763,False,True,False,True,False,0.0,0.0,0.0,0.0,0.0,0,0.921241511593732,0.9769053475025908,False,False,False,False,-0.20421793535289673,-0.2151838850946947,False,False,False,False,48628401,47772416.379733525,False,False,False,False,1169560.0307117861,False,False,False,False
2025-08-11 00:00:00+00:00,5.21,5.33,4.73,4.76,8118692,,,4.7482816608319744,4.691418083210541,4.821568588256776,5.018642113422738,5.122265605529052,5.089571690368658,5.08522870225209,5.1050940944873675,5.181946453191551,5.278254722214782,5.4277681354445635,5.7882882900387544,6.099648762719946,5.881547154051688,5.854247201907294,5.8426960819770715,5.8308561897955205,6.007134879665104,6.038504613336051,6.032536968335197,6.03083886816332,6.027604410504858,6.027888645834179,6.081168369019749,6.1070429565458015,6.208392942829337,6.294200489962396,6.308108741951518,6.3310358323008264,6.507338034974752,6.738411388211165,6.853414562346613,6.9369669211604466,7.8203213826496345,8.115766094889024,,4.823617365730861,4.544477574184613,4.751607118758537,4.709926550615826,5.171888717533227,5.103674469089238,5.069360490355281,5.096023236774184,5.124076700998763,5.23746629050796,5.288464161271997,5.953436337434297,5.839337992762339,5.822552632903984,6.042746513888605,6.035582614144087,6.031258259665779,6.028310010099484,6.027662366774038,6.027980958753358,6.131865982139711,6.34535781209092,6.4623262213351635,6.538177697717733,6.600269410612824,6.884283326377423,6.970244509070392,7.262428397043079,7.950026589498002,8.316196125321717,,5.953436337434297,5.181946453191551,6.007134879665104,6.081168369019749,6.294200489962396,6.738411388211165,7.8203213826496345,4.9887195114157015,#000000,0.5430992393504549,4.9887195114157015,0.40744024765887965,50.75796489641846,-4.733925351637438,False,False,False,False,True,4.16389359999846,0.0,0.0,0.0,0.0,0,0.9377831869437071,0.931184656216549,False,False,False,False,-0.0019403234843689094,-0.1085621042895318,False,False,False,False,56747093,48124364.48248908,False,False,False,False,1442075.0098995592,False,False,False,False
2025-08-12 00:00:00+00:00,5.27,5.48,5.05,5.3,4129052,,,4.833554625408428,4.7264903991076626,4.840740852210035,5.024554059742692,5.124338870198424,5.092008158356872,5.087451159845001,5.106996912900173,5.1828707750594525,5.2781401107615595,5.426407045709327,5.784620213314979,6.0954300541244795,5.878931944985772,5.851792475993749,5.84031761944423,5.828551808185481,6.004377505152795,6.035733349020759,6.029809374762601,6.028126675336973,6.024921225061571,6.025211614936869,6.07837419713126,6.104179028992433,6.205258316146644,6.290819023699672,6.304686820489256,6.3275480637779316,6.503394174039699,6.733859158863947,6.84857183801522,6.9319274871759635,7.812976881027962,8.107656102778066,,4.934575423727425,4.603486403607836,4.771073597436428,4.727960457066027,5.173310440486163,5.10595997410489,5.071993419224219,5.0980728609450106,5.125706503088838,5.237771064881279,5.2882558420013215,5.95043313746003,5.836981263167112,5.820296989647974,6.039945522814738,6.032831956987745,6.028541212407775,6.025617630545423,6.024983622246938,6.02530924820728,6.128940883609099,6.341831017886886,6.458496208137049,6.534157262891468,6.596085593685221,6.879367747026575,6.96513249540411,7.256576831386322,7.942345016315059,8.307564830859766,,5.95043313746003,5.1828707750594525,6.004377505152795,6.07837419713126,6.290819023699672,6.733859158863947,7.812976881027962,5.007352803407921,#000000,0.5446585425082275,5.007352803407921,0.48222358797964027,55.93284493379056,-0.22692341547332973,True,False,True,False,True,4.687298244019075,0.0,0.0,0.0,0.0,0,0.9769287586716292,0.9146523382623428,False,False,False,False,0.07142939227073586,-0.018566356009397968,False,False,False,False,60876145,48624434.30670519,False,False,False,False,1547446.656570165,False,False,False,False
2025-08-13 00:00:00+00:00,5.53,5.59,5.31,5.33,3288590,,5.476666666666666,4.908051302336057,4.761231116504941,4.861833652425464,5.032977205172432,5.128322257970226,5.0961773923168066,5.091211598068635,5.110432084500772,5.185401726295276,5.279691739373204,5.426742979193389,5.782905064340488,6.09294417755856,5.877573884987962,5.850548450465614,5.839125636929227,5.82741082509069,6.002817023789783,6.034139178915291,6.028244819653691,6.0265722251234,6.0233858120208605,6.0236794732190075,6.076734661098297,6.102480422727141,6.20333187880949,6.288690702375561,6.3025255945781415,6.325333175561846,6.500801300917061,6.730769687026115,6.845245158936153,6.92843893607256,7.807637433015977,8.101704857745393,,5.024722380652084,4.65683813095265,4.791692406992381,4.746790269585951,5.176891916910471,5.110054294830036,5.076249118464031,5.101660284871388,5.128872623480805,5.239740593235057,5.289679136895746,5.94878881534209,5.835804133212163,5.819190023663915,6.038331009792853,6.031251854560165,6.0269836696255075,6.024076439209338,6.023450685320159,6.023780055759325,6.127189238654484,6.339583973952939,6.4559976950649505,6.531500844571761,6.593295528045389,6.875981069981435,6.961583613344382,7.252430081175175,7.936736112532548,8.301197626061343,,5.94878881534209,5.185401726295276,6.002817023789783,6.076734661098297,6.288690702375561,6.730769687026115,7.807637433015977,5.035290851111606,"rgba(38, 166, 154, 0.5)",0.5497002213321293,5.035290851111606,0.8999617058358264,60.775766550840586,3.9197218395743008,True,False,True,False,True,6.911889343564205,0.0,0.0,0.0,0.0,0,1.0008126865403286,0.8940199216081125,False,False,False,False,0.12969417233921385,0.055563908164907944,False,False,False,False,64164735,49233857.86330499,False,False,False,False,1615726.7876850604,False,False,False,False
2025-08-14 00:00:00+00:00,5.39,5.51,5.27,5.28,1933608,,5.444576853143701,4.938783520967863,4.777898133109962,4.871937086004368,5.036845778086108,5.130050297627807,5.0980380474494735,5.092899357784256,5.111951281586092,5.18643283508697,5.280196336419254,5.426599144477031,5.7816226065094405,6.091287607456786,5.876607957959415,5.849652177347014,5.8382617129990235,5.826578487870855,6.001753376471346,6.033061022085321,6.027185131671443,6.025518930208839,6.022344560944461,6.0226405046378915,6.0756361917182,6.101348253340891,6.202069404503057,6.2873114827142444,6.301127305315951,6.323903808951451,6.499154364763161,6.728835189035885,6.843173286932397,6.926273569075459,7.804393046941068,8.098103115524381,,5.0572570395539005,4.682263929811443,4.8017987475413255,4.756163100486183,5.1783610578738735,5.111860523652541,5.07817723356399,5.103257853159414,5.130250413922824,5.240465453549962,5.290122760121533,5.947650811789213,5.834949436724415,5.8183786343201325,6.037240216899188,6.030182445590636,6.025928392464349,6.023031461553561,6.022411122324375,6.022743103514786,6.1260270721308085,6.338136061461622,6.454405078709727,6.529817341492427,6.591534700614091,6.873874555045431,6.959383523132619,7.249882347854018,7.933334352080891,8.297352761868353,,5.947650811789213,5.18643283508697,6.001753376471346,6.0756361917182,6.2873114827142444,6.728835189035885,7.804393046941068,5.041463427198103,"rgba(38, 166, 154, 0.5)",0.5521210289690921,5.041463427198103,0.6312684257882305,62.398064376403255,5.113748614706928,True,False,True,False,True,5.512279006272561,0.0,0.0,0.0,0.0,0,0.9954308703617227,0.9009590861740724,False,False,False,False,0.11072034790616125,0.0831421280355346,False,False,False,False,62231127,49743554.69219499,False,False,False,False,1628192.717579764,False,False,False,False
2025-08-15 00:00:00+00:00,5.08,5.46,5.05,5.43,1611026,,5.386128636594771,4.951793267297019,4.786946868577472,4.877031415707835,5.03827572298523,5.130414815690063,5.098555692872096,5.093385431814358,5.1123331039421895,5.186475626355339,5.279879190245996,5.425851647186723,5.780036131353477,6.089534493005004,5.875487506196807,5.848595118668479,5.83723509870861,5.825581394866361,6.000590814754461,6.031896246644638,6.0260378402076045,6.024377852447674,6.021215187777996,6.021513721553592,6.074466346185867,6.100152081063259,6.200770827715915,6.2859186925776935,6.299719047339755,6.322470386875002,6.497547379205818,6.726995548416616,6.841222501530668,6.9242476421402435,7.801480639141784,8.094895834270833,,5.0668878145791485,4.696709725067968,4.807278815281473,4.761447075170627,5.178465600759399,5.112313976373843,5.078780825961938,5.10368706998605,5.130541106699405,5.240290119282212,5.289779702071074,5.946378702244034,5.833931497392658,5.817400903070808,6.036063567757881,6.029025907053152,6.0247853432349645,6.021898342889062,6.021283602032302,6.0216185427753395,6.124807977010967,6.33668777008629,6.452841430380216,6.528181211868354,6.58983613410882,6.871895947611733,6.957329934668461,7.247544867476841,7.930292116051493,8.293944573374967,,5.946378702244034,5.186475626355339,6.000590814754461,6.074466346185867,6.2859186925776935,6.726995548416616,7.801480639141784,5.041887135549922,#000000,0.5516505699721607,5.041887135549922,0.06908877924661812,60.35512814918871,5.113748614706928,True,False,True,False,True,2.5194728312416146,0.0,0.0,0.0,0.0,0,0.9653745305081142,0.9206222096236978,False,False,False,False,0.06829719491958063,0.07571966147755761,False,False,False,False,60620101,50170085.91995205,False,False,False,False,1627519.512968793,False,False,False,False
2025-08-18 00:00:00+00:00,5.12,5.29,5.08,5.08,1887937,,5.3378984185706475,4.963601325512667,4.796242363140094,4.882199893472098,5.039573353176318,5.13062455861469,5.0989516758584,5.093767309248344,5.112601062919137,5.186362780566589,5.27936292555233,5.424855318908975,5.778082273982368,6.087412395724467,5.874114909785116,5.8472975991124185,5.835973810749196,5.824355207913961,5.999176379598443,6.030481074871836,6.024643499228443,6.022990941510269,6.0198422727594,6.020143963629706,6.073047469688965,6.0987027550119155,6.199202930435193,6.284241213107727,6.298023561215274,6.320745614318849,6.495621090718508,6.7247984794103495,6.8388960626058255,6.921833828083551,7.798032330587109,8.091103157235334,,5.074110972827371,4.71157686776998,4.8129769028246,4.767018124284863,5.178364999739501,5.112631672438609,5.079282579795688,5.1040065360536815,5.130708444424802,5.2399307806032125,5.289238091560288,5.9448273716374995,5.832680532352687,5.816197702071927,6.034634264483681,6.027620541460114,6.023396067683665,6.020520929143642,6.019912936860262,6.0202514846718564,6.123332239510005,6.334945720246802,6.450965462002158,6.526221088035524,6.5878033666492914,6.869537161291178,6.954883999723916,7.244767961819573,7.926692194162369,8.289917209811872,,5.9448273716374995,5.186362780566589,5.999176379598443,6.073047469688965,6.284241213107727,6.7247984794103495,7.798032330587109,5.042621531092065,#000000,0.5513000605441786,5.042621531092065,0.1403563584439954,59.28274074345612,5.113748614706928,True,False,True,False,True,2.8724849890196253,0.0,0.0,0.0,0.0,0,0.9702297133916506,0.9346703648389162,False,False,False,False,0.04640578868894511,0.06106272508325136,False,False,False,False,62508038,50653927.17799315,False,False,False,False,1637731.9634406052,False,False,False,False
2025-08-19 00:00:00+00:00,4.76,5.1,4.735,5.1,1838019,,5.2555817729217615,4.958519158433655,4.797856734563015,4.881902822562258,5.037827466391856,5.128987017858504,5.097567589805008,5.092557815687251,5.111340990910729,5.184844401456657,5.277583621906144,5.422794312081637,5.775274566587011,6.084691746496734,5.872224927211959,5.845490162239647,5.83420778493178,5.8226289893690195,5.997314063466635,6.02863526379222,6.022821655628604,6.021177890074833,6.01804578102408,6.018351751080899,6.071218732151719,6.096847387572523,6.197242725298182,6.2821795143734125,6.295945042556381,6.318639818041802,6.493332324875114,6.722257884258629,6.83623515790847,6.919092581507267,7.794304689213125,8.087044888620275,,5.059900134040749,4.716192674460217,4.813775002367102,4.768322852805194,5.176349839799906,5.111139494353337,5.078051711080035,5.102766726236248,5.12939491877578,5.238234097025793,5.287476336170656,5.942748644817233,5.830926291185546,5.814497221148956,6.0327723272146665,6.025785946210308,6.021580152590628,6.018718933461867,6.0181194175909365,6.018462850780747,6.121454736574766,6.332824098939585,6.4487223911314056,6.52390165200978,6.585416593230917,6.8668465498551345,6.952113667291215,7.241685104160186,7.922819041038749,8.285633099068834,,5.942748644817233,5.184844401456657,5.997314063466635,6.071218732151719,6.2821795143734125,6.722257884258629,7.794304689213125,5.037055661076754,"rgba(239, 83, 80, 0.5)",0.5512613137481119,5.037055661076754,-0.5025849885837431,55.43774023338368,5.113748614706928,True,False,True,False,False,0.0,0.0,0.0,0.0,0.0,0,0.9409045796115126,0.9568552389054301,False,False,False,False,-0.03702298901275871,0.012019868035246326,False,False,False,False,60670019,51046715.09258165,False,False,False,False,1645586.3570311698,False,False,False,False
2025-08-20 00:00:00+00:00,4.72,4.81,4.58,4.75,1435457,,5.189491495379699,4.948644464764881,4.796154691172325,4.879526185604198,5.03523515036575,5.126947467068488,5.095754457480478,5.09095729826058,5.109725782081025,5.183074164034201,5.275664261267627,5.420731763272384,5.77270646975433,6.082294861771322,5.870517678390196,5.843851224903521,5.83260369890943,5.821058295741652,5.995656827928817,6.026998069534715,6.021204693662507,6.019568435874322,6.0164504669012695,6.016760277208444,6.0696034658048115,6.095212600657144,6.1955305585757605,6.2803903239330126,6.294143025008679,6.316817032243659,6.491372282438936,6.720106258325909,6.833992003795917,6.916788701499,7.791239751913462,8.083723883011022,,5.041929432490769,4.715897465553435,4.812467442577039,4.767653947286721,5.173986099066134,5.109229335737314,5.076378209458507,5.101155064159331,5.127756321267098,5.236350313495428,5.2855879575032425,5.940888067617932,5.829332118339907,5.812948000234591,6.031121567091221,6.024158196228508,6.019968230613497,6.017118857527682,6.0165267480001265,6.016874564367902,6.1198041696840795,6.3309893806204816,6.446796630649544,6.521918624094203,6.583382434385654,6.864580958431734,6.949788000157865,7.239119606061367,7.919641428249161,8.282136960232663,,5.940888067617932,5.183074164034201,5.995656827928817,6.0696034658048115,6.2803903239330126,6.720106258325909,7.791239751913462,5.03091573936517,"rgba(239, 83, 80, 0.5)",0.5516504556551036,5.03091573936517,-0.5636100472280903,52.561008653286265,10.458283806876764,True,False,False,False,False,0.0,0.0,0.0,0.0,0.0,0,0.9109018830525272,0.9880645618009345,False,False,False,False,-0.10676215588503496,-0.04737114392489432,False,False,False,False,59234562,51367807.12816669,False,False,False,False,1637345.9900887709,False,False,False,False
2025-08-21 00:00:00+00:00,4.78,4.83,4.63,4.67,1029667,,5.154482936541817,4.943189564051914,4.7955236401792956,4.878269784311953,5.033639832110331,5.125644903266221,5.0946066051229,5.089944756488255,5.108697735447941,5.181926326905911,5.274399013198489,5.41934847313963,5.770946255459623,6.080634538148002,5.869341472987767,5.842723050840738,5.831499918054828,5.819977909739155,5.994510462027497,6.025864548143527,6.020085327768569,6.018454306455149,6.015346200202041,6.015658653778501,6.068483841214694,6.094078747422202,6.194340415702628,6.279144612105426,6.2928880721873535,6.31554710992553,6.490002976567791,6.718598800219473,6.832418537317981,6.915171350590467,7.789075783912092,8.081376192246852,,5.03162756395045,4.716395936942942,4.811913335691151,4.767500135489466,5.172459837943322,5.108015252075738,5.075325344057644,5.100132046554215,5.126707896594279,5.235116401283733,5.28434115993091,5.939603506138364,5.828235277194288,5.811882681593197,6.029978545649296,6.023031286977042,6.01885238423893,6.016011281208687,6.01542430570637,6.015775139273602,6.118658714984246,6.329710832341862,6.445452148102932,6.520532668665862,6.581959587957956,6.862991273975519,6.948154859886535,7.237313934648816,7.9173966143917225,8.279663661239304,,5.939603506138364,5.181926326905911,5.994510462027497,6.068483841214694,6.279144612105426,6.718598800219473,7.789075783912092,5.027555991750474,#000000,0.5514123961518174,5.027555991750474,-0.44894890553442635,51.201132661486554,9.082947787764482,False,False,False,False,False,0.0,0.0,0.0,0.0,0.0,0,0.9099389464716741,0.9930001419849497,False,False,False,False,-0.09574047624329489,-0.0715558100840946,False,False,False,False,60264229,51716686.417258196,False,False,False,False,1613515.4414578388,False,False,False,False
2025-08-22 00:00:00+00:00,4.99,5.06,4.7599,4.83,1363746,,5.1338344452607085,4.942963146140874,4.797867244978081,4.878991736435837,5.032934704687963,5.124791304217658,5.09392161480381,5.089349902199212,5.10805484424342,5.181074797524721,5.273332415568953,5.4180400137516935,5.76905486438422,6.078754113662162,5.868050386578006,5.8414907598456,5.830296853479465,5.818802998256887,5.993226037632897,6.024588828777152,6.0188265160940135,6.017201656636834,6.014105157253839,6.014420521217074,6.067216561260616,6.092791254192354,6.192973582625439,6.277701971428848,6.2914328975377085,6.314071591123809,6.488389960788742,6.716797781471416,6.830527675500018,6.91322028118446,7.786393100788219,8.078448707812303,,5.027431693960647,4.721022216374018,4.813289018671307,4.769126072844674,5.171349498174708,5.107258514411377,5.07474123502095,5.099509495024986,5.12601782970042,5.234123564027794,5.283278992285878,5.938176662172189,5.827040533315965,5.810726031737172,6.028691428859004,6.021763490781963,6.017597738190553,6.014766410062568,6.014185295418396,6.014539452296497,6.117354203744811,6.328223453786439,6.443873475054127,6.51889658804061,6.580273192461635,6.861078143001793,6.946181890836604,7.235108530067285,7.914606184299737,8.27656906328822,,5.938176662172189,5.181074797524721,5.993226037632897,6.067216561260616,6.277701971428848,6.716797781471416,7.786393100788219,5.026382643935158,#000000,0.5503416383649133,5.026382643935158,-0.06610919726745097,52.150226730713726,9.082947787764482,True,False,False,False,False,1.657450148519196,0.0,0.0,0.0,0.0,0,0.9056066267884798,0.9951194214347623,False,False,False,False,-0.03708683530039632,-0.05432132269224546,False,False,False,False,61627975,52105364.40089513,False,False,False,False,1603720.5614006687,False,False,False,False
2025-08-25 00:00:00+00:00,5.23,5.25,5.0,5.01,2526653,,5.137742954761507,4.956014850112709,4.808677733476833,4.88528762512061,5.0346231854555255,5.125083456237513,5.094448234773806,5.0898541571054405,5.108411958841943,5.180940116719519,5.272673214516899,5.416750598201281,5.766507444039248,6.075964652991844,5.866239157223622,5.839777902368586,5.828631411393971,5.817183524999541,5.991355904969993,6.0227167874550425,6.016981777693804,6.015366645492246,6.012288472052371,6.012607942004463,6.065338513627536,6.090872820039538,6.190897886689543,6.275481145208781,6.28918822855283,6.31178813668687,6.485839217367765,6.713888064192505,6.827446370776347,6.9100229753377675,7.781824657460846,8.07342383312388,,5.037459726846062,4.737466467093478,4.820232483470506,4.775966081392783,5.171251350492781,5.107686477609773,5.075401347643933,5.099933242638154,5.1262448783799055,5.233669561197046,5.282585201132558,5.93613099204562,5.82538860469286,5.809136686012017,6.026800861764907,6.0199043052097245,6.01575963470852,6.012943843447787,6.012371540255291,6.012730388824688,6.115400680059621,6.3259170994974045,6.441389493454092,6.516300943004261,6.577581239449957,6.857953893417148,6.942941891739491,7.231429661734461,7.9098367959105325,8.271233152167165,,5.93613099204562,5.180940116719519,5.991355904969993,6.065338513627536,6.275481145208781,6.713888064192505,7.781824657460846,5.030319794468491,#000000,0.5501582655167284,5.030319794468491,0.3629504781573393,54.614867233708814,9.082947787764482,True,False,True,False,False,3.7790031826062886,0.0,0.0,0.0,0.0,0,0.9231008321442192,0.9711363218942936,False,False,False,False,0.03049779694762623,-0.011911762872309615,False,False,False,False,64154628,52577884.5420365,False,False,False,False,1639913.9903653483,False,False,False,False
2025-08-26 00:00:00+00:00,5.3,5.33,5.1737,5.3,1343682,,5.147321549958189,4.965679983501312,4.815854202979994,4.889792719430757,5.03626012779666,5.125710901944471,5.095180267936336,5.090527404658083,5.10899293279397,5.181234652914203,5.272658495314069,5.416356091153568,5.7654008484874035,6.074662034329689,5.865426294509698,5.839014531883358,5.82789147452575,5.81646639430722,5.990493414154157,6.021848630067854,6.016127077776498,6.014516674142927,6.011447410273934,6.011768728384229,6.064461581689455,6.089973686751139,6.1899126007755205,6.27441758807459,6.28811185067042,6.310690881298569,6.484596780166337,6.712452235138042,6.825918085718343,6.908431927343758,7.779501331661413,8.070857337335509,,5.046371350549856,4.747827108974378,4.82495000874833,4.780501889583749,5.1716937935404275,5.1083748668592035,5.076190703927294,5.100556660704131,5.126746424240382,5.2337806968276634,5.282541381107168,5.935198106870821,5.824655350845347,5.808434593100749,6.025923537488514,6.019042502443466,6.014908177974256,6.01209997157784,6.011531818446766,6.011892779882701,6.1144819964702695,6.3248074445460025,6.440183320374105,6.515034099571941,6.576262452761045,6.856402363267877,6.9413276185378425,7.229580169430817,7.907406401324506,8.268501087394046,,5.935198106870821,5.181234652914203,5.990493414154157,6.064461581689455,6.27441758807459,6.712452235138042,7.779501331661413,5.033677412393469,#000000,0.5514455777540366,5.033677412393469,0.4829535285988277,56.75628527472616,9.082947787764482,True,False,True,False,True,4.386919455446222,0.0,0.0,0.0,0.0,0,0.9467955951037663,0.9636781740533898,False,False,False,False,0.0704547524573621,0.029271494792526245,False,False,False,False,65498310,53084567.89332919,False,False,False,False,1628297.049566707,False,False,False,False
2025-08-27 00:00:00+00:00,5.33,5.385,5.16,5.3,1242903,,5.1565213001794215,4.974764038057729,4.822634231480658,4.894122550393064,5.037907245812298,5.126382592712504,5.09594433792763,5.0912284791231,5.109606390281757,5.181579555884243,5.272712560460529,5.416051153441677,5.764430305076881,6.07349623442981,5.8647061907277145,5.838339537268831,5.827237745699583,5.815833382349612,5.989723621063996,6.021072620715212,6.015363274172701,6.013757144332557,6.010695933498466,6.011018887935041,6.063676287958633,6.08916773212328,6.189026528915399,6.27345897983508,6.287141368851362,6.309701059651657,6.483472188238546,6.711148442312016,6.8245286135420455,6.90698423507091,7.777376380251542,8.068507605322171,,5.05484293068899,4.757478517021359,4.829455476093403,4.784824650929229,5.172199676724782,5.109100464777463,5.077004922057241,5.10121053121299,5.127284784575127,5.23395401838874,5.28256649898002,5.934368157458813,5.82400768793634,5.807815262058031,6.02513920591767,6.018272260736817,6.014147309755041,6.011345966227202,6.010781533321504,6.011144365729811,6.113657794269267,6.323806121100305,6.439092393235338,6.513886846991298,6.575067056612415,6.854991326631369,6.939858354595033,7.227893181551982,7.905182475828208,8.265998336565566,,5.934368157458813,5.181579555884243,5.989723621063996,6.063676287958633,6.27345897983508,6.711148442312016,7.777376380251542,5.036902334716086,"rgba(38, 166, 154, 0.5)",0.5532485960291873,5.036902334716086,0.5297757055102422,58.406266593517074,9.082947787764482,True,False,True,False,True,4.649522591974293,0.0,0.0,0.0,0.0,0,0.9402354230980062,0.9764288393295057,False,False,False,False,0.0846012445367791,0.056936369664652674,False,False,False,False,66741213,53620122.60339472,False,False,False,False,1613183.557426836,False,False,False,False
2025-08-28 00:00:00+00:00,5.62,5.765,5.3209,5.38,2373612,5.5686333333333335,5.201238947676714,5.004771224626425,4.842396928546627,4.907721246731608,5.044364079308958,5.129774735617925,5.099428796821006,5.094385266698738,5.11253150345147,5.183874452302762,5.274311280219265,5.416760460396079,5.763667237762604,6.072064779582984,5.863998250635727,5.837705844569266,5.826637057361404,5.8152652623144165,5.988839646934032,6.0201562143221095,6.014465615874075,6.012865730529678,6.009816290279294,6.0101409062436115,6.062717458722644,6.088166058940409,6.187859999143645,6.272148459903905,6.285807444846707,6.308328921107356,6.481828134975787,6.70914971259658,6.822360266612556,6.904699532044917,7.7737794058705925,8.064477745016568,,5.0866332420267675,4.784068686800819,4.842836038934996,4.797281983973391,5.17536652292857,5.112548495443981,5.08052724084936,5.1042448572988945,5.130019135608261,5.235856867604693,5.284062388235358,5.933469586596539,5.823416433859251,5.807269082684532,6.024209842672692,6.017364801385163,6.013254028408275,6.0104628702944884,6.009903214953468,6.010267952891098,6.112617179724651,6.322410939932244,6.4375162626153335,6.512197006030131,6.573281671446576,6.852779839752578,6.9375300044789014,7.225139313839595,7.901394837203209,8.261674409047346,,5.933469586596539,5.183874452302762,5.988839646934032,6.062717458722644,6.272148459903905,6.70914971259658,7.7737794058705925,5.06513233594903,"rgba(38, 166, 154, 0.5)",0.5586471190320964,5.06513233594903,0.9932346290666025,61.47233188963625,4.1685053998538635,True,False,True,False,True,7.138875502638253,0.0,0.0,0.0,0.0,0,0.9574685900418799,0.9491713498228156,False,False,False,False,0.34282820710263684,0.19988228838364475,False,False,False,False,69114825,54227757.99149688,False,False,False,False,1643004.2806649995,False,False,False,False
2025-08-29 00:00:00+00:00,5.42,5.56,5.32,5.53,1453100,5.517256477693295,5.215696095816187,5.017630117116616,4.851827708310318,4.914129388869927,5.047239673486256,5.131193464406745,5.100928870096952,5.095751808661531,5.113778129403636,5.184776652654897,5.274835491084144,5.416807490916416,5.762880987363851,6.070958015418894,5.863368761957746,5.837125038782365,5.826078574339303,5.814728659812057,5.9881266603905985,6.019429468686805,6.0137516246831595,6.012156103892092,6.009114889396241,6.009440945136278,6.0619720657512355,6.087395543326812,6.186992459085187,6.271194742092619,6.284839672701489,6.30733822672105,6.48067588739468,6.707784811456916,6.820893662192673,6.903163456134145,7.771448397660646,8.061883721522026,,5.099286487763064,4.796841771252371,4.849308103132035,4.803410958468018,5.176621938107329,5.1140152714534395,5.082067922278963,5.105547508960631,5.131165194693644,5.2365418314024685,5.284538714940114,5.932718469922096,5.822864325075141,5.806747067672425,6.02347434602868,6.016644110463058,6.01254306286288,6.009758963711581,6.009202899024548,6.009569285051316,6.111824124137987,6.321406511954505,6.4364043739002526,6.511017568789442,6.572045022891753,6.851287490468805,6.93596801271954,7.223320599941278,7.89894800269842,8.258901534284895,,5.932718469922096,5.184776652654897,5.9881266603905985,6.0619720657512355,6.271194742092619,6.707784811456916,7.771448397660646,5.067423677131293,"rgba(38, 166, 154, 0.5)",0.5607885133952142,5.067423677131293,0.6287153079047282,61.15872818877489,4.1685053998538635,True,False,True,False,True,5.143190602225403,0.0,0.0,0.0,0.0,0,1.0003849559225466,0.9310928898641104,False,False,False,False,0.29485349725955984,0.2473678928216023,False,False,False,False,67661725,54754580.22712446,False,False,False,False,1635557.0539722545,False,False,False,False
2025-09-02 00:00:00+00:00,5.17,5.38,5.14,5.19,1391083,5.440672862821683,5.216501057632277,5.023559934564036,4.857518453753138,4.917773520580871,5.048524039972132,5.131633574445043,5.101481600056214,5.0962679668233815,5.114208886160943,5.184932688083328,5.274694445415194,5.416301368504917,5.761669533044572,6.069565343450853,5.862483737378618,5.83629138016449,5.825269379693939,5.813943252550381,5.98719628471181,6.018494640757,6.012830871272324,6.011240317093922,6.008208461370562,6.008536505726401,6.061029864492176,6.086430824178992,6.185940247130414,6.27006267884065,6.283694517948311,6.306171758341958,6.479361494566381,6.706272862255979,6.819287230523776,6.901492927257095,7.769027535202576,8.059213468118129,,5.103699259115555,4.8048488649660515,4.853261067933276,4.807310153797678,5.176869466634382,5.1145207601192935,5.082683786338294,5.106017331818401,5.131521410861608,5.236520180826552,5.284372615788118,5.931709602665033,5.822062107212498,5.805977319036128,6.022529943391866,6.01571592257169,6.011625710203925,6.008849568110804,6.008297905535854,6.0086665647277595,6.110839644506275,6.320227403470975,6.435126938864362,6.509678303497777,6.57065271604956,6.849657323343279,6.934273787976182,7.221385576183855,7.896417339884421,8.256061433477452,,5.931709602665033,5.184932688083328,5.98719628471181,6.061029864492176,6.27006267884065,6.706272862255979,7.769027535202576,5.06569033432388,#000000,0.5612692742324809,5.06569033432388,0.18584602875110276,58.412098238926355,4.1685053998538635,True,False,True,False,True,2.7341774926341635,0.0,0.0,0.0,0.0,0,1.0296712426316412,0.8951616093682,False,False,False,False,0.21391119420761673,0.23063954351460952,False,False,False,False,66270642,55206190.49272743,False,False,False,False,1625969.836169421,False,False,False,False
2025-09-03 00:00:00+00:00,4.91,5.24,4.88,5.23,1284779,5.355580490166919,5.206298410720685,5.023219037227719,4.859608605542394,4.918745848734839,5.04827560968425,5.131135239330778,5.101121205075549,5.095962713880407,5.113853385606044,5.184377007630673,5.27392761726565,5.415287224607556,5.760094577754579,6.0679472116087965,5.861384984401739,5.835244810149632,5.824248482916886,5.812947152688213,5.986089962040785,6.017392866546652,6.011743952729974,6.01015877040178,6.0071370356838845,6.007467523677307,6.0599316899648565,6.085313369011631,6.184747318218055,6.268798611042944,6.28241871629848,6.304876892521688,6.477936664378622,6.70467150985373,6.817601457210994,6.8997503363873705,7.766602386722875,8.056560315534812,,5.100866117401276,4.808292567496684,4.8547499369273694,4.8090069191604154,5.176157829416904,5.114101731245263,5.08240538663617,5.105683718041422,5.131118240446959,5.235829898219001,5.283603026882563,5.930489077651269,5.8210485244068,5.804997367473727,6.02141813378368,6.014621121298647,6.010542434564672,6.007774835552467,6.007228198551386,6.0075996488601024,6.109705739592247,6.318921364410494,6.433734582704508,6.508231645475028,6.569158774517898,6.84795052857674,6.93251041482668,7.219404688718452,7.893891833190382,8.253252737194723,,5.930489077651269,5.184377007630673,5.986089962040785,6.0599316899648565,6.268798611042944,6.70467150985373,7.766602386722875,5.061028000018636,#000000,0.5612897390567805,5.061028000018636,-0.2690731533279603,54.362339961780336,4.1685053998538635,True,False,True,False,False,0.33117328970271487,0.0,0.0,0.0,0.0,0,1.0235229544830828,0.8717998980671972,False,False,False,False,0.1270657814423783,0.1788526624784939,False,False,False,False,64985863,55589707.061640084,False,False,False,False,1612589.8033784633,False,False,False,False
2025-09-04 00:00:00+00:00,4.83,4.93,4.7502,4.89,809824,5.298119876024253,5.195136846837595,5.02031002354779,4.859412652162223,4.918204442722083,5.047419222064443,5.130376922390182,5.100466310139012,5.095385828963409,5.113258774745508,5.183682332098264,5.27313072872221,5.414378411488059,5.758876704915959,6.066763178020814,5.8605532211334275,5.834448277179878,5.823469650484086,5.812185344549653,5.985270352100937,6.016580397287282,6.0109417637141505,6.009360354724473,6.006345728727766,6.006678056602083,6.05912662767864,6.0844969022712485,6.183885911388845,6.267893652426409,6.281506537923252,6.303953004008421,6.476934142892669,6.703560654368776,6.816438792607182,6.8985530346527435,7.764980008263376,8.054795371153805,,5.09592622552259,4.808590339739138,4.854642705477693,4.809152451715806,5.175247871486722,5.113402590667876,5.081813686139111,5.105095986991211,5.130503903898919,5.235064782997226,5.282814359282596,5.929576913937457,5.820274731316411,5.804246569579318,6.02059875050732,6.013813461977002,6.009742789538273,6.006981164795914,6.006438169301165,6.006811720312719,6.108879793117786,6.317990680472298,6.432751710863591,6.507215930299813,6.568114097283959,6.846775058289867,6.9313005582846445,7.218060139990296,7.892206715965222,8.251390404132891,4.836733333333333,5.929576913937457,5.183682332098264,5.985270352100937,6.05912662767864,6.267893652426409,6.703560654368776,7.764980008263376,5.0568074496666915,#000000,0.5610706062738298,5.0568074496666915,-0.4042404772778247,51.032823036815344,8.196570749821745,False,False,False,False,False,0.0,1.0,4.93,4.7502,0.0,0,1.0098324864724773,0.9006541901942149,False,False,False,False,0.033688335756421085,0.10627049911745749,False,False,False,False,64176039,55926425.96118361,False,False,False,False,1581108.7914812688,False,False,False,False
2025-09-05 00:00:00+00:00,4.91,4.95,4.8,4.83,819598,5.256650816339145,5.185987679379695,5.018232934945619,4.859646901464478,4.917995131600785,5.046763279825215,5.129743251854357,5.099931671985585,5.094916799100453,5.112767778885436,5.183082872577983,5.272419118709948,5.4135407898561,5.757713965787552,6.065615722642957,5.859753781892789,5.833683704571803,5.822722492814495,5.8114549572287775,5.984478050764708,6.015794011905682,6.010165484806972,6.008587769992526,6.005580103857433,6.00591419951394,6.058346165843024,6.083704692299429,6.1830475007877395,6.267010849954136,6.280616387632224,6.3030509295574415,6.475951618554192,6.702467771576064,6.815293128636527,6.897372008587457,7.763367845229493,8.053038780017323,,5.092038933406636,4.809408983304803,4.854834451499534,4.809562049013982,5.174466999809155,5.112825649380386,5.081339159045265,5.1046139635054475,5.129989996570874,5.2343901103998505,5.2821080328777885,5.928697399001255,5.819532532754383,5.803527049861783,6.019805559700515,6.013031809444485,6.008969005294206,6.0062132367976,6.005673776214577,6.006049345828195,6.108077736526242,6.317081665118594,6.431789290430334,6.5062199024695015,6.567088548905185,6.8456163177469165,6.930106677589919,7.21672940901933,7.890530991069169,8.249535191910915,4.861849761203666,5.928697399001255,5.183082872577983,5.984478050764708,6.058346165843024,6.267010849954136,6.702467771576064,7.763367845229493,5.053739965174742,#000000,0.5610227388553616,5.053739965174742,-0.2562105868792599,49.610179824234,6.780866727105533,False,False,False,False,False,0.33937412194005034,0.0,0.0,0.0,0.0,0,1.018433830393072,0.8941035275291608,False,False,False,False,0.020190708362017962,0.06323060373973773,False,False,False,False,64995637,56282081.29603916,False,False,False,False,1551245.6231878859,False,False,False,False
2025-09-08 00:00:00+00:00,4.84,4.92,4.7913,4.91,633400,5.2272969624190395,5.178468575873044,5.016241388491109,4.859586105097873,4.917650370882964,5.046146110884,5.129183131391456,5.099450434649625,5.094492949999964,5.1123292089280525,5.18256482728257,5.271819479038603,5.412850888240874,5.756780211048552,6.064703269249284,5.859113888081981,5.833071098810163,5.822123572556779,5.810869205499484,5.98384634520381,6.015167550747809,6.009546972450923,6.007972171452958,6.004969994939923,6.005305503078365,6.057725092262359,6.0830746656374926,6.182382215216186,6.26631148875082,6.279911380282989,6.3023367627158215,6.475175845209255,6.701607236873519,6.814392054030138,6.896443809671553,7.7621074962043135,8.051667069638095,,5.088619488932143,4.809738736790513,4.85481417996944,4.809728275900785,5.173790805208453,5.112310674108493,5.0809060514653615,5.104181213724346,5.1295354012043575,5.233816354298147,5.281514036136353,5.927995110380791,5.81893750916876,5.802949820415837,6.019173750624064,6.0124090684056455,6.008352458442451,6.005601305235062,6.005064649227671,6.005441831624751,6.107440247219715,6.316362177507105,6.4310289127017555,6.505433790294318,6.566279772551285,6.844705214384114,6.9291686367752625,7.215686060487505,7.889221634843589,8.24808741877072,4.858654120798424,5.927995110380791,5.18256482728257,5.98384634520381,6.057725092262359,6.26631148875082,6.701607236873519,7.7621074962043135,5.051351744660179,#000000,0.5592479103443151,5.051351744660179,-0.37792138468618564,48.042435391682716,5.149400798482326,False,False,False,True,False,0.0,0.0,0.0,0.0,0.0,0,1.0173220148954911,0.9163129654841033,False,False,False,False,-0.0077774621648138195,0.027726570787461952,False,False,False,False,64362237,56598950.14717487,False,False,False,False,1515251.6771805177,False,False,False,False
2025-09-09 00:00:00+00:00,5.05,5.1058,4.8,4.85,932988,5.204013561640785,5.172295387939061,5.01570918455218,4.860795909343757,4.918154815846912,5.045865515908512,5.128759271230746,5.099126943881178,5.094214735789443,5.112017082206748,5.182113276347477,5.2712209473664595,5.412080636819483,5.755612393879889,6.063510698136186,5.85829860774194,5.8322937565884825,5.821364944523516,5.810128646430566,5.983027674881547,6.0143526898700905,6.008742953165072,6.00717207968111,6.004177303260938,6.004514613515219,6.0569134640594235,6.082249201908299,6.181502547806148,6.265380578509685,6.278972013090913,6.301383657433966,6.4741292093816085,6.700433356981756,6.813157308698362,6.895168119577651,7.760338884896681,8.049733713144903,,5.086508878011189,4.811792640798171,4.855693278019889,4.810773619613845,5.173213090228783,5.111944461110276,5.08064254126779,5.103883746151027,5.129190665415286,5.233270469100492,5.280914796403101,5.927091546926145,5.818184212658199,5.802221019916902,6.01835157026073,6.0115992943245935,6.00755110073029,6.004806190538821,6.004273223008642,6.0046524637234535,6.106603009206412,6.315401028239089,6.430005650011489,6.504371444517732,6.565183351028158,6.843455321716403,6.9278779807223705,7.21423841277586,7.887380512168539,8.246041656492837,4.895617515350829,5.927091546926145,5.182113276347477,5.983027674881547,6.0569134640594235,6.265380578509685,6.700433356981756,7.760338884896681,5.049835430265152,#000000,0.5584397263153704,5.049835430265152,0.0002946956083039062,49.12589675025066,5.149400798482326,False,False,False,False,False,1.622941854595073,0.0,0.0,0.0,0.0,0,1.0051698905573934,0.9021061338763042,False,False,False,False,0.03730954394666049,0.03251805736706122,False,False,False,False,65295225,56939980.53356017,False,False,False,False,1492417.8074871642,False,False,False,False
2025-09-10 00:00:00+00:00,4.97,5.085,4.95,5.08,664055,5.191046588581447,5.168501258174062,5.015539530288048,4.861754494027501,4.918595917348871,5.045720996623473,5.1284934124806005,5.0989308164639064,5.094047256589626,5.111824482013964,5.181819813211196,5.270820807778401,5.411555098373945,5.754800999976036,6.062676374598848,5.857730140530166,5.83175204599042,5.820836402437204,5.809612825336225,5.982455366943058,6.0137827272870075,6.0081806177497254,6.006612502677078,6.003622923690815,6.0039614893692566,6.056345364004247,6.081671205448935,6.180885803792695,6.264727304054208,6.27831271277557,6.300714566500029,6.473393356558265,6.699606804255043,6.812287368518471,6.894268970717723,7.759088877239069,8.048366485793295,,5.085293367283124,4.813360927504435,4.856390078721327,4.811579310077741,5.172839745418462,5.111718670686417,5.08048796876076,5.103702076011873,5.128974146389768,5.232908989816541,5.280513338919131,5.926460669417958,5.817659422550865,5.801713483737814,6.017776455892808,6.011032911618336,6.006990635858094,6.004250112590838,6.003719726358299,6.004100401052956,6.106016569201175,6.3147261987837116,6.4292864812412125,6.503624376305772,6.564411988952113,6.842574575173983,6.92696814517648,7.213216765148952,7.886078910271766,8.24459446092902,4.913862316445437,5.926460669417958,5.181819813211196,5.982455366943058,6.056345364004247,6.264727304054208,6.699606804255043,7.759088877239069,5.049031042832829,#000000,0.5547000244423783,5.049031042832829,-0.14247528276617016,49.05620678750304,5.149400798482326,False,False,False,False,False,0.8666105811558893,0.0,0.0,0.0,0.0,0,1.0139522275727906,0.9023344069904645,False,False,False,False,0.06443577736645713,0.04847691736675917,False,False,False,False,64631170,57241595.80675389,False,False,False,False,1459932.9915072753,False,False,False,False
2025-09-11 00:00:00+00:00,4.93,5.0652,4.9,4.94,847906,5.1739543642412436,5.1628847085511005,5.014772746426305,4.862644407221521,4.918907228444434,5.04538566325324,5.128058062014431,5.098587729587993,5.093749912589638,5.111498149113424,5.181370640892286,5.270242367009301,5.410826267569473,5.753717272822669,6.061576280419941,5.856974396471301,5.831030930427099,5.820132408828509,5.808925356711562,5.9816983453499715,6.013029612604673,6.007437429311381,6.005872916144226,6.002890123846971,6.0032303553028425,6.0555957258395585,6.0809091022842345,6.180074831164,6.263870001805998,6.277447760439143,6.299837188757016,6.472431503473523,6.698529855329887,6.81115536046887,6.893099944803954,7.7574732733626846,8.0466015578908,,5.083133542375787,4.814944176854498,4.857048457041265,4.812402045460336,5.1722639659185194,5.111336273051726,5.080200239885845,5.103388174467521,5.128619573060719,5.232376273556823,5.279935346149721,5.925624544688268,5.816960306695981,5.801036761292377,6.017016643122929,6.010284452592735,6.006249886765711,6.003515086224686,6.002988094527104,6.003370671751235,6.105243884440182,6.313841552617803,6.428345739640365,6.502648334454675,6.563405131076636,6.84142887365791,6.92578559937533,7.211892067545261,7.884397584407854,8.242727634827347,4.923084616293641,5.925624544688268,5.181370640892286,5.9816983453499715,6.0555957258395585,6.263870001805998,6.698529855329887,7.7574732733626846,5.047757503022591,#000000,0.5506797355727095,5.047757503022591,-0.21384026942651763,48.60464682627685,4.917108054902997,False,False,False,False,False,0.4864507981494306,0.0,0.0,0.0,0.0,0,1.004400704112658,0.9127700432069131,False,False,False,False,0.0467362563272019,0.047606586846980534,False,False,False,False,63783264,57498131.81433217,False,False,False,False,1435931.9330167938,False,False,False,False
2025-09-12 00:00:00+00:00,4.87,4.97,4.865,4.96,654870,5.158926145661921,5.157430997020399,5.0134610229686105,4.862902298259671,4.918818485772772,5.04492564155967,5.127593235839968,5.098198701857199,5.093408516046334,5.111138406033122,5.180923690764014,5.2697046094442275,5.4101851603786395,5.752815179086147,6.0606791049084485,5.856350153336522,5.830434090649343,5.81954922389332,5.808355330187874,5.981078025428618,6.01241354881172,6.006829293234785,6.005267672716293,6.00229033059584,6.00263193482907,6.054983837529351,6.080287809955912,6.179416581767733,6.263176365010326,6.276748269757852,6.299128195873933,6.471658256837368,6.697668613840132,6.8102520236692055,6.892168373058993,7.756198457955382,8.045211802717771,,5.080650191645725,4.815637602490278,4.857256250445108,4.812770072795115,5.171686043899606,5.110914871313382,5.079857164621412,5.103036030649383,5.128241021160206,5.231869044256746,5.279400794017229,5.924937211175008,5.816381010882661,5.800475269999345,6.016395238547416,6.009672102710362,6.005643705476608,6.002913493251143,6.002389259279628,6.002773404167369,6.104614682549705,6.313127021010682,6.427588551577309,6.5018642990767415,6.5625975523408115,6.8405150951087075,6.924843748686285,7.210841181585018,7.883072184443819,8.241259407023684,4.920469119065276,5.924937211175008,5.180923690764014,5.981078025428618,6.054983837529351,6.263176365010326,6.697668613840132,7.756198457955382,5.046388819540195,#000000,0.546967619311998,5.046388819540195,-0.3224849393499113,47.6774654975887,3.648374298807049,False,True,False,True,False,0.0,0.0,0.0,0.0,0.0,0,0.9967671542875617,0.9260486543279722,False,False,False,False,0.013790345659576321,0.030698466253278427,False,False,False,False,63128394,57718926.409848556,False,False,False,False,1405302.0532906451,False,False,False,False
2025-09-15 00:00:00+00:00,4.97,5.025,4.87,4.87,653866,5.1482751743039294,5.153297292430745,5.012791822273284,4.863506038233284,4.9190034872412,5.044639160722261,5.127240135060585,5.0979167952094055,5.093163329811444,5.110871583558666,5.180563805965331,5.269246821467147,5.409613612251684,5.751972691756845,6.059825846163167,5.855762455057893,5.829873106594144,5.819001462433995,5.807820328525893,5.98048993474922,6.0118286132905405,6.006252026979417,6.004693191383171,6.001721096692941,6.002063993181585,6.0544017569194,6.079696164183515,6.178787422527908,6.262511598100039,6.27607762182262,6.298447996459256,6.470913156344501,6.6968350274576025,6.809376104373695,6.891263997581834,7.7549504926208295,8.043848924759594,,5.078956464151074,4.816741411498175,4.857708655534964,4.813353170360916,5.1712249543729545,5.110602614880883,5.079618062096262,5.1027784503575315,5.127952982092557,5.231445692848172,5.278943713301326,5.92428757270833,5.815837016345582,5.799948563696548,6.015805129117169,6.009090763703226,6.005068324759203,6.002342536379755,6.00182093092608,6.00220655171924,6.1040149254603655,6.31244123652092,6.4268596715130615,6.501108297204061,6.561817861355652,6.83962864986539,6.923928983254843,7.209817072521982,7.8817736434225445,8.23981810821015,4.924221889400832,5.92428757270833,5.180563805965331,5.98048993474922,6.0544017569194,6.262511598100039,6.6968350274576025,7.7549504926208295,5.045510269507772,#000000,0.5424110090161898,5.045510269507772,-0.13921227307817835,48.275312718773264,3.648374298807049,False,False,False,False,False,0.8714526407835308,0.0,0.0,0.0,0.0,0,0.9802227962544396,0.9329996771068775,False,False,False,False,0.028964751448603877,0.029831608850941153,False,False,False,False,63782260,57956704.19769763,False,False,False,False,1375833.9727694434,False,False,False,False
2025-09-16 00:00:00+00:00,5.0,5.09,4.93,4.97,571963,5.1420881332357204,5.150724070833594,5.0127310984277695,4.8643222834583995,4.919393830520947,5.04453363659538,5.127024743182218,5.097759928181462,5.09302950416337,5.110716047408232,5.180321832015078,5.268913126165228,5.409171517855554,5.751284873159698,6.05911539901508,5.855278450869281,5.829411925355747,5.818551500934159,5.807381209633649,5.980001950778245,6.011342465579122,6.005772380200676,6.004215893575116,6.001248225076499,6.001592185791779,6.053916997211943,6.079202888962566,6.1782608141667845,6.261953609550596,6.2755144582576134,6.297876423674692,6.47028418060462,6.696128118851194,6.808631909336747,6.890494686762905,7.753879885344156,8.042677670341297,,5.0781140112028655,4.818048219156251,4.858309312816138,4.81404394587338,5.170919219045464,5.1104208505542985,5.079496063008099,5.1026323872594395,5.12777684108706,5.231145444189281,5.278608542437001,5.923750273473715,5.8153902519719045,5.799516509994179,6.015314589375056,6.0086076678216385,6.004590271464089,6.0018682200281495,6.0013488084152025,6.00173564485254,6.103514374152691,6.311864731797374,6.426245042287125,6.500469676248611,6.56115836444782,6.838875162502444,6.923150476651252,7.20894251458629,7.880658736427661,8.23857819630257,4.931379144748325,5.923750273473715,5.180321832015078,5.980001950778245,6.053916997211943,6.261953609550596,6.696128118851194,7.753879885344156,5.045120297901258,#000000,0.5377783209853118,5.045120297901258,-0.08390129564648352,49.03999317244207,3.648374298807049,False,False,False,False,False,1.1603107205709478,0.0,0.0,0.0,0.0,0,0.9931190803853315,0.9255241641706466,False,False,False,False,0.06062913075721062,0.04523036980407588,False,False,False,False,64354223,58207587.287984,False,False,False,False,1344309.620896132,False,False,False,False
2025-09-17 00:00:00+00:00,4.99,5.14,4.9426,4.98,923248,5.134321777059211,5.14723873370534,5.0129117407696455,4.8657802808158275,4.920141752740346,5.044442832722699,5.126729095053828,5.097556370984574,5.0928580366609895,5.110508104003467,5.1799719546184795,5.2684121628522975,5.408490940135096,5.750203368592393,6.057989704886881,5.854514464733867,5.828684428778184,5.8178418981241125,5.80668890867877,5.979229461218085,6.010572407357772,6.0050126871384775,6.003459938852828,6.0004993147243875,6.000844953865171,6.053148541007869,6.078420613725279,6.177424480293902,6.261066530041728,6.27461901449268,6.296967385719937,6.469282192207517,6.695000121084892,6.807443620120184,6.8892657547532075,7.7521645155203425,8.040799873792277,,5.077118543962056,4.820312704723537,4.859382110113494,4.815249174088732,5.1704805239171865,5.11017814407212,5.079347196548175,5.102440456012864,5.127534601633531,5.230700202099983,5.278104026074766,5.922900861222846,5.814685748629295,5.798835492890211,6.014537524793304,6.007842477352255,6.003833116244691,6.001117015445192,6.00060108153794,6.000989835318498,6.102720260122059,6.310947712428893,6.425266285107773,6.49945206738745,6.560106994634228,6.837671835199988,6.9219066487811665,7.2075435170516755,7.878871873379493,8.236589614611312,4.942787542796468,5.922900861222846,5.1799719546184795,5.979229461218085,6.053148541007869,6.261066530041728,6.695000121084892,7.7521645155203425,5.044725206710305,#000000,0.5358539114475819,5.044725206710305,-0.10212710132593394,49.41649284021319,3.648374298807049,False,False,False,False,False,1.0595003600219854,0.0,0.0,0.0,0.0,0,0.9909211334044133,0.9236696714161093,False,False,False,False,0.07652842791375931,0.0608793988589176,False,False,False,False,63430975,58412426.02178855,False,False,False,False,1327797.4004688328,False,False,False,False
2025-09-18 00:00:00+00:00,5.18,5.3051,5.03,5.03,1205721,5.137282859178023,5.148088167960642,5.016112123601772,4.869380782385179,4.92246453169657,5.045180693737785,5.12689732754281,5.097823352254947,5.093113708224222,5.110699577985721,5.179947815598201,5.26815429412674,5.4079455074788285,5.749081776933617,6.056732508210212,5.853695710519797,5.827910159271585,5.817088971601956,5.8059567146300255,5.978378022528343,6.0097186668875064,6.00417126577927,6.002622888012417,5.9996705005934166,6.000017941363318,6.052290311204631,6.077543436140309,6.17647355229158,6.260047881116082,6.273589249201769,6.2959195276054185,6.468109079792556,6.693659141763384,6.806022311681533,6.887789993358683,7.750048513314406,8.038470806739015,,5.0793455009780235,4.8252821868345,4.861997693402735,4.8178989851494975,5.170485267265201,5.110403481498912,5.079670758125191,5.102661090107548,5.12766908493963,5.2305348903437086,5.277829169089033,5.9219756468303455,5.8139389092780895,5.798116919854105,6.013675417921027,6.006994542165523,6.002994681284419,6.0002855723194415,5.999773559340235,6.000164372312862,6.101826532067637,6.309889144830497,6.4241244773456625,6.4982578872684735,6.558867767713691,6.8362303670604225,6.920410781434376,7.205842430161836,7.876662073513834,8.234115390633695,4.974448740174723,5.9219756468303455,5.179947815598201,5.978378022528343,6.052290311204631,6.260047881116082,6.693659141763384,7.750048513314406,5.046120249423355,#000000,0.5356277532851977,5.046120249423355,0.2499492413444076,52.02319252365857,3.648374298807049,False,False,False,False,True,2.9095431100289986,0.0,0.0,0.0,0.0,0,0.9880339834868971,0.9150333054126281,False,False,False,False,0.14113767768268595,0.10100853827080178,False,False,False,False,64636696,58656515.04054194,False,False,False,False,1323010.0906465256,False,False,False,False
2025-09-19 00:00:00+00:00,5.09,5.1894,5.06,5.13,816441,5.136053368978371,5.147285118624025,5.017418418238453,4.871308020040822,4.923649263393563,5.0454464446999125,5.126862549753242,5.097860591592353,5.093157572030711,5.110704723769597,5.179816049780746,5.267874909455112,5.407486391310094,5.748247982503634,6.055827033957431,5.853094899375879,5.827340206217473,5.816533955706132,5.805416182382838,5.9777607144353055,6.009101218893947,6.003562454241838,6.002017161164612,5.999070586991636,5.999419345806422,6.051671530785625,6.076912087331664,6.1757931890050335,6.259322135124688,6.272856041923332,6.295174182823285,6.467280091362211,6.6927175614408085,6.805026851009653,6.886758081760548,7.748585152954031,8.036863674470213,,5.079875743548535,4.8280126217171615,4.8634138202379615,4.819377683174545,5.170334608157398,5.110410235251818,5.079749956288249,5.102683631196324,5.1276391755771575,5.230312570163053,5.277541594613896,5.921301637207118,5.813388152395585,5.7975858754242555,6.01305211589119,6.00638115834108,6.002387971927172,5.999683787755087,5.999174584102814,5.999566903214783,6.101184282856202,6.3091366374016316,6.423316394943292,6.497414833554048,6.557994518603784,6.835221414528341,6.919365446912377,7.204659052697585,7.875135424865106,8.232410266158407,4.986325099843925,5.921301637207118,5.179816049780746,5.9777607144353055,6.051671530785625,6.259322135124688,6.6927175614408085,7.748585152954031,5.046552979802548,#000000,0.5332493712055838,5.046552979802548,0.08147598955292912,52.44813558410371,3.648374298807049,False,False,False,False,True,1.9785807639983304,0.0,0.0,0.0,0.0,0,0.9922276219606186,0.9355492994312695,False,False,False,False,0.11910416432746931,0.11005635129913555,False,False,False,False,63820255,58859014.6467952,False,False,False,False,1303144.6361113677,False,False,False,False
2025-09-22 00:00:00+00:00,5.03,5.1089,4.99,5.07,691262,5.132206621459859,5.145294686269414,5.017706377239432,4.872449509914723,4.924273692674956,5.045438260739185,5.126683452914642,5.097747774220818,5.093064635090788,5.110583678318368,5.179587927177621,5.267532241723354,5.407006388449688,5.747465930735728,6.055004785057255,5.852538803384218,5.826811010491508,5.8160179122303735,5.804912865779518,5.977196382557678,6.008538215398271,6.003007069340058,6.001464517759181,5.998523109859216,5.998873085521818,6.051109140044309,6.076339314442248,6.175179830054561,6.2586708077105975,6.272198460126245,6.29450643343338,6.466542670390962,6.69188584932117,6.804150015604312,6.8858507960770075,7.74731447484026,8.03547170915051,,5.079391757566356,4.829725211603267,4.864266989984469,4.820321837746217,5.170051950688563,5.110269255824807,5.079676394075306,5.102574998635955,5.127491919231829,5.230012673696335,5.2771953160488705,5.92068237584536,5.8128758578096305,5.797090868300661,6.01248395940998,6.00582173442812,6.001834449840761,5.999134632734697,5.998627966876055,5.999021676169933,6.100602586822149,6.308462910351596,6.42259638861954,6.496665700779933,6.557220117298965,6.83433331148,6.918446985632008,7.203624581691672,7.8738113606951865,8.230935589612272,4.990154304637855,5.92068237584536,5.179587927177621,5.977196382557678,6.051109140044309,6.2586708077105975,6.69188584932117,7.74731447484026,5.046440346568828,#000000,0.52758949541754,5.046440346568828,-0.031161246976339103,51.87798573631599,3.648374298807049,False,False,False,False,True,1.35788608798115,0.0,0.0,0.0,0.0,0,0.9910017505685257,0.9293310210559036,False,False,False,False,0.08067436082256021,0.09536535606084788,False,False,False,False,63128993,59026464.77829342,False,False,False,False,1279149.2386168044,False,False,False,False
2025-09-23 00:00:00+00:00,5.03,5.29,5.0,5.02,1427406,5.130198599442076,5.143830450381047,5.019729762276391,4.875622049634299,4.926223646773748,5.045852698108005,5.126595604031073,5.097785464407475,5.093116445207013,5.110569277875125,5.179337782000055,5.2670277296100325,5.406191944678447,5.746002046627502,6.053417721367711,5.851483080172577,5.82580913635578,5.815042121846621,5.803962366077043,5.976112540424135,6.0074542866862615,6.00193822856019,6.0004010683653926,5.9974698210608075,5.997822105561675,6.050023077873239,6.075231369161438,6.173986527078131,6.257398424940984,6.270913074396808,6.293199895770855,6.465090391553691,6.69023731901156,6.802407560216515,6.884044799442738,7.744756104911651,8.032662590325934,,5.080110816753944,4.834207644339842,4.866622253956163,4.822797072590362,5.169762810812758,5.110253772500015,5.079787394988089,5.102590310892864,5.127417399742909,5.229606301579428,5.276677083859649,5.919499008396402,5.811907504887286,5.79615693348145,6.011389805272662,6.004744905139447,6.000769282612337,5.9980780720818805,5.997576321107413,5.997972668722387,6.099475670530578,6.307143892312417,6.421180538816465,6.495188912539325,6.555690700407489,6.832567337691734,6.916617591236032,7.201554487836128,7.871142612764978,8.227955559532756,5.00442675772143,5.919499008396402,5.179337782000055,5.976112540424135,6.050023077873239,6.257398424940984,6.69023731901156,7.744756104911651,5.047120562835664,#000000,0.5242939224484449,5.047120562835664,-0.032654513246521875,51.49788583779085,3.648374298807049,False,False,False,False,True,1.35788608798115,0.0,0.0,0.0,0.0,0,0.9902938535827812,0.9135586776993198,False,False,False,False,0.12952680983128545,0.11244608294606667,False,False,False,False,63128993,59187348.23796819,False,False,False,False,1284963.2292592828,False,False,False,False
2025-09-24 00:00:00+00:00,5.18,5.2389,5.01,5.02,927559,5.130819221652696,5.143809685011928,5.021524682809621,4.87795469055332,4.927719016993235,5.0462779787818715,5.126642160065928,5.09790919531618,5.093239528266102,5.110646490575331,5.179256887015129,5.266775408365661,5.405728918726532,5.74510817062001,6.052428690734746,5.850832006161393,5.825192377038524,5.814441889748463,5.803378178838197,5.975439026966203,6.006779650259459,6.0012731446238075,5.999739382969552,5.996814540871214,5.997168247491651,6.04934577473279,6.074539690947906,6.1732388452162565,6.256599143640348,6.270105317420702,6.292378346330155,6.464173505140634,6.689192419453797,6.801301388971858,6.882897116426213,7.7431191161516075,8.030862661962331,,5.0811694949116815,4.837421272166532,4.868356132892021,4.8245854883032635,5.169683615326248,5.110344879398712,5.079955789846882,5.102688261044596,5.127453472127694,5.229421212555148,5.276413554196257,5.918766132674751,5.811311986412844,5.795583275937747,6.01070868696494,6.004074767573835,6.000106518375084,5.997420740426989,5.996922057630705,5.997320030560253,6.098771469744095,6.306314187923493,6.420287483203744,6.494255988900026,6.554723434123359,6.8314457996009805,6.9154545928341316,7.200234757385128,7.869433896338763,8.226044603179094,5.014641610377399,5.918766132674751,5.179256887015129,5.975439026966203,6.04934577473279,6.256599143640348,6.689192419453797,7.7431191161516075,5.047872897152949,#000000,0.5162476970253171,5.047872897152949,0.2559374184299188,53.32791970164061,3.648374298807049,False,False,True,False,True,2.871799631392431,0.0,0.0,0.0,0.0,1,0.9943649273075622,0.9163674711403779,False,False,False,False,0.1189759716036957,0.1157110272748812,False,False,False,False,64056552,59378297.40510669,False,False,False,False,1270947.377131468,False,False,False,False
2025-09-25 00:00:00+00:00,4.95,5.16,4.92,5.16,765740,5.126158089626711,5.1412057666906765,5.021387757900612,4.878899017067698,4.928185006671171,5.046147298644312,5.126368962976025,5.097710899398308,5.093070205145899,5.110448855730654,5.17894667799188,5.266344997766694,5.4051550862724955,5.744209719597211,6.051494684043411,5.850194623664886,5.824584981799076,5.813849216173457,5.802799740963375,5.974795154084601,6.006137893782746,6.000639926566946,5.999109246381279,5.996190211385588,5.9965453054618685,6.048705478414772,6.073888061682017,6.172542862301782,6.255861484508612,6.269360787408697,6.291622649224959,6.463341452334484,6.688256784454784,6.800316176043109,6.881878475467867,7.741700233818654,8.029310094127036,,5.080193483632348,4.838891508915826,4.869086030468686,4.82543657504008,5.169294955244012,5.110114698157626,5.079802199785961,5.102503004472593,5.127228960086266,5.229034919233823,5.27598078701336,5.918058635891191,5.81072350886415,5.795014121320036,6.010061160506878,6.003437020358886,5.999475391770912,5.996794518361253,5.996298705948222,5.996698263864477,6.098110136903131,6.305551935338245,6.4194745179266866,6.493411100521891,6.55385079670223,6.830448218816057,6.914423698065759,7.199076202778076,7.867956173539959,8.224400848555508,5.014375290320651,5.918058635891191,5.17894667799188,5.974795154084601,6.048705478414772,6.255861484508612,6.688256784454784,7.741700233818654,5.047553997682367,#000000,0.5043115278440263,5.047553997682367,-0.19343995188731447,51.199379055143574,3.648374298807049,False,False,False,False,False,0.44509814166350026,0.0,0.0,0.0,0.0,1,0.9884712018573292,0.9141303310752791,False,False,False,False,0.07586735988072447,0.09578919357780283,False,False,False,False,63290812,59531729.35000447,False,False,False,False,1251135.3231263123,False,False,False,False
2025-09-26 00:00:00+00:00,4.86,4.99,4.8424,4.95,670281,5.118687465233751,5.1371234646285515,5.020112256351621,4.879014527577251,4.928033475319035,5.045679962640368,5.125900627818683,5.097316298203399,5.092722535860699,5.1100833973786095,5.178495824918244,5.265804552776796,5.404511496325124,5.743304808326231,6.0505902954461845,5.849562870673771,5.823980700921896,5.813258616390359,5.802222332218862,5.97416659581769,6.005513433583749,6.000023421742408,5.998495642399858,5.99558207377167,5.995938539832418,6.04808499837746,6.073258055845632,6.171875419578847,6.255158241219122,6.268651622921354,6.2909038715831995,6.462557571935919,6.687383783959239,6.799400519879076,6.880934180054318,7.740408326543171,8.027901778869555,4.8974666666666655,5.078025996824502,4.839325082135098,4.869213470919749,4.825724830910898,5.168717051484892,5.109688569745568,5.07945245399624,5.102144911211814,5.126845162662877,5.2285247451961405,5.275443336387253,5.9173636048535085,5.810136806718911,5.794445274028244,6.009431340555679,6.002816287462397,5.998860847859079,5.996184577258767,5.995691526412482,5.996092651198593,6.097472105364323,6.304827549948216,6.418706913046979,6.492616282831092,6.553032133948804,6.8295219715233415,6.913468964196683,7.198011000653663,7.866613037213124,8.22291306261359,5.008784471717152,5.9173636048535085,5.178495824918244,5.97416659581769,6.04808499837746,6.255158241219122,6.687383783959239,7.740408326543171,5.032563910378514,#000000,0.48794879549629616,5.032563910378514,-0.3536516781499528,48.67682051824647,2.6947475393486684,False,True,False,False,False,0.0,0.0,0.0,0.0,0.0,1,0.9819003085536151,0.9316092502465249,False,False,False,False,0.01313298194728799,0.05446108776254541,False,False,False,False,62620531,59652858.82647489,False,False,False,False,1228356.7222193982,False,False,False,False
2025-09-29 00:00:00+00:00,6.23,6.43,5.5,5.51,13206013,5.484678563587566,5.364446178243617,5.19431433794852,5.007233557962291,5.027713048308239,5.104443183549559,5.16183753704934,5.133046573682268,5.1252240465413745,5.140929240216594,5.205258914627791,5.287899393616863,5.420321736687498,5.749698054060969,6.050632004561776,5.852190701108004,5.826888609231397,5.816268833418318,5.805338582070575,5.9750662822706975,6.006038280336442,6.000603998780385,5.999090895230057,5.996205061274027,5.9965561027657515,6.048140144039584,6.073050023681987,6.170665353121206,6.253120439851966,6.2664808149792846,6.288514952822932,6.458560826494793,6.681351843349731,6.792393671999284,6.873247140969655,7.725444384579133,8.010561498673644,5.997500308665509,5.262782173197081,4.993837393893313,4.965458623536608,4.915442810680199,5.20428101313619,5.145530029985447,5.114916775664402,5.133786196717226,5.156365082890235,5.252793265570426,5.296612656029653,5.919163804854076,5.813176532747255,5.797638103421226,6.009915581658032,6.003368794697503,5.999452837736669,5.996802537565193,5.9963123035014565,5.996707313523037,6.097014764764551,6.302304047075477,6.415112080244977,6.488347851282471,6.54821311654311,6.8222625764604325,6.905521365579165,7.1876677677711065,7.850601984642167,8.203964468979,5.515516320826247,5.919163804854076,5.205258914627791,5.9750662822706975,6.048140144039584,6.253120439851966,6.681351843349731,7.725444384579133,5.181688333772779,"rgba(0, 255, 0, 1.0)",0.4946752779651413,5.181688333772779,2.119191544278253,57.16909011339069,2.496343762262711,True,False,True,False,True,11.617582597149234,0.0,0.0,0.0,0.0,0,0.9772481656333543,0.8663329730959559,False,False,False,False,0.34282821154086074,0.1986446496517031,False,False,False,False,75826544,60287120.99014255,False,False,False,False,1698068.7331127552,False,False,False,False
2025-09-30 00:00:00+00:00,5.96,6.15,5.68,6.15,3774806,5.529505856984146,5.401899260000561,5.228139047867611,5.035161195399639,5.049994636340091,5.117979004619324,5.170252467485708,5.14147044311345,5.132932620361291,5.148236726972258,5.211541429149415,5.293007753732787,5.423847211081594,5.7507546055474394,6.050109967734633,5.85247646843431,5.827260945600858,5.816674996122075,5.805779221841781,5.974920362344857,6.005800476582751,6.00038489278431,5.998877187304116,5.996001546986007,5.996352029623419,6.047786384777395,6.072624371499952,6.1699651761961745,6.252190568590119,6.265513931910477,6.287487427607201,6.457089353489298,6.679314237671655,6.790084751847694,6.870749470944236,7.720903851815545,8.005351968045185,5.983064915395264,5.297054733344108,5.026699589446695,4.987359042420181,4.936203416082036,5.212525893402253,5.1539553573116414,5.1233135694212,5.14128566058398,5.1633473563629995,5.258441295936109,5.301501608335901,5.919204659156775,5.813592425383826,5.798103069529355,6.009664413434099,6.003140140735312,5.999237756269224,5.996596697737772,5.996108796076952,5.996503188063783,6.096521576266318,6.301239284827136,6.413751616723538,6.486801361058823,6.546513637584375,6.819883604780379,6.902951661185223,7.184427792637532,7.845766715834669,8.198301748672742,5.565992113782475,5.919204659156775,5.211541429149415,5.974920362344857,6.047786384777395,6.252190568590119,6.679314237671655,7.720903851815545,5.199019039645721,"rgba(0, 255, 255, 0.75)",0.49047850326127584,5.199019039645721,1.551507263405808,60.23390667512147,4.980821807751575,True,False,True,False,True,8.912535793508397,0.0,0.0,0.0,0.0,0,0.9847197816317884,0.8935316057425838,False,False,False,False,0.32153831750038614,0.2600914835760446,False,False,False,False,72051738,60748478.51994088,False,False,False,False,1779509.4102455885,False,False,False,False
2025-10-01 00:00:00+00:00,5.73,5.95,5.72,5.95,1569284,5.540370845834675,5.41256567846893,5.238864520232603,5.044664814708098,5.057616074552877,5.122596347026179,5.173107410835481,5.144351531922661,5.135578375894283,5.150736381928915,5.2136544857786955,5.294679046917175,5.42492577424613,5.750874281275669,6.049660813097724,5.8523964684327066,5.827220083078462,5.816650276097559,5.805770741952234,5.974685222652525,6.0055332526049705,6.0001267042706345,5.998621779837779,5.995751388365016,5.99610206011599,6.047478311252719,6.072287548591106,6.169518248753195,6.251650228067522,6.2649584949890995,6.286907280150338,6.456329751090473,6.678324002273439,6.788983974414825,6.869572064182136,7.71888645633071,8.00305872005635,5.968118239892259,5.3075702377509595,5.037822244422516,4.994958051786797,4.943489648284057,5.215287521166149,5.156827097251373,5.126199261081798,5.143854916138212,5.165727174701951,5.2603125166256754,5.303096112741965,5.919018115294754,5.813572338492406,5.798105835724838,6.009390824965853,6.002877290909272,5.998981583602717,5.996345182900364,5.995858913259304,5.996253528557076,6.096158005914093,6.30064404654634,6.413036892776882,6.486011445621117,6.545661467688129,6.818754399237385,6.9017451414346915,7.182946679983015,7.843627808531362,8.195821456760195,5.577268359772224,5.919018115294754,5.2136544857786955,5.974685222652525,6.047478311252719,6.251650228067522,6.678324002273439,7.71888645633071,5.204015318694039,"rgba(38, 166, 154, 1.0)",0.4873494500722718,5.204015318694039,1.0792762384936723,60.29468172801765,4.980821807751575,True,False,True,False,True,6.6948431074848465,0.0,0.0,0.0,0.0,0,0.9755034050267012,0.9272101177936266,False,False,False,False,0.2880432370362717,0.2740673603061582,False,False,False,False,70482454,61130203.04857065,False,False,False,False,1771265.2765104675,False,False,False,False
2025-10-02 00:00:00+00:00,5.68,5.94,5.55,5.73,1588970,5.547521308538568,5.420773926003467,5.247893439227039,5.053097404476521,5.0643960913314805,5.1266863716409,5.175621595768746,5.1469050609435225,5.137929360717524,5.152951363512993,5.215500902931751,5.2961050663867235,5.425789639882217,5.75080667824782,6.049068510414485,5.852197551437881,5.827062648575511,5.816510411952062,5.80564844530416,5.974343564999874,6.005162717405443,5.999766062892561,5.998264271327496,5.995399791391022,5.995750903459391,6.04707075834405,6.071851558529686,6.168973151097094,6.2510117741734375,6.264304927148775,6.286228987642716,6.455472772740716,6.677236293355513,6.787785669017067,6.868297256679179,7.71676662515432,8.000660921093788,5.949426844043309,5.3161895253036615,5.047662570786272,5.001789848470032,4.950093840477859,5.217694272259965,5.159365444923993,5.128766564739597,5.146134469719142,5.167829705232143,5.2619267910622165,5.3044527581038325,5.918708536413261,5.813437512117379,5.797995593811887,6.009013368294488,6.002511521332324,5.998623185666329,5.99599198279731,5.995507756701494,5.995902881665949,6.0956957184516725,6.2999507043615885,6.412224603880663,6.485124290796843,6.544712074630702,6.817527719972108,6.90044134909651,7.181367252969234,7.841385544928212,8.193235073979718,5.584063601909413,5.918708536413261,5.215500902931751,5.974343564999874,6.04707075834405,6.2510117741734375,6.677236293355513,7.71676662515432,5.207936450405837,"rgba(38, 166, 154, 0.5)",0.4731679986582084,5.207936450405837,0.997665841588658,59.91267632540469,4.980821807751575,True,False,True,False,True,6.2186900340964435,0.0,0.0,0.0,0.0,0,0.9525711951366436,0.9321456514363657,False,False,False,False,0.2510951766603211,0.26258126848323965,False,False,False,False,68893484,61434645.43882278,False,False,False,False,1764116.4421375082,False,False,False,False
2025-10-03 00:00:00+00:00,5.65,5.9065,5.58,5.7,1560921,5.553608621066047,5.428143355135995,5.256240426384748,5.06104490753325,5.070812676734999,5.130576143207226,5.178019227890235,5.149343506541408,5.140176898548082,5.155068350361099,5.2172621482860375,5.2974603312531485,5.426601734213012,5.750713729449279,6.048468878137366,5.851985860776711,5.826891858049926,5.816357007283095,5.805512410520868,5.97399395075027,6.004785284495103,5.999398427296378,5.997899748986032,5.995041143542148,5.9953927206353805,6.046657621142715,6.0714106354298485,6.168425585664169,6.250372850543495,6.26365120919556,6.285551069568887,6.454620060650471,6.676157714784028,6.786598816143209,6.8670355237787115,7.714676953926308,7.998298829186038,5.932871643298976,5.324092763952233,5.0569026682338505,5.00827545360196,4.956381309280509,5.219984713807073,5.16178799760932,5.131220181565394,5.148313402657722,5.169838530263111,5.263463533838145,5.305741652910537,5.918388047367467,5.813289091832237,5.79787146426083,6.008629087521154,6.002138804533914,5.998257776154568,5.9956317327100574,5.995149562193687,5.995545224828936,6.09522912108565,6.299258062160038,6.41141561026569,6.484242058257718,6.543768922420227,6.816313096039867,6.899151254237647,7.179807173751941,7.839175886811113,8.190688146971,5.58966215944441,5.918388047367467,5.2172621482860375,5.97399395075027,6.046657621142715,6.250372850543495,6.676157714784028,7.714676953926308,5.211635138883661,"rgba(38, 166, 154, 0.5)",0.46703910170539453,5.211635138883661,0.9386041971981546,59.38872103808748,4.980821807751575,True,False,True,False,True,5.92989739911425,0.0,0.0,0.0,0.0,0,0.9597008298896896,0.9236501485604999,False,False,False,False,0.2503836572926107,0.2564824628879252,False,False,False,False,67332563,61665936.32357483,False,False,False,False,1756147.9934262335,False,False,False,False
2025-10-06 00:00:00+00:00,5.81,5.86,5.6009,5.7,1490669,5.560543966259862,5.435897850521071,5.264692503365767,5.068967870411,5.0772427454363545,5.134525355857331,5.180479404871908,5.151836451660725,5.142473749348399,5.157236530099656,5.219083709275841,5.29888531350365,5.427493987193183,5.750728061038829,6.047974241587057,5.851848878946304,5.826792734506977,5.816273739128477,5.805445039778094,5.973717920538237,6.004480790815535,5.9991028374228605,5.997606943947737,5.994753594146994,5.995105475195747,6.046316744103468,6.071042950275062,6.1679551137804856,6.249814768061081,6.263078953996186,6.284955622303929,6.453856577961983,6.675177692524057,6.785514980541084,6.865879788542203,7.71272994998277,7.996091710897895,5.9218823003957155,5.332189252272181,5.066077280233037,5.014746799215636,4.962639933018688,5.22234965438621,5.1642684912807955,5.133723396462282,5.150542758221418,5.171900487133526,5.2650669052389745,5.307099798266276,5.918149198407019,5.813210372201494,5.7978150463978215,6.008318346551251,6.001838609049333,5.997964191051028,5.995342787161379,5.994862354394924,5.995258370782819,6.094836572133071,6.298648475143871,6.410694157081324,6.483450189057654,6.542918626383413,6.8152025911564715,6.89796823627528,7.178365782453787,7.837114311361633,8.188304601820857,5.596365119731323,5.918149198407019,5.219083709275841,5.973717920538237,6.046316744103468,6.249814768061081,6.675177692524057,7.71272994998277,5.215710839022579,"rgba(38, 166, 154, 1.0)",0.4799711233798742,5.215710839022579,1.2381769069616906,60.069553534273595,4.980821807751575,True,False,True,False,True,7.241098015678681,0.0,0.0,0.0,0.0,0,0.9668846820496154,0.9221373632325859,False,False,False,False,0.2451868959630638,0.25083467942549453,False,False,False,False,68823232,61946614.585395426,False,False,False,False,1745737.052507558,False,False,False,False
2025-10-07 00:00:00+00:00,6.17,6.5107,5.81,5.82,3664054,5.607184208491827,5.475766703127386,5.3005011180246475,5.098765143069295,5.1017020340543215,5.1502289902856395,5.190641593573701,5.161937489807672,5.151735314838491,5.166068647651026,5.22685466426784,5.3054265044197475,5.432348233868931,5.753040825677836,6.048454358228761,5.852949550269828,5.827962103719432,5.817466478635961,5.806662493459339,5.97430958443478,6.004959803455607,5.999594255879545,5.998101220568412,5.995253282145143,5.995602863737242,6.0466548881358255,6.071308117651786,6.167942814496664,6.249575646770536,6.262803464225026,6.284620434723439,6.45307781476377,6.673840438093519,6.7839099103828575,6.864087079223168,7.708952176709986,7.991666845919937,5.954054675811421,5.36873131916089,5.100327363396067,5.038646593922798,4.9852812839446985,5.232429522284671,5.174401541781201,5.143751111717848,5.159581692811236,5.180387599514157,5.272185403210593,5.313389688581745,5.919038546447772,5.814409879337569,5.799050821500009,6.008788101764158,6.002323890792708,5.998457982151281,5.995841907166223,5.9953609026235775,5.995754316490285,6.095032064842913,6.298276270148024,6.410026337891984,6.482596369059087,6.541913604709495,6.81352783908128,6.896103295543716,7.1758451685098015,7.8330513942283595,8.183442122746902,5.647214498961302,5.919038546447772,5.22685466426784,5.97430958443478,6.0466548881358255,6.249575646770536,6.673840438093519,7.708952176709986,5.23710619736345,"rgba(0, 255, 255, 0.75)",0.4950074801502137,5.23710619736345,1.884605465665805,62.517733889874656,7.200177492695502,True,False,True,False,True,10.07101752397963,0.0,0.0,0.0,0.0,0,0.9791669379304957,0.884077030247002,False,False,False,False,0.34282821589665524,0.2968314476610749,False,False,False,False,72487286,62359974.248713255,False,False,False,False,1820965.1680954967,False,False,False,False
2025-10-08 00:00:00+00:00,6.1,6.18,5.92,6.18,2056927,5.626304484814517,5.49339921840046,5.3172606849001385,5.113333919325545,5.113746786531324,5.158013344665043,5.195695833004072,5.166980032374347,5.156370412692083,5.1704841269564925,5.2307158262372,5.308645638001203,5.434687936259757,5.754024058379875,6.048496725249459,5.853372347728199,5.828426496214001,5.817946011671622,5.807157751111675,5.97447088481873,6.005063932612281,5.999706575109681,5.998215667505267,5.9953717521510015,5.995720456913208,6.0466872347859395,6.071300662102619,6.167783721749656,6.249291406684208,6.262499116234135,6.284283102793824,6.452496747278468,6.672950812282296,6.782872299611866,6.862946037378686,7.706707001507069,7.989060994832262,5.961884952053211,5.385537966217008,5.116965522612527,5.0505140649393745,4.996606617108833,5.2374150189333495,5.179452000646565,5.148768553574324,5.164102672604471,5.184625398660085,5.275703305555325,5.3164825281694,5.919338262345398,5.814893782966612,5.7995574610058975,6.008886249973718,6.002432092582529,5.99857196690262,5.995959677712411,5.995479000682936,5.9958714253339584,6.0949868442127055,6.297918562976031,6.4095062391618915,6.481974067145309,6.541207833395074,6.812451829204144,6.894922559052494,7.174300698219953,7.830647304290131,8.180592183383114,5.6673129678257395,5.919338262345398,5.2307158262372,5.97447088481873,6.0466872347859395,6.249291406684208,6.672950812282296,7.706707001507069,5.246873080550689,"rgba(0, 255, 255, 0.75)",0.5015998458977672,5.246873080550689,1.700811765446973,63.42822139123378,8.213812947054066,True,False,True,False,True,9.371860360040891,0.0,0.0,0.0,0.0,0,1.007853300349472,0.8992159788484444,False,False,False,False,0.30088617912514315,0.29885881339310905,False,False,False,False,70430359,62676459.9252343,False,False,False,False,1830218.5732682224,False,False,False,False
2025-10-09 00:00:00+00:00,6.14,6.665,6.11,6.3,4010984,5.677243277922412,5.538027692653786,5.357669288136696,5.147313264711329,5.142052788705815,5.176701893224358,5.208037198838716,5.179215436458368,5.167606450937146,5.18122790825909,5.240261595063489,5.3167944936666585,5.440903031940244,5.75737187967191,6.049655028535657,5.855107883206593,5.83022761341483,5.819766771863942,5.809000068888763,5.975592723565717,6.006047655769278,6.000700248933126,5.999210964807125,5.996370138852961,5.9967152157733175,6.047498858694557,6.0720303837081975,6.168202758965767,6.249459709157627,6.2626273284059515,6.284345439103182,6.4520655065205945,6.671902532686861,6.781528023437095,6.861393548995275,7.7029802138264225,7.9846273203872,6.002852793435267,5.426776479566127,5.155557319634565,5.07813170587371,5.0227921238539635,5.249712656400186,5.1917395633117955,5.160897342211611,5.1750841993995795,5.194975261292229,5.284514584955461,5.324334085967211,5.920859031751448,5.816720270719488,5.801416509684765,6.009862186412238,6.003421027608877,5.9995672685184305,5.996958510628517,5.996475414981178,5.996863724652458,6.095637690269096,6.297939825683262,6.409198466608598,6.4814592444697725,6.54052578500843,6.811030204810135,6.89328953362311,7.1719467192800614,7.826608986196912,8.175680927097599,5.721804239027269,5.920859031751448,5.240261595063489,5.975592723565717,6.047498858694557,6.249459709157627,6.671902532686861,7.7029802138264225,5.271680732241338,"rgba(0, 255, 255, 0.75)",0.5095098068168082,5.271680732241338,1.7042248375620803,64.2644084204129,9.196792925722875,True,False,True,False,True,9.684859343240316,0.0,0.0,0.0,0.0,0,1.019114124063408,0.8607854630715123,False,False,False,False,0.34282821996620444,0.3208435166796567,False,False,False,False,74441343,63137827.88895061,False,False,False,False,1915738.7860812335,False,False,False,False
2025-10-10 00:00:00+00:00,5.3,6.04,5.29,6.03,3714906,5.668539715696697,5.538284809703305,5.364447337704221,5.157502789602272,5.15069381561597,5.182152425219567,5.211456882383246,5.1828055163483135,5.170979987103193,5.184376279771614,5.242735451824621,5.318497612726336,5.441576063086788,5.756174087912708,6.047546205182509,5.854002157150467,5.829226891638799,5.818812961508124,5.808092622662003,5.974238161296011,6.004646337452578,5.99932563478896,5.997845244337374,5.99502119605751,5.995368624292805,6.046035950713291,6.070505806763705,6.166440350777162,6.247489401107703,6.260623212207044,6.282286090126836,6.449611386940868,6.6689324536196475,6.778310420540429,6.858005493404928,7.697675170640974,7.978688977442367,5.957096385576767,5.431425141639364,5.166883158038207,5.087427632870103,5.03226535670507,5.25281217253009,5.195258979685491,5.1645771848070305,5.178338070095599,5.197930510522112,5.286550507576637,5.32593337821405,5.919485252367524,5.815779887713621,5.8005403190014775,6.008442427218213,6.00203245145712,5.998198890252095,5.995604650982129,5.995128351170029,5.99551935847556,6.094056943249433,6.295847118227714,6.406843136195072,6.47893844950293,6.537866059197399,6.8077494259430935,6.8898372817481714,7.1678723574702685,7.821025078558748,8.169312351115169,5.708715301086556,5.919485252367524,5.242735451824621,5.974238161296011,6.046035950713291,6.247489401107703,6.6689324536196475,7.697675170640974,5.273762707580911,#000000,0.4970371947573248,5.273762707580911,0.05278738230425431,57.92736357738413,13.280359496995118,True,False,True,False,False,1.8326500786910174,0.0,0.0,0.0,0.0,0,0.9717967897389366,0.9028215472526395,False,False,False,False,0.10863462402642682,0.21473907035304177,False,False,False,False,70726437,63435420.40310941,False,False,False,False,1986294.3630976558,False,False,False,False
2025-10-13 00:00:00+00:00,5.4,5.5369,5.21,5.53,1310963,5.662121592666571,5.535662079393263,5.364674409509658,5.1595255513069525,5.1524405314497415,5.183196976221079,5.212069567288142,5.183497231233538,5.171647442797403,5.184981705539153,5.24313631635601,5.318666435563228,5.441438936133949,5.755437201610383,6.0465698657670215,5.8534125345149866,5.828677431369259,5.818282098186613,5.8075799958937075,5.973584288178981,6.003981929677995,5.998671900147083,5.997195178671444,5.994378050228243,5.994726722720996,6.045357001429416,6.06980618763213,6.165660661448089,6.246638306059202,6.259760458917045,6.281404316037456,6.448595185351558,6.6677386475680125,6.77703140243694,6.856668085754935,7.695669803727753,7.976462158439271,5.937584199198812,5.430743326370269,5.169080806987626,5.089492425264963,5.03449901384058,5.253292750641215,5.195917361067261,5.165313976721266,5.178972083110894,5.198480813268574,5.2868155654573386,5.326078266091543,5.918796314869228,5.815254340526751,5.800039838185147,6.007770711107664,6.001373105075749,5.997547695063416,5.994959385862687,5.9944861370206315,5.994878568680129,6.093338785586175,6.294953942887624,6.405860579215364,6.477899556443527,6.536779416701604,6.806448778751586,6.888478024340475,7.166297365273328,7.818922216982181,8.166934908914495,5.700480499385239,5.918796314869228,5.24313631635601,5.973584288178981,6.045357001429416,6.246638306059202,6.6677386475680125,7.695669803727753,5.273159692193849,#000000,0.49288519029290023,5.273159692193849,0.257342501467281,54.42271836040834,10.117254567639897,False,False,True,False,False,2.6476051074155826,0.0,0.0,0.0,0.0,0,0.9750841542880083,0.9378092091041043,False,False,False,False,0.018712400106601038,0.11672573522982141,False,False,False,False,72037400,63772752.93632081,False,False,False,False,1959810.780231081,False,False,False,False
2025-10-14 00:00:00+00:00,5.49,5.56,5.17,5.3,1682469,5.654976166795024,5.532937306283763,5.3653488661794135,5.162346978881192,5.154877588131061,5.184683786096091,5.212961102345097,5.184485919294933,5.172596265243838,5.185848576274375,5.243736908389349,5.318964261423881,5.4413360052584565,5.754557218397078,6.045366847858709,5.852697005380343,5.828012624839391,5.817640657431413,5.80696149580768,5.972781726373019,6.003164654728847,5.997868021766551,5.996395884713082,5.993587403198681,5.993937581956749,6.0445196279433215,6.068942138076365,6.164693344238337,6.245579198197881,6.258686374191899,6.280305790273834,6.44732357827436,6.6662387591882,6.775421978391789,6.8549835340945355,7.693128286688666,7.973636676125053,5.915419815797926,5.430321971428877,5.172151289484963,5.0923173796,5.037522155739594,5.254019826119974,5.196865137626977,5.166357657294066,5.179876834537725,5.199275251322837,5.287239855377089,5.326343243524369,5.917954768471668,5.814619580690206,5.799436644953951,6.006944251951586,6.000562188689801,5.996746995604324,5.994166106740092,5.993696626495532,5.994090782896775,6.0924507464167394,6.29384074787,6.404632292609615,6.476598727432371,6.535417199022615,6.804811523093956,6.8867653257159755,7.164307664525847,7.816255680976525,8.163916321191383,5.691265971095595,5.917954768471668,5.243736908389349,5.972781726373019,6.0445196279433215,6.245579198197881,6.6662387591882,7.693128286688666,5.272759493723886,#000000,0.4869739527222047,5.272759493723886,0.44610292821973396,52.74527033826029,8.658593074650923,False,True,False,False,False,3.380203288774247,0.0,0.0,0.0,0.0,0,0.9616566750859682,0.9312254648367366,False,False,False,False,0.016117658502274267,0.06642169686604783,False,False,False,False,73719869,64162835.919210196,False,False,False,False,1948934.631986725,False,False,False,False
2025-10-15 00:00:00+00:00,5.63,5.93,5.37,5.56,3387932,5.654355351277038,5.537441391559015,5.3740578845526,5.173155679859061,5.164127866720254,5.190747316440683,5.216895205153922,5.188543090438378,5.176392308986498,5.189422753059072,5.246670437431956,5.32115987529258,5.4425329244675815,5.753994981493239,6.0438506122844755,5.852023939937672,5.827428639322601,5.817095392620743,5.806454752672067,5.9718452490353195,6.002175973628139,5.996901247097245,5.995436212655897,5.992641134575369,5.992992725990049,6.0434632544288815,6.0678283720334525,6.163358769881217,6.244053966817302,6.257130214899943,6.278699056867192,6.445352574696494,6.663794747571651,6.772750962403791,6.852155621515823,7.68855556513551,7.9684887343243,5.894320529388602,5.437573024341188,5.184102306727384,5.102025726060286,5.047272017544636,5.257701022786149,5.200871984669435,5.170475160722919,5.183555684248647,5.20266144492295,5.289760359202035,5.328428232013981,5.917049066066358,5.814085412780567,5.798956123774467,6.0059403401694045,5.999584013255745,5.99578525713442,5.993216065027714,5.992751593075137,5.993147375701363,6.09128420353885,6.292203316484187,6.402752460421417,6.47456615228283,6.5332571421919,6.802082337636746,6.883878051266837,7.160852346799633,7.811429647579266,8.15837790214488,5.688418729168867,5.917049066066358,5.246670437431956,5.9718452490353195,6.0434632544288815,6.244053966817302,6.663794747571651,7.68855556513551,5.277284887472936,"rgba(38, 166, 154, 0.5)",0.48453262518030926,5.277284887472936,0.7279491497519037,52.646583167895365,8.555805959943797,False,True,False,False,False,4.513075534911589,0.0,0.0,0.0,0.0,0,0.9770635369813231,0.911828661642489,False,False,False,False,0.10397773144913092,0.08519971415758937,False,False,False,False,77107801,64670481.608652934,False,False,False,False,2005365.9013205788,False,False,False,False
2025-10-16 00:00:00+00:00,5.29,5.7299,5.27,5.6,1215852,5.650142086616478,5.535890459715777,5.374679496095386,5.175210207456693,5.165922403464229,5.191876933605273,5.217591912486494,5.18930675882763,5.177124036085057,5.190095301911376,5.24715208089402,5.321423547801797,5.4425062590334,5.75340821794368,6.043020858354072,5.85153756340045,5.8269780997746015,5.81666127643151,5.806036783092617,5.971293025284122,6.001612296795802,5.99634697794923,5.994885147431268,5.992096113101402,5.992448720685082,6.042884066642614,6.067229893942847,6.1626856560192085,6.243314728669766,6.256380194380117,6.277931435584757,6.444460026101887,6.66273769586485,6.7716149560431695,6.850965398237482,7.686748807070551,7.9664777718481075,5.881747649242985,5.437481223281471,5.18632010710533,5.104086286398529,5.0494696671174815,5.25828361276061,5.201607474653801,5.17127658693102,5.184255645076435,5.203281800315343,5.2901156100489555,5.328667349053577,5.916473247271377,5.8136559939874495,5.798548948965294,6.005370205838827,5.999024805884158,5.9952332140585085,5.992669216019928,5.992207345052356,5.992604291610834,6.090668329013104,6.291425116489777,6.401891184289682,6.473652503911149,6.532299246621984,6.800926244912235,6.882667485912635,7.159442322538467,7.809532985513129,8.156228100751575,5.683024141689904,5.916473247271377,5.24715208089402,5.971293025284122,6.042884066642614,6.243314728669766,6.66273769586485,7.686748807070551,5.27728248245737,#000000,0.47844763050347755,5.27728248245737,0.02658079324010355,50.150381127618395,6.100628495228705,False,True,False,False,False,1.5138261474809056,0.0,0.0,0.0,0.0,0,0.9958297091520011,0.9207704314463759,False,False,False,False,0.05760641046374462,0.071403062310667,False,False,False,False,75891949,65110539.15341165,False,False,False,False,1974404.5718570265,False,False,False,False
2025-10-17 00:00:00+00:00,5.24,5.325,5.17,5.27,830242,5.645013281638268,5.533052009599452,5.373702372329102,5.175589389905903,5.1662852426090105,5.192047677026604,5.217652972824598,5.189426795669296,5.177257519983755,5.190199926698836,5.247148226322055,5.321297294724011,5.44222048766875,5.752780333060642,6.042284989170637,5.851060648051935,5.82652797601886,5.816223874274665,5.8056117921725425,5.97078796078657,6.00110369181074,5.995845718638771,5.994386465519047,5.9916022919249015,5.991955894717339,6.04237003347834,6.066703439473033,6.162110880665913,6.242696092016907,6.255754371593117,6.277293901251,6.4437404944532695,6.661908785708697,6.77073354763077,6.850048157801695,7.685415744246857,7.96500641864622,5.870188635660564,5.435907896880034,5.18667933769217,5.104688301749218,5.050233405312009,5.2582530070301345,5.201702392884968,5.171431738037144,5.184373243634119,5.203359402168252,5.290037686695955,5.328533022385405,5.915931638539296,5.813222225750285,5.798132156521293,6.0048565997242225,5.998519669953805,5.994733724070978,5.992173865810448,5.991714247522405,5.992112332280751,6.09013088879536,6.290780607002601,6.401192181021455,6.472919134097777,6.531536510354515,6.800031570245542,6.881736907090462,7.1583779762327255,7.808139051302718,8.15466259334167,5.676868773622323,5.915931638539296,5.247148226322055,5.97078796078657,6.04237003347834,6.242696092016907,6.661908785708697,7.685415744246857,5.276352227466671,#000000,0.4747199553792667,5.276352227466671,-0.07657615201288186,48.15519090067668,4.134908760016486,False,True,False,True,False,1.0831729714803728,0.0,0.0,0.0,0.0,0,0.9895556059539016,0.9406161595664682,False,False,False,False,-0.046704782746945374,0.01234913978186081,False,False,False,False,75061707,65500781.02974845,False,False,False,False,1929535.4513920452,False,False,False,False
2025-10-20 00:00:00+00:00,5.33,5.4,5.205,5.24,954357,5.640232082450085,5.530596381113914,5.373169674676481,5.176433976476108,5.167048008326706,5.1924879941261075,5.217893114206277,5.189728899664221,5.17756067671297,5.190465410706514,5.24728078689258,5.321279040994207,5.442003711329138,5.752155004817735,6.041511377519457,5.850573564456181,5.826070639617993,5.815780493437881,5.805182062655582,5.970261507966336,6.000571372118887,5.995321436671357,5.993864975901042,5.991086068935346,5.991440686351364,6.0418293076442495,6.0661481463407405,6.161499032553517,6.242033374433054,6.255083334331992,6.276609296764709,6.442960402733067,6.661001931216997,6.769765847258556,6.849038830118091,7.683927006689047,7.96335847878591,5.858772195848059,5.4347514096351395,5.187552732690446,5.105699783069448,5.05140196742435,5.25839409706861,5.201978197703243,5.171770163060398,5.184655889610662,5.203590492968738,5.290080543680297,5.328501952982689,5.9153718963460635,5.812782833185446,5.797711481926456,6.004318792750232,5.997991153776099,5.994211366658006,5.991656007297487,5.991198772247462,5.991598017925642,6.089562614817631,6.290087894239242,6.400435994841024,6.4721229217703735,6.530706241301475,6.799048454261965,6.8807120363286804,7.157198556503898,7.8065802324284315,8.152906316707629,5.671063319837257,5.9153718963460635,5.24728078689258,5.970261507966336,6.0418293076442495,6.242033374433054,6.661001931216997,7.683927006689047,5.275709157376925,#000000,0.4724401577998631,5.275709157376925,0.11491580833413013,47.601718417121326,3.481921328810124,False,True,False,True,False,1.8395020823164465,0.0,0.0,0.0,0.0,0,0.9876434564567462,0.949971067605362,False,False,False,False,-0.09337234356852084,-0.040511601893330015,False,False,False,False,76016064,65913145.06779753,False,False,False,False,1891293.1591805925,False,False,False,False
2025-10-21 00:00:00+00:00,5.14,5.35,5.14,5.35,950395,5.634173409532944,5.527093747140706,5.371786191799618,5.176640170306472,5.167271260455243,5.192551953691836,5.217873087282998,5.189778667257654,5.177633375819512,5.190507836923131,5.24720466297007,5.321069395903626,5.441620716446025,5.751390708779058,6.040635514443716,5.849998032655017,5.825526155389685,5.815250835870402,5.804666853594275,5.969657274056622,5.999963966939486,5.994722605235857,5.99326916632446,5.990495958244224,5.990851773281663,6.041216754774248,6.065521563584829,6.160817810997825,6.241302329006058,6.254344118602931,6.275856769287656,6.442114899238282,6.6600320984507135,6.768736334703934,6.8479686250648815,7.68238284655066,7.961656571082811,5.845829510551965,5.432687153671384,5.187707860530094,5.106204912871673,5.0521048020709305,5.25826713067646,5.201998183988394,5.171861818770675,5.184711807132637,5.203604083022261,5.2899228371264915,5.328284965602547,5.9147218091433205,5.812257410176493,5.797205799496476,6.0037055578214105,5.997387793878323,5.993614605946295,5.9910640936564015,5.990609527572987,5.9910101427146465,6.08892366970597,6.289327451603855,6.399613770000297,6.471261728267469,6.529811678980028,6.798003877946378,6.879626704140402,7.155960909568622,7.804966639626735,8.151096980347727,5.663878175811495,5.9147218091433205,5.24720466297007,5.969657274056622,6.041216754774248,6.241302329006058,6.6600320984507135,7.68238284655066,5.2745143481748284,#000000,0.46710680338122085,5.2745143481748284,-0.287973429633495,45.86356228762978,1.6561649711383168,False,True,False,True,False,0.1823274275081026,0.0,0.0,0.0,0.0,0,0.9661450496539271,0.9943575082756545,False,False,False,False,-0.11604246480843815,-0.07827703335088408,False,False,False,False,75065669,66272067.57494272,False,False,False,False,1854395.1921539025,False,False,False,False
