date,Open,High,Low,Close,Volume,aVWAP_peak_385,aVWAP_peak_309,aVWAP_peak_272,aVWAP_peak_177,aVWAP_peak_127,aVWAP_peak_96,aVWAP_peak_73,aVWAP_peak_53,aVWAP_valley_357,aVWAP_valley_335,aVWAP_valley_294,aVWAP_valley_277,aVWAP_valley_204,aVWAP_valley_182,aVWAP_valley_145,aVWAP_valley_113,aVWAP_valley_37,aVWAP_OB_bull_357,aVWAP_OB_bear_309,Peaks_Valleys_avg,color,StDev,StDev_Mean,StdDev_ZScore,QQEMOD,QQE1_Value,QQE1_Above_Upper,QQE1_Below_Lower,QQE2_Above_Threshold,QQE2_Below_Threshold,QQE2_Above_TL,banker_RSI,OB,OB_High,OB_Low,OB_Mitigated_Index,TTM_squeeze_Active,VI_plus,VI_minus,VI_Regular_Bullish,VI_Regular_Bearish,VI_Hidden_Bullish,VI_Hidden_Bearish,Fisher,Fisher_Signal,Fisher_Regular_Bullish,Fisher_Regular_Bearish,Fisher_Hidden_Bullish,Fisher_Hidden_Bearish,OBV,OBV_Smoothed,OBV_Regular_Bullish,OBV_Regular_Bearish,OBV_Hidden_Bullish,OBV_Hidden_Bearish,Volume_MA,Vol_Regular_Bullish,Vol_Regular_Bearish,Vol_Hidden_Bullish,Vol_Hidden_Bearish
2023-11-27 17:00:00+00:00,32.6,32.875,32.585,32.81,35631.0,,,,,,,,,,,,,,,,,,,,,#000000,,,,,,False,False,False,False,False,,0.0,0.0,0.0,0.0,0,,,False,False,False,False,,,False,False,False,False,0.0,0.0,False,False,False,False,35631.0,False,False,False,False
2023-11-28 17:00:00+00:00,34.525,34.67,34.41,34.445,152126.0,,,,,,,,,,,,,,,,,,,,,#000000,,,,100.0,,False,False,True,False,False,,0.0,0.0,0.0,0.0,0,,,False,False,False,False,,,False,False,False,False,152126.0,2358.5426356589146,False,False,False,False,37437.124031007756,False,False,False,False
2023-11-29 17:00:00+00:00,34.19,34.68,34.105,34.51,223870.0,,,,,,,,,,,,,,,,,,,,,#000000,,,,100.0,50.0,False,False,True,False,True,,0.0,0.0,0.0,0.0,0,,,False,False,False,False,,,False,False,False,False,375996.0,8151.371432005288,False,False,False,False,40327.55621657353,False,False,False,False
2023-11-30 17:00:00+00:00,34.375,34.695,34.22,34.33,125671.0,,,,,,,,,,,,,,,,,,,,,#000000,,,,96.07748184019371,46.46973365617434,False,False,True,False,False,,0.0,0.0,0.0,0.0,0,,,False,False,False,False,,,False,False,False,False,250325.0,11906.001332284275,False,False,False,False,41650.71038375844,False,False,False,False
2023-12-01 17:00:00+00:00,34.95,35.3,34.92,35.185,102890.0,,,,,,,,,,,,,,,,,,,,,#000000,,,,94.97680452962426,45.71447516625021,False,False,True,False,False,,0.0,0.0,0.0,0.0,0,,,False,False,False,False,,,False,False,False,False,353215.0,17197.61371472948,False,False,False,False,42600.15673439784,False,False,False,False
2023-12-04 17:00:00+00:00,35.49,35.64,35.22,35.635,51743.0,,,,,,,,,,,,,,,,,,,,,#000000,,,,94.6910822515062,45.64888633569193,False,False,True,False,False,,0.0,0.0,0.0,0.0,0,,,False,False,False,False,,,False,False,False,False,404958.0,23209.402649384836,False,False,False,False,42741.90624239167,False,False,False,False
2023-12-05 17:00:00+00:00,34.93,35.53,34.9,35.385,73848.0,,,,,,,,,,,,,,,,,,,,,#000000,,,,91.23237165043304,42.63862003779691,False,False,True,False,False,,0.0,0.0,0.0,0.0,0,,,False,False,False,False,,,False,False,False,False,331110.0,27983.055321487394,False,False,False,False,43224.17126188947,False,False,False,False
2023-12-06 17:00:00+00:00,35.74,35.74,35.3,35.505,35050.0,,,,,,,,,,,,,,,,,,,,,#000000,,,,89.2050124269264,41.04475115518039,False,False,True,False,False,,0.0,0.0,0.0,0.0,0,,,False,False,False,False,,,False,False,False,False,366160.0,33226.10872735581,False,False,False,False,43097.439924495826,False,False,False,False
2023-12-07 17:00:00+00:00,36.0,36.56,35.95,36.285,60368.0,,,,,,,,,,,,,,,,,,,,,#000000,,,,89.24083622128813,41.04475115518039,False,False,True,False,False,,0.0,0.0,0.0,0.0,0,,,False,False,False,False,,,False,False,False,False,426528.0,39323.81246801696,False,False,False,False,43365.20054582147,False,False,False,False
2023-12-08 17:00:00+00:00,36.68,37.1,36.61,36.905,50006.0,,,,,,,,,,,,,,,,,,,,,#000000,,,,89.97868256448979,41.04475115518039,False,False,True,False,True,,0.0,0.0,0.0,0.0,0,,,False,False,False,False,,,False,False,False,False,476534.0,46102.26498789266,False,False,False,False,43468.158676894,False,False,False,False
2023-12-11 17:00:00+00:00,36.84,36.995,36.66,36.76,32127.0,,,,,,,,,,,,,,,,,,,,,#000000,,,,88.9436605886681,41.04475115518039,False,False,True,False,True,,0.0,0.0,0.0,0.0,0,,,False,False,False,False,,,False,False,False,False,444407.0,52277.532197382694,False,False,False,False,43292.32675942278,False,False,False,False
2023-12-12 17:00:00+00:00,36.935,37.02,36.775,36.89,40496.0,,,,,,,,,,,,,,,,,,,,,#000000,,,,88.4640627416827,40.75121628267131,False,False,True,False,False,,0.0,0.0,0.0,0.0,0,,,False,False,False,False,,,False,False,False,False,484903.0,58984.90379122172,False,False,False,False,43248.97285617592,False,False,False,False
2023-12-13 17:00:00+00:00,37.07,38.88,36.84,38.875,91391.0,,,,,,,,,,,,,,,,,,,,,#000000,,,,90.02851876107334,40.75121628267131,False,False,True,False,True,,0.0,0.0,0.0,0.0,0,,,False,False,False,False,,,False,False,False,False,576294.0,67005.1998564741,False,False,False,False,43995.36087390962,False,False,False,False
2023-12-14 17:00:00+00:00,42.05,42.48,41.36,41.945,124308.0,,,,,,,,,,,,,,,,,,,,,#000000,,41.928333333333335,,92.07606320916526,39.55232102491276,False,False,True,False,True,,0.0,0.0,0.0,0.0,0,,,False,False,False,False,,,False,False,False,False,700602.0,76828.40606024969,False,False,False,False,45240.51806966296,False,False,False,False
2023-12-15 17:00:00+00:00,42.08,42.14,41.325,41.85,98177.0,,,,,,,,,,,,,,,,,,,,,#000000,,41.859200298147435,,92.95699094055291,40.34401707488057,False,False,True,False,True,,0.0,0.0,0.0,0.0,0,,,False,False,False,False,,,False,False,False,False,602425.0,84977.19046241636,False,False,False,False,46061.2387197457,False,False,False,False
2023-12-18 17:00:00+00:00,41.835,41.985,41.74,41.825,32076.0,,,,,,,,,,,,,,,,,,,,,#000000,,41.85804101309051,,93.40374902448121,40.79351002893422,False,False,True,False,True,,0.0,0.0,0.0,0.0,0,,,False,False,False,False,,,False,False,False,False,570349.0,92502.33479633239,False,False,False,False,45844.413313238016,False,False,False,False
2023-12-19 17:00:00+00:00,41.82,41.895,41.365,41.48,35229.0,,,,,,,,,,,,,,,,,,,,,#000000,,41.82424030619874,,91.66999772150358,40.79351002893422,False,False,True,False,False,,0.0,0.0,0.0,0.0,0,,,False,False,False,False,,,False,False,False,False,535120.0,99364.62417933499,False,False,False,False,45679.83326186998,False,False,False,False
2023-12-20 17:00:00+00:00,41.095,41.37,40.195,40.375,48895.0,,,,,,,,,,,,,,,,,,,,,#000000,,41.65423731490913,,84.96038397933891,38.24471919503354,False,False,True,False,False,,0.0,0.0,0.0,0.0,0,,,False,False,False,False,,,False,False,False,False,486225.0,105362.4594633763,False,False,False,False,45729.680808197576,False,False,False,False
2023-12-21 17:00:00+00:00,40.88,40.95,40.47,40.905,22640.0,,,,,,,,,,,,,,,,,,,,,#000000,,41.59914582439632,,81.36478922368144,35.26571432490731,False,False,True,False,False,,0.0,0.0,0.0,0.0,0,,,False,False,False,False,,,False,False,False,False,508865.0,111618.31280502937,False,False,False,False,45371.70126078366,False,False,False,False
2023-12-22 17:00:00+00:00,40.935,41.14,40.68,40.695,32023.0,,,,,,,,,,,,,,,,,,,,,#000000,,41.537207036347795,,77.9886460607579,32.465766000967065,False,False,True,False,False,,0.0,0.0,0.0,0.0,0,,,False,False,False,False,,,False,False,False,False,476842.0,117280.69555223822,False,False,False,False,45164.744652089335,False,False,False,False
2023-12-25 17:00:00+00:00,40.695,40.695,40.695,40.695,0.0,,,,,,,,,,,,,,,,,,,,,#000000,,41.537207036347795,,75.7378839521422,30.62976000255388,False,False,True,False,False,,0.0,0.0,0.0,0.0,0,,,False,False,False,False,,,False,False,False,False,476842.0,122855.28941964537,False,False,False,False,44464.516052832136,False,False,False,False
2023-12-26 17:00:00+00:00,40.79,41.045,40.77,40.895,27448.0,,,,,,,,,,,,,,,,,,,,,#000000,,41.49586024265123,,74.67417160479664,29.742187758456026,False,False,True,False,False,,0.0,0.0,0.0,0.0,0,,,False,False,False,False,,,False,False,False,False,504290.0,128769.00586275164,False,False,False,False,44200.69409852466,False,False,False,False
2023-12-27 17:00:00+00:00,41.51,41.84,41.41,41.655,46638.0,,,,,,,,,,,,,,,,,,,,,#000000,,41.50974284426607,,75.45674234031995,29.742187758456026,False,False,True,False,False,,0.0,0.0,0.0,0.0,0,,,False,False,False,False,,,False,False,False,False,550928.0,135314.10654705006,False,False,False,False,44238.48178691963,False,False,False,False
2023-12-28 17:00:00+00:00,41.46,41.725,41.435,41.705,19753.0,,,,,,,,,,,,,,,,,,,,,#000000,,41.514280796354036,,76.06976362716344,29.742187758456026,False,False,True,False,False,,0.0,0.0,0.0,0.0,0,,,False,False,False,False,,,False,False,False,False,570681.0,142063.98086415004,False,False,False,False,43858.86191425421,False,False,False,False
2023-12-29 17:00:00+00:00,40.77,40.95,40.57,40.695,39748.0,,,,,,,,,,,,,,,,,,,,,#000000,,41.45574917526197,,70.98634248497032,26.11118137825362,False,False,True,False,False,,0.0,0.0,0.0,0.0,0,,,False,False,False,False,,,False,False,False,False,530933.0,148092.9579050159,False,False,False,False,43795.12762100995,False,False,False,False
2024-01-01 17:00:00+00:00,40.695,40.695,40.695,40.695,0.0,,,,,,,,,,,,,,,,,,,,,#000000,,41.45574917526197,,67.59739505684158,22.995025062013298,False,False,True,False,False,,0.0,0.0,0.0,0.0,0,,,False,False,False,False,,,False,False,False,False,530933.0,154028.4624336203,False,False,False,False,43116.133394327626,False,False,False,False
2024-01-02 17:00:00+00:00,39.8,40.265,39.71,39.885,31293.0,,,,,,,,,,,,,,,,,,,,,#000000,,41.37152713885127,,61.73203761841677,17.674884478832695,False,False,True,False,False,,0.0,0.0,0.0,0.0,0,,,False,False,False,False,,,False,False,False,False,499640.0,159386.78084550216,False,False,False,False,42932.829000617116,False,False,False,False
2024-01-03 17:00:00+00:00,39.08,39.47,38.975,39.07,44831.0,,,,,,,,,,,,,,,,,,,,,#000000,,41.20799099258945,,55.02842195025055,11.752855290422744,False,False,True,False,False,,0.0,0.0,0.0,0.0,0,,,False,False,False,False,,,False,False,False,False,454809.0,163966.97028975794,False,False,False,False,42962.25800835949,False,False,False,False
2024-01-04 17:00:00+00:00,39.34,39.36,38.85,38.92,36315.0,,,,,,,,,,,,,,,,,,,,,#000000,,40.06418832847963,,50.09404439428225,7.543153503488412,False,False,False,True,False,,0.0,0.0,0.0,0.0,0,,,False,False,False,False,,,False,False,False,False,418494.0,167913.12578914154,False,False,False,False,42859.199744663994,False,False,False,False
2024-01-05 17:00:00+00:00,39.4,39.525,39.0,39.34,42644.0,,,,,,,,,,,,,,,,,,,,,#000000,,40.07417712213964,,48.708302320336344,6.4618137647505804,False,False,False,True,False,,0.0,0.0,0.0,0.0,0,,,False,False,False,False,,,False,False,False,False,461138.0,172459.24786993006,False,False,False,False,42855.86331451416,False,False,False,False
2024-01-08 17:00:00+00:00,39.945,40.09,39.815,39.86,35723.0,,,,,,,,,,,,,,,,,,,,,#000000,,40.164211640406165,,49.901167281047044,6.4618137647505804,False,False,False,False,False,,0.0,0.0,0.0,0.0,0,,,False,False,False,False,,,False,False,False,False,496861.0,177488.73239907844,False,False,False,False,42745.276286382155,False,False,False,False
2024-01-09 17:00:00+00:00,39.55,39.62,39.215,39.24,31649.0,,,,,,,,,,,,,,,,,,,,,#000000,,40.12585184422904,,48.324216305446726,5.9316240421687,False,False,False,True,False,,0.0,0.0,0.0,0.0,0,,,False,False,False,False,,,False,False,False,False,465212.0,181949.55825335628,False,False,False,False,42573.24099512041,False,False,False,False
2024-01-10 17:00:00+00:00,39.215,39.895,39.185,39.495,26801.0,,,,,,,,,,,,,,,,,,,,,#000000,,40.112785458362126,,48.355721080137634,5.56593995092706,False,False,False,True,False,,0.0,0.0,0.0,0.0,0,,,False,False,False,False,,,False,False,False,False,492013.0,186756.7433967151,False,False,False,False,42328.71012697901,False,False,False,False
2024-01-11 17:00:00+00:00,38.86,39.27,38.855,39.265,35689.0,,,,,,,,,,,,,,,,,,,,,#000000,,40.05136313268444,,47.46148527191422,4.218518094497583,False,False,False,True,False,,0.0,0.0,0.0,0.0,0,,,False,False,False,False,,,False,False,False,False,456324.0,190936.0807083939,False,False,False,False,42225.768884700265,False,False,False,False
2024-01-12 17:00:00+00:00,39.0,39.37,38.95,39.365,32702.0,,,,,,,,,,,,,,,,,,,,,#000000,,40.01274444199592,,47.35406956786463,3.5615235770977307,False,False,False,True,False,,0.0,0.0,0.0,0.0,0,,,False,False,False,False,,,False,False,False,False,489026.0,195557.62984469786,False,False,False,False,42078.11355315452,False,False,False,False
2024-01-15 17:00:00+00:00,39.365,39.365,39.365,39.365,0.0,,,,,,,,,,,,,,,,,,,,,#000000,,40.01274444199592,,47.28245909849822,2.897045553754481,False,False,False,True,False,,0.0,0.0,0.0,0.0,0,,,False,False,False,False,,,False,False,False,False,489026.0,200107.52705640797,False,False,False,False,41425.73969961724,False,False,False,False
2024-01-16 17:00:00+00:00,38.68,38.68,38.285,38.44,51440.0,,,,,,,,,,,,,,,,,,,,,#000000,,39.87203903515219,,43.46203535005679,-1.1453545125982458,False,False,False,True,False,,0.0,0.0,0.0,0.0,0,,,False,False,False,False,,,False,False,False,False,437586.0,203789.3638462311,False,False,False,False,41580.999549235574,False,False,False,False
2024-01-17 17:00:00+00:00,38.155,38.62,37.94,38.605,27708.0,,,,,,,,,,,,,,,,,38.38833333333333,,,38.38833333333333,#000000,,39.332642936560326,,41.898457564049515,-2.910343768961816,False,False,False,True,False,,0.0,0.0,0.0,0.0,0,,,False,False,False,False,,,False,False,False,False,465294.0,207843.69929047558,False,False,False,False,41365.91428490634,False,False,False,False
2024-01-18 17:00:00+00:00,38.52,38.825,38.385,38.805,40934.0,,,,,,,,,,,,,,,,,38.55729645600847,,,38.55729645600847,#000000,,39.3462202083365,,42.059932399606055,-3.069272737557199,False,False,False,True,False,,0.0,0.0,0.0,0.0,0,,,False,False,False,False,,,False,False,False,False,506228.0,212469.8124797705,False,False,False,False,41359.21793940391,False,False,False,False
2024-01-19 17:00:00+00:00,38.67,39.73,38.63,39.72,32321.0,,,,,,,,,,,,,,,,,38.814263674151256,,,38.814263674151256,#000000,,39.42838822713336,,46.64034107439515,-3.069272737557199,False,False,False,True,True,,0.0,0.0,0.0,0.0,1,,,False,False,False,False,,,False,False,False,False,538549.0,217525.3037591539,False,False,False,False,41219.09052949068,False,False,False,False
2024-01-22 17:00:00+00:00,40.185,40.22,39.695,39.91,27477.0,,,,,,,,,,,,,,,,,39.05544751115956,,,39.05544751115956,#000000,,39.523276983410476,,50.45412057352406,-4.696261466005247,False,False,False,False,True,,0.0,0.0,0.0,0.0,0,,,False,False,False,False,,,False,False,False,False,566026.0,222928.4153287794,False,False,False,False,41006.03486236679,False,False,False,False
2024-01-23 17:00:00+00:00,39.52,39.81,39.38,39.625,26424.0,,,,,,,,,,,,,,,,,39.14921607561043,,,39.14921607561043,#000000,,39.55709406434048,,51.445941179991394,-3.7393270231694515,False,True,True,False,True,,0.0,0.0,0.0,0.0,0,,,False,False,False,False,,,False,False,False,False,539602.0,227838.08330817817,False,False,False,False,40779.95680248513,False,False,False,False
2024-01-24 17:00:00+00:00,40.105,40.12,39.64,39.73,28896.0,,,,,,,,,,,,,,,,,39.256268384487015,,,39.256268384487015,#000000,,39.601356914298854,,52.60593840324684,-2.5102459388373077,False,True,True,False,True,,0.0,0.0,0.0,0.0,0,,,False,False,False,False,,,False,False,False,False,568498.0,233119.6324041754,False,False,False,False,40595.70941019854,False,False,False,False
2024-01-25 17:00:00+00:00,40.175,41.005,40.08,40.97,28744.0,,,,,,,,,,,,,,,,,39.449523389363655,,,39.449523389363655,#000000,,39.69665011917579,,57.874225979243846,2.4800739243324514,False,True,True,False,True,,0.0,0.0,0.0,0.0,0,,,False,False,False,False,,,False,False,False,False,597242.0,238764.94042891686,False,False,False,False,40411.96197748228,False,False,False,False
2024-01-26 17:00:00+00:00,40.84,40.86,40.54,40.605,26448.0,,,,,,,,,,,,,,,,,39.58442531693953,,,39.58442531693953,#000000,,39.76682854615044,,59.33089822177783,3.828945688600058,False,True,True,False,True,,0.0,0.0,0.0,0.0,0,,,False,False,False,False,,,False,False,False,False,570794.0,243912.67778660805,False,False,False,False,40195.46644294767,False,False,False,False
2024-01-29 17:00:00+00:00,40.82,41.39,40.675,41.115,22944.0,,,,,,,,,,,,,,,,,39.71369642275306,,,39.71369642275306,#000000,,39.83793152299842,,61.863939750390784,6.259768859588348,False,True,True,False,True,,0.0,0.0,0.0,0.0,0,,,False,False,False,False,,,False,False,False,False,593738.0,249336.32619301722,False,False,False,False,39928.00184693297,False,False,False,False
2024-01-30 17:00:00+00:00,41.135,41.23,40.76,40.765,23595.0,,,,,,,,,,,,,,,,,39.81325615635286,,,39.81325615635286,#000000,,39.894937663456055,,61.601845446058704,6.259768859588348,False,True,True,False,True,,0.0,0.0,0.0,0.0,0,,,False,False,False,False,,,False,False,False,False,570143.0,254310.07307374565,False,False,False,False,39674.777012096805,False,False,False,False
2024-01-31 17:00:00+00:00,40.45,40.975,39.9,40.005,46907.0,,,,,,,,,,,,,,,,,39.881003194965075,,,39.881003194965075,#000000,,39.93636161391231,,57.843736206257574,6.259768859588348,False,True,True,False,False,,0.0,0.0,0.0,0.0,0,,,False,False,False,False,,,False,False,False,False,523236.0,258479.46728965658,False,False,False,False,39786.90450028135,False,False,False,False
2024-02-01 17:00:00+00:00,39.85,40.595,39.835,40.565,28567.0,,,,,,,,,,,,,,,,,39.91666898914484,,,39.91666898914484,#000000,,39.95921558072349,,57.44650249119573,6.259768859588348,False,True,True,False,False,,0.0,0.0,0.0,0.0,0,,,False,False,False,False,,,False,False,False,False,551803.0,263027.1189595844,False,False,False,False,39612.952492525044,False,False,False,False
2024-02-02 17:00:00+00:00,40.93,41.15,40.71,40.94,34304.0,,,,,,,,,,,,,,,,,40.004901695638495,,,40.004901695638495,#000000,,40.01590104908165,,58.44634664034653,6.259768859588348,False,True,True,False,False,19.14364256997615,0.0,0.0,0.0,0.0,0,,,False,False,False,False,,,False,False,False,False,586107.0,268036.1093633118,False,False,False,False,39530.64315155567,False,False,False,False
2024-02-05 17:00:00+00:00,40.105,40.465,40.04,40.3,52207.0,,,,,,,,,,,,,,,,,40.03563625013781,,,40.03563625013781,#000000,,40.038961659762236,,56.214123058700885,11.303656120562025,False,True,True,False,False,15.387245312283685,0.0,0.0,0.0,0.0,0,,,False,False,False,False,,,False,False,False,False,533900.0,272158.0301483767,False,False,False,False,39727.17581587263,False,False,False,False
2024-02-06 17:00:00+00:00,40.42,40.76,40.31,40.73,33113.0,,,,,,,,,,,,,,,,,40.07452140325032,,,40.07452140325032,#000000,,40.06650171079491,,56.30343206473979,11.124672851860304,False,True,True,False,False,16.974554060021514,0.0,0.0,0.0,0.0,0,,,False,False,False,False,,,False,False,False,False,567013.0,276729.42502979725,False,False,False,False,39624.63045438623,False,False,False,False
2024-02-07 17:00:00+00:00,44.505,44.67,43.9,44.23,142313.0,,,,,,,,,,,,,,,,,41.03229127535311,,,41.03229127535311,#000000,,40.74142350183613,,63.2266363735328,8.077631842851808,False,False,True,False,True,20.0,0.0,0.0,0.0,0.0,0,,,False,False,False,False,,,False,False,False,False,709326.0,283436.3486727461,False,False,False,False,41216.69819927946,False,False,False,False
2024-02-08 17:00:00+00:00,44.555,45.99,44.515,45.615,59580.0,,,,,,,,45.373333333333335,,,,,,,,,41.41125993066484,,,43.39229663199909,#000000,,42.11305697762323,,69.17180343040287,13.42447357938341,True,False,True,False,True,20.0,0.0,0.0,0.0,0.0,0,,,False,False,False,False,,,False,False,False,False,768906.0,290963.00993363373,False,False,False,False,41501.400552779,False,False,False,False
2024-02-09 17:00:00+00:00,44.83,44.89,44.605,44.8,33905.0,,,,,,,,45.15270390971814,,,,,,,,,41.56998497320582,,,43.36134444146198,#000000,,42.151537179070516,,70.34438346042714,14.326760595429405,True,False,True,False,True,20.0,0.0,0.0,0.0,0.0,0,,,False,False,False,False,,,False,False,False,False,735001.0,297847.3198571433,False,False,False,False,41383.62690079793,False,False,False,False
2024-02-12 17:00:00+00:00,45.35,45.655,45.235,45.305,62711.0,,,,,,,,45.25132145936302,,,,,,,,,41.8781356217917,,,43.56472854057736,#000000,,42.36043490327169,,71.73752606473872,15.648306324963642,True,False,True,False,True,20.0,0.0,0.0,0.0,0.0,0,,,False,False,False,False,,,False,False,False,False,797712.0,305597.1598593581,False,False,False,False,41714.28384807238,False,False,False,False
2024-02-13 17:00:00+00:00,44.075,44.1,43.06,43.4,68404.0,,,,,,,,44.724031552389434,,,,,,,,,42.01065459039231,,,43.36734307139088,#000000,,42.320432124492086,,67.15630069955265,15.648306324963642,True,False,True,False,False,18.967947466263865,0.0,0.0,0.0,0.0,0,,,False,False,False,False,,,False,False,False,False,729308.0,312166.3201716161,False,False,False,False,42128.077896939474,False,False,False,False
2024-02-14 17:00:00+00:00,43.585,44.205,43.53,44.02,41310.0,,,,,,,,44.59886366314417,,,,,,,,,42.09931924486469,,,43.34909145400443,#000000,,42.349682348505446,,65.15388549482739,21.61637916034016,True,False,True,False,False,20.0,0.0,0.0,0.0,0.0,0,,,False,False,False,False,,,False,False,False,False,770618.0,319274.09815345146,False,False,False,False,42115.394518692345,False,False,False,False
2024-02-15 17:00:00+00:00,44.115,44.9,44.075,44.875,39450.0,,,,,,,,44.601163664745435,,,,,,,,,42.206303432292465,,,43.40373354851895,#000000,,42.42096414636772,,65.17055138783957,21.4484667305627,True,False,True,False,False,20.0,0.0,0.0,0.0,0.0,0,,,False,False,False,False,,,False,False,False,False,810068.0,326883.30593401805,False,False,False,False,42074.0705726661,False,False,False,False
2024-02-16 17:00:00+00:00,45.03,45.055,44.515,44.585,61638.0,,,,,,,,44.62084252956873,,,,,,,,,42.36271973600027,,,43.4917811327845,#000000,,42.531014606196194,,64.34923291561583,20.340033365267033,True,False,True,False,False,20.0,0.0,0.0,0.0,0.0,0,,,False,False,False,False,,,False,False,False,False,748430.0,333418.91359395575,False,False,False,False,42377.3873079736,False,False,False,False
2024-02-19 17:00:00+00:00,44.585,44.585,44.585,44.585,0.0,,,,,,,,44.62084252956873,,,,,,,,,42.36271973600027,,,43.4917811327845,#000000,,42.531014606196194,,63.801687267466676,19.423856732380727,True,False,True,False,False,20.0,0.0,0.0,0.0,0.0,0,,,False,False,False,False,,,False,False,False,False,748430.0,339853.19400335173,False,False,False,False,41720.37355126083,False,False,False,False
2024-02-20 17:00:00+00:00,43.92,44.535,43.78,44.275,38588.0,,,,,,,,44.58048586489671,,,,,,,,,42.431527873927564,,,43.50600686941213,#000000,,42.57030888885612,,62.406944357524075,17.70777750460404,False,False,True,False,False,19.9543065590295,0.0,0.0,0.0,0.0,0,,,False,False,False,False,,,False,False,False,False,709842.0,345589.4545614393,False,False,False,False,41671.80962023353,False,False,False,False
2024-02-21 17:00:00+00:00,44.7,44.98,44.44,44.585,39726.0,,,,,,,,44.58832268162546,,,,,,,,,42.51471282907733,,,43.5515177553514,#000000,,42.63036060426399,,62.18395893525613,17.08940205526588,True,False,True,False,False,20.0,0.0,0.0,0.0,0.0,0,,,False,False,False,False,,,False,False,False,False,749568.0,351852.6878240526,False,False,False,False,41641.64202922215,False,False,False,False
2024-02-22 17:00:00+00:00,44.795,45.04,44.585,44.985,25879.0,,,,,,,,44.603793111498305,,,,,,,,,42.57042333695582,,,43.587108224227066,#000000,,42.673046076544516,,62.938628350425,17.08940205526588,True,False,True,False,False,20.0,0.0,0.0,0.0,0.0,0,,,False,False,False,False,,,False,False,False,False,775447.0,358420.04150119907,False,False,False,False,41397.25998225746,False,False,False,False
2024-02-23 17:00:00+00:00,44.945,45.02,44.63,44.655,28393.0,,,,,,,,44.61314447286809,,,,,,,,,42.62601891545493,,,43.61958169416151,#000000,,42.71480942815638,,62.11665897681739,16.31000066841399,True,False,True,False,False,20.0,0.0,0.0,0.0,0.0,0,,,False,False,False,False,,,False,False,False,False,747054.0,364445.374191103,False,False,False,False,41195.643548424014,False,False,False,False
2024-02-26 17:00:00+00:00,44.275,44.35,43.91,43.91,57908.0,,,,,,,,44.55534181955376,,,,,,,,,42.69620391298725,,,43.62577286627051,#000000,,42.75534210436716,,58.838548856112574,12.97545523432079,False,False,True,False,False,17.055210108307186,0.0,0.0,0.0,0.0,0,,,False,False,False,False,,,False,False,False,False,689146.0,369479.4924206983,False,False,False,False,41454.749849998836,False,False,False,False
2024-02-27 17:00:00+00:00,44.575,44.89,44.44,44.84,56333.0,,,,,,,,44.57075902469487,,,,,,,,,42.78853979765408,,,43.67964941117448,#000000,,42.826856271537345,,59.195052224006616,12.97545523432079,False,False,True,False,False,19.43480046164996,0.0,0.0,0.0,0.0,0,,,False,False,False,False,,,False,False,False,False,745479.0,375308.9421506099,False,False,False,False,41685.42039496009,False,False,False,False
2024-02-28 17:00:00+00:00,45.09,45.19,44.92,45.04,32717.0,,,,,,,,44.59501008184052,,,,,,,,,42.84682373411773,,,43.720916907979124,#000000,,42.87502696272061,,59.93018633808994,12.97545523432079,False,False,True,False,False,19.931067506585105,0.0,0.0,0.0,0.0,0,,,False,False,False,False,,,False,False,False,False,778196.0,381555.253125019,False,False,False,False,41546.37511751885,False,False,False,False
2024-02-29 17:00:00+00:00,45.76,46.005,45.59,45.85,34550.0,,,,,,,,44.65689695126845,,,,,,,,,42.92546710976687,,,43.79118203051766,#000000,,42.945302972681404,,62.286039952139426,12.97545523432079,True,False,True,False,True,20.0,0.0,0.0,0.0,0.0,0,,,False,False,False,False,,,False,False,False,False,812746.0,388240.38098354585,False,False,False,False,41437.90418546429,False,False,False,False
2024-03-01 17:00:00+00:00,45.35,45.86,45.22,45.62,61293.0,,,,,,,,44.7320096154062,,,,,,,,,43.0440407462558,,,43.888025180831,#000000,,43.0489100827948,,62.86790892835988,12.97545523432079,True,False,True,False,True,20.0,0.0,0.0,0.0,0.0,0,,,False,False,False,False,,,False,False,False,False,751453.0,393871.5843791498,False,False,False,False,41745.73512832531,False,False,False,False
2024-03-04 17:00:00+00:00,46.05,46.35,45.845,45.97,45569.0,,,,,,,,44.80852086966159,,,,,,,,,43.14129121138752,,,43.97490604052456,#000000,,43.13678040019709,,64.10049670370404,10.57105556970977,True,False,True,False,True,20.0,0.0,0.0,0.0,0.0,0,,,False,False,False,False,,,False,False,False,False,797022.0,400121.9784197831,False,False,False,False,41805.01055269236,False,False,False,False
2024-03-05 17:00:00+00:00,46.245,46.5,45.99,46.07,42215.0,,,,,,,,44.878601088051546,,,,,,,,,43.22976625826727,,,44.05418367315941,#000000,,43.21713312801013,,65.1690083134124,11.735287213941682,True,False,True,False,True,20.0,0.0,0.0,0.0,0.0,0,,,False,False,False,False,,,False,False,False,False,839237.0,406929.96325048414,False,False,False,False,41811.36697823201,False,False,False,False
2024-03-06 17:00:00+00:00,46.41,46.78,45.97,46.665,68074.0,,,,,,,,44.999332723253424,,,,,,,,,43.37484718638483,,,44.18708995481913,#000000,,43.35037376525903,,67.28817111127827,13.841143398094857,True,False,True,False,True,20.0,0.0,0.0,0.0,0.0,0,,,False,False,False,False,,,False,False,False,False,907311.0,414687.8087814844,False,False,False,False,42218.539583220656,False,False,False,False
2024-03-07 17:00:00+00:00,47.555,47.845,47.5,47.62,57590.0,,,,,,,47.655,45.15933962662236,,,,,,,,,43.53098105339614,,,45.44844022667284,#000000,,44.32981555983673,,70.49508072893201,16.856726929734435,True,False,True,False,True,20.0,0.0,0.0,0.0,0.0,0,,,False,False,False,False,,,False,False,False,False,964901.0,423218.2458546396,False,False,False,False,42456.85679898468,False,False,False,False
2024-03-08 17:00:00+00:00,47.58,47.77,47.3,47.39,34340.0,,,,,,,47.592119910076505,45.24005320955698,,,,,,,,,43.61519179620705,,,45.48245497194685,"rgba(38, 166, 154, 0.5)",3.4497650305152323,44.3807060054605,0.8723185399354723,71.3839832747464,17.67982467788623,True,False,True,False,True,20.0,0.0,0.0,0.0,0.0,0,,,False,False,False,False,,,False,False,False,False,930561.0,431084.0249886762,False,False,False,False,42331.01405791514,False,False,False,False
2024-03-11 17:00:00+00:00,47.175,47.185,46.795,46.82,17889.0,,,,,,,47.48480666672737,45.27010204398803,,,,,,,,,43.65158636650882,,,45.46883169240808,"rgba(38, 166, 154, 0.5)",3.3807747486191526,44.38621406948452,0.71988999903337,69.06005503669329,17.67982467788623,True,False,True,False,False,20.0,0.0,0.0,0.0,0.0,0,,,False,False,False,False,,,False,False,False,False,912672.0,438550.5052214099,False,False,False,False,41952.06810352886,False,False,False,False
2024-03-12 17:00:00+00:00,46.74,47.06,46.495,47.005,14966.0,,,,,,,47.409071362743916,45.29326332547431,,,,,,,,,43.680698992869296,,,45.46101122702917,"rgba(38, 166, 154, 0.5)",3.354988496375331,44.392577573651614,0.7786680726836477,68.0070998027902,17.67982467788623,True,False,True,False,False,20.0,0.0,0.0,0.0,0.0,0,,,False,False,False,False,,,False,False,False,False,927638.0,446133.2570784423,False,False,False,False,41533.67945076097,False,False,False,False
2024-03-13 17:00:00+00:00,46.795,46.915,46.29,46.345,43879.0,,,,,,,47.17690667046119,45.3435785968224,,,,,,,,,43.754340111811466,,,45.424941793031685,"rgba(38, 166, 154, 0.5)",3.308338425121458,44.39985861022419,0.5879511524593783,64.14668995376087,18.26270565571015,True,False,True,False,False,19.628306601855826,0.0,0.0,0.0,0.0,0,,,False,False,False,False,,,False,False,False,False,883759.0,452918.15231753624,False,False,False,False,41570.041009663895,False,False,False,False
2024-03-14 17:00:00+00:00,45.44,45.455,44.725,45.105,59274.0,,,,,,,46.635518503569685,45.3304952223488,,,,,,,,,43.79977321830926,,,45.25526231474259,#000000,3.2266762638528994,44.320730690481746,0.24305794736958622,57.18935587502262,11.998116481489198,False,True,True,False,False,14.607932149682519,0.0,0.0,0.0,0.0,0,,,False,False,False,False,,,False,False,False,False,824485.0,458678.8786381946,False,False,False,False,41844.52099401019,False,False,False,False
2024-03-15 17:00:00+00:00,44.7,44.9,44.475,44.555,55727.0,,,,,,,46.24414662835857,45.29809551730479,,,,,,,,,43.82581976865525,,,45.122687304772874,#000000,3.154674635212647,44.32155740716606,0.07399894436917197,51.04829645274216,6.722169316069191,False,True,False,False,False,12.50671303859961,0.0,0.0,0.0,0.0,0,,,False,False,False,False,,,False,False,False,False,768758.0,463486.3068763621,False,False,False,False,42059.753226661196,False,False,False,False
2024-03-18 17:00:00+00:00,44.95,45.19,44.76,44.94,49874.0,,,,,,,46.052626949172364,45.28454122834506,,,,,,,,,43.85640845736166,,,45.0645255449597,#000000,3.0934410095036995,44.33129315100502,0.19677338185047075,48.50191358910102,4.75714166864978,False,True,False,True,False,13.536189293014939,0.0,0.0,0.0,0.0,0,,,False,False,False,False,,,False,False,False,False,818632.0,468992.4416534728,False,False,False,False,42180.90433942614,False,False,False,False
2024-03-19 17:00:00+00:00,45.15,45.28,44.95,45.2,37365.0,,,,,,,45.96102438906024,45.2803839219045,,,,,,,,,43.881823205072045,,,45.04107717201226,#000000,3.0221393099936664,44.345526249652686,0.282738041731474,47.83179853432041,4.275896334547184,False,True,False,True,False,14.226090152426465,0.0,0.0,0.0,0.0,0,,,False,False,False,False,,,False,False,False,False,855997.0,474992.51232551195,False,False,False,False,42106.239155869145,False,False,False,False
2024-03-20 17:00:00+00:00,45.575,46.58,45.45,46.375,43745.0,,,,,,,45.979378619024764,45.30885936416197,,,,,,,,,43.93274040953395,,,45.07365946424022,"rgba(38, 166, 154, 0.5)",2.966499020974291,44.42858801039487,0.6561310069018222,51.25315933288188,4.275896334547184,False,True,False,False,True,17.217015777375483,0.0,0.0,0.0,0.0,0,,,False,False,False,False,,,False,False,False,False,899742.0,481577.7757003102,False,False,False,False,42131.64630073939,False,False,False,False
2024-03-21 17:00:00+00:00,47.2,47.455,46.895,47.385,36068.0,,,,,,,46.0806582068127,45.360627185634364,,,,,,,,,43.993326078768874,,,45.14487049040531,"rgba(38, 166, 154, 0.5)",2.9469333961665005,44.926076845793894,0.8344006543903499,55.9555693140771,-1.0294036347897233,False,True,True,False,True,19.608085518464847,0.0,0.0,0.0,0.0,0,,,False,False,False,False,,,False,False,False,False,935810.0,488620.13576697203,False,False,False,False,42037.636280572886,False,False,False,False
2024-03-22 17:00:00+00:00,46.615,46.735,46.41,46.43,40456.0,,,,,,,46.11725690337212,45.39453054256848,,,,,,,,,44.04422330284446,,,45.18533691626169,"rgba(38, 166, 154, 0.5)",2.9166104370384165,44.92633426225404,0.5155524778526177,55.698356477619136,-1.0294036347897233,False,True,True,False,True,15.975847432423112,0.0,0.0,0.0,0.0,0,,,False,False,False,False,,,False,False,False,False,895354.0,494926.0871504298,False,False,False,False,42013.11478785083,False,False,False,False
2024-03-25 17:00:00+00:00,46.75,46.905,46.375,46.455,35721.0,,,,,,,46.14851577357115,45.42420251058904,,,,,,,,,44.08842214104973,,,45.220380141736634,"rgba(38, 166, 154, 0.5)",2.8768641069904692,44.95700579526328,0.5207038459330616,55.595067512788404,-1.0294036347897233,False,True,True,False,True,16.036317605733412,0.0,0.0,0.0,0.0,0,,,False,False,False,False,,,False,False,False,False,931075.0,501688.0857992603,False,False,False,False,41915.562620597324,False,False,False,False
2024-03-26 17:00:00+00:00,46.705,46.705,46.34,46.42,30064.0,,,,,,,46.16685876373682,45.44618712237462,,,,,,,,,44.12314175315982,,,45.24539587975709,"rgba(38, 166, 154, 0.5)",2.833587760171647,44.978885782507994,0.5085828777735512,55.39442737346826,-0.8260552497744698,False,True,True,False,True,15.903274326864846,0.0,0.0,0.0,0.0,0,,,False,False,False,False,,,False,False,False,False,901011.0,507879.1387326051,False,False,False,False,41731.81746368884,False,False,False,False
2024-03-27 17:00:00+00:00,46.52,46.82,46.385,46.785,21643.0,,,,,,,46.18542976363101,45.46402427744569,,,,,,,,,44.149324618310985,,,45.266259553129224,"rgba(38, 166, 154, 0.5)",2.837329941723058,45.001930783908655,0.6284321008534229,56.41988157261807,0.6229320225159896,False,True,True,False,True,16.808253107817546,0.0,0.0,0.0,0.0,0,,,False,False,False,False,,,False,False,False,False,922654.0,514309.7567367508,False,False,False,False,41420.362929368086,False,False,False,False
2024-03-28 17:00:00+00:00,47.04,47.05,46.84,46.9,36851.0,,,,,,,46.23001188828156,45.499713548634304,,,,,,,,,44.197284373234645,,,45.30900327005017,"rgba(38, 166, 154, 0.5)",2.8749808663679755,45.05423315233697,0.6420101327473617,57.47254769988241,2.0732706858680103,False,True,True,False,True,17.09334336020734,0.0,0.0,0.0,0.0,0,,,False,False,False,False,,,False,False,False,False,959505.0,521212.00857028953,False,False,False,False,41349.52009325385,False,False,False,False
2024-03-29 17:00:00+00:00,46.9,46.9,46.9,46.9,0.0,,,,,,,46.23001188828156,45.499713548634304,,,,,,,,,44.197284373234645,,,45.30900327005017,"rgba(38, 166, 154, 0.5)",2.910176201284468,45.05423315233697,0.6342457363400748,58.17432511805863,3.175351865883286,False,True,True,False,True,17.093343360207328,0.0,0.0,0.0,0.0,0,,,False,False,False,False,,,False,False,False,False,959505.0,528007.2487474943,False,False,False,False,40708.44226235069,False,False,False,False
2024-04-01 17:00:00+00:00,46.395,46.435,46.205,46.415,37244.0,,,,,,,46.23695372730949,45.52017221395125,,,,,,,,,44.23419499095534,,,45.33044031073869,#000000,2.935060993580203,45.070633179956666,0.45803709803095705,56.16837359946864,3.175351865883286,False,True,True,False,True,15.153811959070257,0.0,0.0,0.0,0.0,0,,,False,False,False,False,,,False,False,False,False,922261.0,534119.7100072231,False,False,False,False,40654.729979213465,False,False,False,False
2024-04-02 17:00:00+00:00,46.285,46.39,46.105,46.375,30959.0,,,,,,,46.23935590319678,45.53523835502247,,,,,,,,,44.26306185746251,,,45.34588537189392,#000000,2.9556510616441467,45.23344164321743,0.3862290686464019,54.63243181636991,3.175351865883286,False,True,True,False,False,14.994306413609891,0.0,0.0,0.0,0.0,0,,,False,False,False,False,,,False,False,False,False,891302.0,539657.4199295917,False,False,False,False,40504.4085841869,False,False,False,False
2024-04-03 17:00:00+00:00,46.83,46.895,46.485,46.88,40618.0,,,,,,,46.26818030401979,45.5657320955027,,,,,,,,,44.30810908110057,,,45.38067382687435,"rgba(38, 166, 154, 0.5)",2.9716917210041585,45.30042437851376,0.5315408763034447,55.86287859028872,3.175351865883286,False,True,True,False,False,16.331523188336266,0.0,0.0,0.0,0.0,0,,,False,False,False,False,,,False,False,False,False,931920.0,545739.0103182802,False,False,False,False,40506.16969140881,False,False,False,False
2024-04-04 17:00:00+00:00,47.5,47.51,46.55,46.865,50968.0,,,,,,,46.31464996476364,45.60865307147643,,,,,,,,,44.367300391426646,,,45.430201142555575,#000000,2.9910126836698376,45.37226219468171,0.49907438155252826,56.59289265224769,3.175351865883286,False,True,True,False,False,16.26987637618254,0.0,0.0,0.0,0.0,0,,,False,False,False,False,,,False,False,False,False,880952.0,550936.1109335006,False,False,False,False,40668.36861092185,False,False,False,False
2024-04-05 17:00:00+00:00,47.405,47.41,46.95,47.17,23664.0,,,,,,,46.34018336765113,45.63051649983777,,,,,,,,,44.3959553098712,,,45.4555517257867,"rgba(38, 166, 154, 0.5)",3.01083408275412,45.40707459342931,0.58552725195607,58.42227684299753,4.409469681402911,False,False,True,False,True,17.081011847180203,0.0,0.0,0.0,0.0,0,,,False,False,False,False,,,False,False,False,False,904616.0,556419.5200663145,False,False,False,False,40404.73498904709,False,False,False,False
2024-04-08 17:00:00+00:00,47.535,47.615,47.295,47.47,28259.0,,,,,,,46.378440470491135,45.66048008189758,,,,,,,,,44.43282730537875,,,45.490582619255825,"rgba(38, 166, 154, 0.5)",3.033296957508842,45.45648520456335,0.6638040467657639,60.8559607634349,6.839492551899767,False,False,True,False,True,17.872911061730637,0.0,0.0,0.0,0.0,1,,,False,False,False,False,,,False,False,False,False,932875.0,562256.0391350539,False,False,False,False,40216.42902022465,False,False,False,False
2024-04-09 17:00:00+00:00,47.68,47.825,47.365,47.805,25157.0,,,,,,47.665,46.41641440059946,45.68928663086106,,,,,,,,,44.46708596696421,,,46.05944674960619,"rgba(38, 166, 154, 0.5)",3.0614185165268233,45.7432354753933,0.6734670589716598,63.70866769337556,9.565244445345833,True,False,True,False,True,18.74925522748336,0.0,0.0,0.0,0.0,0,,,False,False,False,False,,,False,False,False,False,958032.0,568392.1005438127,False,False,False,False,39982.94950053124,False,True,False,False
2024-04-10 17:00:00+00:00,46.79,46.985,46.44,46.96,45868.0,,,,,,47.10315332629356,46.43574770825887,45.717518626737146,,,,,,,,,44.51122074160355,,,45.94191010072328,#000000,3.0799508259207733,45.70047985620569,0.4089416406243334,60.19527937716147,9.565244445345833,False,False,True,False,False,15.188283281752206,0.0,0.0,0.0,0.0,0,,,False,False,False,False,,,False,False,False,False,912164.0,573721.8974346062,False,False,False,False,40074.19059354626,False,False,False,False
2024-04-11 17:00:00+00:00,47.05,47.505,47.015,47.23,28632.0,,,,,,47.145343177097445,46.46090215730258,45.74156052700983,,,,,,,,,44.54325416352461,,,45.972765006233615,#000000,3.1012483638712935,45.73162114119217,0.483153454029524,59.06440747105598,13.582145979865885,False,False,True,False,False,15.919965408516909,0.0,0.0,0.0,0.0,0,,,False,False,False,False,,,False,False,False,False,940796.0,579412.9687922092,False,False,False,False,39896.79228977034,False,False,False,False
2024-04-12 17:00:00+00:00,45.98,46.17,45.565,45.715,70188.0,,,,,,46.596271100120696,46.415548905108515,45.7443419775664,,,,,,,,,44.57874773412058,,,45.83372742922905,#000000,3.0913628951563594,45.63382601761295,0.026258315552096,52.08503984867909,7.1887813462372705,False,True,False,False,False,9.968589526068047,0.0,0.0,0.0,0.0,0,,,False,False,False,False,,,False,False,False,False,870608.0,583927.6204388416,False,False,False,False,40366.423417060716,False,False,False,False
2024-04-15 17:00:00+00:00,45.85,45.9,45.045,45.27,51945.0,,,,,,46.317265837053064,46.365505754621594,45.7352894168729,,,,,,,,,44.59544735306565,,,45.753377090403305,#000000,3.0765748915089035,45.56573116155139,-0.09612350486496568,46.18665879181103,2.05113064795259,False,True,False,True,False,8.333656896193094,0.0,0.0,0.0,0.0,0,,,False,False,False,False,,,False,False,False,False,818663.0,587566.9286490921,False,False,False,False,40545.93623230009,False,False,False,False
2024-04-16 17:00:00+00:00,45.16,45.43,44.845,45.065,29938.0,,,,,,46.17408219718637,46.33075942417469,45.7258716880739,,,,,,,,,44.601410526080976,,,45.708030958878986,#000000,3.0466186277680083,45.52473376539506,-0.15089967651509814,41.700328243809516,-1.7342782900010718,False,True,False,True,False,7.586659433837411,0.0,0.0,0.0,0.0,0,,,False,False,False,False,,,False,False,False,False,788725.0,590685.6584374782,False,False,False,False,40381.472104667526,False,False,False,False
2024-04-17 17:00:00+00:00,44.675,45.285,44.62,44.63,33279.0,,,,,,46.01889117928097,46.28630170330523,45.71129034865455,,,,,,,,,44.604488931446134,,,45.65524304067172,#000000,2.99671865290765,45.475591681181335,-0.28217252906303814,37.58090065300114,-5.255789029945568,False,True,False,True,False,6.0142365691921995,0.0,0.0,0.0,0.0,0,,,False,False,False,False,,,False,False,False,False,755446.0,593240.0823376724,False,False,False,False,40271.35625808353,False,False,False,False
2024-04-18 17:00:00+00:00,43.98,44.03,43.52,43.64,45163.0,,,,,,45.705800370516194,46.186546357116164,45.667759497698206,,,,,,,,,44.58974379302582,,,45.5374625045891,"rgba(239, 83, 80, 0.5)",2.9398748180740455,45.20146583423046,-0.5311334430400678,32.786533474533655,-9.474585118695543,False,True,False,True,False,2.583792689085243,0.0,0.0,0.0,0.0,0,,,False,False,False,False,,,False,False,False,False,710283.0,595054.701216158,False,False,False,False,40347.1956959427,False,False,False,False
2024-04-19 17:00:00+00:00,43.59,44.06,43.565,44.04,41590.0,,,,,,45.50247442346316,46.10682263846583,45.6324707800253,,,,,,,,,44.57901918970928,,,45.45519675791589,#000000,2.8897991108208294,45.13709902052297,-0.3796454280904475,31.815245596738706,-10.289933967562632,False,True,False,True,False,3.826323301737112,0.0,0.0,0.0,0.0,0,,,False,False,False,False,,,False,False,False,False,751873.0,597485.992670171,False,False,False,False,40366.46397972653,False,False,False,False
2024-04-22 17:00:00+00:00,44.97,45.57,44.91,45.195,26644.0,,,,,,45.48391781123348,46.08765170516855,45.627358907329004,,,,,,,,,44.58528541144755,,,45.44605345879465,#000000,2.8514356222976636,45.1604924370429,0.012101820811685331,36.31423114869243,-10.289933967562632,False,True,False,True,True,7.251379453288518,0.0,0.0,0.0,0.0,0,,,False,False,False,False,,,False,False,False,False,778517.0,600292.6749543543,False,False,False,False,40153.71260019589,False,False,False,False
2024-04-23 17:00:00+00:00,46.385,46.565,46.305,46.32,30817.0,,,,,,45.54945090835102,46.095231319752045,45.638362086169856,,,,,,,,,44.605382885153354,,,45.47210679985657,#000000,2.8055067711989574,45.22851769279504,0.38904996359659777,42.85662145779361,-15.75089593743725,False,True,False,True,True,10.343829788295366,0.0,0.0,0.0,0.0,0,,,False,False,False,False,,,False,False,False,False,809334.0,603533.6257302557,False,False,False,False,40008.95736608432,False,False,False,False
2024-04-24 17:00:00+00:00,45.7,46.205,45.69,46.095,55713.0,,,,,,45.60083054257555,46.09104616550492,45.64739337278727,,,,,,,,,44.632741143276455,,,45.49300280603605,#000000,2.7595422897010664,45.28175205609136,0.2947039249747245,46.4369182279589,-12.490753904159845,False,True,False,True,True,9.556146953221653,0.0,0.0,0.0,0.0,0,,,False,False,False,False,,,False,False,False,False,753621.0,605860.5617654455,False,False,False,False,40252.43089529232,False,False,False,False
2024-04-25 17:00:00+00:00,45.29,45.73,45.17,45.63,21157.0,,,,,,45.59703339583856,46.081825728511554,45.64609073590923,,,,,,,,,44.63924344345572,,,45.491048325928766,#000000,2.7006922502629926,45.28407735600222,0.12808665776861297,47.237870026841236,-11.61768943148924,False,True,False,False,True,7.941799305045954,0.0,0.0,0.0,0.0,0,,,False,False,False,False,,,False,False,False,False,732464.0,607823.405769082,False,False,False,False,39956.37770311724,False,False,False,False
2024-04-26 17:00:00+00:00,46.44,46.44,46.08,46.1,11194.0,,,,,,45.61022580395719,46.08286516508499,45.648888751405295,,,,,,,,,44.64536633998629,,,45.496836515108434,#000000,2.6438050145490894,45.29422078749677,0.30478012110157854,49.33535198602708,-9.32958117866427,False,True,False,False,True,9.236752177234557,0.0,0.0,0.0,0.0,0,,,False,False,False,False,,,False,False,False,False,743658.0,609929.3684703365,False,False,False,False,39510.449366634806,False,False,False,False
2024-04-29 17:00:00+00:00,46.45,46.63,46.245,46.305,43760.0,,,,,,45.67130608358806,46.09265193857698,45.663136544451106,,,,,,,,,44.67165775575379,,,45.52468808059248,#000000,2.584287690034688,45.433424223679765,0.3372595782122601,51.40053561409127,-7.002317758889809,False,False,True,False,True,9.79715273033861,0.0,0.0,0.0,0.0,0,,,False,False,False,False,,,False,False,False,False,787418.0,612681.1301994786,False,False,False,False,39576.33387257845,False,False,False,False
2024-04-30 17:00:00+00:00,45.02,45.18,44.715,44.8,51044.0,,,,,,45.60684548870071,46.050294688749425,45.64643550406075,,,,,,,,,44.675566158671906,,,45.4947854600457,#000000,2.4838067448869494,45.3298940292838,-0.21333947593733615,47.92203672602319,-7.002317758889809,False,True,False,True,True,4.7087897956563936,0.0,0.0,0.0,0.0,0,,,False,False,False,False,,,False,False,False,False,736374.0,614598.8491111146,False,False,False,False,39754.127145871804,False,False,False,False
2024-05-01 17:00:00+00:00,40.99,42.265,40.76,40.845,139919.0,,,,,,44.80365096958188,45.62851943402408,45.40039352106934,,,,,,,,,44.52277370830144,,,45.08883440824418,"rgba(255, 0, 0, 1.0)",2.423168014237804,44.66366104335118,-1.575896108282168,39.63896063285705,-1.7155850202557232,False,True,False,True,False,0.0,0.0,0.0,0.0,0.0,0,,,False,False,False,False,,,False,False,False,False,596455.0,614317.5491248958,False,False,False,False,41307.070911052084,False,False,False,False
2024-05-02 17:00:00+00:00,40.525,40.77,40.37,40.565,47381.0,,,,,,44.55261726143342,45.48111773384165,45.30971378149627,,,,,,,,40.56833333333333,44.4632491480017,,,44.075006251621275,"rgba(255, 0, 0, 1.0)",2.373769287574213,44.159781652532814,-1.5143770169030928,33.858360536058726,-7.00884165775328,False,True,False,True,False,0.0,0.0,0.0,0.0,0.0,0,,,False,False,False,False,,,False,False,False,False,549074.0,613306.0212314866,False,False,False,False,41401.240354291585,False,False,False,False
2024-05-03 17:00:00+00:00,40.875,41.095,40.83,41.07,39131.0,,,,,,44.386750395538165,45.37580614030033,45.24391291106702,,,,,,,,40.76283039732445,44.420703526399855,,,44.03800067412597,"rgba(239, 83, 80, 1.0)",2.3405487537046574,44.07313344692421,-1.2830894644560609,31.658526222156887,-9.042104638559962,False,True,False,True,False,0.0,0.0,0.0,0.0,0.0,0,,,False,False,False,False,,,False,False,False,False,588205.0,612916.8581116186,False,False,False,False,41366.042829418846,False,False,False,False
2024-05-06 17:00:00+00:00,42.05,42.27,41.905,41.99,30533.0,,,,,,44.30482750380778,45.31602948797236,45.20638406964583,,,,,,,,41.09991283979096,44.398252827419896,,,44.065081345727364,"rgba(239, 83, 80, 0.5)",2.2949475489109132,44.054622071288094,-0.899638021037943,32.99797386510102,-9.042104638559962,False,True,False,True,False,0.0,0.0,0.0,0.0,0.0,0,,,False,False,False,False,,,False,False,False,False,618738.0,613007.108373454,False,False,False,False,41198.08867702475,False,False,False,False
2024-05-07 17:00:00+00:00,42.375,42.375,41.96,41.985,32988.0,,,,,,44.22443988318342,45.25480455469421,45.167466657126354,,,,,,,,41.32126944294477,44.37499537998472,,,44.06859518358669,"rgba(239, 83, 80, 0.5)",2.2395999240533513,44.02713614675482,-0.9118307804988894,33.88253038545584,-9.042104638559962,False,True,False,True,False,0.0,0.0,0.0,0.0,0.0,0,,,False,False,False,False,,,False,False,False,False,585750.0,612584.5175459585,False,False,False,False,41070.80048048173,False,False,False,False
2024-05-08 17:00:00+00:00,41.78,41.8,41.46,41.46,29631.0,,,,,,44.14012379535572,45.192783039464736,45.127385890044415,,,,,,,,41.36284096053373,44.349685462608875,,,44.034563829601495,"rgba(239, 83, 80, 1.0)",2.19561734223281,43.97966306666777,-1.1475875227444792,33.556184116519596,-9.042104638559962,False,True,False,True,False,0.0,0.0,0.0,0.0,0.0,0,,,False,False,False,False,,,False,False,False,False,556119.0,611709.083165401,False,False,False,False,40893.43923272232,False,False,False,False
2024-05-09 17:00:00+00:00,42.09,42.43,42.0,42.36,29717.0,,,,,,44.08211129244595,45.144109918278446,45.095708364163116,,,,,,,,41.49064592775848,44.33095259748774,,,44.02870562002674,"rgba(239, 83, 80, 0.5)",2.168736270045061,43.957064147827225,-0.7364031163614203,36.23318762428201,-9.042104638559962,False,True,False,True,True,0.0,0.0,0.0,0.0,0.0,0,,,False,False,False,False,,,False,False,False,False,585836.0,611307.9500930691,False,False,False,False,40720.16110508321,False,False,False,False
2024-05-10 17:00:00+00:00,42.545,42.71,42.4,42.515,27103.0,,,,,,44.03987456145319,45.10526224038769,45.07020181726242,,,,,,,,41.61110149805765,44.316419211594166,,,44.028571865751026,"rgba(239, 83, 80, 0.5)",2.1297074028188887,43.943436545197436,-0.6707196224733741,38.49415355725131,-9.042104638559962,False,True,False,True,True,0.0,0.0,0.0,0.0,0.0,0,,,False,False,False,False,,,False,False,False,False,612939.0,611333.2376885255,False,False,False,False,40509.042328260206,False,False,False,False
2024-05-13 17:00:00+00:00,42.015,42.015,41.64,41.71,18898.0,,,,,,43.997637070383185,45.07109408699154,45.047506845550544,,,,,,,,41.624216467879485,44.30218200887504,,,44.00852729593596,"rgba(239, 83, 80, 1.0)",2.1167786229879337,43.91867348891568,-1.0434126010768339,38.208384289670555,-9.042104638559962,False,True,False,True,True,0.0,0.0,0.0,0.0,0.0,0,,,False,False,False,False,,,False,False,False,False,594041.0,611065.1409801762,False,False,False,False,40173.98740844222,False,False,False,False
2024-05-14 17:00:00+00:00,41.94,42.43,41.89,42.3,48571.0,,,,,,43.915257869372056,44.997212584577944,44.997897283518995,,,,,,,,41.71729068858233,44.27228388807781,,,43.97998846282583,"rgba(239, 83, 80, 0.5)",2.0841073336990905,43.876894000895426,-0.7566280178557758,39.96093433565754,-9.042104638559962,False,True,False,True,True,0.0,0.0,0.0,0.0,0.0,0,,,False,False,False,False,,,False,False,False,False,642612.0,611554.2395696307,False,False,False,False,40304.1736501718,False,False,False,False
2024-05-15 17:00:00+00:00,43.63,44.09,43.605,44.035,31952.0,,,,,,43.91510344577185,44.979073044234426,44.9855415991308,,,,,,,,41.92586587477609,44.26891516079771,,,44.01489982494217,#000000,2.00804074426556,43.89815200725305,0.06815000798053816,45.580250381896604,-11.01476446113395,False,False,False,True,True,2.71508525061277,0.0,0.0,0.0,0.0,0,,,False,False,False,False,,,False,False,False,False,674564.0,612531.135080179,False,False,False,False,40174.68258582804,False,False,False,False
2024-05-16 17:00:00+00:00,43.715,43.725,43.325,43.41,100671.0,,,,,,43.878815594859084,44.904538904830034,44.93375927093346,,,,,,,,42.28577429053971,44.24664993022594,,,44.04990759827764,#000000,1.9510145201042484,43.91117210393691,-0.25687769043878633,47.671949490872436,-8.886992552209264,False,False,False,False,True,1.0605117911466202,0.0,0.0,0.0,0.0,0,,,False,False,False,False,,,False,False,False,False,573893.0,611932.0942262227,False,False,False,False,41112.60998759815,False,False,False,False
2024-05-17 17:00:00+00:00,42.78,43.06,42.64,43.06,30222.0,,,,,,43.855040420706814,44.87522433287552,44.913088268976004,,,,,,,,42.32683609755539,44.23541003070174,,,44.0411198301631,#000000,1.9071027788268151,43.89964087053212,-0.44027038283098385,48.16475233078786,-8.15802572259485,False,False,False,False,True,0.14629280229960884,0.0,0.0,0.0,0.0,0,,,False,False,False,False,,,False,False,False,False,543671.0,610873.7826878317,False,False,False,False,40943.76332112376,False,False,False,False
2024-05-20 17:00:00+00:00,43.62,43.63,43.33,43.385,16740.0,,,,,,43.84953008224703,44.863644345707016,44.90480715217926,,,,,,,,42.36566213341385,44.231733636451985,,,44.043075469999835,#000000,1.8369764548015972,43.89972372425108,-0.2802015904480805,49.36920442492881,-6.669962762325341,True,False,False,False,True,0.989191501629044,0.0,0.0,0.0,0.0,0,,,False,False,False,False,,,False,False,False,False,560411.0,610091.4139639892,False,False,False,False,40568.51117661021,False,False,False,False
2024-05-21 17:00:00+00:00,44.0,44.48,43.95,44.395,61990.0,,,,,,43.86985697892004,44.84647012676299,44.89189200777741,,,,,,,,42.58262598192332,44.23246929084112,,,44.08466287724498,#000000,1.7690174577334483,43.933427452494755,0.2609202896712155,52.63186673275427,-3.3104890434699783,True,False,True,False,True,3.540902773252185,0.0,0.0,0.0,0.0,0,,,False,False,False,False,,,False,False,False,False,622401.0,610282.2602591212,False,False,False,False,40900.627282399204,False,False,False,False
2024-05-22 17:00:00+00:00,44.735,44.78,43.68,43.72,47169.0,,,,,44.059999999999995,43.87652673634737,44.8293894421502,44.879110873370955,,,,,,,,42.70020082211765,44.23026642781929,,,44.095915716967575,#000000,1.773229869805694,43.95696329258794,-0.13363371361092072,52.77235007992502,-2.8844004969081922,True,False,True,False,True,1.7366574637639545,0.0,0.0,0.0,0.0,0,,,False,False,False,False,0.17986188234249886,0.17986188234249886,False,False,False,False,575232.0,609738.8453713828,False,False,False,False,40997.8113555403,False,False,False,False
2024-05-23 17:00:00+00:00,44.065,44.11,43.72,43.98,31569.0,,,,,44.01055106809927,43.877906227248346,44.81659926366583,44.86951864865105,,,,,,,,42.762728639180516,44.22777792082137,,,44.09418029461107,#000000,1.776289089064017,43.9589506000791,0.011850210672627292,53.53574743351206,-1.7882855279962655,True,False,True,False,True,2.3922382916872174,0.0,0.0,0.0,0.0,0,0.9615000237947938,0.8230143244658069,False,False,False,False,0.14424901635232815,0.1620554493474135,False,False,False,False,606801.0,609693.2973811288,False,False,False,False,40851.628233748976,False,False,False,False
2024-05-24 17:00:00+00:00,44.71,44.74,44.52,44.54,17348.0,,,,,44.1169740649002,43.88689495071116,44.81490726631621,44.86801958932304,,,,,,,,42.81240489868779,44.229503582953996,,,44.12145072548207,#000000,1.7770022154949108,43.976683221131644,0.317003982300307,55.45210638943532,0.36233812460292825,True,False,True,False,True,3.7926411754143388,0.0,0.0,0.0,0.0,0,0.9614293271774158,0.8209012648487474,False,False,False,False,0.18073391107852815,0.17139468021297083,False,False,False,False,624149.0,609917.4168015764,False,False,False,False,40487.230896791625,False,False,False,False
2024-05-27 17:00:00+00:00,44.54,44.54,44.54,44.54,0.0,,,,,44.1169740649002,43.88689495071116,44.81490726631621,44.86801958932304,,,,,,,,42.81240489868779,44.229503582953996,,,44.12145072548207,#000000,1.7775912439676842,43.976683221131644,0.3168989388195906,56.7296790267175,1.8656736346227802,True,False,True,False,True,3.7926411754143388,0.0,0.0,0.0,0.0,0,0.9643582551504016,0.8219363574813814,False,False,False,False,0.17532746466718974,0.17336107244008028,False,False,False,False,624149.0,610138.0615023271,False,False,False,False,39859.521890639815,False,False,False,False
2024-05-28 17:00:00+00:00,43.94,43.94,42.99,43.07,48043.0,,,,,43.85576048771124,43.86844769647132,44.78353458178939,44.84473911707722,,,,,,,,42.84869390146116,44.21814342393905,,,44.069886534741556,#000000,1.7820548216559824,43.947334097794844,-0.492315997876865,52.88018490007783,1.8656736346227802,True,False,True,False,False,0.0,0.0,0.0,0.0,0.0,0,0.9545302254343563,0.8239123151294694,False,False,False,False,0.10938342025666685,0.14137224634837356,False,False,False,False,576106.0,609610.4326418259,False,False,False,False,39986.3975202423,False,False,False,False
2024-05-29 17:00:00+00:00,41.89,41.955,41.7,41.72,21826.0,,,,,43.58429586333645,43.83747530049723,44.75502722947511,44.82384275748758,,,,,,,,42.816267720615485,44.204249651520705,,,44.003526420488754,"rgba(239, 83, 80, 1.0)",1.818806885429686,43.903916754671435,-1.200741415796595,47.34253527339506,2.6391869459591675,False,False,False,True,False,0.0,0.0,0.0,0.0,0.0,0,0.9504601153864496,0.8399847422877034,False,False,False,False,0.02033392503139613,0.08085308568988485,False,False,False,False,554280.0,608752.5964768364,False,False,False,False,39704.84096954087,False,False,False,False
2024-05-30 17:00:00+00:00,42.41,42.71,42.39,42.585,37584.0,,,,,43.39546475122704,43.80553153240177,44.71962052793262,44.79749157183169,,,,,,,,42.803493261172456,44.18821206241483,,,43.95163561783007,"rgba(239, 83, 80, 0.5)",1.8397557662035542,43.86740959613549,-0.6970542610565184,46.29586327760102,1.732833088948425,False,False,False,True,False,0.0,0.0,0.0,0.0,0.0,0,0.9483870967741939,0.8390891840607213,False,False,False,False,0.058676515574187835,0.06976480063203634,False,False,False,False,591864.0,608490.7577717691,False,False,False,False,39671.95971419915,False,False,False,False
2024-05-31 17:00:00+00:00,42.7,43.015,42.69,42.96,38416.0,,,,,43.31494580948248,43.78264404165619,44.689894721312,44.77502770836945,,,,,,,,42.80763203777097,44.1753677439683,,,43.924252010426564,#000000,1.853665207825472,43.84613600339638,-0.47804533399852905,46.66285709001027,1.732833088948425,False,False,False,True,False,0.0,0.0,0.0,0.0,0.0,0,0.9541367334316573,0.83467339074171,False,False,False,False,0.06833285812226325,0.06904882937714979,False,False,False,False,630280.0,608828.5754807339,False,False,False,False,39652.48747056816,False,False,False,False
2024-06-03 17:00:00+00:00,42.6,43.42,42.54,43.42,15916.0,,,,,43.30332507338941,43.77593162754186,44.67945207858793,44.76703112144323,,,,,,,,42.8139523781666,44.171092041958644,,,43.91846405351461,#000000,1.8614719860784643,43.841078816496676,-0.22620744209197308,48.19136150806048,1.732833088948425,True,False,False,False,False,0.830836410590539,0.0,0.0,0.0,0.0,0,0.9491164068792347,0.8335149476477,False,False,False,False,0.05881306095015541,0.06393094516365261,False,False,False,False,646196.0,609407.9153957613,False,False,False,False,39284.479912884926,False,False,False,False
2024-06-04 17:00:00+00:00,42.31,42.475,42.01,42.16,63920.0,,,,,43.08714208911995,43.71431667908952,44.61506280559925,44.71826017903567,,,,,,,,42.769810561819426,44.13957871681441,,,43.84069517191303,"rgba(239, 83, 80, 0.5)",1.8871550755778463,43.779802174903914,-0.8583301901715386,46.065603717213115,1.2195916135611569,False,False,False,True,False,0.0,0.0,0.0,0.0,0.0,0,0.9346491642270282,0.8420530739446597,False,False,False,False,-0.00045643460563464495,0.03173725527900898,False,False,False,False,582276.0,608987.2655446641,False,False,False,False,39666.425960747176,False,False,False,False
2024-06-05 17:00:00+00:00,42.625,42.9,42.49,42.845,17324.0,,,,,43.06966344750306,43.70405643292308,44.60191369820109,44.708092371299564,,,,,,,,42.76932469557399,44.13351600057884,,,43.83109444101327,#000000,1.9015666679853063,43.77130981187271,-0.4871298111541523,46.611171231553946,1.2195916135611569,False,False,False,True,False,0.0,0.0,0.0,0.0,0.0,0,0.9328545102301186,0.8423191418985966,False,False,False,False,0.027088224715541915,0.02941273999727545,False,False,False,False,599600.0,608841.7265439717,False,False,False,False,39320.03175980536,False,False,False,False
2024-06-06 17:00:00+00:00,42.08,42.11,41.3,41.345,52671.0,,,,,42.87006798354203,43.6379868373229,44.53876855795475,44.65991976425264,,,,,,,,42.702773287998106,44.10027054395675,,,43.75163116250453,"rgba(239, 83, 80, 1.0)",1.9444174583283806,43.70649847124366,-1.2145017836210175,43.80187437510818,-1.2864712770812545,False,False,False,True,False,0.0,0.0,0.0,0.0,0.0,0,0.9222611539359966,0.8436346647979446,False,False,False,False,-0.035541642809817954,-0.003064451406271252,False,False,False,False,546929.0,607881.8393107319,False,False,False,False,39527.02351546729,False,False,False,False
2024-06-07 17:00:00+00:00,40.93,41.085,40.625,40.665,75252.0,,,,,42.53518333625957,43.51660270410875,44.42997017188208,44.57651134967975,,,,,,,,42.560743439604586,44.039734161333215,,,43.60979086047799,"rgba(239, 83, 80, 1.0)",2.002593806780322,43.5883460696557,-1.4597798414026462,40.753343661190925,-4.254867077251937,False,True,False,True,False,0.0,0.0,0.0,0.0,0.0,0,0.9169651579290133,0.8517932734800205,False,False,False,False,-0.12926812194643444,-0.06616628667635285,False,False,False,False,471677.0,605770.1363756817,False,False,False,False,40080.899119878646,False,False,False,False
2024-06-10 17:00:00+00:00,40.79,40.95,40.67,40.7,63064.0,,,,,42.32558346947065,43.421944166915615,44.34310789530318,44.50900766807063,,,,,,,,42.455947895651846,43.99040587679872,,,43.507666162035115,"rgba(239, 83, 80, 1.0)",2.054689838718555,43.499886435905104,-1.3626808207954646,38.83687014092499,-6.12807847115576,False,True,False,True,False,0.0,0.0,0.0,0.0,0.0,0,0.9153504208833821,0.8681547337557931,False,False,False,False,-0.15341216833377197,-0.10978922750506241,False,False,False,False,534741.0,604668.9094551285,False,False,False,False,40437.22626530688,False,False,False,False
2024-06-11 17:00:00+00:00,39.7,40.105,39.44,39.905,106221.0,,,,,41.906771558364746,43.22391722629899,44.168968413760645,44.37279861589729,,,,,,,,42.21873771312965,43.88687449908551,,,43.29634467108948,"rgba(255, 0, 0, 1.0)",2.1284874996193848,43.314769805886925,-1.6019684430830146,36.16280480773759,-8.708451565669435,False,True,False,True,False,0.0,0.0,0.0,0.0,0.0,0,0.8870242298205738,0.8784639938095469,False,False,False,False,-0.22904692070354601,-0.1694180741043042,False,False,False,False,428520.0,601937.9186108629,False,False,False,False,41457.12973406182,False,False,False,False
2024-06-12 17:00:00+00:00,40.55,40.55,40.06,40.33,62300.0,,,,,41.764676034141445,43.13307808145544,44.08388921258153,44.304842092459644,,,,,,,,42.12332590792167,43.83562964824845,,,43.2075734961347,"rgba(239, 83, 80, 1.0)",2.1856640300494945,43.23342666870231,-1.3283956860636814,35.92855832449987,-9.064460112895922,False,True,False,True,False,0.0,0.0,0.0,0.0,0.0,0,0.8916824105023495,0.8691566148331155,False,False,False,False,-0.1899579292124316,-0.1796880016583679,False,False,False,False,490820.0,600215.1601827876,False,False,False,False,41780.275009502715,False,False,False,False
2024-06-13 17:00:00+00:00,39.935,40.115,39.45,39.655,82905.0,,,,,41.54989707982311,42.99777530177042,43.95997252911105,44.20536749173976,,,,,,,,41.974432692868014,43.75893672538244,,,43.0743969701158,"rgba(255, 0, 0, 1.0)",2.253462365035319,43.11136658349114,-1.5338026661195057,34.506237954214974,-10.622755429609299,False,True,False,True,False,0.0,0.0,0.0,0.0,0.0,0,0.8804044294655755,0.8705825710158883,False,False,False,False,-0.22830684160660275,-0.20399742163248533,False,False,False,False,407915.0,597233.7623504963,False,False,False,False,42417.8676450143,False,False,False,False
2024-06-14 17:00:00+00:00,39.1,39.2,38.93,39.04,38210.0,,,,,41.43368149132202,42.92665094047031,43.89634228218311,44.15417098114571,,,,,,,,41.89277253297159,43.71870149989373,,,43.00371995466441,"rgba(255, 0, 0, 1.0)",2.3361833623888866,43.04672442823538,-1.715072751882911,32.513879866391676,-12.697741939011536,False,True,False,True,False,0.0,0.0,0.0,0.0,0.0,0,0.8796674515834496,0.8743812773319237,False,False,False,False,-0.2820907031927923,-0.24304406241263882,False,False,False,False,369705.0,593706.1846396358,True,False,False,False,42352.62938695206,True,False,False,False
2024-06-17 17:00:00+00:00,38.71,39.31,38.71,39.26,128891.0,,,,,41.11569646827158,42.70668484728415,43.69491099174001,43.989929611414986,,,,,,,39.093333333333334,41.65128350746719,43.58894381090558,,,42.262968938630976,"rgba(239, 83, 80, 1.0)",2.4035725062482998,42.58071265222528,-1.3815737380889468,32.09786319968762,-13.31657425663957,False,True,False,True,False,0.0,0.0,0.0,0.0,0.0,0,0.8891253869969041,0.8684694272445822,False,False,False,False,-0.2862761078032495,-0.26466008510794414,False,False,False,False,498596.0,592231.6081335949,False,False,False,False,43694.30955149544,False,False,False,False
2024-06-18 17:00:00+00:00,39.62,39.68,39.41,39.55,55406.0,,,,,41.02911217072446,42.63061334337865,43.621450751395265,43.92879606990651,,,,,,,39.22962088368232,41.576031064887324,43.54077774910319,,,42.222343147582535,"rgba(239, 83, 80, 1.0)",2.4571569156462205,42.528102321952694,-1.2120114523371701,33.051598789494804,-13.31657425663957,False,True,False,True,False,0.0,0.0,0.0,0.0,0.0,0,0.8925439658931255,0.8620221888474396,False,False,False,False,-0.24595221476078608,-0.2553061499343651,False,False,False,False,554002.0,591638.9010307484,False,False,False,False,43875.886147596284,False,False,False,False
2024-06-19 17:00:00+00:00,39.55,39.55,39.55,39.55,0.0,,,,,41.02911217072446,42.63061334337865,43.621450751395265,43.92879606990651,,,,,,,39.22962088368232,41.576031064887324,43.54077774910319,,,42.222343147582535,"rgba(239, 83, 80, 1.0)",2.4994319480760026,42.528102321952694,-1.1915116649785815,33.687422516032925,-13.31657425663957,False,True,False,True,False,0.0,0.0,0.0,0.0,0.0,0,0.8913815757457786,0.864518954693659,False,False,False,False,-0.24557921841962294,-0.250442684176994,False,False,False,False,554002.0,591055.3831853104,False,False,False,False,43195.639850734326,False,False,False,False
2024-06-20 17:00:00+00:00,40.215,41.02,40.15,40.99,60572.0,,,,,41.011524889779366,42.58161983560409,43.566345778774725,43.88124602267862,,,,,,,39.598288390935565,41.54382785604934,43.5045051897355,,,42.24105113765103,"rgba(239, 83, 80, 0.5)",2.492271612965314,42.39661234775128,-0.564389667817018,39.58420965677459,-14.797591050710032,False,True,False,True,True,0.0,0.0,0.0,0.0,0.0,0,0.8927697548337573,0.8538118313102719,False,False,False,False,-0.16963908786524817,-0.2100408860211211,False,False,False,False,614574.0,591420.0129033676,False,False,False,False,43465.04078328108,False,False,False,False
2024-06-21 17:00:00+00:00,39.8,40.065,39.43,40.065,47576.0,,,,,40.96198077564574,42.527754236074834,43.511771584988814,43.83490354747755,,,,,,,39.63978001561548,41.495310974993025,43.46799675551859,,,42.20564255575915,"rgba(239, 83, 80, 0.5)",2.503565475494904,42.333089174179705,-0.9059436217586248,40.873207109308424,-13.63159080497146,False,True,False,True,True,0.0,0.0,0.0,0.0,0.0,0,0.8800094854161726,0.8583827365425658,False,False,False,False,-0.23089819976330037,-0.2204695428922107,False,False,False,False,566998.0,591041.3770444007,False,False,False,False,43528.77658509068,False,False,False,False
2024-06-24 17:00:00+00:00,40.46,40.67,40.25,40.45,28605.0,,,,,40.94931013913191,42.5034574404386,43.48500949730433,43.811694923775484,,,,,,,39.71256320406998,41.47769243823024,43.450000995828724,,,42.19853266268275,"rgba(239, 83, 80, 0.5)",2.513386739222763,42.3215858613881,-0.7446469865464737,43.00250425927975,-11.613749665775039,False,False,False,True,True,0.0,0.0,0.0,0.0,0.0,0,0.8844744730456299,0.8594471142408526,False,False,False,False,-0.1786918914376049,-0.1995807171649078,False,False,False,False,595603.0,591112.0998809215,False,False,False,False,43297.40020392648,False,False,False,False
2024-06-25 17:00:00+00:00,39.78,39.98,39.77,39.82,50500.0,,,,,40.902991788439635,42.449752182824774,43.42975256846526,43.76430100374974,,,,,,,39.732149329385905,41.43055917744502,43.412486339187545,,,42.16028462707113,"rgba(239, 83, 80, 0.5)",2.5294957425763025,42.272958755566926,-0.9697421957581853,42.6837253681388,-11.613749665775039,False,False,False,True,True,0.0,0.0,0.0,0.0,0.0,0,0.8807774354112349,0.8609623133443944,False,False,False,False,-0.221472639282683,-0.2105266782237954,False,False,False,False,545103.0,590398.7805029227,False,False,False,False,43409.06841781909,False,False,False,False
2024-06-26 17:00:00+00:00,39.825,39.84,39.48,39.61,38182.0,,,,,40.863872266098404,42.40734837194689,43.386650084322895,43.72729923849509,,,,,,,39.723872767239726,41.39211414416618,43.38296746705938,,,42.12630347704693,"rgba(239, 83, 80, 1.0)",2.556713971748357,42.2333709342632,-1.0260713412808007,41.914312126228374,-11.613749665775039,False,False,False,True,True,0.0,0.0,0.0,0.0,0.0,0,0.8833333333333333,0.8610792741165233,False,False,False,False,-0.23739003019678376,-0.2239583542102896,False,False,False,False,506921.0,589104.5513478387,False,False,False,False,43328.02859738779,False,False,False,False
2024-06-27 17:00:00+00:00,39.81,39.975,39.71,39.9,24356.0,,,,,40.8444040786627,42.38304659759507,43.36123826386615,43.70528464127942,,,,,,,39.7316041678185,41.371398054524015,43.36546327090124,,,42.10891986780672,"rgba(239, 83, 80, 0.5)",2.5883195390129012,42.21365369301363,-0.8938825589888275,42.556917895927725,-11.610246708292038,False,False,False,True,True,0.0,0.0,0.0,0.0,0.0,0,0.8837862275734071,0.8568981106933803,False,False,False,False,-0.223871495363115,-0.22391492478670227,False,False,False,False,531277.0,588208.0001641512,False,False,False,False,43033.888619133715,False,False,False,False
2024-06-28 17:00:00+00:00,40.2,40.25,39.92,40.15,25327.0,,,,,40.8297970102091,42.36067141979494,43.33702201985024,43.68409910812464,,,,,,,39.752280915221895,41.35384328639728,43.34870477849262,,,42.095202648298674,"rgba(239, 83, 80, 0.5)",2.6167245359986246,42.19813937699397,-0.7827111141495596,43.98450519039723,-10.023643037861376,False,False,False,True,True,0.0,0.0,0.0,0.0,0.0,0,0.8902135401704491,0.8532031025567365,False,False,False,False,-0.20603136648819223,-0.21497314563744724,False,False,False,False,556604.0,587718.0156654823,False,False,False,False,42759.363214185905,False,False,False,False
2024-07-01 17:00:00+00:00,39.765,39.94,39.53,39.575,32050.0,,,,,40.80173302811743,42.327758160807456,43.30292497489014,43.65450205261504,,,,,,,39.747675934874984,41.32497897559385,43.32499539107413,,,42.06922407399615,"rgba(239, 83, 80, 0.5)",2.651725594896755,42.16968156955543,-0.9784879606505629,43.04151768290351,-10.023643037861376,False,False,False,True,True,0.0,0.0,0.0,0.0,0.0,0,0.8905799884770501,0.8501056270405223,False,False,False,False,-0.2318244220463266,-0.22339878384188694,False,False,False,False,524554.0,586738.7286009012,False,False,False,False,42593.32657520627,False,False,False,False
2024-07-02 17:00:00+00:00,39.695,40.12,39.675,40.02,22567.0,,,,,40.787124556707674,42.30726561828994,43.28097054429655,43.6352529582891,,,,,,,39.756046163792654,41.30832784724226,43.30964745701557,,,42.054947877947676,"rgba(239, 83, 80, 0.5)",2.674041753095343,42.15407434318168,-0.7980706885789539,44.287247309228135,-9.416671698138806,False,False,False,True,True,0.0,0.0,0.0,0.0,0.0,0,0.8922486201103913,0.8464122870170385,False,False,False,False,-0.2198133623425017,-0.22160607309219432,False,False,False,False,547121.0,586124.5002504996,False,False,False,False,42282.84089186974,False,False,False,False
2024-07-03 17:00:00+00:00,40.58,40.58,40.58,40.58,0.0,,,,,40.787124556707674,42.30726561828994,43.28097054429655,43.6352529582891,,,,,,,39.756046163792654,41.30832784724226,43.30964745701557,,,42.054947877947676,"rgba(239, 83, 80, 0.5)",2.671353940209681,42.15407434318168,-0.5892421515129235,47.23177890931473,-6.531120298153041,True,False,False,True,True,0.0,0.0,0.0,0.0,0.0,0,0.8948429847306252,0.8477384039181792,False,False,False,False,-0.17000066213971146,-0.1958033676159529,False,False,False,False,547121.0,585519.7948202593,False,False,False,False,41627.29297106556,False,False,False,False
2024-07-04 17:00:00+00:00,40.58,40.58,40.58,40.58,0.0,,,,,40.787124556707674,42.30726561828994,43.28097054429655,43.6352529582891,,,,,,,39.756046163792654,41.30832784724226,43.30964745701557,,,42.054947877947676,"rgba(239, 83, 80, 0.5)",2.6478164844141006,42.15407434318168,-0.594480150889303,49.19479997603912,-4.6516326978669085,True,False,False,False,True,0.0,0.0,0.0,0.0,0.0,0,0.8907912555620042,0.8510833816985879,False,False,False,False,-0.17000066213971146,-0.1829020148778322,False,False,False,False,547121.0,584924.4646680072,False,False,False,False,40981.908583917255,False,False,False,False
2024-07-05 17:00:00+00:00,40.26,40.53,40.24,40.31,20687.0,,,,,40.78060096407638,42.29207587840542,43.26360251012912,43.619774556053045,,,,,,,39.77941169411722,41.298002471949346,43.29744432269622,,,42.04727319963239,"rgba(239, 83, 80, 0.5)",2.6429895082161132,42.14542611540251,-0.6944507761747896,49.30318083070564,-4.453694040231284,True,False,False,False,True,0.0,0.0,0.0,0.0,0.0,0,0.8920203735144312,0.8484113509580402,False,False,False,False,-0.18413742484505083,-0.1835197198614415,False,False,False,False,526434.0,584017.6357584257,False,False,False,False,40667.25883843016,False,False,False,False
2024-07-08 17:00:00+00:00,40.505,40.53,40.33,40.505,31769.0,,,,,40.773138965074956,42.27032951506133,43.23818856146023,43.596971682570256,,,,,,,39.81729910724793,41.28413872660114,43.27949910417929,,,42.03708080888502,"rgba(239, 83, 80, 0.5)",2.632477018371131,42.13376733968599,-0.618720440223938,50.25381769297859,-3.3905288754479272,True,False,False,False,True,0.0,0.0,0.0,0.0,0.0,0,0.8924794073207585,0.8501730272456989,False,False,False,False,-0.18086882908956156,-0.18219427447550152,False,False,False,False,558203.0,583617.4088474424,False,False,False,False,40529.30133705915,False,False,False,False
2024-07-09 17:00:00+00:00,40.74,40.835,40.225,40.31,21941.0,,,,,40.76820793154032,42.25562221845241,43.220913817776506,43.58142220797947,,,,,,,39.841139474770955,41.27484578964475,43.26724433182982,,,42.02991368171346,"rgba(239, 83, 80, 0.5)",2.622727459025094,42.125577728594564,-0.6922479582645763,49.923237547783714,-3.3905288754479272,True,False,False,False,True,0.0,0.0,0.0,0.0,0.0,0,0.8968358441811711,0.8432548388669496,False,False,False,False,-0.17361884362760097,-0.17790655905155123,False,False,False,False,536262.0,582883.2164622106,False,False,False,False,40241.110618655126,False,False,False,False
2024-07-10 17:00:00+00:00,41.1,41.55,41.0,41.495,44714.0,,,,,40.786061924548534,42.2408722677325,43.19750957793361,43.55911339156021,,,,,,,39.94758093616555,41.27649005867501,43.250416169973946,,,42.03686347522705,#000000,2.590882007459328,42.1304886159473,-0.2452788718736272,54.35301511740814,0.7070389936750132,True,False,True,False,True,0.0,0.0,0.0,0.0,0.0,0,0.8975574365175333,0.8350665054413544,False,False,False,False,-0.1201192559280887,-0.14901290748981996,False,False,False,False,580976.0,582853.6472147345,False,False,False,False,40310.45774084652,False,False,False,False
2024-07-11 17:00:00+00:00,42.575,42.805,42.52,42.625,46909.0,,,,,40.84436040045607,42.24773302432394,43.19042358051292,43.549684225592486,,,,,,,40.13398988116595,41.30799126183149,43.24494261382056,,,42.074160712529064,#000000,2.549353756656081,42.16511648688139,0.18039219230281678,60.099321973977766,5.9052815585732645,True,False,True,False,True,1.8011926816696864,0.0,0.0,0.0,0.0,0,0.8996035726226299,0.8338348378468742,False,False,False,False,-0.02205042226515009,-0.08553166487748502,False,False,False,False,627885.0,583551.8077230331,False,False,False,False,40412.76072160859,False,False,False,False
2024-07-12 17:00:00+00:00,43.28,43.43,43.08,43.235,45018.0,,,,,40.914415742927275,42.263580868466306,43.191134024870166,43.546714226906545,,,,,,,40.32735260963309,41.34977895499415,43.24497202118241,,,42.11970692128285,#000000,2.506141289345446,42.207423262948495,0.4100234657240281,65.080908544057,10.205709941591067,True,False,True,False,True,3.3399881782936127,0.0,0.0,0.0,0.0,0,0.9041279570922327,0.8283210420457812,False,False,False,False,0.01958993866021193,-0.03297086310863655,False,False,False,False,672903.0,584937.0975257767,False,False,False,False,40484.159780188296,False,False,False,False
2024-07-15 17:00:00+00:00,44.04,44.085,43.905,44.085,30450.0,,,,,40.97454385567317,42.282250920184325,43.197996594375745,43.54988150945698,,,,,,,40.47638025024707,41.388189469218794,43.24952122313361,,,42.15982340318424,"rgba(38, 166, 154, 0.5)",2.4754494505002267,42.24493264734961,0.7433265713741648,69.7330732442752,14.151724876166782,True,False,True,False,True,5.419807194153549,0.0,0.0,0.0,0.0,0,0.9090648307515776,0.8244406196213424,False,False,False,False,0.06240511470757709,0.014717125799470272,False,False,False,False,703353.0,586773.0029904933,False,False,False,False,40328.59141150321,False,False,False,False
2024-07-16 17:00:00+00:00,45.07,46.56,44.88,46.515,96053.0,,,,,41.262503035042556,42.4020483221264,43.268518001747964,43.59970847586573,,,,,,,41.097723872958234,41.58736380795658,43.298936915085164,,,42.35954320439752,"rgba(0, 255, 255, 0.75)",2.478227919627554,42.433484186338276,1.6469493307440115,75.20870910270821,18.851115233469628,True,False,True,False,True,10.85105317080874,0.0,0.0,0.0,0.0,0,0.9083149650612015,0.8139567603057731,False,False,False,False,0.18326253071826448,0.09898982825886737,False,False,False,False,799406.0,590069.6386030439,False,False,False,False,41192.5357307047,False,False,False,False
2024-07-17 17:00:00+00:00,45.62,45.85,45.455,45.465,42271.0,,,,,41.369254637361976,42.44680176764909,43.29408448319672,43.61747078325705,,,,,,,41.31016922602452,41.66225853839196,43.31700704229511,,,42.43100663973949,"rgba(38, 166, 154, 1.0)",2.4520601064748915,42.49990938738829,1.2092242783046445,74.78792568383155,18.851115233469628,True,False,True,False,True,7.994641191788247,0.0,0.0,0.0,0.0,0,0.9051372273047149,0.8228008444757214,False,False,False,False,0.17795007743938818,0.13846995284912778,False,False,False,False,757135.0,592659.7992448572,False,False,False,False,41209.25610697285,False,False,False,False
2024-07-18 17:00:00+00:00,46.77,47.14,46.26,46.475,33725.0,,,,,41.470696463185924,42.493079928915876,43.32309660166763,43.63873359397654,,,,,,,41.503408400525096,41.73525483153679,43.33769291625131,,,42.50028039086559,"rgba(0, 255, 255, 0.75)",2.443699888313627,42.56471479552122,1.6001495204786504,75.66242725756663,19.016372253177806,True,False,True,False,True,10.113658506679037,0.0,0.0,0.0,0.0,0,0.8963564632165235,0.8174982594569508,False,False,False,False,0.26172123416781157,0.20009559350846967,False,False,False,False,790860.0,595732.6705743943,False,False,False,False,41093.22112857017,False,False,False,False
2024-07-19 17:00:00+00:00,45.82,46.24,45.675,45.895,15799.0,,,,,41.51071553364725,42.510855685397594,43.33371744886446,43.646319192163155,,,,,,,41.577654132144964,41.76400694451061,43.345284256288004,,,42.526936170430865,"rgba(38, 166, 154, 1.0)",2.4170677362128954,42.58942276280241,1.3675980973445259,74.20374562944326,19.016372253177806,True,False,True,False,True,8.565090087956051,0.0,0.0,0.0,0.0,0,0.8932357979536087,0.8212417241538961,False,False,False,False,0.20203819957179947,0.20106689654013457,False,False,False,False,775061.0,598512.9547515354,False,False,False,False,40701.06266146055,False,False,False,False
2024-07-22 17:00:00+00:00,46.38,46.57,46.11,46.43,31085.0,,,,,41.59490437287149,42.5496564918787,43.3578015183377,43.66389512380873,,,,,,,41.73052971598767,41.82520117088134,43.36256783472265,,,42.583508032641184,"rgba(0, 255, 255, 0.75)",2.3925832716358273,42.642016272980484,1.5832191806764753,73.95752922268568,19.016372253177806,True,False,True,False,True,9.683633564095388,0.0,0.0,0.0,0.0,0,0.8931823434250058,0.8195054310145599,False,False,False,False,0.2325811322651863,0.21682401440266044,False,False,False,False,806146.0,601732.0717321318,False,False,False,False,40551.9764186472,False,False,False,False
2024-07-23 17:00:00+00:00,46.48,46.835,46.405,46.5,18121.0,,,,,41.64474949769503,42.57314119425344,43.372632425301205,43.67482375869179,,,,,,,41.819064425759024,41.861743815667445,43.37324966162264,,,42.617057825570086,"rgba(0, 255, 255, 0.75)",2.3598713451723703,42.67321967671565,1.621605487567305,73.89108205072716,19.016372253177806,True,False,True,False,True,9.830128147826443,0.0,0.0,0.0,0.0,0,0.8942513742662814,0.8271219603093264,False,False,False,False,0.2552096404576569,0.23601682743015867,False,False,False,False,824267.0,605182.2256587654,False,False,False,False,40204.209342389106,False,False,False,False
2024-07-24 17:00:00+00:00,45.79,45.81,44.6,44.74,37982.0,,,,,41.71465094285917,42.603027195454224,43.38866006590197,43.68554187972661,,,,,,,41.93814324824011,41.91228861673919,43.38483712899787,,,42.6610212968456,"rgba(38, 166, 154, 0.5)",2.3197561867070537,42.71314344975064,0.8737368874642518,67.99396035527775,23.845417003671187,True,False,True,False,False,5.214397785390567,0.0,0.0,0.0,0.0,0,0.8804687499999998,0.8322150735294118,False,False,False,False,0.142966139803093,0.18949148361662582,False,False,False,False,786285.0,607990.0206097923,False,False,False,False,40169.75648436757,False,False,False,False
2024-07-25 17:00:00+00:00,47.0,47.18,46.26,46.32,46292.0,,,,,41.83356743379947,42.66076157078533,43.42547468728493,43.71284101113472,,,,,,,42.13797595079962,42.00089476235206,43.41157974301648,,,42.740442165596086,"rgba(0, 255, 255, 0.75)",2.2980547492674135,42.78683165064192,1.5374604762938746,66.89237201966742,22.668647856898502,True,False,True,False,False,8.527615023434375,0.0,0.0,0.0,0.0,0,0.8829387533384636,0.8221447648363587,False,False,False,False,0.2633525088222319,0.22642199621942885,False,False,False,False,832577.0,611471.9892825086,False,False,False,False,40264.6749884859,False,False,False,False
2024-07-26 17:00:00+00:00,47.68,47.7,47.005,47.21,56701.0,,,,,41.99239493735432,42.74176658495403,43.47941624343905,43.75377139554775,,,,,,,42.3964345005524,42.12125103965946,43.451007429663484,,,42.848006018738644,"rgba(0, 255, 255, 0.75)",2.3308597609519777,42.88708004712189,1.854646094672177,67.44552805517463,22.668647856898502,True,False,True,False,False,10.29340668340366,0.0,0.0,0.0,0.0,0,0.8836708121941363,0.8113410856193598,False,False,False,False,0.3157059122211798,0.2710639542203043,False,False,False,False,889278.0,615779.0592161131,False,False,False,False,40519.50173285046,False,False,False,False
2024-07-29 17:00:00+00:00,47.115,47.67,46.97,47.565,27114.0,,,,,42.06645417771452,42.780311721976354,43.505322523936265,43.77353998079416,,,,,,,42.51336065823298,42.17793243858662,43.47004644334189,,,42.89813827779754,"rgba(0, 255, 255, 0.75)",2.379424040763994,42.93379554582272,1.946355241787956,68.30478905561282,22.668647856898502,True,False,True,False,False,10.98553811135627,0.0,0.0,0.0,0.0,0,0.8907108748535902,0.808676457338499,False,False,False,False,0.312976881199247,0.29202041770977566,False,False,False,False,916392.0,620439.7249647004,False,False,False,False,40311.66449668224,False,False,False,False
2024-07-30 17:00:00+00:00,47.635,48.53,47.525,48.52,58624.0,,,,,42.242560138628356,42.87539023913145,43.57130484482043,43.82470748300528,,,,,,,42.78637678277004,42.314338678035746,43.518737137055595,,,43.01905932906384,"rgba(0, 255, 0, 1.0)",2.457126245716178,43.046959594671094,2.227415223320641,70.1170821537748,22.668647856898502,True,False,True,False,True,12.81153002162549,0.0,0.0,0.0,0.0,0,0.8965253742077582,0.7979502854317437,False,False,False,False,0.3428282462018357,0.31742433195580566,False,False,False,False,975016.0,625937.031554395,False,False,False,False,40595.57667502825,False,False,False,False
2024-07-31 17:00:00+00:00,50.76,50.92,49.59,49.745,93930.0,,,,50.085,42.587921562652134,43.072795987999,43.715006339170266,43.938757310236404,,,,,,,43.308422780342724,42.58684300902165,43.62546674713319,,,44.11502671706942,"rgba(0, 255, 0, 1.0)",2.5769266438779015,43.7016079331336,2.345193675273568,72.65415465045392,22.668647856898502,True,False,True,False,True,15.049827614616738,0.0,0.0,0.0,0.0,0,0.900530738611234,0.793498452012384,False,False,False,False,0.34282824782884336,0.3301262898923245,False,False,False,False,1068946.0,632805.3876543269,False,False,False,False,41422.466959136334,False,False,False,False
2024-08-01 17:00:00+00:00,47.645,47.79,47.01,47.76,72393.0,,,,48.96856965061958,42.749822520829674,43.16470495216704,43.77862108572468,43.988344623192035,,,,,,,43.5284621201733,42.71666566698511,43.67365127049018,,,44.0711052362727,"rgba(0, 255, 255, 0.75)",2.6370109631588035,43.7272680177376,1.529281462459943,68.72908746717606,22.668647856898502,True,False,True,False,False,9.991776549328709,0.0,0.0,0.0,0.0,0,0.8996822909866389,0.805196500848675,False,False,False,False,0.16388378613991567,0.2470050380161201,False,False,False,False,996553.0,638444.8855201512,False,False,False,False,41902.63026209547,False,False,False,False
2024-08-02 17:00:00+00:00,44.81,44.85,44.11,44.22,114163.0,,,,47.106363680659044,42.83071376251288,43.20348351984369,43.79441182885631,43.99699883455555,,,,,,,43.59429627794784,42.783475721156556,43.68742430655716,,,43.87464599151113,#000000,2.638131219885249,43.64415995721114,0.21827573945086365,59.961733362057885,15.846162586149632,True,False,True,False,False,2.1099409899687487,0.0,0.0,0.0,0.0,0,0.8875714588185475,0.8132966334956597,False,False,False,False,-0.008950886621857931,0.11902707569713109,False,False,False,False,882390.0,642226.9803182884,False,False,False,False,43022.946071985454,False,False,False,False
2024-08-05 17:00:00+00:00,41.035,41.715,40.26,40.95,130250.0,,,,45.162024447171255,42.732048334511,43.12602502683936,43.714133870270906,43.92507545843273,,,,,,,43.38499656855558,42.704834240257505,43.62946562846526,,,43.54732544681295,"rgba(239, 83, 80, 0.5)",2.634119932694735,43.43211073479152,-0.942292225947469,50.72935253160692,7.789174498647654,False,False,False,True,False,0.0,0.0,0.0,0.0,0.0,0,0.8707819975443499,0.8254371480587663,False,False,False,False,-0.21729155826841273,-0.049132241285640824,False,False,False,False,752140.0,643931.0581428111,False,False,False,False,44375.303497225985,False,False,False,False
2024-08-06 17:00:00+00:00,39.99,40.385,39.31,39.385,87796.0,,,,44.19893841652424,42.62691295341675,43.047441117681736,43.638417279799604,43.85825951892815,,,,,,,43.19631937648845,42.61907671698963,43.57357783870432,,,43.34486790231661,"rgba(239, 83, 80, 1.0)",2.632736778704972,43.28529587348808,-1.4814606249420106,43.345866143895286,1.613895226512902,False,True,False,True,False,0.0,0.0,0.0,0.0,0.0,0,0.855011655011655,0.8453485908031364,False,False,False,False,-0.2885989968138012,-0.168865619049721,False,False,False,False,664344.0,644247.5378615272,False,False,False,False,45048.49259029225,False,False,False,False
2024-08-07 17:00:00+00:00,39.73,39.79,38.135,38.215,101902.0,,,,43.26795494592245,42.4758207824659,42.93526057098541,43.53307320872372,43.76567014287105,,,,,,38.71333333333333,42.94527801148271,42.494114491937744,43.49477995787209,,,42.625031716177155,"rgba(255, 0, 0, 1.0)",2.6552851851381787,42.83116620876538,-1.73848226721649,37.58851430459336,-3.125190038194333,False,True,False,True,False,0.0,0.0,0.0,0.0,0.0,0,0.8512476816725679,0.8480441746754344,False,False,False,False,-0.34282825441539394,-0.2558469367325575,False,False,False,False,562442.0,642979.2349489453,False,False,False,False,45929.94231757453,False,False,False,False
2024-08-08 17:00:00+00:00,39.14,39.55,38.98,39.225,33226.0,,,,43.057360629780426,42.43573908759668,42.904433296870224,43.50342080147136,43.73933726447724,,,,,,38.84570163104612,42.879046257124465,42.460638282798556,43.47246753991829,,,42.588682754564815,"rgba(239, 83, 80, 1.0)",2.6615407665959436,42.7946944169821,-1.341213503765964,35.68341127216837,-4.559543985924705,False,True,False,True,False,0.0,0.0,0.0,0.0,0.0,0,0.8508816120906804,0.8485306465155336,False,False,False,False,-0.3231142519245592,-0.2894805943285583,False,False,False,False,595668.0,642245.727430357,False,False,False,False,45732.98197156562,False,False,False,False
2024-08-09 17:00:00+00:00,39.22,39.69,39.21,39.565,48804.0,,,,42.802134261538576,42.38288376081378,42.86295076251912,43.46298648725146,43.70322124885454,,,,,,39.016215721027336,42.792031525157604,42.416236808685106,43.44193016182282,,,42.54228785974115,"rgba(239, 83, 80, 1.0)",2.651596846776995,42.74714683401353,-1.200086973206887,35.06854639272355,-5.2019247528967725,False,True,False,True,False,0.0,0.0,0.0,0.0,0.0,0,0.8600588059828698,0.8420761068734822,False,False,False,False,-0.3111771746983829,-0.3003288845134706,False,False,False,False,644472.0,642280.2432841499,False,False,False,False,45780.594654177,False,False,False,False
2024-08-12 17:00:00+00:00,39.435,39.605,39.2,39.335,19080.0,,,,42.70906195002261,42.36197751026643,42.84649385995,43.44697434441275,43.68890930477806,,,,,,39.05040583807854,42.758139130928235,42.39860756697078,43.42979477136933,,,42.52115158630852,"rgba(239, 83, 80, 1.0)",2.6381830834841313,42.726813710206,-1.2856627470018434,34.416286895476226,-6.195749622611984,False,True,False,True,False,0.0,0.0,0.0,0.0,0.0,0,0.8565869927737635,0.8442724590584516,False,False,False,False,-0.314233787789749,-0.3072813361516098,False,False,False,False,625392.0,642018.4100549383,False,False,False,False,45366.63194636031,False,False,False,False
2024-08-13 17:00:00+00:00,40.165,40.635,39.975,40.365,66943.0,,,,42.50138601130099,42.31340732233142,42.80537464198552,43.4046009978214,43.65028621608433,,,,,,39.36647761663981,42.67619740473515,42.357208266230046,43.39758761525202,,,42.49694734359785,"rgba(239, 83, 80, 0.5)",2.6332897795462835,42.691970440312396,-0.8836742763317645,36.159170599714585,-6.195749622611984,False,True,False,True,False,0.0,0.0,0.0,0.0,0.0,0,0.8540752417877382,0.8432959822760006,False,False,False,False,-0.2570523316645495,-0.2821668339080796,False,False,False,False,692335.0,642798.5122246292,False,False,False,False,45701.149280525264,False,False,False,False
2024-08-14 17:00:00+00:00,40.43,40.89,40.355,40.835,86479.0,,,,42.31850319778798,42.264995845414404,42.76179930050951,43.35788209913701,43.60706884567807,,,,,,39.68840300962684,42.593528558634524,42.315373858476526,43.361828124334195,,,42.474375871066556,"rgba(239, 83, 80, 0.5)",2.633366635665776,42.65688953833728,-0.6918480372850419,38.281670773634204,-6.195749622611984,False,True,False,True,False,0.0,0.0,0.0,0.0,0.0,0,0.8535577332765234,0.842437153813379,False,False,False,False,-0.2373380493005515,-0.25975244160431554,False,False,False,False,778814.0,644907.2794769604,False,False,False,False,46333.36402036208,False,False,False,False
2024-08-15 17:00:00+00:00,42.29,42.56,41.99,42.04,37214.0,,,,42.31342123599871,42.2641283516506,42.75682598910647,43.34933497036304,43.59825369585483,,,,,,39.92552481320029,42.58653398166615,42.314103249132636,43.35523545459843,,,42.49592908239679,#000000,2.6254454311052755,42.60485341118853,-0.21514574422167076,42.015631215371755,-6.195749622611984,False,True,False,True,True,0.0,0.0,0.0,0.0,0.0,0,0.8591224018475753,0.8355238295192108,False,False,False,False,-0.13725349228820763,-0.19850296694626157,False,False,False,False,816028.0,647560.3139036741,False,False,False,False,46191.97853167429,False,False,False,False
2024-08-16 17:00:00+00:00,41.1,41.195,40.915,41.09,44023.0,,,,42.25479519399104,42.24641009417317,42.73941199576357,43.32963078890526,43.57967335598357,,,,,,40.040306207935494,42.555492724778745,42.29850549096084,43.34001893852148,,,42.48713831011257,"rgba(239, 83, 80, 0.5)",2.6253139288902343,42.55356488883567,-0.557481858733117,42.905790444213906,-6.195749622611984,False,True,False,True,True,0.0,0.0,0.0,0.0,0.0,0,0.8630595921102224,0.8403199463964156,False,False,False,False,-0.21076855422641028,-0.20463576058633592,False,False,False,False,772005.0,649489.6888819117,False,False,False,False,46158.350957539806,False,False,False,False
2024-08-19 17:00:00+00:00,41.6,41.705,41.41,41.495,27923.0,,,,42.233996768403024,42.239810970210954,42.7316029508774,43.3198674519469,43.57020671377955,,,,,,40.130047212091796,42.54246327042418,42.29251091509451,43.33244561384404,,,42.48810576296359,#000000,2.626872137205212,42.54969989759423,-0.4015040864213329,44.318463099248675,-13.17857984843451,False,True,False,True,True,0.0,0.0,0.0,0.0,0.0,0,0.8602740874229916,0.8419596831649975,False,False,False,False,-0.18026036621777847,-0.1924480634020572,False,False,False,False,799928.0,651822.0657984712,False,False,False,False,45875.63233804306,False,False,False,False
2024-08-20 17:00:00+00:00,40.355,40.595,40.295,40.465,32394.0,,,,42.17605834136127,42.22072868134058,42.71455820696637,43.301862009135874,43.55353225865375,,,,,,40.15096848049886,42.5118968604516,42.27585883662988,43.31847846730494,,,42.469326904704786,"rgba(239, 83, 80, 0.5)",2.6355825723159096,42.515363424557066,-0.77795453881583,43.48784866973478,-13.17857984843451,False,True,False,True,True,0.0,0.0,0.0,0.0,0.0,0,0.8567263640149939,0.8451895043731783,False,False,False,False,-0.24833616515805076,-0.22039211428005398,False,False,False,False,767534.0,653616.0492744639,False,False,False,False,45666.61478241449,False,False,False,False
2024-08-21 17:00:00+00:00,39.97,40.295,39.88,40.195,52320.0,,,,42.07366086184101,42.185190947466936,42.6836436143468,43.26995821123254,43.524163309772895,,,,,,40.1483410956531,42.45679869190159,42.24486297839696,43.2936526293331,,,42.431141371104985,"rgba(239, 83, 80, 0.5)",2.6452597634667314,42.45985197999106,-0.8561926549787562,42.485300493257355,-13.17857984843451,False,True,False,True,True,0.0,0.0,0.0,0.0,0.0,0,0.8517194062123167,0.846355357811136,False,False,False,False,-0.27067025151139396,-0.24553118289572395,False,False,False,False,715214.0,654571.0562624567,False,False,False,False,45769.768041601856,False,False,False,False
2024-08-22 17:00:00+00:00,39.92,40.005,39.58,39.65,62688.0,,,,41.942328954676206,42.13663734747519,42.6422285952462,43.228069683735235,43.48578826432651,,,,,,40.10709344215405,42.38386401609166,42.20246363422952,43.26092088878058,,,42.37659942519057,"rgba(239, 83, 80, 1.0)",2.6630690399821706,42.3916451744558,-1.029505857074648,40.89777045500908,-13.17857984843451,False,True,False,True,False,0.0,0.0,0.0,0.0,0.0,0,0.8513507888273739,0.8439828497689719,False,False,False,False,-0.28929948067799666,-0.2674153317868603,False,False,False,False,652526.0,654539.3499638139,False,False,False,False,46032.0662114995,False,False,False,False
2024-08-23 17:00:00+00:00,40.39,40.45,39.95,40.195,81769.0,,,,41.8228241055384,42.087603500930086,42.59811355418501,43.18182411826323,43.4428145610138,,,,,,40.11783174166805,42.309790467399274,42.15908559365777,43.224512246504034,,,42.32715554323997,"rgba(239, 83, 80, 0.5)",2.6737278477069144,42.33692663390228,-0.8011012174403889,41.31704308360829,-13.17857984843451,False,True,False,True,False,0.0,0.0,0.0,0.0,0.0,0,0.8517113436444742,0.8449576854129324,False,False,False,False,-0.2636145618910306,-0.26551494683894544,False,False,False,False,734295.0,655775.8716698012,False,False,False,False,46586.127200468494,False,False,False,False
2024-08-26 17:00:00+00:00,39.87,40.01,39.68,39.83,22319.0,,,,41.78641898154241,42.07219035320127,42.584590719634456,43.16795881905734,43.43000529901311,,,,,,40.109184321502084,42.287151679142866,42.145465233256736,43.21356534670165,,,42.310725639228,"rgba(239, 83, 80, 0.5)",2.6876044710471505,42.31892832344541,-0.9260768652002102,40.88131968610897,-13.17857984843451,False,True,False,True,False,0.0,0.0,0.0,0.0,0.0,0,0.8447960033305582,0.8499583680266448,False,False,False,False,-0.28597013045606917,-0.2757425386475073,False,False,False,False,711976.0,656647.1914888739,False,False,False,False,46209.89267022867,False,False,False,False
2024-08-27 17:00:00+00:00,39.99,40.385,39.99,40.285,125041.0,,,,41.64032151151761,42.00366327463156,42.52137562293086,43.100991134275695,43.367315031725255,,,,,,40.12563853347187,42.18618122310488,42.08412785303208,43.16028558498172,,,42.243322196630174,"rgba(239, 83, 80, 0.5)",2.696866354704099,42.24859806275008,-0.7281035856022338,41.92313811894752,-12.810474476559378,False,True,False,True,False,0.0,0.0,0.0,0.0,0.0,0,0.844514997075779,0.8496950455342971,False,False,False,False,-0.2643972497095075,-0.2700698941785074,False,False,False,False,837017.0,659443.6226285812,False,False,False,False,47432.080380767766,False,False,False,False
2024-08-28 17:00:00+00:00,40.05,40.34,39.96,40.115,53568.0,,,,41.582613105249635,41.97455907473483,42.49439177513704,43.07243678364626,43.34052368710166,,,,,,40.12639776128652,42.14420739028556,42.05793078427599,43.13741826391649,,,42.21449762507044,"rgba(239, 83, 80, 0.5)",2.698705567256008,42.2188452615711,-0.7795756925459063,42.21807324624099,-12.093347178435828,False,True,False,True,False,0.0,0.0,0.0,0.0,0.0,0,0.847023360964582,0.8485305199698572,False,False,False,False,-0.2667472181272228,-0.2684085561528651,False,False,False,False,783449.0,661366.1866188358,False,False,False,False,47527.210917500044,False,False,False,False
2024-08-29 17:00:00+00:00,40.625,40.855,40.07,40.07,49921.0,,,,41.53937059572463,41.95101304960337,42.471808211630645,43.04803857887127,43.31743691805379,,,,,,40.13723434896974,42.11023475216634,42.03654004969513,43.11777096259379,,,42.19216082970096,"rgba(239, 83, 80, 0.5)",2.705057950121095,42.19616081868092,-0.7859945546030696,42.29986839429577,-11.577071738868206,False,True,False,True,False,0.0,0.0,0.0,0.0,0.0,0,0.8446666945641713,0.8502740929823831,False,False,False,False,-0.24724926505890182,-0.2578289106058834,False,False,False,False,733528.0,662484.9744231949,False,False,False,False,47564.32392653105,False,False,False,False
2024-08-30 17:00:00+00:00,39.565,40.17,39.535,40.14,29929.0,,,,41.50706684304847,41.9339517074189,42.45610860774613,43.03158338743246,43.30200955608767,,,,,,40.131438993463135,42.08621141346762,42.02114126497921,43.10452067238956,,,42.174892494003686,"rgba(239, 83, 80, 0.5)",2.7120294701287206,42.1783502477702,-0.7515959063945757,42.620736358048205,-10.85514557959624,False,True,False,True,False,0.0,0.0,0.0,0.0,0.0,0,0.8392842210887197,0.8575549795133374,False,False,False,False,-0.28549501404716193,-0.2716619623265227,False,False,False,False,763457.0,664050.4321840755,False,False,False,False,47290.90805170111,False,False,False,False
2024-09-02 17:00:00+00:00,40.14,40.14,40.14,40.14,0.0,,,,41.50706684304847,41.9339517074189,42.45610860774613,43.03158338743246,43.30200955608767,,,,,,40.131438993463135,42.08621141346762,42.02114126497921,43.10452067238956,,,42.174892494003686,"rgba(239, 83, 80, 0.5)",2.716471285186549,42.1783502477702,-0.7503669407019764,42.83464833388316,-10.2669122787065,False,True,False,True,False,0.0,0.0,0.0,0.0,0.0,0,0.8434500757703319,0.8591934669136221,False,False,False,False,-0.2673743617722336,-0.2695181620493782,False,False,False,False,763457.0,665591.6192819967,False,False,False,False,46557.71567880652,False,False,False,False
2024-09-03 17:00:00+00:00,38.755,38.805,38.38,38.485,46200.0,,,,41.41740642756519,41.890114276215364,42.41901569011872,42.99521091162328,43.26870254486197,,,,,,40.0602327493313,42.02668913680362,41.98214846760937,43.07535944731159,,,42.12609773904894,"rgba(239, 83, 80, 1.0)",2.732196052678153,42.127133921571215,-1.3330426701997182,38.74392173173009,-8.109073068003589,False,True,False,True,False,0.0,0.0,0.0,0.0,0.0,0,0.8348274128686328,0.8637315683646114,False,False,False,False,-0.34282825441539394,-0.30617320823238603,False,False,False,False,717257.0,666392.6329365394,False,False,False,False,46552.16969929014,False,False,False,False
2024-09-04 17:00:00+00:00,38.365,38.41,37.8,38.17,26302.0,,,,41.36144216766015,41.86250769884667,42.39589585119243,42.97278609928746,43.248237249147365,,,,,,40.01170749029543,41.989601850151224,41.95760145932631,43.05736021181743,,,42.09523778641383,"rgba(239, 83, 80, 1.0)",2.7582866548402967,42.09486832280018,-1.4229370670784858,35.41428086528627,-11.202545519700621,False,True,False,True,False,0.0,0.0,0.0,0.0,0.0,0,0.8313192556972613,0.8660255070039727,False,False,False,False,-0.34282825441539394,-0.32450073132389,False,False,False,False,690955.0,666773.4448289961,False,False,False,False,46238.2135799213,False,False,False,False
2024-09-05 17:00:00+00:00,38.095,38.33,37.97,37.995,9589.0,,,,41.34133509000112,41.85246799080587,42.38747328296335,42.96461441776893,43.24077556453223,,,,,,39.994359953443265,41.97615778397256,41.94866423802244,43.05079318069954,,,42.08407127802325,"rgba(239, 83, 80, 1.0)",2.782680221695625,42.08323150996321,-1.4691704343491014,32.85286232207799,-13.492001367750653,False,True,False,True,False,0.0,0.0,0.0,0.0,0.0,0,0.8364337187866602,0.8632478632478635,False,False,False,False,-0.3400875522364138,-0.33229414178015193,False,False,False,False,681366.0,666999.685994438,False,False,False,False,45670.00871821709,False,False,False,False
2024-09-06 17:00:00+00:00,37.22,37.38,37.03,37.235,19501.0,,,,41.290266139144045,41.82744918884744,42.366939138072055,42.94507868458309,43.22307217329665,,,,,37.214999999999996,39.94404100693043,41.942938153901636,41.926475222464205,43.035118885145806,,,41.571637859238535,"rgba(255, 0, 0, 1.0)",2.8125672412382023,41.68983420811418,-1.5839031838232553,29.774266100658366,-16.234887294533884,False,True,False,True,False,0.0,0.0,0.0,0.0,0.0,0,0.8363537664940707,0.8654584934023721,False,False,False,False,-0.34282825441539394,-0.33756119809777296,False,False,False,False,661865.0,666920.0784596405,True,False,False,False,45264.28765281838,True,False,False,False
2024-09-09 17:00:00+00:00,37.745,37.78,37.31,37.55,38162.0,,,,41.201741739676265,41.78272711054608,42.32978019947252,42.90942099978643,43.19062316579327,,,,,37.434500604084654,39.86201030159083,41.88372048950107,41.8866641109202,43.006421947025515,,,41.54876106683968,"rgba(239, 83, 80, 1.0)",2.832453019576474,41.65366271242061,-1.4488016867563862,29.368837115376934,-16.544552656912195,False,True,False,True,False,0.0,0.0,0.0,0.0,0.0,0,0.8403027515263028,0.8608346575227903,False,False,False,False,-0.32365118105444207,-0.33060618957610755,False,False,False,False,700027.0,667433.3640649173,False,False,False,False,45154.174665952974,False,False,False,False
2024-09-10 17:00:00+00:00,37.13,38.07,37.12,37.875,42012.0,,,,41.11259953703285,41.73617233119325,42.290721552804996,42.871729471750996,43.15621280961296,,,,,37.54148852102667,39.78310266604109,41.82241657356936,41.84506885523689,42.97598572104707,,,41.51354980393162,"rgba(239, 83, 80, 1.0)",2.859229878043258,41.60968890186535,-1.3061870018024637,30.761682230659282,-16.544552656912195,False,True,False,True,False,0.0,0.0,0.0,0.0,0.0,0,0.8444070647603029,0.8528174936921786,False,False,False,False,-0.32085062927125546,-0.32572840942368153,False,False,False,False,742039.0,668590.0405910426,False,False,False,False,45105.45877965913,False,False,False,False
2024-09-11 17:00:00+00:00,37.25,37.935,37.25,37.765,32731.0,,,,41.04548108105548,41.70029278021918,42.2604944011764,42.842525139274386,43.12951511558086,,,,,37.56831275269499,39.72443355965626,41.77545165303178,41.81293574452734,42.95234346026363,,,41.48117856874803,"rgba(239, 83, 80, 1.0)",2.8918391650913993,41.572886515130264,-1.3167698124767295,31.40058124892174,-16.544552656912195,False,True,False,True,True,0.0,0.0,0.0,0.0,0.0,0,0.8493968307343114,0.8510781387919804,False,False,False,False,-0.32099054099891566,-0.3233594752112986,False,False,False,False,709308.0,669221.3267834296,False,False,False,False,44913.60670555588,False,False,False,False
2024-09-12 17:00:00+00:00,38.585,38.765,38.29,38.765,31000.0,,,,41.00151476452669,41.67477729943735,42.23809217010973,42.82020574716298,43.10884012112291,,,,,37.76530044796397,39.696055477298046,41.74202632212025,41.789842934394336,42.93414951930204,,,41.47708048034383,"rgba(239, 83, 80, 0.5)",2.9055541330045083,41.55955962876046,-0.9617991958975228,36.52639993242426,-17.821257479346293,False,True,False,True,True,0.0,0.0,0.0,0.0,0.0,0,0.8535031847133759,0.8502765672142141,False,False,False,False,-0.26945210342046255,-0.2964057893158806,False,False,False,False,740308.0,670323.4457480276,False,False,False,False,44697.891872911605,False,False,False,False
2024-09-13 17:00:00+00:00,39.74,40.03,39.68,39.995,52721.0,,,,40.96879721073209,41.65025030754891,42.21398134428323,42.79428461638763,43.08409927618117,,,,,38.28643553713018,39.704565729625365,41.70959342666195,41.76699463059593,42.912710330099145,,,41.50917124092456,"rgba(239, 83, 80, 0.5)",2.9044838325136344,41.571734426744555,-0.5428621805685869,43.92978341059144,-11.177104502200152,False,False,False,True,True,0.0,0.0,0.0,0.0,0.0,0,0.8570834546134977,0.8493492452908646,False,False,False,False,-0.19854542693209168,-0.2474756081239861,False,False,False,False,793029.0,672225.8574418566,False,False,False,False,44822.28114619979,False,False,False,False
2024-09-16 17:00:00+00:00,40.45,41.11,40.395,41.09,60969.0,,,,40.9653452152502,41.6378865736622,42.198072473983494,42.77467034112298,43.06447755743219,,,,,38.85379304765617,39.757573092185936,41.69272424073564,41.75454646093903,42.89610423019084,,,41.55951932331586,#000000,2.8948152269528276,41.60232956887202,-0.17698178595368005,51.39201618786818,-4.742727006792876,False,False,True,False,True,0.0,0.0,0.0,0.0,0.0,0,0.8573095515919321,0.8528504750791801,False,False,False,False,-0.15174019151591442,-0.19960789981995025,False,False,False,False,853998.0,675044.030194696,False,False,False,False,45072.6178726153,False,False,False,False
2024-09-17 17:00:00+00:00,41.56,42.13,41.41,41.99,45610.0,,,,40.98665855541695,41.64027827173609,42.19497020956843,42.76764053573876,43.056453112543515,,,,,39.276322943070994,39.826491999555664,41.69494145447883,41.755453739374296,42.889755933196355,,,41.60889667546799,#000000,2.894238176381027,41.63825327345744,0.12153344165420116,57.99705149981017,0.7893671213448954,True,False,True,False,True,1.056299736692182,0.0,0.0,0.0,0.0,0,0.8553443388360848,0.8530098382524597,False,False,False,False,-0.09945304005337183,-0.14953046993666103,False,False,False,False,899608.0,678525.642129662,False,False,False,False,45080.94937846622,False,False,False,False
2024-09-18 17:00:00+00:00,42.06,43.29,42.0,42.355,24318.0,,,,41.00661284650159,41.64587971229373,42.19661018911015,42.76676148723584,43.05467907428181,,,,,39.50561183568475,39.87361360321635,41.70158771118785,41.759750163203805,42.88866175170814,,,41.6399768374424,#000000,2.8913621232781757,41.66243875038512,0.23952767591409896,62.99669915299114,4.890675026711676,True,False,True,False,True,1.806292098845507,0.0,0.0,0.0,0.0,0,0.8673346360121401,0.8430964952396793,False,False,False,False,-0.054928741793370414,-0.10222960586501573,False,False,False,False,923926.0,682330.29884083,False,False,False,False,44759.043186552015,False,False,False,False
2024-09-19 17:00:00+00:00,44.82,44.86,44.305,44.59,55819.0,,,,41.10857357895413,41.68691456976104,42.22178548296031,42.78333778395949,43.06684561232241,,,,,40.20942540063168,40.05368140112215,41.75222779963436,41.79445919119553,42.90104916713968,,,41.75782999876808,"rgba(38, 166, 154, 0.5)",2.9156114945903107,41.85575522900328,0.9377946190944514,69.02762320557677,10.06781020048885,True,False,True,False,True,6.1684539262821545,0.0,0.0,0.0,0.0,0,0.8726685209424087,0.8348331151832463,False,False,False,False,0.04314168493135603,-0.02954396046682985,False,False,False,False,979745.0,686941.3794789566,False,False,False,False,44930.51538521012,False,False,False,False
2024-09-20 17:00:00+00:00,43.93,44.0,43.42,43.7,42088.0,,,,41.163217877494205,41.70795535176084,42.23349392873556,42.78964146410068,43.07065823312304,,,,,40.54024498929796,40.15600432482677,41.77777084761735,41.81200980849681,42.90546069132657,,,41.81564575167797,"rgba(38, 166, 154, 0.5)",2.9265453298329978,41.880986736744504,0.6215564969086949,69.84861082728877,10.618666697795739,True,False,True,False,True,4.249299767272948,0.0,0.0,0.0,0.0,0,0.8667560648543217,0.8364825876711774,False,False,False,False,-0.001011497118821178,-0.015277728792825514,False,False,False,False,937657.0,690828.4433630037,False,False,False,False,44886.44537923787,False,False,False,False
2024-09-23 17:00:00+00:00,43.35,43.58,43.12,43.13,18909.0,,,,41.183001582668574,41.71526319500066,42.23717639052528,42.79113072027229,43.07120827940532,,,,,40.651798536851786,40.194788164854174,41.786520479417376,41.81802454227069,42.90637169025604,,,41.83552835815222,#000000,2.931868069742932,41.888543979816085,0.4234351582855396,68.52320296587425,10.618666697795739,True,False,True,False,True,3.0433826877215537,0.0,0.0,0.0,0.0,0,0.8631382417404011,0.840043834726845,False,False,False,False,-0.01922075979350924,-0.017249244293167376,False,False,False,False,918748.0,694362.0799000113,False,False,False,False,44483.69428808689,False,False,False,False
2024-09-24 17:00:00+00:00,43.365,43.57,43.31,43.335,48327.0,,,,41.23491900482177,41.73514456657217,42.247618299575684,42.79589101946742,43.073470617626555,,,,,40.91158483137986,40.29361591904537,41.81031162918262,41.834507594498,42.90947972319739,,,41.884654320536676,#000000,2.934092148985527,41.919153904004546,0.48254997597297317,67.99016418746095,10.618666697795739,True,False,True,False,True,3.442984236336855,0.0,0.0,0.0,0.0,0,0.8601710371661332,0.840878693308475,False,False,False,False,-0.014667720873609437,-0.015958482583388407,False,False,False,False,967075.0,698590.1871883832,False,False,False,False,44543.28042315531,False,False,False,False
2024-09-25 17:00:00+00:00,42.32,42.53,42.15,42.41,25665.0,,,,41.248749368433025,41.739045455751565,42.248165172621604,42.794116956758884,43.07092369755994,,,,,40.98086134393887,40.326909826554335,41.81459538443972,41.837408559473516,42.90767780971899,,,41.896845357525045,#000000,2.9326931600784536,41.91718078316597,0.16804322509513586,64.61716704589792,10.618666697795739,True,False,True,False,False,1.4872612936606764,0.0,0.0,0.0,0.0,0,0.8577679646728223,0.8430750702529107,False,False,False,False,-0.07041500113021926,-0.04318674185680383,False,False,False,False,941410.0,702354.8354490284,False,False,False,False,44250.59390496685,False,False,False,False
2024-09-26 17:00:00+00:00,42.9,43.005,42.67,42.79,20457.0,,,,41.26396708135194,41.74437765480193,42.250317453969465,42.794206725516005,43.07021316933704,,,,,41.048312707815,40.358492544714906,41.82077512396981,41.84169349963511,42.90745220943263,,,41.90998081705438,#000000,2.927947271592336,41.9236680223256,0.2958837360494039,63.19477311379826,10.618666697795739,True,False,True,False,False,2.2476160036209087,0.0,0.0,0.0,0.0,0,0.861591000401768,0.8392928887103256,False,False,False,False,-0.0451686259184635,-0.04417768388763366,False,False,False,False,961867.0,706378.2798606714,False,False,False,False,43881.70097620767,False,False,False,False
2024-09-27 17:00:00+00:00,43.98,44.045,43.36,43.615,37425.0,,,,41.30587022278195,41.76160332951158,42.260020823156665,42.79941625228305,43.07334211967499,,,,,41.21322640282641,40.4335269092371,41.841341293188194,41.85616623064939,42.91110973341412,,,41.94556233167235,"rgba(38, 166, 154, 0.5)",2.9221418622412654,41.95615067554705,0.5676826802585909,63.90721871571467,10.618666697795739,True,False,True,False,False,3.8773100828806477,0.0,0.0,0.0,0.0,0,0.8645879022289568,0.8331671916743092,False,False,False,False,-0.0013908080125469998,-0.02278424595009033,False,False,False,False,999292.0,710919.5778473277,False,False,False,False,43781.59708510368,False,False,False,False
2024-09-30 17:00:00+00:00,43.05,43.105,42.47,43.065,60398.0,,,,41.348845965561296,41.77749232215787,42.266769172193825,42.80017959840987,43.07173680177068,,,,,41.36666025515968,40.51974860237943,41.85962242980488,41.86905755661048,42.91087180376171,,,41.979098450780974,#000000,2.9134092548913,41.977710815218366,0.3732016650102249,62.50664567943449,10.618666697795739,True,False,True,False,False,2.693381386661887,0.0,0.0,0.0,0.0,0,0.856054594508808,0.8407792413902556,False,False,False,False,-0.0477028194517982,-0.03524353270094426,False,False,False,False,938894.0,714454.0650124854,False,False,False,False,44039.21573494703,False,False,False,False
2024-10-01 17:00:00+00:00,42.83,43.235,42.55,43.21,29406.0,,,,41.37048363863953,41.785878795233856,42.27062564958456,42.801089284072276,43.07144126436106,,,,,41.43665255082044,40.5615609415205,41.869297440901235,41.87593817260392,42.91119626931617,,,41.99541640070536,#000000,2.907839036959347,41.99010617338548,0.4195190349635498,61.90747065380655,10.618666697795739,True,False,True,False,False,2.984172178357536,0.0,0.0,0.0,0.0,0,0.8558590798838921,0.8442880432621575,False,False,False,False,-0.04238168124752759,-0.03881260697423593,False,False,False,False,968300.0,718389.6609037647,False,False,False,False,43812.3441731649,False,False,False,False
2024-10-02 17:00:00+00:00,43.37,43.44,43.12,43.27,33554.0,,,,41.39859501218481,41.79747333553844,42.276640957739254,42.80356755945537,43.07237978689252,,,,,41.52251298432794,40.612837099478845,41.88281082741337,41.88560937942944,42.91273682551373,,,42.01651637679737,#000000,2.901833954122307,42.00862082726354,0.4346834424983424,61.658135494812946,10.618666697795739,True,False,True,False,False,3.1062539668521474,0.0,0.0,0.0,0.0,0,0.8576322498406629,0.8422562141491395,False,False,False,False,-0.02276255357918587,-0.0307875802767109,False,False,False,False,1001854.0,722784.4568587451,False,False,False,False,43653.300077456915,False,False,False,False
2024-10-03 17:00:00+00:00,43.35,45.065,43.22,45.035,169261.0,,,,41.60918673246884,41.89723341393959,42.33998095332001,42.84548263244911,43.10321783159328,,,,,42.078404490958526,40.945725282939875,42.000948839988666,41.971581588670546,42.94453586086035,,,42.173629762718875,"rgba(38, 166, 154, 0.5)",2.9244209051760044,42.17369279257666,0.9784183946842396,65.05232104234898,10.618666697795739,True,False,True,False,True,6.58743175502007,0.0,0.0,0.0,0.0,0,0.8582571698707849,0.8337929404349198,False,False,False,False,0.020865093637402788,-0.0049612433196540556,False,False,False,False,1171115.0,729735.317992718,False,False,False,False,45600.70627780642,False,False,False,False
2024-10-04 17:00:00+00:00,45.955,46.935,45.85,46.885,138902.0,,,,41.87519841931883,42.03724746666219,42.43891842605299,42.92188418248996,43.16596051282807,,,,,42.68395197788237,41.31954780132468,42.16735700115289,42.09481749353808,43.00521749468538,,,42.371010077593546,"rgba(0, 255, 255, 0.75)",2.9742248971351444,42.39318588747743,1.5102469610987415,69.61357447837572,13.726387373265815,True,False,True,False,True,9.955984694109702,0.0,0.0,0.0,0.0,0,0.8734418822062948,0.8286070426924276,False,False,False,False,0.13547799577426395,0.06525837622730495,False,False,False,False,1310017.0,738731.933217637,False,False,False,False,47047.23796342182,False,False,False,False
2024-10-07 17:00:00+00:00,46.87,46.94,46.46,46.78,97857.0,,,,42.05226087592715,42.1344646239078,42.50864238743862,42.97627797712087,43.210959848001316,,,,,43.03557471744533,41.561962300811004,42.28174111053713,42.18089328785255,43.04874657428141,,,42.49915237033232,"rgba(38, 166, 154, 1.0)",3.0211977772083776,42.532439995286836,1.4059192141462387,72.25037262918741,16.307998949094085,True,False,True,False,True,9.714407321074894,0.0,0.0,0.0,0.0,0,0.8850755050009808,0.8272210237301432,False,False,False,False,0.15135209777152192,0.10830523699941344,False,False,False,False,1212160.0,746071.9032452706,False,False,False,False,47834.986212050935,False,False,False,False
2024-10-08 17:00:00+00:00,46.61,46.985,46.425,46.67,72043.0,,,,42.17369939029551,42.20299806224926,42.55814723497295,43.014992277027744,43.2430611912825,,,,,43.255696845663465,41.72591672953342,42.36174546500503,42.24179598736373,43.07986314727838,,,42.5857916330672,"rgba(38, 166, 154, 1.0)",3.0573887418708736,42.62525269759832,1.3229417793717082,73.54773693955555,17.678002367639763,True,False,True,False,True,9.457676083665973,0.0,0.0,0.0,0.0,0,0.88073574397992,0.8309279159149737,False,False,False,False,0.1516108184501048,0.12995802772475912,False,False,False,False,1140117.0,752181.1295515454,False,False,False,False,48210.30425527495,False,False,False,False
2024-10-09 17:00:00+00:00,46.95,47.155,46.56,46.63,25632.0,,,,42.2162018245852,42.227357019647485,42.575849361746876,43.028898679727575,43.254628935288586,,,,,43.32960925780082,41.782744007888674,42.39008092934691,42.263491945039746,43.09107378483799,,,42.61599357459099,"rgba(38, 166, 154, 1.0)",3.0873638497171654,42.65747919750785,1.286703153843069,74.22895590325552,18.57237784707999,True,False,True,False,True,9.362809403747306,0.0,0.0,0.0,0.0,0,0.8872804935927858,0.8259769023888623,False,False,False,False,0.15951165118144134,0.14473483945310023,False,False,False,False,1114485.0,757798.243822064,False,False,False,False,47860.25302651099,False,False,False,False
2024-10-10 17:00:00+00:00,47.04,47.34,46.64,46.935,83755.0,,,,42.35533468078487,42.30842248685988,42.635239084336426,43.07589656225257,43.29391398377417,,,,,43.56308448307797,41.96657207054018,42.48408706937207,42.3358833031254,43.129098570024304,,,42.71475322941479,"rgba(38, 166, 154, 1.0)",3.123323273417297,42.762699800399744,1.3358528190504124,75.1586963356001,19.771827528510897,True,False,True,False,True,9.93147805583887,0.0,0.0,0.0,0.0,0,0.891823401306672,0.8220946347257969,False,False,False,False,0.1663923441022193,0.15556359177765977,False,False,False,False,1198240.0,764626.7981814119,False,False,False,False,48416.76073152632,False,False,False,False
2024-10-11 17:00:00+00:00,48.02,48.295,47.9,48.275,29661.0,,,,42.41482726208583,42.34359823516395,42.66153117452869,43.09725415034858,43.31204679232671,,,,,43.66505422909886,42.04327149903271,42.52500858660641,42.3674066452166,43.14648447299758,,,42.75764830474059,"rgba(0, 255, 255, 0.75)",3.1883331209410932,42.809115706261416,1.714339150397569,77.49568394918309,22.2632050524344,True,False,True,False,True,12.36429891318879,0.0,0.0,0.0,0.0,0,0.8963793781975602,0.8131837859110586,False,False,False,False,0.2245863682038274,0.19007497999074358,False,False,False,False,1227901.0,771809.3439460412,False,False,False,False,48125.97374344065,False,False,False,False
2024-10-14 17:00:00+00:00,48.15,48.68,47.89,48.625,31765.0,,,,42.47982680394814,42.38234965042622,42.69063818305004,43.12101157207438,43.33227772558974,,,,,43.77496528620483,42.12649628350364,42.570035886783195,42.40218318666447,43.165862483114516,,,42.80456470613591,"rgba(0, 255, 255, 0.75)",3.250688891645918,42.85986756483254,1.773510977929483,79.4209572538135,24.304059725089644,True,False,True,False,True,12.982303911487833,0.0,0.0,0.0,0.0,0,0.8981718104973463,0.8091999213681934,False,False,False,False,0.23457785729152242,0.212326418641133,False,False,False,False,1259666.0,779373.013032149,False,False,False,False,47872.315235790404,False,False,False,False
2024-10-15 17:00:00+00:00,48.93,48.975,48.52,48.585,40710.0,,,,42.56514446557368,42.43369415457315,42.72941850191138,43.152834207915255,43.35946773796221,,,,,43.91710536789862,42.23489218159623,42.62961352204408,42.44833480376868,43.191877662184716,,,42.8662382605428,"rgba(0, 255, 255, 0.75)",3.3115952104443185,42.92655905228244,1.7086753024257342,80.48567474593455,25.54095344468344,True,False,True,False,True,12.881185131532622,0.0,0.0,0.0,0.0,0,0.9067341131836866,0.8007034460954789,False,False,False,False,0.2594260464935363,0.23587623256733464,False,False,False,False,1218956.0,786188.2531401777,False,False,False,False,47761.27158872388,False,False,False,False
2024-10-16 17:00:00+00:00,49.385,49.535,49.27,49.43,59538.0,,,,42.699926029026955,42.51574487031442,42.79196409336615,43.20467531208235,43.40402884538885,,,,,44.1399197541291,42.40406065266995,42.72476509563665,42.522249785980605,43.23439734678479,,,42.964173178537976,"rgba(0, 255, 255, 0.75)",3.3940989131774515,43.03271144596557,1.8848267883994831,82.10979999293684,27.310647804618114,True,False,True,False,True,14.382949963985961,0.0,0.0,0.0,0.0,0,0.9072258318566649,0.7964953731049419,False,False,False,False,0.2951686328661893,0.26552243271676196,False,False,False,False,1278494.0,793820.9003783145,False,False,False,False,47943.85652533281,False,False,False,False
2024-10-17 17:00:00+00:00,51.215,51.39,50.995,51.345,76045.0,,,,42.909473810481444,42.64488160462091,42.891806810287115,43.2888284840272,43.477063949728674,,,,,44.489722074900655,42.6624060731844,42.874728153583725,42.63890756340709,43.3037223705828,,,43.118154089480406,"rgba(0, 255, 0, 1.0)",3.526102681022925,43.20076072257733,2.309699975912222,84.5926452531879,29.83033885865352,True,False,True,False,True,17.592424734735843,0.0,0.0,0.0,0.0,0,0.9050665201522704,0.7985950315921668,False,False,False,False,0.34282824912025456,0.3041753409185083,False,False,False,False,1354539.0,802514.2042484181,False,False,False,False,48379.53316835091,False,False,False,False
2024-10-18 17:00:00+00:00,52.525,52.72,52.225,52.3,45582.0,,,,43.047198670539956,42.73077173658549,42.95876906927061,43.345737571036764,43.52669980930292,,,,,44.71694863935587,42.83031918239528,42.97434720889738,42.716668767398744,43.35075179964559,,,43.21982124544286,"rgba(0, 255, 0, 1.0)",3.675958779141288,43.878564457978186,2.290949395245688,86.73038426976095,31.968377537372632,True,False,True,False,True,19.09858264051142,0.0,0.0,0.0,0.0,0,0.9055804097009655,0.7993485597676792,False,False,False,False,0.3428282495641896,0.3235017952413489,False,False,False,False,1400121.0,811779.4258879775,False,False,False,False,48336.16056108965,False,False,False,False
2024-10-21 17:00:00+00:00,51.715,51.73,51.26,51.275,23144.0,,,,43.108356939158654,42.769392314582895,42.988875819141434,43.371226855431644,43.54889867588794,,,,,44.81315271174177,42.904773638967406,43.01889735713538,42.751684315932444,43.371848839445825,,,43.264710746742544,"rgba(0, 255, 255, 0.75)",3.783802695416057,43.90462472624564,1.9478751581532792,83.80581736836052,31.968377537372632,True,False,True,False,False,16.470277899124305,0.0,0.0,0.0,0.0,0,0.9057659208261619,0.8013612893130967,False,False,False,False,0.2961043958847735,0.3098030955630612,False,False,False,False,1376977.0,820542.1789749855,False,False,False,False,47945.58442835958,False,False,False,False
2024-10-22 17:00:00+00:00,50.2,50.23,49.73,49.755,27921.0,,,,43.16771441979606,42.807442409355055,43.01843144849115,43.396010846361065,43.570386535475976,,,,,44.899794498466676,42.97720340616085,43.06243268918774,42.78622968147093,43.39238629434341,,,43.30780322291089,"rgba(0, 255, 255, 0.75)",3.8430954490658475,43.909743476881275,1.5209761507587722,76.83993954125499,32.27090920637197,True,False,True,False,False,12.761012498689936,0.0,0.0,0.0,0.0,0,0.9091015260043601,0.8050062285892247,False,False,False,False,0.22602337239534176,0.26791323397920147,False,False,False,False,1349056.0,828736.1917040554,False,False,False,False,47635.125755051675,False,False,False,False
2024-10-23 17:00:00+00:00,49.58,49.64,48.99,49.235,31067.0,,,,43.226618428594634,42.84566839328169,43.04810341765224,43.420775537441315,43.591814466245964,,,,,44.981338999355046,43.04903395407391,43.10592320215881,42.82098147628213,43.41293712701678,,,43.350319500210254,"rgba(38, 166, 154, 1.0)",3.8968650925519044,43.92022543962295,1.3638590082410598,70.74586413178787,26.931996660467775,True,False,True,False,False,11.536005877262557,0.0,0.0,0.0,0.0,0,0.9002297597258461,0.8122201020288952,False,False,False,False,0.19597510850741118,0.23194417124330632,False,False,False,False,1317989.0,836321.5065613568,False,False,False,False,47378.25558830668,False,False,False,False
2024-10-24 17:00:00+00:00,49.98,50.405,49.98,50.09,43803.0,,,,43.31941701070481,42.90598090284807,43.09523213187292,43.460466120487055,43.62632813956151,,,,,45.11350675425477,43.16131834831378,43.17470570224082,42.875860548358126,43.44592533574698,,,43.41787409943888,"rgba(0, 255, 255, 0.75)",3.9707352043498303,43.977387769373095,1.5394157293416875,68.24985449327446,24.92144691733877,True,False,True,False,False,12.988275703101685,0.0,0.0,0.0,0.0,0,0.9024683225481459,0.8093153020498315,False,False,False,False,0.2357079906800917,0.23382608096169902,False,False,False,False,1361792.0,844468.3359169947,False,False,False,False,47322.82526910813,False,False,False,False
2024-10-25 17:00:00+00:00,49.98,50.24,49.62,50.21,38417.0,,,,43.39721695740711,42.95709487192814,43.13527437468866,43.494199522054004,43.655681302294646,,,,,45.22103354473374,43.25507223759982,43.23279076523136,42.922440599158094,43.474016314718256,,,43.474482048981386,"rgba(0, 255, 255, 0.75)",4.044802832642772,44.02719910805138,1.528579055090539,66.8013088685678,23.66158649118624,True,False,True,False,False,13.190839492863166,0.0,0.0,0.0,0.0,0,0.9030179986725492,0.8066216374497323,False,False,False,False,0.22375074842758577,0.2287884146946424,False,False,False,False,1400209.0,853084.470243863,False,False,False,False,47184.750458734365,False,False,False,False
2024-10-28 17:00:00+00:00,50.78,50.96,50.69,50.915,43035.0,,,,43.49292519091209,43.020125486154825,43.184933794842436,43.53633970994937,43.69249770340145,,,,,45.35594139991059,43.36963642788653,43.30452615758769,42.979931635816705,43.509160371750575,,,43.54460178782123,"rgba(0, 255, 255, 0.75)",4.131381525144628,44.10195977856677,1.6490949044447596,67.08889523898485,23.66158649118624,True,False,True,False,False,14.377974854668217,0.0,0.0,0.0,0.0,0,0.9179322781005811,0.7960729312762972,False,False,False,False,0.2648004904358763,0.24679445256525934,False,False,False,False,1443244.0,862234.2303951208,False,False,False,False,47120.413242319875,False,False,False,False
2024-10-29 17:00:00+00:00,50.945,51.215,50.8,51.11,24098.0,,,,43.546784842261815,43.055813316867614,43.21313316358943,43.560323080366054,43.713482535535704,,,,,45.431170085821094,43.43385466663331,43.345087242227024,43.01251647496175,43.5291903261084,,,43.58413557343722,"rgba(0, 255, 255, 0.75)",4.206910177700886,44.14470534935404,1.6556794313237642,67.61901375943422,23.66158649118624,True,False,True,False,False,14.704825518703124,0.0,0.0,0.0,0.0,0,0.9225033075411939,0.7825442007777732,False,False,False,False,0.27327478701469704,0.2600346197899782,False,False,False,False,1467342.0,871615.7462029484,False,False,False,False,46763.47660290406,False,False,False,False
2024-10-30 17:00:00+00:00,51.47,51.61,50.99,51.085,27593.0,,,,43.60903235971569,43.097235163672245,43.24593880315953,43.588277793206636,43.73797248722052,,,,,45.517686954754915,43.50785104027074,43.392125684654204,43.05036512555612,43.5525614950173,,,43.629904690722796,"rgba(0, 255, 255, 0.75)",4.286767027673608,44.194781197448364,1.6073228981354044,67.86923102519592,23.66158649118624,True,False,True,False,False,14.641597752085566,0.0,0.0,0.0,0.0,0,0.9225191298425545,0.783301951043628,False,False,False,False,0.2869377592474388,0.2734861895187085,False,False,False,False,1439749.0,880424.0137036778,False,False,False,False,46466.25991138617,False,False,False,False
2024-10-31 17:00:00+00:00,50.505,50.58,50.02,50.03,52538.0,,,,43.70933347504993,43.16522053634077,43.299790570566984,43.63392494945109,43.77788380454433,,,,,45.647338625290274,43.62684692244271,43.468714470706914,43.11261985259794,43.59081902420659,,,43.703249223119755,"rgba(38, 166, 154, 1.0)",4.335595234340506,44.26435839637376,1.3298385324254707,64.01866959732202,19.909699896271945,False,False,True,False,False,12.000997602446166,0.0,0.0,0.0,0.0,0,0.9152562765701452,0.7904066736183524,False,False,False,False,0.24062374591095995,0.2570549677148342,False,False,False,False,1387211.0,888281.1762819154,False,False,False,False,46560.395416636,False,False,False,False
2024-11-01 17:00:00+00:00,50.36,50.48,49.89,49.92,23585.0,,,,43.75260754320602,43.19483499102844,43.323303356928136,43.65386287726331,43.7953279971723,,,,,45.70185088168597,43.67800622353171,43.501970723751384,43.139775428445745,43.60755908663771,,,43.73490991096507,"rgba(38, 166, 154, 1.0)",4.385320337154349,44.29418180067789,1.2828750847817714,61.07132828476212,16.940924927361692,False,False,True,False,False,11.729183202298962,0.0,0.0,0.0,0.0,0,0.9138932276022269,0.7923425047058351,False,False,False,False,0.235365450651946,0.2462102091833901,False,False,False,False,1363626.0,895650.8634713431,False,False,False,False,46204.187735757914,False,False,False,False
2024-11-04 17:00:00+00:00,49.47,49.605,48.94,49.06,45150.0,,,,43.8223753532936,43.243566466889426,43.361976230605705,43.686435208068254,43.82374991577695,,,,,45.78205531169666,43.76037382048883,43.55619775672777,43.18456338159853,43.6349793666268,,,43.78562728117725,"rgba(38, 166, 154, 0.5)",4.4158445439163865,44.685629728941,0.9906078503341961,56.32489988779386,12.420637964322054,False,True,True,False,False,9.620063324123429,0.0,0.0,0.0,0.0,0,0.9115722266560256,0.7944533120510773,False,False,False,False,0.1940671056500245,0.2201386574167073,False,False,False,False,1318476.0,902206.2919446556,False,False,False,False,46187.84373985469,False,False,False,False
2024-11-05 17:00:00+00:00,49.41,49.62,49.15,49.45,43661.0,,,,43.890671060502974,43.29154041420621,43.400188763719704,43.71872895958129,43.85198863260513,,,,,45.8606387886793,43.84063599860523,43.609532891945534,43.22870358274541,43.66220801618951,,,43.83548371087803,"rgba(38, 166, 154, 1.0)",4.451560488613389,44.73334415357207,1.0595511076380137,54.43007481343759,10.616196392054604,False,True,True,False,False,10.347609688412646,0.0,0.0,0.0,0.0,0,0.9122427736408039,0.7991032108255263,False,False,False,False,0.1991207823000576,0.20962971985838247,False,False,False,False,1362137.0,909337.0005966764,False,False,False,False,46148.66786791895,False,False,False,False
2024-11-06 17:00:00+00:00,53.42,54.48,53.37,54.14,184871.0,,,,44.3882394233412,43.633118353099256,43.676434970430776,43.95868215101742,44.06470166503341,,,,,46.54473007229403,44.41722061373607,43.99558404311832,43.542720091070315,43.86460144020177,,,44.20860328233425,"rgba(0, 255, 255, 0.75)",4.601829343457491,45.99748111256746,1.7694091370443608,61.26419424703272,4.58426014686404,False,True,True,False,True,18.11533003804543,0.0,0.0,0.0,0.0,0,0.9149494481747318,0.7989503743150418,False,False,False,False,0.3428282499856235,0.276228984922003,False,False,False,False,1547008.0,919223.3726804488,False,False,False,False,48299.40169942408,False,False,False,False
2024-11-07 17:00:00+00:00,51.015,52.41,50.85,52.33,134086.0,,,,44.6459705281809,43.81927890818851,43.82836155921812,44.09030325896766,44.181526150664915,,,,,46.850436812054674,44.71170262576639,44.20210409674295,43.71506516736695,43.976627472487124,,,44.40213765796382,"rgba(38, 166, 154, 1.0)",4.691618185466322,46.11083719658596,1.3255901391719676,61.422863010051245,4.678219383794385,False,True,True,False,True,13.908713006099685,0.0,0.0,0.0,0.0,0,0.9025646853809145,0.8037276963291281,False,False,False,False,0.24414590863241575,0.2601874467772094,False,False,False,False,1412922.0,926877.6149644728,False,False,False,False,49629.42647927797,False,False,False,False
2024-11-08 17:00:00+00:00,51.49,52.26,51.26,52.205,132298.0,,,,44.88489987622441,43.9958657236081,43.97364433884854,44.216670045008875,44.29406781391716,,,,,47.121887182618075,44.98197638248128,44.39664857725622,43.87915604432404,44.08473948566089,,,44.582955546994754,"rgba(38, 166, 154, 1.0)",4.76933288817192,46.25121105731752,1.2483483712047114,61.25094015659079,4.717475893341721,False,True,True,False,True,13.626562355747584,0.0,0.0,0.0,0.0,0,0.9048626591604639,0.8093474893263308,False,False,False,False,0.24959665028994102,0.2548920485335752,False,False,False,False,1280624.0,932362.055042543,False,False,False,False,50911.10978967676,False,False,False,False
2024-11-11 17:00:00+00:00,53.72,53.92,53.01,53.245,138027.0,,,,45.16719937346573,44.20509608401734,44.147065953258036,44.36882624366897,44.43024394412427,,,,,47.454334342252,45.29906004123197,44.62748230477618,44.073849880839354,44.21523392616915,,,44.7988392093803,"rgba(38, 166, 154, 1.0)",4.866083907475776,46.487741862716334,1.3886439826700219,62.597594007560986,6.325957722069852,False,True,True,False,True,15.236720033593379,0.0,0.0,0.0,0.0,0,0.9088537728716167,0.8065930742476939,False,False,False,False,0.32258464869617387,0.2887383486148746,False,False,False,False,1418651.0,939901.4185302554,False,False,False,False,52261.74374642596,False,False,False,False
2024-11-12 17:00:00+00:00,51.79,52.4,51.695,52.27,54040.0,,,,45.256397237603984,44.27352021432589,44.204145959063766,44.418839505674725,44.475055959609946,,,,,47.54925633549943,45.398310217631796,44.70202947877111,44.13782633747171,44.25839974697063,,,44.8673780992623,"rgba(38, 166, 154, 1.0)",4.928170089641038,46.5445598841347,1.1617781066242252,61.19359416125413,6.325957722069852,False,True,True,False,True,13.02743770408588,0.0,0.0,0.0,0.0,0,0.9067993989481595,0.8124718256949661,False,False,False,False,0.2617034701781019,0.27522090939648824,False,False,False,False,1364611.0,946486.0632042049,False,False,False,False,52289.31361082246,False,False,False,False
2024-11-13 17:00:00+00:00,52.21,52.265,51.265,51.34,57190.0,,,,45.34166218711117,44.3401393253093,44.25992342697514,44.46769098484852,44.518861029559005,,,,,47.63509519969259,45.492692737582715,44.77413217239244,44.200275939721095,44.30070857143315,,,44.933118157462516,"rgba(38, 166, 154, 0.5)",4.954828233129777,46.5925275668598,0.9581507591720096,58.27397206810268,6.325957722069852,False,True,True,False,False,10.978586238298362,0.0,0.0,0.0,0.0,0,0.9074886563917951,0.8114148573142833,False,False,False,False,0.24980658270972889,0.26251374605310857,False,False,False,False,1307421.0,952081.9536971629,False,False,False,False,52365.29324476319,False,False,False,False
2024-11-14 17:00:00+00:00,51.56,51.56,51.03,51.075,34483.0,,,,45.38876099846163,44.37754394728518,44.29133872521008,44.49519187234217,44.54353635091013,,,,,47.68008733958326,45.54459187757106,44.81437817933417,44.23541882301248,44.324598321105256,,,44.96954464348154,"rgba(38, 166, 154, 0.5)",4.999416812836134,46.61610946880048,0.8918821330822435,55.77455767587831,11.577196846501288,False,True,True,False,False,10.400636103482938,0.0,0.0,0.0,0.0,0,0.9025469822573989,0.8188979331557821,False,False,False,False,0.23016425215703426,0.2463389991050714,False,False,False,False,1272938.0,957056.4660429433,False,False,False,False,52088.048388255236,False,False,False,False
2024-11-15 17:00:00+00:00,50.25,50.59,50.115,50.46,54430.0,,,,45.451183602306045,44.42867620824688,44.3344598241049,44.53282627418742,44.577303360309514,,,,,47.73267248310895,45.612877836065934,44.86876175831236,44.28364810723077,44.357457676974064,,,45.01798671308468,"rgba(38, 166, 154, 0.5)",5.0466357253267535,46.63690622712947,0.7575529483303445,52.81684342531476,8.641396597095763,False,True,False,False,False,9.06248407952532,0.0,0.0,0.0,0.0,0,0.8981300690898169,0.828176629618504,False,False,False,False,0.1912794501691783,0.21880922463712485,False,False,False,False,1218508.0,961109.9781973163,False,False,False,False,52124.3577155691,False,False,False,False
2024-11-18 17:00:00+00:00,50.59,50.98,50.49,50.89,51109.0,,,,45.5130108418442,44.47905957305616,44.37702620504512,44.57010383850425,44.61080605217719,,,,,47.787355878538,45.680471642446754,44.92248605047667,44.331161844806935,44.39000619209101,,,45.06614881189863,"rgba(38, 166, 154, 0.5)",5.080719421286516,46.665086795151495,0.8315580638339388,51.84718406750672,7.5497460089384205,False,True,False,False,False,9.791464826430815,0.0,0.0,0.0,0.0,0,0.9023231256599789,0.826519837079499,False,False,False,False,0.20698509357116363,0.21289715910414425,False,False,False,False,1269617.0,965893.0327989082,False,False,False,False,52108.61573548275,False,False,False,False
2024-11-19 17:00:00+00:00,51.105,51.39,50.98,51.11,36310.0,,,,45.55912042657959,44.51646164045843,44.408669135979835,44.59789283849194,44.635814560835996,,,,,47.82971987262046,45.73086320832888,44.96245760982389,44.36642582978049,44.414268469026865,,,45.10216935919264,"rgba(38, 166, 154, 0.5)",5.095291367244593,46.690179641487134,0.8674323095487656,51.72772969956506,7.136060212710113,False,True,False,False,False,10.165675881848532,0.0,0.0,0.0,0.0,0,0.9051171904438917,0.8178461074685356,False,False,False,False,0.22559273061239365,0.21924494485826895,False,False,False,False,1305927.0,971164.8772516383,False,False,False,False,51863.67595663806,False,False,False,False
2024-11-20 17:00:00+00:00,50.61,51.205,50.295,51.17,35490.0,,,,45.601328988871494,44.5511471778893,44.438087922514924,44.623720427377734,44.65907042784231,,,,,47.866836437562775,45.77682375525763,44.9993538613515,44.39918730092608,44.43687288312437,,,45.13524291827181,"rgba(38, 166, 154, 0.5)",5.086639373605848,46.71141436059024,0.8765287475548187,51.80317729791345,6.814411236264078,False,True,False,False,False,10.269053523508223,0.0,0.0,0.0,0.0,0,0.8981105088828666,0.8220791930141522,False,False,False,False,0.20760300863225456,0.21342397674526176,False,False,False,False,1341417.0,976905.2202399849,False,False,False,False,51609.820515449865,False,False,False,False
2024-11-21 17:00:00+00:00,52.29,53.0,52.2,52.795,74013.0,,,,45.71607076947005,44.64220049495307,44.515232919827184,44.69197206070792,44.72067610449341,,,,,47.98520474980073,45.90246143533039,45.09758677732694,44.484859626490675,44.49633733083961,,,45.22526022692399,"rgba(38, 166, 154, 1.0)",5.118590755698732,46.79894905759183,1.1714261265627715,55.47508497331657,6.814411236264078,False,True,True,False,True,13.001061275776813,0.0,0.0,0.0,0.0,0,0.9058439147545854,0.8168114650627458,False,False,False,False,0.2851852948571042,0.24930463580118298,False,False,False,False,1415430.0,983704.0540347138,False,False,False,False,51957.1566314894,False,False,False,False
2024-11-22 17:00:00+00:00,53.585,53.74,53.265,53.64,59445.0,,,,45.81693942803183,44.72175564831377,44.582756656079475,44.7519373567357,44.7748993989071,,,,,48.09328987869,46.01285250720482,45.18367893527881,44.55968633544373,44.548576288891944,,,45.30463724335772,"rgba(38, 166, 154, 1.0)",5.166571259217934,46.88344473926709,1.3077445218002572,59.37101490696328,4.310477969361429,False,True,True,False,True,14.359102209463053,0.0,0.0,0.0,0.0,0,0.9169432737851043,0.8109126170141348,False,False,False,False,0.324225207415614,0.2867649216083985,False,False,False,False,1474875.0,991319.1074605321,False,False,False,False,52073.247226350024,False,False,False,False
2024-11-25 17:00:00+00:00,54.68,54.8,54.35,54.395,53122.0,,,,45.91590425684197,44.799311012024575,44.648664121284014,44.810655182180355,44.82807171884264,,,,,48.20288242375683,46.121152171555146,45.26786396113223,44.63259575925156,44.59971086048885,,,45.38268114673582,"rgba(38, 166, 154, 1.0)",5.220083097954454,47.58583801457681,1.3044163967603195,63.118647100061466,7.798278246501319,False,True,True,False,True,15.546430205869367,0.0,0.0,0.0,0.0,0,0.9221172163908706,0.8000074707706097,False,False,False,False,0.34282825015138924,0.3147965858798939,False,False,False,False,1527997.0,999639.6949417641,False,False,False,False,52089.50695927483,False,False,False,False
2024-11-26 17:00:00+00:00,53.64,53.75,53.39,53.525,35089.0,,,,45.97288725059191,44.84487338034585,44.68753134263578,44.8452559593706,44.859427449378984,,,,,48.26254256307557,46.183177619935805,45.31695614932083,44.67555052278069,44.629957847854016,,,45.42781600852901,"rgba(38, 166, 154, 1.0)",5.2627458749349065,47.60633581969101,1.1246342348578997,62.794739437063754,7.798278246501319,False,True,True,False,True,13.508743158260593,0.0,0.0,0.0,0.0,0,0.9189512213341301,0.8072010159109582,False,False,False,False,0.3005473884337523,0.3076719871568231,False,False,False,False,1492908.0,1007287.2655628221,False,False,False,False,51825.93320796824,False,False,False,False
2024-11-27 17:00:00+00:00,52.77,52.9,52.48,52.725,61516.0,,,,46.0597461022092,44.91590215534864,44.74837960477893,44.89938091182403,44.90851661516486,,,,,48.34763045252513,46.277152895281944,45.39286132925145,44.74272462577358,44.67747179132389,,,45.496976648348166,"rgba(38, 166, 154, 0.5)",5.290923613574942,47.630172110324665,0.9629373360453585,60.29278901481684,7.798278246501319,False,True,True,False,False,11.6784446719182,0.0,0.0,0.0,0.0,0,0.9137450273264677,0.8128044019779157,False,False,False,False,0.26436799593526883,0.28601999154604596,False,False,False,False,1431392.0,1013862.5327633985,False,False,False,False,51976.16680164315,False,False,False,False
2024-11-28 17:00:00+00:00,52.725,52.725,52.725,52.725,0.0,,,,46.0597461022092,44.91590215534864,44.74837960477893,44.89938091182403,44.90851661516486,,,,,48.34763045252513,46.277152895281944,45.39286132925145,44.74272462577358,44.67747179132389,,,45.496976648348166,"rgba(38, 166, 154, 0.5)",5.328380942506712,47.630172110324665,0.9561681014643256,58.624822066652236,7.798278246501319,False,True,True,False,False,11.6784446719182,0.0,0.0,0.0,0.0,0,0.9161333782418324,0.8159125781220762,False,False,False,False,0.2657935323142504,0.2759067619301482,False,False,False,False,1431392.0,1020335.8578368342,False,False,False,False,51170.33475820682,False,False,False,False
2024-11-29 17:00:00+00:00,53.37,53.57,53.12,53.215,12238.0,,,,46.07829593748085,44.93095690860828,44.76127965554886,44.91088092508445,44.91895545973536,,,,,48.36644956282483,46.29724204213565,45.40900060446438,44.75695172548405,44.68755939999013,,,45.511757222135685,"rgba(38, 166, 154, 1.0)",5.358900716741462,47.642961706300795,1.0397726302881287,58.68730322362114,7.798278246501319,False,True,True,False,False,12.502679733470647,0.0,0.0,0.0,0.0,0,0.9258869512928444,0.8117483463619962,False,False,False,False,0.2912275361726798,0.283567149051414,False,False,False,False,1443630.0,1026898.5577153328,False,False,False,False,50566.732668932294,False,False,False,False
2024-12-02 17:00:00+00:00,52.765,53.13,52.64,52.76,59070.0,,,,46.160914289626724,44.99893161304255,44.8196895649202,44.962941055584785,44.96624333201734,,,,,48.44705814862975,46.3863732615294,45.4815134339424,44.82131475462589,44.73334683527315,,,45.57783262891922,"rgba(38, 166, 154, 0.5)",5.381985569998859,47.69007440947894,0.9420176855885056,57.23787359783232,12.119122756185966,False,True,True,False,False,11.436607904484706,0.0,0.0,0.0,0.0,0,0.9204139228598308,0.8196425211665097,False,False,False,False,0.27232382803314636,0.2779454885422802,False,False,False,False,1384560.0,1032443.6963554053,False,False,False,False,50698.56627096435,False,False,False,False
2024-12-03 17:00:00+00:00,52.42,52.87,52.27,52.485,61286.0,,,,46.24075130244008,45.06556773789119,44.87715984621942,45.014196631610886,45.012856140474874,,,,,48.522146742957496,46.47211625066502,45.55224421504057,44.884547487992386,44.778564770893844,,,45.64201511261858,"rgba(38, 166, 154, 0.5)",5.382186771326476,47.73324689296736,0.8828666318953364,55.38090860217228,10.123482452643799,False,True,True,False,False,10.791983056587124,0.0,0.0,0.0,0.0,0,0.925869779428485,0.8199044948078525,False,False,False,False,0.25948836657645835,0.26871692755936927,False,False,False,False,1323274.0,1036952.6933111354,False,False,False,False,50862.71253032924,False,False,False,False
2024-12-04 17:00:00+00:00,52.22,52.71,52.08,52.66,46958.0,,,,46.30003035176569,45.115441535009246,44.920287897729054,45.052701795491416,45.04791132842478,,,,,48.57703448546522,46.535598133605,45.60504290551541,44.93193680495379,44.81260075360711,,,45.68985859915667,"rgba(38, 166, 154, 0.5)",5.3757963164573415,48.23959130445278,0.822279795462986,54.69081169566108,9.2239400857203,False,True,True,False,False,11.101425424762787,0.0,0.0,0.0,0.0,0,0.9282084344660196,0.8151926577669902,False,False,False,False,0.2523937784205182,0.2605553529899437,False,False,False,False,1370232.0,1042119.8143450712,False,False,False,False,50802.17435156445,False,False,False,False
2024-12-05 17:00:00+00:00,53.38,53.38,52.745,52.77,51248.0,,,,46.36839394027337,45.17262056065956,44.96976363196997,45.09696898614219,45.08824970014777,,,,,48.642402040722594,46.60885502940556,45.66572613101183,44.9862416881275,44.851715698344464,,,45.74509374068049,"rgba(38, 166, 154, 0.5)",5.356231768394367,48.300254514965395,0.8344944129209143,54.59621268648192,8.823430747192809,False,True,True,False,False,11.298336368841063,0.0,0.0,0.0,0.0,0,0.9325269325269324,0.8096390096390095,False,False,False,False,0.279595020143615,0.2700751865667793,False,False,False,False,1421480.0,1048001.3676110391,False,False,False,False,50809.08637712159,False,False,False,False
2024-12-06 17:00:00+00:00,52.63,52.92,52.42,52.905,72333.0,,,,46.45943985644049,45.24971662944402,45.03670390049957,45.15691520339254,45.14294297407828,,,,,48.726955899053856,46.70602682948656,45.74720054501157,45.05960380264169,44.90483187649293,,,45.81903375165415,"rgba(38, 166, 154, 0.5)",5.342607464761269,48.356608530465145,0.8513430004983715,55.010415046403374,8.823430747192809,False,True,True,False,False,11.543226721518813,0.0,0.0,0.0,0.0,0,0.9349503858875413,0.8101357259628176,False,False,False,False,0.26355387530047103,0.26681453093362517,False,False,False,False,1493813.0,1054913.1758651314,False,False,False,False,51142.79046429799,False,False,False,False
2024-12-09 17:00:00+00:00,53.665,53.68,52.67,52.815,43246.0,,,,46.51523743655081,45.296919939763505,45.07774797635705,45.19373866401514,45.176574710972716,,,,,48.77959500193068,46.765542513743206,45.797117431868216,45.104529555956454,44.93747702900746,,,45.864448026016525,"rgba(38, 166, 154, 0.5)",5.315503665337513,48.39847914649649,0.8308753283914959,54.85824632103116,8.414070776300086,False,True,True,False,False,11.317489918471932,0.0,0.0,0.0,0.0,0,0.9335001516530178,0.8094479830148619,False,False,False,False,0.2842184422212397,0.27551648657743244,False,False,False,False,1450567.0,1061047.343681176,False,False,False,False,51020.359604386394,False,False,False,False
2024-12-10 17:00:00+00:00,52.39,52.76,52.3,52.365,54895.0,,,,46.57855739200492,45.3516036203981,45.12550232153468,45.23657710001628,45.21574338614975,,,,,48.835778928208605,46.8326811337924,45.85452076946722,45.156727190125814,44.97560687927675,,,45.91632987209746,"rgba(38, 166, 154, 0.5)",5.285082556652351,48.43018929850203,0.7445126276306155,52.67278081872054,6.082235640747214,False,True,True,False,False,10.183861979189217,0.0,0.0,0.0,0.0,0,0.9363570695357945,0.8138235182298597,False,False,False,False,0.25786451650367753,0.26669050154055496,False,False,False,False,1395672.0,1066235.3228489095,False,False,False,False,51080.431548504435,False,False,False,False
2024-12-11 17:00:00+00:00,53.56,54.89,53.56,54.785,54692.0,,,54.41166666666667,46.660604612365134,45.419851291688246,45.18484750862748,45.2900446244629,45.26465141219411,,,,,48.918979426989544,46.92044609545918,45.92718400777878,45.221570723427526,45.0229257988033,,,46.74934292440571,"rgba(38, 166, 154, 1.0)",5.283541923014578,49.09725740647934,1.0765018384249812,58.271819996460565,4.532516014815997,False,True,True,False,True,14.541076336538705,0.0,0.0,0.0,0.0,0,0.9412669242020778,0.7999474927802572,False,False,False,False,0.32797628140869345,0.29733339147462423,False,False,False,False,1450364.0,1072190.8062155931,False,False,False,False,51136.424857829945,False,False,False,False
2024-12-12 17:00:00+00:00,53.36,53.61,52.83,53.11,39681.0,,,53.8951895492708,46.70980061742955,45.462050555884936,45.22176283277011,45.3232772163331,45.29508995797626,,,,,48.96465116293715,46.9726267955309,45.97161473151933,45.261838627727414,45.052508480771,,,46.73912822983187,"rgba(38, 166, 154, 0.5)",5.24720345680606,49.09739336519862,0.7647133692894439,56.406360418781304,4.532516014815997,False,True,True,False,False,10.482476436901898,0.0,0.0,0.0,0.0,0,0.9293458082720725,0.8035568426524096,False,False,False,False,0.2860711194086299,0.2917022554416271,False,False,False,False,1410683.0,1077438.7472044986,False,False,False,False,50958.82137166204,False,False,False,False
2024-12-13 17:00:00+00:00,52.745,52.8,52.395,52.65,30217.0,,,53.584703253337615,46.74352287416676,45.49153604207715,45.24765560879988,45.346580383684646,45.31645364016728,,,,,48.99418159216766,47.008199684307655,46.00244767833198,45.29004993479931,45.07332758774835,,,46.73624166178076,"rgba(38, 166, 154, 0.5)",5.200240780115045,49.094081801377484,0.6837987602842971,53.94241566797211,8.175465582483966,False,True,True,False,False,9.410299854740739,0.0,0.0,0.0,0.0,1,0.9203497202978552,0.8100618678916756,False,False,False,False,0.26060554000163516,0.2761538977216311,False,False,False,False,1380466.0,1082136.8441470645,False,False,False,False,50637.24274574479,False,False,False,False
2024-12-16 17:00:00+00:00,53.27,53.45,52.655,52.75,52964.0,,,53.39586971663081,46.80504733474192,45.545050656387005,45.29465935479801,45.38894394041079,45.35531383072228,,,,,49.0495126822488,47.07316083538183,46.058523074739334,45.341228511576425,45.11116058288688,,,46.76531550186583,"rgba(38, 166, 154, 0.5)",5.1485831384307765,49.118702648442024,0.7053003232001318,52.58382722689673,6.940641939149856,False,True,True,False,False,9.59228431158267,0.0,0.0,0.0,0.0,1,0.9216661142415203,0.8053990350974108,False,False,False,False,0.27918461527888216,0.27766925650025664,False,False,False,False,1433430.0,1087583.2496641644,False,False,False,False,50673.316501624715,False,False,False,False
2024-12-17 17:00:00+00:00,51.79,51.82,51.345,51.805,52565.0,,,52.99859175035525,46.85230126864499,45.58825396114564,45.33295098014072,45.423404281353065,45.386983625208074,,,,,49.085194555902795,47.12234687950978,46.10299972567335,45.38282124737488,45.14220834183451,,,46.76527787428572,"rgba(38, 166, 154, 0.5)",5.041128874898332,49.10115229511379,0.5363575841811301,49.17024864962511,3.773358101669686,False,True,False,False,False,7.387996367669821,0.0,0.0,0.0,0.0,0,0.9174281503316138,0.8168754605747973,False,False,False,False,0.21976632889620154,0.24871779269822908,False,False,False,False,1380865.0,1092130.2535453402,False,False,False,False,50702.64492795611,False,False,False,False
2024-12-18 17:00:00+00:00,52.07,52.23,48.74,48.94,41489.0,,,52.535964570263026,46.876085866154554,45.61256636986672,45.35487546310264,45.443049273527286,45.405092012471925,,,,49.97,49.094650367726224,47.14626375997749,46.127097873601485,45.40654286357086,45.16021565551933,,,47.011033672981796,#000000,4.900826500437225,49.34112746312654,-0.08184894182455874,42.0991204617956,-2.61715301199213,False,True,False,True,False,1.2419175499848905,0.0,0.0,0.0,0.0,0,0.9103756448448741,0.8162464578943543,False,False,True,False,0.17640135305797755,0.21255957287810331,False,False,False,False,1339376.0,1095963.520932234,False,False,False,False,50559.797719770744,False,False,False,False
2024-12-19 17:00:00+00:00,49.29,49.41,48.87,49.01,56519.0,,,51.943554685634936,46.89892605007424,45.63870378373653,45.378821874025995,45.46442895774419,45.424855799689965,,,,49.46636839169592,49.094679300523474,47.1683266581792,46.15209517166185,45.4323566860087,45.180116231004064,,,46.93693613249825,#000000,4.746854057314365,49.2292295824512,-0.0461841842627099,37.60722509441203,-6.435612976218508,False,True,False,True,False,1.3788429948498084,0.0,0.0,0.0,0.0,0,0.9066623050921383,0.8397121360811253,False,False,False,False,0.12412229086712089,0.1683409318726121,False,False,False,False,1395895.0,1100613.621382897,False,False,False,False,50652.188452797556,False,False,False,False
2024-12-20 17:00:00+00:00,50.73,50.76,50.08,50.185,44846.0,,,51.75094484497984,46.92679602108416,45.66653263475235,45.403895726363444,45.48696977112296,45.445654216188814,,,,49.74114982196275,49.1087174522917,47.196556170594434,46.17989277814124,45.45945592820898,45.20073826901186,,,46.96394196955854,#000000,4.5610196346988605,49.224339241608405,0.21062412252803744,38.151340494176374,-6.435612976218508,False,True,False,True,False,3.6476450423842337,0.0,0.0,0.0,0.0,0,0.9113499477044038,0.8315721138240705,False,False,False,False,0.17385505104565466,0.17109799145913338,False,False,False,False,1440741.0,1105886.914074635,False,False,False,False,50562.17002717279,False,False,False,False
2024-12-23 17:00:00+00:00,49.86,49.86,49.86,49.86,0.0,,,51.75094484497984,46.92679602108416,45.66653263475235,45.403895726363444,45.48696977112296,45.445654216188814,,,,49.74114982196275,49.1087174522917,47.196556170594434,46.17989277814124,45.45945592820898,45.20073826901186,,,46.96394196955854,#000000,4.370465710027131,49.224339241608405,0.1454446277734664,37.935504290775555,-6.435612976218508,False,True,False,True,False,2.969475937476517,0.0,0.0,0.0,0.0,0,0.9126623376623377,0.8346681096681097,False,False,False,False,0.15200631221373226,0.16155215183643282,False,False,False,False,1440741.0,1111078.450290532,False,False,False,False,49778.260414348406,False,False,False,False
2024-12-24 17:00:00+00:00,50.99,51.23,50.97,51.195,14329.0,,,51.72803342955454,46.937644157573075,45.67684590455844,45.413127128475075,45.49529291906077,45.453328894148825,,,,49.86791108665271,49.115967914228946,47.20770946591385,46.190368188737196,45.46944248834585,45.20829984300452,,,46.98033095168782,#000000,4.182904555751058,49.2320359734011,0.46928252854826097,41.32724525465785,-6.435612976218508,False,True,False,True,True,5.4820622366436,0.0,0.0,0.0,0.0,0,0.9123598724974035,0.8356792378496473,False,False,False,False,0.20061053560643494,0.18108134372143386,False,False,False,False,1455070.0,1116411.652611609,False,False,False,False,49228.659477691835,False,False,False,False
2024-12-25 17:00:00+00:00,51.195,51.195,51.195,51.195,0.0,,,51.72803342955454,46.937644157573075,45.67684590455844,45.413127128475075,45.49529291906077,45.453328894148825,,,,49.86791108665271,49.115967914228946,47.20770946591385,46.190368188737196,45.46944248834585,45.20829984300452,,,46.98033095168782,#000000,3.974225493133312,49.2320359734011,0.4939236663824226,43.588405897246055,-12.608045705070339,False,True,False,True,True,5.4820622366436,0.0,0.0,0.0,0.0,0,0.9123909374887796,0.8376359915263365,False,False,False,False,0.20437025033680856,0.1927257970291212,False,False,False,False,1455070.0,1121662.1696253826,False,False,False,False,48465.424447029945,False,False,False,False
2024-12-26 17:00:00+00:00,51.785,52.045,51.73,51.965,80732.0,,,51.75999613275959,47.00893246283057,45.7424562443838,45.471621375835284,45.54817228183251,45.502084528862646,,,,50.56198682302503,49.1713382550454,47.28167218653286,46.25777680707137,45.532735356226965,45.256120090836326,,,47.09124104543687,"rgba(38, 166, 154, 0.5)",3.7912783481978707,49.30675468144025,0.7011474954940485,47.00253800033151,-9.294284159842533,False,True,False,False,True,6.90850577310291,0.0,0.0,0.0,0.0,0,0.9168369358712407,0.8349284869340788,False,False,False,False,0.23195671732441417,0.2123412571767677,False,False,False,False,1535802.0,1128082.9421893302,False,False,False,False,48965.68143234731,False,False,False,False
2024-12-27 17:00:00+00:00,50.66,51.08,50.38,50.85,32825.0,,,51.69511435354062,47.03071520815877,45.763870026531976,45.49093669623284,45.56560691763319,45.51820059907054,,,,50.58720671123587,49.18410153795938,47.30382379808868,46.27928327094472,45.553567750853546,45.27206307619899,,,47.10370749553743,#000000,3.6297825388416523,49.3039621936635,0.4259312478895434,46.54686589078564,-9.294284159842533,False,True,False,True,True,4.4981950114349125,0.0,0.0,0.0,0.0,0,0.910478562533357,0.8387119729585482,False,False,False,False,0.18601962129403396,0.19918043923540082,False,False,False,False,1502977.0,1133895.2531631389,False,False,False,False,48715.43830936518,False,False,False,False
2024-12-30 17:00:00+00:00,50.62,50.905,50.545,50.58,26839.0,,,51.643315564331616,47.047899127496066,45.78091977880181,45.5063479452507,45.57952177998653,45.53107175470987,,,,50.59527520983224,49.19378152824757,47.32124574316712,46.29635372878807,45.57017580791828,45.28481020172014,,,47.11255984752083,#000000,3.4926450494491883,49.30053611703083,0.3663309225112776,45.63731445152959,-9.294284159842533,False,True,False,True,True,3.9243194858612434,0.0,0.0,0.0,0.0,0,0.9090682344557278,0.8404418314626758,False,False,False,False,0.18582299546637612,0.19250171735088847,False,False,False,False,1476138.0,1139201.3422613847,False,False,False,False,48376.268723173474,False,False,False,False
2024-12-31 17:00:00+00:00,50.6,50.85,50.3,50.485,20079.0,,,51.60305633801102,47.06018671451161,45.793257017776014,45.517525673584274,45.58961479979274,45.54041377678553,,,,50.592097339486706,49.200305932603165,47.333655497335556,46.30865691822167,45.58221195714955,45.29407551139275,,,47.117921456387556,#000000,3.374775657542176,49.296680993011464,0.35211792651544127,44.80428447087888,-9.294284159842533,False,True,False,True,True,3.720295645898446,0.0,0.0,0.0,0.0,0,0.907684117125111,0.8414551907719608,False,False,False,False,0.17993075061908348,0.186216233984986,False,False,False,False,1456059.0,1144113.8640867895,False,False,False,False,47937.55137862815,False,False,False,False
2025-01-01 17:00:00+00:00,50.485,50.485,50.485,50.485,0.0,,,51.60305633801102,47.06018671451161,45.793257017776014,45.517525673584274,45.58961479979274,45.54041377678553,,,,50.592097339486706,49.200305932603165,47.333655497335556,46.30865691822167,45.58221195714955,45.29407551139275,,,47.117921456387556,#000000,3.260395512955659,49.296680993011464,0.3644708141287081,44.24893115044509,-9.294284159842533,False,True,False,True,False,3.720295645898446,0.0,0.0,0.0,0.0,0,0.9108407158359128,0.8436688369445334,False,False,False,False,0.17640135305797755,0.18130879352148177,False,False,False,False,1456059.0,1148950.2227831185,False,False,False,False,47194.333527796705,False,False,False,False
2025-01-02 17:00:00+00:00,50.9,50.99,50.165,50.715,41133.0,,,51.53462661810237,47.08565065599852,45.81874546376148,45.540624118962675,45.61048817309277,45.559741015596195,,,,50.59567833827121,49.21424398628293,47.359394491309516,46.3341014793663,45.607074074176225,45.31323612011657,,,47.131133711253064,#000000,3.2010482278087062,49.29185960588365,0.4445857396814574,44.73905412094216,-9.294284159842533,False,True,False,True,False,4.181790742949971,0.0,0.0,0.0,0.0,0,0.9084596854187332,0.8409026498512114,False,False,False,False,0.18002885238082247,0.1806688229511521,False,False,False,False,1497192.0,1154349.3201043103,False,False,False,False,47100.35936457505,False,False,False,False
2025-01-03 17:00:00+00:00,51.19,52.06,51.19,51.84,50580.0,,,51.547443058791636,47.12581837597563,45.856641390415604,45.57468054582574,45.64136466560195,45.588301790542445,,,,50.73171139789254,49.243786916426004,47.400726344536565,46.372708810667014,45.643782163408346,45.3413337260702,,,47.1723582655128,"rgba(38, 166, 154, 0.5)",3.121220128425838,49.317302868672314,0.8082406967559801,48.68196706572867,-6.101619714539346,False,True,False,False,True,6.39862207722674,0.0,0.0,0.0,0.0,0,0.9135506607929514,0.8358061674008808,False,False,False,False,0.22146106138066285,0.20106494216590748,False,False,False,False,1547772.0,1160448.8965368015,False,False,False,False,47154.307281403344,False,False,False,False
2025-01-06 17:00:00+00:00,53.46,53.46,52.575,52.67,58791.0,,,51.661460424480495,47.183714975227645,45.9090425595577,45.62149405170995,45.68392613007871,45.627650041888415,,,,51.004210746849736,49.29369523623419,47.46098968025908,46.426890677899664,45.694281225358885,45.37981698585287,,,47.24559772794978,"rgba(38, 166, 154, 1.0)",3.0254993527240854,49.380596269364176,1.0872267176901318,53.37043572651645,-1.6573330690244106,False,False,True,False,True,7.978065820685156,0.0,0.0,0.0,0.0,0,0.9177533302871607,0.8360338828160696,False,False,False,False,0.2777489189457098,0.23940693055580864,False,False,False,False,1606563.0,1167365.394264913,False,False,False,False,47334.72112200174,False,False,False,False
2025-01-07 17:00:00+00:00,52.15,52.275,51.395,51.53,56138.0,,,51.66680864789107,47.22684912280642,45.95011721529767,45.658555491489295,45.717600270819716,45.65885783575206,,,,51.08227956958485,49.325070935853226,47.505218877587176,46.468609475993745,45.73413892979579,45.410548603119,,,47.283721247999175,"rgba(38, 166, 154, 0.5)",2.9186464189619565,49.403490498182336,0.7285944224014562,52.726490488899174,-1.6573330690244106,False,False,True,False,True,5.384227809578395,0.0,0.0,0.0,0.0,0,0.9073969905779778,0.8439389677963717,False,False,False,False,0.22985363615338752,0.23463028335459807,False,False,False,False,1550425.0,1173304.3028809607,False,False,False,False,47471.20606584668,False,False,False,False
2025-01-08 17:00:00+00:00,52.55,52.55,51.61,52.27,36783.0,,,51.68896229197263,47.25720212047809,45.97860345642042,45.684218853751375,45.74095180750389,45.68050205003693,,,,51.15183922580676,49.348621174223744,47.5364680558995,46.497691980841964,45.761736008577,45.4318193126446,,,47.31321802817974,"rgba(38, 166, 154, 1.0)",2.774450650924424,49.42489190044369,1.025467185227586,54.17985100928239,-0.8234395052187011,False,False,True,False,True,6.796399934619451,0.0,0.0,0.0,0.0,0,0.9077473935479341,0.8454031663565834,False,False,False,False,0.23968544272041514,0.2371578630375066,False,False,False,False,1587208.0,1179721.4144642015,False,False,False,False,47305.497444670764,False,False,False,False
2025-01-09 17:00:00+00:00,52.27,52.27,52.27,52.27,0.0,,,51.68896229197263,47.25720212047809,45.97860345642042,45.684218853751375,45.74095180750389,45.68050205003693,,,,51.15183922580676,49.348621174223744,47.5364680558995,46.497691980841964,45.761736008577,45.4318193126446,,,47.31321802817974,"rgba(38, 166, 154, 1.0)",2.631338079778166,49.42489190044369,1.08124004339122,55.1487580228712,0.27689309495414705,True,False,True,False,True,6.796399934619451,0.0,0.0,0.0,0.0,0,0.9107603206554369,0.8491012466009815,False,False,False,False,0.24734144486351903,0.24224965395051282,False,False,False,False,1587208.0,1186039.0359453766,False,False,False,False,46572.078879637105,False,False,False,False
2025-01-10 17:00:00+00:00,49.95,50.78,49.8,50.33,73811.0,,,51.57072746883572,47.29447751588647,46.018154848017325,45.72061168747145,45.773981368178404,45.71125946127444,,,50.30333333333333,51.053194304876094,49.36436601595168,47.57337659433156,46.5364307137654,45.800641049700815,45.462508160803594,,,47.552543270955866,#000000,2.5010346831835517,49.68747830296263,0.25690235379683135,50.496149409650016,0.27689309495414705,False,False,False,False,False,2.5047324092649923,0.0,0.0,0.0,0.0,0,0.9025639214578332,0.8609620002825256,False,False,False,False,0.1687691013219359,0.20550937763622434,False,False,False,False,1513397.0,1191114.3532175412,False,False,False,False,46994.387734216376,False,False,False,False
2025-01-13 17:00:00+00:00,49.925,50.63,49.9,50.57,50956.0,,,51.50374471916261,47.32021359509376,46.04543735874416,45.745745590660235,45.79682088861407,45.73254493954735,,,50.329199254076265,51.002187958980336,49.37564893598142,47.59886531228143,46.56315930412236,45.82748516168867,45.48374406277511,,,47.563445929363674,#000000,2.33603546306242,49.67817733549088,0.38176760524859,48.12574608705195,3.3378149721787764,False,True,False,True,False,2.9817319808814737,0.0,0.0,0.0,0.0,0,0.9036814159292038,0.861380530973451,False,False,False,False,0.1677920327440103,0.18665070519011734,False,False,False,False,1564353.0,1196900.998904091,False,False,False,False,47055.80807942232,False,False,False,False
2025-01-14 17:00:00+00:00,51.21,52.21,51.17,51.8,35057.0,,,51.511962133527355,47.34546393350354,46.06985450236377,45.76792294422379,45.817039892999226,45.751340995911534,,,50.63573028247739,51.037418647620285,49.39371686234861,47.62461738835952,46.58783075536447,45.85124966891216,45.502287135390304,,,47.60741808792323,"rgba(38, 166, 154, 0.5)",2.1629299510094064,49.70983970794401,0.9663559798044028,49.886188168402185,3.3378149721787764,False,False,False,False,False,5.377398550122223,0.0,0.0,0.0,0.0,0,0.9083312679247958,0.8625146053889456,False,False,False,False,0.22405543194049393,0.20535306856530564,False,False,False,False,1599410.0,1203141.448533485,False,False,False,False,46869.780047183216,False,False,False,False
2025-01-15 17:00:00+00:00,53.75,54.19,53.56,53.895,51687.0,,,51.63411365465491,47.40022304321344,46.11904346030853,45.81203950974614,45.85737929155822,45.78875657516041,,,51.42894063035334,51.22770053870467,49.443999003108594,47.68164604851899,46.63885349287042,45.89866403017572,45.53882258468748,,,47.72847552792776,"rgba(0, 255, 0, 1.0)",1.9968982659828418,49.820280984991236,2.040524088994216,54.9936134299826,-0.6264379403252676,True,False,True,False,True,9.182596758266396,0.0,0.0,0.0,0.0,0,0.9192255173138197,0.8521060186968241,False,False,False,False,0.31326273707407404,0.25930790281968985,False,False,False,False,1651097.0,1210086.495843043,False,False,False,False,46944.46562784704,False,False,False,False
2025-01-16 17:00:00+00:00,54.55,54.77,54.17,54.275,60609.0,,,51.79205325385912,47.468368247343484,46.17977571047988,45.86647959822762,45.90722253464015,45.83500329965663,,,52.09179518839727,51.45882421810771,49.50833030948128,47.752742583027654,46.70203954598777,45.95715295548818,45.58392294376173,,,47.85413156834296,"rgba(0, 255, 0, 1.0)",1.9030848593750591,49.94030005477605,2.2777228896915234,58.96850728647985,2.956948880589934,True,False,True,False,True,9.84172528321427,0.0,0.0,0.0,0.0,0,0.9201426523548131,0.8501450998216843,False,False,False,False,0.3383576206950633,0.2988327617573766,False,False,False,False,1711706.0,1217863.5424191197,False,False,False,False,47156.31887392693,False,False,False,False
2025-01-17 17:00:00+00:00,55.15,55.65,55.11,55.28,42860.0,,,51.92977989456828,47.522196585002064,46.227043864848746,45.908762677813385,45.94598713808128,45.87096906110283,,,52.534692488411956,51.64903077556446,49.561381226577566,47.80910741853818,46.751491723306195,46.002587134440475,45.61891513181664,,,47.94861116308247,"rgba(0, 255, 0, 1.0)",1.893814533286484,50.034990240511405,2.769547739390574,63.02517133709664,6.597844359608125,True,False,True,False,True,11.556368580444971,0.0,0.0,0.0,0.0,0,0.9193469954845436,0.8457797846474469,False,False,False,False,0.3428282503402487,0.3208305060488127,False,False,False,False,1754566.0,1226184.510753707,False,False,False,False,47089.70927898233,False,False,False,False
2025-01-20 17:00:00+00:00,55.28,55.28,55.28,55.28,0.0,,,51.92977989456828,47.522196585002064,46.227043864848746,45.908762677813385,45.94598713808128,45.87096906110283,,,52.534692488411956,51.64903077556446,49.561381226577566,47.80910741853818,46.751491723306195,46.002587134440475,45.61891513181664,,,47.94861116308247,"rgba(0, 255, 0, 1.0)",1.8742888549293406,50.034990240511405,2.7983999081541406,65.72961403750783,9.022843983254639,True,False,True,False,True,11.556368580444971,0.0,0.0,0.0,0.0,0,0.9286518831397396,0.8439633931714182,False,False,False,False,0.33875855573469144,0.32979453089175204,False,False,False,False,1754566.0,1234376.4718272928,False,False,False,False,46359.63626690508,False,False,False,False
2025-01-21 17:00:00+00:00,56.0,56.76,55.9,56.48,55855.0,,,52.143686202189194,47.60037099189406,46.29481431464244,45.96927454951302,46.001530495524634,45.92250029460911,,,53.11387096687205,51.932583927269704,49.64118023857391,47.891217650815726,46.82274131556147,46.06761635292874,45.66894637492086,,,48.08233335963961,"rgba(0, 255, 0, 1.0)",1.8815364073684275,50.174107490838665,3.3514592034819777,69.08747602134541,12.134347001749191,True,False,True,False,True,13.566267178340876,0.0,0.0,0.0,0.0,0,0.9271741441633,0.8509107661776166,False,False,False,False,0.3428282505426744,0.3363113907172132,False,False,False,False,1810421.0,1243307.3947446991,False,False,False,False,46506.851208503445,False,False,False,False
2025-01-22 17:00:00+00:00,56.2,56.74,56.09,56.69,33574.0,,,52.26620322998031,47.64736893858007,46.33562316871453,46.00575085048585,46.0350375338958,45.95360509150041,,,53.395540570725835,52.09164299134534,49.689139118966,47.94054598471009,46.86562463365696,46.106789519409844,45.69914952219484,,,48.15630931955123,"rgba(0, 255, 0, 1.0)",1.8855205341457655,50.252184478596696,3.4143438932739874,71.57478076233781,14.49337669160667,True,False,True,False,True,13.911852305450974,0.0,0.0,0.0,0.0,0,0.9277215730977486,0.8588629239099455,False,False,False,False,0.34282825055981025,0.3395698206385117,False,False,False,False,1843995.0,1252620.3808726883,False,False,False,False,46306.34188744138,False,False,False,False
2025-01-23 17:00:00+00:00,56.745,57.34,56.58,56.9,64455.0,,,52.505277667995166,47.74056476594582,46.41635957236996,46.07793528552475,46.10140585592455,46.015241324876634,,,53.88279941873691,52.39505748839503,49.78509140791846,48.038391415758355,46.95054895753376,46.1842751014741,45.758969962177154,,,48.29630140189467,"rgba(0, 255, 0, 1.0)",1.8982756922018105,50.402445244379436,3.422872021336399,73.49508297929572,16.42280881697168,True,False,True,False,True,14.260505170855176,0.0,0.0,0.0,0.0,0,0.9314912405640222,0.854436689930209,False,False,False,False,0.3428282506661779,0.3411990356523448,False,False,False,False,1908450.0,1262788.2819444295,False,False,False,False,46587.71643182213,False,False,False,False
2025-01-24 17:00:00+00:00,56.98,57.22,56.56,56.825,38073.0,,,52.633241328548024,47.79431962043018,46.46315401761548,46.11984959214722,46.139974152114654,46.05108875447093,,,54.107024978777766,52.55452175989213,49.84002990262117,48.09473733998099,46.99968859754144,46.229225074219684,45.79378260824475,,,48.37081828666188,"rgba(0, 255, 0, 1.0)",1.9397154453707064,50.482964657635605,3.2695699554799114,74.43261604605647,17.55532268492985,True,False,True,False,True,14.075233446210703,0.0,0.0,0.0,0.0,0,0.9272175620203463,0.8610744244154912,False,False,False,False,0.3402060644881084,0.3407025500702266,False,False,False,False,1870377.0,1272208.262069322,False,False,False,False,46455.70532435202,False,False,False,False
2025-01-27 17:00:00+00:00,55.5,55.845,54.8,55.76,63256.0,,,52.764971340671394,47.868678284283725,46.52964373326808,46.17979512422177,46.195163025534995,46.10248557533199,,,54.25804563542519,52.71744934333737,49.911635356138405,48.17209235174293,47.06883274092533,46.29335824424014,45.84389072453782,,,48.454310883050695,"rgba(0, 255, 0, 1.0)",1.9509269406947567,50.57030018509481,2.6601200212331135,70.60236287959856,17.55532268492985,True,False,True,False,False,11.474475063964004,0.0,0.0,0.0,0.0,0,0.9105225483178239,0.8731209735146739,False,False,False,False,0.2825811728240225,0.3116418614471246,False,False,False,False,1807121.0,1280501.4828124333,False,False,False,False,46716.17500924579,False,False,False,False
2025-01-28 17:00:00+00:00,56.355,57.04,56.1,56.935,43268.0,,,52.88592579975885,47.926770890128815,46.58070828555242,46.22570013346767,46.23746903576794,46.14186973669976,,,54.42969128980217,52.86385206230389,49.97012815241761,48.23279208728357,47.12227574692052,46.342496898394245,45.8821861754885,,,48.52629740722969,"rgba(0, 255, 0, 1.0)",1.9904616196903027,50.64827128133745,3.1584275006722855,70.25481171082706,17.55532268492985,True,False,True,False,False,13.496132857415816,0.0,0.0,0.0,0.0,0,0.9232883648594885,0.8558718217657053,False,False,False,False,0.3282754968394679,0.31995867914329623,False,False,False,False,1850389.0,1289336.9481951862,False,False,False,False,46662.71493158306,False,False,False,False
2025-01-29 17:00:00+00:00,56.71,56.98,56.175,56.365,40061.0,,,52.986325945301665,47.97875883067498,46.626675783628066,46.267101674437185,46.275648622649776,46.17743958531322,,,54.55701020266596,52.984002066515444,50.0219267748319,48.28701431019144,47.17028461505553,46.38677524347083,45.91680018677028,,,48.58736644934663,"rgba(0, 255, 0, 1.0)",2.0243581454134025,50.71417989778931,2.791413226465773,67.96404113445978,17.55532268492985,True,False,True,False,False,12.123651779119253,0.0,0.0,0.0,0.0,0,0.9332348596750368,0.8530649926144751,False,False,False,False,0.3285540775088464,0.32425637832607135,False,False,False,False,1810328.0,1297414.3288433228,False,False,False,False,46560.362762101155,False,False,False,False
2025-01-30 17:00:00+00:00,56.79,56.89,55.95,56.33,46745.0,,,53.0930024794347,48.03781078888992,46.67915037001572,46.31444566791105,46.31933702399842,46.21817138800419,,,54.679367972025894,53.110226646053825,50.080270546600744,48.34850629191436,47.2249939594163,46.43736596617308,45.95646351416612,,,48.6537778934311,"rgba(0, 255, 0, 1.0)",2.0764845508914305,50.78559521043713,2.670092001013283,66.30804400022691,22.50625829230961,True,False,True,False,False,12.039072604901829,0.0,0.0,0.0,0.0,0,0.9418341139144887,0.8456337815379963,False,False,False,False,0.3227141387939391,0.3234852585600052,False,False,False,False,1763583.0,1304641.7501015658,False,False,False,False,46563.225354936796,False,False,False,False
2025-01-31 17:00:00+00:00,56.965,57.36,56.12,56.165,42638.0,,56.548333333333325,53.189037760512576,48.09196345585962,46.72729748512744,46.35791806185668,46.359480508425534,46.25561611726411,,,54.78663464148622,53.222646386827684,50.133875885087704,48.404875757418914,47.27518576600285,46.483794652008044,45.99292601176515,,56.548333333333325,49.273541844498276,"rgba(0, 255, 0, 1.0)",2.124293258203195,51.46431460007693,2.212823197442654,64.54629199706986,20.534406758782765,True,False,True,False,False,11.634489247879618,-1.0,57.36,56.12,423.0,0,0.9544249128655858,0.83580845582664,False,False,False,False,0.3346021803478167,0.329043719453911,False,False,False,False,1720945.0,1311096.0640534796,False,False,False,False,46502.36914788351,False,False,False,False
2025-02-03 17:00:00+00:00,54.54,54.69,54.09,54.19,33226.0,,55.573854660972266,53.213083770328325,48.12270886585099,46.75606546807045,46.38419818172635,46.383761162444365,46.278340414772835,,,54.76680081283527,53.249995356016306,50.16075884407009,48.436411909368694,47.30462994570632,46.511746734516045,46.015213328016735,,55.573854660972266,49.22554067533537,"rgba(38, 166, 154, 1.0)",2.131280095822121,51.42347127413281,1.298059664372752,57.33731979556691,13.672343487524934,True,False,True,False,False,6.980134665296571,0.0,0.0,0.0,0.0,0,0.95857250755287,0.8408610271903316,False,False,False,False,0.24916989188984834,0.28910680567187963,False,False,False,False,1687719.0,1316935.1793394722,False,False,False,False,46296.53396729616,False,False,False,False
2025-02-04 17:00:00+00:00,52.18,52.51,51.62,52.15,75683.0,,53.835672475645616,53.161504192087406,48.16683766996923,46.8017144652375,46.42678330656351,46.423139316394696,46.31541119802497,,,54.529265342355636,53.18803779515893,50.1885991459769,48.48026464159344,47.349768700224516,46.55671319137515,46.05202982562711,,53.835672475645616,49.10541009044533,#000000,2.109330105862096,51.3016773488023,0.4021763349606123,48.86375678475374,6.014757545471632,False,True,False,True,False,2.5868077414792126,0.0,0.0,0.0,0.0,0,0.9509484790661131,0.8500018707673883,False,False,False,False,0.16802525427565812,0.22856602997376887,False,False,False,False,1612036.0,1321510.385861341,False,False,False,False,46752.138091834204,False,False,False,False
2025-02-05 17:00:00+00:00,52.55,52.745,52.2,52.57,57238.0,,53.47087121520543,53.13940338423946,48.20299698259473,46.83836862891197,46.46087957261005,46.45469771595638,46.34511018441643,,,54.40180849757035,53.16144451133172,50.213564142767,48.516437558870315,47.38625928948857,46.5927354526145,46.081456014265434,,53.47087121520543,49.09043093934587,"rgba(38, 166, 154, 0.5)",2.0764655673169643,51.278883983645436,0.6217854207054524,44.48671876471296,2.3116086210125317,False,True,False,True,False,3.3929904500645556,0.0,0.0,0.0,0.0,0,0.9532336448598131,0.849046728971962,False,False,False,False,0.18206115969917128,0.20531359483647008,False,False,False,False,1669274.0,1326902.069801475,False,False,False,False,46914.70959428638,False,False,False,False
2025-02-06 17:00:00+00:00,53.13,53.56,52.11,52.575,151237.0,,53.1673495925249,53.10745925851112,48.30094442041988,46.937051939078295,46.55271055149766,46.53981931483397,46.42527442099101,,,54.165960890537065,53.1229106676321,50.28374769022792,48.6146037349881,47.484703830206264,46.68968118435404,46.16082830603893,,53.1673495925249,49.11093184298867,"rgba(38, 166, 154, 0.5)",2.0580282306613076,51.27579305364331,0.6312872326047809,41.58476228394265,-0.18185878476045758,False,True,False,True,False,3.4026733898303405,0.0,0.0,0.0,0.0,0,0.953002707815572,0.8435401906598905,False,False,False,False,0.1946068364971933,0.1999602156668317,False,False,False,False,1820511.0,1334554.92143246,False,False,False,False,48532.10944553775,False,False,False,False
2025-02-07 17:00:00+00:00,52.33,52.69,52.165,52.48,80791.0,,53.0349593364987,53.079761051958265,48.34810582485193,46.98574834020036,46.5983276956005,46.58217871128742,46.46526602444658,,,54.04411303472732,53.090734500749925,50.315249146206604,48.66148798341469,47.5328800504378,46.737698096447104,46.20054253162521,,53.0349593364987,49.11978945203231,"rgba(38, 166, 154, 0.5)",2.0407519370244844,51.27013855446431,0.5928508132643125,39.46191422745841,-2.1603241848498627,False,True,False,True,False,3.197664355495945,0.0,0.0,0.0,0.0,0,0.9521340098492764,0.8560662587673477,False,False,False,False,0.18050779055451013,0.1902340031106709,False,False,False,False,1739720.0,1340836.550557538,False,False,False,False,49032.24728359143,False,False,False,False
2025-02-10 17:00:00+00:00,51.67,51.91,51.4,51.47,102178.0,,52.763679588305024,53.005107231566775,48.394152090733066,47.03669851382914,46.64676085618002,46.62723200676393,46.507993430138775,,,53.84269404660978,53.005938192023194,50.33838290179593,48.706181780078786,47.58215111218308,46.78839796179644,46.24330361156957,,52.763679588305024,49.106333808826676,#000000,2.0358746200267803,51.233566989370615,0.11613338478883017,36.18288343590429,-5.354157460663544,False,True,False,True,False,1.0406180933139204,0.0,0.0,0.0,0.0,0,0.9433730910712297,0.8601047820755764,False,False,False,False,0.15396911612917322,0.17210155961992207,False,False,False,False,1637542.0,1345436.635045018,False,False,False,False,49856.21244198536,False,False,False,False
2025-02-11 17:00:00+00:00,48.69,49.6,48.5,49.6,100797.0,,52.21093814009167,52.82705677037159,48.40573608976435,47.060401800249416,46.67126769466419,46.650142553369264,46.53021161713948,,,53.49701642789914,52.80633729595091,50.318997605822844,48.71399175240538,47.60168257711796,46.81332483766249,46.266510499935535,,52.21093814009167,49.026686833031725,"rgba(239, 83, 80, 0.5)",2.057377161286792,51.220602299481826,-0.7877030667863612,31.542715515276093,-9.814300543292326,False,True,False,True,False,0.0,0.0,0.0,0.0,0.0,0,0.931742876076872,0.8692290700242982,False,False,False,False,0.06582764253865193,0.118964601079287,False,False,False,False,1536745.0,1348402.6562071107,False,False,False,False,50645.9920940476,False,False,False,False
2025-02-12 17:00:00+00:00,49.0,50.02,48.95,49.96,81230.0,,51.92326729819122,52.71037940894759,48.419351990892196,47.082669335227834,46.69378863217698,46.67119882432439,46.55053092750494,,,53.277386895720255,52.67699026061636,50.30957884390475,48.724956628048446,47.620960924110086,46.83638717899997,46.28750041034879,,51.92326729819122,48.984639111358135,"rgba(239, 83, 80, 0.5)",2.0718948045404706,51.162364796193316,-0.580321352975249,29.77276212632713,-11.637762054684032,False,True,False,True,False,0.0,0.0,0.0,0.0,0.0,0,0.9374608670030571,0.8622518507605607,False,False,False,False,0.08043879597258276,0.09970169852593488,False,False,False,False,1617975.0,1352582.072389946,False,False,False,False,51120.162759256156,False,False,False,False
2025-02-13 17:00:00+00:00,50.61,51.515,50.58,51.035,83063.0,,51.832818500455616,52.650163345727066,48.44854375626588,47.11727973632585,46.727232065356496,46.702425002666224,46.58031831196944,,,53.15436012003418,52.61141839793965,50.319891198144404,48.75259390130884,47.653689981956006,46.871154381212605,46.317538226635705,,51.832818500455616,48.98138763757129,#000000,2.0590018245533996,51.1683950543077,-0.06478627299742132,32.19392565724464,-11.637762054684032,False,True,False,True,False,0.2189223712870927,0.0,0.0,0.0,0.0,0,0.9439994147554773,0.8588463367350664,False,False,False,False,0.13325082354707718,0.11647626103650603,False,False,False,False,1701038.0,1357984.4898722726,False,False,False,False,51615.40054593435,False,False,False,False
2025-02-14 17:00:00+00:00,51.33,51.915,51.095,51.765,60436.0,,51.81603788219844,52.62305669963014,48.47378134474501,47.14554855933887,46.754294363185934,46.727700746460485,46.60437676870911,,,53.09415875289395,52.58248245234717,50.33276441724977,48.77700712657453,47.680901705684754,46.89936914582215,46.34166445056699,,51.81603788219844,48.98951031538625,#000000,2.0386819668999085,51.181162811188074,0.28637972881063456,35.91994026162838,-11.637762054684032,False,True,False,True,True,1.66841729115648,0.0,0.0,0.0,0.0,0,0.9500274977085243,0.8536021998166813,False,False,False,False,0.1488419563868662,0.13265910871168612,False,False,False,False,1761474.0,1364240.1411920823,False,False,False,False,51752.15402584235,False,False,False,False
2025-02-17 17:00:00+00:00,51.765,51.765,51.765,51.765,0.0,,51.81603788219844,52.62305669963014,48.47378134474501,47.14554855933887,46.754294363185934,46.727700746460485,46.60437676870911,,,53.09415875289395,52.58248245234717,50.33276441724977,48.77700712657453,47.680901705684754,46.89936914582215,46.34166445056699,,51.81603788219844,48.98951031538625,#000000,2.000123532221164,51.181162811188074,0.29190056484339644,38.40394999788421,-19.87622452043695,False,True,False,True,True,1.66841729115648,0.0,0.0,0.0,0.0,0,0.9590544222696813,0.8531187863612926,False,False,False,False,0.15773412952132962,0.14519661911650789,False,False,False,False,1761474.0,1370398.8056697245,False,False,False,False,50949.7950486975,False,False,False,False
2025-02-18 17:00:00+00:00,52.66,53.45,52.625,53.45,72905.0,,51.92127775676938,52.63959645678057,48.518880891115856,47.19115395230965,46.797097126076594,46.76765857774234,46.6422100031752,,,53.097748794077305,52.60209296664989,50.36705125992544,48.82215974762594,47.72632051823423,46.94429394701236,46.37916546796888,,51.92127775676938,49.02976481896169,"rgba(38, 166, 154, 1.0)",1.9691468175811362,51.24262992873258,1.1209779035059013,44.34817439812457,-14.117653260449927,False,True,False,True,True,4.9325383440591075,0.0,0.0,0.0,0.0,0,0.962954844366506,0.8475084027473323,False,False,False,False,0.20164129322977895,0.1734189561731434,False,False,False,False,1834379.0,1377592.29705469,False,False,False,False,51290.1858231363,False,False,False,False
2025-02-19 17:00:00+00:00,52.96,53.055,52.47,52.52,64425.0,,51.96998104416809,52.640681771282985,48.553873535218024,47.227608797225486,46.83155987772625,46.79987157117089,46.672784387172015,,,53.08203701218088,52.60435414449354,50.39146521944755,48.856860190948055,47.76225814160204,46.98036013803296,46.409582671360155,,51.96998104416809,49.05594846443063,"rgba(38, 166, 154, 0.5)",1.9610500083210167,51.27322471725441,0.6357692447695616,45.99363915797413,-12.416919880004471,False,True,False,True,True,2.977736279115174,0.0,0.0,0.0,0.0,0,0.9584792761237595,0.8531450671336831,False,False,False,False,0.192092978782835,0.1827559674779892,False,False,False,False,1769954.0,1383675.4242321367,False,False,False,False,51493.826353010154,False,False,False,False
2025-02-20 17:00:00+00:00,50.96,52.145,50.95,52.025,102390.0,,51.94565343273446,52.603895378297906,48.595438524431835,47.27437944288211,46.876517046215156,46.841983664599795,46.71296215482108,,,53.00416924430356,52.565565013368705,50.41314899300639,48.89700782025089,47.80720334104661,47.02711156761861,46.44990335470167,,51.94565343273446,49.07249564130562,#000000,1.9619175557337316,51.27408183994506,0.3827470516589079,45.9583595069374,-12.083933217444368,False,True,False,True,True,1.9555842413378812,0.0,0.0,0.0,0.0,0,0.9530757811651398,0.8562945798182403,False,False,False,False,0.15029385169540366,0.1665249095866964,False,False,False,False,1667564.0,1388076.7974998553,False,False,False,False,52282.91431652937,False,False,False,False
2025-02-21 17:00:00+00:00,50.58,50.58,49.44,49.85,108554.0,,51.76820926245072,52.49778766871226,48.614202428749465,47.303749090561,46.90633991846848,46.870068846544434,46.7401799410766,,,52.83160347174332,52.45128323879337,50.405306951423526,48.91260191817587,47.832860267903584,47.057515666378926,46.47797675574485,,51.76820926245072,49.0478346733376,"rgba(239, 83, 80, 0.5)",1.9868231285509201,51.2055164862802,-0.6822532246586243,42.04789264465296,-12.083933217444368,False,True,False,True,False,0.0,0.0,0.0,0.0,0.0,0,0.9368777876895629,0.8630508474576264,False,False,False,False,0.09811928648032414,0.13232209803351028,False,False,False,False,1559010.0,1390726.9246704,False,False,False,False,53155.334249606436,False,False,False,False
2025-02-24 17:00:00+00:00,49.46,49.9,49.39,49.43,63585.0,,51.65920910472133,52.4307018724592,48.62188464462651,47.31821254754619,46.921380075297996,46.88427161489552,46.75403668318461,,,52.727002538232945,52.37928710516659,50.397018464734074,48.918248692749515,47.84494466123296,47.07271716287858,46.49242371269155,,51.65920910472133,49.03009563431554,"rgba(239, 83, 80, 0.5)",2.017567155072153,51.16115234030497,-0.8580395135561488,38.844036719888116,-12.083933217444368,False,True,False,True,False,0.0,0.0,0.0,0.0,0.0,0,0.9367936971943959,0.8677052511496909,False,False,False,False,0.08582131652318611,0.1090717072783482,False,False,False,False,1495425.0,1392350.1506445024,False,False,False,False,53317.03449379859,False,False,False,False
2025-02-25 17:00:00+00:00,48.49,49.405,48.34,48.91,39007.0,,51.57719078665306,52.38149714985587,48.623171157047224,47.324313943724405,46.92814987563865,46.89069942375811,46.76041129566156,,,52.65279909060149,52.326472010729766,50.3878337745608,48.918075285610904,47.84935585337704,47.07941006050602,46.499254608497196,,51.57719078665306,49.01418816544442,"rgba(239, 83, 80, 1.0)",2.0597433409605532,51.12648172660954,-1.0760960759197777,35.97377340941164,-6.3400531203539785,False,True,False,True,False,0.0,0.0,0.0,0.0,0.0,0,0.9285002845759821,0.8749999999999997,False,False,False,False,0.05987402464448226,0.08447286596141523,False,False,False,False,1456418.0,1393343.45063451,False,False,False,False,53095.173493894734,False,False,False,False
2025-02-26 17:00:00+00:00,50.2,50.47,49.41,49.615,30530.0,,51.53771353783541,52.35409980425018,48.62777836946472,47.33193292921414,46.93596357529781,46.89807606360475,46.76758531199044,,,52.61078854864775,52.297303594084546,50.385202070362574,48.92178943569094,47.85591453035356,47.0873425200437,46.50668455068361,,51.53771353783541,49.008441060108865,"rgba(239, 83, 80, 0.5)",2.0819444999570975,51.109955425320436,-0.7180572898803212,36.24326731590848,-6.407809655540355,False,True,False,True,False,0.0,0.0,0.0,0.0,0.0,0,0.9367777502915506,0.8599851574371835,False,False,False,False,0.09575859140892055,0.0901157286851679,False,False,False,False,1486948.0,1394794.6839580059,False,False,False,False,52745.3258428266,False,False,False,False
2025-02-27 17:00:00+00:00,49.85,49.98,48.46,48.595,38099.0,,51.46837706254221,52.309875390160016,48.62959607520248,47.338278419746224,46.94291107169309,46.90467112407863,46.774107715910766,,,52.54512541427653,52.25005467857294,50.37713898153842,48.9222431120579,47.86066685953137,47.09423895611267,46.51363497715109,,51.46837706254221,48.99506570275531,"rgba(239, 83, 80, 1.0)",2.1231754392764275,51.07993386879435,-1.170385556853092,34.79791228484288,-8.2184263873187,False,True,False,True,False,0.0,0.0,0.0,0.0,0.0,0,0.926575993846369,0.8646900458025937,False,False,False,False,0.07153406561215181,0.08082489714865985,False,False,False,False,1448849.0,1395632.7353695096,False,False,False,False,52518.25102355797,False,False,False,False
2025-02-28 17:00:00+00:00,49.19,49.84,48.56,49.84,26656.0,,51.42965472935464,52.28330739798801,48.632183896199926,47.34374844589908,46.9486827200545,46.91013592588804,46.77946376760618,,,52.505653255694995,52.22179790145906,50.373196656879095,48.92397136811337,47.865120895965475,47.10003936638954,46.51925319763433,,51.42965472935464,48.98830068036617,"rgba(239, 83, 80, 0.5)",2.132039990835825,51.06304287383951,-0.5736491243581379,37.329175608816186,-8.2184263873187,False,True,False,True,False,0.0,0.0,0.0,0.0,0.0,0,0.930012278547623,0.8652166286616375,False,False,False,False,0.07086248743273148,0.07584369229069567,False,False,False,False,1475505.0,1396871.0650537033,False,False,False,False,52117.28589140978,False,False,False,False
2025-03-03 17:00:00+00:00,49.73,50.08,47.83,48.26,33079.0,,51.367819059545624,52.24324216219564,48.63255585875992,47.34824673382923,46.95381300656412,46.91502427572126,46.78434692137244,,,52.44740626069785,52.1790804537453,50.36486427081317,48.92309894948101,47.86816517532898,47.105062202056146,46.5245399354501,,51.367819059545624,48.97551894754006,"rgba(239, 83, 80, 1.0)",2.1782870119217543,51.035527663346684,-1.2741790444308931,36.47016429959347,-8.2184263873187,False,True,False,True,False,0.0,0.0,0.0,0.0,0.0,0,0.9302519258796587,0.8627940870289396,False,False,False,False,0.06264064633014917,0.06924216931042242,False,False,False,False,1442426.0,1397577.3431148862,False,False,False,False,51822.11866828715,False,False,False,False
2025-03-04 17:00:00+00:00,44.91,46.71,44.9,45.03,65400.0,,51.116221979754776,52.0974810940899,48.6078578992691,47.33670723170298,46.94581616936065,46.90776934193803,46.77823024514225,,,52.24350930809448,52.02274225562328,50.31723033269824,48.894319830186255,47.85199747207261,47.09558661460624,46.51992448947337,,51.116221979754776,48.90967101885801,"rgba(255, 26, 202, 1.0)",2.3331377549952923,50.920542436751774,-2.5247298082335727,32.503158299246586,-11.20451495111081,False,True,False,True,False,0.0,0.0,0.0,0.0,0.0,0,0.915289958528792,0.8774219865388532,False,False,False,False,-0.0427062795657471,0.013267944872337657,False,False,False,False,1377026.0,1397258.7176402367,False,False,False,False,52032.628456375714,False,False,False,False
2025-03-05 17:00:00+00:00,44.99,46.205,44.69,46.18,59921.0,,50.909590874859404,51.97222797875612,48.58662912170581,47.32710946550115,46.93931974872058,46.901890377905524,46.77333244090375,,,52.070814582980496,51.88890018280061,50.275708003222896,48.86950266111058,47.838300041683326,47.0878087679503,46.51635813993585,,50.909590874859404,48.85410659914546,"rgba(255, 0, 0, 1.0)",2.4342023352650224,50.823785065418576,-1.907723527392388,32.49952277826924,-11.511901802026536,False,True,False,True,False,0.0,0.0,0.0,0.0,0.0,0,0.91672311026822,0.879030073150907,False,False,False,False,-0.06143695615016364,-0.02408450563891299,False,False,False,False,1436947.0,1397874.0398473649,False,False,False,False,52154.92879038539,False,False,False,False
2025-03-06 17:00:00+00:00,44.75,44.79,43.46,43.53,71218.0,,50.607143553493735,51.78950044247717,48.54665667395236,47.30369206934392,46.92088576818446,46.884893360010125,46.75816288085832,,,51.823428438882225,51.69374347819204,50.20868452917661,48.82439526400313,47.809043214984996,47.06713015042938,46.50317253025738,,50.607143553493735,48.76718088244614,"rgba(255, 26, 202, 1.0)",2.6314365993839255,50.679275381136065,-2.7168716064866847,30.179084642486664,-14.034239992179579,False,True,False,True,False,0.0,0.0,0.0,0.0,0.0,0,0.8990755264826621,0.8841237526282408,False,False,False,False,-0.10780305571868519,-0.0659437806787991,False,False,False,False,1365729.0,1397375.667136553,False,False,False,False,52450.48028200732,False,False,False,False
2025-03-07 17:00:00+00:00,41.605,43.375,41.315,42.99,78602.0,,50.240014884890954,51.563807654221364,48.490511260525736,47.26790921077852,46.8916330998179,46.85779502377439,46.73361619650916,,,51.52294250127071,51.45316933334406,50.12059614489996,48.76192947737293,47.76606754087677,47.03482310985232,46.481137780897676,,50.240014884890954,48.65613951564518,"rgba(255, 26, 202, 1.0)",2.826804027344246,50.49970970597707,-2.656607827544509,28.23399541855263,-16.145503343130663,False,True,False,True,False,0.0,0.0,0.0,0.0,0.0,0,0.8870796928779456,0.895353455123113,False,False,False,False,-0.1696548847796681,-0.1177993327292336,False,False,False,False,1287127.0,1395666.385475521,False,False,False,False,52855.93020011573,False,False,False,False
2025-03-10 17:00:00+00:00,40.93,40.93,39.44,40.04,82491.0,,49.77837480938905,51.27788719710463,48.409090402413824,47.211898358610554,46.844411544727954,46.81388780231594,46.693382228232224,,40.13666666666667,51.1480829720825,51.14877020923597,50.00136528161662,48.672601576751596,47.701070998248554,46.98331824202958,46.44414719371197,,49.77837480938905,47.950997032209166,"rgba(255, 26, 202, 1.0)",3.1287829355291286,49.786237571387524,-3.11502516224868,25.125596673436995,-19.274233704558316,False,True,False,True,False,0.0,0.0,0.0,0.0,0.0,0,0.8677774529864564,0.898924940725583,False,False,False,False,-0.2775661717998114,-0.1976827522645225,False,False,False,False,1204636.0,1392704.6740727995,False,False,False,False,53315.38864662556,False,False,False,False
2025-03-11 17:00:00+00:00,40.545,41.64,40.125,41.1,61687.0,,49.486854572896725,51.08828430699696,48.35515459833474,47.17536330033367,46.81378403680471,46.78540520527904,46.66732968926785,,40.48679309603407,50.90316705766904,50.9477665374426,49.92129208844735,48.6132907846056,47.658365889943724,46.949846341302276,46.420318602505155,,49.486854572896725,47.884867740524236,"rgba(255, 26, 202, 1.0)",3.3547115247685615,49.66085204179714,-2.551889179916221,25.29089207269481,-19.329427784694598,False,True,False,True,False,0.0,0.0,0.0,0.0,0.0,0,0.868840790708208,0.8983467598434105,False,False,False,False,-0.2989524822582117,-0.24831761726136709,False,False,False,False,1266323.0,1390745.2682732213,False,False,False,False,53445.18107070888,False,False,False,False
2025-03-12 17:00:00+00:00,41.94,42.72,41.91,42.0,131671.0,,49.00747648640115,50.75334345451243,48.26168819529474,47.11423831688251,46.763241512536055,46.73841502502135,46.62454942638543,,41.30933142770139,50.47907061333241,50.594858637208155,49.778301343898484,48.50994690915009,47.58572808738749,46.89432907357195,46.38166416896821,,49.00747648640115,47.78641217855013,"rgba(255, 26, 202, 1.0)",3.5297664088295515,49.45877536750103,-2.1131073571450063,27.217810143264554,-19.329427784694598,False,True,False,True,False,0.0,0.0,0.0,0.0,0.0,0,0.8723692704970949,0.8921239509360872,False,False,False,False,-0.25136006992539994,-0.24983884359338351,False,False,False,False,1397994.0,1390857.6517108458,False,False,False,False,54657.98446496145,False,False,False,False
2025-03-13 17:00:00+00:00,40.48,40.67,39.78,40.51,86849.0,,48.645708309319296,50.50002740382802,48.18280672352262,47.059515169456056,46.71691948521063,46.6952285264192,46.58488905618552,,41.07243338810802,50.16236146762469,50.328238302136654,49.66401639095659,48.42368112954298,47.52239248515727,46.843927092276566,46.34517794511072,,48.645708309319296,47.649821524990315,"rgba(255, 26, 202, 1.0)",3.74530436103093,49.24970684680474,-2.33351044516955,27.258650149705453,-19.329427784694598,False,True,False,True,False,0.0,0.0,0.0,0.0,0.0,0,0.8649722765295986,0.9023108233710452,False,False,False,False,-0.3410631826648722,-0.29545101312912786,False,False,False,False,1311145.0,1389621.7966455612,False,False,False,False,55157.06997713259,False,False,False,False
2025-03-14 17:00:00+00:00,42.23,42.49,42.04,42.405,37583.0,,48.533587094731196,50.41488937296996,48.1576792663201,47.04302433267529,46.70325694087022,46.68250195961317,46.57328782259657,,41.18878691052869,50.057860192333024,50.239219209090976,49.62577235126477,48.39594835001428,47.50281042226396,46.82894062664462,46.33469900900268,,48.533587094731196,47.61881759072797,"rgba(255, 0, 0, 1.0)",3.875789835226798,49.193628226967846,-1.7515470434610387,30.837154046890404,-24.03329551395516,False,True,False,True,True,0.0,0.0,0.0,0.0,0.0,0,0.8660040141450827,0.9037242346044787,False,False,False,False,-0.2534552983890647,-0.2744531557590963,False,False,False,False,1348728.0,1388987.7842944672,False,False,False,False,54884.60377593673,False,False,False,False
2025-03-17 17:00:00+00:00,43.11,44.0,43.07,43.575,41645.0,,48.43768467868371,50.336679418688334,48.13592311351998,47.02962578360369,46.6924517842006,46.67245156749651,46.56421516710965,,41.411139319705114,49.96324183911961,50.15789153700758,49.59094394234359,48.37169730357634,47.4864114749276,46.81696435368258,46.32670075821204,,48.43768467868371,47.59960146945846,"rgba(239, 83, 80, 1.0)",3.9679796956216107,49.15083401532513,-1.4052072951577028,35.133258155859785,-19.94871758578859,False,True,False,True,True,0.0,0.0,0.0,0.0,0.0,0,0.8648880691935894,0.9048906130755525,False,False,False,False,-0.20085484278835627,-0.23765399927372627,False,False,False,False,1390373.0,1389009.2605069561,False,False,False,False,54679.338601116004,False,False,False,False
2025-03-18 17:00:00+00:00,42.345,42.48,42.035,42.195,40339.0,,48.32424907326914,50.24828887878358,48.10907453664966,47.01189184880706,46.67771881250268,46.658716003636826,46.5516791408888,,41.48019045891091,49.855965673924366,50.06571383225883,49.55034533260346,48.34211159732359,47.46540823246172,46.80082484208916,46.315360048714105,,48.32424907326914,47.5638358875216,"rgba(255, 0, 0, 1.0)",4.092554214668449,49.08952442755354,-1.6846507256623084,36.40498844667336,-18.73625805010424,False,True,False,True,True,0.0,0.0,0.0,0.0,0.0,0,0.855703087505999,0.9165573508238676,False,False,False,False,-0.2537697702485566,-0.24571188476114145,False,False,False,False,1350034.0,1388404.992902197,False,False,False,False,54457.007770090946,False,False,False,False
2025-03-19 17:00:00+00:00,43.405,43.99,43.13,43.425,73019.0,,48.1701050674254,50.117863190862664,48.071536667399606,46.98862726163641,46.65890200811603,46.64119324064236,46.53583910012211,,41.74776481344082,49.70051143344998,49.93057508377309,49.49063275561727,48.300339268141215,47.43700504667876,46.7799995757019,46.301375011783605,,48.1701050674254,47.52481796831941,"rgba(239, 83, 80, 1.0)",4.176404810856416,49.01200227271111,-1.337754007510933,39.26204309279282,-15.997192292008322,False,True,False,True,True,0.0,0.0,0.0,0.0,0.0,0,0.862810707456979,0.9078712555767999,False,False,False,False,-0.19983122578250492,-0.22277155527182319,False,False,False,False,1423053.0,1388942.1713068138,False,False,False,False,54744.79059536086,False,False,False,False
2025-03-20 17:00:00+00:00,43.625,43.96,43.55,43.855,41260.0,,48.09215844008361,50.049334409369344,48.0518517739427,46.97664146845279,46.64928391478408,46.632236141654914,46.52776468352552,,41.88890085224225,49.61972971699055,49.85980034947674,49.458930814660974,48.278383638219935,47.422241443595745,46.76932378418107,46.294303390982414,,48.09215844008361,47.50472565481085,"rgba(239, 83, 80, 1.0)",4.244700113559791,48.9717058787003,-1.2054340098973937,41.85232299887546,-13.531083849476971,False,False,False,True,True,0.0,0.0,0.0,0.0,0.0,0,0.867329699403908,0.9053265754996648,False,False,False,False,-0.19186100565155095,-0.20731628046168707,False,False,False,False,1464313.0,1390110.711286553,False,False,False,False,54535.72407450255,False,False,False,False
2025-03-21 17:00:00+00:00,44.33,44.41,44.11,44.19,34841.0,,48.03510083084389,49.99667378969608,48.03710288813269,46.9680034613813,46.642477101497114,46.625901716731335,46.522093141138996,,42.018454941649445,49.558328884218234,49.8056145008297,49.434529007188935,48.26184412743208,47.411394050046916,46.76171495177224,46.28942565125665,,48.03510083084389,47.49124393625437,"rgba(239, 83, 80, 1.0)",4.300774666235162,48.94255899745276,-1.105047198767352,44.13924406682756,-11.336988351058807,False,False,False,True,True,0.0,0.0,0.0,0.0,0.0,0,0.8693062368605468,0.9038988341721342,False,False,False,False,-0.17132905759816192,-0.1893226690299245,False,False,False,False,1499154.0,1391801.3049100172,False,False,False,False,54230.37951520793,False,False,False,False
2025-03-24 17:00:00+00:00,46.125,46.51,45.91,46.29,65782.0,,47.9862157450967,49.933439922649086,48.02405682656925,46.963676096737615,46.640326857260014,46.62396812838221,46.520765309131654,,42.416469196046286,49.48830227029987,49.74184196658614,49.4065633690997,48.24631690755456,47.40388978893635,46.75875352604003,46.28919056710516,,47.9862157450967,47.496251765166306,"rgba(239, 83, 80, 0.5)",4.319754797846047,48.92694216450268,-0.6104379271289964,48.78914476458122,-6.992436790866776,True,False,False,False,True,0.0,0.0,0.0,0.0,0.0,0,0.8733120394674427,0.8979159419373195,False,False,False,False,-0.09321991128540086,-0.14127129015766268,False,False,False,False,1564936.0,1394485.5637486214,False,False,False,False,54409.47440644502,False,False,False,False
2025-03-25 17:00:00+00:00,46.35,46.7,46.27,46.52,61431.0,,47.94934086873752,49.88029952264751,48.013790778244186,46.96110972798388,46.639619501546,46.623380292746596,46.52066106795397,,42.74688215629359,49.43054192033971,49.68857904941601,49.38299167952669,48.23387852486518,47.3985097879764,46.75738028796938,46.29005031697611,,47.94934086873752,47.50113436554818,"rgba(239, 83, 80, 0.5)",4.3371878401057025,48.81941817320022,-0.5301633818894449,52.196829216106565,-3.8896809703154887,True,False,True,False,True,0.0,0.0,0.0,0.0,0.0,0,0.8738128403191086,0.8994871470178544,False,False,False,False,-0.08231657265758242,-0.11179393140762256,False,False,False,False,1626367.0,1398080.6247757745,False,False,False,False,54518.3352683606,False,False,False,False
2025-03-26 17:00:00+00:00,45.88,46.32,45.74,46.13,55365.0,,47.90818007245991,49.82783935734997,48.00204681547902,46.956685233139204,46.63707346650256,46.6210592078149,46.51888511197453,,42.97246405549147,49.37295195808945,49.63573515593304,49.35893170630302,48.22006019548829,47.39141172785644,46.754118233987434,46.289206755195444,,47.90818007245991,47.49777660353765,"rgba(239, 83, 80, 0.5)",4.3329700017466575,48.78719547140027,-0.6132503733764891,53.6753426438436,-2.5107128017186753,True,False,True,False,True,0.0,0.0,0.0,0.0,0.0,0,0.8680341663226753,0.9060426126440794,False,False,False,False,-0.10036846729142278,-0.10608119934952268,False,False,False,False,1571002.0,1400761.5763296385,False,False,False,False,54531.46185334726,False,False,False,False
2025-03-27 17:00:00+00:00,45.09,45.595,44.96,45.075,49924.0,,47.85610598718482,49.771309877486495,47.986969522641935,46.94895738603491,46.63141081458195,46.61580550022897,46.5143177845875,,43.101771180721556,49.309724529429985,49.578317477992535,49.33199260957915,48.20287913539417,47.38100448237224,46.74760164700538,46.28559800435475,,47.85610598718482,47.48425106263976,"rgba(239, 83, 80, 0.5)",4.360383330946165,48.73720941040996,-0.8398824443756622,52.597477158141075,-2.5107128017186753,True,False,True,False,True,0.0,0.0,0.0,0.0,0.0,0,0.8671979173280844,0.9045336211822966,False,False,False,False,-0.13037301312490035,-0.11822710623721151,False,False,False,False,1521078.0,1402626.9472392565,False,False,False,False,54460.0283362411,False,False,False,False
2025-03-28 17:00:00+00:00,42.83,43.24,42.5,43.13,43248.0,,47.77553978995621,49.69980186786727,47.963547489996174,46.93371470495807,46.6188225166874,46.60404142746142,46.50359593286641,,43.094853268807846,49.22722209076885,49.50472567523083,49.29633355405763,48.177066331435434,47.36279440076218,46.73379278831289,46.27598282219193,,47.77553978995621,47.451455644090714,"rgba(239, 83, 80, 1.0)",4.424317855498953,48.64704316153863,-1.2469816459234586,48.77138811229281,-2.5107128017186753,True,False,False,False,False,0.0,0.0,0.0,0.0,0.0,0,0.8629062617643368,0.90974400803112,False,False,False,False,-0.2282432123890858,-0.17323515931314865,False,False,False,False,1477830.0,1403792.8860417486,False,False,False,False,54286.19843955519,False,False,False,False
2025-03-31 17:00:00+00:00,42.98,43.885,42.815,43.57,48791.0,,47.69627019332685,49.62636915927928,47.93982255028348,46.91865901914382,46.606520515261685,46.5925465600735,46.493158498127244,,43.111619075814104,49.14341896904313,49.429419872286196,49.259506304167566,48.15082452503966,47.34458640367712,46.7202442528133,46.266717470556024,,47.69627019332685,47.41997889125954,"rgba(239, 83, 80, 1.0)",4.474176505839456,48.57356638483873,-1.1183211878897357,47.102361093125836,3.278326051069257,True,False,False,True,False,0.0,0.0,0.0,0.0,0.0,0,0.861955910822457,0.9074189720851805,False,False,False,False,-0.20844268233245017,-0.1908389208227994,False,False,False,False,1526621.0,1405697.1978860626,False,False,False,False,54201.00156452333,False,False,False,False
2025-04-01 17:00:00+00:00,43.785,44.395,43.445,44.275,48603.0,,47.631085183038266,49.56199308814381,47.91961899759349,46.90640553257174,46.596709224813466,46.583384355130974,46.484900277309265,,43.15645709747223,49.07103117683347,49.36372965296461,49.22709501147412,48.128333686652525,47.32943370985186,46.709354830993405,46.2595308612935,,47.631085183038266,47.395270845742445,"rgba(239, 83, 80, 0.5)",4.514856419254861,48.522222104365774,-0.9407214117047699,47.3938850544994,3.278326051069257,True,False,False,True,False,0.0,0.0,0.0,0.0,0.0,0,0.8645084309354099,0.9139008383835207,False,False,False,False,-0.18513577033483472,-0.18798734557881708,False,False,False,False,1575224.0,1408325.5203994568,False,False,False,False,54114.210842592736,False,False,False,False
2025-04-02 17:00:00+00:00,45.95,46.39,45.54,46.31,48024.0,,47.60424645188519,49.52280331473283,47.91025407976902,46.9029462597783,46.59476608237966,46.58160648004365,46.48355884719705,,43.289847268181916,49.02970397637927,49.32466450620472,49.207909310201586,48.117324477544095,47.323801225558775,46.70683997909735,46.258960583297515,,47.60424645188519,47.390615522816724,#000000,4.531702887774462,48.51613104705401,-0.48682164336185063,50.981218266257386,3.278326051069257,True,False,False,False,True,0.0,0.0,0.0,0.0,0.0,0,0.858513640639699,0.9149263091878325,False,False,False,False,-0.10295236697802343,-0.14546985627842024,False,False,False,False,1623248.0,1411657.651866132,False,False,False,False,54019.78896906417,False,False,False,False
2025-04-03 17:00:00+00:00,40.395,40.47,38.62,38.775,113072.0,,47.278716697253344,49.25859401210629,47.80813606394452,46.82863119836657,46.5306403854581,46.52145805941009,46.42786764340132,,42.90167853154604,48.72278177402903,49.05120293930989,49.06754126635307,48.00699238585225,47.239407661680346,46.63769459663762,46.20721418869197,,47.278716697253344,47.232570493602694,"rgba(255, 26, 202, 1.0)",4.705123967500736,48.20935285493718,-2.0051231211126863,44.6678517495162,0.9593100879485519,True,False,False,True,False,0.0,0.0,0.0,0.0,0.0,0,0.8452538101524062,0.9191167646705862,False,False,False,False,-0.34282825441539394,-0.2441490553469071,False,False,False,False,1510176.0,1413185.0681162693,False,False,False,False,54935.32712458255,False,False,False,False
2025-04-04 17:00:00+00:00,35.615,36.3,34.96,35.81,133260.0,,46.76765501688358,48.85796164228139,47.64131201371565,46.701971392304095,46.419657173965405,46.41719447807572,46.33080294024701,,42.16179141212143,48.25616978189378,48.63549834626121,48.84810260606502,47.8282240266228,47.098199435720296,46.51874321702368,46.115998273489815,,46.76765501688358,46.97328545044473,"rgba(255, 26, 202, 1.0)",4.967088994681027,47.750452840654724,-2.4039136108576016,38.687889675979406,-4.433207648519911,False,False,False,True,False,0.0,0.0,0.0,0.0,0.0,0,0.8396256952005414,0.9309066297854804,False,False,False,False,-0.34282825441539394,-0.2934886548811505,False,False,False,False,1376916.0,1412622.756982684,False,False,False,False,56149.663138154916,False,False,False,False
2025-04-07 17:00:00+00:00,35.8,37.53,35.8,36.835,152162.0,,46.28603907977532,48.46213677565044,47.47232079981844,46.57404665130122,46.30759911051603,46.311785859948884,46.232633939467746,,41.59132039256253,47.80314408446778,48.2267687029507,48.6251476023373,47.647159482315594,46.95533049284025,46.39868421269514,46.023876470198275,,46.28603907977532,46.727866243789705,"rgba(255, 26, 202, 1.0)",5.174967286313478,47.35235849164839,-2.032352652636902,36.18094097285207,-6.58865321263081,False,True,False,True,False,0.0,0.0,0.0,0.0,0.0,0,0.8448114586378255,0.925168079508915,False,False,False,False,-0.3072954632487333,-0.30039205906494193,False,False,False,False,1529078.0,1414428.264626363,False,False,False,False,57638.22650035407,False,False,False,False
2025-04-08 17:00:00+00:00,36.3,37.01,34.745,35.295,148733.0,,45.81142884673803,48.06733501317751,47.29664465569393,46.439286718409505,46.18894471809457,46.2000262222708,46.12833029912208,,41.04204946826023,47.35505933727488,47.81978453036907,48.39666943568556,47.45950488619317,46.805644303381705,46.2718505561213,45.9257021092208,,45.81142884673803,46.480550740000886,"rgba(255, 26, 202, 1.0)",5.4143464513730315,46.96704867137133,-2.1557631703474383,33.54461655995325,-9.025599407849917,False,True,False,True,False,0.0,0.0,0.0,0.0,0.0,0,0.8396917818139683,0.929984647026447,False,False,False,False,-0.3342582207720571,-0.31732513991849953,False,False,False,False,1380345.0,1413899.8419189774,False,False,False,False,59050.548570116014,False,False,False,False
2025-04-09 17:00:00+00:00,34.325,41.485,34.02,39.55,183375.0,,45.42126423958102,47.710835482402715,47.13526764296548,46.31775700435124,46.08249519432098,46.09958025495618,46.03467339437956,38.35166666666667,40.76537753214574,46.9625544741115,47.45559888147114,48.182685650248885,47.28671480921582,46.66946162809346,46.157929481244814,45.838070503055384,38.35166666666667,45.42126423958102,45.779495802450654,"rgba(239, 83, 80, 1.0)",5.517632814339325,46.10839444009548,-1.1886246622014078,37.14380705885253,-9.025599407849917,False,True,False,True,True,0.0,1.0,41.485,34.02,0.0,0,0.8394605785910134,0.9118124335515634,True,False,False,False,-0.27075249531804924,-0.2940388176182744,False,False,False,False,1563720.0,1416222.6350675204,False,False,False,False,60978.05944499793,False,False,False,False
2025-04-10 17:00:00+00:00,36.64,37.53,35.99,36.595,53182.0,,45.29102567225544,47.59494797414639,47.080978125445306,46.27604647518153,46.04570073169033,46.06483891796888,46.00220033444471,37.981468250781,40.64778528305716,46.834483506483856,47.33699511538216,48.112210695241835,47.228811804306275,46.623126013525074,46.11866029786447,45.807526922317635,37.981468250781,45.29102567225544,45.69042538250575,"rgba(255, 0, 0, 1.0)",5.68450492111656,45.98550714217149,-1.651948106736267,37.341427835151634,-9.025599407849917,False,True,False,True,True,0.0,0.0,0.0,0.0,0.0,0,0.8416905444126075,0.9259422525898167,False,False,False,False,-0.30407259964787986,-0.2990557086330771,False,False,False,False,1510538.0,1417684.8887874037,False,False,False,False,60857.190306315795,False,False,False,False
2025-04-11 17:00:00+00:00,35.7,36.74,35.52,36.24,80046.0,,45.09033480835402,47.416652405565934,46.99613771850619,46.21045157013934,45.98770075730487,46.01005052810409,45.95094247934166,37.52263618790725,40.46061204014716,46.63770770529027,47.154540665016405,48.00282358131284,47.13844745192758,46.55044990395642,46.05682115004605,45.759241802005086,37.52263618790725,45.09033480835402,45.55909692218282,"rgba(255, 0, 0, 1.0)",5.856773296060009,45.80217441514835,-1.6326693781336987,37.22491966851584,-9.025599407849917,False,True,False,True,True,0.0,0.0,0.0,0.0,0.0,0,0.8363192405827321,0.9322066449010943,False,False,False,False,-0.32556357049830187,-0.31230963956568947,False,False,False,False,1430492.0,1417883.448651165,False,False,False,False,61154.69123179927,False,False,False,False
2025-04-14 17:00:00+00:00,36.89,37.1,36.43,36.575,112442.0,,44.83891935541623,47.18686552682449,46.88494333016073,46.12456622141808,45.9117441549097,45.938232580271354,45.88372357841177,37.307480540114284,40.25228291580923,46.386756819063265,46.920084792803664,47.85930065888773,47.02004568271451,46.455223157019205,45.97587075311976,45.69596366542846,37.307480540114284,44.83891935541623,45.41512523327328,"rgba(255, 0, 0, 1.0)",6.0102537384040735,45.595825184937944,-1.5009058814434142,37.57826522067195,-9.025599407849917,False,True,False,True,True,0.0,0.0,0.0,0.0,0.0,0,0.8398342071312894,0.932749581400455,False,False,False,False,-0.30390314544017616,-0.3081063925029328,False,False,False,False,1542934.0,1419822.2168891313,False,False,False,False,61949.84330572486,False,False,False,False
2025-04-15 17:00:00+00:00,37.02,37.15,36.525,36.98,108566.0,,44.61522433007218,46.97788103562924,46.78172999055699,46.044685879438255,45.84101227323968,45.871289699562965,45.82101989130435,37.2221641639277,40.08124615321514,46.1605629092072,46.70736555530803,47.726363151542266,46.91023328037264,46.36670586414801,45.90054813093139,45.63692850164314,37.2221641639277,44.61522433007218,45.291560050631205,"rgba(239, 83, 80, 1.0)",6.1445882964876875,45.41837031960341,-1.373301173721741,38.3724235757141,-9.025599407849917,False,False,False,True,True,0.0,0.0,0.0,0.0,0.0,0,0.8382922243114701,0.9347417321092795,False,False,False,False,-0.3014479560967699,-0.30477717429985135,False,False,False,False,1651500.0,1423414.1205032533,False,False,False,False,62672.57441726401,False,False,False,False
2025-04-16 17:00:00+00:00,35.72,35.88,34.63,35.265,69535.0,,44.44966142672402,46.82756260556773,46.70605247266965,45.98528752942149,45.78816590264919,45.82126381656062,45.774088626262724,36.997251248738635,39.92928761770897,45.99683218104966,46.554007184130576,47.63037411296459,46.82993086209537,46.30128730976702,45.844370556221484,45.592580319655674,36.997251248738635,44.44966142672402,45.18925023576171,"rgba(255, 0, 0, 1.0)",6.314276830476471,45.274862986256636,-1.585274649021256,37.376160231030426,-9.025599407849917,False,True,False,True,True,0.0,0.0,0.0,0.0,0.0,0,0.8278555515828269,0.9389972221458232,False,False,False,False,-0.34282825441539394,-0.32380271435762265,False,False,False,False,1581965.0,1425872.2736737453,False,False,False,False,62778.96861234519,False,False,False,False
2025-04-17 17:00:00+00:00,36.175,36.25,35.745,35.86,76421.0,,44.28755779137604,46.676381886571804,46.62898734333299,45.92492794728412,45.73447602761095,45.77039834982249,45.72635766696302,36.88035763136605,39.796161215677394,45.833725569435636,46.40019068858564,47.53238707189565,46.74815527598,46.234732053241736,45.78730908638915,45.54751629869321,36.88035763136605,44.28755779137604,45.09435136901412,"rgba(239, 83, 80, 1.0)",6.456578590096319,45.14098108221948,-1.437445692437708,37.633685955836505,-9.025599407849917,False,True,False,True,True,0.0,0.0,0.0,0.0,0.0,0,0.8342962473863763,0.9319907560250904,False,False,False,False,-0.3176961150667461,-0.3207494147121844,False,False,False,False,1658386.0,1429477.137647796,False,False,False,False,62990.47297494449,False,False,False,False
2025-04-18 17:00:00+00:00,35.86,35.86,35.86,35.86,0.0,,44.28755779137604,46.676381886571804,46.62898734333299,45.92492794728412,45.73447602761095,45.77039834982249,45.72635766696302,36.88035763136605,39.796161215677394,45.833725569435636,46.40019068858564,47.53238707189565,46.74815527598,46.234732053241736,45.78730908638915,45.54751629869321,36.88035763136605,44.28755779137604,45.09435136901412,"rgba(239, 83, 80, 1.0)",6.581081185988867,45.14098108221948,-1.4102517230722982,37.805369772373886,-9.025599407849917,False,True,False,True,True,0.0,0.0,0.0,0.0,0.0,0,0.8363717084269822,0.9310469213907152,False,False,False,False,-0.32232016434090444,-0.3215347895265444,False,False,False,False,1658386.0,1433026.1122579076,False,False,False,False,62013.87649471279,False,False,False,False
2025-04-21 17:00:00+00:00,34.51,34.84,34.35,34.775,75542.0,,44.109286739166144,46.51343927996958,46.54476615310557,45.85830704059073,45.67501808189822,45.71405826245918,45.67343069079153,36.658903312962956,39.63151862310322,45.65713512255427,46.234135269166046,47.426464062261026,46.6589554105053,46.16158779363867,45.724195947173264,45.497419070383536,36.658903312962956,44.109286739166144,44.98366380373308,"rgba(255, 0, 0, 1.0)",6.714224890028178,44.98664460660223,-1.5208970169837994,36.77683599709451,-9.025599407849917,False,True,False,True,True,0.0,0.0,0.0,0.0,0.0,0,0.8380678678014811,0.9287056482811977,False,False,False,False,-0.34282825441539394,-0.3321815219709692,False,False,False,False,1582844.0,1435348.8702073973,True,False,False,False,62223.61484363197,True,False,False,False
2025-04-22 17:00:00+00:00,36.05,36.13,35.46,35.67,41524.0,,44.025137507949744,46.433862976874686,46.503204144438904,45.82557851866243,45.64583658382398,45.68638337828953,45.64743130361756,36.61193686537194,39.56443109859289,45.57187759835318,46.15331205154553,47.37392268893622,46.61491732415757,46.12557431774352,45.693219852980974,45.47284705824385,36.61193686537194,44.025137507949744,44.93434207934891,"rgba(239, 83, 80, 1.0)",6.826840244925155,44.91751433782879,-1.3545819157996386,37.766459752651045,-9.025599407849917,False,True,False,True,True,0.0,0.0,0.0,0.0,0.0,1,0.8392270531400966,0.9293029675638367,False,False,False,False,-0.30358235395709643,-0.3178819379640328,False,False,False,False,1624368.0,1438279.3993514685,False,False,False,False,61902.69058249039,False,False,False,False
2025-04-23 17:00:00+00:00,36.92,37.25,36.5,36.64,43713.0,,43.94930907399559,46.359413559547086,46.4640086695549,45.794898204737414,45.61852206683906,45.66045795732987,45.62307884511547,36.62150059138473,39.51492985086148,45.493067520312316,46.07796577047277,47.32404049500182,46.573356775214904,46.0917171735454,45.66421911028451,45.44987561689587,36.62150059138473,43.94930907399559,44.892522580068324,"rgba(239, 83, 80, 1.0)",6.9035282871015164,44.858570259924086,-1.1904883876958368,40.14981060179737,-9.025599407849917,False,False,False,True,True,0.0,0.0,0.0,0.0,0.0,0,0.8432050965208557,0.9221242826152618,False,False,False,False,-0.2690238560189994,-0.2934528969915161,False,False,False,False,1668081.0,1441842.2148653993,False,False,False,False,61620.67987578511,False,False,False,False
2025-04-24 17:00:00+00:00,38.71,38.945,38.55,38.81,40325.0,,43.89965230834343,46.30569876337882,46.435448069973475,45.772941256393274,45.59907194077878,45.641965783630894,45.60572418192688,36.71935734301226,39.50281188010282,45.437811473659444,46.02406602813459,47.286980366837845,46.542997419071476,46.06728042006288,45.6435445088427,45.43359612996736,36.71935734301226,43.89965230834343,44.8699342421323,"rgba(239, 83, 80, 0.5)",6.935431858439894,44.82598882373941,-0.8674281496138418,44.99996754459974,-8.999687064051841,True,False,False,True,True,0.0,0.0,0.0,0.0,0.0,0,0.8420823350032673,0.9189446743628832,False,False,False,False,-0.21051363663710704,-0.2519832668143116,False,False,False,False,1708406.0,1445974.9867279513,False,False,False,False,61290.51429631557,False,False,False,False
2025-04-25 17:00:00+00:00,39.14,39.37,38.74,39.03,54495.0,,43.83759840090753,46.23694157222961,46.39857553646272,45.744656289729086,45.57402586578612,45.61813821357743,45.58335937241734,36.85439920099322,39.49302134757231,45.3676223670175,45.95522287929088,47.239024450130344,46.50379864764393,46.03576413006898,45.61692428114266,45.41263518971963,36.85439920099322,43.83759840090753,44.84198173404308,"rgba(239, 83, 80, 0.5)",6.9773284156487705,44.785823061022676,-0.8249322259381541,48.53322813165656,-5.822644249091454,True,False,False,False,True,0.0,0.0,0.0,0.0,0.0,0,0.8427021293954474,0.9181148187430307,False,False,False,False,-0.20104940647307568,-0.22651633664369364,False,False,False,False,1762901.0,1450888.5683290684,False,False,False,False,61185.15748551997,False,False,False,False
2025-04-28 17:00:00+00:00,38.7,39.21,38.555,39.11,21806.0,,43.81276035334435,46.20945857039235,46.3837479583457,45.733256291332424,45.56392241268621,45.608524332895435,45.57433247399956,36.90214084975074,39.48846822925453,45.33957991825822,45.92770719875058,47.21978581703282,46.48804354168784,46.023073722637335,45.606189966536675,45.4041703777997,36.90214084975074,43.81276035334435,44.83032262591903,"rgba(239, 83, 80, 0.5)",7.012682004832448,44.76922633707216,-0.8069988533876743,51.00798581867937,-3.6491068096827135,True,False,True,False,True,0.0,0.0,0.0,0.0,0.0,0,0.8406928054815379,0.9211485126978082,False,False,False,False,-0.20635412755120977,-0.2164352320974517,False,False,False,False,1784707.0,1456064.047889858,False,False,False,False,60574.62791210106,False,False,False,False
2025-04-29 17:00:00+00:00,38.855,39.29,38.825,39.125,36332.0,,43.772956704349006,46.164886580626046,46.35957651632222,45.714686630161275,45.547465743020936,45.59285962726533,45.55962243027721,36.98148072871127,39.48275394827429,45.29427867710413,45.883131577070806,47.188398369296614,46.46236065373227,46.002392820853274,45.58870760716748,45.390381245572165,36.98148072871127,43.772956704349006,44.81162124123777,"rgba(239, 83, 80, 0.5)",7.032522747791018,44.74268636237315,-0.7988152422454258,52.68273368981714,-2.148330978997251,True,False,True,False,True,0.0,0.0,0.0,0.0,0.0,0,0.8452179606088713,0.91758961209013,False,False,False,False,-0.20097260916811918,-0.20870392063278542,False,False,False,False,1821039.0,1461722.5742791626,False,False,False,False,60198.77321578941,False,False,False,False
2025-04-30 17:00:00+00:00,38.28,38.82,38.09,38.69,28784.0,,43.738276138432845,46.12727388100058,46.339110431564926,45.69884212792781,45.53339012261931,45.57946533329764,45.5470364032074,37.02501356933649,39.472346676095924,45.25573517061286,45.84542166701782,47.162038061714306,46.440642101633344,45.984808653706736,45.57376585553654,45.37855674403697,37.02501356933649,43.738276138432845,44.79385768360885,"rgba(239, 83, 80, 0.5)",7.026606630425432,44.71778460287602,-0.8578514381003662,52.81955945739874,-1.9432873073107046,True,False,True,False,True,0.0,0.0,0.0,0.0,0.0,0,0.840694478460827,0.9181429776580396,False,False,False,False,-0.21955079441251166,-0.21412735752264855,False,False,False,False,1792255.0,1466847.1080112685,False,False,False,False,59711.722468257794,False,False,False,False
2025-05-01 17:00:00+00:00,39.335,39.59,39.185,39.19,29735.0,,43.70828227007889,46.09279924565073,46.32020417612521,45.68434009999199,45.520539531300415,45.567223900422256,45.53553788990205,37.08969389913524,39.470659499932786,45.22099251759319,45.81102639684345,47.13744745157158,46.42055496221279,45.9686428684434,45.56011766675546,45.36778616179863,37.08969389913524,43.70828227007889,44.77974053360988,"rgba(239, 83, 80, 0.5)",7.002068534137369,44.69788154492382,-0.7866077742700031,53.90391908059496,-0.7331903172185719,True,False,True,False,True,0.0,0.0,0.0,0.0,0.0,0,0.8476763496773843,0.9121450545860441,False,False,False,False,-0.1908555117057096,-0.20249143461417907,False,False,False,False,1821990.0,1472353.199359931,False,False,False,False,59246.96708115302,False,False,False,False
2025-05-02 17:00:00+00:00,40.96,40.99,40.67,40.76,26864.0,,43.69058812248577,46.06871735587382,46.30681654184011,45.67433953605135,45.511745648902455,45.55882534989853,45.52765995005286,37.18192069822581,39.48403915997227,45.19776587651806,45.78730235971933,47.1195593680971,46.40628044564269,45.957353085718175,45.550761342917895,45.36047028265077,37.18192069822581,43.69058812248577,44.77400907028544,"rgba(239, 83, 80, 0.5)",6.9364911976542585,44.68948509654005,-0.5664946418253798,57.3101784203826,2.598399379316234,True,False,True,False,True,0.0,0.0,0.0,0.0,0.0,0,0.8480759349901296,0.9094080424024442,False,False,False,False,-0.1470535937793252,-0.17477251419675213,False,False,False,False,1848854.0,1478190.4210752808,False,False,False,False,58744.905576018864,False,False,False,False
2025-05-05 17:00:00+00:00,41.315,41.315,40.53,40.545,50846.0,,43.65756799382852,46.02364715370332,46.28160893123891,45.6554844509316,45.49515562114105,45.542976827510984,45.51278942208433,37.3440645206918,39.50845709461985,45.15436828529397,45.74292079452665,47.08592432111521,46.37941267537006,45.93607810930078,45.53311579229857,45.34665716609162,37.3440645206918,43.65756799382852,44.7625143224842,"rgba(239, 83, 80, 0.5)",6.866765061833284,44.67291945266078,-0.6011447043098206,58.99413123888979,4.254639505933554,True,False,True,False,True,0.0,0.0,0.0,0.0,0.0,0,0.8420703016883476,0.9125657348463876,False,False,False,False,-0.14426555424000792,-0.15951903421838004,False,False,False,False,1798008.0,1483148.833151633,False,False,False,False,58622.441923677485,False,False,False,False
2025-05-06 17:00:00+00:00,39.935,40.27,39.84,39.965,48864.0,,43.61816749628843,45.97476593423245,46.254222569500186,45.634645135984464,45.47672143283303,45.525385029550904,45.49626242976809,37.454857453404685,39.51752925377022,45.10621737928209,45.694467729372,47.050011009147845,46.35029800491887,45.912751944291784,45.51353833377424,45.33122302555244,37.454857453404685,43.61816749628843,44.74444151010448,"rgba(239, 83, 80, 0.5)",6.770700956432892,44.64770680066785,-0.6916132954031549,58.51778379548466,4.254639505933554,True,False,True,False,True,0.0,0.0,0.0,0.0,0.0,0,0.8503636312582485,0.9137112852048404,False,False,False,False,-0.17050659951222988,-0.16501281686530495,False,False,False,False,1749144.0,1487272.7892268014,False,False,False,False,58471.14825044217,False,False,False,False
2025-05-07 17:00:00+00:00,40.46,40.505,39.6,39.96,58043.0,,43.572419795893495,45.917695763882435,46.221984419432054,45.610076178217696,45.45497193271223,45.50462127708963,45.47674788414095,37.574964276117086,39.52783185281422,45.05014640257754,45.63793605001529,47.00780329698131,46.316040962659244,45.885266560257506,45.49044935348042,45.3129941017048,37.574964276117086,43.572419795893495,44.722621881748495,"rgba(239, 83, 80, 0.5)",6.660983750357175,44.61752713296613,-0.6992251156169514,58.18591497123133,4.254639505933554,True,False,True,False,True,0.0,0.0,0.0,0.0,0.0,0,0.8469645868465429,0.9118605958403593,False,False,False,False,-0.17058254219386407,-0.16779767952958452,False,False,False,False,1691101.0,1490432.9165256107,False,False,False,False,58464.51029307097,False,False,False,False
2025-05-08 17:00:00+00:00,42.14,42.15,41.19,41.23,76538.0,,43.53861700583765,45.86283857857285,46.19015327644552,45.586623177410935,45.43440953755072,45.48491315202089,45.45825224124035,37.8044292109157,39.58019536473943,44.99959591258007,45.58456820114208,46.96471343492298,46.28207379431857,45.85859496021846,45.46857750351966,45.295914855964774,37.8044292109157,43.53861700583765,44.71215438796254,"rgba(239, 83, 80, 0.5)",6.525604214198112,44.60287603568159,-0.5168680056236085,60.45110889527607,6.163386798425243,True,False,True,False,True,0.0,0.0,0.0,0.0,0.0,0,0.8440925017519271,0.909067974772249,False,False,False,False,-0.12181289870891535,-0.14480528911924995,False,False,False,False,1767639.0,1494730.6852616477,False,False,False,False,58744.71943581405,False,False,False,False
2025-05-09 17:00:00+00:00,42.04,42.59,41.96,42.11,53034.0,,43.523714746512994,45.83159833821383,46.17160388289619,45.57328890405115,45.42280286868347,45.47375265512181,45.44778868182899,37.97535864892668,39.627336510996955,44.97226149048622,45.554599170085915,46.93902309686753,46.262223088184435,45.84324367029614,45.45621446604172,45.28633925963302,37.97535864892668,43.523714746512994,44.710071842426686,#000000,6.377027307396374,44.599925315707324,-0.3904523527473989,63.366724766395905,9.020801336382867,True,False,True,False,True,0.0,0.0,0.0,0.0,0.0,0,0.8494261582063587,0.8986166063361107,False,False,False,False,-0.10373061617163848,-0.12426795264544421,False,False,False,False,1820673.0,1499784.0544823974,False,False,False,False,58656.181149987475,False,False,False,False
2025-05-12 17:00:00+00:00,45.23,45.66,45.09,45.61,53275.0,,43.54537538809364,45.8283675063616,46.16824846970364,45.5728135252285,45.42291320956194,45.47368277823645,45.4478066210961,38.255266426705695,39.730007070633896,44.97696734023448,45.55370110723526,46.93098596199535,46.25827160804007,45.84159813102621,45.45620349350203,45.28685986139225,38.255266426705695,43.54537538809364,44.734316781190444,#000000,6.242170871514889,44.63274014770924,0.15655769000978814,68.90529685715542,14.142104302043151,True,False,True,False,True,2.1047824312784478,0.0,0.0,0.0,0.0,0,0.8547833785204448,0.8935151884025888,False,False,False,False,-0.011878494342931912,-0.06807322349418807,False,False,False,False,1873948.0,1505585.045885771,False,False,False,False,58572.751984871386,False,False,False,False
2025-05-13 17:00:00+00:00,46.315,46.595,45.97,45.98,49180.0,,43.57241379370271,45.83113135989903,46.168306086397536,45.5750328002613,45.42543623853183,45.47591229564711,45.44999193367356,38.52000605333318,39.83328412450778,44.9877485556713,45.55880032670214,46.927262544887995,46.25792770323861,45.842917864814495,45.45874505237029,45.28942760036584,38.52000605333318,43.57241379370271,44.76089652087529,#000000,6.071043327970065,44.66879107273533,0.2159775274908285,72.86441230343507,17.62878366583581,True,False,True,False,True,2.601565737995962,0.0,0.0,0.0,0.0,0,0.8593150647128625,0.8861660733504426,False,False,False,False,0.014903851697138681,-0.026584685898524692,False,False,False,False,1923128.0,1512058.5800580846,False,False,False,False,58427.12792309043,False,False,False,False
2025-05-14 17:00:00+00:00,46.835,47.065,46.54,46.93,123855.0,,43.654814075992554,45.85072008208253,46.175545448331604,45.586584546452414,45.43722531339066,45.4866847112888,45.46037575657338,39.16592343420271,40.10500138189165,45.028684550881586,45.584575973436195,46.92624582609321,46.264490901221066,45.852616805532335,45.47086883139528,45.30058876632189,39.16592343420271,43.654814075992554,44.83443415031799,#000000,5.912671738739588,44.76868505005716,0.3655394795185386,76.16692125622708,20.50810777606091,True,False,True,False,True,3.871575192245704,0.0,0.0,0.0,0.0,0,0.8623352269593512,0.8778886989134626,False,False,False,False,0.03025738424826681,0.0018363491748710596,False,False,False,False,2046983.0,1520351.9819176493,False,False,False,False,59441.513536685925,False,False,False,False
2025-05-15 17:00:00+00:00,46.51,47.005,46.38,47.005,55458.0,,43.68984125106275,45.85883344105201,46.178506593031784,45.591493120917484,45.44226175728519,45.49128378536357,45.464814777011675,39.42212326601202,40.21913317505033,45.045962731755374,45.59535568850477,46.92553266488334,46.267141604393714,45.85669050031495,45.476040437996126,45.30537982161981,39.42212326601202,43.68984125106275,44.86439966351593,#000000,5.748684477010017,44.809443476623194,0.3819232960440286,78.42091012728292,22.492211999974998,True,False,True,False,True,3.9719487370186464,0.0,0.0,0.0,0.0,0,0.859631232257531,0.8806052421244103,False,False,False,False,0.02700857581427378,0.01442246249457242,False,False,False,False,2102441.0,1529376.6178569105,False,False,False,False,59379.75363689235,False,False,False,False
2025-05-16 17:00:00+00:00,47.595,47.85,47.37,47.415,95265.0,,43.762283556616836,45.88331571531879,46.1896064617913,45.605011012928664,45.455559036762956,45.503595071310066,45.476617606447434,39.86505739310284,40.427658778593646,45.08722297622057,45.624692446855555,46.931334341839545,46.277982317438585,45.869112956280155,45.489811549493915,45.317632696094975,39.86505739310284,43.762283556616836,44.922905869818486,#000000,5.585294137608448,44.888926295275105,0.4522722783238281,80.22546863498158,24.18073640782538,True,False,True,False,True,4.526698602323435,0.0,0.0,0.0,0.0,0,0.8611355633802816,0.88094190140845,False,False,False,False,0.05413060629409308,0.03427653439433275,False,False,False,False,2197706.0,1539738.31370409,False,False,False,False,59936.11404562269,False,False,False,False
2025-05-19 17:00:00+00:00,47.585,47.92,47.545,47.875,39290.0,47.78000000000001,43.79318118557899,45.89460592691958,46.19491666401808,45.61120060557901,45.461605668881134,45.5092092826073,45.481995147352904,40.039144613598985,40.512969964595605,45.10543511118147,45.63798559305374,46.934599815070555,46.28321930987694,45.874894224946885,45.496081242849186,45.32317622448431,40.039144613598985,43.79318118557899,45.11377768121145,"rgba(38, 166, 154, 0.5)",5.474590413738538,45.001906192952696,0.5248052529806153,81.76669968820529,25.735371820910075,True,False,True,False,True,5.151258066229545,0.0,0.0,0.0,0.0,0,0.8648507071765322,0.8785531140580622,False,False,False,False,0.057756959460587926,0.04601674692746034,False,False,False,False,2236996.0,1550548.5103908484,False,False,False,False,59616.01925421769,False,False,False,False
2025-05-20 17:00:00+00:00,47.495,47.51,46.66,46.69,67476.0,47.257547533859096,43.834374132816265,45.905319671309186,46.19924079065968,45.61772815847347,45.46824028793044,45.5153000983365,45.487870848328846,40.29081093667766,40.63880129745145,45.12665242777775,45.65177198037827,46.934722795420974,46.28720799867564,45.88046865390499,45.50290054587735,45.329454701489205,40.29081093667766,43.834374132816265,45.113436050550995,#000000,5.398046712127082,45.01295895439359,0.3106755341406774,78.4414765988934,25.735371820910075,True,False,True,False,False,3.3265531797079966,0.0,0.0,0.0,0.0,0,0.8530209140201394,0.8830087418391053,False,False,False,False,0.03860400610329566,0.042310376515378,False,False,False,False,2169520.0,1560144.9675940908,False,False,False,False,59737.87942081896,False,False,False,False
2025-05-21 17:00:00+00:00,45.345,45.365,43.795,43.85,35106.0,46.53478022442765,43.83775764890463,45.897104142629125,46.193732082612456,45.614494758849254,45.4656279010383,45.51271944427691,45.48548397063059,40.36600418829062,40.67601211330955,45.12196130219992,45.64463949918648,46.92587945911721,46.28118620629897,45.87632806611489,45.50006806554395,45.32746931973881,40.36600418829062,43.83775764890463,45.07419108195114,#000000,5.298364314995156,44.973093897626676,-0.2119699271052676,69.20693054723716,26.05276455129156,True,False,True,False,False,0.0,0.0,0.0,0.0,0.0,0,0.8425748535770977,0.89246811538672,False,False,False,False,-0.03535342181220695,0.0034784773515855252,False,False,False,False,2134414.0,1569048.3634453453,False,False,False,False,59355.989817395406,False,False,False,False
2025-05-22 17:00:00+00:00,44.08,44.55,44.035,44.425,45724.0,45.99901963083789,43.84209677295615,45.88653194079482,46.1866059069594,45.61030779367305,45.46224341550566,45.50937515396351,45.4823899698268,40.45984825091581,40.72336916805704,45.11593421804436,45.635464951201364,46.91445127822325,46.27339861762186,45.870968322410874,45.49639945126909,45.324895324125,40.45984825091581,43.84209677295615,45.04666471566976,#000000,5.194946218799178,44.94613417511471,-0.10031560542991945,64.07872641697125,21.63190954290178,True,False,True,False,False,0.012771352048414286,0.0,0.0,0.0,0.0,0,0.84042144542611,0.8986720079021011,False,False,False,False,-0.04385102452862558,-0.02018627358852003,False,False,False,False,2180138.0,1578522.621376425,False,False,False,False,59144.64113805594,False,False,False,False
2025-05-23 17:00:00+00:00,44.135,44.39,44.12,44.26,11823.0,45.89572035095285,43.843026994452465,45.88368161770431,46.18469285958921,45.609161895222016,45.461309612112785,45.50845472254262,45.481536981600385,40.48291047252865,40.7351490050694,45.114232351531506,45.632968729311756,46.91142145529074,46.27131233643569,45.86951655773932,45.495389431062826,45.324178229110984,40.48291047252865,43.843026994452465,45.0414508001328,#000000,5.088966798976068,44.94112893710175,-0.13384424854939142,60.30446652340663,18.385651751657136,True,False,True,False,False,0.0,0.0,0.0,0.0,0.0,0,0.8423125654161845,0.8967388310472092,False,False,False,False,-0.04495984803004774,-0.032573060809283884,False,False,False,False,2168315.0,1587666.6892620618,False,False,False,False,58410.972283202354,False,False,False,False
2025-05-26 17:00:00+00:00,44.26,44.26,44.26,44.26,0.0,45.89572035095285,43.843026994452465,45.88368161770431,46.18469285958921,45.609161895222016,45.461309612112785,45.50845472254262,45.481536981600385,40.48291047252865,40.7351490050694,45.114232351531506,45.632968729311756,46.91142145529074,46.27131233643569,45.86951655773932,45.495389431062826,45.324178229110984,40.48291047252865,43.843026994452465,45.0414508001328,#000000,5.001997269559863,44.94112893710175,-0.1361713932246284,57.78829326103022,16.13576975187314,True,False,True,False,False,0.0,0.0,0.0,0.0,0.0,0,0.8452502978086821,0.8956145940105821,False,False,False,False,-0.04481199857242683,-0.038692529690855355,False,False,False,False,2168315.0,1596668.9886533478,False,False,False,False,57505.37581369534,False,False,False,False
2025-05-27 17:00:00+00:00,46.095,46.375,45.9,46.125,70772.0,45.95795908573318,43.87338139037705,45.886267972046035,46.18438991194794,45.61180463609341,45.464411099325226,45.51119103021272,45.48424088349828,40.68114792551128,40.84077206597925,45.12617304239673,45.63833313488618,46.90614786332622,46.27046317470077,45.8709291475499,45.49848546293146,45.32741667310881,40.68114792551128,43.87338139037705,45.06667732350733,#000000,4.958885138800802,44.97636205422961,0.23163229508642377,59.58860512117503,16.13576975187314,True,False,True,False,False,2.4625543822962968,0.0,0.0,0.0,0.0,0,0.8457009857612267,0.8932639649507115,False,False,False,False,0.010624140637618164,-0.014034194526618596,False,False,False,False,2239087.0,1606628.9578215128,False,False,False,False,57711.05990960704,False,False,False,False
2025-05-28 17:00:00+00:00,45.755,46.06,45.685,45.735,23052.0,45.94763811355543,43.88177734443467,45.886067527910804,46.1837039385662,45.61215690590671,45.46495484427654,45.51164035795655,45.48470295179699,40.739284079829254,40.87234698225418,45.12883627596519,45.638988518948246,46.90377002534055,46.26957532648419,45.87085208563782,45.49900342481041,45.32806665915889,40.739284079829254,43.88177734443467,45.071962668401916,#000000,4.905535067380206,44.98433930188652,0.1530232049720862,59.74856360123899,16.13576975187314,True,False,True,False,False,1.87685702936448,0.0,0.0,0.0,0.0,0,0.8438211806031997,0.8968687395373082,False,False,False,False,0.0028034934488981823,-0.005615350538860206,False,False,False,False,2216035.0,1616077.1135142024,False,False,False,False,57173.71014356661,False,False,False,False
2025-05-29 17:00:00+00:00,45.695,45.98,45.485,45.9,105583.0,45.90546464289356,43.918587889440545,45.884584904691685,46.18026161184129,45.613470012140255,45.467162854979655,45.513433674674864,45.48656801873161,40.98771176599152,41.01091957935572,45.14012398347425,45.64133154028741,46.89262867563821,46.265205719194114,45.87019926686638,45.501079937798615,45.330795001352676,40.98771176599152,43.918587889440545,45.09467818113838,#000000,4.830108776496903,45.0185945300434,0.18248149487760554,60.1608998366393,16.13576975187314,True,False,True,False,False,2.114767880065468,0.0,0.0,0.0,0.0,0,0.8457568020207012,0.8953134008730742,False,False,False,False,-0.001327970057049531,-0.003471660297954869,False,False,False,False,2321618.0,1627015.731909331,False,False,False,False,57924.24176924775,False,False,False,False
2025-05-30 17:00:00+00:00,44.36,45.36,44.36,45.235,25656.0,45.84983109217038,43.92356766702552,45.88128103117089,46.17773820201642,45.612333835841305,45.46636420077132,45.51260275151364,45.48582049284323,41.03493863764991,41.0379550361011,45.139481496536725,45.63883894464967,46.888009878675824,46.26238735927561,45.86850085933686,45.50018148241413,45.33029763333013,41.03493863764991,43.92356766702552,45.09471356478369,#000000,4.730399209864247,45.0201717493554,0.04541440185357337,58.51857156792763,15.651654840466563,False,False,True,False,False,1.0965609341821612,0.0,0.0,0.0,0.0,0,0.8408401846439595,0.8948676627243174,False,False,False,False,-0.027082408733689212,-0.01527703451582204,False,False,False,False,2295962.0,1637386.9918797289,False,False,False,False,57423.95895111987,False,False,False,False
2025-06-02 17:00:00+00:00,44.94,45.3,44.89,45.09,23634.0,45.80993278898024,43.92857801471073,45.8786242236146,46.17563335387086,45.61147094756003,45.465795876866885,45.51199631795143,45.48528237883691,41.078632972706785,41.06321097833493,45.139306094663034,45.636937168694516,46.88401593507653,46.26002133222466,45.86713320043677,45.49953005768605,45.329984077192115,41.078632972706785,43.92857801471073,45.09565210114159,#000000,4.625952078289423,45.022654939286866,0.014558097354532026,57.00737637108179,13.721535813375787,False,False,True,False,False,0.8736610611627178,0.0,0.0,0.0,0.0,0,0.8445866491645472,0.894194218831186,False,False,False,False,-0.020143570521869245,-0.017710302518845644,False,False,False,False,2272328.0,1647231.0385172523,False,False,False,False,56900.08361854437,False,False,False,False
2025-06-03 17:00:00+00:00,45.69,45.745,45.21,45.275,29890.0,45.78492475338525,43.936559619968726,45.87663433812726,46.17375847146097,45.61104820528812,45.46568857532945,45.51181007943514,45.48515206862038,41.13681795832994,41.09717993640329,45.14060107849151,45.63594097494581,46.87987893061566,46.25785116386005,45.86611543972292,45.49934912755579,45.330117758692175,41.13681795832994,43.936559619968726,45.09937814589602,#000000,4.469242112826587,45.02880965947842,0.05508547854568465,56.482077321370106,12.71208903958675,False,False,True,False,False,1.1552671012053288,0.0,0.0,0.0,0.0,0,0.8424522624063031,0.8948131531432946,False,False,False,False,-0.00885335145492537,-0.013281826986885507,False,False,False,False,2302218.0,1657385.875129388,False,False,False,False,56481.322632210344,False,False,False,False
2025-06-04 17:00:00+00:00,45.32,45.41,45.04,45.105,41472.0,45.73703036830562,43.945823092882904,45.87258337970378,46.17041036406425,45.609811436510476,45.464941610147754,45.51098421143296,45.484432928108944,41.21089009685761,41.14102804496527,45.14089384013691,45.633211055642654,46.87330441695458,46.254064153999266,45.86401788549534,45.498470171186774,45.329782145545295,41.21089009685761,43.945823092882904,45.1024517177612,#000000,4.332518589033854,45.03468619139865,0.016229314925346475,55.55032016464358,11.314452586394708,False,False,True,False,False,0.8849483486480203,0.0,0.0,0.0,0.0,0,0.8431887866841875,0.8940538764783176,False,False,False,False,-0.016305940038491413,-0.01479388351268846,False,False,False,False,2260746.0,1666740.2956700176,False,False,False,False,56248.61995574196,False,False,False,False
2025-06-05 17:00:00+00:00,45.095,45.555,44.86,45.205,11995.0,45.725060404448264,43.948523202943086,45.8714571905725,46.16946740931561,45.60947323807655,45.46474296908847,45.51076194690909,45.48424057627618,41.231925410142324,41.153602461698405,45.14101904063499,45.63246550036312,46.87143664238348,46.2529959096727,45.863432895339756,45.498234373385294,45.32969984818037,41.231925410142324,43.948523202943086,45.10344347173118,#000000,4.205090487612433,45.036488167617534,0.0400732951832724,55.244135191537055,10.510158063990858,False,False,True,False,False,1.0425219008445517,0.0,0.0,0.0,0.0,0,0.8405594405594405,0.8972439325380498,False,False,False,False,-0.01682251368079391,-0.015808198596741187,False,False,False,False,2272741.0,1676135.6554270715,False,False,False,False,55562.51732076921,False,False,False,False
2025-06-06 17:00:00+00:00,46.075,46.38,46.065,46.26,37978.0,45.75906945168826,43.96392190668687,45.87339343225209,46.1696697928491,45.611130290697695,45.466614073346705,45.51243285747358,45.48588304949568,41.31394876212463,41.20287920207871,45.14757281634053,45.63578163815042,46.869186386030485,46.25293798487063,45.86447688987133,45.50011455901702,45.33161181132756,41.31394876212463,43.96392190668687,45.115330876723604,#000000,4.142186388983557,45.05288013796229,0.2914209426326468,57.988262093656274,10.510158063990858,False,False,True,False,True,2.697367218641812,0.0,0.0,0.0,0.0,0,0.8453425144137497,0.8892532174768418,False,False,False,False,0.013132879523846334,-0.0013376595364474261,False,False,False,False,2310719.0,1685974.1568933185,False,False,False,False,55289.88914525341,False,False,False,False
2025-06-09 17:00:00+00:00,47.05,47.32,46.61,46.61,29238.0,45.81218411952337,43.97879129867641,45.87736788414204,46.171275582784716,45.61364493583904,45.46919016959428,45.514798497589624,45.488171129955994,41.38291037759041,41.244702157944445,45.155373206970935,45.640890602578544,46.86912525315681,46.2544056247085,45.86659687853613,45.50275488595232,45.334071189379486,41.38291037759041,43.97879129867641,45.12801492911312,#000000,4.0920241835696025,45.06983657969192,0.3763817981555873,60.64343191348681,5.730562311926533,False,False,True,False,True,3.2409199511768847,0.0,0.0,0.0,0.0,0,0.8448104892022916,0.8932899955927714,False,False,False,False,0.03505794898474029,0.01686014472414643,False,False,False,False,2339957.0,1696113.4257786933,False,False,False,False,54885.98388718747,False,False,False,False
2025-06-10 17:00:00+00:00,46.77,46.87,46.41,46.785,29569.0,45.85342013419115,43.9928521719983,45.8807032534291,46.17251292424539,45.61585243076675,45.471487328526685,45.51689900229173,45.49020851568569,41.448955025948266,41.28519508104192,45.16245767272173,45.64534101291393,46.86863027143287,46.25548769005441,45.868386712254626,45.50510123953534,45.33629079730007,41.448955025948266,43.9928521719983,45.13939889790223,#000000,4.054802872314865,45.08520957810762,0.4192042068180672,62.83061404292929,7.958347370667667,True,False,True,False,True,3.51510626707417,0.0,0.0,0.0,0.0,0,0.8529926399111234,0.8943202333009298,False,False,False,False,0.025458213280657848,0.02115917900240214,False,False,False,False,2369526.0,1706553.93080538,False,False,False,False,54493.47250909153,False,False,False,False
2025-06-11 17:00:00+00:00,47.51,47.76,47.25,47.45,25283.0,45.916604191626845,44.00828641829747,45.88633113033814,46.175196420061745,45.61913245979244,45.47472880494678,45.51990902993946,45.49310222938059,41.512544275994834,41.324389446282346,45.171605767044746,45.65200627790301,46.87007371785606,46.25810722530297,45.871394988242386,45.508448806311,45.33930014018115,41.512544275994834,44.00828641829747,45.15300948997071,"rgba(38, 166, 154, 0.5)",4.011324910866743,45.10314623413778,0.5850570118377988,65.77299294414398,10.827364923402484,True,False,True,False,True,4.5587528871509235,0.0,0.0,0.0,0.0,0,0.859084227750506,0.8883989239260056,False,False,False,False,0.0510234388131164,0.03609130890775927,False,False,False,False,2394809.0,1717224.5520332034,False,False,False,False,54040.596966314915,False,False,False,False
2025-06-12 17:00:00+00:00,47.67,48.02,47.61,47.71,49626.0,46.04811332158648,44.040709586318556,45.89926762489888,46.18160290918812,45.6265432384752,45.48198422959996,45.5266677022278,45.4995899026575,41.639483805210865,41.40349235051988,45.191602867713804,45.667019124576036,46.87422600265423,46.26443655681618,45.878333702430396,45.51595615059514,45.34598605784103,41.639483805210865,44.040709586318556,45.181471478430005,"rgba(38, 166, 154, 0.5)",3.9944928508053037,45.19716633345442,0.6290745184433078,68.2669914928571,13.222837475046838,True,False,True,False,True,4.9666678278500065,0.0,0.0,0.0,0.0,0,0.8585987614895448,0.8895615228680119,False,False,False,False,0.06020004681660078,0.04814567786218003,False,False,False,False,2444435.0,1728499.1326218357,False,False,False,False,53972.15360249607,False,False,False,False
2025-06-13 17:00:00+00:00,46.8,46.83,45.915,46.185,40737.0,46.06245452370199,44.05661088899848,45.901558084554594,46.18202229361842,45.62846193190571,45.48411795540118,45.52858591366732,45.501472756674225,41.71586546466159,41.45235317755508,45.19859718078078,45.67072134847647,46.87212033419589,46.26459157761612,45.87961809184469,45.51810453223993,45.34814894690222,41.71586546466159,44.05661088899848,45.19208264722322,#000000,3.9255935765088408,45.17076461732066,0.25836484671990373,63.31070652969437,13.222837475046838,True,False,True,False,False,2.2879630175092487,0.0,0.0,0.0,0.0,0,0.8564382498822355,0.8876388927373986,False,False,False,False,0.017560488716465258,0.03285308328932264,False,False,False,False,2403698.0,1738967.3321160707,False,False,False,False,53766.95742261242,False,False,False,False
2025-06-16 17:00:00+00:00,47.015,47.13,46.79,47.05,33857.0,46.102831846801266,44.0735952749284,45.90657943135225,46.18420974576177,45.631631292419925,45.48733621631156,45.53155416163602,45.50434149034645,41.78659025419511,41.49780940236589,45.20786015029199,45.67700464052374,46.872484828096624,46.26663702890613,45.882357190899405,45.521406918400295,45.351204818050704,41.78659025419511,44.0735952749284,45.20502557007574,#000000,3.9038780176352996,45.18604769930268,0.4774617168561979,62.29720975487362,17.812017647418145,False,False,True,False,False,3.6709012487159107,0.0,0.0,0.0,0.0,0,0.8705452501405282,0.8832490163012922,False,False,False,False,0.03491021634610401,0.03388164981771333,False,False,False,False,2437555.0,1749798.1486724108,False,False,False,False,53458.27591218431,False,False,False,False
2025-06-17 17:00:00+00:00,45.99,46.19,45.71,46.095,27711.0,46.099236739452145,44.08267352801089,45.9069245802323,46.18379877973991,45.6323286126521,45.48822848052576,45.53232883874016,45.50511947751999,41.83231438158231,41.52784434896317,45.211191450159326,45.678252352390416,46.870278124099094,46.26601924613906,45.88259087640873,45.52228111518625,45.35218913385236,41.83231438158231,44.08267352801089,45.21021176856787,#000000,3.9153171295853886,45.18137308592689,0.2333468487570135,58.51152208340609,14.257096764039687,False,False,True,False,False,2.0205950551465612,0.0,0.0,0.0,0.0,0,0.8662562954672636,0.8684387241186342,False,False,False,False,0.005090585733407184,0.019486117775560256,False,False,False,False,2409844.0,1760031.4176852417,False,False,False,False,53059.09333990238,False,False,False,False
2025-06-18 17:00:00+00:00,47.685,47.88,46.95,47.11,42951.0,46.16069978654515,44.10612011141121,45.915077061012916,46.18765637352422,45.63726865638659,45.49315465884413,45.53689845387846,45.509522639860414,41.92301680788719,41.58707625548399,45.22483357742541,45.68803416173059,46.87200491737941,46.26974367756053,45.887045299281745,45.5273551688355,45.3568017982029,41.92301680788719,44.10612011141121,45.22837114148532,#000000,3.928700714779105,45.21146342393009,0.4832479524153968,58.54189403500602,14.20837366795125,False,True,True,False,False,3.643965759416222,0.0,0.0,0.0,0.0,0,0.8676532296416484,0.8687722046605304,False,False,False,False,0.04836093791225519,0.03392352784390772,False,False,False,False,2452795.0,1770771.9383412844,False,False,False,False,52902.378714477534,False,False,False,False
2025-06-19 17:00:00+00:00,47.11,47.11,47.11,47.11,0.0,46.16069978654515,44.10612011141121,45.915077061012916,46.18765637352422,45.63726865638659,45.49315465884413,45.53689845387846,45.509522639860414,41.92301680788719,41.58707625548399,45.22483357742541,45.68803416173059,46.87200491737941,46.26974367756053,45.887045299281745,45.5273551688355,45.3568017982029,41.92301680788719,44.10612011141121,45.22837114148532,#000000,3.9632938537497724,45.21146342393009,0.47902998014483705,58.5621420027393,13.95336641661951,False,True,True,False,False,3.643965759416222,0.0,0.0,0.0,0.0,0,0.8688974833249257,0.8696261420323967,False,False,False,False,0.03934288719893001,0.03663320752141887,False,False,False,False,2452795.0,1781345.9392972335,False,False,False,False,52082.186796423615,False,False,False,False
2025-06-20 17:00:00+00:00,47.02,47.15,46.725,46.87,27540.0,46.18441474696991,44.11913066767625,45.91877980954609,46.18924564204362,45.639671771029434,45.495611145196214,45.53916191267511,45.51171368765085,41.97542961681144,41.62182368299491,45.23183742673283,45.69272273079999,46.87211209595516,46.2712116463054,45.88909329245337,45.529871267119006,45.35914819366679,41.97542961681144,44.11913066767625,45.237704666801555,#000000,3.9946805000271115,45.223639208392136,0.4121382903079953,57.703370835068,12.78866004895852,False,True,True,False,False,3.2156107252820014,0.0,0.0,0.0,0.0,0,0.8660299213929508,0.8701715831290672,False,False,False,False,0.034245438228306474,0.03543932287486267,False,False,False,False,2425255.0,1791329.0255096795,False,False,False,False,51701.68777632402,False,False,False,False
2025-06-23 17:00:00+00:00,45.16,47.26,45.16,47.22,53601.0,46.20530310446618,44.1408196740485,45.923272735007515,46.19075921611416,45.642979743565945,45.49913354554909,45.54237232891424,45.51484439052523,42.06697189179791,41.68355251747835,45.24235697285264,45.69902690382891,46.87054074087287,46.27242594475363,45.89163325280823,45.533446973566356,45.362618412556856,42.06697189179791,44.1408196740485,45.251885785218036,"rgba(38, 166, 154, 0.5)",4.019092516682993,45.203133183209076,0.5018214456171485,58.132310182922005,12.78866004895852,False,True,True,False,False,3.7927668487188697,0.0,0.0,0.0,0.0,0,0.8576281569348148,0.8708824102692614,False,False,False,False,0.012763937724625649,0.02410163029974416,False,False,False,False,2478856.0,1801988.3584475138,False,False,False,False,51731.13447746628,False,False,False,False
2025-06-24 17:00:00+00:00,48.92,49.23,48.8,49.13,31330.0,46.29816328162454,44.16634099436425,45.93630966770343,46.197827177807554,45.65023443800581,45.506082068765174,45.548899419149805,45.52108977784599,42.14780188980131,41.73715286442779,45.26009581172763,45.71343873050813,46.87668362331381,46.27957306639079,45.89875540878639,45.54066723058742,45.36891163856679,42.14780188980131,44.16634099436425,45.27341335819863,"rgba(38, 166, 154, 0.5)",4.083157532159642,45.302043308691076,0.9374991440225586,62.45512113685908,12.78866004895852,False,False,True,False,True,6.844210119610647,0.0,0.0,0.0,0.0,0,0.8699405173606307,0.8708535067090879,False,False,False,False,0.09583219874159664,0.0599669145206704,False,False,False,False,2510186.0,1812968.1668436762,False,False,False,False,51414.83781890091,False,False,False,False
2025-06-25 17:00:00+00:00,48.865,49.23,48.69,49.15,14885.0,46.33973433021207,44.17829971186244,45.94240633548012,46.20113782565341,45.65364007636282,45.50934598732346,45.5519654935612,45.52402413043741,42.18538870611297,41.76224301755764,45.268399664638636,45.720181421969514,46.8795499723453,46.28291924626588,45.90209586717235,45.54405802340369,45.37186977529135,42.18538870611297,44.17829971186244,45.2833682109206,"rgba(38, 166, 154, 0.5)",4.147734009602594,45.334684503281316,0.9198553928206785,65.37039019723527,10.514921433507972,False,False,True,False,True,6.875403014961332,0.0,0.0,0.0,0.0,0,0.8737756010685663,0.8696571682991981,False,False,False,False,0.09419443015531064,0.07708067233799051,False,False,False,False,2525071.0,1824008.5208460998,False,False,False,False,50848.48374418927,False,False,False,False
2025-06-26 17:00:00+00:00,50.04,50.83,50.02,50.65,35582.0,46.48610201995133,44.21528968101139,45.963821637812636,46.213144895871245,45.6653087023447,45.52039217902479,45.56238141487818,45.53397032108977,42.29264285907634,41.83358161323695,45.29585010595,45.74334482204604,46.891069321632195,46.2951776040601,45.91381640816939,45.55556569720005,45.38177354643632,42.29264285907634,44.21528968101139,45.31548428410538,"rgba(38, 166, 154, 1.0)",4.234061076342406,45.44126133387513,1.2301992276938138,69.48638656418427,14.342230749946054,True,False,True,False,True,9.18077435161036,0.0,0.0,0.0,0.0,0,0.8763259668508288,0.8647237569060772,False,False,False,False,0.1380193273031619,0.10754999982057621,False,False,False,False,2560653.0,1835429.3654841448,False,False,False,False,50611.79407373672,False,False,False,False
2025-06-27 17:00:00+00:00,51.98,52.01,50.89,51.2,52582.0,46.727308410005676,44.27659629890123,46.00107904635443,46.23432877623759,45.685522439547135,45.539452177555916,45.580381375664665,45.551148364125616,42.46238044594996,41.94722818868128,45.34256056440784,45.78332930741817,46.91201458979505,46.31686967621971,45.93428015499406,45.57543757100677,45.39880559946502,42.46238044594996,44.27659629890123,45.3687484109606,"rgba(38, 166, 154, 1.0)",4.337678788277193,45.58934118844475,1.2934703295039633,72.86452945860431,17.40356587516662,True,False,True,False,True,10.00371933694505,0.0,0.0,0.0,0.0,0,0.8816896760354217,0.8578736043121937,False,False,False,False,0.1689881506244577,0.13826907522251697,False,False,False,False,2613235.0,1847488.3675696617,False,False,False,False,50642.33990205087,False,False,False,False
2025-06-30 17:00:00+00:00,51.35,51.52,51.11,51.455,37628.0,46.88561108180952,44.319795903359285,46.02740224781702,46.249366834100506,45.699887097765696,45.55300388009287,45.59318280689756,45.56336858039506,42.57993308972966,42.026862845993634,45.375520652227294,45.81156985823149,46.92686652359809,46.33226383648604,45.94881671366229,45.58956257528282,45.410924292494165,42.57993308972966,44.319795903359285,45.405525812937825,"rgba(38, 166, 154, 1.0)",4.4428938351743525,45.67451189746215,1.3010637474102509,75.40624981305706,19.706795765223944,True,False,True,False,True,10.385924530774847,0.0,0.0,0.0,0.0,0,0.8821479530238172,0.8588793765777627,False,False,False,False,0.16489217923779806,0.15158062723015753,False,False,False,False,2650863.0,1859943.7882274962,False,False,False,False,50440.567190391164,False,False,False,False
2025-07-01 17:00:00+00:00,52.625,53.13,52.59,52.88,37638.0,47.08321746492523,44.37160636607558,46.06083123008516,46.26872319923384,45.7179831295145,45.569992028386544,45.60925707336447,45.578700120784674,42.71407654292842,42.117809222281124,45.416328879313205,45.84711605168682,46.94663151539811,46.35214812410591,45.967300691519284,45.60728845464937,45.42605033817908,42.71407654292842,44.37160636607558,45.45029767249596,"rgba(0, 255, 255, 0.75)",4.578511440305536,45.78090966305335,1.550523664624263,78.4754307784776,22.544402898802687,True,False,True,False,True,12.482256146001063,0.0,0.0,0.0,0.0,0,0.8863276342382697,0.8589883651062432,False,False,False,False,0.21213315349534229,0.1818568903627499,False,False,False,False,2688501.0,1872789.636472031,False,False,False,False,50242.07777658665,False,False,False,False
2025-07-02 17:00:00+00:00,54.035,54.65,53.95,54.44,59195.0,47.44199453467556,44.46580908987501,46.12404079160924,46.305715293196315,45.75211350700723,45.60193798792811,45.63952084066581,45.607553230569046,42.9478579366564,42.27707231252815,45.49219027634907,45.91393763396532,46.98515718261769,46.39022676210718,46.00236560354491,45.64064089665014,45.454423278393456,42.9478579366564,44.46580908987501,45.5319151269611,"rgba(0, 255, 255, 0.75)",4.753550451177685,45.968584888731954,1.7821237406177657,81.58093414317449,25.428389789838135,True,False,True,False,True,14.668801356932512,0.0,0.0,0.0,0.0,0,0.8851739829423145,0.860377666966402,False,False,False,False,0.2570159566551451,0.2194364235089475,False,False,False,False,2747696.0,1886354.0762166507,False,False,False,False,50380.882772298486,False,False,False,False
2025-07-03 17:00:00+00:00,55.675,55.675,55.675,55.675,0.0,47.44199453467556,44.46580908987501,46.12404079160924,46.305715293196315,45.75211350700723,45.60193798792811,45.63952084066581,45.607553230569046,42.9478579366564,42.27707231252815,45.49219027634907,45.91393763396532,46.98515718261769,46.39022676210718,46.00236560354491,45.64064089665014,45.454423278393456,42.9478579366564,44.46580908987501,45.5319151269611,"rgba(0, 255, 255, 0.75)",4.95645158054328,45.968584888731954,1.9583395406041912,84.28357032838628,27.965093587518865,True,False,True,False,True,16.326529184949887,0.0,0.0,0.0,0.0,0,0.8840587624924907,0.8649718748293371,False,False,False,False,0.3008378128920678,0.26013711820050767,False,False,False,False,2747696.0,1899708.2145698809,False,False,False,False,49599.78381458843,False,False,False,False
2025-07-04 17:00:00+00:00,55.675,55.675,55.675,55.675,0.0,47.44199453467556,44.46580908987501,46.12404079160924,46.305715293196315,45.75211350700723,45.60193798792811,45.63952084066581,45.607553230569046,42.9478579366564,42.27707231252815,45.49219027634907,45.91393763396532,46.98515718261769,46.39022676210718,46.00236560354491,45.64064089665014,45.454423278393456,42.9478579366564,44.46580908987501,45.5319151269611,"rgba(0, 255, 255, 0.75)",5.146310400543137,45.968584888731954,1.8860920457195192,86.08532778519414,29.73321764026076,True,False,True,False,True,16.326529184949887,0.0,0.0,0.0,0.0,0,0.8886078037781503,0.8596804795556405,False,False,False,False,0.3008378128920678,0.28048746554628773,False,False,False,False,2747696.0,1912855.3120184098,False,False,False,False,48830.79491823822,False,False,False,False
2025-07-07 17:00:00+00:00,54.89,55.155,54.64,54.985,40737.0,47.68805457840014,44.533356057217375,46.170012294362685,46.332798545094256,45.777019560279626,45.62523711541246,45.66160559630793,45.628609913370546,43.111270641435816,42.38943828410416,45.54702343798409,45.96243719125666,47.01350830531129,46.418116771470075,46.02799220013756,45.66496528314967,45.47511119646396,43.111270641435816,44.533356057217375,45.58979746892697,"rgba(0, 255, 255, 0.75)",5.298180228978482,46.092474316663676,1.6784113221929506,84.32692108823518,29.73321764026076,True,False,True,False,True,14.889680311645922,0.0,0.0,0.0,0.0,0,0.88504261754193,0.8616442122628536,False,False,False,False,0.2759308314697901,0.2782091485080389,False,False,False,False,2706959.0,1925166.9971033956,False,False,False,False,48705.3097257074,False,False,False,False
2025-07-08 17:00:00+00:00,55.845,56.11,55.595,55.825,21615.0,47.82787255292327,44.571973284285896,46.19674337229469,46.34862535632169,45.79149832595334,45.63876607013017,45.67443629718279,45.6408416410444,43.202767231497916,42.45255295132088,45.578677981461176,45.99056952292987,47.030202428746115,46.434427643672656,46.0429245139664,45.67909238770113,45.48711258331415,43.202767231497916,44.571973284285896,45.622887302632144,"rgba(0, 255, 255, 0.75)",5.46557994334699,46.16247965019554,1.7678856498231668,83.91836081969366,29.73321764026076,True,False,True,False,True,16.041968820702014,0.0,0.0,0.0,0.0,0,0.8840278726601992,0.8572209318212866,False,False,False,False,0.3065741061976701,0.2923916273528545,False,False,False,False,2728574.0,1937622.9196289245,False,False,False,False,48285.30492375845,False,False,False,False
2025-07-09 17:00:00+00:00,56.19,56.905,56.16,56.89,27505.0,48.016264856267476,44.62423080633338,46.23337815838227,46.37039702129991,45.81133915836206,45.65728949535121,45.692010766865124,45.65759400901068,43.3246369800387,42.53681171647445,45.62182790419498,46.02905502071661,47.053294639419505,46.456877857935375,46.06342207014417,45.69843760390768,45.50353305831933,43.3246369800387,44.62423080633338,45.66767065429547,"rgba(0, 255, 255, 0.75)",5.658216438973509,46.25651462464588,1.8792998624285933,84.46565714631663,29.73321764026076,True,False,True,False,True,17.468759224918966,0.0,0.0,0.0,0.0,0,0.8898036732108928,0.8504557094473659,False,False,False,False,0.32873571438044563,0.31056367086665004,False,False,False,False,2756079.0,1950312.1611850653,False,False,False,False,47963.12965362266,False,False,False,False
2025-07-10 17:00:00+00:00,58.55,58.85,58.41,58.495,73360.0,48.5856761756759,44.78347646641687,46.34774613879288,46.438853160516224,45.87327974748793,45.7150252630591,45.74683091629158,45.709840440847216,43.684759370525285,42.786850708634375,45.75517500324725,46.14879269922781,47.12664366324877,46.527540589034125,46.127618757805784,45.75875080860314,45.554648033505664,43.684759370525285,44.78347646641687,45.804206349583524,"rgba(0, 255, 0, 1.0)",5.893154994804787,46.53956047931547,2.0286993183149016,85.78300383113074,30.39776874425867,True,False,True,False,True,19.53295823239377,0.0,0.0,0.0,0.0,0,0.8939911932828268,0.8481525038973822,False,False,False,False,0.3428282513338144,0.32669596110023225,False,False,False,False,2829439.0,1963942.034655064,False,False,False,False,48356.87958147347,False,False,False,False
2025-07-11 17:00:00+00:00,58.37,58.535,58.05,58.38,38272.0,48.85185068192116,44.863563818775575,46.40530945611407,46.47349541955365,45.904691891871,45.744329732135704,45.77466317477732,45.736376127412996,43.862768507037636,42.91210535328481,45.82225356502127,46.20905435800349,47.16366983998238,46.56328156207516,46.16014719769784,45.789351305186024,45.58062082444952,43.862768507037636,44.863563818775575,45.871619577370566,"rgba(0, 255, 255, 0.75)",6.108183487954693,46.669271934378834,1.9172194300833734,86.19849289002482,31.19028990535817,True,False,True,False,True,19.285620703938736,0.0,0.0,0.0,0.0,0,0.8876472531102059,0.8549763294065833,False,False,False,False,0.3324631226456778,0.329579541872955,False,False,False,False,2791167.0,1976767.2279162258,False,False,False,False,48200.524859280085,False,False,False,False
2025-07-14 17:00:00+00:00,58.56,59.075,58.54,58.995,49782.0,49.19587503865809,44.97051686497771,46.48276898693027,46.52032643602418,45.947108446461435,45.78389699197679,45.81225604271543,45.77222216474662,44.096473679271256,43.077729435699645,45.91222225646513,46.29006045227756,47.21381528422002,46.6116014064805,46.20409556312139,45.83066410974846,45.61569417833034,44.096473679271256,44.97051686497771,45.961019255182634,"rgba(0, 255, 255, 0.75)",6.328886562193778,46.836745066832194,1.9210732904894088,86.8486387556025,32.21704984917622,True,False,True,False,True,20.0,0.0,0.0,0.0,0.0,0,0.884922068179924,0.8555552468535546,False,False,False,False,0.34282825135640516,0.3362038966146801,False,False,False,False,2840949.0,1990165.3949252765,False,False,False,False,48225.04385370985,False,False,False,False
2025-07-15 17:00:00+00:00,58.49,58.665,57.64,57.64,41890.0,49.442620444521914,45.05358560024434,46.5425856959122,46.556645060268515,45.980147438713026,45.81475960514943,45.8415817523397,45.800198719099185,44.27607256096495,43.206765319662125,45.98184780121398,46.35266874508156,47.25248893523533,46.64904277876074,46.23826471130485,45.86287130220817,45.6430957507748,44.27607256096495,45.05358560024434,46.0291318953797,"rgba(0, 255, 255, 0.75)",6.4997230883496195,46.956082586943,1.643749628689153,82.10397095499812,36.783730075153954,True,False,True,False,False,17.15347020187934,0.0,0.0,0.0,0.0,0,0.8765551830197569,0.8611211172379392,False,False,False,False,0.3229208571665364,0.32956237689060824,False,False,False,False,2799059.0,2002706.3810504659,False,False,False,False,48126.8261195438,False,False,False,False
2025-07-16 17:00:00+00:00,58.375,58.45,58.065,58.2,97569.0,49.98265603047529,45.24677560019024,46.68259773976861,46.642231996406665,46.05803285321038,45.887545699283585,45.91077402233172,45.86622903662525,44.68440911044242,43.50389401532712,46.14434739517099,46.49908838694288,47.34362769519185,46.73725501962857,46.31880975251298,45.938804332289045,45.707768207839415,44.68440911044242,45.24677560019024,46.18557922903747,"rgba(0, 255, 255, 0.75)",6.6752507885539405,47.22015819272929,1.644858321442822,79.63216677302955,34.402744883362914,True,False,True,False,False,17.89226775031058,0.0,0.0,0.0,0.0,0,0.8755837224816545,0.8652712919724258,False,False,False,False,0.3260951472087681,0.32782876204968814,False,False,False,False,2896628.0,2016565.63095666,False,False,False,False,48893.37145102374,False,False,False,False
2025-07-17 17:00:00+00:00,59.235,60.185,59.08,60.115,92199.0,50.520642637914875,45.44543786325852,46.82925160827732,46.73265562615248,46.140008098500054,45.96410784350611,45.98361051066464,45.935745891851454,45.09073178093742,43.80258590521618,46.31323344981836,46.65206585957557,47.44046702380967,46.83049165166437,46.403735031714625,46.01867082853412,45.77578239263392,45.09073178093742,45.44543786325852,46.34583670611939,"rgba(0, 255, 255, 0.75)",6.852816069403953,47.48894387517584,1.8424624266797744,79.88783188400703,34.402744883362914,True,False,True,False,False,20.0,0.0,0.0,0.0,0.0,0,0.8767492370714541,0.8572567563852306,False,False,False,False,0.34282825145720064,0.3353285067534444,False,False,False,False,2988827.0,2031639.4506317505,False,False,False,False,49564.776544806315,False,False,False,False
2025-07-18 17:00:00+00:00,60.22,60.29,59.815,60.13,31458.0,50.69618409854636,45.513306842871,46.87962518490209,46.763891070477385,46.16833353305611,45.99057244534611,46.00879679780974,45.959790851460625,45.22700412726692,43.903779842185656,46.37110272206197,46.70457346627622,47.47391888293098,46.86269247351793,46.433078410215984,46.0462702064608,45.79930734228619,45.22700412726692,45.513306842871,46.40013107633365,"rgba(0, 255, 255, 0.75)",6.966279413996677,47.5778470657492,1.801844598571652,80.07123905063938,34.402744883362914,True,False,True,False,False,20.0,0.0,0.0,0.0,0.0,0,0.8801282760145969,0.8606380625898483,False,False,False,False,0.34282825150600515,0.33907837912972477,False,False,False,False,3020285.0,2046967.288606452,False,False,False,False,49284.05132705738,False,False,False,False
2025-07-21 17:00:00+00:00,60.61,60.74,59.755,59.755,36576.0,50.89245187449707,45.591457163576315,46.93773672834369,46.8000385455551,46.201134703581005,46.02122902707983,46.03797815170074,45.987655030977166,45.38241633184724,44.01990249778659,46.43780246963817,46.76513231288432,47.512606501019185,46.89994998193597,46.46705026118236,46.07823527589771,45.82657207077285,45.38241633184724,45.591457163576315,46.46231464283973,"rgba(0, 255, 255, 0.75)",7.071985906211756,47.6781107937447,1.707708324990783,78.77632450628262,33.0039047718024,True,False,True,False,False,19.525368254405166,0.0,0.0,0.0,0.0,0,0.8789701702585612,0.8583018295206818,False,False,False,False,0.3428282515281211,0.3409533153289229,False,False,False,False,2983709.0,2061490.4159148792,False,False,False,False,49087.0272754751,False,False,False,False
2025-07-22 17:00:00+00:00,59.49,60.03,59.415,59.74,25959.0,51.0216510451226,45.64506959273716,46.97756528692828,46.82489214094946,46.22372800954025,46.04235881422157,46.05809403934612,46.006868016732334,45.48814217942025,44.09951263736661,46.483527439664655,46.8066442283981,47.53914910109003,46.925556894124256,46.49043267356036,46.100260766273706,45.84537927244973,45.48814217942025,45.64506959273716,46.50463718458385,"rgba(0, 255, 255, 0.75)",7.132556383763656,47.744776706969496,1.6817565326698412,77.85278884441117,31.87619322440908,True,False,True,False,False,19.492117741993777,0.0,0.0,0.0,0.0,0,0.8742888704777686,0.865423916045291,False,False,False,False,0.3277443732284386,0.3343488442786807,False,False,False,False,2957750.0,2075385.9133425553,False,False,False,False,48728.45320918866,False,False,False,False
2025-07-23 17:00:00+00:00,60.71,61.045,60.59,60.965,28063.0,51.174851865016365,45.707219649390716,47.02416299672351,46.8540136906612,46.25011943503023,46.06702186712227,46.08157925324673,46.02929597677119,45.60969563814828,44.19087517949093,46.536823936392516,46.85514982037714,47.57038116040218,46.955575644732576,46.51778334623223,46.125973831380065,45.8673160560155,45.60969563814828,45.707219649390716,46.55399054983139,"rgba(0, 255, 255, 0.75)",7.2825823351657775,47.82405533627027,1.8044347539025247,78.66863496172869,31.87619322440908,True,False,True,False,False,20.0,0.0,0.0,0.0,0.0,0,0.876633919480448,0.8611409229753155,False,False,False,False,0.34282825159088204,0.3385885479347814,False,False,False,False,2985813.0,2089501.0619729033,False,False,False,False,48408.058585790386,False,False,False,False
2025-07-24 17:00:00+00:00,62.58,62.9,62.235,62.3,64407.0,51.564628548835096,45.862920653748574,47.14225047409859,46.92803049200396,46.316970995210255,46.12944701182054,46.14104409845243,46.086078478243714,45.91025058594094,44.416747839711974,46.67125374890976,46.97787938317594,47.65013264692109,47.03191037284702,46.587170254716305,46.19106562764759,45.92280517249721,45.91025058594094,45.862920653748574,46.67826978734006,"rgba(0, 255, 255, 0.75)",7.4061405208390845,48.026813961543915,1.927209725267134,80.39418912651115,31.87619322440908,True,False,True,False,True,20.0,0.0,0.0,0.0,0.0,0,0.8858511604856695,0.8547947468406705,False,False,False,False,0.34282825176758763,0.3407083998511845,False,False,False,False,3050220.0,2104395.9292291375,False,False,False,False,48656.104189111466,False,False,False,False
2025-07-25 17:00:00+00:00,63.305,63.745,63.235,63.47,45726.0,51.84944089746551,45.978298553845974,47.23042020307335,46.983523501475695,46.36702985385119,46.176185205269945,46.18558122767312,46.128611069556136,46.12976488023122,44.58248570610773,46.77130567198824,47.06942169698856,47.7100390636076,47.08914690273618,46.639159026031734,46.2397962912644,45.96435321249533,46.12976488023122,45.978298553845974,46.77026840962717,"rgba(0, 255, 255, 0.75)",7.537485340101997,49.13269422533696,1.9021338188724126,82.35599738703178,28.682003900124542,True,False,True,False,True,20.0,0.0,0.0,0.0,0.0,0,0.8810309732079001,0.8544589316168782,False,False,False,False,0.3428282518521213,0.3417683258516529,False,False,False,False,3095946.0,2119768.7985434146,False,False,False,False,48610.676217187254,False,False,False,False
2025-07-28 17:00:00+00:00,63.13,63.175,62.715,62.98,39813.0,52.07582908973627,46.074547329260255,47.303954503428265,47.03000579756821,46.40904442723109,46.21544283445076,46.22299820035855,46.164355902543356,46.31080829761629,44.720506306727856,46.85473976438006,47.14577231220258,47.760101473975524,47.13706802500952,46.68275787566828,46.28071319308135,45.99928601496944,46.31080829761629,46.074547329260255,46.84634890283574,"rgba(0, 255, 255, 0.75)",7.642414635405473,49.23445071457485,1.7985872189851253,81.75735801637902,28.682003900124542,True,False,True,False,True,20.0,0.0,0.0,0.0,0.0,0,0.8767609509134934,0.8556020250935503,False,False,False,False,0.3289216259522449,0.3353449759019489,False,False,False,False,3056133.0,2134286.072984602,False,False,False,False,48474.27813630063,False,False,False,False
2025-07-29 17:00:00+00:00,62.66,62.825,62.325,62.68,38649.0,52.28021585765749,46.16504663987517,47.37311758905024,47.073894496655505,46.448777362564925,46.25259186618422,46.25841267072942,46.19819735368312,46.47928718882184,44.85001291424111,46.9331896325895,47.2175821837443,47.807285249706375,47.18229864214871,46.72396289630039,46.319420918102054,46.032369916493316,46.47928718882184,46.16504663987517,46.91739196344398,"rgba(0, 255, 255, 0.75)",7.729940329361919,49.329289949973656,1.7271427050108161,80.18569563199341,28.682003900124542,True,False,True,False,False,20.0,0.0,0.0,0.0,0.0,0,0.8748036486896137,0.8559539228924958,False,False,False,False,0.31955023885169426,0.32744760737682155,False,False,False,False,3017484.0,2147979.06410112,False,False,False,False,48321.94824271457,False,False,False,False
2025-07-30 17:00:00+00:00,62.915,63.185,61.43,61.97,45894.0,52.50350160068463,46.268552691293934,47.452223383331024,47.12430677154746,46.494501036989924,46.295373010186005,46.299205248117296,46.2371905659968,46.66984771640886,44.99784480716331,47.02289740199334,47.29971606582797,47.861366056746654,47.234230216291344,46.771345018152786,46.36398212238184,46.07050565607054,46.66984771640886,46.268552691293934,46.99803466877552,"rgba(0, 255, 255, 0.75)",7.7474370362482485,49.4337797023794,1.6181119303024831,76.46323554514504,30.18091217176655,True,False,True,False,False,20.0,0.0,0.0,0.0,0.0,0,0.8693047540533113,0.8569661995053585,False,False,False,False,0.31280872042715246,0.320128163901987,False,False,False,False,2971590.0,2160748.225898002,False,False,False,False,48284.30563430039,False,False,False,False
2025-07-31 17:00:00+00:00,61.6,61.65,60.44,60.67,36253.0,52.65061059065218,46.34290466752445,47.50876416021822,47.160542924955855,46.52751430989908,46.32630812149464,46.328708344447044,46.265408005251615,46.80504451727253,45.10432526784329,47.08712541463691,47.35846261629017,47.90002496065161,47.27152471885692,46.805491728441915,46.39618510432675,46.09813121946349,46.80504451727253,46.34290466752445,47.05512215718981,"rgba(38, 166, 154, 1.0)",7.733544848769443,49.49339462176764,1.4452111672968153,69.91777767160362,24.268282618773767,False,True,True,False,False,17.81667937749622,0.0,0.0,0.0,0.0,0,0.8652462721534689,0.8566467296932279,False,False,False,False,0.2813487999006494,0.30073848190131824,False,False,False,False,2935337.0,2172757.354178653,False,False,False,False,48097.77376400116,False,False,False,False
2025-08-01 17:00:00+00:00,58.725,58.815,58.165,58.705,50247.0,52.790422260068596,46.42824639230537,47.572706518827395,47.2018985143849,46.56556513314548,46.36207478046173,46.36282617090732,46.29807373384396,46.95763311147693,45.227916191679725,47.16016001406738,47.42503837430436,47.9435925696376,47.314006621225516,46.844685371796416,46.433374519103076,46.130185684602225,46.95763311147693,46.42824639230537,47.11872976246106,"rgba(38, 166, 154, 1.0)",7.668565649266988,50.16440065173714,1.1137153594139506,61.178647257243995,16.634055173114433,False,True,True,False,False,13.693814738384312,0.0,0.0,0.0,0.0,0,0.8658045660086026,0.8592423072681148,False,False,False,False,0.2192398077495855,0.2599891448254519,False,False,False,False,2885090.0,2183801.2711681314,False,False,False,False,48131.09510099339,False,False,False,False
2025-08-04 17:00:00+00:00,60.22,60.445,60.015,60.415,59550.0,52.99496156008806,46.54206049991536,47.65931653022849,47.25792935627889,46.6168091294244,46.41016643365079,46.40871461282668,46.341992996035124,47.159629334348864,45.39010863469526,47.258474103337996,47.51502175946709,48.00310563251398,47.37162223463772,46.89760703117601,46.483401097379094,46.173219103902866,47.159629334348864,46.54206049991536,47.20494941470039,"rgba(38, 166, 154, 1.0)",7.594484723548844,50.31882131020228,1.329409309165066,58.813739267236414,14.99455956544098,False,True,True,False,False,16.020211271227446,0.0,0.0,0.0,0.0,0,0.8667013727155656,0.858728114639559,False,False,False,False,0.2613280559878141,0.260658600406633,False,False,False,False,2944640.0,2195597.2204523464,False,False,False,False,48308.13238624931,False,False,False,False
2025-08-05 17:00:00+00:00,59.87,60.32,59.74,60.08,58146.0,53.17784064665127,46.64945405913309,47.74113567317212,47.311158508619066,46.66558724411001,46.45598175489126,46.452444744038885,46.38386306757733,47.34747273353674,45.54259309063676,47.351282045569455,47.60001573830751,48.05951705861494,47.426330481588415,46.94794268582408,46.5310403938208,46.21426152391702,47.34747273353674,46.64945405913309,47.285760085294626,"rgba(38, 166, 154, 1.0)",7.520926386537253,50.420293557224724,1.284377209178183,56.5329532403064,13.158883253969627,False,True,True,False,False,15.334947352613042,0.0,0.0,0.0,0.0,0,0.8645919321996589,0.8627758516317205,False,False,False,False,0.2564467047729769,0.258552652589805,False,False,False,False,2886494.0,2206308.7984298295,False,False,False,False,48460.65746553226,False,False,False,False
2025-08-06 17:00:00+00:00,63.01,63.175,62.14,62.91,60975.0,53.43105032285462,46.78254158640501,47.844320865133874,47.3782152799481,46.726585121701575,46.51315836178962,46.507033859400856,46.43610302149417,47.579235496344864,45.72821024091275,47.46752449958162,47.7069476573464,48.13128092162541,47.49533865501848,47.011090398456574,46.590529322643306,46.265375537690126,47.579235496344864,46.78254158640501,47.387914185196905,"rgba(0, 255, 255, 0.75)",7.515108895532541,50.62322730861795,1.634942734986327,59.34657034066333,13.158883253969627,False,True,True,False,True,18.971143779969054,0.0,0.0,0.0,0.0,0,0.8680269155632732,0.8530497069676576,False,False,False,False,0.3216350543623221,0.29009385347606353,False,False,False,False,2947469.0,2217799.654268127,False,False,False,False,48654.67828002013,False,False,False,False
2025-08-07 17:00:00+00:00,61.66,61.745,61.15,61.56,47574.0,53.59405332331046,46.876803457642154,47.917139073023534,47.425884524329,46.770147177090145,46.55405780768022,46.54609476859054,46.47350714984916,47.740681675121884,45.85978029052072,47.54964492579343,47.78244878260587,48.1820130622114,47.544347555256316,47.05610196249776,46.63305366305649,46.302011738256425,47.740681675121884,46.876803457642154,47.45928064334326,"rgba(38, 166, 154, 1.0)",7.513472374150169,50.726902848079874,1.4418229830978029,58.47488205077029,13.158883253969627,False,True,True,False,True,16.263777560135157,0.0,0.0,0.0,0.0,0,0.8655925605536333,0.8538873269896192,False,False,False,False,0.2913170752127638,0.2907054643444137,False,False,False,False,2899895.0,2228374.775907381,False,False,False,False,48637.92357800432,False,False,False,False
2025-08-08 17:00:00+00:00,61.77,62.405,61.57,62.21,36975.0,53.72518511491465,46.952093373424624,47.97558211305524,47.464222182061725,46.80514674180401,46.586913033562965,46.57747935674851,46.50356168958811,47.86875039110591,45.96424847306637,47.61542204785942,47.843005567789184,48.2228748760823,47.58376712039715,47.092282972220424,46.667213461111224,46.331441039992185,47.86875039110591,46.952093373424624,47.516422914987295,"rgba(0, 255, 255, 0.75)",7.517173612277277,50.814706528287026,1.5159013293376429,58.82108033052495,13.158883253969627,False,True,True,False,True,17.083577222424854,0.0,0.0,0.0,0.0,0,0.8726720813848553,0.8461180846118082,False,False,False,False,0.30478006606330404,0.2977427652038589,False,False,False,False,2936870.0,2239359.1979863364,False,False,False,False,48457.1030574151,False,False,False,False
2025-08-11 17:00:00+00:00,62.235,62.65,62.115,62.39,46978.0,53.892286402231846,47.04870573570214,48.05083153989541,47.51371526073364,46.85032199519839,46.629324470617476,46.618000718767576,46.542370367721375,48.03183173542828,46.0976787722676,47.699990333216434,47.92094099433782,48.2756503752675,47.634654949763465,47.13898878291907,46.71130407713255,46.36943912824885,48.03183173542828,47.04870573570214,47.58976680232055,"rgba(0, 255, 255, 0.75)",7.5133670778717825,50.927919832462266,1.5255583879690402,59.316893054056166,13.158883253969627,False,True,True,False,True,17.311101133975882,0.0,0.0,0.0,0.0,0,0.8728195282501373,0.8466264399341744,False,False,False,False,0.3146960651897537,0.3062194151968063,False,False,False,False,2983848.0,2250901.66003306,False,False,False,False,48434.17122706758,False,False,False,False
2025-08-12 17:00:00+00:00,64.03,64.99,63.86,64.78,46396.0,54.09146880873035,47.15620336565488,48.13545585764186,47.569321499851156,46.90084429444421,46.67669490342706,46.66326706253723,46.5857088721159,48.21302013370965,46.24452750241643,47.79470228182957,48.00845908918879,48.335301716650164,47.691873858532105,47.19132736667547,46.760569255928246,46.411823953300484,48.21302013370965,47.15620336565488,47.67238646015491,"rgba(0, 255, 255, 0.75)",7.549517732941672,51.07889098277039,1.8148323511376099,62.648143409613326,13.158883253969627,False,True,True,False,True,20.0,0.0,0.0,0.0,0.0,0,0.8695355750088632,0.8453462052414845,False,False,False,False,0.3428282519324653,0.32452383356463577,False,False,False,False,3030244.0,2262984.487009291,False,False,False,False,48402.57167315955,False,False,False,False
