date,Open,High,Low,Close,Volume,aVWAP_peak_865,aVWAP_peak_806,aVWAP_peak_786,aVWAP_peak_762,aVWAP_peak_732,aVWAP_peak_712,aVWAP_peak_696,aVWAP_peak_658,aVWAP_peak_587,aVWAP_peak_528,aVWAP_peak_459,aVWAP_peak_442,aVWAP_peak_415,aVWAP_peak_401,aVWAP_peak_348,aVWAP_peak_295,aVWAP_peak_252,aVWAP_peak_203,aVWAP_peak_153,aVWAP_peak_116,aVWAP_peak_88,aVWAP_peak_72,aVWAP_peak_52,aVWAP_peak_21,aVWAP_valley_852,aVWAP_valley_823,aVWAP_valley_774,aVWAP_valley_742,aVWAP_valley_721,aVWAP_valley_706,aVWAP_valley_672,aVWAP_valley_618,aVWAP_valley_540,aVWAP_valley_492,aVWAP_valley_432,aVWAP_valley_403,aVWAP_valley_368,aVWAP_valley_334,aVWAP_valley_313,aVWAP_valley_270,aVWAP_valley_217,aVWAP_valley_185,aVWAP_valley_162,aVWAP_valley_138,aVWAP_valley_100,aVWAP_valley_83,aVWAP_valley_30,aVWAP_OB_bull_823,aVWAP_OB_bull_672,aVWAP_OB_bull_444,aVWAP_OB_bull_270,aVWAP_OB_bull_138,Peaks_Valleys_avg,color,StDev,StDev_Mean,StdDev_ZScore,QQEMOD,QQE1_Value,QQE1_Above_Upper,QQE1_Below_Lower,QQE2_Above_Threshold,QQE2_Below_Threshold,QQE2_Above_TL,banker_RSI,OB,OB_High,OB_Low,OB_Mitigated_Index,TTM_squeeze_Active,VI_plus,VI_minus,VI_Regular_Bullish,VI_Regular_Bearish,VI_Hidden_Bullish,VI_Hidden_Bearish,Fisher,Fisher_Signal,Fisher_Regular_Bullish,Fisher_Regular_Bearish,Fisher_Hidden_Bullish,Fisher_Hidden_Bearish,OBV,OBV_Smoothed,OBV_Regular_Bullish,OBV_Regular_Bearish,OBV_Hidden_Bullish,OBV_Hidden_Bearish,Volume_MA,Vol_Regular_Bullish,Vol_Regular_Bearish,Vol_Hidden_Bullish,Vol_Hidden_Bearish
2025-03-28 14:00:00+00:00,85.92,86.365,83.74,84.54,27412.0,,,,,,,,,,,,,,,,,,,,,,,,,,,,,,,,,,,,,,,,,,,,,,,,,,,,,,#000000,,,,,,False,False,False,False,False,,0.0,0.0,0.0,0.0,0,,,False,False,False,False,,,False,False,False,False,0.0,0.0,False,False,False,False,27412.0,False,False,False,False
2025-03-28 15:00:00+00:00,84.19,84.885,83.69,84.06,11185.0,,,,,,,,,,,,,,,,,,,,,,,,,,,,,,,,,,,,,,,,,,,,,,,,,,,,,,#000000,,,,0.0,,False,False,False,True,False,,0.0,0.0,0.0,0.0,0,,,False,False,False,False,,,False,False,False,False,-11185.0,-173.4108527131783,False,False,False,False,27160.418604651164,False,False,False,False
2025-03-28 16:00:00+00:00,83.96,84.29,82.97,83.68,7691.0,,,,,,,,,,,,,,,,,,,,,,,,,,,,,,,,,,,,,,,,,,,,,,,,,,,,,,#000000,,,,0.0,-50.0,False,False,False,True,True,,0.0,0.0,0.0,0.0,0,,,False,False,False,False,,,False,False,False,False,-18876.0,-463.3734751517337,False,False,False,False,26858.56715341626,False,False,False,False
2025-03-28 17:00:00+00:00,83.58,83.58,82.305,82.54,10513.0,,,,,,,,,,,,,,,,,,,,,,,,,,,,,,,,,,,,,,,,,,,,,,,,,,,,,,#000000,,,,0.0,-50.0,False,False,False,True,True,,0.0,0.0,0.0,0.0,0,,,False,False,False,False,,,False,False,False,False,-29389.0,-911.8328011183735,False,False,False,False,26605.14750762686,False,False,False,False
2025-03-28 18:00:00+00:00,82.56,83.76,82.43,82.76,33183.0,,,,,,,,,,,,,,,,,,,,,,,,,,,,,,,,,,,,,,,,,,,,,,,,,,,,,,#000000,,,,3.92010207224249,-46.47190813498176,False,False,False,True,True,,0.0,0.0,0.0,0.0,0,,,False,False,False,False,,,False,False,False,False,3794.0,-838.8741530390188,False,False,False,False,26707.12971681094,False,False,False,False
2025-03-28 19:00:00+00:00,82.76,82.96,81.45,82.66,32271.0,,,,,,,,,,,,,,,,,,,,,,,,,,,,,,,,,,,,,,,,,,,,,,,,,,,,,,#000000,,,,6.311129727114281,-44.555189369931696,False,False,False,True,True,,0.0,0.0,0.0,0.0,0,,,False,False,False,False,,,False,False,False,False,-28477.0,-1267.3722281857006,False,False,False,False,26793.391271589066,False,False,False,False
2025-03-31 14:00:00+00:00,76.745,78.275,76.25,76.74,23904.0,,,,,,,,,,,,,,,,,,,,,,,,,,,,,,,,,,,,,,,,,,,,,,,,,,,,,,#000000,,,,4.981329255037525,-43.750466675104754,False,False,False,True,False,,0.0,0.0,0.0,0.0,0,,,False,False,False,False,,,False,False,False,False,-52381.0,-2059.8315734851467,False,False,False,False,26748.59450768846,False,False,False,False
2025-03-31 15:00:00+00:00,76.74,78.7,76.55,78.02,14522.0,,,,,,,,,,,,,,,,,,,,,,,,,,,,,,,,,,,,,,,,,,,,,,,,,,,,,,#000000,,,,9.34692003499312,-42.564321332665365,False,False,False,True,True,,0.0,0.0,0.0,0.0,0,,,False,False,False,False,,,False,False,False,False,-37859.0,-2614.857440562896,False,False,False,False,26559.034902918098,False,False,False,False
2025-03-31 16:00:00+00:00,78.02,78.9,77.6,78.06,8194.0,,,,,,,,,,,,,,,,,,,,,,,,,,,,,,,,,,,,,,,,,,,,,,,,,,,,,,#000000,,,,12.411300746515444,-40.14147290818143,False,False,False,True,True,,0.0,0.0,0.0,0.0,0,,,False,False,False,False,,,False,False,False,False,-29665.0,-3034.2394957479673,False,False,False,False,26274.305679617042,False,False,False,False
2025-03-31 17:00:00+00:00,78.06,78.73,77.91,78.195,9924.0,,,,,,,,,,,,,,,,,,,,,,,,,,,,,,,,,,,,,,,,,,,,,,,,,,,,,,#000000,,,,15.023406440686164,-38.099047500944465,False,False,False,True,True,,0.0,0.0,0.0,0.0,0,,,False,False,False,False,,,False,False,False,False,-19741.0,-3293.2590384495493,False,False,False,False,26020.812568305148,False,False,False,False
2025-03-31 18:00:00+00:00,78.25,79.86,78.25,79.25,11681.0,,,,,,,,,,,,,,,,,,,,,,,,,,,,,,,,,,,,,,,,,,,,,,,,,,,,,,#000000,,,,20.90162732100743,-33.04834593462771,False,False,False,True,True,,0.0,0.0,0.0,0.0,0,,,False,False,False,False,,,False,False,False,False,-8060.0,-3367.161999093742,False,False,False,False,25798.489892827547,False,False,False,False
2025-03-31 19:00:00+00:00,79.19,79.32,78.23,78.83,57411.0,,,,,,,,,,,,,,,,,,,,,,,,,,,,,,,,,,,,,,,,,,,,,,,,,,,,,,#000000,,,,24.1111851248955,-30.53135734186593,False,False,False,True,True,,0.0,0.0,0.0,0.0,0,,,False,False,False,False,,,False,False,False,False,-65471.0,-4330.01220065818,False,False,False,False,26288.60632859766,False,False,False,False
2025-04-01 14:00:00+00:00,78.1,78.43,76.66,78.34,9828.0,,,,,,,,,,,,,,,,,,,,,,,,,,,,,,,,,,,,,,,,,,,,,,,,,,,,,,#000000,,,,25.449197732529882,-29.584688591445353,False,False,False,True,True,,0.0,0.0,0.0,0.0,0,,,False,False,False,False,,,False,False,False,False,-75299.0,-5430.306585144099,False,False,False,False,26033.40312970467,False,False,False,False
2025-04-01 15:00:00+00:00,78.42,80.045,78.32,79.75,28777.0,,,,,,,,,,,,,,,,,,,,,,,,,,,,,,,,,,,,,,,,,,,,,,,,,,,,,,#000000,,,,31.209517416367216,-24.449505491649578,False,False,False,True,True,,0.0,0.0,0.0,0.0,0,,,False,False,False,False,,,False,False,False,False,-46522.0,-6067.38710320388,False,False,False,False,26075.939515290647,False,False,False,False
2025-04-01 16:00:00+00:00,79.745,80.44,78.69,79.38,17511.0,,,,,,,,,,,,,,,,,,,,,,,,,,,,,,,,,,,,,,,,,,,,,,,,,,,,,,#000000,,,,34.24366408222527,-21.892499989843255,False,False,False,True,True,,0.0,0.0,0.0,0.0,0,,,False,False,False,False,,,False,False,False,False,-64033.0,-6966.078776022424,False,False,False,False,25943.14975536366,False,False,False,False
2025-04-01 17:00:00+00:00,79.285,79.655,78.87,78.985,5254.0,,,,,,,,,,,,,,,,,,,,,,,,,,,,,,,,,,,,,,,,,,,,,,,,,,,,,,#000000,,,,35.4112439915795,-20.90160185353482,False,False,False,True,True,,0.0,0.0,0.0,0.0,0,,,False,False,False,False,,,False,False,False,False,-69287.0,-7932.294608952308,False,False,False,False,25622.38774365259,False,False,False,False
2025-04-01 18:00:00+00:00,78.84,78.84,77.875,78.04,20061.0,,,,,,,,,,,,,,,,,,,,,,,,,,,,,,,,,,,,,,,,,,,,,,,,,,,,,,#000000,,,,34.34960452218017,-20.90160185353482,False,False,False,True,True,,0.0,0.0,0.0,0.0,0,,,False,False,False,False,,,False,False,False,False,-89348.0,-9194.553607263126,False,False,False,False,25536.164677859528,False,False,False,False
2025-04-01 19:00:00+00:00,78.05,79.47,78.05,78.995,35098.0,,,,,,,,,,,,,,,,,,,,,,,,,,,,,,,,,,,,,,,,,,,,,,,,,,,,,,#000000,,,,36.86244854361552,-19.395930186453224,False,False,False,True,True,,0.0,0.0,0.0,0.0,0,,,False,False,False,False,,,False,False,False,False,-54250.0,-9893.087659863699,False,False,False,False,25684.41018672992,False,False,False,False
2025-04-02 14:00:00+00:00,80.26,81.57,80.23,81.41,9725.0,,,,,,,,,,,,,,,,,,,,,,,,,,,,,,,,,,,,,,,,,,,,,,,,,,,,,,#000000,,,,44.126952475666855,-12.593977618128918,False,False,False,True,True,,0.0,0.0,0.0,0.0,0,,,False,False,False,False,,,False,False,False,False,-44525.0,-10430.016533354185,False,False,False,False,25436.977470656588,False,False,False,False
2025-04-02 15:00:00+00:00,81.35,82.555,81.215,82.26,11285.0,,,,,,,,,,,,,,,,,,,,,,,,,,,,,,,,,,,,,,,,,,,,,,,,,,,,,,#000000,,,,50.383059329659844,-6.990677118568698,False,False,True,False,True,,0.0,0.0,0.0,0.0,0,,,False,False,False,False,,,False,False,False,False,-33240.0,-10783.659687875825,False,False,False,False,25217.566967235554,False,False,False,False
2025-04-02 16:00:00+00:00,82.27,83.5,81.82,83.07,12118.0,,,,,,,,,,,,,,,,,,,,,,,,,,,,,,,,,,,,,,,,,,,,,,,,,,,,,,#000000,,,,55.7787378817464,-2.2574130305986273,False,False,True,False,True,,0.0,0.0,0.0,0.0,0,,,False,False,False,False,,,False,False,False,False,-21122.0,-10943.94403380023,False,False,False,False,25014.472905728027,False,False,False,False
2025-04-02 17:00:00+00:00,83.115,84.28,82.41,82.45,16698.0,,,,,,,,,,,,,,,,,,,,,,,,83.04666666666667,,,,,,,,,,,,,,,,,,,,,,,,,,,,,83.04666666666667,#000000,,83.04666666666667,,57.63212033457693,-0.6918680435919029,False,False,True,False,True,,0.0,0.0,0.0,0.0,0,,,False,False,False,False,,,False,False,False,False,-37820.0,-11360.627072035884,False,False,False,False,24885.535341298135,False,False,False,False
2025-04-02 18:00:00+00:00,82.41,82.6,81.41,81.81,7850.0,,,,,,,,,,,,,,,,,,,,,,,,82.69277497148444,,,,,,,,,,,,,,,,,,,,,,,,,,,,,82.69277497148444,#000000,,82.69277497148444,,57.15788408791461,-0.6918680435919029,False,False,True,False,True,,0.0,0.0,0.0,0.0,0,,,False,False,False,False,,,False,False,False,False,-45670.0,-11892.55533448494,False,False,False,False,24621.418514301262,False,False,False,False
2025-04-02 19:00:00+00:00,81.79,82.625,81.57,82.35,27530.0,,,,,,,,,,,,,,,,,,,,,,,,82.42258772098263,,,,,,,,,,,,,,,,,,,,,,,,,,,,,82.42258772098263,#000000,,82.42258772098263,,57.915194261522984,0.010546292853327088,False,False,True,False,True,,0.0,0.0,0.0,0.0,0,,,False,False,False,False,,,False,False,False,False,-18140.0,-11989.414941702227,False,False,False,False,24666.51280090124,False,False,False,False
2025-04-03 14:00:00+00:00,74.065,74.065,69.97,69.995,38504.0,,,,,,,,,,,,,,,,,,,,,,,,77.71309123225366,,,,,,,,,,,,,,,,,,,,,,,,,,,,,77.71309123225366,#000000,,77.71309123225366,,45.457874041759666,4.0885350082727,False,False,False,True,False,,0.0,0.0,0.0,0.0,0,,,False,False,False,False,,,False,False,False,False,-56644.0,-12681.73408989289,False,False,False,False,24881.047486158583,False,False,False,False
2025-04-03 15:00:00+00:00,70.08,72.09,69.575,71.77,45174.0,,,,,,,,,,,,,,,,,,,,,,,,75.52750125224668,,,,,,,,,,,,,,,,,,,,,,,,,,,,,75.52750125224668,#000000,,75.52750125224668,,39.68610352798616,-0.9866365741642085,False,False,False,True,False,,0.0,0.0,0.0,0.0,0,,,False,False,False,False,,,False,False,False,False,-11470.0,-12662.947514855792,False,False,False,False,25195.66690497783,False,False,False,False
2025-04-03 16:00:00+00:00,71.81,72.95,71.185,71.3,30520.0,,,,,,,,,,,,,,,,,,,,,,,,74.8454589156984,,,,,,,,,,,,,,,,,,,,,,,,,,,,,74.8454589156984,#000000,,74.8454589156984,,35.57839703010772,-4.610839502113372,False,False,False,True,False,,0.0,0.0,0.0,0.0,0,,,False,False,False,False,,,False,False,False,False,-41990.0,-13117.630499121593,False,False,False,False,25278.214704900653,False,False,False,False
2025-04-03 17:00:00+00:00,71.355,71.815,70.88,71.21,22628.0,,,,,,,,,,,,,,,,,,,,,,,,74.42096324058781,,,,,,,,,,,,,,,,,,,,,,,,,,,,,74.42096324058781,#000000,,74.42096324058781,,32.78581926066145,-7.207147748571437,False,False,False,True,False,,0.0,0.0,0.0,0.0,0,,,False,False,False,False,,,False,False,False,False,-64618.0,-13916.085840220483,False,False,False,False,25237.12610482467,False,False,False,False
2025-04-03 18:00:00+00:00,71.43,71.43,69.91,70.465,38832.0,,,,,,,,,,,,,,,,,,,,,,,,73.76972266132717,,,,,,,,,,,,,,,,,,,,,,,,,,,,,73.76972266132717,#000000,,73.76972266132717,,30.4494419364488,-9.584556165281057,False,False,False,True,False,,0.0,0.0,0.0,0.0,0,,,False,False,False,False,,,False,False,False,False,-103450.0,-15304.208540372103,False,False,False,False,25447.89934350956,False,False,False,False
2025-04-03 19:00:00+00:00,70.415,70.42,68.97,68.97,91698.0,,,,,,,,,,,,,,,,,,,,,,,,72.53064269927434,,,,,,,,,,,,,,,,,,,,,,,,,,,,,72.53064269927434,#000000,,72.53064269927434,,27.98371643707966,-12.228609089842138,False,False,False,True,False,,0.0,0.0,0.0,0.0,0,,,False,False,False,False,,,False,False,False,False,-195148.0,-18092.484376955483,False,False,False,False,26475.03268702104,False,False,False,False
2025-04-04 14:00:00+00:00,62.59,62.91,58.05,60.12,107075.0,,,,,,,,,,,,,,,,,,,,,,,,69.47520525944353,,,,,,,,,,,,,,,,,,,,,,,60.36,,,,,,64.91760262972176,#000000,,64.91760262972176,,23.165556300303965,-17.070589743986247,False,False,False,True,False,,0.0,0.0,0.0,0.0,0,,,False,False,False,False,,,False,False,False,False,-302223.0,-22497.60865018098,False,False,False,False,27724.644583346293,False,False,False,False
2025-04-04 15:00:00+00:00,59.92,64.4,59.895,63.23,45829.0,,,,,,,,,,,,,,,,,,,,,,,,68.7992385290477,,,,,,,,,,,,,,,,,,,,,,,61.003907081131516,,,,,,64.90157280508961,#000000,,64.90157280508961,,23.999964545240722,-17.070589743986247,False,False,False,True,False,,0.0,0.0,0.0,0.0,0,,,False,False,False,False,,,False,False,False,False,-256394.0,-26123.909291263444,False,False,False,False,28005.332264224646,False,False,False,False
2025-04-04 16:00:00+00:00,63.115,64.68,62.41,62.63,102877.0,,,,,,,,,,,,,,,,,,,,,,,,67.80497067763068,,,,,,,,,,,,,,,,,,,,,,,61.90328010420373,,,,,,64.8541253909172,#000000,,64.8541253909172,,24.303234090197208,-17.070589743986247,False,False,False,True,False,,0.0,0.0,0.0,0.0,0,,,False,False,False,False,,,False,False,False,False,-359271.0,-31288.980465042303,False,False,False,False,29166.133314391704,False,False,False,False
2025-04-04 17:00:00+00:00,62.635,64.33,61.365,64.32,32462.0,,,,,,,,,,,,,,,,,,,,,,,,67.56636368498395,,,,,,,,,,,,,,,,,,,,,,,62.06489616400052,,,,,,64.81562992449224,#000000,,64.81562992449224,,26.64975483099157,-17.070589743986247,False,False,False,True,True,,0.0,0.0,0.0,0.0,0,,,False,False,False,False,,,False,False,False,False,-326809.0,-35870.686194266455,False,False,False,False,29217.23202269571,False,False,False,False
2025-04-04 18:00:00+00:00,64.41,64.96,63.19,64.05,31738.0,,,,,,,,,,,,,,,,,,,,,,,,67.3926527398742,,,,,,,,,,,,,,,,,,,,,,,62.26344605356777,,,,,,64.82804939672098,#000000,,64.82804939672098,,28.055670501418277,-17.070589743986247,False,False,False,True,True,,0.0,0.0,0.0,0.0,0,,,False,False,False,False,,,False,False,False,False,-358547.0,-40873.41974164217,False,False,False,False,29256.313696762438,False,False,False,False
2025-04-04 19:00:00+00:00,64.03,66.78,63.935,66.175,98893.0,,,,,,,,,,,,,,,,,,,,,,,,67.15655341898864,,,,,,,,,,,,,,,,,,,,,,,63.058264112040064,,,,,,65.10740876551435,#000000,,65.10740876551435,,31.720782047923223,-17.070589743986247,False,False,False,True,True,,0.0,0.0,0.0,0.0,0,,,False,False,False,False,,,False,False,False,False,-259654.0,-44265.3667223919,False,False,False,False,30335.95224409945,False,False,False,False
2025-04-07 14:00:00+00:00,68.32,74.995,67.515,71.44,31308.0,,,,,,,,,,,,,,,,,,,,,,,,67.32578694006709,,,,,,,,,,,,,,,,,,,,,,,63.63259642026262,,,,,,65.47919168016486,#000000,,65.47919168016486,,39.20451711836115,-18.70794389320784,False,False,False,True,True,,0.0,0.0,0.0,0.0,0,,,False,False,False,False,,,False,False,False,False,-228346.0,-47119.330029021476,False,False,False,False,30351.02275194287,False,False,False,False
2025-04-07 15:00:00+00:00,71.23,71.78,68.13,68.36,24409.0,,,,,,,,,,,,,,,,,,,,,,,,67.39026729007273,,,,,,,,,,,,,,,,,,,,,,,63.93042359631768,,,,,,65.66034544319521,#000000,,65.66034544319521,,41.65918940624064,-16.354949293595126,False,False,False,True,True,,0.0,0.0,0.0,0.0,0,,,False,False,False,False,,,False,False,False,False,-252755.0,-50307.47995105215,False,False,False,False,30258.898368191818,False,False,False,False
2025-04-07 16:00:00+00:00,68.19,68.85,67.01,67.63,19718.0,,,,,,,,,,,,,,,,,,,,,,,,67.40092255785918,,,,,,,,,,,,,,,,,,,,,,,64.08597780942691,,,,,,65.74345018364303,#000000,,65.74345018364303,,42.735653855153494,-15.13063946207086,False,False,False,True,True,,0.0,0.0,0.0,0.0,0,,,False,False,False,False,,,False,False,False,False,-272473.0,-53751.90661847769,False,False,False,False,30095.473587289616,False,False,False,False
2025-04-07 17:00:00+00:00,67.58,71.33,67.55,70.39,20287.0,,,,,,,,,,,,,,,,,,,,,,,,67.45822383087739,,,,,,,,,,,,,,,,,,,,,,,64.3095342786704,,,,,,65.8838790547739,#000000,,65.8838790547739,,45.897107744206046,-11.87605818436328,False,False,False,True,True,,0.0,0.0,0.0,0.0,0,,,False,False,False,False,,,False,False,False,False,-252186.0,-56828.40419028424,False,False,False,False,29943.404229347143,False,False,False,False
2025-04-07 18:00:00+00:00,70.63,70.705,68.625,68.665,12327.0,,,,,,,,,,,,,,,,,,,,,,,,67.48551010586155,,,,,,,,,,,,,,,,,,,,,,,64.42702360053873,,,,,,65.95626685320013,#000000,,65.95626685320013,,46.51585444816356,-10.948657984919535,False,False,False,True,True,,0.0,0.0,0.0,0.0,0,,,False,False,False,False,,,False,False,False,False,-264513.0,-60048.32040438835,False,False,False,False,29670.281683155714,False,False,False,False
2025-04-07 19:00:00+00:00,69.575,71.01,68.94,70.43,63513.0,,,,,,,,,,,,,,,,,,,,,,,,67.66987465974992,,,,,,,,,,,,,,,,,,,,,,,65.04013226948673,,,,,,66.35500346461833,#000000,,66.35500346461833,,48.48937127356902,-8.676374107620106,True,False,False,False,True,,0.0,0.0,0.0,0.0,0,,,False,False,False,False,,,False,False,False,False,-201000.0,-62233.61776245985,False,False,False,False,30194.974990393606,False,False,False,False
2025-04-08 14:00:00+00:00,75.14,76.645,73.42,73.59,13480.0,,,,,,,,,,,,,,,,,,,,,,,,67.77034204075738,,,,,,,,,,,,,,,,,,,,,,,65.25243908645132,,,,,,66.51139056360435,#000000,,66.51139056360435,,52.22964717777776,-4.832285065372538,True,False,True,False,True,,0.0,0.0,0.0,0.0,0,,,False,False,False,False,,,False,False,False,False,-187520.0,-64176.042293274426,False,False,False,False,29935.828091317737,False,False,False,False
2025-04-08 15:00:00+00:00,73.64,74.275,72.46,73.24,12948.0,,,,,,,,,,,,,,,,,,,,,,,,67.84715701980922,,,,,,,,,,,,,,,,,,,,,,,65.42188246247689,,,,,,66.63451974114305,#000000,,66.63451974114305,,54.35098768919147,-2.5741609070293308,True,False,True,False,True,,0.0,0.0,0.0,0.0,0,,,False,False,False,False,,,False,False,False,False,-200468.0,-66289.09590113063,False,False,False,False,29672.450911607382,False,False,False,False
2025-04-08 16:00:00+00:00,73.21,73.37,71.01,71.27,7958.0,,,,,,,,,,,,,,,,,,,,,,,,67.88117310348042,,,,,,,,,,,,,,,,,,,,,,,65.50417826196902,,,,,,66.69267568272471,#000000,,66.69267568272471,,53.69744224377499,-2.5741609070293308,True,False,True,False,True,,0.0,0.0,0.0,0.0,0,,,False,False,False,False,,,False,False,False,False,-208426.0,-68492.76883289604,False,False,False,False,29335.79275793905,False,False,False,False
2025-04-08 17:00:00+00:00,71.27,71.58,70.38,71.3,9046.0,,,,,,,,,,,,,,,,,,,,,,,,67.91159042639863,,,,,,,,,,,,,,,,,,,,,,,65.58384656847589,,,,,,66.74771849743726,#000000,,66.74771849743726,,53.29047739458021,-2.5741609070293308,True,False,True,False,True,,0.0,0.0,0.0,0.0,0,,,False,False,False,False,,,False,False,False,False,-199380.0,-70522.02823083564,False,False,False,False,29021.222327583404,False,False,False,False
2025-04-08 18:00:00+00:00,71.305,71.525,69.93,69.99,5215.0,,,,,,,,,,,,,,,,,,,,,,,,67.92557343097027,,,,,,,,,,,,,,,,,,,,,,,65.62381341442871,,,,,,66.7746934226995,#000000,,66.7746934226995,,51.590482327064244,-2.5741609070293308,True,False,False,False,False,,0.0,0.0,0.0,0.0,0,,,False,False,False,False,,,False,False,False,False,-204595.0,-72600.67895593896,False,False,False,False,28652.133609326294,False,False,False,False
2025-04-08 19:00:00+00:00,70.09,70.09,67.53,68.83,46436.0,,,,,,,,,,,,,,,,,,,,,,,,67.96674829734988,,,,,,,,,,,,,,,,,,,,,,,65.84009237040355,,,,,,66.90342033387671,#000000,,66.90342033387671,,49.24850385447918,-2.5741609070293308,True,False,False,False,False,,0.0,0.0,0.0,0.0,0,,,False,False,False,False,,,False,False,False,False,-251031.0,-75367.04052251355,False,False,False,False,28927.852468096426,False,False,False,False
2025-04-09 14:00:00+00:00,71.46,71.74,69.605,69.75,33800.0,,,,,,,,,,,,,,,,,,,,,,,,68.04478504674996,,,,,,,,,,,,,,,,,,,,,,,66.0527127486785,,,,,,67.04874889771423,#000000,,67.04874889771423,,48.849676013499405,-2.5741609070293308,True,False,False,False,False,,0.0,0.0,0.0,0.0,1,,,False,False,False,False,,,False,False,False,False,-217231.0,-77566.48175472264,False,False,False,False,29003.38963913369,False,False,False,False
2025-04-09 15:00:00+00:00,69.49,71.35,69.48,70.07,11192.0,,,,,,,,,,,,,,,,,,,,,,,,68.06882474955036,,,,,,,,,,,,,,,,,,,,,,,66.1177845120288,,,,,,67.09330463078959,#000000,,67.09330463078959,,48.99981993464424,-2.5741609070293308,True,False,False,False,False,0.0,0.0,0.0,0.0,0.0,1,,,False,False,False,False,,,False,False,False,False,-206039.0,-79558.3037430215,False,False,False,False,28727.244063333168,False,False,False,False
2025-04-09 16:00:00+00:00,70.18,71.38,70.05,71.2,9466.0,,,,,,,,,,,,,,,,,,,,,,,,68.0939132483364,,,,,,,,,,,,,,,,,,,,,,,66.1786615102001,,,,,,67.13628737926825,#000000,,67.13628737926825,,50.572405298696324,-2.5741609070293308,True,False,False,False,False,0.0,0.0,0.0,0.0,0.0,1,,,False,False,False,False,,,False,False,False,False,-196573.0,-81372.485080339,False,False,False,False,28428.62012436676,False,False,False,False
2025-04-09 17:00:00+00:00,71.2,81.88,71.2,81.39,32612.0,,,,,,,,,,,,,,,,,,,,,,,,68.39442570501414,,,,,,,,,,,,,,,,,,,,,,,66.6842688954498,,,,,,67.53934730023198,#000000,,67.53934730023198,,58.85925672022471,3.796323180220881,True,False,True,False,True,5.096576267258811,0.0,0.0,0.0,0.0,0,,,False,False,False,False,,,False,False,False,False,-163961.0,-82652.92717211669,False,False,False,False,28493.478727089754,False,False,False,False
2025-04-09 18:00:00+00:00,82.13,85.295,80.48,80.95,34923.0,,,,,,,,,,,,,,,,,,,,,,,82.24166666666667,68.82353872028176,,,,,,,,,,,,,,,,,,,,,,,67.35708985955215,,,,,,72.80743174883354,#000000,,72.80743174883354,,63.82350579397903,8.177102964709789,True,False,True,False,True,4.5218741468603305,0.0,0.0,0.0,0.0,0,,,False,False,False,False,,,False,False,False,False,-198884.0,-84454.95930898309,False,False,False,False,28593.16122744495,False,False,False,False
2025-04-09 19:00:00+00:00,80.665,83.19,80.38,82.03,80194.0,,,,,,,,,,,,,,,,,,,,,,,81.98043027238954,69.69003357798874,,,,,,,,,,,,,,,,,,,,,,,68.66786279841901,,,,,,73.44610888293244,#000000,,73.44610888293244,,67.64018209964587,11.464547407850851,True,False,True,False,True,5.766081497493971,0.0,0.0,0.0,0.0,0,,,False,False,False,False,,,False,False,False,False,-118690.0,-84985.73513365001,False,False,False,False,29393.174231670608,False,False,False,False
2025-04-10 14:00:00+00:00,77.68,81.05,77.01,78.935,13532.0,,,,,,,,,,,,,,,,,,,,,,,81.66675713245601,69.79322256920778,,,,,,,,,,,,,,,,,,,,,,,68.82297379826417,,,,,,73.42765116664266,#000000,,73.42765116664266,,66.23381981939073,11.464547407850851,True,False,True,False,True,1.8013125750319432,0.0,0.0,0.0,0.0,0,,,False,False,False,False,,,False,False,False,False,-132222.0,-85718.08032537637,False,False,False,False,29147.26455366021,False,False,False,False
2025-04-10 15:00:00+00:00,78.79,79.405,76.895,77.2,15268.0,,,,,,,,,,,,,,,,,,,,,,,81.26007331772249,69.89254487542544,,,,,,,,,,,,,,,,,,,,,,,68.97307665561746,,,,,,73.37523161625514,#000000,,73.37523161625514,,63.3866012064519,11.464547407850851,True,False,True,False,False,0.0,0.0,0.0,0.0,0.0,0,,,False,False,False,False,,,False,False,False,False,-147490.0,-86675.78450637829,False,False,False,False,28932.08215747943,False,False,False,False
2025-04-10 16:00:00+00:00,77.45,77.9,75.52,77.75,11950.0,,,,,,,,,,,,,,,,,,,,,,,80.9378068374533,69.96114968466772,,,,,,,,,,,,,,,,,,,,,,,69.07711917419888,,,,,,73.32535856543996,#000000,,73.32535856543996,,61.92858962621107,11.464547407850851,True,False,True,False,False,0.3630387038459588,0.0,0.0,0.0,0.0,0,,,False,False,False,False,,,False,False,False,False,-135540.0,-87433.3692427135,False,False,False,False,28668.794062014633,False,False,False,False
2025-04-10 17:00:00+00:00,77.63,78.955,76.4,78.72,14571.0,,,,,,,,,,,,,,,,,,,,,,,80.68878661644312,70.05422056998196,,,,,,,,,,,,,,,,,,,,,,,69.21537563081439,,,,,,73.31946093907983,#000000,,73.31946093907983,,61.75326172706974,11.464547407850851,True,False,True,False,False,1.5211147018966678,0.0,0.0,0.0,0.0,0,,,False,False,False,False,,,False,False,False,False,-120969.0,-87953.30150251639,False,False,False,False,28450.223611440764,False,False,False,False
2025-04-10 18:00:00+00:00,78.61,79.45,77.7,78.53,11959.0,,,,,,,,,,,,,,,,,,,,,,,80.5492110798606,70.13403775442947,,,,,,,,,,,,,,,,,,,,,,,69.33239552726428,,,,,,73.33854812051811,#000000,,73.33854812051811,,61.37671390125347,17.334431476494643,True,False,True,False,False,1.284536126797807,0.0,0.0,0.0,0.0,0,,,False,False,False,False,,,False,False,False,False,-132928.0,-88650.58364976419,False,False,False,False,28194.54572599207,False,False,False,False
2025-04-10 19:00:00+00:00,78.59,79.005,75.7,76.58,38610.0,,,,,,,,,,,,,,,,,,,,,,,79.94575919918071,70.33872671987693,,,,,,,,,,,,,,,,,,,,,,,69.63404142629399,,,,,,73.30617578178389,#000000,,73.30617578178389,,58.54382871000282,14.306761129450024,True,False,True,False,False,0.0,0.0,0.0,0.0,0.0,0,,,False,False,False,False,,,False,False,False,False,-171538.0,-89935.65987224846,False,False,False,False,28356.025637216997,False,False,False,False
2025-04-11 14:00:00+00:00,76.27,78.38,75.265,77.305,31659.0,,,,,,,,,,,,,,,,,,,,,,,79.57456782207869,70.4951655698827,,,,,,,,,,,,,,,,,,,,,,,69.86098129245894,,,,,,73.31023822814012,#000000,,73.31023822814012,,57.45205629310419,12.96898615775524,True,False,True,False,False,0.0,0.0,0.0,0.0,0.0,0,,,False,False,False,False,,,False,False,False,False,-139879.0,-90709.97522306631,False,False,False,False,28407.234542066344,False,False,False,False
2025-04-11 15:00:00+00:00,77.3,79.035,77.09,78.695,30960.0,,,,,,,,,,,,,,,,,,,,,,,79.43252788296324,70.67021899845092,,,,,,,,,,,,,,,,,,,,,,,70.10756595484821,,,,,,73.40343761208747,#000000,,73.40343761208747,,58.19477054731333,12.96898615775524,True,False,True,False,False,1.4782636761784325,0.0,0.0,0.0,0.0,0,,,False,False,False,False,,,False,False,False,False,-108919.0,-90992.28568472421,False,False,False,False,28446.812301104073,False,False,False,False
2025-04-11 16:00:00+00:00,78.695,80.49,78.475,79.91,28028.0,,,,,,,,,,,,,,,,,,,,,,,79.44983749072155,70.8490240952869,,,,,,,,,,,,,,,,,,,,,,,70.35359442025451,,,,,,73.55081866875432,#000000,,73.55081866875432,,59.87814680303485,12.96898615775524,True,False,True,False,False,2.923873325845669,0.0,0.0,0.0,0.0,0,,,False,False,False,False,,,False,False,False,False,-80891.0,-90835.67660434089,False,False,False,False,28440.319087133466,False,False,False,False
2025-04-11 17:00:00+00:00,79.97,81.405,79.065,80.69,22071.0,,,,,,,,,,,,,,,,,,,,,,,79.51179496092092,70.99666961833368,,,,,,,,,,,,,,,,,,,,,,,70.55375453533085,,,,,,73.68740637152848,#000000,,73.68740637152848,,61.735741676004885,12.96898615775524,True,False,True,False,True,3.840433174383641,0.0,0.0,0.0,0.0,0,,,False,False,False,False,,,False,False,False,False,-58820.0,-90339.30952520382,False,False,False,False,28341.569953999617,False,False,False,False
2025-04-11 18:00:00+00:00,80.67,80.76,78.995,79.09,25362.0,,,,,,,,,,,,,,,,,,,,,,,79.51908424235167,71.14729782373495,,,,,,,,,,,,,,,,,,,,,,,70.75682618081501,,,,,,73.80773608230055,#000000,,73.80773608230055,,60.31995479832243,12.96898615775524,True,False,True,False,True,1.7963009045202867,0.0,0.0,0.0,0.0,1,,,False,False,False,False,,,False,False,False,False,-84182.0,-90243.84736202237,False,False,False,False,28295.375070991868,False,False,False,False
2025-04-11 19:00:00+00:00,79.2,79.52,78.51,79.135,56909.0,,,,,,,,,,,,,,,,,,,,,,,79.45559668442324,71.44571543196739,,,,,,,,,,,,,,,,,,,,,,,71.15413960297329,,,,,,74.01848390645463,#000000,,74.01848390645463,,59.430434333910824,12.96898615775524,True,False,True,False,False,1.8507306671576487,0.0,0.0,0.0,0.0,0,,,False,False,False,False,,,False,False,False,False,-27273.0,-89267.55515485922,False,False,False,False,28738.997162914475,False,False,False,False
2025-04-14 14:00:00+00:00,81.865,82.65,81.07,81.1,15116.0,,,,,,,,,,,,,,,,,,,,,,,79.53101925176443,71.54655543555454,,,,,,,,,,,,,,,,,,,,,,,71.28540176782552,,,,,,74.12099215171482,#000000,,74.12099215171482,,61.07501351457543,12.96898615775524,True,False,True,False,False,4.196483273749937,0.0,0.0,0.0,0.0,0,,,False,False,False,False,,,False,False,False,False,-12157.0,-88072.04267183815,False,False,False,False,28527.787904574714,False,False,False,False
2025-04-14 15:00:00+00:00,80.99,81.16,79.055,79.7,15693.0,,,,,,,,,,,,,,,,,,,,,,,79.5464959807224,71.6324748953966,,,,,,,,,,,,,,,,,,,,,,,71.39718971746076,,,,,,74.19205353119325,#000000,,74.19205353119325,,59.75282103525092,12.96898615775524,True,False,True,False,False,2.392183396345729,0.0,0.0,0.0,0.0,1,,,False,False,False,False,,,False,False,False,False,-27850.0,-87138.3675916546,False,False,False,False,28328.798944813865,False,False,False,False
2025-04-14 16:00:00+00:00,79.62,80.995,79.34,80.455,8344.0,,,,,,,,,,,,,,,,,,,,,,,79.55963737149813,71.67902168063193,,,,,,,,,,,,,,,,,,,,,,,71.45744614214651,,,,,,74.23203506475886,#000000,,74.23203506475886,,59.78658568872395,12.96898615775524,True,False,True,False,False,3.2912008280113447,0.0,0.0,0.0,0.0,1,,,False,False,False,False,,,False,False,False,False,-19506.0,-86089.8037530243,False,False,False,False,28018.957100708223,False,False,False,False
2025-04-14 17:00:00+00:00,80.58,81.43,80.52,80.525,4001.0,,,,,,,,,,,,,,,,,,,,,,,79.57066365022325,71.70261225322172,,,,,,,,,,,,,,,,,,,,,,,71.4878743278135,,,,,,74.25371674375282,#000000,,74.25371674375282,,59.89785419452234,12.96898615775524,True,False,True,False,False,3.375103107079397,0.0,0.0,0.0,0.0,1,,,False,False,False,False,,,False,False,False,False,-15505.0,-84995.46571034176,False,False,False,False,27646.585672790265,False,False,False,False
2025-04-14 18:00:00+00:00,80.525,81.08,80.525,80.86,14226.0,,,,,,,,,,,,,,,,,,,,,,,79.60825906890084,71.78548420349487,,,,,,,,,,,,,,,,,,,,,,,71.59444435972654,,,,,,74.3293958773741,#000000,,74.3293958773741,,60.43036718179208,12.96898615775524,True,False,True,False,False,3.782025525523835,0.0,0.0,0.0,0.0,1,,,False,False,False,False,,,False,False,False,False,-1279.0,-83697.53600940622,False,False,False,False,27438.51457708809,False,False,False,False
2025-04-14 19:00:00+00:00,80.86,81.725,80.855,80.93,21829.0,,,,,,,,,,,,,,,,,,,,,,,79.6771017558385,71.91454858197227,,,,,,,,,,,,,,,,,,,,,,,71.75931720505594,,,,,,74.45032251428891,#000000,,74.45032251428891,,60.88856731219779,12.96898615775524,True,False,True,False,False,3.868192057067173,0.0,0.0,0.0,0.0,0,,,False,False,False,False,,,False,False,False,False,20550.0,-82081.29514104333,False,False,False,False,27351.545358838666,False,False,False,False
2025-04-15 14:00:00+00:00,84.115,84.84,82.12,83.38,26298.0,,,,,,,,,,,,,,,,,,,,,,83.44666666666666,79.86719082152932,72.10250442612433,,,,,,,,,,,,,,,,,,,,,,,71.99682266536435,,,,,,76.85329614492116,#000000,,76.85329614492116,,64.25539013340016,11.137274859569686,True,False,True,False,True,6.814531576713403,0.0,0.0,0.0,0.0,0,,,False,False,False,False,,,False,False,False,False,46848.0,-80082.391340407,False,False,False,False,27335.21132226752,False,False,False,False
2025-04-15 15:00:00+00:00,83.305,83.91,83.035,83.21,10801.0,,,,,,,,,,,,,,,,,,,,,,83.42871303808727,79.93857081667619,72.17752764170434,,,,,,,,,,,,,,,,,,,,,,,72.09108610565517,,,,,,76.90897440053074,#000000,,76.90897440053074,,66.06396781880575,12.86459298249278,True,False,True,False,True,6.575291276712381,0.0,0.0,0.0,0.0,0,,,False,False,False,False,,,False,False,False,False,36047.0,-78281.93566071078,False,False,False,False,27078.866960681975,False,False,False,False
2025-04-15 16:00:00+00:00,83.265,83.91,82.64,82.82,8441.0,,,,,,,,,,,,,,,,,,,,,,83.3721098301859,79.98828478611298,72.23411470480397,,,,,,,,,,,,,,,,,,,,,,,72.16199205863349,,,,,,76.93912534493408,"rgba(38, 166, 154, 0.5)",6.113995904391739,76.93912534493408,0.9618708855924525,66.21536118102426,13.07681588195316,True,False,True,False,True,6.020679127042552,0.0,0.0,0.0,0.0,0,,,False,False,False,False,,,False,False,False,False,27606.0,-76640.26223961449,False,False,False,False,26789.907782996983,False,False,False,False
2025-04-15 17:00:00+00:00,82.74,83.465,82.25,83.14,8730.0,,,,,,,,,,,,,,,,,,,,,,83.30447635280387,80.03536668031605,72.29111399973279,,,,,,,,,,,,,,,,,,,,,,,72.23323963766758,,,,,,76.96604916763006,"rgba(38, 166, 154, 1.0)",6.0903403631274,76.96604916763006,1.013728373827634,66.76511871541311,13.73607037870076,True,False,True,False,True,6.411109700064575,0.0,0.0,0.0,0.0,0,,,False,False,False,False,,,False,False,False,False,36336.0,-74888.69228241117,False,False,False,False,26509.909212717957,False,False,False,False
2025-04-15 18:00:00+00:00,83.11,83.61,82.94,83.375,9295.0,,,,,,,,,,,,,,,,,,,,,,83.30504035239518,80.08981166669649,72.35314785479869,,,,,,,,,,,,,,,,,,,,,,,72.31056137876162,,,,,,77.014640313163,"rgba(38, 166, 154, 1.0)",6.078897879750282,77.014640313163,1.0463014534302855,67.47607668262812,14.567172538572365,True,False,True,False,True,6.700798920962637,0.0,0.0,0.0,0.0,0,,,False,False,False,False,,,False,False,False,False,45631.0,-73020.16992144355,False,False,False,False,26243.011395466514,False,False,False,False
2025-04-15 19:00:00+00:00,83.34,83.51,82.435,82.59,42169.0,,,,,,,,,,,,,,,,,,,,,,83.12156633627784,80.2831483228747,72.61448326168379,,,,,,,,,,,,,,,,,,,,,,,72.63398160916026,,,,,,77.16329488249914,"rgba(38, 166, 154, 0.5)",6.06203237780446,77.16329488249914,0.8951956669466514,65.47398006606312,14.567172538572365,True,False,True,False,False,5.5412932504855945,0.0,0.0,0.0,0.0,0,,,False,False,False,False,,,False,False,False,False,3462.0,-71834.39984514209,False,False,False,False,26489.925947474785,False,False,False,False
2025-04-16 14:00:00+00:00,78.5,80.57,78.41,80.435,30785.0,,,,,,,,,,,,,,,,,,,,,,82.37368146558356,80.25984733047976,72.74290121268764,,,,,,,,,,,,,,,,,,,,,,,72.79118288918971,,,,,,77.04190322448517,"rgba(38, 166, 154, 0.5)",6.036995740231031,77.04190322448517,0.5620505498956975,59.02093437484633,12.469924862412007,False,False,True,False,False,2.461756056457954,0.0,0.0,0.0,0.0,0,,,False,False,False,False,,,False,False,False,False,-27323.0,-71144.30062273679,False,False,False,False,26556.516242862774,False,False,False,False
2025-04-16 15:00:00+00:00,80.395,81.8,80.07,81.32,9002.0,,,,,,,,,,,,,,,,,,,,,,82.29262269134124,80.27113605763877,72.78612762917962,,,,,,,,,,,,,,,,,,,,,,,72.8438717082415,,,,,,77.04843952160027,"rgba(38, 166, 154, 0.5)",6.0179458783371125,77.04843952160027,0.7098037378129504,56.57734704871956,10.473936733181453,False,False,True,False,False,3.605688520492933,0.0,0.0,0.0,0.0,0,,,False,False,False,False,,,False,False,False,False,-18321.0,-70325.33472160909,False,False,False,False,26284.353200337766,False,False,False,False
2025-04-16 16:00:00+00:00,81.38,81.73,81.04,81.19,14368.0,,,,,,,,,,,,,,,,,,,,,,82.2052205384152,80.29414050757092,72.85630877802309,,,,,,,,,,,,,,,,,,,,,,,72.92917426580925,,,,,,77.07121102245462,"rgba(38, 166, 154, 0.5)",5.998753329943943,77.07121102245462,0.6866074917576028,54.658636010061194,8.877696697024028,False,True,True,False,False,3.4203200085642678,0.0,0.0,0.0,0.0,0,,,False,False,False,False,,,False,False,False,False,-32689.0,-69741.82565615779,False,False,False,False,26099.603538317024,False,False,False,False
2025-04-16 17:00:00+00:00,80.99,81.2,79.04,79.305,12864.0,,,,,,,,,,,,,,,,,,,,,,82.02971564410846,80.28555484276954,72.9074146728478,,,,,,,,,,,,,,,,,,,,,,,72.99096194940765,,,,,,77.05341177728337,#000000,6.009694249541569,77.05341177728337,0.3746593635588682,49.73373387183187,4.482903786739726,False,True,False,False,False,0.7763436946415467,0.0,0.0,0.0,0.0,0,,,False,False,False,False,,,False,False,False,False,-45553.0,-69366.80510334915,False,False,False,False,25894.400382684198,False,False,False,False
2025-04-16 18:00:00+00:00,79.31,80.29,78.385,78.45,32815.0,,,,,,,,,,,,,,,,,,,,,,81.55273076711032,80.22730746380543,73.01969486489261,,,,,,,,,,,,,,,,,,,,,,,73.12572440106369,,,,,,76.981364374218,#000000,6.01171255299352,76.981364374218,0.24429571654265064,45.1349476164181,0.4932992661558302,False,True,False,True,False,0.0,0.0,0.0,0.0,0.0,0,,,False,False,False,False,,,False,False,False,False,-78368.0,-69506.35851259955,False,False,False,False,26001.696500782116,False,False,False,False
2025-04-16 19:00:00+00:00,78.48,80.655,77.89,80.53,56100.0,,,,,,,,,,,,,,,,,,,,,,81.1537301402286,80.18760536223822,73.22213871142564,,,,,,,,,,,,,,,,,,,,,,79.69166666666668,73.36656030355772,,,,,,77.52434023682338,#000000,6.0290571118258365,77.52434023682338,0.4985289917524751,46.61972137908432,0.4932992661558302,False,True,False,True,False,2.3818446662875914,0.0,0.0,0.0,0.0,0,,,False,False,False,False,,,False,False,False,False,-22268.0,-68773.98086124142,False,False,False,False,26468.336865111076,False,False,False,False
2025-04-17 14:00:00+00:00,80.7,81.55,79.67,80.765,20732.0,,,,,,,,,,,,,,,,,,,,,,81.11760599032107,80.20024447716598,73.3046344237107,,,,,,,,,,,,,,,,,,,,,,79.95340708732475,73.46412366989766,,,,,,77.60800312968404,"rgba(38, 166, 154, 0.5)",6.047920534596402,77.60800312968404,0.5219970818493305,48.0527097284295,0.4932992661558302,False,True,False,True,True,2.6881363928348954,0.0,0.0,0.0,0.0,0,,,False,False,False,False,,,False,False,False,False,-1536.0,-67731.53154556325,False,False,False,False,26379.401409838036,False,False,False,False
2025-04-17 15:00:00+00:00,80.565,82.33,80.43,81.8,20836.0,,,,,,,,,,,,,,,,,,,,,,81.14525535116763,80.23468462499628,73.3951811662816,,,,,,,,,,,,,,,,,,,,,,80.28761614175917,73.57096583027271,,,,,,77.72674062289548,"rgba(38, 166, 154, 0.5)",6.072318412344739,77.72674062289548,0.6707914671970717,50.898740884876574,-5.0154360430759795,False,True,False,False,True,4.03334853536143,0.0,0.0,0.0,0.0,0,,,False,False,False,False,,,False,False,False,False,19300.0,-66382.20547508939,False,False,False,False,26293.457201933572,False,False,False,False
2025-04-17 16:00:00+00:00,82.195,84.685,81.785,84.47,28635.0,,,,,,,,,,,,,,,,,,,,,,81.36108593901446,80.35281416298702,73.5481442428626,,,,,,,,,,,,,,,,,,,,,,81.04916900891773,73.75132715183075,,,,,,78.0125081011225,"rgba(38, 166, 154, 1.0)",6.13923866072442,78.0125081011225,1.0518392028296746,56.43025642257006,0.09345226630601644,False,True,True,False,True,7.346318473688289,0.0,0.0,0.0,0.0,0,,,False,False,False,False,,,False,False,False,False,47935.0,-64609.8457002818,False,False,False,False,26329.76019105088,False,False,False,False
2025-04-17 17:00:00+00:00,84.57,85.105,84.14,84.95,25618.0,,,,,,,,,,,,,,,,,,,,,,81.60262494323835,80.48437066911849,73.6954661809405,,,,,,,,,,,,,,,,,,,,,,81.6701379664431,73.92440121812632,,,,,,78.27540019557335,"rgba(38, 166, 154, 1.0)",6.2155060747911595,78.27540019557335,1.0738626467597676,60.64172653453538,3.8814253540817845,False,False,True,False,True,7.9207723118929145,0.0,0.0,0.0,0.0,0,,,False,False,False,False,,,False,False,False,False,73553.0,-62467.786077021614,False,False,False,False,26318.72514932916,False,False,False,False
2025-04-17 18:00:00+00:00,85.015,86.08,84.89,84.98,44686.0,,,,,,,,,,,,,,,,,,,,,85.31666666666666,82.01529521974265,80.72500003343063,73.9565017604109,,,,,,,,,,,,,,,,,,,,,,82.49894254358526,74.229242070761,,,,,,79.79027471576619,"rgba(38, 166, 154, 0.5)",6.282409965369422,79.79027471576619,0.8260723691769846,63.48430342359518,6.439118505972438,True,False,True,False,True,7.957077657807378,0.0,0.0,0.0,0.0,0,,,False,False,False,False,,,False,False,False,False,118239.0,-59666.13047892826,False,False,False,False,26603.48910050235,False,False,False,False
2025-04-17 19:00:00+00:00,85.08,85.08,84.0,84.03,69547.0,,,,,,,,,,,,,,,,,,,,,84.74031984336109,82.3624544647059,80.98716957950289,74.30824782615737,,,,,,,,,,,,,,,,,,,,,,82.98785660432182,74.63467627872734,,,,,,80.00345409946273,"rgba(38, 166, 154, 0.5)",6.334104629658364,80.00345409946273,0.6356929883481334,62.89659489776591,6.439118505972438,True,False,True,False,True,6.5311988043498985,0.0,0.0,0.0,0.0,0,,,False,False,False,False,,,False,False,False,False,48692.0,-57986.15946375108,False,False,False,False,27269.279967161227,False,False,False,False
2025-04-18 14:00:00+00:00,84.03,84.03,84.03,84.03,0.0,,,,,,,,,,,,,,,,,,,,,84.74031984336109,82.3624544647059,80.98716957950289,74.30824782615737,,,,,,,,,,,,,,,,,,,,,,82.98785660432182,74.63467627872734,,,,,,80.00345409946273,"rgba(38, 166, 154, 0.5)",6.38692008703712,80.00345409946273,0.6304362424558186,62.50478921387973,6.439118505972438,True,False,True,False,True,6.5311988043498985,0.0,0.0,0.0,0.0,0,,,False,False,False,False,,,False,False,False,False,48692.0,-56332.23451082471,False,False,False,False,26846.500432786634,False,False,False,False
2025-04-18 15:00:00+00:00,84.03,84.03,84.03,84.03,0.0,,,,,,,,,,,,,,,,,,,,,84.74031984336109,82.3624544647059,80.98716957950289,74.30824782615737,,,,,,,,,,,,,,,,,,,,,,82.98785660432182,74.63467627872734,,,,,,80.00345409946273,"rgba(38, 166, 154, 0.5)",6.44220935187094,80.00345409946273,0.6250256209646287,62.24358542462228,6.439118505972438,True,False,True,False,True,6.5311988043498985,0.0,0.0,0.0,0.0,0,,,False,False,False,False,,,False,False,False,False,48692.0,-54703.95180523053,False,False,False,False,26430.27561987521,False,False,False,False
2025-04-18 16:00:00+00:00,84.03,84.03,84.03,84.03,0.0,,,,,,,,,,,,,,,,,,,,,84.74031984336109,82.3624544647059,80.98716957950289,74.30824782615737,,,,,,,,,,,,,,,,,,,,,,82.98785660432182,74.63467627872734,,,,,,80.00345409946273,"rgba(38, 166, 154, 0.5)",6.492554484849457,80.00345409946273,0.6201789927113158,62.06944956511731,6.439118505972438,True,False,True,False,True,6.5311988043498985,0.0,0.0,0.0,0.0,0,,,False,False,False,False,,,False,False,False,False,48692.0,-53100.91379274634,False,False,False,False,26020.503904838384,False,False,False,False
2025-04-18 17:00:00+00:00,84.03,84.03,84.03,84.03,0.0,,,,,,,,,,,,,,,,,,,,,84.74031984336109,82.3624544647059,80.98716957950289,74.30824782615737,,,,,,,,,,,,,,,,,,,,,,82.98785660432182,74.63467627872734,,,,,,80.00345409946273,"rgba(38, 166, 154, 0.5)",6.524876407652116,80.00345409946273,0.6171068460109219,61.953358992114005,6.672597360010137,True,False,True,False,True,6.531198804349909,0.0,0.0,0.0,0.0,0,,,False,False,False,False,,,False,False,False,False,48692.0,-51522.72908278128,False,False,False,False,25617.08523964709,False,False,False,False
2025-04-18 18:00:00+00:00,84.03,84.03,84.03,84.03,0.0,,,,,,,,,,,,,,,,,,,,,84.74031984336109,82.3624544647059,80.98716957950289,74.30824782615737,,,,,,,,,,,,,,,,,,,,,,82.98785660432182,74.63467627872734,,,,,,80.00345409946273,"rgba(38, 166, 154, 0.5)",6.548067594047596,80.00345409946273,0.6149212485524023,61.87596527677846,7.145389589990657,True,False,True,False,True,6.531198804349909,0.0,0.0,0.0,0.0,0,,,False,False,False,False,,,False,False,False,False,48692.0,-49969.012352815684,False,False,False,False,25219.9211274045,False,False,False,False
2025-04-18 19:00:00+00:00,84.03,84.03,84.03,84.03,0.0,,,,,,,,,,,,,,,,,,,,,84.74031984336109,82.3624544647059,80.98716957950289,74.30824782615737,,,,,,,,,,,,,,,,,,,,,,82.98785660432182,74.63467627872734,,,,,,80.00345409946273,"rgba(38, 166, 154, 0.5)",6.561376390296108,80.00345409946273,0.6136739703718717,61.82436946655477,7.6299762312184,True,False,True,False,True,6.531198804349909,0.0,0.0,0.0,0.0,0,,,False,False,False,False,,,False,False,False,False,48692.0,-48439.38425432242,False,False,False,False,24828.914598297455,False,False,False,False
2025-04-21 14:00:00+00:00,82.15,82.19,81.1,81.39,16469.0,,,,,,,,,,,,,,,,,,,,,84.33958620883129,82.33538386615075,80.99676280969211,74.36579240224104,,,,,,,,,,,,,,,,,,,,,,82.90465258194368,74.69962737817616,,,,,,79.94030087450584,#000000,6.55024376343052,79.94030087450584,0.2213198741683044,53.44446470527642,7.9659159183982595,False,True,False,False,False,2.2792328590242796,0.0,0.0,0.0,0.0,0,,,False,False,False,False,,,False,False,False,False,32223.0,-47188.804653480205,False,False,False,False,24699.30351925408,False,False,False,False
2025-04-21 15:00:00+00:00,81.335,81.43,79.68,79.73,29473.0,,,,,,,,,,,,,,,,,,,,,83.5926020706519,82.21836137919577,80.97590606485142,74.44860398617445,,,,,,,,,,,,,,,,,,,,,,82.65679171366077,74.79174397922924,,,,,,79.7806681989606,#000000,6.533202878133121,79.7806681989606,-0.007755491434405337,45.13139499253198,0.5126122341860935,False,True,False,True,False,0.0,0.0,0.0,0.0,0.0,0,,,False,False,False,False,,,False,False,False,False,2750.0,-46414.559620092914,False,False,False,False,24773.314317405177,False,False,False,False
2025-04-21 16:00:00+00:00,79.765,80.805,79.765,80.21,16836.0,,,,,,,,,,,,,,,,,,,,,83.27562917935421,82.15667574368568,80.96420077595037,74.49471765545192,,,,,,,,,,,,,,,,,,,,,,82.53411473090691,74.84282530023775,,,,,,79.71136056426447,#000000,6.513235026736988,79.71136056426447,0.07655787541653258,41.200979972048465,-2.6897597156545885,False,True,False,True,False,0.48891958424622217,0.0,0.0,0.0,0.0,0,,,False,False,False,False,,,False,False,False,False,19586.0,-45391.29512985892,False,False,False,False,24650.25518070122,False,False,False,False
2025-04-21 17:00:00+00:00,80.21,80.345,78.88,79.055,11461.0,,,,,,,,,,,,,,,,,,,,,83.04157340789791,82.09936645963111,80.94727582985485,74.52121557364742,,,,,,,,,,,,,,,,,,,,,,82.42948724954196,74.87179029600655,,,,,,79.6517848027633,#000000,6.469913130708864,79.6517848027633,-0.0922400024091065,36.86103888878059,-6.3741295378761365,False,True,False,True,False,0.0,0.0,0.0,0.0,0.0,0,,,False,False,False,False,,,False,False,False,False,8125.0,-44561.5851278456,False,False,False,False,24445.77060425624,False,False,False,False
2025-04-21 18:00:00+00:00,79.06,79.48,78.87,79.11,7961.0,,,,,,,,,,,,,,,,,,,,,82.88399153909987,82.05702589594442,80.93366301061103,74.53843822945615,,,,,,,,,,,,,,,,,,,,,79.15333333333335,82.35461668302935,74.89050087664599,,,,,,79.54450993830288,#000000,6.4470092004456365,79.54450993830288,-0.06739713327427024,34.164561794944646,-8.651986578192563,False,True,False,True,False,0.0,0.0,0.0,0.0,0.0,0,,,False,False,False,False,,,False,False,False,False,16086.0,-43621.31249020459,False,False,False,False,24190.192765430562,False,False,False,False
2025-04-21 19:00:00+00:00,79.14,80.605,79.14,80.57,21346.0,,,,,,,,,,,,,,,,,,,,,82.61160368997932,81.98459366474987,80.91713887536942,74.59338576580029,,,,,,,,,,,,,,,,,,,,,79.84648775605373,82.22472672437112,74.95089423199005,,,,,,79.58983295833055,#000000,6.4254620494988215,79.58983295833055,0.15254421146972585,37.04715993785106,-8.651986578192563,False,True,False,True,True,1.0660226074242871,0.0,0.0,0.0,0.0,0,,,False,False,False,False,,,False,False,False,False,37432.0,-42364.67198648048,False,False,False,False,24146.09675356342,False,False,False,False
2025-04-22 14:00:00+00:00,82.48,83.365,82.45,83.28,10841.0,,,,,,,,,,,,,,,,,,,,,82.63152278161725,82.00396091284497,80.93833863398297,74.63547744474667,,,,,,,,,,,,,,,,,,,,,80.70656857128624,82.24771514326535,74.99814786606062,,,,,,79.73739019340057,"rgba(38, 166, 154, 0.5)",6.427001867122807,79.73739019340057,0.5512072160304754,44.52750482044723,-13.546784963150458,False,True,False,True,True,4.914167971856909,0.0,0.0,0.0,0.0,0,,,False,False,False,False,,,False,False,False,False,48273.0,-40959.43676188389,False,False,False,False,23939.816183740728,False,False,False,False
2025-04-22 15:00:00+00:00,83.325,84.055,83.11,83.95,8249.0,,,,,,,,,,,,,,,,,,,,,82.6689067937693,82.02756936335787,80.95928482030563,74.66977106945744,,,,,,,,,,,,,,,,,,,,,81.21763456412587,82.278634515634,75.03671766232476,,,,,,79.83693125556783,"rgba(38, 166, 154, 0.5)",6.422826836181061,79.83693125556783,0.6403829418632985,50.527464013309626,-8.22192982512081,False,True,True,False,True,5.82251459582357,0.0,0.0,0.0,0.0,0,,,False,False,False,False,,,False,False,False,False,56522.0,-39448.096657048474,False,False,False,False,23696.547715775756,False,False,False,False
2025-04-22 16:00:00+00:00,84.05,85.71,84.05,84.91,13743.0,,,,,,,,,,,,,,,,,,,,,82.7907065636655,82.09225990693432,81.00824659402437,74.73375082201046,,,,,,,,,,,,,,,,,,,,,82.02982185387833,82.36778992861042,75.10890382368596,,,,,,80.01878278468705,"rgba(38, 166, 154, 0.5)",6.402307131308499,80.01878278468705,0.7639772842814689,55.87497215557896,-3.4912633386341483,False,False,True,False,True,7.10899729621956,0.0,0.0,0.0,0.0,0,,,False,False,False,False,,,False,False,False,False,70265.0,-37747.11841430354,False,False,False,False,23542.22914653892,False,False,False,False
2025-04-22 17:00:00+00:00,84.91,84.95,83.105,83.495,8572.0,,,,,,,,,,,,,,,,,,,,,82.82574060641605,82.11669319342126,81.0301550319969,74.7692081714802,,,,,,,,,,,,,,,,,,,,,82.25047134856884,82.39869566980052,75.1486650274764,,,,,,80.07708986416574,"rgba(38, 166, 154, 0.5)",6.098814840562018,80.07708986416574,0.5604220205378944,56.07277531643771,-3.33336973379366,False,False,True,False,True,4.874867198280587,0.0,0.0,0.0,0.0,0,,,False,False,False,False,,,False,False,False,False,61693.0,-36205.41115206628,False,False,False,False,23310.132570623588,False,False,False,False
2025-04-22 18:00:00+00:00,83.48,83.95,83.265,83.58,6269.0,,,,,,,,,,,,,,,,,,,,,82.84398633656431,82.131603734109,81.04455377363918,74.79425139695138,,,,,,,,,,,,,,,,,,,,,82.36023540440715,82.41671434971992,75.17668108609558,,,,,,80.10971801164092,"rgba(38, 166, 154, 0.5)",5.883097465858682,80.10971801164092,0.5898732782344892,56.35193624815322,-2.731421209092133,False,False,True,False,True,4.991629887190559,0.0,0.0,0.0,0.0,0,,,False,False,False,False,,,False,False,False,False,67962.0,-34590.41252955362,False,False,False,False,23045.928964877483,False,False,False,False
2025-04-22 19:00:00+00:00,83.455,83.53,82.21,82.635,46152.0,,,,,,,,,,,,,,,,,,,,,82.83623723945381,82.1771327994771,81.11380810971522,74.95783474610452,,,,,,,,,,,,,,,,,,,,,82.52194197872761,82.45404731341932,75.35813030490148,,,,,,80.20273321311414,#000000,5.613093330663475,80.20273321311414,0.4333202110855271,54.40095318454351,-2.731421209092133,False,False,True,False,True,3.508651854592898,0.0,0.0,0.0,0.0,0,,,False,False,False,False,,,False,False,False,False,21810.0,-33715.98752909543,False,False,False,False,23404.162624336746,False,False,False,False
2025-04-23 14:00:00+00:00,91.97,92.53,88.82,89.01,27695.0,,,,,,,,,,,,,,,,,,,,,83.43076659298558,82.49283483713626,81.32305956937142,75.14168458903767,,,,,,,,,,,,,,,,,,,,,83.91709551055949,82.8862531019643,75.5662304366881,,,,,,80.67970351967755,"rgba(0, 255, 255, 0.75)",5.492531925711038,80.67970351967755,1.516658727339861,60.70546495110446,1.9547026977966482,True,False,True,False,True,11.599683549029763,0.0,0.0,0.0,0.0,0,,,False,False,False,False,,,False,False,False,False,49505.0,-32425.73966042728,False,False,False,False,23470.687234812147,False,False,False,False
2025-04-23 15:00:00+00:00,89.03,89.68,87.38,88.39,15247.0,,,,,,,,,,,,,,,,,,,,,83.64804803970513,82.62111083802878,81.41349113529665,75.23015642976769,,,,,,,,,,,,,,,,,,,,,84.33631229866025,83.05475078056924,75.66570719371529,,,,,,80.85279667367759,"rgba(38, 166, 154, 1.0)",5.323552776310404,80.85279667367759,1.415822035213526,63.7352464007767,5.00451259023248,True,False,True,False,True,10.637846332798805,0.0,0.0,0.0,0.0,0,,,False,False,False,False,,,False,False,False,False,34258.0,-31391.883231583444,False,False,False,False,23343.188207915835,False,False,False,False
2025-04-23 16:00:00+00:00,88.36,90.31,88.17,89.63,12316.0,,,,,,,,,,,,,,,,,,,,,83.84014034757755,82.735860737137,81.49384192101449,75.30549291537969,,,,,,,,,,,,,,,,,,,,,84.68383486274531,83.20467562286682,75.75043093896399,,,,,,81.00203962081211,"rgba(0, 255, 255, 0.75)",5.2386598459894325,81.00203962081211,1.6469785465825197,66.73664370919113,8.067817723595923,True,False,True,False,True,12.064391823947211,0.0,0.0,0.0,0.0,0,,,False,False,False,False,,,False,False,False,False,46574.0,-30183.109848148044,False,False,False,False,23172.22404965357,False,False,False,False
2025-04-23 17:00:00+00:00,89.47,89.52,87.935,89.32,16942.0,,,,,,,,,,,,,,,,,,,,,84.06459727813171,82.87731122424661,81.59566058821451,75.40458654173479,,,,,,,,,,,,,,,,,,,,,85.05168781004745,83.3855773069318,75.86152788893932,,,,,,81.17727837689232,"rgba(0, 255, 255, 0.75)",5.27485496747806,81.17727837689232,1.5436863521957194,68.09051770805361,9.672678369963343,True,False,True,False,True,11.574882575255302,0.0,0.0,0.0,0.0,0,,,False,False,False,False,,,False,False,False,False,29632.0,-29255.743803990707,False,False,False,False,23075.63142872871,False,False,False,False
2025-04-23 18:00:00+00:00,89.15,89.78,88.55,88.55,8558.0,,,,,,,,,,,,,,,,,,,,,84.1713730355139,82.94673245742716,81.64627997085006,75.45422422139309,,,,,,,,,,,,,,,,,,,,,85.21573298968566,83.47322623544572,75.9170860613474,,,,,,81.26066499595186,"rgba(38, 166, 154, 1.0)",5.202391581875705,81.26066499595186,1.4011507763934976,67.35537297896212,9.672678369963343,True,False,True,False,True,10.358500355955428,0.0,0.0,0.0,0.0,0,,,False,False,False,False,,,False,False,False,False,21074.0,-28475.43769850248,False,False,False,False,22850.55187169416,False,False,False,False
2025-04-23 19:00:00+00:00,88.59,88.59,87.33,88.46,16857.0,,,,,,,,,,,,,,,,,,,,,84.33430345128131,83.0606194092761,81.73284678802729,75.54497404277743,,,,,,,,,,,,,,,,,,,,,85.43802088807146,83.6130182758582,76.01824929397172,,,,,,81.39171887846622,"rgba(38, 166, 154, 1.0)",5.088892005814907,81.39171887846622,1.3889626884314077,66.66668285524028,9.672678369963343,True,False,True,False,True,10.215701908366462,0.0,0.0,0.0,0.0,0,,,False,False,False,False,,,False,False,False,False,4217.0,-27968.57819930089,False,False,False,False,22757.62858686169,False,False,False,False
2025-04-24 14:00:00+00:00,92.82,93.87,92.77,92.82,18685.0,,,,,,,,,,,,,,,,,,,,,84.71939727665409,83.30073119988184,81.89948114515161,75.68364433806425,,,,,,,,,,,,,,,,,,,,,86.04011255062306,83.9204566916052,76.17418681419659,,,,,,81.67685857373952,"rgba(0, 255, 0, 1.0)",5.159684235921268,81.67685857373952,2.1596556914632297,70.02724592601237,12.852369817844618,True,False,True,False,True,15.164013818520267,0.0,0.0,0.0,0.0,0,,,False,False,False,False,,,False,False,False,False,22902.0,-27179.887064428007,False,False,False,False,22694.487058383213,False,False,False,False
2025-04-24 15:00:00+00:00,92.82,94.24,92.585,93.64,17378.0,,,,,,,,,,,,,,,,,,,,,85.06162136963086,83.52126722988179,82.05463880459104,75.81310454114366,,,,,,,,,,,,,,,,,,,,,86.54412203916499,84.19887170603904,76.31950226813989,,,,,,81.93044685122732,"rgba(0, 255, 0, 1.0)",5.1876219421247765,81.93044685122732,2.257210197545085,72.77365000839595,15.801201995992002,True,False,True,False,True,16.028446475424534,0.0,0.0,0.0,0.0,0,,,False,False,False,False,,,False,False,False,False,40280.0,-26133.99734249889,False,False,False,False,22612.060902439287,False,False,False,False
2025-04-24 16:00:00+00:00,93.64,95.15,93.61,94.45,6815.0,,,,,,,,,,,,,,,,,,,,94.40333333333334,85.20243988029145,83.61287107294625,82.11913671170066,75.86596319282049,,,,,,,,,,,,,,,,,,,,,86.7472906377469,84.31400617364687,76.3788275959008,,,,,,83.58048357479834,"rgba(0, 255, 0, 1.0)",5.273825154170053,83.58048357479834,2.061030866108077,75.09465418370849,18.298557655558284,True,False,True,False,True,16.87485081939158,0.0,0.0,0.0,0.0,0,,,False,False,False,False,,,False,False,False,False,47095.0,-24998.664050367122,False,False,False,False,22367.145229533253,False,False,False,False
2025-04-24 17:00:00+00:00,94.41,94.97,94.335,94.865,14875.0,,,,,,,,,,,,,,,,,,,,94.62278930382664,85.50571927784549,83.81332679573669,82.26120848037168,75.98227307545056,,,,,,,,,,,,,,,,,,,,,87.17329856984354,84.56419237920119,76.5092487885485,,,,,,83.80400708385304,"rgba(0, 255, 0, 1.0)",5.428274596047083,83.80400708385304,2.037662745396423,76.89546860634451,20.303999446979105,True,False,True,False,True,17.30775299772077,0.0,0.0,0.0,0.0,0,,,False,False,False,False,,,False,False,False,False,61970.0,-23650.312669741274,False,False,False,False,22250.987939152892,False,True,False,False
2025-04-24 18:00:00+00:00,94.93,95.145,93.02,93.14,26929.0,,,,,,,,,,,,,,,,,,,,94.1495248428255,85.95622147038617,84.12819783742135,82.49132602502904,76.1786796550288,,,,,,,,,,,,,,,,,,,,,87.75476630761003,84.94797913153708,76.72856417994025,,,,,,84.04190743122228,"rgba(0, 255, 255, 0.75)",5.505145443251375,84.04190743122228,1.6526525343541738,74.09024361403203,20.303999446979105,True,False,True,False,True,14.481103567922766,0.0,0.0,0.0,0.0,0,,,False,False,False,False,,,False,False,False,False,35041.0,-22740.36983765226,False,False,False,False,22323.515257925716,False,False,False,False
2025-04-24 19:00:00+00:00,93.15,93.165,90.9,91.96,135148.0,,,,,,,,,,,,,,,,,,,,92.5748256306446,87.25648506478024,85.20771375316468,83.35936024936382,77.00989166268742,,,,,,,,,,,,,,,,,,,,,89.05955473642956,86.16978218141264,77.64459133366721,,,,,,84.78527557651877,"rgba(38, 166, 154, 1.0)",5.4907570598315605,84.78527557651877,1.3066912896163214,69.86784919914538,26.43534258055982,True,False,True,False,False,12.6084957775727,0.0,0.0,0.0,0.0,0,,,False,False,False,False,,,False,False,False,False,-100107.0,-23939.852475828193,False,False,False,False,24072.732075632295,False,False,False,False
2025-04-25 14:00:00+00:00,91.53,92.75,88.82,89.68,21818.0,,,,,,,,,,,,,,,,,,,,92.34578794659143,87.36241874440492,85.32042079508216,83.46176793951075,77.12258649527307,,,,,,,,,,,,,,,,,,,,,89.12358960717653,86.28520295287223,77.76701780696155,,,,,,84.84859903598408,"rgba(38, 166, 154, 0.5)",5.41475983928347,84.84859903598408,0.8922650509750515,63.30598893714319,20.324646692838655,True,False,True,False,False,9.136902969131814,0.0,0.0,0.0,0.0,0,,,False,False,False,False,,,False,False,False,False,-121925.0,-25459.002049846356,False,False,False,False,24037.774989188383,False,False,False,False
2025-04-25 15:00:00+00:00,89.71,91.27,89.37,90.27,14434.0,,,,,,,,,,,,,,,,,,,,92.21179592823043,87.42622309367276,85.39074147602003,83.52682157265237,77.19547902971844,,,,,,,,,,,,,,,,,,,,,89.15930133031338,86.35617219127052,77.84601473495489,,,,,,84.8890686696041,"rgba(38, 166, 154, 1.0)",5.297789718448717,84.8890686696041,1.0156936413798476,59.77136937057393,17.151487972238357,True,False,True,False,False,9.818919965433782,0.0,0.0,0.0,0.0,0,,,False,False,False,False,,,False,False,False,False,-107491.0,-26730.815971554166,False,False,False,False,23888.879252921895,False,False,False,False
2025-04-25 16:00:00+00:00,90.275,92.005,89.92,91.27,14068.0,,,,,,,,,,,,,,,,,,,,92.14287657295506,87.50157277575795,85.46772925248274,83.59604002182677,77.26983495656458,,,,,,,,,,,,,,,,,,,,,89.21391424151928,86.4358600377806,77.92670570435838,,,,,,84.94431669540566,"rgba(38, 166, 154, 1.0)",5.14381382416371,84.94431669540566,1.2297652132895334,58.801793807519516,16.21500016284294,True,False,True,False,False,10.96571946903196,0.0,0.0,0.0,0.0,0,,,False,False,False,False,,,False,False,False,False,-93423.0,-27764.803320832398,False,False,False,False,23736.617559078142,False,False,False,False
2025-04-25 17:00:00+00:00,91.285,91.82,89.97,90.49,5441.0,,,,,,,,,,,,,,,,,,,,92.11146383025505,87.52746182036601,85.49535589081837,83.62139220360258,77.29774870686552,,,,,,,,,,,,,,,,,,,,,89.23086284441345,86.46397853394716,77.95693216019203,,,,,,84.96314949880752,"rgba(38, 166, 154, 1.0)",4.985051850778985,84.96314949880752,1.1086846569768019,56.79720154088413,14.135515030999926,False,False,True,False,False,9.778529144503182,0.0,0.0,0.0,0.0,0,,,False,False,False,False,,,False,False,False,False,-98864.0,-28867.116447641198,False,False,False,False,23452.964573666075,False,False,False,False
2025-04-25 18:00:00+00:00,90.59,91.66,90.39,90.43,13205.0,,,,,,,,,,,,,,,,,,,,92.04433469972922,87.58987586244443,85.56205378310224,83.68274838837263,77.36534893801227,,,,,,,,,,,,,,,,,,,,,89.27221862423394,86.53175920097608,78.03008023289296,,,,,,85.00980246622046,"rgba(38, 166, 154, 1.0)",4.8158994678756235,85.00980246622046,1.1254797924946067,55.352364290011,12.493697531876592,False,False,True,False,False,9.686729504197771,0.0,0.0,0.0,0.0,0,,,False,False,False,False,,,False,False,False,False,-112069.0,-30157.068130623506,False,False,False,False,23294.08140198133,False,False,False,False
2025-04-25 19:00:00+00:00,90.43,90.5,88.4,89.04,82392.0,,,,,,,,,,,,,,,,,,,,91.37290563720005,87.7718308243893,85.83367364386524,83.96681830855226,77.72658680060547,,,,,,,,,,,,,,,,,,,,,89.27794141033263,86.77757313137316,78.41651797134377,,,,,,85.14298096595775,"rgba(38, 166, 154, 0.5)",4.64271017949762,85.14298096595775,0.8393845153745843,51.96900126074811,9.036950116985231,False,True,False,False,False,7.5730890718631585,0.0,0.0,0.0,0.0,0,,,False,False,False,False,,,False,False,False,False,-194461.0,-32704.41591154407,False,False,False,False,24210.32820195061,False,False,False,False
2025-04-28 14:00:00+00:00,87.355,88.45,86.9,87.2,23077.0,,,,,,,,,,,,,,,,,,,,91.12446920545763,87.76450222053512,85.86712695977687,84.01628147078306,77.80879534025034,,,,,,,,,,,,,,,,,,,,,89.21185347843594,86.79542529214456,78.5029832621587,,,,,,85.13642965369277,#000000,4.653181022766109,85.13642965369277,0.4434751917475434,47.13874084163707,4.3600317787335925,False,True,False,True,False,4.880119779203458,0.0,0.0,0.0,0.0,0,,,False,False,False,False,,,False,False,False,False,-217538.0,-35570.05287415579,False,False,False,False,24192.75722207541,False,False,False,False
2025-04-28 15:00:00+00:00,87.275,88.75,86.09,88.75,16429.0,,,,,,,,,,,,,,,,,,,,90.98145594375977,87.7664825457304,85.89498120722753,84.05406869591282,77.86854508793398,,,,,,,,,,,,,,,,,,,,,89.17676737794866,86.81347841969058,78.56587438762602,,,,,,85.14020670822872,"rgba(38, 166, 154, 0.5)",4.677674706267814,85.14020670822872,0.7717067813489399,46.823112962580296,3.885253981848649,False,True,False,True,False,6.792236838390913,0.0,0.0,0.0,0.0,0,,,False,False,False,False,0.19266203184823405,0.19266203184823405,False,False,False,False,-201109.0,-38136.54817843244,False,False,False,False,24072.388893050982,False,False,False,False
2025-04-28 16:00:00+00:00,88.515,88.515,86.06,86.22,9167.0,,,,,,,,,,,,,,,,,,,,90.88472688758148,87.7572521362006,85.90299025482412,84.06975387413101,77.89849738998058,,,,,,,,,,,,,,,,,,,,,89.14464038906726,86.81458283299456,78.59712045292929,,,,,,85.1336955272136,#000000,4.681053104929615,85.1336955272136,0.2320641207087372,43.47514472904497,0.4877409834860984,False,True,False,True,False,3.238724563940604,0.0,0.0,0.0,0.0,0,0.9849131257526237,0.9467572681919834,False,False,False,False,0.19000812087101235,0.1913350763596232,False,False,False,False,-210276.0,-40805.37688884434,False,False,False,False,23841.297592383526,False,False,False,False
2025-04-28 17:00:00+00:00,86.14,86.79,85.585,86.73,10978.0,,,,,,,,,,,,,,,,,,,,90.75913422632918,87.73910156508849,85.90725608493354,84.08466083651898,77.93188673942417,,,,,,,,,,,,,,,,,,,,,89.09786490266583,86.8096442989442,78.63172513455198,,,,,,85.12015922355705,#000000,4.6563878191708366,85.12015922355705,0.3457273833195482,42.17399053377921,-0.995510291920155,False,True,False,True,False,3.874341722696691,0.0,0.0,0.0,0.0,0,0.9834514553086082,0.947602009220395,False,False,False,False,0.16807383532262912,0.17970445584112615,False,False,False,False,-199298.0,-43262.626859559925,False,False,False,False,23641.866621958972,False,False,False,False
2025-04-28 18:00:00+00:00,86.76,88.09,86.3,87.96,16368.0,,,,,,,,,,,,,,,,,,,,90.62739471653077,87.7335762670568,85.92805788044642,84.11689019384819,77.98750418638481,,,,,,,,,,,,,,,,,,,,,89.0574845585905,86.82003886720325,78.68988564605318,,,,,,85.12010403951425,"rgba(38, 166, 154, 0.5)",4.610274408006224,85.12010403951425,0.6159928258400349,43.462204820177355,-0.995510291920155,False,True,False,True,False,5.391656276554819,0.0,0.0,0.0,0.0,0,0.9884072407515545,0.941177480850479,False,False,False,False,0.18815695913809863,0.18393070748961238,False,False,False,False,-182930.0,-45428.01248964427,False,False,False,False,23529.093496037127,False,False,False,False
2025-04-28 19:00:00+00:00,87.975,88.305,87.39,87.75,35208.0,,,,,,,,,,,,,,,,,,,,90.40555456978647,87.73679144679903,85.98124351945842,84.1915338247544,78.10949414835207,,,,,,,,,,,,,,,,,,,,,88.99527224602734,86.85360734993297,78.81753264375982,,,,,,85.13637871860881,"rgba(38, 166, 154, 0.5)",4.567935586511979,85.13637871860881,0.5721668425247913,44.01192048690409,-0.995510291920155,False,True,False,True,False,5.093984723815481,0.0,0.0,0.0,0.0,0,0.994770702170847,0.9382461210307221,False,False,False,False,0.2012431580322149,0.19258693276091365,False,False,False,False,-218138.0,-48105.68671461102,False,False,False,False,23710.16181392802,False,False,False,False
2025-04-29 14:00:00+00:00,87.28,87.96,86.675,87.285,12865.0,,,,,,,,,,,,,,,,,,,,90.31873898396618,87.73067364105398,85.99475518143711,84.21434074533984,78.15102191701557,,,,,,,,,,,,,,,,,,,,,88.96493277497527,86.85912466557681,78.86070342528721,,,,,,85.13678641683151,#000000,4.53464489009661,85.13678641683151,0.47373358559124507,43.65997684260691,-0.995510291920155,False,True,False,True,False,4.429453315106922,0.0,0.0,0.0,0.0,0,0.9918795698924735,0.9400430107526885,False,False,False,False,0.19060877350750752,0.19159785313421057,False,False,False,False,-231003.0,-50941.30397484961,False,False,False,False,23542.019770301227,False,False,False,False
2025-04-29 15:00:00+00:00,87.265,87.465,86.865,87.025,4750.0,,,,,,,,,,,,,,,,,,,,90.28597388032627,87.72747472275684,85.99896835891212,84.2221695780343,78.16594666184533,,,,,,,,,,,,,,,,,,,,,88.9527634976835,86.86028493208602,78.87617915279331,,,,,,85.13622009805471,#000000,4.492736171455689,85.13622009805471,0.4204074821810238,43.007583630779635,-1.7041822247375933,False,True,False,True,False,4.05522168437102,0.0,0.0,0.0,0.0,0,0.9958925150579019,0.9388019260307545,False,False,False,False,0.18755685656394439,0.18957735484907748,False,False,False,False,-235753.0,-53806.60158764264,False,False,False,False,23250.670626575626,False,False,False,False
2025-04-29 16:00:00+00:00,87.16,87.565,86.35,86.54,5248.0,,,,,,,,,,,,,,,,,,,,90.24718957549668,87.72225746256414,86.00234891813619,84.22987936134466,78.18182784785337,,,,,,,,,,,,,,,,,,,,,88.93733500131768,86.86007848228509,78.89259018395681,,,,,,85.13418835411933,#000000,4.402300680244284,85.13418835411933,0.3193356719565703,41.77063725725931,-3.3195463034033494,False,True,False,True,False,3.3525469280097973,0.0,0.0,0.0,0.0,0,1.0053774778574442,0.9362786447349921,False,False,False,False,0.18340977631172967,0.1864935655804036,False,False,False,False,-241001.0,-56708.840322717944,False,False,False,False,22971.559454070575,False,False,False,False
2025-04-29 17:00:00+00:00,86.57,87.91,86.47,87.655,8868.0,,,,,,,,,,,,,,,,,,,,90.19335662775433,87.71863428477978,86.01164476332863,84.24543339095155,78.21016001628965,,,,,,,,,,,,,,,,,,,,,88.9181202209661,86.86407767879643,78.92200026366912,,,,,,85.13542840581695,"rgba(38, 166, 154, 0.5)",4.331720391432203,85.13542840581695,0.5816561011570738,43.573328562636405,-3.3195463034033494,False,True,False,True,False,4.815967518618855,0.0,0.0,0.0,0.0,0,1.0047567034283502,0.9364011134209508,False,False,False,False,0.18805693275166074,0.18727524916603216,False,False,False,False,-232133.0,-59428.59473631922,False,False,False,False,22752.899617573355,False,False,False,False
2025-04-29 18:00:00+00:00,87.65,87.85,87.265,87.52,7679.0,,,,,,,,,,,,,,,,,,,,90.1514910010801,87.71720219753071,86.02078277199772,84.25963803187204,78.23508636145831,,,,,,,,,,,,,,,,,,,,,88.90392068748348,86.86890590286305,78.9479030488263,,,,,,85.13811625038896,"rgba(38, 166, 154, 0.5)",4.284548823577766,85.13811625038896,0.5559240535441182,44.50181940326439,-3.3195463034033494,False,True,False,True,True,4.615059876775135,0.0,0.0,0.0,0.0,0,1.0038679595188897,0.9371589042547556,False,False,False,False,0.19541892833302013,0.19134708874952616,False,False,False,False,-239812.0,-62225.23667839179,False,False,False,False,22519.19574753346,False,False,False,False
2025-04-29 19:00:00+00:00,87.52,88.17,86.2,87.01,41834.0,,,,,,,,,,,,,,,,,,,,89.9116474442566,87.69180904648297,86.05555777173431,84.32533755520417,78.36257843729338,,,,,,,,,,,,,,,,,,,,,88.80913616273183,86.87849264165479,79.07959244971383,,,,,,85.13926893863399,#000000,4.251779793735137,85.13926893863399,0.4399877585670073,44.057962315360086,-3.3195463034033494,False,True,False,True,True,3.8499593877245424,0.0,0.0,0.0,0.0,0,0.999014934299636,0.935689282133371,False,False,False,False,0.18795691008446558,0.18965199941699587,False,False,False,False,-281646.0,-65627.1089779516,False,False,False,False,22818.650077029062,False,False,False,False
2025-04-30 14:00:00+00:00,82.16,84.89,82.115,84.575,13780.0,,,,,,,,,,,,,,,,,,,,89.75761087488179,87.6382927570045,86.03304924879302,84.3218513557032,78.38842106858124,,,,,,,,,,,,,,,,,,,,83.86,88.723693658253,86.84196044488161,79.10481277085532,,,,,83.86,84.96329913099486,#000000,4.222557567921888,84.96329913099486,-0.09195827996394891,39.879987745796726,-5.9598264325340224,False,True,False,True,False,0.323363691382621,1.0,84.89,82.115,0.0,1,0.9855639620836595,0.9445690929646056,False,False,False,False,0.11515776143234849,0.15240488042467218,False,False,False,False,-295426.0,-69189.8824821694,False,False,False,False,22678.51596730768,False,False,False,False
2025-04-30 15:00:00+00:00,84.55,84.99,84.26,84.565,5879.0,,,,,,,,,,,,,,,,,,,,89.70225788709104,87.6203259606517,86.0268304831434,84.32275348122444,78.40086372934368,,,,,,,,,,,,,,,,,,,,84.08279134238771,88.69357946362611,86.83046934694323,79.11716487618267,,,,,84.08279134238771,84.97744850784377,#000000,4.165651369633965,84.97744850784377,-0.09901176820757782,37.08159059804372,-8.603829444475465,False,True,False,True,False,0.3092488021751869,0.0,0.0,0.0,0.0,1,0.9930863939536424,0.9422705187816729,False,False,False,False,0.1371852832370952,0.1447950818308837,False,False,False,False,-301305.0,-72788.5664746939,False,False,False,False,22418.05835541144,False,False,False,False
2025-04-30 16:00:00+00:00,84.75,85.01,84.1,84.38,6605.0,,,,,,,,,,,,,,,,,,,,89.64017914876204,87.59967649442237,86.01938061316552,84.32337378235776,78.41454059522759,,,,,,,,,,,,,,,,,,,,84.18687474616712,88.65938481619958,86.81707759226823,79.13070368784133,,,,,84.18687474616712,84.97679905293461,#000000,4.107956801267641,84.97679905293461,-0.14527880447780087,34.950954563954966,-10.595172826535176,False,True,False,True,False,0.04378326985962744,0.0,0.0,0.0,0.0,0,0.9993878015077576,0.9402319357716323,False,False,False,False,0.1358079730210179,0.1403015274259508,False,False,False,False,-307910.0,-76433.86001772189,False,False,True,False,22172.8946599787,False,False,True,False
2025-04-30 17:00:00+00:00,84.37,84.81,83.84,84.53,9690.0,,,,,,,,,,,,,,,,,,,,89.5499618903972,87.56887906290402,86.00784863304548,84.3237379500808,78.43415580459674,,,,,,,,,,,,,,,,,,,,84.24251761510077,88.60899475759248,86.79684412172317,79.15006307872041,,,,,84.24251761510077,84.96477810157346,#000000,4.081154246286456,84.96477810157346,-0.10653312159643863,34.05074968020263,-11.494364828994087,False,True,False,True,False,0.26175300044334193,0.0,0.0,0.0,0.0,0,0.9926517011574889,0.9464398456681865,False,False,False,False,0.1312860999820782,0.1357938137040145,False,False,False,False,-298220.0,-79872.40482364869,False,False,False,False,21979.361409436395,False,False,False,False
2025-04-30 18:00:00+00:00,84.55,85.69,84.29,85.05,37129.0,,,,,,,,,,,,,,,,,,,,89.26933905352666,87.4780453416727,85.98145004706255,84.337158087089,78.51579429509711,,,,,,,,,,,,,,,,,,,,84.6324284489325,88.45315961507812,86.74145996868363,79.23151333803777,,,,,84.6324284489325,84.96003868835334,#000000,4.0300599195241436,84.96003868835334,0.022322574215542543,35.27368865801312,-11.494364828994087,False,True,False,True,False,1.0227322685003024,0.0,0.0,0.0,0.0,0,0.9929236172080775,0.9446707638279193,False,False,False,False,0.14437548137526185,0.14008464753963817,False,False,False,False,-261091.0,-82681.99544653785,False,False,False,False,22214.239527119553,False,False,False,False
2025-04-30 19:00:00+00:00,85.055,85.6,84.46,85.28,29772.0,,,,,,,,,,,,,,,,,,,,89.07307859505869,87.4125996033096,85.96341686534474,84.34914105426806,78.58082495848028,,,,,,,,,,,,,,,,,,,,84.77162926773939,88.34109203181623,86.70197608584387,79.29634578629705,,,,,84.77162926773939,84.943344916462,#000000,3.9903626164561534,84.943344916462,0.08436704026587669,36.89070016775814,-11.494364828994087,False,True,False,True,True,1.3611362106297094,0.0,0.0,0.0,0.0,0,0.9928973536065661,0.9423019589274128,False,False,False,False,0.14516433724727554,0.14262449239345687,False,False,False,False,-231319.0,-84986.44512953726,False,False,False,False,22331.414108094443,False,False,False,False
2025-05-01 14:00:00+00:00,90.195,91.79,89.88,91.49,22782.0,,,,,,,,,,,,,,,,,,,,89.14214149213733,87.48810437141258,86.04305840295878,84.42741807647565,78.67419562244058,,,,,,,,,,,,,,,,,,,,85.91070280517151,88.40899015688619,86.78125446677174,79.39468185672536,,,,,85.91070280517151,85.14117191677553,"rgba(0, 255, 255, 0.75)",4.012329676438917,85.14117191677553,1.5823296177544586,48.742514267265065,-6.586880090583861,False,True,False,False,True,9.603121485492014,0.0,0.0,0.0,0.0,0,0.9995697148069744,0.933391852119585,False,False,False,False,0.26211174880049487,0.20236812059697587,False,False,False,False,-208537.0,-86901.95760814908,False,False,False,False,22338.39993587592,False,False,False,False
2025-05-01 15:00:00+00:00,91.43,92.99,91.14,91.2,39753.0,,,,,,,,,,,,,,,,,,,,89.29327048935093,87.63787847307329,86.19544142835939,84.5741584625129,78.84314304270818,,,,,,,,,,,,,,,,,,,,87.32064089928855,88.54994158576342,86.93517181319547,79.57279359196667,,,,,87.32064089928855,85.43582664291321,"rgba(38, 166, 154, 1.0)",4.0287913898665755,85.43582664291321,1.4307450546049956,55.97775964720542,-0.4888048376647305,False,False,True,False,True,9.154292032761958,0.0,0.0,0.0,0.0,0,1.0033341926613388,0.9315631176420037,False,False,False,False,0.2877098543511794,0.24503898747407765,False,False,False,False,-248290.0,-89404.0978002708,False,False,False,False,22608.393735319703,False,False,False,False
2025-05-01 16:00:00+00:00,91.19,91.97,91.09,91.31,28343.0,,,,,,,,,,,,,,,,,,,,89.37827627430295,87.73065646075986,86.2932819959657,84.67076141918729,78.95804734889819,,,,,,,,,,,,,,,,,,,,87.92573852501467,88.63416808602722,87.03236523090433,79.69343731766418,,,,,87.92573852501467,85.59074807319159,"rgba(38, 166, 154, 1.0)",4.043580024485037,85.59074807319159,1.41440305179487,60.91583027120531,3.486332422036398,True,False,True,False,True,9.289219447382198,0.0,0.0,0.0,0.0,0,0.9999135635999032,0.9409639387338795,False,False,False,False,0.2765324248704926,0.26078570617228514,False,False,False,False,-219947.0,-91428.01876460768,False,False,False,False,22697.302359578312,False,False,False,False
2025-05-01 17:00:00+00:00,91.36,91.775,90.29,90.52,20527.0,,,,,,,,,,,,,,,,,,,,89.41932137548707,87.78479523178554,86.3539925567839,84.73306098587486,79.03606677052417,,,,,,,,,,,,,,,,,,,,88.20701266374186,88.67995298065655,87.09106616332849,79.77495077611636,,,,,88.20701266374186,85.67557994492208,"rgba(38, 166, 154, 1.0)",4.070661392350286,85.67557994492208,1.1900818044413382,62.18082250681261,4.305727994898518,True,False,True,False,True,8.042181109794491,0.0,0.0,0.0,0.0,0,0.993745140388769,0.9450712742980563,False,False,False,False,0.26619863877480726,0.26349217247354617,False,False,False,False,-240474.0,-93738.80917135793,False,False,False,False,22663.654260980198,False,False,False,False
2025-05-01 18:00:00+00:00,90.49,91.04,90.04,90.465,23003.0,,,,,,,,,,,,,,,,,,,,89.4522737175523,87.83669236475278,86.41505007237033,84.79753627287873,79.11976303114236,,,,,,,,,,,,,,,,,,,,88.4307754615483,88.72126924381976,87.14889076471988,79.86208175376414,,,,,88.4307754615483,85.75381474250541,"rgba(38, 166, 154, 1.0)",4.093005236359327,85.75381474250541,1.1510332837211632,62.87999415759718,4.964804396924279,True,False,True,False,True,7.954992485765519,0.0,0.0,0.0,0.0,0,0.9907688044476005,0.9507611839484577,False,False,False,False,0.2560231405341677,0.25975765650385696,False,False,False,False,-263477.0,-96370.40902916633,False,False,False,False,22668.915435228566,False,False,False,False
2025-05-01 19:00:00+00:00,90.41,90.51,89.11,89.15,59630.0,,,,,,,,,,,,,,,,,,,,89.46223457600203,87.91902977201156,86.5313942016677,84.93217900074727,79.31398993017761,,,,,,,,,,,,,,,,,,,,88.6636019654668,88.76917677641111,87.2512780900424,80.062449541258,,,,,88.6636019654668,85.87837042819827,"rgba(38, 166, 154, 0.5)",4.092737717839616,85.87837042819827,0.7993743546138341,60.08140466475058,4.964804396924279,True,False,True,False,True,5.883152855793778,0.0,0.0,0.0,0.0,0,0.9854800936768152,0.9552259519472633,False,False,False,False,0.24103492357433576,0.25039629003909636,False,False,False,False,-323107.0,-99885.70501321026,False,False,False,False,23241.955506000217,False,False,False,False
2025-05-02 14:00:00+00:00,92.95,93.87,91.645,93.55,17747.0,,,,,,,,,,,,,,,,,,,,89.53723640602713,87.9893638773486,86.60141384013532,84.99925836976665,79.38925366062381,,,,,,,,,,,,,,,,,,,,88.9094148762607,88.8378443930666,87.32242178902906,80.14140692535916,,,,,88.9094148762607,85.96973490417967,"rgba(0, 255, 255, 0.75)",4.16887168285474,85.96973490417967,1.818301370847074,63.74582783603048,5.7985436397550885,True,False,True,False,True,11.313894556340493,0.0,0.0,0.0,0.0,0,0.9892204075337186,0.9377217185652345,False,False,False,False,0.30228290731312263,0.27633959867610947,False,False,False,False,-305360.0,-103071.35299750157,False,False,False,False,23156.76239738006,False,False,False,False
2025-05-02 15:00:00+00:00,93.545,94.81,93.45,94.81,11268.0,,,,,,,,,,,,,,,,,,,,89.60086275127787,88.0446052432,86.65417448440556,85.04826613543572,79.44125076306366,,,,,,,,,,,,,,,,,,,,89.09774910915556,88.89385200296013,87.37705847076047,80.19618589671246,,,,,89.09774910915556,86.03933387299682,"rgba(0, 255, 0, 1.0)",4.272753407895744,86.03933387299682,2.05269653773972,67.20199852546243,9.199352072869836,True,False,True,False,True,12.743292554774968,0.0,0.0,0.0,0.0,0,0.9948640690269125,0.934653838252414,False,False,False,False,0.33154522955809956,0.30394241411710454,False,False,False,False,-294092.0,-106032.91341614496,False,False,False,False,22972.440499746255,False,False,False,False
2025-05-02 16:00:00+00:00,94.81,96.02,94.81,95.615,12652.0,,,,,,,,,,,,,,,,,,,,89.68676405674421,88.11635368222743,86.72109494537808,85.10926210172852,79.50357681317071,,,,,,,,,,,,,,,,,,,,89.33631634963768,88.96807415830861,87.44712974706611,80.26203887929013,,,,,89.33631634963768,86.12784563706128,"rgba(0, 255, 0, 1.0)",4.381940555967874,86.12784563706128,2.1650577505023247,70.1120674506382,12.103088119588712,True,False,True,False,True,13.64110427942612,0.0,0.0,0.0,0.0,0,1.016857132685393,0.926768485884154,False,False,False,False,0.3428282522952919,0.3233853332061982,False,False,False,False,-281440.0,-108752.40313062332,False,False,False,False,22812.433670292827,False,False,False,False
2025-05-02 17:00:00+00:00,95.55,96.58,95.33,96.22,12899.0,,,,,,,,,,,,,,,,,,,96.04333333333334,89.78003852432441,88.19356215205886,86.79259311550274,85.17404690269446,79.56883919613875,,,,,,,,,,,,,,,,,,,,89.58247255014099,89.04842145992573,87.52224016472267,80.33105212443678,,,,,89.58247255014099,87.20365995232787,"rgba(0, 255, 0, 1.0)",4.464756943840008,87.20365995232787,2.019447007101228,72.5017681757879,14.570124903253017,True,False,True,False,True,14.312275607874177,0.0,0.0,0.0,0.0,0,1.0202056325435853,0.9173714796602592,False,False,False,False,0.34282825232756414,0.33310679276688115,False,False,False,False,-268541.0,-111229.74571774543,False,False,False,False,22658.737024241775,False,False,False,False
2025-05-02 18:00:00+00:00,96.205,96.42,94.68,94.68,13577.0,,,,,,,,,,,,,,,,,,,95.64163682832252,89.86338915140841,88.2652715107711,86.86040113251275,85.23655782326591,79.63373799997483,,,,,,,,,,,,,,,,,,,,89.79364018891287,89.12179143289403,87.59275501688329,80.39945468319476,,,,,89.79364018891287,87.24086357681405,"rgba(0, 255, 255, 0.75)",4.512841570012849,87.24086357681405,1.648437311120757,70.53212734055538,14.570124903253017,True,False,True,False,True,11.844876888016547,0.0,0.0,0.0,0.0,0,1.0121244635193134,0.9210121602288983,False,False,False,False,0.3343958709296153,0.33375133184824823,False,False,False,False,-282118.0,-113879.17601669511,False,False,False,False,22517.934899834923,False,False,False,False
2025-05-02 19:00:00+00:00,94.68,94.815,93.92,94.02,24982.0,,,,,,,,,,,,,,,,,,,94.966829517924,89.98285980997093,88.3750025643904,86.96773088035668,85.33820810489543,79.74414540965181,,,,,,,,,,,,,,,,,,,,90.07919218258303,89.23091252882617,87.70257212417597,80.51526295437357,,,,,90.07919218258303,87.2902716077148,"rgba(38, 166, 154, 1.0)",4.536825503438351,87.2902716077148,1.4833562338214015,67.83137424322166,14.570124903253017,True,False,True,False,False,10.808174776015626,0.0,0.0,0.0,0.0,0,1.0104986407211336,0.9226820718271571,False,False,False,False,0.31003079746838075,0.3218910646583145,False,False,False,False,-307100.0,-116874.84770635876,False,False,False,False,22556.137459527403,False,False,False,False
2025-05-05 14:00:00+00:00,94.185,94.26,91.7,91.7,23820.0,,,,,,,,,,,,,,,,,,,94.20313389480769,90.04789748582128,88.44677484302854,87.04401146328662,85.41495341111273,79.8357320526236,,,,,,,,,,,,,,,,,,,,90.22160066660544,89.29695917501569,87.77766784649799,80.61046442729084,,,,,90.22160066660544,87.28991952660905,"rgba(38, 166, 154, 0.5)",4.475689888942484,87.28991952660905,0.9853409380051937,61.90606874673579,19.711462452480248,True,False,True,False,False,7.28488923173742,0.0,0.0,0.0,0.0,0,1.0060049893086245,0.923574483250178,False,False,False,False,0.2818875623756521,0.30188931351698334,False,False,False,False,-330920.0,-120193.37719928344,False,False,False,False,22575.732227596745,False,False,False,False
2025-05-05 15:00:00+00:00,91.97,93.29,91.96,92.6,6045.0,,,,,,,,,,,,,,,,,,,94.08520668609538,90.06428646087848,88.46487340981446,87.06325824600775,85.43434116871289,79.85888148659514,,,,,,,,,,,,,,,,,,,,90.25608211493837,89.31362262965455,87.79660490210611,80.63451227698727,,,,,90.25608211493837,87.29716693817903,"rgba(38, 166, 154, 1.0)",4.398150469180147,87.29716693817903,1.2056961440906444,59.2813486850273,17.160272641737834,True,False,True,False,False,8.367895957735783,0.0,0.0,0.0,0.0,0,1.009512103885,0.9226918897735977,False,False,False,False,0.27475792015955003,0.2883236168382667,False,False,False,False,-324875.0,-123366.7356923178,False,False,False,False,22319.441805463463,False,False,False,False
2025-05-05 16:00:00+00:00,92.585,93.43,92.58,93.16,2995.0,,,,,,,,,,,,,,,,,,,94.04867264403805,90.07371562855306,88.47472642921845,87.07349654583554,85.44449432075685,79.87071434822325,,,,,,,,,,,,,,,,,,,,90.27591703359677,89.32290827214233,87.80678394773761,80.646827358018,,,,,90.27591703359677,87.30382565281198,"rgba(38, 166, 154, 1.0)",4.3725518164325266,87.30382565281198,1.339303590452576,58.340420897880584,16.04534003565567,True,False,True,False,False,9.037719892189852,0.0,0.0,0.0,0.0,0,1.0301154734411089,0.9139399538106234,False,False,False,False,0.27946432311167463,0.28389396997497063,False,False,False,False,-321880.0,-126444.46072034388,False,False,False,False,22019.83805654155,False,False,False,False
2025-05-05 17:00:00+00:00,93.18,93.23,92.97,93.03,3177.0,,,,,,,,,,,,,,,,,,,94.01337847877022,90.08371968186825,88.48517750420439,87.08435501869423,85.45526315625851,79.88326210231472,,,,,,,,,,,,,,,,,,,,90.29680161794447,89.33276045289595,87.81757955235445,80.6598851509884,,,,,90.29680161794447,87.31121827162937,"rgba(38, 166, 154, 1.0)",4.343220810528636,87.31121827162937,1.3167144793806989,57.45720539258752,14.830886231262213,True,False,True,False,False,8.838079825055019,0.0,0.0,0.0,0.0,0,1.0251332682633834,0.9189128312936405,False,False,False,False,0.2801948421065213,0.282044406040746,False,False,False,False,-325057.0,-129523.72489522227,False,False,False,False,21727.70103240912,False,False,False,False
2025-05-05 18:00:00+00:00,92.97,93.6,92.8,92.835,4340.0,,,,,,,,,,,,,,,,,,,93.96918948839405,90.09728622189562,88.49938306655245,87.09912921935924,85.46992831310848,79.90036687026141,,,,,,,,,,,,,,,,,,,,90.32484991693677,89.34614188155766,87.83226045822762,80.67768110632666,,,,,90.32484991693677,87.321621654262,"rgba(38, 166, 154, 1.0)",4.325794362295193,87.321621654262,1.2745354688595705,56.45194291310726,13.419210254758745,False,False,True,False,False,8.534338650108783,0.0,0.0,0.0,0.0,0,1.0151372164131216,0.9181231361594502,False,False,False,False,0.28235026676456787,0.28219733640265693,False,False,False,False,-329397.0,-132622.535361963,False,False,False,False,21458.12427221673,False,False,False,False
2025-05-05 19:00:00+00:00,92.79,93.05,92.09,92.35,12649.0,,,,,,,,,,,,,,,,,,,93.79092352258081,90.12855400732164,88.535092381436,87.13762757798713,85.5091069022816,79.94777765991003,,,,,,,,,,,,,,,,,,,,90.38685574495234,89.37860834091681,87.86989180045973,80.7268386932684,,,,,90.38685574495234,87.34112766311145,"rgba(38, 166, 154, 1.0)",4.337099956887787,87.34112766311145,1.1548897619788332,54.70992534146434,11.312599108519201,False,False,True,False,False,7.773253196347646,0.0,0.0,0.0,0.0,0,1.0165268823339233,0.918259447328883,False,False,False,False,0.2660243021897203,0.27411081929618863,False,False,False,False,-342046.0,-135869.41078270777,False,False,False,False,21321.548702104843,False,False,False,False
2025-05-06 14:00:00+00:00,90.57,92.395,90.48,91.75,10967.0,,,,,,,,,,,,,,,,,,,93.5772605838552,90.14434200245108,88.55820075011621,87.16469531230005,85.53812933924203,79.98548970070752,,,,,,,,,,,,,,,,,,,91.54166666666667,90.41475112937793,89.397763634734,87.89539729475747,80.76569829211299,,,,,90.41475112937793,87.7257631551201,"rgba(38, 166, 154, 0.5)",4.3434938400714636,87.7257631551201,0.9264976521328929,52.251566462310116,8.60262927885637,False,False,False,False,False,6.832067447473957,0.0,0.0,0.0,0.0,0,1.0034594183615289,0.9231895076981563,False,False,False,False,0.23688966312366047,0.25550024120992454,False,False,False,False,-353013.0,-139235.97805739447,False,False,False,False,21161.01306331252,False,False,False,False
2025-05-06 15:00:00+00:00,91.75,92.23,91.6,91.64,12662.0,,,,,,,,,,,,,,,,,,,93.40391184605258,90.16572393051244,88.58692017724958,87.19752020311907,85.57284780007616,80.02978014454526,,,,,,,,,,,,,,,,,,,91.69260252232426,90.45296947041433,89.42231247535463,87.92664854823173,80.81138159150493,,,,,90.45296947041433,87.75114715539864,"rgba(38, 166, 154, 0.5)",4.347061851266756,87.75114715539864,0.8945934007053817,50.369283874673954,6.49350142899646,False,True,False,False,False,6.658366828093186,0.0,0.0,0.0,0.0,0,1.004926486092741,0.9301474111986505,False,False,False,False,0.23932319401428795,0.24741171761210623,False,False,False,False,-365675.0,-142746.66056813256,False,False,False,False,21029.24541892008,False,False,False,False
2025-05-06 16:00:00+00:00,91.705,92.785,91.62,91.655,11774.0,,,,,,,,,,,,,,,,,,,93.28743084298995,90.18742503716707,88.6147713160241,87.22891085231673,85.60579402884235,80.07134995051595,,,,,,,,,,,,,,,,,,,91.80148532610231,90.49153218991167,89.44653156395488,87.95670949329703,80.85427630875422,,,,,90.49153218991167,87.77692880998876,"rgba(38, 166, 154, 0.5)",4.33779655423649,87.77692880998876,0.8940186893328919,49.15644585729966,5.0117975433635,False,True,False,False,False,6.678546190537222,0.0,0.0,0.0,0.0,0,0.9963069752745087,0.9577770755983888,False,False,False,False,0.24650139697689866,0.24695655729450244,False,False,False,False,-353901.0,-146020.3712569987,False,False,False,False,20885.75324188256,False,False,False,False
2025-05-06 17:00:00+00:00,91.625,92.16,91.615,92.055,5347.0,,,,,,,,,,,,,,,,,,,93.23794594700048,90.19670814423715,88.6269894467278,87.24280598241316,85.62046767000078,80.0900127604695,,,,,,,,,,,,,,,,,,,91.82009787321063,90.50757782237893,89.4570586011208,87.96996111407434,80.87351512589191,,,,,90.50757782237893,87.78574004432049,"rgba(38, 166, 154, 0.5)",4.330420212429301,87.78574004432049,0.9858766000181135,49.522252399244735,5.007896516374984,False,True,False,False,False,7.2231070217176025,0.0,0.0,0.0,0.0,0,0.9937818654403681,0.9468959312206338,False,False,False,False,0.23863786083958222,0.24279720906704233,False,False,False,False,-348554.0,-149160.42751658012,False,False,False,False,20644.842338907638,False,False,False,False
2025-05-06 18:00:00+00:00,92.055,94.1,92.055,94.055,13546.0,,,,,,,,,,,,,,,,,,,93.2520556430281,90.23908829754573,88.67099673699406,87.28846453591053,85.66585322610018,80.14282260536265,,,,,,,,,,,,,,,,,,,92.21509027675458,90.58644922655192,89.49876436483436,88.01533356039963,80.92834594733478,,,,,90.58644922655192,87.86393312916515,"rgba(38, 166, 154, 1.0)",4.348678703752267,87.86393312916515,1.4236661966985247,54.262338026330426,5.007896516374984,False,False,True,False,True,9.871628205821985,0.0,0.0,0.0,0.0,0,1.0000199776250602,0.9274812210324437,False,False,False,False,0.26614791502645413,0.25447256204674823,False,False,False,False,-335008.0,-152041.78522950134,False,False,False,False,20534.782767761782,False,False,False,False
2025-05-06 19:00:00+00:00,94.055,95.79,94.04,95.18,49103.0,,,,,,,,,,,,,,,,,,,93.66571615604292,90.4569004291278,88.87565165799832,87.4903086228004,85.85914799548853,80.35347140529694,,,,,,,,,,,,,,,,,,,93.53919494708202,90.98334745801483,89.70186076943307,88.22064885736744,81.14812684370004,,,,,90.98334745801483,88.20857955839568,"rgba(0, 255, 255, 0.75)",4.383403494796963,88.20857955839568,1.590412666750688,59.19244699917025,3.404465823191856,True,False,True,False,True,11.300374526067149,0.0,0.0,0.0,0.0,0,1.0058408862034243,0.9300704934541794,False,False,False,False,0.3147074626616929,0.28459001235422055,False,False,False,False,-285905.0,-154117.18390811372,False,False,False,False,20977.70086438563,False,False,False,False
2025-05-07 14:00:00+00:00,94.64,96.46,94.55,95.085,20544.0,,,,,,,,,,,,,,,,,,,93.81854435625678,90.54901952615745,88.96222878375997,87.57557345708454,85.94077112033416,80.44197463321534,,,,,,,,,,,,,,,,,,,93.84182873041102,91.1421106568581,89.78795226632647,88.30740537569642,81.24040415580225,,,,,91.1421106568581,88.3279830056275,"rgba(0, 255, 255, 0.75)",4.41094550547298,88.3279830056275,1.5318749655801849,62.16332863391297,6.127783594336371,True,False,True,False,True,11.13754902580887,0.0,0.0,0.0,0.0,0,1.0035673976136734,0.9248024830699774,False,False,False,False,0.33059883722621997,0.30759442479022026,False,False,False,False,-306449.0,-156478.91749093364,False,False,False,False,20970.976819976553,False,False,False,False
2025-05-07 15:00:00+00:00,95.1,96.2,94.845,95.68,8856.0,,,,,,,,,,,,,,,,,,,93.88409971075326,90.58935712803336,89.00004234997198,87.61273771721316,85.9763004625882,80.48033742490806,,,,,,,,,,,,,,,,,,,93.95740915468741,91.21028491272796,89.82562923359677,88.3452509540999,81.28040005398017,,,,,91.21028491272796,88.37834991841457,"rgba(0, 255, 255, 0.75)",4.444963774313013,88.37834991841457,1.6426793225584688,65.08125100297427,8.836894655371758,True,False,True,False,True,11.89843080596184,0.0,0.0,0.0,0.0,0,1.0046137035088432,0.9279007649034765,False,False,False,False,0.3310726252012395,0.31933352499572987,False,False,False,False,-297593.0,-158666.73272363233,False,False,False,False,20783.14772199242,False,False,False,False
2025-05-07 16:00:00+00:00,95.58,95.635,94.93,95.635,7138.0,,,,,,,,,,,,,,,,,,,93.92836962317749,90.62027652292457,89.02940418053893,87.64178912298102,86.00422857518109,80.51075999566169,,,,,,,,,,,,,,,,,,,94.03099379244469,91.26158364509308,89.85472840554401,88.37473763810073,81.31208228405116,,,,,91.26158364509308,88.4153594350635,"rgba(0, 255, 255, 0.75)",4.472372848040727,88.4153594350635,1.6142751980303514,66.8505269155476,10.545377993455276,True,False,True,False,True,11.81860305966336,0.0,0.0,0.0,0.0,0,0.9987170201758926,0.9441696844283495,False,False,False,False,0.3245873520595274,0.3219604385276286,False,False,False,False,-304731.0,-160931.29500698688,False,False,False,False,20571.595044132075,False,False,False,False
2025-05-07 17:00:00+00:00,95.635,95.785,94.4,94.73,12134.0,,,,,,,,,,,,,,,,,,,93.97771329734364,90.6673053380018,89.07538867601959,87.68798051190271,86.04917897515088,80.56071248009492,,,,,,,,,,,,,,,,,,,94.10605165788786,91.33722977631776,89.89973597255668,88.4212789711507,81.36398676866013,,,,,91.33722977631776,88.46786931137152,"rgba(38, 166, 154, 1.0)",4.425388131804617,88.46786931137152,1.4150466585345298,64.6473919660407,10.545377993455276,True,False,True,False,True,10.212202979114348,0.0,0.0,0.0,0.0,0,1.0004975227513009,0.9336221729306161,False,False,False,False,0.3194718475058743,0.32071614301675144,False,False,False,False,-316865.0,-163348.87182858397,False,False,False,False,20440.779617091266,False,False,False,False
2025-05-07 18:00:00+00:00,94.54,95.38,93.91,95.33,10001.0,,,,,,,,,,,,,,,,,,,94.0113163525363,90.70444142023744,89.11213482826835,87.72510854477053,86.08548570453345,80.60134609452415,,,,,,,,,,,,,,,,,,,94.15339841757573,91.39567240826553,89.93553311100284,88.45857962371197,81.40616449253963,,,,,91.39567240826553,88.50810736345146,"rgba(0, 255, 255, 0.75)",4.334786207930963,88.50810736345146,1.5737552694218564,64.46536108292253,10.545377993455276,True,False,True,False,True,11.013158122999652,0.0,0.0,0.0,0.0,0,1.0044942885083543,0.9312956451176629,False,False,False,False,0.30748658720341054,0.314101365110081,False,False,False,False,-306864.0,-165573.91257542762,False,False,False,False,20278.922568764272,False,False,False,False
2025-05-07 19:00:00+00:00,95.38,96.74,94.435,96.45,24917.0,,,,,,,,,,,,,,,,,,,94.17063610237197,90.81573338694866,89.21726244069127,87.82869492602109,86.18481977021831,80.70862158312872,,,,,,,,,,,,,,,,,,,94.3828084183205,91.57282409016672,90.04016370436356,88.56388591013123,81.51784299223974,,,,,91.57282409016672,88.63666302950925,"rgba(0, 255, 255, 0.75)",4.268733830249146,88.63666302950925,1.8303640566961104,66.3705868413081,10.545377993455276,True,False,True,False,True,12.485260799408401,0.0,0.0,0.0,0.0,0,1.009258108611905,0.9185617828590363,False,False,False,False,0.33283366745983956,0.3234675162849603,False,False,False,False,-281947.0,-167378.14648898688,False,False,False,False,20350.830745992735,False,False,False,False
2025-05-08 14:00:00+00:00,95.75,96.93,94.79,95.105,17003.0,,,,,,,,,,,,,,,,,,,94.24988105503616,90.88510709453399,89.28434458906794,87.8955892945161,86.24962095840199,80.77969197661919,,,,,,,,,,,,,,,,,,,94.48495752284403,91.67887037454898,90.10630366816329,88.63148626340136,81.59166918320547,,,,,91.67887037454898,88.7125019982126,"rgba(0, 255, 255, 0.75)",4.126117457158764,88.7125019982126,1.5492767882059428,63.28482605774997,10.545377993455276,True,False,True,False,False,10.08650360434249,0.0,0.0,0.0,0.0,0,1.0125643198115355,0.9177326362340106,False,False,False,False,0.3402383642641591,0.3318529402745597,False,False,False,False,-298950.0,-169418.02018683203,False,False,False,False,20298.926393341684,False,False,False,False
2025-05-08 15:00:00+00:00,95.21,96.37,95.03,95.725,10729.0,,,,,,,,,,,,,,,,,,,94.29890201176882,90.92876332610908,89.3266119234691,87.93775092595247,86.29048632794519,80.82449008039562,,,,,,,,,,,,,,,,,,,94.54608614589785,91.74459613995882,90.14797981794126,88.67408077872804,81.63818671559079,,,,,91.74459613995882,88.75981219943246,"rgba(0, 255, 255, 0.75)",3.979852110295036,88.75981219943246,1.7501122171223564,62.48649324667956,10.545377993455276,True,False,True,False,False,10.913044543483444,0.0,0.0,0.0,0.0,0,1.0235944087897482,0.9136810185473654,False,False,False,False,0.33545114389702646,0.3336520420857931,False,False,False,False,-288221.0,-171259.92685060206,False,False,False,False,20150.555441506927,False,False,False,False
2025-05-08 16:00:00+00:00,95.83,97.14,95.5,97.08,5881.0,,,,,,,,,,,,,,,,,,,94.34004783349637,90.95662980178109,89.352653669615,87.96322008521506,86.31478046326984,80.85035232236935,,,,,,,,,,,,,,,,,,,94.60013026476035,91.78738672927034,90.17407520535043,88.70005612507545,81.66511460259669,,,,,91.78738672927034,88.7913133729818,"rgba(0, 255, 0, 1.0)",3.8975124025367722,88.7913133729818,2.12666074433101,64.27446354091569,10.545377993455276,True,False,True,False,False,12.682584331270071,0.0,0.0,0.0,0.0,0,1.020253481719667,0.920134466414716,False,False,False,False,0.3428282515562639,0.3382401468210285,False,False,False,False,-282340.0,-172982.09852733693,False,False,False,False,19929.322023809145,False,False,False,False
2025-05-08 17:00:00+00:00,96.895,96.9,95.95,96.06,4647.0,,,,,,,,,,,,,,,,,,,94.36771684969354,90.9774060872985,89.37233461006322,87.98261132077927,86.33339285270343,80.87037804061046,,,,,,,,,,,,,,,,,,,94.63526819948885,91.81878853038016,90.1936819118423,88.71976086386299,81.68593956496163,,,,,91.81878853038016,88.81429807560767,"rgba(0, 255, 255, 0.75)",3.861727985764414,88.81429807560767,1.8762849043491285,62.50413264022549,10.545377993455276,True,False,True,False,False,10.861525021112627,0.0,0.0,0.0,0.0,0,1.021970887003875,0.9185045554508325,False,False,False,False,0.3428282515345786,0.34053419917780353,False,False,False,False,-286987.0,-174749.6163796263,False,False,False,False,19692.386798633812,False,False,False,False
2025-05-08 18:00:00+00:00,96.26,96.98,96.26,96.725,5531.0,,,,,,,,,,,,,,,,,,,94.40545118175527,91.00354413388601,89.39679586523295,88.00654464741902,86.35623388561325,80.89468729546158,,,,,,,,,,,,,,,,,,,94.68367419909292,91.85848596715662,90.21818938037481,88.74416274422374,81.7112434242282,,,,,91.85848596715662,88.84354661131313,"rgba(0, 255, 0, 1.0)",3.8479913117281317,88.84354661131313,2.048199372141333,62.52281990005966,10.545377993455276,True,False,True,False,False,11.735633455278457,0.0,0.0,0.0,0.0,0,1.020078467574429,0.9173153179615213,False,False,False,False,0.34282825072686,0.3416812249523318,False,False,False,False,-281456.0,-176403.97891637628,False,False,False,False,19472.830414158867,False,False,False,False
2025-05-08 19:00:00+00:00,96.67,97.39,96.15,96.3,23992.0,,,,,,,,,,,,,,,,,,,94.55289898660936,91.11337663305619,89.50042888438645,88.10835694558943,86.45375683191669,80.99899677823716,,,,,,,,,,,,,,,,,,,94.86539111440817,92.02196501895439,90.32170436679681,88.84774854659457,81.81971834156661,,,,,92.02196501895439,88.96403113164689,"rgba(0, 255, 255, 0.75)",3.839969655473207,88.96403113164689,1.9104236560559698,61.29906605710372,10.545377993455276,True,False,True,False,False,10.971546771953367,0.0,0.0,0.0,0.0,1,1.0154014199890773,0.9579901693063899,False,False,False,False,0.3428282507231824,0.34225473783775706,False,False,False,False,-305448.0,-178404.66141379677,False,False,False,False,19542.895058900587,False,False,False,False
2025-05-09 14:00:00+00:00,96.26,96.4,92.71,93.96,15864.0,,,,,,,,,,,,,,,,,,,94.54460023014857,91.15482716709793,89.54610730783804,88.1568505159044,86.50313031365265,81.05735259451498,,,,,,,,,,,,,,,,,,,94.83557096986357,92.0738618171543,90.3644326208469,88.89528427015797,81.87977137194349,,,,,92.0738618171543,89.00107174355661,"rgba(38, 166, 154, 1.0)",3.7571887887880573,89.00107174355661,1.3198507009393503,55.21454624899044,10.20040547928356,False,True,True,False,False,6.9171987937681045,0.0,0.0,0.0,0.0,1,0.9596267837541164,0.9771240395170141,False,False,False,False,0.2630259554679486,0.30264034665285283,False,False,False,False,-321312.0,-180620.27906629603,False,False,False,False,19485.85792620445,False,False,False,False
2025-05-09 15:00:00+00:00,93.94,94.19,93.075,93.92,15714.0,,,,,,,,,,,,,,,,,,,94.51178113555457,91.18699932112956,89.58471421740228,88.1993555630861,86.5475680070754,81.1119487933885,,,,,,,,,,,,,,,,,,,94.7748092020255,92.10950560556664,90.39935156712585,88.93624359425175,81.93572484129496,,,,,92.10950560556664,89.0270910770819,"rgba(38, 166, 154, 1.0)",3.6691425404284943,89.0270910770819,1.3335292562241767,51.084471898942056,6.439510020607642,False,True,False,False,False,6.849869767871191,0.0,0.0,0.0,0.0,0,0.9613810798257064,0.9774170002875406,False,False,False,False,0.23078401474650617,0.2667121806996795,False,False,False,False,-337026.0,-183045.173964493,False,False,False,False,19427.379508743918,False,False,False,False
2025-05-09 16:00:00+00:00,93.91,93.91,93.01,93.62,8831.0,,,,,,,,,,,,,,,,,,,94.48971942752055,91.2032289899862,89.60498980287971,88.22204138755184,86.57156157973448,81.14190557378674,,,,,,,,,,,,,,,,,,,94.73706932921382,92.12629886326437,90.41741211818308,88.95793964206959,81.96636932606042,,,,,92.12629886326437,89.03986691275007,"rgba(38, 166, 154, 1.0)",3.5413183693072394,89.03986691275007,1.2933412389425776,47.73792369973451,3.4496896069326084,False,True,False,True,False,6.338238370344111,0.0,0.0,0.0,0.0,0,0.9799274595057336,0.9729888035324067,False,False,False,False,0.22480888933569998,0.24576053501768974,False,False,False,False,-345857.0,-185569.38832163264,False,False,False,False,19263.09455511998,False,False,False,False
2025-05-09 17:00:00+00:00,93.63,93.76,93.36,93.66,7152.0,,,,,,,,,,,,,,,,,,,94.47396061374035,91.21665741797612,89.62159072435463,88.24054822726299,86.59109510297753,81.16621714019365,,,,,,,,,,,,,,,,,,,94.7100130705767,92.1403752709479,90.43226008922394,88.97566648593514,81.99123999351188,,,,,92.1403752709479,89.05087492151826,"rgba(38, 166, 154, 1.0)",3.5412982591643507,89.05087492151826,1.30153540909863,45.62862218954835,1.5511533942179483,False,True,False,True,False,6.396582559254046,0.0,0.0,0.0,0.0,0,0.9818500238815477,0.9659289921986944,False,False,False,False,0.2282707806230948,0.23701565782039227,False,False,False,False,-338705.0,-187943.5838515298,False,False,False,False,19075.325647288664,False,False,False,False
2025-05-09 18:00:00+00:00,93.66,93.69,92.96,93.035,21130.0,,,,,,,,,,,,,,,,,,,94.41245742658165,91.24950388544549,89.66540530681519,88.2908096397417,86.64520024009036,81.23539884199761,,,,,,,,,,,,,,,,,,,94.61322335166618,92.17036658721534,90.47035441788951,89.02317799542858,82.06180853450965,,,,,92.17036658721534,89.0761551115801,"rgba(38, 166, 154, 1.0)",3.5291249291808686,89.0761551115801,1.1217638842098916,42.867016325080414,-1.0363033416082246,False,True,False,True,False,5.3085586310989115,0.0,0.0,0.0,0.0,0,0.9861814515204989,0.9590943465407795,False,False,False,False,0.21947308255126954,0.2282443701858309,False,False,False,False,-359835.0,-190608.56704763012,False,False,False,False,19107.18106360977,False,False,False,False
2025-05-09 19:00:00+00:00,93.035,93.33,92.34,92.86,32500.0,,,,,,,,,,,,,,,,,,,94.3017030226425,91.28855057617086,89.72369498282248,88.3602934178652,86.72195131093996,81.33690494070345,,,,,,,,,,,,,,,,,,92.84333333333335,94.45162951861101,92.19773983832432,90.51906045102547,89.0877141201448,82.16495311046738,,,,,92.19773983832432,89.41646071858757,"rgba(38, 166, 154, 0.5)",3.5265811264511626,89.41646071858757,0.976452591883998,40.65246942153844,-3.1618073257977173,False,True,False,True,False,5.003016857620981,0.0,0.0,0.0,0.0,0,0.9791570492105994,0.9653309943680176,False,False,False,False,0.2025275945698153,0.2153859823778231,False,False,False,False,-392335.0,-193736.10864379088,False,False,False,False,19314.821667274733,False,False,False,False
2025-05-12 14:00:00+00:00,96.63,97.535,95.72,96.43,35404.0,,,,,,,,,,,,,,,,,,,94.46306551430439,91.42561991727403,89.85764777927176,88.4944232382767,86.85291649060049,81.48056604372005,,,,,,,,,,,,,,,,,,94.78200960179076,94.64250855335274,92.382900946496,90.65121392995798,89.22277247575686,82.31344266822586,,,,,92.382900946496,89.71409059658565,"rgba(0, 255, 255, 0.75)",3.5633192176462334,89.71409059658565,1.8847341462297005,47.84511510568059,-8.869431253676495,False,True,False,False,True,10.139798984822278,0.0,0.0,0.0,0.0,0,0.9758819376437635,0.9576396638502358,False,False,False,False,0.33754634945366735,0.27646616591574524,False,False,False,False,-356931.0,-196266.2619981507,False,False,False,False,19564.2662925883,False,False,False,False
2025-05-12 15:00:00+00:00,96.4,99.465,96.23,99.19,17469.0,,,,,,,,,,,,,,,,,,,94.59347162263956,91.51261034020646,89.93842124357246,88.57287732573629,86.92757018454981,81.55848969856817,,,,,,,,,,,,,,,,,,95.5008367399529,94.79857448952636,92.50413686982517,90.73281898998567,89.30294870186376,82.39436395122148,,,,,92.50413686982517,89.86142667980401,"rgba(0, 255, 0, 1.0)",3.6522777824256645,89.86142667980401,2.554179576669659,55.93639020071473,-1.657148602055159,False,True,True,False,True,13.689265879985278,0.0,0.0,0.0,0.0,0,0.9873106276341272,0.9468048752705319,False,False,False,False,0.3428282508926466,0.3096472084041959,False,False,False,False,-339462.0,-198486.35095941968,False,False,False,False,19531.781543866,False,False,False,False
2025-05-12 16:00:00+00:00,99.16,100.36,98.78,100.1,19865.0,,,,,,,,,,,,,,,,,,,94.78546543257345,91.62950073999117,90.04404753669766,88.67367475314242,87.02197927966475,81.65383823950742,,,,,,,,,,,,,,,,,,96.30229069664317,95.02785748886365,92.66917693821014,90.8409371362049,89.40686043807347,82.49370479621886,,,,,92.66917693821014,90.04577778964926,"rgba(0, 255, 0, 1.0)",3.758138645803427,90.04577778964926,2.6753196616569492,62.153216487541876,3.6791814444158675,True,False,True,False,True,14.7976856450004,0.0,0.0,0.0,0.0,0,1.0009176837661744,0.9394558135266585,False,False,False,False,0.34282825097167596,0.32623772968793596,False,False,False,False,-319597.0,-200364.035440669,False,False,False,False,19536.94772148048,False,False,False,False
2025-05-12 17:00:00+00:00,100.03,100.57,99.915,99.915,18468.0,,,,,,,,,,,,,,,,,,,94.96449903592779,91.74026938395792,90.14405812666975,88.76898178074418,87.11113965042414,81.74346440389559,,,,,,,,,,,,,,,,,,96.8742249230703,95.23871273127907,92.82402531753638,90.94341529421602,89.50517072263722,82.58709173421246,,,,,92.82402531753638,90.20375442538091,"rgba(0, 255, 0, 1.0)",3.870156655813907,90.20375442538091,2.5092642076982776,65.80443105453303,6.74071836260503,True,False,True,False,True,14.462171033110344,0.0,0.0,0.0,0.0,0,0.9977382875605819,0.9411493191783983,False,False,False,False,0.34282825092625185,0.33453299030709394,False,False,False,False,-338065.0,-202498.93411600747,False,False,False,False,19520.374888589307,False,False,False,False
2025-05-12 18:00:00+00:00,100.01,100.29,99.5,99.93,23458.0,,,,,,,,,,,,,,,,,,,95.16608337057252,91.87318531657678,90.26544969918638,88.88540926353481,87.22071640691134,81.85467367192103,,,,,,,,,,,,,,,,,,97.35759734038217,95.47138289983361,93.0058682355757,91.06723761020795,89.6248674423134,82.70278134381675,,,,,93.0058682355757,90.37460438340271,"rgba(0, 255, 0, 1.0)",3.973848496592947,90.37460438340271,2.4045696822085167,68.2547701412465,8.931178353091,True,False,True,False,True,14.480879248430494,0.0,0.0,0.0,0.0,0,0.9893698502959268,0.94886851572473,False,False,False,False,0.3307512154594293,0.3326421028832616,False,False,False,False,-314607.0,-204237.04366459648,False,False,False,False,19581.423339929006,False,False,False,False
2025-05-12 19:00:00+00:00,99.93,100.54,99.78,100.33,61062.0,,,,,,,,,,,,,,,,,,,95.65085514998803,92.21230521521362,90.57744264771425,89.18557365526863,87.50409926391382,82.14273257347976,,,,,,,,,,,,,,,,,,98.19601565126354,96.01635659191746,93.45758760262213,91.3848259983098,89.93291520542904,83.00209964608533,,,,,93.45758760262213,90.77190076676713,"rgba(0, 255, 0, 1.0)",4.078610850334783,90.77190076676713,2.343469280097735,70.34839669755814,11.022063303712102,True,False,True,False,True,14.98554523954072,0.0,0.0,0.0,0.0,0,0.987841661016157,0.951600458275854,False,False,False,False,0.3399524326700518,0.3362972677766567,False,False,False,False,-253545.0,-205001.50810390504,False,False,False,False,20224.533055589018,False,False,False,False
2025-05-13 14:00:00+00:00,107.56,107.805,106.1,107.4,31134.0,,,,,,,,,,,,,,,,,,,96.1851063503505,92.51460489862922,90.83743821592061,89.42433372855615,87.71959055580675,82.34079011959587,,,,,,,,,,,,,,,,,,99.35439022810829,96.6295689941598,93.87990462622463,91.65815182294257,90.18379059233565,83.21028773769581,,,,,93.87990462622463,91.16149648919382,"rgba(0, 255, 0, 1.0)",4.433931740078534,91.16149648919382,3.6623260038095595,76.03510286865227,16.511397565808707,True,False,True,False,True,20.0,0.0,0.0,0.0,0.0,0,0.9909817585570816,0.9411992439252123,False,False,False,False,0.3428282517642703,0.33956275977046346,False,False,False,False,-222411.0,-205271.42270694528,False,False,False,False,20393.672077982985,False,False,False,False
2025-05-13 15:00:00+00:00,107.39,110.38,107.065,109.62,42247.0,,,,,,,,,,,,,,,,,,,96.94939795279853,92.9571824278156,91.2175627880288,89.77242487435264,88.03275925144251,82.62502345775829,,,,,,,,,,,,,,,,,,100.80468595122517,97.49480599214415,94.49023329364302,92.0584508708677,90.5500470343818,83.50934719606161,,,,,94.49023329364302,91.70516009087665,"rgba(0, 255, 0, 1.0)",4.864199976811666,91.70516009087665,3.6829982308552176,80.46219469009134,20.7504103954592,True,False,True,False,True,20.0,0.0,0.0,0.0,0.0,0,0.9976111061029479,0.9246146218335887,False,False,False,False,0.3428282519087263,0.3411955058395949,False,False,False,False,-180164.0,-204882.16033939575,False,False,False,False,20732.48336359565,False,False,False,False
2025-05-13 16:00:00+00:00,109.51,110.31,109.11,109.755,38719.0,,,,,,,,,,,,,,,,,,,97.6104648838058,93.3593265472395,91.5654703893878,90.09202748757758,88.32114688336726,82.8870543220186,,,,,,,,,,,,,,,,,,101.8829176266262,98.23035891676723,95.03297990890354,92.42400051481016,90.88574242501659,83.7848004492996,,,,,95.03297990890354,92.17302419623498,"rgba(0, 255, 0, 1.0)",5.255394525782232,92.17302419623498,3.345510164367356,83.45012533753683,23.70764879520074,True,False,True,False,True,20.0,0.0,0.0,0.0,0.0,0,1.004053838620784,0.9330888883827915,False,False,False,False,0.3428282519897917,0.3420118789146933,False,False,False,False,-141445.0,-203898.6384736687,False,False,False,False,21011.344086640678,False,False,False,False
2025-05-13 17:00:00+00:00,109.76,110.695,109.48,109.99,26909.0,,,,,,,,,,,,,,,,,,,98.04245375279615,93.63304462172528,91.80391079245666,90.31181449689254,88.52011713783658,83.06839913861518,,,,,,,,,,,,,,,,,,102.51621370733555,98.70477402894694,95.39592531154736,92.6739453637904,91.11617167409266,83.97524308997936,,,,,95.39592531154736,92.48016775966788,"rgba(0, 255, 0, 1.0)",5.606842528120028,92.48016775966788,3.1229398993310333,85.51150013095426,25.932942132439337,True,False,True,False,True,20.0,0.0,0.0,0.0,0.0,0,1.0149779332738793,0.9242413848299833,False,False,False,False,0.34282825201941286,0.34242006546705306,False,False,False,False,-114536.0,-202513.17121051103,False,False,False,False,21102.780612429193,False,False,False,False
2025-05-13 18:00:00+00:00,110.085,110.47,109.13,110.355,44308.0,,,,,,,,,,,,,,,,,,,98.68816064259481,94.062863479837,92.18194671040973,90.66210914323881,88.83887927026977,83.3610204190125,,,,,,,,,,,,,,,,,,103.36140052731542,99.4037950893652,95.95411599527945,93.06881547356434,91.48239812150018,84.28205226613055,,,,,95.95411599527945,92.94562976154315,"rgba(0, 255, 0, 1.0)",5.943477265036039,92.94562976154315,2.929155688181352,87.00070676846629,27.76127829418631,True,False,True,False,True,20.0,0.0,0.0,0.0,0.0,0,1.012091233855455,0.9244068883392871,False,False,False,False,0.3359553217851198,0.3391876936260864,False,False,False,False,-70228.0,-200462.23832352637,False,False,False,False,21462.551455647343,False,False,False,False
2025-05-13 19:00:00+00:00,110.355,110.545,109.67,109.9,90571.0,,,,,,,,,,,,,,,,,,,99.81775139615185,94.87746793419196,92.90995516993024,91.3425788936414,89.46345135451226,83.94096882495558,,,,,,,,,,,,,,,,,,104.61574385933618,100.59943593225725,96.97574037010966,93.82480417715185,92.19050241823933,84.88847382215219,,,,,96.97574037010966,93.78723951271915,"rgba(0, 255, 0, 1.0)",6.240091280517417,93.78723951271915,2.5821353827927997,86.65647911111402,27.969247905580374,True,False,True,False,True,20.0,0.0,0.0,0.0,0.0,0,1.009462060117302,0.9263196480938415,False,False,False,False,0.34282825202096195,0.3410079728235242,False,False,False,False,-160799.0,-199847.30439602982,False,False,False,False,22534.000270288467,False,False,False,False
2025-05-14 14:00:00+00:00,112.155,112.345,110.405,112.04,44029.0,,,,,,,,,,,,,,,,,,,100.36132051483615,95.2818800856221,93.27311857260122,91.68255644261687,89.77597016313462,84.23018060029428,,,,,,,,,,,,,,,,,,105.19992544168917,101.16934371540063,97.47374428757465,94.20152823121047,92.54394675243198,85.1907076547689,,,,,97.47374428757465,94.19868520518175,"rgba(0, 255, 0, 1.0)",6.5847561126486225,94.19868520518175,2.7094875633354096,87.3196833712203,29.267027239895015,True,False,True,False,True,20.0,0.0,0.0,0.0,0.0,0,1.0104029437150779,0.9148912006541589,False,False,False,False,0.34282825211521495,0.34191811246936954,False,False,False,False,-116770.0,-198559.28417283556,False,False,False,False,22867.256080051437,False,False,False,False
2025-05-14 15:00:00+00:00,111.9,112.455,110.78,112.11,13795.0,,,,,,,,,,,,,,,,,,,100.52409158284992,95.40598557502257,93.38513661872264,91.78770884650018,89.87289444111329,84.3201590712148,,,,,,,,,,,,,,,,,,105.36808386024569,101.33890223468971,97.6248243477529,94.31751827245544,92.65310249207026,85.28465367278534,,,,,97.6248243477529,94.32358841795191,"rgba(0, 255, 0, 1.0)",6.902174459564944,94.32358841795191,2.5769287180795484,87.78821469726596,30.41693972608249,True,False,True,False,True,20.0,0.0,0.0,0.0,0.0,0,1.0105687193065838,0.9176228302441892,False,False,False,False,0.3428282521324081,0.3423731823008888,False,False,False,False,-102975.0,-197077.357286435,False,False,False,False,22726.600947027382,False,False,False,False
2025-05-14 16:00:00+00:00,111.815,112.53,111.52,111.87,12724.0,,,,,,,,,,,,,,,,,,,100.67265247922467,95.52013270953981,93.48832652355739,91.88464724968928,89.96231544431946,84.40320804591866,,,,,,,,,,,,,,,,,,105.5201572691205,101.49334652209065,97.76322240617644,94.42431383906896,92.75368912685336,85.37134197152773,,,,,97.76322240617644,94.43811279892391,"rgba(0, 255, 0, 1.0)",7.173710649760476,94.43811279892391,2.4299679833975643,87.32581570331726,30.639235774077022,True,False,True,False,True,20.0,0.0,0.0,0.0,0.0,0,1.013759258834591,0.9323044465338132,False,False,False,False,0.34282825216072843,0.34260071723080865,False,False,False,False,-115699.0,-195815.67732850576,False,False,False,False,22571.521862577345,False,False,False,False
2025-05-14 17:00:00+00:00,111.87,111.87,110.71,110.915,10521.0,,,,,,,,,,,,,,,,,,,100.78403038955538,95.60875645879703,93.56909556094375,91.9609044558427,90.03301428755702,84.46949998226316,,,,,,,,,,,,,,,,,,105.62561036406758,101.60811100108349,97.86926223656144,94.50762541800746,92.83260792533956,85.44043191588345,,,,,97.86926223656144,94.52574583299184,"rgba(0, 255, 0, 1.0)",7.371417269939886,94.52574583299184,2.2233518422356,83.99466267977374,30.639235774077022,True,False,True,False,False,20.0,0.0,0.0,0.0,0.0,0,1.005840051300843,0.9311561011359469,False,False,False,False,0.3263451013353256,0.33447290928306717,False,False,False,False,-126220.0,-194736.6745792266,False,False,False,False,22384.692066258314,False,False,False,False
2025-05-14 18:00:00+00:00,110.915,112.35,110.725,112.01,14515.0,,,,,,,,,,,,,,,,,,,100.94151411780501,95.73349825827282,93.68264237363285,92.06800207360203,90.13220852848372,84.56222560055397,,,,,,,,,,,,,,,,,,105.7781073271271,101.77058051964816,98.0185553753582,94.62482608306885,92.94349778622023,85.53709593923313,,,,,98.0185553753582,94.64939616525051,"rgba(0, 255, 0, 1.0)",7.602157827263985,94.64939616525051,2.2836415961384446,82.67489965197505,30.639235774077022,True,False,True,False,False,20.0,0.0,0.0,0.0,0.0,0,1.0077054990282386,0.9290728249685606,False,False,False,False,0.3318760442326252,0.33317447675784617,False,False,False,False,-111705.0,-193449.3617950525,False,False,False,False,22262.681336548885,False,False,False,False
2025-05-14 19:00:00+00:00,112.0,113.74,111.94,113.47,36227.0,,,,,,,,,,,,,,,,,,113.04999999999998,101.36253907869681,96.06228007310862,93.98078455064659,92.34840447838278,90.39117344951117,84.8023419057918,,,,,,,,,,,,,,,,,,106.20721325351904,102.20649342819266,98.41302909403244,94.93315791536153,93.23424860518574,85.78761408092072,,,,,98.41302909403244,96.36763691641153,"rgba(0, 255, 0, 1.0)",7.822944742323183,96.36763691641153,2.186179711977561,82.80479460914785,30.639235774077022,True,False,True,False,False,20.0,0.0,0.0,0.0,0.0,0,1.0150050168749432,0.920893003739852,False,False,False,False,0.3428282522153119,0.338001364486579,False,False,False,False,-75478.0,-191620.3484338889,False,False,False,False,22479.182401098515,False,False,False,False
2025-05-15 14:00:00+00:00,110.95,111.35,108.98,109.48,13500.0,,,,,,,,,,,,,,,,,,112.20478512679227,101.47221673021457,96.1597567786331,94.07179494757574,92.43556137723452,90.47313143946045,84.88104100835402,,,,,,,,,,,,,,,,,,106.28745809724936,102.31624067362998,98.52463361077396,95.02614039795154,93.32377089014102,85.86927854320733,,,,,98.52463361077396,96.38813920163216,"rgba(0, 255, 255, 0.75)",7.9225565778813,97.35589116342034,1.5303278326125846,74.08380536062165,29.944740284035404,True,False,True,False,False,19.509606618084383,0.0,0.0,0.0,0.0,0,0.9941724941724945,0.9241079433387124,False,False,False,False,0.2850329995758164,0.3115171820311977,False,False,False,False,-88978.0,-190028.9941946038,False,False,False,False,22339.970270848928,False,False,False,False
2025-05-15 15:00:00+00:00,109.38,111.0,109.38,110.8,7879.0,,,,,,,,,,,,,,,,,,111.95702571491395,101.53832480602732,96.21788155462617,94.12594829009261,92.48734762009859,90.5217625508255,84.92757780176767,,,,,,,,,,,,,,,,,,106.33837890206895,102.38261698097661,98.59134266435825,95.08152284981034,93.3770007234988,85.91758512619961,,,,,98.59134266435825,96.42033196809726,"rgba(0, 255, 255, 0.75)",8.058596816919074,97.397805844957,1.6630927765122834,69.79974465707974,26.08562998334125,True,False,True,False,False,20.0,0.0,0.0,0.0,0.0,0,0.998233650083846,0.9254108440469534,False,False,False,False,0.28556411077311583,0.2985406464021568,False,False,False,False,-81099.0,-188340.15707530762,False,False,False,False,22115.7691813784,False,False,False,False
2025-05-15 16:00:00+00:00,110.81,111.97,110.71,111.63,5477.0,,,,,,,,,,,,,,,,,,111.91184703750085,101.58905166858797,96.26096077077487,94.16578196753981,92.52525794207405,90.55719584964115,84.96114870903664,,,,,,,,,,,,,,,,,,106.38195591525552,102.43404486658287,98.64133516025151,95.1223940123968,93.41606444891858,85.95247958489891,,,,,98.64133516025151,96.45534753334303,"rgba(0, 255, 255, 0.75)",8.198360255189723,97.44971932392775,1.7296483973238244,67.8439779280921,24.34597277202448,True,False,True,False,False,20.0,0.0,0.0,0.0,0.0,0,1.0147255386148937,0.9158605378219796,False,False,False,False,0.31017094222520974,0.30435579431368326,False,False,False,False,-75622.0,-186592.5887485587,False,False,False,False,21857.80376771362,False,False,False,False
2025-05-15 17:00:00+00:00,111.56,112.29,111.555,112.04,4058.0,,,,,,,,,,,,,,,,,,111.91485813437392,101.62828789245945,96.29382068330733,94.19607092940753,92.5540256934166,90.58402980581228,84.98645930499104,,,,,,,,,,,,,,,,,,106.41706927879157,102.47397361739071,98.67963470214488,95.1535148936758,93.44573862926924,85.9788033336426,,,,,98.67963470214488,96.48509899220639,"rgba(0, 255, 255, 0.75)",8.326653875162425,97.4922080915394,1.7471354191694237,66.98823418152462,23.454033697665807,False,False,True,False,False,20.0,0.0,0.0,0.0,0.0,0,1.0110827909517093,0.9196213190114239,False,False,False,False,0.32277338501644043,0.31356458966506184,False,False,False,False,-71564.0,-184809.1997757128,False,False,False,False,21581.83781782659,False,False,False,False
2025-05-15 18:00:00+00:00,111.97,112.26,111.42,111.92,6516.0,,,,,,,,,,,,,,,,,,111.91059491969534,101.69009939294101,96.34597943689006,94.2442323997734,92.59981559039818,90.62678622355622,85.02685905772044,,,,,,,,,,,,,,,,,,106.47158575072991,102.53675742719837,98.74023770884145,95.20296520921528,93.49294536264225,86.02080639873334,,,,,98.74023770884145,96.53151268294889,"rgba(0, 255, 255, 0.75)",8.432950843443155,97.55124822792278,1.7038818367178443,66.15394128410972,22.421373099560384,False,False,True,False,False,20.0,0.0,0.0,0.0,0.0,0,1.0060493041026108,0.9194942235968342,False,False,False,False,0.3209825381007655,0.31727356388291367,False,False,False,False,-78080.0,-183154.48350012035,False,False,False,False,21348.25893693005,False,False,False,False
2025-05-15 19:00:00+00:00,111.92,112.12,110.54,111.4,28681.0,,,,,,,,,,,,,,,,,,111.75441813728364,101.94023970433965,96.56401166111739,94.44705196737073,92.79350910178012,90.80846013048846,85.19987591366817,,,,,,,,,,,,,,,,,,106.67747691298698,102.7887439399541,98.9903209732906,95.41059366712237,93.69216179832874,86.2004393274664,,,,,98.9903209732906,96.71286947963057,"rgba(0, 255, 255, 0.75)",8.504890256215598,97.73655559536824,1.6065397663004712,64.39822157549592,20.463572760748008,False,False,True,False,False,20.0,0.0,0.0,0.0,0.0,0,1.0111729295877419,0.917502736227654,False,False,False,False,0.3099554330889521,0.3136144984859329,False,False,False,False,-106761.0,-181970.08840709523,False,False,False,False,21461.944844884623,False,False,False,False
2025-05-16 14:00:00+00:00,111.81,112.32,110.38,110.87,7765.0,,,,,,,,,,,,,,,,,,111.71461262030401,102.0046130114805,96.62131554639711,94.50061561593729,92.84480726064122,90.85671269120233,85.24603733750784,,,,,,,,,,,,,,,,,,106.72842150563899,102.85325306250394,99.05545883105002,95.4653246579697,93.74484307946778,86.2483222084309,,,,,99.05545883105002,96.76033364834858,"rgba(0, 255, 255, 0.75)",8.57049938993018,97.78172203151567,1.5271313109084719,62.00718045992224,17.939690105994515,False,True,True,False,False,19.912505954151175,0.0,0.0,0.0,0.0,0,1.0134281740875,0.9124546884618016,False,False,False,False,0.3103864792866442,0.31200048888628856,False,False,False,False,-114526.0,-180924.44362558986,False,False,False,False,21249.589110855402,False,False,False,False
2025-05-16 15:00:00+00:00,111.04,111.84,110.74,111.73,7573.0,,,,,,,,,,,,,,,,,,111.69672550052687,102.06820030516656,96.67771059596733,94.55329297001211,92.8952311846114,90.904120804428,85.29132622380858,,,,,,,,,,,,,,,,,,106.77969684898582,102.91705344590612,99.11959735322735,95.51916947797136,93.79663925380311,86.29530479767497,,,,,99.11959735322735,96.80877452016074,"rgba(0, 255, 255, 0.75)",8.64014436868462,97.82920592430621,1.6088613201969053,61.82361978299748,17.452166525844262,False,True,True,False,False,20.0,0.0,0.0,0.0,0.0,0,1.0174592235240065,0.9156673558465422,False,False,False,False,0.30909367528712306,0.3105470820867058,False,False,False,False,-106953.0,-179777.5995383714,False,False,False,False,21037.54896960183,False,False,False,False
2025-05-16 16:00:00+00:00,111.78,112.235,111.78,111.83,18540.0,,,,,,,,,,,,,,,,,,111.73097117812884,102.22862058954637,96.81870409629663,94.68475021060068,93.02090568875856,91.02213665693286,85.40369980304,,,,,,,,,,,,,,,,,,106.91392382929409,103.07846046487116,99.2802575742531,95.65365946921061,93.92581539979398,86.41191567675997,,,,,99.2802575742531,96.93644774134512,"rgba(0, 255, 255, 0.75)",8.69046309271069,97.9590639054022,1.596110120556445,61.865378713241995,17.078423221335044,False,True,True,False,False,20.0,0.0,0.0,0.0,0.0,0,1.0139174661888801,0.9172118830193039,False,False,False,False,0.32462059574113467,0.3175838389139202,False,False,False,False,-88413.0,-178361.09411917184,False,False,False,False,20998.827280150635,False,False,False,False
2025-05-16 17:00:00+00:00,111.83,112.225,111.56,111.91,16452.0,,,,,,,,,,,,,,,,,,111.74900666806403,102.36596353058283,96.94124984049313,94.79941673158547,93.13075534063067,91.12551085405153,85.50244094514348,,,,,,,,,,,,,,,,,,107.02620110556441,103.21615315356348,99.41894173943504,95.77081184612732,94.03859981838569,86.51430858507112,,,,,99.41894173943504,97.04610462759216,"rgba(0, 255, 255, 0.75)",8.680885591784895,98.06740022613474,1.5946068667193498,62.03739264422448,16.79319533484967,False,True,True,False,False,20.0,0.0,0.0,0.0,0.0,0,1.0094401041666667,0.92041015625,False,False,False,False,0.32212193691941177,0.319852887916666,False,False,False,False,-71961.0,-176711.4802568591,False,False,False,False,20928.33383394675,False,False,False,False
2025-05-16 18:00:00+00:00,111.915,112.425,111.575,112.315,13031.0,,,,,,,,,,,,,,,,,,111.77700290888899,102.4743086317939,97.03823086053167,94.89024587596526,93.21780805324278,91.2074732609459,85.58073748880103,,,,,,,,,,,,,,,,,,107.11522733030488,103.32472462803614,99.52842686245837,95.86358514749452,94.12795454694974,86.59548359536257,,,,,99.52842686245837,97.13393916852121,"rgba(0, 255, 255, 0.75)",8.663808322998532,98.15443002091357,1.6344509771178177,62.914496460330525,16.79319533484967,False,False,True,False,False,20.0,0.0,0.0,0.0,0.0,0,1.0032395887130854,0.9297619606554297,False,False,False,False,0.3244575205902035,0.32215520425343475,False,False,False,False,-58930.0,-174885.41079551243,False,False,False,False,20805.89454969951,False,False,False,False
2025-05-16 19:00:00+00:00,112.3,113.29,112.17,113.28,32880.0,,,,,,,,,,,,,,,,,,111.9651524330367,102.75933461714764,97.29034562656771,95.12580966793512,93.44320123508955,91.41935361661488,85.78222161153681,,,,,,,,,,,,,,,,,,107.3608119932275,103.61140461987983,99.81368761494373,96.10447458044196,94.35949861622602,86.8044529708107,,,,,99.81368761494373,97.372288400266,"rgba(0, 255, 255, 0.75)",8.646544572026277,99.36507757260487,1.6093044234587492,65.149701301513,16.79319533484967,False,False,True,False,True,20.0,0.0,0.0,0.0,0.0,0,0.994979943231134,0.9277252574538457,False,False,False,False,0.34041008849734133,0.33128264637538807,False,False,False,False,-26050.0,-172577.88504674478,False,False,False,False,20993.089983037502,False,False,False,False
2025-05-19 14:00:00+00:00,111.035,112.32,109.9,110.0,15760.0,,,,,,,,,,,,,,,,,,111.8750689561862,102.8624304663012,97.39195268694013,95.22301967180778,93.53756117008754,91.50933082100886,85.87009522304184,,,,,,,,,,,,,,,,,,107.42805128001176,103.71211879575675,99.92417450731796,96.20292131731877,94.45570570030033,86.89520372902646,,,,,99.92417450731796,97.45289494808503,"rgba(38, 166, 154, 1.0)",8.554094521928734,99.38219156758355,1.2412545132856918,58.54283895423369,13.063656715098823,False,True,True,False,False,16.316017366568108,0.0,0.0,0.0,0.0,0,0.976548169131818,0.9330345740358045,False,False,False,False,0.3052212458475178,0.3182519461114529,False,False,False,False,-41810.0,-170550.4759762526,False,False,False,False,20911.95680500591,False,False,False,False
2025-05-19 15:00:00+00:00,109.97,110.135,109.18,109.8,18768.0,,,,,,,,,,,,,,,,,,111.70035153384495,102.96610040589239,97.50173956217245,95.32959906401781,93.64191601379792,91.6096857607589,85.96961527836977,,,,,,,,,,,,,,,,,109.70500000000001,107.48075664514485,103.81127913038775,100.04055384941809,96.31021901561249,94.561622388956,86.99772963540586,,,,,100.04055384941809,98.40186916312709,"rgba(38, 166, 154, 1.0)",8.456379767120614,100.03688175152087,1.1545269391092472,53.78507826852961,8.833784716462922,False,True,True,False,False,15.956584900814114,0.0,0.0,0.0,0.0,0,0.9773244737698065,0.9385019283490543,False,False,False,False,0.27428477654037486,0.2962683613259139,False,False,False,False,-60578.0,-168845.4763487138,False,False,False,False,20878.71716461822,False,False,False,False
2025-05-19 16:00:00+00:00,109.8,111.13,109.5,111.13,20849.0,,,,,,,,,,,,,,,,,,111.60892146014794,103.0922365283398,97.6300739132773,95.45332121631712,93.76255033442841,91.72524703827266,86.0832708414115,,,,,,,,,,,,,,,,,110.16898940690444,107.5586196964122,103.9335698202,100.17813442241844,96.43514710038356,94.68432196054222,87.11492884723125,,,,,100.17813442241844,98.53066661330624,"rgba(38, 166, 154, 1.0)",8.371593545765148,100.13073964821444,1.3138789277878444,53.37828105456005,8.603567725696621,False,True,True,False,False,17.492579875050577,0.0,0.0,0.0,0.0,0,0.9788323187603767,0.9295332964397711,False,False,False,False,0.28822202779195927,0.2922451945589366,False,False,False,False,-39729.0,-166843.67051385003,False,False,False,False,20878.25643338383,False,False,False,False
2025-05-19 17:00:00+00:00,111.075,111.7,110.75,110.96,12582.0,,,,,,,,,,,,,,,,,,111.5866285420215,103.17179663879594,97.70954678919787,95.52969765701019,93.83687637370141,91.79632154997778,86.15288175752741,,,,,,,,,,,,,,,,,110.40223746304208,107.61194481756286,104.01118345566793,100.26373482713672,96.51237588320842,94.75999373798912,87.18673885606827,,,,,100.26373482713672,98.60942559635055,"rgba(38, 166, 154, 1.0)",8.392801990530543,100.19763806999238,1.2823324012827426,52.739922318820845,7.9330447395359585,False,True,False,False,False,17.179809697050516,0.0,0.0,0.0,0.0,0,0.9846641259929292,0.9272234721520729,False,False,False,False,0.30769426675088934,0.29996973065491295,False,False,False,False,-52311.0,-165067.97019580583,False,False,False,False,20749.63230263369,False,False,False,False
2025-05-19 18:00:00+00:00,110.95,111.07,110.53,110.72,3779.0,,,,,,,,,,,,,,,,,,111.5752587702586,103.1943100107997,97.7325931616901,95.55196158100992,93.85860990902887,91.81716810436923,86.17341094200692,,,,,,,,,,,,,,,,,110.42728964950517,107.62603287874231,104.03299706581484,100.2883339176136,96.5348409741736,94.78208475552223,87.20789727681134,,,,,100.2883339176136,98.6287706426676,"rgba(38, 166, 154, 1.0)",8.39753816724113,100.21284677468188,1.2512182756497157,51.761820729177145,6.8244432917583,False,True,False,False,False,16.73294092583562,0.0,0.0,0.0,0.0,0,0.9836944075482069,0.9302890120459851,False,False,False,False,0.2985727480554596,0.2992712393551863,False,False,False,False,-56090.0,-163378.3892625375,False,False,False,False,20486.521724298284,False,False,False,False
2025-05-19 19:00:00+00:00,110.78,111.53,110.685,111.51,17289.0,,,,,,,,,,,,,,,,,,111.55520538514493,103.30189218102286,97.84075173106936,95.65610422801434,93.96006754149565,91.91430228317135,86.26867722027653,,,,,,,,,,,,,,,,,110.61946026178225,107.69827418649014,104.1378373656626,100.40438422607359,96.64007415652615,94.88531648160247,87.3061295442469,,,,,100.40438422607359,98.72774834232708,"rgba(38, 166, 154, 1.0)",8.408451029274834,100.29887471598846,1.3333163557686105,52.89272764967286,6.8244432917583,False,True,True,False,False,17.666501316466928,0.0,0.0,0.0,0.0,0,0.984464469031596,0.9284589939546023,False,False,False,False,0.3051675248237592,0.30221938208947274,False,False,False,False,-38801.0,-161446.95687087023,False,False,False,False,20436.947744076606,False,False,False,False
2025-05-20 14:00:00+00:00,110.65,111.79,109.995,111.37,15052.0,,,,,,,,,,,,,,,,,,111.53016304431623,103.3910531823795,97.93220008287116,95.74456103247317,94.0464776151621,91.99725719110928,86.35040290937727,,,,,,,,,,,,,,,,,110.69312018553954,107.75560924595655,104.22428471251352,100.50169826816197,96.72929636979849,94.9731106697796,87.39032641582402,,,,,100.50169826816197,98.80425435180447,"rgba(38, 166, 154, 1.0)",8.3949450883277,100.36341218423215,1.3110970589993942,53.26419796439274,6.8244432917583,False,True,True,False,False,17.398793846658382,0.0,0.0,0.0,0.0,0,0.9814680725890393,0.9278635108838299,False,False,False,False,0.3005538673912246,0.30138662474034866,False,False,False,False,-53853.0,-159778.83350853116,False,False,False,False,20353.460182152936,False,False,False,False
2025-05-20 15:00:00+00:00,111.27,112.06,110.85,112.06,7426.0,,,,,,,,,,,,,,,,,,111.53319259727469,103.43770446523054,97.97891101807227,95.78953847450944,94.09029278852927,92.0392102268232,86.39150724919807,,,,,,,,,,,,,,,,,110.76785302974916,107.78824028871952,104.26985176822193,100.55177222460325,96.77475125709259,95.01769077744541,87.43270241091551,,,,,100.55177222460325,98.84737275545604,"rgba(38, 166, 154, 1.0)",8.382135980977939,100.40307202908716,1.3906870512917686,55.09734836641266,6.8244432917583,False,True,True,False,True,18.223691100112195,0.0,0.0,0.0,0.0,0,0.9854172292735622,0.9270411378161848,False,False,False,False,0.3126513108287302,0.3070189677845394,False,False,False,False,-46427.0,-158021.440740957,False,False,False,False,20153.03444289475,False,False,False,False
2025-05-20 16:00:00+00:00,112.1,112.28,111.37,111.395,5576.0,,,,,,,,,,,,,,,,,,111.5358153287292,103.47249456534763,98.01384035646805,95.82319708575287,94.12309608537754,92.07063420771416,86.42231426839754,,,,,,,,,,,,,,,,,110.81814294831936,107.81254157161331,104.30381590910521,100.58916098297152,96.80875768531489,95.05105864379857,87.46445707679483,,,,,100.58916098297152,98.87923762255033,"rgba(38, 166, 154, 1.0)",8.322734903821024,100.43238448962023,1.3171890775166648,54.34450397653518,6.8244432917583,False,True,True,False,True,16.928996671516785,0.0,0.0,0.0,0.0,0,0.9925962936046512,0.9253724563953486,False,False,False,False,0.32065714367075987,0.31383805572764967,False,False,False,False,-52003.0,-156377.74398528328,False,False,False,False,19927.03390889638,False,False,False,False
2025-05-20 17:00:00+00:00,111.395,112.17,111.28,111.66,9150.0,,,,,,,,,,,,,,,,,,111.54053436367926,103.52910089530772,98.07086404465787,95.87819673625563,94.17672683904215,92.12203917934441,86.47274830879124,,,,,,,,,,,,,,,,,110.89146076044089,107.85198803039233,104.35904199881833,100.65009193746013,96.86430677845067,95.10559636852595,87.5164318877172,,,,,100.65009193746013,98.93065200920601,"rgba(38, 166, 154, 1.0)",8.334870307091618,100.47965299655604,1.3413942378840975,54.522449701527194,6.8244432917583,False,True,True,False,True,17.255098162955786,0.0,0.0,0.0,0.0,0,0.9986320109439126,0.9221158230734152,False,False,False,False,0.31848952103565176,0.3161637883816507,False,False,False,False,-42853.0,-154617.67043512384,False,False,False,False,19759.948111859227,False,False,False,False
2025-05-20 18:00:00+00:00,111.57,111.74,110.425,111.58,13005.0,,,,,,,,,,,,,,,,,,111.52928538302523,103.60382483041299,98.14842185927326,95.95348721866004,94.25042791687748,92.19295318090406,86.54279904416657,,,,,,,,,,,,,,,,,110.92904804712386,107.90023362675716,104.43135593694576,100.73203515415989,96.94015101196993,95.18039143704738,87.58853942386875,,,,,100.73203515415989,98.99449671937087,"rgba(38, 166, 154, 1.0)",8.355792712056013,100.5350233415717,1.3218346887055061,54.37629805440681,6.8244432917583,False,True,True,False,True,17.095785151330375,0.0,0.0,0.0,0.0,0,0.9945112507971214,0.9214721690808051,False,False,False,False,0.3046304084960173,0.310397098438834,False,False,False,False,-55858.0,-153086.51275395913,False,False,False,False,19655.220234155982,False,False,False,False
2025-05-20 19:00:00+00:00,111.335,112.795,111.035,112.78,30936.0,,,,,,,,,,,,,,,,,,111.58583396835985,103.79738941809102,98.34248240388972,96.14065628876432,94.43292280797796,92.36789624916648,86.71423309539193,,,,,,,,,,,,,,,,,111.18434743845468,108.04088641684162,104.62068708172951,100.9392068973167,97.12922316859823,95.36596825566869,87.76517185758622,,,,,100.9392068973167,99.17335038198836,"rgba(38, 166, 154, 1.0)",8.398620761928965,100.70519106457671,1.437713319567723,57.28344769630511,3.7301731295088985,False,True,True,False,True,18.586883028395516,0.0,0.0,0.0,0.0,0,1.0013191711965794,0.9146860145108829,False,False,False,False,0.3226104981825097,0.3165037983106719,False,False,False,False,-24922.0,-151099.46604459544,False,False,False,False,19830.116044479146,False,False,False,False
2025-05-21 14:00:00+00:00,115.05,116.6,114.785,116.53,12509.0,,,,,,,,,,,,,,,,,,111.72973152179614,103.90719364700536,98.44035967660585,96.23258901076609,94.52109128672936,92.45104364554818,86.79305636231499,,,,,,,,,,,,,,,,,111.54310742806476,108.14433842427579,104.73140688718183,101.04818681823934,97.22313239015108,95.45640078787996,87.84677812093105,,,,,101.04818681823934,99.29060114339214,"rgba(0, 255, 255, 0.75)",8.511403796941856,100.83455747202842,1.8440486319790097,64.24439744489975,10.177928401559143,False,True,True,False,True,20.0,0.0,0.0,0.0,0.0,0,1.0091685534309223,0.90383106548006,False,False,False,False,0.342828252347673,0.32966602532917244,False,False,False,False,-12413.0,-148949.28827646218,False,False,False,False,19716.61036937094,False,False,False,False
2025-05-21 15:00:00+00:00,116.53,117.44,116.075,116.945,12680.0,,,,,,,,,,,,,,,,,,111.89357526526882,104.02418145736056,98.5432195530439,96.32888043841243,94.61323694897172,92.53775038457032,86.87483531980551,,,,,,,,,,,,,,,,,111.91566102081836,108.25755691591587,104.8497631857798,101.16324430259463,97.32163909339957,95.55102029262409,87.93150008674819,,,,,101.16324430259463,99.41471887609383,"rgba(0, 255, 255, 0.75)",8.60380447642031,100.9725455392261,1.8564408924619558,69.2371243741014,14.505596934585839,False,False,True,False,True,20.0,0.0,0.0,0.0,0.0,0,1.0138842159567552,0.9051880761725319,False,False,False,False,0.34282825222975727,0.3362471387794649,False,False,False,False,267.0,-146635.8574504705,False,False,False,False,19607.51563496209,False,False,False,False
2025-05-21 16:00:00+00:00,117.08,117.14,115.87,116.72,9066.0,,,,,,,,,,,,,,,,,,111.99892582244433,104.10496855857126,98.61508992777551,96.39636586350696,94.67793730396525,92.59874954237372,86.9325604953574,,,,,,,,,,,,,,,,,112.13963594587287,108.33446192395122,104.9312835025473,101.2432220998685,97.39059344590427,95.61739138591972,87.99126413467077,,,,,101.2432220998685,99.49803213948064,"rgba(0, 255, 255, 0.75)",8.670779391280462,101.06384021374643,1.8056231256440185,71.80871137002296,16.583648954943897,True,False,True,False,True,20.0,0.0,0.0,0.0,0.0,0,1.0065946971407924,0.9101811283255791,False,False,False,False,0.33731949637532155,0.3367833175773932,False,False,False,False,-8799.0,-144498.85190860275,False,False,False,False,19444.081284032443,False,False,False,False
2025-05-21 17:00:00+00:00,116.72,116.72,113.18,114.9,15279.0,,,,,,,,,,,,,,,,,,112.10611305688705,104.22115867001887,98.72396201423582,96.49990813731772,94.77800080378732,92.69385659755699,87.0239741591643,,,,,,,,,,,,,,,,,112.34893106508584,108.43569272434034,105.04710583962256,101.36190147367267,97.49583347828094,95.71960774694148,88.08566466818878,,,,,101.36190147367267,99.61012217393576,"rgba(0, 255, 255, 0.75)",8.653036842843408,101.18002101059035,1.5855680772649106,68.21677967948993,16.583648954943897,False,False,True,False,False,19.212586832139266,0.0,0.0,0.0,0.0,0,0.9915619349510014,0.9161774225952629,False,False,False,False,0.3038114787605214,0.3202973981689573,False,False,False,False,-24078.0,-142631.8619565314,False,False,False,False,19379.506380404033,False,False,False,False
2025-05-21 18:00:00+00:00,114.995,115.78,114.61,114.705,10861.0,,,,,,,,,,,,,,,,,,112.18015414722883,104.3029914438177,98.80093813764503,96.57319895031854,94.84887547541086,92.76126867826795,87.08882067060942,,,,,,,,,,,,,,,,,112.48457464918117,108.50684463366056,105.12862259864323,101.44562281240432,97.570295833304,95.79198088137345,88.15261186191907,,,,,101.44562281240432,99.68834291241318,"rgba(0, 255, 255, 0.75)",8.637843228992436,101.260654854952,1.5564469959263458,65.32721244452323,21.37791397739305,False,True,True,False,False,18.831173702664266,0.0,0.0,0.0,0.0,0,0.9941807112961347,0.9280198751091114,False,False,False,False,0.3090454112805818,0.31467140472476957,False,False,False,False,-34939.0,-140962.2051820115,False,False,False,False,19247.43651404118,False,False,False,False
2025-05-21 19:00:00+00:00,114.5,114.57,112.92,114.155,26183.0,,,,,,,,,,,,,,,,,,112.27799703071845,104.4746566845132,98.97061439770587,96.73666218982044,95.00809310323456,92.91381462533386,87.23753759948669,,,,,,,,,,,,,,,,,112.63636543010081,108.64307434042543,105.29757404895476,101.62656573220254,97.73557848586067,95.95394673168889,88.30579749411208,,,,,101.62656573220254,99.84416270672557,"rgba(38, 166, 154, 1.0)",8.614093777270217,101.41213512391741,1.47930417355182,61.978350427848184,18.352045180097903,False,True,True,False,False,17.750474446577027,0.0,0.0,0.0,0.0,0,0.9905970850963801,0.9294109745449659,False,False,False,False,0.2782967167960101,0.2964840607603898,False,False,False,False,-61122.0,-139724.37254353068,False,False,False,False,19354.964630102557,False,False,False,False
2025-05-22 14:00:00+00:00,118.45,119.13,116.92,117.63,27812.0,,,,,,,,,,,,,,,,,,112.60124372940129,104.72533088144746,99.1940927929435,96.94679149651664,95.20965800153742,93.10399961829616,87.41722346096817,,,,,,,,,,,,,,,,,113.18028545794549,108.88558824037703,105.55063534426252,101.87414410024157,97.9502341128736,96.16063644831026,88.49173966092332,,,,,101.87414410024157,100.09225738186034,"rgba(0, 255, 255, 0.75)",8.63900599470671,101.6804970822289,1.8462196840173133,64.77637989576453,18.352045180097903,False,True,True,False,False,20.0,0.0,0.0,0.0,0.0,0,0.9954969796814939,0.9148160351455243,False,False,False,False,0.34282825230855957,0.31965615653447466,False,False,False,False,-33310.0,-138074.53731029766,False,False,False,False,19486.081457542827,False,False,False,False
2025-05-22 15:00:00+00:00,117.615,118.56,117.445,118.5,5593.0,,,,,,,,,,,,,,,,,,112.66495268387304,104.77564389622712,99.2390499434803,96.98909362854849,95.25025092253141,93.14231705950401,87.4534280058281,,,,,,,,,,,,,,,,,113.28195695985713,108.93427244462532,105.6014095285375,101.9238639220036,97.99343811759442,96.20225237475879,88.52919788821485,,,,,101.9238639220036,100.14150909825601,"rgba(0, 255, 255, 0.75)",8.665016449093736,101.73347970875409,1.9349669316553348,67.4989728959478,18.352045180097903,False,False,True,False,True,20.0,0.0,0.0,0.0,0.0,0,1.0026608611514276,0.915600123147293,False,False,False,False,0.3423456063640504,0.33100088144926254,False,False,False,False,-27717.0,-136363.56773959537,False,False,False,False,19270.684845797976,False,False,False,False
2025-05-22 16:00:00+00:00,118.715,119.625,118.545,118.585,9078.0,,,,,,,,,,,,,,,,,,112.77898808184618,104.86103864626656,99.31444138276304,97.05981511809553,95.31797878410094,93.2061177230825,87.51344095447816,,,,,,,,,,,,,,,,,113.4624574827232,109.01854437584649,105.68782365825976,102.0076176513753,98.06576314918432,96.27176006024864,88.59132884545122,,,,,102.0076176513753,100.22550827955158,"rgba(0, 255, 255, 0.75)",8.669224191938522,101.82460850053396,1.933320805690025,69.39926557351481,12.618174958871862,False,False,True,False,True,20.0,0.0,0.0,0.0,0.0,0,1.0056495882891128,0.9282021957913996,False,False,False,False,0.34282825233387165,0.33691456689156707,False,False,False,False,-18639.0,-134538.38064285746,False,False,False,False,19112.658724157696,False,False,False,False
2025-05-22 17:00:00+00:00,118.6,119.52,117.95,119.49,8218.0,,,,,,,,,,,,,,,,,,112.87980167513128,104.93783055661214,99.3824303808807,97.12364352390067,95.3791336270722,93.26375526868291,87.5676893053326,,,,,,,,,,,,,,,,,113.61809461610629,109.09413348029517,105.76548894452374,102.08303176083041,98.13101982736174,96.33450591113494,88.64748140697276,,,,,102.08303176083041,100.30057430605981,"rgba(0, 255, 0, 1.0)",8.664705784060205,101.90571535810804,2.029415086919675,71.57453737010505,14.834637731526556,True,False,True,False,True,20.0,0.0,0.0,0.0,0.0,0,1.009546977555423,0.9153623720567311,False,False,False,False,0.3355602699866329,0.3362374184391,False,False,False,False,-10421.0,-132614.08016777437,False,False,False,False,18943.749286573857,False,False,False,False
2025-05-22 18:00:00+00:00,119.44,119.985,118.91,119.16,12438.0,,,,,,,,,,,,,,,,,,113.03506112559826,105.05545916652287,99.48634226733473,97.22114558059006,95.47251494160793,93.35173243776765,87.65038948610074,,,,,,,,,,,,,,,,,113.85258119635634,109.21052387898669,105.88452347996082,102.19834308007903,98.23073060504404,96.43033521083984,88.73309288021937,,,,,102.19834308007903,100.41519823835772,"rgba(0, 255, 255, 0.75)",8.634916521503577,102.02954358870866,1.9838589485643863,72.01127570633429,15.523660444357262,True,False,True,False,True,20.0,0.0,0.0,0.0,0.0,0,1.0103779894375133,0.9157076635686444,False,False,False,False,0.3428282523548636,0.33953283539698176,False,False,False,False,-22859.0,-130912.45101788639,False,False,False,False,18842.884956549453,False,False,False,False
2025-05-22 19:00:00+00:00,119.16,119.83,118.255,118.28,29889.0,,,,,,,,,,,,,,,,,,113.34865163874387,105.3195913079048,99.7247222454071,97.44610979194242,95.68874256551234,93.5562098341418,87.84387211258617,,,,,,,,,,,,,,,,,114.29424809940379,109.46474871416878,106.15059949468258,102.46034676539001,98.46026116290476,96.65180621958298,88.93313213489259,,,,,102.46034676539001,100.66736014909027,"rgba(0, 255, 255, 0.75)",8.572760693084991,102.29637677905261,1.8644662779214396,69.69686323347261,15.523660444357262,True,False,True,False,True,20.0,0.0,0.0,0.0,0.0,0,1.0089530885848121,0.9132381106214088,False,False,False,False,0.3345058311354778,0.3370193332662298,False,False,False,False,-52748.0,-129700.5990641207,False,False,False,False,19014.14255412233,False,False,False,False
2025-05-23 14:00:00+00:00,117.36,120.465,117.36,119.35,21468.0,,,,,,,,,,,,,,,,,,113.56376232469034,105.5068010382087,99.89471304778044,97.60682535830998,95.84337783979238,93.70261029089633,87.98256497778041,,,,,,,,,,,,,,,,,114.5819538931678,109.64422666328547,106.33897873829753,102.64651185979324,98.62413358733222,96.8100984978868,89.07646110212806,,,,,102.64651185979324,100.84450137281068,"rgba(0, 255, 255, 0.75)",8.52483347278649,102.48237674994671,1.9786454836800242,69.64359705350007,15.523660444357262,True,False,True,False,True,20.0,0.0,0.0,0.0,0.0,0,1.0019674231332358,0.9122666544655929,False,False,False,False,0.3318439314593224,0.33443163236277607,False,False,False,False,-31280.0,-128174.69830343666,False,False,False,False,19052.1868556088,False,False,False,False
2025-05-23 15:00:00+00:00,119.34,120.035,118.685,119.285,19113.0,,,,,,,,,,,,,,,,,,113.75105821269246,105.6725486767805,100.04570923409591,97.74973226057247,95.98095830890925,93.83295050934063,88.10610060618254,,,,,,,,,,,,,,,,,114.82446647392717,109.80299062289637,106.5056743433378,102.81151107290047,98.76979669923276,96.95088543943865,89.20409132210995,,,,,102.81151107290047,101.00060527017264,"rgba(0, 255, 255, 0.75)",8.505074651043463,102.64558671894991,1.9564100215168176,69.40718322522532,15.523660444357262,True,False,True,False,True,20.0,0.0,0.0,0.0,0.0,0,1.0136062199862796,0.9088268922936197,False,False,False,False,0.34102635849118296,0.33772899542697954,False,False,False,False,-50393.0,-126968.78050028259,False,False,False,False,19053.129695056723,False,False,False,False
2025-05-23 16:00:00+00:00,119.515,120.235,119.17,119.99,6991.0,,,,,,,,,,,,,,,,,,113.82200038930813,105.73420886890023,100.10166778510343,97.80264715319383,96.03187014715174,93.8811550009069,88.15171046901878,,,,,,,,,,,,,,,,,114.91559124977064,109.86253035816887,106.56774741776825,102.87272069781437,98.8237545951165,97.00299961489111,89.25122010037836,,,,,102.87272069781437,101.0587017033922,"rgba(0, 255, 0, 1.0)",8.50854027931272,102.70646275709278,2.0313163804289234,70.23999103573125,15.523660444357262,True,False,True,False,True,20.0,0.0,0.0,0.0,0.0,0,1.0108723548213994,0.9117846060521219,False,False,False,False,0.34282825236937836,0.340278623898179,False,False,False,False,-43402.0,-125673.1715002782,False,False,False,False,18866.119932342666,False,False,False,False
2025-05-23 17:00:00+00:00,119.93,121.245,119.93,120.43,8095.0,,,,,,,,,,,,,,,,,,113.91196656920918,105.80864181393814,100.16847695953199,97.86564324792737,96.09236945101824,93.93832887363993,88.2055847305784,,,,,,,,,,,,,,,,,115.03232428756556,109.9356386203072,106.642864369939,102.94610845200096,98.88807071023484,97.06498781712332,89.30692190831513,,,,,102.94610845200096,101.12913770080922,"rgba(0, 255, 0, 1.0)",8.505563670407371,102.78087076343895,2.075009948836907,71.38450945179798,16.68546695739097,True,False,True,False,True,20.0,0.0,0.0,0.0,0.0,0,1.0153062416750405,0.9086532844156754,False,False,False,False,0.34282825241820475,0.34155343815819184,False,False,False,False,-35307.0,-124272.1455855452,False,False,False,False,18699.125824864484,False,False,False,False
2025-05-23 18:00:00+00:00,120.41,120.675,119.085,119.495,8950.0,,,,,,,,,,,,,,,,,,113.9972317123837,105.88573844534548,100.2390143514,97.93249513604621,96.15677939255826,93.9994032906907,88.26350277465797,,,,,,,,,,,,,,,,,115.13828115109473,110.00942338304196,106.72035005024868,103.0229587278425,98.95618062318671,97.1308694391926,89.36673751061302,,,,,103.0229587278425,101.2013547134502,"rgba(0, 255, 255, 0.75)",8.483905991574652,102.85596506003884,1.961246972383399,68.93618304227925,16.68546695739097,True,False,True,False,False,20.0,0.0,0.0,0.0,0.0,0,1.006564960399972,0.9155900287363034,False,False,False,False,0.3287627934441603,0.33515811580117605,False,False,False,False,-44257.0,-123031.60069274604,False,False,False,False,18547.976587269684,False,False,False,False
2025-05-23 19:00:00+00:00,119.495,119.87,118.775,119.62,17793.0,,,,,,,,,,,,,,,,,,114.15024696388157,106.03291701091574,100.37540102806395,98.06220210869996,96.28201677790082,94.11842262403597,88.37681692995034,,,,,,,,,,,,,,,,,115.32130025278477,110.14800583660539,106.86787299294308,103.17069865041127,99.0881459650885,97.25882083531735,89.48367424469377,,,,,103.17069865041127,101.33832444437803,"rgba(0, 255, 255, 0.75)",8.451357171249981,102.99685250182654,1.9669204793192823,67.53516780890479,16.68546695739097,True,False,True,False,False,20.0,0.0,0.0,0.0,0.0,0,1.0017251427905354,0.9186851614407273,False,False,False,False,0.31776745883536694,0.3264627873182715,False,False,False,False,-26464.0,-121534.42858898253,False,False,False,False,18536.27152390116,False,False,False,False
2025-05-26 14:00:00+00:00,119.62,119.62,119.62,119.62,0.0,,,,,,,,,,,,,,,,,,114.15024696388157,106.03291701091574,100.37540102806395,98.06220210869996,96.28201677790082,94.11842262403597,88.37681692995034,,,,,,,,,,,,,,,,,115.32130025278477,110.14800583660539,106.86787299294308,103.17069865041127,99.0881459650885,97.25882083531735,89.48367424469377,,,,,103.17069865041127,101.33832444437803,"rgba(0, 255, 255, 0.75)",8.386288187724652,102.99685250182654,1.982181762189551,66.6011576533218,20.797364304593444,True,False,True,False,False,20.0,0.0,0.0,0.0,0.0,0,1.0119142924417237,0.919872851424535,False,False,False,False,0.3236255187241545,0.32504415302121303,False,False,False,False,-26464.0,-120060.46845582,False,False,False,False,18248.887469267032,False,False,False,False
2025-05-26 15:00:00+00:00,119.62,119.62,119.62,119.62,0.0,,,,,,,,,,,,,,,,,,114.15024696388157,106.03291701091574,100.37540102806395,98.06220210869996,96.28201677790082,94.11842262403597,88.37681692995034,,,,,,,,,,,,,,,,,115.32130025278477,110.14800583660539,106.86787299294308,103.17069865041127,99.0881459650885,97.25882083531735,89.48367424469377,,,,,103.17069865041127,101.33832444437803,"rgba(0, 255, 255, 0.75)",8.321198100022757,102.99685250182654,1.997686787210126,65.97848421626648,19.954831586035127,True,False,True,False,False,20.0,0.0,0.0,0.0,0.0,1,1.0221338981840686,0.9095842159126067,False,False,False,False,0.3236255187241545,0.32433483587268375,False,False,False,False,-26464.0,-118609.36041774525,False,False,False,False,17965.95898137142,False,False,False,False
2025-05-26 16:00:00+00:00,119.62,119.62,119.62,119.62,0.0,,,,,,,,,,,,,,,,,,114.15024696388157,106.03291701091574,100.37540102806395,98.06220210869996,96.28201677790082,94.11842262403597,88.37681692995034,,,,,,,,,,,,,,,,,115.32130025278477,110.14800583660539,106.86787299294308,103.17069865041127,99.0881459650885,97.25882083531735,89.48367424469377,,,,,103.17069865041127,101.33832444437803,"rgba(0, 255, 0, 1.0)",8.267861637331421,102.99685250182654,2.01057398240869,65.56336859156293,19.281463688849286,True,False,True,False,False,20.0,0.0,0.0,0.0,0.0,0,1.0326453396716064,0.9058475418980863,False,False,False,False,0.3236255187241545,0.3239801772984191,False,False,False,False,-26464.0,-117180.75017871043,False,False,False,False,17687.416981660233,False,False,False,False
2025-05-26 17:00:00+00:00,119.62,119.62,119.62,119.62,0.0,,,,,,,,,,,,,,,,,,114.15024696388157,106.03291701091574,100.37540102806395,98.06220210869996,96.28201677790082,94.11842262403597,88.37681692995034,,,,,,,,,,,,,,,,,115.32130025278477,110.14800583660539,106.86787299294308,103.17069865041127,99.0881459650885,97.25882083531735,89.48367424469377,,,,,103.17069865041127,101.33832444437803,"rgba(0, 255, 0, 1.0)",8.170995369802625,102.99685250182654,2.03440911980042,65.28662484176057,18.71838905574704,False,False,True,False,False,20.0,0.0,0.0,0.0,0.0,0,1.0302562972754645,0.8977258818633569,False,False,False,False,0.3236255187241545,0.3238028480112868,False,False,False,False,-26464.0,-115774.28893562964,False,False,False,False,17413.193462564726,False,False,False,False
2025-05-26 18:00:00+00:00,119.62,119.62,119.62,119.62,0.0,,,,,,,,,,,,,,,,,,114.15024696388157,106.03291701091574,100.37540102806395,98.06220210869996,96.28201677790082,94.11842262403597,88.37681692995034,,,,,,,,,,,,,,,,,115.32130025278477,110.14800583660539,106.86787299294308,103.17069865041127,99.0881459650885,97.25882083531735,89.48367424469377,,,,,103.17069865041127,101.33832444437803,"rgba(0, 255, 0, 1.0)",8.074951601115822,102.99685250182654,2.058606456028347,65.10212900855899,18.231820471994226,False,False,True,False,False,20.0,0.0,0.0,0.0,0.0,0,1.027847850818618,0.9003066726022653,False,False,False,False,0.3236255187241545,0.3237141833677206,False,False,False,False,-26464.0,-114389.63329321677,False,False,False,False,17143.221470897057,False,False,False,False
2025-05-26 19:00:00+00:00,119.62,119.62,119.62,119.62,0.0,,,,,,,,,,,,,,,,,,114.15024696388157,106.03291701091574,100.37540102806395,98.06220210869996,96.28201677790082,94.11842262403597,88.37681692995034,,,,,,,,,,,,,,,,,115.32130025278477,110.14800583660539,106.86787299294308,103.17069865041127,99.0881459650885,97.25882083531735,89.48367424469377,,,,,103.17069865041127,101.33832444437803,"rgba(0, 255, 0, 1.0)",7.997320968654336,102.99685250182654,2.078589513079222,64.9791317864246,17.80260875318308,False,False,True,False,False,20.0,0.0,0.0,0.0,0.0,0,1.0278554313099044,0.8984624600638976,False,False,False,False,0.3236255187241545,0.3236698510459376,False,False,False,False,-26464.0,-113026.44518014364,False,False,False,False,16877.435091503303,False,False,False,False
2025-05-27 14:00:00+00:00,122.67,123.66,120.64,121.42,23119.0,,,,,,,,,,,,,,,,,121.90666666666667,114.4244853894002,106.25405492174194,100.57248852556417,98.24775099546612,96.460001929822,94.28643854123517,88.53451138772667,,,,,,,,,,,,,,,,,115.66767296405918,110.36873660261907,107.09145586274882,103.38748399430591,99.27773869079749,97.44129071587834,89.64676082017245,,,,,103.38748399430591,102.90450253388028,"rgba(0, 255, 0, 1.0)",7.912128432560737,104.31739564631684,2.161568091248483,69.4559881918832,16.493741941122323,True,False,True,False,True,20.0,0.0,0.0,0.0,0.0,0,1.0254074548229852,0.8841892756905805,False,False,False,False,0.34282825249894994,0.3332490517724438,False,False,False,False,-3345.0,-111325.95765797087,False,False,False,False,16974.20353969705,False,True,False,False
2025-05-27 15:00:00+00:00,121.51,121.82,120.33,120.76,5969.0,,,,,,,,,,,,,,,,,121.71445808122479,114.48369563515219,106.3067955258681,100.62058066209097,98.29331091601138,96.50387757460452,94.32802847383378,88.57384925114636,,,,,,,,,,,,,,,,,115.7387132635715,110.41986891066483,107.14452452441229,103.43985270484252,99.32417320401018,97.48617698938271,89.68738650373669,,,,,103.43985270484252,102.93768614803686,"rgba(0, 255, 0, 1.0)",7.816964702630099,104.35432755855616,2.0987266881125843,68.83612980725013,16.493741941122323,True,False,True,False,True,20.0,0.0,0.0,0.0,0.0,1,1.0337811141841171,0.8871987356775978,False,False,False,False,0.32236274213887567,0.32780589695565976,False,False,False,False,-9314.0,-109744.37691908759,False,False,False,False,16803.580229004074,False,False,False,False
2025-05-27 16:00:00+00:00,120.72,120.81,119.35,119.35,8803.0,,,,,,,,,,,,,,,,,121.27820150783387,114.5541684388731,106.377931667685,100.6871667416531,98.35682817928229,96.56531471202561,94.3865295253067,88.62966689037809,,,,,,,,,,,,,,,,,115.81811624651398,110.48637965931619,107.21569765155515,103.51156208263224,99.38872595721304,97.54888332866426,89.7449450971675,,,,,103.51156208263224,102.97000784574001,"rgba(0, 255, 255, 0.75)",7.674784191584158,104.39173818117382,1.9490139977132865,62.813783035449575,16.311467441671113,False,False,True,False,False,19.200204747401354,0.0,0.0,0.0,0.0,0,1.0393954410307238,0.8845887016848365,False,False,False,False,0.3036504569947818,0.3157281769752208,False,False,False,False,-18117.0,-108323.79743196994,False,False,False,False,16679.54022545362,False,False,False,False
2025-05-27 17:00:00+00:00,119.5,120.32,119.35,119.915,9863.0,,,,,,,,,,,,,,,,,120.98563369909675,114.63131837973084,106.4568966143084,100.76132133576333,98.42763264849671,96.63384005588075,94.45182104179885,88.69201934711947,,,,,,,,,,,,,,,,,115.90403413603569,110.55998820667416,107.29465480394154,103.59128671242013,99.46065864234671,97.61880204643266,89.80922737902327,,,,,103.59128671242013,103.01860900327128,"rgba(0, 255, 0, 1.0)",7.454551972326095,104.44430741485326,2.075334995661627,60.454650817363465,14.37034415731516,False,True,True,False,False,19.952944873123315,0.0,0.0,0.0,0.0,0,1.0437759232422168,0.8875618409874567,False,False,False,False,0.2990748510995543,0.3074015140373876,False,False,False,False,-8254.0,-106772.3277043425,False,False,False,False,16573.85743126054,False,False,False,False
2025-05-27 18:00:00+00:00,119.87,120.04,118.49,118.59,15556.0,,,,,,,,,,,,,,,,,120.50756897277944,114.73012795170182,106.57205824442664,100.87213842266337,98.53411848121041,96.73730887101166,94.55081381245763,88.78727859019128,,,,,,,,,,,,,,,,,116.00572106719359,110.66371336517861,107.40918980741431,103.70919001721387,99.56856150878353,97.72415124552573,89.90730122589642,,,,,103.70919001721387,103.08528277224323,"rgba(0, 255, 255, 0.75)",7.191887618874847,104.51518342353744,1.9570406717040076,54.976017980563014,9.550472588183993,False,True,True,False,False,16.98357630209585,0.0,0.0,0.0,0.0,0,1.0410363371362519,0.8883248730964464,False,False,False,False,0.288476097932803,0.29793880598509526,False,False,False,False,-23810.0,-105486.09006551548,False,False,False,False,16558.07669589216,False,False,False,False
2025-05-27 19:00:00+00:00,118.52,118.86,117.45,118.835,35592.0,,,,,,,,,,,,,,,,,119.74251755946965,114.90824373562992,106.81427814408997,101.11169495387863,98.76597644114898,96.96360476380157,94.76832868438358,88.99830329041343,,,,,,,,,,,,,,,,,116.16981913207717,110.87382834735773,107.64865829669554,103.96100029542139,99.80282680277644,97.95400970839792,90.12422156100682,,,,,103.96100029542139,103.24048744776992,"rgba(0, 255, 0, 1.0)",6.895344863949563,104.67299189844722,2.0538505877486974,52.10546866943024,7.205607235167989,False,True,False,False,False,17.323887141580222,0.0,0.0,0.0,0.0,0,1.0381573992719972,0.8857035270490775,False,False,False,False,0.26801375321079207,0.2829762795979437,False,False,False,False,11782.0,-103667.9801420191,False,False,False,False,16853.176282002358,False,False,False,False
2025-05-28 14:00:00+00:00,115.86,117.09,114.82,115.555,15796.0,,,,,,,,,,,,,,,,,119.20254510395417,114.92759867331131,106.89552986962555,101.20047412770933,98.85394619536427,97.05070378019194,94.85326811899036,89.08292069398084,,,,,,,,,,,,,,,,,116.15946487274205,110.93289594076218,107.72706155293713,104.05065611954682,99.89086675246811,98.04181189952517,90.21081102131365,,,,,104.05065611954682,103.27203698149486,"rgba(0, 255, 255, 0.75)",6.5401723453062885,105.31965414582055,1.5649963508263047,44.21224729051646,0.23414018471081732,False,True,False,True,False,10.474626055256778,0.0,0.0,0.0,0.0,0,1.0160377358490569,0.8935451837140019,False,False,False,False,0.2280796439165113,0.2555279617572275,False,False,False,False,-4014.0,-102122.95719408082,False,False,False,False,16836.785952048835,False,False,False,False
2025-05-28 15:00:00+00:00,115.555,118.055,115.555,117.08,7713.0,,,,,,,,,,,,,,,,,119.05725390964321,114.94776312505147,106.93938804530076,101.24659439497736,98.89927245839823,97.09536044041708,94.89660807309595,89.12569802618648,,,,,,,,,,,,,,,,,116.17001725932977,110.96745856238051,107.76981286584349,104.09789655171869,99.9363821212973,98.0869451197113,90.25464576351985,,,,,104.09789655171869,103.29940644779143,"rgba(0, 255, 255, 0.75)",6.134064825161385,105.3639550953855,1.9099969169801279,42.96567702569241,-0.5387259991863758,False,True,False,True,False,12.668477904881541,0.0,0.0,0.0,0.0,0,1.014163608148386,0.8906815774564623,False,False,False,False,0.2434175203853232,0.24947274107127532,False,False,False,False,3699.0,-100482.3066949478,False,False,False,False,16695.331906280633,False,False,False,False
2025-05-28 16:00:00+00:00,117.09,118.31,117.09,118.29,7013.0,,,,,,,,,,,,,,,,,118.99436605008862,114.97496768356025,106.98290476767568,101.29095887512827,98.94256684241739,97.137831934984,94.93765150395168,89.16587547033129,,,,,,,,,,,,,,,,,116.19220091404506,111.00378036219749,107.81256095637768,104.14388161100226,99.97998338989078,98.12996684313991,90.2958687516454,,,,,104.14388161100226,103.33235773042905,"rgba(0, 255, 0, 1.0)",5.684378259598944,105.41628151103548,2.264754015485384,44.726356262006675,-0.5387259991863758,False,True,False,True,False,14.338339630366637,0.0,0.0,0.0,0.0,0,1.0252057359680682,0.8876459863006947,False,False,False,False,0.25968986735477656,0.25458130421302594,False,False,False,False,10712.0,-98758.36395549124,False,False,False,False,16545.21823331504,False,False,False,False
2025-05-28 17:00:00+00:00,118.255,118.52,117.95,118.52,3771.0,,,,,,,,,,,,,,,,,118.97555660247508,114.99152849007326,107.00708521910985,101.31533672096718,98.96629580019253,97.16107313095065,94.96007610399607,89.18775829958555,,,,,,,,,,,,,,,,,116.20686849592052,111.02437214719083,107.83637977494755,104.16925713981232,100.00390599744956,98.15352858225897,90.31833142030659,,,,,104.16925713981232,103.35182359501576,"rgba(0, 255, 0, 1.0)",5.351709838752578,105.44505539791588,2.443134062950568,46.36888265934152,-0.5387259991863758,False,True,False,True,True,14.65192269939351,0.0,0.0,0.0,0.0,0,1.0285115820601285,0.8841547560374567,False,False,False,False,0.2694810200429757,0.2620311621280008,False,False,False,False,14483.0,-97002.68389416579,False,False,False,False,16347.168338224887,False,False,False,False
2025-05-28 18:00:00+00:00,118.42,118.99,118.23,118.84,7756.0,,,,,,,,,,,,,,,,,118.9596600828184,115.02866574966505,107.05805220430491,101.36630364613733,99.01581376749519,97.20951724186962,95.0067648324393,89.23321229177175,,,,,,,,,,,,,,,,,116.24137520430442,111.06841249967891,107.88668516172817,104.22247128243012,100.05386703352148,98.20267039998998,90.36500533648986,,,,,104.22247128243012,103.39456511564298,"rgba(0, 255, 0, 1.0)",5.1034352059082595,105.50448183763145,2.6130474130307357,48.14852754568406,-0.5387259991863758,False,True,False,False,True,15.091587995993478,0.0,0.0,0.0,0.0,0,1.0325026550421104,0.882066734174714,False,False,False,False,0.27637407403528624,0.26920261808164353,False,False,False,False,22239.0,-95153.97561673686,False,False,False,False,16213.971929880314,False,False,False,False
2025-05-28 19:00:00+00:00,118.84,119.35,117.59,118.08,17279.0,,,,,,,,,,,,,,,,,118.89199208957426,115.10118382579404,107.16667597214376,101.47652941273005,99.12331341541534,97.31493264031047,95.10860819824319,89.33278788058178,,,,,,,,,,,,,,,,,116.30447732390394,111.1603465159869,107.99355258305239,104.33682368727078,100.16216327593361,98.30946987959699,90.46717036390918,,,,,104.33682368727078,103.48333513762978,"rgba(0, 255, 0, 1.0)",4.856382131320434,105.60605278178527,2.5685678929106652,47.64089463260486,-0.5387259991863758,False,True,False,True,True,13.528514268126997,0.0,0.0,0.0,0.0,0,1.0287031785564573,0.8821788770251274,False,False,False,False,0.2737977025417547,0.2715001603116991,False,False,False,False,4960.0,-93601.82095601226,False,False,False,False,16230.483992982945,False,False,False,False
2025-05-29 14:00:00+00:00,117.355,117.78,115.02,116.79,29048.0,,,,,,,,,,,,,,,,,118.52563220631006,115.15191972935476,107.31581636133335,101.63909381739076,99.28459208430233,97.47474378388937,95.26464536164222,89.48830925222273,,,,,,,,,,,,,,,,,116.31532860365806,111.272098962106,108.13778586549061,104.50062869850082,100.32351660655901,98.47048658422194,90.62620556407025,,,,,104.50062869850082,103.58605356540349,"rgba(0, 255, 0, 1.0)",4.5642883137257915,105.6785052423964,2.434441909418598,44.84648387079263,-0.5387259991863758,False,True,False,True,False,10.94583717807334,0.0,0.0,0.0,0.0,0,1.010499902553109,0.8894952251023192,False,False,False,False,0.23609588213202887,0.253798021221864,False,False,False,False,-24088.0,-92524.08729777951,False,False,False,False,16429.20517138631,False,False,False,False
2025-05-29 15:00:00+00:00,116.79,117.68,116.4,116.54,14634.0,,,,,,,,,,,,,,,,,118.40587834469143,115.18217288414864,107.3918990885176,101.7215266181792,99.36631049912857,97.55568434917141,95.34365221662598,89.56697330476648,,,,,,,,,,,,,,,,,116.3285346734806,111.33021708498276,108.21151585305834,104.58380362175174,100.40530188803916,98.55205322092203,90.70664467769878,,,,,104.58380362175174,103.64347788834418,"rgba(0, 255, 0, 1.0)",4.239252146991118,105.72677739371291,2.550738250840297,42.54771226115094,-1.2886374564773746,False,True,False,True,False,10.4528476470141,0.0,0.0,0.0,0.0,0,1.0224883891469079,0.8911757516499632,False,False,False,False,0.24767759429728275,0.2507378077595734,False,False,False,False,-38722.0,-91689.94640944184,False,False,False,False,16401.372533070244,False,False,False,False
2025-05-29 16:00:00+00:00,116.34,116.995,116.31,116.86,14100.0,,,,,,,,,,,,,,,,,118.29594285656971,115.20780750939738,107.46291399809117,101.79932531260191,99.44365598531502,97.63242769964495,95.41869907983384,89.64192195515518,,,,,,,,,,,,,,,,,116.33729939599013,111.38358364625525,108.28016416276684,104.66191640985667,100.48262306813906,98.62931746659817,90.78323699917831,,,,,104.66191640985667,103.69738903635958,"rgba(0, 255, 0, 1.0)",3.8968834475265828,105.7712136726626,2.845552472033938,41.961766789986754,-2.1351924644083127,False,True,False,True,False,10.932837695050228,0.0,0.0,0.0,0.0,0,1.0404063092742342,0.8865179195367874,False,False,False,False,0.2384967289574676,0.2446172683585205,False,False,False,False,-24622.0,-90650.13328681483,False,False,False,False,16365.692338759076,False,False,False,False
2025-05-29 17:00:00+00:00,116.87,117.065,115.95,116.06,5849.0,,,,,,,,,,,,,,,,,118.2448609715092,115.21570007865878,107.49091274084417,101.83058163747337,99.4748682682633,97.66348003322373,95.44914750317767,89.67247556928316,,,,,,,,,,,,,,,,,116.33749214175187,111.40392677846408,108.30710538059787,104.69305775860072,100.51377018455409,98.66053615144521,90.81443384890568,,,,,104.69305775860072,103.7181566031169,"rgba(0, 255, 0, 1.0)",3.7974744179464897,105.78719690322194,2.7051671627410596,40.020633199672496,-4.285124429046057,False,True,False,True,False,9.333033608738237,0.0,0.0,0.0,0.0,0,1.0278490472038861,0.8868850417237514,False,False,False,False,0.2358216642896651,0.2402194663240928,False,False,False,False,-30471.0,-89717.12346841459,False,False,False,False,16202.642845134904,False,False,False,False
2025-05-29 18:00:00+00:00,116.06,116.48,115.34,115.5,9311.0,,,,,,,,,,,,,,,,,118.14531434026037,115.22172384975426,107.53220545813916,101.8780700456761,99.52260463513477,97.71116001962766,95.49608494800938,89.71990675951551,,,,,,,,,,,,,,,,,116.32938083436275,111.4321863636459,108.3465348221882,104.73982190721311,100.56128042346266,98.70837161627456,90.86280552071415,,,,,104.73982190721311,103.74716343626523,"rgba(0, 255, 0, 1.0)",3.744057036169879,105.8065019201662,2.589035900411956,37.73390527458429,-6.7045802160437376,False,True,False,True,False,8.226307289000562,0.0,0.0,0.0,0.0,0,1.0255778656913241,0.8900251300042298,False,False,False,False,0.22483298882562064,0.23252622757485672,False,False,False,False,-39782.0,-88942.93550766396,False,False,False,False,16095.795669241339,False,False,False,False
2025-05-29 19:00:00+00:00,115.5,116.435,115.33,116.4,27782.0,,,,,,,,,,,,,,,,,117.92105399672015,115.24774333002519,107.65713134472887,102.0206955500143,99.66583224268392,97.85414164862198,95.63678402885024,89.86193110890335,,,,,,,,,,,,,,,,,116.31809411315866,111.51970806565818,108.46611644709144,104.88054200168973,100.70389110203105,98.8518557914519,91.00764757388527,,,,,104.88054200168973,103.84087788970095,"rgba(0, 255, 0, 1.0)",3.6933246296288273,105.87731970318094,2.849107877602563,39.098421912365964,-6.7045802160437376,False,True,False,True,False,9.633095883533066,0.0,0.0,0.0,0.0,0,1.0268039186433935,0.8893281615197173,False,False,False,False,0.2222722524479531,0.2273992400114049,False,False,False,False,-12000.0,-87750.02177886297,False,False,False,False,16276.97713173372,False,False,False,False
2025-05-30 14:00:00+00:00,110.7,113.17,110.7,112.42,30716.0,,,,,,,,,,,,,,,,,117.30344816515344,115.14258841905169,107.72793039012187,102.1315362193337,99.78376985920194,97.97583071164385,95.7603916521911,89.99372014240436,,,,,,,,,,,,,,,,112.09666666666666,116.13445761306032,111.53153734699036,108.52733521245267,104.97841640533032,100.81866147608648,98.9718836930484,91.14085679030728,,,,112.09666666666666,104.97841640533032,104.37618942269029,"rgba(0, 255, 255, 0.75)",3.6572825324994542,106.16672498824288,1.7098145839674908,34.54076190991243,-9.937945757995152,False,True,False,True,False,2.2856438325979767,1.0,113.17,110.7,0.0,0,1.0068163006962365,0.8961001022445102,False,False,False,False,0.14947899435292922,0.18843911718216705,False,False,False,False,-42716.0,-87051.81989081857,False,False,False,False,16500.837951396763,False,False,False,False
2025-05-30 15:00:00+00:00,112.5,112.77,111.61,112.3,14397.0,,,,,,,,,,,,,,,,,117.06307211897378,115.09768148854948,107.76130787381193,102.18332050658525,99.83885746760322,98.03267364602183,95.81814740629974,90.05531533450652,,,,,,,,,,,,,,,,112.13815382114542,116.05637176061826,111.53815391894743,108.5563436111391,105.02420459018036,100.87227464593794,99.02794660039248,91.2030999508393,,,,112.13815382114542,105.02420459018036,104.391682796347,"rgba(0, 255, 255, 0.75)",3.6288521278455077,106.15956041587683,1.692116230640906,31.39107315077852,-12.909848489098273,False,True,False,True,False,2.0797662689219933,0.0,0.0,0.0,0.0,0,1.0104181880142158,0.8976193953556301,False,False,False,False,0.12741983149826944,0.15792947434021826,False,False,False,False,-57113.0,-86587.65214057332,False,False,False,False,16468.22030873945,False,False,False,False
2025-05-30 16:00:00+00:00,112.2,112.47,110.91,111.31,14771.0,,,,,,,,,,,,,,,,,116.80828240883041,115.04270509668056,107.79003039935219,102.23242799748301,99.89187207444601,98.08782032321078,95.874605410163,90.11627679747077,,,,,,,,,,,,,,,,111.99636847905951,115.96610963696584,111.53839743652705,108.58034245550222,105.06631333966926,100.92357630136753,99.08210902238045,91.26457638759994,,,,111.99636847905951,105.06631333966926,104.3913633479193,"rgba(38, 166, 154, 1.0)",3.604166130396683,106.13712373545285,1.4352491193234251,28.382966502500487,-15.731324549013728,False,True,False,True,False,0.3891428925709661,0.0,0.0,0.0,0.0,0,1.0030928863613688,0.9077122617978649,False,False,False,False,0.11706242191117706,0.13749594812569765,False,False,False,False,-71884.0,-86359.68854149466,True,False,False,False,16441.906815580696,False,False,False,False
2025-05-30 17:00:00+00:00,111.31,112.54,111.27,112.05,11790.0,,,,,,,,,,,,,,,,,116.63515778054692,115.00481880323211,107.81498431060547,102.27288036078922,99.93524725795102,98.13278067445407,95.92049266838583,90.16556824595516,,,,,,,,,,,,,,,,111.98928942154757,115.90278020433986,111.54157599313368,108.60169352491953,105.10153105554596,100.96566061878393,99.12634635173741,91.31431788084335,,,,111.98928942154757,105.10153105554596,104.4015703220482,"rgba(0, 255, 255, 0.75)",3.604044087381131,106.13117896084799,1.6422720964695254,28.54302060732786,-15.731324549013728,False,True,False,True,False,1.6167902512295882,0.0,0.0,0.0,0.0,0,0.9985991594956976,0.913097858715229,False,False,False,False,0.12151291651334589,0.12950443231952177,False,False,False,False,-60094.0,-85952.46856410714,False,False,False,False,16369.784229292622,False,False,False,False
2025-05-30 18:00:00+00:00,112.31,113.725,112.23,113.685,12641.0,,,,,,,,,,,,,,,,,116.50914790829738,114.98156897691668,107.84945477832036,102.32147705344094,99.98624761226168,98.18502887812865,95.97324571155949,90.22121298785021,,,,,,,,,,,,,,,,112.17280527387376,115.85802907606585,111.55519474772528,108.63278131933161,105.1457634250854,101.01556084297457,99.17806621288179,91.37062438263641,,,,112.17280527387376,105.1457634250854,104.43476307420937,"rgba(0, 255, 0, 1.0)",3.5897657643983334,106.15007228658278,2.099002611297152,32.732623395041315,-15.731324549013728,False,True,False,True,True,4.241668417050043,0.0,0.0,0.0,0.0,0,1.0027407499688552,0.9015572443004856,False,False,False,False,0.14378895178761025,0.136646692053566,False,False,False,False,-47453.0,-85355.57757861711,False,False,False,False,16311.973621086534,False,False,False,False
2025-05-30 19:00:00+00:00,113.715,115.715,113.715,115.39,34886.0,,,,,,,,,,,,,,,,,116.36438902918997,114.98013162563609,107.97224084629603,102.47428931324991,100.14309537675719,98.34371347592437,96.13159021824973,90.38482234537209,,,,,,,,,,,,,,,,112.98266723153888,115.81772320198141,111.62961856441162,108.74797716730984,105.29096669594689,101.17038561441352,99.33616925015006,91.536690479321,,,,112.98266723153888,105.29096669594689,104.58165440223428,"rgba(0, 255, 0, 1.0)",3.5669752207196983,106.27031713391109,2.5566992484598354,38.82449375961051,-17.536664548586913,False,True,False,True,True,6.836129956727756,0.0,0.0,0.0,0.0,0,1.0139399662061428,0.8908160222641883,False,False,False,False,0.1801904834549416,0.1584185877542538,False,False,False,False,-12567.0,-84227.07249987886,False,False,False,False,16599.94302231,False,False,False,False
2025-06-02 14:00:00+00:00,113.025,114.22,112.87,113.11,11354.0,,,,,,,,,,,,,,,,,116.27797851483106,114.96254734993278,108.00265998772906,102.51718254158973,100.18819656305183,98.38998034019797,96.17838329649216,90.43429423438292,,,,,,,,,,,,,,,,113.01896148494248,115.78366243887548,111.64219756182939,108.77546652409977,105.32990545846359,101.21448214681924,99.3819324702329,91.58671140895422,,,,113.01896148494248,105.32990545846359,104.60528389515153,"rgba(0, 255, 255, 0.75)",3.5388395410502036,106.28403186029686,1.92887189727665,39.45456806864219,-17.004357374819882,False,True,False,True,True,2.9367433517526074,0.0,0.0,0.0,0.0,0,1.005129722797672,0.8896123113347143,False,False,False,False,0.15563224100434175,0.1570254143792978,False,False,False,False,-23921.0,-83292.09463166368,False,False,False,False,16518.610572351703,False,False,False,False
2025-06-02 15:00:00+00:00,113.175,115.03,112.96,114.675,7148.0,,,,,,,,,,,,,,,,,116.24092252668343,114.95739289069881,108.02452518745471,102.5460397887941,100.21818938839435,98.4205489478607,96.2091117173616,90.46644112511757,,,,,,,,,,,,,,,,113.08139248963347,115.76993060791101,111.65368456727904,108.79565201689323,105.35670489004256,101.24394168243539,99.41227040074318,91.61926703557556,,,,113.08139248963347,105.35670489004256,104.62600095392992,"rgba(0, 255, 0, 1.0)",3.5176855579610593,106.29946839707877,2.3809779086041734,42.53893907784918,-14.032637415364484,False,True,False,True,True,5.264090152590306,0.0,0.0,0.0,0.0,0,1.0101273290398705,0.8833882306671254,False,False,False,False,0.15600554142262482,0.15651547790096132,False,False,False,False,-16773.0,-82260.79083892472,False,False,False,False,16373.329788284234,False,False,False,False
2025-06-02 16:00:00+00:00,114.675,115.03,114.5,114.825,4844.0,,,,,,,,,,,,,,,,,116.22335721870348,114.95658392329642,108.04059444065246,102.5664544288261,100.23925663680618,98.44193357182935,96.23052547695421,90.48869227053898,,,,,,,,,,,,,,,,113.1392840957719,115.76409757855917,111.66310594136775,108.81065768900746,105.37592272315601,101.264693146107,99.43353852298866,91.64182443134023,,,,113.1392840957719,105.37592272315601,104.64253263099408,"rgba(0, 255, 0, 1.0)",3.510941973394557,106.31285047944883,2.424463174001477,44.840179252719714,-11.77075487009347,False,True,False,True,True,5.483666178095628,0.0,0.0,0.0,0.0,0,1.0178696917980123,0.898930830237928,False,False,False,False,0.17300477488985236,0.16476012639540683,False,False,False,False,-11929.0,-81170.37547708092,False,False,False,False,16194.580489241067,False,False,False,False
2025-06-02 17:00:00+00:00,114.78,116.19,114.78,116.185,7372.0,,,,,,,,,,,,,,,,,116.21425161358174,114.96198542444179,108.06826798791694,102.59975603146344,100.27325161327931,98.47622390979376,96.2646546890014,90.52377573443397,,,,,,,,,,,,,,,,113.26610425185154,115.76368878950426,111.68159010258425,108.83689602299945,105.40790645155205,101.29832438360334,99.4677544403419,91.67745104198639,,,,113.26610425185154,105.40790645155205,104.67386765552098,"rgba(0, 255, 0, 1.0)",3.4415308740093984,106.34038147508171,2.860534711242984,48.523361886959485,-8.21664201730885,False,True,False,False,True,7.451400104493924,0.0,0.0,0.0,0.0,0,1.010212274803031,0.8978521603854066,False,False,False,False,0.18899005032477087,0.17687508836008886,False,False,False,False,-4557.0,-79982.57120611843,False,False,False,False,16057.796295609422,False,False,False,False
2025-06-02 18:00:00+00:00,116.185,116.49,115.69,116.345,6895.0,,,,,,,,,,,,,,,,,116.21360067393354,114.96997725987823,108.09550532441925,102.63182955115516,100.30584821685613,98.50901872820322,96.29721437584612,90.55709412108303,,,,,,,,,,,,,,,,113.39400632809145,115.7670966294799,111.70066498977266,108.8628734994236,105.43895922601374,101.33062987319958,99.50052222512997,91.71130831159512,,,,113.39400632809145,105.43895922601374,104.70538433338004,"rgba(0, 255, 0, 1.0)",3.397602928192287,106.36882804163183,2.936238333087394,51.22285718735407,-5.6001007509142795,False,False,True,False,True,7.680158791376812,0.0,0.0,0.0,0.0,0,1.007970431459318,0.9022176405511414,False,False,False,False,0.20249599445890326,0.18968554140949606,False,False,False,False,2338.0,-78706.28328044216,False,False,False,False,15915.737438313152,False,False,False,False
2025-06-02 19:00:00+00:00,116.345,116.87,116.06,116.65,16135.0,,,,,,,,,,,,,,,,,116.22529616989618,114.99361318032253,108.16127711849181,102.70822941909005,100.38328666524251,98.5868072877074,96.37433338893555,90.63579096308347,,,,,,,,,,,,,,,,113.6862628578367,115.78154342271274,111.74813454359028,108.92583986605774,105.51328803808539,101.40746045528621,99.5783087826598,91.79130688244665,,,,113.6862628578367,105.51328803808539,104.78129869009031,"rgba(0, 255, 0, 1.0)",3.3673670736960295,106.4384993006636,3.0324881356424997,53.51949693292214,-3.3132972441323005,False,False,True,False,True,8.120720361151339,0.0,0.0,0.0,0.0,0,1.0072321338574741,0.9029079729865939,False,False,False,False,0.21090388023371756,0.20029471082160683,False,False,False,False,18473.0,-77199.62772570662,False,False,False,False,15919.13685787419,False,False,False,False
2025-06-03 14:00:00+00:00,117.62,119.765,117.62,119.54,19296.0,,,,,,,,,,,,,,,,,116.34289014751067,115.06461803636466,108.2612294547851,102.81449494549388,100.48882959650493,98.69153415639595,96.47690364314822,90.73812202983402,,,,,,,,,,,,,,,,114.21710356576243,115.85256580688858,111.832157331243,109.02361907734604,105.62035270665866,101.51304370012711,99.68371053157013,91.89570612158872,,,,114.21710356576243,105.62035270665866,104.90730505320138,"rgba(0, 255, 0, 1.0)",3.3691403881343565,106.56310220501021,3.8516939931303025,58.79448742684983,1.7012107746617033,True,False,True,False,True,12.100703600161616,0.0,0.0,0.0,0.0,0,1.0133887234415273,0.8909382116669584,False,False,False,False,0.26150174884868993,0.23089822983514838,False,False,False,False,37769.0,-75417.16838112203,False,False,False,False,15971.491325193969,False,False,False,False
2025-06-03 15:00:00+00:00,119.535,119.58,118.38,119.55,8321.0,,,,,,,,,,,,,,,,,116.39408352556292,115.09595004648622,108.30453805435165,102.86044029133052,100.53445011124414,98.73679515263078,96.52122908296788,90.78232564841984,,,,,,,,,,,,,,,,114.4225873029327,115.88407951537455,111.86876328923826,109.06601437747811,105.6666648798463,101.5586877334973,99.72926605628312,91.94080149261208,,,,114.4225873029327,105.6666648798463,104.96041728501604,"rgba(0, 255, 0, 1.0)",3.3661725638672944,106.61576039317607,3.842417274046154,62.32180274022532,4.992816838701614,True,False,True,False,True,12.113917173558455,0.0,0.0,0.0,0.0,0,1.0209645177411295,0.884007996001999,False,False,False,False,0.26812351238075627,0.24951087110795234,False,False,False,False,46090.0,-73533.33631319765,False,False,False,False,15852.879056586311,False,False,False,False
2025-06-03 16:00:00+00:00,119.51,120.71,119.33,120.11,11220.0,,,,,,,,,,,,,,,,,116.48122161207178,115.14641222283048,108.36707938171207,102.92530637985254,100.59850119830072,98.80012383168086,96.58303549712406,90.84355340304901,,,,,,,,,,,,,,,,114.72071640712795,115.93676584743059,111.92342813116926,109.12755244503833,105.73265017167465,101.62291834655835,99.79312206204602,92.00332986014325,,,,114.72071640712795,105.73265017167465,105.03785729986312,"rgba(0, 255, 0, 1.0)",3.359667202523922,106.69369560427492,3.9933432649657057,65.30257564844119,7.817817972582077,True,False,True,False,True,12.859865313850818,0.0,0.0,0.0,0.0,0,1.0370249346470943,0.8748491856022521,False,False,False,False,0.29227470454439,0.27089278782617116,False,False,False,False,57310.0,-71504.75745562869,False,False,False,False,15781.051474313655,False,False,False,False
2025-06-03 17:00:00+00:00,120.03,120.68,119.51,120.19,16550.0,,,,,,,,,,,,,,,,,116.60503313222107,115.22013226666141,108.45872179178939,103.02052244454417,100.69258500403139,98.89318703160255,96.67390818598824,90.9336367332248,,,,,,,,,,,,,,,,115.11254457612173,116.01349648526049,112.00348898769776,109.2177038503685,105.82939900384285,101.71724180075026,99.88693704578661,92.09530658465249,,,,115.11254457612173,105.82939900384285,105.14836530778398,"rgba(0, 255, 0, 1.0)",3.3396994362258936,106.80483814271845,4.00789415720828,67.38371929932217,9.890543629834653,True,False,True,False,True,12.967128788095206,0.0,0.0,0.0,0.0,0,1.0380100755667507,0.8711586901763222,False,False,False,False,0.29402894805862956,0.28246086794240033,False,False,False,False,73860.0,-69251.04028577397,False,False,False,False,15792.973156882437,False,False,False,False
2025-06-03 18:00:00+00:00,120.18,120.28,119.15,120.23,16647.0,,,,,,,,,,,,,,,,,116.71343825716312,115.28859399602597,108.54760495912896,103.1139101830863,100.78515264649316,98.98493107003422,96.76368037935038,91.02295029622567,,,,,,,,,,,,,,,,115.43695406756115,116.0835520219333,112.08012476529076,109.3049425543115,105.92379994182929,101.80992863087731,99.97932394467294,92.18643053609718,,,,115.43695406756115,105.92379994182929,105.25158239063006,"rgba(0, 255, 0, 1.0)",3.3328181782107853,106.90792663208725,3.997239769936886,68.82319620372327,11.48041235465297,True,False,True,False,True,13.021712513080026,0.0,0.0,0.0,0.0,0,1.0330264614146292,0.8740567461515241,False,False,False,False,0.28515864480609876,0.28380975637424954,False,False,False,False,90507.0,-66774.17144413406,False,False,False,False,15806.213883132321,False,False,False,False
2025-06-03 19:00:00+00:00,120.34,121.575,120.32,121.37,85381.0,,,,,,,,,,,,,,,,,117.3472775705703,115.69445714847735,109.02867855265467,103.61026555420648,101.27523549812483,99.46949494923562,97.23678470945453,91.49122206785523,,,,,,,,,,,,,,,,116.89752608234149,116.50842394103478,112.5079460628267,109.77922874653233,106.42872061207329,102.30146592789175,100.4678748693219,92.66443466334734,,,,116.89752608234149,106.42872061207329,105.7943148097468,"rgba(0, 255, 0, 1.0)",3.3443974019223934,107.45572318329651,4.160473515708817,71.19415891326123,14.004240912266965,True,False,True,False,True,14.56812775202346,0.0,0.0,0.0,0.0,0,1.0362995021639607,0.8672103669977232,False,False,False,False,0.3140959411790437,0.29895284877664663,False,False,False,False,175888.0,-63011.96723569787,False,False,False,False,16884.892737657403,False,False,False,False
2025-06-04 14:00:00+00:00,120.14,120.83,118.98,120.77,8978.0,,,,,,,,,,,,,,,,,117.3899853417038,115.72732032179528,109.07353285604505,103.65827887646795,101.32313161815722,99.51715785146637,97.28363884524738,91.53815230596375,,,,,,,,,,,,,,,,116.98472353358362,116.54102700997181,112.54613562243897,109.82311982605275,106.47674463950125,102.34930652758233,100.5157634333207,92.71222694754323,,,,116.98472353358362,106.47674463950125,105.84126534730258,"rgba(0, 255, 0, 1.0)",3.341431839607391,107.50188618023105,3.9707869131120472,70.71487384649592,14.004240912266965,True,False,True,False,True,13.383779452569172,0.0,0.0,0.0,0.0,0,1.0275247573899882,0.8711126554317338,False,False,False,False,0.28958825410755096,0.2942705514420988,False,False,False,False,166910.0,-59447.28557312891,False,False,False,False,16762.305253352635,False,False,False,False
2025-06-04 15:00:00+00:00,120.765,120.9,119.465,119.465,8771.0,,,,,,,,,,,,,,,,,117.4268765171994,115.75719399639478,109.1160289168445,103.70421231001922,101.36907298424325,99.56295011826057,97.3287308770222,91.58345382920866,,,,,,,,,,,,,,,,117.05926819739568,116.57018360454454,112.58187215648091,109.86461800284715,106.52248966869469,102.39514632691768,100.56173230749975,92.7583340453392,,,,117.05926819739568,106.52248966869469,105.88513524118201,"rgba(0, 255, 0, 1.0)",3.322887485794028,107.54471074312681,3.587328583298315,66.53405897610884,14.004240912266965,True,False,True,False,False,10.863956505687089,0.0,0.0,0.0,0.0,0,1.033377903233794,0.8683454662506805,False,False,False,False,0.2960777921871274,0.2951741718146131,False,False,False,False,158139.0,-56073.85478904939,False,False,False,False,16638.4090478743,False,False,False,False
2025-06-04 16:00:00+00:00,119.48,120.495,119.19,119.57,11820.0,,,,,,,,,,,,,,,,,117.47127722292873,115.79497618807551,109.17177019026452,103.76497913526435,101.42999202492587,99.62375970690113,97.38870218126074,91.64386406130505,,,,,,,,,,,,,,,,117.14768506916566,116.60650600863825,112.6282490839204,109.91895318053855,106.58277392937194,102.45587395180448,100.62272876458962,92.81978626049474,,,,117.14768506916566,106.58277392937194,105.9419923099656,"rgba(0, 255, 0, 1.0)",3.3179178073876248,107.5998564627027,3.6077275665613993,63.95332220604484,20.67448826743079,True,False,True,False,False,11.013730688590751,0.0,0.0,0.0,0.0,0,1.0401102722034572,0.8667047486588512,False,False,False,False,0.2873298271839156,0.29125199949926434,False,False,False,False,169959.0,-52569.469443482725,False,False,False,False,16563.705031628186,False,False,False,False
2025-06-04 17:00:00+00:00,119.58,119.69,119.19,119.535,8142.0,,,,,,,,,,,,,,,,,117.49725237057089,115.81877624299435,109.20882075050041,103.80584185652869,101.47108300278612,99.66485494960759,97.42931121384612,91.68491306702283,,,,,,,,,,,,,,,,117.19909268491477,116.62886259647817,112.65860554706258,109.95497899911857,106.6231049533289,102.49678531992208,100.66390833183743,92.8615156467211,,,,117.19909268491477,106.6231049533289,105.97923172082754,"rgba(0, 255, 0, 1.0)",3.2410214480978627,107.63565233792289,3.671480689848802,62.12460188710325,18.72188425837834,True,False,True,False,False,10.945463750742128,0.0,0.0,0.0,0.0,0,1.034569312590089,0.8697996918335898,False,False,False,False,0.27783176861358244,0.2845418840564234,False,False,False,False,161817.0,-49245.64821180082,False,False,False,False,16433.135961370383,False,False,False,False
2025-06-04 18:00:00+00:00,119.485,119.54,118.17,118.19,17682.0,,,,,,,,,,,,,,,,,117.52841080215273,115.85779455493024,109.28187434361645,103.88914546713737,101.5555527796041,99.74976540640449,97.51365495448036,91.7709665180317,,,,,,,,,,,,,,,,117.26483418317751,116.66226354731408,112.71561315816743,110.02547790193965,106.70417005098204,102.58060403269793,100.74876260220707,92.94885003099942,,,,117.26483418317751,106.70417005098204,106.04985877086516,"rgba(0, 255, 0, 1.0)",3.139770659267353,107.7016796766968,3.3404733853238144,57.14915794997312,13.900807858439272,True,False,True,False,False,8.351382296588227,0.0,0.0,0.0,0.0,0,1.0293701432508255,0.8734328061769157,False,False,False,False,0.2641132831987663,0.27432758362759485,False,False,False,False,144135.0,-46247.49862712174,False,False,False,False,16452.49819452743,False,False,False,False
2025-06-04 19:00:00+00:00,118.185,120.015,118.185,119.86,27836.0,,,,,,,,,,,,,,,,,117.603942391139,115.93245178828737,109.40329232134482,104.02471886635075,101.69239381738326,99.88694499868903,97.64956302150732,91.90893002151199,,,,,,,,,,,,,,,,117.40539619061897,116.73105173672488,112.81384090939704,110.14326113095711,106.83716328318454,102.71664592078425,100.8860460161685,93.08896438358849,,,,117.40539619061897,106.83716328318454,106.17028792485233,"rgba(0, 255, 0, 1.0)",3.084300237486346,107.81644283251231,3.9047940343521783,57.56559133267725,13.900807858439272,True,False,True,False,False,10.806214148557213,0.0,0.0,0.0,0.0,0,1.0292826129859878,0.8688079731596602,False,False,False,False,0.26753759652216913,0.270932590074882,False,False,False,False,171971.0,-42864.26609026714,False,False,False,False,16628.986594612274,False,False,False,False
2025-06-05 14:00:00+00:00,120.74,122.18,120.3,122.15,18775.0,,,,,,,,,,,,,,,,,117.71092880982623,116.01213197699498,109.50121127170604,104.12770049271158,101.79480757716108,99.98867956893363,97.74943364047367,92.00857129707069,,,,,,,,,,,,,,,,117.58508055637792,116.81261399082221,112.90011174936984,110.23953296525357,106.94071838351913,102.81908048586844,100.98834908999883,93.19044320248857,,,,117.58508055637792,106.94071838351913,106.27308719116103,"rgba(0, 255, 0, 1.0)",3.057905166778788,107.91872247372471,4.6539303052575,61.26215585756069,13.900807858439272,True,False,True,False,True,13.952453460957113,0.0,0.0,0.0,0.0,0,1.0353280283806754,0.8685176516961884,False,False,False,False,0.32000583024269036,0.2954692101587862,False,False,False,False,190746.0,-39242.40149972036,False,False,False,False,16662.258120277198,False,False,False,False
2025-06-05 15:00:00+00:00,122.145,122.21,121.255,121.615,11596.0,,,,,,,,,,,,,,,,121.69333333333333,117.77662632056658,116.06152835689586,109.56164731425952,104.1912450155764,101.85801160476967,100.0514717257888,97.81108696389131,92.07008954598999,,,,,,,,,,,,,,,,117.6923849756587,116.86317639198839,112.95345856551693,110.29896357884766,107.00460126256122,102.88229454174497,101.05148728882276,93.25308843683372,,,,117.6923849756587,107.00460126256122,107.23967618959092,"rgba(0, 255, 0, 1.0)",3.0059069878862252,108.66721011458233,4.307448612880281,62.333827224667914,13.900807858439272,True,False,True,False,True,12.925137479646345,0.0,0.0,0.0,0.0,0,1.030371982588049,0.8762119113573406,False,False,False,False,0.3323161167645703,0.3138926634616782,False,False,False,False,179150.0,-35856.47279429834,False,False,False,False,16583.711482753522,False,False,False,False
2025-06-05 16:00:00+00:00,121.615,121.67,119.67,119.88,13380.0,,,,,,,,,,,,,,,,121.00404761904764,117.82575383429804,116.10468733629531,109.62332357649974,104.25864836249782,101.92574384074811,100.11919351186425,97.87802062893637,92.13768670410977,,,,,,,,,,,,,,,,117.77179366807773,116.905032851428,113.00526958037608,110.35911814841273,107.0712313796089,102.94975653520163,101.11935090245551,93.32177537273066,,,,117.77179366807773,107.0712313796089,107.257672579564,"rgba(0, 255, 0, 1.0)",2.9423296264412775,108.68999679971012,3.8031099913928044,59.14338527609743,13.900807858439272,True,False,True,False,False,9.688527878133524,0.0,0.0,0.0,0.0,0,1.0200000000000002,0.8822496909765141,False,False,False,False,0.3058743176620673,0.30988349056187275,False,False,False,False,165770.0,-32730.480968030144,False,False,False,False,16534.041537284473,False,False,False,False
2025-06-05 17:00:00+00:00,119.73,121.49,119.715,120.8,8556.0,,,,,,,,,,,,,,,,120.91838701340014,117.85930695008929,116.13349078146963,109.66334494786555,104.3021509675524,101.96940691624656,100.16281881633161,97.92110940751674,92.18114226300486,,,,,,,,,,,,,,,,117.82498704299923,116.93324568482343,113.03918285256256,110.39820284738772,107.11432186185334,102.99326686963816,101.16308356904267,93.36593877021492,,,,117.82498704299923,107.11432186185334,107.290787503647,"rgba(0, 255, 0, 1.0)",2.881039894530676,108.7231718977001,4.191829528367994,58.55613892323616,13.900807858439272,True,False,True,False,False,10.963979152207092,0.0,0.0,0.0,0.0,0,1.01872502097005,0.8820989786352197,False,False,False,False,0.304208768164112,0.30704612936299236,False,False,False,False,174326.0,-29520.3029685258,False,False,False,False,16410.350970814947,False,False,False,False
2025-06-05 18:00:00+00:00,120.8,120.87,120.11,120.32,5793.0,,,,,,,,,,,,,,,,120.84693333333334,117.87971534817774,116.15178719086674,109.68970277955333,104.33105344989427,101.9984844162844,100.19191382843076,97.94989064503707,92.21024748890684,,,,,,,,,,,,,,,,117.85702090837331,116.9509219551177,113.06127250686573,110.4238963651297,107.1428391931754,103.02221516544576,101.19222726243092,93.3955028522734,,,,117.85702090837331,107.1428391931754,107.3115073346645,"rgba(0, 255, 0, 1.0)",2.8257518922864096,108.74391631256597,4.0966383917263975,57.12640851716404,13.12234391708504,True,False,True,False,False,10.07942126257926,0.0,0.0,0.0,0.0,0,1.0204756266035129,0.8825981843299782,False,False,False,False,0.30143648208845375,0.30424130572572305,False,False,False,False,168533.0,-26449.70912405253,False,False,False,False,16245.740878244173,False,False,False,False
2025-06-05 19:00:00+00:00,120.32,120.355,118.56,119.275,35878.0,,,,,,,,,,,,,,,,120.15503716607053,117.95071783264302,116.23510534185647,109.8346364379646,104.49639719233028,102.16653740359081,100.36113066698759,98.11837228208316,92.38260626570371,,,,,,,,,,,,,,,,117.96585181186475,117.02509939814456,113.17636234107518,110.56395798608891,107.3032051618757,103.18883415761367,101.36115863964928,93.57020871932086,,,,117.96585181186475,107.3032051618757,107.40324816499195,"rgba(0, 255, 0, 1.0)",2.7347512082773915,108.83476404569342,3.8176181887064047,54.050616265386395,9.95528117147753,False,False,True,False,False,8.178047702928293,0.0,0.0,0.0,0.0,0,1.0154118863558028,0.886109606578364,False,False,False,False,0.27619611962526014,0.2902187126754916,False,False,False,False,132655.0,-23982.969447710628,False,False,False,False,16550.116988658992,False,False,False,False
2025-06-06 14:00:00+00:00,120.27,120.27,118.37,119.94,16157.0,,,,,,,,,,,,,,,,120.04390995329832,117.98325033666295,116.27273086377126,109.89936899172446,104.5703167004033,102.24172440997931,100.4368781960241,98.19384177385648,92.45988331674083,,,,,,,,,,,,,,,,118.01400292390962,117.05880591577639,113.2278913678063,110.62652165087567,107.37482200268782,103.26335866745379,101.4367551858524,93.6485120984988,,,,118.01400292390962,107.37482200268782,107.45603378560716,"rgba(0, 255, 0, 1.0)",2.6508714239490754,108.88543113015905,4.170164109043304,53.34598539722406,9.026513677836675,False,False,True,False,False,9.133885602538346,0.0,0.0,0.0,0.0,0,1.016853380503145,0.8847779088050313,False,False,False,False,0.27286120265894503,0.2815399576672183,False,False,False,False,148812.0,-21303.977673327514,False,False,False,False,16544.02215162552,False,False,False,False
2025-06-06 15:00:00+00:00,120.05,120.27,119.085,120.14,6278.0,,,,,,,,,,,,,,,,120.03026297821205,117.99795876005547,116.2884683956845,109.92507843539055,104.59942499147303,102.27127625444977,100.46661721906068,98.22344023048241,92.49012871126688,,,,,,,,,,,,,,,,118.03553342163423,117.07324775507968,113.24864734178593,110.65142156005231,107.40311650153963,103.29267261902918,101.4664520778667,93.67916763053142,,,,118.03553342163423,107.40311650153963,107.47899499315261,"rgba(0, 255, 0, 1.0)",2.5589072044692416,108.90743438597954,4.3895947435695595,53.28558592047362,8.601485577230513,False,False,True,False,False,9.421762690069407,0.0,0.0,0.0,0.0,0,1.017885375494071,0.8908596837944661,False,False,False,False,0.2815445102892005,0.28154223397820943,False,False,False,False,155090.0,-18569.187321803056,False,False,False,False,16384.859017491788,False,False,False,False
2025-06-06 16:00:00+00:00,120.14,120.72,119.7,120.09,2045.0,,,,,,,,,,,,,,,,120.03312968777693,118.00357417884005,116.29405138095277,109.93370936472805,104.60909285852576,102.28106611799616,100.47645365075454,98.2332148631726,92.50008817458078,,,,,,,,,,,,,,,,118.04373749258373,117.07849264928156,113.25572630080309,110.65980126489515,107.41255558102377,103.30239385889902,101.4762826992312,93.68926687519969,,,,118.04373749258373,107.41255558102377,107.48721394113205,"rgba(0, 255, 0, 1.0)",2.496308378891927,108.91532596282264,4.476479801801424,53.11887713401053,8.005449363875798,False,False,True,False,False,9.327740696796926,0.0,0.0,0.0,0.0,0,1.0192766295707472,0.8889606518282986,False,False,False,False,0.2945559530766203,0.28804909352741487,False,False,False,False,153045.0,-15908.50224704642,False,False,False,False,16162.53562187176,False,False,False,False
2025-06-06 17:00:00+00:00,120.195,120.88,120.14,120.45,2539.0,,,,,,,,,,,,,,,,120.04447747712496,118.01152967363294,116.30153114734071,109.94473936770873,104.62132594503258,102.29342313539915,100.48885077987084,98.2455154471322,92.51258641346963,,,,,,,,,,,,,,,,118.05535585526603,117.08565134151864,113.26490099528363,110.67053408584007,107.42454887684717,103.31467651517731,101.48868236784959,93.70194642508211,,,,118.05535585526603,107.42454887684717,107.4982515205633,"rgba(0, 255, 0, 1.0)",2.5043253519604822,108.92594684132897,4.601659744269875,53.86760040434801,8.005449363875798,False,False,True,False,False,9.860737125011106,0.0,0.0,0.0,0.0,0,1.020076719972102,0.8848204055198523,False,False,False,False,0.30192900320129107,0.29498904836435297,False,False,False,False,155584.0,-13249.703762596087,False,False,False,False,15951.318015331113,False,False,False,False
2025-06-06 18:00:00+00:00,120.455,121.14,120.455,121.12,6769.0,,,,,,,,,,,,,,,,120.09792112804422,118.03600247444858,116.32330552799283,109.97518597297605,104.65469807974712,102.32703472864759,100.52251093431425,98.27885315304236,92.54634581359889,,,,,,,,,,,,,,,,118.09098700061635,117.10689922506103,113.29064591590846,110.70023817721525,107.45742808516366,103.34812572922976,101.52238139083295,93.73621446004152,,,,118.09098700061635,107.45742808516366,107.53028104687534,"rgba(0, 255, 0, 1.0)",2.5237805671957467,108.95685540613385,4.819414473652521,55.89401555211444,8.005449363875798,False,False,True,False,True,10.84949206626915,0.0,0.0,0.0,0.0,0,1.0193713084392835,0.8868004805285812,False,False,False,False,0.30902486049138145,0.3020069544278672,False,False,False,False,162353.0,-10527.18122364111,False,False,False,False,15808.956495713577,False,False,False,False
2025-06-06 19:00:00+00:00,121.12,121.305,120.74,120.825,15726.0,,,,,,,,,,,,,,,,120.20620333768987,118.09228699649572,116.3736676617321,110.04560318636338,104.73194879307289,102.40487164520395,100.60048181082112,98.35610319231714,92.6246102143074,,,,,,,,,,,,,,,,118.17188251643226,117.15602138637382,113.3501942508717,110.76893275189417,107.53348977962946,103.42557455193584,101.60042999181185,93.81564572554394,,,,118.17188251643226,107.53348977962946,107.60340869367627,"rgba(0, 255, 0, 1.0)",2.535878728948108,109.02749387654501,4.6522359246842395,56.27809252095827,8.005449363875798,True,False,True,False,True,10.267987701844081,0.0,0.0,0.0,0.0,0,1.019501543558467,0.8853499987450741,False,False,False,False,0.31459922559360154,0.30830309001073436,False,False,False,False,146627.0,-8090.682289941246,False,False,False,False,15807.670348493211,False,False,False,False
2025-06-09 14:00:00+00:00,121.925,122.1,120.15,120.39,11697.0,,,,,,,,,,,,,,,,120.26397892933765,118.13168105329885,116.40980784749843,110.0970327025812,104.78866546367337,102.46210872552182,100.65787478502698,98.41302757114363,92.68238743984003,,,,,,,,,,,,,,,,118.22757494376873,117.19103234782553,113.39344938032481,110.81905393592761,107.5891909550811,103.48249060131425,101.65784887686206,93.87426068053236,,,,118.22757494376873,107.5891909550811,107.65538036703285,"rgba(0, 255, 0, 1.0)",2.5170932309584577,109.07767700329191,4.494201032196407,55.12123031971922,8.005449363875798,False,False,True,False,True,9.407710263524748,0.0,0.0,0.0,0.0,1,1.0159055157432146,0.8833678743539162,False,False,False,False,0.3171449296331538,0.3127240098219441,False,False,False,False,134930.0,-5873.307370717351,False,False,False,False,15743.939025260757,False,False,False,False
2025-06-09 15:00:00+00:00,120.61,121.625,120.18,121.08,11814.0,,,,,,,,,,,,,,,,120.31958571704851,118.17150411331471,116.44638204210383,110.14887307236543,104.84583514954687,102.51981420152414,100.71574580145676,98.47043795224025,92.7406715513649,,,,,,,,,,,,,,,,118.28320839562564,117.22649974760704,113.43710673587194,110.86958142418639,107.64532213048376,103.53986850069379,101.71574089568377,93.93338303356833,,,,118.28320839562564,107.64532213048376,107.70762120380505,"rgba(0, 255, 0, 1.0)",2.5009096092976733,109.12814486563175,4.779003243433762,56.191607654720585,8.005449363875798,False,False,True,False,True,10.461622197953442,0.0,0.0,0.0,0.0,1,1.0165876777251186,0.8879022200049886,False,False,False,False,0.31162389521381534,0.3121739525178797,False,False,False,False,146744.0,-3507.147566520183,False,False,False,False,15683.00973804741,False,False,False,False
2025-06-09 16:00:00+00:00,121.02,121.67,120.64,121.4,7300.0,,,,,,,,,,,,,,,,120.36263064099927,118.19792636830611,116.47004790258006,110.18146765692333,104.88155869019631,102.55582047000104,100.75182380422544,98.506198516947,92.77691577758117,,,,,,,,,,,,,,,,118.31988196608471,117.24967296720646,113.4648089554805,110.90139596184821,107.68048268104796,103.575691690683,101.7518484221021,93.97015693742519,,,,118.31988196608471,107.68048268104796,107.74107820056692,"rgba(0, 255, 0, 1.0)",2.474259252150111,109.1605405470951,4.946716655608712,57.70471530202106,8.005449363875798,True,False,True,False,True,10.948650975638284,0.0,0.0,0.0,0.0,1,1.0365286414884474,0.8811618383133624,False,False,False,False,0.31789076557762946,0.3150323590477546,False,False,False,False,154044.0,-1064.494115876459,False,False,False,False,15553.040594821869,False,False,False,False
2025-06-09 17:00:00+00:00,121.45,122.07,121.42,121.96,6522.0,,,,,,,,,,,,,,,,120.42115099249203,118.22558303412818,116.4935434428087,110.21194611125574,104.91447071312359,102.58886752851211,100.78485925009157,98.5388658105993,92.80987770466336,,,,,,,,,,,,,,,,118.35824895668256,117.27313015172993,113.49122754045709,110.93124101091408,107.71307991531445,103.60862162103064,101.78495188218123,94.0036250541939,,,,118.35824895668256,107.71307991531445,107.77372298353991,"rgba(0, 255, 0, 1.0)",2.5039543501012504,109.19230162078847,5.09901403701519,60.045898860400165,6.557497736479753,True,False,True,False,True,11.80030564061024,0.0,0.0,0.0,0.0,1,1.0386125820264007,0.8675669512782184,False,False,False,False,0.33262981423635574,0.3238310866420552,False,False,False,False,160566.0,1441.405017703021,False,False,False,False,15413.024461568815,False,False,False,False
2025-06-09 18:00:00+00:00,122.01,122.88,122.01,122.61,7957.0,,,,,,,,,,,,,,,,120.5184493481641,118.26507030995128,116.52557447487739,110.25109190130873,104.95606772294157,102.63045991350721,100.82632819685625,98.57976325757987,92.85093584371312,,,,,,,,,,,,,,,,118.41295891817113,117.30567953583244,113.5258603601776,110.96970433318836,107.75456335558184,103.65013800339604,101.82656395869064,94.04534870848022,,,,118.41295891817113,107.75456335558184,107.81732694955399,"rgba(0, 255, 0, 1.0)",2.5472095454579438,109.23494091933574,5.2508672105575265,62.98612932159327,9.327312046727592,True,False,True,False,True,12.780164138758291,0.0,0.0,0.0,0.0,0,1.0417268374249449,0.8618479389931846,False,False,False,False,0.3428282519140173,0.3333296692780362,False,False,False,False,168523.0,4031.8173430099505,False,False,False,False,15297.42718309488,False,False,False,False
2025-06-09 19:00:00+00:00,122.61,123.1,122.16,122.615,30771.0,,,,,,,,,,,,,,,,120.84129682202898,118.4154563613945,116.64881926436561,110.40167751296681,105.11622792567637,102.79068383120863,100.98613201300479,98.73743467312505,93.00931619123749,,,,,,,,,,,,,,,,118.61766480927515,117.43076727564612,113.65915289140466,111.11765852470904,107.91416109361751,103.81003909511736,101.98688690377182,94.20626120552816,,,,118.61766480927515,107.91416109361751,107.98174331729871,"rgba(0, 255, 0, 1.0)",2.588726212910321,109.3959884517212,5.1063768282462,64.95680916152016,11.138210257051455,True,False,True,False,True,12.787735168802872,0.0,0.0,0.0,0.0,0,1.0406023396245483,0.8603552388893099,False,False,False,False,0.3428282519295487,0.33807896060379244,False,False,False,False,199294.0,7059.138004358633,False,False,False,False,15537.327536845347,False,False,False,False
2025-06-10 14:00:00+00:00,123.63,124.445,118.09,118.39,51551.0,,,,,,,,,,,,,,,,120.73241198990208,118.518862918247,116.76864234169918,110.59961764628747,105.34348226612023,103.02274136310352,101.22055915118048,98.97182663265463,93.25044690149565,,,,,,,,,,,,,,,,118.7449556446136,117.53983550465328,113.81842492923249,111.30904343993872,108.13307664836013,104.03971683639256,102.22047336872745,94.45016919183912,,,,118.7449556446136,108.13307664836013,108.15789922202633,"rgba(0, 255, 0, 1.0)",2.5871286354915135,109.56359434909423,3.4116609162067784,54.996751050116195,9.760872052492488,False,False,True,False,False,4.4516930914871295,0.0,0.0,0.0,0.0,0,1.0214475235849059,0.8572621855345909,False,False,False,False,0.30932045063096525,0.3236997056173788,False,False,False,False,147743.0,9240.283151577878,False,False,False,False,16095.679047902007,False,False,False,False
2025-06-10 15:00:00+00:00,118.29,119.465,117.41,118.95,24083.0,,,,,,,,,,,,,,,,120.54734699168874,118.52108947637818,116.79635910768903,110.67368181161889,105.43553690812307,103.11860132053492,101.31855646309897,99.07100413272802,93.35465552059718,,,,,,,,,,,,,,,118.60833333333333,118.7403134776188,117.55842627163584,113.87143265697061,111.37936846728347,108.21880577207966,104.13385296564215,102.31750305510718,94.55517098343921,,,,118.7403134776188,108.21880577207966,108.79000215086485,"rgba(0, 255, 0, 1.0)",2.5866877878312478,110.8753748633585,3.1216079399406356,49.83275648290145,5.527846244565019,False,True,False,True,False,5.346245566794547,0.0,0.0,0.0,0.0,0,1.0210425984309701,0.8805875308551455,False,False,False,False,0.22742683328973745,0.27556326945355814,False,False,False,False,171826.0,11760.991939925509,False,False,False,False,16219.513481267868,False,False,False,False
2025-06-10 16:00:00+00:00,118.94,119.76,118.59,119.5,14378.0,,,,,,,,,,,,,,,,120.48484832123985,118.53224863355709,116.8185292242423,110.72095637147748,105.49267375196573,103.17774094013949,101.37880146685416,99.1317680280369,93.41811472681633,,,,,,,,,,,,,,,118.8606707660574,118.75110992802863,117.57615956044638,113.9069540323547,111.42457188761252,108.27260396559588,104.1920701920705,102.37726337846284,94.61917202286514,,,,118.75110992802863,108.27260396559588,108.84090317765684,"rgba(0, 255, 0, 1.0)",2.5881541476302172,110.92078787520606,3.3147995194371616,47.80325682927978,4.069312971782836,False,True,False,True,False,6.220279352528419,0.0,0.0,0.0,0.0,0,1.024691665008952,0.8884026258205686,False,False,False,False,0.2426396864694987,0.25910147796152844,False,False,False,False,186204.0,14465.53470054682,False,False,False,False,16190.962884659062,False,False,False,False
2025-06-10 17:00:00+00:00,119.49,119.88,118.4,118.45,11402.0,,,,,,,,,,,,,,,,120.42542775233407,118.5365838730003,116.83321076628162,110.7564598325834,105.53643255221128,103.22325289292755,101.42530007454702,99.17880779140742,93.46749536335604,,,,,,,,,,,,,,,118.8719507116165,118.75357625426557,117.58694613797354,113.93286015140629,111.45836749698998,108.31346236600075,104.23678605145417,102.42331592963048,94.66892620538131,,,,118.75357625426557,108.31346236600075,108.86828678907597,"rgba(0, 255, 0, 1.0)",2.5870355047247235,110.94460277167664,2.9011574114913357,44.54268834121171,1.2495775705587135,False,True,False,True,False,4.282250695295595,0.0,0.0,0.0,0.0,0,1.021397215602659,0.8965006898281698,False,False,False,False,0.234308514387112,0.24670499617432023,False,False,False,False,174802.0,16951.37137185617,False,False,False,False,16116.715398075201,False,False,False,False
2025-06-10 18:00:00+00:00,118.38,120.555,117.94,120.31,14266.0,,,,,,,,,,,,,,,,120.38829241163126,118.55166104374634,116.85731431160251,110.80418167755344,105.59359344619583,103.28232171175725,101.48541990562133,99.23940113830358,93.53068317665333,,,,,,,,,,,,,,,119.0342817602021,118.76973335594649,117.60712718109528,113.96935033807189,111.50410988389217,108.36745194426716,104.29497191163598,102.48297831530802,94.73265957869985,,,,118.76973335594649,108.36745194426716,108.91641850512133,"rgba(0, 255, 0, 1.0)",2.5931035528955726,110.98795903511628,3.5949358653549828,46.641269180930735,1.2495775705587135,False,True,False,True,False,7.206286645830627,0.0,0.0,0.0,0.0,0,1.00626372529447,0.8981333599520858,False,False,False,False,0.23609673935914186,0.24140086776673103,False,False,False,False,189068.0,19619.846234308014,False,False,False,False,16088.022136089538,False,False,False,False
2025-06-10 19:00:00+00:00,120.25,121.58,120.25,121.455,18517.0,,,,,,,,,,,,,,,,120.42735832524816,118.59754932701419,116.90466868409027,110.87574604409772,105.67493391831839,103.36531745420655,101.56924747349177,99.32324480340014,93.61691735408732,,,,,,,,,,,,,,,119.49598976356992,118.82584511098683,117.65189312123472,114.02839271251263,111.57353087394581,108.44597739711661,104.37714643478911,102.56650547046112,94.8198383398242,,,,118.82584511098683,108.44597739711661,109.00778347824419,"rgba(0, 255, 0, 1.0)",2.608654908652358,111.07319170767093,3.9797553359376137,50.09320259766352,1.2495775705587135,False,True,False,False,True,8.92251182813904,0.0,0.0,0.0,0.0,0,1.0120874474593977,0.894421369413286,False,False,False,False,0.2879135596646647,0.26465721371569784,False,False,False,False,207585.0,22534.034664783856,False,False,False,False,16125.680707623033,False,False,False,False
2025-06-11 14:00:00+00:00,125.39,127.03,125.37,126.88,17925.0,,,,,,,,,,,,,,,,120.73208374893738,118.73194309415688,117.00656894363686,110.979732732381,105.77981038676285,103.46886633335615,101.67168749826614,99.42352389564525,93.71598010625272,,,,,,,,,,,,,,,120.73126020423383,118.99934603854986,117.75957656066365,114.12704781223496,111.67687984783497,108.55272901862774,104.48105787296478,102.66971348414117,94.9206958246905,,,,118.99934603854986,108.55272901862774,109.19047241129648,"rgba(0, 255, 0, 1.0)",2.7682565300600017,111.25067369015937,5.645909669181511,58.13373788964128,0.33846813874529147,False,False,True,False,True,16.12797646475618,0.0,0.0,0.0,0.0,0,1.0196773880089398,0.8868428724127876,False,False,False,False,0.3428282515710865,0.30374273264339213,False,False,False,False,225510.0,25680.948856027517,False,False,False,False,16153.57713076066,False,False,False,False
2025-06-11 15:00:00+00:00,126.98,128.95,126.66,128.59,34452.0,,,,,,,,,,,,,,,,121.38443884373903,119.03008683037385,117.2294736749226,111.19655055984724,105.99421275682197,103.67933154022391,101.87911380263236,99.62577215602201,93.91417168069893,,,,,,,,,,,,,,,122.60293705516838,119.38043632581854,117.99708535159031,114.33702532071734,111.89317514504319,108.77289015709967,104.6927723527181,102.87911569516517,95.1227453259205,,,,119.38043632581854,108.77289015709967,109.53396303191795,"rgba(0, 255, 0, 1.0)",2.9905014915854524,111.58950090077846,5.684832175157522,64.56270071571697,6.018094179804741,True,False,True,False,True,18.122855393631266,0.0,0.0,0.0,0.0,0,1.0244031830238727,0.8796238244514105,False,False,False,False,0.34282825086350505,0.32328549175344856,False,False,False,False,259962.0,29313.213214848794,False,False,False,False,16437.273609353517,False,False,False,False
2025-06-11 16:00:00+00:00,128.47,129.465,127.46,128.52,29499.0,,,,,,,,,,,,,,,,121.88668334728717,119.28168306452754,117.42035342986726,111.38233224998804,106.17793055959058,103.85971609512174,102.05691971527749,99.79918200196742,94.08410178342974,,,,,,,,,,,,,,,123.65700061389965,119.69658233035291,118.19994804432987,114.5171366609717,112.07852559617986,108.96146033406369,104.87421751321423,103.05859752088017,95.29595455763965,,,,119.69658233035291,108.96146033406369,109.79379585658826,"rgba(0, 255, 0, 1.0)",3.1895566468723002,111.84844075754825,5.226920568662733,68.70175663353604,9.605453224867993,True,False,True,False,True,17.99123431491111,0.0,0.0,0.0,0.0,0,1.0263027541113534,0.8832970081236379,False,False,False,False,0.342828250663329,0.3330568712083888,False,False,False,False,230463.0,32431.81456035501,False,False,False,False,16639.780995255012,False,False,False,False
2025-06-11 17:00:00+00:00,128.625,129.54,128.05,128.12,27217.0,,,,,,,,,,,,,,,,122.29630491276112,119.50433794261592,117.59217277021996,111.55110215243853,106.34545447107048,104.02442344328931,102.21941698624629,99.95782577532596,94.23981001692448,,,,,,,,,,,,,,,124.35439188167248,119.97213902669445,118.38182614090915,114.68031944382233,112.24680266657371,109.1330434565709,105.03980579635576,103.22254493098495,95.4545979643775,,,,119.97213902669445,109.1330434565709,110.01201776549185,"rgba(0, 255, 0, 1.0)",3.3579101823599276,112.06698213379202,4.780657311961208,70.55517893114535,11.284299430499381,True,False,True,False,True,17.2311137362742,0.0,0.0,0.0,0.0,0,1.0246682162405338,0.8947289495388766,False,False,False,False,0.3428282505452038,0.3379425608767963,False,False,False,False,203246.0,35080.09650515571,False,False,False,False,16803.768886801445,False,False,False,False
2025-06-11 18:00:00+00:00,128.11,128.16,126.51,126.94,23847.0,,,,,,,,,,,,,,,,122.5463885962194,119.66271620614825,117.72021569411764,111.68461632284074,106.48128853029219,104.15900723213139,102.35286556449435,100.08882419798563,94.36970203104694,,,,,,,,,,,,,,,124.6695269405249,120.1636813424223,118.51533579049693,114.80644862402454,112.37933574678625,109.27053339508207,105.17468342692081,103.35681791820588,95.58667456799292,,,,120.1636813424223,109.27053339508207,110.16603678487405,"rgba(0, 255, 0, 1.0)",3.4766703445521543,112.2208707673685,4.233685616957032,69.19453656229408,11.284299430499381,True,False,True,False,True,15.016198620617839,0.0,0.0,0.0,0.0,0,1.006732999177078,0.9014987157427495,False,False,False,False,0.28730081160136844,0.3126216862390824,False,False,False,False,179399.0,37317.598884920735,False,False,False,False,16912.966268401422,False,False,False,False
2025-06-11 19:00:00+00:00,127.11,127.85,126.58,127.67,31757.0,,,,,,,,,,,,,,,,122.85274470719459,119.86813651454163,117.88837295708201,111.86075475954523,106.66085962006322,104.33707759733292,102.52953466461051,100.26237036145903,94.54195056010498,,,,,,,,,,,,,,,125.01581960408556,120.40910557844438,118.69020692865139,114.97268394806225,112.55413056941528,109.45205110699234,105.35308450746298,103.53452063299034,95.76176388056155,,,,120.40910557844438,109.45205110699234,110.36362047214448,"rgba(0, 255, 0, 1.0)",3.6106754402935284,112.41845613477464,4.224014070892367,69.04771170090861,11.284299430499381,True,False,True,False,True,15.911963375693816,0.0,0.0,0.0,0.0,0,1.0052353410450736,0.9049910251296368,False,False,False,False,0.28281684015726144,0.2977192631981719,False,False,False,False,211156.0,40012.76789445685,False,False,False,False,17143.106326255664,False,False,False,False
2025-06-12 14:00:00+00:00,126.565,129.315,126.01,128.85,11226.0,,,,,,,,,,,,,,,,122.96712749576889,119.94461432183792,117.95065816433323,111.92481167747943,106.72569680910216,104.40124392530475,102.5931136949185,100.3247433652524,94.60368444043229,,,,,,,,,,,,,,,125.14791300710192,120.50014058954028,118.75517879839636,115.03362077722039,112.61778849145453,109.51779284506576,105.41742446799893,103.5985152478976,95.82454120792136,,,,120.50014058954028,109.51779284506576,110.43603385150148,"rgba(0, 255, 0, 1.0)",3.774172432408633,112.49106665060518,4.334442488350946,70.09646806577038,11.89763352789143,True,False,True,False,True,17.332409808964357,0.0,0.0,0.0,0.0,0,1.004098259474139,0.8975682014566101,False,False,False,False,0.29959634689279907,0.29865780504548545,False,False,False,False,222382.0,42840.19784958155,False,False,False,False,17051.36824367806,False,False,False,False
2025-06-12 15:00:00+00:00,129.05,130.61,128.945,130.18,11885.0,,,,,,,,,,,,,,,,123.12500533044623,120.0421828328961,118.02771315028902,111.99980641406458,106.79983979982455,104.47409221449405,102.66495459619493,100.39486602255397,94.67240195138444,,,,,,,,,,,,,,,125.35725438213771,120.61724876136509,118.83649874611554,115.10661168167148,112.69263746162802,109.59379640044236,105.49068865341685,103.67100962003943,95.89454444885838,,,,120.61724876136509,109.59379640044236,110.52561958154571,"rgba(0, 255, 0, 1.0)",3.9721403357447755,112.58147260487097,4.430489838629863,71.93102348175329,14.208862577736795,True,False,True,False,True,18.88392539599689,0.0,0.0,0.0,0.0,0,1.015387640725628,0.8915490880487683,False,False,False,False,0.342828250734193,0.3207430278898392,False,False,False,False,234267.0,45808.055247262455,False,False,False,False,16971.26951121793,False,False,False,False
2025-06-12 16:00:00+00:00,130.03,131.7,129.71,130.065,11561.0,,,,,,,,,,,,,,,,123.2843894944081,120.14074678310946,118.1053328470962,112.07450193123091,106.87330654316942,104.54616312692632,102.7359553007287,100.4640929436376,94.74008594636949,,,,,,,,,,,,,,,125.56773588284312,120.73533785656944,118.91855580029727,115.17968359960916,112.76725851775139,109.6692814375343,105.56321890258876,103.74269568191711,95.9635203283438,,,,120.73533785656944,109.6692814375343,110.61510349578502,"rgba(0, 255, 0, 1.0)",4.151982266188348,114.39835539946735,3.773292754189706,72.85731704097458,15.65648434286858,True,False,True,False,True,18.661591337611547,0.0,0.0,0.0,0.0,0,1.0180581902392154,0.8972925032642701,False,False,False,False,0.3428282508964124,0.3317856393931258,False,False,False,False,222706.0,48550.65904187854,False,False,False,False,16887.38936375719,False,False,False,False
2025-06-12 17:00:00+00:00,130.085,130.925,130.04,130.54,9775.0,,,,,,,,,,,,,,,,123.4140465811094,120.22272398142307,118.1702635317178,112.13722294629989,106.93509537786917,104.60681274141677,102.79572691900364,100.52239677592438,94.7971304858832,,,,,,,,,,,,,,,125.73302315592264,120.83310245980401,118.98709931598691,115.24096761973126,112.82990063004493,109.73271145903458,105.62424125826283,103.8030315734583,96.02164308314289,,,,120.83310245980401,109.73271145903458,110.68928554977975,"rgba(0, 255, 0, 1.0)",4.331616386815242,114.47069902467499,3.7097701043512132,73.91218789416678,17.22755147044853,True,False,True,False,True,19.21836119927877,0.0,0.0,0.0,0.0,0,1.0179061657556947,0.9012687656122473,False,False,False,False,0.33501853694533296,0.33340208816922934,False,False,False,False,232481.0,51402.292235027715,False,False,False,False,16777.11976121832,False,False,False,False
2025-06-12 18:00:00+00:00,130.55,130.765,130.2,130.625,7634.0,,,,,,,,,,,,,,,,123.51250220962397,120.28602325550214,118.22061688498817,112.18598526404188,106.98318418448672,104.65403323911394,102.8422757586984,100.56781614594286,94.84158951419869,,,,,,,,,,,,,,,125.85532504631115,120.90832300262532,119.04019864983673,115.28857707060334,112.8785933913105,109.78204774925088,105.67174475542592,103.85001312196052,96.06693664063081,,,,120.90832300262532,109.78204774925088,110.74643254914177,"rgba(0, 255, 0, 1.0)",4.505655780129331,114.52668193571427,3.5729134336630675,74.69804849575824,18.532577084437733,True,False,True,False,True,19.31884097337204,0.0,0.0,0.0,0.0,0,1.015070394606385,0.902215942891136,False,False,False,False,0.33501853694533196,0.3342103125572806,False,False,False,False,240115.0,54328.07064998852,False,False,False,False,16635.36596647075,False,False,False,False
2025-06-12 19:00:00+00:00,130.715,131.08,130.435,130.78,26393.0,,,,,,,,,,,,,,,,123.8435867007065,120.50388745784323,118.3948500211816,112.35473137053152,107.149585953934,104.81744197004467,103.00336764734175,100.7250138244222,94.99545531000899,,,,,,,,,,,,,,,126.2530361880033,121.16576354871543,119.2237524882911,115.45341979652675,113.04710792107463,109.95274070666541,105.83613081567343,104.01259683186706,96.22367947306125,,,,121.16576354871543,109.95274070666541,110.94200822366072,"rgba(0, 255, 0, 1.0)",4.6738914058713155,114.72300140796798,3.4354667658434055,75.38620002262013,19.730797923000807,True,False,True,False,True,19.504847902805615,0.0,0.0,0.0,0.0,0,1.0203026763748417,0.8971198528863594,False,False,False,False,0.3428282509051683,0.3385192817312245,False,False,False,False,266508.0,57617.681957740635,False,False,False,False,16786.647114277403,False,False,False,False
2025-06-13 14:00:00+00:00,128.24,128.43,125.335,127.93,14872.0,,,,,,,,,,,,,,,,123.9285546532033,120.58179169845991,118.46347341253866,112.4304823352571,107.22845259245803,104.89620598369343,103.08187492083694,100.80253906659973,95.07306969819419,,,,,,,,,,,,,,,126.29575606589394,121.2537422330062,119.29377597160028,115.52368846473495,113.12201299320003,110.0315831700065,105.91481937172196,104.09136170068956,96.30240808296091,,,,121.2537422330062,110.0315831700065,111.01753291194753,"rgba(0, 255, 0, 1.0)",4.759475775509477,114.75831109151584,2.767466319770103,68.15692729741582,23.98259622608205,True,False,True,False,False,13.93092747329258,0.0,0.0,0.0,0.0,0,1.0030727960004877,0.9028411169369588,False,False,False,False,0.2119073929907781,0.2752133373610013,False,False,False,False,251636.0,60625.717896380316,False,False,False,False,16756.962662893256,False,False,False,False
2025-06-13 15:00:00+00:00,127.92,129.33,127.7,129.27,9528.0,,,,,,,,,,,,,,,,124.0050592375243,120.64206483969,118.51447987627093,112.48360052338576,107.28250752811323,104.94982522376742,103.13508510305837,100.85483993183651,95.12496267694893,,,,,,,,,,,,,,,126.36297963357957,121.3229104382908,119.34654911878803,115.57411304703795,113.17476353152651,110.0861921063742,105.96853739113362,104.14487229912636,96.35512997666156,,,,121.3229104382908,110.0861921063742,111.07380402683965,"rgba(0, 255, 0, 1.0)",4.867709193532077,114.80532481336881,2.9715569709568928,65.45391436326786,21.42582859879225,True,False,True,False,False,15.611445948481556,0.0,0.0,0.0,0.0,0,1.0086890727587807,0.9051524248858949,False,False,False,False,0.26595338034721816,0.2705833588541097,False,False,False,False,261164.0,63734.838549149616,False,False,False,False,16644.885722383282,False,False,False,False
2025-06-13 16:00:00+00:00,129.25,129.27,128.36,128.64,4816.0,,,,,,,,,,,,,,,,124.04273650639979,120.67215678076165,118.5400448538643,112.51030189415731,107.30971423538001,104.97682458875299,103.16188633971795,100.88119199360014,95.15112382923517,,,,,,,,,,,,,,,126.39544984550733,121.35734338722548,119.37297253959703,115.59943550622651,113.20127456359266,110.11365895245771,105.99558172992062,104.17182048314231,96.3817053576933,,,,121.35734338722548,110.11365895245771,111.10195685484624,"rgba(0, 255, 0, 1.0)",4.956208711585572,114.82934640899808,2.786535917811188,62.29828141787369,18.44047937490575,False,False,True,False,False,14.430802476330076,0.0,0.0,0.0,0.0,0,1.0314991926468762,0.9024220593715065,False,False,False,False,0.2760435249040064,0.27331344187905804,False,False,False,False,256348.0,66721.08911427908,False,False,False,False,16461.492145292068,False,False,False,False
2025-06-13 17:00:00+00:00,128.48,128.58,126.965,127.13,5241.0,,,,,,,,,,,,,,,,124.07281347789674,120.69983509915575,118.56447502151936,112.53712423893369,107.33759370677072,105.00465994210424,103.1896265062507,100.90858267231147,95.17853387956703,,,,,,,,,,,,,,,126.4123666154094,121.38844414342594,119.39790897759549,115.62438250231864,113.22780814802466,110.14154257869855,106.0233941656019,104.19965362285376,96.40950781930214,,,,121.38844414342594,110.14154257869855,111.12879183987447,"rgba(0, 255, 0, 1.0)",4.979611102258255,114.84839746298125,2.466377852569457,57.31626727576649,13.819960310492895,False,True,True,False,False,11.668893980605116,0.0,0.0,0.0,0.0,0,1.0222768588883924,0.9038394675408532,False,False,False,False,0.24120153620536214,0.2572574890422101,False,False,False,False,251107.0,69579.78540708096,False,False,False,False,16287.531026760407,False,False,False,False
2025-06-13 18:00:00+00:00,127.06,127.27,124.75,125.26,12520.0,,,,,,,,,,,,,,,,124.10660454822488,120.74795960459164,118.61074012913505,112.59318872310224,107.39798850689085,105.06559775165707,103.25076761864379,100.96938790056922,95.24019906787117,,,,,,,,,,,,,,125.75999999999999,126.3904573839708,121.44020049816022,119.44387505797212,115.67464090007181,113.28289329382078,110.2009525795932,106.08402050890001,104.26077732593309,96.47190076149757,,,,121.44020049816022,110.2009525795932,111.94695537687399,"rgba(0, 255, 255, 0.75)",4.9893482603509485,116.11118524761885,1.8336693040821392,51.203219628035164,8.289426555870023,False,True,False,False,False,8.413546675693318,0.0,0.0,0.0,0.0,0,1.0046399131250308,0.9156917913026308,False,False,False,False,0.18353334740113772,0.2203954182216739,False,False,False,False,238587.0,72200.05229999442,False,False,False,False,16229.119693012182,False,False,False,False
2025-06-13 19:00:00+00:00,125.35,125.88,124.87,125.135,13841.0,,,,,,,,,,,,,,,,124.13234712753767,120.79526942076113,118.65791725329878,112.65244846908367,107.46261724987876,105.13104566894427,103.31658703988062,101.03500900503909,95.30704757495516,,,,,,,,,,,,,,125.51584898144986,126.35124151977966,121.49000231487527,119.4902395001891,115.7270900730321,113.34098104299686,110.26415996320618,106.14903785558643,104.32649535401123,96.53947862594904,,,,121.49000231487527,110.26415996320618,111.98341389686605,"rgba(0, 255, 255, 0.75)",5.005662300142414,116.12023537162754,1.800913463162704,46.957316432666325,4.557474294514087,False,True,False,True,False,8.200388614999852,0.0,0.0,0.0,0.0,0,1.001059818105637,0.9242353289133167,False,False,False,False,0.1630676078235788,0.19173151302262637,False,False,False,False,224746.0,74565.10575270768,False,False,False,False,16192.094581492614,False,False,False,False
2025-06-16 14:00:00+00:00,130.775,132.69,130.0,132.01,17582.0,,,,,,,,,,,,,,,,124.33143478649374,120.93577480139002,118.77262341799607,112.76388231052947,107.57268203133363,105.23924434031498,103.42332907677176,101.13927562176286,95.40920656238336,,,,,,,,,,,,,,127.93683700096335,126.57809394046599,121.6527037886677,119.6105865068371,115.83603184066148,113.45225420423306,110.3768769982907,106.2578437661529,104.43417868540025,96.64348940320124,,,,121.6527037886677,110.3768769982907,112.22980784651841,"rgba(0, 255, 0, 1.0)",5.1598259817716885,116.37712516113174,3.029729082743312,53.31947568070482,4.557474294514087,False,True,True,False,True,16.578978500930297,0.0,0.0,0.0,0.0,0,1.0029344403091902,0.9101297833762764,False,False,False,False,0.34282825100025777,0.26727988201144204,False,False,False,False,242328.0,77166.08085731686,False,False,False,False,16213.643502709783,False,False,False,False
2025-06-16 15:00:00+00:00,132.015,132.64,128.88,129.03,8569.0,,,,,,,,,,,,,,,,124.4068276413352,120.99419427023392,118.82182741178056,112.81375695365861,107.62288944775491,105.28890316857675,103.47251771802905,101.18753612190238,95.45689087249357,,,,,,,,,,,,,,128.30342420145234,126.6529348903952,121.71930979948357,119.66168902595514,115.88396428661486,113.50189080385162,110.427822866641,106.30765588605846,104.48369263462888,96.69195883254737,,,,121.71930979948357,110.427822866641,112.29998351754703,"rgba(0, 255, 0, 1.0)",5.2342928723828495,116.44812801557279,2.40373863121256,53.61258721854989,4.557474294514087,False,True,True,False,True,11.765473532216127,0.0,0.0,0.0,0.0,0,1.0017708726860597,0.9106299584435211,False,False,False,False,0.32297795310944327,0.2951289175604427,False,False,False,False,233759.0,79593.87805332745,False,False,False,False,16095.121898016607,False,False,False,False
2025-06-16 16:00:00+00:00,128.925,129.65,128.62,129.28,4447.0,,,,,,,,,,,,,,,,124.43855154563728,121.02095415675886,118.84496279887054,112.83804401311502,107.64770644922386,105.31356435821657,103.49702061309823,101.21165682766028,95.48087466410551,,,,,,,,,,,,,,128.37212196492212,126.67990466957313,121.74943196028782,119.68551306598577,115.9069826831623,113.52599723556189,110.45282567103226,106.33234560552735,104.50831665902959,96.71630812545564,,,,121.74943196028782,110.45282567103226,112.32753068774865,"rgba(0, 255, 0, 1.0)",5.303602844778178,116.47455397203237,2.4144805715563,54.06211820271825,4.557474294514087,False,True,True,False,True,12.048722182096594,0.0,0.0,0.0,0.0,0,1.0013042447237375,0.9253734882617974,False,False,False,False,0.26905432712454913,0.2820916223424959,False,False,False,False,238206.0,82052.98071916735,False,False,False,False,15914.530860838055,False,False,False,False
2025-06-16 17:00:00+00:00,129.28,130.47,129.28,129.73,4452.0,,,,,,,,,,,,,,,,124.47414114543612,121.04966725895062,118.8694557962857,112.86324044801016,107.67323467611058,105.338866375374,103.52211753359336,101.23631748550416,95.50530895807927,,,,,,,,,,,,,,128.4775694093892,126.71312706166927,121.7819341601725,119.71085223314272,115.93106008195674,113.55104520506251,110.47864734379793,106.35770413753845,104.5335606831907,96.74113056561708,,,,121.7819341601725,110.47864734379793,112.35836739783585,"rgba(0, 255, 0, 1.0)",5.363663364221207,116.50522029908393,2.4656244814193835,54.851339102600065,-2.9358457307320975,False,True,True,False,True,12.562418062231622,0.0,0.0,0.0,0.0,0,1.0027258936190386,0.9192424386081351,False,False,False,False,0.29340368921900234,0.2877476557807491,False,False,False,False,242658.0,84542.98101809499,False,False,False,False,15736.817204080875,False,False,False,False
2025-06-16 18:00:00+00:00,129.73,129.935,129.32,129.465,6975.0,,,,,,,,,,,,,,,,124.52636939803723,121.09299021626046,118.90672820695615,112.90197877582403,107.71265608465886,105.37799347455032,103.5609633624513,101.27452668474315,95.54323857651521,,,,,,,,,,,,,,128.58933136899367,126.7596673004246,121.83074600509985,119.7493099431126,115.96793071928768,113.58952532315703,110.51843646075548,106.3968960937696,104.57261461269844,96.77964822313555,,,,121.83074600509985,110.51843646075548,112.40271320160166,"rgba(0, 255, 0, 1.0)",5.40912538100121,116.54867097611206,2.387877542874995,54.979738545074085,-2.263171373633625,False,True,True,False,True,12.135148267928468,0.0,0.0,0.0,0.0,0,0.998223169864961,0.9239279791518596,False,False,False,False,0.28522343358195557,0.28648554468135234,False,False,False,False,235683.0,86886.23712634157,False,False,False,False,15600.975076885823,False,False,False,False
2025-06-16 19:00:00+00:00,129.465,129.49,127.905,128.23,18564.0,,,,,,,,,,,,,,,,124.63292312376615,121.1924076546538,118.99520232728311,112.99788483494746,107.81196914830056,105.4771033121244,103.65971134910426,101.37203125702288,95.64073016179188,,,,,,,,,,,,,,128.57915485911445,126.83363702529383,121.94080804225733,119.8396220325719,116.05772998915123,113.68449291142791,110.61784182455916,106.4959491929089,104.6717008874223,96.87851294825344,,,,121.94080804225733,110.61784182455916,112.49365330957657,"rgba(0, 255, 0, 1.0)",5.431308108160489,116.63136658634797,2.1355137993783093,53.22779211930649,-2.263171373633625,False,True,True,False,True,10.159042334286049,0.0,0.0,0.0,0.0,0,0.9925932915035147,0.9263103269330565,False,False,False,False,0.2548054852376723,0.27064551495951233,False,False,False,False,217119.0,88905.34972903396,False,False,False,False,15646.913447786817,False,False,False,False
2025-06-17 14:00:00+00:00,133.57,134.8,132.19,132.61,18715.0,,,,,,,,,,,,,,,,124.85614460062259,121.35183138122902,119.1254946185071,113.12200904278251,107.93342053073184,105.5961718230953,103.7769657944728,101.48635851246345,95.7522668346303,,,,,,,,,,,,,,129.39758212274643,127.08934964662758,122.12393787435815,119.97655358180111,116.18027041830686,113.80865761657765,110.74271029801403,106.61582686790592,104.79010058961784,96.99213286957581,,,,122.12393787435815,110.74271029801403,112.66935710652983,"rgba(0, 255, 0, 1.0)",5.528701297415169,116.82281690028977,2.855495757582567,56.832550328627775,0.2594533049861596,False,False,True,False,True,15.07706997875238,0.0,0.0,0.0,0.0,0,0.9942119527768846,0.9113877532270659,False,False,False,False,0.34282825130828276,0.3067368831338976,False,False,False,False,235834.0,91183.31329912644,False,False,False,False,15694.480681154464,False,False,False,False
2025-06-17 15:00:00+00:00,132.6,133.26,132.005,132.42,9826.0,,,,,,,,,,,,,,,,124.96013455222354,121.42943219840645,119.18989073658301,113.18451716686943,107.99512326754353,105.65684202080315,103.83682887962898,101.54485434757088,95.80956881175025,,,,,,,,,,,,,,129.66678314038901,127.2023697028295,122.21231743621647,120.04391296591648,116.24152265900436,113.87109258414705,110.80587133478366,106.67683580035239,104.85048387269283,97.05045632771804,,,,122.21231743621647,110.80587133478366,112.74888620028571,"rgba(0, 255, 0, 1.0)",5.602169896527033,116.90773408297332,2.768974558705052,58.94310004327886,2.55432325426014,False,False,True,False,True,14.775662808240615,0.0,0.0,0.0,0.0,0,0.9906346838058073,0.9224836451279698,False,False,False,False,0.31625808819585105,0.31149748566487434,False,False,False,False,226008.0,93273.61851929502,False,False,False,False,15603.496484547419,False,False,False,False
2025-06-17 16:00:00+00:00,132.48,132.835,131.87,131.915,5837.0,,,,,,,,,,,,,,,,125.01776668378905,121.4735694270888,119.22684510526808,113.22078249525457,108.03110321133953,105.69227939582508,103.87183395048648,101.57910232242688,95.84319588984874,,,,,,,,,,,,,,129.78897505110115,127.26302161328235,122.26233635628597,120.08246144057158,116.27690554569638,113.90728406039409,110.842609033716,106.712446487927,104.88577164214568,97.08466665788654,,,,122.26233635628597,110.842609033716,112.792787177386,"rgba(0, 255, 0, 1.0)",5.668008108579513,116.95401075957038,2.6395497243173596,59.52112665298218,3.448063224712527,False,False,True,False,True,13.968267605779356,0.0,0.0,0.0,0.0,0,1.0048976370642035,0.9235411540782694,False,False,False,False,0.3077261348542522,0.3096118102595633,False,False,False,False,220171.0,95241.01978256177,False,False,False,False,15452.077934399396,False,False,False,False
2025-06-17 17:00:00+00:00,131.915,132.14,130.7,131.32,5023.0,,,,,,,,,,,,,,,,125.06105893826498,121.5083833283459,119.25647999580792,113.25053682180916,108.06093276858515,105.72175841899217,103.9010185390877,101.60772562949495,95.87143236914697,,,,,,,,,,,,,,129.85249021904588,127.30558635842111,122.30146437671847,120.11320866527605,116.30566787216596,113.93692379446755,110.87291308249316,106.74202854371866,104.91515631879993,97.11336683762508,,,,122.30146437671847,110.87291308249316,112.82621751990878,"rgba(0, 255, 0, 1.0)",5.634228955138683,116.98831136850143,2.5436823291370487,58.90325737639806,3.448063224712527,False,False,True,False,True,13.016586216732591,0.0,0.0,0.0,0.0,0,1.002802288149332,0.9168114129553719,False,False,False,False,0.2778552359644048,0.2937335231119841,False,False,False,False,215148.0,97100.04273166934,False,False,False,False,15290.386803633513,False,False,False,False
2025-06-17 18:00:00+00:00,131.345,132.44,130.94,132.41,4284.0,,,,,,,,,,,,,,,,125.10065129429155,121.53950520949509,119.2827680168806,113.27659463681215,108.08690476746844,105.74737813082044,103.92635159602531,101.63253900447086,95.89584706468192,,,,,,,,,,,,,,129.9206193720417,127.34594208227324,122.33655151187271,120.14055791555643,116.33099288378546,113.96290817008764,110.89937083691652,106.76775740379954,104.94067972342276,97.13819407690652,,,,122.33655151187271,110.89937083691652,112.85642703671628,"rgba(0, 255, 0, 1.0)",5.608972118421473,117.01976417819905,2.7438602825738774,59.80003437021304,4.49332323625552,False,False,True,False,True,14.231700106330027,0.0,0.0,0.0,0.0,0,1.0024332027900726,0.9199823882464719,False,False,False,False,0.2849803991835077,0.2893569611477459,False,False,False,False,219432.0,98996.6622242016,False,False,False,False,15119.745147763226,False,False,False,False
2025-06-17 19:00:00+00:00,132.41,132.92,132.25,132.25,17869.0,,,,,,,,,,,,,,,,125.27374450635719,121.67402233545778,119.39591253695441,113.3876481108395,108.19708464675621,105.85590897283815,104.0335669771554,101.73744988997352,95.9988578465837,,,,,,,,,,,,,,130.2277790833917,127.52602328520494,122.48832189195414,120.25847724482574,116.43939535359183,114.07374034842356,111.01184823184302,106.87681577879783,105.04875513295663,97.24298156371448,,,,122.48832189195414,111.01184823184302,112.98675440724314,"rgba(0, 255, 0, 1.0)",5.539366468638644,117.1566947903469,2.724734912395574,60.08818404931244,5.2101488785379,True,False,True,False,True,13.970451071316734,0.0,0.0,0.0,0.0,0,1.002714806134998,0.9202960762930136,False,False,False,False,0.31340989325474794,0.3013834272012469,False,False,False,False,201563.0,100586.83800367134,False,False,False,False,15162.369253999454,False,False,False,False
2025-06-18 14:00:00+00:00,137.175,139.86,136.48,136.88,44466.0,,,,,,,,,,,,,,,137.74,125.96185659151934,122.15127008017704,119.77928555068112,113.73324197671457,108.52554256075548,106.17488287857175,104.34566962327618,102.03965046104038,96.28934573687962,,,,,,,,,,,,,,131.95881714774316,128.3469534509186,123.03615181175837,120.6647512460433,116.78949762693334,114.42118353069831,111.35416952367905,107.1992485802528,105.36499489847759,97.53964248935222,,,,123.03615181175837,111.35416952367905,114.6708077882736,"rgba(0, 255, 0, 1.0)",5.6001359563616,119.35403662584937,3.1295603375917342,64.59854166186608,9.73894475310427,True,False,True,False,True,18.82669441910033,0.0,0.0,0.0,0.0,0,1.0036170834175822,0.9017995551661386,False,False,False,False,0.3428282517001245,0.3221058394506857,False,False,False,False,246029.0,102841.75524392449,False,False,False,False,15616.689110526593,False,False,False,False
2025-06-18 15:00:00+00:00,136.8,136.8,134.955,134.97,21508.0,,,,,,,,,,,,,,,137.0341943796041,126.21184358001211,122.3414156364724,119.93736249497866,113.88214849946309,108.67022893889731,106.316464105042,104.4849142799137,102.17525590367377,96.42114415741393,,,,,,,,,,,,,,132.3214504284822,128.6174367640304,123.25028159933429,120.83049679705013,116.93766709646393,114.5703398958999,111.50329225510201,107.3419172953804,105.50569047405097,97.67393773689632,,,,123.25028159933429,111.50329225510201,114.80137411590809,"rgba(0, 255, 0, 1.0)",5.629019462403064,119.4992134672279,2.7483981244164184,64.35195805453964,9.73894475310427,True,False,True,False,True,15.78577855676873,0.0,0.0,0.0,0.0,0,0.9957296487580212,0.9176560019674915,False,False,False,False,0.281757823780427,0.30193183161555637,False,False,False,False,224521.0,104728.25516262333,False,False,False,False,15708.027263851762,False,False,False,False
2025-06-18 16:00:00+00:00,134.99,136.025,134.41,135.38,11916.0,,,,,,,,,,,,,,,136.76455411477724,126.3405172843288,122.44209848186334,120.02191422892625,113.9626344954256,108.74882839679536,106.39351124566515,104.56077879836724,102.24923581211858,96.49322121967896,,,,,,,,,,,,,,132.47673182593178,128.7525929401297,123.36295327463,120.91889091306334,117.01743532166114,114.65089414570421,111.58409123854968,107.41950105384271,105.58229617625233,97.74734119194498,,,,123.36295327463,111.58409123854968,114.87450110798281,"rgba(0, 255, 0, 1.0)",5.693253545024351,119.57860060943831,2.775460334867995,64.56131507775106,10.165607948308143,True,False,True,False,True,16.20318218867963,0.0,0.0,0.0,0.0,0,0.9963751090823658,0.9222214763598937,False,False,False,False,0.26402985332568635,0.2829808424706214,False,False,False,False,236437.0,106770.25120661367,False,False,False,False,15649.236143481967,False,False,False,False
2025-06-18 17:00:00+00:00,135.285,135.8,134.46,135.025,9457.0,,,,,,,,,,,,,,,136.5837926316874,126.43809610774422,122.51981010333101,120.08758727577998,114.0255554499084,108.8104648495197,106.45399532314079,104.62037739825708,102.30740130290552,96.5499745621503,,,,,,,,,,,,,,132.5817174402483,128.85320966240303,123.44957730660464,120.98742336859208,117.07964221296474,114.71383637876576,111.64735115481025,107.48037980641939,105.64245325191169,97.80512002548706,,,,123.44957730660464,111.64735115481025,114.93188828063157,"rgba(0, 255, 0, 1.0)",5.680196057554415,119.64016298462484,2.708504576160536,64.06552478281388,10.165607948308143,True,False,True,False,True,15.638684440040347,0.0,0.0,0.0,0.0,0,0.9927767962967107,0.9244806225820158,False,False,False,False,0.2617471052604093,0.27236397386551536,False,False,False,False,226980.0,108633.96824217004,False,False,False,False,15553.232482342712,False,False,False,False
2025-06-18 18:00:00+00:00,135.15,136.27,134.515,134.74,12125.0,,,,,,,,,,,,,,,136.4120698286955,126.561193417455,122.61868508150108,120.17139978381196,114.10598576373576,108.88930871013365,106.53138673975818,104.69665008043326,102.38185691333153,96.62264593871117,,,,,,,,,,,,,,132.70851822353777,128.97922973284014,123.55953599026098,121.07481951357384,117.15912667740453,114.79428558944102,111.72823661403942,107.5582678744287,105.71943246548078,97.87909671210043,,,,123.55953599026098,111.72823661403942,115.00758658253373,"rgba(0, 255, 0, 1.0)",5.68541595457897,119.72088462363676,2.64169156599123,63.19236753006757,10.165607948308143,True,False,True,False,True,15.181428072351643,0.0,0.0,0.0,0.0,0,0.990732076816825,0.9236510270462951,False,False,False,False,0.26860345610957465,0.270483714987545,False,False,False,False,214855.0,110280.80594384183,False,False,False,False,15500.081591143598,False,False,False,False
2025-06-18 19:00:00+00:00,134.585,136.63,134.33,136.37,15437.0,,,,,,,,,,,,,,,136.32670907703778,126.72358686751538,122.7482804602453,120.28099350425327,114.21040411757065,108.99129144506044,106.63137355896589,104.79511384431046,102.4778939689384,96.71621086333661,,,,,,,,,,,,,,132.88832334901215,129.14747443562771,123.70368009952223,121.18922434484038,117.26266391142805,114.89879582402207,111.83303704503568,107.65894638475322,105.81885020458778,97.97437029813563,,,,123.70368009952223,111.83303704503568,115.11386118020994,"rgba(0, 255, 0, 1.0)",5.722269936417698,119.83451517530186,2.889672281879422,64.44045421412895,10.826753976180491,True,False,True,False,True,16.892219726889408,0.0,0.0,0.0,0.0,0,0.9903692879914986,0.9220465816507263,False,False,False,False,0.27089436837937986,0.2706890416834624,False,False,False,False,230292.0,112141.44461137916,False,False,False,False,15499.103581978581,False,False,False,False
2025-06-19 14:00:00+00:00,136.37,136.37,136.37,136.37,0.0,,,,,,,,,,,,,,,136.32670907703778,126.72358686751538,122.7482804602453,120.28099350425327,114.21040411757065,108.99129144506044,106.63137355896589,104.79511384431046,102.4778939689384,96.71621086333661,,,,,,,,,,,,,,132.88832334901215,129.14747443562771,123.70368009952223,121.18922434484038,117.26266391142805,114.89879582402207,111.83303704503568,107.65894638475322,105.81885020458778,97.97437029813563,,,,123.70368009952223,111.83303704503568,115.11386118020994,"rgba(0, 255, 0, 1.0)",5.775591024708148,119.83451517530186,2.8629944111275982,65.27251200350321,11.84966120628551,True,False,True,False,True,16.892219726889408,0.0,0.0,0.0,0.0,0,1.003206769847456,0.9208328693909364,False,False,False,False,0.2932637016018382,0.2819763716426503,False,False,False,False,230292.0,113973.23616779188,False,False,False,False,15258.807402413022,False,False,False,False
2025-06-19 15:00:00+00:00,136.37,136.37,136.37,136.37,0.0,,,,,,,,,,,,,,,136.32670907703778,126.72358686751538,122.7482804602453,120.28099350425327,114.21040411757065,108.99129144506044,106.63137355896589,104.79511384431046,102.4778939689384,96.71621086333661,,,,,,,,,,,,,,132.88832334901215,129.14747443562771,123.70368009952223,121.18922434484038,117.26266391142805,114.89879582402207,111.83303704503568,107.65894638475322,105.81885020458778,97.97437029813563,,,,123.70368009952223,111.83303704503568,115.11386118020994,"rgba(0, 255, 0, 1.0)",5.819268488284711,119.83451517530186,2.8415057421714094,65.82721719641938,12.607953553866459,True,False,True,False,True,16.892219726889408,0.0,0.0,0.0,0.0,0,1.0004937939083791,0.9249433259264248,False,False,False,False,0.2932637016018382,0.2876200366222442,False,False,False,False,230292.0,115776.62785511294,False,False,False,False,15022.236745011269,False,False,False,False
2025-06-19 16:00:00+00:00,136.37,136.37,136.37,136.37,0.0,,,,,,,,,,,,,,,136.32670907703778,126.72358686751538,122.7482804602453,120.28099350425327,114.21040411757065,108.99129144506044,106.63137355896589,104.79511384431046,102.4778939689384,96.71621086333661,,,,,,,,,,,,,,132.88832334901215,129.14747443562771,123.70368009952223,121.18922434484038,117.26266391142805,114.89879582402207,111.83303704503568,107.65894638475322,105.81885020458778,97.97437029813563,,,,123.70368009952223,111.83303704503568,115.11386118020994,"rgba(0, 255, 0, 1.0)",5.856847669320619,119.83451517530186,2.8232738425679806,66.1970206583635,13.199842994303737,True,False,True,False,True,16.892219726889408,0.0,0.0,0.0,0.0,0,0.9925323711434382,0.931992052798648,False,False,False,False,0.2932637016018382,0.2904418691120412,False,False,False,False,230292.0,117552.05998139025,False,False,False,False,14789.333849739776,False,False,False,False
2025-06-19 17:00:00+00:00,136.37,136.37,136.37,136.37,0.0,,,,,,,,,,,,,,,136.32670907703778,126.72358686751538,122.7482804602453,120.28099350425327,114.21040411757065,108.99129144506044,106.63137355896589,104.79511384431046,102.4778939689384,96.71621086333661,,,,,,,,,,,,,,132.88832334901215,129.14747443562771,123.70368009952223,121.18922434484038,117.26266391142805,114.89879582402207,111.83303704503568,107.65894638475322,105.81885020458778,97.97437029813563,,,,123.70368009952223,111.83303704503568,115.11386118020994,"rgba(0, 255, 0, 1.0)",5.934946000346744,119.83451517530186,2.78612220292014,66.44355629965958,13.683747204268215,True,False,True,False,True,16.892219726889408,0.0,0.0,0.0,0.0,0,0.9865566688114719,0.9354260501884366,False,False,False,False,0.2932637016018382,0.2918527853569397,False,False,False,False,230292.0,119299.96602819039,False,False,False,False,14560.041852069391,False,False,False,False
2025-06-19 18:00:00+00:00,136.37,136.37,136.37,136.37,0.0,,,,,,,,,,,,,,,136.32670907703778,126.72358686751538,122.7482804602453,120.28099350425327,114.21040411757065,108.99129144506044,106.63137355896589,104.79511384431046,102.4778939689384,96.71621086333661,,,,,,,,,,,,,,132.88832334901215,129.14747443562771,123.70368009952223,121.18922434484038,117.26266391142805,114.89879582402207,111.83303704503568,107.65894638475322,105.81885020458778,97.97437029813563,,,,123.70368009952223,111.83303704503568,115.11386118020994,"rgba(0, 255, 0, 1.0)",6.00368624225986,119.83451517530186,2.7542220158517123,66.60791339385696,14.093976836809304,True,False,True,False,True,16.892219726889408,0.0,0.0,0.0,0.0,0,0.9874254542092369,0.9336600249641719,False,False,False,False,0.2932637016018382,0.29255824347938897,False,False,False,False,230292.0,121020.7727564355,False,False,False,False,14334.30476909157,False,False,False,False
2025-06-19 19:00:00+00:00,136.37,136.37,136.37,136.37,0.0,,,,,,,,,,,,,,,136.32670907703778,126.72358686751538,122.7482804602453,120.28099350425327,114.21040411757065,108.99129144506044,106.63137355896589,104.79511384431046,102.4778939689384,96.71621086333661,,,,,,,,,,,,,,132.88832334901215,129.14747443562771,123.70368009952223,121.18922434484038,117.26266391142805,114.89879582402207,111.83303704503568,107.65894638475322,105.81885020458778,97.97437029813563,,,,123.70368009952223,111.83303704503568,115.11386118020994,"rgba(0, 255, 0, 1.0)",6.071550312581051,119.83451517530186,2.7234370092321303,66.71748478998855,14.450506980149598,True,False,True,False,True,16.892219726889408,0.0,0.0,0.0,0.0,0,0.9998590026789494,0.9305823189359406,False,False,False,False,0.2932637016018382,0.2929109725406136,False,False,False,False,230292.0,122714.90031059929,False,False,False,False,14112.06748584984,False,False,False,False
2025-06-20 14:00:00+00:00,136.055,136.445,134.345,134.725,17359.0,,,,,,,,,,,,,,,136.17512002147154,126.88773990205684,122.88436802850427,120.39766757136803,114.32336724815386,109.10248196817844,106.74067873302175,104.90294668492972,102.58328035645077,96.81927106811287,,,,,,,,,,,,,,133.0294932543131,129.31060462119726,123.85383950358401,121.31051672600827,117.373965145953,115.01171180363382,111.94684966963698,107.76888767292904,105.92762145293315,98.07922992608925,,,,123.85383950358401,111.94684966963698,115.22148206792629,"rgba(0, 255, 0, 1.0)",6.099853751754847,119.94742467896432,2.4226114137219037,61.282350419931916,13.844108956169393,False,False,True,False,False,13.935356075441643,0.0,0.0,0.0,0.0,0,0.9836920917173609,0.9261347683668696,False,False,False,False,0.2670037140513566,0.2799573432959851,False,False,False,False,212933.0,124113.63053834192,False,False,False,False,14162.407524828912,False,False,False,False
2025-06-20 15:00:00+00:00,134.58,136.26,133.82,135.74,13263.0,,,,,,,,,,,,,,,136.0929354914073,127.01041083100424,122.98719591333113,120.4861916279263,114.40927554818482,109.18713057968799,106.82392649628423,104.98509593912951,102.6635929934924,96.89784961023203,,,,,,,,,,,,,,133.130705868349,129.43147055901727,123.96695083143763,121.40244977796398,117.45855651050728,115.0975710696358,112.03343938162467,107.85260653501298,106.01047253440603,98.15916800408488,,,,123.96695083143763,112.03343938162467,115.30434980513598,"rgba(0, 255, 0, 1.0)",6.141089110937358,120.03396857735027,2.5575319196520208,60.07706670536332,12.845542936503222,False,False,True,False,False,15.14792335227581,0.0,0.0,0.0,0.0,0,0.9894334165286558,0.9222084859228852,False,False,False,False,0.25753276749166226,0.26874505539382365,False,False,False,False,226196.0,125696.3029330963,False,False,False,False,14148.463222118386,False,False,False,False
2025-06-20 16:00:00+00:00,135.85,136.195,135.625,135.625,5269.0,,,,,,,,,,,,,,,136.08322433687002,127.06128376029575,123.02935439457909,120.52234544884293,114.44409013478149,109.22130232368207,106.8574908296493,105.01818965024913,102.69591758062676,96.92941686293462,,,,,,,,,,,,,,133.1779606520461,129.48246500792933,124.01339026612857,121.44005008688768,117.49295573771556,115.13238914510511,112.06845838779516,107.88637850149887,106.04386399131116,98.1912918573601,,,,124.01339026612857,112.06845838779516,115.33959094781444,"rgba(0, 255, 0, 1.0)",6.1885291299950875,120.0710278228692,2.5133552497543383,58.92166828218996,11.827244631139152,False,False,True,False,False,14.941441645343989,0.0,0.0,0.0,0.0,0,0.9919266492021913,0.9333889021195525,False,False,False,False,0.28082740809842566,0.27478623174612465,False,False,False,False,220927.0,127172.74784886226,False,False,False,False,14010.797125651434,False,False,False,False
2025-06-20 17:00:00+00:00,135.625,135.705,134.2,134.935,9453.0,,,,,,,,,,,,,,,136.0161811011338,127.1421864743423,123.09920967473231,120.58312378990264,114.50374087309682,109.28039517809776,106.91571362492066,105.07571560138074,102.75223635889161,96.98466102148267,,,,,,,,,,,,,,133.23211190353578,129.5596708448488,124.08973666792738,121.50297326331905,117.55143901753449,115.19195276838789,112.12873948035875,107.9448865836197,106.10184189278034,98.24746044660886,,,,124.08973666792738,112.12873948035875,115.39519882834512,"rgba(0, 255, 0, 1.0)",6.209641840218224,120.12829031766816,2.384470805777019,56.07614563706484,9.237795271966519,False,True,True,False,False,13.69760619964574,0.0,0.0,0.0,0.0,0,0.9826709137586765,0.933132071883617,False,False,False,False,0.25520536813807626,0.26499579994210043,False,False,False,False,211474.0,128479.74400624423,False,False,False,False,13940.133604323504,False,False,False,False
2025-06-20 18:00:00+00:00,134.845,135.095,134.21,134.26,10384.0,,,,,,,,,,,,,,,135.92523342924844,127.22442850897531,123.17228790655051,120.6473423141821,114.5675137046485,109.3439261076803,106.97842756533689,105.13775731544852,102.81306184293092,97.04448394379838,,,,,,,,,,,,,,133.27407058844418,129.63550868271483,124.16914742093513,121.56925740649396,117.61367349206739,115.25557246120498,112.19336585615096,108.00785903036629,106.16432793622542,98.30825115016734,,,,124.16914742093513,112.19336585615096,115.45227483317854,"rgba(0, 255, 0, 1.0)",6.193543890853842,120.18621346450846,2.2723317673222017,52.36585692034202,5.935956344529501,False,True,False,False,False,12.489822329609805,0.0,0.0,0.0,0.0,0,0.9776772965254643,0.9412422655878154,False,False,False,False,0.24724605239748,0.2561209261697902,False,False,False,False,201090.0,129605.4844092482,False,False,False,False,13884.999749992907,False,False,False,False
2025-06-20 19:00:00+00:00,134.27,135.42,134.26,135.25,18857.0,,,,,,,,,,,,,,,135.83083928778746,127.37820906984109,123.30785770506087,120.76623581453401,114.68490725881693,109.46055239272249,107.09345780315115,105.25149137681456,102.9245019278632,97.15394727760741,,,,,,,,,,,,,,133.36905888496378,129.77974791342058,124.3165096469986,121.69208559100626,117.7285399461408,115.37274263505132,112.31214859753103,108.12340456793625,106.27891022619555,98.4195061734752,,,,124.3165096469986,112.31214859753103,115.56223270484595,"rgba(0, 255, 0, 1.0)",6.188238799646188,120.29857532311618,2.4161033794847517,52.6671974548653,5.935956344529501,False,True,False,False,False,13.738274467809848,0.0,0.0,0.0,0.0,0,0.980709618961324,0.9390767323191379,False,False,False,False,0.25221696534056615,0.2541689457551782,False,False,False,False,219947.0,131006.12806181799,False,False,False,False,13962.085025186814,False,False,False,False
2025-06-23 14:00:00+00:00,133.39,133.88,131.705,132.735,27009.0,,,,,,,,,,,,,,,135.44941187881923,127.5272633054081,123.46104131664241,120.90725413775162,114.83271344777839,109.61149447600786,107.24368963301941,105.40092780276866,103.07189940068014,97.30056680027435,,,,,,,,,,,,,,133.32497767166106,129.89122711748965,124.47850533128886,121.83560681529009,117.86975953613644,115.51956959848299,112.46380905250714,108.27374855371878,106.42896941915461,98.5681528743849,,,,124.47850533128886,112.46380905250714,115.67302940846324,"rgba(0, 255, 0, 1.0)",6.14129055750636,120.402539684971,2.0081219410723574,47.510134767406356,1.6911171899766302,False,True,False,True,False,9.370229374623737,0.0,0.0,0.0,0.0,0,0.961491327300151,0.9427790346907995,False,False,False,False,0.1985367341649028,0.2263528399600405,False,False,False,False,192938.0,131966.31212287507,False,False,False,False,14164.362776734304,False,False,False,False
2025-06-23 15:00:00+00:00,132.755,134.105,132.755,133.13,20082.0,,,,,,,,,,,,,,,135.2695102394488,127.64406343841587,123.57838103572064,121.01479600588732,114.94441718394384,109.72513057520212,107.35666796747377,105.51322893878441,103.18259010939381,97.41050132323811,,,,,,,,,,,,,,133.32523958097997,129.98387652056786,124.6028048123855,121.94524194365522,117.97691218469586,115.6306144615458,112.57817489522803,108.38686347893878,106.54178015994039,98.67963018440321,,,,124.6028048123855,112.57817489522803,115.76452125199246,"rgba(0, 255, 0, 1.0)",6.0657027563121675,120.49033304800962,2.0837926716466826,45.13173218358234,-0.3209115960445672,False,True,False,True,False,9.883915038319689,0.0,0.0,0.0,0.0,0,0.9694038828996723,0.9408364983133214,False,False,False,False,0.21511586487387488,0.22073435241695769,False,False,False,False,213020.0,133222.9584465514,False,False,False,False,14256.109090273307,False,False,False,False
2025-06-23 16:00:00+00:00,133.18,133.92,131.23,133.16,16032.0,,,,,,,,,,,,,,,135.11088216549163,127.7251298972896,123.6648068771556,121.09547859068053,115.02994264729158,109.81293695350068,107.44423202469349,105.60044388662544,103.26874713692567,97.49642382230911,,,,,,,,,,,,,132.76999999999998,133.3030477711214,130.04254138128044,124.69334986294095,122.02704474734705,118.05831321041876,115.7155019610909,112.6661405899827,108.47442468664316,106.62929457161547,98.76668356753075,,,,124.69334986294095,112.6661405899827,116.63787458818739,"rgba(0, 255, 255, 0.75)",6.017408365853738,121.85964669717983,1.8779435623722869,43.63171635394391,-1.618340860940279,False,True,False,True,False,9.923389804385248,0.0,0.0,0.0,0.0,0,0.9663656991585517,0.9445967665689708,False,False,False,False,0.1929053197385712,0.20681983607776444,False,False,False,False,229052.0,134708.68002102347,False,False,False,False,14283.64228267217,False,False,False,False
2025-06-23 17:00:00+00:00,133.15,135.315,133.14,134.94,14095.0,,,,,,,,,,,,,,,135.07674905890997,127.81755713311391,123.75335617128941,121.17567041277074,115.11157960352097,109.89524268055114,107.52583870510176,105.68141661165276,103.3484094916511,97.5752343206575,,,,,,,,,,,,,133.56301042254455,133.34249161882008,130.12292224271107,124.78767436294119,122.10913667661093,118.137303433249,115.79679035418819,112.74931479807655,108.55622339671743,106.71071215853041,98.84664952103971,,,,124.78767436294119,112.74931479807655,116.74682300831661,"rgba(0, 255, 0, 1.0)",6.024230990510919,121.96928126282872,2.1530912007859824,47.04997909278965,-1.618340860940279,False,True,False,True,True,12.22734717090831,0.0,0.0,0.0,0.0,0,0.9692510536105289,0.9362183033927436,False,False,False,False,0.23602243401166484,0.22142113504471464,False,False,False,False,243147.0,136389.8942842634,False,False,False,False,14280.717596119113,False,False,False,False
2025-06-23 18:00:00+00:00,134.98,135.05,134.3,135.025,17965.0,,,,,,,,,,,,,,,135.05875847598037,127.93736187077512,123.86751342366748,121.27897467473971,115.21638199796186,110.0007376447655,107.6303926208217,105.78512930232677,103.45041630196636,97.67608290040607,,,,,,,,,,,,,134.02198092544842,133.4025921997194,130.22862955261064,124.90925977617097,122.2149356337072,118.23887818241933,115.9011768344003,112.85599112635394,108.66104299210019,106.81500967187243,98.94898354209455,,,,124.90925977617097,112.85599112635394,116.86191569763373,"rgba(0, 255, 0, 1.0)",6.0193558603041675,122.08448165402834,2.14981779550707,49.51100034277668,-5.745421198197661,False,True,False,False,True,12.335451796333139,0.0,0.0,0.0,0.0,0,0.972388587597265,0.9383164348031126,False,False,False,False,0.24784192546327471,0.2346315302539947,False,False,False,False,261112.0,138323.57034187173,False,False,False,False,14337.838253543623,False,False,False,False
2025-06-23 19:00:00+00:00,134.95,136.51,134.95,136.345,22650.0,,,,,,,,,,,,,,,135.12333747658573,128.10690580481966,124.02283528133066,121.4178392552592,115.3545602911871,110.13855237737289,107.76657632458847,105.91995292093188,103.58274291895354,97.80634782320685,,,,,,,,,,,,,134.6344866792947,133.52842619669715,130.38700291220698,125.07565948517303,122.35773580956389,118.37391434016101,116.03902909928989,112.99595836118017,108.7977406402627,106.95073638873302,99.08126647654811,,,,125.07565948517303,112.99595836118017,117.02198127920698,"rgba(0, 255, 0, 1.0)",5.998298784348067,122.248038213734,2.3501599858697504,53.757230617271986,-1.8575537563565874,False,True,True,False,True,14.00013499872285,0.0,0.0,0.0,0.0,0,0.9719023057537861,0.9362679290609766,False,False,False,False,0.2759841778401259,0.2553078540470603,False,False,False,False,283762.0,140578.42971641637,False,False,False,False,14466.708978294884,False,False,False,False
2025-06-24 14:00:00+00:00,137.46,140.87,137.46,140.52,18628.0,,,,,,,,,,,,,,,135.3801267148328,128.30413818469725,124.18617564597972,121.55855594633405,115.48691212642481,110.26682251751484,107.89211038772588,106.04342586786125,103.7030599065998,97.92309916835458,,,,,,,,,,,,,135.67295651038754,133.7674600088381,130.5929731762532,125.2539302062835,122.50421731413289,118.50639843639023,116.17170669360881,113.12807760441598,108.92425561118998,107.0754763415384,99.20015040866348,,,,125.2539302062835,113.12807760441598,117.21628708466794,"rgba(0, 255, 0, 1.0)",6.075004703220349,122.45582728970605,2.9735240699843697,61.35756872143812,4.9779896994393695,True,False,True,False,True,18.817067503759187,0.0,0.0,0.0,0.0,0,0.9826929331412911,0.9178785485294805,False,False,False,False,0.3428282517196428,0.2990680528833516,False,False,False,False,302390.0,143087.13623244094,False,False,False,False,14531.225118166281,False,False,False,False
2025-06-24 15:00:00+00:00,140.575,142.135,139.94,141.505,15306.0,,,,,,,,,,,,,,,135.64085659754065,128.48310022001124,124.3313019250818,121.68251355939357,115.60162080942986,110.37700239371104,107.99960888207728,106.1489370108956,103.8056344543386,98.02215221179519,,,,,,,,,,,,,136.48016052708675,133.99953134326324,130.78384572747055,125.41289468242964,122.63364733089666,118.62206409173868,116.28686755013162,113.24206150750594,109.03273420082154,107.18219177513458,99.30110304342217,,,,125.41289468242964,113.24206150750594,117.38427761162745,"rgba(0, 255, 0, 1.0)",6.155404916387705,122.63738012721531,3.065211814506776,67.13870379320625,9.946725849953715,True,False,True,False,True,19.865211793727354,0.0,0.0,0.0,0.0,0,0.9956778995053853,0.9087274072019604,False,False,False,False,0.3428282518916436,0.32094815238749763,False,False,False,False,317696.0,145794.25039937982,False,False,False,False,14543.237131838121,False,False,False,False
2025-06-24 16:00:00+00:00,141.47,142.87,141.13,142.27,19454.0,,,,,,,,,,,,,,,135.98867034454713,128.71906334813667,124.52184261702325,121.8449610630938,115.75100378183946,110.5199555507875,108.13890633330504,106.28553945790726,103.93830729163425,98.14999783219639,,,,,,,,,,,,,137.35935022422728,134.30861638771003,131.03680915008326,125.62164419622655,122.80341259742528,118.77315750758412,116.43693132713844,113.39021108778094,109.17337779055464,107.3204185433526,99.43144738505487,,,,125.62164419622655,113.39021108778094,117.59588684845755,"rgba(0, 255, 0, 1.0)",6.219830703643568,122.86705134534789,3.119530028893857,71.51787205413488,13.655721092917176,True,False,True,False,True,20.0,0.0,0.0,0.0,0.0,0,0.9972944467372863,0.9049387811253271,False,False,False,False,0.34282825197178574,0.33188820217964166,False,False,False,False,337150.0,148761.00620714136,False,False,False,False,14619.372990259235,False,False,False,False
2025-06-24 17:00:00+00:00,142.335,143.095,142.29,142.63,13689.0,,,,,,,,,,,,,,,136.2330147870571,128.8872670791682,124.65784461688617,121.96096723700629,115.8574117761426,110.62161505829565,108.23791161956134,106.38259185566564,104.03252896227461,98.24069894151776,,,,,,,,,,,,,137.8870009819643,134.5275493458377,131.2171452128025,125.77050629438455,122.92465418721525,118.88093825658427,116.5438538774666,113.4956435982383,109.27336402678296,107.41864505746527,99.52393463721508,,,,125.77050629438455,113.4956435982383,117.74167082902534,"rgba(0, 255, 0, 1.0)",6.292894167949616,123.02555323708864,3.115330758740374,74.68504163775319,16.39174902512464,True,False,True,False,True,20.0,0.0,0.0,0.0,0.0,0,1.0025126202060353,0.9041778021425801,False,False,False,False,0.34282825202636846,0.33735822710300506,False,False,False,False,350839.0,151893.99835896862,False,False,False,False,14604.948602813354,False,False,False,False
2025-06-24 18:00:00+00:00,142.63,143.26,142.02,142.22,13506.0,,,,,,,,,,,,,,,136.45121463311935,129.04727652274366,124.78878579163947,122.07322473486231,115.96090920709219,110.72075360006562,108.33455435213173,106.47739017371022,104.12463184257415,98.32948170951023,,,,,,,,,,,,,138.2987185748114,134.72828220988512,131.38708864547462,125.9133864544898,123.04180612206164,118.98556913738427,116.64780878659181,113.59831749233558,109.37092630026456,107.51455561086253,99.61443704344487,,,,125.9133864544898,113.59831749233558,117.8766247116693,"rgba(0, 255, 0, 1.0)",6.3442407364891045,123.1717974958921,3.002440054733667,75.55276150705873,17.22849795510183,True,False,True,False,True,20.0,0.0,0.0,0.0,0.0,0,1.001271946759943,0.9039680196243217,False,False,False,False,0.34157453192867077,0.3394663795158379,False,False,False,False,337333.0,154769.0216402249,False,False,False,False,14587.910639979038,False,False,False,False
2025-06-24 19:00:00+00:00,142.22,143.98,142.22,143.835,38664.0,,,,,,,,,,,,,,,137.07605655368897,129.5127274144601,125.17061459454828,122.40092485035147,116.26209085603463,111.0086375263576,108.61499454579186,106.75234290471658,104.39162779268122,98.58650921452842,,,,,,,,,,,,,139.32566974052884,135.30760671306032,131.88138457322307,126.32940838106339,123.3837909990179,119.2906194358399,116.95043003606159,113.89674333383074,109.65412280834141,107.79280644603013,99.87648952096545,,,,126.32940838106339,113.89674333383074,118.26026658291056,"rgba(0, 255, 0, 1.0)",6.422874123709286,123.58814762819563,3.15230409032391,77.41438040155856,19.217104101059817,True,False,True,False,True,20.0,0.0,0.0,0.0,0.0,0,1.00216318529034,0.9014849365690984,False,False,False,False,0.3428282520573625,0.3411473157866002,False,False,False,False,375997.0,158198.91277758576,False,False,False,False,14961.183343235176,False,False,False,False
2025-06-25 14:00:00+00:00,148.24,149.945,147.51,149.11,59785.0,,,,,,,,,,,,,,,138.52396670634926,130.4397088043549,125.9009528169145,123.01642320816897,116.80711409198561,111.51808661814098,109.10730607649423,107.23232877738054,104.85479009872175,99.02643676648287,,,,,,,,,,,,,141.60657571778222,136.58336369946477,132.90111110162053,127.13109027042753,124.03035429942166,119.85222236132073,117.50000387480094,114.43075139124534,110.15296085366916,108.28002962916659,100.32615403614071,,,,127.13109027042753,114.43075139124534,119.01055862857399,"rgba(0, 255, 0, 1.0)",6.661594320573509,124.42002984927345,3.706315479835608,81.06845901209958,22.91493774349989,True,False,True,False,True,20.0,0.0,0.0,0.0,0.0,0,1.0091883949913383,0.8928093682156097,False,False,False,False,0.34282825241564335,0.34198778410112174,False,False,False,False,435782.0,162502.52653297203,False,False,False,False,15656.126237138507,False,False,False,False
2025-06-25 15:00:00+00:00,149.11,149.2,147.46,148.65,30554.0,,,,,,,,,,,,,,,139.1098924512764,130.86996736879448,126.25059051365042,123.31513765384452,117.07513275032083,111.77033013261304,109.35168722717756,107.47100806456206,105.085574628238,99.24644550521163,,,,,,,,,,,,,142.3510129443604,137.12763265992098,133.36389508308707,127.5116884628907,124.34292025006603,120.12705626762957,117.76997414128788,114.69417279616525,110.40032591229925,108.5220730884464,100.55083481493348,,,,127.5116884628907,114.69417279616525,119.34796917698934,"rgba(0, 255, 0, 1.0)",6.8685235014590615,124.79089540776886,3.473687552668754,82.43561685997628,24.499523877748317,True,False,True,False,True,20.0,0.0,0.0,0.0,0.0,0,1.0089011730396746,0.896863914339812,False,False,False,False,0.33489987491464357,0.33844382950788265,False,False,False,False,405228.0,166265.71216811973,False,False,False,False,15887.101024159616,False,False,False,False
2025-06-25 16:00:00+00:00,148.63,151.92,148.595,151.82,23537.0,,,,,,,,,,,,,,,139.61806174175837,131.22998480153646,126.5402766826285,123.56151282667962,117.29370773703927,111.9745659675223,109.54903842212256,107.66339809503287,105.2712110431874,99.42260052373264,,,,,,,,,,,,,143.00378256243178,137.59398678770032,133.75454767060478,127.82751932080878,124.60117306622472,120.35241133984157,117.99038840802734,114.90822137978476,110.6003102483073,108.71737129313074,100.73088389991513,,,,127.82751932080878,114.90822137978476,119.6288073246675,"rgba(0, 255, 0, 1.0)",7.155846045761187,125.10150746295042,3.7337992413736245,84.43233866831429,26.753171327819544,True,False,True,False,True,20.0,0.0,0.0,0.0,0.0,0,1.0138846439331095,0.8978518098065761,False,False,False,False,0.34282825249497473,0.3406360410014287,False,False,False,False,428765.0,170335.468568614,False,False,False,False,16005.704109056365,False,False,False,False
2025-06-25 17:00:00+00:00,151.825,151.93,150.505,150.84,19145.0,,,,,,,,,,,,,,,140.0105994990424,131.51790130299395,126.77389037771584,123.76094774047587,117.47106097105727,112.14044959396851,109.70939198299695,107.81976019508922,105.42213099319773,99.56586811598234,,,,,,,,,,,,,143.48315639350693,137.95892598586727,134.06522488088586,128.0815833918022,124.81001413040077,120.53514850902054,118.16920684920872,115.08196924911229,110.76277965586509,108.87607400445302,100.87729757534547,,,,128.0815833918022,115.08196924911229,119.85206578085659,"rgba(0, 255, 0, 1.0)",7.365149467912386,125.34794103092179,3.461173338048197,83.67254222675204,26.753171327819544,True,False,True,False,True,20.0,0.0,0.0,0.0,0.0,0,1.023584390627389,0.8897429738169593,False,False,False,False,0.3428282525416158,0.34173214677152225,False,False,False,False,409620.0,174045.30626522462,False,False,False,False,16054.375363179523,False,False,False,False
2025-06-25 18:00:00+00:00,150.72,152.18,150.56,150.65,15209.0,,,,,,,,,,,,,,,140.30481276516278,131.7411799563494,126.95661829860373,123.91755267494356,117.61079033994842,112.2713586719005,109.83601618217239,107.94328507457851,105.54141676210045,99.67920069329547,,,,,,,,,,,,,143.82701893349184,138.2358742080367,134.30474359270147,128.27982324433344,124.97382599509507,120.67895584095521,118.31005484766409,115.21895735933909,110.89104262228349,109.00141813040301,100.99309315931474,,,,128.27982324433344,115.21895735933909,120.0246209215559,"rgba(0, 255, 0, 1.0)",7.554925592135779,125.53792183034561,3.323934546197854,82.74875916672457,26.753171327819544,True,False,True,False,True,20.0,0.0,0.0,0.0,0.0,0,1.028085106382979,0.8843207855973816,False,False,False,False,0.34282825254881727,0.34228019966016976,False,False,False,False,394411.0,177461.8286487095,False,False,False,False,16041.268768401545,False,False,False,False
2025-06-25 19:00:00+00:00,150.64,150.885,148.045,149.0,35643.0,,,,,,,,,,,,,,,140.83061089114474,132.19774634222694,127.34284683778053,124.25355228588197,117.91621531089234,112.56052403957501,110.11680801242353,108.21794500258567,105.8074804836631,99.93353249147958,,,,,,,,,,,,,144.34975163741345,138.75595398341477,134.78260314205514,128.69535040687276,125.32368799267859,120.99090629398374,118.61742377377652,115.51988672390186,111.17501078610186,109.27970919025798,101.25261047627517,,,,128.69535040687276,115.51988672390186,120.37715029068501,"rgba(0, 255, 0, 1.0)",7.677198612810928,125.92090066484188,3.006187608152545,78.63871905622284,26.753171327819544,True,False,True,False,False,20.0,0.0,0.0,0.0,0.0,0,1.016970064287106,0.8887421805666794,False,False,False,False,0.3076678956038845,0.32497404763202714,False,False,False,False,358768.0,180272.77704175276,False,False,False,False,16345.17157819377,False,False,False,False
2025-06-26 14:00:00+00:00,152.12,152.9,151.42,151.78,7217.0,,,,,,,,,,,,,,,140.96150737833725,132.30157317881896,127.42892569560885,124.32778296789417,117.982645341546,112.62282370812098,110.17709397082425,108.27677108368147,105.86430769392817,99.98753544561963,,,,,,,,,,,,,144.49526584601446,138.88102165364944,134.89312682617776,128.78834725735206,125.4012113718994,121.05923913907692,118.6843758041204,115.58503216511981,111.23606808466853,109.33939216175541,101.3077771109332,,,,128.78834725735206,115.58503216511981,120.45722970881653,"rgba(0, 255, 0, 1.0)",7.87331429577186,126.00879374952497,3.273234788088509,77.8429078832299,26.753171327819544,True,False,True,False,False,20.0,0.0,0.0,0.0,0.0,0,1.0245773425614437,0.8742420021856055,False,False,False,False,0.342828252585254,0.3339011501086406,False,False,False,False,365985.0,183152.03631242327,False,False,False,False,16203.649538221773,False,False,False,False
2025-06-26 15:00:00+00:00,151.86,152.13,149.98,150.48,14557.0,,,,,,,,,,,,,,,141.18949866686907,132.49549990861212,127.59256691690851,124.47003662789177,118.11127640845552,112.74417549445732,110.29478288661383,108.39178661927023,105.97561255574375,100.09368075881629,,,,,,,,,,,,,144.72957202243143,139.10443772348344,135.09687660696167,128.96435989708402,125.54940831313539,121.19098619291069,118.81389854212102,115.71153316203669,111.35515368473921,109.45598452472946,101.41612851313091,,,,128.96435989708402,115.71153316203669,120.60701219173345,"rgba(0, 255, 0, 1.0)",8.019030429361932,126.17198445710066,3.031291096476547,74.92366381274218,31.172704321745798,True,False,True,False,False,20.0,0.0,0.0,0.0,0.0,0,1.0227908665655643,0.8728880534848457,False,False,False,False,0.32273656970154185,0.32831885990509124,False,False,False,False,351428.0,185760.96598199807,False,False,False,False,16178.120088016783,False,False,False,False
2025-06-26 16:00:00+00:00,150.42,150.97,150.25,150.85,10794.0,,,,,,,,,,,,,,,141.3489792565751,132.63536769359553,127.71154585058505,124.5738504136327,118.20550693140366,112.83325469427517,110.38123945390205,108.4763237744743,106.05747279972883,100.17183412631042,,,,,,,,,,,,,144.88786953883,139.26243084710111,135.24300718242486,129.09205270198404,125.65744230000574,121.28736062544915,118.90875251329805,115.80428966924602,111.44260905255116,109.54165564274267,101.49588497227846,,,,129.09205270198404,115.80428966924602,120.71517762097112,"rgba(0, 255, 0, 1.0)",8.15528071224413,126.2894752857308,3.0116099716095177,73.27853597522122,29.34865014080043,True,False,True,False,False,20.0,0.0,0.0,0.0,0.0,0,1.0401230555916636,0.8759911607955286,False,False,False,False,0.3147167685774475,0.32151781424126935,False,False,False,False,362222.0,188496.7959667733,False,False,False,False,16094.64535797001,False,False,False,False
2025-06-26 17:00:00+00:00,150.86,151.22,150.26,150.26,13094.0,,,,,,,,,,,,,,,141.53320319743614,132.80116247393957,127.85355872331128,124.69816096783673,118.31870246465249,112.94044283591258,110.48533796582244,108.57815568433577,106.15613074228274,100.26611130536614,,,,,,,,,,,,,145.0655298306335,139.44660914211752,135.41540380454643,129.24417511541336,125.78668600884131,121.4029944732239,119.02266741171789,115.91579990212678,111.5478830325853,109.6448284725116,101.59207457903752,,,,129.24417511541336,115.91579990212678,120.84360086350719,"rgba(0, 255, 0, 1.0)",8.159486778375966,126.4286067179127,2.9206975793189045,71.02008086690945,26.95872311690505,True,False,True,False,False,20.0,0.0,0.0,0.0,0.0,0,1.0372300981461289,0.8782769901853877,False,False,False,False,0.31705554014526915,0.31928667719326925,False,False,False,False,349128.0,190987.2022308543,False,False,False,False,16048.12372451311,False,False,False,False
2025-06-26 18:00:00+00:00,150.265,150.54,149.74,150.395,20438.0,,,,,,,,,,,,,,,141.79577614957515,133.04886351421604,128.06832277739784,124.88720666380891,118.49188539003161,113.10497150698203,110.64531962614974,108.73478592154014,106.3080282648464,100.41152943094377,,,,,,,,,,,,,145.30520791947185,139.71360930617212,135.67075868784232,129.4734804920299,125.98291036511297,121.57949621481461,119.19686298566337,116.08666255233588,111.70959037924486,109.80344723663617,101.74038007234539,,,,129.4734804920299,116.08666255233588,121.03614740272195,"rgba(0, 255, 0, 1.0)",8.159750637640482,126.63619028287744,2.91170781708996,69.65575525935405,25.409142354131845,True,False,True,False,False,20.0,0.0,0.0,0.0,0.0,0,1.0283629053404426,0.8821781312822309,False,False,False,False,0.3062887470351581,0.3127877121142137,False,False,False,False,369566.0,193755.86576215888,False,False,False,False,16116.18382180748,False,False,False,False
2025-06-26 19:00:00+00:00,150.4,151.03,150.21,150.34,43572.0,,,,,,,,,,,,,,,142.32405322823953,133.56299359224502,128.51874088551017,125.28572147618088,118.85834224171437,113.45374105654994,110.98468967392324,109.06720524589045,106.63059054747687,100.7205996230871,,,,,,,,,,,,,145.77572167968887,140.25601554606155,136.1974925170024,129.95285565102458,126.39597736518223,121.95254598153485,119.56536374150271,116.4484739141303,112.05252685174243,110.13999587499751,102.05550255803145,,,,129.95285565102458,116.4484739141303,121.43805472627223,"rgba(0, 255, 0, 1.0)",8.151438253683178,127.06796227005835,2.8549609290638163,68.61754464758853,24.12605402041237,True,False,True,False,False,20.0,0.0,0.0,0.0,0.0,0,1.0266294145894272,0.8810843846859042,False,False,False,False,0.3148965554832622,0.31384213379873793,False,False,False,False,325994.0,195806.0693937533,False,False,False,False,16541.855390461627,False,False,False,False
2025-06-27 14:00:00+00:00,150.52,154.535,150.52,153.875,9619.0,,,,,,,,,,,,,,,142.46447004724064,133.68825149719348,128.62655151049395,125.38041235829446,118.94428629646447,113.53489207607265,111.06342640090804,109.14417373256506,106.7051057349354,100.79164837740682,,,,,,,,,,,,,145.91617685248463,140.3953392667776,136.32780886022735,130.0680098425569,126.49436886150659,122.04055937162563,119.65189446374788,116.53299470741787,112.13218801464159,110.21800622997226,102.12801016021837,,,,130.0680098425569,116.53299470741787,121.53564641251198,"rgba(0, 255, 0, 1.0)",8.188824782856836,127.17379258045844,3.2606885759040884,71.20757374873651,24.12605402041237,True,False,True,False,True,20.0,0.0,0.0,0.0,0.0,0,1.025590847508656,0.869013569600654,False,False,False,False,0.34282825260172356,0.32833519320023075,False,False,False,False,335613.0,197973.61870547806,False,False,False,False,16434.52429913664,False,False,False,False
2025-06-27 15:00:00+00:00,153.88,154.57,153.04,153.13,27432.0,,,,,,,,,,,,,,,142.86718174694363,134.04765261104095,128.93634663574704,125.65276144576674,119.19132846517262,113.76801569002123,111.28956812733685,109.36520311950265,106.91905603287822,100.99554249334508,,,,,,,,,,,,,146.32001867770555,140.7946900411553,136.70164894476972,130.3986599167626,126.77731074801086,122.29368217310554,119.90064739031247,116.77585674732258,112.36100697467367,110.44204523818988,102.33610194052062,,,,130.3986599167626,116.77585674732258,121.81592024572781,"rgba(0, 255, 0, 1.0)",8.228838529254698,127.47775782666517,3.117358796400906,71.2735251360059,24.12605402041237,True,False,True,False,True,20.0,0.0,0.0,0.0,0.0,0,1.039220751264665,0.8702830696372839,False,False,False,False,0.3428282526567386,0.33558172292848465,False,False,False,False,308181.0,199682.26027593575,False,False,False,False,16605.02779837483,False,False,False,False
2025-06-27 16:00:00+00:00,153.12,155.27,153.12,155.005,10297.0,,,,,,,,,,,,,,,143.02278809164864,134.18519088270074,129.0547614370223,125.75683534730928,119.28551518360749,113.85675259673768,111.3755973818636,109.44925249015009,107.00037575431216,101.07295237604481,,,,,,,,,,,,,146.4779989307103,140.94836650214177,136.84496721502012,130.52503341676265,126.88545380486872,122.39030795424806,119.99551035265345,116.86837100714502,112.44807684251222,110.52725814342801,102.41511988440111,,,,130.52503341676265,116.86837100714502,121.923165980728,"rgba(0, 255, 0, 1.0)",8.327864111383173,127.59422366113373,3.2914533633418785,72.80329492957692,24.12605402041237,True,False,True,False,True,20.0,0.0,0.0,0.0,0.0,0,1.0521254295161329,0.8612581851187521,False,False,False,False,0.34282825267287503,0.33920498780067987,False,False,False,False,318478.0,201524.0546902623,False,False,False,False,16507.22891777987,False,False,False,False
2025-06-27 17:00:00+00:00,155.005,155.01,151.18,151.72,13777.0,,,,,,,,,,,,,,,143.19232591226296,134.3500080883016,129.20021151335345,125.88611836112239,119.40424095164155,113.96955742996754,111.48530521136256,109.55667108712935,107.10457006414643,101.17263933467868,,,,,,,,,,,,,146.63378074171183,141.1215636602606,137.0136172406362,130.67929940158575,127.01932585714032,122.51136762239065,120.11493277965467,116.985458528022,112.55896657528636,110.63603236369741,102.51676846207039,,,,130.67929940158575,116.985458528022,122.05298862792489,"rgba(0, 255, 0, 1.0)",8.427587119553491,127.73365087068245,2.8461704149773754,67.87972735788458,22.900295570972077,False,False,True,False,False,20.0,0.0,0.0,0.0,0.0,0,1.037363999743497,0.8634546737062613,False,False,False,False,0.32377872230324145,0.33149185505196066,False,False,False,False,304701.0,203123.69725320398,False,False,False,False,16464.899787271654,False,False,False,False
2025-06-27 18:00:00+00:00,151.62,152.22,150.16,150.335,13007.0,,,,,,,,,,,,,,,143.318632019349,134.48845260062316,129.32586989988192,125.9992118754345,119.50975747634455,114.07071435028597,111.58401132556533,109.65353992300705,107.19878058090009,101.2632467509183,,,,,,,,,,,,,146.73340264602828,141.25654375208825,137.15228277728278,130.81164947784555,127.13598690264661,122.61825632788218,120.2209205943036,117.08996535992713,112.65859921180848,110.73399984980696,102.60905627631486,,,,130.81164947784555,117.08996535992713,122.16347047515447,"rgba(0, 255, 0, 1.0)",8.508814203174875,127.85078265682111,2.642461899660403,62.65715857883423,18.093937447457904,False,True,True,False,False,18.96235672036671,0.0,0.0,0.0,0.0,0,1.0331930808789156,0.8731990309830427,False,False,False,False,0.2913094729009799,0.31140066397647026,False,False,False,False,291694.0,204496.8802415264,False,False,False,False,16411.28893785659,False,False,False,False
2025-06-27 19:00:00+00:00,150.335,152.91,150.285,152.61,47655.0,,,,,,,,,,,,,,,143.8063503823467,135.00711041332795,129.79547791044757,126.4217509811054,119.90286976071818,114.44687841544156,111.95082897859788,110.0133684809089,107.54856671884164,101.59924160170242,,,,,,,,,,,,,147.1429078868898,141.7703530154178,137.6738484353113,131.30621696625843,127.57195159935908,123.01710565404832,120.61591028896873,117.47891375969616,113.02896383465047,111.09799590367787,102.95134072611029,,,,131.30621696625843,117.47891375969616,122.57847389113459,"rgba(0, 255, 0, 1.0)",8.628026307039251,128.29169479839052,2.8185246933900965,61.666200456632595,17.25097880227463,False,True,True,False,False,20.0,0.0,0.0,0.0,0.0,0,1.035029560810811,0.8713893581081086,False,False,False,False,0.2982028305370306,0.30480174725675047,False,False,False,False,339349.0,206587.61078041748,False,False,False,False,16895.68755897509,False,False,False,False
2025-06-30 14:00:00+00:00,155.67,155.67,154.16,154.82,16412.0,,,,,,,,,,,,,,,144.01815468353993,135.2085452254144,129.97366352886465,126.58055066370585,120.04831598372408,114.58475493050705,112.08482063596928,110.14449284973688,107.67568520535431,101.7206438329667,,,,,,,,,,,,,147.34723331665953,141.9841050321374,137.88044845911824,131.49480696233329,127.73631010111198,123.16571520887832,120.76226587381629,117.6221525800767,113.1644464463671,111.2308121747039,103.07515284062386,,,,131.49480696233329,117.6221525800767,122.73824173979094,"rgba(0, 255, 0, 1.0)",8.781561402032338,128.46349273829847,3.001346350046789,62.966829058265525,17.25097880227463,False,False,True,False,False,20.0,0.0,0.0,0.0,0.0,0,1.0470425603217162,0.8623910857908853,False,False,False,False,0.3428282527019003,0.3238149999793254,False,False,False,False,355761.0,208900.3765047521,False,False,False,False,16888.188527052993,False,False,False,False
2025-06-30 15:00:00+00:00,154.755,154.905,152.36,152.93,11433.0,,,,,,,,,,,,,,,144.14145845956673,135.33606328488855,130.0889923362243,126.6843817549045,120.14463577327503,114.67672981538797,112.17444769711351,110.2323683540885,107.76106337210966,101.80253595505575,,,,,,,,,,,,,147.45649727980762,142.11226435585058,138.00914794804223,131.61618145887397,127.84344259748019,123.26361503256972,120.85907897798063,117.71733866484912,113.25496867168783,111.31972872531271,103.15859282937174,,,,131.61618145887397,117.71733866484912,122.84064444497338,"rgba(0, 255, 0, 1.0)",8.853967989673825,128.57249997917418,2.7510264380030973,61.14290659579305,16.68891228046364,False,True,True,False,False,20.0,0.0,0.0,0.0,0.0,0,1.0393071285809465,0.8662141905396407,False,False,False,False,0.32100745242312206,0.32241122620122376,False,False,False,False,344328.0,211000.0295821978,False,False,False,False,16803.611960742095,False,False,False,False
2025-06-30 16:00:00+00:00,152.92,154.755,152.92,154.25,8242.0,,,,,,,,,,,,,,,144.23376904675393,135.42978674069107,130.17346994378414,126.76034086307898,120.21492605059862,114.74374761241666,112.2397190750965,110.29633960944416,107.8231898304134,101.86206884221998,,,,,,,,,,,,,147.54025909665404,142.20751321403438,138.10403784162395,131.7051431915273,127.92185106394598,123.33514125957316,120.9297461679203,117.78674825772826,113.32090730037056,111.38447130096398,103.21926139321049,,,,131.7051431915273,117.78674825772826,122.91583036676428,"rgba(0, 255, 0, 1.0)",8.954509223426992,128.652686749156,2.8585947718804867,61.17670690024636,16.478547394310937,False,True,True,False,False,20.0,0.0,0.0,0.0,0.0,0,1.0573012547874483,0.8645125796144654,False,False,False,False,0.32447510734743,0.3234431667743269,False,False,False,False,352570.0,213194.9128444893,False,False,False,False,16670.87379080811,False,False,False,False
2025-06-30 17:00:00+00:00,154.255,154.735,153.535,153.885,12070.0,,,,,,,,,,,,,,,144.36690796419273,135.56591208859984,130.2965055120786,126.87113050584112,120.31756975832214,114.84167139106641,112.33511368513034,110.38984926015273,107.91402075254746,101.94913494059942,,,,,,,,,,,,,147.66052739852503,142.3451633918017,138.24164310192035,131.834597292362,128.0361664026745,123.43954929990247,121.03293105247589,117.88813128378149,113.41726807969079,111.47909975854414,103.30798035106776,,,,131.834597292362,117.88813128378149,123.02527967958461,"rgba(0, 255, 0, 1.0)",9.05055495386773,128.76929551610374,2.775045796850626,60.65402994490107,15.639798792749744,False,True,True,False,False,20.0,0.0,0.0,0.0,0.0,0,1.0560433283263166,0.862927623923668,False,False,False,False,0.32952090613078666,0.3264820364525568,False,False,False,False,340500.0,215168.6351259701,False,False,False,False,16599.542414206433,False,False,False,False
2025-06-30 18:00:00+00:00,153.88,154.93,153.88,154.925,14940.0,,,,,,,,,,,,,,,144.53548054905153,135.7363963743891,130.4503892752792,127.00965729413157,120.44573095034934,114.96382483333338,112.4540731641146,110.50643102471138,108.02723404158002,102.05758738528733,,,,,,,,,,,,,147.81514923795189,142.51864449722055,138.41427956545843,131.99652008423885,128.179122418459,123.57001112576549,121.16178729362508,118.01465494561458,113.53744963708841,111.59709105034985,103.41850221516297,,,,131.99652008423885,118.01465494561458,123.16238176015057,"rgba(0, 255, 0, 1.0)",9.175640811753318,128.91551331888962,2.8346234573387132,61.36729046829494,15.639798792749744,False,True,True,False,False,20.0,0.0,0.0,0.0,0.0,0,1.060595780769639,0.860532174281777,False,False,False,False,0.33407090761784586,0.33027647203520133,False,False,False,False,355440.0,217343.3849689783,False,False,False,False,16573.813074451293,False,False,False,False
2025-06-30 19:00:00+00:00,154.98,157.325,154.98,156.445,36210.0,,,,,,,,,,,,,,156.24999999999997,144.98615722831417,136.17274065001493,130.84067483357998,127.35973984228545,120.76743199512141,115.26915740746418,112.75096590753436,110.797074973507,108.30913485525491,102.32690535179924,,,,,,,,,,,,,148.24860624802497,142.97492111101627,138.85968332102294,132.40792376840707,128.5408381327393,123.89852507527783,121.48544581508766,118.3315751048274,113.83758841949218,111.89142201340249,103.69309530309762,,,,132.40792376840707,118.3315751048274,124.99998215260324,"rgba(0, 255, 0, 1.0)",9.320982791433801,131.46509113600382,2.6799651306033185,63.2662702454033,15.639798792749744,False,False,True,False,True,20.0,0.0,0.0,0.0,0.0,0,1.0631976535629135,0.8515751936021613,False,False,False,False,0.3428282526999158,0.3365523623675586,False,False,False,False,391650.0,220045.81310899413,False,False,False,False,16878.250081048947,False,False,False,False
2025-07-01 14:00:00+00:00,154.83,155.3,147.87,148.63,33594.0,,,,,,,,,,,,,,153.53087072374075,145.1796226364124,136.4519418953551,131.11415247219472,127.61504806132193,121.0140565279441,115.50991836389441,112.98752030215202,111.03032778399569,108.53726094441451,102.54845313389991,,,,,,,,,,,,,148.3556102680946,143.2029584935368,139.12552868782942,132.6897803760458,128.80143695305307,124.14524760516163,121.73248643610965,118.57782095825557,114.07570064772496,112.12669867102298,103.9181963415267,,,,132.6897803760458,118.57782095825557,125.10321083107665,"rgba(0, 255, 255, 0.75)",9.315844421161518,131.56132258235272,1.8322201022244125,55.61277928308506,10.514864165433373,False,True,True,False,False,11.7018794443362,0.0,0.0,0.0,0.0,0,1.0243587377744978,0.864981238850957,False,False,False,False,0.2653024520500767,0.3009274072088176,False,False,False,False,358056.0,222185.50592900973,False,False,False,False,17137.408994521054,False,False,False,False
2025-07-01 15:00:00+00:00,148.56,148.94,144.42,146.47,46075.0,,,,,,,,,,,,,,150.77904236315464,145.24417920321181,136.71458803243647,131.40282266969257,127.8969972940972,121.30101822718149,115.79789487244368,113.27328113204022,111.31401568924423,108.8168659356649,102.8240666447729,,,,,,,,,,,,146.61,148.2530611150283,143.33719940065413,139.35096899202006,132.9794238794076,129.08538285349186,124.426379174978,122.01866946724869,118.86817628172497,114.36217239412234,112.41178649561354,104.19734772262228,,,,132.9794238794076,118.86817628172497,126.14197129742831,"rgba(38, 166, 154, 1.0)",9.28223536878097,133.2594609611259,1.423206643014593,49.027585301894334,4.682969354393954,False,True,False,True,False,9.008157572379869,0.0,0.0,0.0,0.0,0,1.00420142483103,0.9003633116158237,False,False,False,False,0.18536300160938854,0.2431452044091031,False,False,False,False,311981.0,223577.68413166073,False,False,False,False,17586.053816311425,False,False,False,False
2025-07-01 16:00:00+00:00,146.41,148.5,145.58,148.095,32559.0,,,,,,,,,,,,,,150.03604147859713,145.31055220779643,136.90617018030576,131.61056719422794,128.09935636213774,121.50609490292234,116.00328058668194,113.47696968057834,111.51615125794228,109.0160213888028,103.0201994621477,,,,,,,,,,,,146.9336549711321,148.21872686046666,143.4470292179204,139.51854925803192,133.18826489211582,129.28934367291313,124.6276875640818,122.22326598639496,119.07543561455645,114.566418632813,112.61495857090648,104.39601462978877,,,,133.18826489211582,119.07543561455645,126.28698932927226,"rgba(0, 255, 255, 0.75)",9.262282807754135,133.39303114086005,1.5872943165622042,46.464085059103795,2.63171524267932,False,True,False,True,False,10.545432270974132,0.0,0.0,0.0,0.0,0,1.0170621491823548,0.9009909015380254,False,False,False,False,0.18957748396218174,0.2163613441856424,False,False,False,False,344540.0,225453.06887380552,False,False,False,False,17818.19251683373,False,False,False,False
2025-07-01 17:00:00+00:00,147.95,149.13,147.4,148.74,18734.0,,,,,,,,,,,,,,149.8553145961445,145.36494150208682,137.023862130867,131.73532749756663,128.22002343570165,121.62728346474363,116.124095483836,113.59660249193462,111.63474916368554,109.13273904746488,103.13487690389273,,,,,,,,,,,,147.22027515884756,148.22331415526756,143.52340153308117,139.62406929870784,133.31423923598084,129.4112247548933,124.74710341946543,122.34426393776761,119.19762568665737,114.68645600613527,112.73423119649185,104.51222176346886,,,,133.31423923598084,119.19762568665737,126.39079312455168,"rgba(0, 255, 255, 0.75)",9.196855598567804,133.49383115498273,1.6577588591682917,45.47364860926629,1.8214547543711248,False,True,False,True,False,11.147876494270232,0.0,0.0,0.0,0.0,0,1.024106653679918,0.9015847892696989,False,False,False,False,0.20713151979432606,0.21174643198998422,False,False,False,False,363274.0,227589.82749591707,False,False,False,False,17832.39108246421,False,False,False,False
2025-07-01 18:00:00+00:00,148.73,148.82,146.16,146.51,28114.0,,,,,,,,,,,,,,149.46776832440625,145.41089305476405,137.1770058431056,131.90524166594196,128.38731563731778,121.79866045853602,116.29671423041154,113.76816566492184,111.80525799363319,109.30102928316785,103.30113190390983,,,,,,,,,,,,147.2075174527024,148.18881124590524,143.60534709382043,139.75579710685346,133.48398356515025,129.5793144280095,124.9146597143329,122.51508983479441,119.3712744799225,114.85833820805607,112.90547250385819,104.68049544508267,,,,133.48398356515025,119.3712744799225,126.50805587559147,"rgba(38, 166, 154, 1.0)",9.124476463816752,133.59944743171985,1.4149362562857308,43.00036034782679,-0.5431043113498646,False,True,False,True,False,8.397848812489649,0.0,0.0,0.0,0.0,0,1.0127145070110855,0.9036755386565276,False,False,False,False,0.19173008575258288,0.20173825887128355,False,False,False,False,335160.0,229257.58210838347,False,False,False,False,17991.795871883372,False,False,False,False
2025-07-01 19:00:00+00:00,146.33,148.94,145.27,148.94,48849.0,,,,,,,,,,,,,,149.11739019395006,145.50890977265854,137.44652723516273,132.20212900340448,128.67943256224964,122.09740395992216,116.59741812177778,114.06699886246332,112.10223852883868,109.59414590945408,103.59064556460929,,,,,,,,,,,,147.3501853084076,148.16353732696442,143.76011539649093,139.990356950131,133.7807685385223,129.87288400632428,125.20700771498342,122.8129181439275,119.67382714317532,115.15774366501735,113.20373437245767,104.97350750621291,,,,133.7807685385223,119.67382714317532,126.73694894726546,"rgba(0, 255, 255, 0.75)",9.058205782604366,133.81236901209184,1.6700471761151299,44.096263675180694,-0.5431043113498646,False,True,False,True,False,10.680860064899914,0.0,0.0,0.0,0.0,0,1.007934767439543,0.9086903646404438,False,False,False,False,0.18296378472567115,0.19235102179847735,False,False,False,False,384009.0,231656.82889740076,False,False,False,False,18470.202137435568,False,False,False,False
2025-07-02 14:00:00+00:00,149.32,152.185,149.155,151.895,26139.0,,,,,,,,,,,,,,149.3070388198643,145.63277773098025,137.63054124250843,132.38989928858098,128.8591133106417,122.27505676242238,116.77310009173003,114.2405132345223,112.27395405946066,109.76283178918602,103.75570346949236,,,,,,,,,,,,147.83629326083704,148.24470330346202,143.90461882919706,140.16245858260768,133.9716458638698,130.05496838235987,125.38329041466966,122.99053706127357,119.85217600601223,115.3320361243604,113.3765860433394,105.14086770895246,,,,133.9716458638698,119.85217600601223,126.9195961469709,"rgba(0, 255, 255, 0.75)",8.99241773850565,133.99794747403604,1.9902381146428019,47.58174037412945,-0.5431043113498646,False,True,False,True,True,13.305045840832044,0.0,0.0,0.0,0.0,0,1.0187569104406893,0.898791660085295,False,False,False,False,0.24352921164141544,0.2179401167199464,False,False,False,False,410148.0,234424.13387573563,False,False,False,False,18589.09822832804,False,False,False,False
2025-07-02 15:00:00+00:00,152.03,152.425,150.175,150.73,15224.0,,,,,,,,,,,,,,149.4031805827011,145.70281986603393,137.7356910882377,132.49773219116662,128.9625888305077,122.37763869577775,116.87469277803629,114.34091084739921,112.37335102082906,109.86052275389706,103.85137356460491,,,,,,,,,,,,148.06735630105612,148.29043193880105,143.9865413932982,140.2605386333459,134.08109088486347,130.1597425870613,125.48498432732393,123.09307724438379,119.95522477415076,115.43286036859425,113.47661796108059,105.23785050594525,,,,134.08109088486347,119.95522477415076,127.02203561474329,"rgba(0, 255, 255, 0.75)",8.852519627584233,134.10139493789038,1.878403636665802,48.74368292023965,-0.5431043113498646,False,True,False,False,True,11.879070940740228,0.0,0.0,0.0,0.0,0,1.0212030783728607,0.8999136170881111,False,False,False,False,0.25017467955656925,0.23405739813825782,False,False,False,False,394924.0,236912.50389316608,False,False,False,False,18536.926162772565,False,False,False,False
2025-07-02 16:00:00+00:00,150.695,152.22,150.695,151.8,11614.0,,,,,,,,,,,,,,149.4879459148963,145.75952058663268,137.81754175024528,132.5811833130913,129.04251484968495,122.45665592197487,116.95283159967572,114.41809176700325,112.449736607849,109.93556946903962,103.92480873875992,,,,,,,,,,,,148.24640437937367,148.32990068666953,144.0517660383868,140.33732160047416,134.1658865081253,130.24071958270324,125.56341301560529,123.1720817946472,120.03454048580177,115.51038568551247,113.55350562169338,105.31230331650082,,,,134.1658865081253,120.03454048580177,127.10194040149335,"rgba(0, 255, 0, 1.0)",8.708819539166788,134.18243087717647,2.022957192256747,50.52832370981901,-5.632491611651204,False,True,False,False,True,12.820110932857652,0.0,0.0,0.0,0.0,0,1.0210597020822638,0.909439329882651,False,False,False,False,0.25310912682498554,0.24358326248162168,False,False,False,False,406538.0,239542.3565459852,False,False,False,False,18429.59397420245,False,False,False,False
2025-07-02 17:00:00+00:00,151.8,153.04,151.245,153.03,11495.0,,,,,,,,,,,,,,149.59784200725625,145.8227805733857,137.90265065407687,132.66680019247028,129.1240892381899,122.53675895669707,117.03175147933158,114.49594200575123,112.52671529557917,110.01112238393566,103.99858727562717,,,,,,,,,,,,148.4481866992179,148.37823766195,144.12254101834841,140.4180822246014,134.25314631667206,130.32349794499015,125.6431463721981,123.25221952832571,120.11479920502961,115.58862606408084,113.63102829708896,105.3871342005042,,,,134.25314631667206,120.11479920502961,127.18589937370906,"rgba(0, 255, 0, 1.0)",8.716413774086716,134.26847616220428,2.1524361192641415,52.85252838442547,-3.200662739981979,False,True,True,False,True,13.888798551762438,0.0,0.0,0.0,0.0,0,1.020182509805468,0.9056901275203506,False,False,False,False,0.26592215193071256,0.2547527072061671,False,False,False,False,418033.0,242309.65334372187,False,False,False,False,18322.080889331093,False,False,False,False
2025-07-02 18:00:00+00:00,153.01,153.675,152.68,153.08,13249.0,,,,,,,,,,,,,,149.74385853715117,145.90185411417826,138.00423482930125,132.7680642854868,129.22023659727708,122.63072484533222,117.12408604626094,114.58694053437578,112.61663761891303,110.09931612975214,104.08458215220503,,,,,,,,,,,,148.69507257761626,148.44201277289588,144.20945520685567,140.51523326114085,134.35656103937168,130.421169075264,125.73686941960229,123.34626586754679,120.20882427675586,115.68011620279995,113.72161752978283,105.47438008387634,,,,134.35656103937168,120.20882427675586,127.28643969581485,"rgba(0, 255, 0, 1.0)",8.659083231752774,134.37218275226166,2.160484747292527,54.44986938549267,-1.4520487079250302,False,True,True,False,True,13.932334796742857,0.0,0.0,0.0,0.0,0,1.022127911567312,0.9075009869719706,False,False,False,False,0.2854465812923629,0.270099644249265,False,False,False,False,431282.0,245239.4571678502,False,False,False,False,18243.42847244224,False,False,False,False
2025-07-02 19:00:00+00:00,152.98,155.29,152.98,154.85,29474.0,,,,,,,,,,,,,,150.13223738365636,146.10059790145868,138.24338088038968,133.00315090436146,129.44223268510817,122.84603996103883,117.33475862207924,114.79424906712435,112.82127945064232,110.29978791316293,104.27957574573571,,,,,,,,,,,,149.2895507342128,148.6134470313581,144.42269713022458,140.7466372020419,134.59738576791867,130.64706448941237,125.95233590581647,123.56191279917503,120.42381614861142,115.88867773801006,113.92789482308848,105.67230212891441,,,,134.59738576791867,120.42381614861142,127.52352227884965,"rgba(0, 255, 0, 1.0)",8.624963761773127,134.61903599833585,2.3456288699240924,57.189421151892134,1.3464393454046402,False,True,True,False,True,15.464423450319142,0.0,0.0,0.0,0.0,0,1.022500393019966,0.9014502436723791,False,False,False,False,0.30369940745895807,0.28689952585411155,False,False,False,False,460756.0,248580.79891718586,False,False,False,False,18417.54586046639,False,False,False,False
2025-07-03 14:00:00+00:00,158.42,159.9,157.8,159.83,24832.0,,,,,,,,,,,,,,150.72929734174812,146.35404296089882,138.49790885347304,133.24091142893445,129.6616994618988,123.05248409918285,117.53318988921025,114.98823214604738,113.01189206130313,110.48553704601838,104.45832943097719,,,,,,,,,,,,150.0909558316305,148.8645583583833,144.67895964380565,141.0023182442123,134.8440287961077,130.8719667539888,126.16162414362657,123.76924629037202,120.6281906405617,116.08436909514515,114.12051388769368,105.85413733342749,,,,134.8440287961077,120.6281906405617,127.78193016254986,"rgba(0, 255, 0, 1.0)",8.694973772295624,134.89733393490752,2.8674803073626562,62.41248922304438,6.318639105336487,False,False,True,False,True,19.464542655963907,0.0,0.0,0.0,0.0,0,1.0307903700263206,0.8915660318934826,False,False,False,False,0.34282825258265,0.31486388921838077,False,False,False,False,485588.0,252255.3291665318,False,False,False,False,18516.99476185451,False,False,False,False
2025-07-03 15:00:00+00:00,159.83,160.63,158.99,159.315,20801.0,,,,,,,,,,,,,159.645,151.19648327845835,146.56638736725841,138.71112508137136,133.44031327448192,129.84593957640234,123.22583740832462,117.6998198925248,115.15113382165556,113.17196758906678,110.6415363364628,104.60844627272289,,,,,,,,,,,,150.69840869933782,149.07504077414563,144.89358566533605,141.21647685702678,135.05075979155586,131.06072149197016,126.33737794295038,123.94334692462519,120.79979683045681,116.24870384724994,114.28227128812692,106.0068359763571,,,,135.05075979155586,120.79979683045681,129.31322149949452,"rgba(0, 255, 0, 1.0)",8.727427904017762,137.22308794911967,2.5313199139359357,65.14702599037439,8.862920481460762,False,False,True,False,True,18.799501213369545,0.0,0.0,0.0,0.0,0,1.0311805300496808,0.8939127409097065,False,False,False,False,0.3428282526251767,0.32884607092177875,False,False,False,False,464787.0,255550.39383061658,False,False,False,False,18552.405695779245,False,False,False,False
2025-07-03 16:00:00+00:00,159.32,159.63,157.82,159.32,18477.0,,,,,,,,,,,,,159.3055164468659,151.54014062600294,146.73929849679234,138.8905399269775,133.61011907930356,130.00378916163942,123.37542691814217,117.84420346201773,115.29251086969253,113.31104598660487,110.77725003956594,104.73936845960569,,,,,,,,,,,,151.13809649940012,149.24292891227452,145.07005741527774,141.3953341887066,135.22622038387885,131.22214170298602,126.48860621067756,124.09348751393799,120.94816071603594,116.39123156860863,114.42272470287661,106.13993389673244,,,,135.22622038387885,120.94816071603594,129.4670055493585,"rgba(0, 255, 0, 1.0)",8.711990313655853,137.3856818272491,2.5177160881789926,66.97334215452888,10.636205799184673,False,False,True,False,True,18.803420675419876,0.0,0.0,0.0,0.0,0,1.0340017436791635,0.8967548193354651,False,False,False,False,0.32352571052399515,0.32618589072288695,False,False,False,False,483264.0,259080.83733711866,False,False,False,False,18551.236615224527,False,False,False,False
2025-07-03 17:00:00+00:00,159.32,160.29,159.32,160.14,70.0,,,,,,,,,,,,,159.306603681678,151.54155179979622,146.739997025146,138.8912469863216,133.61078316038825,130.00440434390836,123.37600702279748,117.84476171561299,115.29305689380243,113.31158271613593,110.77777331726678,104.7398723283469,,,,,,,,,,,,151.13987402108535,149.24361822156703,145.07076486975075,141.3960429295649,135.2269078697538,131.222771487786,126.48919393361871,124.09407002224619,120.94873524106241,116.39178229233866,114.42326696935466,106.14044632966859,,,,135.2269078697538,120.94873524106241,129.46771313245824,"rgba(0, 255, 0, 1.0)",8.79227755035809,137.3864485717106,2.5879018602367365,68.76254664073684,12.466035549270039,True,False,True,False,True,19.451718691167095,0.0,0.0,0.0,0.0,0,1.0380031831062464,0.8942781724311952,False,False,False,False,0.3427387444088293,0.3344623175658581,False,False,False,False,483334.0,262557.6305566982,False,False,False,False,18264.705814988487,False,False,False,False
2025-07-03 18:00:00+00:00,160.14,160.14,160.14,160.14,0.0,,,,,,,,,,,,,159.306603681678,151.54155179979622,146.739997025146,138.8912469863216,133.61078316038825,130.00440434390836,123.37600702279748,117.84476171561299,115.29305689380243,113.31158271613593,110.77777331726678,104.7398723283469,,,,,,,,,,,,151.13987402108535,149.24361822156703,145.07076486975075,141.3960429295649,135.2269078697538,131.222771487786,126.48919393361871,124.09407002224619,120.94873524106241,116.39178229233866,114.42326696935466,106.14044632966859,,,,135.2269078697538,120.94873524106241,129.46771313245824,"rgba(0, 255, 0, 1.0)",8.852801180346658,137.3864485717106,2.570209243917349,69.95534963154216,13.817418853535038,True,False,True,False,True,19.451718691167095,0.0,0.0,0.0,0.0,0,1.0424689334972008,0.8927449718109289,False,False,False,False,0.34282825263934297,0.3386452851026005,False,False,False,False,483334.0,265980.52000543155,False,False,False,False,17981.532081422774,False,False,False,False
2025-07-03 19:00:00+00:00,160.14,160.14,160.14,160.14,0.0,,,,,,,,,,,,,159.306603681678,151.54155179979622,146.739997025146,138.8912469863216,133.61078316038825,130.00440434390836,123.37600702279748,117.84476171561299,115.29305689380243,113.31158271613593,110.77777331726678,104.7398723283469,,,,,,,,,,,,151.13987402108535,149.24361822156703,145.07076486975075,141.3960429295649,135.2269078697538,131.222771487786,126.48919393361871,124.09407002224619,120.94873524106241,116.39178229233866,114.42326696935466,106.14044632966859,,,,135.2269078697538,120.94873524106241,129.46771313245824,"rgba(0, 255, 0, 1.0)",8.887201978632959,137.3864485717106,2.5602604152571966,70.75055162541237,14.880109279752702,True,False,True,False,True,19.451718691167095,0.0,0.0,0.0,0.0,0,1.0425519438634903,0.8893884013213197,False,False,False,False,0.34282825263934297,0.3407367688709717,False,False,False,False,483334.0,269350.3414006962,False,False,False,False,17702.74863829994,False,False,False,False
2025-07-04 14:00:00+00:00,160.14,160.14,160.14,160.14,0.0,,,,,,,,,,,,,159.306603681678,151.54155179979622,146.739997025146,138.8912469863216,133.61078316038825,130.00440434390836,123.37600702279748,117.84476171561299,115.29305689380243,113.31158271613593,110.77777331726678,104.7398723283469,,,,,,,,,,,,151.13987402108535,149.24361822156703,145.07076486975075,141.3960429295649,135.2269078697538,131.222771487786,126.48919393361871,124.09407002224619,120.94873524106241,116.39178229233866,114.42326696935466,106.14044632966859,,,,135.2269078697538,120.94873524106241,129.46771313245824,"rgba(0, 255, 0, 1.0)",8.892555476403258,137.3864485717106,2.55871908684369,71.28068628799251,15.763240766603587,True,False,True,False,True,19.451718691167095,0.0,0.0,0.0,0.0,0,1.046789946351721,0.8882032739206486,False,False,False,False,0.34282825263934297,0.3417825107551573,False,False,False,False,483334.0,272667.91750301095,False,False,False,False,17428.287419101493,False,False,False,False
2025-07-04 15:00:00+00:00,160.14,160.14,160.14,160.14,0.0,,,,,,,,,,,,,159.306603681678,151.54155179979622,146.739997025146,138.8912469863216,133.61078316038825,130.00440434390836,123.37600702279748,117.84476171561299,115.29305689380243,113.31158271613593,110.77777331726678,104.7398723283469,,,,,,,,,,,,151.13987402108535,149.24361822156703,145.07076486975075,141.3960429295649,135.2269078697538,131.222771487786,126.48919393361871,124.09407002224619,120.94873524106241,116.39178229233866,114.42326696935466,106.14044632966859,,,,135.2269078697538,120.94873524106241,129.46771313245824,"rgba(0, 255, 0, 1.0)",8.904776023912383,137.3864485717106,2.5552076062540254,71.63410939637927,16.527937352540505,True,False,True,False,True,19.451718691167095,0.0,0.0,0.0,0.0,0,1.0470695354407082,0.8892737673442733,False,False,False,False,0.34282825263934297,0.3423053816972501,False,False,False,False,483334.0,275934.05831691774,False,False,False,False,17158.081412603795,False,False,False,False
2025-07-04 16:00:00+00:00,160.14,160.14,160.14,160.14,0.0,,,,,,,,,,,,,159.306603681678,151.54155179979622,146.739997025146,138.8912469863216,133.61078316038825,130.00440434390836,123.37600702279748,117.84476171561299,115.29305689380243,113.31158271613593,110.77777331726678,104.7398723283469,,,,,,,,,,,,151.13987402108535,149.24361822156703,145.07076486975075,141.3960429295649,135.2269078697538,131.222771487786,126.48919393361871,124.09407002224619,120.94873524106241,116.39178229233866,114.42326696935466,106.14044632966859,,,,135.2269078697538,120.94873524106241,129.46771313245824,"rgba(0, 255, 0, 1.0)",8.897976082254283,137.3864485717106,2.557160327017291,71.86972480197045,17.20745312495822,True,False,True,False,True,19.451718691167095,0.0,0.0,0.0,0.0,0,1.0408134726411895,0.8963781289330169,False,False,False,False,0.34282825263934297,0.3425668171682965,False,False,False,False,483334.0,279149.56128874846,False,False,False,False,16892.064646516916,False,False,False,False
2025-07-04 17:00:00+00:00,160.14,160.14,160.14,160.14,0.0,,,,,,,,,,,,,159.306603681678,151.54155179979622,146.739997025146,138.8912469863216,133.61078316038825,130.00440434390836,123.37600702279748,117.84476171561299,115.29305689380243,113.31158271613593,110.77777331726678,104.7398723283469,,,,,,,,,,,,151.13987402108535,149.24361822156703,145.07076486975075,141.3960429295649,135.2269078697538,131.222771487786,126.48919393361871,124.09407002224619,120.94873524106241,116.39178229233866,114.42326696935466,106.14044632966859,,,,135.2269078697538,120.94873524106241,129.46771313245824,"rgba(0, 255, 0, 1.0)",8.961806169507843,137.3864485717106,2.53894706021509,72.02680173903123,17.819409470162384,True,False,True,False,True,19.451718691167105,0.0,0.0,0.0,0.0,0,1.0371395339509888,0.8961015521597887,False,False,False,False,0.34282825263934297,0.3426975349038197,False,False,False,False,483334.0,282315.211501326,False,False,False,False,16630.17217137712,False,False,False,False
2025-07-04 18:00:00+00:00,160.14,160.14,160.14,160.14,0.0,,,,,,,,,,,,,159.306603681678,151.54155179979622,146.739997025146,138.8912469863216,133.61078316038825,130.00440434390836,123.37600702279748,117.84476171561299,115.29305689380243,113.31158271613593,110.77777331726678,104.7398723283469,,,,,,,,,,,,151.13987402108535,149.24361822156703,145.07076486975075,141.3960429295649,135.2269078697538,131.222771487786,126.48919393361871,124.09407002224619,120.94873524106241,116.39178229233866,114.42326696935466,106.14044632966859,,,,135.2269078697538,120.94873524106241,129.46771313245824,"rgba(0, 255, 0, 1.0)",8.98210872931487,137.3864485717106,2.533208193531295,72.13151969707175,18.37307414436539,True,False,True,False,True,19.451718691167095,0.0,0.0,0.0,0.0,0,1.043848299842316,0.8930780738284889,False,False,False,False,0.34282825263934297,0.3427628937715813,False,False,False,False,483334.0,285431.78186564654,False,False,False,False,16372.340044689101,False,False,False,False
2025-07-04 19:00:00+00:00,160.14,160.14,160.14,160.14,0.0,,,,,,,,,,,,,159.306603681678,151.54155179979622,146.739997025146,138.8912469863216,133.61078316038825,130.00440434390836,123.37600702279748,117.84476171561299,115.29305689380243,113.31158271613593,110.77777331726678,104.7398723283469,,,,,,,,,,,,151.13987402108535,149.24361822156703,145.07076486975075,141.3960429295649,135.2269078697538,131.222771487786,126.48919393361871,124.09407002224619,120.94873524106241,116.39178229233866,114.42326696935466,106.14044632966859,,,,135.2269078697538,120.94873524106241,129.46771313245824,"rgba(0, 255, 0, 1.0)",8.997281997990319,137.3864485717106,2.528936120194049,72.20133166909876,18.87356863964193,True,False,True,False,True,19.451718691167105,0.0,0.0,0.0,0.0,0,1.0439819999592765,0.8915721528781747,False,False,False,False,0.34282825263934297,0.34279557320546217,False,False,False,False,483334.0,288500.03330958996,False,False,False,False,16118.505315314076,False,False,False,False
2025-07-07 14:00:00+00:00,156.55,157.595,155.135,156.31,10509.0,,,,,,,,,,,,,158.68269975463159,151.6600839594791,146.81584587757877,138.9789275286881,133.69662314814715,130.08548611277897,123.45440055268685,117.92130637410374,115.36833339905431,113.38585948097088,110.85050779344338,104.81052559297554,,,,,,,,,,,,151.29348401480377,149.31182309412668,145.15085704250325,141.48144139942752,135.31482540152223,131.3052830497653,126.56779583329586,124.17261295859922,121.02691174225865,116.46753527049059,114.49815330417812,106.2121667229654,,,,135.31482540152223,121.02691174225865,129.5213953920198,"rgba(0, 255, 0, 1.0)",8.933378981496109,137.43787801940044,2.1125401731740894,61.62707266134037,15.603514255515066,False,False,True,False,False,13.718118888084422,0.0,0.0,0.0,0.0,0,1.031805444355485,0.8909327461969584,False,False,False,False,0.27713930311565405,0.3099674381605581,False,False,False,False,472825.0,291357.7847311467,False,False,False,False,16031.536240658043,False,False,False,False
2025-07-07 15:00:00+00:00,156.36,157.15,155.8,156.16,23885.0,,,,,,,,,,,,,157.93361736414343,151.91012917941012,146.98427143831026,139.17523330264675,133.88952973507028,130.26808844150392,123.63132082197285,118.09425621411113,115.53849725415816,113.55381803076102,111.0150436062635,104.97046239818918,,,,,,,,,,,,151.61248581513635,149.46257087106102,145.32909787587468,141.67225327062607,135.51216741903946,131.49098856802172,126.74505203860127,124.34983992369835,121.2034310427797,116.6387440300668,114.66745934333125,106.37448969803638,,,,135.51216741903946,121.2034310427797,129.66761865345057,"rgba(0, 255, 0, 1.0)",8.852199514428762,137.58368970485498,2.098496567419918,54.32070708103262,9.283881850890538,False,True,False,False,False,13.503413007285868,0.0,0.0,0.0,0.0,0,1.0407451224158333,0.8904573800405051,False,False,False,False,0.2790183325398202,0.29449288535018914,False,False,False,False,448940.0,293800.919851594,False,False,False,False,16153.295368709856,False,False,False,False
2025-07-07 16:00:00+00:00,156.18,156.53,154.02,154.53,14644.0,,,,,,,,,,,,,157.45198694740492,152.00837214884143,147.0702651951868,139.28418011165255,133.99921592463446,130.3730960251842,123.7344417329537,118.19583069868094,115.63871938421306,113.65293614364303,111.11236391960269,105.06548067473729,,,,,,,,,,,,151.73914325486896,149.53448884461966,145.42264599987044,141.77636816730902,135.62366465979403,131.597416315877,126.84780892143019,124.45301882661133,121.3066856641468,116.73946371842413,114.76726430511332,106.47083202345944,,,,135.62366465979403,121.3066856641468,129.74440373367747,"rgba(0, 255, 255, 0.75)",8.775411413060821,137.657263816241,1.922728791797338,46.95099619817627,3.0841242979627594,False,True,False,True,False,11.190489697471385,0.0,0.0,0.0,0.0,0,1.0342847998719826,0.8928650011001545,False,False,False,False,0.2586203150977939,0.27655660022399153,False,False,False,False,434296.0,295979.1381484685,False,False,False,False,16129.895440512802,False,False,False,False
2025-07-07 17:00:00+00:00,154.57,155.295,154.38,154.63,8101.0,,,,,,,,,,,,,157.22666873948475,152.05567669313447,147.11553210583415,139.3428296019639,134.05866673898495,130.43019931820177,123.79072874736403,118.25138917324831,115.69358140103877,113.70722350756373,111.16570081542831,105.11761858873379,,,,,,,,,,,,151.8000586660709,149.57164649986962,145.47225391222565,141.83216027717262,135.68398488548664,131.6552346058489,126.9038152584289,124.50931957308363,121.3630997781572,116.79458029010554,114.82191130229818,106.52368177294143,,,,135.68398488548664,121.3630997781572,129.78698176052794,"rgba(0, 255, 255, 0.75)",8.692045305600079,137.6980324177311,1.9479842760782702,42.328493377066934,-0.5726832338728087,False,True,False,True,False,11.294712563939694,0.0,0.0,0.0,0.0,0,1.032900138168566,0.8976951881295188,False,False,False,False,0.2512364266063295,0.2638965134151605,False,False,False,False,442397.0,298249.18251825974,False,False,False,False,16005.416441435083,False,False,False,False
2025-07-07 18:00:00+00:00,154.625,154.945,153.695,154.535,12780.0,,,,,,,,,,,,,156.89508348052627,152.11717683396196,147.182409881725,139.4322187032941,134.15007315634963,130.51835716144618,123.87803755542478,118.33779435164763,115.7789873976925,113.79179250320543,111.24885512566898,105.19902614020069,,,,,,,,,,,,151.87974768922305,149.62503300408693,145.54632463056726,141.91667462348383,135.77651305045677,131.74438644287142,126.9905263108096,124.59661438795493,121.45071283673254,116.88034790518317,114.90700850980815,106.60617277339946,,,,135.77651305045677,121.45071283673254,129.85207810232168,"rgba(0, 255, 255, 0.75)",8.600028824590861,137.7597607720631,1.9506026747224274,39.0972858113053,-3.1466779934854827,False,True,False,True,False,11.158294392349713,0.0,0.0,0.0,0.0,0,1.0276683004901475,0.9009902970891274,False,False,False,False,0.2425367846916385,0.2532166490533995,False,False,False,False,429617.0,300285.89286681387,False,False,False,False,15955.409984978725,False,False,False,False
2025-07-07 19:00:00+00:00,154.5,154.695,153.77,154.02,59730.0,,,,,,,,,,,,,155.92898948896524,152.3411800655099,147.46987501166532,139.8300852346172,134.56187505347233,130.91803782690573,124.27654823427088,118.73366797782147,116.17085478698306,114.18021379586857,111.63124065884985,105.57419982410448,,,,,,,,,,,,152.16647870188243,149.8483176647767,145.86821449362571,142.2900364287149,136.19190488583214,132.1478141267043,127.385298898061,124.99483583488242,121.85128690871521,117.27364090560941,115.29763479010961,106.98613453633816,,,,136.19190488583214,121.85128690871521,130.16326525559523,"rgba(0, 255, 255, 0.75)",8.49574708760722,138.05603187715496,1.8790540676677803,36.112238334045735,-5.722845974892124,False,True,False,True,False,10.41139620200379,0.0,0.0,0.0,0.0,0,1.0263936655202754,0.9028833080060793,False,False,False,False,0.24106941698488235,0.24714303301914092,False,False,False,False,369887.0,301364.9797991113,False,False,False,False,16634.085799165103,False,False,False,False
2025-07-08 14:00:00+00:00,156.945,157.84,152.53,153.355,14295.0,,,,,,,,,,,,,155.82339142824924,152.39825795924833,147.53923024825355,139.92479316329107,134.65995486225148,131.0133617704437,124.37166969743694,118.82820736154113,116.26446294977367,114.27301715415032,111.7226269402693,105.66389449911178,,,,,,,,,,,154.575,152.23679384934815,149.90334614004286,145.945379098854,142.379034218766,136.29077360958317,132.24399367116328,127.47951555435333,125.08988328949401,121.94691222707888,117.36757995324977,115.39095402741302,107.07695977202552,,,,136.29077360958317,121.94691222707888,131.2163597378157,"rgba(0, 255, 255, 0.75)",8.378751703453098,139.7647519467293,1.6219895915604958,33.118712337252774,-8.4819331223024,False,True,False,True,False,9.446821291182989,0.0,0.0,0.0,0.0,0,1.0198288047746193,0.8933367362965294,False,False,False,False,0.2570991129880199,0.25212107300358044,False,False,False,False,355592.0,302205.7087944739,False,False,False,False,16597.820903054013,False,False,False,False
2025-07-08 15:00:00+00:00,153.28,155.115,152.975,154.21,16033.0,,,,,,,,,,,,,155.6847678999958,152.44566829195674,147.61028025293425,140.02618118763843,134.7662251832844,131.11722840480334,124.47598131761524,118.93224820486802,116.36761562629837,114.37537680545167,111.82353138147023,105.76313127242642,,,,,,,,,,,154.3238896399367,152.2958679811924,149.95743785230118,146.02563908563607,142.47350225644146,136.3975571040259,132.3486162586319,127.58257439340738,125.19405689302835,122.05194929009907,117.47104096154722,115.4938305271506,107.17740142944189,,,,136.3975571040259,122.05194929009907,131.2872639800633,"rgba(0, 255, 255, 0.75)",8.259784725507192,139.82729203138382,1.7412933201758498,34.18904564996456,-8.4819331223024,False,True,False,True,False,10.40389386992403,0.0,0.0,0.0,0.0,0,1.0203313106085738,0.9052701410704188,False,False,False,False,0.23792847535018571,0.24502477417688306,False,False,False,False,371625.0,303281.97687517974,False,False,False,False,16589.06398982837,False,False,False,False
2025-07-08 16:00:00+00:00,154.33,155.515,154.33,155.25,11724.0,,,,,,,,,,,,,155.6484874207727,152.49729921328674,147.6685884676505,140.10425453438137,134.846911377146,131.19564539031887,124.55418052173574,119.00994476959556,116.44454355094238,114.45164170766546,111.89863265041687,105.83683406146223,,,,,,,,,,,154.52121623228385,152.35785883904416,150.0048167027575,146.08999302541122,142.54708172079987,136.47890170517385,132.4277386821046,127.66006170118067,125.27220066355855,122.13054369362919,117.54824276332268,115.57051976687019,107.2520303264737,,,,136.47890170517385,122.13054369362919,131.36072677951938,"rgba(0, 255, 255, 0.75)",8.140616717457643,139.9000677923956,1.8855981973314515,38.02862969444622,-8.4819331223024,False,True,False,True,True,11.553632254285436,0.0,0.0,0.0,0.0,0,1.027522397402293,0.9061069598216038,False,False,False,False,0.2526688884680078,0.24884683132244542,False,False,False,False,383349.0,304523.32607091335,False,False,False,False,16513.63664114886,False,False,False,False
2025-07-08 17:00:00+00:00,155.175,155.66,154.7,155.25,10760.0,,,,,,,,,,,,,155.62689290485656,152.54599208824504,147.72253075457945,140.17601260658668,134.92102482301058,131.26767842898317,124.62600068092178,119.0812974500964,116.5151901092742,114.521679433522,111.96760277560851,105.90451824788,,,,,,,,,,,154.66019184402538,152.41582782529008,150.04898641596964,146.1493698634395,142.614774591169,136.55362030149033,132.50041889604393,127.73123725303822,125.34397138596051,122.20272141165738,117.61914114134187,115.64094697565857,107.32056369761258,,,,136.55362030149033,122.20272141165738,131.42712767625045,"rgba(0, 255, 255, 0.75)",7.9713837574802175,139.96558588845306,1.9174103990670741,40.58835239076732,-8.4819331223024,False,True,False,True,True,11.553632254285436,0.0,0.0,0.0,0.0,0,1.0289073983341501,0.9034982851543367,False,False,False,False,0.2570146359504892,0.2529307336364673,False,False,False,False,383349.0,305745.42954268213,False,False,False,False,16424.43297229384,False,False,False,False
2025-07-08 18:00:00+00:00,155.25,155.48,153.26,154.94,5846.0,,,,,,,,,,,,,155.59949594049473,152.5654911918677,147.74902287770132,140.21305731784915,134.95979543935684,131.3055866431738,124.66406224309857,119.11925781646788,116.55282865975079,114.55903053825084,112.00442660581892,105.9407350258267,,,,,,,,,,,154.6502064793663,152.43930071927085,150.0697148076679,146.17903729345215,142.64938593978258,136.59257433712207,132.53859907465002,127.76885157071533,125.38198388875702,122.24104235608581,117.65689158777673,115.67848533495155,107.3572172291126,,,,136.59257433712207,122.24104235608581,131.45744323673472,"rgba(0, 255, 255, 0.75)",7.812668650432576,139.9939754737365,1.9130498418662567,41.492797309096446,-8.4819331223024,False,True,False,True,True,11.07812005000742,0.0,0.0,0.0,0.0,0,1.021360435401752,0.9048241421688163,False,False,False,False,0.24337574032175288,0.24815323697911007,False,False,False,False,377503.0,306857.9500148886,False,False,False,False,16260.426259545096,False,False,False,False
2025-07-08 19:00:00+00:00,154.94,155.74,154.23,155.715,14463.0,,,,,,,,,,,,,155.57732441757045,152.62778123180433,147.82003612154358,140.30812249367813,135.05830761511865,131.40152361809584,124.75990768280879,119.21458802215295,116.64725895855811,114.65267729142614,112.09668216268462,106.03133253053184,,,,,,,,,,,154.76455733191105,152.5128459221552,150.12769974254516,146.2573247598727,142.73891539591253,136.69178412406745,132.63534084432442,127.86376784331392,125.47774747059073,122.33741190611242,117.75164087108644,115.77263576833275,107.44893455282214,,,,136.69178412406745,122.33741190611242,131.5430459471608,"rgba(0, 255, 0, 1.0)",7.6454860721402085,140.07748140191183,2.0453269354672634,44.53303647085168,-13.224601144992171,False,True,False,True,True,11.961597565711894,0.0,0.0,0.0,0.0,0,1.022107289378002,0.9057572281308943,False,False,False,False,0.25372281712277234,0.2509380270509412,False,False,False,False,391966.0,308177.4546658206,False,False,False,False,16232.559185753698,False,False,False,False
2025-07-09 14:00:00+00:00,159.88,161.1,158.0,160.02,15743.0,,,,,,,,,,,,,155.82943014518156,152.80355228963825,147.9416268059582,140.44089363383193,135.18802346126995,131.524544202426,124.87878897881035,119.33061716766264,116.7613942220971,114.76531950936946,112.20703610644877,106.13851268275934,,,,,,,,,,,155.64009328862082,152.71356996721718,150.24348362548992,146.38279393057704,142.8693591826497,136.82438180504477,132.7603990938069,127.98312791592865,125.59687642228546,122.45586812779761,117.86649342483773,115.88618488551923,107.55769042530486,,,,136.82438180504477,122.45586812779761,131.70360245202136,"rgba(0, 255, 0, 1.0)",7.499855358966342,140.25267935534984,2.6356935832125936,53.906245526087275,-4.351222395845525,False,False,True,False,True,16.54133160970963,0.0,0.0,0.0,0.0,0,1.025342099227888,0.8987080498432847,False,False,False,False,0.33238528311037796,0.29166165508065955,False,False,False,False,407709.0,309720.5793996838,False,False,False,False,16224.969120858292,False,False,False,False
2025-07-09 15:00:00+00:00,160.06,162.29,159.745,161.55,11730.0,,,,,,,,,,,,,156.06288799205709,152.95598159564616,148.0418760183205,140.54619644272466,135.28960289603648,131.62031719186163,124.97060496094815,119.41980918383615,116.84897665241256,114.85165033189217,112.29149401651742,106.22030508384272,,,,,,,,,,,156.2878362526592,152.8863060502463,150.3412344410786,146.4850426607268,142.97373219459683,136.92855209953777,132.85793582343968,128.07562735428326,125.68895042122807,122.5471489003528,117.95469086301398,115.973269294158,107.64073413575464,,,,136.92855209953777,122.5471489003528,131.83043051428686,"rgba(0, 255, 0, 1.0)",7.3420775363353705,140.39220939072567,2.8817171304124867,61.53527391260019,2.5253104729964804,True,False,True,False,True,18.04199076057506,0.0,0.0,0.0,0.0,0,1.0312470320068385,0.8956406116440312,False,False,False,False,0.3428282526759443,0.3172449538783019,False,False,False,False,419439.0,311421.6401841848,False,False,False,False,16155.279677124054,False,False,False,False
2025-07-09 16:00:00+00:00,161.63,162.89,161.375,162.03,11757.0,,,,,,,,,,,,,156.3150978207297,153.11945687264574,148.14764267027962,140.65524545823618,135.3941456181689,131.71860535358144,125.06445090397337,119.5107508238922,116.93819603106576,114.93953869700752,112.37741289653991,106.3033853427522,,,,,,,,,,,156.89587725075876,153.07059173861305,150.44548460524757,146.5923270760411,143.08228668336164,137.03592597706037,132.95812302374853,128.1703387932224,125.78309542974989,122.64033753554341,118.04457100728091,116.06195576059103,107.7251109914643,,,,137.03592597706037,122.64033753554341,131.95959817446223,"rgba(0, 255, 0, 1.0)",7.202722987971458,140.53460272933484,2.984343186120369,67.01370260518347,7.334697702596195,True,False,True,False,True,18.506246523757397,0.0,0.0,0.0,0.0,0,1.0538924473169886,0.8965690732821184,False,False,False,False,0.3428282527203312,0.33003660329931656,False,False,False,False,431196.0,313278.6070030346,False,False,False,False,16087.089294532983,False,False,False,False
2025-07-09 17:00:00+00:00,162.11,162.88,161.9,162.35,19071.0,,,,,,,,,,,,,156.6998943198222,153.38039273691297,148.31921858191953,140.83207169091733,135.56375057995248,131.87814559537,125.21680990059794,119.6584043813923,117.08306008573024,115.08224623632728,112.5169297122067,106.43829515419907,,,,,,,,,,,157.69120934851088,153.3630816565778,150.61465913481473,146.76632004075321,143.25831510363602,137.2100748026138,133.1207228322409,128.3241047948079,125.9359392788183,122.79162797319887,118.19050578889419,116.20595621898495,107.8621215971857,,,,137.2100748026138,122.79162797319887,132.1601543018554,"rgba(0, 255, 0, 1.0)",6.961206250318308,140.75431507380915,3.1022906303348443,70.93512644860476,10.822952821469372,True,False,True,False,True,18.817765263473973,0.0,0.0,0.0,0.0,0,1.0588006684543938,0.8768217325405159,False,False,False,False,0.3428282527028908,0.3364324280011037,False,False,False,False,450267.0,315402.4580572512,False,False,False,False,16133.351476013091,False,False,False,False
2025-07-09 18:00:00+00:00,162.35,163.87,162.29,162.82,17351.0,,,,,,,,,,,,162.9933333333333,157.04353110215985,153.6207536545367,148.47845617760152,140.9950010162249,135.71972367603473,132.024767109499,125.35663323219087,119.79378672893368,117.21584231659199,115.21302238576261,112.64475045227056,106.56182169841497,,,,,,,,,,,158.30958199180404,153.63080638106283,150.7723149325308,146.92744435332693,143.42077664432182,137.37028240778875,133.27018960095262,128.46531839384485,126.07622770998086,122.93040496496857,118.32428796799307,116.33793310590652,107.98758318886479,,,,137.37028240778875,122.93040496496857,134.59691011313944,"rgba(0, 255, 0, 1.0)",6.712577763068119,142.83227176586132,2.977653137086769,73.95335492094421,13.666617407949488,True,False,True,False,True,19.278265836202134,0.0,0.0,0.0,0.0,0,1.055641781778675,0.8743209684929385,False,False,False,False,0.3428282527297825,0.3396303403654431,False,False,False,False,467618.0,317762.3889400845,False,False,False,False,16152.22974770281,False,False,False,False
2025-07-09 19:00:00+00:00,162.835,162.875,160.98,160.98,33480.0,,,,,,,,,,,,162.08329418399532,157.47895082799525,153.98854490302602,148.74781163388798,141.28338189009062,136.00073051181843,132.29136374654578,125.6137297589173,120.04436116667253,117.462228417537,115.45611814177288,112.88285063148454,106.7928576295587,,,,,,,,,,,158.9161771914134,154.03712625910873,151.0323046849067,147.20349720191277,143.70521200253015,137.65748450871527,133.54119758095536,128.7237996119855,126.33392432057153,123.18635273891388,118.57226985349463,116.58301939737784,108.22202292149875,,,,137.65748450871527,123.18635273891388,134.84191016348512,"rgba(0, 255, 0, 1.0)",6.395654561519235,143.082577892423,2.7983722284284247,70.60736464955214,13.666617407949488,True,False,True,False,True,16.289140189798157,0.0,0.0,0.0,0.0,0,1.0512135123094508,0.878842466151433,False,False,False,False,0.32347587549899176,0.33155310793221743,False,False,False,False,434138.0,319566.66197977314,False,False,False,False,16420.87734851362,False,False,False,False
2025-07-10 14:00:00+00:00,157.555,157.555,152.975,156.23,55975.0,,,,,,,,,,,,158.67853485135043,157.2188474307815,154.1027347807235,148.97453941032575,141.6102352666691,136.34978684912016,132.63709484772014,125.96492381744434,120.3968942377453,117.81271800409614,115.80459037984224,113.22721322399076,107.13284292602856,,,,,,,,,,,158.13386213347437,154.1586755733624,151.20790017598782,147.4589544633495,144.00790366053036,138.005726349083,133.88809368686893,129.06952295021443,126.68434394586316,123.54086440135394,118.92342431672066,116.93286273046895,108.56571647701247,,,155.58666666666664,138.005726349083,123.54086440135394,134.93423855856398,"rgba(0, 255, 255, 0.75)",6.056594829435065,144.551372445594,1.9282497646446186,60.52502253714169,21.46428542256868,True,False,True,False,False,9.25250376543325,1.0,157.555,152.975,0.0,0,1.0345318280998013,0.8910729532302444,False,False,False,False,0.21073867423466697,0.2711458910834422,False,False,False,False,378163.0,320475.1323366759,False,False,False,False,17034.11956016457,False,False,False,False
2025-07-10 15:00:00+00:00,156.15,159.03,155.14,158.86,12434.0,,,,,,,,,,,,158.5740629542659,157.23241207345328,154.15857430879552,149.0381569570592,141.6913788925577,136.433883629065,132.71937296358547,126.04724769825589,120.47885169191176,117.89396040508952,115.88520196142824,113.30669274066729,107.21095327727687,,,,,,,,,,,158.11118311378135,154.21892581716403,151.26283153797525,147.5276534899884,144.08482131322,138.09023333053474,133.9709546249838,129.15107366600355,126.76659445885517,123.62363077088081,119.00492064786036,117.01388087099177,108.64475025498116,,,155.9665444605242,138.09023333053474,123.62363077088081,134.99725000693422,"rgba(0, 255, 0, 1.0)",5.712816689036531,144.62455542079502,2.491843403014181,57.51503374863301,18.713036971166034,False,False,True,False,False,11.996277343493713,0.0,0.0,0.0,0.0,0,1.0336546592254359,0.8904297498919522,False,False,False,False,0.2289814972680496,0.2500636941757459,False,False,False,False,390597.0,321562.29307564214,False,False,False,False,16962.799877061243,False,False,False,False
2025-07-10 16:00:00+00:00,158.935,158.97,156.89,157.825,8867.0,,,,,,,,,,,,158.52706121965753,157.24612225006962,154.1997466471477,149.08409135529945,141.74952913728015,136.4940634194781,132.77822846994036,126.10609778400286,120.5374196107535,117.9520112891425,115.94279812425076,113.36347624532657,107.266748789442,,,,,,,,,,,158.10379705800378,154.26328077628577,151.30275224819758,147.57712475726888,144.14001922421883,138.15072207491178,134.03023411776695,129.20938906195252,126.82539564110414,123.68278568400181,119.06315562073048,117.07176958630608,108.70120631505225,,,156.18782422744448,138.15072207491178,123.68278568400181,135.04409110872598,"rgba(0, 255, 0, 1.0)",5.375622989248264,144.6766367956624,2.4459236130650366,54.19788233947268,15.445274389768286,False,False,True,False,False,10.562404767906575,0.0,0.0,0.0,0.0,0,1.0361780722799805,0.8959975627403943,False,False,False,False,0.24461792491843196,0.24734080954708892,False,False,False,False,381730.0,322495.1257411361,False,False,False,False,16837.283599897502,False,False,False,False
2025-07-10 17:00:00+00:00,157.79,158.39,157.47,158.23,9332.0,,,,,,,,,,,,158.49331115379672,157.26282891561493,154.24365702316894,149.13265569648183,141.8107877624695,136.55743292977476,132.8402053134411,126.16806165308894,120.59908325666814,118.01313063404989,116.0034389118358,113.42326227215341,107.325494013325,,,,,,,,,,,158.10123560749483,154.31051306341166,151.3451005123542,147.62935759340198,144.19820274267474,138.21441771404938,134.0926570012561,129.27079523500873,126.88730885412907,123.74506741671505,119.12446888218531,117.13271816767083,108.7606460711177,,,156.38631841169408,138.21441771404938,123.74506741671505,135.09441377536055,"rgba(0, 255, 0, 1.0)",5.175485709026385,144.73101119058873,2.608255450472627,52.554794060673906,13.548208106605614,False,True,False,False,False,10.983702421085216,0.0,0.0,0.0,0.0,0,1.033649797105888,0.9050225863257031,False,False,False,False,0.24461792491843196,0.24597936723276043,False,False,False,False,391062.0,323558.17805522704,False,False,False,False,16720.92261385258,False,False,False,False
2025-07-10 18:00:00+00:00,158.11,159.5,157.98,159.27,10098.0,,,,,,,,,,,,158.52228723416272,157.30011037542377,154.3009158761245,149.18979394347375,141.88015296323607,136.62839945309676,132.90927619782582,126.2366996816635,120.66715555166168,118.08051795409264,116.07024099632748,113.48905805373126,107.39001717999825,,,,,,,,,,,158.13075328871506,154.3721756324289,151.3963271997013,147.69006153962226,144.2646163961526,138.28594703590005,134.1623274799531,129.3389872593451,126.95592749522403,123.81394384335029,119.19210504030598,117.19989101949133,108.82595827416478,,,156.65053631625753,138.28594703590005,123.81394384335029,135.15614519140698,"rgba(0, 255, 0, 1.0)",5.003999301460896,144.80129216731393,2.891428827430492,52.91149812803548,13.338300096073183,False,True,True,False,False,12.06194206034312,0.0,0.0,0.0,0.0,0,1.0326001495771573,0.9025639058814512,False,False,False,False,0.25971751301870744,0.25284844012573393,False,False,False,False,401160.0,324761.3070776266,False,False,False,False,16618.241643095178,False,False,False,False
2025-07-10 19:00:00+00:00,159.25,159.375,158.145,158.795,15888.0,,,,,,,,,,,,158.5465316302075,157.35051543909876,154.38547632993092,149.27703520917845,141.98723993355992,136.73842886711174,133.01661153116584,126.3436362964649,120.77336675084204,118.18572065013271,116.17457183017271,113.59186626084498,107.49092583779705,,,,,,,,,,,158.1652892743242,154.46292989371616,151.47401052577615,147.78304455175817,144.36688338708737,138.39671065193255,134.27051997546857,129.44512359744047,127.06281041863404,123.92132286013683,119.29767149888941,117.30477752819635,108.92807912381909,,,156.94984639501214,138.39671065193255,123.92132286013683,135.25000696063563,"rgba(0, 255, 0, 1.0)",4.83517055793656,144.90205580146096,2.873310058470395,52.39395315480526,12.092805811592314,False,True,False,False,False,11.383845612359913,0.0,0.0,0.0,0.0,0,1.0310010557635094,0.9032344754774937,False,False,False,False,0.260091784995847,0.25647011256079044,False,False,False,False,385272.0,325699.4573554928,False,False,False,False,16606.920067233237,False,False,False,False
2025-07-11 14:00:00+00:00,158.08,161.08,157.92,159.8,20942.0,,,,,,,,,,,,158.6661936879521,157.44768966788092,154.51231622583472,149.39945283495027,142.13319876050863,136.88718911999206,133.16124339929513,126.48709347623274,120.91549483057706,118.3263734797372,116.3139731712377,113.72913832697554,107.62546846229728,,,,,,,,,,,158.26043417176237,154.59891085567227,151.58528177907272,147.9123088494288,144.50712511614944,138.54675302012396,134.41645614889885,129.5877767559817,127.20625244896408,124.06519580706264,119.4388634344409,117.44496829109737,109.06427490900141,,,157.36546103672416,138.54675302012396,124.06519580706264,135.38455834275325,"rgba(0, 255, 0, 1.0)",4.676042931315732,145.04926293614338,3.154534139340357,53.53071114091165,12.092805811592314,False,True,True,False,False,12.435891673300048,0.0,0.0,0.0,0.0,0,1.0358417466648855,0.8920167185144193,False,False,False,False,0.2739910252765389,0.2652305689186647,False,False,False,False,406214.0,326947.74483835336,False,False,False,False,16674.13060882652,False,False,False,False
2025-07-11 15:00:00+00:00,159.65,161.29,159.035,160.635,15852.0,,,,,,,,,,,,158.79713099988845,157.5386373454139,154.6173155451642,149.49660864491375,142.24657169673068,137.00204078124267,133.27263297782656,126.59720606795875,121.02437786919539,118.43405287640645,116.42064430159448,113.83412507200538,107.72825353316597,,,,,,,,,,,158.3588786870944,154.711291468607,151.67488904046763,148.0142028590961,144.61655835280808,138.66275882231287,134.5289352559994,129.69743249051956,127.31638704918292,124.17552190603408,119.54698653032371,117.55227087610513,109.16834403476578,,,157.678975854821,138.66275882231287,124.17552190603408,135.49223206206628,"rgba(0, 255, 0, 1.0)",4.497757983027356,145.16778853127633,3.4388714393016255,55.447959317733414,12.092805811592314,False,False,True,False,False,13.300939719911998,0.0,0.0,0.0,0.0,0,1.0396813324713847,0.8904437768566762,False,False,False,False,0.2865226986559665,0.27587663378731564,False,False,False,False,422066.0,328422.4464687665,False,False,False,False,16661.384397836962,False,False,False,False
2025-07-11 16:00:00+00:00,160.515,162.05,160.16,161.5,15726.0,,,,,,,,,,,,158.97478798613847,157.65126179077805,154.7339462267765,149.59931861646362,142.36328944536598,137.1193080587503,133.3859526265496,126.70868762939911,121.1343084377194,118.54265801484581,116.52815684606053,113.93985545310268,107.83159656270465,,,,,,,,,,,158.48916191424826,154.8360213899713,151.7712208210758,148.12105431836625,144.72988577337426,138.78144715397684,134.64349105677,129.80867944861532,127.42793933572104,124.28706857986622,119.65608540592748,117.66046143038105,109.27301191310715,,,158.01782201993774,138.78144715397684,124.28706857986622,135.60668238693404,"rgba(0, 255, 0, 1.0)",4.374707557795008,145.29610787837737,3.7039943602058525,57.86639811610832,12.092805811592314,False,False,True,False,True,14.189722258628894,0.0,0.0,0.0,0.0,0,1.0463764791344081,0.8925465007359836,False,False,False,False,0.30450402847668356,0.2901903311319996,False,False,False,False,437792.0,330118.09846149874,False,False,False,False,16646.882314149567,False,False,False,False
2025-07-11 17:00:00+00:00,161.49,161.72,159.86,160.8,8981.0,,,,,,,,,,,,159.0474001152972,157.70497686282343,154.79431109982133,149.65496926117206,142.42775397576824,137.18454905313254,133.44923393524687,126.77121924420405,121.19612867027097,118.60379320953345,116.58871879810921,113.99946194627447,107.88994765753128,,,,,,,,,,,158.54723369664862,154.90035038549414,151.82283321814737,148.1792686011455,144.79219587152878,138.84734373338534,134.70738990918005,129.87096913106595,127.49048638691083,124.34971060105282,119.71747359173554,117.72138200415148,109.33209001499347,,,158.16100170405045,138.84734373338534,124.34971060105282,135.66804973268373,"rgba(0, 255, 0, 1.0)",4.367662741081602,145.36197363365358,3.5346196081347125,57.9936319778261,12.092805811592314,False,False,True,False,True,13.141261732452584,0.0,0.0,0.0,0.0,0,1.0343582197932395,0.8991611090940367,False,False,False,False,0.2984736020765579,0.29433196660427874,False,False,False,False,428811.0,331648.22096597165,False,False,False,False,16528.0314255581,False,False,False,False
2025-07-11 18:00:00+00:00,160.77,161.42,160.335,160.76,11478.0,,,,,,,,,,,,159.13435436089634,157.77197225156146,154.87029623341743,149.72557624692786,142.50968838681788,137.26756541953722,133.52981769722558,126.85090865981545,121.27494634000726,118.68175190342393,116.66595660900083,114.07549354788407,107.9643985564104,,,,,,,,,,,158.61872739646827,154.9811825772481,151.88826872719983,148.2531568981719,144.87135190431704,138.93116099384252,134.7887415712712,129.95032898165223,127.57019048714749,124.4295552821091,119.79574908034479,117.79907143649899,109.40746259315453,,,158.3265991370871,138.93116099384252,124.4295552821091,135.74573102343766,"rgba(0, 255, 0, 1.0)",4.344988051903466,145.4443647047315,3.524896987589867,57.99017290147911,12.092805811592314,False,False,True,False,True,13.080887054377971,0.0,0.0,0.0,0.0,0,1.0333652924256955,0.9041418983700868,False,False,False,False,0.30014658937361766,0.2972392779889482,False,False,False,False,417333.0,332976.6671525457,False,False,False,False,16449.73636469673,False,False,False,False
2025-07-11 19:00:00+00:00,160.74,161.3,160.28,160.99,23262.0,,,,,,,,,,,,159.2886465241246,157.90008880794875,155.01903363820296,149.86620431228778,142.67368871757412,137.4341662550196,133.69179652448608,127.01136045325198,121.43379912496255,118.83893657885167,116.82173192914485,114.22888927504029,108.11469697041878,,,,,,,,,,,158.75184051500773,155.13892579969672,152.0182789616524,148.4005031752668,145.02958422835817,139.09922601224162,134.95218485567486,130.11001806028426,127.73064905927902,124.59038724175637,119.95354685213104,117.95573264814261,109.55959680368656,,,158.60842177636252,139.09922601224162,124.59038724175637,135.89995265416295,"rgba(0, 255, 0, 1.0)",4.372126559085569,145.60472406440516,3.518945695573067,58.38803458466822,12.092805811592314,False,False,True,False,True,13.328743450795585,0.0,0.0,0.0,0.0,0,1.0318722808900478,0.9016808172183153,False,False,False,False,0.2984736020765579,0.297856440032753,False,False,False,False,440595.0,334645.1684370024,False,False,False,False,16555.352855166548,False,False,False,False
2025-07-14 14:00:00+00:00,160.71,162.19,160.62,161.67,7446.0,,,,,,,,,,,,159.3501042571406,157.94723213357506,155.07011766185255,149.9130349446312,142.72738283694213,137.488433984374,133.74444554004364,127.06336062460565,121.48519455399637,118.88976164814844,116.87208029912117,114.27844537247344,108.16320468560389,,,,,,,,,,,158.80306112736514,155.19306873832562,152.06204223530514,148.44931612006803,145.0815844098387,139.15403769873552,135.00534492940204,130.16183655498625,127.7826652376873,124.64246728058012,120.00458307785402,118.00637882706127,109.60870600903525,,,158.7077418805474,139.15403769873552,124.64246728058012,135.95138744412597,"rgba(0, 255, 0, 1.0)",4.394536688061159,145.6590382886983,3.643378778654735,59.83402872017431,12.092805811592314,False,False,True,False,True,14.064611573556636,0.0,0.0,0.0,0.0,0,1.0324372828286688,0.8980487991141325,False,False,False,False,0.31026733187681194,0.30406188595478245,False,False,False,False,448041.0,336403.24334495584,False,False,False,False,16414.12257834226,False,False,False,False
2025-07-14 15:00:00+00:00,161.42,162.82,161.38,161.6,9085.0,,,,,,,,,,,,159.43507489823088,158.01003602628666,155.13556030890717,149.97181712125013,142.79400884777561,137.55552396071548,133.80942842261365,127.1274030564023,121.54841240625397,118.95224919001804,116.9339619996322,114.33933126393285,108.22275787828626,,,,,,,,,,,158.87282854005008,155.2624199353548,152.11735984010159,148.51037538950507,145.146276707377,139.22186219489066,135.07099143830624,130.2257145829992,127.84673999550068,124.70656867161819,120.06734230192522,118.06863740777017,109.66900646519208,,,158.83777257882736,139.22186219489066,124.70656867161819,136.0159572389044,"rgba(0, 255, 0, 1.0)",4.4078506437163005,145.72796226151223,3.6008565220136175,60.589972613499214,12.092805811592314,False,False,True,False,True,13.95312015773088,0.0,0.0,0.0,0.0,0,1.034337704855626,0.8971581932733129,False,False,False,False,0.32369682459757065,0.31387935527617655,False,False,False,False,438956.0,337993.2085644139,False,False,False,False,16300.4927709261,False,False,False,False
2025-07-14 16:00:00+00:00,161.555,162.47,161.42,162.355,8106.0,,,,,,,,,,,,159.510534083941,158.06648103429202,155.1941575361854,150.02442611655113,142.85352392633305,137.61543655275747,133.8674608223394,127.18458869016965,121.60485788069306,119.00804199893386,116.98921355466933,114.39369380462223,108.27592880539211,,,,,,,,,,,158.93539596287613,155.32445343852405,152.1669336276107,148.56498687609962,145.20408623883094,139.2824308935436,135.12961621510516,130.2827582852658,127.90395532644,124.76380389939115,120.12337803805555,118.1242255541422,109.7228441025836,,,158.95039852744657,139.2824308935436,124.76380389939115,136.07365137839824,"rgba(0, 255, 0, 1.0)",4.3990991471344785,145.78938614826166,3.7656832223317767,62.454876737393135,7.884052060104629,True,False,True,False,True,14.782741786405857,0.0,0.0,0.0,0.0,0,1.0483952146811728,0.8956018428897757,False,False,False,False,0.320692121041766,0.31728573815897126,False,False,False,False,447062.0,339684.19757891906,False,False,False,False,16173.446371376856,False,False,False,False
2025-07-14 17:00:00+00:00,162.28,162.95,162.275,162.54,2032.0,,,,,,,,,,,162.58833333333334,159.5323759407687,158.082140755183,155.20976114565892,150.03809365752292,142.86877715422622,137.63071956714577,133.88223154223553,127.19910228556562,121.6191597222652,119.02216968568911,117.0031981267455,114.40744650495382,108.28936651813638,,,,,,,,,,,158.95316411215134,155.34098014955944,152.17991458932792,148.5791185538285,145.21894921467347,139.29790018425157,135.14454783347998,130.29725323758504,127.91848019190726,124.7783184979064,120.1375709103934,118.13829866601664,109.73645313774917,,,158.98178773325864,139.29790018425157,124.7783184979064,138.202720222495,"rgba(0, 255, 0, 1.0)",4.435577735409437,147.4201429976884,3.408768350875473,64.02323543203504,9.674494424032126,True,False,True,False,True,14.98666331082011,0.0,0.0,0.0,0.0,0,1.0427069772864168,0.8968465230147479,False,False,False,False,0.33367241324679997,0.3254790757028856,False,False,False,False,449094.0,341380.4735854475,False,False,False,False,15954.199140812874,False,False,False,False
2025-07-14 18:00:00+00:00,162.46,162.785,161.65,161.71,3875.0,,,,,,,,,,,162.23409260199762,159.56597001022251,158.1081621598894,155.2371708621615,150.06295733308966,142.8970048696603,137.65918283610938,133.90982798228734,127.22632476218607,121.64604639929597,119.04875202258988,117.02952714706336,114.43335730464021,108.31471899411012,,,,,,,,,,,158.98161019957374,155.36995603615213,152.20330005420308,148.60495296403462,145.24634341382384,139.32666044263433,135.17241789374808,130.32439727118518,127.9457143493548,124.80557194064387,120.16426631295079,118.16478551482892,109.76212103344615,,,159.03142811190625,139.32666044263433,124.80557194064387,138.21473410737306,"rgba(0, 255, 0, 1.0)",4.432038644863409,147.42977375013274,3.2220446151609243,62.22410334148466,9.674494424032126,True,False,True,False,True,13.612876899234525,0.0,0.0,0.0,0.0,0,1.037680540456593,0.8973443081223799,False,False,False,False,0.32597835127301455,0.3257287134879501,False,False,False,False,445219.0,342990.3732197816,False,False,False,False,15766.924735528954,False,False,False,False
2025-07-14 19:00:00+00:00,161.76,162.15,161.39,162.11,13589.0,,,,,,,,,,,161.98960821023115,159.6696262111901,158.19306661668466,155.3292930003332,150.14815333277107,142.99449445680887,137.75780492180706,134.0056133916783,127.32100366878001,121.73966778902518,119.14135627538417,117.12127852837531,114.52368589485415,108.40316495896907,,,,,,,,,,,159.07221133248012,155.467158558612,152.28308058051988,148.6936697466476,145.34077317690839,139.42621769013056,135.26910181110782,130.41872816702556,128.04041720913239,124.90040916714608,120.25724690052627,118.25707034502386,109.85165206474673,,,159.1846274891159,139.42621769013056,124.90040916714608,138.29442947932736,"rgba(0, 255, 0, 1.0)",4.43655676385777,147.5095456092984,3.290942766616582,61.91358766144266,9.674494424032126,True,False,True,False,False,14.070308193253716,0.0,0.0,0.0,0.0,0,1.0424711176917534,0.8969977985154597,False,False,False,False,0.31730642808251164,0.32151757078523086,False,False,False,False,458808.0,344785.99534040515,False,False,False,False,15733.158460559513,False,False,False,False
2025-07-15 14:00:00+00:00,161.175,162.6,160.17,161.58,20493.0,,,,,,,,,,,161.71307738794835,159.78213345791244,158.29990695697686,155.4546152425599,150.26967684413884,143.13630588758915,137.9023790905432,134.14660302905872,127.46103272784696,121.87851806576714,119.27884590232149,117.25760459153113,114.65801765972655,108.53491935520033,,,,,,,,,,,159.17913809611582,155.59884199953672,152.3956179869178,148.82091761504682,145.47749106083114,139.5718395867393,135.41123773080994,130.55797841472213,128.18042333565708,125.04085016897997,120.395234264579,118.39413168811708,109.98497023617024,,,159.3543931188238,139.5718395867393,125.04085016897997,138.41049675167898,"rgba(0, 255, 0, 1.0)",4.416552276269613,147.62194592169544,3.160395984284391,59.91571629607613,9.674494424032126,False,False,True,False,False,13.181889283898695,0.0,0.0,0.0,0.0,1,1.0463643273372183,0.890101537681979,False,False,False,False,0.30988249346046093,0.3157000321228459,False,False,False,False,438315.0,346236.0574281508,False,False,False,False,15806.954453419054,False,False,False,False
2025-07-15 15:00:00+00:00,161.53,162.0,160.34,160.735,10935.0,,,,,,,,,,,161.56532532139397,159.8226753761879,158.34678665483614,155.51481654292775,150.3310336804202,143.20935251191415,137.9774244597199,134.22008171819036,127.53435424163197,121.95142010547123,119.3511092582013,117.32930894877784,114.72873427841051,108.6043931352556,,,,,,,,,,,159.22239223342027,155.66183009484743,152.45177846313533,148.8855332503758,145.54758208212527,139.64726361820104,135.48522374606895,130.63075656032893,128.25370289796234,125.11447873730813,120.46772800065834,118.46619347204799,110.05524176020921,,,159.41862779950026,139.64726361820104,125.11447873730813,138.4686754501825,"rgba(0, 255, 0, 1.0)",4.382305579167495,147.6760729819958,2.979921591977396,56.05136661315412,10.100692525992116,False,False,True,False,False,11.773806299904209,0.0,0.0,0.0,0.0,1,1.0464415544021308,0.8873077895064254,False,False,False,False,0.30221244757833154,0.30895623985058873,False,False,False,False,427380.0,347494.10304941976,False,False,False,False,15731.420275846664,False,False,False,False
2025-07-15 16:00:00+00:00,160.79,160.79,158.645,159.01,16427.0,,,,,,,,,,,161.0571181571172,159.80674565529375,158.3753765120367,155.5781906227662,150.40878791868008,143.30856226590635,138.08176141510668,134.3234002479978,127.63885249847064,122.05612200005608,119.45519432854434,117.43279662712457,114.83103524313879,108.70535197156558,,,,,,,,,,,159.2312088608556,155.72730007167965,152.51984186414862,148.96914720620194,145.6413141491839,139.75146881352185,135.58890068414038,130.73391726627224,128.35801847515577,125.21979263666148,120.57202046168574,118.57008176367606,110.15725811693662,,,159.4220701542103,139.75146881352185,125.21979263666148,138.52947822981687,"rgba(0, 255, 0, 1.0)",4.325932584974384,147.72014867229842,2.609807505303142,49.644523549497976,4.278052370697573,False,True,False,True,False,8.980406247672065,0.0,0.0,0.0,0.0,0,1.0396552751246055,0.9033340614388696,False,False,False,False,0.27196689153755177,0.2904615656940702,False,False,False,False,410953.0,348477.9619168706,False,False,False,False,15742.204457616483,False,False,False,False
2025-07-15 17:00:00+00:00,159.2,161.385,159.07,161.37,10758.0,,,,,,,,,,,160.99530675082255,159.83054034266712,158.4116182531193,155.63027401050823,150.46523181546323,143.3773622107304,138.15311316310533,134.39361624716847,127.70932680050377,122.12642971012176,119.52497777891969,117.50210410416763,114.89946295269633,108.77271507266724,,,,,,,,,,,159.2612090331299,155.78147955146002,152.57080556956313,149.0289868068498,145.7069603083421,139.822984422273,135.65949324473476,130.8037102402737,128.42841702153513,125.29066990021413,120.64198868255066,118.63969903519451,110.22536134161669,,,159.4630284259952,139.822984422273,125.29066990021413,138.58623071824456,"rgba(0, 255, 0, 1.0)",4.343334151267092,147.77188330950764,3.130801411290298,51.01536051548909,4.278052370697573,False,True,False,False,False,11.819779294715758,0.0,0.0,0.0,0.0,0,1.0458048799968056,0.8999840261970374,False,False,False,False,0.28252882318177286,0.28649519443792154,False,False,False,False,421711.0,349613.3578561439,False,False,False,False,15664.929969901497,False,False,False,False
2025-07-15 18:00:00+00:00,161.39,161.59,159.845,159.845,16575.0,,,,,,,,,,,160.8957629060876,159.85661193303906,158.46077800068488,155.70558910937046,150.54944747644092,143.4811923557208,138.2612831453267,134.50032313970286,127.81672344555504,122.23374424484686,119.63155872120468,117.60800446414842,115.00407357085412,108.87579823900464,,,,,,,,,,,159.299056054393,155.85958544337183,152.64633454583353,149.11855998166646,145.80576332601566,139.931259962072,135.7666935627636,130.90995371561485,128.53567257467324,125.39875864796633,120.74882448080393,118.74604683740402,110.32955276086443,,,159.5117013249796,139.931259962072,125.39875864796633,138.67086406582243,"rgba(0, 255, 0, 1.0)",4.333189426232961,147.84750842405498,2.7687438502717354,49.00787598242475,4.177823952246882,False,True,False,False,False,9.4256061218675,0.0,0.0,0.0,0.0,0,1.049795918367347,0.8875460428073674,False,False,False,False,0.2927347099651568,0.2896149522015392,False,False,False,False,405136.0,350474.17401341296,False,False,False,False,15679.03958277124,False,False,False,False
2025-07-15 19:00:00+00:00,159.74,160.96,159.74,160.46,43514.0,,,,,,,,,,,160.73546526240128,159.911203050407,158.57670108956265,155.89091869244814,150.76303959246567,143.7472226383075,138.53981924804395,134.77591426060508,128.09500129787872,122.51234189902632,119.90846638763824,117.88329445223162,115.27619181544482,109.1442641528334,,,,,,,,,,,159.38449444236835,156.05097339915292,152.8368934210278,149.34634168745941,146.05825358432466,140.20962739453418,136.04330847453951,131.18490665481391,128.81350764961627,125.67906201789597,121.02630690607664,119.02241518546732,110.60082059906819,,,159.61413962206618,140.20962739453418,125.67906201789597,138.89086682014948,"rgba(0, 255, 0, 1.0)",4.344722956366854,148.042534677594,2.8580568766091683,48.9323633714584,4.037968199437074,False,True,False,False,False,10.161389174619934,0.0,0.0,0.0,0.0,0,1.0467440425235413,0.893332802452669,False,False,False,False,0.2850748479482934,0.2873449000749163,False,False,False,False,448650.0,351996.27984266233,False,False,False,False,16110.589356681763,False,False,False,False
2025-07-16 14:00:00+00:00,157.65,159.76,157.65,158.225,16141.0,,,,,,,,,,,160.50638317815543,159.86092997250609,158.57600874172311,155.92933210966174,150.82521512279646,143.8330990595757,138.6328039017217,134.8694110574053,128.19120152955526,122.60967770296332,120.00559771794728,117.9801255341735,115.37221582590885,109.23958465741637,,,,,,,,,,,159.36072469056106,156.08948052726544,152.8885487419647,149.4148036646639,146.13794842620527,140.30171786879572,136.1366980481003,131.27924716876885,128.90939895924737,125.77644186878686,121.12348051347817,119.11947735770467,110.69700345940798,,,159.5696411869012,140.30171786879572,125.77644186878686,138.94919877158543,"rgba(0, 255, 0, 1.0)",4.300780609012794,148.08252933481276,2.358285992066763,45.30942705878179,0.5319217141291688,False,True,False,True,False,6.759425570052244,0.0,0.0,0.0,0.0,0,1.0351687388987567,0.8941188079731599,False,False,False,False,0.25117016753191057,0.26925753380341344,False,False,False,False,432509.0,353244.53906990786,False,False,False,False,16111.060839523905,False,False,False,False
2025-07-16 15:00:00+00:00,158.205,159.255,156.28,159.225,14209.0,,,,,,,,,,,160.31644568115115,159.8104887884389,158.56992208637004,155.95856957892696,150.8770949477373,143.90639329332205,138.71275772346348,134.95010360892792,128.2745764698864,122.69423675678544,120.09005554946881,118.06437536083038,115.45582548726627,109.3226972544201,,,,,,,,,,,159.33379391711293,156.11849654469933,152.9309483994772,149.4723346667039,146.20563741023665,140.38073943511438,136.21720836369235,131.36087612177988,128.99247631402147,125.86093070199601,121.20794377863089,119.20389874664399,110.78084068755352,,,159.5231175853606,140.38073943511438,125.86093070199601,138.99864518930738,"rgba(0, 255, 0, 1.0)",4.231620264517686,149.28032941614137,2.350085773821698,44.950010220079704,0.07435626259935901,False,True,False,True,False,7.981722121998125,0.0,0.0,0.0,0.0,0,1.035153489832771,0.8949320876187492,False,False,False,False,0.22287124955091409,0.24606439167716376,False,False,False,False,446718.0,354693.74001456046,False,False,False,False,16081.57152418245,False,False,False,False
2025-07-16 16:00:00+00:00,159.21,161.7,159.04,161.21,13830.0,,,,,,,,,,,160.34173961040622,159.83536753871135,158.60742368661187,156.0153216468899,150.94308215001476,143.98881886058527,138.79942398469183,135.03613360342345,128.36173684917804,122.78167725257818,120.17704323921136,118.15091021927508,115.54143224983233,109.40727183304892,,,,,,,,,,,159.36422869193655,156.1768786078884,152.9898740837234,149.54270488385438,146.28376106111637,140.46721270984102,136.30347208188394,131.44689330302938,129.07947342061462,125.94879815563387,121.2950807237658,119.29074103631473,110.8662636707148,,,159.5605945212617,140.46721270984102,125.94879815563387,139.07076918604048,"rgba(0, 255, 0, 1.0)",4.219447294194133,149.4003171760312,2.7988696150367085,48.092219428909935,0.07435626259935901,False,True,False,False,True,10.328027078748217,0.0,0.0,0.0,0.0,0,1.0454092413188214,0.8989754016664678,False,False,False,False,0.2806493901214099,0.2633568908992868,False,False,False,False,460548.0,356334.8913321642,False,False,False,False,16046.663438536209,False,False,False,False
2025-07-16 17:00:00+00:00,161.15,161.74,160.085,160.445,12291.0,,,,,,,,,,,160.36793725075214,159.8590091870367,158.64131725924466,156.06575280118406,151.00161915036523,144.06185863088547,138.87624653582827,135.11242462467192,128.43905970511378,122.8592678905276,120.25424132186613,118.2277131514461,115.61742024006651,109.48235736423291,,,,,,,,,,,159.39226706575315,156.22872316407074,153.0422113454655,149.60509830199265,146.35299553308374,140.54384925036058,136.37996040587575,131.5231932584271,129.15664905916128,126.02675494572337,121.37240760607433,119.36781292810248,110.9420976948274,,,159.59493115975033,140.54384925036058,126.02675494572337,139.13503162452318,"rgba(0, 255, 0, 1.0)",4.222779961543978,149.47484566183897,2.5978512823457653,48.861908829562516,0.07435626259935901,False,True,False,False,True,9.169198402415471,0.0,0.0,0.0,0.0,0,1.050232854356566,0.8928471918162645,False,False,False,False,0.29291462574616856,0.2781357583227277,False,False,False,False,448257.0,357760.0403037585,False,False,False,False,15988.436098403863,False,False,False,False
2025-07-16 18:00:00+00:00,160.53,160.915,160.33,160.76,8797.0,,,,,,,,,,,160.38092509313594,159.87360549085054,158.66394087239757,156.1005266242968,151.0427131950582,144.113471145444,138.93068062276427,135.16656373992623,128.4940248576667,122.91447822005699,120.30919386205271,118.28239946520175,115.67154413845039,109.53587106768002,,,,,,,,,,,159.4103964554825,156.2644048537019,153.07881553930085,149.64897997631644,146.4018417812491,140.59810742347847,136.43421470329585,131.5773954591238,129.21150149164353,126.08219529562366,121.42744301411797,119.42268232552865,110.99613676020029,,,159.6165422783095,140.59810742347847,126.08219529562366,139.1800818258466,"rgba(0, 255, 0, 1.0)",4.205401315598671,149.51995737435297,2.6727633778863065,49.91659880432163,0.07435626259935901,False,True,False,False,True,9.542713850235394,0.0,0.0,0.0,0.0,0,1.0518237990831178,0.8942794498704412,False,False,False,False,0.28634765189727474,0.28224170511000124,False,False,False,False,457054.0,359299.48153935914,False,False,False,False,15876.940965095277,False,False,False,False
2025-07-16 19:00:00+00:00,160.74,161.05,159.745,160.12,29168.0,,,,,,,,,,,160.37140549102884,159.89794678397305,158.72250337470246,156.20327838792545,151.17145261750218,144.27862357563063,139.10625227192725,135.34190748242096,128.67289468070035,123.09463903551627,120.48870353982737,118.46117183515678,115.8486331034255,109.71125222429009,,,,,,,,,,,159.45064236274447,156.36928570347973,153.19201671718758,149.78730277737597,146.5573771912364,140.77271597180962,136.60971173572742,131.75345213189732,129.3899309492248,126.26283678271255,121.60714530573608,119.60197946679077,111.17317098621007,,,159.6596246132854,140.77271597180962,126.26283678271255,139.3205523710264,"rgba(0, 255, 0, 1.0)",4.197028095909256,149.63891815843166,2.4972627302123622,49.41173250330793,0.07435626259935901,False,True,False,False,True,8.559789472406493,0.0,0.0,0.0,0.0,1,1.0541850308118785,0.8909119917037278,False,False,False,False,0.2807491323352139,0.2814954187226076,False,False,False,False,427886.0,360362.8384147179,False,False,False,False,16083.003895868993,False,False,False,False
2025-07-17 14:00:00+00:00,160.055,160.505,158.545,158.76,26891.0,,,,,,,,,,,160.2572820152201,159.866896310353,158.7399422661061,156.2708518086969,151.2739165339865,144.4182842199665,139.2578027014057,135.4947965934739,128.83069039163752,123.25462689680916,120.64851308080947,118.62060251091278,116.0068850540846,109.86858633725166,,,,,,,,,,,159.44344850302355,156.4370788280948,153.2785482250801,149.89944377599403,146.6871533804826,140.9225886444261,136.76226976617417,131.90804891044036,129.5471797283466,126.422682905043,121.76696172769768,119.76172408513845,111.33184793332497,,,159.63837216047966,140.9225886444261,126.422682905043,139.43112875453616,"rgba(0, 255, 0, 1.0)",4.175348695587423,149.707124024463,2.1681724415266697,46.77198906289839,0.07435626259935901,False,True,False,True,False,6.505029074016058,0.0,0.0,0.0,0.0,1,1.0483527421120735,0.8944759629740224,False,False,False,False,0.25870592019262983,0.2701006694576187,False,False,False,False,400995.0,360992.79440828814,False,False,False,False,16250.56972694079,False,False,False,False
2025-07-17 15:00:00+00:00,158.805,160.295,158.75,159.73,20477.0,,,,,,,,,,,160.20860448615844,159.85690902083093,158.760111430545,156.3256516258007,151.3532880995553,144.5251661531928,139.37351691355056,135.6114723303032,128.95101990456058,123.37658845507582,120.77033073568174,118.74212714042329,116.12750974643001,109.98850073910623,,,,,,,,,,,159.44781093733602,156.49223849682033,153.3462554766903,149.98594493256672,146.78669344278092,141.0370675424023,136.87870989970475,132.02598172346606,129.667100090652,126.54455011103565,121.8887883078312,119.88348980256565,111.45278314878026,,,159.63650957659652,141.0370675424023,126.54455011103565,139.5186770722384,"rgba(0, 255, 0, 1.0)",4.168545126118027,149.76965259420268,2.3894061607707524,47.01645658828325,0.07435626259935901,False,True,False,True,False,7.70930393534049,0.0,0.0,0.0,0.0,1,1.0438008331680224,0.8975798452687962,False,False,False,False,0.2586481299140626,0.26437439968584064,False,False,False,False,421472.0,361930.4565104852,False,False,False,False,16316.095777685892,False,False,False,False
2025-07-17 16:00:00+00:00,159.73,160.21,159.44,160.005,13621.0,,,,,,,,,,,160.19359266247307,159.8575710904164,158.7775557231687,156.36429779055305,151.4071014404502,144.59680043349292,139.45086786303239,135.68940130308354,129.0313025958059,123.45791652840266,120.85154993782835,118.82314267720015,116.2079174444087,110.06841603771585,,,,,,,,,,,159.4562059031674,156.53124642069224,153.39257254009735,150.04436530136584,146.85355730216034,141.11363444860822,136.9565003983004,132.10470286135092,129.74711732567488,126.62583479016114,121.97001897304979,119.9646703793812,111.53338050273551,,,159.64293097702182,141.11363444860822,126.62583479016114,139.57877776537305,"rgba(0, 255, 0, 1.0)",4.173211898473819,149.81576430360093,2.4415811955595546,47.73479105230737,0.07435626259935901,False,True,False,True,False,8.049832452430913,0.0,0.0,0.0,0.0,1,1.0478365482647527,0.9115859875209008,False,False,False,False,0.26565315989363447,0.26501377978973756,False,False,False,False,435093.0,363064.75951032265,False,False,False,False,16274.311347024095,False,False,False,False
2025-07-17 17:00:00+00:00,159.945,161.405,159.78,161.405,11582.0,,,,,,,,,,,160.21900815845086,159.8773311925651,158.8047011814826,156.40545432035188,151.45754705850018,144.66105220632483,139.51930935269866,135.75793556328745,129.10139447340245,123.52863530794286,120.92207044333111,118.89341533646974,116.27758264227002,110.13749783478465,,,,,,,,,,,159.47881191192855,156.57318812406743,153.43730039660406,150.09838560824093,146.91410547277798,141.18161972352857,137.02503812960677,132.17363568899705,129.81702161796846,126.69666433449154,122.04059228093817,120.03512518691862,111.60308448731018,,,159.6691706347217,141.18161972352857,126.69666433449154,139.63587702852584,"rgba(0, 255, 0, 1.0)",4.050967733343548,149.86689542357846,2.8482341346368463,50.81970712684256,-3.30033866844407,False,True,False,False,True,9.764776238678088,0.0,0.0,0.0,0.0,1,1.0558368380221306,0.8944306071618151,False,False,False,False,0.2835429191096821,0.27427834944970986,False,False,False,False,446675.0,364361.0423086122,False,False,False,False,16201.562333891938,False,False,False,False
2025-07-17 18:00:00+00:00,161.425,162.165,161.205,161.99,21068.0,,,,,,,,,,,160.32023452241936,159.94321304800712,158.87366319427286,156.49353322736334,151.5568162231163,144.78322282125754,139.64802858109195,135.8861993398913,129.2317889411497,123.65975611788242,121.05266477763423,119.0234418473916,116.40636278003866,110.26495767755785,,,,,,,,,,,159.5443402340707,156.66341467785708,153.52725064068966,150.2035902447624,147.03011521429474,141.30984002164047,137.1534980671098,132.30219130297488,129.94713545356217,126.82821841302798,122.17135031957274,120.1655484361924,111.73174150207629,,,159.74887015218238,141.30984002164047,126.82821841302798,139.74901673789086,"rgba(0, 255, 0, 1.0)",3.8444127200622242,149.97687168464907,3.124827949054466,53.843051851712744,-0.40879416998855334,False,True,True,False,True,10.469573986627672,0.0,0.0,0.0,0.0,1,1.0640519129598167,0.8878630938977712,False,False,False,False,0.30931968272806243,0.29179901608888614,False,False,False,False,467743.0,365963.8633580911,False,False,False,False,16277.010979878109,False,False,False,False
2025-07-17 19:00:00+00:00,162.08,162.45,160.74,162.42,13343.0,,,,,,,,,,,160.38112246870975,159.98441890694144,158.91691590269645,156.54869523901064,151.6192096141636,144.86007446940002,139.72908743200622,135.96704013851294,129.31404495816676,123.74251551795045,121.13511158278541,119.105544287944,116.48769591432679,110.34548701265034,,,,,,,,,,,159.58542270974297,156.7198636042803,153.5837879391964,150.2697178753787,147.10306587146536,141.39055081605903,137.23444140183983,132.38326222083143,130.0292083383111,126.91122399801841,122.25389253744031,120.24789334168335,111.81301831156095,,,159.79825564892883,141.39055081605903,126.91122399801841,139.82015228347444,"rgba(0, 255, 0, 1.0)",3.6871432360646623,150.04485113278636,3.356297294384958,56.56475117227073,2.1264569144763072,False,False,True,False,True,10.988288387238196,0.0,0.0,0.0,0.0,0,1.0618497700562086,0.8859478794072563,False,False,False,False,0.30718150350603984,0.299490259797463,False,False,False,False,481086.0,367748.7026858726,False,False,False,False,16231.522437554417,False,False,False,False
2025-07-18 14:00:00+00:00,159.21,159.21,154.905,155.805,65641.0,,,,,,,,,,,159.77515879635226,159.66605502059284,158.76594397625266,156.55308229409215,151.764321373575,145.11508175334654,140.02720142409814,136.27868180137526,129.64869197954854,124.08934733221328,121.48444875287,119.4560677909942,116.83798778807035,110.69817600961576,,,,,,,,,,,159.3499236463162,156.71581965054872,153.68239054343803,150.44253296622756,147.32825704342312,141.67946832585827,137.54212255262743,132.70609763381128,130.36157607555725,127.25366695241222,122.60205776833357,120.59798765366062,112.16767563584767,,,159.47368754719656,141.67946832585827,127.25366695241222,139.9889588358238,"rgba(0, 255, 255, 0.75)",3.5232999695867315,150.06023854433977,1.6305059192374345,48.508624065692906,3.6943261349329433,False,True,False,True,False,1.353778556782693,0.0,0.0,0.0,0.0,0,1.036304091698784,0.890568524472313,False,False,False,False,0.2024184158235057,0.2509543378104844,False,False,False,False,415445.0,368488.18016361096,True,False,False,False,16997.560849375277,False,False,False,False
2025-07-18 15:00:00+00:00,155.57,161.03,154.535,160.94,19308.0,,,,,,,,,,,159.73240306745333,159.64341891579247,158.76726504122874,156.58488372963086,151.8239256189026,145.2018912109079,140.12422320355188,136.37825940610682,129.75345095721696,124.19676459904383,121.59223433499757,119.56394301554965,116.94548248766546,110.80580513203965,,,,,,,,,,,159.33809184329215,156.74692008735894,153.73082921224534,150.50897194810673,147.40762608169635,141.7745446594222,137.64096658603628,132.80798848266053,130.46580067764864,127.36031054371874,122.70964892104185,120.70588151213673,112.27602713579361,,,159.4549472952635,141.7745446594222,127.36031054371874,140.0602290457365,"rgba(0, 255, 0, 1.0)",3.2421136123970022,151.21982928450004,2.9980968829508465,49.769882723856284,3.6943261349329433,False,True,False,False,False,7.357169374957234,0.0,0.0,0.0,0.0,1,1.0349791813968103,0.8866368135753008,False,False,False,False,0.21881084356389482,0.23488259068718959,False,False,False,False,434753.0,369515.54171146196,False,False,False,False,17033.381611400466,False,False,False,False
2025-07-18 16:00:00+00:00,160.89,161.475,159.41,160.655,19953.0,,,,,,,,,,,159.76745654469187,159.66723464334862,158.80111458130915,156.6406573480992,151.89896863176224,145.3013566222977,140.2323395633008,136.48786588381608,129.8671245948046,124.31241950769218,121.70795913631275,119.67954050720884,117.06041912219396,110.9203941840791,,,,,,,,,,,159.36535111009326,156.80318794901862,153.79608622815226,150.59015308279672,147.5003828047583,141.8812535222858,137.7501658498558,132.9191877377859,130.5790330418378,127.47559890720143,122.82529937819164,120.82162152200883,112.39148810811974,,,159.4860952128104,141.8812535222858,127.47559890720143,140.14927111283296,"rgba(0, 255, 0, 1.0)",3.0415905822915414,151.3318008740597,3.065238030463714,50.29619154294977,3.6943261349329433,False,True,False,False,False,6.978704538729598,0.0,0.0,0.0,0.0,1,1.0457441212569893,0.8848019638021395,False,False,False,False,0.2800329565782448,0.25745777363271716,False,False,False,False,414800.0,370217.6263360905,False,False,False,False,17078.6470127741,False,False,False,False
2025-07-18 17:00:00+00:00,160.68,161.185,160.08,160.655,8973.0,,,,,,,,,,,159.78472112640236,159.6790653488643,158.81700758097483,156.66602975754898,151.93278514397684,145.3460358358073,140.28088869031038,136.53709097337153,129.9181811461408,124.36437167500088,121.75994648487571,119.73147361005789,117.1120595608868,110.971884802039,,,,,,,,,,,159.37850943263808,156.82879292973993,153.82557088566494,150.62669343455914,147.5420713767794,141.92916962698604,137.79920571553413,132.96913256980088,130.6298909856294,127.52738168343238,122.87725185798315,120.87361689455464,112.44336791136891,,,159.50116733118568,141.92916962698604,127.52738168343238,140.18947777310083,"rgba(0, 255, 0, 1.0)",2.937101784396699,151.3721228023639,3.160556861512676,50.647064089012105,3.6943261349329433,False,True,False,False,False,6.978704538729598,0.0,0.0,0.0,0.0,1,1.0481474296799227,0.886420950533463,False,False,False,False,0.2844800562424947,0.27096891493760594,False,False,False,False,414800.0,370908.82592777896,False,False,False,False,16952.97806683962,False,False,False,False
2025-07-18 18:00:00+00:00,160.65,161.26,160.175,160.64,9825.0,,,,,,,,,,,159.80395365869802,159.6923726724441,158.83458187266743,156.69380105556337,151.96973169219973,145.3948240877669,140.33391761898923,136.59087548066262,129.9739853247778,124.42116739653952,121.81678653496367,119.78825863711616,117.16853010223849,111.02820087231868,,,,,,,,,,,159.39318652941097,156.85681481880732,153.85780772537882,150.66660467588244,147.5875948576354,141.9814995684155,137.85278246975986,133.02371545616595,130.6854764962976,127.58398434360498,122.93405143002107,120.93046755163145,112.50010672790438,,,159.51795386592954,141.9814995684155,127.58398434360498,140.23347088230554,"rgba(0, 255, 0, 1.0)",2.78001596502254,151.41353458645833,3.3188533913570004,50.860430435569356,3.6943261349329433,False,True,False,False,True,6.95806452106207,0.0,0.0,0.0,0.0,0,1.0483126315992817,0.8866072980856534,False,False,False,False,0.2864730917427618,0.2787210033401839,False,False,False,False,404975.0,371436.9836653328,False,False,False,False,16842.466778981638,False,False,False,False
2025-07-18 19:00:00+00:00,160.71,161.08,159.905,160.15,33671.0,,,,,,,,,,,159.84286803276544,159.72193529504622,158.88263514340113,156.77889904182194,152.0895544275037,145.55631986504835,140.51081458405798,136.7710227777941,130.16176931601652,124.61280058029047,122.0087688323131,119.98019473124366,117.3595682223,111.2190245891715,,,,,,,,,,,159.4295297330008,156.94223796473804,153.96106397029448,150.79681351566086,147.73757018724191,142.15567814023132,138.0320135747444,133.20705539912154,130.8724495637712,127.77468660296799,123.12581529266362,121.12254776605222,112.69228886720296,,,159.5576136374526,142.15567814023132,127.77468660296799,140.37738450240363,"rgba(0, 255, 0, 1.0)",2.6475945448441247,151.52740743554534,3.256764741884718,50.28028856055768,3.6943261349329433,False,True,False,False,True,6.275961653046661,0.0,0.0,0.0,0.0,0,1.0470558824660594,0.8878120072304914,False,False,False,False,0.2812021930728573,0.2799615982065206,False,False,False,False,371304.0,371434.92190307955,False,False,False,False,17103.374270780372,False,False,False,False
2025-07-21 14:00:00+00:00,157.34,160.96,157.19,160.88,17343.0,,,,,,,,,,,159.83726378978474,159.72095224798707,158.8951649315349,156.81296595273636,152.14483648269606,145.63427717686352,140.5975414491712,136.86002475497267,130.25536438572547,124.70878986013737,122.10511491905882,120.07664433380326,117.45571483232463,111.31534324525832,,,,,,,,,,,159.434138165664,156.975981283042,154.0073059080726,150.85771517037006,147.80924208360818,142.2407068735452,138.12035828669178,133.29811914840477,130.9655700123316,127.86995389503932,123.22197715724684,121.21899955013295,112.78922812378308,,,159.56037471148778,142.2407068735452,127.86995389503932,140.44498890603782,"rgba(0, 255, 0, 1.0)",2.553246604862086,151.5686237995638,3.6468769537203225,51.015210584275074,3.6943261349329433,False,True,False,False,True,7.134594180240146,0.0,0.0,0.0,0.0,1,1.0360906816286302,0.8898703465008723,False,False,False,False,0.24833046001001427,0.26414602910826745,False,False,False,False,388647.0,371701.7758270628,False,False,False,False,17107.089398365173,False,False,False,False
2025-07-21 15:00:00+00:00,160.89,163.84,160.83,162.58,27536.0,,,,,,,,,,,159.9683412842535,159.81079971531247,158.98123727721816,156.9156467065935,152.26230912874647,145.78010876203646,140.75318474059864,137.01672386059167,130.41648118271067,124.8719778049324,122.26816038151797,120.23935053370855,117.61732413777443,111.47610712423715,,,,,,,,,,,159.5199022390561,157.08053142849303,154.1139582527316,150.98222819406135,147.94715594199647,142.3949779246598,138.27679601366503,133.45630896206964,131.12618198009076,128.03297928954981,123.3850189315173,121.38199185751327,112.95126890912978,,,159.66181544479093,142.3949779246598,128.03297928954981,140.58398706125598,"rgba(0, 255, 0, 1.0)",2.473904840970398,151.71449192392814,4.392047703746698,53.84417941443506,-0.6059757269790254,False,True,True,False,True,9.091369396069428,0.0,0.0,0.0,0.0,0,1.0493271861763935,0.880317852992991,False,False,False,False,0.32484513960875705,0.29449558435851225,False,False,False,False,416183.0,372391.407209589,False,False,False,False,17268.77793482463,False,False,False,False
2025-07-21 16:00:00+00:00,162.34,163.48,161.16,162.47,11869.0,,,,,,,,,,,160.01981949548667,159.8470452652505,159.0165668722373,156.95838862336558,152.31189050259366,145.8420145135492,140.81944677596795,137.08355268522962,130.48533093532632,124.9417959423667,122.33795152139531,120.3090205124676,117.68655357586927,111.54502736076338,,,,,,,,,,,159.55479569554183,157.12398384452916,154.15884570058444,151.03485858040713,148.0056126883851,142.46059574145582,138.34347751965208,133.52385654954483,131.19480417053197,128.10268075965047,123.45479464208074,121.4517708333483,113.02072279549432,,,159.70264770680814,142.46059574145582,128.10268075965047,140.6427781578727,"rgba(0, 255, 0, 1.0)",2.4387916757797274,151.77259187450596,4.386355846517261,55.519204195229904,1.1537189000651367,False,False,True,False,True,8.93158454620082,0.0,0.0,0.0,0.0,1,1.0581064379611254,0.8820456162690541,False,False,False,False,0.32448517505961344,0.30949037970906285,False,False,False,False,404314.0,372886.33112882014,False,False,False,False,17185.06044746301,False,False,False,False
2025-07-21 17:00:00+00:00,162.56,164.45,162.53,163.76,14858.0,,,,,,,,,,,160.11285117532807,159.91207575132253,159.07535695943142,157.0227138154633,152.38066148075427,145.92448793341157,140.90645069085318,137.17069576813392,130.57435719198654,125.0316446789516,122.42760709910324,120.39841121810441,117.77525457192984,111.63308905549461,,,,,,,,,,,159.61555500864554,157.18969958225807,154.22253368867337,151.10702151723225,148.08423449003345,142.54708857515232,138.43061088871264,133.6114996115432,131.28360168181237,128.19260445637394,123.54449588602442,121.54136147430616,113.10951782179673,,,159.77447442954536,142.54708857515232,128.19260445637394,140.72331500782167,"rgba(0, 255, 0, 1.0)",2.486673948136145,151.86016226725778,4.78544352051526,58.323002535249756,3.9059455194891584,True,False,True,False,True,10.400458596403194,0.0,0.0,0.0,0.0,0,1.0650909773025703,0.8772838116676052,False,False,False,False,0.3428282520196067,0.3261593158643348,False,False,False,False,419172.0,373603.9383981408,False,False,False,False,17148.981990913195,False,False,False,False
2025-07-21 18:00:00+00:00,163.69,164.345,163.135,163.315,12967.0,,,,,,,,,,,160.190566711374,159.96728044544383,159.1256444839241,157.07799365595554,152.44009465782096,145.99591473604625,140.98190069034678,137.24633341522022,130.65170538966427,125.1097545775749,122.50556885299315,120.47615675551346,117.85241760785983,111.70972682794454,,,,,,,,,,,159.6673402922267,157.24612936404466,154.27752400195038,151.1694167012397,148.15228456054604,142.62206175249017,138.50621952446662,133.68761811515728,131.36074458411983,128.27075219506398,123.62248931174236,121.61927292843872,113.1867853419269,,,159.83531127816656,142.62206175249017,128.27075219506398,140.79292741244896,"rgba(0, 255, 0, 1.0)",2.523090042066486,151.93365248486057,4.510876475029706,59.22090936584013,4.857738046469585,True,False,True,False,True,9.73731195332724,0.0,0.0,0.0,0.0,0,1.060443878887683,0.8777274598600251,False,False,False,False,0.34282825203882517,0.33449378395157997,False,False,False,False,406205.0,374109.38121367345,False,False,False,False,17084.145060821516,False,False,False,False
2025-07-21 19:00:00+00:00,163.33,164.29,162.61,163.06,42882.0,,,,,,,,,,,160.40547275274028,160.12548909576762,159.2743938291249,157.24683572127543,152.62744022576936,146.22439575928917,141.22485305379303,137.49080370246878,130.902796826111,125.36397472783642,122.75956736552608,120.7296342451956,118.10421465985945,111.96021580075256,,,,,,,,,,,159.81792510561604,157.41799075610035,154.44957524457084,151.36686811745946,148.3691564405672,142.86299992073413,138.75031659542248,133.93429658354933,131.61107433650085,128.52473165076256,123.87648421714847,121.87318886181532,113.43923247382659,,,160.00949006738048,142.86299992073413,128.52473165076256,141.01337919180017,"rgba(0, 255, 0, 1.0)",2.5531764794369116,152.15007309919957,4.273079823767823,59.2389558357741,5.082993567874617,True,False,True,False,True,9.35430143600653,0.0,0.0,0.0,0.0,0,1.0637705010005052,0.8761805023095772,False,False,False,False,0.3359517341936881,0.33522275907263405,False,False,False,False,363323.0,373942.1504971824,False,False,False,False,17484.111804064592,False,False,False,False
2025-07-22 14:00:00+00:00,154.165,157.99,153.43,157.45,19501.0,,,,,,,,,,,160.28084086117352,160.04491145486577,159.22702643112646,157.23520876497386,152.65589776199982,146.28440588736507,141.2989989969527,137.570621044456,130.99122421344882,125.4572623624216,122.85419349547261,120.82505264852033,118.20014146670889,112.05784335707519,,,,,,,,,,156.29,159.75300093362574,157.40366071170706,154.46536330223978,151.40298321617973,148.42032716901306,142.9337043127693,138.82843164819346,134.01860945198402,131.69866941278127,128.61592744524629,123.97052319563576,121.96822699376429,113.53713456427842,,,159.92682248612874,142.9337043127693,128.61592744524629,142.57980286863668,"rgba(0, 255, 255, 0.75)",2.5658318514869207,153.0170813047098,1.7276731102707625,51.071134609547485,5.74502671641217,False,True,False,False,False,1.5834671793100057,0.0,0.0,0.0,0.0,1,1.0435695918293435,0.8823476150809464,False,False,False,False,0.16132906703688327,0.24827591305475866,False,False,False,False,343822.0,373475.1714197067,False,False,False,False,17515.3813884977,False,False,False,False
2025-07-22 15:00:00+00:00,157.43,158.505,156.78,157.36,10712.0,,,,,,,,,,,160.23612934039048,160.0164295154842,159.21251739919867,157.23728497011422,152.67669002407683,146.32117374120963,141.3428107613505,137.61710528270726,131.0419391945603,125.51034822172079,122.90789284302744,120.87910087244147,118.25436375573167,112.11280833197695,,,,,,,,,,156.73614128575997,159.7309373680375,157.40466329825836,154.47982275790076,151.4276470812667,148.45260477653957,142.9758559523736,138.87411616829547,134.06725434544927,131.7489703538007,128.66803351483594,124.02394963695195,122.02211472856668,113.59229980753416,,,159.8981347243506,142.9758559523736,128.66803351483594,142.62446133737274,"rgba(0, 255, 255, 0.75)",2.578969689172858,153.03859051982897,1.67563407135546,45.540049511678085,0.9115695409928577,False,True,False,True,False,1.4681498521135268,0.0,0.0,0.0,0.0,0,1.055407969639469,0.8819011475557967,False,False,False,False,0.20363851375176603,0.22595721340326236,False,False,False,False,333110.0,372849.35480854847,False,False,False,False,17409.902607280677,False,False,False,False
2025-07-22 16:00:00+00:00,157.385,158.16,156.51,157.76,10287.0,,,,,,,,,,,160.1934390117233,159.98890602004752,159.19822820107376,157.23879959684083,152.696200374133,146.35603363998172,141.38447740099525,137.66138230937202,131.09032887607287,125.5610491683455,122.95919905915012,120.93075403801943,118.30619957814969,112.16538462298232,,,,,,,,,,156.92423473251026,159.70947869232612,157.40513931893855,154.49326009642687,151.45087161680414,148.483145081475,143.01590903069857,138.9176111897531,134.11363829631654,131.79695800316927,128.71777218038474,124.07498725028998,122.07360695375664,113.64506018619375,,,159.87040848465554,143.01590903069857,128.71777218038474,142.6574164055442,"rgba(0, 255, 255, 0.75)",2.5872520554079914,153.04742373168833,1.8214600539059287,42.63359935409924,-1.4726145316326438,False,True,False,True,False,1.9668859106453596,0.0,0.0,0.0,0.0,0,1.0663257879030499,0.8817235606667154,False,False,False,False,0.19686173222268216,0.21140947281297226,False,False,False,False,343397.0,372392.72915260197,False,False,False,False,17299.470008718185,False,False,False,False
2025-07-22 17:00:00+00:00,157.8,158.16,157.155,157.34,14700.0,,,,,,,,,,,160.13630002756352,159.9517385276131,159.17908462014628,157.24160305495516,152.7242398718171,146.40580501049007,141.4439221681002,137.7245502832854,131.15936617137328,125.63339132607634,123.03241000892292,121.00446421876806,118.38017638705792,112.24042836573074,,,,,,,,,,157.09132258454105,159.6805205104773,157.40651063226554,154.51273158494394,151.48416062522867,148.52679074882352,143.07305677305155,138.97966299390222,134.17981405980024,131.8654212983174,128.78873538419734,124.14781286005619,122.14708502037509,113.7203629731972,,,159.83307962459597,143.07305677305155,128.78873538419734,142.70082001460366,"rgba(0, 255, 255, 0.75)",2.5995174968118366,153.0569956901567,1.647615111302837,40.198575917200614,-3.5656367750419875,False,True,False,True,False,1.4115985553848596,0.0,0.0,0.0,0.0,0,1.0650110234498846,0.8824590492502234,False,False,False,False,0.20396955601791655,0.20768951441544442,False,False,False,False,328697.0,371715.2759874453,False,False,False,False,17259.168148117904,False,False,False,False
2025-07-22 18:00:00+00:00,157.34,157.675,156.19,157.45,26848.0,,,,,,,,,,,160.02110470542164,159.87459906862483,159.13595845350466,157.2394034771643,152.76996203770548,146.4919767116527,141.54839145621764,137.83631446655443,131.28241184405906,125.76283844365798,123.16360546226021,121.13668903184197,118.51303740049491,112.37550445643153,,,,,,,,,,157.09579815067602,159.6189034632401,157.40144358828306,154.54252756952107,151.53962365192254,148.60153796601176,143.17309512075005,139.08923367807236,134.29742604513837,131.98736922833936,128.91544591788792,124.27823892602184,122.27881915275078,113.85583620688988,,,159.75515787694962,143.17309512075005,128.91544591788792,142.7633087046912,"rgba(0, 255, 255, 0.75)",2.6099713384253924,153.05360290331393,1.6844618298906013,38.82959274890711,-4.828272354983298,False,True,False,True,False,1.5532118401724126,0.0,0.0,0.0,0.0,0,1.0673474616595298,0.8830386881885732,False,False,False,False,0.1796697954126338,0.1936796549140391,False,False,False,False,355545.0,371464.57403415156,False,False,False,False,17407.832207837007,False,False,False,False
2025-07-22 19:00:00+00:00,157.4,157.445,156.125,156.945,26591.0,,,,,,,,,,,159.90565624398943,159.7952412822166,159.08959632686623,157.23310768227208,152.81158704467828,146.57385582712695,141.64874569068402,137.9442309521125,131.40188799178506,125.88891914207663,123.29153987590288,121.26573298483648,118.64282795984317,112.50769538994543,,,,,,,,,,157.0327798335159,159.5545426048146,157.3922242653284,154.5683691756728,151.5909064271932,148.67201496947743,143.26890996867547,139.1948703824941,134.4113806062467,132.1057237906326,129.03865402201566,124.40536180752386,122.40732570064189,113.98835907463645,,,159.67491263283026,143.26890996867547,129.03865402201566,142.8197265839512,"rgba(38, 166, 154, 1.0)",2.625842564051737,153.04555278226945,1.4850270427917813,37.22588345584498,-6.457233658038199,False,True,False,True,False,0.8692481835885459,0.0,0.0,0.0,0.0,0,1.0602878543104717,0.8886216771919524,False,False,False,False,0.17379675235771597,0.18373820363587753,False,False,False,False,328954.0,370805.4953669554,False,False,False,False,17550.20690228915,False,False,False,False
2025-07-23 14:00:00+00:00,162.55,165.34,162.23,165.335,16050.0,,,,,,,,,,,159.9998399946071,159.86522942603656,159.1523121800778,157.29945234690925,152.88210884526737,146.65813332395382,141.73813330450284,138.03427300707605,131.49446416656986,125.98275828822312,123.38536518952345,121.3594189594338,118.73596790727125,112.60047349790523,,,,,,,,,,157.9684328074917,159.61995098249625,157.45983541446805,154.63405083445002,151.6647280583738,148.75231980043947,143.35754758596997,139.28473998866306,134.5023106845478,132.19800996242148,129.1323203753332,124.49915879209462,122.50114230824167,114.08181674685225,,,159.7504867988394,143.35754758596997,129.1323203753332,142.9370414650869,"rgba(0, 255, 0, 1.0)",2.71054624992595,153.17382235115338,4.486615068523131,47.54408153485967,-9.535784557318578,False,True,False,False,True,10.620526199230735,0.0,0.0,0.0,0.0,0,1.05742754593668,0.8778236102926738,False,False,False,False,0.3428282517753738,0.2632832277056257,False,False,False,False,345004.0,370405.4721829716,False,False,False,False,17526.94788054823,False,False,False,False
2025-07-23 15:00:00+00:00,165.3,167.75,165.3,166.79,29282.0,,,,,,,,,,,160.24862349635305,160.0511661942921,159.31258509612033,157.4562565402382,153.03416334568698,146.82972167350343,141.91593261884464,138.21129104040142,131.6738336826765,126.16304180909981,123.56504962254672,121.5384398684116,118.91349055804997,112.77641657350958,,,,,,,,,,159.61250849185888,159.79143888590204,157.6203827938582,154.77973973456167,151.82146124110392,148.9181914338942,143.5349878783931,139.46205176184506,134.6795473633953,132.3770490296354,129.31308010336267,124.67902574560769,122.68063136515929,114.25923914310988,,,159.94908433929413,143.5349878783931,129.31308010336267,143.1708080326701,"rgba(0, 255, 0, 1.0)",2.835882861406356,153.44395999248854,4.706132326245997,55.395974244326695,-2.6741957269904404,True,False,True,False,True,12.085035211810084,0.0,0.0,0.0,0.0,0,1.0658609088805429,0.8748286726356828,False,False,False,False,0.3428282517083119,0.30305573970696875,False,False,False,False,374286.0,370465.63540494104,False,False,False,False,17709.196750617248,False,False,False,False
2025-07-23 16:00:00+00:00,166.64,166.93,165.325,166.255,10049.0,,,,,,,,,,,160.3240918289869,160.10848365050438,159.36276785558235,157.50631205128468,153.08389381539504,146.88662489723194,141.97528063403155,138.27059539874207,131.73419246852947,126.22386929836432,123.62573844776249,121.59894923263954,118.97354636497505,112.83603780819183,,,,,,,,,,160.01426579075724,159.8446682934904,157.6715366818256,154.82708129701663,151.8729047045992,148.9729990417711,143.59410161041674,139.5213875895401,134.73908322253575,132.43727301795846,129.37397954645738,124.73975007805194,122.74127406734155,114.31933782105165,,,160.01025656908044,143.59410161041674,129.37397954645738,143.24204418083266,"rgba(0, 255, 0, 1.0)",2.9365286778253004,153.52329463572713,4.335631203064417,59.764015373608466,0.9460536055669522,True,False,True,False,True,11.348044784187092,0.0,0.0,0.0,0.0,0,1.061624246784783,0.8893245795485207,False,False,False,False,0.3313204009089057,0.3171880703079372,False,False,False,False,364237.0,370369.06741416676,False,False,False,False,17590.434010297602,False,False,False,False
2025-07-23 17:00:00+00:00,166.27,166.465,163.975,166.19,25945.0,,,,,,,,,,,160.49036400104615,160.23682249789906,159.4773782820121,157.62376914263635,153.20450004676107,147.02727932848674,142.12323952875627,138.41914009721168,131.88623920685978,126.37761440078518,123.77933503460787,121.75223336662609,119.12584843303755,112.98755544705797,,,,,,,,,,160.7694136200528,159.9648601627034,157.79128767618872,154.94085636560388,151.99828632278917,149.10780857984193,143.74110903833798,139.66979756369193,134.88871590146874,132.58890402486116,129.52762406930935,124.89335328467283,122.89481712926639,114.47199442494097,,,160.14725299390483,143.74110903833798,129.52762406930935,143.40698994689907,"rgba(0, 255, 0, 1.0)",3.0022263015603197,153.69900189215747,4.16057846850209,62.56249838001355,3.3388200321495844,True,False,True,False,True,11.257544716045206,0.0,0.0,0.0,0.0,0,1.0477953067164987,0.8956588924425918,False,False,False,False,0.30390345337890173,0.3105457618434195,False,False,False,False,338292.0,369871.7485395285,False,False,False,False,17719.96216517671,False,False,False,False
2025-07-23 18:00:00+00:00,166.19,167.75,165.82,167.48,10140.0,,,,,,,,,,,160.57062226289102,160.29882152380094,159.53162511793937,157.6771142346022,153.25655684113917,147.0860045146019,142.1841682515208,138.4798860954173,131.94787713453107,126.43962392130778,123.84116611998927,121.81385646600488,119.18698250759208,113.04818954273829,,,,,,,,,,161.08598315051265,160.02251309524576,157.84581313129257,154.99075703856818,152.05192834550573,149.1645712517125,143.80187620727816,139.73061782120655,134.9495937659463,132.65042127072763,129.58976024851935,124.9552361334187,122.95658961321861,114.53312374572104,,,160.2130891033148,143.80187620727816,129.58976024851935,143.47691934227595,"rgba(0, 255, 0, 1.0)",3.0970210548895643,153.77664989639976,4.424687420825065,65.488773189698,6.0817558836937735,True,False,True,False,True,12.582356087899537,0.0,0.0,0.0,0.0,0,1.0501149177619769,0.8937549378725851,False,False,False,False,0.3428282513478536,0.32668700659563654,False,False,False,False,348432.0,369539.3493373653,False,False,False,False,17602.443371918154,False,False,False,False
2025-07-23 19:00:00+00:00,167.55,168.81,167.38,168.5,31567.0,,,,,,,,,,,160.85304210070154,160.51835833442212,159.72219614746808,157.86045122504265,153.43020361062815,147.27763007013667,142.3811265837492,138.6753248767255,132.14497727466465,126.63719726215288,124.03790397954441,122.00974730261318,119.38110737107851,113.2403065158207,,,,,,,,,,162.05940756040147,160.2262226364081,158.03342688619588,155.1589072325653,152.2298389180069,149.3508539994019,143.99881843952906,139.92658118954378,135.14476060155994,132.847243930951,129.78811391741837,125.15224970431117,123.1530573145114,114.72689761153315,,,160.44535147294476,143.99881843952906,129.78811391741837,143.7047056439461,"rgba(0, 255, 0, 1.0)",3.182177022671513,155.45002136546938,4.100959356300943,68.21947738638941,8.798333419746456,True,False,True,False,True,13.611781011505546,0.0,0.0,0.0,0.0,0,1.0515112966513178,0.8910648056904308,False,False,False,False,0.34282825150571955,0.3347576290506781,False,False,False,False,379999.0,369701.51446391776,False,False,False,False,17818.948125841904,False,False,False,False
2025-07-24 14:00:00+00:00,164.51,165.08,162.12,164.65,24656.0,,,,,,,,,,,160.93973737184507,160.59098087129877,159.79332634250702,157.94197789324164,153.52463698901371,147.39481981066388,142.50777370242005,138.8043500023017,132.2793590601294,126.7744744871938,124.17559550242763,122.1475431674144,119.51847503424432,113.37782804958628,,,,,,,,,,162.24126224342768,160.2970393034039,158.1157583627283,155.24526060540634,152.329651084459,149.46142495037796,144.12366611786953,140.05491389835817,135.27609953532274,132.9810543794403,129.92453885272872,125.28972216861048,123.29087194508148,114.86524854350819,,,160.52290250232892,144.12366611786953,129.92453885272872,143.82023354590686,"rgba(0, 255, 0, 1.0)",3.1557393631196655,155.4524807259474,2.91453704369306,63.7177152003872,8.798333419746456,True,False,True,False,False,8.31920725725136,0.0,0.0,0.0,0.0,0,1.0371738709734173,0.8947062859555606,False,False,False,False,0.21454035631292,0.27464899268179904,False,False,False,False,355343.0,369478.9018365702,False,False,False,False,17924.948930092418,False,False,False,False
2025-07-24 15:00:00+00:00,164.65,166.48,164.54,165.85,14676.0,,,,,,,,,,,161.01649962700148,160.65358300508552,159.85113139071598,158.00270608943455,153.5889394355311,147.47076763786853,142.5882822724682,138.88559534098502,132.36300719887424,126.85936398077526,124.26053265281628,122.23240046772433,119.6029034072025,113.46202827465436,,,,,,,,,,162.42441553753204,160.35665676838997,158.17743178380843,155.30558686187038,152.39669885403663,149.53395831925388,144.20344979284292,140.13595638767882,135.35823847993342,133.0644313256256,130.0091951827305,125.3746101806919,123.37582009782597,114.95002542630905,,,160.58920840131876,144.20344979284292,130.0091951827305,143.89957034686003,"rgba(0, 255, 0, 1.0)",3.145622286222968,155.51889843158406,3.28427911185127,61.96627979219441,8.798333419746456,True,False,True,False,False,9.562284240296169,0.0,0.0,0.0,0.0,0,1.044956660864673,0.8923818063540625,False,False,False,False,0.2557664864739589,0.26520773957787896,False,False,False,False,370019.0,369487.27545150707,False,False,False,False,17874.577628850675,False,False,False,False
2025-07-24 16:00:00+00:00,165.845,166.65,165.41,165.83,19823.0,,,,,,,,,,,161.12363871350024,160.74132695105698,159.93190666143994,158.0868162413549,153.6771393100567,147.57425462620938,142.69773174311294,138.995941385067,132.47647561546177,126.97443826493652,124.37564537092584,122.3473874562134,119.71729075249387,113.57606683725332,,,,,,,,,,162.66563099368352,160.44015913545311,158.26287481082935,155.38861402373922,152.4884949652861,149.6329510348841,144.31197462733022,140.24605846549963,135.4697194099651,133.17754440584912,130.12399140358494,125.48966729510788,123.49093958196774,115.06485102738034,,,160.68194582300677,144.31197462733022,130.12399140358494,144.00765289970062,"rgba(0, 255, 0, 1.0)",3.1134880471642936,155.61767165567593,3.2800281194672563,60.76845186471109,8.798333419746456,True,False,True,False,False,9.53548274764859,0.0,0.0,0.0,0.0,0,1.0430746113804268,0.8991288481834608,False,False,False,False,0.2729392527442457,0.26907349616106235,False,False,False,False,350196.0,369188.1859096232,False,False,False,False,17904.785727628183,False,False,False,False
2025-07-24 17:00:00+00:00,165.82,166.505,165.36,165.71,12089.0,,,,,,,,,,,161.18535999401885,160.79238041415874,159.97928813069854,158.13657144758636,153.72985880102416,147.63644211565622,142.76367851920176,139.0625349224978,132.5450827861069,127.0440960228358,124.44535864985065,122.41704748130519,119.7866151225812,113.64523116007068,,,,,,,,,,162.7930477646168,160.48892775800152,158.313369520068,155.43811940839487,152.54343778196807,149.69235360312965,144.37731002344452,140.31247202549406,135.53707522061086,133.24592538074916,130.193436355056,125.55933369216956,123.56066705979008,115.13447975811091,,,160.73585324150247,144.37731002344452,130.193436355056,144.07172699513737,"rgba(0, 255, 0, 1.0)",3.049350236506137,155.67492749751375,3.290888787502538,59.76844433883987,8.798333419746456,True,False,True,False,False,9.3717616800898,0.0,0.0,0.0,0.0,0,1.0431664993546537,0.896762512548401,False,False,False,False,0.2697076554381555,0.2693905757996089,False,False,False,False,338107.0,368706.30705831124,False,False,False,False,17814.6185070448,False,False,False,False
2025-07-24 18:00:00+00:00,165.71,166.555,165.205,165.27,21410.0,,,,,,,,,,,161.28671129998762,160.87718702194223,160.0588327475236,158.22110697481358,153.82073358191326,147.7444585909242,142.87864393264036,139.1788734065886,132.66523992873604,127.16627709469657,124.56771072989571,122.53935817689732,119.90839885898738,113.76685074061764,,,,,,,,,,162.98340647989983,160.57032758199077,158.39905496359847,155.5231470828954,152.63833057389093,149.79532668629105,144.49108358511327,140.42842078515721,135.65492434457266,133.3656599443147,130.31514240206545,125.68157330248044,123.6830671109901,115.25688717178693,,,160.82532984137455,144.49108358511327,130.31514240206545,144.18138393319276,"rgba(0, 255, 0, 1.0)",2.9933361002440457,155.76967597172876,3.173824692621952,58.31305710379394,16.321991867417395,True,False,True,False,False,8.764784503623417,0.0,0.0,0.0,0.0,0,1.0388163714817025,0.9056671902363288,False,False,False,False,0.2679698442088233,0.2686802100042161,False,False,False,False,316697.0,367899.9612124459,False,False,False,False,17870.360855772786,False,False,False,False
2025-07-24 19:00:00+00:00,165.2,165.82,164.01,164.045,19029.0,,,,,,,,,,,161.35234933737826,160.93414503900115,160.11479959665547,158.28428988602403,153.89328732667443,147.83381561403718,142.97519094612454,139.27735340669966,132.767926244859,127.27127570019373,124.67308174881713,122.64485150976151,120.01362306942293,113.87228851781643,,,,,,,,,,163.07438486406195,160.62609565900166,158.46278887826722,155.5898365541707,152.71481613835212,149.87975363070706,144.58621970848432,140.52633310657646,135.7552544462924,133.4678995094741,130.41941862259768,125.7867546676182,123.78854993951302,115.3629261860517,,,160.88551946039286,144.58621970848432,130.41941862259768,144.26801888325372,"rgba(0, 255, 0, 1.0)",2.938954048792897,155.8311651262017,2.7948156852509847,55.24302107400548,12.915087124119687,True,False,True,False,False,7.08711059867915,0.0,0.0,0.0,0.0,0,1.0275664370965998,0.9084844769768871,False,False,False,False,0.2362957868715147,0.2524879984378654,False,False,False,False,297668.0,366811.0935967491,False,False,False,False,17888.324253357703,False,False,False,False
2025-07-25 14:00:00+00:00,167.115,167.3,164.715,165.53,12151.0,,,,,,,,,,,161.40809790927682,160.98137640521279,160.1593253870358,158.33164622182656,153.94433236759454,147.8945025906526,143.03985229618286,139.34285593185896,132.83565698981155,127.340201065105,124.74212846999164,122.71389317837526,120.08239090484376,113.9410049213535,,,,,,,,,,163.169196900568,160.67156147368806,158.51075275196314,155.6376092836384,152.76811182980063,149.9375946430583,144.65018012317287,140.59159455414405,135.82165702422142,133.53538522030385,130.4880429725584,125.85572787048028,123.85763157523611,115.43207517274428,,,160.93521631009872,144.65018012317287,130.4880429725584,144.32915660143033,"rgba(0, 255, 0, 1.0)",2.9036756482578383,155.88544655463176,3.321498202168287,55.47391913645755,12.64659637416647,True,False,True,False,False,8.72896306302654,0.0,0.0,0.0,0.0,0,1.0273331779972399,0.9022099546538096,False,False,False,False,0.2721930078726557,0.2623405031552606,False,False,False,False,309819.0,365927.4952464119,False,False,False,False,17799.373489739755,False,False,False,False
2025-07-25 15:00:00+00:00,165.62,167.29,164.96,166.975,15043.0,,,,,,,,,,,161.48369511717524,161.0451910663225,160.2188322889453,158.3937655311988,154.0098702781687,147.9713951111523,143.12135172579494,139.42520623174332,132.92054062385134,127.42642651872775,124.82844868499856,122.80016774435148,120.16827873616626,114.02673995700208,,,,,,,,,,163.30069456850958,160.73273484882853,158.57374258887043,155.69934934158147,152.8362952149866,150.0111242027872,144.73091011849897,140.6737051166714,135.90498450889808,133.61998537042,130.57397251351819,125.94197980418377,123.94397764095955,115.51836796999682,,,161.00223672453572,144.73091011849897,130.57397251351819,144.40753387044577,"rgba(0, 255, 0, 1.0)",2.8855201617072384,155.95927314725847,3.8175878993768633,57.509832124180406,12.64659637416647,True,False,True,False,False,10.282490873929195,0.0,0.0,0.0,0.0,1,1.0372950746081053,0.8974160995492989,False,False,False,False,0.2760933482730228,0.2692169257141417,False,False,False,False,324862.0,365290.8209015063,False,False,False,False,17756.63901703061,False,False,False,False
2025-07-25 16:00:00+00:00,166.885,168.255,166.52,167.675,11601.0,,,,,,,,,,,161.55284110973793,161.10304928750983,160.27179196668078,158.44736114104234,154.06428517377037,148.0336911446893,143.18669955484216,139.49088897577022,132.98780139130264,127.49448976434827,124.89648879423432,122.86810385914063,120.23583213268233,114.09401975678227,,,,,,,,,,163.4276677264599,160.78779549495647,158.6282094104426,155.75121257974212,152.89254190330325,150.0710708729526,144.79582744459643,140.7393023443181,135.97119013514308,133.68706061372845,130.64193975969917,126.0100065854663,124.01200751772018,115.58611833161346,,,161.06286843528505,144.79582744459643,130.64193975969917,144.47253298206388,"rgba(0, 255, 0, 1.0)",2.8997344162354093,156.02634309423019,4.017146136056397,59.702971567983816,12.64659637416647,True,False,True,False,True,11.023831179228388,0.0,0.0,0.0,0.0,0,1.0397770458576137,0.9052987802671109,False,False,False,False,0.3185499467029533,0.2938834362085475,False,False,False,False,336463.0,364843.877941793,False,False,False,False,17661.20275320068,False,False,False,False
2025-07-25 17:00:00+00:00,167.735,169.265,167.085,168.9,11082.0,,,,,,,,,,,161.6275850010252,161.16530039317132,160.32812105226589,158.50319970823872,154.11944374045382,148.09566774577738,143.25118275142086,139.5554291713889,133.0535408852251,127.5608048507205,124.96270256951884,122.93416162304207,120.30145466221187,114.15925243701848,,,,,,,,,,163.56826687977238,160.8467763860586,158.68504003571618,155.80423858458363,152.94928156773247,150.1310017621078,144.8600324553589,140.80384223778293,136.0360406517263,133.7526500603224,130.70827188522662,126.07624001279332,124.07818667093792,115.6518338987836,,,161.1280045520933,144.8600324553589,130.70827188522662,144.53828034729472,"rgba(0, 255, 0, 1.0)",3.0165827826698464,156.09809583248978,4.243843146310018,62.528108566366065,12.64659637416647,True,False,True,False,True,12.306256240485439,0.0,0.0,0.0,0.0,0,1.0470288071800808,0.8988672553561088,False,False,False,False,0.3428282509696734,0.31835584358911045,False,False,False,False,347545.0,364575.6782837807,False,False,False,False,17559.1996097402,False,False,False,False
2025-07-25 18:00:00+00:00,168.9,169.66,168.63,169.35,13258.0,,,,,,,,,,,161.7251393027539,161.246427203757,160.4010327922934,158.57448889940974,154.18852461441327,148.17220784264097,143.33032429322648,139.6343856591463,133.13363339436813,127.64140088870845,125.04310093915404,123.01431868159769,120.38102400678562,114.23823117934828,,,,,,,,,,163.7523852862309,160.92345234449724,158.75766399047808,155.8710664569358,153.02008811216416,150.20528933987208,144.93896958384897,140.8828767825033,136.11518553494943,133.83258947020124,130.7889933188072,126.15669318374232,124.15851962405793,115.73142232701983,,,161.21278385442204,144.93896958384897,130.7889933188072,144.62035030159032,"rgba(0, 255, 0, 1.0)",3.145197249578195,156.19066939219127,4.183944459945568,64.88825587307392,8.728468899943898,True,False,True,False,True,12.773816169956788,0.0,0.0,0.0,0.0,0,1.0515851498391353,0.8933593608791528,False,False,False,False,0.34282825111845366,0.33059204735378206,False,False,False,False,360803.0,364517.187147598,False,False,False,False,17492.51434447291,False,False,False,False
2025-07-25 19:00:00+00:00,169.32,170.38,168.88,169.87,51438.0,,,,,,,,,,,162.1046077512003,161.56497396475478,160.68826028497526,158.85482038046507,154.459326532592,148.4708738546555,143.63866661962854,139.94185736770936,133.44527570089693,127.95486532172607,125.35575854078166,123.32601402958328,120.69041461743163,114.54526645941236,,,,,,,,,,164.4215904574518,161.22514378482893,159.0431367714747,156.13357868687663,153.29731185906826,150.49550430932877,145.24661195726813,141.1906979310295,136.42326247323356,134.14366014542668,131.10300306363155,126.46958070585485,124.47091082037925,116.04082791776521,,,161.54495124541293,145.24661195726813,131.10300306363155,144.93877173259287,"rgba(0, 255, 0, 1.0)",3.282175581769672,156.54430742136594,4.060018194227489,67.02090096039848,10.975349790617734,True,False,True,False,True,13.31625227196109,0.0,0.0,0.0,0.0,0,1.052350542988058,0.891871414655266,False,False,False,False,0.3428282511881275,0.3367101492709548,False,False,False,False,412241.0,365257.091222829,False,False,False,False,18018.800943783408,False,False,False,False
2025-07-28 14:00:00+00:00,172.24,172.32,170.22,170.775,27403.0,,,,,,,,,,,162.32684937069712,161.75249984816705,160.85671750580553,159.01693881539373,154.61261736219868,148.63685770078797,143.80864060470932,140.11066304186824,133.61544459442476,128.12547586277418,125.52572555023497,123.49531636009506,120.85830528837879,114.71155370485148,,,,,,,,,,164.79895244688674,161.40261874701463,159.2083319347632,156.28335985688605,153.45350854980728,150.65758554320678,145.41657464917785,141.35990811639905,136.59187323318477,134.31360120365434,131.2741984843916,126.63975807498089,124.64066872980254,116.20846330548638,,,161.73998194794444,145.41657464917785,131.2741984843916,145.11698744749248,"rgba(0, 255, 0, 1.0)",3.439993985697823,156.74682428467466,4.077965186465187,69.37622755080673,13.410076682919922,True,False,True,False,True,14.256611079405708,0.0,0.0,0.0,0.0,0,1.0574564234990316,0.8818592640413171,False,False,False,False,0.34282825140336626,0.3397692003371605,False,False,False,False,439644.0,366410.376630227,False,False,False,False,18164.292402019324,False,False,False,False
2025-07-28 15:00:00+00:00,170.73,171.055,169.555,169.845,18182.0,,,,,,,,,,,162.4529810231791,161.86063423373537,160.955393885323,159.11385945972864,154.70698807196018,148.74103548232844,143.91636433541726,140.21824654388382,133.724656530953,128.23543958494363,125.63545985829467,123.60475241942183,120.96698382523229,114.81949133327315,,,,,,,,,,164.99224050487936,161.5056680767171,159.30687986092371,156.37481072795663,153.55012614407624,150.75877875942402,145.5239783740599,141.46756268312444,136.69977997970796,134.42259852981368,131.38428155187404,126.74955157341809,124.75032632975103,116.31720610210245,,,161.85232087728536,145.5239783740599,131.38428155187404,145.2260957809958,"rgba(0, 255, 0, 1.0)",3.557376376587146,156.86236514707846,3.649497123320062,68.44391692468439,13.410076682919922,True,False,True,False,True,12.852233316569954,0.0,0.0,0.0,0.0,0,1.0532558139534887,0.8884257602862254,False,False,False,False,0.31403037315754845,0.3268997867473545,False,False,False,False,421462.0,367263.89017084363,False,False,False,False,18164.566938422126,False,False,False,False
2025-07-28 16:00:00+00:00,169.66,170.57,169.44,170.175,13135.0,,,,,,,,,,,162.54056402357978,161.93620676777093,161.0247009089055,159.18227108026397,154.7740599861589,148.81535614253835,143.99337426591495,140.29525636718702,133.80295391911858,128.31435218828264,125.71423911847532,123.68333986692335,121.04505434394629,114.89707986944786,,,,,,,,,,165.12112305670396,161.57785587133557,159.376393791694,156.4397029355413,153.61885705539032,150.83089511356746,145.60070881538465,141.54459228581885,136.77709443898786,134.50073123948695,131.46323672881311,126.82836049095059,124.82906034756691,116.39536058461961,,,161.93076750751632,145.60070881538465,131.46323672881311,145.30341147225445,"rgba(0, 255, 0, 1.0)",3.676344980334417,156.942717342109,3.5993038544188356,68.2555029147676,13.410076682919922,True,False,True,False,True,13.204285324497555,0.0,0.0,0.0,0.0,0,1.0529600086819688,0.9022735905366543,False,False,False,False,0.3051814620989707,0.3160406244231626,False,False,False,False,434597.0,368307.8143542414,False,False,False,False,18086.589156431084,False,False,False,False
2025-07-28 17:00:00+00:00,170.19,171.625,170.19,171.24,24667.0,,,,,,,,,,,162.71995058146766,162.09070300654224,161.165526894829,159.31955807303638,154.90623166946168,148.95975814476978,144.14203925538234,140.44342251500865,133.95294068716237,128.46512265192962,125.8646061152312,123.83323720627818,121.19384706713899,115.04471727597686,,,,,,,,,,165.3898510355954,161.72510273064546,159.51601191538276,156.56836250087514,153.75381708912084,150.9715460129707,145.7491014509493,141.69295033541806,136.92546914282065,134.6504618812952,131.61429707410312,126.97884593077998,124.97929427201288,116.54412442194744,,,162.0909721532358,145.7491014509493,131.61429707410312,145.45512832692273,"rgba(0, 255, 0, 1.0)",3.7559845939894356,157.1055866431157,3.763171281240897,69.45434049072196,14.335403151318744,True,False,True,False,True,14.335961594110458,0.0,0.0,0.0,0.0,0,1.0465162562645873,0.8985001176023594,False,False,False,False,0.3319484217344489,0.3239945230788057,False,False,False,False,459264.0,369717.98777510587,False,False,False,False,18188.61102997479,False,False,False,False
2025-07-28 18:00:00+00:00,171.305,172.62,171.045,172.22,19498.0,,,,,,,,,,,162.8719811404859,162.22167031061946,161.28445676412744,159.43441355693494,155.0152226215627,149.07740292934707,144.26248303105842,140.5631152045957,134.07364039254404,128.58617300722509,125.98522745255875,123.95340865113377,121.31304951404022,115.1628260735606,,,,,,,,,,165.61833586239976,161.84977169816818,159.63288389237132,156.67500047076686,153.86477206697245,151.08651077973673,145.8695110418679,141.8129055287071,137.0450649890863,134.77099770955152,131.73572761987796,127.09960609554889,125.09977578875505,116.66316885918404,,,162.226628133296,145.8695110418679,131.73572761987796,145.57960234424016,"rgba(0, 255, 0, 1.0)",3.900989685007934,157.2422907079235,3.839463956964048,71.31865898006166,16.418648264663943,True,False,True,False,True,15.361474521574902,0.0,0.0,0.0,0.0,0,1.0494234534774096,0.897218797592284,False,False,False,False,0.3428282514707259,0.3334113872747658,False,False,False,False,478762.0,371408.5926158019,False,False,False,False,18208.911634161228,False,False,False,False
2025-07-28 19:00:00+00:00,172.23,173.6,172.03,173.55,28570.0,,,,,,,,,,,163.1117782272293,162.42836231505805,161.47151179813483,159.6134181983276,155.18262116068,149.25579790143732,144.4440186584369,140.74294331669935,134.25420790878084,128.766794158318,126.1650306196852,124.13241709974591,121.49047254130704,115.33833518042834,,,,,,,,,,165.97906622688473,162.04631443854637,159.8151309330667,156.83964996990994,154.03465154902898,151.26145416456515,146.05130328955886,141.99330707287973,137.22430507162497,134.9513909068318,131.9171651424629,127.27969042005876,125.27931447135211,116.84012754145263,,,162.44048156782375,146.05130328955886,131.9171651424629,145.76966580077217,"rgba(0, 255, 0, 1.0)",4.062615806251563,157.45566468827263,3.961569609157079,73.79016752480707,18.979119422914252,True,False,True,False,True,16.72570067604755,0.0,0.0,0.0,0.0,0,1.0605257385200353,0.8918360631763675,False,False,False,False,0.3428282515814255,0.33811981942809566,False,False,False,False,507332.0,373515.9322651693,False,False,False,False,18369.548663088957,False,False,False,False
2025-07-29 14:00:00+00:00,203.51,207.98,200.965,205.64,93701.0,,,,,,,,,,,166.1036929552452,164.92614508635452,163.62012070211372,161.48248337161274,156.64948861315355,150.58005740683333,145.6678378109326,141.88588327982296,135.31069483714123,129.76704044730877,127.13865781770315,125.08617297291462,122.4175560304395,116.2196195213626,,,,,,,,,,171.3127273048898,164.37438000712987,161.73494077838416,158.37181698360732,155.4683243781628,152.6254229298083,147.3132064706797,143.1615959908269,138.31058462784594,136.0151952952666,132.95263936387246,128.264022338668,126.24453820412637,117.73671714420533,,,165.0199187020359,147.3132064706797,132.95263936387246,147.37470679897618,"rgba(0, 255, 0, 1.0)",6.376903462165772,159.88103118569546,7.175734913628991,81.11169232527396,25.817869740053297,True,False,True,False,True,20.0,0.0,0.0,0.0,0.0,0,1.0624244009284387,0.8710647618424927,False,False,False,False,0.3428282531338131,0.3404740362809544,False,False,False,False,601033.0,377043.3286641589,False,False,False,False,19537.4781411806,False,False,False,False
2025-07-29 15:00:00+00:00,205.74,208.55,199.8,201.82,87214.0,,,,,,,,,,,168.43523000344146,166.92406094821075,165.37235956958673,163.03405618426373,157.8996858789225,151.72527644253296,146.7359729345461,142.88966279041557,136.24580759311914,130.65690843300598,128.00672533987603,125.93786325739799,123.24704413169785,117.0110806032313,,,,,,,,,,174.94455195045725,166.25384648787275,163.32426291877755,159.6701507414029,156.69427932611958,153.79998014098612,148.41122386472819,144.18562882283416,139.26909446548177,136.95611463429432,133.87116482018325,129.1408499076941,127.10570707986066,118.54115528417289,,,167.07518439859177,148.41122386472819,133.87116482018325,148.69961858144046,"rgba(0, 255, 0, 1.0)",7.749845660771701,161.7412578927785,5.171553584620756,82.90269113352915,27.33254590156197,True,False,True,False,True,20.0,0.0,0.0,0.0,0.0,0,1.0570645642036443,0.8739804176081281,False,False,False,False,0.33902032278643646,0.33974717953369543,False,False,False,False,513819.0,379163.8817081254,False,False,False,False,20586.72654209253,False,False,False,False
2025-07-29 16:00:00+00:00,201.72,204.15,198.8,201.815,38034.0,,,,,,,,,,,169.31530259831624,167.69188961046396,166.05510607621196,163.64666390729172,158.40342179397442,152.1924192708386,147.17508368079748,143.30449083869507,136.63488576859422,131.02883192521625,128.3702302528794,126.29500531397493,123.5954725425801,117.34464813853137,,,,,,,,,,176.19820710838283,166.98087521370937,163.95052242309546,160.19081585771661,157.18961402872603,154.27735672543506,148.86146361293012,144.60812458643912,139.66681710267528,137.3473632040102,134.25408647437393,129.50773346511386,127.46654289724282,118.87990909037937,,,167.862987103945,148.86146361293012,134.25408647437393,149.22451414948418,"rgba(0, 255, 0, 1.0)",8.872836195048373,162.4432774517281,4.4373322895607945,84.09258132934697,28.449406393158924,True,False,True,False,True,20.0,0.0,0.0,0.0,0.0,0,1.0460699002561207,0.8946564642624203,False,False,False,False,0.30487555365366087,0.32231136659367815,False,False,False,False,475785.0,380661.88354210794,False,False,False,False,20857.22690578102,False,False,False,False
2025-07-29 17:00:00+00:00,201.73,204.21,200.69,203.67,31248.0,,,,,,,,,,,170.031207512592,168.32039343752828,166.61641347495504,164.15193469561297,158.8205728319703,152.57940294497354,147.53890951350579,143.64826514018606,136.95726913132106,131.3369314641809,128.67132925124258,126.5908131829268,123.88404152272226,117.6208347552248,,,,,,,,,,177.19039789934646,167.5772569242917,164.46673751497815,160.62181581312967,157.5998597530924,154.67280607492452,149.23446800632746,144.95823660204493,139.99641505793699,137.67155523434297,134.57132712573502,129.81164402880674,127.76542106407213,119.16039795515752,,,168.50716169247133,149.23446800632746,134.57132712573502,149.65605534720098,"rgba(0, 255, 0, 1.0)",9.938403286841826,163.0145161927631,4.0907460317155415,85.13903312054312,29.570200991981622,True,False,True,False,True,20.0,0.0,0.0,0.0,0.0,0,1.0576313118497844,0.8923655163664047,False,False,False,False,0.3171224484428729,0.31971690751827553,False,False,False,False,507033.0,382621.12565773417,False,False,False,False,21018.32416305573,False,False,False,False
2025-07-29 18:00:00+00:00,203.61,204.86,200.94,201.9,33590.0,,,,,,,,,,,170.7609466392719,168.96595302806247,167.1963247690652,164.6767884464052,159.25744862468125,152.98648963117137,147.92271557596658,144.01161743130473,137.29882268603336,131.66385748907066,128.99103752523956,126.90505338759912,124.19077368315322,117.91473511774288,,,,,,,,,,178.16659825883465,168.19152104673663,165.00250211761642,161.0723966542306,158.02993770126812,155.0882605419672,149.62758601687585,145.32806372502176,140.34528584899215,138.01495098765113,134.90765418918463,130.13425025590826,128.08283757048233,119.45878948415366,,,169.16805323331118,149.62758601687585,134.90765418918463,150.10515600594564,"rgba(0, 255, 0, 1.0)",10.792213315314886,163.59841561595073,3.5490017909205633,84.18369121074025,29.570200991981622,True,False,True,False,True,20.0,0.0,0.0,0.0,0.0,0,1.0562758968380257,0.8905518882044337,False,False,False,False,0.3228058590817867,0.3212613833000311,False,False,False,False,473443.0,384029.21673280804,False,False,False,False,21213.23386595409,False,False,False,False
2025-07-29 19:00:00+00:00,201.69,202.69,199.87,202.05,58966.0,,,,,,,,,,,171.92678677522102,170.00923866163353,168.1419711522595,165.5401498711798,159.98588160239285,153.6707875801669,148.57122203375093,144.6277145817127,137.8805567817988,132.22233140136817,129.5378693046154,127.44302427065865,124.71648516883896,118.41955927940471,,,,,,,,,,179.64496563627338,169.18844183255135,165.88263878164355,161.82133137416773,158.74834712464136,155.78495538264457,150.29069490685183,145.95444716588156,140.93841391545922,138.59958116572207,135.48121962093865,130.68575200153313,128.62596733748268,119.97104496285714,,,170.234307058462,150.29069490685183,135.48121962093865,150.84817161050196,"rgba(0, 255, 0, 1.0)",11.568215726295344,164.53744388485998,3.242726190683964,83.57864952745277,29.570200991981622,True,False,True,False,True,20.0,0.0,0.0,0.0,0.0,0,1.0507077135288494,0.8978478611846955,False,False,False,False,0.3024368918635564,0.3118491375817938,False,False,False,False,532409.0,386329.67848888854,False,False,False,False,21798.548069582706,False,False,False,False
2025-07-30 14:00:00+00:00,212.165,214.39,205.495,205.495,53696.0,,,,,,,,,,208.45999999999998,173.14501883840887,171.0990080828948,169.12826765439814,166.43648695840554,160.7346576980564,154.36509380533255,149.2236982636008,145.24424962305298,138.45783517151511,132.77320891643004,130.07590453268597,127.97136098578285,125.23162117857807,118.91184455828254,,,,,,,,,,181.21445423594824,170.22927432425513,166.79663735520845,162.59436770686457,159.48477846734343,156.49473768941854,150.9595819477864,146.5823773552618,141.5291922425877,139.18021959900642,136.04884957649406,131.2289599697918,129.15992036773298,120.47111241689754,,,171.34756604760088,150.9595819477864,136.04884957649406,154.8258712152992,"rgba(0, 255, 0, 1.0)",12.406470101458968,168.47730517316256,2.9837411063832135,83.89378087311549,29.570200991981622,True,False,True,False,True,20.0,0.0,0.0,0.0,0.0,0,1.0545303156460528,0.8730603285141174,False,False,False,False,0.34282825324462507,0.3273386954132094,False,False,False,False,586105.0,389426.9702952624,False,False,False,False,22293.082208038788,False,False,False,False
2025-07-30 15:00:00+00:00,205.48,206.085,201.505,204.1,37513.0,,,,,,,,,,206.58316412488534,173.84510117003393,171.7357996228609,169.71248341887983,166.9751688088175,161.1954677909789,154.79975417571112,149.63668749554063,145.6373672263843,138.8296339309087,133.13044171870297,130.42582294893302,128.31570066049343,125.56823351334899,119.23521833064515,,,,,,,,,,182.045921468322,170.84132062635607,167.3448084092892,163.06715716753502,159.93970533382048,156.93680351437393,151.3814570273854,146.98182344018704,141.9080998954098,139.5538263236972,136.41553271455317,131.58181609984553,129.50750814511758,120.79918297605983,,,171.9966071480145,151.3814570273854,136.41553271455317,155.20050690394118,"rgba(0, 255, 0, 1.0)",13.110309146924987,168.9328156935756,2.682406944970693,82.61753893437242,29.570200991981622,True,False,True,False,False,20.0,0.0,0.0,0.0,0.0,0,1.039027838354063,0.9059421575852374,False,False,False,False,0.27240884960296763,0.29987377250808855,False,False,False,False,548592.0,391894.6451744056,False,False,False,False,22529.049925743613,False,False,False,False
2025-07-30 16:00:00+00:00,204.1,204.28,201.98,202.23,23709.0,,,,,,,,,,205.80884010047743,174.25623165814739,172.1127363104968,170.06049198924927,167.29810174126334,161.47451959965886,155.06467257688178,149.88943454215647,145.8786199746207,139.0586308195035,133.351000049606,130.64208693415182,128.52867560333237,125.77662086572069,119.43577211208229,,,,,,,,,,182.5165464006632,171.2046839689392,167.67311805061266,163.35276605384522,160.21559170696227,157.20572059292758,151.63929471884384,147.2267449416477,142.14113196699674,139.78385922928553,136.64161590749507,131.79980313772973,129.72240213217395,121.00255844642436,,,172.38035580475193,151.63929471884384,136.64161590749507,155.44074580417345,"rgba(0, 255, 0, 1.0)",13.690406863570828,169.2187731740048,2.4112670393920608,79.79994648119279,29.570200991981622,True,False,True,False,False,20.0,0.0,0.0,0.0,0.0,0,1.0665430130602733,0.9069685449751674,False,False,False,False,0.264958051879395,0.28241591219374174,False,False,False,False,524883.0,393956.4801329419,False,False,False,False,22547.343725344486,False,False,False,False
2025-07-30 17:00:00+00:00,202.36,203.455,201.03,201.865,16772.0,,,,,,,,,,205.33860596856252,174.53300952514653,172.36784799972557,170.2970289567193,167.51854095008522,161.66630923477828,155.24754815775586,150.06439518142514,146.04593695011485,139.21783750534655,133.50459099576096,130.79279174867023,128.67716322017225,125.92200027916785,119.57585723891634,,,,,,,,,,182.82555672481524,171.45109912992422,167.8970844162944,163.54873724392658,160.40539174775031,157.39111532809767,151.817616635739,147.39650554095525,142.30298260855773,139.94374971298268,136.7989085728168,131.95166510708333,129.8721854139312,121.14457158533617,,,172.6398796767513,151.817616635739,136.7989085728168,155.6078816542786,"rgba(0, 255, 0, 1.0)",14.218355767765694,169.4148661463694,2.282270494820365,77.52787527133071,31.945309079897243,True,False,True,False,False,20.0,0.0,0.0,0.0,0.0,0,1.0746871962602402,0.8892883039943226,False,False,False,False,0.2545685074113448,0.2684922098025433,False,False,False,False,508111.0,395726.31765026064,False,False,False,False,22457.80351254845,False,False,False,False
2025-07-30 18:00:00+00:00,201.585,202.245,199.37,199.405,23833.0,,,,,,,,,,204.57259852240503,174.8922511843636,172.70177855617737,170.60877005687132,167.8111852535649,161.92391492602363,155.4952238608129,150.30258984593132,146.2745093485156,139.43634085960014,133.71604612315045,131.00054593971194,128.88205647569467,126.12283957474477,119.76983635048659,,,,,,,,,,183.20933668395455,171.77467313195095,168.1941102501133,163.81115580441315,160.6607958968739,157.6415825112898,152.05998128631273,147.62816300567883,142.52468839422417,140.16309566829142,137.0150814123242,132.16090026362696,130.07875618676684,121.3411097872374,,,172.97920231726079,152.05998128631273,137.0150814123242,155.82632299891796,"rgba(0, 255, 0, 1.0)",14.635439732757897,169.66382081606707,2.032134307339224,73.39222238977317,28.04604852190046,True,False,True,False,False,20.0,0.0,0.0,0.0,0.0,0,1.0659949388964325,0.8916491791136899,False,False,False,False,0.238472575711889,0.2534823927572162,False,False,False,False,484278.0,397099.2119502566,False,False,False,False,22479.124388322893,False,False,False,False
2025-07-30 19:00:00+00:00,199.16,202.34,199.15,202.33,35654.0,,,,,,,,,,203.957294374672,175.43042221116048,173.20308817136785,171.07750537089973,168.25164979226352,162.31215597588252,155.86831331466115,150.66131179994653,146.61872276486247,139.76528404821522,134.03429191584735,131.3131901059182,129.19037231218653,126.42503104265866,120.06163583045834,,,,,,,,,,183.7826886673616,172.26080900139283,168.64105241201776,164.20667073875273,161.0456824509203,158.01894494495963,152.4249927586535,147.9770303566555,142.85851773023546,140.49332069768434,137.3404683917805,132.4757875466161,130.38960853276265,121.63676731276077,,,173.48838119845263,152.4249927586535,137.3404683917805,156.1763521630196,"rgba(0, 255, 0, 1.0)",15.11122254640121,170.06465915509244,2.1351906337049926,72.09955921797759,26.847789709078242,True,False,True,False,False,20.0,0.0,0.0,0.0,0.0,0,1.0594316436251918,0.8937788018433181,False,False,False,False,0.23777818820390098,0.24563029048055857,False,False,False,False,519932.0,399003.5962611054,False,False,False,False,22683.386025713236,False,False,False,False
2025-07-31 14:00:00+00:00,208.75,210.595,204.71,204.93,44136.0,,,,,,,,,,204.48016466011936,176.20173040194229,173.91612646184961,171.73988521269558,168.86882428155837,162.84829786416785,156.37647169478288,151.14569720006781,147.08096721537734,140.20346156250025,134.45584119478994,131.726349003693,129.59711367405276,126.8228652714534,120.44411538847967,,,,,,,,,,184.65079046279536,172.9502378938789,169.26787835636944,164.75544764209448,161.5755919740051,158.53509621375557,152.9191883488658,148.44635447669938,143.30476557811525,140.93355326111265,137.77281292493348,132.89232101620937,130.80008723895642,122.02468476376079,,,174.21309776897607,152.9191883488658,137.77281292493348,156.71391768565343,"rgba(0, 255, 0, 1.0)",15.63084384066288,170.70557295313245,2.1895444286785324,72.37457548923223,26.847789709078242,True,False,True,False,False,20.0,0.0,0.0,0.0,0.0,0,1.0717748146358406,0.8768366530254756,False,False,False,False,0.316068232720554,0.2808492616005563,False,False,False,False,564068.0,401562.73430356884,False,False,False,False,23015.984691981248,False,False,False,False
2025-07-31 15:00:00+00:00,204.83,206.615,202.41,203.59,37204.0,,,,,,,,,,204.44259920176233,176.77132008543393,174.44932808838342,172.24026785584826,169.3400274990123,163.26470983755812,156.77579328981102,151.52919451578026,147.44877217322374,140.55446028932857,134.79505097617485,132.05944455164024,129.92549336994946,127.14460634175379,120.75449850293509,,,,,,,,,,185.2546945012381,173.46823139420235,169.74571550788713,165.17982955831857,161.98823416814844,158.9392827278438,153.30950319395268,148.81919859531044,143.66124394890662,141.28597599403184,138.1198236217664,133.22787019721872,131.13122532263444,122.33921820278596,,,174.75408321604422,153.30950319395268,138.1198236217664,157.11207188381664,"rgba(0, 255, 0, 1.0)",16.069888727422146,171.16360192197644,2.0178358810095665,71.07728265670849,25.602099126976512,True,False,True,False,False,20.0,0.0,0.0,0.0,0.0,1,1.0674074297430949,0.8893981425642266,False,False,False,False,0.27636435779812557,0.27860680969934093,False,False,False,False,526864.0,403505.38958568405,False,False,False,False,23235.953921562934,False,False,False,False
2025-07-31 16:00:00+00:00,203.615,204.21,201.41,202.47,23697.0,,,,,,,,,,204.30292530625383,177.10290233424303,174.7625463506926,172.53635857886357,169.62095973085275,163.51598699296179,157.01870376285845,151.7636733910154,147.6744249761213,140.77077751858735,135.00473725782365,132.26561510287223,130.12893453936528,127.34416345497691,120.94744823213703,,,,,,,,,,185.59118036797327,173.77355254923518,170.03029098721328,165.43514618358958,162.23768389031503,159.18456463779538,153.54775460317416,149.04769544273782,143.88053173072882,141.50307898092754,138.33396584374472,133.43544913530116,131.33626834871262,122.53463929929082,,,175.0714713318481,153.54775460317416,138.33396584374472,157.34707096018374,"rgba(0, 255, 255, 0.75)",16.451853306702045,171.4270921342551,1.8868942779290916,68.97580912220394,23.452080947555203,False,False,True,False,False,20.0,0.0,0.0,0.0,0.0,0,1.0533975452527968,0.9056598076661788,False,False,False,False,0.25512089368528246,0.2668638516923117,False,False,False,False,503167.0,405050.5308324176,False,False,False,False,23243.101922779013,False,False,False,False
2025-07-31 17:00:00+00:00,202.5,202.59,198.87,199.24,19136.0,,,,,,,,,,204.05597521272662,177.33935583437687,174.98859308673332,172.75210331616907,169.82775015014533,163.7039639633494,157.2025156074427,151.9423770150948,147.84720720764835,140.937458755795,135.16699449412437,132.42543509220118,130.28684219766416,127.49930080218772,121.09792358537146,,,,,,,,,,185.81578588590705,173.9948861016072,170.23947077183038,165.62533594812876,162.4247721730169,159.36953862464975,153.7289192141746,149.22239593648428,144.04906060295406,141.67026633455188,138.4992792545729,133.59624220838316,131.49530474086745,122.68692698179531,,,175.30016772743107,153.7289192141746,138.4992792545729,157.51683950131743,"rgba(0, 255, 255, 0.75)",16.72757208921898,171.61024927760593,1.6517490150409584,64.34733387929492,19.076333783176324,False,False,True,False,False,20.0,0.0,0.0,0.0,0.0,0,1.0424601325657943,0.9116678941277264,False,False,False,False,0.2300095818125929,0.2484367167524523,False,False,False,False,484031.0,406275.0342303646,False,False,False,False,23179.42592397624,False,False,False,False
2025-07-31 18:00:00+00:00,199.74,201.255,198.81,200.5,16774.0,,,,,,,,,,203.86063905850426,177.54228289675493,175.18311654291335,172.93816738052195,170.0064667855846,163.8669615142963,157.36219068444836,152.09779757851175,147.99760158661783,141.082689169515,135.3084635610352,132.56481867458572,130.4245863588366,127.63466325612531,121.22928169580413,,,,,,,,,,186.0064785526711,174.18554906635504,170.42019077814984,165.79013386141696,162.5870655067661,159.5301380903874,153.8864172199471,149.37442062630876,144.19584302927788,141.81592443239649,138.64335801173036,133.73645813492186,131.63401739179636,122.81985012962988,,,175.496887737135,153.8864172199471,138.64335801173036,157.6646876054166,"rgba(0, 255, 255, 0.75)",17.004101336744856,171.7689295870358,1.6896553274990218,62.18327267306983,17.101264671677754,False,True,True,False,False,20.0,0.0,0.0,0.0,0.0,0,1.040604343720491,0.9152989492932839,False,False,False,False,0.22033866849395592,0.2343876926232041,False,False,False,False,500805.0,407740.6150950101,False,False,False,False,23080.11699492234,False,False,False,False
2025-07-31 19:00:00+00:00,200.54,201.36,199.2,200.07,17836.0,,,,,,,,,,203.67458122833088,177.75434339712442,175.38686455262314,173.13341813981683,170.19433945253502,164.03879115555648,157.53076422202395,152.2620374294989,148.1566385765632,141.2363918121428,135.45826563007262,132.71244659632276,130.5705024584826,127.778086688836,121.36851677878018,,,,,,,,,,186.20407218726208,174.38542828195315,170.6101134328085,165.96375957198296,162.75820929937782,159.69961522497312,154.05279741738664,149.5351471054511,144.3511389976155,141.9700683328248,138.7958759512615,133.88495356243573,131.7809454610934,122.96072912571438,,,175.702860171993,154.05279741738664,138.7958759512615,157.8212402807615,"rgba(0, 255, 255, 0.75)",17.23303035996297,171.93627706960245,1.6325464728339276,60.295273171410145,15.326300380864708,False,True,True,False,False,20.0,0.0,0.0,0.0,0.0,0,1.0400808504267105,0.917532564755203,False,False,False,False,0.22119342509047937,0.22779055885684174,False,False,False,False,482969.0,408906.94664392463,False,False,False,False,22998.81285546618,False,False,False,False
2025-08-01 14:00:00+00:00,190.72,196.87,189.97,195.63,13127.0,,,,,,,,,,203.33047178775337,177.86650530952022,175.49865891277312,173.24361364211418,170.30353859108115,164.14322965008367,157.63650961031695,152.36703032618874,148.25952975007056,141.33744574490683,135.557810754121,132.81098004739573,130.66820399370067,127.87449086130493,121.46283447504503,,,,,,,,,194.15666666666667,186.28467120977106,174.49656048953995,170.7200827129463,166.06804013909783,162.86297841040735,159.80494427846344,154.15852962001082,149.6387382477403,144.45255878174333,142.07125927591258,138.89662818127343,133.98388455690383,131.87915010834854,123.05598731727568,,,175.8153672339475,154.15852962001082,138.89662818127343,160.3980346678721,"rgba(38, 166, 154, 1.0)",17.380714485775727,174.0745873107613,1.2401914033441788,55.05212450283014,10.478568025706366,False,True,True,False,False,18.17411683286753,0.0,0.0,0.0,0.0,0,1.0121846351168178,0.9253326726035188,False,False,False,False,0.13574106284876605,0.1817658108528039,False,False,False,False,469842.0,409851.67615332117,False,False,False,False,22845.76149336593,False,False,False,False
2025-08-01 15:00:00+00:00,195.63,197.92,194.4,197.74,13704.0,,,,,,,,,,203.08883463246204,177.99990534398768,175.62958921187027,173.37119584571542,170.42846007760903,164.26061454356685,157.7538562672169,152.4826801217134,148.3723475825501,141.44756407272826,135.66584306122078,132.91773638207496,130.77393197889066,127.9786643143918,121.56445530374023,,,,,,,,,195.44887046078537,186.3935764013832,174.6260117652451,170.84607049551974,166.18581628456113,162.9803917850461,159.92226626886742,154.2752604412963,149.75248771093075,144.5633636724123,142.1815912690382,139.00621615361027,134.09114607997145,131.98549349333095,123.15868995533995,,,175.947365976553,154.2752604412963,139.00621615361027,160.54766783725532,"rgba(38, 166, 154, 1.0)",17.537115430727162,174.235354104392,1.3402800471065501,53.43377001295278,9.058057684491558,False,True,True,False,False,19.482042589656825,0.0,0.0,0.0,0.0,0,1.0241383817698575,0.9272362860006103,False,False,False,False,0.1688521551091326,0.17530898298096825,False,False,False,False,483546.0,410994.22380985884,False,False,False,False,22704.028757034674,False,False,False,False
2025-08-01 16:00:00+00:00,197.685,198.635,195.54,195.635,12524.0,,,,,,,,,,202.88020044608265,178.11963923076283,175.74737041647163,173.48617156896645,170.5412358814133,164.36687991305905,157.86025532120095,152.58764690035426,148.4748153221207,141.54766678148732,135.76410532987714,133.01486163642255,130.87013860803333,128.0734771857387,121.65698336736148,,,,,,,,,195.81625689238976,186.49033897208446,174.74256066321198,170.9597775909982,166.29236962878957,163.08672095738595,160.028593665448,154.38117248471863,149.85577894227947,144.66405599525032,142.28188028581542,139.10586089181461,134.1887212088491,132.08225050726443,123.25219291784376,,,176.06606813758444,154.38117248471863,139.10586089181461,160.65139747709017,"rgba(38, 166, 154, 1.0)",17.647896511462704,174.34076378397393,1.2066161087353942,50.64242619541686,6.44749699699171,False,True,False,False,False,17.31896842379487,0.0,0.0,0.0,0.0,0,1.022143670941544,0.9321521427945432,False,False,False,False,0.18014041269236516,0.17772469783666672,False,False,False,False,471022.0,411924.8870066052,False,False,False,False,22546.198853824833,False,False,False,False
2025-08-01 17:00:00+00:00,195.75,195.9,192.7,192.89,8090.0,,,,,,,,,,202.69596491404656,178.1846842278908,175.81272778069172,173.55100051601113,170.6058721415649,164.4292790631619,157.92377784804438,152.6509306095248,148.5369734352172,141.60888863252984,135.82452476700468,133.07471388599967,130.92951919966947,128.13211042902685,121.71442432596507,,,,,,,,,195.47757382232055,186.53499939076715,174.80772370618376,171.02480957773759,166.3545414710246,163.1493947697471,160.09176659548217,154.44483078363857,149.91831515615596,144.72543031577771,142.34316928873784,139.16694847711193,134.24879557256494,132.1419178576006,123.31018675714922,,,176.13176558451107,154.44483078363857,139.16694847711193,160.6875054699575,"rgba(38, 166, 154, 1.0)",17.67824914463641,174.36869528755162,1.047688861092205,46.82080221262928,2.891533783642984,False,True,False,True,False,14.589711334903662,0.0,0.0,0.0,0.0,0,1.0103236688283361,0.942536423648472,False,False,False,False,0.14633966792682138,0.16203218288174404,False,False,False,False,462932.0,412715.69495999115,False,False,False,False,22322.071739812047,False,False,False,False
2025-08-01 18:00:00+00:00,192.895,194.79,191.5,193.25,13046.0,,,,,,,,,,202.39350425913608,178.28413822148363,175.9133675056959,173.65135510674827,170.70645643899488,164.52713717049897,158.02389765027314,152.75096991429453,148.63541865135986,141.7060889125888,135.920604362384,133.1699543688745,131.02405412587396,128.22550961912742,121.80602855762272,,,,,,,,,194.98205964523643,186.5995692681368,174.90831517157596,171.1259381960824,166.4518531289251,163.24779666551137,160.19119071265746,154.5453679319815,150.01730049641287,144.82277506656354,142.4404541258654,139.26400405611318,134.3443633624556,132.23688407210062,123.40264742816817,,,176.23283859751334,154.5453679319815,139.26400405611318,160.74495521559402,"rgba(38, 166, 154, 1.0)",17.713755939565857,174.4121507053818,1.0634587807852505,44.65615995435693,0.8705493807981881,False,True,False,True,False,14.82776983247087,0.0,0.0,0.0,0.0,0,1.0101925582742146,0.9431012016794559,False,False,False,False,0.13243531449343046,0.14723374868758726,False,False,False,False,475978.0,413696.505890844,False,False,False,False,22178.256674078526,False,False,False,False
2025-08-01 19:00:00+00:00,193.265,195.52,193.07,194.67,31400.0,,,,,,,,,,201.82686972908667,178.5376704009333,176.16793451589294,173.90381245424678,170.95807067101953,164.77003549787344,158.2709750773066,152.99706175144135,148.87713919843017,141.9441414703183,136.15552027162326,133.40266404189632,131.2549301495327,128.45348383053886,122.02936177341213,,,,,,,,,194.78999869410492,186.77829113739793,175.16209637344315,171.37907239315288,166.6939327681684,163.49171669798304,160.43696283912504,154.79291937231102,150.26048952357334,145.061442153586,142.67877149631772,139.50151989396562,134.5779376600294,132.46887431701262,123.62812489566353,,,176.48870875843807,154.79291937231102,139.50151989396562,160.9366818433291,"rgba(38, 166, 154, 1.0)",17.780486367602172,174.5856778115653,1.1295710237167833,44.75193977993615,0.8192726393513112,False,True,False,True,False,15.767264533359015,0.0,0.0,0.0,0.0,0,1.010350892368019,0.9431421733990718,False,False,False,False,0.1462793584879431,0.14675655358776518,False,False,False,False,507378.0,415148.9321561022,False,False,False,False,22321.229438821494,False,False,False,False
2025-08-04 14:00:00+00:00,202.14,204.3,201.64,201.8,21431.0,,,,,,,,,,201.86170884400144,178.79276291508657,176.4135929069833,174.13976562266038,171.1854265148791,164.97856820709126,158.47532552884184,153.1961207464248,149.0699549130112,142.1304588677258,136.33707740766275,133.58158446864826,131.43177572625927,128.62731618279338,122.19809639601965,,,,,,,,,196.2632123506468,187.02097571122056,175.40334974485938,171.60878069340723,166.90468644444954,163.699363916623,160.64248389757725,154.9945496465798,150.45533515135597,145.24973416672776,142.86563085507888,139.6863698255071,134.75791201006567,132.64694504398463,123.79884073800537,,,176.73685792713488,154.9945496465798,139.6863698255071,161.1885892542846,"rgba(38, 166, 154, 1.0)",17.946384702047713,177.24488760730216,1.3682484132804793,50.39695387918209,0.8192726393513112,False,True,False,False,True,20.0,0.0,0.0,0.0,0.0,0,1.0122594400493743,0.9344105930539193,False,False,False,False,0.25293265920505903,0.1998446063964121,False,False,False,False,528809.0,416911.1037505813,False,False,False,False,22307.42743201806,False,False,False,False
2025-08-04 15:00:00+00:00,201.8,201.8,199.3,200.35,17080.0,,,,,,,,,,201.81269861063114,178.97464109644864,176.59070110568635,174.3113926808007,171.35235033977983,165.1339482401689,158.62916492135912,153.3469381099616,149.21665339770115,142.27300955747145,136.47650761775787,133.7192054664999,131.56795580023208,128.76136243095138,122.32857403174887,,,,,,,,,196.81596205068425,187.1837632466264,175.57800307896375,171.7772144333031,167.06112000471703,163.85444139551512,160.79673200192084,155.14700301872492,150.6033817542102,145.39346207255522,143.00852094750687,139.82803146777982,134.89625343838637,132.7839813154177,123.93076254340666,,,176.915499424774,155.14700301872492,139.82803146777982,161.3512440022064,"rgba(38, 166, 154, 1.0)",18.07103092080136,177.36360239410885,1.2720025607079095,52.82269051682442,-3.6088297202204274,False,True,True,False,True,18.71423371721549,0.0,0.0,0.0,0.0,0,1.0056552262090483,0.9418319589926456,False,False,False,False,0.22271020475749748,0.2112774055769548,False,False,False,False,511729.0,418381.148653673,False,False,False,False,22226.382045475144,False,False,False,False
2025-08-04 16:00:00+00:00,200.215,200.74,199.235,200.11,9458.0,,,,,,,,,,201.7782440624447,179.07194661628225,176.68581117154596,174.40383651638848,171.44253724182394,165.21830587112143,158.71294846334328,153.4292374899514,149.29680991372234,142.3510327000734,136.5529092476496,133.79465170137016,131.64263794762218,128.83490568933553,122.40021916380962,,,,,,,,,197.03319791219786,187.269197636917,175.67192658463176,171.86817650435742,167.1459484465545,163.93869415278664,160.8806603434515,155.23014198767675,150.68424141689198,145.47207496479268,143.0867174648185,139.90560623801446,134.97207965205067,132.8591184331807,124.00318575057698,,,177.01138260368649,155.23014198767675,139.90560623801446,161.43587737203435,"rgba(38, 166, 154, 1.0)",18.16722294594267,177.43195995844027,1.2482942554863337,54.20976620288005,-2.190557903674744,False,True,True,False,True,18.47523686697876,0.0,0.0,0.0,0.0,0,1.0054512920810619,0.9450154661340215,False,False,False,False,0.21574421310828573,0.21351080934262026,False,False,False,False,502271.0,419681.7665040036,False,False,False,False,22028.42263391739,False,False,False,False
2025-08-04 17:00:00+00:00,199.925,201.65,199.32,201.65,4282.0,,,,,,,,,,201.7704019008221,179.1174698270818,176.73016737024068,174.4468441430694,171.4843834947556,165.25728767012887,158.75154259538698,153.46707615073666,149.3336198132605,142.38680399152588,136.5878984894235,133.8291877358491,131.67681299429336,128.8685462551143,122.43296484223387,,,,,,,,,197.14727611198214,187.31004138743555,175.7156795058665,171.91039615570278,167.1851933836453,163.97759977706016,160.9193575807839,155.26838905988126,150.72138816561534,145.50814179792692,143.12257386450483,139.94115429696873,135.00679620588375,132.89350795338038,124.03629314023586,,,177.0561155606107,155.26838905988126,139.94115429696873,161.47586681902155,"rgba(38, 166, 154, 1.0)",18.255148394382317,177.47050987535079,1.3245299135497584,56.27475118211892,-0.05609293458392983,False,True,True,False,True,19.40359749335347,0.0,0.0,0.0,0.0,0,1.0056505740156287,0.9428602930029358,False,False,False,False,0.22190417053597686,0.21770748993929856,False,False,False,False,506553.0,421028.6073333989,False,False,False,False,21753.28429850782,False,False,False,False
2025-08-04 18:00:00+00:00,201.62,202.365,199.975,201.88,9935.0,,,,,,,,,,201.76323236852323,179.22493442896098,176.83471730354754,174.54809620916606,171.5827710445489,165.34875434462202,158.84194660682397,153.55562159439,149.41970495772009,142.47038683782114,136.66960559385134,133.9098169937278,131.75658550441366,128.94705468264203,122.50935132950566,,,,,,,,,197.42192479517814,187.40755747508595,175.8187509570576,172.00967655138268,167.27733375890762,164.0688530855334,161.01004890484197,155.35791754565835,150.80827807906297,145.5924470142174,143.20636264705553,140.0241931765124,135.08785513740983,132.97378889161072,124.11353084527346,,,177.1615704649969,155.35791754565835,140.0241931765124,161.57043149646427,"rgba(38, 166, 154, 1.0)",18.342173047109455,177.56761009186582,1.3254912515377,57.82543403873082,1.637222594540134,False,True,True,False,True,19.542407257215203,0.0,0.0,0.0,0.0,0,1.007407204567548,0.9412763393896246,False,False,False,False,0.23041301736271996,0.22406025365100926,False,False,False,False,516488.0,422508.5979173772,False,False,False,False,21570.055084577467,False,False,False,False
2025-08-04 19:00:00+00:00,201.85,202.285,200.82,201.56,10521.0,,,,,,,,,,201.7589747090383,179.33836716339894,176.94513497696184,174.6550822132308,171.68677359757967,165.44550915416724,158.9375982883972,153.64932341420496,149.51081716462483,142.55886410055768,136.7561055310724,133.99517972678535,131.84104400772324,129.0301785609941,122.5902341978197,,,,,,,,,197.68610834680047,187.5104439478332,175.92763162074598,172.11461364847582,167.37479122921854,164.16538696027882,161.10599864044013,155.4526528919156,150.90023765475695,145.6816845750966,143.2950568111659,140.11209762343043,135.17367122944796,133.05878404806688,124.19531299470503,,,177.27293138717445,155.4526528919156,140.11209762343043,161.66952420878502,"rgba(38, 166, 154, 1.0)",18.409867494666813,177.6698824832169,1.2976800361927578,58.44856247291355,2.5368515534800054,False,True,True,False,True,19.20847423980597,0.0,0.0,0.0,0.0,0,1.0096822582844676,0.9417291695077051,False,False,False,False,0.2351785365235716,0.22961939508729043,False,False,False,False,505967.0,423802.5266318365,False,False,False,False,21398.751904971614,False,False,False,False
2025-08-05 14:00:00+00:00,203.18,203.18,194.02,194.4,22553.0,,,,,,,,,,201.56754583006742,179.53077081330295,177.13723317193669,174.84491698124998,171.87514683176127,165.6263767602054,159.12039640167905,153.8308085401499,149.68880404556063,142.73370073947112,136.92834364827183,134.16569203125826,132.01013683753482,129.19706329789256,122.75352811093347,,,,,,,,,197.6275289026864,187.65917901936612,176.1188139940241,172.30415954579183,167.55546529837625,164.34674409740487,161.28817489878094,155.63536560314796,151.0793936200348,145.85718458759993,143.47013312364442,140.2863913111323,135.34486374625567,133.22873408827164,124.36020551207814,,,177.46604874279578,155.63536560314796,140.2863913111323,161.8249253417264,"rgba(38, 166, 154, 0.5)",18.381707705520444,177.7601261835692,0.905240910311802,52.15217478586411,8.280095701380688,False,True,False,False,False,12.17812053013326,0.0,0.0,0.0,0.0,0,0.9913520129852851,0.9407679412469069,False,False,False,False,0.1986477512905096,0.21413357318890003,False,False,False,False,483414.0,424726.73552126536,False,False,False,False,21416.64722427438,False,False,False,False
2025-08-05 15:00:00+00:00,194.45,195.85,191.61,194.36,13688.0,,,,,,,,,,201.37799238621227,179.62436276628884,177.2333983246087,174.94200609140555,171.97358164880157,165.72391794420582,159.22106674079146,153.9319964644763,149.78881467391852,142.83295044253813,137.02677324741626,134.2634034336795,132.10722683444214,129.2931155911001,122.84796266993692,,,,,,,,,197.37620871278318,187.71715315685896,176.21549514050562,172.40292747347505,167.65211569596082,164.445020489185,161.3878924342225,155.73684427966407,151.17981536414607,145.95639198925736,143.56942446730966,140.38562706842347,135.4428531378018,133.32620863163083,124.4554575078323,,,177.56237936677394,155.73684427966407,140.38562706842347,161.89632134295746,"rgba(38, 166, 154, 0.5)",18.350147789620646,177.77356918393735,0.9038854076937956,47.92668761514655,4.370414808607357,False,True,False,True,False,12.141049821618736,0.0,0.0,0.0,0.0,0,0.9851072227338509,0.9607156953032499,False,False,False,False,0.1394710853378792,0.17680232926338962,False,False,False,False,469726.0,425424.3985364396,False,False,False,False,21296.823236301134,False,False,False,False
2025-08-05 16:00:00+00:00,194.325,195.3,193.14,195.3,11558.0,,,,,,,,,,201.23827474066,179.7059401885067,177.31682411188575,175.02595754441734,172.05841942118465,165.80761518247667,159.30717813238832,154.01840219135255,149.8741302613144,142.91750244887277,137.11055351933513,134.34654365345426,132.18981794641886,129.37480020613145,122.92822340707676,,,,,,,,,197.2240475226423,187.77022853681257,176.29923692329544,172.48808406048926,167.73515006299417,164.52928679026698,161.47326593859432,155.82354251149889,151.2655083674729,146.04095649086835,143.6540227007611,140.47013323645743,135.5262419382519,133.4091381634636,124.53642337099586,,,177.64599145400155,155.82354251149889,140.47013323645743,161.96108185905018,"rgba(38, 166, 154, 0.5)",18.32409799581903,177.80103747765796,0.9549699268326743,46.17825542055659,2.741192763622273,False,True,False,True,False,12.77554203032297,0.0,0.0,0.0,0.0,0,0.9955726991953978,0.9618774936705506,False,False,False,False,0.14537484343072257,0.16108858634705608,False,False,False,False,481284.0,426290.4388692079,False,False,False,False,21145.83372876158,False,False,False,False
2025-08-05 17:00:00+00:00,195.385,198.055,194.98,197.7,6420.0,,,,,,,,,,201.1894386874528,179.75791304197813,177.36903022960107,175.07780339697607,172.11011919146037,165.8576467291803,159.35797844532618,154.0689884148645,149.92384366422056,142.9664626848302,137.15886859599038,134.39440959359538,132.23731065945628,129.42170377076872,122.97417568292164,,,,,,,,,197.21488239792455,187.80933009219495,176.35131391376893,172.54006575422096,167.785038304875,164.57950602565157,161.52382449892832,155.87442007281538,151.31551577115,146.0900519933248,143.70303843034375,140.5189770269757,135.57428436475868,133.4568573596929,124.58281032391731,,,177.69842668340382,155.87442007281538,140.5189770269757,162.00451005289634,"rgba(38, 166, 154, 1.0)",18.210011134607832,177.83403391022856,1.0909365152455335,47.5355193020291,2.741192763622273,False,True,False,True,False,14.369967715407345,0.0,0.0,0.0,0.0,0,0.998693690127464,0.953606206951152,False,False,False,False,0.1731979547577058,0.16714327055238093,False,False,False,False,487704.0,427242.5871037938,False,False,False,False,20917.526229090858,False,False,False,False
2025-08-05 18:00:00+00:00,197.725,198.29,194.89,195.54,8492.0,,,,,,,,,,201.1166292462151,179.82350625575938,177.43530083948474,175.14390779732526,172.17633203769034,165.92215275482496,159.42376558819493,154.13467174648554,149.98850276758085,143.03028353441994,137.22194011505027,134.4569324362634,132.29937296624394,129.48302862524142,123.03431967120906,,,,,,,,,197.1784619248101,187.85676152965348,176.41755825683683,172.60659953887597,167.84925036097883,164.64431930657477,161.58921409140476,155.94042637156855,151.38052263907986,146.1539909129691,143.76691845104358,140.58268704801168,135.6370220645932,133.51920049575526,124.64350806232139,,,177.7649386493047,155.94042637156855,140.58268704801168,162.0591063046278,"rgba(38, 166, 154, 0.5)",18.140461309281314,177.87254319685104,0.9739254422438334,46.46504493100359,2.741192763622273,False,True,False,True,False,12.31526141761464,0.0,0.0,0.0,0.0,0,1.0031462271602338,0.9514638512979834,False,False,False,False,0.17408005614435446,0.1706116633483677,False,False,False,False,479212.0,428048.3144355179,False,False,False,False,20724.882411585575,False,False,False,False
2025-08-05 19:00:00+00:00,195.46,196.84,195.135,196.54,13722.0,,,,,,,,,,201.00181400111563,179.92796364788904,177.54102203364323,175.2495125470408,172.28225739084152,166.02557579718504,159.52937833193687,154.24020482014055,150.0924492245909,143.13295539668374,137.32345394059973,134.55758327473868,132.39929693514873,129.58178310687074,123.13120582549017,,,,,,,,,197.12114463146506,187.93167132265833,176.52330729522248,172.71301520291863,167.95215040616085,164.74826510626414,161.6941490448454,156.04644910920987,151.48500944186418,146.25682378009358,143.86967883561158,140.68520104315056,135.7380104818926,133.61956841158437,124.74127751493113,,,177.87101709224385,156.04644910920987,140.68520104315056,162.1467618443105,"rgba(38, 166, 154, 1.0)",18.06502869390831,177.93572606120028,1.029850229082295,46.82533157180594,2.741192763622273,False,True,False,True,False,12.988778492592495,0.0,0.0,0.0,0.0,0,1.0028375502482856,0.9521294763668848,False,False,False,False,0.1667574982207482,0.16868458078455795,False,False,False,False,492934.0,429054.29405667266,False,False,False,False,20616.310591250913,False,False,False,False
2025-08-06 14:00:00+00:00,195.97,198.25,191.62,194.04,22995.0,,,,,,,,,,200.76342654121322,180.08378795250147,177.70115875320334,175.41131339420542,172.44641136730786,166.18856849412194,159.69764979322136,154.4094409193376,150.25982722532862,143.29917003611934,137.48836990159154,134.7213337276804,132.5620343145839,129.74281966698695,123.28959105961579,,,,,,,,,196.9047622645749,188.03139266931495,176.6843553060002,172.87767653043053,168.11363253511232,164.91249239040016,161.8608102169698,156.21612303054903,151.6530400268708,146.42293355750192,144.0359541254607,140.85141735505127,135.90221175139308,133.78293376558588,124.90101138864112,,,178.03138328973998,156.21612303054903,140.85141735505127,162.27749039461847,"rgba(38, 166, 154, 0.5)",17.951598819107478,178.0139211333567,0.8927382473356817,44.847173247401315,0.5811072361181928,False,True,False,True,False,10.641392837758708,0.0,0.0,0.0,0.0,0,0.9954662037876629,0.9482370009585741,False,False,False,False,0.1540077179430757,0.1613461493638168,False,False,False,False,469939.0,429688.1654666467,False,False,False,False,20653.189496812913,False,False,False,False
2025-08-06 15:00:00+00:00,194.26,197.77,193.38,195.96,9431.0,,,,,,,,,,200.68687787628508,180.15136055357928,177.77005403634897,175.4805335133156,172.51624405779404,166.25736776884094,159.76829060422943,154.480270433957,150.32975253972413,143.36844023260153,137.55699052691594,134.78942634042934,132.62967506852178,129.80971753102392,123.35531543224909,,,,,,,,,196.8633273177623,188.0779060779885,176.75345674289468,172.94777210585875,168.18193869980044,164.98172503158597,161.93088544443142,156.28720119536305,151.72327783722443,146.49223115299128,144.1052654324176,140.92063839479928,135.97050983204753,133.85085254333245,124.96731137819184,,,178.10043920012166,156.28720119536305,140.92063839479928,162.33566974996745,"rgba(38, 166, 154, 1.0)",17.844040058339438,178.0567815153558,1.0033164253224773,45.6541150388902,0.5811072361181928,False,True,False,True,False,11.959384749158051,0.0,0.0,0.0,0.0,0,0.9998331001014238,0.9492881077403039,False,False,False,False,0.16175437389820688,0.16155026163101183,False,False,False,False,479370.0,430458.42646716384,False,False,False,False,20479.202062753797,False,False,False,False
2025-08-06 16:00:00+00:00,195.76,197.245,195.76,197.125,8912.0,,,,,,,,,,200.63082804204774,180.21877803396856,177.83830250632442,175.54874631514645,172.58469772756354,166.32429937090112,159.83665258138282,154.54860820598702,150.39709392759963,143.4349861830381,137.62280642903175,134.85469320296113,132.69447844703825,129.8737732012301,123.4181760175116,,,,,,,,,196.8584880717548,188.12707893965876,176.8217399834858,173.01652855677642,168.24852543779917,165.04899658514188,161.9988040548794,156.35584249079722,151.79095935119523,146.5588722411366,144.17186627596627,140.98708878677994,136.03599143336046,133.91593922249675,125.03073877872909,,,178.16890429408443,156.35584249079722,140.98708878677994,162.39445098938737,"rgba(38, 166, 154, 1.0)",17.72667072698881,178.10528879520922,1.0729432219798227,47.397779861735344,0.5811072361181928,False,True,False,True,False,12.748704774762334,0.0,0.0,0.0,0.0,0,1.0092186811192077,0.9583019993257786,False,False,False,False,0.17301548438064607,0.16728287300582895,False,False,False,False,488282.0,431354.9159793008,False,False,False,False,20299.865596664593,False,False,False,False
2025-08-06 17:00:00+00:00,197.185,198.19,197.165,197.97,5451.0,,,,,,,,,,200.60641975289286,180.26238940728908,177.88214671819446,175.5923417887694,172.62821652507165,166.36652287444073,159.87954551510327,154.59135099499815,150.43913176372448,143.47641909003016,137.663714689463,134.89523189203194,132.73470903898166,129.91351559183425,123.4571293688636,,,,,,,,,196.87584581798808,188.1605780680834,176.8654995958621,173.06026900070594,168.29061830506208,165.0913819696384,162.04148627470994,156.39881695985582,151.83323540000947,146.60040971155846,144.21334352080274,141.0284303384536,136.07667532836172,133.9563569784163,125.07005431675215,,,178.212924191562,156.39881695985582,141.0284303384536,162.43280085212405,"rgba(38, 166, 154, 1.0)",17.616509515097324,178.13978156775647,1.1256610405852,49.428004590442356,0.5811072361181928,False,True,False,False,True,13.320288324289834,0.0,0.0,0.0,0.0,0,1.011636826981836,0.9485379204535115,False,False,False,False,0.18646776124757208,0.17687531712670052,False,False,False,False,493733.0,432322.0180571411,False,False,False,False,20069.65062617367,False,False,False,False
2025-08-06 18:00:00+00:00,197.95,198.19,196.93,197.455,6117.0,,,,,,,,,,200.57714636813031,180.31037695043116,177.9305032850688,175.64051147668667,172.67638999240518,166.41339435429842,159.9272469597079,154.63893843416074,150.4859683422235,143.5226253499261,137.70936424613345,134.94048079844802,132.77962249389395,129.9578942310554,123.50064656624875,,,,,,,,,196.88935509423217,188.19692386094277,176.91380406951555,173.10867530741007,168.33731207152104,165.13845260996047,162.08892802588204,156.446645221769,151.8803265897462,146.64671473084036,144.2595951729652,141.07454729152772,136.122081426813,134.001474637748,125.11397130015663,,,178.26145933539226,156.446645221769,141.07454729152772,162.47505232122984,"rgba(38, 166, 154, 1.0)",17.51532853950693,178.17706495352004,1.100632226395147,50.15623334059943,0.5811072361181928,False,True,False,False,True,12.81882015476748,0.0,0.0,0.0,0.0,0,1.0078151413487295,0.9498842682895116,False,False,False,False,0.18502358449314488,0.1809494508099227,False,False,False,False,487616.0,433179.28909501486,False,False,False,False,19853.330461426787,False,False,False,False
2025-08-06 19:00:00+00:00,197.51,199.07,196.88,198.61,13121.0,,,,,,,,,,200.52940721309514,180.41633792857115,178.03690515309066,175.7462278756977,172.78183099069244,166.51558796707008,160.0309537074339,154.74222817234508,150.58752820972833,143.6226831718266,137.80812890608155,135.03834358126127,132.87673478927616,130.05382070820153,123.59465176072727,,,,,,,,,196.94479095697443,188.2794051153422,177.01996122192762,173.2146600622202,168.43922822481028,165.2410133833588,162.19215633584648,156.55050928087556,151.98247029507397,146.74704379394024,144.35976407614942,141.1743714154014,136.22029887243542,134.0990423782505,125.20885328643399,,,178.36829684272496,156.55050928087556,141.1743714154014,162.56887343645,"rgba(38, 166, 154, 1.0)",17.411233438411706,178.26343631338557,1.1685883001101447,51.95281669794733,-2.6767119810966165,False,True,True,False,True,13.616417689438176,0.0,0.0,0.0,0.0,0,1.0067014050915124,0.9481386426090116,False,False,False,False,0.1901277489507125,0.1855385998803176,False,False,False,False,500737.0,434226.69546563475,False,False,False,False,19748.95324497056,False,False,False,False
2025-08-07 14:00:00+00:00,203.76,204.32,199.855,200.98,25698.0,,,,,,,,,,200.5741593844781,180.6607983156001,178.27805512330218,175.98256901755042,173.01419626449947,166.73595343948708,160.25109733264193,154.95944239760144,150.7998551946658,143.83020853355754,138.0118917055348,135.23980736748624,133.07634004479323,130.25061533763872,123.78676546147504,,,,,,,,,197.31344093469886,188.49326593809621,177.25901742699392,173.44865363478405,168.6602920017151,165.46138564131263,162.4123021361194,156.7695691221825,152.1964147340543,146.95582838450173,144.5676761449995,141.3809219359755,136.42267601752675,134.29975900816976,125.40292991281456,,,178.6109600133346,156.7695691221825,141.3809219359755,162.78717912517462,"rgba(38, 166, 154, 1.0)",17.342307352175386,178.49751006286687,1.2963955418719393,55.49177776922663,0.7953489849751918,False,True,True,False,True,15.221906167633072,0.0,0.0,0.0,0.0,0,1.0147856023430877,0.9354880147984483,False,False,False,False,0.2401814246488096,0.21286001226456358,False,False,False,False,526435.0,435656.2815824466,False,False,False,False,19841.186527994272,False,False,False,False
2025-08-07 15:00:00+00:00,201.185,202.65,200.33,200.91,11031.0,,,,,,,,,,200.58564769048854,180.76195448805544,178.3782348356445,176.08106467253157,173.1113509283679,166.82857238807597,160.34392982428818,155.05123246288164,150.88970737528493,143.9181901902735,138.09838362422954,135.32536762104243,133.16114284333042,130.33426283830852,123.86849709690976,,,,,,,,,197.44124961579888,188.58013215998108,177.35847516738244,173.54644154552932,168.75308748152,165.5540762178928,162.50504469883552,156.86207521774205,152.28691074655953,147.04427820173797,144.6558067574116,141.46853652862814,136.5086058052615,134.3850160083128,125.4854779687645,,,178.71171141535854,156.86207521774205,141.46853652862814,162.8775342498178,"rgba(38, 166, 154, 1.0)",17.250148869967912,178.5912780771035,1.2938277861330714,57.74216031166894,2.965734357210529,False,False,True,False,True,15.150842376825992,0.0,0.0,0.0,0.0,0,1.0134857963285817,0.9405701979284179,False,False,False,False,0.23204897243500686,0.2224544923497852,False,False,False,False,515404.0,436892.68031760247,False,False,False,False,19704.59448880056,False,False,False,False
2025-08-07 16:00:00+00:00,200.775,201.58,198.31,199.65,15786.0,,,,,,,,,,200.56920651799612,180.89490087349355,178.51111548360382,176.21266262761327,173.24213628571889,166.95471563313123,160.4713724611811,155.17785972908837,151.01405338272633,144.04045949023384,138.2189176910996,135.44474174677228,133.27955963412768,130.45118623529194,123.98297566493697,,,,,,,,,197.54685241012714,188.68846917171888,177.49084664386635,173.67794304599676,168.87909292459284,165.68054335488384,162.6320654480344,156.98949202383847,152.4120226359411,147.16698565893105,144.77823501099473,141.59044531560434,136.6284377654914,134.50401116460674,125.60104367639698,,,178.8451882407319,156.98949202383847,141.59044531560434,162.99654293330718,"rgba(38, 166, 154, 1.0)",17.123862810404923,178.70642464988492,1.2230637200263716,57.25806578788261,2.965734357210529,False,False,True,False,True,13.865216500939574,0.0,0.0,0.0,0.0,0,1.004524070374428,0.951060127601985,False,False,False,False,0.2124625801000946,0.2174585362249399,False,False,False,False,499618.0,437865.1658940737,False,False,False,False,19643.84108587342,False,False,False,False
2025-08-07 17:00:00+00:00,199.64,200.97,199.22,200.03,12619.0,,,,,,,,,,200.5605415503477,181.0011059259617,178.61727628100508,176.317814662163,173.34664962451288,167.05555096647055,160.57324063481778,155.27908026245757,151.11345891299783,144.13821063982593,138.31528535392766,135.5401844650673,133.37423881679965,130.54467422324868,124.07451232428569,,,,,,,,,197.63251159347857,188.77531354274458,177.5966076974131,173.78302298139852,168.9798188448816,165.78163592058092,162.7335980622751,157.09134021107175,152.51203771535947,147.2650863307694,144.8761128887552,141.68790884037352,136.7242456183915,134.59915162591653,125.69344772658891,,,178.9518189825765,157.09134021107175,141.68790884037352,163.09190558108193,"rgba(38, 166, 154, 1.0)",16.86885622080577,178.7989497282445,1.258594536218138,57.393274173959234,2.965734357210529,False,False,True,False,True,14.132343859704022,0.0,0.0,0.0,0.0,0,1.0023764626869527,0.9556092268746934,False,False,False,False,0.21435691911893157,0.21590772767193572,False,False,False,False,512237.0,439018.21758563846,False,False,False,False,19534.928820976158,False,False,False,False
2025-08-07 18:00:00+00:00,200.005,200.24,197.99,199.89,10659.0,,,,,,,,,,200.54327317912353,181.08664384543943,178.70323793147483,176.4033189358379,173.4320019692705,167.13845165519697,160.6573614586172,155.36289363057918,151.1959153224273,144.21948364698332,138.39553144840716,135.61971144540462,133.45316631558953,130.62265309046143,124.1509493972204,,,,,,,,,197.6809780175577,188.84316212468016,177.68241484585613,173.86878615596217,169.0624904489791,165.8648311356529,162.81733271420114,157.1755998381679,152.5949533066972,147.34657223924887,144.95747363554972,141.76899747696854,136.8040555767896,134.6784430214401,125.7705881175412,,,179.0380991706109,157.1755998381679,141.76899747696854,163.16901887940293,"rgba(38, 166, 154, 1.0)",16.586612994540207,178.87097204323248,1.2672284548802282,57.23623891113134,3.094807229866653,False,False,True,False,True,13.986169611810492,0.0,0.0,0.0,0.0,0,0.9949982597037629,0.9591223750531758,False,False,False,False,0.202007287401645,0.20895750753679038,False,False,False,False,501578.0,439988.13669283787,False,False,False,False,19397.31752142614,False,False,False,False
2025-08-07 19:00:00+00:00,200.03,200.965,199.56,200.965,16024.0,,,,,,,,,,200.54227586629014,181.2215551197696,178.83808588470703,176.53690155534832,173.56477746002076,167.26659684670653,160.7867881313662,155.49149576968125,151.32222369955957,144.3436941245357,138.51798680423985,135.74099460795637,133.5734817762076,130.74145918560944,124.26727967712078,,,,,,,,,197.79409263971584,188.95425015462286,177.81676142114068,174.00227155927874,169.1905051183293,165.99329542073366,162.94634202713445,157.30499515761,152.72203229733935,147.47122869852168,145.0818451683287,141.8928412985764,136.9258016404338,134.79934301511133,125.8880174369967,,,179.17353345989807,157.30499515761,141.8928412985764,163.29078553887788,"rgba(38, 166, 154, 1.0)",16.300829649753712,178.98982772870423,1.348101461303707,58.56717115347117,4.657432499949792,False,False,True,False,True,14.760227105937975,0.0,0.0,0.0,0.0,0,0.9976950217620852,0.9572742022714985,False,False,False,False,0.2164740573045264,0.2127157824206584,False,False,False,False,517602.0,441191.45240302646,False,False,False,False,19345.018024969922,False,False,False,False
2025-08-08 14:00:00+00:00,203.64,208.28,202.84,207.435,15899.0,,,,,,,,,,200.6595894302246,181.39253334680274,179.00495189811232,176.69910719959458,173.72279024114752,167.41437193256567,160.93265343769514,155.634408746168,151.46133188658777,144.4788246243837,138.65011796919825,135.8714157992895,133.7025432248612,130.86852008326545,124.39093953261658,,,,,,,,,198.11573053437934,189.11569545791164,177.98154787640792,174.1615526182152,169.33938715897506,166.14067818913497,163.09273359232114,157.4494274716638,152.86238894587507,147.60754259640862,145.21730796868454,142.02708092130038,137.0569066621011,134.9292101181622,126.01302198775088,,,179.34163193966037,157.4494274716638,142.02708092130038,163.44360306020596,"rgba(0, 255, 255, 0.75)",16.06465068330451,179.1641947222571,1.7598145042222346,64.67146690417127,10.455971759476448,True,False,True,False,True,19.114482949266336,0.0,0.0,0.0,0.0,0,1.0003045492037308,0.9466023729458793,False,False,False,False,0.28453792649106774,0.24862685445586308,False,False,False,False,533501.0,442622.60817972367,False,False,False,False,19291.591388923876,False,False,False,False
2025-08-08 15:00:00+00:00,207.4,208.51,206.23,208.32,17886.0,,,,,,,,,,200.8201862760131,181.5935838216061,179.20049257080518,176.88866214248907,173.9068698772738,167.58566698691396,161.1010404595045,155.79896983875494,151.62125577323923,144.63382146185754,138.80143847186022,136.02068170224817,133.85018370097296,131.01378978075738,124.5321543000013,,,,,,,,,198.51138939737126,189.30940254570712,178.1744047202045,174.34718066319172,169.51221806266022,166.3113630080072,163.26193814641357,157.6158687560511,153.0238305650598,147.76404980581322,145.37272016196354,142.18094787246696,137.20699576118335,135.0778109367065,126.15581008961178,,,179.5386954150098,157.6158687560511,142.18094787246696,163.62259915394637,"rgba(0, 255, 255, 0.75)",15.813578709280643,179.37169720279493,1.8305978254129114,69.19173081016652,14.497144926308962,True,False,True,False,True,19.67267443705286,0.0,0.0,0.0,0.0,0,1.0122207854770418,0.9435485915671512,False,False,False,False,0.3083638735032135,0.2784953639795383,False,False,False,False,551387.0,444308.87782034813,False,False,False,False,19269.799274366917,False,False,False,False
2025-08-08 16:00:00+00:00,208.425,209.2,206.63,206.73,9791.0,,,,,,,,,,200.9029689180657,181.70164969198808,179.30578901997956,176.99089151305859,174.00630153432883,167.67843295548127,161.19237679101147,155.88832458608348,151.70815611428398,144.71812354722957,138.8837926817631,136.10193964179717,133.93057261320382,131.0929072471575,124.60909973270192,,,,,,,,,198.71074097847364,189.41279199213855,178.2783296554363,174.4474239216306,169.60575928248264,166.40383117827628,163.35367447672238,157.70621262408213,153.11153526790218,147.84914144040127,145.4572408347761,142.26465782689294,137.28869274003083,135.15871378187583,126.23360331541124,,,179.64478218774002,157.70621262408213,142.26465782689294,163.71875116857268,"rgba(0, 255, 255, 0.75)",15.489476941425053,181.79798156199857,1.609610094148708,69.44846580587745,14.609371784738954,True,False,True,False,True,17.970296700984118,0.0,0.0,0.0,0.0,0,1.025194421235298,0.936114146153352,False,False,False,False,0.3153823601262323,0.2969388620528853,False,False,False,False,541596.0,445817.2052960017,False,False,False,False,19122.84114608216,False,False,False,False
2025-08-08 17:00:00+00:00,206.86,208.405,205.79,208.3,4727.0,,,,,,,,,,200.9420791945686,181.7534575241873,179.35630653216168,177.0399681576856,174.05406501538653,167.72304110205008,161.23632399062268,155.93133571707645,151.7499978686719,144.7587289143445,138.92346935507555,136.14109223272908,133.9693094289361,131.13103503953224,124.64618749818572,,,,,,,,,198.80363228587566,189.46222912813886,178.3282036037838,174.49557229483776,169.6507297540041,166.44830209249312,163.39780624241874,157.7496938661024,153.15376046022593,147.890121289688,145.49795014524432,142.30498206160223,137.3280551873228,135.19769657054962,126.27109791323373,,,179.6956728598772,157.7496938661024,142.30498206160223,163.76483616065192,"rgba(0, 255, 255, 0.75)",15.369878454683082,181.84780125307765,1.721041504974464,70.67187670198234,15.811520144219088,True,False,True,False,True,18.985167551504905,0.0,0.0,0.0,0.0,0,1.0175264379675006,0.9417590920815063,False,False,False,False,0.30444690576706046,0.30069288390997284,False,False,False,False,546323.0,447375.43467125745,False,False,False,False,18899.649810483985,False,False,False,False
2025-08-08 18:00:00+00:00,208.3,208.955,207.91,208.67,4822.0,,,,,,,,,,200.98759337331873,181.80816433174564,179.4095019936248,177.09152885236097,174.10412028258742,167.76959956917224,161.28204863994472,155.97599819313078,151.79339057837083,144.80076439696492,138.9644935603845,136.1815540119923,134.00932673947295,131.1704054834384,124.68444875225907,,,,,,,,,198.90719897123887,189.51519989089408,178.38066606278252,174.54604764519,169.6977194621651,166.49468508750095,163.44376645899212,157.79487266837717,153.19756867782155,147.93257641657578,145.5401004198769,142.34670395036,137.36874246736275,135.2379762821157,126.3097871314581,,,179.74928018474722,157.79487266837717,142.34670395036,163.81338423850943,"rgba(0, 255, 255, 0.75)",15.265262839190457,181.91398212434575,1.7527387610361744,71.73037891417431,16.944978374062558,True,False,True,False,True,19.223857503711486,0.0,0.0,0.0,0.0,0,1.0185302522855704,0.9400256035586362,False,False,False,False,0.3223425885244694,0.3115177362172211,False,False,False,False,551145.0,448984.26514147053,False,False,False,False,18681.391673887334,False,False,False,False
2025-08-08 19:00:00+00:00,208.735,208.89,207.08,207.97,13327.0,,,,,,,,,,201.10189398539006,181.9552182551143,179.55285099373734,177.23076055938822,174.2395831839322,167.89605435145816,161.40654576974484,156.09779701325272,151.9118536544414,144.91568679989925,139.07675986493268,136.2923266844809,134.1189154072714,131.27826250787703,124.78934397480273,,,,,,,,,199.16704466966235,189.65602463170043,178.5221755112241,174.6826035120626,169.82522924936663,166.62073217454716,163.56881241559643,157.91801559573935,153.3171252864452,148.04857773250012,145.65532113195758,142.4608171241549,137.48011350078195,135.34826503452294,126.41583658301435,,,179.89368791510142,157.91801559573935,142.4608171241549,163.94399694606042,"rgba(0, 255, 255, 0.75)",15.116595336801078,182.06050086882692,1.7139771591356203,71.09330780945527,16.944978374062558,True,False,True,False,True,18.455073707836945,0.0,0.0,0.0,0.0,0,1.0148495052315156,0.9388344880081538,False,False,False,False,0.31632209846126014,0.31391991733924063,False,False,False,False,537818.0,450361.5323485795,False,False,False,False,18598.37784948598,False,False,False,False
2025-08-11 14:00:00+00:00,208.105,209.12,206.84,207.7,17578.0,,,,,,,,,,201.24508974243528,182.1459836344007,179.73912590986575,177.41194402350462,174.41611772323526,168.0612483512835,161.56941586362345,156.25728951298294,152.06708300320938,145.0664054969582,139.2240792764203,136.43772201862916,134.26278263114608,131.4198884517155,124.92714017092739,,,,,,,,,199.48444356895587,189.83758726293442,178.70618196842395,174.8605205765464,169.99171006537296,166.78544605715547,163.73233079973576,158.07921588617455,153.47375397828324,148.2006598407842,145.80641918244086,142.610510714007,137.6262793470868,135.49303659693808,126.55513326193226,,,180.08128857333662,158.07921588617455,142.610510714007,164.113462552178,"rgba(0, 255, 255, 0.75)",14.940096270660243,182.24307421128663,1.7039331827269646,70.130460836516,16.944978374062558,True,False,True,False,True,18.15592064656116,0.0,0.0,0.0,0.0,0,1.012889020511698,0.9412204009631358,False,False,False,False,0.31625495637545725,0.31508743685734897,False,False,False,False,520240.0,451444.91944395035,False,False,False,False,18582.55803786604,False,False,False,False
2025-08-11 15:00:00+00:00,207.6,208.15,205.735,206.55,10904.0,,,,,,,,,,201.31702643930586,182.25803185400557,179.84908399915568,177.5193367087997,174.52121049004575,168.1602899325261,161.6675435821841,156.3536835352367,152.16109694466024,145.15794369715255,139.31372218426503,136.52626482747274,134.350445836879,131.50624773177913,125.01128393114801,,,,,,,,,199.6462390013142,189.9418075685354,178.8150080940165,174.96636989265357,170.0913427645933,166.8843071695309,163.83070480974726,158.17654316924228,153.56855234393979,148.29291949275387,145.89816359590563,142.70150143614393,137.7152618578284,135.58122212444727,126.64016381978773,,,180.1919522304557,158.17654316924228,142.70150143614393,164.2133582156406,"rgba(0, 255, 255, 0.75)",14.755337767419972,182.3374760217443,1.6409332242951,67.22088141076841,16.944978374062558,True,False,True,False,False,16.877691714873478,0.0,0.0,0.0,0.0,0,1.0095892169448013,0.9435686777920413,False,False,False,False,0.30238153246683097,0.30873448466208997,False,False,False,False,509336.0,452342.4555766023,False,False,False,False,18463.510626426258,False,False,False,False
2025-08-11 16:00:00+00:00,206.42,207.06,205.455,205.86,7331.0,,,,,,,,,,201.35844020287473,182.33070300998168,179.9206404998153,177.58941695127655,174.5899898032653,168.22541572083273,161.7322782089878,156.41740583760082,152.22333137085602,145.2186506847536,139.37324576538006,136.58508860488055,134.40870735799757,131.563669432659,125.06728441902017,,,,,,,,,199.74101450692413,190.00833773263878,178.88591881794176,175.03561532299946,170.15677849654955,166.94936122435007,163.89553902971846,158.24083941310118,153.63127862972192,148.35405865042986,145.9589968395914,142.76187797435637,137.77436495091814,135.639818334182,126.6967417489131,,,180.26393419785572,158.24083941310118,142.76187797435637,164.27834352998983,"rgba(0, 255, 255, 0.75)",14.564537526175386,182.39522197766763,1.6110898118228254,63.990079411282615,18.523964859159037,True,False,True,False,False,16.112270972344994,0.0,0.0,0.0,0.0,0,1.009485880730516,0.9505471136372425,False,False,False,False,0.29328356323975546,0.3010090239509227,False,False,False,False,502005.0,453112.4175056472,False,False,False,False,18290.913562450656,False,False,False,False
2025-08-11 17:00:00+00:00,206.09,207.17,205.76,205.94,4642.0,,,,,,,,,,201.38519160759515,182.37680761327962,179.96603303959557,177.63387015096885,174.63361344634563,168.26671708849068,161.77332287192283,156.45780424749842,152.26278453484773,145.25713193308013,139.41097440336318,136.62237277649896,134.44563452119988,131.60006362415464,125.10277614503117,,,,,,,,,199.80112022570984,190.05061101764207,178.93090033161891,175.0795345739744,170.19827926386992,166.99061515874888,163.93664947560956,158.2816027841166,153.6710442454046,148.39281563634844,145.99755849862402,142.80014848363263,137.81182655468422,135.67695797068495,126.73259968293159,,,180.3095965165314,158.2816027841166,142.80014848363263,164.31957319853885,"rgba(0, 255, 255, 0.75)",14.256730167295823,182.4332783103627,1.6488157813044995,61.95174438912484,16.59672242981779,True,False,True,False,False,16.170254140925095,0.0,0.0,0.0,0.0,0,1.0074141048824594,0.9506974941875487,False,False,False,False,0.29603447358372054,0.2985217487673216,False,False,False,False,506647.0,453942.41103269137,False,False,False,False,18079.302499466925,False,False,False,False
2025-08-11 18:00:00+00:00,205.91,205.91,203.99,204.76,5941.0,,,,,,,,,,201.4093330416561,182.43210812577027,180.02081564025863,177.6877861618486,174.6868024598925,168.31749944251857,161.82409064787956,156.50795887309346,152.31188483220015,145.30518016234674,139.45818695851744,136.66907224478882,134.49191786708508,131.6457163597153,125.14737014516844,,,,,,,,,199.8601623860304,190.09974697094106,178.98531245920054,175.13304497733344,170.24919476773238,167.04140652292736,163.9874084591891,158.33215038195715,153.72049520681364,148.44114219347668,146.04569221960602,142.84798011960166,137.8587302374605,135.72349018431333,126.77763618414393,,,180.3646595163741,158.33215038195715,142.84798011960166,164.36932741972163,"rgba(0, 255, 255, 0.75)",13.940680144846615,182.47234026637676,1.5987498100558746,58.292002072709494,13.18825448281882,True,False,True,False,False,14.838857965115597,0.0,0.0,0.0,0.0,0,0.9998579398698214,0.9558451286289908,False,False,False,False,0.2760465621651963,0.28728415546625896,False,False,False,False,500706.0,454667.4279159055,False,False,False,False,17891.11176304108,False,False,False,False
2025-08-11 19:00:00+00:00,204.74,205.02,203.645,204.83,24996.0,,,,,,,,,,201.49641376792883,182.65785898427114,180.24513335728633,177.90910752408345,174.90570321215645,168.5273731724136,162.03447182430762,156.7161602444912,152.51594977035023,145.50517949414612,139.65490958205262,136.86374185901005,134.68491413395057,131.83615785122086,125.33353782174146,,,,,,,,,200.0761706156604,190.29762694483304,179.20837209013553,175.35318311806324,170.45940448294724,167.25144404552964,164.1975843562157,158.5418632312481,153.92594076142112,148.64217489225564,146.24601881410143,143.04716621997727,138.05421584974707,135.91748962563435,126.96561505436648,,,180.5900261152075,158.5418632312481,143.04716621997727,164.5733267285853,"rgba(0, 255, 255, 0.75)",13.597390675096122,182.63508837842036,1.6322919707109724,55.98122511789836,11.073520723510917,False,False,True,False,False,14.89199244443012,0.0,0.0,0.0,0.0,0,0.9997413848839466,0.9572379905605484,False,False,False,False,0.2679618158620539,0.27762298566415644,False,False,False,False,525702.0,455768.7391110077,False,False,False,False,18001.265069040444,False,False,False,False
2025-08-12 14:00:00+00:00,207.695,211.02,207.325,208.975,15892.0,,,,,,,,,,201.63041113663084,182.82878171066494,180.41231962019623,178.07198946286925,175.0646261556541,168.67647855146956,162.18155210113719,156.8602701487591,152.65629108023356,145.64151232434358,139.78820945218465,136.9953227164877,134.81512836746654,131.964366417102,125.45830993478025,,,,,,,,,200.3358698312797,190.4605484681386,179.3736467064875,175.51329466881228,170.6096281961882,167.40013237689476,164.3452307356746,158.68747784653033,154.0675208784955,148.7797230359214,146.38268972722278,143.18258397069215,138.18648552087876,136.04851264569524,127.09173196723526,,,180.7583329254284,158.68747784653033,143.18258397069215,164.7253038569539,"rgba(0, 255, 255, 0.75)",13.2707815855703,182.81267780456398,1.9714228605708544,60.02966475331323,11.073520723510917,True,False,True,False,True,17.93717973675401,0.0,0.0,0.0,0.0,0,1.001556996273419,0.9471131757619072,False,False,False,False,0.3323482844245523,0.3049856350443544,False,False,False,False,541594.0,457099.36331083707,False,False,False,False,17968.563285024313,False,False,False,False
2025-08-12 15:00:00+00:00,208.79,210.97,208.76,209.88,10990.0,,,,,,,,,,201.72953213852173,182.94909193976534,180.52985337381097,178.18638423755885,175.17611216392316,168.78088678165992,162.28437383296338,156.96091478209652,152.7542435518926,145.73658083931568,139.8811049704,137.0869967836902,134.90583340746818,132.05365444641436,125.5451634575015,,,,,,,,,200.52178165640817,190.57611991477106,179.48978347616747,175.62562897121558,170.71487949413927,167.5042110306618,164.44849956021628,158.7892041900949,154.16635743118235,148.875676990495,146.47800243694,143.27698747344448,138.2786494332951,136.13979048389893,127.17953058245539,,,180.87666992773737,158.7892041900949,143.27698747344448,164.83207429818518,"rgba(0, 255, 0, 1.0)",12.908890131705839,182.9388154324808,2.0870256306038506,63.557982831231456,7.793955586949096,True,False,True,False,True,18.574060953298854,0.0,0.0,0.0,0.0,0,1.005343919383159,0.9470951981067258,False,False,False,False,0.34177019848176093,0.32337791676305766,False,False,False,False,552584.0,458579.7452750101,False,False,False,False,17860.368505411534,False,False,False,False
2025-08-12 16:00:00+00:00,209.625,212.295,209.21,212.2,16307.0,,,,,,,,,,201.8962285560962,183.13460101687306,180.71056581872503,178.36186268004005,175.34668251371355,168.93995071915077,162.44047967578268,157.11338399748354,152.90242805939764,145.88011769536197,140.021170185848,137.22514198540864,135.04246192377067,132.188081196329,125.67578896540847,,,,,,,,,200.82303711680697,190.75704560427,179.66815657887372,175.79755422460116,170.87542421288518,167.66265222187198,164.6054487561247,158.94341681200174,154.31594591093778,149.02067350640928,146.62193551292668,143.41943338615442,138.41756578330512,136.27731341116038,127.31160865876217,,,181.05868030028842,158.94341681200174,143.41943338615442,164.996036101242,"rgba(0, 255, 0, 1.0)",12.502801479943079,183.13875221509673,2.3243788867257584,67.71012416352224,11.540572289074419,True,False,True,False,True,20.0,0.0,0.0,0.0,0.0,0,1.0056022408963587,0.9461956728392715,False,False,False,False,0.34282825306978343,0.33310308491642054,False,False,False,False,568891.0,460289.9972862503,False,False,False,False,17836.28527276949,False,False,False,False
2025-08-12 17:00:00+00:00,212.155,212.53,210.65,211.61,14412.0,,,,,,,,,,202.04428073770498,183.2986228406411,180.87038799253133,178.51709443389353,175.497599240498,169.0807348936871,162.57863478769164,157.2483194831432,153.0335767577823,146.00715088950318,140.145128133028,137.34740038135325,135.1633778650202,132.30704896802777,125.79139030172058,,,,,,,,,201.08429292020006,190.91710638969886,179.82592808319413,175.9496610167993,171.01751908239237,167.80288303000202,164.74435435302715,159.07989318108525,154.44833565414646,149.14900184163335,146.7493199275883,143.54549854916763,138.5405069368926,136.39902089981638,127.4284947495141,,,181.21963872868304,159.07989318108525,143.54549854916763,165.1409292614914,"rgba(0, 255, 0, 1.0)",12.092155396957326,183.31284967535882,2.3401246010915004,69.2126535698268,12.880095066420537,True,False,True,False,True,19.479225655981853,0.0,0.0,0.0,0.0,0,1.0073178451604738,0.9472558080648225,False,False,False,False,0.34282825308995074,0.33796566900318564,False,False,False,False,554479.0,461750.2919019674,False,False,False,False,17783.195578618026,False,False,False,False
2025-08-12 18:00:00+00:00,211.65,212.66,211.61,212.01,6612.0,,,,,,,,,,202.11415653407542,183.3745522139846,180.94433602290252,178.58889013467896,175.5673646086876,169.14576486971762,162.64239824708756,157.31056605924084,153.09405842818407,146.06570760942918,140.2022488477316,137.40373051088545,135.2190841235426,132.36185145842867,125.84462874181362,,,,,,,,,201.20542438800612,190.9914638674163,179.8989140056228,176.01997981786357,171.08317251551057,167.86764584721504,164.8084802833871,159.14285984979136,154.50939551602477,149.20816775991278,146.80804123921288,143.60360037511748,138.59715480424668,136.45509479388667,127.48232763915227,,,181.29411563068462,159.14285984979136,143.60360037511748,165.2079229742373,"rgba(0, 255, 0, 1.0)",11.693285678327328,183.3933968935406,2.4472679359487666,70.55418399527863,14.23645054693003,True,False,True,False,True,19.75849332718798,0.0,0.0,0.0,0.0,0,1.0096474014053305,0.9460403874153323,False,False,False,False,0.342828253102753,0.34039696105296935,False,False,False,False,561091.0,463290.4579189911,False,False,False,False,17609.998747941776,False,False,False,False
2025-08-12 19:00:00+00:00,212.22,213.67,211.87,213.46,10192.0,,,,,,,,,213.0,202.2295975533877,183.49448195985005,181.06093681101177,178.7019380461391,175.6770407262115,169.24772845320848,162.74216092841468,157.4078225449103,153.1884739891038,146.1570029390419,140.29122775121715,137.4914459227671,135.30580499843316,132.44713782260126,125.927425380227,,,,,,,,,201.40212802693608,191.1099450794589,180.0139231293609,176.13054857481154,171.18619156890045,167.9691426641157,164.90887585566827,159.24128366371272,154.60474061052128,149.30046268716126,146.89960435683275,143.6941512178417,138.68537845781165,136.5424009152375,127.5660615942391,,,181.41157496690454,159.24128366371272,143.6941512178417,168.33379150382518,"rgba(0, 255, 0, 1.0)",11.299055486717108,185.9270078877609,2.4367516510212917,72.60981325248004,16.34871425158215,True,False,True,False,True,20.0,0.0,0.0,0.0,0.0,0,1.008117661911375,0.944855447544502,False,True,False,False,0.3428282531173609,0.34161260708516517,False,False,False,False,571283.0,464964.7608969912,False,False,False,False,17494.991015415548,False,True,False,False
2025-08-13 14:00:00+00:00,212.23,212.98,206.48,207.82,19775.0,,,,,,,,,210.42201977731057,202.3679766425824,183.69398140985044,181.25739029050632,178.8944297936139,175.8659333939529,169.4266720958985,162.91964310105038,157.58236559272004,153.35890722503495,146.32311859900764,140.4540070507782,137.65228088576,135.46508166692922,132.60410051329546,126.08043586714611,,,,,,,,,201.6432024064073,191.29584284851757,180.20864503651788,176.3206713213517,171.36609574057803,168.14780294532224,165.08675238319577,159.4174243974101,154.77653283416623,149.4678420088396,147.06608163035204,143.85930435836622,138.84699145546085,136.70260310199572,127.72065160932323,,,181.60912991067792,159.4174243974101,143.85930435836622,168.40278537355167,"rgba(0, 255, 0, 1.0)",10.818845684959884,185.97361780678096,2.0192895646519275,64.69940414668402,21.464854051757143,True,False,True,False,False,14.293900275143415,0.0,0.0,0.0,0.0,0,0.9949489294467461,0.9457694173851379,False,False,False,False,0.3038555716337093,0.32273408935943726,False,False,False,False,551508.0,466306.51654199907,False,False,False,False,17530.339991920733,False,False,False,False
2025-08-13 15:00:00+00:00,208.09,208.09,201.33,206.47,32507.0,,,,,,,,,207.75515270352466,202.46192387054634,183.96723191244635,181.53117344843199,179.16648950263934,176.136891040855,169.68953736590362,163.1847126295011,157.84577936606067,153.61789384162194,146.5778875945247,140.70521471897658,137.9011365246921,135.71199422931898,132.84799201982776,126.31929340337616,,,,,,,,,201.822222738916,191.52977978605688,180.48179531510914,176.592822765748,171.62875743486657,168.41122132835702,165.35110163378621,159.6823587478339,155.03701487395838,149.72356948921288,147.3211832029504,144.11328953094613,139.09677981874597,136.95068713466236,127.96170586284518,,,181.88379865671024,159.6823587478339,144.11328953094613,168.5372713864608,"rgba(0, 255, 255, 0.75)",10.293559661046109,186.03448399607117,1.9852720222007256,57.975341221975455,15.465364001988661,False,False,True,False,False,12.843566210555707,0.0,0.0,0.0,0.0,0,0.9830348496549359,0.9569987374201695,False,False,False,False,0.24135142305208038,0.2820427562057588,False,False,False,False,519001.0,467123.485277782,False,False,False,False,17762.53627111576,False,False,False,False
2025-08-13 16:00:00+00:00,206.655,206.78,201.94,202.99,15858.0,,,,,,,,,206.97536728284737,202.48413271066363,184.08949444311668,181.65478485339966,179.29021569725796,176.26104080823617,169.81141523662896,163.30858394292315,157.96948636019815,153.7399199368722,146.69844502464247,140.8244288498465,138.01937720504145,135.82941463077054,132.9641006989802,126.43324760239697,,,,,,,,,201.87080804861336,191.62982251770873,180.60553857975174,176.71738554256373,171.7501803522128,168.53357139327275,165.47434835436542,159.80658121771728,155.15961853480172,149.84436705249473,147.44184944637703,144.23362709716486,139.21540424092032,137.06860672979496,128.0766484382864,,,182.0076552882054,159.80658121771728,144.23362709716486,168.61561670098388,"rgba(0, 255, 255, 0.75)",9.711766355239346,186.07536908381954,1.7416636992152608,50.447049463584136,8.854027148197595,False,True,False,True,False,9.244361906560592,0.0,0.0,0.0,0.0,0,0.9875945942652419,0.9615408050109067,False,False,False,False,0.2370669432272087,0.25955484971648374,False,False,False,False,503143.0,467681.92736649857,False,False,False,False,17733.008576989934,False,False,False,False
2025-08-13 17:00:00+00:00,203.05,205.67,202.91,205.17,9251.0,,,,,,,,,206.7227074508371,202.5028329248819,184.16255210458775,181.72845132673186,179.36380160545943,176.3347230833017,169.88352448138735,163.38170329757673,158.04241005198,153.81179381255734,146.76937332067433,140.8945141683769,138.08886912129483,135.89840937850775,133.03230693604388,126.50015216079825,,,,,,,,,201.9072539813947,191.69063255508058,180.67921341704144,176.7913322000815,171.82208233446295,168.60592206023117,165.5471487064257,159.8798389700792,155.23185130713253,149.9154709531282,147.51284941688704,144.3044018180334,139.28513055050917,137.1379031865806,128.14414122801472,,,182.0814915094145,159.8798389700792,144.3044018180334,168.67086063595357,"rgba(0, 255, 0, 1.0)",9.123972388393357,186.1136908769013,2.0885978510128216,48.14909761659271,7.036442517464934,False,True,False,True,False,10.922596315917417,0.0,0.0,0.0,0.0,0,0.9895723192474569,0.9628832901885006,False,False,False,False,0.23621107635070648,0.2478829630335951,False,False,False,False,512394.0,468375.13779492496,False,False,False,False,17601.504568044355,False,False,False,False
2025-08-13 18:00:00+00:00,205.27,205.55,203.965,205.185,6440.0,,,,,,,,,206.5978631469605,202.51760709882308,184.21388768936404,181.78016141762387,179.41541554791493,176.38636286857528,169.9340028607372,163.43284195982523,158.09338515595132,153.86201963206497,146.81891676783064,140.94345466685562,138.1373896648045,135.94657881659512,133.07992124549517,126.54684818518626,,,,,,,,,201.93498712146825,191.73366044173866,180.7309106645039,176.8431621319488,171.87243263263767,168.6565589180751,165.5980780302797,159.93105558612618,155.28233282756523,149.9651464239451,147.56244500107837,144.35383139084763,139.33381710497196,137.18628546769526,128.191249816186,,,182.13332678592738,159.93105558612618,144.35383139084763,168.71177348350855,"rgba(0, 255, 0, 1.0)",8.425564216144853,186.14423067634993,2.259880624631004,46.63551285465078,5.626157454087917,False,True,False,True,False,10.934076673204103,0.0,0.0,0.0,0.0,0,0.9962516277428228,0.9601796297873894,False,False,False,False,0.24193355536031205,0.24490825919695358,False,False,False,False,518834.0,469157.4457360889,False,False,False,False,17428.457985594054,False,False,False,False
2025-08-13 19:00:00+00:00,205.17,205.17,203.57,204.325,27065.0,,,,,,,,,206.09654930023342,202.56399699310313,184.4212710549536,181.98991670846405,179.62547811737534,176.5972511247338,170.1412819102248,163.643582564686,158.3039278050396,154.0697829492874,147.0242649628847,141.14657263304105,138.3388775830619,136.14669026228032,133.2778259427787,126.74112733985751,,,,,,,,,202.02570157336356,191.90410793836278,180.94093909414244,177.05472022170088,172.0789074077119,168.86465474421541,165.8077341045963,160.14243937063117,155.4910533530129,150.1708755147731,147.76797130075124,144.55882548293258,139.53594749505527,137.38723521844452,128.38719756629465,,,182.3434676948413,160.14243937063117,144.55882548293258,168.87871014901106,"rgba(0, 255, 0, 1.0)",7.646825615902346,186.2639039597348,2.3619076656731033,44.764730508452075,3.6489393656131455,False,True,False,True,False,10.042684990337193,0.0,0.0,0.0,0.0,0,0.9943548288769402,0.9625931209383422,False,False,False,False,0.23718923773306375,0.24104874846500868,False,False,False,False,491769.0,469508.0124688627,False,False,False,False,17577.861737755386,False,False,False,False
2025-08-14 14:00:00+00:00,198.28,198.9,195.55,195.63,26718.0,,,,,,,,,204.3967866099256,202.4212349314067,184.5447553782231,182.12355689482519,179.7662247955091,176.74573103835743,170.2981923578071,163.81074994557278,158.4756315532877,154.24221694616142,147.19864833623402,141.3216635176386,138.51363791597396,136.32102985325614,133.45117480482767,126.91312766377449,,,,,,,,,201.8354211085853,191.96711580808667,181.0779864182178,177.20267617003674,172.23239935764977,169.02387951003791,165.97179198125795,160.31332802270248,155.66332863799073,150.3439439028402,147.94213482610144,144.73406843005446,139.71081708237293,137.56187169609865,128.560237364183,,,182.4761894518548,160.31332802270248,144.73406843005446,168.9345713424353,"rgba(38, 166, 154, 1.0)",6.838332169826587,186.19875995844208,1.379172553677965,38.01044698143197,-2.8534030380480715,False,True,False,True,False,1.821558410619204,0.0,0.0,0.0,0.0,0,0.9827505603970128,0.9657408628315931,False,False,False,False,0.15133945081084313,0.1961940996379259,False,False,False,False,465051.0,469438.9115003532,False,False,False,False,17719.569307712667,False,False,False,False
2025-08-14 15:00:00+00:00,195.69,196.225,193.35,195.725,30659.0,,,,,,,,,202.79966571409895,202.22248312682942,184.66523977001182,182.25750062901804,179.9099629539263,176.90003634720193,170.465246038839,163.99130893994644,158.66264347404314,154.4310120286537,147.39085777416622,141.5154833248089,138.7074338842431,136.51460489277497,133.64394692692576,127.10497643348944,,,,,,,,,201.57047105647052,192.01370878533174,181.21658991260588,177.35607615614327,172.39486963867807,169.19396723971917,166.1482615164211,160.49896239045611,155.85164032703295,150.5341879002308,148.13398443428707,144.9275921724042,139.90459260222846,137.75563894335508,128.75310569436587,,,182.60876206252388,160.49896239045611,144.9275921724042,168.9982537701421,"rgba(0, 255, 255, 0.75)",5.967846447106073,186.12274419058116,1.6089984711445047,33.631554150311416,-6.998610266327688,False,True,False,True,False,1.90034234368769,0.0,0.0,0.0,0.0,0,0.9778159849081836,0.9707596055113786,False,False,False,False,0.12261127912571511,0.1594026893818205,False,False,False,False,495710.0,469846.2151980221,False,False,False,False,17920.18063627526,False,False,False,False
2025-08-14 16:00:00+00:00,195.725,195.725,192.16,192.54,22843.0,,,,,,,,,201.74156897225478,202.04905945293066,184.73953207190354,182.3431118564226,180.00404710186723,177.0032125783428,170.58014227927075,164.11753171612293,158.79458411743155,154.5649712412641,147.5282231081093,141.65463435323318,138.84682811036728,136.65402685980246,133.78301601008482,127.2438168525729,,,,,,,,,201.3399604295472,192.02972360982102,181.30621020153706,177.45835923991078,172.50587114576038,169.3113993348534,166.27105716637337,160.62955416304047,155.98501930905698,150.66975406323147,148.2710027970551,145.06617743738525,140.0438645053217,137.89509506823046,128.89257837661606,,,182.69312521086468,160.62955416304047,145.06617743738525,169.0403428900819,"rgba(38, 166, 154, 1.0)",5.0977903559811,186.0582573933567,1.27148080913889,29.413233703045304,-11.02033330638342,False,True,False,True,False,0.0,0.0,0.0,0.0,0.0,0,0.9816697455455576,0.9708122281151303,False,False,False,False,0.11270135322650558,0.13605202130416305,False,False,False,False,472867.0,469893.0490709209,False,False,False,False,17996.503417108204,False,False,False,False
2025-08-14 17:00:00+00:00,192.65,194.62,192.45,194.46,16314.0,,,,,,,,,201.1494789436117,201.93449666984452,184.7940327690466,182.4054548234224,180.07226063760675,177.0777463598967,170.66280780635245,164.20814063525896,158.8891971726329,154.6609811899349,147.62660883957363,141.75426094183598,138.9466153577603,136.7538248590436,133.88255163533736,127.34316825128366,,,,,,,,,201.19055064784968,192.0438084069216,181.3713304001262,177.5322784194631,172.58581323600947,169.39584187241525,166.35926021475152,160.72322758379622,156.08062863025214,150.76687845746898,148.36914590257132,145.16541824678646,140.14356980711537,137.99492243234855,128.99238550933066,,,182.75460926032582,160.72322758379622,145.16541824678646,169.07852874458177,"rgba(0, 255, 255, 0.75)",5.151026175208007,186.0270222055864,1.6371452032221647,29.131084843031662,-11.531102259403902,False,True,False,True,False,0.7901936642448391,0.0,0.0,0.0,0.0,0,0.9855989682842949,0.9721890523500192,False,False,False,False,0.10793029110681865,0.12199115620549085,False,False,False,False,489181.0,470192.08706982137,False,False,False,False,17970.418092811953,False,False,False,False
2025-08-14 18:00:00+00:00,194.37,196.04,194.34,195.84,20423.0,,,,,,,,,200.65677607175112,201.8223646795415,184.87297672749924,182.49309168790555,180.1663003634075,177.17874237770945,170.77239353093344,164.3267383885879,159.01218811342207,154.78528277376282,147.75333368721837,141.88217269123246,139.074569676153,136.88167683103094,134.0099298903111,127.47004030369223,,,,,,,,,201.0497550568529,192.07618808184972,181.46200484198178,177.63266040623168,172.69234804412014,169.50744472229778,166.47512238795002,160.84525254253168,156.20456745350253,150.89224167076455,148.4956174357736,145.29305876944625,140.27148677012116,138.12287647537042,129.11990109898204,,,182.8413477954083,160.84525254253168,145.29305876944625,169.14480437105578,"rgba(0, 255, 255, 0.75)",5.196498272617596,186.02063819485576,1.889611290142506,30.659006284601467,-11.531102259403902,False,True,False,True,False,1.9360737537275412,0.0,0.0,0.0,0.0,0,0.9834833397165839,0.9745787054768289,False,False,False,False,0.12734000835264642,0.12466558227906863,False,False,False,False,509604.0,470803.1244795916,False,False,False,False,18008.442618504792,False,False,False,False
2025-08-14 19:00:00+00:00,195.755,196.66,195.37,196.615,28815.0,,,,,,,,,200.1771621262085,201.6896806738975,184.99077828700987,182.62236407462635,180.30397113481217,177.32559601538225,170.93038801813225,164.49685598537212,159.18813777872543,154.9628410022807,147.9340054993335,142.0643206190097,139.25669478495857,137.06359769227865,134.19110895530747,127.65036323719622,,,,,,,,,200.88921720104963,192.1316606764321,181.5952651009674,177.77874232214134,172.84626763052262,169.6681511416793,166.64155381260497,161.0199582474244,156.38168951630706,151.07111517114782,148.67595984029197,145.47493596499,140.45359338795367,138.30497486769352,129.30116728624944,,,182.9694685255213,161.0199582474244,145.47493596499,169.2525684491321,"rgba(0, 255, 0, 1.0)",5.229547038247728,186.03846119247973,2.0224579165587113,32.639844843740754,-11.531102259403902,False,True,False,True,True,2.576916432865449,0.0,0.0,0.0,0.0,0,0.9834329591873406,0.9731669042513688,False,False,False,False,0.1370504032863882,0.13085799278272842,False,False,False,False,538419.0,471851.4326271948,False,False,False,False,18175.98614379929,False,False,False,False
2025-08-15 14:00:00+00:00,191.47,195.95,190.89,195.37,21648.0,,,,,,,,,199.71891540269246,201.55659139906408,185.06107461682464,182.7028172613689,180.3921206283708,177.42208155503184,171.03783993280234,164.61490922658905,159.31163896355005,155.08835384463788,148.0628649876111,142.19497362787064,139.3876349135148,137.19460857838712,134.32184816684034,127.78099559150765,,,,,,,,,200.72324488816926,192.15098394331628,181.6793491713482,177.87439396261195,172.95009187629566,169.77796625650413,166.75638885402336,161.14214881259392,156.506618512726,151.19823117466163,148.8044795434051,145.6049831097161,140.58439468864816,138.43599208246755,129.4323602814759,,,183.0487912756441,161.14214881259392,145.6049831097161,169.31669824961736,"rgba(0, 255, 255, 0.75)",5.273474901861284,187.27693119425302,1.5346747555185132,33.07022612026533,-11.531102259403902,False,True,False,True,True,1.4773466258176207,0.0,0.0,0.0,0.0,0,0.9708781521057427,0.971647319156993,False,False,False,False,0.106584750772243,0.1187213717774857,False,False,False,False,516771.0,472547.86002832354,False,False,False,False,18229.815815988448,False,False,False,False
2025-08-15 15:00:00+00:00,195.7,196.22,193.28,194.09,12201.0,,,,,,,,,199.508379779122,201.48809397723397,185.10221528435332,182.74947992798877,180.44296097597103,177.47746235204875,171.09916295326886,164.68206330292227,159.3817768193723,155.15957019302596,148.13589761756353,142.26897235250232,139.461777115765,137.2687775084771,134.3958480359369,127.85490428980513,,,,,,,,,200.63943793963816,192.16427600866461,181.72798299876996,177.92932795054364,173.00942654364798,169.84058837784283,166.82177107073528,161.21157571090404,156.57752310346106,151.27030940159648,148.87732705719364,145.67866533678415,140.6584662240316,138.51017192038051,129.50659241627287,,,183.09484594386404,161.21157571090404,145.67866533678415,169.3561085303675,"rgba(38, 166, 154, 1.0)",5.34255590299221,187.28105282454572,1.2744737348730006,32.476946352993686,-11.531102259403902,False,True,False,True,True,0.35680673365706994,0.0,0.0,0.0,0.0,0,0.9780041021288635,0.9714383384020558,False,False,False,False,0.12217099521209854,0.12044618349479212,False,False,False,False,504570.0,473044.3273147061,False,False,False,False,18136.345803337466,False,False,False,False
2025-08-15 16:00:00+00:00,193.98,195.98,193.63,195.455,8166.0,,,,,,,,,199.3897605989478,201.44617761855966,185.13097676065968,182.78180048708094,180.47796461179183,177.51539120741683,171.14088475716997,164.72757823430322,159.42921796412227,155.2076845000297,148.18516612785228,142.3188469710599,139.5117304830793,137.31873619946302,134.44567794735883,127.9046433295557,,,,,,,,,200.5890154651847,192.17492130278268,181.76157021093803,177.9669756542614,173.04985979281162,169.8831551182539,166.86613244692919,161.2585646439371,156.62544412488776,151.31896355562114,148.92647729561793,145.7283513027039,140.70837941250554,138.56014497948422,129.55655565299236,,,183.12678045600768,161.2585646439371,145.7283513027039,169.38437040661717,"rgba(0, 255, 255, 0.75)",5.3860972390487705,187.28934809286312,1.516060989010108,34.037174566698184,-11.531102259403902,False,True,False,True,True,1.5282240891294308,0.0,0.0,0.0,0.0,0,0.9816751460335407,0.9707461842849068,False,False,False,False,0.12281676112992775,0.12163147231235993,False,False,False,False,512736.0,473659.7020850207,False,False,False,False,17981.76679863456,False,False,False,False
2025-08-15 17:00:00+00:00,195.455,195.73,194.8,195.18,1915.0,,,,,,,,,199.36417040981584,201.43675272902894,185.13784354944778,182.7894880243635,180.4862699494149,177.52437108288717,171.15073573374195,164.73830774377112,159.44039215381133,155.21901176700126,148.19675801806642,142.3305770249538,139.52347731673117,137.3304830564404,134.45739308531455,127.91633424815197,,,,,,,,,200.57777327957422,192.17759392301454,181.76954947173013,177.97589138004787,173.05941283224388,169.89320177269167,166.8765946764108,161.26963511859054,156.63672757461057,151.33041378462025,148.9380420040207,145.7400393829473,140.72011751932956,138.57189589435134,129.56829989374128,,,183.1343795610711,161.26963511859054,145.7400393829473,169.39118683624542,"rgba(38, 166, 154, 1.0)",5.4099334086943065,187.2916999717592,1.4581140713420853,34.842162630523916,-11.531102259403902,False,True,False,True,True,1.2821203756312336,0.0,0.0,0.0,0.0,0,0.9839248015662411,0.9707980988099872,False,False,False,False,0.1282217581820424,0.12492661524720117,False,False,False,False,510821.0,474235.8462387413,False,False,False,False,17732.669638965803,False,False,False,False
2025-08-15 18:00:00+00:00,195.265,196.14,194.6,195.27,5084.0,,,,,,,,,199.2993476354496,201.4122708298139,185.156208586343,182.81001476250893,180.5084231051667,177.54830138273908,171.17695778867227,164.76684947031433,159.47010670323664,155.24912772949298,148.22757019048774,142.36175192683496,139.55469508572392,137.3616996794397,134.488524029294,127.94739804074494,,,,,,,,,200.54870956705486,192.18489789828433,181.79084424001664,177.99965339040457,173.08484884455976,169.91994043769108,166.9044305277913,161.29907680552685,156.66672877165826,151.36085242201105,148.96878259209825,145.77110513203021,140.7513128141558,138.60312396534795,129.5995059418159,,,183.15467402028776,161.29907680552685,145.77110513203021,169.4095245421737,"rgba(38, 166, 154, 1.0)",5.441776072188208,187.2982263941371,1.4649212867477233,35.525869935404586,-11.531102259403902,False,True,False,True,True,1.3612040702311674,0.0,0.0,0.0,0.0,0,0.9818584227069918,0.9696855538419883,False,False,False,False,0.12945654147600222,0.1271915783616017,False,False,False,False,515905.0,474881.87963038875,False,False,False,False,17536.566233710517,False,False,False,False
2025-08-15 19:00:00+00:00,195.275,196.025,195.02,195.58,14140.0,,,,,,,,,199.13834352987047,201.34746486991762,185.20796231508857,182.86768223243072,180.57053802868668,177.61528440942703,171.25020673789078,164.84648304467518,159.55296382300708,155.3330783484984,148.3134278807268,142.4486001636414,139.6416553369632,137.4486516464542,134.5752316952992,128.03390701278232,,,,,,,,,200.4726583389369,192.2063456206434,181.8506118814786,178.0661787518376,173.1559378566603,169.99461078861268,166.98212027131237,161.38118683869314,156.75036732190873,151.44568325216443,149.0544438669007,145.85765973472965,140.8382135486755,138.69011059284074,129.68641319212142,,,183.2117090530332,161.38118683869314,145.85765973472965,169.4619221382566,"rgba(0, 255, 255, 0.75)",5.476751278594625,187.3174672672324,1.5086558276000168,36.532709642193474,-11.531102259403902,False,True,False,True,True,1.6378214375967133,0.0,0.0,0.0,0.0,0,0.9820205378511891,0.9727301665900329,False,False,False,False,0.13125061762680199,0.12922109799420184,False,False,False,False,530045.0,475737.1218066618,False,False,False,False,17483.9062921026,False,False,False,False
2025-08-18 14:00:00+00:00,191.96,195.39,191.49,195.39,10381.0,,,,,,,,,198.98438458751355,201.28912017751801,185.2403390019073,182.9048765594097,180.61142425669027,177.66018734804172,171.3005063492946,164.9019323173438,159.61110823565946,155.39227191650335,148.37433155661637,142.5104417709715,139.70367270380444,137.51073183793116,134.63722023694982,128.09591477706925,,,,,,,,,200.4022700719303,192.2151402657074,181.88954357573502,178.1106681167192,173.20447669809954,170.04605485807414,167.0360035231967,161.43866730955153,156.80925320239032,151.50571198468384,149.11517489944617,145.91916207036857,140.90014879925374,138.7521771986109,129.74866796671856,,,183.24835792925816,161.43866730955153,145.91916207036857,169.49492797810504,"rgba(38, 166, 154, 1.0)",5.5136088817507884,187.30999129898663,1.4654664257664272,36.97597680900469,-11.531102259403902,False,True,False,True,True,1.4581981440032443,0.0,0.0,0.0,0.0,0,0.9701094271168589,0.9757504827666921,False,False,False,False,0.1068187300344037,0.11801991401430277,False,False,False,False,519664.0,476418.15867787634,False,False,False,False,17373.783713930465,False,False,False,False
2025-08-18 15:00:00+00:00,195.56,195.675,194.02,194.965,4850.0,,,,,,,,,198.92681986705094,201.26516291101947,185.25673905910688,182.92340105688479,180.6315656951191,177.68209537368767,171.3247493088702,164.928471310855,159.63883236447853,155.42043326656673,148.4032251169387,142.53972888589854,139.73302252110878,137.5400968009449,134.6665245129423,128.12519414146635,,,,,,,,,200.37399769105917,192.22095503932115,181.9088298551194,178.13240103558022,173.22793904135872,170.07080816471503,167.06184356471766,161.46610653216013,156.83728760158763,151.53422309576888,149.143993920172,145.9483165400259,140.92946823830042,138.78154383210747,129.77807176810234,,,183.26664774687987,161.46610653216013,145.9483165400259,169.5118957814545,"rgba(38, 166, 154, 1.0)",5.5535591201427925,187.31206956416003,1.3780226824421031,36.73209968861852,-11.531102259403902,False,True,False,True,True,1.0513468814860367,0.0,0.0,0.0,0.0,1,0.9771168387293114,0.9757473605356181,False,False,False,False,0.12331583185542791,0.12066787293486533,False,False,False,False,514814.0,477013.44303945964,False,False,False,False,17179.6165245672,False,False,False,False
2025-08-18 16:00:00+00:00,194.92,195.51,194.03,194.03,3745.0,,,,,,,,,198.8795662005597,201.24573949276424,185.26888815118483,182.9372326469714,180.6466839509408,177.69861744666795,171.3431466645011,164.9486835271468,159.65998980502832,155.44195107355876,148.4253369653887,142.5621641608693,139.7555149143626,137.56260730828615,134.68899634608255,128.14766213661258,,,,,,,,,200.35093186247568,192.2248180936115,181.92326709370033,178.1487808584654,173.24571779369188,170.08960872066643,167.08150344269487,161.48703334746497,156.85870011457695,151.55602845439657,149.1660455814402,145.97063789743365,140.9519336001372,138.80405199117703,129.8006315964375,,,183.28029085861218,161.48703334746497,145.97063789743365,169.52452027785353,"rgba(38, 166, 154, 1.0)",5.60591465160694,187.31205871410046,1.1983666722385504,35.41382730096028,-11.531102259403902,False,True,False,True,True,0.15359162898012713,0.0,0.0,0.0,0.0,0,0.9910242558799436,0.975720374701699,False,False,False,False,0.12240580742340706,0.1215368401791362,False,False,False,False,511069.0,477541.4361706308,False,False,False,False,16971.327896279337,False,False,False,False
2025-08-18 17:00:00+00:00,193.945,194.345,193.63,193.69,2753.0,,,,,,,,,198.84050113292943,201.2301902873791,185.27718740436617,182.94682330284516,180.6572690115618,177.71028476502033,171.35628223811844,164.96320555592123,159.67524357878375,155.4574972381734,148.44135444350903,142.5784428895208,139.7718460314347,137.57895939790657,134.70532973614618,128.1640110509721,,,,,,,,,200.33225651805,192.22686736732007,181.9333252466662,178.16033488583426,173.25837880085808,170.1030521372548,167.09560373366247,161.5021046744079,156.87416011533998,151.57180708017555,149.18201563720172,145.9868191178389,140.96824057213084,138.8203980196755,129.8170429975652,,,183.28973376693713,161.5021046744079,145.9868191178389,169.53316990939476,"rgba(38, 166, 154, 1.0)",5.6422199084682765,187.31003389267136,1.1307545985141592,34.12352445045304,-12.07908782787846,False,True,False,True,False,0.0,0.0,0.0,0.0,0.0,0,0.9908271237856773,0.9825691276137279,False,False,False,False,0.11322852847259925,0.11738268432586772,False,False,False,False,508316.0,478018.5611912412,False,False,False,False,16750.88870408896,False,False,False,False
2025-08-18 18:00:00+00:00,193.69,193.92,193.125,193.82,3873.0,,,,,,,,,198.78366301010078,201.2076356516761,185.28847528331318,182.95995916509418,180.67183221001085,177.72640015873554,171.37451745195702,164.98342278770693,159.69651294398915,155.47919514792824,148.46373708771625,142.60120786978774,139.79469131300596,137.60183905514316,134.72818930181327,128.18690415075469,,,,,,,,,200.3050857806752,192.22928046099923,181.9471317595514,178.17628562908516,173.275934500389,170.12172728304685,167.11521815247306,161.52310934403033,156.895731312669,151.59384524489195,149.204329575337,146.0094382086943,140.99104917456322,138.843266388857,129.8400207724753,,,183.30265636555168,161.52310934403033,146.0094382086943,169.5449890077769,"rgba(38, 166, 154, 1.0)",5.684397249498873,187.30620759958228,1.1459073169089227,33.62707469132774,-12.840445913109306,False,True,False,True,False,0.0,0.0,0.0,0.0,0.0,1,0.9778064890058804,0.9846166849801369,False,False,False,False,0.10778401794954222,0.11258335113770497,False,False,False,False,512189.0,478548.33543633827,False,False,False,False,16551.23151487828,False,False,False,False
2025-08-18 19:00:00+00:00,193.67,194.92,193.6,194.8,11157.0,,,,,,,,,198.65153156039295,201.1503323834207,185.32399891901972,183.0005103603578,180.71624186666622,177.7750227032899,171.42880743741912,165.0431633573202,159.7591095353311,155.54290098577542,148.5292574690425,142.66772390846052,139.86139266546397,137.66860575393218,134.7948557421865,128.2535868139655,,,,,,,,,200.2374652123667,192.24024365191997,181.9894978041326,178.22447651768525,173.32836596910514,170.1772272383929,167.17329929831766,161.58500320940368,156.959111889109,151.65843557031215,149.26966651938622,146.0755952612853,141.0576637941416,138.91001958102154,129.9069688052904,,,183.34264051562002,161.58500320940368,146.0755952612853,169.58258609688215,"rgba(38, 166, 154, 1.0)",5.716451994500229,187.30684296337094,1.3108055562852976,35.97030647293148,-12.840445913109306,False,True,False,True,True,0.9214608607775148,0.0,0.0,0.0,0.0,1,0.9773473328505913,0.9815109823799179,False,False,False,False,0.1164222173401916,0.11450278423894829,False,False,False,False,523346.0,479242.8728714338,False,False,False,False,16467.60001852358,False,False,False,False
2025-08-19 14:00:00+00:00,189.12,190.81,185.08,187.08,19173.0,,,,,,,,,198.10532938545808,200.95680552916664,185.33945616357965,183.02860361997605,180.75450048800053,177.82417838907193,171.49418187249972,165.12170257794875,159.845217542386,155.63288524874716,148.62484565098032,142.7667075330205,139.96143857240372,137.76931121164858,134.89608341505803,128.35615386006617,,,,,,,,,199.99304629684048,192.2015120835819,182.02233310145036,178.27226184543468,173.38910743237443,170.2455129904932,167.24784781086964,161.668976104658,157.04790941628852,151.75145117148963,149.3647112338783,146.17297680605046,141.15725487957963,139.01039213786873,130.0096344255305,,,183.36909263779197,161.668976104658,146.17297680605046,169.60117260695296,#000000,5.917187935420277,187.17942398260507,-0.016802573061759363,30.57367830951766,-15.617906376592025,False,True,False,True,False,0.0,0.0,0.0,0.0,0.0,0,0.961199711539598,0.9823495336162765,False,False,False,False,0.042881152810777874,0.07869196852486308,False,False,False,False,504173.0,479629.3864703263,False,False,False,False,16509.5442042829,False,False,False,False
2025-08-19 15:00:00+00:00,186.93,188.13,185.935,187.74,20324.0,,,,,,,,,197.56319950197323,200.75181562456564,185.35291052107144,183.0555476812955,180.79234201343328,177.87371687463522,171.56125695059472,165.20293876858204,159.93464989109003,155.7265724743788,148.72466053790063,142.87025532657927,140.06617441876045,137.8747926371447,135.0021788939213,128.46378276829847,,,,,,,,,199.73627847244146,192.15771615796626,182.05435617684319,178.3203156710874,173.451198292906,170.3157164409794,167.3247890337447,161.7560801481375,157.14029136316393,151.848466570419,149.46393261500805,146.2747459271087,141.26148313218826,139.11549420327935,130.1173350579675,,,183.39427307301406,161.7560801481375,146.2747459271087,169.62060944672376,#000000,6.088946297105044,187.05966225784033,0.11173324725874854,28.234343873284406,-17.65007390515146,False,True,False,True,False,0.0,0.0,0.0,0.0,0.0,0,0.9639466452807489,0.9882888514111167,False,False,False,False,0.0323114496812965,0.05550170910307979,False,False,False,False,524497.0,480325.008385515,False,False,False,False,16568.683053828903,False,False,False,False
2025-08-19 16:00:00+00:00,187.74,187.91,184.145,184.335,12370.0,,,,,,,,,197.20567192575962,200.6137257325861,185.35337732860347,183.06482508844394,180.80879969714675,177.89787012920522,171.59714359343997,165.24807047884102,159.98522136302046,155.78007551521347,148.78232666204624,142.93049046278077,140.12726514261195,137.93643501125229,135.06431988769972,128.52709288954748,,,,,,,,,199.56311136764575,192.1217381126788,182.06697470750845,178.34346336048247,173.48381666210074,170.3536429632002,167.36711752212344,161.80507523522516,157.1928906288393,151.9042591349228,149.5211975732244,146.33372382624623,141.32221044547282,139.17685022014018,130.18062382166895,,,183.40237359878617,161.80507523522516,146.33372382624623,169.62587278067028,#000000,6.352391808185708,186.97556143670346,-0.41567987561800207,24.99022083741139,-20.53782110538849,False,True,False,True,False,0.0,0.0,0.0,0.0,0.0,0,0.9661280811416438,0.9885245901639343,False,False,False,False,0.020678550907895006,0.0380901300054874,False,False,False,False,512127.0,480818.0625190729,False,False,False,False,16503.58719252923,False,False,False,False
2025-08-19 17:00:00+00:00,184.445,184.63,182.665,184.105,14393.0,,,,,,,,,196.76009887237234,200.43886079809243,185.34577394921885,183.0681063315643,180.82101234909348,177.91964427138348,171.63368572012124,165.29603061633154,160.03998666441709,155.8386118007188,148.84616385342838,142.997629929485,140.19553973839982,138.00545459686177,135.1340511991282,128.59843315888264,,,,,,,,,199.34368569858103,192.07002324996327,182.0744066915795,178.36396035398425,173.51630838259697,170.39270200600325,167.4116162994912,161.85783858109033,157.25026021009663,151.96573736425907,149.58452587837007,146.39921639376087,141.39000479031404,139.2454781786418,130.25187077790434,,,183.4041767121669,161.85783858109033,146.39921639376087,169.62503564225273,#000000,6.5897088733916185,186.86552838594434,-0.418915074851183,22.728536992925093,-22.52413435290713,False,True,False,True,False,0.0,0.0,0.0,0.0,0.0,0,0.9539376455705182,1.0030621534387156,False,False,False,False,-0.006853420167422577,0.015618354919032412,False,False,False,False,497734.0,481080.32511567645,False,False,False,False,16470.864910474513,False,False,False,False
2025-08-19 18:00:00+00:00,184.09,184.62,182.95,183.625,11670.0,,,,,,,,,196.418203711241,200.29915482643608,185.33939335025417,183.07049897996046,180.8306160653152,177.9369775996107,171.66298868389632,165.33459262257858,160.08407922332697,155.8857788599158,148.89765227067687,143.05181471464286,140.25065449889388,138.06118083161957,135.1903645997687,128.65607013368586,,,,,,,,,199.16944491465313,192.02821918354533,182.08014921225833,178.38025934150056,173.5423290923411,170.42404474468333,167.4473701534257,161.90030154167505,157.2964755307516,152.01530424152014,149.6355994281431,146.4520539118432,141.44472620972982,139.3008825926336,130.3094261925496,,,183.4053764088591,161.90030154167505,146.4520539118432,169.62512113655703,#000000,6.841765279821015,186.78227255658896,-0.46147045790959385,21.00048722859357,-24.093035104912914,False,True,False,True,False,0.0,0.0,0.0,0.0,0.0,0,0.9537601686184888,1.002237984156493,False,False,False,False,-0.005262930337930407,0.005177712290551003,False,False,False,False,486064.0,481157.5913929528,False,False,False,False,16396.43289635863,False,False,False,False
2025-08-19 19:00:00+00:00,183.405,185.01,182.7,184.57,30906.0,,,,,,,,,195.61730960726146,199.94804598104037,185.32648362480504,183.0801739180379,180.85887928399958,177.9852205294522,171.74221634433678,165.4379348857553,160.20183568955767,156.01153799228393,149.0346873130913,143.1958895107806,140.39715312505834,138.2092716975816,135.33997894628823,128.80912978346748,,,,,,,,,198.73663064698263,191.924245752243,182.0984554954232,178.4258352367572,173.6130277915752,170.50858012621055,167.54339193760168,162.01381491161163,157.4197570889657,152.14731782993744,149.77155076374788,146.59261575278146,141.59019919600692,139.4481361711087,130.46228296768837,,,183.41198659371477,162.01381491161163,146.59261575278146,169.6330254884099,#000000,7.0418000200618245,186.59326378301142,-0.28732195990332404,21.89360047521867,-24.093035104912914,False,True,False,True,False,0.0,0.0,0.0,0.0,0.0,0,0.9501047126613579,1.003750724706272,False,False,False,False,-0.004453237158527582,0.0003622375660117102,False,False,False,False,516970.0,481712.82253414724,False,False,False,False,16621.387425097255,False,False,False,False
2025-08-20 14:00:00+00:00,175.39,177.18,173.45,176.1,18064.0,,,,,,,,,194.88400198444452,199.64328669645656,185.26779908577046,183.0389182239894,180.83226983586934,177.97423925219755,171.7564479210114,165.47047603585352,160.24578422166627,156.06238878251352,149.09495152741087,143.26219245437215,140.4657256377525,138.27940351256515,135.41180061028965,128.8844782272643,,,,,,,,175.57666666666668,198.354427396184,191.79999677494135,182.06397667054537,178.4126121041026,173.62068821571148,170.5268333999929,167.57038566109512,162.05424047913502,157.46844947567163,152.20353887539255,149.83092162569503,146.65573857527627,141.6578214565198,139.51742269512235,130.53709951753453,,,183.36822954097056,162.05424047913502,146.65573857527627,170.94684927767864,"rgba(239, 83, 80, 1.0)",7.500758690155824,186.6332119792558,-1.4042862081511636,19.1054277507593,-25.913684279534998,False,True,False,True,False,0.0,0.0,0.0,0.0,0.0,0,0.9369010046358915,1.0044393576804356,True,False,False,False,-0.10360252632755258,-0.051620144380770436,False,False,False,False,498906.0,481979.3834250907,True,False,False,False,16643.753511529852,False,False,False,False
2025-08-20 15:00:00+00:00,176.04,181.54,176.04,178.565,28535.0,,,,,,,,,194.0004795726352,199.23789082320735,185.20608159568985,183.00168716970106,180.81555439353684,177.97953615221778,171.7970075466264,165.53728784522073,160.32880557805612,156.1550115648514,149.2008088802516,143.37649546284942,140.58313756145893,138.39893006637226,135.5335577217897,129.0109767011649,,,,,,,,177.49843197636574,197.85545927043825,191.64476028963472,182.03624027822957,178.41481286186666,173.65188950585753,170.5731549974832,167.62922936701102,162.13231761000094,157.558075805787,152.3036525057571,149.93551748037618,146.76565264013664,141.7739281087606,139.63581077420844,130.6629799568323,,,183.32753882649172,162.13231761000094,146.76565264013664,170.9854336469515,"rgba(239, 83, 80, 1.0)",7.839332540765501,186.48342652889846,-1.0100893778547684,20.79410116242307,-25.913684279534998,False,True,False,True,False,0.0,0.0,0.0,0.0,0.0,0,0.9445927827372425,0.9942816543093865,False,False,False,False,-0.06312261006682776,-0.0573713772237991,False,False,False,False,527441.0,482684.2146898179,False,False,False,False,16828.113922203807,False,False,False,False
2025-08-20 16:00:00+00:00,178.6,180.94,178.5,179.88,11899.0,,,,,,,,,193.68352283343975,199.0819252167847,185.18482805794486,182.990137089031,180.8121345463606,177.98486896936654,171.81634753578086,165.5671709860093,160.36518518943637,156.1952129779831,149.24630270126858,143.4253629245873,140.63323822382026,138.44986665781022,135.58536740656922,129.0646557391608,,,,,,,,177.96116662108105,197.6658981923382,191.58631998350657,182.02845202897123,178.41892332334092,173.66748379980157,170.59480721561792,167.65590887894848,162.1667238622339,157.59708507782713,152.34684043795684,149.98050585135348,146.81277498615765,141.82351045730414,139.6862984374535,130.71642938989663,,,183.31462558728123,162.1667238622339,146.81277498615765,170.99343557148512,"rgba(239, 83, 80, 0.5)",8.127782433068658,186.41971562014433,-0.8046125341073204,23.658452379891372,-25.913684279534998,False,True,False,True,True,0.0,0.0,0.0,0.0,0.0,0,0.9610719487328865,0.9927177395863676,False,False,False,False,-0.0596930203290841,-0.0585321987764416,False,False,False,False,539340.0,483562.5989581928,False,False,False,False,16751.693551316926,False,False,False,False
2025-08-20 17:00:00+00:00,179.895,182.1,179.75,181.38,15685.0,,,,,,,,,193.3238622000078,198.8937360441417,185.16375151578976,182.98115543415528,180.81327381174646,177.99693793024605,171.8458506252807,165.60996751729698,160.4161389362136,156.2509147170649,149.30861671548942,143.49188139580804,140.7012770510721,138.51893049639855,135.6554855673751,129.13705526179726,,,,,,,,178.6198973035152,197.43977785724468,191.51856161573804,182.02415349476775,178.42948135107508,173.69228086504313,170.62722425311827,167.69466208492867,162.21521506471547,157.6513072379991,152.40625826093034,150.0421869025456,146.87713351835117,141.89090932465993,139.7548138934182,130.78857489173157,,,183.30395854896398,162.21521506471547,146.87713351835117,171.01336906612855,"rgba(239, 83, 80, 0.5)",8.361149533020786,186.3567277116323,-0.5952205126792248,27.477105572858328,-27.865317600099626,False,True,False,True,True,0.0,0.0,0.0,0.0,0.0,0,0.956242001163467,0.9912274578243165,False,False,False,False,-0.04544789517657047,-0.051990046976506034,False,False,False,False,555025.0,484670.54316039133,False,False,False,False,16735.155666800387,False,False,False,False
2025-08-20 18:00:00+00:00,181.38,181.415,179.67,180.31,18612.0,,,,,,,,,192.90280755706624,198.6679764586142,185.13531954386508,182.9672184644836,180.81150304212747,178.00831725277226,171.87831265817994,165.6584487138753,160.4744965080279,156.31506778665462,149.38082582331114,143.5692290862208,140.78049768514185,138.59941895775708,135.73729197849025,129.22169566141133,,,,,,,,178.98997167591645,197.16959497954397,191.43463969222879,182.01584241298414,178.43903151805304,173.71907132910653,170.66319500949362,167.73826906201396,162.27057805274322,157.71365230707892,152.47494864622962,150.11362532894424,146.9518288547488,141.96934222614888,139.83462230046845,130.87287782872102,,,183.2879920418314,162.27057805274322,146.9518288547488,171.01855087057135,"rgba(239, 83, 80, 0.5)",8.615192269349421,186.2599509248119,-0.6906347228001231,29.30757764838685,-26.158764702454896,False,True,False,True,True,0.0,0.0,0.0,0.0,0.0,0,0.9566936919122007,0.9920203794391002,False,False,False,False,-0.0499674172757356,-0.05097873212612082,False,False,False,False,536413.0,485472.75179356354,False,False,False,False,16764.25402855542,False,False,False,False
2025-08-20 19:00:00+00:00,180.47,182.98,180.47,182.92,47924.0,,,,,,,,,192.06462476689902,198.1620580316314,185.08911091348835,182.9553519291241,180.8284553990989,178.0565971508512,171.97671213045848,165.79565818528425,160.63554594863325,156.48993787397254,149.57506322873763,143.7757950537911,140.99150103346147,138.8134071512418,135.95432591917788,129.44536828705617,,,,,,,,180.05708574061308,196.57721780200345,191.25609968194465,182.01729780538216,178.4830095617683,173.803808837741,170.77008396765217,167.86364770330673,162.42445138677743,157.88421473178994,152.66066912408428,150.30600370447857,147.1520833348185,142.17847566458335,140.04701680901104,131.0958530018268,,,183.27136689582105,162.42445138677743,147.1520833348185,171.0664233597732,#000000,8.78948586572639,186.09068311859227,-0.36073590276264067,33.73680467675855,-22.03311495673232,False,True,False,True,True,0.0,0.0,0.0,0.0,0.0,0,0.9568492039581931,0.9880535792913259,False,False,False,False,-0.03600107770165926,-0.04348990491389004,False,False,False,False,584337.0,487005.5308355238,False,False,False,False,17247.350865322,False,False,False,False
2025-08-21 14:00:00+00:00,181.065,183.88,180.85,182.82,6896.0,,,,,,,,,191.9589762054521,198.09351758171996,185.08344457384413,182.95446607956993,180.83158880459135,178.06411421135473,171.99125878275564,165.8156849867517,160.65894368076135,156.5152890003928,149.60315889242816,143.80563974158161,141.0219747780669,138.84430389757736,135.9856535135754,129.4776371365607,,,,,,,,180.17198781740788,196.49801093569778,191.2320529659427,182.01826882647904,178.4899259373268,173.8164315096063,170.78582800964415,167.8820020411022,162.44683501570907,157.9089568368884,152.68755618007253,150.33383561243065,147.18103332149423,142.20868422388187,140.07768781034068,131.1280244133991,,,183.26981988155947,162.44683501570907,147.18103332149423,171.07315230204017,#000000,8.949266280258685,186.06825733700128,-0.3629635363702015,36.602270827343986,-19.41768809676124,False,False,False,True,True,0.0,0.0,0.0,0.0,0.0,0,0.9601089930840191,0.984897992171895,False,False,False,False,-0.028448326280666392,-0.035969115597278216,False,False,False,False,577441.0,488407.63113264745,False,False,False,False,17086.86480539453,False,False,False,False
2025-08-21 15:00:00+00:00,182.95,183.12,180.73,181.08,6399.0,,,,,,,,,191.85413600943212,198.026916044243,185.07642748132312,182.95201388215017,180.8329844551649,178.06970316979974,172.00360414992664,165.83325604731513,160.67974470349856,156.53798027361077,149.6284962146758,143.8326685452159,141.04961796493987,138.8723622965137,136.01414072141256,129.50705280156984,,,,,,,,180.23311953242347,196.42076523601142,191.20763325268803,182.01759352810444,178.49493531848472,173.8269393136742,170.79931483723914,167.8979785696325,162.46665899453802,157.9310580996513,152.71173298908633,150.35891900078852,147.2071916004351,142.2360687192877,140.10552386762745,131.1573344919633,,,183.266732005366,162.46665899453802,147.2071916004351,171.07607084996454,"rgba(239, 83, 80, 0.5)",9.13762043067862,186.0423027983959,-0.5430629162200108,36.99584841275972,-18.98269505891605,False,False,False,True,True,0.0,0.0,0.0,0.0,0.0,0,0.9600916797198928,0.9861674191467795,False,False,False,False,-0.08422544563441413,-0.06009728061584617,False,False,False,False,571042.0,489688.78413834283,False,False,False,False,16921.161475078334,False,False,False,False
2025-08-21 16:00:00+00:00,180.97,181.07,179.94,180.105,6331.0,,,,,,,,,191.73982662005952,197.95647733512473,185.0669518774219,182.94724798970273,180.83220106231522,178.07325400733401,172.01418009615827,165.84920682897965,160.69903819997919,156.5592549891034,149.65253071194527,143.85847403930504,141.0760747886563,138.89926205529193,136.0415057280129,129.53541418390859,,,,,,,,180.2385898739177,196.33861793784288,191.18039903487457,182.01466575998916,178.49788031151616,173.83562086565763,170.8110644946875,167.91228985010338,162.48493410568523,157.9517135260436,152.73456354447734,150.38268915304812,147.23207858148226,142.26225170972572,140.13218544061516,131.1855700601264,,,183.2613043408305,162.48493410568523,147.23207858148226,171.07455003187016,"rgba(239, 83, 80, 0.5)",9.339284846360647,186.009601769347,-0.6322327529872835,36.459025498050096,-18.98269505891605,False,False,False,True,True,0.0,0.0,0.0,0.0,0.0,0,0.9556182868119895,0.9991683553348247,False,False,False,False,-0.10345476372976987,-0.08177602217280802,False,False,False,False,564711.0,490851.9192679809,False,False,False,False,16756.97292507712,False,False,False,False
2025-08-21 17:00:00+00:00,180.09,180.92,179.61,180.78,4926.0,,,,,,,,,191.65294707017435,197.9022594023097,185.05970719847954,182.94364520095672,180.8316791322713,178.07608718031952,172.02245436976088,165.86164900162953,160.71407339088387,156.57582719625546,149.671244915821,143.87856317700425,141.09666960786913,138.92020077095742,136.06280562754586,129.5574878175471,,,,,,,,180.24449366999252,196.27553833162082,191.15943011459467,182.0124847667346,178.5002446207344,173.84242687656337,170.82024870832504,167.92346039376446,162.4991793275311,157.96780525443938,152.75234311853018,150.40119814265705,147.25145465528541,142.28263391771168,140.15293923366954,131.20754608341338,,,183.25718994179266,162.4991793275311,147.25145465528541,171.07361780866557,"rgba(239, 83, 80, 0.5)",9.523401160177903,185.98477578783186,-0.5465248917157487,37.11551003294431,-18.350395614232387,False,False,False,True,True,0.0,0.0,0.0,0.0,0.0,0,0.9475130659463267,1.0051793998473193,False,False,False,False,-0.10671194734203117,-0.0942439847574196,False,False,False,False,569637.0,492073.3933878571,False,False,False,False,16573.546988254217,False,False,False,False
2025-08-21 18:00:00+00:00,180.78,181.53,180.5,181.445,2775.0,,,,,,,,,191.60770147568704,197.8731198442776,185.0562715009189,182.94220309812917,180.83192177213527,178.07816724217605,172.02750758951078,165.86899538875318,160.7228427453521,156.58543486613362,149.68202436992146,143.89009363380424,141.10847460625274,138.93219191611564,136.07499065772834,129.570090548834,,,,,,,,180.2595842110692,196.24183217538567,191.14844613141673,182.0118202391465,178.5020694159087,173.8466737023004,170.82580249711097,167.93010682303654,162.50751670145462,157.97715101971883,152.7626098009884,150.41186519852639,147.26259712171046,142.2943233932761,140.16483049041412,131.22009872033172,,,183.2554691085329,162.50751670145462,147.26259712171046,171.07417434258292,#000000,9.685943666557838,185.97267184291098,-0.4674476745661294,38.57132819894956,-16.62909264690977,False,False,False,True,True,0.0,0.0,0.0,0.0,0.0,0,0.9494766552981299,1.001822886040221,False,False,False,False,-0.0965404178863509,-0.09539220132188525,False,False,False,False,572412.0,493318.95318029344,False,False,False,False,16359.616027196013,False,False,False,False
2025-08-21 19:00:00+00:00,181.445,181.775,181.005,181.48,8966.0,,,,,,,,,191.4677382636068,197.78112266525645,185.04595445299933,182.9382406963314,180.83332977552317,178.08543806340322,172.04426315170235,165.89308874617655,160.75148724267146,156.61675590441322,149.7170914107882,143.92756096229357,141.1468178318127,138.97112850015446,136.11454365435318,129.61097413956733,,,,,,,,180.31836151409698,196.13581946807733,191.11404655639106,182.0103363092507,178.50852734267036,173.86085137441566,170.844159421497,167.9519597072874,162.53478104853704,158.0076359528546,152.79603590207665,150.44657272781572,147.29882586221845,142.3322979487005,140.20344888017516,131.26082537690147,,,183.25061968742975,162.53478104853704,147.29882586221845,171.0771993808942,#000000,9.844286286751098,185.93598675487192,-0.4526470101615193,39.59900102866533,-15.326259993488094,True,False,False,True,True,0.0,0.0,0.0,0.0,0.0,0,0.95365231561297,1.0001535082540207,False,False,False,False,-0.09146224129608543,-0.09342722130898534,False,False,False,False,581378.0,494684.2097201338,False,False,False,False,16244.986321348011,False,False,False,False
2025-08-22 14:00:00+00:00,182.755,189.52,182.755,188.83,14513.0,,,,,,,,,191.3713073660364,197.684734548971,185.05504756131256,182.95543001878912,180.85727152464733,178.11684547950162,172.08742572532452,165.94597633990966,160.8102362524617,156.67872661937574,149.7837137122707,143.9971089693338,141.2173602893945,139.04231981035414,136.18633761129036,129.68417213400662,,,,,,,,180.82732156811556,196.0316606995746,191.0908326575592,182.03064724569802,178.5389637213156,173.90065157429532,170.889443271128,168.00186757150664,162.59181884400186,158.06860757194457,152.86055807386174,150.51274318300705,147.36692912750118,142.40241785239908,140.27430138971076,131.333972552607,,,183.2667351471426,162.59181884400186,147.36692912750118,171.1222347690977,#000000,9.883817343025441,185.94505477086204,0.2918857288650466,48.237699885219676,-7.178318294531259,True,False,False,False,True,0.0,0.0,0.0,0.0,0.0,0,0.9511221306513944,0.9867067095031894,False,False,False,False,-0.027490144840506495,-0.06045868307474592,False,False,False,False,595891.0,496253.30724385264,False,False,False,False,16218.133820241841,False,False,False,False
2025-08-22 15:00:00+00:00,188.78,189.68,187.99,188.41,17325.0,,,,,,,,,191.3035225898605,197.58947914137903,185.07479527531257,182.98402683710404,180.89321865633502,178.1609692221473,172.1443074603083,166.01370329898972,160.88443847632976,156.75639811206042,149.86646043401618,144.08302688276507,141.3043250688793,139.12995634035065,136.2745639936417,129.7738284072243,,,,,,,,181.4798408586705,195.93275186823834,191.07465470776148,182.06264339512595,178.582050683291,173.953808789014,170.94868903307264,168.06626595305264,162.66415729993483,158.14520616030237,152.94098638783782,150.59499442584334,147.45130881429836,142.48893593670405,140.36159152961613,131.42363392081666,,,183.2941818062566,162.66415729993483,147.45130881429836,171.18606819052206,#000000,9.926971561730578,185.97474870005695,0.2453166390977862,53.43740970193085,-2.5960233131635775,True,False,True,False,True,0.0,0.0,0.0,0.0,0.0,0,0.9597021870637504,0.9888087482550022,False,False,False,False,0.008725052921859863,-0.025866815076443027,False,False,False,False,578566.0,497529.4730230177,False,False,False,False,16235.294536207082,False,False,False,False
2025-08-22 16:00:00+00:00,188.37,189.36,187.59,188.68,13687.0,,,,,,,,,191.24940968173803,197.51439621565223,185.08960487209524,183.00582970072747,180.92084340103696,178.1950754066162,172.18856524091578,166.0665720912251,160.94246595023782,156.81720678931902,149.9313315178054,144.150442626895,141.37258680018329,139.1987631544161,136.34385589539636,129.8442859216923,,,,,,,,181.91427657722835,195.85489744264783,191.06123205758303,182.0871374163143,178.6153311794838,173.99510976297842,170.99482266786234,168.11649095448786,162.72069513332693,158.2051539391809,153.00400556838986,150.65946909578878,147.5174851753435,142.55683698377308,140.43011644477016,131.49408473419913,,,183.3150725589652,162.72069513332693,147.5174851753435,171.2327140185952,#000000,9.966498387956392,185.9931415674876,0.2695890098933061,57.123143218816665,0.5673286780176028,True,False,True,False,True,0.0,0.0,0.0,0.0,0.0,0,0.9679202238999033,0.9887109292316375,False,False,False,False,-0.005068479980881092,-0.01546764752866206,False,False,False,False,592253.0,498998.0548366143,False,False,False,False,16195.786093785267,False,False,False,False
2025-08-22 17:00:00+00:00,188.685,190.27,188.685,189.43,4976.0,,,,,,,,,191.23675781016667,197.49017007111186,185.09638099920508,183.01502146321033,180.93204119299034,178.20851490815238,172.20549645499042,166.08651423693524,160.96420182747255,156.83989480691056,149.95542156543377,144.17540738911347,141.39783712694748,139.2241955217793,136.36944430035814,129.87025945493676,,,,,,,,182.07934764167322,195.8305021980174,191.05815434075097,182.09725667989488,178.6284895610863,174.01101126560488,171.01240952235315,168.13550773282836,162.74191746994214,158.22754773083213,153.02745193986826,150.68342191347577,147.54202858930287,142.58196523750837,140.4554554314126,131.52006614263695,,,183.32395318728103,162.74191746994214,147.54202858930287,171.2512347724529,#000000,9.994545685947346,186.00270078520126,0.34291695915879844,60.21684227016756,3.2795662294143995,True,False,True,False,True,0.0,0.0,0.0,0.0,0.0,0,0.9647632049712832,0.989843235100273,False,False,False,False,0.008757928769041674,-0.003354859379810193,False,False,False,False,597229.0,500521.0152267443,False,False,False,False,16021.835921788597,False,False,False,False
2025-08-22 18:00:00+00:00,189.59,190.19,189.365,189.84,5854.0,,,,,,,,,191.22488076935372,197.46304260539594,185.10493865226812,183.02636460940212,180.94569575237568,178.22475657377638,172.22576046899462,166.11026890695675,160.99003214934737,156.866820760198,149.98396586096453,144.20495999021108,141.42771670811274,139.25428271017927,136.39970684760507,129.9009594473658,,,,,,,,182.27297802745605,195.8035443379739,191.05530905494993,182.109668568743,178.64440869718982,174.03008344669738,171.03343346134983,168.1581891249641,162.76715537691194,158.2541353192763,153.05525129789785,150.71180761956487,147.57109746595302,142.61170490025214,140.4854364566742,131.55077951771128,,,183.3349392516962,162.76715537691194,147.57109746595302,171.27354195592693,#000000,10.0214593158801,186.01497334695304,0.3816835984142337,62.63786718073158,5.491844330581529,True,False,True,False,True,0.0,0.0,0.0,0.0,0.0,0,0.9642810861754137,0.9904223361017847,False,False,False,False,0.012895918382788866,0.004770529501489337,False,False,False,False,603083.0,502111.1235178025,False,False,False,False,15864.195054784122,False,False,False,False
2025-08-22 19:00:00+00:00,189.75,190.02,189.21,189.21,17852.0,,,,,,,,,191.1820238465405,197.3780979921163,185.12908719862338,183.0591078215461,180.9855893374914,178.27265166048414,172.2861548829438,166.18144714538488,161.0676504717558,156.94787040461878,150.0700668455566,144.29421827505337,141.51801011599613,139.34523763906796,136.49123344285553,129.99388982033372,,,,,,,,182.78511984894985,195.7185230136973,191.04453358793222,182.14571632973266,178.69129821275368,174.08679286159776,171.0961744821739,168.2260513960722,162.8429265024909,158.33412395132646,153.1390353456868,150.79741417221504,147.65883128980866,142.70155599916518,140.57605145574027,131.6437307911043,,,183.3665738827354,162.8429265024909,147.65883128980866,171.33682027506208,#000000,10.052318798428821,186.0453464949132,0.3148182592041802,63.072204816798866,6.034991159034071,True,False,True,False,True,0.0,0.0,0.0,0.0,0.0,0,0.9640052818977102,0.9904737202009007,False,False,False,False,0.010654461562953575,0.007712495532221456,False,False,False,False,585231.0,503399.8037733404,False,False,False,False,15895.013736105298,False,False,False,False
2025-08-25 14:00:00+00:00,192.25,193.45,191.09,191.5,21312.0,,,,,,,,,191.20570506634232,197.3108044600298,185.17415311672258,183.11301661933496,181.04678802553175,178.34210305963515,172.36824526142783,166.27503310807037,161.16797323065907,157.0515965655998,150.17894115686846,144.40626481858902,141.6310306507564,139.4588556401863,136.60529101676613,130.10916118228175,,,,,,,,183.50676871010393,195.65999018337547,191.05238069620276,182.20299757853743,178.7597670909408,174.16500316109418,171.1807639328089,168.31609221160016,162.94137186541238,158.43680420333507,153.24549222233472,150.90577951770015,147.76940497399013,142.81415626226018,140.689372271769,131.75915108752147,,,183.41938999236282,162.94137186541238,147.76940497399013,171.4313296334499,"rgba(38, 166, 154, 0.5)",10.063032181440388,186.11508780572566,0.5351182523500145,65.48435558554178,8.557053280339844,True,False,True,False,True,1.2696991137714022,0.0,0.0,0.0,0.0,0,0.9646119256171246,0.9832310646868704,False,False,False,False,0.047306178661344594,0.027509337096783024,False,False,False,False,606543.0,504998.92309468397,False,False,False,False,15978.998019266455,False,False,False,False
2025-08-25 15:00:00+00:00,191.485,192.48,190.8,190.9,16874.0,,,,,,,,,191.20984360416932,197.25261280629593,185.20622124814054,183.15229984440074,181.09205073784835,178.3941246319715,172.43072213126172,166.3468778031436,161.24535726998243,157.13183987930424,150.2634718160499,144.49345581252194,141.7190608235204,139.54740959926468,136.6942586553201,130.19921395433232,,,,,,,,183.96660144088733,195.607282706149,191.0545533334944,182.2450444705456,178.81096812850723,174.22431028778766,171.24527593584745,168.3850483108085,163.01719468198272,158.51616632378264,153.32802649587293,150.98988758866903,147.8553412056731,142.90182571050252,140.77766206920847,131.84928662497768,,,183.4577682035941,163.01719468198272,147.8553412056731,171.4985831398039,#000000,10.078012485489284,186.1585729112631,0.4704724364614357,65.9329015590967,9.308180014387595,True,False,True,False,True,0.7003419319641111,0.0,0.0,0.0,0.0,0,0.9667213306782241,0.9837765022841746,False,False,False,False,0.03178455569389647,0.029646946395339747,False,False,False,False,589669.0,506311.637465309,False,False,False,False,15992.87401896775,False,False,False,False
2025-08-25 16:00:00+00:00,191.06,191.98,191.045,191.42,6137.0,,,,,,,,,191.21200683566946,197.2320463648895,185.21796777466295,183.1666468594334,181.10855485693773,178.413069826155,172.45344843407122,166.37299738582135,161.27348551052307,157.1610061106543,150.29419516590403,144.52514617919704,141.7510566218618,139.5795961898461,136.72659632351377,130.2319473412185,,,,,,,,184.12265355967452,195.58882980961556,191.05554090612068,182.26038822839004,178.82961696614058,174.2458893541457,171.26873908497976,168.4101211528423,163.0447565205945,158.54501257313714,153.3580248085451,151.02045742199775,147.88657517693366,142.9336902268301,140.80975238729624,131.88204952472253,,,183.47178909224024,163.0447565205945,147.88657517693366,171.52268707468144,"rgba(38, 166, 154, 0.5)",10.085471220014956,186.17398240696406,0.5201559231684715,66.7407611171622,10.493894165150301,True,False,True,False,True,1.1876324082690815,0.0,0.0,0.0,0.0,0,0.9667039500794724,0.9895920409725085,False,False,False,False,0.029226884122981963,0.029436915259160853,False,False,False,False,595806.0,507699.14696197084,False,False,False,False,15840.06977061166,False,False,False,False
2025-08-25 17:00:00+00:00,191.39,192.5,190.88,192.27,6988.0,,,,,,,,,191.21803561660147,197.2104291662016,185.23214401246972,183.18370952234488,181.12800904625465,178.43523640016988,172.47980505662824,166.40314759675235,161.3058755840908,157.1945444592989,150.32946373532226,144.56148717367572,141.78773297918633,139.61648071308355,136.7636414856628,130.26942136789017,,,,,,,,184.30191389834616,195.57005339464035,191.0577146191877,182.27855604042574,178.85145708159422,174.27096619857414,171.2959192330189,168.4391004578578,163.07651773349323,158.57819725565557,153.39248479530605,151.0555551280242,147.92241304117155,142.97022221447338,140.84653240873044,131.91956287875016,,,183.48849228013412,163.07651773349323,147.92241304117155,171.55090944988424,"rgba(38, 166, 154, 0.5)",10.074470812115363,186.19294581661507,0.603213240349736,68.10233102226763,12.211008697151897,True,False,True,False,True,1.986352591645744,0.0,0.0,0.0,0.0,0,0.9656811293385067,0.9883245079192857,False,False,False,False,0.023436779914924485,0.02643684758704267,False,False,False,False,602794.0,509173.48576876195,False,False,False,False,15702.828378819233,False,False,False,False
2025-08-25 18:00:00+00:00,192.22,193.855,192.22,193.48,8117.0,,,,,,,,,191.23834178901868,197.1916199406537,185.25174288986594,183.20639812403232,181.15324248900583,178.4633761899837,172.51237805529215,166.43986412716708,161.34501067320306,157.23487888308722,150.37163629127764,144.60478875801243,141.83137275804242,139.6603245088607,136.80762403937985,130.31381103010008,,,,,,,,184.53402304437728,195.556097479217,191.06418346080815,182.3024214603005,178.8792589361769,174.30215131723813,171.32939130392194,168.47453599266538,163.11498572741323,158.61816376584568,153.43378593421127,151.09754505480754,147.9651981604627,143.0137154425852,140.89027617703556,131.96402275610149,,,183.51080646639815,163.11498572741323,147.9651981604627,171.5874007939218,"rgba(38, 166, 154, 0.5)",10.058315742090612,186.2213393938619,0.7216576604135687,70.09023657864395,14.463325152108752,True,False,True,False,True,3.1162438645340096,0.0,0.0,0.0,0.0,0,0.965153999504559,0.987401649109976,False,False,False,False,0.037979905203413274,0.03220837639522797,False,False,False,False,610911.0,510750.81157079665,False,False,False,False,15585.218636511956,False,False,False,False
2025-08-25 19:00:00+00:00,193.48,193.71,192.66,192.88,18915.0,,,,,,,,,191.28168415363527,197.14736854353558,185.29646084549051,183.25833727834885,181.21114257896934,178.52808541465572,172.58751516357546,166.52471129707476,161.4355451726903,157.3282552653246,150.46935682964366,144.7051850092563,141.9325785483956,139.76202197341058,136.909666395437,130.41684248222657,,,,,,,,185.02470523502913,195.52283367576916,191.07839082411675,182.35711591574784,178.94317137642264,174.37403520133685,171.40663428152865,168.55638061324652,163.20394539911553,158.71066739412325,153.5294525776264,151.19483433246958,148.06436345996667,143.11457092021706,140.99173123514183,132.06720575948555,,,183.56186641448443,163.20394539911553,148.06436345996667,171.669607113548,"rgba(38, 166, 154, 0.5)",10.05117922264776,186.283273329251,0.6563137045536878,69.97496753948589,14.730828641187827,True,False,True,False,True,2.509330917358067,0.0,0.0,0.0,0.0,0,0.9647651602067489,0.990100180964434,False,False,False,False,0.033712478591213804,0.03296042749322089,False,False,False,False,591996.0,512010.4268952804,False,False,False,False,15636.843153775337,False,False,False,False
2025-08-26 14:00:00+00:00,195.09,198.53,194.63,197.46,9714.0,,,,,,,,,191.34834052862266,197.14586100434354,185.3303096483267,183.295007256949,181.25008282022588,178.56969078346236,172.63298575606152,166.5742640320816,161.48738371042126,157.3810840026875,150.52381662275636,144.76060972174824,141.98823827280162,139.81780104690552,136.9654536773623,130.47281620757187,,,,,,,,185.3639499011621,195.53209952981217,191.0992558674056,182.3948386332912,178.98450904823895,174.41817359421304,171.45298902926993,168.604663904989,163.25519562446914,158.76319778046664,153.58309446351814,151.24912806929606,148.11939479463894,143.17012515855419,141.04746113190131,132.12334430686107,,,183.59823139783418,163.25519562446914,148.11939479463894,171.7247970451383,"rgba(38, 166, 154, 1.0)",10.03967827810972,186.3370507502738,1.1078989726173234,73.26462138168202,18.146257073168044,True,False,True,False,True,6.6458774526151,0.0,0.0,0.0,0.0,0,0.9620456061120144,0.9800634133214773,False,False,False,False,0.08249539370533078,0.05772791059927583,False,False,False,False,601710.0,513401.1179511676,False,False,False,False,15545.016128135409,False,False,False,False
2025-08-26 15:00:00+00:00,197.365,197.985,196.68,196.93,13800.0,,,,,,,,,191.44575981424384,197.14626790898438,185.37940170995248,183.34800218186018,181.30621461346522,178.62951692588,172.69815281864317,166.645134667103,161.5614408525737,157.4565074879275,150.6015053720254,144.83963533099154,142.06758359280187,139.89730570272204,137.0449575001448,130.5525606456339,,,,,,,,185.82649760013896,195.54818357644044,191.13029428077374,182.44928819640634,179.0439689020522,174.48148422290237,171.51939080422824,168.67375952315086,163.32843681832136,158.8382101474414,153.6596422436862,151.32658569537116,148.1978806658399,143.24932647074974,141.12690164167535,132.203328849296,,,183.65080871381423,163.32843681832136,148.1978806658399,171.80324649441616,"rgba(38, 166, 154, 1.0)",10.027605027852605,186.4137187681532,1.0487330925616705,74.34930584386598,19.40770339893598,True,False,True,False,True,6.099418103927025,0.0,0.0,0.0,0.0,0,0.9662421575053842,0.9830157318100943,False,False,False,False,0.09200902493650329,0.07486846776788955,False,False,False,False,587910.0,514556.29441704095,False,False,False,False,15517.961614520906,False,False,False,False
2025-08-26 16:00:00+00:00,196.93,198.12,196.715,197.87,4891.0,,,,,,,,,191.48168396163038,197.14742473667224,185.3972452429568,183.36718699404292,181.3264751134894,178.65104906402473,172.72151398977738,166.67047721920997,161.58788628550306,157.48341880049958,150.62919594743872,144.86778399201924,142.0958388388322,139.92561251973888,137.0732579268312,130.58093461814028,,,,,,,,185.98692947953305,195.5550713403713,191.14188538827636,182.4689719220752,179.06537721230418,174.5042025072155,171.54318071678063,168.69848494410124,163.3546019212109,158.86498157967753,153.68693788810228,151.35419653416423,148.22584702479668,143.27753345325036,141.15518847966771,132.231790932606,,,183.66985201221533,163.3546019212109,148.22584702479668,171.83128039223496,"rgba(38, 166, 154, 1.0)",10.010588535138185,186.44132355851474,1.1416587947221533,75.67294028304366,20.909766084686837,True,False,True,False,True,6.924018275271589,0.0,0.0,0.0,0.0,0,0.963918191098647,0.9880313999741852,False,False,False,False,0.09333214352178834,0.08410030564483895,False,False,False,False,592801.0,515769.3906276295,False,False,False,False,15353.202519722132,False,False,False,False
2025-08-26 17:00:00+00:00,198.04,198.385,197.32,198.16,7056.0,,,,,,,,,191.53601893575308,197.1506054091377,185.42371024239998,183.3955240348107,181.35630885931664,178.68265944238388,172.75566202447558,166.7074211599837,161.6263786744246,157.5225527236417,150.66941486958873,144.9086372986065,142.13683438837978,139.96667402143805,137.11429959021228,130.62206204967572,,,,,,,,186.2182757387891,195.56681823237358,191.15953565912528,182.49800338768665,179.09681846167493,174.53744650892986,171.5779335447773,168.73455734932662,163.39270442305,158.90392343581473,153.72660266105973,151.39430404722296,148.26645263377776,143.3184641251027,141.19622592314235,132.27305084787486,,,183.6979949471936,163.39270442305,148.26645263377776,171.87233079032524,"rgba(38, 166, 154, 1.0)",9.915749544843107,186.4822003638483,1.177702157899397,76.7428036601217,22.177364169798167,True,False,True,False,True,7.179538534897446,0.0,0.0,0.0,0.0,0,0.9668647810561922,0.9844249201277954,False,False,False,False,0.10010860171449866,0.0921044536796688,False,False,False,False,599857.0,517073.07449386775,False,False,False,False,15224.56372096675,False,False,False,False
2025-08-26 18:00:00+00:00,198.21,199.2,198.12,198.865,8684.0,,,,,,,,,191.60955818172113,197.1582161903884,185.4581292810047,183.43209279650492,181.3945832102839,178.72297670425638,172.79884808602802,166.753891718947,161.674646607148,157.57153129125828,150.7196275802861,144.95956201483244,142.18790401085823,140.017802643744,137.16537579285878,130.67319031144558,,,,,,,,186.50897765272438,195.58574919944732,191.18359099000705,182.53536422911242,179.13695157207565,174.57957846913257,171.62182970976383,168.78000237723407,163.44052978516086,158.952690792866,153.77617349988915,151.4443890000403,148.31711242836388,143.36946632694128,141.2473374587744,132.32435646353792,,,183.73434984384593,163.44052978516086,148.31711242836388,171.92466413473906,"rgba(38, 166, 154, 1.0)",9.806148927270279,186.53558588478114,1.2573145897194715,77.92230760354082,23.548085511629637,True,False,True,False,True,7.805189621484391,0.0,0.0,0.0,0.0,0,0.9690106430467775,0.9813687944928693,False,False,False,False,0.10796064493778389,0.10003254930872635,False,False,False,False,608541.0,518491.1818660559,False,False,False,False,15123.15963226959,False,False,False,False
2025-08-26 19:00:00+00:00,198.865,199.55,197.9,198.58,17365.0,,,,,,,,,191.75115623087768,197.17272338901017,185.52615821678796,183.50445178345825,181.4703884657746,178.8029058919555,172.8846047770392,166.8462639224127,161.77065605752458,157.66900061639438,150.8196139030235,145.06100779750528,142.28965660486165,140.11968610416267,137.26717149899383,130.7751218435392,,,,,,,,187.04926670365901,195.622321362421,191.23091136431765,182.60932277467649,179.21650345393567,174.66320990057605,171.70901604769284,168.87030889867884,163.53563731303055,159.04972511972673,153.8748576885192,151.54411530230095,148.41800655168544,143.47107711639967,141.3491793666052,132.42663310787117,,,183.80627347101773,163.53563731303055,148.41800655168544,172.02688534131937,"rgba(38, 166, 154, 1.0)",9.719980194527263,186.63842906696726,1.2285591836654493,77.92607759412627,23.84882652181689,True,False,True,False,True,7.49127672710523,0.0,0.0,0.0,0.0,0,0.9667825188455484,0.9830683606133901,False,False,False,False,0.10393724513876032,0.10198489722374333,False,False,False,False,591176.0,519618.0782712333,False,False,False,False,15157.91684727316,False,False,False,False
2025-08-27 14:00:00+00:00,196.71,200.34,196.71,200.09,9101.0,,,,,,,,,191.8269701211793,197.18205989775225,185.5625285928056,183.54301962978968,181.5107016603435,178.84531673425204,172.92996477327048,166.89502330187494,161.82127838539677,157.72035917253288,150.87225427961377,145.11438852562233,142.34318786395326,140.17327852752655,137.32070883814845,130.82871266992208,,,,,,,,187.32211953746673,195.64342562947195,191.2566946509545,182.6487008142806,179.2587262656871,174.70748151142118,171.75511023330003,168.91800584048028,163.58580109409013,159.10086481761624,153.9268307502637,151.59662285437446,148.47111198722845,143.52453830168028,141.4027541667772,132.48040915671208,,,183.84462387278288,163.58580109409013,148.47111198722845,172.08061444244274,"rgba(38, 166, 154, 1.0)",9.613385035816838,186.69264965655572,1.3936142465457726,79.02038553801415,25.186855166753503,True,False,True,False,True,8.84711044398691,0.0,0.0,0.0,0.0,0,0.9621627306402419,0.983628778760648,False,False,False,False,0.09497733878265535,0.09848111800319934,False,False,False,False,600277.0,520868.60418950877,False,False,False,False,15064.011159718537,False,False,False,False
2025-08-27 15:00:00+00:00,200.28,200.88,199.69,200.47,6792.0,,,,,,,,,191.89253491114246,197.19378305442626,185.5921488177341,183.57408103217614,181.54288817756813,178.87888133673243,172.96539412712994,166.93278333625292,161.86028410918118,157.7598077173666,150.91252263073622,145.1551159781802,142.38398643681253,140.21409237777578,137.36144308263647,130.8694133745162,,,,,,,,187.53949136084594,195.6649586823377,191.27901857534084,182.68028564879612,179.29218226724262,174.74217554239144,171.7910425465382,168.95503519691985,163.62451470569542,159.1401840908576,153.96665524121104,151.6368047384995,148.5116884350002,143.5653015605592,141.44357203644896,132.52126789590102,,,183.87555567345822,163.62451470569542,148.5116884350002,172.12337049041213,"rgba(38, 166, 154, 1.0)",9.500078176540477,186.73755705992386,1.4455084142346406,80.00252885526623,26.380106615802006,True,False,True,False,True,9.186533916568006,0.0,0.0,0.0,0.0,0,0.9667957099916957,0.9846434544625208,False,False,False,False,0.11044691460096581,0.10446401630208257,False,False,False,False,607069.0,522205.04443463264,False,False,False,False,14935.76292468414,False,False,False,False
2025-08-27 16:00:00+00:00,200.48,200.79,198.58,199.975,8485.0,,,,,,,,,191.96765820033613,197.2057042143539,185.62757533872252,183.611422231587,181.58173986817965,178.91956574390483,173.00861564923193,166.97904036241624,161.90818798830898,157.8083344323299,150.96216251217945,145.20539101007122,142.43437801837396,140.26452358293128,137.4118011654983,130.91977944118847,,,,,,,,187.78952110562844,195.6883705308321,191.30502531884056,182.718328531608,179.3327112000962,174.78443234899242,171.8349191317564,169.00034182753382,163.67202145896655,159.18852697352247,154.01570573538035,151.68632836503892,148.5617384723279,143.6156376287996,141.4939966107129,132.57181754560096,,,183.91271517638168,163.67202145896655,148.5617384723279,172.17453474208585,"rgba(38, 166, 154, 1.0)",9.39391930601643,186.78993454461926,1.4035744853520542,79.13265286690444,26.380106615802006,True,False,True,False,True,8.616265464057275,0.0,0.0,0.0,0.0,0,0.9574357741882437,1.0014925939511994,False,False,False,False,0.09975690802553236,0.10211046216380747,False,False,False,False,598584.0,523389.2142883593,False,False,False,False,14835.751096394464,False,False,False,False
2025-08-27 17:00:00+00:00,199.975,200.94,199.75,200.51,5756.0,,,,,,,,,192.02177923912214,197.21565512461302,185.652552705879,183.6376206179709,181.6088939707718,178.94789027832218,173.03853209376598,167.01093592613896,161.94114530199448,157.84167393431153,150.99620531036388,145.23982942191455,142.46888003752738,140.29904111771302,137.44625474739212,130.9542109806294,,,,,,,,187.9618498865955,195.70647782079797,191.32385756018107,182.74497131552008,179.3609424014801,174.81372422522287,171.86526244910507,169.03161678794024,163.70472841905925,159.22175463497902,154.04936930567308,151.72029709831625,148.5960447130865,143.65010836063078,141.52851606497399,132.6063809465844,,,183.93880290336418,163.70472841905925,148.5960447130865,172.210144421725,"rgba(38, 166, 154, 1.0)",9.294971263689474,186.8269724354992,1.472089281002206,79.03154679270078,26.380106615802006,True,False,True,False,True,9.10851860569856,0.0,0.0,0.0,0.0,0,0.9626281513959634,1.002604939067638,False,False,False,False,0.11151725937649044,0.10681386077014896,False,False,False,False,604340.0,524644.265229625,False,False,False,False,14694.979761566643,False,False,False,False
2025-08-27 18:00:00+00:00,200.605,201.65,200.49,201.49,10083.0,,,,,,,,,192.12393497210638,197.23733409768238,185.69849553953566,183.68552493314488,181.65831470201132,178.99919448944502,173.09232739548884,167.06801397626353,161.9999551112652,157.9010595174736,151.05670236904925,145.30093736243842,142.5300632998762,140.3602249919905,137.5072929953389,131.015146358261,,,,,,,,188.2715751464409,195.74328038748845,191.359586814011,182.7935818542787,179.41211107144562,174.8664940631855,171.91976532696825,169.08766321882553,163.7631438385084,159.28097422449108,154.10924988961514,151.7806755739613,148.65696885974066,143.71125169558334,141.58971831215587,132.66756451516085,,,183.98654224509116,163.7631438385084,148.65696885974066,172.2746745893946,"rgba(0, 255, 255, 0.75)",9.22472449453209,186.89543142709505,1.582114303961687,79.78117659309483,26.814941825199696,True,False,True,False,True,10.009309904088084,0.0,0.0,0.0,0.0,0,0.9667566193437364,0.9893099717105347,False,False,False,False,0.12447145707840643,0.11564265892427769,False,False,False,False,614423.0,526036.183598158,False,False,False,False,14623.476199371811,False,False,False,False
2025-08-27 19:00:00+00:00,201.36,202.12,200.48,202.0,18221.0,,,,,,,,,192.30926101939318,197.27905954709223,185.78255063015115,183.77301870935895,181.7484602532224,179.0926500640837,173.19013355129542,167.17165024694503,162.1066574992538,158.00876189996887,151.16636016459938,145.4116644901866,142.64091242148305,140.4710650925536,137.6178577500407,131.12550105096074,,,,,,,,188.80914382327424,195.81241343397656,191.42560039354532,182.8823108435711,179.50533531937808,174.96248516183647,172.01882734346987,169.18946564647146,163.8691536686481,159.38838938649374,154.2178155454934,151.89012401714896,148.7673830034506,143.8220345228387,141.70059725065937,132.77837331523966,,,184.073753036297,163.8691536686481,148.7673830034506,172.39114702649238,"rgba(0, 255, 255, 0.75)",9.170948913934824,187.01890756488086,1.6335378787636767,80.6770388030053,27.875913027083612,True,False,True,False,True,10.477716138516705,0.0,0.0,0.0,0.0,0,0.9616145471695638,0.9881830448965686,False,False,False,False,0.12858955928228158,0.12211610910327964,False,False,False,False,632644.0,527689.0179609772,False,False,False,False,14679.251762172247,False,False,False,False
2025-08-28 14:00:00+00:00,206.065,211.16,206.02,209.94,18719.0,,,,,,,,,192.64107930068508,197.39525185118725,185.90869300711498,183.89963056021267,181.87503769008978,179.21970356571063,173.3163417588284,167.30058981576335,162.23643505237513,158.13784342363357,151.29523620844202,145.54011942429585,142.7688185411677,140.59846424678707,137.7443411658477,131.25056171758558,,,,,,,,189.6179390853621,195.97270085082786,191.54223979075525,183.00893137753582,179.63265222154263,175.0880403609672,172.14561795725186,169.31750643082862,163.9990255670052,159.51772723418455,154.3464449040784,152.01899010490254,148.89640475786422,143.95015024446948,141.82831796224747,132.9042281902103,,,184.20058372277313,163.9990255670052,148.89640475786422,172.55480729205777,"rgba(0, 255, 0, 1.0)",9.250126145719962,187.21837886229105,2.456357976071738,84.3508939414327,31.400097437568135,True,False,True,False,True,17.10638655449692,0.0,0.0,0.0,0.0,0,0.9654169735974876,0.9764277129453725,False,False,False,False,0.26219089967369086,0.19215350438848525,False,False,False,False,651363.0,529606.4440391015,False,False,False,False,14741.883517797483,False,False,False,False
2025-08-28 15:00:00+00:00,209.81,210.39,208.0,210.14,13908.0,,,,,,,,,192.88604294353618,197.48353046517988,186.0034192745849,183.99462648320136,181.9699396505164,179.3148838469533,173.4107652578338,167.3969503280967,162.33335812155082,158.23420910212374,151.39139491624493,145.63592854750655,142.86420440273838,140.69346214538817,137.83864478656636,131.34378053787933,,,,,,,,190.19175686578714,196.0934934433753,191.63020722814738,183.10390238132106,179.72803925513787,175.18201208010916,172.24045392367256,169.4132270800268,164.0960382216802,159.6142961775713,154.44244277848625,152.1151465370928,148.9926556567195,144.04569827906815,141.92356109488622,132.9980438465244,,,184.29575351313764,164.0960382216802,148.9926556567195,172.67594882265826,"rgba(0, 255, 0, 1.0)",9.35126808860088,187.36557969006248,2.4354365733241403,86.84080706239658,33.66326184070677,True,False,True,False,True,17.25885693676155,0.0,0.0,0.0,0.0,0,0.9732705419636963,0.972778906239892,False,False,False,False,0.27363548094851925,0.23289449266850226,False,False,False,False,665271.0,531709.7704881076,False,False,False,False,14728.955091164964,False,False,False,False
2025-08-28 16:00:00+00:00,210.29,212.91,210.185,211.83,26221.0,,,,,,,,,193.38584751995413,197.67539999641662,186.19596477515321,184.18662408914102,182.16081109446412,179.50526557646376,173.5978833910363,167.58656441496206,162.52322009721448,158.42242134331116,151.57844103428405,145.82178301485388,143.04902578286635,140.87737868187008,138.02103259855033,131.52370133070178,,,,,,,,191.2981387558899,196.35072664882748,191.81322829303846,183.29541957905334,179.91898140649923,175.36870556378685,172.42809857935995,169.60198477881914,164.2863499567,159.80308326740402,154.6294944213291,152.3022604874246,149.17965294094773,144.23092238163994,142.108037994253,133.1792030229238,,,184.4882514208177,164.2863499567,149.17965294094773,172.91665404105342,"rgba(0, 255, 0, 1.0)",9.48920337176156,187.6627132453487,2.5468193490898847,88.83503192977658,35.4400468508082,True,False,True,False,True,18.540948502472542,0.0,0.0,0.0,0.0,0,0.9724857055678634,0.9905809310285353,False,False,False,False,0.31884053206822494,0.2758675123683636,False,False,False,False,691492.0,534187.014356509,False,False,False,False,14907.126330061632,False,False,False,False
2025-08-28 17:00:00+00:00,211.9,213.055,211.265,212.84,7088.0,,,,,,,,,193.52174089228149,197.7290953125909,186.24902704997106,184.23946336752996,182.21327935423284,179.55752886312962,173.64913502790867,167.63840379783886,162.57506700244292,158.47377992325414,151.62942835280893,145.87240981912058,143.09935662777008,140.92745265636594,138.07067792690847,131.57264971898522,,,,,,,,191.58813127854324,196.42212342709666,191.86396605224456,183.34809857486533,179.97140775308944,175.4198740818155,172.47947362853589,169.65361903979507,164.3383385080185,159.85461079100838,154.6805059138348,152.3532713934634,149.2306107255694,144.28136899998125,142.1582703588749,133.22849395660072,,,184.54123752109126,164.3383385080185,149.2306107255694,172.9820955972396,"rgba(0, 255, 0, 1.0)",9.578180855231112,187.74348145119092,2.6201758901955428,90.3466924380437,36.797179202749064,True,False,True,False,True,19.295232039782935,0.0,0.0,0.0,0.0,0,0.9858328544125309,0.9679234439529004,False,False,False,False,0.3308129947438363,0.30334025355609995,False,False,False,False,698580.0,536735.7428160979,False,False,False,False,14785.899565254475,False,False,False,False
2025-08-28 18:00:00+00:00,212.84,214.82,212.84,213.67,15753.0,,,,,,,,213.77666666666664,193.8386591584493,197.8582251034377,186.3724216439337,184.36195636256454,182.33458163291857,179.67798351433984,173.76662752226625,167.756753230167,162.69311569661534,158.5905083482719,151.74502697738873,145.98699762789337,143.21319394959363,141.04065063815435,138.18283638177465,131.68309253239596,,,,,,,,192.24614456164264,196.5921671652962,191.98341600469135,183.4700682611862,180.09229106011367,175.53734762234353,172.5971429413361,169.77164877268027,164.45681198443083,159.97178992858156,154.79627944818384,152.46895077666528,149.34605624357516,144.3955018717213,142.2718590644297,133.339742915431,,,184.6641234433994,164.45681198443083,149.34605624357516,175.84410562510985,"rgba(0, 255, 0, 1.0)",9.668962057547365,189.93138306506265,2.455136010840743,91.49982903394817,37.87808464842607,True,False,True,False,True,19.91237494917217,0.0,0.0,0.0,0.0,0,0.9887635940447047,0.9583450379228698,False,False,False,False,0.3428282524923571,0.3230842530242285,False,False,False,False,714333.0,539489.1886639104,False,False,False,False,14800.893370444326,False,False,False,False
2025-08-28 19:00:00+00:00,213.68,213.74,212.35,212.38,27773.0,,,,,,,,213.1683652682688,194.34829673719767,198.06755857252486,186.5798215854788,184.5685388749534,182.5397695850971,179.88241591243636,173.96720709446006,167.9596426772703,162.89605914474643,158.79157380088697,151.94467060733646,146.18525229392998,143.4103023744986,141.23676296428113,138.3772841477665,131.87483254523227,,,,,,,,193.2685397151676,196.86779210865336,192.18179317722144,183.67604965852874,180.29734686312378,175.73759380185425,172.7982072169565,169.97373290774829,164.6602962077968,160.1735059196161,154.99600914481806,152.6686842544263,149.54559068324002,144.59305866409227,142.4685858465429,133.53281568961248,,,184.87126447691267,164.6602962077968,149.54559068324002,176.06236246079234,"rgba(0, 255, 0, 1.0)",9.673375219392426,190.19637442568995,2.2932663182379245,89.04337362278591,37.87808464842607,True,False,True,False,False,18.2735319931031,0.0,0.0,0.0,0.0,0,0.9899664654594229,0.9589134808853114,False,False,False,False,0.3278061130369036,0.325445183030566,False,False,False,False,686560.0,541769.3562815242,False,False,False,False,15002.0113026855,False,False,False,False
2025-08-29 14:00:00+00:00,207.76,208.15,197.67,198.38,21065.0,,,,,,,,209.33035975084252,194.4890106973992,198.10254314728485,186.6674378905056,184.66069279127993,182.63555219610794,179.98260775788387,174.07364869756017,168.0734405139813,163.01392494856688,158.91105233145896,152.0669757955574,146.3091971639671,143.53457929077837,141.36117318845788,138.50156577741495,131.99922082894508,,,,,,,,193.56384710228255,196.92542353876485,192.24787111806205,183.7698847763289,180.39714655499372,175.84170302159808,172.90622980930374,170.08522141099525,164.7771590890903,160.29250465319052,155.11683887446287,152.79069557525182,149.66892664806926,144.71718081722244,142.5929586415627,133.65762375632562,,,184.96297256159127,164.7771590890903,149.66892664806926,176.01562794763285,"rgba(38, 166, 154, 0.5)",9.480375076684199,190.10263249035805,0.8731054881994176,71.77455352836962,27.21351607085795,True,False,True,False,False,3.301034537684174,0.0,0.0,0.0,0.0,0,0.9672634138096906,0.960567884862904,False,False,False,False,0.14385712722469346,0.23465115512762974,False,False,False,False,665495.0,543687.5833159192,False,False,False,False,15096.011127450067,False,False,False,False
2025-08-29 15:00:00+00:00,198.19,199.7,194.95,195.22,32717.0,,,,,,,,205.0579897165016,194.55317002078658,198.07881129056116,186.75802247304964,184.7615608305998,182.74502049289308,180.10208733466075,174.2087266642499,168.22354381001875,163.17296100840946,159.07458399934475,152.23746172619556,146.4840062394711,143.71070023642937,141.53809124115696,138.67903886895886,132.17829745869795,,,,,,,,193.72720337742933,196.91957288198134,192.29604788015664,183.8747134430064,180.51546223279425,175.9718264727451,173.0445402361237,170.23064435691418,164.9337151753881,160.454652287944,155.28402249037896,152.96048711391893,149.84174545923423,144.89273347927804,142.76948407738254,133.83695677356138,,,185.06259691205935,164.9337151753881,149.84174545923423,175.96114291101148,"rgba(38, 166, 154, 0.5)",9.258591560529336,189.96170808688402,0.5679364813469916,58.723024411397134,16.31851861516337,False,False,True,False,False,0.5093302420365369,0.0,0.0,0.0,0.0,0,0.9609214155304352,0.9828561809682888,False,False,False,False,0.047202361817903674,0.1409267584727667,False,False,False,False,632778.0,545068.8300862149,False,False,False,False,15369.204753381073,False,False,False,False
2025-08-29 16:00:00+00:00,195.62,198.675,195.62,196.81,14352.0,,,,,,,,204.02677040420326,194.58547140769224,198.0715164285734,186.79887777034514,184.80679101206633,182.793910679466,180.15525239573793,174.26855105569595,168.28984013071735,163.24310431698473,159.14665551347036,152.31252778574637,146.5609336654555,143.7881894095782,141.61592043886552,138.75710030649512,132.25704020141208,,,,,,,,193.802905885661,196.92054527238722,192.31882728241064,183.92162865786864,180.5681337387009,176.02952270645332,173.10575570881556,170.29492267837415,165.00279297629464,160.52613033087175,155.35766296389428,153.03525370187103,149.91781887341418,144.96997904890787,142.84714637123128,133.91581671968083,,,185.1073011947563,165.00279297629464,149.91781887341418,175.97204678710867,"rgba(38, 166, 154, 0.5)",8.989764050558005,189.9440106391103,0.7637563480282354,51.494978516131546,10.889637804491542,False,True,False,True,False,1.8484197069995538,0.0,0.0,0.0,0.0,0,0.9527974091022327,0.9997377633839007,False,False,False,False,0.04415433650571254,0.09254054748923962,False,False,False,False,647130.0,546651.1738058085,False,False,False,False,15353.434137049584,False,False,False,False
2025-08-29 17:00:00+00:00,196.8,196.87,193.275,194.5,11672.0,,,,,,,,203.16128820311573,194.58857373306282,198.0534888756757,186.8249258202814,184.83689575653162,182.82745059108603,180.19275979739348,174.3123935318412,168.33951002992407,163.29631412886485,159.20174762226796,152.3704607496263,146.62066204258562,143.84850106199173,141.67660239690616,138.81809119542413,132.31881410824417,,,,,,,,193.82261742211952,196.90667158994916,192.3288070353955,183.95331236451256,180.60515343481794,176.07142626037424,173.15085103334707,170.34277983220954,165.0549909679656,160.58063890352796,155.41427661776117,153.0929054380962,149.97668701649462,145.0300405051354,142.9076394238215,133.97762288888845,,,185.13689306455217,165.0549909679656,149.97668701649462,175.9722770702497,"rgba(38, 166, 154, 0.5)",8.84592571100985,189.91620232113056,0.5181817967524124,45.48100842134961,6.252744001793417,False,True,False,True,False,0.0,0.0,0.0,0.0,0.0,0,0.9526035852649547,0.9940245584082996,False,False,False,False,0.008568299151898577,0.0505544233205691,False,False,False,False,635458.0,548028.0238243231,False,False,False,False,15296.357638800753,False,False,False,False
2025-08-29 18:00:00+00:00,194.56,195.67,193.63,194.83,14294.0,,,,,,,,202.2835273615935,194.5901115165992,198.03050731648597,186.85592267666192,184.87289315684703,182.86769088290507,180.23789963893398,174.3653854208205,168.39969381676474,163.36088086357537,159.26866117555943,152.44090771716535,146.69334750867128,143.92191965608455,141.75048871712042,138.89237460342522,132.39409198250866,,,,,,,,193.84203985420697,196.888517688639,192.34010851646025,183.99125925456093,180.6496872076258,176.12202395311485,173.2053885406038,170.40072621504316,165.11830033635962,160.64682422939586,155.48308682836023,153.16300289993578,150.0482948717906,145.1031449522328,142.98128626492763,134.0529298498447,,,185.1722551632722,165.11830033635962,150.0482948717906,175.97893367760037,"rgba(38, 166, 154, 0.5)",8.72448344685431,189.88995381865402,0.5662279275831704,41.811544367599446,3.4006857571341556,False,True,False,True,False,0.13685662043952718,0.0,0.0,0.0,0.0,0,0.9560749016356765,0.9908412616951557,False,False,False,False,0.0013280539254501467,0.025941238623009625,False,False,False,False,649752.0,549605.1397340235,False,False,False,False,15280.817210292214,False,False,False,False
2025-08-29 19:00:00+00:00,194.91,195.66,194.06,194.68,20923.0,,,,,,,,201.29595983996538,194.59393152482656,197.99832829563428,186.90137265383936,184.9255917077543,182.92654795751614,180.30387746416636,174.44279922852982,168.48759445792138,163.45518393332364,159.36640070449945,152.54382221610922,146.7995450134583,144.0291953007087,141.8584533193006,139.00092715558637,132.5041124943313,,,,,,,,193.87177805720614,196.8635550168634,192.35708001498367,184.04678649335096,180.71478328716813,176.1959496997566,173.2850547389432,170.48536283565997,165.2107645840741,160.74349691487708,155.58360519950566,153.26540543036012,150.15290962663488,145.20995871413763,143.0888977303789,134.16298815242533,,,185.2240322930681,165.2107645840741,150.15290962663488,176.0007176753388,"rgba(38, 166, 154, 0.5)",8.65858124938911,189.8669633231737,0.5558689741654702,39.27590994650438,1.1781888403853813,False,True,False,True,False,0.005710546433771668,0.0,0.0,0.0,0.0,0,0.963688814196297,0.9865288676573724,False,False,False,False,0.00492669094447712,0.015433964783743372,False,False,False,False,628829.0,550833.4166373719,False,False,False,False,15368.292912458226,False,False,False,False
2025-09-01 14:00:00+00:00,194.68,194.68,194.68,194.68,0.0,,,,,,,,201.29595983996538,194.59393152482656,197.99832829563428,186.90137265383936,184.9255917077543,182.92654795751614,180.30387746416636,174.44279922852982,168.48759445792138,163.45518393332364,159.36640070449945,152.54382221610922,146.7995450134583,144.0291953007087,141.8584533193006,139.00092715558637,132.5041124943313,,,,,,,,193.87177805720614,196.8635550168634,192.35708001498367,184.04678649335096,180.71478328716813,176.1959496997566,173.2850547389432,170.48536283565997,165.2107645840741,160.74349691487708,155.58360519950566,153.26540543036012,150.15290962663488,145.20995871413763,143.0888977303789,134.16298815242533,,,185.2240322930681,165.2107645840741,150.15290962663488,176.0007176753388,"rgba(38, 166, 154, 0.5)",8.554551881946907,189.8669633231737,0.5626287318431593,37.585486999107665,-0.6188749652452685,False,True,False,True,False,0.005710546433771668,0.0,0.0,0.0,0.0,0,0.9652637187000529,0.9854954714970695,False,False,False,False,0.0018421406483602356,0.008638052716051803,False,False,False,False,628829.0,552042.6504879552,False,False,False,False,15130.02480528833,False,False,False,False
2025-09-01 15:00:00+00:00,194.68,194.68,194.68,194.68,0.0,,,,,,,,201.29595983996538,194.59393152482656,197.99832829563428,186.90137265383936,184.9255917077543,182.92654795751614,180.30387746416636,174.44279922852982,168.48759445792138,163.45518393332364,159.36640070449945,152.54382221610922,146.7995450134583,144.0291953007087,141.8584533193006,139.00092715558637,132.5041124943313,,,,,,,,193.87177805720614,196.8635550168634,192.35708001498367,184.04678649335096,180.71478328716813,176.1959496997566,173.2850547389432,170.48536283565997,165.2107645840741,160.74349691487708,155.58360519950566,153.26540543036012,150.15290962663488,145.20995871413763,143.0888977303789,134.16298815242533,,,185.2240322930681,165.2107645840741,150.15290962663488,176.0007176753388,"rgba(38, 166, 154, 0.5)",8.446612186696683,189.8669633231737,0.5698185935903127,36.45853836750986,-2.1732044043789003,False,True,False,True,False,0.005710546433771668,0.0,0.0,0.0,0.0,0,0.9640177901618259,0.9856928517843744,False,False,False,False,0.0018421406483602356,0.00524009668220602,False,False,False,False,628829.0,553233.1365269016,False,False,False,False,14895.450777299364,False,False,False,False
2025-09-01 16:00:00+00:00,194.68,194.68,194.68,194.68,0.0,,,,,,,,201.29595983996538,194.59393152482656,197.99832829563428,186.90137265383936,184.9255917077543,182.92654795751614,180.30387746416636,174.44279922852982,168.48759445792138,163.45518393332364,159.36640070449945,152.54382221610922,146.7995450134583,144.0291953007087,141.8584533193006,139.00092715558637,132.5041124943313,,,,,,,,193.87177805720614,196.8635550168634,192.35708001498367,184.04678649335096,180.71478328716813,176.1959496997566,173.2850547389432,170.48536283565997,165.2107645840741,160.74349691487708,155.58360519950566,153.26540543036012,150.15290962663488,145.20995871413763,143.0888977303789,134.16298815242533,,,185.2240322930681,165.2107645840741,150.15290962663488,176.0007176753388,"rgba(38, 166, 154, 0.5)",8.350895880084993,189.8669633231737,0.5763497409067582,35.70723927977799,-3.5776275892849583,False,True,False,True,False,0.005710546433771668,0.0,0.0,0.0,0.0,0,0.9844137247342619,0.9817425786198156,False,False,False,False,0.0018421406483602356,0.0035411186652831274,False,False,False,False,628829.0,554405.1654179574,False,False,False,False,14664.513555945885,False,False,False,False
2025-09-01 17:00:00+00:00,194.68,194.68,194.68,194.68,0.0,,,,,,,,201.29595983996538,194.59393152482656,197.99832829563428,186.90137265383936,184.9255917077543,182.92654795751614,180.30387746416636,174.44279922852982,168.48759445792138,163.45518393332364,159.36640070449945,152.54382221610922,146.7995450134583,144.0291953007087,141.8584533193006,139.00092715558637,132.5041124943313,,,,,,,,193.87177805720614,196.8635550168634,192.35708001498367,184.04678649335096,180.71478328716813,176.1959496997566,173.2850547389432,170.48536283565997,165.2107645840741,160.74349691487708,155.58360519950566,153.26540543036012,150.15290962663488,145.20995871413763,143.0888977303789,134.16298815242533,,,185.2240322930681,165.2107645840741,150.15290962663488,176.0007176753388,"rgba(38, 166, 154, 0.5)",8.347988440877808,189.8669633231737,0.5765504721183107,35.20637322129007,-4.875011789353053,False,True,False,True,False,0.005710546433771668,0.0,0.0,0.0,0.0,0,0.9719426060841996,0.984483621600578,False,False,False,False,0.0018421406483602356,0.0026916296568216813,False,False,False,False,628829.0,555559.0233184542,False,False,False,False,14437.156756628894,False,False,False,False
2025-09-01 18:00:00+00:00,194.68,194.68,194.68,194.68,0.0,,,,,,,,201.29595983996538,194.59393152482656,197.99832829563428,186.90137265383936,184.9255917077543,182.92654795751614,180.30387746416636,174.44279922852982,168.48759445792138,163.45518393332364,159.36640070449945,152.54382221610922,146.7995450134583,144.0291953007087,141.8584533193006,139.00092715558637,132.5041124943313,,,,,,,,193.87177805720614,196.8635550168634,192.35708001498367,184.04678649335096,180.71478328716813,176.1959496997566,173.2850547389432,170.48536283565997,165.2107645840741,160.74349691487708,155.58360519950566,153.26540543036012,150.15290962663488,145.20995871413763,143.0888977303789,134.16298815242533,,,185.2240322930681,165.2107645840741,150.15290962663488,176.0007176753388,"rgba(38, 166, 154, 0.5)",8.344686197200602,189.8669633231737,0.5767786305063135,34.87246251563146,-6.08204763463138,False,True,False,True,False,0.005710546433771668,0.0,0.0,0.0,0.0,0,0.9685015076081619,0.9863543931000628,False,False,False,False,0.0018421406483602356,0.0022668851525909587,False,False,False,False,628829.0,556694.9919491757,False,False,False,False,14213.324868929221,False,False,False,False
2025-09-01 19:00:00+00:00,194.68,194.68,194.68,194.68,0.0,,,,,,,,201.29595983996538,194.59393152482656,197.99832829563428,186.90137265383936,184.9255917077543,182.92654795751614,180.30387746416636,174.44279922852982,168.48759445792138,163.45518393332364,159.36640070449945,152.54382221610922,146.7995450134583,144.0291953007087,141.8584533193006,139.00092715558637,132.5041124943313,,,,,,,,193.87177805720614,196.8635550168634,192.35708001498367,184.04678649335096,180.71478328716813,176.1959496997566,173.2850547389432,170.48536283565997,165.2107645840741,160.74349691487708,155.58360519950566,153.26540543036012,150.15290962663488,145.20995871413763,143.0888977303789,134.16298815242533,,,185.2240322930681,165.2107645840741,150.15290962663488,176.0007176753388,"rgba(38, 166, 154, 0.5)",8.345905750295367,189.8669633231737,0.576694348202526,34.64985537852572,-7.203013741372658,False,True,False,True,False,0.005710546433771668,0.0,0.0,0.0,0.0,0,0.9762541569376634,0.9784900587277998,False,False,False,False,0.0018421406483602356,0.0020545129004755974,False,False,False,False,628829.0,557813.348663142,False,False,False,False,13992.96324305435,False,False,False,False
2025-09-02 14:00:00+00:00,192.5,193.0,189.56,191.0,9405.0,,,,,,,,200.7298649431789,194.56628262305702,197.96796493848132,186.9123649955903,184.94049645572284,182.94482195031478,180.3259964620599,174.47126373598573,168.52151607387543,163.49252426974112,159.40569781761786,152.58597825667957,146.84354679552865,144.07384765398865,141.90353842717644,139.04643400841636,132.55057983072498,,,,,,,191.18666666666664,193.83482536094039,196.8332181277668,192.3534614733483,184.06323608113004,180.73639311453059,176.22257234390932,173.3146918649785,170.51759112926308,165.24708767870075,160.78218214453648,155.62447376624203,153.30728180251964,150.1959824526315,145.25433507054234,143.13375434314628,134.2093898647413,,191.18666666666664,185.23841159585515,165.24708767870075,150.1959824526315,177.63553816307348,#000000,8.348814361528452,190.58331541628905,0.04990943212619978,31.045480716804526,-11.347785912692544,False,True,False,True,False,0.0,1.0,193.0,189.56,0.0,0,0.970069406315552,0.975475496614154,False,False,False,False,-0.05648085878021118,-0.027213172939867792,False,False,False,False,619424.0,558768.5525598373,True,False,False,False,13921.83202998374,False,False,False,False
2025-09-02 15:00:00+00:00,191.01,192.83,190.875,192.75,18266.0,,,,,,,,199.88844420577814,194.52881867023424,197.9180438071824,186.93833723636243,184.973683062454,182.98421146324202,180.37249343630327,174.52944634292703,168.58990108325682,163.56727556706983,159.48405141256347,152.66962998688308,146.9306107991381,144.1620998103825,141.99257573862974,139.1362207129422,132.64209861061846,,,,,,,191.8236761712021,193.79100882043593,196.78512855271256,192.35225702269787,184.09926689542095,180.78196115673137,176.2773254985012,173.37506525872234,170.58280672348204,165.3199570800602,160.85941050949276,155.70572610661327,153.39041389957663,150.2813421887623,145.34208225863617,143.22237910676472,134.30081659244104,,191.8236761712021,185.27063990713128,165.3199570800602,150.2813421887623,177.66353359879625,#000000,8.3433639271964,190.57168000446777,0.2610841399871922,32.18503763702013,-11.347785912692544,False,True,False,True,False,0.0,0.0,0.0,0.0,0.0,0,0.9693086336209324,0.9779789093779954,False,False,False,False,-0.04664421051259462,-0.03692869172623121,False,False,False,False,637690.0,559992.1408922429,False,False,False,False,13989.18347137934,False,False,False,False
2025-09-02 16:00:00+00:00,192.865,194.9,192.215,194.82,9361.0,,,,,,,,199.6055713915633,194.52447606370728,197.90079040524068,186.95617684450136,184.99487056006566,183.00826383805722,180.39985423993036,174.5621911739218,168.62749914598214,163.6078717992632,159.52629830362693,152.71434014920393,146.97689710428844,144.2089187843211,142.03974087743057,139.18369861759496,132.69032783997852,,,,,,,192.36833337833943,193.79347503446894,196.77043014121236,192.35721577399568,184.1217685362245,180.8089025370691,176.3084520126331,173.40885124344763,170.6188940176961,165.35968053179002,160.90114324558974,155.74930654705105,153.4348811222231,150.32685566398152,145.3886738691602,143.26936460640155,134.34903536020767,,192.36833337833943,185.29139384713264,165.35968053179002,150.32685566398152,177.6971815214722,"rgba(38, 166, 154, 0.5)",8.335963087947553,190.59154809970244,0.5072541535615975,36.36577288483685,-11.347785912692544,False,True,False,True,True,0.24330308748499618,0.0,0.0,0.0,0.0,0,0.9679478883568436,0.981680399177487,False,False,False,False,-0.017394978506900662,-0.027161835116565933,False,False,False,False,647051.0,561341.8906458516,False,False,False,False,13917.428688877335,False,False,False,False
2025-09-02 17:00:00+00:00,194.9,196.625,194.8,196.23,15494.0,,,,,,,,199.33246215010465,194.5420115697415,197.88628397820983,186.99347013379708,185.03711787191634,183.05472336067643,180.45122511464197,174.62144619504397,168.6941481561968,163.67903113360106,159.59985425627357,152.79154015868284,147.05640850646552,144.28918020205026,142.12047810535225,139.2648301803922,132.77246697547398,,,,,,,193.40567169909502,193.83807950951638,196.76282149846577,192.37493269118363,184.1659491785496,180.85967526068617,176.36526501173222,173.46969086545857,170.68323589729698,165.42955229349297,160.97395555471365,155.82480844944726,153.5117192213628,150.4052613809406,145.46861322697777,143.34985944933004,134.43122087239226,,193.40567169909502,185.33302061269325,165.42955229349297,150.4052613809406,177.77394684839547,"rgba(38, 166, 154, 0.5)",8.339633367944433,190.65355807622637,0.6686675154339675,41.12703520738506,-15.804199110522966,False,True,False,True,True,1.5809360575022957,0.0,0.0,0.0,0.0,0,0.9820769940064543,0.9694703780544025,False,False,False,False,0.019537730720877083,-0.0038120521978444247,False,False,False,False,662545.0,562910.9311009548,False,False,False,False,13941.871654941253,False,False,False,False
2025-09-02 18:00:00+00:00,196.22,198.255,196.22,197.96,30202.0,,,,,,,,199.10037041104903,194.61397496102245,197.88064052367812,187.07814409203132,185.13049256998355,183.15545626640068,180.56062461982503,174.7445931811416,168.83069092601693,163.8236598469544,159.7486412162925,152.9467677014552,147.21569027490986,144.4497262523999,142.28180629750543,139.42674368873344,132.93599286643453,,,,,,,194.8925023571221,193.9833677404634,196.77460915612812,192.42440784211135,184.26270240052187,180.96805995092663,176.48402912757894,173.5957048903296,170.8155884854724,165.57191351392615,161.12145685013277,155.97698979917095,153.66630275670238,150.56264948613008,145.62861302801178,143.51079721969813,134.5949305822795,,194.8925023571221,185.42534063260348,165.57191351392615,150.56264948613008,177.9260676474575,"rgba(38, 166, 154, 0.5)",8.357340412223632,190.78191095789217,0.8588963340070497,46.42067764258079,-10.806553553010673,False,True,False,False,True,3.1896354830112976,0.0,0.0,0.0,0.0,0,0.9863768449520958,0.9617774836723535,False,False,False,False,0.04569970811379938,0.020943827957977477,False,False,False,False,692747.0,564923.8934094671,False,False,False,False,14193.966668042938,False,False,False,False
2025-09-02 19:00:00+00:00,198.07,200.47,197.73,200.43,19070.0,,,,,,,,199.1328167343328,194.68909299995795,197.8950380345827,187.14138411691957,185.19847203497258,183.22740516762542,180.6373235540849,174.82867002331426,168.92240755312866,163.9199091162101,159.84709596579117,153.04874581688395,147.31985661830356,144.55452734963586,142.38698080997224,139.53213544311114,133.0421104834272,,,,,,,195.7637507776839,194.12003891931656,196.8031135025685,192.46771967524134,184.3325059365012,181.04423933157454,176.56564136415548,173.6814140074109,170.90490694792706,165.6669285832177,161.2192341027348,156.07726073390555,153.7679246854923,150.66583608921331,145.73313666072048,143.61579325620482,134.7012423254624,,195.7637507776839,185.49277723646398,165.6669285832177,150.66583608921331,178.03612158742132,"rgba(38, 166, 154, 1.0)",8.394945397395132,190.88379589227716,1.137137129049694,52.406962553801186,-5.319245886806058,False,True,True,False,True,5.411057514403549,0.0,0.0,0.0,0.0,0,0.9904879590781076,0.9580723030059195,False,False,False,False,0.07774028860559672,0.049342058281787095,False,False,False,False,711817.0,567201.3059147467,False,False,False,False,14269.564084042271,False,False,False,False
2025-09-03 14:00:00+00:00,205.415,212.285,205.415,211.01,18599.0,,,,,,,,199.82872623494634,194.90702195378853,197.99281069521734,187.25181509754373,185.31007008267824,183.33972159225112,180.75089015034405,174.94316816364778,169.04045091380272,164.03956406644292,159.9667866185883,153.16913230905527,147.44048045611288,144.6749242392713,142.50711557747536,139.65168340135008,133.16083754957754,,,,,,,197.89654834976508,194.48176691524256,196.9300294968696,192.5686021320028,184.44444731775,181.15788286308398,176.67917453195597,173.7966605051479,171.02179839273182,165.7863630092569,161.33894259016805,156.19706820815009,153.88821873771522,150.7866152373063,145.85361173148513,143.73610861029456,134.82057504045713,,197.89654834976508,185.6044248630144,165.7863630092569,150.7866152373063,178.26910643712586,"rgba(0, 255, 0, 1.0)",8.6385593367433,191.15558320710602,2.298348141043041,61.7697516809628,3.096967228453586,False,False,True,False,True,13.699460844125078,0.0,0.0,0.0,0.0,0,0.9964609939990765,0.9418511938899686,False,False,False,False,0.24972678448056787,0.14953442138117748,False,False,False,False,730416.0,569731.7662881615,False,False,False,False,14336.687121498979,False,False,False,False
2025-09-03 15:00:00+00:00,211.02,211.79,207.32,210.19,15281.0,,,,,,,,200.34486400522954,195.08369153358308,198.07326789268933,187.34252744752803,185.40173459355677,183.43197345889433,180.84416403184147,175.03720806982037,169.13739202376559,164.13782720424925,160.0650826901288,153.2680027177351,147.5395487432296,144.77380831578418,142.60578617488227,139.74987484740646,133.25835914009716,,,,,,,199.23344363124457,194.77023961113522,197.03402440550227,192.65154970473216,184.53639241662324,181.251219008638,176.77242516489147,173.89131249910676,171.11779649568058,165.88444412994298,161.4372520481356,156.29546279761138,153.98701301724543,150.88580852347852,145.95255916440934,143.8349264311261,134.91859210881492,,199.23344363124457,185.69612945197952,165.88444412994298,150.88580852347852,178.44121242398043,"rgba(0, 255, 0, 1.0)",8.849062943724743,191.3544228676381,2.1285391743901,66.99330286376693,7.5392660234604065,False,False,True,False,True,12.871743619521137,0.0,0.0,0.0,0.0,0,0.9994312664724647,0.943487307532251,False,False,False,False,0.2626182400160358,0.20607633069860665,False,False,False,False,715135.0,571986.0799891202,False,False,False,False,14351.327631243179,False,False,False,False
2025-09-03 16:00:00+00:00,210.2,210.86,208.26,209.26,7590.0,,,,,,,,200.5740886088811,195.1680898199255,198.11178589043527,187.38670021320894,185.44643914791456,183.4770247332764,180.88978131507866,175.0833179236138,169.18500873378972,164.18615025776856,160.11346143079433,153.316717035196,147.5883965953681,144.82258075465882,142.6544645690006,139.79833075118518,133.30651163128553,,,,,,,199.77522241533347,194.90666482719357,197.0838253113839,192.6917197786454,184.58126129123025,181.29685648224927,176.81811852766046,173.93774048438686,171.1649247539316,165.93265881516174,161.48562477499695,156.34392117121365,154.0356848611181,150.93469748347655,146.00135645844077,143.88367113147515,134.96698240569106,,199.77522241533347,185.74084340692625,165.93265881516174,150.93469748347655,178.51971154417552,"rgba(0, 255, 255, 0.75)",9.02751717435939,191.4440819858919,1.9735125029404714,69.28343693524563,9.478546633213227,True,False,True,False,True,11.932910817860122,0.0,0.0,0.0,0.0,0,1.0212919268699312,0.9475967108423518,False,False,False,False,0.26270996945581043,0.23439315007720854,False,False,False,False,707545.0,574087.7686714594,False,False,False,False,14246.500846262665,False,False,False,False
2025-09-03 17:00:00+00:00,209.44,210.06,209.19,209.19,4112.0,,,,,,,,200.69379320583099,195.21346476260825,198.13258156440418,187.41057950015085,185.47060933025207,183.50138562340632,180.91445175382455,175.10826160102192,169.21077167303554,164.21229855543086,160.13964241201575,153.34308290127245,147.61483704589563,144.8489814411643,142.68081513508517,139.82456189291742,133.33258042636828,,,,,,,200.04599216311576,194.9796224339269,197.11068270144727,192.71342831567927,184.60552178197494,181.32153718654084,176.84283543740284,173.96285711339627,171.19042217345236,165.9587473156332,161.51180168014326,156.37014724167548,154.06202743527277,150.9611588058517,146.02777016483628,143.91005714234285,134.99317939981378,,200.04599216311576,185.76501804804417,165.9587473156332,150.9611588058517,178.56106183451658,"rgba(0, 255, 255, 0.75)",9.197683748278894,191.49114233019418,1.9242733447013436,70.71427563289794,10.933950857677033,True,False,True,False,True,11.86163273418525,0.0,0.0,0.0,0.0,0,1.0310253337897977,0.9284634257674308,False,False,False,False,0.2639028461724843,0.2491479981248464,False,False,False,False,703433.0,576093.1210951577,False,False,False,False,14089.37680213456,False,False,False,False
2025-09-03 18:00:00+00:00,209.01,209.51,206.855,208.865,10256.0,,,,,,,,200.9440815398158,195.31699867022638,198.17925961665065,187.46703727981074,185.5280051937707,183.5594528350478,180.97350081511678,175.1683860261519,169.27318175672167,164.27584684840156,160.2034077374723,153.40748455412233,147.679546620755,144.91364662915734,142.74539598231496,139.88889698098941,133.39661002982464,,,,,,,200.59016522241112,195.1452511229941,197.17141401823315,192.7638892923729,184.66323185874109,181.38057494101244,176.90230496828448,174.02346506948504,171.2520962504293,166.0220838718303,161.57551329716463,156.4341310941893,154.12635470194076,151.02584868778703,146.09244525134855,143.97470333334047,135.05750133903854,,200.59016522241112,185.82238872330018,166.0220838718303,151.02584868778703,178.6538847432959,"rgba(0, 255, 255, 0.75)",9.354727495418233,191.59461046217,1.8461670365372702,71.17907511020888,11.759205315425078,True,False,True,False,True,11.525527485644076,0.0,0.0,0.0,0.0,0,1.0199706565246496,0.9285643063686734,False,False,False,False,0.23759560731031643,0.2433718027175814,False,False,False,False,693177.0,577908.3750316668,False,False,False,False,14029.944603651855,False,False,False,False
2025-09-03 19:00:00+00:00,208.565,212.03,208.335,211.74,17939.0,,,,,,,,201.4679628521148,195.5252615231603,198.277955773348,187.575788698626,185.63769564271502,183.66967771177323,181.0847535314767,175.28024484768258,169.38823232388143,164.39231123911242,160.3198199021332,153.52444782233275,147.7966595794514,145.0305089713817,142.8619828205725,140.0048910562714,133.511756923266,,,,,,,201.6232862499407,195.47373086973414,197.2974291867568,192.86419011096643,184.77318062549736,181.49192575399653,177.0133141570354,174.13599555644117,171.36610463532764,166.13837896128337,161.69197005648655,156.55058703922796,154.243240228612,151.14315439554318,146.2093962696956,144.09147688779186,135.1732441932922,,201.6232862499407,185.93215165633296,166.13837896128337,151.14315439554318,178.8322994119865,"rgba(0, 255, 0, 1.0)",9.570083182352045,191.79843661397734,2.0837398177266016,73.02853601861304,14.031206112259923,True,False,True,False,True,13.667750172102807,0.0,0.0,0.0,0.0,0,1.0189116555519215,0.929358567833122,False,False,False,False,0.27416465131256945,0.2587682270150754,False,False,False,False,711116.0,579973.6095272999,False,False,False,False,14090.550113672756,False,False,False,False
2025-09-04 14:00:00+00:00,215.645,218.465,213.27,217.86,18425.0,,,,,,,,202.25522573694246,195.8133248325648,198.42453463999644,187.71432461135092,185.77534244399007,183.80617680832634,181.22047985629416,175.41319265806905,169.5223182547123,164.52630696591103,160.4525997008778,153.6562822659424,147.92759919949336,145.16072320968397,142.99156744231112,140.13342471126765,133.63857230738705,,,,,,,203.039198152921,195.9207293744012,197.4796787442694,192.99933823307606,184.91032092793685,181.62806794303467,177.146174684304,174.26917173943875,171.49977157517648,166.27274042935449,161.82516879788037,156.68250044571872,154.37513567906228,151.2749058877299,146.33989460559846,144.22144956683576,135.30090234703084,,203.039198152921,186.070183169276,166.27274042935449,151.2749058877299,179.0651242200621,"rgba(0, 255, 0, 1.0)",9.942543517360882,192.07730261689872,2.593169176285886,76.46435065404548,17.753758008998872,True,False,True,False,True,17.856818351337793,0.0,0.0,0.0,0.0,0,1.028580685147622,0.9152298850574708,False,False,False,False,0.34282825258897726,0.30079823980202636,False,False,False,False,729541.0,582292.4837981944,False,False,False,False,14157.750887104185,False,False,False,False
2025-09-04 15:00:00+00:00,218.01,218.745,216.07,216.26,17107.0,,,,,,,,202.93874373291203,196.08000021557362,198.56218723904288,187.8439508423555,185.9040817460104,183.93379566917733,181.34731764499617,175.5373371900485,169.64743087702294,164.6512767727215,160.57640056674558,153.7791497526496,148.0495974764679,145.2820316730456,143.11227937586142,140.253146122951,133.75666850262547,,,,,,,204.1725339125025,196.32862672136474,197.65012862262228,193.1260460217874,185.03856506188512,181.75530099806116,177.27026912255428,174.39350918130148,171.6245223831675,166.39806897722133,161.94937145835308,156.80546456871,154.49806513351515,151.3976795237023,146.4614736498156,144.3425284864382,135.4197882320173,,204.1725339125025,186.19928820364217,166.39806897722133,151.3976795237023,179.27248577649206,"rgba(0, 255, 0, 1.0)",10.245361588597124,192.32497288089962,2.3361817845198902,76.613696639278,18.420104948746186,True,False,True,False,True,16.195155969654397,0.0,0.0,0.0,0.0,0,1.0356811732644058,0.9106003989548505,False,False,False,False,0.34282825265579875,0.32181324622891255,False,False,False,False,712434.0,584310.1817238039,False,False,False,False,14203.47567955218,False,False,False,False
2025-09-04 16:00:00+00:00,216.1,217.59,215.83,217.0,11964.0,,,,,,,,203.3735108572227,196.2606502874558,198.65612769863458,187.9332541885248,185.99286146567331,184.0218813901213,181.43495100800544,175.62326540239718,169.734137661216,164.73796017417234,160.66232716175847,153.86450029615594,148.1343935919925,145.36636977866107,143.19621848033864,140.33641604023126,133.83884597304876,,,,,,,204.8501422267649,196.60173847669336,197.76625550155964,193.21306714914311,185.12703924001426,181.8431934237714,177.35612410223152,174.47959416172318,171.71094533993318,166.48497550570477,162.0355595406577,156.89085301888784,154.5834519483229,151.48298598663482,146.54599096373644,144.42671389467165,135.5025053670863,,204.8501422267649,186.28830637814204,166.48497550570477,151.48298598663482,179.4095346890698,"rgba(0, 255, 0, 1.0)",10.552381441224599,192.48753470672827,2.322932072708231,77.01000996306016,19.435411218660846,True,False,True,False,True,16.68762101513742,0.0,0.0,0.0,0.0,0,1.045505041873184,0.9166666666666663,False,False,False,False,0.33060397490665666,0.3262086105677846,False,False,False,False,724398.0,586482.0858831247,False,False,False,False,14168.75512638083,False,False,False,False
2025-09-04 17:00:00+00:00,216.98,218.95,216.73,218.15,24290.0,,,,,,,,204.24538143923527,196.6376621461526,198.8556655004968,188.11995080978434,186.17813850177953,184.20542410598102,181.61721831805895,175.8014104781906,169.9134248222455,164.91688902192521,160.8394905221668,154.040191256405,148.3087487104536,145.53970213841154,143.3686721017767,140.50742406006938,134.00746703849336,,,,,,,206.13584859106055,197.1643737002853,198.01156405376918,193.39620722462925,185.3115480969841,182.02604602633926,177.5342791739712,174.65796301806031,171.88979019100412,166.66446429775786,162.2133273119619,157.06674280119657,154.75924497498235,151.65849919104977,146.71972557209733,144.59970635844869,135.67226691624518,,206.13584859106055,186.47412510358504,166.66446429775786,151.65849919104977,179.68808985537692,"rgba(0, 255, 0, 1.0)",10.827400317280729,192.81879289404674,2.339546554450767,77.74152107630967,20.79291065588619,True,False,True,False,True,17.451867739279056,0.0,0.0,0.0,0.0,0,1.0433231104359535,0.9108744876608669,False,False,False,False,0.34282825267369454,0.3345184316207396,False,False,False,False,748688.0,588996.9062570297,False,False,False,False,14325.67365155322,False,False,False,False
2025-09-04 18:00:00+00:00,218.43,218.9,216.935,217.15,16172.0,,,,,,,,204.75942412453816,196.8782617490968,198.98431478984955,188.2418065910033,186.2992235232146,184.32551619130743,181.73663077189605,175.91840084629263,170.0313587902909,165.03472264773816,160.9562585565632,154.15611775386506,148.42388256308334,145.6541992707079,143.48261712648855,140.6204492902194,134.11898306866533,,,,,,,206.84314342669293,197.51794417695618,198.16934487431496,193.51526103719527,185.43219525165512,182.14581675477515,177.65120723721185,174.77514180993273,172.00737411531503,166.7826205183242,162.33046244319812,157.1827480218343,154.87522664695442,151.7743463137287,146.8344723632406,144.71399138398667,135.7845193861379,,206.84314342669293,186.59553948259858,166.7826205183242,151.7743463137287,179.86202090600065,"rgba(0, 255, 0, 1.0)",11.060862437662129,193.0237231957023,2.181229261304974,76.69293320686828,20.79291065588619,True,False,True,False,True,16.38908803165708,0.0,0.0,0.0,0.0,0,1.0370380971462916,0.9096373472250047,False,False,False,False,0.3428282526768629,0.33867334214880124,False,False,False,False,732516.0,591222.0084856029,False,False,False,False,14354.29886625782,False,False,False,False
2025-09-04 19:00:00+00:00,217.33,221.55,216.905,221.35,34594.0,,,,,,,,205.90900034889793,197.4292099591246,199.2864748225683,188.51900978062397,186.5736886614567,184.59685878519676,182.0054288876888,176.17998600547992,170.29363703698655,165.29583707075037,161.21438574195966,154.4115131282191,148.67693433141523,145.90560104201964,143.73262463988308,140.86821813666927,134.36299905981798,,,,,,,208.36229360865224,198.31567905914423,198.53688266526348,193.78966229218827,185.70527011667554,182.4155656622746,177.91314021975944,175.03684480977378,172.2693082999968,167.04475422726503,162.5896023164014,157.43868483058168,155.13082733486686,152.02930143705998,147.086527169058,144.96484678501355,136.03025142689407,,208.36229360865224,186.8708880947101,167.04475422726503,152.02930143705998,180.25054182687182,"rgba(0, 255, 0, 1.0)",11.345871456928165,193.48587777176593,2.455882065473191,77.82001192266993,21.95458709903096,True,False,True,False,True,19.14105675804527,0.0,0.0,0.0,0.0,0,1.0327100155829434,0.9058365207536473,False,False,False,False,0.342828252728727,0.34075079743876413,False,False,False,False,767110.0,593948.9540904773,False,False,False,False,14668.09268228483,False,False,False,False
2025-09-05 14:00:00+00:00,243.9,243.9,235.975,236.33,18242.0,,,,,,,,207.1698746169514,197.9432032058799,199.58422417815362,188.74955042096582,186.7971699685703,184.81352228290703,182.21515573315946,176.37540715230466,170.48279229188424,165.4795619045189,161.3928807125404,154.5838025083749,148.84466808524294,146.07097783818585,143.89616310746928,141.02916628907752,134.51926161261642,,,,,,,210.11359955199993,199.0601823454138,198.89166145597724,194.0344794333196,185.92566913820573,182.62676398967253,178.1111703578634,175.23090191739905,172.4603049163101,167.23070755078047,162.76980608475108,157.61315168949272,155.30366974391393,152.1999857218617,147.25286171161247,145.1294572870606,136.188157614794,,210.11359955199993,187.09578095072843,167.23070755078047,152.1999857218617,180.5983685260524,"rgba(0, 255, 0, 1.0)",12.137093664903912,193.93006177293387,3.4934177322592017,81.6525379539848,25.964536681482898,True,False,True,False,True,20.0,0.0,0.0,0.0,0.0,0,1.043354531851218,0.8894826849080798,False,False,False,False,0.34282825326926425,0.3417895253540142,False,False,False,False,785352.0,596916.4431743459,False,False,False,False,14723.50209806336,False,False,False,False
2025-09-05 15:00:00+00:00,236.28,241.4,234.27,238.98,40769.0,,,,,,,,209.62436089462534,199.03291121948334,200.22508691353823,189.2519466228159,187.28485500884227,185.28693477227552,182.67406659623592,176.80417651641588,170.89859663892383,165.88398163861987,161.7861888757522,154.9639620633356,149.21513798306256,146.4364009016593,144.25764085936513,141.38506418024323,134.8650780795504,,,,,,,213.32169822309584,200.60835383182066,199.6523299167708,194.56586167793097,186.40690660913089,183.08878434284176,178.54537517759334,175.6568491298897,172.8799124799242,167.6398397047942,163.16674898377698,157.99789907215705,155.68499940154254,152.5767586539529,147.62033471391152,145.49323827871126,136.53753762285535,,213.32169822309584,187.5864359499593,167.6398397047942,152.5767586539529,181.31730505248532,"rgba(0, 255, 0, 1.0)",12.944230922352673,194.84238659000405,3.4098289558305965,84.50850948163665,28.87598217999735,True,False,True,False,True,20.0,0.0,0.0,0.0,0.0,0,1.038425022416794,0.899836489266311,False,False,False,False,0.318916435438656,0.3303529803963351,False,False,False,False,826121.0,600470.0021948986,False,False,False,False,15127.308267085633,False,False,False,False
2025-09-05 16:00:00+00:00,239.13,240.1,237.77,239.67,6632.0,,,,,,,,209.999635388846,199.20884624466044,200.32992502094604,189.33429820124007,187.3647985279791,185.3645406102095,182.7492909662404,176.87444921298433,170.96671536671033,165.95021526668802,161.85059043869953,155.02618882321187,149.27576219101633,146.49619237551116,144.31678173829985,141.44328619010406,134.9216372641706,,,,,,,213.79312868021003,200.85485198640032,199.77631741337348,194.65297768049837,186.4857944062931,183.16451779112768,178.61654658304414,175.7266534600559,172.94866418998092,167.70685108032168,163.231749842608,158.06088729325398,155.74742002502964,152.6384233046801,147.68046457033702,145.55275879323665,136.59468235169476,,213.79312868021003,187.6668645116317,167.70685108032168,152.6384233046801,181.43143418002452,"rgba(0, 255, 0, 1.0)",13.704917060991962,194.98694530520393,3.260366662267265,86.49124665209585,30.92125006682828,True,False,True,False,True,20.0,0.0,0.0,0.0,0.0,0,1.0434805747738154,0.9155002660989884,False,False,False,False,0.33138120556996487,0.33086709298315,False,False,False,False,832753.0,604071.2889825746,False,False,False,False,14995.598061394383,False,False,False,False
2025-09-05 17:00:00+00:00,239.685,240.45,238.76,240.185,12979.0,,,,,,,,210.7221437871989,199.55398983393755,200.53671137897138,189.49666841728066,187.5223981089637,185.51751004013894,182.89753580240048,177.01287789710577,171.10083788795492,166.08058205169945,161.97732170110314,155.14859538947564,149.3949836403051,146.61376224572382,144.43306205732765,141.55774744058618,135.0328032265968,,,,,,,214.68900776998302,201.33588965533,200.02049990167436,194.82483925038986,186.64130311026352,183.31376952094294,178.75676570415342,175.86414633532044,173.08405366965408,167.83876295744906,163.35967017683774,158.1848119967158,155.87021252578728,152.7597093569488,147.79870575021474,145.66979129685785,136.70700516276085,,214.68900776998302,187.82542264596196,167.83876295744906,152.7597093569488,181.65403619482925,"rgba(0, 255, 0, 1.0)",14.252602528902104,195.26883617704175,3.1514359382347976,87.8763201988526,32.43063578079796,True,False,True,False,True,20.0,0.0,0.0,0.0,0.0,0,1.044926300077298,0.9099741450542415,False,False,False,False,0.3390221404190836,0.33494461670111675,False,False,False,False,845732.0,607817.9666727672,False,False,False,False,14964.332975171214,False,False,False,False
2025-09-05 18:00:00+00:00,240.185,241.88,239.765,240.845,23080.0,,,,,,,,211.96662211799173,200.16882785186584,200.90865066741318,189.78870726882067,187.80580770796573,185.79254567276192,183.16400412273384,177.2615612335291,171.34161793910562,166.31450277544295,162.2046415858917,155.36803699981354,149.60862665341946,146.82440799038784,144.64136963071562,141.76276282826538,135.23184477349764,,,,,,,216.19798811075069,202.18474763089674,200.45851077995286,195.13417972362495,186.92093180377773,183.5820555274746,179.00871762068618,176.11111376970607,173.32716335010906,168.07549356696714,163.58914864426814,158.40703021200844,156.09035842602952,152.9771019543879,148.01057032257225,145.87946189388927,136.90813403138765,,216.19798811075069,188.11055987646773,168.07549356696714,152.9771019543879,182.04691860438354,"rgba(0, 255, 0, 1.0)",14.806396657593694,195.76600488143836,3.044562168705791,88.88658760468152,33.63726360978245,True,False,True,False,True,20.0,0.0,0.0,0.0,0.0,0,1.0531529484111597,0.90301191128698,False,False,False,False,0.34282825328474836,0.3388864349929326,False,False,False,False,868812.0,611864.3857941197,False,False,False,False,15090.1572701298,False,False,False,False
2025-09-05 19:00:00+00:00,240.88,243.56,240.88,242.71,59823.0,,,,,,,,214.91003197180203,201.73812345270113,201.87778992855095,190.5529962487181,188.54767769234581,186.5126282282253,183.86170991962757,177.91274488393847,171.97182330647394,166.92655925749978,162.79931595475009,155.94187180871631,150.16711720373414,147.37498879583302,145.18578392571757,142.2985091483575,135.75182581606106,,,,,,,219.60597046968866,204.30604287754483,201.59328694361443,195.94356009371901,187.65296999827837,184.2844926510732,179.6685229045758,176.75775009893528,173.96356735918917,168.69495613464238,164.18950813244732,158.9882427200364,156.6660606574276,153.54549101095918,148.56436948405408,146.42746882605928,137.43359625378017,,219.60597046968866,188.856907543059,168.69495613464238,153.54549101095918,183.03472814778092,"rgba(0, 255, 0, 1.0)",15.386612937085774,197.01118627521757,2.9700372597686076,89.80675670171644,34.8010594277294,True,False,True,False,True,20.0,0.0,0.0,0.0,0.0,0,1.053469518374313,0.8970611765960848,False,False,False,False,0.34282825330836514,0.34085734415064883,False,False,False,False,928635.0,616775.5581073891,False,False,False,False,15783.689715554143,False,False,False,False
2025-09-08 14:00:00+00:00,252.12,254.04,247.29,248.945,15040.0,,,,,,,250.09166666666667,215.7456250332285,202.18584806073937,202.15937585786614,190.76972236609404,188.7572807565583,186.71536991613254,184.05730524808632,178.0937441820993,172.14566028901768,167.0944504586213,162.96178365519927,156.09770891317748,150.31811871829785,147.52356244361258,145.33248058498617,142.44260859179968,135.89115336779372,,,,,,,220.57187019161898,204.90552366020222,201.92108060387517,196.1757563558428,187.8594746396053,184.4815402804838,179.85237146914434,176.93720241445192,174.13954196240627,168.86519459047318,164.35374468262708,159.14649046023547,156.82249792641073,153.69955426426915,148.7139337509264,146.57525376559713,137.5745217248862,,220.57187019161898,189.0678859083209,168.86519459047318,153.69955426426915,187.07240486910746,"rgba(0, 255, 0, 1.0)",16.157398261372286,200.66721823995084,2.9879675538770067,91.07269201810237,36.29655020481992,True,False,True,False,True,20.0,0.0,0.0,0.0,0.0,0,1.060172889652658,0.8778055512159555,False,False,False,False,0.34282825343243756,0.3418427987915432,False,False,False,False,943675.0,621843.766508825,False,False,False,False,15772.159642444776,False,False,False,False
2025-09-08 15:00:00+00:00,248.89,251.03,247.6,248.72,12995.0,,,,,,,249.63972712680578,216.41667506143264,202.55833284675725,202.39514357369626,190.9526565669288,188.93437691500213,186.8868273145994,184.22289576635276,178.24729549265467,172.29336767475112,167.23727073229978,163.10010886936624,156.23054948873138,150.44695003133268,147.65037173375256,145.45772420232856,142.56567996126526,136.01023784661444,,,,,,,221.3324802349321,205.40008568610003,202.19509558847946,196.37118385246717,188.0340255998301,184.6483313819877,180.00825641811215,177.08949158314874,174.28899188875437,169.00995445640413,164.49353698825828,159.2813179730126,156.95583445293622,153.83093156223285,148.84156780621018,146.70140587291678,137.69494917281966,,221.3324802349321,189.2461162368472,169.00995445640413,153.83093156223285,187.27973056180278,"rgba(0, 255, 0, 1.0)",16.816837921431457,200.92912212619427,2.8418468499896052,91.62260027929413,37.12942880727475,True,False,True,False,True,20.0,0.0,0.0,0.0,0.0,0,1.0565937552611468,0.8881204916015899,False,False,False,False,0.32961543033263435,0.33572911456208876,False,False,False,False,930680.0,626631.925167603,False,False,False,False,15729.10290380222,False,False,False,False
2025-09-08 16:00:00+00:00,248.9,249.77,246.43,248.42,7478.0,,,,,,,249.33796647237162,216.7803288262655,202.7658745990065,202.5271248184309,191.05576852352038,189.03428314439498,186.98362983390973,184.31647275223648,178.3342255731547,172.37710570969722,167.31832082065296,163.17866726257765,156.30607379932312,150.52025176049003,147.72254783953193,145.52902747614002,142.63576924257615,136.07810135446084,,,,,,,221.7383351845681,205.67387850536574,202.34831034348144,196.48106141642128,188.13253141333865,184.74257273996227,180.09646606876387,177.1757322421918,174.37368079669437,169.09207672216849,164.5729091364847,159.35793765559555,157.0316328435907,153.90564859465582,148.9142028993866,146.77321598250143,137.76356657263952,,221.7383351845681,189.3466488519954,169.09207672216849,153.90564859465582,187.39307573619382,"rgba(0, 255, 0, 1.0)",17.438173044133276,201.07169118526934,2.715210400475985,91.55837987951554,37.419614244807434,True,False,True,False,True,20.0,0.0,0.0,0.0,0.0,0,1.0504435895422781,0.9044908534191719,False,False,False,False,0.31781825533436425,0.3267736849482265,False,False,False,False,923202.0,631229.9108239192,False,False,False,False,15601.178827774278,False,False,False,False
2025-09-08 17:00:00+00:00,248.31,249.39,247.37,247.665,7699.0,,,,,,,249.1248240072202,217.14538203815164,202.9772845767664,202.66202216558597,191.1614201774162,189.13667807431395,187.0828689207095,184.41243198845817,178.4234162630567,172.46305195975654,167.40152994134723,163.25933422994794,156.38364572894574,150.5955549041953,147.7967008233979,145.60228827482436,142.707788426912,136.14784428579867,,,,,,,222.14257817885814,205.95170235771667,202.504768606698,196.59355906875118,188.23350264577329,184.8392086308147,180.18695808488403,177.26422229983757,174.46059345584334,169.17637891115947,164.65440651208826,159.43662627550557,157.10948433986502,153.9823973260557,148.98882485971123,146.84699493727214,137.83408135422516,,222.14257817885814,189.44968108485216,169.17637891115947,153.9823973260557,187.51216934842105,"rgba(0, 255, 0, 1.0)",17.969105061514078,201.22119820556418,2.5846474621548268,90.35845885858801,37.419614244807434,True,False,True,False,True,20.0,0.0,0.0,0.0,0.0,0,1.0440618043734449,0.9060233075815106,False,False,False,False,0.3205292578289967,0.3236514713886116,False,False,False,False,915503.0,635637.2455398274,False,False,False,False,15478.664427343669,False,False,False,False
2025-09-08 18:00:00+00:00,247.9,250.0,247.855,248.31,8039.0,,,,,,,249.06158657066854,217.52456045890267,203.19874650834555,202.80381339785043,191.27243970116288,189.24426423764913,187.1871284782956,184.51323057465072,178.51707558898693,172.55327206571855,167.4888538784593,163.34397468972756,156.46501472534737,150.67452645184807,147.87445859637995,145.67910488662835,142.78329633862026,136.2209512508191,,,,,,,222.56079708215975,206.24187732896283,202.66906118478838,196.7118189016524,188.3395881527639,184.94071985714606,180.2819941392621,177.35713918787542,174.55183866955696,169.2648574740533,164.73992347572428,159.51917744480832,157.19114904221874,154.06289491133938,149.06707763954705,146.9243580071222,137.90800072853096,,222.56079708215975,189.55793804570578,169.2648574740533,154.06289491133938,187.6431555236556,"rgba(0, 255, 0, 1.0)",18.43323905218434,201.385574227857,2.545641904784089,89.69981792276795,37.419614244807434,True,False,True,False,False,20.0,0.0,0.0,0.0,0.0,0,1.0438137913866068,0.9056771877415715,False,False,False,False,0.3258434711678634,0.3247474712782375,False,False,False,False,923542.0,640100.885143861,False,False,False,False,15363.320792811208,False,False,False,False
2025-09-08 19:00:00+00:00,248.42,248.53,244.195,244.37,34273.0,,,,,,,247.71379205447204,218.8966869539474,204.05820221306996,203.3594846533004,191.716330153291,189.67551966026787,187.60604768734814,184.919378667427,178.89651712873328,172.92035525747812,167.84527299496688,163.69024086898833,156.79899975060914,150.99944986734357,148.19472838109138,145.99574896395117,143.09485649052758,136.52322127514284,,,,,,,224.01535997549416,207.3510663735167,203.31145110318715,197.18107684090376,188.76528475648604,185.34955762863729,180.66645683344686,177.73391142660486,174.92259058160258,169.62560444292535,165.08951270069406,159.85754469425072,157.52623976166126,154.393641982336,149.38924308171556,147.24311250028006,138.21347366645438,,224.01535997549416,189.99171179611054,169.62560444292535,154.393641982336,188.10773941650808,"rgba(0, 255, 0, 1.0)",18.712127195008616,201.9609618856417,2.2663932150734176,83.52163862404302,37.430206854729605,True,False,True,False,False,20.0,0.0,0.0,0.0,0.0,0,1.0362607119099478,0.9078612701683901,False,False,False,False,0.3010944536234327,0.3129209624508351,False,False,False,False,889269.0,643963.9566920183,False,False,False,False,15656.494113852894,False,False,False,False
2025-09-09 14:00:00+00:00,247.885,250.0,245.53,247.57,8107.0,,,,,,,247.71259787534754,219.22472567497198,204.26596940763932,203.49494000128365,191.82412614575608,189.78017817995882,187.7076480304079,185.01780039968492,178.98831558772167,173.0090209673309,167.9312618899328,163.7737107048196,156.8794064690435,151.07760085184543,148.27172808414315,146.0718533920287,143.16971019167724,136.59578327962552,,,,,,,224.36240005566773,207.6175983287134,203.46765172741434,197.29528950630458,188.86856518611938,185.4486424622449,180.75951722181048,177.82503400378624,175.0121888332341,169.71267096155987,165.17380655932914,159.93905179476394,157.6069230048868,154.4732361427291,149.4667121017338,147.31973744277732,138.28681868583752,,224.36240005566773,190.09699062040124,169.71267096155987,154.4732361427291,188.2327853804276,"rgba(0, 255, 0, 1.0)",19.048108425158524,202.11617613301058,2.3862644443452723,80.85514930717679,35.06941211949977,True,False,True,False,False,20.0,0.0,0.0,0.0,0.0,0,1.0308182099401935,0.9035883687358214,False,False,False,False,0.3145806598134676,0.31375081113215136,False,False,False,False,897376.0,647892.8255805142,False,False,False,False,15539.447693483082,False,False,False,False
2025-09-09 15:00:00+00:00,247.78,247.78,243.715,243.91,14474.0,,,,,,,247.3674875506837,219.74107183014686,204.61041553678388,203.72081746808362,192.0067657799015,189.95786322791335,187.88047147000984,185.1855952644268,179.1455067612719,173.16138204201084,168.07940256721315,163.9177816237525,157.01856472934412,151.21312000556125,148.4053663707685,146.20402297328033,143.29981294875896,136.72211269637484,,,,,,,224.89196219509404,208.0549053528134,203.72779710114293,197.48761093870695,189.0440614795584,185.61750785865257,180.9186818218856,177.98118239020832,175.16598202726402,169.86253832373745,165.31921109586034,160.07995453980365,157.74652310586967,154.6111035480505,149.6011163050369,147.45276280078798,138.41445855952,,224.89196219509404,190.27567299074715,169.86253832373745,154.6111035480505,188.4268991741118,"rgba(0, 255, 0, 1.0)",19.253901675498092,202.35446815807626,2.158291474751115,74.9797902731455,29.808663008625985,True,False,True,False,False,20.0,0.0,0.0,0.0,0.0,0,1.0281155891587104,0.9096687383866209,False,False,False,False,0.29521434979470745,0.3044825804634294,False,False,False,False,882902.0,651536.3786722891,False,False,False,False,15522.929124591872,False,False,False,False
2025-09-09 16:00:00+00:00,243.86,243.86,240.04,240.575,14152.0,,,,,,,246.6873251293041,220.15677997041468,204.91185333481954,203.92009127567735,192.1719729339169,190.11909698281306,188.0377583759096,185.33883832285204,179.29003446701844,173.30222291403942,168.21687633416818,164.05185792713442,157.14859528377605,151.34012188265842,148.53076746659173,146.32816506559774,143.4221610910486,136.84120623591124,,,,,,,225.295666241056,208.43168339167119,203.95692759814983,197.65989986741522,189.20352121550917,185.77164458084314,181.06476008521526,178.12491285850916,175.30790689067024,170.00143219958315,165.4544041606891,160.21139072152374,157.87691497216065,154.74008999097208,149.72716803105934,147.57764125637019,138.53471384217414,,225.295666241056,190.43773359113368,170.00143219958315,154.74008999097208,188.58263091004258,"rgba(0, 255, 255, 0.75)",19.345286650851722,202.54174229757933,1.9660219250742481,68.04897135068289,23.771121419811237,False,False,True,False,False,20.0,0.0,0.0,0.0,0.0,0,1.0191058415121308,0.9205008104348266,False,False,False,False,0.25932516969105107,0.28190387507724024,False,False,False,False,868750.0,654904.0317161296,False,False,False,False,15501.674409481919,False,False,False,False
2025-09-09 17:00:00+00:00,240.65,243.695,239.82,240.99,17809.0,,,,,,,246.0279831650793,220.65809558506436,205.28435650211912,204.1679569174887,192.37835194320053,190.32060613060662,188.23441973901834,185.53053359292534,179.47098907166838,173.47866127133153,168.3891681128506,164.21994526015405,157.31167845010017,151.49945295770573,148.6881109232995,146.48394402709027,143.57570813707719,136.9907046781078,,,,,,,225.77691352991462,208.8940664655225,204.24142206473567,197.8748510766676,189.40285225536192,185.96444190822936,181.24761833880567,178.30489111916103,175.4856724507652,170.17547824558275,165.62387417220742,160.37620958559043,158.04044492888065,154.90188307741926,149.88531928193436,147.73433556755043,138.68566065924045,,225.77691352991462,190.64026012056314,170.17547824558275,154.90188307741926,188.78279213731727,"rgba(0, 255, 255, 0.75)",19.53922285654821,202.78182526062858,1.955460307704442,63.72813180856279,20.225177322672636,False,False,True,False,False,20.0,0.0,0.0,0.0,0.0,0,1.021285523555216,0.9187488079343883,False,False,False,False,0.2575239034502761,0.26971388926375817,False,False,False,False,886559.0,658495.5816120035,False,False,False,False,15537.446899257391,False,False,False,False
2025-09-09 18:00:00+00:00,240.8,242.575,239.11,242.185,11977.0,,,,,,,245.65475437869546,220.97891381821864,205.52919828774105,204.3318873744511,192.51558466972574,190.45468273435324,188.36534543451995,185.65823444213228,179.59168146157396,173.5964403197056,168.504249631446,164.33226999484373,157.42072693325173,151.6060395154323,148.79338852778343,146.5881900634309,143.67847965965407,137.0908030270018,,,,,,241.29,226.08066006479265,209.195854685033,204.42926602154205,198.01753400239153,189.535513833867,186.09286314870852,181.36954423714704,178.4249537387769,175.60430664372282,170.29170687564581,165.73710609786798,160.48639080993607,158.14978570085748,155.010088924381,149.99112875084666,147.83918549610354,138.78671905072866,,226.08066006479265,190.77500011660868,170.29170687564581,155.010088924381,192.2427577082735,"rgba(0, 255, 255, 0.75)",19.72543016281587,205.7022035951601,1.849531092792749,61.742506029345535,18.674165385600872,False,False,True,False,False,20.0,0.0,0.0,0.0,0.0,0,1.0200969411645593,0.9192072591973875,False,False,False,False,0.24898414136832064,0.2593490153160394,False,False,False,False,898536.0,662217.138486236,False,False,False,False,15482.246172137122,False,False,False,False
2025-09-09 19:00:00+00:00,242.015,244.11,241.85,244.03,16817.0,,,,,,,245.42322888783602,221.45648571711726,205.88670931761484,204.57220592977373,192.71498471037577,190.6492616859331,188.55513642840117,185.84309513539588,179.76593034519266,173.76608888408293,168.66973633076796,164.4936006840914,157.57707835650027,151.75866667837533,148.94405753938068,146.7373211412549,143.82542581298912,137.23377336786567,,,,,,242.4814523859137,226.5421980301623,209.63656933897485,204.70424729275462,198.22567106028433,189.72794140861282,186.27880462734134,181.5457080097432,178.5982096352627,175.7753126591376,170.45893542178013,165.899802607457,160.6444846541608,158.30658324020183,155.16514639194543,150.14259427588615,147.98921519875628,138.93109772840717,,226.5421980301623,190.97057570626455,170.45893542178013,155.16514639194543,192.4926320475267,"rgba(0, 255, 255, 0.75)",19.927663258544985,206.00357002912537,1.908223231068946,61.74279592946821,18.674165385600872,False,False,True,False,False,20.0,0.0,0.0,0.0,0.0,0,1.0262037960776387,0.9157816308232407,False,False,False,False,0.2689914522877476,0.26417023380189353,False,False,False,False,915353.0,666141.7254864494,False,False,False,False,15502.940029933445,False,False,False,False
2025-09-10 14:00:00+00:00,245.07,250.41,242.585,250.19,31743.0,,,,,,,245.7879838038314,222.47498008070312,206.62056685631313,205.0684132850083,193.11946829857084,191.04300481256806,188.93830967350885,186.21527092976362,180.11483139572243,174.1041756242234,168.99839973047452,164.81322183514035,157.88571227524446,152.05915011945396,149.24034047523924,147.03032562851206,144.11382518318305,137.5137357868462,,,,,,245.23269116408144,227.56076130182032,210.54280644931617,205.27074748426276,198.65118178090302,190.11693051392757,186.65331292530993,181.8989895696124,178.94478173834807,176.1166167211647,170.79143714889685,166.2223882386145,160.95704325063042,158.61620876630414,155.47087423887558,150.44058917372385,148.28412864524336,139.21397209690932,,227.56076130182032,191.36647557100397,170.79143714889685,155.47087423887558,193.05033258450865,"rgba(0, 255, 0, 1.0)",20.256289509970212,206.68350254047715,2.147801917923261,65.0721940668348,18.674165385600872,False,False,True,False,True,20.0,0.0,0.0,0.0,0.0,0,1.0321296134989173,0.8982728155098177,False,False,False,False,0.3023879051922722,0.28327906949708287,False,False,False,False,947096.0,670497.6057114657,False,False,False,False,15754.723905438352,False,False,False,False
2025-09-10 15:00:00+00:00,250.13,250.32,245.555,247.21,17433.0,,,,,,,245.9404586857216,223.0007408485872,207.0124312069445,205.33589351173282,193.33895330008903,191.25681739847073,189.14652366149247,186.4176591024023,180.30483168106002,174.28845511367157,169.177663267642,164.9876430174232,158.05425170129536,152.22331690618202,149.40224704771936,147.19046619518127,144.27148102889942,137.66683989794802,,,,,,245.78322893420545,228.0786990301339,211.02196775427385,205.57532481901723,198.88161497346147,190.32822642639943,186.85694321699748,182.09131175962125,179.13355062688413,176.30259772307437,170.97275136694122,166.3983980266779,161.12767976393422,158.7852789408448,155.63785957696518,150.6034168467634,148.44529798363527,139.36865203861444,,228.0786990301339,191.5814328534835,170.97275136694122,155.63785957696518,193.31041460867436,"rgba(0, 255, 255, 0.75)",20.48346750914541,206.9978926202388,1.9631494209565552,64.31717637911171,18.674165385600872,False,False,True,False,True,20.0,0.0,0.0,0.0,0.0,0,1.0400419545903254,0.8971495557749256,False,False,False,False,0.3162469785082304,0.29976302400265664,False,False,False,False,929663.0,674515.67383997,False,False,False,False,15780.74368985016,False,False,False,False
2025-09-10 16:00:00+00:00,247.09,250.13,246.02,250.13,19032.0,,,,,,,246.16681361465905,223.57395257515475,207.44276723099523,205.63134713229152,193.5812186348276,191.49277636424318,189.37626143730904,186.6409086448888,180.51430203226388,174.4914898487583,169.37508106179382,165.17966748052103,158.23970668562274,152.40389128432366,149.58030577638962,147.36656095009914,144.44481714796322,137.8351152029787,,,,,,246.36727778808685,228.64364121646196,211.54594993124036,205.91116656914247,199.13615930819444,190.56138903978933,187.0815699624053,182.3033823121564,179.3416366960654,176.5075494482962,171.17245671726494,166.59219151676922,161.31548498135908,158.97132759592398,155.82157321975697,150.78250116450292,148.62253622378452,139.53867201815922,,228.64364121646196,191.81865966569202,171.17245671726494,155.82157321975697,193.59785766179755,"rgba(0, 255, 0, 1.0)",20.73613095106792,207.3453186510943,2.0632914331929544,65.30899528411587,18.674165385600872,False,False,True,False,True,20.0,0.0,0.0,0.0,0.0,0,1.038462492558047,0.906727525302639,False,False,False,False,0.3175764217519586,0.30866972287730765,False,False,False,False,948695.0,678766.5161060169,False,False,False,False,15831.150764426126,False,False,False,False
2025-09-10 17:00:00+00:00,249.99,252.38,248.79,252.32,12230.0,,,,,,,246.41193165074193,223.96290763639692,207.73046536805856,205.82955567277915,193.74251625086515,191.64970530961241,189.52889618958443,186.78904509739368,180.65294933528412,174.6255802580517,169.5052510341377,165.306133710406,158.36163418180558,152.5224579756356,149.69715473320588,147.4820724596469,144.55845933532052,137.94531749655786,,,,,,246.90426108344317,229.03212536145008,211.89630413839075,206.13618675609456,199.30621901511188,190.71638709148758,187.23064823173885,182.44385127097348,179.4793047552549,176.64300151216,171.3042058843809,166.7198713940866,161.43904995161813,159.09366651121687,155.9422888283002,150.90005101216013,148.73882525608033,139.6500464830681,,229.03212536145008,191.97645638058327,171.3042058843809,155.9422888283002,193.79945415838014,"rgba(0, 255, 0, 1.0)",21.041214259698503,207.59026867203315,2.1258151157958776,66.97714610602085,18.674165385600872,False,False,True,False,True,20.0,0.0,0.0,0.0,0.0,0,1.0416316440049442,0.9013597033374534,False,False,False,False,0.3420420921964677,0.3253559075368877,False,False,False,False,960925.0,683141.0662439081,False,False,False,False,15775.318969628821,False,False,False,False
2025-09-10 18:00:00+00:00,252.34,253.25,249.16,251.26,8811.0,,,,,,251.22333333333327,246.57617722228463,224.23700197608915,207.9356826981692,205.97147480044106,193.85828369793768,191.76236632899344,189.63850067354812,186.8954469738131,180.75258454630725,174.72196975890162,169.59884311664564,165.39707843690107,158.44933437003777,152.60775391334994,149.7812207976278,147.565180610534,144.64022800266622,138.0246210784619,,,,,,247.22664653276064,229.30453739475956,212.1452777043295,206.2971328855482,199.42819068428304,190.82767401897348,187.33772165552753,182.5447843470261,179.57824266037855,176.740360917105,171.398925923674,166.8116838054518,161.52792025571532,159.18166082480155,156.02912277560662,150.98461890534313,148.82249035780197,139.73019073460293,,229.30453739475956,192.08973534242992,171.398925923674,156.02912277560662,197.52839688372734,"rgba(0, 255, 255, 0.75)",21.276981309167134,210.84059478762612,1.8996776199149676,66.96696944095072,18.674165385600872,False,False,True,False,True,20.0,0.0,0.0,0.0,0.0,0,1.0413311796402014,0.9027262302561001,False,False,False,False,0.3428282534394318,0.33409208048815975,False,False,False,False,952114.0,687311.1892478786,False,False,False,False,15667.345032115194,False,False,False,False
2025-09-10 19:00:00+00:00,251.15,253.16,250.46,253.0,17798.0,,,,,,251.8810569105691,246.9393845752373,224.79376256000396,208.35364919373023,206.26162923850205,194.09469874105133,191.9923860806877,189.8622315945585,187.11257696295732,180.9557859027906,174.9184292909486,169.78951407602344,165.5822965684358,158.62785459625087,152.78131425002763,149.9522501898274,147.73424018847598,144.80653721286447,138.18586274198955,,,,,,247.8791328832974,229.8586902183691,212.65112040404279,206.62580008540837,199.67747510631324,191.0548666096965,187.55623039801756,182.7506720195973,179.7799963435962,176.93883737103548,171.59192339210276,166.99868877703904,161.70886267285417,159.36078893112315,156.20585020567475,151.15668132841677,148.9926946919944,139.89315416611333,,229.8586902183691,192.3210230334159,171.59192339210276,156.20585020567475,197.83603341216042,"rgba(0, 255, 255, 0.75)",21.527111557499435,211.2122283589211,1.9411694657438252,67.85529160648557,18.674165385600872,False,False,True,False,True,20.0,0.0,0.0,0.0,0.0,0,1.0409032178674704,0.9037223897126682,False,False,False,False,0.3428282534471506,0.3384601669676552,False,False,False,False,969912.0,691692.5971665162,False,False,False,False,15700.378442469997,False,False,False,False
2025-09-11 14:00:00+00:00,243.75,246.41,242.76,244.88,13702.0,,,,,,249.4344986893569,246.83264613093286,225.09396513404053,208.61580017975655,206.4463657579693,194.25200985588563,192.1463035987856,190.0127325277325,187.2595496323764,181.0950020936227,175.05434198822022,169.92236086890298,165.71201388548116,158.7538159501757,152.90444072903227,150.07387165227664,147.85467514388716,144.92527808811226,138.3015164642593,,,,,,247.58631512898182,230.1297936922737,212.95950159587136,206.83440275217015,199.84053373050662,191.20725319365587,187.7039921958793,182.89127048920716,179.91850179039977,177.0757250105688,171.72607007646656,167.12943741609664,161.8361325075893,159.48708715678504,156.33083634934397,151.27891506732934,149.11382383954003,140.0099097472972,,230.1297936922737,192.47565627047283,171.72607007646656,156.33083634934397,197.87521549660568,"rgba(0, 255, 255, 0.75)",21.594271152822877,211.2473905939133,1.5574783315476761,61.50767775349546,17.081030443804593,False,True,True,False,False,18.858817668028884,0.0,0.0,0.0,0.0,0,1.0227909943082678,0.9065497033801423,False,False,False,False,0.27434432815918397,0.3064022475634196,False,False,False,False,956210.0,695793.6421716865,False,False,False,False,15669.395830958834,False,False,False,False
2025-09-11 15:00:00+00:00,244.815,249.495,244.815,249.19,12479.0,,,,,,249.05600006314324,246.87398367363153,225.4023080304122,208.8718480686889,206.6268078907539,194.40332677840715,192.29406059570007,190.1569392002643,187.4000594243395,181.22751876156607,175.1832426101213,170.0480212914865,165.83448096955138,158.87240754526584,153.0201294584078,150.18804502538023,147.96766016223415,145.0365821091915,138.40974134364353,,,,,,247.60534057103354,230.4198171532719,213.26261501600237,207.03805300983385,199.99837332721555,191.35341746165807,187.845304630375,183.0252646127048,180.05024159704737,177.20570026982253,171.8530719734776,167.25295452570097,161.95609759309838,159.6060283486556,156.44840715532018,151.39370585972912,149.22750215452095,140.1192110996427,,230.4198171532719,192.62414422931016,171.8530719734776,156.44840715532018,198.0115500602484,"rgba(0, 255, 255, 0.75)",21.73585914404458,211.4061312283011,1.7383195447349653,59.86077771787127,15.472516384299595,False,True,True,False,False,20.0,0.0,0.0,0.0,0.0,0,1.0269243179292293,0.9022335352955935,False,False,False,False,0.29838785801465445,0.302395052789037,False,False,False,False,968689.0,700024.5779519704,False,False,False,False,15619.932329703657,False,False,False,False
2025-09-11 16:00:00+00:00,249.19,249.67,247.6,248.33,8943.0,,,,,,248.98028353284843,246.9216945577772,225.6249227910791,209.05655622050253,206.75733617095972,194.5126563212481,192.40079688855133,190.26109127605994,187.5015163350092,181.32315745668694,175.2762253194101,170.13863419244808,165.92276913509937,158.95786866343684,153.1034746143415,150.2702881676859,148.04903969398896,145.1167416369595,138.48766390534644,,,,,,247.65388290000874,230.63000626500565,213.48095158229046,207.18524065673523,200.112496966024,191.45899439735027,187.9473444260466,183.1219845981909,180.14530993285672,177.2994731969486,171.94466282135127,167.34200694084635,162.04256327331825,159.69174475335072,156.53312186395593,151.47639813117982,149.30938531330037,140.1979132023946,,230.63000626500565,192.73141119219855,171.94466282135127,156.53312186395593,198.1199997952534,"rgba(0, 255, 255, 0.75)",21.825429078060708,211.5333069798734,1.6859550796696718,58.14271389614474,13.726356422804876,False,True,True,False,False,20.0,0.0,0.0,0.0,0.0,0,1.0481758709505784,0.9001414803439058,False,False,False,False,0.312385867810046,0.30739046029954153,False,False,False,False,959746.0,704051.2666658933,False,False,False,False,15516.413999010578,False,False,False,False
2025-09-11 17:00:00+00:00,248.375,249.16,245.39,245.6,8902.0,,,,,,248.69500403482692,246.9159897436859,225.8250633935735,209.23033406351934,206.88084587783,194.61740182909418,192.50321666502163,190.36117679678168,187.59917804298493,181.41552219610926,175.36625845224847,170.22653874985613,166.0085370105988,159.04105433343688,153.18471674373347,150.35050676241946,148.12845327446212,145.19501094311053,138.56384111878475,,,,,,247.607498077283,230.8136981663321,213.68449341396197,207.32432837401848,200.2213234884059,191.56036803112318,188.04554077286204,183.21531191430347,180.23717377171153,177.3901973874683,172.03345931461496,167.42847840980696,162.12665697712032,159.77516285892074,156.61563145170945,151.5570335054979,149.38926922202782,140.27482929255402,,230.8136981663321,192.83431553133457,172.03345931461496,156.61563145170945,198.20827751912088,"rgba(0, 255, 255, 0.75)",21.909854764713234,211.6346294515754,1.5502325740254241,55.080666028391626,10.729186111309026,False,True,True,False,False,17.94129913442388,0.0,0.0,0.0,0.0,0,1.0556888634453523,0.888744077272561,False,False,False,False,0.29951854302053627,0.3034545016600389,False,False,False,False,950844.0,707877.5105935539,False,False,False,False,15413.864944762352,False,False,False,False
2025-09-11 18:00:00+00:00,245.695,246.39,243.73,246.09,14575.0,,,,,,248.13197034776823,246.8500811041888,226.1245811732649,209.50157144848865,207.07481201911384,194.78369390712788,192.6660322444249,190.5204791083031,187.75484640855953,181.56315627614745,175.51047397714987,170.3675638775732,166.1462912353981,159.17487692557827,153.3155647671687,150.47977270546582,148.25647092311215,145.3212446774781,138.68682098668893,,,,,,247.44227810863907,231.08145772682252,213.9993798474958,207.54242967070854,200.3934069968615,191.72161065085342,188.20202536485135,183.36437614353954,180.38407322468174,177.53542242762944,172.17584028062922,167.56731136422124,162.26184917248776,159.90933837217406,156.74843229662773,151.68694318766887,149.51801736146302,140.3989714926131,,231.08145772682252,192.99786761645245,172.17584028062922,156.74843229662773,198.33620659737767,"rgba(0, 255, 255, 0.75)",21.97553023333117,211.77883213536902,1.5613351532510402,53.39290156532753,9.025778927239287,False,True,True,False,False,18.194427020925204,0.0,0.0,0.0,0.0,0,1.0504267538542544,0.8917257509520832,False,False,False,False,0.27876416160491024,0.29110933163247454,False,False,False,False,965419.0,711870.401902181,False,False,False,False,15400.85928670402,False,False,False,False
2025-09-11 19:00:00+00:00,246.2,247.25,245.67,245.74,26625.0,,,,,,247.67678001818152,246.80362755549893,226.67091217602984,209.99773142511458,207.43158722491947,195.08953016720724,192.96544969210774,190.81341264235252,188.0410586297239,181.8345240869248,175.77545358057844,170.62661028324771,166.39928484753614,159.42057584167165,153.55574753394657,150.71702860485746,148.4914189425196,145.5528989176824,138.91245964066982,,,,,,247.29506864434762,231.57252869915186,214.57329307322829,207.94292043402334,200.71004364394864,192.01812535590827,188.48974116394328,183.6384037948784,180.65406922766883,177.8022915225592,172.4373989840994,167.82230090102556,162.51009738294175,160.1556930024607,156.99222972287689,151.92539042005745,149.75431534343295,140.6267517901228,,231.57252869915186,193.29864021653339,172.4373989840994,156.99222972287689,198.60328591096822,"rgba(0, 255, 255, 0.75)",22.02896392671932,212.08358870405362,1.527825430551635,51.9938669843332,7.531321368424315,False,True,False,False,False,17.89406020707721,0.0,0.0,0.0,0.0,0,1.0529554079113805,0.8865732496592036,False,False,False,False,0.2918537600400619,0.29148154583626823,False,False,False,False,938794.0,715388.597221527,False,False,False,False,15574.876972181477,False,False,False,False
2025-09-12 14:00:00+00:00,244.835,245.17,240.97,241.175,11130.0,,,,,,247.20262955583564,246.67311304104894,226.8480931714833,210.17994713903832,207.56445573625248,195.2069267968802,193.08080680726576,190.9266601977002,188.1521514327032,181.94066626765542,175.87971996958586,170.72898421094075,166.49958200186796,159.51841736327614,153.6517005277368,150.81194662572372,148.58551257703866,145.6457959558976,139.00318834120088,,,,,,247.06226863396165,231.71789980747235,214.77924024012069,208.0915908039817,200.83022224812728,192.1325411841887,188.60134713606843,183.74536883066423,180.7598079142435,177.9071043737539,172.54061495793357,167.9232862371219,162.60876907333846,160.25375306658833,157.08944789950226,152.02072866000339,149.8488936727349,140.71828028136417,,231.71789980747235,193.4144537265634,172.54061495793357,157.08944789950226,198.67900114783583,"rgba(38, 166, 154, 1.0)",22.004515766476967,212.164451445657,1.318390682268022,47.87639472829275,3.543027456819054,False,True,False,True,False,14.073245778808417,0.0,0.0,0.0,0.0,0,1.0395666796646517,0.8908412945993368,False,False,False,False,0.2603160798147167,0.27589881282549245,False,False,False,False,927664.0,718679.6887374723,False,False,False,False,15505.964150907344,False,False,False,False
2025-09-12 15:00:00+00:00,241.25,241.33,238.0,239.08,17729.0,,,,,,246.22823271307468,246.34566019302957,227.07004847782122,210.4396864746145,207.75619355013657,195.38105351721597,193.25246833956,191.09569388391765,188.31855237725796,182.1007166015049,176.0377571982628,170.88472915325337,166.6525766786217,159.6682318428564,153.79902152551963,150.9578517039152,148.7302778003386,145.78887780270264,139.14324431275108,,,,,239.47,246.5236958939846,231.87965812544238,215.0665408932169,208.30554053693717,201.00667663204098,192.3030349425411,188.7684245899903,183.90637580032882,180.91942386231133,178.06571327207533,172.6974453202098,168.077197240813,162.75961569025833,160.40384717211987,157.23848095195038,152.16720708366157,149.9943326484088,140.85949221194068,,231.87965812544238,193.58670816781614,172.6974453202098,157.23848095195038,201.67602078358163,"rgba(38, 166, 154, 1.0)",21.950712568827818,214.60435109550107,1.1150275339697528,43.92721493101682,-0.15522552943181722,False,True,False,True,False,12.390002377516026,0.0,0.0,0.0,0.0,0,1.0331889281250377,0.899729391920589,False,False,False,False,0.2291406616357732,0.2525197372306328,False,False,False,False,909935.0,721644.8873616975,False,False,False,False,15540.4298229863,False,False,False,False
2025-09-12 16:00:00+00:00,239.01,241.86,238.305,240.88,12517.0,,,,,,245.74785793230683,246.1591586730566,227.23288051780952,210.62577507478923,207.89389285642358,195.5056001366014,193.37519016295917,191.2164815958808,188.43739227256447,182.21490164270415,176.1504005912303,170.99566634951816,166.76150619520894,159.77482639366437,153.90379186093824,151.06159384153375,148.83319392875683,145.8905783476094,139.2427550949575,,,,,239.8334893319227,246.22916712708408,232.0026077921255,215.27254353616001,208.45905226731867,201.13311198224577,192.42489672054086,188.88775696116286,184.02127857841094,181.03327666929,178.17879752849143,172.8091792157132,168.18679502516287,162.86697543611092,160.5106476818686,157.34449711336552,152.27136585014082,150.0977364727791,140.95983331513656,,232.0026077921255,193.7098622486793,172.8091792157132,157.34449711336552,201.76108602165888,"rgba(38, 166, 154, 1.0)",21.899391454172402,214.69325536477317,1.195774991740128,43.020703721485,-1.04719484053647,False,True,False,True,False,13.410399977252563,0.0,0.0,0.0,0.0,0,1.0444550962968424,0.89506286641348,False,False,False,False,0.23293859020644347,0.24272916371853814,False,False,False,False,922452.0,724758.1759297332,False,False,False,False,15493.554942009767,False,False,False,False
2025-09-12 17:00:00+00:00,240.85,241.8,239.29,241.27,11170.0,,,,,,245.41073559799082,246.01409272648598,227.37959892623175,210.7923138706879,208.0174414971012,195.61724346940298,193.4851835815728,191.32472895068562,188.5438775431416,182.31718693789043,176.2512734211595,171.09499023598863,166.85901928119551,159.87022856207352,153.9975465335766,151.15442229332908,148.92527880174455,145.98157028706066,139.3317763464381,,,,,240.090563671045,246.00698203301744,232.11495687583903,215.45672757712344,208.59667336352544,201.24651044654894,192.5341136174478,188.99468538048166,184.12421681637352,181.1352577495667,178.28007527053796,172.90922293705893,168.28491068723204,162.9630718341583,160.6062362847531,157.4393747763697,152.36456971418062,150.19026019730134,141.04959975730938,,232.11495687583903,193.82024459174755,172.90922293705893,157.4393747763697,201.84094252736548,"rgba(38, 166, 154, 1.0)",21.859332415026923,214.77747515456105,1.2119548915056075,42.79559467759914,-1.4777702225594993,False,True,False,True,False,13.631524598166433,0.0,0.0,0.0,0.0,0,1.0523311600442857,0.8885348751383931,False,False,False,False,0.23715360168810434,0.23994138270332124,False,False,False,False,933622.0,727996.374752528,False,False,False,False,15426.523082443724,False,False,False,False
2025-09-12 18:00:00+00:00,241.29,241.95,240.52,241.95,6783.0,,,,,,245.25470162144686,245.94084004024145,227.47163821181655,210.89484503758652,208.09357736000348,195.685797352898,193.55269456930796,191.39114128193071,188.6091768878255,182.37985310078875,176.31302523488844,171.15575989522745,166.91865783059083,159.92854280122856,154.0548301923369,151.2111299710444,148.98152485749873,146.03713977108933,139.38612387295362,,,,,240.2851595468786,245.8973095015621,232.18708147277894,215.57027858084606,208.6814441937671,201.31624626370677,192.60113573702324,189.06026111643726,184.18729955182502,181.19772714308002,178.34209045943737,172.97044419681734,168.34492533324322,163.02182480471114,160.66466776199633,157.49735796466004,152.42151096766673,150.2467784525312,141.10440658206733,,232.18708147277894,193.8879985085922,172.97044419681734,157.49735796466004,201.89537814765458,"rgba(38, 166, 154, 1.0)",21.81836596737947,214.83607931229676,1.2427108761600716,43.34832779353008,-1.4777702225594993,False,True,False,True,False,14.021042964196507,0.0,0.0,0.0,0.0,0,1.0585929287807772,0.8863386221139455,False,False,False,False,0.24345740339676053,0.2416993930500409,False,False,False,False,940405.0,731289.531733109,False,False,False,False,15292.514972638393,False,False,False,False
2025-09-12 19:00:00+00:00,242.02,242.24,241.04,241.75,24499.0,,,,,,244.80669521064274,245.70605995057244,227.79897213845743,211.26195515696088,208.36736180673202,195.9327959539239,193.79598627903357,191.63052083501339,188.8445926809573,182.60586568898307,176.53578429895558,171.3750100268573,167.1338553342803,160.13899466640882,154.26158508684085,151.41581643832646,149.18455289867575,146.237735904885,139.58232681501622,,,,,240.75409312039764,245.55817134314,232.44408125905778,215.97543324984215,208.9858903681112,201.56738378231486,192.8426872566172,189.29666390415494,184.4147966455764,181.42303978982605,178.56578639968103,173.19131060829022,168.56147077681138,163.23384788393375,160.87553978827506,157.70662372980814,152.62703625658577,150.45078453019292,141.30226193367974,,232.44408125905778,194.13215612280368,173.19131060829022,157.70662372980814,202.08969634123645,"rgba(38, 166, 154, 1.0)",21.753621285364037,215.04451733348918,1.2276338875347812,43.53965881432671,-1.4777702225594993,False,True,False,True,False,13.851787078357116,0.0,0.0,0.0,0.0,0,1.0593040697169915,0.8826067014590484,False,False,False,False,0.24716628746190733,0.24443284025597412,False,False,False,False,915906.0,734151.8025589522,False,False,False,False,15435.251174612991,False,False,False,False
2025-09-15 14:00:00+00:00,242.28,246.35,239.845,245.8,8069.0,,,,,,244.77467926818892,245.67564332016275,227.9209931082403,211.39004109436488,208.46277811112827,196.01766718580464,193.87943865124024,191.7124992388496,188.9250599565934,182.68283947721562,176.61142334549166,171.44929910481704,167.2066609681201,160.2100390404351,154.33127144125223,151.48475826532413,149.25290135170573,146.30522295323726,139.64824939452683,,,,,241.07820784891518,245.5179547913924,232.54623212867867,216.11794289785098,209.09197083252917,201.65416403147302,192.92548265954684,189.37749177934182,184.49235351914226,181.49972702715576,178.64181508820778,173.26620024381143,168.6347683918356,163.30548928253316,160.94674125548474,157.77721935979733,152.69628052886392,150.5194818261586,141.36876068188468,,232.54623212867867,194.2159269085985,173.26620024381143,157.77721935979733,202.17386692407916,"rgba(38, 166, 154, 1.0)",21.73148130504978,215.13864044598745,1.41091898539322,47.668570642751405,-1.4777702225594993,False,True,False,False,True,16.163310419593586,0.0,0.0,0.0,0.0,0,1.0510474090407937,0.8773980154355013,False,False,False,False,0.2605698116017206,0.25250132592884733,False,False,False,False,923975.0,737094.7978681157,False,False,False,False,15321.045730045347,False,False,False,False
2025-09-15 15:00:00+00:00,246.18,250.61,245.82,248.34,8315.0,,,,,,244.9112184562856,245.72216210572708,228.07762480863872,211.53808796173993,208.57228893353934,196.11254716487952,193.97242751860176,191.80356714572912,189.01412771572743,182.76745305990508,176.6941054862101,171.53017827921374,167.28569446480418,160.28683785982827,154.40637414737023,151.55895973695885,149.3263914759155,146.3776971930189,139.7188633727305,,,,,241.7482521347373,245.58883520761293,232.68807001000008,216.28548824487322,209.21386880117143,201.7521752028327,193.01761273354649,189.46700847748895,184.57776811623862,181.58392682278637,178.72506972219287,173.3478436085789,168.71441121850205,163.3830708884669,161.02374144372558,157.8534334458575,152.77084904047877,150.5933880594123,141.44003630973467,,232.68807001000008,194.30931664887274,173.3478436085789,157.8534334458575,202.2970447574704,"rgba(0, 255, 255, 0.75)",21.74194344065389,215.2818791461778,1.5204768122066266,52.34887940876531,-2.8825373462075277,False,True,True,False,True,17.553052127877756,0.0,0.0,0.0,0.0,0,1.0625743921101851,0.8695557120994968,False,False,False,False,0.30840161136454347,0.2804514686466954,False,False,False,False,932290.0,740121.0800717107,False,False,False,False,15212.424866013635,False,False,False,False
2025-09-15 16:00:00+00:00,248.3,248.41,245.84,246.5,24918.0,,,,,,245.1221009009769,245.78337314717893,228.50265563356226,211.9587777403434,208.8859252762239,196.38757216488398,194.24236525735188,192.06829049170247,189.27344626336134,183.0145547364024,176.93612621841578,171.7673210880866,167.51771362522823,160.51269117544837,154.6275176195706,151.77757131464477,149.54299710272593,146.59142028633133,139.92732141367395,,,,,242.87795874269005,245.68440768310145,233.062890338984,216.75666732513955,209.56228170287534,202.03504450117094,193.28522244908427,189.72756774290005,184.82701204179978,181.82993977828082,178.96858970937802,173.58708975287084,168.94812508308098,163.61106021783678,161.25014863274816,158.07768723800538,152.99049091768526,150.81116926685107,141.65039122644873,,233.062890338984,194.5803557304953,173.58708975287084,158.07768723800538,202.60381223079384,"rgba(38, 166, 154, 1.0)",21.716626629017693,215.6318294720475,1.4214072496281043,53.48194889940903,-1.8090415987857966,False,True,True,False,True,15.964807849911473,0.0,0.0,0.0,0.0,0,1.0757010146506247,0.8738234826138572,False,False,False,False,0.2981053026227291,0.28927838563471225,False,False,False,False,907372.0,742714.1175899787,False,False,False,False,15362.898899098695,False,False,False,False
2025-09-15 17:00:00+00:00,246.46,248.87,246.425,248.39,5313.0,,,,,,245.18290878660048,245.80619581034605,228.59549547942217,212.0496603758257,208.9538394172168,196.44695606899614,194.30062797187466,192.1254069825212,189.32937118937434,183.0677984408549,176.98823251737048,171.81834743476546,167.56761724911672,160.56123878083963,154.67503140769244,151.82453194312285,149.58952008575287,146.63731594916288,139.97206936228233,,,,,243.10136725810824,245.71782032279785,233.14573377781147,216.8584613321783,209.63766272516767,202.09620476874193,193.34297328285328,189.78376379685338,184.88073142187295,181.8829399196067,179.0210324629918,173.63857843666594,168.99839985639923,163.66008008684756,161.2988182797863,158.1258814555709,153.0376767494569,150.85794852939168,141.69555033091848,,233.14573377781147,194.6388592263222,173.63857843666594,158.1258814555709,202.67082039348864,"rgba(38, 166, 154, 1.0)",21.79894871587007,215.7084431870794,1.499226280996191,55.71862743743192,0.37748150970051597,False,True,True,False,True,17.007877865315056,0.0,0.0,0.0,0.0,0,1.0713690505367384,0.8732047448654474,False,False,False,False,0.30303313466546244,0.2961557601500874,False,False,False,False,912685.0,745349.3250692039,False,False,False,False,15207.086513066157,False,False,False,False
2025-09-15 18:00:00+00:00,248.46,249.33,248.16,248.43,5441.0,,,,,,245.2588417319624,245.8372183479975,228.69328994570273,212.14418185423574,209.02447099900286,196.50850747141033,194.360990925429,192.18455827056647,189.38726010846412,183.12285997194283,177.0420747252663,171.87104328733128,167.61913234875178,160.61132374632612,154.72402821362627,151.87294897614035,149.63747901835046,146.68461973644833,140.01817301976882,,,,,243.34292825614142,245.76236307411008,233.23385652717926,216.9645060795276,209.71605047826077,202.15968576199194,193.40279494239422,189.8419376529758,184.93629952691361,181.93774043569425,179.07523605304675,173.69176195686097,169.05030506346026,163.71066534259958,161.34903214522586,158.17559234463548,153.08632990919148,150.90617553196736,141.74208177994527,,233.23385652717926,194.6994755197917,173.69176195686097,158.17559234463548,202.74203053791473,"rgba(38, 166, 154, 1.0)",21.871357941339962,215.79018140687208,1.4923544610567618,57.24139799392049,1.9295213727460876,False,True,True,False,True,17.029997497985477,0.0,0.0,0.0,0.0,0,1.074980336250123,0.8711164093992722,False,False,False,False,0.31343094841084085,0.3047933542804641,False,False,False,False,918126.0,748028.0332076658,False,False,False,False,15055.67431906513,False,False,False,False
2025-09-15 19:00:00+00:00,248.47,250.13,246.61,248.99,23040.0,,,,,,245.5411691393453,245.95858367768662,229.09575845429308,212.5383955983299,209.32032227779206,196.76723219237715,194.61482293915077,192.43338962808622,189.630883733646,183.35477327928373,177.26897555087396,172.0932023783319,167.83638027583157,160.82262741900968,154.930801367711,152.07730226177313,149.83991862869047,146.88431894146615,140.21285332192986,,,,,244.15882966606674,245.93300278603093,233.5946762661158,217.40493809150053,210.0439875670498,202.42622523110578,193.6543939511493,190.08674259052134,185.17030114976106,182.16858101517116,179.30362153937395,173.9159453895424,169.2691764081191,163.92404440237442,161.5608713968032,158.38534318653575,153.29166864420893,151.10973540306344,141.93855552335265,,233.5946762661158,194.95435549712838,173.9159453895424,158.38534318653575,203.02991722002818,"rgba(38, 166, 154, 1.0)",21.955632565092486,216.11873856161486,1.4971675874484958,58.73589362911897,3.505774865468169,False,True,True,False,True,17.344159874807044,0.0,0.0,0.0,0.0,0,1.0678626383020295,0.869367168991036,False,False,False,False,0.30987088069364044,0.30733211748705225,False,False,False,False,941166.0,751022.4202897175,False,False,False,False,15179.462314118384,False,False,False,False
2025-09-16 14:00:00+00:00,255.995,257.97,252.07,253.61,14687.0,,,,,254.55,246.00469883971044,246.19455104062254,229.42001194911006,212.8261868454602,209.53496249034427,196.94968107644834,194.79316743463158,192.60762056853537,189.80077092547387,183.51521320836036,177.42491867377518,172.245156644942,167.9844594671218,160.9659280173418,155.07051276118688,152.21515411668287,149.97631417452297,147.01866400429458,140.34341026922434,,,,,245.09810945074605,246.2536637757024,233.90418157353815,217.73192950073863,210.2821208995341,202.61632618894137,193.8308966841287,190.25756141246666,185.33253910984197,182.32806017332192,179.4609119359364,174.06953093777685,169.41853098648951,164.06906368871364,161.70460665675685,158.52736477364923,153.43027972089777,151.24697910928325,142.07041670759273,,233.90418157353815,195.13353494916973,174.06953093777685,158.52736477364923,206.6813108536035,"rgba(0, 255, 255, 0.75)",22.105010180117073,219.39567843386075,1.5478084509960652,62.94133856188661,7.552205084320185,False,False,True,False,True,19.85979197560531,0.0,0.0,0.0,0.0,0,1.072840453858517,0.8557943723462947,False,False,False,False,0.3428282534861454,0.3250801854865988,False,False,False,False,955853.0,754198.0881922025,False,False,False,False,15171.82723948089,False,False,False,False
2025-09-16 15:00:00+00:00,253.65,253.81,251.54,252.24,6022.0,,,,,253.96260128446568,246.13951763143803,246.26510294964302,229.54009159593562,212.93739331814592,209.61845919998638,197.0215447920613,194.8635247047548,192.6764564781217,189.8680066208931,183.57892360232327,177.48700717250338,172.3057743687744,168.0436157801835,161.02329237661363,155.1265234475902,152.2704557332849,150.03105845197072,147.0726186764555,140.3959101062946,,,,,245.3637121099723,246.34798894850678,234.01629938685633,217.8570802135834,210.37460399010666,202.69085542703417,193.90057357754134,190.3251472030402,185.39690627528125,182.39142400653608,179.523484777857,174.1307591202321,169.47816911706633,164.12706629365218,161.76213355051084,158.58425316524597,153.48587060306133,151.30204858210578,142.12342417312942,,234.01629938685633,195.2042043535113,174.1307591202321,158.58425316524597,206.74332955022376,"rgba(38, 166, 154, 1.0)",22.226676752485425,219.46470583666596,1.4745926495587813,63.90371507597652,8.532139869197763,False,False,True,False,True,18.623724292069973,0.0,0.0,0.0,0.0,0,1.0703480933191432,0.8659045523574921,False,False,False,False,0.3211895759048065,0.3231348806957026,False,False,False,False,949831.0,757231.1565923233,False,False,False,False,15029.969452822272,False,False,False,False
2025-09-16 16:00:00+00:00,252.185,253.625,251.505,253.43,3697.0,,,,,253.7945703242372,246.22360950090055,246.30983819837158,229.61422226025752,213.00591164864127,209.66994369503936,197.0658275109635,194.90687495635763,192.7188654922536,189.9094249292032,183.61816130888215,177.5252374567617,172.34309301516814,168.08003060259492,161.05859797060086,155.16099144033817,152.30448545634758,150.06474380167967,147.1058164389511,140.42820910690392,,,,,245.52450844947734,246.40746084911606,234.08565450504514,217.93417953829018,210.43161442895425,202.73679605220082,193.94350287530315,190.36678184000098,185.43655125861142,182.43044648529914,179.56201605637833,174.16845556921172,169.51488189003717,164.16276743430083,161.7975397995584,158.61926382320232,153.52007913997392,151.33593482754628,142.15603631740962,,234.08565450504514,195.24774747730237,174.16845556921172,158.61926382320232,206.78934192819702,"rgba(0, 255, 255, 0.75)",22.34102228136826,219.5169991197371,1.517969968122064,65.34638442988494,10.05664258929059,False,False,True,False,True,19.267403791000554,0.0,0.0,0.0,0.0,0,1.0795357610563119,0.8646450326192734,False,False,False,False,0.320181789554428,0.3216583351250653,False,False,False,False,953528.0,760274.5185056207,False,False,False,False,14854.264500065337,False,False,False,False
2025-09-16 17:00:00+00:00,253.25,254.91,253.25,254.13,14779.0,,,,,253.90850886818936,246.59901896794253,246.51561948434963,229.92152040197846,213.28595814553054,209.88042796882291,197.2460808343143,195.0832294199921,192.89129582431207,190.07771447195472,183.7773824824916,177.68019501402316,172.49423051103338,168.22741986028058,161.2013716203204,155.3002875211222,152.4419711157831,150.20080919536196,147.23987669328085,140.5585672528868,,,,,246.2020600798307,246.67856122885533,234.37591310774235,218.24987973911274,210.66463198383778,202.92414460378635,194.11810169885212,190.53596737025927,185.59748454863956,182.58875713321214,179.71824991529138,174.32116515391067,169.66350595387553,164.3071952674141,161.9407330012181,158.76080503115443,153.65830379766098,151.4728280301631,142.28767597290064,,234.37591310774235,195.42490173047577,174.32116515391067,158.76080503115443,207.01344395833058,"rgba(0, 255, 255, 0.75)",22.249719544745645,219.77634247503676,1.5440040696187556,66.77909255245527,11.610042927585688,False,False,True,False,True,19.646754922772526,0.0,0.0,0.0,0.0,0,1.0776485570800394,0.8622437946031669,False,False,False,False,0.33411820254088004,0.3278882688329727,False,False,False,False,968307.0,763499.8282962311,False,False,False,False,14853.097608591455,False,False,False,False
2025-09-16 18:00:00+00:00,254.13,254.13,252.96,253.78,11974.0,,,,,253.84176221844314,246.86029401379642,246.66461349997195,230.1601293238621,213.50746969463495,210.04769614615222,197.3900803166934,195.22420380968094,193.02921574811774,190.2124141848236,183.90499268036035,177.8045082189829,172.61556558132392,168.34580908202375,161.3161386474562,155.41231907921969,152.55257304892004,150.3102880951627,147.34776665382375,140.66352544900846,,,,,246.64870992143872,246.87143308593298,234.59948063508944,218.4983230060129,210.84957005466777,203.07354095812315,194.2577102672778,190.67136890121608,185.7264239268475,182.7156633933786,179.8435491806827,174.44373219939905,169.78286633048717,164.4232564270606,162.0558290432094,158.8746070288932,153.76948916120799,151.58296190793044,142.39365352421902,,234.59948063508944,195.5665008765774,174.44373219939905,158.8746070288932,207.1784980386764,"rgba(0, 255, 255, 0.75)",22.063313189566916,219.96550766753413,1.5326117180105,67.16767844019151,12.243775229606939,False,False,True,False,True,19.319206000776802,0.0,0.0,0.0,0.0,0,1.0769850430433319,0.8636199682585484,False,False,False,False,0.3291827060478459,0.3285354874404093,False,False,False,False,956333.0,766489.4898730337,False,False,False,False,14808.46043636523,False,False,False,False
2025-09-16 19:00:00+00:00,253.695,254.565,252.88,254.44,28382.0,,,,,253.8845467955729,247.43566129508034,247.01001986052876,230.71484749398988,214.02727363752123,210.44214757082787,197.7305180736806,195.55757933855102,193.3554503859553,190.53111508215545,184.20707180257008,178.09885642384916,172.90291697989363,168.62622860184175,161.58802896261955,155.6777620298786,152.81464409410086,150.56970948978739,147.6034378334601,140.91227427737417,,,,,247.5617076487709,247.30934602668225,235.11827937377078,219.07903757306872,211.28505073755315,203.42650978368064,194.58789372626802,190.99171415031512,186.0316188216367,183.01609270362312,180.14021025440417,174.73398029018486,170.06557174844633,164.69819424929895,162.3284943797678,159.14422396575742,154.03293638896994,151.84392875543548,142.64480994160155,,235.11827937377078,195.9013372204296,174.73398029018486,159.14422396575742,207.5671778332054,"rgba(0, 255, 255, 0.75)",21.890785997848962,220.41006926870273,1.5545321549733815,67.95270181690265,13.304146102212755,True,False,True,False,True,19.687541202466345,0.0,0.0,0.0,0.0,0,1.0775735911522684,0.8600988412542282,False,False,False,False,0.3308184576611473,0.3296769725507783,False,False,False,False,984715.0,769872.8311153123,False,False,False,False,15018.902910220033,False,False,False,False
2025-09-17 14:00:00+00:00,244.91,246.84,241.855,242.18,16361.0,,,,,252.13425540308506,247.26562349599942,246.92010752880196,230.88599467519074,214.2448923399911,210.61308156284818,197.88917634457684,195.71433296631372,193.51012353797006,190.6836852979798,184.35439712132666,178.24452490138052,173.04663625160802,168.76756558514344,161.7265805948399,155.81410498271563,152.94972621294167,150.70377358737284,147.73599511996153,141.04210577172844,,,,,247.29740920381676,247.18267976905173,235.24767416070188,219.3085729606171,211.4722716817867,203.58659951022048,194.7437274877098,191.1448381143831,186.17973061587003,183.1630633813324,180.28635117120547,174.87863110831677,170.20770530582527,164.83765385408472,162.46729245793915,159.28208489722974,154.1685297494938,151.97859476528362,142.77568123611366,,235.24767416070188,196.05856278674509,174.87863110831677,159.28208489722974,207.5999352236834,"rgba(38, 166, 154, 1.0)",21.509067581283777,220.4243714900953,1.0114631156227096,56.725115995413404,12.134265666292038,False,True,True,False,False,9.137635700279741,0.0,0.0,0.0,0.0,0,1.0613480472213148,0.8632471653212634,False,False,False,False,0.24650020598069172,0.288088589265735,False,False,False,False,968354.0,772950.0585398811,False,False,False,False,15039.710617038325,False,False,False,False
2025-09-17 15:00:00+00:00,242.185,244.74,241.93,242.95,12133.0,,,,,251.13163186313076,247.13561266369928,246.84837412353605,231.0059397549373,214.40195025315688,210.73711801181835,198.00505794637442,195.82891054056304,193.62326053624395,190.79537380413493,184.46241201329258,178.35144375200207,173.15220954966136,168.8714510116536,161.8285026728742,155.91446120617445,153.04918029979447,150.80249726846947,147.83363310037856,141.1377827653285,,,,,247.1034007872446,247.08383059509126,235.33645098325837,219.47315782303744,211.60792898633437,203.7032661141443,194.85766914870524,191.25691717717396,186.28828015919592,183.2708436021631,180.39357977023525,174.98485931620402,170.31215603077914,164.94020911261725,162.5693877677219,159.38352404826168,154.26834942309605,152.07775086284275,142.87211233002753,,235.33645098325837,196.17347130842123,174.98485931620402,159.38352404826168,207.63357917101357,"rgba(38, 166, 154, 1.0)",21.114101241664535,220.4464630158017,1.0658060566552545,49.997893882937134,6.350179910189041,False,True,False,True,False,9.604592987015344,0.0,0.0,0.0,0.0,0,1.0602055288182093,0.8709283671618886,False,False,False,False,0.23761520964473215,0.2628518994552336,False,False,False,False,980487.0,776167.6855392628,False,False,False,False,14994.64533615401,False,False,False,False
2025-09-17 16:00:00+00:00,242.95,243.735,241.74,243.28,14129.0,,,,,250.18171458040013,246.98396478444877,246.76191238166714,231.1394745622234,214.58090299242085,210.87910302081565,198.1384025009455,195.96083468761884,193.75359983748996,190.9241267856807,184.58708286728393,178.47495754434007,173.27424662619825,168.99159396021062,161.9464516692532,156.03065188155335,153.1643501985557,150.91683883408152,147.94673913219788,141.24865987690964,,,,,246.88436368496826,246.96662712044423,235.43367127609085,219.6596902031383,211.7630205959243,203.8372772435878,194.9888946880756,191.38610667465252,186.41352982014328,183.39526665360566,180.51741777026848,175.10762653535434,170.43293422710246,165.05885925153092,162.68752989351546,159.50093707336393,154.3839327950177,152.19258333762033,142.98385214788112,,235.43367127609085,196.3057635209839,175.10762653535434,159.50093707336393,207.67975261751144,"rgba(38, 166, 154, 1.0)",20.689946583344245,220.48074161546532,1.1019486344584606,45.86003967920326,2.9756269538173683,False,True,False,True,False,9.806727169845132,0.0,0.0,0.0,0.0,0,1.0772636338885142,0.8706630207038601,False,False,False,False,0.23238927569094014,0.24762058757308686,False,False,False,False,994616.0,779554.4811122975,False,False,False,False,14981.22447822914,False,False,False,False
2025-09-17 17:00:00+00:00,243.365,244.36,243.12,244.305,6392.0,,,,,249.87078694628542,246.93505203076927,246.73398781451084,231.20400367641454,214.66398521496748,210.94493861285807,198.1998229450903,196.02155349725788,193.8135462374479,190.98329368998267,184.64428334167266,178.53155374719555,173.33011503253573,169.0465598131465,162.0003636626167,156.08372482171717,153.21694169242767,150.96904093556978,147.99836350322272,141.29923919207195,,,,,246.81599044086605,246.92843837115024,235.48266486505187,219.74672866379402,211.8349390956791,203.89916287622384,195.04927241971922,191.44548168078316,186.4710208699233,183.45233785883312,180.57418560573177,175.1638461861567,170.4882022275546,165.1131131438968,162.74153506570184,159.55458852270127,154.43671947891457,152.24501582669302,143.03483167544832,,235.48266486505187,196.3666586951044,175.1638461861567,159.55458852270127,207.70963966883602,"rgba(38, 166, 154, 1.0)",20.242965294168673,220.50753651304822,1.1755917742845237,44.22932782004812,1.7118755879049914,False,True,False,True,False,10.439204896691432,0.0,0.0,0.0,0.0,0,1.0786844790356642,0.8625275846522553,False,False,False,False,0.24116471620184438,0.24439265188746562,False,False,False,False,1001008.0,782987.8690020293,False,False,False,False,14848.058207248841,False,False,False,False
2025-09-17 18:00:00+00:00,245.555,246.665,239.9,245.755,10841.0,,,,,249.4225073710338,246.86029382722663,246.69079634313638,231.31348375474346,214.80467666941422,211.05660033186288,198.30402255498473,196.1245655441059,193.91525071154072,191.08367787367663,184.74133621657234,178.62758010010307,173.42490643106945,169.13982079776082,162.09183656842023,156.1737739817997,153.30617412720315,151.05761282384523,148.0859554766001,141.3850580747118,,,,244.10666666666665,246.71371781033062,246.8695405393784,235.56620726722943,219.89400764467078,211.95685597541427,204.00415253322825,195.15170711585313,191.5462181753911,186.56856669646413,183.54917118530975,180.67050368103355,175.2592332208799,170.5819755679092,165.20516653568683,162.8331661211889,159.64561905968284,154.52628305850826,152.33397851337838,143.121329288904,,235.56620726722943,196.46996914988642,175.2592332208799,159.64561905968284,210.59205359241002,"rgba(38, 166, 154, 1.0)",19.774247882190686,222.94034139113108,1.153756074303919,44.70499676488432,1.7118755879049914,False,True,False,True,False,11.330845011747147,0.0,0.0,0.0,0.0,0,1.0747590886600853,0.85755012605141,False,False,False,False,0.23715552023020411,0.24077408605883488,False,False,False,False,1011849.0,786536.1035911451,False,False,False,False,14785.933273803123,False,False,False,False
2025-09-17 19:00:00+00:00,246.065,248.97,246.0,247.76,12547.0,,,,,249.2700843512522,246.88155776435613,246.7073365193405,231.47164050538865,214.98492385703733,211.19836894225267,198.43312239000753,196.25182075702298,194.04055008369238,191.20695882788132,184.85980963834515,178.74423823612935,173.53966863668202,169.25245166351746,162.20191848117528,156.28186768047698,153.41316853799466,151.16372778410954,148.19078862612642,141.4875523811186,,,,245.96822344792204,246.7498407553708,246.88621985455617,235.6993710851884,220.08636757459567,212.1119192848444,204.13543661556946,195.27809428735245,191.66999245807713,186.68783518688795,183.66725718437732,180.78769280414463,175.37484949860615,170.69531582438643,165.31611219878363,162.94347630900296,159.75504865826258,154.63372441897923,152.44061095160987,143.2246875557546,,235.6993710851884,196.59764942176395,175.37484949860615,159.75504865826258,210.76614047640794,"rgba(38, 166, 154, 1.0)",19.286519791000792,223.1369678678524,1.2766964905527871,47.01403884414222,1.7118755879049914,False,True,False,True,True,12.547839180529714,0.0,0.0,0.0,0.0,0,1.0917708137568125,0.8442726931028001,False,False,False,False,0.2742835555997102,0.25752882082927253,False,False,False,False,1024396.0,790223.8539230652,False,False,False,False,14751.22113002323,False,False,False,False
2025-09-18 14:00:00+00:00,251.04,251.855,246.61,248.25,8845.0,,,,,249.25000106765182,246.92303019980773,246.73588678399128,231.59034141823463,215.1159324642891,211.30127414716998,198.526174408291,196.3434635798795,194.1307116503979,191.29558313518996,184.9448224985952,178.82782183385092,173.6218046094688,169.33299980335335,162.2805551880069,156.35902123325022,153.48951029273792,151.23942205733036,148.2655439828344,141.56059005170678,,,,246.77409905996961,246.81161468173335,246.9192390312758,235.80178580906477,220.22684803046005,212.22448620689568,204.23032625191803,195.36907893315882,191.75898430389722,186.77346170185803,183.7519651951525,180.8716969415075,175.457626594759,170.7763916608338,165.39540388932792,163.02228478514374,159.83319178180383,154.71039650735315,152.51668561160608,143.29835299376623,,235.80178580906477,196.68961015911083,175.457626594759,159.83319178180383,210.87825023716,"rgba(38, 166, 154, 1.0)",18.763481894889246,223.2623450734105,1.3317173788195238,49.02653061649372,1.7118755879049914,False,True,False,False,True,12.844115736807005,0.0,0.0,0.0,0.0,0,1.0917636369989867,0.8388254068094722,False,False,False,False,0.2899365431927365,0.27373268201100454,False,False,False,False,1033241.0,793991.5616141806,False,False,False,False,14659.65181017791,False,False,False,False
2025-09-18 15:00:00+00:00,248.22,249.05,246.97,248.365,8229.0,,,,,249.19539029373598,246.94558353817192,246.75251551476012,231.6944442515073,215.23413086423733,211.39454255935433,198.61110846315393,196.42718243772626,194.213142692586,191.37668288337815,185.02275436691085,178.90454585343295,173.69727302343534,169.40706209813854,162.35293255263107,156.4300847558136,153.55984854469105,151.30918030139134,148.33445754143804,141.62796096522774,,,,247.04951781918837,246.84581565197445,246.9373619345645,235.8900880423867,220.35281420772534,212.32639236649672,204.3167184273502,195.4522262553131,191.84040839774144,186.8519203121795,183.82963942095276,180.94877478866513,175.53365899812457,170.85092193121153,165.46835361282294,163.09481320371503,159.90513695624753,154.78102971217456,152.58678504408462,143.36629257440572,,235.8900880423867,196.77360823839737,175.53365899812457,159.90513695624753,210.95789441366472,"rgba(38, 166, 154, 1.0)",18.198073838773656,223.34805763357753,1.3747027618450602,50.48851452573644,1.7118755879049914,False,True,False,False,True,12.914652352820987,0.0,0.0,0.0,0.0,0,1.0932346599848495,0.8461861196899946,False,False,False,False,0.2789720822411653,0.27635238212608493,False,False,False,False,1041470.0,797828.4366279142,False,False,False,False,14559.951782113136,False,False,False,False
2025-09-18 16:00:00+00:00,248.365,249.53,246.32,249.53,12436.0,,,,,249.14499011687076,246.98723046809056,246.78278485773328,231.85243057828788,215.41294461247432,211.53586512824697,198.73976980030943,196.5539977334818,194.3380027771202,191.4995195797654,185.14078114000677,179.02072648339148,173.81154122431604,169.51919469233465,162.4625029328356,156.53765793088857,153.66632051048174,151.4147718843376,148.43876775536228,141.72992971948494,,,,247.3811136526901,246.90678488049537,246.97108834940792,236.02471119616,220.54328334581194,212.48072066228903,204.4476179705175,195.5781738021789,191.96373685211972,186.9707498499299,183.94727251383605,181.06549674549535,175.6487844286903,170.96376521881655,165.57879578794459,163.20461343634707,160.01404914079063,154.88794958598612,152.69289440823988,143.46912322204832,,236.02471119616,196.90084675667848,175.6487844286903,160.01404914079063,211.07754310101606,"rgba(38, 166, 154, 1.0)",17.595706862755378,223.47663803493134,1.4806658333354883,52.71428503573796,-4.083661641612821,False,True,True,False,True,13.63452960165397,0.0,0.0,0.0,0.0,0,1.1067404390724624,0.8411122852427483,False,False,False,False,0.2753235581300724,0.27583797012807865,False,False,False,False,1053906.0,801798.6314088767,False,False,False,False,14527.022297119132,False,False,False,False
2025-09-18 17:00:00+00:00,249.735,252.45,249.51,249.97,11629.0,,,,,249.23523230942132,247.07889275874106,246.84573787989265,232.01656539283834,215.58935474685055,211.674802107748,198.86473942479293,196.67699032205107,194.4589306647154,191.61829234842926,185.25454417449387,179.13242219647418,173.92119475321803,169.62665546107317,162.56730594016807,156.6404070236055,153.76795554366134,151.51552071435603,148.53823750583078,141.82705250541562,,,,247.9690280554393,247.03425702428345,247.04560671338544,236.1696643991433,220.73281981174162,212.63253155136874,204.57536013728935,195.70024827199325,192.08301520704214,187.08538512080818,184.06059503975374,181.17780393963193,175.75932903574338,171.07195388095104,165.68451907825525,163.30965613458935,160.11815977131891,154.99003834419685,152.79416310601903,143.56709491690947,,236.1696643991433,197.0242774611663,175.75932903574338,160.11815977131891,211.2188859453629,"rgba(0, 255, 255, 0.75)",16.811813837969396,223.63380102448787,1.566529300724944,54.67071640831782,-1.9173755377515533,False,False,True,False,True,13.907526501662712,0.0,0.0,0.0,0.0,0,1.1088267969561945,0.8435808914001742,False,False,False,False,0.30358467026771857,0.2897113201978986,False,False,False,False,1065535.0,805887.5673560259,False,False,False,False,14482.091718869222,False,False,False,False
2025-09-18 18:00:00+00:00,249.97,250.75,249.56,250.29,7955.0,,,,,249.2734078134482,247.13151795157657,246.88274154122087,232.12456931601886,215.70750333604968,211.76820206295793,198.94915180753213,196.76011512379114,194.5407041437938,191.69865813430184,185.3316121346574,179.20815650220408,173.9955924608262,169.69960048878795,162.63849456340049,156.71023413319594,153.83704035478056,151.58401407107763,148.60587494242407,141.89312088517585,,,,248.21388031971156,247.10645076044247,247.08879422828576,236.2641904235201,220.85920473126012,212.7344832262868,204.6615009781935,195.78277263268149,192.16371491088202,187.16302037861354,184.13737885298934,181.25393186135827,175.8343147031036,171.14538156646606,165.75631290897357,163.38100296034344,160.18889250541736,155.05942537500437,152.86300369743563,143.63373382811938,,236.2641904235201,197.10769068000346,175.8343147031036,160.18889250541736,211.30559911499523,"rgba(0, 255, 255, 0.75)",16.022514311020714,223.72875214129334,1.6577453040835866,56.339008505588026,-0.01808194434549648,False,False,True,False,True,14.108556626649165,0.0,0.0,0.0,0.0,0,1.103377625477768,0.8457483135835897,False,False,False,False,0.2953458632864535,0.29252859174217605,False,False,False,False,1073490.0,810036.4422807386,False,False,False,False,14380.896498421638,False,False,False,False
2025-09-18 19:00:00+00:00,250.215,251.56,249.545,251.54,11428.0,,,,,249.3599119231626,247.2202068636073,246.94512827356044,232.28326650991133,215.87915503270523,211.9039546703369,199.0715387544202,196.8805972170926,194.6591929100591,191.81506569700443,185.44316698971795,179.31771485579952,174.10317091977015,169.805046458806,162.74135516484787,156.81109427533218,153.93681403751924,151.68292307222967,148.703535119998,141.98848906413627,,,,248.57721558813014,247.22620640185792,247.16195556527023,236.4043112266796,221.0430554495751,212.88262757765418,204.78652540025297,195.90236869545794,192.28061217455195,187.27541845802668,184.24850847533767,181.36408070218818,175.94275866857865,171.25153569148983,165.8600681809536,163.48409675966224,160.29107966264584,155.1596415537897,152.9624200262818,143.7299317978288,,236.4043112266796,197.22859619450554,175.94275866857865,160.29107966264584,211.43498176323754,"rgba(0, 255, 255, 0.75)",15.24962927979523,223.87114818131127,1.8143950460060139,58.84693340172751,2.641175037704322,True,False,True,False,True,14.896880011412808,0.0,0.0,0.0,0.0,0,1.1004268892246445,0.846463774372257,False,False,False,False,0.29917468260451757,0.29585163717334684,False,False,False,False,1084918.0,814298.1718577814,False,False,False,False,14335.115157360837,False,False,False,False
2025-09-19 14:00:00+00:00,252.62,254.755,246.235,247.43,11180.0,,,,,249.36558182723292,247.2711569024045,246.98313448379258,232.42438141014355,216.03877656176758,212.0310868120262,199.18747338969465,196.99488631704563,194.7717374639075,191.9258000677854,185.54959333955364,179.42246916373415,174.20619875787776,169.9061521099768,162.84014762592858,156.9080827104308,154.03280910067485,151.77812410798646,148.7975812900152,142.08042172299997,,,,248.68257468363305,247.2938428413741,247.20476474271788,236.52573147851916,221.2123635203879,213.0211174848134,204.90446686529802,196.01588384013556,192.39178554184653,187.3825681516435,184.35457867672653,181.46932625178522,176.0465583553067,171.35328113601267,165.95965009127664,163.5830970725029,160.3892759779497,155.25604081513424,153.05808792400032,143.82264058444503,,236.52573147851916,197.34326198035652,176.0465583553067,160.3892759779497,211.53886560693104,"rgba(0, 255, 255, 0.75)",14.417695146984075,223.98187438486747,1.6263435574192642,54.61143906866405,2.641175037704322,False,False,True,False,False,11.154632499223812,0.0,0.0,0.0,0.0,0,1.091198716209041,0.8397621210869743,False,False,False,False,0.2986203033624501,0.2972359702678985,False,False,False,False,1073738.0,818320.4947747149,False,False,False,False,14286.198643293226,False,False,False,False
2025-09-19 15:00:00+00:00,247.21,247.41,242.82,246.4,32494.0,,,,,248.880690195466,247.16460156816893,246.92285996768,232.73009557768546,216.44067970877373,212.35747600093305,199.49532358742076,197.29959258973824,195.0729202233198,192.2234265740796,185.83802230668806,179.70818127469585,174.48849828062882,170.18411556834494,163.1130408586778,157.17690534590858,154.29927733190303,152.04268242070836,149.05929565874638,142.33698257206208,,,,247.8830503824931,247.15302514354656,247.11989770712842,236.7628299870508,221.62632954750939,213.37498240235814,205.21383202986416,196.31903917155554,192.69038607748533,187.67232753648747,184.6424282509332,181.75580655117858,176.33053059801884,171.63269984284264,166.2341801830149,163.85643898659094,160.6609173114844,155.52346378830552,153.3237773097087,144.08118374414337,,236.7628299870508,197.64878137918234,176.33053059801884,160.6609173114844,211.70713339841032,"rgba(0, 255, 255, 0.75)",13.568629745526554,224.13524384243746,1.6408993815239907,50.671769797855816,7.1488112564193855,False,True,False,False,False,10.247152426680664,0.0,0.0,0.0,0.0,0,1.0812102846001153,0.8617522346335904,False,False,False,False,0.2474820859657267,0.2723590281168126,False,False,False,False,1041244.0,821776.6731503007,False,False,False,False,14568.490137195655,False,False,False,False
2025-09-19 16:00:00+00:00,246.45,250.44,246.28,249.37,8508.0,,,,,248.87477414024164,247.18894717787896,246.94209209618052,232.82692571942343,216.55531563518932,212.4499087129787,199.58072824310565,197.38391745218715,195.15608065190065,192.30538640167464,185.9170493815521,179.78614632498392,174.5653088073553,170.25958969162687,163.18691806463343,157.24952493685672,154.37119369103954,152.11403390794354,149.1298192993148,142.40599465667697,,,,247.933914851718,247.18486792890474,247.14070803710808,236.8444248046716,221.74638802906534,213.47532551635948,205.30033025492153,196.4028487973646,192.7726477141491,187.75182781269223,184.7212292178235,181.83408105963238,176.4078710194658,171.70862005401682,166.3085941689332,163.93045915821295,160.73438752243518,155.5956660392032,153.395461675683,144.1507590437733,,236.8444248046716,197.7333624137269,176.4078710194658,160.73438752243518,211.77934947924695,"rgba(0, 255, 255, 0.75)",12.760849147803205,224.21069141275325,1.9716014424931871,51.67867951893072,7.1488112564193855,False,True,False,False,False,12.193655652259292,0.0,0.0,0.0,0.0,0,1.0882115202136757,0.8571277954148752,False,False,False,False,0.2781585471362299,0.27525878762652123,False,False,False,False,1049752.0,825311.174341769,False,False,False,False,14474.529049797271,False,False,False,False
2025-09-19 17:00:00+00:00,249.395,250.42,248.835,250.34,4729.0,,,,,248.89215787415654,247.21237656195223,246.95960138951875,232.88416573780378,216.62098543719006,212.5027320105413,199.62919676454368,197.43173265467846,195.2031984882696,192.35178104482145,185.9617049869362,179.83013890751033,174.60860545502624,170.30210167976185,163.2284863949372,157.2903543192638,154.4116141164384,152.15412685640422,149.16943475358582,142.44473613198716,,,,247.99876385624307,247.21524958190605,247.16054759910148,236.89372028960915,221.81553379880177,213.53269500179235,205.34955029305215,196.4503549935784,192.81921983018358,187.79677233096405,184.76574372136935,181.87826811476268,176.45148131430258,171.7513935324358,166.350483357382,163.97211225536236,160.7757131575486,155.63625285324076,153.43574730407403,144.18982279438626,,236.89372028960915,197.78132898295706,176.45148131430258,160.7757131575486,211.82430690334357,"rgba(0, 255, 0, 1.0)",12.298792882978198,224.25866751417578,2.1206416543465303,53.359872379670165,7.1488112564193855,False,False,True,False,False,12.816615167298579,0.0,0.0,0.0,0.0,0,1.0946574024083944,0.855120771812868,False,False,False,False,0.29027779457133557,0.2827682910989284,False,False,False,False,1054481.0,828864.1948946097,False,False,False,False,14323.435576157002,False,False,False,False
2025-09-19 18:00:00+00:00,250.45,252.27,249.48,250.11,7813.0,,,,,248.94085959690707,247.26096459098682,246.99547320132072,232.98206412269008,216.7313673069734,212.59143477408315,199.71026988921867,197.5116745301712,195.28193925679943,192.42927222370403,186.03621615072677,179.90348244352043,174.6807454182345,170.37290386577715,163.29767380833601,157.3582811227325,154.47884727442283,152.22080553595535,149.23530728754335,142.5091309925636,,,,248.13655008275364,247.27784326782498,247.20167584475712,236.97904410908652,221.93208566256538,213.62904392170282,205.43200639922327,196.52976426525478,192.89701369278342,187.8717864298332,184.84000646280512,181.9519552907782,176.52415838562737,171.82264114318906,166.42022330967063,164.04144499826933,160.8444831648111,155.70376835829947,153.50275193512155,144.25475926501338,,236.97904410908652,197.86152965273712,176.52415838562737,160.8444831648111,211.90311807608393,"rgba(0, 255, 0, 1.0)",11.7631280420367,224.3436073609202,2.19043714792537,54.15634042637069,7.1488112564193855,False,False,True,False,True,12.606371933051072,0.0,0.0,0.0,0.0,1,1.0976710470934856,0.8465837347425523,False,False,False,False,0.30228735027258585,0.2925278206857571,False,False,False,False,1046668.0,832240.9980745382,False,False,False,False,14222.498590480149,False,False,False,False
2025-09-19 19:00:00+00:00,250.25,253.43,250.25,252.85,26255.0,,,,,249.22083163340966,247.48573097714393,247.1606606986585,233.33161898231936,217.11390282209194,212.89859132494976,199.98910423601237,197.78638423493584,195.5523075077603,192.69509802756951,186.29135693637264,180.15423925385042,174.92711516723355,170.61451514389955,163.53350284663549,157.58961936291215,154.70773946037053,152.44774841552652,149.45943080056318,142.72807226149382,,,,248.74306770770798,247.56287760292585,247.39279598479837,237.29000723607615,222.3378143394636,213.96265343195898,205.71637662872996,196.80254661090814,193.1639156106429,188.12877964405374,185.09421507058832,182.20400953096652,176.77245318635076,172.0658344284376,166.65805295790884,164.27779624312288,161.07880404512645,155.9336570537538,153.7308388831583,144.47557915145617,,237.29000723607615,198.13716293690527,176.77245318635076,161.07880404512645,212.1940535688098,"rgba(0, 255, 0, 1.0)",11.167246972954961,224.6616252903412,2.5242008865681855,57.444454141086304,1.4310821322140086,True,False,True,False,True,14.3708784325216,0.0,0.0,0.0,0.0,1,1.0994484138990388,0.8439267344706401,False,False,False,False,0.3113225073775026,0.30192516403162983,False,False,False,False,1072923.0,835972.5019803593,False,False,False,False,14409.048999930068,False,False,False,False
2025-09-22 14:00:00+00:00,251.05,255.75,251.05,252.31,4371.0,,,,,249.27501664955685,247.52766700946285,247.19168480753288,233.39118077751675,217.1783304337467,212.9503748077908,200.03599800745556,197.832569645278,195.59774963960317,192.73976041954006,186.33419437100375,180.19631350298417,174.96843434449775,170.6550233635892,163.57302253611107,157.62837276057806,154.74607722790745,152.4857553717767,149.49696034001295,142.76472305311773,,,,248.84776100821904,247.61539166538628,247.4286626723291,237.34346534242056,222.40622286118256,214.01887103649324,205.76425382109954,196.84840192464733,193.20876108532818,188.17193702871404,185.1368902944249,182.24631016998435,176.81410142490694,172.10661211261407,166.69791630628268,164.31740535402147,161.11806486305878,155.97216421524107,153.7690398626662,144.5125469531161,,237.34346534242056,198.18350562529304,176.81410142490694,161.11806486305878,212.2440748162643,"rgba(0, 255, 0, 1.0)",10.49580033645455,224.71652935103958,2.6290011018141577,58.787314223153984,2.9259623733656284,True,False,True,False,True,13.865480758646235,0.0,0.0,0.0,0.0,1,1.0983984861771359,0.8413024415009,False,False,False,False,0.3266181225547306,0.31427164329318025,False,False,False,False,1068552.0,839578.3856705863,False,False,False,False,14253.420333264487,False,False,False,False
2025-09-22 15:00:00+00:00,252.31,252.4,250.43,251.39,5142.0,,,,,249.31004034087638,247.56183736296867,247.21770287049657,233.45501388605607,217.25039537040183,213.00865148142495,200.08936402766668,197.88520160765432,195.6496010028435,192.7907982085933,186.38328781515068,180.24464086773528,175.01597216270588,170.7016840178357,163.61862221420782,157.6731434203369,154.7903918523582,152.52970541737508,149.54038042379165,142.8071706476705,,,,248.91911540185757,247.65770235759507,247.45818128991698,237.3994062624017,222.48204691333174,214.08204396486192,205.8185144136856,196.90068789520487,193.25999594263664,188.22135956323743,185.18582089914432,182.29486326126656,176.86199130352045,172.15356491183206,166.7438796242967,164.36310062617437,161.16338973624562,156.01666451536568,153.81320420372253,144.5553505811882,,237.3994062624017,198.23630559590487,176.86199130352045,161.16338973624562,212.29553057242117,"rgba(0, 255, 0, 1.0)",9.718295853559617,224.77181576217717,2.73897652828434,58.230419579480106,2.9259623733656284,True,False,True,False,True,13.000334514117032,0.0,0.0,0.0,0.0,1,1.0955378100980349,0.8500138077046993,False,False,False,False,0.3045364409746723,0.30940404213392625,False,False,False,False,1063410.0,843048.6432570887,False,False,False,False,14112.158002516198,False,False,False,False
2025-09-22 16:00:00+00:00,251.435,254.36,250.145,251.73,14831.0,,,,,249.4352933340248,247.6737484406708,247.30272775755662,233.64341333758972,217.46061584473634,213.17867597429247,200.24467417399396,198.03832743683174,195.8004119941504,192.93919074301343,186.52593170190562,180.384976273231,175.1539568702767,170.8370826939117,163.7508841657173,157.80295929196996,154.91886758847,152.65711106564345,149.66623376196148,142.93017212965268,,,,249.1542890986935,247.79555921539105,247.55499311697608,237.56590989559194,222.70356802084765,214.26632019188352,205.97659248378886,197.05278724204257,193.40896906498773,188.36498723613266,185.32797423222712,182.4358804602804,177.0010170692663,172.28982438791726,166.87722154962168,164.49564560880881,161.29483621031414,156.1456860840562,153.94123843562627,144.679391544808,,237.56590989559194,198.38992705685706,177.0010170692663,161.29483621031414,212.44947337360426,"rgba(0, 255, 0, 1.0)",8.989353043192368,224.9381555944116,2.980397396437538,58.268269912859694,3.079279122025504,True,False,True,False,True,13.227122101575045,0.0,0.0,0.0,0.0,1,1.0946217336289659,0.8605226193654736,False,False,False,False,0.31232598969848513,0.3108650159162057,False,False,False,False,1078241.0,846695.0363848858,False,False,False,False,14123.30283968649,False,False,False,False
2025-09-22 17:00:00+00:00,251.07,252.105,249.63,250.99,14539.0,,,,,249.4978547620995,247.75045473154702,247.36351487637967,233.81295071793647,217.65736624844251,213.3389524386372,200.39261201681722,198.1843689634396,195.94441596917096,193.0810786341852,186.66268203219343,180.51978102392755,175.28669595667017,170.96747366806017,163.87844634519777,157.9282981493664,155.04297219864188,152.78022605369327,149.78790364892006,143.04919374306047,,,,249.27358465249583,247.8878966801463,247.62248990635254,237.71264216886516,222.90901015948984,214.43970524378094,206.1266067742462,197.1979271099869,193.55138065893715,188.50258724825468,185.46431119773754,182.57125594524507,177.13469152101396,172.42099876499347,167.00574482068592,164.62346214069996,161.42167032517588,156.2702929667633,154.0649358978464,144.799391176888,,237.71264216886516,198.5364120353895,177.13469152101396,161.42167032517588,212.58400486725316,"rgba(0, 255, 0, 1.0)",8.454769027378754,225.08052127910386,3.0644809618091844,57.019880972440966,3.079279122025504,True,False,True,False,True,12.516162493536868,0.0,0.0,0.0,0.0,1,1.0811239860950175,0.8663731170336038,False,False,False,False,0.29727303331886445,0.30406902461753504,False,False,False,False,1063702.0,850059.4854331821,False,False,False,False,14129.747756900651,False,False,False,False
2025-09-22 18:00:00+00:00,250.93,252.535,250.51,252.09,6085.0,,,,,249.53651877704522,247.7893840995178,247.39398052705718,233.8862108316725,217.74099955496828,213.40705508701552,200.45525277307723,198.24618007803022,196.00534033475304,193.1410790257335,186.7204572877991,180.57669009006173,175.34270189087852,171.02246729590595,163.9322158856546,157.9811084003943,155.09525288728716,152.83208284505645,149.83914317116975,143.09930037682898,,,,249.3410636459153,247.9347876759766,247.65665040051033,237.77678090316002,222.99654958143478,214.51337366854855,206.19021620725832,197.25934554310274,193.61160678520437,188.56073636981478,185.52190247534125,182.62841998669091,177.19110243802908,172.47632984687954,167.05993287585392,164.67734195945135,161.4751232106148,156.32278925900408,154.11704197156413,144.84991374280736,,237.77678090316002,198.598414719682,177.19110243802908,161.4751232106148,212.6432673659087,"rgba(0, 255, 0, 1.0)",7.791693710220561,225.1437928717878,3.458324740468966,57.683910023415535,3.1742439719203333,True,False,True,False,True,13.270679787870758,0.0,0.0,0.0,0.0,1,1.0840407175365658,0.8647149425021134,False,False,False,False,0.3037940812066986,0.3039315529121168,False,False,False,False,1069787.0,853466.113566001,False,False,False,False,14005.022985475836,False,False,False,False
2025-09-22 19:00:00+00:00,252.28,255.34,252.28,254.82,13238.0,,,,,249.70527024672958,247.92245869768024,247.49536563314234,234.0650269560798,217.93447413799103,213.56374699338565,200.59745069689166,198.38626099469528,196.14319693019507,193.2765965411926,186.85049027427473,180.7044100488524,175.46813633169995,171.1454509293844,164.05220377487404,158.09877197774077,155.21165670981148,152.94748398724604,149.9530978942357,143.2105888653751,,,,249.61398487026034,248.09620422551336,247.7724944807153,237.93833674777838,223.20116129995301,214.68306421852472,206.33535764583016,197.39843904904407,193.74767287193254,188.6917353331515,185.65144436871014,182.75682712588022,177.31753127281945,172.60012807002582,167.1809647036838,164.79760123896827,161.59432443780216,156.43970668467892,154.23303107680246,144.9621622638341,,237.93833674777838,198.73896536399295,177.31753127281945,161.59432443780216,212.79396006644893,"rgba(0, 255, 0, 1.0)",7.114149270774661,225.30874075722932,4.148248528324342,61.07842975570662,6.629199001097845,True,False,True,False,True,15.102382296516797,0.0,0.0,0.0,0.0,1,1.0848493937680976,0.8604339951316866,False,False,False,False,0.32918683556971967,0.3165591942409183,False,False,False,False,1083025.0,857025.1660688537,False,False,False,False,13993.131156243651,False,False,False,False
2025-09-23 14:00:00+00:00,255.42,261.38,255.42,259.98,18127.0,,,,258.9266666666667,250.14541225838954,248.229087341176,247.72564695564557,234.36190195972517,218.23062341036388,213.8014052838794,200.8082193286065,198.59328685568997,196.34637822917838,193.47568475048007,187.0403245962289,180.88991729590055,175.6496450425522,171.32292954638834,164.2246779042308,158.26741940774167,155.37828680011305,153.11252254661568,150.1158745888688,143.36916713519997,,,,250.28594426443544,248.46833123883246,248.03861705114755,238.21818896882917,223.51962796736507,214.940941340841,206.55241065796864,197.60375264667582,193.94766803421763,188.88330542725106,185.84036045782514,182.9436338452737,177.5007089476542,172.77894039174714,167.35523010667188,164.9705323518268,161.7654562717973,156.60716100731162,154.39899870137384,145.12220509082815,,238.21818896882917,198.94677785993602,177.5007089476542,161.7654562717973,216.31269347330374,"rgba(0, 255, 0, 1.0)",6.51210146331315,228.50995313042472,4.832548609211064,66.71310094817511,11.917050894511142,True,False,True,False,True,18.344766384384833,0.0,0.0,0.0,0.0,0,1.0879767733120802,0.8473186838210177,False,False,False,False,0.3428282533386218,0.32969372378977,False,False,False,False,1101152.0,860810.078222825,False,False,False,False,14057.22214606933,False,True,False,False
2025-09-23 15:00:00+00:00,259.88,259.88,256.65,257.63,9853.0,,,,258.61912723373837,250.34538799530839,248.37566481170214,247.83750804854705,234.51468247802472,218.38639232022098,213.9270637435505,200.92043374395084,198.70360337941818,196.45473393979407,193.58195699072715,187.1418423876148,180.98925750332407,175.74694280302248,171.41813927889817,164.31730194884844,158.3580586259054,155.4678728064912,153.20127581665454,150.20344014675112,143.45453071087456,,,,250.57908640556673,248.64405999286723,248.16682934176345,238.36091150481255,223.68615014751217,215.07709623876067,206.6676859462077,197.713196694045,194.0544080022163,188.98570346901826,185.94141629188707,183.0436268150901,177.59886712172087,172.87484193737083,167.4487745607621,165.06339218741803,161.85738959048103,156.69717715682242,154.48823859657668,145.2083424279741,,238.36091150481255,199.0574982997097,177.59886712172087,161.85738959048103,216.42871301702672,"rgba(0, 255, 0, 1.0)",5.660007699833893,228.63682931173744,5.122461350911842,66.85937741113861,12.01857736192953,True,False,True,False,True,16.054178932406042,0.0,0.0,0.0,0.0,0,1.0903842235152943,0.8509747096248328,False,False,False,False,0.34133928249749773,0.3355165031436339,False,False,False,False,1091299.0,864383.549878285,False,False,False,False,13992.040407370581,False,False,False,False
2025-09-23 16:00:00+00:00,257.57,258.99,257.27,257.845,10067.0,,,,258.46457079401796,250.53906252970995,248.52070099946746,247.9491227192749,234.66863944200404,218.54421786289845,214.05466344799447,201.03459526635103,198.8158592367842,196.56501790186198,193.6901459677153,187.24523899261817,181.09046739697075,175.8460946880775,171.5151807041086,164.41173056767533,158.45047955573625,155.55922690948168,153.2917859968826,150.2927457634127,143.54160324071984,,,,250.85591066058868,248.8167357453016,248.29424280279272,238.50449425369018,223.85454867418403,215.21526400001525,206.784891335956,197.8245753899125,194.16306865027065,189.08998518178592,186.0443491074579,183.14549205345574,177.69888765691226,172.9725828243298,167.54413235096976,165.15805904381884,161.95112063170689,156.7889669451578,154.57924204219287,145.2962007219097,,238.50449425369018,199.17016088125771,177.69888765691226,161.95112063170689,216.5510344165232,"rgba(0, 255, 0, 1.0)",4.935195316380861,228.7711276829993,5.891129013779651,67.1112070701598,12.410216059868084,True,False,True,False,True,16.18890780355847,0.0,0.0,0.0,0.0,0,1.0923146988500512,0.8593646817716041,False,False,False,False,0.3398517676155255,0.3376841353795797,False,False,False,False,1101366.0,868057.6963918,False,False,False,False,13931.187067721425,False,False,False,False
2025-09-23 17:00:00+00:00,257.84,258.46,252.28,255.95,9344.0,,,,257.89253891385846,250.65383506257712,248.61750338211715,248.0256992563046,234.7948205443892,218.68048982444668,214.1658212454816,201.13557311011252,198.91534059970044,196.6629267301502,193.78639552179627,187.33759878329226,181.18116085126823,175.93515080010397,171.6024907619955,164.49689791554522,158.53398436898723,155.64183290588127,153.3736769857202,150.37360673839007,143.6205618303657,,,,251.01273188323123,248.92994718971713,248.380325871457,238.6192720593301,223.99818578891126,215.33535890049757,206.8879780312329,197.9233588770587,194.25970554663306,189.18303614023628,186.13635555437207,183.23668176045882,177.78865306027686,173.06047325292914,167.63004954154243,165.2434209064899,162.0357229100149,156.87193957248542,154.66155210063664,145.3758416112872,,238.6192720593301,199.26997299703606,177.78865306027686,162.0357229100149,216.6301056571452,"rgba(0, 255, 0, 1.0)",4.847524489437103,228.85263197760005,5.589939376571668,64.51566714059015,12.410216059868084,True,False,True,False,False,14.352127449312391,0.0,0.0,0.0,0.0,0,1.0807844021187873,0.8597993914121491,False,False,False,False,0.3097455546517897,0.3237148450156847,False,False,False,False,1092022.0,871530.0111764232,False,False,False,False,13860.067888376905,False,False,False,False
2025-09-23 18:00:00+00:00,255.715,256.97,254.58,255.72,6200.0,,,,257.6454375734732,250.73002570790044,248.68202633815397,248.07694703690123,234.87847902263712,218.77082872316248,214.23959242313396,201.20260579107722,198.98138155925452,196.72792542312084,193.85029399108927,187.3989176062083,181.24137272677675,175.99427544011238,171.6604565025031,164.55344078876863,158.5894231324539,155.69667487793095,153.4280442244296,150.42729017372545,143.67298199324134,,,,251.11532634426976,249.00512117638422,248.43783519630935,238.69544093305072,224.09335626771642,215.41503244807552,206.95640946877788,197.98893731577581,194.32386075825124,189.24481376454114,186.19743969220036,183.29722338888527,177.84824850115024,173.11882421210026,167.68709057840815,165.30009298070974,162.09189036007572,156.92702499314143,154.71619757015463,145.42871467013293,,238.69544093305072,199.33623308587005,177.84824850115024,162.09189036007572,216.6878652270851,"rgba(0, 255, 0, 1.0)",4.81710525949951,228.9133055815396,5.564896960803715,62.45969476832322,12.410216059868084,True,False,True,False,False,14.129780796490099,0.0,0.0,0.0,0.0,0,1.0854908306364617,0.8627629449838184,False,False,False,False,0.31412822008534064,0.3189215325505127,False,False,False,False,1085822.0,874852.3675922925,False,False,False,False,13741.307145921448,False,False,False,False
2025-09-23 19:00:00+00:00,256.36,257.905,255.78,257.62,11839.0,,,,257.5470468694279,250.9066522900027,248.82486727855473,248.18975388838092,235.0465578340113,218.9483439224679,214.3842752625058,201.33329432886302,199.11003985571136,196.85446412193545,193.97458682476568,187.51799992909795,181.35814903703422,176.10883160625664,171.77268821618495,164.66280530288083,158.69657181896474,155.80263519682035,153.53306154342403,150.53095482537768,143.7741426478804,,,,251.35273454484545,249.17186177574834,248.564925593173,238.85034060283817,224.28116297855544,215.57134448633633,207.09013626924104,198.11665412132186,194.4486690594124,189.36484026343692,186.31603320757256,183.4146889259512,177.96375448579988,173.23182764080394,167.79746680089465,165.40971845895427,162.20049364616187,157.03347038222682,154.82176686435074,145.53076515526104,,238.85034060283817,199.46533287643703,177.96375448579988,162.20049364616187,216.8215769308477,"rgba(0, 255, 0, 1.0)",4.837904162413868,229.0583886476286,5.903715822704645,62.9317006097109,12.410216059868084,True,False,True,False,False,15.380369969805677,0.0,0.0,0.0,0.0,0,1.088311542562146,0.8618708265529431,False,False,False,False,0.32573677268023193,0.3223291526153723,False,False,False,False,1097661.0,878306.7649939624,False,False,False,False,13711.814011876153,False,False,False,False
2025-09-24 14:00:00+00:00,251.41,252.0,246.03,249.21,18402.0,,,,255.6884416054331,250.83119698544422,248.83142225905019,248.20672087985307,235.20961694704718,219.1636940842433,214.5653663649004,201.50617683398184,199.28138717400265,197.02405232491526,194.1423883543075,187.68104526291611,181.51980106348302,176.26867951212574,171.93020722596364,164.81757726117996,158.84911817899717,155.95388868416157,153.6832637027651,150.67958859743032,143.91991986298697,,,,251.22077083997254,249.16901244837288,248.5764079647976,238.9824253971863,224.49855580676402,215.76551296637066,207.26347139247008,198.28723051747446,194.61697100474902,189.52856927124438,186.47878343164487,183.57673589331415,178.12449397794475,173.39013051986998,167.95312856172586,165.5647347157633,162.35458244719587,157.18524871174128,154.9725917873194,145.67764003826395,,238.9824253971863,199.63708872753574,178.12449397794475,162.35458244719587,216.8646302829576,"rgba(0, 255, 0, 1.0)",4.743368863074841,229.07776437946563,4.244290545745973,54.77413214276131,9.874419345707501,False,False,True,False,False,7.70567006816724,0.0,0.0,0.0,0.0,0,1.066292702204268,0.8684903837709667,False,False,False,False,0.24235194945086985,0.28234055103312106,False,False,False,False,1079259.0,881422.3035211877,False,False,False,False,13784.53007370753,False,False,False,False
2025-09-24 15:00:00+00:00,249.2,250.01,244.73,244.73,14406.0,,,,254.33954657735976,250.69520920627946,248.785257034395,248.18148369229868,235.31130045817653,219.3157342738548,214.69527994124817,201.6333258748716,199.40777454364687,197.14948042270382,194.26688075575916,187.80272492149317,181.64098194907277,176.38889457873645,172.04894893129423,164.93463288745843,158.96476260926283,156.0686719015966,153.79733677675225,150.79257955629112,144.03095637295573,,,,251.01508204736618,249.10550260305672,248.54062095577146,239.05755339800882,224.6484468903585,215.9042585363707,207.38982834886994,198.4132027754895,194.74177290965517,189.65057187950282,186.600357602185,183.698043295553,178.24524794730704,173.50937263458079,168.0706957353734,165.68193781385773,162.47123879864148,157.30038044556196,155.08708829290978,145.78945780973305,,239.05755339800882,199.7637200230113,178.24524794730704,162.47123879864148,216.87960883573388,"rgba(0, 255, 0, 1.0)",4.679749370552649,229.0694641652786,3.3464475540646292,46.86737091851857,2.9041038016323384,False,True,False,True,False,4.056606743894989,0.0,0.0,0.0,0.0,0,1.0618977181266451,0.8737138630875986,False,False,False,False,0.22527556448309133,0.2538080577581062,False,False,False,False,1064853.0,884266.1902883011,False,False,False,False,13794.165266363227,False,False,False,False
2025-09-24 16:00:00+00:00,245.22,245.95,243.245,245.805,11219.0,,,,253.38227227739358,250.5595830821524,248.72801389152858,248.14547246758445,235.3788410425804,219.42654393782138,214.7910159843227,201.7285766774063,199.50263373776986,197.24378421239368,194.36066819470707,187.894740501729,181.73288051298334,176.48024623811548,172.1393144156094,165.0238992458126,159.05308260196892,156.15639086433933,153.88455482895813,150.87902222315455,144.11600711526887,,,,250.8180807001564,249.0310810731478,248.49394926833816,239.10350565003492,224.75590302028297,216.0062232754921,207.48394083141497,198.50782508052697,194.8357635373356,189.74274160569055,186.6923485663256,183.78995662734326,178.33694604497575,173.60007561490426,168.16027531468288,165.77129885783498,162.5602566082492,157.3883420446933,155.1746064947425,145.87508084807266,,239.10350565003492,199.85873431525502,178.33694604497575,162.5602566082492,216.88545383025848,"rgba(0, 255, 0, 1.0)",4.641286035473336,229.05570222489732,3.608762236821401,42.7317326653738,-0.46011470621525774,False,True,False,True,False,4.814827832769449,0.0,0.0,0.0,0.0,0,1.0585640318325618,0.8921436624960319,False,False,False,False,0.19677932783494145,0.22529369279652384,False,False,False,False,1076072.0,887239.9237722034,False,False,False,False,13754.240223473875,False,False,False,False
2025-09-24 17:00:00+00:00,246.0,246.075,242.16,243.07,14284.0,,,,252.27249052456344,250.35973180439723,248.63432350813522,248.08328825397078,235.4526472864637,219.55952189125225,214.9071008926882,201.84581122797775,199.6195844130566,197.36023219798784,194.47668533161797,188.00894933387823,181.8472301171907,176.5941191201632,172.25210460482248,165.13551940296864,159.1636616129609,156.26627946675634,153.99386168789016,150.98741426774112,144.22276684892782,,,,250.53588217930172,248.91235910406525,248.41594831614054,239.14898538053012,224.8828601809675,216.12954378090555,207.59917360812656,198.62456628204433,194.95199889189246,189.85704275079368,186.80658745466656,183.90423559459722,178.45118154082778,173.71323950330043,168.27220301968416,165.88301795431977,162.67162718946494,157.49850866230287,155.2842636831586,145.98253032648466,,239.14898538053012,199.97584522872154,178.45118154082778,162.67162718946494,216.88787121228847,"rgba(0, 255, 0, 1.0)",4.684150824425137,229.03188263380375,2.996939657236395,38.551435555894045,-4.000999572893278,False,True,False,True,False,2.660041021284247,0.0,0.0,0.0,0.0,0,1.0514068027210886,0.8912979591836734,False,False,False,False,0.1918789178766417,0.2085863053365828,False,False,False,False,1061788.0,889946.0954966653,False,False,False,False,13762.453553342497,False,False,False,False
2025-09-24 18:00:00+00:00,243.16,243.74,241.91,242.18,20234.0,,,,250.9145406494183,250.04960520226408,248.47731872073774,247.97531482111594,235.54074466730424,219.7365291669624,215.0634218293239,202.0062073760891,199.7798781727008,197.52009999247446,194.63625975955384,188.16659074331332,182.00547572316694,176.75199747381762,172.40869294647487,165.29077317841018,159.31767128969975,156.41941679443596,154.1462540928792,151.1386132381338,144.3718512190213,,,,250.11057043342961,248.71719835889115,248.28329779313933,239.19613310801944,225.04897233015188,216.29512688083045,207.75597180103352,198.7846921922597,195.11182548549718,190.01466958055363,186.96435716311757,184.06225618039682,178.60946315253128,173.87027825794283,168.42776423878314,166.03838147536993,162.82662144001173,157.65199618039782,155.43710736701019,146.13253656956078,,239.19613310801944,200.13631371521555,178.60946315253128,162.82662144001173,216.8886823252698,"rgba(0, 255, 0, 1.0)",4.7402700886690265,228.99485841020737,2.7815169480131376,35.32791240309119,-6.790849169871251,False,True,False,True,False,1.9700410919159062,0.0,0.0,0.0,0.0,0,1.0507394519356243,0.8967703349282297,False,False,False,False,0.1787279980790263,0.19365715170780456,False,False,False,False,1041554.0,892296.6056440038,False,False,False,False,13862.787606779048,False,False,False,False
2025-09-24 19:00:00+00:00,242.075,243.03,239.79,240.33,45484.0,,,,248.54633028781953,249.30685322349433,248.06627491120844,247.68125141240037,235.68907408372053,220.09819667517655,215.38891645634334,202.3485174167368,200.12290868936958,197.86308388659216,194.97959349260296,188.50759216193302,182.3491251121098,177.09580872356483,172.75039037569243,165.63051106990324,159.6553575957317,156.75548430643798,154.48090367853806,151.47091284495755,144.70003855426495,,,,249.1352844685728,248.21822446525798,247.92995340104528,239.25121557153398,225.37906400343377,216.6382627649248,208.08781399208627,199.1277554168277,195.45554340127302,190.35517487177648,187.30591983667958,184.4050013917249,178.95382565593033,174.2127333487098,168.767780771645,166.3782680954643,163.16607862049764,157.9887096129972,155.7726254768984,146.46261629196505,,239.25121557153398,200.47957009197256,178.95382565593033,163.16607862049764,216.88947725578575,"rgba(0, 255, 0, 1.0)",4.83095464331663,228.91037077450716,2.3638452580570815,32.292068077969795,-9.560807523834086,False,True,False,True,False,0.5463345703781393,0.0,0.0,0.0,0.0,0,1.0446019806266573,0.8993668488554574,False,False,False,False,0.16440030971920375,0.17902873071350417,False,False,False,False,996070.0,893905.4954789805,False,False,False,False,14353.038961712706,False,False,False,False
2025-09-25 14:00:00+00:00,234.7,240.03,233.91,239.53,18598.0,,,,247.58781268274237,248.93197608833523,247.8396173179117,247.51301554463575,235.71231398048914,220.22033432863253,215.50323021809007,202.47523628101928,200.2506047015544,197.99141291182582,195.10879073998257,188.6372761457791,182.48083013541657,177.22829389333964,172.88257505282203,165.76264503025337,159.78719024065106,156.88690109374238,154.6119250856871,151.60121194848358,144.82911797824326,,,237.82333333333335,248.65839743822232,247.94878384311122,247.73203498687477,239.23407638055696,225.483155607238,216.75765838735677,208.20850698090163,199.25575838898158,195.58476799860142,190.48432050434144,187.43603176154008,184.53604659610403,179.08628084280386,174.34504504150325,168.8997297366531,166.51039202269254,163.2983171774377,158.12028882765662,155.90389724723212,146.59234100331742,,239.23407638055696,200.60723995089674,179.08628084280386,163.2983171774377,219.07657972592645,"rgba(0, 255, 255, 0.75)",4.93539014404035,230.54556892309688,1.820409494425101,29.89328514795491,-11.87543011523384,False,True,False,True,False,0.0,0.0,0.0,0.0,0.0,0,1.0291559226645839,0.9080384751184959,True,False,False,False,0.11984643703992626,0.1494375838767152,False,False,False,False,977472.0,895201.1002002365,False,False,False,False,14418.852311143517,False,False,False,False
2025-09-25 15:00:00+00:00,239.49,246.21,239.47,245.89,18367.0,,,,247.28515060240963,248.77346193937842,247.75443804623472,247.45241251192695,235.79896431144326,220.38009381680746,215.6451952718076,202.62070487210696,200.3959830159862,198.13641601286156,195.25353525683204,188.78030971216702,182.6244000842095,177.37153846763107,173.02467114224223,165.90354986620605,159.92698203313697,157.02591164191176,154.75026801785714,151.7384846729201,144.96449114831162,,,240.8211483836061,248.46647199209022,247.84664621239196,247.65850808898014,239.2882312359356,225.63369064107874,216.9076522050314,208.35083101180416,199.4009889231899,195.7297351259393,190.62734165966367,187.57917890308786,184.67941636139537,179.2298837017848,174.4875424375248,169.04090949736752,166.65139496503357,163.43898980216343,158.2596131070269,156.04264464981622,146.72854197309172,,239.2882312359356,200.7527720496318,179.2298837017848,163.43898980216343,219.25066024456623,"rgba(0, 255, 0, 1.0)",4.942449469319187,230.72850617940736,3.0676072491401905,35.21671391703516,-11.87543011523384,False,True,False,True,True,4.560834859519158,0.0,0.0,0.0,0.0,0,1.0410770419449413,0.8966882230289687,False,False,False,False,0.1788802611831783,0.16415892252994674,False,False,False,False,995839.0,896761.377716512,False,False,False,False,14480.063903218812,False,False,False,False
2025-09-25 16:00:00+00:00,245.75,247.58,243.66,244.37,16510.0,,,,247.14366854097545,248.6759689098031,247.7063212615078,247.41939551875174,235.88805215960366,220.53000126925002,215.77763290309616,202.75483763971548,200.52986166235138,198.26979445448552,195.38649843959905,188.91137917850605,182.75570799657334,177.50237307942663,173.1543350415193,166.03195581933184,160.05425381830025,157.15242085801455,154.87613207918213,151.86332901450822,145.08751466024663,,,242.1741146953405,248.35329733412595,247.7886420740079,247.61733814860406,239.34987278455478,225.77676125819158,217.0477378152209,208.4826145433852,199.5346612361979,195.862929750077,190.7584860200437,187.71029885754655,184.81061981983714,179.36110368525814,174.6176118604208,169.16963824807883,166.77990689181598,163.56713155749932,158.38642933032526,156.1688977932017,146.85234014080848,,239.34987278455478,200.8868177508384,179.36110368525814,163.56713155749932,219.37043145099113,"rgba(0, 255, 0, 1.0)",4.942449469319187,230.84694830301973,2.7361031773670415,37.70508120456333,-11.87543011523384,False,True,False,True,True,3.382800364729327,0.0,0.0,0.0,0.0,0,1.052433387279324,0.8955245983139233,False,False,False,False,0.20724972235541497,0.18570432244268087,False,False,False,False,979329.0,898041.4958914497,False,False,False,False,14511.535780688286,False,False,False,False
2025-09-25 17:00:00+00:00,244.37,244.62,242.08,242.39,14620.0,,,,246.9101569897316,248.5426623869854,247.6295003824124,247.36306698108075,235.94746466355204,220.649683942401,215.8853337545716,202.86686660053263,200.64201317614305,198.38183463540108,195.49853999245923,189.0224755170981,182.8674943927734,177.61410388644944,173.2653154154559,166.14220385736576,160.1637707838458,157.26138747120936,154.98462098246932,151.971035923078,145.1938436678786,,,242.35787331424234,248.19467761407165,247.69793615767423,247.55021729970895,239.38352278692503,225.88773901858818,217.1611476804649,208.59166728201197,199.64677936571658,195.97511047868676,190.8694776463059,187.8215412055318,184.92216562571167,179.47304596839973,174.72885854362752,169.28001992925857,166.8902127269919,163.67725732694825,158.49561616775406,156.27767807819072,146.9592900566127,,239.38352278692503,200.9990570830282,179.47304596839973,163.67725732694825,219.4159781799204,"rgba(0, 255, 0, 1.0)",4.986659411881551,230.87636826581374,2.308886728207885,38.05105232824178,-11.87543011523384,False,True,False,True,True,1.8698993476229475,0.0,0.0,0.0,0.0,0,1.0426647259226445,0.9032053918931745,False,False,False,False,0.1840621408335989,0.18488323163813988,False,False,False,False,964709.0,899075.1006063109,False,False,False,False,14513.217396491567,False,False,False,False
2025-09-25 18:00:00+00:00,242.485,244.915,240.87,243.89,9543.0,,,,246.77849151556674,248.46195206717684,247.5827724001406,247.32869250220884,235.9867681632095,220.72779542765736,215.95567771282074,202.94000977774135,200.71523508571008,198.4549833226586,195.57168860331345,189.09500733210885,182.9404737847943,177.68704609774602,173.33776828976949,166.21417865992106,160.23526849617298,157.33252623623443,155.05544819184573,152.04135318848643,145.26326207959102,,,242.46445758949656,248.09986275603495,247.6429678111422,247.50929933312779,239.40631433002775,225.9602266247002,217.23519586772971,208.66288028700447,199.71997919327458,196.04834974874976,190.94194187420254,187.8941676989579,184.99498888161162,179.54612617463465,174.80148506647467,169.3520822721266,166.96222528904931,163.7491521201376,158.56689857982195,156.34869531121583,147.02911334434032,,239.40631433002775,201.07233621621955,179.54612617463465,163.7491521201376,219.4471882362549,"rgba(0, 255, 0, 1.0)",4.986886000501589,230.89741814957074,2.6053496809677283,39.77056602601361,-18.203817704450984,False,True,False,True,True,2.9450115363882254,0.0,0.0,0.0,0.0,0,1.0422900731276792,0.9027696057829704,False,False,False,False,0.17941324673193482,0.18214823918503736,False,False,False,False,974252.0,900240.633930244,False,False,False,False,14436.159762437435,False,False,False,False
2025-09-25 19:00:00+00:00,243.96,245.13,243.1,244.51,23037.0,,,,246.57746147757013,248.3129650089114,247.49946594778493,247.26810359246383,236.09306911901007,220.9226120924182,216.13031363428084,203.11994155790381,200.89518426977168,198.63459355971415,195.75111641068688,189.27259301488834,183.1188958305593,177.86519814197553,173.51460202075896,166.38967240980503,160.40947786128422,157.50580940136942,155.22793471493364,152.21255173466363,145.43217861720103,,,242.87227234500457,247.93021222383817,247.54511557957375,247.4364528347238,239.4746610090711,226.14294912706166,217.41918691831034,208.83863533453714,199.89980188108615,196.22802739816248,191.11945040573667,188.07193023585825,185.17310964358433,179.72467419208508,174.97878234363006,169.52786272992768,167.13782788193853,163.92439748754845,158.74055326451617,156.521665762053,147.19903729860854,,239.4746610090711,201.25245208835864,179.72467419208508,163.92439748754845,219.5451689848781,"rgba(0, 255, 0, 1.0)",4.927194995384217,230.9764166235982,2.7467115446171744,41.53770159924791,-16.085181842004914,False,True,False,True,True,3.3890406648783085,0.0,0.0,0.0,0.0,0,1.0444390837388824,0.902804581305588,False,False,False,False,0.1918534189218945,0.18700082905346593,False,False,False,False,997289.0,901745.2597607828,False,False,False,False,14569.506122709721,False,False,False,False
2025-09-26 14:00:00+00:00,245.18,246.4,240.53,241.02,6231.0,,,,246.49488758231686,248.25934027186773,247.4669316716463,247.24367776869514,236.1158141102082,220.9711830914112,216.17451759272652,203.1664611319524,200.9418179855229,198.6812402163941,195.79783024571418,189.31904032774696,183.1657208751016,177.91206551810802,173.5612039424201,166.43603338833745,160.45557855464207,157.5516994638106,155.2736392033754,152.25794654490826,145.47703116149933,,,242.85931723507878,247.86807154774039,247.50726364775815,247.40772047780027,239.48674211991232,226.18744215995025,217.4655862943655,208.88374507951605,199.94644847332165,196.2747879816272,191.16582275855504,188.11845740955334,185.21980632327546,179.77160741555412,175.02548009535647,169.57425282575034,167.1842068223203,163.97072684140198,158.78652732813043,156.5674841542766,147.24414147862157,,239.48674211991232,201.29911190677882,179.77160741555412,163.97072684140198,219.56095814018627,"rgba(0, 255, 0, 1.0)",4.926608447279888,230.98445728995725,2.037008383644463,40.13225022986271,-16.085181842004914,False,True,False,True,True,0.7092312646498655,0.0,0.0,0.0,0.0,0,1.0371289699437092,0.9025922771742515,False,False,False,False,0.1852319460555176,0.18611638755449178,False,False,False,False,991058.0,903129.9534079025,False,False,False,False,14440.226958016547,False,False,False,False
2025-09-26 15:00:00+00:00,240.92,241.81,238.81,238.97,11861.0,,,,246.2396954020751,248.11067859472706,247.37105369133224,247.17011212106442,236.14039707857367,221.05123474707568,216.24944209931044,203.24848289350874,201.02438839307888,198.76415128996902,195.8812219111133,189.40262372696893,183.2504851440459,177.99726042039603,173.64616844032216,166.52090701407383,160.54022035695084,157.63606072569814,155.35773742525618,152.34157181041604,145.55985063891774,,,242.56011488881592,247.69267801975778,247.39638206157082,247.32248692851547,239.48944991955563,226.25725239906285,217.54371869009398,208.96222260796057,200.02918568364996,196.35820608829457,191.24909904711132,188.2022904511934,185.30418328608675,179.856802979361,175.11053787811406,169.6590348246356,167.26907984263704,164.05564822078998,158.87099869221103,156.6517479753082,147.32737735365131,,239.48944991955563,201.38167496309956,179.856802979361,164.05564822078998,219.5608300808187,"rgba(0, 255, 255, 0.75)",4.9926111846866466,230.96224449757787,1.6039213161608783,37.925865333255544,-16.085181842004914,False,True,False,True,False,0.0,0.0,0.0,0.0,0.0,0,1.0334824664968205,0.913347418132107,False,False,False,False,0.15330850258867942,0.16971244507158562,False,False,False,False,979197.0,904309.2874635939,False,False,False,False,14400.238943163577,False,False,False,False
2025-09-26 16:00:00+00:00,238.86,241.11,238.86,239.86,9102.0,,,,246.05909524214692,248.00119188516874,247.29986867957265,247.1152529337457,236.15944485593613,221.1124662291766,216.3068114108451,203.3113142483932,201.08764484400334,198.82767369168363,195.94511803304928,189.46667886790343,183.31545230459054,178.06256364740574,173.71130032270727,166.58597605404736,160.60511665825297,157.70074431987962,155.42222114581568,152.40569528511904,145.62336072556334,,,242.373846553895,247.56453196602124,247.314330942915,247.2590620382699,239.49194059099727,226.31065472962547,217.60352153451922,209.02233150477903,200.0925721262795,196.42212133346828,191.31291630213923,188.26653835602065,185.3688514174831,179.92210441242418,175.17573954796916,169.7240310034713,167.33414778134104,164.12075581382558,158.93576572384185,156.71635763112695,147.39120539179646,,239.49194059099727,201.4449248124456,179.92210441242418,164.12075581382558,219.56383121272148,"rgba(0, 255, 255, 0.75)",5.061192206344895,230.94908246567303,1.7606360657783224,37.50702449367387,-16.085181842004914,False,True,False,True,False,0.0,0.0,0.0,0.0,0.0,0,1.0308796335210557,0.9246133479028324,False,False,False,False,0.15003864735849315,0.15987554621503938,False,False,False,False,988299.0,905611.4535494297,False,False,False,False,14318.095703734683,False,False,False,False
2025-09-26 17:00:00+00:00,239.89,240.6,237.99,239.03,9142.0,,,,245.86720961088818,247.88435262354534,247.2227077701763,247.0554105134619,236.17469782467577,221.1711782275409,216.36236670960344,203.37294077007465,201.14977200342224,198.8901386858774,196.00803728479758,189.5299157174317,183.37970834531166,178.1272362335255,173.77586356170212,166.65055991790362,160.66958723405943,157.76502890083805,155.4863257241876,152.46946493042896,145.68656639803055,,,242.16251783920026,247.42798374630286,247.22566132122685,247.19014136470085,239.49037689792533,226.36099809052067,217.66129649272972,209.08103747709623,200.154861651049,196.48504561278367,191.3758774318257,188.32999058856012,185.43277516529392,179.98674685913664,175.24035251479955,169.78850832437965,167.398722622675,164.18540292107477,159.00012268109515,156.78057690379637,147.45471586881416,,239.49037689792533,201.50703249354368,179.98674685913664,164.18540292107477,219.56269165682843,"rgba(0, 255, 255, 0.75)",5.160067835123859,230.93072491814786,1.5696063192660978,36.64790324971722,-16.085181842004914,False,True,False,True,False,0.0,0.0,0.0,0.0,0.0,0,1.0248792270531402,0.9241020793950848,False,False,False,False,0.14310694843231112,0.15149124732367525,False,False,False,False,979157.0,906751.694579671,False,False,False,False,14237.846157940347,False,False,False,False
2025-09-26 18:00:00+00:00,239.395,241.235,238.57,240.915,10513.0,,,,245.69165519229952,247.7693208914348,247.14698078763377,246.9966175866839,236.1979645827482,221.2420672941655,216.42879599086731,203.4455842754809,201.222899413138,198.96356788948142,196.08189185814547,189.60394607583103,183.45478262195545,178.20269401405523,173.85112205342227,166.72574309399909,160.74456941223912,157.83976519298275,155.560831112495,152.54355446297242,145.75994733408515,,,242.02551348707104,247.2954277221713,247.13889640150532,247.12240064279368,239.4950724742599,226.42302571880978,217.7305231729281,209.15057173974958,200.22813667355106,196.55892275999383,191.44963611764766,188.40424149809985,185.50750697160765,180.0622035745868,175.31569200370296,169.8636088782304,167.47390481743562,164.26062958124558,159.07495545503562,156.85522773476214,147.52846361966635,,239.4950724742599,201.58015294672478,180.0622035745868,164.26062958124558,219.57284668872396,"rgba(0, 255, 255, 0.75)",5.222041470261787,230.9238942540208,1.9132566837846883,38.42006409500318,-16.085181842004914,False,True,False,True,False,0.6678848016152017,0.0,0.0,0.0,0.0,0,1.0216073698253134,0.9281400014706036,False,False,False,False,0.14920911643575818,0.15035018187971672,False,False,False,False,989670.0,908037.2497024668,False,False,False,False,14180.096605104061,False,False,False,False
2025-09-26 19:00:00+00:00,240.92,244.39,240.09,243.86,22915.0,,,,245.5062677249295,247.6108697145539,247.04613572264523,246.9187959653331,236.27906296639034,221.4151874690299,216.5876273723479,203.61379858850358,201.39166470806634,199.13251361028634,196.2512304514252,189.7726188798632,183.62502455775342,178.3732424754735,174.0208260193619,166.8947310856331,160.91272448607603,158.0072051386185,155.72763375451544,152.70927828799307,145.92378985135656,,,242.1269518811227,247.12093826571302,247.0240003121131,247.03206700921743,239.53931862284662,226.58082788373855,217.8968160517883,209.31335928837947,200.39700856867188,196.7284036623499,191.61796709897325,188.57324561043,185.6772211429368,180.23293659304628,175.48570538726372,170.032638721648,167.6429430036732,164.42954955521628,159.2426798837859,157.02242338135576,147.69319757198008,,239.53931862284662,201.74898835211914,180.23293659304628,164.42954955521628,219.64615594286624,"rgba(0, 255, 0, 1.0)",5.2344478201620035,230.97264849232857,2.462026932054236,42.69045549485231,-12.953005097121292,False,True,False,True,True,2.84395539085509,0.0,0.0,0.0,0.0,0,1.0224135588969812,0.9222265180092162,False,False,False,False,0.1727960567212365,0.1615731193004766,False,False,False,False,1012585.0,909658.1450559169,False,False,False,False,14315.521463939658,False,False,False,False
2025-09-29 14:00:00+00:00,249.4,250.14,248.015,249.17,5509.0,,,249.10833333333335,245.56057368906457,247.62221616432248,247.0575212238316,246.9284680175178,236.31695276653758,221.4685984372012,216.63468389803026,203.66052431954395,201.43820585989548,199.17879651774726,196.29727036300656,189.81783226146263,183.6701697206863,178.41812528691494,174.06524354900057,166.93862425868673,160.95616494698496,158.05035868719943,155.7705479904047,152.75182215343543,145.965665001685,,,242.34554163730192,247.13923153695944,247.03712549284526,247.04239911843712,239.57020491373464,226.63295574344136,217.94654968771894,209.3596163163304,200.4434395097025,196.77453710393252,191.6632563812867,188.61844448710744,185.72237740398472,180.27798294425523,175.5302823250354,170.07668327229567,167.6868816271844,164.47332264080373,159.28594941375582,157.06548095519832,147.73534647560726,,239.57020491373464,201.79560047323898,180.27798294425523,164.47332264080373,222.2265311512117,"rgba(0, 255, 0, 1.0)",5.209607904875307,233.11134391223445,3.082507624563716,49.514492376314166,-6.568768946976739,False,False,False,False,True,6.531767217861411,0.0,0.0,0.0,0.0,0,1.0267602862439287,0.9210757966466792,False,False,False,False,0.24300343009328748,0.20228827469688204,False,False,False,False,1018094.0,911339.3211015615,False,False,False,False,14178.986247444469,False,False,False,False
2025-09-29 15:00:00+00:00,249.17,249.31,245.695,247.13,19027.0,,,247.7667654331051,245.65054105082626,247.61599655311838,247.06352420168022,246.9352283867055,236.42864415607997,221.64004758123923,216.7875629055821,203.81505509237834,201.59244556881498,199.33247540436483,196.45047928181936,189.9689207799592,183.821505065672,178.56892153240284,174.21472227636707,167.08667863656757,161.1029331544468,158.1962629079003,155.9157208424075,152.8958389232934,146.10761101043568,,,242.83667602684105,247.1465986239782,247.0443884015622,247.04807530752814,239.656290077688,226.7974378289092,218.10763869463864,209.51163762099765,200.5974475983513,196.9280032198227,191.8144350847646,188.7695848493791,185.87360175243,180.4292129352473,175.68021773208437,170.22510613729435,167.83505642011278,164.6210755996821,159.432201721678,157.21109480565238,147.87817167468282,,239.656290077688,201.9500253581514,180.4292129352473,164.6210755996821,222.29223598920535,"rgba(0, 255, 0, 1.0)",5.1930212612540485,233.1572136125018,2.6906853803490764,52.050491849903295,-4.324511435857957,True,False,True,False,True,4.930303633168968,0.0,0.0,0.0,0.0,0,1.022864565078449,0.920922417170072,False,False,False,False,0.2266461183039446,0.21446719650041332,False,False,False,False,999067.0,912699.4401542505,False,False,False,False,14254.149251360059,False,False,False,False
2025-09-29 16:00:00+00:00,247.17,247.2,245.61,246.07,8814.0,,,247.37735522238881,245.66494817095915,247.60055348905394,247.05690556046295,246.93079085082155,236.4745713403591,221.71538672434625,216.8553743288317,203.88449604687378,201.66185971010614,199.401733272773,196.51963478773774,190.03732431456498,183.8901730969469,178.63745460963355,174.28273607158152,167.1541539690256,161.1698998226632,158.26286932720885,155.982018459378,152.9616398654052,146.17252795011854,,,242.9861785883111,247.1345913368021,247.03705501205837,247.04221368590794,239.69001464211712,226.8687807704301,218.1789208891607,209.5796421405957,200.66680101836613,196.99725715935128,191.88282678159268,188.8380441150571,185.94217189411364,180.4979057922705,175.74841354070756,170.29270384416748,167.90257606951397,164.6884468023775,159.4989528637867,157.2775796610207,147.94347489043489,,239.69001464211712,202.01950646328973,180.4979057922705,164.6884468023775,222.32333039836118,"rgba(0, 255, 0, 1.0)",5.157562847173003,233.17939602530592,2.499359553468118,52.73312701103576,-3.641854515389312,True,False,True,False,True,4.106446867920543,0.0,0.0,0.0,0.0,0,1.045591320378886,0.9203131953126654,False,False,False,False,0.21531851348868813,0.21489285499455074,False,False,False,False,990253.0,913901.8209270528,False,False,False,False,14169.805852114167,False,False,False,False
2025-09-29 17:00:00+00:00,246.02,248.05,245.17,247.4,7653.0,,,247.28328211756866,245.6880156406029,247.5932550807464,247.05554597147744,246.9304480165039,236.51643861038198,221.78196443990302,216.91515626150698,203.94542828607604,201.72273681164543,199.4624446188152,196.58022340189856,190.09719392034174,183.95022671863234,178.69735712005436,174.34216172422606,167.2130768169622,161.2283557562468,158.32100106307746,156.03987354990664,153.01905278577408,146.22915181955057,,,243.1268715218988,247.13143767731444,247.03567865405023,247.04108248879916,239.72156785827926,226.9321411266026,218.24179266167863,209.63941491847743,200.72761184264075,197.0579370367456,191.94270216662684,188.89795246187046,186.0021546801304,180.5579589123872,175.80800564749498,170.35174723611257,167.96154075531618,164.74726875248473,159.557214986804,157.3356021505985,148.00043993852373,,239.72156785827926,202.08044700981233,180.5579589123872,164.74726875248473,222.3627329436981,"rgba(0, 255, 0, 1.0)",5.148270581661259,233.21412210586254,2.7554647078320276,54.25210091073225,-2.019764818630314,True,False,True,False,True,5.029810991968937,0.0,0.0,0.0,0.0,0,1.050623351204153,0.9002106203727341,False,False,False,False,0.21743016389628372,0.21616150944541723,False,False,False,False,997906.0,915204.2113002767,False,False,False,False,14068.770102468987,False,False,False,False
2025-09-29 18:00:00+00:00,247.315,248.095,246.83,247.66,10186.0,,,247.33204438453578,245.73361541879623,247.59239930179007,247.06016104183016,246.9351587864537,236.57513426419183,221.87233242914527,216.99608811584628,204.02749386467556,201.80468100348727,199.54412284614867,196.66168720957822,190.17760090041222,184.03080973178882,178.777687713271,174.42181829950272,167.29201077569627,161.30663001007824,158.3988265313929,156.11731788994703,153.09589204016922,146.3049082645975,,,243.32916225236278,247.13771351108844,247.0411300458141,247.04538804292545,239.76694424519934,227.0186022139963,218.32695228228812,209.72006907757776,200.80944738213626,197.1395310714539,192.02314107510117,188.97839644606054,186.08266478815727,180.63850793329723,175.8878965143725,170.4308632599599,168.04053548367494,164.82605254875918,159.63522116440856,157.41327661209172,148.07665927033938,,239.76694424519934,202.16248364712365,180.63850793329723,164.82605254875918,222.4259598885158,"rgba(0, 255, 0, 1.0)",5.144766060749176,233.2737598505067,2.7962865521233007,55.47917680805111,-0.5985277717488344,True,False,True,False,True,5.21113196408098,0.0,0.0,0.0,0.0,0,1.0538313562039117,0.8983114246019024,False,False,False,False,0.22623227820485559,0.2211968938251364,False,False,False,False,1008092.0,916644.3320553112,False,False,False,False,14008.572116384195,False,False,False,False
2025-09-29 19:00:00+00:00,247.41,247.45,245.64,246.23,11730.0,,,247.16574039638266,245.75321229200028,247.5751676953893,247.053267274877,246.93070642826578,236.6353169813762,221.97123441958524,217.08545585443662,204.11926211096545,201.89644637663582,199.6357131078789,196.75317690840654,190.268165665542,184.1217686677862,178.86850215786802,174.51197231870276,167.3814872399028,161.39545783770902,158.48718847453438,156.20527913872635,153.18320596418909,146.39107118963133,,,243.48553197947643,247.12523595390837,247.03356644734347,247.03928975887806,239.81131334422045,227.11203819637566,218.42077674241582,209.80986310308933,200.90114664254227,197.23114453414016,192.1136743645026,189.06904424885792,186.1734804847393,180.72952157841257,175.97828277756798,170.52048773784264,168.13006731120117,164.9154013862223,159.7237701545283,157.50148115335372,148.16332853353092,,239.81131334422045,202.25433169464415,180.72952157841257,164.9154013862223,222.47981963309968,"rgba(0, 255, 0, 1.0)",5.146136413077169,233.31889902655521,2.5088920963376657,54.650975628035724,-0.5985277717488344,True,False,True,False,True,4.0612969225629065,0.0,0.0,0.0,0.0,0,1.0560398906224866,0.8950297571175807,False,False,False,False,0.21676041034377588,0.21897865208445616,False,False,False,False,996362.0,917880.2648916629,False,False,False,False,13973.245416905369,False,False,False,False
2025-09-30 14:00:00+00:00,244.065,244.065,239.81,241.98,16077.0,,,246.10458966276772,245.61395896655387,247.46223334936403,246.97670783611994,246.87009163119046,236.67940137462833,222.0808729785995,217.18847049625285,204.23112432859182,202.00899606336026,199.74868353910492,196.86674865623914,190.38193961928633,184.23705812052978,178.98433464669557,174.62748270558356,167.4968508190294,161.51049405921054,158.60184297867139,156.3195769996875,153.29686549437884,146.50363741394588,,,243.38666873801455,247.0014609018897,246.94741402423955,246.9700045219573,239.83064230534902,227.20924785477501,218.5279216355735,209.9172298214973,201.0139030468372,197.34475475559307,192.22705873615385,189.18313791242883,186.28827140931472,180.84536297389525,176.093922307304,170.6357413007692,168.24543271062075,165.03081992667828,159.83857477908057,157.6160031264753,148.27645481653798,,239.83064230534902,202.3668756133761,180.84536297389525,165.03081992667828,222.4709305102547,"rgba(0, 255, 255, 0.75)",5.1811921981925515,233.27819091560337,1.679499379975177,50.1806066494463,-0.5985277717488344,False,False,False,False,False,0.7673993360778475,0.0,0.0,0.0,0.0,0,1.0444699408271452,0.89604912303067,False,False,False,False,0.169733427355021,0.19435603971973858,False,False,False,False,980285.0,918847.7801646603,False,False,False,False,14005.861767030867,False,False,False,False
2025-09-30 15:00:00+00:00,242.24,243.71,242.02,242.555,17476.0,,,245.49901579387455,245.5047347400867,247.3618115957088,246.9090522404281,246.81643344782594,236.7337359906231,222.20349822246146,217.3031167933824,204.35456776632128,202.13309092192682,199.87314610340837,196.99176402281407,190.50698083600756,184.36361115476205,179.11137869195895,174.75410194281002,167.6232088456682,161.63642389094124,158.72732550727514,156.44464774206858,153.42121164685602,146.626734422982,,,243.3457467220659,246.89399403402146,246.87167475655272,246.90861539366887,239.85913522794493,227.31920914543502,218.64727822500717,210.03605929603899,201.13818212237203,197.46982889066362,192.3517241220464,189.30849792358254,186.41432453699397,180.97245109072725,176.2207060729935,170.76202111221141,168.37180239901193,165.15720740806827,159.96423392319386,157.7413311102579,148.40017669102747,,239.85913522794493,202.4909798882825,180.97245109072725,165.15720740806827,222.49363577337078,"rgba(0, 255, 255, 0.75)",5.209880211659054,233.27430404040916,1.7813645578302968,47.84002661053606,3.6886286487539053,False,False,False,True,False,1.1919239556142536,0.0,0.0,0.0,0.0,0,1.0481536157694065,0.8967256815743916,False,False,False,False,0.1791340512659823,0.18674504549286045,False,False,False,False,997761.0,920071.2409373012,False,False,False,False,14059.662359790078,False,False,False,False
2025-09-30 16:00:00+00:00,242.89,243.38,241.74,241.88,6553.0,,,245.29765964571703,245.45984132710342,247.32184960557407,246.88167729052864,246.79458525672348,236.75243048989088,222.24815491023645,217.34512250202462,204.4001379150518,202.17893982153487,199.91916627729586,197.038028761819,190.55333088084228,184.41057691940753,179.15856649368743,174.8011610286022,167.67021071304615,161.68329461880248,158.7740421176427,156.4912201832136,153.46752571974503,146.6726058600536,,,243.321486326049,246.85105547557671,246.84108988400823,246.88372522722588,239.86812130173968,227.3589091128331,218.6909414098627,210.07981529273655,201.1841150914688,197.51610885292266,192.39791580679127,189.35497778706107,186.461087711554,181.01964169299166,176.2678169133852,170.80897749276852,168.41880479099862,165.2042322195045,160.0110111375122,157.78799418168657,148.44627516122006,,239.86812130173968,202.53682620642925,181.01964169299166,165.2042322195045,222.50156745010474,"rgba(0, 255, 255, 0.75)",5.245634437193028,233.27216496191127,1.6409521367056659,45.6848131704178,1.5292328968517666,False,False,False,True,False,0.6735274840682877,0.0,0.0,0.0,0.0,0,1.046081388580198,0.8957083134889136,False,False,False,False,0.17603936154890718,0.1813922035208838,False,False,False,False,991208.0,921174.1364266453,False,False,False,False,13943.279997622789,False,False,False,False
2025-09-30 17:00:00+00:00,241.64,243.455,241.15,242.95,13667.0,,,244.97214416298175,245.37548876043007,247.24353124976386,246.82790468289747,246.751558222128,236.79230027690383,222.34150873918392,217.43292319455207,204.49529026082814,202.27466602203117,200.01524337626256,197.13460865739535,190.65007714142467,184.50859678395352,179.2570430604297,174.8993656217683,167.768290637847,161.78109751115178,158.87152228196717,156.5883987643004,153.56416447638404,146.76831917022471,,,243.28325746204115,246.7676166068983,246.78117404554604,246.83475113114744,239.88804508833215,227.44205053482335,218.7821983085637,210.17121406221634,201.28001372179776,197.61272138108333,192.49433533291315,189.45199251788466,186.5586883140636,181.1181259446588,176.36613055254654,170.9069649826539,168.5168863378009,165.30235826005037,160.10861825255157,157.88536226711162,148.54246229471826,,239.88804508833215,202.63254796184495,181.1181259446588,165.30235826005037,222.5238645976012,"rgba(0, 255, 255, 0.75)",5.221265320740397,233.27489700261953,1.8530188379717303,45.58997554796643,1.2074255680464887,False,False,False,True,False,1.4826179050094836,0.0,0.0,0.0,0.0,0,1.0446148336949426,0.8960567059170474,False,False,False,False,0.17342922982548178,0.1774107166731828,False,False,False,False,1004875.0,922471.8242339842,False,False,False,False,13938.996586806932,False,False,False,False
2025-09-30 18:00:00+00:00,242.89,244.095,242.46,243.58,8756.0,,,244.86089960249134,245.33945860272883,247.20357399731046,246.8008822855793,246.72995266951173,236.82134808458704,222.40339692829943,217.49077048918454,204.55737515940956,202.33706174535516,200.0778102528433,197.19743738721937,190.71289476448385,184.57214970914,179.32082855170697,174.9629308236887,167.83171364177073,161.84429845165377,158.93449632240888,156.6511645445272,153.62656511625877,146.83008901605754,,,243.2860709831794,246.7263097155275,246.75122275600268,246.8100855319422,239.90477518276072,227.4978501254916,218.84240216345438,210.23104968927868,201.34249572435877,197.6755813808722,192.55697207553635,189.51496508015086,186.62199763439207,181.1819374060503,176.4297805303031,170.9703539676747,168.58031630756804,165.36579232558114,160.1716819728163,157.9482579784954,148.60454592892972,,239.90477518276072,202.69495033569743,181.1819374060503,165.36579232558114,222.54690569510237,"rgba(0, 255, 255, 0.75)",5.149833183690186,233.28752811097064,1.9986029686604636,46.318589285448695,1.2074255680464887,False,False,False,True,False,1.9603046457868665,0.0,0.0,0.0,0.0,0,1.0472116969130816,0.8950699568608104,False,False,False,False,0.183324911063767,0.1803678138684749,False,False,False,False,1013631.0,923885.1447884961,False,False,False,False,13858.640050577367,False,False,False,False
2025-09-30 19:00:00+00:00,243.6,247.33,243.35,246.285,40563.0,,,245.0549294825845,245.36379609400112,247.13280153454411,246.76075480502345,246.69897598683923,236.99822449828505,222.7160235371747,217.77869722921253,204.85913827520613,202.63956004348233,200.38043390273313,197.50052378839888,191.0144573159428,184.87611256288392,179.62511632266558,175.2656177715784,168.13295656345232,162.14394988100867,159.23284166885054,156.94835444202232,153.92181855076709,147.1219396614267,,,243.57167320552833,246.6690563466507,246.70827504570093,246.773121548298,240.0296882880828,227.78766986494395,219.14302627283666,210.52430085832347,201.64509295235902,197.97894238410575,192.8580514982223,189.81703280617143,186.9251440136534,181.4866101362989,176.73304829065026,171.27175640754206,168.88166617283173,165.66685372533655,160.4705484158616,158.2461578429885,148.89798050774925,,240.0296882880828,202.9975978668413,181.4866101362989,165.66685372533655,222.73616990258608,"rgba(0, 255, 0, 1.0)",5.094150018838393,233.44833608189415,2.519883370264968,49.82745024031275,1.2074255680464887,False,False,False,False,True,3.982029519423307,0.0,0.0,0.0,0.0,0,1.0486733493634783,0.8892046341691907,False,False,False,False,0.20437815970670167,0.1923729867875883,False,False,False,False,1054194.0,925905.4371173566,False,False,False,False,14272.66113506454,False,False,False,False
2025-10-01 14:00:00+00:00,242.3,247.22,242.28,246.5,11912.0,,,245.07356870668772,245.363121385492,247.10897059237712,246.74622481515755,246.68751617496605,237.04694921473086,222.80497583794607,217.86117397927848,204.94622396969322,202.72693452328804,200.46791649546586,197.58822153155927,191.10187072291598,184.96433312479715,179.71351318356727,175.35361111749518,168.22061382951432,162.2312035401991,159.31974154895207,157.03493746623633,154.00786232658788,147.2070405774369,,,243.63191196705344,246.64841709083728,246.69263593808384,246.75971689555178,240.06330773175483,227.86953023933077,219.22897758466198,210.60871881048132,201.73252844767626,198.06670589806407,192.9452862459495,189.90461606353506,187.01309312085917,181.57509036601635,176.8211905281188,171.35942592440952,168.96934656053656,165.7544831945663,160.55758904320518,158.33293655047925,148.98353034093805,,240.06330773175483,203.08500291752688,181.57509036601635,165.7544831945663,222.78704083450154,"rgba(0, 255, 0, 1.0)",5.042930956363315,233.48977036471706,2.57989445976179,52.3866512816784,-2.8934950941149182,True,False,True,False,True,4.141104761557187,0.0,0.0,0.0,0.0,0,1.04597298494699,0.8905591559598998,False,False,False,False,0.19833817329272313,0.1953555800401557,False,False,False,False,1066106.0,928079.089255072,False,False,False,False,14236.061737621678,False,False,False,False
2025-10-01 15:00:00+00:00,246.47,249.4,246.2,249.18,12427.0,,,245.28159487785658,245.4285455406775,247.12465636728044,246.7621310908704,246.70116272310975,237.1149169762772,222.9089901537063,217.9558023283795,205.04323084352893,202.82394135678393,200.56474889419758,197.68495581323447,191.1976691533475,185.060542325389,179.8095803295921,175.4490027906565,168.31531159452024,162.32523350173025,159.41328998040228,157.12807108215358,154.1003247176662,147.29830691001922,,,243.79132162196373,246.67398333807787,246.711016387136,246.77414847884367,240.11715625365656,227.9682954682909,219.32803147038294,210.70373702067053,201.82946966731146,198.1635653884932,193.04105073188617,190.00050068030106,187.1091529440358,181.67136001473347,176.9168201033755,171.45427451191736,169.06410105251894,165.84905051557357,160.65133087361033,158.42632211880616,149.07532324062484,,240.11715625365656,203.1820929792485,181.67136001473347,165.84905051557357,222.86778490505057,"rgba(0, 255, 0, 1.0)",5.002543243283129,233.56719319534153,3.120973881759374,56.59387251530045,1.0966170112570381,True,False,True,False,True,6.104006508047306,0.0,0.0,0.0,0.0,0,1.053696633468786,0.886813310541777,False,False,False,False,0.22972646047360212,0.21254102025687893,False,False,False,False,1078533.0,930411.7080263111,False,False,False,False,14208.01426882134,False,False,False,False
2025-10-01 16:00:00+00:00,249.18,250.69,248.69,249.78,12771.0,,,245.56065451135038,245.5258889072424,247.16050173214947,246.7937305784506,246.72784843664815,237.19295145702299,223.02110715198265,218.05709402124486,205.1458240001909,202.9263933860736,200.66688749452578,197.78684253716625,191.2982958497479,185.1613875691773,179.91012641019518,175.54873585568672,168.41417060765687,162.42329056707186,159.51079962255008,157.22511506626648,154.1966282376761,147.39328189084142,,,243.99400700467575,246.72284653956586,246.74684764088428,246.80298468210006,240.1815541059142,228.07603430624633,219.43422705361587,210.80466381514375,201.93179386827697,198.2656070559164,193.14171427293337,190.1011729916385,187.20990788842442,181.77216825400689,177.0168362078599,171.5533534567761,169.16303367468976,165.9477277567777,160.749061048827,158.52364734689465,149.17086642315533,,240.1815541059142,203.28465437746536,181.77216825400689,165.9477277567777,222.9626989360283,"rgba(0, 255, 0, 1.0)",4.959451526273669,233.66148315901714,3.250060365665811,59.89531191047516,4.14885284499595,True,False,True,False,True,6.537266711127515,0.0,0.0,0.0,0.0,0,1.0662594130190681,0.8834279356772736,False,False,False,False,0.24861530606280616,0.23057816315984253,False,False,False,False,1091304.0,932906.162165438,False,False,False,False,14185.734977831862,False,False,False,False
2025-10-01 17:00:00+00:00,249.6,251.01,249.485,249.78,9444.0,,,245.7619617763978,245.6012111641568,247.19013614683715,246.81958036379487,246.74969449145482,237.25173215201397,223.10456086707256,218.13245786354625,205.22201793056556,203.00246744688485,200.74271538681438,197.86246766285237,191.3729577726967,185.23618748488693,179.98468806893618,175.62268385122653,168.48745483284836,162.49596929429498,159.58306802528614,157.29703502211186,154.26799545704492,147.4636562166142,,,244.1443613034503,246.76234107289596,246.77604464366036,246.82661925670578,240.23045680121243,228.1563782995302,219.5132391972693,210.87967237277337,202.00776690260383,198.34134940333794,193.2164115626064,190.17586365892325,187.28464839512512,181.84692954946848,177.09099753633294,171.62680755483254,169.23637401333178,166.02087225487534,160.82149483030506,158.59577758764948,149.2416635908037,,240.23045680121243,203.36081173824985,181.84692954946848,166.02087225487534,223.0337786200023,"rgba(0, 255, 0, 1.0)",4.9590929150962,233.7322968262249,3.2360158296134256,62.0962715072583,6.200084565401042,True,False,True,False,True,6.537266711127515,0.0,0.0,0.0,0.0,0,1.065245857692268,0.8823141245733963,False,False,False,False,0.25223633975546517,0.24140725145765385,False,False,False,False,1091304.0,935361.9425969817,False,False,False,False,14112.219706857724,False,False,False,False
2025-10-01 18:00:00+00:00,249.86,250.535,249.0,250.34,16474.0,,,246.06379257826543,245.72309046638273,247.23810990671035,246.86191707598243,246.78563730313343,237.351944684609,223.24819829165511,218.26253139311953,205.35392004695356,203.13421027433293,200.87407732352708,197.9935296467023,191.50244953012492,185.36598846532877,180.11412736228723,175.75109693742903,168.6147683073677,162.6222686262418,159.70867120981086,157.4220451648606,154.3920607681595,147.58602656785214,,,244.3841226300322,246.8263906190188,246.82377396176068,246.8653932473507,240.31347876000433,228.2942911784343,219.64949978849893,211.00939050105293,202.13935527490037,198.47260580911498,193.3459402830086,190.30541999144407,187.4143245590701,181.97669732024795,177.21976836676356,171.75439448013037,169.3637798965568,166.1479588342642,160.94737841103225,158.72114611736203,149.3647608867273,,240.31347876000433,203.49269084420706,181.97669732024795,166.1479588342642,223.1529228226448,"rgba(0, 255, 0, 1.0)",4.967136396556749,233.84981948291647,3.319856593532368,64.09834245744887,8.14197005736488,True,False,True,False,True,6.953127170121807,0.0,0.0,0.0,0.0,0,1.061628616017446,0.8872949760740825,False,False,False,False,0.24383359755450304,0.24262042450607846,False,False,False,False,1107778.0,938035.0597660206,False,False,False,False,14148.836455588611,False,False,False,False
2025-10-01 19:00:00+00:00,250.34,252.21,250.21,251.82,49586.0,,,247.01583323463436,246.1649796118021,247.4451065181325,247.03949254733854,246.93658076853671,237.67800041962218,223.69446836281264,218.66538996704304,205.75908582473375,203.5385108110436,201.2768688446747,198.39500558187646,191.89839819762565,185.7622908686979,180.50891626791636,176.1424772836332,169.00239781536172,163.00652895369493,160.09069422965482,157.8021772198502,154.76921390890018,147.95780877081597,,,245.16029360328744,247.08733995855974,247.02201806873825,247.02878976668248,240.5914736662049,228.72625558082686,220.07171548334557,211.4090840499563,202.5430274777363,198.87473571662255,193.74220055281086,190.7014413187933,187.81043097161435,182.37262173761866,177.61232913160575,172.14302788862386,169.7517298516226,166.53477256624467,161.33030441180264,159.1024167634103,149.7388020072626,,240.5914736662049,203.8974641543801,182.37262173761866,166.53477256624467,223.53864383733764,"rgba(0, 255, 0, 1.0)",4.985170457116112,234.2367894420528,3.5271031771537364,66.75821460597209,10.735591193774034,True,False,True,False,True,8.049839261117434,0.0,0.0,0.0,0.0,0,1.0587651872055543,0.8874390445491362,False,False,False,False,0.2579886004636214,0.2503045124848499,False,False,False,False,1157364.0,941435.5084518187,False,False,False,False,14698.249843874059,False,False,False,False
2025-10-02 14:00:00+00:00,248.2,251.11,247.72,248.59,9842.0,,,247.08830616673654,246.21013959215364,247.46162223832755,247.0556337074557,246.9507539825442,237.7305118775973,223.77424175463403,218.73871879498273,205.8346959106095,203.61418137894108,201.35246338039573,198.47058914650316,191.97338760154045,185.83768112964236,180.58426021231546,176.21734706825276,169.07679410569813,163.0804519616851,160.16426308458077,157.87543830526246,154.84197139082502,148.02967036023736,,,245.24564500500466,247.11025907017893,247.0400220401735,247.04373827493913,240.6337582010915,228.80168095307826,220.14820481289047,211.4830229744056,202.61867376030182,198.9504040994539,193.81713424905277,190.77651481188516,187.885679781355,182.44809984293494,177.68736746343313,172.21751535513224,169.82616408560642,166.60908647694785,161.40401531343977,159.17586543261166,149.81106442396396,,240.6337582010915,203.97318805176386,182.44809984293494,166.60908647694785,223.5969721513951,"rgba(0, 255, 0, 1.0)",4.985464003816507,234.29112036399906,2.8681141063409084,62.90205694163752,10.735591193774034,True,False,True,False,False,5.172285440389182,0.0,0.0,0.0,0.0,0,1.0490098245975001,0.8920734530116762,False,False,False,False,0.23418768523228745,0.24224609885856868,False,False,False,False,1147522.0,944630.6478556665,False,False,False,False,14622.959148620197,False,False,False,False
2025-10-02 15:00:00+00:00,248.59,253.1,247.5,252.895,9935.0,,,247.22403566329984,246.28491786672748,247.4976955968146,247.0872647896635,246.97794120117123,237.79235558202816,223.86065152630374,218.8172902209899,205.91431014934304,203.6936990427766,201.43175378175653,198.54969902740436,192.05156097611012,185.9160307462615,180.66239010014792,176.29486311211213,169.15364933314558,163.1566977458505,160.24009130132558,157.95091081024293,154.91687743545404,148.10355828388592,,,245.3710794100061,247.15545098974073,247.07511673638788,247.0729857260753,240.6860810396101,228.8847805207978,220.23037434754517,211.56136509798452,202.69809920412803,199.0296293203096,193.89533192008207,190.85472493104552,187.96395755666816,182.526426470253,177.765097537363,172.294536232496,169.90307500469368,166.68580440508092,161.48001180060257,159.25155284663126,149.88538813775082,,240.6860810396101,204.05278639717076,182.526426470253,166.68580440508092,223.6679277867241,"rgba(0, 255, 0, 1.0)",5.017829020711831,234.3608291719695,3.693663285761229,64.21459510627912,10.735591193774034,True,False,True,False,False,8.314671308067688,0.0,0.0,0.0,0.0,0,1.045184450330855,0.8931650592675169,False,False,False,False,0.22738247250275392,0.23481428568066132,False,False,False,False,1157457.0,947930.2812222452,False,False,False,False,14550.277611432288,False,False,False,False
2025-10-02 16:00:00+00:00,252.895,253.17,251.82,252.37,6935.0,,252.45333333333338,247.3428066584353,246.34922290368573,247.53116313625205,247.11594265252302,247.00248757711176,237.83931499013465,223.92347717460152,218.87408612811348,205.97129584638517,203.7505500272474,201.48838190477093,198.60612875238527,192.10719324596738,185.9716880795099,180.71781996240242,176.3498066902866,169.20805333673871,163.21061992878606,160.29369629920583,158.0042482372417,154.96979460612775,148.15571604997524,,,245.47431166837615,247.19635000686452,247.1068683045595,247.09950738408546,240.72674988143268,228.94575512480472,220.2898522365425,211.61764075290384,202.75485692515844,199.08615221498187,193.95101563797988,190.91036220781461,188.01959518270002,182.58201988716226,177.82020927965874,172.34908743071531,169.95752533555614,166.74008935053772,161.53374490902416,159.30505122006116,149.9378634203309,,240.72674988143268,204.10970512999438,182.58201988716226,166.74008935053772,226.18417777874544,"rgba(0, 255, 0, 1.0)",5.041875895890966,236.45742343356295,3.1560825563765866,64.3223000048771,10.735591193774034,True,False,True,False,False,7.850703384360475,0.0,0.0,0.0,0.0,0,1.0495631088256199,0.9051172707889126,False,False,False,False,0.2579654804990071,0.2463898830898342,False,False,False,False,1150522.0,951071.2381025205,False,False,False,False,14432.2112918752,False,False,False,False
2025-10-02 17:00:00+00:00,252.37,253.135,251.77,251.77,5567.0,,252.35165906788248,247.43022647398124,246.39798610220805,247.55647236565085,247.13776728447345,247.0212144945926,237.87620848192142,223.97330836943664,218.91923078578375,206.01671543573076,203.7958772289334,201.5335454240872,198.65114999728513,192.15160868951088,186.01614588594262,180.7621123872217,176.393722597126,169.25155455173476,163.25374768148632,160.33657558595488,158.04691736059064,155.01213239324554,148.19745586949767,,,245.55238714042449,247.227320896813,247.13100955562686,247.11970897607264,240.7585618122862,228.99400083651116,220.33710103716354,211.66245153584734,202.80011609551264,199.131245159532,193.99546444004727,190.95478635653882,188.0640302756503,182.62643738356755,177.86425568021895,172.3926994809182,170.00106199625202,166.78350038412682,161.57672449382733,159.34784690873948,149.97985484239751,,240.7585618122862,204.15508393689814,182.62643738356755,166.78350038412682,226.22089350749258,"rgba(0, 255, 0, 1.0)",5.018902142075345,236.49259911343051,3.04397265658824,63.48191695672031,10.735591193774034,True,False,True,False,False,7.316117825220587,0.0,0.0,0.0,0.0,0,1.0457734995528905,0.9035295355320604,False,False,False,False,0.2573689974288895,0.2518794402593619,False,False,False,False,1144955.0,954077.1878993806,False,False,False,False,14294.766155567057,False,False,False,False
2025-10-02 18:00:00+00:00,251.835,252.125,251.21,251.61,3960.0,,252.1824712469121,247.48327700742755,246.42879900369815,247.5721068370749,247.15143177663936,247.03298689663146,237.90128704066043,224.00792699999943,218.95071469954215,206.048567183295,203.8276851614523,201.5652579777066,198.6827849558643,192.18286010690335,186.04745883929573,180.7933317677827,176.42469324955826,169.28225586687168,163.2842018421657,160.36686150327557,158.07706016520862,155.04204778181227,148.22696199988275,,,245.6021291509291,247.24660500130153,247.14611553132173,247.1323701606321,240.77995114052294,229.02734925841526,220.37001947039874,211.6938145398515,202.83188509699283,199.16292689704096,194.02672844872177,190.98605058106443,188.09531732696848,182.65773711360785,177.89531295179026,172.4234693846205,170.0317860935524,166.81414509563865,161.6070782407053,159.37807611568238,150.0095354676659,,240.77995114052294,204.18692477637143,182.65773711360785,166.81414509563865,226.24152206359744,"rgba(0, 255, 0, 1.0)",5.012283490866172,236.51079972786002,3.0124394000569,62.662901012731524,10.735591193774034,True,False,True,False,False,7.171844276581194,0.0,0.0,0.0,0.0,0,1.0427690618467451,0.9033552228721045,False,False,False,False,0.24638329286671284,0.24913136656303736,False,False,False,False,1140995.0,956975.138474584,False,False,False,False,14134.537222922607,False,False,False,False
2025-10-02 19:00:00+00:00,251.61,252.295,250.9,250.95,20838.0,,251.73509414655942,247.7252613975093,246.57717142514858,247.64719175799624,247.21780901373728,247.09043781239933,238.0292319275394,224.18693297231755,219.114050859997,206.21446909519693,203.99343859198086,201.73058918730618,198.84779665053728,192.34603439550935,186.21107254456228,180.956543329986,176.5866692384492,169.44291186822153,163.44362763851206,160.52543463344242,158.23490480899147,155.19872782783798,148.38155030711667,,,245.84007470908966,247.33938725487548,247.21935795343737,247.19397902023456,240.88840616572412,229.19917773441472,220.54063897845256,211.85694708831272,202.9974694266446,199.32816839465505,194.1899275976596,191.149316598181,188.25875891123636,182.8213386739653,178.0577209158669,172.58444783056274,170.1925527967238,166.97453158604068,161.76599481732885,159.53636141200795,150.1650244049702,,240.88840616572412,204.35283671834333,182.8213386739653,166.97453158604068,226.3619617422894,"rgba(0, 255, 0, 1.0)",4.98422287670821,236.6215762252288,2.8747558303882017,60.9964728339708,10.735591193774034,True,False,True,False,False,6.570074227294608,0.0,0.0,0.0,0.0,0,1.0401063033230333,0.9014163230439872,False,False,False,False,0.2454065375236875,0.2472689520433624,False,False,False,False,1120157.0,959505.0898160633,False,False,False,False,14238.46687838117,False,False,False,False
2025-10-03 14:00:00+00:00,238.52,244.16,235.97,243.68,33272.0,,246.80120234181635,247.14316223274992,246.33490638045274,247.45262279964138,247.07243465228603,246.97019690111634,238.07761121438136,224.36345991534978,219.29080003658828,206.4181194020366,204.19975037160054,201.93900956765938,199.05883604233736,192.5604103745728,186.4303513152908,181.1783909077783,176.80908110935457,169.66663619603406,163.66785663554202,160.74943423546563,158.45859132727202,155.4216552868779,148.6032853027066,,,245.55818397653252,247.12946253527053,247.05950628554717,247.05994246569563,240.89453900013785,229.34552874634653,220.72115433555064,212.04872784054868,203.20476182631455,199.53901868673125,194.40285836262228,191.36472355328985,188.47645779136138,183.0426630553622,178.27999821832117,172.8073156189657,170.41612903350335,167.19883517848493,161.99007419355576,159.76026864985465,150.38760308601846,,240.89453900013785,204.5589017415177,183.0426630553622,167.19883517848493,226.18584825175546,"rgba(38, 166, 154, 1.0)",4.956202459528526,236.34350782851152,1.4802648260229454,52.08813901821128,7.671775044960604,True,False,False,False,False,0.3663904825984581,0.0,0.0,0.0,0.0,0,1.0269509086423816,0.9055484746320204,False,False,False,False,0.07919611161037937,0.1632325318268709,False,False,False,False,1086885.0,961479.9721444964,False,False,False,False,14533.560415150456,False,False,False,False
2025-10-03 15:00:00+00:00,243.59,243.745,238.74,239.27,17343.0,,245.57493154372594,246.8487454517059,246.20127113276115,247.34511414587442,246.9908232066974,246.90217251061625,238.09697151849144,224.45036588183729,219.3789803253096,206.5212686475711,204.30441688483623,202.04490277759572,199.16623813274802,192.66984950709562,186.54254005436377,181.29207211712716,176.92318223793131,169.7815902894782,163.78319710600454,160.86471268257984,158.57375005804482,155.5364752611586,148.7175940057848,,,245.40326884368255,247.0135639804215,246.97008131182,246.98446819149953,240.89196743510215,229.41611401123285,220.81091168633037,212.14538498118014,203.30999658489353,199.6462955893769,194.51147542319362,191.47474067582246,188.58776257000702,183.15601556589755,178.3939881801151,172.9217561963946,170.53098991309616,167.31414080638436,162.10537043246245,159.8755176530852,150.50232016563774,,240.89196743510215,204.66341629083794,183.15601556589755,167.31414080638436,226.14398318822393,"rgba(38, 166, 154, 0.5)",5.004526217103318,236.26130599685962,0.6011945731961538,43.67239385462721,0.20633493730229446,False,True,False,True,False,0.0,0.0,0.0,0.0,0.0,0,1.0295233213736548,0.9118195797027165,False,False,False,False,0.0638443177720287,0.1135384247994498,False,False,False,False,1069542.0,963155.3524213259,False,False,False,False,14577.11761801634,False,False,False,False
2025-10-03 16:00:00+00:00,239.17,239.76,237.13,237.83,20001.0,,244.2154856246216,246.42498003206026,245.99345325382578,247.1836488418699,246.86568237923018,246.79703895325267,238.09823389927743,224.53504234184177,219.46862690324684,206.63131979478385,204.41662565846804,202.15892005986322,199.28243921226186,192.78929700862906,186.66575797166016,181.41747339085043,177.0494362405953,169.9093250006359,163.91173762167543,160.99334759753495,158.70237173279915,155.66486830543835,148.84571344954205,,,245.154858264977,246.83796293813097,246.83320297477144,246.8684770913441,240.8668001335816,229.47956252419957,220.90126655300136,212.2469214160854,203.42303745997077,199.76227275220006,194.62976321030135,191.5949806837801,188.70977460674933,183.28087201131788,178.51999412137928,173.0486996889289,170.65856988805854,167.44242766327682,162.2339571883778,160.00417247693684,150.63082254438183,,240.8668001335816,204.77537887692188,183.28087201131788,167.44242766327682,226.0745967712718,#000000,5.067368982561089,236.14099873372902,0.3333093114165445,37.401872590052356,-5.090296608329588,False,True,False,True,False,0.0,0.0,0.0,0.0,0.0,0,1.0194043274648252,0.9306530481438214,False,False,False,False,0.014090641410777796,0.0638145331051138,False,False,False,False,1049541.0,964494.6647868868,False,False,False,False,14661.208817737017,False,False,False,False
2025-10-03 17:00:00+00:00,237.83,237.945,231.65,233.0,14818.0,,243.0060883699708,245.99477589187342,245.76967287168895,247.0152591236138,246.73288279313968,246.6847619915376,238.0728984452191,224.57880479093615,219.52031302101952,206.70199896570657,204.48940303484426,202.23351871670508,199.35919836654432,192.86955477301797,186.74954324324162,181.50344012545614,177.13648233380283,169.99807263720544,164.0015199640781,161.0834010881673,158.7925666836032,155.7550899833614,148.9361154009324,,,244.88041497978563,246.6532783156777,246.68812235095123,246.7451769341168,240.8202426418783,229.504567180508,220.95214171355187,212.3100202291253,203.4966474886255,199.83876924779403,194.7089028073037,191.67597990118463,188.79243814230983,183.36623341569717,178.60671088052266,173.13661870498828,170.7471454030614,167.53176305640017,162.32389169680243,160.09430603119725,150.72140193157958,,240.8202426418783,204.84788739008437,183.36623341569717,167.53176305640017,225.98509660180537,"rgba(239, 83, 80, 0.5)",5.301459235629736,236.99628828062913,-0.7538091123611987,31.41701475046126,-10.153692475902794,False,True,False,True,False,0.0,0.0,0.0,0.0,0.0,0,1.0022677133035762,0.9354676517366989,False,False,False,False,-0.04368211673945233,0.010066208182830733,False,False,False,False,1034723.0,965583.4761855396,False,False,False,False,14663.639688779853,False,False,False,False
2025-10-03 18:00:00+00:00,233.17,234.83,232.79,234.07,14235.0,,242.05935868700215,245.59921306196324,245.55715076491944,246.85384505554975,246.60489636442543,246.57621039127744,238.04699689886073,224.6191670427305,219.5686116655357,206.7688156621653,204.55827634589377,202.30418269896836,199.43198458741205,192.9458017963973,186.82924440122562,181.5852899964687,177.21941356353304,170.08269861526765,164.08718443181263,161.16934702585235,158.878664449099,155.8412344039495,149.02247378103087,,,244.62232472502382,246.47669651504714,246.54856197858933,246.62617294256677,240.77411525897415,229.52681189776132,220.99954523583804,212.36946507279606,203.56633897598945,199.91129429008149,194.7840526716158,191.752952780367,188.87104119900908,183.44748219420805,178.6893111742133,173.2204247825651,170.83160029889913,167.61697142383656,162.40971465141115,160.180335721981,150.80791904202064,,240.77411525897415,204.91649488414285,183.44748219420805,167.61697142383656,225.90799562349537,"rgba(239, 83, 80, 0.5)",5.4957887538590695,236.8669913600209,-0.5089335644600425,28.809279536119764,-12.248090217664128,False,True,False,True,False,0.0,0.0,0.0,0.0,0.0,0,1.0050968608669792,0.9395247715642336,False,False,False,False,-0.07024846422589051,-0.03009112802152989,False,False,False,False,1048958.0,966876.1044617328,False,False,False,False,14656.994112209622,False,False,False,False
2025-10-03 19:00:00+00:00,234.07,234.66,232.97,233.75,28242.0,,240.64632270248347,244.8800320741653,245.15371507079652,246.54261758448772,246.35637727367524,246.3644991601274,237.99529209886003,224.6973383381481,219.66279689961803,206.89991041281462,204.6934913714609,202.44299381436045,199.57505663172898,193.09585918392426,186.98622976940268,181.7466048166822,177.3829337829141,170.24966255169846,164.25627057550474,161.33902171295782,159.04866347756123,156.0113569742101,149.19308076380503,,,244.13997883717215,246.13768316193543,246.27831062190592,246.39461407500306,240.68304690287167,229.56925669733394,221.09182738261092,212.48587729755363,203.70319629204496,200.05383756180467,194.93190713200988,191.9044654806362,189.02582413664518,183.60757884753522,178.85215499949814,173.3857301625018,170.99821703182604,167.78511480086232,162.57913289925855,160.35018643059752,150.9788230428472,,240.68304690287167,205.05117424172997,183.60757884753522,167.78511480086232,225.7790335431559,"rgba(239, 83, 80, 0.5)",5.694085025646884,236.6491398988231,-0.5091493867346576,26.936901590863464,-13.962399595792142,False,True,False,True,False,0.0,0.0,0.0,0.0,0.0,0,1.0036240439402497,0.942600482521431,False,False,False,False,-0.0709363821459283,-0.0505137550837291,False,False,False,False,1020716.0,967710.8315243416,False,False,False,False,14867.614358531953,False,False,False,False
2025-10-06 14:00:00+00:00,239.585,241.49,237.06,238.4,15825.0,,240.50095489294947,244.68539740279243,245.03737752421762,246.44301144947167,246.2770983625344,246.29662933854874,238.00197620101073,224.76522287431567,219.73421333902638,206.98688200774166,204.7821274836155,202.53302909550797,199.6667859620939,193.19012211364898,187.08343911438845,181.8455304087721,177.48253948077075,170.3504464795824,164.35770216170178,161.4405358923023,159.15017402302107,156.1126974789974,149.2942243144194,,,244.01441059102982,246.03211218717095,246.1927199918543,246.3204299195392,240.67071232380243,229.62144369857668,221.16384884602752,212.56631003490799,203.79247567400313,200.1453924739493,195.02526552196997,191.99934676029525,189.12209005327497,183.70607365628234,178.9515621037482,173.48588713699866,171.09887787166696,167.88633714722653,162.68060577269398,160.45171906501088,151.08026153500825,,240.67071232380243,205.13962013428778,183.70607365628234,167.88633714722653,225.77783797241224,#000000,5.773059716173329,236.67218774058355,0.29928882505336923,31.26268702549811,-13.962399595792142,False,True,False,True,True,0.0,0.0,0.0,0.0,0.0,0,1.0047483766233767,0.9323356331168831,False,False,False,False,0.007771551343011724,-0.021371101870358688,False,False,False,False,1036541.0,968777.965919313,False,False,False,False,14882.457546771766,False,False,False,False
2025-10-06 15:00:00+00:00,238.45,240.72,238.15,240.72,22378.0,,240.43080881027524,244.47036211147778,244.9030118751698,246.3226548617951,246.1810372365345,246.21405363513057,238.0196138383081,224.86599769249142,219.83888212499537,207.11242648678282,204.90989271837856,202.66264808677298,199.79866019125362,193.3253082887924,187.2226035672551,181.98698353141287,177.6248500660585,170.4942816360847,164.50235248149878,161.58525795841518,159.29485741271913,156.257097697007,149.4382617611131,,,243.8762296821891,245.90602176117775,246.089421239015,246.23030838233467,240.6625112706155,229.70110567618187,221.2696906118711,212.68298060185202,203.92109421881761,200.27704379435374,195.1592388152669,192.1353674583363,189.2599787390437,183.8469656062945,179.09362557007753,173.62889326431323,171.24255244345866,168.03075015328608,162.8252881141649,160.59645264922415,151.2247383864042,,240.6625112706155,205.26713830148043,183.8469656062945,168.03075015328608,225.79324016047332,"rgba(38, 166, 154, 0.5)",5.816697375691565,236.7051416610107,0.6902298812669355,36.32752940819846,-23.187168849109064,False,True,False,True,True,0.0,0.0,0.0,0.0,0.0,0,1.0070507921952216,0.9390187987161852,False,False,False,False,-0.18097418400327708,-0.10117264293681788,False,False,False,False,1058919.0,970175.5013314167,False,False,False,False,14998.667507286933,False,False,False,False
2025-10-06 16:00:00+00:00,240.65,242.57,239.68,241.99,26179.0,,240.54283970620475,244.31878878903527,244.80012076717958,246.21980043786635,246.09893931231682,246.1430330735572,238.0568213549532,224.99420456829043,219.96932792178015,207.2649772098969,205.06475916991738,202.81941620722296,199.95776592469554,193.48770014325373,187.3892434853959,182.155998496085,177.79463645050552,170.66553709548256,164.67433644657126,161.7572242383607,159.4667025368193,156.4285142957308,149.60906259531282,,,243.7839143545895,245.8011017349575,246.00181515853706,246.15292214036512,240.6713284711665,229.80671649821173,221.40219523028307,212.8259202335919,204.07683862203407,200.43594039357538,195.3203545303173,192.29864981680572,189.42525219166586,184.01542998513958,179.26319792117383,173.79930625307387,171.4136499822274,168.20258814994972,162.99725005437134,160.76839947639385,151.39610472707844,,240.6713284711665,205.4217628634536,184.01542998513958,168.20258814994972,225.84070167815196,"rgba(38, 166, 154, 0.5)",5.843539327658424,236.76986038974178,0.8933181275174205,40.8257510611611,-18.91452381199604,False,True,False,True,True,0.0,0.0,0.0,0.0,0.0,0,1.0011569528621318,0.9497946143313556,False,False,False,False,-0.13446875356968688,-0.11782069825325238,False,False,False,False,1085098.0,971957.245496821,False,False,False,False,15172.00599554605,False,False,False,False
2025-10-06 17:00:00+00:00,241.99,244.18,241.24,241.24,22199.0,,240.69070493370188,244.23410772685025,244.7371863595476,246.1499816380615,246.0431153498233,246.09442976336638,238.09516922399615,225.1066388924499,220.08282713396383,207.3963071813513,205.19794695714467,202.95411821762144,200.09433941997938,193.62684998318633,187.53184615797682,182.3005073940791,177.9397201767352,170.81175824818848,164.82109883148428,161.90393784823428,159.61328837880475,156.57470517738258,149.75466855189646,,,243.73573818897188,245.73156203811496,245.94267438608492,246.10006439293485,240.6865981545835,229.90091149831125,221.5176714506223,212.94940789516852,204.2107264198823,200.57235481805867,195.45847458688817,192.4385230544929,189.56674242249565,184.15950886410863,179.40812573604865,173.9448574074853,171.5597475532364,168.34927086809333,163.14397401566347,160.91508566937625,151.54220640516567,,240.6865981545835,205.55476259191235,184.15950886410863,168.34927086809333,225.8923962644266,"rgba(38, 166, 154, 0.5)",5.87670696843135,236.82888653276004,0.7506097361899627,43.15894253792224,-16.56940952212848,False,True,False,True,True,0.0,0.0,0.0,0.0,0.0,0,1.0081606425702812,0.9405408299866131,False,False,False,False,-0.09137587779764776,-0.10459828802545007,False,False,False,False,1062899.0,973367.1951790409,False,False,False,False,15280.951639025954,False,False,False,False
2025-10-06 18:00:00+00:00,241.365,241.365,238.9,239.17,15847.0,,240.6386567665151,244.11029615934766,244.65288846241495,246.07197289509853,245.9797471522745,246.03935100805995,238.10638234822076,225.17483824582283,220.15440625342222,207.4830144500806,205.28629487805995,203.04385136336165,200.1857522001963,193.7207994521364,187.628728716707,182.399112826004,178.03902529705232,170.9122666954129,164.92227801628067,162.0052134093321,159.71457151265213,156.6758347077368,149.85563121915638,,,243.65130309037588,245.65062171889107,245.87498652044786,246.04030583321983,240.6804829314528,229.95430831520645,221.5898259672186,213.02972709456031,204.299710549164,200.66359238874762,195.5515240012313,192.53308717137833,189.66268502626457,184.25767735913848,179.50722536525154,174.04473071586162,171.66013053317812,168.45022458618303,163.24520264771593,161.01638427741432,151.64345307984902,,240.6804829314528,205.64292154344045,184.25767735913848,168.45022458618303,225.90538560182108,#000000,5.938152830304458,236.8238478853681,0.39509796761353927,42.9500501897065,-16.40242642237566,False,True,False,True,True,0.0,0.0,0.0,0.0,0.0,0,0.9956531980043256,0.943802059913064,False,False,False,False,-0.16169764077376783,-0.13314796439960896,False,False,False,False,1047052.0,974509.5952537844,False,False,False,False,15289.727582606947,False,False,False,False
2025-10-06 19:00:00+00:00,239.1,239.97,233.96,235.4,44696.0,,240.03829441144924,243.54919936895908,244.2748531803064,245.74894790357823,245.71385346117327,245.807804471598,238.07629519382505,225.32033651307773,220.31940373098394,207.6998674321463,205.50898992815405,203.2716314750756,200.4196021045646,193.96451829042394,187.88254462847323,182.65920331216296,178.30222341621703,171.1803947606313,165.19341608514753,162.2771400160705,159.98690881362052,156.94824509796427,150.1285604689004,,,243.23888973376893,245.30874358867842,245.59016598990135,245.78979363054765,240.59856941587964,230.05143973969555,221.7532443793454,213.22553019633867,204.52472820266405,200.89670850637995,195.79206244162958,192.77892198015232,189.91328120499375,184.51602679764252,179.76947447101455,174.3104517334629,171.92775843453893,168.72006330542828,163.51678293675656,161.2885438145061,151.91690715814218,,240.59856941587964,205.86487174181255,184.51602679764252,168.72006330542828,225.85933893160578,#000000,6.067561049557466,236.66671416042908,-0.208768259615857,40.19013898927555,-16.40242642237566,False,True,False,True,True,0.0,0.0,0.0,0.0,0.0,0,0.9831116203084889,0.9480194343665798,False,False,False,False,-0.2504261796912966,-0.19178707204545278,False,False,False,False,1002356.0,974941.3224591521,False,False,False,False,15745.638782876607,False,False,False,False
2025-10-07 14:00:00+00:00,239.7,241.995,236.93,237.6,11554.0,,239.99560745090653,243.46179519174572,244.21093978178678,245.68956082817397,245.66467639230123,245.76462249523442,238.07985794678535,225.36531738452067,220.36777715981634,207.7600304533492,205.5704632395765,203.33422928015722,200.48355486495947,194.0305999716222,187.95094703253338,182.72901043549155,178.3726658570421,171.25188385463497,165.26551974845245,162.3493733556575,160.0591928270285,157.02047669065945,150.20078614789338,,,243.17480042805664,245.24725951848833,245.53789300525457,245.74322371798624,240.5898331015758,230.08532157159334,221.80170670428652,213.28078763457273,204.58671637263433,200.96050870941315,195.8574238121051,192.84548958742704,189.98094117860856,184.58546036894234,179.83972607433827,174.38141061705946,171.9991399126527,168.79192700962423,163.58895748934466,161.36081332554107,151.98930647952417,,240.5898331015758,205.92618620330077,184.58546036894234,168.79192700962423,225.86578028067612,#000000,6.138000124025686,236.65614771990604,0.15377195520076203,40.70683708093449,-16.40242642237566,False,True,False,True,True,0.0,0.0,0.0,0.0,0.0,0,0.9841848637061014,0.9440427901893613,False,False,False,False,-0.18021174379378452,-0.18599940791961866,False,False,False,False,1013910.0,975545.488002421,False,False,False,False,15680.65213508007,False,False,False,False
2025-10-07 15:00:00+00:00,237.6,237.68,231.03,232.6,18061.0,,239.66678541209725,243.1884400480777,244.02241310005837,245.53148826040461,245.53309372945574,245.64951106507158,238.048723789167,225.40879709464963,220.42226877859278,207.83834197300618,205.65152529388763,203.41772716179645,200.56993759526458,194.12186156795246,188.04688591590528,182.82795336911016,178.47324433379535,171.35496951376123,165.37019865193042,162.4545460917815,160.16466383227404,157.1261499047014,150.30700637720528,,233.76999999999998,242.96530118530342,245.07918749957764,245.397109657911,245.61907802263283,240.5372312568418,230.10738977253328,221.85452968401742,213.3496449105443,204.66888751039525,201.0465163320544,195.94719050000012,192.93773102814257,190.07539253748217,184.6835303025987,179.9397971569385,174.48331749840347,172.10197435897197,168.89585650717163,163.69391774347258,161.46613718270197,152.09564390619502,233.76999999999998,240.5372312568418,206.00687852245682,184.6835303025987,168.89585650717163,227.41164478533366,"rgba(239, 83, 80, 0.5)",6.3188217605387695,237.22680432976532,-0.732225801756247,38.035870374042496,-16.40242642237566,False,True,False,True,False,0.0,1.0,237.68,231.03,0.0,0,0.9697651877559955,0.9570709439389676,True,False,False,False,-0.32649969850751215,-0.2562495532135654,False,False,False,False,995849.0,975860.2711341664,True,False,False,False,15717.556753140845,True,False,False,False
2025-10-07 16:00:00+00:00,233.3,234.92,232.905,234.395,6704.0,,239.55923321784155,243.09400050124458,243.95617508843506,245.47536142276257,245.48623029113722,245.60842023171253,238.0380925669519,225.4254032732233,220.44283983844363,207.86762890368905,205.68181927829744,203.44891255684664,200.60217962730525,194.1558884145199,188.08263054623865,182.86480020887257,178.51068911580867,171.39333260326197,165.40914463718292,162.49367172416206,160.20389750034388,157.16545530935394,150.34650825617285,,233.85211373578304,242.8923811644108,245.0196872327894,245.3470472426232,245.57481241045193,240.51877802968428,230.11618691591988,221.87451452358584,213.37546408939994,204.69958739136558,201.07862143008091,195.980668959709,192.97211764625936,190.11059066750542,184.72005742574257,179.97705653150618,174.52124809618988,172.14024536802648,168.93452916267947,163.73296602296503,161.5053177343442,152.13519091897015,233.85211373578304,240.51877802968428,206.03703747987086,184.72005742574257,168.93452916267947,227.40064639694782,#000000,6.426310852362187,237.19742170345535,-0.4360856123891395,38.0609613098085,-16.40242642237566,False,True,False,True,False,0.0,0.0,0.0,0.0,0.0,0,0.9686341572222165,0.9776094830424761,False,False,False,False,-0.3397440584702943,-0.2979968058419299,False,False,False,False,1002553.0,976274.1118917762,False,False,False,False,15577.811687200676,False,False,False,False
2025-10-07 17:00:00+00:00,234.71,235.45,233.24,235.105,9855.0,,239.42286378677613,242.96654822850172,243.86547808388795,245.39759847583534,245.42116905638358,245.55126804061624,238.0246231090121,225.45117438946787,220.47412776619603,207.91142282725195,205.72705622807325,203.4954245522515,200.6502051427199,194.20645988011873,188.1356737861969,182.9194239562493,178.5661613809437,171.4501135448155,165.46675296249074,162.55153083318606,160.26190549337667,157.22355603803146,150.40487282272954,,234.06453413248605,242.7935864084124,244.93751896812336,245.27764295239623,245.5132962230205,240.4940359596789,230.13075458209613,221.90503344241066,213.41426191859063,204.7454050880573,201.1264524916757,196.03045309760108,193.0232066941034,190.16284710511732,184.7742251177875,180.03226611105558,174.57740995609572,172.19689487272868,168.99175293383965,163.7907169346826,161.5632532681708,152.19362855532938,234.06453413248605,240.4940359596789,206.0820821923655,184.7742251177875,168.99175293383965,227.3916773980609,#000000,6.540881693881199,237.1646038037265,-0.31488167805468814,38.79099565213808,-16.40242642237566,False,True,False,True,False,0.0,0.0,0.0,0.0,0.0,0,0.9686059018348723,0.970011607722863,False,False,False,False,-0.32679777177111274,-0.3123972888065213,False,False,False,False,1012408.0,976834.3272112835,False,False,False,False,15489.085924608416,False,False,False,False
2025-10-07 18:00:00+00:00,234.99,238.0,234.955,237.925,11180.0,,239.34838275775942,242.86603316514262,243.79037684741766,245.32971589404448,245.36419728631483,245.50097190636347,238.019914657026,225.4877388648461,220.5153623171869,207.9653126874213,205.78238810452774,203.5520159526074,200.70830241918196,194.26702321056828,188.19875360392325,182.98407783691616,178.63160599255147,171.5168096981212,165.53421930753265,162.6192046663884,160.32969042156438,157.29137149515623,150.4728411767056,,234.77133125909754,242.71580803906838,244.86679516061838,245.21715824332398,245.4592590526876,240.4773602728007,230.1558424340682,221.9458876230768,213.46299244018078,204.8013117780488,201.1843663171042,196.0902243582418,193.08429669682698,190.22512382086708,184.83843937810548,180.09746856736828,174.64349769179103,172.2634641181899,169.05888229802568,163.8582999328548,161.63098880462232,152.26171999665462,234.77133125909754,240.4773602728007,206.1372293028345,184.83843937810548,169.05888229802568,227.41516199352628,#000000,6.600602159946526,237.17422296788718,0.11374371821235754,41.94296963181627,-14.610074707948883,False,True,False,True,True,0.0,0.0,0.0,0.0,0.0,0,0.9747346660415158,0.961872895443502,False,False,False,False,-0.26439726526009455,-0.2883972770333079,False,False,False,False,1023588.0,977559.1903552946,False,False,False,False,15422.278390893558,False,False,False,False
2025-10-07 19:00:00+00:00,238.14,238.93,237.55,238.1,30403.0,,239.26061052624564,242.66264688983247,243.62959812463941,245.17692654964205,245.23525505844756,245.38645505901758,238.0219755748053,225.59657218239028,220.6347920359055,208.1170460394604,205.93778471730622,203.7105934367009,200.8706997531959,194.43558814617336,188.37379007491336,183.1631180045059,178.8125845719431,171.70090418179547,165.72020255209128,162.8056593883753,160.5163779887599,157.47805339992263,150.6597643846372,,236.13662040864534,242.5575716750697,244.70969465559205,245.08095444870858,245.33653584876728,240.4484234197256,230.23534274291288,222.06490854208988,213.6013988109702,204.9581614701324,201.34631203487794,196.25676605806385,193.25421531515428,190.39809174241356,185.01638095203097,180.2778572666759,174.8260541352616,172.44724086242533,169.24406939965536,164.04454609951227,161.8175812701661,152.44902478186785,236.13662040864534,240.4484234197256,206.29216659369723,185.01638095203097,169.24406939965536,227.4789458425258,#000000,6.64022000273346,237.20611385710362,0.13461694680724548,44.203966304580405,-12.092626847100028,False,False,False,True,True,0.0,0.0,0.0,0.0,0.0,0,0.9782321055102652,0.9590251397840283,False,False,False,False,-0.21432028809802836,-0.2513587825656681,False,False,False,False,1053991.0,978744.1796521117,False,False,False,False,15654.537640647146,False,False,False,False
2025-10-08 14:00:00+00:00,246.67,250.21,245.95,248.61,23980.0,,239.76931052588552,242.84832082999984,243.73211103483834,245.2280698957011,245.27750733912526,245.4214982723039,238.1170186364949,225.7486399044665,220.78119768868112,208.2753388879151,206.0972174605861,203.87085303444837,201.0320694650953,194.5979990336861,188.53869870633233,183.32919131400422,178.97861523176707,171.86725835952598,165.88650031396102,162.97162032102923,160.6819900487193,157.64297204113808,150.82352204497852,,239.03769852835978,242.71062611363035,244.7743533576542,245.12879511066072,245.37492630904512,240.52567687557865,230.3748486928212,222.21537285339602,213.75370414162256,205.11798494432392,201.50766153257055,196.41849629797673,193.4171463449253,190.562180605906,185.18229716401274,180.44393373202035,174.99205476184167,172.61354785313395,169.4106516419388,164.21063619986268,161.98342068506216,152.61345544019514,239.03769852835978,240.52567687557865,206.4515369463725,185.18229716401274,169.4106516419388,227.72557190932727,"rgba(0, 255, 255, 0.75)",6.625753552249887,237.50689902589426,1.6757491637061435,52.287450283676186,-4.401498779472384,True,False,True,False,True,4.909028912954046,0.0,0.0,0.0,0.0,0,0.979210000940724,0.9508942103667777,False,False,False,False,0.053059087660029286,-0.09914984745281942,False,False,False,False,1077971.0,980282.5799675828,False,False,False,False,15783.614576451066,False,False,False,False
2025-10-08 15:00:00+00:00,248.44,251.48,246.68,250.375,11781.0,,240.0326440298296,242.95523311156657,243.79434085543798,245.26273462636453,245.3063986283732,245.4458857539405,238.16876772670304,225.82672723558724,220.8558169531115,208.3550759811337,206.17742358396237,203.95137865119025,201.1130421003598,194.67928822535578,188.62107910231015,183.41204157206442,179.06136539971268,171.95005936359496,165.96919561617824,163.05411474449605,160.76428655879985,157.7248938025819,150.90480616348293,,240.1397832934396,242.79918982551007,244.81640298823828,245.16099433378352,245.40147335713772,240.5691436711691,230.44735239840736,222.29219413222344,213.83074389761063,205.1983440242775,201.58864122196363,196.49949858124103,193.498662483727,190.64420059247092,185.2651062249145,180.52673209931896,175.07472592907598,172.69633600345284,169.4935324093815,164.2932087680192,162.06584391689492,152.6950883639681,240.1397832934396,240.5691436711691,206.53172769202232,185.2651062249145,169.4935324093815,227.8395692385025,"rgba(0, 255, 255, 0.75)",6.628391501783654,237.64539327193316,1.920466937512878,58.38901715451513,1.1063615834689955,True,False,True,False,True,6.041942205955856,0.0,0.0,0.0,0.0,0,0.9883985631343722,0.9452194979324172,False,False,False,False,0.08001988832790682,-0.009564979562456298,False,False,False,False,1089752.0,981979.7802781629,False,False,False,False,15721.558536506089,False,False,False,False
2025-10-08 16:00:00+00:00,250.285,252.11,250.09,251.34,13414.0,,240.36547647241687,243.1027944295314,243.8837902808589,245.3167594189562,245.3516799676087,245.48455180488702,238.2357032113303,225.92123491131986,220.94522798202462,208.44915613781708,206.27188928700946,204.04606568677264,201.20807664150004,194.77435987560287,188.7171704621382,183.50849836509806,179.15757537314786,172.04614619690375,166.06503101075148,163.1496615092035,160.8595629971281,157.81968547560896,150.99875756772505,,241.32095915285512,242.92163749798502,244.88007398832315,245.21092528173358,245.44339028290833,240.62726464692497,230.5364060907275,222.38446807960918,213.92214178667058,205.29291989778986,201.68371207888933,196.59432153077915,193.593945748555,190.73995099854193,185.36157620489226,180.62304014668933,175.17073806836254,172.7924254819968,169.5896561479989,164.3888693473365,162.16129016369968,152.78946816245323,241.32095915285512,240.62726464692497,206.62620114821326,185.36157620489226,169.5896561479989,227.97602506188915,"rgba(0, 255, 0, 1.0)",6.607602110347257,237.81235333588216,2.0472852992970103,62.848972814447606,5.031655735195628,True,False,True,False,True,6.658221251946102,0.0,0.0,0.0,0.0,0,0.9951179478546328,0.9490120157404095,False,False,False,False,0.13487869978689765,0.06265686011222067,False,False,False,False,1103166.0,983858.6363978813,False,False,False,False,15685.782435164907,False,False,False,False
2025-10-08 17:00:00+00:00,250.64,251.0,248.645,249.41,10340.0,,240.5751422809777,243.19258228904053,243.93744815087481,245.34728718982288,245.37727906144994,245.50627230325168,238.28092630141563,225.9893219476858,221.01040006282483,208.51886752662537,206.3420215369475,204.1164883317767,201.27890262025963,194.84548989329798,188.7892719379963,183.58102511693494,179.230026724491,172.11865823240134,166.1374624577041,163.22192275062528,160.9316552447644,157.89145524173585,151.0699797162395,,241.9581935827721,242.99696015285727,244.91684886723576,245.23935301745814,245.46697570306918,240.66534793904037,230.59959788924988,222.4515228800492,213.98947513601402,205.36319079037682,201.75454174890695,196.6651946158635,193.6652777640439,190.81173186958065,185.43406157217598,180.6955296912302,175.2431301229094,172.86492473500184,169.6622427198699,164.46119667119783,162.2334909125098,152.86099263045824,241.9581935827721,240.66534793904037,206.69631785560725,185.43406157217598,169.6622427198699,228.06160567703384,"rgba(0, 255, 255, 0.75)",6.5746809650970635,237.9136085921351,1.7485854399469225,63.84634029718285,5.899795787575691,True,False,True,False,True,5.195550512379157,0.0,0.0,0.0,0.0,0,0.9951671450278576,0.945804490967415,False,False,False,False,0.10011147742744529,0.08138416876983298,False,False,False,False,1092826.0,985548.0528878366,False,False,False,False,15602.902087332892,False,False,False,False
2025-10-08 18:00:00+00:00,249.41,252.11,248.89,252.11,11730.0,,240.8354946001127,243.31211775463282,244.0111654894449,245.39203805032963,245.41495377535327,245.53852511213472,238.33782769598506,226.0704701751634,221.08744450044358,208.60025264502767,206.42378036563895,204.19847710930466,201.36123613376964,194.92794247855693,188.87267074087978,183.66478779523493,179.313611026817,172.20218480713518,166.22080595220808,163.30503128429513,161.0145406283661,157.9739342134717,151.15175758902927,,242.68041761615396,243.09726643252662,244.96952647573644,245.28084117308748,245.50188897629195,240.71458133295997,230.67582282615246,222.53094988834619,214.0684345928841,205.4450622105783,201.83689919146448,196.74741025344542,193.74792677018328,190.89481553643446,185.51781930491356,180.7791875046153,175.3265717496592,172.9484488944797,169.7458161363868,164.54439753405615,162.3165172197323,152.94313528400858,242.68041761615396,240.71458133295997,206.77807668228715,185.51781930491356,169.7458161363868,228.1653153750787,"rgba(0, 255, 0, 1.0)",6.58420665321716,238.03742804924417,2.137322336910512,65.82111081726302,7.91224548060481,True,False,True,False,True,6.935933893092429,0.0,0.0,0.0,0.0,0,1.0035503708869586,0.935205731313003,False,False,False,False,0.11851435529097339,0.09994926203040319,False,False,False,False,1104556.0,987393.1373391879,False,False,False,False,15542.85709373083,False,False,False,False
2025-10-08 19:00:00+00:00,252.115,254.92,251.99,254.85,21359.0,,241.4027245975882,243.5985219130036,244.19504344932565,245.51245526550474,245.5168146428799,245.62659495512708,238.4633771284398,226.23379929122416,221.2401318835587,208.757663085305,206.58146047999406,204.35618100541842,201.51911982743195,195.08514291824017,189.03097506911706,183.82328181033435,179.47140830470119,172.35937014389862,166.37729032560603,163.46091948820498,161.16989601442694,158.1283860580336,151.30461127242756,,244.10255200712453,243.33767607486766,245.1076482928747,245.39197056183662,245.59688993968555,240.82774916986176,230.83261920793583,222.68896445042668,214.2224963909424,205.60277001736188,201.9949052095185,196.90439590925624,193.90535492938906,191.0527390362262,185.6764722723675,180.93723962046118,175.48380703041556,173.10567822328187,169.90293583409698,164.70052364653722,162.47220100619703,153.0967413865797,244.10255200712453,240.82774916986176,206.93582692506746,185.6764722723675,169.90293583409698,228.38458099025974,"rgba(0, 255, 0, 1.0)",6.634956694157861,238.30421133770966,2.493729714446976,68.30738551672587,10.490361994275034,True,False,True,False,True,8.648984211988353,0.0,0.0,0.0,0.0,0,1.010587724592108,0.92877637666889,False,False,False,False,0.1998959410260294,0.1499226015282163,False,False,False,False,1125915.0,989540.763116875,False,False,False,False,15633.029851967562,False,False,False,False
2025-10-09 14:00:00+00:00,253.72,253.94,248.81,251.3,7361.0,,241.54915169337357,243.66998285238606,244.24051098236558,245.54072496328965,245.5407921214764,245.6472462503237,238.49906145459735,226.28446086728647,221.28831198722023,208.80858607295053,206.63262278555996,204.4074931517599,201.57065422721138,195.1367672777095,189.08319974703394,183.87574181660068,179.5237638271893,172.41169872528977,166.42951115443242,163.51299657980002,161.2218359618668,158.18007499204805,151.3558675895717,,244.40537922134934,243.3985480308557,245.1406713155274,245.4182668816002,245.61917871097123,240.85873439273328,230.88020652525083,222.73860240908007,214.27189594148888,205.65400539813572,202.04645309578837,196.95586897690544,193.95710387248747,191.10476393537053,185.72892613653437,180.98963880108923,175.53607897152747,173.15800443579946,169.9552963321621,164.75265716448294,162.5242277078769,153.1482241477776,244.40537922134934,240.85873439273328,206.98698800059825,185.72892613653437,169.9552963321621,228.44269641237952,"rgba(0, 255, 255, 0.75)",6.638610124672502,238.37158312760852,1.9474583730023283,66.42988006098237,10.490361994275034,True,False,True,False,True,5.955284691584023,0.0,0.0,0.0,0.0,0,1.0034118192157029,0.9269512657428076,False,False,False,False,0.14240256656665976,0.14616258404743804,False,False,False,False,1118554.0,991540.9683398692,False,False,False,False,15504.781327130855,False,False,False,False
2025-10-09 15:00:00+00:00,251.615,252.43,250.49,251.61,7669.0,,241.69960635920418,243.74456789533835,244.28832270463954,245.57069096412394,245.56624638018806,245.6692029392815,238.53648955682218,226.3373608368267,221.33861061148406,208.86170948415065,206.6859918744624,204.4610150637515,201.62440389076892,195.19060384563704,189.13765616927537,183.93043963146084,179.57835028074066,172.4662535068508,166.48395116624658,163.56728579781208,161.2759815396836,158.23395814332372,151.40929810514444,,244.70175773465988,243.4622474238839,245.1755835080263,245.44615008655273,245.64286035183616,240.891311967922,230.9299364652228,222.79042295631527,214.32344433357437,205.70744912693692,202.10021736347142,197.00954980919363,194.0110690517531,191.15901396161792,185.78361876345832,181.0442715422707,175.5905762932479,173.2125571004904,170.00988323898085,164.80700560740053,162.57846409050052,153.2018910010095,244.70175773465988,240.891311967922,207.04035633571394,185.78361876345832,170.00988323898085,228.5026059875455,"rgba(0, 255, 255, 0.75)",6.632261768898152,238.44072251234834,1.9856389790597095,65.35261649780996,10.490361994275034,True,False,True,False,True,6.152836856046736,0.0,0.0,0.0,0.0,0,1.0011801896733403,0.9333192834562697,False,False,False,False,0.1447313300353115,0.14544695704137478,False,False,False,False,1126223.0,993629.0618539797,False,False,False,False,15383.296345314873,False,False,False,False
2025-10-09 16:00:00+00:00,251.655,253.995,251.605,252.84,9691.0,,241.90776173118905,243.85229449383579,244.35859121143383,245.61634590633687,245.6050885188558,245.70285362771423,238.5881996586967,226.4073365585935,221.40466729058744,208.930696327317,206.75520659149495,204.5303435326176,201.6939300970493,195.26005897401646,189.20776988600164,184.00076319675372,179.64845833324273,172.53621954301653,166.55369819429453,163.6368084134451,161.34529720261182,158.3029093129282,151.47761260736124,,245.10794846223806,243.55413146796613,245.22812240857303,245.48851715443377,245.67910241900444,240.93721295110694,230.9963943825148,222.85859971565677,214.39065605842276,205.77672252811232,202.1697778359972,197.07885175361906,194.08066053008378,191.22890574651902,185.85396955669344,181.1144624139892,175.66051092496738,173.28253020309353,170.07985947647072,164.87661710284308,162.64790893806355,153.27052187484435,245.10794846223806,240.93721295110694,207.10958417887574,185.85396955669344,170.07985947647072,228.5847741073347,"rgba(0, 255, 0, 1.0)",6.597919209941706,238.5368022707179,2.1678346269730184,65.356827785575,10.490361994275034,True,False,True,False,True,6.941247852655412,0.0,0.0,0.0,0.0,0,1.0020039866543016,0.9426412117723555,False,False,False,False,0.1816674893328806,0.16355722318712768,False,False,False,False,1135914.0,995835.0298872513,False,False,False,False,15295.043688798363,False,False,False,False
2025-10-09 17:00:00+00:00,252.84,256.18,252.84,256.09,5988.0,,242.05796259429437,243.93378810556084,244.41269973752617,245.6528954002403,245.6362201119186,245.72994024221032,238.62492881525827,226.45401444562526,221.44822428318773,208.9753688743895,206.7999296136723,204.57504982635027,201.73865986568032,195.30454582092244,189.2525271792005,184.0455455313521,179.6930248943765,172.58058582753313,166.59784743183974,163.68078148876722,161.38911420533256,158.34646459821536,151.52070277653874,,245.4059354137012,243.62342620008883,245.26963609461873,245.52232510717553,245.70823553680117,240.97067523957304,231.0414211103327,222.9036863451532,214.43446483912518,205.82144275665277,202.21454620341984,197.1232917328313,194.12520299496532,191.27356847314488,185.89880595968688,181.15910703148646,175.70490318909015,173.32691159666288,170.12419857074957,164.92066064077875,162.69182177447132,153.31382726665288,245.4059354137012,240.97067523957304,207.1543307919673,185.89880595968688,170.12419857074957,228.64315073981552,"rgba(0, 255, 0, 1.0)",6.495666016661945,238.60655521320822,2.6915553758375514,67.07947354891942,10.672231245162536,True,False,True,False,True,8.979680739282859,0.0,0.0,0.0,0.0,0,0.9982999743392352,0.9376015738602342,False,False,False,False,0.22953988822066046,0.19654855570389407,False,False,False,False,1141902.0,998099.6340750458,False,False,False,False,15150.748437809241,False,False,False,False
2025-10-09 18:00:00+00:00,256.09,256.94,255.09,256.87,7380.0,,242.2559829529219,244.0438509065707,244.48647770624754,245.7035652963066,245.67942566316856,245.76761037196857,238.67343841600243,226.51386782621648,221.50376506956138,209.03181407927806,206.8563759311778,204.63141671174043,201.79498890731261,195.36044098525932,189.30866304846722,184.10164137921595,179.74879895715213,172.6360368758354,166.6529756521329,163.73566723364732,161.44378852967554,158.40079170230115,151.5744081224378,,245.79452773374067,243.71701431668777,245.32687504160273,245.56915338851826,245.74872143757244,241.01538295569884,231.09959299440783,222.96125838174314,214.4900038240228,205.8778592320179,202.27093457194005,197.17916151762128,194.1811472813446,191.32961668054946,185.95499364200026,181.21499547045522,175.76041701775506,173.3823885436146,170.1795934061952,164.9756437437618,162.74662503426708,153.36781118797353,245.79452773374067,241.01538295569884,207.21081662705961,185.95499364200026,170.1795934061952,228.7197226093619,"rgba(0, 255, 0, 1.0)",6.476695733987161,238.6987498710656,2.8056359099253063,68.6078052640197,12.570817875094207,True,False,True,False,True,9.460410839728624,0.0,0.0,0.0,0.0,0,1.0021272938244017,0.9352572091624048,False,False,False,False,0.27253940491718703,0.23454398031054055,False,False,False,False,1149282.0,1000443.5467250451,False,False,False,False,15030.271717843205,False,False,False,False
2025-10-09 19:00:00+00:00,257.1,260.5,257.05,259.88,31829.0,,243.21135817511353,244.60203034360953,244.86857919558625,245.9738697557446,245.91065491247073,245.970088937368,238.9129013598704,226.79366238240232,221.76070028581,209.28827175721108,207.11226936198355,204.88641993689077,202.04920638311782,195.61153395665062,189.55992709868107,184.3520697873888,179.99731798970097,172.88245015769832,166.89747888052875,163.97888752566467,161.68591870510457,158.64119387005653,151.81167466954096,,247.57431256327018,244.19304507709984,245.62932437373723,245.818842946271,245.965957074176,241.2405714142984,231.37540573162084,223.22828597248656,214.74403326168485,206.13337816529426,202.5255172187479,197.43044774196844,194.4322703033215,191.58077324586318,186.2060535052825,181.46417752200122,176.00738919195925,173.62898165307266,170.4255515758221,165.21938229065853,162.98941248169322,153.60640358327,247.57431256327018,241.2405714142984,207.4669775108661,186.2060535052825,170.4255515758221,229.08796537311338,"rgba(0, 255, 0, 1.0)",6.53412153983335,239.14645724871798,3.173118624268935,70.98430825627821,15.188113209175981,True,False,True,False,True,11.287231807481032,0.0,0.0,0.0,0.0,0,1.0000000000000002,0.9325340552619139,False,False,False,False,0.3428282514486099,0.2886861158795752,False,False,False,False,1181111.0,1003244.5925122537,False,False,False,False,15290.717117566564,False,False,False,False
2025-10-10 14:00:00+00:00,259.39,263.125,258.35,261.97,8059.0,,243.46466275199046,244.75546549684046,244.975333809883,246.0507521628828,245.9766276061043,246.02804249434183,238.97856757272757,226.8680895281291,221.8286593000942,209.3553848006081,207.1791452885136,204.95297985671348,202.11546411587958,195.67679305463676,189.6250846362542,184.4169052207988,180.06158337321278,172.946063658386,166.9605224803252,164.04156683294408,161.74829234684057,158.70309170074108,151.87270295413308,,248.01758697889656,244.3244936848694,245.71486601284388,245.88990776671656,246.02804671130582,241.30299003994162,231.44936250280495,223.2990119448965,214.8107786820609,206.20011860093504,202.5918854336603,197.49580620694158,194.49750664519237,191.64594881830027,186.2710879465542,181.52863896327867,176.07119232324496,173.69265205171504,170.4890143181466,165.28220919095182,163.05196936405673,153.66778818486034,248.01758697889656,241.30299003994162,207.53393713765576,186.2710879465542,170.4890143181466,229.18616117402325,"rgba(0, 255, 0, 1.0)",6.701651487333144,239.26599607460062,3.3878222358044825,73.38504309997015,17.7347294691497,True,False,True,False,True,12.52112951533326,0.0,0.0,0.0,0.0,0,1.0019952585790757,0.9288679589362911,False,False,False,False,0.3428282516648317,0.31575718377220346,False,False,False,False,1189170.0,1006127.1569694281,False,False,False,False,15178.597472332975,False,False,False,False
2025-10-10 15:00:00+00:00,257.93,259.215,247.14,252.56,6641.0,,243.57402440439688,244.81777313078663,245.01831134696326,246.07952747143813,246.00149562407472,246.04982123566148,239.01253847009633,226.91460776973764,221.87287566319677,209.40184830680386,207.22579943991974,204.999746663499,202.16240494049612,195.7237681545181,189.67256039037704,184.46456590152266,180.10913219323209,172.99356215416233,167.00790557701472,164.08881280375306,161.7954091904744,158.74997568732024,151.91918280035281,,248.147408595574,244.37938600557916,245.74767878456518,245.91685812246646,246.05136821349043,241.33306084448918,231.49332773961657,223.34454762245875,214.85595591146094,206.24682844361757,202.63884208162068,197.54265839962196,194.54458547995162,191.6932571781249,186.31875167206294,181.57623280884974,176.1186511249892,173.7401509750615,170.53653330208584,165.32950921070503,163.09916745849603,153.71447518003725,248.147408595574,241.33306084448918,207.5805936554249,186.31875167206294,170.53653330208584,229.23314780926523,"rgba(0, 255, 255, 0.75)",6.645409723064806,239.31762107380683,1.992710679708985,66.1681616609158,22.22078678398853,True,False,True,False,False,5.3701622583471185,0.0,0.0,0.0,0.0,0,0.9700251968174641,0.9328990977239223,False,False,False,False,0.14572528632963644,0.23074123505091995,False,False,False,False,1182529.0,1008862.0692644756,False,False,False,False,15046.231620048742,False,False,False,False
2025-10-10 16:00:00+00:00,253.035,254.9,249.39,249.45,3149.0,,243.6156483330261,244.84080805167267,245.0341441502531,246.08969441656967,246.01032273071485,246.05753879759098,239.02660560544186,226.93515127157207,221.8926375938025,209.42297467703318,207.2470555483146,205.02109425661612,202.1838782109658,195.74534532284252,189.694434564869,184.48657380788094,180.13112374422585,173.01557972719914,167.02990475405386,164.11076370287222,161.81731147096795,158.77178392444333,151.94083150558194,,248.18544660279946,244.39999496809313,245.7594437189819,245.92645856309232,246.059629147405,241.3451602462363,231.51244298506288,223.36483639903298,214.87637268507177,206.26812803056063,202.6603151584411,197.56415639028245,194.56622432736583,191.71503338476631,186.34074454107156,181.59823376094306,176.14062981362466,173.76216399122214,170.55857541132627,165.3514788007614,163.121101099264,153.73621320427918,248.18544660279946,241.3451602462363,207.60184408005833,186.34074454107156,170.55857541132627,229.25199754154536,"rgba(0, 255, 255, 0.75)",6.506734035660877,239.33734781404752,1.554182502393514,59.43003940084623,16.171851100044478,True,False,True,False,False,3.214967922217294,0.0,0.0,0.0,0.0,0,0.9875502898596634,0.9410037908786599,False,False,False,False,0.11996784052614416,0.17535453778853205,False,False,False,False,1179380.0,1011505.7581130884,False,False,False,False,14861.778416637133,False,False,False,False
2025-10-10 17:00:00+00:00,249.09,252.47,247.73,249.28,8898.0,,243.7094204712109,244.89078103990963,245.06832319836877,246.1103564007476,246.02838472323646,246.07328886241257,239.06158158178556,226.98963352212823,221.9456402784479,209.48053256741488,207.3050724379025,205.07945916132732,202.24269974099647,195.80466690384668,189.75473561687488,184.54736125692068,180.19195161215754,173.07659890869922,167.09095778045744,164.1717199156315,161.8781601418188,158.83240562395665,152.001078405108,,248.2404564574293,244.44562569339314,245.78388403851363,245.94620925070345,246.07647881779025,241.37430965990617,231.56238450000453,223.41909478663368,214.93169230651557,206.32630790884977,202.71911800350517,197.62320507270942,194.62574956788256,191.77501386362695,186.401450612259,181.65905996964105,176.2014917743414,173.82315905858678,170.61969891125605,165.412471419236,163.18202142254256,153.79669137463395,248.2404564574293,241.37430965990617,207.6598288916014,186.401450612259,170.61969891125605,229.29735761927373,"rgba(0, 255, 255, 0.75)",6.507319006908646,239.38213350801593,1.5210360029185255,54.83342305564459,12.206303330115382,True,False,True,False,False,3.0981539433626253,0.0,0.0,0.0,0.0,0,0.9797071151795422,0.9526569742274026,False,False,False,False,0.06938324188872146,0.12236888983862676,False,False,False,False,1170482.0,1013970.5060493195,False,False,False,False,14769.316735759037,False,False,False,False
2025-10-10 18:00:00+00:00,249.28,249.54,247.33,247.395,4942.0,,243.74583386196375,244.9084826361078,245.080238298434,246.11641192980366,246.03378535762525,246.07795470060358,239.0777886708577,227.01748657630543,221.97316148783057,209.51105546327764,207.33591258934763,205.11055298077855,202.27411565933684,195.83649988386406,189.7872073034363,184.58017637869554,180.22484768773958,173.10968080819708,167.12411646580523,164.20485158812883,161.91125224552275,158.86539785731097,152.0339138226058,,248.23767630374167,244.462558734596,245.79154951858766,245.95221724663566,246.08146445647347,241.3871011704227,231.58737602043848,223.4471567972125,214.96081473668062,206.35726565560114,202.75051130918192,197.65485328782606,194.65771549741083,191.80727795353164,186.4341942760276,181.6919360630546,176.23445436203627,173.85621997212152,170.6528623912615,165.4456122247608,163.21514186246742,153.82964097498078,248.23767630374167,241.3871011704227,207.6906404255126,186.4341942760276,170.6528623912615,229.3173330179868,"rgba(38, 166, 154, 1.0)",6.511873256315972,239.3997937778062,1.2277889798360455,50.57551652843853,8.483156132825535,False,False,False,False,False,1.8003634805460393,0.0,0.0,0.0,0.0,0,0.9729895187933418,0.9592256784285577,False,False,False,False,0.028470226689785584,0.07541955826420617,False,False,False,False,1165540.0,1016320.4206842138,False,False,False,False,14616.955235979827,False,False,False,False
2025-10-10 19:00:00+00:00,247.925,248.56,243.78,243.88,14775.0,,243.78612230562695,244.91659374494932,245.0840437764687,246.10997466793611,246.02890814045213,246.07333958482812,239.11157959040744,227.08977912866897,222.04668300725757,209.59569854792971,207.42178824061364,205.1974622756903,202.3623002794085,195.92656706591492,189.8796165511014,184.67394718330132,180.31912779295982,173.2048801449544,167.2198104982536,164.30058721119246,162.00696176185596,158.96092856221935,152.12921059634968,,248.09100806833362,244.47549959072373,245.78775961757833,245.94768077349286,246.07650176951944,241.409866614943,231.64957420082598,223.52158473138715,215.04055378273955,206.443616281204,202.83857253679395,197.74421653738426,194.74827073543165,191.89893157036747,186.5276314901291,181.78606934371106,176.3291507373004,173.95132185447187,170.7484137281449,165.54132445463026,163.31088369100456,153.92521387280485,248.09100806833362,241.409866614943,207.77638129907854,186.5276314901291,170.7484137281449,229.3540283118065,"rgba(38, 166, 154, 0.5)",6.513477895664816,239.42089416499817,0.6845967555934556,45.75566339641838,4.17122870097829,False,True,False,True,False,0.0,0.0,0.0,0.0,0.0,0,0.970224239807042,0.9603024972878462,False,False,False,False,-0.027059802286768107,0.024179877988719033,False,False,False,False,1150765.0,1018404.8327666289,False,False,False,False,14619.405542398745,False,False,False,False
2025-10-13 14:00:00+00:00,243.88,243.88,243.88,243.88,0.0,,243.78612230562695,244.91659374494932,245.0840437764687,246.10997466793611,246.02890814045213,246.07333958482812,239.11157959040744,227.08977912866897,222.04668300725757,209.59569854792971,207.42178824061364,205.1974622756903,202.3623002794085,195.92656706591492,189.8796165511014,184.67394718330132,180.31912779295982,173.2048801449544,167.2198104982536,164.30058721119246,162.00696176185596,158.96092856221935,152.12921059634968,,248.09100806833362,244.47549959072373,245.78775961757833,245.94768077349286,246.07650176951944,241.409866614943,231.64957420082598,223.52158473138715,215.04055378273955,206.443616281204,202.83857253679395,197.74421653738426,194.74827073543165,191.89893157036747,186.5276314901291,181.78606934371106,176.3291507373004,173.95132185447187,170.7484137281449,165.54132445463026,163.31088369100456,153.92521387280485,248.09100806833362,241.409866614943,207.77638129907854,186.5276314901291,170.7484137281449,229.3540283118065,"rgba(38, 166, 154, 0.5)",6.510516505023164,239.42089416499817,0.684908153072251,42.54242797507161,1.267766657694473,False,True,False,True,False,0.0,0.0,0.0,0.0,0.0,0,0.9737848343942973,0.9641249430680746,False,False,False,False,-0.0833743430105848,-0.029597232510932884,False,False,False,False,1150765.0,1020456.9283826501,False,False,False,False,14392.748092128997,False,False,False,False
2025-10-13 15:00:00+00:00,243.88,243.88,243.88,243.88,0.0,,243.78612230562695,244.91659374494932,245.0840437764687,246.10997466793611,246.02890814045213,246.07333958482812,239.11157959040744,227.08977912866897,222.04668300725757,209.59569854792971,207.42178824061364,205.1974622756903,202.3623002794085,195.92656706591492,189.8796165511014,184.67394718330132,180.31912779295982,173.2048801449544,167.2198104982536,164.30058721119246,162.00696176185596,158.96092856221935,152.12921059634968,,248.09100806833362,244.47549959072373,245.78775961757833,245.94768077349286,246.07650176951944,241.409866614943,231.64957420082598,223.52158473138715,215.04055378273955,206.443616281204,202.83857253679395,197.74421653738426,194.74827073543165,191.89893157036747,186.5276314901291,181.78606934371106,176.3291507373004,173.95132185447187,170.7484137281449,165.54132445463026,163.31088369100456,153.92521387280485,248.09100806833362,241.409866614943,207.77638129907854,186.5276314901291,170.7484137281449,229.3540283118065,"rgba(38, 166, 154, 0.5)",6.502665824093738,239.42089416499817,0.6857350439999395,40.4002710275071,-0.8109331804582212,False,True,False,True,False,0.0,0.0,0.0,0.0,0.0,0,0.9695733035761729,0.9658324034220732,False,False,False,False,-0.0833743430105848,-0.05648578776075884,False,False,False,False,1150765.0,1022477.208562764,False,False,False,False,14169.60471085568,False,False,False,False
2025-10-13 16:00:00+00:00,243.88,243.88,243.88,243.88,0.0,,243.78612230562695,244.91659374494932,245.0840437764687,246.10997466793611,246.02890814045213,246.07333958482812,239.11157959040744,227.08977912866897,222.04668300725757,209.59569854792971,207.42178824061364,205.1974622756903,202.3623002794085,195.92656706591492,189.8796165511014,184.67394718330132,180.31912779295982,173.2048801449544,167.2198104982536,164.30058721119246,162.00696176185596,158.96092856221935,152.12921059634968,,248.09100806833362,244.47549959072373,245.78775961757833,245.94768077349286,246.07650176951944,241.409866614943,231.64957420082598,223.52158473138715,215.04055378273955,206.443616281204,202.83857253679395,197.74421653738426,194.74827073543165,191.89893157036747,186.5276314901291,181.78606934371106,176.3291507373004,173.95132185447187,170.7484137281449,165.54132445463026,163.31088369100456,153.92521387280485,248.09100806833362,241.409866614943,207.77638129907854,186.5276314901291,170.7484137281449,229.3540283118065,"rgba(38, 166, 154, 0.5)",6.479136956626213,239.42089416499817,0.6882252782820857,38.97216639579743,-2.407166630654743,False,True,False,True,False,0.0,0.0,0.0,0.0,0.0,0,0.9784305515294016,0.9622400446634671,False,False,False,False,-0.0833743430105848,-0.06993006538567181,False,False,False,False,1150765.0,1024466.1665695428,False,False,False,False,13949.920916888925,False,False,False,False
2025-10-13 17:00:00+00:00,243.88,264.7,243.88,263.14,4014.0,,243.87420674493657,244.9708630574273,245.12242219027127,246.13733213597763,246.05254574705418,246.094157463657,239.13783710611006,227.12194593759867,222.07665511447723,209.62620086586142,207.45229882440015,205.22793820881168,202.39276465796584,195.95681790192614,189.91000769975494,184.70432638878304,180.3493424059913,173.23493184866555,167.2496963395863,164.33034622612922,162.03660972006367,158.9903931536876,152.15834692382717,,248.21799172207756,244.52285622430716,245.8183144132629,245.97313361919137,246.0987618415784,241.434186625188,231.6808269772514,223.55260393499879,215.0705585755253,206.47411439336364,202.8690669085728,197.7744497574079,194.77855021764077,191.9292721709507,186.55805637246596,181.81634271654508,176.35923205348988,173.98138648123017,170.77843827233733,165.5711343641367,163.34059948769612,153.95449834911295,248.21799172207756,241.434186625188,207.80691149552123,186.55805637246596,170.77843827233733,229.39096132189093,"rgba(0, 255, 0, 1.0)",6.761802644267054,241.1479034729685,3.2524014207479617,49.8095979267555,-9.442383077114627,False,False,False,False,True,11.084134320580706,0.0,0.0,0.0,0.0,0,0.9853578782893034,0.9125715290928091,False,False,False,False,0.17369609965091912,0.05188301713262365,False,False,False,False,1154779.0,1026486.5205762166,False,False,False,False,13795.875631355762,False,False,False,False
2025-10-13 18:00:00+00:00,263.14,263.27,260.26,260.81,8751.0,,244.12149841948315,245.12753846167774,245.23401399166605,246.2189331081325,246.12298246288245,246.1563031934208,239.2080604571425,227.2015977828261,222.14961721614077,209.698427565673,207.52429537362664,205.29961949396838,202.4641485215543,196.0271849225846,189.9803027209972,184.77430447645912,180.41873097430556,173.30365079570672,167.31782480310483,164.39809291910083,162.104035057084,159.05731601233506,152.22435228358967,,248.6065219463407,244.65864281802368,245.90869260266172,246.0487984580808,246.16519299777173,241.50099151262967,231.75986840380423,223.62845205597043,215.14233565935962,206.54597622525347,202.94056441193774,197.84491056872946,194.84890050562515,191.99957492213136,186.6282378363505,181.88593450980602,176.42814232377427,174.05016363802895,170.8470043735387,165.6390356520963,163.40821773184788,154.02088241210362,248.6065219463407,241.50099151262967,207.87899349267798,186.6282378363505,170.8470043735387,229.49111934835028,"rgba(0, 255, 0, 1.0)",6.98542148379919,241.40797485166166,2.7775024303595894,55.36493286577029,-4.476543371252788,True,False,True,False,True,9.477826205400198,0.0,0.0,0.0,0.0,0,1.0186470527297211,0.9165337200870195,False,False,False,False,0.34282825176593,0.19735563444927684,False,False,False,False,1146028.0,1028339.8768463528,False,False,False,False,13717.66050528823,False,False,False,False
2025-10-13 19:00:00+00:00,260.74,261.02,258.285,261.0,18465.0,,244.58232946748544,245.4220887245972,245.44541820806072,246.373333521055,246.2566510272474,246.27440586135216,239.34591934406683,227.36190606353432,222.29744759584705,209.84622645442107,207.6718094700501,205.44666315908736,202.6107850086926,196.17212496866424,190.1253930125712,184.91896053012266,180.56233115559942,173.44609286153792,167.45920655770632,164.53875494973718,162.2440837036564,159.19638856934685,152.36165341195795,,249.27733453111225,244.91573671195962,246.07979187327217,246.19231538566615,246.29132312216635,241.63109213003082,231.91778546712803,223.78184626943352,215.28868372674495,206.6932933932709,203.08740106177947,197.98994225059295,194.99386856674815,192.14458733134478,186.77323872166411,182.0299022433957,176.5708859391301,174.19270425315483,170.98919940502122,165.77998834318657,163.548636629223,154.15893666630205,249.27733453111225,241.63109213003082,208.02665287449048,186.77323872166411,170.98919940502122,229.68326119314617,"rgba(0, 255, 0, 1.0)",7.199246879406736,241.62510321678832,2.691239390419168,59.13986254903486,-1.0627245560516485,True,False,True,False,True,9.579402378885256,0.0,0.0,0.0,0.0,0,1.0125084131504012,0.9211079471913021,False,False,False,False,0.28781792726620703,0.24258678085774193,False,False,False,False,1164493.0,1030450.7779805178,False,False,False,False,13791.26266799694,False,False,False,False
2025-10-14 14:00:00+00:00,245.015,248.815,243.22,244.03,17979.0,,244.6034324871472,245.42082793014933,245.44418347844336,246.36242409201392,246.24833352659508,246.26688639832227,239.384278092353,227.44686824418108,222.38456679317153,209.94732069299542,207.77447242197337,205.55065427702652,202.71640736650633,196.28021308188937,190.23643880079982,185.03175421248102,180.67582449054163,173.56081149825667,167.57460697245074,164.6542444623141,162.35957087163285,159.31169743352416,152.47675311681672,245.355,249.06644914144226,244.92274347131234,246.07138302998075,246.18407122931026,246.28314417151827,241.65628154862875,231.99029203539558,223.86982749356932,215.38367622228483,206.79656557485112,203.19285741901209,198.09713532082392,195.10257285248147,192.25467991804697,186.88559187450878,182.14319065686269,176.68495088762305,174.30729418140396,171.10437748383507,165.89543350747323,163.66414625118912,154.2743498482722,249.06644914144226,241.65628154862875,208.12913849262728,186.88559187450878,171.10437748383507,231.61291788552734,#000000,7.190472401753404,242.4118628241763,0.22503906355709266,52.966832663649456,-1.0627245560516485,True,False,True,False,False,0.0,0.0,0.0,0.0,0.0,0,0.9929891331563924,0.9240322499874805,False,False,False,False,-0.04181294029972087,0.10038692027901053,False,False,False,False,1146514.0,1032250.2077792694,False,False,False,False,13856.188828183032,False,False,False,False
2025-10-14 15:00:00+00:00,244.21,252.57,244.16,250.865,9059.0,,244.66580673793402,245.45626204075316,245.46983802236795,246.377649924702,246.2619817819306,246.27891708202063,239.41574289357897,227.4984969204783,222.43551714643564,210.00354625046918,207.8312576833597,205.60788624351954,202.7742085810811,196.33874631546135,190.29611161800256,185.09203850699203,180.73624847170564,173.621562626417,167.63549058948766,164.71507606483013,162.42032839319035,159.37227071392584,152.53703539857412,246.64269719160686,249.06992771050432,244.95683343058843,246.08955605731373,246.1989512545517,246.2959187334646,241.6818995814032,232.03695099961558,223.92176835443775,215.4374212107857,206.85355796767612,203.25061963167374,198.15534021438935,195.16134303878974,192.3139818697985,186.94575008989236,182.20358067238598,176.7454897454681,174.36800818286636,171.1652736477545,165.95628293987485,163.7249564838573,154.33484118179203,249.06992771050432,241.6818995814032,208.18587396892423,186.94575008989236,171.1652736477545,231.70052853729013,"rgba(38, 166, 154, 1.0)",7.2069894459400246,242.46222193272123,1.1659206844006667,51.829758738618935,-1.0627245560516485,False,False,False,False,False,2.7830652034697394,0.0,0.0,0.0,0.0,0,0.9936632021556957,0.9180361848923632,False,False,False,False,0.013635256179734889,0.05701108822937271,False,False,False,False,1155573.0,1034162.1890540095,False,False,False,False,13781.813807591048,False,False,False,False
2025-10-14 16:00:00+00:00,251.02,255.07,250.45,252.795,10244.0,,244.7883534536617,245.53304443752268,245.52583060606284,246.41623533000572,246.2958613795322,246.30890977084212,239.46398964277788,227.56614997201356,222.50056110559237,210.07271174082675,207.90081433757592,205.67771462255544,202.84441548410962,196.40924435948457,190.3675296377535,185.16386446454018,180.80800784328252,173.69338563385716,167.70724049189448,164.7866646810297,162.49175612415408,159.44339018579365,152.60762934007775,248.32675822112546,249.1771386425258,245.02666332150238,246.13318397031622,246.23543834046384,246.327849679331,241.72433251595228,232.10033234812735,223.98851466022364,215.50440193130672,206.92324414410427,203.32082935362513,198.22559585524658,195.23203178014023,192.38509558036344,187.0175345512223,182.2753747523272,176.81719627591605,174.43981847339415,171.23716939815327,166.02793419910168,163.7964876184468,154.40572567920267,249.1771386425258,241.72433251595228,208.2554158457419,187.0175345512223,171.23716939815327,231.82733116046734,"rgba(38, 166, 154, 1.0)",7.244713916349408,242.59560436084797,1.407839668607848,51.838782771365395,-1.0627245560516485,False,False,False,False,False,3.7766462865724506,0.0,0.0,0.0,0.0,0,1.0084707141158755,0.9209201870492192,False,False,False,False,0.1179414382687939,0.08747626324908331,False,False,False,False,1165817.0,1036203.3489136372,False,False,False,False,13726.963981116769,False,False,False,False
2025-10-14 17:00:00+00:00,252.6,255.71,252.26,254.175,11177.0,,244.93862022764344,245.62945688968483,245.5965442476135,246.46615811386076,246.3396352546657,246.34772191525238,239.52124660926773,227.64327060064565,222.5741913247856,210.15017064005934,207.97861314125328,205.75572631212594,202.92274508072964,196.48770029135147,190.4468565521631,185.24353502416963,180.88752607519962,173.77286431083238,167.78656022365448,164.86577219246487,162.57066085662566,159.52192338696278,152.6855197468328,249.6464314506421,249.32635384064446,245.11376984264103,246.18917039729678,246.28247532559257,246.3691631633064,241.77556892934044,232.17328952215598,224.06420319227703,215.5797036405323,207.0011467496181,203.39917868903382,198.30383361695587,195.31066793984897,192.46413192076852,187.0971958113584,182.35495678213496,176.89659197397563,174.5192936999726,171.31669488652696,166.1071250933871,163.87552063020826,154.48395207934624,249.32635384064446,241.77556892934044,208.3332133133343,187.0971958113584,171.31669488652696,231.95138220402674,"rgba(0, 255, 255, 0.75)",7.274999125105607,242.73493544334434,1.572517653943993,52.41284221031935,-1.0627245560516485,False,False,True,False,False,4.484501678024991,0.0,0.0,0.0,0.0,0,1.0002582849876818,0.9279384884367796,False,False,False,False,0.14737689951663946,0.11742658138286138,False,False,False,False,1176994.0,1038386.1497056738,False,False,False,False,13687.429655828137,False,False,False,False
2025-10-14 18:00:00+00:00,254.175,254.2,250.135,250.41,9622.0,,245.03014428205475,245.68691343019745,245.6389923310845,246.49480286594422,246.36499287952313,246.37022061248888,239.56187023282,227.7031344311281,222.63235685782522,210.2129001662649,208.04180363106693,205.81926335050235,202.98674121188424,196.5521831401089,190.51234658562865,185.30952039944972,180.95353980015534,173.83906114191953,167.85277869036483,164.93188115094938,162.63665041526627,159.58766480760255,152.75084847595275,249.96703256371845,249.38429942145083,245.1670876148374,246.2218079122698,246.30979856126794,246.39306535448088,241.81054022616584,232.22867059217893,224.12372167591857,215.64015210874007,207.06449978348354,203.46315866576379,198.3680385295957,195.375359814401,192.52929145492044,187.16310165523302,182.42097345039323,176.96263003024714,174.58546682510857,171.3829965957016,166.17327550586947,163.9415892590881,154.5495309529293,249.38429942145083,241.81054022616584,208.39637345873186,187.16310165523302,171.3829965957016,232.01271883052243,"rgba(38, 166, 154, 1.0)",7.235907211344565,242.78320359272502,1.0540207584914265,51.0459377215207,-1.0627245560516485,False,False,False,False,False,2.344513111434651,0.0,0.0,0.0,0.0,0,0.996008438734982,0.9267850598734189,False,False,False,False,0.1037800310664565,0.11060330622465894,False,False,False,False,1167372.0,1040385.930330392,False,False,False,False,13624.399738683514,False,False,False,False
2025-10-14 19:00:00+00:00,250.47,251.63,247.63,248.1,19467.0,,245.14105402058343,245.7526761560548,245.68823440559552,246.52421045413365,246.39169437880886,246.3939288408572,239.6265656107679,227.81094647782672,222.73937920418896,210.33171635875152,208.16189404980682,205.94038673746297,203.10917040307598,196.67636741861745,190.63909263265967,185.43767583667193,181.08207898196693,173.96841526868604,167.98250132330512,165.06153241389467,162.76617338062377,159.71683309592183,152.87947084864484,249.7544006077956,249.37123965543648,245.2319325966668,246.25686714502584,246.3388111633019,246.41813159627748,241.8629017406582,232.32562546261337,224.23262876789846,215.75349739983503,207.1850677428072,203.58548760862158,198.4914770310078,195.5000766197547,192.65520518394618,187.2909499779802,182.54941217344276,177.09148423777765,174.71473054137516,171.51269509317228,166.30294840411483,164.07120778946094,154.67857891024187,249.37123965543648,241.8629017406582,208.51634310155285,187.2909499779802,171.51269509317228,232.0771379433941,"rgba(38, 166, 154, 0.5)",7.194611207872845,242.78856599717273,0.7382517066405379,49.11437885224455,-1.0627245560516485,False,False,False,False,False,1.062418568957721,0.0,0.0,0.0,0.0,0,0.9899184390860437,0.9329936607618934,False,False,False,False,0.04352773627681885,0.0770655212507389,False,False,False,False,1147905.0,1042052.8926508509,False,False,False,False,13714.982688471366,False,False,False,False
2025-10-15 14:00:00+00:00,259.305,262.61,259.305,262.32,8312.0,,245.32729375066552,245.8797124045534,245.78263396481537,246.59507878329023,246.453595004259,246.4490116926781,239.68934442226742,227.88301307226305,222.8059814574542,210.39823415065234,208.2282805055992,206.00656098549524,203.1751595739128,196.74159878862216,190.7043832459332,185.5027703239599,181.14670349824672,174.0325228736811,168.04613593819707,165.12484634758488,162.82921398984516,159.77943880575694,152.9412861727588,250.88292606180605,249.62002228967128,245.3444722926773,246.33474151135584,246.40496286876248,246.47674863091117,241.92251274108264,232.3967359805692,224.3016651918833,215.81940229505804,207.25136517172265,203.65156574853592,198.5567515317883,195.5653187324772,192.72046345805865,187.35619824864034,182.61420027329797,177.15572710866115,174.77888219871795,171.57669201782997,166.36639188649357,164.1344133613884,154.74072992245115,249.62002228967128,241.92251274108264,208.58279429211026,187.35619824864034,171.57669201782997,232.20324082207767,"rgba(0, 255, 0, 1.0)",7.359347766586841,242.9650671515536,2.629979376205364,53.392024073583066,-1.0627245560516485,False,False,True,False,True,8.035092489861107,0.0,0.0,0.0,0.0,0,0.9877431644571011,0.9224471339785648,False,False,False,False,0.32158062357382544,0.19932307241228217,False,False,False,False,1156217.0,1043822.8788113028,False,False,False,False,13631.215515006692,False,False,False,False
2025-10-15 15:00:00+00:00,262.02,263.06,259.75,262.43,14211.0,,245.64245086412942,246.09677960834216,245.9448333463218,246.7173963120551,246.56059663805962,246.54434418441542,239.79748556078562,228.00673557873216,222.9203047869019,210.51230319624918,208.3421111345759,206.12001577808704,203.28828270882238,196.8533968062447,190.81625934510757,185.61429417030024,181.2574114412034,174.1423293533034,168.15512092503104,165.23327739298185,162.9371735059068,159.88664944963148,153.0471345832013,252.42567688607753,250.03379391261896,245.53723422536842,246.4689628363568,246.51922218978774,246.578135668279,242.0253291796211,232.51890578467194,224.4201646971712,215.93246474985324,207.3650377307274,203.76484341271794,198.6686311049205,195.67713026291136,192.83229157019255,187.46799074496573,182.72519191875014,177.26577228504777,174.88876571935964,171.68630378476036,166.4750467920361,164.24265729230459,154.84715499592232,250.03379391261896,242.0253291796211,208.69673775114367,187.46799074496573,171.68630378476036,232.40333643882917,"rgba(0, 255, 0, 1.0)",7.535329161196927,243.2398342036085,2.5466924384950564,56.277361186328946,-1.0627245560516485,True,False,True,False,True,8.084903487175623,0.0,0.0,0.0,0.0,0,0.9915784408084697,0.923089509143407,False,False,False,False,0.3333198229562348,0.26632144768425847,False,False,False,False,1170428.0,1045785.7489072515,False,False,False,False,13640.204421750774,False,False,False,False
2025-10-15 16:00:00+00:00,262.19,263.76,261.13,262.04,5913.0,,245.7745107254711,246.18854693176496,246.01372682601067,246.76959698070985,246.60631393341777,246.5851185022379,239.84331666839378,228.05880393624594,222.9683629251085,210.560136795738,208.3898300559661,206.1675634825412,203.33567538667185,196.90020403407314,190.86307457790798,185.66094428389266,181.3037077037474,174.1882306324237,168.20066591022564,165.27858530334169,162.98228027392798,159.93143826289435,153.09134392370015,252.97713750817732,250.20564213953656,245.61885275109802,246.5261581690111,246.56800435501847,246.62147787317997,242.06900920700718,232.5704138168418,224.46999082728556,215.97992107582064,207.41268422227668,203.8123033085435,198.7154807124411,195.72393799012215,192.87909450389634,187.5147591506499,182.77161090144403,177.31178101315052,174.93470096825186,171.73211804006513,166.5204505854803,164.287885202877,154.89160767837876,250.20564213953656,242.06900920700718,208.74450620065988,187.5147591506499,171.73211804006513,232.48372393616296,"rgba(0, 255, 0, 1.0)",7.713218513555486,243.34892035272574,2.423252966893899,57.984844278645234,0.43502617877170024,True,False,True,False,True,7.861916876790527,0.0,0.0,0.0,0.0,0,0.9895254798791776,0.9344928383513592,False,False,False,False,0.34282825182884724,0.30457484975655286,False,False,False,False,1164515.0,1047626.5124900849,False,False,False,False,13520.4028028089,False,False,False,False
2025-10-15 17:00:00+00:00,260.37,265.03,258.66,264.435,9652.0,,245.9907241696033,246.33977715253494,246.12766497388944,246.85622410859494,246.68225089748105,246.65289921784074,239.9190481556733,228.14444271854404,223.04735021828205,210.63862730983848,208.46811640523796,206.24555409485433,203.41339425504256,196.97692989948538,190.93978648045348,185.73736621973038,181.37953626672783,174.26339254986286,168.27523029351548,165.35275546063798,163.05611666567194,160.00474866692304,153.1636945029764,253.7893889013802,250.48494911527467,245.75352754429005,246.62097189872065,246.6489875364468,246.69349945915502,242.14130216218774,232.6552316626521,224.5518960681055,216.057841643522,207.49084504629656,203.89013508799172,198.79228505832316,195.80065901659677,192.95579480035474,187.59138133320099,182.84764491726722,177.38712729151715,175.00992044500822,171.8071312794689,166.59478026677021,164.36192241666106,154.9643591971027,250.48494911527467,242.14130216218774,208.82287621329644,187.59138133320099,171.8071312794689,232.6121859921376,"rgba(0, 255, 0, 1.0)",7.954167969694088,243.52171628079992,2.6292232951178667,59.98931682561174,2.7175461674850467,True,False,True,False,True,8.97236240643658,0.0,0.0,0.0,0.0,0,0.9858579023682937,0.9245142580956982,False,False,False,False,0.32738682013133297,0.3159808349439429,False,False,False,False,1174167.0,1049588.3805134944,False,False,False,False,13460.427565556049,False,False,False,False
2025-10-15 18:00:00+00:00,264.56,268.9,264.56,268.9,13175.0,,246.35837842821888,246.60035385564618,246.32449973693778,247.00790454258353,246.81510610589513,246.77157857998563,240.04297147660475,228.27661321689752,223.16750133472976,210.75511515228675,208.58393043892477,206.3605821048916,203.52761602811455,197.08891201846657,191.0511399563033,185.84785361652345,181.48884029292643,174.37127609902632,168.38192577554872,165.45874135677371,163.16151782134736,160.10926435496043,153.26657030047073,255.18695951173942,250.98706815952804,245.98446791495684,246.78626190043158,246.79050354163562,246.8195958719771,242.2617473153328,232.7883989833973,224.67696511860748,216.17456076633772,207.606316328387,204.00458811590417,198.90458697070392,195.91250696603083,193.0673229024701,187.70230989070882,182.95735106395148,177.49546856034812,175.11793139638652,171.91465952851547,166.70105501667737,164.4676710602298,155.06787326216403,250.98706815952804,242.2617473153328,208.938872394975,187.70230989070882,171.91465952851547,232.82638338119807,"rgba(0, 255, 0, 1.0)",8.319895844593379,243.82178154534898,3.0142466832620127,62.8103334303219,5.72528230076724,True,False,True,False,True,10.986502833437125,0.0,0.0,0.0,0.0,0,0.9971035133132536,0.9168102079504229,False,False,False,False,0.3428282521655227,0.3294045435547328,False,False,False,False,1187342.0,1051724.0955442928,False,False,False,False,13456.002331981535,False,False,False,False
2025-10-15 19:00:00+00:00,269.055,271.52,268.0,270.1,28282.0,,247.19240040038403,247.20101511098855,246.78201684503432,247.3637409777155,247.12741363286398,247.05110339910553,240.32841586677532,228.5746974065445,223.43721424273357,211.01417100509988,208.84116911837236,206.61577518954192,203.7806685930272,197.3363259079523,191.296621467808,186.0910278844068,181.72912077461666,174.60802091599015,168.6157649238669,165.69089413823133,163.39229254211708,160.33797932686835,153.49145050499658,257.8309985486304,252.1151100077717,246.51803487274418,247.17289744093816,247.12270715000304,247.11632050845034,242.54093710624585,233.09056527321945,224.95804624471626,216.435073401521,207.86265863739095,204.25820899047886,199.15288952871578,196.1595110008912,193.31336172847202,187.9465902941193,183.19860997089722,177.7333932263331,175.35499636718947,172.150495695524,166.93389558149124,164.69926143435617,155.29420965916233,252.1151100077717,242.54093710624585,209.19656523252638,187.9465902941193,172.150495695524,233.29325439881188,"rgba(0, 255, 0, 1.0)",8.69698718569399,244.46843017237333,2.947178060672442,65.07019145062962,8.162057062512474,True,False,True,False,True,11.517572165116988,0.0,0.0,0.0,0.0,0,1.0003643650938239,0.9145467969431685,False,False,False,False,0.3428282523551502,0.3361163979549415,False,False,False,False,1215624.0,1054265.1793343038,False,False,False,False,13685.86276094306,False,False,False,False
2025-10-16 14:00:00+00:00,278.33,284.71,277.315,281.59,15515.0,,247.84155170603924,247.6757413599587,247.14503123833163,247.65020318895657,247.37874811555534,247.2763115680744,240.54187043459964,228.78078575809275,223.61963925014726,211.18249706784763,209.0074013731909,206.77982265158877,203.94233106597724,197.49243132486043,191.44996686561922,186.24179396567163,181.87725474313106,174.75278609537133,168.75789235154465,165.8316154875131,163.53189549313717,160.47598207240415,153.62642350532576,259.9319882624212,253.03802355493664,246.93790249503868,247.48270478901244,247.38968205058808,247.35532629296588,242.7542194978316,233.30467118266057,225.14929105473038,216.60699293136074,208.02792290059244,204.42039799381314,199.3100751119816,196.31503603451858,193.46754424772678,188.09843229270075,183.34762118521348,177.8793825913456,175.50007394533316,172.29433566427025,167.07519369555865,164.83951774107547,155.4302372553867,253.03802355493664,242.7542194978316,209.36323545953664,188.09843229270075,172.29433566427025,233.64884231137248,"rgba(0, 255, 0, 1.0)",9.504322179414347,244.98133669837438,3.8517910704792007,69.41252666595784,12.459710846352571,True,False,True,False,True,16.277464955746154,0.0,0.0,0.0,0.0,0,1.004823376550538,0.8987558305835724,False,False,False,False,0.3428282528462871,0.33947232540061434,False,False,False,False,1231139.0,1057007.4091120665,False,False,False,False,13714.221477827663,False,False,False,False
2025-10-16 15:00:00+00:00,281.13,287.95,281.05,282.55,20885.0,283.85,248.7434892698217,248.34302398657005,247.65879221871262,248.05804240175237,247.73727866475306,247.59809039817435,240.8441723272983,229.06953839944865,223.87458899621532,211.41632383231897,209.23812093760276,207.00732119389212,204.16629802659065,197.70826267250902,191.661622314372,186.44962130273964,182.0812565355999,174.9518636799055,168.95313375046368,166.02483266547517,163.72350804572434,160.66531202976728,153.81142057228178,262.51362002759794,254.30002195476868,247.52970680995492,247.92296256869747,247.77012483849975,247.69654337137257,243.0571300993143,233.60564122828626,225.41673545016127,216.8463976258701,208.25721401911696,204.6451302831427,199.52751991183243,196.52999001794174,193.68047092601788,188.30783470736208,183.55289599302526,178.08026603197484,175.69960946274793,172.492050790308,167.2692418494887,165.03206608042797,155.61672380400438,254.30002195476868,243.0571300993143,209.59459394524725,188.30783470736208,172.492050790308,237.3200004361337,"rgba(0, 255, 0, 1.0)",10.269785333336342,248.45194108620754,3.3202309305441973,72.4944778419218,15.482983421351946,True,False,True,False,True,16.650462685640555,0.0,0.0,0.0,0.0,0,1.0118401807039306,0.8945400011108847,False,False,False,False,0.3428282529542425,0.3411502891774284,False,False,False,False,1252024.0,1060030.9221490887,False,False,False,False,13825.396338636536,False,False,False,False
2025-10-16 16:00:00+00:00,282.71,287.425,280.76,287.28,20533.0,284.496954584963,249.61860081849326,248.99873379652112,248.16777828829268,248.46444368563652,248.09545223703253,247.92016469869378,241.14618767599327,229.35718036126502,224.12855472813538,211.6488626781352,209.46751257461395,207.23345616814106,204.3888558023392,197.92260593417694,191.87169962879807,186.65581098266168,182.28358757026223,175.1492159612526,169.14661268386382,166.21627468919,163.9133371448586,160.8528512871686,153.99460808141026,264.68576479025916,255.49438756138713,248.11357526656212,248.360880151883,248.1497458333724,248.03773251145816,243.36000234174745,233.90566001623023,225.6831265445839,217.08466323549914,208.48516109932356,204.8684585866157,199.74350383500183,196.74343744991714,193.89184870492213,188.51561668214833,183.75651050416164,178.27945026728784,175.89742530777545,172.6880215265449,167.4615203340471,165.2228352383042,155.8014004990887,255.49438756138713,243.36000234174745,209.82462917634118,188.51561668214833,172.6880215265449,237.79892160939357,"rgba(0, 255, 0, 1.0)",11.16002526636761,249.11586478677845,3.4197176352489813,75.43377931817949,18.37126022218932,True,False,True,False,True,18.45618244916799,0.0,0.0,0.0,0.0,0,1.023680712854977,0.8941200696381437,False,False,False,False,0.3368856676587911,0.33901797841810977,False,False,False,False,1272557.0,1063325.9001002656,False,False,False,False,13929.390193851474,False,False,False,False
2025-10-16 17:00:00+00:00,286.285,287.14,281.66,282.11,10239.0,284.3264358170238,250.02147134095864,249.30369116418373,248.4062525065014,248.65554148598437,248.26429618678065,248.0722499325246,241.29011469897594,229.49564329841994,224.2512811766764,211.7618895798036,209.57909962834586,207.34354472425227,204.49730242384885,198.02724477618295,191.9744052019423,186.75672816021498,182.38270080070237,175.24600923591348,169.2415928752034,166.31029383585314,164.00659318300595,160.94501902921328,154.08471043196045,265.5509835462511,256.02732139290237,248.38634946335745,248.5665722704893,248.32853211702098,248.19869302035974,243.5039825158544,234.0495726688614,225.81171072665458,217.2002205635254,208.59608407985814,204.97726397987586,199.84889253592385,196.84767025828856,193.99514232939737,188.61727392871342,183.85622460649478,178.37709182650727,175.99443424633395,172.78417405463324,167.55593394897465,165.316536622333,155.8922162458809,256.02732139290237,243.5039825158544,209.93651462098168,188.61727392871342,172.78417405463324,237.99875191541767,"rgba(0, 255, 0, 1.0)",11.726075686649244,249.38834745013497,2.7905032701708015,73.79836088194679,18.37126022218932,True,False,True,False,True,15.338102644906055,0.0,0.0,0.0,0.0,0,1.024832402234637,0.8910335195530725,False,False,False,False,0.34136780477863266,0.3401928915983712,False,False,False,False,1262318.0,1066411.0489359205,False,False,False,False,13872.174842008815,False,False,False,False
2025-10-16 18:00:00+00:00,282.52,285.5,280.185,285.26,10303.0,284.21367774908543,250.41747895701786,249.60528451909937,248.64308060631436,248.84581254207723,248.43263941338122,248.22403378105668,241.43400012473543,229.63429035479214,224.37428899418796,211.87528367865409,209.69106339825643,207.454018524103,204.60614376178793,198.13229442078594,192.07753407196853,186.85807655695407,182.48224954351772,175.3432438066858,169.3370175438525,166.4047581964169,164.10029473558336,161.03763211540462,154.17525779842046,266.34587882120894,256.5438114117635,248.6567220342279,248.77121096083212,248.50668553458186,248.35924988431304,243.6478691279798,234.19358043746368,225.94054995828526,217.3161161848904,208.70738766951644,205.08646267031676,199.9546877752961,196.95231654041072,194.0988553662072,188.71936003688327,183.95637292557794,178.47517206270481,176.09188393443338,172.8807696813396,167.65079246741456,165.41068341259123,155.98347782798288,256.5438114117635,243.6478691279798,210.04877532501948,188.71936003688327,172.8807696813396,238.19681909352562,"rgba(0, 255, 0, 1.0)",12.361192907244336,249.65526000675635,2.8803644001362776,73.52680151453902,18.37126022218932,True,False,True,False,True,16.550524463352925,0.0,0.0,0.0,0.0,0,1.0223015990524134,0.8928782943440924,False,False,False,False,0.3187970680996098,0.32949497984899045,False,False,False,False,1272621.0,1069608.1024407898,False,False,False,False,13816.838797946662,False,False,False,False
2025-10-16 19:00:00+00:00,285.3,285.51,279.67,279.98,35225.0,283.3098366345973,251.6290272398338,250.54135240872375,249.3859610849946,249.4457928810553,248.96541904628182,248.7056023194614,241.89649392282175,230.08626230662512,224.77746245817985,212.2499360237213,210.06139885081868,207.81981567813372,204.9669882069633,198.4814553357346,192.4209879106591,187.1961099621374,182.81466462699686,175.66847062156407,169.6565832812589,166.72128424328662,164.41439631966685,161.34825105716212,154.47928060086045,268.3531711472623,258.05662800886597,249.501321710171,249.41546501074657,249.0697392941215,248.86795574945282,244.10876292989923,234.66072109354917,226.36216066844372,217.6978860892685,209.07571522693684,205.44841589081312,200.30609516674343,197.3002786672518,194.44403848086642,189.05967590021962,184.2906637914439,178.80300016348738,176.41777730772174,173.20402618449512,167.96856527789748,165.72620285593268,156.28981215418474,258.05662800886597,244.10876292989923,210.42002604784366,189.05967590021962,173.20402618449512,238.77969214699118,"rgba(0, 255, 0, 1.0)",12.760366038694151,250.41573675023582,2.316882067498253,70.04183536998215,18.37126022218932,True,False,True,False,False,13.475305482774097,0.0,0.0,0.0,0.0,0,1.0186357630477867,0.8949111796226967,False,False,False,False,0.31516788730079826,0.32233143357489435,False,False,False,False,1237396.0,1072209.4651936458,False,False,False,False,14148.748273947489,False,False,False,False
2025-10-17 14:00:00+00:00,282.89,284.87,277.7,278.74,7706.0,283.09875419880325,251.87089908154255,250.73077157242972,249.53777611862643,249.56903617221545,249.0752291288679,248.8050888885724,241.99304432150763,230.18166271050262,224.86293734662178,212.32985748840372,210.14046637499462,207.89797811660227,205.0441662483094,198.55627936817896,192.49469831011896,187.2687393077314,182.88614904602568,175.73849619896396,169.72545315240635,166.7895274224754,164.48213796765816,161.41526839373685,154.54492819753239,268.6887234068111,258.34700576791187,249.67323828037104,249.5475947452707,249.18563836656503,248.97291469294848,244.20471699765582,234.75893999064078,226.45142756549205,217.77913936642062,209.15438283297564,205.52581862267948,200.38136308495913,197.3748687333885,194.51808518319953,189.13276684693625,184.36253115161063,178.87354933178227,176.48793788942197,173.27365431341033,168.0370653587766,165.79423826540412,156.35594489689646,258.34700576791187,244.20471699765582,210.49927798708183,189.13276684693625,173.27365431341033,238.89532168621733,"rgba(0, 255, 0, 1.0)",13.102980349372952,250.56208265294168,2.150496802691671,66.99029067845268,23.514045966676022,True,False,True,False,False,12.768797545465755,0.0,0.0,0.0,0.0,0,1.0209141337734378,0.900389675881355,False,False,False,False,0.2965363083112359,0.3094338709430651,False,False,False,False,1229690.0,1074651.023872814,False,False,False,False,14048.860703808767,False,False,False,False
2025-10-17 15:00:00+00:00,278.74,279.28,271.195,275.37,10194.0,282.4063321602873,252.12806406817808,250.93484138030743,249.70321333403933,249.7035952143584,249.19563616892867,248.91444920041482,242.10299932009374,230.29442198426312,224.9651554210949,212.42731482613456,210.23713921270104,207.9937886251358,205.13905588947264,198.64883333617334,192.58631307162864,187.35933803144766,182.97556391028712,175.82643296688354,169.81219127007418,166.875588997566,164.5676510627473,161.4999727344073,154.62811432931602,268.92233515124343,258.63276723797355,249.8601257873116,249.69178167827852,249.31257307739892,249.08812001267495,244.31292570929486,234.87363408572799,226.55783083525546,217.87748700860845,209.2506767238629,205.6209374980075,200.47431782751897,197.4672248516884,194.60997793825484,189.2238279265544,184.45234476210786,178.96199670009022,176.57601004689207,173.36119999992138,168.12340356287586,165.8800746137973,156.43969132647862,258.63276723797355,244.31292570929486,210.59613507431894,189.2238279265544,173.36119999992138,239.00032582886303,"rgba(0, 255, 255, 0.75)",13.34146598101349,250.6855125422149,1.850208027582134,63.0123411388748,19.653417374732825,True,False,True,False,False,10.867260794454342,0.0,0.0,0.0,0.0,0,0.9982642517652831,0.9160661220112869,False,False,False,False,0.21254300460703787,0.2609884377750515,False,False,False,False,1219496.0,1076896.6824174216,False,False,False,False,13989.095421579172,False,False,False,False
2025-10-17 16:00:00+00:00,275.35,277.42,274.915,276.19,3370.0,282.22905311440354,252.21507362085927,251.00400807574502,249.7593318145704,249.74931223806212,249.23655297444148,248.95162199187845,242.14016380273904,230.3323125449021,224.99945458638425,212.45992355034826,210.26947294359323,208.02582211518558,205.17076757055372,198.67973745598528,192.6168818018125,187.3895516455101,183.0053709232798,175.85573033875937,169.8410769968179,166.90424398596818,164.5961193922848,161.52816678127988,154.65579277442535,269.00630831354954,258.73008258955275,249.9234598582214,249.74074487253614,249.35569903076652,249.12727510920521,244.34955964130023,234.91224285113802,226.59354747886758,217.91043028839826,209.28287838630197,205.6527280193854,200.50536305856585,197.49805836817592,194.6406463727174,189.2542012307479,184.4822885642648,178.99147139025985,176.6053541940362,173.39036177463925,168.15215294151702,165.9086528379211,156.46755875681262,258.73008258955275,244.34955964130023,210.62853238872285,189.2542012307479,173.39036177463925,239.0382823924934,"rgba(0, 255, 255, 0.75)",13.602186583298462,250.73064627447647,1.8717103731530906,60.743061835249364,17.4205083585218,True,False,True,False,False,11.210401562523153,0.0,0.0,0.0,0.0,0,1.0039363965988073,0.9243134138878993,False,False,False,False,0.22524155800062903,0.24311499788784025,False,False,False,False,1222866.0,1079159.7726125005,False,False,False,False,13824.458283260114,False,False,False,False
2025-10-17 17:00:00+00:00,276.59,276.59,273.73,275.38,4380.0,281.979602610548,252.3228159342959,251.08999777445194,249.8293271451164,249.80638637941766,249.28769507752432,248.99811839790001,242.1870125281731,230.3804559350863,225.04314570079754,212.501629755952,210.31085006740554,208.06683652359482,205.2113950095205,198.71937921564574,192.6561313144702,187.42837350902977,183.0436914535231,175.89342548659428,169.87826416838703,166.94114376452518,164.63278599542272,161.56448915469952,154.69146908754354,269.098625171917,258.84822072896617,250.00238473165157,249.8018552257637,249.40958267886722,249.17623040214042,244.3956420906646,234.96117233602058,226.63901155732228,217.95250007833388,209.32409618552146,205.6934523334356,200.54517295753348,197.53761749559305,194.68001183096084,189.29321848812975,184.52077803477894,179.02938210804558,176.64310659983295,173.42789170352373,168.18917021910235,165.94545691262016,156.50347400309377,258.84822072896617,244.3956420906646,210.66998723939614,189.29321848812975,173.42789170352373,239.08426589403473,"rgba(0, 255, 255, 0.75)",13.829872206649998,250.78428126254008,1.7784487354578185,58.7130613840783,15.34968707548218,False,False,True,False,False,10.747955173757969,0.0,0.0,0.0,0.0,0,1.0011126615411277,0.9208186270486197,False,False,False,False,0.2114878875749427,0.22730144273139147,False,False,False,False,1218486.0,1081319.869161144,False,False,False,False,13678.032573442126,False,False,False,False
2025-10-17 18:00:00+00:00,275.71,277.855,275.64,276.83,6244.0,281.72783788739196,252.4848968766642,251.2192927936243,249.93446324896345,249.89221546107788,249.36456628618646,249.06799697932138,242.2566748451607,230.45126238687567,225.10720837925444,212.56244797167258,210.3711435764549,208.12655904035543,205.27050427206612,198.77695764521388,192.71306324447423,187.48462820342812,183.0991776804832,175.94794635868146,169.93200684285947,166.99445182067535,164.68574285488828,161.61693090501558,154.74294170651186,269.25750269871315,259.0293139553195,250.12087349273762,249.89371801326135,249.49057354302732,249.24981338809138,244.46437099013986,235.03338218485382,226.70572860098824,218.01397815756087,209.38413841310145,205.75271061140103,200.60302143185902,197.59505988770619,194.7371363822875,189.34977585994992,184.5765226389358,179.08424014494614,176.69771617419306,173.4821549411396,168.2426561171089,165.9986204215669,156.55530051319587,259.0293139553195,244.46437099013986,210.7304011089057,189.34977585994992,173.4821549411396,239.15850679128795,"rgba(0, 255, 255, 0.75)",14.089243262245159,250.87283923356648,1.8423388881353704,58.15576139188349,14.556526722454805,False,False,True,False,False,11.371418444919694,0.0,0.0,0.0,0.0,0,1.0053150684931509,0.9188036529680365,False,False,False,False,0.23319715920277156,0.23024930096708152,False,False,False,False,1224730.0,1083543.2820423665,False,False,False,False,13562.77625447403,False,False,False,False
2025-10-17 19:00:00+00:00,276.86,278.0,276.18,277.09,12383.0,281.3218606881471,252.80414668331971,251.47500965319787,250.14297791313578,250.06280008296486,249.5174885973289,249.2071079522843,242.39525444643525,230.59199773558868,225.2345599627317,212.68331185610938,210.49095936696102,208.24523524792264,205.38795557758704,198.8913554885402,192.8261643073808,187.59637515591692,183.2093923453433,176.056234390527,170.03874251340383,167.10032148251187,164.79091295807618,161.72107553913852,154.84515625459622,269.5663186126235,259.38403144490496,250.35552374230528,250.0761735805721,249.65162155853668,249.39624421772172,244.60113401215554,235.17692748843982,226.83834601390043,218.1361726961733,209.503452648515,205.870458818125,200.71795962011137,197.709184924056,194.8506241207633,189.46212683628534,184.687252421968,179.1932019857795,176.80618132008112,173.58992819685716,168.3488801820901,166.10420208071093,156.65821896193236,259.38403144490496,244.60113401215554,210.8504567489663,189.46212683628534,173.58992819685716,239.30916460080402,"rgba(0, 255, 255, 0.75)",14.342457437983851,251.0522154603904,1.8154339765131453,57.93475163055818,13.950636693106347,False,False,True,False,False,11.484186231694554,0.0,0.0,0.0,0.0,0,1.000475859292068,0.92371609502544,False,False,False,False,0.23790867015549297,0.23407898556128726,False,False,False,False,1237113.0,1085924.2079021747,False,False,False,False,13544.485149753502,False,False,False,False
2025-10-20 14:00:00+00:00,277.76,277.835,268.69,273.35,9452.0,280.818916005142,253.00506182279722,251.63837981184645,250.27786316037142,250.17347724286765,249.61716016275307,249.29802727253121,242.48879360091271,230.6901227166216,225.32425921793612,212.7698407635664,210.57692659636555,208.3305641120052,205.4726130041385,198.974220721752,192.9084087148557,187.6778724569568,183.28994921322027,176.13563362346852,170.11718568489772,167.17820939641965,164.86834667059784,161.79783022336568,154.92064156232982,269.6751581654416,259.589448769496,250.50684419404965,250.19445187061763,249.7564481334224,249.4917946908585,244.69264196887227,235.27596858818666,226.9314886454451,218.2231171794592,209.5891407433189,205.95529580675017,200.80110844689278,197.79191906886984,194.93304834077415,189.5439825044461,184.76812774923405,179.2729894767169,176.88568581597156,173.66902778882928,168.42699476597537,166.1819045851774,156.73418494072106,259.589448769496,244.69264196887227,210.93656576796505,189.5439825044461,173.66902778882928,239.39564764966536,"rgba(0, 255, 255, 0.75)",14.509037080386072,251.14720911382284,1.5302732195916606,55.001355723834266,10.823621603018076,False,True,True,False,False,9.291439539927222,0.0,0.0,0.0,0.0,0,0.9868671471222276,0.9220417256712997,False,False,False,False,0.18579283961469573,0.2099359125879915,False,False,False,False,1227661.0,1088121.677547102,False,False,False,False,13481.03576758678,False,False,False,False
2025-10-20 15:00:00+00:00,273.35,274.63,269.98,271.93,5790.0,280.49971979017766,253.11956326877194,251.73217627664704,250.35576218016442,250.23752007761132,249.67495652109795,249.35081861136393,242.54375571202903,230.7484458909258,225.37777139266103,212.82175239128492,210.62853989377086,208.38183083472336,205.52351898213817,199.02413233660386,192.95801049288687,187.7270714065926,183.3386160809871,176.18365132002918,170.1646615743187,167.22536544662847,164.91523980296355,161.84432733257833,154.96640019243023,269.7191985715674,259.7023429802813,250.594081576305,250.26285342765456,249.81719225775655,249.54723308358254,244.7462414283373,235.33461756249534,226.98699692812878,218.2751689842059,209.64060297131948,206.0063027111379,200.85116913039178,197.84176511670384,194.98273825367258,189.59338128315272,184.81697534630646,179.32122090141766,176.93376226503125,173.71687977373813,168.47428125710152,166.22895366343246,156.7802271155013,259.7023429802813,244.7462414283373,210.98825796601838,189.59338128315272,173.71687977373813,239.4442178129601,"rgba(38, 166, 154, 1.0)",14.645405657539566,251.19872134155872,1.4155482711241025,52.08819121254302,7.844966630335421,False,True,False,False,False,8.47150221421182,0.0,0.0,0.0,0.0,0,0.9892723126918866,0.9296191895434223,False,False,False,False,0.1729203569127774,0.19142813475038445,False,False,False,False,1221871.0,1090195.3104533486,False,False,False,False,13361.794902973032,False,False,False,False
2025-10-20 16:00:00+00:00,271.93,274.21,270.03,274.21,6145.0,280.20980482942275,253.2436081980121,251.83386168636704,250.4402277663373,250.30704342451526,249.7376996834291,249.40813603877086,242.6031139063906,230.8111143513577,225.43520176075754,212.87733758597884,210.68378884249304,208.4366929577188,205.57797644760797,199.07749012989052,193.0110081507703,187.77961741039962,183.3905783131797,176.23489825592722,170.21531420190533,167.27566976073328,164.96525839946287,161.89391697499974,155.01518892795528,269.77593890324744,259.82596698093914,250.68861100881483,250.33708015827955,249.883126995753,249.60742176399137,244.80421390725692,235.3977309316732,227.04658762736292,218.33095365856215,209.69568307538654,206.06087111355737,200.9046959561239,197.89504679023324,195.03583926194753,189.6461479384609,184.86913560754118,179.37270536226347,176.98507408552118,173.7679429187077,168.52472769075484,166.27914155891983,156.82932147138493,259.82596698093914,244.80421390725692,211.04359399517807,189.6461479384609,173.7679429187077,239.49927268625504,"rgba(0, 255, 255, 0.75)",14.817935192812678,251.25818536734792,1.5489212453692371,51.857129175439695,7.364825884940217,False,True,False,False,False,9.515160630573941,0.0,0.0,0.0,0.0,0,0.9952680817183289,0.935607911260699,False,False,False,False,0.17043990044546478,0.1809340175979246,False,False,False,False,1228016.0,1092332.0653300409,False,False,False,False,13249.906609903683,False,False,False,False
2025-10-20 17:00:00+00:00,274.41,278.875,274.36,276.98,7988.0,280.04748569299,253.43438359018978,251.9890199312875,250.56815863535869,250.4124148485338,249.83252692906703,249.49463932334848,242.68989793903722,230.89987919922257,225.5158108776795,212.95415749904092,210.7599851894426,208.51220544508357,205.65275623809617,199.15041836176806,193.08317596784573,187.8509715904946,183.4609930577917,176.30413556109133,170.28359768987963,167.34341681249575,165.03257095200183,161.9605899887116,155.08065927931278,269.9378734392213,260.03070005081855,250.8318617601798,250.44954765970468,249.98283398512717,249.6983401581718,244.88971656678663,235.48802130452316,227.13043679107366,218.40850596225036,209.77157885208098,206.13583181804444,200.9779455995391,197.9678150225418,195.10823288577575,189.71786991855916,184.93986667381176,179.44235145979002,177.0544194591855,173.83686725142152,168.5926941880005,166.34671003587036,156.8952337573213,260.03070005081855,244.88971656678663,211.11993567510854,189.71786991855916,173.83686725142152,239.59463253793058,"rgba(0, 255, 255, 0.75)",15.019336576500855,251.3693425616229,1.705179007603264,53.57405254153006,7.364825884940217,False,True,True,False,False,10.764398960344817,0.0,0.0,0.0,0.0,0,1.0090467445289815,0.9141916281426129,False,False,False,False,0.23141151833779722,0.2061727679678609,False,False,False,False,1236004.0,1094559.537185389,False,False,False,False,13168.326662463314,False,False,False,False
2025-10-20 18:00:00+00:00,275.865,276.38,273.575,274.055,4387.0,279.9128521397373,253.5286623858967,252.06636016546676,250.63237887907647,250.46540947181506,249.88034139441672,249.53832517848372,242.7344882587193,230.9462898277116,225.55819037519294,212.99490280151792,210.8004478930182,208.55235073739485,205.69256537327817,199.18934606807386,193.1217789113981,187.88919981635723,183.49876307266484,176.34133778986552,170.3203337749965,167.379884957895,165.06882058939448,161.99651455291743,155.11597477366465,269.997556962365,260.1273842995093,250.90363888867915,250.50608032571884,250.03306978031438,249.74421407360938,244.93344308911793,235.5349631296491,227.1744514121975,218.4495028831264,209.81190253758922,206.17572847821702,201.01701741075692,198.00667426584894,195.1469308139437,189.75627428080543,184.97779158539348,179.47974642894596,177.0916734962326,173.87392110890545,168.62927179591895,166.3830887892551,156.93077767471794,260.1273842995093,244.93344308911793,211.16046782225456,189.75627428080543,173.87392110890545,239.6401174147416,"rgba(38, 166, 154, 1.0)",15.174487353497637,251.42033188439245,1.491626543178764,52.426283510691476,7.364825884940217,False,True,True,False,False,9.036990464806344,0.0,0.0,0.0,0.0,0,1.0002808327142936,0.9229974815646912,False,False,False,False,0.20900508439713988,0.2075889261825004,False,False,False,False,1231617.0,1096684.4590894915,False,False,False,False,13032.182063045278,False,False,False,False
2025-10-20 19:00:00+00:00,273.92,274.58,272.13,273.75,7915.0,279.63512179273664,253.68725564016708,252.19733533571727,250.74172160650724,250.55579275971064,249.96204811309133,249.61306745534316,242.81165475210696,231.0275156833527,225.63262879421583,213.06687146172837,210.87197086281498,208.62336342540047,205.76304256762802,199.25837830882793,193.19032448908922,187.95714654343715,183.56594500590708,176.40757980166353,170.3857965721083,167.44489293355687,165.1334559079381,162.06059144667964,155.17900791670627,270.075186017029,260.28469472570765,251.02565756090078,250.60244915185388,250.118861082355,249.8226455208416,245.00888376508888,235.61681911649697,227.251683143882,218.52176467418568,209.8832026380179,206.24635087048836,201.08627495379292,198.07560373770167,195.21561673682675,189.8245110756961,185.0452327907565,179.54630218857548,177.15800090492073,173.93992058983042,168.69446541152712,166.4479447907996,156.99420759094602,260.28469472570765,245.00888376508888,211.23210493619106,189.8245110756961,173.93992058983042,239.71538183798964,"rgba(38, 166, 154, 1.0)",15.316484250401954,251.5023043701438,1.4525327918691486,51.427930064557756,6.246894968068432,False,True,False,False,False,8.85727863736945,0.0,0.0,0.0,0.0,0,0.9930444378114852,0.9263379733897738,False,False,False,False,0.187039559780596,0.1973142429815482,False,False,False,False,1223702.0,1098653.7232896544,False,False,False,False,12952.845907029074,False,False,False,False
2025-10-21 14:00:00+00:00,266.88,269.39,264.3,267.495,4833.0,279.311842215862,253.75183682056996,252.2526265434711,250.7892594952069,250.595267892857,249.99811135650023,249.64625617301925,242.8487540585173,231.0694787371643,225.67188086497578,213.1060681666818,210.91109038655227,208.66236078862502,205.8019289648128,199.29682412881047,193.22877736605733,187.99546997184618,183.60399026339152,176.44530956366853,170.4232397147543,167.48214577538616,165.1705471458895,162.09742742263506,155.21537531567282,270.0347945948195,260.33307456879555,251.07838975303156,250.64448694337295,250.1566196977542,249.85734859819308,245.04440430992378,235.65817744274597,227.2921795127876,218.56064853747662,209.9222709202117,206.28528742159915,201.12475232707985,198.11405036389283,195.25406015202282,189.86292702584805,185.08337477160308,179.58411929481915,177.19575807176875,173.97757942909783,168.73179535656627,166.48513329664945,157.03077047479957,260.33307456879555,245.04440430992378,211.2712604421011,189.86292702584805,173.97757942909783,239.7393006320286,"rgba(38, 166, 154, 1.0)",15.369362753851501,251.52056078626265,1.039369001147053,46.74958297671006,1.6833939816207675,False,True,False,True,False,5.265286886153294,0.0,0.0,0.0,0.0,0,0.9799805167529114,0.9320052551143524,False,False,False,False,0.10046288147536672,0.14888856222845748,False,False,False,False,1218869.0,1100517.5260293495,False,False,False,False,12826.956823199165,False,False,False,False
2025-10-21 15:00:00+00:00,267.495,267.495,262.1,263.25,9348.0,278.599790315224,253.8492723201971,252.33855364254023,250.8648509252023,250.65828694269703,250.0561408257009,249.6999027328365,242.91198850540243,231.14411932684214,225.74250642122942,213.17782332603872,210.9828625852656,208.7340584381319,205.87359638110536,199.36801696704083,193.3002433636857,188.06688739210864,183.67503125376882,176.5159613966622,170.49349907037669,167.5521119345084,165.24025723669186,162.16671728034862,155.28390345767158,269.88941430494583,260.3868541277226,251.16183654626047,250.711524321315,250.21724508386424,249.91329406168336,245.1041505365412,235.73081053022472,227.36481530002592,218.6313805353212,209.99401643959914,206.35701890699323,201.19591571652109,198.18529897078733,195.32542667651742,189.93445104725328,185.15455012141896,179.6548509622318,177.26644175217487,174.04816006435644,168.8018795994245,166.55499939842315,157.09963655900387,260.3868541277226,245.1041505365412,211.34307341834048,189.93445104725328,174.04816006435644,239.76890068007222,"rgba(38, 166, 154, 0.5)",15.3840217600448,251.53173501606702,0.761716615246055,41.676463546113574,-3.006264441216473,False,True,False,True,False,2.9529483503562126,0.0,0.0,0.0,0.0,0,0.975014692002208,0.9379463252185991,False,False,False,False,0.07359975995128082,0.11124416108986915,False,False,False,False,1209521.0,1102207.5023699796,False,False,False,False,12773.019508110805,False,False,False,False
2025-10-21 16:00:00+00:00,263.48,267.475,263.48,264.82,12620.0,277.79780314216765,253.99003734478097,252.46195695945323,250.97289904684632,250.74848272989075,250.13906548375962,249.7765152234635,243.0006414790853,231.24730940305326,225.83984949511463,213.27622098761557,211.08122085137344,208.83225581032318,205.97168393173862,199.46532409132925,193.3978206375186,188.16432339998653,183.77189953377368,176.61222219457412,170.5891700192062,167.64735955224546,165.33513844991901,162.26100439957588,155.37710917463068,269.736638073305,260.4748097358912,251.2810952090136,250.80742644163868,250.30389643374872,249.99322412420125,245.18830088906057,235.83161838329892,227.4650061627235,218.72855935643523,210.09231167796403,206.45520501047687,201.29321722318699,198.28266077703643,195.4229005473118,190.03205779122843,185.25161919411573,179.7512529060478,177.36275343122892,174.14430005564796,168.8972980561041,166.65010297894014,157.19331297148312,260.4748097358912,245.18830088906057,211.44149732660676,190.03205779122843,174.14430005564796,239.82089397818743,"rgba(38, 166, 154, 0.5)",15.404938116084036,251.56376074540353,0.8605188255028334,39.69207987913195,-4.75948557704082,False,True,False,True,False,3.727837311313312,0.0,0.0,0.0,0.0,0,0.9756173637165696,0.9416545614957534,False,False,False,False,0.08250768557006605,0.0968759233299676,False,False,False,False,1222141.0,1104066.9364417628,False,False,False,False,12770.647112636218,False,False,False,False
2025-10-21 17:00:00+00:00,264.79,264.79,261.75,263.59,12417.0,276.9924889329622,254.10261999330928,252.5635768821739,251.063841440552,250.82477814097146,250.20973293656914,249.8420898463766,243.07986819924662,231.34264855984463,225.9306101032,213.36918222241357,211.17430050962952,208.92533031531067,206.06482489906975,199.55805568402693,193.49106317833858,188.25761825833848,183.8647896788142,176.7047248665255,170.68124645029405,167.73909090316263,165.42656323709392,162.35191491862295,155.4670937625458,269.5366918376734,260.5254608012925,251.3809484852877,250.88843274675932,250.37757925793906,250.06146541133597,245.2627160204195,235.9238355588641,227.5581872257452,218.8199297082108,210.18539788829028,206.5484116147773,201.38585771901998,198.37549736354802,195.51596467424878,190.1254518580929,185.34465668148516,179.84380985272202,177.45528605425403,174.23674653245217,168.98916788360967,166.7417158727682,157.2837221730074,260.5254608012925,245.2627160204195,211.53461420670928,190.1254518580929,174.23674653245217,239.8596049855662,"rgba(38, 166, 154, 0.5)",15.356705727819012,251.57717463865964,0.7822527548716932,37.75934934648593,-6.572936418234669,False,True,False,True,False,3.05669778259767,0.0,0.0,0.0,0.0,0,0.9736371641273315,0.9405324154370235,False,False,False,False,0.05362997164471902,0.0752529474873433,False,False,False,False,1209724.0,1105705.0304504177,False,False,False,False,12765.164211665113,False,False,False,False
2025-10-21 18:00:00+00:00,263.595,265.74,263.47,265.17,19203.0,276.0227075743777,254.2973079409425,252.73716830219226,251.21777133729103,250.95408525342174,250.32914729364745,249.95275105248928,243.20965486397407,231.49545379987026,226.07538879432445,213.51632379208328,211.3214871830463,209.0723757184141,206.21182043216191,199.704108950849,193.63768853518306,188.4041571213501,184.0105709273969,176.84972525555452,170.82545494445432,167.88270487210156,165.56965729489383,162.49415443119074,155.60778392161313,269.31676486755777,260.63763903089796,251.5500255888958,251.02565448754478,250.50215090293287,250.1767253465655,245.3855155435121,236.07253767415006,227.70700623164282,218.9649701089314,210.3325349372954,206.69553534088638,201.53184560971803,198.521667432994,195.6623824172136,190.27220348409486,185.49070872591744,179.98896797746144,177.60035020638406,174.3816054125434,169.13302127755787,166.88512683122883,157.42510100830944,260.63763903089796,245.3855155435121,211.68188188338456,190.27220348409486,174.3816054125434,239.94274731867552,"rgba(38, 166, 154, 0.5)",15.254312313053074,251.63097009402117,0.8875542619114687,37.98924360694068,-6.572936418234669,False,True,False,True,False,3.8517119206204455,0.0,0.0,0.0,0.0,0,0.9771246496849395,0.94212884454044,False,False,False,False,0.07108020799268301,0.07316657774001316,False,False,False,False,1228927.0,1107615.4485829694,False,False,False,False,12864.975619236195,False,False,False,False
2025-10-21 19:00:00+00:00,265.2,266.05,262.72,264.63,21530.0,275.07701765555515,254.50078849157592,252.9209100293847,251.38224560909856,251.0928886152403,250.45775621508167,250.07220171413454,243.3511616791091,231.66345968186647,226.2350754912616,213.67925313171168,211.48454956050105,209.23536106553524,206.3748420250327,199.86626714978254,193.80061494945625,188.56708784529695,184.17273610662394,177.01112828558473,170.9860536120884,168.04267622180328,165.72907549511598,162.65265366809697,155.76462216550237,269.0770974505277,260.7472482605765,251.73004036214155,251.1727444769351,250.63614795714844,250.30098580624468,245.51908569829533,236.2355725717605,227.87099345993664,219.12535054991315,210.4955780320204,206.85868353397643,201.69388577853755,198.68398303493262,195.82503645970874,190.43533564839635,185.65315008952155,180.150502811206,177.76181393571235,174.54288321505652,169.29324482853232,167.04488335398597,157.58268955910265,260.7472482605765,245.51908569829533,211.8450202455797,190.43533564839635,174.54288321505652,240.03688788398128,"rgba(38, 166, 154, 0.5)",15.115528469124705,251.69241029275003,0.8559138195979427,37.81171264448177,-6.933336818742212,False,True,False,True,False,3.548995682656056,0.0,0.0,0.0,0.0,0,0.9767406628465508,0.937645370857209,False,False,False,False,0.06820182094579023,0.0706841993429017,False,False,False,False,1207397.0,1109162.4493801326,False,False,False,False,12999.31708250385,False,False,False,False
2025-10-22 14:00:00+00:00,277.27,279.95,271.685,271.685,11834.0,275.0495974705737,254.7176959678506,253.10461309905958,251.5385134143501,251.22396883909894,250.5770750744501,250.18193733237234,243.4645010996445,231.78293222210263,226.3450326070027,213.78586367204224,211.59054299309364,209.34064153137405,206.47937612014758,199.9687594036293,193.90244278474358,188.66807474294154,184.2726292302686,177.10967888867785,171.0834853174472,168.13945056613858,165.82531000638568,162.7480767329068,155.8585279770993,269.21890762001374,260.9593561367156,251.90268309520914,251.31186120731826,250.76103564042137,250.4158114195697,245.6299359330634,236.35576712051994,227.98490282799324,219.2323079752746,210.60126053069385,206.96342338979744,201.79669092106616,198.78633493435962,195.92705478366494,190.53673484132628,185.75341458973432,180.24949906407286,177.8604864335372,174.6410885674715,169.39028745809338,167.14143782073356,157.67717487914294,260.9593561367156,245.6299359330634,211.95117445987032,190.53673484132628,174.6410885674715,240.16160672878425,"rgba(38, 166, 154, 1.0)",14.936596539982487,251.83012770856467,1.3292768696193629,43.42701873673548,-11.996618910887939,False,True,False,True,True,7.027823620815578,0.0,0.0,0.0,0.0,0,0.979072358799359,0.922975137544397,False,False,False,False,0.22045435543358954,0.14556927738824563,False,False,False,False,1219231.0,1110868.9385370298,False,False,False,False,12981.250150992162,False,False,False,False
