date,Close,High,Low,Open,Volume,aVWAP_peak_186,aVWAP_peak_178,aVWAP_peak_161,aVWAP_peak_154,aVWAP_peak_126,aVWAP_peak_117,aVWAP_peak_104,aVWAP_peak_90,aVWAP_peak_82,aVWAP_peak_76,aVWAP_peak_67,aVWAP_peak_59,aVWAP_peak_45,aVWAP_peak_33,aVWAP_peak_23,aVWAP_peak_12,aVWAP_valley_171,aVWAP_valley_167,aVWAP_valley_162,aVWAP_valley_136,aVWAP_valley_128,aVWAP_valley_122,aVWAP_valley_111,aVWAP_valley_95,aVWAP_valley_88,aVWAP_valley_70,aVWAP_valley_63,aVWAP_valley_51,aVWAP_valley_41,aVWAP_valley_28,aVWAP_valley_19,aVWAP_valley_8,aVWAP_OB_bull_171,aVWAP_OB_bull_122,aVWAP_OB_bull_111,aVWAP_OB_bull_95,aVWAP_OB_bear_82,Peaks_Valleys_avg,color,StDev,StDev_Mean,StdDev_ZScore,QQEMOD,QQE1_Value,QQE1_Above_Upper,QQE1_Below_Lower,QQE2_Above_Threshold,QQE2_Below_Threshold,QQE2_Above_TL,banker_RSI,OB,OB_High,OB_Low,OB_Mitigated_Index,TTM_squeeze_Active,VI_plus,VI_minus,VI_Regular_Bullish,VI_Regular_Bearish,VI_Hidden_Bullish,VI_Hidden_Bearish,Fisher,Fisher_Signal,Fisher_Regular_Bullish,Fisher_Regular_Bearish,Fisher_Hidden_Bullish,Fisher_Hidden_Bearish,OBV,OBV_Smoothed,OBV_Regular_Bullish,OBV_Regular_Bearish,OBV_Hidden_Bullish,OBV_Hidden_Bearish,Volume_MA,Vol_Regular_Bullish,Vol_Regular_Bearish,Vol_Hidden_Bullish,Vol_Hidden_Bearish
2021-12-31 00:00:00+00:00,47.487849277,47.6956289882,46.7149541808,46.8519836383,6869260,,,,,,,,,,,,,,,,,,,,,,,,,,,,,,,,,,,,,,,#000000,,,,,,False,False,False,False,False,,0.0,0.0,0.0,0.0,0,,,False,False,False,False,,,False,False,False,False,0,0.0,False,False,False,False,6869260.0,False,False,False,False
2022-01-07 00:00:00+00:00,50.5393591525,50.5597297124,47.500071613,47.500071613,4809740,,,,,,,,,,,,,,,,,,,,,,,,,,,,,,,,,,,,,,,#000000,,,,100.0,,False,False,True,False,False,,0.0,0.0,0.0,0.0,0,,,False,False,False,False,,,False,False,False,False,4809740,356277.037037037,False,False,False,False,6716702.962962964,False,False,False,False
2022-01-14 00:00:00+00:00,53.6112395879,53.6764253796,49.9771316988,50.6208413922,4538460,,,,,,,,,,,,,,,,,,,,,,,,,,,,,,,,,,,,,,,#000000,,,,100.0,50.0,False,False,True,False,True,,0.0,0.0,0.0,0.0,0,,,False,False,False,False,,,False,False,False,False,9348200,1022345.4046639232,False,False,False,False,6555351.632373114,False,False,False,False
2022-01-21 00:00:00+00:00,51.7901115314,53.9738355544,51.5578871483,53.6764253796,4296128,,,,,,,,,,,,,,,,,,,,,,,,,,,,,,,,,,,,,,,#000000,,,,92.91733581979167,43.30466901714682,False,False,True,False,False,,0.0,0.0,0.0,0.0,0,,,False,False,False,False,,,False,False,False,False,5052072,1320843.670985114,False,False,False,False,6388001.733678809,False,False,False,False
2022-01-28 00:00:00+00:00,50.7104718558,52.60900804,50.0341692666,51.0017708626,5495640,,,,,,,,,,,,,,,,,,,,,,,,,,,,,,,,,,,,,,,#000000,,,,84.93499753977548,36.04936475983537,False,False,True,False,False,,0.0,0.0,0.0,0.0,0,,,False,False,False,False,,,False,False,False,False,-443568,1190146.5101714018,False,False,False,False,6321900.864517416,False,False,False,False
2022-02-04 00:00:00+00:00,52.3115978652,52.7678984073,50.404913457,50.4986180327,4858492,,,,,,,,,,,,,,,,,,,,,,,,,,,,,,,,,,,,,,,#000000,,,,81.01176824531392,32.879910503234555,False,False,True,False,False,,0.0,0.0,0.0,0.0,0,,,False,False,False,False,,,False,False,False,False,4414924,1429018.916825372,False,False,False,False,6213500.207886497,False,False,False,False
2022-02-11 00:00:00+00:00,52.1445592739,53.6886477156,51.8349267632,52.4704882326,3665256,,,,,,,,,,,,,,,,,,,,,,,,,,,,,,,,,,,,,,,#000000,,,,77.81315962759966,30.404145084883666,False,False,True,False,False,,0.0,0.0,0.0,0.0,0,,,False,False,False,False,,,False,False,False,False,749668,1378696.6266901593,False,False,False,False,6024741.377672682,False,False,False,False
2022-02-18 00:00:00+00:00,51.2849216454,52.6375268239,51.2238099657,52.1853003937,3705752,,,,,,,,,,,,,,,,,,,,,,,,,,,,,,,,,,,,,,,#000000,,,,73.5936432634598,26.928326198650225,False,False,True,False,False,,0.0,0.0,0.0,0.0,0,,,False,False,False,False,,,False,False,False,False,-2956084,1057601.7654538513,False,False,False,False,5852964.386733965,False,False,False,False
2022-02-25 00:00:00+00:00,52.4664141206,52.5397481363,48.4921178809,51.0323267025,6039850,,,,,,,,,,,,,,,,,,,,,,,,,,,,,,,,51.16609337926667,,,,,,51.16609337926667,#000000,,51.16609337926667,,71.89931986486069,25.843950071571754,False,False,True,False,False,,0.0,0.0,0.0,0.0,0,,,False,False,False,False,,,False,False,False,False,3083766,1207688.0050498622,False,False,False,False,5866807.765494413,False,False,False,False
2022-03-04 00:00:00+00:00,51.1015866062,52.0549288103,50.1278738422,51.5782577082,6019884,,,,,,,,,,,,,,,,,,,,,,,,,,,,,,,,51.130503918757285,,,,,,51.130503918757285,#000000,,51.130503918757285,,68.09924501136773,22.65704784440733,False,False,True,False,False,,0.0,0.0,0.0,0.0,0,,,False,False,False,False,,,False,False,False,False,-2936118,900739.4120832058,False,False,False,False,5878146.74582816,False,False,False,False
2022-03-11 00:00:00+00:00,50.7919540955,51.5945541562,48.8730473513,50.4700992488,5005836,,,,,,,,,,,,,,,,,,,,,,,,,,,,,,,,50.922048671096455,,,,,,50.922048671096455,#000000,,50.922048671096455,,64.85691631329946,19.990278619781208,False,False,True,False,False,,0.0,0.0,0.0,0.0,0,,,False,False,False,False,,,False,False,False,False,-7941954,245725.08526222757,False,False,False,False,5813531.135026075,False,False,False,False
2022-03-18 00:00:00+00:00,52.8656770949,52.9634557825,50.0667621624,51.154550062,5275108,,,,,,,,,,,,,,,,,,,,,,,,,,,,,,,,51.16838205047044,,,,,,51.16838205047044,#000000,,51.16838205047044,,64.8212207630521,19.990278619781208,False,False,True,False,False,,0.0,0.0,0.0,0.0,0,,,False,False,False,False,,,False,False,False,False,-2666846,29979.078946507012,False,False,False,False,5773647.939838958,False,False,False,False
2022-03-25 00:00:00+00:00,52.1225590692,53.6193878118,51.5130719165,53.0530862462,9845362,,,,,,,,,,,,,,,,52.41833959916667,,,,,,,,,,,,,,,,51.55073056403555,,,,,,51.98453508160111,#000000,,51.98453508160111,,63.572043204458396,19.327721686021107,False,False,True,False,False,,0.0,0.0,0.0,0.0,0,,,False,False,False,False,,,False,False,False,False,-12512208,-899071.8157902712,False,False,False,False,6075256.388739776,False,False,False,False
2022-04-01 00:00:00+00:00,49.7726197697,52.0293845933,49.5133445054,51.9990946577,4344198,,,,,,,,,,,,,,,,51.812187324145306,,,,,,,,,,,,,,,,51.41845744168815,,,,,,51.61532238291673,#000000,,51.61532238291673,,59.517065822735816,15.603562103652862,False,False,True,False,False,,0.0,0.0,0.0,0.0,0,,,False,False,False,False,,,False,False,False,False,-16856406,-2081096.5701761767,False,False,False,False,5947029.841425718,False,False,False,False
2022-04-08 00:00:00+00:00,48.031771567,50.3282096216,47.4588143879,49.7931971716,6589002,,,,,,,,,,,,,,,,50.795570902881344,,,,,,,,,,,,,,,,50.98872954396821,,,,,,50.89215022342478,#000000,,50.89215022342478,,54.83026377807084,11.331250419046832,False,False,True,False,False,,0.0,0.0,0.0,0.0,0,,,False,False,False,False,,,False,False,False,False,-23445408,-3663638.157570534,False,False,False,False,5994583.334653442,False,False,False,False
2022-04-15 00:00:00+00:00,47.1798671275,48.3774719193,46.5378521875,48.0482334886,4063668,,,,,,,,,,,,,,,,50.23441185386676,,,,,,,,,,,,,,,,50.6766382512715,,,,,,50.45552505256913,#000000,,50.45552505256913,,50.714076028824664,7.655932952992444,False,False,False,False,False,,0.0,0.0,0.0,0.0,0,,,False,False,False,False,,,False,False,False,False,-27509076,-5429966.886639384,False,False,False,False,5851552.569123557,False,False,False,False
2022-04-22 00:00:00+00:00,46.6530856382,49.2170299178,46.6036998736,47.1469432844,3755320,,,,,,,,,,,,,,,,49.87419328024649,,,,,,,,,,,,,,,,50.44180341750507,,,,,,50.15799834887578,#000000,,50.15799834887578,,47.31551952652739,4.6723098055431365,False,False,False,False,False,,0.0,0.0,0.0,0.0,0,,,False,False,False,False,,,False,False,False,False,-31264396,-7343628.302443873,False,False,False,False,5696276.082521812,False,False,False,False
2022-04-29 00:00:00+00:00,45.4966356502,46.7724345694,45.1056650137,46.2250756783,4568926,,,,,,,,,,,,,,,,49.311783055427,,,,,,,,,,,,,,,,50.059032325735274,,,,,,49.68540769058114,#000000,,49.68540769058114,,43.940928645941995,1.685000365435613,False,False,False,True,False,,0.0,0.0,0.0,0.0,0,,,False,False,False,False,,,False,False,False,False,-35833322,-9453975.983744327,False,False,False,False,5612768.669001678,False,False,False,False
2022-05-06 00:00:00+00:00,44.6694240929,46.3814639329,44.2043748095,45.4554808464,3931136,,,,,,,,,,,,,,,,48.86389129841555,,,,,,,,,,,,,,,,49.73006503668487,,,,,,49.29697816755021,#000000,,49.29697816755021,,40.90744091211623,-1.007082275697769,False,False,False,True,False,,0.0,0.0,0.0,0.0,0,,,False,False,False,False,,,False,False,False,False,-39764458,-11699196.873837339,False,False,False,False,5488203.286112665,False,False,False,False
2022-05-13 00:00:00+00:00,43.6940552418,44.5171513187,42.0931333723,44.1591045253,4736808,,,,,,,,,,,,,,,,48.249166439380105,,,,,,,,,,,,,,,43.43477997760001,49.265405728643714,,,,,,46.983117381874614,#000000,,46.983117381874614,,38.055074074523276,-3.568407602957663,False,False,False,True,False,,0.0,0.0,0.0,0.0,0,,,False,False,False,False,,,False,False,False,False,-44501266,-14128979.772071611,False,False,False,False,5432544.376030246,False,False,False,False
2022-05-20 00:00:00+00:00,43.9944853099,45.4266724837,43.3113155661,43.920406663,4274005,,,,,,,,,,,,,,,,47.87792350477178,,,,,,,,,,,,,,,43.818683716631384,48.95187585213566,,,,,,46.88282769117961,#000000,,46.88282769117961,,36.47578475598552,-4.969383979328498,False,False,False,True,False,,0.0,0.0,0.0,0.0,0,,,False,False,False,False,,,False,False,False,False,-40227261,-16062185.788955197,False,False,False,False,5346726.64447245,False,False,False,False
2022-05-27 00:00:00+00:00,44.8011194652,45.4554808464,44.0438710745,44.7846575437,4653099,,,,,,,,,,,,,,,,47.59274185918657,,,,,,,,,,,,,,,44.14156267342085,48.68548905382417,,,,,,46.80659786214386,#000000,,46.80659786214386,,36.55441981319413,-4.969383979328498,False,False,False,True,False,,0.0,0.0,0.0,0.0,0,,,False,False,False,False,,,False,False,False,False,-35574162,-17507517.360143702,False,False,False,False,5295346.818955972,False,False,False,False
2022-06-03 00:00:00+00:00,45.9781468552,46.5213902659,44.9492767591,45.2702842291,2774645,,,,,,,,,,,,,,,,47.50067185744612,,,,,,,,,,,,,,,44.42423480205611,48.580568237690734,,,,,,46.83515829906432,#000000,,46.83515829906432,,38.221424617455156,-4.969383979328498,False,False,False,True,False,,0.0,0.0,0.0,0.0,0,,,False,False,False,False,,,False,False,False,False,-32799517,-18640258.07420713,False,False,False,False,5108628.165699974,False,False,False,False
2022-06-10 00:00:00+00:00,43.3936251737,46.6530856382,42.9861926157,46.3814639329,3175907,,,,,,,,,,,,,,,44.34430114253333,47.32391338632109,,,,,,,,,,,,,,,44.41129221699164,48.41037821089698,,,,,,46.12247123918576,#000000,,46.12247123918576,,37.312596291107006,-4.969383979328498,False,False,False,True,False,,0.0,0.0,0.0,0.0,0,,,False,False,False,False,,,False,False,False,False,-35975424,-19924344.439080678,False,False,False,False,4965463.6349073835,False,False,False,False
2022-06-17 00:00:00+00:00,40.4716341008,42.5458362145,40.1506266308,42.4470646853,6004286,,,,,,,,,,,,,,,42.19361580474216,46.723844291688394,,,,,,,,,,,,,,,43.62491739176839,47.89122546234506,,,,,,45.108400737636,#000000,,45.108400737636,,34.92594084342972,-6.747783815174714,False,False,False,True,False,,0.0,0.0,0.0,0.0,0,,,False,False,False,False,,,False,False,False,False,-41979710,-21558075.221371,False,False,False,False,5042413.439729059,False,False,False,False
2022-06-24 00:00:00+00:00,40.3481696892,41.961438,39.3522234362,41.7556639807,7897260,,,,,,,,,,,,,,,41.435369428128936,46.033817244501186,,,,,,,,,,,,,,,42.9013146231157,47.26786084442385,,,,,,44.409590535042426,#000000,,44.409590535042426,,33.156685769342296,-8.616708276153012,False,False,False,True,False,,0.0,0.0,0.0,0.0,0,,,False,False,False,False,-0.34282825441539394,-0.34282825441539394,False,False,False,False,-49876970,-23655771.13089907,False,False,False,False,5253883.555304684,False,False,False,False
2022-07-01 00:00:00+00:00,40.9386542556,41.6475125998,39.5709746268,40.5800553285,4361789,,,,,,,,,,,,,,,41.28963449093381,45.72462379854718,,,,,,,,,,,,,,,42.65001728103737,46.97433750432568,,,,,,44.15965326871101,#000000,,44.15965326871101,,32.67507080334781,-9.276835016072141,False,False,False,True,False,,0.0,0.0,0.0,0.0,0,0.8767858303094858,1.0669316927793815,False,False,False,False,-0.34282825441539394,-0.34282825441539394,False,False,False,False,-45515181,-25274986.676758397,False,False,False,False,5187802.477133966,False,False,False,False
2022-07-08 00:00:00+00:00,40.888617196,41.1805000436,39.0872830507,39.8628574744,3156428,,,,,,,,,,,,,,,41.17360023239241,45.50892857138082,,,,,,,,,,,,,,,42.47582390190585,46.76734262934974,,,,,,43.981423833757205,#000000,,43.981423833757205,,32.299810538850124,-9.893997783337724,False,False,False,True,False,,0.0,0.0,0.0,0.0,0,0.8551893620639057,1.1203882650526362,False,False,False,False,-0.34282825441539394,-0.34282825441539394,False,False,False,False,-48671609,-27008069.81181333,False,False,False,False,5037330.293642561,False,False,False,False
2022-07-15 00:00:00+00:00,38.1532579384,40.9052962159,37.6028502829,40.4466231696,4319862,,,,,,,,,,,,,,,40.832011667390766,45.161995337932325,,,,,,,,,,,,,,38.8871348124,42.13401036382396,46.442496389333144,,,,,,42.69152971417604,#000000,,41.75378804538676,,30.516284236879798,-11.887165839316538,False,False,False,True,False,,0.0,0.0,0.0,0.0,0,0.7917703433752405,1.1746661873046895,False,False,False,False,-0.34282825441539394,-0.34282825441539394,False,False,False,False,-52991471,-28932766.196123455,False,False,False,False,4984184.494113483,False,False,False,False
2022-07-22 00:00:00+00:00,40.6717899378,41.1721605337,38.686986574,38.8704557925,3723964,,,,,,,,,,,,,,,40.75727650555778,44.946574646657226,,,,,,,,,,,,,,39.484280172917714,41.98551396179124,46.22748212975042,,,,,,42.68022548333487,#000000,,41.793411321730986,,32.263186468772126,-11.887165839316538,False,False,False,True,False,,0.0,0.0,0.0,0.0,0,0.7776272865594548,1.165154607209779,False,False,False,False,-0.3062200050929124,-0.3245241297541532,False,False,False,False,-49267507,-30439043.292706903,False,False,False,False,4890834.827882854,False,False,False,False
2022-07-29 00:00:00+00:00,42.1895807454,42.5231611427,40.6884689577,41.0804259245,3078404,,,,,,,,,,,,,,,40.84718007399368,44.83806210940005,,,,,,,,,,,,,,40.125335399200644,41.97458828807873,46.10535867346174,,,,,,42.77810490882697,#000000,,41.946291467668274,,35.041322178956975,-11.887165839316538,False,False,False,True,True,,0.0,0.0,0.0,0.0,0,0.8305535738797925,1.12384265633786,False,False,False,False,-0.2185038778833897,-0.27151400381877144,False,False,False,False,-46189103,-31605714.38213602,False,False,False,False,4756580.692484125,False,False,False,False
2022-08-05 00:00:00+00:00,42.0811671163,42.4314265334,41.380648282,42.0394695666,2717055,,,,,,,,,,,,,,,40.92615989751544,44.753167419782635,,,,,,,,,,,,,,40.48640012514831,41.97408450836522,46.006933363959476,,,,,,42.829349062954215,#000000,,42.0349529877029,,36.94860455519185,-11.887165839316538,False,False,False,True,True,,0.0,0.0,0.0,0.0,0,0.8321533202889675,1.1305126601693865,False,False,False,False,-0.20317265673050997,-0.23734333027464072,False,False,False,False,-48906158,-32887228.724200018,False,False,False,False,4605504.715263078,False,False,False,False
2022-08-12 00:00:00+00:00,43.8074456722,43.8574827318,41.5807965204,42.3230129043,2953154,,,,,,,,,,,,,,,41.0799784022896,44.70117349752596,,,,,,,,,,,,,,40.94285170866247,42.030660038512174,45.93327069662591,,,,,,42.93758686872322,#000000,,42.18866591174755,,39.9564293054651,-17.24488573210749,False,False,False,True,True,,0.0,0.0,0.0,0.0,0,0.8135702758255065,1.121524635771374,False,False,False,False,-0.15954647631934724,-0.198444903296994,False,False,False,False,-45953004,-33855063.92981483,False,False,False,False,4483108.365984332,False,False,False,False
2022-08-19 00:00:00+00:00,43.5322418444,44.4996249965,42.9317971293,43.3654516458,2976990,,,,,,,,,,,,,,43.65455465673334,41.252737799574305,44.66934782369657,,,,,,,,,,,,,,41.351194942014196,42.11016706748915,45.87685348874406,,,,,,43.152475963041944,#000000,,42.09216361645275,,41.87973107608786,-15.301124321667672,False,False,False,True,True,,0.0,0.0,0.0,0.0,0,0.8454157507592157,1.0941397360397385,False,False,False,False,-0.1092299552580988,-0.1538374292775464,False,False,False,False,-48929994,-34971725.41649522,False,False,False,False,4371544.042578085,False,False,False,False
2022-08-26 00:00:00+00:00,41.4974014211,43.1486243876,41.4974014211,42.8317230102,3734593,,,,,,,,,,,,,,42.76049720466177,41.3144693305305,44.573019813506,,,,,,,,,,,,,,41.46188111609646,42.10655863807129,45.761509710206404,,,,,,42.996322635512065,#000000,,41.91085157234001,,41.703343547167734,-15.301124321667672,False,False,False,True,True,,0.0,0.0,0.0,0.0,0,0.8553744684239596,1.1116444246563684,False,False,False,False,-0.1797572732603681,-0.16679735126895726,False,False,False,False,-52664587,-36282307.75601409,False,False,False,False,4324362.483868597,False,False,False,False
2022-09-02 00:00:00+00:00,39.1956966799,41.4223458317,38.4159525012,41.4223458317,4626503,,,,,,,,,,,,,,41.502684355477356,41.17087584804601,44.35989796404909,,,,,,,,,,,,,,41.168493807243806,41.94410968552084,45.5426549834582,,,,,,42.61478610729922,#000000,,41.446540924072,,40.121935540098,-15.301124321667672,False,False,False,True,True,,0.0,0.0,0.0,0.0,0,0.7880521995343501,1.1360533178613796,False,False,False,False,-0.30625506964277943,-0.23652621045586836,False,False,False,False,-57291090,-37838513.84816119,False,False,False,False,4346743.262841294,False,False,False,False
2022-09-09 00:00:00+00:00,40.8719381762,40.9344845007,38.3367271569,39.5292770771,3277180,,,,,,,,,,,,,,41.176437047219515,41.10515132720082,44.23088707017763,,,,,,,,,,,,,,41.051548343985274,41.85831929750242,45.40610757808168,,,,,,42.47140844402789,#000000,,41.297864003977004,,40.59478671921321,-15.301124321667672,False,False,False,True,True,,0.0,0.0,0.0,0.0,0,0.8068566856681474,1.1367784743021614,False,False,False,False,-0.3217452078815142,-0.27913570916869124,False,False,False,False,-54013910,-39036691.34089,False,False,False,False,4267516.354482679,False,False,False,False
2022-09-16 00:00:00+00:00,39.796141395,41.6558521098,39.545956097,41.263895143,4156410,,,,,,,,,,,,,,40.98960634160602,41.05177958072459,44.0883782866852,,,,,,,,,,,,,,40.96753003458497,41.77553281008046,45.251095137286995,,,,,,42.35398703182804,#000000,,41.19611219174901,,40.252459057475,-15.301124321667672,False,False,False,True,True,,0.0,0.0,0.0,0.0,0,0.8045951538992966,1.1492943471185848,False,False,False,False,-0.26957122978511383,-0.27435346947690253,False,False,False,False,-58170320,-40453997.167490736,False,False,False,False,4259286.254150628,False,False,False,False
2022-09-23 00:00:00+00:00,37.3610044948,40.3548885604,36.9231802234,39.3291288388,5624914,,,,,,,,,,,,,,40.34943349416652,40.80905210983873,43.81140778907872,,,,,,,,,,,,,,40.59136537288141,41.53182069919535,44.97163650088483,,,,,,42.01078599434092,#000000,,40.8204179190205,,38.64138450231362,-15.301124321667672,False,False,False,True,True,,0.0,0.0,0.0,0.0,0,0.7428039667081437,1.177821715719672,False,False,False,False,-0.34282825441539394,-0.30859086194614826,False,False,False,False,-63795234,-42182977.67360253,False,False,False,False,4360443.864954285,False,False,False,False
2022-09-30 00:00:00+00:00,36.998902706,38.0134132946,36.5000600964,36.977387038,11866071,,,,,,,,,,,,,,39.30930063492443,40.25307755355108,43.2107533439494,,,,,,,,,,,,,,39.82633493999841,40.98182977627144,44.368713221460844,,,,,,41.32500157835927,#000000,,40.092635726186344,,37.3029592724765,-15.301124321667672,False,False,False,True,False,,0.0,0.0,0.0,0.0,0,0.7657203487273644,1.1949853342494017,False,False,False,False,-0.34282825441539394,-0.3257095581807711,False,False,False,False,-75661305,-44662853.77185419,False,False,False,False,4916416.245328042,False,False,False,False
2022-10-07 00:00:00+00:00,35.9843075678,39.4001111997,35.7813885402,37.5822949105,7962205,,,,,,,,,,,,,,38.90348683015006,39.95567395979125,42.85853251099797,,,,,,,,,,,,,,39.4647359761286,40.67547395371528,44.008126154056185,,,,,,40.97767156413989,#000000,,39.7498426799463,,35.824050596562074,-15.301124321667672,False,False,False,True,False,,0.0,0.0,0.0,0.0,0,0.7903705555320976,1.1422410388808495,False,False,False,False,-0.3197796230621689,-0.32274459062147,False,False,False,False,-83623510,-47548828.307272404,False,False,False,False,5142030.227155594,False,False,False,False
2022-10-14 00:00:00+00:00,35.2487260926,36.2125914739,33.5830990741,36.1195869196,5572499,,,,,,,,,,,,,,38.46832981807893,39.65372910956045,42.55651023044733,,,,,,,,,,,,,35.01480554686666,39.09234814229249,40.382378919609984,43.7081466626289,,,,,,39.83946406135497,#000000,,38.05730315419963,,34.3988457260441,-9.655413688668375,False,False,False,True,False,,0.0,0.0,0.0,0.0,0,0.7724692415484236,1.1603465744550683,False,False,False,False,-0.34282825441539394,-0.33278642251843193,False,False,False,False,-89196009,-50633804.65488186,False,False,False,False,5173916.8029218465,False,False,False,False
2022-10-21 00:00:00+00:00,36.8467134353,37.3709209233,35.6799290264,35.9420327704,3813884,,,,,,,,,,,,,,38.33773108144286,39.53243842904581,42.40440246398196,,,,,,,,,,,,,35.6721172688267,38.959095252311684,40.25404268294919,43.55022171915745,,,,,,39.815721271102234,#000000,,38.125345507906765,,35.07100775568714,-9.655413688668375,False,False,False,True,False,,0.0,0.0,0.0,0.0,0,0.7966204680298267,1.1494524144133718,False,False,False,False,-0.23705236082622105,-0.2849193916723265,False,False,False,False,-85382125,-53207754.31007579,False,False,False,False,5073173.6323350435,False,False,False,False
2022-10-28 00:00:00+00:00,38.2925115072,38.3686061426,36.4070555421,36.9228080706,4478796,,,,,,,,,,,,,,38.28774346864428,39.44945907292982,42.26639202297022,,,,,,,,,,,,,36.32374663506696,38.883152979350456,40.15494953828179,43.40052844126145,,,,,,39.82371030835785,#000000,,38.23602553899788,,36.93470122798224,-9.655413688668375,False,False,False,True,False,,0.0,0.0,0.0,0.0,0,0.8335320089631854,1.0931374751224257,False,False,False,False,-0.18028888493419415,-0.23260413830326032,False,False,False,False,-80903329,-55259278.36118129,False,False,False,False,5029145.659569485,False,False,False,False
2022-11-04 00:00:00+00:00,39.1633723341,39.2732868074,37.1426370172,38.0895924796,3689486,,,,,,,,,,,,,,38.30199799883764,39.41644973717278,42.17833717581501,,,,,,,,,,,,,36.786687796946104,38.866402516506696,40.10471474599029,43.30009021672394,,,,,,39.85066859828464,#000000,,38.342884512365806,,39.05163362370372,-9.655413688668375,False,False,False,True,True,,0.0,0.0,0.0,0.0,0,0.8598673485022129,1.072262971399119,False,False,False,False,-0.1291277617557391,-0.1808659500294997,False,False,False,False,-77213843,-56885542.40850119,False,False,False,False,4929911.610712486,False,False,False,False
2022-11-11 00:00:00+00:00,41.2855671649,41.2982496041,38.4658381766,39.3747463213,4316938,,,,,,,,,,,,,40.34988498186667,38.43575100063178,39.45393959993577,42.129316693024435,,,,,,,,,,,,,37.489978787052166,38.94366378078884,40.113255400709235,43.230632569968876,,,,,,40.01830285174722,#000000,,38.80481963758486,,42.304606305998924,-13.377717390720868,False,False,False,True,True,,0.0,0.0,0.0,0.0,0,0.9181859373181427,1.0118048182474817,False,False,False,False,-0.02646988263595663,-0.10366791633272816,False,False,False,False,-72896905,-58071569.26713073,False,False,False,False,4884506.1580671165,False,False,False,False
2022-11-18 00:00:00+00:00,40.1356926749,41.2771122054,39.5776653489,41.1925626105,3920450,,,,,,,,,,,,,40.34049564949535,38.541824262623344,39.484774523282205,42.08655286716345,,,,,,,,,,,,,37.921692217063224,39.00628002930391,40.11990689493669,43.16991569357292,,,,,,40.083930267180136,#000000,,38.952573039621456,,43.767017829714035,-11.943726180842596,False,False,False,True,True,,0.0,0.0,0.0,0.0,0,0.9157852668147239,1.026826897769649,False,False,False,False,0.006747750767640828,-0.04846008278254367,False,False,False,False,-76817355,-59460145.98808402,False,False,False,False,4813094.590802886,False,False,False,False
2022-11-25 00:00:00+00:00,41.184107651,41.2602022864,39.8778164106,40.0088682826,1822166,,,,,,,,,,,,,40.41902732502341,38.598443462005065,39.50552271538482,42.07221151290925,,,,,,,,,,,,,38.10990883857789,39.042623260527904,40.12909932200422,43.14682956939352,,,,,,40.127958250728256,#000000,,39.042500721533564,,45.6401606010756,-10.105549832406247,False,False,False,True,True,,0.0,0.0,0.0,0.0,0,0.909463190574561,1.0284042237558637,False,False,False,False,0.015373512464148956,-0.016543285159197358,False,False,False,False,-74995189,-60610889.914892614,False,False,False,False,4591544.324817487,False,False,False,False
2022-12-02 00:00:00+00:00,37.3117362069,40.9304588665,36.8805332732,40.8712741501,5658654,,,,,,,,,,,,,39.68289199506812,38.58207299636372,39.45167676292936,41.950849253529675,,,,,,,,,,,,,38.15486360781026,39.00251161849439,40.05571916579079,43.008166375635085,,,,,,39.98609397195267,#000000,,38.85558505443412,,44.4020458443606,-10.105549832406247,False,False,False,True,True,,0.0,0.0,0.0,0.0,0,0.8506870434688286,1.0473528983873024,False,False,False,False,-0.06349534681234188,-0.04001931598576962,False,False,False,False,-80653843,-62095553.10638205,False,False,False,False,4670589.485942118,False,False,False,False
2022-12-09 00:00:00+00:00,36.2633212308,37.4723804372,35.882848054,37.2018217336,4543175,,,,,,,,,,,,,38.97805834039553,38.468962466242466,39.344485981986864,41.81192571117383,,,,,,,,,,,,,37.96079773767145,38.88929257682866,39.94150596706412,42.8607135782712,,,,,,39.78196779495427,#000000,,38.574277780284525,,42.93459898553145,-10.105549832406247,False,False,False,True,True,0.0,0.0,0.0,0.0,0.0,0,0.8612317727261993,1.1067075353257927,False,False,False,False,-0.19938871321854992,-0.11970401460215976,False,False,False,False,-85197018,-63806772.72813153,False,False,False,False,4661151.375872332,False,False,False,False
2022-12-16 00:00:00+00:00,34.2425859139,36.4662402584,33.9804821699,35.9927625273,7143895,,,,,,,,,,,,,37.914077868657216,38.18279542242812,39.10112463494869,41.54358734526077,,,,,,,,,,,,,37.47388702959822,38.62013530148553,39.69634517742182,42.58512129578474,,,,,,39.38963425944814,#000000,,38.04772390554227,,40.84777035239283,-10.105549832406247,False,False,False,True,False,0.0,0.0,0.0,0.0,0.0,0,0.8741870231054778,1.0713130850600645,False,False,False,False,-0.31572436465377746,-0.21771418962796862,False,False,False,False,-92340913,-65920412.74826994,False,False,False,False,4845058.3109929,False,False,False,False
2022-12-23 00:00:00+00:00,35.1751679451,35.1837514414,33.4816395603,34.3271355088,8449354,,,,,,,,,,,,,37.136281995698404,37.87390687760717,38.828381551459096,41.239499947657485,,,,,,,,,,,,34.613519648933334,37.02137673781717,38.32428352053031,39.42009171546172,42.27169570067455,,,,,,38.52544863287103,#000000,,36.66127131501402,,40.16224839584793,-10.105549832406247,False,False,False,True,False,0.0,0.0,0.0,0.0,0.0,0,0.8772534348949496,1.0839266178651126,False,False,False,False,-0.34282825441539394,-0.2802712220216813,False,False,False,False,-83891559,-67251608.7669166,False,False,False,False,5112043.176845278,False,False,False,False
2022-12-30 00:00:00+00:00,35.2596167917,35.460104106,34.3443486179,35.0155452787,3943317,,,,,,,,,,,,,36.926727939522905,37.76316864727433,38.72337511816738,41.114716785437224,,,,,,,,,,,,34.74329231929172,36.88386402072248,38.21425144177801,39.311276431992724,42.141051999535705,,,,,,38.424636078191384,#000000,,36.57926323170285,,39.74696420195218,-4.621711986035891,False,False,False,True,False,0.0,0.0,0.0,0.0,0.0,0,0.8860923696855066,1.0753629586685727,False,False,False,False,-0.2984999688902698,-0.28938559545597553,False,False,False,False,-79948242,-68192100.11751537,False,False,False,False,5025470.867449332,False,False,False,False
2023-01-06 00:00:00+00:00,36.6717448314,36.7109706102,35.0591294775,35.355502029,3021087,,,,,,,,,,,,,36.87173428941847,37.716497498977894,38.670064756346534,41.039502071342056,,,,,,,,,,,,35.018473354573594,36.8470055969572,38.16281026994646,39.252426563911804,42.05943560099377,,,,,,38.40421666694087,#000000,,36.61342768498179,,40.68374083837169,-4.621711986035891,False,False,False,True,False,0.0,0.0,0.0,0.0,0.0,0,0.9055299671465252,1.0468444208302385,False,False,False,False,-0.22450494373640037,-0.25694526959618796,False,False,False,False,-76927155,-68839141.21992165,False,False,False,False,4876997.988379011,False,False,False,False
2023-01-13 00:00:00+00:00,38.0664391915,38.11874023,36.7327627096,36.8024974276,4163218,,,,,,,,,,,,,36.939751499692385,37.71354304626902,38.64148504972081,40.970004316848836,,,,,,,,,,,,35.57581842830221,36.89811669488599,38.145451802484295,39.212113210615954,41.978020766854684,,,,,,38.45270053507491,#000000,,36.7818074172874,,42.481976926205576,-4.621711986035891,False,False,False,True,False,0.0,0.0,0.0,0.0,0.0,0,0.9565959593668087,1.0186441766110879,False,False,False,False,-0.11291229090430677,-0.18492878025024737,False,False,False,False,-72763937,-69129866.83326079,False,False,False,False,4824125.396647233,False,False,False,False
2023-01-20 00:00:00+00:00,37.9531202747,38.6940516535,37.2470562549,38.0664391915,3415806,,,,,,,,,,,,,37.00922185602308,37.721192072882815,38.626432075755844,40.92043745095163,,,,,,,,,,,,35.930716846224364,36.95173319963459,38.140665673940305,39.18705045245357,41.91827343844914,,,,,,38.48952478514615,#000000,,36.90321599369121,,43.68587122804175,-4.621711986035891,False,False,False,True,True,0.0,0.0,0.0,0.0,0.0,0,0.9547207869467083,1.023219522451035,False,False,False,False,-0.07424969520463,-0.1295892377274387,False,False,False,False,-76179743,-69652079.88264889,False,False,False,False,4719805.44134003,False,False,False,False
2023-01-27 00:00:00+00:00,38.9032558076,38.9729905256,37.6654645629,38.049005512,4619382,,,,,,,,,,,,,37.13555815337092,37.75254423393181,38.623145976581085,40.86793115338822,,,,,,,,,,,,36.36287154952845,37.051168950843454,38.15357185175424,39.16924345722994,41.85108573016917,,,,,,38.551902339644144,#000000,,37.07553572191866,,45.324963954510885,-4.621711986035891,False,False,False,True,True,0.0,0.0,0.0,0.0,0.0,0,0.9258454926404309,1.0432081732429743,False,False,False,False,-0.049628602551134104,-0.0896089201392864,False,False,False,False,-71560361,-69793434.0394897,False,False,False,False,4712366.6679074345,False,False,False,False
2023-02-03 00:00:00+00:00,40.1759144112,40.4461364434,38.711485333,38.7550695318,4420639,,,,,,,,,,,,,37.332075231931704,37.826404171901835,38.65453791811167,40.845636189589,,,,,,,,,,,,36.834149900321,37.207724637703244,38.20559941731012,39.18426996070419,41.81265505091637,,,,,,38.65589471983212,#000000,,37.30008848546444,,47.48416788226776,-7.8351078649857655,False,False,False,False,True,0.0,0.0,0.0,0.0,0.0,0,0.9330976944711339,1.0146257527471267,False,False,False,False,0.03903082524343396,-0.02528904744792622,False,False,False,False,-67139722,-69596862.77730528,False,False,False,False,4690757.211025402,False,False,False,False
2023-02-10 00:00:00+00:00,40.2805164882,40.6466237577,39.6180366671,39.9841439366,3197560,,,,,,,,,,,,,37.47755036407511,37.88693763888182,38.68399013603576,40.835957612276964,,,,,,,,,,,,37.13798083940917,37.326311872392715,38.25034758713195,39.2017710153985,41.791076964634364,,,,,,38.732436003359595,#000000,,37.4571951786897,,49.107060301781445,-6.2144748976307795,False,False,False,False,True,0.0,0.0,0.0,0.0,0.0,0,0.9445196623960221,1.0374333544323335,False,False,False,False,0.07810391920191931,0.026407435876996545,False,False,False,False,-63942162,-69177996.05306044,False,False,False,False,4580150.010208705,False,False,False,False
2023-02-17 00:00:00+00:00,40.4287027639,40.9037705303,39.9928607764,40.1584807317,4373806,,,,,,,,,,,,40.44177802353334,37.67102990021132,37.97370264297581,38.7291679172788,40.82825102804879,,,,,,,,,,,,37.50284565822926,37.48744931264226,38.316186289548995,39.23083369190284,41.767092093884926,,,,,,38.99483365582564,#000000,,38.27577572365405,,50.386786581077416,-4.9233145548019905,False,False,False,False,True,0.0,0.0,0.0,0.0,0.0,0,0.9257251234499893,1.0450353802428947,False,False,False,False,0.1769748166126248,0.10169112624481066,False,False,False,False,-59568356,-68466170.86394486,False,False,False,False,4564865.268711764,False,False,False,False
2023-02-24 00:00:00+00:00,40.2717996484,40.4025522447,38.8422379293,40.1497638919,6733870,,,,,,,,,,,,40.07626956401919,37.86898557559344,38.066378892070965,38.7714069306185,40.79934023783803,,,,,,,,,,,,37.842317057595295,37.66088267432233,38.3835039506199,39.25200981010552,41.71572710713715,,,,,,39.043682179992025,#000000,,38.362113717882565,,51.1460318651836,-4.1138659620299265,False,False,False,False,True,0.0,0.0,0.0,0.0,0.0,0,0.9371032771719837,1.0361991259962835,False,False,False,False,0.23099215227334377,0.16634163925907722,False,False,False,False,-66302226,-68305878.6518008,False,False,False,False,4725532.285844225,False,False,False,False
2023-03-03 00:00:00+00:00,40.4374196037,40.8200888687,39.3260225355,40.5245880012,4044502,,,,,,,,,,,,40.10783103581705,37.98989897392871,38.12804970462919,38.8032144516568,40.788908156451406,,,,,,,,,,,,38.031141404877815,37.76836112165097,38.4303485965125,39.27132116178219,41.691771537180806,,,,,,39.10108461444874,#000000,,38.474308134068636,,51.84006876262285,-3.3371613956718704,False,False,False,False,True,0.0,0.0,0.0,0.0,0.0,0,1.0024997680542715,0.9974030351328772,False,False,False,False,0.28163877122138553,0.2239902052402314,False,False,False,False,-62257724,-67857867.19611184,False,True,False,False,4675085.598003913,False,False,False,False
2023-03-10 00:00:00+00:00,36.3753722798,40.7250753155,36.2184691643,40.4374196037,6139474,,,,,,,,,,,,39.43457163868107,37.97403028670894,38.11308823116357,38.769407308461055,40.71195941661777,,,,,,,,,,,,38.003098830770575,37.76864008672825,38.405511899450175,39.226124304168394,41.60028123995112,,,,,,39.000671324270094,#000000,,38.295085210722206,,48.82901775598812,-3.3371613956718704,False,False,False,False,False,0.0,0.0,0.0,0.0,0.0,0,0.9460717302397736,0.9901866869866002,False,False,False,False,0.10621442353741731,0.16510231438882433,False,False,False,False,-68397198,-67897817.62602948,False,False,False,False,4783558.812966586,False,False,False,False
2023-03-17 00:00:00+00:00,36.1923186451,37.1773215369,34.8412084837,35.66930826,10049022,,,,,,,,,,,,38.355851644840094,37.770459849983745,37.981290957695755,38.631824795843535,40.525888383928844,,,,,,,,,,,36.07028288856667,37.71133666511349,37.61561687427029,38.26951073487525,39.077642485517,41.39673969774649,,,,,,38.200970528063465,#000000,,37.476982762126,,46.54916585781319,1.806021539766526,False,False,False,False,False,0.0,0.0,0.0,0.0,0.0,0,0.8983801367420885,1.0693180452118853,False,False,False,False,-0.15376625311295938,0.005668030637932475,False,False,False,False,-78446220,-68679180.76484211,False,False,False,False,5173593.123117209,False,False,False,False
2023-03-24 00:00:00+00:00,36.0179818501,37.2470562549,35.328741331,36.5845764339,14851191,,,,,,,,,,,,37.6620550465311,37.5558634275379,37.82605066417447,38.46131952973253,40.28382507438747,,,,,,,,,,,36.14641313438026,37.43529479924528,37.44902382813584,38.105340086599014,38.890423122166354,41.1285351833536,,,,,,37.98156087128902,#000000,,37.19990660192364,,44.79184407298091,0.10794806097513288,False,False,False,True,False,0.0,0.0,0.0,0.0,0.0,0,0.9547329049458341,1.0451913764048424,False,False,False,False,-0.12370459105248396,-0.059018280207275745,False,False,False,False,-93297411,-70502753.3748538,False,False,False,False,5890452.225108527,False,False,False,False
2023-03-31 00:00:00+00:00,37.531486736,37.6199626594,36.1778051069,36.7175082401,6205963,,,,,,,,,,,,37.59664059137883,37.53179604840495,37.800909265606265,38.422878931432244,40.21133526620897,,,,,,,,,,,36.33860783739598,37.412239323122805,37.4331437380625,38.07342679966446,38.84332630181222,41.043726300775745,,,,,,37.96643041030892,#000000,,37.21982095007564,,45.12252218501021,0.10794806097513288,False,False,False,True,False,0.0,0.0,0.0,0.0,0.0,0,0.97597566126569,0.9904237131670593,False,False,False,False,-0.05848238285171276,-0.05875033152949426,False,False,False,False,-87091448,-71731545.56930907,False,False,False,False,5913823.393619006,False,False,False,False
2023-04-07 00:00:00+00:00,37.4253156278,38.3897031936,36.996207399,37.7526765447,3281840,,,,,,,,,,,,37.59705916298337,37.533791693304025,37.79731631881306,38.41074131037345,40.180218507105444,,,,,,,,,,,36.45934664772183,37.41915254688123,37.43726441627108,38.06559780162226,38.826227733581256,41.00576058386171,,,,,,37.9726716138657,#000000,,37.25233751272262,,45.26746605404099,0.10794806097513288,False,False,False,True,False,0.0,0.0,0.0,0.0,0.0,0,1.0054546426217474,1.0022590640203881,False,False,False,False,0.025627773722579354,-0.016561278903457453,False,False,False,False,-90373288,-73112415.37898988,False,False,False,False,5718861.660758339,False,False,False,False
2023-04-14 00:00:00+00:00,38.3720080089,38.8763207727,37.1156498957,37.1687354498,3762735,,,,,,,,,,,38.121326225766666,37.630245540500475,37.55190090177894,37.80394733968474,38.40590662387008,40.152429517381556,,,,,,,,,,,36.623264488489745,37.44706018694765,37.455698086513436,38.06664286156441,38.81525325893602,40.969717574797045,,,,,,37.79212455140522,#000000,,37.45547411042614,,46.33834188683614,0.10794806097513288,False,False,False,False,False,0.0,0.0,0.0,0.0,0.0,0,1.0524121013651073,0.9280122893848544,False,False,False,False,0.057756498930512754,0.02059761001352765,False,False,False,False,-86610553,-74112277.42499062,False,False,False,False,5573963.389591054,False,False,False,False
2023-04-21 00:00:00+00:00,37.7438289523,38.6108930023,37.4518584049,38.2127513467,4932730,,,,,,,,,,,38.01592663321424,37.65363764689938,37.566799818231026,37.80738525925741,38.39582637049241,40.11388591312946,,,,,,,,,,,36.77350851369431,37.47125035663076,37.472070363591946,38.063496876719725,38.797657336219174,40.92081515149527,,,,,,37.801755917495036,#000000,,37.47858078760967,,46.509537625046704,0.10794806097513288,False,False,False,False,False,0.0,0.0,0.0,0.0,0.0,0,1.0260400234285108,0.9648324124791765,False,False,False,False,0.06151526410018012,0.041056437056853884,False,False,False,False,-91543283,-75403463.02313946,False,False,False,False,5526464.619991717,False,False,False,False
2023-04-28 00:00:00+00:00,37.1156498957,37.6730482135,35.9698866867,37.6288102518,4965691,,,,,,,,,,,37.61739699868212,37.60106601392854,37.54244585084036,37.784630745460674,38.364650423239674,40.05893864290964,,,,,,,,,,,36.788599074804715,37.445051156812724,37.45372131931863,38.03651688687554,38.760587179833344,40.85693149944086,,,,,,37.73946656497963,#000000,,37.36302831105702,,46.04913227140721,0.10794806097513288,False,False,False,False,False,0.0,0.0,0.0,0.0,0.0,0,0.9789467755082476,1.0032968675775165,False,False,False,False,-0.06670768875193682,-0.012825625847541468,False,False,False,False,-96508974,-76966834.20661062,False,False,False,False,5484925.833325664,False,False,False,False
2023-05-05 00:00:00+00:00,36.7175082401,37.4076204431,35.0630084712,37.124497488,8000064,,,,,,,,,,,37.1663195242429,37.47641992132535,37.47692576331722,37.72957034683839,38.29987830184222,39.960167763717244,,,,,,,,,,36.39604571813333,36.73256883780406,37.370501832973524,37.400008322636076,37.97646671769047,38.68771452256626,40.74506623051717,,,,,,37.402470528680354,#000000,,36.94283850037641,,45.35262280444525,0.006919949835904049,False,False,False,True,False,0.0,0.0,0.0,0.0,0.0,0,0.9451899840379476,1.027397219482198,False,False,False,False,-0.1293592730050351,-0.07109244942628828,False,False,False,False,-104509038,-79006997.4505654,False,False,False,False,5671232.3641904285,False,False,False,False
2023-05-12 00:00:00+00:00,36.8502221253,37.2041258191,36.0981767758,37.1333450804,4067341,,,,,,,,,,,37.09536846960006,37.43850296090895,37.455482226508366,37.70957066904948,38.27384375907586,39.916313719445185,,,,,,,,,,36.504395251062974,36.731549874487804,37.34773108816577,37.382830193092154,37.9534647002539,38.65732006493364,40.69436353142722,,,,,,37.38927391922053,#000000,,36.94245413901495,,45.01835192915789,-0.5041590807535528,False,False,False,True,False,0.0,0.0,0.0,0.0,0.0,0,0.9370127442320076,1.0760289094337243,False,False,False,False,-0.08483671932442133,-0.0779645843753548,False,False,False,False,-100441697,-80594752.97274573,False,False,False,False,5552425.596472619,False,False,False,False
2023-05-19 00:00:00+00:00,36.7794413865,37.6199626594,36.6024895395,36.8590697176,4302233,,,,,,,,,,,37.08179633998734,37.41652400622208,37.442290945593726,37.69505543479831,38.252065000415314,39.87519275831664,,,,,,,,,,36.63481491302286,36.74952056561614,37.335383689228316,37.37291879146691,37.93539953825495,38.63072032488145,40.645824270874954,,,,,,37.391576922460594,#000000,,36.97066395621211,,44.70692110721597,-1.0038880389938285,False,False,False,True,False,0.0,0.0,0.0,0.0,0.0,0,0.9230762338316644,1.067873093301482,False,False,False,False,-0.03595874320225247,-0.05696166378880364,False,False,False,False,-104743930,-82383580.9006905,False,False,False,False,5459818.737474647,False,False,False,False
2023-05-26 00:00:00+00:00,37.4076204431,37.4253156278,36.1335671452,36.921002864,5230583,,,,,,,,,,,37.06800660299341,37.39192492716475,37.426846921293375,37.67790270170221,38.226329543751156,39.82653569744388,,,,,,,,,,36.720542199716924,36.767492738063694,37.3210170841348,37.361179357115674,37.914072309496504,38.599283433652246,40.588316840277024,,,,,,37.38753143854325,#000000,,36.986991616984696,,45.31586979613472,-1.0038880389938285,False,False,False,True,False,0.0,0.0,0.0,0.0,0.0,0,0.9062110700573409,1.071869401254979,False,False,False,False,-0.06604212730406049,-0.06150189554643207,False,False,False,False,-99513347,-83652452.4636023,False,False,False,False,5442838.312476525,False,False,False,False
2023-06-02 00:00:00+00:00,37.8057620987,37.8676952452,36.0716339987,37.5845722901,4588961,,,,,,,,,,,37.0887756126648,37.38502870126609,37.421668475871684,37.66894075321295,38.20915665775286,39.78896098147502,,,,,,,,,,36.81302896203178,36.797217244906236,37.31846735765598,37.358233162258024,37.90116810561897,38.57696541354087,40.54286472367052,,,,,,37.39616850332394,#000000,5.484140142199991,37.02101263021722,0.14309434991352593,46.267893696346164,-1.0038880389938285,True,False,False,False,False,0.0,0.0,0.0,0.0,0.0,0,0.9741037864950851,1.0640945776110418,False,False,False,False,-0.04544858359134431,-0.05347523956888819,False,False,False,False,-94924386,-84487410.50333546,False,False,False,False,5379588.141181968,False,False,False,False
2023-06-09 00:00:00+00:00,37.8411524681,38.221598939,37.0271739722,37.7969145064,4196100,,,,,,,,,,,37.14668420631145,37.398140209847845,37.42877492525241,37.669459338341525,38.201057502898976,39.76144444018362,,,,,,,,,,36.93505276949374,36.8453348151092,37.33022565098067,37.36612569657488,37.89760607673133,38.56386489618656,40.50788283157371,,,,,,37.4218461191542,#000000,5.464757564009099,37.08130300019056,0.13904541217231844,46.99532457121208,-1.0038880389938285,True,False,False,False,False,0.0,0.0,0.0,0.0,0.0,0,1.0191721980885347,0.976261723769072,False,False,False,False,0.025245867681039903,-0.014114685943924142,False,False,False,False,-90728286,-84949697.57716246,False,False,False,False,5291922.3529462665,False,False,False,False
2023-06-16 00:00:00+00:00,39.062120212,39.3142765939,37.4960963666,37.7172861753,7987016,,,,,,,,,,38.62416439083332,37.37347403028622,37.48905090455334,37.48482226378123,37.70230860629648,38.21341274538745,39.73367069758592,,,,,,,,,,37.28663352562737,37.00973308654084,37.402524919591784,37.41959984170683,37.92091885108213,38.565525888737035,40.4648216409935,,,,,,37.57132304202996,#000000,5.376313938985802,37.57350125832194,0.2768846779730425,49.07546012170302,-4.701785602169508,True,False,False,False,True,0.0,0.0,0.0,0.0,0.0,1,1.0753417028355525,0.926439853143968,False,False,False,False,0.10994561029556728,0.04791546217582157,False,False,False,False,-82741270,-84786110.34922451,False,False,False,False,5491558.919394691,False,False,False,False
2023-06-23 00:00:00+00:00,37.0448691569,39.0001870656,36.9785122143,38.7789972569,10605215,,,,,,,,,,38.08247829013681,37.42444393608658,37.50567528846232,37.495940091223,37.70109462343583,38.193297966222424,39.668996619624835,,,,,,,,,,37.370624096586056,37.082395962440536,37.42131111661829,37.43321896110822,37.91085017399252,38.53408699570462,40.382622071078956,,,,,,37.542803254009016,#000000,5.215454645451022,37.489985571312495,-0.08534565913649186,48.097463863961536,-4.701785602169508,True,False,False,False,True,0.0,0.0,0.0,0.0,0.0,1,1.072786777425062,0.9030365622278882,False,False,False,False,0.03739364051557518,0.04265455134569837,False,False,False,False,-93346485,-85420212.17520788,False,False,False,False,5870348.258698788,False,False,False,False
2023-06-30 00:00:00+00:00,38.351659382,38.5044190375,37.1333450804,37.1510402651,5559477,,,,,,,,,,38.06268109428782,37.47107556685245,37.52770172596449,37.5108597093981,37.707708413282624,38.18952058636369,39.6419048930961,,,,,,,,,,37.434423014037044,37.13193284447702,37.44140818303724,37.448563867570854,37.912645921423355,38.524323348433235,40.346333070031335,,,,,,37.564900034033094,#000000,5.083269487812928,37.52502812991358,0.16261802646274398,48.941159504037145,-4.701785602169508,True,False,False,False,True,0.0,0.0,0.0,0.0,0.0,1,1.0537601487447246,0.9196449369510331,False,False,False,False,-0.050346064333421835,-0.0038457564938617315,False,False,False,False,-87787008,-85595530.38445173,False,False,False,False,5847320.758054432,False,False,False,False
2023-07-07 00:00:00+00:00,37.7585924844,38.872839383,37.3632145526,38.3336876578,4443824,,,,,,,,,,38.052662960211045,37.50332299857515,37.54399578451514,37.52220111126377,37.71281634451599,38.186630228567765,39.62089516050247,,,,,,,,,,37.47690114025687,37.16790040535192,37.4565370324849,37.460278088590854,37.914056736872354,38.51679531959974,40.31813152536349,,,,,,37.5810672602638,#000000,4.97581758436838,37.55019687609875,0.04188168170712765,48.87182067154937,-4.701785602169508,True,False,False,False,True,0.0,0.0,0.0,0.0,0.0,1,1.0426680596723001,0.9398881910414779,False,False,False,False,-0.016469841710353095,-0.010157799102107413,False,False,False,False,-92230832,-86087034.20782568,False,False,False,False,5743358.035235586,False,False,False,False
2023-07-14 00:00:00+00:00,38.4954331754,39.1693728318,37.5519176564,37.7136631739,5582385,,,,,,,,,,38.110305103542096,37.56771107249672,37.57991452910781,37.547291876958305,37.72778713691192,38.19070831243423,39.60168917924729,,,,,,,,,,37.557197851356264,37.229253998602154,37.487860602770134,37.484926143663955,37.924030294343005,38.51483142505869,40.28970479511627,,,,,,37.62162786097524,#000000,4.806518435610466,37.61611700649931,0.18294243134199348,49.669267114871346,-3.8489988811931397,True,False,False,False,True,0.0,0.0,0.0,0.0,0.0,1,1.0095372684928174,0.9662531914077335,False,False,False,False,0.01960675046786287,0.004724475682877728,False,False,False,False,-86648447,-86128620.34057933,False,False,False,False,5731434.106699617,False,False,False,False
2023-07-21 00:00:00+00:00,39.3670617977,39.7714255916,38.4145604166,38.5044190375,6334913,,,,,,,,,,38.278251315742295,37.68882449468248,37.65239051030801,37.598410239375234,37.76265224614177,38.21127615785262,39.594336646035885,,,,,,,,,,37.70258765618318,37.33337876737249,37.54910840033345,37.5337658418328,37.95239806484678,38.5279836425952,40.271370200815056,,,,,,37.70517675368185,#000000,4.624726703310731,37.75076055849511,0.3494911900519057,51.18129541488889,-2.302949684070825,True,False,False,False,True,0.0,0.0,0.0,0.0,0.0,1,1.0176380733119263,0.9655622987204425,False,False,False,False,0.12920422083924563,0.06696434826106168,False,False,False,False,-80313534,-85697873.20424013,False,True,False,False,5776136.246944089,False,False,False,False
2023-07-28 00:00:00+00:00,39.3221324873,39.8972276608,38.9087828313,39.3760476598,4274161,,,,,,,,,39.3760476598,38.38301741444525,37.770004108391205,37.70336989085322,37.63508875650199,37.788294443521316,38.227319207077485,39.59177241423542,,,,,,,,,,37.79773759906862,37.40423247076743,37.59255160840445,37.5688085202802,37.97369476265707,38.53907685576378,40.26146129397904,,,,,39.3760476598,37.90191524720336,#000000,4.458228313257573,38.331701695426275,0.22215793411217913,52.202356534457294,-1.2572392654617417,True,False,False,False,True,0.0,-1.0,39.89723,38.908783,102.0,1,1.0195414222577894,0.9688843892534775,False,False,False,False,0.17638964941244462,0.12167699883675315,False,False,False,False,-84587695,-85615637.78170381,False,False,False,False,5664878.821244528,False,False,False,False
2023-08-04 00:00:00+00:00,38.2348431749,39.8343266262,37.7136631739,39.5377931773,4863661,,,,,,,,,38.95994585051728,38.403711970662734,37.81279078531132,37.73237757197647,37.657092986799256,37.80261199162632,38.23298188011242,39.578614662455806,,,,,,,,,,37.84614211723397,37.44942099071137,37.61894309262961,37.59053434700181,37.98408177981616,38.53988645448311,40.2407261622915,,,,,38.95994585051728,37.887357170447025,#000000,4.241627562066911,38.255647680931325,-0.004904840353589995,51.543811347648216,-1.2572392654617417,True,False,False,False,True,0.0,0.0,0.0,0.0,0.0,1,0.9674582344765552,1.0047399411294093,False,False,False,False,0.08123949792599419,0.10145824838137367,False,False,False,False,-89451356,-85899765.05713317,False,False,False,False,5605529.353004193,False,False,False,False
2023-08-11 00:00:00+00:00,37.4440873114,38.6043418239,37.2284266213,38.2348431749,4198095,,,,,,,,,38.581877614227814,38.353445918053474,37.81048198252366,37.7331040036196,37.65907075145584,37.801952654539846,38.226750950069615,39.55812974942326,,,,,,,,,,37.84179669128011,37.459244159730645,37.62205619705455,37.59355889081913,37.98087563067561,38.53012387431017,40.214366661353424,,,,,38.581877614227814,37.84565888633047,#000000,4.063524095680511,38.14690055152126,-0.17295658240795225,50.151624577403396,-1.2572392654617417,True,False,False,False,False,0.0,0.0,0.0,0.0,0.0,1,0.9357391115959549,1.0375697756203945,False,False,False,False,-0.046482131316698906,0.027488058532337382,False,False,False,False,-93649451,-86473815.8677159,False,False,False,False,5501274.956485364,False,False,False,False
2023-08-18 00:00:00+00:00,35.6648866184,37.3362569663,35.41328248,37.2374124834,6581887,,,,,,,,,37.77433921648207,38.11216299659122,37.70512726269955,37.66755659340653,37.614138420331,37.763470242489184,38.18457710337386,39.4988143376766,,,,,,,,,,37.71832425366161,37.396626945324286,37.572068478976966,37.55370240191802,37.9406297809392,38.484143092635286,40.14760013965713,,,,,37.77433921648207,37.68775168118804,"rgba(239, 83, 80, 0.5)",3.9015937621284715,37.82748843235862,-0.5542867724852113,47.35899171197894,0.8711046334898782,True,False,False,False,False,0.0,0.0,0.0,0.0,0.0,1,0.8858795701488219,1.0683776453286051,False,False,False,False,-0.27755255311788557,-0.1250322472927741,False,False,False,False,-100231338,-87492891.58121842,False,False,False,False,5581320.293042004,False,False,False,False
2023-08-25 00:00:00+00:00,35.6559007563,36.0063493776,35.1437066174,35.7637311013,6262161,,,,,,,,,37.2547194157299,37.87646834475259,37.58619730948877,37.589831418311796,37.559127832419705,37.71692973644624,38.13589701887241,39.43555564481057,,,,,,,,,,37.5818067834875,37.3191891573088,37.51088811050732,37.50414235065168,37.893023459919604,38.43237777371908,40.07784900532417,,,,,37.2547194157299,37.54993004591042,"rgba(239, 83, 80, 0.5)",3.629683583882043,37.57479796336469,-0.5286679025096663,45.355841696013236,-1.0046115712192218,False,False,False,True,False,0.0,0.0,0.0,0.0,0.0,1,0.9046552421076904,1.088968928282539,False,False,False,False,-0.34282825441539394,-0.23393025085408403,False,False,False,False,-106493499,-88900343.98260964,False,False,False,False,5631752.938001856,False,False,False,False
2023-09-01 00:00:00+00:00,35.7817028255,37.0846528279,35.3189309281,35.7996745497,7705979,,,,,,,,,36.98342984209922,37.68850708224368,37.48701841665093,37.52220599135169,37.51039222346965,37.67420620156572,38.08887755641335,39.36948007073358,,,,,,,,,,37.470020390270015,37.25578863962441,37.45754846769624,37.46043693386836,37.84827177316756,38.381116213778256,40.003420174415226,,,,,36.98342984209922,37.45095541888399,#000000,3.356739618169529,37.40724393281596,-0.48426190060055596,44.10942241966764,-2.142168699345831,False,False,False,True,False,0.0,0.0,0.0,0.0,0.0,1,0.8982587728134297,1.073469104212801,False,False,False,False,-0.2256921458885214,-0.2298111983713027,False,False,False,False,-98787520,-89632727.39130522,False,False,False,False,5785399.312964682,False,False,False,False
2023-09-08 00:00:00+00:00,35.0179045482,35.9254766189,34.9370317894,35.7457593771,4505629,,,,,,,,,36.78509653512322,37.551744827119144,37.40663416845641,37.465990213140586,37.46899136959723,37.63880985605295,38.05231010781111,39.32333340985285,,,,,,,,,35.2934709855,37.38028892002134,37.19959479470767,37.41195560084386,37.422713752218606,37.8122817400904,38.34256578452566,39.95293065122454,,,,,36.78509653512322,37.138648116672805,"rgba(239, 83, 80, 0.5)",3.175542212554698,36.75265031694093,-0.5462833282084888,42.44898297757408,-3.687024165985143,False,False,False,True,False,0.0,0.0,0.0,0.0,0.0,1,0.9564739377307052,1.105988950760223,False,False,False,False,-0.34282825441539394,-0.28631972639334835,False,False,False,False,-103293149,-90644610.47343077,False,False,False,False,5690601.512004335,False,False,False,False
2023-09-15 00:00:00+00:00,36.8330486895,36.886963862,35.0852985138,35.2515369624,5995231,,,,,,,,,36.7153124359815,37.46112339125771,37.35371472149608,37.42710285097172,37.439882090120626,37.61222534449264,38.021791142244275,39.27799581646357,,,,,,,,,35.85010602344671,37.32246861534397,37.165416344792014,37.38077312311951,37.39658181746045,37.783875483683325,38.3086710448371,39.90111482581669,,,,,36.7153124359815,37.15124814139903,#000000,3.0202794109354305,36.83725261650748,-0.0013919000315841062,43.79122107159105,-3.687024165985143,False,False,False,True,False,0.0,0.0,0.0,0.0,0.0,1,0.9922360461500251,0.9933868483703945,False,False,False,False,-0.24243471797951935,-0.26437722218643384,False,False,False,False,-97297918,-91137448.06799145,False,False,False,False,5713166.659263274,False,False,False,False
2023-09-22 00:00:00+00:00,36.0153352397,37.1924831729,36.0018564466,36.9498648966,9114294,,,,,,,,36.40322495306667,36.662146105208144,37.358564147186826,37.29096649443823,37.37893560340322,37.40302836784644,37.57759072338394,37.980761070230216,39.21456611867777,,,,,,,,,36.107115911899356,37.25511885487819,37.1251327750195,37.34186127452354,37.36353054424624,37.74630646346437,38.26248053094565,39.827896359006544,,,,,36.662146105208144,37.03260944874701,#000000,2.893087671793048,36.63276277934025,-0.21341473528784685,43.87787420156111,-3.687024165985143,False,False,False,True,False,0.0,0.0,0.0,0.0,0.0,1,1.002960654013526,0.98729223876428,False,False,False,False,-0.13710840327915821,-0.20074281273279604,False,False,False,False,-106412212,-92268912.06295505,False,False,False,False,5965102.017836365,False,False,False,False
2023-09-29 00:00:00+00:00,35.4786208334,36.2504944801,35.1386288699,35.943448343,10738983,,,,,,,,35.98096126809089,36.488362579685315,37.180595925666424,37.17055763951745,37.28669407041625,37.331447909017676,37.51375617522145,37.91236878794787,39.123550115617284,,,,,,,,,35.93569255877873,37.12538652943395,37.03704878662662,37.26483751598654,37.29785426017629,37.68033154408554,38.18917227362821,39.726675065170156,,,,,36.488362579685315,36.88015847832198,"rgba(239, 83, 80, 0.5)",2.7807863125062466,36.39640308305534,-0.33004414813454935,43.39116127422432,-3.687024165985143,False,False,False,True,False,0.0,0.0,0.0,0.0,0.0,0,0.9631776082537011,1.0249584971257508,False,False,False,False,-0.2944716021791519,-0.24760720745597398,False,False,False,False,-117151195,-94112044.1323658,False,False,False,False,6318722.831329967,False,False,False,False
2023-10-06 00:00:00+00:00,34.3391883072,35.4602428894,33.3651572769,35.2856524217,10140304,,,,,,,,35.442475302757,36.20204615408236,36.934142881982716,36.99304377982526,37.14974624186099,37.22380162095758,37.42027268194585,37.818430673782295,39.0128992153742,,,,,,,,,35.548180506334496,36.93433318673656,36.89811279755636,37.14808724677008,37.197773343572365,37.58651275010578,38.09205253178192,39.60803850065837,,,,,36.20204615408236,36.647396971886344,"rgba(239, 83, 80, 0.5)",2.7198950056531905,36.03171121128914,-0.6222750880351284,41.95753998632701,-4.075256816038831,False,True,False,True,False,0.0,0.0,0.0,0.0,0.0,0,0.8981072058569587,1.0633308373510406,False,False,False,False,-0.34282825441539394,-0.29521773093568393,False,False,False,False,-127291499,-96569781.52996832,False,False,False,False,6601802.917898118,False,False,False,False
2023-10-13 00:00:00+00:00,34.3299993353,35.2305185898,33.9900073718,34.0727081197,5424357,,,,,,,,35.30071191843656,36.08750220604336,36.825162090452295,36.91132392078132,37.08484179218188,37.17185754279902,37.37455097726352,37.77201590624997,38.95739362322524,,,,,,,,,35.42634914834699,36.847318666676436,36.833122948391704,37.09217551054962,37.14933668834244,37.540420205111936,38.04384493102446,39.548226837735335,,,,,36.08750220604336,36.558036574465916,"rgba(239, 83, 80, 0.5)",2.6766131045193107,35.9099313408198,-0.5902728350437254,40.92499370985541,-5.112445742676101,False,True,False,True,False,0.0,0.0,0.0,0.0,0.0,0,0.9096521217475083,1.0824517165085585,False,False,False,False,-0.3137789499753763,-0.30449834045553015,False,False,False,False,-132715856,-99247268.52774845,False,False,False,False,6514584.701757516,False,False,False,False
2023-10-20 00:00:00+00:00,32.6024726021,35.3132193376,32.5703112002,34.6791802707,7779257,,,,,,,,34.97558673718846,35.85726449211822,36.62294330230736,36.75695331419054,36.96227423478022,37.07339042592474,37.28887761521289,37.687495609207275,38.86237050851819,,,,,,,,,35.14660232783318,36.682783079273285,36.70740100105146,36.98580637640185,37.057050321226654,37.45514877551905,37.95755604479553,39.44793567941685,,,,,35.85726449211822,36.377100529106926,"rgba(255, 0, 0, 1.0)",2.697404762827226,35.650599214861806,-1.1300219584275435,38.703052577726744,-7.2783440067287515,False,True,False,True,False,0.0,0.0,0.0,0.0,0.0,0,0.8700940484710079,1.0707098731038527,False,False,False,False,-0.34282825441539394,-0.32366329743546207,False,False,False,False,-140495113,-102302664.4145819,False,False,False,False,6608264.131256959,False,False,False,False
2023-10-27 00:00:00+00:00,31.9132997033,32.9792204535,31.5641187678,32.5105828823,8420205,,,,,,,,34.515017513043674,35.53230691723099,36.347194080735726,36.54222074840959,36.79083348153325,36.934747853706526,37.16895311091375,37.57156816381885,38.738351498012015,,,,,,,,32.152212974866664,34.74070924258263,36.454216274688164,36.528962520113744,36.835884388149566,36.9265339789434,37.33685041096411,37.84074855751667,39.31939730326174,,,,32.152212974866664,35.53230691723099,35.643955814135396,"rgba(255, 0, 0, 1.0)",2.722263746601243,34.235061661930985,-0.8528791383750792,36.59746734786813,-9.288662901826655,False,True,False,True,False,0.0,1.0,32.97922,31.56412,0.0,0,0.8824653214898918,1.1076374816813577,True,False,False,False,-0.34282825441539394,-0.33324577592542803,False,False,False,False,-148915318,-105755453.56905732,False,False,False,False,6742481.9733860735,True,False,False,False
2023-11-03 00:00:00+00:00,34.8353927944,35.120250926,32.0189728811,32.3359924146,8180300,,,,,,,,34.443405856293204,35.411329762318,36.21401977951772,36.43167223720822,36.697147418797606,36.856338407569375,37.09848271846437,37.50017907052914,38.65462260938942,,,,,,,,33.058585256720846,34.65353194589242,36.33915379471729,36.435937286487224,36.75268294616776,36.852571798325,37.26588711080775,37.76694904381457,39.229738466680665,,,,33.058585256720846,35.411329762318,35.64374662841203,#000000,2.6419903464018843,34.39171320530611,0.16793384188482557,39.00091678412659,-9.288662901826655,False,True,False,True,True,0.0,0.0,0.0,0.0,0.0,0,0.9153531386639573,1.0445239642845359,False,False,False,False,-0.2130420196873156,-0.2731438978063718,False,False,False,False,-140735018,-108346532.4157938,False,False,False,False,6848987.012394513,False,False,False,False
2023-11-10 00:00:00+00:00,34.6240464388,35.1294398979,34.2289206434,34.9732273742,4366075,,,,,,,,34.45819877168092,35.38114236853665,36.168525959566836,36.39163413990435,36.661411043822234,36.82555773680596,37.0699646001577,37.47027760591996,38.61737364554728,,,,,,,,33.39223050996716,34.653957087298174,36.29831867719769,36.4018693956185,36.72052566288197,36.823483601162216,37.236722804738555,37.73548574205349,39.18906659607243,,,,33.39223050996716,35.38114236853665,35.65278136164745,"rgba(239, 83, 80, 0.5)",2.5095282977453652,34.471382184370725,0.060833844578056226,40.522203582202806,-9.288662901826655,False,True,False,True,True,0.0,0.0,0.0,0.0,0.0,0,0.9435349969854069,1.039567942634795,False,False,False,False,-0.10759995875157131,-0.19037192827897156,False,False,False,False,-145101093,-111069092.45906833,False,False,False,False,6665067.604068994,False,False,False,False
2023-11-17 00:00:00+00:00,36.324006256,36.3423841999,34.4218890551,34.5505346629,6694961,,,,,,,,34.57515901100972,35.399438810506965,36.148219384074046,36.368328296007036,36.63611492557351,36.80178771781211,37.04575290191025,37.44208287344627,38.57618393757199,,,,,,,,33.94983757388699,34.739712926506286,36.27665865152214,36.38169309720633,36.69693369348564,36.800998042607,37.21072164248752,37.70429352606221,39.14202921515027,,,,33.94983757388699,35.399438810506965,35.71720963697786,#000000,2.4359571760002856,34.666037080477494,0.6806232851124261,43.4511577058638,-11.113500219107841,False,False,False,True,True,0.0,0.0,0.0,0.0,0.0,0,0.9373318774239553,1.0197250717104347,False,False,False,False,-0.042153461746933275,-0.11626269501295242,False,False,False,False,-138406132,-113094058.3509892,False,False,False,False,6667281.929693513,False,False,False,False
2023-11-24 00:00:00+00:00,36.2321165361,36.5169746676,35.5613215812,36.3331952279,4856496,,,,,,,,34.67318738016366,35.42790734674338,36.14686632939184,36.362043381752606,36.62617878904336,36.791287351660216,37.033859164260896,37.42682756139784,38.55114910127701,,,,,,,,34.27147789218705,34.816532521631046,36.27225506600723,36.37604077052159,36.687182580288976,36.791050240864905,37.1973300906502,37.686727573731744,39.11263454196651,,,,34.27147789218705,35.42790734674338,35.76596720577307,#000000,2.4248144658370068,34.79727628518128,0.5917319741918623,45.44661066337997,-9.298793782559699,False,False,False,True,True,0.0,0.0,0.0,0.0,0.0,0,0.9754553556888105,1.0110159784782426,False,False,False,False,0.018679602641107552,-0.048791546185922435,False,False,False,False,-143262628,-115328767.21387888,False,False,False,False,6533149.638605104,False,False,False,False
2023-12-01 00:00:00+00:00,38.5017926164,38.6396271961,34.8905266263,35.8829356007,9419990,,,,,,,,34.96870384676479,35.56726129300393,36.21318696087344,36.405250582015206,36.65124431519243,36.80695050643152,37.04127045869828,37.42503585559411,38.527899272886906,,,,,,,,34.96161430104547,35.0654819734663,36.32262754094672,36.412737447789716,36.707468551844116,36.80593406468795,37.200691566412935,37.67958456820331,39.080058575336665,,,,34.96161430104547,35.56726129300393,35.92755768129421,"rgba(38, 166, 154, 0.5)",2.408435557668612,35.14076535357012,1.395523019965455,48.99469299069351,-6.00898431816946,True,False,False,False,True,0.0,0.0,0.0,0.0,0.0,0,0.9625867356254862,0.9719739471125498,False,False,False,False,0.08607355322371318,0.018641003518895374,False,False,False,False,-133842638,-116700165.04988785,False,False,False,False,6746989.665375097,False,False,False,False
2023-12-08 00:00:00+00:00,39.5309574787,39.7055479464,38.0790999051,38.115855793,6408346,,,,,,,,35.25827208779645,35.734055118501196,36.31822377366693,36.48372239338407,36.70818695156546,36.85042091434175,37.07428817822203,37.449397286207784,38.53536544605052,,,,,,,,35.510849757146275,35.31917463214225,36.4088424477562,36.4804336251766,36.75681190558448,36.8472813511552,37.22993314598448,37.69951394473687,39.08036972047441,,,,35.510849757146275,35.734055118501196,36.09785726927199,"rgba(38, 166, 154, 1.0)",2.3892616106025524,35.455587898896546,1.7057025324136363,52.346235234003714,-2.9602872440149497,True,False,False,False,True,0.062489562835445156,0.0,0.0,0.0,0.0,0,1.0136808924263074,0.9560743736652028,False,False,False,False,0.29065417201330784,0.1546475877661016,False,False,False,False,-127434292,-117495285.56471097,False,False,False,False,6721904.949421386,False,False,False,False
2023-12-15 00:00:00+00:00,41.8006335589,42.2049483262,39.1358316833,39.5217685067,7651585,,,,,,,,35.70480598729071,36.01719309090691,36.514773000558876,36.63677391357092,36.82516160873817,36.943106527830736,37.14875145966376,37.510622681483646,38.57356209720513,,,,,,,,36.26733053763988,35.71871511029292,36.57431382110002,36.613533181858074,36.85970381737288,36.93556313788024,37.29865245781234,37.754473561119674,39.10900695040148,,,,36.26733053763988,36.01719309090691,36.37323040693293,"rgba(0, 255, 0, 1.0)",2.4074067766623526,35.927011181532606,2.4398130113726078,56.29127419591214,0.6200559807483188,True,False,True,False,True,3.766837885235933,0.0,0.0,0.0,0.0,0,1.0262869401021177,0.9262151303068993,False,False,False,False,0.3428282455966981,0.24873791668139986,False,False,False,False,-119782707,-117664724.1895472,False,False,False,False,6790770.138353135,False,False,False,False
2023-12-22 00:00:00+00:00,44.4654354345,44.6446203882,41.6903658951,41.8282004749,8285692,,,,,,,,36.31345686467096,36.4309083732544,36.81993480135011,36.88080835834517,37.017335944695155,37.09859445592552,37.2770862279288,37.6208100205664,38.654995285089655,,,,,,,,37.212476083111994,36.27221672227279,36.83563690884459,36.82729125023096,37.030320618319195,37.083887330934644,37.419147447689824,37.85658288423149,39.17872046896256,,,,37.212476083111994,36.4309083732544,36.76403859250953,"rgba(0, 255, 0, 1.0)",2.526610739673257,36.55726451082754,3.1299522318563224,60.54157256006593,4.447308763972629,True,False,True,False,True,7.749582939272827,0.0,0.0,0.0,0.0,0,1.0937125151246994,0.8692696991266444,False,False,False,False,0.34282824761776537,0.2957830821495826,False,False,False,False,-111497015,-117207856.84217334,False,False,False,False,6901505.091067717,False,False,False,False
2023-12-29 00:00:00+00:00,44.8616189148,45.1505076116,44.4194905746,44.5940810423,12617996,,,,,,,44.810539033666664,37.20618944999257,37.07372523520341,37.311769739346374,37.282572476860956,37.3400358892849,37.36348237793401,37.49859233801175,37.813614696452696,38.803203560802,,,,,,,,38.45916367570068,37.097153655106034,37.26313999739201,37.18269310475013,37.319096429869035,37.33717672963349,37.628292584864155,38.036769828246925,39.3087747363429,,,,38.45916367570068,37.07372523520341,38.10269822573037,"rgba(0, 255, 0, 1.0)",2.632728925037646,39.39326145361649,2.0770681740830246,63.76739379850673,7.2680465023510195,True,False,True,False,True,8.31521291116237,0.0,0.0,0.0,0.0,0,1.1538494760394933,0.8470644789608448,False,False,False,False,0.3428282484964448,0.3193056653230137,False,False,False,False,-98879019,-115850165.15016049,False,False,False,False,7324948.862099739,False,False,False,False
2024-01-05 00:00:00+00:00,44.4329453648,44.8336619442,43.9483578734,44.3863504137,4599143,,,,,,,44.70220597177089,37.47169739735724,37.273137187262336,37.46741428929366,37.41171805916079,37.44508029531308,37.450548052712385,37.57182419102209,37.877417995114016,38.85193668762222,,,,,,,,38.794690465913796,37.34574880570624,37.40000967461041,37.29801487636208,37.413679636557866,37.420629119120214,37.69747088762156,38.09635160147083,39.351312034921946,,,,38.794690465913796,37.273137187262336,38.26097170227505,"rgba(0, 255, 0, 1.0)",2.693478607843964,39.578585660187045,1.802264064944143,65.53737669082594,8.732643702013668,True,False,True,False,True,7.5486432609208975,0.0,0.0,0.0,0.0,0,1.139631557244186,0.8596958444680225,False,False,False,False,0.31968218776532115,0.3194939265441674,False,False,False,False,-103478162,-114933720.47237082,False,False,False,False,7123037.316759017,False,False,False,False
2024-01-12 00:00:00+00:00,42.8859929884,44.7218340616,42.7974625813,44.4236263745,8484823,,,,,,,44.29490742448824,37.85373780343584,37.56916735599693,37.70089276123894,37.60776714743093,37.605891121677004,37.58476133215102,37.68496071762067,37.97551060464702,38.924859099717565,,,,,,,,39.23538149163065,37.70730601162183,37.60723768268351,37.47458113616258,37.559197545901654,37.54956044287638,37.80414592446413,38.18750468259656,39.41374943128395,,,,39.23538149163065,37.56916735599693,38.465686993636645,"rgba(0, 255, 255, 0.75)",2.711542547435494,39.77283318279414,1.1481139429474214,64.97396825790564,8.732643702013668,True,False,True,False,True,4.843495242427103,0.0,0.0,0.0,0.0,0,1.1089949417943412,0.8696998487904238,False,False,False,False,0.2832595147037053,0.3013767206239364,False,False,False,False,-111962985,-114713665.99293594,False,False,False,False,7223910.330332424,False,False,False,False
2024-01-19 00:00:00+00:00,42.7928030862,42.8813334933,42.0006889176,42.4293624677,7278220,,,,,,,43.91165933815088,38.097511173544966,37.76560906724827,37.85776618185691,37.74150856182746,37.71676779909306,37.67812278639437,37.763868174085054,38.043457324731165,38.9734328102664,,,,,,,,39.48403251328158,37.94118239869028,37.748138217045614,37.59637454801405,37.66017633287736,37.639510084981964,37.87835140529055,38.25020847818785,39.45413031854579,,,,39.48403251328158,37.76560906724827,38.586054979875314,"rgba(0, 255, 255, 0.75)",2.6845750526001146,39.85859635591693,1.0929874087301752,64.46498276069335,8.732643702013668,True,False,True,False,True,4.682981394790765,0.0,0.0,0.0,0.0,0,1.0728788868446992,0.9229206204787946,False,False,False,False,0.2093761234048539,0.25537642201439514,False,False,False,False,-119241205,-115049039.25271846,False,False,False,False,7227933.268826318,False,False,False,False
2024-01-26 00:00:00+00:00,42.6530182329,43.0071398612,41.9074990154,42.9605449101,5541877,,,,,,,43.711819034748125,38.265473819204146,37.90407450719159,37.969725415865256,37.837875375412466,37.7973206110253,37.746390447381124,37.82182312604221,38.09345933419352,39.009196310498496,,,,,,,,39.647827923778365,38.10341101366192,37.84940285303902,37.68462869244127,37.73382954192507,37.70538148582276,37.932899122292035,38.296373748329486,39.48384298140241,,,,39.647827923778365,37.90407450719159,38.67715592463675,"rgba(0, 255, 255, 0.75)",2.6618557091151906,39.93213294784814,1.022176099077998,63.932773975199424,8.732643702013668,True,False,True,False,True,4.438543002726281,0.0,0.0,0.0,0.0,0,1.059575384194858,0.9231119940741308,False,False,False,False,0.21027470984265043,0.23282556592852277,False,False,False,False,-124783082,-115770079.45622079,False,False,False,False,7103040.211876221,False,False,False,False
2024-02-02 00:00:00+00:00,42.3082155948,43.1562437047,41.7024812306,42.5691473209,8668357,,,,,,,43.46882818094778,38.49657056573253,38.09937814110676,38.129626634003074,37.976973366161765,37.91462829196685,37.8465157444409,37.907198818325725,38.16717758280814,39.061640387648545,,,,,,,,39.8609832088801,38.32832090298522,37.995169759756614,37.81286237859551,37.84157202343573,37.80216416510716,38.01328732343701,38.36439586083338,39.52718851961003,,,,39.8609832088801,38.09937814110676,38.808334143013624,"rgba(0, 255, 255, 0.75)",2.677952316747336,40.038675714636405,0.8474907734429695,63.12171392401625,8.732643702013668,True,False,True,False,True,3.829876949199061,0.0,0.0,0.0,0.0,0,1.0829292101076895,0.9171414791578941,False,False,False,False,0.208734480008439,0.22078002296848087,False,False,False,False,-133451439,-117079809.79279703,False,False,False,False,7218989.603589093,False,False,False,False
2024-02-09 00:00:00+00:00,42.0286458882,42.061262354,41.1899367685,42.019326898,9095748,,,,,,,43.192676115873,38.67782112417279,38.259334970901875,38.262416826407296,38.09452529416782,38.015020915545996,37.933117053601066,37.9813169478485,38.23073104392876,39.10487050420001,,,,,,,,40.004240527542436,38.50743147883541,38.11788339885262,37.92261957458277,37.93447717539759,37.88615957053684,38.08289242834315,38.42259992517395,39.56160565931291,,,,40.004240527542436,38.259334970901875,38.905397022688206,"rgba(38, 166, 154, 1.0)",2.714970497429857,40.095542311605904,0.7120164209607742,62.184549528397866,8.732643702013668,True,False,True,False,True,3.3332987130547522,0.0,0.0,0.0,0.0,0,1.0771605179512258,0.9079418835141371,False,False,False,False,0.16483832481998945,0.19280917389423516,False,False,False,False,-142547187,-118966282.17851576,False,False,False,False,7358008.744063975,False,False,False,False
2024-02-16 00:00:00+00:00,42.7555271253,42.8580360177,40.8730911011,42.0286458882,8195307,,,,,,,43.06170950155063,38.843879034058524,38.40717622523827,38.38684190580647,38.205309813650146,38.11033413030894,38.01579077053209,38.05255091537986,38.29240845118318,39.14837580953715,,,,,,,42.16221808136667,40.14158586155333,38.671585687283645,38.23327028736387,38.02624374384119,38.02290495969957,37.966391595048655,38.150051160923084,38.47947746518062,39.597229845516914,,,42.16221808136667,40.14158586155333,38.40717622523827,39.413982014171275,"rgba(0, 255, 255, 0.75)",2.750157866641978,41.052348119632285,0.6193022685448034,62.1349846263318,8.732643702013668,True,False,True,False,True,4.5113475991159895,1.0,42.858036,40.873093,0.0,0,1.1139163991768548,0.8631578053709733,False,False,False,False,0.17787037452230922,0.1853397742082722,False,False,False,False,-134351880,-120105956.0912183,False,False,False,False,7420030.837096274,False,False,False,False
2024-02-23 00:00:00+00:00,43.7526590788,43.8924439321,42.7182511644,42.8487170275,13628501,,,,,,,43.13023446842107,39.18244745572562,38.706278348110935,38.64217040517378,38.432748736550224,38.307063061159795,38.18702887919281,38.20138852875573,38.42365528645009,39.24791742166848,,,,,,,42.969190125980504,40.45866039450803,39.00399801111936,38.46976949317564,38.23826166602981,38.20547839244625,38.132450406696094,38.29140354192838,38.60220424016872,39.683140014649936,,,42.969190125980504,40.45866039450803,38.706278348110935,39.7233759104795,"rgba(0, 255, 255, 0.75)",2.8211587163040552,41.435133111158805,0.8214801791362313,62.89799711851414,8.732643702013668,True,False,True,False,True,6.096782803918465,0.0,0.0,0.0,0.0,0,1.1610594570794657,0.8105179338737011,False,False,False,False,0.2575020281634039,0.22142090118583804,False,False,False,False,-120723379,-120151691.12149842,False,False,False,False,7879917.515829883,False,False,False,False
2024-03-01 00:00:00+00:00,45.2064215529,45.3881418622,42.9698639004,43.5755982646,11213195,,,,,,,43.30488412036652,39.4866463641251,38.97663251729994,38.876195766495876,38.64233911549976,38.489753113967375,38.34698142074185,38.34148753402644,38.548603975681715,39.34634696487312,,,,,,,43.496056368740135,40.75524320225508,39.30244036533016,38.68720419366368,38.43389468845961,38.37545508972278,38.287645975081105,38.425069865317525,38.71995710747662,39.770208450028896,,,43.496056368740135,40.75524320225508,38.97663251729994,39.996153670223585,"rgba(0, 255, 0, 1.0)",2.936423838424055,41.760707513871715,1.1734389272897188,64.47936993180078,8.732643702013668,True,False,True,False,True,8.327729927115847,0.0,0.0,0.0,0.0,0,1.1604179589117323,0.8039548697340874,False,False,False,False,0.3073643782325221,0.2643926397091801,False,False,False,False,-109510184,-119363431.33472076,False,False,False,False,8126826.959101743,False,False,False,False
2024-03-08 00:00:00+00:00,46.2221914868,46.3899333108,44.8895758855,45.0666366997,16526148,,,,,,,43.699736883317115,39.978352069230326,39.416356077979835,39.261750985925495,38.989569779448594,38.79473781738632,38.61561407517389,38.57852347971665,38.762166589191864,39.520030867367055,,,,,,,44.27557810685687,41.248566983708855,39.78467858388264,39.04661362127466,38.75857001241631,38.659996356905324,38.54846685593195,38.65216132194918,38.92258815749356,39.926874840534616,,,44.27557810685687,41.248566983708855,39.416356077979835,40.44597731040407,"rgba(0, 255, 0, 1.0)",3.0750439462093184,42.30055851077829,1.2753095710570266,66.25496324302257,10.271949667165288,True,False,True,False,True,9.832115716016538,0.0,0.0,0.0,0.0,0,1.209446376644058,0.7584361333921334,False,False,False,False,0.3428282488749024,0.3036104442920412,False,False,False,False,-92984036,-117409402.05066738,False,False,False,False,8748998.888057169,False,False,False,False
2024-03-15 00:00:00+00:00,45.8867078389,46.6508650369,45.5605431813,46.0264926922,6343226,,,,,,,43.8316400037755,40.153175846739614,39.57529332157711,39.40276706733028,39.1177215497025,38.908297459004345,38.71637394477225,38.66795469132221,38.84306200368285,39.58627334772765,,,,,,,44.474944544589476,41.42052712584309,39.95686398922353,39.17891175642298,38.87904151114192,38.76639822654289,38.646454991658274,38.73798328456206,38.99948147445133,39.98683135247276,,,44.474944544589476,41.42052712584309,39.57529332157711,40.5990886716346,"rgba(0, 255, 0, 1.0)",3.1836732688988216,42.470071880236915,1.073174182803263,67.02392906295876,11.195501334404625,True,False,True,False,True,9.191888461592082,0.0,0.0,0.0,0.0,0,1.226375701102102,0.7714688357415594,False,False,False,False,0.3428282490615138,0.32321934667677754,False,False,False,False,-99327262,-116069984.26913646,False,False,False,False,8570793.488941822,False,False,False,False
2024-03-22 00:00:00+00:00,46.7440549391,47.4522981958,45.5791811617,45.9798977411,8449191,,,,,,,44.02495202644441,40.39165089903859,39.79284246830286,39.596816845433594,39.294579122566844,39.06558400888603,38.85634786702972,38.79259171910057,38.95622554138409,39.67991763901668,,,,,,,44.75287067981832,41.65680323887235,40.19179573174289,39.36129940998585,39.0455144663074,38.91399161752351,38.78264256681795,38.85777399784109,39.10729725434056,40.07210732161941,,,44.75287067981832,41.65680323887235,39.79284246830286,40.810912488851315,"rgba(0, 255, 0, 1.0)",3.3014570878662077,42.706569211043416,1.2229405443116297,68.13567359931922,12.455871314033004,True,False,True,False,True,10.462019364980176,0.0,0.0,0.0,0.0,0,1.203078296306875,0.763943505026875,False,False,False,False,0.3428282492156328,0.3330237979462052,False,False,False,False,-90878071,-114203916.61957079,False,False,False,False,8561785.897168353,False,False,False,False
2024-03-29 00:00:00+00:00,47.8917882514,48.0050968987,46.6926050677,46.7347359489,9390741,,,,,,47.5298300726,44.278068814956406,40.673878406931465,40.05057930855922,39.82787726687068,39.50561235258386,39.25387632877036,39.024364937905396,38.942712490159245,39.093164989776284,39.794834185116244,,,,,,,45.10648439660962,41.94062978414356,40.4696410569569,39.57872837762396,39.24427840796792,39.09089261639782,38.94616590077386,39.00233335536796,39.23816476650672,40.177608253622104,,,45.10648439660962,41.94062978414356,40.05057930855922,41.89613298378357,"rgba(0, 255, 0, 1.0)",3.4638859926972385,44.7137532670774,0.9174767850393214,69.62242963950648,14.06385864898212,True,False,True,False,True,12.119852570020786,0.0,0.0,0.0,0.0,0,1.245744019253145,0.7320434597230058,False,False,False,False,0.3428282495029532,0.3379260237245792,False,False,False,False,-81487330,-111780465.75886185,False,True,False,False,8623189.978859587,False,False,False,False
2024-04-05 00:00:00+00:00,46.9192223623,47.8729034769,46.4659877731,47.7123828932,6100822,,,,,,47.355057699510645,44.403908121137945,40.83445793455853,40.19961382136417,39.96266840622723,39.62974484253072,39.36545543588893,39.12455903901969,39.032607585581566,39.175251777264016,39.86352435756491,,,,,,,45.25773470747319,42.09725934884354,40.628488268819325,39.70634297607688,39.361839255657245,39.196135528532416,39.04383891736323,39.088938781027906,39.31659213865561,40.240521883444195,,,45.25773470747319,42.09725934884354,40.19961382136417,42.007527612654215,"rgba(0, 255, 255, 0.75)",3.589063749565556,44.77848996924132,0.5964598409035797,69.21024088652466,14.06385864898212,True,False,True,False,True,10.226838632381849,0.0,0.0,0.0,0.0,0,1.2841302900522484,0.713182405810705,False,False,False,False,0.3340403987945332,0.3359832112595562,False,False,False,False,-87588152,-109988442.51746468,False,False,False,False,8436347.90635147,False,False,False,False
2024-04-12 00:00:00+00:00,45.3517860749,47.7312676678,45.0968416185,47.013646235,6542167,,,,,,46.97052398992073,44.479844104094084,40.97111705412841,40.3297794760515,40.08172175962731,39.74071110714655,39.46618774680513,39.215775306337484,39.11482213350744,39.25024685679404,39.925497783697516,,,,,,,45.318486738747325,42.222524106113006,40.76481150530902,39.82008618430564,39.46781573908721,39.29167411111907,39.132971215526325,39.168116623616136,39.38809062236481,40.29680259049657,,,45.318486738747325,42.222524106113006,40.3297794760515,42.069960602544356,"rgba(38, 166, 154, 1.0)",3.6660523100992086,44.74784473471879,0.16473887688876562,66.80571286512537,14.06385864898212,True,False,True,False,True,7.286416931371981,0.0,0.0,0.0,0.0,0,1.2322630213335333,0.7199469464841136,False,False,False,False,0.2975615449212395,0.3167723780903978,False,False,False,False,-94130319,-108813766.70135619,False,False,False,False,8296038.209584693,False,False,False,False
2024-04-19 00:00:00+00:00,44.9174362603,45.9466564731,44.114833342,45.8427902131,8657774,,,,,,46.4126768044215,44.509200341693436,41.10565509828909,40.462935077057345,40.205430886903294,39.857981838871815,39.574093432812,39.31460976119616,39.20444311560043,39.331855077465924,39.99169338985494,,,,,,,45.28883612557643,42.333767438051744,40.90073596215379,39.93980237107994,39.581130415808005,39.39479433743644,39.229861346350745,39.25437426839146,39.465647355318715,40.35614753082327,,,45.28883612557643,42.333767438051744,40.462935077057345,42.10170219440984,"rgba(38, 166, 154, 1.0)",3.720774235848465,44.63612017743578,0.07560686702080238,64.54696755829929,14.06385864898212,True,False,True,False,False,6.491413942760328,0.0,0.0,0.0,0.0,0,1.246637898554588,0.755638654431816,False,False,False,False,0.2326331212933549,0.27470274969187636,False,False,False,False,-102788093,-108367420.50125574,False,False,False,False,8322833.45331916,False,False,False,False
2024-04-26 00:00:00+00:00,45.1534959421,45.3942768176,44.2281419893,45.1534959421,5348423,,,,,,46.19194677864191,44.52340432250148,41.182990460535564,40.54028621952982,40.27775005322923,39.92692510022648,39.63786636572405,39.373285884650436,39.25782309900733,39.38053153093239,40.031187399156224,,,,,,,45.26946953267568,42.39649510655741,40.97910497666721,40.01007449594929,39.64799154721703,39.45590667806576,39.28744712442227,39.3057823175359,39.51192178645028,40.39154058782963,,,45.26946953267568,42.39649510655741,40.54028621952982,42.129844704651404,"rgba(38, 166, 154, 1.0)",3.7858750989734697,44.59532893509412,0.14743407862483981,63.14284062663941,18.437011719363312,True,False,True,False,False,6.856521656667315,0.0,0.0,0.0,0.0,0,1.2729269479509042,0.7146223022294192,False,False,False,False,0.21155213461897493,0.24312744215542564,False,False,False,False,-97439670,-107557957.50116271,False,False,False,False,8102506.7530732965,False,False,False,False
2024-05-03 00:00:00+00:00,45.2101502658,45.3801132367,43.907100822,45.1346111676,4801571,,,,,,46.03211676015878,44.532593683461464,41.24814102764036,40.60605642616854,40.33955276864929,39.98611999435726,39.69285478088967,39.42406328573079,39.30413237036718,39.422795154326316,40.06544601650778,,,,,,44.83245477483333,45.24952261335925,42.44830267594209,41.04531053710265,40.07033490479981,39.70557580367451,39.50871930443313,39.337326741293566,39.350397020016906,39.55210052996049,40.422209776090234,,44.83245477483333,45.24952261335925,42.44830267594209,40.60605642616854,42.64043861721156,"rgba(38, 166, 154, 1.0)",3.84428313424605,45.1616719579532,0.012610493596306747,62.19250318679588,17.441916715864664,True,False,True,False,False,6.945343343820898,1.0,45.38011,43.9071,0.0,0,1.2683656801381957,0.7555159878556621,False,False,False,False,0.1913787062333332,0.21725307419437942,False,False,False,False,-92638099,-106452782.79737288,False,False,False,False,7857992.993586386,False,False,False,False
2024-05-10 00:00:00+00:00,46.6453931313,46.8672892323,44.9929753585,45.6539424676,3817554,,,,,,46.04377959364212,44.57037548494728,41.31700173812676,40.6730086421202,40.401766040142476,40.044870660954366,39.74690140909999,39.47357352154862,39.349172383360056,39.46411712663316,40.099873867806046,,,,,,45.42423474063347,45.28170587925965,42.510163380659804,41.11435205534155,40.13032532540165,39.76214969418071,39.5603277612894,39.38583620239322,39.393878519607604,39.59158883494116,40.45358921575665,,45.42423474063347,45.28170587925965,42.510163380659804,40.6730086421202,42.7466712880275,"rgba(0, 255, 255, 0.75)",3.9346966385861815,45.330023924620626,0.33430003059956626,62.77856571941547,17.441916715864664,True,False,True,False,False,9.163675421363038,0.0,0.0,0.0,0.0,0,1.236993197267327,0.7274382681656216,False,False,False,False,0.2572840108036893,0.23726854249903434,False,False,False,False,-88820545,-105146691.1086786,False,False,False,False,7558701.21628369,False,False,False,False
2024-05-17 00:00:00+00:00,46.6453931313,47.0042038477,46.1543889931,47.0042038477,3973227,,,,,,46.08933100598319,44.618046346721755,41.39286609944568,40.74635496893815,40.46987599110408,40.109081250918095,39.80592902241633,39.52761800940105,39.398360965268864,39.50933155672066,40.13782156137105,,,,,,45.79563964827107,45.32811052357321,42.57976130465543,41.19024611895535,40.19590735812371,39.82389541827771,39.616660579485064,39.43877255723527,39.44140157956105,39.63486154585701,40.48833210993996,,45.79563964827107,45.32811052357321,42.57976130465543,40.74635496893815,42.84061393657716,"rgba(0, 255, 255, 0.75)",4.0100115228242235,45.45778188113731,0.29616155549754203,63.19718181414375,17.441916715864664,True,False,True,False,False,9.16367542136306,0.0,0.0,0.0,0.0,0,1.2653573369913802,0.7456377826683078,False,False,False,False,0.29321490715184506,0.26524172482543973,False,False,False,False,-88820545,-103937346.95248018,False,False,False,False,7293110.533596009,False,False,False,False
2024-05-24 00:00:00+00:00,45.8333478258,46.7209322295,45.219592653,46.532084484,5152254,,,,,,46.07355302918162,44.65664042632818,41.475690434690755,40.82812100072755,40.5464946708966,40.18201035532886,39.87350212448081,39.589902520818676,39.45526100518843,39.561603150495046,40.18129186514054,,,,,,45.833091105834,45.35412531563286,42.65195597414784,41.2736662753607,40.270218528835436,39.89449199513477,39.681432627613766,39.49989445209028,39.496364531690446,39.68481179141877,40.527881170352934,,45.833091105834,45.35412531563286,42.65195597414784,40.82812100072755,42.89635567616355,"rgba(38, 166, 154, 1.0)",4.032197377675586,45.47935246924416,0.08779216972753955,62.270453262088566,17.191562244509285,True,False,True,False,False,7.57792301437339,0.0,0.0,0.0,0.0,0,1.2145028711161903,0.7593117861880294,False,False,False,False,0.2490567128154952,0.2571492188204675,False,False,False,False,-93972799,-103199232.2893335,False,False,False,False,7134528.568144453,False,False,False,False
2024-05-31 00:00:00+00:00,46.7775865532,48.0239816733,44.4028261539,45.908886924,7580144,,,,,46.401464793466666,46.1140587160701,44.729308306708255,41.604670479356315,40.954655984498196,40.66503919814185,40.294679106389395,39.97787154207483,39.68609768467156,39.54323217840887,39.642624900088464,40.24928471296965,,,,,,46.003215367596376,45.417273331760775,42.76735574665635,41.40323624615705,40.38503800761869,40.00341749453281,39.7814414150098,39.594274003887584,39.581428568053575,39.76238141454231,40.59008155799405,,46.003215367596376,45.417273331760775,42.76735574665635,40.954655984498196,43.606027817041195,"rgba(0, 255, 255, 0.75)",4.084482604083584,45.98400305222348,0.1942922954753474,62.48730154968388,17.191562244509285,True,False,True,False,False,9.052224523968995,0.0,0.0,0.0,0.0,0,1.2117785504443124,0.77744239945152,False,False,False,False,0.24624177563753813,0.2516954972290028,False,False,False,False,-86392655,-101954300.63827176,False,False,False,False,7167537.118652271,False,False,False,False
2024-06-07 00:00:00+00:00,46.2582552531,47.3724569514,46.0221955713,47.3535721768,4168049,,,,,46.454506306863195,46.14184734415008,44.77009140977426,41.67487665465745,41.0236583586486,40.729845762539036,40.35638388411907,40.03515374835342,39.738995149189115,39.59169538558092,39.687330719997775,40.2869351693887,,,,,,46.08062629958841,45.45365305489553,42.830321512231976,41.473778967445845,40.44788314338833,40.06313554733695,39.836388049941895,39.646194029420904,39.62832109290956,39.805218941581494,40.62459074129502,,46.08062629958841,45.45365305489553,42.830321512231976,41.0236583586486,43.66332056707944,"rgba(38, 166, 154, 1.0)",4.120178400919903,46.03265825137431,0.05475418289541228,61.8624164931629,16.463863012932308,True,False,True,False,False,8.033227962302838,0.0,0.0,0.0,0.0,0,1.1768332405749764,0.8157479202145029,False,False,False,False,0.27213781579780055,0.2619166565134017,False,False,False,False,-90560704,-101110330.5169183,False,False,False,False,6945352.813566918,False,False,False,False
2024-06-14 00:00:00+00:00,44.8796667112,46.5604116459,44.37006107,45.9938684095,9629231,,,,,45.92097909963321,46.030158235944626,44.79467819281193,41.7890226687468,41.1412678582696,40.84246921567634,40.4658504315907,40.138467808372255,39.83573507486059,39.68099128974927,39.76956438213898,40.3547804130684,,,,,45.270046475700006,45.881115681960424,45.440980882247736,42.92064761322568,41.59027622153656,40.55881748091955,40.17058635568817,39.93640312897833,39.741517597503055,39.71467291701873,39.883741542285,40.685902082897435,,45.881115681960424,45.440980882247736,42.92064761322568,41.1412678582696,44.07791729300765,"rgba(38, 166, 154, 1.0)",4.143639243281682,45.775574873309566,-0.21621287701677946,59.526948908138515,14.06063993376928,True,False,True,False,False,5.39320949814579,0.0,0.0,0.0,0.0,0,1.1165416459444282,0.8901134571681345,False,False,False,False,0.11326520305602324,0.18759092978471245,False,False,False,False,-100189935,-101042153.07122065,False,False,False,False,7144158.605154553,False,False,False,False
2024-06-21 00:00:00+00:00,44.8135700003,45.3517860749,44.4453168966,44.8324547748,3377198,,,,,45.77762781246817,45.980280866016514,44.795959110106615,41.82295526281267,41.17714159943776,40.87720841028854,40.49999684165014,40.17099474942326,39.866429708509116,39.709454814464266,39.79577984549083,40.37623970158222,,,,,45.1662302344164,45.80078527519288,45.42749152542085,42.945638098257255,41.625201633457515,40.59332533786409,40.20435603463358,39.96804971331855,39.771826139262465,39.742200906355414,39.90874467047436,40.70518163182126,,45.80078527519288,45.42749152542085,42.945638098257255,41.17714159943776,44.05193114175866,"rgba(38, 166, 154, 1.0)",4.175173627017114,45.68123104702349,-0.207814362763011,57.77283871370778,12.2797434181211,True,False,True,False,False,5.268350889358423,0.0,0.0,0.0,0.0,0,1.0609488340050321,0.9750492719359588,False,False,False,False,0.047469370349050896,0.11753015006688167,False,False,True,False,-103567133,-101229188.6215006,False,False,False,False,6865124.486254216,False,False,True,False
2024-06-28 00:00:00+00:00,45.5094739423,46.0647010119,45.0307449076,45.1440535548,6236970,,,,,45.72879427742273,45.94751963743435,44.81839732127207,41.89694644561399,41.25321427813757,40.950236216530456,40.571069306212124,40.238237623133514,39.92954476671723,39.76787460817323,39.849742880773995,40.42112251263041,,,,,45.285743391023274,45.76676823114,45.431986616374985,43.005517652040375,41.70060411192982,40.665305929169634,40.274168320944554,40.03322178684496,39.83404469260929,39.798765074987436,39.96036626473184,40.74593255096299,,45.76676823114,45.431986616374985,43.005517652040375,41.25321427813757,44.08354919623891,"rgba(38, 166, 154, 1.0)",4.214959220657553,45.68220638425508,-0.04098080975695345,57.31137543074132,11.752587745253308,True,False,True,False,False,6.4127717074157005,0.0,0.0,0.0,0.0,1,1.0023423503875746,0.9649762311126305,False,False,False,False,0.1229108166518519,0.12022048335936678,False,False,False,False,-97330163,-100940371.90879685,False,False,False,False,6818594.52430946,False,False,False,False
2024-07-05 00:00:00+00:00,46.2082942195,46.648646723,45.0978400804,45.7583688356,4588588,,,,,45.761826363608115,45.94944038449708,44.84388570150003,41.956029310163046,41.31321271574336,41.00764892149143,40.62671470504872,40.29075406539641,39.97874480155198,39.81340726248069,39.891891622762564,40.45650946776309,,,,,45.42036353633359,45.78554075361973,45.44849202234704,43.05536007167336,41.76054223050926,40.721708695120796,40.32866739269888,40.08404575437004,39.882514043607706,39.84288887049643,40.000760844244276,40.77825280940767,,45.78554075361973,45.44849202234704,43.05536007167336,41.31321271574336,44.12946930899946,"rgba(38, 166, 154, 1.0)",4.269871692819405,45.72929275951463,0.11218169875944997,57.734575029239906,11.752587745253308,True,False,True,False,False,7.547120037740349,0.0,0.0,0.0,0.0,1,1.0159618776099473,0.9444632990589745,False,False,False,False,0.16121665307785918,0.14071856821861298,False,False,False,False,-92741575,-100333053.61925635,False,False,False,False,6653408.855842093,False,False,False,False
2024-07-12 00:00:00+00:00,46.3614603077,47.5963618934,45.9881179678,46.2082942195,8847625,,,,,45.93843319759349,46.012429573089676,44.91684687024847,42.08325602489247,41.44054790245833,41.129013805095305,40.74374088841981,40.400845223050105,40.081626900685094,39.90858815064435,39.980225578169204,40.5315275432193,,,,,45.75290692849915,45.90836754816117,45.513809457961116,43.16764483828146,41.88893748635783,40.84045183432693,40.442860463486255,40.19038424352619,39.98378124707456,39.93521901972124,40.085610512114314,40.847261884018835,,45.90836754816117,45.513809457961116,43.16764483828146,41.44054790245833,44.26231798275431,"rgba(38, 166, 154, 1.0)",4.327871527904567,45.90303431183587,0.10592412295706233,58.200709997938176,11.752587745253308,True,False,True,False,False,7.795702950836045,0.0,0.0,0.0,0.0,1,1.065692846244273,0.9182856471600639,False,False,False,False,0.2723521160353356,0.20653534212697428,False,False,False,False,-83893950,-99115342.24005218,False,False,False,False,6815943.385038975,False,False,False,False
2024-07-19 00:00:00+00:00,47.8548296672,48.1994533655,46.8592500942,46.9071144967,6063073,,,,,46.142502812494456,46.1069389929864,44.99019657711348,42.184573950605945,41.54027236511526,41.223583035335984,40.83434453185358,40.48571261266254,40.16066279763527,39.981647400290434,40.04822040140151,40.590039591354405,,,,,46.047891990644644,46.062040441531025,45.59017845514517,43.26136223731891,41.99058857776039,40.93251049196018,40.53085903127143,40.27214822713705,40.06148729692111,40.006169120479875,40.15109313767747,40.90152784963056,,46.062040441531025,45.59017845514517,43.26136223731891,41.54027236511526,44.391654640071565,"rgba(0, 255, 255, 0.75)",4.414281623118204,46.089843559414135,0.3998354111668792,60.00725445559168,11.752587745253308,True,False,True,False,True,10.17258705714804,0.0,0.0,0.0,0.0,1,1.0921116412119969,0.8503764219216797,False,False,False,False,0.34282824186985367,0.27468179199841397,False,False,False,False,-77830877,-97538715.1852335,False,False,False,False,6760175.208369421,False,False,False,False
2024-07-26 00:00:00+00:00,49.0227210893,49.1519549762,47.7973923841,47.9888499943,4866010,,,,,46.36356476034432,46.22064793388017,45.067854294485876,42.27796258116302,41.63101447985982,41.309267380388796,40.91599624899338,40.561903609099545,40.231395389074876,40.046966547459725,40.10913732143118,40.64299978731324,,,,,46.33906508567571,46.23479795302482,45.67620252634269,43.350651337858416,42.083871601985756,41.01557151598868,40.60985177485147,40.345386484975606,40.13095909591852,40.069654161794475,40.20987698190596,40.950953501097054,,46.23479795302482,45.67620252634269,43.350651337858416,41.63101447985982,44.52456325546206,"rgba(0, 255, 255, 0.75)",4.524466592466914,46.28951893323126,0.6040937865735229,62.27203041837182,8.084455370609128,True,False,True,False,True,11.952058536639893,0.0,0.0,0.0,0.0,1,1.1159078726376812,0.8317580056083396,False,False,False,False,0.3428282436014125,0.3087550177999132,False,False,False,False,-72964867,-95718430.13447547,False,False,False,False,6619866.67441613,False,False,False,False
2024-08-02 00:00:00+00:00,47.6442262959,49.8076972911,47.0794263459,49.0514397309,5216975,,,,,46.519758444735885,46.30990109506077,45.13687955028242,42.367823746292714,41.71928973401553,41.39310225105618,40.996350322812596,40.63727425994594,40.30168477708359,40.112067645025256,40.169881785780646,40.695656363551784,,,,,46.53545909378772,46.36418030924038,45.749208609015284,43.43478402627319,42.17392809805089,41.097188785412996,40.68790052168839,40.41804386822796,40.200079479293834,40.13294238945286,40.26847284437599,40.99999012666543,,46.36418030924038,45.749208609015284,43.43478402627319,41.71928973401553,44.63112127067548,"rgba(38, 166, 154, 1.0)",4.597992652344449,46.432324735706196,0.26357187838825075,61.785858549357854,8.084455370609128,True,False,True,False,True,9.16937989602259,0.0,0.0,0.0,0.0,1,1.1007644912190653,0.8250601660708401,False,False,False,False,0.33946753128930834,0.32411127454461075,False,False,False,False,-78181842,-94419423.6059958,False,False,False,False,6515948.772607528,False,False,False,False
2024-08-09 00:00:00+00:00,48.7546804351,48.8887007622,45.5190468228,45.6817857915,4352624,,,,,46.6002760145852,46.36163304959091,45.183868250947896,42.43500159113965,41.786061196359654,41.45689657533522,41.05786838172185,40.695288039454404,40.35604083264291,40.16256204792862,40.21701804068152,40.73638345312432,,,,47.720809340033334,46.63247957981938,46.43560667925978,45.796085741287214,43.496224145186474,42.241493618100925,41.15957566016893,40.74790355326523,40.47413486875074,40.25359853168601,40.182041177339045,40.31392214419965,41.037827024575904,,46.43560667925978,45.796085741287214,43.496224145186474,41.786061196359654,45.29034780099508,"rgba(0, 255, 255, 0.75)",4.692349894191231,46.84729290342442,0.4064887688867322,62.40236107512531,8.293651103236947,True,False,True,False,True,10.856724327332714,0.0,0.0,0.0,0.0,1,1.0783635127805917,0.8351916182501036,False,False,False,False,0.20595878372459603,0.2650350291346034,False,False,False,False,-73829218,-92894223.19073686,False,False,False,False,6355702.493155118,False,False,False,False
2024-08-16 00:00:00+00:00,50.3342057191,50.3916430022,48.3334736926,48.8216905986,4330923,,,,,46.79326535783395,46.478662137605966,45.263891235794645,42.52443381758673,41.87256308291181,41.53863115969682,41.13570395416337,40.76796571431028,40.42356672644257,40.22503833721281,40.275472599408886,40.787715043871785,,,,48.70116892345699,46.862468294665824,46.59743180619437,45.8859953037574,43.583276730084506,42.33064645048963,41.23874650597109,40.82314596591002,40.54400587875233,40.319920288913785,40.24284317496754,40.370453957676325,41.08600439688011,,46.59743180619437,45.8859953037574,43.583276730084506,41.87256308291181,45.502124005747,"rgba(0, 255, 255, 0.75)",4.792186269957737,47.23858359553778,0.6459728293469519,64.0309424778585,9.937121353571662,True,False,True,False,True,13.157440939275862,0.0,0.0,0.0,0.0,1,1.146380159313734,0.8200868752870273,False,False,False,False,0.34282824218769337,0.3039316356611484,False,False,False,False,-69498295,-91161191.4729045,False,False,False,False,6205718.82699548,False,False,False,False
2024-08-23 00:00:00+00:00,52.0956157329,52.2679275821,50.16189387,50.4299345242,4329870,,,,,47.07070817620982,46.64964544146286,45.37291049718059,42.63385818285164,41.97689973125875,41.636652801641944,41.2284145579996,40.85406697946275,40.50319471456335,40.29855712747504,40.34437165691689,40.84883681482598,,,,49.635227053472335,47.18777423975059,46.83025516188476,46.01297051002102,43.69315634594032,42.4392238762572,41.33319969525577,40.91232014422358,40.62652035310858,40.39801828978859,40.314436823547226,40.43721577916388,41.14372753001422,,46.83025516188476,46.01297051002102,43.69315634594032,41.97689973125875,45.75257294850311,"rgba(0, 255, 0, 1.0)",4.9292483394006075,47.680991157829375,0.8955979230714597,66.29804192221205,12.15560402607403,True,False,True,False,True,15.582563583258842,0.0,0.0,0.0,0.0,0,1.1431137608889912,0.8057062452381688,False,False,False,False,0.3428282438885702,0.3233799397748593,False,False,False,False,-65168425,-89235801.36380047,False,False,False,False,6066767.062032851,False,False,False,False
2024-08-30 00:00:00+00:00,55.9439136977,56.5805102516,52.0668970914,52.2392089405,9930472,,,,,47.997323379907726,47.243737305844576,45.73829501817584,42.96620785589911,42.28917181020397,41.92833481026505,41.502309204025224,41.1069946185097,40.735952229444216,40.513007557321615,40.54578778201359,41.029726777936254,,,,51.89822335186553,48.24987213442665,47.61807634523051,46.448820895968076,44.03741450258368,42.76743138300767,41.61271343150798,41.17433843951417,40.868084070325864,40.62594982682499,40.523449576751055,40.63285145893814,41.31581448959637,,47.61807634523051,46.448820895968076,44.03741450258368,42.28917181020397,46.496540217290935,"rgba(0, 255, 0, 1.0)",5.179537628566571,48.94087380285761,1.35205888962341,69.68669410916326,15.386442672729927,True,False,True,False,True,20.0,0.0,0.0,0.0,0.0,0,1.1707480677706654,0.7565067655410954,False,False,False,False,0.3428282467640487,0.333104093269454,False,False,False,False,-55237953,-86717442.22574118,False,False,False,False,6352967.427808196,False,False,False,False
2024-09-06 00:00:00+00:00,56.7863271826,57.8967813217,54.9674798857,55.5705713578,6450377,,,,,48.61053223824824,47.66133074109364,46.00207080102388,43.20182947396422,42.51015997094495,42.13481840542114,41.69611993370862,41.285996049944885,40.90071042954637,40.664929217810865,40.68871157912155,41.15876475378239,,,,52.91906796872736,48.93435516690566,48.15297632730712,46.76191605072466,44.2829805216376,42.999935529979496,41.81049724828226,41.3596492586621,41.039032485191385,40.78727980654403,40.67161825180192,40.77183470399254,41.43892878543811,,48.15297632730712,46.76191605072466,44.2829805216376,42.51015997094495,46.95269948196118,"rgba(0, 255, 0, 1.0)",5.454319206655883,49.6542329252971,1.3076048516925138,72.41454392552325,17.91147863916342,True,False,True,False,True,20.0,0.0,0.0,0.0,0.0,0,1.1853662321399225,0.7571705127856762,False,False,False,False,0.34282824813252394,0.337966170700989,False,False,False,False,-48787576,-83907822.50531591,False,False,False,False,6360182.951674256,False,False,False,False
2024-09-13 00:00:00+00:00,58.8253507311,58.9210795362,57.0926593589,57.226679686,8759820,,,,,49.468446736724,48.27121507246712,46.39580366695324,43.54882694142689,42.83517454989248,42.43861150296146,41.9811955324859,41.549346626719796,41.14316568240332,40.888660647628015,40.89949181865693,41.34991468126304,,,,54.14981796990179,49.8755340348363,48.91459992414207,47.22714679312156,44.646332492506154,43.34213871206286,42.10140551701589,41.63212163951592,41.29053512732135,41.02468031725841,40.889948744978,40.97700550967947,41.621745258458404,,48.91459992414207,47.22714679312156,44.646332492506154,42.83517454989248,47.583986234414205,"rgba(0, 255, 0, 1.0)",5.779215167661688,50.60209966640104,1.422901004052104,75.03504967089904,20.303756517838366,True,False,True,False,True,20.0,0.0,0.0,0.0,0.0,0,1.2039128098118264,0.7413098348188909,False,False,False,False,0.3428282488729029,0.340397209786946,False,False,False,False,-40027756,-80657447.20862585,False,False,False,False,6537933.84414283,False,False,False,False
2024-09-20 00:00:00+00:00,59.0455269828,59.3614320396,58.2126863785,59.256130354,5508256,,,,,49.96543213590354,48.64077751843494,46.64244174697819,43.76742622808307,43.04036723996217,42.630793562471,42.16183518585181,41.71653211410824,41.29735091640423,41.031160328011104,41.033903422858224,41.47207869322563,,,,54.745701735539164,50.41140381759837,49.36429854091361,47.515619638843866,44.87483868370985,43.5578210547711,42.28564608274421,41.804955601689855,41.4503536019999,41.175710173934064,41.02907751101105,41.10791583907148,41.73870705057673,,49.36429854091361,47.515619638843866,44.87483868370985,43.04036723996217,47.94857611007757,"rgba(0, 255, 0, 1.0)",6.090518876182526,51.12170905748867,1.3010086802781395,76.97489208436009,22.03670329438701,True,False,True,False,True,20.0,0.0,0.0,0.0,0.0,0,1.228535919501135,0.7447337940995465,False,False,False,False,0.3428282491786413,0.34161272948279364,False,False,False,False,-34519500,-77239821.48946838,False,False,False,False,6461661.4112433605,False,False,False,False
2024-09-27 00:00:00+00:00,59.2350700169,59.9932421532,58.5381643158,59.1508286684,7317162,,,,,50.57479854077798,49.11054026872083,46.965163097989084,44.05545690493528,43.31134915775223,42.885090712372126,42.40125993561057,41.93853258429366,41.502436207427124,41.220982569587925,41.213137458370085,41.63525894017367,,,,55.39299848319327,51.05980334003249,49.924055700436995,47.88960741419949,45.1752571876576,43.84216114376845,42.52971927649741,42.03428327660793,41.66277747496242,41.37667844351204,41.21448940179711,41.28256249979741,41.89506032753302,,49.924055700436995,47.88960741419949,45.1752571876576,43.31134915775223,48.39898420817114,"rgba(0, 255, 0, 1.0)",6.375343468936181,51.73791401611018,1.1759611128905705,78.4217204021459,23.323162916376162,True,False,True,False,True,20.0,0.0,0.0,0.0,0.0,0,1.2124063399704106,0.7438961104256531,False,False,False,False,0.3428282493500626,0.34222048941642813,False,False,False,False,-27202338,-73533341.23098925,False,False,False,False,6525031.825225334,False,False,False,False
2024-10-04 00:00:00+00:00,58.2963668979,59.4963585139,57.9286275316,59.0318456303,5647533,,,,,50.960243841312675,49.42310480768599,47.18997093235032,44.26089686378285,43.505703417344336,43.068150661823495,42.574224918244475,42.09947605057338,41.65159395395939,41.35937227470797,41.34394463929128,41.75437744770531,,,,55.71022491600219,51.46221553713701,50.28605091789001,48.145998104158764,45.3878627644228,44.04527522184026,42.70586747406434,42.20035793255383,41.81707635462836,41.52296207645622,41.34972405131524,41.41005056513333,42.00917719256845,,50.28605091789001,48.145998104158764,45.3878627644228,43.505703417344336,48.68718439065829,"rgba(0, 255, 0, 1.0)",6.597950696791078,52.10468380308547,0.9384251837204334,78.07509440513321,23.323162916376162,True,False,True,False,True,20.0,0.0,0.0,0.0,0.0,0,1.204679286048943,0.7521277846849986,False,False,False,False,0.3150559327873584,0.3286382111018933,False,False,False,False,-32849871,-70519750.84350856,False,False,False,False,6460031.91224568,False,False,False,False
2024-10-11 00:00:00+00:00,58.9931362233,59.1286191477,57.2415355579,58.2866895461,6396901,,,,,51.348111331879004,49.748799558859645,47.431755538614304,44.48480199003494,43.71825573341891,43.268851305136984,42.76429679570304,42.27676056049919,41.816256379093396,41.51241409556636,41.488737825920055,41.88635092605929,,,,55.988760513487776,51.86211417308392,50.65573695485853,48.41878122893178,45.61856593552646,44.26684411586952,42.89930826750636,42.38314373315084,41.98726206139538,41.68453978776188,41.49933623250937,41.551214590761866,42.13564664784081,,50.65573695485853,48.41878122893178,45.61856593552646,43.71825573341891,48.98242713411459,"rgba(0, 255, 0, 1.0)",6.818039847129201,52.46368074332731,0.9576734114749971,78.11878109437728,23.323162916376162,True,False,True,False,True,20.0,0.0,0.0,0.0,0.0,0,1.2212913552147864,0.7529406254055159,False,False,False,False,0.2890102631827145,0.3088242371423039,False,False,False,False,-26452970,-67255544.85510051,False,False,False,False,6455355.54837563,False,False,False,False
2024-10-18 00:00:00+00:00,60.6382860196,60.9866706823,58.1608839735,59.0028135751,7852145,,,,,51.86066648847062,50.180324920819636,47.75256224958894,44.778173171263795,43.99632845326743,43.53139643800549,43.01282330622531,42.50854801355951,42.031540795783435,41.71259000266639,41.678309988066104,42.05968581693139,,,,56.42524481225843,52.39125699036944,51.14377067112076,48.78088249644424,45.922122805762676,44.55698493895572,43.15225181243149,42.62204036715482,42.209743371912445,41.895776582933784,41.69510359696413,41.73616389270517,42.30203836548016,,51.14377067112076,48.78088249644424,45.922122805762676,43.99632845326743,49.379198954505426,"rgba(0, 255, 0, 1.0)",7.071982565177452,52.955234740554815,1.0864069881728282,78.78233221352663,23.719809552889757,True,False,True,False,True,20.0,0.0,0.0,0.0,0.0,0,1.2540929043342044,0.6866685348287296,False,False,False,False,0.3428282494545823,0.3258262432984431,False,False,False,False,-18600825,-63651491.532500476,False,False,False,False,6558821.433681139,False,False,False,False
2024-10-25 00:00:00+00:00,60.7834462957,61.3157006416,60.040806323,60.5318351504,4181336,,,,,52.13358221177429,50.4128397302021,47.927346814905206,44.9377517752515,44.14765024687749,43.674385985825595,43.14825572841748,42.6349591613511,42.14904201902316,41.82193584631084,41.78194949396479,42.15463014152819,,,,56.66412691076971,52.67214546791448,51.40465582224027,48.977490642397875,46.08733827339851,44.71480938077854,43.290062445177846,42.7522681056444,42.33112763597034,42.01108683512224,41.802077724319616,41.837323062382836,42.39326816813462,,51.40465582224027,48.977490642397875,46.08733827339851,44.14765024687749,49.59320870296325,"rgba(0, 255, 0, 1.0)",7.306822235998793,53.21862760317469,1.0353089822351829,79.30948980771747,24.348833675819264,True,False,True,False,True,20.0,0.0,0.0,0.0,0.0,0,1.287945875835693,0.6701733926016078,False,False,False,False,0.34282824979628596,0.33432724654736456,False,False,False,False,-14419489,-60004676.53009304,False,False,False,False,6382711.40155661,False,False,False,False
2024-11-01 00:00:00+00:00,60.9189292201,61.4802156212,60.4157069295,60.9479612753,3404557,,,,,52.34918208200565,50.59868355124163,48.06866047433872,45.0671629552197,44.270497902867625,43.790580087600794,43.25840007156505,42.737861959290484,42.24477477946624,41.911092196386605,41.86649862851106,42.23215394926617,,,,56.84958758763477,52.89323950513372,51.61168279099189,49.135830503004854,46.221187272188345,44.84283009324884,43.40211252667055,42.85823723250421,42.429987214478494,42.105053843659924,41.88931978699515,41.919868684430334,42.46778885431149,,51.61168279099189,49.135830503004854,46.221187272188345,44.270497902867625,49.763804681500815,"rgba(0, 255, 0, 1.0)",7.532489572527758,53.42592299144151,0.9947582610650704,79.73822035917111,24.909619838366723,True,False,True,False,True,20.0,0.0,0.0,0.0,0.0,0,1.3039107051338883,0.6640232050265523,False,False,False,False,0.3428282498005349,0.3385777481739497,False,False,False,False,-11014932,-56375806.56490096,False,False,False,False,6162107.371811677,False,False,False,False
2024-11-08 00:00:00+00:00,62.2544037606,62.6995619408,60.7060274818,61.1802177172,3670465,,,,,52.59449006094232,50.809543962027526,48.2285888598665,45.212554950183765,44.40836462458702,43.92094189942461,43.38191776738088,42.853227179448325,42.35207880233181,42.01102977735547,41.96131062127362,42.31922015195681,,,,57.07469247793681,53.145305230838794,51.84673262867093,49.315252142031014,46.37194013119401,44.986605650628455,43.52777859544907,42.97702874988494,42.54079936419449,42.210369489977275,41.98712759548696,42.01246399064281,42.55155273711095,,51.84673262867093,49.315252142031014,46.37194013119401,44.40836462458702,49.958570609432016,"rgba(0, 255, 0, 1.0)",7.783453333454473,53.66530509959721,1.1035074398256526,80.54099745321889,25.845047020465046,True,False,True,False,True,20.0,0.0,0.0,0.0,0.0,0,1.287626483663548,0.6700507957334895,False,False,False,False,0.3428282500078308,0.34070299909089025,False,False,False,False,-7344467,-52743855.4860194,False,False,False,False,5977541.270195997,False,False,False,False
2024-11-15 00:00:00+00:00,61.5286023799,62.989882493,60.8028009992,62.6802072373,3315094,,,,,52.8028851975798,50.99145754742075,48.36871633542398,45.34085198334677,44.53024914334579,44.03634854701293,43.49140506400548,42.955623581928364,42.4474367251119,42.09992805874354,42.04569361508105,42.39674644524033,,,,57.257001505772905,53.35833466678152,52.04768419713799,49.47160017644977,46.50465219647114,45.113538299787876,43.63912921252659,43.08241836508685,42.639225720443406,42.303989114431644,42.074150508718844,42.09488835265923,42.62614986436682,,52.04768419713799,49.47160017644977,46.50465219647114,44.53024914334579,50.12567221061725,"rgba(0, 255, 0, 1.0)",7.9924823241041265,53.866476391818054,0.9586666166247406,79.93296337900091,25.845047020465046,True,False,True,False,True,20.0,0.0,0.0,0.0,0.0,0,1.2599773277874387,0.6755418880581993,False,False,False,False,0.3428282500580181,0.34176562457445414,False,False,False,False,-10659561,-49626500.338906854,False,False,False,False,5780322.953885183,False,False,False,False
2024-11-22 00:00:00+00:00,63.3092351006,63.4205246456,61.1802177172,61.5769891386,3280058,,,,,53.01892695498555,51.179540127026,48.513281279824106,45.47241535001256,44.655124360293875,44.154560382458406,43.60351257786212,43.06044875576009,42.54504137338851,42.190926662763324,42.13210138559834,42.47623659579195,,,,57.45587525531618,53.579583089382936,52.25560560279546,49.63306407722011,46.64102427840847,45.24366197241323,43.75315253049601,43.190297999127594,42.73997261186278,42.39980804938933,42.16324230069099,42.17931413102536,42.70269158597365,,52.25560560279546,49.63306407722011,46.64102427840847,44.655124360293875,50.299297798738465,"rgba(0, 255, 0, 1.0)",8.24799439516007,54.077497725620034,1.1192705684180817,80.2162847473108,25.845047020465046,True,False,True,False,True,20.0,0.0,0.0,0.0,0.0,0,1.2810494255310971,0.6666218394108501,False,False,False,False,0.34282825015918605,0.3422969373668201,False,False,False,False,-7379503,-46497093.12861746,False,False,False,False,5595118.142486281,False,False,False,False
2024-11-29 00:00:00+00:00,62.6705298855,63.7640706325,61.5963438421,63.4253633215,2938582,,,,,53.205349564154645,51.34353112073927,48.640693241208346,45.58886671564292,44.765793006978065,44.259425020951426,43.70305018606689,43.15360860649938,42.63186059302892,42.27192897576965,42.209050975892744,42.54706426713577,,,,57.623250502441735,53.7698678071844,52.43576344981677,49.77482974444995,46.76155882444308,45.358874990137984,43.85436472157015,43.28613902941951,42.82955402483879,42.485057369077836,42.24256184205563,42.25451134560868,42.770906918566666,,52.43576344981677,49.77482974444995,46.76155882444308,44.765793006978065,50.450258596021904,"rgba(0, 255, 0, 1.0)",8.441857631628638,54.258557830899385,0.9964598340398386,79.42901486896933,25.845047020465046,True,False,True,False,True,20.0,0.0,0.0,0.0,0.0,0,1.3127962642314965,0.6758083549737385,False,False,False,False,0.3428282502501033,0.34256259380846166,False,False,False,False,-10318085,-43817166.600571714,False,False,False,False,5398337.687487297,False,False,False,False
2024-12-06 00:00:00+00:00,64.5092267166,64.9689009244,61.2673138829,62.8834316239,6433057,,,,,53.62604083606398,51.7140971063648,48.92924702427254,45.851587675739935,45.015386344863,44.495974588474354,43.92758981636676,43.363804638277635,42.82779559628629,42.45480496591254,42.38286968399546,42.70728980834699,,,,58.01399543301352,54.19948053626684,52.84220326332099,50.09569998104492,47.03385446002644,45.61875999403865,44.08267155331292,43.50233400018218,43.03169383553816,42.677455098309494,42.42167744273076,42.42442914772496,42.92534214901434,,52.84220326332099,50.09569998104492,47.03385446002644,45.015386344863,50.79249663101527,"rgba(0, 255, 0, 1.0)",8.685360047567558,54.670430017166325,1.1328023991577814,79.61770421688173,25.845047020465046,True,False,True,False,True,20.0,0.0,0.0,0.0,0.0,0,1.2631438011483733,0.655567730908466,False,False,False,False,0.34282825035021447,0.34269542207933806,False,False,False,False,-3885028,-40859230.407936774,False,False,False,False,5474983.562488237,False,True,False,False
2024-12-13 00:00:00+00:00,64.0156817778,65.2737375043,63.6189103563,64.6253549376,6826793,,,,64.30277654613333,54.06645119216254,52.1060096201984,49.23799615345512,46.13312651528683,45.2831225787863,44.74999535174925,44.16893004578631,43.58997334482293,43.03883910143992,42.651978594759036,42.57043036459077,42.880454870315305,,,,58.42316186128123,54.64808118731712,53.269168132798,50.437643199936424,47.32551328556704,45.89731366194649,44.32798958221968,43.734838933655084,43.24931905463612,42.88473790715211,42.61486153404803,42.60785492727554,43.09237565072795,,53.269168132798,50.437643199936424,47.32551328556704,45.2831225787863,52.9949927694136,"rgba(0, 255, 255, 0.75)",8.887538124850682,57.860117696723556,0.6926062082214539,79.00990050936424,25.845047020465046,True,False,True,False,True,20.0,0.0,0.0,0.0,0.0,0,1.3405880056822121,0.6312518738381484,False,False,False,False,0.34282825062643213,0.3427618363528851,False,False,False,False,-10711821,-38626088.97031183,False,False,False,False,5575117.594896516,False,False,False,False
2024-12-20 00:00:00+00:00,62.2931131676,64.1608420539,61.1705403654,63.9576176673,4601737,,,,63.593591881186704,54.295725538639374,52.32049976935969,49.41568632277923,46.300174199896546,45.443112951241794,44.90248285833945,44.314458970162846,43.72695922615823,43.16718165095343,42.77224189184388,42.68495837952322,42.98615312749368,,,,58.59619107210492,54.87746321067302,53.49631576111679,50.630879480065566,47.49679015873458,46.06291489955413,44.47573277989576,43.87548134967324,43.38145506038683,43.010926684453246,42.73274811333642,42.7198735360086,43.194275070435474,,53.49631576111679,50.630879480065566,47.49679015873458,45.443112951241794,53.10233173945564,"rgba(0, 255, 255, 0.75)",9.03752047840217,57.84074292565101,0.49265395885843327,76.17975008250008,25.845047020465046,True,False,True,False,False,20.0,0.0,0.0,0.0,0.0,0,1.2824359582123839,0.6433500453899926,False,False,False,False,0.27450804071317836,0.3086349385330317,False,False,False,False,-15313558,-36899234.8243628,False,False,False,False,5503015.328607885,False,False,False,False
2024-12-27 00:00:00+00:00,61.5121508819,62.389886685,61.2285044556,62.0415020223,5020898,,,,63.01871380259914,54.50830369434045,52.5264551073008,49.59228370837764,46.469467534726434,45.60600208244891,45.058203801065524,44.463513177644344,43.86767638431076,43.299374884799875,42.89636291382664,42.803260041280794,43.09534243961227,,,,58.73268349519405,55.087449549695926,53.71014679664904,50.8205662544936,47.669236727585115,46.230953833077166,44.62693006312864,44.01982603511778,43.51741103771411,43.14099194589321,42.85446002862326,42.8356020441967,43.29951987641091,,53.71014679664904,50.8205662544936,47.669236727585115,45.60600208244891,53.21353066709621,"rgba(0, 255, 255, 0.75)",9.166370082428342,57.83678763545739,0.4009616907665739,73.17213480666554,27.128390919949766,True,False,True,False,False,20.0,0.0,0.0,0.0,0.0,0,1.2773029986704474,0.6914304142673534,False,False,False,False,0.2408398309665444,0.27473738474978804,False,False,False,False,-20334456,-35672214.170706294,False,False,False,False,5467302.93389619,False,False,False,False
2025-01-03 00:00:00+00:00,61.3263135681,62.2359383148,60.9742007629,61.3067517456,2063711,,,,62.850773051353755,54.58987840901808,52.60674180095308,49.66224470542572,46.537087227973714,45.671199676386884,45.12062407661586,44.523344985186576,43.924243133712835,43.35258597667135,42.94637709572696,42.85095451581907,43.13937997434489,,,,58.78187225082063,55.16759270619675,53.79274574124316,50.89527798246421,47.73792640956721,46.29810963307272,44.68759777701669,44.07782332338953,43.57210721976823,43.193364194827645,42.903514395220604,42.88226647861709,43.34197033992571,,53.79274574124316,50.89527798246421,47.73792640956721,45.671199676386884,53.262214028501624,"rgba(0, 255, 255, 0.75)",9.279510826179832,57.8475291043473,0.3748887768887742,70.7879900176615,24.874739621897362,True,False,True,False,False,20.0,0.0,0.0,0.0,0.0,0,1.2729345372742789,0.7031772812920823,False,False,False,False,0.22763119664477888,0.25118429069728343,False,False,False,False,-22398167,-34688951.41732064,False,False,False,False,5215185.012866842,False,False,False,False
2025-01-10 00:00:00+00:00,60.6905543365,62.3141856048,60.6123070465,62.1479101135,5210197,,,,62.489472821700296,54.77886040580873,52.79643606498276,49.83079784050271,46.701691335938015,45.830309664831006,45.27322028520986,44.66985711444626,44.06299431244468,43.48330932485939,43.06939417690059,42.96833260066532,43.24778995269605,,,,58.88553553921305,55.351946420061935,53.98572395576151,51.074022434724334,47.90455809810878,46.46169571267814,44.836086715228724,44.22000651235962,43.7063951757161,43.32207795808456,43.02419968586954,42.99712682940703,43.44647570184439,,53.98572395576151,51.074022434724334,47.90455809810878,45.830309664831006,53.379904491680215,"rgba(38, 166, 154, 1.0)",9.356087346552737,57.876453796696005,0.30077749764070494,68.26902404829048,22.529583220419966,True,False,True,False,False,19.247168607423298,0.0,0.0,0.0,0.0,0,1.2498360629575382,0.7193977594926912,False,False,False,False,0.21926234742014983,0.23522331905871663,False,False,False,False,-27608364,-34164463.460482076,False,False,False,False,5214815.530432261,False,False,False,False
2025-01-17 00:00:00+00:00,61.2871899231,61.7273309296,59.9667669037,60.4362506439,7693508,,,,62.12319609867409,55.03039607303,53.05503712579389,50.06640426245782,46.93465076805265,46.05622715949081,45.49039902166746,44.878842113098976,44.26136848302901,43.6706089193099,43.245955725291516,43.13695418848963,43.40365144573697,,,,59.01076834541827,55.5953294684878,54.24514378061279,51.32162192310534,48.139404025638235,46.693411893529685,45.047755412681546,44.42312740321955,43.89863322374895,43.506598629577574,43.19748084427683,43.16217999377455,43.596759297124585,,54.24514378061279,51.32162192310534,48.139404025638235,46.05622715949081,53.55219518712708,"rgba(0, 255, 255, 0.75)",9.422851965294967,57.93992249640254,0.3552286971105656,66.93065154927146,21.330904680795086,False,False,True,False,False,19.96237460725118,0.0,0.0,0.0,0.0,0,1.2317413134013135,0.7495577146200314,False,False,False,False,0.19464994992892617,0.2149366344938214,False,False,False,False,-19914856,-33108936.98192785,False,False,False,False,5398422.380029871,False,False,False,False
2025-01-24 00:00:00+00:00,62.206595581,63.1944676178,61.5610554382,61.6197409057,4117118,,,,62.14608047177407,55.18494795988604,53.20886433008833,50.20326765522313,47.067699121177256,46.1848777926307,45.613911777604486,44.99752486236571,44.37389751850226,43.77675662015374,43.345978002006234,43.23251092637289,43.492147722881825,,,,59.112744541323295,55.74708515216271,54.40200994045868,51.46660332200988,48.27427075129823,46.8256301999143,45.16800378420355,44.53836181553556,44.00761179879443,43.61114275481883,43.29565756234591,43.255750125768216,43.682183706918025,,54.40200994045868,51.46660332200988,48.27427075129823,46.1848777926307,53.68135732454016,"rgba(0, 255, 255, 0.75)",9.467654027360247,58.04771453128653,0.4392726051981689,66.65565228616165,21.10914367236768,False,False,True,False,False,20.0,0.0,0.0,0.0,0.0,0,1.236297425176719,0.7379058763586535,False,False,False,False,0.2562880388346518,0.2356123366642366,False,False,False,False,-15797738,-31826625.946229488,False,False,False,False,5303510.944472102,False,False,False,False
2025-01-31 00:00:00+00:00,61.6393027283,63.4585522217,61.5219317932,61.9033873321,3716464,,,62.206595581066665,62.151810402581496,55.31679535464213,53.341715638358096,50.323074186054846,47.18495541966668,46.2984645095221,45.72310746949635,45.102582909896654,44.473640079887666,43.870959048310844,43.434832527020255,43.317443998071916,43.570844148110595,,,,59.19645924566256,55.876031013166624,54.536501123609895,51.59289053702845,48.392857601037655,46.942210116100625,45.27440885687045,44.64045596466003,44.10427772766911,43.70395097263143,43.382892218384946,43.338932225547744,43.75816046089209,,54.536501123609895,51.59289053702845,48.392857601037655,46.2984645095221,55.293473068320836,"rgba(0, 255, 255, 0.75)",9.487715750440206,59.85772406061934,0.18777740760182468,65.67750185304507,20.155660576893894,False,False,True,False,False,19.86957124360616,0.0,0.0,0.0,0.0,0,1.252041144697894,0.7412544248573437,False,False,False,False,0.26088790329668404,0.24825011998046032,False,False,False,False,-19514202,-30914594.54280508,False,False,False,False,5185951.911548243,False,False,False,False
2025-02-07 00:00:00+00:00,60.9155152954,61.0328862305,56.7195043671,59.3505694946,6179784,,,60.55139231453669,61.79870304413981,55.44514788272326,53.49062821024867,50.47380823138863,47.34225696536953,46.45293083950081,45.87284050402571,45.24782701043592,44.612620855033775,44.003147374369064,43.560139077143404,43.43741750767838,43.68184114169377,,,59.555968631000006,59.211938232526855,55.99425620289636,54.67632315236314,51.745601505444284,48.54864702153685,47.09920615420719,45.42118690425763,44.7824062639255,44.23955558797604,43.83442325908019,43.50600225880306,43.456437640071705,43.86517054498669,,54.67632315236314,51.745601505444284,48.54864702153685,46.45293083950081,56.294376740726776,"rgba(38, 166, 154, 1.0)",9.484197376661072,60.27950055555084,0.06706047065345547,64.00949031628883,18.527783121376658,False,False,True,False,False,18.374811874445857,0.0,0.0,0.0,0.0,0,1.194374391878158,0.7642666009997673,False,False,False,False,0.08649040947449223,0.16737026472747626,False,False,False,False,-25693986,-30527882.798893593,False,False,False,False,5259569.10328541,False,False,False,False
2025-02-14 00:00:00+00:00,60.710116159,61.0622289642,59.5266258972,60.7590207153,3277374,,,60.52193590896667,61.706808703669545,55.52397405527144,53.577748225080775,50.55929636882928,47.4299420255078,46.538784436668074,45.955947612606465,45.3283264178964,44.68955842252525,44.076254157124765,43.629407091641596,43.50375040449891,43.743301648564454,,,59.85990012362698,59.23919748750665,56.06861702175491,54.760128715864596,51.83306695786395,48.63595986409242,47.18664270903892,45.50256552731977,44.86100126532503,44.3143950424593,43.90656148416785,43.574060941020605,43.521424106983396,43.92447517364829,,54.760128715864596,51.83306695786395,48.63595986409242,46.538784436668074,56.365067356843475,"rgba(38, 166, 154, 1.0)",9.450395957241918,60.33196055594246,0.04001478930285024,62.54361456412548,17.102201780278833,False,True,True,False,False,17.950721309859833,0.0,0.0,0.0,0.0,0,1.1960569178757943,0.788369176011037,False,False,False,False,0.12352244651790634,0.14544635562269131,False,False,False,False,-28971360,-30412584.813790366,False,False,False,False,5112739.83637538,False,False,False,False
2025-02-21 00:00:00+00:00,59.5070640747,61.0328862305,59.3994740509,60.5634024902,2662267,,,60.43079552993207,61.617306075633,55.580451172025185,53.6423510210117,50.6245289462041,47.49785764813418,46.605502942263406,46.02067029805677,45.39114877170749,44.74972422719718,44.13353074238223,43.68375119142563,43.55582157523457,43.79154942151364,,,59.88624024275962,59.2523888659757,56.12112791692767,54.82113371856443,51.899154467100935,48.703258271491876,47.25442808072622,45.566037308391735,44.922425459598095,44.37298615149499,43.96310639809157,43.627469311681615,43.572443800679764,43.97102383394708,,54.82113371856443,51.899154467100935,48.703258271491876,46.605502942263406,56.38754779561344,"rgba(38, 166, 154, 1.0)",9.419931330269574,60.296682678575095,-0.08382424204492599,59.957042795758596,14.61670563871418,False,True,True,False,False,15.494261564014487,0.0,0.0,0.0,0.0,1,1.162524260213838,0.8208703309305744,False,False,False,False,0.0542456100833463,0.09984598285301881,False,False,False,False,-31633627,-30503032.38313923,False,False,False,False,4931223.329977203,False,False,False,False
2025-02-28 00:00:00+00:00,59.2527603821,60.9937625854,57.8540900726,59.555968631,4091923,,,60.21233214822223,61.45127087107402,55.652806218677775,53.72978140061771,50.71659422872536,47.59576687927307,46.702127210185886,46.114675658401985,45.48265064792857,44.83759711650736,44.21739105941573,43.76346238567477,43.63225372335309,43.8623633203906,,,59.75514572210376,59.25543945898887,56.18675146038865,54.90135128412757,51.99111842422099,48.79961508906664,47.35227406729688,45.65841333391661,45.01206407698473,44.4586880465947,44.04594842202348,43.705832072405144,43.647341082160935,44.03932628771532,,54.90135128412757,51.99111842422099,48.79961508906664,46.702127210185886,56.3852591217147,"rgba(38, 166, 154, 1.0)",9.36039969054526,60.16854705009722,-0.09783627817968435,57.799161016914695,12.581411814500072,False,True,True,False,False,14.981339357925748,0.0,0.0,0.0,0.0,1,1.1029632153244124,0.8966455676473614,False,False,False,False,-0.08380966365309825,0.00801815959996028,False,False,False,False,-35725550,-30889885.539943732,False,False,False,False,4869052.935164077,False,False,False,False
2025-03-07 00:00:00+00:00,55.4675477264,59.6635586548,54.4209902222,59.5853113647,5509655,,,59.41201695652837,61.00542079583033,55.674493185738385,53.78595182752659,50.797697039491005,47.69377260252545,46.80118339151593,46.21240796015755,45.57907839297764,44.93137971106847,44.307892445621384,43.85015156953171,43.71558017014391,43.93936321081318,,,58.93386450411785,59.16060209178503,56.195513373009,54.93885797617557,52.06494671058009,48.89238640033183,47.45088991746702,45.75540674373728,45.107404132582616,44.55078458133763,44.135609308623835,43.79114559715677,43.728994497463056,44.113421384406216,,54.93885797617557,52.06494671058009,48.89238640033183,46.80118339151593,56.196936446078226,"rgba(38, 166, 154, 0.5)",9.237544458567172,59.62797608706539,-0.45038249930227814,52.595262655367314,7.681235378650975,False,True,False,False,False,7.849041214280351,0.0,0.0,0.0,0.0,0,0.9866356326358394,0.9477224583811144,False,False,False,False,-0.34282825441539394,-0.16740504740771683,False,False,False,False,-41235205,-31656205.4999479,False,False,False,False,4916504.939966738,False,False,False,False
2025-03-14 00:00:00+00:00,54.9393785187,55.2328058563,53.2668426941,54.7046366485,5823206,,,58.4932255005977,60.43650147983304,55.643634364337046,53.8004179482776,50.851313548955645,47.77165528108447,46.88222099698917,46.29369122519706,45.66053102262477,45.01172891313496,44.3863837604686,43.92596822113609,43.788652288915884,44.006712837569864,,54.47967568970001,57.99219073780092,58.99529576956639,56.148762025739934,54.927863825592276,52.105869713524065,48.96248011739049,47.529924456993754,45.83699739542499,45.18877574653709,44.6302888692562,44.213615447399576,43.86584663014995,43.80060327545616,44.17807392970451,,54.927863825592276,52.105869713524065,48.96248011739049,46.88222099698917,56.3023437054969,"rgba(38, 166, 154, 0.5)",9.075385212585571,57.85039835198292,-0.3207599198374486,48.47916807420911,3.9433084954613093,False,True,False,False,False,6.924455205953485,0.0,0.0,0.0,0.0,0,0.9299377571123947,1.0454955973904851,False,False,False,False,-0.34282825441539394,-0.2551166509115554,False,False,False,False,-47058411,-32797109.61106287,True,False,False,False,4983667.981450683,False,False,False,False
2025-03-21 00:00:00+00:00,55.4871095489,56.1619924255,54.9491594299,55.0371876312,4167843,,,58.144952904363066,60.14848940625263,55.641621902714064,53.82589286592237,50.89960196956667,47.834889574556605,46.947074658178884,46.35825230878786,45.724772391863326,45.07471651568171,44.447606838407516,43.984920484291365,43.845437878341954,44.059185056068145,,54.91897533045255,57.668952524796566,58.909934446153244,56.13697875694474,54.93805496726648,52.146938471132465,49.02094949498407,47.593816706425166,45.901465505206616,45.2526571518259,44.69241607403163,44.27438167542365,43.92391592687105,43.856269475653974,44.22853466024588,,54.93805496726648,52.146938471132465,49.02094949498407,46.947074658178884,56.24807915759982,"rgba(38, 166, 154, 0.5)",8.905476605134222,57.7203425414662,-0.25077074384527476,46.20527433183052,1.9979257667941397,False,True,False,False,False,7.719003748292408,0.0,0.0,0.0,0.0,0,0.9397848702677768,1.0366321379757975,False,False,False,False,-0.2505985051498273,-0.2528575780306913,False,False,False,False,-42890568,-33544773.195428584,False,False,False,False,4923236.501343225,False,False,False,False
2025-03-28 00:00:00+00:00,55.5927433905,57.246108629,55.2858746147,56.025059668,11255139,,,57.637841699122475,59.586275515129685,55.660308940487795,53.91052100131227,51.038950059165295,48.011568564859836,47.12754476777208,46.53759673079659,45.90293601501372,45.2491997099033,44.6170635877626,44.14805225855703,44.00263554788081,44.204706045529264,,55.51367125675989,57.24266554420218,58.73089528083727,56.13229269335789,54.98607732393763,52.26903016920053,49.185707665863085,47.77210460244445,46.080326867806534,45.429635914075604,44.86441592897875,44.44253692004286,44.08462878740808,44.01042553653375,44.36862200641096,,54.98607732393763,52.26903016920053,49.185707665863085,47.12754476777208,56.16695794243476,"rgba(38, 166, 154, 0.5)",8.677611205458843,57.49511350380355,-0.2192273966027455,44.71250080625079,0.7477943595960497,False,True,False,True,False,7.873186217412506,0.0,0.0,0.0,0.0,0,0.9405138815042287,1.0283924517187852,False,False,False,False,-0.20220899362917602,-0.22753328582993365,False,False,False,False,-31635429,-33403340.292063504,False,False,False,False,5392266.316058542,False,False,False,False
2025-04-04 00:00:00+00:00,56.0876930289,59.384057621,54.800823969,54.9394098677,7216501,,,57.519979196901325,59.35802166420089,55.69222280457182,53.97857654293942,51.136618298514534,48.13065063435215,47.24853123139912,46.657535660167646,46.021808335630205,45.36541183450619,44.7297799000753,44.25650313036568,44.107180232324886,44.30169685567032,,55.82904099800991,57.17290148341702,58.654957696819444,56.151382248938965,55.034162956968466,52.35747102673054,49.297951100418,47.89207032479057,46.19973195218388,45.547538718355234,44.97887121300057,44.55434835345484,44.19148654966254,44.11299138718354,44.4621100774219,,55.034162956968466,52.35747102673054,49.297951100418,47.24853123139912,56.17487166194978,"rgba(38, 166, 154, 1.0)",8.41540921527118,57.469985835632286,-0.16425734879581186,44.276495975161595,0.4271049528219706,False,True,False,True,False,8.600694564704792,0.0,0.0,0.0,0.0,0,0.9455652818560384,0.9831683999221581,False,False,False,False,-0.1470537630009653,-0.18729352441544947,False,False,False,False,-24418928,-32737828.27042917,False,False,False,False,5527394.811165316,False,False,False,False
2025-04-11 00:00:00+00:00,56.5232487108,57.1468852552,53.0783992272,54.1078944751,7997004,,,57.26970479436839,59.04816063539482,55.68880739983055,54.01997635642687,51.21920591864117,48.24142009280732,47.36297104873505,46.77211982089739,46.136447806977884,45.47848221631911,44.840304561528356,44.363434901808056,44.21047465433084,44.397469287774875,55.58284439773333,55.77504067504509,56.95434629675441,58.52931120849342,56.13277579350637,55.05018569399707,52.42639210985412,49.39952523419436,48.004197552739335,46.31459069898293,45.661965045159135,45.09076415445368,44.66420375941903,44.29694154243666,44.21435794562351,44.554333421881154,55.58284439773333,55.05018569399707,52.42639210985412,49.39952523419436,47.36297104873505,56.40511532515503,"rgba(38, 166, 154, 0.5)",8.22211171429658,56.395484040975305,0.015539155178655117,44.51762778026871,0.4271049528219706,False,True,False,True,False,9.240659228162198,1.0,57.146885,53.0784,0.0,0,0.9308613595864651,1.0137468619079857,True,False,False,False,-0.28134714727627563,-0.23432033584586254,False,False,False,False,-16421924,-31529242.7689159,False,False,False,False,5710328.8251530705,False,False,False,False
2025-04-18 00:00:00+00:00,58.3644613658,58.6911281272,56.7410265517,57.1765822335,3066413,,,57.30097617026513,59.01411024998019,55.71535047160205,54.058309355072595,51.26668049458318,48.29634001963233,47.418328179731574,46.826788620064136,46.19043195443883,45.53110461591143,44.89122829941941,44.41237801579932,44.257671709050975,44.441385907104916,56.234009490787805,55.94239229316313,57.0033040313574,58.520091656735666,56.155076900253604,55.08209965677377,52.47113798083688,49.45207744072119,48.05939072406288,46.36886618870466,45.71537928791156,45.14251262454419,44.71468829381146,44.345171805755015,44.26068737182733,44.5967386063892,56.234009490787805,55.08209965677377,52.47113798083688,49.45207744072119,47.418328179731574,56.502572027599136,"rgba(38, 166, 154, 1.0)",8.025667041901519,56.62017049639337,0.21733905235537304,46.784420793540434,0.4271049528219706,False,True,False,False,False,11.865444480431197,0.0,0.0,0.0,0.0,0,0.9710701331405491,1.0154504554133463,False,False,False,False,-0.10603162591916979,-0.17017598088251618,False,False,False,False,-13355511,-30183040.41566287,False,False,False,False,5514483.208475065,False,False,False,False
2025-04-25 00:00:00+00:00,60.4729468256,60.5521387677,57.41415806,58.0278956117,6487854,,,57.49881060652983,59.042347647791935,55.80728377049277,54.16841820008286,51.38775985995221,48.42884709868245,47.5505224749844,46.956583190170015,46.31787859852032,45.654701764391554,45.01030853715758,44.52649680334878,44.367648546498664,44.54392247087,57.4338016209513,56.44115064002667,57.24050510811822,58.55045039092614,56.240028084620505,55.18277357548233,52.589613763642305,49.581066611985506,48.19215915935095,46.49719299085672,45.840996468672124,45.26372093738371,44.83260522620946,44.45759571067553,44.36866578473529,44.69588802707178,57.4338016209513,55.18277357548233,52.589613763642305,49.581066611985506,47.5505224749844,56.76055696450226,"rgba(38, 166, 154, 1.0)",7.88663933292263,57.15356699390651,0.42088647541377977,50.31663960836322,0.4271049528219706,False,True,False,False,True,14.678937813240783,0.0,0.0,0.0,0.0,0,0.9529262177449243,0.9908875213780821,False,False,False,False,-0.023625342290447694,-0.09690066158648193,False,False,False,False,-6867657,-28455974.97746562,False,False,False,False,5586584.748588024,False,False,False,False
2025-05-02 00:00:00+00:00,63.0763819238,63.2446648009,60.6115327244,60.6115327244,3299464,,,57.711211862510645,59.14013386176798,55.887066930626865,54.25166008662283,51.469044610328716,48.51199486880212,47.63233860155999,47.03626814847559,46.39550054887138,45.72942247336608,45.0818292177623,44.594735503359644,44.43333518641869,44.605317017476075,58.20555752987624,56.83388131145203,57.47601700753984,58.60999109685145,56.31790417741859,55.264805854625166,52.67247365267808,49.66380081177727,48.27514272328117,46.57551863288213,45.91708409983913,45.33669988733394,44.90330549316459,44.52478666436553,44.43317217904465,44.7553658151776,58.20555752987624,55.264805854625166,52.67247365267808,49.66380081177727,47.63233860155999,56.96982297192916,"rgba(0, 255, 255, 0.75)",7.772024081895265,57.55666692784469,0.7102030227638317,54.67265948245162,-1.868320497974679,False,True,True,False,True,17.88574849843117,0.0,0.0,0.0,0.0,0,0.9952910714528239,0.9520783050223766,False,False,False,False,0.1685790740975956,0.03583920625555683,False,False,False,False,-3568193,-26612435.571727425,False,False,False,False,5417168.396840762,False,False,False,False
2025-05-09 00:00:00+00:00,62.8388060974,63.581230555,62.7596141552,63.0367859527,2723903,,,57.899263514492624,59.234613426502946,55.95898213872465,54.32537813444328,51.53981741174393,48.58357692797811,47.702614252464976,47.10462766898692,46.46200579885614,45.79336931023776,45.14297731710698,44.65304240169121,44.48945897169788,44.657813734483916,58.76644475759481,57.159782492323274,57.68222979692516,58.6674075672595,56.38855488930912,55.338168310438114,52.74505626886857,49.73529418712688,48.34653596339287,46.6426490931048,45.982217063633385,45.399117033086625,44.96373615666106,44.582196859065206,44.48829412448891,44.80624855222134,58.76644475759481,55.338168310438114,52.74505626886857,49.73529418712688,47.702614252464976,57.14208250280136,"rgba(0, 255, 255, 0.75)",7.69552762294138,57.87693014033396,0.6447739778457863,57.50083260763911,0.7296048794001422,False,True,True,False,True,17.42819882578156,0.0,0.0,0.0,0.0,0,1.0241976650506195,0.9649787634504252,False,False,False,False,0.2526555769269176,0.1442473915912372,False,False,False,False,-6292096,-25107225.23308095,False,False,False,False,5217667.256334039,False,False,False,False
2025-05-16 00:00:00+00:00,65.6600190365,65.7194129931,62.8883010612,63.2248668154,5615520,,,58.362658577096184,59.495984523257945,56.137127823809536,54.50229165759117,51.70411086934084,48.745979177394425,47.861269838623215,47.258517595215594,46.61128968776278,45.93652634967143,45.27954456280761,44.78306101365421,44.614571631481965,44.77499066677793,59.91868133142611,57.899662896276126,58.182676712873594,58.825166701384376,56.56549784243951,55.517415762396624,52.91561975843519,49.89875810824483,48.508281285481274,46.79345262704585,46.12812492027475,45.53864207909645,45.09861550760498,44.7101980487394,44.61119299286599,44.91992338958087,59.91868133142611,55.517415762396624,52.91561975843519,49.89875810824483,47.861269838623215,57.54071638285511,"rgba(0, 255, 0, 1.0)",7.6858809872081,58.590919879417996,0.9197513165826239,61.1542834140527,4.112774596172642,False,True,True,False,True,20.0,0.0,0.0,0.0,0.0,0,1.0236671248174436,0.9360601446644896,False,False,False,False,0.3325145313966818,0.2383809614939595,False,False,False,False,-676576,-23297547.51211199,False,False,False,False,5247137.829938925,False,False,False,False
2025-05-23 00:00:00+00:00,67.4715347132,67.6596155759,65.2046653692,65.2046653692,5455198,,,58.88115640103315,59.81616752029849,56.3424358300673,54.701288204456105,51.88398435716209,48.92019304315777,48.03071143793498,47.422453267965246,46.76990529784836,46.08826781438312,45.42399411396952,44.920396446405775,44.746700016086564,44.898912814496825,60.99883311494391,58.66717816954125,58.73546485682551,59.02044906069736,56.771083168252716,55.721850357176585,53.10426209644767,50.07534398168085,48.68156896400862,46.95379358019614,46.28286863366015,45.68633599055334,45.2411979038722,44.8453900453132,44.74100950863064,45.040253947753996,60.99883311494391,55.721850357176585,53.10426209644767,50.07534398168085,48.03071143793498,57.96559066832924,"rgba(0, 255, 0, 1.0)",7.752623851260179,59.32065813558596,1.0513700566407755,64.6121002300847,7.284581671100824,False,False,True,False,True,20.0,0.0,0.0,0.0,0.0,0,1.0534258097143487,0.9130419622281865,False,False,False,False,0.3428282483356173,0.2906046049147884,False,False,False,False,4778622,-21217831.251955546,False,False,False,False,5262549.694387893,False,False,False,False
2025-05-30 00:00:00+00:00,67.2537568723,69.1741614695,66.6004233496,67.3131508289,4921917,,67.67611389713335,59.344291541022216,60.11605578810199,56.53634744011819,54.8883121563665,52.05218912783339,49.08226830392837,48.188200064932346,47.57476754680703,46.91721316870906,46.22914895085098,45.5580750692212,45.04787070474555,44.86936889609272,45.01406649260783,61.82944435761488,59.318967948720356,59.22576746808461,59.20804195825078,56.9656048847098,55.91449677150027,53.280996613630705,50.23991863187067,48.84273497178323,47.10271828137554,46.42653560633673,45.82343593123481,45.373536238573294,44.9708859712245,44.86155495126728,45.15212584886919,61.82944435761488,55.91449677150027,53.280996613630705,50.23991863187067,48.188200064932346,59.61351320552565,"rgba(0, 255, 0, 1.0)",7.846812735341516,62.01257341788829,0.667937878879889,66.8160206540389,9.263491466321511,False,False,True,False,True,20.0,0.0,0.0,0.0,0.0,0,1.0680752334880879,0.8956742193434607,False,False,False,False,0.3428282489843446,0.3167164269495665,False,False,False,False,-143295,-19656754.49255143,False,False,False,False,5237317.642951753,False,False,False,False
2025-06-06 00:00:00+00:00,68.1347672288,68.4020400335,66.6202213351,67.1448679519,4809277,,67.69731345315996,59.7541174321926,60.389312854383405,56.720222671508395,55.0665161054362,52.21356085796708,49.23831056566772,48.33999783698351,47.72171223755482,47.05945168116329,46.36531289042521,45.68778696606533,45.171289160340244,44.98819230363804,45.12567653365267,62.46772178872243,59.873588333864056,59.65772864808736,59.38453981626556,57.149821304610384,56.09749477358666,53.45009638971254,50.398169366641554,48.99794529186204,47.24648069397659,46.565342628654676,45.95601670485328,45.50159234527757,45.09241350238793,44.97834309853875,45.260580678603866,62.46772178872243,56.09749477358666,53.45009638971254,50.398169366641554,48.33999783698351,59.919186107638076,"rgba(0, 255, 0, 1.0)",7.954970200186887,62.42408805595845,0.7178756210434817,68.8029862636388,11.087529400080427,True,False,True,False,True,20.0,0.0,0.0,0.0,0.0,0,1.0756300998612445,0.9236659651895229,False,False,False,False,0.32253274272134996,0.3196245848354582,False,False,False,False,4665982,-17855070.307917994,False,False,False,False,5205610.92865903,False,False,False,False
2025-06-13 00:00:00+00:00,67.4418377349,68.2733531275,66.7786052194,68.0258783083,3955353,,67.63969308177985,60.053725212664574,60.59340598248008,56.864028406759026,55.20691392951536,52.34195229593862,49.363189479508854,48.46168142982801,47.83965029792039,47.173748704870455,46.47486733308577,45.792275856389054,45.270805763705326,45.08405399550876,45.215760153207626,62.8793806707999,60.26628487557797,59.9725089826775,59.52059771294083,57.29359276862433,56.24101829353737,53.58412179801589,50.52455583773841,49.122211811597936,47.361962300748914,46.67697533443466,46.06276392457513,45.604779229984594,45.19042692490735,45.072578839966845,45.348129965460764,62.8793806707999,56.24101829353737,53.58412179801589,50.52455583773841,48.46168142982801,60.13242359878414,"rgba(0, 255, 0, 1.0)",8.026868075703925,62.68946690270881,0.5920579218905915,69.33415914350451,11.585466274755824,True,False,True,False,True,20.0,0.0,0.0,0.0,0.0,0,1.0411795184293697,0.9303204647571023,False,False,False,False,0.32332893253796624,0.3214767586867122,False,False,False,False,710629,-16479833.32214629,False,False,False,False,5112999.230239843,False,False,False,False
2025-06-20 00:00:00+00:00,68.1941611854,68.7188078021,67.6299185975,67.8081004674,4220928,,67.76727440536132,60.37597529239555,60.81896565610877,57.02290540109589,55.361416293376074,52.48267477207758,49.49953164129065,48.594440246749855,47.96828473470991,47.29837033351948,46.594289535372596,45.90615605027374,45.379263869749664,45.18854572929281,45.31401792075107,63.30519208535062,60.67864147731908,60.30975313301299,59.672854607474484,57.45265444680073,56.3993000426861,53.7312378257578,50.66272894162779,49.25785496322015,47.48788512131548,46.79866273290982,46.17911065677879,45.71723419040526,45.29725358883958,45.17531241443753,45.4436580846416,63.30519208535062,56.3993000426861,53.7312378257578,50.66272894162779,48.594440246749855,60.38035165476056,"rgba(0, 255, 0, 1.0)",8.07480059276021,63.015215275261,0.6413713689453088,70.10522057554545,12.409987294332382,True,False,True,False,True,20.0,0.0,0.0,0.0,0.0,0,1.0928397392585196,0.9000301830832481,False,False,False,False,0.34282824909631215,0.3321525038915122,False,False,False,False,4931557,-14893804.409394713,False,False,False,False,5046919.879851706,False,False,False,False
2025-06-27 00:00:00+00:00,69.68,70.44,67.8377974457,67.8872924095,14501563,,68.46171961554367,61.44821020165886,61.606676119330864,57.58869908045202,55.910034674871355,52.98137357505274,49.980911950764614,49.06297213057688,48.42229788179658,47.73822005556762,47.01587071999638,46.3082815780581,45.76240453542793,45.5578692047243,45.661771990056984,64.60582973007438,61.9904754892057,61.42416927727278,60.222323476852665,58.019815964438315,56.96210028579372,54.25293152269366,51.15119771838937,49.73668376629458,47.93231205738171,47.22815081771023,46.58988091328795,46.11434800796956,45.674711539977054,45.538536688828714,45.78198349817379,64.60582973007438,56.96210028579372,54.25293152269366,51.15119771838937,49.06297213057688,61.23300192406229,"rgba(0, 255, 0, 1.0)",8.140976300424297,64.12054852802413,0.6828973905360866,71.3749355835114,13.771432779526123,True,False,True,False,True,20.0,0.0,0.0,0.0,0.0,0,1.0930959214374771,0.8469181660666784,False,False,False,False,0.34282824944088985,0.337490376666201,False,False,False,False,19433120,-12351069.267958067,False,False,False,False,5747263.814677506,False,False,False,False
2025-07-04 00:00:00+00:00,72.15,72.17,69.64,69.89,5316157,,68.86450261703088,61.863825079296156,61.925811253444245,57.816476978648296,56.12892339459975,53.17836331756173,50.16923331672667,49.245914362792604,48.599411985173994,47.90963963682523,47.18004203446456,46.46477755645894,45.91147667286267,45.70160717147826,45.797314455171446,65.09903563753882,62.482349171284454,61.85343054542358,60.449318879789175,58.24883797302959,57.187776810593,54.459788613558196,51.34294106942804,49.92389696332917,48.105556943403684,47.395413297848954,46.74977223392406,46.26886491424428,45.821589047972296,45.67994288942084,45.913961068933624,65.09903563753882,57.187776810593,54.459788613558196,51.34294106942804,49.245914362792604,61.57913649460782,"rgba(0, 255, 0, 1.0)",8.25117672715131,64.57482949281943,0.9180715378757708,73.28623871519106,15.767247399131833,True,False,True,False,True,20.0,0.0,0.0,0.0,0.0,0,1.123239440731948,0.820641040102282,False,False,False,False,0.3428282499683822,0.3401593133172916,False,False,False,False,24749277,-9602895.470331544,False,False,False,False,5715329.976553246,False,False,False,False
2025-07-11 00:00:00+00:00,73.07,73.52,71.1,71.9,6056550,,69.37618055894072,62.35353602914218,62.3096204783311,58.090001288424105,56.39064017855508,53.41272515174713,50.39214875460714,49.46223943546705,48.808744298855025,48.11213334517743,47.37389090363318,46.64949964345786,46.087412814762374,45.87127491797511,45.957437600748335,65.67546765699424,63.05355419120878,62.3577821648877,60.72518370842346,58.52425182100686,57.45826338833004,54.70636233148292,51.57031599901084,50.145431154628255,48.310233403838204,47.59291990918973,46.93852219197703,46.451232392536376,45.994945661770956,45.84688546665451,46.06994432864913,65.67546765699424,57.45826338833004,54.70636233148292,51.57031599901084,49.46223943546705,61.992384128568915,"rgba(0, 255, 0, 1.0)",8.35888226101293,65.11574614300785,0.9515930011470507,74.97886356357084,17.549495173372662,True,False,True,False,True,20.0,0.0,0.0,0.0,0.0,0,1.1498967624407186,0.8030639409291078,False,False,False,False,0.34282825031433944,0.3414937818158155,False,False,False,False,30805827,-6609656.768825504,False,False,False,False,5740605.533845598,False,False,False,False
2025-07-18 00:00:00+00:00,73.31,73.315,71.72,72.79,3872630,,69.65292718850752,62.650043555251926,62.54576705319959,58.262199195056915,56.55586086852019,53.56130639133615,50.53375308033731,49.59975640743111,48.9419004028546,48.2410165421495,47.4973568359332,46.76723243322643,46.1996138362029,45.97952185644074,46.059653910705315,66.00985124654484,63.39368200907185,62.66248328842468,60.89821770939008,58.69752085027556,57.62871177851467,54.862419464414344,51.71465140506509,50.28618206273991,48.44048208546653,47.7186814382561,47.0587871831512,46.56748428000783,46.10552003293301,45.95341160880196,46.16954247334741,66.00985124654484,57.62871177851467,54.862419464414344,51.71465140506509,49.59975640743111,62.240140387423764,"rgba(0, 255, 0, 1.0)",8.445336274573027,65.42973593313722,0.9330906207475064,76.27336413556273,18.957904179042956,True,False,True,False,True,20.0,0.0,0.0,0.0,0.0,0,1.1697914357615944,0.7966738131255696,False,False,False,False,0.34282825036092274,0.34216101608836913,False,False,False,False,34678457,-3551277.971134726,False,False,False,False,5602236.975782961,False,False,False,False
2025-07-25 00:00:00+00:00,73.97,74.63,73.06,73.51,8448091,73.88666666666666,70.2904573887269,63.306312767517966,63.07750154310704,58.651737225756975,56.92875304857187,53.895841261813175,50.85156810930054,49.90822570334945,49.24053589884115,48.53000468592769,47.77416667505468,47.03117395256334,46.451175433115964,46.2222774612698,46.2890662899706,66.74313665210964,64.13728832788853,63.33531308985629,61.29252249814499,59.08980639613749,58.01387392277214,55.21410498338478,52.038963333244595,50.60202354243834,48.73254450149291,48.000623260180745,47.32840346587289,46.82809925584354,46.35345873097022,46.19235002383694,46.39317339754361,66.74313665210964,58.01387392277214,55.21410498338478,52.038963333244595,49.90822570334945,64.38107425559124,"rgba(0, 255, 0, 1.0)",8.54440812909254,68.76438725884793,0.6092420519365955,77.43615357333627,20.25861877579389,True,False,True,False,True,20.0,0.0,0.0,0.0,0.0,0,1.1709824037159464,0.8022133785083493,False,False,False,False,0.34282825063559813,0.3424946333619836,False,False,False,False,43126548,-93661.23253215384,False,False,False,False,5813040.9775768155,False,False,False,False
2025-08-01 00:00:00+00:00,71.78,74.08,71.0,73.66,8493849,73.08450596960364,70.5529414047148,63.80439857124767,63.492081804783226,58.98515713044492,57.253951084184905,54.1952209740773,51.14090423352089,50.19039171026315,49.51463631491483,48.796141522870094,48.02998452283703,47.27591107660973,46.68504891172957,46.44825518145353,46.502785961403504,67.21759366594424,64.67931828719024,63.844138660700224,61.618152673764975,59.42381088843448,58.34592845043555,55.5256306384569,52.33241671199147,50.889923676941756,49.001253922709985,48.26088640273939,47.57806628386687,47.069960333776194,46.584089250978174,46.41485372875115,46.60153202608834,67.21759366594424,58.34592845043555,55.5256306384569,52.33241671199147,50.19039171026315,64.67020990568284,"rgba(0, 255, 0, 1.0)",8.588788481028004,68.88358983186323,0.33723151694033715,75.36640536196063,20.25861877579389,True,False,True,False,True,20.0,0.0,0.0,0.0,0.0,0,1.1372299424118637,0.8180547091486251,False,False,False,False,0.29425380785753086,0.31837422060975723,False,False,False,False,34632699,2478661.747655413,False,False,False,False,6011619.349608162,False,False,False,False
2025-08-08 00:00:00+00:00,72.65,73.0,71.775,72.1,6032297,72.92446927145683,70.71710190525192,64.13299245116033,63.770383705816,59.21543181129299,57.4794560433567,54.40414007329504,51.343479353687634,50.388173527959964,49.70695241487783,48.98304480001966,48.20983215070113,47.44814884785134,46.84979299047423,46.60753112474617,46.65354043246635,67.51884797467045,65.03094863644549,64.1790460494032,61.84182101649235,59.65425891801449,58.575583082117674,55.74246842257102,52.53763183101854,51.091549224454795,49.18991054770032,48.443784764532495,47.75369241159311,47.240219200736234,46.74658862297607,46.57171809190503,46.74855284559402,67.51884797467045,58.575583082117674,55.74246842257102,52.53763183101854,50.388173527959964,64.8985301740004,"rgba(0, 255, 0, 1.0)",8.665986621013841,69.04784194695617,0.4156662375071169,74.32264176116608,20.25861877579389,True,False,True,False,True,20.0,0.0,0.0,0.0,0.0,0,1.2294151918739058,0.7952778268488668,False,False,False,False,0.28866849110890386,0.30352135585933054,False,False,False,False,40664996,5307279.099680938,False,False,False,False,6013151.0274149645,False,False,False,False
2025-08-15 00:00:00+00:00,73.81,74.155,72.57,72.73,4606884,73.02254905163814,70.88822107599981,64.39679876614301,63.99553970193518,59.39940748549727,57.65882333239898,54.569474012639944,51.50307778704223,50.543850944338075,49.858258075251484,49.130019895412154,48.351202265736056,47.583493170576745,46.97923074811836,46.732686333578314,46.77207378823594,67.7701039491605,65.31335924932648,64.44765207248186,62.02258449330929,59.83863823189877,58.75871542540097,55.91439825350557,52.69956458215637,51.250355359124185,49.33828245322553,48.5875604327863,47.89171372369183,47.37399615428597,46.87426799298386,46.694993627953686,46.86419197543914,67.7701039491605,58.75871542540097,55.91439825350557,52.69956458215637,50.543850944338075,65.10948540773903,"rgba(0, 255, 0, 1.0)",8.773594326294502,69.24855833153123,0.5199056964371048,74.12626972891462,20.25861877579389,True,False,True,False,True,20.0,0.0,0.0,0.0,0.0,0,1.1967894438974267,0.7772910187848886,False,False,False,False,0.3246978537679511,0.3141096048136408,False,False,False,False,45271880,8267619.907111979,False,False,False,False,5908983.0994583005,False,False,False,False
2025-08-22 00:00:00+00:00,73.07,74.0,72.745,73.78,3422007,73.05004570366792,70.99191325010023,64.57843340999,64.15211188662451,59.530756807781174,57.787503374327194,54.688911665068936,51.61887177733269,50.65694428984694,49.96828141765901,49.23699492473649,48.45420212400797,47.68219879091497,47.07370456036101,46.82407443267095,46.85866150779621,67.93626379981568,65.50546081472437,64.63235130018411,62.15054262065295,59.97010214059376,58.889700017230986,56.03825743937373,52.81687091899382,51.36561232146355,49.44624446457247,48.692276296335464,47.99233126844188,47.47158316800227,46.967475477236604,46.78502226902643,46.94867647046354,67.93626379981568,58.889700017230986,56.03825743937373,52.81687091899382,50.65694428984694,65.24979817341347,"rgba(0, 255, 0, 1.0)",8.84091290135661,69.37092089207704,0.4184046544961825,73.05224808704342,20.25861877579389,True,False,True,False,False,20.0,0.0,0.0,0.0,0.0,0,1.2028992544452806,0.7779623410675592,False,False,False,False,0.3250714910240849,0.3195905479188629,False,False,False,False,41849873,10755194.21028887,False,False,False,False,5724762.647646574,False,False,False,False
