date,Open,High,Low,Close,Volume,aVWAP_peak_871,aVWAP_peak_847,aVWAP_peak_830,aVWAP_peak_816,aVWAP_peak_788,aVWAP_peak_733,aVWAP_peak_708,aVWAP_peak_690,aVWAP_peak_648,aVWAP_peak_611,aVWAP_peak_571,aVWAP_peak_546,aVWAP_peak_521,aVWAP_peak_480,aVWAP_peak_402,aVWAP_peak_366,aVWAP_peak_318,aVWAP_peak_298,aVWAP_peak_258,aVWAP_peak_180,aVWAP_peak_163,aVWAP_peak_111,aVWAP_peak_66,aVWAP_peak_46,aVWAP_peak_30,aVWAP_valley_844,aVWAP_valley_827,aVWAP_valley_803,aVWAP_valley_740,aVWAP_valley_700,aVWAP_valley_666,aVWAP_valley_632,aVWAP_valley_613,aVWAP_valley_587,aVWAP_valley_568,aVWAP_valley_554,aVWAP_valley_535,aVWAP_valley_498,aVWAP_valley_440,aVWAP_valley_389,aVWAP_valley_351,aVWAP_valley_305,aVWAP_valley_278,aVWAP_valley_235,aVWAP_valley_203,aVWAP_valley_174,aVWAP_valley_120,aVWAP_valley_96,aVWAP_valley_41,aVWAP_OB_bull_740,aVWAP_OB_bull_389,aVWAP_OB_bull_5,aVWAP_OB_bear_847,aVWAP_OB_bear_402,Peaks_Valleys_avg,color,StDev,StDev_Mean,StdDev_ZScore,QQEMOD,QQE1_Value,QQE1_Above_Upper,QQE1_Below_Lower,QQE2_Above_Threshold,QQE2_Below_Threshold,QQE2_Above_TL,banker_RSI,OB,OB_High,OB_Low,OB_Mitigated_Index,TTM_squeeze_Active,VI_plus,VI_minus,VI_Regular_Bullish,VI_Regular_Bearish,VI_Hidden_Bullish,VI_Hidden_Bearish,Fisher,Fisher_Signal,Fisher_Regular_Bullish,Fisher_Regular_Bearish,Fisher_Hidden_Bullish,Fisher_Hidden_Bearish,OBV,OBV_Smoothed,OBV_Regular_Bullish,OBV_Regular_Bearish,OBV_Hidden_Bullish,OBV_Hidden_Bearish,Volume_MA,Vol_Regular_Bullish,Vol_Regular_Bearish,Vol_Hidden_Bullish,Vol_Hidden_Bearish
2025-04-08 14:00:00+00:00,69.835,70.36,68.92,68.95,31105.0,,,,,,,,,,,,,,,,,,,,,,,,,,,,,,,,,,,,,,,,,,,,,,,,,,,,,,,,#000000,,,,,,False,False,False,False,False,,0.0,0.0,0.0,0.0,0,,,False,False,False,False,,,False,False,False,False,0.0,0.0,False,False,False,False,31105.0,False,False,False,False
2025-04-08 15:00:00+00:00,68.915,69.26,68.6,69.25,22752.0,,,,,,,,,,,,,,,,,,,,,,,,,,,,,,,,,,,,,,,,,,,,,,,,,,,,,,,,#000000,,,,100.0,,False,False,True,False,False,,0.0,0.0,0.0,0.0,0,,,False,False,False,False,,,False,False,False,False,22752.0,352.74418604651163,False,False,False,False,30975.496124031008,False,False,False,False
2025-04-08 16:00:00+00:00,69.25,69.565,68.51,68.51,19916.0,,,,,,,,,,,,,,,,,,,,,,,,,,,,,,,,,,,,,,,,,,,,,,,,,,,,,,,,#000000,,,,75.49668874172184,-35.76158940397356,False,False,True,False,True,,0.0,0.0,0.0,0.0,0,,,False,False,False,False,,,False,False,False,False,2836.0,391.2442761853254,False,False,False,False,30804.03106784448,False,False,False,False
2025-04-08 17:00:00+00:00,68.465,68.53,67.285,67.585,14971.0,,,,,,,,,,,,,,,,,,,,,,,,,,,,,,,,,,,,,,,,,,,,,,,,,,,,,,,,#000000,,,,54.672905278986455,-35.76158940397356,False,False,False,True,True,,0.0,0.0,0.0,0.0,0,,,False,False,False,False,,,False,False,False,False,-12135.0,197.03893857004905,False,False,False,False,30558.557717955417,False,False,False,False
2025-04-08 18:00:00+00:00,67.64,67.82,67.03,67.03,7886.0,,,,,,,,,,,,,,,,,,,,,,,,,,,,,,,,,,,,,,,,,,,,,,,,,,,,,,,,#000000,,,,39.68126348706082,-35.76158940397356,False,False,False,True,True,,0.0,0.0,0.0,0.0,0,,,False,False,False,False,,,False,False,False,False,-20021.0,-116.4190294697967,False,False,False,False,30207.045195196417,False,False,False,False
2025-04-08 19:00:00+00:00,67.04,67.265,66.41,67.18,69068.0,,,,,,,,,,,,,,,,,,,,,,,,,,,,,,,,,,,,,,,,,,,,,,,,,,,,66.95166666666667,,,,#000000,,,,31.85629344346891,-35.76158940397356,False,False,False,True,False,,1.0,67.265,66.41,0.0,0,,,False,False,False,False,,,False,False,False,False,49047.0,645.8045213746963,False,False,False,False,30809.540618526702,False,False,False,False
2025-04-09 14:00:00+00:00,67.21,67.97,66.83,66.83,31337.0,,,,,,,,,,,,,,,,,,,,,,,,,,,,,,,,,,,,,,,,,,,,,,,,,,,,67.03229404246137,,,,#000000,,,,25.780205620527795,-35.76158940397356,False,False,False,True,False,,0.0,0.0,0.0,0.0,0,,,False,False,False,False,,,False,False,False,False,17710.0,910.3656915859412,False,False,False,False,30817.718283355745,False,False,False,False
2025-04-09 15:00:00+00:00,66.8,67.625,66.775,67.38,17136.0,,,,,,,,,,,,,,,,,,,,,,,,,,,,,,,,,,,,,,,,,,,,,,,,,,,,67.0654907082068,,,,#000000,,,,28.04945697170432,-35.76158940397356,False,False,False,True,False,,0.0,0.0,0.0,0.0,0,,,False,False,False,False,,,False,False,False,False,34846.0,1436.4995568326708,False,False,False,False,30605.598620047906,False,False,False,False
2025-04-09 16:00:00+00:00,67.365,67.85,67.235,67.56,17962.0,,,,,,,,,,,,,,,,,,,,,,,,,,,,,,,,,,,,,,,,,,,,,,,,,,,,67.12949533712661,,,,#000000,,,,31.242597783839592,-35.76158940397356,False,False,False,True,False,,0.0,0.0,0.0,0.0,0,,,False,False,False,False,,,False,False,False,False,52808.0,2232.956928044567,False,False,False,False,30409.57383524096,False,False,False,False
2025-04-09 17:00:00+00:00,67.58,71.75,67.21,71.565,48904.0,,,,,,,,,,,,,,,,,,,,,,,,,,,,,,,,,,,,,,,,,,,,,,,,,,,,67.93715101198255,,,,#000000,,,,46.92218979226121,-35.76158940397356,False,False,False,False,False,,0.0,0.0,0.0,0.0,0,,,False,False,False,False,,,False,False,False,False,101712.0,3775.2676733462013,False,False,False,False,30696.309124617066,False,False,False,False
2025-04-09 18:00:00+00:00,71.8,72.87,71.325,72.05,76301.0,,,,,,,,,,,,,,,,,,,,,,,,,,,,,,,,,,,,,,,,,,,,,,,,,,,,69.15011988508216,,,,#000000,,,,57.96566943024517,-32.47403032726635,False,False,True,False,True,,0.0,0.0,0.0,0.0,0,,,False,False,False,False,,,False,False,False,False,178013.0,6476.627864457113,False,False,False,False,31403.358595553233,False,False,False,False
2025-04-09 19:00:00+00:00,72.01,73.495,71.89,73.235,57637.0,,,,,,,,,,,,,,,,,,,,,,,,,,,,,,,,,,,,,,,,,,,,,,,,,,,,69.82421513871219,,,,#000000,,72.87333333333333,,66.5455774910739,-21.51996287755948,False,False,True,False,True,,0.0,0.0,0.0,0.0,0,,,False,False,False,False,,,False,False,False,False,235650.0,10029.703401442273,False,False,False,False,31810.081718102792,False,False,False,False
2025-04-10 14:00:00+00:00,70.515,71.38,70.21,71.1,35757.0,,,,,,,,,,,,,,,,,,,,,,,,,,,,,,,,,,,,,,,,,,,,,,,,,,,,69.93251062782286,,,,#000000,,72.1165430684341,,64.71267632986387,-20.49407053126317,False,False,True,False,True,,0.0,0.0,0.0,0.0,0,,,False,False,False,False,,,False,False,False,False,199893.0,12973.3204029703,False,False,False,False,31871.274249605074,False,False,False,False
2025-04-10 15:00:00+00:00,71.095,71.58,70.545,70.64,37835.0,,,,,,,,,,,,,,,,,,,,,,,,,,,,,,,,,,,,,,,,,,,,,,,,,,,,70.02799719512745,,,,#000000,,71.77204491131279,,62.237793816572704,-19.97854357663431,False,False,True,False,True,,0.0,0.0,0.0,0.0,0,,,False,False,False,False,,,False,False,False,False,162058.0,15284.710784319595,False,False,False,False,31963.73511395228,False,False,False,False
2025-04-10 16:00:00+00:00,70.64,71.33,70.065,71.08,31887.0,,,,,,,,,,,,,,,,,,,,,,,,,,,,,,,,,,,,,,,,,,,,,,,,,,,,70.08796083201203,,,,#000000,,71.58691027653123,,61.4725892662899,-17.617753026748304,False,False,True,False,True,,0.0,0.0,0.0,0.0,0,,,False,False,False,False,,,False,False,False,False,193945.0,18054.637748903788,False,False,False,False,31962.545422263098,False,False,False,False
2025-04-10 17:00:00+00:00,71.06,72.235,70.67,72.155,43445.0,,,,,,,,,,,,,,,,,,,,,,,,,,,,,,,,,,,,,,,,,,,,,,,,,,,,70.23660278126732,,,,#000000,,71.60789156713997,,62.91035996186635,-13.159508844899932,False,False,True,False,True,,0.0,0.0,0.0,0.0,0,,,False,False,False,False,,,False,False,False,False,237390.0,21455.186000858765,False,False,False,False,32140.567973855916,False,False,False,False
2025-04-10 18:00:00+00:00,72.12,72.46,71.38,71.865,62529.0,,,,,,,,,,,,,,,,,,,,,,,,,,,,,,,,,,,,,,,,,,,,,,,,,,,,70.43312066108216,,,,#000000,,71.67615669478613,,62.93917653202774,-10.15767614827,False,False,True,False,True,,0.0,0.0,0.0,0.0,0,,,False,False,False,False,,,False,False,False,False,174861.0,23833.570714023746,False,False,False,False,32611.7064548814,False,False,False,False
2025-04-10 19:00:00+00:00,71.69,72.23,70.6,71.225,61484.0,,,,,,,,,,,,,,,,,,,,,,,,,,,,,,,,,,,,,,,,,,,,,,,,,,,,70.52863495478188,,,,#000000,,71.61580426268651,,60.958538585747306,-9.509773461026697,False,False,True,False,True,,0.0,0.0,0.0,0.0,0,,,False,False,False,False,,,False,False,False,False,113377.0,25221.84093551175,False,False,False,False,33059.338912945255,False,False,False,False
2025-04-11 14:00:00+00:00,72.765,73.07,71.78,72.115,37762.0,,,,,,,,,,,,,,,,,,,,,,,,,,,,,,,,,,,,,,,,,,,,,,,,,,,,70.63627204138344,,,,#000000,,71.68816964673559,,61.49686064001508,-6.524285124859546,False,False,True,False,True,,0.0,0.0,0.0,0.0,0,,,False,False,False,False,,,False,False,False,False,151139.0,27174.044952015443,False,False,False,False,33132.248387163156,False,False,False,False
2025-04-11 15:00:00+00:00,72.115,72.66,71.985,72.52,29510.0,,,,,,,,,,,,,,,,,,,,,,,,,,,,,,,,,,,,,,,,,,,,,,,,,,,,70.71478242735853,,,,#000000,,71.7401038886068,,62.63235985016959,-3.2153035847099005,False,False,True,False,True,,0.0,0.0,0.0,0.0,0,,,False,False,False,False,,,False,False,False,False,180649.0,29553.501619426057,False,False,False,False,33076.089497439694,False,False,False,False
2025-04-11 16:00:00+00:00,72.52,72.87,72.21,72.8,21680.0,,,,,,,,,,,,,,,,,,,,,,,,,,,,,,,,,,,,,,,,,,,,,,,,,,,,70.77571682685664,,,,#000000,,71.7859191206266,,63.92963437462661,-0.022821284106527173,False,False,True,False,True,,0.0,0.0,0.0,0.0,0,,,False,False,False,False,,,False,False,False,False,202329.0,32232.191516799296,False,False,False,False,32899.40593933985,False,False,False,False
2025-04-11 17:00:00+00:00,72.8,73.285,72.465,73.02,15203.0,,,,,,,,,,,,,,,,,,,,,,,,,,,,,,,,,,,,,,,,,,,,,,,,,,,,70.82266603109508,,,,#000000,,71.82569587413461,,65.2321285765209,2.92045470068134,False,False,True,False,True,,0.0,0.0,0.0,0.0,0,,,False,False,False,False,,,False,False,False,False,217532.0,35105.05676460086,False,False,False,False,32625.043056559385,False,False,False,False
2025-04-11 18:00:00+00:00,73.06,73.365,72.96,73.135,31027.0,,,,,,,,,,,,,,,,,,,,,,,,,,,,,,,,,,,,,,,,,,,,,,,,,,,,70.92220794148093,,,,#000000,,71.91413833638212,,66.3421543768489,5.462045217061998,False,False,True,False,True,,0.0,0.0,0.0,0.0,1,,,False,False,False,False,,,False,False,False,False,248559.0,38414.4202256148,False,False,False,False,32600.26719521738,False,False,False,False
2025-04-11 19:00:00+00:00,73.135,73.755,73.0,73.565,61031.0,,,,,,,,,,,,,,,,,,,,,,,,,,,,,,,,,,,,,,,,,,,,,,,,,,,,71.11733726563344,,,,#000000,,72.09091730623571,,67.98987173792258,8.2963966266935,False,False,True,False,True,,0.0,0.0,0.0,0.0,0,,,False,False,False,False,,,False,False,False,False,309590.0,42618.69278025643,False,False,False,False,33041.05375033029,False,False,False,False
2025-04-14 14:00:00+00:00,73.71,74.27,73.57,74.03,49647.0,,,,,,,,,,,,,,,,,,,,,,,,,,,,,,,,,,,,,,,,,,,,,,,,,,,,71.2857246918683,,,,#000000,,72.25161021903634,,70.00082474563882,11.253439129164278,False,False,True,False,True,,0.0,0.0,0.0,0.0,0,,,False,False,False,False,,,False,False,False,False,359237.0,47527.50374490362,False,False,False,False,33298.51028133292,False,False,False,False
2025-04-14 15:00:00+00:00,74.035,74.09,73.115,73.115,22822.0,,,,,,,,,,,,,,,,,,,,,,,,,,,,,,,,,,,,,,,,,,,,,,,,,,,,71.3428955398133,,,,#000000,,72.29686872555301,,67.04169198223006,11.253439129164278,False,False,True,False,True,,0.0,0.0,0.0,0.0,0,,,False,False,False,False,,,False,False,False,False,336415.0,52006.37965583534,False,False,False,False,33136.08376534327,False,False,False,False
2025-04-14 16:00:00+00:00,73.055,73.64,72.86,73.475,14069.0,,,,,,,,,,,,,,,,,,,,,,,,,,,,,,,,,,,,,,,,,,,,,,,,,,,,71.37480077411266,,,,#000000,,72.32045292463212,,65.99690453900328,11.253439129164278,False,False,True,False,True,,0.0,0.0,0.0,0.0,0,,,False,False,False,False,,,False,False,False,False,350484.0,56633.93966117123,False,False,False,False,32840.470063555,False,False,False,False
2025-04-14 17:00:00+00:00,73.48,73.955,73.325,73.87,11056.0,,,,,,,,,,,,,,,,,,,,,,,,,,,,,,,,,,,,,,,,,,,,,,,,,,,,71.40405395577922,,,,#000000,,72.34517587285113,,66.27744953625937,11.253439129164278,False,False,True,False,True,,0.0,0.0,0.0,0.0,0,,,False,False,False,False,,,False,False,False,False,361540.0,61361.165402858496,False,False,False,False,32502.726341639423,False,False,False,False
2025-04-14 18:00:00+00:00,73.87,74.0,73.645,73.955,13991.0,,,,,,,,,,,,,,,,,,,,,,,,,,,,,,,,,,,,,,,,,,,,,,,,,,,,71.4423758119411,,,,#000000,,72.37852191198861,,66.67761656137071,11.253439129164278,False,False,True,False,True,,0.0,0.0,0.0,0.0,0,,,False,False,False,False,,,False,False,False,False,375531.0,66232.01555165139,False,False,False,False,32215.72283246672,False,False,False,False
2025-04-14 19:00:00+00:00,73.95,74.255,73.81,73.995,53229.0,,,,,,,,,,,,,,,,,,,,,,,,,,,,,,,,,,,,,,,,,,,,,,,,,,,,71.58645127264366,,,,#000000,,72.50485810460076,,67.05393791083648,11.585783339031877,False,False,True,False,True,,0.0,0.0,0.0,0.0,0,,,False,False,False,False,,,False,False,False,False,428760.0,71852.60445782734,False,False,False,False,32541.51007537421,False,False,False,False
2025-04-15 14:00:00+00:00,74.3,74.6,74.09,74.455,15863.0,,,,,,,,,,,,,,,,,,,,,,,,,74.38166666666666,,,,,,,,,,,,,,,,,,,,,,,,,,,71.63224943846066,,,74.38166666666666,#000000,,73.46430360767472,,68.54551683605351,13.551790045199603,False,False,True,False,True,,0.0,0.0,0.0,0.0,0,,,False,False,False,False,,,False,False,False,False,444623.0,77631.99043522537,False,False,False,False,32282.92852381802,False,False,False,False
2025-04-15 15:00:00+00:00,74.395,74.55,74.105,74.225,15317.0,,,,,,,,,,,,,,,,,,,,,,,,,74.33827341244387,,,,,,,,,,,,,,,,,,,,,,,,,,,71.67369354410674,,,74.33827341244387,#000000,,73.46111154714885,,68.0839808946577,13.551790045199603,False,False,True,False,True,,0.0,0.0,0.0,0.0,0,,,False,False,False,False,,,False,False,False,False,429306.0,83084.30066103581,False,False,False,False,32019.890872285956,False,False,False,False
2025-04-15 16:00:00+00:00,74.175,74.3,73.635,73.66,11904.0,,,,,,,,,,,,,,,,,,,,,,,,,74.20750916813665,,,,,,,,,,,,,,,,,,,,,,,,,,,71.69989958739914,,,74.20750916813665,#000000,,73.40610776604427,,64.54389288899577,13.551790045199603,False,False,True,False,False,,0.0,0.0,0.0,0.0,0,,,False,False,False,False,,,False,False,False,False,417402.0,88267.52080582594,False,False,False,False,31708.01659519625,False,False,False,False
2025-04-15 17:00:00+00:00,73.66,73.75,73.405,73.505,11829.0,,,,,,,,,,,,,,,,,,,,,,,,,74.06659088011945,,,,,,,,,,,,,,,,,,,,,,,,,,,71.72166665342893,,,74.06659088011945,#000000,,73.34316442778132,,61.366681139868106,15.847315426270086,False,False,True,False,False,,0.0,0.0,0.0,0.0,0,,,False,False,False,False,,,False,False,False,False,405573.0,93186.98559953406,False,False,False,False,31399.81478751879,False,False,False,False
2025-04-15 18:00:00+00:00,73.505,73.75,73.315,73.59,14788.0,,,,,,,,,,,,,,,,,,,,,,,,,73.95734281669799,,,,,,,,,,,,,,,,,,,,,,,,,,,71.74814588572191,,,73.95734281669799,#000000,,73.29759157515971,,59.63309744552108,14.148962060014227,False,False,True,False,False,,0.0,0.0,0.0,0.0,0,,,False,False,False,False,,,False,False,False,False,420361.0,98259.45093907617,False,False,False,False,31142.267271433226,False,False,False,False
2025-04-15 19:00:00+00:00,73.57,73.87,73.445,73.68,34292.0,,,,,,,,,,,,,,,,,,,,,,,,,73.86094190634626,,,,,,,,,,,,,,,,,,,,,,,,,,,71.81037502216853,,,73.86094190634626,#000000,,73.27152763639765,,58.91047407802975,13.340513854670661,False,False,True,False,False,,0.0,0.0,0.0,0.0,0,,,False,False,False,False,,,False,False,False,False,454653.0,103784.93231986568,False,False,False,False,31191.1003369924,False,False,False,False
2025-04-16 14:00:00+00:00,72.6,73.215,72.6,73.175,14557.0,,,,,,,,,,,,,,,,,,,,,,,,,73.75481575987628,,,,,,,,,,,,,,,,,,,,,,,,,,,71.82650118580816,,,73.75481575987628,#000000,,73.22129055016464,,55.4095322800177,9.957536749168746,False,False,True,False,False,,0.0,0.0,0.0,0.0,0,,,False,False,False,False,,,False,False,False,False,440096.0,108999.05740017784,False,False,False,False,30933.207308511894,False,False,False,False
2025-04-16 15:00:00+00:00,73.175,73.6,73.175,73.34,9452.0,,,,,,,,,,,,,,,,,,,,,,,,,73.7265230360984,,,,,,,,,,,,,,,,,,,,,,,,,,,71.84002035216403,,,73.7265230360984,#000000,,73.21108770442642,,54.01736644706452,8.598164723951328,False,False,True,False,False,,0.0,0.0,0.0,0.0,0,,,False,False,False,False,,,False,False,False,False,449548.0,114278.88596761695,False,False,False,False,30600.165334736517,False,False,False,False
2025-04-16 16:00:00+00:00,73.34,73.42,73.105,73.12,5628.0,,,,,,,,,,,,,,,,,,,,,,,,,73.70497958292799,,,,,,,,,,,,,,,,,,,,,,,,,,,71.84714633756286,,,73.70497958292799,#000000,,73.20208692951786,,51.79289203616406,6.433893860016333,False,False,False,False,False,,0.0,0.0,0.0,0.0,0,,,False,False,False,False,,,False,False,False,False,443920.0,119389.60091385545,False,False,False,False,30212.999980709596,False,False,False,False
2025-04-16 17:00:00+00:00,73.105,73.185,72.25,72.28,9975.0,,,,,,,,,,,,,,,,,,,,,,,,,73.62625811543238,,,,,,,,,,,,,,,,,,,,,,,,,,,71.85374091549762,,,73.62625811543238,#000000,,73.1619646543634,,46.42943464108234,1.4596724015465838,False,False,False,True,False,,0.0,0.0,0.0,0.0,0,,,False,False,False,False,,,False,False,False,False,433945.0,124266.42880666388,False,False,False,False,29899.232539148208,False,False,False,False
2025-04-16 18:00:00+00:00,72.28,72.57,72.26,72.38,13126.0,,,,,,,,,,,,,,,,,,,,,,,,,73.52383989127868,,,,,,,,,,,,,,,,,,,,,,,,,,,71.86024559528963,,,73.52383989127868,#000000,,73.10847843924797,,43.53710352242469,-1.0955241162322054,False,False,False,True,False,,0.0,0.0,0.0,0.0,0,,,False,False,False,False,,,False,False,False,False,447071.0,129271.15084066908,False,False,False,False,29639.182422262187,False,False,False,False
2025-04-16 19:00:00+00:00,72.405,73.065,72.135,73.02,45544.0,,,,,,,,,,,,,,,,,,,,,,,,,73.34735142751204,,,,,,,,,,,,,,,,,,,,,,,,72.73999999999998,,,71.89494860053492,,,73.04367571375602,#000000,,72.92761905253776,,45.4826268209076,-1.0955241162322054,False,False,False,True,False,,0.0,0.0,0.0,0.0,0,,,False,False,False,False,,,False,False,False,False,492615.0,134904.38881213157,False,False,False,False,29885.76874129688,False,False,False,False
2025-04-17 14:00:00+00:00,74.015,74.38,73.865,73.925,7031.0,,,,,,,,,,,,,,,,,,,,,,,,,73.37117872078838,,,,,,,,,,,,,,,,,,,,,,,,72.91608147091455,,,71.90803300433736,,,73.14363009585146,#000000,,72.99779630263717,,50.64391195228569,-5.337891755672764,True,False,False,False,True,,0.0,0.0,0.0,0.0,0,,,False,False,False,False,,,False,False,False,False,499646.0,140559.29751271868,False,False,False,False,29531.431241431812,False,False,False,False
2025-04-17 15:00:00+00:00,73.935,74.275,73.9,74.07,3615.0,,,,,,,,,,,,,,,,,,,,,,,,,73.38324147610302,,,,,,,,,,,,,,,,,,,,,,,,72.9910697336418,,,71.91477646759296,,,73.1871556048724,#000000,,73.02864579390886,,54.60051404655505,-1.8057146931733215,True,False,True,False,True,,0.0,0.0,0.0,0.0,0,,,False,False,False,False,,,False,False,False,False,503261.0,146182.5797218238,False,False,False,False,29129.62610590574,False,False,False,False
2025-04-17 16:00:00+00:00,74.085,74.4,74.045,74.275,9582.0,,,,,,,,,,,,,,,,,,,,,,,,,73.42013742885862,,,,,,,,,,,,,,,,,,,,,,,,73.17302025684688,,,71.93374145253313,,,73.29657884285275,#000000,,73.10693495906646,,57.979313815715216,1.2198222283272173,True,False,True,False,True,,0.0,0.0,0.0,0.0,0,,,False,False,False,False,,,False,False,False,False,512843.0,151867.2374005552,False,False,False,False,28826.562135271543,False,False,False,False
2025-04-17 17:00:00+00:00,74.315,74.72,74.14,74.575,10120.0,,,,,,,,,,,,,,,,,,,,,,,,,73.4661730425051,,,,,,,,,,,,,,,,,,,,,,,,73.34708034663292,,,71.95547372901287,,,73.40662669456901,#000000,,73.18669003834185,,61.277444432993235,4.232431224870794,True,False,True,False,True,,0.0,0.0,0.0,0.0,0,,,False,False,False,False,,,False,False,False,False,522963.0,157620.66007651557,False,False,False,False,28536.537916120047,False,False,False,False
2025-04-17 18:00:00+00:00,74.57,74.95,74.57,74.575,10176.0,,,,,,,,,,,,,,,,,,,,,,,,74.69833333333332,73.51781437183293,,,,,,,,,,,,,,,,,,,,,,,,73.50684181887189,,,71.97882838761574,,,73.90766317467939,#000000,,73.62276476694348,,63.47619817784525,6.31037628629246,True,False,True,False,True,,0.0,0.0,0.0,0.0,0,,,False,False,False,False,,,False,False,False,False,522963.0,163284.8824009107,False,False,False,False,28251.878413544542,False,False,False,False
2025-04-17 19:00:00+00:00,74.575,74.68,74.3,74.55,20021.0,,,,,,,,,,,,,,,,,,,,,,,,74.57346590720933,73.59339670370088,,,,,,,,,,,,,,,,,,,,,,,,73.69615673318314,,,72.02053308469031,,,73.95433978136445,#000000,,73.6669073912549,,64.73174622229831,7.649684844566906,True,False,True,False,True,,0.0,0.0,0.0,0.0,0,,,False,False,False,False,,,False,False,False,False,502942.0,168550.88422415237,False,False,False,False,28124.26789550509,False,False,False,False
2025-04-18 14:00:00+00:00,74.55,74.55,74.55,74.55,0.0,,,,,,,,,,,,,,,,,,,,,,,,74.57346590720933,73.59339670370088,,,,,,,,,,,,,,,,,,,,,,,,73.69615673318314,,,72.02053308469031,,,73.95433978136445,#000000,,73.6669073912549,,65.56877825193368,8.739902855193677,True,False,True,False,True,,0.0,0.0,0.0,0.0,0,,,False,False,False,False,,,False,False,False,False,502942.0,173735.242608274,False,False,False,False,27688.23273433447,False,False,False,False
2025-04-18 15:00:00+00:00,74.55,74.55,74.55,74.55,0.0,,,,,,,,,,,,,,,,,,,,,,,,74.57346590720933,73.59339670370088,,,,,,,,,,,,,,,,,,,,,,,,73.69615673318314,,,72.02053308469031,,,73.95433978136445,#000000,,73.6669073912549,,66.12679960502392,9.677316116678988,True,False,True,False,True,17.81120167093312,0.0,0.0,0.0,0.0,0,,,False,False,False,False,,,False,False,False,False,502942.0,178839.22334302944,False,False,False,False,27258.957808220755,False,False,False,False
2025-04-18 16:00:00+00:00,74.55,74.55,74.55,74.55,0.0,,,,,,,,,,,,,,,,,,,,,,,,74.57346590720933,73.59339670370088,,,,,,,,,,,,,,,,,,,,,,,,73.69615673318314,,,72.02053308469031,,,73.95433978136445,#000000,,73.6669073912549,,66.49881384041741,10.512919089439777,True,False,True,False,True,17.81120167093313,0.0,0.0,0.0,0.0,0,,,False,False,False,False,,,False,False,False,False,502942.0,183864.07259352508,False,False,False,False,26836.338307318107,False,False,False,False
2025-04-18 17:00:00+00:00,74.55,74.55,74.55,74.55,0.0,,,,,,,,,,,,,,,,,,,,,,,,74.57346590720933,73.59339670370088,,,,,,,,,,,,,,,,,,,,,,,,73.69615673318314,,,72.02053308469031,,,73.95433978136445,#000000,,73.6669073912549,,66.74682333067975,11.272260212630052,True,False,True,False,True,17.81120167093312,0.0,0.0,0.0,0.0,0,,,False,False,False,False,,,False,False,False,False,502942.0,188811.01720447815,False,False,False,False,26420.27104673953,False,False,False,False
2025-04-18 18:00:00+00:00,74.55,74.55,74.55,74.55,0.0,,,,,,,,,,,,,,,,,,,,,,,,74.57346590720933,73.59339670370088,,,,,,,,,,,,,,,,,,,,,,,,73.69615673318314,,,72.02053308469031,,,73.95433978136445,#000000,,73.6669073912549,,66.91216299085464,11.967300676583328,True,False,True,False,True,17.81120167093312,0.0,0.0,0.0,0.0,0,,,False,False,False,False,,,False,False,False,False,502942.0,193681.26499975755,False,False,False,False,26010.654441363724,False,False,False,False
2025-04-18 19:00:00+00:00,74.55,74.55,74.55,74.55,0.0,,,,,,,,,,,,,,,,,,,,,,,,74.57346590720933,73.59339670370088,,,,,,,,,,,,,,,,,,,,,,,,73.69615673318314,,,72.02053308469031,,,73.95433978136445,#000000,,73.6669073912549,,67.02238943097123,12.603307479677277,True,False,True,False,True,17.81120167093312,0.0,0.0,0.0,0.0,0,,,False,False,False,False,,,False,False,False,False,502942.0,198476.00507728066,False,False,False,False,25607.388481032503,False,False,False,False
2025-04-21 14:00:00+00:00,73.81,73.82,73.225,73.26,47947.0,,,,,,,,,,,,,,,,,,,,,,,,73.8749346718878,73.5689583085291,,,,,,,,,,,,,,,,,,,,,,,,73.61486611354921,,,72.07422695995068,,,73.68625303132204,#000000,,73.47338080230196,,55.38649570942095,10.455904322512666,False,False,True,False,False,9.09654060083891,0.0,0.0,0.0,0.0,0,,,False,False,False,False,,,False,False,False,False,454995.0,202453.04375825304,False,False,False,False,25953.739047218045,False,False,False,False
2025-04-21 15:00:00+00:00,73.275,73.285,72.79,72.83,12813.0,,,,,,,,,,,,,,,,,,,,,,,,73.74722286355092,73.54517498506293,,,,,,,,,,,,,,,,,,,,,,,,73.56521628338596,,,72.0832059424187,,,73.61920471066661,#000000,,73.42351601926265,,45.87564674718141,2.1095729755239816,False,True,False,True,False,6.4938205736591925,0.0,0.0,0.0,0.0,0,,,False,False,False,False,,,False,False,False,False,442182.0,206169.77176200104,False,False,False,False,25750.006658889084,False,False,False,False
2025-04-21 16:00:00+00:00,72.85,73.08,72.81,72.935,13005.0,,,,,,,,,,,,,,,,,,,,,,,,73.64645279044267,73.52185657907116,,,,,,,,,,,,,,,,,,,,,,,,73.5201282521749,,,72.09186785078265,,,73.5628125405629,#000000,,73.381554599839,,40.58503638558952,-2.1560421252818784,False,True,False,True,False,7.01806954089237,0.0,0.0,0.0,0.0,0,,,False,False,False,False,,,False,False,False,False,455187.0,210030.5039827452,False,False,False,False,25552.409656425687,False,False,False,False
2025-04-21 17:00:00+00:00,72.935,73.03,72.78,72.82,14820.0,,,,,,,,,,,,,,,,,,,,,,,,73.55040936337156,73.49464662331687,,,,,,,,,,,,,,,,,,,,,,,,73.47114327884907,,,72.10078907004655,,,73.50539975517917,#000000,,73.33863314252694,,36.55403916767863,-5.4182995140637615,False,True,False,True,False,6.322562777030651,0.0,0.0,0.0,0.0,0,,,False,False,False,False,,,False,False,False,False,440367.0,213601.612448129,False,False,False,False,25386.015708264047,False,False,False,False
2025-04-21 18:00:00+00:00,72.82,73.17,72.75,73.0,17491.0,,,,,,,,,,,,,,,,,,,,,,,,73.47634012851654,73.46992884173316,,,,,,,,,,,,,,,,,,,,,,,,73.43010355148115,,,72.11234039759158,,,73.45879084057695,#000000,,73.30423310254012,,35.80916891165747,-5.917795706570544,False,True,False,True,False,7.240286513871073,0.0,0.0,0.0,0.0,0,,,False,False,False,False,,,False,False,False,False,457858.0,217388.53318536727,False,False,False,False,25263.612363949876,False,False,False,False
2025-04-21 19:00:00+00:00,72.975,73.175,72.885,73.12,55878.0,,,,,,,,,,,,,,,,,,,,,,,,73.35526735917759,73.41600368666631,,,,,,,,,,,,,,,,,,,,,,,,73.35294934021779,,,72.15079365223447,,,73.37474012868724,#000000,,73.24394098163468,,36.57363740906722,-5.917795706570544,False,True,False,True,False,7.850697101582689,0.0,0.0,0.0,0.0,0,,,False,False,False,False,,,False,False,False,False,513736.0,221983.06755458636,False,False,False,False,25738.254032725847,False,False,False,False
2025-04-22 14:00:00+00:00,73.46,73.64,73.275,73.44,9548.0,,,,,,,,,,,,,,,,,,,,,,,,73.35983069656601,73.41678769054602,,,,,,,,,,,,,,,,,,,,,,,,73.35634481425309,,,72.15975114383951,,,73.37765440045503,#000000,,73.2473989695352,,40.123228148588666,-5.917795706570544,False,True,False,True,True,9.457332264557781,0.0,0.0,0.0,0.0,0,,,False,False,False,False,,,False,False,False,False,523284.0,226654.39984056176,False,False,False,False,25487.242342295987,False,False,False,False
2025-04-22 15:00:00+00:00,73.44,73.71,73.415,73.585,15899.0,,,,,,,,,,,,,,,,,,,,,,,,73.37518691195079,73.42219819451631,,,,,,,,,,,,,,,,,,,,,,,,73.3679189864504,,,72.17573764435224,,,73.38843469763917,#000000,,73.25796746632062,,43.71864847851993,-5.917795706570544,False,True,False,True,True,10.174488305492165,0.0,0.0,0.0,0.0,0,,,False,False,False,False,,,False,False,False,False,539183.0,231499.80449419646,False,False,False,False,25338.58742226039,False,False,False,False
2025-04-22 16:00:00+00:00,73.575,73.73,73.445,73.625,8090.0,,,,,,,,,,,,,,,,,,,,,,,,73.3832455499037,73.42533671095244,,,,,,,,,,,,,,,,,,,,,,,,73.3741446492915,,,72.18390588417387,,,73.39424230338254,#000000,,73.26361315692745,,46.462842343924756,-11.646089084464776,False,True,False,True,True,10.373539976571909,0.0,0.0,0.0,0.0,0,,,False,False,False,False,,,False,False,False,False,547273.0,236395.51295165077,False,False,False,False,25071.167462225345,False,False,False,False
2025-04-22 17:00:00+00:00,73.63,73.745,72.74,72.74,3111.0,,,,,,,,,,,,,,,,,,,,,,,,73.37905430822104,73.42297467033069,,,,,,,,,,,,,,,,,,,,,,,,73.37109027944156,,,72.18586679031114,,,73.39103975266443,#000000,,73.26134835873667,,42.306914151415285,-11.646089084464776,False,True,False,True,False,4.838873218917481,0.0,0.0,0.0,0.0,0,,,False,False,False,False,,,False,False,False,False,544162.0,241167.0863942608,False,False,False,False,24730.699749632702,False,False,False,False
2025-04-22 18:00:00+00:00,72.74,73.14,72.73,73.08,14459.0,,,,,,,,,,,,,,,,,,,,,,,,73.35553306914194,73.40961676343454,,,,,,,,,,,,,,,,,,,,,,,,73.35352306125644,,,72.19394034407188,,,73.37289096461097,#000000,,73.24808062831758,,42.39583347125404,-11.646089084464776,False,True,False,True,False,6.577774604072044,0.0,0.0,0.0,0.0,0,,,False,False,False,False,,,False,False,False,False,558621.0,246088.85249667536,False,False,False,False,24571.44859072367,False,False,False,False
2025-04-22 19:00:00+00:00,73.06,73.135,72.695,72.845,32611.0,,,,,,,,,,,,,,,,,,,,,,,,73.30069853807422,73.37639918949887,,,,,,,,,,,,,,,,,,,,,,,,73.31070535581449,,,72.20951642398019,,,73.32926769446253,#000000,,73.21548557328859,,41.15257393059791,-11.646089084464776,False,True,False,True,False,5.176293511365159,0.0,0.0,0.0,0.0,0,,,False,False,False,False,,,False,False,False,False,526010.0,250428.7152486649,False,False,False,False,24696.092798619426,False,False,False,False
2025-04-23 14:00:00+00:00,74.44,74.74,73.92,73.945,58296.0,,,,,,,,,,,,,,,,,,,,,,,74.20166666666667,73.45787489713165,73.46128064931978,,,,,,,,,,,,,,,,,,,,,,,,73.43736940636707,,,72.28596604539847,,,73.63954790487128,#000000,,73.49876594606579,,46.985489173320715,-10.58566849147735,False,True,False,True,True,10.471306261245108,0.0,0.0,0.0,0.0,0,,,False,False,False,False,,,False,False,False,False,584306.0,255605.1072603135,False,False,False,False,25217.021592439276,False,False,False,False
2025-04-23 15:00:00+00:00,73.97,74.005,72.875,73.15,34821.0,,,,,,,,,,,,,,,,,,,,,,,73.88069385826434,73.44706567457844,73.45445388394565,,,,,,,,,,,,,,,,,,,,,,,,73.43000911860479,,,72.309660079661,,,73.5530556338483,#000000,,73.431767651296,,46.779371873786786,-10.5390112455093,False,True,False,True,True,5.944421859608628,0.0,0.0,0.0,0.0,0,,,False,False,False,False,,,False,False,False,False,549485.0,260161.38466713033,False,False,False,False,25365.920482478978,False,False,False,False
2025-04-23 16:00:00+00:00,73.15,73.15,72.83,73.085,41857.0,,,,,,,,,,,,,,,,,,,,,,,73.61429958115392,73.4037256973264,73.42630138707146,,,,,,,,,,,,,,,,,,,,,,,,73.39489352180001,,,72.32833593290617,,,73.45980504683794,#000000,,73.35763778090545,,46.3498350423813,-10.5390112455093,False,True,False,True,True,5.588322386914783,0.0,0.0,0.0,0.0,0,,,False,False,False,False,,,False,False,False,False,507628.0,263998.0763777174,False,False,False,False,25621.59613391341,False,False,False,False
2025-04-23 17:00:00+00:00,73.06,73.48,72.935,73.41,34528.0,,,,,,,,,,,,,,,,,,,,,,,73.54518337050104,73.39374606040057,73.4185961060619,,,,,,,,,,,,,,,,,,,,,,,,73.38695188097627,,,72.34838522246069,,,73.43611935448494,#000000,,73.34033310103447,,47.80958855148162,-8.703542832748568,False,True,False,False,True,7.112096979094201,0.0,0.0,0.0,0.0,0,,,False,False,False,False,,,False,False,False,False,542156.0,268310.6023253497,False,False,False,False,25759.679914782966,False,False,False,False
2025-04-23 18:00:00+00:00,73.415,73.6,73.095,73.14,58350.0,,,,,,,,,,,,,,,,,,,,,,,73.47684646905302,73.38037688852889,73.40748128365726,,,,,,,,,,,,,,,,,,,,,,,,73.37601718445468,,,72.38051880601482,,,73.41018045642346,#000000,,73.32220656898183,,47.389156372896245,-8.653528567862722,False,True,False,True,True,5.611922432383537,0.0,0.0,0.0,0.0,1,,,False,False,False,False,,,False,False,False,False,483806.0,271651.6162427862,False,False,False,False,26264.956195173927,False,False,False,False
2025-04-23 19:00:00+00:00,73.14,73.265,72.89,72.935,102169.0,,,,,,,,,,,,,,,,,,,,,,,73.33851025136785,73.32129412379584,73.36148690399949,,,,,,,,,,,,,,,,,,,,,,,,73.3241644958848,,,72.41757265285626,,,73.336363943762,#000000,,73.2639504711564,,46.08843768948232,-8.653528567862722,False,True,False,True,True,4.486815581861666,0.0,0.0,0.0,0.0,1,,,False,False,False,False,,,False,False,False,False,381637.0,273356.81599096005,False,False,False,False,27441.763075868905,False,False,False,False
2025-04-24 14:00:00+00:00,72.98,73.01,72.485,72.81,100441.0,,,,,,,,,,,,,,,,,,,,,,,73.20546914710242,73.24266252649254,73.29803657758171,,,,,,,,,,,,,,,,,,,,,,,,73.25279324012035,,,72.43620081483468,,,73.24974037282425,#000000,,73.19211417721064,,44.59556584149948,-8.653528567862722,False,True,False,True,False,3.802487294139045,0.0,0.0,0.0,0.0,1,,,False,False,False,False,,,False,False,False,False,281196.0,273478.3537275343,False,False,False,False,28573.53419097171,False,False,False,False
2025-04-24 15:00:00+00:00,72.81,72.97,72.69,72.755,21223.0,,,,,,,,,,,,,,,,,,,,,,,73.18665258974728,73.22989576031469,73.28713888342114,,,,,,,,,,,,,,,,,,,,,,,,73.24096479622361,,,72.44029340694084,,,73.23616300742668,#000000,,73.1808498432588,,43.310153718020196,-8.653528567862722,False,True,False,True,False,3.499055958531901,0.0,0.0,0.0,0.0,1,,,False,False,False,False,,,False,False,False,False,259973.0,273268.96839842526,False,False,False,False,28459.57242056905,False,False,False,False
2025-04-24 16:00:00+00:00,72.77,72.985,72.705,72.88,12790.0,,,,,,,,,,,,,,,,,,,,,,,73.17756594362812,73.22344794672026,73.28148017181807,,,,,,,,,,,,,,,,,,,,,,,,73.23494304139163,,,72.44305945918057,,,73.22935927588952,#000000,2.0005450270877136,73.1752486810907,-0.1475841218732801,43.45617359680448,-8.653528567862722,False,True,False,True,False,4.131893998861923,0.0,0.0,0.0,0.0,1,,,False,False,False,False,,,False,False,False,False,272763.0,273261.1239271319,False,False,False,False,28216.633313273407,False,False,False,False
2025-04-24 17:00:00+00:00,72.9,73.045,72.8,72.975,11675.0,,,,,,,,,,,,,,,,,,,,,,,73.17174092547867,73.21904745314502,73.27743120680748,,,,,,,,,,,,,,,,,,,,,,,,73.23078382620032,,,72.44605477543486,,,73.22475085290787,#000000,1.9551878898675343,73.17153574559975,-0.10052013242219701,44.33364558741583,-8.653528567862722,False,True,False,True,False,4.615006629245613,0.0,0.0,0.0,0.0,1,,,False,False,False,False,,,False,False,False,False,284438.0,273434.4088274864,False,False,False,False,27960.173882059866,False,False,False,False
2025-04-24 18:00:00+00:00,72.975,73.11,72.865,73.025,12419.0,,,,,,,,,,,,,,,,,,,,,,,73.16737542018971,73.21548882534184,73.27397563271788,,,,,,,,,,,,,,,,,,,,,,,,73.22737313714057,,,72.44958383648735,,,73.2210532538475,#000000,1.9149497206016686,73.16863844953316,-0.07500899265805583,45.35068151318736,-8.637136973429861,False,True,False,True,False,4.87175686320322,0.0,0.0,0.0,0.0,1,,,False,False,False,False,,,False,False,False,False,296857.0,273797.54977589747,False,False,False,False,27719.225449779868,False,False,False,False
2025-04-24 19:00:00+00:00,73.01,73.14,72.84,73.045,39201.0,,,,,,,,,,,,,,,,,,,,,,,73.15556230302343,73.20538391201356,73.26392658742029,,,,,,,,,,,,,,,,,,,,,,,,73.21761045754309,,,72.46059854957824,,,73.21062081500008,#000000,1.8517664271988725,73.16051644330682,-0.062381757013251285,46.216424629950154,-7.5155889956135695,False,False,False,True,True,4.97601537218608,0.0,0.0,0.0,0.0,1,,,False,False,False,False,,,False,False,False,False,336058.0,274762.8280739456,False,False,False,False,27897.237458310414,False,False,False,False
2025-04-25 14:00:00+00:00,72.765,72.99,72.415,72.47,17093.0,,,,,,,,,,,,,,,,,,,,,,,73.13891793288713,73.19329652878974,73.25355859926931,,,,,,,,,,,,,,,,,,,,,,,,73.20631309036266,,,72.4619996386899,,,73.1980215378272,#000000,1.7508186810900863,73.1497805183141,-0.38826437349346876,42.68348829772796,-7.5155889956135695,False,True,False,True,False,1.6336801471084819,0.0,0.0,0.0,0.0,1,,,False,False,False,False,,,False,False,False,False,318965.0,275448.1330650472,False,False,False,False,27729.729900817227,False,False,False,False
2025-04-25 15:00:00+00:00,72.465,72.735,71.955,71.97,26416.0,,,,,,,,,,,,,,,,,,,,,,,73.09642707270297,73.16294693095736,73.22827316008053,,,,,,,,,,,,,,,,,,,,,,,,73.17808631081354,,,72.45885376724014,,,73.1664333686386,"rgba(239, 83, 80, 0.5)",1.6181548495484275,73.12231239340147,-0.7121150325774106,37.94177681457429,-7.9368421931684665,False,True,False,True,False,0.0,0.0,0.0,0.0,0.0,0,,,False,False,False,False,,,False,False,False,False,292549.0,275713.26278496895,False,False,False,False,27709.3619953782,False,False,False,False
2025-04-25 16:00:00+00:00,71.97,72.32,71.92,72.28,10833.0,,,,,,,,,,,,,,,,,,,,,,,73.07924846364047,73.1504519175444,73.21779441330979,,,,,,,,,,,,,,,,,,,,,,,,73.16643109751897,,,72.45733973171318,,,73.15348147300341,"rgba(239, 83, 80, 0.5)",1.476307934381271,73.11101176606614,-0.5628986654565548,37.712908134031835,-8.084274836023397,False,True,False,True,False,0.5770874264870329,0.0,0.0,0.0,0.0,0,,,False,False,False,False,,,False,False,False,False,303382.0,276142.2354549694,False,False,False,False,27447.71297219404,False,False,False,False
2025-04-25 17:00:00+00:00,72.255,72.535,72.06,72.175,7785.0,,,,,,,,,,,,,,,,,,,,,,,73.06839267137597,73.14241496740073,73.21098227343256,,,,,,,,,,,,,,,,,,,,,,,,73.15890977226692,,,72.45657792289911,,,73.14517492111905,"rgba(239, 83, 80, 0.5)",1.294810821341497,73.10377115029122,-0.7173025858163331,37.00451955160561,-8.837818177284774,False,True,False,True,False,0.0036476881251417126,0.0,0.0,0.0,0.0,0,,,False,False,False,False,,,False,False,False,False,295597.0,276443.8597114815,False,False,False,False,27142.864709059246,False,False,False,False
2025-04-25 18:00:00+00:00,72.175,72.49,72.08,72.445,14826.0,,,,,,,,,,,,,,,,,,,,,,,73.0504937990893,73.12887712659968,73.19936017600672,,,,,,,,,,,,,,,,,,,,,,,,73.14619041022466,,,72.45572918219946,,,73.13123037798009,"rgba(239, 83, 80, 0.5)",1.1164934530173525,73.09163004448003,-0.5791615192480525,38.99352375530731,-8.837818177284774,False,True,False,True,True,1.4675928441597605,0.0,0.0,0.0,0.0,0,,,False,False,False,False,,,False,False,False,False,310423.0,276970.6680880477,False,False,False,False,26951.90556628313,False,False,False,False
2025-04-25 19:00:00+00:00,72.44,72.49,72.105,72.48,55089.0,,,,,,,,,,,,,,,,,,,,,,,72.99270396213873,73.08351071750593,73.15970326501775,,,,,,,,,,,,,,,,,,,,,,,,73.10328469950593,,,72.45319904590482,,,73.0848006610421,"rgba(239, 83, 80, 0.5)",0.9134180584757083,73.05108067640394,-0.6252128158676261,40.632089737463055,-8.837818177284774,False,True,False,True,True,1.6569674465028754,0.0,0.0,0.0,0.0,0,,,False,False,False,False,,,False,False,False,False,365512.0,278343.40191614,False,False,False,False,27388.139588511298,False,False,False,False
2025-04-28 14:00:00+00:00,72.245,72.64,72.24,72.335,19621.0,,,,,,,,,,,,,,,,,,,,,,,72.97573195836334,73.06957474878799,73.14723780401398,,,,,,,,,,,,,,,,,,,,,,,,73.08999811706946,,,72.45275717203509,,,73.07063565705869,"rgba(239, 83, 80, 0.5)",0.8995516050177854,73.03868135415088,-0.7822579051893026,40.68266224777814,-8.837818177284774,False,True,False,True,True,0.8313749007135804,0.0,0.0,0.0,0.0,0,,,False,False,False,False,,,False,False,False,False,345891.0,279390.65149883553,False,False,False,False,27267.718819697166,False,False,False,False
2025-04-28 15:00:00+00:00,72.36,72.415,72.1,72.125,35441.0,,,,,,,,,,,,,,,,,,,,,,,72.9379348505238,73.03894515866712,73.12018252509877,,,,,,,,,,,,,,,,,,,,,,,,73.06086924299314,,,72.44885703976928,,,73.03948294432071,"rgba(239, 83, 80, 0.5)",0.8983383208673236,73.01117729201056,-0.9864627517559037,39.303616448694925,-8.837818177284774,False,True,False,True,True,0.0,0.0,0.0,0.0,0.0,0,,,False,False,False,False,,,False,False,False,False,310450.0,279872.19178567524,False,False,False,False,27394.43635737628,False,False,False,False
2025-04-28 16:00:00+00:00,72.125,72.13,71.5,71.58,16647.0,,,,,,,,,,,,,,,,,,,,,,,72.91059795731545,73.01742516139066,73.10160901942156,,,,,,,,,,,,,,,,,,,,,,,,73.04051997079246,,,72.44344915117397,,,73.01753802723003,"rgba(255, 0, 0, 1.0)",0.9167127277534701,72.99161972016353,-1.5398714094685866,35.548532890670245,-10.43709482913588,False,True,False,True,False,0.0,0.0,0.0,0.0,0.0,0,,,False,False,False,False,,,False,False,False,False,293803.0,280088.1733083779,False,False,False,False,27227.809437106876,False,False,False,False
2025-04-28 17:00:00+00:00,71.545,71.76,71.51,71.735,31293.0,,,,,,,,,,,,,,,,,,,,,,,72.85963640328225,72.97678029613783,73.06632916072132,,,,,,,,,,,,,,,,,,,,,,,,73.00199422201287,,,72.43254092322637,,,72.97618502053857,"rgba(239, 83, 80, 1.0)",0.9003845174586589,72.9546486583869,-1.3545864402792798,34.70786571077567,-11.264511861992858,False,True,False,True,False,0.0,0.0,0.0,0.0,0.0,0,,,False,False,False,False,,,False,False,False,False,325096.0,280785.9690710387,False,False,False,False,27290.83564738429,False,False,False,False
2025-04-28 18:00:00+00:00,71.72,71.82,71.52,71.535,11867.0,,,,,,,,,,,,,,,,,,,,,,,72.84072354728379,72.96151060238289,73.05299950591228,,,,,,,,,,,,,,,,,,,,,,,,72.98748766913876,,,72.42825411253591,,,72.96068033117943,"rgba(255, 0, 0, 1.0)",0.8721495553211219,72.94075039131548,-1.6118226314956812,33.14096585504634,-12.827346535134453,False,True,False,True,False,0.0,0.0,0.0,0.0,0.0,0,,,False,False,False,False,,,False,False,False,False,313229.0,281288.9617986195,False,False,False,False,27051.706412541123,False,False,False,False
2025-04-28 19:00:00+00:00,71.53,71.88,71.52,71.825,61136.0,,,,,,,,,,,,,,,,,,,,,,,72.76033281408094,72.89442657069233,72.99336318386123,,,,,,,,,,,,,,,,,,,,,,,,72.92335334465048,,,72.40997714610499,,,72.89286897832125,"rgba(239, 83, 80, 1.0)",0.8521234842629422,72.8797786704667,-1.2378237308869042,35.1242225605687,-12.827346535134453,False,True,False,True,True,0.0,0.0,0.0,0.0,0.0,0,,,False,False,False,False,,,False,False,False,False,374365.0,282732.00115057884,False,False,False,False,27580.145072811803,False,False,False,False
2025-04-29 14:00:00+00:00,71.43,71.645,71.345,71.605,26961.0,,,,,,,,,,,,,,,,,,,,,,,72.72193815404042,72.8621590024535,72.96462427773766,,,,,,,,,,,,,,,,,,,,,,,,72.89245992375159,,,72.39978591575037,,,72.86029533949578,"rgba(239, 83, 80, 1.0)",0.8632909586456136,72.85033275783675,-1.4425411796163226,35.14708357262235,-12.827346535134453,False,True,False,True,True,0.0,0.0,0.0,0.0,0.0,0,,,False,False,False,False,,,False,False,False,False,347404.0,283734.6677994071,False,False,False,False,27570.545924396116,False,False,False,False
2025-04-29 15:00:00+00:00,71.605,71.63,71.26,71.295,10245.0,,,,,,,,,,,,,,,,,,,,,,,72.70636642066324,72.84907592416579,72.95298430225753,,,,,,,,,,,,,,,,,,,,,,,,72.87993406048196,,,72.3953751154043,,,72.84709017689212,"rgba(255, 0, 0, 1.0)",0.8772863462594842,72.83836961124847,-1.759254111076712,33.56111063069176,-12.827346535134453,False,True,False,True,True,0.0,0.0,0.0,0.0,0.0,0,,,False,False,False,False,,,False,False,False,False,337159.0,284562.95201957127,True,False,False,False,27301.9328092892,False,False,False,False
2025-04-29 16:00:00+00:00,71.295,71.62,71.295,71.5,10706.0,,,,,,,,,,,,,,,,,,,,,,,72.69140855963765,72.83635897957741,72.94159316061649,,,,,,,,,,,,,,,,,,,,,,,,72.8677308773577,,,72.39115711748907,,,72.83427289429731,"rgba(255, 0, 0, 1.0)",0.8696417301042545,72.8267472928329,-1.525625147581007,34.642813233895964,-12.827346535134453,False,True,False,True,True,0.0,0.0,0.0,0.0,0.0,0,,,False,False,False,False,,,False,False,False,False,347865.0,285544.379120043,False,False,False,False,27044.63152542425,False,False,False,False
2025-04-29 17:00:00+00:00,71.5,72.0,71.47,71.94,136984.0,,,,,,,,,,,,,,,,,,,,,,,72.57222510963743,72.72721973105699,72.83962947086884,,,,,,,,,,,,,,,,,,,,,,,,72.76149539809133,,,72.35870819588364,,,72.72514242741364,"rgba(239, 83, 80, 0.5)",0.8727158758725441,72.72718900882104,-0.9019991850543694,39.19909159009822,-14.792503483537438,False,True,False,True,True,0.0,0.0,0.0,0.0,0.0,0,,,False,False,False,False,,,False,False,False,False,484849.0,288634.37324221287,False,False,False,False,28749.11785836341,False,False,False,False
2025-04-29 18:00:00+00:00,71.94,72.075,71.85,71.895,15295.0,,,,,,,,,,,,,,,,,,,,,,,72.56289131776333,72.7180416405908,72.8307205471026,,,,,,,,,,,,,,,,,,,,,,,,72.75244146179946,,,72.35614326526378,,,72.71602374181404,"rgba(239, 83, 80, 0.5)",0.8818343800702345,72.71880598196383,-0.9341958088526972,41.90618931492246,-12.350882382913973,True,False,False,True,True,0.0,0.0,0.0,0.0,0.0,0,,,False,False,False,False,,,False,False,False,False,469554.0,291439.328695822,False,False,False,False,28540.52688381514,False,False,False,False
2025-04-29 19:00:00+00:00,71.875,72.03,71.8,72.02,99040.0,,,,,,,,,,,,,,,,,,,,,,,72.50941273702377,72.66412858682214,72.7776481771055,,,,,,,,,,,,,,,,,,,,,,,,72.69898886474321,,,72.3406475915972,,,72.66254459142365,"rgba(239, 83, 80, 0.5)",0.8905796371409298,72.66940680790124,-0.7291956618119692,44.76900089075768,-9.773974136237314,True,False,False,True,True,0.0,0.0,0.0,0.0,0.0,0,,,False,False,False,False,,,False,False,False,False,568594.0,295736.30034394877,False,False,False,False,29633.54197088777,False,False,False,False
2025-04-30 14:00:00+00:00,71.225,72.02,71.15,71.88,65278.0,,,,,,,,,,,,,,,,,,,,,,,72.46448759892453,72.6207573841306,72.73584461208468,,,,,,,,,,,,,,,,,,,,,,,71.68333333333334,72.6562722117596,,,72.32452353583025,,,72.43213902804655,"rgba(239, 83, 80, 0.5)",0.9023078418374851,72.47166477714624,-0.6557238557756148,45.48983111690056,-9.126486062290404,True,False,False,True,True,0.0,0.0,0.0,0.0,0.0,0,,,False,False,False,False,,,False,False,False,False,503316.0,298954.59026109683,False,False,False,False,30186.169227153077,False,False,False,False
2025-04-30 15:00:00+00:00,71.885,72.165,71.83,72.065,72885.0,,,,,,,,,,,,,,,,,,,,,,,72.43904289364974,72.5924914443842,72.7065612048323,,,,,,,,,,,,,,,,,,,,,,,71.86093478958429,72.62773344299676,,,72.31640535715766,,,72.44535275508944,#000000,0.9105667080064519,72.47948724602138,-0.45519701343884794,47.649865145724206,-7.044741726586906,True,False,False,False,True,0.0,0.0,0.0,0.0,0.0,0,,,False,False,False,False,,,False,False,False,False,576201.0,303252.98421053716,False,False,False,False,30848.166603476286,False,False,False,False
2025-04-30 16:00:00+00:00,72.065,72.335,71.97,72.265,58083.0,,,,,,,,,,,,,,,,,,,,,,,72.42817740609263,72.57794537123283,72.6902530991829,,,,,,,,,,,,,,,,,,,,,,,71.95832833960098,72.61262706110811,,,72.31377578962511,,,72.45346625544349,#000000,0.9141660995998665,72.48448875907259,-0.2400972418126867,50.747199090688326,-4.119462304823642,True,False,False,False,True,0.9931213334908371,0.0,0.0,0.0,0.0,0,,,False,False,False,False,,,False,False,False,False,634284.0,308385.2480212265,False,False,False,False,31270.412082492156,False,False,False,False
2025-04-30 17:00:00+00:00,72.265,72.31,71.94,72.2,36229.0,,,,,,,,,,,,,,,,,,,,,,,72.42080781212944,72.56851120527949,72.67981990460274,,,,,,,,,,,,,,,,,,,,,,,71.98819853030791,72.60287851706485,,,72.31167792775274,,,72.45204319387688,#000000,0.9132476845485598,72.48215149739292,-0.3089539696258755,52.119899635659195,-2.7994802533779364,True,False,True,False,True,0.6066466749965329,0.0,0.0,0.0,0.0,0,,,False,False,False,False,,,False,False,False,False,598055.0,312876.25192787417,False,False,False,False,31347.28941454654,False,False,False,False
2025-04-30 18:00:00+00:00,72.2,72.39,71.97,71.98,33001.0,,,,,,,,,,,,,,,,,,,,,,,72.41356269153546,72.55955070201318,72.67002709860297,,,,,,,,,,,,,,,,,,,,,,,72.00375388610144,72.59365885210833,,,72.30939032674256,,,72.44811064607228,"rgba(239, 83, 80, 0.5)",0.9218364798029346,72.47777595611281,-0.5399829221547143,50.8051494140243,-2.7994802533779364,True,False,False,False,True,0.0,0.0,0.0,0.0,0.0,0,,,False,False,False,False,,,False,False,False,False,565054.0,316785.9844561242,False,False,False,False,31372.92833835202,False,False,False,False
2025-04-30 19:00:00+00:00,71.98,72.57,71.945,72.515,67897.0,,,,,,,,,,,,,,,,,,,,,,,72.41031541930641,72.55113437750221,72.65880681395691,,,,,,,,,,,,,,,,,,,,,,,72.07291493312295,72.5843211310737,,,72.31017709821926,,,72.45549853499243,#000000,0.9225726710310156,72.48273341224329,0.034974575737919546,54.249662275866996,-0.7668971637258863,True,False,True,False,True,2.410770117028253,0.0,0.0,0.0,0.0,0,,,False,False,False,False,,,False,False,False,False,632951.0,321687.76764285093,False,False,False,False,31939.193015276796,False,False,False,False
2025-05-01 14:00:00+00:00,72.635,73.185,72.45,73.025,115752.0,,,,,,,,,,,,,,,,,,,,,,,72.44512134617452,72.5720148380162,72.67141047181464,,,,,,,,,,,,,,,,,,,,,,,72.282641380462,72.60239876204456,,,72.33209184052147,,,72.51471735970237,"rgba(38, 166, 154, 0.5)",0.9174565802132242,72.53393771680732,0.535243077202153,59.285891820828226,3.8839782759404358,True,False,True,False,True,5.1995063015982375,0.0,0.0,0.0,0.0,0,,,False,False,False,False,,,False,False,False,False,748703.0,328308.15884218656,False,False,False,False,33238.616379381034,False,False,False,False
2025-05-01 15:00:00+00:00,73.02,73.31,72.84,72.97,83880.0,,,,,,,,,,,,,,,,,,,,,,,72.47503551645741,72.59220834134977,72.68561522734424,,,,,,,,,,,,,,,,,,,,,,,72.40182833181677,72.62057171848495,,,72.35106982300869,,,72.55505182709062,#000000,0.9110592933700868,72.56954801425225,0.43954547048902165,62.06494254136033,6.354573838826106,True,False,True,False,True,4.861876176735329,0.0,0.0,0.0,0.0,0,,,False,False,False,False,,,False,False,False,False,664823.0,333525.4432012224,False,False,False,False,34023.75410993327,False,False,False,False
2025-05-01 16:00:00+00:00,72.93,73.155,72.86,73.045,45816.0,,,,,,,,,,,,,,,,,,,,,,,72.48960377854628,72.60205873503612,72.69250887457078,,,,,,,,,,,,,,,,,,,,,,,72.4507590947806,72.62943110092318,,,72.36072364686723,,,72.57287231677138,"rgba(38, 166, 154, 0.5)",0.9038470980074788,72.58538889060203,0.5085053770833324,64.31656338832893,8.412036048305495,True,False,True,False,True,5.270345556334846,0.0,0.0,0.0,0.0,0,,,False,False,False,False,,,False,False,False,False,710639.0,339372.1650120561,False,False,False,False,34206.57962760872,False,False,False,False
2025-05-01 17:00:00+00:00,73.04,73.3,72.82,72.83,101857.0,,,,,,,,,,,,,,,,,,,,,,,72.51730058481658,72.62062613778798,72.70525402450772,,,,,,,,,,,,,,,,,,,,,,,72.53045377305176,72.64606207480519,,,72.38007863916071,,,72.60393931899384,#000000,0.8879277575921725,72.61316582293107,0.24420249869981525,63.37430906329291,8.412036048305495,True,False,True,False,True,3.9258001428880753,0.0,0.0,0.0,0.0,0,,,False,False,False,False,,,False,False,False,False,608782.0,343549.0616785359,False,False,False,False,35255.42335431246,False,False,False,False
2025-05-01 18:00:00+00:00,72.84,73.02,72.73,72.94,35425.0,,,,,,,,,,,,,,,,,,,,,,,72.52456041583497,72.62522352555844,72.70812767651715,,,,,,,,,,,,,,,,,,,,,,,72.5485700101801,72.65009204407617,,,72.38560412107421,,,72.61131473443336,#000000,0.8759394544875156,72.61977131091216,0.3655831318560674,63.48764056107979,8.412036048305495,True,False,True,False,True,4.541939817319015,0.0,0.0,0.0,0.0,0,,,False,False,False,False,,,False,False,False,False,644207.0,348210.4250633648,False,False,False,False,35258.052449594434,False,False,False,False
2025-05-01 19:00:00+00:00,72.94,73.075,72.75,72.775,115426.0,,,,,,,,,,,,,,,,,,,,,,,72.54463995307583,72.63765139049055,72.71552121644554,,,,,,,,,,,,,,,,,,,,,,,72.59272556539419,72.66087491628339,,,72.40180517196139,,,72.6302826083379,#000000,0.8724052234333713,72.63682090273555,0.15838866337898358,61.67684872832272,8.412036048305495,True,False,True,False,False,3.50033284780465,0.0,0.0,0.0,0.0,0,,,False,False,False,False,,,False,False,False,False,528781.0,351009.968860832,False,False,False,False,36500.9663651046,False,False,False,False
2025-05-02 14:00:00+00:00,73.835,74.575,73.835,74.185,198645.0,,,,,,,,,,,,,,,,,,,,,,,72.69635553767698,72.76465266350168,72.82568752928198,,,,,,,,,,,,,,,,,,,,,,,72.9023295304159,72.78221400647784,,,72.50022466257568,,,72.79424785347088,"rgba(0, 255, 255, 0.75)",0.8817007265343096,72.78849893455657,1.583871968590341,66.90941243142751,11.273918507951109,True,False,True,False,True,10.827949007741442,0.0,0.0,0.0,0.0,0,,,False,False,False,False,,,False,False,False,False,727426.0,356845.87632035394,False,False,False,False,39014.827351692125,False,False,False,False
2025-05-02 15:00:00+00:00,74.185,74.97,74.18,74.695,83946.0,,,,,,,,,,,,,,,,,,,,,,,72.76796536319208,72.82616829971204,72.8801560368815,,,,,,,,,,,,,,,,,,,,,,,73.03137472773729,72.84136789072927,,,72.548075987068,,,72.86940646365044,"rgba(0, 255, 0, 1.0)",0.9013443762983411,72.85865641499022,2.0373384838226913,71.58817638886052,15.595155145329343,True,False,True,False,True,13.166814780296274,0.0,0.0,0.0,0.0,0,,,False,False,False,False,,,False,False,False,False,811372.0,363892.79296655,False,False,False,False,39711.43467957286,False,False,False,False
2025-05-02 16:00:00+00:00,74.7,75.06,74.68,74.995,82865.0,,,,,,,,,,,,,,,,,,,,,,,72.84413830264552,72.89243414182485,72.9394201265611,,,,,,,,,,,,,,,,,,,,,,,73.16154377038978,72.9052905718546,,,72.59971519449573,,,72.94856538265518,"rgba(0, 255, 0, 1.0)",0.9276101814062914,72.93285974598497,2.2230677232204945,75.30802921885112,18.95392605722708,True,False,True,False,True,14.490569277207609,0.0,0.0,0.0,0.0,0,,,False,False,False,False,,,False,False,False,False,894237.0,372115.1837732701,False,False,False,False,40380.48220392057,False,False,False,False
2025-05-02 17:00:00+00:00,74.995,75.17,74.74,74.96,57821.0,,,,,,,,,,,,,,,,,,,,,,74.95666666666666,72.89524958498163,72.93720848215162,72.9796634971578,,,,,,,,,,,,,,,,,,,,,,,73.24426237468847,72.94855434783268,,,72.63510691124844,,,73.32693415891315,"rgba(0, 255, 255, 0.75)",0.9548019321983479,73.2642567849394,1.7760156927586939,77.44975274546356,20.904548930063797,True,False,True,False,True,14.263070866520518,0.0,0.0,0.0,0.0,0,,,False,False,False,False,,,False,False,False,False,836416.0,379313.6460403512,False,False,False,False,40650.87782866598,False,False,False,False
2025-05-02 18:00:00+00:00,74.95,75.16,74.775,74.805,37039.0,,,,,,,,,,,,,,,,,,,,,,74.9397467495959,72.92604937877361,72.96428955268722,73.00406274872518,,,,,,,,,,,,,,,,,,,,,,,73.2921169696571,72.97474452798608,,,72.65681212478829,,,73.35016832123752,"rgba(0, 255, 255, 0.75)",0.9762154909059051,73.28712618979341,1.554855279747757,77.30917638488692,20.904548930063797,True,False,True,False,True,13.249276605389124,0.0,0.0,0.0,0.0,0,,,False,False,False,False,,,False,False,False,False,799377.0,385826.25617926044,False,False,False,False,40594.87972279519,False,False,False,False
2025-05-02 19:00:00+00:00,74.805,75.075,74.74,74.94,226460.0,,,,,,,,,,,,,,,,,,,,,,74.92465499605792,73.09608805223681,73.11535790959739,73.14116805167025,,,,,,,,,,,,,,,,,,,,,,,73.53467229136,73.12120989364573,,,72.78129557700886,,,73.48885853242801,"rgba(0, 255, 255, 0.75)",1.0005992258695726,73.42287384206377,1.5162176011257364,77.62432186375132,21.510125410108103,True,False,True,False,True,13.866346488603302,0.0,0.0,0.0,0.0,0,,,False,False,False,False,,,False,False,False,False,1025837.0,395748.90337027964,False,False,False,False,43476.509494534796,False,False,False,False
2025-05-05 14:00:00+00:00,74.89,75.13,74.58,75.03,84561.0,,,,,,,,,,,,,,,,,,,,,,74.92229624775077,73.15221402194031,73.16580566904342,73.18732865770126,,,,,,,,,,,,,,,,,,,,,,,73.60740510643643,73.17025833731162,,,72.82423424865306,,,73.5342180066973,"rgba(0, 255, 255, 0.75)",1.0217121207354067,73.46753997091616,1.5292566246147805,78.11351590578454,22.390527114797123,True,False,True,False,True,14.279121136087458,0.0,0.0,0.0,0.0,0,,,False,False,False,False,,,False,False,False,False,1110398.0,406828.73432577914,False,False,False,False,44113.47833958077,False,False,False,False
2025-05-05 15:00:00+00:00,75.015,75.03,74.74,74.915,10156.0,,,,,,,,,,,,,,,,,,,,,,74.92162991112168,73.15865480925402,73.17161322588407,73.19265424651314,,,,,,,,,,,,,,,,,,,,,,,73.61551213395313,73.17590912160479,,,72.82923100359534,,,73.53932890805514,"rgba(38, 166, 154, 1.0)",1.0393875968937518,73.47259231720152,1.3877476382334921,77.05693400046275,22.390527114797123,True,False,True,False,True,13.499999637522592,0.0,0.0,0.0,0.0,0,,,False,False,False,False,,,False,False,False,False,1100242.0,417579.3275920461,False,False,False,False,43587.00580718416,False,False,False,False
2025-05-05 16:00:00+00:00,74.915,74.98,74.7,74.73,36420.0,,,,,,,,,,,,,,,,,,,,,,74.91210776567348,73.1801665373791,73.19103161644325,73.21046817089596,,,,,,,,,,,,,,,,,,,,,,,73.64173945693959,73.19480773328834,,,72.84616666403629,,,73.55505354676995,"rgba(38, 166, 154, 1.0)",1.0555129319669874,73.48833103659885,1.1763654672494228,74.18693755787777,22.390527114797123,True,False,True,False,False,12.250117349261664,0.0,0.0,0.0,0.0,0,,,False,False,False,False,,,False,False,False,False,1063822.0,427598.5938309291,False,False,False,False,43475.88943808053,False,False,False,False
2025-05-05 17:00:00+00:00,74.73,74.765,74.48,74.49,34872.0,,,,,,,,,,,,,,,,,,,,,,74.88822373249556,73.19746012100138,73.20666146296243,73.22480179068353,,,,,,,,,,,,,,,,,,,,,,,73.66113067595077,73.2100219979904,,,72.86027923780783,,,73.56471663018067,"rgba(38, 166, 154, 0.5)",1.063068607788257,73.49846080429562,0.9327142090737688,69.7111779915179,25.02837354649472,True,False,True,False,False,10.648860965238388,0.0,0.0,0.0,0.0,0,,,False,False,False,False,,,False,False,False,False,1028950.0,436921.87144595344,False,False,False,False,43342.4958033816,False,False,False,False
2025-05-05 18:00:00+00:00,74.49,74.61,74.36,74.49,83055.0,,,,,,,,,,,,,,,,,,,,,,74.82975203254883,73.23435180460515,73.24011057112754,73.25552796581009,,,,,,,,,,,,,,,,,,,,,,,73.6999255692124,73.2426052564836,,,72.89123794945229,,,73.58371219996461,"rgba(38, 166, 154, 0.5)",1.0690007205519272,73.51875046646335,0.9085583525474068,66.72733828061132,22.215952541728768,True,False,True,False,False,10.648860965238388,0.0,0.0,0.0,0.0,0,,,False,False,False,False,,,False,False,False,False,1028950.0,446100.60212120996,False,False,False,False,43958.19354286405,False,False,False,False
2025-05-05 19:00:00+00:00,74.485,74.56,73.87,73.935,48130.0,,,,,,,,,,,,,,,,,,,,,,74.77465198847561,73.24882588832963,73.2532611676031,73.26757965290359,,,,,,,,,,,,,,,,,,,,,,,73.7111061862331,73.25541727331307,,,72.90466253852563,,,73.58514035947634,#000000,1.0649586634958903,73.52161903138315,0.3881662103765254,59.72772344610233,15.806462592155995,True,False,True,False,False,7.024207537238119,0.0,0.0,0.0,0.0,0,,,False,False,False,False,,,False,False,False,False,980820.0,454390.8253441369,False,False,False,False,44022.87271274212,False,False,False,False
2025-05-06 14:00:00+00:00,73.645,73.77,73.185,73.255,11672.0,,,,,,,,,,,,,,,,,,,,,,74.74925308824167,73.24943469237083,73.25380211717533,73.26803619248813,,,,,,,,,,,,,,,,,,,,,,73.40333333333332,73.70914012791724,73.25593824092681,,,72.90597849131738,,,73.55556254177905,#000000,1.0521563357956598,73.5037707400493,-0.2364389507393731,51.18530414375026,8.252815580556152,False,False,False,False,False,2.9024191240041297,0.0,0.0,0.0,0.0,0,,,False,False,False,False,,,False,False,False,False,969148.0,462371.5567341503,False,False,False,False,43521.30879471511,False,False,False,False
2025-05-06 15:00:00+00:00,73.255,73.715,73.22,73.555,11563.0,,,,,,,,,,,,,,,,,,,,,,74.72668405144897,73.25039600806875,73.25466628467693,73.26879536714611,,,,,,,,,,,,,,,,,,,,,,73.44978107739759,73.70780397454627,73.25677525996004,,,72.90751868740156,,,73.55927171760638,#000000,1.039963348280004,73.50713935403562,0.046021473779386625,47.95201102015771,5.692965577932057,False,True,False,True,False,4.497326631485194,0.0,0.0,0.0,0.0,0,,,False,False,False,False,,,False,False,False,False,980711.0,470407.8271723805,False,False,False,False,43025.83113898309,False,False,False,False
2025-05-06 16:00:00+00:00,73.56,74.02,73.49,73.64,12935.0,,,,,,,,,,,,,,,,,,,,,,74.7067285082065,73.25241535271003,73.2564979528509,73.27045284034995,,,,,,,,,,,,,,,,,,,,,,73.54522385033636,73.70786588567756,73.25855711844339,,,72.90987198402942,,,73.57110592979639,#000000,1.028450912430568,73.51771613403707,0.11890102335942361,46.469174225344844,4.47977787770931,False,True,False,True,False,4.945373274900589,0.0,0.0,0.0,0.0,0,,,False,False,False,False,,,False,False,False,False,993646.0,478520.04690614203,False,False,False,False,42559.30662520041,False,False,False,False
2025-05-06 17:00:00+00:00,73.64,73.83,73.3,73.365,6103.0,,,,,,,,,,,,,,,,,,,,,,74.69556782291419,73.25291683206254,73.2569494859662,73.27085004992415,,,,,,,,,,,,,,,,,,,,,,73.53845421427387,73.70717754654503,73.25899464835804,,,72.91067837945795,,,73.568701514292,#000000,1.0152138282731882,73.51567674152679,-0.1484187245391305,43.86333170026957,1.9866708795846577,False,True,False,True,False,3.302585590925421,0.0,0.0,0.0,0.0,0,,,False,False,False,False,,,False,False,False,False,987543.0,486411.87563627935,False,False,False,False,41994.09256899575,False,False,False,False
2025-05-06 18:00:00+00:00,73.4,73.73,73.365,73.68,16772.0,,,,,,,,,,,,,,,,,,,,,,74.66824233510783,73.2548046335406,73.25865818881024,73.27237950069792,,,,,,,,,,,,,,,,,,,,,,73.55356945267732,73.70614404267565,73.26065456776878,,,72.91323330819756,,,73.56777896018262,#000000,1.003380547211528,73.51509220218698,0.16435219745023044,44.69576684904875,1.9866708795846577,False,True,False,True,False,4.984236010439016,0.0,0.0,0.0,0.0,0,,,False,False,False,False,,,False,False,False,False,1004315.0,494441.3814403681,False,False,False,False,41603.0523741276,False,False,False,False
2025-05-06 19:00:00+00:00,73.69,73.735,73.355,73.5,16378.0,,,,,,,,,,,,,,,,,,,,,,74.64137803335653,73.25629412276616,73.26000411639293,73.27357326329533,,,,,,,,,,,,,,,,,,,,,,73.54845137866874,73.70461839162768,73.26196057451979,,,72.91548468337992,,,73.56375426866103,#000000,0.9900175173625285,73.51175648187498,-0.011875024096849034,44.09567696445427,1.6828286609821532,False,True,False,True,False,3.9051073760791937,0.0,0.0,0.0,0.0,0,,,False,False,False,False,,,False,False,False,False,987937.0,502092.47630175774,False,False,False,False,41211.96629080779,False,False,False,False
2025-05-07 14:00:00+00:00,74.09,74.14,73.565,73.575,14443.0,,,,,,,,,,,,,,,,,,,,,,74.6234078154851,73.25868689769013,73.26218168770531,73.27555287710811,,,,,,,,,,,,,,,,,,,,,,73.58245085275112,73.70503819390689,73.2640810976481,,,72.9181944711656,,,73.56734277461354,#000000,0.9767577133714416,73.5151570777158,0.06126690525703299,44.33994410253366,1.4133816176541671,False,True,False,True,False,4.310602631999174,0.0,0.0,0.0,0.0,0,,,False,False,False,False,,,False,False,False,False,1002380.0,509848.87201800954,False,False,False,False,40796.94355761696,False,False,False,False
2025-05-07 15:00:00+00:00,73.535,74.05,73.49,73.815,8663.0,,,,,,,,,,,,,,,,,,,,,,74.61327853885099,73.26018225248133,73.26354386814421,73.27679342695161,,,,,,,,,,,,,,,,,,,,,,73.6002596528264,73.70540010560629,73.26540804170659,,,72.91985951353733,,,73.5692665552239,#000000,0.9652905224815826,73.51700224804817,0.3087130195640261,46.50041847917744,1.4133816176541671,False,True,False,True,False,5.603046478652377,0.0,0.0,0.0,0.0,0,,,False,False,False,False,0.2371330473230005,0.2371330473230005,False,False,False,False,1011043.0,517619.3236146295,False,False,False,False,40298.74288230507,False,False,False,False
2025-05-07 16:00:00+00:00,73.785,73.86,73.65,73.83,7509.0,,,,,,,,,,,,,,,,,,,,,,74.60464273555705,73.26145926963156,73.26470759586381,73.27785331378071,,,,,,,,,,,,,,,,,,,,,,73.61298782826282,73.70569162776123,73.2665417502605,,,72.92128927732392,,,73.57055487444538,#000000,0.9537482575285317,73.51826819239217,0.32684915033619566,48.06498709296317,1.4133816176541671,False,True,False,False,True,5.683871465746634,0.0,0.0,0.0,0.0,0,1.0070147122726425,0.9265627909864047,False,False,False,False,0.23584595256164087,0.23648949994232069,False,False,False,False,1018552.0,525385.7216981236,False,False,False,False,39790.374775602664,False,False,False,False
2025-05-07 17:00:00+00:00,73.83,73.895,73.45,73.57,12238.0,,,,,,,,,,,,,,,,,,,,,,74.588592443799,73.26296218615414,73.26607466696488,73.27908651647024,,,,,,,,,,,,,,,,,,,,,,73.61561032387522,73.70526534714057,73.26787192820487,,,72.92322656508941,,,73.56935191608697,#000000,0.9553545023839045,73.51738978587208,0.05506878755125028,46.91060068759529,1.4133816176541671,False,True,False,True,True,4.055353564481255,0.0,0.0,0.0,0.0,0,1.0085273247852609,0.9122370222830819,False,False,False,False,0.2287805055604929,0.2326350027514068,False,False,False,False,1006314.0,532841.9740748969,False,False,False,False,39363.20617443053,False,False,False,False
2025-05-07 18:00:00+00:00,73.545,73.975,73.33,73.79,14222.0,,,,,,,,,,,,,,,,,,,,,,74.57173350536786,73.264970541029,73.26790489624526,73.28074667707263,,,,,,,,,,,,,,,,,,,,,,73.62448960235878,73.70521473766819,73.26965427693249,,,72.92565260867846,,,73.56924489095346,#000000,0.9587775766263086,73.51752221194405,0.2841929084477869,48.1574040965052,1.4133816176541671,False,True,False,False,True,5.2705467489238345,0.0,0.0,0.0,0.0,0,1.0081956956956954,0.9146021021021017,False,False,False,False,0.2270710710897847,0.22985303692059575,False,False,False,False,1020536.0,540403.1217636581,False,False,False,False,38973.4200321913,False,False,False,False
2025-05-07 19:00:00+00:00,73.715,73.86,73.275,73.825,36230.0,,,,,,,,,,,,,,,,,,,,,,74.52946741916716,73.26948132765898,73.27201785059292,73.28446764772933,,,,,,,,,,,,,,,,,,,,,,73.6306830520127,73.70426743512718,73.27365904444669,,,72.93140881723356,,,73.56629196810499,#000000,0.9626609003221163,73.51546040864162,0.32154582289029504,49.30392561752569,1.4133816176541671,False,True,False,False,True,5.463901702511084,0.0,0.0,0.0,0.0,1,1.023025485743124,0.9022836235175368,False,False,False,False,0.2198203813781628,0.22483670914937925,False,False,False,False,1056766.0,548408.7477828262,False,False,False,False,38930.88638828135,False,False,False,False
2025-05-08 14:00:00+00:00,73.84,73.95,73.42,73.52,22789.0,,,,,,,,,,,,,,,,,,,,,,74.5041622604567,73.27209612481906,73.27440468942294,73.28662467169387,,,,,,,,,,,,,,,,,,,,,,73.63060177425503,73.70342415307107,73.27598333202151,,,72.93486757486909,,,73.56389957224859,#000000,0.9635409405646055,73.51367563717622,0.006563667984953295,47.34749738017716,1.4133816176541671,False,True,False,True,True,3.5276258485970153,0.0,0.0,0.0,0.0,1,1.0281645569620252,0.8918354430379741,False,False,False,False,0.22984956926444383,0.22734313920691154,False,False,False,False,1033977.0,555936.9377396816,False,False,False,False,38680.62458381188,False,False,False,False
2025-05-08 15:00:00+00:00,73.545,74.37,73.5,74.18,22652.0,,,,,,,,,,,,,,,,,,,,,,74.49090061083669,73.27742551674993,73.27929156718022,73.29112670677333,,,,,,,,,,,,,,,,,,,,,,73.67143467697628,73.70692007921168,73.28075457292437,,,72.9401653422381,,,73.5711219615218,"rgba(38, 166, 154, 0.5)",0.9717322370594302,73.52054958941413,0.6786338720031007,51.28562241543206,1.4133816176541671,False,True,False,False,True,7.1337290316169835,0.0,0.0,0.0,0.0,1,1.0370182876668987,0.8795165474909822,False,False,False,False,0.24718325827176052,0.23726319873933605,False,False,False,False,1056629.0,563699.6053716245,False,False,False,False,38432.11877631091,False,False,False,False
2025-05-08 16:00:00+00:00,74.18,74.415,73.96,74.4,22487.0,,,,,,,,,,,,,,,,,,,,,,74.48478517136942,73.28434621620696,73.28564884539895,73.29701181780426,,,,,,,,,,,,,,,,,,,,,,73.72720165556757,73.7129623274071,73.28696622514387,,,72.94654262668445,,,73.5827031798426,"rgba(38, 166, 154, 0.5)",0.9832462001401675,73.6121549474456,0.8012693590293973,55.1963399223274,-0.10103856192557714,False,False,True,False,True,8.278758668839764,0.0,0.0,0.0,0.0,1,1.037852674581897,0.8868888037788837,False,False,False,False,0.27010640389788626,0.25368480131861115,False,False,False,False,1079116.0,571690.557226328,False,False,False,False,38184.90763249213,False,False,False,False
2025-05-08 17:00:00+00:00,74.395,74.405,73.655,73.72,13770.0,,,,,,,,,,,,,,,,,,,,,,74.47594072663244,73.28710936122656,73.28818759044368,73.29934917568978,,,,,,,,,,,,,,,,,,,,,,73.7381694991734,73.71438672991522,73.28944563257481,,,72.94943772799793,,,73.58465553080798,#000000,0.9850158319484913,73.59993983093203,0.12188653742800677,52.61144926761663,-0.10103856192557714,False,True,True,False,False,4.0710983829511385,0.0,0.0,0.0,0.0,1,1.0347053560015338,0.8824619711108266,False,False,False,False,0.2518603908014023,0.25277259606000674,False,False,False,False,1065346.0,579344.129982509,False,False,False,False,37806.38193276357,False,False,False,False
2025-05-08 18:00:00+00:00,73.715,73.93,73.58,73.88,24009.0,,,,,,,,,,,,,,,,,,,,,,74.45767687180343,73.29090285878601,73.29167476374556,73.30254729509302,,,,,,,,,,,,,,,,,,,,,,73.74328713538723,73.71533195545892,73.29285036973583,,,72.95377875693345,,,73.58489589285857,#000000,0.9874771886976368,73.58564198637204,0.2980909503501333,51.964049225248054,-0.10103856192557714,False,True,False,False,False,4.921213991134277,0.0,0.0,0.0,0.0,1,1.0279612646700442,0.8910408516642078,False,False,False,False,0.18629419798298108,0.2195333970214939,False,False,False,False,1089355.0,587251.2752540979,False,False,False,False,37592.46903458119,False,False,False,False
2025-05-08 19:00:00+00:00,73.885,74.12,73.605,73.74,38691.0,,,,,,,,,,,,,,,,,,,,,,74.43126337426473,73.29719508919351,73.29746814512539,73.30787188922015,,,,,,,,,,,,,,,,,,,,,,73.75297199849261,73.7172647507194,73.29850956067791,,,72.96088631030669,,,73.58607782967053,#000000,0.9883521274970366,73.57949340561665,0.1623981877691974,50.569664451246425,-0.10103856192557714,False,True,False,False,False,4.075008228595738,0.0,0.0,0.0,0.0,1,1.030159588855829,0.9352853665133887,False,False,False,False,0.16056961847985604,0.19005150775067498,False,False,False,False,1050664.0,594435.9686610111,False,False,False,False,37609.50052241714,False,False,False,False
2025-05-09 14:00:00+00:00,74.02,74.11,73.635,73.74,20440.0,,,,,,,,,,,,,,,,,,,,,,74.418319199367,73.30050084198282,73.30051616178585,73.31067688260008,,,,,,,,,,,,,,,,,,,,,,73.75758993222729,73.71832113655631,73.3014881011645,,,72.96462307290146,,,73.58677317938341,#000000,0.9898040210061755,73.57843763800071,0.16322661715907438,49.640074601912005,4.800838888475624,False,True,False,False,False,4.075008228595738,0.0,0.0,0.0,0.0,1,0.9745437079731027,0.9498421847125013,False,False,False,False,0.16215588271163742,0.1761036952311562,False,False,False,False,1050664.0,601509.2714724683,False,False,False,False,37343.306715868035,False,False,False,False
2025-05-09 15:00:00+00:00,73.745,73.92,73.535,73.825,17638.0,,,,,,,,,,,,,,,,,,,,,,74.40634516770167,73.30295549290868,73.30278145992776,73.3127568447297,,,,,,,,,,,,,,,,,,,,,,73.757710969503,73.71866042246371,73.30370165154332,,,72.96756873275781,,,73.58641600125398,#000000,0.9929230439319893,73.57623386343926,0.25053919141168196,49.750799951291434,4.597357951633427,False,True,False,False,False,4.546587469187987,0.0,0.0,0.0,0.0,1,0.9648290300069782,0.9603628750872292,False,False,False,False,0.139229960701198,0.1576668279661771,False,False,False,False,1068302.0,608746.3680387866,False,False,False,False,37037.79808461427,False,False,False,False
2025-05-09 16:00:00+00:00,73.825,73.83,73.35,73.35,6302.0,,,,,,,,,,,,,,,,,,,,,,74.40055761493957,73.30334992264838,73.3031458348331,73.31308253887572,,,,,,,,,,,,,,,,,,,,,,73.75334440074664,73.71805527982374,73.30405688604212,,,72.96828555106387,,,73.58508463970132,#000000,0.9925367081962836,73.57337946028409,-0.22505914233644408,46.347394333253405,1.1393385522036823,False,True,False,True,False,1.6407988674957714,0.0,0.0,0.0,0.0,1,0.9972505607409013,0.9564430938427027,False,False,False,False,0.11762376873090039,0.13764529834853872,False,False,False,False,1062000.0,615773.5561312085,False,False,False,False,36561.274083302415,False,False,False,False
2025-05-09 17:00:00+00:00,73.365,73.755,73.325,73.675,15188.0,,,,,,,,,,,,,,,,,,,,,,74.38806105613891,73.30463713033956,73.30433524028626,73.31416034946419,,,,,,,,,,,,,,,,,,,,,,73.74648404142091,73.71713175818284,73.30521796405371,,,72.9702434475561,,,73.58286107712662,#000000,0.9901269278902227,73.56870279174912,0.1073571531655835,46.86840821694646,1.1393385522036823,False,True,False,True,False,3.465212995315767,0.0,0.0,0.0,0.0,1,0.9919708029197079,0.9600729927007295,False,False,False,False,0.10979503573978441,0.12372016704416157,False,False,False,False,1077188.0,622927.2684392518,False,False,False,False,36229.90549286362,False,False,False,False
2025-05-09 18:00:00+00:00,73.68,73.74,73.37,73.52,14319.0,,,,,,,,,,,,,,,,,,,,,,74.37603188510435,73.30566119909957,73.3052823223223,73.31501356932601,,,,,,,,,,,,,,,,,,,,,,73.738967717708,73.71600185757599,73.30614213789836,,,72.97195363027775,,,73.58044295557636,#000000,0.9910307765150375,73.5641425001109,-0.04454200732911179,46.11155194574825,0.5082573022932877,False,True,False,True,False,2.52690900370359,0.0,0.0,0.0,0.0,1,0.9996302048665039,0.9560683381406696,False,False,False,False,0.06768231794305499,0.09570124249360829,False,False,False,False,1062869.0,629748.0704789533,False,False,False,False,35890.20153173395,False,False,False,False
2025-05-09 19:00:00+00:00,73.52,73.57,73.285,73.335,45950.0,,,,,,,,,,,,,,,,,,,,,,74.33323320117002,73.30689710537285,73.30642981500415,73.31597758728458,,,,,,,,,,,,,,,,,,,,,,73.70263959429941,73.70947586246365,73.30725573905258,,,72.9759821833624,,,73.56884412923532,#000000,0.9912009823377832,73.53053515599467,-0.19727094653750202,44.344085894910584,-1.3995845413549475,False,True,False,True,False,1.4140160677133693,0.0,0.0,0.0,0.0,1,0.989219751225028,0.9714285714285711,False,False,False,False,0.04391983306485776,0.06981053777923302,False,False,False,False,1016919.0,635750.720549047,False,False,False,False,36046.167399458995,False,False,False,False
2025-05-12 14:00:00+00:00,76.495,77.03,76.36,76.465,31858.0,,,,,,,,,,,,,,,,,,,,,,74.40043191625857,73.3377856466224,73.33501389732857,73.34278956563183,,,,,,,,,,,,,,,,,,,,,,73.90247602840661,73.75011506279824,73.33525698615577,,,72.99977914834368,,,73.62912415760029,"rgba(0, 255, 0, 1.0)",1.0617996494139121,73.74367460626476,2.562936798140165,55.35667373867419,0.25917908051150107,False,False,True,False,True,16.028665602950216,0.0,0.0,0.0,0.0,0,0.9800551203945458,0.9626486800116039,False,False,False,False,0.3428282403877879,0.20631938908351047,False,False,False,False,1048777.0,642154.2287575888,False,False,False,False,35981.2345715604,False,False,False,False
2025-05-12 15:00:00+00:00,76.44,76.61,76.13,76.2,18185.0,,,,,,,,,,,,,,,,,,,,,,74.43201201672838,73.35354492998947,73.34961475399672,73.35649294507463,,,,,,,,,,,,,,,,,,,,,,73.9932439279567,73.77039438533602,73.34956394150304,,,73.01209067768013,,,73.657838128655,"rgba(0, 255, 0, 1.0)",1.116736465480266,73.81022653117219,2.139961882412482,61.26476152662188,5.242012215556869,True,False,True,False,True,14.49313496408007,0.0,0.0,0.0,0.0,0,0.9878300634311843,0.9648178197374241,False,False,False,False,0.29763065679031386,0.25197502293691215,False,False,False,False,1030592.0,648176.5197846028,False,False,False,False,35705.32395804783,False,False,False,False
2025-05-12 16:00:00+00:00,76.19,76.465,76.11,76.365,25145.0,,,,,,,,,,,,,,,,,,,,,,74.47399949704067,73.37506281891821,73.36956959847465,73.37523410734887,,,,,,,,,,,,,,,,,,,,,,74.10804966109153,73.7979123849691,73.36912168542774,,,73.02896429561895,,,73.69556425046724,"rgba(0, 255, 0, 1.0)",1.1727695909740972,73.88283008622355,2.1165026215548157,65.53973760303388,8.738237678912789,True,False,True,False,True,15.134739142886644,0.0,0.0,0.0,0.0,0,0.9778280542986424,0.9872549019607839,False,False,False,False,0.2863494711797508,0.26916224705833147,False,False,False,False,1055737.0,654495.2869197251,False,False,False,False,35541.59800520988,False,False,False,False
2025-05-12 17:00:00+00:00,76.365,76.655,76.235,76.51,20593.0,,,,,,,,,,,,,,,,,,,,,,74.50976738449414,73.39336120155902,73.38655383348069,73.3911983337609,,,,,,,,,,,,,,,,,,,,,,74.19991075076027,73.82135605395861,73.38577187545351,,,73.04329451556768,,,73.72684563335245,"rgba(0, 255, 0, 1.0)",1.2288294620682318,73.93663962377131,2.09415582524974,68.69826341657905,11.354570515712389,True,False,True,False,True,15.698617380039945,0.0,0.0,0.0,0.0,0,0.9765311530017411,0.9781209781209778,False,False,False,False,0.3079504700469198,0.2885563585526256,False,False,False,False,1076330.0,661035.359990737,False,False,False,False,35309.836795826785,False,False,False,False
2025-05-12 18:00:00+00:00,76.51,76.815,76.49,76.595,24554.0,,,,,,,,,,,,,,,,,,,,,,74.55426431600516,73.41606605172322,73.40764575309137,73.41103898592435,,,,,,,,,,,,,,,,,,,,,,74.30790004060498,73.85050388305405,73.40645361109684,,,73.06105002384187,,,73.76483894878572,"rgba(0, 255, 0, 1.0)",1.2830001193711462,73.99735619365603,2.024663729273217,70.99563999190832,13.368953644426234,True,False,True,False,True,16.030863615911425,0.0,0.0,0.0,0.0,0,0.9768680566123876,0.9787703545883426,False,False,False,False,0.3368442092631304,0.312700283907878,False,False,False,False,1100884.0,667854.7187505706,False,False,False,False,35143.07963620156,False,False,False,False
2025-05-12 19:00:00+00:00,76.57,76.81,76.445,76.575,50141.0,,,,,,,,,,,,,,,,,,,,,,74.63861833201985,73.46112729903835,73.44957142502784,73.45052205616048,,,,,,,,,,,,,,,,,,,,,,74.49918630825427,73.90770414812896,73.44757993583983,,,73.0965346617247,,,73.83632992920994,"rgba(0, 255, 255, 0.75)",1.3331335875156125,74.09804697313483,1.8579931149144249,72.37463515517759,14.734000939433983,True,False,True,False,True,15.908575262883868,0.0,0.0,0.0,0.0,0,0.972109416902919,0.9850586161979922,False,False,False,False,0.3333350461629915,0.3230176650354347,False,False,False,False,1050743.0,673790.9711730423,False,False,False,False,35375.60553331471,False,False,False,False
2025-05-13 14:00:00+00:00,77.55,78.185,77.55,78.16,52490.0,,,,,,,,,,,,,,,,,,,,,,74.77562075092149,73.52667834611962,73.5106208283911,73.50810815337246,,,,,,,,,,,,,,,,,,,,,,74.7765342539614,73.99387597237984,73.50748523690386,,,73.14696524714684,,,73.94270336314996,"rgba(0, 255, 0, 1.0)",1.4389950728963345,74.25447312742361,2.714065493438797,76.20026571470258,18.47376717594885,True,False,True,False,True,20.0,0.0,0.0,0.0,0.0,0,0.9671230815528137,0.9734426722840802,False,False,False,False,0.34282824288316177,0.3329229539592983,False,False,False,False,1103233.0,680448.9871238478,False,False,False,False,35640.944982410605,False,False,False,False
2025-05-13 15:00:00+00:00,78.16,78.6,78.095,78.395,94731.0,,,,,,,,,,,,,,,,,,,,,,75.02384895321313,73.65047070996033,73.62620884036414,73.61736545098991,,,,,,,,,,,,,,,,,,,,,,75.22917734615758,74.15517660311258,73.62098214732183,,,73.2426938405881,,,74.13189000730279,"rgba(0, 255, 0, 1.0)",1.544379559961008,74.5049787711691,2.5188246009479065,79.04809202959913,21.290917634179422,True,False,True,False,True,20.0,0.0,0.0,0.0,0.0,0,0.9746261893973719,0.9729648089412473,False,False,False,False,0.34282824368511344,0.33787559882220586,False,False,False,False,1197964.0,688472.4756955712,False,False,False,False,36557.069866404236,False,False,False,False
2025-05-13 16:00:00+00:00,78.4,78.805,78.225,78.76,50464.0,,,,,,,,,,,,,,,,,,,,,,75.15085222664743,73.71700235219635,73.6884873487704,73.67634804309915,,,,,,,,,,,,,,,,,,,,,,75.44130053940877,74.24083485597025,73.68217310737288,,,73.29452776596847,,,74.22814263906646,"rgba(0, 255, 0, 1.0)",1.6546986116799802,74.62290576685993,2.5002101312817153,81.39437509597043,23.69322682146415,True,False,True,False,True,20.0,0.0,0.0,0.0,0.0,0,0.967995763032458,0.9776802602708627,False,False,False,False,0.3428282439393315,0.34035192138076864,False,False,False,False,1248428.0,697153.956692539,False,False,False,False,36772.681186304944,False,False,False,False
2025-05-13 17:00:00+00:00,78.76,78.8,78.51,78.56,60821.0,,,,,,,,,,,,,,,,,,,,,,75.29351053288201,73.79527345587438,73.76190118566667,73.7459804676435,,,,,,,,,,,,,,,,,,,,,,75.66583275034948,74.34038798944071,73.75434122638562,,,73.3559890356936,,,74.33674680117748,"rgba(0, 255, 0, 1.0)",1.7428052668609841,74.74931896361561,2.186521413977547,81.48134663304748,24.11540385319833,True,False,True,False,True,20.0,0.0,0.0,0.0,0.0,0,0.9789755351681957,0.9747706422018345,False,False,False,False,0.34282824414275037,0.3415900827617595,False,False,False,False,1187607.0,704757.8798445927,False,False,False,False,37145.523338455256,False,False,False,False
2025-05-13 18:00:00+00:00,78.56,78.825,78.4,78.645,28231.0,,,,,,,,,,,,,,,,,,,,,,75.35581904389458,73.83076181533184,73.7952401930205,73.77763964033358,,,,,,,,,,,,,,,,,,,,,,75.7596267854147,74.3850762206597,73.78712764039965,,,73.38403802629831,,,74.38447019129352,"rgba(0, 255, 0, 1.0)",1.8200771615165368,74.80293394739262,2.1109358074720674,81.68622008045756,24.808959183641946,True,False,True,False,True,20.0,0.0,0.0,0.0,0.0,0,0.9810900146052732,0.9673303097855327,False,False,False,False,0.33846862405190087,0.34002935340683016,False,False,False,False,1215838.0,712681.6026376997,False,False,False,False,37007.31367429315,False,False,False,False
2025-05-13 19:00:00+00:00,78.64,78.765,78.49,78.55,83754.0,,,,,,,,,,,,,,,,,,,,,,75.5265331925853,73.93257980660016,73.89107930791099,73.86878206870686,,,,,,,,,,,,,,,,,,,,,,76.00403060110409,74.51168145643192,73.88142475426609,,,73.46518467632184,,,74.51658731251506,"rgba(0, 255, 255, 0.75)",1.8907352661986014,74.94599997734197,1.906136774982789,81.0204885926117,24.808959183641946,True,False,True,False,True,20.0,0.0,0.0,0.0,0.0,0,0.975189364662235,0.9729479053949601,False,False,False,False,0.3400058907870069,0.34001762209691855,False,False,False,False,1132084.0,719183.9653875028,False,False,False,False,37732.0685010483,False,False,False,False
2025-05-14 14:00:00+00:00,80.31,80.8,79.78,80.77,218426.0,,,,,,,,,,,,,,,,,,,,,,76.12039866104872,74.27619731904579,74.21529581220001,74.17783109762414,,,,,,,,,,,,,,,,,,,,,,76.81848141271006,74.94291340285133,74.20063607164703,,,73.73744482280526,,,74.9645362538753,"rgba(0, 255, 0, 1.0)",2.038857386244004,75.45189076422598,2.608377256621696,83.52361638909065,27.505171056066956,True,False,True,False,True,20.0,0.0,0.0,0.0,0.0,0,0.9719906885935269,0.9558459112412702,False,False,False,False,0.34282824604165063,0.3414229340692846,False,False,False,False,1350510.0,728971.9659241306,False,False,False,False,40533.52480335763,False,False,False,False
2025-05-14 15:00:00+00:00,80.75,81.23,80.335,81.215,115611.0,,,,,,,,,,,,,,,,,,,,,,76.40882997721405,74.45674560695744,74.38641243288595,74.34150608124543,,,,,,,,,,,,,,,,,,,,,,77.18160326929755,75.16439418688516,74.36930347719677,,,73.88276871676646,,,75.18697071881176,"rgba(0, 255, 0, 1.0)",2.1927488446002723,75.6914808244567,2.5189930844771284,85.53411555804422,29.771384919246074,True,False,True,False,True,20.0,0.0,0.0,0.0,0.0,0,0.9779965689565149,0.9535317371522334,False,False,False,False,0.3428282464833178,0.3421255902763012,False,False,False,False,1466121.0,740400.6331191054,False,False,False,False,41697.51666687146,False,False,False,False
2025-05-14 16:00:00+00:00,81.22,81.38,80.95,81.02,68259.0,,,,,,,,,,,,,,,,,,,,,,76.5699297819933,74.56181225862018,74.48622476322657,74.43715041230075,,,,,,,,,,,,,,,,,,,,,,77.37677723959096,75.29169092053151,74.46774633642362,,,73.96808574945793,,,75.3130473875267,"rgba(0, 255, 0, 1.0)",2.3231824475673575,75.8246373043114,2.236312822149957,85.61457417203886,30.237964301697517,True,False,True,False,True,20.0,0.0,0.0,0.0,0.0,0,0.9843703260544419,0.957747532156745,False,False,False,False,0.34282824679545976,0.34247691853588047,False,False,False,False,1397862.0,750593.8326056309,False,False,False,False,42109.32261002074,False,False,False,False
2025-05-14 17:00:00+00:00,81.01,81.22,80.88,81.055,48383.0,,,,,,,,,,,,,,,,,,,,,,76.67606136373907,74.63358081403273,74.55452277831232,74.50268137193073,,,,,,,,,,,,,,,,,,,,,,77.50158494131838,75.37770191353707,74.53513694585006,,,74.02681217522105,,,75.39732430410291,"rgba(0, 255, 0, 1.0)",2.441012173757609,75.91204003468755,2.1068964835990815,85.70827912106161,30.784480442444007,True,False,True,False,True,20.0,0.0,0.0,0.0,0.0,0,0.9830724290315329,0.9593288892217807,False,False,False,False,0.3340903673587818,0.33828364294733115,False,False,False,False,1446245.0,761379.1220225978,False,False,False,False,42206.58892614445,False,False,False,False
2025-05-14 18:00:00+00:00,81.055,81.26,80.775,81.145,54664.0,,,,,,,,,,,,,,,,,,,,,,76.7902977574304,74.71288285754278,74.6300941573062,74.57526675444296,,,,,,,,,,,,,,,,,,,,,,77.63308007491966,75.47197767604762,74.60973049848296,,,74.0920790085912,,,75.48904711088178,"rgba(0, 255, 0, 1.0)",2.548677820092427,76.00608590764607,2.016305886856883,85.88293224472123,31.42841936358556,True,False,True,False,True,20.0,0.0,0.0,0.0,0.0,0,0.9885092001502063,0.9548629365377389,False,False,False,False,0.3316299087264395,0.3349567758368853,False,False,False,False,1500909.0,772844.7015261234,False,False,False,False,42399.72708232826,False,False,False,False
2025-05-14 19:00:00+00:00,81.14,81.63,81.04,81.41,109339.0,,,,,,,,,,,,,,,,,,,,,,77.01667662003285,74.87299823161078,74.78291594254489,74.72223332331549,,,,,,,,,,,,,,,,,,,,,,77.88959185859521,75.661099145024,74.76063620068753,,,74.22452442710727,,,75.67230733168724,"rgba(0, 255, 255, 0.75)",2.6477609578832055,76.19344897490038,1.970174463660826,86.33553616557496,32.31428631798778,True,False,True,False,True,20.0,0.0,0.0,0.0,0.0,0,0.9959592936246632,0.941260101765938,False,False,False,False,0.34282824692643943,0.3388925113816624,False,False,False,False,1610248.0,785827.6984016874,False,False,False,False,43437.54526709836,False,False,False,False
2025-05-15 14:00:00+00:00,81.825,82.175,81.75,82.175,32892.0,,,,,,,,,,,,,,,,,,,,,,77.0903402569384,74.92451072396177,74.83210832377598,74.76956619728772,,,,,,,,,,,,,,,,,,,,,,77.97364712123229,75.72208120611671,74.80921919981239,,,74.26709920642286,,,75.73163900416075,"rgba(0, 255, 0, 1.0)",2.7657066802974586,76.25492681810019,2.1405282143886244,87.45461399562348,33.75959470040597,True,False,True,False,True,20.0,0.0,0.0,0.0,0.0,0,1.0028294862248694,0.9319434102755023,False,False,False,False,0.34282824737324896,0.34086037937745567,False,False,False,False,1643140.0,799119.3619923589,False,False,False,False,43274.04844125187,False,False,False,False
2025-05-15 15:00:00+00:00,82.17,82.24,81.91,82.08,26047.0,,,,,,,,,,,,,,,,,,,,,82.07666666666664,77.14765496061821,74.96502578167468,74.87082401700026,74.80683726191714,,,,,,,,,,,,,,,,,,,,,,78.03851391449085,75.76987661406373,74.84746174453319,,,74.30067227038,,,76.5653576201206,"rgba(0, 255, 255, 0.75)",2.8656834161229385,76.8277011187886,1.832825933130248,87.41895833338975,34.076961797274166,True,False,True,False,True,20.0,0.0,0.0,0.0,0.0,0,1.0032808888226081,0.9326672134814702,False,False,False,False,0.34282824744777773,0.3418443134126167,False,False,False,False,1617093.0,811801.1238219348,False,False,False,False,43006.96241890688,False,False,False,False
2025-05-15 16:00:00+00:00,82.075,82.17,82.0,82.16,13640.0,,,,,,,,,,,,,,,,,,,,,82.08812297897714,77.17734581374928,74.98615825891817,74.8910266152059,74.82629246993463,,,,,,,,,,,,,,,,,,,,,,78.07194479041442,75.7947506416544,74.8674196455632,,,74.3182134060124,,,76.58788265180215,"rgba(0, 255, 255, 0.75)",2.9625547062270474,76.8513071910508,1.7919307271493639,87.49712930449857,34.50693009854194,True,False,True,False,True,20.0,0.0,0.0,0.0,0.0,0,1.0175372288154814,0.9299266762415902,False,False,False,False,0.3428282474543263,0.3423362804334715,False,False,False,False,1630733.0,824497.7420572536,False,False,False,False,42551.660675978084,False,False,False,False
2025-05-15 17:00:00+00:00,82.16,82.2,81.895,82.025,28716.0,,,,,,,,,,,,,,,,,,,,,82.06792065650141,77.23783563671155,75.02980875506292,74.93278341591198,74.86652377658135,,,,,,,,,,,,,,,,,,,,,,78.13937256803678,75.84591121494441,74.90867744745233,,,74.35455655571405,,,76.62860418390034,"rgba(0, 255, 255, 0.75)",3.042533138833757,76.89545152000315,1.6859466260285598,86.26732693017455,34.50693009854194,True,False,True,False,True,20.0,0.0,0.0,0.0,0.0,0,1.0072699734948884,0.9351760696705789,False,False,False,False,0.3402200878982381,0.34127818416585476,False,False,False,False,1602017.0,836552.3041959008,False,False,False,False,42337.154308908655,False,False,False,False
2025-05-15 18:00:00+00:00,82.03,82.165,81.96,82.145,30873.0,,,,,,,,,,,,,,,,,,,,,82.0747869239964,77.30187242318978,75.07646986106234,74.97744805980331,74.9095774781577,,,,,,,,,,,,,,,,,,,,,,78.2102518906155,75.90042437780883,74.95281543013645,,,74.39350165690168,,,76.67545580559629,"rgba(0, 255, 255, 0.75)",3.1125013940444544,76.94482642497968,1.670737749698834,85.67431466574146,34.50693009854194,True,False,True,False,False,20.0,0.0,0.0,0.0,0.0,0,1.0093301979822498,0.9328680876886897,False,False,False,False,0.3412628150495299,0.3412704996076923,False,False,False,False,1632890.0,848898.6250610806,False,False,False,False,42159.41548241394,False,False,False,False
2025-05-15 19:00:00+00:00,82.14,82.155,81.425,81.475,40615.0,,,,,,,,,,,,,,,,,,,,,81.96161884371881,77.37667390783989,75.13343266994092,75.03206665342104,74.96229029585152,,,,,,,,,,,,,,,,,,,,,,78.29037412013395,75.96610721294324,75.00681300390904,,,74.44147776820338,,,76.7161720884698,"rgba(38, 166, 154, 1.0)",3.159664869901693,76.99144843460286,1.41899592203797,79.39681590866223,32.37285243276999,True,False,True,False,False,20.0,0.0,0.0,0.0,0.0,0,1.0142291888601431,0.9292345152944754,False,False,False,False,0.3224284902154713,0.3318494949115818,False,False,False,False,1592275.0,860423.8401764126,False,False,False,False,42135.47105633,False,False,False,False
2025-05-16 14:00:00+00:00,81.195,81.495,81.145,81.3,13020.0,,,,,,,,,,,,,,,,,,,,,81.90641890816663,77.39809339237951,75.15046186650109,75.04842035387051,74.97809067937415,,,,,,,,,,,,,,,,,,,,,,78.31255547509085,75.98550068144625,75.02298699935633,,,74.4559418786871,,,76.72531604452317,"rgba(38, 166, 154, 1.0)",3.203431223485911,77.00271857840202,1.341462051718955,73.92346006472864,27.584423605269123,True,False,True,False,False,20.0,0.0,0.0,0.0,0.0,0,1.009809885931559,0.9299619771863114,False,False,False,False,0.2904478772149789,0.31114868606328033,False,False,False,False,1579255.0,871568.5093209643,False,False,False,False,41684.06840429388,False,False,False,False
2025-05-16 15:00:00+00:00,81.315,81.555,81.21,81.43,25930.0,,,,,,,,,,,,,,,,,,,,,81.83275202554225,77.44097568591911,75.18456226430744,75.0811756894748,75.00974398554408,,,,,,,,,,,,,,,,,,,,,,78.35699930105989,76.02431727604034,75.0553844072224,,,74.48492209558111,,,76.7482388293888,"rgba(38, 166, 154, 1.0)",3.244095919256121,77.02870515758327,1.3567092194443988,70.84344122285691,25.10432139647989,True,False,True,False,False,20.0,0.0,0.0,0.0,0.0,0,1.0128136269469807,0.9360085935701676,False,False,False,False,0.2946661577228605,0.3029074218930704,False,False,False,False,1605185.0,882942.4084012595,False,False,False,False,41439.81928174669,False,False,False,False
2025-05-16 16:00:00+00:00,81.41,81.78,81.335,81.775,20559.0,,,,,,,,,,,,,,,,,,,,,81.81184741725176,77.47628007035556,75.21233405833993,75.10785069304107,75.03552188568452,,,,,,,,,,,,,,,,,,,,,,78.3939532653378,76.05600992152597,75.08176776242456,,,74.50849233257361,,,76.77194563424516,"rgba(38, 166, 154, 1.0)",3.2894447380501193,77.05379884358291,1.4352577812921936,70.21425172761906,24.75156228899371,False,False,True,False,False,20.0,0.0,0.0,0.0,0.0,0,1.0011673151750973,0.9403112840466923,False,False,False,False,0.30653230724019315,0.3047198645666318,False,False,False,False,1625744.0,894458.7121469764,False,False,False,False,41116.08564947155,False,False,False,False
2025-05-16 17:00:00+00:00,81.725,81.935,81.67,81.885,23609.0,,,,,,,,,,,,,,,,,,,,,81.81376915281446,77.51801204236357,75.24491685714051,75.13914736924932,75.06576781026504,,,,,,,,,,,,,,,,,,,,,,78.43793323585503,76.09325519060233,75.11272260132355,,,74.53612297758319,,,76.80319053245174,"rgba(38, 166, 154, 1.0)",3.329361919766875,77.08596415927808,1.4414281043551913,70.22515634601054,24.75156228899371,False,False,True,False,False,20.0,0.0,0.0,0.0,0.0,0,1.005846585594013,0.9361552853133769,False,False,False,False,0.32328753685892037,0.31400370071277606,False,False,False,False,1649353.0,906162.4995555504,False,False,False,False,40844.65796498362,False,False,False,False
2025-05-16 18:00:00+00:00,81.88,82.05,81.705,81.95,11070.0,,,,,,,,,,,,,,,,,,,,,81.81792597798179,77.5376260901115,75.26024940544683,75.15387800745337,75.08000652758875,,,,,,,,,,,,,,,,,,,,,,78.4585971075757,76.1107702216041,75.1272932098927,,,74.54913358335467,,,76.81829331845684,"rgba(38, 166, 154, 1.0)",3.368034382782431,77.10140118623112,1.4395930274807112,70.49924535349638,24.75156228899371,False,False,True,False,False,20.0,0.0,0.0,0.0,0.0,0,1.0041322314049588,0.9363012630594105,False,False,False,False,0.3284515645938977,0.32122763265333687,False,False,False,False,1660423.0,917856.4608027511,False,False,False,False,40383.03536087534,False,False,False,False
2025-05-16 19:00:00+00:00,81.955,82.0,81.59,81.6,22473.0,,,,,,,,,,,,,,,,,,,,,81.81022398967849,77.57536395401154,75.29036053802729,75.18283010857931,75.10800777233061,,,,,,,,,,,,,,,,,,,,,,78.49774303144669,76.14495976279407,75.15593649242923,,,74.57479191457037,,,76.84567820616215,"rgba(38, 166, 154, 1.0)",3.3966158794355157,77.12969957402596,1.3161042003716215,67.36324072815185,21.77943159096256,False,False,True,False,False,20.0,0.0,0.0,0.0,0.0,0,1.0008599124452784,0.9419168230143838,False,False,False,False,0.32277205360514283,0.32199984312923985,False,False,False,False,1637950.0,929020.7017205379,False,False,False,False,40105.360394040064,False,False,False,False
2025-05-19 14:00:00+00:00,80.9,81.385,80.88,81.305,19887.0,,,,,,,,,,,,,,,,,,,,,81.76560512445784,77.60392961877218,75.3145590266248,75.20614318786019,75.13058626511472,,,,,,,,,,,,,,,,,,,,,81.19,78.52595300104726,76.17197801572418,75.17901219030902,,,74.59564317078836,,,77.34308515887892,"rgba(38, 166, 154, 1.0)",3.413361013049531,77.48447115607989,1.1192864831214606,62.88406629467572,17.596194001886488,False,True,True,False,False,20.0,0.0,0.0,0.0,0.0,0,0.9861586314152413,0.9520217729393468,False,False,False,False,0.27785248908171845,0.2999261661054792,False,False,False,False,1618063.0,939703.528050452,False,False,False,False,39791.89744219448,False,False,False,False
2025-05-19 15:00:00+00:00,81.27,81.64,81.27,81.455,19711.0,,,,,,,,,,,,,,,,,,,,,81.74493202768866,77.63385998942759,75.33942123589394,75.2300874997813,75.15377161698962,,,,,,,,,,,,,,,,,,,,,81.32191108136774,78.55605981145015,76.19987230409973,75.20271082944026,,,74.61700590419572,,,77.37584737734878,"rgba(38, 166, 154, 1.0)",3.424765485494122,77.51489236630199,1.1504751640328827,60.863610521953525,15.778698278564107,False,True,True,False,False,20.0,0.0,0.0,0.0,0.0,0,0.9964224607248408,0.9438481878985846,False,False,False,False,0.2995721767396487,0.29974917142256396,False,False,False,False,1637774.0,950526.3260651736,False,False,False,False,39480.56569890465,False,False,False,False
2025-05-19 16:00:00+00:00,81.415,81.725,81.325,81.535,8578.0,,,,,,,,,,,,,,,,,,,,,81.73883484068851,77.64698774062319,75.35030720960155,75.24057266250934,75.16392542176617,,,,,,,,,,,,,,,,,,,,,81.35866569107716,78.56929609984672,76.2120879173303,75.21308871501414,,,74.62636047907874,,,77.38819625538412,"rgba(38, 166, 154, 1.0)",3.4421161938396403,77.52673870516105,1.1644758831827164,60.03986685730348,14.97061990173053,False,True,True,False,False,20.0,0.0,0.0,0.0,0.0,0,0.9934302055959192,0.940871850363271,False,False,False,False,0.30432234591216034,0.30203575866736215,False,False,False,False,1646352.0,961314.3210098996,False,False,False,False,39001.456153185194,False,False,False,False
2025-05-19 17:00:00+00:00,81.535,81.645,81.41,81.53,13243.0,,,,,,,,,,,,,,,,,,,,,81.73006777871775,77.66708190822293,75.36703834086366,75.25669162718816,75.17953783917822,,,,,,,,,,,,,,,,,,,,,81.39524897290198,78.58950080992706,76.2308371917711,75.22904374109598,,,74.64075275965543,,,77.40500535665187,"rgba(38, 166, 154, 1.0)",3.4629021807603455,77.54329459752613,1.1512613392961961,59.44107781284818,14.244505424146212,False,True,True,False,False,20.0,0.0,0.0,0.0,0.0,0,0.9947631882941858,0.9423180592991913,False,False,False,False,0.3044922403305703,0.3032639994989662,False,False,False,False,1633109.0,971729.7423895911,False,False,False,False,38602.10024383348,False,False,False,False
2025-05-19 18:00:00+00:00,81.52,81.605,81.11,81.205,12281.0,,,,,,,,,,,,,,,,,,,,,81.71432286556932,77.68447219812182,75.38191799548093,75.27104027058198,75.19344471776638,,,,,,,,,,,,,,,,,,,,,81.3804880597015,78.6065979849257,76.24738405726897,75.24324975136706,,,74.65361819273527,,,77.41365754453152,"rgba(38, 166, 154, 1.0)",3.4732601866726895,77.55308933166415,1.0514359627731484,55.99100658757571,10.865815939746504,False,True,True,False,False,20.0,0.0,0.0,0.0,0.0,0,0.9902170590033631,0.9433659431366553,False,False,False,False,0.29297762986723835,0.29812081468310225,False,False,False,False,1620828.0,981793.2812672718,False,False,False,False,38194.021170285676,False,False,False,False
2025-05-19 19:00:00+00:00,81.205,81.54,81.16,81.485,16758.0,,,,,,,,,,,,,,,,,,,,,81.69890194807066,77.7085078965773,75.40240304907789,75.29079516952106,75.21259251114947,,,,,,,,,,,,,,,,,,,,,81.38317650180196,78.6303357083905,76.2701809525144,75.26280856603897,,,74.67132579774712,,,77.42885581146025,"rgba(38, 166, 154, 1.0)",3.486015030488841,77.56910742214991,1.1233148863678206,55.93396995031188,10.665174906280782,False,True,True,False,False,20.0,0.0,0.0,0.0,0.0,0,0.9910334346504561,0.9446808510638296,False,False,False,False,0.29247138851177057,0.2952961015974364,False,False,False,False,1637586.0,991960.6102398722,False,False,False,False,37861.67975679287,False,False,False,False
2025-05-20 14:00:00+00:00,81.735,82.32,81.73,81.91,14398.0,,,,,,,,,,,,,,,,,,,,81.98666666666666,81.71036610054747,77.73218603694022,75.42161882193949,75.30930180949764,75.23051496574178,,,,,,,,,,,,,,,,,,,,,81.46604301772591,78.65470615606407,76.29184947688218,75.28112570495331,,,74.68779780198696,,,77.90843787569587,"rgba(38, 166, 154, 1.0)",3.4992714145138555,77.93172771620998,1.1368858863846405,58.60776013793463,10.665174906280782,False,True,True,False,True,20.0,0.0,0.0,0.0,0.0,1,0.9960231109777147,0.9356944548660613,False,False,False,False,0.33865733134931714,0.3169767164733768,False,False,False,False,1651984.0,1002193.5310113471,False,False,False,False,37497.9017760674,False,False,False,False
2025-05-20 15:00:00+00:00,81.91,82.09,81.87,82.065,9028.0,,,,,,,,,,,,,,,,,,,,81.9950166481687,81.71762794382835,77.74697467439249,75.4336501856252,75.32089144742139,75.24174049866396,,,,,,,,,,,,,,,,,,,,,81.5090323487057,78.66990568323675,76.30540410408857,75.29259725492018,,,74.69811902989004,,,77.92328407890514,"rgba(38, 166, 154, 1.0)",3.512933917925745,77.94595854645596,1.1725359912196074,61.234277908220704,6.451710962335042,False,True,True,False,True,20.0,0.0,0.0,0.0,0.0,0,0.9981302819534816,0.9393463465709369,False,False,False,False,0.33553658439008177,0.32625665043172924,False,False,False,False,1661012.0,1012407.7708406285,False,False,False,False,37056.50795008186,False,False,False,False
2025-05-20 16:00:00+00:00,82.06,82.095,81.67,81.895,9675.0,,,,,,,,,,,,,,,,,,,,81.96334733089634,81.72193050187971,77.7622607614612,75.44625739323556,75.33304207836565,75.2535137515885,,,,,,,,,,,,,,,,,,,,,81.53860212530047,78.68545420905949,76.31955058105858,75.3046256387332,,,74.7089641257351,,,77.93285843715788,"rgba(38, 166, 154, 1.0)",3.516417073675632,77.95618781709075,1.120120878833094,61.21759933474903,6.582978900255668,False,True,True,False,True,20.0,0.0,0.0,0.0,0.0,1,1.0040937002501706,0.9384428777196572,False,False,False,False,0.32879643248639157,0.3275265414590604,False,False,False,False,1651337.0,1022313.6503624793,False,False,False,False,36631.98844697981,False,False,False,False
2025-05-20 17:00:00+00:00,81.895,81.94,81.665,81.875,11641.0,,,,,,,,,,,,,,,,,,,,81.92778567490649,81.72504276089634,77.7802386809384,75.46122058664835,75.34746898978919,75.26749656375131,,,,,,,,,,,,,,,,,,,,,81.56340507889547,78.70361725152354,76.33629449346681,75.31890880409556,,,74.72186097903204,,,77.94314788849115,"rgba(38, 166, 154, 1.0)",3.53652228394879,77.9674438354038,1.1049148996830649,60.99343104957542,6.616464371235502,False,True,True,False,True,20.0,0.0,0.0,0.0,0.0,1,1.0106488172206587,0.9324560736289647,False,False,False,False,0.32328753685892037,0.3254070391589904,False,False,False,False,1639696.0,1031885.4697367044,False,False,False,False,36244.53126175532,False,False,False,False
2025-05-20 18:00:00+00:00,81.89,81.89,81.42,81.6,13240.0,,,,,,,,,,,,,,,,,,,,81.86130960183046,81.72215356928861,77.79954261798629,75.47764859542774,75.36332095480248,75.2828693235938,,,,,,,,,,,,,,,,,,,,,81.56993959399982,78.72278016832993,76.35456024539339,75.33460596880651,,,74.73608189325492,,,77.94887306394591,"rgba(38, 166, 154, 1.0)",3.5550084856909794,77.9753487578324,1.0195900394491102,58.036475079616956,6.616464371235502,False,True,True,False,False,20.0,0.0,0.0,0.0,0.0,1,1.0065974065367407,0.9303101539394857,False,False,False,False,0.3131797468736158,0.3192933930163031,False,False,False,False,1626456.0,1041103.6174927244,False,False,False,False,35887.871862348264,False,False,False,False
2025-05-20 19:00:00+00:00,81.595,81.97,81.48,81.945,34036.0,,,,,,,,,,,,,,,,,,,,81.83801567809196,81.728059466974,77.85034534432526,75.52057963398039,75.40474789550923,75.32304641942888,,,,,,,,,,,,,,,,,,,,,81.61254031580408,78.77358235316572,76.40236281993965,75.37562890153973,,,74.77322269160324,,,77.98289088287589,"rgba(38, 166, 154, 1.0)",3.57956183085339,78.01087957490182,1.0990508366663003,58.68431058237388,6.616464371235502,False,True,True,False,False,20.0,0.0,0.0,0.0,0.0,1,1.0079335096335476,0.9285984132980732,False,False,False,False,0.31796882285987527,0.3186311079380892,False,False,False,False,1660492.0,1050706.538151752,False,False,False,False,35859.160670683945,False,False,False,False
2025-05-21 14:00:00+00:00,81.56,82.02,81.25,81.425,25240.0,,,,,,,,,,,,,,,,,,,,81.77924855162689,81.71919471440346,77.88501545078192,75.55087183152355,75.43401733460237,75.35145981501145,,,,,,,,,,,,,,,,,,,,,81.6067635938814,78.80736139584445,76.43576346358239,75.4046224811683,,,74.79960737578084,,,77.99743186324262,"rgba(38, 166, 154, 0.5)",3.593341298107694,78.02824735604572,0.9452908483096364,54.76364839519351,9.096110007919393,False,True,True,False,False,19.69682762577239,0.0,0.0,0.0,0.0,1,1.0048853814355505,0.9303269447576099,False,False,False,False,0.31181399984656344,0.31522255389232634,False,False,False,False,1635252.0,1059769.2584904844,False,False,False,False,35694.52252075086,False,False,False,False
2025-05-21 15:00:00+00:00,81.415,81.6,81.185,81.39,16681.0,,,,,,,,,,,,,,,,,,,,81.73097841803607,81.70783489171062,77.90651312015173,75.5701535055083,75.45266661055722,75.36957666036382,,,,,,,,,,,,,,,,,,,,,81.59077393340077,78.82786544336541,76.45686362543496,75.42310061258954,,,74.81648878511945,,,78.00363268211184,"rgba(38, 166, 154, 0.5)",3.6028299962645502,78.03674757930058,0.9307273516030745,51.89622430688664,6.4295797261840235,False,True,False,False,False,19.471014850157133,0.0,0.0,0.0,0.0,1,1.001875468867217,0.936834208552138,False,False,False,False,0.2953420259482587,0.3052822899202925,False,False,False,False,1618571.0,1068432.8513821047,False,False,False,False,35399.739225855505,False,False,False,False
2025-05-21 16:00:00+00:00,81.4,81.57,81.285,81.48,6796.0,,,,,,,,,,,,,,,,,,,,81.71716870951316,81.70417267902967,77.91532897286162,75.57804423010997,75.46029900459145,75.37699161034776,,,,,,,,,,,,,,,,,,,,,81.58648885707323,78.83629785056195,76.46550096337401,75.43066309936309,,,74.82339725718364,,,78.00709559768259,"rgba(38, 166, 154, 0.5)",3.6128407903723416,78.04095172178026,0.951895884087744,50.788808273450144,5.380143115525044,False,True,False,False,False,19.816295562590287,0.0,0.0,0.0,0.0,1,0.9998494316043062,0.9433862832191521,False,False,False,False,0.2977096357630371,0.3014959628416648,False,False,False,False,1625367.0,1077067.489345173,False,False,False,False,34956.27040064844,False,False,False,False
2025-05-21 17:00:00+00:00,81.49,81.55,80.825,81.32,8092.0,,,,,,,,,,,,,,,,,,,,81.69077106304637,81.69646143793221,77.92513790082683,75.58707148421594,75.46903853131796,75.38548745004228,,,,,,,,,,,,,,,,,,,,,81.57448968802892,78.84545241020064,76.47530756950876,75.43932449438454,,,74.83134000281933,,,78.00885420295045,"rgba(38, 166, 154, 0.5)",3.6196134107449853,78.04395960040127,0.9050801916783859,48.71876663031791,3.3705590736006457,False,True,False,True,False,18.758709782931426,0.0,0.0,0.0,0.0,1,0.9908744109507068,0.9450968658837605,False,False,False,False,0.2815380708494934,0.29151701684557907,False,False,False,False,1617275.0,1085442.7995878835,False,False,False,False,34539.77008435932,False,False,False,False
2025-05-21 18:00:00+00:00,81.32,81.475,81.045,81.18,15071.0,,,,,,,,,,,,,,,,,,,,81.64870804809496,81.68279987134017,77.94326191192829,75.60381268010755,75.48524985345055,75.40124952777614,,,,,,,,,,,,,,,,,,,,,81.55427562812227,78.86232895816254,76.49347115178978,75.4553918368073,,,74.84608449856553,,,78.01305494675795,"rgba(38, 166, 154, 0.5)",3.6214124216843437,78.05024727797972,0.8642353749271716,46.22572833694924,0.9794457766105538,False,True,False,True,False,17.834176636133602,0.0,0.0,0.0,0.0,0,0.9937304075235112,0.9466338259441706,False,False,False,False,0.2864077677568917,0.2889623923012354,False,False,False,False,1602204.0,1093454.6011446605,False,False,False,False,34237.92868770258,False,False,False,False
2025-05-21 19:00:00+00:00,81.19,81.34,80.84,81.06,24156.0,,,,,,,,,,,,,,,,,,,,81.57565609700761,81.6555858676096,77.97056598627833,75.6297143449221,75.51035614849808,75.42567714466726,,,,,,,,,,,,,,,,,,,,,81.5131405887957,78.88716938131942,76.52136398211147,75.48028121601102,,,74.86901208516267,,,78.01695107572206,"rgba(38, 166, 154, 0.5)",3.617642159306883,78.05771410727296,0.8299012894360629,43.637713319908435,-1.4746844386303337,False,True,False,True,False,17.04036704755234,0.0,0.0,0.0,0.0,0,1.0012032789350984,0.9484846205911104,False,False,False,False,0.27500957680331767,0.2819859845522765,False,False,False,False,1578048.0,1100967.677095906,False,False,False,False,34081.61971580022,False,False,False,False
2025-05-22 14:00:00+00:00,80.515,80.655,80.16,80.3,14601.0,,,,,,,,,,,,,,,,,,,,81.48891039780251,81.6214805411781,77.98313317439052,75.64323271373634,75.52350647311098,75.43850373881985,,,,,,,,,,,,,,,,,,,,,81.45627971692373,78.8971525493102,76.53546555001157,75.4933294336184,,,74.88121778999329,,,78.00809942889023,"rgba(38, 166, 154, 0.5)",3.601535993644283,78.21823685693418,0.5780209185024254,37.75463509516079,-6.8792726574097145,False,True,False,True,False,12.220518568618246,0.0,0.0,0.0,0.0,0,0.9906681597611049,0.9440089585666289,False,False,False,False,0.22991168092427605,0.2559488327382763,False,False,False,False,1563447.0,1108137.8991564347,False,False,False,False,33779.59460392735,False,False,False,False
2025-05-22 15:00:00+00:00,80.31,80.54,80.255,80.445,26808.0,,,,,,,,,,,,,,,,,,,,81.3632514900732,81.56529749297306,78.00626437057076,75.66807028998346,75.54767258321193,75.46207892965717,,,,,,,,,,,,,,,,,,,,,81.36888530814377,78.91564490589904,76.56136775536555,75.51730918458468,,,74.90365653426532,,,77.99758423104626,"rgba(38, 166, 154, 0.5)",3.5848195853433533,78.21558162067755,0.6219053222196971,35.438082861489676,-8.872579753791214,False,True,False,True,False,12.85409049620366,0.0,0.0,0.0,0.0,0,0.9925920383118828,0.9455252918287934,False,False,False,False,0.22925810608282332,0.2426034694105498,False,False,False,False,1590255.0,1115612.5828904435,False,False,False,False,33671.507865881955,False,False,False,False
2025-05-22 16:00:00+00:00,80.45,80.665,80.255,80.315,24106.0,,,,,,,,,,,,,,,,,,,,81.27278734124965,81.51899313551311,78.02667720201066,75.69017686521816,75.56919253602385,75.48308090109667,,,,,,,,,,,,,,,,,,,,,81.30181291972238,78.93187431792599,76.58435559946527,75.53866599684925,,,74.92367273587377,,,77.99176168150748,"rgba(38, 166, 154, 0.5)",3.55654187239402,78.21435244800755,0.5906432786009743,33.26123041121615,-10.852443566560801,False,True,False,True,False,12.050382736360895,0.0,0.0,0.0,0.0,0,0.990127802862172,0.9593632815489397,False,False,False,False,0.2333461316632057,0.23797480053687775,False,False,False,False,1566149.0,1122597.6436208242,False,False,False,False,33523.2054183489,False,False,False,False
2025-05-22 17:00:00+00:00,80.325,80.735,80.205,80.515,34966.0,,,,,,,,,,,,,,,,,,,,81.17731964348634,81.46210557605414,78.05656968391925,75.722371333785,75.60053879678877,75.51367824375693,,,,,,,,,,,,,,,,,,,,,81.22645353168353,78.95593520122954,76.61784567302833,75.56977634194025,,,74.95283377249433,,,77.9902594025672,"rgba(38, 166, 154, 0.5)",3.5148627643556956,78.21920688521207,0.6531672126916639,34.092953225956435,-10.852443566560801,False,True,False,True,False,12.941627768460798,0.0,0.0,0.0,0.0,0,1.00540665791303,0.9465513246311884,False,False,False,False,0.23400092389355076,0.23598786221521426,False,False,False,False,1601115.0,1130016.517363137,False,False,False,False,33545.57432659156,False,False,False,False
2025-05-22 18:00:00+00:00,80.52,80.79,80.505,80.61,20279.0,,,,,,,,,,,,,,,,,,,,81.14170694441745,81.43653030894467,78.0746259136375,75.74142748886182,75.61908868550815,75.53178295775011,,,,,,,,,,,,,,,,,,,,,81.1964136436648,78.97088682657918,76.63774973264205,75.58818572752774,,,74.97006119522008,,,77.99383982295333,"rgba(38, 166, 154, 0.5)",3.4766815077467563,78.22667787981956,0.6855163795906842,35.695888401195276,-10.852443566560801,False,True,False,True,True,13.364590254006519,0.0,0.0,0.0,0.0,0,1.010741885625966,0.9324574961360121,False,False,False,False,0.2456568991541408,0.24082238068467754,False,False,False,False,1621394.0,1137634.7729078946,False,False,False,False,33339.89100369866,False,False,False,False
2025-05-22 19:00:00+00:00,80.61,80.665,80.32,80.385,40077.0,,,,,,,,,,,,,,,,,,,,81.06301658206526,81.3800998753175,78.10714215378553,75.77729961535972,75.65406016325804,75.56595182780272,,,,,,,,,,,,,,,,,,,,,81.12893462448608,78.9965817735786,76.67478198259629,75.62290531384788,,,75.00273986353784,,,77.99707739120976,"rgba(38, 166, 154, 0.5)",3.4354862724117994,78.23303758043173,0.6263923791078185,35.26811211063071,-10.852443566560801,False,True,False,True,True,11.932674887938209,0.0,0.0,0.0,0.0,0,1.006279069767442,0.9393023255813951,False,False,False,False,0.23547492816999926,0.2381486544273384,False,False,False,False,1581317.0,1144513.5671263768,False,False,False,False,33444.3423059669,False,False,False,False
2025-05-23 14:00:00+00:00,80.24,80.615,80.23,80.455,5207.0,,,,,,,,,,,,,,,,,,,,81.05375710961371,81.37306841456665,78.11126046679624,75.78189723275936,75.65854485416185,75.57033542956272,,,,,,,,,,,,,,,,,,,,,81.12078717866815,78.9998027874077,76.67951138132032,75.62735833694819,,,75.00693904205943,,,77.9976323191805,"rgba(38, 166, 154, 0.5)",3.3861390753836247,78.23389589016985,0.6559400132076725,35.83166110658804,-10.852443566560801,False,True,False,True,True,12.255453324533445,0.0,0.0,0.0,0.0,0,1.002407579993787,0.9418297607952778,False,False,False,False,0.23089240542418496,0.23452052992576167,False,False,False,False,1586524.0,1151366.4420546498,False,False,False,False,33006.55405316121,False,False,False,False
2025-05-23 15:00:00+00:00,80.47,80.585,80.305,80.32,7802.0,,,,,,,,,,,,,,,,,,,,81.03973498664455,81.36239587065587,78.11732462044961,75.78872486213528,75.66520671707912,75.57684848867991,,,,,,,,,,,,,,,,,,,,,81.10841296421565,79.00450167151985,76.68651906789493,75.63397363891443,,,75.01318409613587,,,77.99836428881892,"rgba(38, 166, 154, 0.5)",3.339221503921883,78.23500013904288,0.6243969914868779,35.2503090819493,-10.852443566560801,False,True,False,True,True,11.385391604893286,0.0,0.0,0.0,0.0,0,1.0067667418526876,0.936999299992222,False,False,False,False,0.23236431151914894,0.2334424207224553,False,False,False,False,1578722.0,1157992.109619694,False,False,False,False,32615.78577326724,False,False,False,False
2025-05-23 16:00:00+00:00,80.32,80.545,80.26,80.465,3902.0,,,,,,,,,,,,,,,,,,,,81.03315984694815,81.35725535391285,78.1203718822282,75.79214675637448,75.66854552392265,75.58011274296157,,,,,,,,,,,,,,,,,,,,,81.10255406639487,79.00687336461728,76.69003273037477,75.63728911312872,,,75.01631357343027,,,77.99883413808635,"rgba(38, 166, 154, 0.5)",3.286190882087592,78.23566917301241,0.6783935891062369,36.748152250984546,-10.852443566560801,False,True,False,True,True,12.07309632150234,0.0,0.0,0.0,0.0,0,1.0124131470060116,0.9334061987664921,False,False,False,False,0.22958486940804787,0.23151364506525157,False,False,False,False,1582624.0,1164575.549780629,False,False,False,False,32170.61080003829,False,False,False,False
2025-05-23 17:00:00+00:00,80.47,80.83,80.425,80.72,7813.0,,,,,,,,,,,,,,,,,,,,81.02532151189503,81.34967765712632,78.12706944516216,75.79933017658115,75.6755464931444,75.58695207901813,,,,,,,,,,,,,,,,,,,,,81.09507529347033,79.01238239368253,76.69748994699226,75.64423921612259,,,75.0228407446021,,,78.0013084213195,"rgba(38, 166, 154, 0.5)",3.233004557446621,78.23896436589398,0.767408641101795,40.66186625225427,-13.94560410124928,False,True,False,True,True,13.270617438398027,0.0,0.0,0.0,0.0,0,1.0117656225650618,0.9284712482468441,False,False,False,False,0.2443403293381482,0.23792698720169989,False,False,False,False,1590437.0,1171178.0528848055,False,False,False,False,31792.973423293508,False,False,False,False
2025-05-23 18:00:00+00:00,80.715,80.76,80.44,80.53,6823.0,,,,,,,,,,,,,,,,,,,,81.01727507066416,81.34242730522774,78.13270172598436,75.80548090269166,75.6815443650237,75.59281379998697,,,,,,,,,,,,,,,,,,,,,81.08756386406621,79.01692616962796,76.70384555611297,75.65019433984634,,,75.02844608079522,,,78.00307730992321,"rgba(38, 166, 154, 0.5)",3.1802863461087014,78.24126660127332,0.7196626811692914,41.51789395890086,-13.012923910623279,False,True,False,True,True,12.011658375564139,0.0,0.0,0.0,0.0,0,1.0117582931007634,0.9298395888490886,False,False,False,False,0.242531400100808,0.24022919365125395,False,False,False,False,1583614.0,1177572.4086540332,False,False,False,False,31405.842052389733,False,False,False,False
2025-05-23 19:00:00+00:00,80.52,80.65,80.065,80.14,26676.0,,,,,,,,,,,,,,,,,,,,80.96929300720026,81.30502240789754,78.15187740594799,75.82791645004784,75.70346525363483,75.61426639686553,,,,,,,,,,,,,,,,,,,,80.28500000000001,81.04453653608589,79.03116540973583,76.7266391569619,75.6719695193817,,,75.04910680397278,,,78.21192286761449,"rgba(38, 166, 154, 0.5)",3.1224558652818226,78.37920017746121,0.5639150394780238,39.202283591233574,-13.012923910623279,False,True,False,True,False,9.487746985629244,0.0,0.0,0.0,0.0,0,1.0044151820294347,0.9328427575522847,False,False,True,False,0.22664572471997024,0.2334374591856121,False,False,False,False,1556938.0,1183454.0457291645,False,False,False,False,31332.511167856555,False,False,True,False
2025-05-26 14:00:00+00:00,80.14,80.14,80.14,80.14,0.0,,,,,,,,,,,,,,,,,,,,80.96929300720026,81.30502240789754,78.15187740594799,75.82791645004784,75.70346525363483,75.61426639686553,,,,,,,,,,,,,,,,,,,,80.28500000000001,81.04453653608589,79.03116540973583,76.7266391569619,75.6719695193817,,,75.04910680397278,,,78.21192286761449,"rgba(38, 166, 154, 0.5)",3.054814309981988,78.37920017746121,0.5764015890540882,37.658543346122045,-13.012923910623279,False,True,False,True,False,9.487746985629244,0.0,0.0,0.0,0.0,0,1.0045875126350987,0.9415286525153562,False,False,False,False,0.21249302348551782,0.22296524133556495,False,False,False,False,1556938.0,1189244.4946325882,False,False,False,False,30846.73580091304,False,False,True,False
2025-05-26 15:00:00+00:00,80.14,80.14,80.14,80.14,0.0,,,,,,,,,,,,,,,,,,,,80.96929300720026,81.30502240789754,78.15187740594799,75.82791645004784,75.70346525363483,75.61426639686553,,,,,,,,,,,,,,,,,,,,80.28500000000001,81.04453653608589,79.03116540973583,76.7266391569619,75.6719695193817,,,75.04910680397278,,,78.21192286761449,"rgba(38, 166, 154, 0.5)",2.988668256255325,78.37920017746121,0.5891586725470138,36.629383182714356,-8.958649744734629,False,True,False,True,False,9.487746985629244,0.0,0.0,0.0,0.0,1,1.0049996094055154,0.9417233028669633,False,False,False,False,0.21249302348551782,0.21772913241054137,False,False,False,False,1556938.0,1194945.1691344085,False,False,False,False,30368.49183500741,False,False,True,False
2025-05-26 16:00:00+00:00,80.14,80.14,80.14,80.14,0.0,,,,,,,,,,,,,,,,,,,,80.96929300720026,81.30502240789754,78.15187740594799,75.82791645004784,75.70346525363483,75.61426639686553,,,,,,,,,,,,,,,,,,,,80.28500000000001,81.04453653608589,79.03116540973583,76.7266391569619,75.6719695193817,,,75.04910680397278,,,78.21192286761449,"rgba(38, 166, 154, 0.5)",2.919445990576675,78.37920017746121,0.6031280688946663,35.94327640710923,-9.812800703784085,False,True,False,True,False,9.487746985629254,0.0,0.0,0.0,0.0,0,1.0126232741617358,0.9396449704142009,False,False,False,False,0.21249302348551782,0.21511107794802958,False,False,False,False,1556938.0,1200557.461085813,False,False,False,False,29897.662504232103,False,False,True,False
2025-05-26 17:00:00+00:00,80.14,80.14,80.14,80.14,0.0,,,,,,,,,,,,,,,,,,,,80.96929300720026,81.30502240789754,78.15187740594799,75.82791645004784,75.70346525363483,75.61426639686553,,,,,,,,,,,,,,,,,,,,80.28500000000001,81.04453653608589,79.03116540973583,76.7266391569619,75.6719695193817,,,75.04910680397278,,,78.21192286761449,"rgba(38, 166, 154, 0.5)",2.837556249393276,78.37920017746121,0.6205338917652394,35.48587189003915,-10.501769962115794,False,True,False,True,False,9.487746985629254,0.0,0.0,0.0,0.0,0,1.0201294033069737,0.9348190750059907,False,False,False,False,0.21249302348551782,0.21380205071677372,False,False,False,False,1556938.0,1206082.740758901,False,False,False,False,29434.1328530037,False,False,True,False
2025-05-26 18:00:00+00:00,80.14,80.14,80.14,80.14,0.0,,,,,,,,,,,,,,,,,,,,80.96929300720026,81.30502240789754,78.15187740594799,75.82791645004784,75.70346525363483,75.61426639686553,,,,,,,,,,,,,,,,,,,,80.28500000000001,81.04453653608589,79.03116540973583,76.7266391569619,75.6719695193817,,,75.04910680397278,,,78.21192286761449,"rgba(38, 166, 154, 0.5)",2.7689230726014005,78.37920017746121,0.6359150385801496,35.18093554532576,-11.084908432679086,False,True,False,True,False,9.487746985629254,0.0,0.0,0.0,0.0,0,1.0208216094541365,0.9277273092692336,False,False,False,False,0.21249302348551782,0.21314753710114576,False,False,True,False,1556938.0,1211522.3571812436,False,False,False,False,28977.78970799589,False,False,True,False
2025-05-26 19:00:00+00:00,80.14,80.14,80.14,80.14,0.0,,,,,,,,,,,,,,,,,,,,80.96929300720026,81.30502240789754,78.15187740594799,75.82791645004784,75.70346525363483,75.61426639686553,,,,,,,,,,,,,,,,,,,,80.28500000000001,81.04453653608589,79.03116540973583,76.7266391569619,75.6719695193817,,,75.04910680397278,,,78.21192286761449,"rgba(38, 166, 154, 0.5)",2.7020940944937366,78.37920017746121,0.6516426745193301,34.97764464885017,-11.595285840930863,False,True,False,True,False,9.487746985629265,0.0,0.0,0.0,0.0,0,1.0187135450421259,0.9306545690213868,False,False,False,False,0.21249302348551782,0.21282028029333178,False,False,True,False,1556938.0,1216877.6384652553,False,False,False,False,28528.52165050758,False,False,True,False
2025-05-27 14:00:00+00:00,80.98,81.5,80.86,81.27,15411.0,,,,,,,,,,,,,,,,,,,,80.97807245330651,81.30311945308962,78.16753711597698,75.84344428945515,75.71857195355075,75.62900737135473,,,,,,,,,,,,,,,,,,,,80.62370732055028,81.04950737808724,79.04520868542919,76.74306432035091,75.68696010185222,,,75.06306448162975,,,78.25347276754577,"rgba(38, 166, 154, 1.0)",2.616912469662741,78.41530298071096,1.0908645407069875,47.26564375813909,-7.056607515063249,False,False,False,False,True,15.2702839086557,0.0,0.0,0.0,0.0,0,1.0181107387904902,0.92077549066539,False,False,False,False,0.2810350545255473,0.24692766740943953,False,False,False,False,1572349.0,1222388.8223650188,False,False,False,False,28325.14922181754,False,False,False,False
2025-05-27 15:00:00+00:00,81.27,81.325,81.045,81.32,7974.0,,,,,,,,,,,,,,,,,,,,80.98273882943593,81.30236955242103,78.17562986180403,75.8514734348869,75.72638435812334,75.6366314612776,,,,,,,,,,,,,,,,,,,,80.72028105711033,81.05227007859253,79.0524706410511,76.75155375521537,75.69471272622609,,,75.0702851185128,,,78.26786506874038,"rgba(38, 166, 154, 1.0)",2.530369390475384,78.42865149833509,1.1426586618334433,55.71645436729487,0.1490957557956918,True,False,True,False,True,15.507380035407657,0.0,0.0,0.0,0.0,0,1.0206984735874693,0.9234396227922957,False,False,False,False,0.2813703833277853,0.2641490253686124,False,False,False,False,1580323.0,1227938.1894601346,False,False,False,False,28009.62752845603,False,False,False,False
2025-05-27 16:00:00+00:00,81.3,81.5,81.21,81.235,7720.0,,,,,,,,,,,,,,,,,,,,80.98859219553084,81.30249372900558,78.18364108781859,75.85934653935085,75.73404332697989,75.6441048177461,,,,,,,,,,,,,,,,,,,,80.79974022602586,81.05610658934157,79.05972808367191,76.75989763707922,75.70231270978788,,,75.0773559055693,,,78.28090972203076,"rgba(38, 166, 154, 1.0)",2.4312664886312425,78.44104229955352,1.1491778928847203,60.137769083568735,3.554104648392155,True,False,True,False,True,14.88842284138207,0.0,0.0,0.0,0.0,0,1.0212152749979988,0.9229044912336881,False,False,False,False,0.29280886653614446,0.27847894595237843,False,False,False,False,1572603.0,1233281.8299336208,False,False,False,False,27695.059659797793,False,False,False,False
2025-05-27 17:00:00+00:00,81.235,81.3,80.835,80.96,14111.0,,,,,,,,,,,,,,,,,,,,80.98993595752364,81.29771273383874,78.19686377792061,75.8729345669803,75.74728067800434,75.65703430720195,,,,,,,,,,,,,,,,,,,,80.8452628711586,81.05547121835167,79.07122243247944,76.77412663902182,75.71545276157849,,,75.08965375655913,,,78.2930270858236,"rgba(38, 166, 154, 1.0)",2.321941401904119,78.45352805379169,1.079472524221698,59.53951946008379,3.554104648392155,True,False,True,False,True,12.903826909865536,0.0,0.0,0.0,0.0,0,1.0174107499401008,0.9226898809999202,False,False,False,False,0.2735062620958086,0.27599260402409354,False,False,False,False,1558492.0,1238323.8480741847,False,False,False,False,27484.454083676897,False,False,False,False
2025-05-27 18:00:00+00:00,80.97,81.055,80.79,80.795,12740.0,,,,,,,,,,,,,,,,,,,,80.98692440206135,81.29115961071159,78.20806366582372,75.8847823495875,75.75883383068319,75.66832649116252,,,,,,,,,,,,,,,,,,,,80.85049199278446,81.0514471127768,79.0806915225993,76.78643725442257,75.72692374670468,,,75.10043092880007,,,78.29946199811978,"rgba(38, 166, 154, 1.0)",2.205539508266663,78.46072552460608,1.0583689236328557,57.30720919967477,3.554104648392155,True,False,True,False,False,11.731442377950817,0.0,0.0,0.0,0.0,0,1.0264299485861186,0.92159383033419,False,False,False,False,0.26384679080221923,0.26991969741315636,False,False,False,False,1545752.0,1243090.176011019,False,False,False,False,27255.85789633307,False,False,False,False
2025-05-27 19:00:00+00:00,80.79,80.875,80.57,80.65,35003.0,,,,,,,,,,,,,,,,,,,,80.96672424492692,81.26666295786049,78.23629951206647,75.91587379797834,75.78919330566349,75.6980289942382,,,,,,,,,,,,,,,,,,,,80.80597316838718,81.03051672703607,79.10362865882382,76.81839928750269,75.75707751830524,,,75.12891134000539,,,78.30803437934445,"rgba(38, 166, 154, 1.0)",2.0573074373789058,78.47154819784727,1.0588849107200882,54.317226179001935,3.554104648392155,True,False,True,False,False,10.706419329416317,0.0,0.0,0.0,0.0,0,1.0227145035717153,0.9186130508066458,False,False,False,False,0.25060152039404604,0.2602606089036012,False,False,False,False,1510749.0,1247239.9252201503,False,False,False,False,27375.96862662248,False,False,False,False
2025-05-28 14:00:00+00:00,81.06,81.6,81.025,81.335,23548.0,,,,,,,,,,,,,,,,,,,,80.9826115708372,81.26810556749453,78.25964350847681,75.93925498464425,75.81196820721429,75.72027438199592,,,,,,,,,,,,,,,,,,,,80.89051046562791,81.04161750089702,79.12457098832925,76.84300762088893,75.77968464354556,,,75.150029340262,,,78.33284085817742,"rgba(38, 166, 154, 1.0)",1.9113771696573645,78.673060184126,1.3926816005399787,57.693861687473266,3.554104648392155,True,False,True,False,False,14.171857164880002,0.0,0.0,0.0,0.0,0,1.0235920247835415,0.9076971959647312,False,False,False,False,0.2899423613153431,0.2751014851094722,False,False,False,False,1534297.0,1251690.4225035587,False,False,False,False,27316.62027582213,False,False,False,False
2025-05-28 15:00:00+00:00,81.335,81.47,81.04,81.075,39656.0,,,,,,,,,,,,,,,,,,,,80.99756420612478,81.26492077590181,78.29659373933632,75.97727194462172,75.8490404258363,75.7565140548138,,,,,,,,,,,,,,,,,,,,80.9565512828226,81.05092178533097,79.157000573902,76.88270651601349,75.81649405418045,,,75.18455541794567,,,78.36414357808039,"rgba(38, 166, 154, 1.0)",1.7375469453773456,78.69834622404419,1.367821331261743,57.42063511005668,3.554104648392155,True,False,True,False,False,12.348372902048173,0.0,0.0,0.0,0.0,0,1.023803856224709,0.9108148853447592,False,False,False,False,0.28607150414754584,0.28058649462850904,False,False,False,False,1494641.0,1255457.0981236587,False,False,False,False,27507.92848860008,False,False,False,False
2025-05-28 16:00:00+00:00,81.1,81.28,81.05,81.085,17341.0,,,,,,,,,,,,,,,,,,,,81.00176848059597,81.26255436087168,78.31215059332173,75.99354525176231,75.86492145189804,75.77204725586763,,,,,,,,,,,,,,,,,,,,80.97229852299597,81.05318055133348,79.17047900161046,76.89961443437798,75.83226555913303,,,75.19938836952815,,,78.37589322397892,"rgba(0, 255, 255, 0.75)",1.5260094930818013,78.70833601761188,1.5574372198618485,57.31120412386701,3.554104648392155,True,False,True,False,False,12.398613955046041,0.0,0.0,0.0,0.0,0,1.029714012586633,0.9126105313470885,False,False,False,False,0.28002943721716594,0.28030796592283747,False,False,False,False,1511982.0,1259434.2283853074,False,False,False,False,27350.301690327207,False,False,False,False
2025-05-28 17:00:00+00:00,81.085,81.195,81.03,81.105,11102.0,,,,,,,,,,,,,,,,,,,,81.00379914768247,81.26075015890264,78.32192227830996,76.00385284348387,75.8749844178699,75.78189262280237,,,,,,,,,,,,,,,,,,,,80.97953416918304,81.05410525063351,79.17888938992813,76.91029691901531,75.84226009866256,,,75.2088008113988,,,78.38293520877033,"rgba(0, 255, 255, 0.75)",1.4500110841462477,78.714328210767,1.6487265617287434,57.39921051650391,3.554104648392155,True,False,True,False,False,12.500897102200145,0.0,0.0,0.0,0.0,0,1.0308503836317138,0.9134430946291563,False,False,False,False,0.27643758890095727,0.27837277741189737,False,False,False,False,1523084.0,1263521.8217436746,False,False,False,False,27098.390036213605,False,False,False,False
2025-05-28 18:00:00+00:00,81.105,81.28,80.84,81.025,13624.0,,,,,,,,,,,,,,,,,,,,81.00480144347678,81.25771140773286,78.33355770933544,76.01629327864272,75.88713586203,75.79378574616256,,,,,,,,,,,,,,,,,,,,80.98370177614943,81.05399223485992,79.18878477043668,76.92314085221753,75.85433047614154,,,75.22019028095472,,,78.39065777792595,"rgba(0, 255, 255, 0.75)",1.3552188513808379,78.72054936923058,1.7004269298802992,56.53280582959651,3.554104648392155,True,False,True,False,False,11.921228331013978,0.0,0.0,0.0,0.0,0,1.027203829278022,0.9120861587554849,False,False,False,False,0.272093133075756,0.2752329552438267,False,False,False,False,1509460.0,1267334.8167554005,False,False,False,False,26889.484764334324,False,False,False,False
2025-05-28 19:00:00+00:00,81.025,81.14,80.6,80.735,33137.0,,,,,,,,,,,,,,,,,,,,80.9954697947159,81.24316154586903,78.35915333569572,76.04496532729762,75.91518566067094,75.82126982335853,,,,,,,,,,,,,,,,,,,,80.96332183654144,81.04358242596432,79.20958237996874,76.95237682327368,75.88220399625247,,,75.24665330501325,,,78.40275208632802,"rgba(0, 255, 255, 0.75)",1.2574411203607345,78.72707839047197,1.596831515221956,52.954357834177245,8.67981250564386,True,False,True,False,False,9.842196039829709,0.0,0.0,0.0,0.0,0,1.0205790859057193,0.9203956289383427,False,False,False,False,0.2592870502905584,0.26726000276719253,False,False,False,False,1476323.0,1270574.9436274099,False,False,False,False,26986.345465662474,False,False,False,False
2025-05-29 14:00:00+00:00,81.48,81.53,80.98,81.35,17429.0,,,,,,,,,,,,,,,,,,,,81.00320754879989,81.24391758897355,78.37488710237442,76.0613524282608,75.93118670367562,75.83692807616323,,,,,,,,,,,,,,,,,,,,80.98377973078932,81.04925886872606,79.22337645517642,76.96939115836024,75.89809713599334,,,75.26161561375211,,,78.41594389066299,"rgba(0, 255, 0, 1.0)",1.1575402508921018,78.7408941988299,2.2540087043705674,55.6560962808873,8.67981250564386,True,False,True,False,False,13.048735559741768,0.0,0.0,0.0,0.0,0,1.016520433167339,0.9122599004031303,False,False,False,False,0.28532746441390333,0.27629373359054793,False,False,False,False,1493752.0,1274035.0530285353,False,False,False,False,26838.16956697003,False,False,False,False
2025-05-29 15:00:00+00:00,81.36,81.36,80.685,80.72,8739.0,,,,,,,,,,,,,,,,,,,,81.00213542536487,81.24113389327168,78.38173166492241,76.06895924991333,75.93862952583001,75.84422191352161,,,,,,,,,,,,,,,,,,,,80.98186986077243,81.04778221938524,79.22901277854805,76.97715505133908,75.90549351180388,,,75.2686371353526,,,78.41982955406115,"rgba(0, 255, 255, 0.75)",1.0474912629463258,78.7439678170953,1.8864426394799976,52.47077703725252,8.14196235212087,True,False,False,False,False,8.741012983996452,0.0,0.0,0.0,0.0,1,1.0125588697017271,0.9148351648351649,False,False,False,False,0.2695588319968995,0.2729262827937237,False,False,False,False,1485013.0,1277306.0289505734,False,False,False,False,26557.56228686197,False,False,False,False
2025-05-29 16:00:00+00:00,80.72,81.135,80.615,81.01,6454.0,,,,,,,,,,,,,,,,,,,,81.00134552867941,81.23909816821252,78.38675969597291,76.07455991153991,75.94411019139058,75.8495934366523,,,,,,,,,,,,,,,,,,,,80.98049608656011,81.04669930357953,79.23314732970728,76.98286693881826,75.9109401683798,,,75.27381002954914,,,78.42269243268113,"rgba(0, 255, 0, 1.0)",0.9196094549060055,78.7462635041257,2.4616281224573657,52.370075670984676,7.847264559303419,True,False,False,False,False,10.229460380327023,0.0,0.0,0.0,0.0,1,1.0217837411207578,0.9177584846093133,False,False,False,False,0.2563012312582096,0.2646137570259667,False,False,False,False,1491467.0,1280626.3540831225,False,False,False,False,26245.87915063155,False,False,False,False
2025-05-29 17:00:00+00:00,81.07,81.225,81.0,81.015,11183.0,,,,,,,,,,,,,,,,,,,,81.00263471379061,81.23736961314661,78.39597218101409,76.08455319288977,75.9538826169284,75.859166788192,,,,,,,,,,,,,,,,,,,,80.98418255214544,81.04718122474368,79.24093869586537,76.9931255979504,75.92065032248702,,,75.28300420424493,,,78.42905977265032,"rgba(0, 255, 0, 1.0)",0.8610097152371269,78.752222043856,2.6280515958183175,52.33768419971979,7.474866966640526,True,False,True,False,False,10.255048627576855,0.0,0.0,0.0,0.0,1,1.0171568627450984,0.9184851359898801,False,False,False,False,0.2720778556835417,0.2683458063547542,False,False,False,False,1502650.0,1284068.5811516012,False,False,False,False,26012.34614054424,False,False,False,False
2025-05-29 18:00:00+00:00,81.02,81.25,80.935,81.105,11149.0,,,,,,,,,,,,,,,,,,,,81.00414655302949,81.2358618956312,78.40515077648081,76.09450955688881,75.9636199377926,75.86870656937522,,,,,,,,,,,,,,,,,,,,80.98818925314512,81.04788503660576,79.2487110127454,77.00334355679104,75.93032586232732,,,75.29216775595124,,,78.43549545552844,"rgba(0, 255, 0, 1.0)",0.8071418933737992,78.75830036198312,2.9074189523329523,52.98843002565444,7.474866966640526,True,False,True,False,False,10.72146674408296,0.0,0.0,0.0,0.0,1,1.0139262541541387,0.9207153030542807,False,False,False,False,0.27065254113202714,0.26949917374339066,False,False,False,False,1513799.0,1287630.2930717312,False,False,False,False,25781.90666549704,False,False,False,False
2025-05-29 19:00:00+00:00,81.125,81.22,81.0,81.2,84399.0,,,,,,,,,,,,,,,,,,,,81.01888735257137,81.2286692110195,78.47374750930842,76.16925805548465,76.03676552011768,75.9404010332743,,,,,,,,,,,,,,,,,,,,81.02043083389532,81.05683871900237,79.30683288922839,77.07987608125984,76.0030182567279,,,75.36112167541994,,,78.48497504198997,"rgba(0, 255, 0, 1.0)",0.7638550756390889,78.8055255897292,3.1347234398716743,54.15038155060198,7.474866966640526,True,False,True,False,False,11.21638520111264,0.0,0.0,0.0,0.0,1,1.015466370558376,0.9206059644670053,False,False,False,False,0.2715137347910271,0.2705064542672089,False,False,False,False,1598198.0,1292445.2962799214,False,False,False,False,26690.69881021802,False,False,False,False
2025-05-30 14:00:00+00:00,81.325,81.675,81.27,81.545,13679.0,,,,,,,,,,,,,,,,,,,,81.0271443783404,81.23188911715737,78.48598667146555,76.18201922842319,76.04924137393999,75.95262218635406,,,,,,,,,,,,,,,,,,,,81.03627813659307,81.06366026585152,79.31768594836208,77.0930805256052,76.01541407724912,,,75.3728248871381,,,78.49591108266742,"rgba(0, 255, 0, 1.0)",0.7093751024944965,78.81686379247111,3.8458302214660214,57.294924992520194,7.474866966640526,True,False,True,False,True,12.985794440227288,0.0,0.0,0.0,0.0,1,1.0181472382914656,0.9152072271970839,False,False,False,False,0.2973279507503905,0.2839172025087997,False,False,False,False,1611877.0,1297397.7257949612,False,False,False,False,26488.967045718513,False,False,False,False
2025-05-30 15:00:00+00:00,81.555,81.955,81.545,81.645,8428.0,,,,,,,,,,,,,,,,,,,,81.03439147178771,81.23543910187388,78.49402162080608,76.19017309197191,76.057206685237,75.96042071979518,,,,,,,,,,,,,,,,,,,,81.04991395770709,81.06982546963029,79.32498408498601,77.1015783284475,76.02332677457514,,,75.38026963901376,,,78.50375284607435,"rgba(0, 255, 0, 1.0)",0.6533092958462299,78.82521087931087,4.316162556720791,60.00515348122465,5.532746956749428,True,False,True,False,True,13.49047475648739,0.0,0.0,0.0,0.0,1,1.0229802798982193,0.9133269720101781,False,False,False,False,0.3162833225879809,0.3001002625483903,False,False,False,False,1620305.0,1302404.0401237214,False,False,False,False,26208.952052761637,False,False,False,False
2025-05-30 16:00:00+00:00,81.65,81.81,81.28,81.44,13523.0,,,,,,,,,,,,,,,,,,,,81.04229797303057,81.23863855918646,78.50601549569883,76.20272253907895,76.0694792033168,75.97244551649197,,,,,,,,,,,,,,,,,,,,81.06428201770794,81.07641063978235,79.33560529414682,77.11454524187945,76.03552151394594,,,75.39179314617465,,,78.5143603631151,"rgba(0, 255, 0, 1.0)",0.5817483202478438,78.83608202262289,4.476021479989412,59.53411471857759,5.532746956749428,True,False,True,False,True,12.009258616821686,0.0,0.0,0.0,0.0,1,1.0107698444355808,0.9251695253290787,False,False,False,False,0.299989414074625,0.30004483831150763,False,False,False,False,1606782.0,1307123.0782613382,False,False,False,False,26012.27062558704,False,False,False,False
2025-05-30 17:00:00+00:00,81.445,81.83,81.4,81.71,17342.0,,,,,,,,,,,,,,,,,,,,81.05491338732106,81.24464630864811,78.5219510773002,76.21914185435365,76.08553028570564,75.98816886237007,,,,,,,,,,,,,,,,,,,,81.08670748883874,81.08714521751277,79.34992249486778,77.13157647316906,76.0514694673837,,,75.40683641492484,,,78.52919753795192,"rgba(0, 255, 0, 1.0)",0.5836652209042235,78.85149938625227,4.897500333015024,61.069923351472724,6.775827515916532,True,False,True,False,True,13.395123309441036,0.0,0.0,0.0,0.0,0,1.0064660333679258,0.9267981160692905,False,False,False,False,0.3054796618600616,0.3027622500857846,False,False,False,False,1624124.0,1312037.8212340304,False,False,False,False,25877.84782519034,False,False,False,False
2025-05-30 18:00:00+00:00,81.705,81.985,81.705,81.935,11164.0,,,,,,,,,,,,,,,,,,,,81.06578722717754,81.25056505295858,78.5328678052111,76.23010204539203,76.09623671448372,75.99865141149232,,,,,,,,,,,,,,,,,,,,81.10577550057921,81.09657823624632,79.35995278334028,77.14302389531773,76.0621051793245,,,75.4168353429342,,,78.54014962286575,"rgba(0, 255, 0, 1.0)",0.5904911454000675,78.86311291184522,5.2022576664947735,63.427964852291346,9.122749424491907,True,False,True,False,True,14.526486361779689,0.0,0.0,0.0,0.0,0,1.0110188438198662,0.92183008623443,False,False,False,False,0.32364752105898076,0.3132048855723827,False,False,False,False,1635288.0,1317049.4519125726,False,False,False,False,25649.72615348196,False,False,False,False
2025-05-30 19:00:00+00:00,81.935,82.085,81.62,81.635,34879.0,,,,,,,,,,,,,,,,,,,,81.09419693888762,81.26565352435753,78.56556432527289,76.2635005782814,76.12888677958581,76.03063662712712,,,,,,,,,,,,,,,,,,,,81.15314809368311,81.12122094812369,79.38961818169889,77.17772414809397,76.09454583098761,,,75.44741955940277,,,78.57133599782725,"rgba(0, 255, 0, 1.0)",0.5926752069253411,78.89544777698679,4.622349966730293,61.74231718453472,9.122749424491907,True,False,True,False,True,12.344092670070982,0.0,0.0,0.0,0.0,0,1.010302691478317,0.9225301493490936,False,False,False,False,0.32424338242210665,0.31872413399724464,False,False,False,False,1600409.0,1321442.6232007497,False,False,False,False,25792.81567048224,False,False,False,False
2025-06-02 14:00:00+00:00,80.855,80.98,80.45,80.565,26987.0,,,,,,,,,,,,,,,,,,,,81.08138185098478,81.25269442574601,78.5817945394989,76.28389991986238,76.14895905116983,76.05039020163404,,,,,,,,,,,,,,,,,,,,81.12797861920245,81.1088382577655,79.40160095856469,77.19779969093152,76.11452148739791,,,75.46675133885745,,,78.57725990934165,"rgba(0, 255, 0, 1.0)",0.5967155372834901,78.89829163262931,2.793137203965349,53.51158250320592,8.473219083945246,True,False,False,False,False,5.2264590493288665,0.0,0.0,0.0,0.0,0,1.0029921259842525,0.9262992125984252,False,False,False,False,0.23569217784243757,0.2772081559198411,False,False,False,False,1573422.0,1325349.2802053893,False,False,False,False,25811.330156211196,False,False,False,False
2025-06-02 15:00:00+00:00,80.565,80.635,80.3,80.58,10990.0,,,,,,,,,,,,,,,,,,,,81.07445765278499,81.2461823578236,78.58783020746533,76.29185171767415,76.15679453429348,76.05810909728567,,,,,,,,,,,,,,,,,,,80.50499999999998,81.11516670159757,81.10223695658809,79.40580662125635,77.20553482111934,76.1223220216109,,,75.47434184208198,,,78.7392743907916,"rgba(0, 255, 0, 1.0)",0.600584227579698,78.9929079616693,2.6425802834125993,48.144610281651936,3.8623656384310223,False,False,False,True,False,5.307698747680117,0.0,0.0,0.0,0.0,0,1.0003149110376321,0.9326090379467801,False,False,False,False,0.2097119002991309,0.243460028109486,False,False,False,False,1584412.0,1329365.7564812745,False,False,False,False,25581.542091773812,False,False,False,False
2025-06-02 16:00:00+00:00,80.61,80.845,80.455,80.83,14938.0,,,,,,,,,,,,,,,,,,,,81.06860211480192,81.2399091316605,78.59684438071211,76.30313574464391,76.16789970677178,76.06903980064759,,,,,,,,,,,,,,,,,,,80.62310745140388,81.10414887213298,81.09649385787279,79.41252855776197,77.21664050152003,76.13337432112601,,,75.48504146769388,,,78.75264370342128,"rgba(0, 255, 0, 1.0)",0.6010825444382073,79.00210476402954,3.0410053542294655,46.58989235537136,2.7183253071727833,False,True,False,True,False,6.660921621232852,0.0,0.0,0.0,0.0,0,1.0024154589371983,0.9444444444444446,False,False,False,False,0.22429041009007283,0.23387521909977943,False,False,False,False,1599350.0,1333551.5587063709,False,False,False,False,25416.525935312202,False,False,False,False
2025-06-02 17:00:00+00:00,80.84,80.975,80.745,80.925,11238.0,,,,,,,,,,,,,,,,,,,,81.06636962160196,81.23678343964707,78.60412233267101,76.31191611620335,76.17653300210414,76.07753219817268,,,,,,,,,,,,,,,,,,,80.70128881235537,81.09968862312479,81.09415326495133,79.41820310090519,77.22535741861849,76.14196460143324,,,75.49332563660974,,,78.76282604431573,"rgba(0, 255, 0, 1.0)",0.5896198576876904,79.00967022802747,3.2484146302057453,46.303385799876686,2.4781657499698184,False,True,False,True,False,7.171607174661698,0.0,0.0,0.0,0.0,0,1.001543711407215,0.9482450438739034,False,False,False,False,0.24118292188089233,0.2375290704903359,False,False,False,False,1610588.0,1337846.6973310784,False,False,False,False,25196.70382778798,False,False,False,False
2025-06-02 18:00:00+00:00,80.93,81.53,80.855,81.53,16134.0,,,,,,,,,,,,,,,,,,,,81.07039210380415,81.23762736815257,78.61641746356356,76.32562539371416,76.18998257929398,76.09074191997975,,,,,,,,,,,,,,,,,,,80.88403320825516,81.1054325198515,81.09740051648511,79.42860816684609,77.23924033042067,76.1553398382477,,,75.50610546211588,,,78.7867367840512,"rgba(0, 255, 0, 1.0)",0.5811000363580477,79.02888891644389,4.3040972759723575,50.12674134010241,2.4781657499698184,False,False,False,False,True,10.312895914706289,0.0,0.0,0.0,0.0,0,0.9952292391040675,0.9409719414571037,False,False,False,False,0.2682124355693819,0.2528707530298589,False,False,False,False,1626722.0,1342325.3841941624,False,False,False,False,25056.196791698243,False,False,False,False
2025-06-02 19:00:00+00:00,81.53,81.66,81.385,81.41,19584.0,,,,,,,,,,,,,,,,,,,,81.07870531643326,81.24128713685322,78.63218129433768,76.34276327456311,76.2067848317171,76.10723733643671,,,,,,,,,,,,,,,,,,,81.04551355578728,81.11789885210911,81.10451343324796,79.44228191149948,77.25670590922314,76.17204657901195,,,75.52202191225943,,,78.81232661926833,"rgba(0, 255, 0, 1.0)",0.5694783846940089,79.05061000696753,4.14307207515911,51.76703719586462,2.4781657499698184,False,False,True,False,True,9.520651903954484,0.0,0.0,0.0,0.0,0,1.0028372243839174,0.9404993514915696,False,False,False,False,0.2954225977471222,0.2741466753884906,False,False,False,False,1607138.0,1346431.0061446405,False,False,False,False,24971.356531361835,False,False,False,False
2025-06-03 14:00:00+00:00,81.73,82.1,81.67,81.995,13221.0,,,,,,,,,,,,,,,,,,,,81.08996335303488,81.24801535483851,78.64433971285,76.35524570082511,76.21900116617903,76.11921593278211,,,,,,,,,,,,,,,,,,,81.18004256431101,81.13533373639395,81.11451305644184,79.4533620008867,77.26962506306799,76.18418818654108,,,75.53350250452195,,,78.83440381901268,"rgba(0, 255, 0, 1.0)",0.568844545653893,79.07001591914683,5.141974381578851,55.94081156352779,-0.5884284005009661,True,False,True,False,True,12.411895118279201,0.0,0.0,0.0,0.0,0,1.0026619343389531,0.9296604017100915,False,False,False,False,0.32581247597193885,0.2999795756802147,False,False,False,False,1620359.0,1350677.951785809,False,False,False,False,24789.18046110816,False,False,False,False
2025-06-03 15:00:00+00:00,81.965,82.55,81.96,82.53,9890.0,,,,,,,,,,,,,,,,,,,,81.1023942496282,81.2560828709551,78.65454809114792,76.36525689098573,76.2287840475202,76.1287982897345,,,,,,,,,,,,,,,,,,,81.30023541156656,81.15467538649396,81.12568990882237,79.46300197977882,77.28012121249502,76.19390757496338,,,75.54263326288324,,,78.85445799284098,"rgba(0, 255, 0, 1.0)",0.5798505709989032,79.08798225405344,5.936042694615313,60.80144664761198,3.936329522227311,True,False,True,False,True,14.888790077633153,0.0,0.0,0.0,0.0,0,1.0078727506426737,0.9213528277634965,False,False,False,False,0.34282824602504997,0.3214039108526323,False,False,False,False,1630249.0,1355012.3866418428,False,False,False,False,24558.185415199507,False,False,False,False
2025-06-03 16:00:00+00:00,82.54,82.61,82.385,82.505,10550.0,,,,,,,,,,,,,,,,,,,,81.11698749778552,81.26575092217352,78.66582551821789,76.37617217438005,76.23944609625532,76.1392389338982,,,,,,,,,,,,,,,,,,,81.41903513382451,81.1772062736893,81.13886074621269,79.4737577563716,77.29160748609043,76.20449937960402,,,75.55256530694142,,,78.87569899320859,"rgba(0, 255, 0, 1.0)",0.600094497065655,79.10733543915524,5.661882549262952,63.828093101424976,6.719954632406605,True,False,True,False,True,14.719487829779322,0.0,0.0,0.0,0.0,0,1.0173625131228299,0.9208592425098928,False,False,False,False,0.34282824624937835,0.33211607855100533,False,False,False,False,1619699.0,1359116.0550660002,False,False,False,False,24341.004245971606,False,False,False,False
2025-06-03 17:00:00+00:00,82.51,82.6,82.175,82.23,8212.0,,,,,,,,,,,,,,,,,,,,81.12680723802345,81.27218080950323,78.67418226476568,76.3844134585815,76.24750218434859,76.14713195864117,,,,,,,,,,,,,,,,,,,81.48458149248701,81.19210516515056,81.14771759369049,79.48162373549611,77.30023120815386,76.2125038873515,,,75.56009354813493,,,78.88924841634945,"rgba(0, 255, 0, 1.0)",0.612941423948709,79.11990249713351,5.074053378266613,63.4895943727805,6.719954632406605,True,False,True,False,True,12.86200457815703,0.0,0.0,0.0,0.0,0,1.0113618049959712,0.9195809830781632,False,False,False,False,0.33387193792372166,0.33299400823736347,False,False,False,False,1611487.0,1363028.7828944344,False,False,False,False,24090.94216463871,False,False,False,False
2025-06-03 18:00:00+00:00,82.23,82.31,81.91,82.25,25473.0,,,,,,,,,,,,,,,,,,,,81.15193362775918,81.28837727054456,78.69861273259978,76.40907109306917,76.27162852564743,76.170786144343,,,,,,,,,,,,,,,,,,,81.60666682117473,81.22912933400438,81.17037111158514,79.50424267626639,77.32585381715316,76.23648145567535,,,75.58272772603218,,,78.92192955081852,"rgba(0, 255, 0, 1.0)",0.6251730427141112,79.15092542038362,4.957146850353843,63.365677143659894,6.719954632406605,True,False,True,False,True,12.957328047430721,0.0,0.0,0.0,0.0,0,1.007720765642593,0.9235965899951748,False,False,False,False,0.311501706824605,0.3222478575309842,False,False,False,False,1636960.0,1367275.7785084744,False,False,False,False,24112.369417900125,False,False,False,False
2025-06-03 19:00:00+00:00,82.26,82.34,82.04,82.2,52682.0,,,,,,,,,,,,,,,,,,,,81.2019569870806,81.32139866007094,78.74859103494168,76.45972537802761,76.32121263543158,76.21941661540961,,,,,,,,,,,,,,,,,,,81.76687855084182,81.30004303769782,81.21576483075953,79.55045950014494,77.37839245935903,76.28576538512077,,,75.62930764990192,,,78.98080042290717,"rgba(0, 255, 0, 1.0)",0.6326842430110302,79.20817902412361,4.7287742802601045,62.808315478268824,6.719954632406605,True,False,True,False,True,12.614455825270024,0.0,0.0,0.0,0.0,0,1.0133472702420199,0.9196751628206161,False,False,False,False,0.3179189653350981,0.3200834114330412,False,False,False,False,1584278.0,1370640.1540354746,False,False,False,False,24555.30942692493,False,False,False,False
2025-06-04 14:00:00+00:00,82.19,82.58,82.095,82.495,19292.0,,,,,,,,,,,,,,,,,,,,81.22249363971423,81.33548939999774,78.76756180775868,76.47868228662071,76.33976430749424,76.2376088982511,,,,,,,,,,,,,,,,,,,81.82352809089366,81.32862840004965,81.23454094550235,79.56821909045304,77.39812366077135,76.30420368771604,,,75.6467074607343,,,79.00323701793523,"rgba(0, 255, 0, 1.0)",0.6458132801327992,79.230202600596,5.055327135317905,64.1000623894972,8.229371918328816,True,False,True,False,True,14.044981566579509,0.0,0.0,0.0,0.0,0,1.0161006087792375,0.9136494713232941,False,False,False,False,0.3298179801248632,0.3249506957789522,False,False,False,False,1603570.0,1374251.469476785,False,False,False,False,24473.707730383456,False,False,False,False
2025-06-04 15:00:00+00:00,82.495,82.65,82.245,82.45,12627.0,,,,,,,,,,,,,,,,,,,,81.23620776249034,81.34501172795042,78.78007012775089,76.49114627041213,76.35196193822391,76.24957048853358,,,,,,,,,,,,,,,,,,,81.85861851790901,81.34752437199484,81.24711271335318,79.57996112378748,77.41110415156975,76.31632683146006,,,75.65814567052125,,,79.0178846687863,"rgba(0, 255, 0, 1.0)",0.6564057331327797,79.24463160378303,4.8832120659869025,64.47519494944893,9.052363397168406,True,False,True,False,True,13.728288732181419,0.0,0.0,0.0,0.0,0,1.026474611732518,0.9113221211877366,False,False,False,False,0.3387507099339738,0.331850702856463,False,False,False,False,1590943.0,1377611.0280895482,False,False,False,False,24290.03784309069,False,False,False,False
2025-06-04 16:00:00+00:00,82.45,82.715,82.4,82.69,7570.0,,,,,,,,,,,,,,,,,,,,81.24530491731332,81.35142527733639,78.78784005167508,76.49878530640997,76.35943453605529,76.25689634266183,,,,,,,,,,,,,,,,,,,81.8828218323788,81.36008572384985,81.2554717377452,79.58732864245795,77.4190900381079,76.32375301913096,,,75.66513898632788,,,79.02735311876023,"rgba(0, 255, 0, 1.0)",0.6774999617721761,79.25396215698726,5.071642858879131,66.06966059200222,10.990925445645807,True,False,True,False,True,14.891706886653143,0.0,0.0,0.0,0.0,0,1.0397082658022692,0.8995137763371153,False,False,False,False,0.3428282463030433,0.33733947457975316,False,False,False,False,1598513.0,1381035.8648633535,False,False,False,False,24030.812450174555,False,False,False,False
2025-06-04 17:00:00+00:00,82.69,82.81,82.55,82.71,4886.0,,,,,,,,,,,,,,,,,,,,81.25149073617247,81.35582023134583,78.79295410244917,76.50377694940181,76.3643163043828,76.26168149943767,,,,,,,,,,,,,,,,,,,81.89944251757014,81.36862797347128,81.26116288196502,79.59220369773061,77.42431906448884,76.32860419654257,,,75.66970267990163,,,79.03370001291317,"rgba(0, 255, 0, 1.0)",0.6995874138037789,79.26022019598012,4.931163334204105,67.24285712007747,12.470173426559228,True,False,True,False,True,14.988602083228251,0.0,0.0,0.0,0.0,0,1.0417310664605872,0.8966891726999109,False,False,False,False,0.34282824641044823,0.3400838604951007,False,False,False,False,1603399.0,1384483.3553305883,False,False,False,False,23733.99365249743,False,True,False,False
2025-06-04 18:00:00+00:00,82.72,82.74,82.46,82.48,9985.0,,,,,,,,,,,,,,,,,,,,81.2628410742809,81.36384612449311,78.80301632417869,76.51373900929836,76.37406473351302,76.27124099949827,,,,,,,,,,,,,,,,,,,81.92611624715563,81.38406369782138,81.27160847134454,79.60170274796111,77.43470984804635,76.3382929485373,,,75.67883823863326,,,79.04543685217739,"rgba(0, 255, 0, 1.0)",0.714181715339758,79.27183041216436,4.492091464858376,65.19135754096366,12.470173426559228,True,False,True,False,True,13.317940257545551,0.0,0.0,0.0,0.0,0,1.0360205831903944,0.9023932042799971,False,False,False,False,0.3364377078229087,0.33826078415900473,False,False,False,False,1593414.0,1387722.5901316642,False,False,False,False,23520.83096021065,False,False,False,False
2025-06-04 19:00:00+00:00,82.48,82.525,82.0,82.015,30390.0,,,,,,,,,,,,,,,,,,,,81.28643185458913,81.38007300474277,78.8302488638794,76.54196554911339,76.40173577014177,76.29841088909743,,,,,,,,,,,,,,,,,,,81.95390372707344,81.41425931890245,81.29331206687445,79.62657708288093,77.46375204888285,76.36580700197761,,,75.70496717653967,,,79.07137309817963,"rgba(0, 255, 0, 1.0)",0.7190899341086989,79.29767726045367,3.7788357348019526,59.39618105066424,14.266866534038456,True,False,True,False,False,10.060127538439453,0.0,0.0,0.0,0.0,0,1.0316124816206502,0.9027936611664763,False,False,False,False,0.30976011931492203,0.3240104517369634,False,False,False,False,1563024.0,1390440.4414474524,False,False,False,False,23627.329705013584,False,False,False,False
2025-06-05 14:00:00+00:00,82.04,82.34,81.91,82.095,7767.0,,,,,,,,,,,,,,,,,,,,81.29184317064181,81.38378860121617,78.83700487091441,76.54905190281815,76.40868651698977,76.30523855877557,,,,,,,,,,,,,,,,,,,81.95828742582802,81.42098838812255,81.29829912280498,79.63269770778764,77.47101611954939,76.37271929000339,,,75.71154478118811,,,79.07746847295432,"rgba(0, 255, 0, 1.0)",0.7251462915489998,79.30375593606105,3.849215112134841,56.235333304379544,11.406240693128382,False,False,True,False,False,10.477954315872623,0.0,0.0,0.0,0.0,0,1.0290493676050592,0.9042839657282745,False,False,False,False,0.2990147258780653,0.31151258880751437,False,False,False,False,1570791.0,1393236.5741381897,False,False,False,False,23381.43312043973,False,False,False,False
2025-06-05 15:00:00+00:00,82.105,82.145,81.845,81.99,8009.0,,,,,,,,,,,,,,,,,,,,81.2965356927487,81.386949835652,78.84368484377481,76.5561808861026,76.41568370236622,76.31211510831406,,,,,,,,,,,,,,,,,,,81.95924395726978,81.4266001763716,81.30262186153642,79.63866978511088,77.47828717993302,76.37967891117677,,,75.71818460453484,,,79.08302099502973,"rgba(0, 255, 0, 1.0)",0.7302310321833001,79.3092999625108,3.67103001562975,53.19182274935847,8.652386917499221,False,True,False,False,False,9.747680223596145,0.0,0.0,0.0,0.0,0,1.0281885774981616,0.907427077375603,False,False,False,False,0.2889167921095321,0.3002146904585232,False,False,False,False,1562782.0,1395865.1853918612,False,False,False,False,23143.100823998804,False,False,False,False
2025-06-05 16:00:00+00:00,81.96,82.11,81.73,81.795,5259.0,,,,,,,,,,,,,,,,,,,,81.29908005019406,81.38861754401138,78.84789620662305,76.56075309388376,76.42017424407146,76.31653024586211,,,,,,,,,,,,,,,,,,,81.95781940673436,81.42948994540372,81.30496346068922,79.6423841389505,77.4829276350137,76.38414605744113,,,75.72245716250166,,,79.08623183573987,"rgba(0, 255, 0, 1.0)",0.7324306504105267,79.31250871489665,3.3893874917876747,49.510955412207004,5.306564086148093,False,True,False,True,False,8.39746236991106,0.0,0.0,0.0,0.0,0,1.0240420119799787,0.9153196028555021,False,False,False,False,0.28311715635619444,0.29166592340735886,False,False,False,False,1557523.0,1398371.508098964,False,False,False,False,22865.827943006574,False,False,False,False
2025-06-05 17:00:00+00:00,81.8,82.235,81.77,82.045,2666.0,,,,,,,,,,,,,,,,,,,,81.30066741121868,81.38969625117066,78.85012390608473,76.56312815072084,76.42250548595716,76.31882138590441,,,,,,,,,,,,,,,,,,,81.95833999750025,81.43138796572583,81.30642789205272,79.64437859693045,77.48535025170314,76.3864648114946,,,75.72466945354823,,,79.08810767553864,"rgba(0, 255, 0, 1.0)",0.7342181782933896,79.31437843567383,3.7190873844518584,49.597563172583826,5.306564086148093,False,True,False,False,False,9.757300672462478,0.0,0.0,0.0,0.0,0,1.0259697567389874,0.9116535174227485,False,False,False,False,0.289497791284042,0.2905818573457004,False,False,False,False,1560189.0,1400880.3064230112,False,False,False,False,22552.652315983214,False,False,False,False
2025-06-05 18:00:00+00:00,82.045,82.22,81.765,82.205,2788.0,,,,,,,,,,,,,,,,,,,,81.30242762270346,81.39090403497029,78.85248448381186,76.56563091747722,76.4249616521137,76.32123501001178,,,,,,,,,,,,,,,,,,,81.95930241886431,81.43351698006201,81.30805310711405,79.64650170213491,77.48790702590819,76.38890771565167,,,75.72699846601235,,,79.09015272256863,"rgba(0, 255, 0, 1.0)",0.7364673225067412,79.31641524813355,3.9222171352212385,51.105892864656745,5.306564086148093,False,True,False,False,False,10.615779977568156,0.0,0.0,0.0,0.0,0,1.023164442989277,0.9091429974625526,False,False,False,False,0.2887231679063375,0.289652512626019,False,False,False,False,1562977.0,1403393.4334552125,False,False,False,False,22246.223597905955,False,False,False,False
2025-06-05 19:00:00+00:00,82.17,82.24,81.67,81.87,11171.0,,,,,,,,,,,,,,,,,,,,81.30814745094567,81.39472546687203,78.86150708259309,76.57538751468468,76.43454361399472,76.33065595174318,,,,,,,,,,,,,,,,,,,81.95814622301435,81.4400852926682,81.31332986921359,79.65449239967806,77.49781781727368,76.39843968728206,,,75.73611233773127,,,79.09727319749693,"rgba(0, 255, 0, 1.0)",0.7361824281865865,79.32351045738547,3.459046895328947,49.053772504308775,4.67641129548759,False,True,False,False,False,8.274734163404169,0.0,0.0,0.0,0.0,0,1.0248325437020094,0.9095735990851171,False,False,False,False,0.28582132253185216,0.2877369175789356,False,False,False,False,1551806.0,1405694.4034791626,False,False,False,False,22074.514704915164,False,False,False,False
2025-06-06 14:00:00+00:00,82.835,83.025,82.47,82.48,12393.0,,,,,,,,,,,,,,,,,,,82.65833333333335,81.32173426435448,81.40464582616701,78.87382948517411,76.58764417264499,76.44654573863988,76.34243214652706,,,,,,,,,,,,,,,,,,,81.98462477559261,81.4578241216697,81.32593842780194,79.66612547609706,77.5105689792149,76.41037054113427,,,75.74738318649463,,,79.38389363756549,"rgba(0, 255, 0, 1.0)",0.7462426482674552,79.52167063300516,3.964299512850374,52.41482401092064,4.67641129548759,False,True,True,False,True,11.500871225017086,0.0,0.0,0.0,0.0,0,1.0298120544394038,0.8966299416720678,False,False,False,False,0.342828246468424,0.3152825820236798,False,False,False,False,1564199.0,1408151.8390841368,False,False,False,False,21924.413701738184,False,False,False,False
2025-06-06 15:00:00+00:00,82.48,82.71,82.19,82.325,9428.0,,,,,,,,,,,,,,,,,,,82.5503181186319,81.32998940487042,81.41060478798448,78.88253461614185,76.59655279294728,76.45527919547446,76.35100814442123,,,,,,,,,,,,,,,,,,,81.99647352903663,81.46823780428049,81.33360294303576,79.67418080934691,77.51975827192037,76.41905458925011,,,75.75562367307406,,,79.38366115441092,"rgba(0, 255, 0, 1.0)",0.7552238675341435,79.52388186188227,3.7089904841905588,53.30294692547967,4.67641129548759,False,True,True,False,True,10.429899062886228,0.0,0.0,0.0,0.0,0,1.0261941448382126,0.8997648203714222,False,False,False,False,0.3193647331596794,0.3173236575916796,False,False,False,False,1554771.0,1410425.004369654,False,False,False,False,21730.67085364922,False,False,False,False
2025-06-06 16:00:00+00:00,82.325,82.44,82.02,82.065,8671.0,,,,,,,,,,,,,,,,,,,82.44358902881629,81.33585271609385,81.41475599793738,78.88997568034986,76.60439409329874,76.46297491794141,76.35857116645002,,,,,,,,,,,,,,,,,,,82.00094993262275,81.47528825342187,81.33904709670168,79.6809190001918,77.52777740252648,76.4267089128415,,,75.7629193444264,,,79.38160032301491,"rgba(0, 255, 0, 1.0)",0.7567791340019874,79.52420592643611,3.35737860546934,51.79025755323685,4.67641129548759,False,True,False,False,True,8.657033775856124,0.0,0.0,0.0,0.0,0,1.021122755707206,0.905435047526201,False,False,False,False,0.30223104817643737,0.3097773528840585,False,False,False,False,1546100.0,1412528.4926740006,False,False,False,False,21528.195336538378,False,False,False,False
2025-06-06 17:00:00+00:00,82.055,82.185,81.97,82.085,6887.0,,,,,,,,,,,,,,,,,,,82.3765985357197,81.33993134039561,81.41761312369809,78.89569164911569,76.61050046516418,76.46897114356578,76.36446628162301,,,,,,,,,,,,,,,,,,,82.0024935001602,81.4800418826335,81.34283548689244,79.68604216594815,77.53399719144412,76.43267368599359,,,75.76861649755773,,,79.38091203479645,"rgba(0, 255, 0, 1.0)",0.7622965715954698,79.52502224572126,3.358243824868262,50.94956513464139,4.67641129548759,False,True,False,False,True,8.764924585069231,0.0,0.0,0.0,0.0,0,1.0192149778288717,0.9155033667268851,False,False,False,False,0.29045510936324537,0.30011623112365193,False,False,False,False,1552987.0,1414706.1439503727,False,False,False,False,21301.2000600029,False,False,False,False
2025-06-06 18:00:00+00:00,82.09,82.165,81.805,81.83,15893.0,,,,,,,,,,,,,,,,,,,82.2443561971267,81.34734309418462,81.4226743431886,78.90820046234471,76.62416369794184,76.4823993597594,76.3776761664918,,,,,,,,,,,,,,,,,,,81.99951145885899,81.4881183687746,81.34972143957049,79.69706247315595,77.54782482666181,76.44603431825644,,,75.78141996149651,,,79.37962201587045,"rgba(0, 255, 0, 1.0)",0.7647693345959172,79.5266874134872,3.0117742465835255,48.36086353975754,3.497525064853228,False,True,False,True,False,7.029351319945242,0.0,0.0,0.0,0.0,1,1.008964553006004,0.9164404967513781,False,False,False,False,0.28335051302901504,0.2917333720763335,False,False,False,False,1537094.0,1416603.630090677,False,False,False,False,21217.351997057118,False,False,False,False
2025-06-06 19:00:00+00:00,81.83,82.0,81.705,81.895,17947.0,,,,,,,,,,,,,,,,,,,82.14917943245483,81.35456602217802,81.427540834879,78.92189405199267,76.63931598721176,76.49729941697443,76.39234004547039,,,,,,,,,,,,,,,,,,,81.99334350905424,81.49558459046887,81.35644028432073,79.70901067469474,77.56309961919895,76.46086149980617,,,75.7956583604066,,,79.38157507451575,"rgba(0, 255, 0, 1.0)",0.7676190344077791,79.53077875137066,3.0799408855896075,47.28285870548904,2.2632809205590263,False,True,False,True,False,7.393698179260056,0.0,0.0,0.0,0.0,1,1.012429565793835,0.9183791846204845,False,False,False,False,0.2732217925425784,0.28247758230945597,False,False,False,False,1555041.0,1418749.9459032246,False,False,False,False,21166.648865319796,False,False,False,False
2025-06-09 14:00:00+00:00,81.495,81.59,81.26,81.485,7996.0,,,,,,,,,,,,,,,,,,,82.07809922363188,81.35512295773249,81.42762568046469,78.92708650321207,76.64549639047239,76.50339212724252,76.39834681227045,,,,,,,,,,,,,,,,,,,81.98223034426007,81.49514395536356,81.35695015448245,79.71325966483279,77.56920692302138,76.46692817486264,,,75.80154150096563,,,79.37837607014225,"rgba(0, 255, 0, 1.0)",0.7679108079797804,79.52909221369151,2.547050732954376,43.62621499560944,-1.3269084653518632,False,True,False,True,False,4.645798271894087,0.0,0.0,0.0,0.0,1,1.0050309278350518,0.9126597938144337,False,False,False,False,0.24090095716232382,0.2616892697358899,False,False,False,False,1547045.0,1420739.0165093762,False,False,False,False,20962.45275888073,False,False,False,False
2025-06-09 15:00:00+00:00,81.47,81.81,81.4,81.79,7896.0,,,,,,,,,,,,,,,,,,,82.04080575357877,81.35700614498239,81.42876733146676,78.93264264880554,76.65186507462259,76.50966315751913,76.4045243817949,,,,,,,,,,,,,,,,,,,81.97603877746938,81.49660679612873,81.35870104895231,79.7179696262826,77.57556286599976,76.4731706208211,,,75.80756677275821,,,79.37871724834031,"rgba(0, 255, 0, 1.0)",0.7698170602873519,79.53023929624685,2.935451577170362,44.17096648167531,-1.3269084653518632,False,True,False,True,False,6.3829153197790625,0.0,0.0,0.0,0.0,1,1.0069398545935229,0.9120125578321223,False,False,False,False,0.2544459428680964,0.25806760630199316,False,False,False,False,1554941.0,1422819.6674162077,False,False,False,False,20759.872095952345,False,False,False,False
2025-06-09 16:00:00+00:00,81.79,81.855,81.675,81.82,4211.0,,,,,,,,,,,,,,,,,,,82.02893329829249,81.35837607339803,81.42966813776657,78.93572263182868,76.6553338073651,76.51307684322231,76.40788592135621,,,,,,,,,,,,,,,,,,,81.97404321716293,81.49790502292726,81.35997742702865,79.72062203936125,77.5790409199372,76.47656829124898,,,75.81083892281168,,,79.37978104853043,"rgba(0, 255, 0, 1.0)",0.7714651557197155,79.53156572178692,2.966348202827317,44.81345700377135,-1.3269084653518632,False,True,False,True,False,6.552541043038577,0.0,0.0,0.0,0.0,1,1.011041926110419,0.9106683271066839,False,False,False,False,0.2665630009631677,0.26231530363258043,False,False,False,False,1559152.0,1424933.3469911502,False,False,False,False,20503.300435549983,False,False,False,False
2025-06-09 17:00:00+00:00,81.82,82.135,81.805,82.065,4099.0,,,,,,,,,,,,,,,,,,,82.0277620055683,81.36038192328748,81.43107920992098,78.93894369038193,76.65884934858825,76.51653297634792,76.41128676062709,,,,,,,,,,,,,,,,,,,81.97431888472029,81.5001155232454,81.36184946612319,79.7234699641466,77.5825964785965,76.48000731922022,,,75.81413691455951,,,79.38209181159802,"rgba(0, 255, 0, 1.0)",0.7667928529156018,79.53392108768013,3.30086398522869,47.457191682351485,-1.3269084653518632,False,True,False,True,True,7.934132847612577,0.0,0.0,0.0,0.0,1,1.0148745221871367,0.9027754695030752,False,False,False,False,0.2822010546290785,0.2722581791308295,False,False,False,False,1563251.0,1427077.8067277214,False,False,False,False,20248.97019623913,False,False,False,False
2025-06-09 18:00:00+00:00,82.065,82.195,81.965,82.02,9629.0,,,,,,,,,,,,,,,,,,,82.03071697604315,81.36546920750617,81.43470284148053,78.9466273615297,76.66717954862006,76.52472087541842,76.41934265297606,,,,,,,,,,,,,,,,,,,81.97628148798367,81.50582785530369,81.36660146517505,79.73030274496297,77.59103638722763,76.48815432530256,,,75.82194336175556,,,79.38822797919458,"rgba(0, 255, 0, 1.0)",0.7633729798135928,79.54004396110338,3.248681973918169,48.782860743395744,-5.815691142084958,False,True,False,False,True,7.621570817002517,0.0,0.0,0.0,0.0,1,1.0206942590120163,0.8998664886515361,False,False,False,False,0.29064751893327,0.28145284903204976,False,False,False,False,1553622.0,1429039.732204811,False,False,False,False,20084.319495522246,False,False,False,False
2025-06-09 19:00:00+00:00,82.0,82.0,81.615,81.665,16856.0,,,,,,,,,,,,,,,,,,,81.99328481234176,81.37042811404476,81.43795104559007,78.95869994261845,76.68089246673726,76.538222397134,76.43264258119498,,,,,,,,,,,,,,,,,,,81.96794341091301,81.51028778629765,81.37123368577872,79.74064018886999,77.60474780086237,76.501594095845,,,75.83490707656053,,,79.39296679447908,"rgba(0, 255, 0, 1.0)",0.7541176575605605,79.54558224346839,2.810460324437391,46.569176258189486,-5.815691142084958,False,True,False,True,True,5.1887717713550785,0.0,0.0,0.0,0.0,1,1.014942816595709,0.9014942816595716,False,False,False,False,0.26979435285059616,0.275623600941323,False,False,False,False,1536766.0,1430709.90689931,False,False,False,False,20034.26803047539,False,False,False,False
2025-06-10 14:00:00+00:00,81.575,81.99,81.495,81.99,13852.0,,,,,,,,,,,,,,,,,,,81.97611395522425,81.37507543518072,81.44110124255309,78.96877212740718,76.69224988445663,76.5494031857136,76.44365552278974,,,,,,,,,,,,,,,,,,,81.96355383006711,81.51476135428402,81.37558243633367,79.74932776529067,77.61612350452795,76.51272339473732,,,75.84563456830953,,,79.39834181835123,"rgba(0, 255, 0, 1.0)",0.7503744830869842,79.55132182455931,3.249948166425045,48.1190129292423,-5.815691142084958,False,True,False,False,True,7.057655364275639,0.0,0.0,0.0,0.0,1,1.0121626124625125,0.9016161279573482,False,False,False,False,0.26485448845050275,0.27023904469591287,False,False,False,False,1550618.0,1432568.9471024212,False,False,False,False,19938.41891372383,False,False,False,False
2025-06-10 15:00:00+00:00,81.99,82.395,81.13,81.21,30066.0,,,,,,,,,,,,,,,,,,,81.90399126986041,81.3794878766174,81.44348348221781,78.98852511574744,76.71555318124156,76.57238218814074,76.4663165767222,,,,,,,,,,,,,,,,,,,81.93948205257172,81.51666406349545,81.37971402316145,79.76572584103275,77.639170112372,76.53560607403706,,,75.86783196481475,,,79.40354629670908,"rgba(0, 255, 0, 1.0)",0.7449783055088739,79.66423898008092,2.0749074281608824,44.07227204917714,-1.192617145412143,False,True,False,True,False,2.0089138465864593,0.0,0.0,0.0,0.0,0,1.007377049180328,0.8937704918032794,False,False,False,False,0.23351943627969535,0.2518792404878041,False,False,False,False,1520552.0,1433933.0254419185,False,False,False,False,20095.43567475137,False,False,False,False
2025-06-10 16:00:00+00:00,81.205,81.385,80.93,81.165,23916.0,,,,,,,,,,,,,,,,,,,81.81021402094095,81.37576207669635,81.43962235113308,79.00152160100062,76.73235060203987,76.58899641061723,76.48273651928467,,,,,,,,,,,,,,,,,,,81.90257154897157,81.50837013106974,81.37620939812382,79.77559892160032,77.65538532722789,76.55216320594279,,,75.88408198288303,,,79.40011554728069,"rgba(0, 255, 0, 1.0)",0.7358415847456843,79.65280662897389,2.0550528841730884,41.14722705974802,-3.888449837049336,False,True,False,True,False,1.7309894530048453,0.0,0.0,0.0,0.0,0,1.0034626038781167,0.920966066481995,False,False,False,False,0.16914911996093118,0.21051418022436763,False,False,False,False,1496636.0,1434905.164582354,False,False,False,False,20154.669230181582,False,False,False,False
2025-06-10 17:00:00+00:00,81.165,81.275,80.98,80.995,22101.0,,,,,,,,,,,,,,,,,,,81.73437983361735,81.37124567405941,81.43519360888128,79.01297252482375,76.74749393444056,76.60398741645639,76.49756148382345,,,,,,,,,,,,,,,,,,,81.86822546663305,81.49942849106333,81.37195501965112,79.78410079767306,77.669912825704,76.56710591942102,,,75.89879337694013,,,79.39719715355751,"rgba(0, 255, 255, 0.75)",0.728860662176297,79.64647902009459,1.8501766522546055,38.320416092493346,-6.484456761119809,False,True,False,True,False,0.6781395832491057,0.0,0.0,0.0,0.0,0,1.0083369518019978,0.9153278332609645,False,False,False,False,0.1659972255061811,0.18825570286527438,False,False,False,False,1474535.0,1435519.5806353407,False,False,False,False,20184.84490103148,False,False,False,False
2025-06-10 18:00:00+00:00,80.995,80.995,80.48,80.81,27834.0,,,,,,,,,,,,,,,,,,,81.62141645283543,81.35961512958188,81.42481233602997,79.02500288195763,76.7650123321795,76.62137980693535,76.51479651881266,,,,,,,,,,,,,,,,,,,81.81272974748813,81.48038643076052,81.36099080052317,79.79203975698988,77.6863267879698,76.58445471424615,,,75.91606069186261,,,79.3883818227931,"rgba(0, 255, 255, 0.75)",0.7209367467371881,79.63213518821723,1.6337977181958656,35.52550887551877,-9.059963754614522,False,True,False,True,False,0.0,0.0,0.0,0.0,0.0,0,1.0000000000000002,0.9179007534424531,False,False,False,False,0.12008602047801953,0.15417086167164695,False,False,False,False,1446701.0,1435692.9359743276,False,False,False,False,20303.436452953472,False,False,False,False
2025-06-10 19:00:00+00:00,80.815,81.35,80.75,81.205,55134.0,,,,,,,,,,,,,,,,,,,81.52421492672657,81.3502214436202,81.4152387016784,79.05292166291352,76.80217944851688,76.65819899431062,76.55122838081577,,,,,,,,,,,,,,,,,,,81.74847510070242,81.46196578561289,81.35207946045054,79.8127735298484,77.7218688905961,76.62116211425295,,,75.95227926206661,,,79.3901944953881,"rgba(0, 255, 0, 1.0)",0.7124861117682729,79.63371647686519,2.2053531952154732,37.568003719138495,-9.059963754614522,False,True,False,True,False,1.9315652543657507,0.0,0.0,0.0,0.0,0,1.002503669170336,0.915306915306916,False,False,False,False,0.1480076445292509,0.1510892531004489,False,False,False,False,1501835.0,1436718.3943313146,False,False,False,False,20843.445190116985,False,False,False,False
2025-06-11 14:00:00+00:00,80.905,81.03,80.49,80.78,13229.0,,,,,,,,,,,,,,,,,,,81.49168125902216,81.34516652850498,81.41066078470921,79.05843209031238,76.81031536388744,76.66628437069863,76.55924679141313,,,,,,,,,,,,,,,,,,,81.72763907693789,81.45394481515135,81.34729201774093,79.81638339803169,77.72945278152935,76.62922930085409,,,75.9603340317389,,,79.38813296759947,"rgba(0, 255, 255, 0.75)",0.7116936214509889,79.63057044435288,1.6150623259819017,36.592228534650204,-9.059963754614522,False,True,False,True,False,0.0,0.0,0.0,0.0,0.0,0,0.9906526026927367,0.9211045364891525,False,False,False,False,0.11618169772651861,0.13363547541348375,False,False,False,False,1488606.0,1437522.85333393,False,False,False,False,20725.39177631672,False,False,False,False
2025-06-11 15:00:00+00:00,80.76,80.89,80.57,80.585,18144.0,,,,,,,,,,,,,,,,,,,81.44662388380311,81.33737630661646,81.403671132014,79.06555923101074,76.82118130460456,76.67709329918044,76.56997364269517,,,,,,,,,,,,,,,,,,,81.6980552810271,81.44191615117265,81.33990901178916,79.82085134110108,77.73950371430335,76.64001651858239,,,75.97114307601665,,,79.38474852445387,"rgba(38, 166, 154, 1.0)",0.7107643265746679,79.62561534155692,1.3497929237199617,35.018525195252195,-9.570641615308013,False,True,False,True,False,0.0,0.0,0.0,0.0,0.0,0,0.992790937178167,0.9233607964297981,False,False,False,False,0.057203699134459315,0.09541958727397154,False,False,False,False,1470462.0,1438033.5377783652,False,False,False,False,20685.37019838933,False,False,False,False
2025-06-11 16:00:00+00:00,80.585,80.665,80.16,80.635,11641.0,,,,,,,,,,,,,,,,,,,81.41354483955601,81.33101584947622,81.39806456718196,79.06955128596489,76.82777019255492,76.68366140168816,76.57650152608612,,,,,,,,,,,,,,,,,,80.48666666666666,81.67646470793878,81.43246468254878,81.33387989985265,79.82304982846382,77.74549131210415,76.64657482941442,,,75.97776601288446,,,79.46033582782124,"rgba(38, 166, 154, 1.0)",0.7006893774040104,79.66424703024956,1.3854255552538846,34.48133069023606,-10.327910545388711,False,True,False,True,False,0.0,0.0,0.0,0.0,0.0,0,0.9832035692415363,0.9410375295249767,False,False,False,False,-0.02025277564574837,0.037583405814111584,False,False,False,False,1482103.0,1438716.7852546694,False,False,False,False,20545.14740461585,False,False,False,False
2025-06-11 17:00:00+00:00,80.63,81.32,80.6,80.94,4963.0,,,,,,,,,,,,,,,,,,,81.40688170364795,81.3298157819145,81.39690833129907,79.07180466591083,76.8309294510137,76.68679752377608,76.57960936292464,,,,,,,,,,,,,,,,,,80.62615514333895,81.67101134616203,81.43045205723315,81.33273692580056,79.82463874328299,77.74846936074003,76.64970305632207,,,75.98087534854581,,,79.47042238952619,"rgba(0, 255, 255, 0.75)",0.6863627990320522,79.67125640936192,1.848502850718797,37.097129940815144,-10.327910545388711,False,True,False,True,True,0.37994782511950476,0.0,0.0,0.0,0.0,0,0.9814362907442915,0.9370751263726694,False,False,False,False,0.05130899756246762,0.044446201688289604,False,False,False,False,1487066.0,1439466.3854832791,False,False,False,False,20303.56372392413,False,False,False,False
2025-06-11 18:00:00+00:00,80.94,81.32,80.515,80.89,9137.0,,,,,,,,,,,,,,,,,,,81.39393785951283,81.32736454920742,81.39458096009697,79.07584024132125,76.83666973208501,76.69249839725853,76.58526068729988,,,,,,,,,,,,,,,,,,80.72631683565777,81.66056752267409,81.42644531568234,81.3304030801163,79.82743615865658,77.7538608024435,76.65539023207435,,,75.9865378446305,,,79.47761231243477,"rgba(0, 255, 255, 0.75)",0.6721219725237171,79.67606545664901,1.8061223899478327,38.5007765980055,-10.327910545388711,False,True,False,True,True,0.07224988200729143,0.0,0.0,0.0,0.0,0,0.9777758485979688,0.9408802847469407,False,False,False,False,0.037926266620151194,0.0411862341542204,False,False,False,False,1477929.0,1440062.7050881896,False,False,False,False,20130.438704948563,False,False,False,False
2025-06-11 19:00:00+00:00,80.875,80.955,80.755,80.78,10226.0,,,,,,,,,,,,,,,,,,,81.37801394821837,81.32414819091633,81.39158694775463,79.08014364728363,76.84295180647214,76.69874228916929,76.59145380632518,,,,,,,,,,,,,,,,,,80.75579563674108,81.64803062664922,81.42136628558151,81.32734217030107,79.83032425296938,77.75972375179866,76.66162034821589,,,75.99275919780123,,,79.47937455059976,"rgba(0, 255, 255, 0.75)",0.6588837270482526,79.67680653527638,1.6743370938387523,38.661080265970654,-10.327910545388711,False,True,False,True,True,0.0,0.0,0.0,0.0,0.0,0,0.9769585253456221,0.9470480827754115,False,False,False,False,0.027939544481776043,0.034562889317998224,False,False,False,False,1467703.0,1440491.2367922484,False,False,False,False,19976.881515724555,False,False,False,False
2025-06-12 14:00:00+00:00,80.88,81.21,80.75,80.83,14401.0,,,,,,,,,,,,,,,,,,,81.36087983888814,81.32059106887559,81.38816529127408,79.08651263192323,76.85198629119984,76.70771557596409,76.60034987379798,,,,,,,,,,,,,,,,,,80.80560339236553,81.6330851467709,81.41554357467886,81.3239485989715,79.83476741908895,77.76821027893462,76.67057231308976,,,76.00167407219797,,,79.48342366398735,"rgba(0, 255, 255, 0.75)",0.6445400483112814,79.6794926319636,1.7850052468435005,39.33730611999487,-10.327910545388711,False,True,False,True,True,0.0,0.0,0.0,0.0,0.0,0,0.9787973583594022,0.9430830726451174,False,False,False,False,0.04689112448694523,0.04072700690247173,False,False,False,False,1482104.0,1441136.3959117485,False,False,False,False,19890.433740286964,False,False,False,False
2025-06-12 15:00:00+00:00,80.89,80.915,80.65,80.65,20162.0,,,,,,,,,,,,,,,,,,,81.32924030530964,81.3133259544394,81.38149045025679,79.09443669027102,76.8639767053394,76.71964740705941,76.61219496992682,,,,,,,,,,,,,,,,,,80.7863732926887,81.60774929755227,81.40449164071083,81.31702895926226,79.83984993702312,77.77930007866226,76.68248139769672,,,76.01361800979154,,,79.48082764901417,"rgba(0, 255, 255, 0.75)",0.6326629121132348,79.67634175448569,1.5389842313690871,38.4070248867974,-10.327910545388711,False,True,False,True,True,0.0,0.0,0.0,0.0,0.0,1,0.9754910481487923,0.9471580045193818,False,False,False,False,-0.16896268865217418,-0.06411784087485123,False,False,False,False,1461942.0,1441458.9634169927,False,False,False,False,19894.644069894915,False,False,False,False
2025-06-12 16:00:00+00:00,80.685,80.89,80.58,80.86,9701.0,,,,,,,,,,,,,,,,,,,81.3160504790283,81.31012330641562,81.37851597391102,79.09831062011837,76.86977642109345,76.72541782536702,76.61792286297536,,,,,,,,,,,,,,,,,,80.78519963189623,81.59657853182493,81.39960017122668,81.31397420051373,79.8423785525384,77.78467525229303,76.68824059548233,,,76.0193898818465,,,79.48048317319174,"rgba(0, 255, 255, 0.75)",0.617033428799036,79.6756377980925,1.9194457652200294,40.28037971054816,-13.736900290519507,False,True,False,True,True,0.0,0.0,0.0,0.0,0.0,1,0.9722971757510345,0.967979852491456,False,False,False,False,-0.1813585119931931,-0.12273817643402217,False,False,False,False,1471643.0,1441926.932976419,False,False,False,False,19736.603076563213,False,False,False,False
2025-06-12 17:00:00+00:00,80.86,81.06,80.83,80.99,8375.0,,,,,,,,,,,,,,,,,,,81.30886145050805,81.3083287044574,81.37674659019856,79.10200447100598,76.87500388727399,76.73061115816623,76.62307260469771,,,,,,,,,,,,,,,,,,80.80172168551415,81.58927641953495,81.39666309269664,81.31225503613618,79.84497679918722,77.78958362180303,76.69342194046203,,,76.02455317122646,,,79.48232339011729,"rgba(0, 255, 0, 1.0)",0.6193389239390206,79.67700527095134,2.1199938810529697,42.94490326886644,-11.08132841697801,False,True,False,True,True,0.762148472719339,0.0,0.0,0.0,0.0,1,0.9664087391898045,0.9723258989531187,False,False,False,False,-0.12691874049275712,-0.12482845846338964,False,False,False,False,1480018.0,1442517.4921550793,False,False,False,False,19560.454191655255,False,False,False,False
2025-06-12 18:00:00+00:00,81.0,81.16,80.93,80.995,13898.0,,,,,,,,,,,,,,,,,,,81.29976672902777,81.30596720927467,81.37431922085528,79.10832629573378,76.88379386864898,76.73934003665768,76.63172573237472,,,,,,,,,,,,,,,,,,80.83244681508363,81.57879805503883,81.3926240973032,81.30998503712246,79.84952454836237,77.79787031703283,76.70212977496917,,,76.03321598681698,,,79.48618698124893,"rgba(0, 255, 0, 1.0)",0.621781536620796,79.68012245923231,2.1146937683509837,44.777672419461716,-9.27651599226563,False,True,False,True,True,0.794426510156665,0.0,0.0,0.0,0.0,1,0.9568752855185019,0.9731384193695759,False,False,False,False,-0.10127484876311878,-0.1130516536132542,False,False,False,False,1493916.0,1443314.3682456983,False,False,False,False,19472.66420418773,False,False,False,False
2025-06-12 19:00:00+00:00,81.0,81.165,80.91,81.145,25136.0,,,,,,,,,,,,,,,,,,,81.28722518226675,81.30247195822226,81.37057386505217,79.11992073802053,76.8997689306949,76.75520210466749,76.64744909407978,,,,,,,,,,,,,,,,,,80.87988432309619,81.56227922209625,81.3864148656936,81.30661180980943,79.85797208599914,77.81295775408428,76.71795317728436,,,76.04894812084146,,,79.49333465079052,"rgba(0, 255, 0, 1.0)",0.6223873464429106,79.68616616613659,2.343932347276958,47.70870655147033,-6.494310041553831,False,False,False,False,True,1.7691268503033157,0.0,0.0,0.0,0.0,1,0.9577232796486093,0.970076866764276,False,False,False,False,-0.10319312993086469,-0.10812239177205944,False,False,False,False,1519052.0,1444488.595094602,False,False,False,False,19560.467859936758,False,False,False,False
2025-06-13 14:00:00+00:00,80.775,80.94,80.555,80.715,15124.0,,,,,,,,,,,,,,,,,,,81.26946909310097,81.29740281601923,81.36586296803686,79.12564024923675,76.90855170535829,76.7639505243376,76.65614053698769,,,,,,,,,,,,,,,,,,80.86471226406283,81.54635792441698,81.37890010904924,81.30176528191504,79.86160642156223,77.82103838788541,76.72668714324598,,,76.05773559655556,,,79.49200610180108,"rgba(0, 255, 255, 0.75)",0.6258890973370594,79.684509652544,1.6464423998442974,45.32618436913951,-6.494310041553831,False,True,False,True,False,0.0,0.0,0.0,0.0,0.0,1,0.9494931043930955,0.9712302493378401,False,False,False,False,-0.17809125535697112,-0.1431068235645153,False,False,False,False,1503928.0,1445410.136255926,False,False,False,False,19491.685412495877,False,False,False,False
2025-06-13 15:00:00+00:00,80.74,81.155,80.65,81.025,6393.0,,,,,,,,,,,,,,,,,,,81.26508277951804,81.29606698231588,81.36453981217473,79.12835435504874,76.91245192955648,76.76782875605382,76.65998887047974,,,,,,,,,,,,,,,,,,80.8680820321317,81.541482084821,81.37678104255592,81.30048152100942,79.86349434386084,77.82468186605489,76.7305573204903,,,76.06160384496155,,,79.49284812114797,"rgba(0, 255, 0, 1.0)",0.622964628154092,79.68515319149611,2.1507590446571516,46.99809230949602,-6.494310041553831,False,False,False,True,False,0.9443557271256999,0.0,0.0,0.0,0.0,1,0.9463044273691915,0.9740212221002569,False,False,False,False,-0.13786593176483597,-0.14048637766467564,False,False,False,False,1510321.0,1446416.5062364542,False,False,False,False,19288.60501850369,False,False,False,False
2025-06-13 16:00:00+00:00,81.015,81.17,80.72,80.845,5563.0,,,,,,,,,,,,,,,,,,,81.26099451655429,81.29480913320705,81.36330911009395,79.13066841214054,76.91581304526694,76.77117207784207,76.66330724418778,,,,,,,,,,,,,,,,,,80.86964912961048,81.53708173621158,81.37482030586537,81.29927350353363,79.86508378505292,77.82781327886538,76.73389398739886,,,76.06494309742924,,,79.49340637613078,"rgba(0, 255, 255, 0.75)",0.6197718266590994,79.68554815878812,1.870772099244878,46.4840217775087,-6.494310041553831,False,False,False,True,False,0.0,0.0,0.0,0.0,0.0,1,0.9404729045910389,0.9854632440886932,False,False,False,False,-0.12691874049275712,-0.13370255907871637,False,False,False,False,1504758.0,1447321.02551961,False,False,False,False,19075.80494069743,False,False,False,False
2025-06-13 17:00:00+00:00,80.845,80.845,80.535,80.66,5155.0,,,,,,,,,,,,,,,,,,,81.25483263279818,81.29295051650377,81.36159270060546,79.13252916520959,76.91874232897307,76.77409230748053,76.66621019170495,,,,,,,,,,,,,,,,,,80.86353409434454,81.53156841935379,81.37211660654334,81.29749569938404,79.86622728069128,77.8304918017009,76.73680999493938,,,76.06788563196945,,,79.49279955287376,"rgba(0, 255, 255, 0.75)",0.6270826561633587,79.68482739265637,1.5550942092864788,44.612491731971595,-6.494310041553831,False,True,False,True,False,0.0,0.0,0.0,0.0,0.0,1,0.9341003221352971,0.9926369075011512,False,False,False,False,-0.19315293957276394,-0.16342774932574017,False,False,False,False,1499603.0,1448131.598767368,False,False,False,False,18859.978507508324,False,False,False,False
2025-06-13 18:00:00+00:00,80.64,80.74,80.31,80.405,6544.0,,,,,,,,,,,,,,,,,,,81.24460572552633,81.28986174747729,81.35880636438573,79.13458801789126,76.92226189219437,76.7776083453302,76.66971055147428,,,,,,,,,,,,,,,,,,80.84864921273012,81.52309144353278,81.36775605707916,81.29454545984198,79.8673275383828,77.83365261362135,76.74032275839934,,,76.07145791945355,,,79.49091340913336,"rgba(38, 166, 154, 1.0)",0.6377939668477396,79.6828237501191,1.1323033572271275,41.52168491603502,-3.991179735623774,False,True,False,True,False,0.0,0.0,0.0,0.0,0.0,1,0.9286434002015209,0.9933131812769085,False,False,False,False,-0.23688392984939102,-0.2001558395875656,False,False,False,False,1493059.0,1448828.1476236877,False,False,False,False,18669.03310429114,False,False,False,False
2025-06-13 19:00:00+00:00,80.405,80.46,80.15,80.43,14780.0,,,,,,,,,,,,,,,,,,,81.21844877583773,81.28178754626065,81.35159195819986,79.13874108249624,76.92987786405045,76.78522965837651,76.6773069608275,,,,,,,,,,,,,,,,,,80.80770361131499,81.50195677135815,81.35654463892384,81.28683512869496,79.86924486739433,77.84039283632572,76.74794016772897,,,76.07925269611015,,,79.4852572762707,"rgba(38, 166, 154, 0.5)",0.6477346178323051,79.87875327050361,0.8510379317708676,39.778038052236546,-5.666403619017331,False,True,False,True,False,0.0,0.0,0.0,0.0,0.0,1,0.9276424253526291,0.9989924894669363,False,False,False,False,-0.29664120894179385,-0.24839852426467973,False,False,False,False,1507839.0,1449743.0445597547,False,False,False,False,18608.738017402902,False,False,False,False
2025-06-16 14:00:00+00:00,81.385,81.68,81.23,81.445,11479.0,,,,,,,,,,,,,,,,,,,81.22360837220057,81.28290953833618,81.35214291366833,79.14487976235783,76.93767491943544,76.7929559575523,76.6849553220067,,,,,,,,,,,,,,,,,,80.84606840601072,81.50126473998878,81.35734894198993,81.28786992555551,79.87414557237511,77.84789982284906,76.75564387854007,,,76.08684949970517,,,79.49209771949047,"rgba(0, 255, 0, 1.0)",0.6462982813466996,79.90890032929897,2.3767658293941776,47.147353650570544,-8.006704612318288,False,False,False,False,True,3.612482283999544,0.0,0.0,0.0,0.0,1,0.9328660016176872,0.9897546508492867,False,False,False,False,0.0028475500608982837,-0.12277548710189072,False,False,False,False,1519318.0,1450821.7260394483,False,False,False,False,18498.199443489677,False,False,False,False
2025-06-16 15:00:00+00:00,81.455,81.49,81.06,81.205,8102.0,,,,,,,,,,,,,,,,,,,81.22403976630824,81.28276457135438,81.35175399441667,79.14881897410383,76.94291888222295,76.79816042577616,76.6901129999932,,,,,,,,,,,,,,,,,,80.86243536042767,81.49886383531761,81.35672197480821,81.28771021613748,79.87715008800329,77.85288655987124,76.76083513943824,,,76.09199907408113,,,79.49536948486994,"rgba(0, 255, 255, 0.75)",0.6449203247134142,79.91661584383425,1.9977415919373793,50.06850754205728,-5.554543737315996,True,False,False,False,True,2.0654322197905692,0.0,0.0,0.0,0.0,0,0.9390982199331349,0.9929520195174857,False,False,False,False,-0.04273934225185299,-0.08275741467687185,False,False,False,False,1511216.0,1451758.07137217,False,False,False,False,18337.018056768906,False,False,False,False
2025-06-16 16:00:00+00:00,81.2,81.79,81.045,81.67,7838.0,,,,,,,,,,,,,,,,,,,81.22810865120915,81.28374279011621,81.35231326782069,79.15306723019457,76.94827349984573,76.80346574684567,76.69536439592359,,,,,,,,,,,,,,,,,,80.8864519600418,81.49888967701105,81.35754910254919,81.2886194419625,79.88057065394538,77.85805075059687,76.76612479085942,,,76.09721199674118,,,79.50004228278013,"rgba(0, 255, 0, 1.0)",0.6392991094586221,79.926070657201,2.727877009363925,54.57108849613477,-1.5774543580213773,True,False,True,False,True,4.796831602136368,0.0,0.0,0.0,0.0,0,0.9442849452718468,0.9757760631616734,False,False,False,False,-0.006644405480617477,-0.04470091007874467,False,False,False,False,1519054.0,1452801.419102834,False,False,False,False,18174.24258302055,False,False,False,False
2025-06-16 17:00:00+00:00,81.675,82.065,81.63,81.98,6624.0,,,,,,,,,,,,,,,,,,,81.23622688810738,81.28603003817297,81.35400841418391,79.15723974858217,76.95317571338273,76.80831143511317,76.7001528850437,,,,,,,,,,,,,,,,,,80.91738710381803,81.50192646361931,81.36011259936163,81.29077746384016,79.88414296744662,77.86286961867074,76.77095335559348,,,76.10192703043388,,,79.50595104963828,"rgba(0, 255, 0, 1.0)",0.6415112225455516,79.93730844829264,3.1841867763464093,58.97335904280841,2.294216240290112,True,False,True,False,True,6.54090834536834,0.0,0.0,0.0,0.0,0,0.9536904335363672,0.9719634539591557,False,False,False,False,0.10255359389622988,0.028926341908742607,False,False,False,False,1525678.0,1453931.288574108,False,False,False,False,17995.169054601625,False,False,False,False
2025-06-16 18:00:00+00:00,81.96,82.09,81.83,81.99,10617.0,,,,,,,,,,,,,,,,,,81.97000000000001,81.25033900863642,81.29012992140728,81.35709592002806,79.16409186426806,76.9611370816182,76.81617830744548,76.70792506094578,,,,,,,,,,,,,,,,,,80.96686749255065,81.5076559410535,81.36476844931181,81.2946510590655,79.89006469034746,77.87071907666777,76.77879176991001,,,76.10957037045034,,,79.67936104288373,"rgba(0, 255, 0, 1.0)",0.6373169548224397,80.21677529564785,2.7823278369334714,61.95298197479323,4.903458624225408,True,False,True,False,True,6.596845096842216,0.0,0.0,0.0,0.0,0,0.9548845151433454,0.9754650849285532,False,False,False,False,0.1314225709539124,0.0801744564313275,False,False,False,False,1536295.0,1455208.2453404006,False,False,False,False,17880.778836700825,False,False,False,False
2025-06-16 19:00:00+00:00,81.98,81.98,81.585,81.68,13442.0,,,,,,,,,,,,,,,,,,81.84615265250704,81.26217674683998,81.29358113106967,81.35956302806294,79.17203788530195,76.97073617955179,76.82567717605188,76.71731931295807,,,,,,,,,,,,,,,,,,81.01076394025377,81.51132892827204,81.36844019703705,81.29790336581341,79.8967201168084,77.8800791286369,76.7882596925248,,,76.11885400372809,,,79.68004929877932,"rgba(0, 255, 0, 1.0)",0.634766041885653,80.22301581729174,2.295308958841138,61.06596880905592,4.903458624225408,True,False,True,False,True,4.5409889941737624,0.0,0.0,0.0,0.0,0,0.9444195428059169,0.9800986104885714,False,False,False,False,0.08595408854161975,0.08306427248647363,False,False,False,False,1522853.0,1456257.0012265958,False,False,False,False,17811.96056016283,False,False,False,False
2025-06-17 14:00:00+00:00,81.045,81.21,80.7,81.005,5594.0,,,,,,,,,,,,,,,,,,81.68118200519342,81.25933104759366,81.29257523546721,81.35854775267539,79.17433775245705,76.97407202956421,76.82899745054941,76.72061655847105,,,,,,,,,,,,,,,,,,81.00987086302293,81.50792315875806,81.3668658206347,81.2969329957982,79.89831991796562,77.88318167102248,76.79157392417785,,,76.12217668570317,,,79.66962187889007,"rgba(38, 166, 154, 1.0)",0.6348764368704675,80.21346771357946,1.2467501397945697,55.78690467519239,4.903458624225408,True,False,True,False,False,0.32431026620387726,0.0,0.0,0.0,0.0,0,0.933699698634994,0.987679489452226,False,False,False,False,-0.12434741749466148,-0.020641572504093923,False,False,False,False,1517259.0,1457202.768649439,False,False,False,False,17622.534815044022,False,False,False,False
2025-06-17 15:00:00+00:00,80.975,81.205,80.735,80.905,5338.0,,,,,,,,,,,,,,,,,,81.56938336524632,81.25645099450914,81.29155185002224,81.35752575046104,79.176498475829,76.97723148797095,76.83214300601836,76.72374090548428,,,,,,,,,,,,,,,,,,81.0085581371495,81.50457341495678,81.36528708332892,81.29594636037268,79.89980898333823,77.88611410715187,76.79471396683412,,,76.12532783597041,,,79.66263519257822,"rgba(38, 166, 154, 1.0)",0.6370955915685198,80.20666299959245,1.0961259340819687,51.69421481037168,9.348533732321911,True,False,False,False,False,0.0,0.0,0.0,0.0,0.0,0,0.9364264211085533,0.9868956968301764,False,False,False,False,-0.12049348722924924,-0.07056752986667159,False,False,False,False,1511921.0,1458051.1133215406,False,False,False,False,17432.07691093481,False,False,False,False
2025-06-17 16:00:00+00:00,80.905,80.965,80.44,80.455,4492.0,,,,,,,,,,,,,,,,,,81.46137156075612,81.2515294875083,81.28987601558832,81.3559827369794,79.17797649529352,76.97966682199446,76.83457546717335,76.72616244960193,,,,,,,,,,,,,,,,,,81.00170602937808,81.50013983405282,81.36292883741059,81.29434026986185,79.90066742309679,77.88831332704648,76.7971440982817,,,76.12779608139127,,,79.65482539026826,#000000,0.6479602576537706,80.19847555968605,0.39589533043710784,46.62445902660129,4.664443361240572,False,False,False,True,False,0.0,0.0,0.0,0.0,0.0,0,0.9401155042203466,0.9840071079520222,False,False,False,False,-0.18987151726846915,-0.13021952356757038,False,False,False,False,1507429.0,1458816.6619522143,False,False,False,False,17231.45556347846,False,False,False,False
2025-06-17 17:00:00+00:00,80.455,80.575,80.0,80.08,5180.0,,,,,,,,,,,,,,,,,,81.31720439737592,81.24239781238391,81.28680131321047,81.35324466741474,79.17920343369671,76.98216169544737,76.83707938539636,76.72866347965666,,,,,,,,,,,,,,,,,,80.98609313018217,81.49277385737217,81.35876756875376,81.29140008570262,79.90110346297507,77.89047273776478,76.79964856301298,,,76.13038480539514,,,79.64313437268972,#000000,0.6688183205842847,80.18570825725898,-0.15805227519281245,41.6459551215688,0.10901633744674655,False,True,False,True,False,0.0,0.0,0.0,0.0,0.0,0,0.9256373937677055,0.9954851274787544,False,False,False,False,-0.30147886176308986,-0.21584919266533012,False,False,False,False,1502249.0,1459490.0315343505,False,False,False,False,17044.61129117647,False,False,False,False
2025-06-17 18:00:00+00:00,80.085,80.4,79.915,80.02,7685.0,,,,,,,,,,,,,,,,,,81.14022423651971,81.22776312288215,81.28181992410076,81.34882717112515,79.18083208104866,76.98573422632329,76.84067038225653,76.73225417650549,,,,,,,,,,,,,,,,,,80.9609802060366,81.48109870743104,81.35207715063447,81.28663686804795,79.90153138897911,77.89352259468554,76.80324169545557,,,76.13411932606938,,,79.62781426213546,#000000,0.6899274801971262,80.16830186647083,-0.21495283305494406,38.082796038166,-3.1655800822581313,False,True,False,True,False,0.0,0.0,0.0,0.0,0.0,0,0.9232741094316275,1.000088393883144,False,False,False,False,-0.3378654981449677,-0.2768573454051489,False,False,False,False,1494564.0,1460033.8139911823,False,False,False,False,16899.50103860009,False,False,False,False
2025-06-17 19:00:00+00:00,80.0,80.36,79.855,80.12,18773.0,,,,,,,,,,,,,,,,,,80.86872761444113,81.19355750733956,81.26982710261069,81.33816710981822,79.18478673628245,76.9944270394186,76.8494094772466,76.74099359975739,,,,,,,,,,,,,,,,,80.11166666666666,80.90530205252307,81.45339177561725,81.3360316827044,81.27516139040037,79.9025694532707,77.90093771657975,76.8119863407732,,,76.14321265921905,,,79.63355895409063,#000000,0.7074397946583747,80.30166236833453,-0.2567884499941848,36.66335917924566,-4.608458105702809,False,True,False,True,False,0.0,0.0,0.0,0.0,0.0,0,0.9210873581419902,0.9993841822820453,False,False,False,False,-0.34282825441539394,-0.3098427999102714,False,False,False,False,1513337.0,1460860.219975815,False,False,False,False,16928.54753412567,False,False,False,False
2025-06-18 14:00:00+00:00,80.545,80.715,80.325,80.37,1403.0,,,,,,,,,,,,,,,,,,80.86101410107919,81.19190402661677,81.26921494083447,81.33760840631112,79.18519467735595,76.99514921185062,76.85013225221579,76.74171416740552,,,,,,,,,,,,,,,,,80.13658447330161,80.90317974210527,81.45190706325035,81.33519526140867,81.27457412559882,79.90277886532586,77.90157939684033,76.81270878519605,,,76.14395179306678,,,79.63440246854351,#000000,0.7178123170618729,80.30181490858261,0.09499013850373007,38.02455545327015,-4.608458105702809,False,True,False,True,False,0.0,0.0,0.0,0.0,0.0,0,0.9311495565118119,0.9888469307104601,False,False,False,False,-0.23089241506020852,-0.27036760748523997,False,False,False,False,1514740.0,1461695.5654025464,False,False,False,False,16687.841370805894,False,False,False,False
2025-06-18 15:00:00+00:00,80.37,80.63,80.35,80.455,3972.0,,,,,,,,,,,,,,,,,,80.84114367635782,81.18731718237524,81.26750495261132,81.33604572175359,79.18635566824123,76.99719700976159,76.85218162626289,76.74375719633942,,,,,,,,,,,,,,,,,80.19279726409364,80.8973954769919,81.44776340613329,81.33285875027461,81.27293334253335,79.90337958719697,77.90340019401934,76.81475719059078,,,76.14604699681391,,,79.63604926534606,#000000,0.7243138287549987,80.30171250987256,0.21163131786524214,39.6919007922428,-4.608458105702809,False,True,False,True,False,0.0,0.0,0.0,0.0,0.0,0,0.930588545790446,0.9891792029559261,False,False,False,False,-0.2388137810108945,-0.25459069424806724,False,False,False,False,1518712.0,1462579.5411327395,False,False,False,False,16490.696543351536,False,False,False,False
2025-06-18 16:00:00+00:00,80.52,80.665,80.355,80.41,3188.0,,,,,,,,,,,,,,,,,,80.82656166859095,81.18366958188696,81.2661349373768,81.33479315900998,79.1872847936761,76.99883808279539,76.85382406213942,76.74539462228404,,,,,,,,,,,,,,,,,80.2259028997171,80.89284761262147,81.4444573860299,81.330988981807,81.27161855172811,79.90385943617993,77.90485879404876,76.81639887571825,,,76.14772653459087,,,79.63671459035064,#000000,0.7331474354898595,80.30114098496064,0.1484817511045673,40.482187933251694,-4.608458105702809,False,True,False,True,True,0.0,0.0,0.0,0.0,0.0,0,0.9242585686378975,0.9999112058248987,False,False,False,False,-0.23352966163558297,-0.2440601779418251,False,False,False,False,1515524.0,1463400.3854562629,False,False,False,False,16284.453186090272,False,False,False,False
2025-06-18 17:00:00+00:00,80.405,80.63,80.365,80.38,7158.0,,,,,,,,,,,,,,,,,,80.79621024389122,81.17540563498048,81.26300504197556,81.33193424439592,79.18933649373889,77.00249774759969,76.85748776285132,76.74904785930372,,,,,,,,,,,,,,,,,80.27413555014398,80.88255162471364,81.43697671017433,81.32673095266985,81.26861450112375,79.90489952754301,77.90810446131844,76.82006114966153,,,76.15147689934851,,,79.63668746913034,#000000,0.736310053916616,80.29868260213031,0.11043907038500285,40.77737849579244,-4.608458105702809,False,True,False,True,True,0.0,0.0,0.0,0.0,0.0,0,0.9220122438115518,0.9964510691154301,False,False,False,False,-0.23683071713197604,-0.24044544753690056,False,False,False,False,1508366.0,1464097.5267670183,False,False,False,False,16142.957787856312,False,False,False,False
2025-06-18 18:00:00+00:00,80.555,80.685,80.09,80.14,2719.0,,,,,,,,,,,,,,,,,,80.7812974955617,81.17165493897105,81.26159714231096,81.33066340244248,79.19002014759707,77.00382427042634,76.85881830772612,76.75037638880954,,,,,,,,,,,,,,,,,80.27639068784207,80.87739956627723,81.43372423008599,81.32484071860226,81.26726436895925,79.90518441125595,77.90926118452059,76.82139180480925,,,76.15284912564857,,,79.63523181663737,#000000,0.7446434723437066,80.29640490344076,-0.2100399845693762,39.18907175357897,-4.608458105702809,False,True,False,True,True,0.0,0.0,0.0,0.0,0.0,0,0.9209199469261391,0.9955771782397179,False,False,False,False,-0.2661084097174066,-0.25327692862715356,False,False,False,False,1505647.0,1464741.7046465995,False,False,False,False,15934.8344113004,False,False,False,False
2025-06-18 19:00:00+00:00,80.125,80.4,80.075,80.155,8310.0,,,,,,,,,,,,,,,,,,80.73278994799279,81.15915468080722,81.25689496676355,81.32644083653487,79.19192681024471,77.00775540510386,76.86276652943234,76.75432223681037,,,,,,,,,,,,,,,,,80.26427139394738,80.85968682232932,81.42307163501171,81.31857263176174,81.26275627859184,79.90584629769043,77.91264962134177,76.82534162216123,,,76.15694157947753,,,79.62901548228282,#000000,0.7555619768781966,80.2877746821057,-0.1757297034113579,38.322595422352,-5.504812274618587,False,True,False,True,True,0.0,0.0,0.0,0.0,0.0,0,0.9208130799823244,0.9978789217852417,False,False,False,False,-0.3067746082666657,-0.28002576844690963,False,False,False,False,1513957.0,1465504.7324815358,False,False,False,False,15816.619924303495,False,False,False,False
2025-06-19 14:00:00+00:00,80.155,80.155,80.155,80.155,0.0,,,,,,,,,,,,,,,,,,80.73278994799279,81.15915468080722,81.25689496676355,81.32644083653487,79.19192681024471,77.00775540510386,76.86276652943234,76.75432223681037,,,,,,,,,,,,,,,,,80.26427139394738,80.85968682232932,81.42307163501171,81.31857263176174,81.26275627859184,79.90584629769043,77.91264962134177,76.82534162216123,,,76.15694157947753,,,79.62901548228282,#000000,0.767052959870716,80.2877746821057,-0.17309715111207374,37.74494453486736,-6.588290620250227,False,True,False,True,True,0.0,0.0,0.0,0.0,0.0,0,0.9259424293734962,1.001336779253187,False,False,False,False,-0.32955959782331073,-0.3047926831351102,False,False,False,False,1513957.0,1466255.9304275583,False,False,False,False,15571.401010748403,False,False,False,False
2025-06-19 15:00:00+00:00,80.155,80.155,80.155,80.155,0.0,,,,,,,,,,,,,,,,,,80.73278994799279,81.15915468080722,81.25689496676355,81.32644083653487,79.19192681024471,77.00775540510386,76.86276652943234,76.75432223681037,,,,,,,,,,,,,,,,,80.26427139394738,80.85968682232932,81.42307163501171,81.31857263176174,81.26275627859184,79.90584629769043,77.91264962134177,76.82534162216123,,,76.15694157947753,,,79.62901548228282,#000000,0.7796414167692179,80.2877746821057,-0.17030224312083647,37.359843943210926,-7.485281319750385,False,True,False,True,True,0.0,0.0,0.0,0.0,0.0,0,0.9242110941292818,1.0027870178908578,False,False,False,False,-0.32955959782331073,-0.3171761404792105,False,False,False,False,1513957.0,1466995.4818937976,False,False,False,False,15329.983940814318,False,False,False,False
2025-06-19 16:00:00+00:00,80.155,80.155,80.155,80.155,0.0,,,,,,,,,,,,,,,,,,80.73278994799279,81.15915468080722,81.25689496676355,81.32644083653487,79.19192681024471,77.00775540510386,76.86276652943234,76.75432223681037,,,,,,,,,,,,,,,,,80.26427139394738,80.85968682232932,81.42307163501171,81.31857263176174,81.26275627859184,79.90584629769043,77.91264962134177,76.82534162216123,,,76.15694157947753,,,79.62901548228282,#000000,0.7918664119771602,80.2877746821057,-0.16767308235007494,37.10311021543997,-8.25014633324578,False,True,False,True,True,0.0,0.0,0.0,0.0,0.0,0,0.9273406873917406,1.0037378065457208,False,False,False,False,-0.32955959782331073,-0.3233678691512606,False,False,False,False,1513957.0,1467723.5674458316,False,False,False,False,15092.30977118929,False,False,False,False
2025-06-19 17:00:00+00:00,80.155,80.155,80.155,80.155,0.0,,,,,,,,,,,,,,,,,,80.73278994799279,81.15915468080722,81.25689496676355,81.32644083653487,79.19192681024471,77.00775540510386,76.86276652943234,76.75432223681037,,,,,,,,,,,,,,,,,80.26427139394738,80.85968682232932,81.42307163501171,81.31857263176174,81.26275627859184,79.90584629769043,77.91264962134177,76.82534162216123,,,76.15694157947753,,,79.62901548228282,#000000,0.7997795304335147,80.2877746821057,-0.16601410395404245,36.931954396926,-8.915260330824559,False,True,False,True,True,0.0,0.0,0.0,0.0,0.0,1,0.9279808928899506,0.9960499724416692,False,False,False,False,-0.32955959782331073,-0.32646373348728563,False,False,False,False,1513957.0,1468440.364849772,False,False,False,False,14858.32047241116,False,False,False,False
2025-06-19 18:00:00+00:00,80.155,80.155,80.155,80.155,0.0,,,,,,,,,,,,,,,,,,80.73278994799279,81.15915468080722,81.25689496676355,81.32644083653487,79.19192681024471,77.00775540510386,76.86276652943234,76.75432223681037,,,,,,,,,,,,,,,,,80.26427139394738,80.85968682232932,81.42307163501171,81.31857263176174,81.26275627859184,79.90584629769043,77.91264962134177,76.82534162216123,,,76.15694157947753,,,79.62901548228282,#000000,0.798078915244662,80.2877746821057,-0.1663678610842649,36.81785051791669,-9.500198467424397,False,True,False,True,True,0.0,0.0,0.0,0.0,0.0,1,0.9257549173515564,0.995475113122173,False,False,False,False,-0.32955959782331073,-0.32801166565529816,False,False,False,False,1513957.0,1469146.049115667,False,False,False,False,14627.958914699359,False,False,False,False
2025-06-19 19:00:00+00:00,80.155,80.155,80.155,80.155,0.0,,,,,,,,,,,,,,,,,,80.73278994799279,81.15915468080722,81.25689496676355,81.32644083653487,79.19192681024471,77.00775540510386,76.86276652943234,76.75432223681037,,,,,,,,,,,,,,,,,80.26427139394738,80.85968682232932,81.42307163501171,81.31857263176174,81.26275627859184,79.90584629769043,77.91264962134177,76.82534162216123,,,76.15694157947753,,,79.62901548228282,#000000,0.795634626862473,80.2877746821057,-0.16687896381444836,36.741781265243816,-10.017272760274281,False,True,False,True,False,0.0,0.0,0.0,0.0,0.0,0,0.9333582927742421,0.995039311119432,False,False,False,False,-0.32955959782331073,-0.3287856317393044,False,False,False,False,1513957.0,1469840.79254023,False,False,False,False,14401.168854006344,False,False,False,False
2025-06-20 14:00:00+00:00,80.82,81.135,80.785,80.98,18107.0,,,,,,,,,,,,,,,,,80.96666666666668,80.76930381911514,81.15385293169169,81.25409454267381,81.32351111950604,79.19912622349258,77.01830396368491,76.87327482680458,76.76476469855642,,,,,,,,,,,,,,,,,80.46414992927865,80.8655351528692,81.41457577723313,81.31431364665895,81.26003068350164,79.91084185159161,77.92241878899311,76.83583315214814,,,76.16748969489043,,,79.72415281026274,"rgba(38, 166, 154, 0.5)",0.7879473561343774,80.50581977793514,0.601791754707014,47.91140354181746,-6.034623595629249,True,False,False,False,True,1.5841038995724404,0.0,0.0,0.0,0.0,0,0.9299610894941637,0.9872151195108402,False,False,False,False,-0.11741157442216643,-0.22309860308073542,False,False,False,False,1532064.0,1470805.4934310792,False,False,False,False,14458.623600455858,False,False,False,False
2025-06-20 15:00:00+00:00,80.96,81.12,80.76,80.89,7708.0,,,,,,,,,,,,,,,,,80.95372793595456,80.77890279956235,81.15118142612998,81.2527414934252,81.32212869634952,79.20209855822566,77.02272826337426,76.87768462731704,76.76914859239584,,,,,,,,,,,,,,,,,80.51376423972265,80.86684961604432,81.41071370749489,81.31230964603712,81.25871644386784,79.91286747472348,77.92649957632666,76.84023651414589,,,76.17192549669475,,,79.72778233006454,#000000,0.7799123478144075,80.5082398798808,0.48949105779517943,53.925542541667426,-0.9153093545638882,True,False,True,False,True,0.9508679939063498,0.0,0.0,0.0,0.0,0,0.9331227939810518,0.9849526286457376,False,False,False,False,-0.12248386757965353,-0.17279123533019447,False,False,False,False,1524356.0,1471635.7338430004,False,False,False,False,14353.962769441037,False,False,False,False
2025-06-20 16:00:00+00:00,80.885,80.99,80.25,80.35,6569.0,,,,,,,,,,,,,,,,,80.86777595932148,80.76635017209833,81.1451062908522,81.25023060069869,81.31980347330867,79.20404658135074,77.02611146647627,76.88107057829218,76.77252433936977,,,,,,,,,,,,,,,,,80.51513321438811,80.86044503039584,81.40485210416871,81.30890723908053,81.25630037845619,79.91391789578095,77.92951329374353,76.84362093336198,,,76.17538689595644,,,79.72151232653789,#000000,0.7776931294583386,80.50119007650139,-0.1944083993730238,51.51073444238586,-0.9153093545638882,True,False,True,False,False,0.0,0.0,0.0,0.0,0.0,0,0.9367430594373023,0.9821129122414769,False,False,False,False,-0.20468644983752762,-0.18873884258386103,False,False,False,False,1517787.0,1472351.2573493104,False,False,False,False,14233.265672240399,False,False,False,False
2025-06-20 17:00:00+00:00,80.37,80.46,80.12,80.215,7245.0,,,,,,,,,,,,,,,,,80.75757605961964,80.73993357575759,81.13571441477,81.24646996459232,81.31639958110108,79.20576038714773,77.02955363388061,76.88452701804728,76.77597837252338,,,,,,,,,,,,,,,,,80.49385109373044,80.84821513079437,81.39654608282721,81.30392378581537,81.25268869790568,79.91457573276342,77.93249117447006,76.847078629453,,,76.17896619619557,,,79.71066372559996,#000000,0.7706621290294497,80.48930534927388,-0.35593464235660094,48.719145404805076,4.638377456466891,True,False,False,False,False,0.0,0.0,0.0,0.0,0.0,0,0.9326198231735695,0.9898557468590055,False,False,False,False,-0.29243560735127605,-0.24058722496756854,False,False,False,False,1510542.0,1472943.3618865304,False,False,False,False,14124.920468019618,False,False,False,False
2025-06-20 18:00:00+00:00,80.2,80.42,80.155,80.175,10624.0,,,,,,,,,,,,,,,,,80.65026927082296,80.70479373137823,81.12206804070682,81.24092353842515,81.31137703874663,79.20822806020111,77.03456464585476,76.88956032563233,76.78100927529961,,,,,,,,,,,,,,,,,80.46680179098453,80.830724673378,81.38442421076022,81.29659726566283,81.24736018822537,79.91549483134827,77.93681621032067,76.8521141466403,,,76.1841843066257,,,79.69841924966987,#000000,0.7640703766955075,80.47511411254214,-0.3927833373675558,46.50308197111464,2.700172252545883,False,False,False,True,False,0.0,0.0,0.0,0.0,0.0,0,0.9330907054871224,0.9929078014184408,False,False,False,False,-0.29311572917289536,-0.26685147707023193,False,False,False,False,1499918.0,1473361.5733301502,False,False,False,False,14070.642631306137,False,False,False,False
2025-06-20 19:00:00+00:00,80.175,80.335,80.085,80.19,23833.0,,,,,,,,,,,,,,,,,80.50649279216046,80.6352920206796,81.09137447824746,81.22812747720312,81.2997922885916,79.21347554164669,77.04558707333574,76.90064099846198,76.79209123586139,,,,,,,,,,,,,,,,,80.414303703456,80.79210727558699,81.35706068709818,81.27980985343952,81.23506047051315,79.91725334501568,77.94626559564819,76.863201971737,,,76.19570785785398,,,79.67752569462839,#000000,0.7496136722744042,80.44913652719151,-0.34569343753465503,45.22476165649195,1.4796296251806424,False,False,False,True,False,0.0,0.0,0.0,0.0,0.0,0,0.9323639774859288,0.9957786116322713,False,False,False,False,-0.3143342789705801,-0.290592878020406,False,False,False,False,1523751.0,1474142.8047513883,False,False,False,False,14221.997009115343,False,False,False,False
2025-06-23 14:00:00+00:00,80.09,80.43,80.055,80.055,15487.0,,,,,,,,,,,,,,,,,80.45004281424089,80.59767487889718,81.0720095774086,81.21979475975508,81.29223588286489,79.21677617804188,77.05265595902122,76.90775114065757,76.79920505608217,,,,,,,,,,,,,,,,,80.38744383006653,80.76856609119761,81.33960300328481,81.26894427192178,81.22704484639894,79.91829231243227,77.9523007682491,76.87031768480696,,,76.20311726734717,,,79.66709759148985,"rgba(239, 83, 80, 0.5)",0.7350789134589936,80.4352542419471,-0.5172971703919134,43.02836126132859,-0.7103477293691611,False,True,False,True,False,0.0,0.0,0.0,0.0,0.0,0,0.9262970593744151,0.9950365236935766,False,False,False,False,-0.3054037914463188,-0.2979983347333624,False,False,False,False,1508264.0,1474671.8155304366,False,False,False,False,14241.609458586421,False,False,False,False
2025-06-23 15:00:00+00:00,80.03,80.15,79.725,79.725,11886.0,,,,,,,,,,,,,,,,,80.38169984920017,80.55408503486682,81.05266887072719,81.21158863595234,81.28489089430275,79.2184750344921,77.05751821553409,76.91266664682,76.80414042277474,,,,,,,,,,,,,,,,,80.34533011978792,80.74270815443397,81.32302529363413,81.2583917261907,81.21915873070064,79.91813611185077,77.95626219759725,76.87524313276265,,,76.20833862564301,,,79.65388171009577,"rgba(239, 83, 80, 0.5)",0.7321964980213589,80.41906032803124,-0.9479153887062093,38.90741475608781,-4.6655404784652745,False,True,False,True,False,0.0,0.0,0.0,0.0,0.0,0,0.9236955302038529,0.997942771647654,False,False,False,False,-0.34282825441539394,-0.32041329457437817,False,False,False,False,1496378.0,1475008.3455222128,False,False,False,False,14205.088381709113,False,False,False,False
2025-06-23 16:00:00+00:00,79.725,79.785,79.075,79.205,10696.0,,,,,,,,,,,,,,,,,80.28378552003923,80.49301919762316,81.02850456672653,81.20151150643184,81.27598428717187,79.21879543546994,77.06108498560194,76.91631231830281,76.8078283654997,,,,,,,,,,,,,,,,,80.27815162335055,80.70780563080223,81.30329286857919,81.24558889510764,81.2094845903366,79.91660701377958,77.95886200382854,76.87890587333351,,,76.2123691401003,,,79.63444262835206,"rgba(255, 0, 0, 1.0)",0.752584723316106,80.39640220675865,-1.5830805088747884,33.42301141511251,-9.752502872028337,False,True,False,True,False,0.0,0.0,0.0,0.0,0.0,0,0.913746630727763,1.0038107630820718,False,False,False,False,-0.34282825441539394,-0.33162077449488603,False,False,False,False,1485682.0,1475173.8285373722,False,False,False,False,14150.683910674863,False,False,False,False
2025-06-23 17:00:00+00:00,79.19,79.715,79.12,79.64,13226.0,,,,,,,,,,,,,,,,,80.20022769265944,80.43369659995582,81.00192308899453,81.19011216160222,81.26585946335321,79.21958500096193,77.0657419988281,76.92105709562261,76.81261781251835,,,,,,,,,,,,,,,,,80.21728675162665,80.67112404806755,81.28110711624771,81.23112124307822,81.19853152304498,79.91518500816903,77.9623768117752,76.88366921073401,,,76.21755488442749,,,79.61595427219055,"rgba(239, 83, 80, 0.5)",0.7572430316694962,80.37408500782395,-0.969417976954519,34.96949896402193,-9.752502872028337,False,True,False,True,False,0.0,0.0,0.0,0.0,0.0,0,0.9136943263722049,1.0045278137128082,False,False,False,False,-0.34282825441539394,-0.33722451445514,False,False,False,False,1498908.0,1475541.8001879554,False,False,False,False,14136.347726013237,False,False,False,False
2025-06-23 18:00:00+00:00,79.64,79.875,79.615,79.875,4873.0,,,,,,,,,,,,,,,,,80.18481809899632,80.41991093333334,80.99423829844923,81.18667733272589,81.26277690462217,79.22019069832501,77.06766261740896,76.92300210441222,76.81457306512989,,,,,,,,,,,,,,,,,80.20539503651408,80.66142138830058,81.27440190738496,81.22674964511533,81.1952264001815,79.91502880051435,77.96391817981826,76.88561898299463,,,76.21963414115363,,,79.61185943495451,"rgba(239, 83, 80, 0.5)",0.757640493321276,80.36873314811376,-0.6516720693602042,38.250789700983745,-9.752502872028337,False,True,False,True,True,0.0,0.0,0.0,0.0,0.0,0,0.9236387168346122,1.000832023666452,False,False,False,False,-0.27157535006613476,-0.3043999322606374,False,False,False,False,1503781.0,1475979.6172393048,False,False,False,False,13992.72993181148,False,False,False,False
2025-06-23 19:00:00+00:00,79.87,80.025,79.595,79.83,23216.0,,,,,,,,,,,,,,,,,80.12912640907018,80.36419014406724,80.95975329595359,81.17086849331045,81.24854466687553,79.2232017732595,77.0768706718508,76.93232369269455,76.82394154821301,,,,,,,,,,,,,,,,,80.16004310034357,80.61938851179747,81.24386027902138,81.20668419160049,81.18000335413358,79.91445510086795,77.97133948482762,76.89496260315765,,,76.22958538598562,,,79.59526807770851,"rgba(239, 83, 80, 0.5)",0.761253541836052,80.34634491935539,-0.678282452532212,40.09561879102655,-9.752502872028337,False,True,False,True,True,0.0,0.0,0.0,0.0,0.0,0,0.9202550360377012,1.003326557013492,False,False,False,False,-0.2577685596521368,-0.2810842459563871,False,False,False,False,1480565.0,1476050.7084448969,False,False,False,False,14135.726366977193,False,False,False,False
2025-06-24 14:00:00+00:00,78.93,79.815,78.86,79.8,17351.0,,,,,,,,,,,,,,,,,80.0643769696544,80.30784624526721,80.92830993339223,81.1565107324097,81.23571640637232,79.2242108351375,77.08290076759404,76.93847068964278,76.83014897377488,,,,,,,,,,,,,,,,,80.1064386578782,80.57895510200426,81.21684651960685,81.1886367514214,81.16618352697418,79.91262013560171,77.97587722688854,76.90113449626782,,,76.23631620497832,,,79.57736376293458,"rgba(239, 83, 80, 0.5)",0.7598680717660489,80.32364522803854,-0.6891265043174077,41.0786257204755,-15.814066723358529,False,True,False,True,True,0.0,0.0,0.0,0.0,0.0,0,0.9072315558802048,1.0055697589481385,False,False,False,False,-0.34282825441539394,-0.3119562501858905,False,False,False,False,1463214.0,1475851.6897093172,False,False,False,False,14185.57557058995,False,False,False,False
2025-06-24 15:00:00+00:00,79.84,79.985,79.4,79.46,9274.0,,,,,,,,,,,,,,,,,80.04123628270266,80.28473026677126,80.91344566079641,81.14949791223947,81.22941577400341,79.22499434376755,77.08627587652605,76.94190225227756,76.8336081700029,,,,,,,,,,,,,,,,,80.08623813259582,80.56082944383166,81.20375462966223,81.17983522001957,81.1594265352,79.91193131942228,77.97848797233164,76.9045778010508,,,76.24003827524041,,,79.5700110348942,"rgba(239, 83, 80, 1.0)",0.7609412911989998,80.31390241739201,-1.1221659637454349,39.1884806928568,-15.814066723358529,False,True,False,True,True,0.0,0.0,0.0,0.0,0.0,0,0.9239408327246168,1.000456537618701,False,False,False,False,-0.26749278037815744,-0.289724515282024,False,False,False,False,1453940.0,1475511.9735897928,False,False,False,False,14109.42711213119,False,False,False,False
2025-06-24 16:00:00+00:00,79.47,79.855,79.29,79.74,18133.0,,,,,,,,,,,,,,,,,80.00346579023481,80.2445327463675,80.88562201674857,81.13608636357961,81.21733750441855,79.22656932314239,77.0928837940586,76.94861980163215,76.8403793040143,,,,,,,,,,,,,,,,,80.05217391244891,80.52776158506097,81.17897496338763,81.16305162497322,81.14649615992879,79.91065374596764,77.98361007698752,76.91131814070907,,,76.24732087360901,,,79.55703157962706,"rgba(239, 83, 80, 0.5)",0.7615840710651965,80.29638081896103,-0.730557321377329,40.967671753658564,-15.491181060495663,False,True,False,True,True,0.0,0.0,0.0,0.0,0.0,0,0.9213737008585633,0.9935833709896078,False,False,False,False,-0.2925891598082361,-0.29115683754513,False,False,False,False,1472073.0,1475458.656169796,False,False,False,False,14171.808087136907,False,False,False,False
2025-06-24 17:00:00+00:00,79.75,79.8,79.285,79.31,6092.0,,,,,,,,,,,,,,,,,79.98741090772644,80.22881780617779,80.87536327392627,81.13115113409633,81.21290754534053,79.22688170633543,77.09495358430662,76.9507320109866,76.84251394932613,,,,,,,,,,,,,,,,,80.03785666732043,80.51524915625147,81.16996538350801,81.15690271259885,81.14173880941401,79.90998028297172,77.985153596352,76.91343947818227,,,76.24964267257792,,,79.55182458851887,"rgba(239, 83, 80, 1.0)",0.7554659262790677,80.28957172607878,-1.296645807579311,39.24380193128848,-15.491181060495663,False,True,False,True,True,0.0,0.0,0.0,0.0,0.0,1,0.922009312320917,0.9946275071633248,False,False,False,False,-0.29891850164847467,-0.29503766959680233,False,False,False,False,1465981.0,1475311.7157640625,False,False,False,False,14046.539744700676,False,False,False,False
2025-06-24 18:00:00+00:00,79.305,79.59,79.06,79.095,12891.0,,,,,,,,,,,,,,,,,79.94354826259567,80.18870308893136,80.85087536261662,81.11945781366025,81.20245408516925,79.2269410139036,77.09892217754577,76.95480573297498,76.84664729875202,,,,,,,,,,,,,,,,,79.99911883628818,80.4844532430489,81.14882596820235,81.14238938642987,81.13047079681262,79.90787125344141,77.98793252938695,76.9175365548917,,,76.25421437176114,,,79.5382913767442,"rgba(255, 0, 0, 1.0)",0.7574278010984156,80.27240125477891,-1.5544732488977253,36.90932955595281,-15.491181060495663,False,True,False,True,False,0.0,0.0,0.0,0.0,0.0,0,0.9187511087457869,0.9984034060670579,False,False,False,False,-0.34282825441539394,-0.3189329620060981,False,False,False,False,1453090.0,1474967.1930390382,False,False,False,False,14028.624399821596,False,False,False,False
2025-06-24 19:00:00+00:00,79.095,79.385,78.9,79.255,42653.0,,,,,,,,,,,,,,,,,79.8182226151628,80.0684346979375,80.7716148015349,81.08040620140105,81.1674632972962,79.22651550311406,77.11153542815717,76.96778371813963,76.85983656556503,,,,,,,,,,,,,,,,,79.88471358745898,80.38734839560168,81.07968010752464,81.09422619756609,81.0928058327957,79.90027468471297,77.9965469670453,76.93059637868498,,,76.26889911003285,,,79.49635323409993,"rgba(239, 83, 80, 1.0)",0.7596171688726739,80.21864660673961,-1.2685950847711038,37.087128868512906,-15.491181060495663,False,True,False,True,False,0.0,0.0,0.0,0.0,0.0,0,0.9166300237446138,1.0020226892973363,False,False,False,False,-0.34282825441539394,-0.33088060821074605,False,False,False,False,1495743.0,1475289.2985733165,False,False,False,False,14472.413168816609,False,False,False,False
2025-06-25 14:00:00+00:00,78.465,78.61,77.98,78.265,11460.0,,,,,,,,,,,,,,,,,79.75346339308969,80.01307598062454,80.74032113686768,81.06536455381632,81.15412624837474,79.22422798695308,77.1134432467215,76.969844592191,76.86199769561475,,,,,,,,,,,,,,,,,79.82685374434139,80.34612425576523,81.05355565778991,81.07582282793669,81.07831301791626,79.89575791226153,77.99710594390409,76.93269370425286,,,76.27161420948643,,,79.47659364108361,"rgba(255, 26, 202, 1.0)",0.7918604902625905,80.19478769979845,-2.437029910607754,32.85862627086701,-11.420174609932197,False,True,False,True,False,0.0,0.0,0.0,0.0,0.0,0,0.9015138482711169,1.0042146912093595,False,False,False,False,-0.34282825441539394,-0.33685443131307,False,False,False,False,1484283.0,1475428.7358047378,False,False,False,False,14425.709088679916,False,False,False,False
2025-06-25 15:00:00+00:00,78.32,78.36,77.875,78.165,5550.0,,,,,,,,,,,,,,,,,79.72098753103097,79.9852368588418,80.72452843671125,81.05774381316456,81.14737237060613,79.22294590093296,77.11424563949898,76.97072551117014,76.86293066199651,,,,,,,,,,,,,,,,,79.79770012851651,80.3253085604711,81.0403949981499,81.06651693070043,81.07096970432154,79.89337442410664,77.99723367132157,76.93359343634594,,,76.27282763424274,,,79.46657697516982,"rgba(255, 26, 202, 1.0)",0.829263121287315,80.18272597886788,-2.4331553243747717,29.72995090136556,-14.475810684754045,False,True,False,True,False,0.0,0.0,0.0,0.0,0.0,0,0.9005374051010837,1.0084449373027393,False,False,False,False,-0.34282825441539394,-0.33984134286423195,False,False,False,False,1478733.0,1475479.9647069897,False,False,False,False,14288.101195832165,False,False,False,False
2025-06-25 16:00:00+00:00,78.165,78.375,77.975,78.02,5822.0,,,,,,,,,,,,,,,,,79.68808454429258,79.95675303779187,80.70810294243651,81.04976485522488,81.14029647422049,79.22159190247466,77.1150777547694,76.97164023451766,76.86390018944685,,,,,,,,,,,,,,,,,79.76799994820533,80.30379176604136,81.02666918017776,81.05678494464259,81.06327966797019,79.89086687562141,77.99735757548355,76.93452796046647,,,76.27409199643874,,,79.4562641090461,"rgba(255, 26, 202, 1.0)",0.866435605028149,80.17028147192687,-2.481755665912431,27.186658171675674,-16.949798529435213,False,True,False,True,False,0.0,0.0,0.0,0.0,0.0,0,0.9006157315063744,1.0194258954123678,False,False,False,False,-0.3336576017954624,-0.3367494723298472,False,False,False,False,1472911.0,1475440.1357968037,False,False,False,False,14156.843812951047,False,False,False,False
2025-06-25 17:00:00+00:00,78.005,78.215,77.75,77.865,3126.0,,,,,,,,,,,,,,,,,79.66900241525612,79.94034942866651,80.69876069729555,81.04523618938799,81.13628500753627,79.2207473494441,77.11544431342364,76.97205410940288,76.86434582925904,,,,,,,,,,,,,,,,,79.75078554075058,80.29147190986222,81.01889894088568,81.05126705963568,81.05891540958136,79.88938661737009,77.99732908837548,76.9349532449362,,,76.27470414619879,,,79.45030783241585,"rgba(255, 26, 202, 1.0)",0.9123302853420846,80.20452587557403,-2.5643409115776734,25.00714117932069,-19.10155042810468,False,True,False,True,False,0.0,0.0,0.0,0.0,0.0,0,0.8938450899031816,1.0191044260027673,False,False,False,False,-0.34282825441539394,-0.3397888633726206,False,False,False,False,1469785.0,1475352.4592728224,False,False,False,False,13985.822978641729,False,False,False,False
2025-06-25 18:00:00+00:00,77.89,78.26,77.77,77.87,7399.0,,,,,,,,,,,,,,,,,79.62604648029985,79.9030096754728,80.6770830384322,81.03464985711896,81.12689926443946,79.21878923032797,77.11633505451232,76.97305581553964,76.86542193792764,,,,,,,,,,,,,,,,,79.71181600756522,80.26310267113504,81.00080086517637,81.03838173079889,81.04871103782769,79.88593381256719,77.9972908668085,76.93598169245674,,,76.27617150573275,,,79.43666523755331,"rgba(255, 26, 202, 1.0)",0.9481564616024489,80.18887500303538,-2.445667035919701,23.61704499963664,-20.570519665564582,False,True,False,True,False,0.0,0.0,0.0,0.0,0.0,0,0.8917126119917302,1.021278428669884,False,False,False,False,-0.33778491464470456,-0.3387868890086626,False,False,False,False,1477184.0,1475380.8552530885,False,False,False,False,13883.70169215116,False,False,False,False
2025-06-25 19:00:00+00:00,77.85,78.19,77.795,78.03,36547.0,,,,,,,,,,,,,,,,,79.44639173600835,79.74080145870701,80.57630876595911,80.98404956888112,81.08189506071308,79.20949958804947,77.12090473920512,76.97816399551719,76.87089060853611,,,,,,,,,,,,,,,,,79.54560097808546,80.13473229104609,80.91555576014976,80.97705744457897,80.9998939348924,79.86939619637374,77.99733804273811,76.94121955099781,,,76.28354579178718,,,79.37586468943758,"rgba(255, 26, 202, 1.0)",0.9738830654796331,80.11647471841869,-2.142428380137307,24.77164921837706,-20.570519665564582,False,True,False,True,False,0.0,0.0,0.0,0.0,0.0,0,0.8984819734345356,1.0190615835777137,False,False,False,False,-0.34127467944293205,-0.34003078422579736,False,False,False,False,1513731.0,1475975.4311406375,False,False,False,False,14235.07065816432,False,False,False,False
2025-06-26 14:00:00+00:00,78.645,78.72,78.165,78.55,16957.0,,,,,,,,,,,,,,,,,79.3990476842839,79.69265061613991,80.5402290014401,80.9647815414447,81.06459672837582,79.2069123899655,77.12413566908698,76.98160156311235,76.87446172957843,,,,,,,,,,,,,,,,,79.49946267412454,80.09216493795952,80.88379778976878,80.95383722429861,80.98126811480566,79.86374454479798,77.99869986892509,76.94470601948458,,,76.2878808924206,,,79.35682929985836,"rgba(255, 0, 0, 1.0)",0.9763933079935859,80.0986270179606,-1.586068856968007,30.98202484749621,-24.950925439231405,False,True,False,True,True,0.0,0.0,0.0,0.0,0.0,0,0.9040157547735255,1.0033393269971755,False,False,False,False,-0.2728614605616646,-0.306446122393731,False,False,False,False,1530688.0,1476823.6880221781,False,False,False,False,14277.271113076502,False,False,False,False
2025-06-26 15:00:00+00:00,78.56,78.865,78.47,78.865,8078.0,,,,,,,,,,,,,,,,,79.38389099021147,79.67553153041706,80.52554624057852,80.95663714304473,81.05724126386347,79.2061154430308,77.12595823232019,76.9835116783875,76.8764269619007,,,,,,,,,,,,,,,,,79.48400329148411,80.07573077303134,80.8705312657512,80.94405052947609,80.97338570528575,79.86156090921635,77.99968938083884,76.94663658881339,,,76.2901797512071,,,79.34979105456775,"rgba(239, 83, 80, 1.0)",0.9707909053883506,80.09275527774216,-1.2646958999384286,37.61920606046995,-18.924483984356844,False,True,False,True,True,0.0,0.0,0.0,0.0,0.0,0,0.9131401213986496,0.9977772078310688,False,False,False,False,-0.23960293874692756,-0.27302453057032927,False,False,False,False,1538766.0,1477784.0339443148,False,False,False,False,14181.158382641206,False,False,False,False
2025-06-26 16:00:00+00:00,78.865,79.02,78.755,78.955,7725.0,,,,,,,,,,,,,,,,,79.37379298978286,79.66268673476704,80.51308885568271,80.94951854458306,81.05078195821818,79.20563967607666,77.12788843422311,76.9855184611394,76.87848086552711,,,,,,,,,,,,,,,,,79.47313657279769,80.06240228908548,80.85903283237604,80.93551335303403,80.96648971773284,79.85980632828864,78.00086043105688,76.94866106574524,,,76.29253278932464,,,79.34431171235983,"rgba(239, 83, 80, 1.0)",0.9694873122694215,80.08874486127186,-1.169427229138194,42.71193853410885,-14.470150601472234,True,False,False,True,True,0.0,0.0,0.0,0.0,0.0,0,0.9156574394463669,1.008910034602077,False,False,False,False,-0.20757945370542044,-0.24030199213787484,False,False,False,False,1546491.0,1478849.258224248,False,False,False,False,14081.062903840568,False,False,False,False
2025-06-26 17:00:00+00:00,78.955,79.2,78.92,79.175,26627.0,,,,,,,,,,,,,,,,,79.3549453217013,79.63183204113676,80.47646024438066,80.92758789269894,81.03074515529197,79.20504868101762,77.13520941365283,76.9930774311577,76.88618207357477,,,,,,,,,,,,,,,,,79.45017731132779,80.02584891617825,80.82414436501625,80.90931402871725,80.94521427039841,79.85499723086768,78.00570529962023,76.95627426736701,,,76.30119234433732,,,79.33016258494737,"rgba(239, 83, 80, 0.5)",0.9558995244813263,80.0787457107154,-0.9454400672557853,47.69122264422438,-10.110086755027758,True,False,False,False,True,0.0,0.0,0.0,0.0,0.0,0,0.9180398959236776,1.0035559410234178,False,False,False,False,-0.18276360881971682,-0.21153280047879583,False,False,False,False,1573118.0,1480310.7891044922,False,False,False,False,14275.573556494202,False,False,False,False
2025-06-26 18:00:00+00:00,79.17,79.28,78.94,79.155,14965.0,,,,,,,,,,,,,,,,,79.34643019812597,79.61672272344858,80.45707715849714,80.91566530376402,81.01981640681034,79.20480166512674,77.13935571463736,76.99735556838979,76.89053881756948,,,,,,,,,,,,,,,,,79.43935477330535,80.0070527871231,80.80543015069628,80.89512681077605,80.933637922039,79.85241529186241,78.00847549840532,76.9605824153652,,,76.30608197111114,,,79.32293171799658,"rgba(239, 83, 80, 0.5)",0.9565868284495013,80.07212728224448,-0.9587496450594237,50.814479464216696,-7.383404209814067,True,False,True,False,True,0.0,0.0,0.0,0.0,0.0,0,0.9183691135734076,0.9988746537396129,False,False,False,False,-0.17561332536546223,-0.19357306292212903,False,False,False,False,1558153.0,1481517.6450873683,False,False,False,False,14286.26233856406,False,False,False,False
2025-06-26 19:00:00+00:00,79.14,79.25,78.95,79.185,33424.0,,,,,,,,,,,,,,,,,79.32976977172581,79.58623436026262,80.4158342859672,80.88964620017649,80.99589633007656,79.20427824418955,77.14856972066853,77.00686384431017,76.9002229710863,,,,,,,,,,,,,,,,,79.41783481725449,79.96792663626663,80.76516520718505,80.86429857463712,80.9083533469798,79.84674014754181,78.01463175937769,76.97015776092086,,,76.31695477685071,,,79.30778964580156,"rgba(239, 83, 80, 0.5)",0.9567061642361201,80.05581455067613,-0.9102215321999412,53.13915619596416,-5.217087340138434,True,False,True,False,True,0.0,0.0,0.0,0.0,0.0,0,0.9190776405561797,0.9979272821487182,False,False,False,False,-0.17704193814562746,-0.18530750053387823,False,False,False,False,1591577.0,1483223.991675161,False,False,False,False,14582.971449594075,False,False,False,False
2025-06-27 14:00:00+00:00,79.11,79.36,79.025,79.235,14588.0,,,,,,,,,,,,,,,,,79.32579786065425,79.5761668996957,80.39967256628246,80.87902062031907,80.9860749380549,79.20428535833007,77.1527225544654,77.0111394634479,76.9045710972933,,,,,,,,,,,,,,,,,79.41164474384865,79.9534146036019,80.74900356306155,80.85177023649837,80.89801442123276,79.84455805455003,78.01748500830857,76.97446120906935,,,76.32180551894128,,,79.30234136463025,"rgba(239, 83, 80, 0.5)",0.9576834945212181,80.1090675868571,-0.9126894134205307,55.12217162223456,-3.1994740267769473,True,False,True,False,True,0.0,0.0,0.0,0.0,0.0,0,0.9235161792697703,0.9974909153832852,False,False,False,False,-0.16385374764163446,-0.17458062408775635,False,False,False,False,1606165.0,1485130.0538197323,False,False,False,False,14583.049411615872,False,False,False,False
2025-06-27 15:00:00+00:00,79.235,79.335,78.665,79.0,28034.0,,,,,,,,,,,,,,,,,79.30677648632624,79.54822359699006,80.36462139368854,80.85649601752142,80.96534324919786,79.20312268148064,77.1598579718313,77.01854045284635,76.91213508813182,,,,,,,,,,,,,,,,,79.38969250830816,79.91972150823774,80.71483005676347,80.82525964998466,80.8761094193391,79.83906104749191,78.02198369862298,76.98192351207753,,,76.33041716861763,,,79.28845284346117,"rgba(239, 83, 80, 1.0)",0.9634264489441888,80.08397152749231,-1.1251212053397797,53.68656411967517,-3.1994740267769473,True,False,True,False,True,0.0,0.0,0.0,0.0,0.0,0,0.921616022099448,0.9955110497237578,False,False,False,False,-0.19136848115973842,-0.1829745526237474,False,False,False,False,1578131.0,1486571.92895431,False,False,False,False,14791.591281203222,False,False,False,False
2025-06-27 16:00:00+00:00,78.995,79.21,78.8,78.88,18992.0,,,,,,,,,,,,,,,,,79.29370913618533,79.52961774051178,80.34124470370462,80.84124543305346,80.9512850235455,79.20220166797489,77.1645650142905,77.02343092697767,76.9171390106019,,,,,,,,,,,,,,,,,79.37482616736524,79.89735985280774,80.69194864404736,80.8073746674334,80.8612701956794,79.83521653982112,78.02489467335252,76.98685649573555,,,76.33614014410497,,,79.27906975841695,"rgba(239, 83, 80, 1.0)",0.9653963523443586,80.06955971966377,-1.2321982745999216,51.46854409226934,-3.1994740267769473,True,False,False,False,False,0.0,0.0,0.0,0.0,0.0,0,0.9210915095159471,1.0086903623881125,False,False,False,False,-0.19065035511307812,-0.18681245386841278,False,False,False,False,1559139.0,1487696.9998232354,False,False,False,False,14856.71389699852,False,False,False,False
2025-06-27 17:00:00+00:00,78.875,79.115,76.385,77.165,114021.0,,,,,,,,,,,,,,,,,78.97039513747208,79.21297630968287,80.08759440249189,80.68964479407396,80.81389694280674,79.16507413195069,77.17058850728439,77.03133669194443,76.9263462323434,,,,,,,,,,,,,,,,77.555,79.05981513137453,79.60902937734537,80.46380797948198,80.63004104274079,80.7141308547579,79.77666158012228,78.01632995132141,76.99522338955238,,,76.35184095344054,,,79.04932735870817,"rgba(255, 26, 202, 1.0)",1.0191029088082306,79.74427144573968,-2.5309234459510623,41.44854472254734,-0.14435726359143075,False,False,False,True,False,0.0,0.0,0.0,0.0,0.0,0,0.8882362812552446,1.0071320691391181,True,False,False,False,-0.34282825441539394,-0.26482035414190336,False,False,False,False,1445118.0,1487036.8602910922,True,False,False,False,16394.144689293116,False,False,False,False
2025-06-27 18:00:00+00:00,77.135,77.93,77.11,77.905,43075.0,,,,,,,,,,,,,,,,,78.8836180477884,79.12360518923698,80.00649274554645,80.63754946401308,80.76624839737822,79.15226797680926,77.17335680169204,77.03478395286318,76.93026194328402,,,,,,,,,,,,,,,,77.58059157033492,78.97317852394707,79.52190346724545,80.38852164657088,80.56986256496563,80.66343954413635,79.75621250138393,78.01381333614883,76.99883685124887,,,76.35811966230928,,,79.00969691803297,"rgba(255, 0, 0, 1.0)",1.046330387249613,79.68318701885693,-1.6994508049518404,40.247724055817514,-1.2190869550327292,False,False,False,True,False,0.0,0.0,0.0,0.0,0.0,0,0.9020704625146105,1.0231257305059285,False,False,False,False,-0.34282825441539394,-0.30382430427864865,False,False,False,False,1488193.0,1487054.784937742,False,False,False,False,16807.801360776943,False,False,False,False
2025-06-27 19:00:00+00:00,77.9,78.375,77.89,78.33,51976.0,,,,,,,,,,,,,,,,,78.83332596990618,79.06394525830717,79.93674940600975,80.58815470135318,80.72044056746311,79.14264739330558,77.1804735532412,77.04257571503933,76.93850654333951,,,,,,,,,,,,,,,,77.7341642432591,78.91974808502698,79.45454717138773,80.32006241504276,80.51348159972919,80.61521991242968,79.73835829843782,78.0153235031248,77.00679155483795,,,76.36881059895188,,,78.9869175495134,"rgba(239, 83, 80, 1.0)",1.0612770354382413,79.64848816524096,-1.2423600259064411,41.913616568809246,-1.2190869550327292,False,False,False,True,False,0.0,0.0,0.0,0.0,0.0,0,0.9090606816292606,1.0171238570241072,False,False,False,False,-0.2582613331645912,-0.28104281872161996,False,False,False,False,1540169.0,1487878.2611402574,False,False,False,False,17353.044750532335,False,False,False,False
2025-06-30 14:00:00+00:00,78.785,78.95,78.515,78.7,7132.0,,,,,,,,,,,,,,,,,78.83221275149272,79.06094349753803,79.93035223676544,80.58298269300627,80.71556000958633,79.14206562119153,77.18194051856732,77.04411718366354,76.94009595879942,,,,,,,,,,,,,,,,77.76673934493965,78.9178914093457,79.449464982944,80.31323612652211,80.50765532175573,80.61015105434015,79.73676197093319,78.0161158553939,77.00835064409823,,,76.37068475294191,,,78.98647984338241,"rgba(239, 83, 80, 0.5)",1.0652020787020153,79.64774264093629,-0.8897303712466839,44.93007299465363,-1.2190869550327292,True,False,False,True,True,0.0,0.0,0.0,0.0,0.0,0,0.9178727979488879,1.0095112066826573,False,False,False,False,-0.17879657144974806,-0.229919695085684,False,False,False,False,1547301.0,1488799.5439132766,False,False,False,False,17194.57894044656,False,False,False,False
2025-06-30 15:00:00+00:00,78.7,78.97,78.62,78.785,8763.0,,,,,,,,,,,,,,,,,78.8317220829737,79.05807283530983,79.92303365433979,80.57690454073408,80.70980524906574,79.14147165986479,77.18382091167018,77.04608616603161,76.94212155789549,,,,,,,,,,,,,,,,77.80666270312238,78.91645424921523,79.44390764061221,80.30529356406957,80.50082686916664,80.60418952644109,79.73494221643222,78.01718332647211,77.0103405081451,,,76.37305186106313,,,78.98626884786455,"rgba(239, 83, 80, 0.5)",1.0676401019959882,79.64731167587871,-0.8076801108038137,47.37057970938234,-1.2190869550327292,True,False,False,False,True,0.0,0.0,0.0,0.0,0.0,0,0.9187092514648845,1.0086655112651655,False,False,False,False,-0.1706621939192961,-0.20029094450249005,False,False,False,False,1556064.0,1489842.4036975668,False,False,False,False,17063.85678633111,False,False,False,False
2025-06-30 16:00:00+00:00,78.785,78.965,78.625,78.93,5993.0,,,,,,,,,,,,,,,,,78.83179003028734,79.05649442001445,79.91829394419358,80.5728832993184,80.70598803439592,79.14112257569936,77.1851429638534,77.04746741151574,76.94354044631382,,,,,,,,,,,,,,,,77.83347596264866,78.91586352449136,79.44043840082716,80.30008116904634,80.49631928949327,80.60024302648459,79.73376528233881,78.01795713193697,77.01173567305602,,,76.37470035642421,,,78.98625569921751,"rgba(239, 83, 80, 0.5)",1.0687525691462278,79.64721073378185,-0.6710727576119733,49.76171592394991,-8.244832733336779,True,False,False,False,True,0.0,0.0,0.0,0.0,0.0,0,0.9153019023986769,1.0157981803143101,False,False,False,False,-0.1706621939192961,-0.18547656921089306,False,False,False,False,1562057.0,1490962.0098417907,False,False,False,False,16892.21559584536,False,False,False,False
2025-06-30 17:00:00+00:00,78.93,79.015,78.82,78.88,10670.0,,,,,,,,,,,,,,,,,78.83284451601988,79.05456700319598,79.91045974408782,80.56603656413543,80.69946566331247,79.14063678757638,77.18758379086137,77.05001032117467,76.9461478102798,,,,,,,,,,,,,,,,77.8807927754556,78.91571610978355,79.4350174668525,80.29130125152,80.48866679541474,80.5935180200461,79.73182933665815,78.0194398784174,77.01430250515997,,,76.37770714866136,,,78.98657424110844,"rgba(239, 83, 80, 0.5)",1.06929979615478,79.64752895726765,-0.7177864991910636,51.02337946496188,-6.67047173443104,True,False,False,False,True,0.0,0.0,0.0,0.0,0.0,0,0.913671453473894,1.0196729476218154,False,False,False,False,-0.15478245033993235,-0.1701295097754127,False,False,False,False,1551387.0,1491898.831394631,False,False,False,False,16795.747136995044,False,False,False,False
2025-06-30 18:00:00+00:00,78.88,78.98,78.79,78.925,8465.0,,,,,,,,,,,,,,,,,78.83358440339912,79.05300581733017,79.90428952162016,80.5606229523829,80.69430557849441,79.14024194565759,77.18950779021954,77.05201554790803,76.94820440241361,,,,,,,,,,,,,,,,77.91523361122773,78.91553096931295,79.43074113347,80.28438084478273,80.48262254175668,80.5881996856628,79.73028755246331,78.02060385841963,77.01632678189802,,,76.38008121700257,,,78.98665027435665,"rgba(239, 83, 80, 0.5)",1.0707202173240107,79.6475212712866,-0.6747993169423525,52.14593438249216,-5.152291887626063,True,False,True,False,True,0.0,0.0,0.0,0.0,0.0,0,0.9171049336338596,1.0179480757993162,False,False,False,False,-0.15898758131565946,-0.16455854554553606,False,False,False,False,1559852.0,1492952.3688923887,False,False,False,False,16666.588266654035,False,False,False,False
2025-06-30 19:00:00+00:00,78.91,79.325,78.91,79.3,31430.0,,,,,,,,,,,,,,,,,78.8474638639072,79.05748937079187,79.88822110154754,80.54416098804052,80.67834955770192,79.14047102616763,77.19777812067268,77.0605462608221,76.95689358731944,,,,,,,,,,,,,,,,78.05624852736584,78.92552832868962,79.4234882479609,80.26434795520466,80.46447323192388,80.57196573312125,79.72652252666767,78.02626890486282,77.02491745531394,,,76.38983275082221,,,78.99195193267118,#000000,1.0658025018621224,79.65469360623621,-0.33279487111027223,55.10773181154232,-1.9415451959403711,True,False,True,False,True,0.0,0.0,0.0,0.0,0.0,0,0.9170841683366734,1.0125250501002012,False,False,False,False,-0.12901816478095607,-0.14678835516324606,False,False,False,False,1591282.0,1494476.859297158,False,False,False,False,16895.478371046996,False,False,False,False
2025-07-01 14:00:00+00:00,78.53,79.7,78.53,79.43,19584.0,,,,,,,,,,,,,,,,,78.8565805058395,79.06103293332059,79.87913052951751,80.53440728370542,80.66884760052744,79.14076793242839,77.20300434630322,77.06593111270983,76.96237456427706,,,,,,,,,,,,,,,,78.13193842318452,78.93234672712296,79.41990895441508,80.25269333281665,80.4537758012397,80.5623348918598,79.72437875413266,78.02989749381213,77.03033876420606,,,76.39596490688473,,,78.99498277507881,#000000,1.0578611005754435,79.65866999357102,-0.2161625883082648,57.7801912479015,0.9049669051689264,True,False,True,False,True,0.0,0.0,0.0,0.0,0.0,0,0.9070264933355277,1.0087214085897653,False,False,False,False,-0.12933909968714763,-0.13806372742519685,False,False,False,False,1610866.0,1496281.3420987525,False,False,False,False,16937.160876922237,False,False,False,False
2025-07-01 15:00:00+00:00,79.415,80.46,79.285,80.425,10192.0,,,,,,,,,,,,,,,,,78.87167229722087,79.0722045328607,79.88037863665143,80.53258289520221,80.66677879766121,79.14254398769145,77.20683732335375,77.06980728122464,76.96626972409155,,,,,,,,,,,,,,,,78.19495405839793,78.94573377127088,79.42568502804744,80.25156142473938,80.45200722694102,80.56046715735837,79.72510904684344,78.03309865164516,77.0342235711759,,,76.40008810327969,,,79.00177307846542,"rgba(38, 166, 154, 0.5)",1.0511833743401122,79.66820967679978,0.719941298230008,63.4497638969801,6.39398496848905,True,False,True,False,True,3.8216816281079,0.0,0.0,0.0,0.0,0,0.9217631750162656,0.9978854912166566,False,False,False,False,-0.03299619340161543,-0.08552996041340613,False,False,False,False,1621058.0,1498215.863926679,False,False,False,False,16832.584739295537,False,False,False,False
2025-07-01 16:00:00+00:00,80.43,80.81,79.95,79.97,14760.0,,,,,,,,,,,,,,,,,78.89620604752596,79.09093061709405,79.88403664970082,80.53099204373706,80.66471653739983,79.14562662391467,77.21273239833631,77.07575265637232,76.97223299830382,,,,,,,,,,,,,,,,78.28767927882616,78.96772945947248,79.43628693415745,80.25149319000923,80.450669965217,80.55877981925865,79.72675321809295,78.03814266103983,77.04017825039114,,,76.40634684292756,,,79.01282996382498,#000000,1.0394363510723017,79.68369903459062,0.2754386693461588,63.74056993332508,6.822386623453745,True,False,True,False,True,1.1502578881561298,0.0,0.0,0.0,0.0,0,0.941133186166299,0.984792739759628,False,False,False,False,0.03110040372318164,-0.027214778345112246,False,False,False,False,1606298.0,1499891.5559588235,False,False,False,False,16800.45164256227,False,False,False,False
2025-07-01 17:00:00+00:00,79.97,80.29,79.89,80.22,8928.0,,,,,,,,,,,,,,,,,78.9094472057483,79.10091601592818,79.88554720850902,80.52967350516228,80.66315574859932,79.14729686384476,77.2161580796886,77.0792135725633,76.97570858599178,,,,,,,,,,,,,,,,78.33686895191583,78.97955947684926,79.44171136301564,80.25090343574293,80.44944462657315,80.55741499458509,79.72753199056427,78.04103087781644,77.04364606718904,,,76.41001448412422,,,79.0186238094604,"rgba(38, 166, 154, 0.5)",1.0349575305744008,79.69173431969521,0.5104225677855565,64.88132959191427,8.21385884449549,True,False,True,False,True,2.527383521584504,0.0,0.0,0.0,0.0,0,0.9426657954916697,0.9876674289447901,False,False,False,False,-0.0055237352696338084,-0.016369256807373028,False,False,False,False,1615226.0,1501679.6868741906,False,False,False,False,16678.398128724097,False,False,False,False
2025-07-01 18:00:00+00:00,80.21,80.58,80.12,80.535,14719.0,,,,,,,,,,,,,,,,,78.93549509581017,79.1212943668622,79.89075091449557,80.52903193220547,80.66194380718863,79.15081198273057,77.2223254475475,77.08542071398496,76.98192550827274,,,,,,,,,,,,,,,,78.42419594347284,79.00312772928409,79.45399796381862,80.25221549357545,80.44920565698602,80.55664821809124,79.72968557010775,78.04640625966043,77.04985978228932,,,76.41649617723398,,,79.03024124368798,"rgba(38, 166, 154, 0.5)",1.0284525373706805,79.70786098094064,0.8042558980641002,66.75190066159746,10.324527677076745,True,False,True,False,True,4.224272354431108,0.0,0.0,0.0,0.0,0,0.9439549681840435,0.986376244085496,False,False,False,False,0.02730950633504369,0.005470124763835332,False,False,False,False,1629945.0,1503668.296380017,False,False,False,False,16648.01986316248,False,False,False,False
2025-07-01 19:00:00+00:00,80.53,80.53,80.195,80.47,27946.0,,,,,,,,,,,,,,,,,78.98211908976306,79.15790948270705,79.90010704719388,80.52769659429705,80.65955373547136,79.15736239843747,77.23392107548081,77.09709541505603,76.9936218284748,,,,,,,,,,,,,,,,78.57028004028379,79.04540132381402,79.47617616516447,80.25444512363474,80.44860192772829,80.55508250631785,79.73365812714988,78.05648819726163,77.06154794429125,,,76.42870406212296,,,79.05061489014041,"rgba(38, 166, 154, 0.5)",1.024024136646691,79.73578822657538,0.7169867849295984,67.45846964453438,11.37119724935556,True,False,True,False,True,3.8356045382883863,0.0,0.0,0.0,0.0,0,0.9404723127035832,0.9892508143322483,False,False,False,False,0.028888945300616812,0.017179535032226072,False,False,False,False,1601999.0,1505192.803412885,False,False,False,False,16823.182345904148,False,False,False,False
2025-07-02 14:00:00+00:00,80.905,82.05,80.905,81.635,18624.0,,,,,,,,,,,,,,,,81.52999999999999,79.03511197152373,79.20238497094388,79.91988583992894,80.53447497157653,80.66478163590622,79.16563588456196,77.24434863905026,77.10748166425734,77.0039483096827,,,,,,,,,,,,,,,,78.70937891665278,79.09457792528687,79.5078260321537,80.2672858011815,80.45708744426011,80.56146599729216,79.74074245922404,78.06638291330573,77.07191846742728,,,76.43910576187885,,,79.20445893916927,"rgba(0, 255, 255, 0.75)",1.0416640922503055,79.85940178382059,1.70457850029523,71.21709332976766,15.215113839051497,True,False,True,False,True,9.6950054171019,0.0,0.0,0.0,0.0,0,0.9439852339298614,0.9789744001284014,False,False,False,False,0.17131209479300846,0.09424581491261727,False,False,False,False,1620623.0,1506982.4188638479,False,False,False,False,16851.10199945602,False,False,False,False
2025-07-02 15:00:00+00:00,81.64,81.875,81.37,81.41,11615.0,,,,,,,,,,,,,,,,81.53832231004111,79.06733704242282,79.22953822950109,79.93214256274682,80.5387471337352,80.66809123375295,79.17081357383765,77.250859026937,77.1139661359335,77.01039544519224,,,,,,,,,,,,,,,,78.79031478026509,79.12453789241921,79.52728178479833,80.2752990902065,80.46241792051035,80.56549307495453,79.74518559498513,78.07256376157216,77.07839310214645,,,76.44559892955624,,,79.21903682610305,"rgba(38, 166, 154, 1.0)",1.056289003758931,79.88014309394683,1.4483317544810084,72.03248179742327,16.24363009842628,True,False,True,False,True,8.342657890637302,0.0,0.0,0.0,0.0,0,0.9431518349724157,0.983928999760135,False,False,False,False,0.19022440043091127,0.14223510767176428,False,False,False,False,1609008.0,1508564.2108194472,False,False,False,False,16769.92212349546,False,False,False,False
2025-07-02 16:00:00+00:00,81.405,81.41,81.14,81.21,21507.0,,,,,,,,,,,,,,,,81.41987338795911,79.11796847549282,79.27194326803577,79.9502659773163,80.54426150213732,80.6721074167446,79.17914785508634,77.26202959670428,77.12511948451306,77.02150411330418,,,,,,,,,,,,,,,,78.91367793820835,79.17154014741416,79.55717874675874,80.28646883410546,80.46948615313141,80.57063418349017,79.75200623695603,78.08297443899166,77.08953635115053,,,76.45687866953105,,,79.23461705828949,"rgba(38, 166, 154, 1.0)",1.0665196618870967,79.90517861778216,1.2234386564511068,71.09028153899264,16.24363009842628,True,False,True,False,True,7.152856205011137,0.0,0.0,0.0,0.0,0,0.9386621588988171,1.0022538839249786,False,False,False,False,0.14509872606041538,0.14366691686608984,False,False,False,False,1587501.0,1509788.037008293,False,False,False,False,16843.365191348243,False,False,False,False
2025-07-02 17:00:00+00:00,81.195,81.575,81.09,81.55,11282.0,,,,,,,,,,,,,,,,81.41721105434621,79.14542239281862,79.29513387317537,79.96065920477558,80.54773177910006,80.67473625540474,79.1838109130357,77.26808620523747,77.13116030333869,77.02751621231427,,,,,,,,,,,,,,,,78.97745884031266,79.19711234167848,79.57381713573187,80.2931299874669,80.4738513723941,80.57389279426759,79.75591851526616,78.08866835422126,77.09557010589145,,,76.46296101449585,,,79.24636250740933,"rgba(0, 255, 255, 0.75)",1.0687813722292319,79.92183035342048,1.5233888696839233,71.52682787437443,16.36385293590648,True,False,True,False,True,8.792454900500012,0.0,0.0,0.0,0.0,0,0.9330753104338015,1.0068537332688283,False,False,False,False,0.152520392786653,0.14809365482637143,False,False,False,False,1598783.0,1511167.8038763814,False,False,False,False,16757.14247520331,False,False,False,False
2025-07-02 18:00:00+00:00,81.525,81.8,81.34,81.715,9814.0,,,,,,,,,,,,,,,,81.44430825164967,79.17097817205001,79.31689934846426,79.97089767932553,80.55147340420666,80.67767131667911,79.18823942187427,77.27361129868893,77.13666285394746,77.03298684602495,,,,,,,,,,,,,,,,79.03498996661456,79.22098936336619,79.58970675112668,80.2999596591031,80.47847801052502,80.57742907496178,79.75974501500824,78.09392313297302,77.10106420025893,,,76.46846765300727,,,79.258948092992,"rgba(0, 255, 255, 0.75)",1.0794338606241884,79.9389319785324,1.6453699353479496,72.31091570605655,17.501421178254745,True,False,True,False,True,9.575390579391708,0.0,0.0,0.0,0.0,0,0.9305165073499883,1.0041770423327183,False,False,False,False,0.18336199011518614,0.16572782247077877,False,False,False,False,1608597.0,1512678.3340488407,False,False,False,False,16649.496855432717,False,False,False,False
2025-07-02 19:00:00+00:00,81.71,81.79,81.33,81.735,22816.0,,,,,,,,,,,,,,,,81.48581608438394,79.22839778947764,79.36595802957501,79.99421862988709,80.56007182816343,80.68442480851546,79.19847299960206,77.28640218676591,77.14940340546985,77.045654953973,,,,,,,,,,,,,,,,79.15952000653549,79.2747203811814,79.62570998397872,80.31556871762055,80.48909098675021,80.58555854234692,79.76858054114825,78.10607940222964,77.11378565872748,,,76.48122436542236,,,79.28618078612274,"rgba(0, 255, 255, 0.75)",1.080977939788267,79.97608822313785,1.6271486328450608,72.89681098254653,18.447334171034143,True,False,True,False,True,9.670943718687706,0.0,0.0,0.0,0.0,0,0.9337668593448945,1.0041746949261405,False,False,False,False,0.18205681759119607,0.17389232003098742,False,False,False,False,1631413.0,1514519.1815829673,False,False,False,False,16745.101555348487,False,False,False,False
2025-07-03 14:00:00+00:00,81.445,81.675,81.045,81.08,10615.0,,,,,,,,,,,,,,,,81.46392650688949,79.25040628735053,79.38462300963224,80.00254407516528,80.56271142130304,80.68636315077164,79.20251713865756,77.2918464195441,77.15484170865449,77.0510734503144,,,,,,,,,,,,,,,,79.205740535246,79.29527681261148,79.63914832841895,80.32077896394797,80.49244475776412,80.58802442659083,79.77188657281327,78.11114307675453,77.11921969172148,,,76.48673301595565,,,79.29444822811324,"rgba(38, 166, 154, 1.0)",1.0613129595933402,79.98795371531953,1.0289578345475965,68.07978413220147,22.60257321786264,True,False,True,False,False,5.730659491729675,0.0,0.0,0.0,0.0,0,0.9327952692983862,1.0003995525011995,False,False,False,False,0.15607573879242065,0.16498402941170404,False,False,False,False,1620798.0,1516166.9152018358,False,False,False,False,16650.061221157037,False,False,False,False
2025-07-03 15:00:00+00:00,81.08,81.285,80.765,80.84,14615.0,,,,,,,,,,,,,,,,81.40340627964176,79.27549842805116,79.40568312475109,80.01112194804095,80.56476141275809,80.6876268764135,79.20724494923104,77.29874768055697,77.16175520154664,77.05797587758431,,,,,,,,,,,,,,,,79.25726521871108,79.31864539828332,79.65391242051052,80.3255891111262,80.49522457552663,80.5898859344967,79.77549573265892,78.11742074520437,77.12613268467054,,,76.4938167543037,,,79.3017575578823,"rgba(38, 166, 154, 0.5)",1.0371616978031732,79.99908235119092,0.810787412020943,63.310055032801415,18.175825320431372,True,False,True,False,False,4.350008236552036,0.0,0.0,0.0,0.0,0,0.9265010351966876,1.0070871157827688,False,False,False,False,0.11300366728971169,0.13899384835070785,False,False,False,False,1606183.0,1517562.5134157608,False,False,False,False,16618.50988439491,False,False,False,False
2025-07-03 16:00:00+00:00,80.9,81.335,80.555,81.085,15564.0,,,,,,,,,,,,,,,,81.35644239976939,79.30185922095984,79.42789847018291,80.02035683647803,80.56707513426053,80.68909704623391,79.21233270101467,77.3061251967819,77.16914473303886,77.06535290754493,,,,,,,,,,,,,,,,79.30977233618486,79.34323854404458,79.66960992362402,80.33085712838663,80.49832604457387,80.59199698982447,79.77940638990171,78.12414198592802,77.13352143293392,,,76.50138352058606,,,79.310345022193,"rgba(38, 166, 154, 1.0)",1.0246063317868508,80.01155490654328,1.0476658792306013,61.42674844247394,16.505726546891452,True,False,True,False,False,5.586575456966457,0.0,0.0,0.0,0.0,0,0.9226440516763101,1.0100657842593335,False,False,False,False,0.10278511313841442,0.12088948074456113,False,False,False,False,1621747.0,1519177.776773656,False,False,False,False,16602.160893939174,False,False,False,False
2025-07-03 17:00:00+00:00,81.085,81.18,81.085,81.135,0.0,,,,,,,,,,,,,,,,81.35644239976939,79.30185922095984,79.42789847018291,80.02035683647803,80.56707513426053,80.68909704623391,79.21233270101467,77.3061251967819,77.16914473303886,77.06535290754493,,,,,,,,,,,,,,,,79.30977233618486,79.34323854404458,79.66960992362402,80.33085712838663,80.49832604457387,80.59199698982447,79.77940638990171,78.12414198592802,77.13352143293392,,,76.50138352058606,,,79.310345022193,"rgba(38, 166, 154, 1.0)",1.0268334207048606,80.01155490654328,1.094086996784293,60.43866849349839,15.54974847138081,True,False,True,False,False,5.838660370501401,0.0,0.0,0.0,0.0,0,0.9283154121863801,1.0136997212266037,False,False,False,False,0.12677234373507723,0.12383091223981918,False,False,False,False,1621747.0,1520767.997288793,False,False,False,False,16344.763050622287,False,False,False,False
2025-07-03 18:00:00+00:00,81.135,81.135,81.135,81.135,0.0,,,,,,,,,,,,,,,,81.35644239976939,79.30185922095984,79.42789847018291,80.02035683647803,80.56707513426053,80.68909704623391,79.21233270101467,77.3061251967819,77.16914473303886,77.06535290754493,,,,,,,,,,,,,,,,79.30977233618486,79.34323854404458,79.66960992362402,80.33085712838663,80.49832604457387,80.59199698982447,79.77940638990171,78.12414198592802,77.13352143293392,,,76.50138352058606,,,79.310345022193,"rgba(38, 166, 154, 1.0)",1.0306038508078017,80.01155490654328,1.09008431569138,59.77994852751469,14.773002501897722,True,False,True,False,False,5.838660370501401,0.0,0.0,0.0,0.0,0,0.9262728146013451,1.0155299391610637,False,False,False,False,0.12709309509336847,0.12546200366659382,False,False,False,False,1621747.0,1522333.5632223003,False,False,False,False,16091.355871542872,False,False,False,False
2025-07-03 19:00:00+00:00,81.135,81.135,81.135,81.135,0.0,,,,,,,,,,,,,,,,81.35644239976939,79.30185922095984,79.42789847018291,80.02035683647803,80.56707513426053,80.68909704623391,79.21233270101467,77.3061251967819,77.16914473303886,77.06535290754493,,,,,,,,,,,,,,,,79.30977233618486,79.34323854404458,79.66960992362402,80.33085712838663,80.49832604457387,80.59199698982447,79.77940638990171,78.12414198592802,77.13352143293392,,,76.50138352058606,,,79.310345022193,"rgba(38, 166, 154, 1.0)",1.0396310199586354,80.01155490654328,1.0806190580013888,59.34080188352556,14.102511721092569,True,False,True,False,False,5.838660370501401,0.0,0.0,0.0,0.0,0,0.9235530546623799,1.0171221864951776,False,False,False,False,0.12709309509336847,0.12627754937998115,False,False,False,False,1621747.0,1523874.856815753,False,False,False,False,15841.877485937555,False,False,False,False
2025-07-04 14:00:00+00:00,81.135,81.135,81.135,81.135,0.0,,,,,,,,,,,,,,,,81.35644239976939,79.30185922095984,79.42789847018291,80.02035683647803,80.56707513426053,80.68909704623391,79.21233270101467,77.3061251967819,77.16914473303886,77.06535290754493,,,,,,,,,,,,,,,,79.30977233618486,79.34323854404458,79.66960992362402,80.33085712838663,80.49832604457387,80.59199698982447,79.77940638990171,78.12414198592802,77.13352143293392,,,76.50138352058606,,,79.310345022193,"rgba(38, 166, 154, 1.0)",1.0507859006532148,80.01155490654328,1.0691474759590327,59.04803745419947,13.500495093634157,True,False,True,False,False,5.838660370501401,0.0,0.0,0.0,0.0,0,0.9246608527131788,1.016069121447029,False,False,False,False,0.12709309509336847,0.1266853222366748,False,False,False,False,1621747.0,1525392.2543845011,False,False,False,False,15596.266982279609,False,False,False,False
2025-07-04 15:00:00+00:00,81.135,81.135,81.135,81.135,0.0,,,,,,,,,,,,,,,,81.35644239976939,79.30185922095984,79.42789847018291,80.02035683647803,80.56707513426053,80.68909704623391,79.21233270101467,77.3061251967819,77.16914473303886,77.06535290754493,,,,,,,,,,,,,,,,79.30977233618486,79.34323854404458,79.66960992362402,80.33085712838663,80.49832604457387,80.59199698982447,79.77940638990171,78.12414198592802,77.13352143293392,,,76.50138352058606,,,79.310345022193,"rgba(38, 166, 154, 1.0)",1.061817081005997,80.01155490654328,1.0580401403906012,58.852861167982084,12.948816723656435,True,False,True,False,False,5.83866037050139,0.0,0.0,0.0,0.0,0,0.9315090805440187,1.0127046176398737,False,False,False,False,0.12709309509336847,0.12688920866502162,False,False,False,False,1621747.0,1526886.1264095476,False,False,False,False,15354.464393407055,False,False,False,False
2025-07-04 16:00:00+00:00,81.135,81.135,81.135,81.135,0.0,,,,,,,,,,,,,,,,81.35644239976939,79.30185922095984,79.42789847018291,80.02035683647803,80.56707513426053,80.68909704623391,79.21233270101467,77.3061251967819,77.16914473303886,77.06535290754493,,,,,,,,,,,,,,,,79.30977233618486,79.34323854404458,79.66960992362402,80.33085712838663,80.49832604457387,80.59199698982447,79.77940638990171,78.12414198592802,77.13352143293392,,,76.50138352058606,,,79.310345022193,"rgba(38, 166, 154, 1.0)",1.0722182655651764,80.01155490654328,1.0477764924705373,58.72274364383716,12.43971139609242,True,False,True,False,False,5.83866037050139,0.0,0.0,0.0,0.0,0,0.9325022553924388,1.0097596981874852,False,False,False,False,0.12709309509336847,0.12699115187919505,False,False,False,False,1621747.0,1528356.8376280044,False,False,False,False,15116.410681881363,False,False,False,False
2025-07-04 17:00:00+00:00,81.135,81.135,81.135,81.135,0.0,,,,,,,,,,,,,,,,81.35644239976939,79.30185922095984,79.42789847018291,80.02035683647803,80.56707513426053,80.68909704623391,79.21233270101467,77.3061251967819,77.16914473303886,77.06535290754493,,,,,,,,,,,,,,,,79.30977233618486,79.34323854404458,79.66960992362402,80.33085712838663,80.49832604457387,80.59199698982447,79.77940638990171,78.12414198592802,77.13352143293392,,,76.50138352058606,,,79.310345022193,"rgba(38, 166, 154, 1.0)",1.081073769683681,80.01155490654328,1.0391937395589945,58.63599862774055,11.97040997732703,True,False,True,False,False,5.83866037050139,0.0,0.0,0.0,0.0,0,0.9332399241737415,1.0065935877359273,False,False,False,False,0.12709309509336847,0.12704212348628174,False,False,False,False,1621747.0,1529804.7471221439,False,False,False,False,14882.047725573124,False,False,False,False
2025-07-04 18:00:00+00:00,81.135,81.135,81.135,81.135,0.0,,,,,,,,,,,,,,,,81.35644239976939,79.30185922095984,79.42789847018291,80.02035683647803,80.56707513426053,80.68909704623391,79.21233270101467,77.3061251967819,77.16914473303886,77.06535290754493,,,,,,,,,,,,,,,,79.30977233618486,79.34323854404458,79.66960992362402,80.33085712838663,80.49832604457387,80.59199698982447,79.77940638990171,78.12414198592802,77.13352143293392,,,76.50138352058606,,,79.310345022193,"rgba(38, 166, 154, 1.0)",1.0891621997204497,80.01155490654328,1.031476389600257,58.57816861700947,11.540150415977585,True,False,True,False,False,5.83866037050139,0.0,0.0,0.0,0.0,0,0.9347267147715024,1.006054574106329,False,False,False,False,0.12709309509336847,0.1270676092898251,False,False,False,False,1621747.0,1531230.208407072,False,False,False,False,14651.318303471215,False,False,False,False
2025-07-04 19:00:00+00:00,81.135,81.135,81.135,81.135,0.0,,,,,,,,,,,,,,,,81.35644239976939,79.30185922095984,79.42789847018291,80.02035683647803,80.56707513426053,80.68909704623391,79.21233270101467,77.3061251967819,77.16914473303886,77.06535290754493,,,,,,,,,,,,,,,,79.30977233618486,79.34323854404458,79.66960992362402,80.33085712838663,80.49832604457387,80.59199698982447,79.77940638990171,78.12414198592802,77.13352143293392,,,76.50138352058606,,,79.310345022193,"rgba(38, 166, 154, 1.0)",1.0974357991864159,80.01155490654328,1.0237000599849118,58.53961527652208,11.148618225184457,False,False,True,False,False,5.83866037050139,0.0,0.0,0.0,0.0,0,0.9335506519558681,1.0081912403878308,False,False,False,False,0.12709309509336847,0.1270803521915968,False,False,False,False,1621747.0,1532633.5695170397,False,False,False,False,14424.16608171197,False,False,False,False
2025-07-07 14:00:00+00:00,80.875,80.895,80.285,80.5,10226.0,,,,,,,,,,,,,,,,81.30091655417536,79.31442968828875,79.43822241603434,80.02367560047348,80.56705002955758,80.68868819965274,79.21485259841391,77.31039056105266,77.17343784077497,77.0696535608177,,,,,,,,,,,,,,,,79.33415541425406,79.35487788112336,79.6764220652405,80.33204170283337,80.49857816394528,80.59188691005464,79.78105208024735,78.12787874687453,77.13781925947825,,,76.50586465705119,,,79.3124225933312,#000000,1.0983000787879684,80.01517861913787,0.4414288865363238,50.52543056569078,3.6055854032941284,False,True,False,False,False,1.6011782954742735,0.0,0.0,0.0,0.0,0,0.9239392178028735,1.0078883999003576,False,False,False,False,0.05766785125075912,0.09237410172117796,False,False,False,False,1611521.0,1533856.63045476,False,False,False,False,14359.078235483876,False,False,False,False
2025-07-07 15:00:00+00:00,80.475,80.5,80.09,80.195,10443.0,,,,,,,,,,,,,,,,81.23184312302831,79.32399703526886,79.44582022299504,80.0251609573431,80.56594743866596,80.68731158936212,79.2168476802447,77.31433607542036,77.17742561293929,77.07366010375802,,,,,,,,,,,,,,,,79.3522677044863,79.36365044368026,79.68095918525918,80.33167212374173,80.49759324436651,80.59073080199076,79.7820846170463,78.13121634656657,77.141815523995,,,76.51009468200161,,,79.3123336752715,#000000,1.0985108347470445,80.01597179634149,0.16297354381555015,43.097421407491936,-2.901291823666753,False,True,False,True,False,0.0,0.0,0.0,0.0,0.0,0,0.9220714345183587,1.014819748563817,False,False,False,False,0.020361486779177363,0.05636779425017766,False,False,False,False,1601078.0,1534898.8222306552,False,False,False,False,14298.363844236063,False,False,False,False
2025-07-07 16:00:00+00:00,80.235,80.37,79.91,80.025,4874.0,,,,,,,,,,,,,,,,81.1978391102606,79.32764579946031,79.44863244911929,80.02538316602127,80.56516638881791,80.68643175095373,79.21763403715006,77.31607416285327,77.17918691005364,77.075432936852,,,,,,,,,,,,,,,,79.35903612348025,79.36696778348534,79.6824759379253,80.33110975136245,80.49682650514549,80.58993296946588,79.78240473937623,78.13265379342141,77.143581705391,,,76.51198161653295,,,79.31181136950502,#000000,1.0981358077464038,80.01568464302592,0.008482882452582902,37.18427667569042,-7.793649117049476,False,True,False,True,False,0.0,0.0,0.0,0.0,0.0,0,0.9147574123989222,1.032766172506739,False,False,False,False,0.020753479027022008,0.038560636638599835,False,False,False,False,1596204.0,1535849.2901030483,False,False,False,False,14152.249676108371,False,False,False,False
2025-07-07 17:00:00+00:00,80.055,80.16,79.89,79.91,5715.0,,,,,,,,,,,,,,,,81.15656637449565,79.33125156770271,79.45132404960465,80.02525175934596,80.56402751372872,80.68520123528775,79.21843458707284,77.31802537301891,77.18116825545212,77.0774301332801,,,,,,,,,,,,,,,,79.36561321429355,79.37021680450499,79.68375643674476,80.33012508134749,80.49567069911494,80.58878122599259,79.78264436978789,78.13423831601523,77.14556954905211,,,76.51412081439472,,,79.31080508136016,#000000,1.097594593597511,80.01480972705458,-0.09549038202808469,32.63275837483776,-11.437594595519236,False,True,False,True,False,0.0,0.0,0.0,0.0,0.0,0,0.9187954660801899,1.031128404669261,False,False,False,False,0.02102219707955056,0.029791416859075198,False,False,False,False,1590489.0,1536696.4173882725,False,False,False,False,14021.439603610566,False,False,False,False
2025-07-07 18:00:00+00:00,79.91,80.005,79.61,79.945,10614.0,,,,,,,,,,,,,,,,81.07899680730954,79.33650337965909,79.45502474399548,80.02417485378079,80.56143850476735,80.68249331385634,79.21965968878284,77.32146096106264,77.18466610260973,77.08096243575923,,,,,,,,,,,,,,,,79.37492412469557,79.37487564874012,79.68507190577152,80.32760702683362,80.49297928087718,80.58618271673734,79.78279805205536,78.13696264548625,77.14908112793131,,,76.51793451090809,,,79.30820333266902,#000000,1.0970773704526722,80.01213815116841,-0.061197280134143495,30.21249700143722,-13.272169106440394,False,True,False,True,False,0.0,0.0,0.0,0.0,0.0,0,0.9168993822459174,1.0291952272150295,False,False,False,False,0.0010855194815168469,0.015438468170296022,False,False,False,False,1601103.0,1537694.9690566713,False,False,False,False,13968.611082624355,False,False,False,False
2025-07-07 19:00:00+00:00,79.92,79.945,79.575,79.645,11795.0,,,,,,,,,,,,,,,,80.99478792230128,79.34076138788105,79.45772480930951,80.02208363956473,80.55805258728425,80.67903011526118,79.2207338414957,77.32506993866367,77.1883511721345,77.0846913165593,,,,,,,,,,,,,,,79.72166666666665,79.38212740537736,79.37855256487008,79.68538467493305,80.32407158441615,80.4894044968603,80.58280158244365,79.78265071659993,78.13974852682996,77.15278328554294,,79.72166666666665,76.52199544823067,,,79.32552391174976,#000000,1.0967330602329797,79.99115080567545,-0.3156199245073515,27.004666386210523,-16.044990423842513,False,True,False,True,False,0.0,1.0,79.945,79.575,437.0,0,0.9173700202565839,1.0258271438217426,False,False,False,False,-0.005789545479501875,0.004824461345397074,False,False,False,False,1589308.0,1538495.1710868003,False,False,False,False,13934.911685994519,False,False,False,False
2025-07-08 14:00:00+00:00,80.755,81.14,80.51,80.97,9971.0,,,,,,,,,,,,,,,,80.98873552734602,79.35495142083492,79.46973992422366,80.02702934841783,80.55912355291494,80.67962035960859,79.22371771087475,77.32957437722514,77.19287044263109,77.0892084713037,,,,,,,,,,,,,,,80.24924492327483,79.40786339624468,79.39183136660948,79.69390619165978,80.32676744347454,80.49090284472385,80.58375897541146,79.78486839337135,78.14380494613988,77.15730397825119,,80.24924492327483,76.5266531164366,,,79.35724117972708,"rgba(38, 166, 154, 0.5)",1.1038924782813757,80.02481745413505,0.8562270007822544,37.668541015075704,-20.34858186076763,False,True,False,True,True,4.3695079303674085,0.0,0.0,0.0,0.0,0,0.9228157349896483,1.0096066252587999,False,False,False,False,0.1494582529504239,0.07714135714791048,False,False,False,False,1599279.0,1539437.5560311908,False,False,False,False,13873.455690862822,False,False,False,False
2025-07-08 15:00:00+00:00,80.97,81.38,80.97,81.32,9017.0,,,,,,,,,,,,,,,,80.99885172822206,79.3704656532086,79.48309715124023,80.03328194840367,80.56115766395457,80.6811099040869,79.22697738004851,77.3340393513029,77.19733552868949,77.09366113946317,,,,,,,,,,,,,,,80.53457628128078,79.43576247682898,79.40642747779675,79.70376361060121,80.33072931164489,80.4934787010898,80.58565926043084,79.78750851943242,78.14793195543963,77.16176685358862,,80.53457628128078,76.53119504079369,,,79.3783790948377,"rgba(38, 166, 154, 1.0)",1.1163307535645286,80.04831758603414,1.139162752531246,46.49537194105014,-12.766488111330588,False,True,False,False,True,6.268776315489266,0.0,0.0,0.0,0.0,0,0.9322202016862294,1.0028930401719298,False,False,False,False,0.20170479238344097,0.13942307476567573,False,False,False,False,1608296.0,1540505.128805901,False,False,False,False,13798.161804182777,False,False,False,False
2025-07-08 16:00:00+00:00,81.32,81.365,80.845,80.955,5613.0,,,,,,,,,,,,,,,,81.0003195013661,79.37912805732368,79.49051523467375,80.03659533756597,80.56209730840438,80.68174643678056,79.22883048947153,77.33669351702022,77.19999400587157,77.09631525992484,,,,,,,,,,,,,,,80.61483615415612,79.4511054530865,79.41456555165169,79.70916318832633,80.33271613243542,80.49470530603253,80.5865257162635,79.78895498301418,78.15035508846314,77.16442507408337,,80.61483615415612,76.53391664139829,,,79.38597938979576,"rgba(38, 166, 154, 0.5)",1.1229108449776257,80.05715491845243,0.7995693385305779,49.63244613175994,-10.369278730580461,False,True,False,False,True,4.0079679894676055,0.0,0.0,0.0,0.0,0,0.938633540372671,1.0014078674948246,False,False,False,False,0.1911771044648439,0.16530008961525983,False,False,False,False,1602683.0,1541469.1268089102,False,False,False,False,13671.260070784594,False,False,False,False
2025-07-08 17:00:00+00:00,80.97,81.025,80.77,80.99,2562.0,,,,,,,,,,,,,,,,80.9994707032029,79.38275577479324,79.49360566934992,80.03791335259038,80.5624151007023,80.68193790358322,79.22961649314257,77.33786250069032,77.2011663940056,77.09748680087353,,,,,,,,,,,,,,,80.6354527097558,79.45746690680453,79.41796868889575,79.71138284322537,80.33346097700779,80.49513722979856,80.58681349466508,79.78954816552776,78.15141158914946,77.16559772399853,,80.6354527097558,76.53512302825561,,,79.38842355108814,"rgba(38, 166, 154, 0.5)",1.1230439451354084,80.06008809081278,0.8280280689061456,51.9247693550265,-8.379632313521142,False,False,True,False,True,4.200684173875331,0.0,0.0,0.0,0.0,0,0.9349053470607773,1.0107107273331124,False,False,False,False,0.16020534409342443,0.16275271685434212,False,False,False,False,1605245.0,1542457.9000366789,False,False,False,False,13499.02348053987,False,False,False,False
2025-07-08 18:00:00+00:00,81.02,81.23,80.98,81.11,3980.0,,,,,,,,,,,,,,,,81.00139891471046,79.38900413815459,79.49897379478153,80.04036167427104,80.56314775805077,80.68244960376308,79.23096412290194,77.33976710014124,77.20307327900605,77.09938999548352,,,,,,,,,,,,,,,80.67913037402765,79.46842639869362,79.42384577492477,79.71531799116629,80.33496015961482,80.49608202912759,80.58749253168843,79.79061254887698,78.15315654062346,77.16750422564223,,80.67913037402765,76.53707182705575,,,79.3932529477825,"rgba(38, 166, 154, 0.5)",1.1260037244121297,80.06581466727324,0.9273373702843739,54.17915182827651,-6.132225176826857,False,False,True,False,True,4.866753828729134,0.0,0.0,0.0,0.0,0,0.9339028031182621,1.0080444518162222,False,False,False,False,0.19117710446484593,0.17696491065959402,False,False,False,False,1609225.0,1543493.0488733195,False,False,False,False,13351.441721151656,False,False,False,False
2025-07-08 19:00:00+00:00,81.1,81.14,80.755,80.76,16091.0,,,,,,,,,,,,,,,,80.99350782027894,79.410609617965,79.51737469019072,80.0481126781715,80.56488996792275,80.68343141209397,79.23575131462212,77.34699577005946,77.21032709408831,77.10664154436064,,,,,,,,,,,,,,,80.73524936895423,79.50548953101345,79.44411970432274,79.72850487781635,80.33923837311032,80.49849624383079,80.58905540269541,79.79417646671524,78.15966245949113,77.17476068950988,,80.73524936895423,76.54455246451563,,,79.40431975136065,"rgba(38, 166, 154, 0.5)",1.1292973060306162,80.07966040444437,0.6024450708617844,52.920597980954724,-6.132225176826857,False,False,True,False,True,2.6914275245174046,0.0,0.0,0.0,0.0,0,0.9280802054851273,1.014168530947055,False,False,False,False,0.16763842223464745,0.17230166644712075,False,False,False,False,1593134.0,1544262.6760225703,False,False,False,False,13393.915492916745,False,False,False,False
2025-07-09 14:00:00+00:00,81.32,81.32,80.975,81.08,6324.0,,,,,,,,,,,,,,,,80.99692035631868,79.42028557620822,79.52571920450441,80.05198260506211,80.56607902626725,80.68427101523613,79.23789786027119,77.35002085105148,77.21335581676185,77.10966445686739,,,,,,,,,,,,,,,80.77296428626076,79.5219731511867,79.45323615165765,79.73466518950167,80.3416330250117,80.50002097104075,80.59015962946069,79.79587756886238,78.16243532942833,77.17778881412042,,80.77296428626076,76.54764759827572,,,79.410347544254,"rgba(38, 166, 154, 0.5)",1.1370784913532137,80.08704026528999,0.8732552257921191,54.17759966525987,-5.395605659947812,False,False,True,False,True,4.483296453232683,0.0,0.0,0.0,0.0,0,0.9259167696744957,1.0085702513391024,False,False,False,False,0.21235859761637899,0.19233013203174987,False,False,False,False,1599458.0,1545118.4174795847,False,False,False,False,13284.304400003306,False,False,False,False
2025-07-09 15:00:00+00:00,81.085,81.44,80.98,81.405,6920.0,,,,,,,,,,,,,,,,81.00459926362514,79.43166975339027,79.53559859787151,80.05677303989044,80.5677220134978,80.68549753835931,79.24042738208249,77.35345679289566,77.2167914960638,77.11309042859926,,,,,,,,,,,,,,,80.8210332350947,79.54128222637128,79.4639840942754,79.74206467169537,80.34473524345994,80.50207931351414,80.59170013739359,79.7979435257505,78.16561691660984,77.18122272310934,,80.8210332350947,76.55114047064949,,,79.41786441967749,"rgba(38, 166, 154, 1.0)",1.1499116691509206,80.09621030279496,1.1381654194112456,56.84223986391944,-2.3226381002614787,False,False,True,False,True,6.248940495704051,0.0,0.0,0.0,0.0,0,0.9321587353861359,1.0037049234315831,False,False,False,False,0.22209453969748238,0.20721233586461613,False,False,False,False,1606378.0,1546068.1784488934,False,False,False,False,13185.633013956742,False,False,False,False
2025-07-09 16:00:00+00:00,81.41,81.445,81.31,81.39,7185.0,,,,,,,,,,,,,,,,81.01510903269687,79.44401842421163,79.54636076886565,80.06213941890762,80.56967593949129,80.68699511016328,79.24318447840461,77.35711481777892,77.2204461995517,77.11673265365098,,,,,,,,,,,,,,,80.8717285861713,79.56209181569817,79.47565967329227,79.75020205055303,80.34830135156282,80.50449828823727,80.5935408704272,79.8002369674249,78.16902655404172,77.18487478847176,,80.8717285861713,76.5548434118301,,,79.42609688948015,"rgba(38, 166, 154, 1.0)",1.1620692556631762,80.10627128876905,1.104692086960294,58.48340068398761,-0.2176687325757598,True,False,True,False,True,6.153243378490529,0.0,0.0,0.0,0.0,0,0.9392082160013255,1.0034785489481537,False,False,False,False,0.24839797919763235,0.22780515753112424,False,False,False,False,1599193.0,1546891.8190930965,False,False,False,False,13092.599943972917,False,False,False,False
2025-07-09 17:00:00+00:00,81.375,81.65,81.31,81.565,4575.0,,,,,,,,,,,,,,,,81.02370991308281,79.45230888919903,79.55361681918127,80.06585967254136,80.57110852758173,80.68811858873163,79.24504011054115,77.35951378016111,77.22284070173332,77.11911736056918,,,,,,,,,,,,,,,80.9063871931265,79.57600416242843,79.48350937768352,79.75574054143753,80.35083606443062,80.50625305417321,80.59489613826929,79.80181053304493,78.1712793040814,77.1872669946526,,80.9063871931265,76.55726007459283,,,79.43176088633253,"rgba(38, 166, 154, 1.0)",1.1772226744451724,80.11319180187022,1.2332485855439566,60.58317057827473,2.317004419420414,True,False,True,False,True,7.105245865126175,0.0,0.0,0.0,0.0,0,0.9444023887627224,1.0068971318025068,False,False,False,False,0.26465961181400605,0.24623238467256514,False,False,False,False,1603768.0,1547773.620347467,False,False,False,False,12960.544130888065,False,False,False,False
2025-07-09 18:00:00+00:00,81.61,81.64,81.36,81.485,5348.0,,,,,,,,,,,,,,,,81.0331249758752,79.46185379946299,79.56197372318472,80.07014434069656,80.57275388920522,80.6894067163585,79.24719266685491,77.36230556175141,77.22562769693053,77.12189325245106,,,,,,,,,,,,,,,80.94160610196798,79.59190661321836,79.49254894933503,79.76212183132893,80.35375107067958,80.50826935699288,80.59645226159026,79.8036319564407,78.17389832615376,77.1900514199938,,80.94160610196798,76.56007447360597,,,79.4380257255236,"rgba(38, 166, 154, 1.0)",1.190118519347008,80.1208888490994,1.146197734700453,61.14087186701242,3.427920310572304,True,False,True,False,True,6.579035947925387,0.0,0.0,0.0,0.0,0,0.9484562173106128,0.9900455542432941,False,False,False,False,0.2678483720540312,0.2570403783632982,False,False,False,False,1598420.0,1548558.8355358783,False,False,False,False,12842.520190874297,False,False,False,False
2025-07-09 19:00:00+00:00,81.485,81.495,81.21,81.4,21796.0,,,,,,,,,,,,,,,,81.0583621990943,79.49748199525625,79.59311746022205,80.08581514370779,80.57848671269113,80.6937954671366,79.25543109862318,77.37329716331946,77.23661282485388,77.13284354999698,,,,,,,,,,,,,,,81.02526501284737,79.64994259704764,79.52628667988076,79.78578572928508,80.36417755104281,80.5153584754488,80.60185281058439,79.81046198223751,78.18412422795149,77.20102952456976,,81.02526501284737,76.57121800954451,,,79.45847641028986,"rgba(38, 166, 154, 1.0)",1.1978925864414056,80.14640806871184,1.0464977790807033,60.588388943242926,3.482764502228548,True,False,True,False,True,6.01609570543874,0.0,0.0,0.0,0.0,0,0.9450725615929804,0.9906344920688498,False,False,False,False,0.2444514860129428,0.25074593218812047,False,False,False,False,1576624.0,1548993.9543647794,False,False,False,False,12981.333831325857,False,False,False,False
2025-07-10 14:00:00+00:00,82.79,83.66,82.63,83.2,17234.0,,,,,,,,,,,,,,,83.16333333333334,81.17663064751876,79.55086160921364,79.64113387668974,80.1149114386582,80.5931307779969,80.70635371145751,79.26739564865082,77.38583135736144,77.24901320961412,77.14511449994274,,,,,,,,,,,,,,,81.31221449097039,79.73841534565867,79.57728529023298,79.82467809990244,80.38673926789521,80.53250449673284,80.61594543539502,79.82199440882384,78.19669550341231,77.21339047056864,,81.31221449097039,76.58327597807452,,83.16333333333334,79.67683680571568,"rgba(0, 255, 0, 1.0)",1.2525518097223283,80.34161069449107,2.282052752885805,67.17295872215372,10.081791634761316,True,False,True,False,True,14.967616367849509,-1.0,83.66,82.63,0.0,0,0.9579542660437673,0.9678714859437756,False,False,False,False,0.3428282412481477,0.2967870867181341,False,False,False,False,1593858.0,1549689.5209637752,False,False,False,False,13047.26664014251,False,True,False,False
2025-07-10 15:00:00+00:00,83.215,83.62,83.06,83.19,12934.0,,,,,,,,,,,,,,,83.21763944135067,81.26213884257362,79.59128182144136,79.67759570039681,80.1372815946317,80.60454880094515,80.71617658952253,79.2766173280383,77.39540805225828,77.25848416854711,77.15448415168022,,,,,,,,,,,,,,,81.49319491315573,79.80429040774503,79.61594881471126,79.85436851564062,80.40419582929272,80.54583988659294,80.62694127366848,79.83092357148588,78.2063280974884,77.2228304382609,,81.49319491315573,76.5924701109948,,83.21763944135067,79.70935801140132,"rgba(0, 255, 0, 1.0)",1.303679660676008,80.38254745408723,2.1534834289406612,71.47677831734345,14.248128660245825,True,False,True,False,True,14.901483504704878,0.0,0.0,0.0,0.0,0,0.9605511358976468,0.9743295333388012,False,False,False,False,0.34282824168931825,0.3198076642037262,False,False,False,False,1580924.0,1550173.7764527088,False,False,False,False,13045.510568202317,False,False,False,False
2025-07-10 16:00:00+00:00,83.19,83.31,82.91,82.91,10428.0,,,,,,,,,,,,,,,83.17286497848721,81.31840804874525,79.62110842242453,79.70449518692807,80.15369598195356,80.6128452582979,80.72328823811314,79.28356647954823,77.40278448570011,77.26578710736459,77.16171475733991,,,,,,,,,,,,,,,81.59970162677155,79.85201445141016,79.64448590555547,79.87624617604217,80.41692800364183,80.55553992341432,80.63492592944675,79.83757828626163,78.21369231547901,77.2301114920608,,81.59970162677155,76.59959218683784,,83.17286497848721,79.72770395499934,"rgba(0, 255, 255, 0.75)",1.3431062457564742,80.40667443433321,1.8638328677094664,71.89649332634937,14.827029310023718,True,False,True,False,True,13.052200908103856,0.0,0.0,0.0,0.0,0,0.9650453421269586,0.9769167353668594,False,False,False,False,0.3138301593062679,0.31681891175499705,False,False,False,False,1570496.0,1550488.849686,False,False,False,False,13004.92900900538,False,False,False,False
2025-07-10 17:00:00+00:00,82.91,82.91,82.535,82.795,12203.0,,,,,,,,,,,,,,,83.074361256842,81.36932548933683,79.65239446280023,79.73268356792255,80.17072240364996,80.6213061754991,80.73049826766824,79.29102689401815,77.41093934929563,77.27387211355222,77.16972795223616,,,,,,,,,,,,,,,81.68505810809712,79.90107792071899,79.67442016471155,79.89910687942914,80.4300068193106,80.56545355360225,80.64306020505532,79.84461337340674,78.22175400129056,77.23817514828514,,81.68505810809712,76.6075238102992,,83.074361256842,79.74283733841564,"rgba(0, 255, 255, 0.75)",1.3770480504819014,80.42747206876496,1.719277646416567,71.19016712185416,14.827029310023718,True,False,True,False,True,12.29960399732855,0.0,0.0,0.0,0.0,0,0.9575817477967224,0.9812206572769957,False,False,False,False,0.2660807544202812,0.2914498330876391,False,False,False,False,1558293.0,1550609.8442645115,False,False,False,False,12992.496001113823,False,False,False,False
2025-07-10 18:00:00+00:00,82.73,82.79,82.36,82.49,12888.0,,,,,,,,,,,,,,,82.97082588640066,81.41204532529252,79.68267155708872,79.75995434394264,80.18708602865925,80.62933543399622,80.73730758556528,79.29841726404138,77.41920317824535,77.28207400068291,77.17786342269153,,,,,,,,,,,,,,,81.74784313559194,79.94760411293747,79.7033961697754,79.92119053967788,80.4424824893126,80.5748755953995,80.6507729892474,79.8514970045598,78.22986219099306,77.24635761312321,,81.74784313559194,76.61560629468678,,82.97082588640066,79.75584123177262,"rgba(38, 166, 154, 1.0)",1.399988487727112,80.44570440793986,1.4602231446767546,68.20210346617633,14.827029310023718,True,False,True,False,False,10.325913343767997,0.0,0.0,0.0,0.0,0,0.9613259668508294,0.979384843737116,False,False,False,False,0.24822287496713108,0.2698363540273851,False,False,False,False,1545405.0,1550529.1490045965,False,False,False,False,12990.875908073298,False,False,False,False
2025-07-10 19:00:00+00:00,82.49,82.675,82.07,82.395,32565.0,,,,,,,,,,,,,,,82.7750004071164,81.49333791098972,79.75213299303184,79.82257878045893,80.22459521708524,80.64759033729548,80.75272367975127,79.315991858326,77.43929106205009,77.30203252412738,77.19767585131648,,,,,,,,,,,,,,,81.84613987715804,80.05109280857546,79.76992880249264,79.97194305703275,80.47091425278919,80.5963093826494,80.66829677893968,79.86766909186997,78.24942909864852,77.26627425012471,,81.84613987715804,76.63536004102616,,82.7750004071164,79.78480704865854,"rgba(38, 166, 154, 1.0)",1.4211641909576618,80.48611444671579,1.343184387440758,65.45221356978206,14.827029310023718,True,False,True,False,False,9.717167613006048,0.0,0.0,0.0,0.0,0,0.9491903502974229,0.9920687376074029,False,False,False,False,0.22395404333232552,0.24689519867985532,False,False,False,False,1512840.0,1549944.8211130523,False,False,False,False,13294.350700196192,False,False,False,False
2025-07-11 14:00:00+00:00,80.985,81.43,80.64,81.33,29684.0,,,,,,,,,,,,,,,82.39409710063366,81.46773793810003,79.78381124884004,79.8505278352441,80.2385462739232,80.6521638095407,80.75595195023665,79.32539055205272,77.45287594440859,77.31565654746963,77.21129153717852,,,,,,,,,,,,,,,81.75765054597616,80.09149727515465,79.80013640505,79.99339106249866,80.47965788090526,80.60205956335083,80.67255316625348,79.87500523573573,78.26177007176078,77.2799015374484,,81.75765054597616,76.64936653908994,,82.39409710063366,79.77436540389343,"rgba(38, 166, 154, 0.5)",1.422198469444114,80.47772235149242,0.5992677300803912,57.31510920903407,14.290692483986646,False,False,True,False,False,3.324902584105164,0.0,0.0,0.0,0.0,0,0.9332194566455185,0.9967463803481377,False,False,False,False,0.06871619402930988,0.1578056963545826,False,False,False,False,1483156.0,1548909.3355144004,False,False,False,False,13548.45379011563,False,False,False,False
2025-07-11 15:00:00+00:00,81.275,81.625,80.965,81.52,14224.0,,,,,,,,,,,,,,,82.29162975989496,81.46451729868268,79.8010542097544,79.86589603254964,80.24680896116303,80.65538791454759,80.75843754458437,79.33044490681253,77.45976652839875,77.32255321984341,77.21817426609962,,,,,,,,,,,,,,,81.73588530297587,80.11396741688958,79.81662813750309,80.00546620715767,80.48525386970907,80.60597961783192,80.67559870333575,79.87914603097954,78.26813057391729,77.28679645307415,,81.73588530297587,76.6563999298333,,82.29162975989496,79.77559633122404,"rgba(38, 166, 154, 0.5)",1.4224688029964654,80.48065519942843,0.7306626327285101,53.060534676817795,10.496914865896777,False,False,False,False,False,4.296093635377218,0.0,0.0,0.0,0.0,0,0.9350880025835625,0.9877280800904252,False,False,False,False,0.09840922767578121,0.12810746201518192,False,False,False,False,1497380.0,1548110.4310878206,False,False,False,False,13558.927374765002,False,False,False,False
2025-07-11 16:00:00+00:00,81.515,81.81,80.99,81.805,8091.0,,,,,,,,,,,,,,,82.2508853296595,81.46581411037737,79.81171024728002,79.87544381678903,80.25213795149169,80.65762945888684,80.76022150786085,79.33354051874527,77.4638402121486,77.32662527751572,77.22223438267095,,,,,,,,,,,,,,,81.72966805391923,80.12803334573027,79.82683552274314,80.01306001741447,80.48899355225316,80.60866936248117,80.67772807682393,79.88175076194419,78.271928838981,77.29086617485054,,81.72966805391923,76.66053109184672,,82.2508853296595,79.7779817390746,"rgba(38, 166, 154, 0.5)",1.4273313535390098,80.484260033786,0.9253212037550254,51.91167251852703,9.46039374091282,False,False,False,False,False,5.7326741939600865,0.0,0.0,0.0,0.0,0,0.9359447744421258,0.9889227805426237,False,False,False,False,0.11044690813736174,0.11927718507627183,False,False,False,False,1505471.0,1547449.3546368466,False,False,False,False,13474.153306939188,False,False,False,False
2025-07-11 17:00:00+00:00,81.79,81.85,81.52,81.595,7855.0,,,,,,,,,,,,,,,82.22128063872762,81.4691341102053,79.8226426191409,79.88527192063503,80.2577495025582,80.66009086657162,80.76221264667392,79.33670089660714,77.46790363258586,77.33068354762584,77.2262782450731,,,,,,,,,,,,,,,81.72748998265763,80.14256732112628,79.83731788766725,80.0209361618582,80.49301234820332,80.61160214418368,80.68007323327211,79.88445466974005,78.27574317264228,77.29492123896766,,81.72748998265763,76.66463363754897,,82.22128063872762,79.78133651365347,"rgba(38, 166, 154, 0.5)",1.4134506686812633,80.4889654764691,0.7825066329076872,49.98216281775787,7.493784422641511,False,True,False,False,False,4.5178882097245,0.0,0.0,0.0,0.0,0,0.9461149867693049,0.983561863523375,False,False,False,False,0.14329231660743724,0.13128475084185454,False,False,False,False,1497616.0,1546676.7444874381,False,False,False,False,13387.03465101765,False,False,False,False
2025-07-11 18:00:00+00:00,81.615,81.755,81.355,81.725,14527.0,,,,,,,,,,,,,,,82.16998185939731,81.47361456489531,79.842052776338,79.90272670887572,80.26769184762284,80.6644142374265,80.76569419142466,79.34241424172183,77.47532022129523,77.33809386742745,77.23366455140854,,,,,,,,,,,,,,,81.72156149066862,80.16798040894447,79.85593583051215,80.03492388387258,80.50009769588478,80.61675945282875,80.6841893666097,79.88931174121598,78.28268459947653,77.30232649691122,,81.72156149066862,76.67213740598694,,82.16998185939731,79.7872114302266,"rgba(38, 166, 154, 0.5)",1.3973943512751512,80.4971511806785,0.8786702323514165,49.53471057643093,6.766868786050544,False,True,False,False,False,5.181507321077618,0.0,0.0,0.0,0.0,0,0.9446713107534634,0.9847065417567467,False,False,False,False,0.12827629873043536,0.12978052478614494,False,False,False,False,1512143.0,1546141.33759616,False,False,False,False,13404.70853239722,False,False,False,False
2025-07-11 19:00:00+00:00,81.725,81.76,81.5,81.64,59356.0,,,,,,,,,,,,,,,82.03267659960889,81.49179375763038,79.91809017651407,79.97138313216453,80.30747351987002,80.68207327590395,80.7799846873108,79.36568337981296,77.50550718077159,77.36825924081019,77.26373565669637,,,,,,,,,,,,,,,81.70630103215352,80.26471406693477,79.92900507794688,80.09036057881927,80.52868530748398,80.63773758536811,80.70102050023904,79.90912280656433,78.31093167511469,77.3324723685677,,81.70630103215352,76.70269551008754,,82.03267659960889,79.81414340982313,"rgba(38, 166, 154, 0.5)",1.3750941720423075,80.53292434137879,0.8050907938741168,48.697829612499696,5.545533017158668,False,True,False,False,False,4.680961270359425,0.0,0.0,0.0,0.0,0,0.9430172068827535,0.9873549419767913,False,False,False,False,0.13693193645599824,0.1333562306210716,False,False,False,False,1452787.0,1544693.9835249016,False,False,False,False,14117.131655925945,False,False,False,False
2025-07-14 14:00:00+00:00,80.77,81.09,80.39,80.74,7922.0,,,,,,,,,,,,,,,81.98999167052227,81.48054408790632,79.92272042718655,79.9754314022718,80.30914863253119,80.68221383973562,80.77989698350565,79.367543920675,77.50863822579207,77.3714167078526,77.26690388465715,,,,,,,,,,,,,,,81.68449727703594,80.26886504951128,79.93343057479483,80.09335385093206,80.52939439165954,80.63801846460478,80.70111253695204,79.91038058773958,78.31366169718541,77.33563497615468,,81.68449727703594,76.70601174180882,,81.98999167052227,79.81251424710507,#000000,1.3406820470768213,80.5291223853521,0.15729129446291112,43.69599929546012,0.5239265204618775,False,True,False,True,False,0.0,0.0,0.0,0.0,0.0,0,0.9291282778171511,0.991022915190173,False,False,False,False,0.0351691255791921,0.08426267810013185,False,False,False,False,1444865.0,1543146.2473462208,False,False,False,False,14021.08310312089,False,False,False,False
2025-07-14 15:00:00+00:00,80.74,81.315,80.395,81.19,10107.0,,,,,,,,,,,,,,,81.94862366576275,81.47091744065857,79.93017007323851,79.98204770235411,80.31238148460206,80.6830917494609,80.78041818410064,79.37030114550477,77.51290365837616,77.37570695795239,77.27120083413611,,,,,,,,,,,,,,,81.66441085840057,80.27655463582116,79.94057418638705,80.09845755630133,80.53125841857346,80.63916609774134,80.70191008898219,79.91241668856767,78.31746035030245,77.33992944483204,,81.66441085840057,76.71047202334847,,81.94862366576275,79.81237624866935,"rgba(38, 166, 154, 0.5)",1.3062216848961146,80.53548714379676,0.5010733352319859,43.401423467967625,-0.026965568262049544,False,True,False,True,False,1.9996096816006634,0.0,0.0,0.0,0.0,0,0.9302524937655863,0.9876870324189534,False,False,False,False,0.048233239013988384,0.06624795855706012,False,False,False,False,1454972.0,1541779.2047517055,False,False,False,False,13960.399644157776,False,False,False,False
2025-07-14 16:00:00+00:00,81.185,81.365,81.09,81.36,6521.0,,,,,,,,,,,,,,,81.9314160030249,81.46853791846752,79.93631821744869,79.98757770700735,80.31541497284137,80.6842614356178,80.78130108190715,79.37241397798437,77.51589265832774,77.37870422658175,77.27419629435533,,,,,,,,,,,,,,,81.65744601359019,80.28357982549775,79.94648551970715,80.10286461324584,80.53328923461598,80.64058792652907,80.70301199995372,79.91410506470164,78.32018696209671,77.34292739591761,,81.65744601359019,76.71355069389304,,81.9314160030249,79.81383424044854,"rgba(38, 166, 154, 0.5)",1.2749851332830724,80.54272882078106,0.6410044775302364,44.25779220002131,-0.026965568262049544,False,True,False,True,False,2.8680162803211964,0.0,0.0,0.0,0.0,0,0.9495653535907278,0.9865298770459714,False,False,False,False,0.09068592044301965,0.07846693950003988,False,False,False,False,1461493.0,1540534.4573912139,False,False,False,False,13845.060114790987,False,False,False,False
2025-07-14 17:00:00+00:00,81.365,81.585,81.36,81.39,7442.0,,,,,,,,,,,,,,,81.91770324379408,81.4682214326753,79.9441680789637,79.99467519759537,80.31947682849102,80.68598288649139,80.78265960156301,79.375039024923,77.51945517061321,77.38227123804927,77.27775733759357,,,,,,,,,,,,,,,81.65323172725446,80.29286234592296,79.95404197471636,80.10859372385984,80.53613418418264,80.64264631669694,80.70464607503835,79.91627214754354,78.32347490889939,77.34649388674438,,81.65323172725446,76.71719252548806,,81.91770324379408,79.81646701579105,"rgba(38, 166, 154, 0.5)",1.254900042680647,80.5514954449159,0.6681843386449599,45.02402317632532,-0.026965568262049544,False,True,False,True,False,3.022201502007267,0.0,0.0,0.0,0.0,0,0.9520962793990405,0.9863918823251797,False,False,False,False,0.11877707632121261,0.09862200791062625,False,False,False,False,1468935.0,1539424.3882843733,False,False,False,False,13745.787864949267,False,False,False,False
2025-07-14 18:00:00+00:00,81.39,81.47,81.27,81.45,14511.0,,,,,,,,,,,,,,,81.89055430676648,81.46639336224214,79.95875635004953,80.00786286513392,80.32697699726496,80.68910487464191,80.78510047892371,79.38001940086897,77.52629779202199,77.3891259807385,77.28460314988686,,,,,,,,,,,,,,,81.64367742451499,80.30980027783446,79.96808849796822,80.11922631677547,80.54133843206122,80.64638982101756,80.7076050470929,79.92034705914195,78.3297671877747,77.3533485063898,,81.64367742451499,76.72420512568951,,81.89055430676648,79.82116114900525,"rgba(38, 166, 154, 0.5)",1.240603264328383,80.56220463153372,0.7156158572151632,45.95918968986153,-0.026965568262049544,False,True,False,True,False,3.3348288280506004,0.0,0.0,0.0,0.0,0,0.9493800837084422,0.9883913764510787,False,False,False,False,0.10700446763055459,0.10281323777059043,False,False,False,False,1483446.0,1538556.5062954684,False,False,False,False,13757.65161898106,False,False,False,False
2025-07-14 19:00:00+00:00,81.45,81.51,81.155,81.25,36194.0,,,,,,,,,,,,,,,81.82320605301796,81.45672504539158,79.99165707629331,80.03759842376721,80.34367211811187,80.69578013398602,80.79020489699879,79.39177557785851,77.54285844255503,77.40573305835152,77.30120109223922,,,,,,,,,,,,,,,81.61489330684593,80.34648672578689,79.99978681276784,80.14314784045439,80.55268667693643,80.65444579399305,80.71390903551404,79.92978874142504,78.34488420967425,77.36995960078235,,81.61489330684593,76.74126366394444,,81.82320605301796,79.830971460131,"rgba(38, 166, 154, 0.5)",1.2255577880682245,80.57682015958677,0.5492844539581611,45.2752763062346,-0.026965568262049544,False,True,False,True,False,2.1944034795487966,0.0,0.0,0.0,0.0,0,0.9505208333333337,0.9826388888888894,False,False,False,False,0.10270495737055746,0.10275909757057394,False,False,False,False,1447252.0,1537140.9325544534,False,False,False,False,14105.501981477479,False,False,False,False
2025-07-15 14:00:00+00:00,81.26,81.745,80.82,81.25,28524.0,,,,,,,,,,,,,,,81.77736790886048,81.4483822076746,80.01584418278708,80.05949757391986,80.35599057249144,80.70065742154928,80.79390160420522,79.40078010806825,77.55569300885232,77.41861091666779,77.31407735699203,,,,,,,,,,,,,,,81.59334736322415,80.37260583386531,80.02311673416733,80.16080900318731,80.56100933117973,80.66033880963742,80.71850923279148,79.93696119484284,78.35655698249356,77.38284244540347,,81.59334736322415,76.75452047178733,,81.77736790886048,79.83842379966005,"rgba(38, 166, 154, 0.5)",1.2136635774719748,80.58605787018459,0.5470561547198954,44.81933405048331,-0.5429730803953845,False,True,False,True,False,2.194403479548786,0.0,0.0,0.0,0.0,1,0.9491817398794145,0.9774489076814663,False,False,False,False,0.09697812965101085,0.0998686136107924,False,False,False,False,1447252.0,1535747.305693144,False,False,False,False,14329.044586415812,False,False,False,False
2025-07-15 15:00:00+00:00,81.235,81.72,81.205,81.705,15681.0,,,,,,,,,,,,,,,81.76714225210443,81.45067854785377,80.03154867698571,80.07383334308848,80.36459243455408,80.70456266400521,80.79705166797248,79.40640716377884,77.56322430016296,77.42615059333198,77.32160401484776,,,,,,,,,,,,,,,81.59167894503206,80.3904979926176,80.0382934749323,80.17260205303727,80.56722099834352,80.66494927498347,80.7222322145352,79.94166760678365,78.36352882131392,77.39038081456626,,81.59167894503206,76.76221169197976,,81.76714225210443,79.84523085023004,"rgba(38, 166, 154, 0.5)",1.2042383859074126,80.5959784503066,0.9209319040745656,48.086739596575285,-0.5429730803953845,False,True,False,False,True,4.621468512635854,0.0,0.0,0.0,0.0,1,0.9578520137371216,0.9735404308460823,False,False,False,False,0.11762713743378876,0.10874787552229058,False,False,False,False,1462933.0,1534618.4017289092,False,False,False,False,14350.005135463629,False,False,False,False
2025-07-15 16:00:00+00:00,81.705,81.79,81.32,81.325,5891.0,,,,,,,,,,,,,,,81.76247816961,81.45092754460481,80.03711528677186,80.07891258319694,80.367615415509,80.70590746957015,80.79812576619086,79.40844942293607,77.56600020492806,77.4289313574648,77.32438126469613,,,,,,,,,,,,,,,81.59027605318944,80.39670809845948,80.04367415357851,80.17677298330773,80.56938028420021,80.66654165461989,80.72351215246945,79.94335711649725,78.36608672991473,77.39316154198184,,81.59027605318944,76.76505553542466,,81.76247816961,79.84753882160463,"rgba(38, 166, 154, 0.5)",1.1912745388993393,80.63686895165947,0.577642706085472,47.49466613376269,-0.5429730803953845,False,True,False,True,True,2.421953658949544,0.0,0.0,0.0,0.0,1,0.9547250316055627,0.9796934260429838,False,False,False,False,0.12827629873043536,0.11851208712636296,False,False,False,False,1457042.0,1533415.6668183836,False,False,False,False,14218.857769022332,False,False,False,False
2025-07-15 17:00:00+00:00,81.375,81.65,81.28,81.645,9773.0,,,,,,,,,,,,,,,81.75628181886954,81.45201767872992,80.04655223873814,80.08753666081053,80.37280361453091,80.70826234905928,80.8000219525895,79.41190479260958,77.57065150670734,77.43358922454868,77.32903213508355,,,,,,,,,,,,,,,81.58896268930192,80.40729338299526,80.05279989716699,80.18387997234058,80.5731227516895,80.66932073330872,80.72575669022783,79.94623674970141,78.37038446400152,77.39781895734976,,81.58896268930192,76.76981247036007,,81.75628181886954,79.8516300123981,"rgba(38, 166, 154, 0.5)",1.1807777250773535,80.64382575565692,0.847893911851605,49.354684941365804,-0.5429730803953845,False,False,False,False,True,4.104835546158796,0.0,0.0,0.0,0.0,1,0.9567383739323001,0.9788832647896236,False,False,False,False,0.1179145930088146,0.11821334006758878,False,False,False,False,1466815.0,1532383.098340579,False,False,False,False,14149.92974159563,False,False,False,False
2025-07-15 18:00:00+00:00,81.66,81.7,81.52,81.55,11966.0,,,,,,,,,,,,,,,81.75113403066503,81.45446004962363,80.05844590922145,80.09842805346806,80.37944782750766,80.71135527930267,80.80253715490461,79.4162498607248,77.57642503790565,77.4393682574663,77.33480062297016,,,,,,,,,,,,,,,81.58898762904411,80.42072471044229,80.06430804987036,80.19289718035934,80.57797546990943,80.67295563828262,80.72870994223354,79.94989288327459,78.37573878133419,77.40359677450876,,81.58898762904411,76.7757033381203,,81.75113403066503,79.85706853061996,"rgba(38, 166, 154, 0.5)",1.1637182176510392,80.65295642840333,0.7708425957336542,49.88033290292765,-4.131959856841064,False,False,False,False,True,3.553064325015324,0.0,0.0,0.0,0.0,1,0.9604181629558696,0.9826829462931932,False,False,False,False,0.1346218245545928,0.1264175823110908,False,False,False,False,1454849.0,1531181.019296539,False,False,False,False,14116.070365756937,False,False,False,False
2025-07-15 19:00:00+00:00,81.54,81.675,81.105,81.105,27071.0,,,,,,,,,,,,,,,81.72127851038384,81.44832040237446,80.07963373747154,80.11773480190442,80.3906162273191,80.71595045125217,80.80605899523285,79.42469075480534,77.58847008946988,77.45145818275341,77.34689261863035,,,,,,,,,,,,,,,81.5738218339879,80.44262392123224,80.08480484319615,80.20865774123645,80.58563394399413,80.67846244124543,80.73305418635219,79.95662753405915,78.38668080029868,77.41569253745283,,81.5738218339879,76.78816403669232,,81.72127851038384,79.86462688355486,#000000,1.1403680060366554,80.65484771576882,0.3947429968643916,47.252079605738494,-4.131959856841064,False,True,False,True,False,1.018599843143729,0.0,0.0,0.0,0.0,1,0.9445771619684667,0.9874980092371399,False,False,False,False,0.10929914224989414,0.11785836228049246,False,False,False,False,1427778.0,1529577.871710546,False,False,False,False,14316.921987993264,False,False,False,False
2025-07-16 14:00:00+00:00,80.61,80.835,80.19,80.655,9804.0,,,,,,,,,,,,,,,81.69438837794092,81.43610392057572,80.08259623616647,80.12030414261842,80.39136124101462,80.7155070445259,80.80542335542805,79.42653503341793,77.5919518753913,77.45498425235633,77.35044177548892,,,,,,,,,,,,,,,81.55522847207023,80.44367912642322,80.08765386603652,80.2104679786128,80.58553516923534,80.67808385250213,80.7325747273419,79.95771961777547,78.38962697090902,77.41922813177928,,81.55522847207023,76.79192665263469,,81.69438837794092,79.86330453179096,#000000,1.053731712783364,80.6443986428628,0.010060774491831284,43.170700628392915,-2.5988907449081466,False,True,False,True,False,0.0,0.0,0.0,0.0,0.0,1,0.9318307195208453,0.9970052801639218,False,False,False,False,0.009355937248850065,0.06360714976467126,False,False,False,False,1417974.0,1527847.5791258863,False,False,False,False,14246.954205233678,False,False,False,False
2025-07-16 15:00:00+00:00,80.655,80.965,80.32,80.67,21194.0,,,,,,,,,,,,,,,81.64468090825257,81.4134563698506,80.09008326592804,80.12689465566152,80.39381298667935,80.71511704910073,80.80456947525471,79.43082231768443,77.59968248717256,77.46280376421095,77.35830587304724,,,,,,,,,,,,,,,81.52077142639511,80.4476441435161,80.09487041980745,80.21532800316282,80.58608148770355,80.67790259620571,80.73209302648957,79.9604242638509,78.396236543552,77.42706645066802,,81.52077142639511,76.80023221860523,,81.64468090825257,79.86184035781876,#000000,0.9923932851623294,80.63075769277688,0.03954310031098266,40.5841182025665,-4.944624990219104,False,True,False,True,False,0.0,0.0,0.0,0.0,0.0,1,0.9381329983512604,0.9934050404333831,False,False,False,False,0.02410259832548522,0.04385487404507824,False,False,False,False,1439168.0,1526472.7019301362,False,False,False,False,14354.660341586645,False,False,False,False
2025-07-16 16:00:00+00:00,80.665,80.78,80.375,80.715,11462.0,,,,,,,,,,,,,,,81.61901127868462,81.40130915798967,80.09385067478647,80.13020244605974,80.39497618637044,80.71481481412316,80.80402678403172,79.43307493933325,77.60380839017648,77.46697931079451,77.36250683692154,,,,,,,,,,,,,,,81.50263688915764,80.44943700048162,80.09850210365842,80.21774423165749,80.5862471779003,80.6777008554865,80.73174396256873,79.9618186115901,78.39975031880768,77.43125259303781,,81.50263688915764,76.80467617023707,,81.61901127868462,79.86101878874372,#000000,0.9431446250637486,80.624754608592,0.09568563400539372,39.30106911701345,-6.124076603975531,False,True,False,True,False,0.0,0.0,0.0,0.0,0.0,0,0.9480272540009511,0.9915227380763746,False,False,False,False,0.016728358401539477,0.030291616223308858,False,False,False,False,1450630.0,1525296.846086258,False,False,False,False,14309.812894430263,False,False,False,False
2025-07-16 17:00:00+00:00,80.715,80.805,80.515,80.55,6808.0,,,,,,,,,,,,,,,81.60436629866486,81.39426937334605,80.09606328077699,80.13214636589072,80.39566151913975,80.71463623823192,80.80370598148035,79.43440888841847,77.60625369661086,77.46945421083379,77.36499693911551,,,,,,,,,,,,,,,81.49220846972118,80.45048467350726,80.10063565566524,80.21916588150938,80.58634489580548,80.67758173360176,80.73153769028337,79.96264402886781,78.40183212638405,77.43373381867046,,81.49220846972118,76.80731082436245,,81.60436629866486,79.86057770316786,#000000,0.9051492236752889,80.62162073900984,-0.07912589121938829,37.49100909614082,-7.869822411971491,False,True,False,True,False,0.0,0.0,0.0,0.0,0.0,0,0.9495471158430007,0.9910217702208803,False,False,False,False,0.026088385116043056,0.028190000669675957,False,False,False,False,1443822.0,1524033.6701779438,False,False,False,False,14193.505717772428,False,False,False,False
2025-07-16 18:00:00+00:00,80.535,80.885,80.4,80.825,10126.0,,,,,,,,,,,,,,,81.58507638351526,81.38509358629503,80.0998144064424,80.13547582658389,80.39702880299573,80.7146035162965,80.80344162872323,79.43652057182021,77.60997969461053,77.47322131746377,77.3687843720747,,,,,,,,,,,,,,,81.47853394800195,80.45273031288818,80.10425794732815,80.22167697016135,80.5868015894372,80.67766538276219,80.73145809702699,79.96401612087669,78.40503258687977,77.43750957111158,,81.47853394800195,76.81130481764117,,81.58507638351526,79.86041536349026,#000000,0.8662277232179397,80.61848013004479,0.23841290739116172,39.09570588847318,-7.869822411971491,False,True,False,True,False,0.0,0.0,0.0,0.0,0.0,0,0.9523771664811582,0.9859278104627128,False,False,False,False,0.024102598325486807,0.026146299497581384,False,False,False,False,1453948.0,1522947.070640301,False,False,False,False,14130.443613620917,False,False,False,False
2025-07-16 19:00:00+00:00,80.84,80.875,80.55,80.845,22172.0,,,,,,,,,,,,,,,81.54798216259594,81.36733621441502,80.10857996919594,80.14330434617035,80.4004945577545,80.71486847206545,80.80317343318157,79.44131351586414,77.61824708026704,77.48157493420624,77.37717960195188,,,,,,,,,,,,,,,81.45213725085968,80.45852812882586,80.11273202873979,80.22768420588844,80.58824123844454,80.67822331373138,80.73161290735068,79.96721824284677,78.41217126165436,77.44588114175218,,81.45213725085968,76.82014102510229,,81.54798216259594,79.86088019084579,#000000,0.8297804822069038,80.61425332642389,0.27808158726800547,40.36411748151973,-7.869822411971491,False,True,False,True,True,0.0,0.0,0.0,0.0,0.0,0,0.9616060025542789,0.9798052362707538,False,False,False,False,0.03204704265784133,0.029096671077711356,False,False,False,False,1476120.0,1522221.0695451025,False,False,False,False,14255.118906432996,False,False,False,False
2025-07-17 14:00:00+00:00,80.95,81.205,80.31,80.38,22879.0,,,,,,,,,,,,,,,81.50751327286149,81.34649337657588,80.11568520299618,80.14957362564279,80.40277071727104,80.71433116471142,80.80216466918414,79.44575639361022,77.62639469723621,77.48982317762898,77.38548021003852,,,,,,,,,,,,,,,81.42230392468487,80.46187040299516,80.11959536817635,80.23231143288595,80.58861772302063,80.67788648685396,80.73098353609421,79.96997655188407,78.41910194414608,77.45415101788426,,81.42230392468487,76.82892937935524,,81.50751327286149,79.86013261411347,#000000,0.792940456510099,80.60781632962262,-0.2873057210692658,38.16837196885349,-7.869822411971491,False,True,False,True,True,0.0,0.0,0.0,0.0,0.0,0,0.9593973037272011,0.9719270420301351,False,False,False,False,0.0371562586681605,0.033126464872935926,False,False,False,False,1453241.0,1521151.6111025428,False,False,False,False,14388.822489278997,False,False,False,False
2025-07-17 15:00:00+00:00,80.385,80.78,80.025,80.43,18101.0,,,,,,,,,,,,,,,81.47051548606268,81.32599858614562,80.1188321719685,80.15220879098298,80.40283948031367,80.71279264244879,80.80035592816691,79.44860026726604,77.6323400293123,77.49586352615489,77.39157435957402,,,,,,,,,,,,,,,81.3940432710504,80.46111519388874,80.12261988832023,80.23392215280687,80.58741226231317,80.67637134883168,80.72940057755613,79.97142246043498,78.42401247125515,77.46021257264248,,81.3940432710504,76.83545313493279,,81.47051548606268,79.85773587940457,#000000,0.7549115454437839,80.59936435838605,-0.22434993796059233,37.258207078641355,-8.222616150575575,False,True,False,True,False,0.0,0.0,0.0,0.0,0.0,0,0.9560031595576625,0.9781200631911534,False,False,False,False,-0.0031185724273974035,0.015003946222769262,False,False,False,False,1471342.0,1520379.3690699453,False,False,False,False,14446.375628980097,False,False,False,False
2025-07-17 16:00:00+00:00,80.43,80.625,80.28,80.515,20444.0,,,,,,,,,,,,,,,81.43388765417018,81.3053955384204,80.123038709072,80.15581445483204,80.40344958209681,80.71142569734444,80.79865403390758,79.45199656522237,77.63917279078383,77.50279942685654,77.39856782974975,,,,,,,,,,,,,,,81.36585496663716,80.46131931261917,80.12667435150135,80.23632613264127,80.58654121873836,80.67507455848491,80.72797483808598,79.97327134710739,78.4297007621216,77.4671713455571,,81.36585496663716,76.84291937877026,,81.43388765417018,79.85591005314048,#000000,0.7275492800888741,80.59220062587733,-0.10611051098544705,37.63650392490937,-8.222616150575575,False,True,False,True,False,0.0,0.0,0.0,0.0,0.0,0,0.9556701030927839,0.9893735130848534,False,False,False,False,0.002551546214978803,0.008777746218874033,False,False,False,False,1491786.0,1519936.0610223492,False,False,False,False,14539.362053336994,False,False,False,False
2025-07-17 17:00:00+00:00,80.52,80.845,80.38,80.465,58190.0,,,,,,,,,,,,,,,81.35148709602912,81.257643808894,80.13742361725201,80.16843503963553,80.40729345598622,80.70905795323466,80.79521915451659,79.46238249649434,77.65905418749036,77.52295824887253,77.4188783907283,,,,,,,,,,,,,,,81.30152712288788,80.46594999429242,80.1405849366695,80.24541245065335,80.58604757328585,80.67307946109865,80.7254063395778,79.97939391996843,78.44642538344081,77.48739114207135,,81.30152712288788,76.86452654966033,,81.35148709602912,79.85433579871807,#000000,0.7038985709611049,80.58055005769404,-0.1641572556913485,37.51244221649772,-8.458504440740725,False,True,False,True,False,0.0,0.0,0.0,0.0,0.0,0,0.9569858464457979,0.9845813236340635,False,False,False,False,0.020698825834352223,0.014738286026613128,False,False,False,False,1433596.0,1518597.4554251034,False,False,False,False,15216.116130029443,False,False,False,False
2025-07-17 18:00:00+00:00,80.45,80.45,80.1,80.2,16730.0,,,,,,,,,,,,,,,81.32230606553901,81.23933998043438,80.13847122386524,80.16915487498109,80.4062136854717,80.70695743993596,80.7929406426433,79.46449305489709,77.66410898170795,77.52811273852424,77.42409256926871,,,,,,,,,,,,,,,81.27783983838688,80.46316800997747,80.14157797973024,80.24544880892827,80.58400498843686,80.67091875087127,80.72328354008268,79.98019879377846,78.4504808489985,77.49256846706675,,81.27783983838688,76.87017005675163,,81.32230606553901,79.85169910873934,"rgba(239, 83, 80, 0.5)",0.707563545679155,80.57330391584938,-0.5275906568802394,35.57702647626964,-10.546514723377683,False,True,False,True,False,0.0,0.0,0.0,0.0,0.0,0,0.95228314109654,0.9911518407331333,False,False,False,False,-0.017579135535258885,-0.0014204247543228785,False,False,False,False,1416866.0,1517020.2235580476,False,False,False,False,15239.587197780924,False,False,False,False
2025-07-17 19:00:00+00:00,80.205,80.375,79.89,80.255,53419.0,,,,,,,,,,,,,,,81.23269430829738,81.18090019861347,80.1394772009733,80.16926939373032,80.40121866813567,80.69927332368826,80.7847815903759,79.47050659351743,77.6796431305369,77.54398147706225,77.44016544164325,,,,,,,,,,,,,,,81.20372630840257,80.45171696832621,80.14247231634485,80.2436689018289,80.57618644456409,80.662934813527,80.71555283767677,79.98201575199612,78.4627622396147,77.50851453186007,,81.20372630840257,76.88765861635639,,81.23269430829738,79.84245059241503,#000000,0.7018191484421072,80.54977797558304,-0.42001985303107103,35.052869784036204,-11.270974605543564,False,True,False,True,False,0.0,0.0,0.0,0.0,0.0,1,0.9489844119036378,0.9918123130215715,False,False,False,False,-0.03374992702666351,-0.017585175890493195,False,False,False,False,1470285.0,1516295.6464486204,False,False,False,False,15831.516078435483,False,False,False,False
2025-07-18 14:00:00+00:00,79.09,79.135,77.93,77.955,17892.0,,,,,,,,,,,,,,,81.15905297473631,81.1296771116132,80.12225190632766,80.15263017771086,80.38651646128511,80.68794905173924,80.77404626658864,79.46730338166732,77.68100956942048,77.54557770559083,77.4419240006589,,,,,,,,,,,,,,,81.14077984578026,80.42413760881031,80.12562858431666,80.22806087539755,80.56201736194356,80.65051766417965,80.70442057484858,79.97685801566092,78.46246982996423,77.51016781870469,,81.14077984578026,76.8902295234768,,81.15905297473631,79.82538079937834,"rgba(255, 26, 202, 1.0)",0.7866581271504729,80.51721616443496,-3.2570898030585704,27.75637400715561,-18.11306107070967,False,True,False,True,False,0.0,0.0,0.0,0.0,0.0,0,0.9304874310239122,0.9947118332311468,False,False,False,False,-0.21859698487245713,-0.11809108038147516,False,False,False,False,1452393.0,1515304.9077439907,False,False,False,False,15863.461565591522,False,False,False,False
2025-07-18 15:00:00+00:00,77.95,78.055,77.31,77.42,38130.0,,,,,,,,,,,,,,,80.9756416462985,80.99888180564236,80.0717269032928,80.10399363814199,80.34471854611718,80.65663113860712,80.7445725694688,79.45606555961629,77.68063194918622,77.54578801113777,77.4425588991155,,,,,,,,,,,,,,,80.98211605955342,80.3475271619352,80.07621548231178,80.18284379157998,80.52248647709614,80.61610184088657,80.6736744462398,79.96101973275195,78.4580886587613,77.51052577144927,,80.98211605955342,76.89287825544763,,80.9756416462985,79.77865762329475,"rgba(255, 26, 202, 1.0)",0.8937244017644236,80.43175772071183,-3.3698953668109595,22.285575752956603,-22.911180136876894,False,True,False,True,False,0.0,0.0,0.0,0.0,0.0,0,0.9217179409077068,1.0068534876637225,False,False,False,False,-0.3222856626503181,-0.22018837151589662,False,False,False,False,1414263.0,1513738.3665386573,False,False,False,False,16208.67921573739,False,False,False,False
2025-07-18 16:00:00+00:00,77.42,77.46,76.925,77.01,56002.0,,,,,,,,,,,,,,,80.70552226941635,80.79954214015238,79.98786158687919,80.02323389187838,80.27557976917278,80.60497755717265,80.69603730976476,79.43575407762226,77.67711473654738,77.5432159198753,77.4406765237393,,,,,,,,,,,,,,77.13166666666666,80.74466683257683,80.22452011360788,79.99412558661197,80.10778044674323,80.45740737294545,80.55939743567762,80.62297123795007,79.93365474600155,78.44832202978539,77.50819233283694,,80.74466683257683,76.89418909531567,,80.70552226941635,79.58737366289202,"rgba(255, 26, 202, 1.0)",1.0083115268298755,80.12795406570363,-3.092252724221506,18.235757607908976,-26.31763155148608,False,True,False,True,False,0.0,0.0,0.0,0.0,0.0,0,0.9153259309615533,1.012085504947504,False,False,False,False,-0.34282825441539394,-0.28150831296564527,False,False,False,False,1358261.0,1511327.8647318564,False,False,False,False,16825.629925570916,False,False,False,False
2025-07-18 17:00:00+00:00,77.025,77.425,77.005,77.175,68765.0,,,,,,,,,,,,,,,80.42720432169357,80.5853752849768,79.89357491114352,79.93213777618355,80.19645117628573,80.54482330525447,80.63933142394646,79.41203706859929,77.67340351012022,77.54063082523045,77.43891268368024,,,,,,,,,,,,,,77.17024698037142,80.49526807262934,80.08891357468964,79.90169757893847,80.02256623567531,80.38244654416553,80.4936162799377,80.56387304419847,79.90159031846788,78.43715174130821,77.50589154124232,,80.49526807262934,76.89624780995524,,80.42720432169357,79.51123382721539,"rgba(255, 26, 202, 1.0)",1.100503500656768,79.9959052972515,-2.5632860736635688,16.91346958383595,-27.313800499295397,False,True,False,True,False,0.0,0.0,0.0,0.0,0.0,0,0.9170607220595965,1.0125347144036632,False,False,False,False,-0.34011984575814536,-0.3108140793618953,False,False,False,False,1427026.0,1510020.859077099,False,False,False,False,17630.89147711245,False,False,False,False
2025-07-18 18:00:00+00:00,77.17,77.46,77.125,77.225,59610.0,,,,,,,,,,,,,,,80.22381419761093,80.42269327607387,79.81880495845427,79.8596601589523,80.13257334625199,80.49540356674086,80.59259152188669,79.39250446909755,77.67069221406908,77.5388667710733,77.43783897151516,,,,,,,,,,,,,,77.20249762714438,80.30977961505597,79.9833951595263,79.82829372228011,79.95433430044864,80.3215411888934,80.43978470706354,80.5152786538974,79.87508589193392,78.4281560049853,77.50436658352955,,80.30977961505597,76.89840458441806,,80.22381419761093,79.45217985938567,"rgba(255, 26, 202, 1.0)",1.1819113394909317,79.89707821864013,-2.260811051860324,16.47306342882131,-27.732359026674544,False,True,False,True,False,0.0,0.0,0.0,0.0,0.0,0,0.9192681105302468,1.0119492158327115,False,False,False,False,-0.3308272797621352,-0.32082067956201527,False,False,False,False,1486636.0,1509658.3031224152,False,False,False,False,18281.730368940167,False,False,False,False
2025-07-18 19:00:00+00:00,77.23,77.895,77.22,77.6,73433.0,,,,,,,,,,,,,,,80.02881588507537,80.26017917791575,79.74258829522975,79.7854140680894,80.0655152677086,80.44204262280518,80.54183437672339,79.37227776435648,77.66987905466515,77.5391280508974,77.43887878680152,,,,,,,,,,,,,,77.30764944468147,80.1286259854225,79.8770864927715,79.75333139568984,79.88373147783109,80.25681296625326,80.3819725112709,80.46273624564904,79.84685724500073,78.42010037593623,77.504898309986,,80.1286259854225,76.90315685240533,,80.02881588507537,79.39592526367095,"rgba(255, 0, 0, 1.0)",1.2424107559455968,79.80413065358518,-1.7740756372538173,19.42167584873387,-27.732359026674544,False,True,False,True,True,0.0,0.0,0.0,0.0,0.0,0,0.9214787430683923,1.0053974121996307,False,False,False,False,-0.29945451468901035,-0.3101375971255128,False,False,False,False,1560069.0,1510439.8643143158,False,False,False,False,19136.78881283257,False,False,False,False
2025-07-21 14:00:00+00:00,77.74,78.06,77.445,78.045,14289.0,,,,,,,,,,,,,,,79.99808359541528,80.23373932120988,79.73017948888543,79.77326984893024,80.05428382795543,80.43286989913004,80.53306237719934,79.36899438843972,77.67016640375866,77.53960917028806,77.43949941933897,,,,,,,,,,,,,,77.33613042801822,80.09966429138808,79.85984741967756,79.74110748844053,79.87207235559292,80.2458393677416,80.37208033322668,80.45369288744148,79.84210673492588,78.41905890947059,77.50542805045787,,80.09966429138808,76.90445555372108,,79.99808359541528,79.38730845486056,"rgba(239, 83, 80, 1.0)",1.2823079839759937,79.78992440917422,-1.3607685758641306,24.70641564487508,-31.508149772499507,False,True,False,True,True,0.0,0.0,0.0,0.0,0.0,0,0.9254835873388045,1.0029308323563895,False,False,False,False,-0.2767322343673861,-0.2934349157464494,False,False,False,False,1574358.0,1511430.8431621557,False,False,False,False,19061.629296354546,False,False,False,False
2025-07-21 15:00:00+00:00,78.045,78.245,77.805,78.015,11519.0,,,,,,,,,,,,,,,79.9758630086447,80.2143484059352,79.72119660844633,79.76445422418547,80.04601092372926,80.42601082105736,80.52648217936883,79.36665577514566,77.67061787079248,77.54020984812522,77.44020703455854,,,,,,,,,,,,,,77.3639731317006,80.0785886078773,79.84733113201821,79.73225117230973,79.86356000184239,80.23769429743503,80.36470087447906,80.44692574614378,79.83862215480049,78.4184745404473,77.5060660823842,,80.0785886078773,76.90568950919068,,79.9758630086447,79.38137474733759,"rgba(239, 83, 80, 1.0)",1.3187470438899815,79.78004616939691,-1.338426635778804,28.111864075188976,-28.414137009144508,False,True,False,True,True,0.0,0.0,0.0,0.0,0.0,0,0.9312026790914391,1.0002184041933608,False,False,False,False,-0.24543445253676535,-0.2694346841416074,False,False,False,False,1562839.0,1512227.868849564,False,False,False,False,18944.689307263776,False,False,False,False
2025-07-21 16:00:00+00:00,77.995,78.125,77.865,77.99,6393.0,,,,,,,,,,,,,,,79.96356923781276,80.20359533266942,79.7161693496208,79.75952084943623,80.04138463040819,80.42217621038922,80.52280391143672,79.36533408563244,77.67084775049116,77.54052299568143,77.44057991599178,,,,,,,,,,,,,,77.37784674259481,80.0669165343847,79.84035124561105,79.72729444352791,79.858797233221,80.23314203610704,80.36057597938515,80.44314254718438,79.83666390891635,78.41812785418426,77.5064000860841,,80.0669165343847,76.90635581673038,,79.96356923781276,79.37798922185323,"rgba(239, 83, 80, 1.0)",1.3528694829290167,79.77446372982703,-1.3190213485809459,30.273929051675367,-26.406557313787108,False,True,False,True,True,0.0,0.0,0.0,0.0,0.0,0,0.9313566804002358,1.0071365509123018,False,False,False,False,-0.2488560452151079,-0.25914536467835764,False,False,False,False,1556446.0,1512913.421270501,False,False,False,False,18750.08947304263,False,False,False,False
2025-07-21 17:00:00+00:00,78.025,78.065,77.79,77.835,6819.0,,,,,,,,,,,,,,,79.94998803206484,80.19174326099963,79.71054017326604,79.75400258707411,80.0362411650074,80.41793712503431,80.51874280907181,79.36382799611866,77.67101919646842,77.54078532912186,77.44090763205111,,,,,,,,,,,,,,77.3897654605891,80.0540361358922,79.83257731900311,79.72174545665489,79.85348189330018,80.22809805902398,80.35601298733158,80.43896136934359,79.83447045427502,78.41767468139732,77.50668521679029,,80.0540361358922,76.90700250035091,,79.94998803206484,79.37405656090363,"rgba(239, 83, 80, 1.0)",1.3930826922297772,79.76806526939058,-1.3876170310439397,31.012942232014236,-25.573096576786185,False,True,False,True,True,0.0,0.0,0.0,0.0,0.0,0,0.9305340699815842,1.0078084714548807,False,False,False,False,-0.25657568394031,-0.2578605243093338,False,False,False,False,1549627.0,1513482.6240415012,False,False,False,False,18565.111341677628,False,False,False,False
2025-07-21 18:00:00+00:00,77.83,78.065,77.785,77.825,12695.0,,,,,,,,,,,,,,,79.92511303374624,80.16995210585718,79.70012389887255,79.74378837149891,80.02670872495453,80.41006739204009,80.51120122348136,79.36102277950043,77.67133062939722,77.54126584258205,77.44150981180579,,,,,,,,,,,,,,77.41035066634358,80.03040475073423,79.81823199367187,79.71147590391622,79.8436375107679,80.21874540239558,80.34754570617699,80.43119845594276,79.83038956041848,78.41682502344065,77.50720814747957,,80.03040475073423,76.90819811936689,,79.92511303374624,79.36673167886475,"rgba(239, 83, 80, 1.0)",1.4318035530117885,79.75621437542699,-1.34879842375352,31.457955036124716,-24.84869706447102,False,True,False,True,True,0.0,0.0,0.0,0.0,0.0,0,0.9375509901357267,1.0059333976118077,False,False,False,False,-0.2568621666653749,-0.25736134548735434,False,False,False,False,1536932.0,1513846.1802579118,False,False,False,False,18474.10186351208,False,False,False,False
2025-07-21 19:00:00+00:00,77.825,77.885,77.435,77.505,32001.0,,,,,,,,,,,,,,,79.85662214191201,80.11020272187683,79.6703569450781,79.71466745047807,79.99991219878599,80.38823803686253,80.49034591009993,79.35264428959545,77.67110728457544,77.54149656594285,77.44206971093647,,,,,,,,,,,,,,77.42890165024038,79.96547033347129,79.77781247094615,79.68214124030297,79.8157160038435,80.19266816486693,80.3240248288275,80.40967841939207,79.81868597929244,78.41354638581893,77.50755321971282,,79.96547033347129,76.91033455683686,,79.85662214191201,79.34426645240266,"rgba(255, 0, 0, 1.0)",1.476250500607297,79.72083482845889,-1.5009883671825002,30.27995921303156,-24.84869706447102,False,True,False,True,True,0.0,0.0,0.0,0.0,0.0,0,0.9343946686412443,1.0007404664938913,False,False,False,False,-0.28747469105493806,-0.2724180182711462,False,False,False,False,1504931.0,1513707.9604089519,False,False,False,False,18683.821214465384,False,False,False,False
2025-07-22 14:00:00+00:00,77.83,78.485,77.545,78.365,31394.0,,,,,,,,,,,,,,,79.80800462594296,80.0659418167109,79.6491718950642,79.69376932415551,79.97982236051209,80.37112058043047,80.47383803325823,79.34694501419466,77.67270358575614,77.54348163939041,77.44433280888173,,,,,,,,,,,,,,77.48806341395829,79.91847559671523,79.74879586281553,79.66121179123637,79.79532913416129,80.17266593256505,80.3057109932234,80.3927679370669,79.81001379259229,78.41242941853666,77.50963553222537,,79.91847559671523,76.91397980407393,,79.80800462594296,79.33019232224517,"rgba(239, 83, 80, 0.5)",1.4973617549636997,79.58908006752617,-0.8174912064291698,36.52285234902516,-19.65458458920129,False,False,False,True,True,0.0,0.0,0.0,0.0,0.0,0,0.9355949589683473,0.9907678780773742,False,False,False,False,-0.24657435381284773,-0.259496186041997,False,False,False,False,1536325.0,1514058.6121855571,False,False,False,False,18880.87824990003,False,False,False,False
2025-07-22 15:00:00+00:00,78.35,78.385,78.18,78.195,25488.0,,,,,,,,,,,,,,,79.77322564922196,80.03360833149037,79.63374157509504,79.67849439263419,79.9648799615433,80.35815788957572,80.461292116508,79.3428162368507,77.67433287134388,77.54541481698587,77.44648257064034,,,,,,,,,,,,,,77.53702126546989,79.88453701556463,79.72769637631981,79.64594971036614,79.7803212167359,80.15766110651195,80.29188555988317,80.37995116707695,79.80354402919944,78.41191923047738,77.51164459339203,,79.88453701556463,76.91721742838577,,79.77322564922196,79.32020807649486,"rgba(239, 83, 80, 0.5)",1.52067449769195,79.5764386515957,-0.9084381001275563,39.686946861275985,-16.677599703508072,False,False,False,True,True,0.0,0.0,0.0,0.0,0.0,0,0.9458904611775062,0.9909817435295843,False,False,False,False,-0.21628755058763585,-0.2378918683148164,False,False,False,False,1510837.0,1514008.664709812,False,False,False,False,18983.314246025613,False,False,False,False
2025-07-22 16:00:00+00:00,78.185,78.34,78.01,78.295,13937.0,,,,,,,,,,,,,,,79.75439514819081,80.016041005765,79.62521726365868,79.67005718163439,79.95663767218132,80.35100882173049,80.45437363464173,79.34049278018114,77.6751611864495,77.54641044534667,77.44759763056452,,,,,,,,,,,,,,77.55993651756012,79.86613529041927,79.71611543179326,79.63751753255502,79.77203475576914,80.14939199680654,80.28426352699515,80.3728824451393,79.79994209424403,78.41157453816129,77.51268203576105,,79.86613529041927,76.91893056909466,,79.75439514819081,79.3145394970704,"rgba(239, 83, 80, 0.5)",1.5406560115576324,79.56809952799759,-0.8263360013183342,42.495463854850115,-14.015102707696862,True,False,False,True,True,0.0,0.0,0.0,0.0,0.0,0,0.9438004402054294,0.993030080704329,False,False,False,False,-0.2284090060552189,-0.23315043718501766,False,False,False,False,1524774.0,1514175.5691329157,False,False,False,False,18905.07681585467,False,False,False,False
2025-07-22 17:00:00+00:00,78.29,78.425,78.145,78.305,22757.0,,,,,,,,,,,,,,,79.7260906938085,79.98926491901312,79.61226125482666,79.65720263685638,79.94393004149039,80.33985277366672,80.44355158987122,79.33697647169691,77.67669956497207,77.54821549678738,77.44959261943849,,,,,,,,,,,,,,77.59820796426277,79.8383000122227,79.69852852828416,79.62469129533675,79.75934821669428,80.13656925616156,80.2723941292294,80.36184556363158,79.79437846712025,78.41123279694926,77.5145536616196,,79.8383000122227,76.9218830613768,,79.7260906938085,79.3060767251791,"rgba(239, 83, 80, 0.5)",1.5592632731382055,79.5564759830988,-0.8026072342357256,44.44307495435511,-12.095282854208754,True,False,False,True,True,0.0,0.0,0.0,0.0,0.0,0,0.9505183442393944,0.9876479670612459,False,False,False,False,-0.21600641269720688,-0.22457842494111227,False,False,False,False,1547531.0,1514692.7075959714,False,False,False,False,18964.796555143745,False,False,False,False
2025-07-22 18:00:00+00:00,78.305,78.35,78.08,78.18,20471.0,,,,,,,,,,,,,,,79.70003808278926,79.9646623703946,79.60005463154548,79.64510764010244,79.93206119289763,80.32949177682664,80.43351293473937,79.33356787122405,77.67787903054267,77.5496397337557,77.45119175821058,,,,,,,,,,,,,,77.62539904325614,79.81270577650871,79.68210495307382,79.61260974793828,79.74744467742575,80.12463981629239,80.26136641147966,80.35159751902165,79.78911653523531,78.41070116008645,77.5160391076977,,79.81270577650871,76.92435756493201,,79.70003808278926,79.29776962595656,"rgba(239, 83, 80, 0.5)",1.579063692238805,79.54392368615437,-0.8637547002430198,44.812308651689925,-11.519224611715678,True,False,False,True,True,0.0,0.0,0.0,0.0,0.0,0,0.958854436468586,0.9832753644638499,False,False,False,False,-0.22389116735960038,-0.22423479615035632,False,False,False,False,1527060.0,1514884.4485634759,False,False,False,False,18988.148546536864,False,False,False,False
2025-07-22 19:00:00+00:00,78.135,78.38,78.095,78.275,43245.0,,,,,,,,,,,,,,,79.64945825579824,79.91617455456728,79.57578974503691,79.62101308934504,79.9081755040741,80.30840441546421,80.41303689456821,79.3267287095168,77.6805731160487,77.55284151158646,77.45475595314255,,,,,,,,,,,,,,77.67954879000624,79.76268185882698,79.6496277077753,79.58857396287671,79.72362984046335,80.10051715852481,80.23897208929382,80.33072865616447,79.77843810482449,78.40983770886822,77.51936778909023,,79.76268185882698,76.92974325753536,,79.64945825579824,79.28131251890285,"rgba(239, 83, 80, 0.5)",1.5959061421077079,79.51998378710277,-0.7801109064337094,45.911292619185666,-10.144510001531998,True,False,False,True,True,0.0,0.0,0.0,0.0,0.0,0,0.9582187197977847,0.9817113969221622,False,False,False,False,-0.22135383939713038,-0.22279431777374337,False,False,False,False,1570305.0,1515743.681919081,False,False,False,False,19364.223762869624,False,False,False,False
2025-07-23 14:00:00+00:00,76.9,77.64,76.9,77.28,38374.0,,,,,,,,,,,,,,,79.57811882938815,79.85148071682457,79.53964479028939,79.58557699223952,79.87538761174325,80.28133713743348,80.38712607940232,79.31529216290424,77.67887852877737,77.55171221724207,77.4540404765972,,,,,,,,,,,,,,77.65053102366875,79.69392389782377,79.60275144751341,79.5528928067837,79.68953170875761,80.06859945406552,80.20995883368855,80.30402369348822,79.76310968364662,78.40444477172225,77.5183816182761,,79.69392389782377,76.9309774818244,,79.57811882938815,79.25257929464891,"rgba(239, 83, 80, 1.0)",1.6328393718970315,79.46918181446244,-1.340720864612086,40.92923385975953,-10.144510001531998,True,False,False,True,False,0.0,0.0,0.0,0.0,0.0,0,0.9382038905952906,0.9858856223489836,False,False,False,False,-0.3335193824235883,-0.27815685009866586,False,False,False,False,1531931.0,1515994.648090878,False,False,False,False,19658.948975848387,False,False,False,False
2025-07-23 15:00:00+00:00,77.31,77.545,77.08,77.48,25953.0,,,,,,,,,,,,,,,79.53414130411446,79.8110404753045,79.51683389997547,79.56317121719717,79.85446415823282,80.2638726565968,80.37037051761979,79.30798587536148,77.67800702644875,77.55121249652454,77.45381248718583,,,,,,,,,,,,,,77.63752571125848,79.65127743096404,79.57333353540551,79.53035799571052,79.66788925916427,80.0481382457941,80.19128078491894,80.28678345973304,79.75324022221136,78.40113025908937,77.51797595842474,,79.65127743096404,76.93203743116045,,79.53414130411446,79.234720226238,"rgba(239, 83, 80, 1.0)",1.662648969144497,79.43962671371727,-1.1786172247323985,39.323933509510965,-4.57475608390542,False,False,False,True,False,0.0,0.0,0.0,0.0,0.0,0,0.9411592719830423,0.9894744536218115,False,False,False,False,-0.3284381795022187,-0.3032975148004423,False,False,False,False,1557884.0,1516644.0954072985,False,False,False,False,19756.53116226934,False,False,False,False
2025-07-23 16:00:00+00:00,77.47,77.7,77.275,77.31,15622.0,,,,,,,,,,,,,,,79.509213909369,79.78790948069168,79.50370990399793,79.55026417169852,79.84233706724669,80.25367653736217,80.36057394039608,79.30374957512828,77.67758597750883,77.55101126614527,77.45377175507772,,,,,,,,,,,,,,77.63187921909851,79.62700798642148,79.55646817557646,79.51738654297941,79.65539027995307,80.03624319361124,80.18039219982246,80.27671460462165,79.74748705367821,78.39926065779271,77.51783031581552,,79.62700798642148,76.93276037877584,,79.509213909369,79.2245392642724,"rgba(239, 83, 80, 1.0)",1.6943553266583793,79.42331776572364,-1.2472695263345603,37.45244240715295,-6.524909451604685,False,False,False,True,False,0.0,0.0,0.0,0.0,0.0,0,0.9546124373710583,0.9842322428529326,False,False,False,False,-0.3076838986650074,-0.3054907067327248,False,False,False,False,1542262.0,1517041.2722226894,False,False,False,False,19692.42990393958,False,False,False,False
2025-07-23 17:00:00+00:00,77.31,77.695,77.31,77.535,14630.0,,,,,,,,,,,,,,,79.48733063162314,79.76741668057403,79.49206526188692,79.5387960081698,79.83148551026959,80.24447941733918,80.35172266471965,79.29997858688974,77.67732698064185,77.5509535703027,77.45386079321526,,,,,,,,,,,,,,77.6289565108463,79.60561559866355,79.54153380764546,79.50587151084608,79.64425278908529,80.02556091082123,80.17058513091982,80.26762871036348,79.74232149870988,78.39766899288436,77.51782348390009,,79.60561559866355,76.93355130974102,,79.48733063162314,79.21560159319623,"rgba(239, 83, 80, 1.0)",1.7222506671106272,79.40937277709524,-1.0883275082365507,38.19737196315611,-6.524909451604685,False,False,False,True,False,0.0,0.0,0.0,0.0,0.0,0,0.9470144841856342,0.9867720957729829,False,False,False,False,-0.3059170891575364,-0.30570389794513064,False,False,False,False,1556892.0,1517659.112963423,False,False,False,False,19613.942618607183,False,False,False,False
2025-07-23 18:00:00+00:00,77.545,77.66,77.395,77.575,12282.0,,,,,,,,,,,,,,,79.46960021074958,79.75072099713775,79.48254081117629,79.52940876431776,79.82257020744044,80.2368901856801,80.34441242133448,79.29687800810798,77.67714984065904,77.55094378683633,77.45397293816416,,,,,,,,,,,,,,77.62722023822299,79.58824080914675,79.52934680867513,79.49645025245675,79.63512219655624,80.01676891026675,80.16249986135294,80.2601296178756,79.73806150026715,78.39638236693298,77.51785597769256,,79.58824080914675,76.93424791179322,,79.46960021074958,79.20832575959317,"rgba(239, 83, 80, 1.0)",1.7484595871596686,79.39818717019082,-1.042739096505253,39.05014989385046,-6.524909451604685,False,False,False,True,False,0.0,0.0,0.0,0.0,0.0,0,0.9496733966745843,0.9853028503562948,False,False,False,False,-0.30297651210090915,-0.3043402050230199,False,False,False,False,1569174.0,1518457.7933825946,False,False,False,False,19500.26908963653,False,False,False,False
2025-07-23 19:00:00+00:00,77.575,77.74,77.345,77.385,36714.0,,,,,,,,,,,,,,,79.41706124542411,79.70110462047408,79.45384896247808,79.50112763580006,79.79571555505521,80.21401201129187,80.32237363494272,79.28739459333376,77.67641317300887,77.55071078853018,77.45410741802831,,,,,,,,,,,,,,77.61937783672403,79.53669571514823,79.49283234519604,79.4680649220938,79.60761169574465,79.99029609291455,80.13813880245883,80.23752181920432,79.72511806288269,78.39232029966225,77.51775031467001,,79.53669571514823,76.93613926795334,,79.41706124542411,79.18634534295758,"rgba(239, 83, 80, 1.0)",1.7773885515175585,79.36464663576717,-1.113795086660662,38.443808772320665,-6.524909451604685,False,False,False,True,False,0.0,0.0,0.0,0.0,0.0,0,0.9489143367043428,0.9832688875669247,False,False,False,False,-0.3012146065541648,-0.30277740578859236,False,False,False,False,1532460.0,1518674.881857283,False,False,False,False,19767.14863863441,False,False,False,False
2025-07-24 14:00:00+00:00,77.37,77.415,76.64,76.735,28083.0,,,,,,,,,,,,,,,79.36757619459566,79.65535236225102,79.42635298911341,79.47414120418216,79.77069932425185,80.19322277249478,80.3024563978679,79.27796832185878,77.6741725562322,77.54890088167367,77.45261523437335,,,,,,,,,,,,,,77.59050313011451,79.48861740956454,79.45820667358167,79.44089391614617,79.58160014228828,79.96596602383663,80.11592485223228,80.21700216805253,79.71286217067605,78.38732451477053,77.5160499149395,,79.48861740956454,76.93612332783567,,79.36757619459566,79.16447314341352,"rgba(239, 83, 80, 1.0)",1.8196910489190532,79.32998745530635,-1.4260593614766894,34.940456064387874,-9.958625332464237,False,False,False,True,False,0.0,0.0,0.0,0.0,0.0,0,0.9419871082462771,0.9850337111950805,False,False,False,False,-0.34282825441539394,-0.3228028301019932,False,False,False,False,1504377.0,1518453.2092703483,False,False,False,False,19896.0765667176,False,False,False,False
2025-07-24 15:00:00+00:00,76.74,76.775,76.055,76.11,22081.0,,,,,,,,,,,,,,,79.32052998837345,79.61252294881625,79.39991316939589,79.44826945693666,79.74713045947628,80.17400636891855,80.2841257491418,79.26867671455587,77.67096815791263,77.5460746086927,77.45007053032234,,,,,,,,,,,,,,77.54978274712404,79.44322704789847,79.42514938991252,79.41478771820795,79.55682553441683,79.94327496438714,80.09533422817242,80.19805247764715,79.70118213864487,78.38176830886228,77.51332024646098,,79.44322704789847,76.93485449009279,,79.32052998837345,79.14295422519442,"rgba(255, 0, 0, 1.0)",1.876380748066423,79.29526601874616,-1.6975584630297036,30.62457797819233,-14.095771309892989,False,True,False,True,False,0.0,0.0,0.0,0.0,0.0,0,0.9359125812167751,0.9915091553455406,False,False,False,False,-0.34282825441539394,-0.3328155422586936,False,False,False,False,1482296.0,1517892.6323824357,False,False,False,False,19929.95134862895,False,False,False,False
2025-07-24 16:00:00+00:00,76.11,76.29,75.92,76.21,15858.0,,,,,,,,,,,,,,,79.28573054989405,79.58085432650569,79.38014932943273,79.42893585640714,79.72955673525723,80.15970831347836,80.27049461046573,79.26165030366153,77.66838350818539,77.54376853705998,77.4479723909395,,,,,,,,,,,,,,77.51822450117514,79.4096599862654,79.4005353672133,79.39527332593316,79.53832501702641,79.92638211585917,80.08001217118262,80.1839542324649,79.6924165947241,78.37746346845555,77.51108543546577,,79.4096599862654,76.93369318377601,,79.28573054989405,79.12684257622966,"rgba(255, 0, 0, 1.0)",1.9269830665424448,79.26943755480298,-1.587682636097308,28.706054076976642,-15.919240299852952,False,True,False,True,False,0.0,0.0,0.0,0.0,0.0,0,0.9477662201601436,0.9967073261992068,False,False,False,False,-0.34282825441539394,-0.3378218983370438,False,False,False,False,1498154.0,1517586.6070741809,False,False,False,False,19866.820319968036,False,False,False,False
2025-07-24 17:00:00+00:00,76.21,76.295,76.045,76.085,13282.0,,,,,,,,,,,,,,,79.2571798084286,79.55478377025594,79.36378786282344,79.41292400181801,79.71497572552633,80.14781555647065,80.2591511322153,79.25579264456589,77.6662277728717,77.54184516680692,77.44622247420966,,,,,,,,,,,,,,77.49289054363071,79.38208023126789,79.38021214639595,79.37911524350939,79.52299075320994,79.91235459844046,80.06727549902179,80.17222612882335,79.68511150721612,78.37387329207573,77.50922150893248,,79.38208023126789,76.93272516714109,,79.2571798084286,79.1135480622053,"rgba(255, 0, 0, 1.0)",1.9749494303031714,79.24834315303681,-1.6017337479629643,27.018410003658765,-17.592273047562195,False,True,False,True,False,0.0,0.0,0.0,0.0,0.0,0,0.9510363472514268,0.992865725443076,False,False,False,False,-0.33618859074209384,-0.3370052445395688,False,False,False,False,1484872.0,1517079.4038637283,False,False,False,False,19764.730082449154,False,False,False,False
2025-07-24 18:00:00+00:00,76.085,76.295,75.915,76.23,21453.0,,,,,,,,,,,,,,,79.21221642781147,79.51355994100116,79.3377477387741,79.38742765679493,79.69170584955897,80.1287782241582,80.24098236999387,79.24639282187934,77.66277004896108,77.53876072583613,77.44341669575168,,,,,,,,,,,,,,77.45402821323643,79.33857077694266,79.34796609611415,79.35339286012355,79.49854944521475,79.88994550335276,80.04690237785016,80.15344935671966,79.67339221034001,78.36811168575468,77.50623256798123,,79.33857077694266,76.93117647165973,,79.21221642781147,79.0924681633705,"rgba(239, 83, 80, 1.0)",2.013018832455964,79.21527240894815,-1.4829828518325365,27.43165607764301,-17.592273047562195,False,True,False,True,False,0.0,0.0,0.0,0.0,0.0,0,0.9475661057692308,0.9930889423076924,False,False,False,False,-0.34282825441539394,-0.3399167494774814,False,False,False,False,1506325.0,1516912.6689201046,False,False,False,False,19790.90480985304,False,False,False,False
2025-07-24 19:00:00+00:00,76.225,76.47,76.075,76.11,69990.0,,,,,,,,,,,,,,,79.07738329613026,79.38845964165452,79.25749184432462,79.30872506697676,79.61934760518155,80.06900511569604,80.18382579972341,79.21681739327467,77.65212600982754,77.5293051495231,77.4348478230904,,,,,,,,,,,,,,77.34766733485826,79.2074288419426,79.24935307172548,79.27406196999986,79.42286734713277,79.8200202715836,79.9830778624738,80.09446442159398,79.63645832248291,78.35011988021179,77.49708098642759,,79.2074288419426,76.92662375635848,,79.07738329613026,79.02817886617433,"rgba(239, 83, 80, 1.0)",2.054224469519752,79.11717979769492,-1.4639002905062037,27.205344403123306,-17.862115074057982,False,True,False,True,False,0.0,0.0,0.0,0.0,0.0,0,0.9533012483080162,0.9880433147841783,False,False,False,False,-0.325775863122153,-0.3328463062998172,False,False,False,False,1436335.0,1515663.4027352966,False,False,False,False,20569.18535543671,False,False,False,False
2025-07-25 14:00:00+00:00,76.32,76.375,75.825,76.1,15221.0,,,,,,,,,,,,,,,79.04850504746054,79.3615317798263,79.23992352852511,79.29148835934136,79.60347519431618,80.05585507077596,80.17124557181826,79.21021101113881,77.64964260977811,77.52708271069575,77.43282043504006,,,,,,,,,,,,,,77.32474164846806,79.17928322506076,79.22791905343821,79.2566905333784,79.406277697052,79.80467641302239,79.96905093080424,80.08148558083114,79.62825599972004,78.34603194330586,77.49492536529212,,79.17928322506076,76.92547721743374,,79.04850504746054,79.01414180495863,"rgba(239, 83, 80, 1.0)",2.0925483903050575,79.09606012631423,-1.431775790799017,27.01015295148264,-18.421891947877484,False,True,False,True,False,0.0,0.0,0.0,0.0,0.0,0,0.9492862509391435,0.9901577761081896,False,False,False,False,-0.34282825441539394,-0.3378372803576056,False,False,False,False,1421114.0,1514197.5205223463,False,False,False,False,20486.267753026837,False,False,False,False
2025-07-25 15:00:00+00:00,76.07,76.26,75.985,76.235,17751.0,,,,,,,,,,,,,,,79.01619750103178,79.3312473701824,79.22006722070326,79.27199260683983,79.58545833612122,80.04085983931287,80.15688661904385,79.20268976772077,77.64686819226185,77.52460818215948,77.4305699126925,,,,,,,,,,,,,,77.30030596028261,79.14772375819872,79.20376042087177,79.23705084263733,79.38748590430964,79.78722848618139,79.95307164859966,80.06668205884844,79.6189000912061,78.34141009715863,77.49252759981992,,79.14772375819872,76.92424101128708,,79.01619750103178,78.99834510982656,"rgba(239, 83, 80, 1.0)",2.1241034632345546,79.0725255492563,-1.335869743809633,28.596616872236076,-18.421891947877484,False,True,False,True,False,0.0,0.0,0.0,0.0,0.0,0,0.9512268553364442,0.9908174017763058,False,False,False,False,-0.3405282300009335,-0.33918275517926955,False,False,False,False,1438865.0,1513029.5744677363,False,False,False,False,20443.860501041923,False,False,False,False
2025-07-25 16:00:00+00:00,76.235,76.45,76.23,76.45,13305.0,,,,,,,,,,,,,,,78.99425308992977,79.31044653019455,79.20639323596728,79.25854463339834,79.57292358148992,80.03031913400841,80.14677108188509,79.19747631313292,77.6450974776585,77.5230528588636,77.42917504246056,,,,,,,,,,,,,,77.28600670764791,79.12618235149655,79.18717200474237,79.2235178557967,79.37447884798924,79.77503445534568,79.94186138572884,80.05627069627003,79.61235773892217,78.33830146602021,77.49102733630644,,79.12618235149655,76.92357899542162,,78.99425308992977,78.98757562842069,"rgba(239, 83, 80, 1.0)",2.1517856130030277,79.0567693212021,-1.211444720816816,32.194565754459276,-22.138615658945795,False,False,False,True,True,0.0,0.0,0.0,0.0,0.0,0,0.9510309278350515,0.9979533050333537,False,False,False,False,-0.3184685799433701,-0.3288256675613198,False,False,False,False,1452170.0,1512086.0151736627,False,False,False,False,20333.18049327383,False,False,False,False
2025-07-25 17:00:00+00:00,76.455,76.785,76.44,76.585,20722.0,,,,,,,,,,,,,,,78.96369039217839,79.28108544006378,79.18704161651529,79.2394748878151,79.55496577114748,80.01503365765153,80.13206465181527,79.19004416154793,77.64284053652098,77.52111617987256,77.42747620292299,,,,,,,,,,,,,,77.2699338399957,79.09600298608159,79.1637730714374,79.20435194147285,79.35595811611088,79.75747064458014,79.92564231691675,80.04116361323216,79.60293082764446,78.33403662587094,77.48917239960596,,79.09600298608159,76.92297711757341,,78.96369039217839,78.97251226731818,"rgba(239, 83, 80, 1.0)",2.172293341232449,79.03519036114025,-1.1279279435392202,36.07065727857434,-18.491291019448372,True,False,False,True,True,0.0,0.0,0.0,0.0,0.0,0,0.9495524199666211,0.9950690335305722,False,False,False,False,-0.29124508669435295,-0.31003537712783635,False,False,False,False,1472892.0,1511478.3560236834,False,False,False,False,20339.208702680437,False,False,False,False
2025-07-25 18:00:00+00:00,76.59,76.775,76.505,76.62,21327.0,,,,,,,,,,,,,,,78.93343025295972,79.25185601986291,79.1676509696106,79.2203524372579,79.5368946145954,79.99958072888484,80.11718338141355,79.18252755747257,77.64059463311088,77.51919633164866,77.42579842765458,,,,,,,,,,,,,,77.2548730623229,79.06605215636228,79.14040645839073,79.18514121714617,79.33735834426442,79.73976602736735,79.90926270844233,80.0258873621259,79.59338658803932,78.32974481516693,77.48733576393718,,79.06605215636228,76.92241794202376,,78.93343025295972,78.9574672662744,"rgba(239, 83, 80, 1.0)",2.1867732512207834,79.01381759054064,-1.094680296278669,39.04578884952197,-15.777605479829887,True,False,False,True,True,0.0,0.0,0.0,0.0,0.0,0,0.9462186148828036,0.9975726314192521,False,False,False,False,-0.2885215508962908,-0.2992784640120636,False,False,False,False,1494219.0,1511210.7691085876,False,False,False,False,20354.523296437328,False,False,False,False
2025-07-25 19:00:00+00:00,76.59,76.94,76.46,76.925,46406.0,,,,,,,,,,,,,,,78.87411995886663,79.19375560493539,79.12876186870314,79.18192403778896,79.50021660466788,79.96783418770846,80.08653530849126,79.1672242144457,77.6364245638252,77.51571092652911,77.42282036308767,,,,,,,,,,,,,,77.23137939510818,79.0069860236416,79.09381458663171,79.14658262691147,79.29982685555383,79.70365260448314,79.87569617365499,79.99448447823448,79.57381337813965,78.32125423678761,77.48402493469068,,79.0069860236416,76.92180126449475,,78.87411995886663,78.92758376967666,"rgba(239, 83, 80, 0.5)",2.1945239546174555,78.97222297808266,-0.9328779363629801,44.14508824957596,-11.16262570665787,True,False,False,True,True,0.0,0.0,0.0,0.0,0.0,0,0.9432050215533538,0.9978068516977996,False,False,False,False,-0.28259365933185276,-0.2909360616719582,False,False,False,False,1540625.0,1511666.8036960515,False,False,False,False,20758.422160058453,False,False,False,False
2025-07-28 14:00:00+00:00,75.945,76.265,75.895,76.04,30389.0,,,,,,,,,,,,,,,78.82449484276833,79.14644696292721,79.09651322449321,79.15019180709987,79.47061441622041,79.94284402550319,80.06253997003847,79.15437155191331,77.63148787545725,77.5112803551366,77.41876864392225,,,,,,,,,,,,,,77.19519840138094,78.95816921176521,79.0552654839444,79.11465008210966,79.26910979700686,79.67487122194173,79.84916890224095,79.9697943896706,79.55793569687964,78.31322013755589,77.47972408646467,,78.95816921176521,76.91946513740352,,78.82449484276833,78.90212095847458,"rgba(239, 83, 80, 1.0)",2.2138248321377683,78.93543404631735,-1.3078875999061712,41.08110574404412,-11.16262570665787,True,False,False,True,False,0.0,0.0,0.0,0.0,0.0,0,0.9309931891325498,0.9992515530274683,False,False,False,False,-0.34282825441539394,-0.31688215804367603,False,False,False,False,1510236.0,1511644.620693012,False,False,False,False,20907.733444398633,False,False,False,False
2025-07-28 15:00:00+00:00,76.04,76.335,75.99,76.105,26621.0,,,,,,,,,,,,,,,78.7836114778591,79.10716780669699,79.06951704440746,79.12359867085672,79.44567362479691,79.9216418779839,80.04215283945214,79.14347715137194,77.62739937340724,77.50762614401533,77.41543927699006,,,,,,,,,,,,,,77.16733274155571,78.91781721111055,79.023139836081,79.08790617090106,79.24330985299027,79.65055805233759,79.82669746475804,79.94883919671106,79.54444723965572,78.30646768512031,77.47618115299116,,78.91781721111055,76.91761217190012,,78.7836114778591,78.88090917691137,"rgba(239, 83, 80, 1.0)",2.230334493962143,78.90515622937532,-1.2554871195131359,39.659390805991556,-11.16262570665787,True,False,False,True,False,0.0,0.0,0.0,0.0,0.0,0,0.9323111443530289,0.9977561705310399,False,False,False,False,-0.334434805604597,-0.3256584818241365,False,False,False,False,1536857.0,1512035.5102946707,False,False,False,False,20996.311220454467,False,False,False,False
2025-07-28 16:00:00+00:00,76.105,76.195,75.74,75.905,24329.0,,,,,,,,,,,,,,,78.74462050288659,79.06983542227545,79.0436438345808,79.09812636726697,79.42186685569864,79.9014732053228,80.02277507991482,79.13294128708756,77.62318992045255,77.50382462716328,77.41194366796898,,,,,,,,,,,,,,77.1384780315536,78.8793948805394,78.99243075662548,79.0622779106123,79.21862849968306,79.62739947402831,79.80531392093867,79.92890852696894,79.53150552934108,78.29977552433785,77.47248430104146,,78.8793948805394,76.9154982932404,,78.74462050288659,78.86049264210402,"rgba(239, 83, 80, 1.0)",2.249383875602876,78.87593192807427,-1.3207758623583095,37.60475622889351,-6.430810051786835,True,False,False,True,False,0.0,0.0,0.0,0.0,0.0,0,0.927579513214872,1.0014932059130957,False,False,False,False,-0.34282825441539394,-0.3342433681197652,False,False,False,False,1512528.0,1512043.1457939781,False,False,False,False,21047.980813935792,False,False,False,False
2025-07-28 17:00:00+00:00,75.905,75.955,75.735,75.77,17219.0,,,,,,,,,,,,,,,78.71644561133391,79.04289160375966,79.0248510708315,79.07962890583401,79.40460527112909,79.88686870467923,80.00874804093978,79.12523156300344,77.61999924229978,77.50092729766001,77.40926666576826,,,,,,,,,,,,,,77.11678248266325,78.85164753627772,78.9701755266186,79.04366340814086,79.20071463839682,79.61062502958444,79.78982932023916,79.91447713562148,79.52208041737771,78.29480827215879,77.46966229992695,,78.85164753627772,76.91381285869556,,78.71644561133391,78.84563318382929,"rgba(239, 83, 80, 1.0)",2.2339730333009573,78.85466195409553,-1.3807964143316391,35.519325834156945,-8.494837941795872,True,False,False,True,False,0.0,0.0,0.0,0.0,0.0,0,0.9324263379434754,1.004735417919423,False,False,False,False,-0.34282825441539394,-0.3385358112675796,False,False,False,False,1495309.0,1511783.7016731412,False,False,False,False,20988.61677030888,False,False,False,False
2025-07-28 18:00:00+00:00,75.77,75.99,75.7,75.9,26419.0,,,,,,,,,,,,,,,78.6748882699891,79.00295387280805,78.9968238244402,79.05202267604864,79.37875654942808,79.86489980795925,79.98762832731144,79.1136262716056,77.61524302496346,77.49661537792247,77.40528833232635,,,,,,,,,,,,,,77.08591618826755,78.81063478598014,78.937091521235,79.01589358969447,79.17394134956551,79.58546449744944,79.76656074571041,79.89276343696181,79.50788041490772,78.28735839016781,77.46546445545296,,78.81063478598014,76.9113390149118,,78.6748882699891,78.82353253228163,"rgba(239, 83, 80, 1.0)",2.2117161980106945,78.8232685289182,-1.3217195459107747,35.614922246958635,-8.615417733650283,False,False,False,True,False,0.0,0.0,0.0,0.0,0.0,0,0.9297439759036144,1.0023343373493978,False,False,False,False,-0.34282825441539394,-0.3406820328414868,False,False,False,False,1521728.0,1511937.8768409996,False,False,False,False,21072.808758366104,False,False,False,False
2025-07-28 19:00:00+00:00,75.9,75.955,75.675,75.915,83352.0,,,,,,,,,,,,,,,78.55070212118851,78.88270393227985,78.91115819263445,78.9675537711789,79.29928381241842,79.79687970015698,79.92214649871315,79.0773803075304,77.60027748379717,77.48303528720436,77.39274900414323,,,,,,,,,,,,,,76.99669726688236,78.68768942481476,78.83669208556937,78.93097104838246,79.0918473668052,79.507940450657,79.69464747810103,79.82550753356492,79.46361164881388,78.26400674594383,77.45224021750666,,78.68768942481476,76.90349921336822,,78.55070212118851,78.75616915355849,"rgba(239, 83, 80, 1.0)",2.191755234740258,78.7287800806708,-1.283802149104598,35.85750090170668,-8.717720385182986,False,False,False,True,False,0.0,0.0,0.0,0.0,0.0,0,0.9644253322908519,1.001485535574668,False,False,False,False,-0.34282825441539394,-0.3417551436284404,False,False,False,False,1605080.0,1513381.9407659452,False,False,False,False,22038.377614825546,False,False,False,False
2025-07-29 14:00:00+00:00,76.755,77.215,76.025,76.14,68839.0,,,,,,,,,,,,,,76.46000000000001,78.47749607448287,78.80876125922421,78.85728867365452,78.91411458551012,79.2474612636948,79.75085304931177,79.87749654302483,79.0536031703845,77.59235648816687,77.47612119476773,77.3865858588729,,,,,,,,,,,,,,76.96653849398113,78.6138617407101,78.77455743615923,78.87744403000929,79.0392632640518,79.45660165957366,79.6463492401416,79.77991242730315,79.43390079835562,78.24985410905363,77.44558384643707,,78.6138617407101,76.90081421760598,,78.47749607448287,78.61678283508137,"rgba(239, 83, 80, 1.0)",2.166542306895912,78.51449092788488,-1.095981795659879,38.64210713295009,-8.717720385182986,True,False,False,True,True,0.0,0.0,0.0,0.0,0.0,0,0.9571628123544932,0.9639919292255166,False,False,False,False,-0.26546002808961733,-0.30360758585902886,False,False,False,False,1673919.0,1515870.8874207367,False,False,False,False,22763.968659556933,False,False,False,False
2025-07-29 15:00:00+00:00,76.14,76.395,76.015,76.21,39352.0,,,,,,,,,,,,,,76.36785579823338,78.43293410411064,78.76414036849114,78.82440126710152,78.88152768495921,79.21606185704341,79.72312580834189,79.85063183867068,79.03889518194237,77.5868756581376,77.47123557881314,77.38214584010275,,,,,,,,,,,,,,76.94288880610864,78.5691051125626,78.73674564357587,78.8447754429798,79.00727589352616,79.425607178647,79.61723779945625,79.75245168187035,79.41575461978312,78.24073197695586,77.44085088523948,,78.5691051125626,76.8984201612515,,78.43293410411064,78.58840243594142,"rgba(239, 83, 80, 1.0)",2.143716142800434,78.47714015718836,-1.0575747935669768,41.2696833255704,-8.717720385182986,True,False,False,True,True,0.0,0.0,0.0,0.0,0.0,0,0.9448115040808394,0.9835989117761373,False,False,False,False,-0.304904015677781,-0.30425580076840497,False,False,False,False,1713271.0,1518931.3542824306,False,False,False,False,23021.14744002892,False,False,False,False
2025-07-29 16:00:00+00:00,76.215,76.355,76.01,76.185,39645.0,,,,,,,,,,,,,,76.31837263363909,78.38932222401526,78.72031217074233,78.79179597750813,78.8492023257234,79.18483739929242,79.69544492005444,79.82379104147692,79.02410974495702,77.58130507944219,77.4662613463559,77.37761830193976,,,,,,,,,,,,,,76.91979699451267,78.52523821317283,78.6994207939502,78.81237788891566,78.97551019944925,79.39475198816102,79.58820640664531,79.72503073166611,79.39754708810607,78.23151944144112,77.43602965265872,,78.52523821317283,76.89594412737394,,78.38932222401526,78.56207837234025,"rgba(239, 83, 80, 1.0)",2.1199820456494725,78.44237987345286,-1.0648108450188771,42.76724029964416,-12.357760557603413,True,False,False,True,True,0.0,0.0,0.0,0.0,0.0,0,0.9376268540202966,0.9916471506635446,False,False,False,False,-0.3070680435342545,-0.3056619221513297,False,False,False,False,1673626.0,1521329.7208827029,False,False,False,False,23278.881588245524,False,False,False,False
2025-07-29 17:00:00+00:00,76.205,76.52,76.065,76.26,26725.0,,,,,,,,,,,,,,76.31275301088635,78.36213346173001,78.69271068188604,78.77107861094863,78.82863287917158,79.16482683067714,79.67754366567239,79.80640083217578,79.01457088886197,77.57783718212215,77.4631851575246,77.37483521179736,,,,,,,,,,,,,,76.9069817555656,78.49777019173126,78.67582905174662,78.79178023004233,78.95523694892326,79.37490833250845,79.56946877810223,79.70728923093667,79.38576052319999,78.22565153881263,77.43305391436321,,78.49777019173126,76.89451365606072,,78.36213346173001,78.54653212649505,"rgba(239, 83, 80, 1.0)",2.1140552636248384,78.42193913954017,-1.0226502479567277,44.71319399812358,-10.343330496551609,True,False,False,True,True,0.0,0.0,0.0,0.0,0.0,0,0.9369495752474474,0.9894006702517346,False,False,False,False,-0.2965144219171997,-0.3010881720342647,False,False,False,False,1700351.0,1524105.2445899476,False,False,False,False,23332.309780675823,False,False,False,False
2025-07-29 18:00:00+00:00,76.26,76.425,76.13,76.32,23050.0,,,,,,,,,,,,,,76.3102934300216,78.33935072120607,78.66949838230461,78.75355354084408,78.81122349150534,79.1478472978028,79.66229917994275,79.79158071636286,79.00642678411137,77.57488395323173,77.46056713149352,77.37246801166535,,,,,,,,,,,,,,76.89650540227643,78.47471839944902,78.65593161012973,78.77435212428755,78.93805950463435,79.3580501658291,79.55352617092095,79.69217782643649,79.37569865649178,78.22064472339495,77.43052185396257,,78.47471839944902,76.89330527617585,,78.33935072120607,78.53348604688283,"rgba(239, 83, 80, 0.5)",2.1014999619539134,78.40485591749822,-0.9920799216002807,46.782218402161945,-8.235122681083745,True,False,False,True,True,0.0,0.0,0.0,0.0,0.0,0,0.9378412104195911,0.9907970675401659,False,False,False,False,-0.2979497306266385,-0.2995189513304516,False,False,False,False,1723401.0,1527195.1012629715,False,False,False,False,23327.93288485139,False,False,False,False
2025-07-29 19:00:00+00:00,76.32,76.33,75.795,76.21,60161.0,,,,,,,,,,,,,,76.26393624339855,78.2771581807984,78.60654606531266,78.70569819686226,78.76372326099464,79.10172722304759,79.62105927320114,79.75152288264536,78.98400394826125,77.56616716390685,77.45274503647306,77.36531713118457,,,,,,,,,,,,,,76.86311248517475,78.4119833063633,78.60169288854416,78.72677219567505,78.89127287323726,79.3123736663263,79.51038068599969,79.65130469367666,79.34822774935103,78.20649004400539,77.42292952665254,,78.4119833063633,76.88923728176476,,78.2771581807984,78.49591933569967,"rgba(239, 83, 80, 1.0)",2.082123943745738,78.35561956225258,-1.0304955997925005,46.71865014239991,-8.079276740177278,True,False,False,True,True,0.0,0.0,0.0,0.0,0.0,1,0.9299456943366952,0.9930954228083791,False,False,False,False,-0.31865732052923523,-0.3090881359298434,False,False,False,False,1663240.0,1529304.3244992045,False,False,False,False,23898.98818896222,False,False,False,False
2025-07-30 14:00:00+00:00,76.33,76.33,75.84,75.97,24488.0,,,,,,,,,,,,,,76.24508661045371,78.25209615641097,78.58115572963185,78.68623619092709,78.7444017620575,79.08295379829889,79.60424012122324,79.73517959725075,78.97477179739667,77.56249150658199,77.44943397617747,77.36227988947171,,,,,,,,,,,,,,76.84921351592664,78.38669632726372,78.57971284803865,78.70741926748526,78.87223435087176,79.29377728915938,79.49279690876963,79.63463300758173,79.33695600954027,78.20060567840399,77.41971215666166,,78.38669632726372,76.88745613430052,,78.25209615641097,78.48061236937323,"rgba(239, 83, 80, 1.0)",2.067988867222724,78.33560748509312,-1.1439169342676854,43.995103578016,-8.079276740177278,True,False,False,True,False,0.0,0.0,0.0,0.0,0.0,1,0.9314285714285713,0.9925868725868732,False,False,False,False,-0.31647809900304247,-0.31278311746644294,False,False,False,False,1638752.0,1531001.1876852633,False,False,False,False,23908.120155024822,False,False,False,False
2025-07-30 15:00:00+00:00,75.965,76.045,75.65,75.885,58047.0,,,,,,,,,,,,,,76.17940144242306,78.19003714122306,78.51864764612336,78.638038215928,78.69658670735245,79.03668121134682,79.56293777540272,79.69507736033262,78.95173733248654,77.55278501153465,77.44061112286813,77.35412229199822,,,,,,,,,,,,,,76.81084360613731,78.32424831859282,78.52536083895718,78.6595009161797,78.82519185595869,79.24804460303032,79.44960098323443,79.5936990591931,79.3090436358832,78.18558669946864,77.41111666854492,,78.32424831859282,76.88233327383654,,78.19003714122306,78.44169132366088,"rgba(239, 83, 80, 1.0)",2.04940434545585,78.28460973818872,-1.1708815507829757,41.35243792789174,-3.8732657114897933,True,False,False,True,False,0.0,0.0,0.0,0.0,0.0,1,0.9266182604665534,1.0023173180905305,False,False,False,False,-0.3396327633162563,-0.3262079403913496,False,False,False,False,1580705.0,1531771.789426577,False,False,False,False,24437.405113861645,False,False,False,False
2025-07-30 16:00:00+00:00,75.9,76.205,75.75,76.14,16139.0,,,,,,,,,,,,,,76.17271237438489,78.17458005227216,78.50286473232772,78.62573838449023,78.6843604686752,79.02473354835118,79.55214062863507,79.68456714905301,78.94574563259299,77.55037760493671,77.43843998435644,77.35212870963757,,,,,,,,,,,,,,76.80253027419263,78.30860196726924,78.51158157022725,78.64726270449869,78.81311456964917,79.23617835861609,79.43833863830847,79.582991360848,79.30174481764772,78.18175082438903,77.40900627249508,,78.30860196726924,76.88115565746557,,78.17458005227216,78.43223872295019,"rgba(239, 83, 80, 1.0)",2.025862861433484,78.27236765834661,-1.052572560038819,43.393596571561375,-3.8732657114897933,True,False,False,True,False,0.0,0.0,0.0,0.0,0.0,1,0.9332968835429195,1.0057017886432873,False,False,False,False,-0.32691662074856287,-0.32656228056995623,False,False,False,False,1596844.0,1532780.6609083354,False,False,False,False,24308.74767023588,False,False,False,False
2025-07-30 17:00:00+00:00,76.14,76.625,76.055,76.535,40774.0,,,,,,,,,,,,,,76.19655632898643,78.14313218390805,78.46975993134318,78.59957345003112,78.6582434558515,78.99868043976886,79.52801609849726,79.66096711959108,78.9326423828953,77.54581609339003,77.43443225737731,77.3485352077164,,,,,,,,,,,,,,76.79209594930586,78.27633585057721,78.48257829287382,78.62118717557472,78.78709604093856,79.21003322164579,79.41329529694634,79.55903770305609,79.28553767673979,78.17379255787453,77.40514059380695,,78.27633585057721,76.87949613237336,,78.14313218390805,78.41402110037808,"rgba(239, 83, 80, 0.5)",2.0129865155320408,78.24943616180647,-0.8516878521430842,48.90742892601827,-6.2855387845105355,True,False,False,False,True,0.0,0.0,0.0,0.0,0.0,1,0.9255637912001261,1.0111181201703205,False,False,False,False,-0.2919770678453507,-0.3092696742076535,False,False,False,False,1637618.0,1534406.0460105317,False,False,False,False,24564.022900154705,False,False,False,False
2025-07-30 18:00:00+00:00,76.53,76.7,76.075,76.085,32397.0,,,,,,,,,,,,,,76.20335146188347,78.11728341243472,78.44272683125773,78.5781220748067,78.63684742409963,78.97741875907016,79.5083936622201,79.64178373765051,78.92184423697597,77.54184429898278,77.43090650822361,77.34534371501717,,,,,,,,,,,,,,76.78177043120122,78.24989575548408,78.4588164542136,78.59981388527716,78.76581321630637,79.18873940733141,79.39291879840947,79.53955675916045,79.2722652887691,78.16710031882818,77.40172937093924,,78.24989575548408,76.8778589949295,,78.11728341243472,78.39844720906709,"rgba(239, 83, 80, 1.0)",1.9950976810068362,78.2297568689292,-1.0750134639256583,47.92557621120299,-6.2855387845105355,True,False,False,False,True,0.0,0.0,0.0,0.0,0.0,1,0.9150771666007121,1.0155124653739618,False,False,False,False,-0.28745137563456347,-0.2983605249211085,False,False,False,False,1605221.0,1535503.9522739341,False,False,False,False,24685.464405578663,False,False,False,False
2025-07-30 19:00:00+00:00,76.095,76.125,75.44,75.82,55659.0,,,,,,,,,,,,,,76.15651536445237,78.063029346211,78.38757182192138,78.53447106145582,78.5934716186165,78.93512433178574,79.47016975465607,79.60457469297182,78.90007386363021,77.53242871877855,77.42231832447415,77.33737946402466,,,,,,,,,,,,,,76.74831114092166,78.19510059698233,78.41019808607211,78.55637982380777,78.7229962596472,79.14679460142632,79.35308060433236,79.50164628611816,79.24602491718301,78.15273562803586,77.39335431165317,,78.19510059698233,76.87274568336932,,78.063029346211,78.36364133126776,"rgba(239, 83, 80, 1.0)",1.9746117465343989,78.18478705631213,-1.1975959630861757,45.2212581542167,-6.2855387845105355,True,False,False,True,False,0.0,0.0,0.0,0.0,0.0,1,0.906397730854081,1.0163094862905773,False,False,False,False,-0.34282825441539394,-0.3205943896682512,False,False,False,False,1549562.0,1535721.906502245,False,False,False,False,25165.67425975574,False,False,False,False
2025-07-31 14:00:00+00:00,74.69,74.815,73.155,74.14,56683.0,,,,,,,,,,,,,,75.93480231284407,77.96945957250131,78.29718774386708,78.46375826534302,78.52372456010028,78.86971133291917,79.41380177520112,79.55026178598219,78.86583264676388,77.51334448336524,77.40431358558006,77.3202013303069,,,,,,,,,,,,,,76.65779897261349,78.10267446711734,78.33038987907638,78.48620858816504,78.65520673446596,79.08327370547536,79.29379971879881,79.44587509371819,79.20629579481215,78.12750702575295,77.37562980278926,,78.10267446711734,76.85917247177714,,77.96945957250131,78.29961126858953,"rgba(255, 0, 0, 1.0)",1.984342340052385,78.09902997647205,-1.9951345574612582,36.938448461890424,-6.888265111386637,False,True,False,True,False,0.0,0.0,0.0,0.0,0.0,0,0.874971445975786,1.024822965049875,False,False,False,False,-0.34282825441539394,-0.3317113220418226,False,False,False,False,1492879.0,1535057.6753936831,False,False,False,False,25654.314968906812,False,False,False,False
2025-07-31 15:00:00+00:00,74.155,74.2,73.5,73.71,45391.0,,,,,,,,,,,,,,75.77008024176384,77.89334562892887,78.22365461004797,78.405814542739,78.46656753616433,78.81610702146476,79.36757691504843,79.50571827460136,78.83745026877338,77.49719604335165,77.389043668414,77.30560529074303,,,,,,,,,,,,,,76.58348680747892,78.02749105850985,78.26518984453325,78.42870279439337,78.59964774600232,79.03123468074455,79.24520810074253,79.40013696671863,79.17349915384801,78.10638652621822,77.36058816312038,,78.02749105850985,76.8475057066171,,77.89334562892887,78.24781442975437,"rgba(255, 26, 202, 1.0)",1.999133848481929,78.02976205207912,-2.1608168234255056,30.57947095864049,-12.409363658467804,False,True,False,True,False,0.0,0.0,0.0,0.0,0.0,0,0.8798182506626278,1.033320711851572,False,False,False,False,-0.34282825441539394,-0.33726978822860826,False,False,False,False,1447488.0,1533700.0060077345,False,False,False,False,25960.310085667945,False,False,False,False
2025-07-31 16:00:00+00:00,73.73,74.48,73.7,73.985,61939.0,,,,,,,,,,,,,,75.60646996175815,77.79998236749209,78.13260795737843,78.33323077267697,78.39486049197109,78.74834612311787,79.30851320155674,79.44867195548514,78.80114088596294,77.47687183968756,77.36986246310076,77.28729964651146,,,,,,,,,,,,,,76.49674473503961,77.93490707377431,78.18404224602948,78.35662099892265,78.52972703175483,78.96519674885653,79.18327569823894,79.3416607222938,79.13145050835047,78.07956310093962,77.34170378490016,,77.93490707377431,76.83303293211095,,77.79998236749209,78.18490218764346,"rgba(255, 0, 0, 1.0)",2.0061996209053863,77.94638374564335,-1.9745710767583518,28.57058038509912,-13.961569258022692,False,True,False,True,False,0.0,0.0,0.0,0.0,0.0,0,0.8771943273284782,1.0479110770410123,False,False,False,False,-0.3242101066778949,-0.3307399474532516,False,False,False,False,1509427.0,1533323.6803331957,False,False,False,False,26518.11923162658,False,False,False,False
2025-07-31 17:00:00+00:00,73.97,73.98,73.31,73.72,52691.0,,,,,,,,,,,,,,75.46111747485682,77.71625688885948,78.05120615690858,78.26797664874843,78.33041892423111,78.68759710692956,79.25568519476728,79.3976772973923,78.76821339302947,77.45784605799656,77.35184298842208,77.2700531081477,,,,,,,,,,,,,,76.41658892307406,77.85199295514902,78.11122256345321,78.29182295668285,78.46694396497125,78.90608530396756,79.12787326300814,79.28936333418962,79.09354824593986,78.05486638697992,77.3239460191024,,77.85199295514902,76.81914865924145,,77.71625688885948,78.12826718073076,"rgba(255, 26, 202, 1.0)",2.015207762074743,77.87134028847743,-2.060006102896033,26.567188518701606,-15.771057568704236,False,True,False,True,False,0.0,0.0,0.0,0.0,0.0,0,0.8643627188622982,1.0526798684914755,False,False,False,False,-0.34282825441539394,-0.33678410093432276,False,False,False,False,1456736.0,1532136.274436557,False,False,False,False,26923.900328810665,False,False,False,False
2025-07-31 18:00:00+00:00,73.705,73.835,73.355,73.53,35539.0,,,,,,,,,,,,,,75.37015038030657,77.66037294459797,77.99678406489285,78.22408188887977,78.2870568572367,78.64666360979619,79.2200022481655,79.36321572038493,78.74582549451239,77.44479583081652,77.33947151124575,77.25820337987386,,,,,,,,,,,,,,76.36323021090763,77.79661489805184,78.06237915495848,78.24822736424302,78.42467117305115,78.86623313993998,79.09047922415475,79.25403359810952,79.06782926537339,78.03800079886136,77.31175114597097,,77.79661489805184,76.80956727850504,,77.66037294459797,78.09043799584049,"rgba(255, 26, 202, 1.0)",2.011959821747508,77.82138471554616,-2.13293758113859,24.769611372219707,-17.571248881383497,False,True,False,True,False,0.0,0.0,0.0,0.0,0.0,0,0.8689886441582196,1.0476335645149004,False,False,False,False,-0.34282825441539394,-0.3398061776748583,False,False,False,False,1421197.0,1530416.2856856026,False,False,False,False,27057.46776557329,False,False,False,False
2025-07-31 19:00:00+00:00,73.51,73.64,73.1,73.535,77285.0,,,,,,,,,,,,,,75.18565086000231,77.53967343338932,77.87906414646172,78.12844700412548,78.19255193028471,78.55733294691495,79.14193198899807,79.28777919467305,78.69642223353392,77.41564075567796,77.31179681467252,77.2316679052911,,,,,,,,,,,,,,76.24801938097569,77.67693891579958,77.9563155493238,78.15322643482246,78.33248193233695,78.77921962475912,79.00873277161219,79.17672390798369,79.01123054308063,78.00055452330488,77.28446188138749,,77.67693891579958,76.78797897813709,,77.53967343338932,78.00851585562658,"rgba(255, 26, 202, 1.0)",2.0131036098884865,77.71363695788054,-2.075718774411225,23.618927384549032,-18.91490312650928,False,True,False,True,False,0.0,0.0,0.0,0.0,0.0,0,0.8659762412427655,1.0530764544623825,False,False,False,False,-0.34282825441539394,-0.3413172160451261,False,False,False,False,1498482.0,1529921.1804811745,False,False,False,False,27836.1891955644,False,False,False,False
2025-08-01 14:00:00+00:00,73.29,73.29,72.46,72.6,19779.0,,,,,,,,,,,,,,75.1287177109207,77.50523527363215,77.84570404925857,78.1013254242303,78.16577732628849,78.53216311961391,79.1200841863845,79.26670090001318,78.68240477191824,77.40705830567053,77.30361810774123,77.22380101977411,,,,,,,,,,,,,72.78333333333332,76.21359674881856,77.64289252351352,77.9262125874528,78.12629365457923,78.30641861662752,78.75478092345422,78.98582895543291,79.15509641834404,78.9952847220721,77.98973838651754,77.27638849076139,,77.64289252351352,76.78145248099617,,77.50523527363215,77.76826898151471,"rgba(255, 26, 202, 1.0)",2.026244417991897,77.37455425482565,-2.3563565246276985,20.88796163918221,-21.794920041668362,False,True,False,True,False,0.0,0.0,0.0,0.0,0.0,0,0.8500943040362127,1.0575631837042632,True,False,False,False,-0.34282825441539394,-0.34207273523026005,False,False,False,False,1478703.0,1529127.100163637,True,False,False,False,27711.271533617662,True,False,False,False
2025-08-01 15:00:00+00:00,72.59,73.61,72.49,73.59,29099.0,,,,,,,,,,,,,,75.06474649620269,77.46017445805471,77.80167192675846,78.06523026729297,78.13009389086406,78.49837578257637,79.09045963634024,79.23805694765991,78.66345496570966,77.39570359668214,77.29282279096876,77.21343678958941,,,,,,,,,,,,,73.04925160603952,76.17061421874436,77.59818130296755,77.8863479878292,78.0904292268845,78.27158136984944,78.72184900303633,78.95484207387983,79.1257545337996,78.97364921436463,77.97526510080624,77.26573893850215,,77.59818130296755,76.77295763027013,,77.46017445805471,77.74990550522512,"rgba(255, 0, 0, 1.0)",2.00791367452044,77.34923016509158,-1.8722070638765962,26.049482672739863,-21.794920041668362,False,True,False,True,True,0.0,0.0,0.0,0.0,0.0,0,0.8521700156868605,1.052065436617615,False,False,False,False,-0.3304924667995352,-0.3362826010148976,False,False,False,False,1507802.0,1528796.4784556734,False,False,False,False,27732.786703639093,False,False,False,False
2025-08-01 16:00:00+00:00,73.57,73.72,72.915,73.07,21673.0,,,,,,,,,,,,,,75.01995531547608,77.42726439913666,77.76945399685331,78.03871961533409,78.1038770189478,78.47351299203207,79.06860677157543,79.21691647973694,78.64943938340014,77.38729671728551,77.28482936844273,77.20576201812976,,,,,,,,,,,,,73.1063128091735,76.1394499661043,77.56550202982874,77.85712515419422,78.06408398602855,78.24596904020291,78.69759730520552,78.931998866004,79.10410714157533,78.95765419387563,77.964553726834,77.25785326248118,,77.56550202982874,76.7666658967286,,77.42726439913666,77.7307433982441,"rgba(255, 26, 202, 1.0)",2.0096505836762493,77.32392533040475,-2.1167487348089433,27.942642897265713,-21.794920041668362,False,True,False,True,True,0.0,0.0,0.0,0.0,0.0,0,0.8639075316927668,1.0495152870991804,False,False,False,False,-0.3118208554353484,-0.32405172822512296,False,False,False,False,1486129.0,1528134.967161787,False,False,False,False,27638.836522187325,False,False,False,False
2025-08-01 17:00:00+00:00,73.09,73.175,72.645,72.965,25056.0,,,,,,,,,,,,,,74.96239045698407,77.38711372825584,77.7302880536656,78.00649764956124,78.07202860661421,78.44339482332042,79.04222778947404,79.19141748327336,78.63241335998782,77.37690514283041,77.27493058544998,77.19624368309988,,,,,,,,,,,,,73.05966921878105,76.10051777256689,77.52569402455131,77.82158382618023,78.03206884533834,78.21488920097076,78.66826685617721,78.9044069599439,79.07798086056107,78.93828823324684,77.95143151849769,77.24808301532282,,77.52569402455131,76.75879070678847,,77.38711372825584,77.70244715394396,"rgba(255, 26, 202, 1.0)",2.020213022841762,77.28705181518299,-2.1394039966653176,28.906668255720014,-28.294681204099113,False,True,False,True,True,0.0,0.0,0.0,0.0,0.0,0,0.8640769460184909,1.0518192663286616,False,False,False,False,-0.3403531568782178,-0.3322024425516704,False,False,False,False,1461073.0,1527095.2467406741,False,False,False,False,27598.792545099146,False,False,False,False
2025-08-01 18:00:00+00:00,73.0,73.275,72.74,73.06,12886.0,,,,,,,,,,,,,,74.93535125569922,77.36718415075279,77.71079176021075,77.9903964357135,78.0561064569371,78.42830171996303,79.0289625625462,79.17858517205276,78.62384420500615,77.37169543886628,77.26997008491233,77.19147549446636,,,,,,,,,,,,,73.05555146414976,76.08145974893942,77.5059111117706,77.80386136658795,78.0160676903728,78.19933594961583,78.65355046740399,78.89054323796665,79.0648401743247,78.92853633243368,77.94483887687693,77.24318750382896,,77.5059111117706,76.75485505398785,,77.36718415075279,77.6891811942249,"rgba(255, 26, 202, 1.0)",2.022644792087013,77.26975393460569,-2.081311533826937,30.192292271055187,-26.710481103684977,False,True,False,True,True,0.0,0.0,0.0,0.0,0.0,0,0.8681433809773255,1.0512609443987135,False,False,False,False,-0.3334792603817268,-0.3328408514666986,False,False,False,False,1473959.0,1526271.428961749,False,False,False,False,27370.687234322417,False,False,False,False
2025-08-01 19:00:00+00:00,73.025,73.09,72.7,72.89,36841.0,,,,,,,,,,,,,,74.85699795411354,77.30949956170468,77.65439130746121,77.94372650453138,78.0099574107854,78.3845705210002,78.99053330858,79.14141182048175,78.59891613126784,77.35642040198535,77.25541379757793,77.17747430597541,,,,,,,,,,,,,73.014430472796,76.02596118974009,77.44866525527219,77.7525315334052,77.96968745356283,78.15426064309612,78.61092227892262,78.85038350107207,79.0267716510735,78.90021442201632,77.92558568617912,77.22881873798705,,77.44866525527219,76.74325308319287,,77.30949956170468,77.64948107710782,"rgba(255, 26, 202, 1.0)",2.023031624803894,77.2181506895058,-2.1394379783486386,30.468838786770874,-25.99438961010072,False,True,False,True,True,0.0,0.0,0.0,0.0,0.0,0,0.8602294739979142,1.0514826404410678,False,False,False,False,-0.34141341964878263,-0.33712713555774065,False,False,False,False,1437118.0,1524889.2052569154,False,False,False,False,27517.51378882905,False,False,False,False
2025-08-04 14:00:00+00:00,73.885,74.655,73.885,74.535,30857.0,,,,,,,,,,,,,,74.8414708382316,77.27796917611421,77.62238439009245,77.91643934535828,77.9828212356473,78.35810177419731,78.96635977718786,79.11783459093822,78.58352169658279,77.34787975731591,77.24736585557255,77.16980351939935,,,,,,,,,,,,,73.24979329250642,76.00199598453052,77.41687188234474,77.72307271119257,77.94250788439767,78.12744228343865,78.5847253674618,78.82532936301288,79.00277610038458,78.88243224031105,77.9142341716204,77.2208987871396,,77.41687188234474,76.73726651656216,,77.27796917611421,77.63850133437411,"rgba(239, 83, 80, 1.0)",1.9896131250544893,77.20402386043284,-1.3414788165713112,39.081275799081226,-17.70335837731065,True,False,False,True,True,0.0,0.0,0.0,0.0,0.0,0,0.8658439201451906,1.0354264972776777,False,False,False,False,-0.2469197696409444,-0.29202345259934254,False,False,False,False,1467975.0,1524006.8144777385,False,False,False,False,27569.288768847204,False,False,False,False
2025-08-04 15:00:00+00:00,74.52,74.825,74.495,74.66,30809.0,,,,,,,,,,,,,,74.83599920663193,77.2503369564423,77.59393821542227,77.89188090471248,77.95834847230896,78.33398631920825,78.94403793626897,79.0960022190344,78.56935179436913,77.34025639335569,77.24020931527517,77.16300352634413,,,,,,,,,,,,,73.45968246376812,75.9830127616787,77.38884120182061,77.69675717949725,77.91802565889026,78.10315411937837,78.56073334546323,78.80226208532522,78.98060295237408,78.86599073800706,77.90392758092419,77.21386338855218,,77.38884120182061,76.73207334015713,,77.2503369564423,77.62892519729387,"rgba(239, 83, 80, 1.0)",1.942746963906376,77.19212816128912,-1.3033751735726042,45.26542186721794,-12.071941247824917,True,False,False,True,True,0.0,0.0,0.0,0.0,0.0,0,0.875298027599162,1.032801098186548,False,False,False,False,-0.2209514813216341,-0.2564874669604883,False,False,False,False,1498784.0,1523615.7630904866,False,False,False,False,27619.51684995035,False,False,False,False
2025-08-04 16:00:00+00:00,74.66,74.715,74.475,74.61,21875.0,,,,,,,,,,,,,,74.8310527789994,77.23062270607015,77.57366396477052,77.87434803149118,77.94087790143196,78.31677739934138,78.92810894252571,79.08042225766803,78.55919939651221,77.33474927014964,77.23503441446888,77.1580825219242,,,,,,,,,,,,,73.56866966684872,75.96926046420714,77.36885237439931,77.67798168715737,77.90054726461608,78.08581765340975,78.54361653989567,78.78580335697276,78.96477981071367,78.85422903698125,77.89651462028921,77.20877472976028,,77.36885237439931,76.72829550293467,,77.23062270607015,77.62032444960852,"rgba(239, 83, 80, 1.0)",1.8911572747499048,77.18151789964035,-1.3597588809637338,49.12906323970869,-8.654916008718146,True,False,False,False,True,0.0,0.0,0.0,0.0,0.0,0,0.8754409964720281,1.0342717258261942,False,False,False,False,-0.22525832384182395,-0.24087289540115614,False,False,False,False,1476909.0,1522891.6272286186,False,False,False,False,27530.45457320693,False,False,False,False
2025-08-04 17:00:00+00:00,74.61,74.87,74.19,74.265,30742.0,,,,,,,,,,,,,,74.81991142205895,77.20176986705658,77.54413869268517,77.84884522775519,77.9154815071274,78.2918403384177,78.90510784261237,79.05794126155281,78.5444521173665,77.3266012214679,77.22736113160086,77.15077256882749,,,,,,,,,,,,,73.6720437670363,75.94820746261207,77.33966162699744,77.65063943593717,77.87512945089414,78.06064831704522,78.51885419000571,78.76202308727507,78.94193532829865,78.83719782138469,77.8856551928713,77.20122478026767,,77.33966162699744,76.72261560252551,,77.20176986705658,77.60531015246475,"rgba(255, 0, 0, 1.0)",1.8535964554944104,77.1629582346186,-1.5634245663496513,49.908583428552724,-7.927822994187196,True,False,False,False,True,0.0,0.0,0.0,0.0,0.0,0,0.872584670231729,1.0317290552584677,False,False,False,False,-0.22957340017879801,-0.23522314778997708,False,False,False,False,1446167.0,1521702.098124299,False,False,False,False,27580.245975172715,False,False,False,False
2025-08-04 18:00:00+00:00,74.265,74.41,74.115,74.215,27431.0,,,,,,,,,,,,,,74.80564028865341,77.17474034254575,77.51663282749942,77.82512277160387,77.89187488955818,78.26874516574794,78.88389423890469,79.03722507936762,78.53076085875979,77.31888057344383,77.22007298875252,77.14381594166265,,,,,,,,,,,,,73.72695611883725,75.92753701529593,77.31238213329827,77.62517011483341,77.8514922308307,78.03728711288636,78.49596511388377,78.7400748982337,78.92087034950214,78.8214422518692,77.87547744162168,77.19404908582737,,77.31238213329827,76.7171399644975,,77.17474034254575,77.58942124305914,"rgba(255, 0, 0, 1.0)",1.8108164576358476,77.14325830930908,-1.6170928295693348,50.16718971583362,-7.415174470285166,True,False,False,False,True,0.0,0.0,0.0,0.0,0.0,0,0.8720533939221812,1.0381283726214152,False,False,False,False,-0.24742226575169507,-0.24132270677083606,False,False,False,False,1418736.0,1520105.724509969,False,False,False,False,27577.932084084765,False,False,False,False
2025-08-04 19:00:00+00:00,74.22,74.41,74.005,74.39,92754.0,,,,,,,,,,,,,,74.76392162213594,77.08754672219078,77.42752593443473,77.74764471466641,77.81471624263973,78.19297896709476,78.81390149528472,78.9687897106522,78.4853360062292,77.29324073071434,77.1958686863142,77.12071208514092,,,,,,,,,,,,,73.85916948831232,75.86207108027159,77.22422910877042,77.54233747106315,77.77426539712074,77.96081105095642,78.42073898103595,78.66776557518914,78.85134509961425,78.76920755828985,77.8416835863014,77.17021806940309,,77.22422910877042,76.69896376894172,,77.08754672219078,77.53566772432609,"rgba(255, 0, 0, 1.0)",1.7576757482646246,77.07730139440235,-1.5288948471045132,51.268904869067796,-5.95774923349213,True,False,True,False,True,0.0,0.0,0.0,0.0,0.0,0,0.8712319096364278,1.0379103423932237,False,False,False,False,-0.25111099930596054,-0.2462168530383983,False,False,False,False,1511490.0,1519972.1473857833,False,False,False,False,28588.41375719973,False,False,False,False
2025-08-05 14:00:00+00:00,74.575,74.815,74.41,74.735,59245.0,,,,,,,,,,,,,,74.75869627784056,77.04177864822593,77.37975461290078,77.70518249566626,77.7722952829319,78.15067049381736,78.77398854192484,78.92959329963698,78.45942793080303,77.27914394630827,77.18262124981388,77.10811397272658,,,,,,,,,,,,,73.9663339536162,75.83235733641155,77.17753852341325,77.49750972722391,77.73188474563113,77.91849275692212,78.37840151462699,78.62672644101686,78.81165430567721,78.73926689832226,77.82271791391395,77.15719122670355,,77.17753852341325,76.68931125108915,,77.04177864822593,77.50838925400315,"rgba(239, 83, 80, 1.0)",1.6961542138374877,77.04497917071997,-1.3618921863795188,53.73129523290703,-3.224877288456753,True,False,True,False,True,0.0,0.0,0.0,0.0,0.0,0,0.8774035087719299,1.031719298245615,False,False,False,False,-0.2240979869788067,-0.2351574200086025,False,False,False,False,1570735.0,1520759.1683565464,False,False,False,False,29063.70966794082,False,False,False,False
2025-08-05 15:00:00+00:00,74.735,74.885,74.535,74.745,28515.0,,,,,,,,,,,,,,74.75787287846579,77.02097104165945,77.35790533718881,77.68560623729957,77.75271952569192,78.13105650591753,78.75536397424393,78.91127796003202,78.4473043297483,77.27258777843984,77.17646519649416,77.10226368512932,,,,,,,,,,,,,74.01239910072532,75.81936964960705,77.15625750033352,77.47693263905227,77.71233803523262,77.89892659504233,78.35872922436624,78.60760626984012,78.79312675589888,78.7252494244112,77.8138648985161,77.15113907945134,,77.15625750033352,76.68485267114313,,77.02097104165945,77.49572223428282,"rgba(239, 83, 80, 1.0)",1.6378205277388018,77.0301404217648,-1.3952324952964725,55.422775069719265,-1.251190322505657,True,False,True,False,True,0.0,0.0,0.0,0.0,0.0,0,0.8797486033519554,1.0305865921787718,False,False,False,False,-0.2176440134965333,-0.2264007167525679,False,False,False,False,1599250.0,1521976.0804750496,False,False,False,False,29055.202541306076,False,False,False,False
2025-08-05 16:00:00+00:00,74.72,75.095,74.675,75.005,59468.0,,,,,,,,,,,,,,74.76527969306686,76.98248877783877,77.31690182984416,77.64834020158938,77.71537713722047,78.09326197366178,78.71899848982753,78.87541881632055,78.42363810109825,77.26010375944745,77.16478058688705,77.09118899283237,,,,,,,,,,,,,74.1153734101158,75.79807836492817,77.11665084899057,77.43808134285237,77.67509598955755,77.8614449663488,78.32063211346161,78.57038277174995,78.75692555204671,78.69779726817764,77.79676705092832,77.13966192124904,,77.11665084899057,76.67657537124565,,76.98248877783877,77.47261124833504,"rgba(239, 83, 80, 1.0)",1.5693334357089122,77.00377244541104,-1.2736442109309596,57.86511918182823,1.3944905567302754,True,False,True,False,True,0.0,0.0,0.0,0.0,0.0,0,0.8895602079527891,1.0278207109737256,False,False,False,False,-0.20610420629170623,-0.21625246152213706,False,False,False,False,1658718.0,1524096.1102351262,False,False,False,False,29526.71878097575,False,False,False,False
2025-08-05 17:00:00+00:00,75.005,75.095,74.925,75.0,53850.0,,,,,,,,,,,,,,74.77459318274528,76.95017672853446,77.28217409726093,77.61643851472736,77.68336843089287,78.06066116092593,78.687355261618,78.8441592991371,78.40297423555245,77.2493044969048,77.1546859773467,77.08163172400772,,,,,,,,,,,,,74.19800001434604,75.78137795720941,77.08327174166901,77.40501764527775,77.64319684701603,77.82923171629173,78.28766849755749,78.53805986963002,78.7254102895336,78.67380924112183,77.78189348618832,77.12975014431083,,77.08327174166901,76.669493276711,,76.95017672853446,77.45267543999189,"rgba(239, 83, 80, 1.0)",1.5578357648583385,76.98139136471886,-1.2718871972354784,59.45011216121589,3.2099449141443515,True,False,True,False,True,0.0,0.0,0.0,0.0,0.0,0,0.8954603129846327,1.0223459749048367,False,False,False,False,-0.19789467247338288,-0.20707356699775997,False,False,False,False,1604868.0,1525348.3875958219,False,False,False,False,29903.82391615442,False,False,False,False
2025-08-05 18:00:00+00:00,75.0,75.17,74.845,75.14,98213.0,,,,,,,,,,,,,,74.7928087746344,76.89519114484314,77.222654378078,77.56116654386146,77.62784644745062,78.00379328775136,78.63170023895663,78.78908283042401,78.36641442186455,77.23026266913749,77.13689693987563,77.06479790673148,,,,,,,,,,,,,74.32146051669898,75.75433475541911,77.02629926616028,77.34806385111347,77.58790057175109,77.77322209827793,78.23000900555049,78.48132611637605,78.66995460452343,78.63137986745342,77.75560441769245,77.11228618506391,,77.02629926616028,76.65707566846775,,76.89519114484314,77.41726903498706,"rgba(239, 83, 80, 1.0)",1.5521372013753736,76.94216498482797,-1.1610861354466866,61.268485361667025,5.243582766370139,True,False,True,False,True,0.0,0.0,0.0,0.0,0.0,0,0.8966734938908115,1.0194929020411054,False,False,False,False,-0.19805860182609616,-0.20256608441192808,False,False,False,False,1703081.0,1528103.9319741812,False,False,False,False,30962.880909702413,False,False,False,False
2025-08-05 19:00:00+00:00,75.14,75.215,74.92,75.105,70324.0,,,,,,,,,,,,,,74.80572027226333,76.85831219620005,77.18248231475077,77.52346176923572,77.58993027018306,77.96475514588738,78.59319195603659,78.75091040855143,78.34094216817614,77.21700422754839,77.12451371369438,77.05308205729374,,,,,,,,,,,,,74.39264055481348,75.73690293148147,76.9879871764512,77.30943031602929,77.55016078700658,77.73488852965717,78.1903261809584,78.44215040645942,78.63156692853995,78.60184021939027,77.73728342773653,77.10013010230348,,76.9879871764512,76.64845555890378,,76.85831219620005,77.39248391919368,"rgba(239, 83, 80, 1.0)",1.550593966404528,76.9150250638758,-1.1673107874093123,62.11503764515856,6.384245302460172,True,False,True,False,True,0.0,0.0,0.0,0.0,0.0,0,0.898051397910195,1.0158853431234123,False,False,False,False,-0.19412717514493663,-0.19834662977843237,False,False,False,False,1632757.0,1529726.460160628,False,False,False,False,31573.13081807912,False,False,False,False
2025-08-06 14:00:00+00:00,75.435,76.11,75.315,75.995,36122.0,,,,,,,,,,,,,,74.82831304497432,76.8474508149232,77.16935916441598,77.51016487127805,77.57640244604607,77.9500553390677,78.57775942582003,78.73542811118644,78.33089273621049,77.21255157347612,77.12045102464765,77.04931437966447,,,,,,,,,,,,,74.45766272584811,75.73781712172924,76.97616239601878,77.29639610359465,77.5367876345142,77.72089366373629,78.17500112605855,78.42665027438953,78.61613588259536,78.58994880144516,77.7305168899193,77.09616824449947,,76.97616239601878,76.64609880589349,,76.8474508149232,77.38617849150246,"rgba(239, 83, 80, 0.5)",1.5439873120661625,76.90967467841124,-0.5924107479790194,66.61151683021075,10.848538824378117,True,False,True,False,True,0.0,0.0,0.0,0.0,0.0,0,0.9054318913621728,1.0009099818003648,False,False,False,False,-0.15221103962196067,-0.1752788347001965,False,False,False,False,1668879.0,1531883.8638790676,False,False,False,False,31643.655921674792,False,False,False,False
2025-08-06 15:00:00+00:00,75.995,76.17,75.84,76.145,24694.0,,,,,,,,,,,,,,74.84690307974526,76.84187157474304,77.16211818824341,77.50248305390457,77.5685359700594,77.9412564151846,78.56823142221857,78.72581493763299,78.32473077402412,77.21005141022063,77.11820329535054,77.04725701504591,,,,,,,,,,,,,74.506244224398,75.74060372275463,76.96987909072912,77.289059058126,77.52904081459783,77.71265233420647,78.16570950993754,78.4171395698387,78.60659495465467,78.58258803271683,77.72650394945559,77.09398569024891,,76.96987909072912,76.64496326600533,,76.84187157474304,77.38322742033489,#000000,1.5368233147965873,76.90783446858903,-0.4963709629105947,70.08246909959742,14.182316162653507,True,False,True,False,True,0.0,0.0,0.0,0.0,0.0,0,0.913223140495868,0.9992295839753473,False,False,False,False,-0.13338458765784594,-0.15433171117902122,False,False,False,False,1693573.0,1534390.6721910199,False,False,False,False,31535.909318237973,False,False,False,False
2025-08-06 16:00:00+00:00,76.15,76.405,76.06,76.38,19997.0,,,,,,,,,,,,,,74.86434403686084,76.83870899580239,77.1575232341575,77.49729823666789,77.56318191527535,77.9350507038489,78.56126860429036,78.71874580859706,78.3202676674126,77.20843510326998,77.11678105405092,77.04598063720394,,,,,,,,,,,,,74.5490072208906,75.74446617474078,76.96611209194472,77.28427330569158,77.5237939346273,77.70695387204303,78.15905676647284,78.41023695766233,78.59961151111696,78.5771973993663,77.7237126702392,77.09261347664759,,76.96611209194472,76.64440213593997,,76.83870899580239,77.38185922412003,#000000,1.5252316527649366,76.907705568372,-0.3459838821305445,73.10898011253828,17.05439023586682,True,False,True,False,True,0.0,0.0,0.0,0.0,0.0,0,0.9139379271070617,1.0091116173120735,False,False,False,False,-0.11880717118712994,-0.13656944118307557,False,False,False,False,1713570.0,1537168.6462655778,False,False,False,False,31357.011499350563,False,False,False,False
2025-08-06 17:00:00+00:00,76.385,76.405,75.98,76.38,24811.0,,,,,,,,,,,,,,74.88500677208563,76.83464887565769,77.1517167873723,77.4907863636562,77.55646360866537,77.92729212117217,78.55258793725389,78.70993617211893,78.31468508025522,77.20638002061143,77.11496700287942,77.04434784598254,,,,,,,,,,,,,74.59851056265138,75.7489483575285,76.96131529862076,77.27824202758968,77.51720653159163,77.69981525432743,78.1507511713276,78.40162790033092,78.59090598853001,78.57046676512154,77.7202006188844,77.09086157839064,,76.96131529862076,76.64365732082595,,76.83464887565769,77.37990294344189,#000000,1.505660185631557,76.90720475717129,-0.3501485675203343,75.12665412116552,19.013640797272558,True,False,True,False,True,0.0,0.0,0.0,0.0,0.0,0,0.906270016368942,1.0125257988755254,False,False,False,False,-0.12136642177986401,-0.1289679314814698,False,False,False,False,1713570.0,1539903.5509746387,False,False,False,False,31255.522948973034,False,False,False,False
2025-08-06 18:00:00+00:00,76.38,76.72,76.18,76.66,20167.0,,,,,,,,,,,,,,74.90451723025241,76.8328799188921,77.14843049393674,77.48666771923128,77.55215503379823,77.92202935421118,78.54638834794677,78.70358973235159,78.31075056446662,77.20517958298389,77.11395075404808,77.04346952504164,,,,,,,,,,,,,74.64278652617435,75.75441168668684,76.95890880747264,77.27464768129707,77.51301592987305,77.69511912304326,78.14498963254347,78.39553837336335,78.58467477498039,78.56564745719217,77.71787235828245,77.0898927310056,,76.95890880747264,76.64346536895937,,76.8328799188921,77.37947972246145,#000000,1.4877576936303876,76.90834808260617,-0.1669277757187451,77.32639474367961,21.200536884269212,True,False,True,False,True,0.6851192661938015,0.0,0.0,0.0,0.0,0,0.9109213802917115,1.0078263963002496,False,False,False,False,-0.10491744164415652,-0.11694268656281315,False,False,False,True,1733737.0,1542908.7207269697,False,False,False,True,31083.60786449283,False,False,False,True
2025-08-06 19:00:00+00:00,76.665,76.73,76.255,76.525,86209.0,,,,,,,,,,,,,76.50333333333333,74.98211587221786,76.8251458980163,77.1343969179545,77.46915162124421,77.53384273553539,77.8997068559503,78.52009299335387,78.676665941344,78.29396941596085,77.19997131377941,77.10952458342452,77.03962936221446,,,,,,,,,,,,,74.8096193153786,75.77642890870868,76.9485311432665,77.25932826366426,77.49519809045046,77.6751798976516,78.12056465109212,78.369718013891,78.55824360285567,78.54513317071756,77.70788354351309,77.08566790874139,,76.9485311432665,76.64254163068705,,76.8251458980163,77.3415617341704,#000000,1.468981298061859,76.83079123704336,-0.20816550724424157,77.08857393415792,21.200536884269212,True,False,True,False,True,0.0,0.0,0.0,0.0,0.0,0,0.9133271863252715,1.0028370806440179,False,False,False,False,-0.10220822643561356,-0.10957545649921335,False,False,False,False,1647528.0,1544530.725056784,False,False,False,False,31938.265106903793,False,False,False,False
2025-08-07 14:00:00+00:00,76.41,76.575,75.73,75.75,33732.0,,,,,,,,,,,,,76.3669327697229,75.00142780318973,76.8178044657765,77.12497714222614,77.45910957625152,77.52355943769825,77.88819481391923,78.50755718315514,78.66399854703795,78.28573219585179,77.19655021066721,77.10643841740753,77.03679613752288,,,,,,,,,,,,,74.85059040739964,75.77917991895679,76.94031344267071,77.24975834382656,77.48507036519234,77.66440413355924,78.1083971599651,78.35722996466669,78.54568537623287,78.53533658234964,77.70246393722543,77.08266830241182,,76.94031344267071,76.64093575546572,,76.8178044657765,77.33120706539535,"rgba(239, 83, 80, 0.5)",1.4504356847778943,76.8206533148656,-0.738159799915254,69.58097902071498,25.871711287984326,True,False,True,False,False,0.0,0.0,0.0,0.0,0.0,0,0.9037136024757352,1.007877338584893,False,False,False,False,-0.12392725543711351,-0.11675135596816344,False,False,False,False,1613796.0,1545604.6052884615,False,False,False,False,31966.074950207607,False,False,False,False
2025-08-07 15:00:00+00:00,75.775,76.07,75.765,75.85,17277.0,,,,,,,,,,,,,76.30751212183046,75.00987679255849,76.8135236677806,77.119682927761,77.45358415187886,77.51791920631173,77.88196759169679,78.50086934582278,78.65725686487266,78.2813080380873,77.1946230170073,77.10468608160093,77.03517609077718,,,,,,,,,,,,,74.86841320583761,75.77985063114693,76.93560489353422,77.24442850087065,77.47950503355139,77.65852958126756,78.10185500873862,78.35055043293487,78.5389896769761,78.53010385630509,77.69949924522452,77.0809611967437,,76.93560489353422,76.63995414756839,,76.8135236677806,77.3258510864447,"rgba(239, 83, 80, 0.5)",1.4313039257716598,76.8153492141417,-0.6744543885892447,65.18319644183606,21.903937604975837,True,False,True,False,False,0.0,0.0,0.0,0.0,0.0,0,0.9070749736008451,1.0135163674762415,False,False,False,False,-0.139005992285483,-0.12787867412682322,False,False,False,False,1631073.0,1546929.696679338,False,False,False,False,31738.337354080355,False,False,False,False
2025-08-07 16:00:00+00:00,75.84,75.84,75.45,75.585,17643.0,,,,,,,,,,,,,76.22975489847884,75.01575937566794,76.80791997248187,77.113141795886,77.44701130323347,77.5112481250753,77.87478980314398,78.4933711058366,78.64973652967778,78.27629775482244,77.192253238762,77.10250360978125,77.03313582087077,,,,,,,,,,,,,74.8813720084124,75.77894028049069,76.929603897442,77.23794846855601,77.47290026907676,77.65165838447344,78.09440156375281,78.34302079175697,78.53149227096822,78.524236311408,77.69603027566208,77.07882725702777,,76.929603897442,76.63859206347578,,76.80791997248187,77.31869420450982,"rgba(239, 83, 80, 0.5)",1.4173441506715554,76.80773274497025,-0.8626929065822951,60.24433967051794,17.465342557621,True,False,True,False,False,0.0,0.0,0.0,0.0,0.0,0,0.9022084244690612,1.0222253580752139,False,False,False,False,-0.15657037518696457,-0.1422245246568939,False,False,False,False,1613430.0,1547960.7091339221,False,False,False,False,31519.80499200159,False,False,False,False
2025-08-07 17:00:00+00:00,75.585,75.92,75.49,75.81,55323.0,,,,,,,,,,,,,76.10084541798297,75.03684518158478,76.79236157196003,77.0945537657733,77.42798560052444,77.4918881931608,77.8537110823921,78.47104299341967,78.62728252641834,78.26138505396283,77.18541039205623,77.09623103248316,77.0272956458081,,,,,,,,,,,,,74.9251367278673,75.77823543320234,76.91276568069169,77.21938623405335,77.45376154414751,77.63161605612227,78.07239301096433,78.32066525911195,78.5091512514989,78.50671396310311,77.6858273481878,77.07270235986965,,76.91276568069169,76.63482650301331,,76.79236157196003,77.30220773305388,"rgba(239, 83, 80, 0.5)",1.3843496960965116,76.79140036457626,-0.7089251851201621,58.48302397076169,15.911485815692757,True,False,True,False,False,0.0,0.0,0.0,0.0,0.0,0,0.9026611138561447,1.0227994635420348,False,False,False,False,-0.15269512387747786,-0.14745982426718587,False,False,False,False,1668753.0,1549833.45782952,False,False,False,False,31888.84677507133,False,False,False,False
2025-08-07 18:00:00+00:00,75.82,75.845,75.475,75.58,22782.0,,,,,,,,,,,,,76.0551268997765,75.0439119254961,76.78544949393415,77.0864533818958,77.41978620196592,77.48356029220115,77.84471942337557,78.46159817832904,78.61779850001574,78.25503721601565,77.18240464801978,77.09346290630533,77.02470795771876,,,,,,,,,,,,,74.9396959352352,75.77716334234981,76.90535133043814,77.21133381001441,77.44551962410391,77.62302572408065,78.06304001126398,78.3111945700459,78.49970444324859,78.49928648419004,77.6814280298908,77.06999581562565,,76.90535133043814,76.6331012516935,,76.78544949393415,77.29523024582146,"rgba(239, 83, 80, 0.5)",1.354072409471334,76.78439188760483,-0.8894589973035895,55.54645279073401,13.104207012880522,True,False,True,False,False,0.0,0.0,0.0,0.0,0.0,0,0.8981286056001127,1.023849725622626,False,False,False,False,-0.15560112941018864,-0.15153047683868726,False,False,False,False,1645971.0,1551323.962359295,False,False,False,False,31747.655352202008,False,False,False,False
2025-08-07 19:00:00+00:00,75.57,75.59,75.35,75.41,70504.0,,,,,,,,,,,,,75.91454013027098,75.05827414878422,76.76124913874187,77.05885218479409,77.3923233817928,77.45574663178664,77.81507926143249,78.43089424745065,78.58704524985895,78.23422500776996,77.17208381128114,77.0838949766709,77.01571308576146,,,,,,,,,,,,,74.9702203683562,75.76983996273064,76.87971086532748,77.18408785876287,77.4179462456882,77.59449583169774,78.0323940731817,78.28032585054665,78.46901346898183,78.4750868928975,77.66672397842069,77.06062324224192,,76.87971086532748,76.62682733089068,,76.76124913874187,77.2712155958092,"rgba(239, 83, 80, 1.0)",1.319814169284011,76.75945455424105,-1.0224579987447155,52.36236830468147,10.018967927965264,True,False,False,False,False,0.0,0.0,0.0,0.0,0.0,0,0.8962237565168383,1.0303649429336346,False,False,False,False,-0.16790032544533623,-0.15971540114201174,False,False,False,False,1575467.0,1551698.2730203914,False,False,False,False,32348.52891263298,False,False,False,False
2025-08-08 14:00:00+00:00,75.755,75.965,75.525,75.78,15405.0,,,,,,,,,,,,,75.90691318959884,75.06362971967395,76.75728716481429,77.05407086792968,77.38735579842376,77.45068410984844,77.80952746692616,78.42495027363611,78.58105416187405,78.23021497541019,77.17024374694344,77.08220881367915,77.01414365213269,,,,,,,,,,,,,74.98036640110725,75.76977584614814,76.87540426833763,77.17927952088544,77.41294572263537,77.58923875541113,78.02657728082194,78.27439076061833,78.46306243850513,78.47038121808907,77.66397783239594,77.05897694833233,,76.87540426833763,76.62582025640756,,76.75728716481429,77.26786643736713,"rgba(239, 83, 80, 0.5)",1.283086028588165,76.75645473348459,-0.7610204707466285,53.003177526041654,10.018967927965264,True,False,True,False,False,0.0,0.0,0.0,0.0,0.0,0,0.8967646852410698,1.023229700329848,False,False,False,False,-0.15011415598999717,-0.15491477856600444,False,False,False,False,1590872.0,1552305.6176247264,False,False,False,False,32085.83854189448,False,False,False,False
2025-08-08 15:00:00+00:00,75.8,75.905,75.45,75.655,26040.0,,,,,,,,,,,,,75.88902698732538,75.07138915384516,76.7500866443324,77.0455334782083,77.37858440243025,77.44176056506082,77.79981739160846,78.41463827335129,78.57067554217197,78.2232295457169,77.16695419804613,77.07918259391143,77.0113173925671,,,,,,,,,,,,,74.99508463764172,75.76896166287699,76.86764102276193,77.1707342485453,77.40412240864127,77.58000342234324,78.01643928937067,78.26407837911495,78.45274197570363,78.46221101538006,77.65914365421119,77.0560189855911,,76.86764102276193,76.62395401053391,,76.7500866443324,77.2615750748303,"rgba(239, 83, 80, 0.5)",1.2477752020922426,76.75055689632032,-0.8780082297542952,52.43283122124136,9.553926280365879,False,False,False,False,False,0.0,0.0,0.0,0.0,0.0,0,0.898060631519989,1.0219841769936293,False,False,False,False,-0.15447070897497167,-0.15469274377048806,False,False,False,False,1564832.0,1552499.8251034126,False,False,False,False,31992.104611012393,False,False,False,False
2025-08-08 16:00:00+00:00,75.655,75.715,75.38,75.47,15183.0,,,,,,,,,,,,,75.87353778230741,75.07472388392168,76.7453615619027,77.04007248983402,77.37307091605525,77.43616656477542,77.79380487775765,78.40833823578623,78.5643505097897,78.2189385505056,77.16485343020265,77.0772389873113,77.00949334854789,,,,,,,,,,,,,75.00155679510448,75.76779063488642,76.86260559684274,77.16530824640816,77.39858241505124,77.57424451874813,78.01019720232608,78.25776152877005,78.44644071481233,78.4572173220675,77.65612643465619,77.05411615361317,,76.86260559684274,76.62270055212693,,76.7453615619027,77.25727594807935,"rgba(239, 83, 80, 1.0)",1.2076356432501558,76.74629295744975,-1.0568526728929752,50.61518042518405,7.404983924370569,False,False,False,False,False,0.0,0.0,0.0,0.0,0.0,0,0.8914951791624695,1.041516765002159,False,False,False,False,-0.1628776749535914,-0.15878520936203971,False,False,False,False,1549649.0,1552455.6262645999,False,False,False,False,31731.49833797344,False,False,False,False
2025-08-08 17:00:00+00:00,75.48,75.58,75.44,75.54,8813.0,,,,,,,,,,,,,75.86509203665202,75.07662984077922,76.7426318024105,77.03691710547722,77.369882727365,77.43293162914964,77.7903268887375,78.40469183357722,78.56068915118216,78.21645254601142,77.16363526025253,77.07611183436038,77.00843544263806,,,,,,,,,,,,,75.0052293055032,75.767111414158,76.85969640744447,77.16217188359114,77.39537880483954,77.5709138076344,78.00658586140489,78.25410600628192,78.442793471046,78.45432485446518,77.65437762354746,77.0530126157106,,76.85969640744447,76.62197318727308,,76.7426318024105,77.25480520616878,"rgba(239, 83, 80, 1.0)",1.1906177630369128,76.74384841704486,-1.0111124278661796,50.014048213942026,6.380346195924957,False,False,False,False,False,0.0,0.0,0.0,0.0,0.0,0,0.8854785000723903,1.0431446358766476,False,False,False,False,-0.16147192925590392,-0.16012856930897182,False,False,False,False,1558462.0,1552548.748338017,False,False,False,False,31376.172782345944,False,False,False,False
2025-08-08 18:00:00+00:00,75.54,75.615,75.36,75.37,8206.0,,,,,,,,,,,,,75.85602344011717,75.0781054133535,76.7399526193075,77.03385255187511,77.36680934854873,77.42981682613691,77.78699607496236,78.40122070144402,78.55720771426137,78.21408046713402,77.16245322721517,77.07501551259696,77.00740438694187,,,,,,,,,,,,,75.00813279433588,75.7662998643225,76.85685459969656,77.15913529117441,77.39229203538797,77.56771416427202,78.00313601425181,78.25062203583882,78.43932252672748,78.45157107043259,77.65269724555935,77.0519385416904,,76.85685459969656,76.62125279233251,,76.7399526193075,77.25234617870338,"rgba(239, 83, 80, 1.0)",1.1686572220732905,76.741365076721,-1.1734536447634158,48.20985448954007,4.23087639367359,False,False,False,True,False,0.0,0.0,0.0,0.0,0.0,0,0.886253173739572,1.0382299601015603,False,False,False,False,-0.15616195574062075,-0.15814526252479627,False,False,False,False,1550256.0,1552513.2018521563,False,False,False,False,31016.94529734833,False,False,False,False
2025-08-08 19:00:00+00:00,75.37,75.385,74.89,75.04,30821.0,,,,,,,,,,,,,75.79928125515805,75.0785005219381,76.72733943056159,77.01997745644572,77.35330310385002,77.41619267860214,77.77274576508152,78.38674850139456,78.54276460694969,78.20410585630506,77.15714179530973,77.07004466593372,77.00269384945027,,,,,,,,,,,,,75.0104595320148,75.76003650312069,76.84370546496648,77.14555589981,77.37875303489771,77.55384932986516,77.98853119090657,78.2360196778675,78.42486928362412,78.44009572828932,77.64542924298237,77.04705625828308,,76.84370546496648,76.61776522540296,,76.72733943056159,77.24020802534432,"rgba(239, 83, 80, 1.0)",1.1504635297716668,76.72825263260103,-1.467454281611247,44.65046616749091,0.5656093378403781,False,True,False,True,False,0.0,0.0,0.0,0.0,0.0,0,0.8850749511188356,1.0357013541892972,False,False,False,False,-0.17791031506157354,-0.16802778879318492,False,False,False,False,1519435.0,1552000.3615133632,False,False,False,False,31013.907385761533,False,False,False,False
2025-08-11 14:00:00+00:00,75.33,75.635,74.26,74.375,19403.0,,,,,,,,,,,,,75.75194235984846,75.0755513007672,76.71781470962199,77.00977414797435,77.3435782660755,77.40641698213373,77.76269079481096,78.37674255647687,78.53281890654905,78.19715710910882,77.15324690009523,77.06637572975463,76.99919819623557,,,,,,,,,,,,,75.00667898865993,75.75408933226701,76.83389014417202,77.1356552028358,77.36901841947946,77.54397046275798,77.97831057099474,78.22588126959333,78.41488654581758,78.43216152053944,77.64025052812116,77.04344617522953,,76.83389014417202,76.61507422317031,,76.71781470962199,77.23086188479681,"rgba(255, 26, 202, 1.0)",1.1316040397170923,76.71777211721988,-2.0703108463677693,38.97032419545866,-4.8508865534244165,False,True,False,True,False,0.0,0.0,0.0,0.0,0.0,0,0.8801886118453954,1.0300064299492753,False,False,False,False,-0.1881677049962739,-0.1780977468947294,False,False,False,False,1500032.0,1551194.6504821482,False,False,False,False,30833.89331776523,False,False,False,False
2025-08-11 15:00:00+00:00,74.36,74.44,74.14,74.415,22821.0,,,,,,,,,,,,,75.67994136555285,75.06761914607567,76.70432697234483,76.99564896944692,77.33036925209849,77.39318132232462,77.74929007715197,78.3636709650201,78.51987879602187,78.18801488364942,77.14787251538432,77.06128404955187,76.99432409644898,,,,,,,,,,,,74.33166666666666,74.99505622958118,75.74424181563082,76.82012533501106,77.12205329197694,77.35581335741594,77.53068219255175,77.96479697743035,78.2125806739836,78.4018585676719,78.42179926179863,77.63328902000426,77.0384282564872,,76.82012533501106,76.61119757883273,,76.70432697234483,77.11093959843333,"rgba(255, 0, 0, 1.0)",1.1092675247399846,76.5314035848019,-1.9079289148918137,35.607628876532,-7.955730418811918,False,True,False,True,False,0.0,0.0,0.0,0.0,0.0,0,0.8821039035591275,1.0456371986222737,False,False,False,False,-0.22785869257283015,-0.20297821973377977,False,False,False,False,1522853.0,1550755.2450483164,False,False,False,False,30709.662413613827,False,False,False,False
2025-08-11 16:00:00+00:00,74.45,74.595,74.17,74.21,19701.0,,,,,,,,,,,,,75.62312969950817,75.06084544861778,76.69277289269124,76.98354400838679,77.31903380958104,77.38182181579366,77.73778295947076,78.35243568229382,78.50875407025404,78.18014367378915,77.14323839113796,77.05689301073895,76.99012016862929,,,,,,,,,,,,74.32857791260994,74.9852420429851,75.73581001762324,76.80833211218155,77.11038887256622,77.34448071418426,77.51927502696527,77.95318994728937,78.20115174382101,78.39066009173604,78.41288120922859,77.62729069369789,77.03410064774185,,76.80833211218155,76.60785174912107,,76.69277289269124,77.09967105979574,"rgba(255, 26, 202, 1.0)",1.0924775256935335,76.51879940246722,-2.113361005757572,32.4800715386389,-10.86297272083688,False,True,False,True,False,0.0,0.0,0.0,0.0,0.0,0,0.8965618141916607,1.0401609363569866,False,False,False,False,-0.22057478842203812,-0.21177650407790893,False,False,False,False,1503152.0,1550017.2102413657,False,False,False,False,30538.98547696865,False,False,False,False
2025-08-11 17:00:00+00:00,74.22,74.42,74.15,74.305,18199.0,,,,,,,,,,,,,75.5734817127059,75.05441853903953,76.6820500964611,76.97232003824301,77.30852255730878,77.3712892255225,77.72711849321846,78.34202693555362,78.4984483316355,78.17283838779872,77.13892059768484,77.05279990734385,76.98620007202273,,,,,,,,,,,,74.31751505519782,74.97598314469377,75.72792765493747,76.79739172207432,77.09957194074218,77.33397237383994,77.5087002278334,77.9424355136987,78.19056342149699,78.38028554433785,78.40461060218206,77.6217132370275,77.03006618498966,,76.79739172207432,76.6047246917114,,76.6820500964611,77.0889988578227,"rgba(255, 26, 202, 1.0)",1.0867313292545195,76.50682793428646,-2.02610146133992,31.520597320100528,-11.851776124186785,False,True,False,True,False,0.0,0.0,0.0,0.0,0.0,0,0.8908917010005888,1.0458357857563276,False,False,False,False,-0.22825308843088168,-0.2200147962543953,False,False,False,False,1521351.0,1549572.7728732824,False,False,False,False,30347.667872674563,False,False,False,False
2025-08-11 18:00:00+00:00,74.29,74.375,74.195,74.33,16460.0,,,,,,,,,,,,,75.53193444818396,75.04876005794397,76.67246758664783,76.96228018645209,77.29910445802079,77.36185033022385,77.71755301336918,78.33267791751045,78.48918901824806,78.16626889186333,77.13503803247151,77.04911948252085,76.98267529015412,,,,,,,,,,,,74.31377970830472,74.96791875342761,75.72091316731006,76.78761097357234,77.08988869399982,77.32455612920037,77.49922002323657,77.93278505956486,78.18105650093935,78.37096649156597,78.39717392602881,77.61669735559416,77.02643851691464,,76.78761097357234,76.6019138656657,,76.67246758664783,77.0798099489246,"rgba(255, 0, 0, 1.0)",1.08852862505718,76.4965859916337,-1.9903803554269284,31.194671162613925,-12.428985406432616,False,True,False,True,False,0.0,0.0,0.0,0.0,0.0,0,0.8901515151515152,1.0496880570409985,False,False,False,False,-0.22825308843088168,-0.2241339423426385,False,False,False,False,1537811.0,1549390.4198054797,False,False,False,False,30132.355192478055,False,False,False,False
2025-08-11 19:00:00+00:00,74.33,74.55,74.255,74.51,29202.0,,,,,,,,,,,,,75.4720995152301,75.04074396196312,76.65663572829104,76.9455686379476,77.28330396835017,77.34599675014695,77.70139508423874,78.31676296026976,78.47340114706982,78.15508356148237,77.12851079806589,77.0429414745309,76.9767659051342,,,,,,,,,,,,74.34796952207276,74.95694238733074,75.70983192635444,76.77140051004355,77.07371698271488,77.30875114763283,77.48325946445308,77.91643643964382,78.16490104763467,78.3550959687699,78.38448970027594,77.60820536273526,77.0203516130084,,76.77140051004355,76.59724262679576,,76.65663572829104,77.06655182641026,"rgba(255, 0, 0, 1.0)",1.0867980783311888,76.48226760587085,-1.8147507298681613,33.2395967401261,-12.428985406432616,False,True,False,True,False,0.0,0.0,0.0,0.0,0.0,0,0.8831091625176489,1.0477075128186077,False,False,False,False,-0.21824914885547964,-0.22119154559905907,False,False,False,False,1567013.0,1549663.638103069,False,False,False,False,30117.931080966766,False,False,False,False
2025-08-12 14:00:00+00:00,74.635,74.89,74.41,74.66,17033.0,,,,,,,,,,,,,75.44677792262893,75.0377990956081,76.6483894820086,76.93675002646391,77.2748585722026,77.3375066886063,77.6926599193755,78.30805124823638,78.4647367116889,78.148965909779,77.12502125949307,77.03964777949095,76.97362259316064,,,,,,,,,,,,74.3901136670556,74.95331580952784,75.70453445815927,76.76290997719512,77.06513720929651,77.30029659553497,77.47467850970007,77.90755613457628,78.15608205508077,78.34640288562954,78.37752973497916,77.60360759609702,77.01710896861101,,76.76290997719512,76.59479769367756,,76.6483894820086,77.06081752868101,"rgba(255, 0, 0, 1.0)",1.0847537687143731,76.47645164677567,-1.6745290029538178,36.35589654839811,-12.428985406432616,False,True,False,True,True,0.0,0.0,0.0,0.0,0.0,0,0.8879982186595413,1.041193498107326,False,False,False,False,-0.19876771064582527,-0.20997962812244217,False,False,False,False,1584046.0,1550196.6979774402,False,False,False,False,29915.063932424644,False,False,False,False
2025-08-12 15:00:00+00:00,74.68,75.22,74.68,75.045,21027.0,,,,,,,,,,,,,75.42967374626316,75.03727725518422,76.6399627721647,76.92750869049779,77.2658038012466,77.32837242427058,77.68310277353231,78.29831478510764,78.45501140617523,78.14214975848627,77.12129745674422,77.03615198489295,76.97030136589329,,,,,,,,,,,,74.47622780843193,74.95372779070883,75.70008748496073,76.75413874139748,77.05605965589156,77.29121898151527,77.46538139063695,77.89775932702426,78.14627082430577,78.33667663963398,78.36972782323126,77.59858088526288,77.01367252804232,,76.75413874139748,76.5922969279421,,76.6399627721647,77.05696626942435,"rgba(239, 83, 80, 1.0)",1.0788673030817786,76.47336841588604,-1.3239519001140496,42.16605534842968,-14.220918046712278,False,True,False,True,True,0.0,0.0,0.0,0.0,0.0,0,0.8900465528707605,1.0359122145865665,False,False,False,False,-0.17498122387138224,-0.1924804259969122,False,False,False,False,1605073.0,1551047.4933576349,False,False,False,False,29777.26449161186,False,False,False,False
2025-08-12 16:00:00+00:00,75.05,75.325,74.98,75.205,19285.0,,,,,,,,,,,,,75.42120128670823,75.0383993363965,76.63317801737978,76.9199223803489,77.2582413933627,77.32072430149957,77.67500341865599,78.28993916022753,78.44662048742329,78.13629502949215,77.11819313319789,77.03324918038011,76.96755256807103,,,,,,,,,,,,74.55794502671097,74.95657228022628,75.69711340918008,76.74701650952744,77.04855298758817,77.28362951118116,77.45755721941846,77.88940823253274,78.13785793504763,78.32830345994968,78.3629997288704,77.59431810512989,77.01082213861423,,76.74701650952744,76.59027754392497,,76.63317801737978,77.05452254676199,"rgba(239, 83, 80, 1.0)",1.0739636655661327,76.47193176395028,-1.179678423554886,47.326845178318706,-9.50777820162692,False,True,False,False,True,0.0,0.0,0.0,0.0,0.0,0,0.9056321150389456,1.0330287597363692,False,False,False,False,-0.15924911358592592,-0.17586476979141907,False,False,False,False,1624358.0,1552184.0903598422,False,False,False,False,29614.593724300044,False,False,False,False
2025-08-12 17:00:00+00:00,75.2,75.285,74.97,75.2,17008.0,,,,,,,,,,,,,75.41366236512812,75.03923762018499,76.62717178481704,76.91321641001079,77.25155887623953,77.31396692571143,77.66785160252259,78.28254639762875,78.43921457914652,78.13111888801777,77.11543783895412,77.0306714809512,76.96511062615127,,,,,,,,,,,,74.61381667183073,74.9588093185059,75.69442777531705,76.7407157369286,77.04191792626722,77.2769233966375,77.45064603999407,77.88203611301141,78.13043214542567,78.32091291807518,78.35705552955089,77.59054269888121,77.00829063838162,,76.7407157369286,76.58847841569855,,76.62717178481704,77.05168726712479,"rgba(239, 83, 80, 1.0)",1.0690132395380296,76.46981111511849,-1.1878347883392264,50.71108024718013,-6.475077694728171,False,False,True,False,True,0.0,0.0,0.0,0.0,0.0,0,0.90454236263321,1.0373365580832894,False,False,False,False,-0.16118697201160284,-0.16852587090151094,False,False,False,False,1607350.0,1553039.3757806197,False,False,False,False,29419.142658807017,False,False,False,False
2025-08-12 18:00:00+00:00,75.2,75.26,75.025,75.09,37571.0,,,,,,,,,,,,,75.39686476996755,75.04061717815662,76.6138382838736,76.89836003063334,77.23676072618292,77.29900570033384,77.65202997962598,78.26620040638025,78.42284045250796,78.11964631262752,77.10929634217662,77.02492179348195,76.95966055709518,,,,,,,,,,,,74.70179217798788,74.96291486833732,75.68830096472911,76.7267414456156,77.02721973728079,77.26207394581337,77.43534958880625,77.86573316362733,78.1140129330075,78.30457198357615,78.34389376359464,77.58215324016503,77.00264289742854,,76.7267414456156,76.58444654609464,,76.6138382838736,77.04391130743672,"rgba(239, 83, 80, 1.0)",1.0623012882550364,76.46322467294394,-1.292688513255621,51.67201083986708,-5.547775963289695,False,False,True,False,True,0.0,0.0,0.0,0.0,0.0,0,0.8948045072978902,1.0384935339937986,False,False,False,False,-0.1600241138420676,-0.16427499237178927,False,False,False,False,1569779.0,1553298.9048382845,False,False,False,False,29545.52804394179,False,False,False,False
2025-08-12 19:00:00+00:00,75.09,75.185,74.89,74.95,41328.0,,,,,,,,,,,,,75.37349098804034,75.04005586832298,76.59831412397494,76.88124405672703,77.21983261693971,77.28191225395348,77.6340590310331,78.24775363121023,78.40438420764845,78.10663950448347,77.10218970519826,77.01825117436658,76.95332379820586,,,,,,,,,,,,74.75058657345889,74.96411642610603,75.68034732786725,76.71054683527812,77.0103341491127,77.245095612722,77.41791624967833,77.84726725662182,78.09546089592189,78.28613641883449,78.3290188404271,77.5725555064009,76.99608580421844,,76.71054683527812,76.57968459348658,,76.59831412397494,77.03254380234186,"rgba(239, 83, 80, 1.0)",1.0523822268323564,76.45242180690536,-1.427638902100819,50.73607016581048,-5.547775963289695,False,False,False,False,True,0.0,0.0,0.0,0.0,0.0,0,0.8887965551106747,1.0429100249301202,False,False,False,False,-0.1681733193545027,-0.16622415586314598,False,False,False,False,1528451.0,1552913.6660035825,False,False,False,False,29728.202027756644,False,False,False,False
2025-08-13 14:00:00+00:00,75.69,75.89,75.46,75.555,20891.0,,,,,,,,,,,,75.635,75.38120880052328,75.04523918985625,76.59362856225295,76.87556510628657,77.21377022887194,77.27572330580003,77.62721345354821,78.2402967173416,78.3968380067526,78.1014274347654,77.09968529831923,77.01594209333298,76.95116326132936,,,,,,,,,,,,74.81644956260737,74.97296972032281,75.68008077477153,76.7054473733981,77.0045439284255,77.23898750146559,77.41146595400994,77.84006388788485,78.0880536486769,78.27866232371647,78.32295952608352,77.5689101359157,76.99382741949542,,76.7054473733981,76.5782440162162,,76.59362856225295,76.97720530139718,"rgba(239, 83, 80, 0.5)",1.0403535565007687,76.35834386891479,-0.7721835177041436,55.229594861940626,-1.8728730450683457,False,False,True,False,True,0.0,0.0,0.0,0.0,0.0,0,0.892267463578633,1.0307807246918193,False,False,False,False,-0.118995820915511,-0.14260998838932848,False,False,False,False,1549342.0,1552858.2913368603,False,False,False,False,29591.191143605378,False,False,False,False
2025-08-13 15:00:00+00:00,75.555,75.725,75.445,75.505,22567.0,,,,,,,,,,,,75.59518830441652,75.38668112154328,75.05002301710785,76.58821732417081,76.8691128852603,77.20695788291658,77.26877993268808,77.61958861148482,78.23205360468307,78.38850747144383,78.09564761956366,77.09684845737387,77.01331841091184,76.94870185044654,,,,,,,,,,,,74.87168703445256,74.98119689714977,75.67931260432839,76.6996021974062,76.99799662570503,77.2321283224817,77.40425195911139,77.83206642675644,78.07985358105813,78.27040304744158,78.31625882901743,77.564832193983,76.9912590901622,,76.6996021974062,76.57656671270881,,76.58821732417081,76.97362057449824,"rgba(239, 83, 80, 0.5)",1.0270737098215867,76.35604856821041,-0.8286148891477827,57.64399250631433,0.548115687229128,True,False,True,False,True,0.0,0.0,0.0,0.0,0.0,0,0.893642483171279,1.0338818249813015,False,False,False,False,-0.12589854452847787,-0.13425426645890318,False,False,False,False,1526775.0,1552453.8992231104,False,False,False,False,29482.288955332424,False,False,False,False
2025-08-13 16:00:00+00:00,75.5,75.69,75.455,75.68,5648.0,,,,,,,,,,,,75.59670019956828,75.38838187185668,75.05132277575943,76.58693717610119,76.86756914239747,77.20531311607573,77.26710148377315,77.61773515166367,78.23003689754837,78.38646687430756,78.09423359783845,77.09616311549131,77.01268575544876,76.9481092812627,,,,,,,,,,,,74.88516298450804,74.9833951771562,75.67920069536429,76.69821227640325,76.99642384009971,77.23047139899725,77.40250390883683,77.83011743279606,78.07785013446585,78.2683817465671,78.31461718959811,77.5638395342013,76.99064011303433,,76.69821227640325,76.57616835639278,,76.58693717610119,76.97323293907296,"rgba(239, 83, 80, 0.5)",1.0077793221551186,76.35611047689841,-0.6708913965932053,60.46193362225746,3.3723160606125546,True,False,True,False,True,0.0,0.0,0.0,0.0,0.0,0,0.8977478839177754,1.0383162031438937,False,False,False,False,-0.1268581860062472,-0.13055622623257518,False,False,False,False,1532423.0,1552143.342646008,False,False,False,False,29112.765095559826,False,False,False,False
2025-08-13 17:00:00+00:00,75.68,75.735,75.43,75.51,7917.0,,,,,,,,,,,,75.59137339319221,75.39019034971822,75.05297190659093,76.58505697171617,76.86532590682651,77.20294127163025,77.26468370042757,77.61507833011203,78.22716140756991,78.38356014526586,78.09221440590716,77.09517126080792,77.01176835884148,76.94724857186714,,,,,,,,,,,,74.90199341245128,74.98620629728009,75.67893416321932,76.69618081599185,76.99414599768055,77.22808310050175,77.39999119996206,77.82732985099646,78.07499054545754,78.26550041951036,78.31227694064039,77.56241424814556,76.98974205303779,,76.69618081599185,76.5755816989101,,76.58505697171617,76.97222177601775,"rgba(239, 83, 80, 0.5)",1.003141125225351,76.35561061294968,-0.8429627613559436,60.236737907733584,3.412191401863879,True,False,True,False,True,0.0,0.0,0.0,0.0,0.0,0,0.8912054586808191,1.03737680060652,False,False,False,False,-0.12609045431601776,-0.12832334027429648,False,False,False,False,1524506.0,1551714.8567135115,False,False,False,False,28784.14858245037,False,False,False,False
2025-08-13 18:00:00+00:00,75.495,75.725,75.47,75.59,10670.0,,,,,,,,,,,,75.591945031244,75.39308608144763,75.05533763028113,76.5826239146749,76.8623992336824,77.19982647433064,77.26150576669903,77.6115721128369,78.22334890295024,78.37970281109081,78.08953746220347,77.09386837290641,77.01056492827055,76.94612082996727,,,,,,,,,,,,74.92458353700262,74.99019176907215,75.67868545261965,76.69354223660055,76.99116557296428,77.22494553112502,77.39668276057273,77.82364427735021,78.0712028386724,78.26167930482059,78.30917110037865,77.56053163173951,76.98856444669495,,76.69354223660055,76.57482057116846,,76.5826239146749,76.97125378942147,"rgba(239, 83, 80, 0.5)",0.9980595948921187,76.35542977597818,-0.7669179074030275,60.73162530352825,4.300217394009998,True,False,True,False,True,0.0,0.0,0.0,0.0,0.0,0,0.8897086787860351,1.0387160568951095,False,False,False,False,-0.12493913366081956,-0.12663123696755801,False,False,False,False,1535176.0,1551458.4403303564,False,False,False,False,28503.30906954416,False,False,False,False
2025-08-13 19:00:00+00:00,75.59,75.73,75.56,75.66,17945.0,,,,,,,,,,,,75.6041101496999,75.39905325298274,75.0596708973808,76.57878519470827,76.8577196819315,77.194793680563,77.25636374900411,77.60586274488494,78.217095463863,78.37336714200923,78.08514722815801,77.09176246697079,77.00862404002952,76.94430544386638,,,,,,,,,,,,74.96228587233868,74.99737716816502,75.67854320750894,76.68935378045562,76.98637791128108,77.21987295464419,77.39131486024219,77.81762547590021,78.06499954383844,78.25540952251374,78.30406914696277,77.5574618963485,76.98666639379151,,76.68935378045562,76.5736148587828,,76.57878519470827,76.9702818812954,"rgba(239, 83, 80, 0.5)",0.995832342342484,76.3559437208944,-0.6988563147661438,61.638603311827005,5.625362619524537,True,False,True,False,True,0.0,0.0,0.0,0.0,0.0,0,0.8913557640955216,1.0366216525520715,False,False,False,False,-0.12129544296322133,-0.12396333996538966,False,False,False,False,1553121.0,1551484.2164492654,False,False,False,False,28339.61435528766,False,False,False,False
2025-08-14 14:00:00+00:00,74.16,74.22,73.73,73.855,18374.0,,,,,,,,,,,,75.30925734530632,75.36504450130724,75.05134171436247,76.5676898745983,76.84621451145777,77.18399091861774,77.24554786989815,77.59495538118819,78.20646731600588,78.36284438075914,78.0775140671544,77.08705523680703,77.00414114708029,76.939995936234,,,,,,,,,,,,74.91038017637983,74.98566178888919,75.66973537343686,76.67808069564789,76.97526538499832,77.20907573253093,77.38047310687995,77.8066486258914,78.05419357528228,78.24481572749839,78.29550296998623,77.5515121713988,76.98224217854698,,76.67808069564789,76.57009728558235,,76.5676898745983,76.94653638373453,"rgba(255, 26, 202, 1.0)",1.0032094892297114,76.32795891590725,-2.4650473729131486,50.24094818787063,6.885797745858532,False,True,False,False,False,0.0,0.0,0.0,0.0,0.0,0,0.8818458794679352,1.0374526268856359,False,False,False,False,-0.24980855988745443,-0.18688594992642205,False,False,False,False,1534747.0,1551224.7247213696,False,False,False,False,28185.10870636847,False,False,False,False
2025-08-14 15:00:00+00:00,73.86,74.11,73.5,73.77,11093.0,,,,,,,,,,,,75.1631633870524,75.34330730520567,75.04574196869858,76.56067819190442,76.83897631797292,77.17722065022063,77.23877402166464,77.58814788344178,78.19986428451672,78.35631307021386,78.0727621153926,77.08409269180807,77.00131636475511,76.93727773539807,,,,,,,,,,,,74.87731351514826,74.97777614750153,75.66402998680113,76.67097012704461,76.96828468171243,77.20231080901819,77.3736926627638,77.79981013671895,78.04747355170052,78.2382356021305,78.29018003076008,77.54778923709948,76.97945344745925,,76.67097012704461,76.56786421729277,,76.56067819190442,76.93312898964987,"rgba(255, 26, 202, 1.0)",1.0099428313146124,76.31222244660663,-2.5171944072294616,42.37550642753661,-0.05466414672292075,False,True,False,True,False,0.0,0.0,0.0,0.0,0.0,0,0.8846639435573712,1.0386929075380618,False,False,False,False,-0.25768750009373564,-0.22228672501007884,False,False,False,False,1523654.0,1550797.2716249144,False,False,False,False,27920.114772936402,False,False,False,False
2025-08-14 16:00:00+00:00,73.77,73.79,73.325,73.535,10464.0,,,,,,,,,,,,75.02873417536706,75.32021299333167,75.03948778789052,76.5535177651845,76.83163693523973,77.17040154468408,77.23195902959424,77.5813383628438,78.19331079321921,78.349841551355,78.0680349310135,77.08109672939545,76.99845453431735,76.93451984409202,,,,,,,,,,,73.55000000000001,74.8412572732024,74.96892399342006,75.65798388870392,76.66373033217333,76.96122528809448,77.19550023638799,77.36688704008833,77.79299024255982,78.0407924941346,78.2317075666091,78.28489935960341,77.54405698557413,76.97662674529641,,76.66373033217333,76.56557660656068,,76.5535177651845,76.78198109198682,"rgba(255, 26, 202, 1.0)",1.0199374561293748,76.10582688918885,-2.520573074103038,36.392747051024735,-5.149953647251579,False,True,False,True,False,0.0,0.0,0.0,0.0,0.0,0,0.8909158878504675,1.0352149532710282,False,False,False,False,-0.27994526907071005,-0.25111599704039445,False,False,False,False,1513190.0,1550214.2131501094,False,False,False,False,27649.4773345963,False,False,False,False
2025-08-14 17:00:00+00:00,73.54,73.815,73.52,73.64,10143.0,,,,,,,,,,,,74.92631157647567,75.29972351810976,75.03391249054799,76.54685860542912,76.82478772148033,77.1640131112401,77.22557074856404,77.57493640848645,78.18712374690803,78.34372637638431,78.0635718279454,77.07828646440409,76.9957720257429,76.93193626932481,,,,,,,,,,,73.60332289998544,74.8109082443187,74.96109470289505,75.65245567859874,76.6569876645858,76.95462665904273,77.18911825023835,77.36049985453774,77.78656867215635,78.03449107658086,78.22554313927793,78.27990875656505,77.54054381867257,76.97397768542363,,76.6569876645858,76.56344202128516,,76.54685860542912,76.77299568053722,"rgba(255, 26, 202, 1.0)",1.023834155700823,76.09571535072057,-2.398547984599722,33.41571270046693,-7.599595814193293,False,True,False,True,False,0.0,0.0,0.0,0.0,0.0,0,0.8913190529875988,1.0369785794813984,False,False,False,False,-0.27002075643736495,-0.26056837673887967,False,False,False,False,1523333.0,1549797.450155534,False,False,False,False,27378.059081346746,False,False,False,False
2025-08-14 18:00:00+00:00,73.65,73.67,73.4,73.67,19812.0,,,,,,,,,,,,74.75480669650128,75.2592829693373,75.02253844206857,76.5335890868275,76.811165429546,77.15132425114099,77.2128858034882,77.56224285130507,78.17487915763287,78.33162873239166,78.05472564287699,77.07268512713851,76.99042208565315,76.92678111560282,,,,,,,,,,,73.59189081867439,74.75216748683435,74.94516519202722,75.64132456270428,76.64356253320335,76.94150902462997,77.17644361544782,77.347824575515,77.77384606405185,78.02201545079359,78.213344469362,78.27002706021426,77.53356185951762,76.96869358353108,,76.64356253320335,76.55916945081273,,76.5335890868275,76.75177747612923,"rgba(255, 26, 202, 1.0)",1.0249823114278462,76.07138594426111,-2.3428559863787988,31.7391087918325,-9.13039599386358,False,True,False,True,False,0.0,0.0,0.0,0.0,0.0,0,0.8884621177888238,1.0364512727820456,False,False,False,False,-0.2819818620116033,-0.2712751193752415,False,False,False,False,1543145.0,1549694.3113934328,False,False,False,False,27260.75583977548,False,False,False,False
2025-08-14 19:00:00+00:00,73.675,73.995,73.67,73.875,28053.0,,,,,,,,,,,,74.61603085716982,75.2137623345927,75.0096558435345,76.51667989992168,76.79364712220442,77.1348403968429,77.19638207903107,77.54560102099254,78.15865199415968,78.31555913894717,78.04300225608623,77.06538768463852,76.98346547499278,76.92008814401235,,,,,,,,,,,73.69627256396775,74.69485402395843,74.92751318861328,75.62777904007586,76.62638956812084,76.92456816284945,77.15996782546041,77.33128158250291,77.75709956623751,78.00552285022826,78.19716864786733,78.25689737303334,77.52438167214734,76.9618261655529,,76.62638956812084,76.55368020029142,,76.51667989992168,76.73355586772736,"rgba(255, 26, 202, 1.0)",1.0222966900678818,76.0516952317461,-2.1292206586343925,32.751003861160875,-9.13039599386358,False,True,False,True,False,0.0,0.0,0.0,0.0,0.0,0,0.8904779826872413,1.031915694392172,False,False,False,False,-0.25523013814975465,-0.2632526287624981,False,False,False,False,1571198.0,1550027.7019144648,False,False,False,False,27273.03869497276,False,False,False,False
2025-08-15 14:00:00+00:00,74.43,74.445,74.045,74.185,7738.0,,,,,,,,,,,,74.60021507287283,75.20505104989881,75.00729176619734,76.51270873666175,76.78946701520185,77.13084229589565,77.19236915838617,77.54150365448875,78.15458821130986,78.31152036824774,78.04007053087913,77.06361651576081,76.9817827974033,76.91847373235183,,,,,,,,,,,73.74995702663692,74.68679164356728,74.92441307446806,75.62486463745687,76.62232938041959,76.92049824695803,77.1559675349987,77.32723836629201,77.75294988175338,78.00140827757087,78.19311404096021,78.25359895646285,77.52211716056321,76.96016661670996,,76.62232938041959,76.55238104888886,,76.51270873666175,76.73137970415634,"rgba(255, 0, 0, 1.0)",1.013763583684491,76.04981763035076,-1.8394995247048997,36.29054157803047,-9.13039599386358,False,True,False,True,True,0.0,0.0,0.0,0.0,0.0,0,0.8954292587580814,1.0252593594948132,False,False,False,False,-0.21871210486993617,-0.24098236681621715,False,False,False,False,1578936.0,1550475.8925824575,False,False,False,False,26970.16987799644,False,False,False,False
2025-08-15 15:00:00+00:00,74.19,74.31,74.04,74.205,14214.0,,,,,,,,,,,,74.57149957751298,75.18880575645703,75.00276592758148,76.50532289831752,76.78170466740278,77.12342600202076,77.18492697545517,77.53391299401822,78.14706948578484,78.30404984272302,78.0346405931223,77.06032302401718,76.97865244437186,76.91546927397565,,,,,,,,,,,73.81834264133416,74.67145841395006,74.91846752932557,75.61939050542635,76.61478300221732,76.9129436011183,77.148547811762,77.31974329596689,77.74526650315603,77.99379366344706,78.18561276438022,78.24749408728155,77.51791518196207,76.95707891029501,,76.61478300221732,76.54995744950766,,76.50532289831752,76.72608826982963,"rgba(255, 0, 0, 1.0)",1.0030576003155358,76.04475211695811,-1.8341440375700973,38.82906186107651,-9.13039599386358,False,True,False,True,True,0.0,0.0,0.0,0.0,0.0,0,0.8930103077270335,1.027161236927244,False,False,False,False,-0.22486627395241554,-0.23292432038431635,False,False,False,False,1593150.0,1551137.5066509466,False,False,False,False,26772.399802368585,False,False,False,False
2025-08-15 16:00:00+00:00,74.205,74.385,74.165,74.27,6045.0,,,,,,,,,,,,74.56298050169995,75.18264691076365,75.00106250304222,76.50231503803414,76.77852928574615,77.1203777443659,77.18186594584128,77.53078007074514,78.14395160783502,78.3009488898606,78.03238883750106,77.05896759476009,76.97736530256978,76.9142347956251,,,,,,,,,,,73.84685354880841,74.66635098579752,74.9162689000792,75.61721762676747,76.61170394555036,76.9098469827409,77.14549725565867,77.31665609718836,77.7420897221117,77.99063937516519,78.18250133865196,78.24495965989051,77.51617862670744,76.95580961455603,,76.61170394555036,76.54896667471547,,76.50231503803414,76.72414315981251,"rgba(255, 0, 0, 1.0)",0.9930163031791494,76.04297747491827,-1.7854464919076123,41.14737440222719,-17.30028682424254,False,True,False,True,True,0.0,0.0,0.0,0.0,0.0,0,0.8974612344177563,1.031316509577379,False,False,False,False,-0.21377984026806765,-0.223352080326192,False,False,False,False,1599195.0,1551882.584067211,False,False,False,False,26451.044766672945,False,False,False,False
2025-08-15 17:00:00+00:00,74.255,74.385,74.2,74.355,7249.0,,,,,,,,,,,,74.55471038236382,75.17568989919398,74.99914196693568,76.49878330260003,76.7747926689411,77.11678217954453,77.1782540836111,77.52707711954827,78.14025791504277,78.2972734653395,78.02972084116095,77.0573672529063,76.97584621990599,76.91277836181767,,,,,,,,,,,73.87945649099802,74.66100250178698,74.91381485025046,75.61469848310719,76.60808526377322,76.90619936138312,77.14189846364806,77.31301080283839,77.73833171073682,77.9869045097413,78.1788148324761,78.2419552688712,77.51412430251864,76.95431176522617,,76.60808526377322,76.54780056503354,,76.49878330260003,76.7219259167727,"rgba(255, 0, 0, 1.0)",0.985770892374822,76.04099229036797,-1.7103287421139377,43.541199799162456,-14.663511283347475,False,True,False,True,True,0.0,0.0,0.0,0.0,0.0,0,0.9014721668455759,1.0250728415887134,False,False,False,False,-0.21221835631608585,-0.21778521832113892,False,False,False,False,1606444.0,1552728.4974925255,False,False,False,False,26153.33864625941,False,False,False,False
2025-08-15 18:00:00+00:00,74.35,74.415,74.175,74.355,7867.0,,,,,,,,,,,,74.54639152587232,75.16827904288878,74.99707483541869,76.49496626134811,76.77075302716192,77.11289280327125,77.17434685092552,77.52307019158752,78.1362591173385,78.29329402356541,78.02683101434884,77.05563364007571,76.9742006204727,76.91120061921667,,,,,,,,,,,73.91016331346805,74.65540541818741,74.91118141914971,75.61197905304931,76.60417379246326,76.90225488458378,77.138005492948,77.30906692777069,77.73426460726202,77.98286164531184,78.17482370226404,78.23870131635412,77.51189897990223,76.95268916438287,,76.60417379246326,76.54653735945263,,76.49496626134811,76.71938291546068,"rgba(255, 0, 0, 1.0)",0.9793120769935083,76.03866653890354,-1.719233917825664,45.1370833971193,-12.743539509751642,False,True,False,True,True,0.0,0.0,0.0,0.0,0.0,0,0.8970125182397666,1.022271714922049,False,False,False,False,-0.21199537056033274,-0.21489029444073582,False,False,False,False,1606444.0,1553561.2959810134,False,False,False,False,25869.82951996081,False,False,False,False
2025-08-15 19:00:00+00:00,74.35,74.35,74.055,74.225,24066.0,,,,,,,,,,,,74.51410676115425,75.14368572257321,74.98986646847382,76.48281347479393,76.75795242414632,77.1006175351506,77.16202363723697,77.5104752310614,78.12374339782104,78.28084971113536,78.01776928634048,77.05014125219274,76.96898089324328,76.90619129062216,,,,,,,,,,,73.96335768503978,74.63440362388833,74.90187353690693,75.60306242559022,76.59174553994967,76.88977582652275,77.12572228389118,77.29664550132901,77.72150245337241,77.97019670560908,78.16233469068689,78.22851503619188,77.50488770095339,76.94754071611699,,76.59174553994967,76.54250052801551,,76.48281347479393,76.70912271648046,"rgba(255, 0, 0, 1.0)",0.9688873994401938,76.02845667861935,-1.861368699460186,44.859225951792915,-12.526541350926877,False,False,False,True,True,0.0,0.0,0.0,0.0,0.0,0,0.8932861102556207,1.0266399753618725,False,False,False,False,-0.21484716830629777,-0.2148687313735168,False,False,False,False,1582378.0,1554008.066585959,False,False,False,False,25841.86317081413,False,False,False,False
2025-08-18 14:00:00+00:00,74.045,74.075,73.835,73.84,16116.0,,,,,,,,,,,,74.47802824949787,75.12295428621754,74.98332463645325,76.47370623288008,76.74847305060928,77.09162687418039,77.15301408010674,77.50134944570951,78.11478181841812,78.27196115693006,78.01125941883217,77.04609641759144,76.96512600314514,76.90248329545882,,,,,,,,,,,73.95839960817129,74.61243421265053,74.89319277813257,75.59591044722704,76.58247858083483,76.88057591015686,77.11673243881863,77.28759768599033,77.7122981091777,77.96110503244664,78.15339775909668,78.22122662855442,77.49979264581545,76.94373553432256,,76.58247858083483,76.53946603388076,,76.47370623288008,76.69886870017997,"rgba(255, 26, 202, 1.0)",0.9526586411132096,76.01740502189082,-2.2856088507699446,41.466084196738386,-12.526541350926877,False,True,False,True,False,0.0,0.0,0.0,0.0,0.0,0,0.8921727083814361,1.0227045332101903,False,False,False,False,-0.23607431315307767,-0.22547152226329725,False,False,False,False,1566262.0,1554198.0500497425,False,False,False,False,25691.074594522437,False,False,False,False
2025-08-18 15:00:00+00:00,73.84,73.865,73.55,73.59,12874.0,,,,,,,,,,,,74.44076583162344,75.10358285353323,74.97695245239704,76.4657753285588,76.74028584933508,77.08392232706915,77.14530330288677,77.49358997435746,78.1072285440069,78.26448327502897,78.0057594547939,77.042616953006,76.96180329104975,76.89928201789763,,,,,,,,,,,73.93571805726802,74.58990031783345,74.88463173591471,75.58940217269199,76.57443650932306,76.87265517666715,77.10903266562765,77.27987481817594,77.70449833388464,77.95342740515251,78.14586875251712,78.21508721530886,77.49545156545116,76.94045387826499,,76.57443650932306,76.53681797380995,,76.4657753285588,76.68881003489652,"rgba(255, 26, 202, 1.0)",0.9486604258662721,76.0062530771029,-2.54701578269852,37.62082495080596,-12.526541350926877,False,True,False,True,False,0.0,0.0,0.0,0.0,0.0,0,0.8907323095917895,1.0248475962651442,False,False,False,False,-0.2372336639167468,-0.23135259309002204,False,False,False,False,1553388.0,1554185.4911342426,False,False,False,False,25492.36025972364,False,False,False,False
2025-08-18 16:00:00+00:00,73.59,73.61,73.45,73.52,6586.0,,,,,,,,,,,,74.41974038877945,75.09291246963964,74.9733661082158,76.46153081097304,76.73592192177333,77.0798313548208,77.14121166663921,77.48948600617985,78.10325139624418,78.26054954884535,78.00285947869199,77.04076510482157,76.96003306205354,76.89757507752192,,,,,,,,,,,73.91998448453417,74.57707453014558,74.87979349921777,75.58584539789152,76.57013981525266,76.86843974315394,77.104945306608,77.27578225541637,77.7003801514574,77.94938084194519,78.14190532084332,78.2118551904887,77.49315251903765,76.9387050363518,,76.57013981525266,76.53539837295742,,76.46153081097304,76.68320421246466,"rgba(255, 26, 202, 1.0)",0.9494071312677546,75.99997626213604,-2.612131487599537,34.64471939260841,-8.34860334724506,False,True,False,True,False,0.0,0.0,0.0,0.0,0.0,0,0.9104263132684017,1.02786204694236,False,False,False,False,-0.25551139875982753,-0.2434319959249248,False,False,False,False,1546802.0,1554071.0184034791,False,False,False,False,25199.238395231798,False,False,False,False
2025-08-18 17:00:00+00:00,73.525,73.56,73.35,73.425,11869.0,,,,,,,,,,,,74.38094375941058,75.07305911019037,74.96658521260863,76.45370040925133,76.72788792631204,77.0723135861084,77.13369513986967,77.48195943852934,78.09597377806098,78.2533548140305,77.99754756200511,77.03735526218381,76.95677166173827,76.89442884270542,,,,,,,,,,,73.88919412949126,74.55298753576318,74.87063971436024,75.57921341993375,76.56222005326491,76.86068463305321,77.09743517147119,77.2682691415284,77.69283418964211,77.94197263803855,78.13465365828615,78.20594048285253,77.48893082943049,76.93548254337284,,76.56222005326491,76.53277405868133,,76.45370040925133,76.67277406382706,"rgba(255, 26, 202, 1.0)",0.9584239220801923,75.98825866442219,-2.6744518843590828,32.0926169668014,-10.94602931517585,False,True,False,True,False,0.0,0.0,0.0,0.0,0.0,0,0.9180288267976486,1.0115146147032772,False,False,False,False,-0.2652957786460376,-0.2543638872854812,False,False,False,False,1534933.0,1553774.3049398593,False,False,False,False,24992.568032515024,False,False,False,False
2025-08-18 18:00:00+00:00,73.425,73.475,73.215,73.3,18327.0,,,,,,,,,,,,74.32009402011826,75.04122561046096,74.95544969412964,76.44122985874218,76.71512746778916,77.0604001411274,77.12178870464639,77.4700629763064,78.08450416343528,78.24202281416555,77.98916309448691,77.03193464146834,76.95158305931031,76.8894203789641,,,,,,,,,,73.33,73.83831438481867,74.5140858836822,74.85561063909745,75.56850579276347,76.54962138238028,76.84837783692782,77.0855358467,77.25637859194529,77.68092081856409,77.93029001706705,78.12322669058258,78.19661640932647,77.48224447185525,76.93035477627008,,76.54962138238028,76.52857998706426,,76.44122985874218,76.50803189244475,"rgba(255, 26, 202, 1.0)",0.9651076026463824,75.77821871261469,-2.567815967690305,29.664230261714213,-13.439038565434444,False,True,False,True,False,0.0,0.0,0.0,0.0,0.0,0,0.9217081850533809,1.0033160789388547,False,False,False,False,-0.27973709505375444,-0.2670504911696178,False,False,False,False,1516606.0,1553198.052150094,False,False,False,False,24889.22589247603,False,False,False,False
2025-08-18 19:00:00+00:00,73.305,73.665,73.255,73.555,48572.0,,,,,,,,,,,,74.20988209622934,74.96968593365246,74.9295209605478,76.41034841470888,76.68336069567306,77.03054238921582,77.09192086412342,77.44007950649926,78.0553962092196,78.21322065858209,77.9678527986695,77.01826881537056,76.93851392485186,76.87681410387006,,,,,,,,,,73.44737803753918,73.77096354593759,74.43459466547147,74.82123610652782,75.54262874002758,76.51835439537945,76.81765218971026,77.05570173542107,77.22649302101868,77.65082088121555,77.90069009431284,78.0942157408162,78.17289167180209,77.46531311625527,76.91744203694633,,76.51835439537945,76.51807653902374,,76.41034841470888,76.47682977874224,"rgba(255, 26, 202, 1.0)",0.9704490091088972,75.7454260939476,-2.257126416110131,31.966500768660588,-13.439038565434444,False,True,False,True,False,0.0,0.0,0.0,0.0,0.0,0,0.9210483740495066,0.9996764277624978,False,False,False,False,-0.26464195955907177,-0.26584622536434477,False,False,False,False,1565178.0,1553383.787775674,False,False,False,False,25256.400684840744,False,False,False,False
2025-08-19 14:00:00+00:00,74.675,75.4,74.445,75.115,28825.0,,,,,,,,,,,,74.26672239639525,74.97013876849037,74.93011543066609,76.40155725676303,76.67349551499618,77.02044451785997,77.08169134845782,77.42915530434975,78.04389768272756,78.20165258013854,77.95949346639367,77.01362550181516,76.93414838516335,76.87266151709379,,,,,,,,,,73.91089810287912,73.8966455000837,74.45894357824834,74.82367387246826,75.53854798078183,76.50911632526609,76.80775976974611,77.04555870461135,77.21599067482852,77.63950929007032,77.88920318199874,78.08270708501122,78.163385437233,77.459087795626,76.91314890796536,,76.50911632526609,76.5149397609625,,76.40155725676303,76.49677566264363,"rgba(239, 83, 80, 0.5)",0.9656090828601742,75.77366893489575,-0.6821279403718459,44.46337092261562,-13.267977018510585,False,False,False,True,True,0.0,0.0,0.0,0.0,0.0,0,0.9257738471257109,0.9834175615919137,False,False,False,False,-0.08038527187215994,-0.17311574861825235,False,False,False,False,1594003.0,1554013.5430039582,False,False,False,False,25311.727806006005,False,False,False,False
2025-08-19 15:00:00+00:00,75.12,75.54,74.78,74.855,35268.0,,,,,,,,,,,75.05833333333334,74.33177130102308,74.97292548440247,74.93172686948321,76.39148505861989,76.6620864372869,77.00865507918319,77.06973329519349,77.41630924351708,78.03027272884509,78.18792413473626,77.94957422885768,77.00817295058481,76.92902912974715,76.8677976178894,,,,,,,,,,74.21983105838525,74.02708794456755,74.4896323392777,74.82782977557743,75.53427373105372,76.49848880562658,76.7962712674969,77.03371025883038,77.20368284306886,77.62616967810649,77.87561528967139,78.06906470539907,78.15209189917505,77.45173294473375,76.90811651520406,,76.49848880562658,76.51129843925625,,76.39148505861989,76.41458187162873,"rgba(239, 83, 80, 0.5)",0.956448597113347,75.69403271257224,-0.8772376425711893,50.74331351692699,-7.896609897763852,True,False,True,False,True,0.0,0.0,0.0,0.0,0.0,0,0.9296585442788426,0.9880924217333014,False,False,False,False,-0.05128336335783889,-0.11219955598804562,False,False,False,False,1558735.0,1554086.7438876177,False,False,False,False,25466.088615215216,False,False,False,False
2025-08-19 16:00:00+00:00,74.855,75.125,74.81,75.055,29887.0,,,,,,,,,,,75.03004645332925,74.37505728122913,74.97354461009469,74.93241121686785,76.38267773342925,76.65217657369635,76.99846234371977,77.0594025212498,77.4052497774828,78.01858600011496,78.17615642922601,77.94104319965275,77.0034306847996,76.92457047714697,76.86355641662573,,,,,,,,,,74.36414626313359,74.11133185551276,74.51071682331195,74.8303262471734,75.53024908683928,76.4892234559061,76.78631179942649,77.02346961454307,77.19306559924037,77.61470391674601,77.86395244033464,78.05736495271158,78.14239609169132,77.44537576027116,76.90373180581997,,76.4892234559061,76.50809654987377,,76.38267773342925,76.41848289146652,"rgba(239, 83, 80, 0.5)",0.9476430553544599,75.70249872198772,-0.6832727980531906,55.80103950200052,-3.5805478776914086,True,False,True,False,True,0.0,0.0,0.0,0.0,0.0,0,0.9262340543538551,0.9972268441486409,False,False,False,False,-0.0748622793339156,-0.09353091766098061,False,False,False,False,1588622.0,1554622.1742149414,False,False,False,False,25534.629876994823,False,False,False,False
2025-08-19 17:00:00+00:00,75.055,75.23,74.87,74.905,67055.0,,,,,,,,,,,75.01565263595795,74.45491756868485,74.97509906348225,74.93401084739891,76.36338636961932,76.63043197908695,76.97602149249096,77.03665001195768,77.38085145545948,77.99273313458654,78.15010842494746,77.92211324011647,76.99289809721542,76.9146671990031,76.85413568793297,,,,,,,,,,74.55169586371494,74.2565801360809,74.55261285108871,74.83582791230651,75.52151756055936,76.4689141292595,76.76442408353823,77.00091976856241,77.16966568854032,77.58938788935882,77.83817124302931,78.03147902237943,78.12089197151964,77.43126065440701,76.89399261903867,,76.4689141292595,76.50098536349624,,76.36338636961932,76.42136257374908,"rgba(239, 83, 80, 0.5)",0.9149955693297509,75.71407081311989,-0.8842346785488213,57.9274668902096,-1.7661646707162504,True,False,True,False,True,0.0,0.0,0.0,0.0,0.0,0,0.921380404601349,0.9984926616422053,False,False,False,False,-0.06474837676164298,-0.0791396472113118,False,False,False,False,1521567.0,1554109.6908937795,False,False,False,False,26178.356545568546,False,False,False,False
2025-08-19 18:00:00+00:00,74.905,74.94,74.69,74.865,82932.0,,,,,,,,,,,74.94473052681485,74.50621661492086,74.96592102268214,74.93116843237425,76.3373729758573,76.60159303522984,76.94662480158179,77.00690342242655,77.34924507290064,77.95958256243334,78.11677034555925,77.8976923648258,76.97892484690796,76.90148328810801,76.84155819369002,,,,,,,,,,74.62638572568245,74.35313225173867,74.57925316161351,74.83566897148235,75.50770607369512,76.44172750843484,76.73554530605917,76.97140385958954,77.13919164129064,77.55673524454883,77.80504808883445,77.99830162749997,78.09327261111984,77.41282155636978,76.88101473147724,,76.44172750843484,76.4912960007845,,76.3373729758573,76.40828772996784,"rgba(239, 83, 80, 0.5)",0.9050556202117434,75.7076270287437,-0.9310223702567236,58.99853763990594,-0.6141640095422218,True,False,True,False,True,0.0,0.0,0.0,0.0,0.0,0,0.9175593112750936,1.0011901928112352,False,False,False,False,-0.09359955988683885,-0.08636960354907533,False,False,False,False,1438635.0,1552319.3856086046,False,False,False,False,27058.25799447446,False,False,False,False
2025-08-19 19:00:00+00:00,74.865,74.935,74.49,74.85,141489.0,,,,,,,,,,,74.87077971348536,74.55374370466694,74.94548921693571,74.92334943276042,76.29290917233735,76.55251669037992,76.8966136367393,76.95631439257576,77.29557455684693,77.90331271454352,78.0601772494151,77.85593186826249,76.95469776519012,76.87858813919425,76.81968735825401,,,,,,,,,,74.66765670767428,74.44335399320063,74.60433542270718,74.83093772538203,75.48295483391286,76.39535133646751,76.686395365555,76.92119558079683,77.08739899726032,77.50132462953752,77.74883792783844,77.94198408082707,78.04617152001288,77.38108268523511,76.85846744579472,,76.39535133646751,76.47430315407888,,76.29290917233735,76.37858441880486,"rgba(239, 83, 80, 0.5)",0.8831875215374094,75.6871744939523,-0.947901180142346,59.56983640565473,0.3363080889553345,True,False,True,False,True,0.0,0.0,0.0,0.0,0.0,0,0.9158028012977765,1.0003165308221886,False,False,False,False,-0.10622959223566517,-0.09629959789237025,False,False,False,False,1297146.0,1548363.209087541,False,False,False,False,28832.37802556788,False,False,False,False
2025-08-20 14:00:00+00:00,75.225,75.305,74.75,74.925,22802.0,,,,,,,,,,,74.87814456482874,74.56670474303837,74.9462362662697,74.92385597169326,76.28703834777286,76.5458551653919,76.88962941186473,76.94922278833371,77.28791441476541,77.89509278818709,78.05187127892142,77.84980828887447,76.9512552326297,76.87534799617649,76.81660253501865,,,,,,,,,,74.6832853912847,74.46240537452925,74.6129220543282,74.83252320089585,75.48036242067408,76.38915422886056,76.67963988022588,76.91417260181049,77.0800833086152,77.4933469695321,77.7406693757791,77.93374722059353,78.03923870347263,77.37649056095707,76.85528011615216,,76.38915422886056,76.47196653643898,,76.28703834777286,76.37651699042173,"rgba(239, 83, 80, 0.5)",0.857230918042535,75.68716469023366,-0.8891007944207663,60.44710749880142,1.7378641384145368,True,False,True,False,True,0.0,0.0,0.0,0.0,0.0,0,0.9203435234793574,0.994484714780964,False,False,False,False,-0.06750531562207622,-0.08190245675722324,False,False,False,False,1319948.0,1544821.8880164165,False,False,False,False,28738.88379261334,False,False,False,False
2025-08-20 15:00:00+00:00,74.93,75.015,74.69,74.835,41513.0,,,,,,,,,,,74.87504026644747,74.5809671960347,74.94348403332698,74.92285205528606,76.27528866918203,76.53274028955514,76.87607142175817,76.9354842643018,77.2732154683322,77.87949592887512,78.03614487133312,77.83815780918003,76.94455156311672,76.86902005623044,76.81056339440129,,,,,,,,,,74.69641262314437,74.48520133635148,74.62195266010612,74.83277020304538,75.47431222545228,76.37684056160879,76.66642060844521,76.90055086446954,77.06596793566115,77.47810804298273,77.72513418991115,77.9181267392203,78.0260935415124,77.36766365697414,76.8490502978388,,76.37684056160879,76.46731131419041,,76.27528866918203,76.36947335222095,"rgba(239, 83, 80, 1.0)",0.8323814635743084,75.68310030616709,-1.018884181448841,60.02260221551893,1.954820433259286,True,False,True,False,True,0.0,0.0,0.0,0.0,0.0,0,0.9247651377595328,0.9962106260361568,False,False,False,False,-0.08898645579671102,-0.08544445627696713,False,False,False,False,1278435.0,1540691.858744844,False,False,False,False,28936.932105906155,False,False,False,False
2025-08-20 16:00:00+00:00,74.835,75.025,74.64,74.775,16969.0,,,,,,,,,,,74.87264915185214,74.5857073155094,74.94202992221135,74.92227289579455,76.27043006045993,76.52733267901938,76.87049090323542,76.92983121920406,77.2671760764784,77.87309679104979,78.02969411471848,77.83336872845831,76.94178028348696,76.86640233019969,76.8080637433091,,,,,,,,,,74.700130543932,74.49296999820947,74.62492802705816,74.832632433231,75.47174267761643,76.37175518755552,76.66097381367152,76.89494480707022,77.06016343355408,77.47185106564334,77.71875890782721,77.91171827513497,78.02069538648344,77.36402577723483,76.84647268141426,,76.37175518755552,76.46537711764739,,76.27043006045993,76.36629377659914,"rgba(239, 83, 80, 1.0)",0.8007303816799747,75.68106042596466,-1.1315424601021022,59.04480427420285,1.954820433259286,True,False,True,False,True,0.0,0.0,0.0,0.0,0.0,0,0.9221389862926367,1.0062161300605672,False,False,False,False,-0.0914462955036438,-0.08844537589030546,False,False,False,False,1261466.0,1536362.7756635286,False,False,False,False,28751.382770930864,False,False,False,False
2025-08-20 17:00:00+00:00,74.76,74.965,74.605,74.71,21304.0,,,,,,,,,,,74.86742315394906,74.5900596069753,74.93951195902486,74.92120264177025,76.26415417400327,76.52038181960727,76.86334682404586,76.9225987426973,77.25947179653758,77.86496123261712,78.02149819317098,77.8272718273867,76.93822429841367,76.86304015972068,76.80485069093254,,,,,,,,,,74.70242890410967,74.50067800165935,74.62751396129269,74.83199179090103,75.46828581148156,76.36520042176576,76.6539846293795,76.8877698487843,77.05274631654343,77.46388036570704,77.71064817550317,77.90357217793952,78.01383154871468,77.35937799661065,76.84316115162412,,76.36520042176576,76.46287700794984,,76.26415417400327,76.3617765570227,"rgba(239, 83, 80, 1.0)",0.8000261820047556,75.67784954569314,-1.2097723392850015,57.609614424008946,1.954820433259286,True,False,True,False,True,0.0,0.0,0.0,0.0,0.0,0,0.911678193815089,1.0055648302726765,False,False,False,False,-0.09729289589237132,-0.09286913589133838,False,False,False,False,1240162.0,1531770.5155757219,False,False,False,False,28635.919472156744,False,False,False,False
2025-08-20 18:00:00+00:00,74.71,74.76,74.495,74.575,10859.0,,,,,,,,,,,74.86147657055497,74.59031022268827,74.93720491917257,74.92015995159093,76.26065826348797,76.51655974381237,76.85946558128484,76.91867633430951,77.255328409572,77.86063120043555,78.01714497973789,77.82402191245482,76.93629169933897,76.86120859267253,76.80309696852909,,,,,,,,,,74.70065498766942,74.50226316756978,74.62734470383995,74.83099821173447,75.46616624844523,76.3615695228251,76.65016128393242,76.88387466520189,77.04873792398743,77.45961118132982,77.70632178955854,77.89923880285184,78.01018327186614,77.3568789834207,76.84135600074038,,76.3615695228251,76.46149347502495,,76.26065826348797,76.35875055399656,"rgba(239, 83, 80, 1.0)",0.8003763360323025,75.67532717976546,-1.374762258989438,55.0518712469552,1.954820433259286,True,False,True,False,False,0.0,0.0,0.0,0.0,0.0,0,0.9125417794047433,1.0081171414929173,False,False,False,False,-0.1167287758181101,-0.10479895585472424,False,False,False,False,1229303.0,1527081.0967295866,False,False,False,False,28360.30831754966,False,False,False,False
2025-08-20 19:00:00+00:00,74.585,74.625,74.285,74.31,16602.0,,,,,,,,,,,74.84596174762335,74.5868480003331,74.93158607327683,74.91754298393526,76.25468706292227,76.51012570384815,76.8530233972204,76.91217923230401,77.24853370582446,77.85362066211927,78.01011500617736,77.81875234774633,76.93308548262755,76.8581617117277,76.80017307846269,,,,,,,,,,74.69227456084322,74.50018989113869,74.62413161118126,74.82811431455332,75.46218105746064,76.35540624381639,76.6437636218604,76.87741489364322,77.04212613784138,77.452644811809,77.69929775855609,77.89222744178196,78.00428797402819,77.35278491735494,76.83835081593449,,76.35540624381639,76.45915036221253,,76.25468706292227,76.35268144967378,"rgba(255, 0, 0, 1.0)",0.8023941259347217,75.66970911424217,-1.6945651398659205,50.64496878684547,7.078145043545263,True,False,False,False,False,0.0,0.0,0.0,0.0,0.0,0,0.9071394498330423,1.0116075687708697,False,False,False,False,-0.1363777130231142,-0.12058833443891921,False,False,False,False,1212701.0,1522206.9867027712,False,False,False,False,28178.0089637892,False,False,False,False
2025-08-21 14:00:00+00:00,73.615,73.88,73.545,73.775,14126.0,,,,,,,,,,,74.81457835968419,74.57337272319837,74.92088464867389,74.91243003092053,76.24779644833562,76.50293949035525,76.84606719871186,76.9051989666276,77.24141406614687,77.84651719443646,78.0030413179076,77.81339918337078,76.92963846307161,76.85486476799588,76.79699257781013,,,,,,,,,,74.6695665599383,74.48629525994943,74.61323089470756,74.82181988591385,75.45666566807894,76.34839125871524,76.6367189660256,76.87045432457062,77.0350957564671,77.44543761210595,77.69212742143381,77.8851357081756,77.99835108598653,77.34851626639043,76.83509323959817,,76.34839125871524,76.45650824363229,,76.24779644833562,76.34347720121751,"rgba(255, 26, 202, 1.0)",0.8092440305013757,75.66000528406215,-2.3293409812294454,43.951288674575906,0.757552618254735,False,False,False,True,False,0.0,0.0,0.0,0.0,0.0,0,0.903210538771003,1.0153033051983906,False,False,False,False,-0.23094309938941857,-0.1757657169141689,False,False,False,False,1198575.0,1517189.4365213327,False,False,False,False,27960.148359699448,False,False,False,False
2025-08-21 15:00:00+00:00,73.77,73.81,73.51,73.52,16025.0,,,,,,,,,,,74.77733223561796,74.55648056852402,74.90777011517996,74.90609802192627,76.23965407931668,76.49448084069293,76.83791054295611,76.89701916234358,77.23309706063776,77.838254145668,77.9948202319268,77.80716522600805,76.92559055817733,76.8509895607354,76.79325147896247,,,,,,,,,,74.6419345310489,74.4687131606697,74.59954029180561,74.8139887226001,75.45001855596024,76.3401154344468,76.62843984798701,76.86229462221601,77.02686779139361,77.4370320549093,77.68377886197884,77.87688815283455,77.99144710194084,77.3435256070281,76.831263352397,,76.3401154344468,76.45338532454865,,76.23965407931668,76.33244565442358,"rgba(255, 26, 202, 1.0)",0.8205182497662109,75.648281868216,-2.5938263637919268,38.20308932505415,-4.449301234395421,False,True,False,True,False,0.0,0.0,0.0,0.0,0.0,0,0.9024447949526818,1.0168769716088324,False,False,False,False,-0.22260380451468129,-0.1991847607144251,False,False,False,False,1182550.0,1512001.2282031726,False,False,False,False,27775.107299859144,False,False,False,False
2025-08-21 16:00:00+00:00,73.52,73.815,73.465,73.59,27670.0,,,,,,,,,,,74.71868927697103,74.52896621576981,74.88590453007934,74.89539224010433,76.22576577437286,76.48004176406205,76.82396648429898,76.88303328998852,77.2188651142383,77.82409580263362,77.9807295590238,77.79647020902502,76.91864537852415,76.84434069541375,76.78683271389862,,,,,,,,,,74.59791142176577,74.44030181221338,74.57699415555635,74.80081376344174,75.43871517225881,76.32599501696963,76.61429778063432,76.8483443478612,77.01279486497081,77.42264257972013,77.66947898187651,77.86275523462709,77.97960430098932,77.33496268925838,76.8246922490326,,76.32599501696963,76.44802810062082,,76.22576577437286,76.31410278773811,"rgba(255, 26, 202, 1.0)",0.8315866306798879,75.62890656056096,-2.451827007961868,35.287421507219,-7.020845530071242,False,True,False,True,False,0.0,0.0,0.0,0.0,0.0,0,0.9148697394789583,1.0153907815631262,False,False,False,False,-0.2255762810371307,-0.2123805208757779,False,False,False,False,1210220.0,1507322.4494713405,False,False,False,False,27773.477729318693,False,False,False,False
2025-08-21 17:00:00+00:00,73.59,73.645,73.21,73.57,16611.0,,,,,,,,,,,74.68187145347098,74.51063453562531,74.87163147916614,74.8883112201539,76.21702768037015,76.47099669545986,76.81526820600335,76.874315014395,77.21002484205731,77.81534327061374,77.9720276461869,77.78984866242975,76.91430298038006,76.84017914584868,76.78281174386886,,,,,,,,,,74.56951364571978,74.42121142346444,74.56192405851125,74.79206479288074,75.43144742934071,76.31712707503725,76.60545381693184,76.83964467708587,77.00403501130518,77.41372102765781,77.6606297386028,77.85402062658521,77.97228453035083,77.32963637947275,76.82057818340105,,76.31712707503725,76.44465338045902,,76.21702768037015,76.30241514237623,"rgba(255, 26, 202, 1.0)",0.8441779838811642,75.61645806087459,-2.4242021231895583,33.226664497037326,-8.962957103561173,False,True,False,True,False,0.0,0.0,0.0,0.0,0.0,0,0.9078514716496916,1.0166011709038414,False,False,False,False,-0.25741345940328075,-0.23489699013952933,False,False,False,False,1193609.0,1502458.675060932,False,False,False,False,27600.416059096697,False,False,False,False
2025-08-21 18:00:00+00:00,73.53,73.7,73.41,73.53,22164.0,,,,,,,,,,,74.63873462134565,74.48877067768044,74.85398520710238,74.8794458253048,76.20575704079964,76.45929902490013,76.80397975467433,76.86299526832127,77.19851919526229,77.80391144165063,77.96065312908988,77.78119131305382,76.90864633875864,76.83476030140936,76.77757767053636,,,,,,,,,,74.53612575110456,74.39872737297625,74.54373072905379,74.78119483654507,75.42218564026616,76.3056763766719,76.59399904023913,76.82835214170223,76.99265009736152,77.4020951004687,77.64908138596628,77.84260993600275,77.96270980123899,77.3226840608944,76.81522176515244,,76.3056763766719,76.44027079664042,,76.20575704079964,76.2878552283513,"rgba(255, 26, 202, 1.0)",0.857096108228203,75.60111242906841,-2.4164296269526058,31.59955005723101,-10.663842155880204,False,True,False,True,False,0.0,0.0,0.0,0.0,0.0,0,0.9077318759041958,1.0182446552001285,False,False,False,False,-0.23825383175194867,-0.236575410945739,False,False,False,False,1171445.0,1497326.6800987471,False,False,False,False,27516.130538800622,False,False,False,False
2025-08-21 19:00:00+00:00,73.53,73.545,73.005,73.23,60505.0,,,,,,,,,,,74.5091558697756,74.41712536595142,74.79806528971719,74.85075084717204,76.1722031128083,76.42474057601825,76.77087949272358,76.8298446449338,77.16503806960156,77.77093286167045,77.9279002893649,77.75614884728819,76.89199222546243,76.81877609207753,76.76211497006325,,,,,,,,,73.26000000000002,74.43171538393926,74.32404861184123,74.48386048078336,74.74579337971993,75.39356475919926,76.2716955285329,76.56026031334487,76.79525681132034,76.95939502229142,77.3683771821839,77.6157033280854,77.80970750640415,77.93509852531531,77.3024035174943,76.79941358123136,,76.2716955285329,76.42719549143122,,76.1722031128083,76.06364453010794,"rgba(255, 26, 202, 1.0)",0.8756275741717099,75.37688618526465,-2.451825694611629,28.809261510975,-13.531779350994299,False,True,False,True,False,0.0,0.0,0.0,0.0,0.0,0,0.9009059568668327,1.0206045057323816,True,False,False,False,-0.28057662148510887,-0.2585760162154239,False,False,False,False,1110940.0,1491336.1889344254,False,False,False,False,28027.585879284336,False,False,False,False
2025-08-22 14:00:00+00:00,74.09,75.34,74.08,75.16,16045.0,,,,,,,,,,,74.51768735242322,74.42386882195129,74.79863616753231,74.85079410393308,76.16825139334581,76.42027118910394,76.766158344569,76.825050070284,77.15985346422018,77.76534111254206,77.92224208366478,77.75190112514295,76.88953562301576,76.81645622648402,76.75990023948857,,,,,,,,,73.59536250816461,74.4408105155185,74.33321004226656,74.4884555949279,74.74649387312759,75.39169836317896,76.26753108564105,76.5557097705914,76.79050871808612,76.95444669496668,77.36297405125713,77.61015715527347,77.8041019802702,77.93031806057131,77.29917459306367,76.79712944300324,,76.26753108564105,76.42548867772784,,76.16825139334581,76.07559730069646,#000000,0.8763777467257714,75.39360140432909,-0.2665533272631004,41.444330102101254,-17.12208239425167,False,True,False,True,True,0.9153198363227055,0.0,0.0,0.0,0.0,0,0.9059336551938957,0.9949384831023202,False,False,False,False,-0.07064218674072247,-0.1646091014780732,False,False,False,False,1126985.0,1485687.3332920312,False,False,False,False,27841.809354024113,False,False,False,False
2025-08-22 15:00:00+00:00,75.16,75.695,73.245,75.045,89071.0,,,,,,,,,,,74.53481171197998,74.4424026722155,74.79196875921096,74.84600811549485,76.1434786136268,76.39282145657859,76.73768476477308,76.79620846827792,77.12904500646727,77.73259335656715,77.88919718264182,77.72694359837283,76.8746833089324,76.80238170958417,76.74642500091156,,,,,,,,,74.16882105328834,74.46410129119057,74.36167698403355,74.49945634815658,74.74370066523575,75.37779235371063,76.24165688879904,76.52798109030155,76.76190348389376,76.92483402717565,77.33105419814545,77.57757859068403,77.7712967743992,77.90235115336188,77.2799589379768,76.78325836024185,,76.24165688879904,76.41488890569627,,76.1434786136268,76.08361700040841,#000000,0.8759147239342358,75.30987037966206,-0.30239288417526733,49.05421338696741,-10.511301087344236,True,False,False,False,True,0.25178960795616945,0.0,0.0,0.0,0.0,0,0.8970044518222295,0.990945446314042,False,False,False,False,-0.07663977247913271,-0.12062443697860295,False,False,False,False,1037914.0,1478745.1110704492,False,False,False,False,28791.0991314811,False,False,False,False
2025-08-22 16:00:00+00:00,75.045,75.62,74.915,75.39,31124.0,,,,,,,,,,,74.565676377089,74.46536047938604,74.80060497878651,74.85006040429549,76.13870756194511,76.3869385557335,76.73095895525378,76.78930935949761,77.12123272590885,77.72368812132818,77.88008968421319,77.72013729664627,76.87104296973939,76.7989794904911,76.74320500906084,,,,,,,,,74.34908576245056,74.49410531985149,74.38950338310158,74.51701760719018,74.75012346940143,75.37733308442044,76.23643159110351,76.52177358900309,76.75511046564067,76.91757138718364,77.32273670605186,77.56885090334485,77.76234493851398,77.89461880565092,77.27495236285571,76.77991823494067,,76.23643159110351,76.4125701069781,,76.13870756194511,76.09236936865382,#000000,0.8779776875416629,75.33264172523666,0.06532999138502978,55.43615545192977,-5.024357915799229,True,False,True,False,True,2.1996592006636675,0.0,0.0,0.0,0.0,0,0.932774378729512,0.9871591509932773,False,False,False,False,0.08301368439658725,-0.01880537629100785,False,False,False,False,1069038.0,1472393.0628367988,False,False,False,False,28827.268137194573,False,False,False,False
2025-08-22 17:00:00+00:00,75.39,75.575,74.965,75.07,13511.0,,,,,,,,,,,74.57653338491706,74.47375720552407,74.8035078634446,74.85139948248136,76.13639361243284,76.38415791933937,76.72784488540518,76.78612338784951,77.11766701292584,77.71967550183011,77.87599547378979,77.71706646108065,76.8693621248557,76.79740370464721,76.74170972777749,,,,,,,,,74.40397950593562,74.50488104662774,74.39975715840819,74.52342550093566,74.75235042138229,75.37683507829227,76.23392687610907,76.51886704790847,76.75196874143839,76.91423454518782,77.31896022240984,77.5649080418662,77.75831374350045,77.89114081295523,77.27267128663144,76.77836986214547,,76.23392687610907,76.41147110525839,,76.13639361243284,76.09466417891588,#000000,0.8671042727498242,75.33892940459059,-0.31014655681230285,57.35209641282795,-3.454389808068818,True,False,True,False,True,0.3414364102835492,0.0,0.0,0.0,0.0,0,0.9422713172429452,0.9781342210789135,False,False,False,False,0.0834480521280917,0.03232133791854193,False,False,False,False,1055527.0,1465930.023102895,False,False,False,False,28589.806615687678,False,False,False,False
2025-08-22 18:00:00+00:00,75.065,75.35,74.96,75.325,24352.0,,,,,,,,,,,74.59544409313139,74.48858592126865,74.80874251780307,74.85384409733956,76.13228876504508,76.37921414066666,76.72229459042505,76.78044331969163,77.11130143540149,77.71249924359986,77.8686705914176,77.71156880810969,76.86635625016018,76.79458618742062,76.7390365383963,,,,,,,,,74.48781636460251,74.52372024617415,74.417785377823,74.53481570597769,74.75638261223683,75.37598741067262,76.22947921561303,76.51369356391213,76.74636846001295,76.90828210463764,77.31221410923538,77.55785955011656,77.75110356329637,77.88491415217477,77.26858908024485,76.77560149324995,,76.22947921561303,76.40950894802393,,76.13228876504508,76.09815004609104,#000000,0.8545777209138201,75.34868015391903,-0.027709772136008008,59.72190910495786,-1.1107215623434001,True,False,True,False,True,1.7746404976082033,0.0,0.0,0.0,0.0,0,0.9442553513349977,0.9742076998714168,False,False,False,False,0.0634969540281186,0.047909145973330264,False,False,False,False,1079879.0,1459944.735923005,False,False,False,False,28524.104187537483,False,False,False,False
2025-08-22 19:00:00+00:00,75.33,75.39,74.81,74.825,30236.0,,,,,,,,,,,74.61016384866922,74.50123850853497,74.81187095855014,74.85513481133401,76.12612799166284,76.37207458658003,76.71453949725327,76.7725408617624,77.10261703077418,77.70292616010512,77.85893998670633,77.70422380084689,76.86218246381412,76.7906542100868,76.73529028381684,,,,,,,,,74.54724135088328,74.5392448045793,74.43362988417012,74.54434988035621,74.75909921705158,75.3736594852385,76.22291794953723,76.50633247252453,76.73855765018094,76.90007025341492,77.30309283607002,77.54841314028155,77.7414955748976,77.87663814917686,77.26304414420098,76.77173268140126,,76.22291794953723,76.40666956061247,,76.12612799166284,76.0985166756118,"rgba(239, 83, 80, 0.5)",0.8332516626653104,75.35337707811054,-0.6341146400121485,57.92797384476101,-1.1107215623434001,True,False,True,False,True,0.0,0.0,0.0,0.0,0.0,0,0.9403928652065935,0.9738089862271392,False,False,False,False,0.05397390954495532,0.05094152775914279,False,False,False,False,1049643.0,1453583.4686993926,False,False,False,False,28550.64520788574,False,False,False,False
2025-08-25 14:00:00+00:00,74.03,74.075,73.645,73.855,16176.0,,,,,,,,,,,74.59609273134822,74.49297316078282,74.80394146625424,74.8506992312317,76.11949720610141,76.36509016572157,76.70764230445286,76.76560494410612,77.09546524390998,77.69565851154655,77.8516721435265,77.69864139743794,76.85857682308101,76.78720503516732,76.73196252213383,,,,,,,,,74.50758660712167,74.52777168531213,74.4254889807042,74.53703890773124,74.75393301257563,75.36854368094849,76.21614036161766,76.49942320906757,76.73164940538688,76.89305304188854,77.29581198290984,77.54111302291642,77.73423180234957,77.87046273923228,77.25858145778966,76.76832457112263,,76.21614036161766,76.40390984050488,,76.11949720610141,76.08986342194977,"rgba(255, 0, 0, 1.0)",0.8167631401013312,75.34064294697842,-1.8189397562604266,52.10905319741243,-1.1107215623434001,True,False,False,False,False,0.0,0.0,0.0,0.0,0.0,0,0.9364170446939841,0.9825239830445451,False,False,False,False,-0.1614269469343755,-0.05524270958761636,False,False,False,False,1033467.0,1447070.0350761462,False,False,False,False,28358.790243422394,False,False,False,False
2025-08-25 15:00:00+00:00,73.835,74.225,73.72,73.925,26162.0,,,,,,,,,,,74.57730614657477,74.48204896566418,74.79269724168287,74.84431100126152,76.10931751376043,76.35431571237153,76.69694001963073,76.7548339217857,77.08431425575053,77.6842619949178,77.8402614142137,77.68987731195863,76.85295411159052,76.78183042268702,76.72678029742325,,,,,,,,,74.4606659949693,74.51262108481669,74.41499932009326,74.52720502071001,74.74660556089728,75.36087643146107,76.20571433656951,76.48873783758751,76.72092631312617,76.8821376704257,77.28443632753846,77.52968085414614,77.72283779348214,77.8607589179535,77.25159652682859,76.76301505421661,,76.20571433656951,76.39963100844975,,76.10931751376043,76.07755246605562,"rgba(255, 0, 0, 1.0)",0.7887364053460861,75.32389557800963,-1.7735907313620372,48.63258167548439,9.161909039605789,True,False,False,True,False,0.0,0.0,0.0,0.0,0.0,0,0.9352587422971272,0.9829237508352512,False,False,False,False,-0.14156563343695966,-0.098404171512288,False,False,False,False,1059629.0,1441063.1973230278,False,False,False,False,28324.73147995848,False,False,False,False
2025-08-25 16:00:00+00:00,73.92,74.275,73.75,73.81,35945.0,,,,,,,,,,,74.5527722834087,74.46742818577404,74.77751743964377,74.83556797417366,76.09541154374149,76.33959725089953,76.68230878086474,76.74010805464366,77.06906538899376,77.66866804571549,77.82464558929743,77.67786530375514,76.845233311275,76.77444887367719,76.71966186174551,,,,,,,,,74.40664630491527,74.49265963198965,74.40098189297748,74.51395954631003,74.73660951859583,75.35039049346416,76.19147203955201,76.47413542965087,76.70626625847598,76.86721300051111,77.26887832738637,77.51404125360024,77.70724659872849,77.84746505596729,77.24201389989082,76.75572252714083,,76.19147203955201,76.39374853668889,,76.09541154374149,76.06124223557124,"rgba(255, 0, 0, 1.0)",0.7641619386423306,75.30316289234231,-1.9539875212774676,45.81253074408032,6.156351973487617,False,False,False,True,False,0.0,0.0,0.0,0.0,0.0,0,0.9393939393939399,0.9807635175282232,False,False,False,False,-0.1345312745229053,-0.11646772301759666,False,False,False,False,1023684.0,1434592.202015694,False,False,False,False,28442.875177943617,False,False,False,False
2025-08-25 17:00:00+00:00,73.81,74.06,73.275,73.31,35405.0,,,,,,,,,,,74.51579800057114,74.44342600153077,74.75621275880872,74.82335850487259,76.07939352127747,76.32290210162148,76.66598219249113,76.72371641251753,77.05230095202646,77.65181227791997,77.8078261187784,77.66485956506365,76.83663382752961,76.76620163604231,76.71168860372327,,,,,,,,,74.32636624732739,74.46104463347997,74.37664903715431,74.49279533105354,74.72219138458475,75.33734020676407,76.17517180591958,76.45768510501793,76.68992432608013,76.8506846385948,77.25188318101566,77.49707211970198,77.69040899717163,77.83313683596842,77.23150031332472,76.74756784704483,,76.17517180591958,76.38704781686582,,76.07939352127747,76.04020330768999,"rgba(255, 26, 202, 1.0)",0.767737831801654,75.2757711187031,-2.560471865884241,41.91993262679889,2.1205368925410113,False,True,False,True,False,0.0,0.0,0.0,0.0,0.0,0,0.9304879846675518,0.9823824266548724,False,False,False,False,-0.19571615832492503,-0.15609194067126084,False,False,False,False,988279.0,1427672.6174883188,False,False,False,False,28550.81509766542,False,False,False,False
2025-08-25 18:00:00+00:00,73.315,73.67,73.315,73.5,25246.0,,,,,,,,,,,74.48968892617154,74.42608760403549,74.74081562622658,74.81443460032153,76.06785606448162,76.31089236634229,76.65424642933792,76.71193599636958,77.0402635572613,77.63972191272605,77.79576419663462,77.65551606970449,76.83043018959775,76.76024949872583,76.70593216754109,,,,,,,,,74.2743855245539,74.43852038306407,74.35906584041277,74.47744111554168,74.71166472544449,75.32787538568753,76.163437460113,76.44585454487363,76.67817834063183,76.83881034116162,77.23968593658395,77.48489824713855,77.67833222980269,77.82285165743198,77.2239319147822,76.74168181023289,,76.163437460113,76.38219961603149,,76.06785606448162,76.02530836049401,"rgba(255, 26, 202, 1.0)",0.7638452569583012,75.25702505598953,-2.3002369131493436,40.65033807318972,0.4782187669173723,False,True,False,True,False,0.0,0.0,0.0,0.0,0.0,0,0.9275415624540243,0.9908783286744152,False,False,False,False,-0.22728552668016597,-0.1916887336757134,False,False,False,False,1013525.0,1421251.7241939262,False,False,False,False,28499.577654290762,False,False,False,False
2025-08-25 19:00:00+00:00,73.515,73.58,73.32,73.415,30970.0,,,,,,,,,,,74.45770492313213,74.40442198455231,74.72159727558952,74.8031866285979,76.05353401754215,76.29600458582948,76.63971182601779,76.69734900228026,77.02537348653958,77.62478455883797,77.78086556952707,77.64395582945176,76.82272263649918,76.7528511531575,76.69877453047499,,,,,,,,,74.21482795013816,74.41070817336299,74.33707777882306,74.45818921553845,74.69840537449628,75.31604171848525,76.14887946134766,76.43119383780696,76.6636322102745,76.82411315742675,77.2246061717261,77.46985431407589,77.66341253711806,77.81013661460335,77.21454885742361,76.73436475085109,,76.14887946134766,76.37615804841693,,76.05353401754215,76.00702449494678,"rgba(255, 26, 202, 1.0)",0.7658006644413187,75.23454360150727,-2.376001596753237,39.42932744920975,-1.252349108502976,False,True,False,True,False,0.0,0.0,0.0,0.0,0.0,0,0.9244310230536943,0.9971274950283566,False,False,False,False,-0.23501774879379092,-0.21335324123475216,False,False,False,False,982555.0,1414450.2245940205,False,False,False,False,28537.878775929665,False,False,False,False
2025-08-26 14:00:00+00:00,75.05,76.04,74.995,76.035,62689.0,,,,,,,,,,,74.52918675602741,74.45907377042138,74.74968193750907,74.81762038811657,76.04956976361902,76.28971307929042,76.63110217018846,76.68834428021822,77.01429206746077,77.61096006330857,77.76649425100204,77.63317365904255,76.81753667730096,76.74808118944492,76.69432141659472,,,,,,,,,74.40073503110274,74.47887801613403,74.39946195127297,74.5027156460757,74.7188748242955,75.32072300454203,76.1439704247041,76.42395174870863,76.65486342927613,76.81427717349301,77.21238169985304,77.45656038052535,77.64945593261908,77.79776381385928,77.20693810127023,76.72970307946206,,76.1439704247041,76.3733194400799,,76.04956976361902,76.02322606414494,"rgba(38, 166, 154, 0.5)",0.771277973050456,75.27071209941202,0.9909370256811091,49.23457365864244,-10.36542482597477,True,False,False,False,True,5.4893625673822655,0.0,0.0,0.0,0.0,0,0.9273917995444199,0.979854783599089,False,False,False,False,0.12663335629120667,-0.043359942471772744,False,False,False,False,1045244.0,1408726.0970809348,False,False,False,False,29067.35352358967,False,False,False,False
2025-08-26 15:00:00+00:00,76.035,76.46,75.98,76.17,52986.0,,,,,,,,,,,74.60743180215088,74.51957382619457,74.78446165974295,74.83642466011985,76.05097404820197,76.28896168803912,76.62784936663705,76.68470728499442,77.00864366421801,77.60251001810227,77.75746548821105,77.62653580145242,76.8151690674016,76.74602262875493,76.69249628977451,,,,,,,,,74.57426061713747,74.55319905082847,74.46712824747844,74.55313303313434,74.74433126643038,75.32996381049185,76.14450237781038,76.42214469225708,76.65145222804522,76.80983126480474,77.20563330205609,77.4486983360178,77.64086286052003,77.78993776367832,77.20272123004044,76.72772467648285,,76.14450237781038,76.37272713070166,,76.05097404820197,76.0441632942921,"rgba(38, 166, 154, 1.0)",0.7849218243056953,75.31040534475639,1.095134099505984,56.06709186458317,-4.0124305283345905,True,False,True,False,True,6.078334571235494,0.0,0.0,0.0,0.0,0,0.9420558086560371,0.97622437357631,False,False,False,False,0.265578655978748,0.11110935675348764,False,False,False,False,1098230.0,1403912.2041029357,False,False,False,False,29438.18525190611,False,False,False,False
2025-08-26 16:00:00+00:00,76.15,76.23,75.93,76.19,29573.0,,,,,,,,,,,74.64579995908093,74.54990449506388,74.80201703478299,74.846048151862,76.05130720172595,76.28812923873616,76.62568903805978,76.68233977961378,77.00518960459324,77.59754836791309,77.75219299120602,77.62263377576213,76.8136694973425,76.74469803187557,76.69130408667317,,,,,,,,,74.65290525279482,74.58992389173598,74.50095535398113,74.57858303629614,74.75734156391927,75.334534222945,76.14436385283696,76.4207545370069,76.6492067583726,76.80702731956778,77.20158363386639,77.4440506523565,77.63582460119927,77.78536636103902,77.20018027931417,76.72644550010457,,76.14436385283696,76.37223011721555,,76.05130720172595,76.05394347602223,"rgba(38, 166, 154, 1.0)",0.8014978545273374,75.32911138565414,1.0740997115376438,60.669755940792875,0.22625273465850881,True,False,True,False,True,6.1665030536162355,0.0,0.0,0.0,0.0,0,0.9527406128614596,0.9790677600345274,False,False,False,False,0.23929855461481456,0.1752039556841511,False,False,False,False,1127803.0,1399631.4412486267,False,False,False,False,29440.275403039348,False,False,False,False
2025-08-26 17:00:00+00:00,76.2,76.6,76.105,76.59,18807.0,,,,,,,,,,,74.67421328439131,74.57236021291824,74.81556060150777,74.8535919888867,76.05252998021471,76.28856892408028,76.62516897745094,76.68167711484257,77.00378069568856,77.59507772236059,77.74949993378087,77.62067960936776,76.81314866607475,76.74427960606313,76.6909626766874,,,,,,,,,74.70877198344027,74.6170310877342,74.52581052032573,74.59756876488241,74.7673757085299,75.3385727804763,76.1452702477905,76.4207860262288,76.64862741927233,76.80606417773215,77.19976708531416,77.44180920361778,77.63329859016629,77.78301848190647,77.19903851988904,76.72605358622866,,76.1452702477905,76.37230339420532,,76.05252998021471,76.0618320605416,"rgba(0, 255, 255, 0.75)",0.8233486995691427,75.34326636772401,1.514223114615235,64.7027974353382,4.040782487536042,True,False,True,False,True,7.917835483116779,0.0,0.0,0.0,0.0,0,0.9539908125179452,0.9748062015503877,False,False,False,False,0.2907849565173835,0.2329944561007673,False,False,False,False,1146610.0,1395708.628206012,False,False,False,False,29275.418420046488,False,False,False,False
2025-08-26 18:00:00+00:00,76.6,76.63,76.28,76.34,30457.0,,,,,,,,,,,74.71798097678474,74.60732654055509,74.8368233994074,74.8655430808829,76.05441593135252,76.2892012439357,76.62426782240792,76.68054741923133,77.00145422361452,77.59104746759787,77.74511250578091,77.61748874726086,76.81227516452778,76.74357195338345,76.69037980604834,,,,,,,,,74.79143630084012,74.65892757683235,74.56442625369128,74.62725869765897,74.78322868502678,75.34496144614259,76.14664979352236,76.42076686493333,76.64763131079634,76.8044527851536,77.19678629160141,77.43814667510308,77.62917945807477,77.77919142072626,77.19716067285819,76.72538887988715,,76.14664979352236,76.37239179150029,,76.05441593135252,76.07387056686616,"rgba(38, 166, 154, 1.0)",0.8392094467393796,75.36480239486573,1.1620431692270041,65.8568250305717,5.366040406490896,True,False,True,False,True,6.593859299217808,0.0,0.0,0.0,0.0,0,0.960031629645605,0.9723240600963267,False,False,False,False,0.310532232363167,0.27176334423196713,False,False,False,False,1116153.0,1391374.4324198724,False,False,False,False,29293.73751430933,False,False,False,False
2025-08-26 19:00:00+00:00,76.31,76.4,76.005,76.255,55966.0,,,,,,,,,,,74.78424969110546,74.6616175757893,74.86977256207926,74.88430904970147,76.0559769497785,76.28857919454681,76.62108245556632,76.6769679279393,76.99580530554303,77.5824848897903,77.73594282650976,77.6107161923148,76.80988709896117,76.74150203955786,76.68855024878714,,,,,,,,,74.90811458798507,74.72296900342516,74.62430767480849,74.67363564061235,74.8081651326832,75.35438716345988,76.14732857937804,76.41906538022897,76.64428331254778,76.80004211218515,77.19000169386932,77.43020171593759,77.62046668429853,77.77120761537905,77.19286986674405,76.72340150622865,,76.14732857937804,76.37183585283641,,76.0559769497785,76.09083858900593,"rgba(38, 166, 154, 1.0)",0.8552305837331091,75.39613811828463,1.0042459870487914,66.08929877661885,6.104485570078225,True,False,True,False,True,6.144345200401144,0.0,0.0,0.0,0.0,0,0.9562598594579097,0.9722501075577226,False,False,False,False,0.26227467589471604,0.2670190100633416,False,False,False,False,1060187.0,1386239.7435451455,False,False,False,False,29707.260963699882,False,False,False,False
2025-08-27 14:00:00+00:00,76.24,76.645,76.15,76.265,25753.0,,,,,,,,,,,74.81547121316896,74.68742451338127,74.8858583015179,74.89361537661745,76.05726132049672,76.28884593530444,76.62011518022993,76.67581459419152,76.99367531698749,77.57896268379258,77.73212816970795,77.60791844873378,76.80904159978083,76.7407971669692,76.68795135442602,,,,,,,,,74.96046313604197,74.75317577100087,74.65261376179352,74.69584373259266,74.82040767434049,75.35931419710043,76.14820208724619,76.41881003580933,76.64323889099212,76.79849622449308,77.18733609010675,77.4269794838636,77.61687182274278,77.7678746584393,77.19117693507948,76.72273307920528,,76.14820208724619,76.37180484501152,,76.05726132049672,76.09915200687837,"rgba(38, 166, 154, 0.5)",0.8701021892978699,75.4110102837853,0.9814820910907335,66.27903756724635,6.998464717130318,True,False,True,False,True,6.189853784308816,0.0,0.0,0.0,0.0,0,0.9589618931865311,0.9693286623293058,False,False,False,False,0.29942650722598135,0.2832227586446615,False,False,False,False,1085940.0,1381583.9335677011,False,False,False,False,29645.95459216965,False,False,False,False
2025-08-27 15:00:00+00:00,76.27,76.475,76.165,76.18,30196.0,,,,,,,,,,,74.84870883734719,74.71529274636828,74.9032762079452,74.90378833399583,76.05835009843403,76.28877137022037,76.61865244989363,76.67413981949352,76.99088599626715,77.57459054384582,77.72742415081242,77.60444567353846,76.80788087518475,76.73980396859402,76.68708462159738,,,,,,,,,75.01395040757353,74.78549761707772,74.68313838812446,74.71992543688246,74.83378116642689,75.36456972032782,76.14882113346283,76.41815042067445,76.64168848359638,76.79637390667531,77.18393442151158,77.42294612035393,77.61241742199557,77.76376669915109,77.18901190234502,76.72178333231624,,76.14882113346283,76.37161172820286,,76.05835009843403,76.1077136759383,"rgba(38, 166, 154, 0.5)",0.8847198874674455,75.42656936785087,0.8516035898162811,65.76230678705522,7.251997601036457,True,False,True,False,True,5.727083120981156,0.0,0.0,0.0,0.0,0,0.9595512041735161,0.9712713499606948,False,False,False,False,0.28457007351154406,0.2838964160781028,False,False,False,False,1055744.0,1376532.1516519228,False,False,False,False,29654.482427949966,False,False,False,False
2025-08-27 16:00:00+00:00,76.205,76.63,76.095,76.59,22335.0,,,,,,,,,,,74.87507105310965,74.73740101793653,74.91739891029337,74.9121119299071,76.05976109545449,76.28930123763341,76.61809161714352,76.67341626978441,76.98930792056197,77.5717830878157,77.72435682237303,77.60220554863231,76.80728956925465,76.7393309398125,76.68670058912276,,,,,,,,,75.05561795959883,74.81108918020212,74.70725387435004,74.73911243771494,74.84463154848501,75.36911711604948,76.14987667278268,76.41821788333371,76.64105998781275,76.79530684647162,77.18188753545607,77.4204064630821,77.60954524503123,77.76107745283493,77.18770443977017,76.72134093783298,,76.14987667278268,76.37170837399898,,76.05976109545449,76.11488804660875,"rgba(38, 166, 154, 1.0)",0.9125962864175585,75.43914919516308,1.2610732938160882,67.01398036346951,9.21188493227232,True,False,True,False,True,7.617468030376347,0.0,0.0,0.0,0.0,0,0.954624277456648,0.9864884393063583,False,False,False,False,0.316437276983415,0.30016684653075887,False,False,False,False,1078079.0,1371904.9710061564,False,False,False,False,29541.002080229813,False,False,False,False
2025-08-27 17:00:00+00:00,76.59,76.68,76.49,76.68,48410.0,,,,,,,,,,,74.93550030007731,74.78825015002711,74.95062117585326,74.93191877960943,76.06420752028656,76.2917958660134,76.61808207551232,76.6730413435603,76.98701539523957,77.56669537992823,77.71867339729424,77.59811906081981,76.80663075566078,76.7389151869128,76.68646702325391,,,,,,,,,75.14869408521362,74.86971607240274,74.76247119203163,74.78347711570663,74.87022880688768,75.38046442083733,76.15353649297724,76.41964527162891,76.64089766943057,76.79416030807269,77.178544215511,77.4159380529066,77.6043085100066,77.75606675679138,77.18555684267005,76.72098803459608,,76.15353649297724,76.37247502270465,,76.06420752028656,76.13215801415225,"rgba(38, 166, 154, 1.0)",0.9422462714371348,75.46848183230011,1.2857765580245373,68.17803875686897,11.024878106665525,True,False,True,False,True,8.026841903920182,0.0,0.0,0.0,0.0,0,0.9603680625996238,0.9738443703811038,False,False,False,False,0.3428282344515774,0.32149754049116813,False,False,False,False,1126489.0,1368100.072230867,False,False,False,False,29833.544683637105,False,False,False,False
2025-08-27 18:00:00+00:00,76.68,76.84,76.525,76.695,34501.0,,,,,,,,,,,74.97775889809752,74.82416618319658,74.97447816350264,74.94633110468872,76.06772938473193,76.29392877561123,76.61840782099063,76.67310519729995,76.98570426568678,77.56336714708947,77.7149134150973,77.59543355843742,76.80633599675619,76.73878928277506,76.68646749664654,,,,,,,,,75.21138344669298,74.91081070296879,74.80132750313089,74.81499600305355,74.88873811385928,75.38887712826407,76.15649892308356,76.42100707932657,76.64111369743948,76.79367085973938,77.17647937553019,77.41305995223256,77.60087210092833,77.75274016230891,77.18422323821079,76.72090576589747,,76.15649892308356,76.37317426530545,,76.06772938473193,76.14445861618205,"rgba(38, 166, 154, 1.0)",0.9705867455471391,75.48909558804087,1.2424488769206636,69.01351314398757,12.478249740916397,True,False,True,False,True,8.09596891127028,0.0,0.0,0.0,0.0,0,0.9609307045520448,0.9709336039431717,False,False,False,False,0.34282823496279796,0.33216288772698305,False,False,False,False,1160990.0,1364889.0633590708,False,False,False,False,29905.908331952807,False,False,False,False
2025-08-27 19:00:00+00:00,76.695,76.96,76.675,76.85,49507.0,,,,,,,,,,76.82833333333333,75.03969517501754,74.87713653553314,75.01032778994094,74.96825339161248,76.0738549127815,76.29803903577607,76.61982884747364,76.67414209082484,76.98472462390617,77.55939972320185,77.71030245286362,77.59220397656674,76.80641328121726,76.73909784201352,76.68694856199068,,,,,,,,,75.30073252166095,74.97108697773275,74.85840919122833,74.8617307994071,74.91669001825066,75.40205858713207,76.16181342905905,76.42396632056708,76.64237318382948,76.79389586373917,77.17439480030556,77.40976725273059,77.59674296314647,77.74863222815362,77.18286332873839,76.72127400464186,,76.16181342905905,76.37462319282679,,76.0738549127815,76.12630799284217,"rgba(38, 166, 154, 1.0)",1.0003422837638387,75.5362986696235,1.3132518255987549,70.21216035528772,14.21389700537405,True,False,True,False,True,8.816267554008473,0.0,0.0,0.0,0.0,0,0.9622147943612854,0.9715157680569684,False,False,False,False,0.34282823562889825,0.33749556167794065,False,False,False,False,1210497.0,1362495.3879581548,False,True,False,False,30209.80122603106,False,False,False,False
2025-08-28 14:00:00+00:00,76.27,76.415,75.855,75.91,17296.0,,,,,,,,,,76.62940374434282,75.05148748524334,74.88795886727411,75.0173717580876,74.97267828541551,76.0738160398225,76.29740112344824,76.61850802201283,76.67271221171035,76.98271788538882,77.55657757649828,77.70730930746646,77.58995361905119,76.80549822502714,76.7382812771022,76.6862067001641,,,,,,,,,75.31511266312171,74.98291561467903,74.87011565238943,74.87137018811877,74.92241748100255,75.40415677381662,76.16153282999781,76.42304485878992,76.64100764831808,76.79223528144075,77.17206849498808,77.40711702237756,77.59387872461643,77.74601464348932,77.18136633181071,76.72048304471826,,76.16153282999781,76.37427367403419,,76.0738160398225,76.12099662161471,#000000,1.0083570036688503,75.53152073056296,0.3753425305323027,63.52296777523902,19.606539815140223,True,False,True,False,False,3.5808976040837166,0.0,0.0,0.0,0.0,0,0.9510861746511301,0.9720184146166018,False,False,False,False,0.21918913227596787,0.27834234697695426,False,False,False,False,1193201.0,1359870.6687650052,False,False,False,False,30009.587253534453,False,False,False,False
2025-08-28 15:00:00+00:00,75.915,76.14,75.785,76.125,9794.0,,,,,,,,,,76.55105672110744,75.05776312924303,74.89377638840574,75.02115465591116,74.97506882255949,76.07372538722424,76.29697575583931,76.61770503821815,76.6718484246786,76.98153222696175,77.55493808355011,77.7055747659059,77.58864625583686,76.80495100028733,76.73779027596161,76.68575837699225,,,,,,,,76.01666666666668,75.32255674320544,74.98923549236028,74.87640618657035,74.8765636103181,74.92551275227062,75.40526085469746,76.1613071020711,76.42246310558915,76.64017977927357,76.79124284084402,77.17070434523757,77.40557279213812,77.59221586976079,77.74449800723181,77.18048772483994,76.72000666554302,,76.1613071020711,76.37404885807993,,76.07372538722424,76.05165731098809,"rgba(38, 166, 154, 0.5)",1.0195640297754691,75.50886164862314,0.6043155048462712,60.28896183555257,16.507189149418394,True,False,True,False,False,4.607098654662661,0.0,0.0,0.0,0.0,0,0.9547814798788409,0.9745420452906389,False,False,False,False,0.18908929997162965,0.23371582347429196,False,False,False,False,1202995.0,1357438.4878539196,False,False,False,False,29696.167296115313,False,False,False,False
2025-08-28 16:00:00+00:00,76.15,76.315,76.07,76.21,5085.0,,,,,,,,,,76.52909841417531,75.06160055154928,74.89725807535174,75.0234638021356,74.9765213858217,76.07382792593586,76.29689821655914,76.61741473356447,76.67152494977802,76.98103347374584,77.55418860682688,77.70477232086701,77.58804667960851,76.8047325910687,76.73759976874541,76.68558898129454,,,,,,,,76.07875249232698,75.32735505110962,74.993061172806,74.88016107613363,74.8796681777177,74.92737931753479,75.40600237878398,76.16133703212498,76.4222966432005,76.63987580058388,76.7908491864283,77.17010864781946,77.40487707853471,77.59145329289431,77.74379430659476,77.18010320278815,76.71982340443795,,76.16133703212498,76.37399152300718,,76.07382792593586,76.0542402993377,"rgba(38, 166, 154, 0.5)",1.0324980640434358,75.51261830575699,0.6754314787883886,58.62177693581252,14.844173022435072,True,False,True,False,False,5.0127857234989115,0.0,0.0,0.0,0.0,0,0.9580951002388367,0.9719186509372513,False,False,False,False,0.22930730500622848,0.2315115642402602,False,False,False,False,1208080.0,1355122.8523833163,False,False,False,False,29314.59881090422,False,False,False,False
2025-08-28 17:00:00+00:00,76.21,76.555,76.16,76.48,8118.0,,,,,,,,,,76.51727713437269,75.06874212321577,74.90362662810398,75.02775591082597,74.97921163439699,76.07425367331476,76.29702534999834,76.61717288763401,76.67122733202196,76.9804416729366,77.55317005415934,77.70366286322711,77.58722815192841,76.80449912845282,76.73740860353882,76.6854296943014,,,,,,,,76.1915653491035,75.33664153549215,75.00012398303392,74.88701444090967,74.88534153268873,74.93081503628433,75.40748141642574,76.16164248031338,76.42226826356404,76.6396108001245,76.79043358032322,77.16935456656914,77.40395189383187,77.59041212563957,77.74281741594591,77.17961487982811,76.71964320483781,,76.16164248031338,76.37400419646214,,76.07425367331476,76.06026245621136,"rgba(38, 166, 154, 0.5)",1.0505439689188785,75.5210303804423,0.9128314929498743,59.02928504912015,14.844173022435072,True,False,True,False,False,6.296185363226261,0.0,0.0,0.0,0.0,0,0.9621480784540788,0.9643193167836722,False,False,False,False,0.2586079168144272,0.2450597405273437,False,False,False,False,1216198.0,1352968.978702955,False,False,False,False,28985.96937197547,False,False,False,False
2025-08-28 18:00:00+00:00,76.495,76.505,76.225,76.24,11928.0,,,,,,,,,,76.49453647635525,75.07851391351193,74.91242204793932,75.03367157659498,74.98293813929385,76.07473291048082,76.29707370913647,76.61669705057858,76.67067134792293,76.9794625473709,77.55157973564167,77.70194265355012,77.58595176676934,76.80409332910246,76.73706606738156,76.68513491242486,,,,,,,,76.23656831305176,75.34905441549799,75.0098239190142,74.89647858070776,74.89319163975954,74.93557770189481,75.40948273613142,76.16194809791922,76.42209640420292,76.63910177357566,76.7897080120854,77.16814172503317,77.40249442039118,77.58878956065098,77.74130468779737,77.1788297075221,76.71931708125598,,76.16194809791922,76.37396546294543,,76.07473291048082,76.06379027018971,"rgba(38, 166, 154, 0.5)",1.063022390923544,75.52669746557645,0.6710136498666196,57.45597380030699,13.258041940234222,True,False,True,False,False,4.966127086062105,0.0,0.0,0.0,0.0,0,0.961544042954579,0.967276157306632,False,False,False,False,0.2599497787780874,0.25250475965271557,False,False,False,False,1204270.0,1350663.5681804286,False,False,False,False,28721.50473054949,False,False,False,False
2025-08-28 19:00:00+00:00,76.26,76.365,76.125,76.295,24040.0,,,,,,,,,,76.45002443652864,75.09679975870024,74.92906101737806,75.04486918799087,74.99004353641773,76.07545499156267,76.29694301939362,76.61554209509863,76.66935819907103,76.97731339634556,77.54822673558608,77.69833419504006,77.58326186699763,76.8031729072956,76.73627478931644,76.6844412433787,,,,,,,,76.2468008988383,75.37162121939939,75.02804975485344,74.91437063215368,74.90808424606632,74.94465601797562,75.41321939030276,76.16232652701153,76.42153670144943,76.6378814503619,76.78806005679037,77.16553021017238,77.39940173172374,77.58537325246877,77.7381335078097,77.17713786511436,76.71855932709842,,76.16232652701153,76.37379271933455,,76.07545499156267,76.06722193854563,"rgba(38, 166, 154, 0.5)",1.075542339624774,75.53342780623248,0.7080820212370358,56.761804203100226,12.263701982510732,True,False,True,False,False,5.2330437270920065,0.0,0.0,0.0,0.0,0,0.9554534849810445,0.9752843394575679,False,False,False,False,0.2385860627044847,0.24554541117860013,False,False,False,False,1228310.0,1348766.6136349954,False,False,False,False,28648.9232618588,False,False,False,False
2025-08-29 14:00:00+00:00,76.415,76.415,76.06,76.255,14284.0,,,,,,,,,,76.42894386846791,75.1072326913411,74.93862119170493,75.05132755173261,74.99416779015118,76.0758394174704,76.2968257029022,76.6148240312813,76.66854703574207,76.97600994842904,77.546214433025,77.69617143371407,77.58164666149071,76.80260902664276,76.73578776356626,76.68401233039211,,,,,,,,76.24612470249879,75.38424349678097,75.03847268613782,74.9246396041118,74.91666276482486,74.94991723574802,75.41537650201579,76.16250877686501,76.42116805969891,76.63712494081369,76.78705180972486,77.16395429484393,77.39754257479112,77.58332368155914,77.73623238037712,77.17611549305823,76.71809225601406,,76.16250877686501,76.3736735894172,,76.0758394174704,76.0690665917065,"rgba(38, 166, 154, 0.5)",1.0870404817715955,75.53714704245564,0.6603737115424044,55.95388603369804,11.124390688141645,True,False,True,False,False,5.006753716630964,0.0,0.0,0.0,0.0,0,0.9540330844678677,0.9755526277265407,False,False,False,False,0.23725809010591198,0.24140175064225605,False,False,False,False,1214026.0,1346677.6118732125,False,False,False,False,28426.211273302848,False,False,False,False
2025-08-29 15:00:00+00:00,76.255,76.55,76.195,76.54,9125.0,,,,,,,,,,76.42890652267664,75.11486790691764,74.94551171795334,75.05605170236832,74.99717638817714,76.07635431142108,76.29700929038964,76.61459447892625,76.66825520822584,76.97538933061982,77.54511423906538,77.69496867094502,77.58075921498028,76.80236835833585,76.73559383296475,76.68385360999154,,,,,,,,76.26630890815063,75.39381294123399,75.0460461326639,74.9320257534341,74.92284166818219,74.95373353327773,75.41705526177441,76.16289028172115,76.4211775162087,76.63686950671604,76.78662815520086,77.16315211358473,77.39654788615047,77.58219794854921,77.73517060504174,77.17559284724214,76.71791044087121,,76.16289028172115,76.37370545654066,,76.07635431142108,76.07202074814357,"rgba(38, 166, 154, 0.5)",1.1039054258361125,75.5417752464692,0.904266552340512,57.399221065033146,11.124390688141645,True,False,True,False,False,6.413162867438611,0.0,0.0,0.0,0.0,0,0.9651368049426308,0.9649897028537806,False,False,False,False,0.2612925569640875,0.25134715380317174,False,False,False,False,1223151.0,1344762.4706038602,False,False,False,False,28126.967687670243,False,False,False,False
2025-08-29 16:00:00+00:00,76.54,76.75,76.51,76.61,8938.0,,,,,,,,,,76.43989717399784,75.12335925474805,74.9530790034197,75.06130081054053,75.00051098505486,76.07713580133047,76.29745490069064,76.61460500250014,76.66820181608648,76.97499899563483,77.54422648971037,77.69397379871535,77.58003814019662,76.80225566472231,76.7355245172354,76.68381683250183,,,,,,,,76.30125595029497,75.40475277142882,75.0544200510117,74.9401242469503,74.92962278015429,74.95794437291352,75.41901026777151,76.16353664739768,76.42143851034848,76.63685330544433,76.78643947084974,77.162576129816,77.39577138741981,77.58128339867432,77.73428719585812,77.17521502645927,76.71785234839378,,76.16353664739768,76.37384792800647,,76.07713580133047,76.07639198096757,"rgba(38, 166, 154, 0.5)",1.1217879952591456,75.54818996286005,0.9465336067307969,58.82294500667844,11.124390688141645,True,False,True,False,True,6.756833026780523,0.0,0.0,0.0,0.0,0,0.9997711845015642,0.9559911524673937,False,False,False,False,0.30799422588849323,0.2796706898458325,False,False,False,False,1232089.0,1343015.5950906218,False,False,False,False,27829.464312667602,False,False,False,False
2025-08-29 17:00:00+00:00,76.6,76.77,76.56,76.57,17511.0,,,,,,,,,,76.45918395719691,75.13983018059294,74.9677960037974,75.07154860130802,75.00704453400895,76.07868832564478,76.2983510874772,76.61464908386226,76.66812081087026,76.9742584440444,77.54251102406148,77.69204818183685,77.57864331435117,76.80204760705352,76.7354010465642,76.68375680027151,,,,,,,,76.35469141021046,75.42580236525328,75.07067377620962,74.9558607299623,74.94283004918802,74.96618199645538,75.42285378396538,76.16482516432492,76.42197312190872,76.63684507078128,76.78609365520904,77.16147209975169,77.39427424793452,77.57951534523482,77.73257605847697,77.17448969585227,76.71775076175615,,76.16482516432492,76.3741377511098,,76.07868832564478,76.08423499477016,"rgba(38, 166, 154, 0.5)",1.1357838623537546,75.55982866305368,0.8894045517189108,59.322721467080555,11.124390688141645,True,False,True,False,True,6.518659245254412,0.0,0.0,0.0,0.0,0,0.9952355336970727,0.9459002535925614,False,False,False,False,0.3144395294392394,0.29705510964253595,False,False,False,False,1214578.0,1341024.3145465814,False,False,False,False,27669.48812177353,False,False,False,False
2025-08-29 18:00:00+00:00,76.57,76.57,76.42,76.455,13523.0,,,,,,,,,,76.46079133381619,75.15103918676226,74.97796709279561,75.07861186560571,75.01158722418852,76.07955512382914,76.29872803764287,76.61440780261833,76.66778689611176,76.97343529797695,77.54097039818173,77.6903535412727,77.57739658832674,76.80174315946321,76.73516451627759,76.68357138581227,,,,,,,,76.36872608558242,75.4395903785677,75.0818024305414,74.96673380967287,74.95198760623468,74.97191462782983,75.4254355419681,76.1654948414212,76.42208920316743,76.63656522672233,76.78556357643359,77.16037871351631,77.39289244599463,77.5779363187358,77.73107643318673,77.1737742656957,76.71753183035288,,76.1654948414212,76.37423041979363,,76.07955512382914,76.0880796426367,"rgba(38, 166, 154, 0.5)",1.1476600675425916,75.56597514437836,0.7746412729382943,58.32811727529227,11.124390688141645,True,False,True,False,True,5.82787436525669,0.0,0.0,0.0,0.0,0,0.9899123147357808,0.9528206719950338,False,False,False,False,0.28335937441377196,0.29020724202815396,False,False,False,False,1201055.0,1338854.2476543863,False,False,False,False,27450.16272453673,False,False,False,False
2025-08-29 19:00:00+00:00,76.455,76.5,76.19,76.225,16469.0,,,,,,,,,,76.44831320701495,75.16266054450264,74.98873708794095,75.08604771981808,75.01642156662491,76.08014415009407,76.29874370500794,76.61372562698423,76.66699737603525,76.97207773377991,77.53878826960606,77.687995397762,77.57563789697379,76.80116895094034,76.73467671442894,76.68314885784304,,,,,,,,76.36116562811416,75.45313781459942,75.09343985798897,74.9782480998815,74.96172285220176,74.9780276857685,75.42803971849949,76.16585301320485,76.42181256094412,76.63583862704353,76.7845466668928,77.15870649995689,77.39089008776926,77.57571051053324,77.72899740545547,77.1726830760517,76.71706645564716,,76.16585301320485,76.37415783539183,,76.08014415009407,76.0903918644323,"rgba(38, 166, 154, 0.5)",1.1541790577282778,75.5704043507801,0.5671525963296482,55.23574534446658,9.341837899878406,False,False,True,False,False,4.453818193253465,0.0,0.0,0.0,0.0,0,0.9924301545184958,0.9459185266115187,False,False,False,False,0.25637350060994113,0.27329037131904754,False,False,False,False,1184586.0,1336462.491876799,False,False,False,False,27279.91213966019,False,False,False,False
2025-09-01 14:00:00+00:00,76.225,76.225,76.225,76.225,0.0,,,,,,,,,,76.44831320701495,75.16266054450264,74.98873708794095,75.08604771981808,75.01642156662491,76.08014415009407,76.29874370500794,76.61372562698423,76.66699737603525,76.97207773377991,77.53878826960606,77.687995397762,77.57563789697379,76.80116895094034,76.73467671442894,76.68314885784304,,,,,,,,76.36116562811416,75.45313781459942,75.09343985798897,74.9782480998815,74.96172285220176,74.9780276857685,75.42803971849949,76.16585301320485,76.42181256094412,76.63583862704353,76.7845466668928,77.15870649995689,77.39089008776926,77.57571051053324,77.72899740545547,77.1726830760517,76.71706645564716,,76.16585301320485,76.37415783539183,,76.08014415009407,76.0903918644323,"rgba(38, 166, 154, 0.5)",1.161899625070935,75.5704043507801,0.5633839921240494,53.174164057249456,7.309090857716136,False,False,True,False,False,4.453818193253465,0.0,0.0,0.0,0.0,0,0.9922157571945278,0.9475546469570686,False,False,False,False,0.23504662409430974,0.25416849770667865,False,False,False,False,1184586.0,1334107.8175841353,False,False,False,False,26856.967765401892,False,False,False,False
2025-09-01 15:00:00+00:00,76.225,76.225,76.225,76.225,0.0,,,,,,,,,,76.44831320701495,75.16266054450264,74.98873708794095,75.08604771981808,75.01642156662491,76.08014415009407,76.29874370500794,76.61372562698423,76.66699737603525,76.97207773377991,77.53878826960606,77.687995397762,77.57563789697379,76.80116895094034,76.73467671442894,76.68314885784304,,,,,,,,76.36116562811416,75.45313781459942,75.09343985798897,74.9782480998815,74.96172285220176,74.9780276857685,75.42803971849949,76.16585301320485,76.42181256094412,76.63583862704353,76.7845466668928,77.15870649995689,77.39089008776926,77.57571051053324,77.72899740545547,77.1726830760517,76.71706645564716,,76.16585301320485,76.37415783539183,,76.08014415009407,76.0903918644323,"rgba(38, 166, 154, 0.5)",1.168941181791338,75.5704043507801,0.5599902368199295,51.799776532438045,5.925198930202306,False,True,False,False,False,4.453818193253465,0.0,0.0,0.0,0.0,1,0.9961934972244256,0.9440126883425852,False,False,False,False,0.23504662409430974,0.24460756090049418,False,False,False,False,1184586.0,1331789.6498696527,False,False,False,False,26440.58066826388,False,False,False,False
2025-09-01 16:00:00+00:00,76.225,76.225,76.225,76.225,0.0,,,,,,,,,,76.44831320701495,75.16266054450264,74.98873708794095,75.08604771981808,75.01642156662491,76.08014415009407,76.29874370500794,76.61372562698423,76.66699737603525,76.97207773377991,77.53878826960606,77.687995397762,77.57563789697379,76.80116895094034,76.73467671442894,76.68314885784304,,,,,,,,76.36116562811416,75.45313781459942,75.09343985798897,74.9782480998815,74.96172285220176,74.9780276857685,75.42803971849949,76.16585301320485,76.42181256094412,76.63583862704353,76.7845466668928,77.15870649995689,77.39089008776926,77.57571051053324,77.72899740545547,77.1726830760517,76.71706645564716,,76.16585301320485,76.37415783539183,,76.08014415009407,76.0903918644323,"rgba(38, 166, 154, 0.5)",1.1753464392482322,75.5704043507801,0.5569384713826062,50.88351818256376,4.929466701675331,False,True,False,False,False,4.453818193253465,0.0,0.0,0.0,0.0,0,1.0104074223477213,0.9413473174667204,False,False,False,False,0.23451249051233902,0.2395600257064166,False,False,False,False,1184586.0,1329507.4227398906,False,False,False,False,26030.64918503498,False,False,False,False
2025-09-01 17:00:00+00:00,76.225,76.225,76.225,76.225,0.0,,,,,,,,,,76.44831320701495,75.16266054450264,74.98873708794095,75.08604771981808,75.01642156662491,76.08014415009407,76.29874370500794,76.61372562698423,76.66699737603525,76.97207773377991,77.53878826960606,77.687995397762,77.57563789697379,76.80116895094034,76.73467671442894,76.68314885784304,,,,,,,,76.36116562811416,75.45313781459942,75.09343985798897,74.9782480998815,74.96172285220176,74.9780276857685,75.42803971849949,76.16585301320485,76.42181256094412,76.63583862704353,76.7845466668928,77.15870649995689,77.39089008776926,77.57571051053324,77.72899740545547,77.1726830760517,76.71706645564716,,76.16585301320485,76.37415783539183,,76.08014415009407,76.0903918644323,"rgba(38, 166, 154, 0.5)",1.177014711306485,75.5704043507801,0.556149080323133,50.27267928264757,4.167010468648577,False,True,False,False,False,4.453818193253465,0.0,0.0,0.0,0.0,0,1.010105989647523,0.9455262509243282,False,False,False,False,0.23451249051233902,0.2370362581093778,False,False,False,False,1184586.0,1327260.5789764815,False,False,False,False,25627.073228677848,False,False,False,False
2025-09-01 18:00:00+00:00,76.225,76.225,76.225,76.225,0.0,,,,,,,,,,76.44831320701495,75.16266054450264,74.98873708794095,75.08604771981808,75.01642156662491,76.08014415009407,76.29874370500794,76.61372562698423,76.66699737603525,76.97207773377991,77.53878826960606,77.687995397762,77.57563789697379,76.80116895094034,76.73467671442894,76.68314885784304,,,,,,,,76.36116562811416,75.45313781459942,75.09343985798897,74.9782480998815,74.96172285220176,74.9780276857685,75.42803971849949,76.16585301320485,76.42181256094412,76.63583862704353,76.7845466668928,77.15870649995689,77.39089008776926,77.57571051053324,77.72899740545547,77.1726830760517,76.71706645564716,,76.16585301320485,76.37415783539183,,76.08014415009407,76.0903918644323,"rgba(38, 166, 154, 0.5)",1.1766369544272317,75.5704043507801,0.5563276308439136,49.865453349370114,3.547698788068061,False,True,False,False,False,4.453818193253465,0.0,0.0,0.0,0.0,0,1.003164029975021,0.9466278101582013,False,False,False,False,0.23451249051233902,0.2357743743108584,False,False,False,False,1184586.0,1325048.5700001018,False,False,False,False,25229.754263892144,False,False,False,False
2025-09-01 19:00:00+00:00,76.225,76.225,76.225,76.225,0.0,,,,,,,,,,76.44831320701495,75.16266054450264,74.98873708794095,75.08604771981808,75.01642156662491,76.08014415009407,76.29874370500794,76.61372562698423,76.66699737603525,76.97207773377991,77.53878826960606,77.687995397762,77.57563789697379,76.80116895094034,76.73467671442894,76.68314885784304,,,,,,,,76.36116562811416,75.45313781459942,75.09343985798897,74.9782480998815,74.96172285220176,74.9780276857685,75.42803971849949,76.16585301320485,76.42181256094412,76.63583862704353,76.7845466668928,77.15870649995689,77.39089008776926,77.57571051053324,77.72899740545547,77.1726830760517,76.71706645564716,,76.16585301320485,76.37415783539183,,76.08014415009407,76.0903918644323,"rgba(38, 166, 154, 0.5)",1.1715221022402085,75.5704043507801,0.558756550958935,49.59396939385181,3.020338532279716,False,True,False,False,False,4.453818193253465,0.0,0.0,0.0,0.0,0,1.0077284946236562,0.9369959677419353,False,False,False,False,0.23451249051233902,0.2351434324115987,False,False,False,False,1184586.0,1322870.8557365343,False,False,False,False,24838.595283056606,False,False,False,False
2025-09-02 14:00:00+00:00,75.91,76.02,75.75,75.945,13694.0,,,,,,,,,,76.41438833716349,75.1688252146188,74.99487889395022,75.09015581588162,75.01917460006456,76.07976447636716,76.29792755854392,76.61242871435482,76.6656209813685,76.97027874954316,77.53639333287802,77.6854753505802,77.57372005106386,76.80030840611931,76.73389513783523,76.6824273673775,,,,,,,,76.32020586763186,75.45894396001,75.09980960315038,74.98483112177827,74.96733277627438,74.98154877963313,75.42921105099967,76.16529732152318,76.42079924375247,76.63450933571278,76.7830018038882,77.15667186320069,77.3886194835684,77.57328493734464,77.72678900082575,77.17136052104335,76.71630544138898,,76.16529732152318,76.37374918684556,,76.07976447636716,76.08855615292809,#000000,1.163893040193256,75.56924990596042,0.3228390247760085,45.09234917275407,-1.3319352644181919,False,True,False,True,False,2.603808390412194,0.0,0.0,0.0,0.0,0,1.0015977127480664,0.9386141944164144,False,False,False,False,0.1748580882312046,0.20500076032140166,False,False,False,False,1170892.0,1320514.5944072858,False,False,False,False,24665.81086006348,False,False,False,False
2025-09-02 15:00:00+00:00,75.945,76.03,75.57,75.58,35626.0,,,,,,,,,,76.3182835107621,75.18062222677317,75.00742155386419,75.09835543272625,75.02483161742018,76.0777842981107,76.2948635493328,76.60823186135221,76.66122926140147,76.9648480931485,77.52951798113446,77.67829917208148,77.568220180541,76.7976329603965,76.73143270535583,76.68012747508268,,,,,,,,76.20781089820254,75.46760406915458,75.11235337086511,74.99829139111074,74.97890239693437,74.98884002830194,75.43109943798272,76.16287978247499,76.4172764935855,76.6302337480056,76.77819684620005,77.15065963311399,77.3820385566554,77.5663364576041,77.72050867876284,77.16744996550926,76.71389854645058,,76.16287978247499,76.37228618667397,,76.0777842981107,76.0815404998487,#000000,1.1531634905933053,75.56327564911471,0.014503018021042913,38.731420469061575,-7.104218008638654,False,True,False,True,False,0.2724759007319335,0.0,0.0,0.0,0.0,0,0.9992440786158242,0.9354107172854021,False,False,False,False,0.14136468271638924,0.17318272151889547,False,False,False,False,1135266.0,1317642.523176165,False,False,False,False,24835.73627308575,False,False,False,False
2025-09-02 16:00:00+00:00,75.575,76.085,75.5,76.075,23477.0,,,,,,,,,,76.28188795503117,75.19032639448311,75.01724157012141,75.10499117907783,75.02934896247879,76.07708060461803,76.2934258486644,76.60598589164678,76.65884921351146,76.96175433181162,77.52541528067863,77.67398419530129,77.56492705794417,76.79613947145432,76.73007392516087,76.67887123915364,,,,,,,75.88666666666666,76.17218199661015,75.47635052872894,75.12243109037261,75.00878817023766,74.98792633495816,74.9945924859154,75.43299738348266,76.16188019723322,76.41550785041268,76.62793317962581,76.77553244534627,77.1471672926254,77.3781466595835,77.56218178740112,77.71672194213929,77.16516941426954,76.71257485203269,,76.16188019723322,76.37156373333582,,76.07708060461803,76.01337638055689,#000000,1.1490569968384041,75.53729867919176,0.46795008627745005,41.860141426116,-7.104218008638654,False,True,False,True,True,3.255099684797635,0.0,0.0,0.0,0.0,0,0.9947729220222797,0.9497857754927163,False,False,False,False,0.13993953831142827,0.15656112991516186,False,False,False,False,1158743.0,1315178.9646773096,False,False,False,False,24814.670594433257,False,False,False,False
2025-09-02 17:00:00+00:00,76.09,76.36,76.09,76.225,11307.0,,,,,,,,,,76.27966778498009,75.19713046868351,75.02370342610256,75.10951349786217,75.03235970339533,76.07734244898404,76.29330997420941,76.6054156073197,76.65820810647624,76.96073756190792,77.52385308162143,77.67230541251176,77.56366443486426,76.79568885827535,76.72968296167582,76.67852541752328,,,,,,,75.99664639872738,76.17486105565997,75.48380115736606,75.1292992801853,75.01567008334172,74.99382086328336,74.99837757958404,75.43458334314762,76.16199001931633,76.41520250882012,76.62733365621344,76.77474117193782,77.14594180508077,77.3767030244825,77.5605907117626,77.71523988769582,77.16436384514655,76.71219938483783,,76.16199001931633,76.37145879506207,,76.07734244898404,76.01960854434756,"rgba(38, 166, 154, 0.5)",1.1500817753931285,75.54600088423294,0.5903920315013736,45.544719991137285,-9.658374604973503,False,True,False,True,True,4.1297646732132876,0.0,0.0,0.0,0.0,0,0.9941685961752855,0.9478603893319614,False,False,False,False,0.22324824366584836,0.1899046867905051,False,False,False,False,1170050.0,1312928.9032094444,False,False,False,False,24605.249344907163,False,False,False,False
2025-09-02 18:00:00+00:00,76.22,76.24,75.93,75.99,12365.0,,,,,,,,,,76.27040348199911,75.20324378790889,75.02969266254222,75.11366267641063,75.03516343167955,76.07729606146987,76.29286638631025,76.6045133659276,76.65723221240363,76.95937017137435,77.5219237728781,77.67025676593065,77.56210967199722,76.7950489085731,76.72911091461616,76.67800492083316,,,,,,,76.01151275742858,76.1684743473136,75.48993282153891,75.1355513354798,75.02205160157511,74.99931309907501,75.00191470170095,75.43593534553901,76.16178367064363,76.41456935261698,76.6264012054549,76.7736090605467,77.14435625563306,77.37489374092853,77.55863200338969,77.71343621383467,77.16332377492888,76.71164500301428,,76.16178367064363,76.37120990208538,,76.07729606146987,76.02102669225515,#000000,1.1481869766439012,75.54872589945737,0.3843225097644398,45.529907674092705,-9.658374604973503,False,True,False,True,True,2.617045399225553,0.0,0.0,0.0,0.0,0,0.9917773019271955,0.9480942184154177,False,False,False,False,0.19600045221785178,0.19295256950417844,False,False,False,False,1157685.0,1310522.020989143,False,False,False,False,24415.47803723418,False,False,False,False
2025-09-02 19:00:00+00:00,75.99,76.445,75.94,76.395,16774.0,,,,,,,,,,76.26985619648268,75.21338130047731,75.03932502614954,75.12045855585822,75.03970940809957,76.07777367713871,76.29278417765714,76.60375127677153,76.65636470198825,76.95794339965401,77.51968177995711,77.66784006159266,77.56029383852847,76.79442393404986,76.7285732882647,76.67753335948639,,,,,,,76.07671816091235,76.174565212504,75.50101778367812,75.14577835168377,75.03229406570128,75.00811648095555,75.00761106328856,75.43837080349253,76.16203605011722,76.41420334040586,76.62559553549382,76.77251797219223,77.142618731341,77.37282980259337,77.55634668853861,77.71129947733965,77.16217807348508,76.71113006359423,,76.16203605011722,76.37109199511072,,76.07777367713871,76.02661211418375,"rgba(38, 166, 154, 0.5)",1.1511510103587574,75.55704174723901,0.7279307799068286,49.40070184926239,-6.178799170630896,False,True,False,False,True,4.971311474800192,0.0,0.0,0.0,0.0,0,0.9968213058419249,0.9470790378006876,False,False,False,False,0.21689515938509893,0.20492386444463867,False,False,False,False,1174459.0,1308412.5167877611,False,False,False,False,24297.005509525123,False,False,False,False
2025-09-03 14:00:00+00:00,76.04,76.72,76.02,76.565,32302.0,,,,,,,,,,76.2850470769035,75.23553954269286,75.06005493416589,75.13529638393983,75.04961119289851,76.07956298915514,76.29346591860781,76.60303547386836,76.6554376400188,76.95589699265959,77.5159833882275,77.66378503210852,77.55727998291314,76.79361726980864,76.72792680557696,76.6770076103084,,,,,,,76.19699064692128,76.20414941740518,75.52620974812623,75.16796997096856,75.05429272912944,75.02704961140641,75.01994927573658,75.44401082853567,76.16338012864858,76.41429774272476,76.62479187859644,76.77114284178506,77.13995153083441,77.36949834300074,77.55255944400372,77.70769640830343,77.16040632474912,76.71052512274919,,76.16338012864858,76.37122220929145,,76.07956298915514,76.03970464907829,"rgba(38, 166, 154, 0.5)",1.1567739312109686,75.5760067889315,0.8549580729513643,53.29026266678102,-2.616934189245214,False,False,True,False,True,5.93348762263712,0.0,0.0,0.0,0.0,0,0.9994880982851297,0.9349031652589369,False,False,False,False,0.25181780075260896,0.2283708325986238,False,False,False,False,1206761.0,1306836.5242794238,False,False,False,False,24421.113951237912,False,False,False,False
2025-09-03 15:00:00+00:00,76.565,76.635,76.29,76.345,51487.0,,,,,,,,,,76.30272979014032,75.26891528369536,75.09158347826919,75.1580603773978,75.06497613683923,76.0822858512589,76.29445068696349,76.6018286569075,76.65389855585383,76.95259575674424,77.51007721821937,77.65731562650461,77.55245975861142,76.79229737890984,76.726861418514,76.67613412876938,,,,,,,76.27588542794989,76.23775139175478,75.56318939302356,75.20149305877915,75.08768080008198,75.05596881875843,75.03902196259727,75.45276553280479,76.16540448721723,76.41436264842747,76.62344693910805,76.76889872528614,77.13567185426292,77.36417121063067,77.54651298871654,77.70194298741235,77.15755493431374,76.70952575456478,,76.16540448721723,76.37139090090072,,76.0822858512589,76.05468456171886,"rgba(38, 166, 154, 0.5)",1.1586152032450423,75.59870846523613,0.6441237200009642,53.48730658664627,-2.4130321222505273,False,False,True,False,True,4.491221351946852,0.0,0.0,0.0,0.0,0,1.005978307284995,0.9362883252199162,False,False,False,False,0.2702530157455952,0.2493119241721095,False,False,False,False,1155274.0,1304486.7177014484,False,False,False,False,24840.740091528798,False,False,False,False
2025-09-03 16:00:00+00:00,76.345,76.44,76.18,76.325,40880.0,,,,,,,,,,76.30386073095394,75.29174430719466,75.11364343164168,75.17407041209229,75.07597946049572,76.08374020707046,76.29457366783858,76.60030735844128,76.65212362410557,76.94947304777237,77.50497012002515,77.65178011448194,77.54829724480776,76.79095034630167,76.7257207832182,76.67514949797823,,,,,,,76.28436406811176,76.24613391571793,75.58701511788692,75.22461205145957,75.11099479317443,75.07633824233436,75.05264364065556,75.45884244190702,76.16632376574626,76.41379914985758,76.62182058599205,76.76658529170112,77.13179881840833,77.35950193882924,77.541299483899,77.69702748047811,77.15497489812104,76.70843871864194,,76.16632376574626,76.37124633343862,,76.08374020707046,76.06181040757654,"rgba(38, 166, 154, 0.5)",1.1580517189595445,75.61059738526158,0.6169004398009751,53.40503802420321,-2.263124778419183,False,False,True,False,True,4.360031493907876,0.0,0.0,0.0,0.0,0,0.9975162726961294,0.9467283316204179,False,False,False,False,0.23994956804955178,0.24463074611083063,False,False,False,False,1114394.0,1301539.5437835965,False,False,False,False,25089.410787784167,False,False,False,False
2025-09-03 17:00:00+00:00,76.33,76.515,76.15,76.35,15125.0,,,,,,,,,,76.30499752900691,75.3001270975962,75.1217596396055,75.18000102045869,75.08007733909388,76.0843275287331,76.29467034818359,76.59979428065215,76.651516754761,76.94836763406884,77.50312844805916,77.64977915634458,77.54679326725568,76.79047822761883,76.72532424873367,76.67481007251259,,,,,,,76.28837102450949,76.2496926986039,75.5957224176983,75.23310216695329,75.11956056249034,75.08384742272744,75.05770184168863,75.46112984238925,76.16671395864512,76.41364113637906,76.62126862802774,76.76577923845707,77.13041577166302,77.35782324992006,77.53941822320317,77.69524819023268,77.15405072828015,76.70806181013916,,76.16671395864512,76.37121514441709,,76.0843275287331,76.06454150321488,"rgba(38, 166, 154, 0.5)",1.151185397675459,75.61509510040148,0.638389699072349,53.60661354184984,-1.7063877204167,False,False,True,False,True,4.508420686017914,0.0,0.0,0.0,0.0,0,0.9948625738505015,0.9466563918143677,False,False,False,False,0.24439221705003839,0.2445114815804345,False,False,False,False,1129519.0,1298872.558608657,False,False,False,False,24934.923798826272,False,False,False,False
2025-09-03 18:00:00+00:00,76.36,76.585,76.305,76.41,16407.0,,,,,,,,,,76.30942980425012,75.30988818270447,75.13112107840831,75.1868884166315,75.08482593375524,76.08519871366146,76.295001875217,76.59944138244325,76.65105998107269,76.94735907114912,77.50129964071506,77.64777221361449,77.54529395483323,76.7900745753226,76.72500038927363,76.67454638710412,,,,,,,76.29917582816957,76.25707279774196,75.60612185703488,75.24294588606853,75.1294320028418,75.09250193975026,75.06354767373556,75.46386497442589,76.16736842134138,76.41368576223121,76.6208725339724,76.7651018569321,77.12910022465192,77.3561776093549,77.53754503370477,77.69345811023878,77.1531670660337,76.70775865250913,,76.16736842134138,76.37127893266293,,76.08519871366146,76.06833933793042,"rgba(38, 166, 154, 0.5)",1.1390631206365132,75.62102056845835,0.6926564623572073,54.39298392467194,-0.5588309395584048,False,False,True,False,True,4.869203391904005,0.0,0.0,0.0,0.0,0,0.9951077160758739,0.9489314221955197,False,False,False,False,0.266751845974663,0.25563166377754876,False,False,False,False,1145926.0,1296501.2941341042,False,False,False,False,24802.70792597625,False,False,False,False
2025-09-03 19:00:00+00:00,76.41,76.72,76.355,76.59,26289.0,,,,,,,,,,76.32230660089772,75.32683894962734,75.14722120213867,75.19882961663694,75.0930457820329,76.08707027139792,76.29599410654832,76.59929093085093,76.6507388278196,76.94613181596247,77.49871468594428,77.64489103503823,77.54316193836345,76.78964963518601,76.72469880345481,76.67433758593218,,,,,,,76.32646887542458,76.27509660229326,75.62463022306444,75.25996437191752,75.14639082439915,75.1073775462275,75.07363442613716,75.46876153561476,76.16888705298328,76.41419703075128,76.62065082918093,76.76441814751553,77.12736943792848,77.35389900159387,77.53488606195376,77.69087633562897,77.15199423264708,76.70748903485297,,76.16888705298328,76.37158072744663,,76.08707027139792,76.07591714779555,"rgba(38, 166, 154, 0.5)",1.1262974500314562,75.63237960308356,0.8502375610365578,56.7596438060411,2.0003948429862177,False,False,True,False,True,5.9510378370587595,0.0,0.0,0.0,0.0,0,0.991702309666382,0.9467921300256629,False,False,False,False,0.28533273977395657,0.27048220177575266,False,False,False,False,1172215.0,1294574.3748452032,False,False,False,False,24825.75121394561,False,False,False,False
2025-09-04 14:00:00+00:00,76.43,76.745,76.095,76.625,13139.0,,,,,,,,,,76.326546576869,75.33468843874928,75.1547575700679,75.20443037579955,75.0969338614239,76.087867609695,76.29636026686006,76.59910350895845,76.65046791240057,76.94541726143441,77.49733714243318,77.64336900166462,77.54202815646246,76.78937765280216,76.72448941709591,76.67417535687349,,,,,,,76.33466275222946,76.28135480815838,75.63296889852951,75.2678762562027,75.15432232557072,75.11436220565999,75.07840014877505,75.47104316856974,76.16951131921286,76.41433084356738,76.6204286280304,76.76396984965197,77.12640801252024,77.35267039695327,77.53347247145916,77.6895148966705,77.15134451760255,76.70729588223612,,76.16951131921286,76.37167650223266,,76.087867609695,76.07904880553292,"rgba(38, 166, 154, 0.5)",1.1100417977689958,75.63721295272279,0.8898647323573767,58.68043773619472,4.0427215153989735,True,False,True,False,True,6.161731481157261,0.0,0.0,0.0,0.0,0,0.9886856656741816,0.9479370480646533,False,False,False,False,0.26176121218179155,0.26612170697877213,False,False,False,False,1185354.0,1292881.0357003163,False,False,False,False,24644.561272644125,False,False,False,False
2025-09-04 15:00:00+00:00,76.625,76.94,76.52,76.86,17523.0,,,,,,,,,,76.34126246601744,75.34753915291591,75.16679776436783,75.21346599899451,75.10314089459479,76.08967934996811,76.29756819796546,76.59949511976959,76.65074064917978,76.94505978750206,77.49602307382449,77.64184467336686,77.54092781971737,76.78935836143106,76.72454705500134,76.67429056276885,,,,,,,76.36240550994015,76.29988609445196,75.64746549828769,75.28069811311892,75.16698447688717,75.12547775054455,75.08598097734139,75.47491831079799,76.17108094702068,76.41519296058442,76.62077031188649,76.76399008302471,77.12570099139913,77.35157576471521,77.532105623802,77.68813365390908,77.15085161532117,76.70737341300544,,76.17108094702068,76.37211544817676,,76.08967934996811,76.08571600980402,"rgba(38, 166, 154, 1.0)",1.0921106435060084,75.64680148691662,1.1108750933775782,62.059202274416485,7.34689920367623,True,False,True,False,True,7.571384621696648,0.0,0.0,0.0,0.0,0,0.9946519524617999,0.9455008488964347,False,False,False,False,0.324641716169379,0.29538171157407556,False,False,False,False,1202877.0,1291485.6242941099,False,False,False,False,24534.149469967473,False,False,False,False
2025-09-04 16:00:00+00:00,76.865,76.975,76.415,76.435,19211.0,,,,,,,,,,76.35057029447195,75.3597663527891,75.17845887410522,75.22221791088226,75.1092261770227,76.09117790533624,76.29842863279787,76.59951684524607,76.65063769577827,76.94429465814966,77.49426021886322,77.63986330685958,77.53946656811935,76.78912004728824,76.72439690161127,76.6742066557816,,,,,,,76.37835131708326,76.31211838806878,75.66067288069098,75.2929800391176,75.17923798420556,75.13629093864533,75.09340939701586,75.47860380622886,76.17232353030369,76.41570011644133,76.62073991722318,76.76362219754334,77.12456766707247,77.3500393437312,77.53028810820041,77.6863518651909,77.15007716838211,76.70724609857083,,76.17232353030369,76.37239812496549,,76.09117790533624,76.09108852355256,"rgba(38, 166, 154, 0.5)",1.0727548438279926,75.65484159095796,0.7272476218873516,58.46942123012191,7.34689920367623,True,False,True,False,False,4.564634152112564,0.0,0.0,0.0,0.0,0,0.9896501582413827,0.9599692070823712,False,False,False,False,0.3174254158650592,0.30640356371956734,False,False,False,False,1183666.0,1289814.0022120308,False,False,False,False,24451.62002082069,False,False,False,False
2025-09-04 17:00:00+00:00,76.435,76.53,76.035,76.38,34798.0,,,,,,,,,,76.34845812955828,75.37625685590766,75.19487182062299,75.23449795529751,75.11799194750432,76.09234319891432,76.29851132712307,76.59825563442656,76.64916819661903,76.94171517823519,77.49003343619121,77.63527851694928,77.53600117467786,76.78799215029748,76.72344100399343,76.67338083688921,,,,,,,76.37169288861234,76.31231151338196,75.67656829509681,75.309823615098,75.1964624666073,75.15165715473478,75.1041120029199,75.48350128774162,76.17305419846173,76.41522341999949,76.61939244249423,76.76170981619714,77.12136808997371,77.34617818404826,77.52597240296627,77.68226519281347,77.14792346100013,76.70633488633658,,76.17305419846173,76.37227397716607,,76.09234319891432,76.0954063622307,"rgba(38, 166, 154, 0.5)",1.0757231885479885,75.66250759538163,0.6669860910843063,55.464961500403284,10.638372926188715,False,False,True,False,False,4.183873338852369,0.0,0.0,0.0,0.0,1,0.9742408734220404,0.9686966905493006,False,False,False,False,0.23453223868016834,0.27046790119986786,False,False,False,False,1148868.0,1287628.7928754103,False,False,False,False,24612.02901274595,False,False,False,False
2025-09-04 18:00:00+00:00,76.39,76.49,76.17,76.465,27344.0,,,,,,,,,,76.34964137236169,75.389623860514,75.20811334045686,75.24448074892456,75.12513191417375,76.09349486474191,76.29881008722894,76.59748067358998,76.64822818791612,76.9398956696359,77.48690177726678,77.63186074334858,77.53342496452818,76.78722156700177,76.72280287605633,76.67284277124303,,,,,,,76.371945183784,76.31544775564146,75.68965096848606,75.32344170005399,75.21034168890795,75.1640619613247,75.11280159201289,75.48758443984715,76.17386360414976,76.41507435138976,76.61854898622013,76.76041879198287,77.11905733663194,77.34333963518725,77.52276956482153,77.67921113968539,77.14636022305599,76.70573115491648,,76.17386360414976,76.37227860247843,,76.09349486474191,76.09949521969722,"rgba(38, 166, 154, 0.5)",1.0773372998551287,75.66937803065417,0.7385077723131088,54.44801809603468,9.6716349504933,False,False,True,False,False,4.714304806940046,0.0,0.0,0.0,0.0,1,0.9727792473760563,0.9733765679665503,False,False,False,False,0.24389812501288693,0.25718301310637737,False,False,False,False,1176212.0,1285901.4007378072,False,False,False,False,24654.385152083218,False,False,False,False
2025-09-04 19:00:00+00:00,76.465,76.84,76.435,76.77,76072.0,,,,,,,,,,76.38627675971831,75.43600518135938,75.25271878108758,75.27864586679651,75.14934613695677,76.10008719413469,76.30292566292383,76.59828587794522,76.64854412545965,76.93760957002765,77.48065879851232,77.62474553599668,77.52819913741338,76.7866764742028,76.72259435089637,76.672886818022,,,,,,,76.42617103567318,76.36019147387046,75.73878608973872,75.37009157242065,75.25701755801644,75.20569915010485,75.14208737317324,75.50260800622006,76.17946341978325,76.41779493987427,76.61914924517497,76.7596940903362,77.11532218537945,77.33800276625612,77.51630807303322,77.67276952994756,77.14376017571685,76.70560978248048,,76.17946341978325,76.37373216167184,,76.10008719413469,76.12012731443775,"rgba(38, 166, 154, 0.5)",1.0839897817084525,75.70002292896501,0.9870730232794414,56.80132991886372,9.6716349504933,False,False,True,False,False,6.59045941198363,0.0,0.0,0.0,0.0,1,0.9786598378147676,0.9673922321809646,False,False,False,False,0.30563877154345287,0.2814108923249151,False,False,False,False,1252284.0,1285380.2007263682,False,False,False,False,25451.557475306734,False,False,False,False
2025-09-05 14:00:00+00:00,77.675,77.765,76.685,76.695,17053.0,,,,,,,,,77.04833333333333,76.40225721912948,75.4488762544932,75.26482125040789,75.28802654615193,75.15594543635163,76.10246371664553,76.3047175845691,76.59924875397682,76.64938909854696,76.9378288736947,77.47990872852485,77.62377958306753,77.52754005833373,76.78697902455777,76.72296408257112,76.67330647276376,,,,,,,76.44966713394292,76.37853617180042,75.753166627171,75.3829142360153,75.26966650490046,75.21696269101484,75.15003088566968,75.50695534930198,76.18160599888193,76.41923410405015,76.62006226941405,76.76028829126605,77.11519419227076,77.33747996425843,77.51550355686041,77.67186692448914,77.1436406347579,76.70599683740437,,76.18160599888193,76.37444189477792,,76.10246371664553,76.10974689949035,"rgba(38, 166, 154, 0.5)",1.0878730674174781,75.74688478977686,0.8715310991877797,57.340721822593295,9.6716349504933,False,False,True,False,True,6.047612647113823,0.0,0.0,0.0,0.0,1,0.9797005836082214,0.9573712255772647,False,False,False,False,0.34282823566456877,0.31211956399474194,False,False,False,False,1235231.0,1284602.6937383625,False,False,False,False,25321.347281891125,False,False,False,False
2025-09-05 15:00:00+00:00,76.71,76.85,76.57,76.81,13967.0,,,,,,,,,76.9110046744036,76.40886941593635,75.45728480272352,75.27293828220807,75.29431745225091,75.16045076868136,76.10377652797146,76.30557948574084,76.59950079518403,76.64955144138777,76.93751387184955,77.47886354194162,77.62257279138436,77.52665888294828,76.78693772949215,76.72298300124821,76.67337052195508,,,,,,,76.4584780030933,76.38633099009925,75.7619928724554,75.39137460878347,75.27814032805331,75.22456646627776,75.15545032662294,75.5097968380205,76.18273822651128,76.41983884312779,76.62027667995676,76.7602597518314,77.11461317670833,77.33660298556201,77.51441783974178,77.67076894053693,77.1432303393318,76.70603134089382,,76.18273822651128,76.3747594906318,,76.10377652797146,76.10804990461764,"rgba(38, 166, 154, 0.5)",1.092380172578647,75.74551844309681,0.974460708482468,58.805133571188954,9.6716349504933,True,False,True,False,True,6.758007935913568,0.0,0.0,0.0,0.0,1,0.9764086897488121,0.9729293957909031,False,False,False,False,0.2489690955932906,0.2805443297940163,False,False,False,False,1249198.0,1284053.783757923,False,False,False,False,25145.31088992382,False,False,False,False
2025-09-05 16:00:00+00:00,76.81,77.145,76.8,76.91,9939.0,,,,,,,,,76.92087160331062,76.41625562080166,75.46416073559762,75.27947107676174,75.29939996359144,75.16406116607281,76.10501070982956,76.30648167377858,76.59993862023354,76.64992249908917,76.93753016424637,77.47833173905082,77.62191904788466,77.52619948802028,76.78704856372887,76.72313404524478,76.67355153637298,,,,,,,76.46878762416948,76.39479832297057,75.76949162490537,75.3982491628314,75.28496023981711,75.23066730486406,75.15978747768273,75.51215107730836,76.18383954061068,76.42054406273299,76.62068634294228,76.76048874679908,77.11443220557138,77.33619909107215,77.51385533617442,77.67016434727745,77.1430907220321,76.70619276721193,,76.18383954061068,76.37511271914694,,76.10501070982956,76.11192746630363,"rgba(38, 166, 154, 1.0)",1.0975343988952153,75.75090179125971,1.0560928294430174,60.7041043362202,5.77730637918453,True,False,True,False,True,7.3762042246937725,0.0,0.0,0.0,0.0,1,0.9891304347826089,0.9649948647723384,False,False,False,False,0.2961769462160412,0.28836063800502876,False,False,False,False,1259137.0,1283667.477032994,False,True,False,False,24909.554131940506,False,True,False,False
2025-09-05 17:00:00+00:00,76.91,76.91,76.59,76.63,12458.0,,,,,,,,,76.8716917835146,76.42118184122967,75.47130471445563,75.28641504287782,75.30480138025662,75.16795707835156,76.10611250596745,76.30718671638073,76.60010986514752,76.6500148451252,76.93720232482409,77.47736148938417,77.62080660573736,77.52538292167387,76.78698363930384,76.72312318066166,76.67358122819915,,,,,,,76.47494650729529,76.4006067260112,75.77686407206807,75.40545366172373,75.29220236599477,75.23718846422221,75.16446515589438,75.51459757222773,76.18478245038999,76.42102437112659,76.62082452079255,76.7604131475008,77.1138699788805,77.33537660924894,77.51284945050135,77.6691535445364,77.14269543367081,76.70619590079338,,76.18478245038999,76.37536953446732,,76.10611250596745,76.1130637480603,"rgba(38, 166, 154, 0.5)",1.0991105412939668,75.7529806973357,0.7979354848437649,57.980031110947145,5.77730637918453,True,False,True,False,False,5.297891975072751,0.0,0.0,0.0,0.0,1,0.9851934269085932,0.9606299212598425,False,False,False,False,0.25608801574709267,0.2722243268760607,False,False,False,False,1246679.0,1283094.0122727924,False,False,False,False,24716.506781057706,False,False,False,False
2025-09-05 18:00:00+00:00,76.645,76.9,76.545,76.86,13551.0,,,,,,,,,76.85077716222673,76.4274010540195,75.4793446077335,75.29419847575295,75.31087187221075,75.17233202865054,76.107421748009,76.30806147762797,76.60039408731463,76.65021234030816,76.93693807482296,77.47638890992131,77.6196769423682,77.5245599779207,76.78696656060953,76.72316382339957,76.67366511331582,,,,,,,76.48287460017389,76.40783271437817,75.7852463865408,75.41354734386088,75.30031744737394,75.24449515664358,75.1697121151694,75.51737669380951,76.18591774334347,76.4216501106079,76.62107233791504,76.76042602628289,77.1133482719022,77.33456763802826,77.51183745839595,77.66812319412466,77.14232413867919,76.70625148088278,,76.18591774334347,76.37569705288004,,76.107421748009,76.11585350058826,"rgba(38, 166, 154, 1.0)",1.1021007867457904,75.75717794459153,1.0006544489137026,58.48025407341903,5.77730637918453,True,False,True,False,False,6.7413704577826365,0.0,0.0,0.0,0.0,1,0.9899785867237688,0.957002141327623,False,False,False,False,0.25119107133670565,0.26170769910638314,False,False,False,False,1260230.0,1282739.5314623613,False,False,False,False,24543.398148793243,False,False,False,False
2025-09-05 19:00:00+00:00,76.86,76.86,76.55,76.635,29562.0,,,,,,,,,76.79898762042889,76.43696454775089,75.49538631291283,75.30991601554265,75.3231644929906,75.18127983826449,76.10988783078884,76.30960116440451,76.6006925431587,76.65032646199731,76.93606961507199,77.47401785401902,77.61697307954552,77.52256585362304,76.78675662197,76.72308260079504,76.67368053723914,,,,,,,76.49394118976328,76.41908893415744,75.80148024766159,75.42976622498422,75.31668773848443,75.25930252245814,75.18042611848102,75.52297981581302,76.18801288863024,76.42266808632517,76.62129360611502,76.76014762822166,77.11193107425657,77.33254192883116,77.50938304880665,77.66566789203203,77.14132958288636,76.70620360148129,,76.18801288863024,76.37625236227127,,76.10988783078884,76.12050177789979,"rgba(38, 166, 154, 0.5)",1.1010024834077463,75.76450561644349,0.7906379837239106,56.062686955956494,5.77730637918453,False,False,True,False,False,5.085796795263146,0.0,0.0,0.0,0.0,1,0.9893571367264614,0.9589734786713586,False,False,False,False,0.24808098048718505,0.2548943397967841,False,False,False,False,1230668.0,1281932.2208970534,False,False,False,False,24621.205929432104,False,False,False,False
2025-09-08 14:00:00+00:00,76.04,76.565,75.94,76.495,36124.0,,,,,,,,,76.67218182891834,76.43241083114786,75.5088289570352,75.32388953164752,75.33411400800357,75.18956557380201,76.11105429393469,76.30972007959481,76.5994981461532,76.64892726627346,76.93357424400688,77.46987429491132,77.6124674533,77.51913774400906,76.78565464247417,76.72215263194012,76.67288073432302,,,,,,,76.48371151985762,76.41498741099986,75.81299508804149,75.44367049653543,75.33120017618948,75.27265661142029,75.19032360654498,75.5277174222242,76.18875951621835,76.42224273662283,76.62001437791919,76.75831196441787,77.10882005095581,77.32876790597213,77.50514953375178,77.66162787318237,77.1392035100627,76.70531834473695,,76.18875951621835,76.37615738787875,,76.11105429393469,76.11871774577749,"rgba(38, 166, 154, 0.5)",1.0971632135278158,75.76407438639313,0.666195880972581,52.939271152662876,7.795468931919594,False,False,True,False,False,4.069004360682008,0.0,0.0,0.0,0.0,1,0.9780641857289177,0.9617616934107202,False,False,False,False,0.16909988270355225,0.21199711125016818,False,False,False,False,1194544.0,1280577.3647591146,False,False,False,False,24799.543821999046,False,False,False,False
2025-09-08 15:00:00+00:00,76.505,76.7,76.345,76.38,18775.0,,,,,,,,,76.64773414163294,76.43336176827015,75.51681810040736,75.33200069256556,75.34050528301307,75.19435266920121,76.11203908336638,76.31014939311575,76.59920974742052,76.64852917264278,76.93258962530221,77.46799955443531,77.61039615076571,77.517575748956,76.78526273511373,76.72184651018104,76.67263934485707,,,,,,,76.48343237548121,76.41644302236853,75.82036143108549,75.45185344443846,75.33962371759871,75.28037652928991,75.19603017511253,75.53058708250629,76.18952183098014,76.42237296891207,76.61968032978601,76.75768008601045,77.10750652322615,77.32709519620037,77.50322578641968,77.65976069893084,77.13829639883429,76.70503449495371,,76.18952183098014,76.37627093751888,,76.11203908336638,76.12039417559737,"rgba(38, 166, 154, 0.5)",1.0899392990791976,75.76709222703724,0.5623320248022559,49.67998129621865,4.729674722355483,False,True,False,False,False,3.236417619395695,0.0,0.0,0.0,0.0,1,0.9871368941136384,0.9551920947269782,False,False,False,False,0.21591405518890966,0.21395558321953892,False,False,False,False,1175769.0,1278952.4288713764,False,False,False,False,24706.140041813014,False,False,False,False
2025-09-08 16:00:00+00:00,76.38,76.395,76.09,76.245,14060.0,,,,,,,,,76.61337611563307,76.43023658940082,75.52128920995317,75.33678437840786,75.34427698650286,75.19726999888107,76.11230459204634,76.31001967616021,76.59859346141486,76.64783583601127,76.93148313709828,77.46627378159296,77.6085344641692,77.51614983594622,76.78475123756081,76.72140307964497,76.67224752125941,,,,,,,76.47780595144243,76.41335477454479,75.82385688583409,75.45652847818893,75.34458039197789,75.28498453636668,75.19950247162461,75.53220035278372,76.18962893813364,76.42204260782867,76.61903222791175,76.75682244564338,77.10616744498599,77.32550744195403,77.5014663252517,77.65809361088658,77.13738202051245,76.70460877329755,,76.18962893813364,76.37615667039128,,76.11230459204634,76.11981939722922,#000000,1.0766925832940928,75.76705710278209,0.44389912648573265,46.200720817296954,1.520189768283764,False,True,False,True,False,2.2618805853383996,0.0,0.0,0.0,0.0,1,0.9816921892377449,0.9686029600479084,False,False,False,False,0.167381254131783,0.19066841867566098,False,False,False,False,1161709.0,1277134.7012919753,False,False,False,False,24541.08360705622,False,False,False,False
2025-09-08 17:00:00+00:00,76.24,76.245,75.915,76.06,6605.0,,,,,,,,,76.59264917235156,76.42750036369321,75.522880605416,75.33859615748916,75.3457049911085,75.19841307197622,76.11226760475142,76.30980401065723,76.59816649681251,76.64737440196576,76.93083645734907,77.46535227480786,77.60755295776946,77.51539176241556,76.78443593999462,76.72112107781675,76.67199084272325,,,,,,,76.47340178384005,76.41052885323174,75.82482166175926,75.45823525501622,75.34645327968457,75.28675275942238,75.20086135873026,75.53277513345061,76.18952029850568,76.42174060263936,76.61859112065638,76.75628747708576,77.10541615566561,77.32464624428538,77.50053001982229,77.6572178707624,77.13687156086696,76.7043354459478,,76.18952029850568,76.37603444118979,,76.11226760475142,76.11896901270175,#000000,1.0494784204339584,75.76631361571238,0.27984032693705685,42.27492308898412,-2.0531506093332794,False,True,False,True,False,0.9391631369972089,0.0,0.0,0.0,0.0,1,0.9799382716049384,0.9700788751714676,False,False,False,False,0.13958304147636386,0.16512573007601242,False,False,False,False,1155104.0,1275242.7524347352,False,False,False,False,24263.00479144295,False,False,False,False
2025-09-08 18:00:00+00:00,76.06,76.335,75.835,76.32,8189.0,,,,,,,,,76.57314834639614,76.42501305591104,75.5251614727437,75.34110373737519,75.34768573863396,75.19997149725857,76.11232762323033,76.30963872853742,76.5977287120097,76.64689286934748,76.93012005205773,77.46428522357162,77.606409092077,77.51451158356926,76.78409484239992,76.72082031582232,76.67172070964985,,,,,,,76.46927162646548,76.4080076940194,75.82643695471201,75.46064598814326,75.3490478542581,75.28918363371936,75.20271346376921,75.53360442993522,76.18949000388776,76.42146343175769,76.61813532358246,76.75571262703328,77.10456730306363,77.3236568366344,77.49944397097111,77.65619507408466,77.1362928618574,76.70404518531662,,76.18949000388776,76.3759280523299,,76.11232762323033,76.1184291601793,"rgba(38, 166, 154, 0.5)",1.0139653227193195,75.76603383272601,0.546336403091499,43.21169668822158,-2.0531506093332794,False,True,False,True,False,2.713892723321571,0.0,0.0,0.0,0.0,1,0.9798238864666154,0.9653757373685561,False,False,False,False,0.140434968620283,0.15278034934814771,False,False,False,False,1163293.0,1273507.0973582277,False,False,False,False,24013.795414831427,False,False,False,False
2025-09-08 19:00:00+00:00,76.31,76.32,75.95,76.17,40580.0,,,,,,,,,76.49478924340731,76.41260474648861,75.5359395506606,75.35306082017183,75.35716355310892,75.20748813958997,76.11252646276323,76.30873247906558,76.59548950552914,76.644438977565,76.92651286417464,77.45895581910611,77.60070222193401,77.51011318334055,76.78236483708213,76.71929027011284,76.67034256103169,,,,,,,76.4492959652386,76.3954347905982,75.83383421034557,75.47207533809964,75.36140738875325,75.30080748115341,75.21162982012942,75.53757405191845,76.18924590859427,76.42001053955963,76.61580777470164,76.75280068118366,77.10030926037598,77.31870860145794,77.49402125141467,77.65109092002406,77.13338633269154,76.70256720910619,,76.18924590859427,76.37536120856461,,76.11252646276323,76.11630752618538,#000000,0.9774016021541634,75.7653210858675,0.4140354519990591,42.40171149150818,-2.0531506093332794,False,True,False,True,False,1.6328315186823374,0.0,0.0,0.0,0.0,0,0.980839649152687,0.9634675977177893,False,False,False,False,0.14896559810554078,0.15087297372684425,False,False,False,False,1122713.0,1271169.2043759294,False,False,False,False,24270.63579599683,False,False,False,False
2025-09-09 14:00:00+00:00,75.815,76.03,75.28,75.925,20476.0,,,,,,,,,76.43117464092695,76.39791822674319,75.53775305157637,75.35597446726732,75.35947115954139,75.20963299688756,76.11145575938986,76.30715514430655,76.59336443479988,76.64221812317598,76.92377432254577,77.4554649285702,77.59704873759972,77.5072538852179,76.78094615056632,76.7179819496392,76.669118641526,,,,,,,76.42795780010722,76.38001962443315,75.83281070632913,75.47435056402892,75.36438335213887,75.30382512661326,75.21415989723046,75.53824955001294,76.18797185379758,76.41821453127551,76.61364395602769,76.7503752191429,77.09727615138567,77.31537729503412,77.4904907088154,77.64784439438175,77.13133184388207,76.70128771328827,,76.18797185379758,76.37457576760912,,76.11145575938986,76.11154031818873,#000000,0.9371896747660706,75.76033786335526,0.17569777076965465,39.8332166975387,-4.5209340416632315,False,True,False,True,False,0.0,0.0,0.0,0.0,0.0,0,0.9687447346251055,0.9669755686604884,False,False,False,False,0.06777445690877092,0.10932371531780757,False,False,False,False,1102237.0,1268550.1004321165,False,False,False,False,24211.804233268194,False,False,False,False
2025-09-09 15:00:00+00:00,75.93,75.965,75.25,75.295,17756.0,,,,,,,,,76.36758888953217,76.38117210471329,75.53749607200875,75.35691831926184,75.3602096157484,75.21064577574687,76.10992334639035,76.30520952373031,76.59100773993617,76.63978480281081,76.92092506256193,77.45202317837733,77.59348031891017,77.5044429051555,76.77943280028876,76.71656918107846,76.66778305793014,,,,,,,76.40428745641668,76.36236519304852,75.82955145832895,75.47455857842684,75.36531189916136,75.30499356760637,75.21534452158298,75.53815122510896,76.18627342519642,76.41610851549802,76.61125664895843,76.74777807850205,77.09418884051725,77.31205710817457,77.48701839388517,77.6446816611705,77.12924547767109,76.69990125446428,,76.18627342519642,76.37363540771649,,76.10992334639035,76.10572431075873,"rgba(239, 83, 80, 0.5)",0.896288267054364,75.75391748296522,-0.5120199603565534,34.63370522841435,-9.44424534433675,False,True,False,True,False,0.0,0.0,0.0,0.0,0.0,0,0.976246432768172,0.964327681718986,False,False,False,False,0.05980536707866582,0.0845645411982367,False,False,False,False,1084481.0,1265696.3159292932,False,False,False,False,24111.71424515551,False,False,False,False
2025-09-09 16:00:00+00:00,75.275,75.47,75.145,75.26,10747.0,,,,,,,,,76.32473812453216,76.36896616385901,75.53639018918977,75.35666633068644,75.35999732267246,75.21081452576183,76.10867724150592,76.30372684583047,76.58930964565481,76.63804368443016,76.91894939436044,77.44972028093527,77.59110827537685,77.50256580127225,76.77836692662737,76.71556677890716,76.66682949636913,,,,,,,76.38731085183049,76.34947209097079,75.82635012662674,75.47376752172597,75.36501522542133,75.3049464936663,75.21553329439281,75.53773182495314,76.18493217856822,76.4145440306635,76.6095415858918,76.74594490300038,77.09207816479413,77.3098189548024,77.4846990027517,77.64258313891241,77.12782122223926,76.69891547515472,,76.18493217856822,76.37292904416341,,76.10867724150592,76.10133066863166,"rgba(239, 83, 80, 0.5)",0.8405376175330621,75.74894303876138,-0.5817027442464761,31.017946706173486,-12.758541884914955,False,True,False,True,False,0.0,0.0,0.0,0.0,0.0,0,0.9847915242652084,0.9764183185235817,False,False,False,False,0.009607881967131977,0.047086211582684334,False,False,False,False,1073734.0,1262720.155992405,False,False,False,False,23904.509373137593,False,False,False,False
2025-09-09 17:00:00+00:00,75.24,75.435,75.12,75.35,7905.0,,,,,,,,,76.29562033073267,76.36024290768226,75.53561606286836,75.35651054336613,75.35986473710409,75.21095349918743,76.10777427283284,76.30264977052408,76.58807303939503,76.63677535638104,76.91750815066233,77.44803734136262,77.58937420139696,77.50119335715284,76.77758916011712,76.71483552949314,76.66613403766317,,,,,,,76.37526163676364,76.3402727712608,75.82406317855148,75.47322172457262,75.36482807066457,75.30493799423165,75.21568971197048,75.53743674331864,76.18395919905232,76.41340626700435,76.60829245791183,76.74460869844238,77.09053740660427,77.30818397619508,77.4830038559631,77.64104850558778,77.12678071155842,76.69819640790976,,76.18395919905232,76.37241486373024,,76.10777427283284,76.09825154029122,#000000,0.8381832401962086,75.7454751899568,-0.47182426346801726,29.897727164802482,-13.822744260241215,False,True,False,True,False,0.0,0.0,0.0,0.0,0.0,0,0.9864183821645172,0.956607158110532,False,False,False,False,0.004594960576646465,0.025840586079665398,False,False,False,False,1081639.0,1259912.6962095771,False,False,False,False,23656.45496425174,False,False,False,False
2025-09-09 18:00:00+00:00,75.36,75.38,74.95,74.98,13081.0,,,,,,,,,76.24199307952928,76.34347028255597,75.53326968228698,75.35532939380364,75.35890346009853,75.21068177305663,76.1059179497468,76.30052038964891,76.58571725390033,76.63437084132681,76.91483680728939,77.44500143887701,77.58626218843565,77.49872157884533,76.77613122085904,76.7134575420715,76.66481771121252,,,,,,,76.35232291919425,76.32255951436092,75.81890199488659,75.47129071321893,75.36355589189112,75.3040771583348,75.21535308587065,75.53654066667225,76.18199296180087,76.41119365540483,76.60591770371724,76.74209982803279,77.08771158230014,77.3052174447297,77.47995002245275,77.63829852404741,77.12487467726251,76.69683938073184,,76.18199296180087,76.37140769209745,,76.1059179497468,76.09214984134634,"rgba(239, 83, 80, 0.5)",0.8392441472780192,75.73848388460462,-0.9037702402389824,27.39726558512323,-16.28848983868216,False,True,False,True,False,0.0,0.0,0.0,0.0,0.0,0,0.9830030748206356,0.9601981551076186,False,False,False,False,-0.01420349469755196,0.005818545691056719,False,False,False,False,1068558.0,1256945.9567334596,False,False,False,False,23492.49442217032,False,False,False,False
2025-09-09 19:00:00+00:00,74.99,74.995,74.595,74.745,39559.0,,,,,,,,,76.06674128118442,76.28275863832849,75.52107770073782,75.34730202872312,75.35239807146813,75.20740555719972,76.09853932847112,76.29239084362527,76.57708625044039,76.62561099118804,76.90536508592726,77.43460041982401,77.57567251370551,77.49026744378274,76.77088397590512,76.7084663308835,76.66002465248442,,,,,,,76.27091814433591,76.25846021393002,75.79684495863178,75.46052055544601,75.35507058499266,75.29737482176323,75.2114290022625,75.53183694453733,76.17431150578791,76.40289609231779,76.59723793327622,76.73306358357745,77.07782289851461,77.29497753888317,77.46950584067726,77.62895671245671,77.11820912773229,76.69191539718395,,76.17431150578791,76.3675934057519,,76.09853932847112,76.06957762222201,"rgba(239, 83, 80, 1.0)",0.8490868598071476,75.71223095220209,-1.1391425282706331,24.837022254479404,-18.823060378516868,False,True,False,True,False,0.0,0.0,0.0,0.0,0.0,0,0.9773308334753708,0.9638656894494629,False,False,False,False,-0.07617230458948684,-0.03517687944921506,False,False,False,False,1028999.0,1253411.8953887548,False,False,False,False,23741.58753190411,False,False,False,False
2025-09-10 14:00:00+00:00,74.765,74.96,73.86,74.16,21399.0,,,,,,,,,75.96089324665188,76.24255747882621,75.51073370280423,75.33967838119978,75.34621824986353,75.203810072963,76.09322816165006,76.28672824006098,76.57128793119148,76.61975663426854,76.89919581577057,77.42805689861923,77.56905781450118,77.48495812658771,76.76741619877743,76.70514780670526,76.65682212689988,,,,,,74.32666666666665,76.21800478027926,76.21603661045894,75.78017850637526,75.45106722654155,75.34706735288889,75.2907266188102,75.20715231355258,75.5278061071355,76.16885813935473,76.397204511931,76.59141958376752,76.72708863884002,77.07146516880441,77.28848496016238,77.4629472010596,77.62313209970205,77.11392627299627,76.6886361370101,,76.16885813935473,76.36495348605787,,76.09322816165006,75.93579320562627,"rgba(255, 0, 0, 1.0)",0.8690614436243593,75.60207902304971,-1.6593522053350176,21.48064764109438,-22.080963639125706,False,True,False,True,False,0.0,0.0,0.0,0.0,0.0,0,0.9645913743916766,0.9642557476086592,False,False,False,False,-0.14128711537716374,-0.0882319974131894,False,False,False,False,1007600.0,1249600.8582509446,False,False,False,False,23705.26834536296,False,False,False,False
2025-09-10 15:00:00+00:00,74.105,74.43,74.05,74.31,16698.0,,,,,,,,,75.88396763948143,76.21131785550669,75.50236059929865,75.33344116614796,75.3411511597712,75.2008236728425,76.08895804323731,76.28219018164376,76.56665703996163,76.61508345012071,76.89428428392628,77.42286610689398,77.56381447666534,77.48074470836173,76.76464702315045,76.70249594123649,76.6542614856468,,,,,,74.29890752552694,76.1773575148031,76.18313820035739,75.76687823394563,75.44339004989533,75.34052602280406,75.28526516211483,75.2036057667496,75.52451459580105,76.16447956540931,76.39264971828402,76.5867737124249,76.72232438867928,77.06641049844451,77.28333047432086,77.45774540254503,77.61851426095106,77.1105176758898,76.68601514068153,,76.16447956540931,76.36283439130513,,76.08895804323731,75.92305824188713,"rgba(239, 83, 80, 1.0)",0.8874907841175309,75.58698927876208,-1.4388761005916664,21.16114919400568,-22.563026124519972,False,True,False,True,False,0.0,0.0,0.0,0.0,0.0,0,0.966820276497696,0.9761206535400081,False,False,False,False,-0.17038952047644046,-0.12931075894481492,False,False,False,False,1024298.0,1246107.7906811624,False,False,False,False,23596.628526055007,False,False,False,False
2025-09-10 16:00:00+00:00,74.305,74.485,74.185,74.47,8810.0,,,,,,,,,75.84884925725476,76.1961932409765,75.49839974285939,75.33053501116703,75.33878410341421,75.19945078751292,76.08685657770846,76.27994194918772,76.56434460288061,76.61274724699547,76.89181487340043,77.42023513355052,77.56115229860453,77.47860656166482,76.76325648138221,76.70116592646922,76.65297849314683,,,,,,74.3141381883301,76.15785167994177,76.16725142485117,75.7604917101072,75.43977588578558,75.33747684261846,75.28273328467708,75.2019761418469,75.52294487429549,76.16231876371037,76.39038564054881,76.58445268460308,76.7199370578198,77.06386163294496,77.28072278480012,77.45510768834916,77.61616750492375,77.10879611255262,76.68470104649354,,76.16231876371037,76.36178009407551,,76.08685657770846,75.91814052821753,"rgba(239, 83, 80, 1.0)",0.894709787364182,75.58127782776941,-1.2420539525372147,22.93360532418609,-22.563026124519972,False,True,False,True,False,0.0,0.0,0.0,0.0,0.0,0,0.9663837297251872,0.9808387259433565,False,False,False,False,-0.15409426465783094,-0.14170251180132293,False,False,False,False,1033108.0,1242805.4683450204,False,False,False,False,23367.378471387485,False,False,False,False
2025-09-10 17:00:00+00:00,74.45,74.61,74.25,74.285,10108.0,,,,,,,,,75.81056788125343,76.17916078061738,75.49389634317521,75.32722824099517,75.33608732006893,75.19788447008811,76.08445420349454,76.27737127363284,76.56169950582111,76.61007485029229,76.88898948282753,77.41722378283211,77.55810497134712,77.47615834341438,76.76166417820141,76.69964292680389,76.65150933414262,,,,,,74.32611008798855,76.13600761810207,76.14938208864297,75.75324507871443,75.4356658568581,75.33400822826901,75.27985110056221,75.20011812125215,75.5211517959761,76.15984835510201,76.38779640549576,76.58179770971277,76.71720592972976,77.06094500051852,77.2777383778314,77.45208855410915,77.6134805659833,77.10682478385826,76.6831962761223,,76.15984835510201,76.360572860918,,76.08445420349454,75.91242190916765,"rgba(239, 83, 80, 1.0)",0.8821589916155392,75.57463162189069,-1.461903845166197,23.33124797933075,-22.563026124519972,False,True,False,True,False,0.0,0.0,0.0,0.0,0.0,0,0.9631503499451894,0.9845686820136607,False,False,False,False,-0.13787980669018488,-0.13979115924575392,False,False,False,False,1023000.0,1239397.6316264928,False,False,False,False,23161.806712141166,False,False,False,False
2025-09-10 18:00:00+00:00,74.285,74.78,74.23,74.69,7661.0,,,,,,,,,75.78644634315711,76.16776999590904,75.49107098632116,75.32522465922749,75.3344477180369,75.19696949222067,76.08283524533731,76.2756172404452,76.5598687790928,76.60822145975757,76.88701000059747,77.4150842635672,77.55593353477923,77.47441615720457,76.76055246428,76.69858197477717,76.65048775340269,,,,,,74.3546044900736,76.1215147814773,76.13746776548643,75.7485372877137,75.4331150515865,75.33190347860273,75.27812631415236,75.19903254220945,75.52001657529813,76.1581748816378,76.386018988476,76.57995856847393,76.71530384152145,77.05889100865276,77.27562477228008,77.4499418911172,77.61156347229644,77.10543388227545,76.68214866675335,,76.1581748816378,76.3597443076959,,76.08283524533731,75.90952589981859,"rgba(239, 83, 80, 1.0)",0.8621339803079696,75.57138688793759,-1.02233168865789,28.1360257434043,-27.689783323614748,False,True,False,True,True,0.0,0.0,0.0,0.0,0.0,0,0.9578991596638657,0.983529411764706,False,False,False,False,-0.12513002888394859,-0.13246059406485125,False,False,False,False,1030661.0,1236161.4047795704,False,False,False,False,22921.484127456806,False,False,False,False
2025-09-10 19:00:00+00:00,74.685,74.685,74.275,74.48,12400.0,,,,,,,,,75.74668829235213,76.14869047282603,75.4861088672067,75.32163599179552,75.33151073823353,75.19529126603038,76.08007275609465,76.27264220173923,76.55678416342859,76.60510165264208,76.88369377261532,77.41152290281414,77.55232384141812,77.47151677734139,76.7586844533026,76.69679724725363,76.6487676733321,,,,,,74.37477814105559,76.09733939219022,76.11751568297387,75.7404429717086,75.42860811969953,75.32813804930318,75.27501427811657,75.19704356467346,75.51801831359484,76.15532655874559,76.383012729681,76.57686102322597,76.71210837128835,77.05545823996381,77.27210146634732,77.44636985312822,77.60837742092215,77.10310906822339,76.68038583814777,,76.15532655874559,76.358340100694,,76.08007275609465,75.90351542444739,"rgba(239, 83, 80, 1.0)",0.8423582138033832,75.56448880805667,-1.287443738644181,30.146674715928597,-25.676465113693858,False,True,False,True,True,0.0,0.0,0.0,0.0,0.0,0,0.9588087248322152,0.9843959731543626,False,False,False,False,-0.1293752585710652,-0.13091792631795823,False,False,False,False,1018261.0,1232783.1039302747,False,False,False,False,22758.360342534994,False,False,False,False
2025-09-11 14:00:00+00:00,75.05,75.085,74.305,74.98,40982.0,,,,,,,,,75.65925951157149,76.09975586974527,75.47499804160599,75.31427908839142,75.32542815398155,75.19217996726789,76.07276589953312,76.26456771291102,76.5481663605869,76.59635011588281,76.87420351345418,77.40105204201042,77.54165153558172,77.46296301117842,76.75336933636136,76.69174110483425,76.64391197276866,,,,,,74.51891595656372,76.03665907464979,76.06672186017853,75.72081339183245,75.41878143901963,75.32039002599775,75.26884352641197,75.19335598593685,75.51342446413437,76.14771049373692,76.37475174448896,76.56819226057306,76.70306978542017,77.04553547560053,77.26180573328614,77.43585253004554,77.59893237002646,77.09635935105224,76.67539770666303,,76.14771049373692,76.35447755920161,,76.07276589953312,75.89276478877905,"rgba(239, 83, 80, 0.5)",0.7904718228402434,75.55303549446775,-0.7249284261756133,35.93024377776028,-20.236619052926628,False,True,False,True,True,0.0,0.0,0.0,0.0,0.0,0,0.9587663147393801,0.977471111480589,False,False,False,False,-0.09300138982516445,-0.11195965807156134,False,False,False,False,1059243.0,1230092.5596832938,False,False,False,False,23040.89739148794,False,False,False,False
2025-09-11 15:00:00+00:00,74.965,75.34,74.635,75.29,24252.0,,,,,,,,,75.62996780531012,76.07864901094396,75.47137998591988,75.31244382971107,75.32386255594042,75.19171034050656,76.06947735633425,76.26078912468422,76.54396472020646,76.59205962904508,76.8694259570104,77.39559847510682,77.53605524628546,77.4584888861594,76.75071337691399,76.68922903197993,76.64151091664952,,,,,,74.61595418452673,76.01130758442396,76.04505913275612,75.7131766088009,75.41579953744842,75.31842955189275,75.26749461903728,75.19279595022597,75.51184302595338,76.14422497144012,76.37081607574441,76.56395586967233,76.69858881769719,77.04047556917293,77.25648365152604,77.43036516469745,77.59396328424646,77.09289785441435,76.67292337012022,,76.14422497144012,76.35263492975332,,76.06947735633425,75.8901460725762,#000000,0.7382512634121335,75.5509048135539,-0.35340923407027197,41.95169257396442,-14.790623343796675,False,True,False,True,True,0.0,0.0,0.0,0.0,0.0,0,0.9667244653620679,0.9721740566427216,False,False,False,False,-0.04388892521020576,-0.07792429164088355,False,False,False,False,1083495.0,1227819.729300607,False,False,False,False,23059.674176116034,False,False,False,False
2025-09-11 16:00:00+00:00,75.27,75.465,75.21,75.45,8764.0,,,,,,,,,75.6253266446642,76.0733823056757,75.47105518568308,75.31262691150492,75.32398429135395,75.19200939065723,76.0686400073026,76.25976201464006,76.542750156116,76.59080959806606,76.86798262745583,77.39387810162977,77.53427529096801,77.45707125705086,76.74992082027396,76.68848538246402,76.64080487241297,,,,,,74.65998742338192,76.00521933430207,76.03974039395128,75.71170744188662,75.41566692442541,75.31860173382381,75.26778414945892,75.19314638684459,75.51165930267531,76.14331146968607,76.36971633491301,76.56272716585092,76.69726282002405,77.03892105627409,77.25482024445182,77.42863043495215,77.59237731943787,77.09182836554761,76.6721925281591,,76.14331146968607,76.35212105413854,,76.0686400073026,75.8905512428247,#000000,0.6744757924464665,75.55181042294194,-0.15094748259629884,46.99402765427206,-10.351119110536835,False,False,False,False,True,0.0,0.0,0.0,0.0,0.0,0,0.9749457157173879,0.9808752296642729,False,False,False,False,0.014621286273572143,-0.0316515026836557,False,False,False,False,1092259.0,1225718.0125672643,False,False,False,False,22838.035816796404,False,False,False,False
2025-09-11 17:00:00+00:00,75.39,75.53,75.34,75.45,7556.0,,,,,,,,,75.62246308751368,76.06932119455844,75.47096521662337,75.3129474999031,75.32422191729604,75.19235774432914,76.06798719429308,76.25894330472617,76.54176320219635,76.58979143446129,76.86679455719047,77.3924448874985,77.5327891558825,77.45588868513353,76.74927050895289,76.6878766051419,76.64022800459573,,,,,,74.6971416503814,76.00059484196464,76.03566390381165,75.71069354205723,75.41573492337174,75.318919466486,75.26818310036774,75.19355504574928,75.51157645100699,76.14259210542583,76.3688319568804,76.56172772175452,76.69617781843729,77.03763540459849,77.25343798240623,77.42718442730657,77.59105180677588,77.09094222953316,76.6715946237077,,76.14259210542583,76.35170788622106,,76.06798719429308,75.89106337141537,#000000,0.6784235303172921,75.55279174353257,-0.15151559304626222,50.35558437447715,-7.417723933870498,True,False,True,False,True,0.0,0.0,0.0,0.0,0.0,0,0.9773335563733694,0.9769989963198396,False,False,False,False,0.030921234332242045,-0.00036513417570682716,False,False,False,False,1092259.0,1223648.8805894773,False,False,False,False,22601.105028939095,False,False,False,False
2025-09-11 18:00:00+00:00,75.47,75.605,75.39,75.44,8566.0,,,,,,,,,75.61998186232249,76.06505639888991,75.47098933664232,75.31341806218803,75.32457893579625,75.1928124278246,76.06729383382924,76.2580604870133,76.54068531254987,76.58867776084392,76.86548619000247,77.3908544888985,77.53113773333725,77.45457517770814,76.748555614188,76.68720834966473,76.6395955631962,,,,,,74.73716466502388,75.99579517060177,76.03140214970065,75.7097147103286,75.41593261164664,75.31939106768183,75.26873355720828,75.19408850367617,75.51153293513647,76.14182276016213,76.36787269149335,76.56063547964396,76.6949875153099,77.03621531099121,77.25190657051293,77.4255792484531,77.58957783174941,77.08996209295407,76.67093857505124,,76.14182276016213,76.35125961815419,,76.06729383382924,75.8916931894603,#000000,0.6822881481594155,75.55396361635607,-0.16703150518371068,52.4962619703835,-5.454205153085667,True,False,True,False,True,0.0,0.0,0.0,0.0,0.0,0,0.9779953145917004,0.9751506024096388,False,False,False,False,0.04137801981152807,0.02050644281791062,False,False,False,False,1083693.0,1221479.0219756868,False,False,False,False,22383.506501358646,False,False,False,False
2025-09-11 19:00:00+00:00,75.43,75.78,75.31,75.69,16206.0,,,,,,,,,75.61914131092728,76.0587028646022,75.47174238033456,75.31491675171108,75.32575169804717,75.19401358207753,76.06624178289648,76.25664126643512,76.53887212569522,76.5867944869324,76.86322227876246,77.38803332469148,77.52819528293699,77.45223925182621,76.74732755462284,76.68606617406796,76.63851923470011,,,,,,74.81281852615203,75.98891720772887,76.0251550594966,75.70879451496063,75.41698623090997,75.32091575816189,75.270334193016,75.1954984219987,75.51173501586423,76.14062353860596,76.36629739397854,76.5587940094722,76.6929541918349,77.0337335060442,77.24920390557996,77.42272855788964,77.58694643012703,77.08824311504952,76.66981886272558,,76.14062353860596,76.35052435891451,,76.06624178289648,75.89358392386585,#000000,0.6835084372452683,75.55704254134426,0.19452204451432162,55.78466469462336,-2.290005658008809,True,False,True,False,True,0.2054542811280804,0.0,0.0,0.0,0.0,0,0.9771380892782646,0.9730496453900712,False,False,False,False,0.04933110742968471,0.034918775123797666,False,False,False,False,1099899.0,1219594.0603946683,False,False,False,False,22287.73120676394,False,False,False,False
2025-09-12 14:00:00+00:00,75.31,75.485,75.12,75.425,14206.0,,,,,,,,,75.6117205434395,76.05035535015071,75.47105326460482,75.31504949707694,75.32581869446186,75.19440509546831,76.06483790389318,76.25493515403477,76.5368696704592,76.58473552373475,76.8608549914417,77.38522412352033,77.52529098272971,77.44992168692238,76.7460204490715,76.68483830111035,76.63735231515592,,,,,,74.8509571306155,75.97938867561217,76.01673709764798,75.70627895836303,75.41660476216867,75.32102459941785,75.27064837756146,75.19595465352403,75.51137112393963,76.1390983905448,76.36447684714585,76.55676905488193,76.69077413980578,77.03118862186636,77.24648542005639,77.4198964654093,77.58435693074803,77.08648807058404,76.66861174434545,,76.1390983905448,76.34966859850631,,76.06483790389318,75.89287632487444,#000000,0.6845380042634294,75.55680586245106,-0.19254718018597733,55.20200855029749,-2.290005658008809,True,False,True,False,True,0.0,0.0,0.0,0.0,0.0,0,0.9700365205843297,0.9745185922974771,False,False,False,False,0.00877236833954877,0.021845571731673216,False,False,False,False,1085693.0,1217518.0749621927,False,False,False,False,22162.433048519535,False,False,False,False
2025-09-12 15:00:00+00:00,75.425,75.445,75.05,75.125,10719.0,,,,,,,,,75.60366103040452,76.04299184872885,75.46998700390178,75.31466881503457,75.32547708547865,75.19442930573608,76.06358225885872,76.25345967282725,76.53519066924672,76.58301592358168,76.85891322749617,77.38296804223594,77.52296773793294,77.448063130103,76.74493985825869,76.68381907253692,76.63638037316205,,,,,,74.86925936948484,75.97087789872869,76.00926032283724,75.70369753840109,75.41578752345893,75.32060718680474,75.27044126936096,75.19597953933115,75.51087512615231,76.13775448519263,76.36292417948516,76.55507402269434,76.68896749037967,77.02911839953607,77.24429241062275,77.41762433488198,77.58228808773025,77.08506251312531,76.66760860154186,,76.13775448519263,76.34893629446226,,76.06358225885872,75.89144004772571,"rgba(239, 83, 80, 0.5)",0.691787975903945,75.55550831500834,-0.6223125148219044,52.19622848930783,-2.290005658008809,True,False,True,False,False,0.0,0.0,0.0,0.0,0.0,0,0.9675018605805012,0.9753576449185485,False,False,False,False,-0.0004177298871395208,0.010713920922266848,False,False,False,False,1074974.0,1215308.089303864,False,False,False,False,21985.015481875824,False,False,False,False
2025-09-12 16:00:00+00:00,75.125,75.315,75.025,75.205,7282.0,,,,,,,,,75.59803285188904,76.03791495269411,75.46919921947553,75.31435220702072,75.32519752901202,75.19441220919718,76.0627064993197,76.25243578261333,76.5340310291941,76.58182897653683,76.857576759382,77.38142045121391,77.52137507919996,77.4467882037225,76.74419470252107,76.68311575128669,76.63570930030956,,,,,,74.8798106448865,75.9650165426478,76.00410340247123,75.70187155685676,75.41517000892841,75.32026351095291,75.27024647669819,75.19595698557096,75.51051147219194,76.136819250086,76.36184898593305,76.5539036161084,76.68772198426782,77.02769540655896,77.24278702183986,77.4160659886242,77.58086989354939,77.08408241406597,76.66691624859178,,76.136819250086,76.34842845894599,,76.0627064993197,75.89034511441974,"rgba(239, 83, 80, 0.5)",0.6977365400213378,75.55447903436986,-0.5008753509729853,50.941696299995144,-2.290005658008809,True,False,False,False,False,0.0,0.0,0.0,0.0,0.0,0,0.9762005949851255,0.975690607734807,False,False,False,False,-0.013367892850012565,-0.0013269859638728584,False,False,False,False,1082256.0,1213245.2662138816,False,False,False,False,21757.06175347465,False,False,False,False
2025-09-12 17:00:00+00:00,75.18,75.335,75.14,75.29,16891.0,,,,,,,,,75.58773919099217,76.027355220623,75.46785022270512,75.31402628523833,75.32488242650726,75.19459988581067,76.06085033281047,76.25023046663993,76.53149426091076,76.57922730669664,76.85462022274606,77.3779584845203,77.51780467636735,77.44393201970118,76.74254999594838,76.68156644802734,76.6342334761472,,,,,,74.90706794982079,75.95299223370667,75.99343037778578,75.69827507235276,75.41419604240275,75.31989119592784,75.27016927031025,75.196172006569,75.50985846031915,76.13482296300603,76.35951703625797,76.55134113084901,76.68498116164683,77.02453390622546,77.23942757184089,77.41257802792073,77.57768710769896,77.08190038561028,76.66539194941329,,76.13482296300603,76.34732613587343,,76.06085033281047,75.88840498515442,#000000,0.7020713048678038,75.55283321392517,-0.3743682616036453,50.92278534262525,-2.290005658008809,True,False,False,False,False,0.0,0.0,0.0,0.0,0.0,0,0.9819380243109057,0.9732922444786856,False,False,False,False,-0.0020886189335669286,-0.0017078024487198935,False,False,False,False,1099147.0,1211476.3008462244,False,False,False,False,21681.61893559132,False,False,False,False
2025-09-12 18:00:00+00:00,75.29,75.43,75.16,75.225,18266.0,,,,,,,,,75.5778048351008,76.01649145161585,75.46652314617306,75.31377622462749,75.32462535417649,75.194857178829,76.05889396013171,76.2478963316403,76.52879795944953,76.57646057372061,76.85146844840676,77.37425665488094,77.5139846116879,77.44087514959072,76.74079536865626,76.6799143334732,76.63266030290099,,,,,,74.9336256177738,75.94073894167923,75.98247850258242,75.69459421029893,75.41326491564892,75.31959551371305,75.27017742555218,75.19646815517088,75.50920197210509,76.1327150190881,76.35704417522244,76.5486168836842,76.6820634095299,77.02115979461021,77.23583780907784,77.4088478204957,77.57427964554283,77.07956805578723,76.66376670075992,,76.1327150190881,76.34615472780735,,76.05889396013171,75.88637360002123,#000000,0.7074257545494489,75.55113453290627,-0.46101591694805033,50.24351658579407,-2.290005658008809,True,False,False,False,False,0.0,0.0,0.0,0.0,0.0,0,0.9852271751266856,0.9660740359014003,False,False,False,False,0.007519120497055937,0.002905659024168022,False,False,False,False,1080881.0,1209451.5674997715,False,False,False,False,21628.66360325657,False,False,False,False
2025-09-12 19:00:00+00:00,75.22,75.33,75.03,75.1,19723.0,,,,,,,,,75.56387209119133,76.00329771151313,75.46425218378407,75.31276001390736,75.32373651683243,75.19470802819338,76.05647649832136,76.24508449549587,76.52562668512579,76.57321652366727,76.84782547481551,77.37004999311424,77.5096574927108,77.43740455988431,76.73875325228887,76.67798524503583,76.63081838036332,,,,,,74.94964584511753,75.92573955902654,75.96911268063795,75.68959813531706,75.41144420787705,75.31850202462226,75.26949431675416,75.19628622055605,75.50814605738069,76.13013924712864,76.3540969211322,76.54541694360772,76.67866322191288,77.01728565968078,77.2317437486186,77.40461243294004,77.5704231733626,77.07689203008724,76.66186725350695,,76.13013924712864,76.34475376060331,,76.05647649832136,75.88297709054396,"rgba(239, 83, 80, 0.5)",0.7112181847421774,75.5478120692548,-0.6296409159126669,48.51365093345612,-2.290005658008809,True,False,False,False,False,0.0,0.0,0.0,0.0,0.0,0,0.9796461697011338,0.9682239780144283,False,False,False,False,-0.011696743986186135,-0.004395542481009057,False,False,False,False,1061158.0,1207152.4424222556,False,False,False,False,21599.118431113056,False,False,False,False
2025-09-15 14:00:00+00:00,74.795,75.805,74.69,75.7,50225.0,,,,,,,,,75.55110266814725,75.98063195102867,75.46305706024084,75.31411832657481,75.32470937890116,75.19655368889492,76.05203257006234,76.23958123322987,76.51904668499634,76.56643586705253,76.83994993149174,77.3605853165567,77.49984800343698,77.42955692236637,76.73437657401374,76.67388059805562,76.62692290034738,,,,,,75.01991196725638,75.90133927044405,75.94660613868706,75.68290904421359,75.41121444414206,75.31981703080123,75.27138430658056,75.1984332953547,75.5073225459821,76.12527069979745,76.34817458023294,76.53875666439961,76.67145234560539,77.00877954149618,77.22261090130561,77.39506439622603,77.56164767791923,77.07097463102136,76.65783385633428,,76.12527069979745,76.3419315680656,,76.05203257006234,75.87994364942455,#000000,0.7069624593431857,75.51359735435948,0.2636669644576421,52.80655284860473,-2.290005658008809,True,False,True,False,True,0.5998644634566332,0.0,0.0,0.0,0.0,1,0.9762126470837212,0.9581816642681793,False,False,False,False,-0.0004177298871395208,-0.002406636184074289,False,False,False,False,1111383.0,1205667.6448653215,False,False,False,False,22042.930548460143,False,False,False,False
2025-09-15 15:00:00+00:00,75.7,75.92,75.595,75.785,52294.0,,,,,,,,,75.56712880387266,75.9725986113674,75.46868214155386,75.32147598054378,75.3306302506692,75.2018837669988,76.05004034641523,76.23640252955148,76.51450176006034,76.56165868549463,76.8339123779496,77.35265858486473,77.4915040561002,77.4229200230859,76.73109783457505,76.67086080233786,76.62410119146419,,,,,,75.12460352950427,75.89515015005777,75.93950995326905,75.68486506220376,75.4175840125637,75.32735167050907,75.27883529195158,75.20465163407404,75.50933185809502,76.122803793523,76.34444690965547,76.53411707444388,76.66617756369656,77.00202149792447,77.21509853955358,77.38703526664136,77.55412863458095,77.0662046656475,76.65488173544264,,76.122803793523,76.3401510105081,,76.05004034641523,75.88441461023794,#000000,0.7018917359612173,75.53087593297768,0.3620559325638776,56.25077470090385,0.19280430183430752,True,False,True,False,True,1.1707933696374972,0.0,0.0,0.0,0.0,1,0.9869635147718615,0.961737069330399,False,False,False,False,0.08500158772099445,0.04129747576846008,False,False,False,False,1163677.0,1205016.6271154715,False,False,False,False,22511.939377166185,False,False,False,False
2025-09-15 16:00:00+00:00,75.785,76.1,75.78,76.02,29338.0,,,,,,,,,75.58312595674916,75.97247624113652,75.47380505397398,75.32730771545401,75.33537500846518,75.205874176853,76.0497150749509,76.23538920145985,76.51265143245362,76.559671474743,76.8311840347356,77.34880240445166,77.48739673812194,77.41966656015613,76.72964754737411,76.66954821370867,76.62289360822864,,,,,,75.18600453341153,75.89694769310555,75.94009778156192,75.68850939114071,75.42304914712304,75.33334275724697,75.28459196328284,75.20930140611458,75.51131110639719,76.1222035196664,76.34309315266657,76.53221048766679,76.6638971491759,76.99887081885717,77.21149507806096,77.38311705411928,77.55040672966413,77.06395336323982,76.65360508676942,,76.1222035196664,76.33950359112399,,76.0497150749509,75.88880025113568,"rgba(38, 166, 154, 0.5)",0.693903159379054,75.54178044483756,0.6891733359311683,60.06274080195035,3.832085822632102,True,False,True,False,True,2.735229346669662,0.0,0.0,0.0,0.0,1,0.9865680523675934,0.9673552665136449,False,False,False,False,0.11580605919750413,0.07855176748298211,False,False,False,False,1193015.0,1204830.5553772473,False,False,False,False,22617.769774419423,False,False,False,False
2025-09-15 17:00:00+00:00,76.02,76.04,75.7,75.775,27532.0,,,,,,,,,75.59236795722545,75.96992866929757,75.47729056921581,75.33160596182779,75.33887157314557,75.20895592922605,76.04894398581317,76.23399430535842,76.5105208591306,76.55741765145295,76.8282614456687,77.34486886706165,77.48323875251428,77.41635806893571,76.72806345254111,76.66809677805085,76.6215435572349,,,,,,75.22778363473667,75.89559699187706,75.93807176464918,75.69030587633769,75.42689221524886,75.33774504731568,75.28890721378107,75.21288293331682,75.51263389453102,76.12118303559964,76.3414014054062,76.53002950961147,76.6613791789111,76.99556603616162,77.20778563078005,77.37912828380902,77.54664803472077,77.06160290239038,76.65218830975998,,76.12118303559964,76.33868963699754,,76.04894398581317,75.89114150579384,#000000,0.6941371077286979,75.54731216391887,0.32801565216150685,59.75207091104519,3.832085822632102,True,False,True,False,True,1.021515666181969,0.0,0.0,0.0,0.0,0,0.9853103506835358,0.9661204041776347,False,False,False,False,0.103967920889883,0.09125984418643256,False,False,False,False,1165483.0,1204220.5157589954,False,False,False,False,22693.959390319895,False,False,False,False
2025-09-15 18:00:00+00:00,75.765,75.805,75.515,75.715,39231.0,,,,,,,,,75.5965862493371,75.96224560434962,75.47999290078123,75.33571229588267,75.34220131880429,75.21219241793948,76.04702754658337,76.23122657903882,76.50679098993209,76.55352115889447,76.82345827190001,77.33870761380422,77.47677724070937,77.41119198632087,76.725411772136,76.66564021305156,76.61923648920418,,,,,,75.26546254353109,75.88868978100415,75.93090660307197,75.6901047528106,75.43016465213952,75.3419238819714,75.29318402207497,75.21662879148424,75.5135834704623,76.11892611934175,76.33824980396001,76.52623195303363,76.65712533083818,76.99024275745776,77.20192092065928,77.37289352064688,77.54082164040483,77.05783317067805,76.64978277892924,,76.11892611934175,76.33716495002514,,76.04702754658337,75.89169519186498,#000000,0.6941998959212907,75.54952319907451,0.2383705354865847,58.881631604331446,3.832085822632102,True,False,True,False,True,0.6050012908900335,0.0,0.0,0.0,0.0,0,0.9800695445678907,0.9714188788058693,False,False,False,False,0.06861379117692576,0.07993681768167915,False,False,False,False,1126252.0,1203011.7015611813,False,False,False,False,22950.347616826562,False,False,False,False
2025-09-15 19:00:00+00:00,75.715,75.94,75.66,75.93,56595.0,,,,,,,,,75.61289836010425,75.95789121179007,75.48690439314525,75.34423931429608,75.34919359650226,75.21840866507632,76.04551928449249,76.22845922545392,76.50252877562905,76.54900886825251,76.81758772361047,77.33077451306544,77.4683846612472,77.40449772415508,76.722209046984,76.66270643511126,76.61650827567689,,,,,,75.32767359261739,75.886700809939,75.92755492791319,75.69373023474571,75.43777899998372,75.35064449252816,75.30176421949379,75.22382123400659,75.51628721926186,76.11691473831405,76.3348793681713,76.52186739877051,76.65207676926521,76.98359507997897,77.19444695371936,77.36484728720566,77.53321914985904,77.05307712837111,76.64691927583837,,76.11691473831405,76.33552554679582,,76.04551928449249,75.89551714013369,"rgba(38, 166, 154, 0.5)",0.6933996546600778,75.55826895415717,0.5360992659061358,60.00799868025691,4.3800956932692685,True,False,True,False,True,2.066114792470568,0.0,0.0,0.0,0.0,0,0.9819644369178663,0.9691786621507202,False,False,False,False,0.09215874878582657,0.08604778323375287,False,False,False,False,1182847.0,1202699.0705292248,False,False,False,False,23471.970134395142,False,False,False,False
2025-09-16 14:00:00+00:00,76.785,76.95,76.535,76.65,13948.0,,,,,,,,76.71166666666669,75.63051322603548,75.96463299768664,75.49261934456362,75.3498770082302,75.35386274249653,75.22202457619125,76.04673270272247,76.22930734483056,76.50285937468361,76.54926317219112,76.81743159848753,77.32996611401407,77.46742766642542,77.40376944098509,76.72219962165396,76.66274944704358,76.61659066588875,,,,,,75.36344467360446,75.8955212620448,75.93488190656501,75.69963163927426,75.44353873180464,75.35645341913111,75.30716272493864,75.2280176506919,75.51869792751062,76.11798260188361,76.33551069752575,76.52216588791133,76.65216773906839,76.98320718930005,77.1937932837803,77.36400155953307,77.53231333553775,77.0527479433975,76.64697588630999,,76.11798260188361,76.33583304062401,,76.04673270272247,75.8898387046696,"rgba(38, 166, 154, 1.0)",0.6955249491977911,75.61027605601784,1.494876560763738,64.66333028072033,8.96675041180417,True,False,True,False,True,6.653096592277418,0.0,0.0,0.0,0.0,0,0.9871302022396794,0.9629784389102463,False,True,False,False,0.2547513021821156,0.17039954270793423,False,False,False,False,1196795.0,1202607.5345520275,False,True,False,False,23324.31168269909,False,True,False,False
2025-09-16 15:00:00+00:00,76.64,76.64,76.195,76.385,17355.0,,,,,,,,76.54256865689125,75.6456926648892,75.96949812873747,75.49789562537619,75.35527057759539,75.358332889289,75.22558315167849,76.04754664290691,76.22969383872879,76.50267054496757,76.54898631504484,76.81667962807514,77.32846846612767,77.46576109899347,77.40246700054244,76.72184900508147,76.6624698297162,76.61636475577106,,,,,,75.39594896473473,75.90223203348125,75.94030420276698,75.7046953255259,75.44892677891411,75.3620012166135,75.31237622955797,75.2321395418458,75.52092052499192,76.11862609847404,76.3356587375865,76.52194032029989,76.65170229603517,76.98218571572272,77.19246944462049,77.36246172268092,77.53077119750611,77.05197376277322,76.64671473909225,,76.11862609847404,76.33590501803351,,76.04754664290691,75.88751563740033,"rgba(38, 166, 154, 1.0)",0.6966168049757403,75.6097100379206,1.1129360597414784,64.95885867247708,9.416635954707637,True,False,True,False,True,4.768932386101433,0.0,0.0,0.0,0.0,0,0.9834125197966159,0.967075102108861,False,False,False,False,0.1976085323680625,0.18400403753799838,False,False,False,False,1179440.0,1202248.3479698254,False,False,False,False,23231.764214750267,False,False,False,False
2025-09-16 16:00:00+00:00,76.385,76.47,75.765,75.885,20198.0,,,,,,,,76.34546798444043,75.65446777480044,75.97038978186595,75.50151320441738,75.35931371465631,75.36168477809251,75.22842044262833,76.04752683376171,76.22921396656056,76.50161593291816,76.5478388050201,76.81502839356524,77.32604070693266,77.46315888812781,77.4003989174878,76.72096836509338,76.6616798167456,76.61564379577365,,,,,,75.41848609246281,75.90430539163236,75.94162012237402,75.7074670135258,75.45275021663002,75.36614401640634,75.31636954445852,75.23541421625487,75.52242823378714,76.1184226526796,76.33494458322807,76.52084739946243,76.6503555683087,76.98024696046905,77.19021803484347,77.35999076411413,77.52839805400312,77.05056446451593,76.64594837641475,,76.1184226526796,76.33555549200571,,76.04752683376171,75.88208146655751,#000000,0.6952862395852435,75.60428183149705,0.40374474931420096,60.90238446204192,9.416635954707637,True,False,True,False,False,1.3758066402375668,0.0,0.0,0.0,0.0,0,0.9825041459369821,0.9679933665008298,False,False,False,False,0.1459774913001724,0.1649907644190854,False,False,False,False,1159242.0,1201581.5828850218,False,False,False,False,23184.72911064561,False,False,False,False
2025-09-16 17:00:00+00:00,75.885,76.17,75.18,76.14,25291.0,,,,,,,,76.17570159217973,75.65922655538442,75.96820119035219,75.50423525898819,75.36276824853648,75.36455058801457,75.23103331037234,76.04681421488785,76.22795341039276,76.49970448829527,76.54581806394198,76.81241311095489,77.3225193551026,77.45943505326565,77.39741981838158,76.71952980394039,76.6603602234939,76.61441517635967,,,,,,75.43576022911355,75.90293104541058,75.93980530279947,75.70872230134482,75.45578128597154,75.36966606751812,75.31987513194072,75.23841686955353,75.5235428132992,76.1174911927663,76.3334219645024,76.51889124231086,76.64810027069223,76.97729087052932,77.18689885916888,77.3564195662713,77.52501938761775,77.04843977554376,76.64465987837455,,76.1174911927663,76.33480885108888,,76.04681421488785,75.87643302998096,"rgba(38, 166, 154, 0.5)",0.6946642976921439,75.59808988615505,0.7801035919728652,59.77913964125378,9.416635954707637,True,False,True,False,False,2.970297005394684,0.0,0.0,0.0,0.0,0,0.9777777777777782,0.9698236982369828,False,False,False,False,0.07113237798604714,0.11806157120256627,False,False,False,False,1184533.0,1201317.2637705253,False,False,False,False,23217.38447327126,False,False,False,False
2025-09-16 18:00:00+00:00,76.14,76.39,75.85,76.21,39679.0,,,,,,,,76.16694564884534,75.67924934005923,75.97254150020058,75.51252303724026,75.3717297964801,75.37201975883289,75.23725301103087,76.04734184872359,76.22756913714375,76.49814994872135,76.54407761925374,76.80966529128747,77.31820535730843,77.45476749422583,77.39371819976768,76.71809074535301,76.65909293436266,76.61327852160967,,,,,,75.47989199984428,75.90989836387214,75.94503369489789,75.71570257212271,75.46442335250556,75.37885245349598,75.328669862086,75.2455824989444,75.5270843240638,76.11765507642406,76.3325583026153,76.51725973266723,76.64596110675768,76.97396862335982,77.18294434306328,77.35201776224281,77.52074123747079,77.04599277612014,76.64343738125714,,76.11765507642406,76.33438162741123,,76.04734184872359,75.88190557112465,"rgba(38, 166, 154, 0.5)",0.6917140090181069,75.60777001813996,0.8706343575647751,59.456307852009985,9.416635954707637,True,False,True,False,False,3.404625277393759,0.0,0.0,0.0,0.0,0,0.9904653247494093,0.9622687637519359,False,False,False,False,0.14640420404004514,0.1322328876213057,False,False,False,False,1224212.0,1201672.2209213697,False,False,False,False,23472.6033186469,False,False,False,False
2025-09-16 19:00:00+00:00,76.21,76.335,75.865,76.125,66173.0,,,,,,,,76.14571006073746,75.70658429564166,75.97774106816853,75.52500821070319,75.38545335480602,75.38351461858478,75.24697541074895,76.0478575690352,76.22659689133668,76.49528132701084,76.5409055450478,76.80484682365447,77.31082694733568,77.44681072061532,77.3873884231064,76.71553208291442,76.65682157256641,76.61122585955113,,,,,,75.53860021721904,75.91881142745952,75.95153798170587,75.72579408766326,75.4775194718005,75.39289850893348,75.34220616496519,75.2567461761836,75.53251312823475,76.11757735945001,76.33081127616573,76.51426564147198,76.64213788343119,76.96820985111177,77.17615270003769,77.34449585438192,77.51345035994298,77.0417530094786,76.64124097228668,,76.11757735945001,76.3335135013547,,76.0478575690352,75.88911578000639,"rgba(38, 166, 154, 0.5)",0.6873747027521534,75.62052805182775,0.7339111348619848,58.467007755143904,13.547870735203986,True,False,True,False,False,2.8231781242173675,0.0,0.0,0.0,0.0,0,0.9923719873407452,0.9625091292704705,False,False,False,False,0.14299197070465602,0.13761242916298086,False,False,False,False,1158039.0,1200995.736876077,False,False,False,False,24134.624972621365,False,False,False,False
2025-09-17 14:00:00+00:00,76.13,76.15,75.785,76.145,10450.0,,,,,,,,76.13926758469967,75.70977235187313,75.97803513566005,75.52666281972779,75.38733438182942,75.38509630588759,75.24834726695065,76.04782931044966,76.2263397780933,76.49473737590282,76.54031505438694,76.80400343065597,77.30959139828407,77.44548663935377,77.38633106427635,76.7150759010045,76.6564114399788,76.61085083606456,,,,,,75.54569580512653,75.9195710814627,75.95200758654242,75.72701036036523,75.47927759399076,75.39481977620093,75.34407765549939,75.25831623777009,75.53324090675777,76.11745782371113,76.33043751251442,76.51370250162472,76.64144747872692,76.96722171985525,77.17500658161829,77.34323838389777,77.51223934630522,77.04102869815802,76.64084286198248,,76.11745782371113,76.33332751745048,,76.04782931044966,75.8897921246564,"rgba(38, 166, 154, 0.5)",0.6835826198784063,75.62183124085009,0.765333617234111,57.95750570983095,12.719366166156512,True,False,True,False,False,2.9514639635568045,0.0,0.0,0.0,0.0,1,0.9932760855476346,0.9641931302657164,False,False,False,False,0.12046542993018833,0.12903892954658458,False,False,False,False,1168489.0,1200491.7564593938,False,False,False,False,23922.46024436367,False,False,False,False
2025-09-17 15:00:00+00:00,76.155,76.16,75.455,75.665,8535.0,,,,,,,,76.12321310426574,75.71017765098514,75.97697001740352,75.52728970790292,75.38822513988539,75.3858478292321,75.24908148457254,76.04751616185543,76.22585047296386,76.49404146790992,76.53958391827979,76.8030801053553,77.3083746407514,77.4442041191957,77.38529955362036,76.7145596107032,76.65593518362444,76.610405238166,,,,,,75.54821059038066,75.91865838817331,75.9510323255106,75.7271189233102,75.48000972780183,75.39572171669305,75.34500442119196,75.25915042848536,75.53351334444167,76.11707435608963,76.32986553814331,76.5129922189878,76.64064064887681,76.96618782453773,77.17385520352283,77.34200546675089,77.51107443439078,77.04028256669265,76.64037707753793,,76.11707435608963,76.33304383740096,,76.04751616185543,75.88919478754791,#000000,0.6810291166016924,75.62124425035469,0.06424945509474429,53.47425144440951,8.289801293834103,True,False,True,False,False,0.0,0.0,0.0,0.0,0.0,1,0.987341772151899,0.967265984036121,False,False,False,False,0.09342273437714976,0.11123083196186717,False,False,False,False,1159954.0,1199863.2641111861,False,False,False,False,23683.894969257253,False,False,False,False
2025-09-17 16:00:00+00:00,75.665,75.735,75.52,75.7,13129.0,,,,,,,,76.09438561854117,75.70946028493903,75.97454376095111,75.52780160548348,75.38919021009367,75.38666497497981,75.24996818683493,76.04685478734461,76.22492522959685,76.49281594653016,76.53830599917602,76.80151579905274,77.30637599104716,77.44210842839199,77.38360978784574,76.71367650489178,76.65511510295268,76.60963350298019,,,,,,75.55004495166531,75.91632980236919,75.94871144634376,75.72673889889722,75.48069563292496,75.39669043710741,75.34605193583492,75.26015183784409,75.533731303358,76.11630761366216,76.32882109611715,76.51174541672395,76.63925009623418,76.96445835280345,77.1719523172978,77.33998305518001,77.50917485032605,77.03903954754115,76.63957349470311,,76.11630761366216,76.33252562084506,,76.04685478734461,75.88766811490423,#000000,0.6802529206388294,75.61946421802388,0.11839093891797259,50.810856907193376,5.73448542794597,True,False,False,False,False,0.0,0.0,0.0,0.0,0.0,1,0.9831083878446635,0.9910573818001167,False,False,False,False,0.06315979043849938,0.08719531120018328,False,False,False,False,1173083.0,1199448.0662179894,False,False,False,False,23520.253186788148,False,False,False,False
2025-09-17 17:00:00+00:00,75.7,75.745,75.34,75.47,35579.0,,,,,,,,76.01251452375531,75.70331428555075,75.9655054970694,75.52769716738854,75.39045966676318,75.38775278821171,75.25156048263455,76.04447257679834,76.22185307252167,76.4889890841356,76.53434330162558,76.79680879052093,77.3005494183542,77.43603265492543,77.3786958569603,76.71099115322488,76.6526050324879,76.60725815037819,,,,,,75.54859107529973,75.90714032929074,75.93985553832722,75.72393267019565,75.48109882353837,75.39792544270036,75.34763208677153,75.261924593709,75.53365471044383,76.11364979149378,76.3254526692969,76.50786372112134,76.63499522567157,76.95932065993979,77.16636924649212,77.33409574535405,77.50367840429689,77.03535952182595,76.63710934675336,,76.11364979149378,76.33085099186546,,76.04447257679834,75.88195951659344,#000000,0.6807327001185024,75.61237819364723,-0.2091543327101035,47.290212764631534,2.4381309084601384,False,False,False,True,False,0.0,0.0,0.0,0.0,0.0,0,0.9744294519406963,0.9931700816258545,False,False,False,False,0.04891237716497557,0.06805384418257943,False,False,False,False,1137504.0,1198487.6930983306,False,False,False,False,23707.210501721664,False,False,False,False
2025-09-17 18:00:00+00:00,75.54,76.155,74.74,75.245,10383.0,,,,,,,,75.98732505497595,75.7003084302835,75.96213979080404,75.52722325970002,75.39042974759525,75.38773414099072,75.25178249342402,76.04359970026161,76.22078625660848,76.48771959874385,76.53303600428308,76.79529372203137,77.29872477876205,77.43413941215647,77.3771604344408,76.7101191296643,76.65178552710937,76.60647908639451,,,,,75.38,75.54636520079076,75.90361215341949,75.9365136811759,75.7225864594289,75.48078375359303,75.39787248899829,75.34771849261408,75.26216071927846,75.53343198484072,76.1126994091212,76.32430735905231,76.50657907699627,76.63360654191554,76.95768492966486,77.16461087619767,77.33225447498872,77.50196873002892,77.03419131326314,76.636303612439,,76.1126994091212,76.3302806009519,,76.04359970026161,75.82321287195582,"rgba(239, 83, 80, 0.5)",0.6833139439141859,75.59007629476224,-0.5050040290200386,43.43473073555956,-1.0941742846891387,False,False,False,True,False,0.0,0.0,0.0,0.0,0.0,0,0.9645836741370848,0.9797971536070675,False,False,False,False,0.033011977633278844,0.050532910907929135,False,False,False,False,1127121.0,1197381.232740217,False,False,False,False,23500.633594718227,False,False,False,False
2025-09-17 19:00:00+00:00,75.245,75.505,74.87,75.29,29831.0,,,,,,,,75.90871456875614,75.68785610213709,75.95010923997503,75.52443217545674,75.38905412426112,75.3865944295084,75.25163367259208,76.04050925441598,76.21716184674465,76.4835693773225,76.52878297295497,76.79047384952855,77.29307070611208,77.42830157815452,77.37241347589547,76.70732262044147,76.64914450216152,76.60395803466915,,,,,75.26254733011721,75.53449871057452,75.89074606307761,75.92446096060708,75.71701593463212,75.47848426838684,75.39638955712029,75.34675908238225,75.26192938943261,75.53213900386736,76.10939544872386,76.3204830460001,76.50238799836424,76.62913204759386,76.95253441983654,77.15913166641486,77.32655616614554,77.49670663588694,77.03052375292411,76.63370339446887,,76.10939544872386,76.32837321941635,,76.04050925441598,75.8109914642002,#000000,0.6851175147451843,75.57423266863844,-0.41486703013884096,41.39302698234585,-2.9437182867810066,False,True,False,True,False,0.0,0.0,0.0,0.0,0.0,0,0.9658822571451836,0.9921830469831455,False,False,False,False,-0.010443425719402247,0.020044742594263445,False,False,False,False,1156952.0,1196754.4229302912,False,False,False,False,23598.77881030399,False,False,False,False
2025-09-18 14:00:00+00:00,76.14,76.365,75.85,75.94,5607.0,,,,,,,,75.91142100387856,75.68962645371501,75.95041843067435,75.52533583084913,75.39006775463315,75.38745123461968,75.25237606989525,76.04051713401488,76.21704908237291,76.48330342696862,76.52849230583963,76.79004876271019,77.29243586289459,77.42761917661022,77.37186699969907,76.70709116536982,76.64893718550695,76.60376911671888,,,,,75.3591098695649,75.53802699236613,75.891314698586,75.92486281356979,75.71771396709752,75.47943874733647,75.39742446631233,75.34776608192799,75.26277646027775,75.53254367045271,76.10935524245883,76.3203079182912,76.50211184078462,76.62878828561156,76.95203233442716,77.15854496084206,77.32590953366744,77.4960801367065,77.03015160959544,76.63350237974122,,76.10935524245883,76.32828376557242,,76.04051713401488,75.81550399128396,"rgba(38, 166, 154, 0.5)",0.6837925703609882,75.58011808234437,0.5263027608879086,46.012285433667955,-2.9437182867810066,False,False,False,True,True,1.636160492003107,0.0,0.0,0.0,0.0,0,0.9759762172585571,0.9758958701590882,False,False,False,False,0.1442711664834817,0.08215795453887258,False,False,False,False,1162559.0,1196224.2613344728,False,False,False,False,23319.836503167495,False,False,False,False
2025-09-18 15:00:00+00:00,75.95,75.955,75.62,75.78,4249.0,,,,,,,,75.90963288693894,75.68997685829692,75.95003766833376,75.52567265522926,75.3905250487025,75.38783897053636,75.25275035284604,76.04038046046614,76.21682610970643,76.48297773099891,76.52814921917191,76.78961073607557,77.29185190695937,77.4270023669374,77.37136959231165,76.70684455884461,76.64871007535186,76.60355693398728,,,,,75.3952514146861,75.53929726755848,75.89103076915663,75.92452878733631,75.71782015596987,75.47982385332274,75.3978877748559,75.3482389034254,75.2632005881916,75.53269259793056,76.10918414274667,76.32004377193336,76.50177903541534,76.62840781099727,76.95153964613998,77.15799375356809,77.32531749320049,77.49551815198357,77.0297929815455,76.63328036946393,,76.10918414274667,76.32815070294814,,76.04038046046614,75.81695819339014,#000000,0.6823810855728283,75.5820399030047,0.29010196967743324,47.73939513934942,-8.443445007441369,False,False,False,False,True,0.5689489726285544,0.0,0.0,0.0,0.0,0,0.975450740502254,0.982372826786865,False,False,False,False,0.09005275648537642,0.0861053555121245,False,False,False,False,1158310.0,1195636.4433292872,False,False,False,False,23024.164619397456,False,False,False,False
2025-09-18 16:00:00+00:00,75.785,76.035,75.74,75.93,11892.0,,,,,,,,75.90932954209481,75.69213146010037,75.94972804443326,75.52703274246328,75.39217616337766,75.38923774413638,75.25402409911595,76.04017311115645,76.2163715507776,76.48221988943452,76.52734115847771,76.7885289590716,77.29034630049976,77.42540099686084,77.37008137658064,76.70624232416444,76.64816085201139,76.6030482230279,,,,,75.49244469728758,75.54443960821143,75.89110967793589,75.92437698803758,75.71862862542118,75.48130661582006,75.39956762876274,75.34990884024748,75.26464856083903,75.53330078354115,76.10887822089806,76.31946676946467,76.5010005679898,76.62749181753036,76.95030061725063,77.1565842848351,77.3237882408923,77.49405438768804,77.02888432873372,76.6327450018471,,76.10887822089806,76.3278585550905,,76.04017311115645,75.8214533963022,"rgba(38, 166, 154, 0.5)",0.6809759953977164,75.5880457070655,0.5021532260249323,50.06021855454034,-6.2105631402514305,True,False,False,False,True,1.5474668056951373,0.0,0.0,0.0,0.0,1,0.9730843840931136,0.9869867442612361,False,False,False,False,0.10692460647878153,0.09651498099545303,False,False,False,False,1170202.0,1195242.1108745697,False,False,False,False,22851.572919871913,False,False,False,False
2025-09-18 17:00:00+00:00,75.845,75.995,75.5,75.59,11373.0,,,,,,,,75.90179855429777,75.6921591130309,75.94817817256323,75.52761181208591,75.39310878741458,75.39003171530628,75.25485035530758,76.03968036909964,76.21565337839867,76.48123962127612,76.52631569282332,76.78725634462526,77.28869561509066,77.42366536608017,77.36867839752153,76.70551948986548,76.64749114594494,76.60241925292601,,,,,75.52385754869208,75.5464555862186,75.88972802242674,75.92292963596277,75.71852966895489,75.48202255263374,75.40050676157257,75.35090182278135,75.26557993674732,75.53355528148397,76.1082955321024,76.31864421096483,76.50000189131663,76.62636914108518,76.94888540148241,77.15501778264387,77.32211670962903,77.49247566279986,77.02785762735492,76.63208920195737,,76.1082955321024,76.32744422898406,,76.03968036909964,75.82232020658189,#000000,0.6814365654955681,75.58933851929937,0.0009707150072693897,48.78293484844112,-6.2105631402514305,False,False,False,False,True,0.0,0.0,0.0,0.0,0.0,1,0.9702563275834276,0.9829921005964863,False,False,False,False,0.08331883854257488,0.08991690976901395,False,False,False,False,1158829.0,1194677.5665199251,False,False,False,False,22673.610549021185,False,False,False,False
2025-09-18 18:00:00+00:00,75.605,75.71,75.45,75.575,8961.0,,,,,,,,75.89308453059878,75.69130105614647,75.94641358590653,75.52774921683982,75.39355716504978,75.39041619082991,75.25532721658253,76.03916204232847,76.2149624241584,76.48035461355576,76.52539634455617,76.78614883222698,77.28730237816164,77.42220815166641,77.36749767743551,76.70488501259102,76.64689958304761,76.60186065159571,,,,,75.5297892769191,75.5467883884768,75.88800896959795,75.92122487866845,75.71806857110487,75.48227612097799,75.40095104552147,75.3514162883721,75.26611234560443,75.53361074210872,76.1077083011576,76.3178766682969,76.49910296936618,76.62537589844275,76.94766902984689,77.15368743003141,77.32070783345985,77.49115309589484,77.02697907103713,76.63150888028957,,76.1077083011576,76.32705800501225,,76.03916204232847,75.82184139404673,#000000,0.6814616511466987,75.58883966306962,-0.020308792206178806,47.81384506823732,-6.2105631402514305,False,False,False,True,True,0.0,0.0,0.0,0.0,0.0,1,0.9701962684758907,0.9877231241418313,False,False,False,False,0.05519521348871393,0.07255606162886394,False,False,False,False,1149868.0,1193982.844558376,False,False,False,False,22461.011935858067,False,False,False,False
2025-09-18 19:00:00+00:00,75.57,75.745,75.51,75.63,24869.0,,,,,,,,75.87466757761727,75.69001071885988,75.94225688125944,75.52849978106022,75.39512389222536,75.39175675693026,75.25684701257273,76.03788505523733,76.2132026683599,76.47804320407614,76.52298845090579,76.7832126136151,77.28356044261794,77.41828538766829,77.36432037517166,76.70320590219866,76.64533793243663,76.60038915716659,,,,,75.55265767741334,75.54908450199237,75.8840905782218,75.91725809467381,75.71725690913435,75.4833355777865,75.40251679242988,75.35314387303009,75.2678155695351,75.53393521971046,76.10623867197604,76.31589831436307,76.49675237119455,76.62276040269569,76.94442742904737,77.1501239139813,77.3169216129338,77.48758789403729,77.02463039143719,76.62997798917182,,76.10623867197604,76.3260596613441,,76.03788505523733,75.82136106213045,#000000,0.6812410045702676,75.58861924086341,0.06074320080408254,47.71825962631438,-6.2105631402514305,False,False,False,True,True,0.0,0.0,0.0,0.0,0.0,1,0.971673680802849,0.9861605697636784,False,False,False,False,0.06315979043849938,0.06785792603368165,False,False,False,False,1174737.0,1193684.4593714243,False,False,False,False,22498.345084139335,False,False,False,False
2025-09-19 14:00:00+00:00,76.225,76.555,76.05,76.32,12370.0,,,,,,,76.30833333333334,75.88917109612694,75.69624961085013,75.944621068034,75.53138356534446,75.39814510947556,75.39431845029036,75.25897370688179,76.03830254937043,76.2133444020805,76.47781450769624,76.52270223911549,76.78261434510642,77.28246752309606,77.41707939819747,77.3633616516045,76.7028997933319,76.64508112314964,76.60016974468319,,,,,75.63085827024165,75.55957150481925,75.88725107193996,75.91987499716004,75.71990429747703,75.4863015034392,75.40560873617997,75.35609878780998,75.27024354579375,75.53525246742898,76.10654637862332,76.3158875337786,76.49649971582629,76.62235066557066,76.94365099151364,77.14914685875328,77.31580049394435,77.48646634313454,77.02403258857227,76.62973402528124,,76.10654637862332,76.32604707221738,,76.03830254937043,75.81453033796468,"rgba(38, 166, 154, 1.0)",0.682083473532724,75.63514081424312,1.0040694611903986,52.91944880306911,-2.8022053998542162,True,False,True,False,True,4.050674533306303,0.0,0.0,0.0,0.0,1,0.9756566303651506,0.9730941704035879,False,False,False,False,0.177708098198027,0.12278301211585432,False,False,False,False,1187107.0,1193582.4832571386,False,False,False,False,22341.316478183686,False,False,False,False
2025-09-19 15:00:00+00:00,76.32,76.44,76.065,76.18,17784.0,,,,,,,76.26115153324047,75.90473040960714,75.70385773124812,75.94723102979455,75.53506925954184,75.40207506046136,75.39765617418013,75.26178421678583,76.03872336036923,76.21337643922678,76.47733210564779,76.5221390344521,76.78161223191432,77.28077186258136,77.41522539588156,77.36188208415918,76.70237147949466,76.64462505219032,76.5997685655753,,,,,75.70823646642732,75.57259294254183,75.8908654427308,75.9228141720184,75.7231572412301,75.49011699848629,75.40962645488287,75.35996086752074,75.273446910639,75.53694324340735,76.10681238554369,76.31570852169838,76.495983737568,76.62161386900854,76.9423979011484,77.14761286923002,77.31406541111949,77.48474841767226,77.02307901819074,76.62929679145279,,76.10681238554369,76.32594740576361,,76.03872336036923,75.81885566957,"rgba(38, 166, 154, 0.5)",0.6830537221836872,75.64132194586783,0.7886320455293784,55.02990223057542,-0.7166293125946197,True,False,True,False,True,3.0891769975374714,0.0,0.0,0.0,0.0,1,0.9792717086834736,0.9727891156462591,False,False,False,False,0.16909988270355225,0.14594144740970327,False,False,False,False,1169323.0,1193206.3672376482,False,False,False,False,22270.66040875448,False,False,False,False
2025-09-19 16:00:00+00:00,76.17,76.3,76.01,76.21,9646.0,,,,,,,76.23986775544388,75.91125175559145,75.70747077333286,75.94835360958659,75.53689480265247,75.40405027621479,75.39933626874932,75.26321546724924,76.03888484710176,76.21333007046186,76.47701360834742,76.52177743710422,76.78101632055491,77.27980647503485,77.41417571905875,77.36104232273368,76.7020522245882,76.64434547031101,76.5995191616953,,,,,75.73876294809422,75.57887106187104,75.89247969509914,75.92410226997325,75.72471407388072,75.49201717897084,75.41164398828411,75.36190960555261,75.27507590214908,75.53778419133431,76.10689109994463,76.31555080556687,76.49564736227777,76.62115965587296,76.9416678528415,77.14673332061757,77.3130790638611,77.48377787594089,77.02252703179751,76.62902755926989,,76.10689109994463,76.32586302070379,,76.03888484710176,75.82067587419337,"rgba(38, 166, 154, 0.5)",0.6813115200765277,75.64397435103572,0.8307883138401831,56.64417805313512,0.9501586916780127,True,False,True,False,True,3.2799208277060217,0.0,0.0,0.0,0.0,0,0.9840322580645164,0.9697580645161297,False,False,False,False,0.15238381696593878,0.14916263218782103,False,False,False,False,1178969.0,1192985.6328618706,False,False,False,False,22074.929239626505,False,False,False,False
2025-09-19 17:00:00+00:00,76.215,76.215,75.9,76.135,9821.0,,,,,,,76.20888642577403,75.91540286760184,75.71039295928216,75.9490324995613,75.53848144341893,75.40581689561368,75.40084134580557,75.26452442785629,76.03893907152015,76.2131769874652,76.4765941169882,76.52131515593638,76.78032111612262,77.27874549262079,77.41303143655036,77.36012384840414,76.70167231026339,76.64400683075012,76.59921197236625,,,,,75.76034667210932,75.5841821473864,75.8935837524263,75.92493150299947,75.7259723475117,75.49368687249135,75.41344577920327,75.36366512145511,75.27656282894175,75.53851719157298,76.10686275240153,76.31528919480272,76.49521017481513,76.62060539717105,76.94083908233229,77.1457567978471,77.3119974112522,77.48272343735252,77.02190628299381,76.6286996952689,,76.10686275240153,76.32572656241562,,76.03893907152015,75.82142642139763,"rgba(38, 166, 154, 0.5)",0.676801885927036,75.64524072984106,0.7236375671266099,56.898945680149055,1.4408181267451141,True,False,True,False,True,2.7537924175509545,0.0,0.0,0.0,0.0,0,0.9828267354672259,0.9700072563089581,False,False,False,False,0.13575184107185487,0.14245723662983795,False,False,False,False,1169148.0,1192616.0571585856,False,False,False,False,21884.945840562526,False,False,False,False
2025-09-19 18:00:00+00:00,76.095,76.19,75.67,75.85,9935.0,,,,,,,76.15791473571092,75.91511535166171,75.71189856672967,75.94880116142625,75.53954998706867,75.40712237711477,75.4019573868135,75.26555418018708,76.03877192685358,76.21280832220138,76.47597684599423,76.52065671495332,76.7794379903714,77.27751278284158,77.41171944414725,77.35906525632856,76.70117672075597,76.6435548298611,76.59879329031993,,,,,75.76886732925067,75.58754542150264,75.89364047490632,75.92481831615137,75.72659964419229,75.49485368105042,75.41477154737827,75.36499033411408,75.27772709734182,75.53901237551685,76.10661529962978,76.31482024225508,76.49457598756653,76.61985840849154,76.93982667242626,77.14460370501257,77.31074511862859,77.48152137696763,77.02115889362209,76.62825908961418,,76.10661529962978,76.32548628276032,,76.03877192685358,75.82019861230285,#000000,0.6740222013624817,75.64393758122162,0.30572052131492766,54.205554393486814,1.4408181267451141,True,False,True,False,False,0.7788833746944412,0.0,0.0,0.0,0.0,0,0.9798986893945487,0.9705716812736197,False,False,False,False,0.1141129934114755,0.12828511502065673,False,False,False,False,1159213.0,1192098.180303414,False,False,False,False,21699.67536241427,False,False,False,False
2025-09-19 19:00:00+00:00,75.85,75.915,75.62,75.69,44760.0,,,,,,,75.97931065224893,75.89830447997552,75.71290957746956,75.94418245823968,75.54218211589182,75.41103110161772,75.40532294070277,75.26898699953406,76.03713117845996,76.21029619589667,76.47243178548601,76.51693523625336,76.77475107599939,77.27133620659318,77.4052062121661,77.35378747583428,76.69850067472841,76.6410819957925,76.59647620301558,,,,,75.76311030305322,75.59453105517312,75.88975876255675,75.92059379569167,75.7268359633065,75.49798078966218,75.41870921181899,75.36911198281071,75.28157752308034,75.54024412612185,76.10462716086288,76.31189575463829,76.49095889525353,76.61575722933433,76.9345822484794,77.13876195641026,77.30448576771765,77.47557591723233,77.01731884179932,76.62583944268036,,76.10462716086288,76.32399386868491,,76.03713117845996,75.81235840183226,#000000,0.6714941454614352,75.63481123536033,0.08218800567761027,51.00494822189338,6.40488052132217,False,False,False,False,False,0.0,0.0,0.0,0.0,0.0,1,0.9831573857683943,0.9721975985172058,False,False,False,False,0.08668481726952387,0.1074849661450903,False,False,False,False,1114453.0,1190894.3790583995,False,False,False,False,22057.19977540009,False,False,False,False
2025-09-22 14:00:00+00:00,74.935,75.08,74.6,75.075,15752.0,,,,,,,75.84011857169826,75.86598145821556,75.70352476004022,75.93619512029156,75.53933605547502,75.40901354556257,75.40363093078342,75.26809950679461,76.03496104883732,76.2078764405557,76.46979587278473,76.51425211660505,76.77180518296838,77.26801072944745,77.40179766033803,77.35099389396673,76.69675515623929,76.63942129657542,76.5948812092218,,,,,75.70454958860142,75.58391434775878,75.88110463357125,75.91252364332053,75.72239775293427,75.49540771504739,75.41659701141093,75.3673827938932,75.28051967080214,75.53891669275099,76.1023571860971,76.30939787397405,76.48830456938332,76.6129721205672,76.93148123053054,77.1355129453931,77.30114059011284,77.47250429326897,77.01510423800136,76.62420104637788,,76.1023571860971,76.32273045316137,,76.03496104883732,75.79984635628759,"rgba(239, 83, 80, 0.5)",0.6736477412423131,75.61881198086242,-0.8072646096304572,44.82927671077405,0.6575062143928605,False,True,False,True,False,0.0,0.0,0.0,0.0,0.0,0,0.9714376640942004,0.9770069217917104,False,False,False,False,-0.06861380796457262,0.019435579090258844,False,False,False,False,1098701.0,1189465.0243443158,False,False,False,False,21959.44474012257,False,False,False,False
2025-09-22 15:00:00+00:00,75.07,75.16,74.83,75.005,39604.0,,,,,,,75.63132765920136,75.79953895271868,75.683187533603,75.91818812742312,75.53320105610275,75.40482846605298,75.40012112330533,75.26639372911214,76.0299301291174,76.20220744844728,76.4635476429675,76.50788195911124,76.76475760911322,77.25997438510316,77.39354368201425,77.34422849527894,76.69257836092977,76.63545346747783,76.59107512154105,,,,,75.59973283315283,75.56167651121865,75.8617651317142,75.89438365983602,75.71254054255965,75.48992124528954,75.41220455626204,75.36385747410333,75.27846852108225,75.5360311582852,76.09707119778271,76.30351594349641,76.48200847718554,76.60633862153722,76.92403472654031,77.12767929934128,77.29305235326066,77.46505492228815,77.00976848172705,76.62028814598732,,76.09707119778271,76.31974433476036,,76.0299301291174,75.77734124316525,"rgba(239, 83, 80, 0.5)",0.6756515040733211,75.59008995940891,-0.8659641189008958,40.34797837917243,-3.3346812535117394,False,True,False,True,False,0.0,0.0,0.0,0.0,0.0,0,0.9814800031931034,0.9731779356589774,False,False,False,False,-0.05995252797287515,-0.020258474441308152,False,False,False,False,1059097.0,1187443.814664559,False,False,False,False,22233.00373639974,False,False,False,False
2025-09-22 16:00:00+00:00,75.005,75.32,74.88,75.24,13361.0,,,,,,,75.59390384107849,75.78309700899408,75.67801782287846,75.91322281891763,75.53172791347346,75.40394395899226,75.39938280751159,75.26613886908892,76.02848633833055,76.20054107141655,76.4616638528232,76.505954941346,76.76259122067744,77.2574530034333,77.39094351057206,77.34209862076978,76.69129685074964,76.63424008025373,76.58991437437737,,,,,75.57812876370757,75.5564268030247,75.85651869045121,75.88941155977251,75.70995348365061,75.48864781934859,75.41126710724382,75.36315979138584,75.27814610319665,75.53533125428137,76.0955385046501,76.30176764461713,76.48010754391757,76.60431829790416,76.92172797608387,77.12523264075624,77.29051202617546,77.4627023928634,77.00810702721746,76.61909265316959,,76.0955385046501,76.31885270357047,,76.02848633833055,75.77241945256397,"rgba(239, 83, 80, 0.5)",0.6714623680544523,75.58386845131267,-0.5121187242540851,39.938714501546634,-3.642681405301495,False,True,False,True,False,0.0,0.0,0.0,0.0,0.0,0,0.9781021897810221,0.9956532436643986,False,False,False,False,-0.041547075581528224,-0.030902775011418186,False,False,False,False,1072458.0,1185661.088855806,False,False,False,False,22095.453290874164,False,False,False,False
2025-09-22 17:00:00+00:00,75.24,75.32,75.045,75.06,12408.0,,,,,,,75.56364430375879,75.76843825533558,75.67326093695125,75.9086388605322,75.53035223198961,75.40311209333588,75.3986875056624,75.26589329253456,76.02714217088563,76.19899093729659,76.45991261446045,76.50416368690178,76.76057833376737,77.25511131262961,77.38852881752396,77.34011986152123,76.69010480188756,76.6331112286771,76.58883436061672,,,,,75.55962052498354,75.5516110464915,75.85168110145035,75.88482227308234,75.70755090787523,75.4874564885199,75.4103860927698,75.36250100298145,75.27783675886879,75.53467518919919,76.09411207739741,76.30014176486176,76.47834043763491,76.6024406613577,76.91958509586286,77.12296017282833,77.28815278260753,77.46051722664468,77.00656259345476,76.61798040292574,,76.09411207739741,76.31802235591674,,76.02714217088563,75.76811890223044,"rgba(239, 83, 80, 0.5)",0.6682546717441497,75.57844152070159,-0.7758142855155054,38.51133392761475,-5.1192593010311995,False,True,False,True,False,0.0,0.0,0.0,0.0,0.0,0,0.9943017519986396,1.0015308725973813,False,False,False,False,-0.027105982386575796,-0.02900437869899699,False,False,False,False,1060050.0,1183713.6301138555,False,False,False,False,21945.260216597046,False,False,False,False
2025-09-22 18:00:00+00:00,75.06,75.09,74.75,74.76,14846.0,,,,,,,75.51198178946545,75.74443688383958,75.66479154878773,75.90128423360935,75.52756337434174,75.40108403362416,75.39697564498358,75.26495309802606,76.02504141877228,76.1966613317303,76.45738754163159,76.50159531677397,76.75776850946902,77.25195263091568,77.38529369636005,77.33746140627154,76.6884280640798,76.63151418790729,76.58729909962486,,,,,75.52615971490401,75.54222595192894,75.84376956578193,75.87740001587683,75.7033187478621,75.48491669557937,75.40826846212737,75.36074272645304,75.27672469960599,75.53334582149985,76.09191981215514,76.29774203250174,76.47579851235488,76.5997786804632,76.91663241023076,77.11987158841535,77.28497600260131,77.45759868199669,77.00444605712612,76.61640432608785,,76.09191981215514,76.31679850076968,,76.02504141877228,75.76064355896868,"rgba(239, 83, 80, 1.0)",0.6642707713419461,75.56889303799875,-1.21771583651744,35.867566981638745,-7.784912109214368,False,True,False,True,False,0.0,0.0,0.0,0.0,0.0,0,0.9606332905434319,1.004193410355157,False,False,False,False,-0.07312343738322367,-0.05106390804111033,False,False,False,False,1045204.0,1181566.1939880592,False,False,False,False,21835.194166727324,False,False,False,False
2025-09-22 19:00:00+00:00,74.745,74.84,74.54,74.6,57588.0,,,,,,,75.32171934722895,75.64295348217433,75.62546759766437,75.86820409201823,75.51364893166969,75.39037321735474,75.38789057228679,75.25947672431118,76.01552292482481,76.18630901703108,76.44640523391065,76.49045853966176,76.74576502417598,77.2387239033901,77.37179942895804,77.3263449967103,76.68121848475076,76.62462420694965,76.58065740014398,,,,,75.38951604390387,75.49770183127521,75.80800247957993,75.84392141806464,75.6833399959499,75.47202980229372,75.39713210298622,75.35123452138858,75.27032163739528,75.52665572673192,76.08206760139616,76.2871755701487,76.46475704158826,76.58830743502027,76.90411217125789,77.10687890374638,77.27168528167978,77.44544135915197,76.99548554568565,76.60959849520198,,76.08206760139616,76.31139680477386,,76.01552292482481,75.72889141811356,"rgba(239, 83, 80, 1.0)",0.6706879283980417,75.5282457836689,-1.3840204130198706,33.30282965051978,-10.361083495399896,False,True,False,True,False,0.0,0.0,0.0,0.0,0.0,0,0.9559494106512952,1.0077432676589528,False,False,False,False,-0.11369264856001769,-0.08237827830056402,False,False,False,False,987616.0,1178559.2142363063,False,False,False,False,22389.501233909843,False,False,False,False
2025-09-23 14:00:00+00:00,75.045,75.075,74.57,74.73,17557.0,,,,,,,75.2879319335928,75.61933957832359,75.61563630339764,75.85952789803335,75.51013582730995,75.38774671369217,75.38565816304518,75.25818917968174,76.0129266608162,76.18345044338373,76.44332849017512,76.4873322885834,76.74236205845669,77.23492220013073,77.36791039924213,77.32314069715721,76.67917318442544,76.62267334581605,76.57877981143523,,,,,75.36208132403897,75.48700318391077,75.79872586094106,75.83517264379687,75.67816455496033,75.46880477268367,75.39439729172776,75.34892927073267,75.26881133203062,75.5249432206004,76.07936645617619,76.28423969206844,76.461661101071,76.58507406311746,76.9005450190647,77.10315672859427,77.26786296571258,77.44193012415369,76.99292058325153,76.60767248719539,,76.07936645617619,76.30988771954436,,76.0129266608162,75.72174016739095,"rgba(239, 83, 80, 1.0)",0.6744011357444801,75.51918536176271,-1.1702017092416563,33.19976386555069,-10.714603971277896,False,True,False,True,False,0.0,0.0,0.0,0.0,0.0,0,0.956637472093423,0.9998282672162122,False,False,False,False,-0.09028425399106763,-0.08633126614581582,False,False,False,False,1005173.0,1175871.0558760534,False,False,False,False,22314.578734159302,False,False,False,False
2025-09-23 15:00:00+00:00,74.725,74.755,74.11,74.165,13508.0,,,,,,,75.24377176922545,75.59267625453379,75.6041981063533,75.85018436375303,75.50578391871738,75.38423342538285,75.38266411366499,75.25625602110736,76.01020608001676,76.18055317713586,76.44032863605243,76.48430094948571,76.73915205240549,77.23147002694745,77.36440690625214,77.32024524106565,76.67722952325327,76.62080839095854,76.57697618393155,,,,,75.32733990987239,75.47382334766034,75.78857660573327,75.8256902097466,75.6722301988464,75.46471511299679,75.39075729284812,75.34575199225246,75.26657005260938,75.52282881507682,76.0765750493221,76.2813125831763,76.45864955681142,76.58197436348358,76.89722699388271,77.09974722487016,77.26439915835367,77.43877904158988,76.99055010836396,76.60582828363466,,76.0765750493221,76.30838643737547,,76.01020608001676,75.71319910169524,"rgba(255, 0, 0, 1.0)",0.6892467163777994,75.50823545645007,-1.9488456376102445,30.413908355585054,-13.625590218955523,False,True,False,True,False,0.0,0.0,0.0,0.0,0.0,0,0.9513680418560772,1.006003945449868,False,False,False,False,-0.15956576555507496,-0.12294851585044539,False,False,False,False,991665.0,1173015.1480330138,False,False,False,False,22178.042629753734,False,False,False,False
2025-09-23 16:00:00+00:00,74.165,74.33,74.01,74.2,6575.0,,,,,,,75.22010359880208,75.57845251093514,75.59799304843214,75.84518948887133,75.50338137035841,75.3822648763884,75.3809849302407,75.25515019037925,76.00875560149306,76.17902115500542,76.43875806978474,76.48271622022484,76.73748638442034,77.22969780731485,77.36261248226926,77.31876070174201,76.67621849149747,76.61983670779935,76.57603520375824,,,,,75.30860602711832,75.46660629756039,75.78313497800654,75.82061435720289,75.66900802482698,75.4624468324594,75.38871977023831,75.34396190070713,75.26529072815134,75.52166022708566,76.07509184800627,76.27977119871748,76.4570738409365,76.58035883319562,76.8955119729525,77.09799254150064,77.26262201408564,77.43716676549099,76.98932672072313,76.60486698128229,,76.07509184800627,76.30759584940033,,76.00875560149306,75.70859028367731,"rgba(255, 0, 0, 1.0)",0.6954268052375988,75.50231624049357,-1.872686285149189,28.98071928363186,-15.233964112867454,False,True,False,True,False,0.0,0.0,0.0,0.0,0.0,0,0.9566466440323849,1.0036563071297997,False,False,False,False,-0.20702710820957232,-0.16498781203000884,False,False,False,False,998240.0,1170305.4558154475,False,False,False,False,21936.13499208313,False,False,False,False
2025-09-23 17:00:00+00:00,74.235,74.605,74.195,74.455,9222.0,,,,,,,75.19584029835563,75.56229728743449,75.59082805670265,75.83922941178606,75.50063046746384,75.38005983626823,75.37910343715036,75.25394596599429,76.00698968308879,76.17713203113786,76.43679093702539,76.48072684469095,76.73537116787806,77.22740956864173,77.36028727464746,77.31683879803646,76.67493707296626,76.61860814524003,76.57484779980511,,,,,75.28867387145486,75.45846855587068,75.7766898697446,75.8145741671007,75.66523166324458,75.45986758595221,75.38643472108556,75.34197259823317,75.26389436849024,75.52031515809846,76.0732765725613,76.27785803723907,76.45509836991177,76.57832119342893,76.89332095520126,77.09573572362481,77.26032531383383,77.43507336776152,76.98775802753522,76.60365235085688,,76.0732765725613,76.30661207574944,,76.00698968308879,75.70343719184343,"rgba(239, 83, 80, 1.0)",0.6954761347850668,75.49573705324416,-1.4964381970716967,31.02582411960785,-15.233964112867454,False,True,False,True,False,0.0,0.0,0.0,0.0,0.0,0,0.958493198465295,1.0014823857690973,False,False,False,False,-0.1653992357889233,-0.16519352390946607,False,False,False,False,1007462.0,1167780.7510741227,False,False,False,False,21739.01662011285,False,False,False,False
2025-09-23 18:00:00+00:00,74.46,74.475,74.23,74.27,6312.0,,,,,,,75.17816866474413,75.55061557507703,75.5855875433927,75.83491257768468,75.4985939598755,75.3784104976874,75.37769519284349,75.2530318911228,76.00571238148727,76.17577286335977,76.43538458361111,76.47930590460462,76.73386740212267,77.22579356303183,77.35864747896123,77.31548250738484,76.67402460297784,76.61773240932129,76.57400069233047,,,,,75.27412938113024,75.4524778306699,75.77201278842134,75.81019550885459,75.66246755950523,75.45795201374015,75.38472672611195,75.34047885198054,75.26283607886542,75.5193186004571,76.07196645653201,76.27648522790263,76.45368660523377,76.57686857513742,76.89176707725777,77.09413946355787,77.25870391894979,77.43359793635241,76.9866464767886,76.60278630110885,,76.07196645653201,76.30590606935708,,76.00571238148727,75.69967701059582,"rgba(255, 0, 0, 1.0)",0.6956866787257512,75.4909304608492,-1.7550004882737018,31.330554073857286,-15.233964112867454,False,True,False,True,False,0.0,0.0,0.0,0.0,0.0,0,0.9583771468629517,1.0046442341395032,False,False,False,False,-0.17394530150668783,-0.16956941270807696,False,False,False,False,1001150.0,1165197.3285768493,False,False,False,False,21499.838067863035,False,False,False,False
2025-09-23 19:00:00+00:00,74.275,74.315,74.03,74.12,30094.0,,,,,,,75.08790963027235,75.49049970061094,75.55789660323897,75.81238522948759,75.48758809803972,75.36935957293173,75.36995648547047,75.24790461738772,75.9990358268097,76.16872731637677,76.42816706633751,76.4720243257626,76.72621939421224,77.21766345400577,77.35041689986927,77.30866629300294,76.66936976650251,76.61325739714096,76.56966602898802,,,,,75.19900451252263,75.42058635378204,75.74754993793262,75.78731862951548,75.6477889203643,75.44755009048275,75.37536414348264,75.33223474581881,75.2569143493109,75.5139169579118,76.06514184137073,76.26939860471929,76.44644582822714,76.56944763166058,76.88389539741436,77.08608845300284,77.25055155562801,77.42619901716822,76.98102194922875,76.59835873626409,,76.06514184137073,76.30225863673684,,75.9990358268097,75.68002677552668,"rgba(255, 0, 0, 1.0)",0.6953469741186151,75.46578426126491,-1.9354139894989186,30.722305410239613,-15.233964112867454,False,True,False,True,False,0.0,0.0,0.0,0.0,0.0,0,0.9628712871287132,1.0037128712871297,False,False,False,False,-0.20657106176962087,-0.18807023723884891,False,False,False,False,971056.0,1162187.3854981384,False,False,False,False,21633.08088851632,False,False,False,False
2025-09-24 14:00:00+00:00,73.62,73.78,73.405,73.69,22544.0,,,,,,,74.99722771229106,75.43218513223763,75.53026978934199,75.79063024602094,75.47622839246495,75.35974549629942,75.3617220921399,75.24224744928145,75.99263730414388,76.16210078904415,76.42153648991138,76.4653584612432,76.7193449261625,77.2105520910764,77.3432607969486,77.30272446469849,76.66516134034993,76.60919525336858,76.56571851302273,,,,,75.12364249275781,75.3881219011308,75.72376465037595,75.76515990466302,75.63314076189124,75.43671515820841,75.36543763366608,75.32338690184046,75.25040577418748,75.50833112700604,76.05865141713633,76.26279787573161,76.43980374082231,76.56270440581568,76.87688865243317,77.07900077967928,77.24343164284721,77.41978369888389,76.9760356639018,76.59433525739605,,76.05865141713633,76.29886194705044,,75.99263730414388,75.6604499477535,"rgba(255, 26, 202, 1.0)",0.7128690098655663,75.4406195207326,-2.4557380058683327,28.37638618214911,-16.778576511647998,False,True,False,True,False,0.0,0.0,0.0,0.0,0.0,0,0.9543178423965565,1.000351401212335,False,False,False,False,-0.315118163492078,-0.2515942003654634,False,False,False,False,948512.0,1158874.5888237488,False,False,False,False,21647.20366543855,False,False,False,False
2025-09-24 15:00:00+00:00,73.68,73.73,73.405,73.485,17677.0,,,,,,,74.92968223272254,75.38691554806057,75.50821151500219,75.77321452288247,75.46701302857691,75.35191504157197,75.35500621551134,75.23760741767609,75.98746497069749,76.15675568451987,76.41620192183831,76.45999771312064,76.71382837524166,77.20486393180511,77.33754098496173,77.29797143116373,76.66177756243592,76.60592729342234,76.56254136325151,,,,,75.06633975669816,75.36228762477893,75.70474359808232,75.74742257893551,75.62132261312493,75.42791467181966,75.35735624818842,75.31616908085475,75.24507353942715,75.50377763252729,76.05340939521221,76.25747913541198,76.43446082745248,76.55728616929854,76.87127256778705,77.07332726158438,77.23773768465776,77.41465616716546,76.97203730366793,76.5910979186405,,76.05340939521221,76.29612011233591,,75.98746497069749,75.64510970058777,"rgba(255, 26, 202, 1.0)",0.7290593223441898,75.42092851585103,-2.6553785906287026,26.05698471077534,-19.17585131770758,False,True,False,True,False,0.0,0.0,0.0,0.0,0.0,0,0.9542822042822046,0.9996489996490002,False,False,False,False,-0.34282825441539394,-0.2972112273904287,False,False,False,False,930835.0,1155339.0913226053,False,False,False,False,21585.65012023795,False,False,False,False
2025-09-24 16:00:00+00:00,73.485,73.655,73.33,73.575,26346.0,,,,,,,74.83858932819898,75.32263825362557,75.47590329095384,75.74752441316447,75.45329912521831,75.34024126409156,75.34497890281796,75.23065769479582,75.97973376170967,76.14876902123969,76.40823274524146,76.45198988201719,76.70559029477839,77.19637279133806,77.32900324123837,77.29087211706789,76.65671569589122,76.60103789562359,76.55778721586834,,,,,74.98721401310998,75.32468881140731,75.67674516883832,75.72127048593444,75.60378741994656,75.41481149214587,75.34531248595302,75.3053994194657,75.23709523476825,75.49696129720846,76.04557514948934,76.24953241806375,76.42647935727645,76.54919343257295,76.86288724503001,77.06485739284282,77.22923803996493,77.40699982228725,76.96606071582424,76.58625412411646,,76.04557514948934,76.2920141697407,,75.97973376170967,75.62309721746728,"rgba(255, 26, 202, 1.0)",0.7448008863863018,75.2983977282512,-2.313903970513449,25.692810636708984,-19.7441334774269,False,True,False,True,False,0.0,0.0,0.0,0.0,0.0,0,0.9492501828822238,1.0231346013167526,False,False,False,False,-0.34282825441539394,-0.3200197409029113,False,False,False,False,957181.0,1152266.8728524873,False,False,False,False,21659.453994342788,False,False,False,False
2025-09-24 17:00:00+00:00,73.575,73.99,73.56,73.95,16221.0,,,,,,,74.80012491419595,75.2917232358159,75.45963230666136,75.73418079452956,75.44630422227125,75.33435207993222,75.33991014857354,75.22718534727254,75.97560106912411,76.1444589745317,76.40387790037961,76.4476057694888,76.7010361007791,77.19160822093669,77.32419645108617,77.28687648449177,76.65391776297177,76.59834059783351,76.55516866548739,,,,,74.95197161153538,75.30618174045007,75.66231387683412,75.70772089559485,75.59473760284634,75.4081524561118,75.33923493881807,75.29998508879795,75.23310935230231,75.49344925836998,76.04137116350921,76.24522162599978,76.42211437054111,76.54474539793554,76.85822727502897,77.06012179401701,77.22446462084434,77.40267962096081,76.96272491068751,76.58358341142204,,76.04137116350921,76.28977728083176,,75.97560106912411,75.6124208297795,"rgba(255, 0, 0, 1.0)",0.7505812342382658,75.29097968408749,-1.7865883436965906,29.817200314637944,-19.7441334774269,False,True,False,True,True,0.0,0.0,0.0,0.0,0.0,0,0.9353834889254989,1.0247116968698522,False,False,False,False,-0.2877329486147503,-0.3038763447588308,False,False,False,False,973402.0,1149493.7740485726,False,False,False,False,21575.136878151425,False,False,False,False
2025-09-24 18:00:00+00:00,73.945,74.085,73.895,73.95,19884.0,,,,,,,74.76323196602188,75.25909122523711,75.44184109967694,75.71928999602022,75.43856638553655,75.32787889352787,75.33432969650981,75.22338764119478,75.97089429655246,76.13952379204989,76.39885624758021,76.4425451817653,76.69575119711394,77.18603460005258,77.31856339724348,77.28219390288389,76.65066946703715,76.59521239101053,76.55213432924273,,,,,74.91677439289992,75.28626036940386,75.64629146613203,75.69262456526774,75.58466211511073,75.40080181024018,75.33255408003343,75.29404552858782,75.22875131585405,75.4895342729217,76.036572699943,76.24027110364581,76.4170788396119,76.5395999380695,76.85280426727292,77.05459272738835,77.21887809854773,77.39761015750503,76.958832344842,76.58048691498169,,76.036572699943,76.2872004807902,,75.97089429655246,75.601026359253,"rgba(255, 0, 0, 1.0)",0.7571152755967743,75.28215639661474,-1.7595159410364576,32.56679343325725,-22.247559621098922,False,True,False,True,True,0.0,0.0,0.0,0.0,0.0,0,0.9423147468818781,1.0188004402054298,False,False,False,False,-0.24692874532713194,-0.27540254504298134,False,False,False,False,973402.0,1146763.6690245636,False,False,False,False,21548.917701745977,False,False,False,False
2025-09-24 19:00:00+00:00,73.925,74.055,73.785,74.045,33157.0,,,,,,,74.70751066449743,75.20753934214846,75.41281048347743,75.69480367531753,75.42571246948579,75.31710259954208,75.32502339896469,75.21703034859111,75.96303609059963,76.13128732761524,76.39047701610073,76.43410143437193,76.68693559630854,77.17674008548676,77.30917023171571,77.2743796920853,76.64524007204992,76.58998282243009,76.54706098306944,,,,,74.86256021561152,75.25397080627194,75.62000657391656,75.66781332065251,75.5679830735204,75.38858357120763,75.32143648394364,75.28414745275879,75.22146478837577,75.482986421801,76.02856266524657,76.23200949464214,76.40867661864986,76.53101552885659,76.84375961396603,77.04537214065526,77.2095621720016,77.38915308190455,76.95233139378341,76.57531011673582,,76.02856266524657,76.28288854339063,,75.96303609059963,75.58266545349242,"rgba(255, 0, 0, 1.0)",0.7625590687512427,75.26311201945285,-1.597400213792764,35.49432406743483,-19.517494079173893,False,True,False,True,True,0.0,0.0,0.0,0.0,0.0,0,0.9368265954507782,1.0262455106363388,False,False,False,False,-0.2601194296106317,-0.26776098732680653,False,False,False,False,1006559.0,1144589.9532257332,False,False,False,False,21728.88796993596,False,False,False,False
2025-09-25 14:00:00+00:00,73.895,74.715,73.895,74.655,13343.0,,,,,,,74.69973195802699,75.19517122602322,75.40504901281838,75.68770588540065,75.42220819732694,75.31426933126679,75.32256548164773,75.21542091449602,75.9606139671735,76.128689388308,76.38775684285221,76.43134888333338,76.68400014515967,77.17354788573144,77.30592245604407,77.27168068932048,76.64343482278122,76.58825149601893,76.54538722782775,,,,,74.85271412432215,75.24588542997645,75.61252930606943,75.6606665218166,75.56326196246005,75.38529131824713,75.31850961177071,75.28157673538027,75.2196182014824,75.48115920855967,76.02607020734163,76.22937193930505,76.40594418036629,76.52819270467776,76.84071420359724,77.04222829183873,77.20635711846977,77.38621670876478,76.9501244051233,76.57359828027623,,76.02607020734163,76.28150082205842,,75.9606139671735,75.57812519343086,"rgba(239, 83, 80, 0.5)",0.7601300979221836,75.26132108750777,-0.7976543609641891,42.859728147993366,-12.814535339848497,False,False,False,True,True,0.0,0.0,0.0,0.0,0.0,0,0.936181867981375,1.0145165708025201,False,False,False,False,-0.18853197953923176,-0.22814648343301913,False,False,False,False,1019902.0,1142656.8066640939,False,False,False,False,21598.874202960207,False,False,False,False
2025-09-25 15:00:00+00:00,74.675,75.23,74.66,75.16,29108.0,,,,,,75.01666666666667,74.71749269542038,75.18924607767673,75.39852568393292,75.67964273556213,75.41914380476432,75.31222918446744,75.32076049303085,75.21454740056866,75.95738911420945,76.1250151741675,76.38363671625068,76.42714028560317,76.67930000883224,77.16810980518449,77.30031904642654,77.26703598659745,76.6405587375756,76.58551876283165,76.54276546159964,,,,,74.86033050159487,75.24112857712198,75.60452734912529,75.65270882868475,75.55839475405656,75.38257341903345,75.31638274028066,75.27986535125463,75.2186011131848,75.47942119746101,76.0226661512994,76.22552976771827,76.40178892892386,76.52379279364958,76.83572466434825,77.03694727991082,77.20087923765958,77.38111270729414,76.94645298914189,76.5709032448816,,76.0226661512994,76.27944686783563,,75.95738911420945,75.5191285770583,#000000,0.749810738883861,75.26079060766241,-0.1344213978749505,50.66835723796939,-5.983763637745611,True,False,True,False,True,0.0,0.0,0.0,0.0,0.0,0,0.9552279552279556,1.0008190008190014,False,False,False,False,-0.07329238214997533,-0.15071943279149724,False,False,False,False,1049010.0,1141204.9181886816,False,False,False,False,21715.294757953074,False,False,False,False
2025-09-25 16:00:00+00:00,75.17,75.18,74.695,74.96,10692.0,,,,,,74.99741390284757,74.72208133769716,75.18630395392006,75.39574477301629,75.67641448697835,75.4178314176027,75.31130679113045,75.31994782328267,75.21411295576743,75.95612026046493,76.12358477182613,76.38205049722362,76.42552242873398,76.67750606297602,77.16605284974487,77.29820329772899,77.2652805071415,76.63945833002275,76.58447161044303,76.54175956817535,,,,,74.86175104872792,75.23888831694995,75.60128997858178,75.64951114229851,75.5563949727713,75.38139154311817,75.31542398910774,75.27907260084338,75.21809838638758,75.4786876848828,76.02133285995178,76.2240412547363,76.40019020067875,76.52210648967211,76.83382680941523,77.03494579051689,77.19880817429042,77.37918675562341,76.94505794460673,76.5698701025233,,76.02133285995178,76.27865135705329,,75.95612026046493,75.51715947803173,#000000,0.7424076852865834,75.26146577133369,-0.40606499273687396,54.02468617629762,-3.3228114864604095,True,False,True,False,True,0.0,0.0,0.0,0.0,0.0,0,0.9532174387912988,1.0061891326112682,False,False,False,False,-0.07462583861326376,-0.11267263570238051,False,False,False,False,1038318.0,1139609.7721702524,False,False,False,False,21544.390963256126,False,False,False,False
2025-09-25 17:00:00+00:00,74.955,74.995,74.655,74.675,17168.0,,,,,,74.93038676683986,74.72374137024782,75.17849959566821,75.38969270219293,75.67009877237506,75.4149870623219,75.30915249705815,75.31806194741345,75.2129794754834,75.95374809021177,76.12096498991974,76.37921039419118,76.42263459329556,76.67435141296677,77.16250578466779,77.29456916004939,77.2622611884683,76.63751743598905,76.58261894788123,76.53997538948187,,,,,74.85947532628006,75.23332096576767,75.59482833084931,75.64321219620973,75.55232579860578,75.37877302603586,75.31319307396717,75.27716374832706,75.2167949325351,75.47714026375479,76.01886185439187,76.22134168465956,76.39733143635429,76.519115281279,76.83051385175379,77.03147926294481,77.19524040468163,77.37588511399804,76.94263195476697,76.56804067012928,,76.01886185439187,76.2772134289283,,75.95374809021177,75.51141145206648,"rgba(239, 83, 80, 0.5)",0.7403753491703131,75.25762051974652,-0.7869258753677161,53.86695919956094,-3.3228114864604095,True,False,True,False,True,0.0,0.0,0.0,0.0,0.0,0,0.9522423360320206,1.006458655508051,False,False,False,False,-0.09466219232386207,-0.1036674140131213,False,False,False,False,1021150.0,1137773.1865552098,False,False,False,False,21476.539940569986,False,False,False,False
2025-09-25 18:00:00+00:00,74.69,74.95,74.445,74.48,17655.0,,,,,,74.8581355390876,74.72065558226448,75.16790591438648,75.38210180292988,75.66262249579853,75.41140871015287,75.30633799019215,75.3156042103414,75.21142280536826,75.95100937830938,76.11798242709615,76.37602806065794,76.41940595250122,76.67086282512825,77.15864057547529,77.29062099272215,77.25897705583193,76.63536528796973,76.58055991304124,76.53798873963687,,,,,74.8533160591953,75.22590464069874,75.58709128641516,75.63572560997451,75.54738614546466,75.37544055343122,75.31028391810722,75.27463389132221,75.21501007754257,75.47521758524414,76.01602574575408,76.21828917898986,76.39413119879922,76.51578625098875,76.82687020887957,77.02768923635286,77.19135565164365,77.3723032225649,76.939970548748,76.56600616741291,,76.01602574575408,76.27559020921002,,75.95100937830938,75.50438683230095,"rgba(239, 83, 80, 1.0)",0.7449656077686793,75.25094365575498,-1.0348714728779314,52.27188869946036,-3.3228114864604095,True,False,True,False,True,0.0,0.0,0.0,0.0,0.0,0,0.9496677892054248,1.0101028488213346,False,False,False,False,-0.11746292687199818,-0.11056517044255973,False,False,False,False,1003495.0,1135691.3542055166,False,False,False,False,21417.29125932084,False,False,False,False
2025-09-25 19:00:00+00:00,74.485,74.65,74.2,74.22,39453.0,,,,,,74.6847033410475,74.6968953762272,75.13463212817501,75.35984831091291,75.64207395019002,75.4008393730712,75.29768710076986,75.30806478983081,75.2063955941176,75.94369963786916,76.1101699803152,76.36787476231446,76.41116010342449,76.66209288224597,77.14913525923002,77.28095632177534,77.25092295908813,76.62993284610563,76.57534505849439,76.53294346776401,,,,,74.82577879089395,75.20285132330869,75.56553999347682,75.6150494157425,75.53337909278002,75.36547396505807,75.3013599129399,75.26674474008459,75.20926378322147,75.46960607940618,76.00851495612139,76.21036812947399,76.38594295494394,76.50733933905705,76.81778425165047,77.01832172526599,77.18181357248899,77.363554000665,76.93335841785364,76.56084870403889,,76.00851495612139,76.27138653822482,,75.94369963786916,75.4845102992917,"rgba(239, 83, 80, 1.0)",0.7533077030648837,75.22733990562935,-1.3372223615010441,49.388083870834016,-3.3228114864604095,True,False,False,False,False,0.0,0.0,0.0,0.0,0.0,0,0.9383096294954257,1.0163964127185439,False,False,False,False,-0.16663593598413498,-0.13860055321334736,False,False,False,False,964042.0,1133030.1239077565,False,False,False,False,21696.9146506492,False,False,False,False
2025-09-26 14:00:00+00:00,74.26,74.29,73.37,73.67,18979.0,,,,,,74.55518075232048,74.66887827454,75.1083567053941,75.34349131056715,75.62806051177151,75.39304756058453,75.29105094118661,75.30229460703356,75.20236188207015,75.93893069311336,76.10520147363403,76.36285165836813,76.40610363732475,76.65684228315321,77.14364066608974,77.27541211571378,77.24629117021519,76.62666436483738,76.5721916158999,76.5298801083487,,,,,74.79852328772749,75.18488504839232,75.550593227067,75.6008638999815,75.523494003933,75.35803188746529,75.29452692275662,75.26060975311694,75.20466494886485,75.46553029188271,76.00366588470824,76.20539690151338,76.38090823554707,76.50220992636177,76.81241273801,77.01286195119017,77.1763084871582,77.35855485547269,76.92947640470267,76.55772566659752,,76.00366588470824,76.26876033275978,,75.93893069311336,75.4692560265416,"rgba(255, 0, 0, 1.0)",0.7728406418266601,75.20645391694165,-1.9880604535886497,44.42141515059065,2.0466541551614625,False,False,False,True,False,0.0,0.0,0.0,0.0,0.0,0,0.9234767025089609,1.0255376344086027,False,False,False,False,-0.27721063751015107,-0.2079055953617492,False,False,False,False,945063.0,1130115.9049324424,False,False,False,False,21654.776439011228,False,False,False,False
2025-09-26 15:00:00+00:00,73.67,73.91,73.55,73.69,21036.0,,,,,,74.44070954825395,74.63779426324399,75.07913686519453,75.32507263369537,75.61227677269352,75.38418078654965,75.2834741165318,75.29570009565641,75.19773045544386,75.93352334629357,76.09957786420246,76.35717820122176,76.40039439772944,76.65092411993254,77.1374632804274,77.26918244317942,77.24108325416164,76.62297429038097,76.56862984742602,76.52641885826263,,,,,74.7682428007467,75.1646669289497,75.53376509360889,75.584885737544,75.51229482592768,75.34955436166284,75.28672799721676,75.25359603405742,75.19938932946677,75.46087594712783,75.99817167574504,76.19977501748757,76.37522244553726,76.49642238022437,76.80636393785656,77.0067200806636,77.1701201829754,77.35293760116758,76.92510311643763,76.55419781719209,,75.99817167574504,76.26578601803895,,75.93352334629357,75.45334092576238,"rgba(255, 0, 0, 1.0)",0.7909384493321905,75.18467693725971,-1.8897512676513648,41.29574527235989,-0.9576569636474233,False,False,False,True,False,0.0,0.0,0.0,0.0,0.0,0,0.9241163310961972,1.034451901565996,False,False,False,False,-0.2963883810928282,-0.2521469882272887,False,False,False,False,966099.0,1127573.0071815515,False,False,False,False,21645.183005848263,False,False,False,False
2025-09-26 16:00:00+00:00,73.695,73.72,72.78,73.295,26377.0,,,,,,74.2688691624,74.58381228355519,75.03260162633251,75.29623627839314,75.58822137497117,75.37021863392741,75.27136676766493,75.2851651947823,75.19020514683854,75.9254062859989,76.09123425471523,76.34888755566367,76.39207068976764,76.64239982669632,77.12873029076177,77.2604125931856,77.23374064476792,76.61764349398057,76.56347097687107,76.52139508969744,,,,73.26500000000001,74.71727405302154,75.13242248282755,75.50795810053376,75.56047753746063,75.49496359119571,75.33614105640036,75.27427517201883,75.24233290373573,75.19082781256748,75.45357253537183,75.98996320911061,76.19148581556603,76.36692182993498,76.48802564310452,76.79770880013136,76.9979982480692,77.16138113378658,77.34504673182853,76.91886665804931,76.54908445754454,73.26500000000001,75.98996320911061,76.26140723542353,,75.9254062859989,75.30435675340213,"rgba(255, 26, 202, 1.0)",0.8179385921583062,75.05323970292436,-2.149598661538716,37.357742754512195,-4.734053534240054,False,True,False,True,False,0.0,1.0,73.72,72.78,879.0,0,0.923414546757435,1.0359190254389112,True,False,False,False,-0.34282825441539394,-0.2974876213213413,False,False,False,False,939722.0,1124660.5884655584,False,False,False,False,21718.54450963356,False,False,False,False
2025-09-26 17:00:00+00:00,73.3,73.625,73.25,73.45,11359.0,,,,,,74.2198865210146,74.56479332260244,75.01521930102996,75.28512393609869,75.57878962130067,75.36476231235382,75.26665265338943,75.28105584611241,75.18727819668463,75.92215705928814,76.08787992986217,76.34553469573963,76.38870150656474,76.6389334581363,77.12515303982889,77.25681423535138,77.23072735277592,76.61547374270009,76.56137304360003,76.51935352956126,,,,73.31817883895131,74.69891665304712,75.12015345682454,75.49788572397203,75.55092073179613,75.48816692475857,75.33090596517194,75.2694269878201,75.2379516089992,75.18750026419454,75.45069501273233,75.98667167418839,76.18814518222052,76.36356369256478,76.48462056638525,76.79418031187073,76.99443194975304,77.1577998746018,77.34180471493305,76.9163170670164,76.54700552669065,73.31817883895131,75.98667167418839,76.25963643593623,,75.92215705928814,75.29778609680613,"rgba(255, 0, 0, 1.0)",0.8331527281776347,75.043902867629,-1.9130980596023028,36.27169061989353,-5.924400797603525,False,True,False,True,False,0.0,0.0,0.0,0.0,0.0,0,0.9331124641833816,1.0326826647564473,False,False,False,False,-0.3082760295588656,-0.30288182544010345,False,False,False,False,951081.0,1121969.4320552396,False,False,False,False,21557.931416460946,False,False,False,False
2025-09-26 18:00:00+00:00,73.425,73.725,73.395,73.585,21426.0,,,,,,74.15442353292411,74.53444778140374,74.98600258701121,75.26593725566087,75.56226385863984,75.35522627057084,75.2584390248252,75.27388457782651,75.18218249407845,75.91636305861374,76.08187763036106,76.33950629640053,76.382639512866,76.63267361775496,77.11865567041595,77.25026997006516,77.22524609764066,76.61155211100154,76.55758382809773,76.51566816687993,,,,73.40877432586232,74.66903766920387,75.09919943440804,75.48030555849674,75.5341954051953,75.47625435126352,75.32176639633883,75.26098048658095,75.23032381804477,75.18171089070249,75.44563041335307,75.98079394281079,76.18215552840236,76.35752401283733,76.47848489020302,76.78779553676951,76.98796356907026,77.15129305036324,77.33590220624252,76.9116929911381,76.5432513354017,73.40877432586232,75.98079394281079,76.25645216729757,,75.91636305861374,75.28726730355916,"rgba(255, 0, 0, 1.0)",0.8466489322120344,75.02934677719091,-1.7059571237127527,36.8721527185086,-5.924400797603525,False,True,False,True,False,0.0,0.0,0.0,0.0,0.0,0,0.9307107733571752,1.0339740724184179,False,False,False,False,-0.2860858915470915,-0.2944838584935975,False,False,False,False,972507.0,1119652.1850466311,False,False,False,False,21555.885968143724,False,False,False,False
2025-09-26 19:00:00+00:00,73.595,73.655,73.33,73.52,39414.0,,,,,,74.05259876306232,74.47966040451406,74.93284087274326,75.23039710974537,75.53156998913714,75.33730149225534,75.242947508018,75.26033882136933,75.17250825747719,75.90547840860052,76.07061964101291,76.32821974662835,76.3712934677305,76.62097572020461,77.10654201065957,77.23807510182029,77.21502280092015,76.60420695238234,76.55048351379277,76.50875997538047,,,,73.44591580776931,74.61491672224528,75.06047995270742,75.44769007245695,75.50313547300662,75.45397006500338,75.30456909422516,75.24505647299094,75.21591709291289,75.17073289831808,75.43605636960153,75.96975916693171,76.17092933951285,76.34621774023466,76.46700821031813,76.77587440511842,76.97589755573692,77.13916331906596,77.32490111120683,76.90305114062998,76.53621579807452,73.44591580776931,75.96975916693171,76.2504694280128,,75.90547840860052,75.26334438168983,"rgba(255, 0, 0, 1.0)",0.8631424360244508,74.9971293043388,-1.711338989590542,36.871080973947684,-6.147234037729859,False,True,False,True,False,0.0,0.0,0.0,0.0,0.0,0,0.9278488944588671,1.039566735296751,False,False,False,False,-0.29827788299981894,-0.2963808707467082,False,False,False,False,933093.0,1116759.7945807918,False,False,False,False,21832.755953133743,False,False,False,False
2025-09-29 14:00:00+00:00,74.42,74.975,74.32,74.885,16891.0,,,,,,74.09483709752014,74.48515103620386,74.92972420330386,75.22608565420774,75.52646442693143,75.33478127764388,75.2410037993019,75.2585964317143,75.1714110483347,75.90320559882606,76.0681113193702,76.32549466230267,76.36852241245633,76.61794751949272,77.1031311469999,77.23457867234224,77.21209839919221,76.6023084483,76.54866929423265,76.50701121698282,,,,73.63326944783648,74.6170937529074,75.05704832208313,75.44263235721213,75.49808353758196,75.4504694255068,75.30223848475623,75.24305343502718,75.21417591115573,75.16949284503087,75.4345622639541,75.96739245526248,76.16834177855814,76.34347461126576,76.46413752009587,76.77269351204379,76.9725664022443,77.13573203868141,77.32171025939385,76.90069002056188,76.53442378039499,73.63326944783648,75.96739245526248,76.2490525192759,,75.90320559882606,75.27050882290133,#000000,0.8583760594639283,75.00810134202077,-0.14341190048757807,45.86974486167279,-11.410385785748353,True,False,False,True,True,0.0,0.0,0.0,0.0,0.0,0,0.9315272663510437,1.024022444327547,False,False,False,False,-0.09827745526113077,-0.1973291630039195,False,False,False,False,949984.0,1114174.1233469811,False,False,False,False,21756.13958176733,False,False,False,False
2025-09-29 15:00:00+00:00,74.885,74.915,74.64,74.7,12296.0,,,,,,74.12349156537309,74.48939502449161,74.92778612091485,75.22314801320604,75.52290323028811,75.33303458893123,75.23966636266117,75.25739445500965,75.17066042012988,75.90159162447834,76.0663251583962,76.32354765866202,76.3665416826656,76.61577824645104,77.10068036776033,77.23206483415713,77.20999523627388,76.60094721186655,76.54736897060398,76.50575819088618,,,,73.74090477420434,74.61897552769102,75.0547799702988,75.43912194630168,75.49456492371883,75.44802950402669,75.30062685850497,75.2416751317052,75.21298077296909,75.16864519850336,75.43351683656807,75.96570984113887,76.16649652050278,76.34151434264851,76.46208370024003,76.77041236547652,76.97017457351058,77.13326618833713,77.31941469649581,76.89899416355038,76.53313950072597,73.74090477420434,75.96570984113887,76.2480396311787,,75.90159162447834,75.27459888114703,#000000,0.8583130741953632,75.01463666280509,-0.3665756380328307,50.56567310754749,-7.083850360387437,True,False,True,False,True,0.0,0.0,0.0,0.0,0.0,0,0.9389292911592049,1.022605800403049,False,False,False,False,-0.07652640270076308,-0.1369277828523413,False,False,False,False,937688.0,1111437.9043803613,False,False,False,False,21609.470751042256,False,False,False,False
2025-09-29 16:00:00+00:00,74.7,74.785,74.44,74.46,11036.0,,,,,,74.14000186076684,74.49041339113003,74.92424402439305,75.21949210602845,75.51895413321841,75.33096632970783,75.23800724065667,75.25591700703417,75.16968452273603,75.89990817403788,76.06449505671706,76.32159353539284,76.36455937218047,76.61363754428325,77.09830750518232,77.22964042798013,77.20796499227369,76.59960181813724,76.54608017883106,76.50451343517535,,,,73.80616409340126,74.61826519312196,75.05151427028909,75.43513905466682,75.49063450627169,75.44526051165832,75.29869052687181,75.23996751049869,75.21147371499099,75.16754200865762,75.43232055629332,75.9639678816598,76.16462257800512,76.3395492825372,76.46004022832166,76.7681770700748,76.96784874627511,77.13088114237348,77.3172056589102,76.8973398873756,76.53186563001343,73.80616409340126,75.9639678816598,76.24701641918776,,75.89990817403788,75.27596959152822,"rgba(239, 83, 80, 0.5)",0.858509855023536,75.01730609714232,-0.6491551539930217,52.057210801627235,-5.671896902127095,True,False,True,False,True,0.0,0.0,0.0,0.0,0.0,0,0.936552449390939,1.0257646130926301,False,False,False,False,-0.104148527351794,-0.12053815510206765,False,False,False,False,926652.0,1108573.00663803,False,False,False,False,21445.54097195633,False,False,False,False
2025-09-29 17:00:00+00:00,74.455,74.47,73.645,74.015,20698.0,,,,,,74.13362137050312,74.47890247123513,74.90854485874148,75.20742559671332,75.50767110994705,75.32452354383717,75.2325493320614,75.2511066758511,75.16630948568694,75.89554375067013,76.05989497579169,76.31686427805326,76.35978776156192,76.60862353180346,77.092962215754,77.22422422634351,77.20342147423116,76.59644275328294,76.54303737539053,76.50156150349056,,,,73.83694165616491,74.60520366573442,75.03914557980548,75.42339042423669,75.47928800881475,75.43709440139436,75.29255130102902,75.23435813238557,75.20642628167997,75.16372289424245,75.42875530744915,75.95950916745974,76.15998710792964,76.33480441518435,76.45517631886747,76.76301499909053,76.96256168754297,77.12551985576738,77.31229460176071,76.89355647222152,76.52885353585327,73.83694165616491,75.95950916745974,76.24451155670357,,75.89554375067013,75.26997325509672,"rgba(239, 83, 80, 1.0)",0.8674395375775236,75.01023365795444,-1.147323375106705,50.37144425974781,-5.671896902127095,True,False,False,False,True,0.0,0.0,0.0,0.0,0.0,0,0.9209039548022604,1.0333767926988267,False,False,False,False,-0.1984908505317329,-0.15951450281690027,False,False,False,False,905954.0,1105431.6266901537,False,False,False,False,21433.95118944538,False,False,False,False
2025-09-29 18:00:00+00:00,74.025,74.255,73.975,74.01,13703.0,,,,,,74.13137635417208,74.47221690317015,74.89888315088199,75.19981968860104,75.50048037585809,75.3204145477609,75.22907387357692,75.24803901118317,75.1641587606973,75.89272255618971,76.05691618543567,76.31379440725867,76.35668935349685,76.60536207364102,77.08947609957379,77.22068979530795,77.20045545234984,76.59438557832863,76.54105646044655,76.49964017788888,,,,73.85617161277908,74.59742134359027,75.03141799328793,75.41592459852832,75.47206282307036,75.43188106744176,75.28863812073851,75.23078675747107,75.20321317594994,75.16129099488307,75.42646720928028,75.95662493900416,76.15698231902871,76.33172396796205,76.45201574210665,76.75965415479932,76.95911575618895,77.12202277976958,77.30908773903367,76.891089348338,76.52689276214882,73.85617161277908,75.95662493900416,76.24288392838021,,75.89272255618971,75.26627115079356,"rgba(239, 83, 80, 1.0)",0.8758430276084627,75.00595801737015,-1.1371421430272277,49.21872418536623,-5.671896902127095,True,False,False,False,True,0.0,0.0,0.0,0.0,0.0,0,0.9212194910101626,1.0405628420046906,False,False,False,False,-0.18858152038566026,-0.17404801160128025,False,False,False,False,892251.0,1102126.5006949576,False,False,False,False,21314.091481081883,False,False,False,False
2025-09-29 19:00:00+00:00,73.985,74.065,73.51,73.52,75461.0,,,,,,74.05023992432066,74.40682648110388,74.82644037500795,75.14603613460805,75.45184409130155,75.29144866784436,75.20406993136672,75.22600225984934,75.14834951832584,75.87410398628928,76.03753535355405,76.29417591113068,76.33694122466194,76.58485942250046,77.06800557133944,77.19901943803173,77.18223677824025,76.58140641424909,76.52852167047226,76.4874536604265,,,,73.80827252765813,74.52959099988801,74.97478486227438,75.36491987845446,75.42302180660822,75.39596766642352,75.26086872077465,75.20511520333406,75.17993966176545,75.14343302618957,75.41047209509307,75.93770074199651,76.13757723846454,76.31205996382103,76.43198392301836,76.73868139923242,76.93778987096172,77.10050946523,77.28946733518005,76.87574615128723,76.51447549183298,73.80827252765813,75.93770074199651,76.2323904703196,,75.87410398628928,75.22914948254508,"rgba(255, 0, 0, 1.0)",0.8925695672796441,74.95882306506076,-1.6120010336516135,45.809232626086995,-5.671896902127095,True,False,False,True,False,0.0,0.0,0.0,0.0,0.0,0,0.9127957174926615,1.043947504748748,False,False,False,False,-0.24557511486152878,-0.2098115632314045,False,False,False,False,816790.0,1097702.6789787568,False,False,False,False,22153.578434863557,False,False,False,False
2025-09-30 14:00:00+00:00,73.56,73.79,73.37,73.79,24950.0,,,,,,74.02689192475134,74.38625734055034,74.80342841881094,75.12852537909534,75.43590816604329,75.28181408749134,75.19572185824471,75.21862719099008,75.14302544522485,75.86788214231765,76.0310662998021,76.28763437055501,76.33035777423244,76.57803156506202,77.06086539019718,77.19181489199826,77.17617169270508,76.5770690959083,76.52433115647983,76.48337824878048,,,,73.79383999546802,74.50818426874447,74.95643434026032,75.34824590463127,75.4069604561928,75.38408974917942,75.25162186439921,75.19654923191668,75.17215629703567,75.13742979911135,75.40510103418673,75.93137978227858,76.13110265777325,76.30550377297725,76.42530869923222,76.73170092172528,76.93069574010957,77.09335556584858,77.28294029558866,76.87062887568874,76.51032381038965,73.79383999546802,75.93137978227858,76.22887417221197,,75.86788214231765,75.21719512020219,"rgba(239, 83, 80, 1.0)",0.9027686742907113,74.94375963065957,-1.2780235552214438,45.46355224903626,-5.671896902127095,True,False,False,True,False,0.0,0.0,0.0,0.0,0.0,0,0.9132004125128915,1.0450326572705395,False,False,False,False,-0.28248944375450696,-0.24615050349295575,False,False,False,False,841740.0,1093734.2653511793,False,False,False,False,22196.933807966445,False,False,False,False
2025-09-30 15:00:00+00:00,73.755,74.045,73.74,73.915,19639.0,,,,,,74.02132116215593,74.37607278682161,74.78972937150009,75.11731002935197,75.42528971336867,75.2754592850042,75.19026624165197,75.21378788241208,75.13955850202976,75.8635584311254,76.02653094283284,76.28299390613566,76.32567958638096,76.57313640292098,77.05567646089102,77.18656332310522,77.17174972042262,76.57395488400415,76.52132737818022,76.48046089695526,,,,73.8009495481671,74.49675252028815,74.94504011378496,75.3372463446117,75.39629122979431,75.37618489839011,75.24554219303174,75.19095200427738,75.16708234056551,75.13352681811952,75.40149521699587,75.92697138984211,76.12654108500922,76.30084954643766,76.42054817219302,76.72667244638055,76.92555708685316,77.08815264126441,77.27817149750082,76.86692408331969,76.5073492216088,73.8009495481671,75.92697138984211,76.22638076394598,,75.8635584311254,75.21065815829071,"rgba(239, 83, 80, 1.0)",0.9102570521024383,74.93600017046575,-1.1216613681899155,46.09903385984758,-5.671896902127095,True,False,False,True,False,0.0,0.0,0.0,0.0,0.0,0,0.9235066609368289,1.039449935539321,False,False,False,False,-0.22714846116266674,-0.23664948232781124,False,False,False,False,861379.0,1090131.8581364322,False,False,False,False,22157.27591947084,False,False,False,False
2025-09-30 16:00:00+00:00,73.94,74.065,73.84,73.89,12445.0,,,,,,74.01889448932039,74.37025168552256,74.78156283290875,75.11049051991644,75.41877471903395,75.27155450637885,75.18691706576828,75.21081308716138,75.13742740425342,75.86087239613303,76.02370956901842,76.28010157719213,76.32276296507676,76.57008028715802,77.05243001536228,77.18327611220148,77.1689808047008,76.5720085190754,76.51945042796649,76.47863825887246,,,,73.80627110900298,74.49010093644046,74.93816105176785,75.33051380689818,75.38974955697387,75.37132565474802,75.2418078129921,75.18751644708598,75.16396776672183,75.13112943100253,75.39926718492441,75.92423122269916,76.1237010875361,76.29794830787789,76.41757854574885,76.72353078949892,76.92234378123594,77.08489703792964,77.27518478229536,76.86460618642593,76.5054906173865,73.80627110900298,75.92423122269916,76.2248249526001,,75.86087239613303,75.20676451685604,"rgba(239, 83, 80, 1.0)",0.9154460193893055,74.93144120962332,-1.1376325720636822,46.35732416652851,-5.671896902127095,True,False,False,True,False,0.0,0.0,0.0,0.0,0.0,0,0.9249143835616445,1.034246575342466,False,False,False,False,-0.2166873912861451,-0.22666843680697818,False,False,False,False,848934.0,1086392.3564598984,False,False,False,False,22006.697998238735,False,False,False,False
2025-09-30 17:00:00+00:00,73.89,74.035,73.83,73.93,18453.0,,,,,,74.01552877675527,74.3618957142985,74.76973593121254,75.10052197216781,75.40921846181351,75.26580623172349,75.18198370806657,75.20642748955213,75.13428129432705,75.8569033596939,76.01954009771562,76.27582600918684,76.31845136095035,76.56556178265502,77.04762870287806,77.17841415693258,77.16488385573332,76.56912779123282,76.51667235614646,76.47594050950838,,,,73.81340958965247,74.48052149461584,74.92813122020853,75.32064892016386,75.38015665329192,75.36418041955822,75.23630951834045,75.18245669164864,75.15937838683861,75.12759222413943,75.39597594415727,75.92018202618296,76.11950354316278,76.29365951064915,76.41318831093118,76.71888543160375,76.91759188290828,77.0800820884738,77.27076598810011,76.86117602238748,76.5027396776714,73.81340958965247,75.92018202618296,76.22252193062067,,75.8569033596939,75.20104462713897,"rgba(239, 83, 80, 1.0)",0.921719984448114,74.92476300388223,-1.0792464313094479,46.85716580245514,-5.671896902127095,True,False,False,True,False,0.0,0.0,0.0,0.0,0.0,0,0.9250063987714364,1.0346386827062537,False,False,False,False,-0.2201691209466304,-0.22341877887680428,False,False,False,False,867387.0,1082996.9245767992,False,False,False,False,21951.601905242784,False,False,False,False
2025-09-30 18:00:00+00:00,73.93,74.075,73.885,73.995,20438.0,,,,,,74.01427757178828,74.35410698131702,74.75782467653029,75.09017093551444,75.39915347376794,75.25974912534825,75.17679588052114,75.20180685541335,75.13096954661735,75.85264764112986,76.0150589375955,76.27121597698195,76.31380037008788,76.56067622074927,77.04241884966687,77.17313431882975,77.16043293286732,76.5660088802321,76.51366573766285,76.47302171797476,,,,73.82358691782797,74.47128242730436,74.91783545241121,75.31029734157222,75.37006391301684,75.35664046726393,75.23052013788971,75.17713696399409,75.15455414670133,75.12387241911179,75.39247999232374,75.91583619054296,76.11498606458726,76.28903432215408,76.40844799663037,76.71385648516036,76.91244010605025,77.07485637327359,77.26596342702462,76.85745522122404,76.49976273367675,73.82358691782797,75.91583619054296,76.22003582284943,,75.85264764112986,75.1953148014829,"rgba(239, 83, 80, 0.5)",0.9280808057401453,74.91822929851335,-0.9947725379117954,47.759058221497845,-5.671896902127095,True,False,False,True,False,0.0,0.0,0.0,0.0,0.0,0,0.9261841993366788,1.033846415511523,False,False,False,False,-0.21190842732005,-0.21766360309842714,False,False,False,False,887825.0,1079971.003265531,False,False,False,False,21928.135209037468,False,False,False,False
2025-09-30 19:00:00+00:00,74.0,74.44,73.97,74.37,85808.0,,,,,,74.05035197937785,74.34659383296118,74.72800042169877,75.05904196962676,75.36632807794223,75.24028550017154,75.16041158582622,75.18708232082443,75.12055835080811,75.83758944832026,75.99897813520701,76.25436573881781,76.29675622701694,76.54253331811442,77.0226877033016,77.15305213196058,77.1434877482225,76.55438250853402,76.50248450564833,76.46218785172492,,,,73.91059494711048,74.45594379839223,74.88900635561554,75.27719875331128,75.33734270104357,75.33203421087313,75.21202719279313,75.16034399671841,75.13938746668704,75.11222386584906,75.38082072211378,75.90037002391776,76.0986484999771,76.27211002430379,76.39098197734391,76.69505058731816,76.89302011712884,77.05504331610258,77.24762963039309,76.84342365926645,76.4886990271181,73.91059494711048,75.90037002391776,76.21093491292555,,75.83758944832026,75.18222119583938,"rgba(239, 83, 80, 0.5)",0.9298380271628212,74.9062342894395,-0.5766964501072109,51.305095841561936,-3.5959501095062265,True,False,True,False,True,0.0,0.0,0.0,0.0,0.0,0,0.9282038302539446,1.0274192187631823,False,False,False,False,-0.17314367653091697,-0.19540363981467207,False,False,False,False,973633.0,1078322.3520521119,False,False,False,False,22918.520709672546,False,False,False,False
2025-10-01 14:00:00+00:00,74.475,74.535,74.115,74.165,42815.0,,,,,,74.0654573330145,74.34372342890889,74.71475541827076,75.04458102337217,75.3508122153341,75.2309667992632,75.1525566088279,75.17999647879094,75.1155252516552,75.83023673469764,75.99111720634248,76.24611181274577,76.28840529920105,76.53363299913977,77.0129880116657,77.14317504786692,77.13514047054191,76.54865438882435,76.4969756847388,76.45685015526877,,,,73.94326399117514,74.44950196770031,74.8757960790429,75.26163244758064,75.32189607120851,75.32029414109799,75.20317084819327,75.15229844618734,75.1321084360995,75.1066063326992,75.37515212472391,75.89281464686844,76.09065485759368,76.26381892791865,76.38241998689165,76.68581897097069,76.88347868694517,77.0453021084894,77.23860052441195,76.83651033358348,76.48324810797696,73.94326399117514,75.89281464686844,76.20645239689397,,75.83023673469764,75.17564122805578,"rgba(239, 83, 80, 0.5)",0.9329653972327788,74.90012003801883,-0.7879392314004597,51.77617402311526,-2.8855165956352806,True,False,True,False,True,0.0,0.0,0.0,0.0,0.0,0,0.9311384770042729,1.025634581553154,False,False,False,False,-0.15268497748272175,-0.1740443086486969,False,False,False,False,930818.0,1076035.4628730095,False,False,False,False,23226.99325680941,False,False,False,False
2025-10-01 15:00:00+00:00,74.18,74.275,74.07,74.105,17272.0,,,,,,74.06772274470501,74.34077512562925,74.70821928353352,75.03800178768115,75.34398503020823,75.22678773312683,75.14899474206393,75.17679019819597,75.11322139206571,75.82706006100776,75.98774328669262,76.24259753435865,76.28485385230333,76.52987017530552,77.0089215850339,77.13904166114992,77.13164432101986,76.54622869948744,76.49463998295323,76.45458475065935,,,,73.95054407816,74.44533708733611,74.8695842989727,75.25473332662591,75.3150834810052,75.31509034184025,75.1991846514873,75.148651140628,75.12879611482396,75.10403422583745,75.37263139683641,75.8895592790582,76.08723553878897,76.26029055369337,76.37878757972842,76.68192803965175,76.87947082243915,77.04122014925818,77.23482485101044,76.83360014203897,76.48093617749569,73.95054407816,75.8895592790582,76.20453662175552,,75.82706006100776,75.17209455522676,"rgba(239, 83, 80, 0.5)",0.9368367323415223,74.89639306291804,-0.844750249000198,51.54500815427066,-2.800144013931039,True,False,False,False,True,0.0,0.0,0.0,0.0,0.0,0,0.9306228084822178,1.0298881282350976,False,False,False,False,-0.1787086593057783,-0.1763764839772376,False,False,False,False,913546.0,1073516.246394358,False,False,False,False,23134.66777995965,False,False,False,False
2025-10-01 16:00:00+00:00,74.105,74.3,73.915,73.965,11732.0,,,,,,74.06758469398328,74.3379022848915,74.70316323509432,75.03314039515662,75.33904554129165,75.22373176231568,75.14637307713042,75.17443379563889,75.11151712306408,75.82479371870608,75.98534670812799,76.24011479857357,76.28234683940624,76.5272246457565,77.00607930234843,77.13615622322438,77.12920268894919,76.54452206787604,76.49299531019382,76.45298851711097,,,,73.95310103481988,74.4417313827581,74.86490505667567,75.24971792203753,75.31014704296491,75.31131096515782,75.19626340407251,75.14596690210047,75.12635322699857,75.1021309248845,75.37079949735484,75.88724095517445,76.08481224831397,76.25779869050882,76.37622764267424,76.67919822530996,76.87666563388085,77.03836793236053,77.2321908168186,76.83156081491003,76.47930787753234,73.95310103481988,75.88724095517445,76.2031804520569,,75.82479371870608,75.16926510789149,"rgba(239, 83, 80, 0.5)",0.942656888273926,74.89327196643352,-0.9847400236296447,50.10854500708912,-2.800144013931039,True,False,False,False,True,0.0,0.0,0.0,0.0,0.0,0,0.9324414715719069,1.029515050167224,False,False,False,False,-0.18987192782355772,-0.18312420590039766,False,False,False,False,901814.0,1070854.1960626626,False,False,False,False,22957.88223298353,False,False,False,False
2025-10-01 17:00:00+00:00,73.955,74.455,73.945,74.39,15161.0,,,,,,74.07200450011045,74.33692917477205,74.69877414791985,75.02822704265817,75.33372421061749,75.22049211949341,75.14363441515924,75.17195627441865,75.10974718923146,75.822210020702,75.98258461941899,76.23721322651565,76.27941109560291,76.52409533186004,77.00266733531183,77.13268138016453,77.12626182056361,76.54250030300568,76.491050574395,76.45110389713612,,,,73.96219200552534,74.43959993275253,74.86044515871178,75.24439576806498,75.30485328035597,75.30724871856235,75.19318204504698,75.14316348956815,75.12381164351369,75.10015948396877,75.36880578468136,75.88458614081205,76.08200286596838,76.25488400760037,76.3732175301282,76.67595216301922,76.87330990506983,77.03494123236138,77.22901115157735,76.82912289253807,76.47738348209002,73.96219200552534,75.88458614081205,76.20159647422207,,75.822210020702,75.166877730342,"rgba(239, 83, 80, 0.5)",0.9394174781211296,74.89100871966322,-0.5333184993164645,52.749093853509734,-1.3139161040280882,True,False,True,False,True,0.0,0.0,0.0,0.0,0.0,0,0.9360066833751048,1.0270676691729324,False,False,False,False,-0.17399912853829627,-0.17856166721934696,False,False,False,False,916975.0,1068468.472092699,False,False,False,False,22837.000337898517,False,False,False,False
2025-10-01 18:00:00+00:00,74.385,74.62,74.115,74.595,23999.0,,,,,,74.08481827719814,74.33908269022587,74.6948018809709,75.02237681846198,75.32680617724414,75.2163644211831,75.14021319209444,75.16883340465043,75.10755315100512,75.81860784021099,75.97868632496714,76.23305483425844,76.27519474379568,76.51955244377544,76.99763746086624,77.12754203342156,77.121910824273,76.53955945313803,76.48822727024648,76.44837217734633,,,,73.98352094273879,74.439669230325,74.85560690870163,75.23761187049617,75.29801159626702,75.30198013195839,75.18928201940189,75.13966253499085,75.12065414401377,75.09772487305298,75.36617597056112,75.88086603007476,76.0780118418572,76.25070303700568,76.36887519614524,76.67121365780368,76.8683806902866,77.02988538210865,77.22429646769507,76.82554331543044,76.47459119601906,73.98352094273879,75.88086603007476,76.19932676730289,,75.81860784021099,75.16479908427641,#000000,0.9336848099469024,74.88978413901853,-0.315721253980019,55.90736531774426,1.7226632234782286,True,False,True,False,True,0.0,0.0,0.0,0.0,0.0,0,0.93993642295466,1.0252635101221348,False,False,False,False,-0.1454703524001844,-0.1620160098097657,False,False,False,False,940974.0,1066491.8136106418,False,False,False,False,22855.015836535746,False,False,False,False
2025-10-01 19:00:00+00:00,74.6,74.86,74.505,74.815,52516.0,,,,,,74.12988273082168,74.35552009819955,74.69585051753657,75.01604312200779,75.31677317635932,75.21073833545213,75.13583896514797,75.16472492258097,75.10482871502373,75.81240112020534,75.97178592034496,76.22545209585066,76.2674521505886,76.51102751401095,76.98791275442193,77.11754395154985,77.11344070714854,76.53401872143446,76.48292849577011,76.44326138386987,,,,74.04923531164914,74.45087131538655,74.85241509981222,75.22831554639687,75.28825244002624,75.2944036327614,75.18407610019001,75.13519045393154,75.11669389563407,75.09473941285904,75.36222399019138,75.87438343459435,76.07084794525872,76.24304473279342,76.36082909129313,76.66222424408076,76.8589158756758,77.02009479948578,77.2150804608887,76.81867482250024,76.46935619501514,74.04923531164914,75.87438343459435,76.19517854647445,,75.81240112020534,75.16565953192888,#000000,0.9235610331663172,74.89453438681213,-0.0861170880493451,59.368424637377196,4.927121727412462,True,False,True,False,True,0.21815815535390115,0.0,0.0,0.0,0.0,0,0.936915106951872,1.025902406417112,False,False,False,False,-0.09241312890682972,-0.1272145693582977,False,False,False,False,993490.0,1065360.002546911,False,False,False,False,23314.876056124336,False,False,False,False
2025-10-02 14:00:00+00:00,75.06,75.21,74.91,75.06,24503.0,,,,,,74.15938585703503,74.36918964078183,74.70135737106295,75.01647805953641,75.3147857938632,75.20993460995182,75.1354665229368,75.16427286448562,75.10467960118402,75.81041095240002,75.96944725249631,76.22271409417694,76.26464184902646,76.50781548820203,76.9840684913544,77.11355387897297,77.11005824110097,76.53191974891442,76.48093424646872,76.44134818443533,,,,74.08928558260779,74.46176612069085,74.8547852970762,75.22689871703659,75.28644772153147,75.29297211871976,75.18342803481661,75.13481247672338,75.11642924565031,75.0946094880642,75.36135508168043,75.87225486412451,76.06835378951695,76.24027747879741,76.35786211851817,76.65877576098335,76.85521423265028,77.01621492617716,77.21137656498024,76.81599364787415,76.46738950451213,74.08928558260779,75.87225486412451,76.19368856546212,,75.81041095240002,75.16886084632601,#000000,0.9173663685002321,74.90057382438168,0.1737868109106304,63.01115834185853,8.21900965579708,True,False,True,False,True,1.7339249992011787,0.0,0.0,0.0,0.0,0,0.9448477263245727,1.018105965790571,False,False,False,False,-0.029480242982122436,-0.07834740617021006,False,False,False,False,1017993.0,1064625.6304144005,False,False,False,False,23333.296582385974,False,False,False,False
2025-10-02 15:00:00+00:00,75.07,75.31,74.965,75.31,9040.0,,,,,,74.17136496942507,74.37505935504365,74.70409622812508,75.01712737884634,75.31444472039638,75.20990528930054,75.13557419195783,75.16432172121192,75.10479030537086,75.8098109803091,75.9687150926579,76.2218241054452,76.2637241552398,76.50674421138777,76.98275331955965,77.11218222603273,77.10889513699689,76.5312177601461,76.48026967788932,76.4407125272023,,,,74.105216644991,74.46657280658563,74.85621243309498,75.22679995977076,75.28618174024194,75.29275187398407,75.18345029101043,75.13492389433617,75.11656432792473,75.09474781685321,75.36117881511413,75.87160242225961,76.06755949428648,76.23937621070066,76.35688441896049,76.6576143556799,76.85395482186114,77.01488589919347,77.21009882993974,76.81508242243642,76.46673477642851,74.105216644991,75.87160242225961,76.19320518893996,,75.8098109803091,75.17043187434172,#000000,0.9132249952192174,74.90332955562141,0.44531243286981065,66.62825441006947,11.441540767927492,True,False,True,False,True,3.2482414616609,0.0,0.0,0.0,0.0,0,0.9454530243453533,1.0199113193340579,False,False,False,False,-0.016605307529114256,-0.04747635684966216,False,False,False,False,1027033.0,1064042.7989351074,False,False,False,False,23111.69508498464,False,False,False,False
2025-10-02 16:00:00+00:00,75.31,75.35,75.22,75.31,13680.0,,,,,,74.19066636443775,74.38483128202017,74.70900229354073,75.01863931547396,75.31435414509865,75.21015241681224,75.13600477284864,75.16463139542348,75.10513936655934,75.80905013778536,75.96775024182473,76.2206089308169,76.26246592455871,76.50524767388292,76.98087604428716,77.11021653654286,77.10722801901034,76.53023493187035,76.47934215074885,76.43982767000357,,,,74.13056859019952,74.47469388224025,74.85896972905115,75.22711021786235,75.28621307968899,75.29275384534046,75.18376917297596,75.13536641259618,75.11702303220824,75.09516103607632,75.36107020340077,75.87076063050944,76.06649540039248,76.23814343348533,76.35553296576569,76.65597825651494,76.85216536898449,77.01298687183169,77.208262547186,76.81378901321122,76.46582178409216,74.13056859019952,75.87076063050944,76.1925465675484,,75.80905013778536,75.17323143580737,#000000,0.9057915357893066,74.90806978692629,0.4437336817499291,69.03965178887677,13.566745382648193,True,False,True,False,True,3.2482414616609,0.0,0.0,0.0,0.0,0,0.9478841118337703,1.024072979136751,False,False,False,False,0.007886947481535674,-0.01979470468406324,False,False,False,False,1027033.0,1063469.0036027802,False,False,False,False,22965.46725420968,False,False,False,False
2025-10-02 17:00:00+00:00,75.31,75.38,75.16,75.33,23049.0,,,,,,74.2216330360329,74.40077485524242,74.71704002555315,75.02111917100163,75.31417936024377,75.21054894557089,75.13670969457809,75.16513638004247,75.1057142091353,75.80776502292174,75.96612281140948,76.21856136579393,76.26034606918628,76.50272762490071,76.97771627218633,77.10690814229349,77.10442090964955,76.52857806765161,76.4777782810377,76.43833555938144,,,,74.17080542217924,74.48796757437141,74.86350250535376,75.22760048275195,75.28624083498823,75.29273820387075,75.18428606225422,75.13609081630545,75.11777601715885,75.09584173461766,75.36087902472126,75.8693396963164,76.06470144159672,76.2360663146278,76.35325657548981,76.65322378091807,76.84915321292965,77.0097905354409,77.20517122571104,76.8116099880522,76.46428235730049,74.17080542217924,75.8693396963164,76.19143494961169,,75.80776502292174,75.17772298776046,#000000,0.8820481897324242,74.9157064621642,0.4696949017734306,70.75187745439648,15.143501368849655,True,False,True,False,True,3.371562459724956,0.0,0.0,0.0,0.0,0,0.9421872354833252,1.0221770780429997,False,False,False,False,0.005396270356162002,-0.0071992171639506195,False,False,False,False,1050082.0,1063261.4531593262,False,False,False,False,22966.762335539763,False,False,False,False
2025-10-02 18:00:00+00:00,75.335,75.445,75.245,75.37,15002.0,,,,,,74.24200829718987,74.41157163447214,74.72271835335924,75.02308352206131,75.31436140571091,75.21100897880872,75.13735318863213,75.1656284897262,75.10621436762028,75.80703388549313,75.96516658024622,76.21732406115515,76.25906099989125,76.50117836416092,76.97574293377447,77.10483608338389,77.10266210170123,76.52755705556561,76.47681676285316,76.43741990978856,,,,74.19692622635016,74.49704139040985,74.86683245157909,75.22823522661731,75.28655937496411,75.29296139155679,75.18481973985386,75.13675120029238,75.11844153995112,75.09642592272769,75.36086583643724,75.86851927323079,76.06363334023585,76.23480943142948,76.35186809400659,76.65151993883825,76.84727829555497,77.00779286550821,77.20323087215392,76.81025395470307,76.46333647125515,74.19692622635016,75.86851927323079,76.19076362639468,,75.80703388549313,75.18085942714725,"rgba(38, 166, 154, 0.5)",0.8648856509333598,74.9209453462641,0.5192069648181729,72.11982679926179,16.512290227886623,True,False,True,False,True,3.6219272307845607,0.0,0.0,0.0,0.0,0,0.9454329774614477,1.0177935943060494,False,False,False,False,0.017850943715783434,0.005325863275916407,False,False,False,False,1065084.0,1063289.7096994917,False,False,False,False,22843.27764816705,False,False,False,False
2025-10-02 19:00:00+00:00,75.37,75.915,75.315,75.855,45929.0,,,,,,74.31791337715431,74.45461410799189,74.74857586566299,75.03503062416313,75.31970355852212,75.2157363618848,75.14237897385696,75.16983270382963,75.10983297224006,75.80648474473325,75.96388202969476,76.21504725166137,76.25662488742185,76.49786525327897,76.97099722908179,77.09975430174454,77.09834677795345,76.5253485381769,76.47477536973376,76.43550668723908,,,,74.29181767509041,74.53430178156198,74.88371745170845,75.2353395821369,75.29241117560687,75.29744438631205,75.189703506706,75.14189867516448,75.1233858662389,75.1005548691978,75.36264423988388,75.86767873108852,76.06194655913855,76.23246652568669,76.34908743927292,76.64769684337645,76.84287340971751,77.00296364523547,77.19840814566696,76.80708798013139,76.46133889492346,74.29181767509041,75.86767873108852,76.18955084154598,,75.80648474473325,75.19527508284921,"rgba(38, 166, 154, 1.0)",0.8643734490720383,74.94347337969671,1.0545518505709255,75.24529028285497,19.55004611504536,True,False,True,False,True,6.580768089219806,0.0,0.0,0.0,0.0,0,0.9473373280445612,1.011055785298337,False,False,False,False,0.06276151179081596,0.03404368753336618,False,False,False,False,1111013.0,1064029.605673143,False,False,False,False,23201.19582416446,False,False,False,False
2025-10-03 14:00:00+00:00,76.315,77.25,76.3,77.2,9022.0,,,,,,74.34431038255056,74.47072750365126,74.75984330075693,75.04157976780596,75.32409410468814,75.2189936290059,75.14551454312455,75.17255361726137,75.11201165478792,75.80755263423035,75.96477107669755,76.2156475019608,76.25718437472271,76.49820306782894,76.97095771218979,77.09962475848121,77.09823743854051,76.52555233920752,76.47500190209665,76.4357501325548,,,,74.32407613576818,74.54876897749746,74.89182686364312,75.24035143299349,75.29696955251241,75.30098332102706,75.19294476994389,75.14510744041965,75.12640162735869,75.10301235882027,75.36426727794762,75.86867593746378,76.06271412152472,76.23304935747713,76.34955901369442,76.64790785173808,76.84292878089893,77.00290133225506,77.19823129010317,76.80714905091098,76.46157131314273,74.32407613576818,75.86867593746378,76.18990007825664,,75.80755263423035,75.20174798133766,"rgba(0, 255, 0, 1.0)",0.8950751038000547,74.95287147785669,2.5105474530607497,80.1152048289364,24.10464611151299,True,False,True,False,True,13.763973147763686,0.0,0.0,0.0,0.0,0,0.9546885354539435,0.9952783300198801,False,False,False,False,0.261056026288967,0.1475498569111666,False,False,False,False,1120035.0,1064897.906360381,False,False,False,False,22981.363330766562,False,False,False,False
2025-10-03 15:00:00+00:00,77.2,77.47,76.91,77.43,7374.0,,,,,,74.36839986571069,74.48562174187444,74.77046044998764,75.04790115767719,75.32845696187462,75.22219882768036,75.14857876057997,75.17522048652395,75.114136353592,75.80870150561236,75.9657657624186,76.21638424044413,76.25788558573451,76.49871156359731,76.9711353818995,77.09972323020298,77.09832188561244,76.5258690960899,76.47533486762612,76.43609498143717,,,,74.35337295860933,74.56220873946262,74.89955532369665,75.24528442332374,75.30148493911781,75.30449440062976,75.1961261377281,75.14824283603492,75.12934398753931,75.10540636793705,75.36589268879668,75.86976390548911,76.06359960720788,76.23377082402578,76.35018364706885,76.64830648428645,76.84319053979988,77.0030588751168,77.19826809288311,76.80735979289176,76.46190845052092,74.35337295860933,75.86976390548911,76.1903239261999,,75.80870150561236,75.20786409718195,"rgba(0, 255, 0, 1.0)",0.9315448662512619,74.96167469937068,2.6497116672033267,83.63219810020753,27.30856109260111,True,False,True,False,True,14.86561996453839,0.0,0.0,0.0,0.0,0,0.9640822392865995,0.9938898522004783,False,False,False,False,0.3363206353856661,0.24193524614841633,False,False,False,False,1127409.0,1065867.0706028556,False,False,False,False,22739.388705483358,False,False,False,False
2025-10-03 16:00:00+00:00,77.425,77.775,77.37,77.72,10379.0,,,,,,74.40567052961246,74.50893309307469,74.78733414776694,75.0581365920703,75.33567097535322,75.22746507243286,75.15358921346905,75.17959089843515,75.11760648099872,75.81070391587807,75.96754003494254,76.21776499534725,76.25921326255106,76.4997519544306,76.97167893043186,77.10014748592805,77.09868379173841,76.52652496128856,76.47601023482159,76.43678436395852,,,,74.39848947575389,74.58332973934853,74.91194973208063,75.25338610075137,75.30893464018526,75.31029554058699,75.20134398644484,75.15336915064124,75.1341498442842,75.10931300008528,75.36859744469656,75.87167624765968,76.06520640726369,76.23512864426141,76.35139697320075,76.6491835910635,76.84386154259978,77.00357201334918,77.19857346818405,76.80788131430674,76.46258879706295,74.39848947575389,75.87167624765968,76.19111406312184,,75.81070391587807,75.21760189036654,"rgba(0, 255, 0, 1.0)",0.9790189840715154,74.97559509430647,2.8032192943595207,86.29378360791009,29.756563424120543,True,False,True,False,True,16.226013667224905,0.0,0.0,0.0,0.0,0,0.9758746476537895,0.9892223511855408,False,False,False,False,0.34282823728045825,0.2923817417144373,False,False,False,False,1137788.0,1066982.1237718037,False,False,False,False,22547.75477206501,False,False,False,False
2025-10-03 17:00:00+00:00,77.72,77.72,77.46,77.6,13399.0,,,,,,74.452128536575,74.53825046535648,74.80860968887801,75.07108576081085,75.34480261737926,75.23414950833616,75.15995371171674,75.18514474751237,75.12202161239207,75.81324209777131,75.96978581831657,76.21950761054647,76.26088787388726,76.50105837489944,76.97234876541147,77.10066446892856,77.0991249912103,76.52734862911471,76.47685940568226,76.437651899869,,,,74.45442781986914,74.60991864649927,74.92761906070307,75.26363965292734,75.31836458506633,75.31765055654348,75.20796850976399,75.15988013404444,75.1402563757577,75.11428177574047,75.3720358423013,75.87409899183268,76.06723817557175,76.23684188872086,76.3529250617293,76.65028065444336,76.84469458711482,77.00420289417129,77.19894069145626,76.8085301902219,76.46344448482617,74.45442781986914,75.87409899183268,76.19211264144352,,75.81324209777131,75.2298424920885,"rgba(0, 255, 0, 1.0)",1.019045318109856,74.99307747594551,2.558200776477586,86.68560692965973,30.233999988289597,True,False,True,False,True,15.362858434152642,0.0,0.0,0.0,0.0,0,0.9702410640066507,0.9933499584372397,False,False,False,False,0.34282823734955065,0.317604989531994,False,False,False,False,1124389.0,1067872.1528606128,False,False,False,False,22405.91361280819,False,False,False,False
2025-10-03 18:00:00+00:00,77.6,77.66,77.33,77.55,11718.0,,,,,,74.4906551835244,74.56277717586308,74.82642637008503,75.08194664949772,75.35244630719158,75.2397672645764,75.1653104856221,75.18982026165357,75.12574536990829,75.8153564364562,75.97164824554139,76.22093945330057,76.26226122807589,76.50211484686393,76.97285806783098,77.10104243299557,77.0994478396446,76.52801393876769,76.47754784748554,76.43835708542765,,,,74.50056037189952,74.63217640843803,74.94076644091491,75.27222804079169,75.3262601221711,75.32381933751826,75.21353864277091,75.16535959049499,75.14539864121598,75.11847121465988,75.37492618367219,75.87611387054625,76.06891770662669,76.23824850065195,76.35417237064536,76.65115678363836,76.84534391433316,77.00467874968852,77.19919625418234,76.80903902557631,76.46413884999669,74.50056037189952,75.87611387054625,76.19293498308419,,75.8153564364562,75.24005503099762,"rgba(0, 255, 0, 1.0)",1.0618044814173755,75.0076608364456,2.3943571608971728,86.34094172167894,30.233999988289597,True,False,True,False,True,15.000799507030308,0.0,0.0,0.0,0.0,0,0.96970961281709,0.9949098798397858,False,False,False,False,0.32670056615356435,0.3221527778427792,False,False,False,False,1112671.0,1068566.7086302156,False,False,False,False,22240.20952578791,False,False,False,False
2025-10-03 19:00:00+00:00,77.555,77.765,77.39,77.645,24123.0,,,,,,74.56917997629807,74.61346293668754,74.86353472285772,75.10479004159048,75.36863774374778,75.25168292439277,75.17666588588484,75.19974334694969,75.13365174517122,75.81991387860796,75.97568291484514,76.22407412746963,76.26527418980767,76.50446860662242,76.9740711595792,77.10198144718667,77.10024972209851,76.52950096199237,76.47908056131274,76.43992269868303,,,,74.59389095339321,74.67828565227303,74.96831321282936,75.29037929954022,75.34297363706241,75.33690843507237,75.22535009552458,75.17697321955711,75.15629969384621,75.12736025649595,75.38109198112345,75.88046494707021,76.0725697034435,76.24133060971708,76.35692304418451,76.65313555892558,76.84684959061117,77.0058219976581,77.19986584360942,76.81021283432456,76.46568323927535,74.59389095339321,75.88046494707021,76.19473556462607,,75.81991387860796,75.26127525326937,"rgba(0, 255, 0, 1.0)",1.1051293715801787,75.03786275843413,2.3591240162570544,86.3145722662237,30.5638170281711,True,False,True,False,True,15.46328878170187,0.0,0.0,0.0,0.0,0,0.9770066889632114,0.9857023411371232,False,False,False,False,0.34069650440329646,0.3314246411230378,False,False,False,False,1136794.0,1069624.496093313,False,False,False,False,22269.40007577569,False,False,False,False
2025-10-06 14:00:00+00:00,77.455,77.825,77.285,77.72,16741.0,,,,,,74.62155606987679,74.64776958038755,74.88880106362242,75.12046347879138,75.3797876598862,75.25991665418836,75.18451656549895,75.20661041809946,75.13913114266936,75.82308070818122,75.97848834833452,76.22625693080816,76.26737278091447,76.50611101329791,76.97492367807364,77.1026440775863,77.10081581323878,76.53054012862899,76.48015125101787,76.44101607700689,,,,74.65562942013672,74.70955826328087,74.98716856679148,75.3028643277851,75.354479623253,75.34594368726908,75.23351280742155,75.18500098676824,75.16383884777497,75.13351657581471,75.3853700983494,75.88348912642036,76.07511043668066,76.24347704180764,76.35884014068125,76.65451840686035,76.84790480773671,77.00662612649029,77.20034079549116,76.81103568257302,76.4667619829694,74.65562942013672,75.88348912642036,76.19599130768707,,75.82308070818122,75.27567445552363,"rgba(0, 255, 0, 1.0)",1.1504353386739083,75.05830662147001,2.313640140434219,86.4636714194624,31.198411817247944,True,False,True,False,True,15.83070992427443,0.0,0.0,0.0,0.0,0,0.9730923025658119,0.984088637120959,False,False,False,False,0.3368668719982482,0.33414575656064305,False,False,False,False,1153535.0,1070925.434138378,False,False,False,False,22183.688446693897,False,False,False,False
2025-10-06 15:00:00+00:00,77.725,78.01,77.72,77.92,9670.0,,,,,,74.65368840172951,74.66902604572881,74.9046295951116,75.1304120106731,75.3869608775031,75.26519662853141,75.18953670045991,75.21100829041329,75.14263404115728,75.8251838703163,75.98037520090222,76.22776307759614,76.26882816829162,76.50729184017436,76.97562656576626,77.10323182128356,77.10131745021147,76.53129122576388,76.48091817731962,76.44179416270185,,,,74.6933469040351,74.72899377636936,74.99906001791837,75.31086208397798,75.36187167034652,75.35175614223104,75.23874174587148,75.19013387110226,75.16865681960812,75.13744967270205,75.38813646937702,75.88550693980847,76.07683486961297,76.24496118646135,76.36018616583279,76.65554333443822,76.84873113135383,77.00729960947517,77.20079735175156,76.81167254809064,76.46753292038439,74.6933469040351,75.88550693980847,76.19685565615889,,75.8251838703163,75.28471062892334,"rgba(0, 255, 0, 1.0)",1.2007152823173701,75.07107118116473,2.372693061203375,86.99747345547678,32.20016124068589,True,False,True,False,True,16.807915361142236,0.0,0.0,0.0,0.0,0,0.9758784742508979,0.986812453050663,False,False,False,False,0.3428282383664752,0.33848699746355915,False,False,False,False,1163205.0,1072356.125081969,False,False,False,False,21989.677773101743,False,False,False,False
2025-10-06 16:00:00+00:00,77.91,78.175,77.845,78.15,9004.0,,,,,,74.6846191651028,74.6896228040796,74.9200671922963,75.14019037087982,75.39406440060301,75.27041810597463,75.1944940190721,75.21535506456779,75.14609342688641,75.82730292529068,75.98228846657808,76.22930960348891,76.27032620031625,76.50852779075447,76.97640485716774,77.10389971210665,77.10188736178635,76.53207940681709,76.48171969766177,76.44260492918347,,,,74.72954838007844,74.74786066055326,75.01070516589446,75.31876334909015,75.36918635019481,75.35751331164892,75.24390993329777,75.19520218390164,75.17341310519532,75.14133232295855,75.3908853628837,75.88754481600434,76.07859136161785,76.24648664785343,76.36157973546361,76.65663064829279,76.84962806478494,77.00804967284239,77.20132973524298,76.81236067506947,76.46833779848436,74.72954838007844,75.88754481600434,76.19774231484723,,75.82730292529068,75.29353127392557,"rgba(0, 255, 0, 1.0)",1.2553424571350997,75.083493870203,2.4427646116544826,87.80278240885308,33.41631811526726,True,False,True,False,True,17.914256201923486,0.0,0.0,0.0,0.0,0,0.9734595554052918,0.9994928577465975,False,False,False,False,0.3428282388553603,0.3406576181594597,False,False,False,False,1172209.0,1073904.2316698455,False,False,False,False,21788.349435534274,False,False,False,False
2025-10-06 17:00:00+00:00,78.14,78.185,77.715,77.825,6682.0,,,,,,74.7062184492385,74.70408050721178,74.93088907972341,75.14703796111095,75.39901931768462,75.27407481003755,75.19797176353913,75.21840433621936,75.14852481626542,75.82876844661294,75.98360468346152,76.23036258744331,76.27134411087174,76.50935597369683,76.97690250489063,77.10431768675544,77.10224422301384,76.53260694305068,76.48225801838271,76.4431508381811,,,,74.75473877416772,74.76110282850767,75.01887195379146,75.32428157152215,75.37429086495796,75.36153604706911,75.24753146556466,75.19875750467038,75.1767516286688,75.14406075878212,75.3928083899936,75.88895143172354,76.07979526843285,76.24752442540724,76.36252207465212,76.65735109305089,76.85021113823056,77.00852697189589,77.2016559542779,76.81281003452912,76.46887884995544,74.75473877416772,75.88895143172354,76.19834730903929,,75.82876844661294,75.29969740985602,"rgba(0, 255, 0, 1.0)",1.2926640659462536,75.09218427335463,2.114095841787711,83.80198860361985,33.41631811526726,True,False,True,False,False,15.435168834465628,0.0,0.0,0.0,0.0,0,0.9732917684724922,0.9839076586064531,False,False,False,False,0.333520624905765,0.3370891215326124,False,False,False,False,1165527.0,1075324.739705972,False,False,False,False,21554.142467541493,False,False,False,False
2025-10-06 18:00:00+00:00,77.83,77.87,77.49,77.53,16128.0,,,,,,74.75274862355928,74.73546179143796,74.95427739123735,75.16177492608253,75.40958101307528,75.28193103428552,75.20547096415292,75.22497722832922,75.15378565994934,75.83182491378052,75.98631583300181,76.23247801234439,76.27337893289632,76.510953987624,76.97774318758229,77.10497612163242,77.10280729966614,76.53362129427715,76.48330239628616,76.4442168108773,,,,74.80870186765222,74.78982558436687,75.03651471086043,75.33607999181007,75.38518321443995,75.37013801092044,75.25532201145266,75.20642297615422,75.18395851434344,75.1499632667533,75.39692559167216,75.89187161759759,76.08225324064851,76.2496050356282,76.36438314337886,76.65870044963694,76.85124633363816,77.00932121262015,77.20213246321994,76.81361794207373,76.4699308974347,74.80870186765222,75.89187161759759,76.19956839477709,,75.83182491378052,75.31295151959631,"rgba(0, 255, 255, 0.75)",1.3218771562507372,75.11090609499804,1.8300444134031906,77.735140213467,32.49151579705848,True,False,True,False,False,13.254160892041575,0.0,0.0,0.0,0.0,0,0.965644998315932,0.9941899629504877,False,False,False,False,0.2922927421453683,0.31469093183899033,False,False,False,False,1149399.0,1076473.1778500653,False,False,False,False,21470.01622773465,False,False,False,False
2025-10-06 19:00:00+00:00,77.53,77.71,77.36,77.39,38014.0,,,,,,74.85159159797495,74.8032965029395,75.00496373751656,75.193850196013,75.43250214745025,75.29912483143502,75.22193085541704,75.23941389700063,75.16538508179585,75.83841720201521,75.99211669916922,76.23693009893682,76.27764682506375,76.51422242857018,76.97928259640643,77.10609964902244,77.10377019469445,76.53569314104794,76.48544975520069,76.44641897847553,,,,74.92214768885133,74.85199834194201,75.07492365503515,75.36170894928543,75.4088321975461,75.38888746219787,75.27238817930478,75.22324349575352,75.1997932672943,75.16296762743791,75.40595116331575,75.89815153628953,76.0874823280663,76.25397773693236,76.36825382284442,76.66139898753944,76.85322837483905,77.01075478448884,77.20287657572561,76.81518266470626,76.47209761582756,74.92214768885133,75.89815153628953,76.20215072061357,,75.83841720201521,75.34151994959936,"rgba(0, 255, 255, 0.75)",1.3455236329578801,75.15122357575626,1.6638700126895656,72.22500457839125,27.603407918656757,True,False,True,False,False,12.23535286154845,0.0,0.0,0.0,0.0,0,0.9670089210570617,0.9929304830836555,False,False,False,False,0.27055226361201967,0.292621597725505,False,False,False,False,1111385.0,1077014.4464105293,False,False,False,False,21726.512100172873,False,False,False,False
2025-10-07 14:00:00+00:00,77.725,78.275,77.485,78.19,16052.0,,,,,,74.89868409104604,74.83606439363788,75.02992517383643,75.21000695136789,75.444333379565,75.3079351029704,75.23031885679079,75.24678991458167,75.17128915150249,75.84201921835255,75.99536230409481,76.23954394703712,76.28017664619469,76.51629755699705,76.98056341717555,77.10718866353214,77.10470087307623,76.53702081605958,76.48680219314373,76.44778873447142,,,,74.97594477617275,74.88218760629577,75.0940492596644,75.37483548286176,75.42100824427509,75.39855627341397,75.28111538697573,75.2318141951512,75.2078525464585,75.16957999550438,75.41064313423328,75.9016129787077,76.090458365833,76.25655512974957,76.3706025473481,76.6632158166502,76.8547149411079,77.01198660247968,77.20373748863467,76.81632830733693,76.47345630941156,74.97594477617275,75.9016129787077,76.20365845758138,,75.84201921835255,75.35567722921323,"rgba(0, 255, 0, 1.0)",1.3917681961135073,75.17101829776644,2.169169916846802,72.44554044139292,27.603407918656757,True,False,True,False,False,16.19372580645842,0.0,0.0,0.0,0.0,0,0.9685518852185525,0.9818151484818146,False,False,False,False,0.3227316223041118,0.3076766100148084,False,False,False,False,1127437.0,1077796.1914274201,False,False,False,False,21638.535168387247,False,False,False,False
2025-10-07 15:00:00+00:00,78.19,78.34,77.22,77.425,26778.0,,,,,,74.96629752306032,74.88381451175557,75.06621236517059,75.2334688663147,75.46135813281657,75.32075272557557,75.24257714166293,75.25757072400422,75.17996311024447,75.84710264597415,75.9998808757072,76.24308586813096,76.28358633013167,76.5189901003499,76.9820097605896,77.10833458065044,77.10568226887908,76.53873885093257,76.4885691355506,76.44959080726879,,,,75.05243924187242,74.92618289062528,75.12191050987094,75.39377854563173,75.43854805245935,75.41253899023404,75.29383151899629,75.24433632017161,75.21964751466112,75.17928886046379,75.41745849136129,75.90647354734496,76.09456211863447,76.26003992824188,76.37372706264513,76.66549975980162,76.85648183335721,77.01335639170908,77.20457861110161,76.81770907279956,76.47523573880704,75.05243924187242,75.90647354734496,76.20571441093065,,75.84710264597415,75.37612324370978,"rgba(0, 255, 255, 0.75)",1.4163704947434193,75.19964352876262,1.5711683344833496,66.64803110196524,22.719073589700358,True,False,True,False,False,10.907128925952385,0.0,0.0,0.0,0.0,0,0.9645267489711942,0.9803292181069954,False,False,False,False,0.3074431268694824,0.3075598684421454,False,False,False,False,1100659.0,1078150.6535758323,False,False,False,False,21718.21679368357,False,False,False,False
2025-10-07 16:00:00+00:00,77.44,77.535,77.075,77.265,14780.0,,,,,,74.99728715284381,74.9060659187851,75.08302100111878,75.24428317492938,75.46908198337542,75.32665896573934,75.24826348373661,75.26257055487584,75.18401490388443,75.84932663860945,76.00181143926117,76.24452534073407,76.28495773784873,76.51999136327815,76.98237227628154,77.10854346627451,77.10586297227513,76.5393731583658,76.48923523465764,76.45028023558301,,,,75.08709610704574,74.9466700263166,75.13482818060442,75.40241632088309,75.44652021826435,75.41892544572688,75.29970444975358,75.25014327951675,75.2251302146274,75.18382138688696,75.42058527304857,75.90858172067989,76.09628537613874,76.26145016382901,76.3749515816178,76.6662893414146,76.85700713410195,77.01367989197219,77.20466681255431,76.8181359802789,76.47591002511682,75.08709610704574,75.90858172067989,76.20655895522752,,75.84932663860945,75.38550474229545,"rgba(38, 166, 154, 1.0)",1.4365989208755536,75.31427529370978,1.3578770510988012,61.784054292490964,18.410732077189678,False,False,True,False,False,9.85726565820961,0.0,0.0,0.0,0.0,0,0.9732297777410568,0.9898372304387338,False,False,False,False,0.23656421002728603,0.2720620392347157,False,False,False,False,1085879.0,1078270.472900238,False,False,False,False,21610.64754106832,False,False,False,False
2025-10-07 17:00:00+00:00,77.27,77.585,77.22,77.525,18101.0,,,,,,75.03656849115346,74.9344604338193,75.10465379639638,75.25834330193403,75.47923280984624,75.33439885349878,75.25569838210848,75.26911563610705,75.18931154577545,75.85232646926274,76.00444503320917,76.24653744150238,76.28688449067879,76.5214543905607,76.9830322341123,77.10900998053066,77.10626405790612,76.54030485824335,76.49020340283242,76.45127496110115,,,,75.13092730093575,74.97287399756159,75.15153820970845,75.41372913831522,75.456985634596,75.42731668008192,75.30739420006084,75.25773533338011,75.23229536073251,75.18974343280773,75.42470969624223,75.91143703216444,76.09865600907098,76.26342551944501,76.37669417903847,76.66748748947043,76.85787262032052,77.01429065680853,77.20496247654596,76.81882488748576,76.47688755607679,75.13092730093575,75.91143703216444,76.20773579373596,,75.85232646926274,75.39761736881084,"rgba(0, 255, 255, 0.75)",1.4564349229148672,75.33506367930411,1.5036279934245305,59.98787088514979,16.88470648925137,False,False,True,False,False,11.151116267606813,0.0,0.0,0.0,0.0,0,0.9689384551838092,0.9912432878975628,False,False,False,False,0.2509024537379713,0.26148224648634355,False,False,False,False,1103980.0,1078669.070219614,False,False,False,False,21556.23440089672,False,False,False,False
2025-10-07 18:00:00+00:00,77.53,77.57,77.385,77.5,24584.0,,,,,,75.08883085793104,74.97264598191566,75.13391961137236,75.27751242978812,75.4931421739287,75.34502654592418,75.26590665431111,75.27811137848195,75.19659781975895,75.8564889026723,76.0081096267446,76.24935416415141,76.28958499755262,76.5235234764154,76.9840064026608,77.10972020850207,77.1068744199301,76.54162542659945,76.49157253040185,76.45267937581735,,,,75.18893666826708,75.00818024154114,75.1742550720001,75.42920572072923,75.4713193790984,75.43883577338853,75.31795218675717,75.26815773452907,75.24213494754667,75.19788475900044,75.4303995196974,75.91540303957753,76.1019617242647,76.26619218048245,76.37914391454204,76.66919593338139,76.85912736913978,77.01519768515932,77.20543285026793,76.81982036744004,76.47826914020301,75.18893666826708,75.91540303957753,76.20938432132162,,75.8564889026723,75.4140109165351,"rgba(38, 166, 154, 1.0)",1.476659005939142,75.35982474408827,1.4493361346823574,58.60814842689578,15.539983857076535,False,False,True,False,False,10.98355480911394,0.0,0.0,0.0,0.0,0,0.9758298154126323,0.9864249648207927,False,False,False,False,0.26200075696725134,0.26174150172679744,False,False,False,False,1079396.0,1078680.3404487672,False,False,False,False,21603.176503208397,False,False,False,False
2025-10-07 19:00:00+00:00,77.505,77.82,77.445,77.745,37260.0,,,,,,75.16971816603194,75.03249412803416,75.18031294294163,75.30832721317714,75.51578373444015,75.36231064527682,75.28247661007482,75.29273844333834,75.20843895826275,75.86346935528437,76.01432071633548,76.25423442298775,76.29428464721344,76.52724268510698,76.98601824108015,77.11131967495632,77.1082465240063,76.54401100477902,76.49402553194116,76.45518082840725,,,,75.2782634925144,75.06369715095823,75.21054423658862,75.4542979834105,75.49462247235016,75.45760698651698,75.33510986814373,75.28507232447936,75.25810189397585,75.21110363247374,75.43973458211734,75.92208003749735,76.10760816395575,76.27099444132693,76.38345389439459,76.67235582576377,76.8615788527979,77.01710447153732,77.20661252267037,76.82174152341908,76.48073936062505,75.2782634925144,75.92208003749735,76.2122359502786,,75.86346935528437,75.44009872644669,"rgba(0, 255, 255, 0.75)",1.5014717944573288,75.40013896035154,1.5617083506360225,59.10960904962579,15.539983857076535,False,False,True,False,False,12.204901524355108,0.0,0.0,0.0,0.0,0,0.9797353184449964,0.9798180314309345,False,False,False,False,0.28514215396100345,0.2734418278439005,False,False,False,False,1116656.0,1079269.1103642902,False,False,False,False,21845.91795277106,False,False,False,False
2025-10-08 14:00:00+00:00,77.43,77.93,77.43,77.785,11545.0,,,,,,75.19419494498432,75.0508100600565,75.19459902926936,75.31789359757205,75.52284850304444,75.36771750624057,75.28766045070564,75.29731950594983,75.21215161118666,75.86567496010564,76.01628786099673,76.25578762028434,76.29578176538905,76.52843537589511,76.98668007087642,77.11185318709074,77.10870426246248,76.54477758897266,76.49481252809794,76.4559824514015,,,,75.30514698481015,75.0807210675242,75.22177706109709,75.46211476529265,75.5018903138952,75.46347631490995,75.34047697108826,75.29036304472187,75.26309822815716,75.21524529029875,75.44266931983147,75.9241916006635,76.10939962175769,76.27252340775577,76.38483001229753,76.67337485295673,76.86237755376249,77.01773360336564,77.2070122071511,76.82236651791085,76.48153156392942,75.30514698481015,75.9241916006635,76.21314447406343,,75.86567496010564,75.44814064937776,"rgba(0, 255, 255, 0.75)",1.527128725466688,75.41208592606236,1.5538402456626421,59.67564588575279,15.539983857076535,False,False,True,False,False,12.403860161698606,0.0,0.0,0.0,0.0,0,0.9808105872622012,0.9794871794871789,False,False,False,False,0.2922927421453683,0.2828672849946344,False,False,False,False,1128201.0,1080027.7443121306,False,False,False,False,21686.21379846453,False,False,False,False
2025-10-08 15:00:00+00:00,77.79,78.43,77.755,78.395,12273.0,,,,,,75.22454464975276,75.07345560171254,75.21245935339098,75.32999290641061,75.53193708942898,75.37460388339373,75.29422818207301,75.3031302313286,75.21683832054568,75.86861886119443,76.01896151057262,76.25797520176599,76.29790507417847,76.53021071458711,76.98784352695701,77.11286827768215,77.10957341301454,76.54592406597708,76.49597557228908,76.45715684215047,,,,75.33862773943477,75.10182326128226,75.23587808301932,75.47211717202524,75.51122311573147,75.4710008417597,75.34730004051386,75.29706677877138,75.26941922743174,75.22047273211726,75.44643580691523,75.92702898524145,76.11186572513687,76.27468304945288,76.38681472967158,76.67495241767892,76.86370040000845,77.0188591189805,77.20783584208958,76.82338548433877,76.48269875998767,75.33862773943477,75.92702898524145,76.21441630646996,,75.86861886119443,75.45828021203802,"rgba(0, 255, 255, 0.75)",1.5688305537271008,75.4291076873242,1.890511569671858,63.06015298955554,15.539983857076535,False,False,True,False,True,15.345077424820097,0.0,0.0,0.0,0.0,0,0.9843634268784469,0.9711134886017606,False,False,False,False,0.3428282391204513,0.31284776205754283,False,False,False,False,1140474.0,1080964.8955631054,False,True,False,False,21540.27249926353,False,True,False,False
2025-10-08 16:00:00+00:00,78.39,78.49,77.875,77.9,9241.0,,,,,78.08833333333335,75.24620026905585,75.08972577124283,75.22529879602628,75.33870451989706,75.53847127023677,75.37957456854785,75.29897542154815,75.30733168135681,75.22023333866849,75.87073067655045,76.0208733100648,76.2595299051497,76.29941230225731,76.53146072868323,76.98864190131451,77.11355718275432,77.11016360896133,76.54673130513429,76.4967961323524,76.45798664187242,,,,75.36242079291357,75.1169910927596,75.2460336629717,75.4793115622995,75.51793424569473,75.47642167460288,75.35222725028066,75.301911728226,75.27399040954819,75.22425806726835,75.44915685117118,75.92906196026841,76.11362526258858,76.27621714210427,76.38821956552094,76.67605609890619,76.86461618816692,77.01962952140596,77.2083891155056,76.82409299145644,76.48352267492653,75.36242079291357,75.92906196026841,76.21532210558215,,75.87073067655045,75.53871190068487,"rgba(38, 166, 154, 1.0)",1.5974627038186129,75.58135062654591,1.4514575945413553,61.27460124864366,15.539983857076535,False,False,True,False,True,11.961651884579528,0.0,0.0,0.0,0.0,0,0.999669312169313,0.9675099206349204,False,False,False,False,0.3428282393995278,0.3278380007285353,False,False,False,False,1131233.0,1081744.2460194912,False,False,False,False,21349.58610392611,False,False,False,False
2025-10-08 17:00:00+00:00,77.895,78.085,77.85,77.875,10275.0,,,,,78.00848218555716,75.26863308491419,75.10670685882896,75.23869177183171,75.34779577797052,75.54526765383085,75.38477183927293,75.30394896078894,75.31173442389813,75.22379970037706,75.8729138054495,76.02283924637285,76.26111236550294,76.30094337121537,76.53271308781521,76.9894060060961,77.11420302616683,77.11071738770842,76.54753966995703,76.49762066387709,76.45882256013903,,,,75.3869519724364,75.13282455626442,75.25664297891117,75.48680231170226,75.5249174967291,75.48207428900366,75.35738248917916,75.30698693403376,75.27878272673097,75.2282329778876,75.45200229639543,75.93115946622348,76.11542802515085,76.27777733507129,76.38963976583818,76.67714968082686,76.86550683643391,77.02036344254779,77.20889758879018,76.82478447178305,76.48435130264808,75.3869519724364,75.93115946622348,76.21624675873115,,75.8729138054495,75.54303095318964,"rgba(38, 166, 154, 1.0)",1.6248088647124745,75.58840116934861,1.4073032713641804,59.896313344923726,15.539983857076535,False,True,True,False,False,11.794137827768147,0.0,0.0,0.0,0.0,0,0.9997500000000007,0.9729166666666664,False,False,False,False,0.3108735769402914,0.31935578883441335,False,False,False,False,1120958.0,1082352.2111974836,False,False,False,False,21177.887094562917,False,False,False,False
2025-10-08 18:00:00+00:00,77.87,77.92,77.715,77.79,6572.0,,,,,77.9580613692119,75.28210546926917,75.11697458709057,75.24678472383627,75.35329075548988,75.54936233129351,75.38791838842057,75.3069656796923,75.31440544295297,75.22596820179886,75.87422105927804,76.02401038947487,76.26204555621314,76.30184444478601,76.53343982694392,76.98982796532597,77.11455120988445,77.11101622711352,76.54800849523711,76.49810056084154,76.45931034092084,,,,75.40162123462204,75.14239962396994,75.26306220530988,75.4913198478314,75.52912640353142,75.48548784515027,75.36050553981308,75.31006493144578,75.28169134429338,75.23064909340914,75.45372503672517,75.93241305501289,76.11649810401622,76.27869663379403,76.39047153508213,76.67777698520035,76.86600757124062,77.02076659152586,77.20916515771832,76.8251753037725,76.48483401704668,75.40162123462204,75.93241305501289,76.2167935785628,,75.87422105927804,75.54554530651758,"rgba(38, 166, 154, 1.0)",1.6489428554507108,75.59220598886408,1.332850319142925,58.291323785123524,13.964583229542548,False,True,True,False,False,11.217936912986609,0.0,0.0,0.0,0.0,1,0.9992484969939889,0.9673513694054772,False,False,False,False,0.28894191043194156,0.30414884963317745,False,False,False,False,1114386.0,1082848.8590858947,False,False,False,False,20951.43923263171,False,False,False,False
2025-10-08 19:00:00+00:00,77.79,77.925,77.635,77.74,32672.0,,,,,77.85164122418881,75.34594433259667,75.16610988231353,75.28563066506179,75.3797906381205,75.5691291601227,75.40317341637792,75.32160771198696,75.32737930694246,75.23652181261194,75.88055436593336,76.02967444611382,76.26654359422095,76.30618463752215,76.53692279885273,76.99181279434488,77.11617335033894,77.11240953820138,76.55025716134972,76.50040540725661,76.46165532975805,,,,75.47076863189372,75.18827322436532,75.29398657235868,75.5131206134859,75.54944397429064,75.5020085959735,75.37565178105649,75.32500176826744,75.29581567801343,75.24240062270692,75.46210130758034,75.93848249623473,76.12166734772634,76.28312644201628,76.39447106037875,76.68077070795043,76.86837932417922,77.02265898536407,77.21039955396527,76.8270315328692,76.48715317963304,75.47076863189372,75.93848249623473,76.21943544563945,,75.88055436593336,75.56303518305295,"rgba(38, 166, 154, 1.0)",1.6714680174429737,75.6164928888031,1.270444357317384,56.793821895501715,12.257146522264776,False,True,True,False,False,10.875737678532552,0.0,0.0,0.0,0.0,1,0.9983292957981797,0.9666694511736694,False,False,False,False,0.2835017441929264,0.2938252969130519,False,False,False,False,1081714.0,1082831.2643713846,False,False,False,False,21133.153353056026,False,False,False,False
2025-10-09 14:00:00+00:00,76.81,76.97,76.16,76.265,22572.0,,,,,77.46680787799801,75.36546253425047,75.18253983704845,75.29805887896701,75.38796106413618,75.57461300077458,75.40785715355872,75.32629073423202,75.33152225918347,75.2400371352722,75.88190252950992,76.0306497730678,76.26695262818838,76.30650906888735,76.53678273652635,76.99088451870337,77.11505620625175,77.11146043812158,76.5501486150608,76.50036102105253,76.461659469341,,,,75.49045353234195,75.20350791542919,75.30389491351298,75.51938004787502,75.5551517148459,75.50680283466946,75.3803686805838,75.32977048884622,75.30038888797435,75.24630213070932,75.46460425770233,75.9396833905274,76.12240877618788,76.2834997457203,76.39461238538053,76.68036164478387,76.86764679054326,77.02168324707543,77.20926106672466,76.82653907984893,76.48712552373613,75.49045353234195,75.9396833905274,76.21972428986409,,75.88190252950992,75.55425681396818,#000000,1.6739478421921619,75.59922395008155,0.3977280732036219,47.97846217765681,3.9704315078340215,False,True,False,True,False,1.7107181263108338,0.0,0.0,0.0,0.0,0,0.9861486763380061,0.9694287353495611,False,False,False,False,0.11406023196927191,0.2039427644411619,False,False,False,False,1059142.0,1082463.988954774,False,False,False,False,21155.461053008643,False,False,False,False
2025-10-09 15:00:00+00:00,76.275,76.38,76.1,76.215,24881.0,,,,,77.17746901666149,75.38180191955205,75.19696683998971,75.308779142284,75.39490539700272,75.57901669886093,75.41184333430702,75.33035986269971,75.33512126477078,75.2431551435938,75.88278962149607,76.03114498965503,76.26687264320887,76.30634091806675,76.5361291751677,76.9894127413178,77.11338879739553,77.11004101997612,76.54970228343556,76.49999022508217,76.46134612401055,,,,75.50628460573947,75.21685598631117,75.31246817693605,75.52450593566921,75.55976893162824,75.510759002206,75.38441258940637,75.33391004809916,75.30438692415053,75.24975609669623,75.4667086684426,75.9404156368957,76.12266823723998,76.28338273758773,76.39425326984569,76.67942593695066,76.86637625509677,77.02016248306522,77.20761796302291,76.82564846622643,76.48677447031311,75.50628460573947,75.9404156368957,76.21973975393527,,75.88278962149607,75.54825016281177,#000000,1.6746759347670543,75.58498394811035,0.37620177062930643,41.93614425227266,-1.3690007880337447,False,True,False,True,False,1.42857428058592,0.0,0.0,0.0,0.0,0,0.990966576332431,0.9727354849306067,False,False,False,False,0.07019615706885869,0.1370694607550103,False,False,False,False,1034261.0,1081716.6557926845,False,False,False,False,21213.221346760445,False,False,False,False
2025-10-09 16:00:00+00:00,76.215,76.24,75.405,75.485,17583.0,,,,,76.96904137990458,75.38611935254914,75.20190447114753,75.31200867536491,75.39672755878343,75.57963415436274,75.41285938959544,75.33156182967343,75.33617750064768,75.24419019421318,75.88248047916777,76.03058686206575,76.26598202334678,76.30539559113308,76.53488053447194,76.98766242322874,77.1115193463652,77.10844660815876,76.54887148930825,76.49922056315921,76.46062342702855,,,,75.50931368171507,75.22133921569844,75.31504731881572,75.52544450516365,75.56049003603191,75.51152451115036,75.38550191331171,75.33512597663056,75.30561376714081,75.25089335692232,75.46717944021059,75.94000800576212,76.12197685641888,76.28246949420543,76.39318923121557,76.67799937945495,76.86474600267015,77.01838262433618,77.20584125149753,76.82446934413532,76.48602085314442,75.50931368171507,75.94000800576212,76.21927372864197,,75.88248047916777,75.54131001729792,#000000,1.6718269663475431,75.5704423503043,-0.051107173184897166,35.80127141669408,-6.708333735551726,False,True,False,True,False,0.0,0.0,0.0,0.0,0.0,0,0.99158693500495,0.97434839986803,False,False,False,False,0.01421787951831591,0.07564367013666311,False,False,False,False,1016678.0,1080708.3045400847,False,False,False,False,21156.938845260283,False,False,False,False
2025-10-09 17:00:00+00:00,75.485,75.66,75.335,75.44,31915.0,,,,,76.66350132617477,75.38826985604652,75.20665057415859,75.31440373038768,75.39757524258498,75.57877473649837,75.41326188890285,75.3324004693233,75.3369008053453,75.24512868085309,75.8811722791711,76.02885024175815,76.26370214320767,76.30302268977803,76.53198991792901,76.98392377133138,77.10757999426157,77.10508395095088,76.54695241019236,76.49741841455261,76.45891144084138,,,,75.50849952378205,75.22551111961116,75.31694782696013,75.52501576735659,75.55978043231012,75.51129464347714,75.38606226008496,75.33596146876222,75.30655683438029,75.25190889678363,75.46721847838026,75.9385302557194,76.12002546284508,76.2801514609444,76.39061426825961,76.6748035880542,76.8612073317797,77.01459447325442,77.20212928874977,76.82189189634282,76.48424944157904,75.50849952378205,75.9385302557194,76.21804621581671,,75.8811722791711,75.5296081120663,#000000,1.6697209617452602,75.54573930203838,-0.06332752864757953,31.59785757779006,-10.281876456116727,False,True,False,True,False,0.0,0.0,0.0,0.0,0.0,0,0.987286386526873,0.9751506645752496,False,False,False,False,-0.02927851636919956,0.02318257688373177,False,False,False,False,984763.0,1079220.780438688,False,False,False,False,21323.730491070204,False,False,False,False
2025-10-09 18:00:00+00:00,75.445,75.8,75.335,75.71,33278.0,,,,,76.47887668065337,75.3936523151084,75.21383251572931,75.31885037490842,75.39990497332818,75.57909238030878,75.41454679682182,75.3340742079179,75.33836844920577,75.24666806991122,75.88027692169234,76.02749770126228,76.26175014970924,76.3009705387749,76.52938141493894,76.98039720168723,77.10383545645352,77.10188575710598,76.54521366551991,76.49579716039221,76.45738059585888,,,,75.51134003041308,75.2319941622288,75.32052167798071,75.52586162052108,75.56027330468439,75.5120381655674,75.38749417355223,75.33764868070266,75.30830295035967,75.25359153543872,75.46775583602015,75.9374540503957,76.1184339712341,76.2781581751688,76.38834464515097,76.6718679591383,76.85789948008436,77.01101396399257,77.19858126689198,76.81948717098969,76.48265904635173,75.51134003041308,75.9374540503957,76.21700628090848,,75.88027692169234,75.52393406183786,#000000,1.6630897842967054,75.53122945029968,0.10749302376114145,31.073740579830464,-10.675274877187121,False,True,False,True,False,0.0,0.0,0.0,0.0,0.0,0,0.9850979746418583,0.973818541083484,False,False,False,False,-0.01990633519534508,0.0016381208441933453,False,False,False,False,1018041.0,1078272.256710956,False,False,False,False,21509.06800283656,False,False,False,False
2025-10-09 19:00:00+00:00,75.71,75.91,75.59,75.735,36355.0,,,,,76.36047953351321,75.40253401003413,75.22384594808972,75.3256276566938,75.40389787025212,75.58066658662847,75.41683023654126,75.33671592054074,75.34069939553129,75.24892362384642,75.87978161837066,76.02649266650712,76.26005700039181,76.29916481037073,76.52695137474417,76.9769301030362,77.10012142355387,77.09871160941016,76.5435859792911,76.49429320392277,76.4559716524261,,,,75.51795552217192,75.24115608781669,75.3260101890629,75.52808911602821,75.56205717706726,75.5138486552039,75.38992040390369,75.34032182362137,75.31098710479573,75.25606685721795,75.46885279623204,75.93675720112678,76.11715276436259,76.27641840235857,76.38629455744805,76.66907162966693,76.85468166509746,77.00748557921082,77.19503998181547,76.81715338534705,76.48118756063842,75.51795552217192,75.93675720112678,76.21611873083745,,75.87978161837066,75.5222268306064,#000000,1.656593780912023,75.52344065155509,0.1277074385299429,30.93853630008546,-11.043338221467828,False,True,False,True,False,0.0,0.0,0.0,0.0,0.0,0,0.9882188169385412,0.9740484429065741,False,False,False,False,0.004515989452531687,0.0030770551483625163,False,False,False,False,1054396.0,1077902.0821883057,False,False,False,False,21739.237491164677,False,False,False,False
2025-10-10 14:00:00+00:00,76.585,76.585,75.875,75.875,9150.0,,,,,76.35077080863478,75.40701721729964,75.22803849552808,75.32876137249407,75.40595297936163,75.58193164611902,75.418036561919,75.33796776708466,75.34181009858223,75.2499053230878,75.87999510820181,76.02656886413523,76.25993473058938,76.29901166647086,76.5266278179325,76.97631936041361,77.09944191651297,77.09813081544046,76.54336497433313,76.49410039559943,76.4558003491761,,,,75.52215626634332,75.24505144879197,75.32855864803149,75.52957828598619,75.5633897501233,75.51501570277047,75.39115109546634,75.34159369114921,75.31222382542472,75.25715020128818,75.46949229303604,75.93691645369758,76.11714803120388,76.27628320541379,76.38607447664455,76.66864869956056,76.85414135419872,77.00685765086402,77.19437610051222,76.81676793524025,76.481002131349,75.52215626634332,75.93691645369758,76.21606932098344,,75.87999510820181,75.52344727743042,#000000,1.652627468472853,75.52424107818544,0.21224318759428962,32.112381041337485,-11.043338221467828,False,True,False,True,False,0.0,0.0,0.0,0.0,0.0,0,0.9909821282177416,0.9636005902606982,False,False,False,False,0.0688516149807405,0.0359643350645515,False,False,False,False,1063546.0,1077679.5072706575,False,False,False,False,21544.055514557473,False,False,False,False
2025-10-10 15:00:00+00:00,75.875,75.875,74.97,75.225,7883.0,,,,,76.31843885077105,75.40674445964675,75.22855968536653,75.32885689010236,75.40582999350556,75.5814702329434,75.41794490640488,75.3379937542845,75.34182851530085,75.25000988076201,75.87958034054986,76.02605294498737,76.25929397485734,76.29834902654846,76.52584302503269,76.9753350361506,77.09841036280321,77.09724844685755,76.54284207421303,76.4936068142675,76.45532941834475,,,,75.52115360818877,75.24548009248454,75.32863697902602,75.52919898272717,75.56295883674058,75.51474982892984,75.39110051059862,75.34161507304536,75.31228288734658,75.25725864081481,75.46939567476598,75.93646165623858,76.11658319327509,76.27563351395807,76.38536425210398,76.66779163745872,76.8532037834,77.00586171283447,77.19340641621902,76.8160809801247,76.48051626372474,75.52115360818877,75.93646165623858,76.21571922533555,,75.87958034054986,75.52200745675228,#000000,1.6465617411955773,75.52097821440474,-0.17975530889587507,30.3426447275975,-12.346773735824485,False,True,False,True,False,0.0,0.0,0.0,0.0,0.0,0,0.9756831489915428,0.9739752765126867,False,False,False,False,-0.03932589214615246,-0.0016807785408004781,False,False,False,False,1055663.0,1077338.1660726627,False,False,False,False,21332.256204254256,False,False,False,False
2025-10-10 16:00:00+00:00,75.215,75.38,75.125,75.19,3869.0,,,,,76.30136356191234,75.40628020331864,75.2285658519252,75.32869388634165,75.40561695348627,75.58111892225517,75.41780846244397,75.33792127758214,75.34176153177226,75.25000106792338,75.87932840701191,76.02575279035223,76.25893631721844,76.29798101612161,76.52541709198994,76.97481509060323,77.0978682168622,77.096784627355,76.54255857457788,76.49333810286406,76.45507215125507,,,,75.5202953284826,75.24545410502577,75.32850452785576,75.52887899272008,75.56262024583171,75.51451673890818,75.3909858081359,75.34153857662737,75.31223033982695,75.25724496127592,75.46929579939852,75.93619063332197,76.11626072536947,76.27527165133247,76.38497371674075,76.6673313335961,76.85270565047891,77.00533632737813,77.19289850283879,76.81571519918582,76.4802514458532,75.5202953284826,75.93619063332197,76.21552251431314,,75.87932840701191,75.52112918796422,#000000,1.6388039420143607,75.51911661146899,-0.20082732475274095,29.04416108322384,-14.035143378377931,False,True,False,True,False,0.0,0.0,0.0,0.0,0.0,0,0.9775244032482988,0.9884340907226639,False,False,False,False,-0.062132547036756226,-0.03190666278877835,False,False,False,False,1051794.0,1076942.1324901406,False,False,False,False,21061.508046048762,False,False,False,False
2025-10-10 17:00:00+00:00,75.175,75.37,74.865,75.14,3424.0,,,,,76.28523079131119,75.40562166206259,75.22838426119141,75.32839199967218,75.40531350600962,75.58071388551602,75.41761877900575,75.33779291256243,75.34164495275007,75.24994794224143,75.87906892042864,76.02545169173219,76.25858715936683,76.29762298692798,76.52500932334783,76.97432706486633,77.09736128100438,77.09635088316331,76.54228737771906,76.49308029630986,76.45482472150192,,,,75.51926085692656,75.24525389004314,75.32825882995107,75.5284949536522,75.56222478459495,75.51423310742008,75.39081656568948,75.34140533033282,75.31212239779558,75.25718243300226,75.46916783725077,75.93591466871314,76.11594115457483,76.27491890763406,76.38459637503323,76.6668939707146,76.85223607536,77.00484368309446,77.19242479234217,76.81536984154003,76.4799971668115,75.51926085692656,75.93591466871314,76.21532962718798,,75.87906892042864,75.52021832457721,#000000,1.625138713414732,75.51726376849926,-0.2321425029046027,27.994267924813673,-15.506402081318079,False,True,False,True,False,0.0,0.0,0.0,0.0,0.0,0,0.9677392807176373,0.992757797712122,False,False,False,False,-0.08028865586128403,-0.05609765932503119,False,False,False,False,1048370.0,1076499.1536918439,False,False,False,False,20788.05830890072,False,False,False,False
2025-10-10 18:00:00+00:00,75.155,75.25,74.75,74.835,6470.0,,,,,76.25137706592747,75.40359285090256,75.22744845303382,75.32732130665994,75.40437484806026,75.57964895707984,75.41704095445077,75.33734595392808,75.34124226398036,75.24970323975,75.87846215380445,76.02476965966605,76.25782330608241,76.29684329267664,76.52414046753695,76.97331590335972,77.09631672960624,77.09545701085031,76.54171015920188,76.49252934914497,76.45429417782512,,,,75.51643510318088,75.24431379399897,75.32738646058309,75.52744842254823,75.56117263027498,75.51345095419128,75.39028119362372,75.34094494107055,75.31172289216275,75.2569037641395,75.46879997451666,75.93527808114476,76.11522826823547,76.27414870864237,76.38378216041829,76.66597180595723,76.85125706493936,77.00382441660493,77.1914523776087,76.81464818751908,76.47945314683975,75.51643510318088,75.93527808114476,76.2149051929326,,75.87846215380445,75.51806776747658,#000000,1.609212296814088,75.51309905041826,-0.4213857001719201,26.211701878442152,-17.640358671306366,False,True,False,True,False,0.0,0.0,0.0,0.0,0.0,0,0.9565573770491814,0.9968032786885243,False,False,False,False,-0.096133885800291,-0.0761157725626611,False,False,False,False,1041900.0,1075962.7327043733,False,False,True,False,20566.072908762726,False,False,True,False
2025-10-10 19:00:00+00:00,74.835,75.03,74.66,74.89,11556.0,,,,,76.19131358580877,75.39934986979675,75.22529390205061,75.32500188404556,75.4023993524921,75.57750218860546,75.41582720771824,75.33637776875628,75.34037120451518,75.2491455046788,75.87728186763496,76.02345790273893,76.25637301306762,76.29536550063085,76.5225075849857,76.97143680367103,77.0943799735329,77.093799289094,76.54062540492329,76.49149228708319,76.4532941920176,,,74.86,75.51071610569339,75.24217656583504,75.32549400548771,75.52531711078704,75.5590442755006,75.5118511994257,75.38914623907085,75.33994934229537,75.31084660976775,75.25627196855099,75.4680378090573,75.9340456918822,76.11386481831232,76.27268744989242,76.38224441022723,76.66424596365337,76.8494331043319,77.00193136573178,77.1896520121615,76.81330209716091,76.47842866543529,75.51071610569339,75.9340456918822,76.21409712649361,,75.87728186763496,75.46384876648783,#000000,1.5941559940403556,75.48155686332197,-0.37107840483206445,25.66314491829,-18.604867461368087,False,True,False,True,False,0.0,0.0,0.0,0.0,0.0,0,0.9530892448512595,1.0014710689767894,False,False,True,False,-0.11711129328033572,-0.09661353292149841,False,False,False,False,1053456.0,1075613.7911120574,False,False,False,False,20426.381855913693,False,False,False,False
2025-10-13 14:00:00+00:00,74.89,74.89,74.89,74.89,0.0,,,,,76.19131358580877,75.39934986979675,75.22529390205061,75.32500188404556,75.4023993524921,75.57750218860546,75.41582720771824,75.33637776875628,75.34037120451518,75.2491455046788,75.87728186763496,76.02345790273893,76.25637301306762,76.29536550063085,76.5225075849857,76.97143680367103,77.0943799735329,77.093799289094,76.54062540492329,76.49149228708319,76.4532941920176,,,74.86,75.51071610569339,75.24217656583504,75.32549400548771,75.52531711078704,75.5590442755006,75.5118511994257,75.38914623907085,75.33994934229537,75.31084660976775,75.25627196855099,75.4680378090573,75.9340456918822,76.11386481831232,76.27268744989242,76.38224441022723,76.66424596365337,76.8494331043319,77.00193136573178,77.1896520121615,76.81330209716091,76.47842866543529,75.51071610569339,75.9340456918822,76.21409712649361,,75.87728186763496,75.46384876648783,#000000,1.5846886413714063,75.48155686332197,-0.3732953262099674,25.297440278188567,-19.429490313415183,False,True,False,True,False,0.0,0.0,0.0,0.0,0.0,0,0.9558763224801126,1.0050028704994665,False,False,False,False,-0.11101131069927757,-0.103812421810388,False,False,False,False,1053456.0,1075270.259466909,False,False,False,False,20109.69376512433,False,False,False,False
2025-10-13 15:00:00+00:00,74.89,74.89,74.89,74.89,0.0,,,,,76.19131358580877,75.39934986979675,75.22529390205061,75.32500188404556,75.4023993524921,75.57750218860546,75.41582720771824,75.33637776875628,75.34037120451518,75.2491455046788,75.87728186763496,76.02345790273893,76.25637301306762,76.29536550063085,76.5225075849857,76.97143680367103,77.0943799735329,77.093799289094,76.54062540492329,76.49149228708319,76.4532941920176,,,74.86,75.51071610569339,75.24217656583504,75.32549400548771,75.52531711078704,75.5590442755006,75.5118511994257,75.38914623907085,75.33994934229537,75.31084660976775,75.25627196855099,75.4680378090573,75.9340456918822,76.11386481831232,76.27268744989242,76.38224441022723,76.66424596365337,76.8494331043319,77.00193136573178,77.1896520121615,76.81330209716091,76.47842866543529,75.51071610569339,75.9340456918822,76.21409712649361,,75.87728186763496,75.46384876648783,#000000,1.5750633106113225,75.48155686332197,-0.37557656212077645,25.05363718478761,-20.153543529457117,False,True,False,True,False,0.0,0.0,0.0,0.0,0.0,0,0.9568559385073157,1.0079345400446313,False,False,False,False,-0.11101131069927757,-0.10741186625483279,False,False,False,False,1053456.0,1074932.0538937787,False,False,False,False,19797.915567215427,False,False,False,False
2025-10-13 16:00:00+00:00,74.89,74.89,74.89,74.89,0.0,,,,,76.19131358580877,75.39934986979675,75.22529390205061,75.32500188404556,75.4023993524921,75.57750218860546,75.41582720771824,75.33637776875628,75.34037120451518,75.2491455046788,75.87728186763496,76.02345790273893,76.25637301306762,76.29536550063085,76.5225075849857,76.97143680367103,77.0943799735329,77.093799289094,76.54062540492329,76.49149228708319,76.4532941920176,,,74.86,75.51071610569339,75.24217656583504,75.32549400548771,75.52531711078704,75.5590442755006,75.5118511994257,75.38914623907085,75.33994934229537,75.31084660976775,75.25627196855099,75.4680378090573,75.9340456918822,76.11386481831232,76.27268744989242,76.38224441022723,76.66424596365337,76.8494331043319,77.00193136573178,77.1896520121615,76.81330209716091,76.47842866543529,75.51071610569339,75.9340456918822,76.21409712649361,,75.87728186763496,75.46384876648783,#000000,1.5666197759903302,75.48155686332197,-0.3776007889010719,24.89110178918697,-20.79889823541813,False,True,False,True,False,0.0,0.0,0.0,0.0,0.0,0,0.9630371297455161,1.0065081351689606,False,False,False,False,-0.11101131069927757,-0.10921158847705517,False,False,False,False,1053456.0,1074599.0918179061,False,False,False,False,19490.97113981674,False,False,False,False
2025-10-13 17:00:00+00:00,74.89,75.86,74.89,75.82,1015.0,,,,,76.18879042912273,75.39943481170138,75.22544731745775,75.32508830620543,75.40243788670227,75.57748799937315,75.41584777844139,75.3364110687939,75.34040028721483,75.24917996711935,75.8772458432275,76.0234084367086,76.25630621715383,76.29529576438021,76.52242148020157,76.97132371747745,77.09426047676284,77.09369700595119,76.54056777344117,76.49143827080049,76.45324296198528,,,74.91355845464429,75.5107257532726,75.24231383085753,75.32556433962561,75.52531655455124,75.55903475711901,75.51185366789743,75.38917145992957,75.33998267956018,75.31088280807856,75.25630930218179,75.46804388866245,75.93400435100608,76.11380848353072,76.27261944530102,76.38216828455789,76.66415020796343,76.84932642313126,77.00181669620422,77.18953900102646,76.8132240751666,76.47837559938147,75.5107257532726,75.93400435100608,76.21406094358395,,75.8772458432275,75.46591767917819,#000000,1.5625452296161118,75.48400612447088,0.21502985587921827,34.88957787124865,-19.93886535470599,False,True,False,True,True,0.16720672549208615,0.0,0.0,0.0,0.0,0,0.9645454545454556,0.989752066115702,False,False,False,False,-0.04569320900792746,-0.07745239874249132,False,False,False,False,1054471.0,1074287.0283788687,False,False,False,False,19204.521974858337,False,False,False,False
2025-10-13 18:00:00+00:00,75.83,76.24,75.83,75.915,7569.0,,,,,76.1834813232952,75.40246205176761,75.2283899917736,75.32725808087355,75.4038425548654,75.57830195956018,75.4166729842796,75.33728467709234,75.34117529720633,75.24987835629452,75.87733514826203,76.02338749903312,76.25612877793746,76.29509362430193,76.52208276294343,76.9707554883948,77.09363732489527,77.09316365255383,76.54033738967857,76.49123181119565,76.45305479221527,,,75.31998502151606,75.51347142706972,75.24504418814928,75.32733438749918,75.52629657824762,75.5598995732382,75.51262699104669,75.39001939585313,75.3408694382395,75.31175078486275,75.25707855971227,75.46847558302095,75.93405010061238,76.11372402478425,76.27243169541717,76.38191256248606,76.66373166836345,76.84881421373865,77.00123476763184,77.18893516866838,76.81285519378831,76.47817540708805,75.51347142706972,75.93405010061238,76.21397540900313,,75.87733514826203,75.48305487813485,#000000,1.5617762958246206,75.5048930013,0.2625901032026257,42.21918005829028,-13.480889337688566,False,True,False,True,True,0.7177563096473492,0.0,0.0,0.0,0.0,0,0.9803727527626596,0.9811974270163281,False,False,False,False,0.04267666816625966,-0.017387865288115832,False,False,False,False,1062040.0,1074097.151969894,False,False,False,False,19024.12628532565,False,False,False,False
2025-10-13 19:00:00+00:00,75.94,76.305,75.9,76.105,44826.0,,,,,76.1722927631374,75.42294378353616,75.2477653546787,75.34186439873821,75.41352664320239,75.58429469861369,75.42241882568078,75.34325574120433,75.34648210663174,75.25458524301723,75.87834567978078,76.02373493672394,76.25551676763915,76.29433220216369,76.52049612964905,76.96777589336993,77.09032374305227,77.09032610871404,76.5392472168817,76.49027877136862,76.45220636823444,,,75.86048884544736,75.53263411060578,75.26309511309331,75.3392985087324,75.53334014237308,75.56620969380418,75.51817386177508,75.39588348341543,75.34693394264278,75.317654348152,75.26226574195675,75.47154084688903,75.93479873377179,76.11368046271113,76.27175712898354,76.3808271041452,76.66166345434652,76.84617659288432,76.99817170868513,77.18569490839712,76.81096583806567,76.47725826097222,75.53263411060578,75.93479873377179,76.21372014742015,,75.87834567978078,75.51175310190418,#000000,1.560434271963608,75.53855306922532,0.3630059535041403,48.40447857796533,-8.24395864295736,False,True,False,False,True,1.8165627741069237,0.0,0.0,0.0,0.0,0,0.9797008547008557,0.9805226824457587,False,False,False,False,0.05172879942971105,0.01717046707079761,False,False,False,False,1106866.0,1074605.1961253996,False,False,False,False,19424.15533516556,False,False,False,False
2025-10-14 14:00:00+00:00,76.03,76.085,75.595,75.63,4050.0,,,,,76.16728198157192,75.42385770339958,75.24880813440872,75.34259118285274,75.41397197731933,75.58448601043798,75.42268140754848,75.34355605989576,75.34674837043674,75.25484193876096,75.87830192695245,76.02363534668457,76.25534112884131,76.29414416546754,76.52023929880393,76.96740427893762,77.08992471505393,77.08998422721007,76.53907387521498,76.4901189178386,76.4520568699262,,,75.85517877497006,75.53332877728597,75.26405648827769,75.33989763249275,75.53360085372165,75.56642326575862,75.51838733035103,75.39616115356938,75.34723774928874,75.31795894186271,75.2625467711468,75.47167098723817,75.93473291336967,76.1135503320908,76.2715763502193,76.38061214550667,76.66136623309723,76.84583268223173,76.99779328615945,77.18531323935694,76.81071545497662,76.47710194719096,75.53332877728597,75.93473291336967,76.21362767572656,,75.87830192695245,75.5116777471841,#000000,1.5560497658736223,75.53812664483316,0.05904268435480184,48.42268556592226,-8.24395864295736,False,True,False,False,True,0.0,0.0,0.0,0.0,0.0,0,0.9741322855271782,0.9854289456450552,False,False,False,False,0.016560046884241505,0.016865256977519557,False,False,False,False,1102816.0,1075042.572929657,False,False,False,False,19185.796337721134,False,False,False,False
2025-10-14 15:00:00+00:00,75.625,75.835,75.285,75.76,12808.0,,,,,76.1467939977828,75.42553272322937,75.25117922752673,75.34410808956868,75.41480898492289,75.58462298645418,75.42316758770662,75.34418474277574,75.34730380810856,75.25542665195772,75.87798097645917,76.02314321714192,76.25462271983265,76.29338801758607,76.5192732810229,76.96609007977564,77.08852752569206,77.0887869249985,76.53842413064694,76.48951332388184,76.45148525278543,,,75.81940952532264,75.53418471359163,75.26621838866973,75.34115364045012,75.53392395703621,75.56662226869773,75.5186768262012,75.39670092731123,75.34787089193946,75.31861493675723,75.26318301871899,75.47188442658764,75.93434429003982,76.11296801916711,76.2708423697607,76.37977399931718,76.66027664618562,76.84460181121712,76.99645853971745,77.18398547475253,76.80981547223526,76.47650795140937,75.53418471359163,75.93434429003982,76.21324108709462,,75.87798097645917,75.51004163219832,#000000,1.5496247002784886,75.53486663880103,0.14528250689248257,49.443822170690254,-7.589333010548877,False,True,False,False,True,0.0,0.0,0.0,0.0,0.0,0,0.9713027881950113,0.9879341268547198,False,False,False,False,-0.020910301190998442,-0.0020225221067394425,False,False,False,False,1115624.0,1075671.7423416004,False,False,False,False,19086.915774345613,False,False,False,False
2025-10-14 16:00:00+00:00,75.765,76.185,75.735,76.005,11408.0,,,,,76.14118442996768,75.42954526638593,75.2552023015543,75.34709448703781,75.41676565454927,75.58574885914945,75.42433658327495,75.34542996749813,75.34841123443417,75.25643312006241,75.87809106916527,76.0230901155907,76.2543384015495,76.29306708262547,76.51874970170056,76.96522555047967,77.08758130095224,77.0879758161829,76.53806698759233,76.48919210815012,76.45119151772847,,,75.83844779689377,75.53775608844407,75.2699623914915,75.34361673677483,75.53528368494396,75.56782028942655,75.51976091409274,75.3979045940159,75.3491339978761,75.3198549280471,75.26428914032066,75.4725007639505,75.93438991965367,76.112821202469,76.27054277505124,76.37937360230858,76.65963449899944,76.84382052895513,76.99557364062403,77.18306884633628,76.80925067918254,76.47619615004452,75.53775608844407,75.93438991965367,76.21310140845895,,75.87809106916527,75.51208217338406,#000000,1.5401825912585505,75.5368242792338,0.30397416736390365,51.91524065959262,-5.110532942419091,False,False,True,False,True,1.213559621356616,0.0,0.0,0.0,0.0,0,0.9840105497403783,0.9898623588560119,False,False,False,False,0.03262687160083464,0.015302174747047599,False,False,False,False,1127032.0,1076468.0254060717,False,False,False,False,18967.862816603818,False,False,False,False
2025-10-14 17:00:00+00:00,76.01,76.45,75.905,76.39,5762.0,,,,,76.14292290609555,75.43255421111975,75.25798252552278,75.34924409464898,75.41823011350559,75.58671263906463,75.42521728828756,75.34632929478158,75.3492124459406,75.25713336498441,75.87830315054458,76.02321552949388,76.25433531913502,76.29304431916408,76.51861837554665,76.96490983717023,77.08722125243774,77.08766708859693,76.53797425542113,76.48911618233355,76.45112837441167,,,75.86230540908203,75.54065196664713,75.27256574924819,75.34538897510825,75.53639221216264,75.56882712708168,75.52063410182797,75.39879769197493,75.35004781850012,75.32074000555106,75.2650608823314,75.47298051269597,75.93456778618672,76.11289399814414,76.27053142094195,76.37930816434064,76.65943992409176,76.84355042766069,76.99524682180946,77.18271103142173,76.80905907142457,76.47612461793481,75.54065196664713,75.93456778618672,76.21311183847192,,75.87830315054458,75.51424071209553,"rgba(38, 166, 154, 0.5)",1.5229686870133334,75.53940250674147,0.5585127918333138,55.917095005995805,-1.223108875870203,False,False,True,False,True,3.3913385574713466,0.0,0.0,0.0,0.0,0,0.9719963866305337,0.9874353288987429,False,False,False,False,0.061796731585073816,0.038549453166060704,False,False,False,False,1132794.0,1077341.2963300084,False,False,False,False,18763.120757431665,False,False,False,False
2025-10-14 18:00:00+00:00,76.405,76.63,76.29,76.355,8926.0,,,,,76.1498388544013,75.43817203066833,75.2630216477964,75.35320427475106,75.42096922843713,75.58859731057463,75.42686991870674,75.34799109732332,75.35069412396862,75.25840916960736,75.87878783773357,76.02356178469302,76.25447091772563,76.2931482567215,76.51854799763528,76.96454175251576,77.08678143855292,77.08728985291705,76.53791826943572,76.48908488796042,76.45111578163463,,,75.90884554917223,75.54620004582577,75.2772966472739,75.34865518897895,75.53852710304139,75.57078495195536,75.52231003671928,75.40046444722121,75.35173746004024,75.3223682650164,75.26646838445201,75.47389159893423,75.93499784166588,76.11315350682919,76.27065365589321,76.37934348358709,76.65926824241724,76.84325654050375,76.99486072242175,77.18226197648497,76.80885594514287,76.47609976772115,75.54620004582577,75.93499784166588,76.21320896540536,,75.87878783773357,75.51850659195833,"rgba(38, 166, 154, 0.5)",1.5048737698107986,75.54471971475495,0.5384373769415423,58.23413092535238,1.074596227718608,True,False,True,False,True,3.1772964983709784,0.0,0.0,0.0,0.0,0,0.9752893851079558,0.9874394548887605,False,False,False,False,0.09984899865918834,0.06919922591262452,False,False,False,False,1123868.0,1078062.640572954,False,False,False,False,18610.607257316446,False,False,False,False
2025-10-14 19:00:00+00:00,76.35,76.47,75.955,76.23,13070.0,,,,,76.15221263224883,75.44458529671977,75.26902375990764,75.3578426520773,75.42413317190112,75.59066360704881,75.42878095866921,75.3499500353717,75.35244038929557,75.25994220580672,75.87922805616614,76.02380725541057,76.25442892400248,76.29306206793856,76.51821789568707,76.96379758279139,77.08593770317921,77.08656613012032,76.53768653540324,76.48889152290565,76.45095161999511,,,75.94227810838362,75.55231822543082,75.28291941267186,75.35249080326464,75.54091021412167,75.572945936018,75.52419359290327,75.40240492914221,75.3537274108632,75.32429856756974,75.26815663517297,75.47493332831547,75.93536117722634,76.11328140740528,76.2705931020878,76.37916144917223,76.65879594005446,76.84261469295028,76.994091624973,77.18142621425051,76.80839897573803,76.47591643662813,75.55231822543082,75.93536117722634,76.21321240257203,,75.87922805616614,75.52238193446829,#000000,1.4767260842584977,75.54926562033852,0.4609753880004778,58.4783461185382,1.5683995673998226,True,False,True,False,True,2.4070540089983297,0.0,0.0,0.0,0.0,0,0.9711853307138186,0.9891126391617545,False,False,False,False,0.0664992613174636,0.06784924361504406,False,False,False,False,1110798.0,1078570.1655253114,False,False,False,False,18524.706369606112,False,False,False,False
2025-10-15 14:00:00+00:00,76.88,77.11,76.225,76.265,9333.0,,,,76.53333333333333,76.16141661685596,75.45093898706888,75.27467071100459,75.36232587685782,75.42726717064555,75.59286715728875,75.43068213656308,75.35184894504891,75.35413513112053,75.26139274007024,75.87983306497522,76.0242653926563,76.25466016567098,76.2932595614841,76.51822975451398,76.96349125566515,77.08555459520858,77.08623730151389,76.53768428254838,76.48891417576493,76.45099308476897,,,75.98460615803299,75.55865363093825,75.28823185022016,75.35619802392411,75.54338829744971,75.57522910353762,75.5261399089489,75.40431773781998,75.35565847549215,75.32615573540347,75.26975696235986,75.47598986836624,75.9359082386173,76.11364583542488,76.27081006450446,76.37928581487598,76.65870005000009,76.8423880270137,76.99376598599312,77.18102520722272,76.80824706352132,76.47594558233864,75.55865363093825,75.9359082386173,76.21336565666249,,75.87983306497522,75.54723783447774,#000000,1.450702383470476,75.6138551218337,0.44884801016772996,58.903402688995904,2.3870847566143425,True,False,True,False,True,2.6108297021297986,0.0,0.0,0.0,0.0,0,0.9788406972030813,0.9750304012971215,False,False,False,False,0.12797744976337946,0.09791334668921176,False,False,False,False,1120131.0,1079214.5195481747,False,False,False,False,18382.19929410834,False,False,False,False
2025-10-15 15:00:00+00:00,76.265,76.79,76.21,76.79,5120.0,,,,76.55576927512165,76.16710756936163,75.45459527684298,75.27790200591204,75.3649030724666,75.42907695924086,75.59415274734053,75.43178207413841,75.35294378639867,75.3551126099238,75.26222663998156,75.88019661215816,76.02454759739545,76.25481565345731,76.29339631223665,76.51826349903814,76.96334810743188,77.08536872929959,77.08607771942627,76.53770102319086,76.48894429790855,76.45103329699127,,,76.0077431957847,75.56231812753478,75.29127434461479,75.35833079184516,75.5448291395491,75.576559514494,75.52727139449016,75.40542305190027,75.35677198353295,75.32722546410713,75.27067708645825,75.47660324530123,75.9362396966885,76.11387561778474,76.27095761356782,76.37938197018913,76.65867405131597,76.84228927418468,76.99361208454212,77.18082691967955,76.80818297962396,76.4759791905834,75.56231812753478,75.9362396966885,76.2134662971237,,75.88019661215816,75.55068142660751,"rgba(38, 166, 154, 0.5)",1.4293036797722625,75.61819696246421,0.8198418951265166,62.46626087151982,6.1062321541854985,True,False,True,False,True,5.5929603246012185,0.0,0.0,0.0,0.0,0,0.9763614360629292,0.9824929407018951,False,False,False,False,0.10525775510276209,0.10158555089598692,False,False,False,False,1125251.0,1079928.2634311486,False,False,False,False,18176.583801176428,False,False,False,False
2025-10-15 16:00:00+00:00,76.78,76.81,76.37,76.595,3352.0,,,,76.56252737994944,76.17071100307646,75.45696596578848,75.28000096358859,75.36657768364229,75.43025371317592,75.59498843607082,75.43249798003534,75.35365664540042,75.35574914665001,75.26276997641499,75.88043276269049,76.02473058929043,76.25491588503829,76.29348429953546,76.51828416755755,76.96325317348501,77.08524587755326,77.0859722325744,76.537711049025,76.488963094459,76.45105870796036,,,76.02184537147112,75.56469171595622,75.29325097514617,75.35971749865107,75.54576583364324,75.57742438233643,75.52800741184346,75.40614254524375,75.3574969662249,75.32792207234041,75.27127652043883,75.47700266095963,75.93645487655817,76.11402437828964,76.27105265795515,76.37944342826889,76.65865567055582,76.84222334971041,76.99351012343985,77.18069606566343,76.8081400544512,76.47600027220194,75.56469171595622,75.93645487655817,76.2135312972208,,75.88043276269049,75.55256521949187,"rgba(38, 166, 154, 0.5)",1.403387632426756,75.6205734591326,0.6943388400697299,62.69156464552028,6.66343179710951,True,False,True,False,True,4.353961461243294,0.0,0.0,0.0,0.0,0,0.9743464451502573,0.9889241794934432,False,False,False,False,0.11745041801140345,0.10951798445369518,False,False,False,False,1121899.0,1080578.9725252395,False,False,False,False,17946.745292631054,False,False,False,False
2025-10-15 17:00:00+00:00,76.55,76.635,76.075,76.63,4442.0,,,,76.53939377593981,76.17378027110558,75.45969285200783,75.28246580264847,75.36852798748838,75.43161522614204,75.59593291829086,75.43332682026951,75.35448955351737,75.35649281733801,75.26341082182778,75.88068171246313,76.02491092973956,76.25499146509188,76.29354415771103,76.51825745433698,76.96307838158988,77.08503537249999,77.08579152747184,76.53768863994915,76.48895284063012,76.45105765655588,,,76.03501973419345,75.56737859852845,75.29556963786852,75.36133461198041,75.54683281141617,75.57840469178312,75.52884845122881,75.40697820725565,75.35834366721795,75.3287382383583,75.2719828989488,75.4774627217642,75.93667675415956,76.11416156829958,76.27112159909055,76.3794692085524,76.65857863861542,76.84208551508127,76.99332636003147,77.18048008552765,76.80804511248559,76.47599319025396,75.56737859852845,75.93667675415956,76.21358438271513,,75.88068171246313,75.5533352633497,"rgba(38, 166, 154, 0.5)",1.3997624701978928,75.62150349420395,0.7204768860915872,63.06746606582075,7.455281745427442,True,False,True,False,True,4.552318611704177,0.0,0.0,0.0,0.0,0,0.9752845528455293,0.9869105691056903,False,False,False,False,0.08567785199264318,0.09759791822316918,False,False,False,False,1126341.0,1081288.4613232976,False,False,False,False,17737.36939662127,False,False,False,False
2025-10-15 18:00:00+00:00,76.62,76.67,76.445,76.605,5110.0,,,,76.54573332845949,76.17882793925806,75.46321150248426,75.28559556898202,75.37102546035058,75.4333718715547,75.59717823384771,75.43439760505167,75.35555709016764,75.35744632527258,75.26422600850316,75.88103186192626,76.02518044945234,76.2551357461374,76.29366987435243,76.51828107676636,76.9629267351665,77.08484139891966,77.08562494798359,76.53769872980752,76.48897636649927,76.45109132059709,,,76.05356262681416,75.5708917256581,75.29851773263555,75.36340538775683,75.54822946468553,75.57969381237582,75.52994732860567,75.40805479789735,75.3594292457284,75.3297818854374,75.2728819656117,75.47806052548175,75.93699509571857,76.11437931748954,76.27125801871742,76.37955469878449,76.65854301903391,76.84197782643835,76.99316406224887,77.18027464344968,76.80797421547587,76.47602021745112,75.5708917256581,75.93699509571857,76.21367859246156,,75.88103186192626,75.55588217561059,"rgba(38, 166, 154, 0.5)",1.3934067720640555,75.62470900894974,0.7035210469073301,63.00860180753088,7.881225492055492,True,False,True,False,True,4.389849459635936,0.0,0.0,0.0,0.0,0,0.988200589970502,0.9834480498197304,False,False,False,False,0.11304368850353103,0.1053208033633501,False,False,False,False,1121231.0,1081907.7254888278,False,False,False,False,17541.596227681406,False,False,False,False
2025-10-15 19:00:00+00:00,76.625,76.86,76.435,76.845,10444.0,,,,76.59203936403799,76.1922816805686,75.47123260191063,75.29263565347973,75.37668845165413,75.43738427427384,75.60007723201886,75.436848115794,75.35798332132536,75.35961435448897,75.26606680571332,75.88189090858657,76.02587095988322,76.2555597913565,76.29405491832497,76.51845191281652,76.96272840654265,77.0845537893732,77.08537777337027,76.53780028334319,76.4891041402776,76.45123879956883,,,76.09695705885933,75.57898839729013,75.30515812212211,75.36810296079898,75.55146044274937,75.58268796533926,75.53248646843521,75.41051261983218,75.36189716049022,75.33214902125442,75.27491305666223,75.47943622707342,75.93778767267725,76.11495928022468,76.27166549962838,76.3798552595544,76.65858977072907,76.8418725576696,76.99294322669057,77.1799519399031,76.8079158239611,76.47615481289158,75.57898839729013,75.93778767267725,76.21394588072441,,75.88189090858657,75.56309119749746,"rgba(38, 166, 154, 0.5)",1.3847430340217692,75.6338914501846,0.8746088769249248,64.64889638536727,9.872862787874723,True,False,True,False,True,5.774778691455808,0.0,0.0,0.0,0.0,0,0.9976015217930697,0.9751881564800258,False,False,False,False,0.125258186856246,0.11528949510979805,False,False,False,False,1131675.0,1082679.3111401638,False,False,False,False,17431.555976089447,False,False,False,False
2025-10-16 14:00:00+00:00,76.37,76.745,76.05,76.55,8754.0,,,,76.56501750617548,76.19757211135634,75.47645934553212,75.2973925323215,75.3804646195808,75.4400336097172,75.60191989377918,75.43846996394203,75.35961396697992,75.36107154198675,75.26732427765293,75.88238052502426,76.02622597587013,76.25570921169768,76.29417347340272,76.5184004749884,76.96238603345307,77.0841412165302,77.08502345929695,76.5377569445467,76.48908468739793,76.45123743064691,,,76.1153159947079,75.58412211628314,75.30963774064915,75.37124458419274,75.5535402909691,75.58460009930099,75.53413062198054,75.41214802110146,75.36355454440685,75.33374740516187,75.27629825219567,75.48033982137608,75.93822418173453,76.11522962983547,76.2718018865614,76.37990690562775,76.6584395008106,76.8416028220652,76.99258321912673,77.17952838046743,76.80772996451309,76.47614159317641,75.58412211628314,75.93822418173453,76.21405092907247,,75.88238052502426,75.56498494272434,"rgba(38, 166, 154, 0.5)",1.3654058301774723,75.63618699579652,0.669261097328624,62.16308251118447,9.872862787874723,True,False,True,False,False,3.8353834418004844,0.0,0.0,0.0,0.0,0,0.9785867237687373,0.9791632350518853,False,False,False,False,0.09140933935564464,0.10334941723272134,False,False,False,False,1122921.0,1083303.2132930295,False,False,False,False,17297.020224522166,False,False,False,False
2025-10-16 15:00:00+00:00,76.54,76.665,75.785,75.8,10754.0,,,,76.4746297556521,76.1947442717313,75.48042129837886,75.30134656942826,75.3834940585406,75.44209798486519,75.60320117045477,75.4397376952943,75.36094114809647,75.36225715860712,75.26838909297845,75.88259368068704,76.0262848693642,76.25554523243001,76.2939746250533,76.5180087528781,76.96166786509116,77.08334457786283,77.08433951784865,76.53748668550736,76.48884700141005,76.45102461200788,,,76.11338697917543,75.5877175277722,75.31334434505607,75.37377963400064,75.55504528584252,75.58594978675288,75.53533915617767,75.41344480624325,75.36490092643874,75.33506374119867,75.27746690108259,75.48102986203492,75.93837643304997,76.11519788557138,76.27162331759345,76.3796323821328,76.65793501015295,76.84096489386894,76.99184545027965,77.17874931817765,76.80727029008497,76.47591243648425,75.5877175277722,75.93837643304997,76.21397899852553,,75.88259368068704,75.5627479707816,#000000,1.3442931362011759,75.63296160736957,0.12425741687744025,54.570280313018486,9.646841912843215,True,False,True,False,False,0.0,0.0,0.0,0.0,0.0,0,0.9741492146596866,0.979712041884816,False,False,False,False,0.06817943743241202,0.08576442733256667,False,False,False,False,1112167.0,1083750.7138621297,False,False,False,False,17195.578050498567,False,False,False,False
2025-10-16 16:00:00+00:00,75.8,76.015,75.315,75.725,8874.0,,,,76.36875401034504,76.18454048644338,75.48151749195759,75.30293270447753,75.38456260000906,75.44273950051854,75.60338042428123,75.44013491956017,75.3614307877516,75.36269374255886,75.26883721052847,75.88242088007722,76.02599468616776,76.25509771377692,76.29350106024025,76.51739031196874,76.96080777094481,77.08242669113291,77.0835515411061,76.53706852476782,76.48845862172098,76.45065913513717,,,76.09307685937608,75.58829227229064,75.31480781146162,75.37469121619574,75.5553492016976,75.58617048605137,75.53561042255173,75.4138770624473,75.36539425156644,75.33557009585411,75.2779532917971,75.4812222899665,75.93815725048087,76.1148448762687,76.27116503180409,76.37910220634792,76.6572312509742,76.84016295574055,76.99097103045911,77.17787381678583,76.80668294487505,76.47553187860935,75.58829227229064,75.93815725048087,76.21373891078996,,75.88242088007722,75.55776469080983,#000000,1.3108122542024578,75.6260880276425,0.0754585349964401,49.064127890235405,4.787664539271937,False,False,False,True,False,0.0,0.0,0.0,0.0,0.0,0,0.9679440240826629,0.9873891465299808,False,False,False,False,-0.006857691343742547,0.03945336799441206,False,False,False,False,1103293.0,1084053.6950425617,False,False,False,False,17066.561336537347,False,False,False,False
2025-10-16 17:00:00+00:00,75.725,75.775,75.305,75.375,9565.0,,,,76.2571588908838,76.16976585673552,75.48153748981399,75.30374043697219,75.38494480880948,75.44285946198501,75.60310146412512,75.44021310420693,75.36163170711781,75.36287181331723,75.26908753573393,75.88204661503221,76.02549933186795,76.25444718662607,76.29282394513645,76.51656482405362,76.95973687282998,77.08129727441872,77.08258188223058,76.53651257484903,76.48793631931989,76.45016279054484,,,76.06351340361293,75.58763866515564,75.31552710772394,75.37503838005222,75.55517231601588,75.58592809133546,75.53551173880236,75.41399888112032,75.36559260767699,75.33580279356138,75.2782193017804,75.48122612751867,75.93773511726354,76.11428828924294,76.27050359128769,76.37836725186843,76.65631802003702,76.83915037733163,76.98988569291524,77.17680502039116,76.80593779457341,76.47501842508885,75.58763866515564,75.93773511726354,76.21338257729745,,75.88204661503221,75.55159454865411,#000000,1.2851198808320088,75.61754287110507,-0.18873170878661244,43.47978755175902,-0.05311919982271718,False,True,False,True,False,0.0,0.0,0.0,0.0,0.0,0,0.9730480235217258,0.991424371120548,False,False,False,False,-0.02358775541149143,0.007932806291460317,False,False,False,False,1093728.0,1084203.6842667079,False,False,False,False,16950.258060001885,False,False,False,False
2025-10-16 18:00:00+00:00,75.38,75.405,74.825,74.93,8776.0,,,,76.13216749089017,76.14854257734149,75.47929323751755,75.3027252882011,75.3837910030643,75.4418475896083,75.60191537993835,75.43959550483521,75.36117245942926,75.36245886998803,75.26885853685864,75.88133118126383,76.02468329401422,76.25351698104966,76.29187223827385,76.51549213713854,76.95846847412709,77.07998258397384,77.08145313271085,76.53579381069933,76.48725152749181,76.4495043604045,,,76.02037600033736,75.58455451173272,75.31451431314623,75.37411210138288,75.55401724474362,75.58475987253549,75.53465064829066,75.41343298265352,75.36511819073495,75.33539978185902,75.27795451764621,75.48082768315027,75.9369798671258,76.11342876905293,76.26956472246144,76.3773686681282,76.65517303973503,76.83792692202239,76.98860601105392,77.17557566625797,76.80503167073981,76.47434258923823,75.58455451173272,75.9369798671258,76.21286236818734,,75.88133118126383,75.543215873371,"rgba(239, 83, 80, 0.5)",1.2664746167833474,75.6060197786233,-0.5337807561751902,37.84525254199462,-4.907008214943097,False,True,False,True,False,0.0,0.0,0.0,0.0,0.0,0,0.9643582041081441,0.9905821222700326,False,False,False,False,-0.0806253419314544,-0.036346267819997044,False,False,False,False,1084952.0,1084215.2860610224,False,False,False,False,16823.52537690108,False,False,False,False
2025-10-16 19:00:00+00:00,74.935,75.535,74.745,75.46,76312.0,,,,75.71202312707769,76.0206089263386,75.46915362007091,75.30081642081171,75.37976411914705,75.43753615429569,75.59537364689882,75.43695408689568,75.35970822670457,75.3611310403243,75.2686555937326,75.87660230947921,76.01904566420892,76.2467819277304,76.28494008881692,76.50745505576099,76.94862189655825,77.06970584087202,77.07262134645589,76.53038429363995,76.48212349657986,76.44459422920686,,75.24666666666666,75.81087330480509,75.56840549221246,75.31230944723802,75.37099920398097,75.54798653565035,75.57843204566537,75.53024699249495,75.41118830947518,75.36357371264485,75.33431242207467,75.2776374311503,75.4789468893914,75.9318915921065,76.10736550371274,76.26274951736166,76.37000718805238,76.64647874020937,76.8285034911496,76.97865393498584,77.16591387457191,76.79805704424066,76.46928869378613,75.56840549221246,75.9318915921065,76.20910941924669,,75.87660230947921,75.48199622900908,#000000,1.2411090760849006,75.54868547564196,-0.07145663290266673,38.79111911364676,-4.907008214943097,False,True,False,True,False,0.0,0.0,0.0,0.0,0.0,0,0.9661933193480724,0.9887042117153456,False,False,False,False,-0.07725928922033545,-0.05680277852016625,False,False,False,False,1161264.0,1085409.8397655026,False,False,False,False,17745.82730904215,False,False,False,False
2025-10-17 14:00:00+00:00,76.54,76.88,76.15,76.555,4410.0,,,,75.7338083927397,76.02473717802165,75.47181486653453,75.30322717439599,75.38171002171978,75.43892681195331,75.59636540789215,75.43781690240161,75.3605711710828,75.36190401849294,75.2693209529793,75.87688281441683,76.01925883847116,76.24689072343055,76.28503333993598,76.50746269548999,76.94848223373697,77.0695305257091,77.07246998449166,76.53038379640638,76.48213453229842,76.44461397877905,,75.31668661166307,75.82192711608603,75.57104948384278,75.31458884658228,75.37263049879715,75.5490969054983,75.57945834228589,75.5311281941325,75.4120565946998,75.3644507054662,75.33515738524956,75.27836948868855,75.47943375180317,75.93214554503675,76.10753561212573,76.26285173521451,76.37006673397171,76.64643661098285,76.82840080012217,76.97850530553802,77.1657293725863,76.79798730064456,76.46930273696539,75.57104948384278,75.93214554503675,76.20918105853335,,75.87688281441683,75.48732478549704,"rgba(38, 166, 154, 0.5)",1.2133760622618426,75.5553661544224,0.8238450359027173,45.52551136420735,-12.592622372612333,False,False,False,True,True,3.5730384088833773,0.0,0.0,0.0,0.0,0,0.987414279951594,0.9823315853166595,False,False,False,False,0.10728760489725031,0.02524241318854203,False,False,False,False,1165674.0,1086654.2453505334,False,False,False,False,17539.07029649886,False,False,False,False
2025-10-17 15:00:00+00:00,76.525,77.25,76.465,77.055,5868.0,,,,75.77460068531309,76.03435508946139,75.47665146459636,75.30744984199984,75.38517751612352,75.44144069160552,75.5982397213397,75.43937794448534,75.3621051715211,75.36327873266681,75.27048262060723,75.87748176870927,76.01976209048765,76.2472383502385,76.28535857738223,76.50766508204421,76.94847111867809,77.06946755671815,77.0724148195435,76.53051051822932,76.48227468905394,76.44476416345265,,75.42556526927666,75.84405297428313,75.57598749525239,75.31859138063447,75.37553345190341,75.55116488804526,75.58138755850938,75.53276181784285,75.41361794177436,75.36601093960567,75.33665144246741,75.27964964573471,75.48032457451171,75.93270678253286,76.10797401908243,76.26318981174963,76.37034347149599,76.64656793070611,76.82844399516597,76.97848108619353,77.16563607383479,76.79803041261972,76.46944637987025,75.57598749525239,75.93270678253286,76.20939424935717,,75.87748176870927,75.49647762513082,"rgba(38, 166, 154, 1.0)",1.188764090585117,75.56698293127992,1.2517345371592374,51.88599254722085,-6.905770499062598,True,False,True,False,True,6.084137257502086,0.0,0.0,0.0,0.0,0,0.9904225352112681,0.965955734406438,False,False,False,False,0.15391042054917023,0.08957641686885613,False,False,False,False,1171542.0,1087970.334569905,False,False,False,False,17358.12347019655,False,False,False,False
2025-10-17 16:00:00+00:00,77.05,77.4,76.67,76.805,16767.0,,,76.95833333333333,75.88024013426937,76.06177463211631,75.49062551479214,75.31965385600041,75.39522349488645,75.4487456079054,75.60370694180637,75.44392515809467,75.3665697085697,75.36728130990343,75.27386304902765,75.87924657322807,76.02125256169904,76.24828099873888,76.28633695811604,76.50829089151217,76.94848355764654,77.0693309517101,77.07229437129672,76.53090437999806,76.48270641822484,76.44522412306384,,75.67421724379254,75.90454145905572,75.59026190828111,75.3301661466624,75.38395488176153,75.55718955956527,75.58701260779996,75.53752557237995,75.41816456564294,75.37055173968534,75.34099888361693,75.28337421764861,75.4829255222531,75.93436347983737,76.10927777507517,76.26420502977282,76.37118263857315,76.64698983816132,76.82861264788328,76.97845584607754,77.1654083317778,76.79818779909867,76.46988793033348,75.59026190828111,75.93436347983737,76.21003254098524,,75.87924657322807,75.56283308195403,"rgba(38, 166, 154, 0.5)",1.1695368375626396,75.6721996699163,0.9685888410702062,54.586768433207574,-4.554524437880019,True,False,True,False,True,4.655372806820559,0.0,0.0,0.0,0.0,0,0.9868889608287476,0.9751537714470694,False,False,False,False,0.17832361374779832,0.13395001530832723,False,False,False,False,1154775.0,1089006.0658168832,False,False,False,False,17348.958765232263,False,False,False,False
2025-10-17 17:00:00+00:00,76.86,77.09,76.8,76.99,10688.0,,,76.95898215261337,75.93835833723625,76.07845041708717,75.49940639008989,75.32734730647621,75.40156729731706,75.45337056733685,75.6071733604665,75.44681273855554,75.36940555041122,75.36982491795861,75.27601294547601,75.88037026311018,76.02220186893689,76.24894558938396,76.28696067950395,76.50869037684633,76.9484928093202,77.06924535385964,77.0722188460432,76.53115604351457,76.48298217527636,76.44551784213924,,75.79471745071389,75.93984242346484,75.59921907879948,75.3374669616387,75.38928208302897,75.56100762803665,75.59057865975942,75.54054915475339,75.42105195660186,75.37343577196823,75.34376082688816,75.28574215886081,75.4845805725524,75.93541845326551,76.11010838758679,76.26485217698901,76.37171782534305,76.64725962099978,76.82872130424855,76.97844111979592,77.16526458659311,76.79828900518102,76.47016993637631,75.59921907879948,75.93541845326551,76.21043975271522,,75.88037026311018,75.57551786832366,"rgba(38, 166, 154, 1.0)",1.1453250335315506,75.68826573709387,1.1365631805779124,57.13645063323833,-2.1178578308834872,True,False,True,False,True,5.579051494259115,0.0,0.0,0.0,0.0,0,0.9927107799465459,0.973515833805782,False,False,False,False,0.16592058336877868,0.14993529933855296,False,False,False,False,1165463.0,1090191.4446414276,False,False,False,False,17245.688086701528,False,False,False,False
2025-10-17 18:00:00+00:00,77.04,77.085,76.84,76.87,8110.0,,,76.95275331552557,75.97733535256766,76.09030289586721,75.50587166227226,75.33303659615888,75.40625983133391,75.45679547489092,75.60973701928306,75.44895560148163,75.37151243564507,75.37171528695926,75.27761323528676,75.88119901959477,76.02289919389654,76.24942898841208,76.28741329458875,76.50897403226311,76.94848255879096,77.0691636697891,77.07214715339607,76.53133420400374,76.48317879005077,76.44572822949101,,75.87020071493866,75.96439065540734,75.60579805336648,75.34286730623921,75.39322788320604,75.56383252474086,75.59321649541467,75.54278924576738,75.42319548379295,75.37557823041026,75.34581366614056,75.28750415084266,75.48580987427931,75.93619541776356,76.11071659518856,76.26532244436122,76.37210374606582,76.64744550272955,76.82878586377954,76.97841281699594,77.16514061046232,76.7983522750293,76.47037133962938,75.60579805336648,75.93619541776356,76.21073677928457,,75.88119901959477,75.58384451967275,"rgba(38, 166, 154, 1.0)",1.1168716243270078,75.69880790173076,1.0486362736406423,58.01938055049554,-1.02537854632903,True,False,True,False,True,4.884767096099974,0.0,0.0,0.0,0.0,0,0.9914079597957368,0.9748723352516813,False,False,False,False,0.16832820986509403,0.1591317546018235,False,False,False,False,1157353.0,1091232.7090655915,False,False,False,False,17104.049511713907,False,False,False,False
2025-10-17 19:00:00+00:00,76.88,76.975,76.58,76.58,16192.0,,,76.87733018400088,76.03068591247852,76.107071404881,75.5166418047257,75.34272897864324,75.41420425177816,75.46257326786706,75.61397900189341,75.452583413268,75.37511120390982,75.37494549153575,75.280375318875,75.88250405145513,76.02395197301236,76.25008150857961,76.28800712707375,76.50924505864626,76.94819486910312,77.0687403936879,77.07178041500521,76.53149422072666,76.48337851765771,76.44595781055152,,75.96868508171481,75.99957898201114,75.61659325966204,75.35206271013196,75.39992780047197,75.56853632132264,75.59759156098599,75.54653514799773,75.42683548056053,75.37923590350599,75.3493300337679,75.29054157864047,75.48788549276746,75.93740101779902,76.11160352664604,76.26595003765999,76.3725703543628,76.64752919547753,76.82863940416912,76.97809095171431,77.16466061056573,76.79827025324485,76.4705814019507,75.61659325966204,75.93740101779902,76.21114832966568,,75.88250405145513,75.59326278349589,"rgba(38, 166, 154, 0.5)",1.081109031846636,75.71062149262696,0.8041543283456453,56.68091343268679,-1.02537854632903,True,False,True,False,True,3.222736793090064,0.0,0.0,0.0,0.0,0,0.991069253876756,0.9759681740683603,False,False,False,False,0.1429682046890809,0.1510499796454522,False,False,False,False,1141161.0,1092006.7910955823,False,False,False,False,17089.909209206715,False,False,False,False
2025-10-20 14:00:00+00:00,76.09,76.845,76.09,76.805,9960.0,,,76.82934650636507,76.05418436548398,76.11479381468651,75.52245221515298,75.34805658832688,75.41855210537905,75.46572908960532,75.6162610944305,75.45457233270528,75.37709815937414,75.37672977151556,75.2819132399486,75.88317761617661,76.02447428217484,76.25036773989564,76.28825831339255,76.50930320629567,76.94791993689707,77.06838470321004,77.07147285278201,76.53152068176033,76.48343044236083,76.446028952334,,76.00973976278935,76.01591773335481,75.62234363189263,75.35711601055704,75.40360503618989,75.57107954853848,75.59994973104799,75.54856837914107,75.42883590598898,75.38125452784652,75.35127585772813,75.29223102036157,75.48902176585882,75.93801495126606,76.1120283711801,76.26622142557787,76.37274553856027,76.64747510608865,76.8284482936247,76.97779569832015,77.16428018577726,76.7981432885681,76.47063996406347,75.62234363189263,75.93801495126606,76.21133464012655,,75.88317761617661,75.59722512777076,"rgba(38, 166, 154, 1.0)",1.0560432056757392,75.71551577622054,1.0316663351688604,56.98196715516208,-1.02537854632903,True,False,True,False,True,4.385858319762601,0.0,0.0,0.0,0.0,0,0.9840528350515467,0.9736630154639168,False,False,False,False,0.1008626876224852,0.1259563336339687,False,False,False,False,1151121.0,1092923.2904584415,False,False,False,False,16979.367981157,False,False,False,False
2025-10-20 15:00:00+00:00,76.79,77.015,76.71,76.865,8925.0,,,76.83364044524976,76.0840560317014,76.12558855750494,75.52898570323165,75.35388078336696,75.42336442480406,75.46925709157479,75.61889541610877,75.45679581144243,75.3792911475989,75.37869958237083,75.28358838322931,75.88402505031902,76.02517976723915,76.25084390544698,76.28870127131195,76.50956372852792,76.9478633770971,77.06825106752751,77.07135627336508,76.53168280411404,76.4836132998377,76.44622732350778,,76.05819251170244,76.03676754074017,75.62894580170338,75.36264998158498,75.40766968299914,75.57398460216662,75.60266138342064,75.55088216457462,75.43106231619961,75.3834838059811,75.35341512109687,75.2940734022017,75.49030186593338,75.93880644905505,76.11263851009585,76.26668344497968,76.37311652768997,76.64762992584907,76.82847230426727,76.97771967695633,77.16410481770923,76.79817725048635,76.47082820748571,75.62894580170338,75.93880644905505,76.21162961469277,,75.88402505031902,75.60440534233955,"rgba(38, 166, 154, 1.0)",1.0349333311869153,75.72456780782184,1.101937832913591,57.50528042944724,-0.004177569780431156,True,False,True,False,True,4.695858370694122,0.0,0.0,0.0,0.0,0,0.9930812550281578,0.9715205148833461,False,False,False,False,0.15459549808005357,0.14027591585701113,False,False,False,False,1160046.0,1093963.9526218765,False,False,False,False,16854.494058968517,False,False,False,False
2025-10-20 16:00:00+00:00,76.865,76.965,76.615,76.685,3133.0,,,76.83030082457924,76.09263978782224,76.128758791934,75.53107914234329,75.35576871224607,75.42491961108547,75.47039541650034,75.61973724873428,75.45751468131485,75.3800033485922,75.37933945393327,75.28413531052611,75.88428931366205,76.02539516376942,76.25098134782283,76.2888273196013,76.50962711306349,76.94781811795811,77.06817941935036,77.07129408479496,76.53172109979651,76.48365914647438,76.44627883975123,,76.07180581797773,76.04291772234353,75.63104483665307,75.36444343488705,75.40898537046564,75.5749158633125,75.60352895231036,75.55162557374028,75.4317832386911,75.3842076030445,75.35411086897558,75.2946745441051,75.49071525195752,75.9390514532157,76.1128215814294,76.2668160439507,76.37321787499539,76.64765695198011,76.82845455683717,76.97766776319953,77.16402114985183,76.7981693557311,76.47087601831797,75.63104483665307,75.9390514532157,76.21171589605913,,75.88428931366205,75.606374056323,"rgba(38, 166, 154, 0.5)",1.0170253967621987,75.72703536336464,0.941927939739895,56.45860664094517,-0.004177569780431156,True,False,True,False,True,3.6390325354848265,0.0,0.0,0.0,0.0,0,0.9895249695493303,0.9821356069833532,False,False,False,False,0.14467562095617964,0.14247576840659537,False,False,False,False,1156913.0,1094939.9068447931,False,False,False,False,16641.757716969005,False,False,False,False
2025-10-20 17:00:00+00:00,76.685,76.8,76.575,76.61,8367.0,,,76.81312371665328,76.11143913668383,76.13583198230926,75.53621132894526,75.36045111922192,75.4287649520831,75.47320541771546,75.62179501741446,75.45929278133171,75.38177288436422,75.38092964352307,75.28550138818558,75.88491870499287,76.02589627308699,76.25128013235351,76.28909628129428,76.50973190095513,76.94763889660312,77.06793125983377,77.07107915106465,76.53178058372481,76.4837394197073,76.4463747670882,,76.101055549629,76.05675106302627,75.63615003310429,75.36889050888634,75.41224371877708,75.57719957710515,75.60565221188513,75.55345279810224,75.4335691638423,75.3860054825921,75.35584198722148,75.29617508214004,75.49173651641917,75.9396302801861,76.11323899789821,76.26710217571848,76.37342216717695,76.64766636323309,76.82834703278246,76.97747117765783,77.16374692514984,76.79810273302779,76.47096170566604,75.63615003310429,75.9396302801861,76.21190662267107,,75.88491870499287,75.61052172244646,"rgba(38, 166, 154, 0.5)",1.0032388225825342,75.73219235720846,0.874973758024922,55.17313288683964,-0.004177569780431156,True,False,True,False,True,3.19814602808432,0.0,0.0,0.0,0.0,0,0.988603988603989,0.9829059829059825,False,False,False,False,0.13069859634425043,0.1365871823754229,False,False,False,False,1148546.0,1095771.0090642537,False,False,False,False,16513.466899651656,False,False,False,False
2025-10-20 18:00:00+00:00,76.62,76.635,76.4,76.62,11124.0,,,76.78193927404772,76.12996206218321,76.14304269613879,75.54230300954885,75.36610278003471,75.43338764836868,75.47657698438665,75.6242302117603,75.46143313541872,75.38391639961739,75.38285665889943,75.28716857123663,75.88563563135504,76.02644622262194,76.25157040140404,76.28934786894249,76.50977029131468,76.94730944755239,77.06751259356011,77.07071706126148,76.53179267896235,76.48378012091786,76.44643707602285,,76.1289256127124,76.0710371807181,75.64213993624777,75.37425685278843,75.41617047380385,75.57991450582162,75.60816926752531,75.55563260599989,75.43572359467304,75.38818251694642,75.35794315852529,75.2980046674698,75.49296413797434,75.94028138042101,76.11368186156882,76.2673760725152,76.37358984731523,76.64758070057925,76.82811009266686,76.9771192888938,77.16330302959186,76.79794292639373,76.47100986625833,75.64213993624777,75.94028138042101,76.21209798882518,,75.88563563135504,75.61447935771389,"rgba(38, 166, 154, 0.5)",0.9934162777519596,75.73703201578402,0.888819726423331,54.39263424629496,-0.004177569780431156,True,False,True,False,True,3.2528735544588905,0.0,0.0,0.0,0.0,0,0.9866384226820926,0.9832980283526147,False,False,False,False,0.107625998393108,0.12210659038426544,False,False,False,False,1159670.0,1096761.691094265,False,False,False,False,16429.909273300465,False,False,False,False
2025-10-20 19:00:00+00:00,76.615,76.645,76.395,76.47,28365.0,,,76.71696687796148,76.16613919964473,76.15829874230266,75.55678213119381,75.3796963513134,75.44450245778982,75.4846972098591,75.63006173170098,75.46661275476157,75.38912198448014,75.3875397380644,75.2912381683184,75.8873245997804,76.02771477181918,76.25218922245426,76.28986941163583,76.50975530006568,76.94636954125357,77.06634836718068,77.06971028887978,76.53174860938937,76.48380995002141,76.44652280073458,,76.17992947397236,76.1006747032118,75.65627150832793,75.38716980590674,75.4256408127537,75.58642835045103,75.6142015681578,75.56088039185144,75.44094345174281,75.39346800432271,75.36305206258945,75.3024669325385,75.49593928510394,75.94180460660384,76.11468290532022,76.26795376513117,76.37390032638972,76.64725323600148,76.8274024407377,76.9761230008322,77.16208483728028,76.79745658447717,76.47105897637807,75.65627150832793,75.94180460660384,76.21251566088749,,75.8873245997804,75.62314894793283,"rgba(38, 166, 154, 0.5)",0.9831794031306796,75.7475000770699,0.7348607188367496,52.54231924765225,-0.004177569780431156,True,False,False,False,False,2.350475126953082,0.0,0.0,0.0,0.0,0,0.9883370035070551,0.9817306908082535,False,False,False,False,0.10796441644455268,0.11503550341440906,False,False,False,False,1131305.0,1097297.2462710983,False,False,False,False,16614.949439605884,False,False,False,False
2025-10-21 14:00:00+00:00,75.825,76.525,75.75,76.525,16451.0,,,76.6633184025917,76.17148783727258,76.16089628446733,75.56293140670282,75.38580300453955,75.44942624913253,75.48826757412164,75.63250152941828,75.4689128727594,75.39148239031475,75.38966561591715,75.29312755962917,75.88792521716218,76.02808285182172,76.25220983141242,76.28983665939613,76.50942739728929,76.94553601234394,77.06539243401805,77.06888471421024,76.53151075359932,76.48361799745788,76.44636577249392,,76.18628057049091,76.10702250111966,75.66202586466248,75.39296509154794,75.42986848351869,75.58919998601465,75.61674168143558,75.56313980208101,75.44327830892567,75.3958617709596,75.365383614093,75.30453276411788,75.49725329185594,75.9423135196187,76.11490902419925,76.26795194010742,76.37375170371317,76.64675280065818,76.82669473281442,76.97525881211494,77.16112728477248,76.79694887953373,76.47087902938259,75.66202586466248,75.9423135196187,76.21256066438922,,75.88792521716218,75.6244549783076,"rgba(38, 166, 154, 0.5)",0.9728829036147196,75.74872122078901,0.7979159427375639,51.82396779066387,-0.004177569780431156,True,False,False,False,False,2.6625841901288716,0.0,0.0,0.0,0.0,0,0.9816439246263811,0.9833495776478227,False,False,False,False,0.05642574015651151,0.08573062178546029,False,False,False,False,1147756.0,1098079.5525304612,False,False,False,False,16612.40758782905,False,False,False,False
2025-10-21 15:00:00+00:00,76.525,76.78,76.405,76.545,27899.0,,,76.64875350190685,76.20502166056056,76.17713707398461,75.57760794346407,75.39954694120975,75.46075978346474,75.49663048322897,75.63859850632011,75.47428762125782,75.39686413510329,75.39451355093713,75.29733005879237,75.88976961615487,76.02951219998506,76.25299122567883,76.29052164928322,76.50958086160675,76.94477047179022,77.06440367055298,77.06802804221199,76.53157936308772,76.48375728216448,76.44655841569406,,76.22940263001954,76.13562549526833,75.67641862818752,75.40604645182674,75.43956216013306,75.59597645119287,75.62303778019361,75.5686125076337,75.448687387405,75.40132599937836,75.37066086210167,75.30913831855709,75.50036520218528,75.9439943339444,76.11607115676115,76.26869251221686,76.37422752598896,76.6465968613555,76.82616071920478,76.97443711498373,77.16006924650769,76.79659213232662,76.47103674088086,75.67641862818752,75.9439943339444,76.21307311532038,,75.88976961615487,75.63487644537253,"rgba(38, 166, 154, 0.5)",0.9628855469775437,75.76143783266352,0.813764595175462,51.54696440781452,-0.004177569780431156,True,False,False,False,False,2.7777135435652625,0.0,0.0,0.0,0.0,1,0.9931051265412073,0.9747728747566512,False,False,False,False,0.11778958320312054,0.1017601024942904,False,False,False,False,1175655.0,1099282.272646268,False,False,False,False,16787.393516699918,False,False,False,False
2025-10-21 16:00:00+00:00,76.53,76.59,76.0,76.01,14773.0,,,76.61207693882294,76.20481082868196,76.17760038664943,75.58234301400205,75.40440898685361,75.4646745733447,75.49948064431429,75.6405116065851,75.47614733089665,75.39879060980087,75.39625177506679,75.29889232586554,75.89020890244595,76.02974709274747,76.25292373499329,76.29040732374617,76.5092071693986,76.94395290894988,77.06347863413599,77.06722881401394,76.53131280747101,76.48353254430323,76.4463655449663,,76.2277778879147,76.13763667951055,75.680745301596,75.4106654929781,75.44295064682876,75.59816340401265,75.62503467849771,75.57041263354614,75.45058125297722,75.4032782583632,75.37256971883961,75.31084286043011,75.50143162213915,75.94435301577451,76.11618285710026,76.26860536607755,76.37401145890745,76.64607131885346,76.82545336236693,76.9735926620732,77.15914982928169,76.79608096102587,76.47082294764444,75.680745301596,75.94435301577451,76.21306337978,,75.89020890244595,75.6355231783407,#000000,0.9614852109171925,75.76182551769193,0.2581157562177491,46.795307475518705,1.482728031524175,False,False,False,True,False,0.0,0.0,0.0,0.0,0.0,0,0.9954203467451752,0.9739941118743861,False,False,False,False,0.07759580116338584,0.08967795182883812,False,False,False,False,1160882.0,1100237.307178884,False,False,False,False,16756.16260946426,False,False,False,False
2025-10-21 17:00:00+00:00,75.99,76.09,75.76,75.81,8627.0,,,76.57903183705511,76.19719732589911,76.17419772919844,75.58368907277948,75.40611356003963,75.46597557332221,75.50039469475094,75.64100048475443,75.47676074802749,75.39947305373109,75.39686901687233,75.2994857829344,75.89020597578161,76.02963206612415,76.25265153124558,76.290109770845,76.50876864615141,76.94327557310152,77.0627436650295,77.06659438425515,76.53101031887944,76.48325661599355,76.44610998449552,,76.21711457000916,76.13313992820821,75.68173424559363,75.41227718807994,75.44410226800039,75.59877211352948,75.6255624107334,75.57093830163069,75.45122224452324,75.4039672845477,75.37325979012422,75.31148553797244,75.50177422212987,75.94430585632074,76.11600461500556,76.26832261654869,76.37365877563613,76.64554981420176,76.82483445684852,76.97290098417568,77.1584385987134,76.7956261567181,76.47055398873138,75.68173424559363,75.94430585632074,76.21292149721842,,75.89020597578161,75.63382155937788,#000000,0.9627061005507856,75.75933868604163,0.05262386301425489,42.36550602702491,-2.681744721411441,False,True,False,True,False,0.0,0.0,0.0,0.0,0.0,0,0.9877330716388619,0.9834805364736665,False,False,False,False,0.0279393434778572,0.05880864765334766,False,False,False,False,1152255.0,1101043.783036576,False,False,False,False,16630.129080635357,False,False,False,False
2025-10-21 18:00:00+00:00,75.81,75.855,75.48,75.58,13603.0,,,76.51599080058855,76.17687584091156,76.16449446550625,75.58406754095388,75.40740061433708,75.46680939391732,75.5009062560718,75.64099215836852,75.4771405374028,75.39999873132847,75.3973472707607,75.30002438382942,75.88987826862412,76.02913667147551,76.25193246695264,76.28935323263576,76.50780291930573,76.94195871436962,77.06134232169705,77.06538515307923,76.53035033148154,76.4826411625221,76.44552882829954,75.63833333333334,76.18992579904734,76.1195446600739,75.68140805780499,75.41347766441619,75.44489390200049,75.59890329167855,75.62560290008906,75.57111447552964,75.45165490753706,75.40449285879654,75.37381964051927,75.31205973420944,75.50196544884393,75.94391194943549,76.11542040431766,76.26758808639377,76.3728206526857,76.64446035080276,76.82360234747985,76.97156320676382,77.15710008030167,76.79471427476938,76.46995024157111,75.68140805780499,75.94391194943549,76.21252793151409,,75.88987826862412,75.6342911687605,#000000,0.9637684902010236,75.75576925013141,-0.182377045855429,38.11563541297678,-6.534927878960069,False,True,False,True,False,0.0,0.0,0.0,0.0,0.0,0,0.9823168235775689,0.9899304134261149,False,False,False,False,-0.006523160408109298,0.02614274362261918,False,False,False,False,1138652.0,1101626.8561677916,False,False,False,False,16583.196846827057,False,False,False,False
2025-10-21 19:00:00+00:00,75.575,75.85,75.515,75.645,21855.0,,,76.433758052058,76.14889834988833,76.15051514304845,75.58501323837687,75.40971831526271,75.4683765023003,75.50190781246293,75.64113692470323,75.47786613388985,75.40095004681447,75.39821214251276,75.30096680333955,75.88941960271103,76.02840765681623,76.25084015399057,76.28820036994583,76.50631217782505,76.93989982280576,77.0591466184948,77.06348966260374,76.52932958666699,76.48169124713296,76.4446334348197,75.65785149566624,76.15343922156683,76.10053908586956,75.6812719496976,75.415647810053,75.44635835198247,75.59928003880744,75.62582790020932,75.57152803920147,75.45246307125788,75.40544602751274,75.37482126926403,75.31306717003355,75.50234264443306,75.94334656885934,76.11454688191502,76.26647075568185,76.37153597494361,76.64276984745814,76.821680896179,76.96947041617021,77.1549992400479,76.79329225957241,76.46901894115324,75.6812719496976,75.94334656885934,76.21193155418936,,75.88941960271103,75.62859443583119,#000000,0.9590221277129601,75.74758774820043,-0.10697120038833942,36.117565799279625,-8.293288027450352,False,True,False,True,False,0.0,0.0,0.0,0.0,0.0,0,0.9802077369755461,0.9900220822769277,False,False,False,False,-0.004516002833442978,0.010813370394588101,False,False,False,False,1160507.0,1102539.7266148026,False,False,False,False,16664.930229046793,False,False,False,False
2025-10-22 14:00:00+00:00,76.365,77.23,76.245,77.22,14621.0,,,76.4621241891478,76.17558656904724,76.16439580096076,75.5946117981012,75.41845638607336,75.47571673025362,75.50741937068732,75.64532036903023,75.48143245099178,75.40447128596438,75.401388825162,75.30368425956837,75.89082561399351,76.02958742192553,76.25165221927242,76.28895920861059,76.50677827832439,76.93985485931385,77.05897701704505,77.06333970983039,76.52962224057097,76.48201681086647,76.44498360213798,76.02002096687234,76.18684237080203,76.12248291519616,75.69090931583209,75.42399207298658,75.45265032174636,75.60386902555793,75.6301276591304,75.57522998194186,75.45603446263158,75.40902291325717,75.37826034098202,75.31604649801159,75.50443591369242,75.94466347319928,76.11557385377063,76.26726013511679,76.37217938639132,76.64306610757242,76.82176621440618,76.96939397700865,77.15475689339561,76.79338103244245,76.46935305188076,75.69090931583209,75.94466347319928,76.21243596504307,,75.89082561399351,75.65200387519744,"rgba(0, 255, 255, 0.75)",0.954155340820385,75.77678497987907,1.512557712961132,45.92859245067828,-10.57150459853321,False,True,False,True,True,6.241593055179873,0.0,0.0,0.0,0.0,0,0.9874158384097468,0.9674575184353957,False,False,False,False,0.13750998188364796,0.07416167613911803,False,False,False,False,1175128.0,1103665.12620217,False,False,False,False,16633.24138828638,False,False,False,False
2025-10-22 15:00:00+00:00,77.205,77.495,77.09,77.3,14054.0,,77.295,76.50829614275082,76.21263602494419,76.1842141394286,75.60647402156027,75.42898499916632,75.4846492138549,75.5141755412702,75.65058013533549,75.48579859980397,75.4087350004879,75.40523543429576,75.30693521773681,75.89270405397666,76.03123483553917,76.25290849356813,76.29016048941533,76.50767807685675,76.94022374694947,77.05921604283412,77.06354171146799,76.53020527111089,76.48262698142123,76.44561373921191,76.29941777244164,76.23263438536448,76.15268454914121,75.70302657956354,75.43405894212768,75.46029250067915,75.6095919468353,75.6355175503077,75.57982992614674,75.46039033022748,75.41335640806437,75.38241026388003,75.31961503941632,75.50701300497445,75.94645097499927,76.11705742287926,76.26849280856509,76.37326150730782,76.64379174078924,76.82227198091915,76.96972993643385,77.15488406180862,76.7937881926001,76.46997022565941,75.70302657956354,75.94645097499927,76.21320011013401,77.295,75.89270405397666,75.75470421788377,"rgba(38, 166, 154, 1.0)",0.9508717100695859,75.890157541743,1.4826841973811897,52.78358977622014,-4.725011684179606,True,False,True,False,True,6.64303696052168,-1.0,77.495,77.09,0.0,0,1.0043210370488918,0.9592702248539647,False,False,False,True,0.21412593225783064,0.14414380419847433,False,False,False,False,1189182.0,1104990.9692067876,False,False,False,True,16593.253149708296,False,False,False,False
2025-10-22 16:00:00+00:00,77.3,77.335,76.68,76.9,10349.0,,77.15787847122621,76.52647004948274,76.23069492946371,76.19424895775228,75.61345128466992,75.43533241068818,75.49000618168385,75.51822066960331,75.65367454698837,75.48842810626844,75.41132632984005,75.40757506801387,75.30893412243873,75.89376588033912,76.0321355354427,76.25354521829114,76.29075919799664,76.50806778340244,76.94024777826111,77.05915080219481,77.06348275648405,76.53045276420902,76.48289711107698,76.44590075024684,76.39282428416709,76.25445826782288,76.16792942147046,75.71004441888233,75.44012694111534,75.4648949713565,75.61297772893866,75.63869529001003,75.58256591532057,75.46302172833104,75.41598861500933,75.38494001300215,75.32180583018078,75.50856365315826,75.94744935304647,76.11784828535225,76.26911330971372,76.37377777794444,76.6440602532399,76.82238946154773,76.96973140682243,77.15476180502145,76.79389444864654,76.47024622850276,75.71004441888233,75.94744935304647,76.21359414207392,77.15787847122621,75.89376588033912,75.75910321725152,"rgba(38, 166, 154, 1.0)",0.9425778195711979,75.89557313243648,1.065616914283494,54.39632221059101,-3.6186512579903223,True,False,True,False,True,4.281393847841432,0.0,0.0,0.0,0.0,0,0.9972858625369204,0.9656741438492855,False,False,False,False,0.17452820683187095,0.15933600551517263,False,False,False,False,1178833.0,1106135.8068935042,False,False,False,False,16496.443023356227,False,False,False,False
2025-10-22 17:00:00+00:00,76.885,77.055,76.66,76.825,11253.0,,77.0596603189739,76.53956697053847,76.2462284658883,76.20316566062637,75.6202667139777,75.44161851346833,75.49529972164693,75.52221764581743,75.65670529353557,75.49103669184473,75.41390933453471,75.40990847316539,75.31093920374579,75.89478447229587,76.03298291575793,76.25411599250624,76.29128972008026,76.50837673425991,76.94017007272308,77.0589787699577,77.06333158095994,76.5306454086981,76.48311546634625,76.44613836439419,76.45239258568068,76.27288240541581,76.18139479684544,75.71684031329183,75.44613677216033,75.46945523118278,75.6163032630684,75.64181108101016,75.5852621047851,75.4656363918432,75.41861151066912,75.38746563611748,75.32400142224888,75.51010229714707,75.9484005156015,76.11858091728689,76.26966694709681,76.37422098219187,76.64424051050736,76.82241020249269,76.96962989697234,77.15453842411087,76.79392870361256,76.4704712665491,75.71684031329183,75.9484005156015,76.21395155736468,77.0596603189739,75.89478447229587,75.76311109273347,"rgba(38, 166, 154, 0.5)",0.9323746685341507,75.90044225435787,0.9916161140410354,54.94570548618839,-3.127685456445647,True,False,True,False,True,3.8450341232099525,0.0,0.0,0.0,0.0,0,1.004327963452753,0.9648954075498914,False,False,False,False,0.15391042054917023,0.15662321303217142,False,False,False,False,1167580.0,1107088.4300424422,False,False,False,False,16415.149333071633,False,False,False,False
2025-10-22 18:00:00+00:00,76.825,76.995,76.67,76.835,13515.0,,76.99745273297945,76.55332243129347,76.26348742962585,76.21334246850884,75.62826530662026,75.4490236417323,75.50154079560026,75.52693838365896,75.66028441057479,75.4941257399174,75.41697054046773,75.41267502671393,75.31331958449753,75.8959878445169,76.03398166462694,76.25478465713698,76.29191028244117,76.50873244855124,76.94006363410271,77.05875957249464,77.06313913947325,76.53086671858016,76.48336776235467,76.4464138822877,76.50426577665827,76.29306916013051,76.19656686210865,75.7248005638338,75.45321905132474,75.47483989472641,75.62023062604713,75.6454908306119,75.5884510329867,75.46873341334296,75.42171966579257,75.3904598193236,75.32660699709714,75.51192717018625,75.94952330096552,76.11944279546458,76.27031513878188,76.37473718805762,76.64444234647512,76.82242139891652,76.96949500777758,77.15425896816666,76.79395939911423,76.47073161820133,75.7248005638338,75.94952330096552,76.21437125008813,76.99745273297945,75.8959878445169,75.7690353040671,"rgba(38, 166, 154, 1.0)",0.9179677318720949,75.90766251326444,1.010207063427327,55.37187601490488,-2.458583526289175,True,False,True,False,True,3.898277570275617,0.0,0.0,0.0,0.0,0,1.0060907196666131,0.9590479243468502,False,False,False,False,0.15048716880755247,0.15355519091986194,False,False,False,False,1181095.0,1108235.8187239547,False,False,False,False,16370.185777520133,False,False,False,False
2025-10-22 19:00:00+00:00,76.835,77.005,76.52,76.52,38713.0,,76.85834861863364,76.56850092970494,76.29596553771833,76.23404882204872,75.64779239238241,75.46752872912445,75.51710035538953,75.5387261972004,75.66910704106866,75.50190273911223,75.42473538411575,75.41970078051108,75.31942078937722,75.89886283766326,76.03628857711115,76.25619161688076,76.29318426454424,76.509273001243,76.93932832627569,77.05771318793768,77.06222704772419,76.53118188437195,76.48377611738748,76.44689241468646,76.5540452150214,76.32941257543473,76.22688364210286,75.74395117303852,75.47092532559809,75.48833526675047,75.62995223935053,75.65457667686472,75.59639404091283,75.47655012639079,75.42959919272121,75.39807390661485,75.33327469224851,75.51652989133049,75.9521745335693,76.12137807102842,76.27166567738074,76.37572252977678,76.64455581234473,76.8220093367834,76.9686813586528,77.15308413181005,76.7937093922532,76.4711642482053,75.74395117303852,75.9521745335693,76.21527648894931,76.85834861863364,75.89886283766326,75.77901726400239,"rgba(38, 166, 154, 0.5)",0.8964884849261814,75.91940001306929,0.6699472408506818,53.2838718405364,-2.458583526289175,True,False,True,False,True,2.0452107686174017,0.0,0.0,0.0,0.0,0,1.0007204034259185,0.9633394701032578,False,False,False,False,0.14092039660438432,0.14723779376212315,False,False,False,False,1142382.0,1108765.2168832733,False,False,False,False,16716.585998023696,False,False,False,False
2025-10-23 14:00:00+00:00,76.59,76.61,75.93,76.01,13381.0,,76.76915314603598,76.55337457382542,76.29302099553439,76.23328543889981,75.65120191989737,75.47122388115557,75.52012275692447,75.5409926705306,75.67063777981714,75.50344172590057,75.42634184171857,75.42115932621569,75.32075017829612,75.89922218281414,76.03646938368865,76.25610871010517,76.29306029494818,76.50892123262024,76.93858546882855,77.05687535292962,77.06150130171302,76.53093078466408,76.48356241857732,76.44670724023631,76.52126891937131,76.32483823018927,76.22596278246834,75.74696981498063,75.47445693614435,75.49101122828729,75.63169857563679,75.65617441361923,75.59786437078958,75.47812099157346,75.43122496618388,75.39967119245033,75.33471800328324,75.51743555056918,75.95246350215275,76.12145169632697,76.27156555000826,76.37550928468086,76.64407038598733,76.82136372297663,76.96791475061616,77.15225158317286,76.79324004375525,76.4709603425378,75.74696981498063,75.95246350215275,76.21525511471675,76.76915314603598,75.89922218281414,75.77471745925733,#000000,0.882977109883494,75.91359111089855,0.1091861703121329,48.82510542825014,-2.458583526289175,False,False,False,True,False,0.0,0.0,0.0,0.0,0.0,0,0.9907790143084261,0.9678060413354528,False,False,False,False,0.07423132368031031,0.11073455872121674,False,False,False,False,1129001.0,1109078.9499548504,False,False,False,False,16664.87148642643,False,False,False,False
2025-10-23 15:00:00+00:00,76.015,76.14,75.7,76.14,19754.0,,76.64251563804031,76.52268470100431,76.28188459968433,76.22806931265083,75.65438757100014,75.47517271359847,75.52327085389061,75.54332848944743,75.67204967323978,75.50506965004742,75.42810887621543,75.4227681458498,75.32227461457784,75.89939735816104,76.03639122380375,76.25566802001347,76.29256177700353,76.50810107432547,76.93721625533816,77.05537302207995,77.06020075716698,76.53035849339443,76.48304819724284,76.4462374804301,76.46031648528913,76.3101904963216,76.21892097761254,75.74944341518919,75.47822664388391,75.49385034632756,75.63337553149216,75.65767174354345,75.5993214975846,75.47980592520244,75.4330091831427,75.40144854319469,75.33636473229848,75.51838785810727,75.95253878720958,76.12122732596268,76.27110073427673,76.37488494901206,76.64306087594382,76.82012988723424,76.96651235537581,77.15078462182895,76.79233303592157,76.47046135091188,75.74944341518919,75.95253878720958,76.21503611158394,76.64251563804031,75.89939735816104,75.76605022983006,#000000,0.8738032330517652,75.90203279238851,0.27233500473600625,46.873880623629944,4.299500881593225,False,True,False,True,False,0.0,0.0,0.0,0.0,0.0,0,0.9903259059551186,0.972801522480374,False,False,False,False,0.027269801595254026,0.06900218015823538,False,False,False,False,1148755.0,1109694.0825136898,False,False,False,False,16712.76495175315,False,False,False,False
2025-10-23 16:00:00+00:00,76.155,76.36,75.92,75.95,21099.0,,76.55850905585498,76.49802254934335,76.27405041144073,76.22463376861378,75.65854585232866,75.47999275779829,75.52717531715139,75.54625395030345,75.67393174011583,75.50709123611331,75.43026057141964,75.42472606199101,75.32409648347071,75.89974908840402,76.03646901868086,76.2553479577125,76.29217892248238,76.50736929638812,76.93588691914238,77.05389862176595,77.05892338481378,76.52984322420045,76.48259341289732,76.44582893208242,76.41820018002362,76.29966624160558,76.2144657246792,75.7529153493273,75.48283466211116,75.49734758934936,75.63556028091311,75.65964982090291,75.60119269028554,75.48188352556897,75.43518398338594,75.40360082018547,75.33833646373085,75.51957853594158,75.95278252814109,76.12114413024977,76.27075441366192,76.37436550498771,76.6421239360687,76.81894851506914,76.96514680775269,77.1493343884295,76.79146734377868,76.47002241945302,75.7529153493273,75.95278252814109,76.21489041817797,76.55850905585498,75.89974908840402,75.76096122418174,#000000,0.867480965339787,75.89495267416328,0.06345652300873608,44.46514470100112,1.7567468321089947,False,True,False,True,False,0.0,0.0,0.0,0.0,0.0,0,1.0011946479770628,0.9660719974514176,False,False,False,False,0.056761328659830405,0.06288175440903289,False,False,False,False,1127656.0,1109972.561854563,False,False,False,False,16780.768595912014,False,False,False,False
2025-10-23 17:00:00+00:00,75.935,76.415,75.88,76.35,14381.0,,76.52694333510118,76.487743335379,76.27255289001592,76.22448703827462,75.66225578226309,75.48398551545813,75.53046721944338,75.5487448681287,75.6756417376447,75.50879363420682,75.43203110348153,75.42633560719891,75.32556055944575,75.90017485617712,76.03670375488954,76.25529884453681,76.29208574900926,76.50703168140129,76.9351286973528,77.05303811558936,77.05817698065556,76.52959969069036,76.48238945382232,76.44565513753828,76.40405432814724,76.29714300516632,76.21447689140868,75.75623312174245,75.48665724206478,75.50027081833329,75.63750023571619,75.6614311058753,75.60282832540891,75.48361876746695,75.43697576423205,75.40535985049488,75.33992505196144,75.52058799233272,75.953133011255,76.12126341520731,76.27068680761886,76.37417652721346,76.6416428922407,76.81829510734701,76.9643629962946,77.14847534327667,76.79099244957237,76.46982882067239,75.75623312174245,75.953133011255,76.21489049676553,76.52694333510118,75.90017485617712,75.76025826298456,"rgba(38, 166, 154, 0.5)",0.8411486676460348,75.89363383020005,0.5425511414968959,45.97408903178052,1.7567468321089947,False,True,False,True,False,1.0838499989685246,0.0,0.0,0.0,0.0,0,1.0005556437529766,0.9645181774884901,False,False,False,False,0.057768171105056144,0.06032496275704452,False,False,False,False,1142037.0,1110469.6849265853,False,False,False,False,16743.56288124671,False,False,False,False
2025-10-23 18:00:00+00:00,76.355,76.395,76.11,76.225,15732.0,,76.50103770517502,76.47840366520846,76.27176414924374,76.2247959028476,75.66646313841093,75.48847135500768,75.53418004166114,75.5515636052544,75.67759766103373,75.51072095027381,75.43402859643311,75.42815185321842,75.32720751892101,75.900681105955,76.03700053146613,76.25528293254119,76.29202144894732,76.50669898818597,76.93433363314455,77.05213054793455,77.05738935442106,76.52935766458769,76.48219029462396,76.44548863307516,76.39268073860825,76.29544409680481,76.21512192234006,75.76002924555999,75.49095437614878,75.50356720373867,75.6397110053854,75.66346575798966,75.6046900163917,75.48558081392605,75.43899750284537,75.40734245071855,75.34171235115339,75.5217338496338,75.9535567163265,76.12143289750824,76.27065057181414,76.37400701562748,76.6411527619114,76.81761542737677,76.96353977386515,77.14756587272569,76.7904993482948,76.46964088113818,75.76002924555999,75.9535567163265,76.21491279356434,76.50103770517502,75.900681105955,75.76025904421515,#000000,0.8318434429116627,75.89316521778359,0.39891494612844275,46.137026641458256,1.7567468321089947,False,True,False,True,False,0.3749295312448382,0.0,0.0,0.0,0.0,0,1.005401111993646,0.9636219221604447,False,False,False,False,0.07187719164643801,0.06610107720174127,False,False,False,False,1126305.0,1110715.1936874134,False,False,False,False,16727.879735801027,False,False,False,False
2025-10-23 19:00:00+00:00,76.24,76.465,75.95,75.955,33656.0,,76.43929500972216,76.45157010151635,76.26366049379712,76.22135905182985,75.6734321450785,75.49639466422619,75.54067222499073,75.55648482298125,75.68085907514781,75.51414051638376,75.43764028995798,75.43144241477272,75.330252214768,75.90138160445129,76.03726499094103,76.25490860977189,76.29154681956032,76.50566704049362,76.93234452842223,77.04990871385918,77.0554618284645,76.52862460764601,76.4815518443351,76.4449224419168,76.35726526830386,76.28455453684678,76.21093284841974,75.76598709908995,75.49854504999799,75.50939382478171,75.643457267435,75.66688016220816,75.60789510655326,75.48908507679577,75.44264858763049,75.41094822278532,75.34500657959019,75.52376742712347,75.95408536578965,76.12143852557725,76.27023425065552,76.37331417469551,76.63979317814578,76.81586403645748,76.96149253206727,77.14536894126985,76.789216714897,76.46902721967274,75.76598709908995,75.95408536578965,76.21475946660512,76.43929500972216,75.90138160445129,75.75758201763371,#000000,0.8258260292774998,75.88874159703967,0.08023288272748892,44.51939615386918,0.8055455232098154,False,True,False,True,False,0.0,0.0,0.0,0.0,0.0,0,0.9992067898786389,0.9678749900848732,False,False,False,False,0.06582729635852723,0.06596418678013424,False,False,False,False,1092649.0,1110435.097661252,False,False,False,False,16990.33121276535,False,False,False,False
2025-10-24 14:00:00+00:00,75.415,75.535,74.95,75.39,6495.0,,76.4041985981235,76.4348970768543,76.25352639137702,76.21532121904184,75.67231163748016,75.49590276465041,75.54014382160847,75.55604569099373,75.68031029705645,75.51390112237168,75.43749283758834,75.4313148520505,75.33022375816002,75.90101163995196,76.0368244886044,76.25438155892422,76.29100419556961,76.5050367301794,76.93156833296396,77.04909740616704,77.05475969577121,76.52819377763295,76.48114345128849,76.44453142745185,76.33089539652241,76.27257752449087,76.20290722041652,75.76449074017856,75.49806693778106,75.50899952097043,75.64293216508591,75.66634330916231,75.60751842754026,75.48887596018682,75.44249329626044,75.41083240937283,75.34496323116005,75.52361611864009,75.95368755343372,76.12096457459167,76.26970085974685,76.37273754683474,76.6391104387918,76.8151223956405,76.96070771794638,77.14460194218839,76.78866131533506,76.46862473945045,75.76449074017856,75.95368755343372,76.21446131155803,76.4041985981235,75.90101163995196,75.752690497933,"rgba(239, 83, 80, 0.5)",0.8204914864158457,75.88231761458897,-0.6000276940587911,40.580597060688014,-3.2260941519865796,False,True,False,True,False,0.0,0.0,0.0,0.0,0.0,0,0.9847298355520755,0.9777603758809708,False,False,False,False,-0.06347589583342918,0.0012441454733525328,False,False,False,False,1086154.0,1110058.646534721,False,False,False,False,16827.612899389143,False,False,False,False
2025-10-24 15:00:00+00:00,75.395,75.555,75.095,75.215,6439.0,,76.37136328323149,76.41878747609726,76.24365202297443,76.20939103847397,75.67119759372365,75.49540951291375,75.53961518535765,75.55560630962708,75.67976312293592,75.51366074830146,75.43734361558187,75.43118560567409,75.33019315297003,75.90064330424794,76.03638634655078,76.25385781416476,76.2904650387345,76.50441078528833,76.93079799184099,77.04829230817035,77.05406285348651,76.52776580779953,76.48073772222358,76.44414292590723,76.30593051320193,76.26094624232158,76.19505932732308,75.76300618070633,75.4975875045634,75.50860405018557,75.6424082099381,75.66580787767155,75.60714194935363,75.48866558669118,75.44233626336869,75.41071461085818,75.34491764254909,75.52346415644838,75.95329165901215,76.12049335770281,76.26917084113693,76.37216473646959,76.63843259557076,76.81438625417755,76.9599288459474,77.14384081569237,76.78810988580882,76.46822487166307,75.76300618070633,75.95329165901215,76.21416485024186,76.37136328323149,75.90064330424794,75.748004058945,"rgba(239, 83, 80, 0.5)",0.8174122649021166,75.87615599155853,-0.8088403122232358,37.21852034282941,-6.5591135220420895,False,True,False,True,False,0.0,0.0,0.0,0.0,0.0,0,0.9887570268582139,0.9770455965021859,False,False,False,False,-0.05239965996246922,-0.025577757244558342,False,False,False,False,1079715.0,1109588.2024023996,False,False,False,False,16666.54913350714,False,False,False,False
2025-10-24 16:00:00+00:00,75.245,75.39,75.055,75.25,5364.0,,76.34409414099962,76.40505344246854,76.23510029003133,76.20420814437158,75.67013783512586,75.49488844133649,75.53907756867665,75.55516401233321,75.67924264524646,75.51341063573815,75.43717234762374,75.43103547617694,75.33013322364151,75.90030843508102,76.03599412495183,76.25339636140995,76.28999096506779,76.50386555906476,76.9301346901188,77.04760060786417,77.0534641532895,76.52739322392281,76.48038388847685,76.44380362693931,76.28492027754281,76.25091224658554,76.18822155680434,75.76162972260643,75.49708207972164,75.50819120935728,75.64190324463743,75.66529620778984,75.60677337730719,75.48844119508439,75.44215764633834,75.41057129345917,75.34484174430528,75.52330724172849,75.95293414492338,76.12007451507455,76.26870426311103,76.37166309491344,76.63784475949176,76.81375080304242,76.95925858472886,77.14318788739942,76.78763348281484,76.46787598085297,75.76162972260643,75.95293414492338,76.2139029213943,76.34409414099962,75.90030843508102,75.74398107126673,"rgba(239, 83, 80, 0.5)",0.8068868826812285,75.8708714810759,-0.7694653295301845,35.32392645683845,-8.494545962245105,False,True,False,True,False,0.0,0.0,0.0,0.0,0.0,0,0.9863110691527027,0.9898513098890723,False,False,False,False,-0.06616328481938359,-0.045870521031970965,False,False,False,False,1085079.0,1109208.214768254,False,False,False,False,16491.315813607802,False,False,False,False
2025-10-24 17:00:00+00:00,75.245,75.46,75.085,75.4,9505.0,,76.30223723736573,76.38315561308957,76.22152580308692,76.1959332539647,75.66862696811332,75.49426086647468,75.53838651002056,75.55458435412713,75.67849448988497,75.5130992908165,75.43699234185671,75.43088096590327,75.33011693017939,75.89978972188878,76.03537195786329,76.25264629878895,76.28921801386896,76.50296377576768,76.92901819724062,77.04643239651985,77.05245270671698,76.52677595911315,76.47979919732563,76.44324415830891,76.2524322600425,76.2350194286633,76.17737552281115,75.75958886448316,75.49647089211463,75.50768222310002,75.6411926361178,75.66456615952032,75.60626674218777,75.48817326621568,75.44196689181689,75.41043592894275,75.3448063476775,75.52310893556422,75.9523745938987,76.11940282222353,76.26794487191509,76.37084016948067,76.63686597929524,76.81268528183864,76.95812938807914,77.14208238541083,76.78683518721797,76.46729987295025,75.75958886448316,75.9523745938987,76.2134784752378,76.30223723736573,75.89978972188878,75.7377661943359,"rgba(239, 83, 80, 0.5)",0.7915194818143597,75.86267067479695,-0.5845347909016503,35.59700279662739,-8.494545962245105,False,True,False,True,False,0.0,0.0,0.0,0.0,0.0,0,0.974745481808855,0.996922105595454,False,False,False,False,-0.05944651630785809,-0.05265851866991453,False,False,False,False,1094584.0,1108981.482756343,False,False,False,False,16383.000839753417,False,False,False,False
2025-10-24 18:00:00+00:00,75.4,75.555,75.125,75.415,10156.0,,76.26320202094765,76.3617604961108,76.20823330582805,76.18775240172556,75.66725301942053,75.49378081917109,75.53781703634691,75.5540966925245,75.6778079758974,75.51285139292715,75.43687918335061,75.43078736508696,75.33015701388506,75.89928379811697,76.03475442301632,76.25188885401072,76.28843579415071,76.50204223064037,76.92786384346685,77.04522190940395,77.0514043490118,76.52614429706733,76.47920189806584,76.44267344881348,76.22176878455389,76.21951499045439,76.16673536365707,75.75767167367772,75.49600104920289,75.50728169012014,75.64055262678752,75.66390055932796,75.60581994271837,75.48797029332681,75.4418437200101,75.41036727102954,75.34483190839619,75.52294827203747,75.95182461915762,76.11873089608532,76.267177308433,76.370003869186,76.63586125939442,76.81158640854392,76.95696122757059,77.14093492867201,76.78601211600005,76.46671162591784,75.75767167367772,75.95182461915762,76.21305061477392,76.26320202094765,75.89928379811697,75.73185926330399,"rgba(239, 83, 80, 0.5)",0.7534999596488136,75.85484258394999,-0.583732723960571,35.93902567570998,-8.494545962245105,False,True,False,True,False,0.0,0.0,0.0,0.0,0.0,0,0.9748025276461298,0.9946287519747232,False,False,False,False,-0.05038725754997077,-0.05152288810994265,False,False,False,False,1104740.0,1108915.723333764,False,False,False,False,16286.45819107507,False,False,False,False
2025-10-24 19:00:00+00:00,75.415,75.56,75.17,75.455,19314.0,,76.19948240614075,76.32461113432281,76.18492026526789,76.17318227667901,75.66493011655682,75.49308805941735,75.53693052623326,75.55332221741108,75.67663508996465,75.51247743405851,75.43675437248352,75.43069093177127,75.33029840356082,75.89837817822418,76.03363563369551,76.25050056187541,76.28700007743315,76.50033994056332,76.92571531512172,77.04296570488421,77.04944964515471,76.52497592511514,76.47809829541136,76.44161994399677,76.17079105730768,76.19248781419188,76.14798005135535,75.75435128253623,75.49531924938914,75.50668545907864,75.63947527215538,75.66276912144541,75.60508008262472,75.48767985331365,75.44170158909351,75.41032323671571,75.34495238178715,75.52270149406345,75.95083487507591,76.11750709767728,76.26576962216805,76.36846464106078,76.63399992471602,76.80954448439896,76.9547861934322,77.13879364904392,76.78448247060264,76.46562508287246,75.75435128253623,75.95083487507591,76.21226686982088,76.19948240614075,75.89837817822418,75.72186485125205,"rgba(239, 83, 80, 0.5)",0.7295276331772055,75.84153600310448,-0.5298442245718062,36.63284776842953,-8.494545962245105,False,True,False,True,False,0.0,0.0,0.0,0.0,0.0,0,0.9761641673243885,0.9916337805840566,False,False,False,False,-0.04703415139388066,-0.04927851975191165,False,False,False,False,1124054.0,1109150.4252975814,False,False,False,False,16333.39682377158,False,False,False,False
2025-10-27 14:00:00+00:00,75.12,75.31,74.93,75.05,10313.0,,76.15789388105345,76.29992215682489,76.16851326492672,76.16272020910117,75.66235292462093,75.4916090987888,75.53547609758121,75.55213830262831,75.6753535841562,75.51177409875524,75.43621403219306,75.43021101739956,75.33002670085563,75.89761013512162,76.03276152052575,76.24950323641811,76.28597957432326,76.49918836680597,76.92434742681199,77.04154585792233,77.04821992071224,76.52418859168776,76.47734786785118,76.4408981762853,76.13655407270959,76.17363748902599,76.1345121052407,75.75115173810413,75.493887471108,75.50552616791158,75.63820657677601,75.66150009056938,75.6041291393003,75.48702868599878,75.44114349171748,75.4098440578281,75.34463442246967,75.52226318260514,75.95002494284795,76.11658619980221,76.26476293966871,76.36739346309642,76.63276955866185,76.8082271331995,76.95340562013817,77.13745718724117,76.78349199734048,76.46488439199209,75.75115173810413,75.95002494284795,76.21169645100757,76.15789388105345,75.89761013512162,75.71463736707156,"rgba(239, 83, 80, 1.0)",0.7105396566027568,75.83202674195445,-1.1006095644168432,34.551329022267836,-10.503924396026989,False,True,False,True,False,0.0,0.0,0.0,0.0,0.0,0,0.9734101309768033,0.9925832412813632,False,False,False,False,-0.07995198795376639,-0.06461525385283902,False,False,False,False,1113741.0,1109221.596998394,False,False,False,False,16240.05733813171,False,False,False,False
2025-10-27 15:00:00+00:00,75.04,75.06,74.695,74.76,16272.0,,76.08378772138718,76.25498121080992,76.13760636700322,76.14271886960157,75.65649836983503,75.48778610999027,75.53186117332194,75.54923030342337,75.67244556917173,75.50998157678676,75.43471896912982,75.42887229597689,75.32912613344745,75.8960113986248,76.03100594458476,76.24758130914533,76.28402398795963,76.49704127028107,76.92188883532967,77.03901280258158,77.04602636621118,76.52272360027118,76.47594425923546,76.43954238073103,76.07439057669067,76.13835290694684,76.10883185459633,75.74419845489682,75.4901935164501,75.50256295456246,75.63526764787997,75.65859882482877,75.60187579919761,75.48532864950697,75.43960895797467,75.40846976905009,75.34361346427056,75.5211547717079,75.94836422344615,76.11476939365225,76.26282760362571,76.36536415857542,76.63050646672069,76.80583961203119,76.9509290072722,77.13508557396045,76.78169260146417,76.46349699814827,75.74419845489682,75.94836422344615,76.21058937783593,76.08378772138718,75.8960113986248,75.70087127653159,"rgba(255, 0, 0, 1.0)",0.6983527787623924,75.81402215950229,-1.5092975807588243,31.753659528022762,-13.376746355687246,False,True,False,True,False,0.0,0.0,0.0,0.0,0.0,0,0.9735324326459667,0.991783202970688,False,False,False,False,-0.11270490602648156,-0.0886600799396603,False,False,False,False,1097469.0,1109039.3861922172,False,False,False,False,16240.552573199435,False,False,False,False
2025-10-27 16:00:00+00:00,74.76,74.785,74.51,74.515,12850.0,,76.02091874177255,76.21582711163997,76.10996157526009,76.12457604443063,75.65062232544501,75.4837175481894,75.52807448244319,75.54619693070106,75.6695203644736,75.50807982346292,75.43308044470442,75.4274003801092,75.32807787343344,75.89447252596271,76.02935075935757,76.24581478202477,76.28223296365714,76.49510996072398,76.91973285500546,77.03680339171605,77.04411312716857,76.5214073382611,76.47467870908162,76.43831643045786,76.02079125953902,76.1069758952456,76.08564004584257,75.73737668010847,75.48626460637252,75.49942010346436,75.63228210128813,75.65566984408342,75.5995608871039,75.48350707032203,75.43793117674835,75.40694374505394,75.34243649167804,75.5199816200691,75.94677935089437,76.11307483501376,76.26105145657867,76.36351938348602,76.62848951786988,76.80373356390399,76.94876021977308,77.13302489057425,76.78010242162678,76.46224485790326,75.73737668010847,75.94677935089437,76.20956688133417,76.02091874177255,75.89447252596271,75.68851102717929,"rgba(255, 0, 0, 1.0)",0.6918405599283,75.79791576568212,-1.8543517682962627,28.86976806066278,-16.215130018828553,False,True,False,True,False,0.0,0.0,0.0,0.0,0.0,0,0.9835568326947639,0.9903416347381864,False,False,False,False,-0.14399256812810313,-0.11632632403388171,False,False,False,False,1084619.0,1108660.7755535783,False,False,False,False,16187.985866638202,False,False,False,False
2025-10-27 17:00:00+00:00,74.52,74.615,74.285,74.43,12344.0,,75.95908545252678,76.17636155849247,76.08160528251503,76.10575466704394,75.64418610094872,75.47914036905406,75.52384150683736,75.5428098877741,75.66630594552889,75.50593870767915,75.43121016746069,75.42571778478644,75.32685205849971,75.89281493337108,76.02758636643854,76.24395642739165,76.28035243415536,76.49310180917179,76.91752274939691,77.0345454532523,77.04215775213751,76.52003927289299,76.47336079679538,76.43703774334935,75.96744555976235,76.07493789805025,76.06169136041652,75.72998612217667,75.48184502527181,75.49588623873923,75.62898689661253,75.65244599772751,75.59699168679794,75.48144748554489,75.436018022436,75.40519246283213,75.34106538964322,75.51866126825223,75.94507949775267,76.11127844198225,76.2591844915043,76.3615901292847,76.62640298888803,76.8015674024127,76.94653873687717,77.13092350427588,76.77846492324605,76.46094021650943,75.72998612217667,75.94507949775267,76.20848815234172,75.95908545252678,75.89281493337108,75.67583590306636,"rgba(255, 0, 0, 1.0)",0.7144948760694273,75.78143080047776,-1.8914492542091224,26.611314270650617,-18.415217511959888,False,True,False,True,False,0.0,0.0,0.0,0.0,0.0,0,0.9770803386040571,0.9869829100782621,False,False,False,False,-0.17108216771141393,-0.14370424587264782,False,False,False,False,1072275.0,1108096.65500236,False,False,False,False,16128.389186535283,False,False,False,False
2025-10-27 18:00:00+00:00,74.455,74.465,74.17,74.27,11613.0,,75.90014352486995,76.13789800687383,76.05356336411052,76.0869520992782,75.63748638629072,75.47428692462968,75.51937106921213,75.53923422684781,75.66294870553683,75.50366472989887,75.42920568694076,75.42391255901096,75.32551751656545,75.89110688000775,76.02578192762402,76.2420743421553,76.27845061225665,76.49108584023018,76.9153282766733,77.03230887460043,77.04022072228622,76.5186661799025,76.47203607430642,76.43575090161633,75.91608311140966,76.04338267938704,76.03787270796333,75.72235277442216,75.47715868719456,75.49213859765136,75.62553504137155,75.64907515149363,75.59428950236762,75.47925389589085,75.43396896849644,75.4033088842702,75.33957634291762,75.51725880268128,75.94333328544994,76.10944871327492,76.25729482810276,76.3596448792576,76.62431650905127,76.79941094111777,76.94433432722873,77.12884550586543,76.7768331567571,76.45962830029798,75.72235277442216,75.94333328544994,76.2073931543947,75.90014352486995,75.89110688000775,75.66330654513345,"rgba(255, 26, 202, 1.0)",0.7405857311795568,75.76515998882024,-2.018888463377298,24.482978921063154,-20.492303625280453,False,True,False,True,False,0.0,0.0,0.0,0.0,0.0,0,0.9874122488501575,0.9862018881626722,False,False,False,False,-0.2106593013213022,-0.177181773596975,False,False,False,False,1060662.0,1107361.2339945715,False,False,False,False,16058.383152635512,False,False,False,False
2025-10-27 19:00:00+00:00,74.27,74.45,74.105,74.415,24829.0,,75.78872423855206,76.0616442833182,75.99718223735873,76.04850993706937,75.62361284765406,75.46423241538571,75.51009010238008,75.53179066923786,75.65593930178338,75.4989186987249,75.42502570866024,75.42014644986847,75.32273597782917,75.88751688947559,76.02198492683034,76.23810738415006,76.27444112276959,76.48683057765345,76.91068753888959,77.02757709568439,77.03612114999878,76.51576478874398,76.46923740646065,76.43303266568594,75.81757669921453,75.98033994114039,75.98965872166443,75.70654779194747,75.467445331073,75.48434879218863,75.61833455485453,75.64203928960916,75.58864599767779,75.47467697057616,75.42969611348927,75.3993820012347,75.33647313890404,75.51432435179166,75.93966135307465,76.10559581311561,76.25331150142205,76.35554182358584,76.61990957895333,76.7948526955027,76.93967206811979,77.12444686655589,76.77338206186342,76.45685682720958,75.70654779194747,75.93966135307465,76.20508279325763,75.78872423855206,75.88751688947559,75.63843928934268,"rgba(255, 0, 0, 1.0)",0.7597565280953579,75.7328423420295,-1.7345587609930868,25.174396232010743,-20.492303625280453,False,True,False,True,False,0.0,0.0,0.0,0.0,0.0,0,0.9787680632921614,0.9849035278921447,False,False,False,False,-0.22316322338341685,-0.20017249849019592,False,False,False,False,1085491.0,1107022.1605993067,False,False,False,False,16194.361708408604,False,False,False,False
2025-10-28 14:00:00+00:00,74.575,75.35,74.45,75.34,13048.0,,75.76215564165675,76.03971404789071,75.98117929651025,76.03716398048952,75.62042968688885,75.46232421728617,75.50820799821132,75.5302349725595,75.65426857742364,75.49796507916044,75.42427564856676,75.41947603578564,75.32233390248798,75.88650626214967,76.0208431294754,76.2368142999591,76.27311936525604,76.48534646956118,76.90893535395996,77.0257604490657,77.03454484085152,76.51474516508186,76.46826435356803,76.43209580198125,75.79330977528379,75.96269629247716,75.97592629257892,75.7026533074127,75.465592010324,75.48282119251834,75.61667820548158,75.64038343430357,75.58738424705892,75.47378821561365,75.42892327938506,75.39870931268077,75.33600882766383,75.51372109552375,75.93859893300208,76.10439676164545,76.25200685610668,76.35415734415928,76.61832772519439,76.79316308776494,76.93790415870413,77.12273632812796,76.77210663534191,76.45589606510974,75.7026533074127,75.93859893300208,76.20433676596072,75.76215564165675,75.88650626214967,75.63209078300846,"rgba(239, 83, 80, 0.5)",0.760728479696501,75.72441638819029,-0.5053266683845657,34.5188712536651,-21.08082907466538,False,True,False,True,True,0.0,0.0,0.0,0.0,0.0,0,0.9816117684681808,0.9716981132075471,False,False,False,False,-0.13270316681657712,-0.16643783265338652,False,False,False,False,1098539.0,1106890.63872955,False,False,False,False,16145.58090672785,False,False,False,False
2025-10-28 15:00:00+00:00,75.395,75.565,75.09,75.22,11896.0,75.29166666666666,75.7472830266392,76.0252629462123,75.97075554168958,76.0295452389932,75.61878423892685,75.46161614851059,75.50740916085314,75.52953950955556,75.65336431221583,75.49756924486634,75.42403640643417,75.41926720930982,75.32229323525199,75.88585515324779,76.02006568561715,76.23588001037918,76.27215701420647,76.48422602435865,76.90755052441784,77.02431176981648,77.03328673316496,76.51397172670201,76.46753106177555,76.43139360923652,75.77931472265739,75.95133118348461,75.966960491132,75.70045373414649,75.46489638356435,75.48221485759596,75.61582192070563,75.63950144456348,75.58675791572354,75.47344408385791,75.42867125287344,75.3985235112518,75.33594415197364,75.51346025218129,75.93789797436021,76.10355860313456,76.25106112600047,76.35313369343709,76.61711268792268,76.7918411925252,76.9365036428691,77.12136301598261,76.77111033535753,76.45517335509275,75.70045373414649,75.93789797436021,76.2038012085495,75.7472830266392,75.88585515324779,75.62655964609718,"rgba(239, 83, 80, 0.5)",0.7647900966235248,75.70123333123813,-0.6292358300175813,39.85646534245349,-16.484385793152057,False,True,False,True,True,0.0,0.0,0.0,0.0,0.0,0,0.9929015791992347,0.9672196522571382,False,False,False,False,-0.07957547567132316,-0.12300665416235484,False,False,False,False,1086643.0,1106576.721850022,False,False,False,False,16079.695931429744,False,False,False,False
2025-10-28 16:00:00+00:00,75.22,75.26,74.8,74.88,13694.0,75.12488419955712,75.72034286791155,76.00252377495252,75.9538088454433,76.01734162871915,75.61512500838376,75.45932680470013,75.50517890746833,75.52770155559705,75.65143678627057,75.49642858234942,75.42311614406118,75.41844256826094,75.32177151792743,75.88471517908503,76.0187907336294,76.23445254541028,76.27070015064987,76.48260243486605,76.90565241428297,77.02234769193335,77.03158195049461,76.51285588630154,76.4664646307246,76.43036560502482,75.75444340805912,75.93275558640299,75.95229503293066,75.69604231036023,75.46267411375611,75.48038775037062,75.61389940827235,75.63758686595973,75.58528216080855,75.47237308972475,75.42772489899471,75.39768891864098,75.33534751951875,75.51273986681369,75.93670469849528,76.10222634112479,76.24962184409885,76.35161248940449,76.61538851853021,76.79000684202762,76.93458947307472,77.11951583577186,76.7697238518244,76.45411996868579,75.69604231036023,75.93670469849528,76.2029750960515,75.72034286791155,75.88471517908503,75.61315244871822,"rgba(239, 83, 80, 1.0)",0.7740463356487491,75.68403908372447,-1.0387480008552574,41.08756079422194,-15.59710235779228,False,True,False,True,True,0.0,0.0,0.0,0.0,0.0,0,0.9850068887268015,0.9844395818137611,False,False,False,False,-0.12268132933009959,-0.12284399174622722,False,False,False,False,1072949.0,1106055.3618213395,False,False,False,False,16042.708397609127,False,False,False,False
2025-10-28 17:00:00+00:00,74.845,75.005,74.31,74.385,16618.0,74.90510456153652,75.67319567984877,75.96559267416502,75.92560128493946,75.99715701099323,75.60788687470513,75.45420708071585,75.50038740217008,75.52381679554271,75.64768161053614,75.49394859801589,75.42096755986225,75.4165064954931,75.32037743024264,75.88270537676176,76.01663378576849,76.23215529987924,76.26837186454294,76.48009618691448,76.90286068709095,77.0194879561194,77.02910091775443,76.51113942103417,76.46481325871447,76.42876508633427,75.71122514137159,75.90177146130158,75.92775192096363,75.68771232161298,75.45771847968466,75.47637147575887,75.61007085523849,75.63382731752422,75.58228453408869,75.46999382566563,75.42552655286966,75.3956827563372,75.3337871157061,75.5111920310643,75.93463671712395,76.10001993949305,76.24731241815182,76.34921605995474,76.61277348001633,76.78727859750093,76.93178145142436,77.11684628508526,76.76765628858521,76.45248581415458,75.68771232161298,75.93463671712395,76.20163577006332,75.67319567984877,75.88270537676176,75.59247961083766,"rgba(255, 0, 0, 1.0)",0.7940332100990869,75.65763541784557,-1.6027483506473896,39.22939477295359,-15.59710235779228,False,True,False,True,True,0.0,0.0,0.0,0.0,0.0,0,0.9720679385011675,0.9876841342670855,False,False,False,False,-0.17732157514508573,-0.15008278344565648,False,False,False,False,1056331.0,1105284.4414830243,False,False,False,False,16051.627647258598,False,False,False,False
2025-10-28 18:00:00+00:00,74.385,74.585,74.28,74.42,8873.0,74.8222872496623,75.64661229172181,75.94476713691722,75.90951907231387,75.98558785331066,75.6035548901832,75.45107510686127,75.49747294164557,75.52145747874812,75.64543198589433,75.49243311433163,75.41963970608344,75.41530866778841,75.31949894801828,75.88152223782052,76.01537510380723,76.23082963658145,76.26703045884625,76.4786641350314,76.90128469982649,77.01787779602527,77.02770393698508,76.51015905996823,76.46386852841546,76.42784822984494,75.68677632704667,75.88414130796339,75.91370408401738,75.68277209139262,75.45468754479838,75.47391755518589,75.60776857977761,75.63157192542926,75.58047417564293,75.46853479512328,75.42416904307592,75.39443747040626,75.33280677173168,75.51024691654932,75.93342369617595,76.09873840176128,76.24598063708979,76.34784005191108,76.61128572617208,76.78573404557181,76.93019733048028,77.11534599770759,76.76648464000586,76.45155051371565,75.68277209139262,75.93342369617595,76.20086111938222,75.64661229172181,75.88152223782052,75.58232409581285,"rgba(255, 0, 0, 1.0)",0.8085657806407226,75.64464229881641,-1.5145858607149765,38.301594604408976,-15.59710235779228,False,True,False,True,False,0.0,0.0,0.0,0.0,0.0,0,0.9747885622231175,0.9923479661699558,False,False,False,False,-0.21081998249780803,-0.18045138297173224,False,False,False,False,1065204.0,1104663.0392894892,False,False,False,False,15940.331094587922,False,False,False,False
2025-10-28 19:00:00+00:00,74.425,74.505,74.26,74.41,18166.0,74.70931985019809,75.59404460933969,75.90285343278822,75.8768589517323,75.96188092158052,75.59451074758613,75.44449443296105,75.49135227316702,75.51649776539858,75.64071407166456,75.4892373689777,75.41683205090008,75.41277457934135,75.31763200864633,75.87904498400799,76.01274498011888,76.22806654267971,76.26423560004851,76.47568615217344,76.89801663257354,77.01454090498932,77.0248082479354,76.50811950863064,76.46190228936882,76.4259393630556,75.63814228276709,75.84845437039142,75.88505905094416,75.67248559894402,75.44831784187156,75.46875430365739,75.60293725470736,75.62684069624024,75.57666803520019,75.46545553826358,75.42129935426375,75.39180154506155,75.33072518896688,75.50825168515948,75.93088596755337,76.09606332630139,76.2432052298322,76.3449753474135,76.60819505317752,76.78252904540119,76.92691291026327,77.1122377814088,76.7640519809639,76.4496036801753,75.67248559894402,75.93088596755337,76.19924449572304,75.59404460933969,75.87904498400799,75.5639034771179,"rgba(239, 83, 80, 1.0)",0.8225550338945725,75.62102495335182,-1.4722722534660728,37.62683010572056,-15.59710235779228,False,True,False,True,False,0.0,0.0,0.0,0.0,0.0,0,0.9871534271078953,0.9884543458817792,False,False,False,False,-0.21832524433835468,-0.19938831365504345,False,False,False,False,1047038.0,1103769.6278276364,False,False,False,False,15974.837589245473,False,False,False,False
2025-10-29 14:00:00+00:00,74.055,74.19,73.62,73.89,27745.0,74.47781024895524,75.49218260547309,75.8235686918797,75.81395956398832,75.91608335434805,75.57541430487267,75.42997940271547,75.47801228007418,75.5057317018429,75.63076694153588,75.48222168955888,75.41053094048536,75.40707642292256,75.31328873639627,75.87403188918255,76.00753102221175,76.22273686601504,76.2588664798974,76.47008505397733,76.89206577009733,77.00850850865201,77.01957439947013,76.50429018100117,76.45819494172916,76.42232787585327,75.54386123167154,75.77980439279669,75.82959450377734,75.6511767007071,75.4342765697582,75.45740621671415,75.59266671746006,75.61683517984919,75.56850921619551,75.45864851861134,75.4148688622553,75.38583630658225,75.3259084129314,75.50388226281147,75.92579324778536,76.09081988561856,76.23786097019297,76.3395189988262,76.60244783940188,76.77664733375131,76.92094332307447,77.1066488075772,76.75957816301873,76.44592867682017,75.6511767007071,75.92579324778536,76.19611090722941,75.49218260547309,75.87403188918255,75.52707290260123,"rgba(255, 0, 0, 1.0)",0.8499032430365453,75.57406279123975,-1.9814758974479405,34.600371345755065,-15.59710235779228,False,True,False,True,False,0.0,0.0,0.0,0.0,0.0,0,0.9703249737924368,0.9866139827433271,False,False,False,False,-0.2913695895144755,-0.24537895158475947,False,False,False,False,1019293.0,1102459.912667518,False,False,False,False,16157.320727396707,False,False,False,False
2025-10-29 15:00:00+00:00,73.895,74.155,73.72,73.74,33670.0,74.32161445816944,75.38197504431845,75.7340983335398,75.74175074300837,75.86242278514234,75.55242782144344,75.41240746849662,75.46183554354394,75.49263042802035,75.6186520918974,75.47363957078588,75.40281205830716,75.4000898827303,75.3079486088491,75.8678954145032,76.0011534735175,76.21622321371797,76.25230556683131,76.46324588837055,76.8848076572402,77.00115275390193,77.0131888791069,76.49960777515395,76.45366059888057,76.41790991932864,75.44058557269597,75.7015632658297,75.76538264071183,75.62558808460396,75.41726666688223,75.44360675640965,75.58016220534276,75.60464977536992,75.55854775447294,75.45031821301713,75.40699317147129,75.3785241191409,75.31999110084637,75.49851841587434,75.91956120801541,76.08440837141792,76.23132988076189,76.33285353156745,76.59543319472448,76.76947174411987,76.91366281946242,77.09983266546665,76.75411408122797,76.44143359929585,75.62558808460396,75.91956120801541,76.19227280416966,75.38197504431845,75.8678954145032,75.48918177821407,"rgba(255, 26, 202, 1.0)",0.8767398506782256,75.52569563609885,-2.036745147055284,31.967293350592755,-11.753542659423452,False,True,False,True,False,0.0,0.0,0.0,0.0,0.0,0,0.9793972691282221,0.9840833804637634,False,False,False,False,-0.28630931884064237,-0.2658441352127009,False,False,False,False,985623.0,1100648.487664921,False,False,False,False,16428.83513472389,False,False,False,False
2025-10-29 16:00:00+00:00,73.73,73.865,73.575,73.64,33872.0,74.19227256980321,75.27384333749872,75.64414164030315,75.66790160827443,75.80662173756413,75.52753285362944,75.39312518709902,75.44409864919471,75.47823396013678,75.60540473423492,75.46414687609543,75.39422924715664,75.39231267519138,75.30195412753793,75.86121184731671,75.9942418957381,76.20921114369614,76.24524987339998,76.45593097142024,76.87711104076743,76.99336789346852,77.00642795806645,76.49459553601933,76.44880111455109,76.41317067262794,75.33837722191711,75.6220056868531,75.69920379364852,75.59803494884622,75.39859257898337,75.42841708391008,75.5664706367731,75.5913178470573,75.54759683215576,75.44108894194042,75.39824002564595,75.37037679820011,75.31335966358985,75.49257022461424,75.91278718205587,76.07747884106166,76.22430207528684,76.32570106703167,76.58795308407164,76.76184673975649,76.90594631295852,77.09262734663696,76.74829924610478,76.43661464831831,75.59803494884622,75.91278718205587,76.188128704869,75.27384333749872,75.86121184731671,75.45134349888451,"rgba(255, 26, 202, 1.0)",0.9065324837785198,75.47749074234238,-2.0269441804043615,29.80015442325276,-13.999450397106202,False,True,False,True,False,0.0,0.0,0.0,0.0,0.0,0,0.9792729333657199,0.9842927698162095,False,False,False,False,-0.34282825441539394,-0.3043361948140474,False,False,False,False,951751.0,1098339.9994840694,False,False,False,False,16699.271799301812,False,False,False,False
2025-10-29 17:00:00+00:00,73.62,73.77,73.365,73.38,31589.0,74.08157543990251,75.17416303631659,75.55967622568994,75.5975462693135,75.75269582952595,75.5025862921924,75.37357863210137,75.42612965840524,75.46361898532878,75.59201269393836,75.45445288580343,75.38542450190332,75.38432630677438,75.29575381650265,75.85447738675532,75.9873088177131,76.20221982130501,76.23822167484678,76.4486811194275,76.8695439362544,76.98572823065048,76.99979048367456,76.48962404895954,76.443975855144,76.40846066857617,75.24353344054482,75.54657827676154,75.63573736367444,75.5705660798305,75.37965453091394,75.41297484759312,75.55261381025485,75.57783381131084,75.53647367254558,75.43165056388547,75.38926415945105,75.36200394240392,75.30651040936016,75.48648119367918,75.90597384761888,76.07054481868013,76.21729783366521,76.31859078718803,76.58056018228359,76.75433528962465,76.89836323004205,77.08556431079158,76.74256312296654,76.43182821289405,75.5705660798305,75.90597384761888,76.18398546753386,75.17416303631659,75.85447738675532,75.41546685025463,"rgba(255, 26, 202, 1.0)",0.9436814672935017,75.43189463739984,-2.1743508890608156,27.34364164262233,-16.508739745478593,False,True,False,True,False,0.0,0.0,0.0,0.0,0.0,0,0.969929674238138,0.9899765580793793,False,False,False,False,-0.34282825441539394,-0.32358222461472064,False,False,False,False,920162.0,1095577.5498796653,False,False,False,False,16930.120298537444,False,False,False,False
2025-10-29 18:00:00+00:00,73.415,73.57,72.705,72.98,29287.0,73.95209269775077,75.07043080117343,75.47228212221005,75.52399170475927,75.69597977219827,75.47525262387019,75.35182179157252,75.40618746115912,75.44739672631302,75.57728008653824,75.4436326952731,75.37552743191246,75.37534075822373,75.28870414656843,75.84715797798953,75.97983363855536,76.19476588914247,76.23074142873301,76.44103685290742,76.86168655517581,76.97782407112383,76.99292228907495,76.48438306304386,76.43887904324593,76.40347780133473,75.14474426931784,75.46786541636959,75.56912130756443,75.5406863814319,75.358573267483,75.39577465420618,75.5373309474371,75.56298549565969,75.52415895013029,75.421092092838,75.3791800580954,75.35256754369686,75.29873678650445,75.47967957753846,75.89859239562098,76.06310243477348,76.20983558278552,76.31105133287241,76.57280594041235,76.74650594842889,76.89049646171885,77.07827557218734,76.73657555102324,76.42676972342338,75.5406863814319,75.89859239562098,76.17955514299362,75.07043080117343,75.84715797798953,75.37685188228738,"rgba(255, 26, 202, 1.0)",0.9932890808821457,75.3829969980874,-2.419232270179883,24.427336101834964,-19.41309648001804,False,True,False,True,False,0.0,0.0,0.0,0.0,0.0,0,0.9580766461316909,0.9935994879590369,False,False,False,False,-0.34282825441539394,-0.3332052395150573,False,False,False,False,890875.0,1092403.8669357945,False,False,False,False,17121.699828792676,False,False,False,False
2025-10-29 19:00:00+00:00,72.965,73.155,72.6,73.14,28331.0,73.84188061842588,74.9739379917067,75.38945641671428,75.45351858998286,75.64094540359473,75.44809472047793,75.33007168866895,75.38623613791931,75.43112667777427,75.56251391252657,75.43273155915078,75.36553677518015,75.36626316406098,75.28155821856338,75.83980820254165,75.97234077809843,76.18731217666323,76.223264302526,76.43341187334197,76.85387611715021,76.96997358272624,76.98609786937175,76.47915005804764,76.43378741806127,76.39849799345878,75.05233210724346,75.3927677906985,75.50495223822786,75.51107834031826,75.33748842098852,75.37852446872515,75.52201135553688,75.54810174470599,75.5117830623374,75.41044825855424,75.36900289019137,75.3430341483486,75.29086367527692,75.47280866620794,75.89118557849004,76.05564953550318,76.20237475889256,76.3035213146813,76.5650805258884,76.73871672546596,76.88267831214333,77.07103886181746,76.73061232133031,76.42171569003334,75.51107834031826,75.89118557849004,76.1751157487884,74.9739379917067,75.83980820254165,75.34015353928238,"rgba(255, 26, 202, 1.0)",1.0342748907089667,75.33661065529594,-2.1238170577555318,24.422103168388023,-19.656541580847502,False,True,False,True,False,0.0,0.0,0.0,0.0,0.0,0,0.9567984724321748,0.9997613175272496,False,False,False,False,-0.34282825441539394,-0.33801674696522566,False,False,False,False,919206.0,1089718.6286887277,False,False,False,False,17295.487428346278,False,False,False,False
2025-10-30 14:00:00+00:00,72.165,73.61,72.01,73.365,27122.0,73.76010019119641,74.89076207102109,75.3160545516333,75.39036669268008,75.59086617710959,75.42294819234668,75.30987737399165,75.36767228413983,75.41593656923965,75.54869489846715,75.422510860639,75.35616830429412,75.35774455092337,75.2748463539067,75.8328801663286,75.96527368897902,76.18027484026733,76.21620387603018,76.42620642571187,76.84648571592857,76.96254291235174,76.97963488678725,76.47419756917448,76.42896907275704,76.39378572574127,74.97208866681719,75.32581685269795,75.44710750224894,75.48369114846602,75.31789934652697,75.36244069384423,75.50768557454445,75.53417568571055,75.50018517879799,75.40046866236901,75.3594606754817,75.3340928783132,75.28347272868695,75.46634431782147,75.88420213559938,76.04861713057898,76.19533028276611,76.29640881042121,76.55777709235497,76.73134894656982,76.87528000668429,77.06418523185869,76.72496654757585,76.41693301093177,75.48369114846602,75.88420213559938,76.17091688519143,74.89076207102109,75.8328801663286,75.30779262334,"rgba(255, 0, 0, 1.0)",1.070572706041215,75.29576197886433,-1.8034851514232504,26.97764593572314,-19.656541580847502,False,True,False,True,True,0.0,0.0,0.0,0.0,0.0,0,0.9477083495447829,0.9933079137810288,False,False,False,False,-0.34282825441539394,-0.34042250069030977,False,False,False,False,946328.0,1087495.518166422,False,False,False,False,17447.83646046494,False,False,False,False
2025-10-30 15:00:00+00:00,73.36,73.45,72.545,72.88,35531.0,73.67006189013277,74.78991188605555,75.22502582176715,75.31119057501533,75.52717206425214,75.39028902620844,75.28353378039796,75.34341541627259,75.39602408987419,75.53055817213946,75.40904997862984,75.34381781031723,75.34650522043948,75.26597245373621,75.82373842549595,75.95595243826413,76.17099684989692,76.20689625153534,76.41671216067847,76.83675493006139,76.95276076940925,76.97112208298374,76.46766270586836,76.4226100426051,76.38756577279231,74.87419491258746,75.24227199954711,75.37416987177637,75.44818669479214,75.29232983776366,75.34137452121222,75.48889183452658,75.51590003720813,75.48493218916613,75.38732167099191,75.346883358641,75.32229994453718,75.27370798248181,75.45780171229536,75.87498886009976,76.03934308856807,76.18604320240134,76.28703428907393,76.54815636675536,76.72164631228792,76.8655392218035,77.05516088584258,76.71752365579727,76.41062073708044,75.44818669479214,75.87498886009976,76.16536962632915,74.78991188605555,75.82373842549595,75.26741250417007,"rgba(255, 26, 202, 1.0)",1.1196295759709425,75.24489203764469,-2.1122093310136614,26.567538191600207,-19.656541580847502,False,True,False,True,True,0.0,0.0,0.0,0.0,0.0,0,0.9550162312567635,1.0014685422785592,False,False,False,False,-0.31719235411948715,-0.32880742740489843,False,False,False,False,910797.0,1084756.0062568649,False,False,False,False,17728.195585108893,False,False,False,False
2025-10-30 16:00:00+00:00,72.88,73.33,72.46,72.83,32144.0,73.59658340936521,74.70350325704649,75.14565721572362,75.24144458161,75.4703274979437,75.36047307253426,75.25935200254118,75.32112064664814,75.37766723434748,75.51383275042093,75.3965803424981,75.33235949743907,75.33606893296187,75.25770927753784,75.81527422489063,75.94733167946765,76.16242834255408,76.19830245363774,76.40795760922451,76.82780158710017,76.94376475514414,76.96328928182602,76.46162898633665,76.41673657042682,76.38181911449249,74.7899068164523,75.16898430118725,75.30957775660069,75.41584848668369,75.2688453498345,75.32196354075683,75.47156363257012,75.4990464142632,75.47083110793754,75.37513731945293,75.33521706681282,75.31135159083914,75.26462273851538,75.44986229852996,75.8664622359662,76.0307707771915,76.17746715779592,76.27838323712155,76.53929190282702,76.71271418829204,76.85657782420913,77.04686221820691,76.71066387762566,76.40478988677826,75.41584848668369,75.8664622359662,76.16023506659899,74.70350325704649,75.81527422489063,75.23172975297884,"rgba(255, 26, 202, 1.0)",1.166015383206994,75.20004851112606,-2.032604839747059,26.101831315565395,-19.656541580847502,False,True,False,True,True,0.0,0.0,0.0,0.0,0.0,0,0.9517961314092728,1.0047589806570465,False,False,False,False,-0.33115468862899966,-0.32998105801694905,False,False,False,False,878653.0,1081560.6108110219,False,False,False,False,17951.696428750616,False,False,False,False
2025-10-30 17:00:00+00:00,72.835,73.18,72.475,72.815,21097.0,73.55244998895307,74.64946717179973,75.09533070405385,75.1968759992242,75.43363094768716,75.34089928927487,75.24341575725668,75.30641098483,75.36552598115672,75.50276365770382,75.38830176217876,75.3247449430674,75.32912895387358,75.25220380054704,75.80965131489899,75.94160819109563,76.15674363156538,76.1926016922097,76.40215428188226,76.8218731916937,76.93780969327473,76.95810200367373,76.45762485981427,76.41283795535811,76.37800402220819,74.73699707833902,75.12230422860182,75.268134063353,75.39465314945073,75.25336153562355,75.30913191194603,75.46009844169475,75.48789285384282,75.46148208966846,75.36704583934853,75.32746548801249,75.30407265536677,75.25857322994733,75.4445772930836,75.8607992112156,76.02508102204628,76.17177774419649,76.27264607921869,76.53341808245703,76.70679823786656,76.8506444903767,77.04136841343325,76.70611641537089,76.40091933919656,75.39465314945073,75.8607992112156,76.15682267824823,74.64946717179973,75.80965131489899,75.2088634190523,"rgba(255, 0, 0, 1.0)",1.2108975042369357,75.17136710841801,-1.9459674333897576,25.728388653949423,-19.656541580847502,False,True,False,True,True,0.0,0.0,0.0,0.0,0.0,0,0.9530773918342479,1.0030469226081657,False,False,False,False,-0.34041760349999955,-0.3351993307584743,False,False,False,False,857556.0,1078087.6711085255,False,False,False,False,18000.460825204093,False,False,False,False
2025-10-30 18:00:00+00:00,72.815,73.23,72.585,72.865,27952.0,73.5061113793962,74.58504929467797,75.03387118779348,75.14196454287801,75.3878120907863,75.3161341777284,75.22322128014096,75.28772847411437,75.3500544289059,75.4886169256205,75.37771204469736,75.31500744943745,75.32024803166797,75.24515680156692,75.80240770370679,75.93422671211698,76.14939908540634,76.18523449941013,76.39464399964729,76.8141825136847,76.93007991105787,76.95136523773928,76.45243515803512,76.40778606061785,76.3730611739802,74.67353887578834,75.06504281756192,75.21681877554282,75.3678490372978,75.23372840705835,75.29280561377674,75.44545915870262,75.47364209978265,75.44952251918451,75.35669676910541,75.31755363389989,75.29476422222575,75.25083316357748,75.43779383504257,75.85350066173575,76.01773766241058,76.16442630798285,76.26522770692276,76.52581053133703,76.69912848012147,76.84294625908687,77.03423192553745,76.7002160444564,76.39590409797127,75.3678490372978,75.85350066173575,76.15240695964461,74.58504929467797,75.80240770370679,75.18083812951086,"rgba(255, 0, 0, 1.0)",1.2513852684491533,75.13627296079434,-1.815006951143948,26.16396579683044,-19.656541580847502,False,True,False,True,True,0.0,0.0,0.0,0.0,0.0,0,0.9572837632776937,1.0026555386949925,False,False,False,False,-0.3294453778319347,-0.3323223542952045,False,False,False,False,885508.0,1075101.9397735095,False,False,False,False,18154.748254270697,False,False,False,False
2025-10-30 19:00:00+00:00,72.855,73.215,72.51,72.64,42203.0,73.43723217141515,74.49076303220889,74.94306890656354,75.06019728052433,75.31889807798493,75.2780981938982,75.19203521668479,75.25884947913104,75.32607551477271,75.46669342879692,75.36122392715149,75.29982121070101,75.30638645775409,75.23412490969031,75.79114665012598,75.92276686656874,76.13801685172567,76.17382054830544,76.38302717604364,76.80231828140236,76.91816289507936,76.94097392525873,76.44439779722376,76.39995887010463,76.36540039290769,74.58040822406232,74.98003299214612,75.14009271216457,75.32677849617818,75.20339432500751,75.2675088645481,75.42277344506263,75.45155634842754,75.43094196376877,75.34057530824725,75.3020987434814,75.28023681917719,75.23872618866626,75.42720014988302,75.84216033181927,76.00634497766492,76.15303479675808,76.25374180489536,76.51405413747457,76.68728878274783,76.8310722633553,77.02323134752645,76.69109719749865,76.38813282354559,75.32677849617818,75.84216033181927,76.14554846508011,74.49076303220889,75.79114665012598,75.13862964559435,"rgba(255, 0, 0, 1.0)",1.2950434025220456,75.08356099887143,-1.8868564513843282,25.357474175175977,-20.62347156422508,False,True,False,True,True,0.0,0.0,0.0,0.0,0.0,0,0.9558211665027618,1.0052197594371737,False,False,False,False,-0.3356076781236713,-0.3339650162094379,False,False,False,False,843305.0,1071508.188769269,False,False,False,False,18527.589366607586,False,False,False,False
2025-10-31 14:00:00+00:00,72.35,72.84,72.08,72.43,16876.0,73.40074920547329,74.44881914394803,74.90339813902469,75.02443305384807,75.28880387481594,75.26118338212937,75.1780631006831,75.24593134321283,75.31535040858323,75.45693117422245,75.35383003880419,75.29298835474847,75.30014685550671,75.22913477983874,75.78616241594587,75.91771555189334,76.13302936373265,76.16882382967445,76.37796755089335,76.7971953623865,76.91302790280572,76.93649582176803,76.44089719580583,76.39654610522022,76.3620573014114,74.53913889188611,74.94281290508175,75.10653066540299,75.30857861377756,75.18980407256633,75.25617470336643,75.41265885782254,75.44171703813987,75.42264246600118,75.33333812312553,75.29514673755214,75.27369232902531,75.23325428412667,75.42244756363307,75.83714924384451,76.00133516471188,76.1480452011097,76.24872372568502,76.50894867218523,76.68216531094664,76.82594783038792,77.01849824901763,76.68714759047384,76.38474344559349,75.30857861377756,75.83714924384451,76.14253813243472,74.44881914394803,75.78616241594587,75.11971453914992,"rgba(255, 0, 0, 1.0)",1.3391698551350217,75.05999134601218,-1.9638967647961334,23.922904004005453,-22.29897898444805,False,True,False,True,False,0.0,0.0,0.0,0.0,0.0,0,0.9469480030143185,1.0133383571966843,False,False,False,False,-0.34282825441539394,-0.3383966353124159,False,False,False,False,826429.0,1067708.511424009,False,False,False,False,18501.983329915995,False,False,False,False
2025-10-31 15:00:00+00:00,72.45,72.51,71.71,71.88,12440.0,73.36448735111752,74.41276949578202,74.87012342089199,74.99452467723219,75.26382418117666,75.24701480049687,75.16629530440512,75.23507686908398,75.30635334395346,75.44878379734723,75.34762508039051,75.28723739591993,75.29489495618141,75.22491800545279,75.78204015726409,75.91355514113631,76.12894655752324,76.16473739381843,76.37385147063488,76.79306555091087,76.90889755578115,76.93289450237079,76.43805168422031,76.39376898588864,76.35933454002644,74.50386079404204,74.9116000781889,75.07852494947254,75.29337537130557,75.17836121546209,75.24664612828789,75.40420452437638,75.43350086966777,75.41570070062495,75.32725887269356,75.28929646742928,75.26817844792326,75.22863265546296,75.41846421513956,75.83301159772225,75.9972190296654,76.14396232028665,76.24462835692184,76.50480793682176,76.67802546592586,76.82181911956145,77.01469791679501,76.68395504171338,76.38198455117498,75.29337537130557,75.83301159772225,76.14007218657815,74.41276949578202,75.78204015726409,75.10358076373812,"rgba(255, 26, 202, 1.0)",1.3976075116992621,75.03990638399456,-2.260939754218005,21.20984907013198,-25.046052944789594,False,True,False,True,False,0.0,0.0,0.0,0.0,0.0,0,0.9359233475559552,1.0217830675948798,False,False,False,False,-0.34282825441539394,-0.34061244486390496,False,False,False,False,813989.0,1063774.875587978,False,False,False,False,18407.999092242877,False,False,False,False
2025-10-31 16:00:00+00:00,71.88,72.3,71.745,72.15,14116.0,73.32652640677232,74.373671902312,74.8336992450633,74.96165840105441,75.23621268266932,75.23124418295055,75.15318218570529,75.22296944943638,75.29630189183413,75.43967087321461,75.34067918159157,75.2807994275079,75.28901356349182,75.2201939182943,75.77741289625025,75.90888343268743,76.1243592709855,76.160145643334,76.36922428653355,76.78841912726303,76.90424958709576,76.92884076161066,76.43485043425612,76.3906448473925,76.35627168126955,74.46551189295964,74.87736426625408,75.0476821017753,75.27645982008413,75.16560650424911,75.23600769692494,75.39475189808051,75.42431199209706,75.4079314793048,75.32045371398252,75.28274769252734,75.26200541050133,75.22345632560692,75.41399770611474,75.82836642754336,75.99259590271976,76.1393747839332,76.2400257314364,76.5001518134271,76.67336876092328,76.81717369358398,77.01041995914704,76.68036230359962,76.3788809601308,75.27645982008413,75.82836642754336,76.13729914301368,74.373671902312,75.77741289625025,75.08585855449378,"rgba(255, 0, 0, 1.0)",1.443896511228063,75.01786627855137,-1.9861993267870581,22.81053831650709,-25.046052944789594,False,True,False,True,False,0.0,0.0,0.0,0.0,0.0,0,0.9319692330669859,1.0300201627959078,False,False,False,False,-0.34282825441539394,-0.3417203496396495,False,False,False,False,828105.0,1060121.079067234,False,False,False,False,18341.456470657715,False,False,False,False
2025-10-31 17:00:00+00:00,72.15,72.32,71.98,72.11,18373.0,73.28294285230116,74.32621305914539,74.78887491512015,74.9210006739266,75.20177657289068,75.21140956966208,75.13667194839931,75.20770310008965,75.28360029159818,75.42813333811176,75.33187932971195,75.27264426377755,75.28155996286121,75.21420547348433,75.77152334153156,75.9029328779081,76.11850921007267,76.15428885187883,76.36331656581255,76.78247668203909,76.89830265662066,76.92365221937504,76.43075900749852,76.38665256013242,76.35235815420165,74.41880549275936,74.83512289785143,75.0094132510201,75.25519215306326,75.14954113979779,75.22257764966642,75.38279156924645,75.41268037927144,75.39808871049411,75.3118327721943,75.27445268386062,75.25418561666373,75.21689657312866,75.40832603492257,75.82245233792672,75.98670432621994,76.13352396183528,76.23415281407019,76.49420382899719,76.66741582348736,76.8112318863861,77.00494347952414,76.67576693843007,76.37491508688365,75.25519215306326,75.82245233792672,76.13375889261481,74.32621305914539,75.77152334153156,75.06396376773938,"rgba(255, 0, 0, 1.0)",1.4875822575489401,74.99067227103012,-1.9364793149499835,23.70563653391753,-25.046052944789594,False,True,False,True,True,0.0,0.0,0.0,0.0,0.0,0,0.9346527259148623,1.0312173263629576,False,False,False,False,-0.3275740661147731,-0.33464720787721125,False,False,False,False,809732.0,1056239.0778413853,False,False,False,False,18341.94551762426,False,False,False,False
2025-10-31 18:00:00+00:00,72.14,72.48,72.08,72.42,9997.0,73.26425629538122,74.30339458186505,74.7668084739528,74.9008423824125,75.18450059655294,75.20138404422914,75.12832835637666,75.19996974910002,75.27714666572653,75.42224983480031,75.32739500084938,75.26849244512908,75.27776327267259,75.21115740285612,75.76849384311974,75.89986592104032,76.11548485973178,76.15125961761055,76.36025320555709,76.77938166455566,76.89520194621971,76.92094564634657,76.42863443447908,76.38458042080028,76.35032763295015,74.39622141777346,74.81426137058462,74.99035975328904,75.24443840779338,75.14141789447275,75.21576587539873,75.37669936029191,75.40675102762901,75.39306851918045,75.30744110489871,75.27022979247296,75.25020549185945,75.21355846393237,75.40542698141611,75.81940782693067,75.98366402418868,76.13049862377616,76.23111218563263,76.49111507426221,76.66431886488701,76.80813635127791,77.00208491487186,76.67337493990843,76.37285691262315,75.24443840779338,75.81940782693067,76.1319266656214,74.30339458186505,75.76849384311974,75.0531756685877,"rgba(255, 0, 0, 1.0)",1.5137928678812915,74.97729123008915,-1.689327043579179,27.96480355754923,-25.937023684555903,False,True,False,True,True,0.0,0.0,0.0,0.0,0.0,1,0.9326093424576023,1.029306753942279,False,False,False,False,-0.3121708545376956,-0.32340903120745346,False,False,False,False,819729.0,1052572.2549291158,False,False,False,False,18212.566517351013,False,False,False,False
2025-10-31 19:00:00+00:00,72.415,72.47,71.9,71.965,46792.0,73.16767048005197,74.1922611966527,74.65991500275754,74.80296298948969,75.10044177384188,75.15192872994821,75.08697790609952,75.16165037497025,75.24513637445841,75.39311341666753,75.30509110109098,75.24780503770043,75.25883611499678,75.19591866607297,75.75350314255803,75.88472079886333,76.10059331433065,76.13635099446874,76.34521543437661,76.76425535381368,76.8800641057071,76.90772863348052,76.41819963205363,76.3743972218673,76.34034434610818,74.28634397411703,74.71300141542082,74.89774290985076,75.19150371558557,75.10115209193046,75.1819627224422,75.34651654554557,75.37738199803054,75.3681551630832,75.28558570836167,75.24919185815621,75.2303595597076,75.19688003000824,75.39098730711223,75.80435502584787,75.96866776787448,76.11560512877,76.21616265156213,76.47597523348163,76.64916619299969,76.79301161018932,76.9881382707326,76.66166177299797,76.3627407552286,75.19150371558557,75.80435502584787,76.1228909045904,74.1922611966527,75.75350314255803,75.0001075264383,"rgba(255, 0, 0, 1.0)",1.5517983116376328,74.91159331962004,-1.898824929452628,28.422832333629835,-25.519976427226112,False,True,False,True,True,0.0,0.0,0.0,0.0,0.0,1,0.9311824774308131,1.029746929110552,False,False,False,False,-0.32341253450620866,-0.32341078285683106,False,False,False,False,772937.0,1048236.8246201372,False,False,False,False,18655.658509330067,False,False,False,False
