date,Open,High,Low,Close,Volume,aVWAP_peak_867,aVWAP_peak_841,aVWAP_peak_801,aVWAP_peak_799,aVWAP_peak_767,aVWAP_peak_703,aVWAP_peak_658,aVWAP_peak_611,aVWAP_peak_559,aVWAP_peak_537,aVWAP_peak_504,aVWAP_peak_480,aVWAP_peak_420,aVWAP_peak_382,aVWAP_peak_347,aVWAP_peak_292,aVWAP_peak_243,aVWAP_peak_242,aVWAP_peak_174,aVWAP_peak_157,aVWAP_peak_127,aVWAP_peak_126,aVWAP_peak_101,aVWAP_peak_31,aVWAP_valley_858,aVWAP_valley_835,aVWAP_valley_817,aVWAP_valley_792,aVWAP_valley_769,aVWAP_valley_711,aVWAP_valley_710,aVWAP_valley_679,aVWAP_valley_645,aVWAP_valley_642,aVWAP_valley_570,aVWAP_valley_551,aVWAP_valley_516,aVWAP_valley_490,aVWAP_valley_444,aVWAP_valley_413,aVWAP_valley_372,aVWAP_valley_311,aVWAP_valley_271,aVWAP_valley_230,aVWAP_valley_205,aVWAP_valley_144,aVWAP_valley_114,aVWAP_valley_89,aVWAP_valley_51,aVWAP_valley_18,aVWAP_OB_bear_841,aVWAP_OB_bear_611,aVWAP_OB_bear_347,aVWAP_OB_bear_243,Peaks_Valleys_avg,color,StDev,StDev_Mean,StdDev_ZScore,QQEMOD,QQE1_Value,QQE1_Above_Upper,QQE1_Below_Lower,QQE2_Above_Threshold,QQE2_Below_Threshold,QQE2_Above_TL,banker_RSI,OB,OB_High,OB_Low,OB_Mitigated_Index,TTM_squeeze_Active,VI_plus,VI_minus,VI_Regular_Bullish,VI_Regular_Bearish,VI_Hidden_Bullish,VI_Hidden_Bearish,Fisher,Fisher_Signal,Fisher_Regular_Bullish,Fisher_Regular_Bearish,Fisher_Hidden_Bullish,Fisher_Hidden_Bearish,OBV,OBV_Smoothed,OBV_Regular_Bullish,OBV_Regular_Bearish,OBV_Hidden_Bullish,OBV_Hidden_Bearish,Volume_MA,Vol_Regular_Bullish,Vol_Regular_Bearish,Vol_Hidden_Bullish,Vol_Hidden_Bearish
2025-02-07 15:00:00+00:00,69.56,69.66,69.28,69.63,1092.0,,,,,,,,,,,,,,,,,,,,,,,,,,,,,,,,,,,,,,,,,,,,,,,,,,,,,,,,#000000,,,,,,False,False,False,False,False,,0.0,0.0,0.0,0.0,0,,,False,False,False,False,,,False,False,False,False,0.0,0.0,False,False,False,False,1092.0,False,False,False,False
2025-02-07 16:00:00+00:00,69.63,69.84,69.5,69.58,2757.0,,,,,,,,,,,,,,,,,,,,,,,,,,,,,,,,,,,,,,,,,,,,,,,,,,,,,,,,#000000,,,,0.0,,False,False,False,True,False,,0.0,0.0,0.0,0.0,0,,,False,False,False,False,,,False,False,False,False,-2757.0,-42.74418604651163,False,False,False,False,1117.8139534883721,False,False,False,False
2025-02-07 17:00:00+00:00,69.58,69.59,69.475,69.475,1783.0,,,,,,,,,,,,,,,,,,,,,,,,,,,,,,,,,,,,,,,,,,,,,,,,,,,,,,,,#000000,,,,0.0,-50.0,False,False,False,True,True,,0.0,0.0,0.0,0.0,0,,,False,False,False,False,,,False,False,False,False,-4540.0,-112.46908238687578,False,False,False,False,1128.1269154497927,False,False,False,False
2025-02-07 18:00:00+00:00,69.475,69.63,69.45,69.55,747.0,,,,,,,,,,,,,,,,,,,,,,,,,,,,,,,,,,,,,,,,,,,,,,,,,,,,,,,,#000000,,,,12.028512028512242,-39.17433917433898,False,False,False,True,True,,0.0,0.0,0.0,0.0,0,,,False,False,False,False,,,False,False,False,False,-3793.0,-169.5315772335909,False,False,False,False,1122.2179710242146,False,False,False,False
2025-02-07 19:00:00+00:00,69.61,69.66,69.55,69.63,1254.0,,,,,,,,,,,,,,,,,,,,,,,,,,,,,,,,,,,,,,,,,,,,,,,,,,,,,,,,#000000,,,,26.485329262531444,-26.884914385432435,False,False,False,True,True,,0.0,0.0,0.0,0.0,0,,,False,False,False,False,,,False,False,False,False,-2539.0,-206.267521772605,False,False,False,False,1124.2611032563973,False,False,False,False
2025-02-07 20:00:00+00:00,69.65,69.75,69.58,69.68,5894.0,,,,,,,,,,,,,,,,,,,,,,,,,,,,,,,,,,,,,,,,,,,,,,,,,,,,,,,,#000000,,,,38.7284387510744,-17.11843726469732,False,False,False,True,True,,0.0,0.0,0.0,0.0,0,,,False,False,False,False,,,False,False,False,False,3355.0,-151.05407182264213,False,False,False,False,1198.2105435159879,False,False,False,False
2025-02-10 15:00:00+00:00,69.74,69.92,69.705,69.735,1526.0,,,,,,,,,,,,,,,,,,,,,,,,,,,,,,,,,,,,,,,,,,,,,,,,,,,,,,,,#000000,,,,49.07566958290704,-9.157099190814094,False,False,True,False,True,,0.0,0.0,0.0,0.0,0,,,False,False,False,False,,,False,False,False,False,4881.0,-73.03772962384146,False,False,False,False,1203.2925505932594,False,False,False,False
2025-02-10 16:00:00+00:00,69.735,69.735,69.435,69.45,1832.0,,,,,,,,,,,,,,,,,,,,,,,,,,,,,,,,,,,,,,,,,,,,,,,,,,,,,,,,#000000,,,,44.123742842186196,-9.157099190814094,False,False,False,True,False,,0.0,0.0,0.0,0.0,0,,,False,False,False,False,,,False,False,False,False,3049.0,-24.63404389323926,False,False,False,False,1213.0399529096428,False,False,False,False
2025-02-10 17:00:00+00:00,69.45,69.45,69.26,69.315,955.0,,,,,,,,,,,,,,,,,,,,,,,,,,,,,,,,,,,,,,,,,,,,,,,,,,,,,,,,#000000,,,,38.386634346881294,-0.42763151967854185,False,False,False,True,False,,0.0,0.0,0.0,0.0,0,,,False,False,False,False,,,False,False,False,False,2094.0,8.212995546966003,False,False,False,False,1209.0393334846872,False,False,False,False
2025-02-10 18:00:00+00:00,69.315,69.42,69.27,69.27,602.0,,,,,,,,,,,,,,,,,,,,,,,,,,,,,,,,,,,,,,,,,,,,,,,,,,,,,,,,#000000,,,,33.89678199035896,-4.10945628012103,False,False,False,True,False,,0.0,0.0,0.0,0.0,0,,,False,False,False,False,,,False,False,False,False,1492.0,31.217445228408387,False,False,False,False,1199.6278709500407,False,False,False,False
2025-02-10 19:00:00+00:00,69.27,69.365,69.19,69.26,1734.0,,,,,,,,,,,,,,,,,,,,,,,,,,,,,,,,,,,,,,,,,,,,,,,,,,,,,,,,#000000,,,,30.752398565384212,-6.902014170287998,False,False,False,True,False,,0.0,0.0,0.0,0.0,0,,,False,False,False,False,,,False,False,False,False,-242.0,26.98151584502221,False,False,False,False,1207.9127101601175,False,False,False,False
2025-02-10 20:00:00+00:00,69.28,69.305,69.16,69.305,33335.0,,,,,,,,,,,,,,,,,,,,,,,,,,,,,,,,,,,,,,,,,,,,,,,,,,,,,,,,#000000,,,,30.78014178534431,-7.140151776628024,False,False,False,True,False,,0.0,0.0,0.0,0.0,0,,,False,False,False,False,,,False,False,False,False,33093.0,539.6329652117661,False,False,False,False,1706.0070867467823,False,False,False,False
2025-02-11 15:00:00+00:00,68.89,68.89,68.64,68.735,1311.0,,,,,,,,,,,,,,,,,,,,,,,,,,,,,,,,,,,,,,,,,,,,,,,,,,,,,,,,#000000,,,,25.187740946744505,-12.826664517721028,False,False,False,True,False,,0.0,0.0,0.0,0.0,0,,,False,False,False,False,,,False,False,False,False,31782.0,1024.010748696855,False,False,False,False,1699.882945866987,False,False,False,False
2025-02-11 16:00:00+00:00,68.74,68.91,68.72,68.78,723.0,,,,,,,,,,,,,,,,,,,,,,,,,,,,,,,,,,,,,,,,,,,,,,,,,,,,,,,,#000000,,,,22.78501047286759,-15.528777343227283,False,False,False,True,False,,0.0,0.0,0.0,0.0,0,,,False,False,False,False,,,False,False,False,False,32505.0,1512.0881014302372,False,False,False,False,1684.7374738380413,False,False,False,False
2025-02-11 17:00:00+00:00,68.765,68.79,68.64,68.64,400.0,,,,,,,,,,,,,,,,,,,,,,,,,,,,,,,,,,,,,,,,,,,,,,,,,,,,,,,,#000000,,,,20.34834279950646,-18.38083144165128,False,False,False,True,False,,0.0,0.0,0.0,0.0,0,,,False,False,False,False,,,False,False,False,False,32105.0,1986.39681303597,False,False,False,False,1664.8190633909398,False,False,False,False
2025-02-11 18:00:00+00:00,68.64,68.8,68.64,68.75,830.0,,,,,,,,,,,,,,,,,,,,,,,,,,,,,,,,,,,,,,,,,,,,,,,,,,,,,,,,#000000,,,,21.812772065600736,-18.38083144165128,False,False,False,True,False,,0.0,0.0,0.0,0.0,0,,,False,False,False,False,,,False,False,False,False,32935.0,2466.2201182602184,False,False,False,False,1651.8761321755765,False,False,False,False
2025-02-11 19:00:00+00:00,68.76,68.815,68.635,68.66,1258.0,,,,,,,,,,,,,,,,,,,,,,,,,,,,,,,,,,,,,,,,,,,,,,,,,,,,,,,,#000000,,,,22.03310742446952,-18.38083144165128,False,False,False,True,False,,0.0,0.0,0.0,0.0,0,,,False,False,False,False,,,False,False,False,False,31677.0,2919.1004265042457,False,False,False,False,1645.7695254751798,False,False,False,False
2025-02-11 20:00:00+00:00,68.63,68.68,68.595,68.68,2201.0,,,,,,,,,,,,,,,,,,,,,,,,,,,,,,,,,,,,,,,,,,,,,,,,,,,,,,,,#000000,,,,22.75891180191682,-18.38083144165128,False,False,False,True,False,,0.0,0.0,0.0,0.0,0,,,False,False,False,False,,,False,False,False,False,33878.0,3399.083365628211,False,False,False,False,1654.3777498864172,False,False,False,False
2025-02-12 15:00:00+00:00,67.04,67.08,66.885,67.03,7284.0,,,,,,,,,,,,,,,,,,,,,,,,,,,,,,,,,,,,,,,,,,,,,,,,,,66.99833333333333,,,,,66.99833333333333,#000000,,66.99833333333333,,17.793487063016702,-23.486323139681986,False,False,False,True,False,,0.0,0.0,0.0,0.0,0,,,False,False,False,False,,,False,False,False,False,26594.0,3758.6944762386265,False,False,False,False,1741.6587150044572,False,False,False,False
2025-02-12 16:00:00+00:00,67.01,67.49,66.955,67.49,32312.0,,,,,,,,,,,,,,,,,,,,,,,,,,,,,,,,,,,,,,,,,,,,,,,,,,67.25402650099336,,,,,67.25402650099336,#000000,,67.25402650099336,,19.85073714481316,-23.486323139681986,False,False,False,True,False,,0.0,0.0,0.0,0.0,0,,,False,False,False,False,,,False,False,False,False,58906.0,4613.691461103143,False,False,False,False,2215.617494616791,False,False,False,False
2025-02-12 17:00:00+00:00,67.51,67.745,67.51,67.7,5493.0,,,,,,,,,,,,,,,,,,,,,,,,,,,,,,,,,,,,,,,,,,,,,,,,,,67.30246930145563,,,,,67.30246930145563,#000000,,67.30246930145563,,23.309778112019174,-23.486323139681986,False,False,False,True,True,,0.0,0.0,0.0,0.0,0,,,False,False,False,False,,,False,False,False,False,64399.0,5540.595469458133,False,False,False,False,2266.429626483198,False,False,False,False
2025-02-12 18:00:00+00:00,67.695,67.73,67.44,67.56,4141.0,,,,,,,,,,,,,,,,,,,,,,,,,,,,,,,,,,,,,,,,,,,,,,,,,,67.32553351614868,,,,,67.32553351614868,#000000,,67.32553351614868,,25.02958707958005,-23.486323139681986,False,False,False,True,True,,0.0,0.0,0.0,0.0,0,,,False,False,False,False,,,False,False,False,False,60258.0,6388.9273226448295,False,False,False,False,2295.4927330493497,False,False,False,False
2025-02-12 19:00:00+00:00,67.56,67.56,67.37,67.39,1180.0,,,,,,,,,,,,,,,,,,,,,,,,,,,,,,,,,,,,,,,,,,,,,,,,,,67.32821295377902,,,,,67.32821295377902,#000000,,67.32821295377902,,25.47743245640863,-23.486323139681986,False,False,False,True,True,,0.0,0.0,0.0,0.0,0,,,False,False,False,False,,,False,False,False,False,59078.0,7205.812170355762,False,False,False,False,2278.19827207184,False,False,False,False
2025-02-12 20:00:00+00:00,67.36,67.42,67.31,67.36,2402.0,,,,,,,,,,,,,,,,,,,,,,,,,,,,,,,,,,,,,,,,,,,,,,,,,,67.32981030195157,,,,,67.32981030195157,#000000,,67.32981030195157,,25.649348743879614,-23.486323139681986,False,False,False,True,True,,0.0,0.0,0.0,0.0,0,,,False,False,False,False,,,False,False,False,False,56676.0,7972.791826629316,False,False,False,False,2280.1176787063855,False,False,False,False
2025-02-13 15:00:00+00:00,68.295,68.72,68.215,68.635,5675.0,,,,,,,,,,,,,,,,,,,,,,,,,,,,,,,,,,,,,,,,,,,,,,,,,,67.44561797208496,,,,,67.44561797208496,#000000,,67.44561797208496,,35.8255753234933,-21.307164498008028,False,False,False,True,True,,0.0,0.0,0.0,0.0,0,,,False,False,False,False,,,False,False,False,False,62351.0,8815.864821565296,False,False,False,False,2332.751513145046,False,False,False,False
2025-02-13 16:00:00+00:00,68.635,68.665,68.53,68.58,3696.0,,,,,,,,,,,,,,,,,,,,,,,,,,,,,,,,,,,,,,,,,,,,,,,,,,67.51373620335676,,,,,67.51373620335676,#000000,,67.51373620335676,,42.24626750097576,-15.487819968336368,False,False,False,True,True,,0.0,0.0,0.0,0.0,0,,,False,False,False,False,,,False,False,False,False,58655.0,9588.564591773586,False,False,False,False,2353.8871486001617,False,False,False,False
2025-02-13 17:00:00+00:00,68.58,68.88,68.58,68.795,3170.0,,,,,,,,,,,,,,,,,,,,,,,,,,,,,,,,,,,,,,,,,,,,,,,,,,67.57378301939721,,,,,67.57378301939721,#000000,,67.57378301939721,,47.70409170346244,-10.651277181924797,False,False,False,False,True,,0.0,0.0,0.0,0.0,0,,,False,False,False,False,,,False,False,False,False,61825.0,10398.431807405002,False,False,False,False,2366.5400610249653,False,False,False,False
2025-02-13 18:00:00+00:00,68.8,68.95,68.65,68.805,1341.0,,,,,,,,,,,,,,,,,,,,,,,,,,,,,,,,,,,,,,,,,,,,,,,,,,67.5984717765716,,,,,67.5984717765716,#000000,,67.5984717765716,,51.39916978228385,-7.389112261858102,False,False,True,False,True,,0.0,0.0,0.0,0.0,0,,,False,False,False,False,,,False,False,False,False,63166.0,11216.533639848336,False,False,False,False,2350.640215117601,False,False,False,False
2025-02-13 19:00:00+00:00,68.81,69.16,68.81,69.135,1077.0,,,,,,,,,,,,,,,,,,,,,,,,,,,,,,,,,,,,,,,,,,,,,,,,,,67.6213007284335,,,,,67.6213007284335,#000000,,67.6213007284335,,55.67658097064995,-3.464975332165949,False,False,True,False,True,,0.0,0.0,0.0,0.0,0,,,False,False,False,False,,,False,False,False,False,64243.0,12038.649397370067,False,False,False,False,2330.893855193297,False,False,False,False
2025-02-13 20:00:00+00:00,69.045,69.045,68.9,68.9,7805.0,,,,,,,,,,,,,,,,,,,,,,,,,,,,,,,,,,,,,,,,,,,,,,,,,,67.75834806464134,,,,,67.75834806464134,#000000,,67.75834806464134,,56.47979520898105,-2.6025157911066543,False,False,True,False,True,,0.0,0.0,0.0,0.0,0,,,False,False,False,False,,,False,False,False,False,56438.0,12727.011422217043,False,False,False,False,2415.763717903478,False,False,False,False
2025-02-14 15:00:00+00:00,69.56,69.85,69.56,69.85,1412.0,,,,,,,,,,,,,,,,,,,,,,,,,,,,,,,,,,,,,,,,,,,,,,,,,,67.7949371330597,,,,,67.7949371330597,#000000,,67.7949371330597,,61.25118293111402,2.0929425925625793,False,False,True,False,True,,0.0,0.0,0.0,0.0,0,,,False,False,False,False,,,False,False,False,False,57850.0,13426.592640477244,False,False,False,False,2400.2014897189283,False,False,False,False
2025-02-14 16:00:00+00:00,69.79,69.99,69.77,69.83,8030.0,,,,,,,,,,,,,,,,,,,,,,,,69.86333333333332,,,,,,,,,,,,,,,,,,,,,,,,,,67.9902983681887,,,,,68.92681585076102,#000000,,68.92681585076102,,64.2638647776536,5.122091091373456,False,False,True,False,True,,0.0,0.0,0.0,0.0,0,,,False,False,False,False,,,False,False,False,False,49820.0,13990.831514268295,False,False,False,False,2487.4851875527434,False,False,False,False
2025-02-14 17:00:00+00:00,69.845,69.845,69.5,69.5,2093.0,,,,,,,,,,,,,,,,,,,,,,,,69.81198870558792,,,,,,,,,,,,,,,,,,,,,,,,,,68.02933477593723,,,,,68.92066174076257,#000000,,68.92066174076257,,63.53396891382057,5.122091091373456,False,False,True,False,True,,0.0,0.0,0.0,0.0,0,,,False,False,False,False,,,False,False,False,False,47727.0,14513.872886140105,False,False,False,False,2481.369138133321,False,False,False,False
2025-02-14 18:00:00+00:00,69.5,69.53,69.37,69.485,935.0,,,,,,,,,,,,,,,,,,,,,,,,69.78236751672995,,,,,,,,,,,,,,,,,,,,,,,,,,68.04454535129365,,,,,68.9134564340118,#000000,,68.9134564340118,,62.92444299662039,5.122091091373456,False,False,True,False,True,,0.0,0.0,0.0,0.0,0,,,False,False,False,False,,,False,False,False,False,46792.0,15014.308965424754,False,False,False,False,2457.3944228134246,False,False,False,False
2025-02-14 19:00:00+00:00,69.485,69.58,69.42,69.545,1197.0,,,,,,,,,,,,,,,,,,,,,,,,69.75625254997958,,,,,,,,,,,,,,,,,,,,,,,,,,68.06426828994992,,,,,68.91026041996474,#000000,,68.91026041996474,,62.85047180210466,5.136703748555405,False,False,True,False,True,,0.0,0.0,0.0,0.0,0,,,False,False,False,False,,,False,False,False,False,47989.0,15525.54448534065,False,False,False,False,2437.8534240101153,False,False,False,False
2025-02-14 20:00:00+00:00,69.47,69.47,69.38,69.44,2253.0,,,,,,,,,,,,,,,,,,,,,,,,69.7055876068376,,,,,,,,,,,,,,,,,,,,,,,,,,68.0978981048352,,,,,68.9017428558364,#000000,,68.9017428558364,,61.78195506279438,5.136703748555405,False,False,True,False,True,,0.0,0.0,0.0,0.0,0,,,False,False,False,False,,,False,False,False,False,45736.0,15993.923640606687,False,False,False,False,2434.9874794518187,False,False,False,False
2025-02-17 15:00:00+00:00,69.44,69.44,69.44,69.44,0.0,,,,,,,,,,,,,,,,,,,,,,,,69.7055876068376,,,,,,,,,,,,,,,,,,,,,,,,,,68.0978981048352,,,,,68.9017428558364,#000000,,68.9017428558364,,61.06961056992086,5.136703748555405,False,False,True,False,False,,0.0,0.0,0.0,0.0,0,,,False,False,False,False,,,False,False,False,False,45736.0,16455.041103543015,False,False,False,False,2397.2357355843487,False,False,False,False
2025-02-17 16:00:00+00:00,69.44,69.44,69.44,69.44,0.0,,,,,,,,,,,,,,,,,,,,,,,,69.7055876068376,,,,,,,,,,,,,,,,,,,,,,,,,,68.0978981048352,,,,,68.9017428558364,#000000,,68.9017428558364,,60.594714241338515,5.136703748555405,False,False,True,False,False,,0.0,0.0,0.0,0.0,0,,,False,False,False,False,,,False,False,False,False,45736.0,16909.009458526845,False,False,False,False,2360.069290071413,False,False,False,False
2025-02-17 17:00:00+00:00,69.44,69.44,69.44,69.44,0.0,,,,,,,,,,,,,,,,,,,,,,,,69.7055876068376,,,,,,,,,,,,,,,,,,,,,,,,,,68.0978981048352,,,,,68.9017428558364,#000000,,68.9017428558364,,60.278116688950284,5.136703748555405,False,False,True,False,False,,0.0,0.0,0.0,0.0,0,,,False,False,False,False,,,False,False,False,False,45736.0,17355.939544441157,False,False,False,False,2323.479068519918,False,False,False,False
2025-02-17 18:00:00+00:00,69.44,69.44,69.44,69.44,0.0,,,,,,,,,,,,,,,,,,,,,,,,69.7055876068376,,,,,,,,,,,,,,,,,,,,,,,,,,68.0978981048352,,,,,68.9017428558364,#000000,,68.9017428558364,,60.067051654024795,5.3205106665635995,False,False,True,False,False,,0.0,0.0,0.0,0.0,0,,,False,False,False,False,,,False,False,False,False,45736.0,17795.94048173664,False,False,False,False,2287.4561372250355,False,False,False,False
2025-02-17 19:00:00+00:00,69.44,69.44,69.44,69.44,0.0,,,,,,,,,,,,,,,,,,,,,,,,69.7055876068376,,,,,,,,,,,,,,,,,,,,,,,,,,68.0978981048352,,,,,68.9017428558364,#000000,,68.9017428558364,,59.926341630741135,5.718787971834018,False,False,True,False,False,,0.0,0.0,0.0,0.0,0,,,False,False,False,False,,,False,False,False,False,45736.0,18229.119699074057,False,False,False,False,2251.991700988988,False,False,False,False
2025-02-17 20:00:00+00:00,69.44,69.44,69.44,69.44,0.0,,,,,,,,,,,,,,,,,,,,,,,,69.7055876068376,,,,,,,,,,,,,,,,,,,,,,,,,,68.0978981048352,,,,,68.9017428558364,#000000,,68.9017428558364,,59.83253494855203,6.128854658056902,True,False,True,False,False,,0.0,0.0,0.0,0.0,0,,,False,False,False,False,,,False,False,False,False,45736.0,18655.58295955353,False,False,False,False,2217.077100973655,False,False,False,False
2025-02-18 15:00:00+00:00,68.96,69.045,68.76,68.88,12658.0,,,,,,,,,,,,,,,,,,,,,,,,69.3278942428035,,,,,,,,,,,,,,,,,,,,,,,,,,68.1947711561726,,,,,68.76133269948805,#000000,,68.76133269948805,,52.367824903570835,6.347350031160609,True,False,False,False,False,,0.0,0.0,0.0,0.0,0,,,False,False,False,False,,,False,False,False,False,33078.0,18879.18632452169,False,False,False,False,2378.9518746019703,False,False,False,False
2025-02-18 16:00:00+00:00,68.88,68.88,68.68,68.7,4197.0,,,,,,,,,,,,,,,,,,,,,,,,69.25100644071037,,,,,,,,,,,,,,,,,,,,,,,,,,68.21640718590508,,,,,68.73370681330772,#000000,,68.73370681330772,,45.9105885968894,0.5531970457843016,True,False,False,True,False,,0.0,0.0,0.0,0.0,0,,,False,False,False,False,,,False,False,False,False,28881.0,19034.253203211276,False,False,False,False,2407.1386672438002,False,False,False,False
2025-02-18 17:00:00+00:00,68.7,68.76,68.52,68.55,6082.0,,,,,,,,,,,,,,,,,,,,,,,,69.14689104019227,,,,,,,,,,,,,,,,,,,,,,,,,,68.23732625204269,,,,,68.69210864611748,#000000,,68.69210864611748,,40.504746292615664,-4.073392040382579,False,False,False,True,False,,0.0,0.0,0.0,0.0,0,,,False,False,False,False,,,False,False,False,False,22799.0,19092.62137060335,False,False,False,False,2464.113261550098,False,False,False,False
2025-02-18 18:00:00+00:00,68.55,68.58,68.39,68.48,2870.0,,,,,,,,,,,,,,,,,,,,,,,,69.09965277605521,,,,,,,,,,,,,,,,,,,,,,,,,,68.24334519719588,,,,,68.67149898662555,#000000,,68.67149898662555,,36.40665316040213,-7.479828266466441,False,True,False,True,False,,0.0,0.0,0.0,0.0,0,,,False,False,False,False,,,False,False,False,False,19929.0,19105.58848113663,False,False,False,False,2470.406079200484,False,False,False,False
2025-02-18 19:00:00+00:00,68.47,68.51,68.36,68.4,2182.0,,,,,,,,,,,,,,,,,,,,,,,,69.06492728898509,,,,,,,,,,,,,,,,,,,,,,,,,,68.24663208770976,,,,,68.65577968834742,#000000,,68.65577968834742,,33.10733505111861,-10.251094887823875,False,True,False,True,False,,0.0,0.0,0.0,0.0,0,,,False,False,False,False,,,False,False,False,False,17747.0,19084.525093832188,False,False,False,False,2465.9346671198564,False,False,False,False
2025-02-18 20:00:00+00:00,68.4,68.4,68.14,68.25,4849.0,,,,,,,,,,,,,,,,,,,,,,,,68.98283103817288,,,,,,,,,,,,,,,,,,,,,,,,,,68.24728343279662,,,,,68.61505723548476,#000000,,68.61505723548476,,29.910336804741362,-13.056103159733006,False,True,False,True,False,,0.0,0.0,0.0,0.0,0,,,False,False,False,False,,,False,False,False,False,12898.0,18988.609976098352,False,False,False,False,2502.8814164668356,False,False,False,False
2025-02-19 15:00:00+00:00,68.22,68.37,68.2,68.37,2953.0,,,,,,,,,,,,,,,,,,,,,,,,68.94352555054108,,,,,,,,,,,,,,,,,,,,,,,,,,68.24881576018501,,,,,68.59617065536304,#000000,,68.59617065536304,,30.13022643749069,-13.056103159733006,False,True,False,True,False,,0.0,0.0,0.0,0.0,0,,,False,False,False,False,,,False,False,False,False,15851.0,18939.96486018985,False,False,False,False,2509.8599991572723,False,False,False,False
2025-02-19 16:00:00+00:00,68.295,68.36,68.135,68.19,2879.0,,,,,,,,,,,,,,,,,,,,,,,,68.90480580941993,,,,,,,,,,,,,,,,,,,,,,,,,,68.24836273169134,,,,,68.57658427055563,#000000,,68.57658427055563,,28.904529576568546,-14.234250870413021,False,True,False,True,False,0.0,0.0,0.0,0.0,0.0,0,,,False,False,False,False,,,False,False,False,False,12972.0,18847.438273210162,False,False,False,False,2515.5830999455316,False,False,False,False
2025-02-19 17:00:00+00:00,68.13,68.14,68.02,68.02,1010.0,,,,,,,,,,,,,,,,,,,,,,,,68.88905963189882,,,,,,,,,,,,,,,,,,,,,,,,,,68.24691241792199,,,,,68.5679860249104,#000000,,68.5679860249104,,26.9836320339545,-16.342378242819656,False,True,False,True,False,0.0,0.0,0.0,0.0,0.0,0,,,False,False,False,False,,,False,False,False,False,11962.0,18740.68729223016,False,False,False,False,2492.240726302965,False,False,False,False
2025-02-19 18:00:00+00:00,68.04,68.12,67.92,68.12,879.0,,,,,,,,,,,,,,,,,,,,,,,,68.87571945690401,,,,,,,,,,,,,,,,,,,,,,,,,68.05333333333334,68.24562389408455,,,,,68.39155889477395,#000000,,68.39155889477395,,27.662918034421445,-16.342378242819656,False,True,False,True,False,0.0,0.0,0.0,0.0,0.0,0,,,False,False,False,False,,,False,False,False,False,12841.0,18649.21927219558,False,False,False,False,2467.229242174237,False,False,False,False
2025-02-19 19:00:00+00:00,68.12,68.54,68.08,68.3,1243.0,,,,,,,,,,,,,,,,,,,,,,,,68.86315805363166,,,,,,,,,,,,,,,,,,,,,,,,,68.20172792962614,68.2461931161758,,,,,68.43702636647787,#000000,,68.43702636647787,,31.289309950575245,-16.342378242819656,False,True,False,True,True,0.0,0.0,0.0,0.0,0.0,0,,,False,False,False,False,,,False,False,False,False,14084.0,18578.440678828207,False,False,False,False,2448.2489438459543,False,False,False,False
2025-02-19 20:00:00+00:00,68.3,68.39,68.23,68.265,3752.0,,,,,,,,,,,,,,,,,,,,,,,,68.82766591189103,,,,,,,,,,,,,,,,,,,,,,,,,68.26130518669845,68.24752929587744,,,,,68.44550013148897,#000000,,68.44550013148897,,33.34068617533125,-16.342378242819656,False,True,False,True,True,0.0,0.0,0.0,0.0,0.0,0,,,False,False,False,False,,,False,False,False,False,10332.0,18450.588885358004,False,False,False,False,2468.462138515009,False,False,False,False
2025-02-20 15:00:00+00:00,68.78,68.84,68.58,68.61,1330.0,,,,,,,,,,,,,,,,,,,,,,,,68.82439465511248,,,,,,,,,,,,,,,,,,,,,,,,,68.33798908014066,68.25165382762444,,,,,68.47134585429252,#000000,,68.47134585429252,,39.716579723879114,-16.759808108368006,False,False,False,True,True,0.0,0.0,0.0,0.0,0.0,0,,,False,False,False,False,,,False,False,False,False,11662.0,18345.339445274934,False,False,False,False,2450.8115627240786,False,False,False,False
2025-02-20 16:00:00+00:00,68.61,68.79,68.61,68.63,925.0,,,,,,,,,,,,,,,,,,,,,,,,68.82220186038052,,,,,,,,,,,,,,,,,,,,,,,,,68.376527248124,68.25447595802976,,,,,68.48440168884476,#000000,,68.48440168884476,,44.211526567899995,-12.662238179254388,False,False,False,True,True,0.0,0.0,0.0,0.0,0.0,0,,,False,False,False,False,,,False,False,False,False,12587.0,18256.062864728035,False,False,False,False,2427.15556950355,False,False,False,False
2025-02-20 17:00:00+00:00,68.63,68.78,68.63,68.695,682.0,,,,,,,,,,,,,,,,,,,,,,,,68.82089699836504,,,,,,,,,,,,,,,,,,,,,,,,,68.40169409450309,68.25665461792883,,,,,68.49308190359899,#000000,,68.49308190359899,,48.040834909660305,-9.195231307324576,True,False,False,False,True,0.0,0.0,0.0,0.0,0.0,0,,,False,False,False,False,,,False,False,False,False,13269.0,18178.744060623725,False,False,False,False,2400.0988940073707,False,False,False,False
2025-02-20 18:00:00+00:00,68.695,68.8,68.58,68.795,475.0,,,,,,,,,,,,,,,,,,,,,,,,68.82017936477928,,,,,,,,,,,,,,,,,,,,,,,,,68.41823192619714,68.2582384203557,,,,,68.4988832371107,#000000,,68.4988832371107,,51.842574305232546,-5.7160961433216855,True,False,True,False,True,0.0,0.0,0.0,0.0,0.0,0,,,False,False,False,False,,,False,False,False,False,13744.0,18109.98833875359,False,False,False,False,2370.2523995266365,False,False,False,False
2025-02-20 19:00:00+00:00,68.795,68.805,68.72,68.77,890.0,,,,,,,,,,,,,,,,,,,,,,,,68.8194163662917,,,,,,,,,,,,,,,,,,,,,,,,,68.44856050183438,68.26142916265778,,,,,68.50980201026128,#000000,,68.50980201026128,,53.91669033285989,-3.753511608719286,True,False,True,False,True,0.0,0.0,0.0,0.0,0.0,0,,,False,False,False,False,,,False,False,False,False,12854.0,18028.500147455085,False,False,False,False,2347.3027499215723,False,False,False,False
2025-02-20 20:00:00+00:00,68.715,68.72,68.55,68.58,4188.0,,,,,,,,,,,,,,,,,,,,,,,,68.80702991889366,,,,,,,,,,,,,,,,,,,,,,,,,68.49757391163092,68.2716513329669,,,,,68.52541838783048,#000000,,68.52541838783048,,52.09183697456589,-3.753511608719286,True,False,True,False,True,0.0,0.0,0.0,0.0,0.0,0,,,False,False,False,False,,,False,False,False,False,8666.0,17883.34510640927,False,False,False,False,2375.840691783253,False,False,False,False
2025-02-21 15:00:00+00:00,69.43,69.64,69.39,69.625,5129.0,,,,,,,,,,,,,,,,,,,,,,,,68.85886474577343,,,,,,,,,,,,,,,,,,,,,,,,,68.77492689683476,68.31522498545377,,,,,68.64967220935398,#000000,,68.64967220935398,,59.576099142799166,1.5489872001362954,True,False,True,False,True,6.375976031305729,0.0,0.0,0.0,0.0,0,,,False,False,False,False,,,False,False,False,False,13795.0,17819.959910961064,False,False,False,False,2418.5253322207222,False,False,False,False
2025-02-21 16:00:00+00:00,69.595,69.605,69.47,69.53,10815.0,,,,,,,,,,,,,,,,,,,,,,,,68.94540615334847,,,,,,,,,,,,,,,,,,,,,,,,,69.04614870661212,68.39691646437626,,,,,68.79615710811228,#000000,,68.79615710811228,,63.342350074045385,4.997391860040267,True,False,True,False,True,5.257964141377975,0.0,0.0,0.0,0.0,0,,,False,False,False,False,,,False,False,False,False,2980.0,17589.883013116705,False,False,False,False,2548.7032340467576,False,False,False,False
2025-02-21 17:00:00+00:00,69.53,69.92,69.495,69.895,3373.0,,,,,,,,,,,,,,,,,,,,,,,,68.97705958111885,,,,,,,,,,,,,,,,,,,,,,,,,69.11863914373087,68.42500996823512,,,,,68.84023623102829,#000000,,68.84023623102829,,67.55654599244615,8.920544901502112,True,False,True,False,True,8.822505949013529,0.0,0.0,0.0,0.0,0,,,False,False,False,False,,,False,False,False,False,6353.0,17415.66777260327,False,False,False,False,2561.483028867738,False,False,False,False
2025-02-21 18:00:00+00:00,69.89,70.19,69.865,69.91,12487.0,,,,,,,,,,,,,,,,,,,,,,,,69.10288938047218,,,,,,,,,,,,,,,,,,,,,,,,,69.35386422052792,68.5350854083965,,,,,68.99727966979887,#000000,,68.99727966979887,,70.43042164196314,11.666205588464258,True,False,True,False,True,8.964040315265759,0.0,0.0,0.0,0.0,0,,,False,False,False,False,,,False,False,False,False,18840.0,17437.750442795463,False,False,False,False,2715.3670129163,False,False,False,False
2025-02-21 19:00:00+00:00,69.91,69.98,69.85,69.89,13077.0,,,,,,,,,,,,,,,,,,,,,,,,69.195551970473,,,,,,,,,,,,,,,,,,,,,,,,,69.47588291557656,68.62927758317974,,,,,69.1002374897431,#000000,,69.1002374897431,,72.0435132049337,13.386499061242617,True,False,True,False,True,8.720429986402642,0.0,0.0,0.0,0.0,0,,,False,False,False,False,,,False,False,False,False,5763.0,17256.746559961422,False,False,False,False,2876.012485584264,False,False,False,False
2025-02-21 20:00:00+00:00,69.92,69.97,69.75,69.77,16767.0,,,,,,,,,,,,,,,,,,,,,,,,69.27725542754735,,,,,,,,,,,,,,,,,,,,,,,,,69.55399533407005,68.72644784768745,,,,,69.18589953643495,#000000,,69.18589953643495,,71.24968175509626,13.386499061242617,True,False,True,False,True,7.25922165387205,0.0,0.0,0.0,0.0,0,,,False,False,False,False,,,False,False,False,False,-11004.0,16818.595450504657,False,False,False,False,3091.3766330945855,False,False,False,False
2025-02-24 15:00:00+00:00,69.9,70.26,69.815,70.24,1702.0,,,,,,,,,,,,,,,,,,,,,,,,69.28793624559647,,,,,,,,,,,,,,,,,,,,,,,,,69.56606278577004,68.73768005489335,,,,,69.19722636208662,#000000,,69.19722636208662,,73.21971744723388,15.2487909289421,True,False,True,False,True,11.67632287881905,0.0,0.0,0.0,0.0,0,,,False,False,False,False,,,False,False,False,False,-9302.0,16413.624978403812,False,False,False,False,3069.835910100871,False,False,False,False
2025-02-24 16:00:00+00:00,70.25,70.25,69.89,70.055,1794.0,,,,,,,,,,,,,,,,,,,,,,,,69.29836327688685,,,,,,,,,,,,,,,,,,,,,,,,,69.57732068890343,68.74898234638924,,,,,69.20822210405983,#000000,,69.20822210405983,,71.99597096127945,15.2487909289421,True,False,True,False,True,9.464207992166074,0.0,0.0,0.0,0.0,0,,,False,False,False,False,,,False,False,False,False,-11096.0,15987.119164785148,False,False,False,False,3050.0555083938807,False,False,False,False
2025-02-24 17:00:00+00:00,70.055,70.055,69.78,69.92,991.0,,,,,,,,,,,,,,,,,,,,,,,,69.3029248925286,,,,,,,,,,,,,,,,,,,,,,,,,69.58151879733495,68.75445690327153,,,,,69.21296686437836,#000000,,69.21296686437836,,69.4434139284216,15.2487909289421,True,False,True,False,False,7.8889923199883505,0.0,0.0,0.0,0.0,0,,,False,False,False,False,,,False,False,False,False,-12087.0,15551.86150331561,False,False,False,False,3018.1321671784717,False,False,False,False
2025-02-24 18:00:00+00:00,69.92,70.04,69.89,69.97,1237.0,,,,,,,,,,,,,,,,,,,,,,,,69.30896538997283,,,,,,,,,,,,,,,,,,,,,,,,,69.58734765994583,68.76149973541496,,,,,69.21927092844454,#000000,,69.21927092844454,,68.10152945483382,15.2487909289421,True,False,True,False,False,8.358692771484215,0.0,0.0,0.0,0.0,0,,,False,False,False,False,,,False,False,False,False,-10850.0,15142.530317217692,False,False,False,False,2990.5177149741544,False,False,False,False
2025-02-24 19:00:00+00:00,69.94,70.16,69.75,70.16,2430.0,,,,,,,,,,,,,,,,,,,,,,,,69.32151229213947,,,,,,,,,,,,,,,,,,,,,,,,,69.59993522720973,68.77573873961731,,,,,69.2323954196555,#000000,,69.2323954196555,,68.5277007161856,15.2487909289421,True,False,True,False,False,10.119449137569838,0.0,0.0,0.0,0.0,0,,,False,False,False,False,,,False,False,False,False,-8420.0,14777.219769663929,False,False,False,False,2981.827517842772,False,False,False,False
2025-02-24 20:00:00+00:00,70.16,70.16,69.97,70.06,4815.0,,,,,,,,,,,,,,,,,,,,,,,,69.34646090750556,,,,,,,,,,,,,,,,,,,,,,,,,69.62501093866481,68.80389940663558,,,,,69.25845708426864,#000000,,69.25845708426864,,67.34255693610717,15.2487909289421,True,False,True,False,False,8.928520738318959,0.0,0.0,0.0,0.0,0,,,False,False,False,False,,,False,False,False,False,-13235.0,14342.921788738906,False,False,False,False,3010.248796635907,False,False,False,False
2025-02-25 15:00:00+00:00,71.49,71.77,71.44,71.54,5029.0,,,,,,,,,,,,,,,,,,,,,,,,69.42236767702667,,,,,,,,,,,,,,,,,,,,,,,,,69.72977004219409,68.86597153020172,,,,,69.33936974980749,#000000,,69.33936974980749,,72.55436332971479,16.567720564055918,True,False,True,False,True,20.0,0.0,0.0,0.0,0.0,0,,,False,False,False,False,,,False,False,False,False,-8206.0,13993.32610209179,False,False,False,False,3041.547264905118,False,False,False,False
2025-02-25 16:00:00+00:00,71.54,71.65,71.38,71.39,5146.0,,,,,,,,,,,,,,,,,,,,,,,,69.49119507990747,,,,,,,,,,,,,,,,,,,,,,,,,69.82025752349833,68.924224329808,,,,,69.41189231107127,#000000,,69.41189231107127,,74.4975125116506,18.553076981034252,True,False,True,False,True,18.762412470708888,0.0,0.0,0.0,0.0,0,,,False,False,False,False,,,False,False,False,False,-13352.0,13569.367557873313,False,False,False,False,3074.1744390926356,False,False,False,False
2025-02-25 17:00:00+00:00,71.38,71.68,71.31,71.58,8177.0,,,,,,,,,,,,,,,,,,,,,,,,69.59407207112388,,,,,,,,,,,,,,,,,,,,,,,,,69.95000374224765,69.01333171913849,,,,,69.51913584417001,"rgba(0, 255, 0, 1.0)",0.8793238239621264,69.51913584417001,2.3436919365427697,76.31985557114476,20.457975786230875,True,False,True,False,True,20.0,0.0,0.0,0.0,0.0,0,,,False,False,False,False,,,False,False,False,False,-5175.0,13278.757208138843,False,False,False,False,3153.2880136803465,False,False,False,False
2025-02-25 18:00:00+00:00,71.58,71.63,71.41,71.52,12687.0,,,,,,,,,,,,,,,,,,,,,,,,69.7343311156778,,,,,,,,,,,,,,,,,,,,,,,,,70.11596393656613,69.13993445357411,,,,,69.66340983527269,"rgba(0, 255, 0, 1.0)",0.920290176525316,69.66340983527269,2.0173964822020847,76.85980884058964,21.231244597377383,True,False,True,False,True,19.340955593662148,0.0,0.0,0.0,0.0,0,,,False,False,False,False,,,False,False,False,False,-17862.0,12795.954770803357,False,False,False,False,3301.097501840341,False,False,False,False
2025-02-25 19:00:00+00:00,71.52,71.69,71.49,71.66,6967.0,,,,,,,,,,,,,,,,,,,,,,,,69.80658726829492,,,,,,,,,,,,,,,,,,,,,,,,,70.19811543701324,69.20668363914788,,,,,69.73712878148534,"rgba(0, 255, 255, 0.75)",0.9639039754425028,69.73712878148534,1.9948783981640064,77.67808967908014,22.342161868436392,True,False,True,False,True,20.0,0.0,0.0,0.0,0.0,0,,,False,False,False,False,,,False,False,False,False,-10895.0,12428.653146449817,False,False,False,False,3357.9331994862273,False,False,False,False
2025-02-25 20:00:00+00:00,71.69,71.905,71.635,71.81,18094.0,,,,,,,,,,,,,,,,,,,,,,,,69.98607952901186,,,,,,,,,,,,,,,,,,,,,,,,,70.39581832447621,69.37544642006056,,,,,69.91911475784953,"rgba(0, 255, 255, 0.75)",1.0104082129301717,69.91911475784953,1.8714072371471826,78.70541330106691,23.667477557494053,True,False,True,False,True,20.0,0.0,0.0,0.0,0.0,0,,,False,False,False,False,,,False,False,False,False,7199.0,12347.573252706408,False,False,False,False,3586.399351432177,False,False,False,False
2025-02-26 15:00:00+00:00,71.725,71.94,71.64,71.92,1834.0,,,,,,,,,,,,,,,,,,,,,,,,70.00292593844945,,,,,,,,,,,,,,,,,,,,,,,,,70.41376341195023,69.39165609458774,,,,,69.93611514832914,"rgba(0, 255, 255, 0.75)",1.0573697095636359,69.93611514832914,1.876245208962522,79.73985700750083,24.99070924595287,True,False,True,False,True,20.0,0.0,0.0,0.0,0.0,0,,,False,False,False,False,,,False,False,False,False,9033.0,12296.184520106308,False,False,False,False,3559.23036923943,False,False,False,False
2025-02-26 16:00:00+00:00,71.92,72.1,71.89,72.1,1813.0,,,,,,,,,,,,,,,,,,,,,,,,70.02103730114925,,,,,,,,,,,,,,,,,,,,,,,,,70.43346539768348,69.4087452305076,,,,,69.95441597644678,"rgba(0, 255, 255, 0.75)",1.1071396959310464,69.95441597644678,1.9379523933959286,80.98243865091412,26.483822943982688,True,False,True,False,True,20.0,0.0,0.0,0.0,0.0,0,,,False,False,False,False,,,False,False,False,False,10846.0,12273.701039174428,False,False,False,False,3532.157030181454,False,False,False,False
2025-02-26 17:00:00+00:00,72.11,72.23,72.03,72.13,1141.0,,,,,,,,,,,,,,,,,,,,,,,,70.03282972404769,,,,,,,,,,,,,,,,,,,,,,,,,70.4463816510864,69.41979311142343,,,,,69.9663348288525,"rgba(0, 255, 255, 0.75)",1.1545953310049195,69.9663348288525,1.873959744202604,81.90346660388963,27.653033244892484,True,False,True,False,True,20.0,0.0,0.0,0.0,0.0,0,,,False,False,False,False,,,False,False,False,False,11987.0,12269.256061822885,False,False,False,False,3495.084828163137,False,False,False,False
2025-02-26 18:00:00+00:00,72.13,72.54,72.13,72.44,3704.0,,,,,,,,,,,,,,,,,,,,,,,,70.07449721073733,,,,,,,,,,,,,,,,,,,,,,,,,70.49277706150605,69.45816924730201,,,,,70.00848117318179,"rgba(0, 255, 0, 1.0)",1.2093070311114025,70.00848117318179,2.0106712061233454,83.40322799004183,29.331672529467284,True,False,True,False,True,20.0,0.0,0.0,0.0,0.0,0,,,False,False,False,False,,,False,False,False,False,15691.0,12322.306355438035,False,False,False,False,3498.3238230753363,False,False,False,False
2025-02-26 19:00:00+00:00,72.44,72.56,72.35,72.535,1492.0,,,,,,,,,,,,,,,,,,,,,,,,70.09166062931794,,,,,,,,,,,,,,,,,,,,,,,,,70.51191370285581,69.47392889791004,,,,,70.02583441002794,"rgba(0, 255, 255, 0.75)",1.2644311187463042,70.02583441002794,1.984422522327605,84.64488666359198,30.726509409075874,True,False,True,False,True,20.0,0.0,0.0,0.0,0.0,0,,,False,False,False,False,,,False,False,False,False,17183.0,12397.665946826593,False,False,False,False,3467.2180273687422,False,False,False,False
2025-02-26 20:00:00+00:00,72.535,72.57,72.36,72.36,2254.0,,,,,,,,,,,,,,,,,,,,,,,,70.11657997922843,,,,,,,,,,,,,,,,,,,,,,,,,70.53939523092147,69.49702456426165,,,,,70.05099992480386,"rgba(38, 166, 154, 1.0)",1.3104431476577751,70.6457499436029,1.3081453090590582,82.58119305325374,30.726509409075874,True,False,True,False,False,20.0,0.0,0.0,0.0,0.0,0,,,False,False,False,False,,,False,False,False,False,14929.0,12436.911436023081,False,False,False,False,3448.4084455490715,False,False,False,False
2025-02-27 15:00:00+00:00,72.14,72.255,71.73,71.81,4554.0,,,,,,,,,,,,,,,,,,,,,,,,70.15483725275116,,,,,,,,,,,,,,,,,,,,,,,,,70.57856423451308,69.53485905656278,,,,,70.08942018127567,"rgba(38, 166, 154, 0.5)",1.3390701426164426,70.59122898730811,0.9101621893461843,74.39660800313061,28.899269022839633,True,False,True,False,False,17.387047488861256,0.0,0.0,0.0,0.0,0,,,False,False,False,False,,,False,False,False,False,10375.0,12404.943816859932,False,False,False,False,3465.5493998816437,False,False,False,False
2025-02-27 16:00:00+00:00,71.86,71.97,71.81,71.92,1081.0,,,,,,,,,,,,,,,,,,,,,,,,70.16352521238024,,,,,,,,,,,,,,,,,,,,,,,,,70.58733034066876,69.54355153050237,,,,,70.09813569451713,"rgba(38, 166, 154, 0.5)",1.3688104851089198,70.59102888459047,0.9708948973340019,69.71446513529378,24.91015147057709,True,False,True,False,False,18.1271965536634,0.0,0.0,0.0,0.0,0,,,False,False,False,False,,,False,False,False,False,11456.0,12390.231509621792,False,False,False,False,3428.5796417439437,False,False,False,False
2025-02-27 17:00:00+00:00,71.92,71.92,71.515,71.525,2469.0,,,,,,,,,,,,,,,,,,,,,,,,70.18027453846423,,,,,,,,,,,,,,,,,,,,,,,,,70.60324083309659,69.56111413614565,,,,,70.11487650256883,"rgba(38, 166, 154, 0.5)",1.388669198961407,70.5787720226111,0.6813919240785277,62.91746658619416,19.02856152494364,False,False,True,False,False,13.940449555955581,0.0,0.0,0.0,0.0,0,,,False,False,False,False,,,False,False,False,False,8987.0,12337.46823040285,False,False,False,False,3413.7024379959753,False,False,False,False
2025-02-27 18:00:00+00:00,71.525,71.72,71.525,71.635,2550.0,,,,,,,,,,,,,,,,,,,,,,,,70.19687646196527,,,,,,,,,,,,,,,,,,,,,,,,,70.61877747217312,69.57872127824817,,,,,70.13145840412885,"rgba(38, 166, 154, 0.5)",1.4068522079931163,70.57422926172694,0.7540029665136326,59.30072468618582,16.11491152360452,False,False,True,False,False,14.710661450300162,0.0,0.0,0.0,0.0,0,,,False,False,False,False,,,False,False,False,False,11537.0,12325.057870241566,False,False,False,False,3400.3117025231695,False,False,False,False
2025-02-27 19:00:00+00:00,71.635,71.755,71.58,71.7,1184.0,,,,,,,,,,,,,,,,,,,,,,,,70.20472998425456,,,,,,,,,,,,,,,,,,,,,,,,,70.62619374309075,69.58699855937687,,,,,70.13930742890739,"rgba(38, 166, 154, 0.5)",1.4253747476264418,70.57540656988283,0.7889808851951846,57.444660227009905,14.621864851997742,False,False,True,False,False,15.165755363801747,0.0,0.0,0.0,0.0,0,,,False,False,False,False,,,False,False,False,False,12721.0,12331.196507912238,False,False,False,False,3365.950280778624,False,False,False,False
2025-02-27 20:00:00+00:00,71.705,71.75,71.47,71.66,4879.0,,,,,,,,,,,,,,,,,,,,,,,,70.23512831691671,,,,,,,,,,,,,,,,,,,,,,,,71.62666666666667,70.6542414308917,69.61960389827398,,,,,70.53391007818726,"rgba(38, 166, 154, 0.5)",1.4406150150618284,70.79064778563591,0.6034590819024428,55.78660512825349,13.0748584621617,False,True,True,False,False,14.740383277657763,0.0,0.0,0.0,0.0,0,,,False,False,False,False,,,False,False,False,False,7842.0,12261.596562053133,False,False,False,False,3389.408415960351,False,False,False,False
2025-02-28 15:00:00+00:00,72.2,72.36,71.81,71.97,1553.0,,,,,,,,,,,,,,,,,,,,,,,,70.24737200996329,,,,,,,,,,,,,,,,,,,,,,,,71.72807524875621,70.66655676038933,69.63189092084602,,,,,70.56847373498871,"rgba(38, 166, 154, 0.5)",1.4617106540064644,70.82176531294388,0.7855417102617898,57.37415146639508,13.0748584621617,False,True,True,False,False,16.90769604637372,0.0,0.0,0.0,0.0,0,,,False,False,False,False,,,False,False,False,False,9395.0,12217.153204501921,False,False,False,False,3360.9369676508877,False,False,False,False
2025-02-28 16:00:00+00:00,72.0,72.315,71.83,71.86,623.0,,,,,,,,,,,,,,,,,,,,,,,,70.25211561053241,,,,,,,,,,,,,,,,,,,,,,,,71.75223505787856,70.6712770602078,69.63669387440845,,,,,70.57808040075682,"rgba(38, 166, 154, 0.5)",1.4782063089744477,70.8304330632167,0.6964974581238201,57.15006508723529,13.0748584621617,False,True,True,False,False,15.726198419059681,0.0,0.0,0.0,0.0,0,,,False,False,False,False,,,False,False,False,False,8772.0,12163.739976525147,False,False,False,False,3318.4883324935095,False,False,False,False
2025-02-28 17:00:00+00:00,71.86,72.09,71.83,72.0,695.0,,,,,,,,,,,,,,,,,,,,,,,,70.2572920371853,,,,,,,,,,,,,,,,,,,,,,,,71.77206258064516,70.67639234173889,69.64196506569117,,,,,70.58692800631512,"rgba(38, 166, 154, 0.5)",1.496224070274381,70.83836066040114,0.7763805987868112,58.20424686641665,13.0748584621617,False,True,True,False,False,16.699533285517514,0.0,0.0,0.0,0.0,0,,,False,False,False,False,,,False,False,False,False,9467.0,12121.930054408478,False,False,False,False,3277.8140947804313,False,False,False,False
2025-02-28 18:00:00+00:00,72.08,72.425,71.97,72.425,2094.0,,,,,,,,,,,,,,,,,,,,,,,,70.27539576623826,,,,,,,,,,,,,,,,,,,,,,,,71.87869209670865,70.6950737705376,69.6597293910681,,,,,70.62722275613815,"rgba(38, 166, 154, 1.0)",1.4926465340714925,70.87810676161729,1.0363426324136142,61.839509301168476,13.0748584621617,False,False,True,False,True,19.521544154662966,0.0,0.0,0.0,0.0,0,,,False,False,False,False,,,False,False,False,False,11561.0,12113.233464417648,False,False,False,False,3259.4603878846106,False,False,False,False
2025-02-28 19:00:00+00:00,72.425,72.425,72.1,72.305,2525.0,,,,,,,,,,,,,,,,,,,,,,,,70.29683364868725,,,,,,,,,,,,,,,,,,,,,,,,71.95993437895815,70.71707349544052,69.68086058505114,,,,,70.66367552703426,"rgba(38, 166, 154, 0.5)",1.4938927473351298,70.91480788695374,0.9305836148720534,62.74765478142278,13.0748584621617,False,False,True,False,True,18.22146789395291,0.0,0.0,0.0,0.0,0,,,False,False,False,False,,,False,False,False,False,9036.0,12065.524418457686,False,False,False,False,3248.0734051267095,False,False,False,False
2025-02-28 20:00:00+00:00,72.25,72.96,72.185,72.95,7235.0,,,,,,,,,,,,,,,,,,,,,,,,70.36835009954079,,,,,,,,,,,,,,,,,,,,,,,,72.23244592940216,70.79301298997146,69.74909719205134,,,,,70.78572655274144,"rgba(38, 166, 154, 1.0)",1.5122537771440494,71.04590096362398,1.2591134273587268,66.71446318272255,10.557605295475184,False,False,True,False,True,20.0,0.0,0.0,0.0,0.0,0,,,False,False,False,False,,,False,False,False,False,16271.0,12130.725590264543,False,False,False,False,3309.8862205511014,False,False,False,False
2025-03-03 15:00:00+00:00,72.52,73.06,72.52,73.03,9010.0,,,,,,,,,,,,,,,,,,,,,,,,70.45780856541474,,,,,,,,,,,,,,,,,,,,,,,,72.43319948277066,70.88763582628394,69.83458006406299,,,,,70.90330598463308,"rgba(38, 166, 154, 1.0)",1.5262436872245357,71.17302050384316,1.2166992150078892,69.68174326957352,13.481476425841791,True,False,True,False,True,20.0,0.0,0.0,0.0,0.0,0,,,False,False,False,False,,,False,False,False,False,25281.0,12334.605813671295,False,False,False,False,3398.260077596821,False,False,False,False
2025-03-03 16:00:00+00:00,73.03,73.14,72.75,73.06,1389.0,,,,,,,,,,,,,,,,,,,,,,,,70.47165495023972,,,,,,,,,,,,,,,,,,,,,,,,72.45866813318668,70.90225183269733,69.84781997218991,,,,,70.92009872207842,"rgba(38, 166, 154, 1.0)",1.533419199515055,71.19106288362335,1.2188037797933595,71.78880991457646,15.598065347943717,True,False,True,False,True,20.0,0.0,0.0,0.0,0.0,0,,,False,False,False,False,,,False,False,False,False,26670.0,12556.859987102747,False,False,False,False,3367.1087585643118,False,False,False,False
2025-03-03 17:00:00+00:00,73.06,73.18,72.88,73.17,2419.0,,,,,,,,,,,,,,,,,,,,,,,,70.49629269999649,,,,,,,,,,,,,,,,,,,,,,,,72.50477690045852,70.92834537162437,69.87129243737884,,,,,70.95017685236455,"rgba(38, 166, 154, 1.0)",1.5388744131537855,71.22346449575126,1.2649086160705556,73.68460038093697,17.558000807676848,True,False,True,False,True,20.0,0.0,0.0,0.0,0.0,0,,,False,False,False,False,,,False,False,False,False,29089.0,12813.17223536472,False,False,False,False,3352.4093979664153,False,False,False,False
2025-03-03 18:00:00+00:00,73.15,73.37,73.14,73.265,5656.0,,,,,,,,,,,,,,,,,,,,,,,,70.55605064716316,,,,,,,,,,,,,,,,,,,,,,,,72.61670807290298,70.99193700388449,69.92790142262908,,,,,71.02314928664492,"rgba(38, 166, 154, 1.0)",1.567960047868458,71.30226168220713,1.2517782710478416,75.3710878591512,19.361956316758523,True,False,True,False,True,20.0,0.0,0.0,0.0,0.0,0,,,False,False,False,False,,,False,False,False,False,34745.0,13153.200572800926,False,False,False,False,3388.12398094368,False,False,False,False
2025-03-03 19:00:00+00:00,73.265,73.29,73.035,73.2,11467.0,,,,,,,,,,,,,,,,,,,,,,,,70.66610045561704,,,,,,,,,,,,,,,,,,,,,,,,72.74592259562014,71.106399529954,70.03432274488058,,,,,71.13818633151794,"rgba(38, 166, 154, 1.0)",1.591689637115491,71.42154704332981,1.1173365178736483,75.40534333755033,19.708331048768628,True,False,True,False,True,20.0,0.0,0.0,0.0,0.0,0,,,False,False,False,False,,,False,False,False,False,23278.0,13310.174207331145,False,False,False,False,3513.377872711995,False,False,False,False
2025-03-03 20:00:00+00:00,73.2,73.515,73.19,73.49,17653.0,,,,,,,,,,,,,,,,,,,,,,,73.39833333333333,70.83210723254963,,,,,,,,,,,,,,,,,,,,,,,,72.91731172554739,71.27758062377922,70.19590062244181,,,,,71.72424670753027,"rgba(38, 166, 154, 0.5)",1.6229080283455395,71.89322742501265,0.9838959122133112,76.83836301639579,21.425685573591807,True,False,True,False,True,20.0,0.0,0.0,0.0,0.0,0,,,False,False,False,False,,,False,False,False,False,40931.0,13738.404064581826,False,True,False,False,3732.5968204218866,False,False,False,False
2025-03-04 15:00:00+00:00,73.03,73.44,72.76,72.97,4536.0,,,,,,,,,,,,,,,,,,,,,,,73.32848791443207,70.86630350403338,,,,,,,,,,,,,,,,,,,,,,,,72.92612364197359,71.31108097991762,70.23077723008669,,,,,71.73255465408867,"rgba(38, 166, 154, 0.5)",1.639360449896428,71.90295654135319,0.6508900826015545,70.93550681970639,26.539988483041398,True,False,True,False,False,19.3196847295955,0.0,0.0,0.0,0.0,0,,,False,False,False,False,,,False,False,False,False,36395.0,14089.669117844123,False,False,False,False,3745.0526836711597,False,False,False,False
2025-03-04 16:00:00+00:00,73.01,73.255,72.575,72.64,6604.0,,,,,,,,,,,,,,,,,,,,,,,73.21262500144712,70.90914391927951,,,,,,,,,,,,,,,,,,,,,,,,72.91745827908125,71.35143296497573,70.27599125626202,,,,,71.73333028420913,#000000,1.651613142649605,71.9044170258224,0.44537243933379117,63.933099841171796,20.13639763696672,False,True,True,False,False,15.967520570352189,0.0,0.0,0.0,0.0,0,,,False,False,False,False,,,False,False,False,False,29791.0,14333.100604389176,False,False,False,False,3789.3774482654053,False,False,False,False
2025-03-04 17:00:00+00:00,72.58,72.705,72.25,72.45,3188.0,,,,,,,,,,,,,,,,,,,,,,,73.13843089125835,70.92544817862856,,,,,,,,,,,,,,,,,,,,,,,,72.89989565700922,71.36563687339522,70.29429431194933,,,,,71.72474118244813,#000000,1.6564316444673233,71.89563952727978,0.3346715058069849,57.74090467595469,14.698532401213868,False,True,True,False,False,14.106941796767138,0.0,0.0,0.0,0.0,0,,,False,False,False,False,,,False,False,False,False,26603.0,14523.331602770739,False,False,False,False,3780.0537668969496,False,False,False,False
2025-03-04 18:00:00+00:00,72.42,72.47,71.98,72.085,5966.0,,,,,,,,,,,,,,,,,,,,,,,72.98748504493108,70.94949522847452,,,,,,,,,,,,,,,,,,,,,,,,72.85069297764367,71.3845286169048,70.32327691183737,,,,,71.69909575595828,#000000,1.664073342761675,71.86867141648456,0.12999942848457502,51.11513268318938,8.93980365357185,False,True,False,False,False,10.672042468964843,0.0,0.0,0.0,0.0,0,,,False,False,False,False,,,False,False,False,False,20637.0,14618.11715931693,False,False,False,False,3813.944406169865,False,False,False,False
2025-03-04 19:00:00+00:00,72.105,72.2,71.94,72.06,870.0,,,,,,,,,,,,,,,,,,,,,,,72.96684687121622,70.95261334629423,,,,,,,,,,,,,,,,,,,,,,,,72.84297356329644,71.38683314629212,70.32717906927881,,,,,71.69528919927556,#000000,1.6707206515439432,71.86457952638837,0.1169677728177013,46.53930924537185,5.063483397599683,False,True,False,True,False,10.441848374503088,0.0,0.0,0.0,0.0,0,,,False,False,False,False,,,False,False,False,False,19767.0,14697.944800257752,False,False,False,False,3768.301857236999,False,False,False,False
2025-03-04 20:00:00+00:00,72.08,72.2,71.795,72.035,8670.0,,,,,,,,,,,,,,,,,,,,,,,72.79214932507844,70.98122820406375,,,,,,,,,,,,,,,,,,,,,,,,72.76854573748867,71.40713021574896,70.36389608630184,,,,,71.66258991373634,#000000,1.673968091443529,71.82821426895008,0.12353027044356606,43.314988474743075,2.268309774325701,False,True,False,True,False,10.208228107709825,0.0,0.0,0.0,0.0,0,,,False,False,False,False,,,False,False,False,False,11097.0,14642.116198703367,False,False,False,False,3844.297177279836,False,False,False,False
2025-03-05 15:00:00+00:00,71.83,71.89,71.06,71.11,2965.0,,,,,,,,,,,,,,,,,,,,,,,72.70759193556911,70.98464035500079,,,,,,,,,,,,,,,,,,,,,,,,72.72658343083627,71.40653758938501,70.37122424416522,,,,,71.63931551099128,#000000,1.669512465923448,71.80317508942933,-0.41519611478068214,36.652406581773846,-3.811492607022842,False,True,False,True,False,2.235075037973502,0.0,0.0,0.0,0.0,0,,,False,False,False,False,,,False,False,False,False,8132.0,14541.184164614942,False,False,False,False,3830.6646629034044,False,False,False,False
2025-03-05 16:00:00+00:00,71.11,71.78,71.11,71.485,948.0,,,,,,,,,,,,,,,,,,,,,,,72.68455113488974,70.98602510612929,,,,,,,,,,,,,,,,,,,,,,,,72.71467297373158,71.40671938132014,70.37379248717015,,,,,71.63315221664818,#000000,1.6672266500696953,71.7964400985955,-0.18680129578211702,35.87731181764823,-4.517543039746791,False,True,False,True,False,4.9467661347820595,0.0,0.0,0.0,0.0,0,,,False,False,False,False,,,False,False,False,False,9080.0,14456.514642682929,False,False,False,False,3785.972187509553,False,False,False,False
2025-03-05 17:00:00+00:00,71.485,71.485,71.075,71.11,970.0,,,,,,,,,,,,,,,,,,,,,,,72.65748637897015,70.986732813749,,,,,,,,,,,,,,,,,,,,,,,,72.70047879769089,71.40606315542242,70.3758411104592,,,,,71.62532045125833,#000000,1.6616739633153894,71.78797716413516,-0.40800853783762137,33.77044598243566,-6.753739725045229,False,True,False,True,False,2.018002623219523,0.0,0.0,0.0,0.0,0,,,False,False,False,False,,,False,False,False,False,8110.0,14358.11906682738,False,False,False,False,3742.313703982273,False,False,False,False
2025-03-05 18:00:00+00:00,71.11,71.39,71.09,71.3,2887.0,,,,,,,,,,,,,,,,,,,,,,,72.58447222373033,70.98913698738676,,,,,,,,,,,,,,,,,,,,,,,,72.66079766289448,71.40452393119652,70.3821416441433,,,,,71.60421448987027,#000000,1.6565523407540037,71.76496075093013,-0.28067978263729254,34.08934149761237,-6.864758974106579,False,True,False,True,False,3.374586968105586,0.0,0.0,0.0,0.0,0,,,False,False,False,False,,,False,False,False,False,10997.0,14306.008693698272,False,False,False,False,3729.0530264011522,False,False,False,False
2025-03-05 19:00:00+00:00,71.3,71.435,71.075,71.33,2577.0,,,,,,,,,,,,,,,,,,,,,,,72.52634681444593,70.99140339074273,,,,,,,,,,,,,,,,,,,,,,,,72.62765975345894,71.40336351023616,70.38781668187346,,,,,71.58731803015145,#000000,1.651177166761927,71.74632378034808,-0.2521375590267636,34.58196041302145,-6.9598595974001825,False,True,False,True,False,3.5884526385792626,0.0,0.0,0.0,0.0,0,,,False,False,False,False,,,False,False,False,False,13574.0,14294.65972170295,False,False,False,False,3711.1917391701263,False,False,False,False
2025-03-05 20:00:00+00:00,71.44,71.44,71.155,71.19,6405.0,,,,,,,,,,,,,,,,,,,,,,,72.40025088601419,70.99653803143605,,,,,,,,,,,,,,,,,,,,,,,,72.55076681841618,71.40015588644512,70.40133220804748,,,,,71.5498087660718,#000000,1.6448297373481462,71.70438333122756,-0.3127274024464505,34.16000762129987,-8.054084814302456,False,True,False,True,False,2.486705728480157,0.0,0.0,0.0,0.0,0,,,False,False,False,False,,,False,False,False,False,7169.0,14184.184377180423,False,False,False,False,3752.9562083302794,False,False,False,False
2025-03-06 15:00:00+00:00,70.8,70.81,70.04,70.36,5654.0,,,,,,,,,,,,,,,,,,,,,,,72.23871007587788,70.9867534757169,,,,,,,,,,,,,,,,,,,,,,,70.40333333333335,72.44911082179317,71.3806266682837,70.40135916170165,,,,,71.30998225611778,"rgba(239, 83, 80, 0.5)",1.6382016947838562,71.4641906462501,-0.6740260675873552,30.582302126152847,-12.015710414626334,False,True,False,True,False,0.0,0.0,0.0,0.0,0.0,0,,,False,False,False,False,,,False,False,False,False,1515.0,13987.762913968323,False,False,False,False,3782.4297554879495,False,False,False,False
2025-03-06 16:00:00+00:00,70.33,70.53,70.115,70.53,4934.0,,,,,,,,,,,,,,,,,,,,,,,72.11691831379937,70.97830937227688,,,,,,,,,,,,,,,,,,,,,,,70.39789667548169,72.36748931967537,71.36400300027141,70.40124655937649,,,,,71.27097720681354,"rgba(239, 83, 80, 0.5)",1.6309608012257806,71.42058798792333,-0.5460511296494597,29.83117084733726,-13.233516931242377,False,True,False,True,False,0.0,0.0,0.0,0.0,0.0,0,,,False,False,False,False,,,False,False,False,False,6449.0,13870.882868790519,False,False,False,False,3800.2835577284463,False,False,False,False
2025-03-06 17:00:00+00:00,70.53,71.005,70.39,70.78,2330.0,,,,,,,,,,,,,,,,,,,,,,,72.0748849315897,70.97662328201642,,,,,,,,,,,,,,,,,,,,,,,70.45689580430408,72.33728458640483,71.35897061325385,70.4030130317187,,,,,71.26794537488126,#000000,1.6232290419168907,71.41422259775632,-0.390716640337681,31.618356706513453,-13.233516931242377,False,True,False,True,False,0.0,0.0,0.0,0.0,0.0,0,,,False,False,False,False,,,False,False,False,False,8779.0,13791.938948344154,False,False,False,False,3777.4884638101757,False,False,False,False
2025-03-06 18:00:00+00:00,70.8,71.26,70.8,71.14,1926.0,,,,,,,,,,,,,,,,,,,,,,,72.05033062310062,70.97711600037502,,,,,,,,,,,,,,,,,,,,,,,70.53601320398816,72.31825910118066,71.35708006335668,70.40599278256063,,,,,71.27413196242696,#000000,1.6077510396219024,71.41716334721211,-0.17239195645445862,35.71118310142136,-13.233516931242377,False,True,False,True,True,2.038572064734268,0.0,0.0,0.0,0.0,0,,,False,False,False,False,,,False,False,False,False,10705.0,13744.079429765174,False,False,False,False,3748.7832163092426,False,False,False,False
2025-03-06 19:00:00+00:00,71.15,71.155,70.89,70.99,431.0,,,,,,,,,,,,,,,,,,,,,,,72.04470061875895,70.97715825681131,,,,,,,,,,,,,,,,,,,,,,,70.5494342607747,72.31389566012444,71.35658085079271,70.4066007245904,,,,,71.27472839530876,#000000,1.5881123703632567,71.41713104520775,-0.26895517797022056,37.57309511695376,-18.719045232324934,False,True,False,True,True,0.958117408939529,0.0,0.0,0.0,0.0,0,,,False,False,False,False,,,False,False,False,False,10274.0,13690.279748683542,False,False,False,False,3697.3447168315797,False,False,False,False
2025-03-06 20:00:00+00:00,70.99,71.02,70.795,70.8,4391.0,,,,,,,,,,,,,,,,,,,,,,,71.98331223804699,70.97585999430112,,,,,,,,,,,,,,,,,,,,,,,70.62138191125125,72.26644097664544,71.34954446966968,70.4113083884492,,,,,71.26797466306061,#000000,1.5646904825895138,71.40539043741902,-0.3869074709377128,37.742978572697865,-18.225340454062323,False,True,False,True,True,0.0,0.0,0.0,0.0,0.0,0,,,False,False,False,False,,,False,False,False,False,5883.0,13569.236651804727,False,False,False,False,3708.099062307059,False,False,False,False
2025-03-07 15:00:00+00:00,71.23,71.36,70.86,71.06,2013.0,,,,,,,,,,,,,,,,,,,,,,,71.962460640766,70.97651904825607,,,,,,,,,,,,,,,,,,,,,,,70.6652048833741,72.2490084254249,71.34785136673013,70.41445875287212,,,,,71.26925051957055,#000000,1.538817792397169,71.4042986132443,-0.22374228771292215,40.06457830561308,-15.689922286956374,False,True,False,True,True,1.434652632473604,0.0,0.0,0.0,0.0,0,,,False,False,False,False,,,False,False,False,False,7896.0,13481.279494412405,False,False,False,False,3681.8184566898954,False,False,False,False
2025-03-07 16:00:00+00:00,70.99,71.47,70.98,71.35,3941.0,,,,,,,,,,,,,,,,,,,,,,,71.9319447875746,70.9796712878602,,,,,,,,,,,,,,,,,,,,,,,70.75772482435599,72.221237279179,71.34681446024179,70.42209638943275,,,,,71.27658150477404,#000000,1.5104903207266531,71.40710548648464,-0.03780592679148896,43.79395023903404,-11.96646372529267,False,True,False,True,True,3.4111886167172862,0.0,0.0,0.0,0.0,0,,,False,False,False,False,,,False,False,False,False,11837.0,13455.786789072677,False,False,False,False,3685.836775190827,False,False,False,False
2025-03-07 17:00:00+00:00,71.35,71.5,70.82,70.99,7000.0,,,,,,,,,,,,,,,,,,,,,,,71.87206103717774,70.98201242825087,,,,,,,,,,,,,,,,,,,,,,,70.83188974044555,72.1677870481681,71.3414133875859,70.43277080996945,,,,,71.2713224085996,#000000,1.47636646736027,71.39582545840953,-0.27488124891860366,43.85665178314328,-11.683400334945922,False,True,False,True,True,0.8303955464051356,0.0,0.0,0.0,0.0,0,,,False,False,False,False,,,False,False,False,False,4837.0,13322.162187691705,False,False,False,False,3737.2191507692637,False,False,False,False
2025-03-07 18:00:00+00:00,70.9,70.9,70.41,70.45,1224.0,,,,,,,,,,,,,,,,,,,,,,,71.85602030932985,70.98070801199367,,,,,,,,,,,,,,,,,,,,,,,70.82302101800418,72.15467780502345,71.33849718263174,70.43319131204127,,,,,71.26435260650403,"rgba(239, 83, 80, 0.5)",1.4452245063912288,71.38816875093606,-0.649150873644327,41.06675325017742,-11.683400334945922,False,True,False,True,False,0.0,0.0,0.0,0.0,0.0,0,,,False,False,False,False,,,False,False,False,False,3613.0,13171.632541370904,False,False,False,False,3698.254512772841,False,False,False,False
2025-03-07 19:00:00+00:00,70.45,70.48,70.33,70.37,1079.0,,,,,,,,,,,,,,,,,,,,,,,71.84010454273478,70.97900454775137,,,,,,,,,,,,,,,,,,,,,,,70.8097451536237,72.14189770264123,71.33528879227173,70.43309553714589,,,,,71.25652271269477,"rgba(239, 83, 80, 0.5)",1.408539247167329,71.37981207760782,-0.7169215054806756,38.83790372763219,-11.683400334945922,False,True,False,True,False,0.0,0.0,0.0,0.0,0.0,0,,,False,False,False,False,,,False,False,False,False,2534.0,13006.708005845772,False,False,False,False,3657.6459156755873,False,False,False,False
2025-03-07 20:00:00+00:00,70.37,70.43,70.28,70.43,6709.0,,,,,,,,,,,,,,,,,,,,,,,71.7475783421963,70.96839437006449,,,,,,,,,,,,,,,,,,,,,,,70.74049168908533,72.06584007867059,71.31554274898609,70.43231392718359,,,,,71.21169352603107,"rgba(239, 83, 80, 0.5)",1.3647969785989,71.33155134321193,-0.6605754242931083,37.912830261777714,-6.83475589121813,False,True,False,True,False,0.0,0.0,0.0,0.0,0.0,0,,,False,False,False,False,,,False,False,False,False,9243.0,12948.355943739636,False,False,False,False,3704.953730936431,False,False,False,False
2025-03-10 14:00:00+00:00,71.62,72.08,71.62,71.97,3848.0,,,,,,,,,,,,,,,,,,,,,,71.88999999999999,71.75257327050616,70.9776632018588,,,,,,,,,,,,,,,,,,,,,,,70.83775,72.06159158169247,71.3222734741891,70.44451848032078,,,,,71.32662428693818,#000000,1.3228209959731054,71.41668765253188,0.4182821025312569,46.362483925519705,-9.425540469795692,False,True,False,True,True,6.877727756585582,0.0,0.0,0.0,0.0,0,,,False,False,False,False,,,False,False,False,False,13091.0,12950.56747949561,False,False,False,False,3707.1715025498197,False,False,False,False
2025-03-10 15:00:00+00:00,71.96,72.08,71.34,71.94,8400.0,,,,,,,,,,,,,,,,,,,,,71.78666666666666,71.81913128674069,71.75499781294005,70.99504292740063,,,,,,,,,,,,,,,,,,,,,,,70.98568801039347,72.04781778835451,71.33385500508182,70.46860847398592,,,,,71.39897599644547,#000000,1.2828326342775416,71.4696557338244,0.3666450740399875,51.80080680242382,-4.64231965568856,False,False,True,False,True,6.67400187069218,0.0,0.0,0.0,0.0,0,,,False,False,False,False,0.16120141689157552,0.16120141689157552,False,False,False,False,4691.0,12822.512169735988,False,False,False,False,3779.9285335180393,False,False,False,False
2025-03-10 16:00:00+00:00,71.94,71.94,71.94,71.94,0.0,,,,,,,,,,,,,,,,,,,,,71.78666666666666,71.81913128674069,71.75499781294005,70.99504292740063,,,,,,,,,,,,,,,,,,,,,,,70.98568801039347,72.04781778835451,71.33385500508182,70.46860847398592,,,,,71.39897599644547,#000000,1.2384990807315366,71.4696557338244,0.3797695722937365,55.426355387026575,-1.5408661914116593,False,False,True,False,True,6.67400187069218,0.0,0.0,0.0,0.0,0,0.9761878754778809,0.9595849262697987,False,False,False,False,0.18575739995376142,0.17347940842266846,False,False,False,False,4691.0,12696.44221361605,False,False,False,False,3721.3249903627207,False,False,False,False
2025-03-10 17:00:00+00:00,71.94,71.94,71.53,71.67,1555.0,,,,,,,,,,,,,,,,,,,,,71.775211786372,71.80721244173971,71.75445643999531,70.99788817449722,,,,,,,,,,,,,,,,,,,,,,,71.00609909503623,72.04474411856826,71.33559888999218,70.47273058858939,,,,,71.39924269184878,#000000,1.2000809769974852,71.4695895247546,0.16699746024373938,55.85447979956953,-1.212286233994007,True,False,True,False,True,4.813009979092655,0.0,0.0,0.0,0.0,0,0.9624822772385212,0.9635729087141465,False,False,False,False,0.16386071520315112,0.16867006181290978,False,False,False,False,3136.0,12548.218303327429,False,False,False,False,3687.7385564036085,False,False,False,False
2025-03-10 18:00:00+00:00,71.57,71.655,71.39,71.655,5756.0,,,,,,,,,,,,,,,,,,,,,71.69880762947405,71.73642244831875,71.74583874139624,71.00610741782151,,,,,,,,,,,,,,,,,,,,,,,71.05882951196527,72.02901722150784,71.3394637619673,70.48597820080171,,,,,71.38755811665658,#000000,1.1595120051512944,71.45762792410173,0.17021995030790465,56.028088229991674,-0.8370764565517419,True,False,True,False,True,4.710048413584577,0.0,0.0,0.0,0.0,0,0.9597913497065856,0.9641382308193879,False,False,False,False,0.14132590176424317,0.1549979817885765,False,False,False,False,-2620.0,12313.052128082041,False,False,False,False,3719.804625296576,False,False,False,False
2025-03-10 19:00:00+00:00,71.635,71.785,71.39,71.44,8464.0,,,,,,,,,,,,,,,,,,,,,71.6426233712513,71.67659208507297,71.73272145627634,71.01718150173063,,,,,,,,,,,,,,,,,,,,,,,71.1170955423157,72.00637673377345,71.34423758825018,70.5043900432435,,,,,71.38015229023927,#000000,1.1176692003635627,71.44876038848435,-0.007838087048920936,54.507638366286365,-0.8370764565517419,True,False,True,False,True,3.233941601793344,0.0,0.0,0.0,0.0,0,0.9605191995673337,0.962358031368308,False,False,False,False,0.1482027466596318,0.15160036422410414,False,False,False,False,-11084.0,11950.307133848211,False,False,False,False,3793.3580419586447,False,False,False,False
2025-03-11 14:00:00+00:00,71.19,71.71,71.05,71.38,2115.0,,,,,,,,,,,,,,,,,,,,,71.62149562571321,71.65577808746433,71.72723648189945,71.019058153725,,,,,,,,,,,,,,,,,,,,,,,71.12484310993452,71.99923710438291,71.34445082522578,70.50820145424758,,,,,71.3750376053241,#000000,1.0762757232383882,71.44348700552956,-0.058987677747242534,53.03752268689059,-0.8370764565517419,False,False,True,False,False,2.8235462408041805,0.0,0.0,0.0,0.0,0,0.9515766969535008,0.9650454302512034,False,False,False,False,0.12629516867191948,0.13894776644801182,False,False,False,False,-13199.0,11560.395395338935,False,False,False,False,3767.3369870445567,False,False,False,False
2025-03-11 15:00:00+00:00,71.52,71.52,70.58,70.65,2116.0,,,,,,,,,,,,,,,,,,,,,71.56899199699595,71.60728922510903,71.71481899245849,71.01853101873816,,,,,,,,,,,,,,,,,,,,,,,71.11888120437793,71.98703100300172,71.3419140461157,70.5099725753052,,,,,71.35842875776277,"rgba(239, 83, 80, 0.5)",1.0351949592243412,71.42747158048142,-0.7510388005211769,47.5992718208928,4.04645696602536,False,False,False,True,False,0.0,0.0,0.0,0.0,0.0,0,0.9418445683037123,0.9715006835629412,False,False,False,False,0.09169252170754244,0.11532014407777713,False,False,False,False,-15315.0,11143.722598511975,False,False,False,False,3741.7348632144085,False,False,False,False
2025-03-11 16:00:00+00:00,70.76,70.95,70.76,70.9,3522.0,,,,,,,,,,,,,,,,,,,,,71.49188570116095,71.5347061344663,71.69381288225892,71.01726906564834,,,,,,,,,,,,,,,,,,,,,,,71.1075573153507,71.96645387010614,71.33730162518373,70.51255233541868,,,,,71.33269236619921,"rgba(239, 83, 80, 0.5)",0.982197604932437,71.40247914684196,-0.5115866138530379,45.94093578614617,2.367845573239819,False,False,False,True,False,0.0,0.0,0.0,0.0,0.0,0,0.9412876798655604,0.9852956622203556,False,False,False,False,0.07135317960685161,0.09333666184231437,False,False,False,False,-11793.0,10788.114496209462,False,False,False,False,3738.3281211490685,False,False,False,False
2025-03-11 17:00:00+00:00,70.9,71.25,70.9,71.08,820.0,,,,,,,,,,,,,,,,,,,,,71.48148874231505,71.52444292636717,71.69026076214139,71.0173863287084,,,,,,,,,,,,,,,,,,,,,,,71.1072335140018,71.96265397475157,71.33670987820106,70.51349186715277,,,,,71.32920849920491,#000000,0.9595600061514056,71.39899154462886,-0.33243522300211986,46.17869499714865,2.3593280847139013,False,False,False,True,False,0.8148102936614734,0.0,0.0,0.0,0.0,0,0.9499527856468366,0.9751337740006301,False,False,False,False,0.09430525733357305,0.0938209595879437,False,False,False,False,-10973.0,10450.732876113192,False,False,False,False,3693.0827239219507,False,False,False,False
2025-03-11 18:00:00+00:00,71.08,71.08,70.37,70.44,1780.0,,,,,,,,,,,,,,,,,,,,,71.43759248532592,71.48295584045583,71.67717720299207,71.01573328027322,,,,,,,,,,,,,,,,,,,,,,,71.09661613005366,71.9504134071582,71.33324398193685,70.5139115675858,,,,,71.31345548697269,"rgba(239, 83, 80, 1.0)",0.940126203910496,71.38372613535397,-1.0038292001951437,42.926306707289115,-0.9726637873604602,False,True,False,True,False,0.0,0.0,0.0,0.0,0.0,0,0.9431240269849506,0.9730150492994298,False,False,False,False,0.05782731730093384,0.07582413844443878,False,False,False,False,-12753.0,10090.985079584307,False,False,False,False,3663.422526651843,False,False,False,False
2025-03-11 19:00:00+00:00,70.56,70.7,70.56,70.66,2232.0,,,,,,,,,,,,,,,,,,,,,71.389164127675,71.43662316128184,71.66137302958101,71.01373352187055,,,,,,,,,,,,,,,,,,,,,,,71.08422353274968,71.93549256723666,71.32900684865861,70.51447855743612,,,,,71.29551191831119,"rgba(239, 83, 80, 0.5)",0.9266166782809105,71.3662349524864,-0.7621651639129005,42.41505875048864,-1.7277744213123896,False,True,False,True,False,0.0,0.0,0.0,0.0,0.0,0,0.9444962203582892,0.9778399088743921,False,False,False,False,0.047956661722264,0.06189040008335139,False,False,False,False,-10521.0,9771.419419435713,False,False,False,False,3641.229929339411,False,False,False,False
2025-03-12 14:00:00+00:00,70.32,70.6,70.15,70.35,1002.0,,,,,,,,,,,,,,,,,,,,,71.36203255477287,71.41085780661699,71.65257667089318,71.01219116764318,,,,,,,,,,,,,,,,,,,,,,,71.07558616243402,71.92751410981292,71.32637356185295,70.51418076949109,,,,,71.28516410043966,"rgba(239, 83, 80, 1.0)",0.9177493916891614,71.35621140158563,-1.0963901591192025,40.55268392338314,-3.7942705522122324,False,True,False,True,False,0.0,0.0,0.0,0.0,0.0,0,0.936857260386672,0.9776840806252576,False,False,False,False,0.021502522897836007,0.0416964614905937,False,False,False,False,-11523.0,9441.27338192508,False,False,False,False,3600.3116358612806,False,False,False,False
2025-03-12 15:00:00+00:00,70.48,70.58,70.17,70.27,982.0,,,,,,,,,,,,,,,,,,,,,71.33612826071993,71.38616813799148,71.6438947077723,71.01062456736591,,,,,,,,,,,,,,,,,,,,,,,71.06700968053444,71.91964099935358,71.32373545953453,70.51383753962313,,,,,71.27512991911192,"rgba(239, 83, 80, 1.0)",0.9097087049862762,71.3464769649619,-1.1833205058515275,38.93026845934322,-5.611203925252731,False,True,False,True,False,0.0,0.0,0.0,0.0,0.0,0,0.9382223585967063,0.9769868057686413,False,False,False,False,0.021502522897836007,0.03159949219421485,False,False,False,False,-12505.0,9101.021081430117,False,False,False,False,3559.717657010718,False,False,False,False
2025-03-12 16:00:00+00:00,70.27,70.27,70.05,70.15,1344.0,,,,,,,,,,,,,,,,,,,,,71.29658534557306,71.34855775066762,71.63055197687692,71.00790933773679,,,,,,,,,,,,,,,,,,,,,,,71.0527110991648,71.90775530217907,71.31947900865377,70.51287685908788,,,,,71.25955333499249,"rgba(239, 83, 80, 1.0)",0.9008837002861806,71.33139934072729,-1.311378305936705,37.2569184289567,-7.460051518977124,False,True,False,True,False,0.0,0.0,0.0,0.0,0.0,0,0.9433319570602806,0.983175061932288,False,False,False,False,-0.0007770853875463651,0.015411203403334243,False,False,False,False,-13849.0,8745.206801097866,False,False,False,False,3525.3654452741175,False,False,False,False
2025-03-12 17:00:00+00:00,70.15,70.56,70.15,70.51,8614.0,,,,,,,,,,,,,,,,,,,,,71.1391840170835,71.19416289248335,71.56400430919302,70.99590151885761,,,,,,,,,,,,,,,,,,,,,,,70.9936230914612,71.84557986241343,71.29862913868064,70.51107694486905,,,,,71.19277022188022,"rgba(239, 83, 80, 0.5)",0.8962338216464174,71.2655734476656,-0.8430539323740075,39.30832523094479,-7.460051518977124,False,True,False,True,False,0.0,0.0,0.0,0.0,0.0,0,0.943999177969585,0.977702424989725,False,False,False,False,0.01942944060698094,0.01742032200515759,False,False,False,False,-5235.0,8528.459408832783,False,False,False,False,3604.259004262116,False,False,False,False
2025-03-12 18:00:00+00:00,70.52,70.52,70.11,70.21,25827.0,,,,,,,,,,,,,,,,,,,,,70.84144561177527,70.89292547558594,71.38401875009046,70.95545511421057,,,,,,,,,,,,,,,,,,,,,,,70.84004507995233,71.67263100976791,71.23334030690323,70.49990350591432,,,,,71.039970606775,"rgba(239, 83, 80, 1.0)",0.8929782388921998,71.11159945997213,-1.0096544581989229,38.95733453322226,-7.460051518977124,False,True,False,True,False,0.0,0.0,0.0,0.0,0.0,0,0.9451144726083401,0.9761856091578094,False,False,False,False,0.015283759097856248,0.01635204055150692,False,False,False,False,-31062.0,7914.653836602817,False,False,False,False,3948.7976243510752,False,False,False,False
2025-03-12 19:00:00+00:00,70.22,70.28,70.02,70.02,25012.0,,,,,,,,,,,,,,,,,,,,,70.656815248658,70.70271273217331,71.23134203064768,70.91142338829547,,,,,,,,,,,,,,,,,,,,,,,70.7135581513482,71.52128965179705,71.1674924954396,70.48231278622926,,,,,70.92336831057358,"rgba(239, 83, 80, 1.0)",0.8906224415167256,70.99188340892343,-1.0912406465621047,37.728458976251524,-7.586418037611054,False,True,False,True,False,0.0,0.0,0.0,0.0,0.0,0,0.9433904528763769,0.9813341493268058,False,False,False,False,-0.0018131939523150088,0.007269423299595956,False,False,False,False,-56074.0,6922.5816840973475,False,False,False,False,4275.358901492918,True,False,False,False
2025-03-13 14:00:00+00:00,69.8,70.06,69.67,70.02,3785.0,,,,,,,,,,,,,,,,,,,,,70.6297023982347,70.6749524138317,71.20798524568363,70.90367512115817,,,,,,,,,,,,,,,,,,,,,,69.91666666666666,70.6932885770735,71.49816044657705,71.15652687028899,70.47850947642927,,,,,70.79549635732707,"rgba(239, 83, 80, 0.5)",0.8894604346820295,70.86772642115318,-0.9530794042078267,36.9092086049377,-8.659683711236582,False,True,False,True,False,0.0,0.0,0.0,0.0,0.0,0,0.9366240097501523,0.9861872841763157,False,False,False,False,-0.0313525028053756,-0.01204153975288982,False,False,False,False,-56074.0,5945.890495196613,False,False,False,False,4267.75643790388,True,False,False,False
2025-03-13 15:00:00+00:00,69.94,70.51,69.94,70.45,2622.0,,,,,,,,,,,,,,,,,,,,,70.62154292671876,70.6659983059492,71.19694629529167,70.9004353023291,,,,,,,,,,,,,,,,,,,,,,70.07354195931532,70.68647872256122,71.48631491662017,71.15135658084867,70.47768186439629,,,,,70.80669965267005,#000000,0.8840558306530145,70.87666616533866,-0.4826235522065377,40.30404200978663,-8.659683711236582,False,True,False,True,True,0.0,0.0,0.0,0.0,0.0,0,0.9434778235944885,0.9745549632907579,False,False,False,False,0.0059576790268620105,-0.003041930363013905,False,False,False,False,-53452.0,5024.992968139301,False,False,False,False,4242.240834215448,False,False,False,False
2025-03-13 16:00:00+00:00,70.45,70.54,70.22,70.54,943.0,,,,,,,,,,,,,,,,,,,,,70.61988252830764,70.66401704307725,71.19362194727853,70.89953545114062,,,,,,,,,,,,,,,,,,,,,,70.11970294784581,70.68491204581798,71.48258415209183,71.14980115411473,70.4776080399467,,,,,70.81018503440234,#000000,0.8749618112643837,70.87944194574503,-0.387950584099784,43.294460635558565,-11.25791538693511,False,False,False,True,True,0.0,0.0,0.0,0.0,0.0,0,0.9533582089552239,0.9731550580431183,False,False,False,False,0.009959540710601717,0.003458805173793906,False,False,False,False,-52509.0,4132.993077160398,False,False,False,False,4191.089813529937,False,False,False,False
2025-03-13 17:00:00+00:00,70.54,70.97,70.34,70.89,4940.0,,,,,,,,,,,,,,,,,,,,,70.62489408124759,70.6669771522921,71.1833586850222,70.89787490898794,,,,,,,,,,,,,,,,,,,,,,70.36635340385138,70.6864326080185,71.46893100819517,71.14512803273276,70.47981878731878,,,,,70.83552985196293,#000000,0.8781377562312184,70.90091949330059,-0.012434829527721368,47.87218690639631,-7.033690125651368,True,False,False,False,True,0.3828413276929936,0.0,0.0,0.0,0.0,0,0.9544843281266165,0.9727940415847736,False,False,False,False,0.032667141505234344,0.018062973339514125,False,False,False,False,-47569.0,3331.4117891424066,False,False,False,False,4202.700824172884,False,False,False,False
2025-03-13 18:00:00+00:00,70.89,70.89,70.61,70.67,3005.0,,,,,,,,,,,,,,,,,,,,,70.6274700152101,70.66840405334051,71.17720261554334,70.89682052622233,,,,,,,,,,,,,,,,,,,,,,70.43648904870874,70.68712428370634,71.46075690745471,71.14226853345424,70.48109267167217,,,,,70.84195873947915,#000000,0.8835810888313649,70.90590668111254,-0.26698928269792627,49.06997767765273,-5.985683996353245,True,False,False,False,True,0.0,0.0,0.0,0.0,0.0,0,0.9490281224152194,0.9793217535153025,False,False,False,False,0.043154110778000306,0.030608542058757217,False,False,False,False,-50574.0,2495.66897070609,False,False,False,False,4184.131819146947,False,False,False,False
2025-03-13 19:00:00+00:00,70.7,70.98,70.57,70.925,3920.0,,,,,,,,,,,,,,,,,,,,,70.63399025452749,70.67341087294595,71.17115979137033,70.89625898630072,,,,,,,,,,,,,,,,,,,,,,70.51574811345304,70.6904151140229,71.45179292257153,71.13948732455678,70.48342362997454,,,,,70.85063188996926,#000000,0.8861931540619045,70.91283160869266,0.013731082497722768,51.69390059580896,-3.5177890739057105,True,False,True,False,True,0.6128637894389968,0.0,0.0,0.0,0.0,0,0.9497731023102313,0.9772070957095714,False,False,False,False,0.04591532279184687,0.03826193242530204,False,False,False,False,-46654.0,1733.6585990672356,False,False,False,False,4180.036752183429,False,False,False,False
2025-03-14 14:00:00+00:00,70.27,70.58,70.07,70.53,2743.0,,,,,,,,,,,,,,,,,,,,,70.62855710746591,70.66728186554126,71.16193223134302,70.89352241979893,,,,,,,,,,,,,,,,,,,,,,70.50045602210281,70.68553488762059,71.44145197788409,71.13493829273351,70.48299836860002,,,,,70.84407479701001,#000000,0.8933751267619876,70.90592616940016,-0.4207931899365645,50.32436964113204,-3.5177890739057105,True,False,False,False,True,0.0,0.0,0.0,0.0,0.0,0,0.9346830806796217,0.975175501068268,False,False,False,False,-0.0037202731345715484,0.017270829645365245,False,False,False,False,-49397.0,940.9352099344103,False,False,False,False,4157.757112614693,False,False,False,False
2025-03-14 15:00:00+00:00,70.53,70.59,70.37,70.44,1789.0,,,,,,,,,,,,,,,,,,,,,70.62620795751953,70.66445889965601,71.15659406512823,70.89201293280384,,,,,,,,,,,,,,,,,,,,,,70.49791047290185,70.68321480770446,71.43528004874621,71.13229159333405,70.48294824307824,,,,,70.84121322454138,"rgba(239, 83, 80, 0.5)",0.901420590557461,70.90275013383977,-0.5133565160227814,48.770269258567325,-3.5177890739057105,True,False,False,False,False,0.0,0.0,0.0,0.0,0.0,0,0.9421378540249725,0.9721855649172678,False,False,False,False,-0.025532979020900865,-0.00413107468776781,False,False,False,False,-51186.0,132.76567179589233,False,False,False,False,4121.032196140047,False,False,False,False
2025-03-14 16:00:00+00:00,70.44,70.66,70.42,70.61,1606.0,,,,,,,,,,,,,,,,,,,,,70.62539945874101,70.66319740255705,71.152533008259,70.89097282183553,,,,,,,,,,,,,,,,,,,,,,70.50205472067738,70.68208476645498,71.43035199314,71.13027589351039,70.48316911637646,,,,,70.84000435350576,#000000,0.9061180341940962,70.90118115816634,-0.3213501411273818,49.16677683178628,-3.5177890739057105,True,False,False,False,False,0.0,0.0,0.0,0.0,0.0,0,0.9407915238392026,0.9818219590734398,False,False,False,False,-0.018103249057531995,-0.011117161872649902,False,False,False,False,-49580.0,-637.9748812552067,False,False,False,False,4082.039448913069,False,False,False,False
2025-03-14 17:00:00+00:00,70.61,70.64,70.5,70.52,1253.0,,,,,,,,,,,,,,,,,,,,,70.62468363628676,70.66213844122208,71.14934985683962,70.8901412595953,,,,,,,,,,,,,,,,,,,,,,70.50446966849583,70.68114478879585,71.42650174076452,71.12868557252892,70.48331920884662,,,,,70.83893713037506,#000000,0.9110003312861558,70.89984478660598,-0.4169535109495721,48.68192868387068,-3.5177890739057105,True,False,False,False,False,0.0,0.0,0.0,0.0,0.0,0,0.935916078105526,0.9810968009970925,False,False,False,False,-0.014389184577413597,-0.01275317322503175,False,False,False,False,-50833.0,-1416.1923249566762,False,False,False,False,4038.1783721857346,False,False,False,False
2025-03-14 18:00:00+00:00,70.52,70.54,70.465,70.54,1789.0,,,,,,,,,,,,,,,,,,,,,70.62314986920545,70.66014100093082,71.14457464952699,70.88882672764724,,,,,,,,,,,,,,,,,,,,,,70.50513312202852,70.67943080031063,71.42082389740021,71.12627981675165,70.48341567480747,,,,,70.83686395095657,#000000,0.9136514702056202,70.8974249238627,-0.3912048910535383,48.55254054357413,-3.5177890739057105,True,False,False,False,False,0.0,0.0,0.0,0.0,0.0,0,0.9338411770844209,0.9875821767713663,False,False,False,False,-0.02274654404453408,-0.017749858634782914,False,False,False,False,-49044.0,-2154.607947825565,False,False,False,False,4003.307389671227,False,False,False,False
2025-03-14 19:00:00+00:00,70.53,70.56,70.375,70.42,8681.0,,,,,,,,,,,,,,,,,,,,,70.61225337988684,70.64725689673584,71.12015623646836,70.88151779764496,,,,,,,,,,,,,,,,,,,,,,70.49261444959902,70.6685727387052,71.39238931079277,71.11368661629085,70.4829534026373,,,,,70.82348898097347,"rgba(239, 83, 80, 0.5)",0.9171334503580425,70.88261262994743,-0.504411467891427,47.34216999008075,-3.5177890739057105,True,False,False,True,False,0.0,0.0,0.0,0.0,0.0,0,0.9303347280334732,0.9885983263598332,False,False,False,False,-0.02708116698531472,-0.022415512810048818,False,False,False,False,-57725.0,-3016.16441375075,False,False,False,False,4075.8297557228357,False,False,False,False
2025-03-17 14:00:00+00:00,70.96,71.32,70.9,71.16,1027.0,,,,,,,,,,,,,,,,,,,,,70.61609155986942,70.6507366258634,71.12018326642762,70.88200173120899,,,,,,,,,,,,,,,,,,,,,,70.50970422276461,70.67114183103617,71.39147018043751,71.11371521854963,70.48406031512683,,,,,70.82656721680935,#000000,0.9094249643404607,70.88528791795801,0.30207229052835066,52.526825455995365,-1.7538715240403775,True,False,True,False,True,2.2958972083055613,0.0,0.0,0.0,0.0,0,0.9288447616092671,0.9815906505326306,False,False,False,False,0.052495418865332925,0.015039953027642054,False,False,False,False,-56698.0,-3848.4409344677924,False,False,False,False,4028.5610773395356,False,False,False,False
2025-03-17 15:00:00+00:00,71.16,71.59,71.16,71.49,719.0,,,,,,,,,,,,,,,,,,,,71.41333333333334,70.62023440756079,70.65459221391687,71.12103288428827,70.88273502862599,,,,,,,,,,,,,,,,,,,,,,70.52643981934641,70.67404450173971,71.39152299690555,71.11417672842256,70.48517769304524,,,,,70.88832896071847,"rgba(38, 166, 154, 0.5)",0.8995105926592465,70.93609661986616,0.6157830543121378,57.72331183625492,2.9821146838312913,True,False,True,False,True,4.276834898744394,0.0,0.0,0.0,0.0,0,0.9344870210135973,0.9755871446229919,False,False,False,False,0.08545352119035987,0.05024673710900096,False,False,False,False,-55979.0,-4656.666656414029,False,False,False,False,3977.250052884659,False,False,False,False
2025-03-17 16:00:00+00:00,71.49,71.55,71.28,71.28,1176.0,,,,,,,,,,,,,,,,,,,,71.38644151275287,70.62655324556815,70.66045968834923,71.12220751189531,70.88383246384805,,,,,,,,,,,,,,,,,,,,,,70.5512417287531,70.67846806724354,71.39143828877224,71.11481962133516,70.48691444569067,,,,,70.89023765742084,#000000,0.8920703876805122,70.93781684237774,0.3835831368777694,59.10997895932216,4.1250428703605095,True,False,True,False,True,2.8986075309996338,0.0,0.0,0.0,0.0,0,0.936063518595905,0.9851650647722529,False,False,False,False,0.09044269718867486,0.07034471714883792,False,False,False,False,-57155.0,-5470.594305151795,False,False,False,False,3933.819819506602,False,False,False,False
2025-03-17 17:00:00+00:00,71.25,71.25,71.14,71.19,961.0,,,,,,,,,,,,,,,,,,,,71.32146358543416,70.63042994068802,70.66400730641689,71.12248068025744,70.88440104579861,,,,,,,,,,,,,,,,,,,,,,70.56630679459947,70.68112849051869,71.39080319295627,71.11498052621515,70.48804571038794,,,,,70.88640472732726,#000000,0.8906792781784358,70.93427104555195,0.28711676662226504,59.162813182709144,4.2159981955829195,True,False,True,False,True,2.3108312607702537,0.0,0.0,0.0,0.0,0,0.9292591042277107,0.993721222268732,False,False,False,False,0.06305106301104733,0.06669789007994262,False,False,False,False,-58116.0,-6286.802145381999,False,False,False,False,3887.7295897468093,False,False,False,False
2025-03-17 18:00:00+00:00,71.19,71.19,70.83,70.89,2191.0,,,,,,,,,,,,,,,,,,,,71.16888646720824,70.63564399062776,70.66858240240936,71.12115709889994,70.88475807475095,,,,,,,,,,,,,,,,,,,,,,70.58680486674392,70.68449201347,71.38774982475317,71.11430626545987,70.48979896107289,,,,,70.87421799653961,#000000,0.8896785683351253,70.92291304961935,-0.03699431546490293,56.49578661103985,4.2159981955829195,True,False,True,False,False,0.3763256792798231,0.0,0.0,0.0,0.0,0,0.9284443979495767,0.9919447640966633,False,False,False,False,0.04009178327021326,0.05339483667507794,False,False,False,False,-60307.0,-7124.324592740418,False,False,False,False,3861.4237046344556,False,False,False,False
2025-03-17 19:00:00+00:00,70.89,71.0,70.89,70.925,4214.0,,,,,,,,,,,,,,,,,,,,71.06397869200589,70.64432669639109,70.67612275267047,71.11815496602033,70.88518443956785,,,,,,,,,,,,,,,,,,,,,,70.61808053936886,70.69005215236807,71.38156421780131,71.11274617841228,70.49291539571729,,,,,70.86831260303235,#000000,0.8906361882495587,70.9169804733878,0.009004267643742712,55.00486924099482,4.2159981955829195,True,False,True,False,False,0.597959078307273,0.0,0.0,0.0,0.0,0,0.9323489370614727,0.989318253220233,False,False,False,False,0.03203626501333648,0.04271555084420721,False,False,False,False,-56093.0,-7883.528862620411,False,False,False,False,3866.89000378741,False,False,False,False
2025-03-18 14:00:00+00:00,70.62,70.81,70.54,70.57,1111.0,,,,,,,,,,,,,,,,,,,,71.01856408278698,70.64429422044462,70.67585848741855,71.11609381729296,70.88467108284256,,,,,,,,,,,,,,,,,,,,,,70.61858291215403,70.68976476688577,71.3788830219995,71.11164378501249,70.49318433498514,,,,,70.86315405118226,#000000,0.894128328859092,70.91205087987304,-0.3825523348639444,51.10587620862596,6.251979020348983,True,False,False,False,False,0.0,0.0,0.0,0.0,0.0,0,0.9252657911194502,0.9919741505107363,False,False,False,False,-0.00139241212551927,0.02066156935934397,False,False,False,False,-57204.0,-8648.187329866605,False,False,False,False,3824.1630269845045,False,False,False,False
2025-03-18 15:00:00+00:00,70.56,70.95,70.56,70.94,431.0,,,,,,,,,,,,,,,,,,,,71.01050911783763,70.64479468542082,70.67625697932738,71.11559393310249,70.88461589110503,,,,,,,,,,,,,,,,,,,,,,70.62032858953911,70.69004680455359,71.37809554527898,71.1113771805475,70.49341362905754,,,,,70.862503235577,#000000,0.8939774620775333,70.91138808022409,0.03200519139422172,51.60910162881572,6.251979020348983,True,False,False,False,False,0.7000076699423587,0.0,0.0,0.0,0.0,0,0.9284158107687525,0.9883805374001458,False,False,False,False,0.008509341083427087,0.014585455221385529,False,False,False,False,-56773.0,-9394.30845653534,False,False,False,False,3771.5558482715664,False,False,False,False
2025-03-18 16:00:00+00:00,70.94,70.94,70.81,70.81,760.0,,,,,,,,,,,,,,,,,,,,71.000178442734,70.64585689679437,70.67713625820781,71.11482414538004,70.88457118627495,,,,,,,,,,,,,,,,,,,,,,70.62389407911516,70.69068422647632,71.37680265459858,71.110966582082,70.4938629345405,,,,,70.86187774062037,#000000,0.894762603776556,70.91070230531727,-0.11254639486745695,50.87578095710823,5.821761252352566,True,False,False,False,False,0.0,0.0,0.0,0.0,0.0,0,0.9325400931195039,0.9879979306777037,False,False,False,False,0.023365707391827688,0.018975581306606606,False,False,False,False,-57533.0,-10140.64475953479,False,False,False,False,3724.865059926271,False,False,False,False
2025-03-18 17:00:00+00:00,70.81,71.29,70.81,71.245,1348.0,,,,,,,,,,,,,,,,,,,,71.01216662793999,70.65005738766561,70.68095898395754,71.11482505615878,70.88515378007519,,,,,,,,,,,,,,,,,,,,,,70.63687112034604,70.69360195883387,71.37566357023513,71.11097793348031,70.49523520368695,,,,,70.86555116223795,#000000,0.8912313225364984,70.91393435330578,0.37146994088133567,53.533629994617314,5.821761252352566,True,False,True,False,True,2.5707629359397757,0.0,0.0,0.0,0.0,0,0.9332035652084832,0.9809445753508866,False,False,False,False,0.045051544786796544,0.032013563046701575,False,False,False,False,-56185.0,-10854.510732255181,False,False,False,False,3688.014438842142,False,False,False,False
2025-03-18 18:00:00+00:00,71.25,71.465,71.245,71.33,856.0,,,,,,,,,,,,,,,,,,,,71.03296506137866,70.65399565861571,70.68462927538282,71.11558504703916,70.88589355579693,,,,,,,,,,,,,,,,,,,,,,70.6485847310584,70.69644121197344,71.37558367533063,71.11139839221505,70.49642802822004,,,,,70.87015046370108,#000000,0.8886742681966442,70.91810329235983,0.4634957063357028,55.84601925550636,0.9195808941957253,True,False,True,False,True,3.0853451043986766,0.0,0.0,0.0,0.0,0,0.9423763386027543,0.9774604793472723,False,False,False,False,0.0829605391357606,0.05748705109123109,False,False,False,False,-55329.0,-11544.037697646574,False,False,False,False,3644.1072382399384,False,False,False,False
2025-03-18 19:00:00+00:00,71.33,71.33,71.12,71.12,1567.0,,,,,,,,,,,,,,,,,,,,71.04901265162384,70.65948611347163,70.68967892228751,71.11602893574474,70.88678329882292,,,,,,,,,,,,,,,,,,,,,,70.66446132829313,70.70033829156125,71.37465231561848,71.11165424800079,70.49820222285706,,,,,70.87502983282813,#000000,0.8847564178455029,70.92244844508481,0.2232835511905722,55.397970001257804,0.9195808941957253,True,False,True,False,True,1.7113824605681778,0.0,0.0,0.0,0.0,0,0.9400832740936331,0.9802985680918053,False,False,False,False,0.06677981633985544,0.062133433715543265,False,False,False,False,-56896.0,-12247.168896132673,False,False,False,False,3611.9040252439704,False,False,False,False
2025-03-19 14:00:00+00:00,70.93,71.19,70.9,71.17,444.0,,,,,,,,,,,,,,,,,,,,71.05007225250348,70.66072236489333,70.69079968631438,71.11597939254368,70.88694886427588,,,,,,,,,,,,,,,,,,,,,,70.66794046138713,70.70120067503927,71.37424338900156,71.11163122289486,70.49862843837901,,,,,70.87581667472325,#000000,0.8742691516629407,70.92312546864655,0.2823781794014776,55.48992484246092,0.9810809914184091,True,False,True,False,True,2.0233532477129472,0.0,0.0,0.0,0.0,0,0.9359919232710757,0.9832407874810708,False,False,False,False,0.04443145844850979,0.05328244608202653,False,False,False,False,-56452.0,-12932.515114797281,False,False,False,False,3562.7892341549164,False,False,False,False
2025-03-19 15:00:00+00:00,71.17,71.17,70.93,71.045,754.0,,,,,,,,,,,,,,,,,,,,71.04999294297927,70.66261798204647,70.69250563205587,71.11578611442683,70.8871755544585,,,,,,,,,,,,,,,,,,,,,,70.67319014063024,70.70251161998635,71.37345939148378,71.11153232752517,70.49930373281327,,,,,70.87680754384058,#000000,0.8656941338216536,70.92395345488109,0.13982599672305573,54.29760360770076,0.9810809914184091,True,False,True,False,True,1.1959386935750622,0.0,0.0,0.0,0.0,0,0.9369034461971271,0.9837235004521255,False,False,False,False,0.045051544786796544,0.04916699543441154,False,False,False,False,-57206.0,-13618.925733172517,False,False,False,False,3519.242114245538,False,False,False,False
2025-03-19 16:00:00+00:00,71.06,71.165,70.97,70.97,1378.0,,,,,,,,,,,,,,,,,,,,71.04883938209566,70.66591678773929,70.69546643078503,71.11536645895613,70.88755406819124,,,,,,,,,,,,,,,,,,,,,,70.68209118121388,70.70479068217315,71.37197790998823,71.1113144205107,70.50050374623466,,,,,70.87838210678879,#000000,0.8423615827160731,70.92524760455952,0.05312729872626112,52.74809750733539,0.9810809914184091,True,False,True,False,False,0.6980746726941724,0.0,0.0,0.0,0.0,0,0.9428774350649354,0.9836647727272732,False,False,False,False,0.04722212278273917,0.048194559108575355,False,False,False,False,-58584.0,-14316.058667541936,False,False,False,False,3486.044562086692,False,False,False,False
2025-03-19 17:00:00+00:00,70.97,70.97,70.775,70.785,683.0,,,,,,,,,,,,,,,,,,,,71.04129027053192,70.6666923754723,70.6960973024747,71.11466785232646,70.88749801736799,,,,,,,,,,,,,,,,,,,,,,70.68403361789191,70.705259778138,71.37083349445277,71.11093677053371,70.50088396656675,,,,,70.87781934457566,#000000,0.8160038475884612,70.92463228267128,-0.1711171866210458,49.928530590580614,4.04427321317592,False,False,False,False,False,0.0,0.0,0.0,0.0,0.0,0,0.9405377980720451,0.9842719431760533,False,False,False,False,0.023056117317097585,0.03562533821283647,False,False,False,False,-59267.0,-15012.972486649813,False,False,False,False,3442.5865068605417,False,False,False,False
2025-03-19 18:00:00+00:00,70.81,71.51,70.81,71.475,2669.0,,,,,,,,,,,,,,,,,,,,71.06937235443513,70.6767416061487,70.7054267278633,71.11616152008688,70.88935863580264,,,,,,,,,,,,,,,,,,,,,,70.71015337319969,70.71256921543875,71.36994569988794,71.1117805463956,70.50418132436975,,,,,70.88656910036283,"rgba(38, 166, 154, 0.5)",0.7864391181053884,70.9324933073756,0.6898266885952389,53.838060641721654,4.04427321317592,True,False,True,False,True,3.85433342675233,0.0,0.0,0.0,0.0,0,0.9445337620578783,0.9706591639871387,False,False,False,False,0.05870305542110829,0.047164196816972384,False,False,False,False,-56598.0,-15657.701595383924,False,False,False,False,3430.59291760689,False,False,False,False
2025-03-19 19:00:00+00:00,71.41,71.64,71.41,71.64,5473.0,,,,,,,,,,,,,,,,,,,,71.17049255033974,70.70626068415064,70.73333736558338,71.1250903387353,70.89610222710553,,,,,,,,,,,,,,,,,,,,,,70.78217061496858,70.73475664612904,71.37321600240598,71.11679545792748,70.51347132742285,,,,,70.91516932147685,"rgba(38, 166, 154, 0.5)",0.7524693403109548,70.95874630357667,0.9053574144852211,57.43337644317808,2.749673707699081,True,False,True,False,True,4.847292321909514,0.0,0.0,0.0,0.0,0,0.959236947791165,0.9644578313253016,False,False,False,False,0.10418687478457954,0.07567553580077596,False,False,False,False,-51125.0,-16207.582190804327,False,False,False,False,3462.258143690504,False,False,False,False
2025-03-20 14:00:00+00:00,72.55,72.55,72.25,72.25,753.0,,,,,,,,,,,,,,,,,,,72.35,71.20280370828482,70.71375611631905,70.74054145461,71.12844618235579,70.89810095464827,,,,,,,,,,,,,,,,,,,,,,70.8001696625045,70.7405316173817,71.37548334956867,71.11867692358604,70.51568493698866,,,,,71.05310862784069,"rgba(0, 255, 255, 0.75)",0.722076628660389,71.0817363832591,1.617921935665315,62.70122842539416,7.463817423923892,True,False,True,False,True,8.3561266520605,0.0,0.0,0.0,0.0,0,0.9649920886075953,0.957674050632912,False,False,False,False,0.21537939777275242,0.1455274667867642,False,False,False,False,-50372.0,-16737.263087070925,False,True,False,False,3420.254141462744,False,True,False,False
2025-03-20 15:00:00+00:00,72.28,72.33,71.71,71.8,2214.0,,,,,,,,,,,,,,,,,,,72.04902932254802,71.25825157677373,70.73006761440368,70.75613990560414,71.13498450423789,70.90232225363893,,,,,,,,,,,,,,,,,,,,,,70.83760560922252,70.753078876641,71.37935524529769,71.12237456641257,70.520738336659,,,,,71.04035889194901,"rgba(38, 166, 154, 1.0)",0.6846271228173724,71.07034697981086,1.0657670370792065,62.10957265666723,7.463817423923892,True,False,True,False,True,5.331572954773581,0.0,0.0,0.0,0.0,0,0.9589552238805973,0.960133542812255,False,False,False,False,0.16660183286417157,0.1560646498254679,False,False,False,False,-52586.0,-17293.05745781401,False,False,False,False,3401.5525268664223,False,False,False,False
2025-03-20 16:00:00+00:00,71.81,71.89,71.74,71.8,686.0,,,,,,,,,,,,,,,,,,,72.00414180125924,71.27070713220131,70.73447649852407,70.7603460262974,71.13665168322228,70.90345305743669,,,,,,,,,,,,,,,,,,,,,,70.84734502830055,70.75647469463074,71.38025786036701,71.12332472896055,70.52214750274445,,,,,71.03993872854039,"rgba(38, 166, 154, 1.0)",0.6305217559169404,71.07003044985514,1.1577230179524816,61.71513547751594,7.463817423923892,True,False,True,False,True,5.331572954773581,0.0,0.0,0.0,0.0,0,0.9583497053045189,0.9681728880157175,False,False,False,False,0.14062431637084158,0.14834448309815473,False,False,False,False,-52586.0,-17840.234861568835,False,False,False,False,3359.4509373026017,False,False,False,False
2025-03-20 17:00:00+00:00,71.8,71.8,71.53,71.6,586.0,,,,,,,,,,,,,,,,,,,71.95426358417866,71.27775688211618,70.73763505873235,70.76334621509939,71.13771843125421,70.9042396115091,,,,,,,,,,,,,,,,,,,,,,70.85409762535527,70.75890208378094,71.38072803630578,71.12393780970908,70.5231933467576,,,,,71.03780169861805,"rgba(38, 166, 154, 0.5)",0.5936740620001766,71.06810610494315,0.895935883176047,59.6978093597258,7.463817423923892,True,False,True,False,False,4.004962320859651,0.0,0.0,0.0,0.0,0,0.9557278884853249,0.969961715912438,False,False,False,False,0.12173706594197183,0.13504077452006327,False,False,False,False,-53172.0,-18388.014166040637,False,False,False,False,3316.451697964577,False,False,False,False
2025-03-20 18:00:00+00:00,71.61,71.66,71.56,71.6,468.0,,,,,,,,,,,,,,,,,,,71.91970327880462,71.28265255602909,70.74004038378891,70.76562843820955,71.13850560427541,70.90483547672777,,,,,,,,,,,,,,,,,,,,,,70.85916200541615,70.76075118300817,71.38105006852449,71.12439190805354,70.52399989873008,,,,,71.03642916377888,"rgba(38, 166, 154, 0.5)",0.5677956982532124,71.06687131918133,0.9389445578027449,58.35292528119905,7.463817423923892,True,False,True,False,False,4.004962320859651,0.0,0.0,0.0,0.0,0,0.9595006389462307,0.9693305809495729,False,False,False,False,0.11483403678867495,0.12493740565436912,False,False,False,False,-53172.0,-18927.300768117526,False,False,False,False,3272.289656135669,False,False,False,False
2025-03-20 19:00:00+00:00,71.6,71.7,71.59,71.68,674.0,,,,,,,,,,,,,,,,,,,71.88675648888062,71.29050177481629,70.74367967522777,70.769087724452,71.13975521714812,70.90575286025584,,,,,,,,,,,,,,,,,,,,,,70.86681688716729,70.76355664219784,71.38161466438116,71.12511203424724,70.5252129104255,,,,,71.03616789810904,"rgba(38, 166, 154, 1.0)",0.5486635934146142,71.06667355690287,1.1178551856887247,58.07557281387609,7.463817423923892,True,False,True,False,False,4.489933763332317,0.0,0.0,0.0,0.0,0,0.9619891678975878,0.968094534711965,False,False,False,False,0.10691518243642775,0.11592629404539843,False,False,False,False,-52498.0,-19447.776725200976,False,False,False,False,3232.0060955754257,False,False,False,False
2025-03-21 14:00:00+00:00,71.49,71.61,71.08,71.08,3518.0,,,,,,,,,,,,,,,,,,,71.637666029891,71.2871613720978,70.75409466291161,70.7787718065106,71.14120856993775,70.90797366191329,,,,,,,,,,,,,,,,,,,,,,70.88541666101595,70.77148668848682,71.38029282516699,71.12603451804101,70.52927888603594,,,,,71.0181259710917,#000000,0.5347306049028042,71.05001200830242,0.05608055986066469,52.88268425268846,8.03204977876431,True,False,False,False,False,0.5407732526224329,0.0,0.0,0.0,0.0,0,0.9475596582539529,0.9768241186290881,False,False,False,False,0.06734504985109994,0.09163567194824919,False,False,False,False,-56016.0,-20014.725923259874,False,False,False,False,3236.4401095975118,False,False,False,False
2025-03-21 15:00:00+00:00,71.08,71.26,71.03,71.215,914.0,,,,,,,,,,,,,,,,,,,71.59395156085465,71.28418969574257,70.7562682078779,70.78077168988241,71.1412958931966,70.90840104753164,,,,,,,,,,,,,,,,,,,,,,70.88888059101686,70.77313786766936,71.37971184604069,71.12611143829015,70.53020047944452,,,,,71.01481093795886,#000000,0.5212555269004095,71.04692229095524,0.3224478214057939,50.60942584559956,5.881918081974526,False,False,False,False,False,1.3805075891765384,0.0,0.0,0.0,0.0,0,0.9437089340001963,0.980778660390311,False,False,False,False,0.021163724093960626,0.05639969802110491,False,False,False,False,-55102.0,-20558.71466863569,False,False,False,False,3200.4332861928992,False,False,False,False
2025-03-21 16:00:00+00:00,71.22,71.245,70.845,70.89,2285.0,,,,,,,,,,,,,,,,,,,71.4805102771808,71.267075210946,70.75933769461932,70.78346517861269,71.14011455436136,70.90874816814109,,,,,,,,,,,,,,,,,,,,,,70.89198283854978,70.77540473304889,71.37708221515993,71.12551052885928,70.53186421443625,,,,,71.0037359649014,#000000,0.5073765149549468,71.0365488005633,-0.288836389237109,46.885933081927575,2.398675999806173,False,True,False,True,False,0.0,0.0,0.0,0.0,0.0,0,0.9391851997638263,0.9885849242275145,False,False,False,False,0.0071702270169548415,0.031784962519029875,False,False,False,False,-57387.0,-21129.695836563817,False,False,False,False,3186.2405220658775,False,False,False,False
2025-03-21 17:00:00+00:00,70.89,70.95,70.835,70.885,413.0,,,,,,,,,,,,,,,,,,,71.46101697173154,71.2631071107034,70.75964276292234,70.78370861873725,71.13975414240308,70.90873432898599,,,,,,,,,,,,,,,,,,,,,,70.89197225131115,70.77561756681807,71.37648378421798,71.12531804176041,70.53209659951158,,,,,71.00158656173662,#000000,0.507343753962325,71.03452864619646,-0.29472846571707695,44.37096607993319,0.0684564174584068,False,True,False,True,False,0.0,0.0,0.0,0.0,0.0,0,0.9383190462114496,0.9933983643708744,False,False,False,False,-0.014166296080685663,0.008809333219172107,False,False,False,False,-57800.0,-21698.22768405895,False,False,False,False,3143.2445449795846,False,False,False,False
2025-03-21 18:00:00+00:00,70.885,70.92,70.83,70.86,2228.0,,,,,,,,,,,,,,,,,,,71.3716767306692,71.2419892382376,70.76101546652673,70.78475939974275,71.13767334171177,70.90858069548612,,,,,,,,,,,,,,,,,,,,,,70.89135707134808,70.77655383544526,71.37314895591376,71.12419724395562,70.53327529231868,,,,,70.99129338830504,#000000,0.504235600231122,71.0248156956046,-0.3268624736711513,42.51370800453434,-1.7127371153277267,False,True,False,True,False,0.0,0.0,0.0,0.0,0.0,0,0.9377527868205586,0.9937851435335902,False,False,False,False,-0.016615207930136443,-0.0039029373554821684,False,False,False,False,-60028.0,-22292.487719965015,False,False,False,False,3129.054707072924,False,False,False,False
2025-03-21 19:00:00+00:00,70.86,70.96,70.86,70.92,3647.0,,,,,,,,,,,,,,,,,,,71.28076090503644,71.21542493148053,70.76405490657402,70.78727213538177,71.13487603310496,70.908611352839,,,,,,,,,,,,,,,,,,,,,,70.89232010397642,70.7787393590221,71.36824601617604,71.12269285869853,70.5354330657791,,,,,70.980766515279,#000000,0.5040621029233431,71.01475623158929,-0.1879852324539801,42.006958193322525,-2.3510728333517434,False,True,False,True,False,0.0,0.0,0.0,0.0,0.0,0,0.9391871848116289,0.9933748640363892,False,False,False,False,-0.011717554123772378,-0.007810245739627273,False,False,False,False,-56381.0,-22820.991786322145,False,False,False,False,3137.0848666531883,False,False,False,False
2025-03-24 14:00:00+00:00,70.025,70.07,69.92,70.07,3859.0,,,,,,,,,,,,,,,,,,,71.06204765115757,71.12124067646657,70.74866938335904,70.77172705174513,71.12035803668948,70.90258719188803,,,,,,,,,,,,,,,,,,,,,,70.85366407144141,70.76612443128941,71.35320391764581,71.11443087820804,70.5323550844061,,,,,70.94058257948153,"rgba(255, 0, 0, 1.0)",0.513421546766966,70.97669829803338,-1.7659919100452683,36.70029004631313,-7.436967904953036,False,True,False,True,False,0.0,0.0,0.0,0.0,0.0,0,0.9334693084693088,0.9943667443667448,False,False,False,False,-0.1406499173458332,-0.07423008154273024,False,False,False,False,-60240.0,-23401.131448549706,False,False,False,False,3148.277349340736,False,False,False,False
2025-03-24 15:00:00+00:00,70.07,70.1,69.93,70.1,3829.0,,,,,,,,,,,,,,,,,,,70.9124481603641,71.04308530111659,70.73448881526325,70.757372933404,71.10661948816013,70.89684595791263,,,,,,,,,,,,,,,,,,,,,,70.81953484321834,70.75439412177751,71.3388623372613,71.10652677721373,70.52947459169806,,,,,70.90905939339906,"rgba(255, 0, 0, 1.0)",0.5211355670832477,70.94663499117462,-1.624596447932292,33.5131745885155,-10.39858673065907,False,True,False,True,False,0.0,0.0,0.0,0.0,0.0,0,0.9378767256465103,0.9930974139607235,False,False,False,False,-0.24902987802213744,-0.16162997978243385,False,False,False,False,-56411.0,-23912.912356324126,False,False,False,False,3158.8311888858407,False,False,False,False
2025-03-24 16:00:00+00:00,70.05,70.235,70.05,70.17,1701.0,,,,,,,,,,,,,,,,,,,70.86585628562855,71.01526832997003,70.7293295134805,70.75211632194228,71.10123850095901,70.89464061418938,,,,,,,,,,,,,,,,,,,,,,70.80726827407238,70.75007975850818,71.33311584779382,71.10340673293952,70.5284885536552,,,,,70.89825533937626,"rgba(239, 83, 80, 1.0)",0.5279693974887022,70.93626267902299,-1.4513391925133,32.26314082672932,-11.622828818961025,False,True,False,True,False,0.0,0.0,0.0,0.0,0.0,0,0.938581742656513,0.998021956285234,False,False,False,False,-0.22926860612391292,-0.19544929295317337,False,False,False,False,-54710.0,-24390.38658335786,False,False,False,False,3136.229154949626,False,False,False,False
2025-03-24 17:00:00+00:00,70.17,70.2,69.96,69.97,3198.0,,,,,,,,,,,,,,,,,,,70.78092978831025,70.96140667960536,70.71809944783433,70.74073736613119,71.09014868669917,70.88993012215933,,,,,,,,,,,,,,,,,,,,,,70.78176949062912,70.74069489658073,71.3214843238884,71.09693424441502,70.52611962661723,,,,,70.87711406117,"rgba(255, 0, 0, 1.0)",0.535557863563895,70.91593558353115,-1.7662621499689686,30.400446065951378,-13.527308646803654,False,True,False,True,False,0.0,0.0,0.0,0.0,0.0,0,0.9357227488151659,0.9984202211690364,False,False,False,False,-0.2688467864635788,-0.23214803970837608,False,False,False,False,-57908.0,-24910.039504546112,False,False,False,False,3137.186842469787,False,False,False,False
2025-03-24 18:00:00+00:00,69.97,70.0,69.83,69.95,1750.0,,,,,,,,,,,,,,,,,,,70.73524447636218,70.9309516521466,70.71107259185598,70.73364792236873,71.08351259094609,70.88702227489213,,,,,,,,,,,,,,,,,,,,,,70.7664310875589,70.7348224517895,71.31463481832351,71.09303723465321,70.52452217834959,,,,,70.86499084356787,"rgba(255, 0, 0, 1.0)",0.5454791678170859,70.90426509562137,-1.7494070386595542,29.05606106447847,-15.006887402540471,False,True,False,True,False,0.0,0.0,0.0,0.0,0.0,0,0.9323211273196389,1.0086335218815123,False,False,False,False,-0.3312085556031972,-0.2816782976557866,False,False,False,False,-59658.0,-25448.767574243073,False,False,False,False,3115.6800697183176,False,False,False,False
2025-03-24 19:00:00+00:00,69.95,70.0,69.8,69.85,13590.0,,,,,,,,,,,,,,,,,,,70.48526126573532,70.73605058774139,70.6576819717882,70.67978488859885,71.03260785886461,70.86403203432995,,,,,,,,,,,,,,,,,,,,,,70.6584581635193,70.68965070343363,71.26205724915037,71.06254293008452,70.5115221792391,,,,,70.78542271204412,"rgba(255, 0, 0, 1.0)",0.5591125287629652,70.82704311422872,-1.7474892154365163,27.624164418679186,-16.619600447807976,False,True,False,True,False,0.0,0.0,0.0,0.0,0.0,0,0.9241941902109035,1.0140270592916831,False,False,False,False,-0.3343688969419257,-0.30802359729885614,False,False,False,False,-73248.0,-26189.84094518504,False,False,False,False,3278.0726267769483,False,False,False,False
2025-03-25 14:00:00+00:00,69.74,69.885,69.64,69.86,1080.0,,,,,,,,,,,,,,,,,,,70.46953147089232,70.72234005144253,70.65328244527132,70.67535316760967,71.02845030394839,70.86208958563614,,,,,,,,,,,,,,,,,,,,,,70.65014909724883,70.68589476466656,71.25778698473107,71.0600087499591,70.51036954342544,,,,,70.7795687422574,"rgba(255, 0, 0, 1.0)",0.5713351913726286,70.82132881028785,-1.6826003803096172,26.84034751787642,-17.671007559530636,False,True,False,True,False,0.0,0.0,0.0,0.0,0.0,0,0.9214888337468986,1.012109181141439,False,False,False,False,-0.34282825441539394,-0.32542592585712504,False,False,False,False,-72168.0,-26902.680620453488,False,False,False,False,3243.993981400561,False,False,False,False
2025-03-25 15:00:00+00:00,69.86,70.11,69.86,70.08,1168.0,,,,,,,,,,,,,,,,,,,70.45863906564253,70.71139356672332,70.64979053567514,70.67180432803782,71.02478772739435,70.86043152900376,,,,,,,,,,,,,,,,,,,,,,70.64362428240108,70.68287000490157,71.25389226965143,71.05775771312179,70.50951212597472,,,,,70.77495483168433,"rgba(239, 83, 80, 1.0)",0.5788152469398046,70.81678090187827,-1.2729120488336065,29.910374296993695,-17.671007559530636,False,True,False,True,True,0.0,0.0,0.0,0.0,0.0,0,0.9278841384783257,1.0074397381212181,False,False,False,False,-0.29757812934967054,-0.3115020276033978,False,False,False,False,-71000.0,-27586.359990679015,False,False,False,False,3211.808028200552,False,False,False,False
2025-03-25 16:00:00+00:00,70.08,70.14,69.94,70.09,1537.0,,,,,,,,,,,,,,,,,,,70.44630660571946,70.69829613143656,70.64554005013746,70.66747378144203,71.02019790497107,70.85836250277737,,,,,,,,,,,,,,,,,,,,,,70.63577509802556,70.67916756745667,71.24896871095225,71.05492352154546,70.50847956356917,,,,,70.76940831254845,"rgba(239, 83, 80, 1.0)",0.5858833094159183,70.81129361661534,-1.2311216329654737,32.113122695994846,-17.671007559530636,False,True,False,True,True,0.0,0.0,0.0,0.0,0.0,0,0.9286640726329445,1.0135687917789087,False,False,False,False,-0.2865792099073463,-0.299040618755372,False,False,False,False,-69463.0,-28235.610223381664,False,False,False,False,3185.8420122594584,False,False,False,False
2025-03-25 17:00:00+00:00,70.09,70.105,69.98,70.03,501.0,,,,,,,,,,,,,,,,,,,70.44226710672807,70.6940206334428,70.6441249724778,70.66603337050135,71.0186829105289,70.85767501356844,,,,,,,,,,,,,,,,,,,,,,70.63318218306667,70.67793490057258,71.24734802614353,71.05398625135487,70.50813039073984,,,,,70.7675805235568,"rgba(239, 83, 80, 1.0)",0.5933759196174697,70.80948550776107,-1.3136453334061406,33.00838470910396,-22.19050944704743,False,True,False,True,True,0.0,0.0,0.0,0.0,0.0,0,0.9276263031275063,1.0141339214113874,False,False,False,False,-0.2860808777234901,-0.29256074823943107,False,False,False,False,-69964.0,-28882.562002864117,False,False,False,False,3144.216554705048,False,False,False,False
2025-03-25 18:00:00+00:00,70.03,70.03,69.89,69.89,388.0,,,,,,,,,,,,,,,,,,,70.43841959715222,70.69023980769065,70.64285042671544,70.6647424206483,71.01739148735459,70.857077411263,,,,,,,,,,,,,,,,,,,,,,70.63084893877257,70.67683228801667,71.24599056847202,71.05318902744393,70.50780188691823,,,,,70.76594398731343,"rgba(255, 0, 0, 1.0)",0.6008368563327511,70.80787440817481,-1.5276599604377135,32.32908906672227,-22.19050944704743,False,True,False,True,True,0.0,0.0,0.0,0.0,0.0,0,0.9278319429088353,1.0117599758769726,False,False,False,False,-0.30260070742058864,-0.2975807278300099,False,False,False,False,-70352.0,-29525.499026075526,False,False,False,False,3101.484515097218,False,False,False,False
2025-03-25 19:00:00+00:00,69.87,69.94,69.795,69.81,3864.0,,,,,,,,,,,,,,,,,,,70.39685074109862,70.65036621887741,70.62884680472561,70.65060115744267,71.00365914371731,70.85060094975566,,,,,,,,,,,,,,,,,,,,,,70.60558646436459,70.66473860073287,71.2317220528375,71.04468806167917,70.50404807852368,,,,,70.7483371157959,"rgba(255, 0, 0, 1.0)",0.6120956102080213,70.79056945223334,-1.6019873952373098,31.194331485974185,-22.19050944704743,False,True,False,True,True,0.0,0.0,0.0,0.0,0.0,0,0.9237032569360678,1.0132689987937276,False,False,False,False,-0.321316009878378,-0.3094483688541939,False,False,False,False,-74216.0,-30218.375010167376,False,False,False,False,3113.3064605995864,False,False,False,False
2025-03-26 14:00:00+00:00,69.41,69.43,69.17,69.37,9706.0,,,,,,,,,,,,,,,,,,,70.23544980921254,70.50927848734463,70.57349808825755,70.59526032001052,70.95550027313934,70.82636126259446,,,,,,,,,,,,,,,,,,,,,,70.50940385383258,70.6172935555264,71.18400741885628,71.01471181845746,70.48740397095466,,,,,70.68256080528967,"rgba(255, 26, 202, 1.0)",0.6332635831671185,70.72639051214959,-2.141905121665011,27.640547592159002,-17.62533635632623,False,True,False,True,False,0.0,0.0,0.0,0.0,0.0,0,0.9213528116870123,1.0182109265559336,False,False,False,False,-0.34282825441539394,-0.3261383116347939,False,False,False,False,-83922.0,-31050.989351095013,False,False,False,False,3215.5187635360267,False,False,False,False
2025-03-26 15:00:00+00:00,69.33,69.34,69.02,69.24,1646.0,,,,,,,,,,,,,,,,,,,70.20970550176479,70.48609020709146,70.56369342938014,70.58546379871744,70.94700910370524,70.82199559082461,,,,,,,,,,,,,,,,,,,,,,70.49295649198851,70.6088430437124,71.17563058233253,71.00936834864929,70.48433365595494,,,,,70.67137179582922,"rgba(255, 26, 202, 1.0)",0.6567813477395881,70.71545188076861,-2.2464887071574227,24.66938412020658,-20.47985479037619,False,True,False,True,False,0.0,0.0,0.0,0.0,0.0,0,0.9136245761021344,1.01934969080391,False,False,False,False,-0.34282825441539394,-0.3344832830250939,False,False,False,False,-85568.0,-31896.214322395866,False,False,False,False,3191.185139295158,False,False,False,False
2025-03-26 16:00:00+00:00,69.27,69.42,69.245,69.35,1543.0,,,,,,,,,,,,,,,,,,,70.1898589092591,70.46734581556079,70.55554811703463,70.57730895766322,70.93974793570555,70.81827155593584,,,,,,,,,,,,,,,,,,,,,,70.47951909732699,70.60178122392126,71.16838727795962,71.00476853520198,70.48177731323662,,,,,70.66221043080051,"rgba(255, 26, 202, 1.0)",0.6763483896218236,70.70646349841415,-2.005569199584576,24.78154052038702,-20.47985479037619,False,True,False,True,False,0.0,0.0,0.0,0.0,0.0,0,0.9135802469135802,1.027057613168724,False,False,False,False,-0.31599132458408763,-0.32523730380459076,False,False,False,False,-84025.0,-32704.412549955618,False,False,False,False,3165.6318813215894,False,False,False,False
2025-03-26 17:00:00+00:00,69.365,69.51,69.04,69.44,1799.0,,,,,,,,,,,,,,,,,,,70.16761595609557,70.44609441213127,70.54612300006268,70.56787172865882,70.93132076990753,70.8139288840446,,,,,,,,,,,,,,,,,,,,,,70.46413035875074,70.59359259948556,71.15997588515758,70.99941077689554,70.47878959204792,,,,,70.65171399665797,"rgba(255, 0, 0, 1.0)",0.6791027931053523,70.69615591999514,-1.8497286901900054,26.515916116269494,-20.47985479037619,False,True,False,True,True,0.0,0.0,0.0,0.0,0.0,0,0.9109631147540984,1.0226434426229507,False,False,False,False,-0.3260566215731412,-0.32564696268886595,False,False,False,False,-82226.0,-33472.189099568706,False,False,False,False,3144.443790138309,False,False,False,False
2025-03-26 18:00:00+00:00,69.43,69.55,69.29,69.39,2904.0,,,,,,,,,,,,,,,,,,,70.13724815617422,70.41575869091787,70.53219178757016,70.55390083210068,70.91857238219731,70.80734708560622,,,,,,,,,,,,,,,,,,,,,,70.44183258429422,70.5814174117158,71.14714570941433,70.99124508549919,70.47433288102332,,,,,70.63645387331938,"rgba(255, 0, 0, 1.0)",0.6821776009802457,70.68112025056845,-1.8926453297692518,27.273967640169722,-20.47985479037619,False,True,False,True,True,0.0,0.0,0.0,0.0,0.0,0,0.9173341548572601,1.0224892174984597,False,False,False,False,-0.3007919074170882,-0.3132194350529771,False,False,False,False,-85130.0,-34273.08539259865,False,False,False,False,3140.71597943849,False,False,False,False
2025-03-26 19:00:00+00:00,69.39,69.4,69.13,69.15,4556.0,,,,,,,,,,,,,,,,,,,70.0833736121031,70.36353675856306,70.50755066615848,70.52924304332224,70.89661779211988,70.79580596256689,,,,,,,,,,,,,,,,,,,,,,70.4028014306898,70.5599011378214,71.12530683209869,70.97713601436749,70.46622372075706,,,,,70.60977245186983,"rgba(255, 26, 202, 1.0)",0.6901522419850548,70.65488104633963,-2.180505915638549,26.080262807298098,-20.47985479037619,False,True,False,True,True,0.0,0.0,0.0,0.0,0.0,0,0.9120845301600325,1.0245178498153462,False,False,False,False,-0.3278135892992788,-0.320516512176128,False,False,False,False,-89686.0,-35132.20034775216,False,False,False,False,3162.6583673541722,False,False,False,False
2025-03-27 14:00:00+00:00,68.56,68.78,68.48,68.48,1075.0,,,,,,,,,,,,,,,,,,,70.06267526895492,70.3452445101687,70.49900440899286,70.52073562667726,70.88954646987224,70.79199519092323,,,,,,,,,,,,,,,,,,,,,,70.3890906906991,70.55250931620932,71.11849565911504,70.97262206885276,70.46333550315074,,,,,70.60047770123784,"rgba(255, 26, 202, 1.0)",0.7251947548295624,70.64580694481032,-2.986517663547261,22.462299153587463,-23.129312290759493,False,True,False,True,False,0.0,0.0,0.0,0.0,0.0,0,0.9047957732168255,1.0305832147937408,False,False,False,False,-0.34282825441539394,-0.331672383295761,False,False,False,False,-90761.0,-35994.66235786452,False,False,False,False,3130.291570961084,False,False,False,False
2025-03-27 15:00:00+00:00,68.48,68.635,68.43,68.55,393.0,,,,,,,,,,,,,,,,,,,70.05504122437017,70.33849487047878,70.49583151466737,70.51757760437779,70.88692564523647,70.79057913283162,,,,,,,,,,,,,,,,,,,,,68.53833333333334,70.38401538146641,70.5497639700068,71.11597398926348,70.97094743085471,70.4622585198356,,,,,70.42547855139355,"rgba(255, 26, 202, 1.0)",0.7538923143403802,70.4805931125329,-2.5608340552219064,21.189346823748412,-24.398503673334904,False,True,False,True,False,0.0,0.0,0.0,0.0,0.0,0,0.900702004273069,1.03794892664564,True,False,False,False,-0.34282825441539394,-0.33725031885557744,False,False,False,False,-90368.0,-36837.65984068833,False,False,False,False,3087.852941953935,False,False,False,False
2025-03-27 16:00:00+00:00,68.53,68.695,68.5,68.67,871.0,,,,,,,,,,,,,,,,,,,70.03930633276198,70.32439823150669,70.48913375703839,70.51090744338661,70.88134328498971,70.78756296447676,,,,,,,,,,,,,,,,,,,,,68.59575685654009,70.37336907519662,70.5439570705237,71.11058289307928,70.96737101731964,70.45997910860868,,,,,70.42363900295236,"rgba(255, 26, 202, 1.0)",0.7790020180615793,70.47849020404146,-2.3215475212010332,22.29679508958479,-24.398503673334904,False,True,False,True,False,0.0,0.0,0.0,0.0,0.0,0,0.9018148450244693,1.0375203915171287,False,False,False,False,-0.3328726178561418,-0.3350614683558596,False,False,False,False,-89497.0,-37654.083719127266,False,False,False,False,3053.4831289003855,False,False,False,False
2025-03-27 17:00:00+00:00,68.6,68.75,68.59,68.715,2122.0,,,,,,,,,,,,,,,,,,,70.00402979975287,70.29224692932597,70.4735614581003,70.4953900856919,70.86823554503081,70.78046357675608,,,,,,,,,,,,,,,,,,,,,68.65168537113605,70.34888089184165,70.53041649932779,71.09787745602625,70.95893731011992,70.4546398947988,,,,,70.41303040149238,"rgba(255, 26, 202, 1.0)",0.8011279941825329,70.4677429907467,-2.1878438944518313,23.778181167127112,-24.398503673334904,False,True,False,True,True,0.0,0.0,0.0,0.0,0.0,0,0.898448662992447,1.039701979995917,False,False,False,False,-0.32184275596710576,-0.3284521121614827,False,False,False,False,-87375.0,-38424.95063821056,False,False,False,False,3039.041530002705,False,False,False,False
2025-03-27 18:00:00+00:00,68.715,68.745,68.595,68.65,2052.0,,,,,,,,,,,,,,,,,,,69.9710894856997,70.26193001550978,70.45857705686906,70.48045679821513,70.85558381988875,70.77357331518917,,,,,,,,,,,,,,,,,,,,,68.65608066691186,70.32556708188412,70.51735734794025,71.08560790039651,70.95076373344807,70.44944442873955,,,,,70.398835970891,"rgba(255, 26, 202, 1.0)",0.8293668104681843,70.45371830192836,-2.1748137002373444,24.357608584941296,-24.398503673334904,False,True,False,True,True,0.0,0.0,0.0,0.0,0.0,0,0.8955864323661621,1.0425010216591741,False,False,False,False,-0.32184275596710576,-0.32514743406429425,False,False,False,False,-89427.0,-39215.680085680164,False,False,False,False,3023.7385605452987,False,False,False,False
2025-03-27 19:00:00+00:00,68.65,68.78,68.55,68.73,3351.0,,,,,,,,,,,,,,,,,,,69.92154245664929,70.21546415619169,70.43494434449893,70.45689315656328,70.83544890068437,70.76254050466693,,,,,,,,,,,,,,,,,,,,,68.66774225357456,70.28936601475212,70.49668304530299,71.06602539836433,70.93767524800072,70.44113450424025,,,,,70.3771216652908,"rgba(255, 0, 0, 1.0)",0.8523489694753116,70.4322017666107,-1.99707141977134,26.22419021754419,-27.8243269986056,False,True,False,True,True,0.0,0.0,0.0,0.0,0.0,0,0.8922272354388838,1.048297785069729,False,False,False,False,-0.3226009825943724,-0.32387420832933334,False,False,False,False,-86076.0,-39942.19667349908,False,False,False,False,3028.8123813120383,False,False,False,False
2025-03-28 14:00:00+00:00,70.01,70.27,70.01,70.095,7690.0,,,,,,,,,,,,,,,,,,,69.93808861839346,70.20972875822382,70.42573954640365,70.44718084930958,70.82062929317316,70.75489852912828,,,,,,,,,,,,,,,,,,,,,69.34777818233307,70.28143628801044,70.48729384158186,71.04872159466798,70.92703529414435,70.43775112787361,,,,,70.42719016027027,#000000,0.8502454176707621,70.47709403300078,-0.44939264012445407,39.92880532533622,-15.27822843143261,False,False,False,True,True,0.0,0.0,0.0,0.0,0.0,0,0.8942902775004987,1.0412257935715712,False,False,False,False,-0.11033141637925847,-0.2171028123542959,False,False,False,False,-78386.0,-40538.22463204948,False,False,False,False,3101.0788560203787,False,False,False,False
2025-03-28 15:00:00+00:00,70.18,70.2,69.72,70.12,3160.0,,,,,,,,,,,,,,,,,,,69.94052185347785,70.20474210016016,70.42076734656503,70.4420258247915,70.81376824262115,70.75126378339307,,,,,,,,,,,,,,,,,,,,,69.45486888334436,70.27622454482632,70.48242445818622,71.04095671101493,70.92214586942445,70.43589278019107,,,,,70.43213353316634,#000000,0.8510804632670245,70.48106398325749,-0.4242418888003513,49.18363294321031,-7.482052811071355,True,False,True,False,True,0.0,0.0,0.0,0.0,0.0,0,0.8888999205718818,1.0425933280381252,False,False,False,False,-0.13535377567604445,-0.17622829401517018,False,False,False,False,-75226.0,-41076.01959899445,False,False,False,False,3101.99236212859,False,False,False,False
2025-03-28 16:00:00+00:00,70.08,70.155,70.01,70.14,4104.0,,,,,,,,,,,,,,,,,,,69.94701683313203,70.2014515886474,70.41584781481731,70.4368533234586,70.80599409627732,70.74715481087712,,,,,,,,,,,,,,,,,,,,,69.566668491766,70.2719260854869,70.47741091882109,71.03189641867193,70.91648304331763,70.43400291265212,,,,,70.43772552816046,#000000,0.8513996584320643,70.48553163559394,-0.4058395280898671,55.45791270832486,-2.5021108707052093,True,False,True,False,True,0.0,0.0,0.0,0.0,0.0,0,0.9041604010025056,1.0396992481203005,False,False,False,False,-0.11830824812035698,-0.14726827106776358,False,False,False,False,-71122.0,-41541.84875249841,False,False,False,False,3117.527364266131,False,False,False,False
2025-03-28 17:00:00+00:00,70.14,70.23,70.13,70.165,1805.0,,,,,,,,,,,,,,,,,,,69.95098786042384,70.20108534118832,70.41422572917871,70.435114730279,70.8029788303338,70.74556748527549,,,,,,,,,,,,,,,,,,,,,69.60964791764522,70.27088758760422,70.47566969284212,71.02827647246518,70.91423905595757,70.43336039246623,,,,,70.44017009130498,#000000,0.8519176672141322,70.48750999786449,-0.37856944429751144,59.78419253591332,0.8815657094466189,True,False,True,False,True,0.0,0.0,0.0,0.0,0.0,0,0.9048479373682619,1.0325203252032518,False,False,False,False,-0.10479061211888314,-0.12602944159332335,False,False,False,False,-69317.0,-41972.47125245967,False,False,False,False,3097.1781028046403,False,False,False,False
2025-03-28 18:00:00+00:00,70.165,70.31,70.13,70.21,3242.0,,,,,,,,,,,,,,,,,,,69.9590474720065,70.20146343075983,70.41186447999193,70.43254033425785,70.79798937181076,70.7429450558582,,,,,,,,,,,,,,,,,,,,,69.6780034155378,70.26986384831613,70.47301856897641,71.02216460362406,70.9104677656044,70.43239914884028,,,,,70.44431395796535,#000000,0.8521007003890214,70.49086454338308,-0.32961426185292647,62.94731535563275,3.481215241893338,True,False,True,False,True,0.0,0.0,0.0,0.0,0.0,0,0.9103649929421247,1.0300463803186126,False,False,False,False,-0.09925621131724728,-0.11264282645528531,False,False,False,False,-66075.0,-42346.1538687006,False,False,False,False,3099.423403536351,False,False,False,False
2025-03-28 19:00:00+00:00,70.18,70.18,70.03,70.08,4141.0,,,,,,,,,,,,,,,,,,,69.96418102710544,70.19831296976561,70.4071248956026,70.42755944749639,70.7904481891274,70.73887781744348,,,,,,,,,,,,,,,,,,,,,69.73064938811454,70.2657852949595,70.46816154517406,71.01334727545743,70.90488663119197,70.43050759401186,,,,,70.44498683962087,#000000,0.8524519483960263,70.49080932460394,-0.481914934181246,63.22426157331304,3.748487938500638,True,False,True,False,True,0.0,0.0,0.0,0.0,0.0,0,0.9075138678769537,1.0280383257690369,False,False,False,False,-0.11518514955722042,-0.11391398800625287,False,False,False,False,-70216.0,-42778.24450639517,False,False,False,False,3115.5718779001286,False,False,False,False
2025-03-31 14:00:00+00:00,71.1,71.17,70.84,70.89,4084.0,,,,,,,,,,,,,,,,,,,69.99975295770162,70.22043774236762,70.41530157247783,70.43533051322052,70.79229733919503,70.74028291266603,,,,,,,,,,,,,,,,,,,,,69.86702368409203,70.28169343589003,70.47442672398759,71.01291274823093,70.90530168587227,70.43347033189863,,,,,70.46485263730001,#000000,0.8540556240719142,70.50909563734783,0.4459947946201931,67.72356431117505,8.17070029448223,True,False,True,False,True,3.64139682288371,0.0,0.0,0.0,0.0,0,0.9090909090909087,1.019706872648049,False,False,False,False,0.008558293205126096,-0.05267784740056339,False,False,False,False,-66132.0,-43140.318234978186,False,False,False,False,3130.586267390049,False,False,False,False
2025-03-31 15:00:00+00:00,70.86,70.99,70.79,70.86,1286.0,,,,,,,,,,,,,,,,,,,70.0094796115059,70.22636438273848,70.41743008856912,70.43733975034667,70.79258617834336,70.74055376670701,,,,,,,,,,,,,,,,,,,,,69.90103552561727,70.28593925029936,70.47602544650155,71.01252430170477,70.90524827322803,70.4342459538664,,,,,70.46989771078565,#000000,0.8550280117638014,70.51371777186948,0.40499518538134005,70.3478950282614,10.865374656124189,True,False,True,False,True,3.4235991342818295,0.0,0.0,0.0,0.0,0,0.9101368776036498,1.0232096806189248,False,False,False,False,-0.007188927218134223,-0.029933387309348806,False,False,False,False,-67418.0,-43516.71640187775,False,False,False,False,3101.9880306863274,False,False,False,False
2025-03-31 16:00:00+00:00,70.815,70.89,70.57,70.67,3213.0,,,,,,,,,,,,,,,,,,,70.0282997196069,70.23698374894929,70.42074035794484,70.44038350803682,70.79191217584643,70.74040649412474,,,,,,,,,,,,,,,,,,,,,69.96364579820462,70.29332683590701,70.4783072901648,71.01033132011393,70.90422387928902,70.43543749971981,,,,,70.47866655232568,#000000,0.8539582558313736,70.52163398416972,0.1737391901971071,69.71263052224657,10.865374656124189,True,False,True,False,True,2.0446420199539936,0.0,0.0,0.0,0.0,0,0.9012592444533275,1.0381770937437538,False,False,False,False,-0.02910573274465156,-0.029519560027000184,False,False,False,False,-70631.0,-43937.09289177111,False,False,False,False,3103.7091464896403,False,False,False,False
2025-03-31 17:00:00+00:00,70.655,70.655,70.44,70.56,1619.0,,,,,,,,,,,,,,,,,,,70.03529015039642,70.24042733482936,70.42148256953976,70.44100597705915,70.79092824805448,70.73994919193476,,,,,,,,,,,,,,,,,,,,,69.9857172002875,70.29557488717252,70.47866603034988,71.00866206517766,70.90329427335685,70.43569001957891,,,,,70.48139066231145,#000000,0.8525300026422913,70.52401678295908,0.042207566806326244,67.96450255115867,10.865374656124189,True,False,True,False,True,1.2525577035142348,0.0,0.0,0.0,0.0,0,0.8974384731290805,1.0418884982420893,False,False,False,False,-0.0541399779423262,-0.041829768984663195,False,False,False,False,-72250.0,-44376.05269189869,False,False,False,False,3080.6904000324366,False,False,False,False
2025-03-31 18:00:00+00:00,70.53,70.57,70.385,70.57,2332.0,,,,,,,,,,,,,,,,,,,70.0442191778974,70.24458461982078,70.4221860051032,70.44154409379013,70.78927095409702,70.7391436712784,,,,,,,,,,,,,,,,,,,,,70.01252333296675,70.29820863170598,70.47887353880976,71.00605294641181,70.90179990102943,70.43591664091487,,,,,70.48452695948546,#000000,0.8526224410762872,70.52670680783308,0.05077651030655918,66.86899926855214,10.865374656124189,True,False,True,False,True,1.3228233727030059,0.0,0.0,0.0,0.0,0,0.8961770623742452,1.039134808853119,False,False,False,False,-0.06375846015735487,-0.052794114571009035,False,False,False,False,-69918.0,-44772.05187497002,False,False,False,False,3069.0827969311586,False,False,False,False
2025-03-31 19:00:00+00:00,70.62,71.15,70.61,71.15,6520.0,,,,,,,,,,,,,,,,,,,70.09062744268893,70.27474857568028,70.43431648576073,70.45309496511248,70.79218649406303,70.74136681077157,,,,,,,,,,,,,,,,,,,,,70.13261081722293,70.3206817579343,70.48829371663469,71.00553484840471,70.90251380315154,70.44053472335499,,,,,70.50637587006501,"rgba(38, 166, 154, 0.5)",0.8562762457343247,70.546807634075,0.7044366452180697,69.41265359329813,11.618193096148374,True,False,True,False,True,5.255670327738166,0.0,0.0,0.0,0.0,0,0.8973406924234817,1.0349222277972905,False,False,False,False,-0.008558306899074884,-0.03067621073504196,False,False,False,False,-63398.0,-45060.82626450536,False,False,False,False,3122.5853892267996,False,False,False,False
2025-04-01 14:00:00+00:00,71.26,71.72,71.19,71.215,17236.0,,,,,,,,,,,,,,,,,,,70.24091457853875,70.38371415492581,70.48633657383641,70.50345485450842,70.81602464647519,70.75709700619385,,,,,,,,,,,,,,,,,,,,,70.44196520323794,70.40634365518207,70.5310848172621,71.0190568411531,70.9152364392494,70.46141754950986,,,,,70.58022052667273,"rgba(38, 166, 154, 0.5)",0.8592459505889247,70.61590955376658,0.6972281287130928,71.39632591151312,13.970254848869253,True,False,True,False,True,5.678825129496111,0.0,0.0,0.0,0.0,0,0.9060315558218491,1.0241661673656879,False,False,False,False,0.07029188142169304,0.01980783534332554,False,False,False,False,-46162.0,-45077.89872552078,False,False,False,False,3341.3980188511905,False,False,False,False
2025-04-01 15:00:00+00:00,71.215,71.58,71.13,71.4,775.0,,,,,,,,,,,,,,,,,,,70.24682398453048,70.38808671460416,70.48852837475263,70.50557804805308,70.81704159896157,70.75778039624167,,,,,,,,,,,,,,,,,,,,,70.4522404613597,70.409851332776,70.53290123439544,71.01963341523239,70.91578637677176,70.46232960128764,,,,,70.58304846158053,"rgba(38, 166, 154, 0.5)",0.8655996827695082,70.61855993786972,0.9027730458842699,73.52225410809359,16.4164023063812,True,False,True,False,True,6.879160643002717,0.0,0.0,0.0,0.0,0,0.9025027640968937,1.037893255603578,False,False,False,False,0.05654357743197037,0.03817570638764795,False,False,False,False,-45387.0,-45082.69099334216,False,False,False,False,3301.608902279854,False,False,False,False
2025-04-01 16:00:00+00:00,71.4,71.4,71.19,71.265,2444.0,,,,,,,,,,,,,,,,,,,70.26368089511915,70.40045339576693,70.49470996520577,70.51155428390959,70.81973505597972,70.75962772231046,,,,,,,,,,,,,,,,,,,,,70.48033632431438,70.41978299699416,70.53800177960794,71.02100120633622,70.91718903500588,70.46492562044648,,,,,70.5909165234164,"rgba(38, 166, 154, 0.5)",0.8688227097059352,70.62591529132473,0.735575511017175,73.0120349534531,16.4164023063812,True,False,True,False,True,5.836885743274728,0.0,0.0,0.0,0.0,0,0.8962865526661942,1.0438126075078416,False,False,False,False,0.04830516354862586,0.043240434968136905,False,False,False,False,-47831.0,-45125.30043530585,False,False,False,False,3288.3126402290036,False,False,False,False
2025-04-01 17:00:00+00:00,71.275,71.37,71.24,71.33,1561.0,,,,,,,,,,,,,,,,,,,70.27445480807378,70.40842251252684,70.49874798289409,70.51546170144569,70.82154299797347,70.7608641302456,,,,,,,,,,,,,,,,,,,,,70.49790782106548,70.426213194787,70.5413456834466,71.021960439947,70.91814794254029,70.46663215030166,,,,,70.59597511377062,"rgba(38, 166, 154, 0.5)",0.8742277518827837,70.63065031969933,0.7999628000764261,73.0333266087845,16.910623687368414,True,False,True,False,True,6.266747987763722,0.0,0.0,0.0,0.0,0,0.8920760858508795,1.046282168650188,False,False,False,False,0.049677747500005344,0.046459091234071125,False,False,False,False,-46270.0,-45143.04771537863,False,False,False,False,3261.5325992952203,False,False,False,False
2025-04-01 18:00:00+00:00,71.33,71.55,71.33,71.5,1889.0,,,,,,,,,,,,,,,,,,,70.28899981598147,70.4194151794361,70.50445180184849,70.5209994092641,70.82436041314308,70.76274821981724,,,,,,,,,,,,,,,,,,,,,70.52185553652217,70.4351380205477,70.54611533623395,71.02369292362926,70.91973051213463,70.46904423528966,,,,,70.60304595032065,"rgba(38, 166, 154, 0.5)",0.8817868427436993,70.63729936774614,0.9783550745320148,73.9652721971707,18.34308052765789,True,False,True,False,True,7.388215378665688,0.0,0.0,0.0,0.0,0,0.8910850738665306,1.0435048395313298,False,False,False,False,0.06822807042463498,0.05734358082935305,False,False,False,False,-44381.0,-45131.23302211695,False,False,False,False,3240.2530241123486,False,False,False,False
2025-04-01 19:00:00+00:00,71.38,71.4,71.19,71.26,4259.0,,,,,,,,,,,,,,,,,,,70.31576397710492,70.43930784729281,70.5147344248541,70.53094494612851,70.82888191114596,70.7658921769233,,,,,,,,,,,,,,,,,,,,,70.5623193468831,70.45133254433271,70.55464539276838,71.02598774155794,70.92210918407626,70.47347792884642,,,,,70.61544978515953,"rgba(38, 166, 154, 0.5)",0.8859303248791109,70.6489042890565,0.6897785229632913,71.05494360834857,18.34308052765789,True,False,True,False,False,5.4961713996067125,0.0,0.0,0.0,0.0,0,0.8810904282372085,1.0483165496897568,False,False,False,False,0.04830516354862586,0.05282437218898946,False,False,False,False,-48640.0,-45185.63251014614,False,False,False,False,3256.0475508702966,False,False,False,False
2025-04-02 14:00:00+00:00,71.75,72.065,71.44,71.47,2859.0,,,,,,,,,,,,,,,,,,,70.33959198284997,70.45786358255734,70.52478014156068,70.5407325458401,70.83433107912478,70.76949558851496,,,,,,,,,,,,,,,,,,,,,70.60006876847213,70.46660663963716,70.5631518473888,71.02971738964499,70.9253281831139,70.47779286571964,,,,,70.62745505120203,"rgba(38, 166, 154, 0.5)",0.8926613312181276,70.66025411954135,0.9071143244814565,70.51587414869574,18.34308052765789,True,False,True,False,False,6.892674597108982,0.0,0.0,0.0,0.0,0,0.8859269691177949,1.0307816115078967,False,False,False,False,0.11137104472850548,0.08209770845874748,False,False,False,False,-45781.0,-45194.86301386481,False,False,False,False,3249.891774887811,False,False,False,False
2025-04-02 15:00:00+00:00,71.535,71.815,70.955,71.08,2472.0,,,,,,,,,,,,,,,,,,,70.35385542512434,70.46858672937633,70.53049810584692,70.54626533991184,70.836867154262,70.77128323256602,,,,,,,,,,,,,,,,,,,,,70.61982812743723,70.47544624588073,70.56791938367712,71.03100420153407,70.92667651136568,70.48032138001732,,,,,70.63404598641664,#000000,0.8948766687382795,70.66642511123811,0.46215853335968726,65.48871340171078,20.627134868333727,True,False,True,False,False,3.8888933167697175,0.0,0.0,0.0,0.0,0,0.8744028662420381,1.0399084394904459,False,False,False,False,0.08236968113542503,0.08223369479708625,False,False,False,False,-48253.0,-45242.27599039404,False,False,False,False,3237.831437292651,False,False,False,False
2025-04-02 16:00:00+00:00,71.015,71.26,70.36,70.58,3484.0,,,,,,,,,,,,,,,,,,,70.3617701124654,70.47334667327213,70.53263035959081,70.54820927448739,70.83604947688801,70.77109806236506,,,,,,,,,,,,,,,,,,,,70.73333333333333,70.62427320788935,70.4793209692861,70.56944843014426,71.02889066417764,70.9256556524471,70.48143575594378,,,,,70.64349707479155,#000000,0.8947719624936475,70.67272975739463,-0.10363507271305958,57.97365640626284,13.71814382257309,True,False,True,False,False,0.27676222126750716,0.0,0.0,0.0,0.0,0,0.8725451299345366,1.0502876413410034,False,False,False,False,0.012989884186982003,0.04761178949203413,False,False,False,False,-51737.0,-45342.9693858918,False,False,False,False,3241.648004156331,False,False,False,False
2025-04-02 17:00:00+00:00,70.58,70.85,70.47,70.655,3226.0,,,,,,,,,,,,,,,,,,,70.36738891172844,70.47637587032479,70.53384213011245,70.54925879697603,70.83475930235001,70.77059088222087,,,,,,,,,,,,,,,,,,,,70.69727521112767,70.62546507213365,70.4817772612303,70.57020276011563,71.02647036353905,70.9243550630652,70.48215426328868,,,,,70.64153199140097,#000000,0.8919725837098123,70.67072612954102,-0.01763073196220399,53.66029733378038,9.994223368486331,True,False,False,False,False,0.7968006700542816,0.0,0.0,0.0,0.0,0,0.877669127918579,1.0550788265815205,False,False,False,False,0.025937364775423636,0.036774577133728885,False,False,False,False,-48511.0,-45392.08613959891,False,False,False,False,3241.4053994407286,False,False,False,False
2025-04-02 18:00:00+00:00,70.655,70.995,70.555,70.86,1840.0,,,,,,,,,,,,,,,,,,,70.37204952259215,70.47940135113615,70.53531577059972,70.55063242707473,70.83462971304861,70.77067466233157,,,,,,,,,,,,,,,,,,,,70.72009941520467,70.62894563791698,70.484274278182,70.57132578385504,71.02564218471699,70.9240201606232,70.4828966070667,,,,,70.64460827033449,#000000,0.8858282478474887,70.67351902375366,0.2105159512574607,52.6396037522473,9.199482819491578,True,False,False,False,False,2.2097273967431725,0.0,0.0,0.0,0.0,0,0.8858169477991815,1.0412216788102602,False,False,False,False,0.05273790447728598,0.04475624080550743,False,False,False,False,-46671.0,-45411.914261465594,False,False,False,False,3219.6781839455234,False,False,False,False
2025-04-02 19:00:00+00:00,70.855,71.235,70.77,71.21,4148.0,,,,,,,,,,,,,,,,,,,70.38851409108618,70.49150382032879,70.54184701505316,70.5569062852277,70.83681293983722,70.77240092813047,,,,,,,,,,,,,,,,,,,,70.83494434819131,70.64765050893956,70.49438022613398,70.57670087477801,71.02602407943439,70.92493553374044,70.48594848715081,,,,,70.65988993369476,"rgba(38, 166, 154, 0.5)",0.8850631117110117,70.68772199884941,0.5901025522811695,54.639912960919375,9.199482819491578,True,False,True,False,False,4.546871027244084,0.0,0.0,0.0,0.0,0,0.8954463750748949,1.0317555422408626,False,False,False,False,0.09176934456637267,0.06826279268594004,False,False,False,False,-42523.0,-45367.12489307078,False,False,False,False,3234.0707702409413,False,False,False,False
2025-04-03 14:00:00+00:00,72.13,72.37,71.78,72.06,47386.0,,,,,,,,,,,,,,,,,,,70.7447896508141,70.79024540796154,70.72846754359063,70.73987327887663,70.95421473038911,70.85219002282108,,,,,,,,,,,,,,,,,,,,71.80898647449128,71.11067332353238,70.75319123896811,70.73993266867049,71.11641512283927,71.00067072699794,70.57450452050051,,,,,70.91647343926562,"rgba(38, 166, 154, 1.0)",0.8994369459943748,70.93213076284336,1.253972546024031,60.217642921282724,3.2307929022887407,True,False,True,False,True,9.73949964025918,0.0,0.0,0.0,0.0,0,0.9067098293113595,1.0138316656856972,False,False,False,False,0.2817649560025297,0.17501387434423488,False,False,False,False,4863.0,-44588.36326682162,False,False,False,False,3918.596804810849,False,False,False,False
2025-04-03 15:00:00+00:00,72.075,72.26,71.535,71.595,42651.0,,,,,,,,,,,,,,,,,,,70.91326298528574,70.93673168276285,70.83425466052435,70.84360403309076,71.02070600161981,70.90172121102574,,,,,,,,,,,,,,,,,,,,71.80387183854901,71.26612481293557,70.88759424460865,70.83458851898054,71.1655955597594,71.04539506693274,70.63305572310752,,,,,71.0066543337833,"rgba(38, 166, 154, 0.5)",0.9067987698540827,71.0192039532162,0.6349766518501644,60.14656265043517,3.2307929022887407,True,False,True,False,True,6.390844068639183,0.0,0.0,0.0,0.0,0,0.9053421719633453,1.0158900370442578,False,False,False,False,0.2492855109942495,0.2121496926692422,False,False,False,False,-37788.0,-44482.931278188735,False,False,False,False,4519.09917993006,False,False,False,False
2025-04-03 16:00:00+00:00,71.63,71.835,71.385,71.725,3553.0,,,,,,,,,,,,,,,,,,,70.92294141516706,70.94525651616354,70.84091574222698,70.85013077669348,71.02480559957546,70.90496875749842,,,,,,,,,,,,,,,,,,,,71.79867249046616,71.27320621793001,70.89567019036748,70.84061560494217,71.16848552322895,71.04820401635702,70.63709150794786,,,,,71.0116126429665,"rgba(38, 166, 154, 0.5)",0.9159366052651974,71.02400273780384,0.7653338213218253,60.73520982047782,4.051755984305643,True,False,True,False,True,7.155669760163676,0.0,0.0,0.0,0.0,0,0.9187432286023832,1.0211760070915,False,False,False,False,0.19772109620395223,0.2049353944365972,False,False,False,False,-34235.0,-44324.04862271294,False,False,False,False,4504.120898070679,False,False,False,False
2025-04-03 17:00:00+00:00,71.755,72.07,71.62,71.865,4320.0,,,,,,,,,,,,,,,,,,,70.93757511817572,70.95826965278954,70.85087235803687,70.85991080369352,71.03132075792895,70.90994921793178,,,,,,,,,,,,,,,,,,,,71.80074227602584,71.28595023662845,70.90785258471334,70.84963935896138,71.17342243897599,71.05272957498443,70.64293351622901,,,,,71.02008983808268,"rgba(38, 166, 154, 0.5)",0.9282511503887664,71.03221056941953,0.8971595997825335,61.82136137098134,5.45768933058514,True,False,True,False,True,7.9767105583511615,0.0,0.0,0.0,0.0,0,0.9220496587199523,1.0144425759224451,False,False,False,False,0.23977968169513966,0.22235753806586844,False,False,False,False,-29915.0,-44100.65252003522,False,False,False,False,4501.266310503692,False,False,False,False
2025-04-03 18:00:00+00:00,71.84,72.07,71.47,71.6,3378.0,,,,,,,,,,,,,,,,,,,70.94701683684866,70.96665205298173,70.8574648639475,70.86637790983302,71.03549707178303,70.91324056982488,,,,,,,,,,,,,,,,,,,,71.79815189292252,71.29318806212588,70.91579955060205,70.85562526030714,71.17645612555565,71.05562635058358,70.64694430086008,,,,,71.02523391139813,"rgba(38, 166, 154, 0.5)",0.9348414713610256,71.03719252311892,0.602035205029673,60.32212179155489,5.45768933058514,True,False,True,False,True,6.081469090607332,0.0,0.0,0.0,0.0,0,0.9200748989849212,1.0085739627476098,False,False,False,False,0.22627287223849288,0.22431520515218067,False,False,False,False,-33293.0,-43933.092015848626,False,False,False,False,4483.851328945495,False,False,False,False
2025-04-03 19:00:00+00:00,71.595,71.885,71.365,71.445,10579.0,,,,,,,,,,,,,,,,,,,70.96970714099784,70.98675598149443,70.87400618558067,70.88257313433489,71.04546039857259,70.92149689323479,,,,,,,,,,,,,,,,,,,,71.77835087437617,71.30687797852842,70.93525737353018,70.87069497212762,71.1831750216858,71.06252671084502,70.65759236641554,,,,,71.03649807936338,#000000,0.9397595916456299,71.04810166544414,0.42234028583931893,58.09622883523514,5.45768933058514,True,False,True,False,False,4.99101027832176,0.0,0.0,0.0,0.0,0,0.9180649592777936,1.0103032087135704,False,False,False,False,0.20038366104138614,0.2123494330967834,False,False,False,False,-43872.0,-43932.14485281221,False,False,False,False,4578.349757954093,False,False,False,False
2025-04-04 14:00:00+00:00,72.43,73.225,72.4,72.93,2448.0,,,,,,,,,,,,,,,,,,,70.98556214789399,71.00114358394157,70.8846475562257,70.89307954446382,71.05329078643436,70.92713833977464,,,,,,,,,,,,,,,,,,,,71.7990375525865,71.32467453045513,70.94845721807522,70.88038543698245,71.18982490958666,71.06811768042382,70.6634653091305,,,,,71.04760189199803,"rgba(0, 255, 255, 0.75)",0.9750010395004204,71.05887229756979,1.9191032897656803,62.93065472165583,6.983042995909656,True,False,True,False,True,13.126124523076385,0.0,0.0,0.0,0.0,0,0.922100238663484,0.9867303102625294,False,False,False,False,0.34282823711031,0.2775888351035467,False,False,False,False,-41424.0,-43893.25888610195,False,False,False,False,4545.321079536199,False,False,False,False
2025-04-04 15:00:00+00:00,73.035,73.035,72.49,72.925,1842.0,,,,,,,,,,,,,,,,,,,70.99709676316195,71.0116220220377,70.89243833106389,70.90077152105104,71.0590243501326,70.93128475237756,,,,,,,,,,,,,,,,,,,,71.81358470114989,71.33749674574848,70.9580897244623,70.88748640184441,71.19468913100175,71.0722195216172,70.6677933709519,,,,,71.05566133358467,"rgba(0, 255, 255, 0.75)",1.0076127437866775,71.06669248988248,1.8442675736055758,66.11618048785165,10.017040329340986,True,False,True,False,True,13.090955634633154,0.0,0.0,0.0,0.0,0,0.9226750261233013,0.9905006174598646,False,False,False,False,0.33420011668546024,0.30589447589450347,False,False,False,False,-43266.0,-43883.53394213138,False,False,False,False,4503.409124814708,False,False,False,False
2025-04-04 16:00:00+00:00,72.92,73.61,72.91,73.31,6133.0,,,,,,,,,,,,,,,,,,73.27666666666666,71.04392542126114,71.0543279697986,70.92402532508724,70.93198862764001,71.08277514962707,70.94829671553507,,,,,,,,,,,,,,,,,,,,71.88005788168827,71.39144076086629,70.99722120555002,70.91630748920976,71.21521139542897,71.0893041346327,70.68513733156715,,,,,71.24547757675421,"rgba(0, 255, 255, 0.75)",1.052494582811106,71.24444685520736,1.962530903746566,69.32330236569342,13.050437428769733,True,False,True,False,True,14.973148758384266,0.0,0.0,0.0,0.0,0,0.9454824183194397,0.9746095621347125,False,True,False,False,0.3428282387483902,0.32436135732144683,False,False,False,False,-37133.0,-43778.874501168095,False,True,False,False,4528.674099623782,False,False,False,False
2025-04-04 17:00:00+00:00,73.31,73.61,72.81,72.81,4084.0,,,,,,,,,,,,,,,,,73.07666666666667,73.19672147727643,71.07135713782195,71.07940404371618,70.9428501220171,70.95059051294194,71.09689450002602,70.95852748091302,,,,,,,,,,,,,,,,,,,,71.91519759549013,71.42209051058703,71.02033181393492,70.93352321959475,71.2273501257435,71.0995078837663,70.69567793320726,,,,73.07666666666667,71.37911273491356,"rgba(38, 166, 154, 1.0)",1.0797595244453786,71.37053030990847,1.33313914580278,67.74525142199417,13.050437428769733,True,False,True,False,True,11.488556787766562,-1.0,73.61,72.81,0.0,0,0.9425527867605094,0.9694692790564955,False,True,False,False,0.33501477581764094,0.32968806656954386,False,False,False,False,-41217.0,-43739.15551665386,False,False,False,False,4521.7799275365915,False,False,False,False
2025-04-04 18:00:00+00:00,72.705,73.23,72.675,73.05,7763.0,,,,,,,,,,,,,,,,,73.01660012380067,73.10530913978494,71.11921747558219,71.12328367889735,70.97624118703494,70.98358757711374,71.12197155483472,70.97687576419561,,,,,,,,,,,,,,,,,,,,71.97175683590426,71.47431643816945,71.06097781023168,70.96413444842968,71.24887034373336,71.11773144753141,70.71469822301134,,,,73.01660012380067,71.3983714698837,"rgba(38, 166, 154, 1.0)",1.1129933747566214,71.389890330962,1.4915719236882339,67.56236341085153,13.050437428769733,True,False,True,False,True,12.670903919879212,0.0,0.0,0.0,0.0,0,0.9346791087411915,0.9857170062845164,False,False,False,False,0.2953705275004402,0.312529297034992,False,False,False,False,-33454.0,-43579.69574120186,False,False,False,False,4572.031401528273,False,False,False,False
2025-04-04 19:00:00+00:00,73.05,73.105,72.39,72.41,24405.0,,,,,,,,,,,,,,,,,72.75970530361543,72.83450827729936,71.22970932895261,71.22533033224077,71.05733836626406,71.0637079686246,71.18261464974431,71.02276720519367,,,,,,,,,,,,,,,,,,,,72.06628176827846,71.58465642853433,71.15709982951236,71.03900234519824,71.30024683989352,71.1624740031416,70.76357821674021,,,,72.75970530361543,71.42993472421557,"rgba(38, 166, 154, 0.5)",1.1297278712428693,71.42259332534009,0.8740217000874854,63.38774080500202,13.050437428769733,True,False,True,False,False,8.443922041845468,0.0,0.0,0.0,0.0,0,0.9221727177931552,0.9933642999336423,False,False,False,False,0.2644473285482903,0.2884883127916411,False,False,False,False,-57859.0,-43801.08030335377,False,False,False,False,4879.519286775896,False,False,False,False
2025-04-07 14:00:00+00:00,70.655,70.765,69.44,70.43,3743.0,,,,,,,,,,,,,,,,,72.52124278034755,72.62168101081049,71.21845364301335,71.21494333083295,71.05104444957003,71.05741479698217,71.17668253240207,71.01933881102599,,,,,,,,,,,,,,,,,,,,72.0266103469099,71.56492579240303,71.14832709026949,71.03335554331797,71.29409365092789,71.15819313247759,70.76143196826935,,,,72.52124278034755,71.39118259197065,"rgba(239, 83, 80, 0.5)",1.1302602466799878,71.38588241161465,-0.8457188637948077,53.51565904750237,10.381668573853865,False,False,False,False,False,0.0,0.0,0.0,0.0,0.0,0,0.9000901713255179,1.0043282236248867,False,False,False,False,-0.11127135409377427,0.08860847934893343,False,False,False,False,-61602.0,-44077.06355446456,False,False,False,False,4861.898832717355,False,False,False,False
2025-04-07 15:00:00+00:00,70.56,70.82,69.94,70.11,2616.0,,,,,,,,,,,,,,,,,72.38426098894654,72.49654401909295,71.21133428010596,71.20836629572649,71.0471062841303,71.05347366568115,71.17291246313872,71.01719057393275,,,,,,,,,,,,,,,,,,,,72.00103040182286,71.5522482093465,71.14279654775774,71.02982640615491,71.29014253617369,71.1554697453152,70.76015415114637,,,,72.38426098894654,71.36819043789814,"rgba(239, 83, 80, 1.0)",1.1290998367909377,71.36408248951571,-1.1106922954483731,46.19531487212745,4.007739515763433,False,True,False,True,False,0.0,0.0,0.0,0.0,0.0,0,0.911861687906603,1.0008911861687901,False,False,False,False,-0.0721981678404659,0.008205155754233764,False,False,False,False,-64218.0,-44389.32613501549,False,False,False,False,4827.078695776,False,False,False,False
2025-04-07 16:00:00+00:00,70.075,70.235,69.415,69.54,8452.0,,,,,,,,,,,,,,,,,71.94492499461451,72.08772469520012,71.17552237105431,71.17516506087483,71.02544792051725,71.03187231656746,71.15335928026265,71.00505657118362,,,,,,,,,,,,,,,,,,,,71.89786111514228,71.49552672316115,71.11398490525976,71.01018972718227,71.27055657795326,71.1411678543292,70.75121107478493,,,,71.94492499461451,71.28530474587251,"rgba(255, 0, 0, 1.0)",1.1318193716711025,71.28516865894753,-1.5419144632334956,40.09233467600844,-1.191733971427034,False,True,False,True,False,0.0,0.0,0.0,0.0,0.0,0,0.9028652532600014,1.0183624589727662,False,False,False,False,-0.15068603660176783,-0.07124044042376704,False,False,False,False,-72670.0,-44827.78619493773,False,False,False,False,4883.279026074047,False,False,False,False
2025-04-07 17:00:00+00:00,69.55,69.62,68.98,69.33,928.0,,,,,,,,,,,,,,,,,71.89789357773462,72.04337591471108,71.1705836773274,71.1705772197395,71.02235629103403,71.0287921272147,71.15062066981838,71.00330396374332,,,,,,,,,,,,,,,,,,,,71.8850172390126,71.48808278187423,71.10995459546388,71.00737427090507,71.26785790533319,71.13915285944717,70.74983865478382,,,,71.89789357773462,71.27565211654287,"rgba(255, 0, 0, 1.0)",1.1274483148697234,71.27595304594549,-1.7259798256653047,35.59638717961345,-5.008479678570836,False,True,False,True,False,0.0,0.0,0.0,0.0,0.0,0,0.89330266300982,1.0311421746438991,False,False,False,False,-0.22665341258756333,-0.14894692650566518,False,False,False,False,-73598.0,-45273.83602137281,False,False,False,False,4821.956870631038,False,False,False,False
2025-04-07 18:00:00+00:00,69.31,69.705,69.31,69.555,738.0,,,,,,,,,,,,,,,,,71.86465901117035,72.01178012413214,71.16712295899438,71.16736127424527,71.02021090934007,71.02665349384539,71.14870032114065,71.00208804380294,,,,,,,,,,,,,,,,,,,,71.87573239681721,71.4827753111003,71.10714064621558,71.00542247630996,71.26595033238507,71.13774010348975,70.74891052543971,,,,71.86465901117035,71.26881652856191,"rgba(255, 0, 0, 1.0)",1.126181113720513,71.26942705321738,-1.522336889093712,33.88348695230225,-6.491206063702791,False,True,False,True,False,0.0,0.0,0.0,0.0,0.0,0,0.9014760803841363,1.0303218922283472,False,False,False,False,-0.19636719325483265,-0.17265705988024893,False,False,False,False,-72860.0,-45701.52848615773,False,False,False,False,4758.639709846061,False,False,False,False
2025-04-07 19:00:00+00:00,69.555,69.79,68.99,68.99,10544.0,,,,,,,,,,,,,,,,,71.43005544755795,71.59322961991758,71.11144943217779,71.11551195537666,70.98487299505891,70.99144396356554,71.11732902565684,70.9818376688611,,,,,,,,,,,,,,,,,,,,71.7364441401318,71.40005166683702,71.06140998627319,70.97316862580465,71.23504296602984,71.11453211033505,70.73294961335851,,,,71.43005544755795,71.17195528112948,"rgba(255, 0, 0, 1.0)",1.1329628103912333,71.17671493401,-1.9300853602201513,31.430300558221894,-8.936774838740192,False,True,False,True,False,0.0,0.0,0.0,0.0,0.0,0,0.90504871567759,1.0196634189548266,False,False,False,False,-0.2134701054842935,-0.1930635826822712,False,False,False,False,-83404.0,-46286.06292823281,False,False,False,False,4848.335218220541,False,False,False,False
2025-04-08 14:00:00+00:00,68.58,69.2,68.46,69.1,11332.0,,,,,,,,,,,,,,,,,71.04879483055204,71.21802788030419,71.0448989690556,71.05329568112406,70.94134230148157,70.94808513428643,71.0788584284407,70.956445099175,,,,,,,,,,,,,,,,,,,,71.5841683246419,71.30480762387614,71.00600597576967,70.93326120217078,71.1973934001726,71.08581411077351,70.71234611569815,,,,71.04879483055204,71.07423633850149,"rgba(255, 0, 0, 1.0)",1.1392471237659012,71.08278395483914,-1.7404335841418221,30.46862174447816,-10.182727479043578,False,True,False,True,False,0.0,0.0,0.0,0.0,0.0,0,0.8981416549789614,1.0224403927068717,False,False,False,False,-0.29689267881157244,-0.24497813074692182,False,False,False,False,-72072.0,-46685.844898337724,False,False,False,False,4948.857152821773,False,False,False,False
2025-04-08 15:00:00+00:00,69.07,69.295,68.825,68.93,44719.0,,,,,,,,,,,,,,,,,70.28721510341592,70.43335526647908,70.827845612213,70.84844957456811,70.79352019432626,70.80071907078269,70.94558797828424,70.86654091439863,,,,,,,,,,,,,,,,,,,,71.13269097932199,71.00367229560045,70.8217105094156,70.79672470638963,71.06587897525112,70.98420759980907,70.6395628600973,,,,70.28721510341592,70.81651210935688,"rgba(255, 0, 0, 1.0)",1.1475107293065894,70.83305081098891,-1.6584165728357634,29.393169015783908,-11.706516214925713,False,True,False,True,False,0.0,0.0,0.0,0.0,0.0,0,0.9059449093444903,1.01978730822873,False,False,False,False,-0.26220461707775,-0.2535913739123359,False,False,False,False,-116791.0,-47772.746527820855,False,False,False,False,5565.448514793528,False,False,False,False
2025-04-08 16:00:00+00:00,68.95,69.435,68.94,69.3,1750.0,,,,,,,,,,,,,,,,,70.27186187785983,70.41673179673026,70.82116107274325,70.84208463180818,70.78882001343604,70.79602822606938,70.94124756866364,70.86356898507843,,,,,,,,,,,,,,,,,,,,71.1196532805857,70.994558697515,70.81594276101227,70.7923552047904,71.06154466890456,70.98083348859774,70.63719079249543,,,,70.27186187785983,70.80957220441934,"rgba(239, 83, 80, 1.0)",1.1476004146529295,70.82627659374445,-1.3299721525510686,31.114346927051617,-11.706516214925713,False,True,False,True,False,0.0,0.0,0.0,0.0,0.0,0,0.9032286756203853,1.0257048830383344,False,False,False,False,-0.2432427573982028,-0.24841706565526933,False,False,False,False,-115041.0,-48815.66518630425,False,False,False,False,5506.294274254094,False,False,False,False
2025-04-08 17:00:00+00:00,69.3,69.3,67.65,67.735,1041.0,,,,,,,,,,,,,,,,,70.25444130532696,70.39896837897408,70.81474469270334,70.83600298839065,70.78426398731486,70.7914892283222,70.93718265465871,70.86073399569334,,,,,,,,,,,,,,,,,,,,71.10794643910548,70.98615302471714,70.81039446880645,70.78812197142473,71.05758208765393,70.97769668649231,70.63479032629132,,,,70.25444130532696,70.80270081572505,"rgba(255, 26, 202, 1.0)",1.188145356169542,70.81959029499217,-2.596138830131499,28.534502668139446,-13.416538478242714,False,True,False,True,False,0.0,0.0,0.0,0.0,0.0,0,0.8870897155361045,1.0276586433260388,False,False,False,False,-0.34282825441539394,-0.29562266003533166,False,False,False,False,-116082.0,-49858.554098144494,False,False,False,False,5437.064905661007,False,False,False,False
2025-04-08 18:00:00+00:00,67.73,67.735,67.25,67.595,1615.0,,,,,,,,,,,,,,,,,70.21883671435116,70.36324790997692,70.80216945550877,70.82410004090454,70.77529619238044,70.78256011097845,70.92927315846613,70.85517874178328,,,,,,,,,,,,,,,,,,,,71.08559095231102,70.96992088371617,70.79950749239744,70.779789520837,71.04993727217763,70.97160604341924,70.62999261970162,,,,70.21883671435116,70.78913380726065,"rgba(255, 26, 202, 1.0)",1.2287715171834428,70.80640024418419,-2.6135047885430125,26.56887622706615,-15.751097315066964,False,True,False,True,False,0.0,0.0,0.0,0.0,0.0,0,0.8706821732338131,1.0521610831452868,False,False,False,False,-0.34282825441539394,-0.3192254572253628,False,False,False,False,-117697.0,-50910.312949336054,False,False,False,False,5377.808085418201,False,False,False,False
2025-04-08 19:00:00+00:00,67.66,67.81,67.125,67.14,4238.0,,,,,,,,,,,,,,,,,70.12410355192966,70.26828345799062,70.76795039342018,70.79169433345615,70.75078915035667,70.75815986905268,70.90767261525845,70.8399557628936,,,,,,,,,,,,,,,,,,,,71.02551961798426,70.92599342490445,70.76982686277783,70.75700400707132,71.02908167024148,70.9549490400109,70.61679376425519,,,,70.12410355192966,70.75251850144022,"rgba(255, 26, 202, 1.0)",1.2830210267001905,70.77078859661259,-2.829874585883161,24.478302447116953,-18.17593150861652,False,True,False,True,False,0.0,0.0,0.0,0.0,0.0,0,0.8762200915608529,1.050617603869741,False,False,False,False,-0.34282825441539394,-0.3310268558203784,False,False,False,False,-121935.0,-52011.470888106036,False,False,False,False,5360.136642233422,False,False,False,False
2025-04-09 14:00:00+00:00,66.21,66.21,65.54,65.74,11046.0,,,,,,,,,,,,,,,,,69.78289570355025,69.93052050679655,70.64329468738146,70.67365162457077,70.66048954133379,70.66829944914814,70.82885973873293,70.78374737189577,,,,,,,,,,,,,,,,,,,,70.81606965155973,70.76940604814706,70.66121753251063,70.67294172570863,70.95363674262082,70.89410155581017,70.5669840316597,,,,69.78289570355025,70.62040772742843,"rgba(255, 26, 202, 1.0)",1.3865554669983151,70.64229111239905,-3.535589616917224,21.30141691920388,-21.542885790213184,False,True,False,True,False,0.0,0.0,0.0,0.0,0.0,0,0.8700278692677981,1.0562452495566248,False,False,False,False,-0.34282825441539394,-0.3369275551178862,False,False,False,False,-132981.0,-53266.81242472454,False,False,False,False,5448.289562508873,False,False,False,False
2025-04-09 15:00:00+00:00,65.605,65.68,64.44,64.77,38704.0,,,,,,,,,,,,,,,,,68.73327584525298,68.8848367065359,70.1817097238378,70.23426450775777,70.3163008972728,70.32569680094792,70.52631412887614,70.56359352451426,,,,,,,,,,,,,,,,,,,,70.09166939553447,70.20505110258355,70.25366018670472,70.35086530637032,70.6637928939417,70.6572297088124,70.36986040192367,,,,68.73327584525298,70.1572080753911,"rgba(255, 26, 202, 1.0)",1.52290936300483,70.19018957173525,-3.559101876582303,18.334346711571936,-24.621120871062747,False,True,False,True,False,0.0,0.0,0.0,0.0,0.0,0,0.8526867409748792,1.065380136416569,False,False,False,False,-0.34282825441539394,-0.33987790476664004,False,False,False,False,-171685.0,-55102.75331736447,False,False,False,False,5963.881972392456,False,False,False,False
2025-04-09 16:00:00+00:00,64.77,65.02,64.32,64.325,21542.0,,,,,,,,,,,,,,,,,68.28156241426613,68.43071537653832,69.93822110800416,70.00102773588947,70.1288765837042,70.13905142872872,70.35966942218354,70.43970606542648,,,,,,,,,,,,,,,,,,,,69.73483575070007,69.91506949341796,70.03547586167265,70.17443411708238,70.5035939088272,70.52452915280311,70.25819565828476,,,,68.28156241426613,69.92433093850194,"rgba(255, 26, 202, 1.0)",1.6637623216862758,69.96198965499813,-3.3880979161043054,16.02212972523094,-27.05504297432353,False,True,False,True,False,0.0,0.0,0.0,0.0,0.0,0,0.8564422277639233,1.0750623441396503,False,False,False,False,-0.34282825441539394,-0.341353079591017,False,False,False,False,-193227.0,-57244.21450624254,False,False,False,False,6205.403182122805,False,False,False,False
2025-04-09 17:00:00+00:00,64.325,67.085,64.3,66.79,26906.0,,,,,,,,,,,,,,,,,68.01707437604828,68.15593454986893,69.7392703263111,69.80865793270698,69.96994007340083,69.98060243945733,70.21478958962395,70.32970793653459,,,,,,,,,,,,,,,,,,,,69.46093604574963,69.6827330767474,69.85396685675452,70.02366924049754,70.36261059514648,70.40643007532738,70.15982142701684,,,,68.01707437604828,69.74440963607945,"rgba(255, 0, 0, 1.0)",1.7070208757569754,69.78460056672479,-1.7542846776240122,24.375277335683833,-33.0280603589605,False,True,False,True,True,0.0,0.0,0.0,0.0,0.0,0,0.8679732236470681,1.0364545527865145,False,False,False,False,-0.25694696840690934,-0.2991500239989632,False,False,False,False,-166321.0,-58935.32745963412,False,False,False,False,6526.342667671289,False,False,False,False
2025-04-09 18:00:00+00:00,66.81,66.81,65.925,66.36,34206.0,,,,,,,,,,,,,,,,,67.80003546208246,67.9260675409467,69.53276440277678,69.60752627115508,69.79945652489495,69.81051950293407,70.05670668781067,70.2070785680183,,,,,,,,,,,,,,,,,,,,69.19307994401727,69.44671615298229,69.66263688535192,69.86088066271321,70.20767291022474,70.27498714645215,70.05008594584814,,,,67.80003546208246,69.56241430721393,"rgba(255, 0, 0, 1.0)",1.7594518444085445,69.60438927129559,-1.8439773055489446,29.09924783681378,-28.787880052445008,False,True,False,True,True,0.0,0.0,0.0,0.0,0.0,0,0.8940556088207092,1.0331575583253432,False,False,False,False,-0.20228997740050841,-0.25072000069973577,False,False,False,False,-200527.0,-61130.54718894212,False,False,False,False,6955.48464181592,False,False,False,False
2025-04-09 19:00:00+00:00,66.36,67.65,66.36,67.56,2332.0,,,,,,,,,,,,,,,,,67.7946202316422,67.91968259577365,69.52303022528204,69.59793818287365,69.79107037185567,69.80214222068078,70.04870386265239,70.20072991860967,,,,,,,,,,,,,,,,,,,,69.18133421508772,69.43582425099136,69.65342704456761,69.85280336423679,70.19972031333285,70.26816187594791,70.04445857252779,,,,67.7946202316422,69.55424314973747,"rgba(239, 83, 80, 1.0)",1.7817766212204498,69.59623529456829,-1.1428117701833698,35.572264869825176,-22.95630533171765,False,True,False,True,True,0.0,0.0,0.0,0.0,0.0,0,0.9002676322418134,1.024165617128463,False,False,False,False,-0.1517478731526429,-0.20123393692618935,False,False,False,False,-198195.0,-63255.57746508255,False,False,False,False,6883.802709384666,False,False,False,False
2025-04-10 14:00:00+00:00,66.64,67.035,66.155,66.19,1605.0,,,,,,,,,,,,,,,,,67.78651583310949,67.91101977503494,69.51429592241013,69.5893960201857,69.78371874467159,69.79480498137012,70.04182192790135,70.19532026994759,,,,,,,,,,,,,,,,,,,,69.17039563699869,69.42597189016806,69.64526153360045,69.84575620926705,70.19294958450837,70.26237202203617,70.0396111710746,,,,67.78651583310949,69.54661410148562,"rgba(255, 0, 0, 1.0)",1.8344126192483217,69.58866357258685,-1.8527257918556563,37.09848503147319,-21.652087458034515,False,True,False,True,True,0.0,0.0,0.0,0.0,0.0,0,0.8982325001946583,1.022658257416491,False,False,False,False,-0.18414916441229381,-0.1926915506692416,False,False,False,False,-199800.0,-65372.54525632157,False,False,False,False,6801.960806913586,False,False,False,False
2025-04-10 15:00:00+00:00,66.15,66.235,65.34,65.43,6503.0,,,,,,,,,,,,,,,,,67.73565198366396,67.85835881372356,69.47036889080135,69.54661983408684,69.74724480594143,69.7584235848336,70.00810264806705,70.16894946438444,,,,,,,,,,,,,,,,,,,,69.11427461393133,69.37623258969766,69.60448252753872,69.81089337742877,70.16000055804219,70.23424534282341,70.01579020214477,,,,67.73565198366396,69.50730928247394,"rgba(255, 26, 202, 1.0)",1.9061893026815262,69.54977612865696,-2.1612628519431247,36.81546877238388,-21.652087458034515,False,True,False,True,True,0.0,0.0,0.0,0.0,0.0,0,0.8855821125674632,1.0307632999228986,False,False,False,False,-0.24917025792843553,-0.22093090429883855,False,False,False,False,-206303.0,-67557.51354692124,False,False,False,False,6797.325755643607,False,False,False,False
2025-04-10 16:00:00+00:00,65.65,66.2,65.585,65.67,2742.0,,,,,,,,,,,,,,,,,67.71643351952449,67.838358778444,69.45286522624752,69.52954847479363,69.73261703515318,69.74383044115069,69.99452625068936,70.1582895626506,,,,,,,,,,,,,,,,,,,,69.09215333633588,69.35648496760602,69.5881833139699,69.7968931911779,70.14671011095048,70.22287487800128,70.00616756320795,,,,67.71643351952449,69.49172910999351,"rgba(255, 0, 0, 1.0)",1.9665678521517986,69.53434688567415,-1.9650208770807591,37.33589279247215,-20.829275504465897,False,True,False,True,True,0.0,0.0,0.0,0.0,0.0,0,0.8946398402703116,1.028183074796498,False,False,False,False,-0.24060912813066745,-0.23077001621475302,False,False,False,False,-203561.0,-69666.0947322403,False,False,False,False,6734.45248811425,False,False,False,False
2025-04-10 17:00:00+00:00,65.58,66.58,65.58,66.21,4312.0,,,,,,,,,,,,,,,,,67.69171135847256,67.81231928633552,69.42795788270234,69.50519694691249,69.71160815504464,69.7228651927573,69.97489973882399,70.14280202456466,,,,,,,,,,,,,,,,,,,,69.06114588127198,69.32850905216179,69.5648844655975,69.77674702043691,70.12743488653126,70.20634196397228,69.99221977857194,,,,67.69171135847256,69.46977624227715,"rgba(255, 0, 0, 1.0)",2.0097995552422807,69.51257201026955,-1.643234521400535,39.28272523967484,-18.490830364860646,False,True,False,True,True,0.0,0.0,0.0,0.0,0.0,0,0.8952054794520549,1.021841704718417,False,False,False,False,-0.22540618293317813,-0.22808809957396559,False,False,False,False,-199249.0,-71675.13202321331,False,False,False,False,6696.89508519775,False,False,False,False
2025-04-10 18:00:00+00:00,66.21,66.21,65.38,65.5,2626.0,,,,,,,,,,,,,,,,,67.67303350897708,67.7929361069923,69.41103613164316,69.48868718583631,69.69742606345366,69.70871657207752,69.96173113064162,70.13243323138204,,,,,,,,,,,,,,,,,,,,69.03988102515964,69.30947116868944,69.54910827827631,69.76316569886215,70.11454531472658,70.1952932931532,69.98284324287178,,,,67.67303350897708,69.45468719684952,"rgba(255, 0, 0, 1.0)",2.0684620608793165,69.49762796817484,-1.9326571387417288,39.093818091538,-18.137053880492115,False,True,False,True,True,0.0,0.0,0.0,0.0,0.0,0,0.8949630523299653,1.0225456190619815,False,False,False,False,-0.24855757444760448,-0.23832283701078505,False,False,False,False,-201875.0,-73693.73462750457,False,False,False,False,6633.780432714063,False,False,False,False
2025-04-10 19:00:00+00:00,65.5,65.5,64.94,65.01,3905.0,,,,,,,,,,,,,,,,,67.63839022563529,67.7574125276793,69.38249253645996,69.46089789725757,69.67366434995618,69.68501788760318,69.9398071314197,70.11521415576557,,,,,,,,,,,,,,,,,,,,69.00366135730494,69.27729873662595,69.52258933933122,69.74044329577886,70.09316123568074,70.17697866439846,69.9672065501111,,,,67.63839022563529,69.42894905940054,"rgba(255, 26, 202, 1.0)",2.1372888821508362,69.47217520712498,-2.087773554801124,38.009630988496305,-18.137053880492115,False,True,False,True,True,0.0,0.0,0.0,0.0,0.0,0,0.8870749322900993,1.037541378272645,False,False,False,False,-0.2961022061242797,-0.2672125215675324,False,False,False,False,-205780.0,-75741.58370304713,False,False,False,False,6591.473759338652,False,False,False,False
2025-04-11 14:00:00+00:00,64.33,64.58,64.005,64.06,2851.0,,,,,,,,,,,,,,,,,67.60441231966803,67.72298828713062,69.35734296012035,69.43648108422266,69.65291898779172,69.66433546677841,69.92082639061715,70.10036444870926,,,,,,,,,,,,,,,,,,,,68.97132760667809,69.24887218773225,69.49933212066999,69.72064446483296,70.07473379009845,70.16121965808637,69.95365065621179,,,,67.60441231966803,69.40596336195654,"rgba(255, 26, 202, 1.0)",2.231094443185723,69.44948668645573,-2.415624628942294,35.62165436871872,-18.137053880492115,False,True,False,True,False,0.0,0.0,0.0,0.0,0.0,0,0.8790545074938483,1.0439191708299154,False,False,False,False,-0.34282825441539394,-0.30502038799146314,False,False,False,False,-208631.0,-77801.88473090687,False,False,False,False,6533.481918108595,True,False,False,False
2025-04-11 15:00:00+00:00,64.005,64.795,63.58,64.705,2903.0,,,,,,,,,,,,,,,,,67.57195153557974,67.69003762156129,69.33269999892417,69.41253534091388,69.63251559820716,69.64399201727336,69.9021162200765,70.08569114700323,,,,,,,,,,,,,,,,,,,64.36,68.93983982493567,69.22107769524179,69.47650329667638,69.70115689989538,70.05654995970079,70.14564780765708,69.94026012053241,,,,67.57195153557974,69.06953594276118,"rgba(255, 0, 0, 1.0)",2.299537658191584,69.12923046519909,-1.9239652151112923,36.24761688023668,-18.137053880492115,False,True,False,True,False,0.0,0.0,0.0,0.0,0.0,0,0.8758270842523158,1.036612262902514,False,False,False,False,-0.34282825441539394,-0.3239243212034285,False,False,False,False,-205728.0,-79785.23535523389,False,False,False,False,6477.19537674257,False,False,False,False
2025-04-11 16:00:00+00:00,64.705,66.2,64.705,65.95,2486.0,,,,,,,,,,,,,,,,,67.555355223935,67.67279942207495,69.31708066566867,69.39727060406956,69.61930790552928,69.63081367996993,69.8898087042043,70.07593353412295,,,,,,,,,,,,,,,,,,,64.94048184573514,68.92053023092662,69.2036223547487,69.46188275665132,69.68848606110691,70.04448932476926,70.13526491141482,69.93141823868056,,,,67.555355223935,69.0927840914755,"rgba(239, 83, 80, 1.0)",2.334879575188069,69.15040801390619,-1.3706951090393598,40.265515067891315,-15.536832779158175,False,False,False,True,True,0.0,0.0,0.0,0.0,0.0,0,0.8991535846053678,1.0125153729291758,False,False,False,False,-0.24262607646351314,-0.28327519883347085,False,False,False,False,-203242.0,-81699.29372181941,False,False,False,False,6415.316378653538,False,False,False,False
2025-04-11 17:00:00+00:00,65.92,65.94,64.96,65.57,2853.0,,,,,,,,,,,,,,,,,67.53541391135627,67.65215269834638,69.29870025711037,69.37931324601209,69.60377434621498,69.61531547209084,69.87534938650165,70.06446695196544,,,,,,,,,,,,,,,,,,,65.13069966836527,68.89779433559902,69.18308780624263,69.44468410090315,69.67358579312192,70.03032976600802,70.12307087624833,69.92101493770458,,,,67.53541391135627,69.08929709711194,"rgba(255, 0, 0, 1.0)",2.376924335627258,69.1463007931396,-1.5045917699335776,42.042170972260216,-13.63716022563846,False,False,False,True,True,0.0,0.0,0.0,0.0,0.0,0,0.8994031782555546,1.0225066513266698,False,False,False,False,-0.24281887144378805,-0.2630470351386295,False,False,False,False,-206095.0,-83627.9093230315,False,False,False,False,6360.086667356584,False,False,False,False
2025-04-11 18:00:00+00:00,65.57,65.64,65.07,65.42,23796.0,,,,,,,,,,,,,,,,,67.37452508618186,67.48575963091685,69.14764234945523,69.23154477126057,69.47517989132541,69.48700114664551,69.75532829296404,69.9687004781274,,,,,,,,,,,,,,,,,,,65.31338993278814,68.71334892597858,69.01527506666616,69.30288460881164,69.55005027024914,69.91270759668053,70.02137631749072,69.83393453775804,,,,67.37452508618186,68.97429055645624,"rgba(239, 83, 80, 1.0)",2.4203569835724044,69.03120136739867,-1.4920118775489861,42.85768986777425,-12.597289316303367,False,False,False,True,True,0.0,0.0,0.0,0.0,0.0,0,0.8973275059110122,1.0271548327004367,False,False,False,False,-0.2501583549644069,-0.2566026950515182,False,False,False,False,-229891.0,-85895.5541397287,False,False,False,False,6630.410905071985,False,False,False,False
2025-04-11 19:00:00+00:00,65.365,66.01,65.365,65.94,43994.0,,,,,,,,,,,,,,,,,67.18041543712837,67.2816254887258,68.92322955007442,69.01048456713472,69.27797463791357,69.29008356273579,69.56807288004964,69.81595241266383,,,,,,,,,,,,,,,,,,,65.5785602114899,68.45361647413304,68.77082145320696,69.08909670329972,69.35935543568581,69.72784071102379,69.8594525408472,69.69494335969296,,,,67.18041543712837,68.80509533911285,"rgba(239, 83, 80, 1.0)",2.4516627341789774,68.8611623437792,-1.19150252726644,45.001562995160086,-10.306019045447528,True,False,False,True,True,0.0,0.0,0.0,0.0,0.0,0,0.8998567335243551,1.028008595988538,False,False,False,False,-0.22458003731556742,-0.24059136618354282,False,False,False,False,-185897.0,-87445.96415306625,False,False,False,False,7209.69135615614,False,False,False,False
2025-04-14 14:00:00+00:00,66.21,66.37,65.66,65.68,1543.0,,,,,,,,,,,,,,,,,67.17501408445555,67.2758924508567,68.91620527578081,69.00353732373479,69.27168400483237,69.28379957022501,69.56204100793377,69.81096449483168,,,,,,,,,,,,,,,,,,,65.58502008808681,68.4457433243099,68.76326190732472,69.08234639826387,69.35324863438039,69.72186185471195,69.8541727924906,69.69039877748577,,,,67.17501408445555,68.79969949935654,"rgba(239, 83, 80, 1.0)",2.4864849678804144,68.85573440394798,-1.2771983120634354,45.66866547979154,-9.39898935583411,True,False,False,True,True,0.0,0.0,0.0,0.0,0.0,0,0.9008258578954862,1.02157197778727,False,False,False,False,-0.19966597469108616,-0.2201286704373145,False,False,False,False,-187440.0,-88996.25928247608,False,False,False,False,7121.835676215734,False,False,False,False
2025-04-14 15:00:00+00:00,65.68,66.205,65.68,65.93,310.0,,,,,,,,,,,,,,,,,67.17396413544287,67.27477561460874,68.91481433600377,69.00216103286519,69.27043610165123,69.28255292452208,69.56084312508598,69.80997288138485,,,,,,,,,,,,,,,,,,,65.5864263550962,68.44418910623627,68.76176647296252,69.08100855525616,69.35203675656905,69.72067390238665,69.85312313388633,69.68949547770355,,,,67.17396413544287,68.79863999447883,"rgba(239, 83, 80, 1.0)",2.515351339348069,68.85466777255424,-1.162727340234008,46.95749989297654,-7.882778779354133,True,False,False,True,True,0.0,0.0,0.0,0.0,0.0,0,0.9018409268604735,1.0251617030350413,False,False,False,False,-0.20515922197358533,-0.2126439462054499,False,False,False,False,-187130.0,-90517.71262693382,False,False,False,False,7016.225820770528,False,False,False,False
2025-04-14 16:00:00+00:00,65.92,65.96,65.69,65.91,1112.0,,,,,,,,,,,,,,,,,67.16995441120925,67.27053088528322,68.9096933932818,68.99709761330463,69.26585343571658,69.277975252695,69.55645203933861,69.8063420411774,,,,,,,,,,,,,,,,,,,65.5901834668827,68.43844121729147,68.75625410549961,69.07608939084733,69.3475886352515,69.7163231070769,69.84928087995233,69.686185487857,,,,67.16995441120925,68.79464033516658,"rgba(239, 83, 80, 1.0)",2.5435544258216454,68.85064906963875,-1.15611800549101,47.74602049430571,-6.83397834675587,True,False,False,False,True,0.0,0.0,0.0,0.0,0.0,0,0.9132740825688073,1.028096330275229,False,False,False,False,-0.21408822566991628,-0.21336608593768308,False,False,False,False,-188242.0,-92032.81785752399,False,False,False,False,6924.68743595238,False,False,False,False
2025-04-14 17:00:00+00:00,65.91,66.385,65.825,66.33,887.0,,,,,,,,,,,,,,,,,67.16756265684639,67.26793942641287,68.90605615310658,68.99348884459944,69.26255589662901,69.27468003626302,69.55326520908838,69.8036895712594,,,,,,,,,,,,,,,,,,,65.59673255386978,68.43445165830211,68.75236517188561,69.07257293911077,69.34437958217737,69.7131525362967,69.84647146404482,69.68377400252469,,,,67.16756265684639,68.79207110640107,"rgba(239, 83, 80, 0.5)",2.563107896692968,68.84804550290195,-0.9824188463352815,49.823557184886354,-4.614416279578606,True,False,False,False,True,0.0,0.0,0.0,0.0,0.0,0,0.9113409415121254,1.0220399429386586,False,False,False,False,-0.1928632393436204,-0.20311466264065176,False,False,False,False,-187355.0,-93510.68114655463,False,False,False,False,6831.079878805831,False,False,False,False
2025-04-14 18:00:00+00:00,66.405,66.605,66.275,66.5,1750.0,,,,,,,,,,,,,,,,,67.16420593396623,67.26416919323226,68.89964259922387,68.98710188259753,69.25665974400371,69.26878564410994,69.54751581648837,69.798871249438,,,,,,,,,,,,,,,,,,,65.61523854439736,68.42759415457688,68.74555828455077,69.06632931977545,69.33862587471174,69.70740824002537,69.84136357590017,69.67940542710811,,,,67.16420593396623,68.7880297177566,"rgba(239, 83, 80, 0.5)",2.5800253368404147,68.84390555857317,-0.9084816048526075,51.82454502471528,-2.5451120441321393,True,False,True,False,True,0.0,0.0,0.0,0.0,0.0,0,0.9171534406610627,1.0198746260151015,False,False,False,False,-0.1676910371731087,-0.18540284990688022,False,False,False,False,-185605.0,-94938.50004350727,False,False,False,False,6752.303446576283,False,False,False,False
2025-04-14 19:00:00+00:00,66.48,66.64,66.255,66.33,3177.0,,,,,,,,,,,,,,,,,67.15775156180425,67.25697974838177,68.8878400240379,68.9753533464689,69.24582227725972,69.25795196665845,69.53695888840079,69.79002451554088,,,,,,,,,,,,,,,,,,,65.64494768760342,68.41494208952356,68.73302659625635,69.05484721948388,69.32805245176985,69.69686646383371,69.8319887508556,69.67137798039985,,,,67.15775156180425,68.78029572301743,"rgba(239, 83, 80, 0.5)",2.5991494936016752,68.83600941168507,-0.9641651693579428,52.35426911795246,-1.849851584269544,True,False,True,False,True,0.0,0.0,0.0,0.0,0.0,0,0.9160218641300488,1.0190246326400223,False,False,False,False,-0.1671299976535368,-0.17626642378020851,False,False,False,False,-188782.0,-96393.43802732886,False,False,False,False,6696.872385389054,False,False,False,False
2025-04-15 14:00:00+00:00,66.17,66.535,66.025,66.405,2533.0,,,,,,,,,,,,,,,,,67.15209793588757,67.25075702059665,68.87818361212624,68.9657490766208,69.23697843471807,69.24911205415312,69.52836090648108,69.78282416407677,,,,,,,,,,,,,,,,,,,65.66457272394211,68.40453691929298,68.72276212762857,69.04546598272576,69.31942823453555,69.68828949062467,69.82436259012756,69.66483668512812,,,,67.15209793588757,68.77364487241661,"rgba(239, 83, 80, 0.5)",2.616806116672002,68.82924778832934,-0.9264147515110693,53.03352957571392,-0.9644090695550958,True,False,True,False,True,0.0,0.0,0.0,0.0,0.0,0,0.9137858049950612,1.0189784111753912,False,False,False,False,-0.17968542134684892,-0.17797592256352873,False,False,False,False,-186249.0,-97786.54751527724,False,False,False,False,6632.31622437527,False,False,False,False
2025-04-15 15:00:00+00:00,66.42,67.0,66.255,66.73,2052.0,,,,,,,,,,,,,,,,,67.14942600970676,67.2475990110865,68.87144731671384,68.95901336606227,69.23068410136445,69.24281691741193,69.5221642157121,69.77758384335094,,,,,,,,,,,,,,,,,,,65.68746006532731,68.39754679795892,68.71567908812192,69.03885603962,69.31326618654366,69.68207161676686,69.81880617190299,69.66009326096905,,,,67.14942600970676,68.76965712553871,"rgba(239, 83, 80, 0.5)",2.629831252079525,68.82513029893211,-0.7966786071446188,54.89823239936314,1.0056975339898813,True,False,True,False,True,0.0,0.0,0.0,0.0,0.0,0,0.9189416211675765,1.0125997480050395,False,False,False,False,-0.15369544332513005,-0.16583568294432938,False,False,False,False,-184197.0,-99126.24445302488,False,False,False,False,6561.303569733793,False,False,False,False
2025-04-15 16:00:00+00:00,66.725,67.245,66.57,67.09,684.0,,,,,,,,,,,,,,,,,67.14909773459694,67.24710086988418,68.86952132738351,68.95707541584176,69.22884246052288,69.24097384047522,69.52032540715149,69.77601250970399,,,,,,,,,,,,,,,,,,,65.69718605683838,68.39563863578987,68.71367976979883,69.0369440499302,69.31145533558757,69.68021452652059,69.81713785371936,69.65867681987383,,,,67.14909773459694,68.76874266335116,"rgba(239, 83, 80, 0.5)",2.6388598445690565,68.82416069094569,-0.6571628631640669,57.57182475791842,3.635090470437845,True,False,True,False,True,0.0,0.0,0.0,0.0,0.0,0,0.9224773541183904,1.017063408468506,False,False,False,False,-0.13290434183268787,-0.1493700123885086,False,False,False,False,-183513.0,-100434.56624445085,False,False,False,False,6470.182584156525,False,False,False,False
2025-04-15 17:00:00+00:00,67.085,67.21,66.805,66.93,1212.0,,,,,,,,,,,,,,,,,67.14856165794895,67.2462645589024,68.86614203274414,68.95367371484022,69.22560575954452,69.23773447965155,69.5170906513903,69.77324573120187,,,,,,,,,,,,,,,,,,,65.71423892564519,68.39230145840796,68.71017530928913,69.03358657736754,69.30827171371757,69.67694627560587,69.81420031518687,69.65618306375909,,,,67.14856165794895,68.7671388890752,"rgba(239, 83, 80, 0.5)",2.645960140112244,68.8224595237296,-0.7152260138164134,58.320132068420136,4.437748791239933,True,False,True,False,True,0.0,0.0,0.0,0.0,0.0,0,0.9220989041865694,1.021354313009272,False,False,False,False,-0.12550745565120203,-0.13743873401985532,False,False,False,False,-184725.0,-101741.39467476944,False,False,False,False,6388.660373549447,False,False,False,False
2025-04-15 18:00:00+00:00,66.925,67.135,66.71,66.84,3269.0,,,,,,,,,,,,,,,,,67.14639069534765,67.24330462199674,68.85667102957221,68.94415613526951,69.2165866692868,69.22870956401094,69.5081100139172,69.7655796020407,,,,,,,,,,,,,,,,,,,65.75505816351351,68.38283027636253,68.7003230185889,69.02420508725903,69.29940983611468,69.6678883250332,69.80606596843673,69.6492628160651,,,,67.14639069534765,68.76215948892596,"rgba(239, 83, 80, 0.5)",2.6531235203838803,68.81724179609529,-0.7452505625554886,58.21570841419985,4.512962749277065,True,False,True,False,True,0.0,0.0,0.0,0.0,0.0,0,0.919254223032172,1.0217985561085017,False,False,False,False,-0.13179390622808432,-0.13461632012396982,False,False,False,False,-187994.0,-103078.64436973426,False,False,False,False,6340.293546052556,False,False,False,False
2025-04-15 19:00:00+00:00,66.84,66.94,66.51,66.7,7424.0,,,,,,,,,,,,,,,,,67.13819439341815,67.23341565789671,68.83357153657921,68.92101196240998,69.19480741879458,69.20692307782168,69.48656502186519,69.7472481330516,,,,,,,,,,,,,,,,,,,65.82505847265121,68.35923412390319,68.6761691058404,69.00144301875628,69.27804906198476,69.64622592668027,69.78663849974433,69.63266553942535,,,,67.13819439341815,68.74795130942644,"rgba(239, 83, 80, 0.5)",2.660881175593973,68.80259958251933,-0.7901892056679235,57.17375584810527,4.512962749277065,True,False,True,False,True,0.0,0.0,0.0,0.0,0.0,0,0.9183246073298429,1.02066317626527,False,False,False,False,-0.14644161268212258,-0.14052896640304618,False,False,False,False,-195418.0,-104510.26228648257,False,False,False,False,6357.095196501354,False,False,False,False
2025-04-16 14:00:00+00:00,66.63,66.725,66.25,66.43,2910.0,,,,,,,,,,,,,,,,,67.1332235137012,67.22782559079633,68.82360638114582,68.91106348715174,69.18552859999765,69.19764478099188,69.4774614207528,69.73953883034291,,,,,,,,,,,,,,,,,,,65.842904221682,68.3487955018139,68.66568153363227,68.9916864783924,69.26896986286158,69.63710894209073,69.77847936035563,69.62566132716495,,,,67.1332235137012,68.74094873955461,"rgba(239, 83, 80, 0.5)",2.6706900532184723,68.7954748663398,-0.8857167320817106,54.67267755658894,4.512962749277065,True,False,True,False,False,0.0,0.0,0.0,0.0,0.0,0,0.9191524951212712,1.0227906328408136,False,False,False,False,-0.16413953782290755,-0.15233425211297685,False,False,False,False,-198328.0,-105964.80085568439,False,False,False,False,6303.6518601214875,False,False,False,False
2025-04-16 15:00:00+00:00,66.385,66.915,66.335,66.87,3943.0,,,,,,,,,,,,,,,,,67.12897717919844,67.22271660877945,68.81158984683539,68.89901426315795,69.17415024762914,69.18626180423806,69.46618354027052,69.72990738458778,,,,,,,,,,,,,,,,,,,65.87419674194675,68.33660338923262,68.65315319771936,68.9798231929551,69.25779989084123,69.62576160350605,69.76827908189703,69.61693274483481,,,,67.12897717919844,68.73320941985186,"rgba(239, 83, 80, 0.5)",2.6745472682474345,68.78752550538722,-0.7169533057621843,55.56863019260625,4.512962749277065,True,False,True,False,False,0.0,0.0,0.0,0.0,0.0,0,0.9200249272953883,1.0173798642847247,False,False,False,False,-0.15388164697587323,-0.15310794954442503,False,False,False,False,-194385.0,-107335.65665637146,False,False,False,False,6267.052606476193,False,False,False,False
2025-04-16 16:00:00+00:00,66.895,66.925,66.7,66.705,1177.0,,,,,,,,,,,,,,,,,67.12793336320438,67.22141515615755,68.80814766988927,68.89555703950565,69.17086976520689,69.18297943300331,69.46291976876182,69.7271105008399,,,,,,,,,,,,,,,,,,,65.88385185353512,68.3331538033747,68.6495778151547,68.97641411040658,69.25457543402489,69.6224722106147,69.7653166931822,69.6143997655177,,,,67.12793336320438,68.73104339889872,"rgba(239, 83, 80, 0.5)",2.680188019490338,68.7852939772849,-0.7761746422851642,55.008084835774966,4.512962749277065,True,False,True,False,False,0.0,0.0,0.0,0.0,0.0,0,0.9291464260929908,1.0162387231089518,False,False,False,False,-0.13994478905471056,-0.1465263692995678,False,False,False,False,-195562.0,-108703.5069407688,False,False,False,False,6188.13706218974,False,False,False,False
2025-04-16 17:00:00+00:00,66.73,67.14,66.51,67.14,3520.0,,,,,,,,,,,,,,,,,67.12619495254705,67.21889428858371,68.79869423539543,68.88602793226326,69.16173723047471,69.17383827171592,69.45376052079813,69.71921057396486,,,,,,,,,,,,,,,,,,,65.91628627001953,68.32393512340158,68.63983470985693,68.96698769076822,69.24557565891983,69.6132075546397,69.7569448659585,69.6072592552849,,,,67.12619495254705,68.72552432091203,"rgba(239, 83, 80, 0.5)",2.6737732187350782,68.77955582087984,-0.613199283092335,56.97474909943126,4.512962749277065,True,False,True,False,True,0.0,0.0,0.0,0.0,0.0,0,0.9264766911052703,1.015147323281228,False,False,False,False,-0.13901764131437735,-0.1427720053069726,False,False,False,False,-192042.0,-109995.57660060184,False,False,False,False,6146.77059610928,False,False,False,False
2025-04-16 18:00:00+00:00,67.11,67.39,66.91,67.195,3452.0,,,,,,,,,,,,,,,,67.16499999999999,67.12652633163052,67.21844093187902,68.79066969225681,68.87788421487427,69.15378861542978,69.16587681350767,69.44567273803054,69.71215557356773,,,,,,,,,,,,,,,,,,,65.95313275549135,68.3165158478032,68.6316850300596,68.95888413249072,69.23770603734359,69.60497392408219,69.74946115828008,69.60090491440668,,,,67.12652633163052,68.62995757124315,"rgba(239, 83, 80, 0.5)",2.6663387557398015,68.68583966979365,-0.559133630932807,58.562086253876316,5.1710941992659585,True,False,True,False,True,0.0,0.0,0.0,0.0,0.0,1,0.928895925110132,1.011495044052863,False,False,False,False,-0.11499024969042745,-0.1288811274987,False,False,False,False,-188590.0,-111214.09479284057,False,False,False,False,6104.991207022314,False,False,False,False
2025-04-16 19:00:00+00:00,67.23,67.365,66.985,67.22,2918.0,,,,,,,,,,,,,,,,67.17645211930926,67.12698123719257,67.21824012507884,68.7840510900981,68.87115974182953,69.14720262887703,69.159279463907,69.43895497954173,69.70628049207211,,,,,,,,,,,,,,,,,,,65.98323307340533,68.31045252987688,68.62498219997948,68.95218543988904,69.23117975155459,69.59812791933503,69.74322961766406,69.59561414037643,,,,67.12698123719257,68.6275062676463,"rgba(239, 83, 80, 0.5)",2.6599361267139305,68.68314455796677,-0.5500675536048798,59.757086819514896,6.37210577767906,True,False,True,False,True,0.0,0.0,0.0,0.0,0.0,1,0.929831816928591,1.016680452164323,False,False,False,False,-0.113147799328664,-0.12101446341368201,False,False,False,False,-185672.0,-112368.48092008336,False,False,False,False,6055.58049063437,False,False,False,False
2025-04-17 14:00:00+00:00,66.81,67.07,66.605,66.83,4222.0,,,,,,,,,,,,,,,,67.04034837613293,67.12398459232249,67.21436465488884,68.77245984188893,68.85948992160087,69.13603701390745,69.14810471255858,69.42778255748608,69.69663577877297,,,,,,,,,,,,,,,,,,,66.01220469089454,68.29905102468503,68.61302146788573,68.94064800198598,69.22018076384765,69.58684085486557,69.7330206622805,69.58687636270311,,,,67.12398459232249,68.61241478110044,"rgba(239, 83, 80, 0.5)",2.656834121571998,68.668265951941,-0.691900912072497,57.27253742644289,6.37210577767906,True,False,True,False,False,0.0,0.0,0.0,0.0,0.0,1,0.916980873380407,1.0209775827791865,False,False,False,False,-0.13809073098542735,-0.12955259719955467,False,False,False,False,-189894.0,-113570.42695233012,False,False,False,False,6027.1528861284105,False,False,False,False
2025-04-17 15:00:00+00:00,66.83,66.91,66.105,66.255,2490.0,,,,,,,,,,,,,,,,66.92290704785201,67.11976915580362,67.20967494686482,68.76424926037751,68.85128313499685,69.1283332116777,69.14040045118699,69.42019918683117,69.6901640330072,,,,,,,,,,,,,,,,,,,66.02028978467872,68.29054139268618,68.60442610321917,68.93258353693551,69.21262968336165,69.57923785490358,69.72618276603387,69.5809819546055,,,,67.11976915580362,68.59963844147188,"rgba(239, 83, 80, 0.5)",2.6582661744177822,68.6557786184137,-0.9031370302635449,51.98878778028089,5.941478384192401,True,False,False,False,False,0.0,0.0,0.0,0.0,0.0,1,0.9125526995784032,1.021147830817353,False,False,False,False,-0.16264540157582505,-0.14609899938768986,False,False,False,False,-192384.0,-114792.34281353431,False,False,False,False,5972.313306498513,False,False,False,False
2025-04-17 16:00:00+00:00,66.23,66.505,65.925,66.27,2165.0,,,,,,,,,,,,,,,,66.82499092717693,67.11515618665321,67.20466792447468,68.75658119197622,68.84363742890427,69.12120240239281,69.13327113009099,69.41322059670375,69.68423169299108,,,,,,,,,,,,,,,,,,,66.0238713355386,68.28245843450966,68.59636100977535,68.92508577362194,69.20565227268055,69.57226064746008,69.71991959159986,69.57556741080298,,,,67.11515618665321,68.58812564455017,"rgba(239, 83, 80, 0.5)",2.6509742336331894,68.5176149222574,-0.8478448767029384,48.5847926159653,3.013215696227185,True,False,False,True,False,0.0,0.0,0.0,0.0,0.0,0,0.9134380926578161,1.024654565158493,False,False,False,False,-0.18457259889396407,-0.16533579914082697,False,False,False,False,-190219.0,-115961.74835130897,False,False,False,False,5913.285193219466,False,False,False,False
2025-04-17 17:00:00+00:00,66.27,66.45,66.115,66.42,1614.0,,,,,,,,,,,,,,,,66.77744894529782,67.1121154819256,67.2013303105171,68.75110892749429,68.83817296091449,69.1160833481911,69.12815232372888,69.40819276844832,69.6799437689007,,,,,,,,,,,,,,,,,,,66.02763986880987,68.27675127691963,68.59062440449324,68.9197195797003,69.20063743789487,69.56722552295957,69.71539183606397,69.57165668035648,,,,67.1121154819256,68.58130561427154,"rgba(239, 83, 80, 0.5)",2.6395707574875633,68.51338431743244,-0.7930775530431301,47.55585870785302,2.214507040579889,True,False,False,True,False,0.0,0.0,0.0,0.0,0.0,0,0.9157139958059931,1.0250963945072036,False,False,False,False,-0.17949762391102372,-0.17241671152592536,False,False,False,False,-188605.0,-117088.00031485457,False,False,False,False,5846.629608828466,False,False,False,False
2025-04-17 18:00:00+00:00,66.42,66.42,66.11,66.125,2438.0,,,,,,,,,,,,,,,,66.7068171062404,67.10692830209341,67.1957074520293,68.7425163180867,68.82960377801477,69.10808262052441,69.12015313254183,69.40035892342449,69.67327555918662,,,,,,,,,,,,,,,,,,,66.03113980607374,68.26771021372677,68.58159521765148,68.91131339122975,69.19280658862587,69.55939206746537,69.70835401412656,69.56556747598823,,,,67.10692830209341,68.57066599806058,"rgba(239, 83, 80, 0.5)",2.62663929937262,68.50230708691288,-0.9050755798410178,44.99102041056587,-0.13284919871001932,False,False,False,True,False,0.0,0.0,0.0,0.0,0.0,0,0.9152370660543021,1.0253951100905034,False,False,False,False,-0.18081246981852608,-0.17661459067222574,False,False,False,False,-191043.0,-118234.58945725992,False,False,False,False,5793.782638148955,False,False,False,False
2025-04-17 19:00:00+00:00,66.125,66.36,66.125,66.31,6326.0,,,,,,,,,,,,,,,,66.59774647154472,67.09443782715147,67.18209566646091,68.72089739469244,68.80802086229579,69.08785926188293,69.09993141009922,69.38050586187869,69.65632453682447,,,,,,,,,,,,,,,,,,,66.04177073153204,68.24514299769382,68.55894051822398,68.89011725842434,69.1729937866494,69.53951762144855,69.69046647549536,69.55008901610063,,,,67.09443782715147,68.54805045284698,"rgba(239, 83, 80, 0.5)",2.6120459724441756,68.48137230796453,-0.831291765486313,44.89241346977954,-0.27745214392845696,False,False,False,True,False,0.0,0.0,0.0,0.0,0.0,0,0.9181179964898067,1.0235587957337648,False,False,False,False,-0.18250389586821866,-0.1795592432702222,False,False,False,False,-184717.0,-119265.32450443417,False,False,False,False,5802.034070115638,False,False,False,False
2025-04-18 14:00:00+00:00,66.31,66.31,66.31,66.31,0.0,,,,,,,,,,,,,,,,66.59774647154472,67.09443782715147,67.18209566646091,68.72089739469244,68.80802086229579,69.08785926188293,69.09993141009922,69.38050586187869,69.65632453682447,,,,,,,,,,,,,,,,,,,66.04177073153204,68.24514299769382,68.55894051822398,68.89011725842434,69.1729937866494,69.53951762144855,69.69046647549536,69.55008901610063,,,,67.09443782715147,68.54805045284698,"rgba(239, 83, 80, 0.5)",2.594590439655019,68.48137230796453,-0.8368844172004432,44.82667550925532,-0.559259126688481,False,False,False,True,False,0.0,0.0,0.0,0.0,0.0,0,0.9196945940418569,1.0321766991614967,False,False,False,False,-0.1774326756412005,-0.17849595945571134,False,False,False,False,-184717.0,-120280.07916328014,False,False,False,False,5712.080053524698,False,False,False,False
2025-04-18 15:00:00+00:00,66.31,66.31,66.31,66.31,0.0,,,,,,,,,,,,,,,,66.59774647154472,67.09443782715147,67.18209566646091,68.72089739469244,68.80802086229579,69.08785926188293,69.09993141009922,69.38050586187869,69.65632453682447,,,,,,,,,,,,,,,,,,,66.04177073153204,68.24514299769382,68.55894051822398,68.89011725842434,69.1729937866494,69.53951762144855,69.69046647549536,69.55008901610063,,,,67.09443782715147,68.54805045284698,"rgba(239, 83, 80, 0.5)",2.5722493013835463,68.48137230796453,-0.8441531335227137,44.78285020223917,-0.9215486917961755,False,False,False,True,False,0.0,0.0,0.0,0.0,0.0,0,0.9112357245435273,1.0340559392737463,False,False,False,False,-0.1774326756412005,-0.17796431754845593,False,False,False,False,-184717.0,-121279.1011917564,False,False,False,False,5623.520672849896,False,False,False,False
2025-04-18 16:00:00+00:00,66.31,66.31,66.31,66.31,0.0,,,,,,,,,,,,,,,,66.59774647154472,67.09443782715147,67.18209566646091,68.72089739469244,68.80802086229579,69.08785926188293,69.09993141009922,69.38050586187869,69.65632453682447,,,,,,,,,,,,,,,,,,,66.04177073153204,68.24514299769382,68.55894051822398,68.89011725842434,69.1729937866494,69.53951762144855,69.69046647549536,69.55008901610063,,,,67.09443782715147,68.54805045284698,"rgba(239, 83, 80, 0.5)",2.552132755873658,68.48137230796453,-0.8508069585985223,44.75363333089507,-1.3234850454230411,False,False,False,True,False,0.0,0.0,0.0,0.0,0.0,0,0.9069316529326223,1.0386399833806517,False,False,False,False,-0.1774326756412005,-0.17769849659482823,False,False,False,False,-184717.0,-122262.63450661289,False,False,False,False,5536.334305828967,False,False,False,False
2025-04-18 17:00:00+00:00,66.31,66.31,66.31,66.31,0.0,,,,,,,,,,,,,,,,66.59774647154472,67.09443782715147,67.18209566646091,68.72089739469244,68.80802086229579,69.08785926188293,69.09993141009922,69.38050586187869,69.65632453682447,,,,,,,,,,,,,,,,,,,66.04177073153204,68.24514299769382,68.55894051822398,68.89011725842434,69.1729937866494,69.53951762144855,69.69046647549536,69.55008901610063,,,,67.09443782715147,68.54805045284698,"rgba(239, 83, 80, 0.5)",2.5262384350314795,68.48137230796453,-0.8595278568538898,44.73415541666567,-1.7364709018377482,False,False,False,True,False,0.0,0.0,0.0,0.0,0.0,0,0.9136690647482014,1.035901375986589,False,False,False,False,-0.1774326756412005,-0.17756558611801437,False,False,False,False,-184717.0,-123230.91924294447,False,False,False,False,5450.499665428518,False,False,False,False
2025-04-18 18:00:00+00:00,66.31,66.31,66.31,66.31,0.0,,,,,,,,,,,,,,,,66.59774647154472,67.09443782715147,67.18209566646091,68.72089739469244,68.80802086229579,69.08785926188293,69.09993141009922,69.38050586187869,69.65632453682447,,,,,,,,,,,,,,,,,,,66.04177073153204,68.24514299769382,68.55894051822398,68.89011725842434,69.1729937866494,69.53951762144855,69.69046647549536,69.55008901610063,,,,67.09443782715147,68.54805045284698,"rgba(239, 83, 80, 0.5)",2.5053789017713686,68.48137230796453,-0.8666841995154165,44.72117014051274,-2.141177680633845,False,False,False,True,False,0.0,0.0,0.0,0.0,0.0,0,0.9130678238958494,1.0298173164415199,False,False,False,False,-0.1774326756412005,-0.17749913087960745,False,False,False,False,-184717.0,-124184.19181282129,False,False,False,False,5365.99579464668,False,False,False,False
2025-04-18 19:00:00+00:00,66.31,66.31,66.31,66.31,0.0,,,,,,,,,,,,,,,,66.59774647154472,67.09443782715147,67.18209566646091,68.72089739469244,68.80802086229579,69.08785926188293,69.09993141009922,69.38050586187869,69.65632453682447,,,,,,,,,,,,,,,,,,,66.04177073153204,68.24514299769382,68.55894051822398,68.89011725842434,69.1729937866494,69.53951762144855,69.69046647549536,69.55008901610063,,,,67.09443782715147,68.54805045284698,"rgba(239, 83, 80, 0.5)",2.490956504298293,68.48137230796453,-0.8717022172878974,44.712513289744116,-2.5251766951713677,False,False,False,True,False,0.0,0.0,0.0,0.0,0.0,0,0.9156888920115225,1.0286657767160818,False,False,False,False,-0.1774326756412005,-0.17746590326040396,False,False,False,False,-184717.0,-125122.68496301009,False,False,False,False,5282.802061396344,False,False,False,False
2025-04-21 14:00:00+00:00,65.29,65.59,65.19,65.21,1605.0,,,,,,,,,,,,,,,,66.52302252417677,67.0878213862663,67.1752486298772,68.71340677749927,68.80061046388137,69.081089598252,69.09316920507052,69.37400908134875,69.6508722527886,,,,,,,,,,,,,,,,,,,66.03365513444393,68.23683252486819,68.55094884301414,68.88289714796201,69.16640699330071,69.53308432298233,69.68472695398108,69.54507379410313,,,,67.0878213862663,68.53722797845978,"rgba(239, 83, 80, 1.0)",2.485732418756557,68.46580797835868,-1.3097982525357048,36.93674533420088,-9.87407924057576,False,True,False,True,False,0.0,0.0,0.0,0.0,0.0,0,0.9109233220198101,1.0263212578790601,False,False,False,False,-0.24745130150585187,-0.21245860238312791,False,False,False,False,-186322.0,-126071.51155273087,False,False,False,False,5225.781874397951,False,False,False,False
2025-04-21 15:00:00+00:00,65.23,65.275,64.8,65.075,2990.0,,,,,,,,,,,,,,,,66.37728005735715,67.07368439430816,67.16071197903322,68.69839263007884,68.78578230986687,69.06760648671221,69.07970365353867,69.36112729981633,69.6400957641456,,,,,,,,,,,,,,,,,,,66.01319581927585,68.21999722315958,68.5348808414598,68.86847051003977,69.15330509220324,69.52035692221314,69.67338992100741,69.5351439806274,,,,67.07368439430816,68.51547793440257,"rgba(239, 83, 80, 1.0)",2.476704621827853,68.43555112937037,-1.3568639149589896,31.274083163989417,-14.824848348286146,False,True,False,True,False,0.0,0.0,0.0,0.0,0.0,0,0.9055823569951755,1.0310820124052373,False,False,False,False,-0.27488535465935043,-0.24367197852123917,False,False,False,False,-189312.0,-127051.98424183582,False,False,False,False,5191.118589523564,False,False,False,False
2025-04-21 16:00:00+00:00,65.075,65.265,64.69,64.785,2674.0,,,,,,,,,,,,,,,,66.25827374799863,67.0603639306058,67.14704814579024,68.68457003653246,68.77213873370575,69.055216929659,69.06733111814953,69.34930862821051,69.63021518699388,,,,,,,,,,,,,,,,,,,65.99311077951317,68.20444849193575,68.52007675668236,68.85520175109535,69.14127040688514,69.50868957262335,69.66299960953178,69.52603122988405,,,,67.0603639306058,68.49625265034098,"rgba(239, 83, 80, 1.0)",2.462715005476245,68.41029877704999,-1.4720740195225812,26.570308518593663,-18.758676708650615,False,True,False,True,False,0.0,0.0,0.0,0.0,0.0,0,0.9120303343674595,1.0309548431575315,False,False,False,False,-0.27959437423292083,-0.26163317637708,False,False,False,False,-191986.0,-128058.71316831898,False,False,False,False,5152.093495112345,False,False,False,False
2025-04-21 17:00:00+00:00,64.78,64.845,64.485,64.62,3305.0,,,,,,,,,,,,,,,,66.1114369641887,67.04213376828642,67.12842376132608,68.66644126684157,68.7542661191755,69.03903835832287,69.05117713057821,69.33392552174334,69.61738136228887,,,,,,,,,,,,,,,,,,,65.96346500015584,68.18390991077617,68.500621887596,68.83783699914704,69.12556930533356,69.49352871690147,69.64951140708658,69.51417745122124,,,,67.04213376828642,68.4713438194688,"rgba(255, 0, 0, 1.0)",2.4284751323553078,68.37841997960034,-1.547646063789482,22.965013555305823,-21.697517144099876,False,True,False,True,False,0.0,0.0,0.0,0.0,0.0,0,0.9100543665267359,1.0318629137705593,False,False,False,False,-0.30432235276939046,-0.2829777645732352,False,False,False,False,-195291.0,-129101.07420446906,False,False,False,False,5123.456386660991,False,False,False,False
2025-04-21 18:00:00+00:00,64.595,64.83,64.57,64.57,1663.0,,,,,,,,,,,,,,,,66.047539573539,67.03308993605307,67.11918200015889,68.6573957995622,68.74534602737428,69.0309548285291,69.04310565998834,69.32623408428766,69.61095729236506,,,,,,,,,,,,,,,,,,,65.94911064948447,68.17368419936321,68.49092325089424,68.82916740126004,69.11772202230358,69.48594629927089,69.64276088021097,69.50824281677488,,,,67.03308993605307,68.4594919247894,"rgba(255, 0, 0, 1.0)",2.402069993204176,68.36390281512863,-1.579430585229475,20.41857553388622,-23.776279237584603,False,True,False,True,False,0.0,0.0,0.0,0.0,0.0,0,0.9136040819140867,1.0319244294283938,False,False,False,False,-0.30153531020060426,-0.2922565373869197,False,False,False,False,-196954.0,-130153.0575501362,False,False,False,False,5069.805900046092,False,False,False,False
2025-04-21 19:00:00+00:00,64.575,64.645,64.42,64.53,17121.0,,,,,,,,,,,,,,,,65.57551622016503,66.93912314652694,67.02327174699808,68.56375229236981,68.65297998589074,68.94710493240576,68.95938000768166,69.24641413979354,69.54412996496329,,,,,,,,,,,,,,,,,,64.53166666666667,65.80510194756644,68.06813268015674,68.3906821627819,68.73934584179736,69.03628658100429,69.40725835384282,69.57259324194366,69.44642421527156,,,,66.93912314652694,68.13606467376812,"rgba(239, 83, 80, 1.0)",2.368990703855676,68.05216117318693,-1.486777118818744,18.59882406719904,-25.346948772865908,False,True,False,True,False,0.0,0.0,0.0,0.0,0.0,0,0.9118072289156628,1.0303614457831323,True,False,False,False,-0.31491538451173046,-0.3035859609493251,False,False,False,False,-214075.0,-131454.1729369558,False,False,False,False,5256.646118650028,True,False,False,False
2025-04-22 14:00:00+00:00,65.325,65.41,64.845,65.025,3520.0,,,,,,,,,,,,,,,,65.54650431032027,66.92497688441044,67.00867547306835,68.54763283252002,68.6370094897113,68.93239544985809,68.94468498835387,69.23224765940651,69.53212311334418,,,,,,,,,,,,,,,,,,64.62745013968961,65.79053873756574,68.05051236747131,68.37360735648483,68.72374550043433,69.02194402046928,69.39321735614041,69.55998604041363,69.43533522336644,,,,66.92497688441044,68.1268103857238,"rgba(239, 83, 80, 1.0)",2.320794873927142,68.04289581357463,-1.3003716302026649,24.464164675325414,-25.346948772865908,False,True,False,True,True,0.0,0.0,0.0,0.0,0.0,0,0.9143226860995709,1.020363685895253,False,False,False,False,-0.2678439900765042,-0.2857149755129147,False,False,False,False,-210555.0,-132680.54234878594,False,False,False,False,5229.721372624446,False,False,False,False
2025-04-22 15:00:00+00:00,65.02,65.37,64.93,65.135,5201.0,,,,,,,,,,,,,,,,65.51372420360835,66.90504595033518,66.98807928902299,68.52443980289237,68.61401299534461,68.91115548180207,68.92346414864987,69.21175098725688,69.51470553570432,,,,,,,,,,,,,,,,,,64.73161300724918,65.77159568906016,68.02530436076007,68.34909189654793,68.70126251651318,69.00121824165838,69.37288476592576,69.5417015186443,69.4192473671802,,,,66.90504595033518,68.11223876434198,"rgba(239, 83, 80, 1.0)",2.273872392562368,68.02874408795157,-1.272606192597587,29.624108153432772,-27.509988124739607,False,True,False,True,True,0.0,0.0,0.0,0.0,0.0,0,0.9154633584163786,1.0213544844417324,False,False,False,False,-0.26608772027473404,-0.27590134789382437,False,False,False,False,-205354.0,-133807.26262244818,False,False,False,False,5229.276080025618,False,False,False,False
2025-04-22 16:00:00+00:00,65.13,65.69,65.07,65.41,2395.0,,,,,,,,,,,,,,,,65.50924123915138,66.89727410423477,66.97998779108485,68.51463226552393,68.60426564331081,68.90208569717004,68.91440017051227,69.20294593956746,69.50717845991139,,,,,,,,,,,,,,,,,,64.78745593842594,65.76650800145482,68.01481778734053,68.33878124681746,68.69171081305473,68.99235023669905,69.36412593248264,69.53379888944522,69.41230191894952,,,,66.89727410423477,68.10743678195203,"rgba(239, 83, 80, 1.0)",2.22392966866554,68.02452956071718,-1.1756350021113866,35.90317637219312,-21.942161569670688,False,True,False,True,True,0.0,0.0,0.0,0.0,0.0,0,0.9197955706984666,1.0165587734241905,False,False,False,False,-0.2482243810876298,-0.2620628644907271,False,False,False,False,-202959.0,-134879.38258179007,False,False,False,False,5185.33381521902,False,False,False,False
2025-04-22 17:00:00+00:00,65.39,65.44,64.965,65.06,2655.0,,,,,,,,,,,,,,,,65.49556188246018,66.8874224040562,66.9698014379717,68.50301919709405,68.59274378895009,68.891416639141,68.90374004071289,69.1926336465541,69.49839184973001,,,,,,,,,,,,,,,,,,64.81904435884155,65.75760151919938,68.00225781674314,68.32653069905288,68.68043730132715,68.98193229366916,69.3538896562758,69.52457861079057,69.40418220537748,,,,66.8874224040562,68.09917696377485,"rgba(239, 83, 80, 1.0)",2.124265210533827,68.01657365049653,-1.391810041342972,37.36263558068631,-20.770029429114786,False,True,False,True,True,0.0,0.0,0.0,0.0,0.0,0,0.9185667752442996,1.0202904451682953,False,False,False,False,-0.2619959663396225,-0.26202941541517477,False,False,False,False,-205614.0,-135976.04331695611,False,False,False,False,5146.103833587717,False,False,False,False
2025-04-22 18:00:00+00:00,65.05,65.295,64.965,65.16,2770.0,,,,,,,,,,,,,,,,65.4817915897694,66.87717406969055,66.95920752863474,68.49093448184156,68.58075253994322,68.88030559731573,68.89263817749672,69.1818907756298,69.4892308605805,,,,,,,,,,,,,,,,,,64.84545536014893,65.74835713655287,67.98920245789384,68.31378963588463,68.66870211708523,68.97108086047511,69.3432249731536,69.51496737769934,69.39571395029218,,,,66.87717406969055,68.0902455272271,"rgba(239, 83, 80, 1.0)",2.0132263940037025,68.0079570989702,-1.4146233664791505,39.36001385483535,-18.830971705468464,False,True,False,True,True,0.0,0.0,0.0,0.0,0.0,0,0.9171012529630884,1.0240433457500846,False,False,False,False,-0.26764876945391847,-0.2648390924345466,False,False,False,False,-202844.0,-137012.75582366996,False,False,False,False,5109.265014462327,False,False,False,False
2025-04-22 19:00:00+00:00,65.15,65.23,65.005,65.06,9362.0,,,,,,,,,,,,,,,,65.43740892531876,66.84259948221704,66.92349323427675,68.45022589441993,68.54035062184612,68.84282203361717,68.85518495732656,69.1456300141166,69.45825781372633,,,,,,,,,,,,,,,,,,64.90048147545556,65.71705638794165,67.94531368870102,68.27091609139903,68.62914754069259,68.93446078045186,69.30722341903261,69.48248664262404,69.3670625630997,,,,66.84259948221704,68.05834008701461,"rgba(255, 0, 0, 1.0)",1.8733347848731814,67.97703106046617,-1.5571328115084595,39.90071962842573,-18.05402223914671,False,True,False,True,True,0.0,0.0,0.0,0.0,0.0,0,0.9188456848665493,1.024454680937542,False,False,False,False,-0.2686250721772904,-0.2667320823059185,False,False,False,False,-212206.0,-138178.5425550859,False,False,False,False,5175.198890207096,False,False,False,False
2025-04-23 14:00:00+00:00,67.35,67.525,66.745,66.98,4675.0,,,,,,,,,,,,,,,,65.52734121464998,66.84491354541916,66.9250105690215,68.44208436319899,68.53195815113754,68.83415684772838,68.84649411563505,69.13652583279037,69.44992164834669,,,,,,,,,,,,,,,,,,65.11442374752791,65.74913812097348,67.93882801250642,68.26306117468292,68.62064286106565,68.92576109498756,69.29784465683687,69.47370828154723,69.35948454007045,,,,66.84491354541916,68.07118326545145,"rgba(239, 83, 80, 0.5)",1.7316198035780757,67.88054510870818,-0.5200593726448269,50.91829519161166,-7.668818594228398,True,False,True,False,True,0.0,0.0,0.0,0.0,0.0,0,0.923723802641088,1.0086065304513498,False,False,False,False,-0.11609609232414667,-0.19141408731503257,False,False,False,False,-207531.0,-139253.77445345666,False,False,False,False,5167.443868653498,False,False,False,False
2025-04-23 15:00:00+00:00,66.99,67.01,66.54,66.66,2942.0,,,,,,,,,,,,,,,,65.56754138277799,66.84426267390987,66.92389210614316,68.43571584030812,68.52547405028504,68.82767634797393,68.84000173454758,69.12987720965184,69.44394152803393,,,,,,,,,,,,,,,,,,65.20866830565484,65.76351813355245,67.93316261769668,68.25673411961512,68.61414252100063,68.91930588701464,69.29106540216306,69.46742047688878,69.35401898154376,,,,66.84426267390987,68.07480107326451,"rgba(239, 83, 80, 0.5)",1.55929391793919,67.87989053783271,-0.7823352119816868,56.021067190909356,-3.1375572711181476,True,False,True,False,True,0.0,0.0,0.0,0.0,0.0,0,0.9217021276595745,1.01531914893617,False,False,False,False,-0.1427276736145792,-0.1670708804648059,False,False,False,False,-210473.0,-140357.94849293795,False,False,False,False,5132.9408629379395,False,False,False,False
2025-04-23 16:00:00+00:00,66.64,66.65,66.025,66.18,2547.0,,,,,,,,,,,,,,,,65.58761131246568,66.8413664834744,66.92062429630403,68.42878516605701,68.51849035714224,68.82089328557261,68.8332131521261,69.12307021557024,69.43792536938818,,,,,,,,,,,,,,,,,,65.26021032313054,65.77001037058763,67.92646553800843,68.24968371985062,68.60720590476433,68.91259791983254,69.28419261613752,69.46110365568066,69.34849223593004,,,,66.8413664834744,68.07399677344571,"rgba(239, 83, 80, 1.0)",1.399504728997409,67.87233078929515,-1.2092354918353938,56.45047852144169,-2.750508927917906,True,False,True,False,True,0.0,0.0,0.0,0.0,0.0,0,0.917345144271478,1.0183026118673875,False,False,False,False,-0.17536922375651146,-0.17122005211065866,False,False,False,False,-213020.0,-141484.49192715596,False,False,False,False,5092.8487565358,False,False,False,False
2025-04-23 17:00:00+00:00,66.18,66.575,66.075,66.2,915.0,,,,,,,,,,,,,,,,65.59453335508074,66.8403302533276,66.91945543793676,68.42630431385135,68.51599024568341,68.81846372808047,68.83078158974126,69.12063134389719,69.43576853891499,,,,,,,,,,,,,,,,,,65.27751356979589,65.77229596918087,67.9240704770795,68.24716104705071,68.60472224752976,68.91019491820278,69.28172989284614,69.45883929238933,69.3465105529773,,,,66.8403302533276,68.07362759853146,"rgba(239, 83, 80, 1.0)",1.3197240804987498,67.87044506859456,-1.2657532686402646,56.826005598109255,-2.0716073728352598,True,False,True,False,True,0.0,0.0,0.0,0.0,0.0,0,0.9154060897227814,1.022138544439395,False,False,False,False,-0.1763069721556841,-0.17376351213317137,False,False,False,False,-212105.0,-142579.38352518456,False,False,False,False,5028.07590759726,False,False,False,False
2025-04-23 18:00:00+00:00,66.21,66.305,65.995,66.12,2359.0,,,,,,,,,,,,,,,,65.60817522581739,66.83699344114841,66.9157870647461,68.41950867610399,68.50915817680206,68.81186845491214,68.82418249154605,69.11404619795027,69.42996929334156,,,,,,,,,,,,,,,,,,65.31354852231,65.77646905674843,67.917391131496,68.2402144755383,68.59794958918319,68.90368291158201,69.2750966214922,69.4527534659199,69.34117477914442,,,,66.83699344114841,68.07155386532125,"rgba(239, 83, 80, 1.0)",1.246072478478375,67.86434524519191,-1.3998746263315218,56.54953606740047,-1.8256596715914881,True,False,True,False,True,0.0,0.0,0.0,0.0,0.0,0,0.9134521880064831,1.025996758508914,False,False,False,False,-0.18946851016506833,-0.18161601114911985,False,False,False,False,-214464.0,-143693.87370308867,False,False,False,False,4986.694885774047,False,False,False,False
2025-04-23 19:00:00+00:00,66.115,66.25,66.025,66.18,7214.0,,,,,,,,,,,,,,,,65.6467888212623,66.8271512339719,66.90494564241145,68.3990806007807,68.48860856158257,68.79198683309019,68.80428814757944,69.0941659542417,69.41242316259562,,,,,,,,,,,,,,,,,,65.40850084804323,65.78905397237219,67.89740406668243,68.2193691335461,68.57756453395893,68.88404058922542,69.25505910860295,69.43434532583939,69.32502627771206,,,,66.8271512339719,68.06443348963882,"rgba(239, 83, 80, 1.0)",1.1883883135504991,67.8523639684467,-1.4072537985923435,56.69724728976358,-1.023364713455372,True,False,True,False,True,0.0,0.0,0.0,0.0,0.0,0,0.913434768533506,1.0262220783425058,False,False,False,False,-0.19041105447672677,-0.18601353281292332,False,False,False,False,-207250.0,-144679.24000226558,False,False,False,False,5021.226748010108,False,False,False,False
2025-04-24 14:00:00+00:00,66.745,67.13,66.6,66.64,1666.0,,,,,,,,,,,,,,,,65.66524343371702,66.82702842533638,66.90457024164249,68.39574027508662,68.48519606400808,68.7885373949148,68.80083127137922,69.09060044911621,69.40918575427513,,,,,,,,,,,,,,,,,,65.44372440390562,65.79674790877509,67.89451673122315,68.21608207089005,68.5741310831672,68.88059462686132,69.25141244841697,69.43094429111645,69.32206565996802,,,,66.82702842533638,68.06539736298889,"rgba(239, 83, 80, 1.0)",1.1348211947896272,67.85563427403397,-1.0712121694725025,59.1374189902056,1.9005478879659279,True,False,True,False,True,0.0,0.0,0.0,0.0,0.0,0,0.9174729288139938,1.0172999295188057,False,False,False,False,-0.1360523556581495,-0.1610329442355364,False,False,False,False,-205584.0,-145623.4998471917,False,False,False,False,4969.207728661114,False,False,False,False
2025-04-24 15:00:00+00:00,66.68,66.955,66.55,66.735,3125.0,,,,,,,,,,,,,,,,65.6970263678457,66.82653320831166,66.90360881255542,68.3893438361095,68.47866922955245,68.78195946760901,68.79423988614693,69.08381671325118,69.40303458105876,,,,,,,,,,,,,,,,,,65.50319385007863,65.81024941933804,67.8889303249753,68.20977084306878,68.56757067027532,68.87402800932328,69.24448133199562,69.4244840477694,69.31643616976626,,,,66.82653320831166,68.06652093161286,"rgba(239, 83, 80, 1.0)",1.06881384536113,67.86026849748376,-1.052819910939266,61.20274875483554,4.3584136968491975,True,False,True,False,True,0.0,0.0,0.0,0.0,0.0,0,0.918321731911361,1.0183281180151988,False,False,False,False,-0.1443984562407616,-0.152715700238149,False,False,False,False,-202459.0,-146504.67039219648,False,False,False,False,4940.615360774896,False,False,False,False
2025-04-24 16:00:00+00:00,66.735,67.215,66.685,67.1,6468.0,,,,,,,,,,,,,,,,65.77174141747267,66.82871784012877,66.90480843273116,68.37827873808067,68.4672680441661,68.77015646585224,68.78240219104302,69.07140849755638,69.39159859791215,,,,,,,,,,,,,,,,,,65.6323903827762,65.84424950220622,67.880065254016,68.19911105268318,68.5560091649315,68.86216757160312,69.23169943735722,69.41246686151776,69.3060032838847,,,,66.82871784012877,68.07169681866218,"rgba(239, 83, 80, 0.5)",1.0239046135540484,67.87443210677738,-0.7563518090706434,64.156658869029,7.541929270264895,True,False,True,False,True,0.0,0.0,0.0,0.0,0.0,0,0.9234507897934389,1.0133657351154313,False,False,False,False,-0.12975894460009596,-0.14123732241912249,False,False,False,False,-195991.0,-147271.90030859652,False,False,False,False,4964.295742778386,False,False,False,False
2025-04-24 17:00:00+00:00,67.1,67.3,67.07,67.265,10378.0,,,,,,,,,,,,,,,,65.89306103781881,66.83630288114698,66.91081603284469,68.36355896694572,68.4519241887756,68.75376751766076,68.76594862255183,69.0538083422396,69.37507911437848,,,,,,,,,,,,,,,,,,65.82450329961436,65.90420073085211,67.86953838149608,68.18534514735737,68.54028630384607,68.84557567010373,69.21340870893165,69.39510215366866,69.29097715468745,,,,66.83630288114698,68.08184468082888,"rgba(239, 83, 80, 0.5)",0.9742085815470759,67.89816706373895,-0.6499296718711527,66.77354472257039,10.308663216304943,True,False,True,False,True,0.6143823267694053,0.0,0.0,0.0,0.0,0,0.93057067828092,1.011528854159995,False,False,False,False,-0.11241103400136147,-0.12682417821024197,False,False,False,False,-185613.0,-147866.3359627268,False,False,False,False,5048.229142115155,False,False,False,False
2025-04-24 18:00:00+00:00,67.235,67.275,67.055,67.19,1482.0,,,,,,,,,,,,,,,,65.90828171168351,66.83725347327956,66.91154791847343,68.36141826296821,68.44969682258501,68.75139774665345,68.76356984793279,69.05127041354987,69.37269906742833,,,,,,,,,,,,,,,,,,65.84753418975748,65.91209711073422,67.86797609782342,68.18333444160226,68.53800709025163,68.84317854253736,69.21077424567069,69.39260162860938,69.28880973329905,,,,66.83725347327956,68.08285824137998,"rgba(239, 83, 80, 0.5)",0.927127201006663,67.90067895121572,-0.7665387774666519,67.74713324333544,11.539390924443246,True,False,True,False,True,0.2651921542989619,0.0,0.0,0.0,0.0,0,0.9275974649510279,1.0129313104154665,False,False,False,False,-0.11388468699324757,-0.12035443260174478,False,False,False,False,-187095.0,-148474.53230438993,False,False,False,False,4992.938767818796,False,False,False,False
2025-04-24 19:00:00+00:00,67.19,67.25,67.085,67.2,7791.0,,,,,,,,,,,,,,,,65.98299006654183,66.84223696671802,66.91540157790783,68.35033669600537,68.43815922046699,68.73909473363325,68.75121934435056,69.038075408326,69.36029936288483,,,,,,,,,,,,,,,,,,65.95715142832978,65.95220250992956,67.85993531062918,68.17294572722885,68.52619243779674,68.83072622318562,69.1970695151497,69.3795775928301,69.27751475465763,,,,66.84223696671802,68.08728493758733,"rgba(239, 83, 80, 0.5)",0.8598195809071293,67.91209429117325,-0.8281903634038765,68.44463255593325,12.580019078455848,True,False,True,False,True,0.31211889628758627,0.0,0.0,0.0,0.0,0,0.9303341902313627,1.0144601542416454,False,False,False,False,-0.11370045356255432,-0.11702744308214955,False,False,False,False,-179304.0,-148952.50854773272,False,False,False,False,5036.319562116179,False,False,False,False
2025-04-25 14:00:00+00:00,67.88,67.88,67.57,67.7,779.0,,,,,,,,,,,,,,,,65.99312715640723,66.84351256218675,66.91655717097142,68.34974378962185,68.43750514473331,68.73829581508156,68.75041405996289,69.03714523905049,69.35937123879881,,,,,,,,,,,,,,,,,,65.97152423146157,65.9577727256763,67.8597684846093,68.17247461821285,68.52548971505703,68.82989368458108,69.19607208146908,69.37860019079119,69.27667996421638,,,,66.84351256218675,68.08855265960496,#000000,0.858938518392311,67.91447530492681,-0.2496980870391567,71.04528679780299,15.374794893743172,True,False,True,False,True,2.630562865026743,0.0,0.0,0.0,0.0,0,0.928982357453337,1.010291485553567,False,False,False,False,-0.07278463828403134,-0.09490604068309044,False,False,False,False,-178525.0,-149410.99678730275,False,False,False,False,4970.314607664766,False,False,False,False
2025-04-25 15:00:00+00:00,67.67,68.1,67.58,67.96,2022.0,,,,,,,,,,,,,,,,66.02133628837673,66.84742236160032,66.9201503232411,68.34860570586402,68.43619636060363,68.73655853243223,68.74865900916124,69.03503484480314,69.35720609843305,,,,,,,,,,,,,,,,,,66.01114900688319,65.97339568996937,67.85982944869997,68.171692881692,68.52403857642756,68.82805472124265,69.19377451204701,69.37631737081064,69.27474374312672,,,,66.84742236160032,68.09245363752304,#000000,0.8684111358685478,67.92152393171968,0.04430628154236582,73.65425148674501,18.07392059694064,True,False,True,False,True,3.8032546285893716,0.0,0.0,0.0,0.0,0,0.9313750477889644,1.0055435198164906,False,False,False,False,-0.06437923776905673,-0.07964263922607359,False,False,False,False,-176503.0,-149831.02784486394,False,False,False,False,4924.604303669964,False,False,False,False
2025-04-25 16:00:00+00:00,67.96,68.215,67.77,67.97,1459.0,,,,,,,,,,,,,,,,66.0422932576489,66.85051027521084,66.9230082097185,68.34797116522074,68.435433361846,68.73546246668889,68.7475495635618,69.03365483419311,69.35575851375278,,,,,,,,,,,,,,,,,,66.04028370731577,65.98512401279291,67.86010101678514,68.17133351540122,68.52316558568297,68.82687868224238,69.19225374858507,69.37478977262604,69.2734548960113,,,,66.85051027521084,68.09550147696024,#000000,0.8866656082765942,67.92690077418291,0.048608207440073305,75.42708411299756,19.950386245283596,True,False,True,False,True,3.848504077225808,0.0,0.0,0.0,0.0,0,0.9376956994057134,1.0008946258546874,False,False,False,False,-0.05324674089804641,-0.06644469006206,False,False,False,False,-175044.0,-150221.92663796683,False,False,False,False,4870.874004388259,False,False,False,False
2025-04-25 17:00:00+00:00,67.825,68.0,67.645,67.8,1111.0,,,,,,,,,,,,,,,,66.05658357459178,66.85249977410658,66.92482744820879,68.34726384757808,68.43463545302131,68.73444139410837,68.74651904211053,69.03243645132918,69.35452179984941,,,,,,,,,,,,,,,,,,66.06000928732689,65.99321217618711,67.8600266284634,68.17081197386275,68.52229332134499,68.82580495965168,69.19093557306654,69.37348677143248,69.27234592704527,,,,66.85249977410658,68.09736974462696,#000000,0.9060429409307355,67.9302764276993,-0.1437861516425186,74.41249866319083,19.950386245283596,True,False,True,False,True,2.9886839874748574,0.0,0.0,0.0,0.0,0,0.9368582179985974,1.0017858281778176,False,False,False,False,-0.06565770530973875,-0.06605119768589937,False,False,False,False,-176155.0,-150623.98979086656,False,False,False,False,4812.581384165185,False,False,False,False
2025-04-25 18:00:00+00:00,67.8,67.875,67.505,67.65,1612.0,,,,,,,,,,,,,,,,66.07531379917903,66.85495909028648,66.92704575419411,68.34597504019813,68.43322372578992,68.73274160030007,68.74480640966944,69.03047259164073,69.35257000300676,,,,,,,,,,,,,,,,,,66.08566723114336,66.00393981799927,67.85958886871384,68.16976480535449,68.52078474435591,68.82403843873679,69.18883561524021,69.37143258694172,69.27058742007564,,,,66.85495909028648,68.09954153015698,#000000,0.9073735635246349,67.93432377570868,-0.313348092933448,71.89056756559218,19.950386245283596,True,False,True,False,False,2.230422838585188,0.0,0.0,0.0,0.0,0,0.9343260786559762,1.0041364388443426,False,False,False,False,-0.0753447883017684,-0.07069799299383389,False,False,False,False,-177767.0,-151044.81165457406,False,False,False,False,4762.959967356423,False,False,False,False
2025-04-25 19:00:00+00:00,67.645,67.81,67.475,67.75,23982.0,,,,,,,,,,,,,,,,66.31056812085534,66.8899578515268,66.95863695632991,68.32741636762083,68.4128704837326,68.70812252443633,68.71999857577626,69.00194883575142,69.32408831725932,,,,,,,,,,,,,,,,,,66.38988877030052,66.14893203778328,67.85337180675377,68.15474498851313,68.49900373767494,68.79842197128538,69.15830184698021,69.34147863022764,69.24490306962079,,,,66.8899578515268,68.12459193846824,#000000,0.8979630001003202,67.98058464306105,-0.2567863520382123,70.80885999292362,19.950386245283596,True,False,True,False,False,2.708564653421785,0.0,0.0,0.0,0.0,0,0.9329481236903936,1.005651152454124,False,False,False,False,-0.07882086152346264,-0.07475942725864826,False,False,False,False,-153785.0,-151087.29519481322,False,False,False,False,5060.929580265625,False,False,False,False
2025-04-28 14:00:00+00:00,67.77,68.25,67.635,68.225,1341.0,,,,,,,,,,,,,,,,66.32461754089935,66.89267692476358,66.96116575413558,68.326965144247,68.41230416357962,68.70724702242045,68.7191109099445,69.00081154641505,69.32286482816029,,,,,,,,,,,,,,,,,,66.40729198846263,66.15802852430389,67.85372268417734,68.15454353555852,68.49833630451609,68.7974707914627,69.15703546883908,69.34018909364707,69.243814239918,,,,66.89267692476358,68.12656647030283,#000000,0.9246485818945597,67.98383419937458,0.26081887253995795,72.43682523992817,19.950386245283596,True,False,True,False,False,4.939801989816939,0.0,0.0,0.0,0.0,0,0.9352985734124487,1.0000000000000002,False,False,False,False,-0.05689515312619067,-0.06582729019241947,False,False,False,False,-152444.0,-151108.3293778394,False,False,False,False,5003.256253439802,False,False,False,False
2025-04-28 15:00:00+00:00,68.225,68.41,67.985,68.09,2047.0,,,,,,,,,,,,,,,,66.34716200742201,66.89725355483363,66.96544909482088,68.326574480949,68.41172954837245,68.70616328533445,68.7180077258798,68.99930507002972,69.32118275400057,,,,,,,,,,,,,,,,,,66.43514395696157,66.17265899373136,67.85461990372517,68.15456203820729,68.49759604140485,68.79626121717867,69.15532294341365,69.33841384999394,69.24232766573516,,,,66.89725355483363,68.12998522955523,#000000,0.9483753153358443,67.98932470103838,0.106155545524682,71.83049296585384,19.950386245283596,True,False,True,False,False,4.230606468587457,0.0,0.0,0.0,0.0,0,0.9404319627227512,0.9984257918267113,False,False,False,False,-0.03830199608365482,-0.052064643138037145,False,False,False,False,-154491.0,-151160.77388360933,False,False,False,False,4957.422823153913,False,False,False,False
2025-04-28 16:00:00+00:00,68.09,68.315,67.965,68.215,1103.0,,,,,,,,,,,,,,,,66.35910380336381,66.899712419427,66.96775086693809,68.32636898111045,68.41142512798713,68.7055846744357,68.71741864822978,68.99849878606857,69.3202810082521,,,,,,,,,,,,,,,,,,66.44981637983625,66.18046726525704,67.85510641986711,68.15457662732078,68.49720245266911,68.79561477302194,69.15440569898846,69.33746220134039,69.24153080169962,,,,66.899712419427,68.1317959408785,#000000,0.9631656841555142,67.99222166589577,0.2312980391318259,72.0656353006978,19.950386245283596,True,False,True,False,False,4.8188720360550725,0.0,0.0,0.0,0.0,0,0.9369686121587938,1.0035798759828678,False,False,False,False,-0.04249180259523083,-0.04727822286663399,False,False,False,False,-153388.0,-151195.30452107274,False,False,False,False,4897.664329771682,False,False,False,False
2025-04-28 17:00:00+00:00,68.28,68.325,68.11,68.155,2097.0,,,,,,,,,,,,,,,,66.38177054840853,66.90447729205212,66.97221777713838,68.32605611358298,68.41092254448233,68.7045522765389,68.71636616166724,68.99702826145894,69.31861738754893,,,,,,,,,,,,,,,,,,66.47753828670314,66.1953788466603,67.85612126862497,68.15468817561703,68.49652781792035,68.79445094365435,69.1527221945137,69.335705948469,69.24006353567601,,,,66.90447729205212,68.13528918781762,#000000,0.9867144497801952,67.99776664015943,0.15935041781905682,71.39908352556836,19.950386245283596,True,False,True,False,False,4.495215703432763,0.0,0.0,0.0,0.0,0,0.9423348300192438,1.0025657472738936,False,False,False,False,-0.03684499456414459,-0.04206160871538929,False,False,False,False,-155485.0,-151261.81142772277,False,False,False,False,4854.243177372121,False,False,False,False
2025-04-28 18:00:00+00:00,68.155,68.355,68.095,68.31,1542.0,,,,,,,,,,,,,,,,66.39859402598765,66.90811147259897,66.97563285095978,68.32592734808172,68.41065182241562,68.7038801899954,68.71567903248415,68.99602668449533,69.31745883473377,,,,,,,,,,,,,,,,,,66.4980219452777,66.20651041703209,67.8569872220824,68.15488004239856,68.49612704728234,68.7936788719631,69.15156117493513,69.3344820352958,69.23904568239843,,,,66.90811147259897,68.13795870557878,#000000,1.0073946058479393,68.00195596826276,0.30578288780686286,71.85323529224567,19.950386245283596,True,False,True,False,False,5.240863927991661,0.0,0.0,0.0,0.0,0,0.9385127778133613,1.0016012297444437,False,False,False,False,-0.036298659635719925,-0.039180134175554604,False,False,False,False,-153943.0,-151303.38024279682,False,False,False,False,4802.890569971003,False,False,False,False
2025-04-28 19:00:00+00:00,68.33,68.535,68.27,68.43,4799.0,,,,,,,,,,,,,,,,66.4533781137411,66.92061406974227,66.9874484219105,68.32639723009234,68.41065721935088,68.70253186058643,68.71428143181018,68.9935876390458,69.3144033657116,,,,,,,,,,,,,,,,,,66.56433896591565,66.24301743498108,67.8607252617679,68.15642508982232,68.49569608436263,68.79199004420563,69.14860052591087,69.33124588014036,69.23639800157679,,,,66.92061406974227,68.14731870225968,#000000,1.031981772308996,68.01628661877727,0.4008921400782849,72.81632386841778,19.950386245283596,True,False,True,False,False,5.818862242820909,0.0,0.0,0.0,0.0,0,0.9393455196216293,1.0002556563978016,False,False,False,False,-0.023374333779927918,-0.031277233977741264,False,False,False,False,-149144.0,-151269.9014793426,False,False,False,False,4802.830251056724,False,False,False,False
2025-04-29 14:00:00+00:00,68.57,68.78,68.485,68.705,808.0,,,,,,,,,,,,,,,,66.46342754727631,66.92304122046444,66.9897576272773,68.32670169499775,68.410877294763,68.70249625630086,68.7142368712916,68.99335103456607,69.31403001634268,,,,,,,,,,,,,,,,,,66.57647641337851,66.24972651380936,67.86162735422296,68.15693134569386,68.49583425668308,68.79188939313042,69.14826932466977,69.33084781721209,69.23608581474397,,,,66.92304122046444,68.14920043315689,"rgba(38, 166, 154, 0.5)",1.0655659495274963,68.01909353616031,0.6437015598554339,74.78771547746301,21.37307295650392,True,False,True,False,True,7.133797586933074,0.0,0.0,0.0,0.0,0,0.941517857142858,0.9974489795918369,False,False,False,False,-0.0066382934117240775,-0.01895776369473267,False,False,False,False,-148336.0,-151224.41463470162,False,False,False,False,4740.894898327162,False,False,False,False
2025-04-29 15:00:00+00:00,68.67,68.93,68.65,68.895,707.0,,,,,,,,,,,,,,,,66.47281504242171,66.92536509170931,66.99197646494169,68.32710331574681,68.41120119929093,68.70257940999794,68.71431177889481,68.9932476508878,69.31378724843933,,,,,,,,,,,,,,,,,,66.58783186304272,66.25597486089761,67.86258177930236,68.15752241040425,68.49608129888841,68.79191092780101,69.14807899696126,69.33058676791329,69.2358922065366,,,,66.92536509170931,68.15104712855988,"rgba(38, 166, 154, 0.5)",1.0971901746182957,68.02181602798382,0.7958364850650917,76.87697369242073,23.45883143686885,True,False,True,False,True,8.031193504026156,0.0,0.0,0.0,0.0,0,0.9453503184713382,0.9942675159235669,False,False,False,False,0.004819543132026973,-0.007069110281352849,False,False,False,False,-147629.0,-151168.6717721481,False,False,False,False,4678.3538921515465,False,False,False,False
2025-04-29 16:00:00+00:00,68.925,69.19,68.825,68.945,493.0,,,,,,,,,,,,,,,,66.47976390057002,66.92711982106587,66.99365669627146,68.32747379742753,68.41151488732322,68.70271381206454,68.71444015630436,68.99324483400606,69.3136740499021,,,,,,,,,,,,,,,,,,66.59624984577567,66.26058705768827,67.86335780164237,68.15803362552072,68.49633790760008,68.791999213822,69.1480127564809,69.33046305032076,69.2358103847949,,,,66.92711982106587,68.1524696443656,"rgba(38, 166, 154, 0.5)",1.1200474290149034,68.0238940978422,0.8223811584192607,78.46776599003664,25.025030364805843,True,False,True,False,True,8.268142070413003,0.0,0.0,0.0,0.0,0,0.9464480874316946,0.9963998714239796,False,False,False,False,0.020644978854306432,0.006787934286476792,False,False,False,False,-147136.0,-151106.14972916906,False,False,False,False,4613.464684521289,False,False,False,False
2025-04-29 17:00:00+00:00,68.94,69.17,68.94,69.005,198.0,,,,,,,,,,,,,,,,66.48260121461267,66.92784137795725,66.99434819220313,68.32763412725443,68.41165208401962,68.70277757042881,68.71450146065503,68.99325258374661,69.31363578846305,,,,,,,,,,,,,,,,,,66.59968680844813,66.26247006273333,67.8636834896827,68.15825155445305,68.49645174355966,68.79204405380705,69.14799468230017,69.33042085102832,69.23578435002045,,,,66.92784137795725,68.15305733307629,"rgba(38, 166, 154, 0.5)",1.1183955608952896,68.02475001982114,0.8764787830471644,79.77664430038091,26.32499051253042,True,False,True,False,True,8.556009416983386,0.0,0.0,0.0,0.0,0,0.9485894222736334,0.9943448364500996,False,False,False,False,0.024102209670401047,0.01544507197843892,False,False,False,False,-146938.0,-151041.52725274782,False,False,False,False,4545.007867707006,False,False,False,False
2025-04-29 18:00:00+00:00,69.01,69.165,68.915,69.07,818.0,,,,,,,,,,,,,,,,66.49430985619718,66.93083358470557,66.99721630546395,68.32830659487854,68.41222879060307,68.70304986884943,68.7147635979307,68.99329285056466,69.31348452498271,,,,,,,,,,,,,,,,,,66.61385146945197,66.27025494393443,67.86504044213439,68.15916266454497,68.49693164358855,68.79223789589142,69.14792801259766,69.33025360002001,69.23568321584268,,,,66.93083358470557,68.15549054789899,"rgba(38, 166, 154, 0.5)",1.1322998401163853,68.02828741724375,0.9199971119391601,80.92592610156257,27.491702661031326,True,False,True,False,True,8.871353619989517,0.0,0.0,0.0,0.0,0,0.9510516498359821,0.99311764327523,False,False,False,False,0.023010394250941167,0.019227733114690043,False,False,False,False,-146120.0,-150965.2245046432,False,False,False,False,4487.224799990618,False,False,False,False
2025-04-29 19:00:00+00:00,69.06,69.255,69.005,69.23,3854.0,,,,,,,,,,,,,,,69.16333333333334,66.55045228868754,66.9455664782544,67.01136256162424,68.33195306182493,68.41541234001181,68.70474428248943,68.71640884341569,68.99385943214696,69.31307972127144,,,,,,,,,,,,,,,,,,66.6814480455152,66.307827770383,67.8719996680533,68.16397337090667,68.49964258081948,68.79354711295818,69.14797723528166,69.32978585708908,69.23549813024701,,,69.16333333333334,66.9455664782544,68.21988800601649,"rgba(38, 166, 154, 1.0)",1.1676369337292638,68.03804464550204,1.0208270396954902,82.33790369091443,28.911006851353577,True,False,True,False,True,9.650381056955116,-1.0,69.255,69.005,0.0,0,0.9540865539193628,0.9891325316699893,False,False,False,False,0.029562200762286394,0.024394966938488218,False,False,False,False,-142266.0,-150830.3528068968,False,True,False,False,4477.407361231073,False,True,False,False
2025-04-30 14:00:00+00:00,68.81,68.825,68.245,68.72,2296.0,,,,,,,,,,,,,,,68.95177777777778,66.57577683326504,66.95203233617434,67.0175064873831,68.33263994038893,68.41586886496953,68.70450777843223,68.7161477715083,68.99307254874047,69.31193092663143,,,,,,,,,,,,,,,,,,66.7112294395456,66.32540060613967,67.87430642726125,68.16520478444622,68.49987715049375,68.79313418245019,69.14692980496322,69.32856403345704,69.23452601023004,,,68.95177777777778,66.95203233617434,68.21318072127674,"rgba(38, 166, 154, 0.5)",1.1831708694461582,68.03438522481734,0.5794723255007055,74.96592845193436,28.988257917189742,True,False,True,False,False,6.526558559162989,0.0,0.0,0.0,0.0,0,0.9450066832155819,0.988479409331042,False,False,False,False,-0.013731921931144454,0.005331522503671882,False,False,False,False,-144562.0,-150733.16904244878,False,False,False,False,4443.587092064699,False,False,False,False
2025-04-30 15:00:00+00:00,68.72,68.88,68.47,68.64,2018.0,,,,,,,,,,,,,,,68.88051420176298,66.5982404346234,66.95790231003582,67.02309363276981,68.33339241034429,68.41641547540863,68.70442873871337,68.71604675706004,68.99249939202772,69.31101809251018,,,,,,,,,,,,,,,,,,66.7375492966843,66.34107126051947,67.87650778947561,68.16644766532514,68.50022374452253,68.79289534559287,69.1461236164211,69.32759101786786,69.23376307963576,,,68.88051420176298,66.95790231003582,68.21345917164743,"rgba(38, 166, 154, 0.5)",1.193112837598741,68.03705617471583,0.5053535644605553,69.06483580960276,23.897458240925587,True,False,True,False,False,6.047826470404971,0.0,0.0,0.0,0.0,0,0.945397716399822,0.9946418319831603,False,False,False,False,-0.0035464499903006207,0.0008925362566856306,False,False,False,False,-146580.0,-150668.77882473636,False,False,False,False,4405.98109063734,False,False,False,False
2025-04-30 16:00:00+00:00,68.635,68.77,68.42,68.73,1775.0,,,,,,,,,,,,,,,68.83757819571558,66.61738439095164,66.96296206919149,67.02790726655208,68.33400483885487,68.41684902726568,68.70432013572405,68.71591903711631,68.99196127731844,69.31018845062927,,,,,,,,,,,,,,,,,,66.75984653597187,66.35454551958546,67.87837682278736,68.16748467109159,68.50048395278478,68.79264829098615,69.14538256056274,69.32670753826925,69.23306632020287,,,68.83757819571558,66.96296206919149,68.21461141587166,"rgba(38, 166, 154, 0.5)",1.2099445039762706,68.04017935381285,0.5701258561199984,65.96488890273272,21.432788625772815,True,False,True,False,False,6.50951608979063,0.0,0.0,0.0,0.0,0,0.9376958996993544,1.00281455894582,False,False,False,False,-0.009366494024393636,-0.004236978883854003,False,False,False,False,-144805.0,-150577.86752512804,False,False,False,False,4365.190686131334,False,False,False,False
2025-04-30 17:00:00+00:00,68.76,68.855,68.55,68.66,3385.0,,,,,,,,,,,,,,,68.79967349439777,66.65376415456629,66.97280302634589,67.03728092982664,68.33534942219481,68.4178492605976,68.70426890974792,68.71583096597162,68.99107991181036,69.30872565663641,,,,,,,,,,,,,,,,,,66.80200789673108,66.38034278813133,67.88214049405255,68.1696507544531,68.5011484890383,68.79232783426689,69.14410991734586,69.3251471268933,69.23185001417104,,,68.79967349439777,66.97280302634589,68.21922900248309,"rgba(38, 166, 154, 0.5)",1.220975156722289,68.04840799741551,0.5009045427478701,62.92735800388618,18.886872294588358,False,False,True,False,False,6.078654147106274,0.0,0.0,0.0,0.0,0,0.9400153806716232,0.999935913868239,False,False,False,False,-0.0015458852595829637,-0.0028914320717184834,False,False,False,False,-148190.0,-150540.84632318805,False,False,False,False,4349.993931307592,False,False,False,False
2025-04-30 18:00:00+00:00,68.68,68.73,68.24,68.34,7980.0,,,,,,,,,,,,,,,68.66372481384144,66.72466303557012,66.99222524913117,67.05566026157993,68.33624776343834,68.41801129407024,68.70226261700039,68.71374552843702,68.98731174351826,69.30391635158797,,,,,,,,,,,,,,,,,,66.8821283852951,66.43256746836236,67.88814925079264,68.17224318926098,68.50061517435132,68.78977060552764,69.13949633799916,69.32005662673525,69.22768620693651,,,68.66372481384144,66.99222524913117,68.22370957386507,#000000,1.227943703407623,68.05971648462767,0.2282543691494385,57.10440662428783,13.7224688046255,False,False,True,False,False,4.127537065388612,0.0,0.0,0.0,0.0,0,0.935504469987229,0.999233716475096,False,False,False,False,-0.017370171280268975,-0.01013080167599373,False,False,False,False,-156170.0,-150628.12002360373,False,False,False,False,4406.273095163288,False,False,False,False
2025-04-30 19:00:00+00:00,68.355,68.845,68.16,68.16,13332.0,,,,,,,,,,,,,,,68.55773407428791,66.82830523443266,67.02250053541407,67.08427447945691,68.33700805763188,68.41759040442291,68.69837912152491,68.70973430451951,68.98058667632336,69.29555755967564,,,,,,,,,,,,,,,,,,66.99613013594937,66.51217359557025,67.89704316750179,68.17569232383964,68.49908483315016,68.78500566538105,69.13140040663552,69.31122268313827,69.22040710859358,,,68.55773407428791,67.02250053541407,68.2347279140763,#000000,1.2311815060747928,68.08009257063716,0.06490304554491855,51.517009339806876,8.850559410745845,False,True,False,False,False,3.049476290835983,0.0,0.0,0.0,0.0,0,0.9343098091433649,0.9974002916745928,False,False,False,False,-0.016096736633541556,-0.013113769154767644,False,False,False,False,-169502.0,-150920.73831781143,False,False,False,False,4544.656458028974,False,False,False,False
2025-05-01 14:00:00+00:00,68.16,68.16,67.275,67.53,3668.0,,,,,,,,,,,,,,,68.47129707458842,66.84223577459869,67.02625181971693,67.08762615208911,68.33428004027603,68.41462647198026,68.69484003215634,68.70616938436514,68.97650453403277,69.2914471813276,,,,,,,,,,,,,,,,,,67.00957047731333,66.52482991605504,67.89586482755873,68.17341572051534,68.49593147444823,68.78132743909943,69.12703540004902,69.30691355896738,69.21668096708092,,,68.47129707458842,67.02625181971693,68.23036043401153,#000000,1.231220141175303,68.07683682512116,-0.4441422023840187,43.6627009619844,1.946252117852893,False,True,False,True,False,0.0,0.0,0.0,0.0,0.0,0,0.9225980885311876,1.0082997987927567,False,False,False,False,-0.07333316054842168,-0.04322346485159466,False,False,False,False,-173170.0,-151265.68811133373,False,False,False,False,4531.064885036277,False,False,False,False
2025-05-01 15:00:00+00:00,67.56,67.81,67.31,67.6,2569.0,,,,,,,,,,,,,,,68.41486267746329,66.85076358083266,67.02851493335224,67.08961573008867,68.33215419494967,68.41234256463795,68.6921820288026,68.70349402755346,68.97348465351735,69.2884375339513,,,,,,,,,,,,,,,,,,67.01751158289514,66.53289996644479,67.894768838055,68.1715837268794,68.49352378882013,68.7785797445857,69.12382480961357,69.30376030947421,69.21394586937039,,,68.41486267746329,67.02851493335224,68.22717108217303,#000000,1.2325185414242879,68.07429698579918,-0.384819351480986,39.314235723537735,-1.6907079486289547,False,True,False,True,False,0.0,0.0,0.0,0.0,0.0,0,0.9262325931501698,1.012043658261197,False,False,False,False,-0.08486282224786078,-0.06404314354972772,False,False,False,False,-170601.0,-151565.4603886774,False,False,False,False,4500.645274415559,False,False,False,False
2025-05-01 16:00:00+00:00,67.585,67.715,67.395,67.68,1002.0,,,,,,,,,,,,,,,68.39528646019883,66.85414171318371,67.02943014623138,67.0904245434955,68.33135365430627,68.4114797991367,68.69117027587934,68.70247544015463,68.97232988525185,69.28728245355342,,,,,,,,,,,,,,,,,,67.02067607139155,66.53608383117273,67.89437426465665,68.17089996470803,68.49261183624344,68.77753211521818,69.12259495179977,69.30255008103529,69.21289668892123,,,68.39528646019883,67.02943014623138,68.22608390402834,#000000,1.233203171850756,68.07346639091402,-0.31906047591777686,37.46457638992686,-3.2598402919345872,False,True,False,True,False,0.27944422943804526,0.0,0.0,0.0,0.0,0,0.9259703376459454,1.0229725465446513,False,False,False,False,-0.08522919600575322,-0.07463616977774047,False,False,False,False,-169599.0,-151845.05015009327,False,False,False,False,4446.402712021519,False,False,False,False
2025-05-01 17:00:00+00:00,67.68,67.885,67.525,67.525,762.0,,,,,,,,,,,,,,,68.38187874737147,66.85685619522505,67.03018331219192,67.09109646437906,68.33078599999854,68.41086375205283,68.69043603136606,68.70173588236284,68.97148381287946,69.28643017740383,,,,,,,,,,,,,,,,,,67.02325955089738,66.5386021273045,67.89412350099015,68.17042474149864,68.49195690221623,68.77676921585423,69.12169057867818,69.30165691985742,69.21212355331451,,,68.38187874737147,67.03018331219192,68.22538723504432,#000000,1.233077980626534,68.07297828342526,-0.44439872581847656,35.21857585358942,-5.472726833568473,False,True,False,True,False,0.0,0.0,0.0,0.0,0.0,0,0.9333121625912992,1.017783423308987,False,False,False,False,-0.07424746238381869,-0.07444181608077957,False,False,False,False,-170361.0,-152132.1191400143,False,False,False,False,4389.280189354518,False,False,False,False
2025-05-01 18:00:00+00:00,67.52,67.59,67.36,67.455,2344.0,,,,,,,,,,,,,,,68.33427731466045,66.86324485590286,67.03182619779655,67.092497207996,68.32859737983416,68.40853920261665,68.68780326654479,68.69908813829723,68.96854221699033,69.28353243759646,,,,,,,,,,,,,,,,,,67.02885373042555,66.54505190606696,67.89281048524664,68.16847855137522,68.48952966387459,68.77406355835386,69.11858355413919,69.29862312875608,69.20948250194809,,,68.33427731466045,67.03182619779655,68.22228554202219,#000000,1.2339119655544495,68.07032852990741,-0.4986810624134941,33.273414989543106,-7.574526547113564,False,True,False,True,False,0.0,0.0,0.0,0.0,0.0,0,0.9382486708090452,1.0146050861571971,False,False,False,False,-0.09109434901371906,-0.08276808254724932,False,False,False,False,-172705.0,-152451.07853319237,False,False,False,False,4357.5704189769285,False,False,False,False
2025-05-01 19:00:00+00:00,67.51,67.755,67.39,67.69,3266.0,,,,,,,,,,,,,,,68.28536545011157,66.87398370947686,67.03483981805645,67.09516942118589,68.32607135279791,68.40581021855968,68.68458272665602,68.69584526065088,68.96485247026344,69.27982785774506,,,,,,,,,,,,,,,,,,67.03888491300184,66.55526308409938,67.89160766870842,68.16633623052503,68.48663881791701,68.77072403964202,69.11464814235829,69.2947424402077,69.20611775517905,,,68.28536545011157,67.03483981805645,68.21954270406013,#000000,1.2364960665211313,68.06838849770405,-0.3060167419445527,35.3128325708246,-7.574526547113564,False,True,False,True,False,0.37185705299143024,0.0,0.0,0.0,0.0,0,0.9372116863147107,1.007239876986161,False,False,False,False,-0.08394698706091872,-0.08335753480408402,False,False,False,False,-169439.0,-152714.45716058472,False,False,False,False,4340.64684658969,False,False,False,False
2025-05-02 14:00:00+00:00,67.03,67.11,66.78,66.915,1560.0,,,,,,,,,,,,,,,68.24307418709388,66.87439904527939,67.03459257995219,67.09477661023364,68.32373419327924,68.4034082496984,68.68208535130651,68.69334062771163,68.96221938024591,69.27734873787074,,,,,,,,,,,,,,,,,,67.03803782592406,66.5569916188131,67.88965680673716,68.16407750371968,68.48420204708796,68.76820839266539,69.11193261435722,69.29215243282947,69.20383564232115,,,68.24307418709388,67.03459257995219,68.21568809721721,"rgba(239, 83, 80, 0.5)",1.2365088095261365,68.06446716907139,-0.9296069386775275,32.147374334695236,-9.16992682741791,False,True,False,True,False,0.0,0.0,0.0,0.0,0.0,0,0.9284804483505289,1.0098713539676476,False,False,False,False,-0.1301288576574592,-0.10674319623077161,False,False,False,False,-170999.0,-152997.93844491674,False,False,False,False,4297.536042766594,False,False,False,False
2025-05-02 15:00:00+00:00,66.905,66.96,66.655,66.745,2439.0,,,,,,,,,,,,,,,68.17508992025519,66.87347519169657,67.03363639358487,67.0935997230105,68.3197072103281,68.39929077362491,68.67786475746338,68.689109834597,68.95781608155714,69.27323842613737,,,,,,,,,,,,,,,,,,67.03487353379369,66.55861461118951,67.88615115319908,68.16013843111918,68.4800442331092,68.7639719315408,69.10741215456842,69.28786032209374,69.2000441522399,,,68.17508992025519,67.03363639358487,68.20904941237414,"rgba(239, 83, 80, 1.0)",1.236723705005378,68.05757657728805,-1.0613337255327644,29.362587233159314,-12.156004088393587,False,True,False,True,False,0.0,0.0,0.0,0.0,0.0,0,0.923994894703255,1.0148691767709002,False,False,False,False,-0.1403157150035652,-0.12352945561716841,False,False,False,False,-173438.0,-153314.8386240653,False,False,False,False,4268.721530475638,False,False,False,False
2025-05-02 16:00:00+00:00,66.745,66.805,66.58,66.685,930.0,,,,,,,,,,,,,,,68.14911899837033,66.87274143610294,67.03313178721751,67.09301274873776,68.31808078569739,68.39763250060155,68.676178368313,68.68741983788199,68.95606723190781,69.27161392915062,,,,,,,,,,,,,,,,,,67.03322608260906,66.55896767423428,67.88470328653406,68.15853708004751,68.47837400527398,68.76228257962727,69.10562150742322,69.2861644920217,69.19854379130504,,,68.14911899837033,67.03313178721751,68.2063904275293,"rgba(239, 83, 80, 1.0)",1.2367739020065034,68.0547863323831,-1.1075478955052347,27.26669331399398,-14.510390664821713,False,True,False,True,False,0.0,0.0,0.0,0.0,0.0,0,0.9164244655428538,1.0249951559775239,False,False,False,False,-0.14885781958657643,-0.13619363760187242,False,False,False,False,-174368.0,-153641.24422679297,False,False,False,False,4216.95840597214,False,False,False,False
2025-05-02 17:00:00+00:00,66.67,66.79,66.62,66.72,1680.0,,,,,,,,,,,,,,,68.10504827439544,66.87157416341479,67.03227689948753,67.09200913110254,68.31518693377407,68.39468004176506,68.67316983260712,68.68440466854967,68.95294266988505,69.26870722155242,,,,,,,,,,,,,,,,,,67.03046070902336,66.55969729689836,67.88214028755954,68.15569241877142,68.47539836103611,68.75926719875646,69.10242023146675,69.28313021915271,69.19585957622299,,,68.10504827439544,67.03227689948753,68.20179295449586,"rgba(239, 83, 80, 1.0)",1.2354245832508794,68.04996876977701,-1.0765276875722751,26.367441025125153,-15.814069666299218,False,True,False,True,False,0.0,0.0,0.0,0.0,0.0,0,0.9195290137913095,1.0239396304970079,False,False,False,False,-0.1479283065513067,-0.14206097207658958,False,False,False,False,-172688.0,-153936.54276591245,False,False,False,False,4177.625717507456,False,False,False,False
2025-05-02 18:00:00+00:00,66.71,66.88,66.55,66.7,1207.0,,,,,,,,,,,,,,,68.07501593331789,66.87074581728133,67.03166549044141,67.09129132034664,68.31311426021254,68.39256520980953,68.67101402031703,68.68224408298285,68.95070318200094,69.26662295939761,,,,,,,,,,,,,,,,,,67.02850295168149,66.5602171593575,67.88030578809236,68.15365555249464,68.47326667680402,68.75710625536384,69.10012554364367,69.28095464721721,69.19393466731675,,,68.07501593331789,67.03166549044141,68.19858165884628,"rgba(239, 83, 80, 1.0)",1.2358269179666215,68.0466020317044,-1.089636430577217,25.666948580144677,-17.01608553519423,False,True,False,True,False,0.0,0.0,0.0,0.0,0.0,0,0.9204456606724006,1.0172660933020592,False,False,False,False,-0.14718487886978096,-0.14462292547318528,False,False,False,False,-173895.0,-154245.9762114022,False,False,False,False,4131.569504832922,False,False,False,False
2025-05-02 19:00:00+00:00,66.72,66.935,66.695,66.83,5989.0,,,,,,,,,,,,,,,67.95389484229298,66.86948695644968,67.02969156525825,67.0887852760957,68.30360883072743,68.38283062597846,68.66098289012835,68.67218711188059,68.9401991931521,69.25677391651728,,,,,,,,,,,,,,,,,,67.02236852361301,66.5646003365666,67.87213513889083,68.14439681470652,68.4634203136928,68.74702350864872,69.08932538935588,69.27067343865208,69.1848484327531,,,67.95389484229298,67.02969156525825,68.18511753186107,"rgba(239, 83, 80, 0.5)",1.2355075807058773,68.0326601110677,-0.9734137854343151,27.288080977398135,-17.01608553519423,False,True,False,True,False,0.0,0.0,0.0,0.0,0.0,0,0.9190513524108196,1.0196654906572586,False,False,False,False,-0.1397593404328514,-0.14219113295301833,False,False,False,False,-167906.0,-154457.75952595408,False,False,False,False,4160.366876851016,False,False,False,False
2025-05-05 14:00:00+00:00,66.15,66.2,65.84,66.08,2403.0,,,,,,,,,,,,,,,67.88254577845349,66.86131200656206,67.02600214652419,67.08491241267008,68.29784154300383,68.37702603350958,68.65529618778038,68.66649587345977,68.93447386494522,69.25158656031454,,,,,,,,,,,,,,,,,,67.01090708848999,66.56107276042835,67.86648782831105,68.13855124096995,68.45764301837775,68.74138179757708,69.08354110241642,69.26526706946453,69.18002620285549,,,67.88254577845349,67.02600214652419,68.1759142376902,"rgba(255, 0, 0, 1.0)",1.2399616493632362,68.02255448692858,-1.5666246515980198,24.813874057559705,-18.636882620328038,False,True,False,True,False,0.0,0.0,0.0,0.0,0.0,0,0.9149765990639629,1.0209308372334895,False,False,False,False,-0.19928757169703007,-0.17073935232502419,False,False,False,False,-170309.0,-154703.51519221836,False,False,False,False,4133.120878760303,False,False,False,False
2025-05-05 15:00:00+00:00,66.09,66.395,66.085,66.275,1853.0,,,,,,,,,,,,,,,67.83697304660795,66.85671382188607,67.02378261024253,67.08254646329367,68.29382934624606,68.3729732264876,68.6512814287397,68.66247634972879,68.93039609183883,69.247860780998,,,,,,,,,,,,,,,,,,67.0041372897178,66.55947668931806,67.86265870624098,68.1345181573885,68.4535952030357,68.7373870188339,69.07940485123844,69.26138324237318,69.17656775664946,,,67.83697304660795,67.02378261024253,68.16989274109818,"rgba(239, 83, 80, 1.0)",1.2424323825564625,68.01600489520332,-1.4012874419942107,25.640671401199093,-18.636882620328038,False,True,False,True,False,0.0,0.0,0.0,0.0,0.0,0,0.9192465619500753,1.015968193964675,False,False,False,False,-0.18269189569462344,-0.17671562400982382,False,False,False,False,-168456.0,-154916.73201094364,False,False,False,False,4097.770167461694,False,False,False,False
2025-05-05 16:00:00+00:00,66.245,66.245,65.965,65.97,664.0,,,,,,,,,,,,,,,67.8193561375219,66.85456632784229,67.02279369519027,67.08150710234956,68.29226087312067,68.37139383365827,68.6497314014719,68.66092500374062,68.92883355017734,69.24644268301154,,,,,,,,,,,,,,,,,,67.00113025230236,66.55855511744292,67.86112828112218,68.1329304543336,68.45202238768306,68.7358485197006,69.07782535108149,69.25990548194741,69.17524937209954,,,67.8193561375219,67.02279369519027,68.16749504346303,"rgba(255, 0, 0, 1.0)",1.2474824846663173,68.01337248081333,-1.6379969305620377,24.91589722777793,-19.334986311081487,False,True,False,True,False,0.0,0.0,0.0,0.0,0.0,0,0.9146122665957875,1.034686690145525,False,False,False,False,-0.1928632393436204,-0.18478943167672213,False,False,False,False,-169120.0,-155136.93771620034,False,False,False,False,4044.533420679342,False,False,False,False
2025-05-05 17:00:00+00:00,65.985,66.115,65.675,65.81,1816.0,,,,,,,,,,,,,,,67.76780822382446,66.84733695871176,67.01955838306822,67.07813931454055,68.28761187025212,68.3667249027602,68.64518585689429,68.65637691700518,68.92428136104921,69.24233577922801,,,,,,,,,,,,,,,,,,66.99133365193187,66.5550812613644,67.85650803835549,68.12819673862741,68.44738455229057,68.73134647343178,69.07323773612812,69.25562708942442,69.1714259422471,,,67.76780822382446,67.01955838306822,68.16028952900712,"rgba(255, 0, 0, 1.0)",1.2544469259756614,68.0054022801998,-1.7500957870276574,23.834781427337965,-20.80578256277323,False,True,False,True,False,0.0,0.0,0.0,0.0,0.0,0,0.9094357199893537,1.033936651583711,False,False,False,False,-0.20876485840425776,-0.19677714504048993,False,False,False,False,-170936.0,-155381.88441827474,False,False,False,False,4009.982514932375,False,False,False,False
2025-05-05 18:00:00+00:00,65.71,66.155,65.705,66.13,8206.0,,,,,,,,,,,,,,,67.57905023507102,66.82010770492995,67.00678521447003,67.06475949825112,68.26794084932952,68.34692837996937,68.62578200636744,68.63695779155493,68.9047463611085,69.22461150821563,,,,,,,,,,,,,,,,,,66.9539782168279,66.54269314957149,67.83724129935761,68.10826620442903,68.42767858396869,68.7120931548431,69.05350382515542,69.23716445805243,69.15493385331501,,,67.57905023507102,67.00678521447003,68.13185380498885,"rgba(239, 83, 80, 1.0)",1.255459041707495,67.97410269733264,-1.4688672717068978,26.945622876019797,-20.80578256277323,False,True,False,True,True,0.0,0.0,0.0,0.0,0.0,0,0.903925757778075,1.041193750834558,False,False,False,False,-0.20537492438244295,-0.20107603471146646,False,False,False,False,-162730.0,-155495.80869085962,False,False,False,False,4075.0370495845864,False,False,False,False
2025-05-05 19:00:00+00:00,66.16,66.285,66.055,66.155,8597.0,,,,,,,,,,,,,,,67.43702570243588,66.7988518939265,66.99591492876142,67.05324662847516,68.2491923971162,68.32800050183629,68.60703841952171,68.61819305459775,68.88572682811287,69.20720673865861,,,,,,,,,,,,,,,,,,66.92411086501187,66.53411438518067,67.81928740410855,68.08941489169634,68.4087769410408,68.69344362863038,69.03422298614967,69.21903835630603,69.13874989611324,,,67.43702570243588,66.99591492876142,68.10745033935159,"rgba(239, 83, 80, 1.0)",1.2563627503074326,67.94750836312303,-1.4267442764316325,29.303198171653335,-25.833315872477662,False,True,False,True,True,0.0,0.0,0.0,0.0,0.0,0,0.909243810548978,1.0397604951560824,False,False,False,False,-0.18272562553958074,-0.1919008301255236,False,False,False,False,-154133.0,-155474.67987394705,False,False,False,False,4145.145002304205,False,False,False,False
2025-05-06 14:00:00+00:00,65.535,65.905,65.4,65.59,1811.0,,,,,,,,,,,,,,,67.39961974387722,66.79092837704104,66.9922138800049,67.04942515427518,68.24428573695901,68.32308221650123,68.60227195862768,68.61342495423142,68.88097509597236,69.20292721874185,,,,,,,,,,,,,,,,,65.63166666666667,66.91388581392978,66.52981698119329,67.814350869673,68.08440265436066,68.40389853703233,68.68872844388962,69.02944527837265,69.21458519517748,69.13475554883331,,,67.39961974387722,66.9922138800049,67.97723451626803,"rgba(255, 0, 0, 1.0)",1.264651698658019,67.7608367524979,-1.7165491137215625,28.101555731900277,-25.833315872477662,False,True,False,True,True,0.0,0.0,0.0,0.0,0.0,0,0.9031803542673116,1.0362989801395603,False,False,False,False,-0.2205522865761319,-0.20622655835082776,False,False,False,False,-155944.0,-155481.95615497112,False,False,False,False,4108.956707694838,False,False,False,False
2025-05-06 15:00:00+00:00,65.615,65.755,65.495,65.67,1767.0,,,,,,,,,,,,,,,67.36475214844552,66.78335521097492,66.98864405572606,67.04573807778955,68.23953120081552,68.31831549375545,68.59764900506278,68.60880031223859,68.87636402467697,69.19877125666784,,,,,,,,,,,,,,,,,65.63578209427986,66.90412777028774,66.52570179249746,67.8095740075344,68.07954840842595,68.39916940864858,68.68415429893746,69.02480796554119,69.21026095216578,69.13087625833988,,,67.36475214844552,66.98864405572606,67.97129618714058,"rgba(255, 0, 0, 1.0)",1.2696518711338027,67.75407008149449,-1.6414500138793224,28.22918647716114,-25.833315872477662,False,True,False,True,True,0.0,0.0,0.0,0.0,0.0,0,0.9077161952339168,1.0368595152906237,False,False,False,False,-0.17866765987296548,-0.1924471091118966,False,False,False,False,-154177.0,-155461.72427659947,False,False,False,False,4072.647301373988,False,False,False,False
2025-05-06 16:00:00+00:00,65.73,65.75,65.48,65.62,7879.0,,,,,,,,,,,,,,,67.22283682974074,66.7500999995176,66.97268157213789,67.02926055194094,68.21835203520575,68.29708194677751,68.57704854630357,68.58819234407015,68.85581498508752,69.18023660356319,,,,,,,,,,,,,,,,,65.62263637950599,66.86160565373888,66.50733473863092,67.78830073624077,68.0579312586265,68.37810116629683,68.66376920111874,69.00414234246992,69.1909807447124,69.11356799762459,,,67.22283682974074,66.97268157213789,67.94399878166551,"rgba(255, 0, 0, 1.0)",1.2766485614879453,67.72324323551882,-1.6474723733424874,28.070365281641706,-25.833315872477662,False,True,False,True,True,0.0,0.0,0.0,0.0,0.0,0,0.9228613465984733,1.0285854410425284,False,False,False,False,-0.1797680660945111,-0.18610758760320384,False,False,False,False,-162056.0,-155563.9611095204,False,False,False,False,4131.660521507724,False,False,False,False
2025-05-06 17:00:00+00:00,65.615,66.425,65.615,66.4,17078.0,,,,,,,,,,,,,,,67.06180262274015,66.71498730817453,66.95236310858701,67.00774044895482,68.18271617646711,68.26106178110467,68.54118106744463,68.55227982362003,68.81929598437162,69.1465914530858,,,,,,,,,,,,,,,,,65.93626487938789,66.8138431181559,66.49220201082147,67.75449277494461,68.02224863086003,68.342070439758,68.62802664064711,68.96707353756636,69.15598488382345,69.08222915119116,,,67.06180262274015,66.95236310858701,67.92172279208532,"rgba(239, 83, 80, 1.0)",1.2761136877817096,67.69769672250483,-1.0169130971086382,35.44789506103973,-19.28086382182858,False,True,False,True,True,0.0,0.0,0.0,0.0,0.0,0,0.91766603548636,1.0199172452486154,False,False,False,False,-0.11598067412948225,-0.15104413086634305,False,False,False,False,-144978.0,-155399.8376814658,False,False,False,False,4332.378963034736,False,False,False,False
2025-05-06 18:00:00+00:00,66.41,66.41,66.095,66.33,15331.0,,,,,,,,,,,,,,,66.96902280738342,66.69331063454078,66.9378008131227,66.99211676770388,68.1537563374656,68.23168945968324,68.51159418139184,68.52264507509587,68.7889155467655,69.11831548077586,,,,,,,,,,,,,,,,,66.05581650177055,66.78354436919896,66.48443895284142,67.72769777850921,67.9935026918889,68.3125837002188,68.5984513981879,68.93612215964197,69.12659213870963,69.05589153014805,,,66.96902280738342,66.9378008131227,67.89969041625221,"rgba(239, 83, 80, 1.0)",1.275987227759391,67.67410609415592,-1.0533852258977097,39.85721330906592,-15.341061906669637,False,True,False,True,True,0.0,0.0,0.0,0.0,0.0,0,0.9312756038988562,1.012007345670293,False,False,False,False,-0.07395030277243046,-0.11249721681938676,False,False,False,False,-160309.0,-155475.94872516402,False,False,False,False,4502.900219421795,False,False,False,False
2025-05-06 19:00:00+00:00,66.33,66.585,66.265,66.49,24643.0,,,,,,,,,,,,,,,66.88549205947498,66.67508396557409,66.92131736835488,66.97396201215763,68.11302456943139,68.19017287441544,68.46908928760364,68.4800496186045,68.7447499003366,69.07664064842413,,,,,,,,,,,,,,,,,66.19640709006603,66.75546097083524,66.48235659929234,67.69138052047704,67.95357617914901,68.27069215531394,68.55577968497683,68.8908953373674,69.08330336044614,69.01708176376984,,,66.88549205947498,66.92131736835488,67.87132579830356,"rgba(239, 83, 80, 0.5)",1.2749986115518521,67.64537762507842,-0.9061795162836868,44.03786069805486,-11.671038700985214,False,False,False,True,True,0.0,0.0,0.0,0.0,0.0,0,0.9395487441464458,1.000851426138783,False,False,False,False,-0.05246349965762735,-0.08248035823850705,False,False,False,False,-135666.0,-155168.81773717699,False,False,False,False,4815.149828423007,False,False,False,False
2025-05-07 14:00:00+00:00,67.055,67.255,66.965,67.14,1277.0,,,,,,,,,,,,,,,66.88741936487301,66.67678124075792,66.9216623137964,66.97421346128004,68.11179826699079,68.18888460705763,68.46765178336253,68.47860507386504,68.74316387091645,69.07506030319627,,,,,,,,,,,,,,,,,66.2133077312546,66.75702897305914,66.48417302427194,67.69054233801022,67.95246270738362,68.26935498861299,68.55430574324367,68.88922972760972,69.08166135735794,69.01562066937102,,,66.88741936487301,66.9216623137964,67.87164637731354,#000000,1.2732368130012874,67.64595105890933,-0.3973738850015645,50.775784036401326,-5.705351197826673,False,False,True,False,True,0.0,0.0,0.0,0.0,0.0,0,0.9383822699040095,0.996612083568606,False,False,False,False,0.04077702370831357,-0.02085166726509674,False,False,False,False,-134389.0,-154846.6500203215,False,False,False,False,4760.294792323425,False,False,False,False
2025-05-07 15:00:00+00:00,67.205,67.285,66.93,66.97,2455.0,,,,,,,,,,,,,,,66.8901296282217,66.67958340005889,66.92212805589998,66.974501987588,68.10931105907865,68.18628195180641,68.464777556557,68.47571770726118,68.74001418527921,69.07193885335273,,,,,,,,,,,,,,,,,66.2421379133733,66.75952742143826,66.48731842145939,67.68877379560038,67.95018100522402,68.26666300305101,68.55136571399686,68.8859311344022,69.07841871042254,69.0127318219895,,,66.8901296282217,66.92212805589998,67.87187166630306,"rgba(239, 83, 80, 0.5)",1.2711682149229209,67.64661777043233,-0.532280277691932,53.80575983746229,-3.213358502022963,False,False,True,False,True,0.0,0.0,0.0,0.0,0.0,0,0.9420413381632224,0.9973719724412253,False,False,False,False,0.055496897255767036,0.017322614995335148,False,False,False,False,-136844.0,-154567.53916729326,False,False,False,False,4724.553787791278,False,False,False,False
2025-05-07 16:00:00+00:00,66.975,67.15,66.9,67.115,5311.0,,,,,,,,,,,,,,,66.89549672994293,66.68540460264765,66.92307745276894,66.97507245516253,68.10393650584922,68.18065930860826,68.45857030582238,68.46948217914485,68.73321364974039,69.06519681753639,,,,,,,,,,,,,,,,,66.29780521456571,66.76467841344137,66.49392947306717,67.68494135344221,67.94524794451752,68.26084819607918,68.54501660537682,68.8788098104681,69.07141618946586,69.00649014299262,,,66.89549672994293,66.92307745276894,67.87196466753201,#000000,1.269178399914885,67.64764544557676,-0.4196773642007165,56.64815397619016,-0.7187482309531177,True,False,True,False,True,0.0,0.0,0.0,0.0,0.0,0,0.9487876403690729,0.9908447178313431,False,False,False,False,0.04457950047294294,0.030951057734139045,False,False,False,False,-131533.0,-154210.41452904066,False,False,False,False,4733.645977127848,False,False,False,False
2025-05-07 17:00:00+00:00,67.07,67.185,66.915,67.01,6975.0,,,,,,,,,,,,,,,66.90128469568897,66.69241500900362,66.92413345089086,66.97564043156832,68.09683880154724,68.17324048195934,68.45039540124529,68.46127058467796,68.72426870821576,69.05633045850782,,,,,,,,,,,,,,,,,66.3587745927337,66.7707662176241,66.50210529138583,67.6798335647157,67.93871956313693,68.2531809644561,68.53665804121465,68.86944784020734,69.0622100380617,68.9982766328211,,,66.90128469568897,66.92413345089086,67.87128953848313,"rgba(239, 83, 80, 0.5)",1.2527391717481071,67.6481425931684,-0.5093978120584467,57.55215599719139,0.16694800093259232,True,False,True,False,True,0.0,0.0,0.0,0.0,0.0,0,0.9436195394878422,0.9916792195681808,False,False,False,False,0.04788656215622244,0.03941880994518074,False,False,False,False,-138508.0,-153966.9662417687,False,False,False,False,4768.39565190106,False,False,False,False
2025-05-07 18:00:00+00:00,67.08,67.295,66.86,67.04,4760.0,,,,,,,,,,,,,,67.065,66.90574075662447,66.69742140157928,66.92502152670994,66.97619924878214,68.09217702232104,68.16835743435085,68.44498102561828,68.45583089295681,68.71831988252164,69.05040834904129,,,,,,,,,,,,,,,,,66.39642433948953,66.77519293942629,66.50783311563981,67.67654531157946,67.93445620139025,68.24812404794751,68.53111357264858,68.86321124819867,69.05606230857161,68.9927910321867,,,66.90574075662447,66.92502152670994,67.83243865036115,#000000,1.2328728699720908,67.55704879263749,-0.4193853277420133,58.35935242264327,1.177117398655696,True,False,True,False,True,0.0,0.0,0.0,0.0,0.0,0,0.9412651683779713,0.9922452789545493,False,False,False,False,0.05597644148946543,0.04769762571732308,False,False,False,False,-133748.0,-153653.49389693508,False,False,False,False,4768.2654867553065,False,False,False,False
2025-05-07 19:00:00+00:00,67.05,67.13,66.73,66.86,3528.0,,,,,,,,,,,,,,66.99760135135135,66.90575906619586,66.69948475209812,66.92493615965711,66.97587845171651,68.08822048761381,68.16425052113989,68.44053793494153,68.45137051612049,68.71351858403978,69.04569346578599,,,,,,,,,,,,,,,,,66.41581921025697,66.77664282692638,66.5108185854634,67.67350559250565,67.9307524818008,68.24390578266609,68.52659012949043,68.85821201641619,69.05116971319353,68.98841299329062,,,66.90575906619586,66.92493615965711,67.8277657439367,"rgba(239, 83, 80, 0.5)",1.2054633216400787,67.5528488090526,-0.5747572710134048,57.04855723745601,1.177117398655696,True,False,True,False,True,0.0,0.0,0.0,0.0,0.0,0,0.9571543467134609,0.9925422241719681,False,False,False,False,0.03623739375855531,0.041967509737939196,False,False,False,False,-137276.0,-153399.57926287406,False,False,False,False,4749.03656448003,False,False,False,False
2025-05-08 14:00:00+00:00,66.95,66.95,66.6,66.73,1301.0,,,,,,,,,,,,,,66.96536448013349,66.90470385786068,66.69970400963207,66.92465376297388,66.9755117931887,68.08658783285838,68.16256693664641,68.43874990493029,68.44957660591781,68.7116112547836,69.04384115819398,,,,,,,,,,,,,,,,,66.42057694759659,66.77657541937123,66.51150452873253,67.67217746663863,67.92919876816737,68.24218704836991,68.5247779450226,68.85623685498341,69.049248106422,68.98668974502847,,,66.90470385786068,66.92465376297388,67.82533544892628,"rgba(239, 83, 80, 0.5)",1.1726799521907025,67.55051276979415,-0.6996902848567812,54.90666634955772,1.177117398655696,True,False,True,False,False,0.0,0.0,0.0,0.0,0.0,0,0.9610256410256413,0.9722344322344327,False,False,False,False,0.01552476062440237,0.028746135181170782,False,False,False,False,-138577.0,-153169.7718324419,False,False,False,False,4695.578633247782,False,False,False,False
2025-05-08 15:00:00+00:00,66.73,66.825,66.47,66.585,946.0,,,,,,,,,,,,,,66.93495079892422,66.90324793208494,66.69951209598644,66.92428324040557,66.97508150148404,68.08528412755949,68.16122914420455,68.43734908404583,68.44817183278876,68.71013211824149,69.04241764622145,,,,,,,,,,,,,,,,,66.42262782885557,66.7761352243133,66.51173458161409,67.67107335875582,67.92794305837783,68.2408275988443,68.52336319961003,68.85471178052688,69.04777160213054,68.98536345616525,,,66.90324793208494,66.92428324040557,67.82301005767337,"rgba(239, 83, 80, 0.5)",1.1375049430640816,67.54819904899841,-0.8467647150647652,52.118145653056345,1.177117398655696,True,False,False,False,False,0.0,0.0,0.0,0.0,0.0,0,0.9607626619552417,0.9750441696113079,False,False,False,False,-0.001502283952556393,0.013621925614307195,False,False,False,False,-139523.0,-152958.1939745746,False,False,False,False,4637.445631181925,False,False,False,False
2025-05-08 16:00:00+00:00,66.6,66.815,66.355,66.435,3497.0,,,,,,,,,,,,,,66.83527662960852,66.89625507274708,66.69792951786235,66.92250210976538,66.973083976692,68.0801833715795,68.15600980097025,68.43192832775165,68.44273727713976,68.70444271870755,69.03697086582363,,,,,,,,,,,,,,,,,66.42661493792212,66.77354585178314,66.51190512624332,67.6666556023949,67.92299660699457,68.23553777238226,68.51789981352127,68.84886102884926,69.04212305866375,68.98028355110905,,,66.89625507274708,66.92250210976538,67.81446395326245,"rgba(239, 83, 80, 1.0)",1.1003890507737673,67.53962849454399,-1.0038526771665346,48.92824554170005,5.402370272948936,False,False,False,True,False,0.0,0.0,0.0,0.0,0.0,0,0.9686283318358793,0.9647349505840078,False,False,False,False,-0.009848579816324622,0.0018866728989912866,False,False,False,False,-143020.0,-152804.113447837,False,False,False,False,4619.7643035667015,False,False,False,False
2025-05-08 17:00:00+00:00,66.39,66.46,65.935,66.14,2165.0,,,,,,,,,,,,,,66.74746516844684,66.88791292532342,66.69485330270585,66.92040009715562,66.9708569084603,68.07631722747199,68.15208796389162,68.42795968206583,68.43876203905745,68.70035865505103,69.03313157618301,,,,,,,,,,,,,,,,,66.4212782785963,66.76961496498618,66.5103981295995,67.6630811431728,67.91916941253872,68.23159580500369,68.513926748374,68.8446975211337,69.03814306054116,68.97669192828226,,,66.88791292532342,66.92040009715562,67.80660488276388,"rgba(239, 83, 80, 1.0)",1.0791880498071595,67.53145546634417,-1.2893540348160906,44.539110624262506,1.1718230264246046,False,False,False,True,False,0.0,0.0,0.0,0.0,0.0,0,0.9794712521778655,0.9625785925308695,False,False,False,False,-0.06167139607843846,-0.02989236158972359,False,False,False,False,-145185.0,-152685.98765794805,False,False,False,False,4581.705942271094,False,False,False,False
2025-05-08 18:00:00+00:00,66.14,66.395,66.075,66.165,1919.0,,,,,,,,,,,,,,66.69070885773165,66.8810189051449,66.69233092766488,66.91863007833292,66.96897589044399,68.07296344825752,68.14868321797249,68.42450559456536,68.43530192935555,68.69679737063394,69.02977677476972,,,,,,,,,,,,,,,,,66.41735940752577,66.76636787245783,66.50920665337875,67.65999796688342,67.91585578438361,68.22817087437143,68.5104664900263,68.84106393408592,69.03466554147552,68.97355392546777,,,66.8810189051449,66.91863007833292,67.80078102118712,"rgba(239, 83, 80, 1.0)",1.059925129091209,67.52542923451722,-1.2835144645392633,41.93381483220868,-1.3367555731258634,False,False,False,True,False,0.0,0.0,0.0,0.0,0.0,0,0.9833142857142859,0.9532952380952385,False,False,False,False,-0.05664625262231323,-0.04326930710601841,False,False,False,False,-143266.0,-152539.9413376698,False,False,False,False,4540.423679600224,False,False,False,False
2025-05-08 19:00:00+00:00,66.185,66.39,65.87,65.88,3640.0,,,,,,,,,,,,,,66.58295405098977,66.86519091992481,66.68600027205824,66.91451889204221,66.9646616034406,68.0660739540278,68.14171040240828,68.41749696614879,68.42828334821328,68.68962352557091,69.0230638858167,,,,,,,,,,,,,,,,,66.40466385342279,66.75850988255714,66.50573363670182,67.6535234036923,67.90900048698816,68.22117722948974,68.50346243409133,68.83376837051307,69.02770859518668,68.96726679122276,,,66.86519091992481,66.91451889204221,67.78878059545272,"rgba(255, 0, 0, 1.0)",1.0509273039549103,67.51287624697243,-1.553748047869244,38.22407616469023,-4.882798554476942,False,True,False,True,False,0.0,0.0,0.0,0.0,0.0,0,0.97979797979798,0.9842960858585862,False,False,False,False,-0.07072467117180731,-0.05699698913891286,False,False,False,False,-146906.0,-152452.59340995396,False,False,False,False,4526.463622552158,False,False,False,False
2025-05-09 14:00:00+00:00,66.045,66.395,65.745,66.205,934.0,,,,,,,,,,,,,,66.56369142059644,66.86155692245988,66.68456731725139,66.91355280106845,66.9636430049947,68.06437326549128,68.1399867895173,68.41575689571653,68.42654055245093,68.68783645224795,69.02138570434997,,,,,,,,,,,,,,,,,66.40214050321622,66.75671206782404,66.50498227691388,67.65194073675941,67.90731380736149,68.21944609495746,68.5017214635712,68.83194826083465,69.02596950794248,68.96569554925776,,,66.86155692245988,66.91355280106845,67.78622673308493,"rgba(239, 83, 80, 1.0)",1.0283276767696923,67.51022367829157,-1.26926825736296,39.70281129327044,-4.882798554476942,False,False,False,True,False,0.0,0.0,0.0,0.0,0.0,0,0.9520000000000002,0.9798019801980203,False,False,False,False,-0.07878170908222816,-0.06788934911057051,False,False,False,False,-145972.0,-152352.11909352057,False,False,False,False,4470.766512124993,False,False,False,False
2025-05-09 15:00:00+00:00,66.15,66.265,66.025,66.065,581.0,,,,,,,,,,,,,,66.5525723002879,66.85932409652884,66.6836847578909,66.9129555193297,66.96301309519993,68.0633186439571,68.1389178470942,68.41467736756844,68.42545932209264,68.68672748283797,69.02034395501636,,,,,,,,,,,,,,,,,66.40061086476558,66.75560456896696,66.50452032789492,67.65096000315525,67.90626814619569,68.21837237127883,68.50064127356077,68.83081866780154,69.02488998374751,68.9647201641917,,,66.85932409652884,66.9129555193297,67.78468575044585,"rgba(239, 83, 80, 1.0)",1.0096996922195294,67.50862462252591,-1.4297564252520771,39.59843107054362,-4.882798554476942,False,False,False,True,False,0.0,0.0,0.0,0.0,0.0,0,0.9486910994764399,0.9950865888038669,False,False,False,False,-0.0687118838288489,-0.0683006164697097,False,False,False,False,-146553.0,-152262.2102703652,False,False,False,False,4410.460054572667,False,False,False,False
2025-05-09 16:00:00+00:00,66.03,66.29,65.985,66.025,761.0,,,,,,,,,,,,,,66.53824109520639,66.85634787333765,66.68249557364172,66.91215653088433,66.96217157460701,68.06192601302507,68.13750675557282,68.41325364726039,68.4240334048303,68.68526603209673,69.01897197807928,,,,,,,,,,,,,,,,,66.39850357869915,66.7541181897447,66.50388828434846,67.64966198023146,67.90488635072793,68.21695539232013,68.49921703268858,68.82933054611523,69.02346831232927,68.96343538262884,,,66.85634787333765,66.91215653088433,67.78265883468454,"rgba(239, 83, 80, 1.0)",0.98836295627319,67.5065187816068,-1.4989622711004287,39.21306888330463,-4.882798554476942,False,False,False,True,False,0.0,0.0,0.0,0.0,0.0,0,0.9590815908159083,0.9931119311193116,False,False,False,False,-0.0697182070019222,-0.06900941173581596,False,False,False,False,-147314.0,-152185.49383206497,False,False,False,False,4353.8792785327805,False,False,False,False
2025-05-09 17:00:00+00:00,66.005,66.245,65.93,66.12,539.0,,,,,,,,,,,,,,66.52859108976708,66.85424933955852,66.68165382555512,66.91159041456193,66.96157538546902,68.06094000006208,68.1365076741279,68.41224558998216,68.4230237920926,68.6842312498021,69.01800046141494,,,,,,,,,,,,,,,,,66.39702058393983,66.75306681796683,66.50343997260016,67.64874294465264,67.90390803032888,68.21595213349167,68.4982085952661,68.82827687916699,69.02246163513578,68.96252556706486,,,66.85424933955852,66.91159041456193,67.78124818961939,"rgba(239, 83, 80, 1.0)",0.9957175510360283,67.50505370817234,-1.3910106402475375,40.195090909231794,-4.882798554476942,False,False,False,True,False,0.0,0.0,0.0,0.0,0.0,0,0.9712724563291666,0.9805447470817126,False,False,False,False,-0.07643073138607914,-0.07272007156094755,False,False,False,False,-146775.0,-152101.61020676163,False,False,False,False,4294.73386336173,False,False,False,False
2025-05-09 18:00:00+00:00,66.12,66.295,65.94,66.11,915.0,,,,,,,,,,,,,,66.5137423160428,66.85079133607351,66.6802710943514,66.91065084169398,66.96058468795697,68.05928261682355,68.13482773559538,68.4105486440986,68.42132416442122,68.68248781954158,69.01636211139297,,,,,,,,,,,,,,,,,66.39467496265593,66.75133495692825,66.50271240652681,67.64720203606203,67.90226497695464,68.21426457433347,68.49651049762072,68.8265009559249,69.02076402878767,68.96099137696683,,,66.85079133607351,66.91065084169398,67.7789568638454,"rgba(239, 83, 80, 1.0)",1.0015480899968405,67.50267923765503,-1.390526577370263,40.75000428892628,-4.882798554476942,False,False,False,True,True,0.0,0.0,0.0,0.0,0.0,0,0.9697399133044349,0.9815771923974662,False,False,False,False,-0.07240243040177351,-0.07256125098136053,False,False,False,False,-147690.0,-152033.21314929245,False,False,False,False,4242.334888735967,False,False,False,False
2025-05-09 19:00:00+00:00,66.095,66.14,65.89,66.04,2954.0,,,,,,,,,,,,,,66.46280461790906,66.83848127201243,66.67513626934227,66.9072848485082,66.95705705634921,68.0536997493948,68.12917792729544,68.40486918355695,68.41563669389564,68.67667503849833,69.01091872315804,,,,,,,,,,,,,,,,,66.38496466519722,66.74501113509336,66.49983103848442,67.64195204876002,67.89671005228622,68.20859779569214,68.4908344326886,68.8205900805338,69.0151244889523,68.95589046976654,,,66.83848127201243,66.9072848485082,67.77101178987499,"rgba(239, 83, 80, 1.0)",1.0035367098057102,67.49438707865582,-1.449261461434121,40.38115563054686,-4.882798554476942,False,False,False,True,True,0.0,0.0,0.0,0.0,0.0,0,0.9685969947661658,0.9903764983960834,False,False,False,False,-0.08617627943294988,-0.0793687652071552,False,False,False,False,-150644.0,-152011.67496093133,False,False,False,False,4222.360704414478,False,False,False,False
2025-05-12 14:00:00+00:00,65.61,65.905,65.42,65.725,5975.0,,,,,,,,,,,,,,66.32747580996659,66.80473672245118,66.65970001970982,66.89796505651093,66.94743348983775,68.04062506808312,68.11601186459556,68.39183535278966,68.40259153101852,68.66349829420264,68.99872264022935,,,,,,,,,,,,,,,,,66.34971851826941,66.72667942045402,66.49002363778669,67.62922716274097,67.88355293815671,68.19545536633007,68.47786180112332,68.80726616588845,69.00249312937832,68.94443697026139,,,66.80473672245118,66.89796505651093,67.75034814094211,"rgba(255, 0, 0, 1.0)",1.0111653610498774,67.47240228116665,-1.7281073387960564,37.34190613523654,-7.95502980371684,False,True,False,True,False,0.0,0.0,0.0,0.0,0.0,0,0.961623178583531,0.9857675364283296,False,False,False,False,-0.1338281762018557,-0.10659847070450545,False,False,False,False,-156619.0,-152083.1063568859,False,False,False,False,4249.533406671619,False,False,False,False
2025-05-12 15:00:00+00:00,65.735,65.895,65.325,65.515,7535.0,,,,,,,,,,,,,,66.19291589193485,66.76116213675859,66.63888421239972,66.88541372924979,66.93451169113786,68.02361562958482,68.09890104643915,68.37494512333734,68.38568854997682,68.64646607202995,68.98298609724557,,,,,,,,,,,,,,,,,66.30376243638501,66.7022072058058,66.47641976897776,67.61256049427185,67.86640075251792,68.178390728855,68.46106380276805,68.7900646652696,68.986200158208,68.92964550511394,,,66.76116213675859,66.88541372924979,67.72534312848893,"rgba(255, 0, 0, 1.0)",1.0219023639473497,67.44571284116974,-1.8893320040007366,33.88967009628735,-11.367632687027204,False,True,False,True,False,0.0,0.0,0.0,0.0,0.0,0,0.9674741656784686,0.9739115703879387,False,False,False,False,-0.14097201391197944,-0.12378524230824245,False,False,False,False,-164154.0,-152270.25199476362,False,False,False,False,4300.47087323485,False,False,False,False
2025-05-12 16:00:00+00:00,65.49,65.67,65.32,65.445,9594.0,,,,,,,,,,,,,,66.05990904211289,66.70563959590856,66.61112003115294,66.86857751476339,66.91722026252515,68.0014234635903,68.07659444431623,68.35297218853064,68.36370101582594,68.62435190109673,68.96257536594607,,,,,,,,,,,,,,,,,66.24556365181904,66.66987566428944,66.45781064467796,67.59070341718943,67.84398903402152,68.15615907040926,68.43922298791091,68.76775243456369,68.96507584492817,68.91044284892159,,,66.70563959590856,66.86857751476339,67.69479430592855,"rgba(255, 0, 0, 1.0)",1.034758861233205,67.41304274492578,-1.9019336955281618,31.14911538523381,-13.998474596033951,False,True,False,True,False,0.0,0.0,0.0,0.0,0.0,0,0.9780728051391863,0.969079229122056,False,False,False,False,-0.15667155104816957,-0.14022839667820602,False,False,False,False,-173748.0,-152603.24033593005,False,False,False,False,4382.541092254464,False,False,False,False
2025-05-12 17:00:00+00:00,65.45,65.655,65.345,65.43,24396.0,,,,,,,,,,,,,,65.87254031691687,66.58379216078332,66.54606525271802,66.82747777504778,66.87499764119964,67.94666153964238,68.02151136262971,68.29854019636892,68.30922858535718,68.56945641930041,68.91170509153994,,,,,,,,,,,,,,,,,66.12866727530688,66.59476709773301,66.41339945413694,67.53704747230627,67.78881147101129,68.10120861518644,68.38506927200639,68.71231939291253,68.91246371126697,68.86253941944697,,,66.58379216078332,66.82747777504778,67.6284890248961,"rgba(255, 0, 0, 1.0)",1.051929171561335,67.34260043059278,-1.8181836594130965,29.222570552999812,-15.856245152483893,False,True,False,True,False,0.0,0.0,0.0,0.0,0.0,0,0.98555768226901,0.9725943970767361,False,False,False,False,-0.1934882685626957,-0.16685833262045086,False,False,False,False,-198144.0,-153309.2986252955,False,False,False,False,4692.827276870675,False,False,False,False
2025-05-12 18:00:00+00:00,65.39,65.495,65.2,65.36,2564.0,,,,,,,,,,,,,,65.85552818964638,66.57108564671434,66.53890989006022,66.82291202477552,66.87031949627983,67.94075944516341,68.0155797007891,68.29269071736357,68.30337532708113,68.56356924269484,68.90625333346073,,,,,,,,,,,,,,,,,66.1164473321025,66.5865972325464,66.40837240494626,67.53123347406638,67.78285590182632,68.09529513071915,68.37925282796205,68.70638078815536,68.90682840850147,68.85739930474462,,,66.57108564671434,66.82291202477552,67.62150694379046,"rgba(255, 0, 0, 1.0)",1.0705909078128875,67.33517798217791,-1.8449418613249822,27.451577332819106,-17.602970885925387,False,True,False,True,False,0.0,0.0,0.0,0.0,0.0,0,0.9626799360227476,0.9998222854096326,False,False,False,False,-0.2163135417799116,-0.19158593720018124,False,False,False,False,-200708.0,-154044.1622125002,False,False,False,False,4659.822202810664,False,False,False,False
2025-05-12 19:00:00+00:00,65.38,65.52,65.045,65.185,6390.0,,,,,,,,,,,,,,65.80994987867223,66.53798287166296,66.51994931112858,66.81087738750227,66.85801251161895,67.92559339091987,68.00035105263939,68.27771273915867,68.28838917692056,68.54852907930585,68.89235231311218,,,,,,,,,,,,,,,,,66.08376780328295,66.56505769780422,66.39486306015937,67.51620792459194,67.76752391692942,68.0801256169602,68.36437016773195,68.69122575861124,68.89246201024315,68.84428476539362,,,66.53798287166296,66.81087738750227,67.60331373496903,"rgba(255, 0, 0, 1.0)",1.0932879783494045,67.31577897450703,-1.9489640576895166,25.160709289002718,-19.847039005097262,False,True,False,True,False,0.0,0.0,0.0,0.0,0.0,0,0.9551609721101249,0.9948883508205548,False,False,False,False,-0.226108878437164,-0.20884740781867261,False,False,False,False,-207098.0,-154866.70233323664,False,False,False,False,4686.646664782592,False,False,False,False
2025-05-13 14:00:00+00:00,64.725,64.86,64.465,64.795,5125.0,,,,,,,,,,,,,,65.74713728953517,66.50190437749785,66.49880499817596,66.79804362779517,66.84498634449521,67.91110757339202,67.98586879157286,68.26366932879684,68.27434524806849,68.53459387993038,68.87962760787093,,,,,,,,,,,,,,,,,66.04333351475638,66.5413445829028,66.3792186669367,67.50144403270995,67.75273553597204,68.0657621361562,68.35047102623244,68.67726259235731,68.87931436282638,68.83225553669679,,,66.50190437749785,66.79804362779517,67.58396338355607,"rgba(255, 26, 202, 1.0)",1.124359785801522,67.29480139157045,-2.22331092159118,21.857872842661152,-22.98932992326818,False,True,False,True,False,0.0,0.0,0.0,0.0,0.0,0,0.9437438511761026,0.9955281280744125,False,False,False,False,-0.3220259921962237,-0.2654367000074481,False,False,False,False,-212223.0,-155755.94725830274,False,False,False,False,4693.442840522396,False,False,False,False
2025-05-13 15:00:00+00:00,64.795,64.86,64.345,64.42,13900.0,,,,,,,,,,,,,,65.58589592214449,66.40247653939862,66.4388054330877,66.76132622328365,66.80777224755508,67.87047802131386,67.9452791303121,68.22438972265432,68.23506772574088,68.49569544432576,68.84415268009862,,,,,,,,,,,,,,,,,65.93256879070574,66.47445526156412,66.33416648734203,67.45985302948506,67.7112024554168,68.02553062122333,68.31161699925458,68.63832631278781,68.8426738823412,68.79868840923935,,,66.40247653939862,66.76132622328365,67.53049625425119,"rgba(255, 26, 202, 1.0)",1.1643409108832619,67.23677846224749,-2.419204234703643,18.543838976829804,-26.075323153850007,False,True,False,True,False,0.0,0.0,0.0,0.0,0.0,0,0.9361721201255044,1.0021515015688038,False,False,False,False,-0.3315925871267661,-0.2985146435671071,False,False,False,False,-226123.0,-156846.90931631354,False,False,False,False,4836.180160824374,False,False,False,False
2025-05-13 16:00:00+00:00,64.43,64.725,64.395,64.64,17150.0,,,,,,,,,,,,,,65.4443503429174,66.29553250844522,66.37130207038324,66.71852385980215,66.76436126999539,67.82233891335463,67.89714349882958,68.17763225176567,68.18830785968817,68.44926850975932,68.80162434075997,,,,,,,,,,,,,,,,,65.82029899252257,66.39963217739978,66.28285672462557,67.41088773574153,67.66212259084622,67.97776575936682,68.2653165556197,68.59180169232062,68.79877477213601,68.75841993131398,,,66.29553250844522,66.71852385980215,67.47134582655207,"rgba(255, 26, 202, 1.0)",1.1957600583381331,67.17300633373699,-2.1183232506171543,20.038744845219853,-26.075323153850007,False,True,False,True,False,0.0,0.0,0.0,0.0,0.0,0,0.9313114902066973,1.011102085025725,False,False,False,False,-0.33840444097409583,-0.31845954227060147,False,False,False,False,-208973.0,-157655.06576102186,False,False,False,False,5027.0920963154695,False,False,False,False
2025-05-13 17:00:00+00:00,64.635,64.68,64.415,64.43,11286.0,,,,,,,,,,,,,,65.36453554203972,66.22884866177154,66.32766656013125,66.69026250076476,66.73571286104182,67.79067391990225,67.86548042526377,68.14685553201295,68.15752961622722,68.41870556729829,68.7735864124235,,,,,,,,,,,,,,,,,65.75202756183856,66.3515553480892,66.24921881560958,67.37869652278103,67.62985547167025,67.94634068933522,68.23483466723407,68.56117602561196,68.76984844348436,68.73184791383908,,,66.22884866177154,66.69026250076476,67.43358376468431,"rgba(255, 26, 202, 1.0)",1.2281328646905512,67.1324145718988,-2.2004252549496903,20.119465685425787,-26.075323153850007,False,True,False,True,False,0.0,0.0,0.0,0.0,0.0,0,0.9309875759499411,1.0089779631812827,False,False,False,False,-0.3404136740794438,-0.3294366081750226,False,False,False,False,-220259.0,-158625.66939263392,False,False,False,False,5124.12942815554,False,False,False,False
2025-05-13 18:00:00+00:00,64.43,64.555,64.315,64.46,5331.0,,,,,,,,,,,,,,65.32886794348494,66.19792489690545,66.30704686279095,66.67677268156002,66.72204457791348,67.77563422544921,67.85044344482537,68.13224030462025,68.14291389859147,68.40419600557668,68.7602696126645,,,,,,,,,,,,,,,,,65.72063133870057,66.32891466286232,66.23319246090868,67.36339910096173,67.61452980730913,67.93141709747043,68.22035957792282,68.546639556741,68.75611380203911,68.71922029099814,,,66.19792489690545,66.67677268156002,67.41584629287127,"rgba(255, 26, 202, 1.0)",1.2547159579501688,67.11337002222818,-2.1147176820505273,20.67324633103109,-26.075323153850007,False,True,False,True,True,0.0,0.0,0.0,0.0,0.0,0,0.9289538154432448,1.0068051900916435,False,False,False,False,-0.34282825441539394,-0.3361324312952083,False,False,False,False,-214928.0,-159498.57374313573,False,False,False,False,5127.336723843051,False,False,False,False
2025-05-13 19:00:00+00:00,64.455,64.86,64.375,64.75,4036.0,,,,,,,,,,,,,,65.3098671930493,66.17804207659387,66.29352768673274,66.66765493301703,66.71278564848733,67.76507770276982,67.83987073734026,68.12190225130139,68.13257341822393,68.39388298754845,68.75074921819048,,,,,,,,,,,,,,,,,65.70174072960913,66.31407173223806,66.22270427480451,67.35278138543941,67.60381684241811,67.92090496309609,68.21010330500805,68.53628430890826,68.74629690300418,68.71019514192112,,,66.17804207659387,66.66765493301703,67.40403968760484,"rgba(255, 0, 0, 1.0)",1.272038100029866,67.1008095715326,-1.848065377505123,25.471115375112678,-29.685013121484793,False,True,False,True,True,0.0,0.0,0.0,0.0,0.0,0,0.9274940941304743,1.0089950935853178,False,False,False,False,-0.31430126854841306,-0.32521684992181066,False,False,False,False,-210892.0,-160295.3710494437,False,False,False,False,5110.416774636182,False,False,False,False
2025-05-14 14:00:00+00:00,64.49,64.685,64.265,64.395,1949.0,,,,,,,,,,,,,,65.29817986928468,66.16729868097761,66.2862353453281,66.66281629941687,66.70788225981167,67.75965683150378,67.83444917331359,68.11662555486193,68.12729635919882,68.38863960885173,68.74592857167492,,,,,,,,,,,,,,,,,65.69103559189827,66.30608502435406,66.21700412124288,67.34727977769782,67.59829819366297,67.9155220859897,68.20487515589909,68.53102921819301,68.74132640475325,68.70562232378693,,,66.16729868097761,66.66281629941687,67.39776602150961,"rgba(255, 26, 202, 1.0)",1.2978663085829014,67.09409331856837,-2.079638943332635,26.453773972899718,-28.666448495280648,False,True,False,True,True,0.0,0.0,0.0,0.0,0.0,0,0.9163722025912838,1.0149497145963582,False,False,False,False,-0.33653110206358583,-0.33087397599269824,False,False,False,False,-212841.0,-161110.0319634058,False,False,False,False,5061.402561075931,False,False,False,False
2025-05-14 15:00:00+00:00,64.395,64.585,64.075,64.275,5256.0,,,,,,,,,,,,,,65.26336339280317,66.13672907609805,66.26541267150198,66.64907333905694,66.69397076317942,67.74452621423903,67.81932787306073,68.10194344865556,68.11261455387475,68.37408061361573,68.73257038608747,,,,,,,,,,,,,,,,,65.6599803815741,66.28332398949378,66.20063929787291,67.33185200889069,67.58286990048813,67.90051962747292,68.1903379072964,68.51645242713509,68.72755435029075,68.69294496086667,,,66.13672907609805,66.64907333905694,67.38000415159783,"rgba(255, 26, 202, 1.0)",1.3260616076891107,67.07502628421884,-2.111535593808764,26.47187715001608,-28.42236687896176,False,True,False,True,True,0.0,0.0,0.0,0.0,0.0,0,0.913487615259447,1.0173567166877606,False,False,False,False,-0.34282825441539394,-0.3368511152040461,False,False,False,False,-218097.0,-161993.5508476941,False,False,False,False,5064.419575632893,False,False,False,False
2025-05-14 16:00:00+00:00,64.275,64.39,64.025,64.16,1903.0,,,,,,,,,,,,,,65.24984195230833,66.12519634296304,66.2575250107598,66.64388363790518,66.68872196882685,67.73889032264154,67.81369877216265,68.09648809384163,68.10715969990453,68.36868000296747,68.72762297012294,,,,,,,,,,,,,,,,,65.64810820016685,66.27471684873804,66.19441130042533,67.32608438399915,67.57711594352787,67.89493795902997,68.18493923529813,68.51104961053645,68.72245417045552,68.68824776018458,,,66.12519634296304,66.64388363790518,67.37332258032218,"rgba(255, 26, 202, 1.0)",1.3540152101024636,67.06783953606026,-2.14756785179704,25.8866600382703,-28.42236687896176,False,True,False,True,True,0.0,0.0,0.0,0.0,0.0,0,0.9165231577993294,1.019033807667906,False,False,False,False,-0.34282825441539394,-0.33983968480972004,False,False,False,False,-220000.0,-162892.8756407531,False,False,False,False,5015.405318646336,False,False,False,False
2025-05-14 17:00:00+00:00,64.205,64.405,64.14,64.22,2769.0,,,,,,,,,,,,,,65.23190747769625,66.10919931566588,66.24650307667127,66.6365653080642,66.68131652496382,67.73086741188722,67.80568183944547,68.08870560636774,68.09937750231943,68.36096536937852,68.72054359975135,,,,,,,,,,,,,,,,,65.63190872339294,66.26269557740878,66.18570218869905,67.31789863324273,67.56893429437288,67.88698456349778,68.17723394678707,68.50332711361688,68.71515694933234,68.68152650340868,,,66.10919931566588,66.6365653080642,67.36395245361764,"rgba(255, 26, 202, 1.0)",1.372042135512331,67.05778649332906,-2.068293983019269,26.454179168379014,-27.85004821073194,False,True,False,True,True,0.0,0.0,0.0,0.0,0.0,0,0.9136874828563594,1.0274298253634457,False,False,False,False,-0.3330792679321855,-0.33645947637095275,False,False,False,False,-217231.0,-163735.32718120655,False,False,False,False,4980.577329209958,False,False,False,False
2025-05-14 18:00:00+00:00,64.235,64.345,64.035,64.18,1881.0,,,,,,,,,,,,,,65.2192621344653,66.09809286081374,66.23883020970304,66.6314775308004,66.67617065511256,67.72533170887513,67.80015204291671,68.08334296062816,68.09401526577028,68.35565430891249,68.71567391105319,,,,,,,,,,,,,,,,,65.62058196913702,66.25433556837206,66.17962269382686,67.31223933986647,67.56328526393767,67.88150028720298,68.17192601298201,68.49801301249215,68.71013774289732,68.67690201784009,,,66.09809286081374,66.6314775308004,67.35745464274314,"rgba(255, 26, 202, 1.0)",1.3907360809465064,67.0508078742553,-2.0642362800434992,26.576633250537796,-27.37045930639725,False,True,False,True,True,0.0,0.0,0.0,0.0,0.0,0,0.9053755522827689,1.0332290132547872,False,False,False,False,-0.34282825441539394,-0.33964386539317337,False,False,False,False,-219112.0,-164593.88024816458,False,False,False,False,4932.521866741587,False,False,False,False
2025-05-14 19:00:00+00:00,64.16,64.315,63.95,64.125,4916.0,,,,,,,,,,,,,,65.18587718313839,66.06882019032751,66.21849811591132,66.6179739520593,66.662517759235,67.7107150768611,67.7855539868117,68.06919421362252,68.07986795572272,68.34164963384889,68.7028375971722,,,,,,,,,,,,,,,,64.13000000000001,65.59066358270422,66.23221110456716,66.1634602971677,67.29727848892158,67.54836394123302,67.86702492753436,68.15792384799285,68.48400444028951,68.6969087424807,68.66470876011643,,,66.06882019032751,66.6179739520593,67.19436608171446,"rgba(255, 0, 0, 1.0)",1.4065586654238293,66.81466565995827,-1.9122314099481985,26.289330416669628,-27.30004243518225,False,True,False,True,True,0.0,0.0,0.0,0.0,0.0,0,0.8994104642593957,1.033161385408991,False,False,False,False,-0.34282825441539394,-0.34123605990428363,False,False,False,False,-224028.0,-165515.33946912328,False,False,False,False,4932.265713768848,False,False,False,False
2025-05-15 14:00:00+00:00,64.455,64.725,64.11,64.615,6131.0,,,,,,,,,,,,,,65.16001172982959,66.03994554664752,66.1978818638993,66.60369874461621,66.64804150942305,67.69443405279918,67.76925399121843,68.0532599418966,68.06393070212651,68.32576764215369,68.68815832488806,,,,,,,,,,,,,,,,64.32609728131318,65.56362142540384,66.20978654670506,66.1470980409287,67.28087562964325,67.53184036393709,67.85081990297222,68.1421163575298,68.46806663010584,68.68178507574876,68.6507710087376,,,66.03994554664752,66.60369874461621,67.18623919602379,"rgba(255, 0, 0, 1.0)",1.4111268004139166,66.80633750780555,-1.5528990783555283,33.342715190344336,-20.579480613547712,False,True,False,True,True,0.0,0.0,0.0,0.0,0.0,0,0.9044428125573711,1.0241417293923267,False,False,False,False,-0.3011461885062864,-0.321191124205285,False,False,False,False,-217897.0,-166327.45823704384,False,False,False,False,4950.850741462355,False,False,False,False
2025-05-15 15:00:00+00:00,64.615,64.92,64.5,64.905,34868.0,,,,,,,,,,,,,,65.0933537244387,65.92122656118923,66.10782091660117,66.53669722535706,66.57985474857807,67.61301213098979,67.68749375790779,67.97245481444718,67.98308247811032,68.24454531618197,68.61223808638833,,,,,,,,,,,,,,,,64.66699546263023,65.46744956083595,66.11226980312047,66.07509169177635,67.20046836895641,67.44983138731006,67.76926595044652,68.06170625943584,68.38624862042737,68.6036320706546,68.57866498771911,,,65.92122656118923,66.53669722535706,67.12379108743193,"rgba(239, 83, 80, 1.0)",1.4067418685331867,66.74269061246237,-1.3063452887618479,40.90101109516036,-13.833133156363317,True,False,False,True,True,0.0,0.0,0.0,0.0,0.0,0,0.9152589056188027,1.0169849430774887,False,False,False,False,-0.25939745695143873,-0.29029429057836187,False,False,False,False,-183029.0,-166586.39686902764,False,False,False,False,5414.68251291255,False,False,False,False
2025-05-15 16:00:00+00:00,64.905,65.225,64.905,65.21,127155.0,,,,,,,,,,,,,,65.10108620707148,65.71522409185464,65.92132094366393,66.36893275313204,66.40798061331017,67.38224851026361,67.45437899661748,67.73665000592398,67.7469904123285,68.00345708391386,68.3810422979381,,,,,,,,,,,,,,,,64.99492111091851,65.35844409960693,65.91385598127181,65.92059882242908,66.98182634582537,67.22116985777089,67.53510045830218,67.82550808285468,68.14158982711464,68.36632253555692,68.35849592815495,,,65.71522409185464,66.36893275313204,66.947142952992,"rgba(239, 83, 80, 0.5)",1.3945970453569958,66.5739089444233,-0.9779950050547832,48.31076547136162,-7.494635454205479,True,False,False,False,True,0.0,0.0,0.0,0.0,0.0,0,0.9272626829941996,1.0074578768069244,False,False,False,False,-0.209876646079259,-0.2500854683288104,False,False,False,False,-55874.0,-164869.92559974038,False,False,False,False,7302.129295658091,False,False,False,False
2025-05-15 17:00:00+00:00,65.21,65.29,64.8,64.98,63333.0,,,,,,,,,,,,,,65.08852040872743,65.63725411399068,65.84460867770656,66.29431860472988,66.33161132045674,67.27855102466248,67.34945768483865,67.6295884402926,67.63977786672581,67.89339166666664,68.27405691195975,,,,,,,,,,,,,,,,65.00253282177749,65.31389513934076,65.83368718334332,65.85412775400648,66.88470540080894,67.11901711063909,67.42943887021707,67.71798698341549,68.02965676497507,68.25682094975849,68.25619142710548,,,65.63725411399068,66.29431860472988,66.86178168755205,"rgba(239, 83, 80, 1.0)",1.377903100712994,66.49310934338111,-1.098124637790674,50.71187288302161,-5.787027018076593,True,False,True,False,True,0.0,0.0,0.0,0.0,0.0,0,0.9236373697316242,1.0097758922807347,False,False,False,False,-0.2126376133569362,-0.2313615408428733,False,False,False,False,-119207.0,-164161.9732648607,False,False,False,False,8170.8249654928495,False,False,False,False
2025-05-15 18:00:00+00:00,64.98,65.135,64.895,64.925,13541.0,,,,,,,,,,,,,,65.08506286833865,65.62190838496547,65.82918971350303,66.27897763394897,66.31591668761067,67.25719491400906,67.32783878063455,67.60746445330243,67.61762131092303,67.87060534639863,68.25180205000486,,,,,,,,,,,,,,,,65.00158296124998,65.30480531386472,65.81766030495316,65.84057613955332,66.86477493699068,67.09801907065753,67.40764928378843,67.69574833654022,68.00646759691001,68.23406658455923,68.23487740624702,,,65.62190838496547,66.27897763394897,66.84408227631607,"rgba(239, 83, 80, 1.0)",1.3551907215928698,66.47643518926525,-1.1448094829351518,51.73091269734117,-5.053774533484969,True,False,True,False,True,0.0,0.0,0.0,0.0,0.0,0,0.9186796975843629,1.0128157846210588,False,False,False,False,-0.2167850746514311,-0.2240733077471522,False,False,False,False,-132748.0,-163674.93491966906,False,False,False,False,8254.083493159626,False,False,False,False
2025-05-15 19:00:00+00:00,64.925,65.14,64.835,65.015,12631.0,,,,,,,,,,,,,,65.0823920895576,65.60848142650937,65.81548937540524,66.26511432026106,66.30172849797225,67.23772989363772,67.30812476246008,67.58724871310578,67.59737468511116,67.84975451165592,68.2313857478814,,,,,,,,,,,,,,,,65.00134646608905,65.29706110644631,65.803448655417,65.82847798189641,66.84667026262788,67.0789073937531,67.38776752962258,67.67541588016692,67.98523529609973,68.21320005351228,68.21531510390508,,,65.60848142650937,66.26511432026106,66.8280758978679,"rgba(239, 83, 80, 1.0)",1.3274272413509434,66.46144234339725,-1.089658474934705,53.25327415825224,-3.5951656204578413,True,False,True,False,True,0.0,0.0,0.0,0.0,0.0,0,0.920601057415824,1.0167887951024956,False,False,False,False,-0.22059337260434517,-0.22233334017574868,False,False,False,False,-120117.0,-162999.61809920907,False,False,False,False,8321.942663808313,False,False,False,False
2025-05-16 14:00:00+00:00,65.725,65.855,65.065,65.19,9229.0,,,,,,,,,,,,,65.37,65.08860419533613,65.60479725680692,65.8101964175674,66.25809892814631,66.2944639803732,67.22605233510124,67.29622264564328,67.57477494724108,67.58487327665368,67.83667849673645,68.2183325885983,,,,,,,,,,,,,,,,65.0138639546634,65.298376344002,65.7980348734397,65.82372535915513,66.8362872200504,67.06762610128727,67.37568272135874,67.66279597345606,67.97182451116247,68.199872889455,68.20281109186843,,,65.60479725680692,66.25809892814631,66.75713026556967,"rgba(239, 83, 80, 0.5)",1.2931839225945916,66.33145697174851,-0.8826717930875122,55.8250671455197,-1.047415971414452,True,False,True,False,True,0.0,0.0,0.0,0.0,0.0,0,0.9170736201971806,1.007186952916245,False,False,False,False,-0.15593403935209874,-0.1891336897639237,False,False,False,False,-110888.0,-162191.68603565544,False,False,False,False,8336.005568245395,False,False,False,False
2025-05-16 15:00:00+00:00,65.22,65.38,65.07,65.165,3885.0,,,,,,,,,,,,,65.32111903309442,65.08965296670216,65.6022141276021,65.80718461074025,66.25463595978917,66.29089993204627,67.2207470297056,67.29083054637995,67.56917609025233,67.57926368829307,67.83084977969531,68.21255708997045,,,,,,,,,,,,,,,,65.01655743730556,65.29767289255685,65.79493315562615,65.82103718030727,66.83147301764062,67.06246434858774,67.37022378787854,67.6571454397942,67.96586480364698,68.1939751035928,68.19727559026673,,,65.6022141276021,66.25463595978917,66.75120667875977,"rgba(239, 83, 80, 0.5)",1.2541636960843816,66.32576634905136,-0.9255301781381333,57.19641726837864,0.4463107273725626,True,False,True,False,True,0.0,0.0,0.0,0.0,0.0,0,0.9156748777562507,1.0154995848325497,False,False,False,False,-0.18789837383077085,-0.18851603179734727,False,False,False,False,-114773.0,-161456.51260874607,False,False,False,False,8266.997729978024,False,False,False,False
2025-05-16 16:00:00+00:00,65.165,65.4,65.105,65.22,3359.0,,,,,,,,,,,,,65.3049179465388,65.09082806708275,65.60021118553432,65.80476173317889,66.25176411076195,66.28794059050671,67.21626545463285,67.2862724220715,67.56443130613542,67.57450944270937,67.82590108083039,68.20764202869638,,,,,,,,,,,,,,,,65.01926715714382,65.2973104552183,65.79244248729707,65.8188689407807,66.82742678932279,67.05811210846997,67.36560559084774,67.65235358741539,67.9608008124007,68.18895685138806,68.19256445183451,,,65.60021118553432,66.25176411076195,66.7473545478608,"rgba(239, 83, 80, 0.5)",1.2056062285745792,66.32230490932953,-0.9143158713046943,58.64635795071355,2.0995826117081933,True,False,True,False,True,0.0,0.0,0.0,0.0,0.0,0,0.9256612529002323,1.012529002320186,False,False,False,False,-0.18413942593563615,-0.1863277288664917,False,False,False,False,-111414.0,-160680.65970008334,False,False,False,False,8190.904741916349,False,False,False,False
2025-05-16 17:00:00+00:00,65.24,65.305,65.11,65.255,2675.0,,,,,,,,,,,,,65.293520472112,65.091638792506,65.59855120405054,65.80278469140572,66.24944738439186,66.28555469262496,67.21267796169906,67.28262453806742,67.56063681190206,67.57070747813658,67.82194574328264,68.2037153260436,,,,,,,,,,,,,,,,65.02120479454405,65.296931161712,65.79040949046221,65.8170993209853,66.82418212142701,67.05462614582132,67.36191049374752,67.64852216930312,67.95675435877172,68.18494787892323,68.18880013867309,,,65.59855120405054,66.24944738439186,66.74431274654751,"rgba(239, 83, 80, 0.5)",1.169552929137233,66.31957649472994,-0.9102422542905135,59.97083957893514,3.683619059948299,True,False,True,False,True,0.0,0.0,0.0,0.0,0.0,0,0.9342908101004415,1.0114521730967807,False,False,False,False,-0.1902931605643459,-0.1883104447154188,False,False,False,False,-108739.0,-159875.36265046964,False,False,False,False,8105.386838940902,False,False,False,False
2025-05-16 18:00:00+00:00,65.255,65.33,65.095,65.26,1608.0,,,,,,,,,,,,,65.28847032183467,65.0921397025143,65.59757357541797,65.80161290534004,66.24806652807236,66.28413234438992,67.21053305593458,67.28044322757938,67.55836664025436,67.56843280247024,67.81957844892437,68.2013638211202,,,,,,,,,,,,,,,,65.02238031960263,65.29672038911754,65.78920510093894,65.81604953165807,66.82224406312855,67.05254272994924,67.35970059823022,67.64622956908701,67.95433213914558,68.18254727087886,68.18654572633338,,,65.59757357541797,66.24806652807236,66.74257438312706,"rgba(239, 83, 80, 0.5)",1.1329516262342363,66.31803951785204,-0.933878811197619,60.909484290651264,4.946003206064127,True,False,True,False,True,0.0,0.0,0.0,0.0,0.0,0,0.9369803476946338,1.0034013605442182,False,False,False,False,-0.1896087168436584,-0.18895958077953862,False,False,False,False,-107131.0,-159057.6205938732,False,False,False,False,8004.652159267399,False,False,False,False
2025-05-16 19:00:00+00:00,65.255,65.46,65.215,65.215,9951.0,,,,,,,,,,,,,65.2911264532517,65.09667495242468,65.59273531065594,65.79531823572395,66.24017068198567,66.27597888589621,67.19781595786802,67.26749278911541,67.54482469192999,67.55486200390439,67.80540799527827,68.18722654261114,,,,,,,,,,,,,,,,65.03168680087197,65.29671938667401,65.78275937854532,65.81038111323757,66.81086416680593,67.04023367014179,67.34656119666573,67.6325362618891,67.93981090006864,68.16811918002965,68.17299097078227,,,65.59273531065594,66.24017068198567,66.73401293592858,"rgba(239, 83, 80, 1.0)",1.0906119325345685,66.31104735369429,-1.004983826966837,60.62965950110396,5.083928418961392,True,False,True,False,True,0.0,0.0,0.0,0.0,0.0,0,0.9355479840999437,0.9999053568048466,False,False,False,False,-0.1725528371681777,-0.18075620897385816,False,False,False,False,-117082.0,-158406.83577846433,False,False,False,False,8034.828094782632,False,False,False,False
2025-05-19 14:00:00+00:00,63.82,64.245,63.71,64.12,7353.0,,,,,,,,,,,,,65.04651720966895,65.07939855080407,65.5743276507137,65.77915996671643,66.22666907468532,66.26232842124536,67.18231380578813,67.25192673047066,67.5293205468357,67.53934940510803,67.78978301495793,68.1723113305476,,,,,,,,,,,,,,,,65.00706502347808,65.27942337073331,65.7659245283674,65.79609826634665,66.795592915672,67.02469528066638,67.33100260632325,67.61706721452673,67.92406882054549,68.15286972473142,68.15866430708668,,,65.5743276507137,66.22666907468532,66.70808164200083,"rgba(255, 0, 0, 1.0)",1.0642937555945624,66.10368483270094,-1.8638508609803457,49.58583720150642,5.746761268758512,True,False,False,True,False,0.0,0.0,0.0,0.0,0.0,0,0.927163350300787,1.003887089310505,False,False,False,False,-0.34282825441539394,-0.26179223169462607,False,False,False,False,-124435.0,-157880.14065011605,False,False,False,False,8024.257116568948,False,False,False,False
2025-05-19 15:00:00+00:00,64.125,64.44,64.09,64.255,5910.0,,,,,,,,,,,,,64.94102558562658,65.06893852064282,65.56205546336533,65.76810852896584,66.21708959555532,66.25262419476226,67.17088904943193,67.24043305308751,67.5177926282053,67.52781260589931,67.77810130898743,68.16108013676525,,,,,,,,,,,,,,,,64.99269419932908,65.26841811941041,65.7544333469915,65.7862950012684,66.78447758725451,67.01329807979538,67.31949027362963,67.6055426125252,67.91226999246472,68.14139213186903,68.14787592396544,,,65.56205546336533,66.21708959555532,66.69270164955643,"rgba(255, 0, 0, 1.0)",1.0419001914811095,66.09351208557965,-1.764576012761953,43.91369910677945,0.7891235312842468,True,False,False,True,False,0.0,0.0,0.0,0.0,0.0,0,0.9340598448466941,0.9991688215736986,False,False,False,False,-0.30203435162959735,-0.2819132916621117,False,False,False,False,-118525.0,-157269.9834307344,False,False,False,False,7991.477936467104,False,False,False,False
2025-05-19 16:00:00+00:00,64.26,64.655,64.2,64.49,3771.0,,,,,,,,,,,,,64.90210846023335,65.06391421351836,65.55545108017071,65.76200406443235,66.21160471695502,66.24705720013091,67.16411058915959,67.23360202311822,67.51089866015005,67.52091194835877,67.7710814265154,68.15428893196211,,,,,,,,,,,,,,,,64.98607905597304,65.26279862008312,65.74809791636116,65.78086288430073,66.77795705331509,67.00656487659539,67.31263528470508,67.59863857326927,67.90516407743996,68.13445459043923,68.14135248161051,,,65.55545108017071,66.21160471695502,66.6848538577738,"rgba(255, 0, 0, 1.0)",1.0175100017213359,66.08941579846588,-1.5718919674107674,42.84018630681174,0.005225262974853706,True,False,False,True,False,0.0,0.0,0.0,0.0,0.0,0,0.9332356442897703,0.9943218243428893,False,False,False,False,-0.2794090770288485,-0.2806611843454801,False,False,False,False,-114754.0,-156610.82089692456,False,False,False,False,7926.044170010249,False,False,False,False
2025-05-19 17:00:00+00:00,64.495,64.66,64.24,64.51,7650.0,,,,,,,,,,,,,64.84243035872255,65.05431767297642,65.54254847972553,65.74999358595787,66.2007171701736,66.23600342318169,67.15057158904655,67.21995350441141,67.49710625656627,67.50710562664595,67.75702342548063,68.14066816624158,,,,,,,,,,,,,,,,64.97366261906409,65.25192908079782,65.73564370953662,65.77015446676113,66.76496242132518,66.99312842537483,67.29893348971886,67.58482080670896,67.89092772048586,68.12054284187685,68.12826641789057,,,65.54254847972553,66.2007171701736,66.67006135907263,"rgba(255, 0, 0, 1.0)",1.0075950003270273,66.0794262867137,-1.5575963419869254,42.34994350522829,-0.5372415164354507,True,False,False,True,False,0.0,0.0,0.0,0.0,0.0,0,0.934472416613651,0.9942742888303198,False,False,False,False,-0.27629868794402823,-0.2784799361447542,False,False,False,False,-107104.0,-155843.2732861195,False,False,False,False,7921.764415436447,False,False,False,False
2025-05-19 18:00:00+00:00,64.51,64.78,64.375,64.66,3493.0,,,,,,,,,,,,,64.82834598532709,65.0510269657126,65.5374873543607,65.74515412331235,66.19617529056424,66.23138419320497,67.14474387484775,67.21407004304255,67.4911291510688,67.50112147982418,67.75090625953779,68.13470984384959,,,,,,,,,,,,,,,,64.96965670064715,65.24790439670434,65.73063544962473,65.76582462730762,66.75942376340784,66.98736627896531,67.29301752508701,67.57882379580285,67.88472152424846,68.11445939461069,68.12254163073193,,,65.5374873543607,66.19617529056424,66.66437520225178,"rgba(239, 83, 80, 1.0)",0.9918684025248787,66.07616165596885,-1.4277717208894842,43.73846665427298,-0.5372415164354507,True,False,False,True,False,0.0,0.0,0.0,0.0,0.0,0,0.9373872248285819,0.9921508480692898,False,False,False,False,-0.25876935207760243,-0.2686246441111783,False,False,False,False,-103611.0,-155033.470599513,False,False,False,False,7853.1014012436335,False,False,False,False
2025-05-19 19:00:00+00:00,64.665,65.025,64.66,64.965,5996.0,,,,,,,,,,,,,64.83342773838882,65.04894492357494,65.53148128213412,65.7389463690135,66.18979209069694,66.22486223839213,67.13589165862575,67.20510296190729,67.48191033171729,67.49188828384943,67.74138501014109,68.1253314536708,,,,,,,,,,,,,,,,64.96807604098272,65.24405221260044,65.72424144905173,65.76023091405749,66.75120194821297,66.97868772961931,67.28396795800052,67.56954380029697,67.87502207793442,68.10488996259582,68.11353201776964,,,65.53148128213412,66.18979209069694,66.65749610666235,"rgba(239, 83, 80, 1.0)",0.9684384105116192,66.07531500181713,-1.1465003760337802,47.64510932426443,-0.5372415164354507,True,False,False,False,True,0.0,0.0,0.0,0.0,0.0,0,0.942905799049924,0.9878103432822449,False,False,False,False,-0.22281496554619448,-0.24571980482868638,False,False,False,False,-97615.0,-154143.26175300893,False,False,False,False,7824.30913145691,False,False,False,False
2025-05-20 14:00:00+00:00,63.92,64.2,63.915,64.165,4743.0,,,,,,,,,,,,,64.78300951792751,65.03965095137912,65.52111166261275,65.72962307754176,66.18175985036541,66.21673589173919,67.12649961026064,67.19566154607885,67.47246107104024,67.4824325912386,67.73182864380676,68.11615271368238,,,,,,,,,,,,,,,,64.95558678860196,65.23451391838007,65.7145637829912,65.75191484494073,66.74201997493934,66.9693041062101,67.27451760562279,67.56010261748843,67.86537949742133,68.09551390128367,68.10470626416833,,,65.52111166261275,66.18175985036541,66.64630654042267,"rgba(255, 0, 0, 1.0)",0.9595393508163534,66.06224993027699,-1.9772507804529842,44.142023812019495,-0.5372415164354507,True,False,False,True,False,0.0,0.0,0.0,0.0,0.0,0,0.9335796604205155,0.9890912289962178,False,False,False,False,-0.33137145064772977,-0.2885456277382081,False,False,False,False,-102358.0,-153340.38947776848,False,False,False,False,7776.536896860679,False,False,False,False
2025-05-20 15:00:00+00:00,64.17,64.33,63.945,63.96,1876.0,,,,,,,,,,,,,64.76452013314871,65.03596712517924,65.51700866031203,65.72593098637095,66.17857712042695,66.21351616587398,67.12278246238068,67.1919249938875,67.46872160479035,67.47869059533573,67.72804708967297,68.11252027346819,,,,,,,,,,,,,,,,64.95066055225288,65.23073571499492,65.71073247376786,65.7486189025489,66.73838524342338,66.96559015211328,67.27077758531678,67.55636638615466,67.86156401001207,68.09180361626832,68.10121308354937,,,65.51700866031203,66.17857712042695,66.64194151874999,"rgba(255, 26, 202, 1.0)",0.9547463556373985,66.05724662459923,-2.1966531866980374,40.73017734585457,-2.1580141769965024,False,False,False,True,False,0.0,0.0,0.0,0.0,0.0,0,0.9345508563439356,0.9868926948619371,False,False,False,False,-0.31999798032688964,-0.30427180403254883,False,False,False,False,-104234.0,-152579.05010602012,False,False,False,False,7685.0557046612885,False,False,False,False
2025-05-20 16:00:00+00:00,63.96,64.205,63.855,64.155,2724.0,,,,,,,,,,,,,64.73909226250622,65.03063120838225,65.51106495320047,65.7205776981568,66.17395820875744,66.20884372081925,67.11738939534628,67.18650376018175,67.46329580128948,67.47326111960048,67.72256008674917,68.1072487997375,,,,,,,,,,,,,,,,64.94355130770766,65.22526193427588,65.70517855780457,65.74383714487196,66.73311196117899,66.96020193887013,67.26535122737427,67.55094516367056,67.85602775275193,68.08641944339688,68.09614328477603,,,65.51106495320047,66.17395820875744,66.63567203180025,"rgba(255, 26, 202, 1.0)",0.9366117389552765,66.05014698588396,-2.023407253039403,40.33126186930686,-2.732905358377124,False,False,False,True,False,0.0,0.0,0.0,0.0,0.0,0,0.9391496899911427,0.9889282550930034,False,False,False,False,-0.33530013050072893,-0.3197859672666389,False,False,False,False,-101510.0,-151787.2818873221,False,False,False,False,7608.140112340959,False,False,False,False
2025-05-20 17:00:00+00:00,64.155,64.315,64.045,64.12,5701.0,,,,,,,,,,,,,64.69778545868574,65.0206639838226,65.49953612552592,65.71007952718708,66.16476007076574,66.19953200497775,67.10648940908894,67.17553856406778,67.45229045855571,67.46224734333317,67.71140615206285,68.09650115627858,,,,,,,,,,,,,,,,64.93050885793339,65.2148361905285,65.69429786541995,65.73444126893942,66.72250690890984,66.94933262886406,67.25436636022854,67.5399402956866,67.84476246599954,68.07544447811117,68.08580597980254,,,65.49953612552592,66.16476007076574,66.62361189368589,"rgba(255, 26, 202, 1.0)",0.9367649671090771,66.03733606790615,-2.0467632065951222,39.84260773908958,-3.5627518375583733,False,False,False,True,False,0.0,0.0,0.0,0.0,0.0,0,0.9492399324384391,0.9813316739265721,False,False,False,False,-0.31398840357547986,-0.31688718542105937,False,False,False,False,-107211.0,-151096.17674178223,False,False,False,False,7578.572048583735,False,False,False,False
2025-05-20 18:00:00+00:00,64.13,64.25,63.97,64.13,2301.0,,,,,,,,,,,,,64.6815233201581,65.0165061165747,65.49478974555565,65.70576488720057,66.1609916015687,66.19571825932375,67.10204838748199,67.1710720630049,67.4478111069999,67.45776468765975,67.70686934361271,68.09213225405237,,,,,,,,,,,,,,,,64.92507773588552,65.2105152982095,65.68982674513224,65.73057696107385,66.71817932347385,66.94490171099079,67.24989292229702,67.53546210313148,67.84018183052798,68.07098336238303,68.08160318442755,,,65.49478974555565,66.1609916015687,66.61870404133592,"rgba(255, 26, 202, 1.0)",0.9385638972325995,66.03209319537444,-2.0265995751411925,39.62694041586123,-4.239001148734921,False,False,False,True,False,0.0,0.0,0.0,0.0,0.0,0,0.9495978552278821,0.9822162645218953,False,False,False,False,-0.3238984519291133,-0.32039281867508634,False,False,False,False,-104910.0,-150380.11198609567,False,False,False,False,7496.749226125072,False,False,False,False
2025-05-20 19:00:00+00:00,64.12,64.26,63.925,64.06,17463.0,,,,,,,,,,,,,64.57644250060189,64.98497483307354,65.45891443815283,65.67306122782357,66.13235528419509,66.16674382940117,67.06837916405476,67.13721127845798,67.41385097758963,67.42377969021014,67.67247574873504,68.05899617468235,,,,,,,,,,,,,,,,64.88442084434051,65.17778399222941,65.65596570203773,65.70121733760482,66.68536296218154,66.9113099889686,67.21597926831757,67.50150977442844,67.8054581099228,68.03715471183142,68.0497156337849,,,65.45891443815283,66.13235528419509,66.58230710750546,"rgba(255, 26, 202, 1.0)",0.9414997524073121,65.9938636566384,-2.0540246045670387,38.949950505776656,-5.3884268775140285,False,False,False,True,False,0.0,0.0,0.0,0.0,0.0,0,0.9524362986142155,0.9745194456861874,False,False,False,False,-0.3263855317309549,-0.32338917520302063,False,False,False,False,-122373.0,-149945.89319561358,False,False,False,False,7651.264741999102,False,False,False,False
2025-05-21 14:00:00+00:00,63.44,63.635,63.26,63.6,6124.0,,,,,,,,,,,,,64.51404560289318,64.9675960087834,65.44161358945651,65.65781194932187,66.11969515599306,66.15397985530669,67.05447749476583,67.12327843117392,67.40004687120707,67.40997116934236,67.65863414725273,68.04581985641812,,,,,,,,,,,,,,,,64.86137877196171,65.16087890139177,65.64015067949902,65.68754766657547,66.67151227072665,66.89732565527858,67.20207604387272,67.48775671207923,67.7915486922364,68.02369747120044,68.03702698837292,,,65.44161358945651,66.11969515599306,66.56555956456998,"rgba(255, 26, 202, 1.0)",0.9527179611578382,65.97393004589468,-2.4917448213211357,35.59393091950154,-8.937668333794512,False,False,False,True,False,0.0,0.0,0.0,0.0,0.0,0,0.9423536704153015,0.9780394934915441,False,False,False,False,-0.34282825441539394,-0.3331087148092073,False,False,False,False,-128497.0,-149613.35221583664,False,False,False,False,7627.586218867333,False,False,False,False
2025-05-21 15:00:00+00:00,63.61,63.725,63.33,63.345,6825.0,,,,,,,,,,,,,64.450581898784,64.94829320648009,65.42238022261732,65.64082159899111,66.10555975985775,66.13973001495874,67.03897471643647,67.10774134949853,67.38465294160372,67.39457237774387,67.6431992966154,68.03112306111275,,,,,,,,,,,,,,,,64.83600935382306,65.14208397064027,65.62253971975747,65.67229428625578,66.65606465195474,66.88173103414896,67.18657193312771,67.47241950425752,67.77603900682759,68.00868923390355,68.02287092155898,,,65.42238022261732,66.10555975985775,66.5471714809111,"rgba(255, 26, 202, 1.0)",0.9690590913467277,65.95245187609154,-2.6907047252071066,32.14072037774313,-12.387955848048676,False,True,False,True,False,0.0,0.0,0.0,0.0,0.0,0,0.9464112298048909,0.9732497572172689,False,False,False,False,-0.33243642936122203,-0.33277257208521466,False,False,False,False,-135322.0,-149391.7808636531,False,False,False,False,7615.143021675591,False,False,False,False
2025-05-21 16:00:00+00:00,63.345,63.44,63.25,63.315,2202.0,,,,,,,,,,,,,64.42919098331868,64.94162683072682,65.41584209083909,65.63506738011428,66.1008052874468,66.13493979928096,67.03381818530498,67.10257638522762,67.37954591644272,67.38946410067392,67.63808743185592,68.02626523327288,,,,,,,,,,,,,,,,64.82725180217655,65.13563909930718,65.61657519261435,65.66712646401926,66.65090795562959,66.87653701291026,67.18142106844344,67.46733425077713,67.77090654449876,68.0037283280461,68.01819089106996,,,65.41584209083909,66.1008052874468,66.54099340147813,"rgba(255, 26, 202, 1.0)",0.9812625485507944,65.94518169168722,-2.6804056626554082,29.700291886633263,-14.80132370341316,False,True,False,True,False,0.0,0.0,0.0,0.0,0.0,0,0.9423540977746,0.9901689158995446,False,False,False,False,-0.34282825441539394,-0.3378004132503043,False,False,False,False,-137524.0,-149207.78426111586,False,False,False,False,7531.218323665116,False,False,False,False
2025-05-21 17:00:00+00:00,63.32,63.38,62.18,62.41,15303.0,,,,,,,,,,,,,64.22076526665744,64.87784183119085,65.35706087870895,65.5842940396687,66.06021464269175,66.09413957473078,66.9918752431618,67.0606760221651,67.33851354087714,67.34843518899852,67.59734663147194,67.98793929411195,,,,,,,,,,,,,,,,64.74267062965612,65.0756829175649,65.56389518734282,65.62156855745205,66.60826704133225,66.83402259761655,67.13975536459077,67.42659117444941,67.73015844041028,67.96457364428251,67.981249107756,,,65.35706087870895,66.06021464269175,66.48728420942996,"rgba(255, 26, 202, 1.0)",1.0320146700887916,65.87866190415376,-3.3610587181433464,25.11047319992393,-19.134777090972662,False,True,False,True,False,0.0,0.0,0.0,0.0,0.0,0,0.9227581342033329,0.9906533815360202,False,False,False,False,-0.34282825441539394,-0.34031433383284915,False,False,False,False,-152827.0,-149263.89613303656,False,False,False,False,7651.711062833099,False,False,False,False
2025-05-21 18:00:00+00:00,62.405,62.565,62.24,62.295,6405.0,,,,,,,,,,,,,64.13379520116395,64.84884071520358,65.3306322314886,65.56149884967205,66.04208477504453,66.07592877784948,66.97339945861586,67.04223292228879,67.32049980672774,67.3304247109659,67.57950260157153,67.97119631583257,,,,,,,,,,,,,,,,64.70454117203927,65.0485346437626,65.54025447303327,65.60108198665192,66.58939893503606,66.81526389727496,67.12142989288031,67.4087181396879,67.71233175442018,67.94746924823284,67.96510407364885,,,65.3306322314886,66.04208477504453,66.46365932969968,"rgba(255, 26, 202, 1.0)",1.0798493263260163,65.84965335001797,-3.2918049429284824,21.791965522390655,-22.187550197660855,False,True,False,True,False,0.0,0.0,0.0,0.0,0.0,0,0.9209360042545649,1.010725048750222,False,False,False,False,-0.34282825441539394,-0.34157129412412157,False,False,False,False,-159232.0,-149418.44037903598,False,False,False,False,7632.382209145764,False,False,False,False
2025-05-21 19:00:00+00:00,62.29,62.49,62.265,62.41,9282.0,,,,,,,,,,,,,64.02269674298894,64.808338715646,65.29342488117717,65.52925205173796,66.01627798598086,66.05000393348523,66.94700986067075,67.01588395637201,67.2947382666266,67.30466710557592,67.55396496768869,67.94720208045187,,,,,,,,,,,,,,,,64.65189956921739,65.01045387621946,65.50683837039745,65.572042615998,66.56249041674974,66.78848809012591,67.09524120225177,67.38315016901115,67.6868108230657,67.92296208791907,67.94196101824768,,,65.29342488117717,66.01627798598086,66.43068690380893,"rgba(255, 26, 202, 1.0)",1.1228261198844043,65.8100643630267,-3.0281308056644956,21.048723815126873,-22.92721698005534,False,True,False,True,False,0.0,0.0,0.0,0.0,0.0,0,0.9228988603988603,1.0076566951566954,False,False,False,False,-0.34282825441539394,-0.3421997742697578,False,False,False,False,-149950.0,-149426.68161346953,False,False,False,False,7657.957678771411,False,False,False,False
2025-05-22 14:00:00+00:00,61.775,62.155,61.775,62.03,4452.0,,,,,,,,,,,,,63.96238036300886,64.78623544581609,65.27348916706615,65.51206837585418,66.00267284844286,66.03634844070032,66.93335412086863,67.0022637777872,67.28147355499996,67.29140622473696,67.54085957563584,67.93494027350927,,,,,,,,,,,,,,,61.98666666666667,64.6231592411559,64.98983408208666,65.48902873268013,65.55656585792791,66.54847580653481,66.77459811791712,67.08171952063215,67.37000021802422,67.67373525220037,67.91043651878825,67.93013084390567,,,65.27348916706615,66.00267284844286,66.22882679278943,"rgba(255, 26, 202, 1.0)",1.1763660527613196,65.52362202320151,-2.9698426055400238,19.497861818551872,-24.561667193249207,False,True,False,True,False,0.0,0.0,0.0,0.0,0.0,0,0.9140175329850349,1.00646418135128,True,False,False,False,-0.34282825441539394,-0.3425140143425759,False,False,False,False,-154402.0,-149503.81833264054,True,False,False,False,7608.252908557901,True,False,False,False
2025-05-22 15:00:00+00:00,62.04,62.52,61.855,62.48,4325.0,,,,,,,,,,,,,63.915456763213164,64.76734496208636,65.25608810154962,65.49693300106598,65.99051883367149,66.0241409248858,66.92095549025169,66.98988543768053,67.26937307667252,67.27930776005978,67.52886766991386,67.92367149219318,,,,,,,,,,,,,,,62.13367494588128,64.59891907029962,64.97203338060545,65.47335800104115,65.54290385065973,66.53582797067052,66.76201712021077,67.06941708898715,67.35799117658352,67.6617533467035,67.8989290491325,67.9192576890098,,,65.25608810154962,65.99051883367149,66.2203594251262,"rgba(255, 26, 202, 1.0)",1.2082367354985342,65.51362143892675,-2.5107839794947466,23.407007119336107,-24.561667193249207,False,True,False,True,True,0.0,0.0,0.0,0.0,0.0,0,0.9153852912749318,0.9988577453650826,False,False,False,False,-0.31999736234059467,-0.33125568834158525,False,False,False,False,-150077.0,-149512.70487011896,False,False,False,False,7557.349762688786,False,False,False,False
2025-05-22 16:00:00+00:00,62.445,62.805,62.425,62.53,2048.0,,,,,,,,,,,,,63.89808496218844,64.7595740220993,65.24874821491944,65.49048391558654,65.98525755483104,66.01885215730496,66.91548800000163,66.98442098017101,67.26400916080459,67.2739440083419,67.52353383297516,67.91863573761563,,,,,,,,,,,,,,,62.21937721324095,64.58908889890726,64.9646229372587,65.46668790017318,65.53706961431276,66.53028820380537,66.75648402059898,67.06397948075238,67.35266132936833,67.65641546034391,67.89378829904116,67.9143984556497,,,65.24874821491944,65.98525755483104,66.21774559834552,"rgba(255, 26, 202, 1.0)",1.2356733839129357,65.51082288627114,-2.412306459844544,26.51036430666273,-29.66250233180393,False,True,False,True,True,0.0,0.0,0.0,0.0,0.0,0,0.9215614739146296,1.010944910616564,False,False,False,False,-0.27699931617123963,-0.30412750225641244,False,False,False,False,-148029.0,-149489.70169383805,False,False,False,False,7471.933487298262,False,False,False,False
2025-05-22 17:00:00+00:00,62.535,62.785,62.455,62.685,25607.0,,,,,,,,,,,,,63.72156281376708,64.66923284570126,65.16209680727067,65.41367895025358,65.9218633922386,65.95511049442776,66.84912609337621,66.91806445507902,67.19874122008432,67.20867427898239,67.4585339226535,67.85710578369238,,,,,,,,,,,,,,,62.51619226687162,64.47698546955132,64.8777651593139,65.38736233042599,65.46734341854605,66.46325965815704,66.6894156315342,66.99790949935226,67.28776900570952,67.59132315276561,67.83099877525066,67.85500019356725,,,65.16209680727067,65.9218633922386,66.15729648410718,"rgba(255, 26, 202, 1.0)",1.2622601457999056,65.44466644095681,-2.1862897677150226,30.156533322835447,-26.218897259455954,False,True,False,True,True,0.0,0.0,0.0,0.0,0.0,0,0.9256583760058521,1.001920263350403,False,False,False,False,-0.2765025583697533,-0.29031503031308287,False,False,False,False,-122422.0,-149070.0474040111,False,False,False,False,7753.097309200614,False,False,False,False
2025-05-22 18:00:00+00:00,62.7,62.765,62.59,62.62,19863.0,,,,,,,,,,,,,63.61707780867191,64.60482805770592,65.09916856362322,65.3572374811834,65.8745625074489,65.90754061687527,66.79925082894046,66.86816801544423,67.14954996162818,67.15947865939118,67.40946461042925,67.81050656457208,,,,,,,,,,,,,,,62.566344998075614,64.39924937073962,64.81520776039937,65.3291884603896,65.41583375800019,66.41305682576541,66.63908658397224,66.9481948773317,67.23882729233782,67.54215023261422,67.78347136812344,67.8099838114169,,,65.09916856362322,65.8745625074489,66.10655954229502,"rgba(255, 26, 202, 1.0)",1.2880748082742803,65.39032542665238,-2.150748860901933,32.1864485135687,-24.26659728855221,False,True,False,True,True,0.0,0.0,0.0,0.0,0.0,0,0.937200295094061,0.9958502397639253,False,False,False,False,-0.2707993321080743,-0.2805571812105786,False,False,False,False,-142285.0,-148964.85287061558,False,False,False,False,7940.847738515333,False,False,False,False
2025-05-22 19:00:00+00:00,62.63,62.9,62.59,62.8,34616.0,,,,,,,,,,,,,63.492243734335844,64.50747670135945,65.00114988740282,65.26782982817923,65.79791250731283,65.83041479739333,66.717244388498,66.78604992403264,67.06826846067766,67.07818063963053,67.32814312363647,67.73287713539155,,,,,,,,,,,,,,,62.64135185327775,64.28583625567026,64.71913637990845,65.2372827163317,65.33369251971251,66.33102150205987,66.55655181415254,66.86627963891583,67.1578626281461,67.46055055098259,67.70435281478501,67.73492984875622,,,65.00114988740282,65.79791250731283,66.02652665210623,"rgba(255, 0, 0, 1.0)",1.3084614684481606,65.30814219024681,-1.9168636224507853,35.4724304747448,-21.100765432099767,False,True,False,True,True,0.0,0.0,0.0,0.0,0.0,0,0.9360540440496019,0.9919489172681848,False,False,False,False,-0.26412608643928664,-0.2723416338249326,False,False,False,False,-107669.0,-148324.60708967582,False,False,False,False,8354.415990631374,False,False,False,False
2025-05-23 14:00:00+00:00,62.88,63.0,62.73,62.84,6301.0,,,,,,,,,,,,,63.47576597501383,64.49174259613329,64.98489375631102,65.25279620496663,65.78478141522841,65.81719604115227,66.70301824262218,66.7717931400493,67.0541099012926,67.06401783429224,67.31394222215278,67.71926334598038,,,,,,,,,,,,,,,62.65530793523433,64.26802590635317,64.70339729774074,65.22186180292691,65.31980810009142,66.31686439724382,66.5422654578026,66.85204409665268,67.14374542697905,67.4462853702722,67.6904857142208,67.72175959517097,,,64.98489375631102,65.78478141522841,66.01313215732849,"rgba(255, 0, 0, 1.0)",1.3173290168890335,65.29482673550874,-1.8634879396386337,38.09255411615156,-18.556622385583037,False,False,False,True,True,0.0,0.0,0.0,0.0,0.0,0,0.9400814965734392,0.9850898314502691,False,False,False,False,-0.2523186644399883,-0.26233014913246044,False,False,False,False,-101368.0,-147596.59767743276,False,False,False,False,8322.58008379988,False,False,False,False
2025-05-23 15:00:00+00:00,62.85,63.18,62.575,63.18,6206.0,,,,,,,,,,,,,63.463380401770145,64.4776676826984,64.97002349466938,65.23891397109203,65.7724950519891,65.80482130791049,66.68954868275603,66.7582853048865,67.04065908003189,67.05056184950973,67.3004227105995,67.70626255297461,,,,,,,,,,,,,,,62.67469233273383,64.25238798514587,64.68915769410333,65.2076387572256,65.30695233524281,66.30351939902306,66.52876288810839,66.83854561128769,67.13032340418901,67.43269158670643,67.67724684434913,67.70917990151682,,,64.97002349466938,65.7724950519891,66.00100586793832,"rgba(255, 0, 0, 1.0)",1.3193395392463976,65.2831370273254,-1.5940832247979928,43.15082787524271,-13.78683652306124,False,False,False,True,True,0.0,0.0,0.0,0.0,0.0,0,0.9370976641530254,0.9808718043038445,False,False,False,False,-0.25109273034109714,-0.2567114397367788,False,False,False,False,-95162.0,-146783.65817855785,False,False,False,False,8289.764888702208,False,False,False,False
2025-05-23 16:00:00+00:00,63.155,63.29,62.785,62.945,4544.0,,,,,,,,,,,,,63.455203172426664,64.46771863393298,64.95942749407737,65.2289825169827,65.76365757646289,65.79591893459363,66.67982278266443,66.74852946472852,67.03093492424225,67.0408336809798,67.29064168525282,67.69684534332772,,,,,,,,,,,,,,,62.688664761675405,64.24142568772278,64.6790499308322,65.19746946193351,65.29774202279441,66.29389840441073,66.51901946220944,66.82879370500449,67.12061728490984,67.42285360865387,67.6676586573539,67.70006625889982,,,64.95942749407737,65.76365757646289,65.99232397733634,"rgba(255, 0, 0, 1.0)",1.3213399218930204,65.27484058206309,-1.7632408916588556,44.392918000782615,-12.576081087947557,True,False,False,True,True,0.0,0.0,0.0,0.0,0.0,0,0.9375985164580433,0.9898006490496063,False,False,False,False,-0.235464531252444,-0.2460879854946114,False,False,False,False,-99706.0,-146053.77200524686,False,False,False,False,8231.691014458762,False,False,False,False
2025-05-23 17:00:00+00:00,62.975,63.325,62.82,62.95,5067.0,,,,,,,,,,,,,63.44691268314418,64.45696913537388,64.94789554544185,65.21813510021911,65.75395805773235,65.78614687004574,66.6691112660212,66.73778270384926,67.02021370614388,67.03010776280443,67.27985065480566,67.68644438748862,,,,,,,,,,,,,,,62.704041263746475,64.22966991284913,64.66808742426632,65.18636810653568,65.28766934868858,66.2833171571376,66.50829485736872,66.8180484994536,67.10991320910941,67.41199656968587,67.65707031721871,67.68999914386517,,,64.94789554544185,65.75395805773235,65.98283348679148,"rgba(255, 0, 0, 1.0)",1.3073851490387125,65.26584118023067,-1.7713534392932664,45.27168045827039,-11.526489114532133,True,False,False,True,True,0.0,0.0,0.0,0.0,0.0,0,0.9392873669597406,0.9859324386857939,False,False,False,False,-0.232061114460308,-0.2390745499774597,False,False,False,False,-94639.0,-145256.6437571035,False,False,False,False,8182.626037490409,False,False,False,False
2025-05-23 18:00:00+00:00,62.96,63.065,62.825,62.915,1340.0,,,,,,,,,,,,,63.444276371583705,64.45396223582253,64.94471619665046,65.21515827917734,65.75131378728442,65.78348383852959,66.6662140451199,66.734877179568,67.01731953316968,67.02721247060929,67.2769413068355,67.68364457768622,,,,,,,,,,,,,,,62.706747282917576,64.22635134497509,64.66504285420874,65.18332042771559,65.28490702219854,66.28044749896385,66.50539113490744,66.81514473476159,67.10702493704386,67.4090711629846,67.65421989421006,67.68728899126396,,,64.94471619665046,65.75131378728442,65.98016987950781,"rgba(255, 0, 0, 1.0)",1.2957484254210059,65.26325726437823,-1.8122786941571982,45.51183690499464,-10.929090639374508,True,False,False,True,True,0.0,0.0,0.0,0.0,0.0,0,0.93654042988741,0.9955336372941291,False,False,False,False,-0.24448534334539332,-0.2417799466614265,False,False,False,False,-95979.0,-144492.6492802492,False,False,False,False,8076.53881210296,False,False,False,False
2025-05-23 19:00:00+00:00,62.91,63.06,62.9,62.95,8550.0,,,,,,,,,,,,,63.42918765286937,64.43548841273747,64.92501339479341,65.19663442507944,65.73476611271701,65.76681589912836,66.64800580041812,66.71661203812089,66.99910660485617,67.00899192548007,67.25861818312998,67.66598862194293,,,,,,,,,,,,,,,62.725058615836446,64.2061342566888,64.64625372840852,65.16436676184954,65.2676935872616,66.26244291255686,66.48715473775826,66.79688496365742,67.08884353963533,67.39064028670423,67.6362474993515,67.67019590130741,,,64.92501339479341,65.73476611271701,65.96363107759538,"rgba(255, 0, 0, 1.0)",1.2773216206271392,65.24737166909443,-1.7985851268738944,46.10773411044075,-9.906511154500883,True,False,False,True,True,0.0,0.0,0.0,0.0,0.0,0,0.9306810770520821,0.9972048821391971,False,False,False,False,-0.2410675480316321,-0.2414237473465293,False,False,False,False,-87429.0,-143607.94153947016,False,False,False,False,8083.879295636247,False,False,False,False
2025-05-26 14:00:00+00:00,62.95,62.95,62.95,62.95,0.0,,,,,,,,,,,,,63.42918765286937,64.43548841273747,64.92501339479341,65.19663442507944,65.73476611271701,65.76681589912836,66.64800580041812,66.71661203812089,66.99910660485617,67.00899192548007,67.25861818312998,67.66598862194293,,,,,,,,,,,,,,,62.725058615836446,64.2061342566888,64.64625372840852,65.16436676184954,65.2676935872616,66.26244291255686,66.48715473775826,66.79688496365742,67.08884353963533,67.39064028670423,67.6362474993515,67.67019590130741,,,64.92501339479341,65.73476611271701,65.96363107759538,"rgba(255, 0, 0, 1.0)",1.258998143097649,65.24737166909443,-1.8247617613175824,46.50499891407149,-9.03532636180195,True,False,False,True,True,0.0,0.0,0.0,0.0,0.0,0,0.9316119375058467,0.998783796426233,False,False,False,False,-0.24399674559732773,-0.24271024647192851,False,False,False,False,-87429.0,-142736.95019777297,False,False,False,False,7958.547833688398,False,False,False,False
2025-05-26 15:00:00+00:00,62.95,62.95,62.95,62.95,0.0,,,,,,,,,,,,,63.42918765286937,64.43548841273747,64.92501339479341,65.19663442507944,65.73476611271701,65.76681589912836,66.64800580041812,66.71661203812089,66.99910660485617,67.00899192548007,67.25861818312998,67.66598862194293,,,,,,,,,,,,,,,62.725058615836446,64.2061342566888,64.64625372840852,65.16436676184954,65.2676935872616,66.26244291255686,66.48715473775826,66.79688496365742,67.08884353963533,67.39064028670423,67.6362474993515,67.67019590130741,,,64.92501339479341,65.73476611271701,65.96363107759538,"rgba(255, 0, 0, 1.0)",1.2371720076753938,65.24737166909443,-1.8569541299363204,46.769842116491986,-8.27204567558492,True,False,False,True,True,0.0,0.0,0.0,0.0,0.0,0,0.9308370870870869,0.9983108108108112,False,False,False,False,-0.24399674559732773,-0.24335349603462814,False,False,False,False,-87429.0,-141879.4625978075,False,False,False,False,7835.1594951816005,False,False,False,False
2025-05-26 16:00:00+00:00,62.95,62.95,62.95,62.95,0.0,,,,,,,,,,,,,63.42918765286937,64.43548841273747,64.92501339479341,65.19663442507944,65.73476611271701,65.76681589912836,66.64800580041812,66.71661203812089,66.99910660485617,67.00899192548007,67.25861818312998,67.66598862194293,,,,,,,,,,,,,,,62.725058615836446,64.2061342566888,64.64625372840852,65.16436676184954,65.2676935872616,66.26244291255686,66.48715473775826,66.79688496365742,67.08884353963533,67.39064028670423,67.6362474993515,67.67019590130741,,,64.92501339479341,65.73476611271701,65.96363107759538,"rgba(255, 0, 0, 1.0)",1.2175324773213676,65.24737166909443,-1.886907915712248,46.94640425143899,-7.592464252819752,True,False,False,True,True,0.0,0.0,0.0,0.0,0.0,0,0.927756653992395,1.005133079847909,False,False,False,False,-0.24399674559732773,-0.24367512081597792,False,False,False,False,-87429.0,-141035.26937923685,False,False,False,False,7713.684154171033,False,False,False,False
2025-05-26 17:00:00+00:00,62.95,62.95,62.95,62.95,0.0,,,,,,,,,,,,,63.42918765286937,64.43548841273747,64.92501339479341,65.19663442507944,65.73476611271701,65.76681589912836,66.64800580041812,66.71661203812089,66.99910660485617,67.00899192548007,67.25861818312998,67.66598862194293,,,,,,,,,,,,,,,62.725058615836446,64.2061342566888,64.64625372840852,65.16436676184954,65.2676935872616,66.26244291255686,66.48715473775826,66.79688496365742,67.08884353963533,67.39064028670423,67.6362474993515,67.67019590130741,,,64.92501339479341,65.73476611271701,65.96363107759538,"rgba(255, 0, 0, 1.0)",1.1988252508105344,65.24737166909443,-1.9163524187876106,47.06411234140366,-6.983039887477581,True,False,False,True,True,0.0,0.0,0.0,0.0,0.0,0,0.9268433179723498,1.009408602150538,False,False,False,False,-0.24399674559732773,-0.2438359332066528,False,False,False,False,-87429.0,-140204.1644276208,False,False,False,False,7594.092151780784,False,False,False,False
2025-05-26 18:00:00+00:00,62.95,62.95,62.95,62.95,0.0,,,,,,,,,,,,,63.42918765286937,64.43548841273747,64.92501339479341,65.19663442507944,65.73476611271701,65.76681589912836,66.64800580041812,66.71661203812089,66.99910660485617,67.00899192548007,67.25861818312998,67.66598862194293,,,,,,,,,,,,,,,62.725058615836446,64.2061342566888,64.64625372840852,65.16436676184954,65.2676935872616,66.26244291255686,66.48715473775826,66.79688496365742,67.08884353963533,67.39064028670423,67.6362474993515,67.67019590130741,,,64.92501339479341,65.73476611271701,65.96363107759538,"rgba(255, 0, 0, 1.0)",1.1815154530367813,65.24737166909443,-1.9444279490290448,47.1425844013801,-6.435830528101931,True,False,False,True,True,0.0,0.0,0.0,0.0,0.0,0,0.9225331654885248,1.011716858719861,False,False,False,False,-0.24399674559732773,-0.24391633940199026,False,False,False,False,-87429.0,-139385.9448240918,False,False,False,False,7476.354288962477,False,False,False,False
2025-05-26 19:00:00+00:00,62.95,62.95,62.95,62.95,0.0,,,,,,,,,,,,,63.42918765286937,64.43548841273747,64.92501339479341,65.19663442507944,65.73476611271701,65.76681589912836,66.64800580041812,66.71661203812089,66.99910660485617,67.00899192548007,67.25861818312998,67.66598862194293,,,,,,,,,,,,,,,62.725058615836446,64.2061342566888,64.64625372840852,65.16436676184954,65.2676935872616,66.26244291255686,66.48715473775826,66.79688496365742,67.08884353963533,67.39064028670423,67.6362474993515,67.67019590130741,,,64.92501339479341,65.73476611271701,65.96363107759538,"rgba(255, 0, 0, 1.0)",1.165791217225921,65.24737166909443,-1.9706544663813668,47.194899108031066,-5.94561882332129,True,False,False,True,True,0.0,0.0,0.0,0.0,0.0,1,0.9244344773790947,1.0076053042121689,False,False,False,False,-0.24399674559732773,-0.24395654249965898,False,False,False,False,-87429.0,-138580.41079581133,False,False,False,False,7360.4418193661595,False,False,False,False
2025-05-27 14:00:00+00:00,63.765,64.165,63.735,64.025,3122.0,,,,,,,,,,,,,63.43545545052171,64.43340464301676,64.92156481370593,65.19296510145631,65.73095136124992,65.76294814204331,66.64320628760376,66.71176388485313,66.9941456744169,67.00402482173736,67.25352515746391,67.6609472319297,,,,,,,,,,,,,,,62.75601931117653,64.20478406883153,64.64354774515832,65.1606593090783,65.26419317841453,66.25790922203373,66.48243195994692,66.79200028147689,67.0838546221746,67.38546975907042,67.63112529934425,67.66531322303665,,,64.92156481370593,65.73095136124992,65.96134210623923,"rgba(239, 83, 80, 1.0)",1.1455312823829142,65.24651888157656,-1.0663339363684377,58.280023837649956,4.4368682293928,True,False,True,False,True,0.0,0.0,0.0,0.0,0.0,0,0.9283453237410068,0.996834532374101,False,False,False,False,-0.14822899261428812,-0.19609276755697355,False,False,False,False,-84307.0,-137738.9625664189,False,False,False,False,7294.729543096916,False,False,False,False
2025-05-27 15:00:00+00:00,63.98,64.415,63.98,64.385,3679.0,,,,,,,,,,,,,63.44646437959614,64.43248487369354,64.91874690970671,65.18967452056003,65.72720337055956,65.75913482086537,66.6381743200895,66.706665392049,66.98887039049326,66.99874113957728,67.2480636824511,67.65548203373406,,,,,,,,,,,,,,,62.79867383595437,64.20516156437301,64.64173433307933,65.15736302305609,65.26099904002473,66.25325377819354,66.47751931442816,66.78684594625051,67.07853317724248,67.37990430121785,67.62557669413738,67.6600190408858,,,64.91874690970671,65.72720337055956,65.95980374509244,"rgba(239, 83, 80, 0.5)",1.1235309246912868,65.24702975207167,-0.767250578624281,66.91858095649152,11.915607747461422,True,False,True,False,True,0.0,0.0,0.0,0.0,0.0,0,0.9337482048827186,0.9908089995213024,False,False,False,False,-0.12500152573910764,-0.1605471466480406,False,False,False,False,-80628.0,-136853.52128631936,False,False,False,False,7238.6717207233205,False,False,False,False
2025-05-27 16:00:00+00:00,64.38,64.755,64.275,64.6,1758.0,,,,,,,,,,,,,63.45341802887535,64.43276511850422,64.91798435711503,65.18858702684598,65.72576369428943,65.75766255948504,66.63606288185304,66.70451783803784,66.98661777378408,66.99648398162596,67.24570775645982,67.65309410101705,,,,,,,,,,,,,,,62.822001779765436,64.20626274198189,64.64151252079891,65.15629104981059,65.25990988891145,66.25135196862499,66.47547844238333,66.78466570647774,67.0762523225386,67.3774927363257,67.62315441883496,67.65770537102614,,,64.91798435711503,65.72576369428943,65.95961433605719,#000000,1.107668344840222,65.1258229216437,-0.47471151820228025,73.27840001219646,17.097280561462384,True,False,True,False,True,0.3126879339434723,0.0,0.0,0.0,0.0,0,0.9361681704741788,0.9927049337684781,False,False,False,False,-0.09539650348193114,-0.12797182506498586,False,False,False,False,-78870.0,-135954.55196405083,False,False,False,False,7153.700066138463,False,False,False,False
2025-05-27 17:00:00+00:00,64.61,64.685,64.27,64.46,3824.0,,,,,,,,,,,,,63.46726845017685,64.43297787951514,64.91602104969317,65.18597276973907,65.72245509870251,65.7542841024373,66.63132796912289,66.69970675422877,66.98158888155656,66.99144549911841,67.24046176596015,67.64779309203404,,,,,,,,,,,,,,,62.86862576557134,64.20812938426282,64.6406837856035,65.15370104925546,65.2573163432739,66.24705676330407,66.47088986730941,66.7797866803689,67.07116517882072,67.37212894919084,67.6177763117867,67.65256898418093,,,64.91602104969317,65.72245509870251,65.95879718230056,"rgba(239, 83, 80, 0.5)",1.0832199788230605,65.12515286913688,-0.6140515150575334,75.30810915478177,18.417249973127994,True,False,True,False,True,0.0,0.0,0.0,0.0,0.0,0,0.9293394777265739,0.9971198156682031,False,False,False,False,-0.09888349653384484,-0.11342766079941535,False,False,False,False,-82694.0,-135128.80697236012,False,False,False,False,7102.076809299107,False,False,False,False
2025-05-27 18:00:00+00:00,64.47,64.605,64.37,64.55,2877.0,,,,,,,,,,,,,63.47781443363099,64.43328668035016,64.91467624605637,65.18411877629649,65.72004998505855,65.75182631603369,66.62783952411793,66.69616010647961,66.97787369275866,66.98772298325247,67.23658008144935,67.64386239720544,,,,,,,,,,,,,,,62.902765820662566,64.20970954091145,64.64019970590356,65.15186939978634,65.25546684536593,66.24390535022718,66.46751452752127,66.7761875729738,67.06740472947045,67.36815737016101,67.61378917481764,67.64875992866372,,,64.91467624605637,65.72004998505855,65.95823088288144,"rgba(239, 83, 80, 0.5)",1.0616004915232982,65.12678202419877,-0.5433136371019847,77.02448560692557,19.783389719534938,True,False,True,False,True,0.0,0.0,0.0,0.0,0.0,0,0.9314923506206095,0.996824785913596,False,False,False,False,-0.09795340080317981,-0.10569053080129759,False,False,False,False,-79817.0,-134271.2595774398,False,False,False,False,7036.571742488268,False,False,False,False
2025-05-27 19:00:00+00:00,64.54,64.7,64.32,64.41,7434.0,,,,,,,,,,,,,63.50329280497207,64.43374120914771,64.91097445788083,65.17915251239003,65.71371794353627,65.74535961955597,66.61874456108382,66.6869168331885,66.96820290616384,66.978033506995,67.22648509276816,67.63364902271738,,,,,,,,,,,,,,,62.98311839144397,64.21329166794521,64.63866863805966,65.1469537754022,65.25052910398118,66.23566731734091,66.45870626308843,66.76681116351114,67.05761924456242,67.35783279513828,67.60342926056816,67.63886133465859,,,64.91097445788083,65.71371794353627,65.95623997608749,"rgba(239, 83, 80, 0.5)",1.0395107217048987,65.12910459630828,-0.6917721782887268,75.89965745720215,19.783389719534938,True,False,True,False,True,0.0,0.0,0.0,0.0,0.0,0,0.9279685401879909,0.9952042969499333,False,False,False,False,-0.09586130044531961,-0.10077591562330859,False,False,False,False,-87251.0,-133542.26330492136,False,False,False,False,7042.7334208993025,False,False,False,False
2025-05-28 14:00:00+00:00,63.75,63.855,63.54,63.595,3633.0,,,,,,,,,,,,,63.50526324380808,64.42981641028518,64.90584264928546,65.17397005634514,65.70862771379822,65.74021240860485,66.6126507360126,66.68077562610274,66.9619700158367,66.971794539289,67.22012721873969,67.62740192420428,,,,,,,,,,,,,,,62.99967642907235,64.2097087779073,64.63422638636241,65.141693993497,65.24562644060767,66.22982062459972,66.45267515861784,66.76063916044946,67.05136536958297,67.35139715645882,67.59708071866676,67.6328078781464,,,64.90584264928546,65.70862771379822,65.95188210984502,"rgba(255, 0, 0, 1.0)",1.0152345932237388,65.11842595174002,-1.5005654475411365,66.3966998257254,24.37363239460535,True,False,True,False,False,0.0,0.0,0.0,0.0,0.0,0,0.9214069017823278,1.0013272658323857,False,False,False,False,-0.17209067296050443,-0.1364332942919065,False,False,False,False,-90884.0,-132880.89488158925,False,False,False,False,6989.869336854352,False,False,False,False
2025-05-28 15:00:00+00:00,63.595,63.86,63.5,63.595,2598.0,,,,,,,,,,,,,63.50654100864597,64.42699182743539,64.90216443152529,65.17025724673057,65.70498242836457,65.73652656940186,66.6082911827606,66.67638233399317,66.95751148912227,66.96733168320077,67.21557965871119,67.62293348215209,,,,,,,,,,,,,,,63.010831763739965,64.20712100712542,64.63103654043609,65.13792597293632,65.24211330891768,66.22563692792842,66.44836020904451,66.756223955045,67.04689191415882,67.34679417501917,67.59253990783569,67.62847758496211,,,64.90216443152529,65.70498242836457,65.9487269420497,"rgba(255, 0, 0, 1.0)",0.9894814503260908,65.11221056000426,-1.5333390631064894,60.06139473807424,18.79364208758237,True,False,True,False,False,0.0,0.0,0.0,0.0,0.0,0,0.9174789438818959,1.0046370776947102,False,False,False,False,-0.17375136002075,-0.15509232715632826,False,False,False,False,-90884.0,-132229.78023226227,False,False,False,False,6921.778339383742,False,False,False,False
2025-05-28 16:00:00+00:00,63.595,63.85,63.555,63.82,2139.0,,,,,,,,,,,,,63.508218505819215,64.42494979107087,64.89936900870019,65.16739432366303,65.70212198035883,65.73363225395244,66.60482044158762,66.67288212026065,66.95394936559187,66.96376578774688,67.21193855809008,67.61934523691171,,,,,,,,,,,,,,,63.02098389649073,64.2053506837818,64.62866568252838,65.13502493460373,65.23939548137423,66.22232264546476,66.44493157176194,66.75270331428908,67.0433150278221,67.34310510610209,67.58889438055078,67.62499993377,,,64.89936900870019,65.70212198035883,65.94633666801221,"rgba(239, 83, 80, 1.0)",0.9627863421026582,65.10839758637317,-1.3381967836803765,57.780488562050856,16.874938094783033,True,False,True,False,False,0.0,0.0,0.0,0.0,0.0,0,0.9154035619552854,1.0105153467222436,False,False,False,False,-0.17161636392480403,-0.16335434554056616,False,False,False,False,-88745.0,-131555.5975930024,False,False,False,False,6847.626737222753,False,False,False,False
2025-05-28 17:00:00+00:00,63.82,64.14,63.76,63.85,2136.0,,,,,,,,,,,,,63.51110789495765,64.42344189075139,64.89701085428078,65.16489635568074,65.69952808796187,65.73100354893108,66.60157427184117,66.669603318079,66.95059346217319,66.96040572627057,67.20849314624816,67.61593005111233,,,,,,,,,,,,,,,63.03323851250221,64.20425838274083,64.62677534916868,65.13250230945428,65.23700724244439,66.21925468448971,66.44173748665773,66.74939966242378,67.03993978901433,67.33960737853836,67.58542612705978,67.6216895833524,,,64.89701085428078,65.69952808796187,65.9443510465056,"rgba(239, 83, 80, 1.0)",0.9427504900477947,65.10617533732663,-1.3324578990809615,56.51476398706482,15.603817393249699,True,False,True,False,False,0.0,0.0,0.0,0.0,0.0,0,0.916319969742813,1.00784795763994,False,False,False,False,-0.14822899261428812,-0.15579166907742714,False,False,False,False,-86609.0,-130858.75111869228,False,False,False,False,6774.578260676663,False,False,False,False
2025-05-28 18:00:00+00:00,63.845,64.03,63.815,63.975,1750.0,,,,,,,,,,,,,63.513579301367386,64.42226971230694,64.89513304741884,65.16289534132221,65.69743629179962,65.72888316780065,66.59894362198581,66.66694556077508,66.9478706342779,66.95767944571183,67.20569569580094,67.61315433976529,,,,,,,,,,,,,,,63.04329009072923,64.20344172333839,64.6252847294571,65.13048283833909,65.23509146876711,66.2167726272942,66.43915074438559,66.74672099694345,67.03720053951218,67.33676654657391,67.58260754676348,67.6189989057085,,,64.89513304741884,65.69743629179962,65.94276228825602,"rgba(239, 83, 80, 1.0)",0.9264135632043368,65.104606520904,-1.2193328830342733,56.7625333590972,15.509348045247663,True,False,True,False,False,0.0,0.0,0.0,0.0,0.0,0,0.9138061824388385,1.0148871610089136,False,False,False,False,-0.15081919922997472,-0.15330543415370093,False,False,False,False,-84859.0,-130145.57668274356,False,False,False,False,6696.677822526638,False,False,False,False
2025-05-28 19:00:00+00:00,63.975,64.13,63.855,63.86,4357.0,,,,,,,,,,,,,63.51972827904109,64.41942587211305,64.89053021427489,65.15797543010184,65.69227445241667,65.7236502623247,66.59243704677765,66.66037108658068,66.94113164077083,66.95093180372548,67.19876932156903,67.60627742507582,,,,,,,,,,,,,,,63.0675973744447,64.2014938635076,64.62164626090347,65.12551950913657,65.23037676890084,66.21063896703154,66.43275507131159,66.74009375824946,67.03041986851996,67.32973157064261,67.57562499604957,67.61233207650982,,,64.89053021427489,65.69227445241667,65.93882220499914,"rgba(239, 83, 80, 1.0)",0.9109793858481662,65.10111970587434,-1.362401526483277,55.61836605790934,13.910692105910535,True,False,True,False,False,0.0,0.0,0.0,0.0,0.0,0,0.9124585504500229,1.0126006631928,False,False,False,False,-0.144229813696148,-0.14876762392492449,False,False,False,False,-89216.0,-129511.00960239094,False,False,False,False,6660.403747758783,False,False,False,False
2025-05-29 14:00:00+00:00,64.35,64.51,64.21,64.31,4058.0,,,,,,,,,,,,,63.53043654595185,64.41900297831003,64.88806375908506,65.15491351257563,65.68857689847407,65.71988231425502,66.5873066760278,66.65516400641958,66.93570710132146,66.9454975604462,67.19312544455455,67.60058474689816,,,,,,,,,,,,,,,63.09873047517098,64.20249542360378,64.62025998277477,65.12247273453295,65.22735996583953,66.2059482405168,66.42777015831356,66.73481882499695,67.02493719305902,67.32396792984656,67.56985128594062,67.6068115600059,,,64.88806375908506,65.68857689847407,65.9368202216217,"rgba(239, 83, 80, 0.5)",0.8959435612044553,65.1025016713509,-0.8845441896870123,58.46396424307106,13.910692105910535,True,False,True,False,False,0.0,0.0,0.0,0.0,0.0,0,0.9136812411847665,1.001692524682652,False,False,False,False,-0.10982534345066111,-0.12929648368779278,False,False,False,False,-85158.0,-128823.36604266394,False,False,False,False,6620.05640283229,False,False,False,False
2025-05-29 15:00:00+00:00,64.32,64.755,64.29,64.68,3290.0,,,,,,,,,,,,,63.54133249102472,64.41970271871965,64.88692387134142,65.15315172994163,65.68610766858372,65.7173541184799,66.58359205200239,66.65138086977862,66.93171732276616,66.94149913902595,67.18893669847829,67.59631122120774,,,,,,,,,,,,,,,63.127372405754016,64.20461581582691,64.6200779435646,65.12074925077795,65.22556615190716,66.20263338084008,66.42419333367367,66.73097185069689,67.02089113728513,67.31967332013242,67.56552041681805,67.60266625191385,,,64.88692387134142,65.68610766858372,65.93595588168921,#000000,0.8850098080582017,65.1053646204073,-0.4806326625244813,62.47172597544603,13.910692105910535,True,False,True,False,True,1.5542540711762811,0.0,0.0,0.0,0.0,0,0.9138415433601793,0.9987825435474811,False,False,False,False,-0.07963732150584865,-0.10446690259682072,False,False,False,False,-81868.0,-128095.37587145984,False,False,False,False,6568.42762139303,False,False,False,False
2025-05-29 16:00:00+00:00,64.665,64.805,64.545,64.655,2447.0,,,,,,,,,,,,,63.550008819673856,64.42052945466241,64.88633350146668,65.15205871513822,65.6844318954597,65.71563399626577,66.5809660784151,66.64870208029363,66.92887575891748,66.93865091767962,67.18594085112747,67.59323847384802,,,,,,,,,,,,,,,63.149292586370265,64.20657079151772,64.62022186888537,65.11969242119487,65.22442884532406,66.20031749409682,66.42167576737347,66.7282429470689,67.01800496561603,67.3165961381486,67.56240764312464,67.59968526106742,,,64.88633350146668,65.6844318954597,65.935521136364,"rgba(239, 83, 80, 0.5)",0.8771443120393572,65.10784777637505,-0.5162751102178184,64.83224673099419,7.1740000667435595,True,False,True,False,True,1.3686313295224828,0.0,0.0,0.0,0.0,0,0.932782682996297,0.9973416880281024,False,False,False,False,-0.06462041345883629,-0.08454365802782851,False,False,False,False,-84315.0,-127416.61035407287,False,False,False,False,6504.529518735773,False,False,False,False
2025-05-29 17:00:00+00:00,64.63,64.93,64.625,64.835,3199.0,,,,,,,,,,,,,63.56243078159409,64.42215745686671,64.88601801972229,65.15101433931784,65.68252508154988,65.71366825854494,66.57777356183682,66.64543718889912,66.92538196703174,66.93514801267796,67.1822341536127,67.58940696454802,,,,,,,,,,,,,,,63.179368774493014,64.20980526560481,64.62090718416381,65.11870895314051,65.22329052033051,66.19755316186509,66.41863548583115,66.72490786363342,67.01444799032126,67.31277847183871,67.55852834459357,67.59596750319967,,,64.88601801972229,65.68252508154988,65.93533730438406,#000000,0.8776777405261393,65.11180085823285,-0.31537869248789124,67.38959194908395,9.88584654457484,True,False,True,False,True,2.65736331634265,0.0,0.0,0.0,0.0,0,0.9298896499238962,0.9960045662100457,False,False,False,False,-0.05454382553665074,-0.06954374178223963,False,False,False,False,-81116.0,-126698.77143385468,False,False,False,False,6453.280999065451,False,False,False,False
2025-05-29 18:00:00+00:00,64.8,64.835,64.605,64.78,3245.0,,,,,,,,,,,,,63.5742139540047,64.42354682905211,64.88549873913803,65.14979278195068,65.68047600416273,65.71156013699391,66.57444412807732,66.64203593829446,66.92175558296476,66.93151257658614,67.17839685138216,67.5854524270407,,,,,,,,,,,,,,,63.20774547763801,64.21273689415072,64.62137455313737,65.1175429761933,65.22198944668811,66.1946472041589,66.41545574716534,66.72143749445493,67.01075959244926,67.3088307591868,67.55452385570484,67.59213021045527,,,64.88549873913803,65.68047600416273,65.93491084004295,#000000,0.8812633131056127,65.11502861881789,-0.38016857599260623,68.31523423370108,11.11795522314518,True,False,True,False,True,2.2358775347788935,0.0,0.0,0.0,0.0,0,0.9303012967200607,0.9957093821510301,False,False,False,False,-0.060195052236520934,-0.06486939700938028,False,False,False,False,-84361.0,-126042.37187674065,False,False,False,False,6403.5402083822655,False,False,False,False
2025-05-29 19:00:00+00:00,64.755,64.82,64.645,64.745,9917.0,,,,,,,,,,,,,63.608707263774484,64.42767463680845,64.88389857991794,65.14607419169796,65.67424670185605,65.70515183130397,66.56432509478081,66.63169818782299,66.91073043735898,66.92045983995087,67.16672817529826,67.57342068510354,,,,,,,,,,,,,,,63.28823252752386,64.22144321694321,64.62274090286768,65.11399266247575,65.21802911625684,66.1858175417169,66.40579323817012,66.71088884250135,66.99954486963998,67.29682538659064,67.54234160169312,67.58045313018235,,,64.88389857991794,65.67424670185605,65.93330077759317,#000000,0.8824501210918784,65.12328583572456,-0.42867673388326083,68.40462245193842,11.682434272111088,True,False,True,False,True,1.9646269173671733,0.0,0.0,0.0,0.0,0,0.9284075702542531,0.9976103995411972,False,False,False,False,-0.050647472785695,-0.05775843489753764,False,False,False,False,-94278.0,-125549.90099493072,False,False,False,False,6458.012453213548,False,False,False,False
2025-05-30 14:00:00+00:00,64.82,65.125,64.48,64.535,3443.0,,,,,,,,,,,,64.71333333333334,63.6199709465903,64.4289760939727,64.88326427825383,65.14472608201675,65.67204984351277,65.70289351391068,66.56079344293907,66.62809142560805,66.90688787992525,66.91660779721758,67.16266441469828,67.56923305433592,,,,,,,,,,,,,,,63.31381116469004,64.22426476950187,64.6231121196902,65.11270021908147,65.21660331667121,66.18272804629136,66.40241801954068,66.7072097429467,66.99563726582824,67.29264575857232,67.53810177374172,67.5763882847217,,,64.88326427825383,65.67204984351277,65.88380450350368,"rgba(239, 83, 80, 0.5)",0.883295809163239,65.02586771059337,-0.5557229022272673,65.44272251049253,11.682434272111088,True,False,True,False,True,0.34457543890704656,0.0,0.0,0.0,0.0,0,0.9313828266463354,0.9894215191079772,False,False,False,False,-0.043564828850288,-0.050661631873912816,False,False,False,False,-97721.0,-125118.44516555195,False,False,False,False,6411.268074093958,False,False,False,False
2025-05-30 15:00:00+00:00,64.535,64.96,64.5,64.955,2178.0,,,,,,,,,,,,64.74885192433138,63.62756585607006,64.43005670370387,64.88308059512356,65.14405790420288,65.67079769714668,65.70160207648334,66.55867681847515,66.6259257201804,66.90456534598964,66.91427906921399,67.16019662191471,67.56667516040733,,,,,,,,,,,,,,,63.33055219077367,64.22636441530949,64.62358237754836,65.11207360577508,65.21586905122682,66.18090185940059,66.40040533637696,66.70499605584122,66.99327125830308,67.29010246990826,67.53551308918806,67.57390499662226,,,64.88308059512356,65.67079769714668,65.88495472798067,#000000,0.8889363367585258,65.0295135685789,-0.0838232902601541,66.56105977547516,11.682434272111088,True,False,True,False,True,3.4195124132930346,0.0,0.0,0.0,0.0,0,0.9330015313935678,0.9947358346094951,False,False,False,False,-0.012764714400337074,-0.03171317313712495,False,False,False,False,-95543.0,-124659.9111319775,False,False,False,False,6345.636010929709,False,False,False,False
2025-05-30 16:00:00+00:00,64.95,64.96,64.69,64.83,2017.0,,,,,,,,,,,,64.76940080300253,63.634640869701734,64.43110941864587,64.88295824704544,65.14348085107278,65.66967027000184,65.7004382333053,66.55674536491583,66.62394849950255,66.90244121777113,66.91214916495949,67.15793683582663,67.56432911832836,,,,,,,,,,,,,,,63.34594685916402,64.22836766078117,64.62406746278462,65.11153636855711,65.21522713130057,66.1792415422261,66.39857120253376,66.70297392238629,66.99110635171948,67.28777231175758,67.53313912063149,67.57162720569475,,,64.88295824704544,65.66967027000184,65.88555304134465,#000000,0.8899401488118879,65.03229217286301,-0.22730986250376561,65.6720863769923,11.682434272111088,True,False,True,False,True,2.450710688845117,0.0,0.0,0.0,0.0,0,0.9530266343825661,0.9814043583535113,False,False,False,False,-0.0011498320198073148,-0.01643150257846613,False,False,False,False,-97560.0,-124239.75747101661,False,False,False,False,6278.5253751013415,False,False,False,False
2025-05-30 17:00:00+00:00,64.795,64.815,64.56,64.565,1618.0,,,,,,,,,,,,64.74794619706137,63.63940830802766,64.43156741149086,64.88254787594119,65.14275732441654,65.66857539799874,65.69931498856556,66.55503822392208,66.622207013573,66.90059293385053,66.91029653685561,67.15598751750468,67.56232652223474,,,,,,,,,,,,,,,63.35659544217204,64.22948442792195,64.62411068192664,65.11083547811361,65.21447588832315,66.17773575235564,66.3969348546976,66.701199635697,66.98922866465364,67.28576980895824,67.53111131928085,67.56968309317689,,,64.88254787594119,65.66857539799874,65.8842292519488,"rgba(239, 83, 80, 0.5)",0.8912665196269106,65.03200711398185,-0.5239814395556363,61.98497192815245,11.682434272111088,True,False,True,False,False,0.4347050282607725,0.0,0.0,0.0,0.0,0,0.9493141356163047,0.977040568148653,False,False,False,False,-0.01696156216331741,-0.01669653237089177,False,False,False,False,-99178.0,-123851.203091621,False,False,False,False,6206.269167735429,False,False,False,False
2025-05-30 18:00:00+00:00,64.56,64.715,64.55,64.64,1167.0,,,,,,,,,,,,64.73530029741917,63.642779581623806,64.43187868624477,64.88223817936682,65.1422245380007,65.66777816443707,65.69849735884068,66.5538013071614,66.62094544446335,66.89925482749435,66.90895531135901,67.15457689995135,67.56087806099018,,,,,,,,,,,,,,,63.36409977113251,64.2302637916544,64.62412568144765,65.1103185906058,65.21392416951673,66.17664325876787,66.39574866295763,66.69991455555993,66.98786949293881,67.28432098947565,67.529644604801,67.56827689417507,,,64.88223817936682,65.66777816443707,65.88337036481543,#000000,0.893963857422232,65.0319004039767,-0.4383850652606482,60.19586406016039,15.753770823038337,True,False,True,False,False,0.9910445698522956,0.0,0.0,0.0,0.0,0,0.9473067915690863,0.9770686963309917,False,False,False,False,-0.023288186591351127,-0.01999235948112145,False,False,False,False,-98011.0,-123450.57978787494,False,False,False,False,6128.140963584492,False,False,False,False
2025-05-30 19:00:00+00:00,64.61,64.865,64.52,64.84,4053.0,,,,,,,,,,,,64.73708275766786,63.65555261117661,64.4335162262317,64.88163004804683,65.14077012354086,65.66530387456581,65.69595128985229,66.54975595605617,66.61681108337999,66.89483817607267,66.90452740833865,67.14989693772999,67.55604164753116,,,,,,,,,,,,,,,63.391622859340025,64.23365467126482,64.62468530903081,65.10893302811904,65.21236772608317,66.17312270392087,66.391890206761,66.6956937605618,66.98337469183342,67.2795036004046,67.52474949758717,67.56358081813602,,,64.88163004804683,65.66530387456581,65.88259428052933,#000000,0.8993305969004853,65.03453929454561,-0.2163156632456184,60.6966543126553,15.753770823038337,True,False,True,False,False,2.463700333953586,0.0,0.0,0.0,0.0,0,0.9441678867740355,0.977452415812592,False,False,False,False,-0.008974834290322972,-0.01448359688572221,False,False,False,False,-93958.0,-122993.33048883812,False,False,False,False,6095.968235466903,False,False,False,False
2025-06-02 14:00:00+00:00,64.02,64.33,63.845,64.18,3333.0,,,,,,,,,,,,64.62128221685664,63.659934317178966,64.43215206743933,64.8789241598658,65.13772627355496,65.6619125065391,65.69250663018185,66.54530053886225,66.61229911139597,66.89017210607582,66.89985412228712,67.14506930270156,67.551198683338,,,,,,,,,,,,,,,63.40336986095415,64.23302927402057,64.62271050539708,65.10588073475634,65.20941060780788,66.16898540415407,66.3875372057746,66.69113348218677,66.97866776947872,67.27458598147892,67.51983812736452,67.55888019556222,,,64.8789241598658,65.6619125065391,65.87529444740852,"rgba(239, 83, 80, 0.5)",0.8991987173768621,65.02685746869702,-0.9417912329406545,54.798418986795845,10.337884511831746,False,False,True,False,False,0.0,0.0,0.0,0.0,0.0,0,0.9326793614156562,0.9725908828620892,False,False,False,False,-0.08035530053330595,-0.047419448709514075,False,False,False,False,-97291.0,-122594.84474482512,False,False,False,False,6053.131518637958,False,False,False,False
2025-06-02 15:00:00+00:00,64.115,64.135,63.475,63.7,3045.0,,,,,,,,,,,,64.49698211374316,63.66087822886891,64.42954412424119,64.87534430011954,65.1340164064393,65.6581308946073,65.68867927429277,66.54066218920245,66.60761748510913,66.88538892228401,66.89506537310623,67.14016619935619,67.54633836050375,,,,,,,,,,,,,,,63.408705409202994,64.23074651361095,64.6196830319856,65.10213077224223,65.20586489723817,66.16458055426412,66.38296665231152,66.68641917230634,66.97385902699642,67.26961228934616,67.5149052787376,67.55416329403643,,,64.87534430011954,65.6581308946073,65.8668980305661,"rgba(239, 83, 80, 1.0)",0.8994665436034417,65.01701755785727,-1.4642207286343698,48.0184690571752,4.156927961917972,False,True,False,True,False,0.0,0.0,0.0,0.0,0.0,0,0.92461303267724,0.9787884578635582,False,False,False,False,-0.09424304590532763,-0.07083124730742085,False,False,False,False,-100336.0,-122249.7463766883,False,False,False,False,6006.493820674578,False,False,False,False
2025-06-02 16:00:00+00:00,63.7,63.9,63.495,63.63,1585.0,,,,,,,,,,,,64.43892062926155,63.660940987896645,64.4280003721847,64.87333065559446,65.1319593388324,65.65606970645223,65.68659471881712,66.53817136672362,66.60510529697012,66.88282920662293,66.89250290238756,67.13754785895644,67.54374986008638,,,,,,,,,,,,,,,63.410707472215755,64.22932399639335,64.61794040298005,65.10004853186246,65.20390451429287,66.16220340320633,66.38050760627858,66.6838915322733,66.97128760215526,67.26695881130807,67.51227773187162,67.55165114947215,,,64.87333065559446,65.65606970645223,65.86265702620383,"rgba(255, 0, 0, 1.0)",0.9001588948818389,65.01199446968666,-1.5352783575704854,43.13592828242675,-0.0995413285329505,False,True,False,True,False,0.0,0.0,0.0,0.0,0.0,0,0.9364206464061738,0.9818620356970575,False,False,False,False,-0.10817509019953965,-0.08950316875348024,False,False,False,False,-101921.0,-121934.57201425903,False,False,False,False,5937.943528881174,False,False,False,False
2025-06-02 17:00:00+00:00,63.63,63.725,63.41,63.58,1344.0,,,,,,,,,,,,64.38991128116722,63.660605829520435,64.4265173311651,64.87148169129401,65.13009619852569,65.65423428682497,65.68473987347956,66.53598656085444,66.60290345266594,66.88059207747119,66.89026356913911,67.13526457074575,67.54149909957985,,,,,,,,,,,,,,,63.41172709919166,64.22789967218257,64.61630639052606,65.09815996659542,65.2021340540878,66.16010765613599,66.3783464497886,66.68167805027166,66.96904204757358,67.26464722312332,67.50999259816324,67.54946681304855,,,64.87148169129401,65.65423428682497,65.85894415372486,"rgba(255, 0, 0, 1.0)",0.8980266554355321,65.0075205603948,-1.5896193634725313,39.60572382290066,-3.1466208077176248,False,True,False,True,False,0.0,0.0,0.0,0.0,0.0,0,0.9372045914922342,0.9823478344747757,False,False,False,False,-0.12507972268792167,-0.10729144572070096,False,False,False,False,-103265.0,-121645.12128535578,False,False,False,False,5866.719598200845,False,False,False,False
2025-06-02 18:00:00+00:00,63.575,63.735,63.405,63.62,2607.0,,,,,,,,,,,,64.31056081849185,63.66007127915159,64.42370544673558,64.86795134724176,65.12652952548612,65.65070884134212,65.68117670536223,66.53177918348175,66.598662655075,66.87628088621622,66.88594805654017,67.13086253725182,67.53715696068251,,,,,,,,,,,,,,63.58666666666666,63.413850595049624,64.2252171323457,64.61319665509325,65.09454579793729,65.19874225678832,66.15607562285332,66.37418620627892,66.67741411788992,66.9647139145242,67.26018977573518,67.5055844522739,67.54525256606519,,,64.86795134724176,65.65070884134212,65.6940710974598,"rgba(239, 83, 80, 1.0)",0.8918654758571366,64.84916479362066,-1.378195284932809,37.741961704569256,-4.804712941572653,False,True,False,True,False,0.0,0.0,0.0,0.0,0.0,0,0.9386792452830183,0.9792067770504431,False,False,False,False,-0.12475399263036284,-0.11602271917553189,False,False,False,False,-100658.0,-121319.73956000143,False,False,False,False,5816.181309856646,False,False,False,False
2025-06-02 19:00:00+00:00,63.64,63.9,63.445,63.89,5861.0,,,,,,,,,,,,64.20778099903879,63.661429584331636,64.41863494778742,64.8610569946685,65.11938921786059,65.64343138053378,65.67381232284676,66.52287011673435,66.589670892491,66.8670941717579,66.87675069599774,67.12144609036388,67.52781964696112,,,,,,,,,,,,,,63.69625472366557,63.42264740541985,64.22074274910167,64.60734136975039,65.0873298708897,65.19191250915134,66.14761262289072,66.36540705363394,66.66835969024264,66.95547801523264,67.2506382097368,67.49610917418406,67.53618848291673,,,64.8610569946685,65.64343138053378,65.68804081821092,"rgba(239, 83, 80, 1.0)",0.8793289978644695,64.84331553211517,-1.08413976387721,39.62092664984763,-4.804712941572653,False,True,False,True,False,0.0,0.0,0.0,0.0,0.0,0,0.9390138822403056,0.9758736237434182,False,False,False,False,-0.11142090785995723,-0.11372181351774456,False,False,False,False,-94797.0,-120908.53429550529,False,False,False,False,5816.876173269721,False,False,False,False
2025-06-03 14:00:00+00:00,64.51,64.6,63.99,64.17,3798.0,,,,,,,,,,,,64.21258023800938,63.667501129836715,64.41783854592813,64.85864876703774,65.11649831297684,65.63999992308956,65.67031979171186,66.51817818859882,66.58491014479377,66.8621343919991,66.87178214462799,67.11628650001512,67.52260326163388,,,,,,,,,,,,,,63.86874653513778,63.43670493381038,64.2209383435914,64.60580097352481,65.08445015384157,65.1890637794638,66.14331375547181,66.36084684343591,66.66353718491473,66.95046444386143,67.24536984381076,67.49082316065596,67.53112236077749,,,64.85864876703774,65.63999992308956,65.69277365167116,"rgba(239, 83, 80, 0.5)",0.8710544247115984,64.85150527220149,-0.7823911490113077,43.5545781634157,-4.804712941572653,False,True,False,True,True,0.0,0.0,0.0,0.0,0.0,0,0.9492443684060444,0.9659728162722178,False,False,False,False,-0.031117917724492645,-0.0724198656211186,False,False,False,False,-90999.0,-120444.82058549745,False,False,False,False,5785.575767482594,False,False,False,False
2025-06-03 15:00:00+00:00,64.17,64.33,63.76,63.83,3483.0,,,,,,,,,,,,64.19150118891025,63.670351252955484,64.41588323452868,64.85544314322745,65.11300957866827,65.63623550027053,65.66650207035862,66.51336257805579,66.58003901067748,66.85711608069708,66.86675671845764,67.1111099604438,67.51742564340964,,,,,,,,,,,,,,63.891876627087434,63.444905731986616,64.21958303343087,64.60328719748192,65.08094287115982,65.18568928290702,66.13880702623702,66.35612880939992,66.65861973474401,66.94540739971268,67.24010407021333,67.48557274160589,67.5260944396633,,,64.85544314322745,65.63623550027053,65.68982641946509,"rgba(239, 83, 80, 1.0)",0.8629166287115735,64.84938398330812,-1.1813238375417172,43.39141554593073,-4.804712941572653,False,True,False,True,True,0.0,0.0,0.0,0.0,0.0,0,0.9424766222725979,0.9723245489751585,False,False,False,False,-0.06326210650443882,-0.06784098606277872,False,False,False,False,-94482.0,-120042.2962353347,False,False,False,False,5749.876918374336,False,False,False,False
2025-06-03 16:00:00+00:00,63.85,63.92,63.65,63.7,2549.0,,,,,,,,,,,,64.16516167233036,63.67093595310736,64.41376785795964,64.85253918131808,65.10998701152994,65.63313374892694,65.66336283624301,66.50955021504663,66.57619026354868,66.85317940901282,66.86281536063149,67.1070715051752,67.5134149501105,,,,,,,,,,,,,,63.87304122490619,63.44835391508976,64.21773605460916,64.60083174228237,65.07789073512645,65.1827923005957,66.13519184757217,66.35237486823115,66.65474286741537,66.94144831488491,67.23600620928437,67.48150376903308,67.52219994498347,,,64.85253918131808,65.63313374892694,65.68532095255885,"rgba(239, 83, 80, 1.0)",0.8531231863980759,64.84463063131695,-1.3416944347153714,42.34471699859459,-4.804712941572653,False,True,False,True,True,0.0,0.0,0.0,0.0,0.0,0,0.9490567844489126,0.9777841616393759,False,False,False,False,-0.09683213357881414,-0.08233655982079643,False,False,False,False,-97031.0,-119685.53195261632,False,False,False,False,5700.25091963985,False,False,False,False
2025-06-03 17:00:00+00:00,63.71,63.88,63.64,63.84,2226.0,,,,,,,,,,,,64.1461459438313,63.67161654575654,64.41201544198293,64.850084806135,65.10741671981975,65.63047657359115,65.66067282494635,66.50626574281597,66.57287345890528,66.84978297361572,66.85941476350126,67.10358424117749,67.50994738154742,,,,,,,,,,,,,,63.863673179367254,63.451590355940034,64.2162392975746,64.59877484583664,65.07529709916722,65.18032502087972,66.13208344135046,66.34914325635012,66.65140068473428,66.93803143590081,67.2324662803197,67.47798621898164,67.51883256633536,,,64.850084806135,65.63047657359115,65.68189234136115,"rgba(239, 83, 80, 1.0)",0.8391490112381077,64.84117007378549,-1.1930778209561723,43.10782342116779,-4.804712941572653,False,True,False,True,True,0.0,0.0,0.0,0.0,0.0,0,0.944188722669735,0.982355197545071,False,False,False,False,-0.10007031818842005,-0.09120343900460824,False,False,False,False,-94805.0,-119299.78727118041,False,False,False,False,5646.386564296597,False,False,False,False
2025-06-03 18:00:00+00:00,63.855,63.905,63.77,63.84,2363.0,,,,,,,,,,,,64.13056074566103,63.672650862955464,64.41031867175009,64.84761770021333,65.1048054507743,65.6277430237965,65.65790417743604,66.50285385959357,66.56942627150138,66.84624640224423,66.85587365280706,67.09994789695607,67.50632443578834,,,,,,,,,,,,,,63.861056931882736,63.455478319690954,64.2148514920471,64.59674089162007,65.07266514761595,65.17781216082827,66.12886520860113,66.3457906385824,66.64792515274638,66.93447168824339,67.22877265245704,67.47431166325926,67.51531397159847,,,64.84761770021333,65.6277430237965,65.67884060396209,"rgba(239, 83, 80, 1.0)",0.8250878085941629,64.8383128751125,-1.209947431914541,43.61656103621658,-4.804712941572653,False,True,False,True,True,0.0,0.0,0.0,0.0,0.0,0,0.9493890118348883,0.9795054363513905,False,False,False,False,-0.09003844817670562,-0.09062094359065692,False,False,False,False,-94805.0,-118920.02312744116,False,False,False,False,5595.481346245487,False,False,False,False
2025-06-03 19:00:00+00:00,63.84,63.915,63.68,63.81,4869.0,,,,,,,,,,,,64.09948941578222,63.67427932166777,64.40663179917185,64.84238862700525,65.09930382825527,65.6220218326946,65.65211135068017,66.49575469622185,66.5622556236816,66.8388968550534,66.84851490452948,67.09239668372261,67.49880739608447,,,,,,,,,,,,,,63.850638600662926,63.462503928376414,64.21174842350158,64.59238304297644,65.06711707552208,65.17252300364902,66.12215668263606,66.33881006237846,66.64069766528183,66.92707592902984,67.22110512864455,67.46668740918477,67.5080129343992,,,64.84238862700525,65.6220218326946,65.67225197145576,"rgba(239, 83, 80, 1.0)",0.8091330696017471,64.83201995777097,-1.263104915825527,43.66551547216127,-4.804712941572653,False,True,False,True,True,0.0,0.0,0.0,0.0,0.0,0,0.9530525502318389,0.9767194744976816,False,False,False,False,-0.09521380431270846,-0.09291737395168269,False,False,False,False,-99674.0,-118621.63517197694,False,False,False,False,5584.21806955951,False,False,False,False
2025-06-04 14:00:00+00:00,64.69,65.25,64.56,65.21,10543.0,,,,,,,,,,,,64.25354968697314,63.70972622529292,64.41440018272287,64.84414793239002,65.09846464335754,65.61787533471941,65.64777907970196,66.48732847619134,66.55357762113236,66.82936947423138,66.83895565311306,67.08210790270115,67.4879057570985,,,,,,,,,,,,,,64.16887155452275,63.52750371976278,64.22446845701009,64.59724221944097,65.0665510512084,65.17115408000757,66.1152370763751,66.3309422173821,66.63176221707585,66.91730910755577,67.2104289269148,67.45567876658139,67.49740972674259,,,64.84414793239002,65.61787533471941,65.69129349453853,#000000,0.8080716284807788,64.86567635461233,0.42610535161964425,53.18224584415273,-2.7867646138699484,False,True,True,False,True,5.636244850256446,0.0,0.0,0.0,0.0,0,0.9558293838862555,0.9628436018957348,False,False,False,False,0.047177820638907575,-0.022869776656387557,False,False,False,False,-89131.0,-118164.41602202381,False,False,False,False,5661.098409566339,False,False,False,False
2025-06-04 15:00:00+00:00,65.205,65.33,64.925,65.245,3421.0,,,,,,,,,,,,64.30123869644648,63.72219562403787,64.4175471638894,64.84526479304566,65.09866453003353,65.61689093071607,65.64673352399431,66.48490802558821,66.55107164493326,66.82656878554236,66.83614414414411,67.0790468631706,67.4846156353338,,,,,,,,,,,,,,64.25068979705976,63.54959079241913,64.22933530528212,64.59940115734379,65.06685430695195,65.17114209411052,66.11333161188972,66.32871522893197,66.62916719563678,66.9144248789719,67.207236701669,67.45235980827786,67.4942082543016,,,64.84526479304566,65.61689093071607,65.69692556957679,#000000,0.8077123852561123,64.87598370384778,0.4568659623006966,59.656669694086716,3.0374920183689085,False,False,True,False,True,5.85603229226037,0.0,0.0,0.0,0.0,0,0.9562588568729328,0.963911195087388,False,False,False,False,0.07583013616879283,0.026480179756202638,False,False,False,False,-85710.0,-117661.24678137228,False,False,False,False,5626.368201666086,False,False,False,False
2025-06-04 16:00:00+00:00,65.285,65.67,65.185,65.575,5992.0,,,,,,,,,,,,64.39975138121547,63.748107960772934,64.42525115092039,64.84907143832154,65.10059505697427,65.6163571272164,65.64608862893012,66.48168179107611,66.54768208889344,66.82259785952161,66.83215259127066,67.0745741559749,67.47964299963178,,,,,,,,,,,,,,64.40465637575453,63.59402349957864,64.24051923766598,64.60518850115089,65.06901708991442,65.17256479072375,66.11109939907081,66.32587016067613,66.62560276959678,66.91028788038125,67.2025151521498,67.44735496622097,67.48936593985196,,,64.84907143832154,65.6163571272164,65.70929016214413,"rgba(38, 166, 154, 0.5)",0.8171257139701668,64.89770026088192,0.8288807065283615,65.15584094931096,7.835406235774549,True,False,True,False,True,7.901546993696023,0.0,0.0,0.0,0.0,0,0.9724622542968372,0.9548001139492928,False,False,False,False,0.11466905226182833,0.07057461600901549,False,False,False,False,-79718.0,-117072.97938941301,False,False,False,False,5632.036911717774,False,False,False,False
2025-06-04 17:00:00+00:00,65.56,65.61,65.405,65.53,2797.0,,,,,,,,,,,,64.441739083616,63.76020578388247,64.42893876574098,64.85094024494656,65.10158063970287,65.6161773386123,65.64585700309506,66.4802400495118,66.54616356011982,66.82080482583864,66.8303498565932,67.0725447632561,67.47737451141057,,,,,,,,,,,,,,64.46614306361242,63.61447840288722,64.24583117263069,64.60798159154562,65.07011305875558,65.17330750582296,66.11012541060171,66.32460826359434,66.62400173262584,66.90841633193233,67.20036875062523,67.44507270571405,67.48715644742182,,,64.85094024494656,65.6161773386123,65.71453457666696,"rgba(38, 166, 154, 0.5)",0.8398982563858008,64.90711750562498,0.7416166061058036,68.32732592625652,10.533755599363111,True,False,True,False,True,7.561687530258464,0.0,0.0,0.0,0.0,0,0.9748098859315582,0.9530418250950572,False,False,False,False,0.12507970965818982,0.09782716283360265,False,False,False,False,-82515.0,-116537.19676322055,False,False,False,False,5588.082851070986,False,False,False,False
2025-06-04 18:00:00+00:00,65.495,65.55,65.215,65.295,2760.0,,,,,,,,,,,,64.47439235840731,63.77089731712636,64.4320151839624,64.85232762680435,65.10217008142138,65.61571807392093,65.6453478562657,66.47858401348428,66.54443524901758,66.81882186887803,66.82835775469725,67.07034006741824,67.47495717059246,,,,,,,,,,,,,,64.51211060842141,63.632559129576464,64.25036743500168,64.61023270722424,65.07079818261603,65.17369197964521,66.10890718235459,66.32311902252724,66.62219674554055,66.90636075851354,67.19805343403968,67.44263771875835,67.48480269609449,,,64.85232762680435,65.61571807392093,65.71837598104861,#000000,0.8552176478675215,64.9145146743725,0.4448988237979431,67.8850012691313,10.533755599363111,True,False,True,False,True,5.796628461048563,0.0,0.0,0.0,0.0,0,0.9715180860153796,0.9541441184847624,False,False,False,False,0.10882405697686572,0.10332560990523418,False,False,False,False,-85275.0,-116052.51154208534,False,False,False,False,5544.236605317948,False,False,False,False
2025-06-04 19:00:00+00:00,65.295,65.465,65.225,65.465,3044.0,,,,,,,,,,,,64.50899945065922,63.78275646642065,64.43550030916036,64.85394506379487,65.10289854465458,65.6152743160712,65.64484904217069,66.47681444971712,66.54258541868019,66.81668819703812,66.82621392535468,67.06795978386089,67.47233715953587,,,,,,,,,,,,,,64.55929465665122,63.65242828090197,64.25546998098142,64.61280487423596,65.07163423188588,65.17418852824966,66.10762426053243,66.3215352874483,66.62026149881714,66.90414606049298,67.19555031603424,67.43999934498203,67.48225123947643,,,64.85394506379487,65.6152743160712,65.72247037793326,"rgba(38, 166, 154, 0.5)",0.8721952318840989,64.9224726593595,0.6220251164048984,68.43871057722046,10.84503782029745,True,False,True,False,True,6.871763007029546,0.0,0.0,0.0,0.0,0,0.9688069872348587,0.9682311162299646,False,False,False,False,0.10395889571265389,0.10364225280894404,False,False,False,False,-82231.0,-115528.147022053,False,False,False,False,5505.473247095964,False,False,False,False
2025-06-05 14:00:00+00:00,65.845,65.97,65.445,65.475,3680.0,,,,,,,,,,,65.63,64.55824126241407,63.799019786101816,64.44075812977498,64.85678345014664,65.10453471864906,65.61530847737282,65.64481472736493,66.47516113036097,66.54082860691622,66.81455715696224,66.82406980525593,67.06550874518688,67.46954923941949,,,,,,,,,,,,,,64.62497224676213,63.67916813027726,64.26290247129087,64.61687113984213,65.07342463296587,65.17547975402823,66.10660313913719,66.32012678810177,66.61839240911887,66.90190764318535,67.1929416609614,67.43719793738458,67.47953432938571,,,64.85678345014664,65.61530847737282,65.65518295798249,"rgba(38, 166, 154, 0.5)",0.8887096983417955,64.8917586052489,0.656278867935551,68.85941148128732,11.677939713934165,True,False,True,False,True,6.935235113971995,0.0,0.0,0.0,0.0,0,0.9639613803651651,0.9584169773444223,False,False,False,False,0.1512299043759525,0.12743607859244827,False,False,False,False,-78551.0,-114954.8579209359,False,False,False,False,5477.171336288275,False,False,False,False
2025-06-05 15:00:00+00:00,65.57,65.57,65.18,65.4,4790.0,,,,,,,,,,,65.49050373868556,64.60286550896132,63.81696982096947,64.4461277341966,64.85927829555054,65.10565663995118,65.6146101184734,65.64403056279725,66.47239350017543,66.53793545159134,66.81121954158408,66.82071628881788,67.06178482886257,67.46544810905502,,,,,,,,,,,,,,64.68104482142948,63.70864280177747,64.27073328498832,64.62083863127717,65.07471271693488,65.17624335016805,66.10459602458194,66.31764979953863,66.61536556528756,66.89844303909003,67.18902531551007,67.43306857167951,67.47553978175749,,,64.85927829555054,65.6146101184734,65.65497823811519,"rgba(38, 166, 154, 0.5)",0.9014585928335447,64.89566749189312,0.5594627552682389,68.1850862993893,11.677939713934165,True,False,True,False,True,6.355170846285436,0.0,0.0,0.0,0.0,0,0.9557040572792357,0.9694510739856804,False,False,False,False,0.10785062141122845,0.11764335000183836,False,False,False,False,-83341.0,-114464.72058882836,False,False,False,False,5466.517517121015,False,False,False,False
2025-06-05 16:00:00+00:00,65.4,65.685,65.26,65.58,2455.0,,,,,,,,,,,65.49451029748283,64.62728760395953,63.826734602130934,64.44922005596355,64.86085064207377,65.1064854394165,65.61444639082274,65.64382231214239,66.47114263594815,66.53661815995522,66.80966417617113,66.81915251240129,67.06002427287545,67.46347823139783,,,,,,,,,,,,,,64.71125085517119,63.72445594714444,64.27515066968881,64.6231869462342,65.07563446481828,65.17686745999548,66.10374917126879,66.31655451649168,66.61397678557314,66.89681945386019,67.18716314663794,67.43108726717102,67.47362033245858,,,64.86085064207377,65.61444639082274,65.65823423141595,"rgba(38, 166, 154, 0.5)",0.9140435852159992,64.9019243273267,0.7418417279445865,68.83961149071354,12.653762052248531,True,False,True,False,True,7.5250291997778795,0.0,0.0,0.0,0.0,0,0.9526280388200246,0.9744402805803785,False,False,False,False,0.12074379442758759,0.11919357221471297,False,False,False,False,-80886.0,-113944.12026962172,False,False,False,False,5419.827323057123,False,False,False,False
2025-06-05 17:00:00+00:00,65.615,65.815,65.29,65.395,3208.0,,,,,,,,,,,65.49575638576381,64.65699885385604,63.83926339355182,64.45320224376202,64.86286751877387,65.1075409683917,65.61421646106362,65.64353446994063,66.46949888426579,66.53488799019517,66.80762435631587,66.81710174565627,67.05771739992214,67.46089917353918,,,,,,,,,,,,,,64.74716925020583,63.74461066625149,64.28083696687722,64.62620815977854,65.07680995912057,65.17765905597837,66.10263075182733,66.31511303625913,66.61215364250663,66.89469088922061,67.18472397392102,67.42849320007326,67.47110717437575,,,64.86286751877387,65.61421646106362,65.66205240893915,"rgba(38, 166, 154, 0.5)",0.9297261148572167,64.90949282502211,0.522204515092539,66.85523099452571,12.653762052248531,True,False,True,False,True,6.0759548408041155,0.0,0.0,0.0,0.0,0,0.9540273920122588,0.9726079877406378,False,False,False,False,0.13392455306369988,0.1265590626392064,False,False,False,False,-84094.0,-113481.327707302,False,False,False,False,5385.535426575617,False,False,False,False
2025-06-05 18:00:00+00:00,65.4,65.5,65.275,65.425,1502.0,,,,,,,,,,,65.48655740326191,64.66865639134659,63.844715818257676,64.4548792428904,64.86365993398938,65.10790779842755,65.61401514743879,65.64330647907435,66.46865199805006,66.53400181573903,66.80659861552803,66.81607102289556,67.05657046755418,67.45963251280916,,,,,,,,,,,,,,64.7607978679046,63.753362095363464,64.28326431938372,64.62745449268151,65.0772285705498,65.17791378595801,66.10202186809103,66.3143572917308,66.61122552023275,66.89362521667236,67.1835167210923,67.42721818484635,67.46987311659711,,,64.86365993398938,65.61401514743879,65.66310312275841,"rgba(38, 166, 154, 0.5)",0.9458615739715657,64.9120474405156,0.5423125049160992,65.76162731872692,12.653762052248531,True,False,True,False,False,6.275636951729105,0.0,0.0,0.0,0.0,0,0.9542928325028741,0.9760444614794942,False,False,False,False,0.11229853720851486,0.11942879992386063,False,False,False,False,-82592.0,-113002.42340176243,False,False,False,False,5325.325575000801,False,False,False,False
2025-06-05 19:00:00+00:00,65.47,65.625,65.335,65.61,1640.0,,,,,,,,,,,65.49004872165942,64.6830515416979,63.85109451969731,64.45694161153527,64.86472083600144,65.10847596094375,65.61392219323446,65.6431839691515,66.46783537516802,66.53314086411856,66.80557839090378,66.81504518109453,67.05541306990142,67.45833396307573,,,,,,,,,,,,,,64.77779191806634,63.763520353825385,64.28619407905319,64.62902728000651,65.07785858443206,65.17834534329785,66.10147483288142,66.31364464813862,66.61031677035295,66.89255930446822,67.18229143781019,67.4259124395993,67.46860754224485,,,64.86472083600144,65.61392219323446,65.66509556908157,"rgba(38, 166, 154, 0.5)",0.9650995374136143,64.91594441079516,0.7191544108132589,66.41604266323746,12.653762052248531,True,False,True,False,False,7.506068687257745,0.0,0.0,0.0,0.0,0,0.9551724137931027,0.9743295019157089,False,False,False,False,0.12440804961216477,0.1219184247680127,False,False,False,False,-80952.0,-112505.51761258782,False,False,False,False,5268.188744380634,False,False,False,False
2025-06-06 14:00:00+00:00,64.765,65.03,64.595,64.795,2232.0,,,,,,,,,,,65.41185582953128,64.68582162853195,63.856010997800915,64.4578579335555,64.8645940473057,65.10791522974992,65.61279757595052,65.64202303029401,66.4658846454547,66.53114156743658,66.80341789394726,66.81287848944977,67.05310516375707,67.4559159463915,,,,,,,,,,,,,,64.77864193704387,63.7716051588335,64.28786224844637,64.62945070248057,65.07733834123339,65.17771442698971,66.09981116052856,66.31179917458937,66.60826859239376,66.89035337758406,67.17990762241166,67.42346991364337,67.4662541787738,,,64.8645940473057,65.61279757595052,65.66166106755773,#000000,0.969773006782279,64.9130454405567,-0.12172481573639132,58.70490456186,14.086728882189092,False,False,True,False,False,1.3603259211991805,0.0,0.0,0.0,0.0,0,0.943255020841227,0.9769799166350891,False,False,False,False,0.04855775794329769,0.0852380913556552,False,False,False,False,-83184.0,-112050.92044029964,False,False,False,False,5221.116050669306,False,False,False,False
2025-06-06 15:00:00+00:00,64.795,64.96,64.545,64.7,5133.0,,,,,,,,,,,65.27085335497834,64.68823180822895,63.86628980264133,64.45951787160355,64.86394640763919,65.10632866552287,65.60999423454096,65.63913736530051,66.4612228063391,66.52637089343506,66.79828931262678,66.80773600948481,67.04764678030082,67.45022187826274,,,,,,,,,,,,,,64.77587472566387,63.78847585841424,64.2911339321266,64.63002613302405,65.07583467821526,65.1759929041748,66.09579019255247,66.30737091579167,66.60338926639938,66.8851241232133,67.17427859640998,67.41771664288208,67.46071241882244,,,64.86394640763919,65.60999423454096,65.6546629312604,#000000,0.9733000750204921,64.90735687926482,-0.21304516930244352,52.91218519651483,8.864144371536597,False,True,False,False,False,0.6897231830213819,0.0,0.0,0.0,0.0,0,0.9447864381096687,0.9751870442276732,False,False,False,False,0.052532670727740656,0.06888538104169793,False,False,False,False,-88317.0,-111682.95268153529,False,False,False,False,5219.749910348851,False,False,False,False
2025-06-06 16:00:00+00:00,64.7,64.855,64.475,64.51,2421.0,,,,,,,,,,,65.21202862668291,64.68653962565831,63.87038749977344,64.45995117072734,64.86335708492587,65.10534137886633,65.60849524402363,65.63760039905264,66.45887837601309,66.5239773435722,66.79573709568703,66.80517750806776,67.04494625111879,67.44742454067429,,,,,,,,,,,,,,64.77115487642031,63.79523293598024,64.29224203995682,64.62998332009111,65.07487851348093,65.17496284410353,66.09373306807008,66.30512998576081,66.60094743666416,66.88252745501745,67.17150065378215,67.41488894890904,67.45799009998339,,,64.86335708492587,65.60849524402363,65.65118398729624,#000000,0.9752229451728737,64.90434994130126,-0.4043690145450307,47.7790131997846,4.371097514481832,False,True,False,True,False,0.0,0.0,0.0,0.0,0.0,0,0.9459536204448644,0.9737813535257928,False,False,False,False,0.05060909267412614,0.059747236857912035,False,False,False,False,-90738.0,-111358.22473298434,False,False,False,False,5176.358438870574,False,False,False,False
2025-06-06 17:00:00+00:00,64.48,64.695,64.455,64.525,2975.0,,,,,,,,,,,65.14728153992985,64.68307638409667,63.874993488513766,64.46029055803314,64.86247821995377,65.1039985554197,65.60655793904392,65.63561694491773,66.45591998797973,66.52095983285446,66.79253017285956,66.80196301351064,67.04156107624449,67.4439280681092,,,,,,,,,,,,,,64.7638224916714,63.80283801876405,64.29336186092303,64.62975821386769,65.07356957779399,65.17357877610209,66.09111938917837,66.30229510760333,66.59787223027698,66.87926756356988,67.16802205880154,67.41135392692028,67.45458740879546,,,64.86247821995377,65.60655793904392,65.64696347715321,#000000,0.9762017172652673,64.90066769951301,-0.3848258949650264,44.52624409806789,1.5896020397412016,False,True,False,True,False,0.0,0.0,0.0,0.0,0.0,0,0.9479225953329531,0.9743881616391579,False,False,False,False,0.04288340279335861,0.05131531982563532,False,False,False,False,-87763.0,-110992.40729526365,False,False,False,False,5142.22885067103,False,False,False,False
2025-06-06 18:00:00+00:00,64.515,64.655,64.29,64.39,2550.0,,,,,,,,,,,65.09232487366762,64.6776887021293,63.878245982073274,64.46024547911165,64.86144971998672,65.10261482970971,65.60472414886156,65.63374438842811,66.45324053642196,66.51823182867112,66.78964962359075,66.79907623492988,67.0385347328712,67.44082037694382,,,,,,,,,,,,,,64.75467731170579,63.80827710497878,64.293906885159,64.62926200970712,65.0722072729807,65.17217974262994,66.08872104175867,66.29971509122561,66.59509763697149,66.87634455250904,67.16491860156754,67.40821077631875,67.4515632854337,,,64.86144971998672,65.60472414886156,65.64293156431862,"rgba(239, 83, 80, 0.5)",0.9742942144009086,64.89690623165981,-0.5202804493419964,41.39380929929382,-1.2105084755577025,False,True,False,True,False,0.0,0.0,0.0,0.0,0.0,0,0.9468782666539953,0.9749120973106529,False,False,False,False,0.0576398519212939,0.054477585873464615,False,False,False,False,-90313.0,-110671.79632944561,False,False,False,False,5102.039256086983,False,False,False,False
2025-06-06 19:00:00+00:00,64.4,64.545,64.18,64.375,3621.0,,,,,,,,,,,65.01975304038814,64.6680052821796,63.88217165652271,64.45985535595521,64.85972484758861,65.10042702708769,65.6019548781844,65.63092090248065,66.44930002778084,66.51422446007787,66.78543511673814,66.79485313764363,67.03411999589923,67.43630340770498,,,,,,,,,,,,,,64.73949155137629,63.81491323279233,64.29427635260113,64.62826435811992,65.07004257770961,65.16998930978859,66.08516564243091,66.29590954677882,66.59102688593529,66.872072578627,67.16039725837491,67.40364124430671,67.44716784634802,,,64.85972484758861,65.6019548781844,65.63703745069473,"rgba(239, 83, 80, 0.5)",0.9718171657274194,64.89127179526871,-0.5312437498284674,39.19524181563864,-3.2723589584292014,False,True,False,True,False,0.0,0.0,0.0,0.0,0.0,0,0.9526260604327512,0.970164903250405,False,False,False,False,0.04059604841403247,0.04753681714374854,False,False,False,False,-93934.0,-110412.29561115963,False,False,False,False,5079.077407155402,False,False,False,False
2025-06-09 14:00:00+00:00,64.175,64.355,63.87,64.15,4315.0,,,,,,,,,,,64.92447493542602,64.64857975868722,63.88447538891907,64.45820003765296,64.85668523159661,65.09698374826432,65.59802853701589,65.62693262742174,66.44408103472111,66.50893329682543,66.77993208400562,66.78934079211581,67.02840324252207,67.43051561401018,,,,,,,,,,,,,64.125,64.71210960224437,63.81924340884573,64.2932581990064,64.62599617266427,65.06659992317499,65.16661397836826,66.08035481945059,66.29082853255066,66.58567038636504,66.86651157773808,67.15456397514379,67.39778192793014,67.44153667515283,,,64.85668523159661,65.59802853701589,65.49727205162904,"rgba(239, 83, 80, 0.5)",0.9534502684531013,64.77369740937084,-0.6541478145291568,36.1389078603048,-6.236856606765386,False,True,False,True,False,0.0,0.0,0.0,0.0,0.0,0,0.9438639817629172,0.9722644376899696,False,False,False,False,0.009079188719147174,0.02830800293144786,False,False,False,False,-98249.0,-110223.71738463003,False,False,False,False,5067.231245804155,False,False,False,False
2025-06-09 15:00:00+00:00,64.165,64.48,64.13,64.36,3299.0,,,,,,,,,,,64.87921886766618,64.6399208341067,63.887635624396104,64.45769223818921,64.85500357289062,65.09490140094692,65.59544302308377,65.62429841921647,66.44044657269619,66.50523900078065,66.77605327048217,66.78545428060345,67.02434520713014,67.42636891667566,,,,,,,,,,,,,64.2109340250416,64.69930103661095,63.82456841040156,64.29339586718338,64.62495685309129,65.06453558751168,65.16453664086532,66.07706409861919,66.28731416287927,66.58191960743912,66.86258160523482,67.15041026040122,67.3935869583199,67.437500958554,,,64.85500357289062,65.59544302308377,65.49628681869872,#000000,0.9318458481334602,64.7739773051093,-0.4442551371973365,37.03707459536067,-6.236856606765386,False,True,False,True,False,0.0,0.0,0.0,0.0,0.0,0,0.9525443110348762,0.9696969696969697,False,False,False,False,0.03949419680643765,0.033901099868942755,False,False,False,False,-94950.0,-109986.91556471329,False,False,False,False,5039.81680788471,False,False,False,False
2025-06-09 16:00:00+00:00,64.36,64.56,64.285,64.5,2658.0,,,,,,,,,,,64.85457776630307,64.6358976101126,63.89086995553975,64.45766393276296,64.85397309851093,65.09350228236899,65.59357144055578,65.62238695322925,66.43769969980875,66.50244158507704,66.77309583059076,66.78249034815964,67.02123540143825,67.4231702320221,,,,,,,,,,,,,64.2723638694185,64.6928115028407,63.82983251681975,64.29396518704583,64.6244695363904,65.06315976979343,65.16311796625193,66.07461006178787,66.28467139476709,66.5790733951385,66.85957949301654,67.1472200543418,67.39035266230375,67.4343871885853,,,64.85397309851093,65.59357144055578,65.49617122608281,#000000,0.9125514770121669,64.7751340175798,-0.30149972304097616,39.394505249688606,-6.236856606765386,False,True,False,True,True,0.0,0.0,0.0,0.0,0.0,0,0.957577502639408,0.968039159228333,False,False,False,False,0.05809156426169308,0.04599633206531792,False,False,False,False,-92292.0,-109712.57578851617,False,False,False,False,5002.889415514404,False,False,False,False
2025-06-09 17:00:00+00:00,64.485,64.595,64.41,64.51,1347.0,,,,,,,,,,,64.84473204951281,64.63451927737216,63.892659988214085,64.4577363737444,64.8535255480128,65.09285763079056,65.59267211973236,65.62146728588027,66.43635012124545,66.50106586485673,66.77163641265074,66.78102757409678,67.01969695044035,67.42158267820939,,,,,,,,,,,,,64.29933356284248,64.69038222952017,63.83270775899135,64.29435743315467,64.62430272498442,65.06252893208728,65.16245799183201,66.07341248137156,66.28337625056704,66.57767219451193,66.8580966424887,67.14564010609722,67.38874783993926,67.43284159092836,,,64.8535255480128,65.59267211973236,65.49616862019994,#000000,0.8809546418970605,64.77580797868349,-0.30172720142672554,41.094367464113205,-6.236856606765386,False,True,False,True,True,0.0,0.0,0.0,0.0,0.0,0,0.9545541890853182,0.964834742505765,False,False,False,False,0.0714996526298205,0.05874799234756921,False,False,False,False,-90945.0,-109421.60562125235,False,False,False,False,4946.208959459917,False,False,False,False
2025-06-09 18:00:00+00:00,64.525,64.695,64.42,64.445,5739.0,,,,,,,,,,,64.80993997946419,64.62960216517908,63.90035505081163,64.458139715048,64.85171303446461,65.09019647648766,65.58890969898918,65.61761829273964,66.43066568858822,66.49526956247173,66.76548044701163,66.77485724416495,67.013202258738,67.41487277981165,,,,,,,,,,,,,64.37229154664517,64.68148305393255,63.844955720198854,64.29613026909092,64.62368590714587,65.05992898574566,65.15972470563526,66.06837911151058,66.2779256114634,66.57176647576028,66.85183985551336,67.13896785053412,67.3819657876719,67.4263083302262,,,64.85171303446461,65.58890969898918,65.49492114829337,#000000,0.8601334120271054,64.77714173947547,-0.38615142119953816,41.516836588194494,-6.236856606765386,False,True,False,True,True,0.0,0.0,0.0,0.0,0.0,0,0.9554893289751965,0.9633724283791583,False,False,False,False,0.08223786341846408,0.07049292788301664,False,False,False,False,-96684.0,-109224.12336355851,False,False,False,False,4958.500293421779,False,False,False,False
2025-06-09 19:00:00+00:00,64.395,64.485,64.305,64.415,2237.0,,,,,,,,,,,64.79357304995041,64.6258501474145,63.90274052755142,64.45799747756796,64.85076172855604,65.08895199000474,65.58728872369062,65.61596431200577,66.42832242031379,66.49288460206606,66.762964054583,66.7723354875127,67.01056010988889,67.4121591643648,,,,,,,,,,,,,64.37564506251596,64.67589995391637,63.84879611241313,64.29645248838517,64.62317530610099,65.05870166029055,65.15846967888235,66.06627671645926,66.27566772535558,66.5693414271306,66.84928678573765,67.13625915712427,67.37922195041001,67.42366630300072,,,64.85076172855604,65.58728872369062,65.49296666821671,#000000,0.8391993986112842,64.77575780002874,-0.42988329189191726,41.45564519847966,-6.236856606765386,False,True,False,True,True,0.0,0.0,0.0,0.0,0.0,0,0.9542168674698789,0.9664578313253015,False,False,False,False,0.056284516494248184,0.06338872218863241,False,False,False,False,-98921.0,-109064.38501683668,False,False,False,False,4916.306490422991,False,False,False,False
2025-06-10 14:00:00+00:00,65.215,65.215,64.595,64.75,2977.0,,,,,,,,,,,64.79659974934359,64.63072660066008,63.90872234646557,64.45931816065023,64.85076894228857,65.08838660201131,65.58595756174158,65.61458629051106,66.42590549289676,66.49040280182402,66.76026250760926,66.76962563804821,67.0076595245773,67.40909612303905,,,,,,,,,,,,,64.43864692244078,64.680489492464,63.857934212764484,64.2987060185783,64.62387757413384,65.05819334778336,65.15779886581932,66.06424399159349,66.27339352428727,66.5667932621308,66.84652285378439,67.13325674452038,67.37613098771209,67.42068187544453,,,64.85076894228857,65.58595756174158,65.49555116115712,#000000,0.823097057317473,64.7807069392301,-0.03730658366119809,45.985405742208755,-10.078576887241752,False,True,False,True,True,1.3716007514922346,0.0,0.0,0.0,0.0,0,0.9565175840978588,0.9545107033639146,False,False,False,False,0.15023119836055102,0.10680996027459172,False,False,False,False,-95944.0,-108860.96819487022,False,False,False,False,4886.239723129612,False,False,False,False
2025-06-10 15:00:00+00:00,64.75,64.785,64.455,64.725,1128.0,,,,,,,,,,,64.79393354143366,64.6309221707154,63.91049749691069,64.45956554021267,64.85056108344291,65.08799291783069,65.5853182347665,65.61392975441464,66.42487638891178,66.48935070803284,66.75913461716567,66.76849479807424,67.00646152136505,67.40784751952904,,,,,,,,,,,,,64.44894423347398,64.68024209831928,63.860672127736244,64.29925149307785,64.62391351418312,65.05781557223291,65.15738038985943,66.06334970063294,66.2724136316108,66.56571819615147,66.84537357498809,67.13202239324077,67.37486986322561,67.41946565270875,,,64.85056108344291,65.5853182347665,65.49552542795135,#000000,0.8037796244516332,64.78127063969143,-0.07000754681959431,48.65214200799759,-7.359255971296548,False,True,False,False,True,1.1755506514751772,0.0,0.0,0.0,0.0,1,0.9548664122137399,0.9598282442748095,False,False,False,False,0.13910680061007394,0.12295838044233283,False,False,False,False,-97072.0,-108678.19349417456,False,False,False,False,4827.97244060047,False,False,False,False
2025-06-10 16:00:00+00:00,64.715,64.745,64.565,64.68,2129.0,,,,,,,,,,,64.78945150127882,64.63140765860844,63.913862272914,64.46005058337191,64.85018663497789,65.08726608252955,65.58412473877725,65.61270379286353,66.42294643195622,66.48737726350691,66.75701753166481,66.76637213284683,67.00421171927906,67.40550109796841,,,,,,,,,,,,,64.46661562584691,64.6799379237115,63.865842455488526,64.30030050019082,64.62399924577132,65.05711919082871,65.15660551884788,66.06167486393913,66.27057691293811,66.56370123079297,66.84321593462869,67.12970383849608,67.37250006807552,67.41717996335547,,,64.85018663497789,65.58412473877725,65.49545086344222,#000000,0.7874475529504033,64.78230246450735,-0.1299165438054129,49.754994620946235,-6.092578524370936,False,False,False,False,True,0.8180685348783356,0.0,0.0,0.0,0.0,1,0.9682448036951496,0.9583333333333336,False,False,False,False,0.1454049176258909,0.13418164903411187,False,False,False,False,-99201.0,-108531.26026170673,False,False,False,False,4786.127906637672,False,False,False,False
2025-06-10 17:00:00+00:00,64.685,64.77,64.54,64.715,2820.0,,,,,,,,,,,64.78447504214465,64.6322557352319,63.918341768180504,64.46072617988791,64.84972377749045,65.08633355284513,65.58256859378123,65.61110468212608,66.42041348477272,66.48478654147563,66.7542354785344,66.76358266596161,67.00125317079063,67.40241247547313,,,,,,,,,,,,,64.48712747390834,64.67982300203298,63.87268791462417,64.30172506329728,64.62414574219036,65.05622778042495,65.15560707257025,66.05948104987236,66.26816811718184,66.56105256418225,66.84037981965113,67.12665395268638,67.3693809788572,67.41417104958863,,,64.84972377749045,65.58256859378123,65.49531520903382,#000000,0.7712240183535659,64.7836230093688,-0.08897934677305712,50.999077110108296,-4.634153464567127,False,False,False,False,True,1.0933340356271088,0.0,0.0,0.0,0.0,0,0.9693917086400616,0.9573808601317323,False,False,False,False,0.1454049176258909,0.13979328333000138,False,False,False,False,-96381.0,-108342.88413361825,False,False,False,False,4755.645303433987,False,False,False,False
2025-06-10 18:00:00+00:00,64.73,64.825,64.565,64.685,2345.0,,,,,,,,,,,64.78123646473514,64.63320157007045,63.922107950439056,64.46132820047069,64.8493772792925,65.08559259523165,65.58130230576735,65.6098026742079,66.41833282949646,66.4826576214641,66.75194618795027,66.76128718152478,66.99881626231354,67.39986507812459,,,,,,,,,,,,,64.50260286937257,64.6800478623206,63.87840916967301,64.30295397601253,64.62430663862047,65.05552194854258,65.15480863470881,66.05768393804348,66.26619148672246,66.55887510224085,66.83804517197103,67.12414075622696,67.3668087658628,67.41168917390183,,,64.8493772792925,65.58130230576735,65.49522306709677,#000000,0.7614968781908664,64.78474901974968,-0.13099071395625403,51.29838841476062,-4.002264822182298,False,False,False,False,True,0.8471725084263397,0.0,0.0,0.0,0.0,0,0.9699204346982336,0.9518726955171748,False,False,False,False,0.15261684872125147,0.14620506602562644,False,False,False,False,-98726.0,-108193.78515480246,False,False,False,False,4718.270957644312,False,False,False,False
2025-06-10 19:00:00+00:00,64.69,64.95,64.6,64.86,4036.0,,,,,,,,,,,64.78248838384546,64.63773892673774,63.9294329830733,64.46285579480869,64.84920420512714,65.08468348167366,65.57940379937159,65.60784188843837,66.41499433437579,66.47923304901977,66.74823085696612,66.75756081443774,66.99483651588397,67.39567224105771,,,,,,,,,,,,,64.53725168902845,64.68394892199137,63.889397774605186,64.30565345441924,64.6250378730378,65.0546843808074,65.15377063421099,66.0548538872286,66.26304152363838,66.5553627237528,66.83424727883303,67.12002541012737,67.3625775738604,67.40760310470102,,,64.84920420512714,65.57940379937159,65.4962312234176,#000000,0.7471105421295483,64.78822771692751,0.09606648417503617,54.11564392584579,-1.0418592365791355,True,False,True,False,True,2.248077734954908,0.0,0.0,0.0,0.0,0,0.9701376769439591,0.9491952685669967,False,False,False,False,0.16708888585400491,0.1566469759398157,False,False,False,False,-94690.0,-107984.42414465049,False,False,False,False,4707.693113339749,False,False,False,False
2025-06-11 14:00:00+00:00,64.86,65.065,64.65,64.91,3437.0,,,,,,,,,,,64.78674639097945,64.64300781805261,63.93607928188077,64.46441751852555,64.8492865144513,65.08410992945619,65.57794297415427,65.60632769040865,66.41228812122233,66.4764519651903,66.7451942607907,66.75451462247376,66.99156923710945,67.39221075726007,,,,,,,,,,,,,64.56742926837723,64.6889619580569,63.89926953653192,64.30825717799694,64.62590430293723,65.05417761583332,65.15307129595637,66.05259133680559,66.26050091109602,66.55250459207146,66.83113794265229,67.11664038748879,67.35908594105736,67.40422902443342,,,64.8492865144513,65.57794297415427,65.49753530601997,#000000,0.7321537523745051,64.79178108492906,0.161467334815311,56.662753958283375,1.5484559668032105,True,False,True,False,True,2.6465938619003637,0.0,0.0,0.0,0.0,0,0.9739794931321335,0.9439930354033668,False,False,False,False,0.18208623204685281,0.16936660399333425,False,False,False,False,-91253.0,-107725.02221992721,False,False,False,False,4687.992444915877,False,False,False,False
2025-06-11 15:00:00+00:00,64.87,64.975,64.715,64.965,3641.0,,,,,,,,,,,64.79131437144862,64.64856989097981,63.943092814233516,64.46609905963732,64.84940682618443,65.08353464030505,65.57642395888776,65.6047522695858,66.40945022002255,66.47353464258015,66.74200529378297,66.7513154735524,66.98813530122301,67.38856870154889,,,,,,,,,,,,,64.59488901554732,64.6942637861366,63.90961877834905,64.31103780426388,64.62685221656399,65.05367366902206,65.15236077139599,66.05022421455998,66.25783898049836,66.54950539123813,66.82787158548659,67.11308151409087,67.35541258885542,67.40067856486661,,,64.84940682618443,65.57642395888776,65.49875409958305,#000000,0.7155284823177662,64.79532999927426,0.2371254323463735,59.101656622957954,3.975691594074185,True,False,True,False,True,3.088739089170687,0.0,0.0,0.0,0.0,0,0.9781447304516752,0.9459932005828076,False,False,False,False,0.17980885443259606,0.17458772921296517,False,False,False,False,-87612.0,-107413.19241806786,False,False,False,False,4671.7600039094295,False,False,False,False
2025-06-11 16:00:00+00:00,64.965,65.105,64.855,65.02,2513.0,,,,,,,,,,,64.79759528463734,64.65395374006779,63.94842318761552,64.46754995126973,64.84974069797066,65.0833551203606,65.57554308056118,65.60383198849543,66.40763641502153,66.4716642430264,66.73993868475554,66.7492416145441,66.9858934866116,67.38616964468261,,,,,,,,,,,,,64.61732891090145,64.69974399826941,63.91741530825885,64.3133006867183,64.62777529098935,65.05354986653778,65.15207038324253,66.04874740493985,66.25615223822128,66.54757596075744,66.82574889910433,67.1107509199417,67.35299451674915,67.39833916283341,,,64.84974069797066,65.57554308056118,65.50018109451278,#000000,0.6990414930517159,64.79855501696008,0.3167837463741703,61.46441682508312,6.2997474732038725,True,False,True,False,True,3.5343718392123726,0.0,0.0,0.0,0.0,0,0.9911773355553373,0.9363787863934911,False,False,False,False,0.2045075531159858,0.18954764116447548,False,False,False,False,-85099.0,-107067.2359464699,False,False,False,False,4638.290856561996,False,False,False,False
2025-06-11 17:00:00+00:00,65.02,65.445,65.02,65.185,4237.0,,,,,,,,,,,64.81846879836986,64.6683894402028,63.959183798183865,64.47100963528071,64.85117021087477,65.08380096007494,65.57463130914591,65.60285194960943,66.40507003277649,66.46899616704823,66.7369094780483,66.74619940222559,66.98254747633992,67.38251213244227,,,,,,,,,,,,,64.66930390110116,64.71523580990913,63.932986053558785,64.31832408290865,64.6302655577668,65.05411219044257,65.15226864790468,66.04679169768518,66.25381965709934,66.54479957992875,66.82261592462983,67.1072462806421,67.34931356848678,67.39477045468166,,,64.85117021087477,65.57463130914591,65.50467992167032,"rgba(38, 166, 154, 0.5)",0.6831748091219332,64.80677001456829,0.5536357318529427,64.97327523561816,9.639536050043475,True,False,True,False,True,4.864860087655099,0.0,0.0,0.0,0.0,0,0.9967593047235583,0.9295885299027797,False,False,False,False,0.2513981032915777,0.22047287222802658,False,False,False,False,-80862.0,-106660.95321861765,False,False,False,False,4632.069292894368,False,False,False,False
2025-06-11 18:00:00+00:00,65.215,65.345,65.05,65.14,3936.0,,,,,,,,,,,64.8343835275259,64.68025919048438,63.96871786593234,64.47403127395681,64.85234999259417,65.08409373981162,65.57369819290588,65.60185603940637,66.40261927662858,66.4664522210988,66.73403555891194,66.74331355538938,66.97938326025864,67.3790655445069,,,,,,,,,,,,,64.70725404402016,64.72777934908771,63.94669787129687,64.32274381335009,64.63241012105368,65.0545087344656,65.15234275339394,66.04489962943732,66.25158240235814,66.54215665202307,66.81964722070208,67.10393643731899,67.34584420565523,67.39140755369041,,,64.85234999259417,65.57369819290588,65.5080461089365,#000000,0.6649513969902888,64.81332107440161,0.49128241113110643,66.1124131441523,10.769905041582106,True,False,True,False,True,4.453210417598424,0.0,0.0,0.0,0.0,0,0.9963639937106914,0.9288522012578619,False,False,False,False,0.2448378922948884,0.2326553822614575,False,False,False,False,-84798.0,-106321.99270360032,False,False,False,False,4621.27752091151,False,False,False,False
2025-06-11 19:00:00+00:00,65.115,65.19,64.975,65.08,7210.0,,,,,,,,,,,64.85291479144796,64.69667457900141,63.98443594218684,64.4787493210909,64.85385484445939,65.08408004782245,65.57158510359908,65.59963015419994,66.39780279698375,66.4614703492676,66.72847306893843,66.73772986412467,66.97330615725583,67.37250383592529,,,,,,,,,,,,,64.75224296158034,64.7445080446356,63.96913651083526,64.3298216600935,64.6356073766986,65.05466661936242,65.15197657342122,66.04107076895764,66.24714127185703,66.53700045864896,66.813918184668,67.09759991264796,67.33923552096347,67.38500583282837,,,64.85385484445939,65.57158510359908,65.51181589455139,#000000,0.6441125747941824,64.82211769367287,0.40036837723519964,65.28104757547997,10.769905041582106,True,False,True,False,True,3.899909737836115,0.0,0.0,0.0,0.0,0,0.9944914420617739,0.9309462915601029,False,False,False,False,0.2234244525059832,0.22803991738372034,False,False,False,False,-92008.0,-106100.07033610264,False,False,False,False,4661.41275314544,False,False,False,False
2025-06-12 14:00:00+00:00,65.69,65.8,65.53,65.695,2033.0,,,,,,,,,,,64.86992650950694,64.70782707188518,63.9911414538911,64.48136264792333,64.85537146627807,65.08501852598326,65.57171018264079,65.59972098169742,66.39706043084902,66.46067335689408,66.72747404535737,66.7367238678954,66.97213489944409,67.3711378576397,,,,,,,,,,,,,64.78248241640742,64.75674747827662,63.9785933213715,64.3333497930229,64.63768896128227,65.05568183855083,65.15273955024378,66.04066092468327,66.24652951375649,66.53614320743792,66.81286056917844,67.0963441331302,67.33786695992468,67.38367048654167,,,64.85537146627807,65.57171018264079,65.5154386859035,"rgba(38, 166, 154, 1.0)",0.6325561257716519,64.82800091241877,1.3706279209984296,70.13408931210962,14.7199000165528,True,False,True,False,True,8.726987089892283,0.0,0.0,0.0,0.0,0,0.998538296628337,0.9217501461703378,False,False,False,False,0.3344403776196942,0.2812401475017073,False,False,False,False,-89975.0,-105850.06924562043,False,False,False,False,4620.662167825355,False,False,False,False
2025-06-12 15:00:00+00:00,65.695,65.885,65.6,65.83,2765.0,,,,,,,,,,,64.89461056275513,64.72406912196425,64.00069511070232,64.48518501931886,64.85766740855325,65.08649848762283,65.57203856579963,65.60000233857566,66.39618805546726,66.45972503702227,66.72624286788202,66.73548300011888,66.97066376869144,67.36938925084213,,,,,,,,,,,,,64.82468936143947,64.77458510782556,63.992011514162435,64.3384622652788,64.64076927812677,65.0572719612979,65.15396508793364,66.04025195247704,66.24583995497458,66.53511059936649,66.81154723122822,67.09475566892019,67.33611723818404,67.38196023839863,,,64.85766740855325,65.57203856579963,65.5207331731002,"rgba(0, 255, 255, 0.75)",0.6220796058665113,64.83649004836698,1.5970784804126938,74.03599359714545,18.322336418766454,True,False,True,False,True,9.719711606781484,0.0,0.0,0.0,0.0,0,0.9987282332224607,0.925748385834475,False,False,False,False,0.34282823480831015,0.31203419115500874,False,False,False,False,-87210.0,-105561.0759239829,False,False,False,False,4591.892211735039,False,False,False,False
2025-06-12 16:00:00+00:00,65.83,66.05,65.79,65.935,2365.0,,,,,,,,,,,64.91818390826835,64.73954959030543,64.0094862022494,64.48882403975766,64.85995001769363,65.08804145295555,65.57253367275464,65.6004565678175,66.39562653928294,66.45909627403306,66.72536106351644,66.73459262092801,66.96956887062035,67.36803988384413,,,,,,,,,,,,,64.8634321169622,64.7916230083434,64.00430543155163,64.34327115075052,64.64374616316252,65.05891717480571,65.15526874179184,66.04010227009591,66.24544195002119,66.53440653159252,66.81059176694397,67.09355712695933,67.3347701190718,67.38063929915589,,,64.85995001769363,65.57253367275464,65.52583737012655,"rgba(0, 255, 255, 0.75)",0.6119155641562521,64.84451615127294,1.782082222782957,77.12068283616011,21.135443576008626,True,False,True,False,True,10.486668503528932,0.0,0.0,0.0,0.0,0,1.0058956470472629,0.9200157217254599,False,False,False,False,0.3428282356882739,0.32743121342164133,False,False,False,False,-84845.0,-105239.89645229324,False,False,False,False,4557.366751087985,False,False,False,False
2025-06-12 17:00:00+00:00,65.91,66.335,65.895,66.24,4422.0,,,,,,,,,,66.15666666666667,64.96898886167699,64.7729011524351,64.02767194723393,64.49666867873982,64.86511455368614,65.091705606293,65.57406170859588,65.60190630031009,66.395095270919,66.45843281431075,66.72419322753258,66.73340794457393,66.9679804771531,67.36592759429504,,,,,,,,,,,,,64.94331426615823,64.82840480006173,64.02960014067763,64.3534904189999,64.65027513008064,65.06279503892046,65.15842455820027,66.04038464270538,66.24523651545147,66.53359323259397,66.80927668169277,67.09176568278976,67.33267098870411,67.37856792359695,,,64.86511455368614,65.57406170859588,65.49958362542678,"rgba(0, 255, 0, 1.0)",0.6358970892425291,64.86747258043893,2.1584112315972392,80.3298985170714,24.089334726900447,True,False,True,False,True,12.657651953703144,0.0,0.0,0.0,0.0,0,1.011709141001672,0.9123290367017618,False,False,False,False,0.3428282365682229,0.3351297249949321,False,False,False,False,-80423.0,-104855.13836776155,False,False,False,False,4555.268041768792,False,False,False,False
2025-06-12 18:00:00+00:00,66.24,66.255,66.0,66.195,2246.0,,,,,,,,,,66.15442111577684,64.99309375814083,64.78916809545349,64.03676274135485,64.50060900809703,64.86770851797321,65.09354548858059,65.57482591755655,65.60263093690794,66.39481881570606,66.45808952664028,66.72359495475818,66.73280115384318,66.96716947325932,67.36485165010569,,,,,,,,,,,,,64.98002065416132,64.84624798372957,64.04218182218465,64.35861792879618,64.65355517718979,65.06474225098283,65.16000918582041,66.04051934811469,66.24512470926986,66.53317420300273,66.80860395099619,67.090851934122,67.33160164311407,67.3775127979425,,,64.86770851797321,65.57482591755655,65.50488146873185,"rgba(0, 255, 255, 0.75)",0.6597045680576533,64.87564051963884,1.9999247303163363,81.50904526375619,25.236781651311148,True,False,True,False,True,12.21578782115214,0.0,0.0,0.0,0.0,0,1.014791440686322,0.9098708214180067,False,False,False,False,0.3428282366218181,0.3389789808083751,False,False,False,False,-82669.0,-104511.16723027689,False,False,False,False,4519.465436470051,False,False,False,False
2025-06-12 19:00:00+00:00,66.18,66.32,66.075,66.27,5030.0,,,,,,,,,,66.18333589787427,65.04679684603263,64.82608740503909,64.05752304114823,64.50974623562169,64.8738025387542,65.09792080916715,65.57674239242587,65.60445842855954,66.39438252065244,66.45750167985835,66.72242645438926,66.73161333669056,66.96551779952377,67.36259066875681,,,,,,,,,,,,,65.05921268412267,64.88661532028279,64.07076429844001,64.37045085741512,64.66119849005923,65.06936421483753,65.16379528998995,66.04101652413506,66.24506319555118,66.53241398285341,66.80726571679041,67.08896736606579,67.32935863224546,67.37529394377353,,,64.8738025387542,65.57674239242587,65.51820063840857,"rgba(0, 255, 0, 1.0)",0.6849575050926926,64.89574532914325,2.0063356640946224,82.61037613117888,26.458582090233946,True,False,True,False,True,12.749448000144895,0.0,0.0,0.0,0.0,0,1.0140080891782572,0.9088487718259847,False,False,False,False,0.3428282369161003,0.3409036088622377,False,False,False,False,-77639.0,-104094.54448252067,False,False,False,False,4527.380701020902,False,True,False,False
2025-06-13 14:00:00+00:00,65.875,65.955,65.23,65.53,1177.0,,,,,,,,,,66.1274186407767,65.05211105758616,64.8305568175066,64.06088205894699,64.51106382560046,64.8745367497577,65.09835035951292,65.5767388759196,65.604435791865,66.39389772941563,66.45698658953197,66.72179992157801,66.73098292419651,66.96479557079343,67.36176222093476,,,,,,,,,,,,,65.06674820719124,64.89128787527574,64.07535602734754,64.37223345197704,64.6622357387558,65.06983334087161,65.1641353672411,66.0407152897061,66.24465024965049,66.53186565470637,66.80660685423004,67.08819795341776,67.32852786422664,67.3744841228968,,,64.8745367497577,65.5767388759196,65.51720899879763,"rgba(38, 166, 154, 0.5)",0.6911373769902039,64.8951809031092,0.9185136241008017,72.20043412960162,29.070050083306413,True,False,True,False,False,5.832056480833895,0.0,0.0,0.0,0.0,0,0.9979577944179712,0.9099484586210255,False,False,False,False,0.24017239885946332,0.2905380038608505,False,False,False,False,-78816.0,-103702.629064187,False,False,False,False,4475.436814183368,False,False,False,False
2025-06-13 15:00:00+00:00,65.535,65.535,65.075,65.235,1238.0,,,,,,,,,,66.05322881976429,65.05452996218021,64.8333833460706,64.0637240077925,64.51206820241956,64.87498678537213,65.09852502212027,65.57652400908958,65.6042016014038,66.39320879956051,66.45626819123568,66.72097567459237,66.73015489444573,66.96387875243936,67.3607506316642,,,,,,,,,,,,,65.07002169455382,64.89406859416952,64.07922532267607,64.37365077606671,64.66297710890431,65.07004123215549,65.16423835162234,66.04020322055523,66.24402951596073,66.5311155980808,66.80575204197183,67.08723491025387,67.32751078748211,67.37349622365817,,,64.87498678537213,65.57652400908958,65.51483926100813,#000000,0.6935422394035314,64.892869271737,0.4933091437332562,62.68753822750138,20.69306515743432,True,False,True,False,False,3.320529772360814,0.0,0.0,0.0,0.0,0,0.9966026014366139,0.9176858862356829,False,False,False,False,0.19319520132175047,0.2418666025913005,False,False,False,False,-80054.0,-103335.98365233914,False,False,False,False,4425.24399535882,False,False,False,False
2025-06-13 16:00:00+00:00,65.235,65.28,64.92,64.96,4313.0,,,,,,,,,,65.81918186258547,65.05448758894362,64.83808202407842,64.0716854502304,64.51451482732143,64.87567096184476,65.09837550978665,65.57520009586769,65.6028126489517,66.39032365842046,66.45328705592308,66.71765710203503,66.7268239692681,66.96026000122669,67.35684788194148,,,,,,,,,,,,,65.06918077412874,64.89792518419954,64.08999028470305,64.37732116161375,64.66459800447169,65.06998430226864,65.16390082804999,66.03788924793908,66.24136160076111,66.52803328047571,66.80233643944732,67.08346454705756,67.32358074419716,67.36968692546792,,,64.87567096184476,65.57520009586769,65.50563535458168,#000000,0.6931577631994852,64.88346069199518,0.110421194233648,54.36474172981377,13.60931025710417,False,False,False,False,False,1.0721761661206664,0.0,0.0,0.0,0.0,0,0.990439957077358,0.9302507072480737,False,False,False,False,0.1602169640936892,0.20104178334249484,False,False,False,False,-84367.0,-103041.89088253543,False,False,False,False,4423.503778376513,False,False,False,False
2025-06-13 17:00:00+00:00,64.955,64.985,64.63,64.685,1358.0,,,,,,,,,,65.74693582356112,65.05131393548666,64.8376048769848,64.07344144269861,64.51487318946752,64.87553945659457,65.09803033135942,65.5745564130268,65.60214936819628,66.38922358193899,66.45215936166447,66.71643543789463,66.72559873900262,66.95895256997082,67.35546920092946,,,,,,,,,,,,,65.06445611129641,64.89693199272676,64.09233666380688,64.37798204256454,64.66473127656734,65.0696592368467,65.16352054772635,66.0369514274482,66.24032195047499,66.52687729630347,66.80108793341874,67.08211307117777,67.32219023717401,67.36834199477603,,,64.87553945659457,65.5745564130268,65.5020668402811,#000000,0.6804657056572422,64.87959644160726,-0.2859753841955999,47.1466799662646,7.536258551127062,False,True,False,True,False,0.0,0.0,0.0,0.0,0.0,0,0.9771439734323105,0.939734323109983,False,False,False,False,0.11373656839726531,0.15738917586988008,False,False,False,False,-85725.0,-102773.41195412402,False,False,False,False,4375.976588014086,False,False,False,False
2025-06-13 18:00:00+00:00,64.685,65.15,64.685,65.045,1832.0,,,,,,,,,,65.68024141068344,65.04997553137584,64.83869821278229,64.07645309541867,64.51572498934561,64.87567669409673,65.09783683286913,65.5738970945773,65.60146291245665,66.38791844015292,66.45081466793512,66.71495296123102,66.72411116548119,66.9573465835244,67.35375035005644,,,,,,,,,,,,,65.06230070321271,64.89756927169802,64.09637653294973,64.37931175216659,64.66525046574509,65.06950092384056,65.16325804687732,66.03588067783524,66.23910543641354,66.52549124766398,66.79956589937858,67.08044439241354,67.32045851138987,67.36666449061583,,,64.87567669409673,65.5738970945773,65.49914886198847,#000000,0.668005886848238,64.8768047099089,0.251787137512633,46.003498214743615,6.824618268209811,False,True,False,True,False,1.6940246290587204,0.0,0.0,0.0,0.0,0,0.9703905717346836,0.9426317327359504,False,False,False,False,0.131148419194084,0.14426879753198202,False,False,False,False,-83893.0,-102480.6923889438,False,False,False,False,4336.535090525495,False,False,False,False
2025-06-13 19:00:00+00:00,65.06,65.31,64.985,65.2,5866.0,,,,,,,,,,65.57026374839288,65.05513183703206,64.84777177588583,64.08816595220146,64.51967907576478,64.87717418868125,65.09813696034504,65.572497266299,65.5999740437143,66.38435307849707,66.44711509346473,66.71077543998939,66.71991637709927,66.95274759656213,67.34873312296665,,,,,,,,,,,,,65.06866563126218,64.90595072723937,64.11207403243067,64.38501762122536,64.66804840872543,65.069940348257,65.16326521137267,66.03311700479188,66.23584750333126,66.52164862754537,66.79525050227369,67.07563380328922,67.31541071002482,67.3617650595804,,,64.87717418868125,65.572497266299,65.49610112209535,#000000,0.6607753635541515,64.87588706544084,0.4905039631257467,46.6186760434268,6.824618268209811,False,True,False,True,False,2.8548682542341766,0.0,0.0,0.0,0.0,0,0.9782098886066051,0.9405901895641984,False,False,False,False,0.1678250298467056,0.1560469136893438,False,False,False,False,-78027.0,-102101.56537516174,False,False,False,False,4360.247724780914,False,False,False,False
2025-06-16 14:00:00+00:00,65.26,65.4,65.05,65.215,1670.0,,,,,,,,,,65.55029403357116,65.05723039252675,64.85070846384666,64.09162760538105,64.52089405540677,64.87768105861036,65.09829391285298,65.57215567283659,65.59960700934728,66.3833888437262,66.44611212505262,66.70963369827146,66.71876965267204,66.95148398137076,67.34734592106169,,,,,,,,,,,,,65.0713183968549,64.90874276500087,64.11669498309244,64.38674382594027,64.66892941623034,65.07013884427957,65.16333351425034,66.03238456457785,66.23497249900592,66.52060416140456,66.794068668676,67.0743091727811,67.3140157198842,67.36041009603242,,,64.87768105861036,65.57215567283659,65.49583248579142,"rgba(38, 166, 154, 0.5)",0.6536632739222233,64.87637991932186,0.5180344287147931,47.16663266152316,6.824618268209811,False,True,False,True,False,2.9675091931403905,0.0,0.0,0.0,0.0,0,0.9776716068642742,0.9359399375975044,False,False,False,False,0.1802800524511032,0.1681634830702235,False,False,False,False,-76357.0,-101702.42482670961,False,False,False,False,4318.5384577300465,False,False,False,False
2025-06-16 15:00:00+00:00,65.09,65.275,64.895,65.15,872.0,,,,,,,,,,65.53740957234211,65.05755354902873,64.85175390565232,64.09324364697541,64.52142295877513,64.87785684751293,65.09829946392877,65.57191913491077,65.59935741408295,66.38283622119891,66.44553994632867,66.70899220483672,66.71812564042183,66.95078109463819,67.34658315658595,,,,,,,,,,,,,65.07163554238562,64.90965251531716,64.11884304694317,64.38751858616774,64.6692928472567,65.07016377978155,65.1632989299285,66.03194846640329,66.23446442609404,66.52001122910892,66.79340719168913,67.07357537408049,67.3132480623524,67.3596652700688,,,64.87785684751293,65.57191913491077,65.49541312646836,#000000,0.6477989413911667,64.87627253428313,0.4225500355542979,46.933221662860404,6.557289669149036,False,True,False,True,False,2.432931351245905,0.0,0.0,0.0,0.0,0,0.9758543471911203,0.9385648914419242,False,False,False,False,0.15781827329092735,0.16299087818057542,False,False,False,False,-77229.0,-101322.99188365984,False,False,False,False,4265.103752959038,False,False,False,False
2025-06-16 16:00:00+00:00,65.155,65.34,64.84,64.95,785.0,,,,,,,,,,65.5248207233817,65.05747035764591,64.85245574694676,64.09460341726073,64.52184683934357,64.87797112816098,65.09826667720341,65.57167744339914,65.59910408162598,66.38231447437452,66.44500092633444,66.70839234411272,66.7175235533272,66.95012707788987,67.34587753491053,,,,,,,,,,,,,65.0714087803816,64.91020339009744,64.12064536918152,64.38815332515478,64.66957220184095,65.07014730162608,65.16323305478768,66.03152938161922,66.23398177207541,66.51945397930905,66.79278981177762,67.07289399946212,67.31253762911827,67.3589763400445,,,64.87797112816098,65.57167744339914,65.49490772635433,#000000,0.6383405640210615,64.87600816652343,0.11591278644502327,45.009982876434584,4.014674031599853,False,True,False,True,False,0.8011438002708466,0.0,0.0,0.0,0.0,0,0.9710869352151325,0.9518768989512892,False,False,False,False,0.15861763545116184,0.16080425681586863,False,False,False,False,-78014.0,-100961.61216453332,False,False,False,False,4211.1486560139365,False,False,False,False
2025-06-16 17:00:00+00:00,64.95,64.99,64.415,64.535,1837.0,,,,,,,,,,65.47540673691518,65.0519223030927,64.85070652643336,64.09644621288798,64.5220836198938,64.87759791357783,65.09763718475017,65.57068873608192,65.59808967895151,66.38073387580118,66.44338466240298,66.70665626747585,66.7157828580946,66.94828032773836,67.34394380445426,,,,,,,,,,,,,65.06359164971832,64.90768631314785,64.12303425892505,64.3887375148952,64.6695322387785,65.06953954454454,65.16257011700628,66.03015695146291,66.2324780506219,66.5178016037804,66.79101957288978,67.07098999406477,67.31058655222307,67.35708986561664,,,64.87759791357783,65.57068873608192,65.49166258879472,"rgba(239, 83, 80, 0.5)",0.6364123684386993,64.87270626037612,-0.5306406303897153,40.841383308575544,-0.4936544103988396,False,True,False,True,False,0.0,0.0,0.0,0.0,0.0,0,0.9628510140405614,0.9496879875195012,False,False,False,False,0.09718013016005506,0.12899219348796184,False,False,False,False,-79851.0,-100634.31585190489,False,False,False,False,4174.340149719147,False,False,False,False
2025-06-16 18:00:00+00:00,64.545,64.71,64.345,64.42,1616.0,,,,,,,,,,65.42900769560055,65.04534427765992,64.84804174397885,64.09760335457345,64.5220329457724,64.87705089668925,65.09689504094779,65.5696751157329,65.59705401078855,66.3792217364592,66.44184279190489,66.70501673387699,66.71413946556783,66.94654895624126,67.34214737804825,,,,,,,,,,,,,65.05447955384227,64.90422000113432,64.12450111298797,64.38894172586322,64.66925966983557,65.06881090449828,65.16181354751026,66.02881686742053,66.23102852335651,66.51623021405494,66.78935232547632,67.06921058844117,67.30877283041156,67.35533773297155,,,64.87705089668925,65.5696751157329,65.48827716847097,"rgba(239, 83, 80, 0.5)",0.6379368632086506,64.8691020852702,-0.7039914310819654,37.39550160595503,-4.158972913447698,False,True,False,True,False,0.0,0.0,0.0,0.0,0.0,0,0.9608568646543325,0.9555988315481992,False,False,False,False,0.06969917004466442,0.09934568176631313,False,False,False,False,-81467.0,-100337.14816427845,False,False,False,False,4134.675961351408,False,False,False,False
2025-06-16 19:00:00+00:00,64.42,64.565,64.25,64.32,3386.0,,,,,,,,,,65.33451174918542,65.02932905267737,64.84084905646158,64.09931504567564,64.52153307430572,64.87557415964586,65.09505582298718,65.56733480791306,65.59466840734243,66.37587142586575,66.4384327116454,66.70141378187508,66.71052874093213,66.94276200579392,67.33824129463311,,,,,,,,,,,,64.37833333333333,65.03263696353895,64.89519650171873,64.12659995522995,64.38889780870778,64.66832851723824,65.06699149682365,65.15996667263065,66.02581008384432,66.22780175945658,66.51276170584732,66.78569485077024,67.06532656946217,67.30482751975502,67.35152841512223,,,64.87557415964586,65.56733480791306,65.37813749942609,"rgba(239, 83, 80, 0.5)",0.6403097293877391,64.80009311946262,-0.7497826402258257,34.52083800167798,-7.224430728795085,False,True,False,True,False,0.0,0.0,0.0,0.0,0.0,0,0.959005245774237,0.9566737905576069,False,False,True,False,0.050918137663605194,0.07513190971495916,False,False,False,False,-84853.0,-100097.08385165398,False,False,False,False,4123.0685821056495,False,False,True,False
2025-06-17 14:00:00+00:00,64.72,64.985,64.61,64.865,773.0,,,,,,,,,,65.32416018149794,65.02818788861855,64.84077642476112,64.1003168213745,64.5217699097784,64.8755366173809,65.09489519219028,65.56699980418631,65.59432238158611,66.37527691134251,66.43782235804623,66.70074889992708,66.70986181106908,66.9420476644055,67.33748385191379,,,,,,,,,,,,64.460422377174,65.03108026795977,64.89490309157968,64.12790639809752,64.38930485812271,64.66843926044034,65.06684300798295,65.15978381854282,66.02530880215437,66.22724222786205,66.51213497147415,66.78501433379535,67.06458693621188,67.30406402901788,67.35078912273428,,,64.8755366173809,65.56699980418631,65.38076234467779,#000000,0.6403284278357051,64.80369013353933,0.09574753172818978,38.736170829620804,-7.224430728795085,False,True,False,True,True,0.2990550464860924,0.0,0.0,0.0,0.0,0,0.960982658959537,0.9455684007707132,False,False,False,False,0.1121572285198651,0.09364456911741212,False,False,False,False,-84080.0,-99848.756970233,False,False,False,False,4071.129534321066,False,False,False,False
2025-06-17 15:00:00+00:00,64.865,65.115,64.79,64.96,1106.0,,,,,,,,,,65.31383075703526,65.02762144188402,64.84134294033852,64.10201327870382,64.52226121569258,64.87561334835013,65.09477839734916,65.56660753617916,65.59391405218211,66.37450084285123,66.43702267600342,66.69986663687403,66.70897649920698,66.94109139696046,67.33645897622381,,,,,,,,,,,,64.56431655587211,65.03029161277425,64.89523673871649,64.1301300544429,64.39006805866104,64.6687383160815,65.06674688596559,65.15962634575695,66.02467254978262,66.22651915568433,66.51131053048145,66.78410831351407,67.06359312170999,67.30303177370511,67.34978848650587,,,64.87561334835013,65.56660753617916,65.38440458961536,#000000,0.6405112470961838,64.80871345485238,0.2361965474197127,42.39530514273049,-7.224430728795085,False,True,False,True,True,1.023575444385628,0.0,0.0,0.0,0.0,0,0.9621969988457094,0.9456521739130438,False,False,False,False,0.13670467881454948,0.1151746239659808,False,False,False,False,-82974.0,-99587.13283115962,False,False,False,False,4025.1585337889564,False,False,False,False
2025-06-17 16:00:00+00:00,65.085,65.31,64.98,65.19,888.0,,,,,,,,,,65.31045078147551,65.02843897423772,64.84260683684333,64.10369666688169,64.52284136368246,64.87583365829956,65.09482208705892,65.5663983940968,65.59369165481041,66.37396825385069,66.4364699668487,66.69924206693405,66.7083493366077,66.94040346204054,67.33570752710571,,,,,,,,,,,,64.65028549758925,65.03136224771184,64.89641168837227,64.13234833655535,64.39090115689883,64.66914960053855,65.0668111896185,65.15962657630931,66.0242600510724,66.22603270343984,66.51073633239673,66.78346298083653,67.06287338172214,67.302275941276,67.34905440881006,,,64.87583365829956,65.5663983940968,65.38792793611867,"rgba(38, 166, 154, 0.5)",0.6418380489501487,64.81351786103377,0.58656874515625,46.780041277420324,-11.581065658544475,False,True,False,False,True,2.7546375547555044,0.0,0.0,0.0,0.0,0,0.9752090506640426,0.9353664535169701,False,False,False,False,0.16742413261460348,0.14129937829029215,False,False,False,False,-82086.0,-99315.79743842846,False,False,False,False,3976.5204169860267,False,False,False,False
2025-06-17 17:00:00+00:00,65.2,65.56,65.135,65.425,2377.0,,,,,,,,,,65.31394376674767,65.03404776076518,64.84818239474593,64.10908127302,64.52490734381983,64.87686317706293,65.095320591017,65.56613294065228,65.59338974572685,66.37279504117123,66.43523969669499,66.69780407465774,66.7069040047538,66.93878494597956,67.33389557821071,,,,,,,,,,,,64.85177256740914,65.03875468735318,64.9020105047931,64.13946244248078,64.39373846563828,64.67072416134005,65.06737593083204,65.15997896131783,66.02342988496002,66.22499289391003,66.50944409154384,66.78196473786198,67.06116514957525,67.30045656463682,67.34728310859639,,,64.87686317706293,65.56613294065228,65.39753044561103,"rgba(38, 166, 154, 0.5)",0.6445506361191323,64.82665152793727,0.9283187984506648,51.44711250710641,-7.122976830755036,False,False,True,False,True,4.475218130433909,0.0,0.0,0.0,0.0,0,0.97082514734774,0.9343811394891945,False,False,False,False,0.2000820898390536,0.1706907340646729,False,False,False,False,-79709.0,-99011.8160827939,False,False,False,False,3951.7216508312044,False,False,False,False
2025-06-17 18:00:00+00:00,65.425,65.675,65.255,65.44,2495.0,,,,,,,,,,65.32180680990129,65.04114063764763,64.85481899278858,64.11505359392837,64.52727705330727,64.87811984734041,65.09599819417755,65.56597518676784,65.59319340707076,66.37166897308593,66.43405251055515,66.69639280485723,66.70548487634676,66.93717991932657,67.33207796271637,,,,,,,,,,,,64.98866243386243,65.04802683764031,64.90876193240769,64.14734093032138,64.39695090382935,64.67256445654046,65.06812731839813,65.16049157367566,66.02267218905467,66.22401071783685,66.50819011495788,66.78048837173648,67.05946417263472,67.2986329781765,67.34550563628193,,,64.87811984734041,65.56597518676784,65.40509082672143,"rgba(38, 166, 154, 0.5)",0.6481341897531602,64.83730540668654,0.9298916842251336,54.66805609439757,-4.015072765892391,False,False,True,False,True,4.584445372206385,0.0,0.0,0.0,0.0,0,0.9710016710901397,0.9363019758183428,False,False,False,False,0.21922232031534095,0.19495652719000692,False,False,False,False,-77214.0,-98673.86544585136,False,False,False,False,3929.1368190353714,False,False,False,False
2025-06-17 19:00:00+00:00,65.44,65.64,65.32,65.475,1532.0,,,,,,,,,,65.32692863296239,65.04560009454502,64.85896692851158,64.11875340714496,64.52875994049526,64.87891757910789,65.09643792279982,65.56589770217363,65.59309221685697,66.37099524673121,66.43334109936191,66.6955429519319,66.70463017762462,66.93621050700244,67.3309765127368,,,,,,,,,,,,65.04840407740701,65.05381026324872,64.91298739503937,64.15221129478755,64.3989539602414,64.67372129164708,65.06861290396529,65.1608284171914,66.0222257168005,66.2234258710329,66.50743745225515,66.77959828064876,67.05843560577266,67.29752818149612,67.34442837416276,,,64.87891757910789,65.56589770217363,65.4088032329805,"rgba(38, 166, 154, 0.5)",0.6521677435789243,64.84268402999933,0.9695603258920448,57.094404597399816,-1.5563792531330236,False,False,True,False,True,4.843153447420406,0.0,0.0,0.0,0.0,0,0.971437013690534,0.9369644440066976,False,False,False,False,0.22167689071824986,0.2083167089541284,False,False,False,False,-75682.0,-98317.40241568311,False,False,False,False,3891.9719071123423,False,False,False,False
2025-06-18 14:00:00+00:00,65.83,66.07,65.635,66.04,1610.0,,,,,,,,,,65.34647879713944,65.05482082040541,64.86629862569482,64.12386187902233,64.53102769691397,64.88036270731054,65.09742609959265,65.5662217583507,65.59338997668773,66.37063412615808,66.43293593284649,66.69497105090662,66.70405262981755,66.9354978539991,67.3300928898969,,,,,,,,,,,,65.14688783793322,65.06580475679668,64.92073903496127,64.15896413352019,64.40189939080187,64.6755912960267,65.06966452666109,65.16166743482306,66.02213337102766,66.22317186078362,66.50698277864693,66.77897763835153,67.05765443364602,67.29664692230207,67.34356220392219,,,64.88036270731054,65.5662217583507,65.4157986464472,"rgba(0, 255, 255, 0.75)",0.6653819061863242,64.85228554201946,1.785011655618956,62.276993270002066,3.4746827124748734,True,False,True,False,True,8.846720331179977,0.0,0.0,0.0,0.0,0,0.9719360219801777,0.9279756648022766,False,False,False,False,0.283565698773836,0.2459412038639822,False,False,False,False,-74072.0,-97941.50470381205,False,False,False,False,3856.5924976997476,False,False,False,False
2025-06-18 15:00:00+00:00,66.07,66.13,65.955,66.08,2466.0,,,,,,,,,66.05499999999999,65.3808085601074,65.0708087496516,64.87880619973122,64.13223751676703,64.53483673565226,64.88286683357065,65.0991934401053,65.56691571065421,65.5940430503882,66.37025172730029,66.43248398987804,66.69425364577579,66.70332631476089,66.93455770999344,67.32887528890649,,,,,,,,,,,,65.28152407863884,65.08646640465746,64.93402168751366,64.17002423435292,64.40680409055233,64.67876694505699,65.07153614166278,65.1631870788938,66.02217666903505,66.22295998882855,66.5064520945064,66.77818250108704,67.05660634192883,67.29543584692962,67.34236736172885,,,64.88286683357065,65.56691571065421,65.39759007552166,"rgba(0, 255, 255, 0.75)",0.6791257496096392,64.89143159345429,1.750144810779006,65.9317191433864,7.019051328345483,True,False,True,False,True,9.118318707903008,0.0,0.0,0.0,0.0,0,0.9725204373091688,0.9313503398010441,False,False,False,False,0.31593848243482475,0.28093984314940346,False,False,False,False,-71606.0,-97533.20230530335,False,False,False,False,3835.0329240919996,False,False,False,False
2025-06-18 16:00:00+00:00,66.065,66.095,65.85,65.94,2409.0,,,,,,,,,66.00887897435896,65.40705963279802,65.08450612083382,64.88982350258054,64.13995592411943,64.53831205849443,64.88510882286803,65.10074566613477,65.56746245304419,65.59455043148527,66.36976872950159,66.43193463299158,66.693452278243,66.70251643786023,66.93354398243562,67.32760109141202,,,,,,,,,,,,65.3675687952946,65.10396735867279,64.9456446986023,64.18017595894212,64.41129766503511,64.68164567123743,65.07318477738843,65.16451177164262,66.02209889670752,66.22263880179007,66.50582794937486,66.77730739725057,67.0554893792171,67.29416619742122,67.34111780720183,,,64.88510882286803,65.56746245304419,65.40370552040007,"rgba(0, 255, 255, 0.75)",0.6897216307518582,64.90027678726607,1.5074533933357157,66.43050760808754,7.753839014369355,True,False,True,False,True,7.902730182915775,0.0,0.0,0.0,0.0,0,0.9817854283426733,0.9297437950360288,False,False,False,False,0.3039402614323953,0.29244005229089937,False,False,False,False,-74015.0,-97168.57901374825,False,False,False,False,3812.923886509178,False,False,False,False
2025-06-18 17:00:00+00:00,65.93,66.01,65.755,65.76,2512.0,,,,,,,,,65.9520172826136,65.42661912952079,65.09645402768183,64.89981585494627,64.14740966386921,64.54161397990221,64.887177280373,65.10213353939234,65.56785790136736,65.59490556398448,66.36911855736042,66.43121732428493,66.69248178931852,66.70153733046938,66.9323589176034,67.32615843607314,,,,,,,,,,,,65.42282229129937,65.11903530027188,64.95608913410332,64.18993508204183,64.41559524578425,64.6843536255238,65.07466609959143,65.16568119439243,66.02185739888922,66.22215110551902,66.50503545174533,66.77626291312441,67.05419957185812,67.2927258371687,67.3397040944741,,,64.887177280373,65.56785790136736,65.40750324616984,"rgba(38, 166, 154, 1.0)",0.6912677216984344,64.90622974225367,1.2350790163449739,64.44846273904123,7.753839014369355,True,False,True,False,True,6.3602253112804945,0.0,0.0,0.0,0.0,0,0.9792293798916307,0.9338751755970297,False,False,False,False,0.2886372761464273,0.29053866421866337,False,False,False,False,-76527.0,-96848.55453291495,False,False,False,False,3792.75452392764,False,False,False,False
2025-06-18 18:00:00+00:00,66.03,66.04,65.3,65.415,2263.0,,,,,,,,,65.86594887737478,65.43279030860263,65.10330171422439,64.90623513931612,64.15306005106294,64.54398985726719,64.8885340314811,65.10294700202911,65.5678801437162,65.59489275627797,66.36824984554258,66.43029192634727,66.69134621318496,66.70039446170519,66.93104280800135,67.32463688522871,,,,,,,,,,,,65.4382317952163,65.12745455610029,64.96262470572388,64.19727819502819,64.4187519348868,64.68624371488825,65.07555077045487,65.16633254921507,66.02133128427442,66.22141716135063,66.50404751917621,66.77506609343511,67.05279449602332,67.29120160756165,67.33821497706818,,,64.8885340314811,65.5678801437162,65.4067650605779,"rgba(38, 166, 154, 0.5)",0.6782554927994329,64.90631974416445,0.7499832455997215,59.46371028454884,7.753839014369355,True,False,True,False,False,3.5035078544347797,0.0,0.0,0.0,0.0,0,0.9721226602947026,0.9313022700119472,False,False,False,False,0.2530074669829046,0.27177306560078396,False,False,False,False,-78790.0,-96568.57694325734,False,False,False,False,3769.0373995256614,False,False,False,False
2025-06-18 19:00:00+00:00,65.385,65.685,65.29,65.58,2720.0,,,,,,,,,65.78951279978442,65.43661729633709,65.11017791191814,64.91305101479655,64.15947953544922,64.5466492864442,64.89000237573399,65.10378640137158,65.56780299300556,65.5947739605695,66.36711958989333,66.42909481204715,66.68990233058322,66.69894197080055,66.9293861366104,67.32274163156961,,,,,,,,,,,,65.44644207458768,65.13576293703017,64.9694801408404,64.20558343406887,64.42230801790606,64.68833728931985,65.07647142821108,65.16698853008927,66.02060423634752,66.22044506086426,66.50277695110208,66.77355035496275,67.05103268106006,67.28930172217018,67.3363605499007,,,64.89000237573399,65.56780299300556,65.40608449516407,"rgba(38, 166, 154, 1.0)",0.6640660786065284,64.90665632968644,1.0139708863408536,57.63984534415681,15.818275914584248,False,False,True,False,False,4.707988677484071,0.0,0.0,0.0,0.0,0,0.9682192869202497,0.9407091071605918,False,False,False,False,0.2229051604576199,0.24733911302920192,False,False,False,False,-76070.0,-96250.76954878823,False,False,False,False,3752.7732537965812,False,False,False,False
2025-06-19 14:00:00+00:00,65.58,65.58,65.58,65.58,0.0,,,,,,,,,65.78951279978442,65.43661729633709,65.11017791191814,64.91305101479655,64.15947953544922,64.5466492864442,64.89000237573399,65.10378640137158,65.56780299300556,65.5947739605695,66.36711958989333,66.42909481204715,66.68990233058322,66.69894197080055,66.9293861366104,67.32274163156961,,,,,,,,,,,,65.44644207458768,65.13576293703017,64.9694801408404,64.20558343406887,64.42230801790606,64.68833728931985,65.07647142821108,65.16698853008927,66.02060423634752,66.22044506086426,66.50277695110208,66.77355035496275,67.05103268106006,67.28930172217018,67.3363605499007,,,64.89000237573399,65.56780299300556,65.40608449516407,"rgba(38, 166, 154, 1.0)",0.647050111541563,64.90665632968644,1.0406360470433282,56.42393538389546,14.28814535223195,False,False,True,False,False,4.707988677484071,0.0,0.0,0.0,0.0,0,0.9753320683111948,0.9411764705882353,False,False,False,False,0.2381095826598177,0.2427243478445098,False,False,False,False,-76070.0,-95937.889400745,False,False,False,False,3694.5907227299676,False,False,False,False
2025-06-19 15:00:00+00:00,65.58,65.58,65.58,65.58,0.0,,,,,,,,,65.78951279978442,65.43661729633709,65.11017791191814,64.91305101479655,64.15947953544922,64.5466492864442,64.89000237573399,65.10378640137158,65.56780299300556,65.5947739605695,66.36711958989333,66.42909481204715,66.68990233058322,66.69894197080055,66.9293861366104,67.32274163156961,,,,,,,,,,,,65.44644207458768,65.13576293703017,64.9694801408404,64.20558343406887,64.42230801790606,64.68833728931985,65.07647142821108,65.16698853008927,66.02060423634752,66.22044506086426,66.50277695110208,66.77355035496275,67.05103268106006,67.28930172217018,67.3363605499007,,,64.89000237573399,65.56780299300556,65.40608449516407,"rgba(38, 166, 154, 1.0)",0.6296595176023443,64.90665632968644,1.0693774198435935,55.613328743721226,13.042929792003477,False,False,True,False,False,4.707988677484071,0.0,0.0,0.0,0.0,0,0.976070782224009,0.9409812990146793,False,False,False,False,0.2381095826598177,0.24041696525216374,False,False,False,False,-76070.0,-95629.86010771019,False,False,False,False,3637.3102464085728,False,False,False,False
2025-06-19 16:00:00+00:00,65.58,65.58,65.58,65.58,0.0,,,,,,,,,65.78951279978442,65.43661729633709,65.11017791191814,64.91305101479655,64.15947953544922,64.5466492864442,64.89000237573399,65.10378640137158,65.56780299300556,65.5947739605695,66.36711958989333,66.42909481204715,66.68990233058322,66.69894197080055,66.9293861366104,67.32274163156961,,,,,,,,,,,,65.44644207458768,65.13576293703017,64.9694801408404,64.20558343406887,64.42230801790606,64.68833728931985,65.07647142821108,65.16698853008927,66.02060423634752,66.22044506086426,66.50277695110208,66.77355035496275,67.05103268106006,67.28930172217018,67.3363605499007,,,64.89000237573399,65.56780299300556,65.40608449516407,"rgba(38, 166, 154, 1.0)",0.618370184180802,64.90665632968644,1.088900609277567,55.072924316938405,11.981232057132935,False,False,True,False,False,4.707988677484071,0.0,0.0,0.0,0.0,0,0.9861025955446551,0.9359288779889638,False,False,False,False,0.2381095826598177,0.23926327395599073,False,False,False,False,-76070.0,-95326.60646262941,False,False,False,False,3580.9178394875094,False,False,False,False
2025-06-19 17:00:00+00:00,65.58,65.58,65.58,65.58,0.0,,,,,,,,,65.78951279978442,65.43661729633709,65.11017791191814,64.91305101479655,64.15947953544922,64.5466492864442,64.89000237573399,65.10378640137158,65.56780299300556,65.5947739605695,66.36711958989333,66.42909481204715,66.68990233058322,66.69894197080055,66.9293861366104,67.32274163156961,,,,,,,,,,,,65.44644207458768,65.13576293703017,64.9694801408404,64.20558343406887,64.42230801790606,64.68833728931985,65.07647142821108,65.16698853008927,66.02060423634752,66.22044506086426,66.50277695110208,66.77355035496275,67.05103268106006,67.28930172217018,67.3363605499007,,,64.89000237573399,65.56780299300556,65.40608449516407,"rgba(38, 166, 154, 1.0)",0.6125146293520591,64.90665632968644,1.099310347943599,54.71265469908319,11.047029374279319,False,True,True,False,False,4.707988677484071,0.0,0.0,0.0,0.0,0,0.9845472339548773,0.9372617698568044,False,False,False,False,0.2381095826598177,0.2386864283079042,False,False,False,False,-76070.0,-95028.0544244491,False,False,False,False,3525.399733448943,False,False,False,False
2025-06-19 18:00:00+00:00,65.58,65.58,65.58,65.58,0.0,,,,,,,,,65.78951279978442,65.43661729633709,65.11017791191814,64.91305101479655,64.15947953544922,64.5466492864442,64.89000237573399,65.10378640137158,65.56780299300556,65.5947739605695,66.36711958989333,66.42909481204715,66.68990233058322,66.69894197080055,66.9293861366104,67.32274163156961,,,,,,,,,,,,65.44644207458768,65.13576293703017,64.9694801408404,64.20558343406887,64.42230801790606,64.68833728931985,65.07647142821108,65.16698853008927,66.02060423634752,66.22044506086426,66.50277695110208,66.77355035496275,67.05103268106006,67.28930172217018,67.3363605499007,,,64.89000237573399,65.56780299300556,65.40608449516407,"rgba(38, 166, 154, 1.0)",0.5976552005444812,64.90665632968644,1.1266423678738529,54.47247495384638,10.21017545495937,False,True,True,False,False,4.707988677484071,0.0,0.0,0.0,0.0,0,0.9861412762436647,0.9311200744647844,False,False,False,False,0.2381095826598177,0.23839800548386095,False,False,False,False,-76070.0,-94734.13110003903,False,False,False,False,3470.7423732404322,False,False,False,False
2025-06-19 19:00:00+00:00,65.58,65.58,65.58,65.58,0.0,,,,,,,,,65.78951279978442,65.43661729633709,65.11017791191814,64.91305101479655,64.15947953544922,64.5466492864442,64.89000237573399,65.10378640137158,65.56780299300556,65.5947739605695,66.36711958989333,66.42909481204715,66.68990233058322,66.69894197080055,66.9293861366104,67.32274163156961,,,,,,,,,,,,65.44644207458768,65.13576293703017,64.9694801408404,64.20558343406887,64.42230801790606,64.68833728931985,65.07647142821108,65.16698853008927,66.02060423634752,66.22044506086426,66.50277695110208,66.77355035496275,67.05103268106006,67.28930172217018,67.3363605499007,,,64.89000237573399,65.56780299300556,65.40608449516407,"rgba(38, 166, 154, 1.0)",0.5773570335098342,64.90665632968644,1.1662517839614879,54.312355123688505,9.454688116359549,False,True,True,False,False,4.707988677484071,0.0,0.0,0.0,0.0,0,1.0084844628274465,0.9280941775373848,False,False,False,False,0.2381095826598177,0.23825379407183933,False,False,False,False,-76070.0,-94444.764726395,False,False,False,False,3416.932413965387,False,False,False,False
2025-06-20 14:00:00+00:00,64.91,64.975,64.78,64.965,2131.0,,,,,,,,,65.65977380870285,65.41867156629057,65.1075701426304,64.91299579951301,64.16222191507453,64.54741750828939,64.8900327590062,65.10347481815879,65.56699742853328,65.59393846304329,66.36559956646,66.42753070873226,66.68818428860604,66.69721821849289,66.92752946588595,67.32075716083115,,,,,,,,,,,64.90666666666667,65.40631854332356,65.13201032050448,64.96887885920664,64.20901965812752,64.42353214672285,64.68876681563984,65.07619526538107,65.16660900620221,66.01934420690846,66.21902348340404,66.50116672813138,66.77178796113186,67.04910547848952,67.28730297191055,67.33442240531795,,,64.8900327590062,65.56699742853328,65.32647761893037,#000000,0.5578874809857066,64.88446356200436,0.14435964372842888,46.45114588808627,1.7928712792078585,False,True,False,True,False,0.0,0.0,0.0,0.0,0.0,0,1.0030449391012175,0.9116967660646786,False,False,False,False,0.1248082321153232,0.18153101309358127,False,False,False,False,-78201.0,-94192.92341280747,False,False,False,False,3396.9954773147606,False,False,False,False
2025-06-20 15:00:00+00:00,64.96,65.375,64.96,65.205,4427.0,,,,,,,,,65.54756128486898,65.40298501516791,65.10944822557124,64.91770832087457,64.1699234722075,64.55020931591919,64.8911269190501,65.103725285214,65.5660203139033,65.5928969690391,66.36304163547626,66.42487377927405,66.68517171857546,66.69419285609294,66.9242034643015,67.3171105672912,,,,,,,,,,,65.09118125444748,65.37604471974618,65.13358959491741,64.97299538855906,64.21880663875284,64.42748310451428,64.69076630931148,65.0765448028565,65.16664944088102,66.01737647165359,66.21669311437516,66.49840362190466,66.76867232948572,67.04562227984616,67.28363692630043,67.33085812012054,,,64.8911269190501,65.5660203139033,65.32844906868246,"rgba(38, 166, 154, 0.5)",0.5368753273491508,64.88852095121162,0.5894833170133037,44.88335366732093,0.2958003998825305,False,True,False,True,False,1.3108107404419194,0.0,0.0,0.0,0.0,0,1.0062748379000204,0.9021125287596736,False,False,False,False,0.1710341437005206,0.17628257839705094,False,False,False,False,-73774.0,-93876.35095679495,False,False,False,False,3412.9645396819733,False,False,False,False
2025-06-20 16:00:00+00:00,65.205,65.57,65.195,65.475,2212.0,,,,,,,,,65.53351624093345,65.40331404792362,65.11333501982351,64.92204094362268,64.174607035618,64.5521084712268,64.89210964327575,65.10423078900864,65.56582793054818,65.59267150912366,66.36201893442981,66.42379848898939,66.68390360827398,66.69291796240407,66.92276801496303,67.31549158462474,,,,,,,,,,,65.17243557582667,65.37838086876067,65.13811505382637,64.97724403432554,64.22479251855559,64.43004916306298,64.692232882377,65.07711049401983,65.1670210640947,66.01666972836325,66.21579382679064,66.4972709090583,66.76734811024049,67.04410378659189,67.2820125701957,67.32927432383646,,,64.89210964327575,65.56582793054818,65.33242395127436,"rgba(38, 166, 154, 1.0)",0.514458081009778,64.89432490200466,1.1287121719530395,47.09222844222833,0.2958003998825305,False,True,False,True,True,3.459013122485036,0.0,0.0,0.0,0.0,0,1.0222923238696102,0.8957939011566772,False,False,False,False,0.19842409313216458,0.18735333576460778,False,False,False,False,-71562.0,-93530.39202723224,False,False,False,False,3394.344934415586,False,False,False,False
2025-06-20 17:00:00+00:00,65.435,65.75,65.42,65.51,7439.0,,,,,,,,,65.54040985805428,65.41844996623725,65.13175559830435,64.9402604378617,64.19193699844233,64.55951182793152,64.89630998073044,65.1067196948342,65.56580333973339,65.59253413036485,66.35912490749334,66.42072143918156,66.68014757197926,66.68913833440219,66.91842764567858,67.31048531796634,,,,,,,,,,,65.35030538589672,65.40998767915906,65.15988305878274,64.99555925699036,64.24692104071053,64.43985443224024,64.69811595008589,65.07982288937384,65.16900197998739,66.01487986495982,66.2133342895637,66.49399196106472,66.76339399577296,67.03947515155221,67.27699760109786,67.32437339642672,,,64.89630998073044,65.56580333973339,65.34701374159854,"rgba(38, 166, 154, 1.0)",0.515879813504201,64.91542168866656,1.1525520010071262,48.950411729870154,0.2958003998825305,False,True,False,False,True,3.7338234686848573,0.0,0.0,0.0,0.0,0,1.0255215503547597,0.8989727840728581,False,False,False,False,0.22067339007572995,0.20401336292016886,False,False,False,False,-64123.0,-93074.46346867051,False,False,False,False,3457.0527648897632,False,False,False,False
2025-06-20 18:00:00+00:00,65.51,65.64,65.41,65.485,1157.0,,,,,,,,,65.53929148731055,65.41982976182858,65.13417688026634,64.94278730547012,64.19449961902909,64.56059836709896,64.89691129310835,65.10706334117901,65.56576783518466,65.59248127864976,66.35864955980455,66.42021806563592,66.67954053456985,66.68852768129408,66.91773113339019,67.30968782139601,,,,,,,,,,,65.36105599063303,65.41266728165881,65.16268363700586,64.99806979410167,64.25017271940096,64.44129904596151,64.69897288215526,65.08019982869709,65.16927041833796,66.01457329907258,66.21292523329168,66.49345775688998,66.7627567248487,67.03873441159898,67.27619835558573,67.32359277156766,,,64.89691129310835,65.56576783518466,65.34828652865369,"rgba(38, 166, 154, 1.0)",0.5170231667479736,64.91744608710042,1.0977340076837248,49.85898375225497,0.2958003998825305,False,True,False,False,True,3.5140014697040485,0.0,0.0,0.0,0.0,0,1.0132795070646972,0.9070434505471155,False,False,False,False,0.20892038441026825,0.20646687366521854,False,False,False,False,-65280.0,-92643.54155442756,False,False,False,False,3421.3930321007747,False,False,False,False
2025-06-20 19:00:00+00:00,65.485,65.56,65.235,65.36,5018.0,,,,,,,,,65.51701391686329,65.41772866250713,65.14092350684601,64.95110906933984,64.20444185373064,64.56465840267971,64.8989711288341,65.10808254537336,65.56525511863249,65.59189482702588,66.3562867007329,66.41773785975437,66.67663029088529,66.68560227686926,66.91444685352288,67.30599409460103,,,,,,,,,,,65.36642371038837,65.4098293507219,65.17010354727859,65.00606425934313,64.2626872804656,64.44678349985735,64.70209263978485,65.0813493480742,65.17000089972036,66.01291421110143,66.21083717151392,66.49084953048958,66.75972125226717,67.03526426640782,67.27249209020388,67.31997877003269,,,64.8989711288341,65.56525511863249,65.34962677327776,"rgba(38, 166, 154, 0.5)",0.5154225066481939,64.92093015071801,0.8518639438880444,48.816549721592395,0.2958003998825305,False,True,False,False,True,2.4112996326106106,0.0,0.0,0.0,0.0,0,1.0089247768805774,0.9083085422864425,False,False,False,False,0.181982673626922,0.19422477364607027,False,False,False,False,-70298.0,-92297.09904970774,False,False,False,False,3446.146628502313,False,False,False,False
2025-06-23 14:00:00+00:00,65.99,66.27,65.83,65.93,2092.0,,,,,,,,,65.54500411623152,65.43225849701942,65.15056102426554,64.95935182670068,64.21070636995073,64.5676198346541,64.90092244107085,65.10945927845749,65.56578039145286,65.5923869327085,66.3559367049468,66.41733100969124,66.67600609208895,66.68497076481965,66.91363961762758,67.30495801962526,,,,,,,,,,,65.42143112981424,65.43444184162207,65.18162965805575,65.01463797105946,64.27068369767409,64.45056181503993,64.7045675815757,65.08280716229054,65.17118502226593,66.01291101295551,66.21062622568094,66.49037829223717,66.75903325629062,67.03436814063355,67.27146145626425,67.31896144525618,,,64.90092244107085,65.56578039145286,65.35716743718041,"rgba(0, 255, 255, 0.75)",0.5211136723005911,64.93120736643183,1.9166502179049412,53.96761059938791,-1.3614612201094474,False,False,True,False,True,6.864028064344854,0.0,0.0,0.0,0.0,0,1.008578303169787,0.8959096139763572,False,False,False,False,0.31150212914616515,0.2528634513961177,False,False,False,False,-68206.0,-91923.59363808436,False,False,False,False,3425.152107130184,False,False,False,False
2025-06-23 15:00:00+00:00,65.88,66.2,65.865,66.175,990.0,,,,,,,,,65.55900258131587,65.43969215015744,65.15541310946941,64.96346490691484,64.21377055233417,64.56908485901678,64.90190160746839,65.11015985667164,65.56606763709713,65.5926583764666,66.3558047874755,66.41717179684599,66.67574211289464,66.68470327554535,66.91328766364819,67.3044947662318,,,,,,,,,,,65.44703323385428,65.44673156676859,65.18742627570086,65.01892624035042,64.27459366639235,64.45242344771026,64.70579816778252,65.0835474149319,65.17179088912596,66.01294583678508,66.21056133012839,66.4901880583564,66.75873850068331,67.03397355342996,67.27100134640331,67.31850628210809,,,64.90190160746839,65.56606763709713,65.36087601848061,"rgba(0, 255, 0, 1.0)",0.5333417679505257,64.93624888746781,2.322621603952637,59.03737862563078,3.2947338080739996,True,False,True,False,True,8.649153782683491,0.0,0.0,0.0,0.0,0,1.0093057298201582,0.9002509410288578,False,False,False,False,0.30657912778474183,0.27972128959042974,False,False,False,False,-67216.0,-91540.53017082725,False,False,False,False,3387.3978108956076,False,False,False,False
2025-06-23 16:00:00+00:00,66.175,66.4,66.125,66.305,917.0,,,,,,,,,65.57598443991434,65.44849563747866,65.16080884359454,64.96791418500513,64.21689799728756,64.57061562934012,64.90295828583565,65.11093928108741,65.56643512150524,65.59301089029047,66.3557697590637,66.41711039826438,66.67557845761728,66.68453623287397,66.91303880494576,67.3041348512475,,,,,,,,,,,65.47586899392284,65.46111271730915,65.19389754171823,65.02359814314475,64.27859315431972,64.45435192102106,64.70709889731172,65.08436723829766,65.17247272715856,66.01307257136001,66.21059173585695,66.49009641677294,66.75854475039984,67.0336836410089,67.27064580273156,67.31815187979325,,,64.90295828583565,65.56643512150524,65.36510563937912,"rgba(0, 255, 0, 1.0)",0.5476371192802477,64.94192454556455,2.489012169640605,63.195726432595535,7.0022659082865175,True,False,True,False,True,9.577206460683026,0.0,0.0,0.0,0.0,0,1.0118139048614736,0.8981704129639306,False,False,False,False,0.3428282325348152,0.3112747610626225,False,False,False,False,-66299.0,-91149.18861779117,False,False,False,False,3349.097069641412,False,False,False,False
2025-06-23 17:00:00+00:00,66.305,66.38,66.025,66.285,7210.0,,,,,,,,,65.67857679002675,65.5081897477187,65.19978858853393,65.00066295499208,64.24061161549903,64.58222987661081,64.91092993404155,65.11678759524393,65.56912232969505,65.59558162033113,66.3553335767258,66.41646971939099,66.67414637833883,66.68307786505777,66.91094589563733,67.30118561134724,,,,,,,,,,,65.63772665932386,65.55330758356892,65.24013636916958,65.05783220966708,64.3087697214334,64.46898914953978,64.7169495838025,65.0905233684168,65.17757922451696,66.01388914094125,66.21066167233172,66.48922165779996,66.75687977414131,67.03127184413484,67.26772830881102,67.31524925361659,,,64.91092993404155,65.56912232969505,65.3925606827064,"rgba(0, 255, 0, 1.0)",0.5607648573371745,64.97921598743655,2.328576756332491,65.65939370627436,9.178782823248383,True,False,True,False,True,9.391901305611327,0.0,0.0,0.0,0.0,0,1.0130320546505514,0.9018392012611663,False,False,False,False,0.3294909304895797,0.3203828457761011,False,False,False,False,-73509.0,-90875.6973213913,False,False,False,False,3408.95602980201,False,False,False,False
2025-06-23 18:00:00+00:00,66.285,66.33,65.87,65.955,1367.0,,,,,,,,,65.68935248961195,65.51594810931607,65.20563652600693,65.00580827325723,64.24464740099549,64.58417726374502,64.91222767459739,65.11771300829437,65.56949254559807,65.59593033592319,66.35513403345202,66.41623304441424,66.67376729319629,66.68269399876037,66.9104469877546,67.30053547961613,,,,,,,,,,,65.65391247139587,65.564385471378,65.24694536169797,65.06315063979602,64.31386485419148,64.47145887912878,64.71858446040196,65.09150159963254,65.17837873147064,66.01391608330195,66.21055312049775,66.48894282549675,66.75645883375037,67.03071479578597,67.26708226037911,67.31461052130742,,,64.91222767459739,65.56949254559807,65.39606649987192,"rgba(0, 255, 255, 0.75)",0.5667920476015726,64.98413264266561,1.7129163357931534,62.743532555333616,9.178782823248383,True,False,True,False,False,6.389555515061851,0.0,0.0,0.0,0.0,0,1.0053650326109822,0.9051125604881125,False,False,False,False,0.3069626828192488,0.313672764297675,False,False,False,False,-74876.0,-90627.63999857902,False,False,False,False,3377.297796781824,False,False,False,False
2025-06-23 19:00:00+00:00,65.93,65.93,65.575,65.615,2280.0,,,,,,,,,65.69014822280454,65.52038346984361,65.21130819923906,65.01148467130125,64.250061231837,64.5866529241534,64.91373222266249,65.11868376681325,65.5696678532953,65.59607137144762,66.35442409882421,66.41546606527477,66.67278597769828,66.68170531848897,66.90928238112289,67.29915350297743,,,,,,,,,,,65.65714232008592,65.56947196220163,65.2532899531494,65.06884357159672,64.32062299199885,64.4746654028544,64.72059896760152,65.09254409651847,65.17918344693142,66.01355104095778,66.20997998351056,66.4881122568724,66.75541474423537,67.02946021041703,67.26570082221716,67.31325599805895,,,64.91373222266249,65.5696678532953,65.39835504277896,"rgba(38, 166, 154, 1.0)",0.5670999959483015,64.98781981574558,1.1059428473555997,57.320879453737945,14.43035186656546,True,False,True,False,False,3.4551489130477613,0.0,0.0,0.0,0.0,0,0.9978905178778606,0.9135112329923002,False,False,False,False,0.23264639488518024,0.2731595795914276,False,False,False,False,-77156.0,-90418.77736294214,False,False,False,False,3360.2854278394702,False,False,False,False
2025-06-24 14:00:00+00:00,65.43,66.24,65.07,66.15,4943.0,,,,,,,,,65.70191397967726,65.53476466761178,65.22588865035829,65.0254363674659,64.26256432503094,64.59252211540252,64.91743799151807,65.12118095105005,65.57035952429003,65.59668797533914,66.35315865618989,66.41407391291185,66.67091409567081,66.67981708488416,66.90700246792296,67.29637825667488,,,,,,,,,,,65.67622596780694,65.58749233604968,65.26975345138673,65.08297910424653,64.33623143737249,64.48219450476542,64.72543703881763,65.0952069842944,65.18129270293616,66.01305377784317,66.20902068402891,66.48657791509379,66.75340213731833,67.02698077635566,67.26293137808477,67.31053384094652,,,64.91743799151807,65.57035952429003,65.40529476468633,"rgba(0, 255, 255, 0.75)",0.5767132720835881,65.03324475217902,1.9364132956162117,58.07807725102319,14.43035186656546,True,False,True,False,False,7.370209145927554,0.0,0.0,0.0,0.0,0,0.9873797455260158,0.9033826419778628,False,False,False,False,0.2120820193776007,0.24262079948451415,False,False,False,False,-72213.0,-90136.517248788,False,False,False,False,3384.8236382605633,False,False,False,False
2025-06-24 15:00:00+00:00,66.17,66.42,66.025,66.19,3689.0,,,,,,,,,65.73420129230911,65.55817394918328,65.243201774223,65.04051870182663,64.27408064681462,64.59825214623464,64.92137555472904,65.12407111288333,65.5716792158622,65.59794917309272,66.35290905908784,66.41372136613153,66.67016300504741,66.6790527375431,66.90591801024578,67.29486151047631,,,,,,,,,,,65.71928580252298,65.61929196186477,65.28974170396194,65.09861117994079,64.35068942697983,64.48938790715958,64.7303021871734,65.09824872682822,65.1838175958586,66.01343386596366,66.20902553267375,66.48610754519964,66.7525336504301,67.02573528695204,67.26143057448589,67.30904086878242,,,64.92137555472904,65.5716792158622,65.4155296173421,"rgba(0, 255, 255, 0.75)",0.5867314255815249,65.05569236731692,1.9332655167717212,58.85490646488962,14.43035186656546,True,False,True,False,False,7.6513790965823105,0.0,0.0,0.0,0.0,0,1.00555898702903,0.9000411776816963,False,False,False,False,0.33391052548336747,0.2882656624839408,False,False,False,False,-68524.0,-89801.43946198508,False,False,False,False,3389.539550845671,False,False,False,False
2025-06-24 16:00:00+00:00,66.195,66.39,66.09,66.315,1299.0,,,,,,,,,65.74578167425248,65.56667785804696,65.24948213181669,65.04597643311376,64.27821426801844,64.60032658622256,64.92281345874378,65.12513490344254,65.57218124219732,65.59843053202309,66.35285448680423,66.41363020739944,66.66992980649597,66.67881482798643,66.90556622101053,67.29435467830609,,,,,,,,,,,65.73431373796048,65.63067165934046,65.2969752441422,65.10427192887416,64.35587195182102,64.49198467882422,64.73206917365478,65.0993669841289,65.18474971831922,66.0136032751588,66.20906162739615,66.4859744110441,66.75225858501446,67.02532629422565,67.2609299166126,67.30854162026804,,,64.92281345874378,65.57218124219732,65.41921391916966,"rgba(0, 255, 0, 1.0)",0.5981319418146673,65.06256282330837,2.093914551514956,60.247712998451455,14.43035186656546,True,False,True,False,False,8.532557360308768,0.0,0.0,0.0,0.0,0,1.0058317986494778,0.8990178023327193,False,False,False,False,0.33780564652139133,0.31303565450266607,False,False,False,False,-67225.0,-89451.417144745,False,False,False,False,3357.128084941087,False,False,False,False
2025-06-24 17:00:00+00:00,66.315,66.535,66.12,66.325,1343.0,,,,,,,,,65.75859503317785,65.57601494485252,65.25628395247476,65.05185097836969,64.2826019839637,64.60254511829909,64.92436498923475,65.12629203097521,65.5727456395889,65.5989734388482,66.35283769002314,66.41357513248197,66.66972566478925,66.6786057585262,66.9052378961522,67.2938625632496,,,,,,,,,,,65.75071168459964,65.64312614089086,65.30481112118464,65.1103748141264,64.3613727203766,64.49475453468663,64.73396505709522,65.10058191288756,65.18576664222049,66.01382108710115,66.20913998065936,66.48587530060448,66.75201047838276,67.02493816780975,67.26044484642011,67.30805643492897,,,64.92436498923475,65.5727456395889,65.42322830374047,"rgba(0, 255, 0, 1.0)",0.6081259056447823,65.06984974883878,2.0639644512930557,61.24933709149012,14.43035186656546,True,False,True,False,True,8.603473378182589,0.0,0.0,0.0,0.0,0,1.0063913969767675,0.8969260424064116,False,False,False,False,0.3428282324862278,0.32793194349444693,False,False,False,False,-65882.0,-89085.99982467144,False,False,False,False,3325.901292926496,False,False,False,False
2025-06-24 18:00:00+00:00,66.25,66.605,66.21,66.455,2493.0,,,,,,,,,65.78474320337031,65.59490806993063,65.26980497722836,65.06343033297665,64.29108006731407,64.60687833359746,64.92743392128978,65.12860660114677,65.57392513663366,65.60011267983268,66.35292152369433,66.4135865908403,66.66945395902816,66.67832473868683,66.90473107950821,67.29304154817737,,,,,,,,,,,65.78358650119918,65.66820940369338,65.32039154881835,65.12243113082107,64.37200103172077,64.50014423511668,64.73768532071225,65.10300811722078,65.18780909240367,66.01434929152046,66.20940455433777,66.48580315679708,66.75165518178373,67.02431841641581,67.25963882508651,67.30724564762862,,,64.92743392128978,65.57392513663366,65.4312683512498,"rgba(0, 255, 0, 1.0)",0.6192225363701845,65.08405295513886,2.21398118501546,62.89482184350091,14.43035186656546,True,False,True,False,True,9.530078019745691,0.0,0.0,0.0,0.0,0,1.008152173913043,0.8963365539452495,False,False,False,False,0.342828232993627,0.335380088244037,False,False,False,False,-63389.0,-88687.5967266145,False,False,False,False,3312.98809458655,False,False,False,False
2025-06-24 19:00:00+00:00,66.45,66.665,66.18,66.385,2052.0,,,,,,,,,65.80435265707867,65.6095980226832,65.28057539865213,65.07272364190393,64.29796487363937,64.61040351158005,64.92992812944438,65.13048599009927,65.57487833346765,65.60103288504939,66.3529773397007,66.41358312770059,66.66921867468743,66.67808182302144,66.90430318342041,67.29235658538464,,,,,,,,,,,65.80781237239049,65.6873329061762,65.33274275192193,65.13208983896618,64.38061105392107,64.50452737197567,64.74071109108586,65.10497836989371,65.1894671034814,66.01476889717206,66.20960829394627,66.48573125202147,66.75135145829142,67.02379795719006,67.25896599005941,67.3065693489553,,,64.92992812944438,65.57487833346765,65.43752415554557,"rgba(0, 255, 255, 0.75)",0.6246383241806552,65.15923889523702,1.9623533448269042,62.97425412318305,14.43035186656546,True,False,True,False,True,8.886840218775909,0.0,0.0,0.0,0.0,0,1.0074753314063587,0.8961427289943186,False,False,False,False,0.34282823308616156,0.3391041606650993,False,False,False,False,-65441.0,-88327.18437426389,False,False,False,False,3293.437891569704,False,False,False,False
2025-06-25 14:00:00+00:00,65.955,66.06,65.61,65.89,1526.0,,,,,,,,,65.80546899658975,65.61282152060363,65.2845708118865,65.07670956944422,64.30171408149242,64.61220797815665,64.93108196819307,65.13127355167666,65.57511421914144,65.60124588940457,66.35261425450932,66.41318111912466,66.6686688221354,66.67752694026804,66.90362763371701,67.29152696315379,,,,,,,,,,,65.8090849745046,65.69045556897841,65.33709452883487,65.13609105164366,64.38522355012083,64.50682548047578,64.7422061520878,65.10581637615036,65.19013616833641,66.01464167483056,66.20933939508147,66.48528546050395,66.75075817019494,67.02306097819945,67.25813868139696,67.30575521262585,,,64.93108196819307,65.57511421914144,65.43915492655628,"rgba(38, 166, 154, 1.0)",0.6208270928998385,65.14849669502887,1.1943797451036233,57.37826805815558,13.111584896243727,False,False,True,False,False,4.520472344289274,0.0,0.0,0.0,0.0,1,0.9945033372595207,0.9032194738908518,False,False,False,False,0.22190910897122545,0.2805066348181624,False,False,False,False,-66967.0,-87996.0187250505,False,False,False,False,3266.0357537159102,False,False,False,False
2025-06-25 15:00:00+00:00,65.87,66.16,65.65,66.045,68.0,,,,,,,,,65.80561732539576,65.61302109679055,65.28477811137617,65.07690860826575,64.30189129035026,64.6122946260168,64.93113879222588,65.1313133801108,65.57512843293506,65.60125907192189,66.35260127148784,66.41316636275893,66.66864729040603,66.67750517950675,66.90360036729628,67.29149254280159,,,,,,,,,,,65.80926237656975,65.69067434413104,65.33732337087963,65.13629261936696,64.385442136736,64.50693516934834,64.74227856753974,65.10585858133739,65.1901703670537,66.01463946340904,66.20933072921692,66.48526869899078,66.7507346457904,67.02303091824312,67.25810441733604,67.30572140991082,,,64.93113879222588,65.57512843293506,65.43924968338483,"rgba(38, 166, 154, 1.0)",0.615806619639626,65.14839322528654,1.4559875553760069,55.19729022119098,10.95591168885987,False,False,True,False,False,5.673464644552951,0.0,0.0,0.0,0.0,1,0.9953352769679299,0.9022351797862002,False,False,False,False,0.21355610086669347,0.24703136784242793,False,False,False,False,-66899.0,-87668.93316342181,False,False,False,False,3216.453804045896,False,False,False,False
2025-06-25 16:00:00+00:00,65.995,66.215,65.865,66.105,990.0,,,,,,,,,65.80934439004307,65.61683552040212,65.2882770362485,65.08015926338398,64.30463867157212,64.61365834804886,64.9320544615343,65.13197049083026,65.57539566537902,65.6015110945113,66.35246418168774,66.4130028155175,66.66838203165096,66.67723650610664,66.9032494279176,67.29103274880073,,,,,,,,,,,65.8137531525379,65.6951435872475,65.34122895210292,65.13961034516478,64.38884062675356,64.5086516716516,64.74342767326034,65.10655241271233,65.1907397841387,66.01466349357426,66.20925846356197,66.48507507112346,66.75043944033436,67.02263838549226,67.25764776117785,67.30526943692034,,,64.9320544615343,65.57539566537902,65.44098556818557,"rgba(0, 255, 255, 0.75)",0.6105119473335746,65.14951572090128,1.5650541865262864,54.33750819871503,9.96795797285644,False,False,True,False,False,6.118566164743189,0.0,0.0,0.0,0.0,1,0.9995057823465451,0.9079766729267569,False,False,False,False,0.24644728383147044,0.24673932583694919,False,False,False,False,-65909.0,-87331.56985856255,False,False,False,False,3181.9351404172776,False,False,False,False
2025-06-25 17:00:00+00:00,66.105,66.19,65.955,66.12,482.0,,,,,,,,,65.8113076380271,65.61877919275196,65.29002751575896,65.0817769385097,64.3059934368623,64.61433358349326,64.93251024712504,65.13229924848642,65.57553279539451,65.60164080154162,66.352403600036,66.41292928405383,66.66825864198022,66.67711144527088,66.90308408301082,67.29081386704074,,,,,,,,,,,65.81611123979212,65.69743626656343,65.34318507332425,65.14126351326114,64.39051655905092,64.50950033809639,64.74399771541538,65.10689927429688,65.19102522647111,66.0146818167667,66.20922965762068,66.48498679710004,66.75030136656774,67.02245268966534,67.25743051023674,67.30505422030441,,,64.93251024712504,65.57553279539451,65.44186505607121,"rgba(0, 255, 255, 0.75)",0.5986879422966976,65.15043131232417,1.619489251706581,53.923754580043536,9.288331841228846,False,True,True,False,False,6.231198987006664,0.0,0.0,0.0,0.0,1,0.9964275081869601,0.9130693658827033,False,False,False,False,0.25444163058441144,0.2505904782106803,False,False,False,False,-65427.0,-86991.96412432127,False,False,False,False,3140.0756808759243,False,False,False,False
2025-06-25 18:00:00+00:00,66.1,66.365,66.045,66.26,1676.0,,,,,,,,,65.82114867015339,65.627322470489,65.297074379582,65.08811073040472,64.31104381816628,64.61689129145424,64.93427708558949,65.13360181428257,65.57613442982328,65.60221623295821,66.35230074419941,66.41278009192963,66.66792978480882,66.67677661294607,66.90260484825691,67.29013877238566,,,,,,,,,,,65.82791906714417,65.70788711296608,65.35112581890218,65.14778034307511,64.39677976302134,64.51269593794777,64.74617476963141,65.1082691099753,65.19216546315018,66.01486211210762,66.20924133015652,66.48478452190575,66.74991952779646,67.02190080028633,67.25676287660347,67.30438943221519,,,64.93427708558949,65.57613442982328,65.44562067575298,"rgba(0, 255, 255, 0.75)",0.5935480808860658,65.15701587444735,1.8582894310871754,55.146266136803064,9.288331841228846,False,False,True,False,False,7.2857164505417344,0.0,0.0,0.0,0.0,1,0.9923344947735188,0.916077650572424,False,False,False,False,0.28737802767568965,0.26898425294318495,False,False,False,False,-63751.0,-86631.63909913799,False,False,False,False,3117.376833110406,False,False,False,False
2025-06-25 19:00:00+00:00,66.245,66.48,66.13,66.39,4718.0,,,,,,,,,65.85341625605896,65.65433360634022,65.31864139449121,65.10726063274971,64.32592864939465,64.62453790206483,64.93964714437428,65.13762039044634,65.57810890341247,65.60411625514523,66.35225828991281,66.41260449537651,66.66723504405908,66.67606470863905,66.9014772849879,67.28843841667533,,,,,,,,,,,65.86606018437061,65.74102194125045,65.37545348277642,65.16754479602838,64.41523132459561,64.52220237265199,64.75272280960719,65.11248588778325,65.19570275463512,66.01563490291947,66.20952976650001,66.48445564857299,66.74907152049214,67.02056473615635,67.25508764077598,67.30271238393232,,,64.93964714437428,65.57810890341247,65.45735019342071,"rgba(0, 255, 0, 1.0)",0.5931348463420092,65.17837822019617,2.0427425353208775,57.24771578463013,9.288331841228846,False,False,True,False,True,8.255482911277063,0.0,0.0,0.0,0.0,1,0.9941188197767142,0.9122807017543858,False,False,False,False,0.3126402316255655,0.2908122422843752,False,False,False,False,-59033.0,-86203.75322163198,False,False,False,False,3142.192696162958,False,False,False,False
2025-06-26 14:00:00+00:00,66.485,66.59,65.99,66.2,1433.0,,,,,,,,,65.86105015591835,65.66129082465602,65.3245546739726,65.11262001940173,64.3302427623987,64.62674784635112,64.94118464787222,65.1387610986011,65.5786485392674,65.60463355717731,66.35219561236416,66.4125021180149,66.66697838237634,66.67580292506555,66.90109160259861,67.2878836014888,,,,,,,,,,,65.87488736343923,65.7492405706771,65.38205815330853,65.17304859055405,64.4205545979384,64.52495402429666,64.75460918672907,65.11368432240401,65.19670382318905,66.01581487254762,66.20956537250576,66.48430770761581,66.7487693257415,67.02011676570284,67.25453963827755,67.30216571262427,,,64.94118464787222,65.5786485392674,65.46043355294309,"rgba(0, 255, 255, 0.75)",0.588361727614688,65.18302109329231,1.7284926244789685,55.98264641456322,9.288331841228846,False,False,True,False,True,6.5144552321229305,0.0,0.0,0.0,0.0,1,0.9894111825828793,0.9091538842157347,False,False,False,False,0.3088268965378773,0.29981956941112625,False,False,False,False,-60466.0,-85804.71828796326,False,False,False,False,3115.69358459454,False,False,False,False
2025-06-26 15:00:00+00:00,66.185,66.395,66.025,66.23,1694.0,,,,,,,,,65.86877183312825,65.66873126655855,65.33113044758412,65.11865475479843,64.33520390679254,64.62928349939105,64.94293800442482,65.14005458314479,65.57924486000186,65.60520366200467,66.35208685536084,66.41234693261794,66.66664312919592,66.67546167918627,66.90060549433746,67.2872008890433,,,,,,,,,,,65.88370700423482,65.75783022176901,65.38936052517406,65.17922716904556,64.42666062274776,64.52811467065767,64.75676904379034,65.1150443766847,65.19783666643943,66.01598958547292,66.20957128990158,66.4840993355204,66.74838094286065,67.01955773324191,67.253864410989,67.30149337203194,,,64.94293800442482,65.57924486000186,65.46378016985769,"rgba(0, 255, 255, 0.75)",0.5815936710431269,65.18768390139282,1.7921723541759398,55.489881263020436,9.288331841228846,False,True,True,False,True,6.744425945862552,0.0,0.0,0.0,0.0,1,0.9910917549242798,0.9148767692764526,False,False,False,False,0.28863245073003485,0.2942260100705806,False,False,False,False,-58772.0,-85385.60637652197,False,False,False,False,3093.651823593074,False,False,False,False
2025-06-26 16:00:00+00:00,66.195,66.515,66.195,66.32,452.0,,,,,,,,,65.87150545445277,65.6711341613014,65.33311730526206,65.1204383036857,64.33661207539402,64.63001258509134,64.94345147116287,65.14043973568843,65.5794353653954,65.60538707477276,66.35208498148828,66.41233234355398,66.66657891703441,66.6753958269271,66.90049990568211,67.28704040840987,,,,,,,,,,,65.88685008119256,65.76068710530576,65.39158245046308,65.18106319613102,64.42839764089754,64.52901912540294,64.7573941763428,65.11544836647731,65.19817603815457,66.01606554418831,66.20960102398055,66.48407009941997,66.74830207298086,67.01943221311691,67.25370637710937,67.3013350464107,,,64.94345147116287,65.5794353653954,65.4648353848896,"rgba(0, 255, 255, 0.75)",0.574524652713706,65.18942016101906,1.9678526128352576,56.2359980176024,9.288331841228846,False,True,True,False,True,7.43891501226506,0.0,0.0,0.0,0.0,1,1.0025017512258578,0.9057340138096666,False,False,False,False,0.32541591048427804,0.30982096027742934,False,False,False,False,-58320.0,-84965.98457223481,False,False,False,False,3052.695981366825,False,False,False,False
2025-06-26 17:00:00+00:00,66.32,66.72,66.265,66.6,1973.0,,,,,,,,,65.88761566448287,65.68425788262071,65.34327111428786,65.12933174318592,64.34330028102963,64.63353068177338,64.94598398999622,65.14237617984854,65.58046693706154,65.60638705443688,66.35224951914549,66.41243928413452,66.66645917076272,66.67526865841066,66.90019235486595,67.28647774048608,,,,,,,,,,,65.90544311576636,65.77669596299114,65.40302319630138,65.19027511606608,64.43667203890917,64.53335806954516,64.76043478431137,65.11747391307091,65.19989399476798,66.01658388999583,66.20990999314616,66.48411019162211,66.74811526916208,67.0190346295904,67.25315724531323,67.30077790027832,,,64.94598398999622,65.58046693706154,65.4704617507704,"rgba(0, 255, 0, 1.0)",0.5798838187451654,65.19978149162976,2.414653527322457,59.53359367127843,5.300729081016421,False,False,True,False,True,9.552924727676686,0.0,0.0,0.0,0.0,1,1.004694366759888,0.9019176987614861,False,False,False,False,0.3428282290937672,0.32632459468559827,False,False,False,False,-56347.0,-84522.27938506838,False,False,False,False,3035.956508787494,False,False,False,False
2025-06-26 18:00:00+00:00,66.6,66.725,66.38,66.635,1355.0,,,,,,,,,65.8990854279753,65.69357814039802,65.35044480784022,65.13559787904394,64.34797800915563,64.63600494295761,64.94777520603395,65.14375240765776,65.58121263876721,65.6071109739268,66.35239544538915,66.41254530476478,66.66640776926928,66.67521211498695,66.90001073795591,67.28611810082614,,,,,,,,,,,65.91860856643524,65.7880386364189,65.41110256916863,65.19677045678233,64.44245642932593,64.53640393191435,64.76257779742168,65.11891245949143,65.20111705768892,66.01697514717291,66.21015621102767,66.48416980330194,66.74801727709118,67.01879066374727,67.25280744662349,67.30042129528873,,,64.94777520603395,65.58121263876721,65.47444712077318,"rgba(0, 255, 0, 1.0)",0.5844798411270677,65.20705524500436,2.4431035161830508,62.03893483002099,7.732194718313636,True,False,True,False,True,9.813093204546718,0.0,0.0,0.0,0.0,1,1.0058870484933145,0.9017162243065256,False,False,False,False,0.34282822960274456,0.33457641214417144,False,False,False,False,-54992.0,-84064.4455961526,False,False,False,False,3009.895167565982,False,False,False,False
2025-06-26 19:00:00+00:00,66.635,66.9,66.495,66.88,5815.0,,,,,,,,,65.95611624111127,65.73909086788198,65.38464026748646,65.16513124784832,64.36941867912049,64.64751979269303,64.95625287127719,65.15035835003215,65.58496937876288,65.61077273481465,66.35350858996338,66.41348170363507,66.66664170941698,66.675423293438,66.89966670466735,67.28496759550991,,,,,,,,,,,65.98350668740002,65.84347560376506,65.44965511358697,65.2274761012691,64.46897156285196,64.55050474591906,64.77261436953239,65.1258036107124,65.20701699158441,66.01917796820193,66.21171686050452,66.48489929760679,66.74804301794127,67.0181710189433,67.2517072046131,67.29927275823185,,,64.95625287127719,65.58496937876288,65.49370885387914,"rgba(0, 255, 0, 1.0)",0.5933779616775876,65.24233731341633,2.759898062195799,65.64597625386925,11.103521270520346,True,False,True,False,True,11.612945904360828,0.0,0.0,0.0,0.0,1,1.004088959808517,0.9040590405904056,False,False,False,False,0.3428282307522122,0.3387023214481918,False,False,False,False,-49177.0,-83523.55496675488,False,False,False,False,3053.3851649680596,False,False,False,False
2025-06-27 14:00:00+00:00,66.53,66.9,66.39,66.565,1367.0,,,,,,,,,65.9662901129118,65.7478380528891,65.39164438500823,65.17132217848797,64.37411158500841,64.6500302708959,64.95808036902838,65.15176892087038,65.58574408408263,65.61152556343188,66.35367919406666,66.41361203014354,66.6666128259083,66.67538921678518,66.89950619837009,67.28462615448015,,,,,,,,,,,65.9948345908173,65.85374493835539,65.45746443014916,65.23387576547044,64.47474107805002,64.55358509423755,64.77479383157556,65.12727698867711,65.20827289064685,66.01959618947832,66.21198881589058,66.4849827091336,66.74796697731085,67.01794752491372,67.25137607616544,67.29893376871576,,,64.95808036902838,65.58574408408263,65.4974966758086,"rgba(0, 255, 0, 1.0)",0.5937682533935158,65.24853916519315,2.2171290352473116,63.11497011924956,11.103521270520346,True,False,True,False,False,8.58516673342303,0.0,0.0,0.0,0.0,1,1.0008923259964306,0.9024390243902437,False,False,False,False,0.3304551517802627,0.3345787366142272,False,False,False,False,-50544.0,-83012.24403703774,False,False,False,False,3027.2396585344463,False,False,False,False
2025-06-27 15:00:00+00:00,66.565,66.97,66.46,66.825,1187.0,,,,,,,,,65.97662940165253,65.75643542770008,65.39831612031344,65.17714670065583,64.37841185224687,64.65235231570688,64.9597911517145,65.15310271397053,65.58650257873737,65.61226480107621,66.35390169900153,66.41379867782014,66.66665696041025,66.67542873074228,66.89943299543182,67.28438922921674,,,,,,,,,,,66.00638237247465,65.86396072154277,65.46493046139292,65.23991576734693,64.48003588038696,64.55642464675044,64.77681871303656,65.12866819485377,65.20946455476833,66.0200396333109,66.21230205598607,66.48512738725901,66.74796885965813,67.01781834540898,67.25114933051059,67.29869730111776,,,64.9597911517145,65.58650257873737,65.5011752316046,"rgba(0, 255, 0, 1.0)",0.5985061132242679,65.25481982575766,2.623498974444012,63.64736124438625,11.103521270520346,True,False,True,False,False,10.48467417901702,0.0,0.0,0.0,0.0,0,1.0014803118523634,0.9034836672258953,False,False,False,False,0.3428282308837788,0.338703483749003,False,False,False,False,-49357.0,-82490.45730778135,False,False,False,False,2998.7088111153075,False,False,False,False
2025-06-27 16:00:00+00:00,66.855,67.205,66.74,67.085,3462.0,,,,,,,,,66.01483984320762,65.78698563711961,65.4210502994744,65.19663926998156,64.3922212310865,64.6599253690261,64.96547890185815,65.15760679053872,65.58919840928174,65.61490299201037,66.3549697891779,66.41475720885853,66.6671757988177,66.67593346603697,66.89959244123297,67.2840339270523,,,,,,,,,,,66.0491420636581,65.90076785349834,65.49049663118619,65.26022454539131,64.49707927294381,64.56563441293905,64.78347030663133,65.13335589193947,65.21351011099111,66.02178550888391,66.2136501587398,66.48595656876645,66.74835711707546,67.0178072987535,67.25083061039288,67.29833393502301,,,64.96547890185815,65.58919840928174,65.51403299464032,"rgba(0, 255, 0, 1.0)",0.6127089237349846,65.27773475946114,2.9496310083457367,65.78471370874058,11.103521270520346,True,False,True,False,True,12.314120050849379,0.0,0.0,0.0,0.0,0,1.0069334389857367,0.9097662440570522,False,False,False,False,0.3428282326633355,0.3407658582061692,False,False,False,False,-45895.0,-81923.08587665296,False,False,False,False,3005.891620245303,False,False,False,False
2025-06-27 17:00:00+00:00,67.165,67.24,66.64,66.715,3114.0,,,,,,,,,66.04220568321601,65.81010981378152,65.43914150009657,65.21244767831067,64.40383806969184,64.66627800505628,64.97020710034741,65.16132382406532,65.59136796807014,65.61702174283788,66.35571553526084,66.41540737443157,66.66744432394232,66.6761896738197,66.89954762892275,67.2835464367428,,,,,,,,,,,66.07925408809503,65.92784091318931,65.51065422732104,65.27661672521874,64.51134115182721,64.57337163281196,64.78903208793076,65.13722821929173,65.21684105400362,66.02312098679413,66.2146387817256,66.48649441673203,66.74851236943546,67.01761334418643,67.25037247309362,67.29784390292669,,,64.97020710034741,65.59136796807014,65.52395771616197,"rgba(0, 255, 0, 1.0)",0.6166454220829335,65.2942050740624,2.3040711486000696,62.65026891673641,11.103521270520346,True,False,True,False,False,8.860944026571293,0.0,0.0,0.0,0.0,0,1.0033586881359278,0.914155882643485,False,False,False,False,0.33577515071489256,0.33827050446053086,False,False,False,False,-49009.0,-81412.78997158856,False,False,False,False,3007.567719156228,False,False,False,False
2025-06-27 18:00:00+00:00,66.725,66.925,66.08,66.25,11022.0,,,,,,,,,66.08067602052652,65.85303031952125,65.48072110754106,65.25157855456312,64.43678755245173,64.68396337792728,64.98285418036798,65.17093573264076,65.59631575723729,65.62180013565391,66.35603793364345,66.4154222534105,66.66625319541464,66.67495878400248,66.89735123786411,67.27999832696793,,,,,,,,,,,66.11843234479119,65.97217952923809,65.55544507571518,65.31645476590722,64.55114629652076,64.59508684589709,64.80429672476501,65.14728863774872,65.22535762327351,66.02532413221414,66.21572723727748,66.4861537944204,66.746964158746,67.01493306051394,67.24689019789655,67.29433759668984,,,64.98285418036798,65.59631575723729,65.54437076514674,"rgba(0, 255, 255, 0.75)",0.6130756386760158,65.32099786945078,1.5153140525294295,56.49514255731511,11.935821286377603,False,True,True,False,False,4.813013082858582,0.0,0.0,0.0,0.0,1,0.9874023437499997,0.922265625,False,False,False,False,0.2436057871271438,0.29093814579383737,False,False,False,False,-60031.0,-81081.28935187402,False,False,False,False,3131.8224832003175,False,False,False,False
2025-06-27 19:00:00+00:00,66.25,66.3,66.08,66.29,7051.0,,,,,,,,,66.08943694439122,65.86902491990466,65.5003603608672,65.27134084482945,64.45528731791896,64.69383990655572,64.98974616020848,65.1760587043636,65.59870651074766,65.6240861383697,66.35560227808516,66.4147993983076,66.66490250818458,66.6735838372499,66.89538893219746,67.27723352676853,,,,,,,,,,,66.12565245402367,65.98590934582097,65.5758837724057,65.33625596362475,64.57318087130948,64.60725513222586,64.81275095070642,65.1526673165061,65.22986256419652,66.02602775893487,66.21575314930186,66.48531626530529,66.74539814598418,67.01267463327399,67.24415706719962,67.2916131137194,,,64.98974616020848,65.59870651074766,65.55318830148383,"rgba(0, 255, 255, 0.75)",0.6103842166137335,65.33070611863221,1.571623012616108,52.77322226067026,8.692735499986746,False,True,False,False,False,5.109137833945162,0.0,0.0,0.0,0.0,1,0.985816296586129,0.9368091558251003,False,False,False,False,0.1802531472036882,0.2355956464987628,False,False,False,False,-52980.0,-80645.61044719379,False,False,False,False,3192.5849253212427,False,False,False,False
2025-06-30 14:00:00+00:00,66.95,66.98,66.505,66.615,3868.0,,,,,,,,,66.10933598467614,65.88825891174127,65.51751549377353,65.28710340358819,64.46796642143403,64.70087608405038,64.99494287894422,65.18011741322314,65.6010052328023,65.62632447779605,66.35622139387188,66.41530580457868,66.66496112410022,66.67362788140086,66.89507737493561,67.27640617384313,,,,,,,,,,,66.14654921363534,66.00670064007508,65.59444326825395,65.35239731679307,64.5884445097963,64.61579958981046,64.81889886983103,65.15689863291847,65.23349408635461,66.02733901931457,66.2166564476548,66.48569090784407,66.74532378724199,67.01218603751421,67.24336114108979,67.29078867039281,,,64.99494287894422,65.6010052328023,65.56212988507447,"rgba(0, 255, 0, 1.0)",0.6145196835258528,65.34439350291852,2.067641657613428,53.16842551437268,8.692735499986746,False,True,True,False,False,7.471268908516187,0.0,0.0,0.0,0.0,1,0.9904023267086765,0.9261269995152688,False,False,False,False,0.29357126701880915,0.264583456758786,False,False,False,False,-49112.0,-80156.71726196597,False,False,False,False,3203.0564768666495,False,False,False,False
2025-06-30 15:00:00+00:00,66.605,66.83,66.55,66.795,5324.0,,,,,,,,,66.13576853808149,65.91409362948355,65.54082382494165,65.30861296788005,64.48537863441312,64.71060060826959,65.0021484445794,65.1857599914201,65.60422521391581,65.62946157256575,66.35713163327912,66.41606085015285,66.66509882171542,66.67374550705017,66.89470491127155,67.27532048214388,,,,,,,,,,,66.17413594181089,66.03437772454339,65.61956444437024,65.37440048636749,64.60934344993237,64.62758660468081,64.82740737945964,65.16277874935649,65.23854806281089,66.02920231376743,66.21795829384953,66.48626434629504,66.74527807083031,67.01156967126265,67.24231964168224,67.28970550041477,,,65.0021484445794,65.60422521391581,65.57426930111768,"rgba(0, 255, 0, 1.0)",0.6209640354582624,65.36286966257146,2.3063015821385777,54.80611179181364,8.692735499986746,False,True,True,False,False,8.73693225101119,0.0,0.0,0.0,0.0,1,0.9905185758513931,0.9288893188854488,False,False,False,False,0.28252701408575764,0.2735552354222718,False,False,False,False,-43788.0,-79592.8611803851,False,False,False,False,3235.939322186546,False,False,False,False
2025-06-30 16:00:00+00:00,66.795,67.215,66.76,67.175,10268.0,,,,,,,,,66.20568027565525,65.9779321357613,65.59499183203589,65.357443881262,64.52297734052554,64.73207782155907,65.01846691128068,65.19880016058934,65.61216931198534,65.63724147124148,66.36041429385276,66.41902771795536,66.66679383912106,66.67539971640439,66.89535806057508,67.27446809414712,,,,,,,,,,,66.2479101588135,66.10463061642898,65.67834585984711,65.424650364594,64.65453402878586,64.65341671867647,64.84637847342881,65.17632917384881,65.25030932453647,66.03443341677908,66.2220476554256,66.4888576208192,66.7465943227307,67.01172808888563,67.24157727513204,67.28882370545303,,,65.01846691128068,65.61216931198534,65.60343441619236,"rgba(0, 255, 0, 1.0)",0.6350739334126245,65.40896722110008,2.7808302088703014,58.348309201982204,8.692735499986746,False,False,True,False,True,11.308489385973502,0.0,0.0,0.0,0.0,1,0.9977665566129346,0.927073218100602,False,False,False,False,0.3428282327587394,0.3081917340905056,False,False,False,False,-33520.0,-78878.5532551078,False,False,False,False,3344.9635187417935,False,False,False,False
2025-06-30 17:00:00+00:00,67.175,67.3,67.055,67.21,11580.0,,,,,,,,,66.28369748744178,66.05007661504092,65.65697893324642,65.41356970913097,64.56632900212179,64.75724858313596,65.03779331754536,65.21437210052636,65.62187631429201,65.64676300684778,66.36481448444847,66.42306683115908,66.66937124759112,66.67793043936436,66.89674115970955,67.27410217184313,,,,,,,,,,,66.32949372209404,66.18305330758672,65.74522539682539,65.48234861240597,64.7063615892558,64.68353797026077,64.86870767074015,65.1924905784712,65.26439703724077,66.04106384743615,66.22737410813941,66.4924677359833,66.74873579891742,67.01254531336434,67.24134649354934,67.2884085232436,,,65.03779331754536,65.62187631429201,65.63689916835871,"rgba(0, 255, 0, 1.0)",0.6545662548445859,65.46111004242616,2.6718303069092335,60.91541703176251,4.704624581167195,True,False,True,False,True,11.539953356443423,0.0,0.0,0.0,0.0,1,1.0031204290589957,0.921891760117016,False,False,False,False,0.34282823389856326,0.32550998399453446,False,False,False,False,-21940.0,-77995.78498758675,False,False,False,False,3472.638502947347,False,False,False,False
2025-06-30 18:00:00+00:00,67.22,67.435,67.215,67.435,6844.0,,,,,,,,,66.33201260003406,66.09470773027323,65.69529369361676,65.44823658270869,64.5929443026974,64.7729273741281,65.04996223241538,65.22425945823034,65.62818594846301,65.65296223846582,66.36793591580725,66.4259703422396,66.67138739519245,66.67991840522865,66.8980347510753,67.27432147801716,,,,,,,,,,,66.37983429298976,66.23139436071077,65.78645972950072,65.51799593419325,64.73807812328202,64.70221478940091,64.88267684632545,65.20273976997186,65.27336874731499,66.04553351133121,66.23105748776734,66.49511103507932,66.75048692689181,67.01349751626432,67.24165393308593,67.2885869715578,,,65.04996223241538,65.62818594846301,65.65773001768558,"rgba(0, 255, 0, 1.0)",0.6797015905907103,65.49340651817627,2.856538087745747,63.92053426546523,7.605817444800998,True,False,True,False,True,13.01756026852662,0.0,0.0,0.0,0.0,0,1.0024399765762246,0.919090376732383,False,False,False,False,0.3428282347039478,0.33416910934924116,False,False,False,False,-15096.0,-77020.59452266293,False,False,False,False,3524.9076734442874,False,True,False,False
2025-06-30 19:00:00+00:00,67.42,67.51,67.19,67.33,13203.0,,,,,,,,67.34333333333333,66.4124971519159,66.17162465201633,65.76378218404552,65.51113492961291,64.64255200855358,64.80243617612676,65.0728978890381,65.24291709401604,65.64010230378443,65.664668674741,66.37379259867316,66.43141239594661,66.67514139907068,66.68361872329378,66.90041215406656,67.27465330819493,,,,,,,,,,,66.46269103091015,66.31292428415932,65.85948147463975,65.58243131996676,64.79675816555269,64.73727529511439,64.90899162990024,65.22207507235913,65.29031123618522,66.05395224104262,66.23798192353065,66.50005823003376,66.75373648396564,67.01522388849597,67.24215268131296,67.28884302958352,,67.34333333333333,65.0728978890381,65.64010230378443,65.72152333180793,"rgba(0, 255, 0, 1.0)",0.7002780979108992,65.65562928435381,2.391008258920632,64.60414630524566,8.407145356585843,True,False,True,False,True,12.052354839678014,-1.0,67.51,67.19,0.0,0,1.004777691107644,0.9151716068642742,False,False,False,False,0.34282823483422825,0.3384986720917347,False,False,False,False,-28299.0,-76265.22096417204,False,False,False,False,3674.9556164916626,False,False,False,False
2025-07-01 14:00:00+00:00,66.75,66.87,66.45,66.625,2249.0,,,,,,,,67.24217781948398,66.41565145207652,66.17657489107128,65.76999983330884,65.51752804448125,64.64869561190856,64.80603885656272,65.07557715036717,65.2450217516324,65.64129410882529,65.66582770434,66.3740731095881,66.43163137434622,66.67511591143233,66.68358523036382,66.90018311482183,67.27414074229594,,,,,,,,,,,66.46537115376385,66.31706177518645,65.8657339956628,65.58880238093974,64.80383493844933,64.74158691090632,64.91215434550259,65.22426618172005,65.29220198084454,66.05460829725288,66.23841661823019,66.50020539456506,66.75363816278188,67.01489707275796,67.24165693801946,67.28833313570084,,67.24217781948398,65.07557715036717,65.64129410882529,65.72057342724064,"rgba(38, 166, 154, 1.0)",0.7042879478684886,65.6544481169762,1.3780611835842926,58.4724226772329,8.407145356585843,False,False,True,False,False,5.969002631323804,0.0,0.0,0.0,0.0,0,0.9941340513510912,0.9178767189152802,False,False,False,False,0.21275650938523127,0.275627590738483,False,False,False,False,-30548.0,-75556.42684069651,False,False,False,False,3652.847777476288,False,False,False,False
2025-07-01 15:00:00+00:00,66.625,66.705,66.29,66.365,1914.0,,,,,,,,67.15523503781334,66.41607554606892,66.17899929669751,65.77406331393608,65.52198400516137,64.65338754153227,64.80877048228737,65.0775683334706,65.24655974606046,65.64211019865239,65.66661659774543,66.37414197057899,66.43165000286278,66.67493660628186,66.68339938008036,66.8998378503595,67.27356946781781,,,,,,,,,,,66.46522504555234,66.3184775182606,65.86967107167028,65.59317784300247,64.80918289587729,64.74486729732226,64.91453561879831,65.22587100247532,65.29357616706207,66.05498248906919,66.23861019789479,66.50016583652503,66.75339995076477,67.01447168120939,67.24109724348945,67.28776780989472,,67.15523503781334,65.0775683334706,65.64211019865239,65.7190202022551,"rgba(38, 166, 154, 1.0)",0.7055428681079787,65.65220538722812,1.0102782481287649,52.6818633206102,9.673966833821183,False,True,False,False,False,3.8942517636827283,0.0,0.0,0.0,0.0,0,0.9916450590607893,0.9240372611159127,False,False,False,False,0.18327397771794443,0.2294507842282137,False,False,False,False,-32462.0,-74888.29619200353,False,False,False,False,3625.8888972053373,False,False,False,False
2025-07-01 16:00:00+00:00,66.39,66.65,66.345,66.605,1842.0,,,,,,,,67.09559619255865,66.41733198181952,66.18196152827889,65.77838378502501,65.52659738405092,64.65807966222951,64.8115182761267,65.0795903009593,65.24813406958266,65.64297134162364,65.66745137583506,66.37427496156275,66.43173393304582,66.67482651611111,66.68328289966321,66.89956552095721,67.27307398256748,,,,,,,,,,,66.46601142270919,66.32060444914988,65.87392309734656,65.59773485920992,64.8145458726157,64.74815970594709,64.91693915756765,65.22751190356965,65.2949866056779,66.0554141303301,66.23886545342559,66.50019275363982,66.75323208126393,67.01412117882845,67.24061397776117,67.28727656417794,,67.09559619255865,65.0795903009593,65.64297134162364,65.7187405681555,"rgba(38, 166, 154, 1.0)",0.7089941358600786,65.65170051455388,1.3445802119218926,50.84323799098775,8.062814871211174,False,True,False,False,False,5.569990119412012,0.0,0.0,0.0,0.0,0,1.008272506082725,0.9236009732360096,False,False,False,False,0.18327397771794443,0.20636238097307907,False,False,False,False,-30620.0,-74201.9660184841,False,False,False,False,3598.231705000603,False,False,False,False
2025-07-01 17:00:00+00:00,66.67,66.865,66.585,66.705,7271.0,,,,,,,,66.99200171204853,66.4295466121954,66.19909622329814,65.79903268576146,65.54767648399164,64.67817944183469,64.82343605463117,65.08852590071182,65.25520017671084,65.64705730730307,65.67143157046131,66.3754058233857,66.43266468831068,66.67495962477666,66.68338996275679,66.89903551212215,67.27161211180204,,,,,,,,,,,66.47700995761569,66.33556165866712,65.8947516902837,65.61877286275077,64.83763746306387,64.76237309274481,64.9274354012054,65.2348610546128,65.30134997064013,66.05776699725004,66.24049904228882,66.50088932845384,66.75312731383995,67.01327305593544,67.23921007487102,67.28581796530509,,66.99200171204853,65.08852590071182,65.64705730730307,65.72512652800886,"rgba(38, 166, 154, 1.0)",0.7136624419712583,65.66017955782158,1.4640261007605306,50.42844647106795,7.546302382962374,False,True,False,False,False,6.258771614301057,0.0,0.0,0.0,0.0,0,1.0211972522080468,0.9157998037291465,False,False,False,False,0.2246495247490922,0.21550595286108565,False,False,False,False,-23349.0,-73413.54794067815,False,False,False,False,3655.1738491091205,False,False,False,False
2025-07-01 18:00:00+00:00,66.755,66.755,66.585,66.74,3782.0,,,,,,,,66.95467433330029,66.43499942610093,66.20717445012993,65.80913611759995,65.55812071841453,64.68835382098753,64.82949535210776,65.09306461812818,65.25878647274328,65.64912105313033,65.67344081205654,66.37594843745232,66.43310427384881,66.67498881803948,66.68340573588854,66.89872308126652,67.27082054287028,,,,,,,,,,,66.48180589995057,66.34242575814454,65.90486786912517,65.62916469986577,64.84927170777802,64.76959192825404,64.93277125439396,65.2385911930122,65.30457942238755,66.05893817820558,66.2413001316424,66.50120843985755,66.75303409071859,67.01279659558683,67.238447911079,67.28502893685811,,66.95467433330029,65.09306461812818,65.64912105313033,65.7287974547447,"rgba(0, 255, 255, 0.75)",0.7154062790774531,65.6649496574935,1.502713037258806,50.451105491696836,7.221411649447816,False,True,False,False,False,6.501464752257995,0.0,0.0,0.0,0.0,0,1.0209011140688158,0.9129448881001677,False,False,False,False,0.2145822689232518,0.21504411089216874,False,False,False,False,-19567.0,-72578.71774004748,False,False,False,False,3657.1401460221573,False,False,False,False
2025-07-01 19:00:00+00:00,66.685,66.825,66.615,66.81,16171.0,,,,,,,,66.88339184183322,66.46058007331894,66.24263279326004,65.85249114503337,65.60283668848271,64.73192038881045,64.85574111555734,65.11286213955746,65.27451891102663,65.65832803828098,65.6824159358403,66.37865832942826,66.43537291632451,66.67549497675702,66.68385437874593,66.89776346534131,67.26778999955135,,,,,,,,,,,66.50502803955166,66.3733257851728,65.94829177337323,65.67367103667073,64.89889413491204,64.80075043336265,64.95594990726889,65.2549405464682,65.31877710239868,66.06434058042483,66.24511909901767,66.50295998204,66.75301399865327,67.01113380693077,67.23554921733304,67.28199963703285,,66.88339184183322,65.11286213955746,65.65832803828098,65.74855194949663,"rgba(0, 255, 255, 0.75)",0.7131803026889142,65.69099520961859,1.5690349076697858,51.10192144767544,7.221411649447816,False,True,False,False,False,6.991477600606665,0.0,0.0,0.0,0.0,0,1.0232167555819007,0.9079233353092274,False,False,False,False,0.2236560937315178,0.21935010231184326,False,False,False,False,-3396.0,-71506.11746500798,False,False,False,False,3851.153477091581,False,False,False,False
2025-07-02 14:00:00+00:00,65.63,65.875,65.555,65.825,4770.0,,,,,,,,66.77795984531855,66.44399588033349,66.23335162294727,65.85113908232428,65.60446569404705,64.73823743631033,64.8593381955814,65.11510564328289,65.27599918181691,65.65855773285273,65.68258581563065,66.37732131318987,66.43393217969397,66.67365983373473,66.68200559281188,66.89558627660412,67.26519221190239,,,,,,,,,,,66.48626578951948,66.35972760665301,65.94535620685913,65.67457400926179,64.90541103461977,64.80514316658352,64.95893245701173,65.25652046099283,65.32002772212432,66.06362122610845,66.24402878785355,66.50140303071645,66.7510618415311,67.00878754842263,67.23295619932559,67.27944806573308,,66.77795984531855,65.11510564328289,65.65855773285273,65.74292004486533,#000000,0.6975970209246264,65.6813564551749,0.2059119241001123,44.918447943286715,1.3512292157841514,False,True,False,True,False,0.0,0.0,0.0,0.0,0.0,0,1.0129038517512368,0.9100611235082954,False,False,False,False,0.036583262772712004,0.12796668254227764,False,False,False,False,-8166.0,-70524.1001399691,False,False,False,False,3865.3991596172928,False,False,False,False
2025-07-02 15:00:00+00:00,65.82,65.99,65.71,65.745,3014.0,,,,,,,,66.72442655304708,66.43483365069545,66.2284135130654,65.85083543573344,65.60591175512123,64.74243570488537,64.86175647739017,65.11665536414787,65.27705369516556,65.65880061383409,65.68279074494282,66.37656465532511,66.43310916970974,66.67258341835544,66.68092045194223,66.89429077452787,67.26362383798015,,,,,,,,,,,66.47586611083696,66.35230132847238,65.94413796988206,65.67559380044817,64.90978208531638,64.80808224676409,64.96095517215618,65.25764061253992,65.32092962928937,66.06326032900235,66.24343063723839,66.50050539266394,66.74991018020698,67.00738399151797,67.23139227971764,67.2779068504177,,66.72442655304708,65.11665536414787,65.65880061383409,65.74024290590694,#000000,0.6896077877317022,65.67658622138269,0.09920679527466332,40.43311909087306,-2.884869933097349,False,True,False,True,False,0.0,0.0,0.0,0.0,0.0,0,1.01518691588785,0.9107281931464175,False,False,False,False,0.05428723984587293,0.09112696119407529,False,False,False,False,-11180.0,-69604.03657190756,False,False,False,False,3852.1991726464817,False,False,False,False
2025-07-02 16:00:00+00:00,65.755,65.85,65.625,65.785,8410.0,,,,,,,,66.59401915072547,66.40821600626653,66.21326515717355,65.8486018961649,65.60868400849989,64.75331525332484,64.86800760712832,65.12056484043045,65.27963960299827,65.65920836667085,65.68309406581383,66.37423340203688,66.43059628763062,66.66937915140534,66.67769227288936,66.89048668744576,67.25907993882096,,,,,,,,,,,66.44592582555653,66.33035135727908,65.93928886135622,65.67713779598843,64.92094352362447,64.81569670376402,64.96614506101699,65.26039935411939,65.32311699103533,66.06201006468571,66.24153142741994,66.4977888684934,66.74650064322995,67.003283382278,67.22685744353494,67.2734429243997,,66.59401915072547,65.12056484043045,65.65920836667085,65.73287125916816,#000000,0.6838881750954238,65.66345091350173,0.17773239971769184,37.864893003261514,-5.304046840728347,False,True,False,True,False,0.0,0.0,0.0,0.0,0.0,0,1.0049140049140044,0.9248157248157247,False,False,False,False,0.03356412011795462,0.062345540656014956,False,False,False,False,-2770.0,-68567.84995838962,False,False,False,False,3922.862751365141,False,False,False,False
2025-07-02 17:00:00+00:00,65.785,65.94,65.725,65.88,5896.0,,,,,,,,66.52985634783963,66.39329390049122,66.2052857541965,65.84859765126188,65.61180233375048,64.76151540650042,64.87280275596599,65.12368436147551,65.28179606094311,65.65977854915869,65.68359067922195,66.37285788020964,66.42909119592123,66.66737761325538,66.67567368069516,66.88805638593279,67.25611057364144,,,,,,,,,,,66.42905531880935,66.31827771570507,65.93769667513816,65.67948879587706,64.9294671117686,64.82149572897862,64.97017741520361,65.26268441252796,65.32497305714996,66.0614074570643,66.24046609476302,66.49613767380383,66.74435151211637,67.00064180367052,67.22389866438728,67.27052356350187,,66.52985634783963,65.12368436147551,65.65977854915869,65.72981121334902,#000000,0.677946608224363,65.65747660298561,0.3282314481920702,37.20737898326673,-6.073660389776514,False,True,False,True,False,0.0,0.0,0.0,0.0,0.0,0,1.011480601741884,0.9171615201900237,False,False,False,False,0.05106103218289525,0.0567032864194551,False,False,False,False,3126.0,-67456.3174008952,False,False,False,False,3953.4540265377746,False,False,False,False
2025-07-02 18:00:00+00:00,65.875,66.085,65.825,66.025,3963.0,,,,,,,,66.499702720103,66.38599100139294,66.20199857218736,65.84996147513877,65.61498023695242,64.7676095453896,64.87642554913893,65.12613963333752,65.28356685479858,65.6604227726581,65.68418488700515,66.37216550414566,66.42830938846977,66.66625041794873,66.67453472313237,66.88663266746042,67.25430538597682,,,,,,,,,,,66.42066198180248,66.31264914003204,65.93816924849634,65.68222206067098,64.93590690831196,64.82584593927636,64.97326528837803,65.26454908389852,65.32652131813663,66.06125028068116,66.23998958527805,66.49525430997065,66.74312148859046,66.99907259119247,67.22210432246789,67.26874677800505,,66.499702720103,65.12613963333752,65.6604227726581,65.72910973142604,"rgba(38, 166, 154, 0.5)",0.6705729901617361,65.65553569359511,0.5509680703300947,38.365832172421065,-6.073660389776514,False,True,False,True,False,0.870011740680031,0.0,0.0,0.0,0.0,0,1.0156404672342108,0.9061571965947338,False,False,False,False,0.07367058330900068,0.06518693486422789,False,False,False,False,7089.0,-66300.57604584256,False,False,False,False,3953.602026126336,False,False,False,False
2025-07-02 19:00:00+00:00,66.03,66.23,65.975,66.23,4680.0,,,,,,,,66.47819026328861,66.38108443580161,66.20104003468778,65.85357924642663,65.62035203560858,64.77570804537336,64.88131582220514,65.12958453924799,65.2861453427191,65.66157729211972,65.68527937528428,66.37169568247437,66.42773029239981,66.66524538094104,66.67351532902742,66.88526454915917,67.25245775107784,,,,,,,,,,,66.41473030549642,66.3094339698671,65.94097122475702,65.68716704834404,64.94461045040279,64.83167811788724,64.97748822729889,65.26724989960597,65.32880537522917,66.06143698630379,66.23978610762616,66.49455009519474,66.74198944597536,66.99752723059692,67.22027504309024,67.26692500544709,,66.47819026328861,65.12958453924799,65.66157729211972,65.73004760862601,"rgba(38, 166, 154, 0.5)",0.6593267313995836,65.65593497259525,0.8706836839242997,41.23846246785102,-6.073660389776514,False,True,False,True,True,2.373391156520455,0.0,0.0,0.0,0.0,0,1.018802572983671,0.9025235032162294,False,False,False,False,0.09855144819379824,0.08186919152901306,False,False,False,False,11769.0,-65090.19502187601,False,False,False,False,3964.8640102174004,False,False,False,False
2025-07-03 14:00:00+00:00,65.69,65.815,65.41,65.795,22562.0,,,,,,,,66.2961013399915,66.3178249314978,66.16146562784606,65.84351881446445,65.6228201438156,64.80045008053003,64.89576644778523,65.13830562806514,65.2916531017601,65.6617107890286,65.6851441382497,66.36480131419222,66.42036885462151,66.65611009265565,66.66431832254935,66.87458140115784,67.23987893352043,,,,,,,,,,,66.3450487804878,66.25560001175329,65.92456334013549,65.68648933174971,64.96905121008783,64.84924286612831,64.98937185099184,65.27316771367828,65.33337891037556,66.05731021073291,66.2339961653504,66.48666654398454,66.73232674873667,66.98607615077556,67.20771223775216,67.25456685576727,,66.2961013399915,65.13830562806514,65.6617107890286,65.71615272589216,#000000,0.6363485007554721,65.65028658581527,0.22741220261056974,39.985519169351534,-6.073660389776514,False,True,False,True,True,0.0,0.0,0.0,0.0,0.0,0,1.0031243897676227,0.9043155633665299,False,False,False,False,0.007199270407998964,0.04453423096850601,False,False,False,False,-10793.0,-64248.37804479266,False,False,False,False,4253.191699981471,False,False,False,False
2025-07-03 15:00:00+00:00,65.795,65.915,65.63,65.685,8098.0,,,,,,,,66.25458670685524,66.29996764840979,66.15050588225138,65.84155119169459,65.62480201263689,64.80968691063626,64.90128075871229,65.14176864738029,65.2939475200146,65.6620421138146,65.6853796177288,66.36260701188183,66.41800589694236,66.65310276595416,66.66128869528552,66.871013544399,67.23561241438544,,,,,,,,,,,66.32541294416482,66.24049813122672,65.92066138199169,65.68747158616051,64.9782611099034,64.85589021411273,64.9939652238352,65.2756141359221,65.33532292251644,66.05611647926766,66.23220265664364,66.4841141132164,66.72912750872224,66.98223084907882,67.20345623137239,67.2503721546963,,66.25458670685524,65.14176864738029,65.6620421138146,65.71326651271681,#000000,0.6087915440801306,65.64547826651523,0.06491833513307435,38.47040404958974,-6.073660389776514,False,True,False,True,True,0.0,0.0,0.0,0.0,0.0,0,1.0091689426453367,0.9026531408505655,False,False,False,False,0.008409454186704536,0.026471842577605275,False,False,False,False,-18891.0,-63545.1628813075,False,False,False,False,4312.80113098951,False,False,False,False
2025-07-03 16:00:00+00:00,65.685,65.74,65.48,65.6,8397.0,,,,,,,,66.20777470415813,66.27831939486339,66.1361159900719,65.8368632488993,65.62449794569831,64.8177012801935,64.9060075932599,65.14451157140185,65.2955860741862,65.66181000947086,65.6850507019447,66.35984945505984,66.4150802328456,66.64953994533475,66.65770359750151,66.86689214979904,67.2308111592155,,,,,,,,,,,66.30188804651465,66.22169725796898,65.91380441472744,65.68604922200143,64.98591739806918,64.86163387405607,64.99781152157735,65.27739072476224,65.3366506206681,66.05435154805154,66.22984067758962,66.48100100405256,66.72537504334603,66.97783153250222,67.19865849895606,67.24565487477265,,66.20777470415813,65.14451157140185,65.66181000947086,65.7086881804837,#000000,0.576299448250111,65.63643295377095,-0.06321878995647312,36.9267465320999,-7.353931344272922,False,True,False,True,False,0.0,0.0,0.0,0.0,0.0,0,1.0037939297124594,0.9197284345047921,False,False,False,False,-0.02472319215335284,0.0008743252121262181,False,False,False,False,-27288.0,-62983.03632500816,False,False,False,False,4376.122043687347,False,False,False,False
2025-07-03 17:00:00+00:00,65.6,65.6,65.6,65.6,0.0,,,,,,,,66.20777470415813,66.27831939486339,66.1361159900719,65.8368632488993,65.62449794569831,64.8177012801935,64.9060075932599,65.14451157140185,65.2955860741862,65.66181000947086,65.6850507019447,66.35984945505984,66.4150802328456,66.64953994533475,66.65770359750151,66.86689214979904,67.2308111592155,,,,,,,,,,,66.30188804651465,66.22169725796898,65.91380441472744,65.68604922200143,64.98591739806918,64.86163387405607,64.99781152157735,65.27739072476224,65.3366506206681,66.05435154805154,66.22984067758962,66.48100100405256,66.72537504334603,66.97783153250222,67.19865849895606,67.24565487477265,,66.20777470415813,65.14451157140185,65.66181000947086,65.7086881804837,#000000,0.5613879758765674,65.63643295377095,-0.0648979945002699,35.897641520440004,-8.654998414778873,False,True,False,True,False,0.0,0.0,0.0,0.0,0.0,0,0.9988928032209353,0.9235027679919474,False,False,False,False,-0.02676315414267239,-0.012944414465273085,False,False,False,False,-27288.0,-62429.62490911656,False,False,False,False,4308.275190296846,False,False,False,False
2025-07-03 18:00:00+00:00,65.6,65.6,65.6,65.6,0.0,,,,,,,,66.20777470415813,66.27831939486339,66.1361159900719,65.8368632488993,65.62449794569831,64.8177012801935,64.9060075932599,65.14451157140185,65.2955860741862,65.66181000947086,65.6850507019447,66.35984945505984,66.4150802328456,66.64953994533475,66.65770359750151,66.86689214979904,67.2308111592155,,,,,,,,,,,66.30188804651465,66.22169725796898,65.91380441472744,65.68604922200143,64.98591739806918,64.86163387405607,64.99781152157735,65.27739072476224,65.3366506206681,66.05435154805154,66.22984067758962,66.48100100405256,66.72537504334603,66.97783153250222,67.19865849895606,67.24565487477265,,66.20777470415813,65.14451157140185,65.66181000947086,65.7086881804837,#000000,0.5486780755870988,65.63643295377095,-0.06640132965395233,35.211571512666744,-9.664411542027523,False,True,False,True,False,0.0,0.0,0.0,0.0,0.0,0,0.9935962594023168,0.9296605001016465,False,False,False,False,-0.02676315414267239,-0.019853784303972735,False,False,False,False,-27288.0,-61884.79351517677,False,False,False,False,4241.480226106197,False,False,False,False
2025-07-03 19:00:00+00:00,65.6,65.6,65.6,65.6,0.0,,,,,,,,66.20777470415813,66.27831939486339,66.1361159900719,65.8368632488993,65.62449794569831,64.8177012801935,64.9060075932599,65.14451157140185,65.2955860741862,65.66181000947086,65.6850507019447,66.35984945505984,66.4150802328456,66.64953994533475,66.65770359750151,66.86689214979904,67.2308111592155,,,,,,,,,,,66.30188804651465,66.22169725796898,65.91380441472744,65.68604922200143,64.98591739806918,64.86163387405607,64.99781152157735,65.27739072476224,65.3366506206681,66.05435154805154,66.22984067758962,66.48100100405256,66.72537504334603,66.97783153250222,67.19865849895606,67.24565487477265,,66.20777470415813,65.14451157140185,65.66181000947086,65.7086881804837,#000000,0.5414849203054979,65.63643295377095,-0.06728341345203147,34.75419150748457,-10.48795382096796,False,True,False,True,False,0.0,0.0,0.0,0.0,0.0,0,0.9890782892722254,0.9281412677350207,False,False,False,False,-0.02676315414267239,-0.02330846922332256,False,False,False,False,-27288.0,-61348.40911959263,False,False,False,False,4175.720842755713,False,False,False,False
2025-07-04 14:00:00+00:00,65.6,65.6,65.6,65.6,0.0,,,,,,,,66.20777470415813,66.27831939486339,66.1361159900719,65.8368632488993,65.62449794569831,64.8177012801935,64.9060075932599,65.14451157140185,65.2955860741862,65.66181000947086,65.6850507019447,66.35984945505984,66.4150802328456,66.64953994533475,66.65770359750151,66.86689214979904,67.2308111592155,,,,,,,,,,,66.30188804651465,66.22169725796898,65.91380441472744,65.68604922200143,64.98591739806918,64.86163387405607,64.99781152157735,65.27739072476224,65.3366506206681,66.05435154805154,66.22984067758962,66.48100100405256,66.72537504334603,66.97783153250222,67.19865849895606,67.24565487477265,,66.20777470415813,65.14451157140185,65.66181000947086,65.7086881804837,#000000,0.538884165793983,65.63643295377095,-0.06760813563203404,34.44927150402979,-11.187039866144453,False,True,False,True,False,0.0,0.0,0.0,0.0,0.0,0,0.9929085303186014,0.9264131551901333,False,False,False,False,-0.02676315414267239,-0.025035811682997476,False,False,False,False,-27288.0,-60820.34076114933,False,False,False,False,4110.980984728493,False,False,False,False
2025-07-04 15:00:00+00:00,65.6,65.6,65.6,65.6,0.0,,,,,,,,66.20777470415813,66.27831939486339,66.1361159900719,65.8368632488993,65.62449794569831,64.8177012801935,64.9060075932599,65.14451157140185,65.2955860741862,65.66181000947086,65.6850507019447,66.35984945505984,66.4150802328456,66.64953994533475,66.65770359750151,66.86689214979904,67.2308111592155,,,,,,,,,,,66.30188804651465,66.22169725796898,65.91380441472744,65.68604922200143,64.98591739806918,64.86163387405607,64.99781152157735,65.27739072476224,65.3366506206681,66.05435154805154,66.22984067758962,66.48100100405256,66.72537504334603,66.97783153250222,67.19865849895606,67.24565487477265,,66.20777470415813,65.14451157140185,65.66181000947086,65.7086881804837,#000000,0.5365165253571555,65.63643295377095,-0.06790648945380004,34.2459915017266,-11.796805680112243,False,True,False,True,False,0.0,0.0,0.0,0.0,0.0,0,0.9926668043792598,0.9242925015492666,False,False,False,False,-0.02676315414267239,-0.025899482912834934,False,False,False,False,-27288.0,-60300.45950903849,False,False,False,False,4047.244845430377,False,False,False,False
2025-07-04 16:00:00+00:00,65.6,65.6,65.6,65.6,0.0,,,,,,,,66.20777470415813,66.27831939486339,66.1361159900719,65.8368632488993,65.62449794569831,64.8177012801935,64.9060075932599,65.14451157140185,65.2955860741862,65.66181000947086,65.6850507019447,66.35984945505984,66.4150802328456,66.64953994533475,66.65770359750151,66.86689214979904,67.2308111592155,,,,,,,,,,,66.30188804651465,66.22169725796898,65.91380441472744,65.68604922200143,64.98591739806918,64.86163387405607,64.99781152157735,65.27739072476224,65.3366506206681,66.05435154805154,66.22984067758962,66.48100100405256,66.72537504334603,66.97783153250222,67.19865849895606,67.24565487477265,,66.20777470415813,65.14451157140185,65.66181000947086,65.7086881804837,#000000,0.5347087950415901,65.63643295377095,-0.06813606603968678,34.11047150019114,-12.337212713685958,False,True,False,True,False,0.0,0.0,0.0,0.0,0.0,0,0.9879920643207678,0.9340085621802232,False,False,False,False,-0.02676315414267239,-0.02633131852775366,False,False,False,False,-27288.0,-59788.63843137898,False,False,False,False,3984.496863330681,False,False,False,False
2025-07-04 17:00:00+00:00,65.6,65.6,65.6,65.6,0.0,,,,,,,,66.20777470415813,66.27831939486339,66.1361159900719,65.8368632488993,65.62449794569831,64.8177012801935,64.9060075932599,65.14451157140185,65.2955860741862,65.66181000947086,65.6850507019447,66.35984945505984,66.4150802328456,66.64953994533475,66.65770359750151,66.86689214979904,67.2308111592155,,,,,,,,,,,66.30188804651465,66.22169725796898,65.91380441472744,65.68604922200143,64.98591739806918,64.86163387405607,64.99781152157735,65.27739072476224,65.3366506206681,66.05435154805154,66.22984067758962,66.48100100405256,66.72537504334603,66.97783153250222,67.19865849895606,67.24565487477265,,66.20777470415813,65.14451157140185,65.66181000947086,65.7086881804837,#000000,0.5379084452718957,65.63643295377095,-0.06773077108417477,34.020124832500834,-12.819745046556626,False,True,False,True,False,0.0,0.0,0.0,0.0,0.0,0,0.9934729971575946,0.925044741551742,False,False,False,False,-0.02676315414267239,-0.026547236335213026,False,False,False,False,-27288.0,-59284.75256422582,False,False,False,False,3922.7217181627634,False,False,False,False
2025-07-04 18:00:00+00:00,65.6,65.6,65.6,65.6,0.0,,,,,,,,66.20777470415813,66.27831939486339,66.1361159900719,65.8368632488993,65.62449794569831,64.8177012801935,64.9060075932599,65.14451157140185,65.2955860741862,65.66181000947086,65.6850507019447,66.35984945505984,66.4150802328456,66.64953994533475,66.65770359750151,66.86689214979904,67.2308111592155,,,,,,,,,,,66.30188804651465,66.22169725796898,65.91380441472744,65.68604922200143,64.98591739806918,64.86163387405607,64.99781152157735,65.27739072476224,65.3366506206681,66.05435154805154,66.22984067758962,66.48100100405256,66.72537504334603,66.97783153250222,67.19865849895606,67.24565487477265,,66.20777470415813,65.14451157140185,65.66181000947086,65.7086881804837,#000000,0.5410641999502459,65.63643295377095,-0.06733573164571847,33.9598937207073,-13.251357077723938,False,True,False,True,False,0.0,0.0,0.0,0.0,0.0,0,0.9917144678138933,0.9268111323560653,False,False,False,False,-0.02676315414267239,-0.026655195238942705,False,False,False,False,-27288.0,-58788.678881059524,False,False,False,False,3861.9043271834958,False,False,False,False
2025-07-04 19:00:00+00:00,65.6,65.6,65.6,65.6,0.0,,,,,,,,66.20777470415813,66.27831939486339,66.1361159900719,65.8368632488993,65.62449794569831,64.8177012801935,64.9060075932599,65.14451157140185,65.2955860741862,65.66181000947086,65.6850507019447,66.35984945505984,66.4150802328456,66.64953994533475,66.65770359750151,66.86689214979904,67.2308111592155,,,,,,,,,,,66.30188804651465,66.22169725796898,65.91380441472744,65.68604922200143,64.98591739806918,64.86163387405607,64.99781152157735,65.27739072476224,65.3366506206681,66.05435154805154,66.22984067758962,66.48100100405256,66.72537504334603,66.97783153250222,67.19865849895606,67.24565487477265,,66.20777470415813,65.14451157140185,65.66181000947086,65.7086881804837,#000000,0.5438339207264139,65.63643295377095,-0.06699279390717414,33.91973964617827,-13.636729501262032,False,True,False,True,False,0.0,0.0,0.0,0.0,0.0,0,0.9909764743796317,0.9287786013535286,False,False,False,False,-0.02676315414267239,-0.026709174690807545,False,False,False,False,-27288.0,-58300.296262748525,False,False,False,False,3802.0298414907284,False,False,False,False
2025-07-07 14:00:00+00:00,64.925,64.94,64.645,64.67,2602.0,,,,,,,,66.17588894779954,66.26368945548917,66.12485696247236,65.83019300379928,65.61998659836071,64.81749615185026,64.9056877722448,65.14379465739576,65.2947043769891,65.66062942992832,65.6838436664479,66.35803366824246,66.41322362424134,66.64753974432453,66.65569791872664,66.86475773260776,67.22854892967212,,,,,,,,,,,66.2863231424029,66.2083085044693,65.90599314679245,65.68098026706254,64.98503633741592,64.86137380056661,64.99733363602141,65.2765179354731,65.33576499816732,66.05276832920279,66.22811315160115,66.47910185899559,66.72333254386957,66.97562751705983,67.19638235442714,67.24343892899682,,66.17588894779954,65.14379465739576,65.66062942992832,65.70358573693728,"rgba(255, 0, 0, 1.0)",0.5669724241345925,65.62566977792582,-1.6855665941505393,26.943591234513665,-20.23394404922837,False,True,False,True,False,0.0,0.0,0.0,0.0,0.0,0,0.9851930195663661,0.9232152300370172,False,False,False,False,-0.1937635569181941,-0.11023636580450083,False,False,False,False,-29890.0,-57859.826553248546,False,False,False,False,3783.4247276691667,False,False,False,False
2025-07-07 15:00:00+00:00,64.685,64.75,64.46,64.495,1219.0,,,,,,,,66.1595647115339,66.25611216013236,66.11894918060008,65.82656980587798,65.61744624220569,64.81713407387006,64.90536059180248,65.14330308515328,65.29415317578801,65.65996605597488,65.6831682577448,66.35708748224532,66.41225943996183,66.64651365286646,66.65466940344842,66.86367264214121,67.22741218622406,,,,,,,,,,,66.27827989036157,66.20134066204729,65.90179419765134,65.67815964344217,64.98430337228352,64.86104947888765,64.9969437907075,65.27596756287629,65.33522108083152,66.05192361077076,66.22720489575318,66.47811929627409,66.72228827580395,66.97451147259214,67.19523761147981,67.24232586192237,,66.1595647115339,65.14330308515328,65.65996605597488,65.7008552697911,"rgba(255, 0, 0, 1.0)",0.591001836858816,65.61999781565001,-1.9035436871556708,21.793202795053432,-24.739674560626007,False,True,False,True,False,0.0,0.0,0.0,0.0,0.0,0,0.9800105764145947,0.9298783712321521,False,False,False,False,-0.23376553879744422,-0.1720009523009725,False,False,False,False,-31109.0,-57445.08505629896,False,False,False,False,3743.666204759567,False,False,False,False
2025-07-07 16:00:00+00:00,64.495,64.715,64.435,64.535,2104.0,,,,,,,,66.13204068322048,66.24314080057242,66.10881374623382,65.82033197936784,65.61306264767485,64.81649491550279,64.90478622621485,65.14244678704752,65.2931950449012,65.65881598193592,65.68199746139842,66.35545063419636,66.41059161368034,66.64473932074758,66.65289089853651,66.86179674844925,67.2254475318966,,,,,,,,,,,66.26451951614439,66.18940387711696,65.89457254745274,65.67329568709137,64.98302413998806,64.86047867298576,64.99626213990891,65.27501069630401,65.33427594302789,66.05046134059366,66.22563328727438,66.47641985158477,66.72048267166808,66.97258227651038,67.19325911548198,67.24040209586465,,66.13204068322048,65.14244678704752,65.65881598193592,65.69618104885679,"rgba(255, 0, 0, 1.0)",0.6145114517432888,65.61045277289267,-1.7500939483580906,19.20966665590053,-26.79096091767638,False,True,False,True,False,0.0,0.0,0.0,0.0,0.0,0,0.9944134078212287,0.9292006875805755,False,False,False,False,-0.24023138310156522,-0.20611616770126887,False,False,False,False,-29005.0,-57004.15350503851,False,False,False,False,3718.245023290426,False,False,False,False
2025-07-07 17:00:00+00:00,64.53,64.615,64.34,64.375,840.0,,,,,,,,66.120506828635,66.23765686683471,66.10449735278326,65.81762622186665,65.61112686438766,64.81612254963102,64.90447855432532,65.14203611096357,65.29275145639603,65.65830804961502,65.68148141636264,66.35475491794915,66.40988402863061,66.64399158716964,66.65214156212724,66.86101018532966,67.22462916473039,,,,,,,,,,,66.25870975827429,66.18434371104331,65.89145703471416,65.67116016364855,64.98237275719409,64.86016138612965,64.99591665631502,65.2745661403675,65.33384155709687,66.04983200775972,66.22496210492689,66.4757003286698,66.71972317824803,66.97177516507668,67.19243457033906,67.23960092908159,,66.120506828635,65.14203611096357,65.65830804961502,65.69417019298082,"rgba(255, 0, 0, 1.0)",0.6422006576483712,65.60638830598046,-1.9174510198877601,16.950054961636454,-28.643946479025352,False,True,False,True,False,0.0,0.0,0.0,0.0,0.0,0,0.9934267241379305,0.9296336206896548,False,False,False,False,-0.2613852384723037,-0.2337507030867863,False,False,False,False,-29845.0,-56583.08135767357,False,False,False,False,3673.6210694409624,False,False,False,False
2025-07-07 18:00:00+00:00,64.44,64.47,64.275,64.36,2480.0,,,,,,,,66.08587309810547,66.22099077885424,66.09131374632314,65.80926688730322,65.60508423452745,64.81480719947092,64.90342523217656,65.14069660158488,65.29132911408121,65.65671849594969,65.67986822351708,66.3526233697323,66.4077183755339,66.64171181797717,66.6498571791182,66.85861898688984,67.22215076230886,,,,,,,,,,,66.24107160280164,66.16893757782245,65.88186404104688,65.6645158354943,64.98019246298212,64.85905939979823,64.9947610721357,65.27313823681654,65.33245374811231,66.04789024110298,66.22290017161737,66.4735007079865,66.71741003730783,66.9693246734467,67.18993674635304,67.23717488465846,,66.08587309810547,65.14069660158488,65.65671849594969,65.68800001819508,"rgba(255, 0, 0, 1.0)",0.6688545742093365,65.59407577038368,-1.8450584296930366,15.394087224447823,-29.96031665980298,False,True,False,True,False,0.0,0.0,0.0,0.0,0.0,0,0.9935086011035376,0.9302174618630313,False,False,False,False,-0.2844256368400267,-0.2590881699634065,False,False,False,False,-32325.0,-56206.987073058466,False,False,False,False,3655.1153164263737,False,False,False,False
2025-07-07 19:00:00+00:00,64.395,64.6,64.335,64.56,3818.0,,,,,,,,66.03899042167819,66.19766630139638,66.07290642692554,65.79772860734707,65.59686138387154,64.81338247692173,64.90220369972555,65.13898902365163,65.28945514129843,65.65452514498897,65.67763782340339,66.34956514930886,66.4046052415437,66.63841118181973,66.64654913389774,66.85513835947211,67.2185170451666,,,,,,,,,,,66.21639261954479,66.14739995497774,65.8685778256229,65.65543096734878,64.97757273855227,64.85781937836809,64.9933578025803,65.2712633135883,65.33061201485191,66.04514031592663,66.2199566182825,66.47033188153374,66.71405438632206,66.96574921328526,67.1862767055338,67.23361683775418,,66.03899042167819,65.13898902365163,65.65452514498897,65.67953489092956,"rgba(239, 83, 80, 1.0)",0.688050955319753,65.57770478445255,-1.4791125229665538,18.804578561150763,-29.96031665980298,False,True,False,True,True,0.0,0.0,0.0,0.0,0.0,0,0.9952422145328714,0.9239835640138405,False,False,False,False,-0.2635675519509476,-0.2613278609571771,False,False,False,False,-28507.0,-55777.529909135075,False,False,False,False,3657.640660357748,False,False,False,False
2025-07-08 14:00:00+00:00,63.96,64.105,63.855,64.015,10668.0,,,,,,,,65.88293196049149,66.11725104874633,66.00781124174189,65.75437863460934,65.56421584532775,64.80317467258058,64.89459601853368,65.13053003307684,65.28094209118764,65.6457739792784,65.6687917859357,66.33874915238208,66.39366256300384,66.62707169919528,66.63519233622391,66.84338810818905,67.2065335583541,,,,,,,,,,63.991666666666674,66.13171554023758,66.07244554317758,65.81953181121558,65.61998726287209,64.96282007493937,64.84957910326015,64.98550817097538,65.2626695235542,65.32240213510187,66.03500817116277,66.20938005966487,66.45927030480301,66.70260003770467,66.95377330414802,67.17418485317792,67.22189152061061,,65.88293196049149,65.13053003307684,65.6457739792784,65.54982092358895,"rgba(255, 0, 0, 1.0)",0.7240003546358357,65.46259200288816,-1.9994354886970747,18.361694802793863,-29.96031665980298,False,True,False,True,True,0.0,0.0,0.0,0.0,0.0,0,0.9886217260626867,0.9245384285100898,False,False,False,False,-0.34282825441539394,-0.3020780576862855,False,False,False,False,-39175.0,-55520.126344652366,False,False,False,False,3766.328402057628,False,False,False,False
2025-07-08 15:00:00+00:00,64.005,64.12,63.895,63.99,4094.0,,,,,,,,65.82946399439071,66.08806369104785,65.98401699336178,65.73838123233186,65.55211492989612,64.79937174650817,64.89174206878971,65.12734501260721,65.27772977518383,65.64246015577481,65.66544168367444,66.33464223020506,66.3895068317049,66.62276217923737,66.63087614567004,66.8389200665021,67.20197255181276,,,,,,,,,,63.99444000361289,66.10105032673992,66.04517812114037,65.80148281802359,65.60686403782428,64.95733218181768,64.84649463464335,64.98255831161268,65.25942780989995,65.31930161976797,66.0311652114863,66.20536594439604,66.45506853083113,66.6982459372675,66.9492183738277,67.16958320357377,67.21742810921644,,65.82946399439071,65.12734501260721,65.64246015577481,65.53883765465766,"rgba(255, 0, 0, 1.0)",0.7585401163467919,65.44266393214016,-1.9150785842894407,17.972377886666465,-29.96031665980298,False,True,False,True,True,0.0,0.0,0.0,0.0,0.0,0,0.991817398794142,0.9216192937123167,False,False,False,False,-0.3367962701341871,-0.3194371639102363,False,False,False,False,-43269.0,-55330.18640132443,False,False,False,False,3771.408581870688,False,False,False,False
2025-07-08 16:00:00+00:00,63.99,64.135,63.935,64.015,2900.0,,,,,,,,65.7939186690893,66.06812937531633,65.96772309432284,65.7273962708145,65.5438014758264,64.79678901652312,64.88979171372719,65.12515293356232,65.27551141106328,65.64015888665865,65.66311466591259,66.3317749522106,66.38660460756938,66.61974903564587,66.62785822934228,66.83579327128105,67.19877644839566,,,,,,,,,,64.00000509568565,66.08012654541234,66.02654005158077,65.7890993262547,65.5978484989329,64.95358999628665,64.84439182095073,64.98053596445915,65.2571900680024,65.31715842231827,66.02848746705003,66.20256565282017,66.45213312772745,66.69520059485038,66.94602948104207,67.1663590473045,67.21430007052,,65.7939186690893,65.12515293356232,65.64015888665865,65.53149623929401,"rgba(255, 0, 0, 1.0)",0.7901684619101733,65.42950165981404,-1.7901266982923916,18.20528887762567,-29.96031665980298,False,True,False,True,True,0.0,0.0,0.0,0.0,0.0,0,0.9997832448249693,0.9170911455510997,False,False,False,False,-0.33078781606072055,-0.3251124899854784,False,False,False,False,-40369.0,-55098.230023009324,False,False,False,False,3757.8983712990494,False,False,False,False
2025-07-08 17:00:00+00:00,64.015,64.04,63.855,64.02,5864.0,,,,,,,,65.72399120482163,66.02788945661173,65.93465268399171,65.70488297923517,65.52664691444862,64.79123783250859,64.88561710427088,65.12051937964858,65.2708469876682,65.63536266010449,65.65826702517379,66.32585674976721,66.38061736402015,66.61354482104292,66.62164456873258,66.82936469581345,67.19221817552537,,,,,,,,,63.971666666666664,63.992941568194055,66.03794857274761,65.98884633191103,65.76379108931658,65.57928256023364,64.94565657421569,64.8398796649133,64.97623091042249,65.2524824496764,65.31265680928696,66.02294191821083,66.19677821855271,66.4460809212991,66.68893348459447,66.93947772578107,67.1597423968483,67.20788150469528,,65.72399120482163,65.12051937964858,65.63536266010449,65.41947497250393,"rgba(255, 0, 0, 1.0)",0.8132074356107555,65.35201774641999,-1.637980284107446,18.468953417064636,-29.96031665980298,False,True,False,True,True,0.0,0.0,0.0,0.0,0.0,0,0.9923863389166838,0.921579290841853,False,False,False,False,-0.34282825441539394,-0.3339703722004362,False,False,False,False,-34505.0,-54778.955138931655,False,False,False,False,3790.551109728521,False,False,False,False
2025-07-08 18:00:00+00:00,63.98,64.215,63.92,64.16,612.0,,,,,,,,65.71750650163273,66.02403186975083,65.93148295491936,65.70273587975295,65.52502220177689,64.79075165676673,64.88524368499189,65.12009102136764,65.27040937958535,65.63490167717288,65.65780057474925,66.32527394380902,66.38002697843754,66.61292995414924,66.6210286684545,66.82872510095847,67.19156211297873,,,,,,,,,63.98363701873584,63.995613693484685,66.0339075838607,65.98523397692075,65.76137416008048,65.57752006370603,64.944942697019,64.83947974954899,64.97584011304338,65.25204151455688,65.31223294448773,66.02240050883805,66.19621022471374,66.44548322762508,66.68831148785675,66.93882472355624,67.15908079896742,67.20723925310618,,65.71750650163273,65.12009102136764,65.63490167717288,65.41862742381086,"rgba(239, 83, 80, 1.0)",0.8345145700147192,65.35027055696294,-1.4263029067808237,21.66499564965318,-32.56315521178173,False,True,False,True,True,0.0,0.0,0.0,0.0,0.0,0,0.990432702761469,0.9195477277669055,False,False,False,False,-0.3169240606748376,-0.32544721643763685,False,False,False,False,-33893.0,-54455.14188096372,False,False,False,False,3741.2712475621875,False,False,False,False
2025-07-08 19:00:00+00:00,64.17,64.445,64.11,64.415,3080.0,,,,,,,,65.69006898696297,66.00709094300038,65.91763316369803,65.69351999476504,65.51818205815314,64.78910692885154,64.88390556114828,65.11841419608507,65.26863381448798,65.63292499026663,65.65579539411749,66.32264136906353,66.37735292594657,66.61011655796541,66.61820964845612,66.8257756468496,67.18850444054398,,,,,,,,,64.09312473838426,64.03269858182085,66.01615819551641,65.96940478546628,65.75094761340907,65.5700528914895,64.94231815406914,64.83808265795813,64.97438156663846,65.25025931178068,65.31049881224119,66.01999847686808,66.19366243615029,66.44276774809936,66.6854572530881,66.93580288063094,67.15599997060531,67.20424466507374,,65.69006898696297,65.11841419608507,65.63292499026663,65.4183802248957,"rgba(239, 83, 80, 1.0)",0.8509432657003178,65.3472359409679,-1.0955324268306874,28.267345069717948,-26.414804556556533,False,True,False,True,True,0.0,0.0,0.0,0.0,0.0,0,0.9918725617685297,0.9155830082358039,False,False,False,False,-0.27254163790113833,-0.2989944271693876,False,False,False,False,-30813.0,-54088.597045599934,False,False,False,False,3731.0189801581223,False,False,False,False
2025-07-09 14:00:00+00:00,64.695,64.945,64.65,64.81,4200.0,,,,,,,,65.66685044253477,65.99093661687952,65.9046794028503,65.68546807780385,65.51266332599792,64.78916690638317,64.88363936786268,65.11750777753865,65.26744304477378,65.63122012559278,65.65404885417031,66.31991884324187,66.3745642417296,66.60709138732275,66.61517558971325,66.8225314900599,67.18503972353368,,,,,,,,,64.3094576911893,64.1354952574957,65.99921354722049,65.95443232143145,65.74165388879952,65.56386474777749,64.94151298746142,64.8379487388282,64.97385670862971,65.24908848250146,65.3092849599387,66.01765426988729,66.19108501281796,66.43990918854597,66.68236211801376,66.93244584763404,67.1525172106314,67.20084749294776,,65.66685044253477,65.11750777753865,65.63122012559278,65.42592365598432,"rgba(239, 83, 80, 0.5)",0.859127847096656,65.35489305404994,-0.6342397768752955,37.45361323638268,-18.250436431004626,False,False,False,True,True,0.0,0.0,0.0,0.0,0.0,0,0.9982756762582166,0.9111973272982005,False,False,False,False,-0.1666469554861192,-0.2328206913277534,False,False,False,False,-26613.0,-53662.618796830946,False,False,False,False,3738.2900037215622,False,False,False,False
2025-07-09 15:00:00+00:00,64.81,64.98,64.72,64.89,3660.0,,,,,,,,65.64895789603905,65.97792010580507,65.89425141134731,65.6790504104957,65.50833414395706,64.7894742637609,64.88358225242972,65.1168755148341,65.26654704368342,65.6298501671382,65.6526423725355,66.31765033222771,66.37223709949316,66.6045531700302,66.61262950149946,66.81979891593814,67.18210656903108,,,,,,,,,64.4258555351401,64.21143708307201,65.98556916132519,65.94237590622369,65.73422386170414,65.55898268901088,64.94112492122606,64.83802982801889,64.9735647983444,65.24821309911479,65.30835981674554,66.01572202949791,66.18894608411665,66.43751972800892,66.6797613777704,66.92961344841531,67.14957001759383,67.19797081459741,,65.64895789603905,65.1168755148341,65.6298501671382,65.42950162911175,"rgba(239, 83, 80, 0.5)",0.8656883841069218,65.35808516326688,-0.5407086104658464,44.35706126065136,-12.463187248779526,True,False,False,True,True,0.0,0.0,0.0,0.0,0.0,0,1.002259279182355,0.9060785368477677,False,False,False,False,-0.15619551223261757,-0.1945081017801855,False,False,False,False,-22953.0,-53186.50067594985,False,False,False,False,3737.076205214251,False,False,False,False
2025-07-09 16:00:00+00:00,64.89,65.085,64.885,65.0,3426.0,,,,,,,,65.63550296304685,65.96735925846184,65.88585392971116,65.67405202665027,65.50511933985776,64.79024913799614,64.88386170411735,65.11658077441027,65.26597426860292,65.628783398859,65.65154089214472,66.31571764215497,66.37024754720112,66.6023562722164,66.61042498348337,66.81741310186969,67.17951726950797,,,,,,,,,64.51858938681508,64.28071187409101,65.97449927570803,65.93262601572567,65.72837701385592,65.5552949787774,64.94135096503449,64.83848289319035,64.97360533091859,65.24766576871892,65.30774279114289,66.01411734160281,66.18714086062575,66.43546903780013,66.67750293953567,66.92713125465208,67.14697058595844,67.19543021252765,,65.63550296304685,65.11658077441027,65.628783398859,65.43283199328881,#000000,0.8696400933093905,65.36144509977758,-0.41562607630257054,50.01460904509461,-7.812951561311266,True,False,True,False,True,0.0,0.0,0.0,0.0,0.0,0,1.0034877384196175,0.9176021798365126,False,False,False,False,-0.1294695112663493,-0.16198880652326741,False,False,False,False,-19527.0,-52664.647952291714,False,False,False,False,3732.2533183117043,False,False,False,False
2025-07-09 17:00:00+00:00,65.0,65.22,65.0,65.19,2283.0,,,,,,,,65.628806721075,65.961483646766,65.88124617343615,65.67146685897988,65.50360280034879,64.79113887701374,64.88430331271265,65.1166118199908,65.26579604766827,65.62823726857376,65.65097120492571,66.31457500443598,66.36906547872135,66.6010284973055,66.60909193452726,66.8159540296057,67.17791057214173,,,,,,,,,64.57960864864864,64.3286228455145,65.96833699527491,65.92723279623984,65.72529540003862,65.55349472705377,64.94195106616728,64.83907410479206,64.97387286896814,65.24750920313383,65.30752212670215,66.01320354478972,66.186087930055,66.43424406233409,66.67613183282123,66.92560567607809,67.14535940925344,67.19385283565954,,65.628806721075,65.1166118199908,65.62823726857376,65.43560207973219,#000000,0.8732830155364845,65.3646469565284,-0.19998895366253622,55.438711796838575,-3.2628364025494463,True,False,True,False,True,0.0,0.0,0.0,0.0,0.0,0,1.0090680651152617,0.9050584507811646,False,False,False,False,-0.10488699314576352,-0.13343789983451548,False,False,False,False,-17244.0,-52115.490619698045,False,False,False,False,3709.7842746169495,False,False,False,False
2025-07-09 18:00:00+00:00,65.105,65.37,65.095,65.295,6868.0,,,,,,,,65.61423256471119,65.94672935159173,65.8698394508557,65.66550197220427,65.50054182538283,64.79468267674982,64.88623244377844,65.1172446035571,65.26574458708679,65.62698981318833,65.64965202433069,66.31149003875078,66.36585840318827,66.59736566916015,66.60541279362513,66.81188379122545,67.17336769647243,,,,,,,,,64.73388268373732,64.46189137201414,65.95285908653462,65.91377068396328,65.71801510366832,65.54966117406843,64.94480280536965,64.84153035609815,64.97524545946484,65.24753381209933,65.30731266970814,66.0108303563065,66.18328379751102,66.43090291772747,66.67233325079303,66.92133016102282,67.14080861602939,67.18939040451147,,65.61423256471119,65.1172446035571,65.62698981318833,65.44358002850926,#000000,0.8750741435764308,65.3744222912133,-0.09076064216536667,59.88429317901563,0.5268967098768442,True,False,True,False,True,0.0,0.0,0.0,0.0,0.0,0,1.0087221979938934,0.9011120802442216,False,False,False,False,-0.08091825861674017,-0.10717807922562783,False,False,False,False,-10376.0,-51468.36673412133,False,False,False,False,3758.748859506609,False,False,False,False
2025-07-09 19:00:00+00:00,65.28,65.425,65.21,65.41,5109.0,,,,,,,,65.60677040247406,65.9375964683776,65.86288605410219,65.66217155482478,65.49916948147519,64.79782257709414,64.88802245967392,65.11803748828669,65.26599749160883,65.62630178513301,65.64891023985435,66.30941177580283,66.36368734058729,66.59484551553186,66.60288025209147,66.80905344933377,67.17016872581307,,,,,,,,,64.8233142935825,64.54772322669497,65.94327861995944,65.9054912241985,65.71382118000427,65.5477664346253,64.94753334975655,64.84375588918533,64.97660362747044,65.24784964942052,65.30743028037882,66.00929476887232,66.18142073544546,66.42862925231174,66.66970897168801,66.91834416175529,67.13760719775449,67.18624639322405,,65.60677040247406,65.11803748828669,65.62630178513301,65.44873524233208,#000000,0.8750372862064312,65.38102231823419,0.03311593942634946,63.71572815906685,3.929741158048003,True,False,True,False,True,0.0,0.0,0.0,0.0,0.0,0,1.011778819936742,0.9004253462754936,False,False,False,False,-0.06434287915306292,-0.08576047918934537,False,False,False,False,-5267.0,-50752.06647467759,False,False,False,False,3779.6829857158086,False,False,False,False
2025-07-10 14:00:00+00:00,65.14,65.22,64.91,65.135,1704.0,,,,,,,,65.60196277067584,65.93329526439213,65.85945683503083,65.66016886702413,65.49793773203132,64.79837105008227,64.88828092218588,65.11800353471466,65.26581622162462,65.62585912542156,65.64845033910774,66.30853362651156,66.3627803919032,66.59383238009316,66.60186325772833,66.80794428705826,67.16895235647681,,,,,,,,,64.83558382691227,64.56463590242589,65.93878336485837,65.90151984495947,65.71146339134353,65.54632882638867,64.94785040146313,64.84411358130438,64.97673912073965,65.24768312031354,65.30722096605133,66.00858334221118,66.18060784484875,66.42769104026817,66.66866424235985,66.91718625305319,67.13638718518915,67.18505215566228,,65.60196277067584,65.11800353471466,65.62585912542156,65.4486899929049,#000000,0.8773642858524326,65.38069934588292,-0.2800425659498943,61.91133380779006,3.929741158048003,True,False,True,False,True,0.0,0.0,0.0,0.0,0.0,0,1.0005424758598231,0.9024628404036023,False,False,False,False,-0.11372062678831552,-0.09974055298883044,False,False,False,False,-6971.0,-50073.290250263984,False,False,False,False,3747.501854154323,False,False,False,False
2025-07-10 15:00:00+00:00,65.14,65.275,65.06,65.13,2485.0,,,,,,,,65.5959988831495,65.92758898435102,65.85493764709425,65.65761079718547,65.496444830818,64.79935025217867,64.88878186422158,65.11806510369414,65.26565157967687,65.62529478630313,65.64786066796357,66.30732509879483,66.36152913473039,66.59242264943265,66.60044780610468,66.8063919293066,67.16723778664253,,,,,,,,,64.85578563369049,64.59039494553988,65.93281917488859,65.89626613197848,65.7084211159317,65.54455120354189,64.94852842467962,64.84477522814909,64.9770538191436,65.2475422297832,65.30700918394626,66.00762283096964,66.17949676670275,66.42639315297897,66.66720731841623,66.91556171938849,67.13466843181877,67.18336829226821,,65.5959988831495,65.11806510369414,65.62529478630313,65.44900708737505,#000000,0.8809850802998695,65.3808254291586,-0.284710189499729,60.635853736090496,3.929741158048003,True,False,True,False,True,0.0,0.0,0.0,0.0,0.0,0,1.0030467899891178,0.9036996735582156,False,False,False,False,-0.09362307300289649,-0.09668181299586347,False,False,False,False,-9456.0,-49443.564820027335,False,False,False,False,3727.9281819968915,False,False,False,False
2025-07-10 16:00:00+00:00,65.135,65.225,65.055,65.155,2171.0,,,,,,,,65.5908021113641,65.92260814055413,65.85098095340781,65.65535302590736,65.49511327979113,64.80017740334814,64.88920158905752,65.11810420754227,65.26549517841372,65.62479240211688,65.64733622971757,66.30626220449571,66.36042906135917,66.59118475630335,66.59920493358163,66.8050299110071,67.1657348220754,,,,,,,,,64.87092924444872,64.61075973096091,65.92761636708575,65.89167531257564,65.70574281681239,65.54297183475565,64.9490886381188,64.84533241094714,64.97731244548584,65.24740622914001,65.30681250390279,66.00677563445167,66.17851859522163,66.42525252750971,66.66592838032211,66.9141368607876,67.13316172292559,67.18189224201232,,65.5908021113641,65.11810420754227,65.62479240211688,65.44908673958493,#000000,0.8840453547123264,65.38067651738402,-0.25527708073015437,60.07289000190676,3.929741158048003,True,False,True,False,False,0.0,0.0,0.0,0.0,0.0,0,1.0018597527622788,0.9067935674433871,False,False,False,False,-0.09900703593302954,-0.0978444244644465,False,False,False,False,-7285.0,-48789.94366002691,False,False,False,False,3703.789760570583,False,False,False,False
2025-07-10 17:00:00+00:00,65.15,65.445,65.1,65.445,613.0,,,,,,,,65.58995632783484,65.92154508076787,65.85016239094978,65.65494890815626,65.49493683089297,64.80053515893206,64.88940538457969,65.11819103341995,65.26551877999715,65.62470536253869,65.64724280987583,66.30601019467412,66.36016603031212,66.5908802738364,66.5988989785147,66.80468855165466,67.1653496666771,,,,,,,,,64.8776175480293,64.61814032062763,65.92650405849906,65.89070785108756,65.70523915993901,65.54273439716569,64.94939506641067,64.84558625575478,64.97746573223533,65.247437148005,65.30682044949592,66.00658801055023,66.1782921141351,66.42497731609733,66.66561152826738,66.9137769827231,67.13277625244807,67.18151367212678,,65.58995632783484,65.11819103341995,65.62470536253869,65.44942745498219,#000000,0.8841983695732579,65.38110793518815,0.0722598763020508,62.593256175511094,3.929741158048003,True,False,True,False,False,0.0,0.0,0.0,0.0,0.0,0,1.0014195239135169,0.9001965494649489,False,False,False,False,-0.07311310626993006,-0.08547876536718828,False,False,False,False,-6672.0,-48136.95228545285,False,False,False,False,3655.8705394764656,False,False,False,False
2025-07-10 18:00:00+00:00,65.46,65.67,65.41,65.575,3754.0,,,,,,,65.55166666666666,65.589210698773,65.91752589678721,65.84731764757652,65.65416921889945,65.49530568049884,64.80362839847997,64.89127516190493,65.1192760513176,65.26615851669756,65.62457353603452,65.64707081301786,66.30481958899425,66.35890413298782,66.58934607880884,66.59735528147378,66.80291522654626,67.16327895131198,,,,,,,,,64.93283106766457,64.67333645713565,65.92227973345662,65.88716887581413,65.70398878333731,65.54279496859888,64.95234761335762,64.84784372332311,64.97898998773846,65.24813300005391,65.30733318011622,66.00581697065361,66.17726952048754,66.42363551871463,66.66399590351568,66.91188461743904,67.13070904518734,67.17947584359884,,65.589210698773,65.1192760513176,65.62457353603452,65.42349248673567,#000000,0.8834498716253935,65.41992544911353,0.17553293725784105,65.31379407947088,6.924527759575838,True,False,True,False,True,1.0891680658947998,0.0,0.0,0.0,0.0,0,1.005131004366811,0.8981441048034937,False,False,False,False,-0.02109792215447078,-0.053288343760829526,False,False,False,False,-2918.0,-47435.883257771406,False,False,False,False,3657.3919264613264,False,False,False,False
2025-07-10 19:00:00+00:00,65.55,65.59,65.33,65.51,10167.0,,,,,,,65.49689150683619,65.5835724891554,65.90492269357769,65.83799151962118,65.65061282952733,65.49498314441001,64.81105207371618,64.89571735385579,65.12168251731218,65.26742545801194,65.62385405577572,65.64624432189534,66.30129461928938,66.35519052163379,66.58491498054843,66.59289900432252,66.79785124914108,67.15743765441829,,,,,,,,,65.03157341595828,64.78421997610577,65.90908156626494,65.87588308437532,65.69908427889435,65.54160238660747,64.95921782945535,64.85324193535676,64.98254244267328,65.24953996188368,65.30828813122791,66.00339912167365,66.17418668539246,66.41971133794698,66.6593502807791,66.9065046694009,67.12487281871523,67.17372916127951,,65.5835724891554,65.12168251731218,65.62385405577572,65.42827243118256,#000000,0.8819825231660865,65.42634072647562,0.09485366356702266,65.91407855237587,8.020547276321864,True,False,True,False,True,0.5064249625892572,0.0,0.0,0.0,0.0,0,0.9997808699463121,0.9069792922099266,False,False,False,False,-0.03662916628599722,-0.04495875502341337,False,False,False,False,-13085.0,-46903.31142431759,False,False,False,False,3758.3160826402204,False,False,False,False
2025-07-11 14:00:00+00:00,64.595,64.64,64.465,64.505,2840.0,,,,,,,65.33419008412386,65.56912419879191,65.89408293605518,65.82890901345915,65.6444131307272,65.49037320031165,64.81020926369962,64.89495788043419,65.12058423587324,65.2661989860142,65.6223787883929,65.64474307107194,66.29919902375048,66.35305479764565,66.58263901017956,66.59061759709112,66.79544209047019,67.15490469248041,,,,,,,,,65.00768438257755,64.77502952146897,65.8978202705683,65.86567673783301,65.69212071386434,65.53656526596504,64.95767686404831,64.85248460760052,64.98165517308237,65.24831612435369,65.30707450627266,66.00152941889358,66.17217640312072,66.41753414447108,66.65703283725261,66.90402582144061,67.12232433392904,67.17124552539185,,65.56912419879191,65.12058423587324,65.6223787883929,65.41663899114417,"rgba(239, 83, 80, 1.0)",0.891990576849569,65.41036805325336,-1.0149973292891143,55.74887937587696,14.025918890480426,True,False,True,False,False,0.0,0.0,0.0,0.0,0.0,0,0.9914843160504462,0.9080521720383745,False,False,False,False,-0.21594011115701914,-0.13044943309021625,False,False,False,False,-15925.0,-46423.027526266145,False,False,False,False,3744.0786239946356,False,False,False,False
2025-07-11 15:00:00+00:00,64.505,64.525,64.3,64.42,3723.0,,,,,,,65.16712580550674,65.54861498000056,65.87887983015096,65.81608982148698,65.63550837829055,65.48363427722128,64.80862427835119,64.89363069361627,65.11885201978349,65.26433030615209,65.62023484797909,65.64256578733584,66.29627028789949,66.35007560383492,66.57948608625341,66.587457818314,66.79212195695777,67.15143764456414,,,,,,,,,64.97241265578626,64.75832080544163,65.88203981507421,65.85132688225183,65.68216943630529,65.52924378419132,64.95509485165849,64.85111692749423,64.98018081211598,65.24644492695505,65.30523897622342,65.99888262963185,66.16935307000512,66.41450351202252,66.6538286385364,66.90061750252221,67.1188342333832,67.16784673616046,,65.54861498000056,65.11885201978349,65.62023484797909,65.4023966639604,"rgba(239, 83, 80, 1.0)",0.9015805690684284,65.3905112947208,-1.0764554250804106,48.464372189532085,7.384226114857562,True,False,False,True,False,0.0,0.0,0.0,0.0,0.0,0,0.9895462873154423,0.9072098286453281,False,False,False,False,-0.24456361725239878,-0.1875065251713075,False,False,False,False,-19648.0,-46007.91082043256,False,False,False,False,3743.7518236226256,False,False,False,False
2025-07-11 16:00:00+00:00,64.425,64.425,63.97,64.155,12056.0,,,,,,,64.80263281089941,65.47432500458862,65.82426136019522,65.76952009239258,65.60222829141502,65.45777236940582,64.80060774482381,64.88732681598182,65.11147336980815,65.25669964844043,65.61201968341267,65.63424714480473,66.28568824140805,66.33934328247425,66.56825270655926,66.57620390600401,66.78039217551012,67.13932503269879,,,,,,,,,64.84491630369229,64.68319863021121,65.82544912358267,65.7995556865683,65.64528110982275,65.50138155017834,64.94338449704503,64.84442435301143,64.9735230763048,65.23877038685255,65.29781318397973,65.98912712827062,66.15907322112143,66.4036224054596,66.6424480045302,66.88862155470609,67.10663083272755,67.15597650121067,,65.47432500458862,65.11147336980815,65.61201968341267,65.35916050347238,"rgba(239, 83, 80, 1.0)",0.9165574889933796,65.32898934432538,-1.2808682034934062,42.12724642379379,1.735419991542166,False,False,False,True,False,0.0,0.0,0.0,0.0,0.0,0,0.9800563624539332,0.917082159115543,False,False,False,False,-0.2893172046034308,-0.23841186488736915,False,False,False,False,-31704.0,-45786.144761201045,False,False,False,False,3872.623888372662,False,False,False,False
2025-07-11 17:00:00+00:00,64.15,64.28,64.135,64.175,6453.0,,,,,,,64.70235072106959,65.43816629022943,65.79667399502162,65.74586912568178,65.58519577189543,65.4444884064737,64.79649163043142,64.88406144725032,65.10762760586329,65.25270960615576,65.6077016552184,65.62987398422285,66.2801032586112,66.3336776084453,66.56231655699834,66.57025673102696,66.77418903103349,67.13291132288637,,,,,,,,,64.79331573493856,64.65139886559302,65.79691448821706,65.77336179767693,65.62644625290562,65.4870831288314,64.93736875890039,64.8409681042414,64.97006437814149,65.23475924503222,65.2939258298636,65.98398666466387,66.15365135208388,66.39787647676285,66.63643226597793,66.88227554548088,67.10017013493099,67.149689969921,,65.43816629022943,65.10762760586329,65.6077016552184,65.34137819362412,"rgba(239, 83, 80, 1.0)",0.9331712471865963,65.30322573731267,-1.209023253464084,38.16129439278676,-1.777739207923446,False,False,False,True,False,0.0,0.0,0.0,0.0,0.0,0,0.9820613176777551,0.921830832789737,False,False,False,False,-0.28721175318330217,-0.26281180903533563,False,False,False,False,-25251.0,-45467.77042381808,False,False,False,False,3912.6297195606826,False,False,False,False
2025-07-11 18:00:00+00:00,64.175,64.235,64.07,64.11,234791.0,,,,,,,64.21866209615368,64.77873430407845,65.16408109180986,65.17738565487782,65.14246518451328,65.08259040071056,64.66571318270319,64.7746073979472,64.97903526273261,65.11847438576446,65.4608917546832,65.4812366877711,66.09023330166751,66.14100317431483,66.35998582288701,66.36754054338715,66.56243300567832,66.91288151801687,,,,,,,,,64.30644034732799,64.29021270524694,65.15125377610946,65.16369425991246,65.14854238134318,65.10259232817724,64.75624398242235,64.7267362962881,64.85411411834895,65.1000699708837,65.16238766621493,65.80959819493098,65.96956441610311,66.20235246151773,66.43123284600038,66.66551089549328,66.87879195359777,66.93363276163359,,64.77873430407845,64.97903526273261,65.4608917546832,65.02341311388219,"rgba(239, 83, 80, 0.5)",0.9496608545885951,64.86051809094951,-0.7903011768076365,35.1275499672563,-4.620760434685941,False,False,False,True,False,0.0,0.0,0.0,0.0,0.0,0,0.9764680248393056,0.9262446889639394,False,False,False,False,-0.2988229946500008,-0.28081740184266824,False,False,False,False,-260042.0,-48794.50266530927,False,False,False,False,7492.1393363116795,False,False,False,False
2025-07-11 19:00:00+00:00,64.105,64.14,63.915,64.09,29422.0,,,,,,,64.20213401669713,64.7350759641196,65.11317985577674,65.12947516543954,65.10206054589034,65.04788574306922,64.65071400024439,64.76149061347715,64.96381576833879,65.10256110151116,65.44342476400547,65.46356367546369,66.06779909705708,66.11823843733036,66.33605671520387,66.34356569096992,66.53737553951977,66.8867471296766,,,,,,,,,64.28444659567135,64.27060473683196,65.09995377220883,65.11390439841823,65.10597904903912,65.06623021687874,64.73669083724259,64.71319135669681,64.84027924835065,65.08412524769633,65.14672040019498,65.7889885205587,65.9478220479801,66.1792458725094,66.40695470274804,66.63985664309998,66.85252725151986,66.90792282501572,,64.7350759641196,64.96381576833879,65.44342476400547,64.99657270567207,"rgba(239, 83, 80, 0.5)",0.9652270283282627,64.82635548970923,-0.7628832058138343,32.97706390714228,-6.844202625499371,False,True,False,True,False,0.0,0.0,0.0,0.0,0.0,0,0.9706654991243421,0.9342162872154114,False,False,False,False,-0.3255115957719972,-0.3031644988073327,False,False,False,False,-289464.0,-52525.81270150603,False,False,False,False,7832.137176058785,False,False,False,False
2025-07-14 14:00:00+00:00,64.0,64.065,63.63,63.65,3621.0,,,,,,,64.19717189708425,64.7281135722098,65.10574568484114,65.12247289481034,65.09608672664042,65.04267817863521,64.64812329324243,64.75931757713553,64.96144141668071,65.1001481468403,65.4408996825968,65.46101455308165,66.0647120227214,66.11511439915185,66.33280663127086,66.34031045443159,66.53399946565237,66.88326457425211,,,,,,,,,64.27922860860643,64.26577489878984,65.09245032959905,65.10662519075599,65.09970360696013,65.06080053844589,64.73345538446473,64.71090799775077,64.83804703946286,65.08169963932892,65.14436186747538,65.78610186601306,65.94480925894135,66.1760847407371,66.40366695257299,66.63641274737058,66.84902428154675,66.90449818439345,,64.7281135722098,64.96144141668071,65.4408996825968,64.99228719401572,"rgba(239, 83, 80, 1.0)",0.9901470588742761,64.82083041109752,-1.1824813300245185,29.18783535537229,-10.708349584434323,False,True,False,True,False,0.0,0.0,0.0,0.0,0.0,0,0.9617522066034639,0.9338563800806362,False,False,False,False,-0.34282825441539394,-0.3229963766113633,False,False,False,False,-293085.0,-56255.41250458345,False,False,False,False,7766.848227592758,False,False,False,False
2025-07-14 15:00:00+00:00,63.65,63.75,63.55,63.6,2827.0,,,,,,,64.19202430777578,64.72190725039906,65.09935533195983,65.1164572053373,65.09093816805012,65.03816743520971,64.64576694916181,64.75737133344632,64.95936208863873,65.0980591649384,65.43875785652122,65.45885444524957,66.0621514449017,66.11252651482879,66.33012775603132,66.337627756345,66.53122768768574,66.88042131462653,,,,,,,,,64.27403726543258,64.26093473672431,65.0859950902759,65.10036712989883,65.09429866444145,65.05610537062677,64.73055328907158,64.70884976657463,64.83606704238878,65.07959682238888,65.14232634140275,65.78368760011715,65.94230202738673,66.17347002784332,66.40096095881316,66.63359037280905,66.8461629953562,66.9017029457525,,64.72190725039906,64.95936208863873,65.43875785652122,64.98848570733672,"rgba(239, 83, 80, 1.0)",1.013495756600795,64.81589756726648,-1.199706618747495,26.44168565035297,-13.631984701945015,False,True,False,True,False,0.0,0.0,0.0,0.0,0.0,0,0.9583333333333319,0.9420811518324604,False,False,False,False,-0.34282825441539394,-0.33291231551337863,False,False,False,False,-295912.0,-59971.01851226433,False,False,False,False,7690.261433366513,False,False,False,False
2025-07-14 16:00:00+00:00,63.6,63.885,63.51,63.805,5177.0,,,,,,,64.18448171135202,64.7117498291499,65.08858405008395,65.10630027565793,65.08224356119554,65.03056416418106,64.64190351618313,64.75414015588323,64.95585699825173,65.09450918431821,65.43506524641647,65.45512788054009,66.05766877731656,66.10799195710787,66.3254171709449,66.33290992741875,66.52634020699145,66.87538737095328,,,,,,,,,64.26619423601733,64.25364262296831,65.07512434134712,65.0898155508972,65.08517382484595,65.04818556931936,64.72575903359733,64.7054494661679,64.83275802886908,65.07602695292807,65.1388590116614,65.77948538749068,65.93792292419364,66.16888365277086,66.39619778822747,66.62860738451784,66.84109906614688,66.8967527133605,,64.7117498291499,64.95585699825173,65.43506524641647,64.98219694094067,"rgba(239, 83, 80, 0.5)",1.0288302769348772,64.80779812632537,-0.9746973323072621,27.864629281735574,-13.631984701945015,False,True,False,True,False,0.0,0.0,0.0,0.0,0.0,0,0.9771997786386258,0.9371333702268952,False,False,False,False,-0.3333492705701343,-0.33313079304175647,False,False,False,False,-290735.0,-63548.75465936101,False,False,False,False,7651.296139825948,False,False,False,False
2025-07-14 17:00:00+00:00,63.835,64.01,63.775,63.885,5523.0,,,,,,,64.17940475744541,64.70283986027347,65.07858550051303,65.09684552821498,65.07415295144925,65.02351771436796,64.6385222938908,64.75124103486804,64.95261605209546,65.09117581045246,65.43150448708062,65.45153009206955,66.05322655950266,66.10349125864215,66.3207131648643,66.32819779030032,66.52143628582219,66.87030160275327,,,,,,,,,64.26046146969475,64.24835862990703,65.06504984321064,65.0800164093373,65.07668571930681,65.04083469318961,64.72149435413212,64.70242836926248,64.82974961953272,65.07268125398508,65.13558893505574,65.77536307422197,65.93360088621307,66.1643232365761,66.39143285677353,66.62359684237248,66.83598625367458,66.89174936141053,,64.70283986027347,64.95261605209546,65.43150448708062,64.97656997359081,"rgba(239, 83, 80, 0.5)",1.0430417230557862,64.8006534016209,-0.8778684317040834,30.000946014849667,-13.631984701945015,False,True,False,True,False,0.0,0.0,0.0,0.0,0.0,0,0.9864293659621785,0.9246941045606226,False,False,False,False,-0.2950141133985799,-0.3140724532201682,False,False,False,False,-285212.0,-66985.39412200658,False,False,False,False,7618.299300448801,False,False,False,False
2025-07-14 18:00:00+00:00,63.885,63.94,63.76,63.805,1613.0,,,,,,,64.17767934809054,64.70010041638207,65.07556313694054,65.09398734663078,65.07170196650684,65.02137712812244,64.63746839519041,64.75034417229224,64.95162444567423,65.09016135543615,65.4304306632035,65.4504455723518,66.05189973860367,66.10214769238718,66.31931177190194,66.32679406561772,66.51997766627653,66.86879221428634,,,,,,,,,64.25857633185181,64.246611864167,65.06200359937377,65.0770538075554,65.07411561439596,65.03860367154812,64.72017520504912,64.70149082690735,64.82882341854766,65.07166242148854,65.1345951055053,65.77412751619126,65.93230818978607,66.16296267668633,66.39001414573391,66.62210759102088,66.83446857540531,66.89026454934832,,64.70010041638207,64.95162444567423,65.4304306632035,64.97484126076755,"rgba(239, 83, 80, 0.5)",1.0575191945520341,64.79845269741237,-0.9394181235955722,30.800383786547062,-13.631984701945015,False,True,False,True,True,0.0,0.0,0.0,0.0,0.0,0,0.989501898592806,0.9202591020772839,False,False,False,False,-0.3032941668773966,-0.30868331004878236,False,False,False,False,-286825.0,-70393.76010461112,False,False,False,False,7525.193884937967,False,False,False,False
2025-07-14 19:00:00+00:00,63.82,64.01,63.775,63.905,2446.0,,,,,,,64.17556057659013,64.69627286478975,65.07123430055759,65.0898888270017,65.06818807746978,65.01831371636348,64.63599790517507,64.74907888858061,64.95020695590404,65.08870155523317,65.42886787257531,65.44886642245983,66.04994661834473,66.10016863901637,66.31724234700056,66.32472103509963,66.51781952476809,66.86655266285794,,,,,,,,,64.25616088839652,64.24438365655776,65.0576435879669,65.07280975794993,65.07043142188661,65.03540872604181,64.71832112190505,64.70017387735498,64.82750913300583,65.07019751274778,65.13316230236683,65.77231636809326,65.93040849162632,66.16095708685563,66.3879176251941,66.61990217990622,66.83221730650678,66.88806107793748,,64.69627286478975,64.95020695590404,65.42886787257531,64.97240419234402,"rgba(239, 83, 80, 0.5)",1.0678602542100943,64.79536978029553,-0.8337886692431902,32.94250591658327,-13.631984701945015,False,True,False,True,True,0.0,0.0,0.0,0.0,0.0,0,0.996304591265396,0.9118701007838743,False,False,False,False,-0.2950141133985799,-0.3018487117236811,False,False,False,False,-284379.0,-73711.36072314429,False,False,False,False,7446.446692923424,False,False,False,False
2025-07-15 14:00:00+00:00,63.8,63.8,63.265,63.33,6350.0,,,,,,,64.16191920902075,64.68123090957478,65.0560672438312,65.07557633941451,65.05583769872754,65.00740732713977,64.62999445069256,64.744156961326,64.9450442566206,65.08356207073375,65.42368674226272,65.44364583385145,66.04387949166143,66.09404415742323,66.31093129793959,66.31840191115224,66.51131340592782,66.85991156885076,,,,,,,,,64.24268621134827,64.23170994024753,65.0423230492355,65.057941059249,65.05749554930406,65.0240845076287,64.71103813205171,64.69494904301186,64.8225401132378,65.0650188617033,65.1281649086109,65.76655240468413,65.92444996936757,66.15477750464302,66.38155108954082,66.613288478574,66.82553186407927,66.88153252711234,,64.68123090957478,64.9450442566206,65.42368674226272,64.96308331171504,"rgba(239, 83, 80, 1.0)",1.0861729782764111,64.78329227802922,-1.3379934016912982,30.449620440393623,-13.631984701945015,False,True,False,True,True,0.0,0.0,0.0,0.0,0.0,0,0.9813720022308962,0.9182375906302287,False,False,False,False,-0.34282825441539394,-0.3223384830695375,False,False,False,False,-290729.0,-77075.97528557616,False,False,False,False,7429.447519389728,False,False,False,False
2025-07-15 15:00:00+00:00,63.335,63.435,63.12,63.34,5461.0,,,,,,,64.1478927193379,64.66685287782612,65.04190827954324,65.06221471383617,65.04427064113116,64.99714923527098,64.6241488834086,64.7394065852481,64.94013620280421,65.07871560589267,65.41887549570696,65.43880172031336,66.03834875548155,66.08846736553527,66.30520954458082,66.31267363514644,66.50543537197554,66.85394156264306,,,,,,,,,64.22905384365278,64.21883703192991,65.0280137044616,65.04405713341741,65.04538931034772,65.0134482898073,64.70401335943608,64.68988680247982,64.81777455634727,65.06013073352477,65.12346274882384,65.76126108268093,65.91900293142638,66.14915777963034,66.37578639250312,66.60732290055716,66.8195194837597,66.87566493668179,,64.66685287782612,64.94013620280421,65.41887549570696,64.95418817954621,"rgba(239, 83, 80, 1.0)",1.101643416090393,64.77172831834585,-1.2996295329634773,28.940352499166202,-13.716214219987933,False,True,False,True,False,0.0,0.0,0.0,0.0,0.0,0,0.9714381345531613,0.9299341738257277,False,False,False,False,-0.34282825441539394,-0.33258336874246575,False,False,False,False,-285268.0,-80303.75861448195,False,False,False,False,7398.928953197639,False,False,False,False
2025-07-15 16:00:00+00:00,63.34,63.38,63.15,63.265,2630.0,,,,,,,64.14104018741601,64.65986852341584,65.0350416217291,65.05573096178387,65.03864881137592,64.99215670125764,64.62128162790249,64.73707727757933,64.93773514451513,65.07634741598979,65.41652987703303,65.43644039819219,66.03566080584977,66.0857575388228,66.30243125196974,66.30989224039962,66.50258285313525,66.85104667439128,,,,,,,,,64.22239784841794,64.21254338407037,65.02107461693335,65.03732236425756,65.03950812431181,65.00827391066251,64.70057548148183,64.68740382752952,64.81543997882551,65.05774190664859,65.1211656136041,65.75868650550579,65.91635444500014,66.14642766665852,66.37298782896863,66.6044286866976,66.81660390594766,66.87281970760442,,64.65986852341584,64.93773514451513,65.41652987703303,64.94985546221758,"rgba(239, 83, 80, 1.0)",1.112630302116685,64.7661003846863,-1.3491456972100973,27.50830604183514,-15.557167187108362,False,True,False,True,False,0.0,0.0,0.0,0.0,0.0,0,0.970578364470297,0.9329902673677144,False,False,False,False,-0.34282825441539394,-0.33770581157892987,False,False,False,False,-287898.0,-83522.27398480006,False,False,False,False,7324.992070202326,False,False,False,False
2025-07-15 17:00:00+00:00,63.265,63.31,63.175,63.25,2193.0,,,,,,,64.1352784709048,64.65401493327596,65.0292921328457,65.05030022501946,65.03393563951096,64.98796772446626,64.61886490823355,64.73511431480117,64.93571442646768,65.07435569557278,65.41455976321953,65.43445725231673,66.0334073153246,66.08348595702343,66.30010325054774,66.30756167176034,66.50019347521118,66.84862292540096,,,,,,,,,64.21680319845898,64.20724920406003,65.01526472871049,65.0316825720465,65.03457884237287,65.00393343083958,64.69768161192141,64.68531101108958,64.81347363255445,65.05573269438324,65.11923391495759,65.75652659094352,65.91413344006894,66.14413936339868,66.3706431291252,66.60200477353928,66.81416276433397,66.87043753426546,,64.65401493327596,64.93571442646768,65.41455976321953,64.94621841436168,"rgba(239, 83, 80, 1.0)",1.1273415991083362,64.7613784440946,-1.3406570335823842,26.463509965744194,-17.036564892697676,False,True,False,True,False,0.0,0.0,0.0,0.0,0.0,0,0.9744656917885247,0.9313835770528682,False,False,False,False,-0.34282825441539394,-0.3402670329971619,False,False,False,False,-290091.0,-86724.88989201246,False,False,False,False,7245.426301672058,False,False,False,False
2025-07-15 18:00:00+00:00,63.25,63.305,63.14,63.205,2436.0,,,,,,,64.12876362634152,64.64743963280468,65.02284797595262,65.0442117074137,65.02864670822748,64.983262806827,64.61613517161572,64.73289854304151,64.9334379257295,65.07211416349995,65.41234700851389,65.43223011066178,66.03088299296556,66.08094177843063,66.29749749875633,66.30495309924358,66.4975203771254,66.8459132864241,,,,,,,,,64.21048422027296,64.20126473141212,65.00875288271135,65.02536062694519,65.02904882290478,64.99905971625662,64.69441810706142,64.68294781274003,64.81125581348951,65.05347122118165,65.11706046092556,65.75410467229335,65.91164451478674,66.1415769273842,66.36801916534098,66.5992936806681,66.8114335410472,66.86777441285773,,64.64743963280468,64.9334379257295,65.41234700851389,64.94212835934444,"rgba(239, 83, 80, 1.0)",1.1365926714966719,64.75606936617064,-1.3646659925478666,25.47696743590899,-18.46259521809064,False,True,False,True,False,0.0,0.0,0.0,0.0,0.0,0,0.9747251501756754,0.9324492802901506,False,False,False,False,-0.34282825441539394,-0.3415476437062779,False,False,False,False,-292527.0,-89915.62028128358,False,False,False,False,7170.861552808925,False,False,False,False
2025-07-15 19:00:00+00:00,63.215,63.34,63.145,63.23,3889.0,,,,,,,64.11879482226547,64.6372232351592,65.01277678452222,65.03468918399157,65.02036680560592,64.97589462329164,64.61186631979021,64.7294248602178,64.9298617421233,65.06858847259551,65.40885840050822,65.42871848308614,66.02689330802426,66.0769200744128,66.29337580296016,66.30082685909863,66.49328998916617,66.84162157526838,,,,,,,,,64.20077636580416,64.19206611333409,64.9985785989914,65.01547842260105,65.02039442202027,64.99142774585155,64.68931367988947,64.6792462770662,64.8077758093904,65.04991480438235,65.1136403241461,65.75028064510838,65.90771239568193,66.13752559521633,66.36386786314613,66.5950021571261,66.80711120117847,66.86355603957534,,64.6372232351592,64.9298617421233,65.40885840050822,64.93574677349699,"rgba(239, 83, 80, 1.0)",1.1375883610859865,64.74780416572932,-1.3342296894461614,25.375723920720766,-19.077404064757022,False,True,False,True,False,0.0,0.0,0.0,0.0,0.0,0,0.9843374871384457,0.9230593346290152,False,False,False,False,-0.33924359243443375,-0.3403956180703558,False,False,False,False,-288638.0,-92996.58740870554,False,False,False,False,7119.9799783467715,False,False,False,False
2025-07-16 14:00:00+00:00,63.735,64.03,63.19,63.24,4380.0,,,,,,,64.1109235910528,64.62790430013274,65.00313780513126,65.02555004194178,65.0124195616811,64.96884575483777,64.6079536134474,64.72618024836926,64.92644073622886,65.06517042116306,65.40539072389352,65.42522380614524,66.02281248196685,66.0727992887768,66.2891232648468,66.29656869969298,66.4889011295914,66.83713251038758,,,,,,,,,64.19283429864721,64.18455765119683,64.98885586397728,65.00601569444305,65.01209137756858,64.98411747383504,64.68458409090705,64.67581463453946,64.8044920866239,65.04647281262801,65.11031137670943,65.74641211933691,65.9037083644216,66.13336596097248,66.35957604117178,66.59053852842152,66.80259352782129,66.85914145200772,,64.62790430013274,64.92644073622886,65.40539072389352,64.92981633795436,"rgba(239, 83, 80, 1.0)",1.1438812662817563,64.68075969536645,-1.2595360531165154,25.550784975740726,-19.435393596961976,False,True,False,True,False,0.0,0.0,0.0,0.0,0.0,0,0.9871069893689193,0.9019452612531098,False,False,False,False,-0.2747482714936896,-0.30757194478202265,False,False,False,False,-284258.0,-95961.88062717523,False,False,False,False,7077.499668604961,False,False,False,False
2025-07-16 15:00:00+00:00,63.49,63.56,62.2,63.07,8276.0,,,,,,,64.08408407586818,64.60251224235797,64.97884569199577,65.00257889582501,64.99235777553614,64.9508912808231,64.59708772985617,64.71742840822755,64.91759812449666,65.05654296950176,65.39702682898071,65.41681370804864,66.01349318872931,66.06342041144558,66.2795721447023,66.28700901390617,66.47914879427108,66.82731293955602,,,,,,,,62.943333333333335,64.1671173306342,64.16008592903172,64.9642993152281,64.98217102123388,64.99114421018973,64.96555477705091,64.67174075863161,64.66644603411802,64.79579201780358,65.03775929948478,65.10196589304357,65.73738966575038,65.89448620669928,66.12393568774255,66.34997442768791,66.58066914674185,66.79269765773554,66.84949273351533,,64.60251224235797,64.91759812449666,65.39702682898071,64.79594269268206,"rgba(239, 83, 80, 1.0)",1.1597746868781502,64.56019551374501,-1.2849008782527251,24.313571065440037,-21.090591349148433,False,True,False,True,False,0.0,0.0,0.0,0.0,0.0,0,0.9676278864213883,0.9113910065186165,False,False,False,False,-0.34282825441539394,-0.3252000995987083,False,False,False,False,-292534.0,-99009.51038489344,False,False,False,False,7096.081069091705,False,False,False,False
2025-07-16 16:00:00+00:00,63.07,63.07,62.57,62.75,5467.0,,,,,,,64.0648271476582,64.5847083558003,64.96197674446006,64.98661936705642,64.97838386196018,64.93835058186048,64.5893576515553,64.7112199840762,64.9113692124246,65.05048929834439,65.39120446984447,65.41096174403742,66.00707526412015,66.05696585101055,66.27301661606839,66.28044817941618,66.47246991365924,66.82060947450402,,,,,,,,62.88498896407868,64.14873458955925,64.14255711392055,64.94724450776789,64.96560815675096,64.97656345138796,64.95260065302422,64.6626489037064,64.65979059834626,64.78963785641187,65.03164246637313,65.09611597969375,65.73115016823598,65.88812444021727,66.1174508607195,66.343389494941,66.5739171205086,66.78594037094759,66.84290663139298,,64.5847083558003,64.9113692124246,65.39120446984447,64.7827500731334,"rgba(255, 0, 0, 1.0)",1.181077256781052,64.53849336122107,-1.5142899001336223,21.673937107315293,-23.917605073684054,False,True,False,True,False,0.0,0.0,0.0,0.0,0.0,0,0.9741627855400296,0.935684187181193,False,False,False,False,-0.34282825441539394,-0.33401417700705116,False,False,False,False,-298001.0,-102094.64975877106,False,False,False,False,7070.823998253074,True,False,False,False
2025-07-16 17:00:00+00:00,62.75,63.14,62.695,63.105,2059.0,,,,,,,64.05875005668102,64.57877188979279,64.95622312862633,64.98116653226921,64.97360534346326,64.93406630697365,64.58675947923656,64.70911504734849,64.90923529289721,65.04840251919599,65.38917285807244,65.40891861301597,66.00480241161362,66.05467784497831,66.27068391294361,66.27811330299475,66.47008591271498,66.81820533236689,,,,,,,,62.897368898451674,64.1428599456256,64.13695506497133,64.94143229196558,64.95995687738643,64.97157972771465,64.94817332686569,64.65958170105337,64.65754171600155,64.78754217834697,65.02953563600191,65.09409550226258,65.72895347122207,65.8858769071236,66.1151495460077,66.34104364653116,66.57150351506239,66.78351802450935,66.84054383523738,,64.57877188979279,64.90923529289721,65.38917285807244,64.7795905362177,"rgba(239, 83, 80, 1.0)",1.1864545298283882,64.5342576824689,-1.204645982240583,26.527446898503165,-28.070100536353287,False,True,False,True,True,0.0,0.0,0.0,0.0,0.0,0,0.9730148197301466,0.9371820393718201,False,False,False,False,-0.3269690414998967,-0.33049160925347393,False,False,False,False,-295942.0,-105100.03503382887,False,False,False,False,6993.121300605739,False,False,False,False
2025-07-16 18:00:00+00:00,63.08,63.195,62.97,63.195,9253.0,,,,,,,64.03569779312309,64.55491659729938,64.93257673453233,64.95871234464556,64.95389855380525,64.91640522074661,64.57619468508742,64.7004792626422,64.90039522967407,65.03970761499163,65.38061314622365,65.40030595050656,65.99510116865488,66.04490384580777,66.26068584091537,66.26810486306192,66.4598405885669,66.80783107003109,,,,,,,,62.97958823920708,64.12026522186837,64.115399654254,64.9175654847293,64.93672054545733,64.95103999050498,64.92991808963464,64.6470723496264,64.64834654850145,64.77890878323632,65.02076396576915,65.08566119503266,65.71962537866189,65.8763039430106,66.10530910409187,66.33097927873473,66.5611180963078,66.77306941699892,66.83034495368119,,64.55491659729938,64.90039522967407,65.38061314622365,64.76803114319046,"rgba(239, 83, 80, 1.0)",1.1844765179692478,64.52129693244248,-1.1197325673592762,31.11050899905011,-23.882460102614488,False,True,False,True,True,0.0,0.0,0.0,0.0,0.0,0,0.9752689364533644,0.940556726183875,False,False,False,False,-0.30048344415250816,-0.3154875267029911,False,False,False,False,-286689.0,-107915.36782400205,False,False,False,False,7028.158179666114,False,False,False,False
2025-07-16 19:00:00+00:00,63.195,63.26,63.0,63.26,18115.0,,,,,,,63.99614129287978,64.51205738335635,64.88931461505948,64.91751589134398,64.91759361768781,64.88380386753545,64.55668764661269,64.684402940016,64.88385006787678,65.02337691327412,65.364432000258,65.38402085853818,65.97664513006453,66.02630163392115,66.24162404972044,66.24902229281045,66.4402806419592,66.7879798221921,,,,,,,,63.06088757624894,64.08101170030916,64.07786486135763,64.87393993324788,64.89417475904877,64.91325341434354,64.89623694286436,64.62399667191912,64.63127671939048,64.76279819135969,65.00429788501441,65.06979832145062,65.70192587281625,65.85811205158674,66.08657090840927,66.31178107625982,66.5412783342369,66.753081463508,66.81082387681285,,64.51205738335635,64.88385006787678,65.364432000258,64.74418639775237,"rgba(239, 83, 80, 1.0)",1.1700600469687126,64.4940280061086,-1.0546706635318581,35.1410152006936,-20.308355623825978,False,True,False,True,True,0.0,0.0,0.0,0.0,0.0,0,0.9723953695458579,0.9444568121104187,False,False,False,False,-0.2929355380260362,-0.30421153236451365,False,False,False,False,-268574.0,-110406.19933060667,False,False,False,False,7200.047200136407,False,False,False,False
2025-07-17 14:00:00+00:00,63.595,63.77,63.49,63.71,1612.0,,,,,,,63.99476125208263,64.50970254481777,64.88662309087836,64.91493227259262,64.91530992771621,64.88176486423617,64.5555753544767,64.68344108876342,64.88280479612692,65.02231357552897,65.36331867116388,65.38289754519258,65.97529562299115,66.02493641289605,66.24020460321177,66.24760064728333,66.43880718033522,66.78645862477917,,,,,,,,63.082333601298146,64.07945212402542,64.07637677316039,64.87123668520036,64.89152349992001,64.91088107981493,64.89412551996926,64.62265071692555,64.6302740821436,64.76181139705716,65.00322987446205,65.06875598391545,65.70066154576348,65.85679436804924,66.08518977277056,66.3103453482616,66.53977585514056,66.75155224704282,66.8093263271966,,64.50970254481777,64.88280479612692,65.36331867116388,64.74347031468928,"rgba(239, 83, 80, 0.5)",1.1450236906942788,64.49412206736697,-0.6848085971841547,43.056232214765274,-13.258782580807875,False,False,False,True,True,0.0,0.0,0.0,0.0,0.0,0,0.9755609864474549,0.9409020217729394,False,False,False,False,-0.2152506728227925,-0.25973110259365306,False,False,False,False,-266962.0,-112833.42104641121,False,False,False,False,7113.4108094366175,False,False,False,False
2025-07-17 15:00:00+00:00,63.745,63.745,63.425,63.575,18350.0,,,,,,,63.97649039651244,64.4815036887639,64.85497383924306,64.884541687525,64.8883700716382,64.85763059056639,64.54206432758704,64.67182693395857,64.87031016159486,65.0096663887105,65.35019430773234,65.36966154327322,65.95955025437452,66.00901707415427,66.22368980425307,66.23106144907645,66.4216942880787,66.7688333908773,,,,,,,,63.227470168324565,64.05946266514064,64.05725007953714,64.83944075832778,64.86033930527569,64.88291606665136,64.86916115729605,64.60641968558242,64.61813626621603,64.74994720856243,64.99051999899312,65.05637364975165,65.6858545612106,65.84139755073564,66.0690955916648,66.29365185315827,66.52234017381512,66.73383118530367,66.79197567703427,,64.4815036887639,64.87031016159486,65.35019430773234,64.730421020319,"rgba(239, 83, 80, 0.5)",1.1123591235831596,64.4850107864527,-0.8180908190165708,46.659597987787016,-10.317164934739672,True,False,False,False,True,0.0,0.0,0.0,0.0,0.0,1,0.9726727393912451,0.9406798489224619,False,False,False,False,-0.22212556915548587,-0.24092833587456947,False,False,False,False,-285312.0,-115507.50754181568,False,False,False,False,7287.621494561631,False,False,False,False
2025-07-17 16:00:00+00:00,63.59,63.61,63.32,63.34,15161.0,,,,,,,63.95698914842245,64.45558901271319,64.82684986146472,64.85753176077853,64.86432049219258,64.83596459406067,64.52938670030207,64.6610472266359,64.8589202221263,64.99824329103936,65.3385379644331,65.35791617741387,65.9458407977565,65.99517219592272,66.20939058762933,66.21674314783124,66.40692962116445,66.75370060260292,,,,,,,,63.2653979708701,64.03903489931938,64.03762744785774,64.81116877250967,64.83261878042033,64.8579783763316,64.84679089433646,64.59137263858386,64.606817944953,64.73901905704226,64.97902811338612,65.04521589912007,65.67286719668051,65.82795247485733,66.05511713358057,66.27921651062647,66.50732158192876,66.7186106509208,66.77708034813713,,64.45558901271319,64.8589202221263,65.3385379644331,64.71464937771975,"rgba(239, 83, 80, 1.0)",1.0834260265259514,64.46771987974704,-1.040883135660966,46.49296031253895,-10.317164934739672,True,False,False,True,True,0.0,0.0,0.0,0.0,0.0,0,0.9666703948104226,0.9564925623532046,False,False,False,False,-0.240561979285121,-0.24074515757984521,False,False,False,False,-300473.0,-118375.18959543093,False,False,False,False,7409.689378366877,False,False,False,False
2025-07-17 17:00:00+00:00,63.345,63.4,63.24,63.34,3707.0,,,,,,,63.95160218665659,64.44886921526371,64.81967851407485,64.8506438981544,64.8581733592156,64.83041056538916,64.5260633975411,64.65823610778821,64.8559768162761,64.99530532645853,65.33556653802991,65.35492344321902,65.94238363891053,65.99168313645654,66.20579595234854,66.21314400290527,66.40322537631674,66.74991451205857,,,,,,,,63.268167764227634,64.03348509016932,64.03228683922032,64.80395735214076,64.8255490124812,64.85160784960667,64.8410617673931,64.58745187481584,64.6038596804012,64.73618005231647,64.97607083375385,65.0423496658659,65.66957883851265,65.82455650796817,66.05159700446018,66.27559028133247,66.50355711350971,66.71480181684382,66.77335392806029,,64.44886921526371,64.8559768162761,65.33556653802991,64.7102822395589,"rgba(239, 83, 80, 1.0)",1.0716794010979125,64.46256447221735,-1.0474816172330133,46.38186852904023,-10.317164934739672,True,False,False,True,True,0.0,0.0,0.0,0.0,0.0,0,0.9577086596554029,0.9625195793242339,False,False,False,False,-0.2630566802946461,-0.25190091893724564,False,False,False,False,-300473.0,-121198.41146216843,False,False,False,False,7352.283341492971,False,False,False,False
2025-07-17 18:00:00+00:00,63.32,63.33,63.13,63.235,2045.0,,,,,,,63.94822385193106,64.44488537480451,64.81550177681,64.8466353934357,64.85459417638701,64.82717163191388,64.52409332599993,64.65658011396691,64.85425732803819,64.99359696519,65.33385373717856,65.35319909380917,65.9404112445907,65.98969379412453,66.20375146840658,66.21109711539066,66.40112272454215,66.74777159607467,,,,,,,,63.26727961211255,64.03005379753016,64.02898279095547,64.79975510805983,64.82143185286047,64.84789859924405,64.83772258031131,64.58513714332467,64.60211261825516,64.73451354008864,64.97435024688413,65.04068524441075,65.66769533208337,65.8226159359533,66.04959141223581,66.27352932707801,66.50142223522595,66.71264548553094,66.77124509156216,,64.44488537480451,64.85425732803819,65.33385373717856,64.70760844942342,"rgba(239, 83, 80, 1.0)",1.0659252716225052,64.45927237208102,-1.1485536600680115,45.15613601535484,-10.317164934739672,True,False,False,True,True,0.0,0.0,0.0,0.0,0.0,0,0.9573396036278121,0.9630500503862952,False,False,False,False,-0.27714957653951905,-0.2645252477383824,False,False,False,False,-302518.0,-124009.56787360768,False,False,False,False,7269.9998788341645,False,False,False,False
2025-07-17 19:00:00+00:00,63.225,63.38,63.175,63.34,7114.0,,,,,,,63.937785363951974,64.43197803933853,64.80174609253689,64.83341351163179,64.84277141083442,64.81647233562542,64.51763756831743,64.65111732029402,64.84854855474384,64.98790362781077,65.32810530247914,65.34741012065061,65.93374044596823,65.98296243605746,66.19682015177318,66.20415722990926,66.39398323787924,66.74047822333466,,,,,,,,63.26970302804258,64.0193205817625,64.01864187595825,64.7859241435214,64.80786731856278,64.83565323523953,64.82669135573647,64.57753964051594,64.59636353634379,64.72900074712656,64.96861910948844,65.0351314376301,65.66134443081754,65.81606090145472,66.0428012061255,66.26653817065535,66.49416820692007,66.70530821311927,66.76406634944898,,64.43197803933853,64.84854855474384,65.32810530247914,64.69906758755843,"rgba(239, 83, 80, 1.0)",1.0508958340639023,64.44907369329522,-1.0553602529818151,45.822270519677986,-10.317164934739672,True,False,False,True,True,0.0,0.0,0.0,0.0,0.0,1,0.9604304450173735,0.9599820647909431,False,False,False,False,-0.2696986133496325,-0.26711193054400745,False,False,False,False,-295404.0,-126666.84589107112,False,False,False,False,7267.581276061542,False,False,False,False
2025-07-18 14:00:00+00:00,63.57,63.615,63.34,63.39,15421.0,,,,,,,63.921317302013975,64.40854606083634,64.77565906549405,64.80823991148101,64.8201801237233,64.79602749710659,64.50556744734517,64.64072164988907,64.8374999501111,64.97677663813265,65.31666789834222,65.33588315022203,65.9202116863323,65.96929472791122,66.18267982911944,66.18999733778747,66.37936369872257,66.7254581624272,,,,,,,,63.29554894601865,64.00172451624378,64.00166589778581,64.75973719512864,64.78211825892868,64.81228851407235,64.80560790628809,64.56327018253762,64.5854939031491,64.71843259429872,64.95743300110433,65.02424251897149,65.64856033231494,65.80280743140729,66.02899477801084,66.25225587146451,66.4792887023567,66.69020650346756,66.74927556514118,,64.40854606083634,64.8374999501111,65.31666789834222,64.68396841846159,"rgba(239, 83, 80, 1.0)",1.0302574461775078,64.43240956507779,-1.0117952254995772,46.96998953056898,-8.983241380858388,True,False,False,True,True,0.0,0.0,0.0,0.0,0.0,1,0.9740598096964194,0.9549161758042595,False,False,False,False,-0.23863422113797292,-0.25287307584099017,False,False,False,False,-279983.0,-129043.84052841885,False,False,False,False,7393.990868680742,False,False,False,False
2025-07-18 15:00:00+00:00,63.4,63.61,63.19,63.555,25285.0,,,,,,,63.89676250697005,64.37257625313624,64.73509727339659,64.76898345781362,64.7847677337263,64.76387558060199,64.4864162463009,64.62410644015138,64.81979921776399,64.9589153207442,65.29824573507113,65.3173156680981,65.8983746845322,65.94722991338818,66.15983480056464,66.1671202213435,66.35573122188741,66.70114970232261,,,,,,,,63.32548438428191,63.97526755527318,63.976071661691385,64.71905342406271,64.74204642066425,64.77572552455912,64.77248167389645,64.54070556409215,64.56816110970713,64.70152146121671,64.93948344701508,65.00674542634303,65.62794683214335,65.78142489865691,66.00670117670646,66.22917609842534,66.45523015764267,66.66577095495305,66.72533158764647,,64.37257625313624,64.81979921776399,65.29824573507113,64.65990223674883,"rgba(239, 83, 80, 0.5)",1.0039047996924944,64.40562814317605,-0.8473195301353287,49.9191402732397,-5.8501398155188085,True,False,False,False,True,0.0,0.0,0.0,0.0,0.0,1,0.9709045624363168,0.9470168685610781,False,False,False,False,-0.2506150066070329,-0.2517440412240115,False,False,False,False,-254698.0,-130991.9670318542,False,False,False,False,7671.370855212823,False,False,False,False
2025-07-18 16:00:00+00:00,63.555,63.63,63.5,63.56,7401.0,,,,,,,63.891736806661534,64.36376911407169,64.72468316365209,64.75885709519305,64.77558595663696,64.75552981282195,64.48153241572112,64.61978547102778,64.81511930482345,64.95414762078198,65.29324409253141,65.3122710996655,65.89234421785044,65.9411301792905,66.15349286431928,66.16076855664572,66.3491491449616,66.69434485252673,,,,,,,,63.33812436871407,63.969548618471194,63.9705253182752,64.70862702470109,64.73174579006302,64.76626375833828,64.76388401575372,64.53493268125492,64.5636849887115,64.69709125324984,64.93469850539982,65.00205988264538,65.62229202517592,65.77553601634169,66.00053055900581,66.22276108210666,66.4485194398676,66.65893427475932,66.71862557781976,,64.36376911407169,64.81511930482345,65.29324409253141,64.6539896073737,"rgba(239, 83, 80, 0.5)",0.9726577687624262,64.399464124189,-0.8630621696026712,51.94979596122443,-3.67404996627414,True,False,True,False,True,0.0,0.0,0.0,0.0,0.0,0,0.9714414719494288,0.9443503781465178,False,False,False,False,-0.22518768541356052,-0.238465863318786,False,False,False,False,-247297.0,-132795.1458375619,False,False,False,False,7667.179059007973,False,False,False,False
2025-07-18 17:00:00+00:00,63.565,63.64,63.41,63.535,1276.0,,,,,,,63.89079488408688,64.36220447144444,64.72285280782654,64.75707777537282,64.7739715653784,64.75406074104234,64.48066371978481,64.61901948873029,64.81429350485675,64.95330831334648,65.29236728896166,65.31138695470305,65.89129207972942,65.94006624948929,66.15238785377076,66.1596618883279,66.34800325162513,66.6931615346401,,,,,,,,63.33985130186469,63.9684950567866,63.96950320724741,64.70679404746255,64.72993538132386,64.76460033943758,64.76237118849535,64.53390866316671,64.56289043196234,64.69630745632809,64.93385592969005,65.00123554745853,65.62130369428364,65.77450786469882,65.9994546039865,66.221643678923,66.44735160009122,66.65774532030395,66.7174594812221,,64.36220447144444,64.81429350485675,65.29236728896166,64.65292215044167,"rgba(239, 83, 80, 0.5)",0.965149944005164,64.39832042764161,-0.8944935789552216,52.85430524685685,-2.5419599088986544,True,False,True,False,True,0.0,0.0,0.0,0.0,0.0,0,0.9695676586187522,0.9444132509825943,False,False,False,False,-0.2313244601654209,-0.23489516174210345,False,False,False,False,-248573.0,-134590.1513284524,False,False,False,False,7568.091011581492,False,False,False,False
2025-07-18 18:00:00+00:00,63.535,63.6,63.355,63.41,1008.0,,,,,,,63.889904392576284,64.36086425461606,64.72132231446196,64.75559213055767,64.77262429170993,64.75283342128111,64.47992583853626,64.61837451290062,64.81360473913313,64.95261189973917,65.29164648861104,65.31066042706324,65.89043581150112,65.93920090548113,66.15149121071369,66.15876396673116,66.34707516417873,66.69220573008322,,,,,,,,63.34067129400684,63.967528255789844,63.968565444751626,64.70526021736204,64.72842201402356,64.76321168790547,64.76110785597558,64.53304230665161,64.56221918783378,64.69565019482978,64.93315634376809,65.00055261055446,65.62049627046233,65.77366982672662,65.99858009097429,66.22073760382602,66.4464065430336,66.65678472713584,66.71651773548656,,64.36086425461606,64.81360473913313,65.29164648861104,64.65199393580406,"rgba(239, 83, 80, 1.0)",0.9597929722332295,64.39728317639398,-1.02864180605198,51.285048941538136,-2.5419599088986544,True,False,False,False,True,0.0,0.0,0.0,0.0,0.0,1,0.9685056957784217,0.945610900156355,False,False,False,False,-0.238634221137974,-0.23676469144003873,False,False,False,False,-249581.0,-136372.95518382525,False,False,False,False,7466.384174192632,False,False,False,False
2025-07-18 19:00:00+00:00,63.41,63.5,63.335,63.43,4421.0,,,,,,,63.88574529406919,64.35481806201716,64.71447756428964,64.74895008702453,64.7665989623161,64.74734022842378,64.47659721001864,64.61547331626834,64.81051818367257,64.94949730706796,65.28843453467194,65.30742352684156,65.88663608799577,65.93536185858765,66.14751711611916,66.15478432709982,66.34296484216715,66.68797721345118,,,,,,,,63.343124387720856,63.96305759438407,63.96422820172448,64.69839895228915,64.7216540926184,64.75700150116032,64.75545502926326,64.5291419350588,64.55919640858897,64.69269847433935,64.93002680580528,64.99749997339616,65.61690767579216,65.76994866898542,65.99470147115318,66.21672282628326,66.44222253736619,66.65253465516587,66.71235158628258,,64.35481806201716,64.81051818367257,65.28843453467194,64.6477706123529,"rgba(239, 83, 80, 1.0)",0.9523144542736702,64.39248959339075,-1.0106846421068343,50.60199424569229,-2.5419599088986544,True,False,False,False,True,0.0,0.0,0.0,0.0,0.0,1,0.968176254589962,0.94803605207522,False,False,False,False,-0.24790361696990135,-0.24233415420497004,False,False,False,False,-245160.0,-138059.5760336884,False,False,False,False,7419.168915678018,False,False,False,False
2025-07-21 14:00:00+00:00,64.61,64.79,64.555,64.635,5216.0,,,,,,,63.89377511984554,64.35711852257566,64.71414115045242,64.74843058205535,64.76604096794456,64.7469170588115,64.47727530044487,64.61560031109252,64.81012542526587,64.94880410152456,65.28716357934348,65.30611727411801,65.88441269411578,65.93307142412823,66.14496654637388,66.1522245346431,66.34017960549423,66.68488843420887,,,,,,,,63.38855701879131,63.96972760944367,63.970677998232254,64.69815830398653,64.72127964220923,64.7564745996289,64.75498209493955,64.52968153034928,64.55951062463349,64.69260933479195,64.9293687853801,64.99673185935485,65.61506866407552,65.76788067042371,65.99233550757566,66.21409291178867,66.43931868161732,66.64945106622478,66.70929441019516,,64.35711852257566,64.81012542526587,65.28716357934348,64.65017349837164,#000000,0.9363033167193392,64.39826800036771,0.25283686963939167,60.08712519293029,4.587056972972917,True,False,True,False,True,1.602967951293941,0.0,0.0,0.0,0.0,0,0.9711631925693908,0.9429744032832922,False,False,False,False,-0.06017185915370573,-0.1512530066793379,False,False,False,False,-239944.0,-139639.17950603433,False,False,False,False,7385.011258070606,False,False,False,False
2025-07-21 15:00:00+00:00,64.645,64.86,64.57,64.81,1437.0,,,,,,,63.89620506328612,64.35792582326454,64.71419639142601,64.74842774843258,64.76601306845681,64.74691672503118,64.4775494214961,64.61570321573451,64.8100798388776,64.94867084237688,65.2868625971958,65.30580647603519,65.8838448248515,65.93248471656548,66.14430632491957,66.15156172428094,66.33945339273583,66.68407548342098,,,,,,,,63.40134402191007,63.97177072296205,63.97265472225127,64.69824191241085,64.72132204918726,64.75645994420942,64.7549707601507,64.52992775058297,64.55967120875309,64.69264990345329,64.92924620984526,64.99657516542514,65.61460912274633,65.76735675592055,65.99172746546158,66.21341025294878,66.4385592213251,66.64864015326758,66.70848931428249,,64.35792582326454,64.8100798388776,65.2868625971958,64.65095202822005,#000000,0.9172573444975872,64.40002098631456,0.44696182172300086,67.02188693105768,10.677995907858822,True,False,True,False,True,3.05021315750923,0.0,0.0,0.0,0.0,0,0.9716646989374247,0.9418267682730497,False,False,False,False,-0.05395960022380523,-0.10260630345157155,False,False,False,False,-238507.0,-141172.01393229736,False,False,False,False,7292.79402926331,False,False,False,False
2025-07-21 16:00:00+00:00,64.75,64.79,64.59,64.725,559.0,,,,,,,63.89709676823089,64.35820271524986,64.7141881187339,64.74839854508998,64.76597704326737,64.74689327253587,64.47763809975473,64.61572946275447,64.81004955166125,64.94860751401491,65.28673585833802,65.30567594456461,65.88361533858935,65.9322479860931,66.14404140021513,66.15129580335882,66.339163094978,66.68375208477602,,,,,,,,63.406089198322725,63.97251661761212,63.973376411438856,64.69824420711547,64.72130928538844,64.75642811317766,64.754942510428,64.53000352556616,64.55971858747083,64.69265253502377,64.92918683053551,64.99650329745039,65.61442122878854,65.76714411690065,65.99148255134388,66.21313672480125,66.43825611877651,66.64831743188432,66.70816912674475,,64.35820271524986,64.81004955166125,65.28673585833802,64.65122340970058,#000000,0.891321404907102,64.40065191814179,0.3638957620366017,70.41369229630652,13.444329783436189,True,False,True,False,True,2.2948272933414273,0.0,0.0,0.0,0.0,0,0.9755461362895325,0.9421801978045868,False,False,False,False,-0.05761333561294513,-0.08010981953225835,False,False,False,False,-239066.0,-142689.7501504013,False,False,False,False,7188.394121832872,False,False,False,False
2025-07-21 17:00:00+00:00,64.705,64.745,64.455,64.455,304.0,,,,,,,63.897490619950815,64.35828742840707,64.71412978471605,64.74833175115144,64.76591181215676,64.74683826169276,64.47765402585907,64.61571882716123,64.81001030191533,64.948552176331,65.28664929234009,65.30558735853947,65.88347474122466,65.93210359558233,66.14388238880996,66.15113626919323,66.33899080840526,66.68356294937554,,,,,,,,63.40835815628253,63.97283830062207,63.97368757551943,64.69819081607831,64.72124939710719,64.75636344416681,64.75488394032018,64.53000872236778,64.55971712666893,64.69263016158311,64.92913327033027,64.99644435164798,65.61430229217802,65.7670122385237,65.9913339141349,66.2129732557836,66.43807709339887,66.64812845162919,66.70798202859898,,64.35828742840707,64.81001030191533,65.28664929234009,64.65131876780374,#000000,0.8745105040080078,64.40091373569065,0.06184747245626261,69.06468018530686,13.444329783436189,True,False,True,False,True,0.0,0.0,0.0,0.0,0.0,0,0.9686137750653867,0.9517218831734966,False,False,False,False,-0.07078022017885957,-0.07544501985555896,False,False,False,False,-239370.0,-144188.66875272064,False,False,False,False,7081.659329246316,False,False,False,False
2025-07-21 18:00:00+00:00,64.485,64.56,64.335,64.38,558.0,,,,,,,63.89807257325237,64.35834100439584,64.71393942343731,64.74813037839331,64.76572145392198,64.7466718886262,64.47763324177217,64.61566072695304,64.8099029808447,64.94841823807108,65.28646307659366,65.30539750095897,65.88319221089205,65.93181432983083,66.14356738908158,66.15082033938965,66.33865225289595,66.68319525217046,,,,,,,,63.41204075648893,63.973298821014154,63.97413287559486,64.698008284769,64.72105755512847,64.756171461708,64.75470956604552,64.52996250454201,64.55967227995195,64.69255222768855,64.9290020216414,64.99630539437538,65.6140580356119,65.76674502569983,65.9910371692359,66.21265041667206,66.43772651707705,66.64776070926763,66.70761852101369,,64.35834100439584,64.8099029808447,65.28646307659366,64.65141297087122,#000000,0.859359834017763,64.40126850180268,-0.024749238864520566,67.23616764401538,13.444329783436189,True,False,True,False,False,0.0,0.0,0.0,0.0,0.0,0,0.960747867920401,0.9598731685982947,False,False,False,False,-0.09314928035514743,-0.08429715010535319,False,False,False,False,-239928.0,-145672.99946973272,False,False,False,False,6980.5173241417215,False,False,False,False
2025-07-21 19:00:00+00:00,64.37,64.45,64.13,64.13,4068.0,,,,,,,63.90077407418303,64.35763277659093,64.71165950355315,64.74581859837734,64.763576526063,64.74475704609698,64.4769418010691,64.61482088065739,64.80874043142676,64.9470932540682,65.2848116701296,65.30372028693778,65.88087017737027,65.92944567966796,66.14102314361108,66.14826963598836,66.33594513708894,66.68029497154396,,,,,,,,63.43325709039318,63.975239938519884,63.97600784699959,64.69577198334156,64.71878149670265,64.75398640481976,64.75272089328341,64.52902441242502,64.55889027061129,64.69158645948832,64.92769045802886,64.99496110751265,65.61199878917469,65.76452718028354,65.98861743564048,66.21005274695894,66.4349355819794,66.6448565757349,66.70475356356167,,64.35763277659093,64.80874043142676,65.2848116701296,64.65121056001817,#000000,0.8454752221975866,64.40245593539973,-0.322251827429735,63.1333383160564,20.573074717822564,True,False,True,False,False,0.0,0.0,0.0,0.0,0.0,0,0.9513342082239705,0.9662073490813653,False,False,False,False,-0.11635001451630075,-0.10032358231082697,False,False,False,False,-243996.0,-147197.38707485315,False,False,False,False,6935.362016790687,False,False,False,False
2025-07-22 14:00:00+00:00,64.6,64.965,64.515,64.91,2217.0,,,,,,,63.90465273790786,64.35902107010274,64.71188023491783,64.7459435443916,64.76364947800907,64.74486304547322,64.47744100808124,64.615040227418,64.80872710157111,64.94694079573455,65.28439354108866,65.30328698812426,65.88003752847172,65.92858370850941,66.14004632383589,66.14728878786006,66.3348655086151,66.6790788158063,,,,,,,,63.45210995031084,63.978526196847945,63.979189624105985,64.69603782004961,64.71898043401701,64.75408401399629,64.75281264027291,64.52949013002555,64.5592035867142,64.69170763688565,64.92755532558962,64.99477005115197,65.61133502079278,65.76376321753389,65.98772214719763,66.20904085281543,66.43380425585906,66.643644167757,66.70354863179746,,64.35902107010274,64.80872710157111,65.28439354108866,64.65246568814322,"rgba(38, 166, 154, 0.5)",0.8343716036465273,64.40518683956465,0.605021980888513,65.25444734456359,20.573074717822564,True,False,True,False,False,3.623964200422879,0.0,0.0,0.0,0.0,0,0.9521856449001606,0.9476524554776042,False,False,False,False,-0.05030730357550175,-0.07531544294316436,False,False,False,False,-241779.0,-148663.76867059185,False,False,False,False,6862.2091173055605,False,False,False,False
2025-07-22 15:00:00+00:00,64.91,65.09,64.805,64.95,7330.0,,,,,,64.94833333333334,63.91938127472347,64.3651185455055,64.71389293588747,64.74757456985657,64.76498592374303,64.74622754218925,64.4798594071643,64.61636415438822,64.80923484397049,64.94694544644092,65.28344449204704,65.30228694611726,65.87767777794674,65.92612372843853,66.13719026024239,66.14441897756066,66.33165761898239,66.67539210236012,,,,,,,,63.517523987037286,63.991186661489934,63.991455592602236,64.69821667126158,64.72090109970038,64.75554178679562,64.75415299038825,64.53188601697242,64.56089153342248,64.69268237155315,64.92762593673187,64.99462259276595,65.60955523588117,65.76164069457923,65.98514734542456,66.20606370702083,66.43042037848909,66.63997515783284,66.69989161312434,,64.3651185455055,64.80923484397049,65.28344449204704,64.63121346624352,"rgba(38, 166, 154, 0.5)",0.8234662127873288,64.44000379565378,0.6193286335573505,66.85465978939152,20.573074717822564,True,False,True,False,True,3.9308614442615735,0.0,0.0,0.0,0.0,0,0.9621907745489887,0.9431781354650539,False,False,False,False,-0.020035800007204913,-0.047675621475184636,False,False,False,False,-234449.0,-149993.7722570943,False,False,False,False,6869.46168913028,False,False,False,False
2025-07-22 16:00:00+00:00,64.95,65.055,64.855,64.99,2015.0,,,,,,64.9522864276797,63.92342839937326,64.36682467707038,64.7144830312797,64.74805886362371,64.76538632444947,64.74663317340092,64.48054571944256,64.6167462552798,64.80939208585436,64.94696353559732,65.28319876079682,65.30202721162122,65.87704393666358,65.9254622865594,66.13641960272419,66.1436445344615,66.33079002967925,66.67439211317796,,,,,,,,63.53473349049656,63.99467483404377,63.99483682460257,64.69885247446352,64.72146556990995,64.75597644291366,64.75455271954691,64.53256862870376,64.5613748183429,64.69296815020998,64.92766237458734,64.9945982105049,65.60908116934569,65.76107226176299,65.98445424847972,66.20525965258527,66.42950433167049,66.63898023742587,66.69889947048007,,64.36682467707038,64.80939208585436,65.28319876079682,64.6328095601518,"rgba(38, 166, 154, 0.5)",0.8128109217974959,64.44300118861963,0.6729717781974414,68.12289334345404,20.573074717822564,True,False,True,False,True,4.241313294477617,0.0,0.0,0.0,0.0,0,0.9599561162918253,0.9571036752605598,False,False,False,False,-0.018942669591942504,-0.03330914553356357,False,False,False,False,-232434.0,-151271.91532287578,False,False,False,False,6794.19871720578,False,False,False,False
2025-07-22 17:00:00+00:00,64.975,65.005,64.82,64.94,3139.0,,,,,,64.9445873384599,63.929401851562375,64.36926536974647,64.71523376421487,64.74865462830861,64.76586817229794,64.74713348084944,64.48151240648534,64.61726350495103,64.80956650662964,64.94692744056397,65.28276240149219,65.30156920695637,65.87600956275205,65.92438542084973,66.13517497272046,66.14239407243106,66.32939616731079,66.67279565546161,,,,,,,,63.55992579690691,63.99981005610254,63.99981595165521,64.69967154068236,64.72217932889848,64.75650614160695,64.7550409638726,64.53351796032906,64.56204206050332,64.6933391542437,64.92765366975068,64.99449925451228,65.60829241829974,65.76013829625091,65.98332875297844,66.20396372746194,66.42803575264573,66.63739104637185,66.69731606308497,,64.36926536974647,64.80956650662964,65.28276240149219,64.63454991806329,"rgba(38, 166, 154, 0.5)",0.8013066862344925,64.44665820790411,0.6156716280681575,68.31844652478198,20.573074717822564,True,False,True,False,True,3.8022413289465646,0.0,0.0,0.0,0.0,0,0.9582828838745169,0.9565217391304355,False,False,False,False,-0.02513775062580966,-0.029223448079686614,False,False,False,False,-235573.0,-152578.90888376144,False,False,False,False,6737.528969652202,False,False,False,False
2025-07-22 18:00:00+00:00,64.935,65.0,64.82,64.91,792.0,,,,,,64.94252397810585,63.9308801458561,64.36986485717215,64.71541166615535,64.74879420728985,64.7659802093342,64.74725085390017,64.48174919480206,64.61738874367121,64.80960585792282,64.9469141511011,65.28264891841197,65.30145027873797,65.87574574784958,65.92411092512853,66.1348583281584,66.14207596155384,66.32904200691418,66.67239063256983,,,,,,,,63.56608490873975,64.00108046236295,64.00104800075201,64.69986643781655,64.72234812868912,64.75662985215169,64.75515510844242,64.53374957697633,64.5622045730054,64.69342779875717,64.92764720532475,64.99447033674328,65.60809031810201,65.75989970169906,65.98304203964162,66.20363419520946,66.42766280154873,66.63698781932969,66.69691437776774,,64.36986485717215,64.80960585792282,65.28264891841197,64.63496701808889,"rgba(38, 166, 154, 0.5)",0.7891711183594784,64.44754356934587,0.5860027310876238,68.03001517227193,20.573074717822564,True,False,True,False,True,3.535815102206577,0.0,0.0,0.0,0.0,0,0.95245973968674,0.9609530112508279,False,False,False,False,-0.0255022225961651,-0.027362835337925856,False,False,False,False,-236365.0,-153877.91804835427,False,False,False,False,6645.350225936664,False,False,False,False
2025-07-22 19:00:00+00:00,64.94,64.945,64.705,64.76,1430.0,,,,,,64.92898918808649,63.9332484763004,64.37073081311145,64.7155564293401,64.7488792632427,64.7660325609871,64.74732373415775,64.48206974376917,64.61753226644248,64.80960142360784,64.94682091515268,65.28238559300556,65.3011772675421,65.87521720951386,65.9235635932597,66.13423727112679,66.14145232077162,66.32835496500914,66.67161558039093,,,,,,,,63.57619291650483,64.0030971546166,64.00300404359005,64.70003925768974,64.72247933082201,64.75669771690795,64.75521910001385,64.53404869868794,64.56240774031004,64.69350892869443,64.92756506841255,64.99435230487948,65.60766999996109,65.75941522054408,65.9824733289958,66.20299060654574,66.4269425863827,66.63621530891663,66.69614630360182,,64.37073081311145,64.80960142360784,65.28238559300556,64.635158397435,#000000,0.7750902475780386,64.44839081222729,0.4020295555858395,65.74074269487849,20.573074717822564,True,False,True,False,True,2.204065718579173,0.0,0.0,0.0,0.0,0,0.9520070772973555,0.9616277783921271,False,False,False,False,-0.03789893584946652,-0.03263088559369619,False,False,False,False,-237795.0,-155178.95807861234,False,False,False,False,6564.492082898887,False,False,False,False
2025-07-23 14:00:00+00:00,64.235,64.45,64.055,64.305,1904.0,,,,,,64.85344942805538,63.93446123325742,64.37046358763143,64.71458178808807,64.7478869412662,64.76510863989797,64.74649926230738,64.48178866154966,64.61717547271792,64.80909398960874,64.94623623773961,65.28164559505977,65.30042530438443,65.87416453410655,65.92248910714234,66.13308024110854,66.14029226785539,66.3271215691779,66.67029031454659,,,,,,,,63.58365877321883,64.00398750570137,64.00386797161026,64.69908499817022,64.72150539785967,64.75575789445925,64.75436250921005,64.53365918024916,64.56208006958991,64.69309308663529,64.92698709677728,64.993757220832,65.60674041013166,65.7584114933221,65.98137484780517,66.20180843094019,66.42566995884877,66.63488874415177,66.69483672169154,,64.37046358763143,64.80909398960874,65.28164559505977,64.6320247138351,#000000,0.7578075119869915,64.44499389186379,-0.1847354237710231,59.29250520461575,15.290377416457247,True,False,True,False,False,0.0,0.0,0.0,0.0,0.0,0,0.94577650681918,0.9648042234931812,False,False,False,False,-0.12189149833047275,-0.07726119196208447,False,False,False,False,-239699.0,-156489.34632545555,False,False,False,False,6492.236391691152,False,False,False,False
2025-07-23 15:00:00+00:00,64.305,64.33,64.03,64.03,714.0,,,,,,64.82363282151928,63.93472495274578,64.37022460613076,64.71410264799043,64.74740717520972,64.76466533682525,64.74610019567399,64.48161389755519,64.6169879855326,64.80885459492302,64.94597190617905,65.2813300105698,65.30010532687275,65.87373571650757,65.92205242856585,66.13261414874447,66.1398250832076,66.32662797505178,66.66976475216482,,,,,,,,63.585854544976975,64.00414494386806,64.00402083478316,64.69861184084883,64.72102834127607,64.75530509099825,64.7539494463089,64.5334360030055,64.56189857578285,64.692885825715,64.92672448921681,64.99349119877644,65.60635567252321,65.75800007312972,65.98092961210507,66.20133338728378,66.42516214169218,66.63436223901523,66.69431766024596,,64.37022460613076,64.80885459492302,65.2813300105698,64.63068290373138,"rgba(239, 83, 80, 0.5)",0.7397146089549579,64.44348260439301,-0.5589758528321669,52.812926269725295,9.34289653137877,True,False,False,False,False,0.0,0.0,0.0,0.0,0.0,0,0.9521815777875696,0.9591229616571182,False,False,False,False,-0.13262650042681506,-0.10494384619444977,False,False,False,False,-240413.0,-157790.48824289037,False,False,False,False,6402.651331354855,False,False,False,False
2025-07-23 16:00:00+00:00,64.015,64.14,63.91,63.96,3512.0,,,,,,64.68536771293275,63.93517709103464,64.36843980109145,64.71124864229542,64.74457619183292,64.76206041555236,64.74374275329245,64.48044803000477,64.61582855382386,64.80746026508298,64.94447276196853,65.27960973574032,65.29836387266232,65.87147653248375,65.91975599992324,66.13017989360468,66.13738563997565,66.32406350967403,66.66705402442916,,,,,,,64.00333333333334,63.59394759502339,64.0041399866317,64.00401676073486,64.69577998565022,64.71819246066345,64.75263812055195,64.75151476235595,64.5319982910128,64.56074689689899,64.69163966147462,64.92523033771982,64.99199348343369,65.60430403722663,65.75582219784455,65.97859305648076,66.1988572290684,66.4225299023757,66.6316448781945,66.69164160907702,,64.36843980109145,64.80746026508298,65.27960973574032,64.57214414520548,"rgba(239, 83, 80, 0.5)",0.720748191085925,64.40931398352697,-0.623399391193761,47.97759718104291,5.070444292978159,False,False,False,True,False,0.0,0.0,0.0,0.0,0.0,0,0.959833483348333,0.9695094509450947,False,False,False,False,-0.15568278243768668,-0.13031331431606824,False,False,False,False,-243925.0,-159125.9070298223,False,False,False,False,6357.835031643927,False,False,False,False
2025-07-23 17:00:00+00:00,63.96,64.18,63.91,64.155,6276.0,,,,,,64.54562045096883,63.93688217042474,64.36596829786762,64.70676323681991,64.74009945915193,64.75792554494598,64.74000880201793,64.4787184444303,64.6140310964487,64.80522211729135,64.9420276017841,65.27673505713076,65.29545102079,65.86762161144058,65.91583308650442,66.12600337894655,66.13319966689652,66.31964904912053,66.66236566108597,,,,,,64.08166666666668,64.05356014167008,63.61027757919786,64.00497704734525,64.00483042843553,64.69134247276665,64.71372936080643,64.74841235578835,64.7476544769198,64.52982622512383,64.55898817597968,64.68967609010923,64.92279812683248,64.98953946247497,65.60082952895249,65.75211709402136,65.97459635787354,66.19460354097114,66.41799211963648,66.62694717289291,66.68701165257248,,64.36596829786762,64.80522211729135,65.27673505713076,64.51922183329071,#000000,0.718118926635045,64.37220335448427,-0.3024615372582346,46.984149107084036,4.25286832611809,False,False,False,True,False,0.0,0.0,0.0,0.0,0.0,0,0.9381699198916824,0.972582646959269,False,False,False,False,-0.1526990447222847,-0.1415061795191765,False,False,False,False,-237649.0,-160343.3193239336,False,False,False,False,6356.566271463401,False,False,False,False
2025-07-23 18:00:00+00:00,64.17,64.29,64.115,64.17,8936.0,,,,,,64.45787824567245,63.94103584611923,64.36385535592837,64.70159056395269,64.73487628413294,64.75306779544945,64.73564063648223,64.47695665517365,64.61201710587524,64.80253994309912,64.93901198844056,65.27304027266855,65.29170126951901,65.8624977031425,65.91060956024425,66.12040440250374,66.12758685663815,66.31370095558285,66.65600275076547,,,,,,64.14628407397669,64.11947126682333,63.63673315408721,64.00780362190537,64.00757703028236,64.68625392031724,64.7085688912192,64.74346422383695,64.74312946697194,64.52751974293665,64.55707818578034,64.6874038834331,64.91980889359242,64.98648868139936,65.5962659084721,65.74721537492057,65.96926369092728,66.18889016787368,66.41186410941256,66.62057597896415,66.68072476300296,,64.36385535592837,64.80253994309912,65.27304027266855,64.51984221827551,#000000,0.716910645668307,64.37495464492295,-0.28588589967427536,46.49231167975762,3.6320240213061936,False,False,False,True,False,0.0,0.0,0.0,0.0,0.0,0,0.941163159085764,0.9693369540620052,False,False,False,False,-0.12929180855023226,-0.13539899403470437,False,False,False,False,-228713.0,-161403.31437317492,False,False,False,False,6396.557492060868,False,False,False,False
2025-07-23 19:00:00+00:00,64.165,64.26,64.075,64.155,6439.0,,,,,,64.4132393045716,63.94361690189438,64.36211896952308,64.69772368808124,64.73098076710014,64.7494447354494,64.73237426002284,64.47557575941995,64.61048073497152,64.80053277469362,64.93677220154913,65.2703241381496,65.28894588369957,65.8587626742199,65.90680351113171,66.11633103529424,66.12350361904765,66.30937856610012,66.6513856353133,,,,,,64.15135451788215,64.13069520062525,63.653451567998104,64.00948210323072,64.0092096284262,64.68244465084844,64.70471283254396,64.73977263555967,64.73974908812133,64.52573860232776,64.55560841110263,64.68568656897963,64.91758682773145,64.98422695777836,65.59292982376219,65.7436384103076,65.96537993859728,66.18473533766661,66.40741324450637,66.61595241149637,66.67616288641744,,64.36211896952308,64.80053277469362,65.2703241381496,64.5177031876173,#000000,0.7153718430806091,64.37359913062434,-0.3055741328635279,46.00739506918016,2.827446176533833,False,False,False,True,False,0.0,0.0,0.0,0.0,0.0,0,0.9392629663330281,0.9731574158325752,False,False,False,False,-0.13448037026251256,-0.13493968214860846,False,False,False,False,-235152.0,-162546.7048480094,False,False,False,False,6397.215515439769,False,False,False,False
2025-07-24 14:00:00+00:00,63.985,64.325,63.92,64.14,692.0,,,,,,64.40867331341626,63.94384710673599,64.36190160642296,64.69728441665242,64.73053965475293,64.74903491885203,64.73200398477546,64.47541152373068,64.61030337180995,64.80030600665872,64.9365214030332,65.2700238217661,65.28864137994235,65.85835398090654,65.90638726959114,66.11588645175416,66.12305798564671,66.30890751315857,66.65088348524313,,,,,,64.15064151337481,64.1306319860762,63.65506632794293,64.00961978964378,64.00934366724225,64.6820111890989,64.70427508300881,64.73935477499487,64.73936622607184,64.5255298325871,64.55543707183199,64.68549035707711,64.91733775330961,64.98397429750169,65.59256346353244,65.74324646213533,65.96495545783817,66.18428211793614,66.40692851392465,66.61544947530236,66.6756667898163,,64.36190160642296,64.80030600665872,65.2700238217661,64.51735628706409,#000000,0.7147891833087917,64.3732994969282,-0.32638923808030074,45.511305246828044,1.9035801022380383,False,False,False,True,False,0.0,0.0,0.0,0.0,0.0,0,0.9337047987264027,0.9732772344780536,False,False,False,False,-0.1411620101233646,-0.13805084613598653,False,False,False,False,-235844.0,-163683.0970209085,False,False,False,False,6308.76256171202,False,False,False,False
2025-07-24 15:00:00+00:00,64.18,64.545,63.98,64.245,900.0,,,,,,64.40556965902131,63.94435332274886,64.36177450818565,64.69684275904413,64.73008897190135,64.74861276187244,64.73162532380934,64.47527704860661,64.61013426168478,64.80006758787137,64.93624721081264,65.2696773507903,65.2882893637048,65.8578621402442,65.90588525831758,66.11534584887872,66.12251597134475,66.30833121422413,66.65026390898826,,,,,,64.15474694890217,64.13487161278266,63.65771513648293,64.00999145264855,64.00970507562397,64.68157888496017,64.70383338742403,64.7389261325121,64.7389734315132,64.52534626118288,64.55528133300437,64.68529410638041,64.91706669912377,64.98369516845783,65.59212899493677,65.74277747417587,65.9644422360962,66.18372974405479,66.4063338815985,66.61482940747219,66.67505435733034,,64.36177450818565,64.80006758787137,65.2696773507903,64.51750476186231,#000000,0.7144009208241183,64.373680422672,-0.18012353976748485,46.71769743902578,1.9035801022380383,False,False,False,True,False,0.0,0.0,0.0,0.0,0.0,0,0.9358683314415416,0.9696935300794556,False,False,False,False,-0.12041305464736941,-0.12923195039167798,False,False,False,False,-234944.0,-164787.9172221347,False,False,False,False,6224.9057778095075,False,False,False,False
2025-07-24 16:00:00+00:00,64.23,64.555,64.115,64.32,1221.0,,,,,,64.40353278145697,63.94519811966179,64.36172253006858,64.69634457862767,64.72957341237381,64.74812639423479,64.73119173929406,64.47515598539096,64.60995263903992,64.79978807311564,64.93591567965744,65.26924168362115,65.287846099634,65.85722589708038,65.90523494662236,66.11464185019588,66.12181002262248,66.30757781316774,66.64944959971146,,,,,,64.1634938412906,64.14338790391764,63.66170706284753,64.01064325992799,64.0103387947327,64.68109477271597,64.70333358882576,64.73843406609649,64.7385224303916,64.52516548139043,64.5551221302163,64.68507364930824,64.91674011899453,64.98335498808767,65.59157235956371,65.74217306013611,65.96377633533588,66.18300936097441,66.40555519158178,66.61401484701484,66.67424916569693,,64.36172253006858,64.79978807311564,65.26924168362115,64.5181165608666,#000000,0.7129539805464655,64.37472514646899,-0.0767583153502427,48.58357475136203,1.9035801022380383,False,False,False,False,True,0.0,0.0,0.0,0.0,0.0,0,0.9534484730641635,0.962827404780968,False,False,False,False,-0.10970958104308862,-0.1194707657173833,False,False,False,False,-233723.0,-165856.67819543494,False,False,False,False,6147.325843269825,False,False,False,False
2025-07-24 17:00:00+00:00,64.32,64.6,64.245,64.43,771.0,,,,,,64.403892036205,63.945860889994904,64.36178782525285,64.69611209396582,64.72932578440198,64.74788950525952,64.73098315149458,64.47512960700543,64.60987695134959,64.7996474016955,64.93573931457864,65.26899459402837,65.28759415153485,65.8568493883837,65.90484933227286,66.11422124489926,66.12138815706598,66.30712521327347,66.64895674711562,,,,,,64.1714835876098,64.15094079382196,63.66455830317362,64.01117550608544,64.01085620687606,64.68087229564291,64.70309881223284,64.73819608968857,64.73830426415182,64.52510698246822,64.55506409099378,64.68497178994183,64.91656744611208,64.98317157074325,65.59124757414372,65.74181732642053,65.96338056573472,66.18257806994546,66.40508628077181,66.61352217350812,66.6737616052445,,64.36178782525285,64.7996474016955,65.26899459402837,64.51882449202984,#000000,0.7137380534955958,64.37579931658854,0.07593918125286049,51.31574851342618,1.9035801022380383,False,False,True,False,True,0.0,0.0,0.0,0.0,0.0,0,0.9553489439853055,0.9639577594123053,False,False,False,False,-0.09682463085185732,-0.10814769828462031,False,False,False,False,-232952.0,-166896.91574279254,False,False,False,False,6063.971954226881,False,False,False,False
2025-07-24 18:00:00+00:00,64.43,64.43,64.2,64.23,529.0,,,,,,64.4025613018598,63.94618358923322,64.36173467709142,64.69587153849055,64.7290789894793,64.747657623752,64.73077557115995,64.47506162468041,64.60978622587228,64.79951532973287,64.93558562121356,65.26879737071765,65.28739366063984,65.85656622528829,65.90456014861108,66.11390915654785,66.1210752335425,66.3067919855563,66.64859769045891,,,,,,64.1738485871759,64.15339328004737,63.666148673464484,64.01141809139689,64.01109213710012,64.68063746764378,64.7028579418283,64.73796099172108,64.73808873649321,64.52501147512311,64.55498197700098,64.68486478468448,64.91641572105317,64.98301462208772,65.59099841650709,65.7415477319536,65.96308473004913,66.18225899296218,66.40474221138346,66.61316290913568,66.67340663062495,,64.36173467709142,64.79951532973287,65.26879737071765,64.51894186317543,#000000,0.713660194961543,64.3760616455885,-0.20466553496986606,50.095023771161586,1.9035801022380383,False,False,False,False,True,0.0,0.0,0.0,0.0,0.0,0,0.9492403314917108,0.9690377532228364,False,False,False,False,-0.11265966078235749,-0.1104036795334889,False,False,False,False,-233481.0,-167929.2271266252,False,False,False,False,5978.158435556697,False,False,False,False
2025-07-24 19:00:00+00:00,64.25,64.28,63.955,64.13,5872.0,,,,,,64.37112714082431,63.94800881167552,64.35986402388961,64.69215110625113,64.7253430368746,64.74418356761052,64.72763308975581,64.47365225375987,64.60827004997257,64.79758365804271,64.93345192127553,65.26624655995306,65.28480750463866,65.85310027224564,65.90103041994148,66.11013988588232,66.11729708912517,66.30279894654272,66.6443414965553,,,,,,64.16416303156741,64.14809287394257,63.678718111985184,64.01248526694238,64.01213218675262,64.67696562307955,64.69915020263835,64.7344195625014,64.73484065422934,64.52322606802332,64.55351541352466,64.68319027517444,64.91429645279935,64.9808655178344,65.58789003943039,65.73822324755754,65.95948537541193,66.17841671014449,66.40063353030531,66.60890014145059,66.66920151328819,,64.35986402388961,64.79758365804271,65.26624655995306,64.51589319603708,#000000,0.7135360619550954,64.37333422750454,-0.34102582963755124,47.96411914901342,1.9035801022380383,False,False,False,True,False,0.0,0.0,0.0,0.0,0.0,0,0.9416494371697659,0.9719733517114637,False,False,False,False,-0.14190517733140662,-0.12615442843244776,False,False,False,False,-239353.0,-169036.57244249145,False,False,False,False,5976.512568338764,False,False,False,False
2025-07-25 14:00:00+00:00,64.07,64.33,63.915,64.275,2136.0,,,,,,64.36339040677801,63.948858117606925,64.3593367998214,64.69093117828584,64.72411075774849,64.74303348163683,64.7265947884886,64.4732172096682,64.60777917123502,64.79693722345073,64.93272776084657,65.26536324603615,65.28391126920988,65.8518804485221,65.89978709090255,66.10880784429517,66.1159617795867,66.30138437653298,66.64282845313384,,,,,,64.16474303170278,64.14953889961735,63.683633474149154,64.01304964148726,64.01268185279368,64.6757650532714,64.69793280307947,64.73324917855297,64.73376644759426,64.52266358142462,64.55304792675895,64.68263944146541,64.91357841609437,64.98013326693842,65.58680232392103,65.73705585730387,65.95821627150981,66.17705761327323,66.39917642178841,66.60738526759602,66.66770624787888,,64.3593367998214,64.79693722345073,65.26536324603615,64.51533359641988,#000000,0.7136110745808536,64.37304001050711,-0.1373857749680949,48.779332283382665,1.9035801022380383,False,False,False,False,False,0.0,0.0,0.0,0.0,0.0,1,0.9387965616045825,0.974899713467049,False,False,False,False,-0.1411620101233646,-0.13365821927790617,False,False,False,False,-237217.0,-170093.63333485593,False,False,False,False,5916.969737821883,False,False,False,False
2025-07-25 15:00:00+00:00,64.28,64.285,64.035,64.215,2134.0,,,,,,64.35643062751872,63.949719016778474,64.35882711659093,64.68972982634554,64.72289624073528,64.74189913465183,64.72557067617376,64.47279105554402,64.60729548882358,64.79629789718068,64.93201040951408,65.26448621791734,65.28302133984242,65.85066715972586,65.89855030401914,66.10748231151494,66.11463297988867,66.29997632260557,66.64132173246972,,,,,,64.16555074360832,64.15109776413485,63.68849678908382,64.01362701253943,64.01324424890078,64.674583189523,64.69673369842035,64.73209515433238,64.73270688144741,64.52211144215055,64.5525881592744,64.68209570174223,64.91286727612395,64.97940755211658,65.58572113420017,65.73589502176746,65.95695370233105,66.17570501125724,66.39772584599952,66.60587679784932,66.66621716144769,,64.35882711659093,64.79629789718068,65.26448621791734,64.5148269241302,#000000,0.7136667592384547,64.37280866646168,-0.22112374496757,48.43982348592458,1.9035801022380383,False,True,False,False,False,0.0,0.0,0.0,0.0,0.0,1,0.9394600804135534,0.9785180930499718,False,False,False,False,-0.13559313256647462,-0.13462567592219038,False,False,False,False,-239351.0,-171167.39095757133,False,False,False,False,5858.319044212241,False,False,False,False
2025-07-25 16:00:00+00:00,64.255,64.715,64.22,64.645,2430.0,,,,,,64.36342166339936,63.95217323642372,64.35936356665206,64.68929581236702,64.72240025948186,64.74140793800012,64.72514850118743,64.47287956825528,64.60719221329246,64.79598095418696,64.93157198101878,65.26380898941494,65.28232870292047,65.84957504598964,65.89742887061222,66.1062472742772,66.1133938890379,66.29863810287775,66.63985059268974,,,,,,64.18844076064273,64.17290603294464,63.697775760585344,64.01565966770416,64.01522148229265,64.67418408275628,64.69628795943656,64.73160982885622,64.7322602824037,64.52211974453499,64.55255199305184,64.68190510829447,64.91244239277015,64.97894141447365,65.58479621175698,65.73487042277723,65.95579932405478,66.17443524080561,66.39633525619796,66.60440752300684,66.66476080183367,,64.35936356665206,64.79598095418696,65.26380898941494,64.5173256882005,#000000,0.7153809103166806,64.37652928688655,0.3752835856279691,53.39545212505134,-1.408360706974122,False,False,True,False,True,1.8944014283813218,0.0,0.0,0.0,0.0,1,0.9466896948762215,0.9709844559585497,False,False,False,False,-0.09021081031345454,-0.11241824311782246,False,False,False,False,-236921.0,-172186.82675667875,False,False,False,False,5805.16681096864,False,False,False,False
2025-07-25 17:00:00+00:00,64.655,64.665,64.47,64.585,1893.0,,,,,,64.36992887360464,63.95422481492531,64.35989500360152,64.68905586823,64.72210732388241,64.74110965903228,64.72489789547298,64.47300796928872,64.60715846196032,64.79577726130267,64.93127038451972,65.26331562553132,65.28182327622797,65.84875549114712,65.89658622802192,66.10531488621776,66.1124583108425,66.29762443011981,66.63873125152067,,,,,,64.2065521141465,64.19023551511549,63.70526206553899,64.01737559504264,64.01689083360192,64.67397254690779,64.69603742704786,64.7313190688716,64.73199238100662,64.52219235620319,64.55257455565803,64.68180149334276,64.91215201160331,64.9786163517221,65.58410853247746,65.7341042328233,65.95493066216487,66.17347540411673,66.39528040399894,66.60329005324864,66.66365238527321,,64.35989500360152,64.79577726130267,65.26331562553132,64.51941631326518,#000000,0.71299026439061,64.3796155151904,0.28806071424431084,55.75741271237777,0.8343143818028622,False,False,True,False,True,1.3444935911800897,0.0,0.0,0.0,0.0,1,0.9514450867052001,0.9675144508670523,False,False,False,False,-0.07554071791100524,-0.09397948051441385,False,False,False,False,-238814.0,-173219.80618680775,False,False,False,False,5744.513061961374,False,False,False,False
2025-07-25 18:00:00+00:00,64.585,64.66,64.53,64.58,880.0,,,,,,64.37305523717276,63.95519947667967,64.36016037633227,64.68896067909584,64.72198674999859,64.74098509671674,64.72479445752433,64.47307744494461,64.60715051451511,64.79568978255114,64.9311368742777,65.26309204936678,65.28159408494082,65.84837983638845,65.89619980254078,66.10488654378852,66.11202848043942,66.2971581598031,66.63821551112468,,,,,,64.21476039310127,64.19811953265653,63.708764795861,64.01819349447547,64.01768661257711,64.67389074734761,64.69593708127846,64.73119848747375,64.7318811990429,64.52223701898463,64.55259343537992,64.68176078394623,64.91202382308916,64.9784716239198,65.58379443488396,65.73375350689913,65.95453208526727,66.17303423943387,66.39479493175294,66.60277525467589,66.66314162015895,,64.36016037633227,64.79568978255114,65.26309204936678,64.52038862875771,#000000,0.709440840595592,64.38105101165995,0.2804306954939713,57.24805209598549,2.2964710412011584,False,False,True,False,True,1.2980953451395685,0.0,0.0,0.0,0.0,1,0.9486762656757994,0.9702740362285189,False,False,False,False,-0.07151239064355094,-0.0827459355789824,False,False,False,False,-239694.0,-174250.41384282624,False,False,False,False,5669.094254799182,False,False,False,False
2025-07-25 19:00:00+00:00,64.585,64.735,64.53,64.67,8019.0,,,,,,64.40422448211461,63.96470303893507,64.36312266881777,64.68857906656012,64.72135173670574,64.74026947132164,64.72424077479197,64.4740027883752,64.60730959522824,64.79510828565657,64.93012043400019,65.26122745061022,65.2796780916565,65.84511615061588,65.89283683231751,66.10113571189575,66.1082639402893,66.29305748521753,66.63365364172014,,,,,,64.28498697280573,64.26619579533941,63.74136516800266,64.02624699911287,64.02552481653974,64.6736365494984,64.69550158700032,64.73053343942404,64.73126567522053,64.52296946088937,64.55301627644177,64.68161283366248,64.91105909722837,64.97734376190635,65.58109923957919,65.73072060824391,65.95105671476946,66.16916470373621,66.3905175157367,66.5982241103912,66.65862201222133,,64.36312266881777,64.79510828565657,65.26122745061022,64.52937163102317,#000000,0.7049835599632749,64.39429252570088,0.39108355138591827,59.27331803396221,4.2990446840775505,True,False,True,False,True,2.111727181188545,0.0,0.0,0.0,0.0,0,0.9467414155571109,0.9731371174959126,False,False,False,False,-0.0660229230615958,-0.0743844293202891,False,False,False,False,-231675.0,-175140.71750417777,False,False,False,False,5705.5269020115975,False,False,False,False
2025-07-28 14:00:00+00:00,64.035,64.45,64.02,64.255,469.0,,,,,,64.40314204042613,63.964926030517105,64.3630488384441,64.68835228233799,64.7211204417284,64.74005215119412,64.72404501265997,64.47392967400162,64.60721973642848,64.79498340647832,64.92997743097396,65.26104759608603,65.27949540378967,65.84486185162486,65.89257731129014,66.10085633864455,66.10798384134621,66.292759742132,66.6333335002755,,,,,,64.28457732658562,64.26597918118085,63.7423819748689,64.02640875614402,64.02568265260363,64.67341437420376,64.69527476674884,64.7303129434815,64.73106289186535,64.52287133560824,64.55293297374286,64.68150930014002,64.91091768219543,64.97719826590769,65.58087437538613,65.73047804743021,65.95079143058304,66.16887926820877,66.39021033699886,66.59790375695515,66.65830548322555,,64.3630488384441,64.79498340647832,65.26104759608603,64.52925285881867,#000000,0.6940957433233331,64.39422797281051,-0.200589002525635,54.553611663963224,4.2990446840775505,False,False,True,False,False,0.0,0.0,0.0,0.0,0.0,1,0.9312304302446924,0.9749507132088603,False,False,False,False,-0.12448005518148858,-0.09943224225088884,False,False,False,False,-232144.0,-176024.48932581843,False,False,False,False,5624.340438414518,False,False,False,False
2025-07-28 15:00:00+00:00,64.25,64.27,64.1,64.18,832.0,,,,,,64.40057583198859,63.96523753443491,64.36285524794492,64.68789807116671,64.72066082106824,64.73962202494262,64.72365617485731,64.47376753620347,64.60703501634869,64.7947386704397,64.92970240445928,65.26071044351782,65.27915326898858,65.84439451967985,65.892100864741,66.1003453971213,66.10747163186814,66.29221674650522,66.63275193752003,,,,,,64.2829069582978,64.264704430149,63.7439660830329,64.02661751318841,64.0258866156417,64.67296762415856,64.69482127457053,64.72987563857525,64.73066074058643,64.52266135602088,64.55275763144769,64.68130141021732,64.91064510728148,64.97691984068615,65.5804582873948,65.7300310900122,65.95030496709168,66.16835779688608,66.38965083277114,66.59732160414923,66.65773061965564,,64.36285524794492,64.7947386704397,65.26071044351782,64.52889766230834,#000000,0.6802496362117608,64.3939246236298,-0.31447958549616795,50.57649610424895,6.209546511099617,False,True,False,False,False,0.0,0.0,0.0,0.0,0.0,1,0.9300373134328336,0.9830923507462693,False,False,False,False,-0.131885206889203,-0.11565872457004592,False,False,False,False,-232976.0,-176907.45848355768,False,False,False,False,5550.040586656153,False,False,False,False
2025-07-28 16:00:00+00:00,64.18,64.23,64.085,64.23,906.0,,,,,,64.39782775168236,63.965573150672746,64.36264296013705,64.6874027590437,64.72015966373904,64.73915299654098,64.72323208437544,64.4735901711455,64.60683325934222,64.7944716637985,64.92940247855188,65.26034297608638,65.27878038048291,65.84388541074897,65.8915818382026,66.09978883742687,66.10691369242535,66.29162530640527,66.63211853247363,,,,,,64.28112019090288,64.26333275596964,63.745671696035735,64.02684179588543,64.026105775452,64.6724804118054,64.6943267545259,64.72939878362993,64.73022216069458,64.52243187392571,64.55256602236257,64.6810744703163,64.91034784147503,64.9766162374432,65.58000493310975,65.7295441486511,65.94977504151797,66.1677897796317,66.38904142752698,66.59668755506253,66.65710450860601,,64.36264296013705,64.7944716637985,65.26034297608638,64.52851302837814,#000000,0.6629342907653334,64.39359610409865,-0.24677574591861695,48.68589852850003,4.520289419113816,False,True,False,True,False,0.0,0.0,0.0,0.0,0.0,1,0.9315535693284701,0.9838880395154657,False,False,False,False,-0.13596412737999697,-0.12581142597502143,False,False,False,False,-232070.0,-177762.69168536298,False,False,False,False,5478.03995740567,False,False,False,False
2025-07-28 17:00:00+00:00,64.24,64.25,64.05,64.105,1507.0,,,,,,64.39245190785128,63.966009039538385,64.36220018017968,64.68650519687755,64.71925605939349,64.73830941930888,64.72246748043561,64.47324854098734,64.60646130078202,64.79399426945162,64.92887302516051,65.25970588165328,65.27813433648845,65.84301551659927,65.8906956673013,66.09884129005312,66.10596387861041,66.29062052296419,66.63104562894468,,,,,,64.27695299193822,64.25990092392139,63.74817895114699,64.02710140934056,64.02636000373872,64.67159529091218,64.69343161503194,64.7285400168987,64.72943226728515,64.52199866667753,64.55220770068112,64.6806622141446,64.9098222873716,64.97608213513085,65.57922634992127,65.72871047137839,65.94887104383854,66.16682350136986,66.38800710056039,66.59561327775691,66.65604414450604,,64.36220018017968,64.79399426945162,65.25970588165328,64.52768171576744,#000000,0.651412380975944,64.39279779111185,-0.4418058353153564,45.91937422602424,1.9258998208694464,False,True,False,True,False,0.0,0.0,0.0,0.0,0.0,1,0.9285629664731647,0.9849543892903689,False,False,False,False,-0.1370773354650419,-0.13144438072003167,False,False,False,False,-233577.0,-178628.0297987682,False,False,False,False,5416.47344643814,False,False,False,False
2025-07-28 18:00:00+00:00,64.105,64.175,63.93,64.015,1330.0,,,,,,64.38620242729665,63.966176659455975,64.36164803533508,64.68557944035915,64.71833160738227,64.73744995201793,64.72168547413689,64.47286308854873,64.60606746733932,64.79351286489945,64.92835049678172,65.2590967720094,65.27751744444444,65.84220586858287,65.88987204295718,66.09796537598318,66.10508601486491,66.28969548427453,66.63006349591774,,,,,,64.27113545743188,64.2548307445161,63.7498281620478,64.02712867583756,64.0263880501793,64.67067867690918,64.69250999759271,64.72766319483672,64.72862575488638,64.52152348877873,64.55182008294001,64.68023564098233,64.90930225540082,64.97555814931954,65.5784947559783,65.72793161989486,65.94803222415769,66.1659316398526,66.38705658790597,66.59462938047132,66.65507382607731,,64.36164803533508,64.79351286489945,65.2590967720094,64.52660383380848,"rgba(239, 83, 80, 0.5)",0.639488125817609,64.39164207141144,-0.5889743002340946,43.06050396742066,-0.7771782249594708,False,True,False,True,False,0.0,0.0,0.0,0.0,0.0,0,0.91866142670001,0.9922591401691084,False,False,False,False,-0.15158084105668562,-0.14151261088835865,False,False,False,False,-234907.0,-179500.5719724307,False,False,False,False,5353.117268973982,False,False,False,False
2025-07-28 19:00:00+00:00,64.015,64.13,63.98,64.09,6197.0,,,,,,64.36181768364018,63.967226297446835,64.35931136332742,64.68147743635429,64.71422522157006,64.7336251399355,64.71820691498141,64.47118620445083,64.60432574394936,64.79135698550171,64.92599674844779,65.2563285955161,65.27471294841446,65.83849864156153,65.88609927586033,66.09394670701954,66.10105820662555,66.28544633825086,66.62554416019742,,,,,,64.25014632233983,64.23657722953617,63.75795720426993,64.0275143094278,64.0267702820519,64.66662175915337,64.68842397003428,64.72376429536179,64.72503719926316,64.51944367421044,64.5501154226475,64.67833800718911,64.90696147297973,64.97319377506889,65.57515404313156,65.7243692752707,65.94418801719455,66.16183794599075,66.38268810211991,66.59010273181283,66.65060820621865,,64.35931136332742,64.79135698550171,65.2563285955161,64.52238482652558,#000000,0.6264062521969624,64.38727426310396,-0.4745710344705904,42.532818604499354,-1.398880747717655,False,True,False,True,False,0.0,0.0,0.0,0.0,0.0,0,0.9213915974479334,0.9941013602985438,False,False,False,False,-0.15120819021862456,-0.1463604005534916,False,False,False,False,-228710.0,-180263.50884107518,False,False,False,False,5366.200722168184,False,False,False,False
2025-07-29 14:00:00+00:00,64.88,65.295,64.71,65.175,5491.0,,,,,,64.40603793715974,63.977247407776076,64.36419519336546,64.6836874010719,64.71614513002474,64.73526582721547,64.71980772582435,64.47333220165207,64.60562576755866,64.79206117175119,64.92632030297618,65.25592557984619,65.27427320229856,65.83706102194895,65.88458734818185,66.09213738488315,66.09923867126675,66.28337435670049,66.6231023262992,,,,,,64.31766691972871,64.3017535893444,63.786899570625515,64.03636092312382,64.03538582517736,64.66894906737001,64.69056118463892,64.72551250172805,64.72663850373867,64.5216249209705,64.55169794758372,64.67938106732903,64.9073372448732,64.97339340474427,65.57414735652218,65.72310932874497,65.94259006951215,66.159937366643,66.38048531018187,66.58767886840519,66.64818037254821,,64.36419519336546,64.79206117175119,65.25592557984619,64.53291554949408,"rgba(38, 166, 154, 1.0)",0.6189544220499822,64.40201000103244,1.2488641674251406,52.28266336395976,-4.457718751562346,False,True,True,False,True,6.425921349743046,0.0,0.0,0.0,0.0,0,0.9380594343000339,0.9717150017901903,False,False,False,False,-0.012020453485963239,-0.07919042701972741,False,False,False,False,-223219.0,-180929.48544819027,False,False,False,False,5368.135594692709,False,False,False,False
2025-07-29 15:00:00+00:00,65.185,65.43,64.995,65.065,7656.0,,,,,,64.46748712268952,63.992221294210644,64.37188663274061,64.68756036818208,64.719580541711,64.7382452935281,64.72268525086017,64.47682079324782,64.60783544883985,64.79341315245793,64.92711553752511,65.2556613254356,65.27395730674635,65.83533079034477,65.88275152574597,66.08987673144567,66.09696351698415,66.28074012862152,66.61993464141206,,,,,,64.40573512341984,64.38738809264164,63.82827656973535,64.04966544283374,64.04834881234197,64.67299381053745,64.69432244888485,64.72866357696826,64.72952998722901,64.52521509485896,64.55433334702806,64.68121816274858,64.9082106647,64.97400049137043,65.57303108142294,65.7216330767993,65.9406314232286,66.15754626427625,66.37766560275352,66.58453984018519,66.64502707727594,,64.37188663274061,64.79341315245793,65.2556613254356,64.54771012245163,"rgba(38, 166, 154, 1.0)",0.6044549327819362,64.42269376219447,1.0626205577467707,57.448177312487154,0.030726947380159686,False,False,True,False,True,5.4142049681343885,0.0,0.0,0.0,0.0,0,0.9451436713369729,0.9538114462123016,False,False,False,False,0.018578288399922697,-0.030306069309902355,False,False,False,False,-230875.0,-181703.83451100904,False,False,False,False,5403.606360666466,False,False,False,False
2025-07-29 16:00:00+00:00,65.085,65.465,64.96,65.395,4672.0,,,,,,64.5055073349222,64.00201559413044,64.37715023929502,64.69043259384888,64.7221644319712,64.7405084346569,64.7248567487532,64.47927073622586,64.60944062207832,64.79447725632185,64.92782297001936,65.25569204950378,65.27395622439349,65.83445141351933,65.88180641063732,66.08866572767542,66.09574349318036,66.27929634415042,66.61815380896385,,,,,,64.45757707917669,64.4380507139943,63.8543078058047,64.05841795765646,64.05688005986497,64.67597617893162,64.69711992399806,64.73104531105997,64.73171842492272,64.52776056903552,64.55621891940793,64.68258662054959,64.90896928793724,64.97458318923704,65.5725349567426,65.72091277044298,65.93960947094959,66.15625356380778,66.37610660180601,66.58277880436916,66.64325174954966,,64.37715023929502,64.79447725632185,65.25569204950378,64.55699436015202,"rgba(0, 255, 255, 0.75)",0.600783707387036,64.43564043206484,1.5968468454440212,62.59313843656337,4.524566293918703,True,False,True,False,True,7.96396663804774,0.0,0.0,0.0,0.0,0,0.9390578413834206,0.9643410852713183,False,False,False,False,0.018578288399922697,-0.005863890454989829,False,False,False,False,-226203.0,-182393.74405347402,False,False,False,False,5392.263626392567,False,False,False,False
2025-07-29 17:00:00+00:00,65.39,65.67,65.35,65.49,8511.0,,,,,,64.5844815951396,64.0226375513691,64.38900342014996,64.6976294438544,64.7287486589302,64.74634094693087,64.7304093923303,64.48497685680745,64.6133511402199,64.79732893226779,64.92995725762069,65.25647389388261,65.27467876195556,65.83351024990311,65.88074016613179,66.0870885712477,66.09414920817015,66.27727572770404,66.6154745067431,,,,,,64.56023606577547,64.53855531291455,63.90670306559899,64.07700315252413,64.07500133950782,64.68339649675207,64.70415391086725,64.73714870222504,64.73733405418314,64.53377026187171,64.56072215499772,64.68602764295493,64.91121046893821,64.97645163256912,65.57232689431105,65.72027776853838,65.93839569088546,66.15451926545951,66.37386782727802,66.58014420683038,66.64057042028332,,64.38900342014996,64.79732893226779,65.25647389388261,64.576503178292,"rgba(0, 255, 255, 0.75)",0.6217494353507784,64.46259319329747,1.6524450981171983,66.46419186155508,7.914539324492914,True,False,True,False,True,8.677840113415602,0.0,0.0,0.0,0.0,0,0.9473370666031194,0.9559156439890389,False,False,False,False,0.06199984124635174,0.028067975395680955,False,False,False,False,-217692.0,-182941.0038355907,False,False,False,False,5440.6161283089605,False,False,False,False
2025-07-29 18:00:00+00:00,65.47,65.58,65.405,65.58,1917.0,,,,,,64.60089594830004,64.02726101334225,64.39168221772047,64.69926938446832,64.73025112938866,64.74767388274019,64.73167855217419,64.4862763083216,64.6142452677108,64.79798467184348,64.93045109865871,65.25666234197911,65.2748538754202,65.83331073165755,65.88051246184912,66.08674562751517,66.0938024041979,66.27683280606847,66.61488272128277,,,,,,64.58103436926365,64.55901190011001,63.918178572575904,64.08117642316483,64.07907205062301,64.6850864651559,64.70575728541401,64.73854270596776,64.73861764998816,64.53513907249665,64.56175016467265,64.68681601036648,64.91172849515328,64.976885236539,65.57229261026733,65.72014729668516,65.9381347141768,66.15414086816465,66.37337574047585,66.5795626420998,66.63997793086261,,64.39168221772047,64.79798467184348,65.25666234197911,64.58065863504639,"rgba(0, 255, 255, 0.75)",0.6452809430737516,64.46834538312213,1.722745152805196,69.46994624826976,10.653812921591424,True,False,True,False,True,9.353637383437608,0.0,0.0,0.0,0.0,0,0.9432649634160948,0.9670145136140105,False,False,False,False,0.059440758974704765,0.04375436718519286,False,False,False,False,-215775.0,-183450.05803969008,False,False,False,False,5385.986420893318,False,False,False,False
2025-07-29 19:00:00+00:00,65.575,65.775,65.465,65.715,20412.0,,,,,,64.76605589950515,64.07891234880609,64.42263263045827,64.71903252899526,64.74847419407449,64.76392470130547,64.74712716857316,64.50162558976263,64.6250062759455,64.80613515825657,64.93680389349367,65.25962868697849,65.27767723783018,65.83208164685998,65.87897759183718,66.08395381651664,66.09096873913815,66.27295499736434,66.60936555985761,,,,,,64.78147596641843,64.75719271666371,64.04011065586013,64.12804171947937,64.12481892107974,64.70539936160894,64.72510711879308,64.75549834191786,64.75425570839853,64.55137227877309,64.57402558794259,64.6964120611512,64.91835446702156,64.98255140923048,65.57286047992416,65.71967161408445,65.93623712905371,66.15096204442635,66.36896549095145,66.57416572444873,66.63443673835211,,64.42263263045827,64.80613515825657,65.25962868697849,64.6244138681406,"rgba(0, 255, 255, 0.75)",0.6730368716714488,64.52876233581208,1.762515122302251,72.10309786674529,13.205747005932174,True,False,True,False,True,10.36175798851151,0.0,0.0,0.0,0.0,0,0.9377245508982015,0.9644311377245512,False,False,False,False,0.07810545068060552,0.06092990893289919,False,False,False,False,-195363.0,-183634.75481426853,False,False,False,False,5618.947871732181,False,False,False,False
2025-07-30 14:00:00+00:00,65.075,65.265,65.01,65.14,2108.0,,,,,,64.77200231867369,64.08237985220701,64.42444362619175,64.71992917071591,64.74926883793604,64.76461850348002,64.74780441328114,64.50249046105677,64.62555557896299,64.80646237965495,64.93698705254941,65.2595346903365,65.27756949755293,65.8315972021165,65.87846493983079,66.08332758900002,66.09033862778355,66.27222864234979,66.60849591408545,,,,,,64.78824474817641,64.76420064022051,64.04803072963352,64.13114564705276,64.12785460693112,64.70633692177141,64.72597825105012,64.75623108038168,64.75493385766971,64.5522522684627,64.57468118871796,64.69686549773363,64.91855771148322,64.98268638392223,65.57253966741833,65.71925488668491,65.93569166810441,66.1503008878621,66.36818935050981,66.57330378946702,66.63357096391516,,64.42444362619175,64.80646237965495,65.2595346903365,64.62639766911667,"rgba(38, 166, 154, 0.5)",0.6840592079627777,64.53166102495112,0.8893074867899192,66.90767903790473,13.205747005932174,True,False,True,False,False,5.020874340551988,0.0,0.0,0.0,0.0,0,0.9228036940563564,0.9695713947430744,False,False,False,False,0.007649148347945391,0.03428952864042229,False,False,False,False,-197471.0,-183849.27024350467,False,False,False,False,5564.514571395248,False,False,False,False
2025-07-30 15:00:00+00:00,65.135,65.22,64.925,65.08,1910.0,,,,,,64.77632497273721,64.08531485242729,64.42593175015307,64.72061581268231,64.74986929997016,64.76513876273559,64.74831683725773,64.50319421793792,64.6259909261139,64.80670183521008,64.93710060983543,65.25940520991001,65.27742768235458,65.83111879778473,65.87796135758876,66.08272291795592,66.08973048710187,66.27153460013044,66.60767493325211,,,,,,64.7930897009477,64.76929361347999,64.0546977293018,64.1337657918616,64.13041808310695,64.70705889077772,64.72664365093543,64.75678293361611,64.75544508557726,64.55296141120931,64.57520729818665,64.69721671604162,64.91868856676784,64.9827587979985,65.57220705809281,65.71883670825369,65.93515887993739,66.14966513255165,66.36745078532869,66.57248927792519,66.63275418440499,,64.42593175015307,64.80670183521008,65.25940520991001,64.62794112587477,"rgba(38, 166, 154, 0.5)",0.693538875024203,64.53395139377872,0.7873366957291625,62.866296681536234,22.156895056030123,True,False,True,False,False,4.491300288675706,0.0,0.0,0.0,0.0,0,0.9213363345575152,0.9723966354697319,False,False,False,False,0.0507477348714494,0.04251863175593584,False,False,False,False,-199381.0,-184090.07225523327,False,False,False,False,5507.8554307534605,False,False,False,False
2025-07-30 16:00:00+00:00,65.07,65.2,64.985,65.15,2106.0,,,,,,64.781518295732,64.08865013553064,64.42765695805636,64.72144786099406,64.7506031964354,64.76577803414465,64.74894319530854,64.50401782033975,64.62650909046395,64.80700138412321,64.93725883885833,65.25929099861767,65.27729982638434,65.83061754754632,65.87743215219238,66.08208126552655,66.0890849835731,66.27079369121196,66.60679235525127,,,,,,64.79891611377427,64.77536990999799,64.06220985000351,64.13674988830849,64.13333767773794,64.70793067974871,64.72745131348586,64.75745906407353,64.75607134727875,64.55379586087035,64.57582857889166,64.69764073315521,64.9188663823335,64.98287019825382,65.57186783966974,65.71840246954922,65.93459719193994,66.14898889594541,66.36666048293841,66.5716141740533,66.6318757555814,,64.42765695805636,64.80700138412321,65.25929099861767,64.62975529631602,"rgba(38, 166, 154, 0.5)",0.7039854561858448,64.53661999212999,0.8712964202318613,60.75526385712857,19.9990186628486,True,False,True,False,False,5.042461491368098,0.0,0.0,0.0,0.0,0,0.9350024073182458,0.9681030332209924,False,False,False,False,0.05413732473370947,0.048327978244822656,False,False,False,False,-197275.0,-184294.48973964824,False,False,False,False,5455.113486090616,False,False,False,False
2025-07-30 17:00:00+00:00,65.155,65.25,65.045,65.145,1253.0,,,,,,64.78485207287426,64.0906917923232,64.42873159816858,64.72198547557134,64.75108061913481,64.76619563499072,64.74935069420023,64.5045349429375,64.62683905948138,64.80719976880017,64.93737170867368,65.25923922119142,65.27723990449604,65.83033415376256,65.87713201434049,66.08171366036825,66.08871507248486,66.27036662093361,66.6062800254269,,,,,,64.80265935025702,64.77924955038347,64.06677623715575,64.13858013040246,64.13512836008236,64.70849239565545,64.72797386781534,64.75789974719245,64.75647947992437,64.55432222272607,64.57622163770263,64.69791388940817,64.91899119845758,64.98295437279468,65.57168158439401,65.71815929308984,65.93427756743445,66.14860053662993,66.36620385123584,66.57110648367593,66.6313656225063,,64.42873159816858,64.80719976880017,65.25923922119142,64.63089903228455,"rgba(38, 166, 154, 0.5)",0.711693526508672,64.53829005852954,0.8524876493492497,59.28949462778644,18.280096280196602,False,False,True,False,False,4.996883530580675,0.0,0.0,0.0,0.0,0,0.9399951609000708,0.9627389305589166,False,False,False,False,0.06346534418219857,0.05589666121351061,False,False,False,False,-198528.0,-184515.1643173281,False,False,False,False,5389.964439794637,False,False,False,False
2025-07-30 18:00:00+00:00,65.26,65.285,64.86,64.95,3052.0,,,,,,64.7902213937973,64.09509394647763,64.43091862501686,64.72293623681169,64.75190203774682,64.76690269407337,64.75005349400836,64.50556609334454,64.62746361533203,64.8075186473666,64.93749534242261,65.25898466977294,65.27696583443777,65.82952891109443,65.87628705120878,66.08070949756092,66.08770543155076,66.26922141961288,66.60493541717783,,,,,,64.8085102449696,64.78551435727705,64.07657204649459,64.14250510715914,64.13897078221777,64.709497084214,64.72889314318432,64.75865269250626,64.75717808548855,64.55535225663706,64.57698421915974,64.6984076938951,64.91914137428685,64.98301527106862,65.57110602490623,65.71744882303005,65.93338660934305,66.14754741724022,66.36498829008595,66.56977167349595,66.63002839772793,,64.43091862501686,64.8075186473666,65.25898466977294,64.63301065939827,"rgba(38, 166, 154, 0.5)",0.7149824038649596,64.54146961011551,0.5713852364423362,56.06322962248308,14.854815691208856,False,False,True,False,False,3.2242682241015928,0.0,0.0,0.0,0.0,0,0.9343787696019284,0.9606755126658633,False,False,False,False,0.0507477348714494,0.05332219804248001,False,False,False,False,-201580.0,-184779.7354131835,False,False,False,False,5353.716929100146,False,False,False,False
2025-07-30 19:00:00+00:00,64.92,65.325,64.86,65.22,31677.0,,,,,,64.85372986567425,64.14324979436263,64.45646420960115,64.73566123206065,64.76319917315284,64.77680458427979,64.759749154058,64.51809125404182,64.63546248796193,64.81227706299084,64.94014698637743,65.25756178338743,65.27534020269626,65.8223362509683,65.86867667415011,66.07141505604537,66.07835339903147,66.25844124985174,66.59202181482283,,,,,,64.87694101481688,64.85710144458959,64.17746829170432,64.18580229996498,64.18139036294791,64.72279748806494,64.74126333692007,64.76909766175324,64.76687772174887,64.56804992509493,64.58651599363047,64.70501078398425,64.92208669762579,64.98496209603076,65.56633448938638,65.71125887438514,65.92529000888084,66.13773455627742,66.35346914670131,66.55697467344827,66.61716891879901,,64.45646420960115,64.81227706299084,65.25756178338743,64.65760803693753,"rgba(38, 166, 154, 0.5)",0.7242207803822128,64.59627560014198,0.8612351602626545,56.552404676084876,14.854815691208856,False,False,True,False,False,5.403152048017329,0.0,0.0,0.0,0.0,0,0.928905968536086,0.9650534406148676,False,False,False,False,0.05463119858267546,0.05397669831257773,False,False,False,False,-169903.0,-184549.08835251397,False,False,False,False,5761.829844928051,False,False,False,False
2025-07-31 14:00:00+00:00,65.57,65.835,65.425,65.72,13200.0,,,,,,64.91120551385215,64.17196409380446,64.47438944765763,64.74740483221235,64.77408547076925,64.78659499765554,64.76909967914389,64.52748217328872,64.64214710455434,64.8173790335144,64.94415185852529,65.25947718294613,65.27716694650914,65.821638702399,65.86778774004897,66.06973702248585,66.07664909255642,66.25608043185596,66.58862229055397,,,,,,64.93983961525511,64.9202442119562,64.23410915581286,64.21212273684942,64.20717362691752,64.73484799367232,64.75277874367326,64.77928321242227,64.7763311156336,64.57792740418098,64.59410303390825,64.71099174567996,64.92625862239561,64.98854613741683,65.56675959818865,65.71103287399572,65.9241736371595,66.13581302927396,66.3507733652688,66.55365324957255,66.61375039547983,,64.47438944765763,64.8173790335144,65.25947718294613,64.67681846243008,"rgba(38, 166, 154, 1.0)",0.7450140998717387,64.62999923304224,1.4630605879075465,60.37059070947285,14.854815691208856,True,False,True,False,True,9.178889727384657,0.0,0.0,0.0,0.0,0,0.9382129277566525,0.9505703422053237,False,False,False,False,0.14657928082580393,0.10027798956919083,False,False,False,False,-156703.0,-184117.366052475,False,False,False,False,5877.150312448546,False,False,False,False
2025-07-31 15:00:00+00:00,65.72,65.895,65.655,65.755,8503.0,,,,,,64.94883676781656,64.19119729462304,64.4866857012045,64.75569233792373,64.78179973184994,64.79355561985345,64.77574080500824,64.53402100292203,64.64686051908807,64.82105153054694,64.94709500777232,65.26103251805452,65.27866490987957,65.82149156343263,65.86751557782792,66.06894720321942,66.07584211739764,66.25484410956997,66.5866994734864,,,,,,64.98059872403864,64.96113643022265,64.27096056153952,64.22981721113088,64.22451481530832,64.74333768876909,64.76091261618008,64.78651397750721,64.78304906348214,64.58482366051757,64.5994247976363,64.71524026459166,64.92931425554484,64.99120402368318,65.56734720217149,65.71119515390966,65.92375233827948,66.13486337034901,66.34931850651557,66.55178448628173,66.61180986169278,,64.4866857012045,64.82105153054694,65.26103251805452,64.68973537635044,"rgba(38, 166, 154, 1.0)",0.7648497879955855,64.65115390766907,1.4432194525721658,63.11926444227735,14.854815691208856,True,False,True,False,True,9.432969284640077,0.0,0.0,0.0,0.0,0,0.9430064117786735,0.9508430301591076,False,False,False,False,0.27056531269258627,0.18542165113088854,False,False,False,False,-148200.0,-183560.50766406453,False,False,False,False,5917.8611603175605,False,False,False,False
2025-07-31 16:00:00+00:00,65.7,65.77,65.525,65.695,2688.0,,,,,,64.95861756322964,64.19678292631401,64.4902098819081,64.75801553822279,64.78395664025707,64.79550073518436,64.77760175144932,64.53589914575072,64.64820360580993,64.82207856835042,64.94790264083589,65.26142086287238,65.27903541794778,65.82135367531944,65.8673390946452,66.06861147378036,66.07550108507975,66.25437051262767,66.58601575010292,,,,,,64.99105416132555,64.97167897324762,64.2814533914976,64.23495138690878,64.22954950011716,64.74572058043688,64.76319170902508,64.78853574223601,64.78492957179338,64.58679519700624,64.60094689316716,64.71644302465252,64.93015529645233,64.99192746367392,65.56743557450653,65.71115234202769,65.92352997181798,66.13447847194935,66.34877725561795,66.5511166473291,66.61112213028805,,64.4902098819081,64.82207856835042,65.26142086287238,64.6932840755541,"rgba(38, 166, 154, 1.0)",0.7824630031829305,64.65665056016101,1.3270268825684373,64.14095028919058,14.854815691208856,True,False,True,False,True,8.866663476142865,0.0,0.0,0.0,0.0,0,0.9509732360097309,0.9523114355231149,False,False,False,False,0.24319876721454578,0.21431020917271715,False,False,False,False,-150888.0,-183053.95715764494,False,False,False,False,5867.785793490931,False,False,False,False
2025-07-31 17:00:00+00:00,65.64,65.82,65.64,65.775,2532.0,,,,,,64.96862857583392,64.20229660208402,64.49374003654084,64.7603894876167,64.78616652923131,64.79749669710255,64.77950854251742,64.53779032063773,64.64956702227944,64.82313740664857,64.94874838944985,65.26186017569091,65.27945779919129,65.82129102217053,65.86723956977876,66.06835936004836,66.07524390839812,66.25398664008554,66.58542955492476,,,,,,65.00177539589382,64.98246302140417,64.29176926774363,64.24002866343537,64.23452817005575,64.74815268145372,64.76552184974877,64.79060865686144,64.78685761519102,64.58878611509397,64.6024865834299,64.71767066782257,64.93103381426738,64.9926902112353,65.56758943310207,65.71118083727256,65.92338649127538,66.1341792311301,66.34832884857067,66.55054626886634,66.6105309644697,,64.49374003654084,64.82313740664857,65.26186017569091,64.69687369294316,"rgba(38, 166, 154, 1.0)",0.7945144871359978,64.66225281758605,1.4005373098042513,65.39115658997437,8.191973176922573,True,False,True,False,True,9.464698905475672,0.0,0.0,0.0,0.0,0,0.9498780487804867,0.9537804878048785,False,False,False,False,0.2608632692998223,0.23758673923626972,False,False,False,False,-148356.0,-182516.0043334954,False,False,False,False,5816.068184289521,False,False,False,False
2025-07-31 18:00:00+00:00,65.775,65.775,65.425,65.465,1916.0,,,,,,64.97422338308212,64.2059321925325,64.4959945489938,64.76183312298721,64.78750200657574,64.79869974707407,64.78066348234108,64.53899285564879,64.65041792967942,64.82377222488321,64.94923475866439,65.26206155483703,65.27964667391734,65.8211257758871,65.86704747356042,66.06805689867141,66.07493775304673,66.25358825201073,66.58488635560114,,,,,,65.00766504790533,64.98844160739752,64.29847125806593,64.24336588005289,64.23780273948137,64.74963594632463,64.76693714846924,64.7918602079233,64.78802315676042,64.5900413024592,64.60345563752767,64.71842624674863,64.9315424588362,64.99312085556575,65.5675811837638,65.71108140514339,65.923162591666,66.13384269651678,66.3478832572417,66.55001351573404,66.60998607462982,,64.4959945489938,64.82377222488321,65.26206155483703,64.69904222983922,"rgba(38, 166, 154, 1.0)",0.7983772280049778,64.66544493930567,1.00147528342247,62.14232796462722,8.191973176922573,True,False,True,False,True,6.548818004213025,0.0,0.0,0.0,0.0,0,0.9468693009118527,0.9516109422492403,False,False,False,False,0.23309607340919497,0.23534140632273234,False,False,False,False,-150272.0,-182016.09728956522,False,False,False,False,5755.602010889683,False,False,False,False
2025-07-31 19:00:00+00:00,65.47,65.575,65.24,65.38,11171.0,,,,,,64.9965732852156,64.22432883970345,64.50703408813791,64.76850460350553,64.79362615788209,64.80420121661591,64.78598065189618,64.54487540944291,64.65449362674585,64.82666331617024,64.95132561762811,65.26260518823901,65.28011911969206,65.81960161614874,65.86537222032565,66.06576417740148,66.0726242041739,66.25075562884639,66.58125062378495,,,,,,65.03049681566428,65.01196464532303,64.33147214239031,64.26020639476579,64.2543430607422,64.75651511469395,64.7734683150161,64.79759496113857,64.79337505697731,64.59611737748219,64.60814274938544,64.72198461385183,64.93375052983761,64.99492216182453,65.5669370491657,65.7099248106777,65.92130936741769,66.1313593763774,66.34478385497857,66.54643139603539,66.60635021354328,,64.50703408813791,64.82666331617024,65.26260518823901,64.70887843008148,"rgba(38, 166, 154, 0.5)",0.7983366548099461,64.67892991043217,0.8781634731963042,58.998744105892605,8.191973176922573,True,False,True,False,False,5.768684893412324,0.0,0.0,0.0,0.0,0,0.940113953206448,0.9587828827736699,False,False,False,False,0.19260581362784038,0.21397360997528636,False,False,False,False,-161443.0,-181697.1345408898,False,False,False,False,5839.561669635579,False,False,False,False
2025-08-01 14:00:00+00:00,66.29,66.66,66.285,66.42,8140.0,,,,,,65.05050565600583,64.24912754722516,64.52424645182207,64.78128772232373,64.80567549278253,64.81516411783498,64.79638469463525,64.55435596480228,64.66161486208638,64.83261188769399,64.95640953379791,65.26606133370468,65.28351708059003,65.8212663407476,65.86690384763286,66.06673272022057,66.07357455916042,66.25124736123747,66.58096936765722,,,,,,65.08868239965743,65.06988643760232,64.3769065405003,64.28328033335187,64.27696266589558,64.76953912761692,64.78604786311904,64.80893676262147,64.80392515536457,64.60624405006101,64.61604423299188,64.7285685086846,64.9389760447785,64.99963636850443,65.56939304055093,65.7119272076596,65.92267903714804,66.13215365474089,66.34504537563326,66.54622464260504,66.606019999203,,64.52424645182207,64.83261188769399,65.26606133370468,64.72724081687039,"rgba(0, 255, 0, 1.0)",0.8234891981429929,64.70830665060369,2.078586280495558,63.530900425394044,8.191973176922573,True,False,True,False,True,13.155245233173293,0.0,0.0,0.0,0.0,0,0.9425056193067536,0.9497219921921212,False,False,False,False,0.34282823413729424,0.2784009220562903,False,False,False,False,-153303.0,-181256.91540072096,False,False,False,False,5875.227380183865,False,False,False,False
2025-08-01 15:00:00+00:00,66.4,66.54,66.1,66.38,12570.0,,,,,,65.12016461816151,64.28441655746101,64.54868869722158,64.79932100128978,64.82266915053995,64.8306428099389,64.81110206178083,64.56793790741304,64.67180356122078,64.8410678168917,64.96359576939957,65.27084678339902,65.28821453504786,65.82335658991022,65.86879400014814,66.06777873769296,66.07459319368773,66.25157610629188,66.58014323518968,,,,,,65.1629272203184,65.14401757937651,64.43969236510442,64.3161367415351,64.30919646227285,64.78791757360895,64.803794666044,64.82494679258089,64.81883967836849,64.62070761709515,64.62735917881218,64.73796710010225,64.94636847931173,65.00628613124002,65.57267003809766,65.71452301399317,65.92432640122804,66.13293838459232,66.34502695617937,66.54550702198094,66.60512674041674,,64.54868869722158,64.8410678168917,65.27084678339902,64.75230270148359,"rgba(0, 255, 255, 0.75)",0.8436320821832399,64.74667794627405,1.9360596736661142,66.11994712069652,9.079582707267136,True,False,True,False,True,12.787646799344838,0.0,0.0,0.0,0.0,0,0.9348645465253227,0.9561837455830389,False,False,False,False,0.31220695625752526,0.2953039391569078,False,False,False,False,-165873.0,-181018.4050844307,False,False,False,False,5979.022304522099,False,False,False,False
2025-08-01 16:00:00+00:00,66.4,66.645,66.365,66.465,6527.0,,,,,,65.15758584604495,64.30359230701316,64.56217538656125,64.80942690078275,64.8322127712636,64.83935208942854,64.81938109880507,64.57550584071518,64.67752199853267,64.84586176070374,64.9677058093005,65.27366496843754,65.29098661485024,65.82475200119774,65.8700835110096,66.0686195873306,66.07541955935076,66.25203699586179,66.57998601003918,,,,,,65.20264075934567,65.183658782987,64.47321341836297,64.33403458520195,64.3267603965792,64.79820802900232,64.81374488267252,64.83394774045772,64.82723123016952,64.62877723297869,64.6336912335788,64.74326216362876,64.95059073276381,65.01010278033779,65.57469481663168,65.71618723471693,65.92548691969716,66.13364027798512,66.34530440997906,66.54540991362795,66.60492925827047,,64.56217538656125,64.84586176070374,65.27366496843754,64.76600743108872,"rgba(0, 255, 255, 0.75)",0.8642932487405923,64.76733556306498,1.964222721175695,68.23792317286458,11.234908582081594,True,False,True,False,True,13.345122309619352,0.0,0.0,0.0,0.0,0,0.9560963970412778,0.95311381531854,False,False,False,False,0.3428282343161377,0.3190660867365227,False,False,False,False,-159346.0,-180682.39880405195,False,False,False,False,5987.518082746563,False,False,False,False
2025-08-01 17:00:00+00:00,66.49,66.72,66.315,66.51,9330.0,,,,,,65.20854069183427,64.33071779628004,64.5813612281424,64.82386243527837,64.8458560672287,64.85181771959589,64.83123805819204,64.58635146563383,64.68573841584579,64.85276276723408,64.97363201740673,65.27774763802458,65.29500363007313,65.82680601390669,65.8719864020424,66.06988173664854,66.0766610338544,66.25275660122368,66.57982135316281,,,,,,65.25641203835856,65.23737927599474,64.51980412609825,64.35938441193767,64.35164718552453,64.8129034213809,64.82796116819344,64.84682534788789,64.83924748594325,64.64033516787838,64.64278098072501,64.75087616723962,64.9566770907176,65.0156099336207,65.57764694230238,65.71862501893042,65.9272056269285,66.13470391983479,66.34576213499794,66.54533171238941,66.60470606832261,,64.5813612281424,64.85276276723408,65.27774763802458,64.78518889856691,"rgba(0, 255, 255, 0.75)",0.8838948257919714,64.79575647310385,1.939420253263944,69.86844941365347,13.006406668916597,True,False,True,False,True,13.642143106746115,0.0,0.0,0.0,0.0,0,0.9497977635022593,0.9538424934570549,False,False,False,False,0.3428282343840866,0.33094716056030465,False,False,False,False,-150016.0,-180206.95076057827,False,False,False,False,6039.339507820259,False,False,False,False
2025-08-01 18:00:00+00:00,66.52,66.685,66.435,66.555,6993.0,,,,,,65.24547854869428,64.35101126813286,64.59581275444853,64.83479608332387,64.85619952333691,64.86128028233598,64.84024283605007,64.59458212171995,64.69199349703635,64.85803176448087,64.97816817744894,65.28089666575012,65.29810353902289,65.82843397056833,65.87350092766702,66.0709147111702,66.0776784875518,66.25338207923451,66.57978062317272,,,,,,65.29520275183494,65.27615682126026,64.5540827101418,64.37837577513565,64.37029852820844,64.82403022441167,64.83873143576658,64.85659610799347,64.8483723061127,64.64910370834293,64.64969288525563,64.75667935854082,64.96133395672236,65.01982981945586,65.57994921778574,65.72054134034934,65.92858175738235,66.13558765402267,66.34619102238555,66.54535672399432,66.60461996674718,,64.59581275444853,64.85803176448087,65.28089666575012,64.79944332984768,"rgba(0, 255, 255, 0.75)",0.898700102299226,64.81658509641562,1.9343659794149797,71.1892076804065,14.55979280025332,True,False,True,False,True,13.942290001681066,0.0,0.0,0.0,0.0,0,0.9562113279390756,0.9504997620180867,False,False,False,False,0.342828234611715,0.33688769758600984,False,False,False,False,-143023.0,-179630.45539994916,False,False,False,False,6054.124941807542,False,False,False,False
2025-08-01 19:00:00+00:00,66.545,66.665,66.4,66.46,14066.0,,,,,,65.31136475078448,64.38983096623379,64.62352598956777,64.85575015785301,64.876030706489,64.87944782340591,64.85755504718362,64.61051496442572,64.70411579891503,64.86822327030912,64.9869279530844,65.2869379766706,65.30404740389567,65.83146384278847,65.87630620455924,66.07276751292598,66.07950052823097,66.25442745302664,66.57950925550888,,,,,,65.3637958087122,65.34485690616056,64.61801894545546,64.41474543851409,64.40603979756565,64.84535389428625,64.85937589462965,64.87534773091933,64.86590786071696,64.66604489526927,64.66308550361073,64.7679191581893,64.97032870797325,65.0279747362091,65.58431252684196,65.724141067139,65.93111333248483,66.13714518515306,66.34684638756028,66.54521401541307,66.60426170326976,,64.62352598956777,64.86822327030912,65.2869379766706,64.82608330825855,"rgba(0, 255, 255, 0.75)",0.9000788253762366,64.85467646187371,1.7835366113131852,70.63341826348808,14.55979280025332,True,False,True,False,True,13.014810232091236,0.0,0.0,0.0,0.0,0,0.9528201489890025,0.9479720941232115,False,False,False,False,0.3373919393319271,0.33713981845896845,False,False,False,False,-157089.0,-179280.9754712678,False,False,False,False,6178.340058988821,False,False,False,False
2025-08-04 14:00:00+00:00,66.415,66.585,66.255,66.44,3365.0,,,,,,65.32511343085285,64.39856152599467,64.62975504624045,64.86044155004306,64.8804707006398,64.88351984681913,64.86144123943573,64.61412498973641,64.70686167949985,64.87052227253999,64.98889701078872,65.2882783845338,65.30536486578868,65.83209770719714,65.87688739633847,66.07312576260419,66.07985155577673,66.25459623853268,66.57937050431033,,,,,,65.37798090969784,65.35909642332331,64.63206483868413,64.42293052586784,64.41408843617941,64.85012875354188,64.8639983405496,64.87954953265358,64.8698422353219,64.66987442692152,64.6661203172522,64.77046152865114,64.972351596628,65.02980327920022,65.58525856666526,65.72490818148692,65.9316304631538,66.13743431002227,66.34692349476565,66.54510480101105,66.60410376207831,,64.62975504624045,64.87052227253999,65.2882783845338,64.83192001748253,"rgba(0, 255, 255, 0.75)",0.9073232734374795,64.86285795401936,1.7382360754458392,69.9469373444205,14.55979280025332,True,False,True,False,True,12.81808484218245,0.0,0.0,0.0,0.0,0,0.9497829402792435,0.9502522585943919,False,False,False,False,0.315347534635194,0.3262436765470812,False,False,False,False,-160454.0,-178989.08437869,False,False,False,False,6134.72238365566,False,False,False,False
2025-08-04 15:00:00+00:00,66.47,66.78,66.44,66.72,3195.0,,,,,,65.34040265033833,64.40767375453753,64.63634895849322,64.8654921260307,64.88525940606883,64.88791474582169,64.86562945696357,64.61795380578013,64.70979322492958,64.87300657544803,64.99104692510204,65.28979355158474,65.3068577778305,65.8329205296192,65.87765845781526,66.07367649326143,66.0803951994174,66.2549606978853,66.57942845975941,,,,,,65.39385625138709,65.37498946590327,64.6468110284325,64.43148724050764,64.42250024469774,64.85526471354935,64.86897644654404,64.88408237018194,64.87408483448469,64.67394851515249,64.66935103018928,64.77318795084282,64.97455685966062,65.031807767296,65.58638919543253,65.72586284617323,65.93233823555231,66.13791669619198,66.34719816946523,66.54519356254652,66.60413967205075,,64.63634895849322,64.87300657544803,65.28979355158474,64.83821705393373,"rgba(0, 255, 0, 1.0)",0.9221404936824313,64.87179275005944,2.0042577704835582,71.34107243120745,15.840146857608573,True,False,True,False,True,14.742152037596437,0.0,0.0,0.0,0.0,0,0.9544872541031303,0.9461063904085673,False,False,False,False,0.34282823487297726,0.33453595571002925,False,False,False,False,-157259.0,-178652.18384568705,False,False,False,False,6089.145292436193,False,False,False,False
2025-08-04 16:00:00+00:00,66.685,66.89,66.685,66.7,2524.0,,,,,,65.35324436351024,64.41517663119082,64.6418152999508,64.86971072643338,64.88926275480462,64.89159064311544,64.86913078802188,64.62113425530717,64.71223599918805,64.8750874782099,64.99285567150356,65.29108643177187,65.30813290714453,65.83365840977262,65.87835478502727,66.07419545695934,66.08090847724988,66.25533007866672,66.57955009215797,,,,,,65.40721241477735,65.3883483569656,64.65895052617195,64.43853890730632,64.42943214396713,64.8595529475063,64.87313525642757,64.88787265534692,64.87763236158514,64.67733663903222,64.67203951334666,64.77546422894834,64.9764109482572,65.03349702740914,65.58737456177991,65.72670690877796,65.93298362532767,66.13838062987328,66.34749558126276,66.54534061672763,66.60424237418317,,64.6418152999508,64.8750874782099,65.29108643177187,64.84346674153134,"rgba(0, 255, 255, 0.75)",0.9351854612030929,64.87926219842022,1.9469269755727892,71.92440438129704,16.814554555184102,True,False,True,False,True,14.540213059911327,0.0,0.0,0.0,0.0,0,0.960379981464318,0.943813716404078,False,False,False,False,0.34282823574727556,0.3386820957286524,False,False,False,False,-159783.0,-178359.6383597074,False,False,False,False,6033.871722010826,False,False,False,False
2025-08-04 17:00:00+00:00,66.69,66.84,66.675,66.755,1787.0,,,,,,65.36218597246835,64.42045603965555,64.64566545535553,64.87268353141805,64.89208428876776,64.89418215038641,64.8715997390774,64.62337856317973,64.71396056571083,64.87655668731718,64.99413282591802,65.29199938125613,65.30903331294972,65.83417917983658,65.87884618900827,66.07456151551298,66.08127051697552,66.25559040836846,66.57963530646326,,,,,,65.41650014186254,65.39764023210833,64.66745451713186,64.44350215383831,64.43431163195261,64.86257470971351,64.87606606086251,64.89054455045502,64.88013373733757,64.67972687341324,64.67393727037275,64.77707133533157,64.97772009448295,65.03468987788732,65.5880702114468,65.72730270970246,65.93343903238174,66.13870779517787,66.34770503655307,66.54544379518418,66.60431421935321,,64.64566545535553,64.87655668731718,65.29199938125613,64.8471503602402,"rgba(0, 255, 255, 0.75)",0.9556362297456098,64.8844866722428,1.957348695596362,72.6858212052387,17.954512168167128,True,False,True,False,True,14.91958327255194,0.0,0.0,0.0,0.0,0,0.9603000577034035,0.9451817657241778,False,False,False,False,0.3372380733966127,0.33796008456263255,False,False,False,False,-157996.0,-178043.92303630107,False,False,False,False,5968.028749576549,False,False,False,False
2025-08-04 18:00:00+00:00,66.79,66.81,66.635,66.72,792.0,,,,,,65.3660140114979,64.42275333154349,64.64733915053989,64.87397366625817,64.89330864807769,64.89530686635464,64.87267163751456,64.6243554399365,64.71471088480317,64.87719500037421,64.99468704210494,65.29239397743243,65.30942237612041,65.83440104785642,65.87905512725408,66.07471530919042,66.08142254062058,66.25569764717993,66.57966558574597,,,,,,65.4204692697674,65.40161313910096,64.67113871030809,64.44566189784216,64.43643519386825,64.86388619053514,64.87733796074731,64.89170413067585,64.88121958322503,64.68076664853571,64.6747631375792,64.77777019428439,64.9782882903267,65.03520728749524,65.58836903317643,65.72755757786608,65.93363213381947,66.13884447817992,66.3477898599287,66.54548191975186,66.60433872947412,,64.64733915053989,64.87719500037421,65.29239397743243,64.84874309253186,"rgba(0, 255, 255, 0.75)",0.9707968910139805,64.88673681397644,1.8884106479870846,72.47918092675368,18.158726328302947,True,False,True,False,True,14.554691361293557,0.0,0.0,0.0,0.0,0,0.9595402298850567,0.9460919540229886,False,False,False,False,0.33074176609088163,0.3343509253267571,False,False,False,False,-158788.0,-177745.3815938778,False,False,False,False,5887.780241831176,False,False,False,False
2025-08-04 19:00:00+00:00,66.725,66.78,66.595,66.705,6556.0,,,,,,65.39624733200151,64.44136289802026,64.66090285214274,64.88442166895726,64.90322495608046,64.90442051109578,64.88136186840775,64.63229824323062,64.72081300992762,64.88238099728477,64.9991860584123,65.29558742570435,65.3125702953582,65.836174858904,65.88072267831511,66.07592994588185,66.08262262484752,66.25652959315113,66.5798658238031,,,,,,65.45172485258442,65.43291992759114,64.70072112699104,64.46316314363017,64.45364723071413,64.87450720547521,64.88763881510603,64.90109902804299,64.8900214201271,64.68921425696433,64.68147971150422,64.78345192255058,64.98290130102161,65.03940638026799,65.59077488613336,65.72960232595769,65.93516961783729,66.13991856922945,66.34843743526532,66.5457462244255,66.60449232569896,,64.66090285214274,64.88238099728477,65.29558742570435,64.86154066872527,"rgba(0, 255, 255, 0.75)",0.9789690155118019,64.90469761735874,1.8389778982944323,72.01158499829424,18.158726328302947,True,False,True,False,True,14.396046721278843,0.0,0.0,0.0,0.0,0,0.9587959253748417,0.9470069818015339,False,False,False,False,0.32427228857181417,0.32931160694928563,False,False,False,False,-165344.0,-177553.11211180218,False,False,False,False,5898.1402380818545,False,False,False,False
2025-08-05 14:00:00+00:00,66.58,67.08,66.535,66.965,9681.0,,,,,,65.44387860524942,64.4702848012405,64.68222194517044,64.9010337083271,64.91901469933268,64.91894879382232,64.89521026257574,64.64485568743308,64.73051084701144,64.89068485358445,65.00643548396407,65.30083566606515,65.31775055266881,65.8392875292216,65.88367512429306,66.07819669056771,66.08486744146715,66.25821887544974,66.58059264649124,,,,,,65.50100201202393,65.48222917008707,64.746379351267,64.49040840097551,64.48044491990913,64.89138394129735,64.90402220267845,64.91606789727817,64.9040504225809,64.70258631338514,64.69213139305711,64.79250735585589,64.99032731545945,65.04618921419679,65.59484256520166,65.73312538873718,65.93792521177465,66.14197242845117,66.34984921660939,66.5465735876792,66.60514185188643,,64.68222194517044,64.89068485358445,65.30083566606515,64.88171238391052,"rgba(0, 255, 0, 1.0)",0.9918246539297989,64.93299368073936,2.0487556053476266,73.73606429583185,20.038388642460447,True,False,True,False,True,16.237223064938625,0.0,0.0,0.0,0.0,0,0.9579470947320814,0.9408772326475245,False,False,False,False,0.3428282358409088,0.3360699213950972,False,False,False,False,-155663.0,-177213.73052867348,False,False,False,False,5956.789226638724,False,False,False,False
2025-08-05 15:00:00+00:00,66.94,67.23,66.895,66.915,12226.0,,,,,,65.5058294321112,64.50811734163695,64.71041659576825,64.92322899889474,64.94014169711998,64.93841600669634,64.91376806697272,64.66159728726447,64.74350605151531,64.901881361129,65.01626107295935,65.30806037732167,65.32488879641443,65.84377800416998,65.88795998845474,66.08159845521399,66.08824107720893,66.26087893042617,66.58200594398222,,,,,,65.56500346145324,65.54624684231165,64.80534131667739,64.52611354390824,64.51557288612156,64.91392022046091,64.9259194736185,64.93611368404044,64.92285120475336,64.72042374582888,64.70637632040787,64.80467091743103,65.00038425042108,65.05540134172341,65.6005605699123,65.73814451123717,65.94195664523183,66.14509987395209,66.35215358757738,66.54812037888841,66.60644810941547,,64.71041659576825,64.901881361129,65.30806037732167,64.90830012484903,"rgba(0, 255, 255, 0.75)",0.9984410731612586,64.97008654825967,1.9479501635307925,73.7615043936296,20.358806805106013,True,False,True,False,True,15.69652395490343,0.0,0.0,0.0,0.0,1,0.9663412992258489,0.9379557949063168,False,False,False,False,0.34282823695734804,0.33944907917622263,False,False,False,False,-167889.0,-177069.16106311264,False,False,False,False,6053.986292892387,False,False,False,False
2025-08-05 16:00:00+00:00,66.92,67.11,66.82,66.975,26967.0,,,,,,65.62296474497005,64.58628196201379,64.76908788565844,64.96955430948819,64.98428805232469,64.97919721612983,64.95272016310457,64.69700965286752,64.77109507774222,64.92564726676073,65.03711619219752,65.32336757224749,65.34000913432075,65.85318579839317,65.89692382105417,66.08865676081842,66.09523856044774,66.26633353232789,66.58476901660165,,,,,,65.6848136217284,65.66632326157861,64.92269745829721,64.60004169959382,64.58837671717384,64.96094500668148,64.97163976713915,64.97807294685359,64.96229053414905,64.75805725417838,64.73658561998086,64.83049761057748,65.02172916200784,65.07495862729336,65.61261469807269,65.74869148435047,65.95037379286241,66.15156591309618,66.35683808703828,66.55116962907846,66.60898457666839,,64.76908788565844,64.92564726676073,65.32336757224749,64.96207967241963,"rgba(0, 255, 255, 0.75)",1.0065813698121435,65.04341305203448,1.9189575784876707,74.26470792586335,21.136583849159948,True,False,True,False,True,16.12377069208604,0.0,0.0,0.0,0.0,0,0.9708428246013657,0.9397494305239182,False,False,False,False,0.325900103987834,0.3326745915820283,False,False,False,False,-140922.0,-176508.73996135895,False,False,False,False,6378.219063545218,False,False,False,False
2025-08-05 17:00:00+00:00,66.975,67.025,66.84,66.95,9273.0,,,,,,65.6582202365124,64.61170060975186,64.78829892004018,64.98477091518903,64.99880481112979,64.99263860290606,64.96558105447261,64.70877927900887,64.78029716641964,64.93357553960298,65.04407514011658,65.32847135742392,65.34504979124324,65.8562984882671,65.89988654881807,66.09097608172215,66.09753731149456,66.2681104670394,66.58563642989056,,,,,,65.72056447148269,65.70221378698993,64.95961414333738,64.6241304450066,64.6121197563861,64.97638736829812,64.98666286088039,64.99189224831541,64.97530564532737,64.770536892266,64.74665080076386,64.83911398863081,65.02885086409964,65.08148651611424,65.61662010564325,65.7521883702024,65.95315198304058,66.15368514224303,66.35835428428908,66.5521332884899,66.60977645161246,,64.78829892004018,64.93357553960298,65.32847135742392,64.97929088252194,"rgba(0, 255, 255, 0.75)",1.0128071417131455,65.06644703640569,1.8597350729659303,73.961717685005,21.136583849159948,True,False,True,False,True,15.845501763882261,0.0,0.0,0.0,0.0,0,0.9754538189291008,0.9372074437721203,False,False,False,False,0.3202976800621648,0.3264861358220965,False,False,False,False,-150195.0,-176100.77500071772,False,False,False,False,6423.099388141415,False,False,False,False
2025-08-05 18:00:00+00:00,66.95,67.23,66.895,67.205,5645.0,,,,,,65.68152768969267,64.62802909925799,64.80074856490941,64.99472340323157,65.00830970872596,65.00144519835366,64.97400316074798,64.71643079979684,64.78630340892761,64.93878208485859,65.04866821421375,65.33189218232424,65.34843172760158,65.85848386946695,65.90197867798135,66.09266657791575,66.09921502579773,66.26946348200326,66.58641839200577,,,,,,65.74427612226819,65.72598620571375,64.98332544189145,64.63962297806445,64.62738939496981,64.98648271501561,64.99649098136581,65.00094340841447,64.9838306196875,64.77866032785876,64.75320951468886,64.84475098327802,65.03354782551916,65.08580338575099,65.61936175115284,65.75461370667915,65.95512895264581,66.1552506837744,66.35954546488168,66.55297729445431,66.61050754556534,,64.80074856490941,64.93878208485859,65.33189218232424,64.99053164948812,"rgba(0, 255, 0, 1.0)",1.0269580813741879,65.08154134859173,2.067716969096576,75.76696579130466,23.01632664551498,True,False,True,False,True,17.66774421028938,0.0,0.0,0.0,0.0,0,0.9773090079817549,0.9318129988597494,False,False,False,False,0.34282823695734804,0.3346571863897223,False,False,False,False,-144550.0,-175611.615698381,False,True,False,False,6411.0358317361215,False,True,False,False
2025-08-05 19:00:00+00:00,67.23,67.235,67.01,67.125,8378.0,,,,,67.12333333333335,65.71508217706727,64.65200136188284,64.81908673617322,65.00941572327719,65.02234813601787,65.01446305042957,64.9864588140706,64.72776005993569,64.79521149592213,64.94651076777681,65.05549132923778,65.33698292446137,65.3534649989203,65.86174768948077,65.90510452471695,66.09519795318894,66.10172748350809,66.27149528190733,66.5876040923946,,,,,,65.77834197726335,65.76015009537817,65.01778272554013,64.66238563171116,64.64983058850802,65.00138377390664,65.01100173675015,65.01431897364685,64.99643670299562,64.79068158415122,64.76293145953468,64.85311464370695,65.04052435831437,65.09221846358902,65.62344847536609,65.7582325817425,65.95808437001156,66.15759706535825,66.36133769313297,66.55425509613683,66.61161752339395,,64.81908673617322,64.94651076777681,65.33698292446137,65.08824188946127,"rgba(0, 255, 255, 0.75)",1.036623186422863,65.20988354957778,1.8474566993150363,75.0158293808348,23.01632664551498,True,False,True,False,True,16.762826894074003,0.0,0.0,0.0,0.0,0,0.9820776255707753,0.9293378995433792,False,False,False,False,0.3428282372008071,0.3387427117952647,False,False,False,False,-152928.0,-175259.93173406503,False,False,False,False,6441.531400236336,False,False,False,False
2025-08-06 14:00:00+00:00,66.61,66.77,66.425,66.53,707.0,,,,,67.08066171344709,65.71676767340722,64.65355908983975,64.82025590519046,65.01032709786602,65.02321732295641,65.01527055534855,64.98723529104035,64.72849351403502,64.79578380147262,64.94699681398654,65.05591292517171,65.33727973554345,65.35375725066696,65.86190296931045,65.90524917463878,66.09529737677347,66.10182544357477,66.27155621406565,66.58760174395616,,,,,,65.77999921047312,65.76182783501952,65.01989574856566,64.66386369374955,64.6512901746985,65.00230925032761,65.01190169025449,65.01514853645088,64.99722120219498,64.79145325328203,64.76355848545256,64.85364783181122,65.04095652834964,65.09261232078447,65.62366662148621,65.75841477809107,65.95821604767566,66.15768242094298,66.36137999324768,66.55425901739825,66.61161083636571,,64.82025590519046,64.94699681398654,65.33727973554345,65.08750220577566,"rgba(38, 166, 154, 1.0)",1.030878344985977,65.20896634122552,1.2814641661644874,65.15442065493875,18.615817716799796,False,False,True,False,False,10.431438853563687,0.0,0.0,0.0,0.0,0,0.9733664371967038,0.9293533461234627,False,False,False,False,0.2548426676153546,0.2967926897053097,False,False,False,False,-153635.0,-174924.66147462215,False,False,False,False,6352.62393666678,False,False,False,False
2025-08-06 15:00:00+00:00,66.535,66.685,65.31,66.38,11473.0,,,,,66.54732642604664,65.72935220886231,64.67265064530639,64.8342031910311,65.020758486225,65.03313625982089,65.02451145441698,64.9961891214799,64.73743399455493,64.80268385470255,64.95267485245334,65.06070488182542,65.34033252398686,65.35674000167204,65.86282918850519,65.90601650101937,66.09539692230395,66.1019030237034,66.2710802980269,66.58620723504171,,,,,66.125,65.79126523575994,65.7735698739283,65.04370559274874,64.68196046341919,64.66920117077017,65.01292276110252,65.02219934674252,65.0246398767218,65.00624363389726,64.80074692524904,64.77116062074118,64.86000440150629,65.04588847718483,65.09704324212439,65.62552479684109,65.7597370005354,65.95879174803692,66.15757432498658,66.36062300540796,66.55294633018107,66.61017303654418,,64.8342031910311,64.95267485245334,65.34033252398686,65.11917715498687,"rgba(38, 166, 154, 1.0)",1.0181859332133125,65.24944644053615,1.1103606154682504,57.099844880117466,11.74927165954653,False,True,True,False,False,8.941538275652597,0.0,0.0,0.0,0.0,0,0.948144886050864,0.9358141583177364,False,False,False,False,0.15874608180990402,0.22776938575760686,False,False,False,False,-165108.0,-174772.46517269002,False,False,False,False,6432.009612067294,False,False,False,False
2025-08-06 16:00:00+00:00,66.38,66.52,66.24,66.39,2149.0,,,,,66.5318060509975,65.73310672483375,64.67679801919213,64.83729877778893,65.02314274756826,65.03540923161684,65.02662758373796,64.9982308487868,64.73940532813592,64.80421928368978,64.95396534451974,65.061814395387,65.34108910182026,65.35748313933682,65.86317218932614,65.90632848466599,66.09557756084848,66.10207938249677,66.27114853496596,66.58609274848838,,,,,66.16575453922576,65.79486466301542,65.777240410831,65.0490901218358,64.68589834722881,64.67309452517574,65.01534513230176,65.0245539256842,65.02681282040976,65.00830412632408,64.80281011606962,64.77284505317536,64.86142969244118,65.04702725036789,65.09807648061752,65.62605054478541,65.76015801715138,65.95906605775757,66.15771410039481,66.36063661987309,66.55284923186753,66.61004756222465,,64.83729877778893,64.95396534451974,65.34108910182026,65.12260322659816,"rgba(38, 166, 154, 1.0)",1.0044002827193959,65.25360842312416,1.1314130396290585,51.873281249797955,7.619726340325343,False,True,False,False,False,9.01981556140542,0.0,0.0,0.0,0.0,0,0.9788841964881082,0.9379862191598136,False,False,False,False,0.21956256217324513,0.22366597396542598,False,False,False,False,-162959.0,-174589.3106738886,False,False,False,False,6365.606362267801,False,False,False,False
2025-08-06 17:00:00+00:00,66.395,66.42,66.04,66.16,1858.0,,,,,66.50721378655268,65.73544568409264,64.679998076773,64.8396605327338,65.02493056549245,65.03711149552868,65.02821430630526,64.99976672665775,64.74092316159397,64.80539614542654,64.9549415418801,65.06264412889453,65.34163161708986,65.35801428050608,65.86336778203159,65.90649811345685,66.0956377833934,66.10213601675218,66.27111466301919,66.5859077138948,,,,,66.17066505167959,65.79701785489821,65.77946378047399,65.05309893658793,64.6889355063047,64.67610019398715,65.01716301170431,65.02631927850129,65.02844198288716,65.00985238972716,64.80439068977809,64.77413911286045,64.86251703589372,65.04788029944609,65.09884585986013,65.62639860633602,65.76041850137275,65.95920429956955,66.15774029054714,66.36055685762035,66.5526779733643,66.60985474192573,,64.8396605327338,64.9549415418801,65.34163161708986,65.12358348591067,"rgba(38, 166, 154, 0.5)",1.0066356059876485,65.25467269162601,0.8993595130044431,46.20093040155667,2.986844492390013,False,True,False,True,False,6.746405755721732,0.0,0.0,0.0,0.0,0,0.9736404917488093,0.9407464835529961,False,False,False,False,0.19554612160053153,0.20960604778297875,False,False,False,False,-164817.0,-174437.80198127017,False,False,False,False,6295.720992310161,False,False,False,False
2025-08-06 18:00:00+00:00,66.13,66.495,66.13,66.49,518.0,,,,,66.50441454371487,65.73632055127865,64.68098401520285,64.84039682539681,65.02549749614386,65.03765202475084,65.02871774680692,65.00025267009524,64.74139333831305,64.80576248859687,64.95524926873335,65.06290857221975,65.34181157301327,65.3581910086745,65.86344846226808,65.90657134784158,66.09567949535158,66.10217670106252,66.2711293866096,66.5858785897327,,,,,66.1771732924949,65.79785432075174,65.78031737418934,65.0543707800309,64.68987190656927,64.67702616746037,65.01773900256019,65.02687917831969,65.02895887718921,65.01034273518053,64.80488248606872,64.77454097984625,64.86285704178654,65.0481517332577,65.09909208745852,65.62652314119758,65.76051790049162,65.95926849269082,66.15777219462313,66.3605584619343,66.55265301151186,66.60982300362888,,64.84039682539681,64.95524926873335,65.34181157301327,65.12430427378955,"rgba(38, 166, 154, 1.0)",1.0142791342431539,65.25554289870695,1.2170782771886428,46.84243248513528,2.986844492390013,False,True,False,True,False,9.34721895560023,0.0,0.0,0.0,0.0,0,0.9748399911719263,0.9396380489958068,False,False,False,False,0.2087258911287001,0.20916596945583943,False,False,False,False,-164299.0,-174280.61125287839,False,False,False,False,6206.143922661941,False,False,False,False
2025-08-06 19:00:00+00:00,66.485,66.59,66.37,66.47,2862.0,,,,,66.50157273215245,65.74190296095675,64.68674779957026,64.84473026818645,65.02886490930496,65.04086507077713,65.03170946535684,65.00313645058938,64.74415322940663,64.80791900053319,64.957072942542,65.06448478915415,65.3429059713144,65.3592673871044,65.86398576891789,65.90706681449167,66.09599732457096,66.10248876013287,66.2712955373419,66.58579662356874,,,,,66.22262133262637,65.80327004454652,65.78581914836838,65.0619104561653,64.69534872197454,64.68243995132691,65.02115871713265,65.03020518127404,65.03203038390066,65.01325406179755,64.80777587995003,64.7769034279334,64.86486338878524,65.04976824538899,65.10056291079852,65.62730731039312,65.76116076293881,65.95971301712564,66.15803474399922,66.36065102530897,66.55259515986064,66.60972504432358,,64.84473026818645,64.957072942542,65.3429059713144,65.12944175082187,"rgba(38, 166, 154, 1.0)",1.0204184665350433,65.26184142095953,1.1839834525368038,47.05036307417371,2.986844492390013,False,True,False,True,False,9.14891921011387,0.0,0.0,0.0,0.0,0,0.9819164185687506,0.9354945418458487,False,False,False,False,0.23571149735250763,0.22243873340417353,False,False,False,False,-167161.0,-174170.2296830663,False,False,False,False,6154.296730062531,False,False,False,False
2025-08-07 14:00:00+00:00,66.695,67.055,66.67,66.935,1082.0,,,,,66.51592735499133,65.74515701022479,64.68941414088238,64.84677268026687,65.03049328470694,65.04242185325924,65.0331573031492,65.00452628701518,64.74544072034783,64.80893279023078,64.95794697091165,65.06525251687472,65.34346859019664,65.3598228955709,65.86432442674112,65.90738857343212,66.09624661123817,66.10273572323042,66.27148354420275,66.58588196853792,,,,,66.25865067027713,65.80652799085436,65.78909757238797,65.0655601439872,64.69788509711337,64.68494395757807,65.02281039804397,65.03181391939162,65.0335167942923,65.01465922319684,64.80913523398924,64.7780098840064,64.8658132194713,65.05055375445072,65.10128357747557,65.62774631937981,65.7615425954087,65.9600140024752,66.15826146652367,66.36080951524329,66.55269128838745,66.60980204755465,,64.84677268026687,64.95794697091165,65.34346859019664,65.13316673020107,"rgba(0, 255, 255, 0.75)",1.0313361621111543,65.26652156686359,1.617783312980148,51.80803992407721,2.986844492390013,False,True,True,False,True,12.627798377466707,0.0,0.0,0.0,0.0,0,0.9827982907855809,0.928673167524926,False,False,False,False,0.29869313489921806,0.2605659341516958,False,False,False,False,-166079.0,-174044.78426162343,False,False,False,False,6075.656470681716,False,False,False,False
2025-08-07 15:00:00+00:00,66.94,66.98,66.77,66.88,803.0,,,,,66.52563817186278,65.74753899842793,64.69137978920291,64.84827838750013,65.03169342915207,65.04356925828229,65.03422455803144,65.00555094759808,64.74639076663783,64.80968091126759,64.95859175379657,65.06581873760338,65.34388316549854,65.36023220338079,65.86457315772776,65.90762479129792,66.09642917696495,66.10291656821265,66.27162073128305,66.58594317078874,,,,,66.28257290913474,65.80891095021134,65.79149598716185,65.06824449296788,64.69975507800311,64.68679019287377,65.0240277274639,65.0329996067496,65.03461244134841,65.01569513024538,64.81013807159438,64.77882639335043,64.86651406871967,65.05113310865632,65.10181504666595,65.6280693431053,65.76182328559165,65.96023484148203,66.15842732739674,66.360924840297,66.55276045880653,66.60985710428186,,64.84827838750013,64.95859175379657,65.34388316549854,65.13577012520962,"rgba(0, 255, 255, 0.75)",1.039038125009913,65.26979112499,1.549711060885894,54.286684287760465,-3.2592822933753354,False,True,True,False,True,12.072608355024407,0.0,0.0,0.0,0.0,0,0.9807734563832121,0.9351790815205447,False,False,False,False,0.3007881226070472,0.2806770283793715,False,False,False,False,-166882.0,-173933.73334283856,False,False,False,False,5993.909858733163,False,False,False,False
2025-08-07 16:00:00+00:00,66.88,66.92,66.745,66.77,4964.0,,,,,66.56644536414325,65.7612092348993,64.7030939640042,64.85724034151252,65.03881784016133,65.05038017670279,65.04056300717804,65.01164121683674,64.75206640137633,64.81414861293062,64.96243333402938,65.06918580842986,65.34633255609884,65.36264932770446,65.86600948196318,65.90898471746287,66.09746200908238,66.10393888789447,66.27237645868189,66.58623647894883,,,,,66.38473251909188,65.82252697804827,65.80521667429811,65.08407346440087,64.71090103355988,64.69779787037908,65.0312549052824,65.04003838549721,65.04111873919308,65.02185063959911,64.81612158490182,64.78370387842546,64.87069602401718,65.05457919493298,65.1049733782442,65.62995875242032,65.76345434402978,65.96150100782847,66.15935831446102,66.36154690923142,66.55310172578466,66.61011415796351,,64.85724034151252,64.96243333402938,65.34633255609884,65.14890605541608,"rgba(38, 166, 154, 1.0)",1.0397840775501528,65.28623434451416,1.4269940149321743,54.539236165234016,-2.7797093538856714,False,True,True,False,True,10.961117926549313,0.0,0.0,0.0,0.0,0,0.973314140183811,0.943195659395415,False,False,False,False,0.29367549841865576,0.2871762633990136,False,False,False,False,-171846.0,-173901.36538403487,False,False,False,False,5977.942264024121,False,False,False,False
2025-08-07 17:00:00+00:00,66.725,66.83,66.205,66.38,1439.0,,,,,66.5626812114187,65.76384517210262,64.70592192891614,64.85937372775464,65.04047842578544,65.0519655277459,65.0420408863819,65.0130670084261,64.7534352235895,64.81522020528494,64.96333977896211,65.06996947093003,65.34687667837785,65.36318445771352,65.86627563083859,65.90922997899963,66.09761858894674,66.10409258563779,66.27245727020771,66.58619333866086,,,,,66.38934052846128,65.82507214529508,65.80780494486217,65.08771596616683,64.713590760649,64.7004577428954,65.03294105420888,65.0416788393338,65.04263545424269,65.02328968726947,64.81755505386397,64.78487710696375,64.8716931901339,65.05538283421545,65.10570479835175,65.63034807678547,65.7637731613858,65.96172084136604,66.15948728916719,66.36159094759836,66.55307062106249,66.61006305620218,,64.85937372775464,64.96333977896211,65.34687667837785,65.15061617619718,"rgba(38, 166, 154, 1.0)",1.043394982779286,65.2882967774731,1.0462990914705552,50.663303444537476,-2.7797093538856714,False,True,False,False,False,7.166527119643867,0.0,0.0,0.0,0.0,0,0.9601274165202107,0.9463971880492087,False,False,False,False,0.24179817375466714,0.2644872185768404,False,False,False,False,-173285.0,-173891.8093315692,False,False,False,False,5907.571066132274,False,False,False,False
2025-08-07 18:00:00+00:00,66.375,66.515,66.3,66.46,778.0,,,,,66.55978704529285,65.76516874749117,64.70740680500201,64.86049148628592,65.04134540242376,65.05279305485725,65.04281259540787,65.01381208219692,64.75415429941644,64.81578268237678,64.96381424951994,65.07037870221319,65.34715844448498,65.36346139125989,65.86640834308785,65.90935149655573,66.09769263489596,66.10416508621738,66.27249070529507,66.58616052986224,,,,,66.39033397789396,65.82634118831656,65.80909816484605,65.08961120583601,64.71500304063672,64.70185469022931,65.03382151683658,65.04253529837597,65.04342739756086,65.02404149426029,64.81830719429493,64.7854932077649,64.87221608451078,65.05580264090484,65.10608641822004,65.630546749087,65.76393405620644,65.96182874675326,66.15954655823708,66.3616046545896,66.55304417910797,66.61002613271985,,64.86049148628592,64.96381424951994,65.34715844448498,65.15141022210155,"rgba(38, 166, 154, 1.0)",1.0478729936446067,65.2892425199633,1.117270401219796,49.00045579222741,-2.7797093538856714,False,True,False,False,False,7.787556127762176,0.0,0.0,0.0,0.0,0,0.9586032722081912,0.955638519819918,False,False,False,False,0.2239919565120708,0.24423958754445557,False,False,False,False,-172507.0,-173870.33941945183,False,False,False,False,5828.042832548827,False,False,False,False
2025-08-07 19:00:00+00:00,66.44,66.495,66.255,66.285,2430.0,,,,,66.54655379765559,65.76877176787076,64.71181293413353,64.86379443556298,65.04389017105002,65.05522102175149,65.04507822096905,65.01600254566472,64.75628893171428,64.81744977811675,64.96521319730167,65.07157990994557,65.34797231292231,65.36426031791976,65.86676314268365,65.90967184776034,66.0978672188486,66.10433491116889,66.27254031128135,66.58600731526678,,,,,66.38670498967804,65.82974547253629,65.81258257209673,65.09514377957686,64.7191935080026,64.70600147440086,65.03640666050029,65.04504913582737,65.04575222204906,65.02625070430157,64.82053515187802,64.78732080326205,64.87376299805092,65.05703569085252,65.10720473409097,65.63110421956809,65.76437533570186,65.96210729737379,66.15967576988827,66.36159345107542,66.55291010456918,66.60986107807804,,64.86379443556298,64.96521319730167,65.34797231292231,65.15326247859215,"rgba(38, 166, 154, 0.5)",1.0502628928716113,65.29137995928622,0.9460679297133306,46.271343837499934,3.2712064279734747,False,True,False,True,False,6.129614512929969,0.0,0.0,0.0,0.0,0,0.9551092086488857,0.9590604763472718,False,False,False,False,0.21875813283195025,0.23149886018820293,False,False,False,False,-174937.0,-173886.87679279366,False,False,False,False,5775.359997935667,False,False,False,False
2025-08-08 14:00:00+00:00,65.75,65.885,65.71,65.81,2289.0,,,,,66.50569478392845,65.76896319280432,64.71456817523335,64.86575595740086,65.04528098353391,65.05653982623969,65.04631616977086,65.01721845290571,64.75760858303563,64.81845943989357,64.96601048775261,65.07222744841854,65.34832061973755,65.36459543091645,65.86671771591783,65.9095970870322,66.0976703831099,66.10413400186368,66.27223705868676,66.58553820134415,,,,,66.34568331035891,65.82957293431154,65.81251612268399,65.09806467188149,64.7218085693218,64.70859996795026,65.03782527885556,65.04642222356121,65.04702193000156,65.02747036335876,64.82188202103436,64.78843931162126,64.87468014715462,65.05770596239005,65.10779472092769,65.63122949096119,65.76440199355436,65.96199750610694,66.15944096051413,66.36123780399593,66.55245433283156,66.60938722936947,,64.86575595740086,64.96601048775261,65.34832061973755,65.15120435467936,#000000,1.0487655463305774,65.2884508465344,0.49729813807327733,41.11483265962234,-1.721249433460514,False,True,False,True,False,1.8660929656783658,0.0,0.0,0.0,0.0,0,0.9488605386544537,0.9671791516737537,False,False,False,False,0.12743139197627779,0.17946512608224036,False,False,False,False,-177226.0,-173938.64614484334,False,False,False,False,5721.307904944416,False,False,False,False
2025-08-08 15:00:00+00:00,65.81,65.835,65.645,65.695,54656.0,,,,,66.06299922533702,65.76359971919831,64.77209033401559,64.90662494731416,65.07381883871497,65.08359836517224,65.07183484015862,65.04244138264833,64.78591487389234,64.8401342129016,64.98290046206196,65.08576510926505,65.355101302894,65.37107006951376,65.86439501319775,65.90659566910722,66.09184937867136,66.09821854272623,66.26394924344632,66.57342169492644,,,,,65.95709592864534,65.81619283168722,65.80140975064955,65.15439200788603,64.77652082169183,64.76307257214168,65.06695293675136,65.07460545766425,65.0731652510475,65.0527194855448,64.8505454073335,64.81246601955418,64.89428577495212,65.07174649175627,65.12006611330044,65.63284562178681,65.76374072619528,65.95818728348728,66.15274218389713,66.35173258060647,66.54063871103537,66.59717709100349,,64.90662494731416,64.98290046206196,65.355101302894,65.14204511754883,#000000,1.0465662946072332,65.30140820166648,0.3760791842443471,37.034152044666286,-5.575423300673748,False,True,False,True,False,0.8809484244456876,0.0,0.0,0.0,0.0,0,0.9449050840061093,0.9694523238053673,False,False,False,False,0.11847686337857644,0.1489709947304084,False,False,False,False,-231882.0,-174836.9927162411,False,False,False,False,6479.985301766983,False,False,False,False
2025-08-08 16:00:00+00:00,65.7,65.82,65.69,65.705,44000.0,,,,,65.96124193295628,65.76134013749238,64.81443206003478,64.93729710746814,65.09554459970056,65.10426084980472,65.09141668914693,65.0618488544112,64.80783342791561,64.85709613142373,64.99619559133558,65.09648108311461,65.3605756178386,65.37630585221801,65.8627533854092,65.90442168860552,66.08745932265512,66.09375424112362,66.2576180593596,66.56406204767441,,,,,65.88378685869364,65.8089219109148,65.79556293130024,65.19377897484873,64.81697328643168,64.803409652492,65.08910680060646,65.09607944869452,65.0931921947957,65.07213296235777,64.87266362170358,64.83120060182694,64.9096670707536,65.08284956013969,65.12980611539906,65.63428920770497,65.76340203372469,65.95537815990717,66.14766116468745,66.34444289456225,66.53152063661712,66.5877363355913,,64.93729710746814,64.99619559133558,65.3605756178386,65.15351333028997,#000000,1.042914760753296,65.30944018962494,0.3792829723584978,34.45806830443215,-8.044551334515454,False,True,False,True,False,0.9651417146570509,0.0,0.0,0.0,0.0,0,0.9562252529696432,0.9692036955565327,False,False,False,False,0.120810947469254,0.1348909710998312,False,False,False,False,-187882.0,-175039.2408911831,False,False,False,False,7061.690956003153,False,False,False,False
2025-08-08 17:00:00+00:00,65.76,65.815,65.695,65.79,666.0,,,,,65.9603232141338,65.76134733800313,64.81506324950165,64.93775980860681,65.09587655434095,65.10457711783398,65.09171684551687,65.06214625531399,64.80816731334949,64.85735604930728,64.99640078261604,65.09664762152799,65.36066340258463,65.3763900689118,65.86273444929238,65.90439475386476,66.08739903543263,66.09369283755797,66.25752856466019,66.56392679413227,,,,,65.88319578632031,65.80886226694614,65.79552244510128,65.19436326855018,64.81757748979615,64.80401231703254,65.08944504701418,65.09640768521825,65.09349897553713,65.07243050726653,64.87300062770551,64.83148702744384,64.90990339506416,65.08302192086431,65.12995794106108,65.63431662258874,65.76340269231255,65.95534167002246,66.14759047086247,66.34433898184707,66.53138908723723,66.5875997446523,,64.93775980860681,64.99640078261604,65.36066340258463,65.15373853153537,#000000,1.0332503599347138,65.30963954076068,0.464902290737816,34.03731029207116,-8.65467710799129,False,True,False,True,False,1.687443753867278,0.0,0.0,0.0,0.0,0,0.9529372864543143,0.9704618097652371,False,False,False,False,0.120810947469254,0.1278509592845426,False,False,False,False,-187216.0,-175228.02785411046,False,False,False,False,6962.532956685274,False,False,False,False
2025-08-08 18:00:00+00:00,65.785,65.815,65.715,65.775,401.0,,,,,65.95977894895596,65.76135301951717,64.81544355148942,64.93803871267224,65.09607676280054,65.10476787684757,65.09189788757844,65.06232562332765,64.80836858370856,64.8575127614877,64.99652454322175,65.0967481040717,65.36071645656114,65.37644097490451,65.86272324915619,65.90437873766862,66.08736293586627,66.09365606582483,66.2574748783555,66.56384555001415,,,,,65.88284781820379,65.8088278515877,65.7954995277592,65.19471552137536,64.81794154944441,64.80437544664281,65.08964904386305,65.09660565323011,65.09368401109174,65.07260996655063,64.873203795408,64.83165970752928,64.91004590025352,65.08312591061873,65.13004955989973,65.63433333146784,65.76340329113786,65.9553199002098,66.14754810479381,66.34427661426845,66.53131007547958,66.5875176918012,,64.93803871267224,64.99652454322175,65.36071645656114,65.15387519900662,#000000,1.0179264694938477,65.3097612592118,0.4570455280719279,33.637234814533365,-9.428260908886315,False,True,False,True,False,1.5529535040919598,0.0,0.0,0.0,0.0,0,0.9534164918865212,0.9693122861242957,False,False,False,False,0.12236773006431033,0.12510934467442647,False,False,False,False,-187617.0,-175420.10494164363,False,False,False,False,6860.8037635583705,False,False,False,False
2025-08-08 19:00:00+00:00,65.775,65.865,65.72,65.865,7991.0,,,,,65.95212651561788,65.76223517030196,64.823340535344,64.94387910561362,65.10032681164074,65.10882176102096,65.09574188970876,65.06612451646811,64.81256297372909,64.86078959222947,64.9991364857953,65.09888789763575,65.36189584972733,65.37757743776426,65.8626146143357,65.90417346886578,66.08675398421533,66.09303363156484,66.25651295827761,66.56232815310759,,,,,65.87907995449761,65.80895829038471,65.79584919422469,65.20223000464173,64.82550473772562,64.81191517069323,65.09397651359572,65.10080863458069,65.09761295736001,65.0764140848981,64.87745089412464,64.83526447857643,64.91303523061508,65.08533733624485,65.1320076817541,65.63478522228326,65.7635318885992,65.95499899691592,66.14681317159692,66.34314064701775,66.5298384869842,66.58598226251085,,64.94387910561362,64.9991364857953,65.36189584972733,65.15714091358532,"rgba(38, 166, 154, 0.5)",1.0005609912924909,65.31305878064046,0.5516317587462163,34.892458113750166,-9.428260908886315,False,True,False,True,False,2.333192751647193,0.0,0.0,0.0,0.0,0,0.9523228739328082,0.9729460028828023,False,False,False,False,0.12665195028647663,0.12588064748045155,False,False,False,False,-179626.0,-175485.31261696698,False,False,False,False,6878.326185828782,False,False,False,False
2025-08-11 14:00:00+00:00,66.09,66.21,66.01,66.025,1532.0,,,,,65.95344099945244,65.76320885885796,64.82524041031203,64.94532721966851,65.10143520016908,65.10988267569458,65.09674337410159,65.06710406469664,64.81357429326145,64.86158871025168,64.9997970378832,65.09944759659807,65.36225261102925,65.37792573522547,65.86271362590807,65.90425306795967,66.08675179110864,66.09302873664667,66.25643984071232,66.56214108381317,,,,,65.88126728733087,65.80982551023303,65.79675152338189,65.20426236279829,64.82732583077046,64.81372570454042,65.09510234184631,65.10190502752398,65.09863712821613,65.07739844803474,64.87848927060044,64.83613835420212,64.91377349005074,65.0859128526431,65.13252661683285,65.63499745439324,65.76367907629806,65.95505517603554,66.14678544227044,66.34303276235187,66.52966162774389,66.58578975238085,,64.94532721966851,64.9997970378832,65.36225261102925,65.15831431906086,"rgba(38, 166, 154, 0.5)",0.9871237543009609,65.31457576098795,0.7196911592054113,38.22667434419395,-9.428260908886315,False,True,False,True,True,3.707080508157784,0.0,0.0,0.0,0.0,0,0.9487605135015489,0.9735502434705621,False,False,False,False,0.17649334573076833,0.15118699660560994,False,False,False,False,-178094.0,-175525.75738259542,False,False,False,False,6795.437407753918,False,False,False,False
2025-08-11 15:00:00+00:00,66.02,66.145,65.97,66.075,2073.0,,,,,65.95492945614366,65.76444167033246,64.82776470013549,64.94724933306794,65.10290304102367,65.11128754272698,65.09807011677592,65.06840262237162,64.81492043277363,64.8626521361505,65.00067444564498,65.10018981254312,65.36272250609787,65.37838421634424,65.8628362532233,65.90434954407115,66.08673813847358,66.09301144335392,66.2563306320561,66.56187853608698,,,,,65.88388893519674,65.81091168041115,65.79788547878081,65.2069403550297,64.82974572866918,64.81613208885092,65.09659342410434,65.10335700920736,65.09999379606312,65.07870309752512,64.8798701184559,64.83730149879773,64.91475531142021,65.08667622677369,65.13321435699889,65.63527253803205,65.76386655397181,65.95512011868216,66.14673740525785,66.34287669180283,66.52941275136966,66.58552002966219,,64.94724933306794,65.00067444564498,65.36272250609787,65.15984200985731,"rgba(38, 166, 154, 0.5)",0.9734382271006735,65.31652386939878,0.7791723290550228,41.191181986497455,-15.10152512368677,False,True,False,True,True,4.13432360751429,0.0,0.0,0.0,0.0,0,0.9495509479986688,0.9731677569575339,False,False,False,False,0.16819825492959106,0.15969262576760052,False,False,False,False,-176021.0,-175533.43556271022,False,False,False,False,6722.221323912772,False,False,False,False
2025-08-11 16:00:00+00:00,66.055,66.275,65.985,66.195,767.0,,,,,65.95591048178775,65.76502928841872,64.82876265378565,64.94801498558823,65.1034948457527,65.11185441862071,65.09860492037038,65.0689248056208,64.81545295258769,64.86307403345566,65.00102567035418,65.10048929872566,65.36291810549133,65.37857555348666,65.86290155942173,65.9044050266056,66.08675214066925,66.09302407900583,66.25630873616946,66.56179866404577,,,,,65.8853080197055,65.81145101324742,65.79844140004248,65.2080287379543,64.83070262082506,64.81708298522538,65.09719425728142,65.10394245578983,65.10054072862133,65.07922816374037,64.88041828321109,64.8377622643119,64.9151460608165,65.08698388766567,65.13349270168233,65.63539521258414,65.76395630358293,65.95516372548481,66.14673845485854,66.34283722368231,66.52933817483685,66.58543717374275,,64.94801498558823,65.00102567035418,65.36291810549133,65.16049519739123,"rgba(38, 166, 154, 0.5)",0.959319428430744,65.31738503175833,0.9148308084172364,44.90032257838717,-11.465258434941532,False,True,False,True,True,5.159319873319955,0.0,0.0,0.0,0.0,0,0.9570365358592687,0.9679747406405048,False,False,False,False,0.17965965410330656,0.16967613993545355,False,False,False,False,-175254.0,-175529.10322840462,False,False,False,False,6629.89231113893,False,False,False,False
2025-08-11 17:00:00+00:00,66.195,66.225,66.045,66.095,2454.0,,,,,65.95851344894518,65.76675248299983,64.83187332327424,64.95039725412899,65.10532976815313,65.11361177457015,65.10026372895702,65.0705459451669,64.81711570293373,64.86439064835237,65.00211870661722,65.10141903946392,65.36351949237627,65.37916336584519,65.8630886200232,65.90456085720653,66.08677621456499,66.09304380701113,66.25621867559097,66.56152464658928,,,,,65.88924880252742,65.8130140307004,65.80005830715592,65.2113840364233,64.83368557234918,64.82004809642626,65.09905746034357,65.10575768588185,65.10223697751843,65.0808577572798,64.88212764057006,64.83920069510198,64.91636430666632,65.08793934604716,65.13435602852437,65.63576453118993,65.76422097917954,65.95528183414746,66.14672138574437,66.34269125638234,66.5290808287714,66.58515397089911,,64.95039725412899,65.00211870661722,65.36351949237627,65.16247573996363,"rgba(38, 166, 154, 0.5)",0.9432375814894475,65.31995554444825,0.8216853004604558,45.90144992402364,-10.356259881348024,False,True,False,True,True,4.185397980273557,0.0,0.0,0.0,0.0,0,0.9620724686759223,0.966474771418896,False,False,False,False,0.18045178599488124,0.1750639629651674,False,False,False,False,-177708.0,-175562.88457370066,False,False,False,False,6565.149794687164,False,False,False,False
2025-08-11 18:00:00+00:00,66.095,66.125,65.935,65.99,17587.0,,,,,65.96439610331095,65.77511681833926,64.8519560566691,64.96568570717339,65.11695012697483,65.12473593984748,65.1107901475582,65.08087345467332,64.82796008178666,64.87296504404665,65.00916130037685,65.10735227989137,65.36720862591022,65.38275706058052,65.86388017081543,65.90513416565013,66.08643147286227,66.09266865000953,66.25507581285737,66.5591043846373,,,,,65.90284879510271,65.82011147264639,65.8075550920004,65.23203498861676,64.85295612729412,64.83922704935388,65.1108636804579,65.11725450078211,65.11299513938314,65.09122575163116,64.8932154459866,64.84857952654053,64.92426923745191,65.0940451846627,65.13984599662338,65.63782656395892,65.76555256964731,65.95559231577597,66.1460899121941,66.34115647497626,66.5267730978098,66.58267691400265,,64.96568570717339,65.00916130037685,65.36720862591022,65.17391091090668,"rgba(38, 166, 154, 0.5)",0.9280214252724427,65.33372126980987,0.7071805804456052,45.12146963306195,-10.356259881348024,False,True,False,True,True,3.1678347382213943,0.0,0.0,0.0,0.0,0,0.9668407903702017,0.9662729956847601,False,False,False,False,0.1638624118446086,0.169463187404888,False,False,False,False,-195295.0,-175868.80884387583,False,False,False,False,6736.031193219146,False,False,False,False
2025-08-11 19:00:00+00:00,65.99,66.015,65.735,65.88,23996.0,,,,,65.9537561051218,65.77955161943933,64.8751192703388,64.98316559968995,65.12994130622336,65.13716503490271,65.12260820967903,65.09255165463834,64.84073808179416,64.8830531947021,65.01730056862813,65.11409724660587,65.37110476766273,65.38652692518488,65.86396946123922,65.90493690666055,66.08503352047624,66.09123066747713,66.25262852457382,66.55499321909473,,,,,65.89952054903371,65.82267865227486,65.81067153249923,65.25382786230863,64.87521451541147,64.86142864150099,65.12407540095084,65.13011068318754,65.12506008641522,65.10292215262037,64.90615660837203,64.85963259746192,64.93351440797683,65.1010030752648,65.14604876698267,65.63957778286364,65.76634654050295,65.95505137060968,66.14431677004151,66.33819206092147,66.52280269017965,66.57850438841912,,64.98316559968995,65.01730056862813,65.37110476766273,65.18483069641744,"rgba(38, 166, 154, 0.5)",0.9132919863062334,65.34487177816007,0.5859333377096927,43.19997135193434,-10.356259881348024,False,True,False,True,False,2.108589847575143,0.0,0.0,0.0,0.0,0,0.9586776859504126,0.9655836069285632,False,False,False,False,0.139533051845985,0.1544981196254365,False,False,False,False,-219291.0,-176542.02110986225,False,False,False,False,7003.627608828151,False,False,False,False
2025-08-12 14:00:00+00:00,65.125,65.28,64.88,65.215,6988.0,,,,,65.92548370036596,65.77133175968956,64.8767534314735,64.98395374277106,65.12991682148446,65.13710675704917,65.12261890952325,65.09268973446946,64.84174316803025,64.88375930338182,65.01759403317622,65.11412501295295,65.37055788487456,65.38594690318014,65.86246973638814,65.90336623458911,66.08317392643299,66.08936106367737,66.25050876585114,66.55248890540695,,,,65.125,65.87187210098284,65.81357637786847,65.8017841822874,65.25257191340629,64.87678616802404,64.8630610745411,65.12408002298702,65.13008561103283,65.12505981123599,65.10301748275222,64.90699203222799,64.86046083907077,64.93405419306224,65.10106504398233,65.14599729140598,65.63848137554311,65.76501473925194,65.95339793178533,66.14236692477598,66.33594145289375,66.52032104993401,66.57600708346234,,64.98395374277106,65.01759403317622,65.37055788487456,65.18285412683575,#000000,0.9023499251323303,65.3381043687795,-0.13642641878807754,36.71996262862036,-7.18107682598032,False,True,False,True,False,0.0,0.0,0.0,0.0,0.0,0,0.9487777777777774,0.9682222222222221,False,False,False,False,0.016683701250517345,0.08559091043797692,False,False,False,False,-226279.0,-177313.13706164734,False,False,False,False,7003.3853203191875,False,False,False,False
2025-08-12 15:00:00+00:00,65.21,65.285,64.98,65.125,6889.0,,,,,65.89960126891165,65.7634891076607,64.87837568232462,64.98474943407585,65.12991722582923,65.13707335149223,65.12265131862964,65.09284560041104,64.84274444991802,64.88446573001282,65.01789517413616,65.11416476964419,65.37003205318386,65.3853885194942,65.86100718870838,65.90183390146917,66.08135724545942,66.0875345349827,66.24843607355896,66.55003725931734,,,,65.12748216473301,65.84665185422782,65.80489607891207,65.79330849310988,65.25140509739381,64.87834713790735,64.86468105105332,65.12410905440167,65.13008519898237,65.1250820151645,65.10313185336952,64.90782814674118,64.86128763894985,64.93459721679706,65.10113851885167,65.1459588164149,65.63741554551403,65.76371742377715,65.95178415222581,66.14046140264786,66.33374001574724,66.51789191362533,66.57356199846389,,64.98474943407585,65.01789517413616,65.37003205318386,65.18026805380582,#000000,0.887584519512489,65.33257480119774,-0.233864828232638,31.949271633575123,-11.535894902013688,False,True,False,True,False,0.0,0.0,0.0,0.0,0.0,0,0.9545252883762197,0.9660603371783496,False,False,False,False,0.02474065726554014,0.055165783851758535,False,False,False,False,-233168.0,-178179.10392890862,False,False,False,False,7001.611904500285,False,False,False,False
2025-08-12 16:00:00+00:00,65.12,65.36,65.02,65.26,7631.0,,,,,65.87572778813613,65.75613639229532,64.88073571947386,64.98612066936984,65.13036399537707,65.13746836667436,65.12309023903802,65.0934005913839,64.84416490196175,64.88550750916549,65.01847344084766,65.11443911210945,65.369653551704,65.38497373012164,65.85957782592065,65.90032609565965,66.0795285240441,66.08569475397667,66.24631947090575,66.54749018832287,,,,65.15794200607526,65.82366847223014,65.79669053323202,65.78531470918661,65.25100782889471,64.88061911385451,64.86700916844083,65.12459111731013,65.13052667911558,65.12551921089394,65.1036468570768,64.90909168766416,64.86247978557464,64.93545025838135,65.10145321699015,65.14613783475306,65.6364331621033,65.76247470966715,65.95018444888181,66.13853238369009,66.3314789993072,66.51537199836102,66.57101898863387,,64.98612066936984,65.01847344084766,65.369653551704,65.17938988166615,#000000,0.868654043244942,65.32926521742478,-0.07973855410379974,31.034853086801412,-12.353306264518878,False,True,False,True,False,0.0,0.0,0.0,0.0,0.0,0,0.9621886120996436,0.9631895017793595,False,False,False,False,0.0335686669316273,0.04436722539169292,False,False,False,False,-225537.0,-178913.33487574724,False,False,False,False,7011.369859469272,False,False,False,False
2025-08-12 17:00:00+00:00,65.25,65.275,65.135,65.23,25409.0,,,,,65.80696617232503,65.73301032998148,64.88835972408793,64.9905702159013,65.13181771479442,65.13875465373206,65.12452157376563,65.09521225108315,64.84881708929741,64.88892924912865,65.02037447391848,65.1153417507172,65.36840632779898,65.38360690416933,65.85486361094708,65.89535280316939,66.07349457206732,66.07962425188512,66.23933377709511,66.5390787150521,,,,65.18794047644423,65.7578687584417,65.7709369108906,65.76021644737563,65.24974279684479,64.88796688638884,64.87454187303724,65.12615936127334,65.13196351160511,65.12694422712354,65.10532750308295,64.91322459328403,64.86639173410492,64.93825338050243,65.10248846192134,65.14672711616981,65.6331946690774,65.75837698510242,65.94490750639349,66.13216677876966,66.32401581662994,66.50705114194683,66.56261962576303,,64.9905702159013,65.02037447391848,65.36840632779898,65.1745924763366,#000000,0.8529874263718605,65.31672748433054,-0.10167498564360924,30.216574144459898,-13.29214634064158,False,True,False,True,False,0.0,0.0,0.0,0.0,0.0,0,0.966481069042316,0.9580178173719376,False,False,False,False,0.03587243068470644,0.040119828038199676,False,False,False,False,-250946.0,-180030.12038154958,False,False,False,False,7296.604435291454,False,False,False,False
2025-08-12 18:00:00+00:00,65.235,65.3,65.15,65.23,14813.0,,,,,65.77385161329259,65.72073862074608,64.89282106214945,64.9932352209041,65.13277675616371,65.13961510964158,65.12545741653031,65.096359774868,64.85157276490249,64.89097194542744,65.02154112878215,65.11593098232309,65.36775009079724,65.38288168057012,65.85220337121609,65.89254258138445,66.07006944601825,66.07617795438145,66.23535702633697,66.53427256310336,,,,65.19723338193207,65.72645654522857,65.7572804631267,65.74690815927904,65.24929974639137,64.89227214207035,64.87895095232341,65.12718426965674,65.13291190751924,65.12787880283284,65.10640178297842,64.91568736276373,64.86871844763473,64.93993956123616,65.10315473851176,65.14713373268918,65.631388691287,65.75607393205155,65.94192130736741,66.12854926693716,66.31976238623196,66.502298610683,66.55781864235196,,64.9932352209041,65.02154112878215,65.36775009079724,65.17224259753525,#000000,0.8353067732302593,65.31049482225322,-0.0963655806859184,29.671054849565557,-14.11992401226238,False,True,False,True,False,0.0,0.0,0.0,0.0,0.0,0,0.9675433687744821,0.9602686066032458,False,False,False,False,0.03894471209336161,0.03953227006578064,False,False,False,False,-250946.0,-181129.591383386,False,False,False,False,7413.137699860578,False,False,False,False
2025-08-12 19:00:00+00:00,65.225,65.39,65.185,65.32,13723.0,,,,,65.74997530850645,65.71146280955148,64.89771536331564,64.99639266897783,65.13431316956613,65.1410413509923,65.1269123907511,65.09798005094434,64.85457099961609,64.89324172618348,65.02298374257315,65.11682101469532,65.36745362069735,65.38252127329787,65.85003896678228,65.8902380844047,66.06718852078623,66.07327726215891,66.23196045167295,66.53009368647123,,,,65.21562091633203,65.70422086056747,65.74685459489555,65.73677681881198,65.25015665227215,64.89699818078503,64.88375999588885,65.12878598179385,65.13443249857771,65.12934597758752,65.10796320854581,64.91845252024831,64.87127352240535,64.94187023757792,65.10412010899682,65.14784288300214,65.63002360309135,65.75424450486643,65.93945189825084,66.1254879085912,66.31610768364067,66.49817275767553,66.55363942732575,,64.99639266897783,65.02298374257315,65.36745362069735,65.1717240618907,#000000,0.8260895998776224,65.3072412191715,0.015444790529237461,31.099001922624616,-14.11992401226238,False,True,False,True,False,0.0,0.0,0.0,0.0,0.0,0,0.9623698062492997,0.9610258707582038,False,False,False,False,0.04855059518434265,0.04404143262506165,False,False,False,False,-237223.0,-181999.25663325598,False,False,False,False,7510.96502234336,False,False,False,False
2025-08-13 14:00:00+00:00,66.17,66.235,66.045,66.19,11698.0,,,,,65.76666797074193,65.71964349275315,64.91053609447644,65.00653891370298,65.14233739571473,65.14876190172932,65.1342475964534,65.10517064366203,64.86197759854406,64.89921425371281,65.02799821404489,65.12112830473878,65.37031644794398,65.38532411304851,65.8510569958755,65.89111598775486,66.06747235378263,66.07354150537856,66.23172851341427,66.5290204861362,,,,65.34193447770727,65.72340297937679,65.75463974980445,65.74470818524877,65.26346280804383,64.90937294916995,64.89608204930876,65.13692110837704,65.142380242015,65.13682882643354,65.1151857292257,64.92603330151259,64.87775727779818,64.94742320750208,65.10853925613758,65.1518601680073,65.63185721949046,65.75561085832105,65.9401600378458,66.12558560565108,66.31562285994028,66.4971780534054,66.5525197363413,,65.00653891370298,65.02799821404489,65.37031644794398,65.18556907868238,"rgba(38, 166, 154, 1.0)",0.8141996733646201,65.32441843097159,1.0631072418040346,41.95934382287805,-14.629412260871014,False,True,False,True,True,4.945696199064404,0.0,0.0,0.0,0.0,0,0.9662847069193472,0.9543851917144115,False,False,False,False,0.18124414198067548,0.11264278730286856,False,False,False,False,-225525.0,-182674.07435987215,False,False,False,False,7575.88029331478,False,False,False,False
2025-08-13 15:00:00+00:00,66.185,66.33,66.13,66.185,6709.0,,,,66.215,65.77697899419405,65.72480934357174,64.91811057729483,65.0125693811175,65.1471442486924,65.15339024794231,65.13864483944685,65.10947701246148,64.86637719262531,64.90277191189394,65.03100173592581,65.12372079593945,65.37207008022116,65.38704332539257,65.85174867105407,65.89172690393833,66.06774025588521,66.0737981189594,66.23169901149969,66.52850375577037,,,,65.40434015199942,65.73507246863957,65.75960133484554,65.7497483730188,65.27140629536538,64.91668781094633,64.90336397155137,65.14179248256623,65.14714184508382,65.1413140529587,65.1195127561113,64.93054337710932,64.88161465841895,64.95073760969836,65.1111971328963,65.15428266458812,65.63301932845715,65.75650367686394,65.94067295158715,66.12574600275848,66.31544768583953,66.49670746625908,66.55197463047674,,65.0125693811175,65.03100173592581,65.37207008022116,65.24072603750214,"rgba(38, 166, 154, 0.5)",0.801419365874664,65.38749851906363,0.9951113173637719,49.13798228489333,-8.33129312644516,False,False,False,False,True,4.8995214748454465,0.0,0.0,0.0,0.0,0,0.9678024037931409,0.9537986547579668,False,False,False,False,0.19554612160052928,0.15409445445169892,False,False,False,False,-232234.0,-183442.44530002915,False,False,False,False,7562.440288767264,False,False,False,False
2025-08-13 16:00:00+00:00,66.185,66.3,66.135,66.275,16077.0,,,,66.23028723777757,65.80099016645548,65.73728893536163,64.93620586137247,65.02703439614478,65.15871981552671,65.1645425348256,65.14924710352435,65.1198613715216,64.87697207675524,64.91135894209945,65.03826827919016,65.13000590240533,65.3763501414102,65.39124133596908,65.85349373304462,65.89327901933652,66.06847217266412,66.07450305745355,66.23171991697315,66.52735749204992,,,,65.52605816664695,65.76206943863231,65.77161218303578,65.76194023202609,65.29033735616831,64.93417456901054,64.92077386009285,65.15352078404146,65.15861006938262,65.15212565040012,65.12994685973497,64.94140381296687,64.89091703125759,64.95874484214022,65.11763863296551,65.16016075715524,65.63588834743035,65.75872955023861,65.94199077216452,66.1262207756087,66.3151203948522,66.49567238748202,66.55075904277892,,65.02703439614478,65.03826827919016,65.3763501414102,65.25858973187606,"rgba(38, 166, 154, 1.0)",0.7903168027111661,65.40936520161264,1.095301017791623,54.59901800852423,-3.6811223283810435,True,False,True,False,True,5.63537888766292,0.0,0.0,0.0,0.0,0,0.9812792511700463,0.9516380655226209,False,False,False,False,0.19355513403163208,0.1738247942416655,False,False,False,False,-216157.0,-183949.6476984783,False,False,False,False,7694.4489664607945,False,False,False,False
2025-08-13 17:00:00+00:00,66.235,66.33,66.185,66.19,7657.0,,,66.235,66.2314725881155,65.81152510036023,65.7430019908135,64.94463981842229,65.03379481783914,65.16413848973765,65.16976557626192,65.15421736956522,65.1247328839481,64.88195460640976,64.91540484795065,65.04169364393987,65.13296995337339,65.37836982559534,65.39322226157101,65.85431571300609,65.89400978192111,66.06881510570399,66.07483322931435,66.23172647808519,66.52681160818017,,,,65.57222011043646,65.77388953808456,65.77710275372368,65.76751510604244,65.29907960214038,64.94233068516402,64.92889652345434,65.159010282427,65.16397928144433,65.15719241571144,65.13484071744719,64.94650650019463,64.89529729084407,64.96251856944957,65.12067614729096,65.16293363260915,65.63724144640528,65.75977875741684,65.94261076804632,66.12644207925389,66.31496217874107,66.49517914777239,66.55018032863654,,65.03379481783914,65.04169364393987,65.37836982559534,65.31710035586154,"rgba(38, 166, 154, 0.5)",0.7674543564200702,65.47212384048524,0.9353991589329461,57.02362997871143,-1.6867194940990942,True,False,True,False,True,4.82781430180243,0.0,0.0,0.0,0.0,0,0.9855704697986573,0.9426174496644296,False,False,False,False,0.19993171175813532,0.1868782529999004,False,False,False,False,-223814.0,-184567.6996721453,False,False,False,False,7693.868362329619,False,False,False,False
2025-08-13 18:00:00+00:00,66.19,66.245,66.11,66.17,6286.0,,,66.20794986731694,66.22180756350568,65.81862665108439,65.74703487042402,64.95116405945964,65.03901406546404,65.16829935614355,65.17377609910247,65.1580391751615,65.12848603214647,64.88583758108953,64.91855770166279,65.04435041284425,65.13525958893858,65.37990515662928,65.39472613992041,65.85488193334938,65.89450221794985,66.06899431782841,66.07500210995192,66.2316334783775,66.52627315651205,,,,65.60280676192012,65.78195413585459,65.78093590073675,65.77141960074755,65.30568409741548,64.94864312111189,64.93518724098229,65.16322640815642,65.16810255264052,65.16108707178458,65.13860868945505,64.9504718793064,64.8987118781987,64.9654546697208,65.12302386729031,65.16507254382489,65.63823666932034,65.76052833775985,65.94301374989173,66.12652304357609,66.3147356462181,66.49468255810928,66.5496166765293,,65.03901406546404,65.04435041284425,65.37990515662928,65.32101729443485,"rgba(38, 166, 154, 0.5)",0.7405385610211799,65.47662562615359,0.9363109638615824,58.340473744206264,-0.4284799732206892,True,False,True,False,True,4.636323538094135,0.0,0.0,0.0,0.0,0,0.9831857415087989,0.9431678062997422,False,False,False,False,0.18719406523450843,0.18703615911720442,False,False,False,False,-230100.0,-185273.62680901127,False,False,False,False,7672.040945859392,False,False,False,False
2025-08-13 19:00:00+00:00,66.175,66.23,66.065,66.165,18334.0,,,66.17692655244706,66.19900810586661,65.83667166078057,65.75780434899946,64.96947374046675,65.05368243527849,65.17998475021234,65.1850434517106,65.1687902747656,65.13905748988915,64.89684265361366,64.9275069110324,65.05188145077383,65.14174255625268,65.3842284399853,65.39895866319955,65.85641102482347,65.89581848420086,66.06940744470322,66.07538541413945,66.23126085552977,66.52461576993383,,,,65.6737797614862,65.80252584732705,65.79111336944683,65.78180278832276,65.32392417456364,64.96637153938586,64.95286309173783,65.17506675185265,65.17968411670203,65.17203887486187,65.14921768831617,64.96169053436478,64.90840040937798,64.97378561253291,65.12967217850758,65.17112691971576,65.64100212499501,65.76258573330402,65.94407212849788,66.12665279467542,66.31397730067444,66.49314537273786,66.54788781224069,,65.05368243527849,65.05188145077383,65.3842284399853,65.33317085291233,"rgba(38, 166, 154, 0.5)",0.7132591230230009,65.49049727416293,0.9456629492215013,59.135678705953964,0.6004559244948098,True,False,True,False,True,4.587620837018029,0.0,0.0,0.0,0.0,0,0.9816287666629321,0.94197378738658,False,False,False,False,0.1824330985218789,0.18473462881954167,False,False,False,False,-248434.0,-186252.8574011196,False,False,False,False,7837.342636621262,False,False,False,False
2025-08-14 14:00:00+00:00,65.995,66.075,65.875,65.885,4106.0,,,66.15075250345858,66.18138135397477,65.83796402293808,65.7589090290653,64.97278991206576,65.05630235484344,65.18201183386768,65.18699610539117,65.17066351239225,65.14091503502776,64.89887684087833,64.92915577736935,65.05323770405407,65.14288646704209,65.38492956921607,65.39964010271844,65.85651255688646,65.89587443374465,66.06927111614631,66.07524268136716,66.2309560885018,66.52403946155083,,,,65.68139068480043,65.80427165401328,65.79204951991791,65.78279043951112,65.32690288939246,64.96958627445805,64.95607679102942,65.17712328364631,65.18169362521122,65.1739448328557,65.15107663313054,64.96374014297706,64.91019005705951,64.97530867354345,65.13084872874177,65.17218723207357,65.64136720526218,65.76279945675499,65.9440731730298,66.12645612251758,66.31358945227254,66.49259310838227,66.54729933565534,,65.05630235484344,65.05323770405407,65.38492956921607,65.33350220437102,"rgba(38, 166, 154, 0.5)",0.6792077923759363,65.49049469886238,0.5808315298586441,55.53601373230029,0.6004559244948098,True,False,True,False,False,1.9002263903056367,0.0,0.0,0.0,0.0,0,0.9762064343163532,0.9434763181411974,False,False,False,False,0.1552088447185584,0.16997173676905003,False,False,False,False,-252540.0,-187280.56503831156,False,False,False,False,7779.492363185273,False,False,False,False
2025-08-14 15:00:00+00:00,65.89,65.89,65.26,65.395,15662.0,,,65.9594343036475,66.04190887911872,65.82390685082515,65.75353958289996,64.97973054011307,65.06138825764549,65.18534372802542,65.1901796284235,65.17380435050592,65.14417514628228,64.90340432699435,64.93275482962981,65.05589702085757,65.14489689447326,65.38554694935995,65.40018664338659,65.85502605997715,65.89422883379638,66.06696394690185,66.07291303782193,66.22806034178507,66.52022698521135,,,,65.66530241014433,65.79135483962936,65.78576650651979,65.77674813338945,65.33028214813643,64.97633580750455,64.96289830830746,65.18053102378113,65.18499878858562,65.17712275237726,65.15429072143243,64.96808850847084,64.91414693872038,64.97851779231618,65.13295165868885,65.17396955139168,65.64079097565092,65.76169693945558,65.94223860993694,66.12394131635826,66.31040029176474,66.48885052196202,66.5434700953101,,65.06138825764549,65.05589702085757,65.38554694935995,65.32069749244441,#000000,0.6426204657976853,65.47216043324386,-0.12007154666025466,48.51905945632153,7.204920413460371,False,False,False,True,False,0.0,0.0,0.0,0.0,0.0,0,0.9627171147250797,0.9488881513441753,False,False,False,False,0.09288092098825053,0.13142632887865027,False,False,False,False,-268202.0,-188535.16092919046,False,False,False,False,7901.701783911082,False,False,False,False
2025-08-14 16:00:00+00:00,65.395,65.53,65.24,65.415,8151.0,,,65.88300557069131,65.97836552907056,65.81440643575209,65.74947837673459,64.98247869517508,65.06330228306517,65.18642984906408,65.19120901296515,65.17484942202135,65.14530762778271,64.90527717964117,64.93422800939956,65.05691034215008,65.14559814997389,65.38557024304781,65.40017388639748,65.85398632953907,65.89310880204842,66.06551141040764,66.07144913548822,66.22631049058188,66.51801872789292,,,,65.6523523361135,65.7823532255413,65.78120828068108,65.7723173743389,65.33088164288267,64.97901490861703,64.9656255817231,65.18165088119954,65.18607698842426,65.17817421264601,65.15539203953624,64.9698338964444,64.91577861501165,64.97980266053821,65.1336961027875,65.17456599691964,65.6402090582096,65.76084980652206,65.94102360963606,66.1223843943056,66.30850172509196,66.48667546352863,66.54125724139634,,65.06330228306517,65.05691034215008,65.38557024304781,65.31435991898088,#000000,0.6062850844302353,65.46296736778106,-0.07911685280223123,44.12471755084623,3.08284602894598,False,False,False,True,False,0.0,0.0,0.0,0.0,0.0,0,0.9608018815096869,0.9717773546869749,False,False,False,False,0.06355433482390627,0.09749033185127827,False,False,False,False,-260051.0,-189643.9336279627,False,False,False,False,7905.566872532616,False,False,False,False
2025-08-14 17:00:00+00:00,65.415,65.635,65.29,65.465,5981.0,,,65.84507608383578,65.94373981318076,65.80879158677993,65.74711967876911,64.98480241707648,65.0649793040478,65.18747845892857,65.19220886587233,65.17584609094287,65.14635777270463,64.90683287298911,64.93546246072994,65.05779955454317,65.14625051821601,65.38571059489622,65.40028767006386,65.85333952548235,65.89240245060255,66.06455777883748,66.07048708092047,66.22513632257703,66.51650213005621,,,,65.64593306986762,65.77712397889363,65.77851056453278,65.76970811566376,65.33177585333716,64.9812784201387,64.96792000378193,65.18272600917923,65.18711760031411,65.17918043967428,65.15642241425928,64.97130995227371,64.91713859350493,64.98089477223355,65.13438182066709,65.17513664790623,65.63990231654785,65.76034632604193,65.9402466436492,66.12135311533312,66.30721744270998,66.4851845120502,66.53973539618018,,65.0649793040478,65.05779955454317,65.38571059489622,65.31139361685113,#000000,0.6016752289068045,65.45838936564289,0.010987047562399049,41.95475235745124,0.9458034291814812,False,True,False,True,False,0.0,0.0,0.0,0.0,0.0,0,0.9837267934907168,0.9579417831767131,False,False,False,False,0.07550047359557878,0.08649540272342852,False,False,False,False,-254070.0,-190642.78737016482,False,False,False,False,7875.728626446839,False,False,False,False
2025-08-14 18:00:00+00:00,65.465,65.485,65.25,65.29,17951.0,,,65.73765997448334,65.84265094686695,65.78739588808543,65.73733091694855,64.98990434715898,65.06841740508645,65.18921123824634,65.19383905933974,65.17754786733288,65.1482744143821,64.91044086589594,64.9382870844183,65.05965144220286,65.1474473545344,65.38547329404899,65.39997241084686,65.8508094353089,65.8896991127107,66.061138109732,66.06704285558587,66.2210744727107,66.51145355179607,,,,65.61778844716976,65.75670543030512,65.76765987176775,65.75912748269215,65.3319722875282,64.98626367813013,64.97302062790703,65.18452613734756,65.1888391661868,65.18088324431447,65.15826423433157,64.9746050623392,64.92027982777292,64.98332393421077,65.13566796157427,65.17611853518478,65.63835804275712,65.7582305578366,65.9373387554726,66.1177084550724,66.30283384134671,66.4802059317848,66.5346801469196,,65.06841740508645,65.05965144220286,65.38547329404899,65.3008358202415,#000000,0.5973317698249592,65.4424759320776,-0.2552617151474699,38.98030362790813,-2.06977201035302,False,True,False,True,False,0.0,0.0,0.0,0.0,0.0,0,0.9741727199354312,0.9498443445174679,False,False,False,False,0.054596384241180664,0.0705458934823046,False,False,False,False,-272021.0,-191904.46508535606,False,False,False,False,8031.934384176346,False,False,False,False
2025-08-14 19:00:00+00:00,65.295,65.555,65.195,65.41,56651.0,,,65.59641645179087,65.6847200603226,65.73678670394075,65.7125048384584,65.0070326945411,65.08042650320725,65.19597431480761,65.200255746193,65.18410831043015,65.1554355854831,64.9225928825364,64.9479154690169,65.06624828171506,65.15198337919453,65.38549324602435,65.39975035426818,65.84367779666712,65.88202556950957,66.05121705041512,66.05704493032223,66.20914081927357,66.49640373984002,,,,65.56556489547269,65.7090061602546,65.73996545197923,65.73217474046088,65.33519814870341,65.00301218992041,64.99010034827377,65.19150185467429,65.19555744220412,65.1874711410516,65.16521294728972,64.98585900382255,64.93092209955425,64.99171631566448,65.14048843376632,65.17996474133258,65.63431123581348,65.75239789063608,65.92902380228921,66.10708078136652,66.28989273714878,66.465384526955,66.51959388012403,,65.08042650320725,65.06624828171506,65.38549324602435,65.28622863937558,#000000,0.597116924580602,65.41678087404507,-0.01135602386390221,38.915382543634415,-2.5125190550634002,False,True,False,True,False,0.0,0.0,0.0,0.0,0.0,0,0.9699630314232894,0.9497458410351199,False,False,False,False,0.04454676049493744,0.05754632698862102,False,False,False,False,-215370.0,-192268.27182821874,False,False,False,False,8785.71834721237,False,False,False,False
2025-08-15 14:00:00+00:00,65.02,65.13,64.975,65.11,3556.0,,,65.58348812369371,65.67167551255277,65.73155548060087,65.70966957473087,65.00720736714538,65.08040580342883,65.19570763229615,65.19998770984846,65.18388732325343,65.15527792935094,64.92283127680834,64.94808205029396,65.06625513411012,65.15188789694119,65.38516424428609,65.39940702678227,65.84293392706952,65.88125036574849,66.05031345373573,66.05613686409218,66.2081205822861,66.4952081419869,,,,65.55865771693304,65.7038906419285,65.73693000394259,65.72918807597658,65.33422610724787,65.00319197893218,64.99031120757279,65.19124283409131,65.19529390646271,65.18723889728578,65.1650346454695,64.98600585548189,64.93112340348911,64.99182059990406,65.1404055680556,65.17984070230005,65.63374395987339,65.75172779649701,65.92821196078714,66.10613678975956,66.28881355743604,66.46419980973677,66.5184005032791,,65.08040580342883,65.06625513411012,65.38516424428609,65.28408444235271,"rgba(239, 83, 80, 0.5)",0.6033882783195148,65.4136022627828,-0.5031623478473266,36.355885890713125,-5.400758593424115,False,True,False,True,False,0.0,0.0,0.0,0.0,0.0,0,0.955277075189698,0.9545872614394114,False,False,False,False,-0.01219222131721812,0.02267705283570145,False,False,False,False,-218926.0,-192681.56993940915,False,False,False,False,8704.637442604428,False,False,False,False
2025-08-15 15:00:00+00:00,65.105,65.11,64.73,64.79,8494.0,,,65.5442040777601,65.63322318708538,65.71579098633217,65.70095840371518,65.00637009640688,65.07926226646579,65.19408105837523,65.19838587736012,65.18245181142537,65.15403103650611,64.92265560646814,64.9478531613113,65.06568414869444,65.15110857362757,65.38389407476727,65.39810363116933,65.8407151043348,65.8789601106567,66.04773309621928,66.05354628358988,66.20527411161336,66.49197030427776,,,,65.53661212511004,65.68832937645153,65.7276969021144,65.72007849296527,65.33022996725501,65.00240545118915,64.98961376655313,65.18962702610199,65.19368313886302,65.18575823373375,65.16372771038735,64.98556070444326,64.9309379899091,64.99146293479309,65.13964921168647,65.17901353451376,65.63192507042457,65.74967507948669,65.92583891138354,66.10346515068292,66.28583175912816,66.46098294926006,66.51517475873604,,65.07926226646579,65.06568414869444,65.38389407476727,65.27694113817155,"rgba(239, 83, 80, 0.5)",0.6180762438746654,65.40341268097798,-0.9924547125974993,32.67817525795476,-9.250827830222384,False,True,False,True,False,0.0,0.0,0.0,0.0,0.0,0,0.9490942444393482,0.9566613162118779,False,False,False,False,-0.04347631977661521,-0.01039963347045688,False,False,False,False,-227420.0,-193220.15025042606,False,False,False,False,8701.371745819863,False,False,False,False
2025-08-15 16:00:00+00:00,64.79,64.82,64.61,64.63,4265.0,,,65.52092249438763,65.61078009413681,65.70634945850291,65.6956602420981,65.0053437885828,65.07815893573537,65.19278541178858,65.19711605610026,65.18129132809322,65.15298314094225,64.9222055586334,64.94743350645027,65.0651118498614,65.15044916159451,65.38302068185946,65.39721404086703,65.83938601032003,65.87759681265509,66.04623220438373,66.05204047951267,66.203645689735,66.49015874619872,,,,65.52303685714391,65.67895662342391,65.72211667179864,65.71456344255822,65.32742006720372,65.00142298443524,64.9886830953959,65.18833317047996,65.19239939664504,65.18456632672583,65.16264453067534,64.9849509307766,64.9305210942723,64.99098832418461,65.13899785992402,65.17833996099218,65.63078613313024,65.74842446652013,65.92443633858572,66.10192095950418,66.28413805223,66.45917949310072,66.51337256020715,,65.07815893573537,65.0651118498614,65.38302068185946,65.27242580827945,"rgba(239, 83, 80, 1.0)",0.6376978089145867,65.39710709648834,-1.2029319934374934,29.413940340941625,-12.621788638592662,False,True,False,True,False,0.0,0.0,0.0,0.0,0.0,0,0.9399676749018696,0.9695220503347957,False,False,False,False,-0.0783681401567464,-0.04438388681360164,False,False,False,False,-231685.0,-193816.50451010937,False,False,False,False,8632.590788520329,False,False,False,False
2025-08-15 17:00:00+00:00,64.62,64.66,64.54,64.63,4685.0,,,65.49454285372843,65.58537628116561,65.69541092292437,65.68946637343225,65.00395458127451,65.07671812970372,65.19115534061538,65.19552001827377,65.17982619066255,65.15164909439659,64.9215528950541,64.94683900287046,65.06435822958179,65.1496075841773,65.38195844909096,65.39613424691791,65.83783268859636,65.87600667691825,66.04449456544616,66.05029754535306,66.20177072770358,66.48808856369972,,,,65.50729403126793,65.66808097566908,65.71560668665794,65.7081259200377,65.32399565739802,65.00008963218633,64.98740949601762,65.18670351718394,65.1907840675762,65.18306299415907,65.16126959884672,64.98411254433996,64.92992131893155,64.9903377635147,65.13816361578341,65.17748713504089,65.62943685910857,65.74695513392686,65.92280409782983,66.10013689845222,66.28219259444828,66.45711715648136,66.51131406355748,,65.07671812970372,65.06435822958179,65.38195844909096,65.26713872497496,"rgba(239, 83, 80, 1.0)",0.6496590027228036,65.38976786092978,-1.1694871582561013,27.23778372959953,-14.967205000087745,False,True,False,True,False,0.0,0.0,0.0,0.0,0.0,0,0.9395731848758985,0.9725121781489211,False,False,False,False,-0.09801985467619165,-0.07120187074489664,False,False,False,False,-231685.0,-194403.61296731696,False,False,False,False,8571.387830558773,False,False,False,False
2025-08-15 18:00:00+00:00,64.635,64.72,64.565,64.68,11009.0,,,65.44105229143997,65.53300473648507,65.67157736447916,65.6757815515995,65.00109680643699,65.0736902174114,65.18765442445431,65.19208915130038,65.17668231671924,65.14879825687453,64.92024990153664,64.94563575917866,65.06277154854938,65.14780435039386,65.37961866182835,65.39375310296086,65.83433124423063,65.87241802724321,66.04055546485517,66.0463459094548,66.1975062493546,66.48335799205286,,,,65.4741066407286,65.6444263117374,65.7012157462562,65.69389806893771,65.31657521640933,64.99734928070218,64.98480304327451,65.18320600906495,65.18731472767726,65.17983615796315,65.15832704894936,64.98239235355764,64.92871774376773,64.98899760009208,65.13637973703477,65.17565128402359,65.62641961434855,65.74365338689518,65.91911542897093,66.09608748129217,66.27776137272885,66.45240667704861,66.50660847666686,,65.0736902174114,65.06277154854938,65.37961866182835,65.25597924507768,"rgba(239, 83, 80, 1.0)",0.6588796592735064,65.37419681625268,-1.0536018322649474,26.729639261757598,-15.84466171205591,False,True,False,True,False,0.0,0.0,0.0,0.0,0.0,0,0.9424083769633501,0.9678883071553226,False,False,False,False,-0.09074927139219253,-0.08097557106854458,False,False,False,False,-220676.0,-194810.93679728106,False,False,False,False,8609.180267294296,False,False,False,False
2025-08-15 19:00:00+00:00,64.68,64.79,64.65,64.735,17351.0,,,65.37570944589659,65.46716141051229,65.63859261394028,65.65636293188756,64.99757855057821,65.06978854781327,65.18294163709746,65.18746272689577,65.1724577873535,65.14499857468665,64.91875713055715,64.94421130055929,65.0607206658653,65.14538878375963,65.37631470544208,65.39038381877386,65.82917966604681,65.86712743576804,66.03470365915342,66.04047413933301,66.19113549710794,66.4762351832223,,,,65.43079178274837,65.61179224865192,65.68077636527455,65.67369750899802,65.30641117490333,64.99398280476713,64.98163155487859,65.17850439114721,65.1826442457077,65.17549745255121,65.1543935939503,64.98028934275557,64.9273217483079,64.98734516276822,65.13399977071201,65.17316940461352,65.62204191218099,65.73882193872922,65.91366471332073,66.09005894925004,66.27112538049288,66.44531958843245,66.49951891127868,,65.06978854781327,65.0607206658653,65.37631470544208,65.24135027489679,"rgba(239, 83, 80, 0.5)",0.6677413387640914,65.35358710058254,-0.9263873069884737,27.465818295392086,-15.84466171205591,False,True,False,True,False,0.0,0.0,0.0,0.0,0.0,0,0.9462227912932133,0.9613549062972875,False,False,False,False,-0.0775151952827841,-0.07924538317566435,False,False,False,False,-203325.0,-194942.93777716818,False,False,False,False,8744.712356173453,False,False,False,False
2025-08-18 14:00:00+00:00,64.71,64.725,64.405,64.45,5038.0,,,65.35379355661782,65.4454228011176,65.6274549390583,65.649703071904,64.99584260772812,65.06802968097287,65.18100629385475,65.18556776894549,65.17070877385754,65.14339305995424,64.91788865166905,64.9434300377845,65.05978078762983,65.14436410195052,65.3750713862059,65.38912215922413,65.82742574689665,65.8653352242042,66.0327584521347,66.03852341089546,66.18904717416083,66.47394481329835,,,,65.41586299437806,65.60072308095187,65.6738025498512,65.6667955414089,65.30254054859165,64.99231156874592,64.98002463656252,65.17656811315459,65.1807256893305,65.17370532439463,65.15274345830753,64.97921573610778,64.92652614570108,64.98650942885533,65.13298127407278,65.17213723715562,65.6204994880481,65.73715490219631,65.91182884513931,66.0880655516718,66.26896337436887,66.44303669156723,66.49724206321021,,65.06802968097287,65.05978078762983,65.3750713862059,65.23615146523802,"rgba(239, 83, 80, 1.0)",0.6842156487928477,65.34640404479119,-1.3101191800753114,26.008523835442254,-17.452707483703406,False,True,False,True,False,0.0,0.0,0.0,0.0,0.0,0,0.9432385374347063,0.9613464886825304,False,False,False,False,-0.1094334697310153,-0.09433942645333981,False,False,False,False,-208363.0,-195151.00075736712,False,False,False,False,8687.243947550609,False,False,False,False
2025-08-18 15:00:00+00:00,64.45,64.51,64.2,64.33,5499.0,,,65.32619588291573,65.41838437855203,65.61360336449899,65.64137201874703,64.9932410120746,65.06548880968988,65.17832931517187,65.182950121261,65.16827996070793,65.1411414233714,64.91651095141289,64.94221375128951,65.05841357026938,65.14292473082646,65.37343140038301,65.38746271817973,65.82525254730461,65.86312217842678,66.03038789963374,66.03614709107175,66.18652756870009,66.47122047885303,,,64.34666666666668,65.39693426117601,65.58691387270775,65.6651067544279,65.65818170437814,65.29738934954116,64.98980110283027,64.97759232242616,65.17388601628548,65.17807155012311,65.17121943600397,65.15043720754218,64.9775858781994,64.92527204167436,64.98524495518603,65.1315445931722,65.17070124922775,65.61854464500085,65.73507075540913,65.90957084712964,66.08564538216086,66.26636647511008,66.44031762581777,66.4945364046692,,65.06548880968988,65.05841357026938,65.37343140038301,65.20562221609543,"rgba(239, 83, 80, 1.0)",0.700365895362095,65.29588910071548,-1.3791206954989057,24.364876360168836,-19.46692364758436,False,True,False,True,False,0.0,0.0,0.0,0.0,0.0,0,0.9375868457619264,0.9675775822139876,True,False,False,False,-0.16208290693499375,-0.12821116669416677,False,False,False,False,-213862.0,-195441.0937688808,False,False,False,False,8637.813808828894,True,False,False,False
2025-08-18 16:00:00+00:00,64.33,64.505,64.265,64.46,6469.0,,,65.29758369741,65.39001396070994,65.5984827955632,65.63217955760301,64.99050425517821,65.06278390688603,65.17544018750405,65.18012319770145,65.16565982090887,65.13871870773578,64.91507790049029,64.94094073721304,65.05695440114667,65.14137224909223,65.3716274013761,65.38563568928485,65.82281331355361,65.86063538852291,66.0277122879643,66.03346460447975,66.18367405176228,66.46811977549295,,,64.38089989973261,65.37679916131053,65.57186305558302,65.65550626727334,65.64867367185256,65.29179910479816,64.9871610594898,64.97503960498834,65.17099279325801,65.17520698125496,65.16853726681009,65.14795343113104,64.97587063340238,64.92396437441717,64.9839107141534,65.12999703097832,65.16914768612385,65.61636677346993,65.73273843405461,65.90703017749836,66.08291027967235,66.26342095372368,66.43722443272763,66.49145577897004,,65.06278390688603,65.05695440114667,65.3716274013761,65.19987341171972,"rgba(239, 83, 80, 1.0)",0.7166770353317682,65.28792611856036,-1.1552290330847588,25.799261649043846,-19.46692364758436,False,True,False,True,False,0.0,0.0,0.0,0.0,0.0,0,0.9352184494147636,0.9731139181828715,False,False,False,False,-0.15662766989065174,-0.14241941829240926,False,False,False,False,-207393.0,-195626.3946406811,False,False,False,False,8604.188788536972,False,False,False,False
2025-08-18 17:00:00+00:00,64.465,64.495,64.35,64.4,1353.0,,,65.29185637272298,65.38431017709826,65.59538132463534,65.63028206428123,64.98994000547351,65.06222530484742,65.1748425971047,65.17953837727721,65.1651177139878,65.13821748517014,64.91478215769295,64.94067775440475,65.05665239623819,65.14105059087422,65.37125290388741,65.3852563809664,65.82230600911411,65.86011813797228,66.02715552329165,66.03290640198614,66.1830800727795,66.4674740111167,,,64.3843634111553,65.37271256823738,65.5687770412767,65.65352484075481,65.64671129498544,65.29064537127537,64.98661668525472,64.9745133002344,65.17039439852996,65.17461444974309,65.16798235783645,65.14743955706471,64.97551635598954,64.92369436541519,64.98363486249339,65.1296764372338,65.16882569318331,65.61591414468961,65.73225350374753,65.90650165242887,66.08234106434945,66.2628077343183,66.43658027134919,66.49081415797694,,65.06222530484742,65.05665239623819,65.37125290388741,65.1985599831218,"rgba(239, 83, 80, 1.0)",0.7385304802573998,65.286125802144,-1.1998500073215024,26.30101132790954,-19.46692364758436,False,True,False,True,False,0.0,0.0,0.0,0.0,0.0,0,0.9402845812922783,0.973058082575227,False,False,False,False,-0.1521346149365026,-0.1472770166144559,False,False,False,False,-208746.0,-195829.7993749341,False,False,False,False,8491.767256931747,False,False,False,False
2025-08-18 18:00:00+00:00,64.4,64.46,64.28,64.405,4048.0,,,65.2745215467083,65.36706347486385,65.58593912395068,65.62448542715796,64.98816093884912,65.06047400062425,65.17298209189602,65.17771794338503,65.16342859980888,65.13665310366386,64.913840543982,64.93984271983429,65.05570368013151,65.14004582585916,65.3700952090988,65.38408438112926,65.82075450259605,65.85853715457209,66.02545765468521,66.03120426897847,66.18127188626764,66.46551305350599,,,64.3837349108565,65.36027236577846,65.55937769966873,65.64747575245237,65.6407193374747,65.28708089738957,64.98489954024119,64.97285109652587,65.16853097036957,65.17276962415556,65.16625373254021,65.14583663284674,64.97439619605636,64.92283541859142,64.98276285910356,65.12867431992323,65.16782144578922,65.61452444092492,65.73076812422269,65.9048873179922,66.08060636359069,66.26094243630311,66.43462373507568,66.48886608947493,,65.06047400062425,65.05570368013151,65.3700952090988,65.19409203879349,"rgba(239, 83, 80, 1.0)",0.7593234720026019,65.2800701690923,-1.15243397755693,26.743080675753383,-19.46692364758436,False,True,False,True,False,0.0,0.0,0.0,0.0,0.0,0,0.9315004659832241,0.9743709226467846,False,False,False,False,-0.1617191144997939,-0.15449806555712492,False,False,False,False,-204698.0,-195967.29085749327,False,False,False,False,8422.871640545209,False,False,False,False
2025-08-18 19:00:00+00:00,64.405,64.57,64.285,64.425,5251.0,,,65.25408009905246,65.34653823559157,65.57435714099981,65.61731520642101,64.98603869301691,65.05836533595892,65.17071814694269,65.17550163862872,65.16137383115687,65.13475380706994,64.91272690843648,64.93885026394287,65.05455888362118,65.138823518919,65.36866568199194,65.38263621987144,65.81880966341569,65.856553694434,66.02332057146363,66.02906160316178,66.17899025396837,66.46302963039938,,,64.39370107574416,65.34531400465012,65.547862031512,65.63999010549982,65.63330552325132,65.2827263074431,64.98285164259751,64.97087182191035,65.1662643301626,65.17052469678747,65.16415064173727,65.14388917338188,64.97305926250968,64.92181756834451,64.98171986764288,65.12745645093922,65.16659691269112,65.6127920253044,65.72891028267105,65.90286003010146,66.07842086601678,66.25858611369138,66.43214680232443,66.4863982925118,,65.05836533595892,65.05455888362118,65.36866568199194,65.18912388915228,"rgba(239, 83, 80, 1.0)",0.7784332555410777,65.27327300449994,-1.0897183521666505,27.510269424434057,-19.46692364758436,False,True,False,True,True,0.0,0.0,0.0,0.0,0.0,0,0.9337987201861542,0.9720767888307154,False,False,False,False,-0.1512232773916603,-0.1528606714743926,False,False,False,False,-199447.0,-196021.23983644685,False,False,False,False,8373.695336040631,False,False,False,False
2025-08-19 14:00:00+00:00,64.88,65.02,64.83,64.905,5061.0,,,65.24645544846193,65.33771593579867,65.56810038229989,65.61330558656792,64.98579294584971,65.05791774480028,65.16998239219262,65.1747722849103,65.16072228843439,65.13419724053496,64.91273923334305,64.93881209213039,65.05432035314706,65.13846000015207,65.36800896680784,65.38196032601635,65.81760052331477,65.8553027458169,66.02189882494413,66.02763386659515,66.17741223033498,66.46121831498739,,,64.48962116012186,65.33882067038266,65.54175338357976,65.63575028431441,65.62912203067417,65.28095745871279,64.98262432279653,64.97068895950991,65.16553637230518,65.16979545687414,65.16347876926487,65.14330201769413,64.9729308194534,64.9218106929377,64.98160549088176,65.1271073672756,65.16620220288146,65.61181721897704,65.72779883261073,65.90156038642051,66.07694528526656,66.25692876542118,66.43034913038176,66.48459179854797,,65.05791774480028,65.05432035314706,65.36800896680784,65.1907157552726,#000000,0.7868734286985026,65.27478066845248,-0.4699366568573794,36.20267086460808,-18.827396990764736,False,True,False,True,True,0.0,0.0,0.0,0.0,0.0,0,0.938834391229082,0.9636468551644548,False,False,False,False,-0.061535048430124015,-0.1071978599522583,False,False,False,False,-194386.0,-195995.88728084302,False,False,False,False,8322.3357184276,False,False,False,False
2025-08-19 15:00:00+00:00,64.905,64.97,64.83,64.905,7442.0,,,65.23531381531333,65.32489389640936,65.55888333735993,65.60735304619013,64.9853463253029,65.0571867839737,65.16883711239805,65.17363806485862,65.15970509868558,65.13332122275497,64.91270355557923,64.93871074708098,65.05392831425448,65.1378873244243,65.3670111018624,65.38093441746527,65.81579557365349,65.85343670999127,66.01978336224403,66.02550964791756,66.17506835051971,66.45853386156506,,,64.57692698991163,65.32925880587159,65.53274869487689,65.62946275684193,65.62291635860245,65.27826928479664,64.98220704881717,64.97033750226362,65.16440202182879,65.16866019960447,65.16243073504006,65.14238060590532,64.97268571811499,64.92175241123596,64.98139394671055,65.12655535539986,65.16558519867816,65.61035443502553,65.72613647754683,65.89962324300268,66.07475119315437,66.25446888103224,66.42768441402357,66.48191478188646,,65.0571867839737,65.05392831425448,65.3670111018624,65.19086485570149,#000000,0.7936468851934855,65.27427279167082,-0.46528600887887,41.99760515805743,-13.686299742425483,False,False,False,True,True,0.0,0.0,0.0,0.0,0.0,0,0.9392609699769047,0.9624711316397229,False,False,False,False,-0.1445579238134866,-0.12587789188287246,False,False,False,False,-194386.0,-195970.92778811677,False,False,False,False,8308.687102638023,False,False,False,False
2025-08-19 16:00:00+00:00,64.92,65.015,64.85,65.005,8401.0,,,65.22550692428321,65.3130635684884,65.54962568764475,65.60126645496237,64.9851754704449,65.05665873046641,65.16781968346928,65.17262560180794,65.15880909920068,65.13257312909994,64.91286288729174,64.9387658799558,65.05364715812453,65.13739391860312,65.3660223005214,65.37991386061312,65.81388863994609,65.85146018889387,66.01752187174704,66.02323818952165,66.17254659325927,66.45562122767882,,,64.6502243206813,65.32028059190334,65.52374309181513,65.62301987486968,65.61656160685632,65.27571667085523,64.98205930391494,64.97025937002314,65.1633987768797,65.16765177377128,65.16150510270559,65.14158460483004,64.97262376405514,64.92186607287597,64.98132029793642,65.12608705654966,65.1650365675992,65.60883796873382,65.72439257675191,65.89756549503534,66.07239985175553,66.25181517816844,66.42479546963074,66.47900845681541,,65.05665873046641,65.05364715812453,65.3660223005214,65.19065928652785,#000000,0.7980633484298412,65.27326777438088,-0.3361484710564576,47.15393516346266,-9.236702250411923,True,False,False,False,True,0.0,0.0,0.0,0.0,0.0,0,0.9357558484740522,0.967581047381546,False,False,False,False,-0.13749431572898554,-0.131686103805929,False,False,False,False,-185985.0,-195816.1072022545,False,False,False,False,8310.118310349062,False,False,False,False
2025-08-19 17:00:00+00:00,64.98,65.13,64.955,65.07,8169.0,,,65.21975449966916,65.30514477086855,65.54229177634346,65.59631247216176,64.98555842467718,65.05663335989829,65.16728058607976,65.17207923234693,65.15835130602548,65.13224133583132,64.91335033180881,64.93910196032132,65.05364160678516,65.13716755577626,65.36528744284502,65.37914787347948,65.81224706655283,65.84974975465545,66.01552814166324,66.02123460791813,66.17029527640204,66.45297865393744,,,64.71366390678298,65.31413074855594,65.51667460019246,65.61774862093202,65.61137052615081,65.27400070191426,64.9824486556736,64.97070928410604,65.16287652769044,65.16711775405815,65.16102673082133,65.14121140012378,64.97291990848608,64.9222756664313,64.98152344604779,65.12588811478679,65.16474781124661,65.60758393137208,65.72291329731524,65.89577432736957,66.0703167810914,66.24943365925733,66.42217823963729,66.47636868952249,,65.05663335989829,65.05364160678516,65.36528744284502,65.1910869251052,#000000,0.8010204471520653,65.27311387015072,-0.2535688956166823,51.408088832502706,-5.604647260291571,True,False,True,False,True,0.0,0.0,0.0,0.0,0.0,0,0.9377232674446293,0.966420576327697,False,False,False,False,-0.11368335866674652,-0.12268473123633775,False,False,False,False,-177816.0,-195537.03577276217,False,False,False,False,8307.930429568456,False,False,False,False
2025-08-19 18:00:00+00:00,65.065,65.15,64.89,65.09,20507.0,,,65.2062235345598,65.28664149116184,65.52450191567551,65.58407667266592,64.9863818439892,65.05646581542055,65.16585308619372,65.17063572742704,65.157130706257,65.13133537310007,64.91448621025759,64.93987507615213,65.05356957921747,65.13654966537041,65.36340912944505,65.37719210931267,65.80811232825587,65.84544353898974,66.010516312971,66.01619823327675,66.16464153726116,66.44634931966654,,,64.80730006925207,65.29941292045,65.4995272445806,65.6047461811642,65.59856211378182,65.26964946025286,64.98329174266003,64.97170307724372,65.16149011772318,65.16570338276817,65.15975388965826,65.14020210586266,64.97357599906462,64.92322709293133,64.98196830799476,65.12533780807753,65.16397642926678,65.60441377923168,65.71918255614838,65.89126706370243,66.06508235305424,66.2434553595218,66.41561215904188,66.46974627793524,,65.05646581542055,65.05356957921747,65.36340912944505,65.18967511096406,#000000,0.8036711207136937,65.26969824688096,-0.22359674529723136,54.50537240014697,-2.934725760208565,True,False,True,False,True,0.0,0.0,0.0,0.0,0.0,0,0.9362360218891262,0.9647870568641443,False,False,False,False,-0.11854248381525048,-0.12061360752579411,False,False,False,False,-157309.0,-194944.35304760307,False,False,False,False,8497.063291125534,False,False,False,False
2025-08-19 19:00:00+00:00,65.085,65.15,64.975,65.07,30574.0,,,65.1917319962007,65.26551369190332,65.50130914587808,65.56749954040183,64.98801761782268,65.05662314441533,65.16415059593484,65.16889894218559,65.15569573055289,65.13034267651267,64.91642196370907,64.94124363595171,65.05368742778633,65.13585405661115,65.36083592011052,65.37450469663278,65.80220206154263,65.83927923347643,66.00330462533624,66.00895016604065,66.15647775272392,66.43673144115606,,,64.88396262673437,65.28184206612272,65.47726108790773,65.58712545282796,65.58120834991077,65.26405133931235,64.9849444872639,64.973568433652,65.15985007699621,65.16401661364421,65.15825032334139,65.13906346548629,64.97482864137271,64.92486906996434,64.98284981543034,65.12474405293169,65.16304770546306,65.59993295855587,65.71387171239435,65.8848044375748,66.05754005033214,66.23481046136314,66.40609079649938,66.46013402206441,,65.05662314441533,65.05368742778633,65.36083592011052,65.18644188320216,#000000,0.8053488584350971,65.26339834493994,-0.24014232206866226,56.13484793756585,-1.444105573356552,True,False,True,False,True,0.0,0.0,0.0,0.0,0.0,0,0.9413097936299648,0.9636168436120717,False,False,False,False,-0.10936862627356263,-0.11499111689967836,False,False,False,False,-187883.0,-194834.87470577977,False,False,False,False,8839.341379635216,False,False,False,False
2025-08-20 14:00:00+00:00,65.105,65.17,64.98,65.145,1014.0,,,65.19141521582793,65.26498682210776,65.50063569864828,65.56700314178629,64.98809368965867,65.05664863085295,65.16411376795679,65.16886048501478,65.1556661143859,65.13032679768936,64.91649952304547,64.94130059934318,65.0537026887145,65.13584196248982,65.36076086882973,65.37442587366068,65.80201644553144,65.83908518907936,66.00307576078403,66.00872009455028,66.15621727888076,66.43642244967869,,,64.88605701044436,65.28138699900384,65.47661820346794,65.58659679557195,65.58068804141767,65.26390113125152,64.98502050318815,64.97365111065656,65.15981541879005,65.16398014573036,65.15821880722284,65.13904302270133,64.97488473825155,64.92493567433931,64.98289046302978,65.12473543620992,65.16302757257407,65.59979480604167,65.71370602537742,65.88460047785216,66.05730019052119,66.23453402988851,66.40578510749371,66.45982504365865,,65.05664863085295,65.0537026887145,65.36076086882973,65.18636189956047,#000000,0.8051930941816661,65.26322737541871,-0.14683108470877915,58.34763532257595,0.7616937892266264,True,False,True,False,True,0.0,0.0,0.0,0.0,0.0,0,0.944245463228271,0.9586914995224448,False,False,False,False,-0.1066739868577612,-0.11083255187871978,False,False,False,False,-186869.0,-194711.37277235684,False,False,False,False,8718.018257470329,False,False,False,False
2025-08-20 15:00:00+00:00,65.15,65.23,65.015,65.12,3125.0,,,65.19069369503568,65.26360821769946,65.49869387693755,65.56555573583,64.98837695615009,65.05677083778167,65.16404069614244,65.16878135292987,65.15561210179574,65.13031357820134,64.9167687532885,64.94150193929983,65.05377420960365,65.13582789501612,65.36055038286901,65.37420374153378,65.80146396717707,65.83850662844233,66.00238933281697,66.00802993270278,66.15543303049053,66.43548766958847,,,64.89294373306643,65.28017560742379,65.4747719438411,65.58505223631752,65.57916878403995,65.26350491801914,64.98530224246431,64.9739527762053,65.15974929591421,65.1639078680154,65.1581596504902,65.13901618633183,64.97508991700887,64.92516819630276,64.98304083646588,65.1247323537196,65.16298795469024,65.59938930732832,65.71321530299565,65.88399120250394,66.05657969952752,66.23370043156724,66.40486071371281,66.4588900027927,,65.05677083778167,65.05377420960365,65.36055038286901,65.18620716628934,#000000,0.8043384781211885,65.26281715778718,-0.17755852998699873,59.18956069908872,1.8183919550688756,True,False,True,False,True,0.0,0.0,0.0,0.0,0.0,0,0.9498503889886291,0.9545182525433868,False,False,False,False,-0.09644808083328321,-0.10364031635600149,False,False,False,False,-189994.0,-194638.23520999472,False,False,False,False,8631.3047961142,False,False,False,False
2025-08-20 16:00:00+00:00,65.125,65.21,65.005,65.04,2170.0,,,65.18993988146102,65.26242312498341,65.4972271410288,65.56447361311879,64.98851903451515,65.05680763400291,65.16394632407302,65.16868391698436,65.15553429219864,65.13026559732884,64.91692191028702,64.94161308543516,65.05379701092554,65.13579289271149,65.36038203818332,65.37402736002264,65.80106018954136,65.83808490285571,66.00189348769763,66.00753151656764,66.15486985654113,66.43482124603827,,,64.89676432930275,65.27915307208887,65.47336920053405,65.5839013266075,65.57803563647995,65.26316029461525,64.98544477818245,64.97410971184368,65.15965943603831,65.16381438324353,65.15807752369076,65.13895831903703,64.97519649946004,64.92529926766672,64.98311749587083,65.12470465953164,65.16293611651498,65.59908655246213,65.71285393172947,65.88354837184092,66.05606044683265,66.23310325317543,66.40420127762913,66.45822369625257,,65.05680763400291,65.05379701092554,65.36038203818332,65.18598744995093,#000000,0.8051253777349167,65.26239232078228,-0.2762207314939437,57.757284237606626,1.8183919550688756,True,False,True,False,True,0.0,0.0,0.0,0.0,0.0,0,0.9488394701664837,0.9730222384250822,False,False,False,False,-0.09967504216742952,-0.10165767926171551,False,False,False,False,-192164.0,-194599.87497418086,False,False,False,False,8531.129527957391,False,False,False,False
2025-08-20 17:00:00+00:00,65.04,65.36,65.035,65.235,6279.0,,,65.19034549068982,65.26143560589013,65.49431041026166,65.56217890824165,64.98945739666638,65.05738325703399,65.16410488272868,65.16882248491103,65.15570740348724,65.13050914707954,64.9176919298134,64.94221324699164,65.05412635513015,65.13594046548627,65.36011666438091,65.37373840486136,65.8000979067252,65.83706938113117,66.00065693908972,66.00628735472834,66.1534336227021,66.43307484694752,,,64.91381332963482,65.2781204040183,65.47065486077831,65.58142771824835,65.57560980990714,65.26286497427766,64.98636990085316,64.97507039983397,65.15983393766145,65.16397217045764,65.15824563271565,65.13917785672004,64.9758535012991,64.92597322847867,64.98361001956827,65.12487634177148,65.16302646194652,65.59842504131049,65.7120183374918,65.88246992361054,66.05475409132612,66.2315665333054,66.4024773243803,66.45647450916232,,65.05738325703399,65.05412635513015,65.36011666438091,65.1863573856675,#000000,0.8036678474394284,65.26243169081133,-0.03413311966968275,59.993545581941774,3.156115355302724,True,False,True,False,True,0.0,0.0,0.0,0.0,0.0,0,0.9425761806482936,0.9724414228481243,False,False,False,False,-0.08034191874317424,-0.09099979900244487,False,False,False,False,-185885.0,-194464.76063349587,False,False,False,False,8496.212791089834,False,False,False,False
2025-08-20 18:00:00+00:00,65.225,65.225,65.0,65.01,2924.0,,,65.18930063516267,65.25984336012893,65.49235256543365,65.56072469086314,64.98963240113711,65.0574198514035,65.16396758604354,65.16868137769643,65.15559305188758,65.13043503640792,64.91788823497781,64.94235484720981,65.05415009957088,65.13588716614066,65.35988529412761,65.3734962669096,65.79955111198167,65.83649853167115,65.99998674754734,66.00561371610513,66.15267315334516,66.43217591701676,,,64.91788022251153,65.2767406746969,65.46878095010959,65.5798825549648,65.57408812867202,65.26238882662666,64.98654599536661,64.97526587013093,65.15970258810275,65.16383614120156,65.15812532822451,65.13909042285157,64.97598686013163,64.92614100288587,64.98370567972341,65.12483275702552,65.16295081952195,65.59801359416352,65.7115283579298,65.88187079022163,66.05405252018156,66.23076045803401,66.40158775834452,66.45557575458163,,65.0574198514035,65.05415009957088,65.35988529412761,65.18601177430477,#000000,0.8002408139799365,65.26180181946705,-0.31465755691056346,56.84300086841648,3.156115355302724,True,False,True,False,False,0.0,0.0,0.0,0.0,0.0,0,0.9403202328966515,0.9746482290150413,False,False,False,False,-0.09859916176699167,-0.09479948038471828,False,False,False,False,-188809.0,-194377.07442212384,False,False,False,False,8409.821895103945,False,False,False,False
2025-08-20 19:00:00+00:00,64.975,65.32,64.97,65.215,9854.0,,,65.18866159733841,65.25723795132276,65.48729338289706,65.55679009230128,64.99081042623592,65.0580689328126,65.16399101074529,65.16867955822109,65.15565619170667,65.13061558432139,64.9189153926493,64.94314429632078,65.05452630550066,65.13598801991942,65.35935671022735,65.37293109445892,65.79794366814748,65.83480867390698,65.99795518129858,66.00357035347605,66.15033227443327,66.42935605729541,,,64.93714013318765,65.27427504035354,65.46402129399499,65.57566646532655,65.5699465213038,65.26157799631513,64.9877115588867,64.97648969397008,65.15974921095929,65.16386008646491,65.15817685660355,65.13923135688299,64.976826711367,64.92703645289872,64.98433190498385,65.12496960609887,65.16296697174809,65.59687108838492,65.71011658354061,65.8800836585037,66.051913003784,66.22826373137347,66.3988019661601,66.4527528934847,,65.0580689328126,65.05452630550066,65.35935671022735,65.18593717996266,#000000,0.7943831421773019,65.26105902462506,-0.057980868650875435,57.730927101285836,3.156115355302724,True,False,True,False,False,0.0,0.0,0.0,0.0,0.0,0,0.9406789899722117,0.9712456203938623,False,False,False,False,-0.09161136962457486,-0.09320542500464657,False,False,False,False,-178955.0,-194137.97249309864,False,False,False,False,8432.212253319389,False,False,False,False
2025-08-21 14:00:00+00:00,64.62,64.785,64.54,64.655,6288.0,,,65.17857611888977,65.24658094748918,65.47913200605592,65.55108842629481,64.98942467960036,65.0565879353843,65.162271306274,65.16698830169715,65.15409364304021,65.12918925171817,64.9182395473387,64.94251450340924,65.05369857850415,65.13504577412583,65.358127398607,65.37168006694611,65.79609749613715,65.83291575027468,65.99587283139658,66.00148125403116,66.14807409510982,66.42684051372439,,,64.92417663482804,65.26548734440243,65.45597481073571,65.56971949831437,65.56405806356227,65.25828678931074,64.98637622213337,64.9752146762419,65.15803245642404,65.16215394503227,65.15657732633444,65.13776206891505,64.9759464096735,64.92640791992311,64.98363144308594,65.1240380683988,65.16200567861868,65.595284162815,65.70837787279977,65.87813679357005,66.04977079043427,66.22591550399204,66.39629919827821,66.45024769429153,,65.0565879353843,65.05369857850415,65.358127398607,65.18193385318456,"rgba(239, 83, 80, 0.5)",0.7942354701100192,65.25563326503755,-0.7562407971458932,51.22650833084575,7.924501690428002,True,False,False,False,False,0.0,0.0,0.0,0.0,0.0,0,0.9296800382043932,0.973973256924546,False,False,False,False,-0.19666137393807184,-0.1449333994713592,False,False,False,False,-185243.0,-194000.06594281804,False,False,False,False,8398.968652492731,False,False,False,False
2025-08-21 15:00:00+00:00,64.705,64.71,64.39,64.48,5143.0,,,65.16856031502303,65.23622523545545,65.47150828692884,65.54578884915668,64.98784460657033,65.05498028423187,65.16050237189862,65.16525174902856,65.15248002093581,65.12769935354498,64.91740532884961,64.94175934334751,65.05279574544909,65.1340623431743,65.35693372651563,65.37046901151064,65.79441525392942,65.83119655988197,65.9940049625246,65.99960803676213,66.14606715885616,66.42463347876618,,64.52666666666667,64.90952893748222,65.25694252111045,65.44842976511283,65.56420802600863,65.55859621401589,65.2550275678477,64.98484921320768,64.97374154679451,65.15626347775034,65.16039879281222,65.15492744445059,65.13623349300661,64.97492771334697,64.92563984213554,64.98282566568692,65.12306080141713,65.16101405350402,65.59380572953559,65.70677972321367,65.8763752628653,66.04785592671358,66.22383700186903,66.39410073245455,66.44805165444771,,65.05498028423187,65.05279574544909,65.35693372651563,65.16195951124948,"rgba(239, 83, 80, 0.5)",0.7969723112277864,65.21931466694436,-0.9276541437247566,45.46696660199017,2.6197546455443685,False,False,False,True,False,0.0,0.0,0.0,0.0,0.0,0,0.9289799809342225,0.9744995233555763,False,False,False,False,-0.22169772074718352,-0.18331556010927136,False,False,False,False,-190386.0,-193944.03391269682,False,False,False,False,8348.488518345557,False,False,False,False
2025-08-21 16:00:00+00:00,64.525,64.63,64.405,64.525,4598.0,,,65.15977258707434,65.22713130387076,65.4647476753985,65.54106638311309,64.98642079159318,65.0535331981847,65.15891265936322,65.16369104807472,65.15102911090064,65.12635885784319,64.91664984195828,64.94107571949296,65.05198100532054,65.13317619303788,65.35586089938155,65.3693806949051,65.792907159084,65.82965554261622,65.99233147806945,65.9979297855377,66.14426972874472,66.42265774241187,,64.52351983027069,64.89710564222081,65.24940058938353,65.44173920266566,65.5592983368391,65.55373038531913,65.2521117656515,64.9834728445306,64.97241317494517,65.15467367049145,65.15882140011563,65.1534441251374,65.13485848379806,64.9740073840201,64.924944219217,64.98209718486662,65.12218006163666,65.16012083769357,65.59247918826698,65.70534653295022,65.87479652406172,66.04614056680202,66.22197577502386,66.39213260820289,66.44608577086441,,65.0535331981847,65.05198100532054,65.35586089938155,65.15831641171054,"rgba(239, 83, 80, 0.5)",0.7979869492479559,65.21451138757251,-0.8640634890361586,42.31659114153982,-0.21062619286107775,False,False,False,True,False,0.0,0.0,0.0,0.0,0.0,0,0.9393683702989387,0.9716730954676951,False,False,False,False,-0.2289803118625154,-0.20614793598589337,False,False,False,False,-185788.0,-193817.5837745155,False,False,False,False,8290.341409533998,False,False,False,False
2025-08-21 17:00:00+00:00,64.565,64.89,64.51,64.86,5244.0,,,65.1535873598576,65.22036821494417,65.45902914201336,65.53695195636377,64.98561456010319,65.05260994021272,65.15776783261626,65.16256216115453,65.14999133493428,65.12542276762798,64.91629651525697,64.94072929671172,65.05146106386074,65.1325520583317,65.35498132035725,65.36848291225361,65.79150602076756,65.82821477484809,65.99072924706832,65.9963218407937,66.14251840128601,66.42068514463674,,64.60394305416527,64.89205961551761,65.24367732829953,65.43612746873521,65.55499946770334,65.5494764104555,65.24986532277157,64.98269830517394,64.97168412111566,65.15353321549262,65.15768549304136,65.15238089096876,65.13389004226534,64.9734994059325,64.92460923583887,64.98168726129691,65.12156671867093,65.15947539077567,65.59129855569864,65.70403713192454,65.87330979088577,66.04448729369692,66.22014834681319,66.3901721426665,66.44411959863187,,65.05260994021272,65.05146106386074,65.35498132035725,65.15902887706892,#000000,0.7872707617148849,65.21511789685755,-0.4510746672263159,44.64692714163731,-0.21062619286107775,False,False,False,True,False,0.0,0.0,0.0,0.0,0.0,0,0.9426130895091431,0.9625842155919149,False,False,False,False,-0.1883711991945081,-0.19725956759020075,False,False,False,False,-180544.0,-193611.79177801136,False,False,False,False,8243.111310161377,False,False,False,False
2025-08-21 18:00:00+00:00,64.855,64.92,64.7,64.76,4320.0,,,65.14912690474142,65.21540504426555,65.45464996446883,65.53376602133392,64.98506822003084,65.05195470376616,65.15692236729589,65.16172728627247,65.14922627920376,65.1247376606441,64.91607775461046,64.9405055837717,65.05109138159784,65.13209350719225,65.35430669719594,65.36779324770843,65.79039896249215,65.82707482775508,65.98945500805276,65.99504286262746,66.14112041651781,66.41910252063717,,64.64632409565742,64.88928534103499,65.23943738326719,65.43183962693888,65.55166735528753,65.54618018324383,65.24817771462781,64.98217474018767,64.97119652042609,65.15269198595773,65.15684660103345,65.15159660938674,65.13317939589786,64.97315839759318,64.92439847656438,64.9814096285977,65.12111769757006,65.15899742554362,65.59037475292841,65.70300642280648,65.87213161719666,66.04317059816873,66.21868728685408,66.38860001501092,66.4425415344586,,65.05195470376616,65.05109138159784,65.35430669719594,65.15889672628695,"rgba(239, 83, 80, 0.5)",0.7778932799258723,65.2147227341307,-0.5845567070254543,45.12866112369942,-0.21062619286107775,False,False,False,True,True,0.0,0.0,0.0,0.0,0.0,0,0.9500601684717206,0.9572803850782187,False,False,False,False,-0.16748700053028445,-0.1823732840602426,False,False,False,False,-184864.0,-193476.1670992825,False,False,False,False,8182.287878996085,False,False,False,False
2025-08-21 19:00:00+00:00,64.76,64.83,64.71,64.8,24767.0,,,65.12466148126144,65.1882053390438,65.43013072044087,65.51569534842604,64.98178124335294,65.04807075222908,65.15197493736594,65.15684216953483,65.1447407361626,65.12070793717467,64.9147038274828,64.939120989143,65.0488836412792,65.12938579277159,65.35037889017698,65.36378000002762,65.78401493671986,65.82050388836312,65.98212083910653,65.98768174409757,66.13308247503711,66.41001433110246,,64.7214455134023,64.87412192343604,65.21590852415356,65.40782929941614,65.53278671992109,65.52749862008088,65.23846159142315,64.97902004484511,64.96824595941312,65.14776780157295,65.15193702735624,65.1470006463645,65.12900412823787,64.97108487884348,64.92308150968373,64.97972186658583,65.1184631831422,65.15618206234579,65.58503159661123,65.69705604548922,65.86534346013143,66.0355950535737,66.21029047788153,66.3795714231217,66.43347957105051,,65.04807075222908,65.0488836412792,65.35037889017698,65.15158508683766,"rgba(239, 83, 80, 0.5)",0.7652897231501489,65.20435209114268,-0.5283647211127523,45.96210352202129,-0.21062619286107775,False,False,False,True,True,0.0,0.0,0.0,0.0,0.0,0,0.9501207729468594,0.9602657004830917,False,False,False,False,-0.1775929843342921,-0.17998313419726736,False,False,False,False,-160097.0,-192958.66063262694,False,False,False,False,8439.415198701572,False,False,False,False
2025-08-22 14:00:00+00:00,65.57,65.655,64.96,65.36,7428.0,,,65.1285662175341,65.19072114341078,65.42899715002531,65.5143340137676,64.98342328816592,65.04925185670471,65.15265340469777,65.15748511426024,65.14539512973433,65.12142163869125,64.91594250828311,64.94011676131736,65.04955640636476,65.12983592820707,65.35032693994722,65.36370075185368,65.78314676655555,65.81957304057232,65.98092790682159,65.9864798469061,66.13165379832478,66.40821304114213,,64.80849799352751,64.8921349303673,65.2175587526118,65.40692425824867,65.53127306288144,65.52602854835412,65.23899688857206,64.98063162637513,64.96988952330507,65.14846733395538,65.1526106058518,65.147658476416,65.12969659235578,64.97222066351421,64.92417789295307,64.98058744902981,65.11894409379424,65.15655733659099,65.58451840608106,65.69633807308395,65.86433806572055,66.03431922573881,66.20874354093988,66.37779920980631,66.43167045425075,,65.04925185670471,65.04955640636476,65.35032693994722,65.15643122886445,#000000,0.7475801924496203,65.21001947644334,0.20062131804912858,51.927252577761834,-5.301315403619228,True,False,True,False,True,0.8279528098999798,0.0,0.0,0.0,0.0,0,0.9481939163498095,0.9462927756653989,False,False,False,False,-0.060268312916873366,-0.12012572355707037,False,False,False,False,-152669.0,-192334.0147313459,False,False,False,False,8423.734342907748,False,False,False,False
2025-08-22 15:00:00+00:00,65.38,65.7,65.32,65.385,5257.0,,65.46833333333332,65.13318922840928,65.19428808564788,65.42929505353297,65.51410277189962,64.98505962701184,65.0505130309988,65.15352703847341,65.15832398956192,65.14622271462929,65.1222772523188,64.91712024318365,64.94107969083625,65.05027730114935,65.13038630172241,65.35049764947256,65.36385185963549,65.78272592712203,65.81910667737566,65.98027016870014,65.98581560866522,66.13082485529465,66.40711003853139,,64.86961388022623,64.90797861582584,65.2202150585299,65.40739549319024,65.53095023772288,65.52573363346285,65.2399964928252,64.98223410541071,64.9715094160771,65.14935835486874,65.15347788986789,65.14849502630136,65.1305412212534,64.97334490088161,64.9252264108158,64.9814512808782,65.11951890792555,65.15704706603218,65.5843563509636,65.69602710442625,65.863817277077,66.03360095184432,66.20782903074523,66.37671883046666,66.4305590246907,65.46833333333332,65.0505130309988,65.05027730114935,65.35049764947256,65.18263905809043,#000000,0.7212514149743253,65.23176501146278,0.2124571062958345,56.088640440668605,-1.3346412660983802,True,False,True,False,True,1.0581831305524112,-1.0,65.7,65.32,0.0,0,0.9578947368421047,0.9447664104080422,False,False,False,False,-0.016662789953504904,-0.06839425675528764,False,False,False,False,-147412.0,-191637.54938667387,False,False,False,False,8374.637686428558,False,False,False,False
2025-08-22 16:00:00+00:00,65.385,65.565,65.305,65.435,1320.0,,65.46164335309918,65.13421684954851,65.1950621769947,65.42930588147333,65.51400305195327,64.98544054821441,65.05080334379555,65.15372249645034,65.15851134327181,65.14640841499022,65.1224707988128,64.91739734127927,64.94130567425151,65.05044352189408,65.13051061293342,65.3505283325728,65.36387765026487,65.78260924872635,65.81897866153614,65.98009454351373,65.9856383637787,66.13060658183876,66.40682366841678,,64.8824642285242,64.9115923828818,65.22078480390284,65.4074485797857,65.53082682340516,65.52561732693061,65.24020967866167,64.98260734661217,64.97188732981327,65.14955800685651,65.1536719357847,65.14868257353835,65.13073177803578,64.97360743408933,64.92547293303673,64.98165288639292,65.1196491789508,65.15715665062467,65.5843040608013,65.69593774392398,65.86367572183016,66.03341026555594,66.20758942299241,66.37643801724765,66.43027070067295,65.46164335309918,65.05080334379555,65.05044352189408,65.3505283325728,65.18325113949706,#000000,0.6956361920649112,65.23246265784898,0.2911541182896346,59.258298884820064,1.6903658176616148,True,False,True,False,True,1.5236339949805107,0.0,0.0,0.0,0.0,0,0.9610728696890574,0.9493235224305717,False,False,False,False,-0.032796779964194965,-0.0505955183597413,False,False,False,False,-146092.0,-190931.41683804325,False,False,False,False,8265.263458731992,False,False,False,True
2025-08-22 17:00:00+00:00,65.41,65.475,65.245,65.28,6183.0,,65.39946930512016,65.13734263432055,65.19711408748967,65.42846016917149,65.51294247038437,64.98681469175663,65.05179907271872,65.15430481984443,65.15906410354094,65.14696976798514,65.1230803263996,64.91843718798654,64.94214403697977,65.05101487159905,65.13089757946291,65.35049913680501,65.36382587559515,65.78190421520023,65.81822169109067,65.97912025043468,65.98465663977386,66.12943682436051,66.40534443447493,,64.92584617180205,64.92471659922423,65.22216607582608,65.40678690722001,65.52964408447596,65.52446969024189,65.2406841204942,64.98395641943335,64.97326252704208,65.1501577220857,65.1542501279121,65.14924702332394,65.1313240110817,64.97456310489805,64.92639472507142,64.98238360251894,65.1200616874788,65.15748140177088,65.58389316371941,65.69535721677684,65.86285694726323,66.03236721441253,66.20632162175532,66.37498308314856,66.42878465483231,65.39946930512016,65.05179907271872,65.05101487159905,65.35049913680501,65.18353744135173,#000000,0.6848882199839099,65.23251832833687,0.06932762205232659,59.09436843390607,1.7201827736920308,True,False,True,False,True,0.029628692462605244,0.0,0.0,0.0,0.0,0,0.9578896997248473,0.9563344897715035,False,False,False,False,-0.0489478577902965,-0.0497716880750189,False,False,False,False,-152275.0,-190332.09254598056,False,False,False,False,8232.980304333047,False,False,False,False
2025-08-22 18:00:00+00:00,65.28,65.405,65.245,65.325,2571.0,,65.38698084491118,65.13855964560904,65.19789838478576,65.42808245506417,65.51248482650043,64.98736923003334,65.05219885688071,65.15453463078217,65.15928198151174,65.14719180401346,65.12332273817393,64.91885939171416,64.94248418463317,65.05124477740803,65.13105144670644,65.35048114645828,65.36379852888994,65.78160626661382,65.8179022260661,65.97871076908866,65.98424407917314,66.12894634748699,66.40472577022338,,64.94120168783948,64.92983005314873,65.2226881929592,65.40648441587155,65.52913574014478,65.5239758749399,65.24086236497602,64.98450103002071,64.97381811969151,65.15039465110047,65.15447831960711,65.14947013795722,65.1315591372208,64.9749498009808,64.92676897293849,64.98267936043952,65.12022606337071,65.15760970434536,65.58371703189331,65.6951108262137,65.86251188385748,66.03192925020691,66.2057905074969,66.3743744596069,66.42816322373687,65.38698084491118,65.05219885688071,65.05124477740803,65.35048114645828,65.18405019698898,#000000,0.6764669545065689,65.23303479793331,0.13594928984191162,59.437186765200515,2.4476850387100058,True,False,True,False,True,0.4607468651869091,0.0,0.0,0.0,0.0,0,0.9543538480067444,0.9579669998795612,False,False,False,False,-0.05649325622641307,-0.05313247215071598,False,False,False,False,-149704.0,-189702.19963829094,False,False,False,False,8145.19766395579,False,False,False,False
2025-08-22 19:00:00+00:00,65.325,65.43,65.265,65.37,37195.0,,65.36433439312594,65.15712496723404,65.21070113879776,65.42441611446132,65.50712577391334,64.99588823577055,65.05847633576383,65.15836458568756,65.16293047787873,65.15087486294712,65.12727788642877,64.92531485239789,64.94771908725278,65.05488802565432,65.13359062799405,65.35052680420235,65.3637097778775,65.77761925108581,65.8136048605965,65.97311284783427,65.97860173448527,66.1221791960454,66.39610059426656,,65.0891572779882,64.99614974656185,65.231741959301,65.40386954667443,65.5230949205467,65.51813319029658,65.24424951809843,64.99286719746803,64.98233420247705,65.15432869812747,65.15828167365032,65.15317676605075,65.13541577415032,64.98092159843117,64.93250772616591,64.98727173955817,65.12291906685243,65.15977289570586,65.5814878543518,65.69186857808543,65.85784476840504,66.02591963481085,66.19843709850682,66.36589719144729,66.41949292830552,65.36433439312594,65.05847633576383,65.05488802565432,65.35052680420235,65.19524947367326,#000000,0.6673710220558952,65.2452541678806,0.18692125968417267,60.140067621322686,3.6060555958626423,True,False,True,False,True,0.895582064879715,0.0,0.0,0.0,0.0,0,0.9514821536600117,0.9582577132486381,False,False,False,False,-0.05164195919579478,-0.05238721567325538,False,False,False,False,-112509.0,-188505.40584544922,False,False,False,False,8595.58219629756,False,False,False,False
2025-08-25 14:00:00+00:00,65.005,65.115,64.92,65.03,12384.0,,65.29895776202949,65.15336384800212,65.20570754257491,65.41779948395146,65.50168719427212,64.99608560164303,65.05822400009741,65.15750053592646,65.16205910666166,65.1501168838674,65.12668098276542,64.92578735261684,64.9480302139246,65.05475588759228,65.13316969932374,65.34942421112576,65.36256488628783,65.77527425382979,65.81116457652338,65.97027814005416,65.97575331025082,66.11898468839314,66.39235081352138,,65.08197745039087,64.99740952992235,65.22706246822267,65.39751386874714,65.51736952164237,65.51248274205696,65.24207178815438,64.993082102951,64.98262461586219,65.1534848307406,65.15742434722767,65.1523918203346,65.13476582123704,64.98113365384816,64.93290377364062,64.98741241280581,65.12253384290602,65.1592708109491,65.57967707791367,65.68974811077547,65.85529236214394,66.02295997977501,66.1950604469431,66.36218550334799,66.41574293037992,65.29895776202949,65.05822400009741,65.05475588759228,65.34942421112576,65.19035910012519,#000000,0.6634068975452078,65.23867272953689,-0.3145471207927349,55.83415924346683,3.6060555958626423,True,False,True,False,False,0.0,0.0,0.0,0.0,0.0,0,0.9456011553736908,0.9558310265976647,False,False,False,False,-0.12315967613279431,-0.08777344590302485,False,False,False,False,-124893.0,-187519.16699513217,False,False,False,False,8654.317356044885,False,False,False,False
2025-08-25 15:00:00+00:00,65.08,65.32,65.01,65.155,3784.0,,65.29139510000874,65.1534336966808,65.20535490617206,65.41652015362776,65.50052723149113,64.99647205904607,65.05844022110392,65.15750856678457,65.16205836838702,65.15013754972269,65.12674129777098,64.92614026905821,64.94830451079729,65.05488566369239,65.1332024089425,65.34923205823631,65.36235962557284,65.77469319883524,65.81055362278705,65.9695426802081,65.97501355476261,66.11813634763354,66.39132573553034,,65.08448626110012,64.99985059552328,65.22662037103206,65.39632156274386,65.51613282860303,65.51126696230303,65.24183213131936,64.9934656175471,64.98302764087387,65.15350070250518,65.1574324663556,65.15240870475247,65.13481270607599,64.98142029005574,64.93321385028128,64.98762990731274,65.1225792825312,65.15927346942328,65.57926435006979,65.68923807885425,65.85464602146195,66.02218507502997,66.19415519405378,66.36117347978397,66.41471577508753,65.29139510000874,65.05844022110392,65.05488566369239,65.34923205823631,65.19004671966346,#000000,0.6519777050841313,65.23812885094615,-0.127502597554967,54.50827481675122,3.6060555958626423,True,False,True,False,False,0.0,0.0,0.0,0.0,0.0,0,0.9536479653262699,0.9472670358776782,False,False,False,False,-0.09108166087127066,-0.08942755338714775,False,False,False,False,-121109.0,-186489.55200295956,False,False,False,False,8578.808559827134,False,False,False,False
2025-08-25 16:00:00+00:00,65.15,65.305,65.075,65.25,5778.0,,65.2850799629391,65.15415111678888,65.20541101283612,65.41495698224668,65.49902167953383,64.99723033464326,65.05892241822347,65.15766261882533,65.16219568976696,65.15030065782035,65.12695989733496,64.92678729423217,64.94881656688511,65.05517264085725,65.13333677523393,65.34901481961748,65.36212229754234,65.77387786029682,65.80969226135583,65.9684892763077,65.97395354241263,66.11690917883023,66.38982517205788,,65.09024324188445,65.00451358806961,65.22645055648489,65.3948942901992,65.51451619585895,65.5096811155853,65.24168791110789,64.99421518613467,64.98380511535727,65.15366756524855,65.15758563953187,65.15256835039513,65.13501227049565,64.98197311405107,64.93378553462513,64.98805290770831,65.12273400913301,65.15935927156747,65.57870846349384,65.68853235602201,65.85373008249955,66.02107082556414,66.19284053376325,66.35969358729899,66.41321096964676,65.2850799629391,65.05892241822347,65.05517264085725,65.34901481961748,65.19010826045454,#000000,0.6399516099377379,65.23796651996258,0.01880373429889086,54.74499026704042,3.6060555958626423,True,False,True,False,False,0.0,0.0,0.0,0.0,0.0,0,0.9559801668883781,0.9486032168339572,False,False,False,False,-0.08566497116652462,-0.08754626227683618,False,False,False,False,-115331.0,-185386.3186385726,False,False,False,False,8535.385171302682,False,False,False,False
2025-08-25 17:00:00+00:00,65.22,65.38,65.21,65.36,2123.0,,65.28595545836326,65.15490493044935,65.20590258960024,65.4146843851651,65.49867512392875,64.99764659287536,65.05922336846491,65.157833892889,65.16235809045668,65.15046704640098,65.12714273100512,64.92711354874885,64.94908083971275,65.0553502782972,65.13345455464297,65.3489962855461,65.36209629649791,65.77363543139973,65.80943257642895,65.96815728756026,65.97361907934896,66.11651204969806,66.38932454031055,,65.09399590147937,65.00703794207236,65.22678797071603,65.39467472892613,65.51413304739431,65.50930852419675,65.2418125199129,64.99462479496556,64.9842235262725,65.15384425159093,65.15775577358247,65.1527353189504,65.13518925436829,64.98227026919649,64.93407588266963,64.98828242698082,65.12286004428529,65.15945697610886,65.5785636024272,65.68833125860385,65.85344985123535,66.02071592806915,66.19241070091614,66.35920114848841,66.41270793821799,65.28595545836326,65.05922336846491,65.0553502782972,65.3489962855461,65.19052752132895,#000000,0.6135542957821332,65.2383972475702,0.19819395490464323,56.14742515917645,3.6060555958626423,True,False,True,False,False,0.8517388185432573,0.0,0.0,0.0,0.0,0,0.9562583303041314,0.9455955410153877,False,False,False,False,-0.06296582654140591,-0.07525604440912104,False,False,False,False,-113208.0,-184267.27493874976,False,False,False,False,8435.9683469414,False,False,False,False
2025-08-25 18:00:00+00:00,65.36,65.46,65.205,65.33,4287.0,,65.28837829595379,65.15654518777946,65.20701476086057,65.41422204742416,65.49803666389037,64.9985232167476,65.05986422756018,65.15821118258643,65.16271676652869,65.15083225709081,65.12753999261469,64.92779600069149,64.94963506254672,65.0557287971634,65.13371136156412,65.34897625874125,65.36206118883554,65.77316271807487,65.80892496165758,65.96750333987688,65.97296012776853,66.11572633887847,66.3883291479772,,65.10169252617426,65.01225395100133,65.22757411532534,65.3943196370323,65.51342228669458,65.50861875756672,65.242113056321,64.9954871372661,64.98510320812167,65.15423263277879,65.15813054480252,65.15310220321611,65.13557504378662,64.9828955569183,64.9346837799702,64.98876604800614,65.12313370908132,65.15967269209614,65.57828829637259,65.68794220460887,65.8529006554026,66.02001561349557,66.19155886332379,66.35822246377451,66.41170744861205,65.28837829595379,65.05986422756018,65.0557287971634,65.34897625874125,65.1914562102417,#000000,0.5871904014596963,65.2393686499062,0.15434746526595253,56.59220780677227,3.6060555958626423,True,False,True,False,False,0.5536196389167465,0.0,0.0,0.0,0.0,0,0.9514870794734271,0.9539249146757672,False,False,False,False,-0.054875873295859315,-0.06506595885249017,False,False,False,False,-117495.0,-183232.04586993193,False,False,False,False,8371.643256291145,False,False,False,False
2025-08-25 19:00:00+00:00,65.29,65.44,65.06,65.155,13541.0,,65.27833329803121,65.15830464942829,65.20732232755518,65.41083577380667,65.49469950114619,65.00033039225866,65.06103295554541,65.1586205449321,65.16308644869062,65.15125926713192,65.12809363248482,64.92933588391004,64.95085893177776,65.05642934161494,65.13405625368085,65.34850111674463,65.36153931723493,65.77129462610658,65.80694959098808,65.96507995986718,65.97052133821232,66.11289763527432,66.38486144773057,,65.11251626999629,65.02220761949603,65.22736038875081,65.3912417127661,65.50983571178745,65.50510165284106,65.24186445759489,64.99727363577591,64.98695360315546,65.15467181618257,65.15853755680085,65.15352195367049,65.1360851507436,64.98421894384626,64.93604704702855,64.98978277500474,65.12352618499017,65.15990387401744,65.57702496128769,65.68632974198209,65.85079798758156,66.01745024080837,66.18852610314498,66.35480344352511,66.40822907305397,65.27833329803121,65.06103295554541,65.05642934161494,65.34850111674463,65.19173237057676,#000000,0.5631231523241721,65.23916574380941,-0.14946241059709778,54.19341688037922,3.6060555958626423,True,False,True,False,False,0.0,0.0,0.0,0.0,0.0,0,0.9421186749180921,0.9534037131416083,False,False,False,False,-0.07268474129249296,-0.06887535007249157,False,False,False,False,-131036.0,-182422.80484869264,False,False,False,False,8451.78832208508,False,False,False,False
2025-08-26 14:00:00+00:00,64.515,64.59,64.32,64.53,3431.0,,65.25034178469967,65.15344564635664,65.2023487993569,65.40677641365505,65.49164122815803,64.99924871408652,65.0599492063837,65.15745179456083,65.16193792715234,65.15018504992211,65.12709383830008,64.92873326315589,64.95031614406048,65.05580078373914,65.13338151291568,65.34770150741357,65.36072903743289,65.77019393925993,65.805825975239,65.96386375945184,65.96930180172124,66.11159450756911,66.38343201214303,,65.09798593721406,65.01565218489309,65.22300615049177,65.38722137709864,65.5066739476047,65.50196428263469,65.23985170252826,64.99622504391373,64.98593654487672,65.15350260649485,65.157377201049,65.15242560046251,65.13506208819703,64.98350184052248,64.93549235757172,64.9892113458309,65.12285466252267,65.15922562198661,65.57605026156742,65.68528113751155,65.84964805618921,66.01620467337627,66.1871781543316,66.35337968988304,66.40680606341654,65.25034178469967,65.0599492063837,65.05580078373914,65.34770150741357,65.18787227642453,"rgba(239, 83, 80, 1.0)",0.5564300057960346,65.23427682854359,-1.265706056840048,46.648609645184884,2.0125567887600155,False,False,False,True,False,0.0,0.0,0.0,0.0,0.0,0,0.9329515628728221,0.9608685277976607,False,False,False,False,-0.2484584732204589,-0.15866691164647523,False,False,False,False,-134467.0,-181679.3039983253,False,False,False,False,8373.946642672909,False,False,False,False
2025-08-26 15:00:00+00:00,64.52,64.7,64.475,64.585,4779.0,,65.21943843598063,65.14784625837402,65.19653990399927,65.401824845952,65.48785791682889,64.99805750006898,65.0587227899631,65.15608581833501,65.16059381176531,65.14893173783203,65.12593507656723,64.92809545593403,64.9497331801019,65.05508931897788,65.13259704457657,65.34672680567324,65.35973927737035,65.76879042221815,65.80438973120619,65.9622945800382,65.96772787017545,66.10990129635894,66.38155591567158,,65.08213213047607,65.00854754569512,65.21788370741567,65.38233175451762,65.5027563858676,65.4980789338033,65.23745689535023,64.99507187289004,64.98482392050212,65.15213762596932,65.15602102450018,65.15114573920307,65.13387355901692,64.98271727435997,64.93490238761922,64.98858382216561,65.12207645228177,65.15843115276648,65.57482734110789,65.68395257564113,65.84817403212081,66.01459332891486,66.1854212427919,66.35151287057896,66.40493700024508,65.21943843598063,65.0587227899631,65.05508931897788,65.34672680567324,65.18347249860935,"rgba(239, 83, 80, 1.0)",0.5452895585847236,65.22867719404026,-1.1804319079773,42.406152667033275,-1.7501944477970426,False,True,False,True,False,0.0,0.0,0.0,0.0,0.0,0,0.9366801812544712,0.9600524683997129,False,False,False,False,-0.21839074700458128,-0.18852882932552825,False,False,False,False,-129688.0,-180873.2372696691,False,False,False,False,8318.211035809763,False,False,False,False
2025-08-26 16:00:00+00:00,64.59,64.855,64.55,64.75,3674.0,,65.2021201018434,65.14460868833758,65.19309627830762,65.39866697183025,65.48539263388557,64.99743798956861,65.05804603510715,65.15528191663155,65.15980082721258,65.14819674391906,65.12526429699767,64.92779520396434,64.94944834794408,65.05469715493022,65.13214057193062,65.3461086845529,65.3591093907732,65.76783361575232,65.80340701271321,65.9612058875562,65.96663542394526,66.108714440929,66.3802218788411,,65.07366231113534,65.00489895118653,65.21481121867897,65.37922848846507,65.50019687094152,65.49554259204336,65.23599779622164,64.99447413524157,64.98425423310009,65.15133601844032,65.15522289359144,65.15039432629071,65.13318235187494,64.9823160410183,64.9346211615145,64.98826032948305,65.12162646234756,65.15796218264992,65.57401423454593,65.68305568203125,65.84716119999716,66.01347102430152,66.1841842048773,66.35018724867376,66.40360657102181,65.2021201018434,65.05804603510715,65.05469715493022,65.3461086845529,65.18093722847483,"rgba(239, 83, 80, 0.5)",0.5353101736197426,65.22541972980798,-0.8881201091195697,41.875946075591884,-2.154114820880565,False,True,False,True,False,0.0,0.0,0.0,0.0,0.0,0,0.9516652639172775,0.9544306841409154,False,False,False,False,-0.19260753363877336,-0.19056818148215082,False,False,False,False,-126014.0,-180022.70645928662,False,False,False,False,8246.207763936744,False,False,False,False
2025-08-26 17:00:00+00:00,64.73,65.01,64.73,64.895,4323.0,,65.18946774533731,65.14226777634295,65.19045164337314,65.3958535484611,65.4831128826852,64.99712841645704,65.05762659945455,65.15468476841913,65.1592082490614,65.14765582765769,65.12478706969297,64.92771203820168,64.94934549782782,65.05445582379592,65.13181192828407,65.34556790163079,65.35855448817473,65.7668813180093,65.80242314430494,65.9600919141954,65.96551688933641,66.10748092853179,66.37880578655452,,65.06845410061885,65.00305397257871,65.21239363252181,65.37648903985969,65.49781847423029,65.4931893081606,65.2348188282581,64.99417971374326,64.9839884719774,65.150743723947,65.15463006161292,65.14983969413449,65.13268452881222,64.98213069027958,64.93453528849399,64.98810571963195,65.12130781931904,65.1576120119393,65.57323799735423,65.68217715974619,65.846140366036,66.01231578741275,66.18288990213233,66.34878287735066,66.40219217977598,65.18946774533731,65.05762659945455,65.05445582379592,65.34556790163079,65.17906635070709,"rgba(239, 83, 80, 0.5)",0.5327338804564646,65.22295907636372,-0.6156152037537378,43.367137257313175,-2.154114820880565,False,True,False,True,False,0.0,0.0,0.0,0.0,0.0,0,0.9541911500179876,0.9465163688691679,False,False,False,False,-0.15549196690744815,-0.1730300741947995,False,False,False,False,-121691.0,-179118.33891728218,False,False,False,False,8185.38283736408,False,False,False,False
2025-08-26 18:00:00+00:00,64.895,64.95,64.685,64.86,2655.0,,65.18108215268276,65.1405997694128,65.18860976727457,65.39398624165818,65.48161384108298,64.99686471126255,65.05730317323314,65.15425758497256,65.1587852864844,65.147267316754,65.12443956562284,64.9276129592221,64.94924106536031,65.05426875025431,65.13157342916169,65.34520328511094,65.35818126926722,65.76626680399008,65.80178946912928,65.95937942998457,65.96480163434956,66.10669586774392,66.3779103989162,,65.06463900435922,65.00153320544226,65.21072097832244,65.37466516831742,65.4962574027997,65.49164387539345,65.23400431870992,64.9939270885906,64.98375411254106,65.15031913629963,65.1542059433848,65.14944182705777,65.13232383150954,64.98196615085311,64.9344389948256,64.98797070454863,65.12107502898539,65.15736152330088,65.5727301665049,65.68160729131729,65.84548429990492,66.01157830566012,66.18206787832098,66.34789437012782,66.40129825920657,65.18108215268276,65.05730317323314,65.05426875025431,65.34520328511094,65.17776845816087,"rgba(239, 83, 80, 0.5)",0.5317176399626615,65.22126660018077,-0.6794331672090823,43.978689048345004,-2.154114820880565,False,True,False,True,False,0.0,0.0,0.0,0.0,0.0,0,0.9536051656104266,0.9471481525768257,False,False,False,False,-0.16707487763736378,-0.17005247591608164,False,False,False,False,-124346.0,-178269.15536817702,False,False,False,False,8099.640467792544,False,False,False,False
2025-08-26 19:00:00+00:00,64.875,64.98,64.8,64.91,4093.0,,65.17116451407703,65.13859685619502,65.18631743239413,65.39146162652108,65.4795461241281,64.99661913193755,65.05694949526463,65.15373348902317,65.15826451536905,65.1467932188426,65.12402403780364,64.92756382310715,64.94916923716094,65.05406500116813,65.1312860228168,65.34471321633077,65.35767784499357,65.76538681425491,65.80087954683685,65.95834601907873,65.9637638994616,66.1055490956461,66.37659002125004,,65.06056795438127,65.00011807107892,65.20860825307079,65.3722109820185,65.49409908412443,65.48950875851699,65.23295690400691,64.99369456757516,64.98354803804185,65.14979986048603,65.15368561681736,65.14895547601763,65.13188931430098,64.98182259219158,64.93438456467807,64.98784938609384,65.12079732432993,65.15705303499014,65.57201719428123,65.68079733689373,65.84453929507642,66.01050572467574,66.18086349119648,66.34658529984507,66.39997915101254,65.17116451407703,65.05694949526463,65.05406500116813,65.34471321633077,65.17619743656738,"rgba(239, 83, 80, 0.5)",0.5299204172774069,65.21918840646823,-0.5834619621881472,45.08549856465794,-2.154114820880565,False,True,False,True,True,0.0,0.0,0.0,0.0,0.0,0,0.9571719105156115,0.9468835985165681,False,False,False,False,-0.1510904577227937,-0.16057146681943768,False,False,False,False,-120253.0,-177369.68009115104,False,False,False,False,8037.522010927542,False,False,False,False
2025-08-27 14:00:00+00:00,64.135,64.3,63.985,64.26,6936.0,,65.11595627470224,65.1254646474839,65.17312509663229,65.38114307638016,65.47181785233734,64.99324833860894,65.05369591035033,65.15039347021839,65.15498754590058,65.14370898452883,65.12111974439759,64.92556224976505,64.94739642170914,65.05215793626154,65.12932122337001,65.3425638016476,65.35550801629535,65.76267562598129,65.79812576925568,65.95542308874317,65.96083472931869,66.10246427291702,66.37327945099227,64.18166666666667,65.02589461021307,64.9818201651184,65.19703305620378,65.36194189992261,65.48614181942152,65.48160359342877,65.22745434499787,64.99041808053562,64.98034539778328,65.1464528473739,65.15036903868811,65.14581189072308,65.12892950199925,64.97954703312011,64.93255095827772,64.98603820897519,65.11883202958549,65.15510103296502,65.56953691077176,65.67818052889301,65.84173744286137,66.00752909343589,66.1776942063948,66.34328104934144,66.39668839584091,65.11595627470224,65.05369591035033,65.05215793626154,65.3425638016476,65.13482175418467,"rgba(255, 0, 0, 1.0)",0.5368281470436035,65.16372529428286,-1.683453632712455,40.16525843007817,-4.175771561584341,False,True,False,True,False,0.0,0.0,0.0,0.0,0.0,0,0.950676868746321,0.9476162448499109,False,False,False,False,-0.3218443007292408,-0.24120788377433924,False,False,False,False,-127189.0,-176591.68505097815,False,False,False,False,8020.444150293007,False,False,False,False
2025-08-27 15:00:00+00:00,64.26,64.6,64.195,64.22,10024.0,,65.05793179641404,65.11015702997229,65.15757789899837,65.3684454259406,65.46214678895181,64.98935673656872,65.04987343150916,65.14638090876765,65.15104636988156,65.14000650705161,65.11764862121369,64.92329368615178,64.94536999647394,65.04990989512102,65.12696306055916,65.33988876289901,65.35280290587015,65.75916039046007,65.79454660303576,65.95158739300896,65.95698969840555,66.0983856904813,66.36885333597759,64.27426257861634,64.98880793128066,64.96167968188942,65.18326925495964,65.34933896744413,65.47617172177578,65.47170304597913,65.22077917833799,64.98663758831901,64.97666093957508,65.14243525955199,65.14638442433389,65.14203706380975,65.12538647205842,64.97692241001828,64.93046634681171,64.98394202796545,65.11647863717323,65.15274555071582,65.56637083995625,65.67480901151299,65.83808538476191,66.00361195943496,66.1734897410936,66.33886829748693,66.39228492599608,65.05793179641404,65.04987343150916,65.04990989512102,65.33988876289901,65.12784502492804,"rgba(255, 0, 0, 1.0)",0.5440267117172365,65.15498103934786,-1.7186307569283963,36.64004693805034,-7.499059140248363,False,True,False,True,False,0.0,0.0,0.0,0.0,0.0,0,0.9547156564474604,0.9398549028785389,False,False,False,False,-0.2806682970235958,-0.26093809039896754,False,False,False,False,-137213.0,-175981.1628021258,False,False,False,False,8051.507031683813,False,False,False,False
2025-08-27 16:00:00+00:00,64.22,64.44,64.115,64.435,5270.0,,65.0304534243501,65.10226126484264,65.14955334784423,65.3618400094307,65.45709102040473,64.9873033115038,65.04785680138745,65.14426562244438,65.14896847121352,65.13805350093595,65.11581665468421,64.9220911402885,64.9442954748046,65.04871990878472,65.12571587368755,65.33847644650537,65.35137485336878,65.75730844815854,65.79266120062798,65.94956773100057,65.95496514906776,66.09623886163966,66.36652455315757,64.28747608337082,64.97064062380086,64.95145361803301,65.17613894658949,65.34278319693576,65.47096132900424,65.46652864302942,65.21727706615937,64.98464224380919,64.97471572164709,65.140317315607,65.14428376078057,65.14004618244645,65.12351688434057,64.9755332498303,64.92936090074534,64.98283126314348,65.11523386249807,65.15150000861796,65.56470158636547,65.67303226229137,65.83616183626091,66.00154966818768,66.17127699026551,66.33654649517605,66.38996803941484,65.0304534243501,65.04785680138745,65.04871990878472,65.33847644650537,65.12296980178382,"rgba(239, 83, 80, 1.0)",0.5444788234522921,65.14888364953057,-1.3111320748971678,37.29057507653546,-7.499059140248363,False,True,False,True,False,0.0,0.0,0.0,0.0,0.0,0,0.9492234169653518,0.9573476702508952,False,False,False,False,-0.30963023660526845,-0.285284163502118,False,False,False,False,-131943.0,-175298.40058813934,False,False,False,False,8008.382891657707,False,False,False,False
2025-08-27 17:00:00+00:00,64.46,64.73,64.34,64.645,1826.0,,65.02453020490124,65.10040711474807,65.14761831629455,65.36010231687283,65.45572311961236,64.98685529499316,65.04739503819158,65.14375201973263,65.14846268255205,65.13758072459412,65.11537848336472,64.9218452102305,64.94407016361066,65.04844683992494,65.12541561442723,65.33810506021283,65.35099783333871,65.75677634580012,65.79211680947088,65.94897335789213,65.95436898964567,66.09559783520575,66.36581449914635,64.30904791597384,64.96686458408921,64.94933519569568,65.17439379517958,65.34106865316525,65.46954706846611,65.46512559726105,65.21639879329337,64.98420788397924,64.97429607159454,65.13980413611955,65.14377369142947,65.13956375797328,65.1230678025346,64.97523298449107,64.92913288016625,64.98258942031413,65.11493593601438,65.15119601920145,65.56423725809431,65.67252831116319,65.83560324691088,66.00093942842399,66.17061199958259,66.33584000652995,66.38926051226706,65.02453020490124,65.04739503819158,65.04844683992494,65.33810506021283,65.12257201050448,"rgba(239, 83, 80, 0.5)",0.5378972070983504,65.1483694318799,-0.9358097146391509,40.24572022406565,-7.499059140248363,False,True,False,True,True,0.0,0.0,0.0,0.0,0.0,0,0.947733524698002,0.9535940676952509,False,False,False,False,-0.248034815602427,-0.2666594895522725,False,False,False,False,-130117.0,-174597.9137573155,False,False,False,False,7912.531994112625,False,False,False,False
2025-08-27 18:00:00+00:00,64.645,64.76,64.565,64.72,2875.0,,65.0176994966819,65.09811581914452,65.14517466253191,65.35776135056165,65.45384485082559,64.98633822518633,65.04683750325879,65.14310035662962,65.14781965183424,65.13698232368189,65.11482930503789,64.92158011077012,64.94382058935877,65.04811657912894,65.12503730072312,65.33760486650225,65.35048864325147,65.75601720074326,65.79133782514977,65.94811322598017,65.95350597963666,66.09466241687673,66.36476614461031,64.34882656913346,64.96267711562459,64.94700490859594,65.1721641764421,65.33876828063265,65.46760103294575,65.46319630371644,65.21525590683375,64.98370770168839,64.9738171404879,65.1391540962555,65.14312649532262,65.13895265291038,65.12250297134344,64.97488974084929,64.92888475008611,64.9823109957203,65.11456236238213,65.15080876444536,65.56358798482549,65.67181497499996,65.83480121336076,66.00005353812612,66.16963805775173,66.33479808622089,66.38821499091091,65.0176994966819,65.04683750325879,65.04811657912894,65.33760486650225,65.12261035589228,"rgba(239, 83, 80, 0.5)",0.5285660697480378,65.14837937394046,-0.8104556808662783,43.062219256815425,-12.866523678052687,False,True,False,True,True,0.0,0.0,0.0,0.0,0.0,0,0.9536088685383776,0.9533678756476675,False,False,False,False,-0.21823191270116457,-0.24244570112671854,False,False,False,False,-127242.0,-173863.71354402378,False,False,False,False,7834.430722886073,False,False,False,False
2025-08-27 19:00:00+00:00,64.7,64.825,64.6,64.7,11147.0,,64.99551634117263,65.09001812779287,65.1364690284683,65.34918769563846,65.44689632303431,64.98452392201635,65.04484848756398,65.14073601916313,65.14548481419857,65.13481198897328,65.11284338569699,64.9206714063081,64.94295538412433,65.04693446412884,65.12366443096238,65.33575124389813,65.34860013004996,65.75315674623876,65.78840017254375,65.94485930705102,65.95024086518701,66.09111549577538,66.36077796199727,64.45406901622985,64.9489777295657,64.93921171369094,65.16416674658441,65.33035484304804,65.46039881477147,65.45605720358878,65.21108966466072,64.98195377092114,64.97214309944204,65.13679699453552,65.1407782456538,65.13673588514209,65.1204582494421,64.97368680849097,64.92803065070206,64.98133165750723,65.11320885695007,65.14939831752818,65.56115546334271,65.66913312627527,65.83177373682531,65.99669921638251,66.16594134958788,66.3308356802258,66.38423650885713,64.99551634117263,65.04484848756398,65.04693446412884,65.33575124389813,65.12138112443981,"rgba(239, 83, 80, 0.5)",0.5153781345967408,65.14669349113191,-0.866729612969372,44.713449008362815,-11.18871542543559,False,True,False,True,True,0.0,0.0,0.0,0.0,0.0,0,0.9449275362318834,0.9566425120772937,False,False,False,False,-0.20665063516687932,-0.22454816814679893,False,False,False,False,-138389.0,-173313.71798520169,False,False,False,False,7885.788386097142,False,False,False,False
2025-08-28 14:00:00+00:00,65.08,65.16,64.895,65.15,2815.0,,64.99681146051182,65.08990495498503,65.13612784215225,65.34825446055834,65.44600737581366,64.98466181921621,65.04488328428656,65.14063672312393,65.14538144438825,65.13472709583485,65.11278853926453,64.920830137403,64.94307160670671,65.046953248108,65.1236184338884,65.33555246458894,65.34839213664058,65.75268489570648,65.78790726439485,65.94427873039078,65.94965725240864,66.09045509400909,66.35999260055871,64.49635385844358,64.95057940961016,64.94026772303232,65.1637512750656,65.3294747484631,65.45946187590219,65.45513339438781,65.21079398720588,64.98209248557662,64.97229602794229,65.13670253135086,65.14067957274666,65.13664707651249,65.12039334407034,64.97379454985966,64.92816772638452,64.98141012209638,65.11317112982533,65.14933311389053,65.56080174301826,65.66871110355302,65.83125593586367,65.99609081368997,66.16524059703487,66.3300594334649,66.38344996420385,64.99681146051182,65.04488328428656,65.046953248108,65.33555246458894,65.12299249241781,#000000,0.5020229616788927,65.14863225270463,0.0027244715875182784,50.33626848446412,-5.8750810789078685,False,False,False,False,True,0.15588658351920515,0.0,0.0,0.0,0.0,0,0.9463835912198627,0.9454240134340879,False,False,False,False,-0.1348039604436391,-0.179676064295219,False,False,False,False,-135574.0,-172728.60607845435,False,False,False,False,7807.171511894086,False,False,False,False
2025-08-28 15:00:00+00:00,65.15,65.34,65.115,65.29,3200.0,,65.00179607070825,65.0908393324929,65.13676293537,65.34787844880913,65.44548111468025,64.98515406941979,65.0452253811833,65.14080436183745,65.14553800928356,65.13489177328371,65.112978138589,64.92122985219973,64.94339294012508,65.04715399633817,65.1237361783871,65.33547882739997,65.34830779567275,65.75229017421462,65.78748772001356,65.94375511229177,65.94913006456514,66.08983742914923,66.35922523728772,64.55092792506747,64.95505331711828,64.94310541097317,65.16416607536298,65.32916610898542,65.45888987992183,65.4545747862184,65.21088216511184,64.98257762384169,64.97279400876386,65.13687734584833,65.14084599787819,65.1368116703916,65.12057418588525,64.97414935627722,64.92852291466598,64.98168349721674,65.11330017927885,65.14942355155655,65.56054700526774,65.66837569762534,65.8308068437064,65.99553416539729,66.16457563119673,66.3293039011308,66.38267920889696,65.00179607070825,65.0452253811833,65.04715399633817,65.33547882739997,65.12578384548102,#000000,0.49134878714556995,65.15201347505325,0.28083212690596,55.15659273059376,-1.4862137577834105,True,False,True,False,True,1.4222732352236527,0.0,0.0,0.0,0.0,0,0.9501201923076916,0.9456730769230759,False,False,False,False,-0.0899397246109958,-0.1348078944531074,False,False,False,False,-132374.0,-172102.95327103647,False,False,False,False,7735.742496205805,False,False,False,False
2025-08-28 16:00:00+00:00,65.27,65.435,65.025,65.21,3779.0,,65.00686226928894,65.09175576014374,65.13733774817369,65.34732742293954,65.44478487739154,64.98567802819505,65.04557835299737,65.14095579048123,65.145677472996,65.13504291086306,65.11316013248589,64.92166465448486,64.94374050547862,65.04736115644437,65.12384709898208,65.33536712528556,65.34818351620854,65.75180174307059,65.78697016891856,65.94311557257153,65.9484863352325,66.08908753575781,66.35830002935636,64.60400738775624,64.95973073433294,64.94612092253311,65.164506766805,65.32869283837837,65.45813863622429,65.4538394837033,65.21091660859348,64.98309458844415,64.97332663602954,65.13703693852821,65.14099631614063,65.13696198823683,65.12074542998415,64.97452908414299,64.9289086461497,64.98197541537519,65.11342410514933,65.14950319935181,65.56022266463187,65.66795675915213,65.83025465961869,65.99485590624042,66.16377019623171,66.32839241899778,66.38175031124612,65.00686226928894,65.04557835299737,65.04736115644437,65.33536712528556,65.12849104166585,#000000,0.48252411599972206,65.15527435108761,0.11341536536261454,57.2673831050204,0.4030774067323435,True,False,True,False,True,0.6756513443212455,0.0,0.0,0.0,0.0,0,0.9598111608764067,0.9415325021183866,False,False,False,False,-0.08938157025828494,-0.11209473235569617,False,False,False,False,-136153.0,-171545.58965443124,False,False,False,False,7674.397651303389,False,False,False,False
2025-08-28 17:00:00+00:00,65.21,65.475,65.15,65.34,2483.0,65.32166666666667,65.01152240962323,65.0927959009155,65.13813842957373,65.34725304332805,65.4445318637087,64.98616297076082,65.04593739017854,65.14117339226507,65.14588452636589,65.13525222350198,65.11338582294432,64.92204256379402,64.94404855713694,65.04757291945837,65.12399174838767,65.33535816482431,65.34816620146063,65.75154093298276,65.78668986465188,65.94275330229623,65.9481212639098,66.08865140626428,66.35774553773545,64.63939509482672,64.96382996629157,64.9487575719875,65.16509912084297,65.32867225419048,65.45785325864975,65.45356391118027,65.21111754196885,64.9835715933898,64.97381253333215,65.13726060089793,65.1412123846578,65.1371725928752,65.12096518840268,64.97487631570037,64.92924600643246,64.98224482568916,65.11357809300706,65.14962501561357,65.56007199976801,65.66774270667808,65.82995108660076,65.99446762015602,66.16329699022829,66.32784756456809,66.38119252701536,65.01152240962323,65.04593739017854,65.04757291945837,65.33535816482431,65.13890409721527,#000000,0.4832612745278173,65.17458885795315,0.34228097876964947,59.770452665843166,2.788652745061384,True,False,True,False,True,1.860492385803152,0.0,0.0,0.0,0.0,0,0.9649207693238172,0.9395185677996846,False,False,False,False,-0.07099151287448262,-0.0915431226150894,False,False,False,False,-133670.0,-170958.3712101765,False,False,False,False,7593.910866011863,False,False,False,False
2025-08-28 18:00:00+00:00,65.34,65.45,65.26,65.425,6680.0,65.36297773654915,65.02557123035554,65.0962294351098,65.1409129252665,65.34749353262877,65.44416788553481,64.98767987139989,65.04709624784734,65.1419391909453,65.14661794328488,65.13598348217161,65.11415511328939,64.92319938007546,64.94499881096348,65.04825845156115,65.12449110524594,65.3354336478172,65.34821910268987,65.75093313132008,65.78602912653656,65.94186951283264,65.94722987312701,66.08756705255341,66.35633816041862,64.72594032903773,64.97608637690911,64.95672104571318,65.16723961800571,65.32906060244225,65.45740840646444,65.45314428873505,65.21192975605737,64.98506220175211,64.97532489265392,65.13804371679302,65.14197284963451,65.1379100999867,65.1217202774484,64.97595911369773,64.93028137984284,64.98308815303277,65.11410374482567,65.15005954590295,65.55976372964535,65.66726223155153,65.82922703257142,65.99351303121603,66.16211210033518,66.32646705746632,66.3797749343111,65.02557123035554,65.04709624784734,65.04825845156115,65.3354336478172,65.14616935770908,#000000,0.4849813036227855,65.18338043385084,0.49820387784903963,62.13288878678232,5.118920948341909,True,False,True,False,True,2.630217650233895,0.0,0.0,0.0,0.0,0,0.9661099007504232,0.939603001694504,False,False,False,False,-0.06153730036443135,-0.07654021148976037,False,False,False,False,-126990.0,-170276.6910363753,False,False,False,False,7579.7417052985,False,False,False,False
2025-08-28 19:00:00+00:00,65.41,65.47,65.205,65.375,4242.0,65.35887094367773,65.03327449553609,65.0981525713401,65.14243546146282,65.34750578833115,65.44384023545042,64.9885676477888,65.04776538137934,65.14236495416317,65.14702463108442,65.13639155008536,65.11458917459329,64.92388541040259,64.94556078012933,65.04865506950793,65.12477191383918,65.33544987684088,65.34822108367612,65.75051891363589,65.78558156418615,65.94128157014494,65.94663713975551,66.08685273223226,66.35542070058482,64.76914187487421,64.9829780003331,64.96129692918576,65.16839726025351,65.3291640719191,65.45702818892836,65.4527802328036,65.21235432673407,64.98593517597463,64.97621232103435,65.13848005523313,65.1423956544598,65.13832118458132,65.12214479586093,64.97659550452885,64.93089497691082,64.98358357251146,65.11440078941015,65.15030048612415,65.55953802466334,65.66692810324454,65.82873962357102,65.99288052398947,66.1613343816607,66.32556634084645,66.3788513886783,65.03327449553609,65.04776538137934,65.04865506950793,65.33544987684088,65.14891294929902,#000000,0.48576616366782654,65.18663216052893,0.3877747228188549,62.86925028114706,6.0416175395062695,True,False,True,False,True,2.1429083273394944,0.0,0.0,0.0,0.0,0,0.9633792603335745,0.9404157602127134,False,False,False,False,-0.06542878501209444,-0.0709844982509274,False,False,False,False,-131232.0,-169671.3469892997,False,False,False,False,7527.993771883019,False,False,False,False
2025-08-29 14:00:00+00:00,64.84,64.92,64.68,64.745,6375.0,65.17284074823054,65.02460563151921,65.09458876122008,65.13853018203345,65.34337817509133,65.44039575415073,64.98780856886572,65.04688489824632,65.14125909982508,65.14592998563909,65.13537800363065,65.11367088906987,64.92354269248298,64.94521972515828,65.04812871041868,65.12413104133014,65.33452418947432,65.34727556884151,65.74901698259477,65.78403533078219,65.93955301006129,65.94490215754738,66.08495584370206,66.35326744848382,64.77032211415283,64.97755222029622,64.95820994110744,65.16475059609034,65.3251283011887,65.45345434626101,65.44923919220984,65.2103731669784,64.98520347260971,64.97552229351813,65.1373795646841,65.1412971900633,65.13728531455676,65.12119590579353,64.97609836142084,64.93056783764303,64.9831746762108,65.11377231676165,65.14963409755912,65.55828220768265,65.66552919528,65.82714162863851,65.99109404683325,66.15935164063666,66.32342907985763,66.37670160002394,65.02460563151921,65.04688489824632,65.04812871041868,65.33452418947432,65.13914053711851,"rgba(239, 83, 80, 0.5)",0.48687665159942156,65.1743192991294,-0.8817824755388195,55.89969797081197,13.031926171868882,True,False,True,False,False,0.0,0.0,0.0,0.0,0.0,0,0.9582132564841493,0.9439241114313149,False,False,False,False,-0.18651224618355944,-0.12874837221724342,False,False,False,False,-137607.0,-169174.22533055086,False,False,False,False,7510.117899450724,False,False,False,False
2025-08-29 15:00:00+00:00,64.715,64.73,64.38,64.54,8434.0,64.986655206635,65.0039153537609,65.08659483601332,65.13022077882218,65.33579469543201,65.43431006221627,64.98569381811298,65.04471923727529,65.13887058952947,65.14357718298518,65.13317353856212,65.11162146568961,64.92235558169743,64.94413465191245,65.04683286423926,65.12271577935275,65.3327930783921,65.3455191392003,65.74656294394094,65.7815259006416,65.93681809653408,65.9421591790047,66.08201017135168,66.35000918536764,64.74589979321645,64.96283179024944,64.94913530947763,65.15717607296357,65.31764218332394,65.44717334492863,65.44300554171069,65.20637864404706,64.98315076954569,64.97353488352776,65.13499258378754,65.13892462536678,65.13503732381938,65.11909760932623,64.974665494977,64.92946728908723,64.98201724553059,65.11236703857179,65.1482034433523,65.5561332518953,65.66320193500253,65.82456818337477,65.98828747770817,66.15629762739144,66.32018709441135,66.37345455007205,65.0039153537609,65.04471923727529,65.04683286423926,65.3327930783921,65.12550023098542,"rgba(239, 83, 80, 1.0)",0.4902559820407262,65.15723783323152,-1.259011324374291,49.673448298584695,7.337953432848373,False,False,False,True,False,0.0,0.0,0.0,0.0,0.0,0,0.9505296100144431,0.9489648531535858,False,False,False,False,-0.24333248696116425,-0.18604042958920383,False,False,False,False,-146041.0,-168815.57067426326,False,False,False,False,7524.441652947612,False,False,False,False
2025-08-29 16:00:00+00:00,64.53,64.84,64.525,64.745,1197.0,64.9751242732311,65.00206702934845,65.08579804700753,65.12936707810402,65.33493786660573,65.43360167631043,64.98550038012009,65.04450819364516,65.13862102306952,65.14333063535635,65.13294392245304,65.11141088946081,64.92225683923483,64.94404085886093,65.04670608788308,65.12256910820184,65.33259601265293,65.34531841127821,65.74625999433763,65.78121481563434,65.93647363437044,65.94181353559034,66.08163477217575,66.34958701930003,64.7452405013608,64.9615699345821,64.9483622315236,65.15638382069204,65.31680130044339,65.44644012466615,65.44227853234136,65.2059471542997,64.98296358134053,64.97335589476879,65.13474376606688,65.13867670926004,65.13480292462035,65.11888095711768,64.97453606035674,64.92937451530787,64.98191160277506,65.11222238652046,65.14805285370988,65.55587536947806,65.66291781109175,65.82424762374039,65.98793240967188,66.1559064096756,66.31976770654038,66.37303331904035,65.00206702934845,65.04450819364516,65.04670608788308,65.33259601265293,65.1244899023334,"rgba(239, 83, 80, 0.5)",0.49059081865658577,65.15596256328476,-0.8376890631792066,47.88199427127418,5.759721840150696,False,True,False,True,False,0.0,0.0,0.0,0.0,0.0,0,0.9449563530552856,0.9584141610087283,False,False,False,False,-0.21359265028731653,-0.19981653993826018,False,False,False,False,-144844.0,-168443.91841574752,False,False,False,False,7426.341782359276,False,False,False,False
2025-08-29 17:00:00+00:00,64.72,64.85,64.67,64.72,2041.0,64.9602990800797,64.9994169691547,65.08460012599363,65.1280665442321,65.33358210149014,65.43246845735666,64.98522171967088,65.04419457402416,65.13823844405462,65.14295222359064,65.13259240417223,65.11109041154461,64.92212196435791,64.94390986145743,65.04651739041518,65.12234508162199,65.33228340075893,65.34499952282586,65.74576528774651,65.78070610747253,65.93590736072227,65.94124523042859,66.08101526121821,66.34888661920486,64.74527719647689,64.95980275474547,64.94728636019131,65.15516791373922,65.31547371475428,65.44526595214101,65.44111470296508,65.20527641228709,64.98269435625937,64.97310013784531,65.13436271736504,65.13829665085326,65.13444391900336,65.11855053269367,64.97435086464611,64.9292467944491,64.98175964730493,65.11200209075982,65.1478213155601,65.555458346379,65.66245560012717,65.82372257532998,65.98734784441919,66.15525971696319,66.31907226830992,66.37233419706975,64.9994169691547,65.04419457402416,65.04651739041518,65.33228340075893,65.12310983860559,"rgba(239, 83, 80, 0.5)",0.4734886624960498,65.15421257666675,-0.9170495749100955,46.462760209604596,4.303764440045228,False,True,False,True,False,0.0,0.0,0.0,0.0,0.0,0,0.9428120446818837,0.959567751335599,False,False,False,False,-0.1956988666681765,-0.19775770330321835,False,False,False,False,-146885.0,-168109.67161860416,False,False,False,False,7342.8481113149455,False,False,False,False
2025-08-29 18:00:00+00:00,64.71,64.805,64.61,64.65,9866.0,64.89535852009617,64.9845591443657,65.07794750084939,65.12095974777446,65.3264729028447,65.4265813954732,64.9835566650485,65.04239242032581,65.13612563437641,65.14086538275127,65.13064669938309,65.10930245059429,64.92125711038247,64.94309252608898,65.04543178044925,65.12109834519083,65.33062689890816,65.34331300681262,65.74324159112398,65.77811577261714,65.93304373490425,65.93837192462681,66.07789813052011,66.34538661285593,64.73897819262248,64.9494244152704,64.94077717140217,65.14856567184147,65.30849320869129,65.43917589403092,65.43507534150412,65.2016526207715,64.98108203880632,64.97155551700966,65.13225570246503,65.1361977216603,65.13245818892247,65.11671227952547,64.9732315998608,64.92843546219169,64.9808462930139,65.11077149954284,65.14654363264158,65.55330358667565,65.66008597552563,65.82105466869461,65.98439736362992,66.15201290451685,66.31559484626726,66.36884220374134,64.9845591443657,65.04239242032581,65.04543178044925,65.33062689890816,65.11591479911249,"rgba(239, 83, 80, 1.0)",0.4557403342376375,65.14513127930422,-1.0864328700080352,44.85080998510915,2.5158661321827367,False,True,False,True,False,0.0,0.0,0.0,0.0,0.0,0,0.9444444444444436,0.9575735472890823,False,False,False,False,-0.20780625745445547,-0.2027819803788369,False,False,False,False,-156751.0,-167933.5681826568,False,False,False,False,7381.966745248047,False,False,False,False
2025-08-29 19:00:00+00:00,64.62,64.835,64.47,64.545,12392.0,64.83105858623472,64.9637383388138,65.06842154599919,65.11092652977997,65.3167842203142,65.41861260909339,64.98099027369946,65.03970158174606,65.13307958567289,65.13786040450508,65.12783476823664,65.10669934087298,64.91984839674585,64.9417865861657,65.04380571829157,65.11928486977916,65.32832750649088,65.3409764815709,65.73987457525959,65.7746667667547,65.92925948106205,65.93457574233469,66.07380172283258,66.34082211792574,64.72405739533907,64.93417804234761,64.93085744699769,65.13928218746801,65.29895448965442,65.4309470565472,65.4269106781157,65.19654687648936,64.9785920944508,64.96915405124948,65.1292145452624,65.13317153722863,65.129590507746,65.11404294553395,64.97148758694134,64.92712224235613,64.97942801452515,65.10897542141319,65.1446994238388,65.55038927966248,65.65690763571962,65.81751051389,65.98050653177285,66.1477564320403,66.31105661501392,66.3642904439628,64.9637383388138,65.03970158174606,65.04380571829157,65.32832750649088,65.10658033194103,"rgba(239, 83, 80, 1.0)",0.4341023149196482,65.13340933343859,-1.3554623258516942,42.7809831934102,0.23381300041582165,False,True,False,True,False,0.0,0.0,0.0,0.0,0.0,0,0.9385211182379274,0.9582476098269386,False,False,False,False,-0.2205550044239677,-0.2116684924014023,False,False,False,False,-169143.0,-167952.31906354584,False,False,False,False,7459.641679430248,False,False,False,False
2025-09-01 14:00:00+00:00,64.545,64.545,64.545,64.545,0.0,64.83105858623472,64.9637383388138,65.06842154599919,65.11092652977997,65.3167842203142,65.41861260909339,64.98099027369946,65.03970158174606,65.13307958567289,65.13786040450508,65.12783476823664,65.10669934087298,64.91984839674585,64.9417865861657,65.04380571829157,65.11928486977916,65.32832750649088,65.3409764815709,65.73987457525959,65.7746667667547,65.92925948106205,65.93457574233469,66.07380172283258,66.34082211792574,64.72405739533907,64.93417804234761,64.93085744699769,65.13928218746801,65.29895448965442,65.4309470565472,65.4269106781157,65.19654687648936,64.9785920944508,64.96915405124948,65.1292145452624,65.13317153722863,65.129590507746,65.11404294553395,64.97148758694134,64.92712224235613,64.97942801452515,65.10897542141319,65.1446994238388,65.55038927966248,65.65690763571962,65.81751051389,65.98050653177285,66.1477564320403,66.31105661501392,66.3642904439628,64.9637383388138,65.03970158174606,65.04380571829157,65.32832750649088,65.10658033194103,"rgba(239, 83, 80, 1.0)",0.41355241941303883,65.13340933343859,-1.4228168082627328,41.4010986656109,-1.4420211245272654,False,True,False,True,False,0.0,0.0,0.0,0.0,0.0,0,0.9450750640790914,0.9638715977053575,False,False,False,False,-0.2456823198357606,-0.22867540611858145,False,False,False,False,-169143.0,-167970.77923310327,False,False,False,False,7343.988320059236,False,False,False,False
2025-09-01 15:00:00+00:00,64.545,64.545,64.545,64.545,0.0,64.83105858623472,64.9637383388138,65.06842154599919,65.11092652977997,65.3167842203142,65.41861260909339,64.98099027369946,65.03970158174606,65.13307958567289,65.13786040450508,65.12783476823664,65.10669934087298,64.91984839674585,64.9417865861657,65.04380571829157,65.11928486977916,65.32832750649088,65.3409764815709,65.73987457525959,65.7746667667547,65.92925948106205,65.93457574233469,66.07380172283258,66.34082211792574,64.72405739533907,64.93417804234761,64.93085744699769,65.13928218746801,65.29895448965442,65.4309470565472,65.4269106781157,65.19654687648936,64.9785920944508,64.96915405124948,65.1292145452624,65.13317153722863,65.129590507746,65.11404294553395,64.97148758694134,64.92712224235613,64.97942801452515,65.10897542141319,65.1446994238388,65.55038927966248,65.65690763571962,65.81751051389,65.98050653177285,66.1477564320403,66.31105661501392,66.3642904439628,64.9637383388138,65.03970158174606,65.04380571829157,65.32832750649088,65.10658033194103,"rgba(255, 0, 0, 1.0)",0.3915353469697196,65.13340933343859,-1.5028255762668015,40.48117564707803,-2.745634791773341,False,True,False,True,False,0.0,0.0,0.0,0.0,0.0,0,0.9491754860940186,0.958651242923947,False,False,False,False,-0.2456823198357606,-0.23717886297717103,False,False,False,False,-169143.0,-167988.95319848153,False,False,False,False,7230.1280360273095,False,False,False,False
2025-09-01 16:00:00+00:00,64.545,64.545,64.545,64.545,0.0,64.83105858623472,64.9637383388138,65.06842154599919,65.11092652977997,65.3167842203142,65.41861260909339,64.98099027369946,65.03970158174606,65.13307958567289,65.13786040450508,65.12783476823664,65.10669934087298,64.91984839674585,64.9417865861657,65.04380571829157,65.11928486977916,65.32832750649088,65.3409764815709,65.73987457525959,65.7746667667547,65.92925948106205,65.93457574233469,66.07380172283258,66.34082211792574,64.72405739533907,64.93417804234761,64.93085744699769,65.13928218746801,65.29895448965442,65.4309470565472,65.4269106781157,65.19654687648936,64.9785920944508,64.96915405124948,65.1292145452624,65.13317153722863,65.129590507746,65.11404294553395,64.97148758694134,64.92712224235613,64.97942801452515,65.10897542141319,65.1446994238388,65.55038927966248,65.65690763571962,65.81751051389,65.98050653177285,66.1477564320403,66.31105661501392,66.3642904439628,64.9637383388138,65.03970158174606,65.04380571829157,65.32832750649088,65.10658033194103,"rgba(255, 0, 0, 1.0)",0.3671390241609162,65.13340933343859,-1.6026880683233837,39.86789363472279,-3.8140782005154605,False,True,False,True,False,0.0,0.0,0.0,0.0,0.0,0,0.9439644218551455,0.971791613722998,False,False,False,False,-0.2456823198357606,-0.24143059140646583,False,False,False,False,-169143.0,-168006.84539695468,False,False,False,False,7118.033027716809,False,False,False,False
2025-09-01 17:00:00+00:00,64.545,64.545,64.545,64.545,0.0,64.83105858623472,64.9637383388138,65.06842154599919,65.11092652977997,65.3167842203142,65.41861260909339,64.98099027369946,65.03970158174606,65.13307958567289,65.13786040450508,65.12783476823664,65.10669934087298,64.91984839674585,64.9417865861657,65.04380571829157,65.11928486977916,65.32832750649088,65.3409764815709,65.73987457525959,65.7746667667547,65.92925948106205,65.93457574233469,66.07380172283258,66.34082211792574,64.72405739533907,64.93417804234761,64.93085744699769,65.13928218746801,65.29895448965442,65.4309470565472,65.4269106781157,65.19654687648936,64.9785920944508,64.96915405124948,65.1292145452624,65.13317153722863,65.129590507746,65.11404294553395,64.97148758694134,64.92712224235613,64.97942801452515,65.10897542141319,65.1446994238388,65.55038927966248,65.65690763571962,65.81751051389,65.98050653177285,66.1477564320403,66.31105661501392,66.3642904439628,64.9637383388138,65.03970158174606,65.04380571829157,65.32832750649088,65.10658033194103,"rgba(255, 0, 0, 1.0)",0.351904624669282,65.13340933343859,-1.6720704764581447,39.459038959819296,-4.726071828206678,False,True,False,True,False,0.0,0.0,0.0,0.0,0.0,0,0.9480853251092258,0.9683885890516573,False,False,False,False,-0.2456823198357606,-0.24355645562111322,False,False,False,False,-169143.0,-168024.4601970019,False,False,False,False,7007.675926511896,False,False,False,False
2025-09-01 18:00:00+00:00,64.545,64.545,64.545,64.545,0.0,64.83105858623472,64.9637383388138,65.06842154599919,65.11092652977997,65.3167842203142,65.41861260909339,64.98099027369946,65.03970158174606,65.13307958567289,65.13786040450508,65.12783476823664,65.10669934087298,64.91984839674585,64.9417865861657,65.04380571829157,65.11928486977916,65.32832750649088,65.3409764815709,65.73987457525959,65.7746667667547,65.92925948106205,65.93457574233469,66.07380172283258,66.34082211792574,64.72405739533907,64.93417804234761,64.93085744699769,65.13928218746801,65.29895448965442,65.4309470565472,65.4269106781157,65.19654687648936,64.9785920944508,64.96915405124948,65.1292145452624,65.13317153722863,65.129590507746,65.11404294553395,64.97148758694134,64.92712224235613,64.97942801452515,65.10897542141319,65.1446994238388,65.55038927966248,65.65690763571962,65.81751051389,65.98050653177285,66.1477564320403,66.31105661501392,66.3642904439628,64.9637383388138,65.03970158174606,65.04380571829157,65.32832750649088,65.10658033194103,"rgba(255, 0, 0, 1.0)",0.3495443881369584,65.13340933343859,-1.6833608360150258,39.1864691765503,-5.525989131411876,False,True,False,True,False,0.0,0.0,0.0,0.0,0.0,0,0.9408490810251094,0.9708775563033905,False,False,False,False,-0.2456823198357606,-0.24461938772843692,False,False,False,False,-169143.0,-168041.80189937397,False,False,False,False,6899.029788116362,False,False,False,False
2025-09-01 19:00:00+00:00,64.545,64.545,64.545,64.545,0.0,64.83105858623472,64.9637383388138,65.06842154599919,65.11092652977997,65.3167842203142,65.41861260909339,64.98099027369946,65.03970158174606,65.13307958567289,65.13786040450508,65.12783476823664,65.10669934087298,64.91984839674585,64.9417865861657,65.04380571829157,65.11928486977916,65.32832750649088,65.3409764815709,65.73987457525959,65.7746667667547,65.92925948106205,65.93457574233469,66.07380172283258,66.34082211792574,64.72405739533907,64.93417804234761,64.93085744699769,65.13928218746801,65.29895448965442,65.4309470565472,65.4269106781157,65.19654687648936,64.9785920944508,64.96915405124948,65.1292145452624,65.13317153722863,65.129590507746,65.11404294553395,64.97148758694134,64.92712224235613,64.97942801452515,65.10897542141319,65.1446994238388,65.55038927966248,65.65690763571962,65.81751051389,65.98050653177285,66.1477564320403,66.31105661501392,66.3642904439628,64.9637383388138,65.03970158174606,65.04380571829157,65.32832750649088,65.10658033194103,"rgba(255, 0, 0, 1.0)",0.34638415376679815,65.13340933343859,-1.6987189715229736,39.0047559877043,-6.238535081813957,False,True,False,True,False,0.0,0.0,0.0,0.0,0.0,0,0.9415304120340086,0.9725310660562453,False,False,False,False,-0.2456823198357606,-0.24515085378209878,False,False,False,False,-169143.0,-168058.87473814338,False,False,False,False,6792.068085975024,False,False,False,False
2025-09-02 14:00:00+00:00,63.9,64.055,63.73,63.89,7237.0,64.71951282808561,64.92943822567645,65.0543985803878,65.09692248014032,65.30551368605563,65.40988881555805,64.97655836745298,65.03547946883165,65.12884282137654,65.13370228852182,65.12389774696622,65.10296139065885,64.91707876486231,64.93933875655082,65.04125959779296,65.11671282255271,65.32563042284801,65.33825997346166,65.73665427990966,65.77140683327632,65.92584436075104,65.93115476037875,66.0702349741722,66.33705132713663,64.66869930802525,64.90700938432896,64.91260904256396,65.12669364512153,65.28771336019851,65.42200571807885,65.41801785411761,65.18992938525157,64.97427212839021,64.96491273634851,65.12496618901042,65.12896257889943,65.12558405598055,65.11024399571066,64.96841190660228,64.92458134917669,64.97695964582161,65.10639670809742,65.14215767408254,65.54738066534915,65.65377297363169,65.81420652344582,65.97704201019064,66.14410961087195,66.30728820920754,66.36054486847395,64.92943822567645,65.03547946883165,65.04125959779296,65.32563042284801,65.09103098764317,"rgba(255, 26, 202, 1.0)",0.358027000842238,65.1142024165343,-3.4193019343636957,32.378337540249426,-12.732313009138508,False,True,False,True,False,0.0,0.0,0.0,0.0,0.0,0,0.9309100283578232,0.9720288734209842,False,False,False,False,-0.34282825441539394,-0.2939895540987464,False,False,False,False,-176380.0,-168187.88443212563,False,False,False,False,6798.966255184713,False,False,False,False
2025-09-02 15:00:00+00:00,63.885,63.91,63.62,63.725,9882.0,64.58447977993947,64.88013803994991,65.03353997619294,65.07614991588146,65.28891309377347,65.39705263601789,64.96979112727706,65.02906460804118,65.12245467854991,65.127434095886,65.11795593147994,65.09730862018742,64.91280782492478,64.93557046082725,65.03737984166895,65.11281870968224,65.32160594729203,65.3342096327304,65.73194280468316,65.76664345885425,65.92087984242494,65.92618253730802,66.06507165674174,66.33162737990224,64.59235524553289,64.86730865257894,64.8854236343631,65.10800622363173,65.27114015817786,65.40886120302133,65.4049412925668,65.18003815797807,64.96767275634515,64.95842646021897,65.11855882427463,65.1226160844182,65.11953903454848,65.10450296107466,64.96369790690612,64.92066433756274,64.97317470568403,65.10248931658855,65.13831685758244,65.54294415094488,65.64917193372555,65.80938604509629,65.97201343200629,66.13884060802047,66.30186430627529,66.35515965155132,64.88013803994991,65.02906460804118,65.03737984166895,65.32160594729203,65.0694545828688,"rgba(255, 26, 202, 1.0)",0.37767410518657496,65.08762651015972,-3.607942645383563,27.162498792509155,-17.537251927245826,False,True,False,True,False,0.0,0.0,0.0,0.0,0.0,0,0.92902228519902,0.9752672935720725,False,False,False,False,-0.34282825441539394,-0.31840890425707014,False,False,False,False,-186262.0,-168468.10327813917,False,False,False,False,6846.765227972546,False,False,False,False
2025-09-02 16:00:00+00:00,63.725,63.775,63.625,63.745,12996.0,64.44967799980117,64.81934456823582,65.00634814920605,65.0490589122047,65.2671058136188,65.38010150665812,64.9607399278114,65.02048588655899,65.11392086550782,65.1190593159042,65.11001201424534,65.0897455445402,64.90706258918462,64.93049859517475,65.03216839930096,65.10759413892612,65.31622162724379,65.32879164201398,65.72566650017451,65.76029978212948,65.91427554565051,65.91956822799189,66.05820911764171,66.32442791125497,64.50577689696803,64.8174861349081,64.85045646045353,65.0835458898165,65.24936825154175,65.39151073772557,65.38767876348422,65.16690662293084,64.95884304075477,64.94974508158529,65.10999923354349,65.11413733409464,65.11145868461566,65.09682363209933,64.95736788861274,64.91539232423771,64.96808416205357,65.09724626122117,65.1331651992609,65.53702412372564,65.6430385268533,65.80296838725232,65.96532610982123,66.13184058123349,66.2946641257456,66.34801193899301,64.81934456823582,65.02048588655899,65.03216839930096,65.31622162724379,65.04358366897095,"rgba(255, 26, 202, 1.0)",0.3922967368312866,65.05585420137301,-3.3414863757502147,24.151227600293005,-20.196430080485072,False,True,False,True,False,0.0,0.0,0.0,0.0,0.0,0,0.9325740908502645,0.9765756438462528,False,False,False,False,-0.34282825441539394,-0.33061857933623207,False,False,False,False,-173266.0,-168542.48927382694,False,False,False,False,6942.102201182273,False,False,False,False
2025-09-02 17:00:00+00:00,63.75,63.905,63.615,63.675,11100.0,64.36571775963479,64.77294032221903,64.98428451950267,65.02703842941312,65.24914783946392,65.36603384339716,64.95321403057976,65.01333933962137,65.10679944525127,65.11206856163803,65.10337814769326,65.08342860213837,64.90226699279576,64.92625886871672,65.02780558681917,65.10321564890418,65.3116988966531,65.32424021114277,65.72038087847572,65.75495647027074,65.90870850004401,65.91399261274503,66.05242088268908,66.31834915174784,64.44560319894674,64.77881573754712,64.82261856940363,65.06357049072815,65.23144617024033,65.37711510167983,65.37335566528466,65.15600246266814,64.95149921143415,64.94252445297016,65.10285701058933,65.10706132738427,65.10471193663078,65.09040984633475,64.95208381136949,64.91098783599833,64.96382618392613,65.09285301386166,65.12884592418105,65.5320440290334,65.63787566517324,65.79756157455718,65.95968777734622,66.12593474098206,66.2885855760978,66.34197603743345,64.77294032221903,65.01333933962137,65.02780558681917,65.3116988966531,65.02406213681026,"rgba(255, 26, 202, 1.0)",0.41227891153883034,65.03194741056005,-3.2913335428563384,21.769044000393695,-22.34114946821811,False,True,False,True,False,0.0,0.0,0.0,0.0,0.0,0,0.927432940261759,0.9782298820785275,False,False,False,False,-0.3298984323878578,-0.33025850586204497,False,False,False,False,-184366.0,-168787.81502151955,False,False,False,False,7006.565732946889,False,False,False,False
2025-09-02 18:00:00+00:00,63.68,63.825,63.625,63.805,7074.0,64.32313109278849,64.74590751820712,64.97083578826793,65.01359566061724,65.23806877415957,65.35730133538677,64.94854343753832,65.00889649628024,65.10236459450867,65.10771402867816,65.09924477363278,65.07949251126601,64.89928300361998,64.92361748801332,65.02508308528225,65.10048023641455,65.30886633227233,65.32138936313106,65.7170606905426,65.75159936878576,65.90520788683578,65.91048651920397,66.04877871927621,66.31451986188718,64.4128489834591,64.75602020712222,64.80590122990944,65.05133190731965,65.22039304661416,65.3681802979972,65.36446578691306,65.14923566727133,64.94694067801771,64.93804253255162,65.09840961080117,65.10265450216703,65.10050869819213,65.08641341084582,64.94879478581967,64.90824524142026,64.9611716515672,65.09010884817309,65.12614632920548,65.52891963556317,65.63463428307169,65.79416374586162,65.95614143276833,66.12221741781555,66.28475693606639,66.33817324382039,64.74590751820712,65.00889649628024,65.02508308528225,65.30886633227233,65.01267800236988,"rgba(255, 26, 202, 1.0)",0.4279123847328421,65.01803501775038,-2.8347742692881184,23.35364463523439,-22.34114946821811,False,True,False,True,False,0.0,0.0,0.0,0.0,0.0,0,0.9213322965266969,0.9831518921721094,False,False,False,False,-0.33742763505701884,-0.3338430704595319,False,False,False,False,-177292.0,-168919.66285064328,False,False,False,False,7007.611225459339,False,False,False,False
2025-09-02 19:00:00+00:00,63.81,63.855,63.66,63.83,20057.0,64.23415429529614,64.67859330005871,64.93515240622911,64.97784782052004,65.20814557486969,65.33350100691516,64.93582315524397,64.99676466041245,65.09022259070474,65.09578759480165,65.08791949566499,65.06870722514846,64.89112498559409,64.91638259757579,65.0176070965607,65.09295551677872,65.30104442071308,65.31351564309284,65.70785028834659,65.74228369272063,65.89548145806158,65.90074447353021,66.03864851539116,66.30385085947442,64.33834905567848,64.69833938399358,64.7624912622508,65.01861431090805,65.19055532807512,65.34383359398475,65.3402411800436,65.13080381006013,64.9345218622281,64.92583313110173,65.08623493603777,65.09058818926115,65.08899388433643,65.07546270104021,64.93979786830212,64.90073909620448,64.9538931713837,65.08256201955993,65.11871517589245,65.52026886484896,65.62564969323678,65.78473152224055,65.94628409180206,66.1118732416577,66.27409193226953,66.3275759503132,64.67859330005871,64.99676466041245,65.0176070965607,65.30104442071308,64.98395098118867,"rgba(255, 26, 202, 1.0)",0.4415645810954677,64.98303323672704,-2.611244846374467,25.00301974565785,-22.34114946821811,False,True,False,True,True,0.0,0.0,0.0,0.0,0.0,0,0.9225589225589217,0.9810929810929808,False,False,False,False,-0.3304350278846506,-0.33213904917209125,False,False,False,False,-157235.0,-168738.5052870674,False,False,False,False,7209.927330490977,False,False,False,False
2025-09-03 14:00:00+00:00,64.61,65.0,64.52,64.745,5836.0,64.25792165785714,64.68011443828134,64.93359308235706,64.97598199798286,65.20545264418078,65.33096951683125,64.9352514137089,64.99607124205107,65.08932823715462,65.09489808733447,65.08708892573807,65.06795049644765,64.89083647774066,64.91608564253626,65.01714848109698,65.09239537836893,65.30023187532956,65.31268583745435,65.70653269248389,65.74092707623304,65.89396352772302,65.89922087542001,66.0369817428028,66.30195484895977,64.35218337278016,64.69929884730628,64.76240000417475,65.01665245869167,65.18794276250699,65.34121599363613,65.33764649062171,65.12933579498399,64.9339668863391,64.92530991080257,65.08534619550673,65.08969862157744,65.08814753422841,65.0746820021828,64.93938429885112,64.90045710230383,64.95353669478983,65.08201320635601,65.1181311732318,65.51916799198725,65.62442307082596,65.78332915974183,65.94471482210722,66.11013059914033,66.27221097129221,66.32568149012522,64.68011443828134,64.99607124205107,65.01714848109698,65.30023187532956,64.98441992475264,"rgba(239, 83, 80, 0.5)",0.44125851955494066,64.98360304062547,-0.5407329944952034,38.033579810525744,-18.95434506994134,False,True,False,True,True,0.0,0.0,0.0,0.0,0.0,0,0.9298068425703815,0.9680595884358032,False,False,False,False,-0.12625461899801685,-0.22919683408505404,False,False,False,False,-151399.0,-168469.67574773304,False,False,False,False,7188.626131568636,False,False,False,False
2025-09-03 15:00:00+00:00,64.745,65.015,64.69,64.92,7446.0,64.29187195515425,64.684942035832,64.9329530815191,64.97491466743507,65.20296594113628,65.32843790172252,64.93500932630114,64.99562980893846,65.08860114863137,65.09416820790148,65.08641597615939,65.06735847864456,64.89079376933763,64.91598941188295,65.01683245307042,65.09193662797753,65.29942607126188,65.31185772596639,65.70506822716287,65.7394116197424,65.89223612684273,65.8974860818334,66.03505989766586,66.29972963719389,64.37343162673069,64.7030145967296,64.76412331762984,65.01532008850936,65.18556600142666,65.33858663747053,65.33504418798957,65.1280744745565,64.93373521990249,64.92511408045333,65.08462857131073,65.08897494751554,65.08746062753562,65.07406326683073,64.93920098262078,64.90039441067837,64.95335751066662,65.08157162632175,65.11763410843771,65.51798785169625,65.62307838045118,65.78175360563598,65.9429199698646,66.10811000728181,66.2700071320849,66.32345517487235,64.684942035832,64.99562980893846,65.01683245307042,65.29942607126188,64.9861219078129,#000000,0.4414290062584302,64.98566651717678,-0.14875895386524746,47.881495876496594,-10.4830772233285,False,False,False,False,True,0.3067238034745543,0.0,0.0,0.0,0.0,0,0.9353377783368969,0.9670398792300915,False,False,False,False,-0.10817011518485907,-0.16868347463495656,False,False,False,False,-143953.0,-168089.57224776817,False,False,False,False,7192.616424102455,False,False,False,False
2025-09-03 16:00:00+00:00,64.92,65.175,64.835,65.125,11054.0,64.34874034555621,64.69771335913217,64.93474098769103,64.97599738935868,65.20122072280522,65.3261207673091,64.93566151674648,64.99589560022821,65.08838266417521,65.09392711981309,65.08622180355715,65.06725709828234,64.89140868820095,64.91643644290185,65.01692511424515,65.09179004752595,65.29871232862111,65.31111027211703,65.70334694915869,65.7376121328981,65.89010924297487,65.89534788712724,66.03263489656709,66.29683160333096,64.41164517529408,64.71342459240003,64.77036326547018,65.01572881939425,65.18399878830917,65.33614897292263,65.33264227279885,65.12746732417227,64.93438040365226,64.92580287335981,65.08442887354312,65.08875599610165,65.08725845253512,65.07393018656157,64.93964629747168,64.90092115179351,64.95366686180209,65.08145618030085,65.11741432585191,65.51670492649353,65.62154262139715,65.77986129744615,65.94068889416374,66.1055343570371,66.26714534575723,66.3205490906416,64.69771335913217,64.99589560022821,65.01692511424515,65.29871232862111,64.9908239309155,#000000,0.44320436381746836,64.99135666721811,0.30153884684431276,55.67167874036571,-4.018384582242419,True,False,True,False,True,2.1649563103929026,0.0,0.0,0.0,0.0,0,0.9401871522508843,0.9704097116843698,False,False,False,False,-0.0785027285440592,-0.12359310158950787,False,False,False,False,-132899.0,-167543.98198036093,False,False,False,False,7252.482836131874,False,False,False,False
2025-09-03 17:00:00+00:00,65.17,65.335,64.95,65.025,13471.0,64.41232680482662,64.71452015145503,64.93795686081823,64.97835038399421,65.19992029813048,65.32392311456908,64.93686442382477,64.9965958825113,65.0884734085269,65.09398299245329,65.08631901446357,65.06745535137571,64.89243356666948,64.91722233823778,65.01727013611699,65.09183381226052,65.2980466630567,65.31040346252875,65.70144619605209,65.73561538641901,65.88770961376933,65.89293438300088,66.02986927269264,66.29348168072708,64.4564991054308,64.72737116527222,64.77914032990178,65.01717477072368,65.18291746730847,65.3338168156244,65.33035122597506,65.12725427136888,64.93556593665325,64.92703723823762,65.08454425886295,65.08884391329245,65.08735119025943,65.07409335145304,64.94048162776583,64.90181570373173,64.9542800260574,65.08154001781206,65.11736259283651,65.51534304543416,65.619870306164,65.77775034479909,65.93816102902785,66.10258407498398,66.26384144386132,66.31718653687655,64.71452015145503,64.9965958825113,65.01727013611699,65.2980466630567,64.99684777503751,#000000,0.44232806503302224,64.99862272280852,0.059632836522630885,59.474398775780166,-1.056647760046225,True,False,True,False,True,1.2210829638033154,0.0,0.0,0.0,0.0,0,0.9340742611770643,0.9701944935589794,False,False,False,False,-0.05187263436050355,-0.08773286797500571,False,False,False,False,-146370.0,-167215.70318996775,False,False,False,False,7348.893954951535,False,False,False,False
2025-09-03 18:00:00+00:00,65.035,65.325,64.935,65.15,6600.0,64.44104575791617,64.72291948160006,64.93979671996685,64.97977083231375,65.19951125374942,65.32302246594648,64.93756425394945,64.99704176793297,65.08861629785561,65.09410685163097,65.08645876141964,65.06764119695484,64.89301088019671,64.9176735051984,65.01750325561466,65.09191693682202,65.29777772783973,65.31011438271001,65.70057098232431,65.73469301221617,65.8865890063956,65.891806960683,66.02856881042717,66.29189304554576,64.4774434491178,64.73442037891894,64.78369884405086,65.0181333142916,65.18261568941095,65.33285396112203,65.3294077488565,65.12729480616794,64.93625493022674,64.92774892697904,65.08469966138985,65.08898480741692,65.08749018878494,65.07426301440235,64.94097092124821,64.90232312189599,64.95464538402209,65.08164332692185,65.11739727822446,65.51473279174053,65.61910752294165,65.77677178327308,65.9369773152945,66.10119294772565,66.26227586106995,66.3155909088023,64.72291948160006,64.99704176793297,65.01750325561466,65.29777772783973,64.99980656661671,#000000,0.4409045064212053,65.00218241463241,0.335259865151792,62.84439147027689,1.8593582699741944,True,False,True,False,True,2.3544910736327544,0.0,0.0,0.0,0.0,0,0.9357520786092208,0.9674981103552527,False,False,False,False,-0.05428995239965914,-0.07101141018733242,False,False,False,False,-139770.0,-166790.1884118287,False,False,False,False,7337.283195960039,False,False,False,False
2025-09-03 19:00:00+00:00,65.13,65.245,64.885,65.0,11244.0,64.47915411323133,64.73342439431181,64.94140454592747,64.98072778307409,65.19780939676106,65.32074932169307,64.93819165333284,64.99729146048938,65.08838871628275,65.09385708244002,65.08625579478344,65.06753050485241,64.89361380418852,64.91811210435341,65.0175888898258,65.09176395847871,65.29705738951371,65.30936028347043,65.69884041116984,65.73288392068248,65.88445093439509,65.88965752367595,66.02613106236834,66.28897876337147,64.50565026738599,64.7432259452023,64.78921862660755,65.0184730617183,65.181084460097,65.33046493198589,65.32705322519455,65.12668328692187,64.9368763037862,64.92841360198602,65.08449060804651,65.08875681749466,65.08727916976741,65.07412079833024,64.94140401266523,64.90284025874251,64.95494702300051,65.08152140503996,65.11717125454057,65.51344211505031,65.61756321599168,65.77486945224324,65.93473448555106,66.09860373623157,66.25939834028091,66.31266802588596,64.73342439431181,64.99729146048938,65.0175888898258,65.29705738951371,65.00316181467407,#000000,0.4396481701454676,65.00619774369687,-0.014097053320664429,62.930674721277,2.0858630586215625,True,False,True,False,True,0.9262511550769084,0.0,0.0,0.0,0.0,0,0.9342781888874945,0.9675153643546968,False,False,False,False,-0.06687087147700632,-0.06894114083216937,False,False,False,False,-151014.0,-166545.59634342827,False,False,False,False,7397.852448735853,False,False,False,False
