date,Open,High,Low,Close,Volume,aVWAP_peak_849,aVWAP_peak_810,aVWAP_peak_780,aVWAP_peak_745,aVWAP_peak_662,aVWAP_peak_661,aVWAP_peak_622,aVWAP_peak_588,aVWAP_peak_513,aVWAP_peak_487,aVWAP_peak_474,aVWAP_peak_420,aVWAP_peak_405,aVWAP_peak_315,aVWAP_peak_259,aVWAP_peak_188,aVWAP_peak_161,aVWAP_peak_136,aVWAP_peak_114,aVWAP_peak_98,aVWAP_peak_42,aVWAP_peak_18,aVWAP_valley_855,aVWAP_valley_823,aVWAP_valley_791,aVWAP_valley_788,aVWAP_valley_762,aVWAP_valley_742,aVWAP_valley_707,aVWAP_valley_635,aVWAP_valley_592,aVWAP_valley_562,aVWAP_valley_561,aVWAP_valley_534,aVWAP_valley_492,aVWAP_valley_452,aVWAP_valley_427,aVWAP_valley_412,aVWAP_valley_390,aVWAP_valley_357,aVWAP_valley_342,aVWAP_valley_289,aVWAP_valley_288,aVWAP_valley_229,aVWAP_valley_192,aVWAP_valley_170,aVWAP_valley_132,aVWAP_valley_65,aVWAP_OB_bull_823,aVWAP_OB_bull_762,aVWAP_OB_bull_562,aVWAP_OB_bear_315,Peaks_Valleys_avg,color,StDev,StDev_Mean,StdDev_ZScore,QQEMOD,QQE1_Value,QQE1_Above_Upper,QQE1_Below_Lower,QQE2_Above_Threshold,QQE2_Below_Threshold,QQE2_Above_TL,banker_RSI,OB,OB_High,OB_Low,OB_Mitigated_Index,TTM_squeeze_Active,VI_plus,VI_minus,VI_Regular_Bullish,VI_Regular_Bearish,VI_Hidden_Bullish,VI_Hidden_Bearish,Fisher,Fisher_Signal,Fisher_Regular_Bullish,Fisher_Regular_Bearish,Fisher_Hidden_Bullish,Fisher_Hidden_Bearish,OBV,OBV_Smoothed,OBV_Regular_Bullish,OBV_Regular_Bearish,OBV_Hidden_Bullish,OBV_Hidden_Bearish,Volume_MA,Vol_Regular_Bullish,Vol_Regular_Bearish,Vol_Hidden_Bullish,Vol_Hidden_Bearish
2025-03-25 14:00:00+00:00,6.995,7.075,6.97,7.05,52442.0,,,,,,,,,,,,,,,,,,,,,,,,,,,,,,,,,,,,,,,,,,,,,,,,,,,,,,#000000,,,,,,False,False,False,False,False,,0.0,0.0,0.0,0.0,0,,,False,False,False,False,,,False,False,False,False,0.0,0.0,False,False,False,False,52442.0,False,False,False,False
2025-03-25 15:00:00+00:00,7.05,7.055,7.015,7.045,26707.0,,,,,,,,,,,,,,,,,,,,,,,,,,,,,,,,,,,,,,,,,,,,,,,,,,,,,,#000000,,,,0.0,,False,False,False,True,False,,0.0,0.0,0.0,0.0,0,,,False,False,False,False,,,False,False,False,False,-26707.0,-414.06201550387595,False,False,False,False,52043.007751937985,False,False,False,False
2025-03-25 16:00:00+00:00,7.045,7.075,7.02,7.03,37939.0,,,,,,,,,,,,,,,,,,,,,,,,,,,,,,,,,,,,,,,,,,,,,,,,,,,,,,#000000,,,,0.0,-50.0,False,False,False,True,True,,0.0,0.0,0.0,0.0,0,,,False,False,False,False,,,False,False,False,False,-64646.0,-1409.9060152635057,False,False,False,False,51824.34096508623,False,False,False,False
2025-03-25 17:00:00+00:00,7.035,7.05,6.975,6.985,43477.0,,,,,,,,,,,,,,,,,,,,,,,,,,,,,,,,,,,,,,,,,,,,,,,,,,,,,,#000000,,,,0.0,-50.0,False,False,False,True,True,,0.0,0.0,0.0,0.0,0,,,False,False,False,False,,,False,False,False,False,-108123.0,-3064.372588670273,False,False,False,False,51694.92482609265,False,False,False,False
2025-03-25 18:00:00+00:00,6.985,7.005,6.96,6.995,50692.0,,,,,,,,,,,,,,,,,,,,,,,,,,,,,,,,,,,,,,,,,,,,,,,,,,,,,,#000000,,,,5.099685204616937,-45.41028331584476,False,False,False,True,True,,0.0,0.0,0.0,0.0,0,,,False,False,False,False,,,False,False,False,False,-57431.0,-3907.266036907943,False,False,False,False,51679.37560398268,False,False,False,False
2025-03-25 19:00:00+00:00,6.995,7.005,6.975,6.985,93976.0,,,,,,,,,,,,,,,,,,,,,,,,,,,,,,,,,,,,,,,,,,,,,,,,,,,,,,#000000,,,,7.75063277645959,-43.33041161346338,False,False,False,True,True,,0.0,0.0,0.0,0.0,0,,,False,False,False,False,,,False,False,False,False,-151407.0,-6194.083617731076,False,False,False,False,52335.13722252558,False,False,False,False
2025-03-26 14:00:00+00:00,6.885,6.98,6.875,6.96,41831.0,,,,,,,,,,,,,,,,,,,,,,,,,,,,,,,,,,,,,,,,,,,,,,,,,,,,,,#000000,,,,8.24626261313723,-43.20659154131181,False,False,False,True,True,,0.0,0.0,0.0,0.0,0,,,False,False,False,False,,,False,False,False,False,-193238.0,-9093.989298076329,False,False,False,False,52172.282381866265,False,False,False,False
2025-03-26 15:00:00+00:00,6.965,6.99,6.905,6.91,41007.0,,,,,,,,,,,,,,,,,,,,,,,,,,,,,,,,,,,,,,,,,,,,,,,,,,,,,,#000000,,,,7.355082176978554,-43.20659154131181,False,False,False,True,False,,0.0,0.0,0.0,0.0,0,,,False,False,False,False,,,False,False,False,False,-234245.0,-12584.7026422922,False,False,False,False,51999.177228659035,False,False,False,False
2025-03-26 16:00:00+00:00,6.905,6.925,6.89,6.905,23063.0,,,,,,,,,,,,,,,,,,,,,,,,,,,,,,,,,,,,,,,,,,,,,,,,,,,,,,#000000,,,,6.6815966858710185,-41.42597537397181,False,False,False,True,False,,0.0,0.0,0.0,0.0,0,,,False,False,False,False,,,False,False,False,False,-257308.0,-16378.862291248912,False,False,False,False,51550.55432588913,False,False,False,False
2025-03-26 17:00:00+00:00,6.905,6.915,6.875,6.895,28767.0,,,,,,,,,,,,,,,,,,,,,,,,,,,,,,,,,,,,,,,,,,,,,,,,,,,,,,#000000,,,,6.076655944754898,-41.93692769683953,False,False,False,True,False,,0.0,0.0,0.0,0.0,0,,,False,False,False,False,,,False,False,False,False,-286075.0,-20560.19775960164,False,False,False,False,51197.320925487744,False,False,False,False
2025-03-26 18:00:00+00:00,6.895,6.92,6.86,6.86,26839.0,,,,,,,,,,,,,,,,,,,,,,,,,,,,,,,,,,,,,,,,,,,,,,,,,,,,,,#000000,,,,5.256955059367902,-42.693962560345085,False,False,False,True,False,,0.0,0.0,0.0,0.0,0,,,False,False,False,False,,,False,False,False,False,-312914.0,-25092.814848600065,False,False,False,False,50819.67253904608,False,False,False,False
2025-03-26 19:00:00+00:00,6.865,6.865,6.825,6.83,66783.0,,,,,,,,,,,,,,,,,,,,,,,,,,,,,,,,,,,,,,,,,,,,,,,,,,,,,,#000000,,6.840000000000001,,4.47123816191302,-43.44296480926183,False,False,False,True,False,,0.0,0.0,0.0,0.0,0,,,False,False,False,False,,,False,False,False,False,-379697.0,-30590.554153272933,False,False,False,False,51067.16598805311,False,False,False,False
2025-03-27 14:00:00+00:00,7.0,7.115,6.99,7.075,32387.0,,,,,,,,,,,,,,,,,,,,,,,,,,,,,,,,,,,,,,,,,,,,,,,,,,,,,,#000000,,6.911847736210548,,24.848250955494354,-29.21531284660033,False,False,False,True,True,,0.0,0.0,0.0,0.0,0,,,False,False,False,False,,,False,False,False,False,-347310.0,-35500.93315864854,False,False,False,False,50777.55101149414,False,False,False,False
2025-03-27 15:00:00+00:00,7.075,7.125,7.055,7.065,64912.0,,,,,,,,,,,,,,,,,,,,,,,,,,,,,,,,,,,,,,,,,,,,,,,,,,,,,,#000000,,6.97902930648497,,37.8031905125997,-18.659095428014233,False,False,False,True,True,,0.0,0.0,0.0,0.0,0,,,False,False,False,False,,,False,False,False,False,-412222.0,-41341.56985386329,False,False,False,False,50996.68975550198,False,False,False,False
2025-03-27 16:00:00+00:00,7.065,7.075,7.01,7.02,71645.0,,,,,,,,,,,,,,,,,,,,,,,,,,,,,,,,,,,,,,,,,,,,,,,,,,,,,,#000000,,6.9960405963961145,,43.73755046318013,-14.594862203519611,False,False,False,True,True,,0.0,0.0,0.0,0.0,0,,,False,False,False,False,,,False,False,False,False,-483867.0,-48202.42923597394,False,False,False,False,51316.81859650195,False,False,False,False
2025-03-27 17:00:00+00:00,7.02,7.065,7.015,7.035,31915.0,,,,,,,,,,,,,,,,,,,,,,,,,,,,,,,,,,,,,,,,,,,,,,,,,,,,,,#000000,,7.001083798506962,,48.36771222252554,-11.291301218135665,False,False,False,False,True,,0.0,0.0,0.0,0.0,0,,,False,False,False,False,,,False,False,False,False,-451952.0,-54462.11250363326,False,False,False,False,51016.0152074089,False,False,False,False
2025-03-27 18:00:00+00:00,7.035,7.035,7.005,7.01,36640.0,,,,,,,,,,,,,,,,,,,,,,,,,,,,,,,,,,,,,,,,,,,,,,,,,,,,,,#000000,,7.00296020358308,,49.943234778409106,-10.335994875549346,False,False,True,False,True,,0.0,0.0,0.0,0.0,0,,,False,False,False,False,,,False,False,False,False,-488592.0,-61192.80843380949,False,False,False,False,50793.131250704886,False,False,False,False
2025-03-27 19:00:00+00:00,7.01,7.095,7.01,7.075,97599.0,,,,,,,,,,,,,,,,,,,,,,,,,,,,,,,,,,,,,,,,,,,,,,,,,,,,,,#000000,,7.016812630272809,,53.918463052887176,-6.744058618870987,False,False,True,False,True,,0.0,0.0,0.0,0.0,0,,,False,False,False,False,,,False,False,False,False,-390993.0,-66305.9896984016,False,False,False,False,51518.803634414886,False,False,False,False
2025-03-28 14:00:00+00:00,7.145,7.235,6.945,6.965,124010.0,,,,,,,,,,,,,,,,,,,,,,7.048333333333332,,,,,,,,,,,,,,,,,,,,,,,,,,,,,,,7.048333333333332,#000000,,7.036289419607231,,51.15262018869285,-6.744058618870987,False,False,False,False,True,,0.0,0.0,0.0,0.0,0,,,False,False,False,False,,,False,False,False,False,-515003.0,-73262.53249377522,False,False,False,False,52642.69815171078,False,False,False,False
2025-03-28 15:00:00+00:00,6.965,7.0,6.94,6.975,37693.0,,,,,,,,,,,,,,,,,,,,,,7.030462318777841,,,,,,,,,,,,,,,,,,,,,,,,,,,,,,,7.030462318777841,#000000,,7.025595652525702,,49.782843082808355,-6.744058618870987,False,False,False,False,False,,0.0,0.0,0.0,0.0,0,,,False,False,False,False,,,False,False,False,False,-477310.0,-79526.83431557716,False,False,False,False,52410.91988579278,False,False,False,False
2025-03-28 16:00:00+00:00,6.975,6.995,6.92,6.92,20342.0,,,,,,,,,,,,,,,,,,,,,,7.020912622336967,,,,,,,,,,,,,,,,,,,,,,,,,,,,,,,7.020912622336967,#000000,,7.019501733876155,,46.68531634249814,-6.744058618870987,False,False,False,True,False,,0.0,0.0,0.0,0.0,0,,,False,False,False,False,,,False,False,False,False,-497652.0,-86009.39502386279,False,False,False,False,51913.72732942389,False,False,False,False
2025-03-28 17:00:00+00:00,6.925,6.925,6.86,6.895,35387.0,,,,,,,,,,,,,,,,,,,,,,7.000149127083409,,,,,,,,,,,,,,,,,,,,,,,,,,,,,,,7.000149127083409,#000000,,7.005555719004828,,43.722828530808734,-6.744058618870987,False,False,False,True,False,,0.0,0.0,0.0,0.0,0,,,False,False,False,False,,,False,False,False,False,-533039.0,-92940.08657388043,False,False,False,False,51657.498998735144,False,False,False,False
2025-03-28 18:00:00+00:00,6.895,6.915,6.875,6.905,23614.0,,,,,,,,,,,,,,,,,,,,,,6.990174773003216,,,,,,,,,,,,,,,,,,,,,,,,,,,,,,,6.990174773003216,#000000,,6.998500172867711,,42.350233279150146,1.893369674571879,False,False,False,True,False,,0.0,0.0,0.0,0.0,0,,,False,False,False,False,,,False,False,False,False,-509425.0,-99397.21701459546,False,False,False,False,51222.7160685222,False,False,False,False
2025-03-28 19:00:00+00:00,6.905,6.925,6.86,6.88,59572.0,,,,,,,,,,,,,,,,,,,,,,6.969993352582568,,,,,,,,,,,,,,,,,,,,,,,,,,,,,,,6.969993352582568,#000000,,6.983385384555163,,40.437910380230036,-0.49220541672938367,False,False,False,True,False,,0.0,0.0,0.0,0.0,0,,,False,False,False,False,,,False,False,False,False,-568997.0,-106677.83380506685,False,False,False,False,51352.16233102573,False,False,False,False
2025-03-31 14:00:00+00:00,6.835,6.925,6.745,6.82,58295.0,,,,,,,,,,,,,,,,,,,,,,6.947255495528628,,,,,,,,,,,,,,,,,,,,,,,,,,,,,,,6.947255495528628,#000000,,6.965626888355152,,37.09551565156487,-4.166037443773597,False,False,False,True,False,,0.0,0.0,0.0,0.0,0,,,False,False,False,False,,,False,False,False,False,-627292.0,-114749.3712654534,False,False,False,False,51459.803225118354,False,False,False,False
2025-03-31 15:00:00+00:00,6.825,6.885,6.825,6.825,35321.0,,,,,,,,,,,,,,,,,,,,,,6.9380940169205765,,,,,,,,,,,,,,,,,,,,,,,,,,,,,,,6.9380940169205765,#000000,,6.95796270112613,,35.229896179109446,-6.406752716132523,False,False,False,True,False,,0.0,0.0,0.0,0.0,0,,,False,False,False,False,,,False,False,False,False,-591971.0,-122148.15620707427,False,False,False,False,51209.58922162815,False,False,False,False
2025-03-31 16:00:00+00:00,6.825,6.945,6.825,6.885,43182.0,,,,,,,,,,,,,,,,,,,,,,6.932852540068645,,,,,,,,,,,,,,,,,,,,,,,,,,,,,,,6.932852540068645,#000000,,6.952953865946933,,37.965455390593775,-6.406752716132523,False,False,False,True,False,,0.0,0.0,0.0,0.0,0,,,False,False,False,False,,,False,False,False,False,-548789.0,-128762.74293254598,False,False,False,False,51085.13047400601,False,False,False,False
2025-03-31 17:00:00+00:00,6.885,6.905,6.875,6.885,34307.0,,,,,,,,,,,,,,,,,,,,,,6.929614791590262,,,,,,,,,,,,,,,,,,,,,,,,,,,,,,,6.929614791590262,#000000,,6.949671450332427,,39.78916153158332,-6.406752716132523,False,False,False,True,True,,0.0,0.0,0.0,0.0,0,,,False,False,False,False,,,False,False,False,False,-548789.0,-135274.77792583985,False,False,False,False,50825.004420145444,False,False,False,False
2025-03-31 18:00:00+00:00,6.885,6.935,6.865,6.865,45988.0,,,,,,,,,,,,,,,,,,,,,,6.925947781033562,,,,,,,,,,,,,,,,,,,,,,,,,,,,,,,6.925947781033562,#000000,,6.945802703910836,,40.01336479504642,-6.406752716132523,False,False,False,True,True,,0.0,0.0,0.0,0.0,0,,,False,False,False,False,,,False,False,False,False,-594777.0,-142398.84338435397,False,False,False,False,50750.01210355404,False,False,False,False
2025-03-31 19:00:00+00:00,6.865,6.91,6.86,6.885,136271.0,,,,,,,,,,,,,,,,,,,,,,6.917415443646257,,,,,,,,,,,,,,,,,,,,,,,,,,,,,,,6.917415443646257,#000000,,6.936331648096392,,41.58252893061484,-6.406752716132523,False,False,False,True,True,,0.0,0.0,0.0,0.0,0,,,False,False,False,False,,,False,False,False,False,-458506.0,-147299.72953343374,False,False,False,False,52075.91889264623,False,False,False,False
2025-04-01 14:00:00+00:00,6.72,6.75,6.545,6.615,41729.0,,,,,,,,,,,,,,,,,,,,,,6.900576029414512,,,,,,,,,,,,,,,,,,,,,,,,,,,,,,,6.900576029414512,#000000,,6.826792837394284,,34.86636011847233,-8.244811954686206,False,False,False,True,False,,0.0,0.0,0.0,0.0,0,,,False,False,False,False,,,False,False,False,False,-500235.0,-152771.5941918301,False,False,False,False,51915.50154547342,False,False,False,False
2025-04-01 15:00:00+00:00,6.615,6.775,6.61,6.735,81613.0,,,,,,,,,,,,,,,,,,,,,,6.880217048060611,,,,,,,,,,,,,,,,,,,,,,,,,,,,,,,6.880217048060611,#000000,,6.829990364542444,,35.79882133540188,-8.244811954686206,False,False,False,True,False,,0.0,0.0,0.0,0.0,0,,,False,False,False,False,,,False,False,False,False,-418622.0,-156893.30590978623,False,False,False,False,52375.927878101735,False,False,False,False
2025-04-01 16:00:00+00:00,6.735,6.735,6.615,6.635,33957.0,,,,,,,,,,,,,,,,,,,,,,6.871069397245425,,,,,,,,,,,,,,,,,,,,,,,,,,,,,,,6.871069397245425,#000000,,6.822933707348313,,34.38356954723346,-9.039494892111776,False,False,False,True,False,,0.0,0.0,0.0,0.0,0,,,False,False,False,False,,,False,False,False,False,-452579.0,-161477.58023676628,False,False,False,False,52090.36310479783,False,False,False,False
2025-04-01 17:00:00+00:00,6.635,6.685,6.635,6.645,46267.0,,,,,,,,,,,,,,,,,,,,,,6.859411877430378,,,,,,,,,,,,,,,,,,,,,,,,,,,,,,,6.859411877430378,#000000,,6.814039311465244,,33.84904240394394,-9.91211208668608,False,False,False,True,False,,0.0,0.0,0.0,0.0,0,,,False,False,False,False,,,False,False,False,False,-406312.0,-165273.46271371565,False,False,False,False,52000.078405498636,False,False,False,False
2025-04-01 18:00:00+00:00,6.645,6.69,6.63,6.66,30311.0,,,,,,,,,,,,,,,,,,,,,,6.8526040696401855,,,,,,,,,,,,,,,,,,,,,,,,,,,,,,,6.8526040696401855,#000000,,6.809249862103599,,34.15056394171965,-10.046369848329846,False,False,False,True,False,,0.0,0.0,0.0,0.0,0,,,False,False,False,False,,,False,False,False,False,-376001.0,-168540.5563150534,False,False,False,False,51663.81362401803,False,False,False,False
2025-04-01 19:00:00+00:00,6.655,6.72,6.655,6.71,69980.0,,,,,,,,,,,,,,,,,,,,,,6.8410894698030305,,,,,,,,,,,,,,,,,,,,,,,,,,,,,,,6.8410894698030305,#000000,,6.803643799479559,,36.5086683206313,-10.046369848329846,False,False,False,True,False,,0.0,0.0,0.0,0.0,0,,,False,False,False,False,,,False,False,False,False,-306021.0,-170672.03606210684,False,False,False,False,51947.7855058162,False,False,False,False
2025-04-02 14:00:00+00:00,6.575,6.645,6.565,6.63,34573.0,,,,,,,,,,,,,,,,,,,,,,6.83315505052337,,,,,,,,,,,,,,,,,,,,,,,,,,,,,,,6.83315505052337,#000000,,6.79652551415181,,35.99910638698486,-10.046369848329846,False,False,False,True,False,,0.0,0.0,0.0,0.0,0,,,False,False,False,False,,,False,False,False,False,-340594.0,-173306.4851154075,False,False,False,False,51678.408986346185,False,False,False,False
2025-04-02 15:00:00+00:00,6.635,6.695,6.62,6.63,32668.0,,,,,,,,,,,,,,,,,,,,,,6.827265016714141,,,,,,,,,,,,,,,,,,,,,,,,,,,,,,,6.827265016714141,#000000,,6.792102337893845,,35.659398431220566,-10.046369848329846,False,False,False,True,False,,0.0,0.0,0.0,0.0,0,,,False,False,False,False,,,False,False,False,False,-340594.0,-175900.08999733915,False,False,False,False,51383.673963302055,False,False,False,False
2025-04-02 16:00:00+00:00,6.625,6.67,6.625,6.655,14798.0,,,,,,,,,,,,,,,,,,,,,,6.82474244414569,,,,,,,,,,,,,,,,,,,,,,,,,,,,,,,6.82474244414569,#000000,,6.790237250158497,,36.65804025579171,-10.046369848329846,False,False,False,True,False,,0.0,0.0,0.0,0.0,0,,,False,False,False,False,,,False,False,False,False,-325796.0,-178224.0575942796,False,False,False,False,50816.45421193303,False,False,False,False
2025-04-02 17:00:00+00:00,6.655,6.67,6.575,6.575,16002.0,,,,,,,,,,,,,,,,,,,,,,6.821437477112297,,,,,,,,,,,,,,,,,,,,,,,,,,,,,,,6.821437477112297,#000000,,6.787331864929661,,35.14510372937304,-10.659385109717014,False,False,False,True,False,,0.0,0.0,0.0,0.0,0,,,False,False,False,False,,,False,False,False,False,-341798.0,-180760.087709097,False,False,False,False,50276.69523190306,False,False,False,False
2025-04-02 18:00:00+00:00,6.575,6.61,6.575,6.58,53608.0,,,,,,,,,,,,,,,,,,,,,,6.810174401766098,,,,,,,,,,,,,,,,,,,,,,,,,,,,,,,6.810174401766098,#000000,,6.777166868083853,,34.402327828622255,-11.65364433048856,False,False,False,True,False,,0.0,0.0,0.0,0.0,0,,,False,False,False,False,,,False,False,False,False,-288190.0,-182425.66774461485,False,False,False,False,50328.34336784254,False,False,False,False
2025-04-02 19:00:00+00:00,6.585,6.645,6.585,6.61,108250.0,,,,,,,,,,,,,,,,,,,,,,6.792676347457332,,,,,,,,,,,,,,,,,,,,,,,,,,,,,,,6.792676347457332,#000000,,6.762980589828396,,35.550228844685975,-11.65364433048856,False,False,False,True,False,,0.0,0.0,0.0,0.0,0,,,False,False,False,False,,,False,False,False,False,-179940.0,-182387.13026020222,False,False,False,False,51226.35354818607,False,False,False,False
2025-04-03 14:00:00+00:00,6.495,6.815,6.49,6.74,88849.0,,,,,,,,,,,,,,,,,,,,,6.6816666666666675,6.785127597065228,,,,,,,,,,,,,,,,,,,,,,,,,,,,,,,6.733397131865948,#000000,,6.739745373045052,,41.77963258575798,-12.303301976654865,True,False,False,True,True,,0.0,0.0,0.0,0.0,0,,,False,False,False,False,,,False,False,False,False,-91091.0,-180971.6863801991,False,False,False,False,51809.65039240023,False,False,False,False
2025-04-03 15:00:00+00:00,6.735,6.75,6.665,6.695,49914.0,,,,,,,,,,,,,,,,,,,,,6.689460314829362,6.782117883928331,,,,,,,,,,,,,,,,,,,,,,,,,,,,,,,6.735789099378847,#000000,,6.740875991304808,,44.248646995978035,-10.137280942314632,True,False,False,True,True,,0.0,0.0,0.0,0.0,1,,,False,False,False,False,,,False,False,False,False,-141005.0,-180352.04783166887,False,False,False,False,51780.26046383589,False,False,False,False
2025-04-03 16:00:00+00:00,6.695,6.75,6.645,6.645,39501.0,,,,,,,,,,,,,,,,,,,,,6.687364031249532,6.779228376224865,,,,,,,,,,,,,,,,,,,,,,,,,,,,,,,6.733296203737199,#000000,,6.739091181678234,,44.18486728624612,-10.137280942314632,True,False,False,True,True,,0.0,0.0,0.0,0.0,1,,,False,False,False,False,,,False,False,False,False,-180506.0,-180354.43468699182,False,False,False,False,51589.88433261363,False,False,False,False
2025-04-03 17:00:00+00:00,6.645,6.65,6.605,6.605,26256.0,,,,,,,,,,,,,,,,,,,,,6.678715928352566,6.776288895310601,,,,,,,,,,,,,,,,,,,,,,,,,,,,,,,6.727502411831583,#000000,,6.735110363231027,,42.88227447110907,-10.137280942314632,True,False,False,True,True,,0.0,0.0,0.0,0.0,1,,,False,False,False,False,,,False,False,False,False,-206762.0,-180763.85430424774,False,False,False,False,51197.11093210799,False,False,False,False
2025-04-03 18:00:00+00:00,6.605,6.635,6.555,6.63,16344.0,,,,,,,,,,,,,,,,,,,,,6.673384262110017,6.774361812138913,,,,,,,,,,,,,,,,,,,,,,,,,,,,,,,6.723873037124465,#000000,,6.732543732084022,,43.14656729823022,-10.137280942314632,True,False,False,True,True,,0.0,0.0,0.0,0.0,1,,,False,False,False,False,,,False,False,False,False,-190418.0,-180913.53098170127,False,False,False,False,50656.752623083055,False,False,False,False
2025-04-03 19:00:00+00:00,6.625,6.665,6.55,6.595,172349.0,,,,,,,,,,,,,,,,,,,,,6.642680273371768,6.756064180929979,,,,,,,,,,,,,,,,,,,,,,,,,,,,,,,6.6993722271508735,#000000,,6.713167013489199,,42.125437518635835,-10.137280942314632,True,False,False,True,False,,0.0,0.0,0.0,0.0,1,,,False,False,False,False,,,False,False,False,False,-362767.0,-183732.96460989196,False,False,False,False,52543.4541328027,False,False,False,False
2025-04-04 14:00:00+00:00,6.285,6.285,5.98,6.1,137399.0,,,,,,,,,,,,,,,,,,,,,6.507766723456436,6.706208268748629,,,,,,,,,,,,,,,,,,,,,,,,,,,,,,,6.6069874961025326,#000000,,6.63955721561592,,33.87127971789224,-11.537845210125184,False,True,False,True,False,,0.0,0.0,0.0,0.0,0,,,False,False,False,False,,,False,False,False,False,-500166.0,-188638.90314307192,False,False,False,False,53859.043991208855,False,False,False,False
2025-04-04 15:00:00+00:00,6.095,6.255,6.095,6.11,29130.0,,,,,,,,,,,,,,,,,,,,,6.489321359959886,6.697147549714576,,,,,,,,,,,,,,,,,,,,,,,,,,,,,,,6.593234454837232,#000000,,6.627873630927122,,28.7188497116112,-16.005055117123526,False,True,False,True,False,0.0,0.0,0.0,0.0,0.0,0,,,False,False,False,False,,,False,False,False,False,-471036.0,-193017.15270674523,False,False,False,False,53475.647960337395,False,False,False,False
2025-04-04 16:00:00+00:00,6.115,6.155,6.025,6.045,114793.0,,,,,,,,,,,,,,,,,,,,,6.418811761682739,6.659405541201858,,,,,,,,,,,,,,,,,,,,,,,,,,,,,,,6.539108651442298,#000000,,6.580843525038453,,24.761609530442115,-19.339074223485383,False,True,False,True,False,0.0,0.0,0.0,0.0,0.0,0,,,False,False,False,False,,,False,False,False,False,-585829.0,-199107.25886633055,False,False,False,False,54426.30458110735,False,False,False,False
2025-04-04 17:00:00+00:00,6.045,6.075,5.965,6.07,65827.0,,,,,,,,,,,,,,,,,,,,,6.3848345111355425,6.638470434775206,,,,,,,,,,,,,,,,,,,,,,,,,,,,,,,6.511652472955374,#000000,,6.556197464006306,,23.107721189399612,-20.664684892389914,False,True,False,True,False,0.0,0.0,0.0,0.0,0.0,0,,,False,False,False,False,,,False,False,False,False,-520002.0,-204082.37113196883,False,False,False,False,54603.059548842124,False,False,False,False
2025-04-04 18:00:00+00:00,6.075,6.105,5.995,6.02,28570.0,,,,,,,,,,,,,,,,,,,,,6.372022036192189,6.629863922208183,,,,,,,,,,,,,,,,,,,,,,,,,,,,,,,6.500942979200186,#000000,,6.546402667206218,,21.51681277355406,-22.135508513211022,False,True,False,True,False,0.0,0.0,0.0,0.0,0.0,0,,,False,False,False,False,,,False,False,False,False,-548572.0,-209423.29561054296,False,False,False,False,54199.44622250348,False,False,False,False
2025-04-04 19:00:00+00:00,6.025,6.075,5.985,5.99,77694.0,,,,,,,,,,,,,,,,,,,,,6.339411438265932,6.606785750155172,,,,,,,,,,,,,,,,,,,,,,,,,,,,,,,6.473098594210552,#000000,,6.520636828137384,,20.16549941302209,-23.528743417403554,False,True,False,True,False,0.0,0.0,0.0,0.0,0.0,0,,,False,False,False,False,,,False,False,False,False,-626266.0,-215885.9731979764,False,False,False,False,54563.702870216606,False,False,False,False
2025-04-07 14:00:00+00:00,5.925,6.15,5.865,6.005,67470.0,,,,,,,,,,,,,,,,,,,,,6.314851337642144,6.587792697899242,,,,,,,,,,,,,,,,,,,,,,,,,,,,,,,6.451322017770693,#000000,,6.500103101082476,,19.981559957920332,-23.973349001720862,False,True,False,True,False,0.0,0.0,0.0,0.0,0.0,0,,,False,False,False,False,,,False,False,False,False,-558796.0,-221202.40772203874,False,False,False,False,54763.80050013573,False,False,False,False
2025-04-07 15:00:00+00:00,6.005,6.075,5.765,5.88,82986.0,,,,,,,,,,,,,,,,,,,,,6.280878592064978,6.562271922022256,,,,,,,,,,,,,,,,,,,,,,,,,,,,,,,6.421575257043617,#000000,,6.472175265066053,,18.575313993302792,-25.647600334188958,False,True,False,True,False,0.0,0.0,0.0,0.0,0.0,0,,,False,False,False,False,,,False,False,False,False,-641782.0,-227723.02155580558,False,False,False,False,55201.35398075378,False,False,False,False
2025-04-07 16:00:00+00:00,5.88,5.89,5.68,5.685,70770.0,,,,,,,,,,,,,,,,,,,,,6.2458060090099865,6.537172698661323,,,,,,,,,,,,,,,,,,,,,,,,,,,,,,,6.391489353835654,#000000,,6.444159937179229,,16.291319655614735,-28.105802100432893,False,True,False,True,False,0.0,0.0,0.0,0.0,0.0,0,,,False,False,False,False,,,False,False,False,False,-712552.0,-235239.74990377759,False,False,False,False,55442.72833764132,False,False,False,False
2025-04-07 17:00:00+00:00,5.685,5.86,5.685,5.835,82940.0,,,,,,,,,,,,,,,,,,,,,6.213195351549193,6.511125303458263,,,,,,,,,,,,,,,,,,,,,,,,,,,,,,,6.362160327503728,#000000,,6.41623887484092,,20.10983718251718,-28.105802100432893,False,True,False,True,True,0.0,0.0,0.0,0.0,0.0,0,,,False,False,False,False,,,False,False,False,False,-629612.0,-241354.04835488182,False,False,False,False,55869.042626980205,False,False,False,False
2025-04-07 18:00:00+00:00,5.845,5.855,5.675,5.685,125338.0,,,,,,,,,,,,,,,,,,,,,6.166555702266487,6.472285958331929,,,,,,,,,,,,,,,,,,,,,,,,,,,,,,,6.319420830299208,#000000,,6.375191180604603,,21.08711255229015,-28.105802100432893,False,True,False,True,True,0.0,0.0,0.0,0.0,0.0,0,,,False,False,False,False,,,False,False,False,False,-754950.0,-249316.77628736425,False,False,False,False,56946.08072578671,False,False,False,False
2025-04-07 19:00:00+00:00,5.685,5.775,5.655,5.76,127492.0,,,,,,,,,,,,,,,,,,,,,6.126903032535349,6.436184270124413,,,,,,,,,,,,,,,,,,,,,,,,,,,,,,,6.281543651329882,#000000,,6.338167895165628,,23.972481470355753,-31.581386615016072,False,True,False,True,True,0.0,0.0,0.0,0.0,0.0,0,,,False,False,False,False,,,False,False,False,False,-627458.0,-255179.4309185679,False,False,False,False,58039.815908332646,False,False,False,False
2025-04-08 14:00:00+00:00,5.92,6.045,5.905,5.93,57597.0,,,,,,,,,,,,,,,,,,,,,6.120324200775744,6.425946410611791,,,,,,,,,,,,,,,,,,,,,,,,,,,,,,,6.273135305693767,#000000,,6.329128824767799,,30.15142235115125,-25.800352935269274,False,True,False,True,True,0.0,0.0,0.0,0.0,0.0,0,,,False,False,False,False,,,False,False,False,False,-569861.0,-260058.21493533428,False,False,False,False,58032.95054541276,False,False,False,False
2025-04-08 15:00:00+00:00,5.925,5.945,5.8,5.915,104605.0,,,,,,,,,,,,,,,,,,,,,6.104714690156747,6.405680521935563,,,,,,,,,,,,,,,,,,,,,,,,,,,,,,,6.2551976060461545,#000000,,6.310426708379579,,34.01966436890858,-22.33552471650202,False,False,False,True,True,0.0,0.0,0.0,0.0,0.0,0,,,False,False,False,False,,,False,False,False,False,-674466.0,-266483.14183556166,False,False,False,False,58754.99782377845,False,False,False,False
2025-04-08 16:00:00+00:00,5.915,5.915,5.8,5.805,45114.0,,,,,,,,,,,,,,,,,,,,,6.097301407627108,6.396658593985313,,,,,,,,,,,,,,,,,,,,,,,,,,,,,,,6.246980000806211,#000000,,6.301955093870213,,34.82346394441601,-21.616082366482555,False,False,False,True,True,0.0,0.0,0.0,0.0,0.0,0,,,False,False,False,False,,,False,False,False,False,-719580.0,-273507.8993264832,False,False,False,False,58543.5094854253,False,False,False,False
2025-04-08 17:00:00+00:00,5.805,5.845,5.755,5.835,47484.0,,,,,,,,,,,,,,,,,,,,,6.089123103166744,6.387000662341455,,,,,,,,,,,,,,,,,,,,,,,,,,,,,,,6.238061882754099,#000000,,6.292809711423721,,36.15721825114432,-20.212110262303437,False,False,False,True,True,0.0,0.0,0.0,0.0,0.0,0,,,False,False,False,False,,,False,False,False,False,-672096.0,-279687.55980204156,False,False,False,False,58372.044222085366,False,False,False,False
2025-04-08 18:00:00+00:00,5.835,5.88,5.755,5.755,37000.0,,,,,,,,,,,,,,,,,,,,,6.082740687372621,6.379502839413787,,,,,,,,,,,,,,,,,,,,,,,,,,,,,,,6.231121763393205,#000000,,6.285699052998078,,35.732840985563726,-20.212110262303437,False,False,False,True,True,0.0,0.0,0.0,0.0,0.0,0,,,False,False,False,False,,,False,False,False,False,-709096.0,-286345.0549989091,False,False,False,False,58040.694699262334,False,False,False,False
2025-04-08 19:00:00+00:00,5.755,5.755,5.625,5.695,79243.0,,,,,,,,,,,,,,,,,,,,,6.065278305107348,6.361287979370871,,,,,,,,,,,,,,,,,,,,,,,,,,5.691666666666666,,,,,6.039410983714962,#000000,,6.152578285980835,,34.53266208138231,-20.212110262303437,False,False,False,True,True,0.0,0.0,0.0,0.0,0.0,0,,,False,False,False,False,,,False,False,False,False,-788339.0,-294127.90685939114,False,False,False,False,58369.41261090168,False,False,False,False
2025-04-09 14:00:00+00:00,6.0,6.065,5.775,5.775,62340.0,,,,,,,,,,,,,,,,,,,,,6.05870796395945,6.351295979181664,,,,,,,,,,,,,,,,,,,,,,,,,,5.770921944489569,,,,,6.060308629210227,#000000,,6.16133581550308,,36.126143063524516,-19.438184383059053,False,False,False,True,True,0.0,0.0,0.0,0.0,0.0,1,,,False,False,False,False,,,False,False,False,False,-725999.0,-300823.5827220362,False,False,False,False,58430.972105306304,False,False,False,False
2025-04-09 15:00:00+00:00,5.775,5.935,5.76,5.855,55988.0,,,,,,,,,,,,,,,,,,,,,6.052535124711677,6.342273482770877,,,,,,,,,,,,,,,,,,,,,,,,,,5.793331215951059,,,,,6.062713274477871,#000000,,6.159351936757051,,39.340222601568584,-16.15743177789235,True,False,False,True,True,0.0,0.0,0.0,0.0,0.0,1,,,False,False,False,False,,,False,False,False,False,-670011.0,-306547.41864882637,False,False,False,False,58393.09656878993,False,False,False,False
2025-04-09 16:00:00+00:00,5.855,5.96,5.84,5.945,75631.0,,,,,,,,,,,,,,,,,,,,,6.047251272123743,6.332131784879851,,,,,,,,,,,,,,,,,,,,,,,,,,5.827013003809148,,,,,6.068798686937581,#000000,,6.159239028868239,,43.62782740433724,-12.036010517263634,True,False,False,True,True,0.0,0.0,0.0,0.0,0.0,1,,,False,False,False,False,,,False,False,False,False,-594380.0,-311009.9392899298,False,False,False,False,58660.35088555288,False,False,False,False
2025-04-09 17:00:00+00:00,5.945,6.215,5.895,6.2,75267.0,,,,,,,,,,,,,,,,,,,,,6.049316513617082,6.326851916123303,,,,,,,,,,,,,,,,,,,,,,,,,,5.886696368017433,,,,,6.087621599252606,#000000,,6.168829288477445,,50.85832306868609,-5.408368369455204,True,False,True,False,True,0.0,0.0,0.0,0.0,0.0,0,,,False,False,False,False,,,False,False,False,False,-519113.0,-314236.3433319464,False,False,False,False,58917.818313683834,False,False,False,False
2025-04-09 18:00:00+00:00,6.2,6.23,6.115,6.165,20947.0,,,,,,,,,,,,,,,,,,,,,6.05054080190956,6.325851001875762,,,,,,,,,,,,,,,,,,,,,,,,,,5.902760537352651,,,,,6.093050780379325,#000000,,6.171808455793506,,54.79356271176339,-2.0018112837458375,True,False,True,False,True,0.0,0.0,0.0,0.0,0.0,0,,,False,False,False,False,,,False,False,False,False,-540060.0,-317737.4852957922,False,False,False,False,58329.123456107336,False,False,False,False
2025-04-09 19:00:00+00:00,6.165,6.335,6.145,6.235,78335.0,,,,,,,,,,,,,,,,,,,,,6.05740479653299,6.323811169055055,,,,,,,,,,,,,,,,,,,,,,,,,,5.961469719405057,,,,,6.114228561664368,#000000,,6.184182231296589,,58.45996531767914,1.2314091846832156,True,False,True,False,True,0.0,0.0,0.0,0.0,0.0,0,,,False,False,False,False,,,False,False,False,False,-461725.0,-319969.8498648497,False,False,False,False,58639.29208469482,False,False,False,False
2025-04-10 14:00:00+00:00,6.32,6.58,6.315,6.53,119025.0,,,,,,,,,,,,,,,,,,,,,6.07937646704665,6.328982313180471,,,,,,,,,,,,,,,,,,,,,,,,,,6.069312926682382,,,,,6.159223902303168,#000000,,6.2141343290968445,,64.14631942205855,6.361033555953043,True,False,True,False,True,0.2088933384885152,0.0,0.0,0.0,0.0,0,,,False,False,False,False,,,False,False,False,False,-342700.0,-320322.2552933016,False,False,False,False,59575.504610513504,False,False,False,False
2025-04-10 15:00:00+00:00,6.535,6.605,6.435,6.45,87517.0,,,,,,,,,,,,,,,,,,,,,6.094918771709192,6.333095957162341,,,,,,,,,,,,,,,,,,,,,,,,,,6.126474958466621,,,,,6.184829895779385,#000000,,6.23174885326654,,65.92787252657143,7.919535755468722,True,False,True,False,True,0.0,0.0,0.0,0.0,0.0,0,,,False,False,False,False,,,False,False,False,False,-430217.0,-322026.0497848783,False,False,False,False,60008.70608942027,False,False,False,False
2025-04-10 16:00:00+00:00,6.445,6.565,6.4,6.555,50584.0,,,,,,,,,,,,,,,,,,,,,6.103595963808397,6.33552266003176,,,,,,,,,,,,,,,,,,,,,,,,,,6.153758608475901,,,,,6.197625744105352,"rgba(38, 166, 154, 0.5)",0.4503028710497818,6.240729068061105,0.6979101225942469,68.187812627721,10.131062738149232,True,False,True,False,True,0.8345665691698798,0.0,0.0,0.0,0.0,0,,,False,False,False,False,,,False,False,False,False,-379633.0,-322919.1807959655,False,False,False,False,59862.586615165696,False,False,False,False
2025-04-10 17:00:00+00:00,6.555,6.615,6.445,6.575,22173.0,,,,,,,,,,,,,,,,,,,,,6.107636155684496,6.3367986141825146,,,,,,,,,,,,,,,,,,,,,,,,,,6.165690381220917,,,,,6.203375050362642,"rgba(38, 166, 154, 0.5)",0.4462323456522477,6.244835481454682,0.7398937386816382,69.89543818205476,11.959211336812288,True,False,True,False,True,1.3154129515953485,0.0,0.0,0.0,0.0,0,,,False,False,False,False,,,False,False,False,False,-357460.0,-323454.6973727722,False,False,False,False,59278.25193896158,False,False,False,False
2025-04-10 18:00:00+00:00,6.575,6.64,6.525,6.595,34276.0,,,,,,,,,,,,,,,,,,,,,6.114319482502885,6.339129410208665,,,,,,,,,,,,,,,,,,,,,,,,,,6.184643343762507,,,,,6.212697412158019,"rgba(38, 166, 154, 0.5)",0.44215358507287217,6.251591075061272,0.7766733925319856,71.24961991731249,13.572558720724693,True,False,True,False,True,1.7996875315969483,0.0,0.0,0.0,0.0,0,,,False,False,False,False,,,False,False,False,False,-323184.0,-323450.50051427964,False,False,False,False,58890.62012595442,False,False,False,False
2025-04-10 19:00:00+00:00,6.595,6.62,6.435,6.5,70749.0,,,,,,,,,,,,,,,,,,,,,6.125628526957697,6.342514644608415,,,,,,,,,,,,,,,,,,,,,,,,,,6.213016066260054,,,,,6.227053079275389,"rgba(38, 166, 154, 0.5)",0.4380939983055602,6.26198135529355,0.5433049656627296,69.32395503391496,13.572558720724693,True,False,True,False,True,0.0,0.0,0.0,0.0,0.0,0,,,False,False,False,False,,,False,False,False,False,-393933.0,-324543.2524442908,False,False,False,False,59074.47097671481,False,False,False,False
2025-04-11 14:00:00+00:00,6.765,6.835,6.73,6.795,109019.0,,,,,,,,,,,,,,,,,,,,,6.152962219206457,6.355077648835113,,,,,,,,,,,,,,,,,,,,,,,,,,6.279469379962754,,,,,6.2625030826681085,"rgba(38, 166, 154, 1.0)",0.43586553633634145,6.289046661675751,1.1608014310491914,71.33323988858646,14.210943813855437,True,False,True,False,True,6.16254354114897,0.0,0.0,0.0,0.0,0,,,False,False,False,False,,,False,False,False,False,-284914.0,-323928.84542965057,False,False,False,False,59848.80476002155,False,False,False,False
2025-04-11 15:00:00+00:00,6.795,6.855,6.755,6.825,46168.0,,,,,,,,,,,,,,,,,,,,,6.1642982792606205,6.360482141419569,,,,,,,,,,,,,,,,,,,,,,,,,,6.304356881287171,,,,,6.276379100655785,"rgba(38, 166, 154, 1.0)",0.43374332302673096,6.299843585811628,1.2107538867082637,72.93318908766014,16.111395150215145,True,False,True,False,True,6.7932175036769245,0.0,0.0,0.0,0.0,0,,,False,False,False,False,,,False,False,False,False,-238746.0,-322608.1811594234,False,False,False,False,59636.699259866175,False,False,False,False
2025-04-11 16:00:00+00:00,6.825,6.85,6.795,6.81,41837.0,,,,,,,,,,,,,,,,,,,,,6.17434146283573,6.365341061220652,,,,,,,,,,,,,,,,,,,,,,,,,,6.325252084590502,,,,,6.288311536215628,"rgba(38, 166, 154, 1.0)",0.43160368248978087,6.309217382784254,1.1602834672931743,73.5552724079454,17.136463263832752,True,False,True,False,True,6.412663776210181,0.0,0.0,0.0,0.0,0,,,False,False,False,False,,,False,False,False,False,-280583.0,-321956.62796315324,False,False,False,False,59360.73493025584,False,False,False,False
2025-04-11 17:00:00+00:00,6.805,6.9,6.795,6.875,58565.0,,,,,,,,,,,,,,,,,,,,,6.188699759906808,6.372533200660664,,,,,,,,,,,,,,,,,,,,,,,,,,6.3538659717829535,,,,,6.305032977450142,"rgba(38, 166, 154, 1.0)",0.4305026080008068,6.322500799611907,1.2833817731182187,74.63090546971009,18.619195652918165,True,False,True,False,True,7.795257655840587,0.0,0.0,0.0,0.0,0,,,False,False,False,False,,,False,False,False,False,-222018.0,-320407.19187070127,False,False,False,False,59348.39795459296,False,False,False,False
2025-04-11 18:00:00+00:00,6.875,6.925,6.875,6.895,33589.0,,,,,,,,,,,,,,,,,,,,,6.197162178218408,6.37691081412174,,,,,,,,,,,,,,,,,,,,,,,,,,6.370176397892953,,,,,6.314749796744366,"rgba(38, 166, 154, 1.0)",0.43031476013819653,6.3302945346624435,1.3123079142258556,75.55318301768418,19.9502574082518,True,False,True,False,True,8.21792738994646,0.0,0.0,0.0,0.0,0,,,False,False,False,False,,,False,False,False,False,-188429.0,-318361.018353326,False,False,False,False,58949.02744366904,False,False,False,False
2025-04-11 19:00:00+00:00,6.895,6.905,6.82,6.825,114648.0,,,,,,,,,,,,,,,,,,,,,6.2226955468003124,6.3899833452275905,,,,,,,,,,,,,,,,,,,,,,,,,,6.41468709602684,,,,,6.342455329351581,"rgba(38, 166, 154, 1.0)",0.4294043433526155,6.352799144754907,1.0996648323543725,73.72934197433597,19.9502574082518,True,False,True,False,True,6.389772314699933,0.0,0.0,0.0,0.0,0,,,False,False,False,False,,,False,False,False,False,-303077.0,-318124.0568284683,False,False,False,False,59812.57740578269,False,False,False,False
2025-04-14 14:00:00+00:00,6.94,7.085,6.94,7.015,84193.0,,,,,,,,,,,,,,,,,,,,,6.244770099600422,6.402380830837617,,,,,,,,,,,,,,,,,,,,,,,,,,6.452867576096855,,,,,6.366672835511632,"rgba(38, 166, 154, 1.0)",0.4311069138522044,6.479547137414065,1.2420419283034343,74.74723834481402,19.9502574082518,True,False,True,False,True,10.324933334549517,0.0,0.0,0.0,0.0,0,,,False,False,False,False,,,False,False,False,False,-218884.0,-316585.45129624393,False,False,False,False,60190.568453755055,False,False,False,False
2025-04-14 15:00:00+00:00,7.015,7.02,6.895,6.895,55524.0,,,,,,,,,,,,,,,,,,,,,6.257279498693168,6.409297879644661,,,,,,,,,,,,,,,,,,,,,,,,,,6.472395134405047,,,,,6.379657504247625,"rgba(38, 166, 154, 0.5)",0.4315161621517774,6.483510356896741,0.9535903384275204,71.91176319306324,19.9502574082518,True,False,True,False,False,7.283434683104009,0.0,0.0,0.0,0.0,0,,,False,False,False,False,,,False,False,False,False,-274408.0,-315931.53732265875,False,False,False,False,60118.21855524723,False,False,False,False
2025-04-14 16:00:00+00:00,6.895,6.945,6.875,6.915,30566.0,,,,,,,,,,,,,,,,,,,,,6.26372841521457,6.412852911229113,,,,,,,,,,,,,,,,,,,,,,,,,,6.481943510474686,,,,,6.386174945639456,"rgba(38, 166, 154, 0.5)",0.4324930348863737,6.485950215763427,0.9920385986084034,70.30386936028707,19.9502574082518,True,False,True,False,False,7.691476253163614,0.0,0.0,0.0,0.0,0,,,False,False,False,False,,,False,False,False,False,-243842.0,-314813.8700773462,False,False,False,False,59660.04462415812,False,False,False,False
2025-04-14 17:00:00+00:00,6.915,6.97,6.915,6.935,24623.0,,,,,,,,,,,,,,,,,,,,,6.269054907685907,6.415840950219005,,,,,,,,,,,,,,,,,,,,,,,,,,6.489826282184344,,,,,6.3915740466964195,"rgba(38, 166, 154, 1.0)",0.43029911029924883,6.489114074433974,1.0362232105382152,69.53318627313918,24.130048337713234,True,False,True,False,False,8.102807125609868,0.0,0.0,0.0,0.0,0,,,False,False,False,False,,,False,False,False,False,-219219.0,-313331.77906839515,False,False,False,False,59116.834629985126,False,False,False,False
2025-04-14 18:00:00+00:00,6.935,6.94,6.895,6.915,63439.0,,,,,,,,,,,,,,,,,,,,,6.281935195658818,6.423049698999065,,,,,,,,,,,,,,,,,,,,,,,,,,6.507948015253178,,,,,6.4043109699703535,"rgba(38, 166, 154, 0.5)",0.42799788456158283,6.496102228105667,0.9787379494256806,68.34024954891484,22.756252116067444,True,False,True,False,False,7.587802563208733,0.0,0.0,0.0,0.0,0,,,False,False,False,False,,,False,False,False,False,-282658.0,-312856.21660221845,False,False,False,False,59183.84494579931,False,False,False,False
2025-04-14 19:00:00+00:00,6.915,6.965,6.91,6.91,99081.0,,,,,,,,,,,,,,,,,,,,,6.301409401163382,6.434159019357355,,,,,,,,,,,,,,,,,,,,,,,,,,6.534089665837585,,,,,6.423219362119441,"rgba(38, 166, 154, 0.5)",0.4263835455642358,6.508434057718612,0.9417951195794698,67.36122037802558,21.58273568123127,True,False,True,False,False,7.457444114243845,0.0,0.0,0.0,0.0,0,,,False,False,False,False,,,False,False,False,False,-381739.0,-313924.1667324166,False,False,False,False,59802.40548927529,False,False,False,False
2025-04-15 14:00:00+00:00,6.905,6.98,6.9,6.91,29024.0,,,,,,,,,,,,,,,,,,,,,6.30690833479767,6.4373320440996995,,,,,,,,,,,,,,,,,,,,,,,,,,6.541172536029504,,,,,6.428470971642291,"rgba(38, 166, 154, 0.5)",0.42450554172467025,6.5120068257986174,0.9375452970164446,66.7085342640994,20.701985717643467,True,False,True,False,False,7.457444114243845,0.0,0.0,0.0,0.0,0,,,False,False,False,False,,,False,False,False,False,-381739.0,-314975.5594962551,False,False,False,False,59325.22090804621,False,False,False,False
2025-04-15 15:00:00+00:00,6.915,6.94,6.885,6.92,20421.0,,,,,,,,,,,,,,,,,,,,,6.310628262367817,6.439473089516409,,,,,,,,,,,,,,,,,,,,,,,,,,6.545819517254982,,,,,6.431973623046402,"rgba(38, 166, 154, 0.5)",0.4231656545268909,6.514284216126427,0.9587634996681682,66.51232068201385,20.21969457184126,True,False,True,False,False,7.678729849605961,0.0,0.0,0.0,0.0,0,,,False,False,False,False,,,False,False,False,False,-361318.0,-315694.04694592557,False,False,False,False,58722.05469241759,False,False,False,False
2025-04-15 16:00:00+00:00,6.915,6.935,6.895,6.905,33952.0,,,,,,,,,,,,,,,,,,,,,6.31667973697857,6.442965970018705,,,,,,,,,,,,,,,,,,,,,,,,,,6.553227559614264,,,,,6.437624422203847,"rgba(38, 166, 154, 0.5)",0.4204770778211029,6.517968986710223,0.9204568660326466,65.63703436857003,19.10055229337007,True,False,True,False,False,7.2661932230017285,0.0,0.0,0.0,0.0,0,,,False,False,False,False,,,False,False,False,False,-395270.0,-316927.7826521903,False,False,False,False,58338.02283672118,False,False,False,False
2025-04-15 17:00:00+00:00,6.905,6.915,6.885,6.9,13913.0,,,,,,,,,,,,,,,,,,,,,6.319076545427394,6.444347159167386,,,,,,,,,,,,,,,,,,,,,,,,,,6.556081303477131,,,,,6.439835002690637,"rgba(38, 166, 154, 0.5)",0.4195616545657895,6.51936683792034,0.9072162766485017,64.78713558998227,18.041034858031566,True,False,True,False,False,7.126811333531016,0.0,0.0,0.0,0.0,0,,,False,False,False,False,,,False,False,False,False,-409183.0,-318358.09609944315,False,False,False,False,57649.26279274101,False,False,False,False
2025-04-15 18:00:00+00:00,6.895,6.94,6.885,6.94,22213.0,,,,,,,,,,,,,,,,,,,,,6.3230038535656785,6.44663913394048,,,,,,,,,,,,,,,,,,,,,,,,,,6.560822376935128,,,,,6.443488454813763,"rgba(38, 166, 154, 0.5)",0.4190389368908711,6.521883913317445,0.997797698192052,65.4655437761092,18.041034858031566,True,False,True,False,False,8.052748695011026,0.0,0.0,0.0,0.0,0,,,False,False,False,False,,,False,False,False,False,-386970.0,-319421.8465475138,False,False,False,False,57099.86336959773,False,False,False,False
2025-04-15 19:00:00+00:00,6.935,6.965,6.93,6.93,85065.0,,,,,,,,,,,,,,,,,,,,,6.338068690481337,6.455577543342019,,,,,,,,,,,,,,,,,,,,,,,,,,6.578841315264255,,,,,6.457495849695871,"rgba(38, 166, 154, 0.5)",0.41917792777666146,6.532189337247694,0.9490257868831781,65.301470479913,18.041034858031566,True,False,True,False,False,7.764715517768771,0.0,0.0,0.0,0.0,0,,,False,False,False,False,,,False,False,False,False,-472035.0,-321787.94194987795,False,False,False,False,57533.43137937141,False,False,False,False
2025-04-16 14:00:00+00:00,7.25,7.28,7.14,7.155,85435.0,,,,,,,,,,,,,,,,,,,,,6.358446390735892,6.468688695878185,,,,,,,,,,,,,,,,,,,,,,,,,,6.606641104945974,,,,,6.477925397186684,"rgba(38, 166, 154, 1.0)",0.4235909657987375,6.552624263505653,1.4220693667498019,70.00136843013314,16.966857661012696,True,False,True,False,True,12.723435598124833,0.0,0.0,0.0,0.0,0,,,False,False,False,False,,,False,False,False,False,-386600.0,-322792.78005918214,False,False,False,False,57966.01383860596,False,False,False,False
2025-04-16 15:00:00+00:00,7.16,7.28,7.14,7.265,50953.0,,,,,,,,,,,,,,,,,,,,,6.370657604914975,6.476673526956266,,,,,,,,,,,,,,,,,,,,,,,,,,6.623017589970823,,,,,6.490116240614022,"rgba(0, 255, 255, 0.75)",0.4302586379092189,6.564665862650114,1.6277050026306519,74.4028726173169,20.916014970603783,True,False,True,False,True,14.933420660210658,0.0,0.0,0.0,0.0,0,,,False,False,False,False,,,False,False,False,False,-335647.0,-322992.0702908227,False,True,False,False,57857.28494188339,False,False,False,False
2025-04-16 16:00:00+00:00,7.265,7.295,7.215,7.215,50762.0,,,,,,,,,,,,,,,,,,,,7.241666666666668,6.382670733066939,6.484601415478737,,,,,,,,,,,,,,,,,,,,,,,,,,6.638837658548545,,,,,6.686944118440222,"rgba(38, 166, 154, 1.0)",0.4359344524660189,6.671323385999386,1.2471522058536841,74.94364122567141,21.25267902233206,True,False,True,False,True,13.477133634853619,0.0,0.0,0.0,0.0,0,,,False,False,False,False,,,False,False,False,False,-386409.0,-323975.2785033681,False,False,False,False,57747.28052417977,False,False,False,False
2025-04-16 17:00:00+00:00,7.215,7.225,7.135,7.135,12065.0,,,,,,,,,,,,,,,,,,,,7.226943962521422,6.385226906305812,6.4862732126479985,,,,,,,,,,,,,,,,,,,,,,,,,,6.642016294215533,,,,,6.685115093922691,"rgba(38, 166, 154, 1.0)",0.4404870563896829,6.671142500175925,1.0530559141191125,71.89684465126601,21.25267902233206,True,False,True,False,False,11.198270069947409,0.0,0.0,0.0,0.0,0,,,False,False,False,False,,,False,False,False,False,-398474.0,-325130.29744130035,False,False,False,False,57039.028112952175,False,False,False,False
2025-04-16 18:00:00+00:00,7.135,7.225,7.135,7.185,33416.0,,,,,,,,,,,,,,,,,,,,7.211223482919971,6.392369702763597,6.490973586751856,,,,,,,,,,,,,,,,,,,,,,,,,,6.650897135548765,,,,,6.686365976996047,"rgba(38, 166, 154, 1.0)",0.44588409999755707,6.67431467933602,1.145331983505977,70.85020300556519,24.958459822217463,True,False,True,False,False,12.229362880636955,0.0,0.0,0.0,0.0,0,,,False,False,False,False,,,False,False,False,False,-365058.0,-325749.3315894972,False,False,False,False,56672.77961507695,False,False,False,False
2025-04-16 19:00:00+00:00,7.185,7.275,7.16,7.26,104189.0,,,,,,,,,,,,,,,,,,,,7.221850303344775,6.4152004930868385,6.506261557540323,,,,,,,,,,,,,,,,,,,,,,,,,,6.679242478964993,,,,,6.705638708234233,"rgba(38, 166, 154, 1.0)",0.45213957822579415,6.693505618686317,1.2529192501497417,71.4772771114491,24.958459822217463,True,False,True,False,False,13.74458048071234,0.0,0.0,0.0,0.0,0,,,False,False,False,False,,,False,False,False,False,-260869.0,-324743.43497570656,False,False,False,False,57409.4652024401,False,False,False,False
2025-04-17 14:00:00+00:00,7.15,7.16,7.025,7.03,49471.0,,,,,,,,,,,,,,,,,,,,7.19211982916038,6.423571408564603,6.511748932030126,,,,,,,,,,,,,,,,,,,,,,,,,,6.6881306593791985,,,,,6.703892707283577,"rgba(38, 166, 154, 0.5)",0.4540242978773976,6.694396346728705,0.7391755349664574,64.50057053881551,19.112308725172255,False,False,True,False,False,7.511890781415268,0.0,0.0,0.0,0.0,0,,,False,False,False,False,,,False,False,False,False,-310340.0,-324520.12590631575,False,False,False,False,57286.3882225573,False,False,False,False
2025-04-17 15:00:00+00:00,7.03,7.085,7.025,7.055,28677.0,,,,,,,,,,,,,,,,,,,,7.1780047263503,6.428204485490941,6.514788081501983,,,,,,,,,,,,,,,,,,,,,,,,,,6.692884960479159,,,,,6.703470563455596,"rgba(38, 166, 154, 0.5)",0.4564836517601974,6.695126737480229,0.7883595855669797,60.44215897110159,15.60944046934344,False,False,True,False,False,8.033538262835638,0.0,0.0,0.0,0.0,0,,,False,False,False,False,,,False,False,False,False,-281663.0,-323855.67434187676,False,False,False,False,56842.83181600603,False,False,False,False
2025-04-17 16:00:00+00:00,7.06,7.125,7.05,7.115,41747.0,,,,,,,,,,,,,,,,,,,,7.167404246285827,6.435269276201935,6.519488676010442,,,,,,,,,,,,,,,,,,,,,,,,,,6.700361431069991,,,,,6.705630907392049,"rgba(38, 166, 154, 0.5)",0.45969473811677797,6.698095375628528,0.9069162420248644,59.142839465921135,14.588909374357826,False,True,True,False,False,9.277618277621311,0.0,0.0,0.0,0.0,0,,,False,False,False,False,,,False,False,False,False,-239916.0,-322554.2840420027,False,False,False,False,56608.787911881904,False,False,False,False
2025-04-17 17:00:00+00:00,7.115,7.115,7.075,7.095,33152.0,,,,,,,,,,,,,,,,,,,,7.160613614953081,6.440760180748967,6.5231571174991,,,,,,,,,,,,,,,,,,,,,,,,,,6.706080095626827,,,,,6.707652752206994,"rgba(38, 166, 154, 0.5)",0.4642374838823792,6.70058274984217,0.8496023346916128,57.671246532415864,13.225057520390308,False,True,True,False,False,8.748417783549272,0.0,0.0,0.0,0.0,0,,,False,False,False,False,,,False,False,False,False,-273068.0,-321787.0548320491,False,False,False,False,56245.11678146513,False,False,False,False
2025-04-17 18:00:00+00:00,7.095,7.115,7.075,7.075,23864.0,,,,,,,,,,,,,,,,,,,,7.15604245120929,6.444616787553063,6.525738527261427,,,,,,,,,,,,,,,,,,,,,,,,,,6.710026241042097,,,,,6.709106001766469,"rgba(38, 166, 154, 0.5)",0.46786608733234397,6.70232438018516,0.7965433484178007,56.05399479655231,11.616332809498296,False,True,True,False,False,8.215224462693786,0.0,0.0,0.0,0.0,0,,,False,False,False,False,,,False,False,False,False,-296932.0,-321401.7051447305,False,False,False,False,55743.08396314784,False,False,False,False
2025-04-17 19:00:00+00:00,7.075,7.08,6.995,7.015,67359.0,,,,,,,,,,,,,,,,,,,,7.136950804508787,6.454294425122029,6.532156798147199,,,,,,,,,,,,,,,,,,,,,,,,,,6.719085958205216,,,,,6.710621996495808,"rgba(38, 166, 154, 0.5)",0.4709648616413986,6.704983248184535,0.6582587727139558,53.121783659156726,8.760306561306216,False,True,False,False,False,6.6243963714833,0.0,0.0,0.0,0.0,0,,,False,False,False,False,,,False,False,False,False,-364291.0,-322066.6554525641,False,False,False,False,55923.175684649425,False,False,False,False
2025-04-18 14:00:00+00:00,7.015,7.015,7.015,7.015,0.0,,,,,,,,,,,,,,,,,,,,7.136950804508787,6.454294425122029,6.532156798147199,,,,,,,,,,,,,,,,,,,,,,,,,,6.719085958205216,,,,,6.710621996495808,"rgba(38, 166, 154, 0.5)",0.4739626225427153,6.704983248184535,0.654095359149392,51.16697623422634,6.8241972918731335,False,True,False,False,False,6.6243963714833,0.0,0.0,0.0,0.0,0,,,False,False,False,False,,,False,False,False,False,-364291.0,-322721.2964532996,False,False,False,False,55056.14970504246,False,False,False,False
2025-04-18 15:00:00+00:00,7.015,7.015,7.015,7.015,0.0,,,,,,,,,,,,,,,,,,,,7.136950804508787,6.454294425122029,6.532156798147199,,,,,,,,,,,,,,,,,,,,,,,,,,6.719085958205216,,,,,6.710621996495808,"rgba(38, 166, 154, 0.5)",0.4768479652698361,6.704983248184535,0.6501375163466085,49.863771284272744,5.436990814127299,False,True,False,False,False,6.624396371483279,0.0,0.0,0.0,0.0,0,,,False,False,False,False,,,False,False,False,False,-364291.0,-323365.7879811554,False,False,False,False,54202.56598868521,False,False,False,False
2025-04-18 16:00:00+00:00,7.015,7.015,7.015,7.015,0.0,,,,,,,,,,,,,,,,,,,,7.136950804508787,6.454294425122029,6.532156798147199,,,,,,,,,,,,,,,,,,,,,,,,,,6.719085958205216,,,,,6.710621996495808,"rgba(38, 166, 154, 0.5)",0.4794901571573828,6.704983248184535,0.6465549859320854,48.994967984303685,4.378378085173928,False,True,False,False,False,6.624396371483279,0.0,0.0,0.0,0.0,0,,,False,False,False,False,,,False,False,False,False,-364291.0,-324000.28739230026,False,False,False,False,53362.216128395514,False,False,False,False
2025-04-18 17:00:00+00:00,7.015,7.015,7.015,7.015,0.0,,,,,,,,,,,,,,,,,,,,7.136950804508787,6.454294425122029,6.532156798147199,,,,,,,,,,,,,,,,,,,,,,,,,,6.719085958205216,,,,,6.710621996495808,"rgba(38, 166, 154, 0.5)",0.48232388841247975,6.704983248184535,0.6427563702802568,48.41576578432431,3.5202816666077226,False,True,False,True,False,6.624396371483279,0.0,0.0,0.0,0.0,0,,,False,False,False,False,,,False,False,False,False,-364291.0,-324624.94960327237,False,False,False,False,52534.89494811031,False,False,False,False
2025-04-18 18:00:00+00:00,7.015,7.015,7.015,7.015,0.0,,,,,,,,,,,,,,,,,,,,7.136950804508787,6.454294425122029,6.532156798147199,,,,,,,,,,,,,,,,,,,,,,,,,,6.719085958205216,,,,,6.710621996495808,"rgba(38, 166, 154, 0.5)",0.48508601447727007,6.704983248184535,0.6390964541608974,48.029630984338056,2.7900874114331913,False,True,False,True,False,6.624396371483279,0.0,0.0,0.0,0.0,0,,,False,False,False,False,,,False,False,False,False,-364291.0,-325239.92712880304,False,False,False,False,51720.40045279077,False,False,False,False
2025-04-18 19:00:00+00:00,7.015,7.015,7.015,7.015,0.0,,,,,,,,,,,,,,,,,,,,7.136950804508787,6.454294425122029,6.532156798147199,,,,,,,,,,,,,,,,,,,,,,,,,,6.719085958205216,,,,,6.710621996495808,"rgba(38, 166, 154, 0.5)",0.4877297749095642,6.704983248184535,0.635632204068224,47.77220778434722,2.147790223037134,False,True,False,True,False,6.624396371483279,0.0,0.0,0.0,0.0,0,,,False,False,False,False,,,False,False,False,False,-364291.0,-325845.37011905416,False,False,False,False,50918.53377910409,False,False,False,False
2025-04-21 14:00:00+00:00,7.175,7.195,7.005,7.03,100317.0,,,,,,,,,,,,,,,,,,,7.076666666666667,7.125854817293832,6.469249717268094,6.542286381608074,,,,,,,,,,,,,,,,,,,,,,,,,,6.733554197478182,,,,,6.78952235606297,"rgba(38, 166, 154, 0.5)",0.4905756225511438,6.757976992994507,0.5544976034293956,48.59639235779807,2.147790223037134,False,True,False,False,False,6.998760964622466,0.0,0.0,0.0,0.0,0,,,False,False,False,False,,,False,False,False,False,-263974.0,-324886.12407069677,False,False,False,False,51684.40147245131,False,False,False,False
2025-04-21 15:00:00+00:00,7.025,7.035,6.955,7.005,66365.0,,,,,,,,,,,,,,,,,,,7.045477986025286,7.112012513139589,6.477528833456848,6.547830694528228,,,,,,,,,,,,,,,,,,,,,,,,,,6.740456879289036,,,,,6.784661381287798,"rgba(38, 166, 154, 0.5)",0.49303420746407706,6.756084212783666,0.5048651461662939,47.53791593042678,1.302044005855251,False,True,False,True,False,6.242279367773797,0.0,0.0,0.0,0.0,1,,,False,False,False,False,,,False,False,False,False,-330339.0,-324970.66478277894,False,False,False,False,51912.00765117299,False,False,False,False
2025-04-21 16:00:00+00:00,7.005,7.015,6.945,6.945,38435.0,,,,,,,,,,,,,,,,,,,7.031022554607046,7.103514286285875,6.481936796303533,6.550770696318653,,,,,,,,,,,,,,,,,,,,,,,,,,6.743846205145629,,,,,6.782218107732147,#000000,0.4947799765807283,6.755057105637245,0.3838936564801842,43.71555127241763,-2.4630686184770525,False,True,False,True,False,4.447316471636331,0.0,0.0,0.0,0.0,0,,,False,False,False,False,,,False,False,False,False,-368774.0,-325649.7862590149,False,False,False,False,51703.061796116046,False,False,False,False
2025-04-21 17:00:00+00:00,6.945,6.955,6.905,6.94,28310.0,,,,,,,,,,,,,,,,,,,7.019174816966332,7.096409704741528,6.484903246875747,6.552730730330191,,,,,,,,,,,,,,,,,,,,,,,,,,6.745899610018558,,,,,6.779823621786472,#000000,0.4961404371076139,6.75379527834002,0.3753064812566215,40.93965886575886,-5.077585687280973,False,True,False,True,False,4.298335731693101,0.0,0.0,0.0,0.0,0,,,False,False,False,False,,,False,False,False,False,-397084.0,-326757.29344879766,False,False,False,False,51340.378667494086,False,False,False,False
2025-04-21 18:00:00+00:00,6.945,7.03,6.935,7.005,17860.0,,,,,,,,,,,,,,,,,,,7.017101242802055,7.093679090713601,6.4869886894202144,6.554139532851852,,,,,,,,,,,,,,,,,,,,,,,,,,6.747557081114948,,,,,6.779893127380534,"rgba(38, 166, 154, 0.5)",0.4982972990075293,6.754127812710472,0.5034588543610335,43.759552730878916,-5.077585687280973,False,True,False,True,True,6.014373275870668,0.0,0.0,0.0,0.0,0,,,False,False,False,False,,,False,False,False,False,-379224.0,-327570.730759669,False,False,False,False,50821.303029238356,False,False,False,False
2025-04-21 19:00:00+00:00,7.005,7.055,6.995,7.04,68955.0,,,,,,,,,,,,,,,,,,,7.0198786230413255,7.087938812078621,6.495508863504093,6.559986036591192,,,,,,,,,,,,,,,,,,,,,,,,,,6.754772371702182,,,,,6.783616941383483,"rgba(38, 166, 154, 0.5)",0.5009021141180469,6.757929850018053,0.5631242952100455,47.597917549633095,-6.970899177101202,False,True,False,False,True,6.922258400697327,0.0,0.0,0.0,0.0,0,,,False,False,False,False,,,False,False,False,False,-310269.0,-327302.48687192216,False,False,False,False,51102.44561793233,False,False,False,False
2025-04-22 14:00:00+00:00,7.005,7.05,6.985,7.05,52315.0,,,,,,,,,,,,,,,,,,,7.021065845852671,7.084123301181146,6.5017770920695925,6.564311330723731,,,,,,,,,,,,,,,,,,,,,,,,,,6.7599735416949835,,,,,6.7862502223044245,"rgba(38, 166, 154, 0.5)",0.5035745827187481,6.760661382514231,0.574569542258585,50.69321412137124,-4.232844806212093,False,True,False,False,True,7.182466109949694,0.0,0.0,0.0,0.0,1,,,False,False,False,False,,,False,False,False,False,-257954.0,-326227.31653282256,False,False,False,False,51121.24491067757,False,False,False,False
2025-04-22 15:00:00+00:00,7.05,7.055,6.92,6.95,84344.0,,,,,,,,,,,,,,,,,,,7.0125620831062605,7.07391493262556,6.510585439853394,6.570336505094914,,,,,,,,,,,,,,,,,,,,,,,,,,6.766368743651352,,,,,6.786753540866296,#000000,0.5051230605568382,6.762135324600002,0.37191862749821775,47.29334328723552,-4.232844806212093,False,True,False,True,False,4.0974910894529195,0.0,0.0,0.0,0.0,1,,,False,False,False,False,,,False,False,False,False,-342298.0,-326476.47441603465,False,False,False,False,51636.326384930624,False,False,False,False
2025-04-22 16:00:00+00:00,6.955,6.965,6.82,6.875,223357.0,,,,,,,,,,,,,,,,,,,6.971225380664395,7.036737423256533,6.528252304130908,6.582166637672291,,,,,,,,,,,,,,,,,,,,,,,,,,6.775151703204333,,,,,6.778706689785693,#000000,0.5060331239380714,6.757940725626433,0.23132729625006238,42.387006575513944,-1.7988156070681,False,True,False,True,False,1.888623137330839,0.0,0.0,0.0,0.0,0,,,False,False,False,False,,,False,False,False,False,-565655.0,-330184.66861113487,False,False,False,False,54298.66240997046,False,False,False,False
2025-04-22 17:00:00+00:00,6.875,6.895,6.775,6.785,131039.0,,,,,,,,,,,,,,,,,,,6.94653057593787,7.013951215990886,6.536032507839848,6.587237046504643,,,,,,,,,,,,,,,,,,,,,,,,,,6.776925352730451,,,,,6.772135339800739,#000000,0.5027787380741756,6.753507239045824,0.06263741596314286,36.84816436413192,-6.685755650820802,False,True,False,True,False,0.0,0.0,0.0,0.0,0.0,0,,,False,False,False,False,,,False,False,False,False,-696694.0,-335866.9838264661,False,False,False,False,55488.43508578487,False,False,False,False
2025-04-22 18:00:00+00:00,6.785,6.795,6.75,6.775,88204.0,,,,,,,,,,,,,,,,,,,6.929547059981034,6.998162336095568,6.54024062705907,6.5898880998533595,,,,,,,,,,,,,,,,,,,,,,,,,,6.776828714054511,,,,,6.766933367408709,#000000,0.49943717872771204,6.7497163787466965,0.05062422729063233,32.93702954883095,-10.047202796710792,False,True,False,True,False,0.0,0.0,0.0,0.0,0.0,0,,,False,False,False,False,,,False,False,False,False,-784898.0,-342828.7050074511,False,False,False,False,55995.65314647037,False,False,False,False
2025-04-22 19:00:00+00:00,6.775,6.845,6.76,6.815,241302.0,,,,,,,,,,,,,,,,,,,6.903555469261564,6.969018127767916,6.552567818038067,6.5980195100716585,,,,,,,,,,,,,,,,,,,,,,,,,,6.778874268141898,,,,,6.76040703865622,#000000,0.4950762794989512,6.745312834211193,0.14076046192181835,32.89410836612436,-10.047202796710792,False,True,False,True,False,0.2088039363688985,0.0,0.0,0.0,0.0,0,,,False,False,False,False,,,False,False,False,False,-543596.0,-345941.37624764565,False,False,False,False,58868.619764354546,False,False,False,False
2025-04-23 14:00:00+00:00,6.635,6.715,6.56,6.655,169002.0,,,,,,,,,,,,,,,,,,,6.869979432052863,6.937646704553854,6.5554167951281945,6.59917948607259,,,,,,,,,,,,,,,,,,,,,,,,,,6.772664490716519,,,,,6.746977381704804,#000000,0.4905053470610658,6.73440642499226,-0.16188697119824452,29.408004876569436,-13.387509393370586,False,True,False,True,False,0.0,0.0,0.0,0.0,0.0,0,,,False,False,False,False,,,False,False,False,False,-712598.0,-351625.9750655116,False,False,False,False,60576.11403157385,False,False,False,False
2025-04-23 15:00:00+00:00,6.655,6.695,6.575,6.655,78817.0,,,,,,,,,,,,,,,,,,,6.8570205942773965,6.924922135058144,6.556661147160374,6.599680731227222,,,,,,,,,,,,,,,,,,,,,,,,,,6.769924077321526,,,,,6.741641737008932,#000000,0.4849090469188886,6.730012400108665,-0.15469375254038503,27.083935883532824,-15.694866721050658,False,True,False,True,False,0.0,0.0,0.0,0.0,0.0,0,,,False,False,False,False,0.06863791136277027,0.06863791136277027,False,False,False,False,-712598.0,-357222.44056837185,False,False,False,False,60858.91846519286,False,False,False,False
2025-04-23 16:00:00+00:00,6.655,6.725,6.63,6.685,88091.0,,,,,,,,,,,,,,,,,,,6.846460708117737,6.9136932044005786,6.558618410512676,6.600726015941389,,,,,,,,,,,,,,,,,,,,,,,,,,6.76786959566718,,,,,6.737473586927912,#000000,0.4785349921779387,6.726594179356808,-0.08691982830242438,27.338931208475426,-15.694866721050658,False,True,False,True,False,0.0,0.0,0.0,0.0,0.0,0,0.9172017573504563,0.986143967556607,False,False,False,False,0.08667001020331366,0.07765396078304196,False,False,False,False,-624507.0,-361366.38722622656,False,False,False,False,61281.12127968599,False,False,False,False
2025-04-23 17:00:00+00:00,6.685,6.705,6.63,6.675,57757.0,,,,,,,,,,,,,,,,,,,6.839818778905204,6.9065816504747115,6.559765350180853,6.601312111066919,,,,,,,,,,,,,,,,,,,,,,,,,,6.7664251877593875,,,,,6.7347806156774155,#000000,0.4721822540937792,6.724364473046959,-0.10454537971085077,27.27218061061017,-16.19303946599419,False,True,False,True,False,0.0,0.0,0.0,0.0,0.0,0,0.9143627781523939,0.9861766689143627,False,False,False,False,0.08242253470931338,0.08003824774617767,False,False,False,False,-682264.0,-366341.54401341686,False,False,False,False,61226.48374046605,False,False,False,False
2025-04-23 18:00:00+00:00,6.675,6.695,6.635,6.64,77478.0,,,,,,,,,,,,,,,,,,,6.831015604514953,6.8971668676407445,6.561085650055323,6.601933300241946,,,,,,,,,,,,,,,,,,,,,,,,,,6.764294400777626,,,,,6.731099164646119,#000000,0.46288882365322265,6.721287442927194,-0.17560899890745982,26.402159617559235,-17.51505888437292,False,True,False,True,False,0.0,0.0,0.0,0.0,0.0,0,0.9143916413886081,0.9882035726322885,False,False,False,False,0.081361135249626,0.08069969149790183,False,False,False,False,-759742.0,-372440.77588917786,False,False,False,False,61478.44523286192,False,False,False,False
2025-04-23 19:00:00+00:00,6.64,6.685,6.635,6.65,108354.0,,,,,,,,,,,,,,,,,,,6.8200341577622225,6.885130326933963,6.562872892474063,6.602779019613685,,,,,,,,,,,,,,,,,,,,,,,,,,6.761449555172781,,,,,6.726453190391342,#000000,0.44779414309992466,6.71737798308668,-0.15046642329943288,26.537764058983647,-17.898484250938566,False,True,False,True,False,0.0,0.0,0.0,0.0,0.0,0,0.9172856178257933,0.987170830519919,False,False,False,False,0.07923888254222645,0.07996928702006414,False,False,False,False,-651388.0,-376765.5390536867,False,False,False,False,62205.198019949334,False,False,False,False
2025-04-24 14:00:00+00:00,6.6,6.675,6.545,6.66,70145.0,,,,,,,,,,,,,,,,,,,6.812458528512712,6.877019040639649,6.563635878054101,6.6030155988591,,,,,,,,,,,,,,,,,,,,,,,,,6.626666666666666,6.759182027997925,,,,,6.706996290121693,#000000,0.4362168441671371,6.704729036655691,-0.10253853617480478,27.386001222231098,-17.898484250938566,False,True,False,True,False,0.0,0.0,0.0,0.0,0.0,0,0.9127223900637799,0.9848942598187312,False,False,False,False,0.05805232136708031,0.06901080419357222,False,False,False,False,-581243.0,-379935.73224665277,False,False,False,False,62328.2957250664,False,False,False,False
2025-04-24 15:00:00+00:00,6.655,6.71,6.615,6.695,23064.0,,,,,,,,,,,,,,,,,,,6.810689152147409,6.874938719981982,6.564065580627151,6.603243840088775,,,,,,,,,,,,,,,,,,,,,,,,,6.6382140494301325,6.758709754476787,,,,,6.708310182792039,#000000,0.41934728345864525,6.705461811473629,-0.02494784606053308,30.52768375560148,-17.898484250938566,False,True,False,True,True,0.0,0.0,0.0,0.0,0.0,0,0.9167780748663101,0.982620320855615,False,False,False,False,0.08029991867289489,0.07465536143323356,False,False,False,False,-558179.0,-382699.1937622085,False,False,False,False,61719.546954135134,False,False,False,False
2025-04-24 16:00:00+00:00,6.695,6.795,6.685,6.795,55470.0,,,,,,,,,,,,,,,,,,,6.8091352694329155,6.872143133552293,6.565878687222325,6.604445158172539,,,,,,,,,,,,,,,,,,,,,,,,,6.683028829446884,6.758704839187324,,,,,6.715555986169047,#000000,0.4038912863273636,6.710282725536117,0.20975266694715894,38.08628650077158,-17.255146070881736,False,True,False,True,True,0.2510441661737879,0.0,0.0,0.0,0.0,0,0.928475935828877,0.9756016042780749,False,False,False,False,0.11329372347044449,0.09397454245183903,False,False,False,False,-502709.0,-384559.810913182,False,False,False,False,61622.65475329583,False,False,False,False
2025-04-24 17:00:00+00:00,6.79,6.82,6.78,6.82,23473.0,,,,,,,,,,,,,,,,,,,6.809104650187887,6.871485526996631,6.566825918487955,6.605105839757586,,,,,,,,,,,,,,,,,,,,,,,,,6.69988690227241,6.758968404394533,,,,,6.718562873682834,#000000,0.3927128217417425,6.71236255586324,0.2740869107847609,44.18608055893375,-11.831937399681685,False,True,False,True,True,0.9833454398284296,0.0,0.0,0.0,0.0,0,0.9326181696278913,0.9745222929936306,False,False,False,False,0.13900339227756997,0.1164889673647045,False,False,False,False,-479236.0,-386027.65880600084,False,False,False,False,61031.18723774085,False,False,False,False
2025-04-24 18:00:00+00:00,6.815,6.855,6.805,6.825,53447.0,,,,,,,,,,,,,,,,,,6.828333333333333,6.809632793925967,6.870520768191123,6.56914751737779,6.606754186132038,,,,,,,,,,,,,,,,,,,,,,,,,6.730317340354641,6.759825613165543,,,,,6.73921879321149,#000000,0.3803949701735482,6.727666721670561,0.2558742516627727,48.47169203802093,-8.16718099781437,False,False,False,False,True,1.1310352701405755,0.0,0.0,0.0,0.0,0,0.93536503683858,0.9678499665103817,False,False,False,False,0.15192491964475438,0.13420694350472945,False,False,False,False,-425789.0,-386644.11370823334,False,False,False,False,60913.6029394813,False,False,False,False
2025-04-24 19:00:00+00:00,6.825,6.825,6.785,6.81,71532.0,,,,,,,,,,,,,,,,,,6.815932369971488,6.80952762413093,6.868665625564805,6.5719365210297,6.608710537159495,,,,,,,,,,,,,,,,,,,,,,,,,6.74869785268675,6.760587737921776,,,,,6.740579752637849,#000000,0.3635089252532048,6.728826327015798,0.2233058594851813,50.40851070664095,-6.555836524043649,False,False,True,False,True,0.6688316452824701,0.0,0.0,0.0,0.0,0,0.9350301406563968,0.9691895512391161,False,False,False,False,0.14115366590186462,0.13768030470329704,False,False,False,False,-497321.0,-388360.0344259351,False,False,False,False,61078.2292504971,False,False,False,False
2025-04-25 14:00:00+00:00,6.68,6.725,6.665,6.675,29450.0,,,,,,,,,,,,,,,,,,6.79159891168973,6.807783913394171,6.8665341365703645,6.572496513273572,6.609030046085901,,,,,,,,,,,,,,,,,,,,,,,,,6.7432543789544805,6.760106954807715,,,,,6.7358292649679905,#000000,0.3466530835869799,6.725380046942952,-0.14533275291148898,45.7490829068246,-6.555836524043649,False,False,False,True,False,0.0,0.0,0.0,0.0,0.0,0,0.930735930735931,0.9706959706959708,False,False,False,False,0.094110698552669,0.11589550162798301,False,False,False,False,-526771.0,-390505.94086894393,False,False,False,False,60587.869107078535,False,False,False,False
2025-04-25 15:00:00+00:00,6.675,6.725,6.66,6.71,20959.0,,,,,,,,,,,,,,,,,,6.780453603819342,6.806674556534461,6.865131048451292,6.572925900835666,6.609284353941507,,,,,,,,,,,,,,,,,,,,,,,,,6.74054533770693,6.759815801697998,,,,,6.73354722899817,#000000,0.3250685582574373,6.723710683730035,-0.04217782182174869,44.49745976806464,-6.555836524043649,False,False,False,True,False,0.0,0.0,0.0,0.0,0.0,0,0.932845744680851,0.9670877659574467,False,False,False,False,0.09304712580905614,0.10447131371851957,False,False,False,False,-505812.0,-392293.6317081851,False,False,False,False,59973.468035650956,False,False,False,False
2025-04-25 16:00:00+00:00,6.715,6.715,6.68,6.705,14356.0,,,,,,,,,,,,,,,,,,6.774366497315682,6.805939074157853,6.864192894455658,6.5732222118449615,6.609460954119016,,,,,,,,,,,,,,,,,,,,,,,,,6.738936950578803,6.759623316476148,,,,,6.732248842706874,#000000,0.2984811702754638,6.722754710391638,-0.059483519095199375,43.4688701196618,-6.555836524043649,False,True,False,True,False,0.0,0.0,0.0,0.0,0.0,0,0.9327248140635565,0.9780256930358351,False,False,False,False,0.09517448362597569,0.09982289867224764,False,False,False,False,-520168.0,-394276.18005379464,False,False,False,False,59266.22046920675,False,False,False,False
2025-04-25 17:00:00+00:00,6.705,6.715,6.675,6.685,22017.0,,,,,,,,,,,,,,,,,,6.765768114367928,6.804743409458318,6.86270264979205,6.573644277334726,6.609705658038117,,,,,,,,,,,,,,,,,,,,,,,,,6.736226050346476,6.7592895827849935,,,,,6.730297106017516,#000000,0.2730877494852531,6.721306699235581,-0.13294883898679513,41.972106720454484,-0.957800676924009,False,True,False,True,False,0.0,0.0,0.0,0.0,0.0,0,0.9278455284552845,0.9786585365853657,False,False,False,False,0.094110698552669,0.09696679861245833,False,False,False,False,-542185.0,-396569.3400529606,False,False,False,False,58688.713175110526,False,False,False,False
2025-04-25 18:00:00+00:00,6.685,6.72,6.66,6.67,14271.0,,,,,,,,,,,,,,,,,,6.760563423173121,6.803925540850085,6.861703979575437,6.573897045703692,6.609847445926137,,,,,,,,,,,,,,,,,,,,,,,,,6.734330364019314,6.759048565818885,,,,,6.729045195009525,#000000,0.24907951261315148,6.720371213735936,-0.20222945358885436,40.360580907358184,-2.839951784970907,False,True,False,True,False,0.0,0.0,0.0,0.0,0.0,0,0.9298542866824807,0.9749237546594377,False,False,False,False,0.09198376292608812,0.09447528076927322,False,False,False,False,-556456.0,-399048.2029978759,False,False,False,False,58000.06645921734,False,False,False,False
2025-04-25 19:00:00+00:00,6.665,6.71,6.66,6.695,62151.0,,,,,,,,,,,,,,,,,,6.744985917513063,6.800631012100287,6.857599687126122,6.575034097173104,6.610500209961399,,,,,,,,,,,,,,,,,,,,,,,,,6.728120187834222,6.758084669439693,,,,,6.724993683021127,#000000,0.2268439357161057,6.717303017541326,-0.09831877352559173,40.990971883321734,-2.839951784970907,False,True,False,True,False,0.0,0.0,0.0,0.0,0.0,0,0.9295154185022029,0.9749237546594374,False,False,False,False,0.08985765688022007,0.09216646882474665,False,False,False,False,-494305.0,-400525.0525638003,False,False,False,False,58064.42201798916,False,False,False,False
2025-04-28 14:00:00+00:00,6.555,6.685,6.555,6.625,43463.0,,,,,,,,,,,,,,,,,,6.728824635303909,6.797133720006594,6.853757380027945,6.575355885325778,6.610564780290916,,,,,,,,,,,,,,,,,,,,,,,,,6.718936369338505,6.756796596355433,,,,,6.720195623807011,#000000,0.2154854565440172,6.713623936587645,-0.41127572138281027,38.5382091094817,-5.3004496513364,False,True,False,True,False,0.0,0.0,0.0,0.0,0.0,0,0.9229734275142953,0.9741002354524051,False,False,False,False,0.06228486572470104,0.07722566727472384,False,False,False,False,-537768.0,-402652.85019847006,False,False,False,False,57838.04338205135,False,False,False,False
2025-04-28 15:00:00+00:00,6.625,6.635,6.585,6.605,25653.0,,,,,,,,,,,,,,,,,,6.720173720049596,6.794980907533701,6.851420780207255,6.575489652940511,6.610557190270871,,,,,,,,,,,,,,,,,,,,,,,,,6.713577422651011,6.755973799379158,,,,,6.717453353290302,"rgba(239, 83, 80, 0.5)",0.2020813323017899,6.711499836253163,-0.527014717490651,36.213177444458765,-7.803263021830816,False,True,False,True,False,0.0,0.0,0.0,0.0,0.0,0,0.9244774106540797,0.9814565070802427,False,False,False,False,0.05805232136708031,0.06763899432090208,False,False,False,False,-563421.0,-405145.3796527573,False,False,False,False,57339.05046139939,False,False,False,False
2025-04-28 16:00:00+00:00,6.605,6.635,6.595,6.625,35920.0,,,,,,,,,,,,,,,,,,6.710870744631704,6.7922048407624365,6.8483543512032865,6.575731621620203,6.610594050264289,,,,,,,,,,,,,,,,,,,,,,,,,6.707526232037607,6.75491390938453,,,,,6.714313678557722,#000000,0.19050402563669194,6.709041031921814,-0.4411509501751284,36.14012188276433,-8.222135700205968,False,True,False,True,False,0.0,0.0,0.0,0.0,0.0,0,0.9283264746227708,0.9907407407407408,False,False,False,False,0.060168324399869605,0.06390365936038583,False,False,False,False,-527501.0,-407042.36601473007,False,False,False,False,57006.97215967227,False,False,False,False
2025-04-28 17:00:00+00:00,6.625,6.65,6.605,6.615,25902.0,,,,,,,,,,,,,,,,,,6.705460865318926,6.790312576922661,6.84623972542189,6.575924696964807,6.610637446396988,,,,,,,,,,,,,,,,,,,,,,,,,6.703837978959522,6.754187304128703,,,,,6.7123715134447846,#000000,0.1887360041944326,6.7075039660993925,-0.49012358025814867,35.6698210185775,-9.092239129330963,False,True,False,True,False,0.0,0.0,0.0,0.0,0.0,0,0.9292825266048748,0.9735667696532784,False,False,False,False,0.06546072896518394,0.0646821941627849,False,False,False,False,-553403.0,-409311.5231307807,False,False,False,False,56524.72452928975,False,False,False,False
2025-04-28 18:00:00+00:00,6.615,6.65,6.615,6.625,28292.0,,,,,,,,,,,,,,,,,,6.7006891246640885,6.788374191780986,6.844042669320341,6.57616321089533,6.610709223528758,,,,,,,,,,,,,,,,,,,,,,,,,6.700466219578791,6.753442739069848,,,,,6.710555339834021,#000000,0.18457272303916333,6.7060523034361195,-0.439134787099183,36.183659807656994,-9.092239129330963,False,True,False,True,False,0.0,0.0,0.0,0.0,0.0,0,0.9311531841652326,0.9731497418244406,False,False,False,False,0.06757869998114945,0.06613044707196716,False,False,False,False,-525111.0,-411106.86385743524,False,False,False,False,56087.00786992091,False,False,False,False
2025-04-28 19:00:00+00:00,6.625,6.695,6.625,6.695,53902.0,,,,,,,,,,,,,,,,,,6.697568594596213,6.785746215138832,6.840769283298417,6.576959078440622,6.611136722398775,,,,,,,,,,,,,,,,,,,,,,,,,6.698161201662443,6.75251918939943,,,,,6.7089800407049625,#000000,0.182062829467949,6.70473762151271,-0.05348495099832729,41.349557204637165,-13.533043022290904,False,False,False,True,True,0.0,0.0,0.0,0.0,0.0,0,0.9359944941500344,0.9652443220922228,False,False,False,False,0.07923888254222645,0.07268466480709682,False,False,False,False,-471209.0,-412038.67992166104,False,False,False,False,56053.13177891438,False,False,False,False
2025-04-29 14:00:00+00:00,6.565,6.585,6.545,6.555,11956.0,,,,,,,,,,,,,,,,,,6.694402930745488,6.784632582000575,6.839598598736261,6.5769308636587525,6.611059887839391,,,,,,,,,,,,,,,,,,,,,,,,,6.695780294309744,6.752042290439239,,,,,6.707778206818493,"rgba(239, 83, 80, 0.5)",0.18251355620391543,6.703778428921526,-0.8151637172380855,38.91100512227065,-13.533043022290904,False,True,False,True,False,0.0,0.0,0.0,0.0,0.0,0,0.9279371584699454,0.9648224043715846,False,False,False,False,0.039029366718258636,0.05585701576267772,False,False,False,False,-483165.0,-413141.41356628644,False,False,False,False,55369.45531722579,False,False,False,False
2025-04-29 15:00:00+00:00,6.555,6.605,6.53,6.595,41602.0,,,,,,,,,,,,,,,,,,6.685575570145482,6.781097378895423,6.835816308089121,6.576929178357027,6.6108750143635575,,,,,,,,,,,,,,,,,,,,,,,,,6.688964345563542,6.750530588239684,,,,,6.70425548337912,"rgba(239, 83, 80, 0.5)",0.18251355620391543,6.700941830805258,-0.5804600655903785,39.46002807562684,-13.533043022290904,False,True,False,True,False,0.0,0.0,0.0,0.0,0.0,1,0.9279863481228668,0.9641638225255972,False,False,False,False,0.04008533048026777,0.04797117312147275,False,False,False,False,-441563.0,-413582.05831719673,False,False,False,False,55156.00639757887,False,False,False,False
2025-04-29 16:00:00+00:00,6.595,6.635,6.575,6.61,39022.0,,,,,,,,,,,,,,,,,,6.680390843499273,6.778359776389665,6.832765567140708,6.577106050158292,6.610853902600587,,,,,,,,,,,,,,,,,,,,,,,,,6.684772148445201,6.749376744563022,,,,,6.701946433256678,#000000,0.1799330456055877,6.699048154446987,-0.49489605507028356,40.61965369517493,-13.533043022290904,False,False,False,True,False,0.0,0.0,0.0,0.0,0.0,0,0.9384033035099794,0.9618031658637302,False,False,False,False,0.0559368374793898,0.051954005300431275,False,False,False,False,-402541.0,-413410.87911848055,False,False,False,False,54905.86676350788,False,False,False,False
2025-04-29 17:00:00+00:00,6.615,6.65,6.605,6.615,23738.0,,,,,,,,,,,,,,,,,,6.678197905012633,6.776893684694329,6.831083043493125,6.57727270532039,6.610891870706044,,,,,,,,,,,,,,,,,,,,,,,,,6.6829255261453016,6.748764766204715,,,,,6.700861357368076,#000000,0.18213837428556615,6.698143973713672,-0.45648795340247517,41.67419391800833,-12.89836854135222,False,False,False,True,True,0.0,0.0,0.0,0.0,0.0,0,0.9352170916609236,0.9583046175051687,False,False,False,False,0.06546072896518394,0.05870736713280761,False,False,False,False,-378803.0,-412874.3228530778,False,False,False,False,54422.64402298838,False,False,False,False
2025-04-29 18:00:00+00:00,6.615,6.625,6.6,6.605,6769.0,,,,,,,,,,,,,,,,,,6.67745858704275,6.776444829713473,6.830577731383281,6.5773063150224305,6.6108910976164585,,,,,,,,,,,,,,,,,,,,,,,,,6.6823058156341775,6.748572910532661,,,,,6.700508183849318,"rgba(239, 83, 80, 0.5)",0.18459414941975164,6.697851041047455,-0.5030009961817332,41.906961096172644,-12.396303397412886,False,False,False,True,True,0.0,0.0,0.0,0.0,0.0,1,0.9344432882414153,0.9639264654873396,False,False,False,False,0.059110256794321796,0.058908811963564706,False,False,False,False,-385572.0,-412451.0310258983,False,False,False,False,53683.82783658546,False,False,False,False
2025-04-29 19:00:00+00:00,6.605,6.625,6.595,6.62,43548.0,,,,,,,,,,,,,,,,,,6.673277845148091,6.773670588053031,6.827429569872081,6.577542779914061,6.610904641525591,,,,,,,,,,,,,,,,,,,,,,,,,6.678730519230602,6.747380578999096,,,,,6.698419503248937,#000000,0.18665145530042715,6.696106600583699,-0.4077471587949863,43.052761760678756,-11.02060152151796,True,False,False,True,True,0.0,0.0,0.0,0.0,0.0,1,0.9306278182448837,0.9611515782171348,False,False,False,False,0.05805232136708031,0.0584805666653225,False,False,False,False,-342024.0,-411359.13907200843,False,False,False,False,53526.683218963975,False,False,False,False
2025-04-30 14:00:00+00:00,6.54,6.645,6.51,6.615,45372.0,,,,,,,,,,,,,,,,,,6.667980823059807,6.770472499682756,6.823898105477243,6.577627389467054,6.610784548783027,,,,,,,,,,,,,,,,,,,,,,,,,6.674183936136654,6.745948084446106,,,,,6.695842198150378,#000000,0.1888174436513444,6.693959759258304,-0.41818042724963755,43.52987163397904,-10.281131328970986,True,False,False,True,True,0.0,0.0,0.0,0.0,0.0,1,0.9257596685082874,0.9620165745856356,False,False,False,False,0.04431010275415223,0.05139533470973737,False,False,False,False,-387396.0,-410987.6175360083,False,False,False,False,53400.254021770736,False,False,False,False
2025-04-30 15:00:00+00:00,6.615,6.64,6.6,6.615,28840.0,,,,,,,,,,,,,,,,,,6.666051549392183,6.768807098137516,6.821972845394124,6.577802371118104,6.610812013518893,,,,,,,,,,,,,,,,,,,,,,,,,6.672422253186543,6.745214002348139,,,,,6.694726019013643,#000000,0.19085315802451241,6.693007415228664,-0.4087300206928954,43.847944882845894,-9.674514682154943,True,False,False,True,True,0.0,0.0,0.0,0.0,0.0,1,0.9322736696613684,0.9606081548030407,False,False,False,False,0.06228486572470104,0.056840100217219205,False,False,False,False,-387396.0,-410621.8560238221,False,False,False,False,53019.47488965026,False,False,False,False
2025-04-30 16:00:00+00:00,6.615,6.635,6.605,6.62,22379.0,,,,,,,,,,,,,,,,,,6.6647035672383845,6.767553744612493,6.820515594635241,6.577942659564846,6.610837880144984,,,,,,,,,,,,,,,,,,,,,,,,,6.671169806969841,6.744657575787664,,,,,6.69391154699335,#000000,0.19275101803870334,6.692308353499951,-0.3751386334334772,44.49391283640886,-8.767577366660753,True,False,False,True,True,0.0,0.0,0.0,0.0,0.0,1,0.9473870056497176,0.9583333333333333,False,False,False,False,0.06228486572470133,0.05956248297096027,False,False,False,False,-365017.0,-409914.803992445,False,False,False,False,52544.42876733009,False,False,False,False
2025-04-30 17:00:00+00:00,6.625,6.665,6.61,6.635,21066.0,,,,,,,,,,,,,,,,,,6.663951759594812,6.766524168667805,6.819275359139756,6.5781258631386414,6.610906147872507,,,,,,,,,,,,,,,,,,,,,,,,,6.6704109071279944,6.744207722752023,,,,,6.693343132613362,#000000,0.19341590346120277,6.691808698875493,-0.29371265681308373,46.249816934293406,-6.889783678805898,True,False,False,True,True,0.0,0.0,0.0,0.0,0.0,1,0.9427046263345196,0.9576512455516015,False,False,False,False,0.06969727653906234,0.0646298797550113,False,False,False,False,-343951.0,-408892.10935690324,False,False,False,False,52056.391112022655,False,False,False,False
2025-04-30 18:00:00+00:00,6.635,6.685,6.63,6.655,10248.0,,,,,,,,,,,,,,,,,,6.663857951511269,6.766105385082842,6.818743470205927,6.578244880967307,6.61096491052202,,,,,,,,,,,,,,,,,,,,,,,,,6.67026540097334,6.744030682066808,,,,,6.69317324018993,#000000,0.19460058424215734,6.691651297920231,-0.1883411504799107,49.07997262381227,-4.139050196133951,True,False,False,False,True,0.0,0.0,0.0,0.0,0.0,1,0.9435109045405792,0.9531641043975689,False,False,False,False,0.07817802442317996,0.07140395208909564,False,False,False,False,-333703.0,-407726.3867312148,False,False,False,False,51408.19900175873,False,False,False,False
2025-04-30 19:00:00+00:00,6.655,6.725,6.655,6.715,59663.0,,,,,,,,,,,,,,,,,6.698333333333332,6.666262231381066,6.764633942170202,6.816493309370142,6.579295074210698,6.611613240545525,,,,,,,,,,,,,,,,,,,,,,,,,6.671894928981742,6.743498898733767,,,,,6.69400311984081,#000000,0.19498814932805525,6.692309296016588,0.11636965662583017,54.74798075071484,1.040087818494186,True,False,True,False,True,0.0,0.0,0.0,0.0,0.0,0,0.9439485897893608,0.9468047126026417,False,False,False,False,0.09198376292608812,0.08169385750759188,False,False,False,False,-274040.0,-405653.7295725914,False,False,False,False,51536.18041258417,False,False,False,False
2025-05-01 14:00:00+00:00,6.405,6.465,6.365,6.395,62968.0,,,,,,,,,,,,,,,,,6.54942547153656,6.6485795809625845,6.756652435365631,6.8085990085314485,6.57773159634531,6.610033583216965,,,,,,,,,,,,,,,,,,,,,,,,,6.656678196615193,6.739432438429826,,,,,6.66839153887544,"rgba(239, 83, 80, 1.0)",0.20135849434092631,6.6727610579331165,-1.3794355129753355,45.296425065496926,0.11403472080618116,True,False,False,True,False,0.0,0.0,0.0,0.0,0.0,0,0.9342427422175588,0.9489331934242742,False,False,False,False,-0.02425397553940973,0.028719940984091075,False,False,False,False,-337008.0,-404589.45469549694,False,False,False,False,51713.417925567366,False,False,False,False
2025-05-01 15:00:00+00:00,6.395,6.455,6.37,6.395,26870.0,,,,,,,,,,,,,,,,,6.5237672546226,6.641703652733292,6.753338570940268,6.805308869142497,6.577066614131815,6.609361444735886,,,,,,,,,,,,,,,,,,,,,,,,,6.650666776732994,6.737718477653513,,,,,6.662366457586608,"rgba(239, 83, 80, 1.0)",0.2074073764836281,6.667991348542407,-1.3162084838576436,38.99538794201832,-5.039384373760228,False,False,False,True,False,0.0,0.0,0.0,0.0,0.0,0,0.9329374781697519,0.951798812434509,False,False,False,False,-0.025308936276605125,0.0017055023537429752,False,False,False,False,-337008.0,-403541.6802040939,False,False,False,False,51328.248655403535,False,False,False,False
2025-05-01 16:00:00+00:00,6.395,6.395,6.335,6.385,38426.0,,,,,,,,,,,,,,,,,6.492666789054615,6.6311561521421085,6.748239502368142,6.80029127011706,6.575931082401778,6.608243274907778,,,,,,,,,,,,,,,,,,,,,,,,,6.641392148398323,6.735041929253739,,,,,6.654120268580443,"rgba(239, 83, 80, 1.0)",0.21335824038161816,6.66138613827455,-1.2954087818693996,34.59055838937252,-8.507864540006501,False,True,False,True,False,0.0,0.0,0.0,0.0,0.0,0,0.9395643007730147,0.9550245959241039,False,False,False,False,-0.04536657923367566,-0.02183053843996634,False,False,False,False,-375434.0,-403105.90221643355,False,False,False,False,51128.21379252906,False,False,False,False
2025-05-01 17:00:00+00:00,6.385,6.39,6.335,6.345,26389.0,,,,,,,,,,,,,,,,,6.475920922065237,6.6239855809890935,6.744679546961803,6.796793909488579,6.575101768148876,6.607433143700649,,,,,,,,,,,,,,,,,,,,,,,,,6.635037183860361,6.733151424844228,,,,,6.649012935007353,"rgba(239, 83, 80, 1.0)",0.22002471196180554,6.657241910288693,-1.41912200454509,30.841533354823646,-11.558786546629626,False,True,False,True,False,0.0,0.0,0.0,0.0,0.0,0,0.9356087262491202,0.9588318085855031,False,False,False,False,-0.046423114661179245,-0.034126826550572795,False,False,False,False,-401823.0,-403086.0122595896,False,False,False,False,50744.6600903193,False,False,False,False
2025-05-01 18:00:00+00:00,6.345,6.395,6.345,6.36,31157.0,,,,,,,,,,,,,,,,,6.46205367460644,6.616286483861633,6.740665019873098,6.7928271970505145,6.5741751102171735,6.606521204792588,,,,,,,,,,,,,,,,,,,,,,,,,6.628146571568272,6.731002163898788,,,,,6.643959678233564,"rgba(239, 83, 80, 1.0)",0.22576921565780472,6.653079273567989,-1.2981365626578805,29.322254641043223,-12.783338655101403,False,True,False,True,False,0.0,0.0,0.0,0.0,0.0,0,0.9359831164263103,0.9567358424199789,False,False,False,False,-0.0432538096164574,-0.0386903180835151,False,False,False,False,-370666.0,-402583.37641060376,False,False,False,False,50440.97543775621,False,False,False,False
2025-05-01 19:00:00+00:00,6.365,6.385,6.34,6.345,168980.0,,,,,,,,,,,,,,,,,6.419085481345292,6.5800390520429515,6.719752026312902,6.7720511140728545,6.569054083476598,6.601491927009407,,,,,,,,,,,,,,,,,,,,,,,,,6.5949632068920625,6.719462962702845,,,,,6.621987481731864,"rgba(239, 83, 80, 1.0)",0.2316174035378672,6.634485946344521,-1.2498453998824524,27.946991687296936,-14.148226554229737,False,True,False,True,False,0.0,0.0,0.0,0.0,0.0,0,0.9389339922343803,0.957289092834451,False,False,False,False,-0.046423114661179245,-0.042556716372347175,False,False,False,False,-539646.0,-404708.3783267184,False,False,False,False,52278.789772054566,False,False,False,False
2025-05-02 14:00:00+00:00,6.255,6.27,6.205,6.245,69605.0,,,,,,,,,,,,,,,,,6.393333928991981,6.561546843418264,6.709225772638119,6.761812598358877,6.56589353972713,6.598519329637281,,,,,,,,,,,,,,,,,,,,,,,,,6.577947980978813,6.713451292161053,,,,,6.610216410738939,"rgba(255, 0, 0, 1.0)",0.2399193182702903,6.6245492856619625,-1.5819871796833245,25.04147130061658,-17.0727461376255,False,True,False,True,False,0.0,0.0,0.0,0.0,0.0,0,0.9344779257182901,0.9562018220042047,False,False,False,False,-0.0994318392905065,-0.07099427783142684,False,False,False,False,-609251.0,-407879.58176351344,False,False,False,False,52547.413186441314,False,False,False,False
2025-05-02 15:00:00+00:00,6.245,6.25,6.175,6.19,66135.0,,,,,,,,,,,,,,,,,6.370695574098544,6.544028727058769,6.698928736701929,6.751814563715001,6.562629773013429,6.595468524715981,,,,,,,,,,,,,,,,,,,,,,,,,6.561701824529048,6.707465286944312,,,,,6.599091626347127,"rgba(255, 0, 0, 1.0)",0.24900978670300375,6.615085828831078,-1.7071049072383708,22.28532917565668,-19.880864838457587,False,True,False,True,False,0.0,0.0,0.0,0.0,0.0,0,0.9320728291316527,0.9604341736694677,False,False,False,False,-0.1100912017665667,-0.09054273979899677,False,False,False,False,-675386.0,-412026.96809276124,False,False,False,False,52758.07344711664,False,False,False,False
2025-05-02 16:00:00+00:00,6.195,6.225,6.17,6.19,34587.0,,,,,,,,,,,,,,,,,6.3603040032148845,6.53528502826598,6.693603680396919,6.74663445936938,6.560899227484952,6.593851409232383,,,,,,,,,,,,,,,,,,,,,,,,6.195,6.553533855577101,6.70432934531285,,,,,6.549271223206051,"rgba(239, 83, 80, 1.0)",0.25747337831422895,6.5757283411389436,-1.4981290246954684,20.447901092350083,-21.881167361427156,False,True,False,True,False,0.0,0.0,0.0,0.0,0.0,0,0.9371877230549607,0.9735902926481086,False,False,False,False,-0.11649864637215428,-0.10352069308557552,False,False,False,False,-675386.0,-416110.0538587649,False,False,False,False,52476.3513781691,False,False,False,False
2025-05-02 17:00:00+00:00,6.19,6.265,6.19,6.265,35316.0,,,,,,,,,,,,,,,,,6.3534523928553,6.527920164610217,6.688761628841291,6.741867128577295,6.559364196331885,6.592398410609217,,,,,,,,,,,,,,,,,,,,,,,,6.2177346465816905,6.546561535996092,6.701446089989413,,,,,6.547722910488044,"rgba(239, 83, 80, 1.0)",0.2599589018107134,6.573963520628745,-1.1885091007720663,24.235728008348254,-21.881167361427156,False,True,False,True,True,0.0,0.0,0.0,0.0,0.0,0,0.9260714285714285,0.9660714285714285,False,False,False,False,-0.10369274797111523,-0.10360672052834538,False,False,False,False,-640070.0,-419582.30108576076,False,False,False,False,52210.29941881764,False,False,False,False
2025-05-02 18:00:00+00:00,6.265,6.285,6.25,6.275,49844.0,,,,,,,,,,,,,,,,,6.347243477027793,6.519149652577613,6.682546260466889,6.735682524790182,6.557423701548854,6.590540739244771,,,,,,,,,,,,,,,,,,,,,,,,6.239489799326915,6.538145553549658,6.697697781319547,,,,,6.545324387761358,"rgba(239, 83, 80, 1.0)",0.2589758067242381,6.571382842786385,-1.1444422030586765,27.360741786072445,-21.881167361427156,False,True,False,True,True,0.0,0.0,0.0,0.0,0.0,0,0.931442928930366,0.9644651830581478,False,False,False,False,-0.08667005269341575,-0.09513838661088056,False,False,False,False,-590226.0,-422227.9398286172,False,False,False,False,52173.61260612279,False,False,False,False
2025-05-02 19:00:00+00:00,6.275,6.285,6.255,6.285,122414.0,,,,,,,,,,,,,,,,,6.336082287714834,6.500331389004849,6.668212965939728,6.721315965097092,6.552847632302638,6.586137757212762,,,,,,,,,,,,,,,,,,,,,,,,6.2574404425155175,6.519846636570568,6.68886722535589,,,,,6.536786922412652,"rgba(239, 83, 80, 1.0)",0.2583992999181686,6.563140968592695,-1.076399853562985,30.082107564979317,-27.50118099642672,False,True,False,True,True,0.0,0.0,0.0,0.0,0.0,0,0.934602946460654,0.9572403880704276,False,False,False,False,-0.08560789727492779,-0.09037314194290418,False,False,False,False,-467812.0,-422934.6694436774,False,False,False,False,53262.610860291425,False,False,False,False
2025-05-05 14:00:00+00:00,6.35,6.45,6.34,6.415,101670.0,,,,,,,,,,,,,,,,,6.343540659982282,6.494395317652921,6.660648129770927,6.7132458231262815,6.550840181530221,6.584024378430568,,,,,,,,,,,,,,,,,,,,,,,,6.300087790222523,6.513393812992373,6.683969049677555,,,,,6.538238349265073,"rgba(239, 83, 80, 0.5)",0.2565906053204992,6.56323486331781,-0.5777096286617905,38.27066374289477,-19.801501622085418,False,False,False,True,True,0.0,0.0,0.0,0.0,0.0,0,0.9407142857142856,0.9485714285714284,False,False,False,False,-0.032695370399989376,-0.061534256171446776,False,False,False,False,-366142.0,-422054.1629406747,False,False,False,False,54013.11301749621,False,False,False,False
2025-05-05 15:00:00+00:00,6.415,6.505,6.4,6.465,89077.0,,,,,,,,,,,,,,,,,6.35379080243705,6.492506144989908,6.655699062031573,6.707693179874603,6.549757187635113,6.582758740234782,,,,,,,,,,,,,,,,,,,,,,,,6.332306128938867,6.510803959425448,6.680622599166068,,,,,6.54065975608149,#000000,0.25248266375237916,6.5643859904101864,-0.39363490915819394,45.4491174863074,-13.330887792702299,True,False,False,False,True,0.0,0.0,0.0,0.0,0.0,0,0.9453180843459615,0.94674767691208,False,False,False,False,-0.008434725362319038,-0.034984490766882904,False,False,False,False,-277065.0,-419806.26894159446,False,False,False,False,54556.73917226371,False,False,False,False
2025-05-05 16:00:00+00:00,6.465,6.55,6.465,6.495,56008.0,,,,,,,,,,,,,,,,,6.361851148435823,6.492836619683002,6.653409622067251,6.70494978172568,6.549423919384881,6.582265540250955,,,,,,,,,,,,,,,,,,,,,,,,6.351898229961794,6.510595493733296,6.6789965052644895,,,,,6.542914095611909,#000000,0.24542898644493658,6.565763241111781,-0.28832470906062607,51.19001662424805,-8.265895902374211,True,False,True,False,True,0.0,0.0,0.0,0.0,0.0,0,0.9739970282317979,0.9361069836552748,False,False,False,False,0.014761433435430524,-0.010111528665726191,False,False,False,False,-221057.0,-416724.8849269961,False,False,False,False,54579.239340135595,False,False,False,False
2025-05-05 17:00:00+00:00,6.495,6.525,6.475,6.5,42150.0,,,,,,,,,,,,,,,,,6.367236513175844,6.492997471117897,6.651694248960801,6.702899928892393,6.549158338108749,6.581882888000929,,,,,,,,,,,,,,,,,,,,,,,,6.363652869888113,6.510377562014887,6.677769439619031,,,,,6.544185473308739,#000000,0.24349534283427982,6.56648000505563,-0.2730237230897494,55.18142968198277,-4.727968287820119,True,False,True,False,True,0.0,0.0,0.0,0.0,0.0,0,0.9659176029962547,0.935205992509363,False,False,False,False,0.011597942255993116,0.0007432067951334623,False,False,False,False,-178907.0,-413037.78593587986,False,False,False,False,54386.537955017215,False,False,False,False
2025-05-05 18:00:00+00:00,6.495,6.525,6.475,6.52,27792.0,,,,,,,,,,,,,,,,,6.370730529975628,6.493196900529474,6.65063282561218,6.701614300623929,6.549008317721674,6.581652907971905,,,,,,,,,,,,,,,,,,,,,,,,6.370764943867673,6.510327908512906,6.676999522642639,,,,,6.544992017495335,#000000,0.2406400998538256,6.566937331495506,-0.19505199475905302,58.53044131420093,-1.6077125836672579,True,False,True,False,True,0.0,0.0,0.0,0.0,0.0,0,0.970987189148455,0.9272795779954786,False,False,False,False,0.011597942255993116,0.006170574525563289,False,False,False,False,-151115.0,-408976.96754927706,False,False,False,False,53974.219537109966,False,False,False,False
2025-05-05 19:00:00+00:00,6.525,6.555,6.515,6.525,119528.0,,,,,,,,,,,,,,,,,6.38638794764792,6.495468258453144,6.647002446840452,6.69695693925075,6.548748934520373,6.581004116456563,,,,,,,,,,,,,,,,,,,,,,,,6.399114970434727,6.511489064545313,6.674240367490368,,,,,6.548934782848845,#000000,0.23610461110996728,6.569380349708553,-0.18796900873690164,60.942956397903565,0.8226733536180575,True,False,True,False,True,0.0,0.0,0.0,0.0,0.0,0,0.9784090909090909,0.918560606060606,False,False,False,False,0.0263639111377273,0.016267242831645295,False,False,False,False,-31587.0,-403125.960300451,False,False,False,False,54990.55721870516,False,False,False,False
2025-05-06 14:00:00+00:00,6.64,6.68,6.605,6.675,25508.0,,,,,,,,,,,,,,,,,6.391817589210318,6.4974326176057655,6.64704340879675,6.696703297563297,6.549081702107348,6.581203906534737,,,,,,,,,,,,,,,,,,,,,,,,6.408327439927033,6.513117332120062,6.674156003814139,,,,,6.5509870330754945,#000000,0.23106681690341296,6.570920523894155,0.45043021538376377,66.47304035785123,6.215997585635286,True,False,True,False,True,1.7510630554073678,0.0,0.0,0.0,0.0,0,0.9769724424311059,0.9131747829369572,False,False,False,False,0.07181647792487858,0.04404186037826194,False,False,False,False,-6079.0,-396970.19347408746,False,False,False,False,54533.46330833763,False,False,False,False
2025-05-06 15:00:00+00:00,6.675,6.78,6.675,6.765,71700.0,,,,,,,,,,,,,,,,,6.410647671911099,6.505630080381138,6.6487038044597515,6.697399533087919,6.5507740805501005,6.582427349537406,,,,,,,,,,,,,,,,,,,,,,,,6.438989000688504,6.520209288628359,6.674894458364838,,,,,6.558852807512124,"rgba(38, 166, 154, 0.5)",0.22654081031624354,6.57703699094241,0.8297092642831105,71.56997256270122,11.125992055013434,True,False,True,False,True,4.57811923570144,0.0,0.0,0.0,0.0,0,0.9830316742081447,0.9034690799396681,False,False,False,False,0.1079573690328375,0.07599961470554972,False,False,False,False,65621.0,-389798.2369861171,False,False,False,False,54799.611164022324,False,False,False,False
2025-05-06 16:00:00+00:00,6.765,6.785,6.72,6.77,39171.0,,,,,,,,,,,,,,,,,6.4206254111848144,6.510211059448458,6.649763270385758,6.697930181006883,6.551774401611741,6.583164652349225,,,,,,,,,,,,,,,,,,,,,,,,6.45434193908673,6.524207444175116,6.67540258118231,,,,,6.563046771159004,"rgba(38, 166, 154, 0.5)",0.22325202903550503,6.580324167745352,0.8496040688816425,75.03863636040725,14.5459085425544,True,False,True,False,True,4.731861396733883,0.0,0.0,0.0,0.0,0,0.9953987730061349,0.907208588957055,False,False,False,False,0.11863651070645531,0.09731806270600252,False,False,False,False,104792.0,-382130.1712964098,False,False,False,False,54557.30711496771,False,False,False,False
2025-05-06 17:00:00+00:00,6.765,6.855,6.765,6.775,41823.0,,,,,,,,,,,,,,,,,6.431854506849326,6.51568183985007,6.6512806108453475,6.69885514872341,6.553036634642335,6.584123292520904,,,,,,,,,,,,,,,,,,,,,,,,6.471137355414738,6.529035145452983,6.676196720416784,,,,,6.567911250523989,"rgba(38, 166, 154, 0.5)",0.2198981541491418,6.584179209493872,0.8677689507875902,77.42868561550563,17.085463706351405,True,False,True,False,True,4.888050714430825,0.0,0.0,0.0,0.0,0,1.0066302652106085,0.8943057722308893,False,False,False,False,0.14330523700787692,0.12031164985693972,False,False,False,False,146615.0,-373932.5717414267,False,False,False,False,54359.875996906194,False,False,False,False
2025-05-06 18:00:00+00:00,6.775,6.83,6.775,6.815,59289.0,,,,,,,,,,,,,,,,,6.447012199281073,6.523309059761044,6.653498194716147,6.700244999671314,6.554864052978444,6.585520033393517,,,,,,,,,,,,,,,,,,,,,,,,6.492857736355427,6.535797665809258,6.677380706027184,,,,,6.57449829422149,"rgba(38, 166, 154, 1.0)",0.21677794093421318,6.589425441463156,1.0405789332840865,79.63968704572085,19.58477765147839,True,False,True,False,True,6.137559177279975,0.0,0.0,0.0,0.0,0,1.0142123963679432,0.8803789972364786,False,False,False,False,0.14007836822119893,0.13019500903906933,False,False,False,False,205904.0,-364942.85745086195,False,False,False,False,54436.29652408594,False,False,False,False
2025-05-06 19:00:00+00:00,6.815,6.905,6.81,6.895,392091.0,,,,,,,,,,,,,,,,,6.5362669569536775,6.574527438794642,6.672169473606264,6.713580426267287,6.569196896602911,6.596857178697383,,,,,,,,,,,,,,,,,,,,,,,,6.605914085818613,6.582163532033482,6.688285992898206,,,,,6.615440220185829,"rgba(38, 166, 154, 1.0)",0.21456587220132434,6.622837492539496,1.268433347150087,82.12228927941652,22.40583604711773,True,False,True,False,True,8.554234939729366,0.0,0.0,0.0,0.0,0,1.0166865315852203,0.8712753277711561,False,False,False,False,0.1638139422193987,0.14700447562923402,False,False,False,False,597995.0,-350013.58834309666,False,False,False,False,59671.25316712337,False,False,False,False
2025-05-07 14:00:00+00:00,6.845,6.855,6.8,6.84,74528.0,,,,,,,,,,,,,,,,,6.547658106572416,6.581550991420088,6.674741863121344,6.715317744174878,6.571446510281749,6.598622496338117,,,,,,,,,,,,,,,,,,,,,,,,6.61808402218403,6.588574051997636,6.689812545794629,,,,,6.620645370209432,"rgba(38, 166, 154, 1.0)",0.2115840088305218,6.627136073346985,1.0060492181312182,80.06065260104674,22.40583604711773,True,False,True,False,True,6.546583243175938,0.0,0.0,0.0,0.0,0,1.0136,0.8707999999999999,False,False,False,False,0.15084625904904422,0.14892536733913914,False,False,False,False,523467.0,-336471.2536401029,False,False,False,False,59901.590327323,False,False,False,False
2025-05-07 15:00:00+00:00,6.835,6.905,6.835,6.905,81711.0,,,,,,,,,,,,,,,,,6.561206643831084,6.590277157529595,6.67833724455415,6.717958399215971,6.574334513748753,6.600936464698471,,,,,,,,,,,,,,,,,,,,,,,,6.632793418781178,6.5966041064594245,6.692026217805469,,,,,6.6271637962915655,"rgba(38, 166, 154, 1.0)",0.2094439872228022,6.6325771046786555,1.3006957083544581,79.85298009047227,22.40583604711773,True,False,True,False,True,8.474259990975913,0.0,0.0,0.0,0.0,0,1.0180722891566265,0.859839357429719,False,False,False,False,0.16923305666644042,0.1590792120027898,False,False,False,False,605178.0,-321872.0404053726,False,False,False,False,60239.720709845125,False,False,False,False
2025-05-07 16:00:00+00:00,6.905,6.915,6.855,6.885,49473.0,,,,,,,,,,,,,,,,6.885000000000001,6.568968278732915,6.595375832363544,6.680488724968868,6.719548592323146,6.576075788750433,6.602335607448315,,,,,,,,,,,,,,,,,,,,,,,,6.641036519167415,6.601310034807885,6.693364983978128,,,,,6.656350436254064,"rgba(38, 166, 154, 1.0)",0.20695764897309307,6.654920409993408,1.1117230561336005,78.44513973714422,22.40583604711773,True,False,True,False,False,7.742684330518927,0.0,0.0,0.0,0.0,0,1.0114519427402864,0.8691206543967283,False,False,False,False,0.17574904485937332,0.16741412843108155,False,False,False,False,555705.0,-308266.19481769245,False,False,False,False,60072.7948073669,False,False,False,False
2025-05-07 17:00:00+00:00,6.885,6.885,6.83,6.835,60611.0,,,,,,,,,,,,,,,,6.865729397550962,6.576986043826801,6.600660501514835,6.682623503649545,6.721052500604695,6.577943956790389,6.6038211343052255,,,,,,,,,,,,,,,,,,,,,,,,6.649081718902879,6.606184211476552,6.694685071799853,,,,,6.657876804042173,"rgba(38, 166, 154, 0.5)",0.20336987561167427,6.656407249928863,0.8781671795490092,74.51140201074112,22.40583604711773,True,False,True,False,False,5.9332306101315915,0.0,0.0,0.0,0.0,0,1.0181293778327154,0.862381540997116,False,False,False,False,0.1638139422193987,0.16561403532524013,False,False,False,False,495094.0,-295810.9979988135,False,False,False,False,60081.13907391935,False,False,False,False
2025-05-07 18:00:00+00:00,6.84,6.89,6.825,6.89,105922.0,,,,,,,,,,,,,,,,6.867006279146568,6.590822129095183,6.610029304037776,6.686622669403154,6.723961146410956,6.581364187844471,6.606565036999749,,,,,,,,,,,,,,,,,,,,,,,,6.662903519771997,6.614865816786845,6.697205471480595,,,,,6.66413455609773,"rgba(38, 166, 154, 1.0)",0.20109217553914083,6.661811176423947,1.1347474011072998,73.31411716258086,22.40583604711773,True,False,True,False,False,7.58794130325402,0.0,0.0,0.0,0.0,0,1.017790649565577,0.8589160115846092,False,False,False,False,0.1638139422193987,0.1647139887723194,False,False,False,False,601016.0,-281906.70345619624,False,False,False,False,60791.85009602913,False,False,False,False
2025-05-07 19:00:00+00:00,6.885,6.885,6.795,6.86,133648.0,,,,,,,,,,,,,,,,6.859231883519136,6.605285889549619,6.620037854993081,6.690856244889767,6.726944437925816,6.585249140351282,6.6096670734195575,,,,,,,,,,,,,,,,,,,,,,,,6.676443464153722,6.624163281624595,6.699893427428171,,,,,6.669777269785475,"rgba(38, 166, 154, 0.5)",0.1996433306160289,6.666796278113385,0.9677444334877424,70.79208771356869,27.90509058155463,True,False,True,False,False,6.501142584038448,0.0,0.0,0.0,0.0,0,1.0186104218362286,0.8531844499586437,False,False,False,False,0.15624309841453532,0.16047854359342736,False,False,False,False,467368.0,-270290.0413871079,False,False,False,False,61921.4028077186,False,False,False,False
2025-05-08 14:00:00+00:00,6.135,6.19,6.06,6.175,308051.0,,,,,,,,,,,,,,,,6.523143998195747,6.551838002872892,6.577545230241025,6.659295548503032,6.695886418979398,6.57076601078916,6.5961334499373345,,,,,,,,,,,,,,,,,,,,,,,6.141666666666667,6.598806631314902,6.583331141093094,6.677674406610285,,,,,6.561462500473049,"rgba(255, 0, 0, 1.0)",0.20407835008391903,6.577877516911831,-1.974131585962762,54.822577088058836,13.058995190259765,True,False,False,False,False,0.0,0.0,0.0,0.0,0.0,0,1.0023501762632199,0.8656482569526048,False,False,False,False,-0.14761239929114117,0.006433072151143096,False,False,False,False,159317.0,-263629.46710203646,False,False,False,False,65737.36555488575,False,False,False,False
2025-05-08 15:00:00+00:00,6.175,6.355,6.13,6.33,166830.0,,,,,,,,,,,,,,,,6.472262030518213,6.535373735808205,6.563505981546847,6.647595662202235,6.6840355781850675,6.565569129581716,6.59113033068627,,,,,,,,,,,,,,,,,,,,,,,6.1873368450903135,6.574960885353905,6.569673201395415,6.669107224972723,,,,,6.550959145940083,"rgba(239, 83, 80, 1.0)",0.20259799097214085,6.568093744158836,-1.1752028883226988,47.83513028757583,7.15982209563461,False,False,False,True,False,0.0,0.0,0.0,0.0,0.0,0,1.0178849144634525,0.844090202177294,False,False,False,False,-0.14580245122745775,-0.06968468953815732,False,False,False,False,326147.0,-254485.64590665605,False,False,False,False,67304.69322070148,False,False,False,False
2025-05-08 16:00:00+00:00,6.325,6.345,6.26,6.325,137164.0,,,,,,,,,,,,,,,,6.4491191249375674,6.524986593747946,6.554287445357675,6.6394207617695145,6.675637592873595,6.56196963497174,6.587610894391888,,,,,,,,,,,,,,,,,,,,,,,6.21482660316371,6.559979639222075,6.560642557950183,6.66298338383636,,,,,6.5446785665656595,"rgba(239, 83, 80, 1.0)",0.19984820816386648,6.5620713014221455,-1.1862568276206786,43.1188300134214,3.238659348322301,False,True,False,True,False,0.0,0.0,0.0,0.0,0.0,0,1.023061630218688,0.8691848906560639,False,False,False,False,-0.11717635890661775,-0.09343052422238754,False,False,False,False,188983.0,-247610.16302438232,False,False,False,False,68387.7832482875,False,False,False,False
2025-05-08 17:00:00+00:00,6.325,6.34,6.225,6.235,36703.0,,,,,,,,,,,,,,,,6.442411854142922,6.521839650708322,6.551515721508481,6.6370210201134485,6.6731952048763405,6.560860897545145,6.586539365214398,,,,,,,,,,,,,,,,,,,,,,,6.217759461300844,6.55560806986953,6.55793210458812,6.661183160613045,,,,,6.54235150095278,"rgba(255, 0, 0, 1.0)",0.19832876064075833,6.559920415738307,-1.6382919687924098,38.91625612912249,-0.43956230376380745,False,True,False,True,False,0.0,0.0,0.0,0.0,0.0,0,1.0215741110667198,0.8585697163403916,False,False,False,False,-0.1446913997595818,-0.11906096199098468,False,False,False,False,152280.0,-241410.3155356322,False,False,False,False,67896.54629870164,False,False,False,False
2025-05-08 18:00:00+00:00,6.24,6.27,6.2,6.215,62962.0,,,,,,,,,,,,,,,,6.429712335573219,6.51583147038156,6.546259984948587,6.632556851437053,6.668683945705877,6.558732869848046,6.584499487981357,,,,,,,,,,,,,,,,,,,,,,,6.2186948874307415,6.547449173540031,6.552800212145213,6.657836380584021,,,,,6.5375506908705185,"rgba(255, 0, 0, 1.0)",0.19943745209287875,6.5555451704858365,-1.7075286858721177,35.88040341993011,-3.2620115761052944,False,True,False,True,False,0.0,0.0,0.0,0.0,0.0,0,1.01323706377858,0.8656237464901725,False,False,False,False,-0.23524558705444765,-0.17715327452271618,False,False,False,False,89318.0,-236282.74475213402,False,False,False,False,67820.04170492332,False,False,False,False
2025-05-08 19:00:00+00:00,6.215,6.29,6.16,6.25,288393.0,,,,,,,,,,,,,,,,6.387753427715755,6.491614263741754,6.52456633218045,6.6135343128459265,6.649359823387668,6.549466163017621,6.5755724580200114,,,,,,,,,,,,,,,,,,,,,,,6.222916077977302,6.5152565763693735,6.531533239892733,6.6433165290295575,,,,,6.518626291288922,"rgba(239, 83, 80, 1.0)",0.20083570893141503,6.538057437452282,-1.4342939260400787,34.870961367195,-4.468234624140905,False,True,False,True,False,0.0,0.0,0.0,0.0,0.0,0,1.0057026476578412,0.8826883910386965,False,False,False,False,-0.278582802708674,-0.2278680386156951,False,False,False,False,377711.0,-226763.46188775986,False,False,False,False,71239.7774924439,False,False,False,False
2025-05-09 14:00:00+00:00,6.32,6.335,6.26,6.295,145873.0,,,,,,,,,,,,,,,,6.378869479751009,6.4835124552591665,6.516845641101266,6.606077083715492,6.641615115978762,6.545876416990971,6.572031723470675,,,,,,,,,,,,,,,,,,,,,,,6.2323039007797725,6.504483562214181,6.5238824117204315,6.637421131180005,,,,,6.51299262928743,"rgba(239, 83, 80, 1.0)",0.20241864120260378,6.532577609894704,-1.1736943222383829,35.51888310192085,-4.468234624140905,False,True,False,True,False,0.0,0.0,0.0,0.0,0.0,0,0.9951000408329932,0.8791343405471622,False,False,False,False,-0.23339539406231108,-0.2306317163390031,False,False,False,False,523584.0,-215130.16790500388,False,False,False,False,72396.88171736726,False,False,False,False
2025-05-09 15:00:00+00:00,6.295,6.335,6.28,6.325,121059.0,,,,,,,,,,,,,,,,6.37396207928674,6.477838753975276,6.511280403215701,6.600469070788072,6.635739764590511,6.5431679402594005,6.569334604365207,,,,,,,,,,,,,,,,,,,,,,,6.24004586692554,6.496972612296337,6.5183402658551435,6.6329106773967625,,,,,6.509096548995881,"rgba(239, 83, 80, 1.0)",0.20337572294816034,6.528712697244586,-1.0016569052173032,36.84351989575694,-4.468234624140905,False,True,False,True,False,0.0,0.0,0.0,0.0,0.0,0,0.994219653179191,0.8864574731626756,False,False,False,False,-0.22723932623028742,-0.22893552128464525,False,False,False,False,644643.0,-201800.35134833714,False,False,False,False,73151.33316360963,False,False,False,False
2025-05-09 16:00:00+00:00,6.325,6.38,6.305,6.365,107464.0,,,,,,,,,,,,,,,,6.3724685570248125,6.4741640531332125,6.5074581099304085,6.59628096028824,6.631271096604307,6.541191173451819,6.5673232962656956,,,,,,,,,,,,,,,,,,,,,,,6.248642534479837,6.492018885362171,6.514496584200207,6.629458125474758,,,,,6.506797579655951,"rgba(239, 83, 80, 0.5)",0.2029546836207675,6.5262967177503315,-0.794742525142822,38.932240733564626,-4.468234624140905,False,True,False,True,True,0.0,0.0,0.0,0.0,0.0,0,0.9885979729729728,0.9075168918918919,False,False,False,False,-0.20582261094196586,-0.21737906611330554,False,False,False,False,752107.0,-187011.0900871226,False,False,False,False,73683.31249440637,False,False,False,False
2025-05-09 17:00:00+00:00,6.365,6.43,6.365,6.42,95528.0,,,,,,,,,,,,,,,,6.374176363879164,6.472440796981945,6.505344124267231,6.593479427786441,6.628168622097523,6.53996343965048,6.566010811805158,,,,,,,,,,,,,,,,,,,,,,,6.258803243069686,6.489487513987484,6.512318367204709,6.627049285533339,,,,,6.506112908751197,"rgba(239, 83, 80, 0.5)",0.20348391263857923,6.525342167753417,-0.5176928553586528,41.92978531478704,-4.468234624140905,False,True,False,True,True,0.0,0.0,0.0,0.0,0.0,0,0.9833830421815084,0.9045590115040479,False,False,False,False,-0.17253253314538183,-0.19495579962934367,False,False,False,False,847635.0,-170970.06543460907,False,False,False,False,74021.9898200745,False,False,False,False
2025-05-09 18:00:00+00:00,6.425,6.43,6.4,6.41,101182.0,,,,,,,,,,,,,,,,6.37623896828318,6.470921048140027,6.503376336558644,6.590727507504008,6.625093265343139,6.538765768252549,6.564714357156424,,,,,,,,,,,,,,,,,,,,,,,6.268754601286865,6.487211214736082,6.51027574999269,6.624647283587063,,,,,6.505520554621879,"rgba(239, 83, 80, 0.5)",0.20406340650365548,6.5244629612534455,-0.5609186047347245,43.65628521688719,-4.468234624140905,False,True,False,True,True,0.0,0.0,0.0,0.0,0.0,0,0.9892241379310345,0.9,False,False,False,False,-0.16202252035230302,-0.17848915999082335,False,False,False,False,746453.0,-156746.45201701822,False,False,False,False,74443.07524922062,False,False,False,False
2025-05-09 19:00:00+00:00,6.415,6.44,6.395,6.43,223849.0,,,,,,,,,,,,,,,,6.380980371723569,6.468270111103844,6.499684964265821,6.585200740541586,6.618848603714814,6.536365760782119,6.5620766162591275,,,,,,,,,,,,,,,,,,,,,,,6.287823184543341,6.48314570882121,6.5064070949656765,6.619722623906596,,,,,6.5044114346025195,#000000,0.20418720433567014,6.51600801473332,-0.4212213738522447,45.45746328903047,-4.468234624140905,False,False,False,True,True,0.0,0.0,0.0,0.0,0.0,0,0.9847494553376905,0.90239651416122,False,False,False,False,-0.1605240349890666,-0.16950659748994495,False,False,False,False,970302.0,-139272.83260590164,False,False,False,False,76759.4461755893,False,False,False,False
2025-05-12 14:00:00+00:00,6.275,6.305,6.2,6.225,185804.0,,,,,,,,,,,,,,,,6.370006248258612,6.458651017649132,6.490419591730499,6.576169274645226,6.609518178411389,6.531464041035256,6.5572715937048125,,,,,,,,,,,,,,,,,,,,,,,6.2836500557164845,6.471403587297412,6.497206856752863,6.612292436188523,,,,,6.496186625580927,"rgba(239, 83, 80, 1.0)",0.20744125403081282,6.503324634315693,-1.3417033926836563,41.77889447921262,-4.468234624140905,False,True,False,True,False,0.0,0.0,0.0,0.0,0.0,0,0.9659188955996549,0.9063848144952547,False,False,False,False,-0.26132130718594004,-0.2154139523379425,False,False,False,False,784498.0,-124950.80419340704,False,False,False,False,78450.05941317706,False,False,False,False
2025-05-12 15:00:00+00:00,6.225,6.345,6.225,6.285,124582.0,,,,,,,,,,,,,,,,6.365692673639368,6.453810699769861,6.48555921796696,6.571101458402925,6.604200312467021,6.528730392220581,6.554547078365586,,,,,,,,,,,,,,,,,,,,,,,6.283729933765356,6.465478421556883,6.492344855774843,6.608016925012961,,,,,6.492110178994759,"rgba(239, 83, 80, 1.0)",0.2095641551772094,6.498747856750444,-1.0199638223898377,41.28196705916456,-4.468234624140905,False,True,False,True,False,0.0,0.0,0.0,0.0,0.0,0,0.9757049891540133,0.9006507592190891,False,False,False,False,-0.24111504676214263,-0.22826449955004258,False,False,False,False,909080.0,-108919.31885707515,False,False,False,False,79165.28329824409,False,False,False,False
2025-05-12 16:00:00+00:00,6.285,6.295,6.205,6.205,37644.0,,,,,,,,,,,,,,,,6.363719025742201,6.451983175812964,6.483780591427827,6.569343097002074,6.602381215838655,6.527749264750989,6.553583801610601,,,,,,,,,,,,,,,,,,,,,,,6.282873977487936,6.4632857903905245,6.490575499406498,6.606550330030939,,,,,6.490529615409201,"rgba(239, 83, 80, 1.0)",0.21303434143497388,6.49693219786741,-1.3703527605032562,39.36187161570379,-4.468234624140905,False,True,False,True,False,0.0,0.0,0.0,0.0,0.0,0,0.9676418439716313,0.9228723404255321,False,False,False,False,-0.2628841134790723,-0.24557430651455744,False,False,False,False,871436.0,-93720.0115879732,False,False,False,False,78521.54247191473,False,False,False,False
2025-05-12 17:00:00+00:00,6.205,6.215,6.155,6.16,55409.0,,,,,,,,,,,,,,,,6.3596516120904925,6.4486396488134226,6.4806048568050505,6.566342375938854,6.599316018331952,6.526031592105938,6.551918764545769,,,,,,,,,,,,,,,,,,,,,,,6.280197221101507,6.459327699156788,6.487430541065354,6.604076834929673,,,,,6.4875942877168,"rgba(255, 0, 0, 1.0)",0.21721585975644636,6.493501527749507,-1.5353461212429258,37.257083413450445,-6.21560774498235,False,True,False,True,False,0.0,0.0,0.0,0.0,0.0,0,0.9608540925266906,0.9314946619217084,False,False,False,False,-0.3039856242528063,-0.2747799653836819,False,False,False,False,816027.0,-79615.40675715191,False,False,False,False,78163.2084801021,False,False,False,False
2025-05-12 18:00:00+00:00,6.155,6.195,6.155,6.19,39773.0,,,,,,,,,,,,,,,,6.356890602274255,6.446318081546047,6.478390043815391,6.5642347406596935,6.597160008799448,6.5248206249387755,6.550743165523812,,,,,,,,,,,,,,,,,,,,,,,6.27841676383993,6.456586005816034,6.485235440826285,6.602332528890951,,,,,6.485557091539147,"rgba(239, 83, 80, 1.0)",0.22014720709742214,6.491196187802418,-1.3681581146252213,36.96186356261252,-6.92283069125596,False,True,False,True,False,0.0,0.0,0.0,0.0,0.0,0,0.9572383073496662,0.9327394209354121,False,False,False,False,-0.31039506810110323,-0.2925875167423926,False,False,False,False,855800.0,-65112.842311304594,False,False,False,False,77568.01144940284,False,False,False,False
2025-05-12 19:00:00+00:00,6.195,6.21,6.15,6.15,149852.0,,,,,,,,,,,,,,,,6.3466611567199065,6.437604848459596,6.470060446369771,6.556294819490934,6.589042156725855,6.520203083763618,6.546262156084295,,,,,,,,,,,,,,,,,,,,,,,6.271613732464255,6.446365715504639,6.4769771978157555,6.595734844681347,,,,,6.477892741643634,"rgba(239, 83, 80, 1.0)",0.22236379574395693,6.482837478402021,-1.4968150606012762,35.924778359733175,-8.364501584771475,False,True,False,True,False,0.0,0.0,0.0,0.0,0.0,0,0.9566189624329161,0.935599284436494,False,False,False,False,-0.30718728690936214,-0.29988740182587736,False,False,False,False,705948.0,-53158.41064756344,False,False,False,False,78688.69344243534,False,False,False,False
2025-05-13 14:00:00+00:00,6.015,6.095,6.01,6.08,160126.0,,,,,,,,,,,,,,,,6.330913547686108,6.425350415141414,6.45860412826767,6.545874232567181,6.5785457934742055,6.513914144719131,6.540243565724974,,,,,,,,,,,,,,,,,,,,,,,6.258421145299307,6.432244032645676,6.46566792578417,6.587165556937933,,,,,6.466994953477069,"rgba(255, 0, 0, 1.0)",0.2254691205560684,6.47100213140026,-1.7341715372639137,33.878615198390925,-10.693412074206464,False,True,False,True,False,0.0,0.0,0.0,0.0,0.0,0,0.9423247559893524,0.9436557231588286,False,False,False,False,-0.34282825441539394,-0.3213578281206356,False,False,False,False,545822.0,-43871.89265302758,False,False,False,False,79951.28734255262,False,False,False,False
2025-05-13 15:00:00+00:00,6.085,6.115,6.04,6.115,193238.0,,,,,,,,,,,,,,,,6.315853197094492,6.412657841286132,6.446534384666676,6.534571444310337,6.567086786661069,6.507012019971001,6.533594928015007,,,,,,,,,,,,,,,,,,,,,,,6.2465497130631595,6.41772602723788,6.453715549579181,6.577721670503352,,,,,6.455729414762572,"rgba(255, 0, 0, 1.0)",0.2271592686494125,6.459428394596786,-1.516241871373347,33.99518725834638,-10.963260007330916,False,True,False,True,False,0.0,0.0,0.0,0.0,0.0,0,0.9498223801065722,0.9400532859680285,False,False,False,False,-0.3275066194710372,-0.3244322237958364,False,False,False,False,739060.0,-31733.41369716668,False,False,False,False,81707.67048452854,False,False,False,False
2025-05-13 16:00:00+00:00,6.115,6.115,6.055,6.06,111471.0,,,,,,,,,,,,,,,,6.30752800189179,6.405478774148645,6.439677500712638,6.528114640098905,6.5605397834081565,6.503007676066394,6.529735537364382,,,,,,,,,,,,,,,,,,,,,,,6.239912026948415,6.4095795282781545,6.446920093846128,6.572290774228422,,,,,6.44934403063564,"rgba(255, 0, 0, 1.0)",0.2300469595617518,6.452987335997535,-1.708291805926021,32.925200218471105,-12.375219248162715,False,True,False,True,False,0.0,0.0,0.0,0.0,0.0,0,0.9498191681735987,0.9593128390596746,False,False,False,False,-0.32293922751395354,-0.32368572565489495,False,False,False,False,627589.0,-21511.36077162921,False,False,False,False,82169.11745376066,False,False,False,False
2025-05-13 17:00:00+00:00,6.065,6.065,6.025,6.03,95421.0,,,,,,,,,,,,,,,,6.299787692074142,6.398914106571152,6.433433912813855,6.522293130932082,6.554658454664053,6.4993488735174,6.5262200491249525,,,,,,,,,,,,,,,,,,,,,,,6.2334420948286375,6.402174261938554,6.440737608469725,6.56739742539622,,,,,6.443491600939162,"rgba(255, 0, 0, 1.0)",0.23522986649252844,6.44707965381225,-1.7730726970654362,31.615274685366714,-13.96099765790349,False,True,False,True,False,0.0,0.0,0.0,0.0,0.0,0,0.9507972665148067,0.9576309794988609,False,False,False,False,-0.34282825441539394,-0.3332569900351444,False,False,False,False,532168.0,-12927.184635634958,False,False,False,False,82374.5729971132,False,False,False,False
2025-05-13 18:00:00+00:00,6.035,6.07,6.01,6.065,120211.0,,,,,,,,,,,,,,,,6.29094467537855,6.391156618120007,6.426001410505925,6.5152773055425035,6.547552651749262,6.494903170837634,6.5219371341252526,,,,,,,,,,,,,,,,,,,,,,,6.226190517856906,6.393462330046049,6.4333678397246095,6.561454809291129,,,,,6.436568042107075,"rgba(255, 0, 0, 1.0)",0.2387143115159315,6.440187383031978,-1.5717004173289277,32.41998793219592,-13.96099765790349,False,True,False,True,False,0.0,0.0,0.0,0.0,0.0,0,0.9512083903328773,0.9502963976288188,False,False,False,False,-0.34282825441539394,-0.33804262222526915,False,False,False,False,652379.0,-2612.3600676406186,False,False,False,False,82961.18426847579,False,False,False,False
2025-05-13 19:00:00+00:00,6.065,6.08,6.045,6.06,239546.0,,,,,,,,,,,,,,,,6.275929421662467,6.377241708036643,6.412508161148357,6.502280398647705,6.534334094058057,6.48655731659017,6.513861350712315,,,,,,,,,,,,,,,,,,,,,,,6.214277149612497,6.377944878650172,6.419958667886709,6.5503069702884185,,,,,6.424109101572137,"rgba(255, 0, 0, 1.0)",0.24201900379557156,6.427996136448224,-1.5205257879627616,32.828674463191845,-13.96099765790349,False,True,False,True,False,0.0,0.0,0.0,0.0,0.0,0,0.9506624029237095,0.9515760621288258,False,False,False,False,-0.3291733268242016,-0.33360797452473534,False,False,False,False,412833.0,3828.6532667414067,False,False,False,False,85388.85583020483,False,False,False,False
2025-05-14 14:00:00+00:00,5.905,5.935,5.86,5.89,114408.0,,,,,,,,,,,,,,,,6.264376108494157,6.367707207995762,6.40351347744984,6.494082344787462,6.5261336288545415,6.481164289767434,6.508718449262013,,,,,,,,,,,,,,,,,,,,,,,6.2036044246437045,6.367393218068481,6.4110670331919755,6.543399565219705,,,,,6.415559977066826,"rgba(255, 0, 0, 1.0)",0.24973241535548,6.386617268592225,-1.9885975470397736,29.723669533206216,-16.460985503862403,False,True,False,True,False,0.0,0.0,0.0,0.0,0.0,0,0.9450450450450454,0.9513513513513516,False,False,False,False,-0.34282825441539394,-0.33821811447006467,False,False,False,False,298425.0,8396.038487412083,False,False,False,False,85838.76504213964,False,False,False,False
2025-05-14 15:00:00+00:00,5.885,5.935,5.875,5.905,144177.0,,,,,,,,,,,,,,,,6.251146072446946,6.356458804814794,6.392828455630102,6.484228381758633,6.516253299256326,6.474620029054219,6.502461475419031,,,,,,,,,,,,,,,,,,,,,,,6.191533981734853,6.355003019500434,6.400490784048174,6.535030607441346,,,,,6.4054595373731695,"rgba(255, 0, 0, 1.0)",0.25651744228843565,6.377532778024756,-1.8421077873270948,28.39368553876936,-17.833282141798506,False,True,False,True,False,0.0,0.0,0.0,0.0,0.0,0,0.9450697883836113,0.9536244934714095,False,False,False,False,-0.3387417192556473,-0.33847991686285595,False,False,False,False,442602.0,15127.913859700267,False,False,False,False,86743.23380117623,False,False,False,False
2025-05-14 16:00:00+00:00,5.905,5.965,5.905,5.96,65215.0,,,,,,,,,,,,,,,,6.246104364781666,6.351965471417642,6.388512422399571,6.480166513938912,6.512160520684997,6.471904408029278,6.499852550558276,,,,,,,,,,,,,,,,,,,,,,,6.187077292591049,6.350073154594847,6.396209689810274,6.531542721614577,,,,,6.401415373674644,"rgba(255, 0, 0, 1.0)",0.26097542254238015,6.374340862047379,-1.5876623860244696,30.154074613043385,-17.833282141798506,False,True,False,True,True,0.0,0.0,0.0,0.0,0.0,0,0.9485791610284169,0.9521876409562472,False,False,False,False,-0.3225025196332343,-0.3304912182480451,False,False,False,False,507817.0,22766.50434249561,False,False,False,False,86409.46273449133,False,False,False,False
2025-05-14 17:00:00+00:00,5.965,5.975,5.945,5.975,65674.0,,,,,,,,,,,,,,,,6.2415429493133185,6.347772963459035,6.384456471714691,6.476299867778625,6.508252364720417,6.469308540566568,6.497351086115551,,,,,,,,,,,,,,,,,,,,,,,6.183132931758514,6.34548467015152,6.392181155729925,6.5281994559488,,,,,6.3976347688415425,"rgba(239, 83, 80, 1.0)",0.2654604532736561,6.371466485288689,-1.493504890839551,32.029946227242085,-17.833282141798506,False,True,False,True,True,0.0,0.0,0.0,0.0,0.0,0,0.9534358047016279,0.9475587703435805,False,False,False,False,-0.30909467143934305,-0.3197929448436941,False,False,False,False,573491.0,31304.868616255364,False,False,False,False,86087.98269209612,False,False,False,False
2025-05-14 18:00:00+00:00,5.975,5.985,5.945,5.955,50242.0,,,,,,,,,,,,,,,,6.238111216053021,6.3445990344527035,6.38138140752815,6.473361734536607,6.50528191494655,6.467327518879946,6.4954412697103905,,,,,,,,,,,,,,,,,,,,,,,6.180164054903287,6.34201743126337,6.389126045869871,6.52565332634895,,,,,6.3947695413175305,"rgba(255, 0, 0, 1.0)",0.27023958339302395,6.369153021910073,-1.5325401878959666,32.73806677319759,-21.00975374167729,False,True,False,True,True,0.0,0.0,0.0,0.0,0.0,0,0.9525316455696207,0.9462025316455697,False,False,False,False,-0.3064261193722228,-0.31310953210795844,False,False,False,False,523249.0,38931.90941290257,False,False,False,False,85532.23102245122,False,False,False,False
2025-05-14 19:00:00+00:00,5.955,5.975,5.945,5.97,141903.0,,,,,,,,,,,,,,,,6.228913751243884,6.335947865950898,6.372966498067589,6.465268062734287,6.497089136373035,6.4618331044707435,6.490136631759863,,,,,,,,,,,,,,,,,,,,,,,6.172253804053763,6.3325959661840185,6.380759553057874,6.518605006052702,,,,,6.386942670904423,"rgba(239, 83, 80, 1.0)",0.2741267872636642,6.36262242897533,-1.4322658244912525,34.02128459026652,-19.667352751514308,False,True,False,True,True,0.0,0.0,0.0,0.0,0.0,0,0.9534358047016279,0.9452983725135625,False,False,False,False,-0.30909467143934305,-0.3111021017736507,False,False,False,False,665152.0,48640.748026656016,False,False,False,False,86406.19643295585,False,False,False,False
2025-05-15 14:00:00+00:00,5.97,6.07,5.96,6.015,89852.0,,,,,,,,,,,,,,,,6.224474059847026,6.331401940152318,6.368461429336119,6.4607886977173345,6.492518261950847,6.458769802545263,6.487156208884952,,,,,,,,,,,,,,,,,,,,,,,6.168703309657625,6.327670308930156,6.37626478772442,6.514639532377638,,,,,6.382804394465791,"rgba(239, 83, 80, 1.0)",0.2768833949777724,6.3595886021985875,-1.2445260656611443,37.220813446120815,-16.60235405679402,False,True,False,True,True,0.0,0.0,0.0,0.0,0.0,0,0.9550157444894288,0.9392712550607288,False,False,False,False,-0.279965265174708,-0.29553368347417935,False,False,False,False,755004.0,59592.11627430476,False,False,False,False,86459.61974407281,False,False,False,False
2025-05-15 15:00:00+00:00,6.015,6.055,6.015,6.045,52556.0,,,,,,,,,,,,,,,,6.222241466779984,6.328993873617358,6.366049020975089,6.45834469936513,6.490013321822081,6.457090606582248,6.4855154741228125,,,,,,,,,,,,,,,,,,,,,,,6.167004041504287,6.325069156986439,6.373853083798972,6.512455846497549,,,,,6.380602781095632,"rgba(239, 83, 80, 1.0)",0.2787397959995605,6.358052932907288,-1.123100961542577,40.79688988321816,-13.317057866415581,False,True,False,True,True,0.0,0.0,0.0,0.0,0.0,0,0.9559352517985615,0.9428956834532376,False,False,False,False,-0.26948888314685476,-0.28251128331051706,False,False,False,False,807560.0,71188.51757237755,False,False,False,False,85933.98222866083,False,False,False,False
2025-05-15 16:00:00+00:00,6.045,6.065,6.03,6.06,74937.0,,,,,,,,,,,,,,,,6.219373377882958,6.325782379636723,6.362807126857893,6.455017513583221,6.486593098750362,6.454794890350576,6.483265808525691,,,,,,,,,,,,,,,,,,,,,,,6.1648996274499375,6.321608913644633,6.370607598617762,6.509463234154073,,,,,6.377655779041257,"rgba(239, 83, 80, 1.0)",0.2792073400516925,6.356027405297903,-1.0602422029560423,43.89930485214896,-10.546425842292606,False,False,False,True,True,0.0,0.0,0.0,0.0,0.0,0,0.9560388708931052,0.9565016196205458,False,False,False,False,-0.2629704917490214,-0.2727408875297692,False,False,False,False,882497.0,83766.94365652674,False,False,False,False,85763.48638015444,False,False,False,False
2025-05-15 17:00:00+00:00,6.065,6.08,6.045,6.055,75121.0,,,,,,,,,,,,,,,,6.216731581681222,6.322732425091482,6.35970895544512,6.451804145893756,6.483282306664869,6.452566521226349,6.481077008196653,,,,,,,,,,,,,,,,,,,,,,,6.163015421235614,6.318331385672296,6.367502424161848,6.506555939043133,,,,,6.374846192210213,"rgba(239, 83, 80, 1.0)",0.2811398613175021,6.354075183261964,-1.0637950159767877,45.712235239227994,-8.94930035082082,False,False,False,True,True,0.0,0.0,0.0,0.0,0.0,0,0.9570093457943926,0.9546728971962616,False,False,False,False,-0.25517710463220733,-0.2639589960809883,False,False,False,False,807376.0,94985.68871611547,False,False,False,False,85598.48659131484,False,False,False,False
2025-05-15 18:00:00+00:00,6.055,6.055,6.02,6.035,88890.0,,,,,,,,,,,,,,,,6.213267658768118,6.318900057833282,6.355844717034543,6.447846224791984,6.479218122286575,6.449807182966487,6.478374174748082,,,,,,,,,,,,,,,,,,,,,,,6.160385861052516,6.314216793035386,6.363634565542891,6.502986741355126,,,,,6.371316554492271,"rgba(239, 83, 80, 1.0)",0.2828323604967205,6.351316230115206,-1.1183876893000486,45.86220085701618,-8.765985004398146,False,False,False,True,True,0.0,0.0,0.0,0.0,0.0,0,0.947442515251056,0.9582355701548569,False,False,False,False,-0.2661084125611595,-0.26503370432107387,False,False,False,False,718486.0,104652.36020888887,False,False,False,False,85649.51780695337,False,False,False,False
2025-05-15 19:00:00+00:00,6.035,6.06,6.005,6.055,272163.0,,,,,,,,,,,,,,,,6.203629859999956,6.3079108175034015,6.344685530386445,6.436278398326072,6.46731225598846,6.44164816041204,6.4703602826681195,,,,,,,,,,,,,,,,,,,,,,,6.153174192922154,6.302476964200114,6.352450106031479,6.4924638488118385,,,,,6.361126401568189,"rgba(239, 83, 80, 1.0)",0.28384175898578917,6.3431212158718395,-1.015076910815878,47.17402622987688,-7.3788709080408665,False,False,False,True,True,0.0,0.0,0.0,0.0,0.0,0,0.9533898305084748,0.9510357815442562,False,False,False,False,-0.2687915419598444,-0.26691262314045916,False,False,False,False,990649.0,118388.74222115416,False,False,False,False,88541.19970141922,False,False,False,False
2025-05-16 14:00:00+00:00,5.86,5.905,5.855,5.86,96085.0,,,,,,,,,,,,,,,,6.197268572080673,6.301948526898982,6.33887859034274,6.430697286718565,6.461681821585386,6.437681434922829,6.466531814243651,,,,,,,,,,,,,,,,,,,,,,,6.147378453728586,6.296087243694451,6.346674981790149,6.487535466245641,,,,,6.355669472022877,"rgba(255, 0, 0, 1.0)",0.28827864398283,6.337588963465795,-1.6566921394782212,40.98533253401113,-4.073201627039069,False,False,False,True,False,0.0,0.0,0.0,0.0,0.0,0,0.9445479962721346,0.9520037278657969,False,False,False,False,-0.34282825441539394,-0.3048704387779265,False,False,False,False,894564.0,130422.46714795797,True,False,False,False,88658.15784558326,True,False,False,False
2025-05-16 15:00:00+00:00,5.865,5.925,5.85,5.915,63784.0,,,,,,,,,,,,,,,,6.193473922161118,6.298290711525945,6.3352914273776575,6.4272056572161045,6.458148665185585,6.435186260978484,6.464116272264524,,,,,,,,,,,,,,,,,,,,,,5.8966666666666665,6.143978301101692,6.292177986312623,6.343102784501314,6.484429615616951,,,,,6.314339022575722,"rgba(239, 83, 80, 1.0)",0.29124770424027013,6.308533679385763,-1.3511992494921454,39.69042172050941,-5.187596024088087,False,True,False,True,False,0.0,0.0,0.0,0.0,0.0,0,0.9415341440598691,0.9546304957904584,False,False,False,False,-0.3382818316677716,-0.32157613522284906,False,False,False,False,958348.0,143258.52192085783,False,False,False,False,88272.5119875122,False,False,False,False
2025-05-16 16:00:00+00:00,5.915,5.955,5.915,5.935,41636.0,,,,,,,,,,,,,,,,6.191361455015988,6.296162939753438,6.333182990462913,6.425113876078745,6.456021917311822,6.433684934296302,6.462656279000949,,,,,,,,,,,,,,,,,,,,,,5.911806551571491,6.142144491270195,6.289910524627643,6.340999019954874,6.482550855993353,,,,,6.31379965294481,"rgba(239, 83, 80, 1.0)",0.29332526606433734,6.3076709404535976,-1.2705040566531254,39.800123677185994,-5.187596024088087,False,True,False,True,False,0.0,0.0,0.0,0.0,0.0,0,0.96903287279657,0.9494997617913294,False,False,False,False,-0.3097898503795756,-0.31568299280121237,False,False,False,False,999984.0,156541.08747247243,False,False,False,False,87549.4652900314,False,False,False,False
2025-05-16 17:00:00+00:00,5.935,5.955,5.92,5.935,43330.0,,,,,,,,,,,,,,,,6.189213452601868,6.29398500061939,6.331021312611684,6.422963123580839,6.453833946043817,6.43213725485687,6.461150187801607,,,,,,,,,,,,,,,,,,,,,,5.919048156862744,6.140285018981753,6.287592116836657,6.338841463767561,6.480615162357757,,,,,6.31255718307688,"rgba(239, 83, 80, 1.0)",0.2951678099590783,6.306306860189262,-1.2579517402007356,39.873258314970386,-5.327730996894722,False,True,False,True,False,0.0,0.0,0.0,0.0,0.0,0,0.9694364851957975,0.9422158548233046,False,False,False,False,-0.3083040527195678,-0.31199352276039005,False,False,False,False,999984.0,169617.72177522478,False,False,False,False,86863.89218475958,False,False,False,False
2025-05-16 18:00:00+00:00,5.935,5.955,5.935,5.945,35885.0,,,,,,,,,,,,,,,,6.1875195605086075,6.292242757316415,6.3292862744307214,6.421226480360435,6.452064795424397,6.43088421261612,6.459929103063731,,,,,,,,,,,,,,,,,,,,,,5.9240920645237,6.138832321412298,6.285740024562154,6.3371086404038,6.479046824215681,,,,,6.311497754903171,"rgba(239, 83, 80, 1.0)",0.29654493909170565,6.305183377716211,-1.2145996448950518,40.492402846809235,-5.327730996894722,False,False,False,True,False,0.0,0.0,0.0,0.0,0.0,0,0.9683149303888624,0.9457513202112339,False,False,False,False,-0.3038545376305706,-0.3079240301954803,False,False,False,False,1035869.0,183047.97415080268,False,False,False,False,86073.52176329042,False,False,False,False
2025-05-16 19:00:00+00:00,5.945,5.965,5.935,5.96,65419.0,,,,,,,,,,,,,,,,6.184595331496111,6.289186133681927,6.326230803608567,6.418147643655182,6.448923546132789,6.428655299179241,6.457753632459278,,,,,,,,,,,,,,,,,,,,,,5.931742150362188,6.136350395507684,6.282495980446168,6.33405490577337,6.476255470838701,,,,,6.309532607761767,"rgba(239, 83, 80, 1.0)",0.2973298892864045,6.303161628461433,-1.1541444060165817,41.79728741708123,-5.327730996894722,False,False,False,True,True,0.0,0.0,0.0,0.0,0.0,0,0.9658817876021143,0.9437770302739067,False,False,False,False,-0.30089467673371634,-0.3044093534645983,False,False,False,False,1101288.0,197284.25362133287,False,False,False,False,85753.29661967352,False,False,False,False
2025-05-19 14:00:00+00:00,6.105,6.17,6.08,6.155,18655.0,,,,,,,,,,,,,,,,6.184419361544671,6.288790603640026,6.32578863439025,6.417617333287819,6.448360723503234,6.428264975315864,6.45735888199134,,,,,,,,,,,,,,,,,,,,,,5.945853234043767,6.1363452628091695,6.2820866428996744,6.333604261163577,6.475739554120593,,,,,6.310352455725831,"rgba(239, 83, 80, 0.5)",0.29543752864748885,6.303790661652171,-0.5036281691541798,50.11334609988069,-4.676710752574905,True,False,False,False,True,0.0,0.0,0.0,0.0,0.0,0,0.9687943262411349,0.9356973995271868,False,False,False,False,-0.20008710169401028,-0.2522482275793043,False,False,False,False,1119943.0,211589.0403868936,False,False,False,False,84713.01295115145,False,False,False,False
2025-05-19 15:00:00+00:00,6.155,6.18,6.155,6.155,15719.0,,,,,,,,,,,,,,,,6.184356508591484,6.2885200072998275,6.325472734931238,6.4172166686430465,6.447930783036177,6.427968584585668,6.45705617747535,,,,,,,,,,,,,,,,,,,,,,5.957872337932037,6.13643142120041,6.281809590202632,6.3332800680535835,6.4753420913787645,,,,,6.3111047477775175,"rgba(239, 83, 80, 0.5)",0.29307241671887835,6.304391955648358,-0.5097441694475721,55.65738522174699,0.17745159231264296,True,False,True,False,True,0.0,0.0,0.0,0.0,0.0,0,0.9833571088920592,0.931050879695673,False,False,False,False,-0.17627046710829467,-0.21425934734379948,False,False,False,False,1119943.0,225672.0475126782,False,False,False,False,83643.33833175377,False,False,False,False
2025-05-19 16:00:00+00:00,6.155,6.17,6.155,6.16,24374.0,,,,,,,,,,,,,,,,6.184252117949027,6.28809716364063,6.32498031076614,6.416593823643022,6.447262783871737,6.427507421814407,6.4565853757473315,,,,,,,,,,,,,,,,,,,,,,5.97395799465893,6.136555726775208,6.281376529787962,6.332774899768171,6.474724497169847,,,,,6.312055720466034,"rgba(239, 83, 80, 0.5)",0.28940186841387855,6.305165247008807,-0.5016043877132246,59.49609556619766,3.4099671102292106,True,False,True,False,True,0.0,0.0,0.0,0.0,0.0,0,0.9814814814814817,0.9259259259259262,False,False,False,False,-0.17906167007176538,-0.19666050870778243,False,False,False,False,1144317.0,239914.6049155824,False,False,False,False,82724.433861494,False,False,False,False
2025-05-19 17:00:00+00:00,6.165,6.17,6.155,6.155,6386.0,,,,,,,,,,,,,,,,6.184222919573171,6.2879853897375595,6.324850472808501,6.416430075960517,6.447087264505603,6.427386105030566,6.456461577783512,,,,,,,,,,,,,,,,,,,,,,5.977727377522833,6.136585944504303,6.2812620108887245,6.332641752327979,6.47456222972322,,,,,6.312266926697208,"rgba(239, 83, 80, 0.5)",0.2895661868668008,6.305339538850436,-0.5191888613693407,61.73561733263587,5.281017149280515,True,False,True,False,True,0.0,0.0,0.0,0.0,0.0,0,0.9815078236130871,0.9260312944523471,False,False,False,False,-0.17906167007176538,-0.18786108938977392,False,False,False,False,1137931.0,253837.33972309277,False,False,False,False,81540.89225123829,False,False,False,False
2025-05-19 18:00:00+00:00,6.155,6.16,6.12,6.16,13036.0,,,,,,,,,,,,,,,,6.184130844797312,6.287734118278645,6.324564676847993,6.416079112377029,6.446713025134373,6.427126465324838,6.456197833174747,,,,,,,,,,,,,,,,,,,,,,5.984437101897892,6.136612398480122,6.281003277621,6.332349646846252,6.474217487099047,,,,,6.312597165656604,"rgba(239, 83, 80, 0.5)",0.2896648731529958,6.305611649030246,-0.502690048141725,63.40662193562695,6.80728339377908,True,False,True,False,True,0.0,0.0,0.0,0.0,0.0,0,0.9782711384034013,0.9272555503070382,False,False,False,False,-0.19165697258860015,-0.18975903098918703,False,False,False,False,1150967.0,267746.3267041301,False,False,False,False,80478.80089850591,False,False,False,False
2025-05-19 19:00:00+00:00,6.155,6.185,6.155,6.185,23579.0,,,,,,,,,,,,,,,,6.184090533311241,6.287372720579884,6.324132023771109,6.4155131352966,6.446102176224401,6.426705378020746,6.455765484572189,,,,,,,,,,,,,,,,,,,,,,5.997209257264246,6.136793747319849,6.280635982514089,6.331903888301906,6.473649547259397,,,,,6.313322822869638,#000000,0.2896518102328614,6.306234883930094,-0.4185538624206412,65.4255463268019,8.795656338075247,True,False,True,False,True,0.0,0.0,0.0,0.0,0.0,0,0.9816297691945364,0.9251059821008009,False,False,False,False,-0.17487588702863283,-0.18231745900890994,False,False,False,False,1174546.0,281805.23636763194,False,False,False,False,79596.63344271513,False,False,False,False
2025-05-20 14:00:00+00:00,6.245,6.35,6.235,6.35,142379.0,,,,,,,,,,,,,,,,6.18740323067176,6.287834061611406,6.323918022927892,6.414061564792045,6.444301639621326,6.425556800345202,6.4544399544353155,,,,,,,,,,,,,,,,,,,,,,6.087807724009913,6.141643856870701,6.28127192072738,6.331563527897583,6.4718140415353655,,,,,6.320968028787157,#000000,0.2896670191478215,6.313408376726946,0.12632305666244986,70.61314524848277,13.710138041134663,True,False,True,False,True,1.0614990968682996,0.0,0.0,0.0,0.0,0,0.9846938775510204,0.9155844155844157,False,False,False,False,-0.10725365567669341,-0.14478555734280169,False,False,False,False,1316925.0,297853.60479604074,False,False,False,False,80570.00346685908,False,False,False,False
2025-05-20 15:00:00+00:00,6.345,6.395,6.335,6.395,49308.0,,,,,,,,,,,,,,,,6.18907517249881,6.288403563917129,6.324219931532623,6.413873386195945,6.4439816814675055,6.425382592254723,6.454187688677514,,,,,,,,,,,,,,,,,,,,,,6.1138631744221,6.143863934462291,6.281932451861771,6.331815059131378,6.471435602894389,,,,,6.323502853276348,#000000,0.28982198637057577,6.315939954409246,0.2727882952595073,74.72922149573529,17.51593193203813,True,False,True,False,True,2.360342975391486,0.0,0.0,0.0,0.0,0,0.9940036900369004,0.91190036900369,False,False,False,False,-0.06772633300631935,-0.10625594517456052,False,False,False,False,1366233.0,314417.6264271099,False,False,False,False,80085.32124256669,False,False,False,False
2025-05-20 16:00:00+00:00,6.395,6.41,6.385,6.405,33421.0,,,,,,,,,,,,,,,,6.190341686365408,6.288895583121366,6.324522294456171,6.413828232913594,6.443844477514346,6.4253234478549315,6.454071306030579,,,,,,,,,,,,,,,,,,,,,,6.130439351419312,6.145505016133182,6.282493740988192,6.332081638557859,6.471246836464397,,,,,6.3252161343182784,#000000,0.29007869388952207,6.317682439937465,0.30101335224499765,77.61690166466482,20.204794958559205,True,False,True,False,True,2.6485436537536273,0.0,0.0,0.0,0.0,0,0.9995316159250587,0.9259953161592506,False,False,False,False,-0.03171371066642796,-0.06898482792049423,False,False,False,False,1399654.0,331242.9965600229,False,False,False,False,79361.84339384473,False,False,False,False
2025-05-20 17:00:00+00:00,6.405,6.41,6.385,6.395,37827.0,,,,,,,,,,,,,,,,6.191734442114657,6.289430707367709,6.3248466352626735,6.413765246143218,6.443678486599416,6.425248070019239,6.45393209854066,,,,,,,,,,,,,,,,,,,,,,6.146821258270461,6.147313260930142,6.283104783084181,6.3323661730542895,6.47102444459265,,,,,6.326938800498275,#000000,0.29032595847110293,6.319474652211226,0.26013983794801077,78.77306190299349,21.414580470157816,True,False,True,False,True,2.3354503660199306,0.0,0.0,0.0,0.0,0,1.0042372881355934,0.9105461393596987,False,False,False,False,-0.03171371066642796,-0.0503492692934611,False,False,False,False,1361827.0,347221.0431249837,False,False,False,False,78717.89233347504,False,False,False,False
2025-05-20 18:00:00+00:00,6.395,6.415,6.39,6.41,36586.0,,,,,,,,,,,,,,,,6.193117787663716,6.289983073659667,6.32519365134738,6.413734241221999,6.44354731082094,6.4251966882035,6.453817598655005,,,,,,,,,,,,,,,,,,,,,,6.16132360647952,6.149095210220538,6.283732502334537,6.332674355867187,6.470834571865387,,,,,6.328520883194948,#000000,0.2904583671768908,6.321147706724725,0.3059037139775828,79.82502858965331,22.690009920357852,True,False,True,False,True,2.7811641949376025,0.0,0.0,0.0,0.0,0,1.0056737588652485,0.9078014184397165,False,False,False,False,-0.028828971026213915,-0.03958912015983751,False,False,False,False,1398413.0,363518.5928439762,False,False,False,False,78064.68470039792,False,False,False,False
2025-05-20 19:00:00+00:00,6.405,6.465,6.395,6.46,69751.0,,,,,,,,,,,,,,,,6.196133552781246,6.2913377047994645,6.32613350301353,6.413910184642049,6.443524522101378,6.425267961062427,6.4537562300642906,,,,,,,,,,,,,,,,,,,,,,6.188280520981405,6.152880520099778,6.285251789699909,6.333535566815841,6.4706664374312926,,,,,6.33172320779105,#000000,0.2908935132244074,6.32455846919531,0.4656051945036151,81.38943478543345,24.52639241199752,True,False,True,False,True,4.2571052694565985,0.0,0.0,0.0,0.0,0,1.0099103350637093,0.8975932043416708,False,False,False,False,-0.012970187260256304,-0.026279653710046907,False,False,False,False,1468164.0,380644.87822624017,False,False,False,False,77935.79036395764,False,False,False,False
2025-05-21 14:00:00+00:00,6.505,6.535,6.47,6.515,42142.0,,,,,,,,,,,,,,,,6.198408581554502,6.292506087261278,6.327022033559417,6.41428406956279,6.443768652756727,6.425504055637212,6.453897827640638,,,,,,,,,,,,,,,,,,,,,,6.205860618059258,6.1556401774462515,6.286544791639527,6.334370872466804,6.4707846490877134,,,,,6.33404936805601,"rgba(38, 166, 154, 0.5)",0.2920086232220523,6.327020705042157,0.6437456979306302,83.20960075409101,26.613128308076867,True,False,True,False,True,5.8435246119550825,0.0,0.0,0.0,0.0,0,1.0132387706855792,0.897872340425532,False,False,False,False,0.028828913336376653,0.0012746298131648733,False,False,False,False,1510306.0,398159.00414521317,False,False,False,False,77380.84787769473,False,False,False,False
2025-05-21 15:00:00+00:00,6.515,6.595,6.505,6.595,35718.0,,,,,,,,,,,,,,,,6.200670853873865,6.293753524420277,6.328010623616422,6.414797218750347,6.4441646289342644,6.42584614199132,6.454149262247438,,,,,,,,,,,,,,,,,,,,,,6.221916668231249,6.158328799435169,6.287916227371893,6.335310128872787,6.47104613102604,,,,,6.336325850730923,"rgba(38, 166, 154, 0.5)",0.29403632489942944,6.329417127586706,0.9032315055091656,85.28972988800598,28.91970817999085,True,False,True,False,True,8.07118770452347,0.0,0.0,0.0,0.0,0,1.0108439415370107,0.894860914662895,False,False,False,False,0.05881494236468647,0.030044786088925673,False,False,False,False,1546024.0,415955.36067009356,False,False,False,False,76734.91225168396,False,False,False,False
2025-05-21 16:00:00+00:00,6.595,6.62,6.565,6.565,39516.0,,,,,,,,,,,,,,,,6.203265686400184,6.295212748552221,6.3291786789056985,6.415429675001191,6.444665718106043,6.426272258713393,6.454471897124513,,,,,,,,,,,,,,,,,,,,,,6.2389501513306485,6.161394711218789,6.289517191534996,6.336422618040897,6.471389850930599,,,,,6.338847598821599,"rgba(38, 166, 154, 0.5)",0.29562002333773113,6.332085716627835,0.7878839895296025,84.38084648728437,28.91970817999085,True,False,True,False,True,7.059720320279567,0.0,0.0,0.0,0.0,0,1.0174610665408215,0.8919301557338367,False,False,False,False,0.09488869415512578,0.06246674012202573,False,False,False,False,1506508.0,432863.1535279216,False,False,False,False,76157.87485243304,False,False,False,False
2025-05-21 17:00:00+00:00,6.565,6.625,6.56,6.615,47066.0,,,,,,,,,,,,,,,,6.206444272667081,6.2970311343909895,6.330646358044135,6.4162509656742746,6.445329028132374,6.426830329749784,6.454903509182631,,,,,,,,,,,,,,,,,,,,,,6.258140265328992,6.165131157115172,6.291508431424702,6.337823275453268,6.471857051590242,,,,,6.34182464822947,"rgba(38, 166, 154, 0.5)",0.29753556831817085,6.335254500796678,0.9402085968564787,84.50813924160212,28.91970817999085,True,False,True,False,True,8.438040876637121,0.0,0.0,0.0,0.0,0,1.0232779097387172,0.8912114014251783,False,False,False,False,0.13526333943151042,0.09886503977676808,False,False,False,False,1553574.0,450238.515488729,False,False,False,False,75706.83803301548,False,False,False,False
2025-05-21 18:00:00+00:00,6.615,6.615,6.585,6.595,28248.0,,,,,,,,,,,,,,,,6.208319675072711,6.298106162082769,6.331514209978796,6.4167359470057885,6.445720158637422,6.427160346477078,6.455158364800773,,,,,,,,,,,,,,,,,,,,,,6.268656944984031,6.167334799115144,6.292684922350854,6.338651495568349,6.4721322030772495,,,,,6.343514602429246,"rgba(38, 166, 154, 0.5)",0.29884933984857726,6.337068336422744,0.8630825944201377,83.07525267977674,28.91970817999085,True,False,True,False,True,7.752805862053961,0.0,0.0,0.0,0.0,0,1.0355427473583094,0.8823246878001922,False,False,False,False,0.14381922209620276,0.12134213093648542,False,False,False,False,1525326.0,466906.5385044076,False,False,False,False,74971.04209451911,False,False,False,False
2025-05-21 19:00:00+00:00,6.595,6.665,6.595,6.655,29300.0,,,,,,,,,,,,,,,,6.21044361921353,6.299360637005132,6.332542516878407,6.417346472071305,6.446229529288718,6.42758099226655,6.455495342454437,,,,,,,,,,,,,,,,,,,,,,6.2801423867920025,6.1698068900069645,6.294054190816179,6.339636485596545,6.472506397892312,,,,,6.34542878835684,"rgba(38, 166, 154, 1.0)",0.3007681606927319,6.33911267708363,1.0502684931437412,83.13242932959213,28.91970817999085,True,False,True,False,True,9.401960896173595,0.0,0.0,0.0,0.0,0,1.0410231660231661,0.8701737451737449,False,False,False,False,0.1639917122459429,0.14266692159121416,False,False,False,False,1554626.0,483770.40612449433,False,False,False,False,74262.96392251106,False,False,False,False
2025-05-22 14:00:00+00:00,6.515,6.605,6.495,6.575,55169.0,,,,,,,,,,,,,,,,6.213649221194521,6.301146177715598,6.333958447783445,6.418074080760861,6.446784971164057,6.428069565097049,6.455850330974033,,,,,,,,,,,,,,,,,,,,,,6.295517054785417,6.173608977024236,6.296010858329687,6.34098160857876,6.472868705696555,,,,,6.348043333258684,"rgba(38, 166, 154, 0.5)",0.30153212369766536,6.341996089419063,0.7727332919744265,77.97789172920159,32.86766076488837,True,False,True,False,False,6.676760267580299,0.0,0.0,0.0,0.0,0,1.028639618138425,0.8630071599045347,False,False,False,False,0.11044687147276792,0.12655689653199104,False,False,False,False,1499457.0,499517.48509930837,False,False,False,False,73966.93347410003,False,False,False,False
2025-05-22 15:00:00+00:00,6.575,6.61,6.535,6.59,80284.0,,,,,,,,,,,,,,,,6.218474627786486,6.303899690008035,6.336168390163384,6.41926869248986,6.447726681754277,6.428882232513686,6.456462532320818,,,,,,,,,,,,,,,,,,,,,,6.3165696678219545,6.179291662381862,6.299020254114908,6.343087208415554,6.473512630333225,,,,,6.351863689175336,"rgba(38, 166, 154, 0.5)",0.30229515437790744,6.346216137794463,0.8064431687872045,74.95077923266928,29.976170451264096,True,False,True,False,False,7.096243821407487,0.0,0.0,0.0,0.0,0,1.031533683707597,0.8671763019589107,False,False,False,False,0.12542974037784105,0.12599331845491604,False,False,False,False,1579741.0,516265.13649311755,False,False,False,False,74064.87249000547,False,False,False,False
2025-05-22 16:00:00+00:00,6.595,6.605,6.57,6.58,37671.0,,,,,,,,,,,,,,,,6.2207362039895715,6.305203858744615,6.337219792982729,6.419846349417537,6.448186239337141,6.429277406498725,6.456763284643086,,,,,,,,,,,,,,,,,,,,,,6.325629100448042,6.181947090056489,6.300443501878436,6.344090013198922,6.473831115794208,,,,,6.353597829749124,"rgba(38, 166, 154, 0.5)",0.30288515053468196,6.348140078618147,0.7655044196539554,72.29675052164416,27.473327159658837,True,False,True,False,False,6.754781871032286,0.0,0.0,0.0,0.0,0,1.056124938994632,0.8618838457784286,False,False,False,False,0.1354491229488874,0.13072122070190173,False,False,False,False,1542070.0,532169.0878653172,False,False,False,False,73500.6264048891,False,False,False,False
2025-05-22 17:00:00+00:00,6.575,6.59,6.565,6.58,24385.0,,,,,,,,,,,,,,,,6.222158813281463,6.306021672311319,6.337877472876751,6.420203125622652,6.448467665047115,6.429521238024923,6.456947134870462,,,,,,,,,,,,,,,,,,,,,,6.3310318123447775,6.183619407056464,6.301335854822482,6.34471688191595,6.4740240026845735,,,,,6.354660423404911,"rgba(38, 166, 154, 0.5)",0.30154507529129865,6.349325969861301,0.7649736276271909,70.52739804762741,25.7706055359519,True,False,True,False,False,6.754781871032286,0.0,0.0,0.0,0.0,0,1.0546798029556654,0.8600985221674882,False,False,False,False,0.1287666541428894,0.12974393742239557,False,False,False,False,1542070.0,547826.4663480255,False,False,False,False,72739.14382496834,False,False,False,False
2025-05-22 18:00:00+00:00,6.575,6.585,6.565,6.575,29804.0,,,,,,,,,,,,,,,,6.2238661379887725,6.307002445010205,6.3386653747166095,6.420627865449084,6.4488011961414475,6.429811522996268,6.4571649378971,,,,,,,,,,,,,,,,,,,,,,6.337244529829963,6.185627193157603,6.302405728555691,6.34546764875658,6.474251286498973,,,,,6.355911322249859,"rgba(38, 166, 154, 0.5)",0.29846518803450256,6.350727498319925,0.751419296692482,68.96327332383967,24.195808729208224,True,False,True,False,False,6.578133090083085,0.0,0.0,0.0,0.0,0,1.049627791563276,0.8625310173697271,False,False,False,False,0.12709784534452873,0.12842089138346213,False,False,False,False,1512266.0,562779.0172573584,False,False,False,False,72073.48268039519,False,False,False,False
2025-05-22 19:00:00+00:00,6.575,6.585,6.55,6.55,88446.0,,,,,,,,,,,,,,,,6.2286481305954045,6.309728587394497,6.3408428282515565,6.421767015857807,6.449677219224236,6.43058770148346,6.45773397840221,,,,,,,,,,,,,,,,,,,,,,6.353012612035783,6.191266081085101,6.305379077243213,6.347539310178504,6.474831316636098,,,,,6.359251154865656,"rgba(38, 166, 154, 0.5)",0.29493207341340555,6.354510436156398,0.6628291103815764,65.98239860310612,21.29688993124148,True,False,True,False,False,5.688617257886598,0.0,0.0,0.0,0.0,0,1.0483308420528155,0.8599900348779275,False,False,False,False,0.12209560307258058,0.12525824722802137,False,False,False,False,1423820.0,576128.4898580195,False,False,False,False,72327.32015821851,False,False,False,False
2025-05-23 14:00:00+00:00,6.635,6.82,6.63,6.8,195530.0,,,,,,,,,,,,,,,,6.244469043302316,6.3199069571090005,6.349488362987847,6.427525042372909,6.454743498501724,6.434691027821116,6.461210431793997,,,,,,,,,,,,,,,,,,,,,,6.406385411208915,6.209194273813184,6.316373187449548,6.3558880300851675,6.478809387942008,,,,,6.371557054532311,"rgba(38, 166, 154, 1.0)",0.2954829913856307,6.367787099665918,1.4627336020502335,70.63688311892477,21.29688993124148,True,False,True,False,True,12.628326015002472,0.0,0.0,0.0,0.0,0,1.046852122986823,0.8399219131283555,False,False,False,False,0.22883788373391156,0.17704806548096647,False,False,False,False,1619350.0,592302.4667594455,False,False,False,False,74237.43922553296,False,False,False,False
2025-05-23 15:00:00+00:00,6.805,6.85,6.75,6.83,342899.0,,,,,,,,,,,,,,,6.81,6.273044408325738,6.339002379365646,6.365943179923552,6.438940359397334,6.464951342179335,6.442959983382382,6.468337456613247,,,,,,,,,,,,,,,,,,,,,,6.483391285663917,6.241201130014954,6.336888879205938,6.371828225474246,6.48699839152242,,,,,6.4248836170052845,"rgba(38, 166, 154, 1.0)",0.2958368493637058,6.413934811820682,1.4064008221903481,74.16128240924252,18.21841786275725,True,False,True,False,True,13.383743720389973,0.0,0.0,0.0,0.0,0,1.0582807187955319,0.8368139873725111,False,False,False,False,0.28137699829932594,0.2292125318901462,False,False,False,False,1962249.0,613541.947894958,False,False,False,False,78402.73474141616,False,False,False,False
2025-05-23 16:00:00+00:00,6.835,6.835,6.715,6.715,71017.0,,,,,,,,,,,,,,,6.800563459735792,6.278035750413453,6.34233240213073,6.36880116207468,6.440882022457164,6.466667203262367,6.444377378379761,6.469545486840577,,,,,,,,,,,,,,,,,,,,,,6.493715722745284,6.246808158313088,6.340457110500294,6.374593730553878,6.488363817714467,,,,,6.427318723470888,"rgba(38, 166, 154, 1.0)",0.2916989994948711,6.41692764797288,1.0218490723083908,70.72460999135254,18.21841786275725,True,False,True,False,False,9.385949720575336,0.0,0.0,0.0,0.0,0,1.063684978123481,0.837141468157511,False,False,False,False,0.263708715882865,0.24646062388650558,False,False,False,False,1891232.0,633351.0959896098,False,False,False,False,78288.22722604538,False,False,False,False
2025-05-23 17:00:00+00:00,6.715,6.73,6.695,6.7,28516.0,,,,,,,,,,,,,,,6.794618965927721,6.279817732091473,6.343505059475452,6.369799722973183,6.441540143609521,6.467239897658774,6.444857937642249,6.469948863805107,,,,,,,,,,,,,,,,,,,,,,6.496942252139496,6.248821708181462,6.34171344009175,6.375558132743826,6.48881290633579,,,,,6.427936674051986,"rgba(38, 166, 154, 0.5)",0.2886551294950192,6.417805713929097,0.977617430754068,67.78621588170473,24.28553540560914,True,False,True,False,False,8.880964373660738,0.0,0.0,0.0,0.0,0,1.0552567237163815,0.8498777506112469,False,False,False,False,0.22020806505883847,0.23333434447267204,False,False,False,False,1862716.0,652411.016982019,False,False,False,False,77516.56478843227,False,False,False,False
2025-05-23 18:00:00+00:00,6.7,6.72,6.685,6.71,34002.0,,,,,,,,,,,,,,,6.788223066223933,6.281906961183849,6.344880845888081,6.370971091461795,6.442310903351414,6.467909838625233,6.44542144573098,6.470421365298951,,,,,,,,,,,,,,,,,,,,,,6.500606237798591,6.251182534604256,6.343186777317017,6.376689363627047,6.489337906243569,,,,,6.428696025950362,"rgba(38, 166, 154, 1.0)",0.2839927197391992,6.418857146977172,1.0251771710563398,66.11042983258722,22.67335430666995,False,False,True,False,False,9.149037590423767,0.0,0.0,0.0,0.0,0,1.0477832512315273,0.858128078817734,False,False,False,False,0.21332743493908957,0.2233308897058808,False,False,False,False,1896718.0,671702.5981140806,False,False,False,False,76841.92037310774,False,False,False,False
2025-05-23 19:00:00+00:00,6.715,6.735,6.69,6.725,86082.0,,,,,,,,,,,,,,,6.777272767944972,6.287248898853849,6.348428857693507,6.374002647205647,6.444327977209207,6.469671787857549,6.446900841566971,6.471668209147092,,,,,,,,,,,,,,,,,,,,,,6.509827909913215,6.2572024313169585,6.346982474839794,6.3796193875981455,6.490726994513472,,,,,6.431067783512336,"rgba(38, 166, 154, 1.0)",0.28011022605171204,6.421847867393487,1.08226014051535,65.44344631619813,21.85125933107058,False,False,True,False,False,9.555169809126554,0.0,0.0,0.0,0.0,0,1.0388970950270804,0.85918266863614,False,False,False,False,0.22020806505883847,0.22176947738235964,False,False,False,False,1982800.0,692029.6896161879,False,False,False,False,76985.17742158669,False,False,False,False
2025-05-26 14:00:00+00:00,6.725,6.725,6.725,6.725,0.0,,,,,,,,,,,,,,,6.777272767944972,6.287248898853849,6.348428857693507,6.374002647205647,6.444327977209207,6.469671787857549,6.446900841566971,6.471668209147092,,,,,,,,,,,,,,,,,,,,,,6.509827909913215,6.2572024313169585,6.346982474839794,6.3796193875981455,6.490726994513472,,,,,6.431067783512336,"rgba(38, 166, 154, 1.0)",0.27753378172756277,6.421847867393487,1.0923071444473647,64.99879063860541,21.095485366747653,False,False,True,False,False,9.555169809126554,0.0,0.0,0.0,0.0,0,1.0400791687283524,0.8629391390400794,False,False,False,False,0.22883788373391156,0.2253036805581356,False,False,False,False,1982800.0,712041.6324128362,False,False,False,False,75791.60877939155,False,False,False,False
2025-05-26 15:00:00+00:00,6.725,6.725,6.725,6.725,0.0,,,,,,,,,,,,,,,6.777272767944972,6.287248898853849,6.348428857693507,6.374002647205647,6.444327977209207,6.469671787857549,6.446900841566971,6.471668209147092,,,,,,,,,,,,,,,,,,,,,,6.509827909913215,6.2572024313169585,6.346982474839794,6.3796193875981455,6.490726994513472,,,,,6.431067783512336,"rgba(38, 166, 154, 1.0)",0.27338449312476293,6.421847867393487,1.1088856179862567,64.70235352021027,20.385708467559013,False,False,True,False,False,9.555169809126554,0.0,0.0,0.0,0.0,0,1.042225534028813,0.8594138102334824,False,False,False,False,0.22883788373391156,0.22707078214602358,False,False,False,False,1982800.0,731743.3125304667,False,False,False,False,74616.54507738548,False,False,False,False
2025-05-26 16:00:00+00:00,6.725,6.725,6.725,6.725,0.0,,,,,,,,,,,,,,,6.777272767944972,6.287248898853849,6.348428857693507,6.374002647205647,6.444327977209207,6.469671787857549,6.446900841566971,6.471668209147092,,,,,,,,,,,,,,,,,,,,,,6.509827909913215,6.2572024313169585,6.346982474839794,6.3796193875981455,6.490726994513472,,,,,6.431067783512336,"rgba(38, 166, 154, 1.0)",0.2700300283602153,6.421847867393487,1.1226608183076319,64.5047287746135,19.715974538920122,False,False,True,False,False,9.555169809126554,0.0,0.0,0.0,0.0,0,1.0514112903225805,0.8558467741935484,False,False,False,False,0.22883788373391156,0.22795433293996759,False,False,False,False,1982800.0,751139.5402431727,False,False,False,False,73459.69941727098,False,False,False,False
2025-05-26 17:00:00+00:00,6.725,6.725,6.725,6.725,0.0,,,,,,,,,,,,,,,6.777272767944972,6.287248898853849,6.348428857693507,6.374002647205647,6.444327977209207,6.469671787857549,6.446900841566971,6.471668209147092,,,,,,,,,,,,,,,,,,,,,,6.509827909913215,6.2572024313169585,6.346982474839794,6.3796193875981455,6.490726994513472,,,,,6.431067783512336,"rgba(38, 166, 154, 1.0)",0.27424507353891125,6.421847867393487,1.1054059374506853,64.37297894421565,19.086799983842837,False,False,True,False,False,9.555169809126554,0.0,0.0,0.0,0.0,0,1.052257737189244,0.8548959918822936,False,False,False,False,0.22883788373391156,0.22839610833693957,False,False,False,False,1982800.0,770235.0512471545,False,False,False,False,72320.78934878616,False,False,False,False
2025-05-26 18:00:00+00:00,6.725,6.725,6.725,6.725,0.0,,,,,,,,,,,,,,,6.777272767944972,6.287248898853849,6.348428857693507,6.374002647205647,6.444327977209207,6.469671787857549,6.446900841566971,6.471668209147092,,,,,,,,,,,,,,,,,,,,,,6.509827909913215,6.2572024313169585,6.346982474839794,6.3796193875981455,6.490726994513472,,,,,6.431067783512336,"rgba(38, 166, 154, 1.0)",0.27860021730264967,6.421847867393487,1.0881259732729904,64.28514572395042,18.50084542022421,False,False,True,False,False,9.555169809126554,0.0,0.0,0.0,0.0,0,1.0504073319755602,0.8533604887983709,False,False,False,False,0.22883788373391156,0.22861699603542557,False,False,False,False,1982800.0,789034.507816966,False,False,False,False,71199.53680074296,False,False,False,False
2025-05-26 19:00:00+00:00,6.725,6.725,6.725,6.725,0.0,,,,,,,,,,,,,,,6.777272767944972,6.287248898853849,6.348428857693507,6.374002647205647,6.444327977209207,6.469671787857549,6.446900841566971,6.471668209147092,,,,,,,,,,,,,,,,,,,,,,6.509827909913215,6.2572024313169585,6.346982474839794,6.3796193875981455,6.490726994513472,,,,,6.431067783512336,"rgba(38, 166, 154, 1.0)",0.2827931310250613,6.421847867393487,1.0719925604545422,64.2265902437736,17.960719840467945,False,False,True,False,False,9.555169809126554,0.0,0.0,0.0,0.0,0,1.0511247443762781,0.8527607361963192,False,False,False,False,0.22883788373391156,0.22872743988466857,False,False,False,False,1982800.0,807542.4999438348,False,False,False,False,70095.66801313455,False,False,False,False
2025-05-27 14:00:00+00:00,6.715,6.77,6.69,6.755,35390.0,,,,,,,,,,,,,,,6.774967946466502,6.289516085540605,6.349952623063199,6.375311445626649,6.445213950164479,6.4704518501575015,6.447552853822794,6.472222165349683,,,,,,,,,,,,,,,,,,,,,,6.513768349689285,6.25974699118609,6.348610826033428,6.380885877331064,6.491347457376696,,,,,6.43227295552369,"rgba(38, 166, 154, 1.0)",0.287270205853607,6.423258768526797,1.1548055618488287,65.88572452237622,17.960719840467945,False,False,True,False,False,10.472025148275673,0.0,0.0,0.0,0.0,0,1.0489795918367348,0.8489795918367348,False,False,False,False,0.23229914500999757,0.23051329244733307,False,False,False,False,2018190.0,826312.2286268761,False,False,False,False,69557.5956408379,False,False,False,False
2025-05-27 15:00:00+00:00,6.755,6.775,6.67,6.675,108943.0,,,,,,,,,,,,,,,6.764441021585469,6.295871927394257,6.354193008289669,6.3789356553121115,6.447617023304399,6.47254444516364,6.449325190987502,6.473711868162364,,,,,,,,,,,,,,,,,,,,,,6.523492064373406,6.266906513791046,6.353139008823417,6.38438857747448,6.4929956893639185,,,,,6.435197076463514,"rgba(38, 166, 154, 0.5)",0.2899638840511981,6.441581471636775,0.8049917289768769,60.10237273093162,13.798821731321276,False,True,True,False,False,7.333367073385681,0.0,0.0,0.0,0.0,0,1.0466768138001015,0.8483003551496703,False,False,False,False,0.2271092769213896,0.22881128468436135,False,False,False,False,1909247.0,843101.915004754,False,False,False,False,70168.22206501095,False,False,False,False
2025-05-27 16:00:00+00:00,6.675,6.7,6.665,6.695,58091.0,,,,,,,,,,,,,,,6.758534688995216,6.299021302184822,6.356287158020646,6.3807199836383655,6.448782888080201,6.473551151125693,6.45018768848139,6.474430965282775,,,,,,,,,,,,,,,,,,,,,,6.527763231610293,6.270461773197807,6.355373073525515,6.38611167932999,6.4937829899235044,,,,,6.436539121030479,"rgba(38, 166, 154, 0.5)",0.29298705502874534,6.44281624052541,0.8607334527112411,57.57610611129735,11.539868468632399,False,True,True,False,False,7.961366286653082,0.0,0.0,0.0,0.0,0,1.0584615384615388,0.8528205128205129,False,False,False,False,0.19962496929545476,0.21421812698990805,False,False,False,False,1967338.0,860531.9318263857,False,False,False,False,69980.97831206505,False,False,False,False
2025-05-27 17:00:00+00:00,6.695,6.695,6.665,6.675,21644.0,,,,,,,,,,,,,,,6.756327832331533,6.300156832804284,6.357041171814852,6.381361558520631,6.449199257125613,6.473909248910164,6.4504961758811055,6.47468718054826,,,,,,,,,,,,,,,,,,,,,,6.52921750624069,6.271744853467547,6.356177079234553,6.386731011916899,6.494062091475411,,,,,6.437008600020888,"rgba(38, 166, 154, 0.5)",0.295665762717373,6.443252199710142,0.7838168280288363,54.4880661200776,8.773162530686264,False,True,True,False,False,7.183077350476687,0.0,0.0,0.0,0.0,0,1.0554984583761564,0.8478931140801648,False,False,False,False,0.19791745208548323,0.20606778953769564,False,False,False,False,1945694.0,877356.1499376046,False,False,False,False,69231.56779559892,False,False,False,False
2025-05-27 18:00:00+00:00,6.675,6.695,6.665,6.68,52522.0,,,,,,,,,,,,,,,6.7515502590455405,6.302896304075502,6.358865704149377,6.382915656657178,6.45021068253648,6.474780077575947,6.451246754590771,6.475311318069338,,,,,,,,,,,,,,,,,,,,,,6.532670541452651,6.274837733852721,6.3581215689596755,6.3882315725949255,6.494741965074341,,,,,6.438183087587266,"rgba(38, 166, 154, 0.5)",0.2983491666239876,6.444443581242301,0.7895326855548844,52.80935847199555,7.296575585083197,False,True,False,False,False,7.3449892847429155,0.0,0.0,0.0,0.0,0,1.0545267489711938,0.8477366255144035,False,False,False,False,0.19791745208548323,0.20199262081158942,False,False,False,False,1998216.0,894733.8220315952,False,False,False,False,68972.50472900049,False,False,False,False
2025-05-27 19:00:00+00:00,6.685,6.71,6.665,6.665,96786.0,,,,,,,,,,,,,,,6.744150833287033,6.307842378371014,6.362174458200056,6.385737538846717,6.452051474592942,6.476365687877596,6.452617116789797,6.476451576401054,,,,,,,,,,,,,,,,,,,,,,6.538636215686585,6.280416146959822,6.361644320033679,6.3909569163514375,6.49598188063246,,,,,6.440386657233091,"rgba(38, 166, 154, 0.5)",0.300707828628057,6.446794439943789,0.7256397715076052,50.5482500070632,5.211446531707125,False,True,False,False,False,6.747526877891051,0.0,0.0,0.0,0.0,0,1.0534979423868314,0.8477366255144038,False,False,False,False,0.2030434637048915,0.20251804225824047,False,False,False,False,1901430.0,910341.5147132758,False,False,False,False,69403.72170994621,False,False,False,False
2025-05-28 14:00:00+00:00,6.735,6.745,6.66,6.675,49282.0,,,,,,,,,,,,,,,6.741608756422724,6.310399780665738,6.363902751685382,6.387218077908578,6.45303165829558,6.477215929700529,6.453349142814735,6.477065024875913,,,,,,,,,,,,,,,,,,,,,,6.541761321588985,6.283290806161687,6.36348248072277,6.392388266888685,6.496652156582971,,,,,6.441643550331866,"rgba(38, 166, 154, 0.5)",0.3030259258078662,6.448218735399902,0.7483889835349897,49.9294692592094,4.580642821048961,False,True,False,False,False,7.0827516884154065,0.0,0.0,0.0,0.0,0,1.051688843398158,0.8449334698055275,False,False,False,False,0.21332743493909007,0.20792273859866528,False,False,False,False,1950712.0,926471.2896789614,False,False,False,False,69091.75703227262,False,False,False,False
2025-05-28 15:00:00+00:00,6.675,6.675,6.61,6.61,40955.0,,,,,,,,,,,,,,,6.73722073280585,6.312161276632489,6.365059056256242,6.388191972405291,6.453632699550544,6.47771728319658,6.4537986510352,6.4774275750624986,,,,,,,,,,,,,,,,,,,,,,6.54324573950584,6.285294746048404,6.36471192438849,6.393325861487535,6.497032160695377,,,,,6.442216898390026,"rgba(38, 166, 154, 0.5)",0.30447211739381486,6.448673191560576,0.5298574129556792,45.21027582877339,0.13962709498817816,False,True,False,True,False,4.49313972422042,0.0,0.0,0.0,0.0,0,1.0455709165386586,0.8566308243727602,False,False,False,False,0.17243519039925842,0.19017896449896185,False,False,False,False,1909757.0,941716.0293738612,False,False,False,False,68655.5282410746,False,False,False,False
2025-05-28 16:00:00+00:00,6.615,6.625,6.605,6.625,26693.0,,,,,,,,,,,,,,,6.734206489795997,6.313251517526862,6.3657699113871775,6.388788023181223,6.453993089019982,6.478014149953134,6.454068535926239,6.47764261045632,,,,,,,,,,,,,,,,,,,,,,6.544045170077143,6.286538677583662,6.365467462092907,6.393899041808559,6.49725427031041,,,,,6.4425337653168935,"rgba(38, 166, 154, 0.5)",0.30600362124690444,6.448902947034448,0.5754737550097988,43.44392390605422,-1.4692299553075188,False,True,False,True,False,5.013077663400583,0.0,0.0,0.0,0.0,0,1.0570835495589004,0.8598858329008827,False,False,False,False,0.15388993352433541,0.17203444901164863,False,False,False,False,1936450.0,957138.2614765919,False,False,False,False,68004.94640787964,False,False,False,False
2025-05-28 17:00:00+00:00,6.625,6.655,6.615,6.645,18737.0,,,,,,,,,,,,,,,6.732530076894196,6.314062045640286,6.366305838206444,6.389240870538492,6.454275793769339,6.478251381103768,6.454280453221971,6.477814563433881,,,,,,,,,,,,,,,,,,,,,,6.544744591361618,6.2874586115910125,6.36603685875947,6.394335339843172,6.497435366684984,,,,,6.442828599311434,"rgba(38, 166, 154, 0.5)",0.3074986266723937,6.449180190445751,0.6368152328786606,44.031954825486395,-1.4692299553075188,False,True,False,True,False,5.70828461578607,0.0,0.0,0.0,0.0,0,1.0598958333333335,0.8583333333333335,False,False,False,False,0.16736625743998257,0.16970035322581561,False,False,False,False,1955187.0,972611.885329668,False,False,False,False,67241.10227752491,False,False,False,False
2025-05-28 18:00:00+00:00,6.645,6.675,6.645,6.655,41593.0,,,,,,,,,,,,,,,6.729757710537286,6.315957002506532,6.367574922280178,6.39032050860957,6.454968118435739,6.478840974184703,6.454800065761974,6.4782423538448315,,,,,,,,,,,,,,,,,,,,,,6.546584702560901,6.289599042200141,6.367384587159011,6.39537723629307,6.497892541371573,,,,,6.443638443518885,"rgba(38, 166, 154, 0.5)",0.30929070263870123,6.450032846592002,0.6627006620610615,45.286796942373016,-1.4692299553075188,False,True,False,True,True,6.057687900531253,0.0,0.0,0.0,0.0,0,1.0585161964472307,0.858934169278997,False,False,False,False,0.1842973762430221,0.17699886473441884,False,False,False,False,1996780.0,988490.4607509135,False,False,False,False,66843.45728097414,False,False,False,False
2025-05-28 19:00:00+00:00,6.655,6.665,6.635,6.665,66603.0,,,,,,,,,,,,,,,6.725537268331137,6.318919211916833,6.369561260099974,6.392010129319595,6.456048996835637,6.479759708000677,6.455613096693139,6.478910567765137,,,,,,,,,,,,,,,,,,,,,,6.549325964997397,6.292945011872148,6.36949258296828,6.397007674205372,6.498604132359641,,,,,6.444902738874228,"rgba(38, 166, 154, 0.5)",0.3106943980972489,6.4513621201766895,0.687614199456666,47.00150550562712,-1.4692299553075188,False,True,False,True,True,6.410608125403208,0.0,0.0,0.0,0.0,0,1.054421768707483,0.8613291470434331,False,False,False,False,0.17751291298327745,0.17725588885884813,False,False,False,False,2063383.0,1005155.4613594264,False,False,False,False,66839.72926111407,False,False,False,False
2025-05-29 14:00:00+00:00,6.535,6.575,6.535,6.565,63473.0,,,,,,,,,,,,,,,6.717000672174909,6.320896203615455,6.370796384026897,6.393015862823846,6.456573020962783,6.480148308731372,6.456009116403148,6.4791956799062165,,,,,,,,,,,,,,,,,,,,,,6.549537904686491,6.295240927189448,6.370802445235848,6.39796744762388,6.498860843661532,,,,,6.445080370541679,#000000,0.31054874419730844,6.451240778064539,0.3663167990889819,42.057047686250854,-2.855933142670814,False,True,False,True,False,2.369199792878483,0.0,0.0,0.0,0.0,0,1.0471014492753625,0.8602484472049691,False,False,False,False,0.11377189911849442,0.14551389398867126,False,False,False,False,1999910.0,1020578.0123461018,False,False,False,False,66787.53190822859,False,False,False,False
2025-05-29 15:00:00+00:00,6.565,6.615,6.565,6.6,38796.0,,,,,,,,,,,,,,,6.713258310036839,6.322264350839677,6.37168280390713,6.393753503147327,6.456999936863495,6.480489425339518,6.456331953665759,6.479445568079573,,,,,,,,,,,,,,,,,,,,,,6.550158830395507,6.296808878237148,6.371741910626401,6.398675288359184,6.499108370437146,,,,,6.445439933071899,#000000,0.3108839765038553,6.451536816948554,0.4775517372141065,41.582454444074926,-3.332181374023534,False,True,False,True,False,3.6344668963631044,0.0,0.0,0.0,0.0,0,1.0506198347107443,0.8564049586776862,False,False,False,False,0.1371215975934867,0.14131774579107897,False,False,False,False,2038706.0,1036362.9423872475,False,False,False,False,66353.55466934132,False,False,False,False
2025-05-29 16:00:00+00:00,6.595,6.625,6.585,6.585,22118.0,,,,,,,,,,,,,,,6.711309204314665,6.3230524873288285,6.372196336344626,6.394182087941668,6.4572510177935,6.480691557013009,6.456522020484475,6.47959377589022,,,,,,,,,,,,,,,,,,,,,,6.5505451001801935,6.29771037181864,6.372285973169308,6.399086851418048,6.499256365910498,,,,,6.445667934585206,#000000,0.31061283510720566,6.451741672993741,0.42901745177486295,40.49735145339115,-4.513247825988152,False,True,False,True,False,3.0399346380717525,0.0,0.0,0.0,0.0,0,1.0620761606677103,0.856025039123631,False,False,False,False,0.1471728091223809,0.14424527745672994,False,False,False,False,2016588.0,1051560.2301021738,False,False,False,False,65667.73211632828,False,False,False,False
2025-05-29 17:00:00+00:00,6.585,6.605,6.565,6.57,32507.0,,,,,,,,,,,,,,,6.70811579429853,6.324126083304466,6.372886022629559,6.394752458939506,6.457570675679438,6.4809412756775115,6.456764447377853,6.4797774003914554,,,,,,,,,,,,,,,,,,,,,,6.550888163383078,6.298945357432838,6.373016392654061,6.3996332845277095,6.499432976136223,,,,,6.445911564033247,#000000,0.30926688960994814,6.451927589758556,0.38178160743414447,39.0071912595125,-6.115384644523495,False,True,False,True,False,2.442465370129664,0.0,0.0,0.0,0.0,0,1.0505998956703184,0.857589984350548,False,False,False,False,0.1337774011145721,0.13901133928565101,False,False,False,False,1984081.0,1066017.9164571788,False,False,False,False,65153.61223855574,False,False,False,False
2025-05-29 18:00:00+00:00,6.575,6.575,6.545,6.555,33191.0,,,,,,,,,,,,,,,6.704486589674709,6.325121010717837,6.373512338101462,6.395263536525428,6.457837888533647,6.481139469929039,6.4569676483060645,6.479923814264836,,,,,,,,,,,,,,,,,,,,,,6.550975661846646,6.300098876066876,6.373679385082887,6.400121206178839,6.499564226371588,,,,,6.446053203969219,#000000,0.30812661197795277,6.4519856159309645,0.33432485239673526,37.25420278283296,-7.959836277153926,False,True,False,True,False,1.84216008989182,0.0,0.0,0.0,0.0,0,1.0479916536254565,0.8601982263954097,False,False,False,False,0.11709943354421189,0.12805538641493144,False,False,False,False,1950890.0,1079736.8634888504,False,False,False,False,64658.067862764176,False,False,False,False
2025-05-29 19:00:00+00:00,6.555,6.555,6.51,6.52,104907.0,,,,,,,,,,,,,,,6.691955823609069,6.327813368749179,6.375147554299699,6.396564755235834,6.458423861905873,6.481518403573657,6.457416084859431,6.48020732350966,,,,,,,,,,,,,,,,,,,,,,6.550164717206176,6.303262451665086,6.37540862494564,6.401355124342687,6.499765434072452,,,,,6.446077194459573,#000000,0.3058953333330828,6.451686547122683,0.2233229651886575,34.48377280453515,-10.70319811503105,False,True,False,True,False,0.4496418724847473,0.0,0.0,0.0,0.0,0,1.0438642297650134,0.8652741514360317,False,False,False,False,0.09882791734167912,0.11344165187830528,False,False,False,False,1845983.0,1091616.6485510387,False,False,False,False,65282.08231450426,False,False,False,False
2025-05-30 14:00:00+00:00,6.49,6.52,6.46,6.465,56330.0,,,,,,,,,,,,,,,6.684219055170535,6.3289001601741965,6.375748246652119,6.397009254532049,6.4585271396130555,6.48151904004317,6.457497631516805,6.480211898241134,,,,,,,,,,,,,,,,,,,,,6.481666666666667,6.548872275616707,6.304580456587064,6.376042774478693,6.401768012095928,6.4996977206733435,,,,,6.448304309432961,#000000,0.3028308926604953,6.452647433227729,0.04079031258584082,30.69668580265686,-14.286773970069625,False,True,False,True,False,0.0,0.0,0.0,0.0,0.0,0,1.0365344467640922,0.8710855949895618,False,False,True,False,0.07071461056693897,0.09207813122262212,False,False,False,False,1789653.0,1102438.9175657514,False,False,False,False,65143.29034063598,False,False,True,False
2025-05-30 15:00:00+00:00,6.465,6.54,6.46,6.525,38899.0,,,,,,,,,,,,,,,6.679861167729106,6.329771178908042,6.376262562565593,6.397409342907594,6.458679499109689,6.481598294565665,6.457615404099871,6.48027264249829,,,,,,,,,,,,,,,,,,,,6.508333333333333,6.492559426925271,6.5483508628357345,6.3056146561986015,6.376585738746024,6.402145001824487,6.499719974098363,,,,,6.452985272423046,#000000,0.3004168725243311,6.453867579472734,0.23677904616194842,33.24457246032765,-14.286773970069625,False,True,False,True,True,0.6560047453450046,0.0,0.0,0.0,0.0,0,1.0338894681960376,0.8733055265901983,False,False,True,False,0.07731784100033062,0.08469798611147637,False,False,False,False,1828552.0,1113696.4847352745,False,False,False,False,64736.40211830054,False,False,False,False
2025-05-30 16:00:00+00:00,6.525,6.56,6.485,6.52,53698.0,,,,,,,,,,,,,,,6.674629373466187,6.331048525233542,6.377037046129649,6.3980227646977745,6.458944366095209,6.481761115665465,6.457819594836022,6.48039570677098,,,,,,,,,,,,,,,,,,,,6.516065477283282,6.503054505451216,6.547885341415563,6.307117958075444,6.3774031087782435,6.402725852102216,6.499797768846204,,,,,6.454247233656466,#000000,0.2977509540381584,6.45474434283187,0.21916187432187523,34.710314739302504,-14.286773970069625,False,True,False,True,True,0.46045229415691935,0.0,0.0,0.0,0.0,0,1.0547504025764893,0.8663446054750406,False,False,False,False,0.09220063572376332,0.08844931091761984,False,False,False,False,1774854.0,1123946.9888479058,False,False,False,False,64565.264100962544,False,False,False,False
2025-05-30 17:00:00+00:00,6.515,6.555,6.5,6.545,21162.0,,,,,,,,,,,,,,,6.6728114981270705,6.3315777839129135,6.377364441193793,6.398285503015086,6.459067439371593,6.481843572841441,6.457914346671656,6.480457657849066,,,,,,,,,,,,,,,,,,,,6.519277727476507,6.506821712946358,6.547785976873525,6.3077365715118665,6.37774854995565,6.402975514565935,6.49984455088611,,,,,6.454767523146572,#000000,0.29149601700182937,6.455131567961476,0.3083007204107359,37.6197172924917,-17.754560217155095,False,True,False,True,True,1.4306510254385927,0.0,0.0,0.0,0.0,0,1.056004308023694,0.865374259558428,False,False,False,False,0.09551323095074193,0.09198127093418089,False,False,False,False,1796016.0,1134366.663439411,False,False,False,False,63892.345277691806,False,False,False,False
2025-05-30 18:00:00+00:00,6.545,6.6,6.545,6.59,23002.0,,,,,,,,,,,,,,,6.6715085018249205,6.3322775408352845,6.377820975584925,6.398664706946811,6.459281531202317,6.4820109702257716,6.458078357908474,6.480581999315368,,,,,,,,,,,,,,,,,,,,6.529210362115906,6.515340547548391,6.548011027188589,6.3085385075575555,6.378230393626617,6.403339109480818,6.499963382500541,,,,,6.456190527590819,#000000,0.28549156280428906,6.456273642117826,0.4684073902872092,42.5461386422342,-13.180578515454442,False,True,False,True,True,3.1483888907950117,0.0,0.0,0.0,0.0,0,1.0646551724137931,0.8539870689655175,False,False,False,False,0.12542974037784105,0.10870550565601098,False,False,False,False,1819018.0,1144981.412843451,False,False,False,False,63258.38643617721,False,False,False,False
2025-05-30 19:00:00+00:00,6.595,6.65,6.585,6.645,54732.0,,,,,,,,,,,,,,,6.6700837218032785,6.334250677244264,6.37915883146358,6.399801622590807,6.459993441681954,6.482605658817423,6.458622956627936,6.481022260846295,,,,,,,,,,,,,,,,,,,,6.557065053726943,6.5399270514305226,6.549366105389992,6.310766138342161,6.379642357508776,6.404435520298094,6.500418188595183,,,,,6.460477305757812,"rgba(38, 166, 154, 0.5)",0.280873797443074,6.45985454972998,0.6591766549798727,48.66847913807537,-7.666964757636627,False,True,False,False,True,5.181470327400643,0.0,0.0,0.0,0.0,0,1.068891280947255,0.8482238966630786,False,False,False,False,0.15557134652071694,0.13213842608836396,False,False,False,False,1873750.0,1156280.1506288238,False,False,False,False,63126.19439840702,False,False,False,False
2025-06-02 14:00:00+00:00,6.87,6.96,6.845,6.905,107178.0,,,,,,,,,,,,,,,6.683746382926322,6.341623129855738,6.384619817933333,6.404670856999042,6.463655350672806,6.485965642923802,6.461418409407486,6.483499953306297,,,,,,,,,,,,,,,,,,,,6.681323323433923,6.649642681757703,6.560917969356614,6.318781597096892,6.3854065868493635,6.409186155102603,6.503230570432527,,,,,6.481179228536963,"rgba(38, 166, 154, 1.0)",0.2802227556655521,6.499010253570894,1.4488107700777082,59.10171802784054,1.5867828866455653,False,False,True,False,True,13.5665594944306,0.0,0.0,0.0,0.0,0,1.0722135007849294,0.8403976975405548,False,False,False,False,0.34282818197945025,0.2374833040339071,False,False,False,False,1980928.0,1169065.3886035706,False,False,False,False,63809.16812866427,False,False,False,False
2025-06-02 15:00:00+00:00,6.905,6.945,6.835,6.87,62883.0,,,,,,,,,,,,,,,6.690377694683576,6.3457095472003315,6.3876497115682245,6.407371292311229,6.465679371352746,6.487818859297291,6.462968755341292,6.484871558749172,,,,,,,,,,,,,,,,,,,,6.716457758269397,6.684808347930685,6.566975494362835,6.323226773923101,6.388601533362635,6.411820430836946,6.50478086554699,,,,,6.488607866315764,"rgba(38, 166, 154, 1.0)",0.277814945861714,6.505491838579955,1.312053821616508,64.22452750543512,5.743034425019374,True,False,True,False,True,12.12918719855822,0.0,0.0,0.0,0.0,0,1.0712058212058215,0.8419958419958422,False,False,False,False,0.33380041805258837,0.28564186104324774,False,False,False,False,1918045.0,1180677.4756019649,False,False,False,False,63794.80893287102,False,False,False,False
2025-06-02 16:00:00+00:00,6.865,6.91,6.86,6.89,76693.0,,,,,,,,,,,,,,,6.6980219371385,6.350641099933551,6.3913200651699835,6.4106466001867854,6.468141117170735,6.490074656277754,6.464859098147163,6.486545591891826,,,,,,,,,,,,,,,,,,,,6.746244229852115,6.716110086666653,6.574136820596639,6.328586032606081,6.3924689533902495,6.415016312571387,6.506671094286687,,,,,6.495965579725739,"rgba(38, 166, 154, 1.0)",0.2756104281555962,6.512348449052155,1.3702367993661009,67.99993894730788,8.861567364820196,True,False,True,False,True,12.71856527885836,0.0,0.0,0.0,0.0,0,1.081846799580273,0.8399790136411334,False,False,False,False,0.33020402778742053,0.30792294441533413,False,False,False,False,1994738.0,1193298.569003485,False,False,False,False,63994.78088740015,False,False,False,False
2025-06-02 17:00:00+00:00,6.885,6.89,6.855,6.885,37539.0,,,,,,,,,,,,,,,6.701363542669998,6.352977897403725,6.393061113617432,6.412200168157362,6.469307065083096,6.491141920705845,6.465756440504201,6.487339556285843,,,,,,,,,,,,,,,,,,,,6.756534418835359,6.727436815155592,6.577417940471996,6.331125901556371,6.394302269774427,6.4165321390739,6.507565332939994,,,,,6.4989375014823425,"rgba(38, 166, 154, 1.0)",0.2738559001629453,6.515139416555167,1.350566422796677,70.22060602852812,10.80530035989188,True,False,True,False,True,12.509292370539793,0.0,0.0,0.0,0.0,0,1.0848261327713382,0.8393045310853531,False,False,False,False,0.3212487756792371,0.3145858600472856,False,False,False,False,1957199.0,1205141.9865383147,False,False,False,False,63584.61374185906,False,False,False,False
2025-06-02 18:00:00+00:00,6.885,6.895,6.845,6.875,21455.0,,,,,,,,,,,,,,,6.703164963120512,6.354291504892453,6.394040362128189,6.413073941160878,6.469962322995318,6.491741384798326,6.466261333239027,6.487786079029996,,,,,,,,,,,,,,,,,,,,6.761502155561052,6.733026796321821,6.579230659677395,6.332553783762599,6.395333063402832,6.417384665152967,6.508067589367503,,,,,6.500494706974058,"rgba(38, 166, 154, 1.0)",0.2721165456461946,6.516608003904947,1.317053306126535,71.05926520097762,11.759468026706799,True,False,True,False,True,12.085288127011058,0.0,0.0,0.0,0.0,0,1.0843437005798628,0.8360569319978916,False,False,False,False,0.3194637298853859,0.31702479496633573,False,False,False,False,1935744.0,1216469.1495377207,False,False,False,False,62931.441435783716,False,False,False,False
2025-06-02 19:00:00+00:00,6.875,6.885,6.85,6.88,111337.0,,,,,,,,,,,,,,,6.711932953365537,6.361002778042834,6.399058326392174,6.417555386030609,6.473328683482197,6.494822113875705,6.468861345071168,6.490086668681606,,,,,,,,,,,,,,,,,,,,6.7816563283588955,6.756241657993787,6.588289887884716,6.339844022500151,6.400611489888882,6.421757905399893,6.51065186739514,,,,,6.5077134276242194,"rgba(38, 166, 154, 1.0)",0.27034617447646114,6.5236016673212145,1.3183035911973549,71.74831017098052,12.82552582307411,True,False,True,False,True,12.24043388024731,0.0,0.0,0.0,0.0,0,1.0831127580730544,0.84065643197459,False,False,False,False,0.31768065125129885,0.3173527231088173,False,False,False,False,2047081.0,1229346.852645663,False,False,False,False,63681.91521197311,False,False,False,False
2025-06-03 14:00:00+00:00,6.735,6.785,6.72,6.755,46821.0,,,,,,,,,,,,,,,6.71281949737081,6.363131358024861,6.400616681613709,6.418929627811134,6.474311998506506,6.4957006455979736,6.469626513095303,6.49074844908597,,,,,,,,,,,,,,,,,,,,6.779632964041752,6.75605033423302,6.5904123432477375,6.342182131613437,6.402247581553576,6.423094829290456,6.511375066861614,,,,,6.508725334796525,"rgba(38, 166, 154, 0.5)",0.26616872993046337,6.524128911851031,0.8673862185437174,65.21673531459393,12.82552582307411,True,False,True,False,False,7.0771737397419585,0.0,0.0,0.0,0.0,0,1.0658307210031348,0.8453500522466041,False,False,False,False,0.2375480310294747,0.277450377069146,False,False,False,False,2000260.0,1241298.9944651101,False,False,False,False,63420.505673802974,False,False,False,False
2025-06-03 15:00:00+00:00,6.75,6.815,6.745,6.8,48272.0,,,,,,,,,,,,,,,6.714414643918094,6.365487272733835,6.4023595275785095,6.42047479077897,6.47543883386943,6.496716557237424,6.47050327866974,6.491513434539774,,,,,,,,,,,,,,,,,,,,6.780115477735097,6.757994952199625,6.592980336407069,6.344758377098928,6.4040772099075385,6.424599936972507,6.512218278862773,,,,,6.510243527233954,"rgba(38, 166, 154, 1.0)",0.2616351045405244,6.525384388025176,1.049613019082799,62.52209649288933,21.445365993608632,True,False,True,False,False,8.522471988977877,0.0,0.0,0.0,0.0,0,1.067637877211238,0.8428720083246618,False,False,False,False,0.25640403221866076,0.2669272046439034,False,False,False,False,2048532.0,1253814.234861,False,False,False,False,63185.64512072075,False,False,False,False
2025-06-03 16:00:00+00:00,6.795,6.815,6.785,6.805,37784.0,,,,,,,,,,,,,,,6.7158653299491515,6.367378139540716,6.403765585541048,6.421724379764865,6.476357423439451,6.497547688891107,6.47121857353809,6.492139749142009,,,,,,,,,,,,,,,,,,,,6.78121371042972,6.76006329399525,6.595096044883939,6.346821886460241,6.4055528842777125,6.425817813349877,6.512910568171105,,,,,6.5115648714249525,"rgba(38, 166, 154, 1.0)",0.2572073689275521,6.526586229349133,1.082448655385485,60.90916116986273,19.60193086283269,True,False,True,False,False,8.682465186108658,0.0,0.0,0.0,0.0,0,1.0696569920844328,0.852242744063325,False,False,False,False,0.27022971494664033,0.26857845979527184,False,False,False,False,2086316.0,1266721.2389716823,False,False,False,False,62791.821165360736,False,False,False,False
2025-06-03 17:00:00+00:00,6.805,6.82,6.795,6.8,27877.0,,,,,,,,,,,,,,,6.716945488823946,6.368773370388265,6.404805279705892,6.422649128485899,6.477038759103612,6.498164687905934,6.471749643231068,6.49260518318761,,,,,,,,,,,,,,,,,,,,6.782075614515798,6.761580501464281,6.596654463499647,6.348343502752304,6.406643735265203,6.426719254400105,6.513425091108822,,,,,6.512544913589224,"rgba(38, 166, 154, 1.0)",0.2458649559749821,6.527501486385551,1.1083259610295029,59.56005282629954,17.892502688947445,True,False,True,False,False,8.477457665340825,0.0,0.0,0.0,0.0,0,1.0649281532730175,0.8563065460351252,False,False,False,False,0.27544019486427307,0.27200932732977245,False,False,False,False,2058439.0,1278995.9329411136,False,False,False,False,62250.50610853343,False,False,False,False
2025-06-03 18:00:00+00:00,6.805,6.835,6.79,6.83,80945.0,,,,,,,,,,,,,,,6.720391779914566,6.372896972179663,6.407893448145845,6.425401919786385,6.479080986736892,6.50001952672788,6.473343464745988,6.494006173300018,,,,,,,,,,,,,,,,,,,,6.785527290910296,6.76664759004361,6.601332555814987,6.35283235591715,6.40988257781075,6.429404005874298,6.514976714663596,,,,,6.515575824171462,"rgba(38, 166, 154, 1.0)",0.23588231910949117,6.530468007846568,1.2698365578405069,59.921654103453214,17.72636140790445,True,False,True,False,False,9.46048083367004,0.0,0.0,0.0,0.0,0,1.057723142704436,0.8588989845002676,False,False,False,False,0.27892195448560386,0.27546564090768816,False,False,False,False,2139384.0,1292335.2828179956,False,False,False,False,62540.34322312981,False,False,False,False
2025-06-03 19:00:00+00:00,6.825,6.91,6.825,6.895,163614.0,,,,,,,,,,,,,,,6.730438570020005,6.382067055845201,6.4148642484373966,6.431659721485899,6.483832310900874,6.50437902423961,6.4770579357033595,6.497304278339045,,,,,,,,,,,,,,,,,,,,6.800234668552471,6.783467163947135,6.612596593872659,6.362753620151844,6.417189165932631,6.435517113908536,6.518659189028765,,,,,6.523468044024363,"rgba(0, 255, 255, 0.75)",0.22665662404886527,6.538826119359922,1.571424978796513,62.47302987312717,17.72636140790445,True,False,True,False,False,11.533972327150629,0.0,0.0,0.0,0.0,0,1.0601703940362086,0.84877529286475,False,False,False,False,0.31768065125129885,0.2965731460794935,False,False,False,False,2302998.0,1308004.47223167,False,False,False,False,64107.37666153089,False,False,False,False
2025-06-04 14:00:00+00:00,7.03,7.155,7.01,7.095,170751.0,,,,,,,,,,,,,,,6.752836433617275,6.395202766251576,6.425130600852517,6.441003853317442,6.491258086315035,6.511328748143496,6.482861348831505,6.502558242658867,,,,,,,,,,,,,,,,,,,,6.841520179373459,6.825185767017037,6.632008229831945,6.376785045859754,6.427949856001946,6.4446745088385,6.524631053147897,,,,,6.538328981337217,"rgba(0, 255, 0, 1.0)",0.22115381301034023,6.555582693275163,2.4391047089910045,68.26734424476993,10.82708331926289,True,False,True,False,True,17.268557164951883,0.0,0.0,0.0,0.0,0,1.0661458333333331,0.8354166666666668,False,False,False,False,0.34282819282225135,0.3197006694508724,False,False,False,False,2473749.0,1326078.0308017216,False,False,False,False,65760.76617065445,False,False,False,False
2025-06-04 15:00:00+00:00,7.095,7.115,7.065,7.105,259339.0,,,,,,,,,,,,,,,6.7826631990592015,6.414471883335611,6.440325732003448,6.454873438632791,6.502345994357056,6.52172078669022,6.4915860830884,6.510472572975492,,,,,,,,,,,,,,,,,,,,6.887045157334711,6.87182499939457,6.659116076806581,6.397323790142802,6.443846022773961,6.458274787928856,6.533595760734444,,,,,6.557965752350543,"rgba(0, 255, 0, 1.0)",0.21511254125552287,6.577366293254201,2.4528263376287587,72.27028503935692,14.707910344363583,True,False,True,False,True,17.53348005974278,0.0,0.0,0.0,0.0,0,1.067637877211238,0.8428720083246617,False,False,False,False,0.342828193204027,0.3312644313274497,False,False,False,False,2733088.0,1347892.1388513073,False,False,False,False,68761.9790982412,False,False,False,False
2025-06-04 16:00:00+00:00,7.105,7.125,7.075,7.095,208489.0,,,,,,,,,,,,,,,6.80333628810883,6.429282195826081,6.452110257236441,6.465660002743384,6.511017318996033,6.52985769862183,6.498459577473049,6.516718818644464,,,,,,,,,,,,,,,,,,,,6.913702985026455,6.899461057467228,6.678860346163776,6.413077665145133,6.456148964667225,6.468857846021825,6.540642513993918,,,,,6.571812902409046,"rgba(0, 255, 0, 1.0)",0.2080912178708142,6.592509221004638,2.4147620651022113,74.32536603339722,16.781825414328353,True,False,True,False,True,17.102208273357792,0.0,0.0,0.0,0.0,0,1.0683850604944765,0.8511309836927932,False,False,False,False,0.3428281937057594,0.33704631251660455,False,False,False,False,2524599.0,1366135.6560784187,False,False,False,False,70928.28949981884,False,False,False,False
2025-06-04 17:00:00+00:00,7.095,7.095,7.045,7.05,107853.0,,,,,,,,,,,,,,,6.811855903263051,6.43630694786774,6.457721059094741,6.470798364944939,6.515143313264028,6.5337238633388965,6.501750613110057,6.519706912459291,,,,,,,,,,,,,,,,,,,,6.922870667296096,6.909190002163318,6.6875979598464905,6.420550354291635,6.461996523699089,6.4738995297932895,6.543994807276354,,,,,6.577807121447267,"rgba(0, 255, 0, 1.0)",0.20602343958312466,6.59896011942147,2.1892648792350053,72.97620050613361,16.781825414328353,True,False,True,False,True,15.172408461526285,0.0,0.0,0.0,0.0,0,1.0582010582010581,0.8640211640211641,False,False,False,False,0.324722135564564,0.33088422404058426,False,False,False,False,2416746.0,1382424.1885423192,False,False,False,False,71500.7656316046,False,False,False,False
2025-06-04 18:00:00+00:00,7.055,7.13,7.05,7.13,511883.0,,,,,,,,,,,,,,,6.851085784746145,6.4696290092822855,6.484674539810304,6.495596272413935,6.535283607719692,6.552664506959173,6.517937716127467,6.534466100451037,,,,,,,,,,,,,,,,,,,,6.9635253310365925,6.951868608287209,6.728073913242772,6.455864608735615,6.490029436931564,6.498254741809739,6.560517769239559,,,,,6.605964796452872,"rgba(0, 255, 0, 1.0)",0.20551973228954,6.629147844702516,2.4370027623034973,73.78272572369966,16.781825414328353,True,False,True,False,True,17.363163163290974,0.0,0.0,0.0,0.0,0,1.0538827258320127,0.8610670892762811,False,False,False,False,0.3367692946121052,0.33382675932634476,False,False,False,False,2928629.0,1406396.3561618181,False,False,False,False,78328.39717219988,False,False,False,False
2025-06-04 19:00:00+00:00,7.125,7.18,7.015,7.11,1121482.0,,,,,,,,,,,,,,,6.908148801685631,6.531980406893621,6.536379674243478,6.543535229491796,6.57480788932003,6.589944303170105,6.550433761521584,6.564242118637647,,,,,,,,,,,,,,,,,,,,7.00917567407493,7.000562796580578,6.793753444898372,6.521595597104755,6.543483464068145,6.545410856257322,6.593411744651513,,,,,6.653791050839968,"rgba(0, 255, 0, 1.0)",0.20375059829681536,6.679090916400243,2.114884997648089,73.15951746434945,16.781825414328353,True,False,True,False,True,16.50835840701193,0.0,0.0,0.0,0.0,0,1.0450733752620545,0.8642557651991617,False,False,False,False,0.3413112115012767,0.33756898541381075,False,False,False,False,1807147.0,1412609.5444383791,False,False,False,False,94501.32124704949,False,False,False,False
2025-06-05 14:00:00+00:00,7.345,7.415,7.295,7.405,160683.0,,,,,,,,,,,,,,,6.922794402446616,6.543683545419328,6.546289908239895,6.552815235308043,6.5826963455616525,6.5974765530967945,6.556932259099754,6.570269868094475,,,,,,,,,,,,,,,,,,,,7.02556286048924,7.0170776182612,6.807952778488807,6.533814043720637,6.55372549796797,6.554560001073186,6.600131185154982,,,,,6.664385473494838,"rgba(0, 255, 0, 1.0)",0.2120489489640558,6.69041149639371,3.369922402810019,76.8064212896852,20.37384021626795,True,False,True,False,True,20.0,0.0,0.0,0.0,0.0,0,1.0526046986721145,0.8457609805924415,False,False,False,False,0.34282820420132254,0.34019859480756665,False,False,False,False,1967830.0,1421217.613516854,False,False,False,False,95527.39378585493,False,False,False,False
2025-06-05 15:00:00+00:00,7.405,7.405,7.18,7.215,212275.0,,,,,,,,,,,,,,,6.936573055065356,6.556754840770448,6.557406777759767,6.563228899681015,6.591525802108891,6.605887740079537,6.5642749445107125,6.577070930021978,,,,,,,,,,,,,,,,,,,,7.039150628083092,7.030936328138079,6.822374043325235,6.547470469845694,6.565186020063463,6.564826750385908,6.607648068763544,,,,,6.675354353240181,"rgba(0, 255, 0, 1.0)",0.21166312687684488,6.701948304482009,2.4239068140409135,72.5322044648712,20.37384021626795,True,False,True,False,False,16.32176861172855,0.0,0.0,0.0,0.0,0,1.0367943548387095,0.8563508064516128,False,False,False,False,0.3117561135079724,0.3259773541577695,False,False,False,False,1755555.0,1426401.1388886857,False,False,False,False,97337.43419227579,False,False,False,False
2025-06-05 16:00:00+00:00,7.215,7.335,7.18,7.31,198926.0,,,,,,,,,,,,,,,6.948820866131347,6.568721126955591,6.567636368131515,6.572828030944515,6.5996951852152685,6.613677317363848,6.571099323615169,6.583400400764886,,,,,,,,,,,,,,,,,,,,7.050981600300453,7.043007882837522,6.835327435959001,6.5599570989779075,6.5757200485041185,6.574293841174034,6.61462712152332,,,,,6.685319576559901,"rgba(0, 255, 0, 1.0)",0.21449798923857424,6.7123893199871345,2.786089893589519,71.1064676851321,20.37384021626795,True,False,True,False,False,18.467045679145762,0.0,0.0,0.0,0.0,0,1.0415831663326653,0.8632264529058118,False,False,False,False,0.2946105714983967,0.3102939628280831,False,False,False,False,1954481.0,1434588.423557078,False,False,False,False,98912.45071642655,False,False,False,False
2025-06-05 17:00:00+00:00,7.315,7.435,7.315,7.385,189894.0,,,,,,,,,,,,,,7.378333333333332,6.963163822906113,6.581395624374978,6.5785203561375765,6.583066246796217,6.608479244385312,6.62208160631008,6.578431249051853,6.590223201887824,,,,,,,,,,,,,,,,,,,,7.065940724016673,7.058126442971122,6.8497672972083645,6.573149066099731,6.5869316232110995,6.584397009697251,6.622175844886539,,,,7.378333333333332,6.739011418329628,"rgba(0, 255, 0, 1.0)",0.22377397702323876,6.763973827323477,2.7752385730358156,71.16431689556951,20.37384021626795,True,False,True,False,False,20.0,-1.0,7.435,7.315,612.0,0,1.0508221225710013,0.8584952665670156,False,False,False,False,0.3428282048730826,0.3265610838505828,False,False,False,False,2144375.0,1445592.8666027046,False,False,False,False,100323.01737198583,False,False,False,False
2025-06-05 18:00:00+00:00,7.385,7.385,7.28,7.295,92149.0,,,,,,,,,,,,,,7.359274685065751,6.968854054689192,6.586964380030489,6.583319766756587,6.587583695869022,6.612353207678818,6.625784222783857,6.581685412941721,6.593250091566797,,,,,,,,,,,,,,,,,,,,7.0714523601283705,7.063733249379348,6.855758061449259,6.5789458336885005,6.591867339263121,6.58885524482446,6.625506996853603,,,,7.359274685065751,6.7421992876855565,"rgba(0, 255, 0, 1.0)",0.22967117112700738,6.7677449399603855,2.2956954390590196,68.49470853403196,24.4341173161274,True,False,True,False,False,16.866160627992677,0.0,0.0,0.0,0.0,0,1.0451388888888886,0.8650793650793649,False,False,False,False,0.32191496504414435,0.3242380244473636,False,False,False,False,2052226.0,1454998.0314615774,False,False,False,False,100196.28842048217,False,False,False,False
2025-06-05 19:00:00+00:00,7.295,7.32,7.275,7.305,186008.0,,,,,,,,,,,,,,7.335718351205316,6.979180776065854,6.597653421304067,6.5925628640760845,6.596291301123164,6.619828485949153,6.632927835474552,6.587992280334798,6.599118122145277,,,,,,,,,,,,,,,,,,,,7.081040836504743,7.073521215032763,6.866895944325694,6.590068512476328,6.6013624191219415,6.5974500822684226,6.631944272930053,,,,7.335718351205316,6.748972295021138,"rgba(0, 255, 0, 1.0)",0.23531734371324312,6.775403326099843,2.2505637091736057,66.88749289223091,22.640943304179032,True,False,True,False,False,17.088394427364108,0.0,0.0,0.0,0.0,0,1.0471698113207544,0.8684210526315789,False,False,False,False,0.3048951291071211,0.3145665767772423,False,False,False,False,2238234.0,1467141.2247722505,False,False,False,False,101526.70255349795,False,False,False,False
2025-06-06 14:00:00+00:00,7.085,7.085,6.96,6.975,108723.0,,,,,,,,,,,,,,7.2736914805452395,6.979672813008413,6.601206181287123,6.595661207076719,6.599202315201806,6.622270961770582,6.635228194785684,6.590129957409604,6.6010864307684995,,,,,,,,,,,,,,,,,,,,7.079260658846038,7.07194062377954,6.8689146401830605,6.593791147354467,6.604514261358775,6.600320634696144,6.6340230512333855,,,,7.2736914805452395,6.746932159956567,"rgba(38, 166, 154, 0.5)",0.23290909954025638,6.774019096229713,0.8629156360443044,58.54119505302698,14.780123875523287,False,False,True,False,False,6.586079582089475,0.0,0.0,0.0,0.0,0,1.0314009661835748,0.8739130434782608,False,False,False,False,0.1761817802166597,0.245374178496951,False,False,False,False,2129511.0,1477410.5236129907,False,False,False,False,101638.2730565445,False,False,False,False
2025-06-06 15:00:00+00:00,6.975,7.055,6.945,7.005,87286.0,,,,,,,,,,,,,,7.237935738738467,6.979984425764415,6.603979458495236,6.59808544028475,6.6014813311163465,6.624184427235775,6.637030012867653,6.5918100022491695,6.602633628670075,,,,,,,,,,,,,,,,,,,,7.077797719847568,7.070631621994942,6.870436281354466,6.596696370096422,6.606978374947748,6.602568216270138,6.635653168299901,,,,7.237935738738467,6.746117888639567,"rgba(38, 166, 154, 1.0)",0.230923664310835,6.773551382976369,1.0022732737866533,53.633479111481115,10.424328557982982,False,False,False,False,False,7.302281377255824,0.0,0.0,0.0,0.0,0,1.03328509406657,0.8769898697539796,False,False,False,False,0.16595505584933992,0.20566461717314546,False,False,False,False,2216797.0,1488873.879836045,False,False,False,False,101415.7571952027,False,False,False,False
2025-06-06 16:00:00+00:00,7.005,7.035,6.945,6.965,79527.0,,,,,,,,,,,,,,7.210527633843339,6.980005864628624,6.606347581572911,6.600160896812139,6.603432749615969,6.625819592398484,6.638567105525635,6.59325469305855,6.603962790312716,,,,,,,,,,,,,,,,,,,,7.07617428469358,7.069146965120823,6.871585896714443,6.599178586883402,6.609084555189193,6.604492673383923,6.637045375512,,,,7.210527633843339,6.745549202829109,"rgba(38, 166, 154, 0.5)",0.22915557876535278,6.773214032148834,0.8369247167556318,49.65553518306848,6.9257742439151,False,True,False,True,False,6.146506066107982,0.0,0.0,0.0,0.0,0,1.0559295701708957,0.8674262040393577,False,False,False,False,0.16142098617793757,0.18354280167554152,False,False,False,False,2137270.0,1498926.5328618428,False,False,False,False,101076.39661853289,False,False,False,False
2025-06-06 17:00:00+00:00,6.965,7.005,6.965,6.995,67401.0,,,,,,,,,,,,,,7.192061123797968,6.980094848778816,6.608366734235208,6.601932823416104,6.605099882455945,6.627219511719528,6.639884238625833,6.594491618156124,6.60510176415708,,,,,,,,,,,,,,,,,,,,7.074934780120699,7.068019912860973,6.872599669337414,6.601293632517992,6.61088275211317,6.60613702412043,6.638239218980099,,,,7.192061123797968,6.745397470962086,"rgba(38, 166, 154, 0.5)",0.22848468712860567,6.773206049984235,0.9707169123807663,47.76522168045816,5.240491882312597,False,True,False,True,False,6.878622487962655,0.0,0.0,0.0,0.0,0,1.0517423442449843,0.885427666314678,False,False,False,False,0.15915642773940383,0.17134961470747267,False,False,False,False,2204671.0,1509868.3075461553,False,False,False,False,100554.29744615253,False,False,False,False
2025-06-06 18:00:00+00:00,6.995,7.005,6.975,6.995,85748.0,,,,,,,,,,,,,,7.172898935695679,6.980250049856218,6.610927133093622,6.6041830798165035,6.607218327902473,6.6290012435768615,6.641561527767226,6.596067316505046,6.606553573533785,,,,,,,,,,,,,,,,,,,,7.073466326416726,7.066688825239832,6.873900650025863,6.603974296160805,6.613165917975564,6.608226793739587,6.639760706543736,,,,7.172898935695679,6.745490293990595,"rgba(38, 166, 154, 0.5)",0.22873216959013443,6.773432750469398,0.9686755034398028,46.50501267871795,3.938512902917225,False,True,False,True,False,6.878622487962655,0.0,0.0,0.0,0.0,0,1.0392989909718535,0.8836962294211366,False,False,False,False,0.16142098617793757,0.1663853004427051,False,False,False,False,2204671.0,1520640.4423128816,False,False,False,False,100324.74244698737,False,False,False,False
2025-06-06 19:00:00+00:00,6.995,7.005,6.94,6.94,191096.0,,,,,,,,,,,,,,7.1357924324099065,6.979710719543929,6.6160718758824855,6.608724534528204,6.611494955224641,6.6325866377230325,6.644927136751876,6.599271381072237,6.609501126589973,,,,,,,,,,,,,,,,,,,,7.069238588484118,7.06276116199656,6.875986988993636,6.609365725462614,6.61776133965091,6.612445399263077,6.642819696312615,,,,7.1357924324099065,6.7455287312431125,"rgba(38, 166, 154, 0.5)",0.22790651236501122,6.773634494091785,0.7299725847314422,44.44270717795264,1.7583651575611725,False,True,False,True,False,5.249749820703723,0.0,0.0,0.0,0.0,0,1.03950880939669,0.8825413774693004,False,False,False,False,0.15350205415460974,0.15994367729865744,False,False,False,False,2013575.0,1528282.8385560925,False,False,False,False,101732.04876563873,False,False,False,False
2025-06-09 14:00:00+00:00,6.905,6.975,6.885,6.945,96457.0,,,,,,,,,,,,,,7.119438454915425,6.979065202121818,6.61841583637502,6.610803414766105,6.61345323509319,6.634222912161445,6.646458441184455,6.600749976789957,6.610859161241226,,,,,,,,,,,,,,,,,,,,7.066724297024715,7.060394084337923,6.876686683362644,6.611824478165746,6.619858873077131,6.614377056764306,6.644214470659187,,,,7.119438454915425,6.745471661127519,"rgba(38, 166, 154, 0.5)",0.22762457236851785,6.773603840834598,0.7529774021405592,43.236005619519304,0.3042883992487546,False,True,False,True,False,5.3782320002083,0.0,0.0,0.0,0.0,0,1.0362280234416623,0.878529568460309,False,False,False,False,0.13434761889543326,0.14714564809704533,False,False,False,False,2110032.0,1537302.205400184,False,False,False,False,101650.26506384587,False,False,False,False
2025-06-09 15:00:00+00:00,6.945,6.975,6.94,6.955,100863.0,,,,,,,,,,,,,,7.106663584022227,6.978732077708169,6.620995538657471,6.613092509015071,6.615612051764731,6.636036994566448,6.6481614429214355,6.602381570768598,6.612361276694844,,,,,,,,,,,,,,,,,,,,7.06461016137965,7.058422697099623,6.877666147816142,6.61452587093035,6.622171527413852,6.616507194002833,6.645766401053909,,,,7.106663584022227,6.745856690363459,"rgba(38, 166, 154, 0.5)",0.2271110574860615,6.7739923952958945,0.7970004045937508,42.799716428170626,-0.5294233120768439,False,True,False,True,False,5.638977326856036,0.0,0.0,0.0,0.0,0,1.0468245425188374,0.8794402583423034,False,False,False,False,0.146729605709021,0.14693762690303316,False,False,False,False,2210895.0,1547745.5045412665,False,False,False,False,101638.05940394128,False,False,False,False
2025-06-09 16:00:00+00:00,6.955,6.965,6.92,6.955,69490.0,,,,,,,,,,,,,,7.098456112389842,6.978406850621292,6.622697792930398,6.6146066498413285,6.617040497023514,6.637236373181865,6.64928621526248,6.6034655049697735,6.613358758419536,,,,,,,,,,,,,,,,,,,,7.063069641872802,7.056978288469323,6.878243447478591,6.616308834124387,6.623699366360445,6.617916709979142,6.646792568051823,,,,7.098456112389842,6.746097725686035,"rgba(38, 166, 154, 0.5)",0.22713961654764261,6.774222208958112,0.7958884222381777,42.5088569672715,-1.3123816500613898,False,True,False,True,False,5.638977326856036,0.0,0.0,0.0,0.0,0,1.035135135135135,0.8859459459459457,False,False,False,False,0.13997049519440205,0.1434540610487176,False,False,False,False,2210895.0,1558026.8920677584,False,False,False,False,101139.63987829878,False,False,False,False
2025-06-09 17:00:00+00:00,6.955,6.965,6.945,6.945,30479.0,,,,,,,,,,,,,,7.095226072908672,6.97828841974279,6.623450253715984,6.615276373635635,6.617672590229346,6.637767968661808,6.649785131507128,6.6039456738504825,6.61380092318428,,,,,,,,,,,,,,,,,,,,7.062435060280977,7.056384654426908,6.878511901534414,6.617096579148275,6.624375266253093,6.618540492785042,6.647247917978523,,,,7.095226072908672,6.74623782999021,"rgba(38, 166, 154, 0.5)",0.22608347736785958,6.774355046096626,0.7547873727442653,41.9924259828792,-2.3392632726558134,False,True,False,True,False,5.325739597460753,0.0,0.0,0.0,0.0,0,1.0358111774281062,0.8855127509495384,False,False,False,False,0.14560217882922338,0.1445281199389705,False,False,False,False,2180416.0,1567676.3356015915,False,False,False,False,100044.126081736,False,False,False,False
2025-06-09 18:00:00+00:00,6.945,6.965,6.93,6.955,167225.0,,,,,,,,,,,,,,7.079581731993597,6.977617326772588,6.6274975276751045,6.618886035151587,6.6210814573153955,6.64063759221591,6.6524784815858595,6.606544247796286,6.616194601734373,,,,,,,,,,,,,,,,,,,,7.059027624187239,7.053193161361558,6.879917770829665,6.621332371253504,6.628015980894368,6.621904929607098,6.649708670985209,,,,7.079581731993597,6.747101219459958,"rgba(38, 166, 154, 0.5)",0.2252032715426627,6.775154518363467,0.7985917806814037,42.146149101502985,-2.7235886803976044,False,True,False,True,False,5.600818528708206,0.0,0.0,0.0,0.0,0,1.031607629427793,0.8899182561307901,False,False,False,False,0.14222209063338967,0.14337510528618008,False,False,False,False,2347641.0,1579768.811018621,False,False,False,False,101085.69001845327,False,False,False,False
2025-06-09 19:00:00+00:00,6.955,6.965,6.915,6.92,152311.0,,,,,,,,,,,,,,7.066514446405738,6.976680699537927,6.630911472502478,6.621944567766635,6.623971740298004,6.643067409366671,6.654754827604792,6.608764121073554,6.618237945432623,,,,,,,,,,,,,,,,,,,,7.055651283807644,7.050005213718513,6.880857708135485,6.624906731102835,6.631093852605918,6.624757744079197,6.651792929955726,,,,7.066514446405738,6.747744543337109,"rgba(38, 166, 154, 0.5)",0.22382258498541724,6.775704504649066,0.6446869307685613,40.96637831446738,-4.3349439343275975,False,True,False,True,False,4.480128544795008,0.0,0.0,0.0,0.0,0,1.023471615720524,0.895196506550218,False,False,False,False,0.13884522740827043,0.14111016634722526,False,False,False,False,2195330.0,1589312.3953439137,False,False,False,False,101879.88087088034,False,False,False,False
2025-06-10 14:00:00+00:00,7.0,7.0,6.85,6.865,122225.0,,,,,,,,,,,,,,7.0557085469486625,6.975484394981966,6.633344879992444,6.624136811547657,6.626043789769595,6.644800782070461,6.656371921721902,6.610370197071659,6.619712982462459,,,,,,,,,,,,,,,,,,,,7.0524724319491074,7.046974966363379,6.881193870163484,6.627458253780852,6.633291866542744,6.626802760978403,6.653277356622623,,,,7.0557085469486625,6.7479653633104615,#000000,0.22211023154046672,6.775823472503445,0.40149671124136294,38.40304809341974,-7.106102302131077,False,True,False,True,False,2.746736590878861,0.0,0.0,0.0,0.0,0,1.0123922413793103,0.8927801724137928,False,False,False,False,0.1321008502319534,0.13660550828958934,False,False,False,False,2073105.0,1596813.0558812174,False,False,False,False,102195.30907443257,False,False,False,False
2025-06-10 15:00:00+00:00,6.865,6.885,6.84,6.87,50777.0,,,,,,,,,,,,,,7.0505512697815025,6.974723636667558,6.634196163068642,6.624909313629194,6.626773494562469,6.645404498294299,6.65693050123424,6.6109424230608695,6.620236023461242,,,,,,,,,,,,,,,,,,,,7.050843318248642,7.0454087239146554,6.881100733044258,6.628353831397144,6.6340617615506,6.62752269448383,6.653791756406137,,,,7.0505512697815025,6.747859383925331,#000000,0.2202538052764209,6.788367025211629,0.37063139356852687,37.00385187822353,-8.678022893909379,False,True,False,True,False,2.892617742848465,0.0,0.0,0.0,0.0,1,1.0118534482758623,0.9062500000000002,False,False,False,False,0.10412042458333065,0.12036296643646,False,False,False,False,2123882.0,1604984.6674179425,False,False,False,False,101398.12598800726,False,False,False,False
2025-06-10 16:00:00+00:00,6.87,6.885,6.85,6.865,81029.0,,,,,,,,,,,,,,7.042944144243493,6.973549209780859,6.6355514587704105,6.62614033416361,6.627936840825141,6.646368331160377,6.6578227941055745,6.6118562185652,6.6210717304208275,,,,,,,,,,,,,,,,,,,,7.048324244153137,7.042987007970786,6.88096946272697,6.629779042179765,6.635288595715265,6.628670580903741,6.654613905989889,,,,7.042944144243493,6.74774211885469,#000000,0.21788190040140398,6.788166810732093,0.35263686027318925,35.895202908025844,-9.959075577214513,False,True,False,True,False,2.732470998369589,0.0,0.0,0.0,0.0,0,1.0286186020913592,0.9031370390753987,False,False,False,False,0.10635231937897946,0.11335764290771973,False,False,False,False,2042853.0,1611773.3237370441,False,False,False,False,101082.3255850924,False,False,False,False
2025-06-10 17:00:00+00:00,6.865,6.895,6.86,6.89,26348.0,,,,,,,,,,,,,,7.0408034581404735,6.973225630099815,6.63601714061945,6.626562720593908,6.628336312065839,6.646701148447261,6.658132027300232,6.612169358690712,6.621358777950459,,,,,,,,,,,,,,,,,,,,7.047586320591106,7.042279414792252,6.880971518439731,6.630267921814739,6.635710420433092,6.6290648412868025,6.6548986897792215,,,,7.0408034581404735,6.747755356315318,#000000,0.21795296624616128,6.788266585651724,0.4667677439791108,36.9209209132391,-9.959075577214513,False,True,False,True,False,3.4826709474605586,0.0,0.0,0.0,0.0,0,1.0272222222222225,0.9055555555555556,False,False,False,False,0.11081930024811935,0.11208847157791954,False,False,False,False,2069201.0,1618865.2256946093,False,False,False,False,99923.65387059485,False,False,False,False
2025-06-10 18:00:00+00:00,6.895,6.915,6.88,6.89,71503.0,,,,,,,,,,,,,,7.035734074740782,6.972485099448516,6.637340184233921,6.627761529283845,6.629470807833498,6.647650603662826,6.6590167327754015,6.613057367588064,6.622174326249635,,,,,,,,,,,,,,,,,,,,7.045774600468175,7.040546911343442,6.881082878288734,6.631654986846833,6.636909584097014,6.6301847662135085,6.655713176243893,,,,7.035734074740782,6.747909851832381,#000000,0.2180523947285415,6.788713003241247,0.4645076101312595,37.6047329167146,-9.959075577214513,False,True,False,True,True,3.4826709474605373,0.0,0.0,0.0,0.0,0,1.0318613750698715,0.897149245388485,False,False,False,False,0.11976667434292157,0.11592757296042056,False,False,False,False,2069201.0,1625847.1756838402,False,False,False,False,99483.02357802748,False,False,False,False
2025-06-10 19:00:00+00:00,6.895,6.935,6.89,6.9,130105.0,,,,,,,,,,,,,,7.028153749154717,6.971398785867814,6.639836001798681,6.630023078204882,6.631612957748184,6.649451839187236,6.6606996848615765,6.614734682614824,6.623717790241606,,,,,,,,,,,,,,,,,,,,7.042868038660108,7.037776271073239,6.881470879757119,6.634267836030644,6.639174601761484,6.632299932484135,6.657262901229309,,,,7.028153749154717,6.748421814417222,"rgba(38, 166, 154, 0.5)",0.2177380234291927,6.789577611175092,0.5071341563859509,38.85078956866832,-9.959075577214513,False,True,False,True,True,3.7905494034719176,0.0,0.0,0.0,0.0,0,1.0386338185890256,0.8857782754759238,False,False,False,False,0.1264896742845453,0.12120862362248293,False,False,False,False,2199306.0,1634738.010169362,False,False,False,False,99957.78290239915,False,False,False,False
2025-06-11 14:00:00+00:00,6.955,6.975,6.895,6.93,60066.0,,,,,,,,,,,,,,7.025618716552945,6.971103508395604,6.641078657218868,6.631147607136333,6.6326792139937,6.6503545462682085,6.661546684837634,6.615568033180482,6.624486861270007,,,,,,,,,,,,,,,,,,,,7.041808957374012,7.036775496181081,6.881809569400567,6.635566063680194,6.640303540176818,6.633353094184762,6.658042575119563,,,,7.025618716552945,6.748827695310673,"rgba(38, 166, 154, 0.5)",0.21741422664110732,6.790207754813261,0.6429765307745843,41.94767552286118,-11.733325652563465,False,True,False,True,True,4.716770989909289,0.0,0.0,0.0,0.0,0,1.03901895206243,0.8795986622073577,False,False,False,False,0.13659573663411181,0.12890218012829738,False,False,False,False,2259372.0,1644422.2580737127,False,False,False,False,99339.30564809838,False,False,False,False
2025-06-11 15:00:00+00:00,6.925,6.925,6.865,6.905,81230.0,,,,,,,,,,,,,,7.021177282633286,6.970348053850923,6.642543253745894,6.632480552925745,6.633942758833232,6.651416360281323,6.662537352716741,6.616564732448514,6.625403677232636,,,,,,,,,,,,,,,,,,,,7.039957125687534,7.035004482526234,6.8819542222284005,6.637099626240302,6.64163582750631,6.634600856105702,6.658956819658423,,,,7.021177282633286,6.749101436538825,"rgba(38, 166, 154, 0.5)",0.21701388671472588,6.7903711674514895,0.5282096656754288,42.43949163119537,-11.185513412332163,False,True,False,True,True,3.844718654689153,0.0,0.0,0.0,0.0,0,1.0356545961002783,0.886350974930362,False,False,False,False,0.11864723733875047,0.12377470873352392,False,False,False,False,2178142.0,1652696.9827547404,False,False,False,False,99058.54121944569,False,False,False,False
2025-06-11 16:00:00+00:00,6.905,6.93,6.89,6.915,30217.0,,,,,,,,,,,,,,7.019774033281075,6.970122309831714,6.643112004923893,6.632997710293627,6.634433276361406,6.651830234959452,6.662924481273371,6.616951166950115,6.6257597465683515,,,,,,,,,,,,,,,,,,,,7.039344108779277,7.03442033451415,6.882050667120699,6.637694427226368,6.64215348552398,6.6350853362610085,6.659313984025298,,,,7.019774033281075,6.749247956743361,"rgba(38, 166, 154, 0.5)",0.21674080505659618,6.7905128394098835,0.5743595930522173,43.56399583239407,-9.992621905098076,False,True,False,True,True,4.1610185689493555,0.0,0.0,0.0,0.0,0,1.0484507042253521,0.8777464788732393,False,False,False,False,0.1253684003286492,0.12457155453108656,False,False,False,False,2208359.0,1661311.897750791,False,False,False,False,97991.23050286513,False,False,False,False
2025-06-11 17:00:00+00:00,6.915,6.93,6.865,6.875,50775.0,,,,,,,,,,,,,,7.017038681457176,6.969607710046866,6.643985639619873,6.63379518108367,6.635189512018097,6.652464986595738,6.663515861441059,6.617550665555136,6.626310884323924,,,,,,,,,,,,,,,,,,,,7.038154534324031,7.033280055899438,6.882093790003171,6.638609531686114,6.6429493044208625,6.635832149928963,6.659860541243534,,,,7.017038681457176,6.749389939352978,#000000,0.21631641822293018,6.790538634232204,0.3904528674321521,41.87451281055864,-9.992621905098076,False,True,False,True,False,2.7503397513901184,0.0,0.0,0.0,0.0,0,1.0423011844331642,0.8798646362098138,False,False,False,False,0.11976667434292157,0.12216911443700407,False,False,False,False,2157584.0,1669006.0388709337,False,False,False,False,97259.19592142536,False,False,False,False
2025-06-11 18:00:00+00:00,6.875,6.925,6.875,6.895,37253.0,,,,,,,,,,,,,,7.015230915350502,6.969273423272685,6.644644271825314,6.634396063965135,6.635759565367781,6.652944811478396,6.663963687256798,6.618002241127962,6.626726520332943,,,,,,,,,,,,,,,,,,,,7.037342158059536,7.032502829146651,6.882158167954072,6.639298838783654,6.643549530095135,6.636395174734887,6.660274360067465,,,,7.015230915350502,6.749528909926182,#000000,0.21591815266126538,6.790620722492932,0.48342057497508817,42.43829907367599,-9.992621905098076,False,True,False,True,False,3.4013168864730297,0.0,0.0,0.0,0.0,1,1.041784302653868,0.8802936194240543,False,False,False,False,0.12088641016856905,0.12152776230278656,False,False,False,False,2194837.0,1677158.4568729347,False,False,False,False,96328.86730248854,False,False,False,False
2025-06-11 19:00:00+00:00,6.895,6.95,6.88,6.945,101124.0,,,,,,,,,,,,,,7.0116488956254095,6.968716843333428,6.646601202771011,6.636176910162029,6.637450504296966,6.654378436365027,6.665308092266076,6.619336673191641,6.62795854236617,,,,,,,,,,,,,,,,,,,,7.035597847301883,7.030847970428515,6.8826142845170795,6.641342403545518,6.645333772455237,6.638065771400063,6.661515496348672,,,,7.0116488956254095,6.750180852898421,"rgba(38, 166, 154, 0.5)",0.21571060025661215,6.791306681160516,0.712497756979252,46.354796278746036,-7.28098691294943,False,True,False,True,True,5.0100338521014685,0.0,0.0,0.0,0.0,1,1.045582442318514,0.8722566122678671,False,False,False,False,0.12761126470399592,0.12456951350339124,False,False,False,False,2295961.0,1686752.2947508737,False,False,False,False,96403.2104450856,False,False,False,False
2025-06-12 14:00:00+00:00,6.365,6.51,6.26,6.47,399613.0,,,,,,,,,,,,,,6.930515198569898,6.9424319372691965,6.6403395471255555,6.630908025797009,6.632389806812287,6.6494613104119695,6.660282104430515,6.6158579139496965,6.624511565630545,,,,,,,,,,,,,,,,,,,6.413333333333332,6.999624580747075,6.99543785292899,6.863667811519417,6.635074699424004,6.639663808844199,6.633040069070243,6.657001026219894,,,,6.930515198569898,6.715502387769637,"rgba(239, 83, 80, 1.0)",0.21970461332689847,6.753493261363808,-1.2903382276365691,36.90091210558087,-8.540220323169464,False,True,False,True,False,0.0,0.0,0.0,0.0,0.0,0,1.0110410094637226,0.8817034700315457,False,False,False,False,-0.10746870602834492,0.008550403737523159,False,False,False,False,1896348.0,1690001.8405686896,False,False,False,False,101104.13741492924,False,False,False,False
2025-06-12 15:00:00+00:00,6.465,6.55,6.465,6.54,506432.0,,,,,,,,,,,,,,6.870069010204765,6.9184345035042645,6.636325620683383,6.6276329693177,6.629216710731151,6.646156814694552,6.656782363912177,6.613814532216021,6.622393575246621,,,,,,,,,,,,,,,,,,,6.472022868621314,6.966770595007059,6.963115080830232,6.846858658348613,6.631144715140732,6.636018822437262,6.629878778815469,6.653876421205357,,,,6.870069010204765,6.707088943583334,"rgba(239, 83, 80, 0.5)",0.22213085584205086,6.739408579582457,-0.8977076994843476,33.32363833559322,-11.351347416093652,False,True,False,True,False,0.0,0.0,0.0,0.0,0.0,0,1.028765690376569,0.8791841004184099,False,False,False,False,-0.053026250766274506,-0.022237923514375674,False,False,False,False,2402780.0,1701052.6647459192,False,False,False,False,107388.29032322491,False,False,False,False
2025-06-12 16:00:00+00:00,6.535,6.705,6.535,6.64,262828.0,,,,,,,,,,,,,,6.8528543121228545,6.910110812662616,6.636163471244007,6.627618596775948,6.629180416645997,6.645905202126279,6.656401889117821,6.6139527819093145,6.622437358528486,,,,,,,,,,,,,,,,,,,6.506795440280223,6.955134081356941,6.951687437527603,6.8414333637849785,6.631067822760504,6.635875250568463,6.629833483952622,6.653561903070164,,,,6.8528543121228545,6.705883154378519,#000000,0.22297008242735733,6.736867660119271,-0.4344424106800552,34.337509718311594,-11.351347416093652,False,True,False,True,False,0.0,0.0,0.0,0.0,0.0,0,1.045645330535152,0.8604407135362016,False,False,False,False,-0.0033110707413131044,-0.012774497127844389,False,False,False,False,2665608.0,1716007.0110289282,False,False,False,False,109798.20830270978,False,False,False,False
2025-06-12 17:00:00+00:00,6.645,6.7,6.59,6.59,116780.0,,,,,,,,,,,,,,6.845962985457896,6.9065629040339065,6.636093158782477,6.627612347040635,6.629164619839361,6.645795478028587,6.656235903703121,6.614013259327971,6.622456525769261,,,,,,,,,,,,,,,,,,,6.517683729591109,6.950215410144181,6.94685528185678,6.839107646399076,6.631034498747992,6.635812863439101,6.629813765832073,6.653424477203973,,,,6.845962985457896,6.705167344423383,"rgba(239, 83, 80, 0.5)",0.2246729354593757,6.7356311344657795,-0.6481917110666497,34.13965684519173,-11.351347416093652,False,True,False,True,False,0.0,0.0,0.0,0.0,0.0,0,1.0495824634655528,0.8616910229645093,False,False,False,False,0.007725883631812613,-0.002524306748015888,False,False,False,False,2548828.0,1728918.964346309,False,False,False,False,109906.45313522591,False,False,False,False
2025-06-12 18:00:00+00:00,6.59,6.605,6.55,6.555,135908.0,,,,,,,,,,,,,,6.8365130469545905,6.901730459963862,6.635528531593091,6.627175486338951,6.628735062436983,6.645295700484555,6.65567929349967,6.613770945913073,6.6221813046515745,,,,,,,,,,,,,,,,,,,6.5226854141327735,6.943702751035717,6.940445682428016,6.8357583508526165,6.630501369787066,6.635298015843505,6.629383452792251,6.652931316767056,,,,6.8365130469545905,6.703371540322079,"rgba(239, 83, 80, 0.5)",0.22630207827290386,6.733101620848986,-0.787008330671222,33.40355989084598,-11.351347416093652,False,True,False,True,False,0.0,0.0,0.0,0.0,0.0,0,1.042297650130548,0.8746736292428199,False,False,False,False,-0.022077185315495254,-0.012300746031755572,False,False,False,False,2412920.0,1739523.631565746,False,False,False,False,110309.5778928193,False,False,False,False
2025-06-12 19:00:00+00:00,6.555,6.58,6.545,6.57,215835.0,,,,,,,,,,,,,,6.82250918802321,6.894223429560233,6.6345844826039375,6.626435668415371,6.628008562549812,6.644463594778466,6.654759227460565,6.6133482273369495,6.6217087962776136,,,,,,,,,,,,,,,,,,,6.528263153812516,6.933673974311957,6.930571404438726,6.830510446664013,6.6296051777744305,6.634435383788145,6.628656174299078,6.652113498064087,,,,6.82250918802321,6.700462964127007,"rgba(239, 83, 80, 0.5)",0.22784491722729122,6.729106787449998,-0.69831177006805,33.485623970949476,-11.351347416093652,False,True,False,True,False,0.0,0.0,0.0,0.0,0.0,0,1.0375782881002082,0.8783924843423797,False,False,False,False,-0.02870355262533833,-0.02050214932854695,False,False,False,False,2628755.0,1753310.1644096877,False,False,False,False,111945.63094874457,False,False,False,False
2025-06-13 14:00:00+00:00,6.45,6.525,6.42,6.495,114341.0,,,,,,,,,,,,,,6.813399529027292,6.889388374859229,6.633496036398494,6.62551838479654,6.6271201607273795,6.6435656319085385,6.6538248917352965,6.61273873542809,6.621091156359119,,,,,,,,,,,,,,,,,,,6.525112876533406,6.927397394330063,6.924379948254295,6.826947998626497,6.628528611126481,6.633437924097781,6.627771876823696,6.651269631190789,,,,6.813399529027292,6.697940538954293,"rgba(239, 83, 80, 1.0)",0.23052867168418195,6.7258602665868095,-1.0014384106766627,32.145604515163704,-12.823766433275992,False,True,False,True,False,0.0,0.0,0.0,0.0,0.0,0,1.0237358101135188,0.8818369453044376,False,False,False,False,-0.06853521494719074,-0.044518682137868845,False,False,False,False,2514414.0,1765110.2238762043,False,False,False,False,111982.76845341519,False,False,False,False
2025-06-13 15:00:00+00:00,6.495,6.515,6.455,6.5,44928.0,,,,,,,,,,,,,,6.810054735978315,6.887564941433756,6.633100126654063,6.625185646761944,6.626797522419146,6.643236880967804,6.6534814552479045,6.612518697185381,6.620867034658234,,,,,,,,,,,,,,,,,,,6.524234832314316,6.925032476904676,6.922047159396897,6.825607721467695,6.62813801977512,6.633074823585827,6.627450601641668,6.650959539001817,,,,6.810054735978315,6.697020718552621,"rgba(239, 83, 80, 0.5)",0.2331043342167526,6.724675392501223,-0.9638404762234412,31.469497788771513,-13.807063173905476,False,True,False,True,False,0.0,0.0,0.0,0.0,0.0,0,1.0272633744855966,0.8822016460905352,False,False,False,False,-0.06299290566968707,-0.05375579390377796,False,False,False,False,2559342.0,1777423.8948238601,False,False,False,False,110943.15964018395,False,False,False,False
2025-06-13 16:00:00+00:00,6.495,6.525,6.49,6.495,19497.0,,,,,,,,,,,,,,6.808684233644881,6.886805177489388,6.632944941243447,6.625055950870457,6.626671582589021,6.643107028823319,6.653344983661986,6.612433819424415,6.620779897871958,,,,,,,,,,,,,,,,,,,6.524010448957747,6.924045344505165,6.92107359942923,6.825052381135881,6.627985497360971,6.632932454521061,6.627325125762474,6.650836458244247,,,,6.808684233644881,6.696652289737392,"rgba(239, 83, 80, 0.5)",0.2355858138251974,6.724198678582423,-0.9728882858476611,30.915480254545137,-14.691218125313995,False,True,False,True,False,0.0,0.0,0.0,0.0,0.0,0,1.02954898911353,0.8900984966303783,False,False,False,False,-0.053026250766274506,-0.05339102233502623,False,False,False,False,2539845.0,1789244.377074653,False,False,False,False,109525.38972328186,False,False,False,False
2025-06-13 17:00:00+00:00,6.495,6.495,6.4,6.425,66477.0,,,,,,,,,,,,,,6.803151658138348,6.8838129871361415,6.63216140857089,6.624386797174676,6.626024594802137,6.642466296316541,6.652685863525909,6.61197798620827,6.620324074637745,,,,,,,,,,,,,,,,,,,6.521043994626692,6.920212600093066,6.917289773442108,6.822803260904999,6.627205442999468,6.632213297376142,6.62668164838036,6.650238813340869,,,,6.803151658138348,6.694981205745551,"rgba(239, 83, 80, 1.0)",0.2395721599431468,6.722085504841379,-1.2400668963867971,29.160699391984647,-16.657540913420647,False,True,False,True,False,0.0,0.0,0.0,0.0,0.0,0,1.0144329896907218,0.8922680412371136,False,False,False,False,-0.07963280118770934,-0.06651191176136778,False,False,False,False,2473368.0,1799850.9448719453,False,False,False,False,108857.97282834725,False,False,False,False
2025-06-13 18:00:00+00:00,6.425,6.445,6.405,6.44,38001.0,,,,,,,,,,,,,,6.799977911938265,6.882082325515457,6.631693200834263,6.623985822974002,6.62563698705206,6.642083838981982,6.652293279982369,6.6117034053865185,6.620050145556322,,,,,,,,,,,,,,,,,,,6.519242635267411,6.918003728019809,6.915108639912135,6.821496055417347,6.626738768483943,6.631783337998874,6.626296194212407,6.649882516624254,,,,6.799977911938265,6.694003458479848,"rgba(239, 83, 80, 1.0)",0.24245584719252022,6.720853986309054,-1.1583716769925685,28.796823274482854,-17.28768663930559,False,True,False,True,False,0.0,0.0,0.0,0.0,0.0,0,1.013395157135497,0.8985059247810407,False,False,False,False,-0.0896373143918888,-0.07807461307662829,False,False,False,False,2511369.0,1810882.232548349,False,False,False,False,107759.4151100783,False,False,False,False
2025-06-13 19:00:00+00:00,6.445,6.46,6.4,6.43,292881.0,,,,,,,,,,,,,,6.777217279690024,6.869174054040634,6.628156127928459,6.620950075281763,6.622700281463713,6.639181735581544,6.649313386386537,6.609614641952987,6.617965089271429,,,,,,,,,,,,,,,,,,,6.507434537553518,6.9016250395447445,6.898931543358795,6.8117058068536345,6.623214802110341,6.628529920072162,6.623375364582368,6.647174674656894,,,,6.777217279690024,6.686839080019386,"rgba(239, 83, 80, 1.0)",0.24566902586666306,6.711871459174118,-1.1473626281528215,28.33146121876247,-18.033544642267618,False,True,False,True,False,0.0,0.0,0.0,0.0,0.0,0,1.0113052415210686,0.8987667009249741,False,False,False,False,-0.08741261221752818,-0.08274361264707823,False,False,False,False,2218488.0,1817201.7018111653,False,False,False,False,110629.5172013949,False,False,False,False
2025-06-16 14:00:00+00:00,6.335,6.335,6.265,6.265,61159.0,,,,,,,,,,,,,,6.7710165908715245,6.865731386739219,6.626916227120975,6.619866667227652,6.621655458370951,6.638182069877507,6.648305729218846,6.608845264301514,6.617211640062542,,,,,,,,,,,,,,,,,,,6.501543594410349,6.8973566984817145,6.894709015522694,6.808986962136163,6.621966899418225,6.627388372712244,6.622337560234132,6.6462542486732445,,,,6.7710165908715245,6.684604375610558,"rgba(255, 0, 0, 1.0)",0.25320925719241155,6.7091371751995394,-1.7540321397572116,25.221697744021014,-21.157248941328376,False,True,False,True,False,0.0,0.0,0.0,0.0,0.0,0,1.003549695740365,0.9006085192697766,False,False,False,False,-0.14560222391893038,-0.1141729182830043,False,False,False,False,2157329.0,1822474.9932559533,False,False,False,False,109862.53243858258,False,False,False,False
2025-06-16 15:00:00+00:00,6.265,6.28,6.225,6.235,81216.0,,,,,,,,,,,,,,6.762331332261244,6.860896899610321,6.62508270904653,6.618259369422014,6.62010585507143,6.636706277629831,6.646822392151154,6.607697165618361,6.616090316746537,,,,,,,,,,,,,,,,,,,6.49275709255983,6.891397991703554,6.888812009760781,6.8051343719743524,6.620118882821744,6.625699402761513,6.620798618374085,6.644897801668616,,,,6.762331332261244,6.681388734657759,"rgba(255, 0, 0, 1.0)",0.2613915119557776,6.7052220341992825,-1.7989185290715741,22.77483673936021,-23.513188105673475,False,True,False,True,False,0.0,0.0,0.0,0.0,0.0,0,1.0010141987829617,0.9066937119675458,False,False,False,False,-0.16708966881435305,-0.14063129354867868,False,False,False,False,2076113.0,1826407.3654535355,False,False,False,False,109418.40015271309,False,False,False,False
2025-06-16 16:00:00+00:00,6.235,6.235,6.2,6.2,96313.0,,,,,,,,,,,,,,6.751723076437901,6.854939552378184,6.622732151962711,6.6161932988613295,6.618114036042647,6.634814752710616,6.644924838855026,6.606213968652006,6.614644164432505,,,,,,,,,,,,,,,,,,,6.481716980485758,6.884095559367875,6.8815827820527895,6.80035142944814,6.617747602217796,6.62353262932788,6.618820662127614,6.64316076485677,,,,6.751723076437901,6.67737107354221,"rgba(255, 0, 0, 1.0)",0.27031499810074006,6.700351343620949,-1.850993644956687,20.7152382688851,-25.45711575749768,False,True,False,True,False,0.0,0.0,0.0,0.0,0.0,0,1.0087674058793192,0.9092315626611657,False,False,False,False,-0.1856848834337346,-0.16315808849120664,False,False,False,False,1979800.0,1828785.5458341008,False,False,False,False,109215.21565422142,False,False,False,False
2025-06-16 17:00:00+00:00,6.2,6.215,6.165,6.18,66987.0,,,,,,,,,,,,,,6.744252160348537,6.850701651861429,6.6210145331516,6.614680611750988,6.6166556067607685,6.633431926271233,6.643539200334243,6.60512396748545,6.613582407078687,,,,,,,,,,,,,,,,,,6.1866666666666665,6.473871407782483,6.878923031583249,6.876460834298759,6.796930678556653,6.616013973657071,6.621948266122208,6.617372425326613,6.641891299849271,,,,6.744252160348537,6.64739225827144,"rgba(255, 0, 0, 1.0)",0.2785030447696234,6.67349877125765,-1.7719690341837038,19.09787676703877,-26.99181762416748,False,True,False,True,False,0.0,0.0,0.0,0.0,0.0,0,1.0056876938986556,0.9131334022750776,False,False,False,False,-0.21644278306485476,-0.18980043577803068,False,False,False,False,1912813.0,1830088.297061479,False,False,False,False,108560.51463632651,False,False,False,False
2025-06-16 18:00:00+00:00,6.185,6.215,6.18,6.215,33102.0,,,,,,,,,,,,,,6.740741008408426,6.8486793162289255,6.620203125300159,6.6139659900501115,6.615966343351479,6.632777114989802,6.642882434077598,6.604608795380119,6.613080083497766,,,,,,,,,,,,,,,,,,6.192178760902796,6.470362667290418,6.876456078620548,6.874018051362629,6.795300117172492,6.615195484696757,6.621199394550536,6.616687903192359,6.6412894614681965,,,,6.740741008408426,6.6464217850300615,"rgba(255, 0, 0, 1.0)",0.28572730021839887,6.67217386140274,-1.6000356320634896,20.262910768029947,-26.99181762416748,False,True,False,True,False,0.0,0.0,0.0,0.0,0.0,0,1.0005173305742368,0.9161924469736159,False,False,False,False,-0.21382641663386828,-0.2018134262059495,False,False,False,False,1945915.0,1831884.0598977352,False,False,False,False,107390.61518460052,False,False,False,False
2025-06-16 19:00:00+00:00,6.215,6.255,6.195,6.235,177939.0,,,,,,,,,,,,,,6.72346454899051,6.838434119826739,6.616153253258887,6.61039801852066,6.612522381704856,6.629494020298715,6.639584220583867,6.602033113138424,6.610564268504455,,,,,,,,,,,,,,,,,,6.215317827700807,6.454588777457782,6.863979086205904,6.861663286537726,6.787050119355944,6.611114488497794,6.617457447103864,6.6132669361984435,6.638265461761037,,,,6.72346454899051,6.641408409758134,"rgba(239, 83, 80, 1.0)",0.29201999191096595,6.6654449187756555,-1.4740255143452425,22.301470887432394,-26.99181762416748,False,True,False,True,True,0.0,0.0,0.0,0.0,0.0,0,1.0015479876160989,0.9122807017543858,False,False,False,False,-0.20353397412478924,-0.20267370016536937,False,False,False,False,2123854.0,1836410.7256357549,False,False,False,False,108484.38859259122,False,False,False,False
2025-06-17 14:00:00+00:00,6.265,6.325,6.26,6.315,147609.0,,,,,,,,,,,,,,6.711942817609206,6.83115714232435,6.613465858573993,6.60803379985555,6.610235881358962,6.627290080226256,6.637357657258401,6.600327723958247,6.60888875653855,,,,,,,,,,,,,,,,,,6.244685224733752,6.446659689225901,6.855114129431443,6.85288737293177,6.781241129112929,6.608415581304344,6.614968805216798,6.610994379658404,6.6362230326913405,,,,6.711942817609206,6.638882725667234,"rgba(239, 83, 80, 1.0)",0.2960957204616112,6.661704796540194,-1.1709213358426231,28.087057919221934,-26.346251445680473,False,True,False,True,True,0.0,0.0,0.0,0.0,0.0,0,1.0040983606557374,0.9042008196721311,False,False,False,False,-0.17307615890444134,-0.18787492953490537,False,False,False,False,2271463.0,1843155.7221375261,False,False,False,False,109090.9717151867,False,False,False,False
2025-06-17 15:00:00+00:00,6.315,6.355,6.285,6.33,106750.0,,,,,,,,,,,,,,6.704443762139807,6.82624170267471,6.611693205822066,6.606474153149488,6.608725843751962,6.625826814133696,6.635875646292693,6.599201239592516,6.607778942214128,,,,,,,,,,,,,,,,,,6.260455116923089,6.442248677319588,6.8491370051927145,6.846970371078254,6.777325242109718,6.606638215506446,6.6133247474523165,6.609493092586226,6.634862705523212,,,,6.704443762139807,6.637039804636813,"rgba(239, 83, 80, 1.0)",0.2996134446519734,6.659090898703198,-1.0983849509339112,32.681366630214995,-22.32509442856893,False,True,False,True,True,0.0,0.0,0.0,0.0,0.0,0,1.0066326530612244,0.902551020408163,False,False,False,False,-0.23106638028968465,-0.209470654912295,False,False,False,False,2378213.0,1851451.1838098124,False,False,False,False,109054.67758006752,False,False,False,False
2025-06-17 16:00:00+00:00,6.325,6.365,6.325,6.345,92119.0,,,,,,,,,,,,,,6.698556233934991,6.822255297858321,6.610294466532822,6.605243884612045,6.607533450975035,6.6246650151457525,6.634695837268573,6.598312260114949,6.606900571816217,,,,,,,,,,,,,,,,,,6.272926078105468,6.4393369838718675,6.844294194632045,6.842176532869941,6.774158221555576,6.605238116067853,6.612025741363655,6.608307250558075,6.6337792789965375,,,,6.698556233934991,6.63559441201554,"rgba(239, 83, 80, 1.0)",0.3023785140610535,6.657039853405598,-1.0319511436668873,36.51160265693902,-19.044440646250127,False,False,False,True,True,0.0,0.0,0.0,0.0,0.0,0,1.008307372793354,0.909657320872274,False,False,False,False,-0.22412416166117696,-0.216797408286736,False,False,False,False,2470332.0,1861046.235223614,False,False,False,False,108792.10893541532,False,False,False,False
2025-06-17 17:00:00+00:00,6.345,6.355,6.31,6.325,55168.0,,,,,,,,,,,,,,6.694976057333508,6.819825347372067,6.609416828559122,6.604470483441985,6.606783995829159,6.623936758684454,6.63395749923565,6.597751491118803,6.606347373947855,,,,,,,,,,,,,,,,,,6.277558672736243,6.437411017056938,6.841352434509199,6.839263896937811,6.772218162770515,6.604358861324708,6.611210436717455,6.60756198592013,6.6331008065110915,,,,6.694976057333508,6.634527895000371,"rgba(239, 83, 80, 1.0)",0.3047923085501934,6.655620851691543,-1.0847414531692354,38.2394769402778,-17.618844695537,False,False,False,True,True,0.0,0.0,0.0,0.0,0.0,0,0.998963730569948,0.9119170984455957,False,False,False,False,-0.23115653544902584,-0.2239769718678809,False,False,False,False,2415164.0,1869637.208320922,False,False,False,False,107960.7274015329,False,False,False,False
2025-06-17 18:00:00+00:00,6.325,6.35,6.32,6.35,40447.0,,,,,,,,,,,,,,6.692465808593864,6.8180950515892595,6.608799766499767,6.603926770506981,6.606256850726592,6.623423199805255,6.6334361827500965,6.597357143901864,6.605957819216201,,,,,,,,,,,,,,,,,,6.281065811625175,6.436169032961052,6.839258706048498,6.837190946996992,6.770838443571631,6.603741153475835,6.61063682616183,6.6070377127070765,6.632621647544579,,,,6.692465808593864,6.633793270815697,"rgba(239, 83, 80, 0.5)",0.30744005494956633,6.654637589748129,-0.9908845150255486,40.81187332061136,-15.26281322068462,True,False,False,True,True,0.0,0.0,0.0,0.0,0.0,0,0.9999999999999998,0.9115364718054837,False,False,False,False,-0.2297482835328416,-0.22686262770036125,False,False,False,False,2455611.0,1878722.0733081945,False,False,False,False,106914.00294569519,False,False,False,False
2025-06-17 19:00:00+00:00,6.345,6.36,6.3,6.315,217144.0,,,,,,,,,,,,,,6.679025365252528,6.808730179179794,6.605352537499539,6.600881842058983,6.6033046062675025,6.620553305112758,6.630527285142927,6.595138307475864,6.603768919149643,,,,,,,,,,,,,,,,,,6.291244411488035,6.4290470758393,6.8279817731909915,6.826022887057881,6.7633265914202285,6.600287825938254,6.607429944048926,6.604101704499283,6.62994527825484,,,,6.679025365252528,6.629259435493181,"rgba(239, 83, 80, 1.0)",0.3106687787501265,6.648817570526243,-1.0745127716703557,40.945409177143475,-15.038117027661833,True,False,False,True,True,0.0,0.0,0.0,0.0,0.0,0,0.9979402677651905,0.9109165808444901,False,False,False,False,-0.23256568880103848,-0.22971415825069985,False,False,False,False,2238467.0,1884299.5140320985,False,False,False,False,108622.99514808752,False,False,False,False
2025-06-18 14:00:00+00:00,6.305,6.32,6.25,6.3,45716.0,,,,,,,,,,,,,,6.6760525802010156,6.806664322996793,6.6045481494207054,6.600168979762864,6.602613765918095,6.619885396783344,6.629852486877756,6.594615839845592,6.603255108190399,,,,,,,,,,,,,,,,,,6.291186537006649,6.427196617460267,6.825509497435903,6.823573482810216,6.761653525729794,6.599480608544466,6.606681409661799,6.603414810082274,6.629323745834774,,,,6.6760525802010156,6.628093159142372,"rgba(239, 83, 80, 1.0)",0.314399785663461,6.647379177554667,-1.1048963561524427,40.38310291045643,-15.038117027661833,True,False,False,True,True,0.0,0.0,0.0,0.0,0.0,0,0.9964065708418891,0.914271047227926,False,False,False,False,-0.2736441485604622,-0.251679153405581,False,False,False,False,2192751.0,1889081.707612996,False,False,False,False,107647.69289772956,False,False,False,False
2025-06-18 15:00:00+00:00,6.295,6.31,6.27,6.3,51930.0,,,,,,,,,,,,,,6.6727590439791395,6.8043525462233445,6.603649018109638,6.599371836360319,6.6018410372457135,6.619137602355404,6.629096689402011,6.594030992125825,6.602679683442169,,,,,,,,,,,,,,,,,,6.291294259441954,6.425203132766677,6.822745906892077,6.820835369778502,6.759780667931058,6.598578570676116,6.605844306016914,6.6026464441150985,6.628627390786199,,,,6.6727590439791395,6.6268041387582315,"rgba(239, 83, 80, 1.0)",0.31843901363590865,6.6457876201889095,-1.0858833414936726,40.0082320659984,-15.038117027661833,True,False,False,True,True,0.0,0.0,0.0,0.0,0.0,0,0.9948717948717948,0.9179487179487179,False,False,False,False,-0.2815119019930439,-0.26659552769931244,False,False,False,False,2192751.0,1893789.7586577556,False,False,False,False,106783.85269776476,False,False,False,False
2025-06-18 16:00:00+00:00,6.305,6.345,6.3,6.34,34527.0,,,,,,,,,,,,,,6.670799565856137,6.80293147786043,6.603121179809034,6.598904475175531,6.6013874468724225,6.61869551269068,6.628648240400135,6.593688510739295,6.60234143144748,,,,,,,,,,,,,,,,,,6.29249007266745,6.424253399995324,6.821044722448995,6.819150218940749,6.758636533596867,6.598050194787641,6.605352264021825,6.6021952489255336,6.62821415962405,,,,6.670799565856137,6.626105814214422,"rgba(239, 83, 80, 0.5)",0.3219744548090028,6.644902868516934,-0.9469784449136016,42.55129450800741,-12.660640720007464,True,False,False,True,True,0.0,0.0,0.0,0.0,0.0,0,0.9948078920041534,0.9252336448598131,False,False,False,False,-0.2620399104240931,-0.26431771906170276,False,False,False,False,2227278.0,1898960.118988643,False,False,False,False,105663.59141562886,False,False,False,False
2025-06-18 17:00:00+00:00,6.335,6.34,6.26,6.265,48692.0,,,,,,,,,,,,,,6.66775541460814,6.800774066796006,6.60227236289288,6.598151073293593,6.600656984403841,6.617988758194872,6.6279341459975525,6.593134440843029,6.601796394030246,,,,,,,,,,,,,,,,,,6.292309056192034,6.422399732910517,6.8184722522501096,6.816601137788825,6.756884248420132,6.5971985613025925,6.604561546443382,6.601468893718825,6.627555850661432,,,,6.66775541460814,6.624884162263779,"rgba(239, 83, 80, 1.0)",0.3266643040914826,6.643402954456792,-1.1583847690650035,40.66763708317197,-12.660640720007464,True,False,False,True,True,0.0,0.0,0.0,0.0,0.0,0,0.9803108808290156,0.9305699481865283,False,False,False,False,-0.2754989731943501,-0.26990834612802644,False,False,False,False,2178586.0,1903295.403965563,False,False,False,False,104780.31092856484,False,False,False,False
2025-06-18 18:00:00+00:00,6.265,6.315,6.235,6.235,72357.0,,,,,,,,,,,,,,6.6630085099554295,6.797436225686725,6.600913003865045,6.596942450647208,6.599485637684635,6.616859572210283,6.626795617609178,6.59224307894153,6.600921341250212,,,,,,,,,,,,,,,,,,6.290446632344577,6.4192069980585815,6.814505093933447,6.81266912063209,6.754157482059216,6.595833118020932,6.603295314056873,6.600304315636787,6.626505758522338,,,,6.6630085099554295,6.622862737284172,"rgba(239, 83, 80, 1.0)",0.3318730355297291,6.640956485273738,-1.2232282885705306,38.2791923905161,-12.660640720007464,True,False,False,True,False,0.0,0.0,0.0,0.0,0.0,0,0.9726944873776405,0.9350850077279752,False,False,False,False,-0.29056877798134095,-0.28023856205468367,False,False,False,False,2106229.0,1906441.6612684224,False,False,False,False,104277.62393742429,False,False,False,False
2025-06-18 19:00:00+00:00,6.235,6.245,6.215,6.245,85118.0,,,,,,,,,,,,,,6.657202850313317,6.793369425322429,6.599203119313911,6.595419538086665,6.5980100748493316,6.615441327160152,6.6253681680881655,6.5911165411628545,6.599817247684972,,,,,,,,,,,,,,,,,,6.286746814256763,6.415000959007076,6.80968839793914,6.807893951084579,6.750816394384873,6.594113971014353,6.601702346377213,6.598837448943574,6.625188433064059,,,,6.657202850313317,6.62027427822519,"rgba(239, 83, 80, 1.0)",0.3364723326376714,6.637856368065809,-1.1675740616951544,37.426787684974855,-12.660640720007464,True,False,False,True,False,0.0,0.0,0.0,0.0,0.0,0,0.9706488156539648,0.9423274974253345,False,False,False,False,-0.3180266518280231,-0.29913260694135335,False,False,False,False,2191347.0,1910858.7983030204,False,False,False,False,103980.57550428592,False,False,False,False
2025-06-19 14:00:00+00:00,6.245,6.245,6.245,6.245,0.0,,,,,,,,,,,,,,6.657202850313317,6.793369425322429,6.599203119313911,6.595419538086665,6.5980100748493316,6.615441327160152,6.6253681680881655,6.5911165411628545,6.599817247684972,,,,,,,,,,,,,,,,,,6.286746814256763,6.415000959007076,6.80968839793914,6.807893951084579,6.750816394384873,6.594113971014353,6.601702346377213,6.598837448943574,6.625188433064059,,,,6.657202850313317,6.62027427822519,"rgba(239, 83, 80, 1.0)",0.34082075022479047,6.637856368065809,-1.1526773760303566,36.85851788128069,-8.501662337499532,True,False,False,True,False,0.0,0.0,0.0,0.0,0.0,0,0.9731543624161075,0.9426948890036139,False,False,False,False,-0.3088242449946848,-0.30397842596801905,False,False,False,False,2191347.0,1915207.452592896,False,False,False,False,102368.47355848303,False,False,False,False
2025-06-19 15:00:00+00:00,6.245,6.245,6.245,6.245,0.0,,,,,,,,,,,,,,6.657202850313317,6.793369425322429,6.599203119313911,6.595419538086665,6.5980100748493316,6.615441327160152,6.6253681680881655,6.5911165411628545,6.599817247684972,,,,,,,,,,,,,,,,,,6.286746814256763,6.415000959007076,6.80968839793914,6.807893951084579,6.750816394384873,6.594113971014353,6.601702346377213,6.598837448943574,6.625188433064059,,,,6.657202850313317,6.62027427822519,"rgba(239, 83, 80, 1.0)",0.3449621600870118,6.637856368065809,-1.1388390192324764,36.47967134548458,-9.17764072273004,False,False,False,True,False,0.0,0.0,0.0,0.0,0.0,0,0.9724388975559025,0.9474778991159646,False,False,False,False,-0.3088242449946848,-0.30640133548135196,False,False,False,False,2191347.0,1919488.6858860294,False,False,False,False,100781.36544129725,False,False,False,False
2025-06-19 16:00:00+00:00,6.245,6.245,6.245,6.245,0.0,,,,,,,,,,,,,,6.657202850313317,6.793369425322429,6.599203119313911,6.595419538086665,6.5980100748493316,6.615441327160152,6.6253681680881655,6.5911165411628545,6.599817247684972,,,,,,,,,,,,,,,,,,6.286746814256763,6.415000959007076,6.80968839793914,6.807893951084579,6.750816394384873,6.594113971014353,6.601702346377213,6.598837448943574,6.625188433064059,,,,6.657202850313317,6.62027427822519,"rgba(239, 83, 80, 1.0)",0.3488178620726098,6.637856368065809,-1.1262507193052866,36.227106988287176,-9.768820545117137,False,False,False,True,False,0.0,0.0,0.0,0.0,0.0,0,0.9654088050314468,0.9544025157232702,False,False,False,False,-0.3088242449946848,-0.30761279023801835,False,False,False,False,2191347.0,1923703.5434691918,False,False,False,False,99218.8636515097,False,False,False,False
2025-06-19 17:00:00+00:00,6.245,6.245,6.245,6.245,0.0,,,,,,,,,,,,,,6.657202850313317,6.793369425322429,6.599203119313911,6.595419538086665,6.5980100748493316,6.615441327160152,6.6253681680881655,6.5911165411628545,6.599817247684972,,,,,,,,,,,,,,,,,,6.286746814256763,6.415000959007076,6.80968839793914,6.807893951084579,6.750816394384873,6.594113971014353,6.601702346377213,6.598837448943574,6.625188433064059,,,,6.657202850313317,6.62027427822519,"rgba(239, 83, 80, 1.0)",0.3529569429882475,6.637856368065809,-1.113043321204451,36.058730750155576,-10.29723595582081,False,False,False,True,False,0.0,0.0,0.0,0.0,0.0,0,0.9613756613756615,0.9603174603174601,False,False,False,False,-0.3088242449946848,-0.30821851761635155,False,False,False,False,2191347.0,1927853.0544231578,False,False,False,False,97680.58669567233,False,False,False,False
2025-06-19 18:00:00+00:00,6.245,6.245,6.245,6.245,0.0,,,,,,,,,,,,,,6.657202850313317,6.793369425322429,6.599203119313911,6.595419538086665,6.5980100748493316,6.615441327160152,6.6253681680881655,6.5911165411628545,6.599817247684972,,,,,,,,,,,,,,,,,,6.286746814256763,6.415000959007076,6.80968839793914,6.807893951084579,6.750816394384873,6.594113971014353,6.601702346377213,6.598837448943574,6.625188433064059,,,,6.657202850313317,6.62027427822519,"rgba(239, 83, 80, 1.0)",0.3567850944246536,6.637856368065809,-1.101100842509476,35.946479924734504,-10.774448100906845,False,False,False,True,False,0.0,0.0,0.0,0.0,0.0,0,0.9547631718999467,0.9627461415646619,False,False,False,False,-0.3088242449946848,-0.3085213813055182,False,False,False,False,2191347.0,1931938.2318739616,False,False,False,False,96166.15899496424,False,False,False,False
2025-06-19 19:00:00+00:00,6.245,6.245,6.245,6.245,0.0,,,,,,,,,,,,,,6.657202850313317,6.793369425322429,6.599203119313911,6.595419538086665,6.5980100748493316,6.615441327160152,6.6253681680881655,6.5911165411628545,6.599817247684972,,,,,,,,,,,,,,,,,,6.286746814256763,6.415000959007076,6.80968839793914,6.807893951084579,6.750816394384873,6.594113971014353,6.601702346377213,6.598837448943574,6.625188433064059,,,,6.657202850313317,6.62027427822519,"rgba(239, 83, 80, 1.0)",0.3603980282115098,6.637856368065809,-1.090062479019031,35.87164604112046,-11.20653671971941,False,False,False,True,False,0.0,0.0,0.0,0.0,0.0,0,0.9549839228295822,0.9630225080385851,False,False,False,False,-0.3088242449946848,-0.30867281315010153,False,False,False,False,2191347.0,1935960.0732402569,False,False,False,False,94675.21079349192,False,False,False,False
2025-06-20 14:00:00+00:00,6.125,6.135,6.045,6.1,101505.0,,,,,,,,,,,,,,6.648227013033637,6.787384795845886,6.596399750125247,6.5929128167043185,6.595585335891082,6.613139065484265,6.62306659667592,6.589251630235858,6.5980013559499495,,,,,,,,,,,,,,,,,,6.272490556309952,6.406474410985348,6.8026576287766005,6.8009187848346535,6.7458089164533455,6.59128479698704,6.599093661883421,6.596428365193125,6.623062864394473,,,,6.648227013033637,6.615677130320229,"rgba(239, 83, 80, 1.0)",0.36658649410154653,6.632518711943925,-1.4526413834450076,29.574152031935533,-17.219797048079293,False,True,False,True,False,0.0,0.0,0.0,0.0,0.0,0,0.9436842105263159,0.9626315789473682,False,False,False,False,-0.34282825441539394,-0.32575053378274776,False,False,False,False,2089842.0,1938345.8395466094,False,False,False,False,94781.09899824398,False,False,False,False
2025-06-20 15:00:00+00:00,6.095,6.11,6.05,6.06,102684.0,,,,,,,,,,,,,,6.639116110115804,6.7812623927772195,6.5934837612869,6.590301814821478,6.59305928876351,6.610741810683684,6.620671322013255,6.587303709493402,6.5961052966085525,,,,,,,,,,,,,,,,,,6.258670889326487,6.397774453630886,6.7954876175104815,6.793804237459277,6.74066737786865,6.588341449418225,6.596378491955538,6.593918592375115,6.620849290949864,,,,6.639116110115804,6.610996550392129,"rgba(255, 0, 0, 1.0)",0.3731414967228681,6.627084642676111,-1.5197576459776199,24.583282460948993,-21.657912143038565,False,True,False,True,False,0.0,0.0,0.0,0.0,0.0,0,0.9430979978925184,0.9704952581664907,False,False,False,False,-0.34282825441539394,-0.3342893940990709,False,False,False,False,1987158.0,1939102.6172280572,False,False,False,False,94903.62459517043,False,False,False,False
2025-06-20 16:00:00+00:00,6.065,6.085,6.055,6.06,80872.0,,,,,,,,,,,,,,6.632059123392471,6.776469194964658,6.591180826487327,6.58823755698726,6.591061657735367,6.608845477472047,6.618776692302802,6.585760121788537,6.594602694355852,,,,,,,,,,,,,,,,,,6.248721441145425,6.391101594658859,6.789887904963788,6.788247197984721,6.736633107192334,6.586017062848528,6.594232730406972,6.591933734591292,6.619097355619968,,,,6.632059123392471,6.6073814152721235,"rgba(239, 83, 80, 1.0)",0.3788375653243836,6.622882824200059,-1.4858157577854907,21.256036080291295,-24.449023236813538,False,True,False,True,False,0.0,0.0,0.0,0.0,0.0,0,0.9588675213675212,0.9716880341880342,False,False,False,False,-0.34282825441539394,-0.3385588242572324,False,False,False,False,1987158.0,1939847.6619221957,False,False,False,False,94686.08002780344,False,False,False,False
2025-06-20 17:00:00+00:00,6.055,6.09,6.055,6.085,60815.0,,,,,,,,,,,,,,6.626957749376892,6.772957086776795,6.5894950253436235,6.586725500719773,6.589597873278681,6.60745427906502,6.617386114007995,6.584627619462181,6.593499654607134,,,,,,,,,,,,,,,,,,6.242268383039948,6.386407481914432,6.785790775722692,6.784181128967251,6.733675853053957,6.584316138571385,6.592660923525721,6.590479185346961,6.617810912057929,,,,6.626957749376892,6.604793982491021,"rgba(239, 83, 80, 1.0)",0.38117217267952697,6.619867645048799,-1.4032179770334205,21.876555736697718,-24.449023236813538,False,True,False,True,False,0.0,0.0,0.0,0.0,0.0,0,0.9543991416309012,0.97156652360515,False,False,False,False,-0.3414100333106734,-0.33998442878395285,False,False,False,False,2047973.0,1941524.023752859,False,False,False,False,94160.94700411656,False,False,False,False
2025-06-20 18:00:00+00:00,6.085,6.09,6.065,6.065,32793.0,,,,,,,,,,,,,,6.624229229237502,6.771068862164481,6.588584695879297,6.585908560684906,6.588806908317991,6.606702431528101,6.616634630961225,6.584015040146773,6.592902991397191,,,,,,,,,,,,,,,,,,6.238919550207522,6.383907376458152,6.783590680038215,6.7819975864488695,6.73208416334094,6.583397671206406,6.591811870889444,6.589693191848514,6.617115500531942,,,,6.624229229237502,6.603409496738192,"rgba(239, 83, 80, 1.0)",0.38324358918141693,6.618254016453409,-1.443609318123553,21.655598197355115,-24.449023236813538,False,True,False,True,False,0.0,0.0,0.0,0.0,0.0,0,0.9516648764769067,0.9709989258861436,False,False,False,False,-0.33857754709827004,-0.33928098794111144,False,False,False,False,2015180.0,1942665.97687297,False,False,False,False,93209.50596529305,False,False,False,False
2025-06-20 19:00:00+00:00,6.065,6.115,6.025,6.08,428464.0,,,,,,,,,,,,,,6.590900998918987,6.747302520370412,6.576979001701042,6.575468694405115,6.5786907234188075,6.597069991067079,6.607003347968472,6.57614405473949,6.585231082462914,,,,,,,,,,,,,,,,,,6.204854904137406,6.354564189688068,6.756045020945898,6.754653133988188,6.711971157828223,6.571693676717446,6.58096816275594,6.5796388929208565,6.608190001896903,,,,6.590900998918987,6.5865205308850685,"rgba(239, 83, 80, 1.0)",0.3846772720133199,6.59853903230515,-1.3479845835217297,23.21465483607639,-24.449023236813538,False,True,False,True,True,0.0,0.0,0.0,0.0,0.0,0,0.9482666666666666,0.9669333333333331,False,False,False,False,-0.34282825441539394,-0.3410546211782527,False,False,False,False,2443644.0,1950433.0780067223,False,False,False,False,98407.25005885439,False,False,False,False
2025-06-23 14:00:00+00:00,6.155,6.235,6.125,6.21,103319.0,,,,,,,,,,,,,,6.5851365764048095,6.742762312036121,6.57488848927885,6.573584765413794,6.576859969378884,6.595304944203808,6.605228356532154,6.574714229653883,6.583828808096373,,,,,,,,,,,,,,,,,,6.204152820961819,6.350898464713609,6.750800429916911,6.749447734311657,6.708156264432123,6.569593317567055,6.579006295933855,6.577817963563137,6.606541340409023,,,,6.5851365764048095,6.583817949044882,"rgba(239, 83, 80, 1.0)",0.38424226357484853,6.595317767115567,-1.0027990245807752,33.77716867665269,-21.56733515269403,False,False,False,True,True,0.0,0.0,0.0,0.0,0.0,0,0.9547844374342793,0.9516298633017871,False,False,False,False,-0.2815811303123985,-0.3113178757453256,False,False,False,False,2546963.0,1959681.6039290987,False,False,False,False,98483.40122073262,False,False,False,False
2025-06-23 15:00:00+00:00,6.215,6.225,6.145,6.15,131814.0,,,,,,,,,,,,,,6.577718434129986,6.736904774279582,6.572139905340651,6.571104545952,6.574449633964343,6.592983512501241,6.602895627905121,6.572826999777181,6.58197907008587,,,,,,,,,,,,,,,,,,6.202400160894774,6.345991718867049,6.744054129201251,6.742750671536696,6.703215472937198,6.566830819990041,6.576425735190183,6.575420607890955,6.604373352846012,,,,6.577718434129986,6.580248065182785,"rgba(239, 83, 80, 1.0)",0.38296951399380996,6.591086260219903,-1.151752930984037,37.75137333900583,-18.325178315210678,True,False,False,True,True,0.0,0.0,0.0,0.0,0.0,0,0.9586603872318158,0.9529042386185242,False,False,False,False,-0.27884858467734974,-0.29508323021133764,False,False,False,False,2415149.0,1966743.1139457019,False,False,False,False,99000.15469017862,False,False,False,False
2025-06-23 16:00:00+00:00,6.155,6.165,6.11,6.13,64507.0,,,,,,,,,,,,,,6.5738497209930875,6.733889909535587,6.570680495664568,6.569786052049951,6.573168802366651,6.59175380970299,6.60166214283883,6.571821880056407,6.580995562553443,,,,,,,,,,,,,,,,,,6.200575185102167,6.343176495393161,6.740591836581224,6.739312854366589,6.700658148315517,6.5653625650162075,6.575055828125289,6.574146853985848,6.603226621407732,,,,6.5738497209930875,6.578317486891958,"rgba(239, 83, 80, 1.0)",0.38193300436048505,6.58881682784785,-1.2013018582044275,39.499973462079225,-16.976886746192626,True,False,False,True,True,0.0,0.0,0.0,0.0,0.0,0,0.9539614561027837,0.9823340471092075,False,False,False,False,-0.30497859349128403,-0.3000309118513108,False,False,False,False,2350642.0,1972695.034659722,False,False,False,False,98465.37709808283,False,False,False,False
2025-06-23 17:00:00+00:00,6.135,6.16,6.11,6.155,59110.0,,,,,,,,,,,,,,6.570416537315875,6.7311841397584535,6.56937205028225,6.568603269207303,6.572019427664573,6.5906491365055695,6.600553619774797,6.570918892170393,6.580111547580082,,,,,,,,,,,,,,,,,,6.1991489718565065,6.3407424979519575,6.73748814792073,6.7362310128168765,6.6983622918801675,6.564046597300833,6.573826883383892,6.57300374194272,6.602195631643267,,,,6.570416537315875,6.576604133164237,"rgba(239, 83, 80, 1.0)",0.3727652088123401,6.58680175379545,-1.1583746111156812,42.124564194303304,-14.611878153455507,True,False,False,True,True,0.0,0.0,0.0,0.0,0.0,0,0.9407965554359525,0.9860064585575885,False,False,False,False,-0.3063648233281555,-0.30319786758973316,False,False,False,False,2409752.0,1979471.1116417416,False,False,False,False,97855.21621284123,False,False,False,False
2025-06-23 18:00:00+00:00,6.155,6.165,6.12,6.125,37253.0,,,,,,,,,,,,,,6.568255809273253,6.729477186659049,6.5685419263661995,6.567852502678851,6.571289815893796,6.589947995555017,6.599850151474844,6.570345139273852,6.579549905822163,,,,,,,,,,,,,,,,,,6.19820992525372,6.3392007185904005,6.735532299163338,6.734288816478309,6.696912124357666,6.563211655676536,6.57304701773702,6.572278100384534,6.601541203024949,,,,6.568255809273253,6.575518460759083,"rgba(239, 83, 80, 1.0)",0.36837694902990786,6.5855265780653784,-1.2501503671121104,42.39123944048514,-14.268545307253149,True,False,False,True,True,0.0,0.0,0.0,0.0,0.0,0,0.9451980466630493,0.9837221920781333,False,False,False,False,-0.3022095355498567,-0.3027037015697949,False,False,False,False,2372499.0,1985564.5672752028,False,False,False,False,96915.64696923128,False,False,False,False
2025-06-23 19:00:00+00:00,6.125,6.14,6.105,6.105,203630.0,,,,,,,,,,,,,,6.556285173260551,6.720008260273888,6.563852505852643,6.563606168749213,6.567162932169537,6.5859859889651675,6.595877871538501,6.567092122714947,6.576367354567289,,,,,,,,,,,,,,,,,,6.1920196354891495,6.330375340664021,6.724712807366345,6.72354303347807,6.688837481112187,6.5584934750742665,6.568639721821313,6.5681737436426735,6.597843763904954,,,,6.556285173260551,6.569382076702485,"rgba(239, 83, 80, 1.0)",0.3610907774363068,6.578348761213801,-1.3108857683226083,41.62751298645723,-14.268545307253149,True,False,False,True,True,0.0,0.0,0.0,0.0,0.0,0,0.9457406402604446,0.9750406945198042,False,False,False,False,-0.31331325135015603,-0.3080084764599755,False,False,False,False,2168869.0,1988406.4964647344,False,False,False,False,98570.13306273158,False,False,False,False
2025-06-24 14:00:00+00:00,5.79,5.845,5.79,5.825,148586.0,,,,,,,,,,,,,,6.5423139047546055,6.709973940238968,6.558262049144964,6.558534329222378,6.562246444629408,6.581335399797958,6.5912512944676465,6.563203623189778,6.572591637268965,,,,,,,,,,,,,,,,,5.82,6.172493761532467,6.316021328246484,6.713316815370438,6.71221586719131,6.680103774917952,6.552843368586194,6.5634012490657785,6.563287853996495,6.593539584869833,,,,6.5423139047546055,6.522470327710086,"rgba(255, 0, 0, 1.0)",0.3564409026993453,6.530773032718943,-1.9800562375812858,34.31560859109548,-8.942334985171385,True,False,False,True,False,0.0,0.0,0.0,0.0,0.0,0,0.9426013691416535,0.9784096893101628,False,False,False,False,-0.34282825441539394,-0.3254183654376847,False,False,False,False,2020283.0,1988900.7058218701,False,False,False,False,99345.5728602086,False,False,False,False
2025-06-24 15:00:00+00:00,5.825,5.865,5.815,5.835,125730.0,,,,,,,,,,,,,,6.53118906857394,6.701827611325695,6.553712610234507,6.5544015903399035,6.558238002302572,6.577537769022382,6.587471316426387,6.560025134367485,6.569503148886644,,,,,,,,,,,,,,,,,5.8284029003047575,6.158283941339298,6.304917452039505,6.70408902380912,6.7030430278618605,6.673004135762154,6.548247402894198,6.559133413547086,6.55930385041608,6.590019964649631,,,,6.53118906857394,6.51696586126859,"rgba(255, 0, 0, 1.0)",0.3531451351590358,6.524203090222035,-1.951614284341362,29.97742338493151,-12.910719105578863,False,True,False,True,False,0.0,0.0,0.0,0.0,0.0,0,0.944736842105263,0.9778947368421048,False,False,False,False,-0.33216578905441796,-0.3287920772460513,False,False,False,False,2146013.0,1991336.5553440116,False,False,False,False,99754.63374609684,False,False,False,False
2025-06-24 16:00:00+00:00,5.835,5.85,5.815,5.845,96824.0,,,,,,,,,,,,,,6.522838615962597,6.695645298852611,6.550240039652458,6.551243842159344,6.55517417267855,6.574633054854951,6.584579725585714,6.5575907227552985,6.567136990637364,,,,,,,,,,,,,,,,,5.830558773867901,6.148085756036248,6.296682759021527,6.69710091410251,6.696095905365146,6.667607083882519,6.5447399587511805,6.5558733444776625,6.5562584859233715,6.587325843441829,,,,6.522838615962597,6.5126005941057254,"rgba(255, 0, 0, 1.0)",0.3481524337371842,6.519050554294948,-1.936078823460933,27.663639571847455,-15.04092614284994,False,True,False,True,False,0.0,0.0,0.0,0.0,0.0,0,0.9412690089145254,0.9785002621919241,False,False,False,False,-0.3357117471149218,-0.33225191218048655,False,False,False,False,2242837.0,1995235.7870441044,False,False,False,False,99709.1975639868,False,False,False,False
2025-06-24 17:00:00+00:00,5.845,5.89,5.84,5.875,127682.0,,,,,,,,,,,,,,6.512623300509372,6.687922109115598,6.545912799567968,6.547304610930757,6.551349774060397,6.571000126493371,6.580960472933429,6.554545315382387,6.564174252104115,,,,,,,,,,,,,,,,,5.84022781673623,6.136857468775602,6.28697414753406,6.6883888906589775,6.6874346144824335,6.660862780427033,6.540371710497034,6.551806318478419,6.552456592070577,6.583951057883046,,,,6.512623300509372,6.507638113612673,"rgba(255, 0, 0, 1.0)",0.3500345285413691,6.513106031336902,-1.8229802471086405,27.897786137969728,-15.04092614284994,False,True,False,True,False,0.0,0.0,0.0,0.0,0.0,0,0.9441836202399583,0.9744392279603544,False,False,False,False,-0.3204033537995266,-0.32632763299000656,False,False,False,False,2370519.0,2001054.1314310175,False,False,False,False,100142.88442345988,False,False,False,False
2025-06-24 18:00:00+00:00,5.875,5.875,5.825,5.825,26731.0,,,,,,,,,,,,,,6.510438046957869,6.686271415594072,6.544978428377669,6.546453490562635,6.550523448721717,6.570215591987058,6.580179205257498,6.553886500264096,6.56353351366002,,,,,,,,,,,,,,,,,5.840301000406556,6.134397701857441,6.284871102557721,6.686529553951607,6.685585927994175,6.6594181776780745,6.5394283187213595,6.550927962094913,6.551635137802797,6.583222353947784,,,,6.510438046957869,6.50646299359974,"rgba(255, 0, 0, 1.0)",0.3518067011228786,6.511726825328523,-1.9520004114096279,26.967210209142955,-16.177577009331188,False,True,False,True,False,0.0,0.0,0.0,0.0,0.0,0,0.9429164504411003,0.9761286974571871,False,False,False,False,-0.3274503327277145,-0.32688898285886053,False,False,False,False,2343788.0,2006367.834819684,False,False,False,False,99004.71567270855,False,False,False,False
2025-06-24 19:00:00+00:00,5.825,5.855,5.815,5.83,258290.0,,,,,,,,,,,,,,6.489779540820174,6.670492919271194,6.535970632113264,6.538238031252275,6.5425443386706545,6.562635304350586,6.572630125795018,6.5475090742405415,6.557329581030598,,,,,,,,,,,,,,,,,5.838005032045107,6.111963450612108,6.265165229825581,6.668802366858162,6.667958223444623,6.645578058194553,6.530334958724681,6.5424529778008065,6.543702482105539,6.57617591065735,,,,6.489779540820174,6.495119380937517,"rgba(255, 0, 0, 1.0)",0.35359256596075417,6.4984686609217235,-1.8905054157612518,26.665480652969997,-16.90849919346607,False,True,False,True,False,0.0,0.0,0.0,0.0,0.0,0,0.9421188630490958,0.9782945736434104,False,False,False,False,-0.33452886049296854,-0.33070892167591454,False,False,False,False,2602078.0,2015603.6513341076,False,False,False,False,101474.25496460454,False,False,False,False
2025-06-25 14:00:00+00:00,5.895,5.95,5.895,5.925,276623.0,,,,,,,,,,,,,,6.471856218185297,6.655977751908302,6.527776717803619,6.530743714560851,6.535253199177753,6.555668785588573,6.565676507929613,6.541648101351961,6.551612706854198,,,,,,,,,,,,,,,,,5.860262955153677,6.0980223067867145,6.249901652331019,6.65257518201041,6.651820944872337,6.63284722630215,6.522076809118862,6.534719830894559,6.5364508449977485,6.569671418297109,,,,6.471856218185297,6.486555940743408,"rgba(255, 0, 0, 1.0)",0.35211186541463424,6.488177478127182,-1.599427720119583,31.747255733126078,-16.90849919346607,False,False,False,True,True,0.0,0.0,0.0,0.0,0.0,0,0.9443593670239917,0.9703930576824904,False,False,False,False,-0.2936661343270828,-0.3121875280014986,False,False,False,False,2878701.0,2028985.0055769896,False,False,False,False,104189.73938375796,False,False,False,False
2025-06-25 15:00:00+00:00,5.925,5.96,5.855,5.955,192950.0,,,,,,,,,,,,,,6.460011352158654,6.646182561280336,6.522189864474733,6.52562351942269,6.530268311197847,6.550898710243335,6.560913744346561,6.537624696528792,6.547685731043133,,,,,,,,,,,,,,,,,5.869971965944799,6.089458266754104,6.240037626562906,6.641668387479911,6.640972797995742,6.62422969819881,6.5164483655081735,6.529439189782308,6.531492240857645,6.565210611278247,,,,6.460011352158654,6.480543560055723,"rgba(255, 0, 0, 1.0)",0.3494998098956921,6.481042782491109,-1.505130382325832,36.505290854786274,-20.101817476764992,True,False,False,True,True,0.0,0.0,0.0,0.0,0.0,0,0.9409090909090908,0.9696969696969691,False,False,False,False,-0.300600395826036,-0.30639396191376733,False,False,False,False,3071651.0,2045150.3698316098,False,False,False,False,105565.86745532759,False,False,False,False
2025-06-25 16:00:00+00:00,5.955,5.985,5.935,5.965,143209.0,,,,,,,,,,,,,,6.452150214965428,6.639456815794558,6.518370759596608,6.522117074500885,6.526851062843433,6.547618023220084,6.557634000727663,6.534856428946963,6.5449797008732,,,,,,,,,,,,,,,,,5.87937427966228,6.084971646209018,6.233933817725825,6.63420275390191,6.633546869554881,6.618310306542612,6.512604434364877,6.525822631047514,6.528092200515288,6.56213473308161,,,,6.452150214965428,6.476685671267086,"rgba(239, 83, 80, 1.0)",0.3473772127355735,6.476432527860652,-1.4722684998050204,40.1424319697923,-16.695072385123865,True,False,False,True,True,0.0,0.0,0.0,0.0,0.0,0,0.9523809523809524,0.9716312056737586,False,False,False,False,-0.27644834894598347,-0.2914211554298754,False,False,False,False,3214860.0,2063285.4028574764,False,False,False,False,106149.48191338452,False,False,False,False
2025-06-25 17:00:00+00:00,5.965,5.965,5.925,5.94,93636.0,,,,,,,,,,,,,,6.446955840960587,6.635013219668949,6.515820371967221,6.51977366576777,6.524567085464874,6.545426155027265,6.555443536674011,6.533003329184581,6.543168671566587,,,,,,,,,,,,,,,,,5.883392951525493,6.0817932098972545,6.229826448664957,6.629278745838384,6.6286485384980045,6.614390344742123,6.510037101886827,6.523406743858874,6.525819718510318,6.560079603034879,,,,6.446955840960587,6.473991856986261,"rgba(255, 0, 0, 1.0)",0.34504971570241055,6.473249828360297,-1.5454289747051981,41.49595644596383,-15.350853637326374,True,False,False,True,True,0.0,0.0,0.0,0.0,0.0,0,0.9530851606323305,0.9739928607853133,False,False,False,False,-0.2833157649356456,-0.2873684601827605,False,False,False,False,3121224.0,2079687.5516503837,False,False,False,False,105955.47444185917,False,False,False,False
2025-06-25 18:00:00+00:00,5.945,5.945,5.875,5.875,78688.0,,,,,,,,,,,,,,6.442289235850848,6.631082525110887,6.51352745718479,6.517666388726723,6.522513968521784,6.543459703290982,6.5534803591585735,6.531336853912132,6.54154161945089,,,,,,,,,,,,,,,,,5.884142261263219,6.078397537313902,6.225935284733359,6.624926835401344,6.624318833940844,6.610912647725239,6.507727554046516,6.521235671412921,6.523777145490511,6.558237835696587,,,,6.442289235850848,6.471395248328004,"rgba(255, 0, 0, 1.0)",0.343109876551806,6.470224391134124,-1.7347923560697953,39.96057346347341,-15.350853637326374,True,False,False,True,True,0.0,0.0,0.0,0.0,0.0,0,0.9486788617886178,0.9684959349593492,False,False,False,False,-0.29944275120144875,-0.2934056056921046,False,False,False,False,3042536.0,2094615.4345705328,False,False,False,False,105532.72290012492,False,False,False,False
2025-06-25 19:00:00+00:00,5.875,5.885,5.855,5.87,217424.0,,,,,,,,,,,,,,6.4291474982420205,6.6200248177219345,6.506991746074038,6.511654342498936,6.516655967009063,6.537851860579552,6.5478843816184815,6.52657327807088,6.536892109436195,,,,,,,,,,,,,,,,,5.882420970685667,6.068258082882648,6.214753461457308,6.612708490864683,6.612161308046366,6.60110147825334,6.501143207305943,6.515045077307738,6.517949230124089,6.552985485031102,,,,6.4291474982420205,6.463800147011052,"rgba(255, 0, 0, 1.0)",0.34063668526945196,6.461439707948865,-1.736277193635271,38.76341429484452,-15.350853637326374,True,False,False,True,True,0.0,0.0,0.0,0.0,0.0,0,0.9466463414634146,0.9740853658536581,False,False,False,False,-0.3180612145415329,-0.30573341011681876,False,False,False,False,2825112.0,2105940.9627167257,False,False,False,False,107267.47138229352,False,False,False,False
2025-06-26 14:00:00+00:00,5.86,5.905,5.84,5.895,46411.0,,,,,,,,,,,,,,6.426468847641951,6.6177368585524965,6.505635431131261,6.5104052223929605,6.51543824974161,6.53668463577116,6.546719165970074,6.525580677941674,6.535922715341261,,,,,,,,,,,,,,,,,5.8823596652233245,6.0663229896500415,6.212523601943768,6.610185856167056,6.609651046885937,6.599068944593185,6.4997772830722145,6.51375910444199,6.516737635140345,6.551890955687642,,,,6.426468847641951,6.4622562572257864,"rgba(255, 0, 0, 1.0)",0.3373130713567391,6.459653383062827,-1.6739742127148565,39.52550106753618,-15.350853637326374,True,False,False,True,True,0.0,0.0,0.0,0.0,0.0,0,0.9453164556962026,0.9721518987341768,False,False,False,False,-0.3168914113085347,-0.31131241071267673,False,False,False,False,2871523.0,2117810.451666854,False,False,False,False,106323.96019807192,False,False,False,False
2025-06-26 15:00:00+00:00,5.895,5.945,5.895,5.905,83564.0,,,,,,,,,,,,,,6.422015906671193,6.613846567307629,6.503343886805053,6.508292745122713,6.513377547543262,6.534704889110832,6.544740988385161,6.5238976196950995,6.53427724619923,,,,,,,,,,,,,,,,,5.883782975047677,6.063573277326432,6.208997504063769,6.605902950761595,6.605389135896484,6.595614795805326,6.497471027184843,6.511583915006653,6.514686972319951,6.550031374309346,,,,6.422015906671193,6.459764806555907,"rgba(255, 0, 0, 1.0)",0.3329351044630054,6.456754562695655,-1.6572435747969119,40.66316084002346,-15.177053358549337,True,False,False,True,True,0.0,0.0,0.0,0.0,0.0,0,0.9509109311740891,0.9696356275303639,False,False,False,False,-0.2948199230660001,-0.3030661668893384,False,False,False,False,2955087.0,2130791.4834239567,False,False,False,False,105971.09259810181,False,False,False,False
2025-06-26 16:00:00+00:00,5.905,5.93,5.88,5.92,56345.0,,,,,,,,,,,,,,6.419027736260357,6.611229074720066,6.5017957235630135,6.50686486554257,6.511984492264077,6.533366387099372,6.543403598874599,6.522758729748261,6.5331637453926765,,,,,,,,,,,,,,,,,5.884531798240611,6.0617144229023125,6.206627113287099,6.603024080833937,6.602524240148273,6.593288411900775,6.4959129596943,6.5101139235148535,6.513300672856624,6.5487738008444225,,,,6.419027736260357,6.458073988299379,"rgba(255, 0, 0, 1.0)",0.328560633810715,6.454791632387388,-1.6276801824514482,42.39725976959026,-13.163443640349897,True,False,False,True,True,0.0,0.0,0.0,0.0,0.0,0,0.9497206703910616,0.9746063991874044,False,False,False,False,-0.3017588232523529,-0.30241249507084567,False,False,False,False,3011432.0,2144444.824766221,False,False,False,False,105201.69581363512,False,False,False,False
2025-06-26 17:00:00+00:00,5.915,5.995,5.915,5.93,127464.0,,,,,,,,,,,,,5.946666666666666,6.412872681236625,6.605684898153932,6.498538253191843,6.503856619990652,6.50904723712184,6.530536349480681,6.540572784918636,6.5203510926315,6.530806731272531,,,,,,,,,,,,,,,,,5.888302925289236,6.058648168569705,6.202047043774134,6.596938521761856,6.596468129987161,6.588362770785727,6.492637281409936,6.507016433175014,6.510377094944928,6.546109324269708,,,,6.412872681236625,6.429292050431616,"rgba(255, 0, 0, 1.0)",0.3247908266578504,6.42165100445491,-1.5137465842680282,44.221817357796695,-11.120026769841623,True,False,False,True,True,0.0,0.0,0.0,0.0,0.0,0,0.9584178498985803,0.9609533468559834,False,False,False,False,-0.27873463353253614,-0.2905735643016909,False,False,False,False,3138896.0,2159862.672444264,False,False,False,False,105546.8478165245,False,False,False,False
2025-06-26 18:00:00+00:00,5.935,5.945,5.88,5.885,73320.0,,,,,,,,,,,,,5.930842696629212,6.409081911316129,6.602330523061631,6.496535974602447,6.502007364536445,6.507242327733366,6.528800883824707,6.53883865147804,6.518871340666304,6.529359547236514,,,,,,,,,,,,,,,,,5.888809960568557,6.056303020262028,6.199050120070676,6.593258950055827,6.592805979534302,6.585374239571519,6.49062253201613,6.505113474064974,6.5085807905855,6.544477292527754,,,,6.409081911316129,6.4264153790171035,"rgba(255, 0, 0, 1.0)",0.3210701419254754,6.41840959254848,-1.6613491038113775,42.91814585039084,-11.120026769841623,True,False,False,True,True,0.0,0.0,0.0,0.0,0.0,0,0.9555779909136798,0.9611307420494695,False,False,False,False,-0.2982858854857167,-0.2944297248937038,False,False,False,False,3065576.0,2173904.739538151,False,False,False,False,105047.20676510553,False,False,False,False
2025-06-26 19:00:00+00:00,5.885,5.915,5.875,5.905,237021.0,,,,,,,,,,,,,5.913242619431024,6.397086915612729,6.591626710593265,6.4901006078078405,6.496057158660846,6.501432795413145,6.5232114531586065,6.533253138030542,6.514097476837639,6.524689575795748,,,,,,,,,,,,,,,,,5.889746380899991,6.048951145873442,6.189603406132229,6.581542315756269,6.581143712942254,6.575819619121157,6.484148030806183,6.4989926063373655,6.502798557246627,6.539216968382854,,,,6.397086915612729,6.418838059741989,"rgba(255, 0, 0, 1.0)",0.316564298294934,6.409685657617638,-1.5942595559131454,43.5051443173885,-11.120026769841623,True,False,False,True,True,0.0,0.0,0.0,0.0,0.0,0,0.9540636042402827,0.9671882887430586,False,False,False,False,-0.30640043931283834,-0.30041508210327106,False,False,False,False,3302597.0,2191403.8443515124,False,False,False,False,107093.31208657674,False,False,False,False
2025-06-27 14:00:00+00:00,5.655,5.715,5.65,5.685,203573.0,,,,,,,,,,,,,5.840269547235275,6.382974491127264,6.579918448349266,6.48271455730335,6.489234640357793,6.494783373053214,6.516864576359161,6.526934681854172,6.508644262260566,6.519375492559939,,,,,,,,,,,,,,,,,5.873671789455349,6.034898331747991,6.176302649970945,6.568721035603563,6.568378542247905,6.565285236305082,6.4766993485718025,6.491986491144527,6.496183501846653,6.533273976108192,,,,6.382974491127264,6.4063557486731,"rgba(255, 26, 202, 1.0)",0.31513793633729353,6.395860626617204,-2.255712640881063,36.818589632295506,-8.061425791784849,True,False,False,True,False,0.0,0.0,0.0,0.0,0.0,0,0.9427443237907208,0.9708785784797626,False,False,False,False,-0.34282825441539394,-0.32162166825933247,False,False,False,False,3099024.0,2205475.4746716437,False,False,False,False,108589.12120151354,False,False,False,False
2025-06-27 15:00:00+00:00,5.685,5.725,5.67,5.675,163963.0,,,,,,,,,,,,,5.80967549356939,6.372111870390123,6.570774021930691,6.476912047628585,6.483867101441236,6.489549192727981,6.511862290179011,6.521953210815313,6.504338939407849,6.515177694039404,,,,,,,,,,,,,,,,,5.862831253445182,6.024541853580456,6.166225620888371,6.558733320300853,6.558433553897156,6.557042458568833,6.470849556102468,6.486476295365565,6.490975777126448,6.528584085224716,,,,6.372111870390123,6.398045781831482,"rgba(255, 26, 202, 1.0)",0.31310990212834233,6.3865261950375976,-2.2724487159334434,32.17546522904068,-12.259106350712187,False,True,False,True,False,0.0,0.0,0.0,0.0,0.0,0,0.9458394879369771,0.9689807976366319,False,False,False,False,-0.33627817572620533,-0.3289499219927689,False,False,False,False,2935061.0,2216786.8781651068,False,False,False,False,109447.63095032728,False,False,False,False
2025-06-27 16:00:00+00:00,5.675,5.685,5.65,5.665,113275.0,,,,,,,,,,,,,5.792041003349967,6.364554147036055,6.564401045220488,6.472835306315451,6.4800930538301165,6.485868337556817,6.5083445135534985,6.518450665706842,6.501306460393481,6.512221042464501,,,,,,,,,,,,,,,,,5.8551459650282975,6.017268685440618,6.159174995027551,6.551783017751847,6.551512402678526,6.551287142373377,6.466739484394181,6.48260332088829,6.487313437693739,6.525285084163244,,,,6.364554147036055,6.3924114555433444,"rgba(255, 26, 202, 1.0)",0.31015729807560394,6.380183324568609,-2.305872952227859,28.881693623120867,-15.161033872480317,False,True,False,True,False,0.0,0.0,0.0,0.0,0.0,0,0.9502982107355866,0.972664015904572,False,False,False,False,-0.34282825441539394,-0.3358890882040814,False,False,False,False,2821786.0,2226166.709511384,False,False,False,False,109506.97000536097,False,False,False,False
2025-06-27 17:00:00+00:00,5.665,5.675,5.63,5.635,76612.0,,,,,,,,,,,,,5.780850182068832,6.3593898487390845,6.560046563150471,6.470033406264399,6.477497952282583,6.483337128268885,6.505925725206265,6.516042743167824,6.499219051802097,6.510185981412115,,,,,,,,,,,,,,,,,5.849764414776089,6.0122437129502915,6.15432904831895,6.5470385113209275,6.546787525204967,6.5473495524515455,6.4639145322518745,6.4799408658390405,6.484794939096436,6.523016488853737,,,,6.3593898487390845,6.388585408671322,"rgba(255, 26, 202, 1.0)",0.30606788389107276,6.375875039881992,-2.420623263255101,26.086397585268617,-17.66431099286622,False,True,False,True,False,0.0,0.0,0.0,0.0,0.0,0,0.9453008453505719,0.9776230730979609,False,False,False,False,-0.34282825441539394,-0.3393586713097377,False,False,False,False,2745174.0,2234213.334170122,True,False,False,False,108996.97047039412,False,False,False,False
2025-06-27 18:00:00+00:00,5.635,5.66,5.615,5.655,145780.0,,,,,,,,,,,,,5.763280448807837,6.349720463479377,6.551843979414575,6.464732630822888,6.472584639410508,6.478543562766462,6.50134276435498,6.511479980740486,6.495259668515242,6.5063250608604495,,,,,,,,,,,,,,,,5.6433333333333335,5.840099542313151,6.002965057484907,6.145297717387014,6.5381135946479025,6.537899006683004,6.5399234800542665,6.458570808986405,6.474901130568011,6.480025197450459,6.5187156256402545,,,,6.349720463479377,6.346426556843882,"rgba(255, 26, 202, 1.0)",0.3012579930531108,6.326138135534614,-2.2277853235790968,25.734693994438366,-18.043923774309583,False,True,False,True,False,0.0,0.0,0.0,0.0,0.0,0,0.9418489065606365,0.9801192842942341,True,False,False,False,-0.34282825441539394,-0.3410934628625658,False,False,False,False,2890954.0,2244395.359996942,False,False,False,False,109567.24999798491,False,False,False,False
2025-06-27 19:00:00+00:00,5.66,5.68,5.635,5.675,194970.0,,,,,,,,,,,,,5.748694363480037,6.337544114070013,6.541336869286567,6.457918635926051,6.466259528756123,6.472368876929503,6.495430086775063,6.505590557195472,6.490144172238314,6.50133323532404,,,,,,,,,,,,,,,,5.6547769136708235,5.829683242909313,5.991912222726307,6.1341682844282,6.526709850180516,6.526540838426992,6.530397622083799,6.45170450576396,6.468414851107639,6.473880385064647,6.51315877239487,,,,6.337544114070013,6.3389508537494414,"rgba(255, 26, 202, 1.0)",0.2946176327879231,6.317475356782351,-2.180709113377574,27.007284458293242,-18.043923774309583,False,True,False,True,False,0.0,0.0,0.0,0.0,0.0,0,0.9458519622454049,0.976154992548435,False,False,False,False,-0.33432641358336873,-0.33770993822296724,False,False,False,False,3085924.0,2257442.315655904,False,False,False,False,110891.32364142699,False,False,False,False
2025-06-30 14:00:00+00:00,5.675,5.735,5.67,5.735,66578.0,,,,,,,,,,,,,5.747015808994435,6.3337855731745405,6.538006705655932,6.455763021260356,6.464255322130534,6.470410715597627,6.493550278216788,6.503716415480208,6.488516487916798,6.49974304938382,,,,,,,,,,,,,,,,5.664347994736429,5.82738819911262,5.98885042200292,6.1308758152876335,6.5231051089761225,6.5229503095024635,6.527376849078055,6.449533878626805,6.466359698929249,6.471931325819218,6.511388400589248,,,,6.3337855731745405,6.3370891133558,"rgba(255, 26, 202, 1.0)",0.28699276445035493,6.3152753217176825,-2.021916206943469,31.826954724204953,-18.043923774309583,False,True,False,True,True,0.0,0.0,0.0,0.0,0.0,0,0.9514851485148517,0.9678217821782171,False,False,False,False,-0.3153643558000284,-0.32653714701149783,False,False,False,False,3152502.0,2271319.20998682,False,False,False,False,110204.2953679165,False,False,False,False
2025-06-30 15:00:00+00:00,5.735,5.75,5.72,5.735,49817.0,,,,,,,,,,,,,5.746603661731524,6.3310998955159175,6.535597386266259,6.4542050615185715,6.462805708147637,6.468993859936631,6.49218850753793,6.502358160951763,6.487336943992499,6.498590050644067,,,,,,,,,,,,,,,,5.672047238841068,5.826044428535588,5.9867798207878895,6.128571824504581,6.5205003014203715,6.520355710282676,6.525190896630359,6.447965590366134,6.46487326903967,6.4705209306392515,6.510104662442831,,,,6.3310998955159175,6.335844471892058,"rgba(255, 26, 202, 1.0)",0.27759342230701056,6.313795190239826,-2.0850464878800143,35.040068234812765,-21.358989238270308,True,False,False,True,True,0.0,0.0,0.0,0.0,0.0,0,0.9598413485374319,0.9643034209221611,False,False,False,False,-0.3018055098999234,-0.3141713284557106,False,False,False,False,3152502.0,2284980.9586691945,False,False,False,False,109268.05823042941,False,False,False,False
2025-06-30 16:00:00+00:00,5.735,5.755,5.735,5.745,26038.0,,,,,,,,,,,,,5.746575417796539,6.329729116869112,6.534359501846161,6.453404720211022,6.462060703919669,6.468265537849688,6.491488064976563,6.5016593728935534,6.4867300717175205,6.497996665868511,,,,,,,,,,,,,,,,5.675978552639476,5.825432961935274,5.98575341031525,6.12740855747001,6.519162924202843,6.519023552456155,6.524067549192853,6.44716008348357,6.464109365712449,6.469795894634568,6.509444009852478,,,,6.329729116869112,6.335219335040155,"rgba(255, 26, 202, 1.0)",0.26473597249929126,6.31305095549443,-2.1457263632578325,37.85419377849679,-18.677639712758477,True,False,False,True,True,0.0,0.0,0.0,0.0,0.0,0,0.9661523145843703,0.9601791936286705,False,False,False,False,-0.29765534565592894,-0.3059133370558198,False,False,False,False,3178540.0,2298834.587216959,False,False,False,False,107977.66973073283,False,False,False,False
2025-06-30 17:00:00+00:00,5.745,5.75,5.715,5.725,46432.0,,,,,,,,,,,,,5.746070690556338,6.327238235419085,6.532119884752251,6.451951868067163,6.460708302432098,6.46694353443031,6.490217228067705,6.500391821442485,6.485628496091034,6.496919801610064,,,,,,,,,,,,,,,,5.6807146795313574,5.824166029074946,5.983831837329158,6.1252709038355535,6.5167434841133804,6.516613503544791,6.522033943342835,6.445697655290512,6.462722827495855,6.468479888032443,6.5082456733827705,,,,6.327238235419085,6.333938585135341,"rgba(255, 26, 202, 1.0)",0.2654777607285625,6.3115466603229695,-2.209400360743151,38.68778036687777,-17.751115095195594,True,False,False,True,True,0.0,0.0,0.0,0.0,0.0,0,0.9640000000000002,0.9624999999999995,False,False,False,False,-0.30284462462655487,-0.3043789808411873,False,False,False,False,3132108.0,2311753.5548570063,False,False,False,False,107023.47330079899,False,False,False,False
2025-06-30 18:00:00+00:00,5.725,5.755,5.725,5.745,24361.0,,,,,,,,,,,,,5.746001437942754,6.32596499537448,6.530966847071149,6.451204226925965,6.460012045442623,6.466262774946106,6.489562372567813,6.499738498301169,6.485060729107045,6.496364597709475,,,,,,,,,,,,,,,,5.683395032757136,5.823595380084464,5.982880978062197,6.124191367342628,6.515498761274759,6.5153735937362365,6.520986807668215,6.4449452297264465,6.462009009086257,6.467802181689231,6.507627830107557,,,,6.32596499537448,6.333306890329701,"rgba(255, 26, 202, 1.0)",0.2640277592558559,6.310802409036087,-2.142965613277792,40.731823125953525,-15.594440454868057,True,False,False,True,True,0.0,0.0,0.0,0.0,0.0,0,0.9623304871923657,0.9638372677046707,False,False,False,False,-0.2997291744617195,-0.3020540776514534,False,False,False,False,3156469.0,2324849.9183475953,False,False,False,False,105741.88456745326,False,False,False,False
2025-06-30 19:00:00+00:00,5.745,5.77,5.735,5.765,149886.0,,,,,,,,,,,,,5.7469422759634075,6.318449378462462,6.524079336925786,6.44673514237284,6.45584651426505,6.462188351156566,6.485638624461997,6.49582247281733,6.481656511122276,6.493034013245572,,,,,,,,,,,,,,,,5.698998080116083,5.820863280409909,5.9775448848107855,6.117936025916716,6.508074223397274,6.507977476591552,6.514728248657788,6.440448926888023,6.4577388178359065,6.463745670938255,6.503922247259664,,,,6.318449378462462,6.3296366906483446,"rgba(255, 26, 202, 1.0)",0.2591976184408647,6.306477451037567,-2.089052570369602,43.52321662838283,-12.757051355447672,True,False,False,True,True,0.0,0.0,0.0,0.0,0.0,0,0.9617513839959739,0.9617513839959736,False,False,False,False,-0.2945492535469703,-0.2983016655992119,False,False,False,False,3306355.0,2340067.05139647,False,False,False,False,106426.28945788034,False,False,False,False
2025-07-01 14:00:00+00:00,5.845,5.885,5.815,5.85,48205.0,,,,,,,,,,,,5.849999999999999,5.7497854693492885,6.316468862246686,6.522156447649142,6.44550278222234,6.454694735794439,6.461059933689828,6.484546044828141,6.494729716272807,6.4807085060295115,6.492104185360993,,,,,,,,,,,,,,,,5.708676802288449,5.821240844952547,5.976584566719859,6.11647736004738,6.506009959644789,6.505921054215486,6.512982297873686,6.439211005180678,6.456557815949484,6.462621781178926,6.50288613333125,,,,6.316468862246686,6.307314832037531,"rgba(255, 0, 0, 1.0)",0.2539305785815279,6.275233527965577,-1.6746054387815699,49.978322276120274,-6.666808371056476,True,False,False,False,True,0.0,0.0,0.0,0.0,0.0,0,0.9605,0.9589999999999994,False,False,False,False,-0.2546455777869758,-0.27647362169309386,False,False,False,False,3354560.0,2355795.624243036,False,False,False,False,105523.63380737056,False,False,False,False
2025-07-01 15:00:00+00:00,5.855,5.86,5.82,5.825,98713.0,,,,,,,,,,,,5.839921622946133,5.754342211229131,6.312336271153624,6.518165724543066,6.442931834879405,6.452291596354691,6.458705715419099,6.482267754548499,6.492451702314704,6.478730098426207,6.490164188465792,,,,,,,,,,,,,,,,5.723333636976264,5.82159651759416,5.974434730918222,6.113373975417504,6.501727228987602,6.501654430658858,6.509355203640141,6.436628024473023,6.4540942022235175,6.460277066318807,6.500726105979478,,,,6.312336271153624,6.30543226561218,"rgba(255, 0, 0, 1.0)",0.2494256104235209,6.273033443326502,-1.7962607871972225,52.5578072136808,-4.312978805906518,True,False,True,False,True,0.0,0.0,0.0,0.0,0.0,0,0.9568922305764413,0.9664160401002504,False,False,False,False,-0.25869993997986634,-0.26758678083648013,False,False,False,False,3255847.0,2369749.909138493,False,False,False,False,105418.04258555085,False,False,False,False
2025-07-01 16:00:00+00:00,5.825,5.85,5.805,5.815,113123.0,,,,,,,,,,,,5.8327053874837675,5.75832585637884,6.307573153679045,6.513571927837256,6.439956049420289,6.449508848803217,6.4559794494380185,6.47962974896658,6.489814431464433,6.476436919739192,6.487915692184929,,,,,,,,,,,,,,,,5.735069533275996,5.82164648773699,5.971850434053828,6.10975509106661,6.496801332025187,6.496746806782679,6.505174969908868,6.4336381298818495,6.4512421058466,6.457561788230777,6.49822479711571,,,,6.307573153679045,6.303142224605486,"rgba(255, 0, 0, 1.0)",0.2441615179483815,6.270368526906552,-1.8650298815836381,53.59090397222471,-3.2527797207762816,True,False,True,False,True,0.0,0.0,0.0,0.0,0.0,0,0.9479649665121073,0.9788768675940235,False,False,False,False,-0.2637796358071418,-0.26568320832181097,False,False,False,False,3142724.0,2381734.0035704537,False,False,False,False,105537.49928965083,False,False,False,False
2025-07-01 17:00:00+00:00,5.815,5.835,5.81,5.825,17987.0,,,,,,,,,,,,5.832099063163901,5.758917267456975,6.3068243360815694,6.512847087305379,6.43948551968606,6.449068648366505,6.455548116763075,6.479212240775149,6.489397009447061,6.476073773171522,6.487559568931277,,,,,,,,,,,,,,,,5.736686415993645,5.821654169444226,5.971447643978004,6.109187978955699,6.496024678973778,6.495973011195763,6.504514985970197,6.433165409033535,6.45079098624768,6.457132180081117,6.497828780319055,,,,6.3068243360815694,6.302792675970054,"rgba(255, 0, 0, 1.0)",0.24026145668329463,6.269961605911265,-1.8519891290670036,54.85013872488294,-1.828375606648578,True,False,True,False,True,0.0,0.0,0.0,0.0,0.0,0,0.9490644490644491,0.9786902286902285,False,False,False,False,-0.26581523182006783,-0.2657492200709394,False,False,False,False,3160711.0,2393811.1663057953,False,False,False,False,104180.12720764073,False,False,False,False
2025-07-01 18:00:00+00:00,5.825,5.83,5.795,5.805,12762.0,,,,,,,,,,,,5.831129194034641,5.759244884113615,6.306279830704072,6.51232379949001,6.4391448933409325,6.448750048683775,6.455235990651466,6.478910320088631,6.489095237957677,6.475811102905574,6.487302059034237,,,,,,,,,,,,,,,,5.737627074594933,5.821616635622023,5.971137574422497,6.108768261161854,6.495463818763411,6.4954142097043075,6.504038342861195,6.4328231280981445,6.450464511029801,6.456821315589737,6.497542534436922,,,,6.306279830704072,6.302497489422248,"rgba(255, 0, 0, 1.0)",0.23608417723081304,6.2696204033579,-1.9680285600150718,54.16162621698398,-1.828375606648578,True,False,True,False,True,0.0,0.0,0.0,0.0,0.0,0,0.9448204060385217,0.9755335762623633,False,False,False,False,-0.26989290836239,-0.2678210642166647,False,False,False,False,3147949.0,2405503.2257429147,False,False,False,False,102762.79190209591,False,False,False,False
2025-07-01 19:00:00+00:00,5.805,5.805,5.755,5.775,68512.0,,,,,,,,,,,,5.821062036021694,5.759880228514945,6.3031917447552885,6.50940176251004,6.437230821440792,6.446960556577582,6.453483523914652,6.477217611606669,6.487404437843456,6.474337608833352,6.485858494391358,,,,,,,,,,,,,,,,5.740250251450701,5.8208809960593735,5.969169973210021,6.106298308596995,6.492330107013751,6.492291932477469,6.501374414288374,6.4308989226220215,6.448631143513525,6.455076097736009,6.495939315405133,,,,6.3031917447552885,6.300416831308326,"rgba(255, 26, 202, 1.0)",0.23201574581548906,6.267235895828329,-2.1215624573160663,51.612038930286715,-1.828375606648578,True,False,False,False,False,0.0,0.0,0.0,0.0,0.0,0,0.9412681912681912,0.9760914760914757,False,False,False,False,-0.28320687023141944,-0.2755139672240421,False,False,False,False,3079437.0,2415951.8113903115,False,False,False,False,102231.77187260606,False,False,False,False
2025-07-02 14:00:00+00:00,5.705,5.72,5.68,5.68,180405.0,,,,,,,,,,,,5.7783668391676715,5.754517798323535,6.293941093051296,6.500935828759639,6.431599947955379,6.441700605991107,6.448336522648729,6.4722619018791745,6.482461359222654,6.4700170082076776,6.481631984725517,,,,,,,,,,,,,,,,5.733443997344203,5.815417315486918,5.961951622126795,6.098326942411802,6.48324104349651,6.4832354712011275,6.493638705512692,6.425232852390636,6.443244881731408,6.449951425032327,6.491255711123509,,,,6.293941093051296,6.292486857172287,"rgba(255, 26, 202, 1.0)",0.2309225914527522,6.258214113083488,-2.5039304705784646,45.30131911432249,1.7405982923240089,True,False,False,True,False,0.0,0.0,0.0,0.0,0.0,0,0.9363683393688569,0.9798241076047592,False,False,False,False,-0.3164119503879551,-0.2959629588059986,False,False,False,False,2899032.0,2423441.4267175933,False,False,False,False,103443.7599055889,False,False,False,False
2025-07-02 15:00:00+00:00,5.685,5.695,5.665,5.675,91942.0,,,,,,,,,,,,5.763806093257489,5.751512505976289,6.289218632247452,6.496609558972282,6.42870524089331,6.438994891723903,6.445688530568358,6.469712116155097,6.479918319895949,6.467791213765127,6.4794546136359426,,,,,,,,,,,,,,,5.678333333333333,5.7296499554602445,5.812488542478035,5.958218846852679,6.094235503197072,6.478601502331773,6.478612288756563,6.489680133271907,6.4223200443717126,6.440474942249519,6.447314856421315,6.488845236432793,,,,6.289218632247452,6.26218203922818,"rgba(255, 26, 202, 1.0)",0.22911586824376148,6.215890205617046,-2.360771472369522,40.90566887481165,-2.3070785491331094,True,False,False,True,False,0.0,0.0,0.0,0.0,0.0,0,0.9342650103519671,0.9813664596273288,False,False,False,False,-0.3248171715985259,-0.31039006520226226,False,False,False,False,2807090.0,2429389.4666134445,False,False,False,False,103265.43804658751,False,False,False,False
2025-07-02 16:00:00+00:00,5.675,5.76,5.675,5.76,91507.0,,,,,,,,,,,,5.759739221781561,5.750762774851661,6.284994020642948,6.4926264183993485,6.426049441843794,6.436508437892624,6.443253008146215,6.467360536125355,6.477570573780721,6.465737161436455,6.477442723684509,,,,,,,,,,,,,,,5.704936767166897,5.729779276318402,5.810805750660021,5.955289610977427,6.090753943789468,6.474340932466466,6.474366565457856,6.48603476043416,6.419649696886269,6.4379294851795095,6.44488935130914,6.486617250761831,,,,6.284994020642948,6.260758161304028,"rgba(255, 26, 202, 1.0)",0.2256409689016127,6.214255466958464,-2.0131781438881156,43.60197806042303,-2.3070785491331094,True,False,False,True,True,0.0,0.0,0.0,0.0,0.0,0,0.9447052686489305,0.973917579551382,False,False,False,False,-0.30909274954932514,-0.3097414073757937,False,False,False,False,2898597.0,2436664.0020147865,False,False,False,False,103083.13668152415,False,False,False,False
2025-07-02 17:00:00+00:00,5.755,5.78,5.75,5.775,54397.0,,,,,,,,,,,,5.760340459106966,5.751148694691431,6.282677289116859,6.490391357554897,6.424563112799065,6.4351150765964205,6.441887250566482,6.466039028856739,6.47625017133748,6.464582258800254,6.476310413039775,,,,,,,,,,,,,,,5.719435993598099,5.731194966749133,5.8102864884408225,5.953863604463839,6.088923928381677,6.471955073008211,6.471988939767928,6.4839888355804165,6.418156135021216,6.436503074986965,6.443528994322526,6.4853630361452534,,,,6.282677289116859,6.260195399257933,"rgba(255, 0, 0, 1.0)",0.22505328698331373,6.213616150096515,-1.9489435412202403,46.199339563665305,-2.3070785491331094,True,False,False,True,True,0.0,0.0,0.0,0.0,0.0,0,0.9497118910424307,0.9748559455212149,False,False,False,False,-0.28938465197985463,-0.29956302967782417,False,False,False,False,2952994.0,2444669.1182626192,False,False,False,False,102328.31285700439,False,False,False,False
2025-07-02 18:00:00+00:00,5.775,5.815,5.77,5.81,85541.0,,,,,,,,,,,,5.764105922027804,5.752723999655504,6.279285944277998,6.487049295312809,6.422345585490055,6.433033743426913,6.439845860269304,6.464059915126705,6.474271284349579,6.462851775319247,6.474612257053624,,,,,,,,,,,,,,,5.740305593607659,5.73486008754128,5.8100610170904305,5.952020212782858,6.086353214215305,6.468394260149555,6.4684403005427145,6.480928925096431,6.415929059814737,6.434372412505456,6.4414953785033395,6.483481728873304,,,,6.279285944277998,6.259601207523158,"rgba(255, 0, 0, 1.0)",0.22432224247381344,6.212953258812043,-1.7963143305286917,49.71176269651005,-7.560455842763432,True,False,False,False,True,0.0,0.0,0.0,0.0,0.0,0,0.9476987447698745,0.9712343096234304,False,False,False,False,-0.27807477405302794,-0.288818901865426,False,False,False,False,3038535.0,2453876.341235292,False,False,False,False,102068.04444061674,False,False,False,False
2025-07-02 19:00:00+00:00,5.815,5.845,5.805,5.82,105939.0,,,,,,,,,,,,5.7705809262085666,5.755527574378444,6.275366093591734,6.483103394395405,6.4197301013653885,6.4305756714713525,6.437433390986151,6.461716503145871,6.471926523777357,6.460801223276116,6.472598226590773,,,,,,,,,,,,,,,5.760793231716691,5.740462810477246,5.8103639930994895,5.950158597160861,6.08350278614459,6.46419878204429,6.464258983304607,6.477314414624663,6.413303758706644,6.431856260109626,6.439091738802807,6.481250536538643,,,,6.275366093591734,6.258952848779014,"rgba(255, 0, 0, 1.0)",0.2238302928560206,6.212242705421757,-1.752411170163049,52.54549013127084,-4.810969114867099,True,False,True,False,True,0.0,0.0,0.0,0.0,0.0,0,0.9503916449086164,0.9686684073107049,False,False,False,False,-0.26479716574314716,-0.2768080338042866,False,False,False,False,3144474.0,2464583.2816812564,False,False,False,False,102128.0592554909,False,False,False,False
2025-07-03 14:00:00+00:00,5.835,5.85,5.71,5.735,142945.0,,,,,,,,,,,,5.76986349699964,5.756009254608333,6.269513668628057,6.47738868662265,6.415895319795632,6.426974593489203,6.433901598157744,6.458295077389071,6.468507197412097,6.4578038480436515,6.469657934623255,,,,,,,,,,,,,,,5.761844021451375,5.742394406078363,5.809008457989435,5.9466135894284555,6.078912463956087,6.45811603482687,6.458196495958488,6.4720703705559695,6.409451425051314,6.428171519493152,6.435573490289252,6.477998934271414,,,,6.269513668628057,6.255746168918239,"rgba(255, 0, 0, 1.0)",0.2245152335368407,6.175436599104407,-1.9617225618329182,49.660580631629955,-4.810969114867099,True,False,False,False,True,0.0,0.0,0.0,0.0,0.0,0,0.9415718717683557,0.9700103412616333,False,False,False,False,-0.28320687023141944,-0.28000745201785304,False,False,False,False,3001529.0,2472908.0215001516,False,False,False,False,102760.88004222748,False,False,False,False
2025-07-03 15:00:00+00:00,5.735,5.795,5.72,5.76,121262.0,,,,,,,,,,,,5.76872975927908,5.756105363311771,6.26458896987601,6.472566954318345,6.412644309931967,6.423919705672591,6.4309049191683325,6.455391217723912,6.465605124142394,6.455257035855758,6.467159320955862,,,,,,,,,,,,,,,5.761230188998456,5.743392178109362,5.80775566733666,5.9436044876980585,6.075040391869414,6.452989490076939,6.453086750805929,6.467640564171425,6.406185718367277,6.425046380046367,6.4325881946106,6.475238040815067,,,,6.26458896987601,6.252898727527895,"rgba(255, 0, 0, 1.0)",0.22422840671598793,6.172205643152216,-1.8383292696465698,49.145257179946476,-4.810969114867099,True,False,False,False,False,0.0,0.0,0.0,0.0,0.0,0,0.9389233954451346,0.9834368530020702,False,False,False,False,-0.2924815938772239,-0.28624452294753844,False,False,False,False,3122791.0,2482983.7265931726,False,False,False,False,103047.71911134024,False,False,False,False
2025-07-03 16:00:00+00:00,5.765,5.81,5.745,5.805,66588.0,,,,,,,,,,,,5.769648636845284,5.75678394674346,6.262073943177777,6.470050571210187,6.4109494485301,6.42232493940243,6.429339494529402,6.453871259711378,6.464085025070617,6.453922926566024,6.465849267317232,,,,,,,,,,,,,,,5.763458471304787,5.744830305586195,5.8074732087177905,5.942239162351482,6.073140345688434,6.45031971981749,6.450425610728907,6.4653275909791414,6.4044841521598705,6.423415062145495,6.431028478032394,6.473790518820457,,,,6.262073943177777,6.25168835154071,"rgba(255, 0, 0, 1.0)",0.2229584456092226,6.17117238423648,-1.6423346657083708,51.08943679342368,-4.810969114867099,True,False,False,False,False,0.0,0.0,0.0,0.0,0.0,0,0.932910723718965,0.9984152139461174,False,False,False,False,-0.2842350275929097,-0.28523977527022404,False,False,False,False,3189379.0,2493935.5912971543,False,False,False,False,102482.45214837372,False,False,False,False
2025-07-03 17:00:00+00:00,5.81,5.81,5.795,5.8,0.0,,,,,,,,,,,,5.769648636845284,5.75678394674346,6.262073943177777,6.470050571210187,6.4109494485301,6.42232493940243,6.429339494529402,6.453871259711378,6.464085025070617,6.453922926566024,6.465849267317232,,,,,,,,,,,,,,,5.763458471304787,5.744830305586195,5.8074732087177905,5.942239162351482,6.073140345688434,6.45031971981749,6.450425610728907,6.4653275909791414,6.4044841521598705,6.423415062145495,6.431028478032394,6.473790518820457,,,,6.262073943177777,6.25168835154071,"rgba(255, 0, 0, 1.0)",0.22004692374278023,6.17117238423648,-1.686787426623403,52.087475300669325,-4.547355108755234,True,False,True,False,False,0.0,0.0,0.0,0.0,0.0,0,0.9321314952279959,0.9941675503711557,False,False,False,False,-0.2739793673296764,-0.27960957129995023,False,False,False,False,3189379.0,2504717.6596491365,False,False,False,False,100893.57692126714,False,False,False,False
2025-07-03 18:00:00+00:00,5.8,5.8,5.8,5.8,0.0,,,,,,,,,,,,5.769648636845284,5.75678394674346,6.262073943177777,6.470050571210187,6.4109494485301,6.42232493940243,6.429339494529402,6.453871259711378,6.464085025070617,6.453922926566024,6.465849267317232,,,,,,,,,,,,,,,5.763458471304787,5.744830305586195,5.8074732087177905,5.942239162351482,6.073140345688434,6.45031971981749,6.450425610728907,6.4653275909791414,6.4044841521598705,6.423415062145495,6.431028478032394,6.473790518820457,,,,6.262073943177777,6.25168835154071,"rgba(255, 0, 0, 1.0)",0.21653183607970541,6.17117238423648,-1.7141700313290276,52.75283430549976,-3.4745830612117814,True,False,True,False,False,0.0,0.0,0.0,0.0,0.0,0,0.9312366737739872,0.9962686567164177,False,False,False,False,-0.2750023736581971,-0.2773059724790736,False,False,False,False,3189379.0,2515332.5641507003,False,False,False,False,99329.33541861184,False,False,False,False
2025-07-03 19:00:00+00:00,5.8,5.8,5.8,5.8,0.0,,,,,,,,,,,,5.769648636845284,5.75678394674346,6.262073943177777,6.470050571210187,6.4109494485301,6.42232493940243,6.429339494529402,6.453871259711378,6.464085025070617,6.453922926566024,6.465849267317232,,,,,,,,,,,,,,,5.763458471304787,5.744830305586195,5.8074732087177905,5.942239162351482,6.073140345688434,6.45031971981749,6.450425610728907,6.4653275909791414,6.4044841521598705,6.423415062145495,6.431028478032394,6.473790518820457,,,,6.262073943177777,6.25168835154071,"rgba(255, 0, 0, 1.0)",0.21234866365241725,6.17117238423648,-1.747938404001608,53.19640697538672,-2.5655266163087234,True,False,True,False,True,0.0,0.0,0.0,0.0,0.0,0,0.9340836012861737,0.993033226152197,False,False,False,False,-0.2750023736581971,-0.2761541730686353,False,False,False,False,3189379.0,2525782.8964894493,False,False,False,False,97789.34572219924,False,False,False,False
2025-07-04 14:00:00+00:00,5.8,5.8,5.8,5.8,0.0,,,,,,,,,,,,5.769648636845284,5.75678394674346,6.262073943177777,6.470050571210187,6.4109494485301,6.42232493940243,6.429339494529402,6.453871259711378,6.464085025070617,6.453922926566024,6.465849267317232,,,,,,,,,,,,,,,5.763458471304787,5.744830305586195,5.8074732087177905,5.942239162351482,6.073140345688434,6.45031971981749,6.450425610728907,6.4653275909791414,6.4044841521598705,6.423415062145495,6.431028478032394,6.473790518820457,,,,6.262073943177777,6.25168835154071,"rgba(255, 0, 0, 1.0)",0.2083371963606114,6.17117238423648,-1.781594409065663,53.49212208864469,-1.7709960546984291,True,False,True,False,True,0.0,0.0,0.0,0.0,0.0,0,0.9329729729729729,0.9967567567567565,False,False,False,False,-0.2750023736581971,-0.2755782733634162,False,False,False,False,3189379.0,2536071.2081717835,False,False,False,False,96273.23183503337,False,False,False,False
2025-07-04 15:00:00+00:00,5.8,5.8,5.8,5.8,0.0,,,,,,,,,,,,5.769648636845284,5.75678394674346,6.262073943177777,6.470050571210187,6.4109494485301,6.42232493940243,6.429339494529402,6.453871259711378,6.464085025070617,6.453922926566024,6.465849267317232,,,,,,,,,,,,,,,5.763458471304787,5.744830305586195,5.8074732087177905,5.942239162351482,6.073140345688434,6.45031971981749,6.450425610728907,6.4653275909791414,6.4044841521598705,6.423415062145495,6.431028478032394,6.473790518820457,,,,6.262073943177777,6.25168835154071,"rgba(255, 0, 0, 1.0)",0.20333252842850744,6.17117238423648,-1.8254451813743429,53.68926549748333,-1.0638003740644422,True,False,True,False,True,0.0,0.0,0.0,0.0,0.0,0,0.9356081452944413,1.0022014309301042,False,False,False,False,-0.2750023736581971,-0.2752903235108066,False,False,False,False,3189379.0,2546200.011145864,False,False,False,False,94780.62358952897,False,False,False,False
2025-07-04 16:00:00+00:00,5.8,5.8,5.8,5.8,0.0,,,,,,,,,,,,5.769648636845284,5.75678394674346,6.262073943177777,6.470050571210187,6.4109494485301,6.42232493940243,6.429339494529402,6.453871259711378,6.464085025070617,6.453922926566024,6.465849267317232,,,,,,,,,,,,,,,5.763458471304787,5.744830305586195,5.8074732087177905,5.942239162351482,6.073140345688434,6.45031971981749,6.450425610728907,6.4653275909791414,6.4044841521598705,6.423415062145495,6.431028478032394,6.473790518820457,,,,6.262073943177777,6.25168835154071,"rgba(255, 0, 0, 1.0)",0.19889623352825075,6.17117238423648,-1.866160950623331,53.820694436709104,-0.4289582399503118,True,False,True,False,True,0.0,0.0,0.0,0.0,0.0,0,0.9225512528473805,1.0239179954441908,False,False,False,False,-0.2750023736581971,-0.2751463485845018,False,False,False,False,3189379.0,2556171.7784149204,False,False,False,False,93311.15655713317,False,False,False,False
2025-07-04 17:00:00+00:00,5.8,5.8,5.8,5.8,0.0,,,,,,,,,,,,5.769648636845284,5.75678394674346,6.262073943177777,6.470050571210187,6.4109494485301,6.42232493940243,6.429339494529402,6.453871259711378,6.464085025070617,6.453922926566024,6.465849267317232,,,,,,,,,,,,,,,5.763458471304787,5.744830305586195,5.8074732087177905,5.942239162351482,6.073140345688434,6.45031971981749,6.450425610728907,6.4653275909791414,6.4044841521598705,6.423415062145495,6.431028478032394,6.473790518820457,,,,6.262073943177777,6.25168835154071,"rgba(255, 0, 0, 1.0)",0.1945178377146991,6.17117238423648,-1.9081663080220028,53.908313729526284,0.1420696753800712,True,False,True,False,True,0.0,0.0,0.0,0.0,0.0,1,0.9339567504383403,1.0233781414377552,False,False,False,False,-0.2750023736581971,-0.2750743611213494,False,False,False,False,3189379.0,2565988.9446410458,False,False,False,False,91864.47195934816,False,False,False,False
2025-07-04 18:00:00+00:00,5.8,5.8,5.8,5.8,0.0,,,,,,,,,,,,5.769648636845284,5.75678394674346,6.262073943177777,6.470050571210187,6.4109494485301,6.42232493940243,6.429339494529402,6.453871259711378,6.464085025070617,6.453922926566024,6.465849267317232,,,,,,,,,,,,,,,5.763458471304787,5.744830305586195,5.8074732087177905,5.942239162351482,6.073140345688434,6.45031971981749,6.450425610728907,6.4653275909791414,6.4044841521598705,6.423415062145495,6.431028478032394,6.473790518820457,,,,6.262073943177777,6.25168835154071,"rgba(255, 0, 0, 1.0)",0.18980141352632096,6.17117238423648,-1.9555828238603061,53.966726591404395,0.6546725316446711,True,False,True,False,True,0.0,0.0,0.0,0.0,0.0,0,0.9327380952380954,1.0154761904761902,False,False,False,False,-0.2750023736581971,-0.2750383673897733,False,False,False,False,3189379.0,2575653.906739634,False,False,False,False,90440.21658013345,False,False,False,False
2025-07-04 19:00:00+00:00,5.8,5.8,5.8,5.8,0.0,,,,,,,,,,,,5.769648636845284,5.75678394674346,6.262073943177777,6.470050571210187,6.4109494485301,6.42232493940243,6.429339494529402,6.453871259711378,6.464085025070617,6.453922926566024,6.465849267317232,,,,,,,,,,,,,,,5.763458471304787,5.744830305586195,5.8074732087177905,5.942239162351482,6.073140345688434,6.45031971981749,6.450425610728907,6.4653275909791414,6.4044841521598705,6.423415062145495,6.431028478032394,6.473790518820457,,,,6.262073943177777,6.25168835154071,"rgba(255, 26, 202, 1.0)",0.18350442467114217,6.17117238423648,-2.022689016363816,54.005668499323136,1.112884007569285,True,False,True,False,True,0.0,0.0,0.0,0.0,0.0,0,0.9160120845921452,1.0283987915407853,False,False,False,False,-0.273335371849513,-0.2741868696196431,False,False,False,False,3189379.0,2585169.0244646007,False,False,False,False,89038.04267966627,False,False,False,False
2025-07-07 14:00:00+00:00,5.79,5.815,5.76,5.785,72884.0,,,,,,,,,,,,5.77055220735789,5.757492967754216,6.259351285748829,6.467317340551012,6.409104824745601,6.420588510236644,6.427634753974531,6.452215487954215,6.462428981792891,6.452468764939674,6.4644211159430505,,,,,,,,,,,,,,,5.765489078697006,5.7462986863619285,5.807172591111697,5.94077171801176,6.071089142841238,6.447421935452024,6.447537111757786,6.462813866834386,6.402632382541334,6.421639031001936,6.429329899574445,6.472213091688319,,,,6.259351285748829,6.250347164211845,"rgba(255, 26, 202, 1.0)",0.1791087042216012,6.169930175708554,-2.1491427643421592,51.80587542357968,1.112884007569285,True,False,False,False,False,0.0,0.0,0.0,0.0,0.0,0,0.9148936170212768,1.020668693009118,False,False,False,False,-0.2772537346885034,-0.2757203021540733,False,False,False,False,3116495.0,2593406.636488405,False,False,False,False,88787.59240556291,False,False,False,False
2025-07-07 15:00:00+00:00,5.785,5.845,5.785,5.835,84987.0,,,,,,,,,,,,5.773532290731258,5.759220650583025,6.256447810178421,6.464320188820709,6.4070877818720975,6.4186868074165035,6.425766236427408,6.450396099082319,6.460607621994514,6.450869828430456,6.4628489820679045,,,,,,,,,,,,,,,5.770689956993089,5.749261960839104,5.807412733878391,5.93947594593327,6.069023910968842,6.4442520455007815,6.444377247866969,6.460056648642854,6.400608979723247,6.419694011054161,6.42746778590052,6.470476283491087,,,,6.256447810178421,6.249242687321605,"rgba(255, 0, 0, 1.0)",0.1748716904136323,6.1692484487792125,-1.911392564391634,55.88736623696349,2.964647396532712,True,False,True,False,True,0.0,0.0,0.0,0.0,0.0,0,0.9186893203883498,1.0091019417475728,False,False,False,False,-0.2505282580836732,-0.26312428011887323,False,False,False,False,3201482.0,2602834.1615040884,False,False,False,False,88728.66849229837,False,False,False,False
2025-07-07 16:00:00+00:00,5.835,5.845,5.8,5.81,91311.0,,,,,,,,,,,,5.776173221390865,5.760882433833114,6.253347317506028,6.4611143273814315,6.4049237753855826,6.416645675566996,6.423760472058583,6.448442689364297,6.458652086937024,6.449151868085329,6.4611596746129845,,,,,,,,,,,,,,,5.775000222926118,5.752061487884502,5.807603733762284,5.938076297248375,6.066813386313238,6.4408638309572535,6.44099963481131,6.457105236970702,6.398438233869108,6.4176066941717425,6.425468847244321,6.46861100788986,,,,6.253347317506028,6.247952267659611,"rgba(255, 26, 202, 1.0)",0.17021099783444368,6.168227443064239,-2.1046080900875217,55.382105236188025,2.964647396532712,True,False,True,False,True,0.0,0.0,0.0,0.0,0.0,1,0.9370277078085644,1.007556675062972,False,False,False,False,-0.24518303192496993,-0.2541536560219216,False,False,False,False,3110171.0,2610699.84892263,False,False,False,False,88768.70463970459,False,False,False,False
2025-07-07 17:00:00+00:00,5.805,5.895,5.805,5.855,103887.0,,,,,,,,,,,,5.780918095118246,5.76369607887302,6.250138985026206,6.457692561009297,6.402619803777546,6.4144686788261644,6.4216192660963065,6.446351669161219,6.456556722251955,6.447311295778365,6.459347546449457,,,,,,,,,,,,,,,5.78215501846046,5.7564521291032875,5.808463422215043,5.936955180710933,6.06467643329133,6.4372573368910855,6.43740424247916,6.453953691444363,6.396128902672005,6.415380565782123,6.423334484884662,6.466609886981823,,,,6.250138985026206,6.246934434664525,"rgba(255, 0, 0, 1.0)",0.16502939951025689,6.167738696689701,-1.8950483830019857,58.6089056292099,5.387972829798059,True,False,True,False,True,0.0,0.0,0.0,0.0,0.0,0,0.9393939393939394,0.9974747474747472,False,False,False,False,-0.23028961162868064,-0.2422216338253011,False,False,False,False,3214058.0,2620054.2388618137,False,False,False,False,89003.09681583321,False,False,False,False
2025-07-07 18:00:00+00:00,5.855,5.88,5.835,5.875,52865.0,,,,,,,,,,,,5.783472309345226,5.7652430839872055,6.248573183569822,6.45599927258355,6.401479403472723,6.413390129448048,6.420557989578027,6.445313991551278,6.455516456219102,6.446397289966805,6.458447163510876,,,,,,,,,,,,,,,5.7858353694008136,5.758797007333925,5.809002831527521,5.936472294913908,6.063663887970638,6.435475223425277,6.435627551322684,6.452393348447779,6.394986246606383,6.414277771181732,6.42227649713443,6.465615776668284,,,,6.248573183569822,6.246470177355045,"rgba(255, 0, 0, 1.0)",0.15948678953458612,6.167539909640469,-1.8342579375643486,61.98136559026613,8.3981442422957,True,False,True,False,True,0.0,0.0,0.0,0.0,0.0,0,0.942857142857143,0.9968253968253965,False,False,False,False,-0.22643551660161437,-0.23432857521345773,False,False,False,False,3266923.0,2630083.2119027157,False,False,False,False,88442.8162450451,False,False,False,False
2025-07-07 19:00:00+00:00,5.875,5.915,5.87,5.905,152380.0,,,,,,,,,,,,5.79275499934881,5.7708728336152015,6.244514428652011,6.451443521398131,6.398421042793087,6.410491739639929,6.417703032136899,6.442513650800203,6.452705906154744,6.443928368430929,6.4560115406842025,,,,,,,,,,,,,,,5.798644854189499,5.766997064277288,5.811418454740947,5.935733697372817,6.061277744724205,6.430695471262818,6.430862075345019,6.4481934575411755,6.391924662789995,6.4113143854955235,6.41942970129584,6.462926141669673,,,,6.244514428652011,6.2456860336677815,"rgba(255, 0, 0, 1.0)",0.1536290137763283,6.16772889019946,-1.7101515120182476,65.79706158398159,11.743734819480935,True,False,True,False,True,0.0,0.0,0.0,0.0,0.0,0,0.944796954314721,0.9885786802030454,False,False,False,False,-0.20853494893419464,-0.2214317620738262,False,False,False,False,3419303.0,2642319.1776096504,False,False,False,False,89434.0904117886,False,False,False,False
2025-07-08 14:00:00+00:00,6.045,6.045,5.855,5.895,355700.0,,,,,,,,,,,,5.815074062798217,5.785489588114489,6.236312487681971,6.4417455017563565,6.391912198616603,6.4043032897512395,6.4115979239406595,6.436498859647075,6.44666010546207,6.438613704066627,6.450758108354903,,,,,,,,,,,,,,,5.826907723491035,5.787072088189893,5.818685701461895,5.935564854761059,6.057094278040504,6.42057149503896,6.420767151962293,6.439239175927447,6.385417206606949,6.4049888492531615,6.413339925895237,6.457127633393228,,,,6.236312487681971,6.244597474530951,"rgba(255, 0, 0, 1.0)",0.14736875364052926,6.168745651943622,-1.8575555888282764,67.03447273436801,12.718670458829394,True,False,True,False,True,0.0,0.0,0.0,0.0,0.0,0,0.9427860696517415,0.9726368159203977,False,False,False,False,-0.17734167144806745,-0.19938671676094682,False,False,False,False,3063603.0,2648850.7097397335,False,False,False,False,93562.24404881513,False,False,False,False
2025-07-08 15:00:00+00:00,5.895,5.895,5.805,5.81,218544.0,,,,,,,,,,,,5.817014106039639,5.788196718315683,6.229977087358836,6.434887732827137,6.387195366026783,6.39983135525483,6.4071948424828875,6.432190776373064,6.442342147498915,6.434800959769667,6.4470010411071526,,,,,,,,,,,,,,,5.828034569869833,5.7905280003367094,5.819329463464505,5.933105000754942,6.0528079351477055,6.413382921549552,6.413598916158842,6.432888777167282,6.380691317662542,6.40042091530503,6.40894998672866,6.4529945286058705,,,,6.229977087358836,6.241189759382872,"rgba(255, 26, 202, 1.0)",0.14076128281154685,6.1651388465868875,-2.522986715475964,60.029928637328226,15.04153755861357,True,False,True,False,False,0.0,0.0,0.0,0.0,0.0,0,0.9411035337879727,0.9913205207687537,False,False,False,False,-0.22760028877197355,-0.21349350276646017,False,False,False,False,2845059.0,2651892.6987360166,False,False,False,False,95499.94569146915,False,False,False,False
2025-07-08 16:00:00+00:00,5.805,5.805,5.75,5.78,104992.0,,,,,,,,,,,,5.815413567338672,5.787952274945388,6.226563451886884,6.4313322330480425,6.384720607725624,6.397487981914949,6.40488959162264,6.4299424529047755,6.440091694202993,6.432809413054056,6.4450414341314755,,,,,,,,,,,,,,5.778333333333333,5.825422411898655,5.7901329840842815,5.8186362513389485,5.931277443152278,6.05026753534541,6.409649005562194,6.409875476042884,6.429591449156503,6.3782093997855975,6.398028038641029,6.4066521135784456,6.450842354576019,,,,6.226563451886884,6.219715104136294,"rgba(255, 26, 202, 1.0)",0.13376000425669984,6.132164723077475,-2.632810345920986,53.545468193518786,9.450375055611566,True,False,False,False,False,0.0,0.0,0.0,0.0,0.0,0,0.9402613565650281,0.9981331673926566,False,False,False,False,-0.2661084125611595,-0.23980095766380985,False,False,False,False,2740067.0,2653259.7421664656,False,False,False,False,95647.10932415955,False,False,False,False
2025-07-08 17:00:00+00:00,5.785,5.855,5.785,5.84,151465.0,,,,,,,,,,,,5.816047464776981,5.789288638864814,6.222250095869576,6.426644946017136,6.3814674356833905,6.394399805800137,6.40184783879017,6.426964631322139,6.437107029959787,6.430168150301946,6.442438074140464,,,,,,,,,,,,,,5.806879281906909,5.825510103440018,5.791764005417507,5.818827478878127,5.92952527279765,6.0473212892690515,6.404745574122707,6.404985436009365,6.425241439683112,6.3749503265519945,6.394874977123877,6.40361922261388,6.447983049201634,,,,6.222250095869576,6.218535482022599,"rgba(255, 26, 202, 1.0)",0.13069719490781134,6.131132668477136,-2.2275357071166644,53.38650588677476,9.450375055611566,True,False,True,False,False,0.0,0.0,0.0,0.0,0.0,0,0.9374613003095977,0.991331269349845,False,False,False,False,-0.243264532392618,-0.24153274502821392,False,False,False,False,2891532.0,2656953.885698769,False,False,False,False,96512.50297804855,False,False,False,False
2025-07-08 18:00:00+00:00,5.835,5.915,5.835,5.85,279416.0,,,,,,,,,,,,5.820812485253701,5.793920959913933,6.215312784172281,6.4187499862923225,6.375990173195851,6.38918494943913,6.396704155916277,6.421908666187305,6.4320324222704315,6.42567455853058,6.43800084705903,,,,,,,,,,,,,,5.838053742833345,5.830245354021655,5.7974634368892906,5.820840573749383,5.927641243384804,6.043034290329377,6.396524229961848,6.396785684231498,6.417904664756947,6.369469430183949,6.389551849415727,6.398488894192098,6.443111685399868,,,,6.215312784172281,6.21655862781586,"rgba(255, 26, 202, 1.0)",0.12843244096374407,6.129750270354261,-2.1781900916547547,53.873769648509814,9.450375055611566,True,False,True,False,False,0.0,0.0,0.0,0.0,0.0,1,0.9463625154130704,0.9827373612823671,False,False,False,False,-0.21424353829125622,-0.2278881416597351,False,False,False,False,3170948.0,2664922.786695687,False,False,False,False,99348.21611017182,False,False,False,False
2025-07-08 19:00:00+00:00,5.855,5.89,5.84,5.875,281396.0,,,,,,,,,,,,5.824927437938284,5.798152203235367,6.208626730401912,6.411044253485674,6.370608311179005,6.384052696288104,6.391638969663582,6.416923271893357,6.427027092519178,6.421234256465426,6.433613600574627,,,,,,,,,,,,,,5.848479386835914,5.83420033951451,5.802507681135557,5.822771425774046,5.925903494471134,6.038956646243672,6.388519942494526,6.388801654734016,6.410729903380589,6.364085778477119,6.384315089656724,6.39343623137215,6.43830157209751,,,,6.208626730401912,6.213702415409666,"rgba(255, 26, 202, 1.0)",0.12610402541251003,6.127289521817969,-2.000646061794475,55.64912079522803,9.450375055611566,True,False,True,False,True,0.0,0.0,0.0,0.0,0.0,1,0.9441031941031942,0.9858722358722356,False,False,False,False,-0.21880804022493866,-0.22334809094233687,False,False,False,False,3452344.0,2677130.8675221107,False,False,False,False,102170.66237202963,False,False,False,False
2025-07-09 14:00:00+00:00,5.955,6.075,5.94,5.96,362474.0,,,,,,,,,,,,5.8416595743581325,5.81135895701784,6.203371924318204,6.403615354629251,6.365503225585133,6.379134692435677,6.386760142965513,6.412046598188307,6.422103818023275,6.416870629752459,6.4292723735427915,,,,,,,,,,,,,,5.892473431360333,5.852777686463644,5.8183940011305255,5.831176268329435,5.9282953029395875,6.0375763346843305,6.380921497611399,6.381220373961681,6.403799169882007,6.359002504578791,6.379298356167473,6.388563709469557,6.433538250352413,,,,6.203371924318204,6.214947257406156,"rgba(239, 83, 80, 1.0)",0.12372947095173308,6.130702766505839,-1.3796451661256188,60.49581042521618,4.076541947809254,True,False,True,False,True,0.0,0.0,0.0,0.0,0.0,1,0.9512341962673091,0.9680915111378687,False,False,False,False,-0.14349118035641834,-0.1834196356493776,False,False,False,False,3814818.0,2694769.4277155665,False,False,False,False,106206.37303292839,False,False,False,False
2025-07-09 15:00:00+00:00,5.955,5.965,5.88,5.905,228772.0,,,,,,,,,,,,5.846127151762916,5.8157076022325676,6.199055242618531,6.398231418134704,6.361719079783586,6.375505072937695,6.383168732425814,6.40848696629826,6.4185219497508,6.413684131074672,6.426113969772398,,,,,,,,,,,,,,5.896402913706989,5.857205178388992,5.823340801269507,5.833779573540783,5.928034362083708,6.035389241367409,6.3753782981113485,6.375689865336905,6.398766910751534,6.35522448316157,6.375597599654113,6.384979127731701,6.430082419680152,,,,6.199055242618531,6.21317467048236,"rgba(255, 0, 0, 1.0)",0.12125830518603821,6.129409818586537,-1.8506758629212279,59.89163124964814,4.076541947809254,True,False,True,False,True,0.0,0.0,0.0,0.0,0.0,1,0.9460431654676261,0.9814148681055155,False,False,False,False,-0.18718490784879535,-0.18530227174908648,False,False,False,False,3586046.0,2708587.669146333,False,False,False,False,108106.61531148764,False,False,False,False
2025-07-09 16:00:00+00:00,5.905,5.935,5.885,5.905,134397.0,,,,,,,,,,,,5.84823022030885,5.817901428312623,6.196506333432708,6.395069887478494,6.359484538081148,6.373360973808186,6.38104712120386,6.406384508173596,6.416406729432025,6.411799944114193,6.424246525925654,,,,,,,,,,,,,,5.8974421256688645,5.859205262403664,5.825781996127511,5.83508985149584,5.92777803104495,6.034053270019706,6.3721250754056085,6.372443948779156,6.39580852289782,6.3529933419098255,6.373412011794584,6.382861546999226,6.428041078048129,,,,6.196506333432708,6.211978094702759,"rgba(255, 0, 0, 1.0)",0.11830206413411481,6.1284348655508625,-1.8886810402357994,59.48884513260279,4.076541947809254,True,False,True,False,True,0.0,0.0,0.0,0.0,0.0,1,0.9538834951456312,0.9890776699029125,False,False,False,False,-0.19377681477268277,-0.18953954326088462,False,False,False,False,3586046.0,2722191.674275847,False,False,False,False,108514.21817487542,False,False,False,False
2025-07-09 17:00:00+00:00,5.905,5.93,5.885,5.915,91254.0,,,,,,,,,,,,5.849616342870652,5.819359091320621,6.194810842566229,6.392953674050609,6.3579853822427035,6.3719215163801675,6.379622387024885,6.404971753741006,6.414985167440076,6.410532800274879,6.4229902841769855,,,,,,,,,,,,,,5.898143374051351,5.860519531384756,5.82739301557475,5.835973226368031,5.927622349035979,6.033173876572117,6.369949732095947,6.370273411457163,6.393826871603122,6.351496709592434,6.371944916825116,6.381439439394969,6.4266685275270765,,,,6.194810842566229,6.211173925982151,"rgba(255, 0, 0, 1.0)",0.11053718138473752,6.127780754607455,-1.9249699688546154,59.72095124685919,4.076541947809254,True,False,True,False,True,0.0,0.0,0.0,0.0,0.0,1,0.9550970873786409,0.9757281553398057,False,False,False,False,-0.19509717673281557,-0.1923183599968501,False,False,False,False,3677300.0,2736999.555294826,False,False,False,False,108246.6178930944,False,False,False,False
2025-07-09 18:00:00+00:00,5.915,6.01,5.91,6.005,87159.0,,,,,,,,,,,,5.852247318923568,5.821676871467184,6.193575399214683,6.391219320176239,6.356769215124389,6.370747274317745,6.378456847760135,6.4038060995152115,6.413808640613092,6.409484875038928,6.421947441873543,,,,,,,,,,,,,,5.902034996296458,5.8632804589222,5.830041514558815,5.8375216825502205,5.928015329787099,6.032782646019873,6.368181976575547,6.368509310248686,6.392201441739104,6.350285720341397,6.37074825818214,6.380275289473594,6.425528417778795,,,,6.193575399214683,6.2109644311041095,"rgba(239, 83, 80, 1.0)",0.10618282720292727,6.127895100605497,-1.1573914901571676,63.44618806562151,7.842786856355694,True,False,True,False,True,1.250842653774729,0.0,0.0,0.0,0.0,1,0.9572546658639376,0.9662853702588801,False,False,False,False,-0.1675029425033581,-0.17991065125010408,False,False,False,False,3764459.0,2752929.1590887047,False,False,False,False,107919.67808079836,False,False,False,False
2025-07-09 19:00:00+00:00,6.005,6.05,6.0,6.015,220431.0,,,,,,,,,,,,5.860785056436972,5.82893560134044,6.191166036170061,6.38738125553518,6.354099436087549,6.368154875093781,6.375876383174218,6.401203875933934,6.411174491130748,6.4071392243985805,6.419604692030028,,,,,,,,,,,,,,5.915615759652604,5.872385641343944,5.83835976793244,5.8425666292771385,5.929939555017248,6.032596742183502,6.364303379148039,6.364638121884893,6.3885999597480465,6.347634085427257,6.368106890984209,6.3776962405770705,6.4229665524426265,,,,6.191166036170061,6.211288760539605,"rgba(239, 83, 80, 1.0)",0.10264752073736341,6.1292961176817204,-1.1134815225996715,66.24530480464136,10.65176112806261,True,False,True,False,True,1.685928138743165,0.0,0.0,0.0,0.0,0,0.9669471153846155,0.9627403846153844,False,False,False,False,-0.1336808549545942,-0.15679575310234914,False,False,False,False,3984890.0,2772029.327164849,False,False,False,False,109664.03966094102,False,False,False,False
2025-07-10 14:00:00+00:00,6.035,6.045,5.995,6.045,63953.0,,,,,,,,,,,,5.863199429034303,5.8310134404725735,6.190506601425075,6.386302631753656,6.353348178214202,6.367424273530857,6.375148651076111,6.400468665080434,6.410429830501012,6.406475666712447,6.418941421550854,,,,,,,,,,,,,,5.919209813919501,5.874943961025258,5.840722560820066,5.844031551193905,5.930522619520731,6.032576155626755,6.363215869724832,6.363552623780415,6.387586884755022,6.3468883347318155,6.367362626478134,6.376968798090897,6.422241604328777,,,,6.190506601425075,6.211378424722819,"rgba(239, 83, 80, 0.5)",0.0987122946604478,6.129690513535392,-0.8579530424929538,69.03999458513755,13.397032498492052,True,False,True,False,True,2.986477282457251,0.0,0.0,0.0,0.0,0,0.964007198560288,0.9658068386322736,False,False,False,False,-0.13627082681315345,-0.14653328995775128,False,False,False,False,4048843.0,2791824.8879839983,False,False,False,False,108955.3413716241,False,False,False,False
2025-07-10 15:00:00+00:00,6.045,6.1,6.035,6.085,63862.0,,,,,,,,,,,,5.866180259681141,5.833508992110526,6.190034660561242,6.385366579622088,6.352704828917321,6.366794243074582,6.374518885885364,6.39982581660882,6.409776349623111,6.405893946217199,6.418357380238435,,,,,,,,,,,,,,5.92396569627232,5.878141523545123,5.843576096287635,5.845823101990845,5.931362715739856,6.032771735150144,6.362281896120557,6.362620215005577,6.386706927543414,6.346251820271987,6.366720883677776,6.376338778729036,6.42160273770355,,,,6.190034660561242,6.211713586274069,#000000,0.09720846921179475,6.1304059195169796,-0.4670983905533025,71.99602242469021,16.25154825511254,True,False,True,False,True,4.683582709662399,0.0,0.0,0.0,0.0,0,0.9676840215439859,0.9616995810891681,False,False,False,False,-0.11173436791857415,-0.12913382893816272,False,False,False,False,4112705.0,2812303.649410603,False,False,False,False,108256.21979997102,False,False,False,False
2025-07-10 16:00:00+00:00,6.085,6.09,6.035,6.065,69086.0,,,,,,,,,,,,5.869159999151178,5.83604125808283,6.189484993713649,6.384327990816394,6.351987380043998,6.366092586084892,6.373818035825173,6.399112007957806,6.409051332659703,6.405248069107618,6.417709534283562,,,,,,,,,,,,,,5.928467751802495,5.881315201296377,5.846454280535227,5.847646131112476,5.932197238182523,6.0329295668382965,6.361243542053131,6.3615836215066786,6.385730320464694,6.345541456739332,6.366006236832474,6.375637764103251,6.420894471075038,,,,6.189484993713649,6.2119866987612005,"rgba(239, 83, 80, 0.5)",0.09579092285240219,6.131058078459541,-0.6896068697586879,72.20684296917064,16.60609797885145,True,False,True,False,True,3.7368729428086134,0.0,0.0,0.0,0.0,0,0.9669867947178873,0.9675870348139256,False,False,False,False,-0.11088275568463198,-0.12000829231139734,False,False,False,False,4043619.0,2831393.8098848574,False,False,False,False,107648.9295705141,False,False,False,False
2025-07-10 17:00:00+00:00,6.065,6.1,6.065,6.095,34331.0,,,,,,,,,,,,5.8707814139162915,5.837406040386621,6.189263811571193,6.383851706504961,6.35166089144243,6.365771895301583,6.373497019438661,6.398782990207792,6.408716416788254,6.40494985885078,6.417409617352576,,,,,,,,,,,,,,5.930967133734748,5.883049214720896,5.848007560786524,5.848637511849377,5.93268111759314,6.033067121606498,6.360770433925844,6.361111262838982,6.385282169773329,6.34521885703989,6.36567963807707,6.375316514260267,6.420566451619976,,,,6.189263811571193,6.212185277066152,#000000,0.10049503595833066,6.1314636728011696,-0.3628405368827285,73.2836903093872,17.89127705938455,True,False,True,False,True,5.009647166471957,0.0,0.0,0.0,0.0,0,0.9746987951807228,0.9608433734939755,False,False,False,False,-0.1004342026019244,-0.11022124745666087,False,False,False,False,4077950.0,2850720.262444782,False,False,False,False,106512.21748414953,False,False,False,False
2025-07-10 18:00:00+00:00,6.095,6.105,6.085,6.105,53227.0,,,,,,,,,,,,5.8733813159072135,5.839590540548972,6.1889615461423455,6.383145149177318,6.351178502811651,6.3652968694215835,6.373020916487084,6.398293263202567,6.408217295621531,6.404505520877941,6.416962061528257,,,,,,,,,,,,,,5.934968724194804,5.885831254700896,5.850492256698709,5.850232943643413,5.93348175017665,6.033325118928405,6.360071222396611,6.360413111761945,6.3846170457850455,6.344742780163664,6.365195894457629,6.374839930160402,6.4200768843079965,,,,6.1889615461423455,6.212535079129277,#000000,0.10521077086648584,6.132145803791371,-0.2580135433644792,74.30499358048402,19.159478847174384,True,False,True,False,True,5.432264235750665,0.0,0.0,0.0,0.0,0,0.974033816425121,0.9607487922705311,False,False,False,False,-0.09391508123122437,-0.10206816434394261,False,False,False,False,4131177.0,2870572.3048874987,False,False,False,False,105686.0900812945,False,False,False,False
2025-07-10 19:00:00+00:00,6.105,6.135,6.105,6.12,108598.0,,,,,,,,,,,,5.878999351960483,5.844299873286414,6.188496987745472,6.381823210448437,6.350283822470896,6.3644111338902425,6.372130843603523,6.3973708341529685,6.407274765449933,6.4036668023779,6.416114634333061,,,,,,,,,,,,,,5.943574992229928,5.891846702489324,5.855841859254235,5.853704471700495,5.935303067141799,6.0340185786654015,6.358773269612745,6.35911694548379,6.383371508385778,6.343862032009262,6.364294024859917,6.3739484298052185,6.419149583838421,,,,6.188496987745472,6.213403238549819,#000000,0.11010551859575002,6.133733202663232,-0.12472765069708579,75.44986942454607,20.553702746846128,True,False,True,False,True,6.06933329569307,0.0,0.0,0.0,0.0,0,0.9793814432989693,0.9569436021831411,False,False,False,False,-0.08090012164410412,-0.09148414299402337,False,False,False,False,4239775.0,2891800.253648933,False,False,False,False,105731.23597150699,False,False,False,False
2025-07-11 14:00:00+00:00,6.315,6.325,6.225,6.245,186497.0,,,,,,,,,,,,5.893531524071453,5.856093325162321,6.1893719040579285,6.380823982724528,6.349720755193501,6.36379848399327,6.3714875370861535,6.396621617323558,6.406480215948232,6.402968320848861,6.415377689702434,,,,,,,,,,,,,,5.967350251787101,5.907612933561909,5.869329439191492,5.862597355462808,5.940740660396685,6.037149186036681,6.357910620511876,6.358253533861932,6.382422347707268,6.343334837398417,6.363670765123421,6.3732978152697575,6.4183358513239135,,,,6.1893719040579285,6.217011706406063,"rgba(38, 166, 154, 0.5)",0.11947060402140347,6.139211665731427,0.8854758468419646,78.85146487609342,23.970568075936953,True,False,True,False,True,11.049195604319792,0.0,0.0,0.0,0.0,0,0.9803571428571427,0.9434523809523807,False,False,False,False,-0.0006458184345362182,-0.04606498071427979,False,False,False,False,4426272.0,2915590.5132822827,False,False,False,False,106983.41835954564,False,False,False,False
2025-07-11 15:00:00+00:00,6.245,6.27,6.225,6.225,33971.0,,,,,,,,,,,,5.8958913208653785,5.858043701652884,6.189477151678534,6.38060491805991,6.349588960804354,6.363659667236978,6.371343872500562,6.396460309331814,6.406311035321428,6.40281893006614,6.415222038118979,,,,,,,,,,,,,,5.970974974311371,5.910151517774439,5.871541858669847,5.864077905063253,5.941637001383346,6.037648753240838,6.357713370339784,6.35805625726933,6.382214630098881,6.343209159843478,6.363529526584937,6.3731529747279385,6.418164535667553,,,,6.189477151678534,6.217562265442165,"rgba(38, 166, 154, 0.5)",0.12713644511189293,6.140064775399811,0.6680635479892275,79.40176102091138,24.67084319990721,True,False,True,False,True,10.046075258344057,0.0,0.0,0.0,0.0,0,0.9797014925373139,0.9528358208955224,False,False,False,False,0.06971566459836016,0.011825341942040185,False,False,False,False,4392301.0,2938485.2495104647,False,False,False,False,105851.44288110308,False,False,False,False
2025-07-11 16:00:00+00:00,6.225,6.235,6.2,6.225,30718.0,,,,,,,,,,,,5.897875220148845,5.859698873212529,6.189534420038565,6.380379323464923,6.349448359519574,6.363514152860687,6.371194494818248,6.396296125059864,6.40613998957087,6.402667515889441,6.415065491299326,,,,,,,,,,,,,,5.973933038386068,5.912276681869068,5.873412441534477,5.865336018244985,5.942388878742615,6.038053929928177,6.357505367759439,6.35784831274464,6.38200098278985,6.343073808924539,6.363381457714491,6.3730026430008095,6.41799255016121,,,,6.189534420038565,6.218000836570134,"rgba(38, 166, 154, 0.5)",0.13416632812899526,6.140757389188224,0.6278968202124475,79.76862511745668,25.2862441462956,True,False,True,False,True,10.046075258344057,0.0,0.0,0.0,0.0,0,1.0155339805825245,0.9527508090614886,False,False,False,False,0.04999193942370023,0.030908640682870206,False,False,False,False,4392301.0,2961025.028587822,False,False,False,False,104686.5833015511,False,False,False,False
2025-07-11 17:00:00+00:00,6.225,6.25,6.225,6.245,39898.0,,,,,,,,,,,,5.90057378297471,5.861944310064478,6.189657103515902,6.380123677133117,6.349294339511507,6.3633518691346165,6.371026522282453,6.396107470896935,6.405942115666756,6.402492717483334,6.414883344289474,,,,,,,,,,,,,,5.977975672059237,5.9151704043486255,5.875950751557508,5.8670483012385,5.943429330358332,6.038635065883882,6.357275299156763,6.357618208756837,6.381758481167781,6.342926948256712,6.363216356957278,6.372833290999638,6.417792132198281,,,,6.189657103515902,6.218626145662195,"rgba(38, 166, 154, 0.5)",0.1412261300887105,6.141728351227143,0.7312502913447216,80.47298285171026,26.25852492986985,True,False,True,False,True,10.82504332974483,0.0,0.0,0.0,0.0,0,0.9921722113502937,0.9556425309849966,False,False,False,False,0.06313582588254295,0.04702223328270658,False,False,False,False,4432199.0,2983833.927369406,False,False,False,False,103682.10914183714,False,False,False,False
2025-07-11 18:00:00+00:00,6.25,6.29,6.245,6.29,185665.0,,,,,,,,,,,,5.913830558896972,5.87298990489946,6.1906117698400935,6.379240290246005,6.348810982760137,6.36281495400661,6.370457783389355,6.395431021261394,6.405220389833124,6.401858359164707,6.4142093305335175,,,,,,,,,,,,,,5.997590043660191,5.929372007088921,5.888407349651946,5.875543662095681,5.94873718748694,6.041758462618137,6.3565324357230155,6.35687428706317,6.380916762592303,6.342479535692894,6.362670434146456,6.372257015816582,6.417047831643417,,,,6.1906117698400935,6.22190259833796,"rgba(38, 166, 154, 0.5)",0.14926540845814099,6.1467019614549665,0.9600217493473654,81.8597924901179,27.846702672875566,True,False,True,False,True,12.544693263535521,0.0,0.0,0.0,0.0,0,0.9854111405835546,0.9701591511936338,False,False,False,False,0.08289401976416141,0.064958126523434,False,False,False,False,4617864.0,3009167.726945074,False,False,False,False,104953.16171328152,False,False,False,False
2025-07-11 19:00:00+00:00,6.285,6.29,6.225,6.23,110147.0,,,,,,,,,,,,5.920712109765204,5.8788515053837385,6.190992302861297,6.378590914527991,6.348424659251691,6.362403704504787,6.3700301775028105,6.394945200257072,6.404709055614311,6.401406512589644,6.413736517705548,,,,,,,,,,,,,,6.007042943017255,5.93666943164254,5.894951596718169,5.880092988368185,5.9515556803868215,6.043365303462174,6.355955953785051,6.356297555209396,6.380299500283967,6.342113083122204,6.362252199115775,6.371825471703631,6.416527718069877,,,,6.190992302861297,6.223489670202047,"rgba(38, 166, 154, 0.5)",0.1546603369317204,6.149168635143342,0.5226379720894055,77.54994766812548,31.704622787934582,True,False,True,False,False,9.465297963765451,0.0,0.0,0.0,0.0,0,0.9753168779186125,0.9693128752501667,False,False,False,False,0.105711118733153,0.0853346226282935,False,False,False,False,4507717.0,3032401.049007941,False,False,False,False,105033.68633788181,False,False,False,False
2025-07-14 14:00:00+00:00,6.335,6.345,6.27,6.305,87206.0,,,,,,,,,,,6.306666666666666,5.926897680658846,5.884076436197028,6.1915929289278,6.378309543080055,6.348297930557691,6.362245632932055,6.369855010732786,6.3947149685577935,6.404456715614107,6.4011862669164445,6.413495434134693,,,,,,,,,,,,,,6.015726799638186,5.943252183881405,5.9007942447309105,5.8841750076044494,5.954181082176707,6.044976898084254,6.355748910975122,6.356089641616879,6.380029087103711,6.342004183921179,6.362091685170197,6.3716463195774224,6.416260229934072,,,,6.1915929289278,6.228350859575618,"rgba(38, 166, 154, 0.5)",0.162429693730607,6.149790641710464,0.9555479341539231,76.81978793457415,30.971906616588768,True,False,True,False,False,12.279337479426314,0.0,0.0,0.0,0.0,0,0.9814692256783589,0.9444076770350762,False,False,False,False,0.14915023720659112,0.11724242991744231,False,False,False,False,4594923.0,3056626.1955349497,False,False,False,False,104757.28810008519,False,False,False,False
2025-07-14 15:00:00+00:00,6.305,6.315,6.26,6.29,114138.0,,,,,,,,,,,6.296273856351981,5.934323474106486,5.890436749006494,6.192245935243629,6.377851191985155,6.34806068804303,6.3619722940383845,6.369561109812391,6.394353075174577,6.4040668497108015,6.400843931338882,6.413127661715239,,,,,,,,,,,,,,6.02568973159704,5.951104850697763,5.907860998110386,5.8891743262490035,5.957383498047889,6.046910932323583,6.355380297990634,6.355720162628218,6.379590448380366,6.341789236656738,6.361813964776931,6.371347585060805,6.41585385702088,,,,6.192245935243629,6.229709468242692,"rgba(38, 166, 154, 0.5)",0.16934431049051754,6.1520791843909794,0.8144402088828575,75.21549448546779,29.36032164492397,True,False,True,False,False,11.521135363267199,0.0,0.0,0.0,0.0,0,0.9808580858085811,0.9452145214521452,False,False,False,False,0.1645732564399613,0.1409078431787018,False,False,False,False,4480785.0,3078706.176999524,False,False,False,False,104902.72549388232,False,False,False,False
2025-07-14 16:00:00+00:00,6.285,6.305,6.275,6.3,97711.0,,,,,,,,,,,6.295313091794708,5.940528724693311,5.895791229838344,6.1928267228096265,6.377484211954087,6.347875954057897,6.361755675384245,6.369326570319054,6.39405973570441,6.40374949756921,6.400565462047173,6.412827078527703,,,,,,,,,,,,,,6.033809458459753,5.957644375488947,5.913785933810833,5.893409292949699,5.960117333582958,6.048576146029264,6.355091219358808,6.355430279158483,6.379238652298361,6.341623672280359,6.361593935797361,6.371108843092768,6.415521576022679,,,,6.1928267228096265,6.2311621869212015,"rgba(38, 166, 154, 0.5)",0.1761195335279518,6.154386060015285,0.826790402335495,74.44724926029697,28.498441281454603,True,False,True,False,False,11.8940645938061,0.0,0.0,0.0,0.0,0,1.0000000000000004,0.9443326626425219,False,False,False,False,0.16652226208556756,0.1537150526321347,False,False,False,False,4578496.0,3101958.7323948797,False,False,False,False,104791.22587382211,False,False,False,False
2025-07-14 17:00:00+00:00,6.305,6.31,6.285,6.295,61124.0,,,,,,,,,,,6.295542799552444,5.94433823322671,5.899096491822066,6.193198596070084,6.377265289716036,6.3477680486286765,6.361627429163113,6.369186987887693,6.39388314313144,6.403557863557551,6.400397387582026,6.4126450356322415,,,,,,,,,,,,,,6.038705080734016,5.961649038782697,5.917432351075141,5.8960353907574445,5.961821883789117,6.049620472458155,6.354921435951261,6.355259966548835,6.379028521120276,6.341527785527135,6.3614636984477135,6.370966606417283,6.41532027502788,,,,6.193198596070084,6.232090392504281,"rgba(38, 166, 154, 0.5)",0.1823284828974586,6.155846871361621,0.7632001672313534,73.50155294750216,27.425340430581898,True,False,True,False,False,11.63438876949262,0.0,0.0,0.0,0.0,0,0.9966307277628037,0.9420485175202157,False,False,False,False,0.17237686944888925,0.16304596104051197,False,False,False,False,4517372.0,3123903.124140695,False,False,False,False,104114.2146199644,False,False,False,False
2025-07-14 18:00:00+00:00,6.295,6.32,6.28,6.305,113261.0,,,,,,,,,,,6.297007811619916,5.951283086530868,5.905154386372821,6.193913633269963,6.376887724233425,6.347588746790917,6.361409311923602,6.368947493200309,6.393574351987652,6.403221103732581,6.400102326245026,6.41232369678883,,,,,,,,,,,,,,6.047477388572145,5.968931941432285,5.924095360966932,5.900871759425254,5.964981639382408,6.051571217502452,6.354636206298842,6.3549736863274795,6.378665434565117,6.341370869846235,6.3612422638679815,6.37072211753174,6.4149647093539635,,,,6.193913633269963,6.23383673071075,"rgba(38, 166, 154, 0.5)",0.18846673900644859,6.15857469671205,0.776929149726202,73.2362508422965,26.948078132203747,True,False,True,False,False,12.01850116141187,0.0,0.0,0.0,0.0,0,0.9912457912457917,0.9420875420875421,False,False,False,False,0.21297755611367028,0.18801175857709113,False,False,False,False,4630633.0,3147263.277254793,False,False,False,False,104256.02524601147,False,False,False,False
2025-07-14 19:00:00+00:00,6.305,6.335,6.275,6.295,173027.0,,,,,,,,,,,6.298254754947532,5.961386443469794,5.914064831977687,6.194987963840217,6.376318150010512,6.347317507212198,6.3610791446691515,6.368584883655784,6.393106589222876,6.402710917534174,6.399654955421246,6.411836369699575,,,,,,,,,,,,,,6.0598034644778345,5.97947462958334,5.9338396776019335,5.908041514062341,5.969696891454242,6.0544937193239,6.3542063168085745,6.354542197975662,6.378117286616049,6.341133523316993,6.360907130438106,6.370351928702486,6.414425792475472,,,,6.194987963840217,6.236333463379907,"rgba(38, 166, 154, 0.5)",0.19397543264156292,6.162492351438251,0.6831156232377255,72.05108653102,25.597302636828232,True,False,True,False,False,11.48355246345707,0.0,0.0,0.0,0.0,0,1.0027063599458732,0.935723951285521,False,False,False,False,0.22986367026497284,0.20893771442103198,False,False,False,False,4457606.0,3167578.668305106,False,False,False,False,105322.241908864,False,False,False,False
2025-07-15 14:00:00+00:00,6.305,6.31,6.21,6.23,60976.0,,,,,,,,,,,6.294095576133578,5.964289749565208,5.9167043068765395,6.195180577877997,6.375981975825997,6.347115361518552,6.36086323000886,6.368360082662117,6.392850376753135,6.402441033780725,6.39941564790599,6.4115855918177,,,,,,,,,,,,,,6.06299909363583,5.982461963854622,5.9366892048757895,5.910183769582172,5.971073517287638,6.055295526584421,6.353909130093246,6.354244836788961,6.377796675462042,6.3409419408889915,6.360687701566555,6.370124992506152,6.414150631405494,,,,6.195180577877997,6.236777699810333,#000000,0.1976168373758355,6.163303739796355,0.33750292277373123,65.84292241057065,19.7621151263681,False,False,True,False,False,8.095386095034357,0.0,0.0,0.0,0.0,0,0.9932885906040272,0.9328859060402686,False,False,False,False,0.19070124888641415,0.19981948165372307,False,False,False,False,4396630.0,3186633.727711228,False,False,False,False,104634.70327461805,False,False,False,False
2025-07-15 15:00:00+00:00,6.23,6.28,6.12,6.15,173396.0,,,,,,,,,,,6.272291671160488,5.970381438948136,5.922531413861784,6.19506378267461,6.374534969760279,6.346153611609567,6.359887325577768,6.3673679981435765,6.391789085320379,6.401345395190163,6.3984375231552475,6.41058421204063,,,,,,,,,,,,,,6.068486328991331,5.988577662488254,5.942852681262474,5.914964671444635,5.973997081175908,6.056771545809294,6.352536906069906,6.35287349600173,6.376422604437857,6.340005351800155,6.359695454649489,6.369128748199945,6.4130574210806905,,,,6.19506378267461,6.236789535234172,#000000,0.19959305445681308,6.163973952902029,-0.07001222031527164,57.356416161996165,12.206196824412274,False,True,True,False,False,4.198662437631473,0.0,0.0,0.0,0.0,0,0.9821192052980137,0.9397350993377483,False,False,False,False,0.19725403787409315,0.1985367597639081,False,False,False,False,4223234.0,3202705.049762217,False,False,False,False,105700.76989051544,False,False,False,False
2025-07-15 16:00:00+00:00,6.145,6.2,6.125,6.145,79151.0,,,,,,,,,,,6.262758410677889,5.9727166406533945,5.92484411006457,6.194891764793158,6.373790530465865,6.345647052683782,6.359378659747556,6.366853555327925,6.391246680375405,6.400788167048352,6.397938983336891,6.410076725050142,,,,,,,,,,,,,,6.070284397802782,5.990881705065606,5.945264154412489,5.9168804743196395,5.975138398478273,6.057294466738025,6.351820265310685,6.352157488122182,6.375716074042722,6.339509371837704,6.35917827061053,6.368612746547562,6.412504303912392,,,,6.194891764793158,6.2366469358970225,#000000,0.2014326614954239,6.164078265384854,-0.09471286951787328,51.471576421544185,7.311426117344787,False,True,False,False,False,3.9625072069846077,0.0,0.0,0.0,0.0,0,0.9959785522788207,0.945710455764075,False,False,False,False,0.1611327870591646,0.17983477341153636,False,False,False,False,4144083.0,3217300.0567426477,False,False,False,False,105289.1455511276,False,False,False,False
2025-07-15 17:00:00+00:00,6.145,6.175,6.13,6.145,104928.0,,,,,,,,,,,6.251648151939085,5.975614592149913,5.927754292063881,6.194626728694436,6.37278139574887,6.344956140920663,6.358686201753916,6.366153926101323,6.390511151366336,6.400033301385645,6.397263071346942,6.409389467485474,,,,,,,,,,,,,,6.072382511999908,5.9937214899740425,5.948280144838519,5.9193045413199625,5.976574837704697,6.0579333610546,6.350846102718048,6.351184219809564,6.3747581289247774,6.338832165550312,6.358474266920279,6.367911155380733,6.411755710617744,,,,6.194626728694436,6.236455082310787,#000000,0.2014038567493839,6.164204193914717,-0.09535166915206622,47.548349927909534,4.180572466607657,False,True,False,True,False,3.9625072069846077,0.0,0.0,0.0,0.0,0,1.0020134228187922,0.9416107382550336,False,False,False,False,0.1515741832248967,0.16570447831821655,False,False,False,False,4144083.0,3231668.7845450873,False,False,False,False,105283.54639529616,False,False,False,False
2025-07-15 18:00:00+00:00,6.145,6.175,6.145,6.145,53620.0,,,,,,,,,,,6.247015073843415,5.977100640496687,5.929245399246483,6.194507534885478,6.372280711382728,6.344613960621716,6.35834254515526,6.365806373495883,6.390144790366255,6.399656982807138,6.396926045370713,6.409046410301463,,,,,,,,,,,,,,6.0734789671687555,5.9951790766197535,5.949824675787647,5.920550348914449,5.977320710946552,6.058274006027624,6.350364213616539,6.350702743326565,6.374282555433382,6.338497080645829,6.358124919943449,6.367562552634998,6.411382088480853,,,,6.194507534885478,6.2364092163007845,#000000,0.20102086306500663,6.164332414492094,-0.09617118441006078,44.93286559881977,2.0684662883333544,False,True,False,True,False,3.9625072069846077,0.0,0.0,0.0,0.0,0,1.0073875083948962,0.9355271994627267,False,False,False,False,0.1587404645728363,0.16222247144552643,False,False,False,False,4144083.0,3245814.7413738454,False,False,False,False,104482.5611798652,False,False,False,False
2025-07-15 19:00:00+00:00,6.145,6.15,6.115,6.13,105335.0,,,,,,,,,,,6.237087389786359,5.979575753231595,5.931821440661646,6.194138391692004,6.371198896129374,6.343863054680657,6.357593725532995,6.3650517325945755,6.389357305362629,6.398850885924067,6.396203096581557,6.408313519928795,,,,,,,,,,,,,,6.074957457119409,5.997560046951707,5.952455103318809,5.922719956481543,5.978577892965541,6.058776518350611,6.349312184430906,6.349651789219251,6.373255496344712,6.3377591062227365,6.357363684139279,6.366806235405533,6.410584764048625,,,,6.194138391692004,6.236113417084197,#000000,0.20005366397164825,6.164312981496928,-0.1715188855615808,42.29937997374219,-0.264932785295116,False,True,False,True,False,3.219085082470958,0.0,0.0,0.0,0.0,0,1.008075370121131,0.9360699865410497,False,False,False,False,0.13253736190817328,0.14737991667684985,False,False,False,False,4038748.0,3258108.280267274,False,False,False,False,104495.77728560372,False,False,False,False
2025-07-16 14:00:00+00:00,6.275,6.275,6.14,6.215,201059.0,,,,,,,,,,,6.233265338275791,5.986409900467033,5.938418460136844,6.194314268383322,6.369827276021325,6.342968078194296,6.356668897988145,6.364103687230918,6.388320325871138,6.39777280427975,6.395239442709133,6.407318383460801,,,,,,,,,,,,,,6.08120400902674,6.004405819330739,5.959375120357927,5.928246823611438,5.982120789192909,6.060727373734848,6.348044665877554,6.348384411436702,6.371946918095793,6.336894891093539,6.356424188651772,6.365852455660349,6.409499311405542,,,,6.194314268383322,6.237110145619774,#000000,0.19964840717245674,6.166268987917233,0.24408415159893015,46.84123029121268,-0.264932785295116,False,True,False,True,True,6.925067564592908,0.0,0.0,0.0,0.0,0,1.0079575596816979,0.9190981432360742,False,False,False,False,0.20453672095284553,0.1759583188148477,False,False,False,False,4239807.0,3273328.415456929,False,False,False,False,105992.8815137339,False,False,False,False
2025-07-16 15:00:00+00:00,6.215,6.345,6.215,6.245,155787.0,,,,,,,,,,6.2683333333333335,6.236721447645027,5.992743164176188,5.94437132321601,6.194944785752084,6.369162514738719,6.342583437123353,6.356242089847932,6.363652103154246,6.387785205169436,6.397202784011147,6.394732584634713,6.406780087904941,,,,,,,,,,,,,,6.087678807967611,6.010835184097258,5.96567616953514,5.933241927798958,5.985476068068891,6.062782004695924,6.34748665576708,6.3478254378632935,6.371307378621385,6.336537414133375,6.3559911739003185,6.365395009224077,6.408909879684874,,,,6.194944785752084,6.233104715366414,#000000,0.19992243991606967,6.165147971912434,0.3994150337555349,51.433063784884936,-6.722480011864036,False,True,True,False,True,8.167740304265426,0.0,0.0,0.0,0.0,0,1.015768725361367,0.9159001314060446,False,False,False,False,0.2761778023860722,0.22606806060045995,False,False,False,False,4395594.0,3290727.881883953,False,False,False,False,106764.88335073026,False,False,False,False
2025-07-16 16:00:00+00:00,6.245,6.285,6.225,6.23,82286.0,,,,,,,,,,6.260844607886377,6.237213540147704,5.995720797290428,5.9472251704395305,6.195176457382049,6.368740194566195,6.34232304773215,6.3559631580269995,6.363361464241774,6.387453559336092,6.3968534426556785,6.394420883444401,6.406453208438058,,,,,,,,,,,,,,6.090532306558998,6.013831085283847,5.9686708202078105,5.935654758780687,5.98708342139538,6.063738251333903,6.347115239853038,6.3474537113492255,6.370902344391995,6.33629059087986,6.355708062079676,6.365101565453086,6.408552846999993,,,,6.195176457382049,6.233437253108675,#000000,0.19998745456151593,6.165844179217555,0.32079922674704986,53.35276412251406,-4.9059958734080595,False,True,True,False,True,7.400304078850159,0.0,0.0,0.0,0.0,0,1.011873350923483,0.9346965699208443,False,False,False,False,0.2511957136710406,0.2386318871357503,False,False,False,False,4313308.0,3306581.837203582,False,False,False,False,106385.3657794011,False,False,False,False
2025-07-16 17:00:00+00:00,6.225,6.24,6.21,6.225,54154.0,,,,,,,,,,6.254202070080224,6.236828362040634,5.9974766931956704,5.9489403389802415,6.195264113860395,6.368414793479664,6.342113809310549,6.355744123956486,6.3631356079503885,6.387202686806787,6.3965913774640075,6.394186485598778,6.406209738118639,,,,,,,,,,,,,,6.09210207820816,6.015581917270134,5.970456163397862,5.937113303714767,5.988043104289022,6.0642882689302,6.346819890071225,6.347158286165569,6.370590978626502,6.336089798841506,6.35548567584446,6.36487404930471,6.408287399502041,,,,6.195264113860395,6.233479655075598,#000000,0.2007233540594547,6.166076192153383,0.29355730987418116,54.23705675910508,-3.845840468110069,False,True,True,False,True,7.14248923245686,0.0,0.0,0.0,0.0,0,1.0066312997347482,0.9442970822281167,False,False,False,False,0.2216146313331177,0.230123259234434,False,False,False,False,4259154.0,3321350.397867092,False,False,False,False,105575.57716266619,False,False,False,False
2025-07-16 18:00:00+00:00,6.225,6.27,6.225,6.25,95666.0,,,,,,,,,,6.2527546643017535,6.237435499841408,6.00082519594656,5.952170848555324,6.195538236844698,6.367936482379469,6.341819277983092,6.355427709530593,6.362805509066762,6.386824876148389,6.39619306116205,6.3938308793228344,6.405836404178049,,,,,,,,,,,,,,6.095258887147076,6.018941760535938,5.973833641943075,5.939860235275996,5.989884742390533,6.065390537958502,6.346400885080561,6.3467388921119365,6.370131804401463,6.3358109863433,6.355164582791305,6.364540676716518,6.407879801748719,,,,6.195538236844698,6.234135987021114,#000000,0.20169413110582765,6.167213934088808,0.41045351918422607,56.35909123635032,-1.500141377528287,False,True,True,False,True,8.20869968456146,0.0,0.0,0.0,0.0,0,1.0033134526176277,0.9416832339297548,False,False,False,False,0.2524328576128464,0.2412780584236402,False,False,False,False,4354820.0,3337373.1823962843,False,False,False,False,105421.94030743105,False,False,False,False
2025-07-16 19:00:00+00:00,6.245,6.25,6.195,6.195,170948.0,,,,,,,,,,6.240695782282737,6.235358539846376,6.005775931101512,5.957111139795788,6.195700986203741,6.366843837571578,6.34110222606503,6.354683643399823,6.362041436503187,6.385985519985172,6.395319377312358,6.393047912578473,6.405026389225596,,,,,,,,,,,,,,6.099373587889358,6.023829972301821,5.978924834167109,5.944106480608087,5.992674548726258,6.066957074325811,6.345396889874284,6.345734842903451,6.36908649524347,6.335119573019323,6.3544091631682305,6.363771692895549,6.406997954840071,,,,6.195700986203741,6.234401977704344,#000000,0.20166799939998958,6.168085226286427,0.13346080584748568,53.62258784102775,-1.500141377528287,False,True,True,False,True,5.373683838677238,0.0,0.0,0.0,0.0,0,1.0013236267372605,0.9430840502978161,False,False,False,False,0.22738796841651235,0.23433301342007629,False,False,False,False,4183872.0,3350497.195072311,False,False,False,False,106437.84820964142,False,False,False,False
2025-07-17 14:00:00+00:00,6.075,6.135,6.06,6.095,109716.0,,,,,,,,,,6.217059355696922,6.228089947769807,6.007114911359173,5.958785133444863,6.195123064739222,6.365623865788701,6.340229832342761,6.353819408604594,6.361173641153211,6.385089940332134,6.394406360200133,6.392225061475784,6.404195873836369,,,,,,,,,,,,,6.096666666666667,6.099314369376176,6.024986818429646,5.980509603653961,5.945611808507922,5.993501227164289,6.067157617469778,6.3441982299129815,6.344537516747973,6.36792586642593,6.334258740274774,6.353531099015723,6.3629026982663826,6.406097753345841,,,,6.195123064739222,6.221108619067582,#000000,0.20001662093101363,6.153944595675005,-0.29469848755887057,47.04849701000392,4.956586494336527,False,True,False,True,False,0.5951783809802187,0.0,0.0,0.0,0.0,0,0.9902088772845955,0.950391644908616,False,False,False,False,0.10883923139910816,0.17158612240959223,False,False,False,False,4074156.0,3361716.711427779,False,False,False,False,106488.67226840666,False,False,False,False
2025-07-17 15:00:00+00:00,6.095,6.155,6.085,6.14,123288.0,,,,,,,,,,6.202985472746139,6.222449202904337,6.009061754048938,5.9610179126588285,6.194677090854431,6.364417513782665,6.339376757605167,6.352967641757351,6.360315079740801,6.384194159172791,6.393489745770643,6.3913991592690484,6.403358465718309,,,,,,,,,,,,,6.112540385572779,6.09997063467073,6.026769724268072,5.982687246099593,5.947597272915812,5.994680233990228,6.067605602227729,6.343026587472658,6.3433669275698135,6.366776350080635,6.333420015344416,6.352665935707743,6.362042205545591,6.405189877628652,,,,6.194677090854431,6.2209316532054615,#000000,0.19897489542407376,6.154085353078707,-0.07078959910338073,45.53664229455073,3.428535231383208,False,True,False,True,False,2.5724593607848547,0.0,0.0,0.0,0.0,1,0.9960886571056066,0.9491525423728813,False,False,False,False,0.13571762251435182,0.15365187246197204,False,False,False,False,4197444.0,3374673.723653705,False,False,False,False,106749.12696191973,False,False,False,False
2025-07-17 16:00:00+00:00,6.135,6.16,6.135,6.155,120006.0,,,,,,,,,,6.196012212156006,6.218728558307155,6.01126090935261,5.963433148192482,6.1943955657480325,6.363369016186479,6.33864328443318,6.35222951755204,6.3595682471948844,6.383406631824368,6.392681037427901,6.390670585119084,6.402616519591692,,,,,,,,,,,,,6.125274808079091,6.101112373407939,6.0288376894264335,5.985079045529303,5.949734936062363,5.996007344091492,6.068204964393747,6.342019884915573,6.342360912795199,6.365775622661305,6.332701504937729,6.351916411865037,6.3612930561389645,6.404385377760023,,,,6.1943955657480325,6.2211372824175735,#000000,0.19826731432069164,6.154693826971704,0.0015442435852064088,45.42142321695796,2.9987965536763355,False,True,False,True,False,3.2212667215228663,0.0,0.0,0.0,0.0,1,1.0091803278688527,0.9429508196721311,False,False,False,False,0.16281024537358654,0.15823105891777928,False,False,False,False,4317450.0,3389290.4101086864,False,False,False,False,106954.6598772388,False,False,False,False
2025-07-17 17:00:00+00:00,6.155,6.23,6.15,6.23,230547.0,,,,,,,,,,6.197489685439458,6.217346062511118,6.016851029959885,5.9691821406303776,6.194502469256922,6.361879587602206,6.337643919020165,6.351196472932453,6.358509640224208,6.38225078891432,6.391480528180072,6.389590624788085,6.401501640767362,,,,,,,,,,,,,6.15611354160776,6.1054057908254356,6.034287565351768,5.990912807500395,5.954778091476777,5.99935560652216,6.070067340941914,6.340644116928531,6.340985096478161,6.36434763365502,6.331735200019821,6.350868183687264,6.36022815022536,6.4031750438883215,,,,6.194502469256922,6.223249459751196,#000000,0.199511791518614,6.158008253799637,0.36083955565927917,49.13800701104,2.9987965536763355,False,True,False,False,True,6.358471751412207,0.0,0.0,0.0,0.0,0,1.0084801043705158,0.9328114807566861,False,False,False,False,0.20516675241791563,0.18169890566784747,False,False,False,False,4547997.0,3407254.8533628155,False,False,False,False,108870.82018921958,False,False,False,False
2025-07-17 18:00:00+00:00,6.225,6.265,6.215,6.26,270002.0,,,,,,,,,,6.206890622344944,6.220136226567776,6.024426105895019,5.976757212489498,6.19522308149987,6.360637353271024,6.336863739533124,6.350353975433792,6.357629118234592,6.381239178346447,6.390413169808342,6.388632164827683,6.4004937872289975,,,,,,,,,,,,,6.184757753515964,6.112028546072167,6.041781668914526,5.998675799066224,5.961421360800884,6.003946312170917,6.072872539214416,6.339564858087914,6.339904510760617,6.363148434752149,6.330997498564875,6.350014308185592,6.359338564122438,6.402079346444223,,,,6.19522308149987,6.2264440513638935,#000000,0.20084109177196788,6.162771951637678,0.4841043608382338,52.85274131552535,2.9987965536763355,False,True,True,False,True,7.561535666577356,0.0,0.0,0.0,0.0,0,1.0130378096479795,0.9328552803129073,False,False,False,False,0.26987376978508487,0.22578633772646617,False,False,False,False,4817999.0,3429126.85563626,False,False,False,False,111368.97801574331,False,False,False,False
2025-07-17 19:00:00+00:00,6.255,6.325,6.25,6.275,344914.0,,,,,,,,,,6.221894293412181,6.226985969448413,6.034887347713341,5.9870882279733335,6.196751007067385,6.359587067938796,6.3362836776329585,6.349670957308934,6.356889353598332,6.38031482667176,6.389414362543244,6.387737764983211,6.399527609692109,,,,,,,,,,,,,6.213127268337848,6.121708404359686,6.052200371431278,6.009301363112188,5.970516283664876,6.01041785626782,6.077058211433854,6.338751839244352,6.339088507897978,6.362122790048879,6.330475267225226,6.349323521874983,6.358585520901749,6.401026780810792,,,,6.196751007067385,6.230938843116807,"rgba(38, 166, 154, 0.5)",0.20213069984500528,6.1693325191404185,0.5227680948050355,55.936406925876426,-1.5008037651595671,False,True,True,False,True,8.159240900246179,0.0,0.0,0.0,0.0,0,1.022831050228311,0.9243313763861708,False,False,False,False,0.3208755812789897,0.2733309595027279,False,False,False,False,5162913.0,3456007.2609752323,False,False,False,False,114989.83106976279,False,False,False,False
2025-07-18 14:00:00+00:00,6.24,6.31,6.235,6.24,123781.0,,,,,,,,,,6.224511420210036,6.228284449885014,6.038128753651891,5.990369133289287,6.197152496423219,6.359111941529198,6.335994630144616,6.349350267480984,6.356550303497311,6.379914177927829,6.388988157217831,6.3873546359735425,6.3991208134790165,,,,,,,,,,,,,6.217671217733757,6.12449018150416,6.055393305227215,6.012637339512754,5.973438693913605,6.012489206827778,6.078366489498798,6.338353927149977,6.338689794545578,6.361661649569744,6.330205771097716,6.34899883912917,6.358242131889726,6.400584872185951,,,,6.197152496423219,6.231983166041726,#000000,0.20278073633123728,6.170961153830393,0.34046057539131314,55.767806445743034,-1.391224130849828,False,True,True,False,True,6.440654575646533,0.0,0.0,0.0,0.0,0,1.024151436031332,0.922976501305483,False,False,False,False,0.3046062622420561,0.288968610872392,False,False,False,False,5039132.0,3480551.8305725157,False,False,False,False,115126.12826247964,False,False,False,False
2025-07-18 15:00:00+00:00,6.245,6.26,6.215,6.26,22878.0,,,,,,,,,,6.224757609482906,6.228399328007258,6.038673818764634,5.990930238516521,6.197207129008252,6.359009696584317,6.335929527241729,6.349280033615871,6.356476941261465,6.379830028053534,6.388899423450864,6.3872747222593915,6.399036804786302,,,,,,,,,,,,,6.21813602555982,6.124931261952824,6.055925991692384,6.01320366220362,5.973941558234301,6.01284295607622,6.078584464358903,6.338264945838675,6.338600702186255,6.361562753120944,6.330144135925325,6.348927690150869,6.358168023747983,6.400493740172998,,,,6.197207129008252,6.23212486740834,#000000,0.20331571331132023,6.171197184945795,0.4367730049385242,56.61532257606715,-0.16406311725080513,False,True,True,False,True,7.256976177487761,0.0,0.0,0.0,0.0,0,1.0241042345276876,0.9205211726384364,False,False,False,False,0.2672291627290908,0.2780988868007414,False,False,False,False,5062010.0,3505070.5618814686,False,False,False,False,113695.92472352648,False,False,False,False
2025-07-18 16:00:00+00:00,6.255,6.3,6.245,6.265,77484.0,,,,,,,,,,6.226526793162808,6.229345604685784,6.040719833325798,5.992997573323731,6.197487542604325,6.358740402927591,6.335770156921754,6.349099722732721,6.356284751683564,6.379598504869475,6.388651777989801,6.387052174531994,6.39879902797634,,,,,,,,,,,,,6.220960841388915,6.126707547038619,6.0579437219458265,6.015306037522296,5.975786739994135,6.0141612513864615,6.0794287616516165,6.338045282183696,6.338380473315071,6.361300620969317,6.329997147146785,6.348745234032507,6.357973038634081,6.400235379413722,,,,6.197487542604325,6.232807789634015,#000000,0.20327879936255497,6.172249447583429,0.45627263004021834,57.42835872004673,1.0818175653594722,False,True,True,False,True,7.4621188415748705,0.0,0.0,0.0,0.0,0,1.0239327296248386,0.9159120310478653,False,False,False,False,0.3046062622420561,0.29135257452139873,False,False,False,False,5139494.0,3530410.4601468723,False,False,False,False,113134.49953401442,False,False,False,False
2025-07-18 17:00:00+00:00,6.265,6.29,6.255,6.29,26747.0,,,,,,,,,,6.227216797529865,6.229727260052229,6.041443092824119,5.993725366757955,6.1975949053360075,6.358656516295575,6.335722269803296,6.3490442081128755,6.356224995406909,6.379524870490161,6.388572518793418,6.3869810036718855,6.398722449597622,,,,,,,,,,,,,6.2220196113741,6.127345727026647,6.05865845292882,6.016047278924214,5.976436246747401,6.014627906892271,6.079731150156135,6.337979029631389,6.338314004175702,6.361218709934989,6.329953598549791,6.348689091534664,6.35791228788675,6.400152123670684,,,,6.1975949053360075,6.23306152083344,"rgba(38, 166, 154, 0.5)",0.20150845554881605,6.172634657455381,0.5824338349721842,59.215610607984324,3.221226415414449,False,False,True,False,True,8.489718910932986,0.0,0.0,0.0,0.0,0,1.0251126851255636,0.9175788795878943,False,False,False,False,0.3046062622420561,0.2979794183817274,False,False,False,False,5166241.0,3555772.1739430446,False,False,False,False,111795.15845596768,False,False,False,False
2025-07-18 18:00:00+00:00,6.285,6.3,6.26,6.265,14938.0,,,,,,,,,,6.2275696079003175,6.229923393948816,6.041839457979048,5.994125478827506,6.197652272195772,6.358607801295961,6.335694008545321,6.349011781725316,6.356190235333482,6.37948243969115,6.388526965692887,6.386940077570051,6.398678540500486,,,,,,,,,,,,,6.222560088397126,6.127691996205625,6.059049584534648,6.016454203301741,5.97679378743267,6.014884528391222,6.079896804287835,6.337940027739392,6.338274886190438,6.361171196654246,6.3299277404375305,6.348656291606685,6.357876979874022,6.400104404467491,,,,6.197652272195772,6.23319623850625,#000000,0.19886121739493404,6.172840913114362,0.46343418838984557,58.45882887839076,3.221226415414449,False,False,True,False,True,7.213301537735987,0.0,0.0,0.0,0.0,0,1.0256245996156312,0.9167200512491992,False,False,False,False,0.31272087704856216,0.3053501477151448,False,False,False,False,5151303.0,3580509.085974935,False,False,False,False,110293.49708455733,False,False,False,False
2025-07-18 19:00:00+00:00,6.265,6.3,6.255,6.265,133440.0,,,,,,,,,,6.2304012700034885,6.2315407608812,6.045296473916885,5.997628868637152,6.198150016832371,6.358166513159177,6.335435814618271,6.3487168797920255,6.355874694046926,6.379098909559158,6.38811570853473,6.386570387177311,6.398282415142797,,,,,,,,,,,,,6.226800564046362,6.130680419027097,6.062455296445018,6.020010202496243,5.979932441089586,6.017140116560343,6.08135166908166,6.337584588879319,6.337918432914871,6.3607409116953395,6.329690850773463,6.348357982002248,6.357556589116597,6.39967408401192,,,,6.198150016832371,6.2343328023248565,#000000,0.19778532816174052,6.1745957298006635,0.4570827929431012,57.954307725328384,3.221226415414449,False,False,True,False,True,7.2133015377359975,0.0,0.0,0.0,0.0,0,1.0248407643312103,0.9171974522292993,False,False,False,False,0.3100116187208046,0.3076808832179747,False,False,False,False,5151303.0,3604862.4799908274,False,False,False,False,110652.35759487427,False,False,False,False
2025-07-21 14:00:00+00:00,6.365,6.525,6.365,6.505,160777.0,,,,,,,,,,6.246677591459357,6.241570680010366,6.052714658876611,6.004589425854557,6.200247973705831,6.35882849957286,6.336078941944138,6.349260287366316,6.356373122337572,6.379471243983084,6.388445012057815,6.3868766911062655,6.398535492093456,,,,,,,,,,,,,6.248578555920382,6.138746280262104,6.07001897036611,6.027310438640599,5.986040419995485,6.0218005082670265,6.084797052117531,6.338423619760511,6.338753339195825,6.361352656745662,6.330369824387547,6.348911925365617,6.358044946994575,6.399940170388877,,,,6.200247973705831,6.238693845823056,"rgba(0, 255, 255, 0.75)",0.20212682219899342,6.180442115038531,1.605714083022304,65.23483470560426,9.802887475501315,True,False,True,False,True,16.199209285742374,0.0,0.0,0.0,0.0,0,1.025277435265105,0.8958076448828606,False,False,False,False,0.3428281626931029,0.3252545229555388,False,False,False,False,5312080.0,3631330.9686731403,False,False,False,False,111429.48383371343,False,False,False,False
2025-07-21 15:00:00+00:00,6.505,6.505,6.455,6.465,143646.0,,,,,,,,,,6.260004504934636,6.250199535315851,6.05927952792804,6.010766575842801,6.202164434657636,6.359468106532197,6.336692319538796,6.349783094606877,6.356855249120166,6.379839762781042,6.388774972380076,6.387183113251955,6.398793761176159,,,,,,,,,,,,,6.2656772575866215,6.145841464386758,6.076705376331725,6.033777604796136,5.991480173262498,6.025975159908957,6.087902996138568,6.339222448305614,6.339548415613519,6.361945329097164,6.331015347139443,6.3494446651441825,6.358517975092966,6.40021233816461,,,,6.202164434657636,6.242443785384275,"rgba(38, 166, 154, 1.0)",0.20543947619284258,6.185468544639513,1.360651129669427,67.68117939274534,12.061843243466924,True,False,True,False,True,14.188501250868384,0.0,0.0,0.0,0.0,0,1.036151960784314,0.8988970588235294,False,False,False,False,0.34282816650352393,0.3340413447295314,False,False,False,False,5168434.0,3655162.023422394,False,False,False,False,111928.96470450857,False,False,False,False
2025-07-21 16:00:00+00:00,6.465,6.475,6.425,6.435,230345.0,,,,,,,,,,6.275837743759326,6.261100468011343,6.0686612856066855,6.019721658308911,6.2048505577213495,6.360216636985335,6.337453767589191,6.350413735973695,6.357425989564738,6.380240366666576,6.3891165880515075,6.3875037065611995,6.399042676995393,,,,,,,,,,,,,6.285046975182754,6.155632564273904,6.086204644033797,6.043087689080889,5.999429096764408,6.032074568276307,6.09240355309536,6.3402053326403545,6.340526049563032,6.362634120901014,6.331825350926746,6.350087721102439,6.359075252537982,6.40047125176809,,,,6.2048505577213495,6.24734971873543,"rgba(38, 166, 154, 1.0)",0.2077645496905552,6.1921195642206275,1.1690176988380288,67.59578228489542,12.072750962530847,True,False,True,False,True,12.70859138852937,0.0,0.0,0.0,0.0,0,1.0443196004993758,0.9007490636704119,False,False,False,False,0.3166762017109496,0.32535877322024054,False,False,False,False,4938089.0,3675052.3641445274,False,False,False,False,113764.87222846969,False,False,False,False
2025-07-21 17:00:00+00:00,6.435,6.45,6.4,6.42,165716.0,,,,,,,,,,6.284392806583162,6.267378981338463,6.074760732038042,6.025622305200836,6.206575498026461,6.360611535534153,6.337885948372569,6.350759543029292,6.357731582476998,6.380430128073645,6.389265502979637,6.387646070058662,6.399136454114848,,,,,,,,,,,,,6.295018262644722,6.161790824270522,6.09234638184879,6.04918179560098,6.004707753889501,6.036129404796981,6.095377146171137,6.340757344410936,6.3410746931955115,6.362994126420098,6.3322907983842684,6.350440630751339,6.359371770043783,6.400565939877179,,,,6.206575498026461,6.250298457438359,"rgba(38, 166, 154, 1.0)",0.20772593257240188,6.196161998716282,1.0775640696940914,66.67634915425968,12.072750962530847,True,False,True,False,True,11.972297375430752,0.0,0.0,0.0,0.0,0,1.0406250000000004,0.900625,False,False,False,False,0.2952000385261101,0.3102794058731753,False,False,False,False,4772373.0,3692065.087181046,False,False,False,False,114570.31606988877,False,False,False,False
2025-07-21 18:00:00+00:00,6.425,6.435,6.395,6.425,72409.0,,,,,,,,,,6.287703467913759,6.2698891862121915,6.0773232023848776,6.0281150146908,6.207303493773563,6.360768906124591,6.338062455291477,6.3508992753882065,6.357854112851573,6.380502917905608,6.389320674528698,6.387699255074132,6.399168782528241,,,,,,,,,,,,,6.298784816635549,6.164343832845252,6.094920808386852,6.05174892576428,6.006946137794025,6.0378523455274165,6.096640181821476,6.3409817833109425,6.34129771200927,6.36313716826906,6.332481602985293,6.350583263671278,6.359490413805581,6.4005980355339505,,,,6.207303493773563,6.251501989417022,"rgba(38, 166, 154, 1.0)",0.2079478884825119,6.197818139467363,1.0924941926099079,66.22967561227554,12.072750962530847,True,False,True,False,True,12.151752133252781,0.0,0.0,0.0,0.0,0,1.0393258426966294,0.8995006242197253,False,False,False,False,0.286684137501353,0.2984817716872642,False,False,False,False,4844782.0,3709936.667224751,False,False,False,False,113916.65225485172,False,False,False,False
2025-07-21 19:00:00+00:00,6.425,6.475,6.425,6.465,166955.0,,,,,,,,,,6.296723853491491,6.276724554828095,6.083708226363599,6.034272541436539,6.20925148561991,6.361357564470775,6.338651053772548,6.351393260203311,6.358304898357714,6.380831332264976,6.3896068560965364,6.38796712616709,6.399384733251665,,,,,,,,,,,,,6.309062645684545,6.170863520805681,6.101360250470859,6.058112736431018,6.012467914374687,6.0421435689370515,6.099842758628446,6.341737335495004,6.342049489847232,6.363681415509337,6.333104862486693,6.3510866194168365,6.359931495931299,6.400823687369185,,,,6.20925148561991,6.254683757131735,"rgba(38, 166, 154, 1.0)",0.20960542080882164,6.202133407783096,1.254102070464394,67.24015756106661,12.48498255041865,True,False,True,False,True,13.579336921962916,0.0,0.0,0.0,0.0,0,1.0429906542056078,0.8953271028037384,False,False,False,False,0.3166762017109496,0.3075789866991069,False,False,False,False,5011737.0,3730119.618120491,False,False,False,False,114738.95221989277,False,False,False,False
2025-07-22 14:00:00+00:00,6.455,6.55,6.445,6.515,185557.0,,,,,,,,,,6.30840514145851,6.285657966495705,6.091447443899126,6.041673625080185,6.211799687606908,6.362336505045177,6.339567204984591,6.35219038377594,6.359049017645701,6.381428616836161,6.390154949248846,6.388475221916704,6.399829683182208,,,,,,,,,,,,,6.322300381005401,6.178950440367521,6.109194145474635,6.06578712100353,6.019100468146923,6.0473568563741384,6.10381101031338,6.342918776147455,6.343226037037671,6.364594962538485,6.334061900492575,6.351897972934706,6.360663783562522,6.4012940896631605,,,,6.211799687606908,6.25875473948556,"rgba(38, 166, 154, 1.0)",0.2119949854923095,6.207577450326008,1.4501406670543338,69.32117039083678,14.7315389002176,True,False,True,False,True,15.30876783792695,0.0,0.0,0.0,0.0,0,1.0438001233806293,0.8871067242442935,False,False,False,False,0.34282816829242796,0.32520357749576745,False,False,False,False,5197294.0,3752866.507762034,False,False,False,False,115836.90644904172,False,False,False,False
2025-07-22 15:00:00+00:00,6.515,6.535,6.485,6.515,175949.0,,,,,,,,,,6.318747629607177,6.293801951708163,6.098670010985352,6.048601778438259,6.214243399665335,6.363306498663111,6.340470281071201,6.352979795874062,6.359787934927138,6.382027969214006,6.390707713907031,6.388987548690606,6.400281776657455,,,,,,,,,,,,,6.333793211904634,6.186451306500446,6.116496689372744,6.072957700935106,6.025331549659472,6.0522808676273385,6.107579353872677,6.344080569154883,6.344383164125183,6.365501607043949,6.335003685995444,6.352701266455622,6.361391435763194,6.401772267800026,,,,6.214243399665335,6.262522785610863,"rgba(38, 166, 154, 1.0)",0.21392776839414887,6.212607527771244,1.4135260443217272,70.70851227735022,16.26967971052288,True,False,True,False,True,15.30876783792695,0.0,0.0,0.0,0.0,0,1.0539367637941723,0.8915065096094233,False,False,False,False,0.34282816952628115,0.3340158735110243,False,False,False,False,5197294.0,3775260.732447894,False,False,False,False,116768.87689169223,False,False,False,False
2025-07-22 16:00:00+00:00,6.515,6.54,6.47,6.495,155921.0,,,,,,,,,,6.326639729149952,6.300234146868755,6.104716036472646,6.05444386265358,6.216304200613039,6.364098375233995,6.341216391491239,6.353629173326033,6.360394066368036,6.382513890943862,6.391153221423444,6.389401291201451,6.400643670212834,,,,,,,,,,,,,6.3423610874705725,6.1926253792999715,6.122591788245894,6.078981514641019,6.03061220420884,6.056464812464152,6.110779817302214,6.345036187527277,6.345334862554316,6.366241425795134,6.335783189949251,6.3533620436983425,6.361987903280715,6.402154320529634,,,,6.216304200613039,6.265586385260476,"rgba(38, 166, 154, 1.0)",0.21494388540706214,6.216709205711256,1.294713705215272,70.04092412339752,16.26967971052288,True,False,True,False,True,14.261969504246593,0.0,0.0,0.0,0.0,0,1.0457393483709274,0.9078947368421053,False,False,False,False,0.33858962539287213,0.3363027494519482,False,False,False,False,5041373.0,3794890.3800068414,False,False,False,False,117375.88655228615,False,False,False,False
2025-07-22 17:00:00+00:00,6.495,6.575,6.485,6.56,166275.0,,,,,,,,,6.54,6.336024713334523,6.307893431601737,6.111570449881471,6.061030108922298,6.218760410814408,6.365165452853051,6.342192756801996,6.354493159627218,6.361208617668939,6.383193066818345,6.391787819757189,6.389988690002264,6.4011721235448515,,,,,,,,,,,,,6.352562714762497,6.199732716376681,6.1295187689240205,6.08578749046696,6.0365639153285375,6.061218453179459,6.114465160040617,6.34628887718973,6.346582916495291,6.367242391464695,6.336796709798082,6.354240747427786,6.362791453113317,6.402714245696875,,,,6.218760410814408,6.274684492105954,"rgba(0, 255, 255, 0.75)",0.21713069506347782,6.230128642203114,1.5192295023071145,71.59927128098211,17.513846578676763,True,False,True,False,True,16.510348027889037,0.0,0.0,0.0,0.0,0,1.045056320400501,0.9023779724655819,False,False,False,False,0.342828171428558,0.3395654604402531,False,False,False,False,5207648.0,3816793.598921464,False,False,False,False,118134.01234217317,False,False,False,False
2025-07-22 18:00:00+00:00,6.565,6.565,6.52,6.525,126196.0,,,,,,,,,6.538561726347797,6.342506558162378,6.313308711886746,6.116590914075073,6.065876788046079,6.220580749700672,6.365951442896601,6.342915020529421,6.355131875088061,6.361810480323484,6.383693761691399,6.392255102875457,6.390421613963408,6.4015609647243314,,,,,,,,,,,,,6.359503199464752,6.20488476732838,6.134583052260435,6.09078336933376,6.040959705548556,6.064739661610361,6.117198635936902,6.347212748983363,6.347503367525131,6.367979909357343,6.3375467320428225,6.354890276518764,6.363385108314702,6.403125934651571,,,,6.220580749700672,6.277214146633937,"rgba(38, 166, 154, 1.0)",0.21796834219264113,6.233473556558692,1.3374714901655613,70.04262703629679,17.513846578676763,True,False,True,False,True,14.686188142803289,0.0,0.0,0.0,0.0,0,1.0538847117794488,0.8959899749373433,False,False,False,False,0.3428281725747848,0.341196816507519,False,False,False,False,5081452.0,3836400.7059149295,False,False,False,False,118259.00439888366,False,False,False,False
2025-07-22 19:00:00+00:00,6.525,6.555,6.49,6.51,447800.0,,,,,,,,,6.5263252961865765,6.360589450976176,6.32919538298616,6.132749878478591,6.0816659224477085,6.2265101592590195,6.368389903741765,6.345196737814835,6.357137339473775,6.363692768128514,6.385234581829644,6.393681733255543,6.391747391602076,6.402738106702889,,,,,,,,,,,,,6.378243319499509,6.221016935399618,6.15080471831897,6.106957788436057,6.055398665746973,6.076354899048983,6.126207284866838,6.350109567440997,6.350389121070271,6.370267043404127,6.339922404591211,6.356929498076249,6.365239885328893,6.404368807883049,,,,6.2265101592590195,6.284728411432281,"rgba(38, 166, 154, 1.0)",0.21803582646352318,6.243474383668813,1.2223936802228954,67.93749307708086,17.513846578676763,True,False,True,False,False,13.91110933625152,0.0,0.0,0.0,0.0,0,1.0500312695434648,0.8968105065666042,False,False,False,False,0.3265465497158645,0.33387168311169174,False,False,False,False,4633652.0,3848761.1910945433,False,False,False,False,123368.16712138159,False,False,False,False
2025-07-23 14:00:00+00:00,6.445,6.475,6.415,6.445,102680.0,,,,,,,,,6.516419048477709,6.362534178048503,6.331217032714808,6.1356034129491315,6.08455014041442,6.227503298987446,6.36866998210791,6.345493521505069,6.357384213303652,6.363916353464028,6.385391002022462,6.3938145398822375,6.391873653430691,6.40283556902902,,,,,,,,,,,,,6.380001819752024,6.223629386618812,6.153628915217418,6.109864911982273,6.05808214375138,6.078506832115322,6.127840520702042,6.35047647840425,6.350754176714205,6.370526808045403,6.340238068990399,6.357180738483641,6.3654582097071035,6.404469069524077,,,,6.227503298987446,6.285547429374466,"rgba(38, 166, 154, 0.5)",0.21643087655030688,6.244638855877985,0.9257512020261306,62.51660172626574,16.861637687207747,True,False,True,False,False,10.638563837283304,0.0,0.0,0.0,0.0,0,1.0385332504661284,0.9036668738346799,False,False,False,False,0.2649236175530766,0.2993976503323842,False,False,False,False,4530972.0,3859338.102860519,False,False,False,False,123047.4203443059,False,False,False,False
2025-07-23 15:00:00+00:00,6.445,6.46,6.375,6.375,131083.0,,,,,,,,,6.501200262687613,6.363699871756615,6.332789209549879,6.1386908673632234,6.087748290704654,6.2285177237181495,6.368831010480271,6.345712265986127,6.357548443642567,6.3640542445071535,6.3854507514280945,6.393845884122101,6.391908235551816,6.402837030180927,,,,,,,,,,,,,6.3807608981438975,6.2262659133498355,6.1566520394772,6.113051841167955,6.061091483566299,6.080909577968347,6.129630632303528,6.350736112409121,6.35101190264293,6.370671740531985,6.340479120791496,6.357348208437275,6.365590100981646,6.4044655029827195,,,,6.2285177237181495,6.286091535908719,"rgba(38, 166, 154, 0.5)",0.21342536725374778,6.245502951867536,0.6067556532701246,55.691638709975905,10.785067113761684,False,False,True,False,False,7.3093812898435395,0.0,0.0,0.0,0.0,0,1.035206917850525,0.903026559604694,False,False,False,False,0.24354327470680034,0.2714704625195923,False,False,False,False,4399889.0,3867718.736924697,False,False,False,False,123172.00297462672,False,False,False,False
2025-07-23 16:00:00+00:00,6.375,6.395,6.34,6.355,111164.0,,,,,,,,,6.487077642359582,6.363691200677582,6.333343653407494,6.140866505687389,6.090073154922771,6.229174118422966,6.368809436945669,6.345768599856589,6.357565924981207,6.364052112121476,6.385388466610419,6.393760915012117,6.391835294557542,6.4027389350667505,,,,,,,,,,,,,6.38029297116848,6.227950356722135,6.158752490353151,6.115335737054776,6.063309220357189,6.08267017346189,6.1309113834927915,6.350788369767441,6.351062908715297,6.370644349961736,6.340552926996693,6.357366569483324,6.365583456118868,6.404356254810784,,,,6.229174118422966,6.2861917057863606,"rgba(38, 166, 154, 0.5)",0.209858017210201,6.2457881209841,0.5204084193100418,50.34942125525042,6.25230543177733,False,True,False,True,False,6.386960792965212,0.0,0.0,0.0,0.0,0,1.0389278876834718,0.9036375239310785,False,False,False,False,0.2052084009039275,0.2383394317117599,False,False,False,False,4288725.0,3874245.9658095855,False,False,False,False,122985.83238587281,False,False,False,False
2025-07-23 17:00:00+00:00,6.355,6.37,6.335,6.36,104659.0,,,,,,,,,6.475460184150981,6.363501844614396,6.333707541735394,6.142801366993642,6.092160741994081,6.229748262729661,6.36875860591448,6.345796301922512,6.3575586454714434,6.364026973666003,6.38530811047413,6.393659558452986,6.391746982292979,6.40262758752428,,,,,,,,,,,,,6.379669363095983,6.22940351221346,6.160612402050617,6.117377230712183,6.065310467023859,6.084259175756638,6.1320616493659275,6.350804754618169,6.351078193499854,6.370589566971374,6.340596719568031,6.357359753895331,6.365554198643461,6.404233142203171,,,,6.229748262729661,6.286286605021384,"rgba(38, 166, 154, 0.5)",0.20562392418735648,6.24605633948997,0.5541362025860841,47.10270952119727,3.612201198622749,False,True,False,True,False,6.582556977919207,0.0,0.0,0.0,0.0,0,1.0351662404092075,0.9092071611253197,False,False,False,False,0.19382779516881515,0.21608361344028754,False,False,False,False,4393384.0,3882294.6175024603,False,False,False,False,122701.69544965772,False,False,False,False
2025-07-23 18:00:00+00:00,6.365,6.395,6.365,6.385,111185.0,,,,,,,,,6.467444737884454,6.363912769791064,6.3345486265065,6.145072480932977,6.094564137632131,6.230481139437322,6.368808885143591,6.345910292165403,6.3576310861339715,6.36407886202294,6.385297909651628,6.393626334860712,6.391721373100227,6.402575777583546,,,,,,,,,,,,,6.379720342719649,6.231231434872962,6.16281586590688,6.119747413275121,6.067599594330466,6.0860913513607375,6.133415402664165,6.350931780868368,6.35120383229588,6.370630622463582,6.340728550720904,6.357433894613036,6.365601379676211,6.404173501278025,,,,6.230481139437322,6.286741149117226,"rgba(38, 166, 154, 0.5)",0.2025942779089549,6.246775796018566,0.6822710167734899,46.540066337223436,3.233671466524356,False,True,False,True,False,7.563386222498902,0.0,0.0,0.0,0.0,0,1.0383631713554988,0.903452685421995,False,False,False,False,0.21473232894650324,0.2154079711933954,False,False,False,False,4504569.0,3891942.282347383,False,False,False,False,122523.14203183356,False,False,False,False
2025-07-23 19:00:00+00:00,6.385,6.405,6.365,6.365,81148.0,,,,,,,,,6.4622130314935,6.3641469949475376,6.3351019753633615,6.146679999633122,6.096273134397553,6.230999883939522,6.368835885292295,6.345985318053677,6.357676388257913,6.364109399295553,6.385283699429097,6.3935954767151895,6.3916965951226885,6.40253212318536,,,,,,,,,,,,,6.37969497697425,6.232509121215079,6.164372451592664,6.1214289452776,6.069231992523355,6.087399451868554,6.134381059252573,6.35101384904146,6.351284917091727,6.3706514025432845,6.340816443329992,6.357480317002077,6.365628531867055,6.404123753844613,,,,6.230999883939522,6.287071785855919,"rgba(38, 166, 154, 0.5)",0.1983644157641454,6.24729825330501,0.5933611945548617,45.13740346335915,1.8213632840747493,False,True,False,True,False,6.608338627853755,0.0,0.0,0.0,0.0,0,1.0352112676056338,0.9071702944942381,False,False,False,False,0.21855257599701006,0.21698027359520272,False,False,False,False,4423421.0,3900182.262466028,False,False,False,False,121881.66696157257,False,False,False,False
2025-07-24 14:00:00+00:00,6.325,6.42,6.315,6.385,84066.0,,,,,,,,,6.457117222367718,6.364299010999689,6.335596046863114,6.148286679303894,6.097991009273826,6.231515349440071,6.368849054556149,6.346050719287339,6.357711801627457,6.364129824909017,6.385258492906314,6.3935532100331525,6.391661454506576,6.402477754404373,,,,,,,,,,,,,6.379576692134426,6.233764964765885,6.165924340762768,6.123114576967088,6.070878036568292,6.08871921959861,6.135353102462597,6.351082885882152,6.351352974430598,6.3706588770352806,6.340894986883334,6.357516712622511,6.365645516470848,6.404062466864112,,,,6.231515349440071,6.287393652326085,"rgba(38, 166, 154, 0.5)",0.19516855731847527,6.247812941761089,0.7029157776426519,45.566064150632535,1.8213632840747493,False,True,False,True,False,7.4061834147772245,0.0,0.0,0.0,0.0,0,1.0305149396058488,0.9040050858232678,False,False,False,False,0.2052084009039275,0.2110943372495651,False,False,False,False,4507487.0,3909597.8397921356,False,False,False,False,121295.37755131563,False,False,False,False
2025-07-24 15:00:00+00:00,6.385,6.395,6.355,6.365,106557.0,,,,,,,,,6.451328005935863,6.3644503750318915,6.336177385097691,6.150275924168896,6.100125111841602,6.232155765735628,6.368859473632568,6.346128132962657,6.357751695311285,6.364150920545021,6.385222250955008,6.393495492899153,6.391613072286368,6.402405205715671,,,,,,,,,,,,,6.3793945616832435,6.235306338130233,6.167843061593202,6.125205017922619,6.072927672063103,6.0903649770404815,6.136565349320198,6.351163272566113,6.351432142882701,6.370662424630922,6.3409889130718975,6.357557770063028,6.365662293815335,6.403980938527704,,,,6.232155765735628,6.287807773156015,"rgba(38, 166, 154, 0.5)",0.19193216237765903,6.248471242397519,0.6071351260722571,44.70804640859623,0.8413850961334077,False,True,False,True,False,6.436768462214481,0.0,0.0,0.0,0.0,0,1.0368722186904007,0.904640813731723,False,False,False,False,0.21091824510677687,0.211006291178171,False,False,False,False,4400930.0,3917215.3926635752,False,False,False,False,121066.87557377585,False,False,False,False
2025-07-24 16:00:00+00:00,6.365,6.38,6.34,6.345,50123.0,,,,,,,,,6.448352997283935,6.364359922507279,6.336319006963912,6.151129913730398,6.10105658671232,6.23241924264621,6.3688354081228455,6.346140726868075,6.35774800000618,6.364138888161648,6.385184391770087,6.393447799953521,6.3915714461407305,6.402352758445151,,,,,,,,,,,,,6.379133180502921,6.235932356467073,6.168660487077229,6.126110544797164,6.073828913080815,6.091087041277252,6.137091163544192,6.351170307789779,6.351438671637765,6.370636532978764,6.34100900119155,6.357554283792676,6.365648337183319,6.403923023904726,,,,6.23241924264621,6.2879373482418774,"rgba(38, 166, 154, 0.5)",0.1889410270738485,6.248700119784867,0.5096822098754319,43.035863844803856,-1.1136844781940312,False,True,False,True,False,5.470801737727047,0.0,0.0,0.0,0.0,0,1.0333975594091205,0.9158638407193324,False,False,False,False,0.1995117222479142,0.2052590067130426,False,False,False,False,4350807.0,3923937.743164915,False,False,False,False,119966.9705261204,False,False,False,False
2025-07-24 17:00:00+00:00,6.345,6.355,6.325,6.335,64803.0,,,,,,,,,6.444128644891183,6.36404179169191,6.336338412873129,6.152134112205967,6.102172447761914,6.232712127532176,6.368767085915572,6.346126424326958,6.357714350044883,6.3640950935716205,6.38510863540857,6.393359659995685,6.3914933062441515,6.402261316403664,,,,,,,,,,,,,6.378575708633484,6.236620139168084,6.169613211233261,6.127186276308095,6.074917043995269,6.091956175819217,6.137715528224135,6.351139947260813,6.351407739996425,6.3705676396525694,6.341004050641736,6.357520472028412,6.365602188963843,6.403822910697749,,,,6.232712127532176,6.288020996325797,#000000,0.18539359153917037,6.248892497064823,0.4644578176640169,41.37338937244404,-3.0249772571403994,False,True,False,True,False,4.986736893344208,0.0,0.0,0.0,0.0,0,1.0369649805447472,0.91958495460441,False,False,False,False,0.18438181207242121,0.1948204093927319,False,False,False,False,4286004.0,3929551.173503443,False,False,False,False,119111.7151691263,False,False,False,False
2025-07-24 18:00:00+00:00,6.335,6.355,6.32,6.345,57437.0,,,,,,,,,6.440701576803716,6.363784116773802,6.336369414002971,6.1530230889450195,6.103159652577784,6.23297444507994,6.36871008738524,6.346116493023429,6.3576871787814815,6.3640589043080595,6.385044079788532,6.393284133076394,6.391426405186489,6.402182593770293,,,,,,,,,,,,,6.378114128559857,6.237231928629239,6.170456995345229,6.1281381106088855,6.07588008769811,6.0927266023960165,6.138270263640115,6.351116643984176,6.351383925390104,6.370509966992123,6.34100240679293,6.35749319740226,6.365563908466307,6.403736683972483,,,,6.23297444507994,6.288112053458069,"rgba(38, 166, 154, 0.5)",0.1792203334667604,6.249083362336644,0.5351883673464163,41.18397807914175,-3.5787564721444625,False,True,False,True,False,5.413868620200191,0.0,0.0,0.0,0.0,0,1.0259909031838859,0.9226770630279404,False,False,False,False,0.1824965654015238,0.18865848739712787,False,False,False,False,4343441.0,3935968.070038273,False,False,False,False,118155.51803472123,False,False,False,False
2025-07-24 19:00:00+00:00,6.345,6.38,6.345,6.345,154309.0,,,,,,,,,6.4338748090491205,6.363584911535204,6.336820830127684,6.155579474686014,6.105955530680062,6.233781634030548,6.368646318110417,6.346162240906946,6.357682990688552,6.364029196016599,6.384935392162058,6.393145416560459,6.391305499988972,6.4020285048301275,,,,,,,,,,,,,6.377446142743066,6.239101085502209,6.172901873635095,6.130851513668336,6.0785941620951744,6.094910834136032,6.139867541171041,6.351147660587593,6.351413388170321,6.370440151560609,6.341071004496999,6.357489755020993,6.365528311390923,6.4035664541409165,,,,6.233781634030548,6.288598486749282,"rgba(38, 166, 154, 0.5)",0.17146958861509118,6.249890640503232,0.5546718824307991,41.05770388360689,-4.135089335963535,False,True,False,True,False,5.413868620200191,0.0,0.0,0.0,0.0,0,1.0305591677503252,0.9167750325097531,False,False,False,False,0.20140917795624863,0.19503383267668825,False,False,False,False,4343441.0,3942285.479805121,False,False,False,False,118716.0371349581,False,False,False,False
2025-07-25 14:00:00+00:00,6.295,6.35,6.265,6.3,66969.0,,,,,,,,,6.429485885083846,6.362881837290668,6.336516628093177,6.156389108920449,6.106903702770562,6.2339827650869,6.368500396164613,6.346084923649537,6.357589325480393,6.363926419388395,6.384802742034131,6.393000736479058,6.391175412838742,6.40188615650562,,,,,,,,,,,,,6.376479962374895,6.239545651407736,6.1736503301160575,6.1317442926184516,6.079539958247461,6.095662669301203,6.140390025904021,6.351036005204311,6.351301317932189,6.370297232839897,6.341002579328757,6.35739505004935,6.365423394213201,6.403411992056396,,,,6.2339827650869,6.28854131759917,#000000,0.16491553939863843,6.2499110476480055,0.30372487962409583,38.22340479101736,-7.15348433821319,False,True,False,True,False,3.179100116951183,0.0,0.0,0.0,0.0,0,1.0266060999351072,0.9182349123945494,False,False,False,False,0.1599694576552247,0.17750164516595646,False,False,False,False,4276472.0,3947466.6661647316,False,False,False,False,117913.75748945486,False,False,False,False
2025-07-25 15:00:00+00:00,6.295,6.315,6.25,6.255,64112.0,,,,,,,,,6.424555608304943,6.361864703442671,6.335943618618671,6.156992606991884,6.107659242246792,6.23408886891357,6.3682919723598275,6.345954335076372,6.35744616088658,6.363775666803503,6.384625934662558,6.392812991430453,6.391005613651299,6.401705858627252,,,,,,,,,,,,,6.375179632013274,6.23976246473849,6.1741881132625185,6.132435794167155,6.080311893693411,6.096269286716952,6.140791501947447,6.350856438155091,6.351121502862832,6.37009492470931,6.340879912677606,6.357250101959735,6.365270832260968,6.403217136288702,,,,6.23408886891357,6.288336964356104,#000000,0.15811824176352027,6.249746926291756,0.033222439420368184,34.322949100771154,-10.966640276448025,False,True,False,True,False,1.0232336932281427,0.0,0.0,0.0,0.0,0,1.0271317829457365,0.9153746770025841,False,False,False,False,0.1413200168382495,0.15941083100210296,False,False,False,False,4212360.0,3951573.5395575264,False,False,False,False,117079.62171442455,False,False,False,False
2025-07-25 16:00:00+00:00,6.255,6.265,6.23,6.245,69282.0,,,,,,,,,6.418686373172409,6.360467860171289,6.335077166691624,6.157489920005754,6.108337852250402,6.234125411739228,6.368004802363269,6.345762115557489,6.357243122298486,6.363565453204593,6.384389868970916,6.392565633446305,6.390781212996437,6.401471233858191,,,,,,,,,,,,,6.373452402106696,6.2398100115045745,6.1746082127048725,6.133035505222031,6.081024899396406,6.096822154245183,6.141135894193319,6.350596892564075,6.350861822925295,6.369817259885979,6.340695717474965,6.3570444291325465,6.3650588801683075,6.40296412481194,,,,6.234125411739228,6.28798718645584,#000000,0.15171918702563736,6.24941146645874,-0.02907652318223138,31.331210491761993,-13.791749608180233,False,True,False,True,False,0.5508099497132513,0.0,0.0,0.0,0.0,0,1.0265888456549939,0.9241245136186773,False,False,False,False,0.11537099919638408,0.1373909150992435,False,False,False,False,4143078.0,3954542.600959735,False,False,False,False,116338.5733157513,False,False,False,False
2025-07-25 17:00:00+00:00,6.245,6.335,6.245,6.325,30377.0,,,,,,,,,6.417017672624568,6.360156895972816,6.334935597605658,6.157839646022938,6.108750780616511,6.234211340437109,6.367936197724721,6.345724717252766,6.357198496535327,6.363516774897811,6.384327852351602,6.392498227334577,6.390720508939799,6.401405055014732,,,,,,,,,,,,,6.373031855542811,6.239996224089525,6.174930296087872,6.133422782762082,6.081438760443726,6.097151786870095,6.141364518852918,6.350543507942735,6.3508082576275475,6.369750105835261,6.340662289761043,6.356999306679955,6.3650092486006296,6.402892394747514,,,,6.234211340437109,6.287968925618904,"rgba(38, 166, 154, 0.5)",0.14774420919738246,6.249429773264816,0.5114936629037314,36.427253316148175,-18.870952007803158,False,True,False,True,True,4.145147717512135,0.0,0.0,0.0,0.0,0,1.0212903225806453,0.9206451612903228,False,False,False,False,0.1469040260973235,0.1421474705982835,False,False,False,False,4173455.0,3957936.5916425297,False,False,False,False,115005.83574496445,False,False,False,False
2025-07-25 18:00:00+00:00,6.325,6.37,6.32,6.37,77316.0,,,,,,,,,6.4147872187500345,6.360066269877669,6.335131895502045,6.159039192064289,6.110073213205717,6.234595827316442,6.367897861342231,6.345741106229345,6.357190613372882,6.36349643241377,6.3842688237830245,6.392424446618773,6.390655800049884,6.401324061435281,,,,,,,,,,,,,6.372742450422231,6.240858019755169,6.176073960107516,6.134700762117756,6.082730644175641,6.098196755077848,6.142130097549749,6.350551233612402,6.350815236064788,6.369709035617635,6.340689851706278,6.356991719657764,6.3649860280271815,6.402803235125724,,,,6.234595827316442,6.288235547774727,"rgba(38, 166, 154, 0.5)",0.1420545194159446,6.249859146070819,0.8457376394861527,42.542912907720336,-13.424476033722037,False,True,False,True,True,6.055677740492786,0.0,0.0,0.0,0.0,0,1.0329032258064517,0.914193548387097,False,False,False,False,0.18815621084410353,0.16515184072119352,False,False,False,False,4250771.0,3962476.6599891568,False,False,False,False,114421.49720628283,False,False,False,False
2025-07-25 19:00:00+00:00,6.365,6.395,6.36,6.385,71085.0,,,,,,,,,6.41370198166205,6.360306743919893,6.335567766531395,6.16027874433802,6.111408421592233,6.2350260448946155,6.367927001829028,6.345808818731064,6.357233304854006,6.363526687537602,6.384261362141439,6.392402964357471,6.390638870500267,6.401291080178417,,,,,,,,,,,,,6.372839176620152,6.241824011344459,6.177268842891695,6.136004433995058,6.084023614457625,6.099249647826573,6.142917372063183,6.350626021364053,6.35088920450102,6.369732651605308,6.340768310762524,6.35703541641575,6.365013430693536,6.402765579276994,,,,6.2350260448946155,6.288625679077191,"rgba(38, 166, 154, 0.5)",0.135988970140995,6.25103410309992,0.985123254931499,47.4368590847325,-9.209506431947666,False,True,False,False,True,6.682249043380981,0.0,0.0,0.0,0.0,0,1.0337443218689166,0.9188838416612592,False,False,False,False,0.2128245245017604,0.18898818261147696,False,False,False,False,4321856.0,3968048.432702503,False,False,False,False,113749.61352866604,False,False,False,False
2025-07-28 14:00:00+00:00,6.205,6.3,6.195,6.29,100809.0,,,,,,,,,6.407260734866332,6.358647587725296,6.334563497049068,6.1610789760783975,6.11245513262277,6.23513736112781,6.367565386587193,6.345573630886658,6.356980314451828,6.363262557022479,6.383958221641275,6.392083180258183,6.390348936336058,6.400985497707963,,,,,,,,,,,,6.261666666666667,6.370776927911699,6.2420174669732695,6.177964365664503,6.136944454317834,6.085112638257779,6.10010569155467,6.143472132434538,6.350306783036599,6.350569662472899,6.369382102132097,6.3405450472657465,6.356779248717116,6.364746626407923,6.402435920136689,,,,6.23513736112781,6.283074928554899,#000000,0.12917785769599716,6.242430966911971,0.368244480412245,45.38652360524947,-9.209506431947666,False,True,False,True,True,2.1509813607919526,0.0,0.0,0.0,0.0,0,1.0210727969348663,0.9150702426564498,False,False,False,False,0.11537099919638408,0.15217959090393052,False,False,False,False,4221047.0,3971970.8911102163,False,False,False,False,113548.98386155494,False,False,False,False
2025-07-28 15:00:00+00:00,6.285,6.325,6.265,6.315,24672.0,,,,,,,,,6.406177082245787,6.3584139815946585,6.334454449361287,6.161350022569107,6.112777166348156,6.235205326592205,6.367510546768396,6.345543615584058,6.356944500371664,6.363223491280614,6.3839084513869855,6.39202908569955,6.390300171558767,6.4009323271568235,,,,,,,,,,,,6.269531443007308,6.370464590496799,6.242159456470683,6.178213359093254,6.137245474292133,6.085437059552825,6.100365358137423,6.143652797693672,6.350264101327932,6.350526835889216,6.369328385549076,6.3405182095510195,6.356743042039227,6.364706795696661,6.402378332893861,,,,6.235205326592205,6.283386621716006,"rgba(38, 166, 154, 0.5)",0.1250495397328423,6.2427994352020395,0.5773756940826111,45.51054858434748,-9.209506431947666,False,True,False,True,True,3.2202438651727725,0.0,0.0,0.0,0.0,0,1.0305732484076437,0.9082802547770702,False,False,False,False,0.1506317375732467,0.1514056642385886,False,False,False,False,4245719.0,3976215.04783719,False,False,False,False,112171.04612726725,False,False,False,False
2025-07-28 16:00:00+00:00,6.315,6.34,6.305,6.32,39988.0,,,,,,,,,6.404794401745161,6.358171415851427,6.334386112359885,6.161849419036468,6.113351810933205,6.235348250239316,6.367448796286625,6.345517189516149,6.356907518130915,6.363180817038199,6.38384749819643,6.391960922339801,6.3902390570870855,6.400863608715117,,,,,,,,,,,,6.282130681074198,6.370109745617668,6.242465026743476,6.178679837419768,6.1377900959032035,6.086009261728208,6.1008264771722125,6.1439816941548795,6.350223486710792,6.350485929968832,6.369267184663128,6.34049714151927,6.35670573285352,6.364662792795645,6.402303643693472,,,,6.235348250239316,6.283945532706343,"rgba(38, 166, 154, 0.5)",0.12096615564206,6.243654095742045,0.6311344181579497,45.8979111312823,-9.209506431947666,False,True,False,True,True,3.4346156186308434,0.0,0.0,0.0,0.0,0,1.0491480996068154,0.9023591087811274,False,False,False,False,0.17121149927843748,0.16130858175851304,False,False,False,False,4285707.0,3981013.3726769234,False,False,False,False,111051.92913304605,False,False,False,False
2025-07-28 17:00:00+00:00,6.325,6.345,6.315,6.335,61568.0,,,,,,,,,6.4029975406376165,6.357904753695276,6.3343639197828185,6.162659999352381,6.114272590716795,6.235592769401155,6.367374741900541,6.345493627859502,6.356866843813912,6.363131069874369,6.383768939108192,6.391871124840735,6.390158865060081,6.400771368314873,,,,,,,,,,,,6.295563872848919,6.369684102726782,6.2429897622760935,6.179441971495706,6.1386676311036785,6.086922015735355,6.101564678465984,6.144514080070675,6.350182997846995,6.350444950289817,6.369192993969231,6.3404819731168915,6.356664794167174,6.3646109351285,6.402203144949942,,,,6.235592769401155,6.284614142215374,"rgba(38, 166, 154, 0.5)",0.11757083354688411,6.244776231901699,0.7673992381990089,47.11271452850534,-9.209506431947666,False,True,False,True,True,4.082968298532599,0.0,0.0,0.0,0.0,0,1.047994740302433,0.9026955950032876,False,False,False,False,0.1768484597271585,0.16907852074283578,False,False,False,False,4347275.0,3986691.8475191416,False,False,False,False,110284.7364333089,False,False,False,False
2025-07-28 18:00:00+00:00,6.335,6.35,6.32,6.335,65566.0,,,,,,,,,6.401263612329617,6.357661948165848,6.334369400089898,6.16353160888575,6.115259565616963,6.235860792762717,6.367303545434848,6.345474651936963,6.356829382641534,6.363083858879929,6.383690874056277,6.391781068249276,6.390078559713438,6.400678133369475,,,,,,,,,,,,6.304400655495671,6.369279908121075,6.24356257841979,6.180262881380405,6.139609447876028,6.08789974973395,6.102356955552313,6.145087765268283,6.350147800878091,6.350409217234238,6.369121296344028,6.340471963381235,6.356627137796071,6.36456145856553,6.402101476957039,,,,6.235860792762717,6.2851251222738815,"rgba(38, 166, 154, 0.5)",0.11504570184722981,6.245671060245864,0.7764648163280067,47.92258345998737,-8.118164889352585,False,True,False,False,True,4.082968298532599,0.0,0.0,0.0,0.0,0,1.0513157894736846,0.8967105263157897,False,False,False,False,0.1806126008894747,0.17484556081615524,False,False,False,False,4347275.0,3992282.283991713,False,False,False,False,109591.42269015683,False,False,False,False
2025-07-28 19:00:00+00:00,6.335,6.34,6.285,6.29,67619.0,,,,,,,,,6.3987969112531955,6.357092442924033,6.334110735937805,6.164265659519906,6.116130532521087,6.236052510892717,6.367162561030638,6.345399309227514,6.356737972428438,6.362983501020917,6.383561182586736,6.391639576842638,6.389951007579657,6.4005384611161,,,,,,,,,,,,6.304513161328291,6.368516534934213,6.243954521187753,6.180938080095101,6.140423649558465,6.088778612765038,6.103063785254216,6.145582914016391,6.350040120311906,6.3503011279328385,6.368982932748691,6.340405291312083,6.356534758595741,6.364458998402336,6.40195021368954,,,,6.236052510892717,6.285151512311441,#000000,0.11175854765064336,6.245685644697563,0.39651871140061395,45.66078271329029,-8.118164889352585,False,True,False,True,True,1.9065579620026867,0.0,0.0,0.0,0.0,0,1.0492772667542711,0.896846254927727,False,False,False,False,0.16371221530168595,0.1692788880589206,False,False,False,False,4279656.0,3996737.690441454,False,False,False,False,108940.68745465051,False,False,False,False
2025-07-29 14:00:00+00:00,6.265,6.295,6.24,6.26,68848.0,,,,,,,,,6.395394886156597,6.356089464619425,6.3334965043285205,6.1647950527126785,6.1168230726315755,6.2361340090604,6.366927720415932,6.345247215722191,6.356573531003648,6.362811429848151,6.3833625621262255,6.391429694093404,6.389760563484533,6.400337303005177,,,,,,,,,,,,6.298172932155593,6.367279807088512,6.244090339783221,6.181398835893014,6.141044959175703,6.089501974766466,6.1036368583434095,6.145958211817449,6.349834107698906,6.350094891793789,6.368754976728149,6.3402612613707365,6.356368296919029,6.36428509968448,6.4017333411062145,,,,6.2361340090604,6.284733520073752,#000000,0.1092320861681986,6.2449112040277885,0.13813519911152386,42.6050755986025,-8.118164889352585,False,True,False,True,False,0.4932123049099779,0.0,0.0,0.0,0.0,0,1.0452755905511815,0.900918635170604,False,False,False,False,0.12557107191549574,0.14742497998720816,False,False,False,False,4210808.0,4000056.6099694935,False,False,False,False,108319.09540109003,False,False,False,False
2025-07-29 15:00:00+00:00,6.265,6.275,6.235,6.255,92196.0,,,,,,,,,6.390771905368733,6.354636329443718,6.332573254139736,6.1654254382600495,6.117678530234784,6.236204869369828,6.36658423758154,6.345019174097528,6.3563302981892456,6.362558488048118,6.383075241109483,6.391127577790783,6.389486073934751,6.400049025626498,,,,,,,,,,,,6.290536961934982,6.365511760674404,6.244183814744012,6.18193512735922,6.141800983686368,6.090406727504705,6.104350785093451,6.146415194097677,6.349527453684444,6.349788000823753,6.3684220052177105,6.340043733938988,6.356122036404979,6.364029818774474,6.401422834033206,,,,6.236204869369828,6.284157286791277,#000000,0.10689107868625329,6.243908968820467,0.10376012026305334,40.31581340051645,-4.046281330965769,False,True,False,True,False,0.2579998255224645,0.0,0.0,0.0,0.0,0,1.0420223243598166,0.9061063690085359,False,False,False,False,0.11044686415077536,0.12893592206899177,False,False,False,False,4118612.0,4001894.678031982,False,False,False,False,108069.1249297553,False,False,False,False
2025-07-29 16:00:00+00:00,6.255,6.325,6.255,6.295,62597.0,,,,,,,,,6.388604668873838,6.354027697356912,6.332249176230308,6.166021598185128,6.118406816859066,6.2363459452273196,6.366428465879796,6.3449277980974985,6.3562253348549795,6.362445741793692,6.382936534269192,6.390978261685503,6.389350982045796,6.39990326204485,,,,,,,,,,,,6.290658079606574,6.3647306069027385,6.244458441709913,6.182475316537358,6.142473022100902,6.0911509912435,6.104948729767936,6.146827324241397,6.349400700920445,6.3496609277949005,6.3682697667316575,6.339960078995036,6.356015896809571,6.363915233696402,6.401265367039642,,,,6.2363459452273196,6.284142595787443,#000000,0.10466734090565362,6.24393233981351,0.48790443842957787,42.157218414223685,-4.046281330965769,False,True,False,True,False,2.111844426003554,0.0,0.0,0.0,0.0,0,1.0400262467191606,0.9068241469816276,False,False,False,False,0.13764530333449554,0.13329061270174364,False,False,False,False,4181209.0,4004674.745039238,False,False,False,False,107364.13074479785,False,False,False,False
2025-07-29 17:00:00+00:00,6.295,6.335,6.295,6.33,49908.0,,,,,,,,,6.387429031824989,6.353767478505533,6.332172290607547,6.166599169908549,6.119077362301071,6.236515255196221,6.36635162603176,6.34489380543007,6.356178513401541,6.362391988333965,6.382860483203462,6.390893406826973,6.389274704699202,6.399817675370067,,,,,,,,,,,,6.292968687954062,6.3643565059096785,6.244805187272263,6.1830129799359845,6.143105467384172,6.0918237457509345,6.105494665029796,6.147218190786724,6.349349439626798,6.3496093143550505,6.368193555062207,6.339932597988844,6.355968673177334,6.363859861151024,6.4011725161098365,,,,6.236515255196221,6.284317435045183,"rgba(38, 166, 154, 0.5)",0.10443442703226553,6.244283830637999,0.8207654486917327,45.8042265848585,-4.046281330965769,False,True,False,True,True,3.691035632445274,0.0,0.0,0.0,0.0,1,1.038663171690695,0.9076015727391876,False,False,False,False,0.15719509533632106,0.14524285401903236,False,False,False,False,4231117.0,4008185.4776742887,False,False,False,False,106473.33802007229,False,False,False,False
2025-07-29 18:00:00+00:00,6.33,6.355,6.325,6.345,66754.0,,,,,,,,,6.386403631996723,6.353644958163757,6.332251336793905,6.167473117342772,6.120063269220668,6.236799141004676,6.3662971028245865,6.344887930067217,6.356153468914428,6.362356941750505,6.382794010969379,6.390814817121374,6.389204770123985,6.399734482852874,,,,,,,,,,,,6.297609185967667,6.364105495699184,6.245396238337565,6.183838299254819,6.14404713059021,6.09280228320908,6.1062938779845775,6.147803454589767,6.349331564654192,6.3495908709602,6.368137653552614,6.339935785449021,6.355943634679554,6.363822495339775,6.4010817164233424,,,,6.236799141004676,6.284711315172674,"rgba(38, 166, 154, 0.5)",0.10404447247336246,6.245026852556114,0.9608693769818579,49.184426729469905,-6.639915627099057,False,False,False,False,True,4.360339750638939,0.0,0.0,0.0,0.0,1,1.0405759162303667,0.9057591623036652,False,False,False,False,0.17686481191597378,0.16105383296750309,False,False,False,False,4297871.0,4012676.726082439,False,False,False,False,105857.5343298386,False,False,False,False
2025-07-29 19:00:00+00:00,6.345,6.38,6.325,6.34,112551.0,,,,,,,,,6.385017712466037,6.3535558039729905,6.332473961084678,6.168982692658615,6.121755351163535,6.237304542183808,6.366230452209175,6.344898473889734,6.356130779988615,6.362317072343111,6.382700508271477,6.39070077405694,6.389103791531471,6.399610795413592,,,,,,,,,,,,6.30463073562619,6.363816695619786,6.246444506825185,6.185268523560552,6.145667647253128,6.094478644636287,6.107667038918132,6.14881596591813,6.349327664064117,6.349585966721365,6.3680675356582395,6.3399617307754665,6.355921236889797,6.363778649996259,6.400946356527655,,,,6.237304542183808,6.285391995707776,"rgba(38, 166, 154, 0.5)",0.1036084103859851,6.246216452980743,0.9051731096913214,51.022909586267986,-4.8618887291099,False,False,True,False,True,4.107787480999352,0.0,0.0,0.0,0.0,1,1.0430809399477812,0.9020887728459532,False,False,False,False,0.18674976740330754,0.1739018001854053,False,False,False,False,4185320.0,4015353.365988137,False,False,False,False,105961.30899139149,False,False,False,False
2025-07-30 14:00:00+00:00,6.33,6.335,6.24,6.295,74629.0,,,,,,,,,6.382778187645786,6.352856250200336,6.332087642634516,6.1696487637128445,6.122578242690347,6.2374623966035445,6.366043372655645,6.344787301689295,6.356003802459282,6.362181002720819,6.382534029038822,6.390521842103097,6.388941704950299,6.399436184263409,,,,,,,,,,,,6.3034007356047335,6.362931217575014,6.246736638833338,6.185868853876812,6.1464228404805885,6.0953254651877975,6.108350365107316,6.149287065895045,6.349174346872177,6.349432281788309,6.36788469225404,6.339859586604459,6.3557928442183185,6.363640430235731,6.400757898851337,,,,6.2374623966035445,6.285322734263397,#000000,0.10332935185591241,6.244996333446845,0.4839250963548357,48.895782202469995,-4.8618887291099,False,False,False,False,True,1.861461253081984,0.0,0.0,0.0,0.0,1,1.029754204398448,0.9087968952134543,False,False,False,False,0.1356963028926138,0.15479905153900955,False,False,False,False,4110691.0,4016831.468841034,False,False,False,False,105475.53675896682,False,False,False,False
2025-07-30 15:00:00+00:00,6.295,6.3,6.185,6.215,88096.0,,,,,,,,,6.378732776922022,6.35132319028547,6.331038609348491,6.170059859777504,6.123214032180358,6.23744784701732,6.365660024085364,6.344521508956887,6.355726388334336,6.361895452872054,6.382218399489107,6.390192828030159,6.388641857298906,6.399124418525775,,,,,,,,,,,,6.297075001289539,6.361121698856776,6.246631352565143,6.186187861895532,6.146956348562357,6.096027461559672,6.108900849762757,6.1496168177199015,6.348822039532601,6.349079875300701,6.367513715735852,6.339603117839382,6.35551193976615,6.363352891284363,6.40042285737266,,,,6.23744784701732,6.284729562437587,#000000,0.10391684998940123,6.242627415498463,-0.2658607867855967,43.47662277657832,-0.30643470702590747,False,True,False,True,False,0.0,0.0,0.0,0.0,0.0,1,1.0211267605633805,0.9161331626120361,False,False,False,False,0.10077449098578081,0.12778677126239518,False,False,False,False,4022595.0,4016920.8259132663,False,False,False,False,105206.08657665724,False,False,False,False
2025-07-30 16:00:00+00:00,6.215,6.24,6.215,6.235,45946.0,,,,,,,,,6.376662199999819,6.350516981163,6.330481920325646,6.1702609813720715,6.123532787213455,6.23743418471249,6.365455953839677,6.344379247805208,6.3555782748580825,6.361743179128426,6.382050640199219,6.390018143507833,6.388482584813248,6.398959022828794,,,,,,,,,,,,6.294058767320416,6.360173760410258,6.246563494215202,6.1863408998584655,6.147221368502037,6.096381938269842,6.109178392910687,6.149780966522995,6.348633865564822,6.34889165844566,6.367316259063239,6.339465667038511,6.355361963200182,6.363199598028665,6.400245174435166,,,,6.23743418471249,6.284426597998724,#000000,0.10386508053702631,6.241709526962374,-0.06459848610989322,41.44249030454398,-2.1835074202787226,False,True,False,True,False,0.0,0.0,0.0,0.0,0.0,0,1.0213869086195726,0.9325988334413481,False,False,False,False,0.08919223864342032,0.10848950495290775,False,False,False,False,4068541.0,4017721.1386898044,False,False,False,False,104287.325544461,False,False,False,False
2025-07-30 17:00:00+00:00,6.235,6.295,6.23,6.285,89611.0,,,,,,,,,6.373842686278166,6.34948680255115,6.329838903202952,6.170909446785675,6.124380552942119,6.237550280852759,6.365176717372344,6.344199479248634,6.355382097640403,6.361537065928977,6.381810306383887,6.3897634316255365,6.388251036541427,6.398713520466954,,,,,,,,,,,,6.292118861189043,6.358919988363071,6.246748523249201,6.186906986431209,6.147980843963177,6.097273281679097,6.109894059061962,6.150257872877572,6.348391736769251,6.348649205148431,6.367044483586665,6.339296175801311,6.35516348837801,6.362991112617112,6.399980866060074,,,,6.237550280852759,6.284230038332088,#000000,0.1039093073028213,6.241314048653775,0.4204238530713287,43.53271759536289,-2.1835074202787226,False,True,False,True,False,1.3639108336240895,0.0,0.0,0.0,0.0,0,1.0226098191214474,0.922480620155039,False,False,False,False,0.11626006817036774,0.11237478656163774,False,False,False,False,4158152.0,4019898.3613457764,False,False,False,False,104059.78561353912,False,False,False,False
2025-07-30 18:00:00+00:00,6.285,6.31,6.155,6.16,61375.0,,,,,,,,,6.370899458252049,6.348260612980549,6.3289605434439995,6.1710753562569876,6.124712052106199,6.237479116625323,6.364863102795659,6.343974943721061,6.3551515847205,6.361301689050452,6.381555837296525,6.38950009515906,6.388010539249439,6.398465612789207,,,,,,,,,,,,6.287733944270918,6.35749949600712,6.24654191951406,6.187005828062448,6.14823545678286,6.097662428776177,6.1101931773760745,6.150415236498902,6.348096981738385,6.348354477545152,6.366741490594902,6.339077686507156,6.354930037552066,6.362754521354094,6.399714867371321,,,,6.237479116625323,6.283739079193184,"rgba(239, 83, 80, 0.5)",0.10535324535254878,6.240115776198117,-0.7604490581189143,39.883105783621474,-3.545561437122231,False,True,False,True,False,0.0,0.0,0.0,0.0,0.0,0,1.014649681528663,0.9203821656050957,False,False,False,False,0.09305018612967637,0.10271248634565705,False,False,False,False,4096777.0,4021090.278224136,False,False,False,False,103398.00599162378,False,False,False,False
2025-07-30 19:00:00+00:00,6.165,6.185,6.12,6.125,117084.0,,,,,,,,,6.363432797814995,6.344919941383677,6.326435460319878,6.17084270308498,6.124851272798164,6.23704368445758,6.3640212915583065,6.343344372965923,6.354520036509838,6.360664713245778,6.380891071869335,6.388820365423283,6.387388196257043,6.397833401601578,,,,,,,,,,,,6.274625882328009,6.35371364468827,6.245493768248096,6.186624849434469,6.1481963191882505,6.09796568396991,6.1103841736916475,6.150378817452865,6.34727819487081,6.34753623516676,6.365930806932115,6.338456678289189,6.35429018509954,6.362116043297108,6.3990378175102824,,,,6.23704368445758,6.282158345146621,"rgba(239, 83, 80, 1.0)",0.10749682584883906,6.236479186067689,-1.0370463052039347,36.46369279461546,-6.79452668135211,False,True,False,True,False,0.0,0.0,0.0,0.0,0.0,0,1.0095057034220538,0.934727503168568,False,False,False,False,0.03157566517159169,0.06714407575862437,False,False,False,False,3979693.0,4020448.459957095,False,False,False,False,103610.19194524201,False,False,False,False
2025-07-31 14:00:00+00:00,6.155,6.205,6.095,6.12,71594.0,,,,,,,,,6.359038213988851,6.342897436190821,6.324897503418087,6.170685347928155,6.124920212361916,6.236770006711809,6.3635019620025615,6.3429543499282515,6.354129646220553,6.360271103274811,6.38048073078767,6.388400955024608,6.387004029831799,6.397443318202368,,,,,,,,,,,,6.267546164726645,6.351428283440522,6.244842701651257,6.186377461416283,6.148156499963392,6.0981356616674685,6.110488176618439,6.15034628311174,6.346772614615195,6.347030995125726,6.365430606169155,6.3380724306460365,6.353894681898279,6.361721536609116,6.3986202031382104,,,,6.236770006711809,6.28123162441891,"rgba(239, 83, 80, 1.0)",0.10965601415996087,6.234556587594981,-1.0446904209729109,34.04203408806438,-9.134604181552653,False,True,False,True,False,0.0,0.0,0.0,0.0,0.0,0,1.0081607030759576,0.9322033898305087,False,False,False,False,0.029660827337134207,0.04840245154787929,False,False,False,False,3908099.0,4018706.6078647366,False,False,False,False,103113.81687632353,False,False,False,False
2025-07-31 15:00:00+00:00,6.125,6.135,6.09,6.105,76585.0,,,,,,,,,6.353906513315945,6.340464245924445,6.323017760102865,6.170355953874878,6.124847931150875,6.236388723552102,6.362874876852507,6.342477363674986,6.353655323271513,6.35979447136689,6.379988762541333,6.38789987313302,6.386544649093636,6.396978872120115,,,,,,,,,,,,6.259155548184185,6.348697808910241,6.243958328765994,6.185946403603078,6.147959231148515,6.098186762032081,6.11048634962335,6.1502114455416645,6.34615644061221,6.346415327175641,6.364827100161292,6.337601033646656,6.35341410758116,6.361244185922703,6.398123315997201,,,,6.236388723552102,6.280081279941483,"rgba(239, 83, 80, 1.0)",0.11207273217560743,6.232244508750597,-1.1353743794807847,31.97695073609122,-11.213901695479478,False,True,False,True,False,0.0,0.0,0.0,0.0,0.0,0,1.0125628140703522,0.9378140703517589,False,False,False,False,0.0009564836590471308,0.02467946760346321,False,False,False,False,3831514.0,4015804.3968900894,False,False,False,False,102702.5173898689,False,False,False,False
2025-07-31 16:00:00+00:00,6.105,6.145,6.095,6.135,81799.0,,,,,,,,,6.348977011324794,6.338086466805478,6.321184867735403,6.1700945211404665,6.12484871395582,6.236032039488623,6.362248043481998,6.342002788920608,6.35318180264648,6.35931784063763,6.379494357174538,6.387395445861529,6.386082195426326,6.396510302984715,,,,,,,,,,,,6.251934975879422,6.346027870152351,6.243130814575724,6.1855812188922235,6.147833147154376,6.098309545732891,6.110544133783206,6.1501217724916035,6.3455434267477235,6.345802764979013,6.364223406505459,6.337132731676407,6.3529344046330705,6.360766652435457,6.397622017693367,,,,6.236032039488623,6.279014212758031,"rgba(239, 83, 80, 0.5)",0.11373372569457367,6.230261057509258,-0.8375796794442256,32.86941068507167,-11.213901695479478,False,True,False,True,False,0.0,0.0,0.0,0.0,0.0,0,1.020846493998737,0.9324068224889452,False,False,False,False,0.0066957131969674006,0.015687590400215307,False,False,False,False,3913313.0,4014215.3829848166,False,False,False,False,102378.4318489407,False,False,False,False
2025-07-31 17:00:00+00:00,6.135,6.155,6.09,6.095,51382.0,,,,,,,,,6.345831955990129,6.336539201053279,6.319983347006288,6.1698897491510305,6.1248115986902425,6.235785734734119,6.361836705484823,6.341689772698876,6.352870205860782,6.359004575904798,6.379170583911587,6.387065534644285,6.385779597285263,6.396204184385543,,,,,,,,,,,,6.247402304132506,6.344296280853511,6.242566116505693,6.185310311333738,6.147714546570807,6.098352636723274,6.110551091872132,6.150039762014779,6.345139819181633,6.345399475118855,6.363827330358342,6.336823501373609,6.352618737996065,6.36045288142635,6.39729463205596,,,,6.235785734734119,6.27831632903789,"rgba(239, 83, 80, 1.0)",0.11591461598179238,6.228996454058166,-1.1559927358877145,32.032269019139534,-11.654782302958274,False,True,False,True,False,0.0,0.0,0.0,0.0,0.0,0,1.0220125786163528,0.9283018867924531,False,False,False,False,-0.006000111275691064,0.004843739562262121,False,False,False,False,3861931.0,4011854.3847990055,False,False,False,False,101587.78949469356,False,False,False,False
2025-07-31 18:00:00+00:00,6.095,6.11,6.075,6.085,12013.0,,,,,,,,,6.345036136280617,6.336143025963458,6.319672942270028,6.169822422896774,6.124785386001278,6.235717346004395,6.361731720043951,6.341609248620985,6.352790386919234,6.358924505025051,6.379088365778724,6.386981951518197,6.385702896579647,6.396126814201218,,,,,,,,,,,,6.246207959878472,6.343854624728006,6.242411089599997,6.185226828770527,6.147668196871687,6.098347039405331,6.110539112541955,6.15000848602108,6.345036180835397,6.345295928526792,6.363726299926413,6.336743791918934,6.35253787080483,6.360372721376572,6.397211918140191,,,,6.235717346004395,6.27813190468042,"rgba(239, 83, 80, 1.0)",0.11727767926618547,6.228658505324467,-1.224943281819253,31.133216756265675,-12.910995714844923,False,True,False,True,False,0.0,0.0,0.0,0.0,0.0,0,1.0189873417721522,0.9417721518987343,False,False,False,False,-0.048381700060291265,-0.021768980249014573,False,False,False,False,3849918.0,4009343.7431742144,False,False,False,False,100199.03306841924,False,False,False,False
2025-07-31 19:00:00+00:00,6.085,6.12,6.075,6.105,186982.0,,,,,,,,,6.333719852575176,6.330380728785691,6.315153053096859,6.168918405187613,6.124498260884506,6.234733575795596,6.3601677702872905,6.340412054006944,6.35160126674782,6.357730437280561,6.377858703568055,6.385730622680403,6.384554360309492,6.394966745018813,,,,,,,,,,,,6.230764117837135,6.3374360409305,6.240193781411775,6.184080525249109,6.147079700691725,6.098364102616479,6.110444352016755,6.1496062721259666,6.343496667072788,6.343757694314099,6.3622204203254284,6.335559734647311,6.351333265016266,6.359177051647743,6.395971915999095,,,,6.234733575795596,6.275547513364767,"rgba(239, 83, 80, 1.0)",0.11807113446054887,6.224211150634561,-1.0096553334497926,32.19373345098058,-12.910995714844923,False,True,False,True,False,0.0,0.0,0.0,0.0,0.0,0,1.0094756790903352,0.9431459254579914,False,False,False,False,-0.044168864251587565,-0.03296892225030107,False,False,False,False,4036900.0,4009770.971962211,False,False,False,False,101544.50542394763,False,False,False,False
2025-08-01 14:00:00+00:00,6.08,6.135,6.055,6.105,62088.0,,,,,,,,,6.3301647361825815,6.328515636485682,6.313681754634271,6.168616243339948,6.124397999077529,6.234406056226801,6.359649280482512,6.340014403349938,6.351206286442083,6.357333826720728,6.377450348193934,6.385315114990381,6.3841728026837945,6.394581382453746,,,,,,,,,,,,6.226276565552923,6.335364367481813,6.23946413587152,6.183699270047692,6.146880684536116,6.0983639975080814,6.110408301021074,6.149469703440419,6.3429862659086,6.343247712979683,6.3617210299563585,6.33516641617133,6.350933173472558,6.3587799128838,6.395560148492948,,,,6.234406056226801,6.274727924318719,"rgba(239, 83, 80, 0.5)",0.11885686751283318,6.2228760517971775,-0.9917479255832634,32.900744580790516,-12.910995714844923,False,True,False,True,False,0.0,0.0,0.0,0.0,0.0,0,1.004402515723271,0.9459119496855349,False,False,False,False,-0.04627507697972138,-0.03962199961501123,False,False,False,False,4036900.0,4010191.5770480684,False,False,False,False,100932.77665768488,False,False,False,False
2025-08-01 15:00:00+00:00,6.105,6.145,6.095,6.115,50655.0,,,,,,,,,6.32758628754749,6.327146345220312,6.312606209052645,6.168441239462681,6.124379098203271,6.234179113129508,6.359260044431921,6.339717710753973,6.350910364814271,6.357036063409365,6.377141880059141,6.385000571493612,6.383883987097871,6.394288897680153,,,,,,,,,,,,6.223372629672608,6.333840966913538,6.238957960235345,6.183463010458004,6.146785912031497,6.098419497078053,6.110427500915614,6.149402188045486,6.342605335320543,6.342867056839301,6.361345827842714,6.334873505998567,6.350633462206422,6.358481610981561,6.3952475961068815,,,,6.234179113129508,6.2741552328249535,"rgba(239, 83, 80, 0.5)",0.11942421925284825,6.221998553701437,-0.8959535542358986,34.30678009801034,-12.910995714844923,False,True,False,True,True,0.0,0.0,0.0,0.0,0.0,0,1.005025125628141,0.948492462311558,False,False,False,False,-0.025228319739505123,-0.032425159677258175,False,False,False,False,4087555.0,4011391.009962052,False,False,False,False,100153.27624438744,False,False,False,False
2025-08-01 16:00:00+00:00,6.115,6.115,6.055,6.065,34072.0,,,,,,,,,6.325562138357375,6.326060796912807,6.311741816813548,6.16823078895653,6.124282775076913,6.233974427954215,6.35895558849148,6.339482616375373,6.3506775818618095,6.356802704101039,6.376902804554032,6.384757744059643,6.383660865074767,6.394064045977937,,,,,,,,,,,,6.220794741087619,6.332640290932,6.238507750271992,6.183208043421057,6.146633396892309,6.098382018147221,6.110375286299716,6.149298684198155,6.342304266923176,6.342566256823599,6.361052672724901,6.3346406190398925,6.35039766396025,6.358248029490044,6.395007450051012,,,,6.233974427954215,6.273668950386682,"rgba(239, 83, 80, 1.0)",0.1208761185513676,6.221210557543421,-1.2923194375821854,32.848329089201286,-12.910995714844923,False,True,False,True,True,0.0,0.0,0.0,0.0,0.0,0,1.0120558375634523,0.9524111675126905,False,False,False,False,-0.054704219765878456,-0.043564689721568316,False,False,False,False,4053483.0,4012043.5989548885,False,False,False,False,99128.76033362173,False,False,False,False
2025-08-01 17:00:00+00:00,6.065,6.065,6.015,6.02,28785.0,,,,,,,,,6.323570894598474,6.324985792330902,6.310876673078786,6.16796514290413,6.124122323986402,6.233752046677476,6.3586577254284835,6.3392501636751435,6.350448786125598,6.356574050221736,6.37667072772581,6.38452281298089,6.383444874770574,6.393847295099271,,,,,,,,,,,6.033333333333334,6.218021509371772,6.3314567408860105,6.238023056304019,6.182901588400936,6.146420531434641,6.098279638589142,6.1102695399590194,6.149156175949561,6.342007180737445,6.34226947716038,6.360766134437266,6.334409713113966,6.3501658758723165,6.358019320822682,6.394776061550582,,,,6.233752046677476,6.259428136615984,"rgba(239, 83, 80, 1.0)",0.12467225501762393,6.204923727639887,-1.4832789189041797,30.240607782374937,-15.198272754065172,False,True,False,True,False,0.0,0.0,0.0,0.0,0.0,0,1.0057288351368558,0.9516231699554426,True,False,False,False,-0.10390172658452738,-0.07373320815304785,False,False,False,False,4024698.0,4012239.7912191534,True,False,False,False,98038.15939821673,False,False,False,False
2025-08-01 18:00:00+00:00,6.025,6.07,6.015,6.055,42769.0,,,,,,,,,6.320795536398427,6.3234754009546625,6.309662397214571,6.167611268655658,6.1239198255173255,6.2334444607691575,6.358234260240825,6.33892045956053,6.350123715754115,6.356248899815413,6.376339852918364,6.384187560444543,6.383136648838775,6.393537618391686,,,,,,,,,,6.046666666666667,6.041302885466455,6.214336055932464,6.329793277041377,6.237353744425718,6.182488947507226,6.146142843514757,6.098159223185197,6.110140092697615,6.148969382440228,6.341585842662407,6.341848555784447,6.360358616409144,6.3340824485978695,6.349836575152086,6.357694027816572,6.394445471092428,,,6.046666666666667,6.2334444607691575,6.246620055294573,"rgba(239, 83, 80, 1.0)",0.1275591366125597,6.189520549421646,-1.0545740038224831,31.636979483960186,-15.198272754065172,False,True,False,True,False,0.0,1.0,6.07,6.015,0.0,0,1.0025493945188022,0.9528362014021672,True,False,False,False,-0.10172198420789995,-0.0877275961804739,False,False,False,False,4067467.0,4013096.027014205,False,False,False,False,97181.27320599632,False,False,False,False
2025-08-01 19:00:00+00:00,6.055,6.085,6.045,6.055,78932.0,,,,,,,,,6.316089348171775,6.320879270145043,6.307576618566642,6.1670439011972515,6.123620899582734,6.23292482162764,6.3574932286151835,6.338345054352831,6.349555172492433,6.355679597670013,6.375758653347461,6.383598001124642,6.382594577191805,6.39299219724832,,,,,,,,,,6.056395263802269,6.0519839719309445,6.2085074428219045,6.326933739037969,6.236226923386426,6.1818173115540045,6.145711065976941,6.098002769593254,6.109958701733176,6.148676714073348,6.340850783325751,6.341114182807555,6.359645125397432,6.3335118381536475,6.349260685893383,6.357124334099544,6.393863242227441,,,6.056395263802269,6.23292482162764,6.246312177276382,"rgba(239, 83, 80, 1.0)",0.130253495050925,6.1887663160400805,-1.0269691111764978,32.567893951683686,-15.198272754065172,False,True,False,True,True,0.0,0.0,0.0,0.0,0.0,1,1.0000000000000004,0.9510800508259214,False,False,False,False,-0.0821450860058905,-0.08493634109318221,False,False,False,False,4067467.0,4013938.9878356904,False,False,False,False,96898.33873768628,False,False,False,False
2025-08-04 14:00:00+00:00,6.225,6.245,6.195,6.215,109046.0,,,,,,,,,6.313696630899032,6.319493445203424,6.306551582656181,6.167420577954598,6.124245057301716,6.232864094904878,6.357014502437294,6.338001944511357,6.349198832833664,6.355313875083893,6.375357980414022,6.383181696795751,6.382212810996891,6.39259653460428,,,,,,,,,,6.1329236638685085,6.121877982933383,6.208999730762745,6.3253568833832805,6.236069764838864,6.182095605969726,6.146220275292139,6.098711284704185,6.110516088681372,6.148997828888043,6.340407918044162,6.340671192588561,6.359180322113892,6.333179499705519,6.348900206878988,6.356756311577349,6.393439991836101,,,6.1329236638685085,6.232864094904878,6.251916351697576,#000000,0.130324162715115,6.196185663686366,0.1443656795613668,42.380095905649796,-12.649487192792485,False,False,False,True,True,0.0,0.0,0.0,0.0,0.0,0,1.0006203473945414,0.9410669975186107,False,False,False,False,0.05181096629548592,-0.016562687398848145,False,False,False,False,4176513.0,4016459.515156067,False,False,False,False,97086.67457121053,False,False,False,False
2025-08-04 15:00:00+00:00,6.215,6.23,6.21,6.215,61556.0,,,,,,,,,6.312396969233371,6.318727567652797,6.305983285001606,6.167630777337753,6.124593772531523,6.232830037607289,6.356745715179379,6.337809125398123,6.3489985339032025,6.355108285005575,6.375132701584581,6.382947619610364,6.381998088188884,6.392373975304646,,,,,,,,,,6.150910060222897,6.140369504102718,6.209256442106124,6.324486811027581,6.235982262525424,6.182250836901096,6.1465045809551215,6.099107566335625,6.110828206804709,6.149177792864673,6.340159333385575,6.340422535176383,6.358919290338944,6.332992741583292,6.348697593184581,6.356549424983375,6.39320196889687,,,6.150910060222897,6.232830037607289,6.253235585054614,#000000,0.13052482418964645,6.198054622945213,0.1298249368270845,48.92156387496054,-7.017903662407221,True,False,False,False,True,0.0,0.0,0.0,0.0,0.0,0,1.002475247524753,0.9430693069306931,False,False,False,False,0.05181096629548592,0.017624139448318886,False,False,False,False,4176513.0,4018940.964533492,False,False,False,False,96535.81139956386,False,False,False,False
2025-08-04 16:00:00+00:00,6.215,6.215,6.175,6.21,141640.0,,,,,,,,,6.308979463575838,6.316694665069669,6.304435252492231,6.167935388869232,6.1252314046034355,6.232653932147506,6.356049778277199,6.337300080429618,6.3484756272604415,6.354574462910085,6.374556460777861,6.382351820189817,6.3814510362184125,6.391810301939146,,,,,,,,,,6.166933130234463,6.158622264771818,6.2087055011489465,6.322200865762252,6.235578380071254,6.182424078009388,6.146985510775028,6.09987081999146,6.111418259089613,6.1494795189829485,6.339505666562691,6.33976885327306,6.358244467345602,6.332496966770607,6.348168530305831,6.3560128873832795,6.39259956609296,,,6.166933130234463,6.232653932147506,6.254109314749209,#000000,0.13039244299113953,6.199509684258503,0.08045186899527358,52.94440140766686,-3.742097222389127,True,False,True,False,True,0.0,0.0,0.0,0.0,0.0,0,0.9981527093596063,0.9451970443349756,False,False,False,False,0.030205213954642506,0.023914676701480696,False,False,False,False,4034873.0,4019187.972835298,False,False,False,False,97235.10114530705,False,False,False,False
2025-08-04 17:00:00+00:00,6.21,6.245,6.21,6.235,104688.0,,,,,,,,,6.3072435509700515,6.3156112205657315,6.303640249186426,6.168364094154756,6.125882132147944,6.232643451604388,6.355637486747108,6.337007930945098,6.348169108466783,6.354258382027758,6.374205765134532,6.381985983014603,6.381115313121232,6.3914606315744855,,,,,,,,,,6.179190769438324,6.1717914252212385,6.2096028106819485,6.3209662445449375,6.235532481677444,6.182764838677468,6.147533476988166,6.100594379772579,6.111995388174912,6.149831302265835,6.339129493628747,6.339392471942158,6.357843229423619,6.332215333761015,6.347858591764998,6.355694485304559,6.392225708589636,,,6.179190769438324,6.232643451604388,6.254987993791176,#000000,0.1285846375311505,6.200991629153992,0.26448237906934574,56.72211188481326,-0.5527977470755872,True,False,True,False,True,0.8767916715199284,0.0,0.0,0.0,0.0,0,1.0024524831391788,0.9417535254445127,False,False,False,False,0.05830120955450853,0.04110794312799461,False,False,False,False,4139561.0,4021054.2213184717,False,False,False,False,97350.64996475965,False,False,False,False
2025-08-04 18:00:00+00:00,6.235,6.275,6.215,6.255,241344.0,,,,,,,,,6.304402510231219,6.31372717773835,6.302311186457013,6.169617570410971,6.1276107390075785,6.232785004027333,6.354834412060336,6.336454801972953,6.347577177212895,6.353642390789719,6.3735056960211836,6.381250182935319,6.3804402039925305,6.390751124862146,,,,,,,,,,6.200585228159023,6.194632478526799,6.213032101536447,6.318791201582815,6.235770772420332,6.183829924292137,6.14904439312572,6.102464212234421,6.113508133487679,6.15081350551419,6.338416095038512,6.3386783167593475,6.357059014549468,6.331687328117198,6.347260416353556,6.355072721773679,6.391467011958693,,,6.200585228159023,6.232785004027333,6.256741443664241,#000000,0.12745651086614007,6.204143148769669,0.39901336451727465,60.08004138816173,2.383752150040557,True,False,True,False,True,1.7822130828221212,0.0,0.0,0.0,0.0,0,1.0030432136335976,0.9385270846013392,False,False,False,False,0.07346516291851389,0.05728655302325425,False,False,False,False,4380905.0,4026633.303158495,False,False,False,False,99583.1050040657,False,False,False,False
2025-08-04 19:00:00+00:00,6.255,6.295,6.245,6.295,351529.0,,,,,,,,,6.302691487197985,6.312340076621158,6.301500300329594,6.172044217355333,6.13064740449401,6.233375782865644,6.354009470821799,6.33593149030288,6.346984311331582,6.353009855733495,6.372740906758602,6.380431482953583,6.37968960132374,6.389945246969969,,,,,,,,,,6.22473955166457,6.219991055389362,6.220491710850765,6.31710029055885,6.2368943474462535,6.186014191260363,6.151806794160632,6.105647594568418,6.11612954211823,6.152639066318299,6.337736269728073,6.337996760201117,6.356246340619138,6.331202600539392,6.346662246654954,6.354430813445112,6.390604779548754,,,6.22473955166457,6.233375782865644,6.259353310365275,"rgba(38, 166, 154, 0.5)",0.12645609571765384,6.208910675424485,0.6807842997757264,63.833928574355554,5.800419239151154,True,False,True,False,True,3.5630469010928394,0.0,0.0,0.0,0.0,0,1.006654567453116,0.9364791288566247,False,False,False,False,0.0951883620796181,0.07623745755143618,False,False,False,False,4732434.0,4037575.949621154,False,False,False,False,103489.2429109794,False,False,False,False
2025-08-05 14:00:00+00:00,6.25,6.365,6.245,6.365,74140.0,,,,,,,,,6.30299608026359,6.312443860035735,6.301666724616466,6.172760907917198,6.131469758578769,6.23362574128422,6.353943644423622,6.335910771211197,6.346944683889337,6.352960325425053,6.372660131642386,6.38033863802502,6.379604941276723,6.389847203907043,,,,,,,,,,6.230904978307582,6.226297909127756,6.222950365803816,6.317169315951247,6.237382165942023,6.186688421464089,6.152583747569905,6.106481810013168,6.116827815098593,6.153157913598997,6.337705948557852,6.337965874748248,6.356178459970466,6.331190738355309,6.346622670348536,6.354378983247905,6.390499495685212,,,6.230904978307582,6.23362574128422,6.260193225300111,"rgba(38, 166, 154, 1.0)",0.12650705923403757,6.210340601040871,1.2225357216865669,68.36464679443006,9.98358514849312,True,False,True,False,True,6.5366100697369305,0.0,0.0,0.0,0.0,0,1.0065593321407278,0.9290399522957664,False,False,False,False,0.1257567503386942,0.1009971039450652,False,False,False,False,4806574.0,4049498.4000146245,False,False,False,False,103034.21588910375,False,False,False,False
2025-08-05 15:00:00+00:00,6.365,6.405,6.355,6.39,124105.0,,,,,,,,,6.304791181256095,6.31340347328237,6.302623516432711,6.174399651257966,6.133241112687975,6.234306290085884,6.354054854845188,6.336060752592073,6.347054149418905,6.3530499652568455,6.372690274892156,6.3803470109091585,6.379614577527776,6.389830784811126,,,,,,,,,,6.245131062328304,6.240643432553031,6.229027056560874,6.318123100352496,6.2387224356737905,6.188272383532228,6.154303605918713,6.108233121703143,6.118310905227684,6.154311933951362,6.337887057007374,6.338145627627925,6.35627685085233,6.331357130222339,6.346734597267201,6.354464087787594,6.390480296421695,,,6.245131062328304,6.234306290085884,6.262338609915791,"rgba(38, 166, 154, 1.0)",0.1269128238787282,6.213818579645407,1.388208180781976,71.976544815345,13.347102354285212,True,False,True,False,True,7.559643895890289,0.0,0.0,0.0,0.0,0,1.0195613515115594,0.9247184350918791,False,False,False,False,0.19213368462688027,0.14656539428597273,False,False,False,False,4930679.0,4063160.1147430795,False,False,False,False,103360.8947125285,False,False,False,False
2025-08-05 16:00:00+00:00,6.395,6.395,6.32,6.335,46824.0,,,,,,,,,6.305169126031896,6.31358943397171,6.30283201328476,6.174913743121966,6.1338147604407665,6.234504379012646,6.354049074078356,6.3360773657800555,6.347057489128878,6.353046572880442,6.372666122962866,6.38031503229001,6.379585727381767,6.38979294095485,,,,,,,,,,6.248698169294328,6.244286996622925,6.230732008064583,6.318295536372685,6.23910664631292,6.188762396563907,6.1548523808174895,6.108808770065498,6.118796344900347,6.154681402397352,6.337905170080203,6.338163322216243,6.356268281760177,6.331379548842848,6.3467383492342035,6.354459142750954,6.390439419134389,,,6.248698169294328,6.234504379012646,6.2629011712510865,"rgba(38, 166, 154, 0.5)",0.12696392337135004,6.214763815798611,0.9470106232438656,70.08521432955455,13.347102354285212,True,False,True,False,True,4.880064638553247,0.0,0.0,0.0,0.0,0,1.0201064458900062,0.9278533412182142,False,False,False,False,0.17207045135767285,0.15931792282182278,False,False,False,False,4883855.0,4075884.066452489,False,False,False,False,102484.35370923349,False,False,False,False
2025-08-05 17:00:00+00:00,6.33,6.365,6.33,6.365,66003.0,,,,,,,,,6.305730092462044,6.313872082862694,6.303143363220974,6.175647014126773,6.134630624329024,6.2347904810750965,6.354047638624711,6.336106307153099,6.347067502305627,6.3530470217738095,6.372637159490077,6.380275013530048,6.37954972671175,6.38974417660676,,,,,,,,,,6.253485601451848,6.249178648203943,6.23312020882546,6.318560682252558,6.2396598893519375,6.189462272199111,6.15563385046199,6.109626712919281,6.1194869907716685,6.1552086889278455,6.337937621775576,6.338195173734738,6.356262644686598,6.331416699383488,6.346749013435787,6.354457387580809,6.390386676605676,,,6.253485601451848,6.2347904810750965,6.263682673052629,"rgba(38, 166, 154, 1.0)",0.1270206764753693,6.216076139271602,1.1724379436545969,69.84481942405239,13.347102354285212,True,False,True,False,True,6.124285286537425,0.0,0.0,0.0,0.0,0,1.018386714116252,0.9347568208778176,False,False,False,False,0.16319822630593087,0.1612580745638768,False,False,False,False,4949858.0,4089434.0499183415,False,False,False,False,101918.75132614459,False,False,False,False
2025-08-05 18:00:00+00:00,6.365,6.385,6.345,6.375,166434.0,,,,,,,,,6.307516236649313,6.314831535546706,6.304141305723826,6.177623408662926,6.136800512628778,6.23559635852558,6.35411952099408,6.33624202769271,6.347152717431181,6.353107124488529,6.372620961854091,6.380230517946092,6.3795110745227825,6.389672208458346,,,,,,,,,,6.265365308481614,6.261287239856026,6.239450853338778,6.319492665403899,6.241212432625438,6.191360086553785,6.15772481937652,6.111790619611863,6.1213211658884,6.156625685529564,6.338097989310857,6.3383538989965515,6.356320823566855,6.33157355749112,6.3468366658951485,6.354511724039835,6.390307914957806,,,6.265365308481614,6.23559635852558,6.265757782410801,"rgba(38, 166, 154, 1.0)",0.1272366384425898,6.219520914807401,1.2219678788728197,70.02101026992727,13.347102354285212,True,False,True,False,True,6.5374863279363815,0.0,0.0,0.0,0.0,0,1.01839762611276,0.9323442136498519,False,False,False,False,0.17874219441385167,0.17000013448886425,False,False,False,False,5116292.0,4105354.328214181,False,False,False,False,102918.98773969272,False,False,False,False
2025-08-05 19:00:00+00:00,6.375,6.4,6.36,6.385,165863.0,,,,,,,,,6.309566287859529,6.315984695616244,6.305306237690318,6.1796880076678935,6.139045478904298,6.236469558647501,6.354256967200635,6.336431875419618,6.347289996902174,6.353218592874539,6.372654762185562,6.38023583105454,6.379518451968299,6.389645481323854,,,,,,,,,,6.276233743672552,6.272357239195753,6.2457907060917295,6.320631613878963,6.242881239653747,6.193351250334752,6.1598974696854825,6.114021609898648,6.123219569967742,6.158106962017901,6.338325870506898,6.33858003998334,6.356441985574278,6.331784777586142,6.346977054753931,6.3546172826309295,6.390277268426581,,,6.276233743672552,6.236469558647501,6.267834353263384,"rgba(38, 166, 154, 1.0)",0.12753706403516915,6.222937392278448,1.2707098830255503,70.4914284352362,13.347102354285212,True,False,True,False,True,6.9540405638624385,0.0,0.0,0.0,0.0,0,1.0197014925373138,0.9361194029850749,False,False,False,False,0.19213368462688027,0.18106690955787225,False,False,False,False,5282155.0,4123599.2998697753,False,False,False,False,103894.86389876725,False,False,False,False
2025-08-06 14:00:00+00:00,6.405,6.525,6.39,6.525,83174.0,,,,,,,,,6.3118968726118085,6.31739160403626,6.306612745492091,6.1812041018017485,6.140605834222265,6.2371974108952,6.35457079606849,6.336732137693994,6.347554169218713,6.353466246639119,6.372855526442176,6.380420569368383,6.3796906067515655,6.389796497386633,,,,,,,,,,6.285355178492973,6.281510401208657,6.250911907655611,6.322082269170104,6.24428565436746,6.194847377885007,6.161447263727378,6.115532490794048,6.124519417865635,6.159165954886777,6.338696487342873,6.338949337637301,6.35673746611223,6.3320975084951066,6.347245383292011,6.354861217952905,6.390436552998579,,,6.285355178492973,6.2371974108952,6.269624640704515,"rgba(0, 255, 0, 1.0)",0.13009438707937263,6.225738597613095,2.3003406150360775,74.23478500356023,17.333827324455754,True,False,True,False,True,12.395624841384397,0.0,0.0,0.0,0.0,0,1.0188902007083827,0.9197166469893744,False,False,False,False,0.26253662589714927,0.22180176772751076,False,False,False,False,5365329.0,4142850.923127608,False,False,False,False,103573.61019491039,False,False,False,False
2025-08-06 15:00:00+00:00,6.525,6.545,6.49,6.54,90382.0,,,,,,,,,6.315017110204664,6.319308909432448,6.308373265727258,6.183079841446787,6.142507979966493,6.238129099593638,6.355031764393806,6.337159038921428,6.347937175056343,6.353829585982336,6.373164109737151,6.380710911616361,6.379960637374648,6.39004161104456,,,,,,,,,,6.2964716103760185,6.292640747705273,6.257273322991459,6.324069744504032,6.246080810425003,6.196709342620071,6.163349952543702,6.117361200041203,6.126098669574773,6.160469151963431,6.339224588576856,6.339475792066597,6.357173592753841,6.332538789840467,6.347634163936084,6.355220154356238,6.390695645997204,,,6.2964716103760185,6.238129099593638,6.271877810025761,"rgba(0, 255, 0, 1.0)",0.13278971386412478,6.229221721025472,2.3403791598837804,76.98386069296728,20.273248483478696,True,False,True,False,True,12.938230501225355,0.0,0.0,0.0,0.0,0,1.0265330188679251,0.9215801886792456,False,False,False,False,0.31881084910499286,0.2703063084162518,False,False,False,False,5455711.0,4163205.342924079,False,False,False,False,103369.08910661719,False,False,False,False
2025-08-06 16:00:00+00:00,6.535,6.55,6.515,6.525,35390.0,,,,,,,,,6.316242622210746,6.320068052327848,6.309070639777376,6.18381940109474,6.143257335128359,6.238498600400008,6.355216872394839,6.337330104916628,6.348090917080042,6.353975579769347,6.373288565649024,6.380828209194081,6.380069732980634,6.390140892683011,,,,,,,,,,6.300637600170849,6.29681451658316,6.259729506624649,6.3248564970063175,6.246789971426481,6.197443721987433,6.164099780508054,6.118081535989978,6.126721362203704,6.160983870658378,6.339436100758515,6.33968665363112,6.357348816663844,6.33271550316827,6.347790210448778,6.355364414229985,6.390800591680222,,,6.300637600170849,6.238498600400008,6.272748230917179,"rgba(0, 255, 0, 1.0)",0.1350009342643977,6.230564400733005,2.1809893455281326,77.58718661300091,21.20648740044267,True,False,True,False,True,12.167314210226916,0.0,0.0,0.0,0.0,0,1.031831831831832,0.9351351351351354,False,False,False,False,0.3331768957018776,0.3017416020590647,False,False,False,False,5420321.0,4182695.508150062,False,False,False,False,102315.14974062312,False,False,False,False
2025-08-06 17:00:00+00:00,6.525,6.555,6.515,6.545,50310.0,,,,,,,,,6.31802792787078,6.3211803395208275,6.310091608484704,6.184890517286091,6.144340481221738,6.239037241382214,6.355491860838714,6.337583264200945,6.34831902028475,6.354192512572634,6.37347454123932,6.38100393866603,6.38023315409416,6.390290183148955,,,,,,,,,,6.306516515586442,6.3027046369035915,6.263251342600397,6.32600965855135,6.247821515188274,6.198508175278458,6.165184620259214,6.119121867934078,6.127621500855702,6.161729593810261,6.339749091523667,6.339998700314748,6.35760929579854,6.332976761333114,6.34802170973408,6.355578849388052,6.39095842445512,,,6.306516515586442,6.239037241382214,6.273999190373413,"rgba(0, 255, 0, 1.0)",0.13584818633216159,6.232489271552363,2.3004409325238897,78.43371822608617,22.434738138757155,True,False,True,False,True,12.907905283581325,0.0,0.0,0.0,0.0,0,1.0380664652567977,0.9160120845921452,False,False,False,False,0.3355840415046046,0.31866282178183464,False,False,False,False,5470631.0,4202663.500271766,False,False,False,False,101508.86834929563,False,False,False,False
2025-08-06 18:00:00+00:00,6.545,6.55,6.52,6.54,66710.0,,,,,,,,,6.320333832023473,6.3226266577550545,6.311421667227206,6.186294202958971,6.145761547627017,6.239744529974742,6.355851906482083,6.337915187561632,6.348617992571047,6.354476778438565,6.373718009075219,6.38123388641125,6.380447048447433,6.390485452557461,,,,,,,,,,6.313824698925843,6.310033445653631,6.267758703517585,6.327507798208284,6.249170333436346,6.199902536490905,6.166607051179726,6.120487956441579,6.128804193200139,6.1627095177190165,6.340159124353701,6.340407494628875,6.3579503570093765,6.333319358802349,6.348325126180355,6.355859825986664,6.391164826448964,,,6.313824698925843,6.239744529974742,6.2756004799347,"rgba(0, 255, 0, 1.0)",0.1372510030485963,6.234950662535484,2.2225654508077275,78.5341047223627,23.009345429045908,True,False,True,False,True,12.644374817937198,0.0,0.0,0.0,0.0,0,1.0460885385081866,0.9060036385688296,False,False,False,False,0.33515897364262126,0.3269108977122279,False,False,False,False,5403921.0,4221287.647554374,False,False,False,False,100969.35101054686,False,False,False,False
2025-08-06 19:00:00+00:00,6.545,6.57,6.535,6.565,134164.0,,,,,,,,,6.325242546999841,6.325743796594904,6.314283252407551,6.189242803176738,6.148733223548119,6.241251996697008,6.356651313847952,6.3386462340896035,6.349280051300305,6.355108272544513,6.374265296601849,6.38175353767091,6.380930303290088,6.390930110719187,,,,,,,,,,6.328402151287195,6.32465022932065,6.277029962546815,6.330739196456632,6.252031306183208,6.2028367693730955,6.169587885086631,6.123339217725582,6.13127780584231,6.164769441801197,6.34106201951628,6.3413077776901,6.358708686938041,6.334072322134593,6.348996883310691,6.356484497017611,6.3916349826385135,,,6.328402151287195,6.241251996697008,6.278919805856783,"rgba(0, 255, 0, 1.0)",0.1396005240187666,6.24002164015663,2.3279164754401847,79.23200339892462,24.161945917852123,True,False,True,False,True,13.583730911324228,0.0,0.0,0.0,0.0,0,1.0444850700792203,0.909811090798294,False,False,False,False,0.3428281466833969,0.3348695221978124,False,False,False,False,5538085.0,4241703.110382989,False,False,False,False,101483.99673131357,False,False,False,False
2025-08-07 14:00:00+00:00,6.645,6.645,6.545,6.565,148276.0,,,,,,,,,6.331071493557165,6.329504628659454,6.317729859856198,6.192694530100112,6.152192533700227,6.2430495970390005,6.357651542727894,6.339552774174286,6.350106161629176,6.355899081471834,6.37495971909093,6.382416730281204,6.381546928212454,6.391502320090887,,,,,,,,,,6.344366418423245,6.340654623315689,6.287578363402663,6.334640880480557,6.2554202870297715,6.206279217449266,6.173066995744509,6.126650560365416,6.1341584281089885,6.16718391422137,6.34218115213463,6.342423837650785,6.3596590720518975,6.335003776147198,6.349834883618179,6.357267444884543,6.392240171221581,,,6.344366418423245,6.2430495970390005,6.28274218452238,"rgba(0, 255, 0, 1.0)",0.14204665519560872,6.245812424051362,2.247061541217522,79.69726918329923,25.07449658286852,True,False,True,False,True,13.583730911324228,0.0,0.0,0.0,0.0,0,1.0395136778115506,0.9082066869300915,False,False,False,False,0.3428281529554641,0.33884883757663825,False,False,False,False,5538085.0,4261802.0544080585,False,False,False,False,102209.45414633196,False,False,False,False
2025-08-07 15:00:00+00:00,6.565,6.58,6.555,6.575,56907.0,,,,,,,,,6.333111636575265,6.330836140908917,6.318956509375543,6.193953293849549,6.15346015271032,6.243704472787785,6.358007924373951,6.339877772561075,6.350401531267557,6.356181366989631,6.37520607215103,6.382651348689395,6.381765219928651,6.391704079150586,,,,,,,,,,6.349628365761189,6.345940775867086,6.291242732298545,6.336018877663003,6.256644334028345,6.207532308505167,6.1743387623561965,6.127867665921293,6.135217835113408,6.168070211962545,6.342581578440288,6.342823142676531,6.359997565994042,6.335338086854958,6.350134508819988,6.3575468119837435,6.392453436385371,,,6.349628365761189,6.243704472787785,6.284074702146488,"rgba(0, 255, 0, 1.0)",0.1446111592768527,6.247828594684635,2.2624215651919894,80.28589486949667,26.075432928074193,True,False,True,False,True,13.966669847031213,0.0,0.0,0.0,0.0,0,1.0402439024390246,0.9128048780487806,False,False,False,False,0.3134802680175695,0.3261645527971039,False,False,False,False,5594992.0,4282471.665967623,False,False,False,False,101507.09051615627,False,False,False,False
2025-08-07 16:00:00+00:00,6.575,6.6,6.555,6.555,137302.0,,,,,,,,,6.337893434752263,6.333988837378187,6.32186755738165,6.1969560653229605,6.156487154821724,6.245273771332248,6.358862876882893,6.340658149103254,6.351110926143151,6.356859394685919,6.375797904543261,6.383215013754826,6.382289825646343,6.3921889993418555,,,,,,,,,,6.361367495535705,6.357744519984412,6.299704313187096,6.339278124438421,6.259558792807445,6.210520441241598,6.177373914945007,6.130776898401314,6.137752832500262,6.170192648848548,6.343541933692548,6.343780818679714,6.360809797120299,6.3361407901642375,6.350854081042385,6.358217841839993,6.392965889836031,,,6.361367495535705,6.245273771332248,6.287174222815731,"rgba(0, 255, 0, 1.0)",0.1461981562842321,6.252502912679839,2.069089617874927,78.27674694380494,26.075432928074193,True,False,True,False,False,12.848813706679298,0.0,0.0,0.0,0.0,0,1.0366687383467998,0.927284027346178,False,False,False,False,0.32408942457021517,0.3251269886836595,False,False,False,False,5457690.0,4300692.105254946,False,False,False,False,102062.05035311509,False,False,False,False
2025-08-07 17:00:00+00:00,6.555,6.57,6.515,6.545,74651.0,,,,,,,,,6.340123669806473,6.335478559877413,6.3232550680247135,6.198453359843387,6.158009596623932,6.246051131220047,6.359266482046276,6.341031145797144,6.3514479490360625,6.3571803397321665,6.376074198844867,6.383476507015816,6.382533481897665,6.3924121703473125,,,,,,,,,,6.366489373294538,6.362912286957781,6.303659837768353,6.340811915316768,6.2609865749232645,6.212005512367592,6.1788939063979935,6.132247575561238,6.139034475518632,6.171260893823943,6.343999596741175,6.344237145745208,6.361192816396512,6.336525415930035,6.351195972230599,6.35853518925351,6.393201488995673,,,6.366489373294538,6.246051131220047,6.288630024039251,"rgba(0, 255, 255, 0.75)",0.1467763819771906,6.254699208839112,1.977844032195872,75.76426514010942,29.68734477327976,True,False,True,False,False,12.289232416458358,0.0,0.0,0.0,0.0,0,1.0393013100436683,0.9170305676855894,False,False,False,False,0.28724800119803956,0.3061874949408495,False,False,False,False,5383039.0,4317472.677266497,False,False,False,False,101637.07282826059,False,False,False,False
2025-08-07 18:00:00+00:00,6.545,6.55,6.475,6.485,302839.0,,,,,,,,,6.347008147133305,6.3401882675005705,6.327718481457729,6.203707638251044,6.163436175203085,6.248744737939643,6.3605339367201985,6.3422338937029075,6.35252062734007,6.358193725154946,6.376919934322106,6.384265350147524,6.383270400396642,6.393072624768162,,,,,,,,,,6.380513737609328,6.377164413974346,6.315998545460728,6.3456209771262735,6.265834174709772,6.217185324576217,6.184269932647636,6.1375374932947855,6.143645442368983,6.175073241629535,6.345466615988937,6.345699473446416,6.362392631598357,6.337772221576803,6.352284395539878,6.359535238768594,6.393897085337846,,,6.380513737609328,6.248744737939643,6.293229770078059,"rgba(0, 255, 255, 0.75)",0.14628132220223156,6.2616477951794,1.5268675553248001,68.37450920059052,22.843801369490492,True,False,True,False,False,9.012823933573596,0.0,0.0,0.0,0.0,0,1.0335820895522392,0.9160447761194032,False,False,False,False,0.25626623735636544,0.2812268661486075,False,False,False,False,5080200.0,4329297.907076319,False,False,False,False,104756.48255185345,False,False,False,False
2025-08-07 19:00:00+00:00,6.485,6.545,6.485,6.545,165313.0,,,,,,,,,6.351014357222386,6.342976208705059,6.330352087273057,6.206702061681905,6.1665113533120355,6.250314577461361,6.361320003033428,6.3429702496746785,6.35318301891526,6.3588227008122296,6.377455194227001,6.384769159951212,6.383740797903504,6.393500039280531,,,,,,,,,,6.388168618995259,6.384925148943162,6.322818566738444,6.3484723738157305,6.268633453155452,6.220144166530116,6.187324310445471,6.140529296942264,6.146262227209092,6.177252550764642,6.346364439947941,6.346594607573841,6.363138453887039,6.338533036814394,6.352956282137103,6.360156715640163,6.394347546291092,,,6.388168618995259,6.250314577461361,6.2958513660796545,"rgba(0, 255, 255, 0.75)",0.1471967182850274,6.265556406975543,1.8984362985820813,66.76194702048043,21.56329974350237,True,False,True,False,False,11.446974950601195,0.0,0.0,0.0,0.0,0,1.034761018001242,0.9162011173184359,False,False,False,False,0.2520559418119329,0.2666414039802702,False,False,False,False,5245513.0,4343502.792237926,False,False,False,False,105695.34328748363,False,False,False,False
2025-08-08 14:00:00+00:00,6.665,6.675,6.545,6.575,147243.0,,,,,,,,6.598333333333333,6.355875051099414,6.346361789783687,6.333501017219997,6.209926303034556,6.169758037798995,6.252067175806079,6.362324707687201,6.343883357820625,6.354018727220067,6.35962441165081,6.378164041234713,6.3854479556158,6.384373304049492,6.394089413491973,,,,,,,,,,6.397639150299074,6.394457861430685,6.330600120473776,6.351960612997554,6.271775094920342,6.223354622427949,6.190579958940597,6.143656341228347,6.149008396121346,6.179575460429583,6.347481792939375,6.347709049262499,6.364095383611039,6.339469966852768,6.353803555988819,6.360950853254605,6.394969911483553,,,6.397639150299074,6.252067175806079,6.308448674749108,"rgba(0, 255, 255, 0.75)",0.14753490959619486,6.2873475560016665,1.9497246094883067,66.99410331028852,21.56329974350237,True,False,True,False,False,12.620981292375006,0.0,0.0,0.0,0.0,0,1.038961038961039,0.9103277674706246,False,False,False,False,0.3428281288802316,0.3047347664302509,False,False,False,False,5392756.0,4359770.283831136,False,False,False,False,106339.49300395674,False,False,False,False
2025-08-08 15:00:00+00:00,6.575,6.6,6.515,6.535,91604.0,,,,,,,,6.579796250319241,6.358219949550359,6.348027719934452,6.335072215301062,6.211659246019691,6.171528344373283,6.252997682209791,6.362818345822249,6.344340858667186,6.3544334869056,6.360020033751081,6.378506436209316,6.385772695630416,6.384676458967653,6.394368005877806,,,,,,,,,,6.401794044583263,6.398663471198529,6.334388668547942,6.353665845063625,6.273414728120122,6.22507065819496,6.19234247587911,6.145375777456755,6.150518119438259,6.180842407539702,6.348038966925741,6.348264658029139,6.364564763228156,6.339941256678333,6.354224116830328,6.361342190525035,6.395263620715899,,,6.401794044583263,6.252997682209791,6.309200162272677,"rgba(0, 255, 255, 0.75)",0.14772548805073435,6.288591245450471,1.66801787424052,64.02523591676797,19.001309709737882,True,False,True,False,False,10.472781290200619,0.0,0.0,0.0,0.0,1,1.0240147783251234,0.9248768472906407,False,False,False,False,0.2782353640535602,0.29148506524190554,False,False,False,False,5301152.0,4374365.3491980955,False,False,False,False,106111.03574808144,False,False,False,False
2025-08-08 16:00:00+00:00,6.535,6.545,6.475,6.51,147727.0,,,,,,,,6.553124020239332,6.361120124012511,6.350136792294835,6.337095821536198,6.214090973403232,6.174050707510583,6.254285639822944,6.363440019445039,6.344931723171874,6.354962618662439,6.360520984413317,6.37892761836448,6.386166803446075,6.3850452941466775,6.394700257732652,,,,,,,,,,6.406352230078242,6.4033153488986,6.339146464667769,6.3558069704421065,6.275642013665639,6.2274643515327535,6.194834858003307,6.1478471031824125,6.152687599246917,6.182647997692335,6.348754385333311,6.348977878203819,6.3651545355579495,6.340552977674362,6.3547607588220885,6.361836799827275,6.3956131015214215,,,6.406352230078242,6.254285639822944,6.310047356524023,"rgba(38, 166, 154, 1.0)",0.14772548805073435,6.29003922993016,1.488983201018749,60.32306547286666,15.55417946746789,False,False,True,False,False,9.156919214697286,0.0,0.0,0.0,0.0,1,1.01965601965602,0.9312039312039313,False,False,False,False,0.21758013025007092,0.25453259774598824,False,False,False,False,5153425.0,4386443.793396574,False,False,False,False,106756.2444961732,False,False,False,False
2025-08-08 17:00:00+00:00,6.515,6.515,6.4,6.405,97381.0,,,,,,,,6.5303613042534945,6.362101315800455,6.350901569945241,6.337874602494528,6.215298295144803,6.175350788062899,6.2548971335781305,6.363652596987398,6.345154721989676,6.3551528575430725,6.360695596121142,6.379056297653408,6.386279148827443,6.3851517028570335,6.394785897930279,,,,,,,,,,6.40726133935734,6.4042986567781375,6.3409160477797855,6.356560283336058,6.276655706814211,6.228634872034199,6.196096360497722,6.149146593298137,6.153826072999048,6.183575232278885,6.349019304375778,6.349241705281601,6.365354077956946,6.340788228943769,6.354953890375722,6.362007856397354,6.395702046247964,,,6.40726133935734,6.2548971335781305,6.309882942316281,"rgba(38, 166, 154, 0.5)",0.1473466526122799,6.289994595575314,0.7805091081865683,52.633740737712145,8.587768375088814,False,False,False,False,False,3.9480083342587093,0.0,0.0,0.0,0.0,0,1.0054945054945057,0.942002442002442,False,False,False,False,0.1546419997347996,0.20458729874039394,False,False,False,False,5056044.0,4396825.191948566,False,False,False,False,106610.89186832555,False,False,False,False
2025-08-08 18:00:00+00:00,6.405,6.495,6.39,6.495,104512.0,,,,,,,,6.517865105434969,6.363391040505612,6.3518890196971265,6.3388585389469325,6.216693810192124,6.176836384333083,6.25561936803834,6.363938853424886,6.345443111908606,6.355403986310985,6.360929188425055,6.379238921646231,6.386443895141356,6.385306921748951,6.3949179469261725,,,,,,,,,6.459999999999999,6.408747503431967,6.405856219803581,6.343117062190257,6.357544131392675,6.27786132502947,6.229994367116967,6.197545716210203,6.150623462679314,6.155122612623442,6.184639999941524,6.349364042570322,6.349585177582294,6.365624114580707,6.341090119871285,6.35520870877297,6.362237472202557,6.395840027950446,,,6.408747503431967,6.25561936803834,6.314498391851146,"rgba(38, 166, 154, 1.0)",0.14858361312775348,6.303565674066429,1.2883946076137887,52.15160821967581,8.378352734737334,False,False,False,False,False,7.596924985118942,0.0,0.0,0.0,0.0,0,1.0042475728155342,0.9435679611650486,False,False,False,False,0.13690145572132498,0.17074437723085945,False,False,False,False,5160556.0,4408665.979670293,False,False,False,False,106578.35090912669,False,False,False,False
2025-08-08 19:00:00+00:00,6.495,6.495,6.44,6.44,113861.0,,,,,,,,6.508213849749215,6.364734423327303,6.352928380554206,6.339898101933243,6.21818586363343,6.178427900219362,6.256394072529219,6.364243409453943,6.3457511082759845,6.355671876079569,6.361178168589237,6.379432859780642,6.3866184947338684,6.385471537489748,6.395057532350377,,,,,,,,,6.459130989942285,6.410224473064148,6.407407627192578,6.345391290800734,6.358577812279965,6.279145017303848,6.2314468040588435,6.1990967978274,6.152207971284923,6.156515038181534,6.185783752957839,6.349731568241235,6.349951346437291,6.365911394106163,6.341412695040866,6.355480525259832,6.3624821625162635,6.395985792699463,,,6.410224473064148,6.256394072529219,6.315047688546215,"rgba(38, 166, 154, 0.5)",0.14915458454267472,6.304406869891864,0.9090778572035253,49.57045457502652,5.980783475668815,False,True,False,False,False,5.033883234060994,0.0,0.0,0.0,0.0,0,1.006658595641647,0.9449152542372882,False,False,False,False,0.16652223130194008,0.16863330426639977,False,False,False,False,5046695.0,4418557.902466102,False,False,False,False,106691.26019735727,False,False,False,False
2025-08-11 14:00:00+00:00,6.465,6.5,6.435,6.49,138766.0,,,,,,,,6.502734137524065,6.366603653553973,6.354363965906303,6.34131573193194,6.220104035181854,6.180457420742671,6.257407527245585,6.364677213802058,6.34617944224806,6.3560491809593955,6.361531652877891,6.37971759304616,6.386879328618508,6.385716821432957,6.395271411072908,,,,,,,,,6.465296877872947,6.412493538244832,6.409758284734736,6.348435950379064,6.360015026956711,6.28082825399029,6.233320354573284,6.201082324920483,6.15422107927405,6.158287596698346,6.18724927560788,6.350244372679285,6.350462401932841,6.366321817583663,6.341859134601877,6.35586323304857,6.362830256004852,6.396209767660856,,,6.412493538244832,6.257407527245585,6.316383306049415,"rgba(38, 166, 154, 1.0)",0.15032855908204354,6.306274692444282,1.2221583754783971,50.06022222094264,5.980783475668815,False,True,False,False,False,6.991537509860564,0.0,0.0,0.0,0.0,0,1.0036122817579776,0.9452137266706805,False,False,False,False,0.16652223130193894,0.16757776778416936,False,False,False,False,5185461.0,4430447.872970503,False,False,False,False,107188.54298499515,False,False,False,False
2025-08-11 15:00:00+00:00,6.495,6.58,6.495,6.545,156466.0,,,,,,,,6.5085792400122955,6.369855850023178,6.356793329422359,6.3436389696873015,6.222775638422206,6.183210458585415,6.258877047681573,6.365448092124004,6.346901002534292,6.356702676522436,6.362154418365376,6.380254248867681,6.387387172896453,6.3861919639894245,6.395706695491486,,,,,,,,,6.488054636669554,6.417338401753732,6.414672726277398,6.353379077712011,6.3624859292997025,6.28331566095374,6.235957552372408,6.20381029994949,6.156914947747976,6.16066809531096,6.189253287838833,6.351116222544116,6.351331811934198,6.367055480417173,6.342602966871586,6.356525664370672,6.363446125489235,6.396667882868749,,,6.417338401753732,6.258877047681573,6.319622495620647,"rgba(0, 255, 255, 0.75)",0.15230236048406065,6.310624773710023,1.5388811148104677,52.486042364876106,5.980783475668815,False,True,True,False,True,9.062384790460158,0.0,0.0,0.0,0.0,0,1.007770472205619,0.9390316796174538,False,False,False,False,0.25120658066105345,0.20939217422261142,False,False,False,False,5341927.0,4444579.332304293,False,False,False,False,107952.53456662312,False,False,False,False
2025-08-11 16:00:00+00:00,6.545,6.595,6.525,6.57,150741.0,,,,,,,,6.515766978054243,6.373289857282301,6.359364935946299,6.346086315898792,6.225493860914245,6.1859940486981975,6.260394730683674,6.366282803797845,6.347674486781247,6.357407472180792,6.362828480042383,6.380842904755535,6.387947578497099,6.386715986713195,6.3961909979475635,,,,,,,,,6.50513547408529,6.4224940647876405,6.419887360359588,6.358471910131646,6.365107675299094,6.285881083188356,6.238647430459632,6.206576792646243,6.159630828828246,6.163072932605306,6.191289569708654,6.3520514574261435,6.352264560641645,6.367851035218648,6.3433984053164,6.357239956382011,6.364113306281658,6.397177884217039,,,6.4224940647876405,6.260394730683674,6.322773942205656,"rgba(0, 255, 255, 0.75)",0.15479570960372072,6.314860438590681,1.6482340632210073,54.980943509257905,5.980783475668815,False,False,True,False,True,9.9806726260421,0.0,0.0,0.0,0.0,0,1.0097205346294051,0.9501822600243016,False,False,False,False,0.27913591044032604,0.24426404233146873,False,False,False,False,5492668.0,4460828.769012754,False,False,False,False,108615.9216276057,False,False,False,False
2025-08-11 17:00:00+00:00,6.575,6.605,6.505,6.585,182245.0,,,,,,,,6.522510429302455,6.37731720812174,6.362414466558363,6.348995449232598,6.228738716702993,6.189320058447268,6.262219501201181,6.367291066278673,6.348609444279437,6.3582600169033485,6.363644133520197,6.381556004844271,6.388626750257745,6.387351341468901,6.39677859434556,,,,,,,,,6.518022464999825,6.428329145731467,6.425790995311659,6.364356076529507,6.368213267559235,6.288938840065935,6.241857426223752,6.209880499918882,6.162879589733206,6.165954232731277,6.193732910444759,6.353180035012666,6.353390164976402,6.36881241405178,6.344359693436635,6.358103900568518,6.364920699178668,6.397796463587821,,,6.428329145731467,6.262219501201181,6.3261287198968095,"rgba(0, 255, 255, 0.75)",0.1574443988801965,6.31938066645741,1.6870675326132536,57.177853928028426,1.026081803797453,False,False,True,False,True,10.530372868641024,0.0,0.0,0.0,0.0,1,1.0072420036210021,0.9426674713337357,False,False,False,False,0.27289404000402395,0.2585790411677463,False,False,False,False,5674913.0,4479651.78034589,False,False,False,False,109757.4577264025,False,False,False,False
2025-08-11 18:00:00+00:00,6.585,6.615,6.585,6.6,134251.0,,,,,,,,6.529612473036649,6.380710753158584,6.364981899128652,6.351428792876126,6.231334344146058,6.191957873835925,6.263703573311838,6.368157614827324,6.349403622278023,6.358989145217415,6.364344499761237,6.382177341529084,6.389222363283882,6.387908129400101,6.397298354167129,,,,,,,,,6.529242993944657,6.433355654242624,6.430859997663569,6.3692000683422,6.37083601570466,6.291429019650025,6.244433746584465,6.21251153189949,6.165445099030915,6.168234318955115,6.195680223200387,6.354139892426039,6.354347642869297,6.369639916314385,6.3451739970154355,6.358842631192266,6.36561464590507,6.398344007908983,,,6.433355654242624,6.263703573311838,6.328986547825389,"rgba(0, 255, 255, 0.75)",0.16039388454116899,6.323209732327609,1.7256909043894755,59.19398411258349,3.123031153848835,False,False,True,False,True,11.08179217804076,0.0,0.0,0.0,0.0,0,1.0199275362318845,0.9371980676328505,False,False,False,False,0.32988889309903174,0.294233967133389,False,False,False,False,5809164.0,4500264.372898666,False,False,False,False,110137.20256785362,False,False,False,False
2025-08-11 19:00:00+00:00,6.595,6.63,6.595,6.62,239955.0,,,,,,,,6.541631326237872,6.386923167408905,6.3697194559163535,6.355918017498766,6.236069502747225,6.196759400762278,6.266440790556856,6.369789655228404,6.350894898038996,6.360361894247286,6.365665047953689,6.383355007364834,6.39035378767721,6.388965953119393,6.398289018318415,,,,,,,,,6.546099049773767,6.4423890388127125,6.439963186787831,6.377911120497804,6.375676246774224,6.295993555395266,6.249137815901125,6.2173054475105705,6.170112073255575,6.172390066683133,6.199242083384547,6.355940578900027,6.356143984353179,6.371199652952549,6.3467015191145535,6.36023326324846,6.36692355517951,6.3993875659505965,,,6.4423890388127125,6.266440790556856,6.3340233959096395,"rgba(0, 255, 255, 0.75)",0.1637008092678914,6.3299419321180554,1.771879254471329,61.281709069038854,5.296545998925687,False,False,True,False,True,11.817049528520965,0.0,0.0,0.0,0.0,0,1.0180940892641739,0.9372738238841979,False,False,False,False,0.342828125042913,0.31853104608815097,False,False,False,False,6049119.0,4524277.622931245,False,False,False,False,112149.88159780938,False,False,False,False
2025-08-12 14:00:00+00:00,6.645,6.645,6.545,6.57,131179.0,,,,,,,,6.544849143749591,6.389777239627244,6.3719437686537175,6.358046754146624,6.238419157942626,6.19916379231105,6.26779904293018,6.370570729414969,6.351616389326747,6.361023333226605,6.366299732549259,6.383915660638344,6.390890127167288,6.389468122155353,6.398756483816268,,,,,,,,,6.55003522868256,6.446207712581614,6.443823645917984,6.3818787193961635,6.377938287937517,6.298218043206591,6.251464030534735,6.219694931202273,6.172462795576581,6.174486067413675,6.201032858845558,6.356807991735128,6.357009235646594,6.371945854278437,6.347441881569951,6.36090329191363,6.367552256037952,6.399879410269363,,,6.446207712581614,6.26779904293018,6.336141463781669,"rgba(38, 166, 154, 1.0)",0.16583631895544548,6.332774332008375,1.430480786632508,59.49331180253894,5.296545998925687,False,False,True,False,True,9.342062453802537,0.0,0.0,0.0,0.0,0,1.0095865787896947,0.9406830437387658,False,False,False,False,0.32035205409170575,0.31944155008992836,False,False,False,False,5917940.0,4545884.791567969,False,False,False,False,112444.9066893162,False,False,False,False
2025-08-12 15:00:00+00:00,6.57,6.68,6.565,6.665,140302.0,,,,,,,,6.551367698039653,6.393493511514563,6.374815186250958,6.36076901861047,6.2412534620830336,6.202030407283535,6.269464864190131,6.37159177915009,6.3525462999358435,6.361882322229318,6.367127643637131,6.384658928747916,6.391606210830228,6.390137866264016,6.399386253322114,,,,,,,,,6.55818020167824,6.45145084931089,6.449102598171805,6.386954799495316,6.380871407753765,6.300965793030893,6.2542826610349,6.222560193211094,6.175247789853255,6.1769735985605845,6.203175913976294,6.357928782868364,6.358127422884071,6.37292277020045,6.3483931443800214,6.36177328683185,6.368373246952045,6.400542661449344,,,6.45145084931089,6.269464864190131,6.339049737612004,"rgba(0, 255, 255, 0.75)",0.16994707708288637,6.3366394959036905,1.9321338721004422,61.791619226600545,6.000787656681403,False,False,True,False,True,12.780956300005801,0.0,0.0,0.0,0.0,0,1.0142942227516385,0.9368671828469329,False,False,False,False,0.3428281272638993,0.33113483867691385,False,False,False,False,6058242.0,4569332.190148311,False,False,False,False,112876.79960886168,False,False,False,False
2025-08-12 16:00:00+00:00,6.665,6.745,6.665,6.69,123081.0,,,,,,,,6.560081883891593,6.397488123238985,6.377880318827127,6.363651949499791,6.244099825155695,6.204876370363879,6.271163797994126,6.3726935477074145,6.353537822767365,6.36280414936112,6.368019448669502,6.385470340634296,6.392392437015203,6.390872596062005,6.400082715035809,,,,,,,,,6.568986048921633,6.457311767525194,6.454986441238807,6.3923320345414725,6.38401394768128,6.3037876796927375,6.257125529049665,6.225421031871816,6.177995160367073,6.179431485305733,6.205310783634307,6.359126368219146,6.35932239811355,6.3739782328089545,6.349404719713056,6.362706788043201,6.369258397976913,6.4012766950923865,,,6.457311767525194,6.271163797994126,6.342268562246944,"rgba(0, 255, 0, 1.0)",0.17448606645630718,6.340900331959821,2.000730918692565,64.05997236101663,8.324408612658566,False,False,True,False,True,13.643894406347698,0.0,0.0,0.0,0.0,0,1.0257177033492826,0.9401913875598086,False,False,False,False,0.34282814303833,0.3369814908576219,False,False,False,False,6181323.0,4594324.295727407,False,False,False,False,113035.00426608864,False,False,False,False
2025-08-12 17:00:00+00:00,6.685,6.715,6.685,6.71,105797.0,,,,,,,,6.566954813914884,6.400876414689313,6.380496001731635,6.366115331761464,6.246536083357684,6.207313104584986,6.2726247425312565,6.373644290855463,6.354393752966302,6.363600311841461,6.36878986783237,6.386171834093047,6.39307234694882,6.391508150373332,6.400685425073194,,,,,,,,,6.577244184528692,6.462199350396459,6.459893695345345,6.396857164102157,6.386694116359968,6.306201729500355,6.259558529257304,6.227869949369093,6.180348768546555,6.181539238481829,6.207143515400703,6.360159098598727,6.360352894150854,6.374889270393803,6.350277824211477,6.363512980451095,6.370023111529831,6.401911788541511,,,6.462199350396459,6.2726247425312565,6.344947873819496,"rgba(0, 255, 0, 1.0)",0.17918991887668906,6.344440934989449,2.040064906006868,66.15664932185996,10.476211833150963,True,False,True,False,True,14.33078661611873,0.0,0.0,0.0,0.0,0,1.029394121175765,0.94001199760048,False,False,False,False,0.337269448015959,0.33712546943679045,False,False,False,False,6287120.0,4620569.190367292,False,False,False,False,112922.78714568415,False,False,False,False
2025-08-12 18:00:00+00:00,6.705,6.755,6.7,6.745,63234.0,,,,,,,,6.57159289996304,6.403063297706011,6.382182816556562,6.367700162748802,6.24807473493593,6.208845578710067,6.273553723013169,6.374261406913128,6.35494714982581,6.3641162604511905,6.3692897943447795,6.386629153926482,6.393516462293572,6.391923210402133,6.401080112444674,,,,,,,,,6.582775565692851,6.465381024994081,6.463085376787221,6.399758111811252,6.3884244050978625,6.307738656729143,6.261097538361897,6.2294133009460575,6.181825576872233,6.18286291270373,6.208298338475875,6.360827101184509,6.361019486873717,6.375480904458979,6.35084178602051,6.364035393962129,6.370519493548952,6.402327758396595,,,6.465381024994081,6.273553723013169,6.346683490053783,"rgba(0, 255, 0, 1.0)",0.18425960925718607,6.346730707720086,2.161457380081694,68.53322272875803,12.877626205082997,True,False,True,False,True,15.519876379072613,0.0,0.0,0.0,0.0,0,1.029306220095694,0.9342105263157893,False,False,False,False,0.3428281466833969,0.33997680806009367,False,False,False,False,6350354.0,4647387.559508883,False,False,False,False,112152.41835272781,False,False,False,False
2025-08-12 19:00:00+00:00,6.745,6.815,6.735,6.815,229334.0,,,,,,,,6.591493756136529,6.41204035671768,6.389104826452688,6.374182554376203,6.254197696261288,6.214904399381266,6.277290997101807,6.376821992162105,6.357230462704364,6.366252410332348,6.37136365283637,6.388539194949341,6.395376604483835,6.393661255536132,6.402739380071203,,,,,,,,,6.606185618452843,6.478564424812998,6.47629480678136,6.411539781499687,6.395535359857988,6.31392960932994,6.267236647170716,6.23553482866244,6.18764364882554,6.188085103580978,6.212878722366737,6.363584606571272,6.36377139141151,6.377937606022619,6.353165392965632,6.366198077665725,6.372579612796697,6.4040768803160955,,,6.478564424812998,6.277290997101807,6.353814106690877,"rgba(0, 255, 0, 1.0)",0.19091439523072504,6.356114452697687,2.403619416690596,71.74021701182632,16.00604313841319,True,False,True,False,True,17.80752382907829,0.0,0.0,0.0,0.0,0,1.032085561497326,0.9281045751633985,False,False,False,False,0.34282815364566754,0.3414024808528806,False,False,False,False,6579688.0,4677345.705873087,False,False,False,False,113969.18706043746,False,False,False,False
2025-08-13 14:00:00+00:00,6.845,6.87,6.805,6.81,184768.0,,,,,,,,6.607807358977331,6.4197113029084285,6.395054200721799,6.37975224433061,6.259392690849468,6.220028567454414,6.28049537732872,6.379060363082444,6.359221708498284,6.368119484514558,6.373178489112053,6.390217548906002,6.3970138275387,6.395191303176449,6.404203506326119,,,,,,,,,6.624855592682014,6.489701598624651,6.487448917718409,6.421478480808999,6.401648055686862,6.319213536458803,6.272451490242296,6.240719964335469,6.192557309775995,6.192503442869984,6.216769601287988,6.365987305539734,6.36616934521792,6.380086589190691,6.355190015295235,6.368088111962555,6.374382947083488,6.405620110291709,,,6.489701598624651,6.28049537732872,6.359815726873965,"rgba(0, 255, 0, 1.0)",0.19741340900268436,6.363986549294227,2.259286504189329,73.50224995875215,17.770950241750583,True,False,True,False,True,17.548087630998545,0.0,0.0,0.0,0.0,0,1.0408767772511849,0.9229857819905213,False,False,False,False,0.3428281615429804,0.34211532119793053,False,False,False,False,6394920.0,4703974.76469676,False,False,False,False,115066.84307500432,False,False,False,False
2025-08-13 15:00:00+00:00,6.81,6.87,6.785,6.85,102509.0,,,,,,,,6.616169893408249,6.423913901227536,6.39833563539094,6.382828830363547,6.262267820403614,6.222865449257617,6.282278579610742,6.380310947831553,6.36033480226438,6.369163752712085,6.374193810671765,6.391157268907613,6.3979307842125355,6.396048528433791,6.405024164628524,,,,,,,,,6.634217471729333,6.49569562289266,6.49345278050405,6.426877738842988,6.405017309887603,6.322136274802616,6.275337283109127,6.243589931829045,6.195279278383003,6.194953956557809,6.21893041186145,6.367328701856718,6.367508116840227,6.381287621302833,6.356321571127097,6.369145139869092,6.3753918954339,6.406484886189552,,,6.49569562289266,6.282278579610742,6.363055402846153,"rgba(0, 255, 0, 1.0)",0.20478690308631228,6.368225178722906,2.3525665656169363,75.55724162284776,19.8515341882201,True,False,True,False,True,18.829877019295534,0.0,0.0,0.0,0.0,0,1.038984051978736,0.9249852333136444,False,False,False,False,0.33356903233962154,0.33784217676877604,False,False,False,False,6497429.0,4731780.256716965,False,False,False,False,114872.14783353137,False,False,False,False
2025-08-13 16:00:00+00:00,6.855,6.865,6.845,6.855,44479.0,,,,,,,,6.619924326470361,6.425798513464158,6.399808800626188,6.384209348444092,6.263549685739411,6.224128208124593,6.283076622636689,6.380875223660846,6.360836440766235,6.369634803735372,6.3746520352953295,6.391582100347277,6.398345613172647,6.396436342713293,6.405395797043763,,,,,,,,,6.6384043273302975,6.498381712872158,6.496142623974433,6.429289549985744,6.406530241194816,6.323443235909004,6.276624666665433,6.244868436583302,6.19648988818515,6.196044481103749,6.219893588311671,6.367933143124926,6.368111388788554,6.381829667627198,6.356831343298207,6.369621927184016,6.375847298427558,6.40687649514835,,,6.498381712872158,6.283076622636689,6.36450589568285,"rgba(0, 255, 0, 1.0)",0.21186809597033945,6.370120827301109,2.288589843969579,77.03505532834609,21.426173881273,True,False,True,False,True,18.989269326810298,0.0,0.0,0.0,0.0,0,1.0542635658914732,0.9218843172331544,False,False,False,False,0.3428281635371729,0.34033517015297443,False,False,False,False,6541908.0,4759844.252736857,False,False,False,False,113780.78120045336,False,False,False,False
2025-08-13 17:00:00+00:00,6.855,6.87,6.8,6.8,125595.0,,,,,,,,6.628569637758894,6.430646061800327,6.403631869813099,6.387804990007284,6.266947326298192,6.227489149510339,6.285193983908162,6.3823554100811775,6.362157018092078,6.370873530085452,6.375856229485886,6.392695817967697,6.3994319618829465,6.39745250355806,6.406368189281735,,,,,,,,,6.647803539620071,6.505099431783112,6.502874734645829,6.435459523201306,6.410450078193239,6.326881513602308,6.280031813459132,6.248263964709435,6.19972117841727,6.198957375370363,6.22246279750958,6.36952139787035,6.369696542374917,6.38325157848196,6.358174029692238,6.370875684300365,6.377043882794248,6.40790071564837,,,6.505099431783112,6.285193983908162,6.368172825220041,"rgba(0, 255, 255, 0.75)",0.21671586413036897,6.374902614275283,1.9615425360323082,73.63455829108702,21.426173881273,True,False,True,False,False,16.08798891221496,0.0,0.0,0.0,0.0,0,1.060277275467149,0.9168173598553346,False,False,False,False,0.32475892043986154,0.332547045296418,False,False,False,False,6416313.0,4785525.938740937,False,False,False,False,113963.94738339208,False,False,False,False
2025-08-13 18:00:00+00:00,6.805,6.815,6.79,6.81,102454.0,,,,,,,,6.634481687121393,6.434333181634261,6.406565779801174,6.3905731658213165,6.269598227838469,6.2301195358359935,6.286850541017237,6.383505660951697,6.363186102405943,6.3718382797638835,6.376793722754437,6.393561588713773,6.400275895934606,6.398242330024591,6.40712334259887,,,,,,,,,6.654061641297481,6.510073069187532,6.507862029046687,6.44012015974467,6.413453916341666,6.329549162083588,6.282687165777599,6.250917113630999,6.202255761403321,6.201244421246717,6.2244790273574715,6.370756823268798,6.3709295476948276,6.384356696357914,6.359220670305062,6.371852081474737,6.377975362375706,6.408695791785444,,,6.510073069187532,6.286850541017237,6.370921326745863,"rgba(0, 255, 255, 0.75)",0.22164570787593993,6.3784765745642105,1.94690630182346,71.72740707816789,21.426173881273,True,False,True,False,False,16.42345330722198,0.0,0.0,0.0,0.0,0,1.0588235294117652,0.9132807762280171,False,False,False,False,0.29582205830202624,0.3141845517992221,False,False,False,False,6518767.0,4812397.893179062,False,False,False,False,113785.49858675034,False,False,False,False
2025-08-13 19:00:00+00:00,6.805,6.835,6.8,6.82,188077.0,,,,,,,,6.645135705352634,6.441152812571312,6.4120180061301975,6.395720753528094,6.274516675789864,6.234996900877089,6.2899417457927,6.385667268559,6.365119455429439,6.373652348357801,6.378557337155528,6.39519267409603,6.401866755022788,6.399731558351694,6.408548379009237,,,,,,,,,6.665249235408672,6.519180517130047,6.516993510864392,6.448678438974943,6.419034496896822,6.334504706764381,6.287615044271521,6.255837939934143,6.206955433338777,6.205489913020389,6.228228346666389,6.373075647872613,6.3732438863064065,6.386434211649043,6.361186390796993,6.373687913725945,6.379727849870927,6.410195900772232,,,6.519180517130047,6.2899417457927,6.375986598306073,"rgba(0, 255, 255, 0.75)",0.22654230160043173,6.385045166003102,1.919971815083164,70.83378898457126,26.35700632708695,True,False,True,False,False,16.76184842659218,0.0,0.0,0.0,0.0,0,1.059502125075896,0.907710989678203,False,False,False,False,0.3091150649145334,0.3116498083568777,False,False,False,False,6706844.0,4841769.150649154,False,False,False,False,114937.30481021157,False,False,False,False
2025-08-14 14:00:00+00:00,7.67,7.785,7.59,7.75,395404.0,,,,,,,,6.760597566396088,6.486762136024552,6.447126597482156,6.428109540115266,6.3010356473705835,6.2602405315803376,6.307075868642332,6.399347704396126,6.377008546249937,6.384956189665311,6.389630868866438,6.405708557909162,6.41223580129463,6.409412242396445,6.417949649233574,,,,,,,,,6.79589171821861,6.58872318496248,6.586368722466724,6.505881951338621,6.455342872289331,6.363176351236561,6.31457229990492,6.281846095231195,6.230653765474699,6.226916981830206,6.247616829409733,6.387462518170713,6.38760689710945,6.399605630009508,6.373204359918563,6.385126252466454,6.390751666455702,6.420113768731699,,,6.58872318496248,6.307075868642332,6.411892022731805,"rgba(0, 255, 0, 1.0)",0.2740689891447354,6.431802569810978,4.809728507784162,78.35861974041605,22.392158588854457,True,False,True,False,True,20.0,0.0,0.0,0.0,0.0,0,1.053980370774264,0.8942202835332606,False,False,False,False,0.34282820945894116,0.32723900890790947,False,False,False,False,7102248.0,4876815.334360019,False,False,False,False,119285.62566586719,False,False,False,False
2025-08-14 15:00:00+00:00,7.745,7.86,7.65,7.86,176416.0,,,,,,,,6.808170250319089,6.50735975017776,6.4631597271922985,6.442939572730884,6.313222040124353,6.27184599884361,6.315025502989192,6.405735715297785,6.382566670080372,6.390245479552495,6.394814529030073,6.410637004037227,6.417097378142313,6.413954046421874,6.422363145244557,,,,,,,,,6.848503237609995,6.619270096174434,6.6168490391409405,6.531383206220471,6.4719042739606865,6.37633956868833,6.326958024095551,6.293799223342936,6.241558609224804,6.236797371190318,6.256578926456539,6.394172631632554,6.394306085965876,6.405759420682679,6.378821238784606,6.39047773089518,6.39591253589788,6.424767498700914,,,6.619270096174434,6.315025502989192,6.42774015647285,"rgba(0, 255, 0, 1.0)",0.31971056730557534,6.452349106408382,4.402891357188713,83.58347082327447,27.04950697170011,True,False,True,False,True,20.0,0.0,0.0,0.0,0.0,0,1.0626003210272876,0.8855002675227398,False,False,False,False,0.3428282112283642,0.3350336100681368,False,False,False,False,7278664.0,4914053.298168391,False,False,False,False,120171.36790360569,False,False,False,False
2025-08-14 16:00:00+00:00,7.86,7.865,7.75,7.815,46227.0,,,,,,,,6.820156865896679,6.5127323014965315,6.467360222295175,6.446829199607444,6.316425177709802,6.27489764768544,6.317122559409784,6.407423943889972,6.38403645857696,6.3916445845697965,6.396185865579537,6.411941268421238,6.4183840843193165,6.415156442671063,6.42353178416592,,,,,,,,,6.861654620558186,6.627151635020305,6.624714185990225,6.538002332336768,6.476241004924077,6.379796949330058,6.330213094534597,6.296941535747469,6.244427459121926,6.2393988223237775,6.258940511330565,6.395945348272666,6.396075935228312,6.407386094954748,6.380306451103817,6.3918932090067235,6.397277881381787,6.42599949858189,,,6.627151635020305,6.317122559409784,6.431842942654081,"rgba(0, 255, 0, 1.0)",0.3558413833298422,6.457658316095012,3.81445707973437,85.75634065341183,28.90324664487855,True,False,True,False,True,20.0,0.0,0.0,0.0,0.0,0,1.0719269994632314,0.8990874932903917,False,False,False,False,0.34282821251114703,0.3389309112896419,False,False,False,False,7232437.0,4949997.231530121,False,False,False,False,119024.94359502265,False,False,False,False
2025-08-14 17:00:00+00:00,7.815,7.895,7.805,7.865,97533.0,,,,,,,,6.84563724021269,6.524311760540065,6.476431503109503,6.455232156120208,6.323340878711365,6.281484253963888,6.321660622120691,6.411086459319492,6.387225163422597,6.394680856783537,6.3991623219289995,6.414773455476807,6.421178619330817,6.4177681865973115,6.426070833236726,,,,,,,,,6.889517367875442,6.644062866333629,6.641590389107208,6.552231625650645,6.485604972831451,6.3872649514911854,6.337241639931399,6.3037247787189,6.250619059216692,6.245015874728626,6.264043546150258,6.399789589960631,6.3999139925042705,6.4109155490967655,6.383528279856973,6.394964918302544,6.400241436991956,6.428675966648698,,,6.644062866333629,6.321660622120691,6.440657577571085,"rgba(0, 255, 0, 1.0)",0.38966702116986074,6.469053709245121,3.5824080943877687,87.36876930225567,30.424312888725623,True,False,True,False,True,20.0,0.0,0.0,0.0,0.0,0,1.070080862533693,0.9029649595687332,False,False,False,False,0.3428282134950866,0.3408795623923643,False,False,False,False,7329970.0,4986896.0341420565,False,False,False,False,118691.73516719283,False,False,False,False
2025-08-14 18:00:00+00:00,7.865,7.875,7.805,7.815,43205.0,,,,,,,,6.8562760315084335,6.529288771247953,6.4803447128848255,6.458860999890324,6.326338186155506,6.284341453120325,6.323631875970021,6.412676835204862,6.388610891309721,6.396000409684678,6.400455878966555,6.416004234428395,6.422392977090239,6.418903372829439,6.4271743810884505,,,,,,,,,6.901080163159907,6.651264696011883,6.648778172181092,6.55832594741134,6.489642489463553,6.390496794338144,6.3402869180976635,6.306665853893285,6.253306946321053,6.247455761878181,6.266260664511346,6.401458837336896,6.401580561803205,6.412448352411689,6.384928425007783,6.3962998204243675,6.401529385475958,6.429839038986153,,,6.651264696011883,6.323631875970021,6.444426006461734,"rgba(0, 255, 0, 1.0)",0.41749440304821045,6.473918218742718,3.2122149936999764,86.84585978282539,30.424312888725623,True,False,True,False,True,20.0,0.0,0.0,0.0,0.0,0,1.068928379106085,0.8987614431879374,False,False,False,False,0.33874167836979197,0.3398106203810781,False,False,False,False,7286765.0,5022552.917333652,False,False,False,False,117521.39818785651,False,False,False,False
2025-08-14 19:00:00+00:00,7.815,7.895,7.8,7.815,168139.0,,,,,,,,6.895782920330052,6.548375155803557,6.495416429874033,6.47285371460019,6.337928530662337,6.295396761388139,6.331279850405627,6.418853973624281,6.393997052345997,6.401130475335981,6.4054853088335335,6.420790564482903,6.427115700117526,6.423319404914253,6.431467796896641,,,,,,,,,6.9437282042801165,6.678594796640769,6.6760579262628115,6.581591392391966,6.505184923245349,6.402980707003038,6.352060229380414,6.318041714719665,6.263713723535374,6.256909707819438,6.274856929512285,6.407940678151845,6.408052061135323,6.418403051728989,6.390370377141298,6.401489288373601,6.4065371011226055,6.434363099690882,,,6.678594796640769,6.331279850405627,6.4587944040142595,"rgba(0, 255, 0, 1.0)",0.4429051003634216,6.49242997728327,2.9861250674952897,86.49725343653853,30.424312888725623,True,False,True,False,True,20.0,0.0,0.0,0.0,0.0,0,1.0695187165775404,0.8925133689839573,False,False,False,False,0.34180555071148216,0.34080808554628017,False,False,False,False,7286765.0,5057656.980630805,False,False,False,False,118306.16720819981,False,False,False,False
2025-08-15 14:00:00+00:00,7.815,7.965,7.815,7.865,148967.0,,,,,,,,6.929767827264231,6.565400188888511,6.508931192050329,6.485416870448822,6.348353562544125,6.305342915322474,6.338192087177713,6.4244544485961415,6.3988835005794895,6.405786681414451,6.410051105378675,6.425138192091789,6.431406384594353,6.427332821256037,6.435370980226678,,,,,,,,,6.980137842887348,6.702677596498565,6.700098518471521,6.60222180559321,6.519113879771813,6.41420399446215,6.3626488959052185,6.328274534406232,6.273080766967491,6.2654281199931905,6.282611947078067,6.41381405177787,6.413916153520611,6.423803398845989,6.395306795781154,6.406199072533302,6.411083394387973,6.4384749110886395,,,6.702677596498565,6.338192087177713,6.471531198694622,"rgba(0, 255, 0, 1.0)",0.4681477013403725,6.508797447562787,2.8969544196291364,86.56193529863347,30.598126652063627,True,False,True,False,True,20.0,0.0,0.0,0.0,0.0,0,1.0687466948704392,0.8894764674775251,False,False,False,False,0.34282821437984995,0.34181814996306503,False,False,False,False,7435732.0,5094526.360776064,False,False,False,False,118781.5289569099,False,False,False,False
2025-08-15 15:00:00+00:00,7.865,8.01,7.855,8.01,228266.0,,,,,,,,6.981372461619234,6.592132019836439,6.5302649292875925,6.505272351323005,6.364842943974958,6.321073571429273,6.349185326630905,6.433400635642593,6.406693104303293,6.413232648416686,6.41735449835166,6.432098229093664,6.438277202173063,6.433761950914396,6.4416262244016895,,,,,,,,,7.035057121709587,6.740046980605457,6.7374046508669645,6.634414110512709,6.541089635477346,6.431956395073826,6.37939744617149,6.344458455316848,6.2878997032020445,6.278920201186311,6.294913821214665,6.423189051051894,6.423276512377196,6.432432717515246,6.403194820806044,6.413730119104291,6.41835604547198,6.445062724765391,,,6.740046980605457,6.349185326630905,6.491424763449568,"rgba(0, 255, 0, 1.0)",0.4967366206253312,6.534289914044616,2.970809931624617,87.35906662290435,31.855220748430867,True,False,True,False,True,20.0,0.0,0.0,0.0,0.0,0,1.0753532182103611,0.8838304552590266,False,False,False,False,0.3428282152789307,0.34232318262099787,False,False,False,False,7663998.0,5134363.130376435,False,False,False,False,120478.96261649269,False,False,False,False
2025-08-15 16:00:00+00:00,8.005,8.09,8.005,8.055,154919.0,,,,,,,,7.016561299699283,6.61087592714038,6.545296091052076,6.519276684896685,6.376475614998103,6.332168398691588,6.35698179450778,6.439774415863746,6.412259398563892,6.418542905677284,6.422564546894124,6.437067512432839,6.443184243282037,6.4383550907297185,6.446097141499569,,,,,,,,,7.07231032765163,6.7659816105230215,6.763296348067046,6.656858884215052,6.556565906125977,6.444483526608394,6.391213816064764,6.355873817308324,6.29835321047991,6.288448276027718,6.303614896803981,6.429863156487561,6.429940318378601,6.438582682250838,6.408815938455185,6.419100643153952,6.423544498867063,6.4497701561132805,,,6.7659816105230215,6.35698179450778,6.50531891936062,"rgba(0, 255, 0, 1.0)",0.5244456361008535,6.552046858040407,2.865793970817915,88.09675646277059,33.03367161343111,True,False,True,False,True,20.0,0.0,0.0,0.0,0.0,0,1.0994213571804319,0.8690163072067335,False,False,False,False,0.34282821752087,0.34257570007093396,False,False,False,False,7818917.0,5175984.120603156,False,False,False,False,121012.91668445403,False,False,False,False
2025-08-15 17:00:00+00:00,8.055,8.13,8.055,8.125,105011.0,,,,,,,,7.040289235303708,6.6237704556269374,6.555672108042303,6.528951677839154,6.384518249425649,6.3398393306099186,6.362391272111912,6.444208499225657,6.416133260856586,6.422239915162597,6.426192398730529,6.440529398433569,6.4466033384692185,6.441556249493917,6.4492139247433435,,,,,,,,,7.097339555765979,6.783691285435279,6.780977401444422,6.672239622713411,6.567245360689132,6.4531436760480485,6.399383361367694,6.363766029092062,6.305582423598796,6.295042526119719,6.309642604281963,6.434504011575057,6.434574066336614,6.4428619727547805,6.4127275247604025,6.42283941345455,6.427157451107117,6.453051216579314,,,6.783691285435279,6.362391272111912,6.514853396979188,"rgba(0, 255, 0, 1.0)",0.5519836301267739,6.564208880320438,2.827603998548102,88.89887801059945,34.24019145653642,True,False,True,False,True,20.0,0.0,0.0,0.0,0.0,0,1.1019978969505784,0.8669821240799158,False,False,False,False,0.3428282183297632,0.34270195920034857,False,False,False,False,7923928.0,5218587.901679076,False,False,False,False,120764.82495291211,False,False,False,False
2025-08-15 18:00:00+00:00,8.125,8.155,8.02,8.035,111429.0,,,,,,,8.069999999999999,7.063605196586034,6.636908804418195,6.5662983075857655,6.538874930617978,6.392806984455527,6.347754271537504,6.367985630913403,6.448793795085167,6.4201436927281135,6.42606773981728,6.4299487174512775,6.444113844485832,6.450143345488385,6.44487175480995,6.452442013657011,,,,,,,,,7.121765880000596,6.80151562748196,6.798775638867485,6.687834782196573,6.578174988609153,6.462051138312045,6.407799457083758,6.37190402149392,6.313049345472843,6.301859576148976,6.31587666699306,6.439302636862025,6.439365379454037,6.447288135993187,6.416777028046063,6.426710245057084,6.430898357616827,6.45644856191859,,,6.80151562748196,6.367985630913403,6.590260476677734,"rgba(0, 255, 0, 1.0)",0.57340093358019,6.664225775129078,2.3906034060881405,85.98345407941841,34.24019145653642,True,False,True,False,False,20.0,0.0,0.0,0.0,0.0,0,1.091995841995842,0.8664241164241165,False,False,False,False,0.3410250085169881,0.3418634838586683,False,False,False,False,7812499.0,5258803.577622036,False,False,False,False,120620.08348077393,False,False,False,False
2025-08-15 19:00:00+00:00,8.035,8.045,7.95,7.975,366405.0,,,,,,,8.008655683773025,7.127801289914559,6.676156165740105,6.598407781889826,6.568963815491631,6.418223623280519,6.372091899638992,6.385272896230271,6.462955558964504,6.4325620610910965,6.43792363364252,6.441583609777336,6.4552154577427965,6.46110610731549,6.455147345929104,6.462446147186387,,,,,,,,,7.187993325529347,6.853308964018576,6.850511259252097,6.733917534203665,6.611150928992772,6.489237905732373,6.4335818550225055,6.3968895046916785,6.336064921496191,6.322913345568061,6.335147161315066,6.454120570222615,6.454160977675647,6.460964909118282,6.429316688677111,6.438697725835214,6.442485564991596,6.466970961103162,,,6.853308964018576,6.385272896230271,6.616014825101221,"rgba(0, 255, 0, 1.0)",0.5914179784426812,6.6964816260081435,2.1617847623747326,81.92918774100018,36.56116150190836,True,False,True,False,False,20.0,0.0,0.0,0.0,0.0,0,1.083030617540218,0.8853139595225741,False,False,False,False,0.3089173583159751,0.32539042108732175,False,False,False,False,7446094.0,5292715.057038749,False,False,False,False,124430.70234153712,False,False,False,False
2025-08-18 14:00:00+00:00,7.775,7.86,7.745,7.84,136933.0,,,,,,,7.96552088026846,7.145148816047447,6.688368870935138,6.608576372427426,6.578545155229762,6.426481324631255,6.380039331962995,6.390945012061187,6.467582622637444,6.436636942669904,6.441814017514928,6.445400974568021,6.458855122684615,6.464698775250252,6.458518688073538,6.465727058709981,,,,,,,,,7.205371849989679,6.868720522781399,6.865915758625437,6.748028985110753,6.621568359146248,6.497995458378793,6.441943599395065,6.405026073238538,6.3436119418946575,6.329835520622353,6.34148595210098,6.458963172532171,6.458996358020775,6.465436262096449,6.433432111538463,6.442630565221341,6.4462871388295335,6.470418825555111,,,6.868720522781399,6.390945012061187,6.622967090173711,"rgba(0, 255, 255, 0.75)",0.6048315006215749,6.705081516337236,1.8764209246648493,75.12578655432685,30.334042081780595,True,False,True,False,False,20.0,0.0,0.0,0.0,0.0,0,1.0606214977075905,0.8981151299032093,False,False,False,False,0.2413260218799511,0.28335822148363643,False,False,False,False,7309161.0,5323977.784836597,False,False,False,False,124624.53641376135,False,False,False,False
2025-08-18 15:00:00+00:00,7.845,7.86,7.8,7.8,118114.0,,,,,,,7.942068159769458,7.159530224379522,6.698740502669649,6.617247691741295,6.586725069336411,6.4335514854416544,6.386848179676904,6.395818618987345,6.471563129548866,6.440145236662336,6.445164277372015,6.4486886637918905,6.461990482397349,6.467793831994103,6.461423969307355,6.468554747852776,,,,,,,,,7.219722967381718,6.881690828544672,6.878881224277145,6.759964101896527,6.630447387946591,6.505485355326211,6.4491012478748315,6.4119944055119475,6.35008206816208,6.335774906693567,6.346928533832982,6.463127945267945,6.463154960347862,6.469283654168281,6.436975132507438,6.446017188872742,6.449561294918598,6.473389712452554,,,6.881690828544672,6.395818618987345,6.629394120718131,"rgba(0, 255, 255, 0.75)",0.6149335787760398,6.713014537586578,1.767646945832672,69.51105257100227,25.441271606279486,False,False,True,False,False,20.0,0.0,0.0,0.0,0.0,0,1.0627551020408164,0.9040816326530613,False,False,False,False,0.2507150635575808,0.2670366425206086,False,False,False,False,7191047.0,5352924.594374013,False,False,False,False,124523.59786471078,False,False,False,False
2025-08-18 16:00:00+00:00,7.805,7.85,7.795,7.845,139896.0,,,,,,,7.924104937458251,7.176036564494914,6.710888909341959,6.627442962012253,6.5963525532047855,6.441892970414995,6.394885540231393,6.4015883936035465,6.476282235062498,6.444307509922772,6.449140074456033,6.452590613650689,6.465712623228044,6.4714684013491235,6.464874239260827,6.471913336897411,,,,,,,,,7.236146129534268,6.896761706652056,6.8939474867673525,6.773891059995293,6.640882113459681,6.514314101575727,6.45754441897905,6.420217521988602,6.357724038949914,6.3427956310337,6.353366609972913,6.468064023598254,6.468083774225569,6.473845913383985,6.441178360800136,6.4500359130490805,6.453447271568152,6.47691760435994,,,6.896761706652056,6.4015883936035465,6.637301818666555,"rgba(0, 255, 255, 0.75)",0.6247060786359341,6.722754831676116,1.7964370873008675,66.6362490502994,23.078796321242834,False,False,True,False,False,20.0,0.0,0.0,0.0,0.0,0,1.0639059304703478,0.9033742331288342,False,False,False,False,0.24815018430267402,0.2575934134116413,False,False,False,False,7330943.0,5383591.546399222,False,False,False,False,124761.92968076178,False,False,False,False
2025-08-18 17:00:00+00:00,7.845,7.87,7.84,7.855,62778.0,,,,,,,7.919467829256432,7.183455617669211,6.716375968062484,6.632056511684892,6.600711136678945,6.4456707193959195,6.398525582853943,6.404207554828776,6.47842819335197,6.446200779474641,6.450948959746826,6.454366098296724,6.4674068362379,6.473141145310795,6.4664451422550275,6.473442760355172,,,,,,,,,7.2435303867067296,6.903547147325727,6.900730830833321,6.780168757448636,6.645603099957791,6.518312392311969,6.461368208484514,6.423941593701446,6.361185556785015,6.345977364740048,6.356286153320264,6.470307954886536,6.470324420748689,6.47592084471324,6.4430901203368665,6.451864263182912,6.455215532728132,6.47852392045626,,,6.903547147325727,6.404207554828776,6.641015789022321,"rgba(0, 255, 255, 0.75)",0.6336520061239179,6.727325717030884,1.779642882955833,64.92011717954438,21.604465817551954,False,True,True,False,False,20.0,0.0,0.0,0.0,0.0,0,1.0706605222734258,0.8960573476702511,False,False,False,False,0.2592882532209118,0.25844083331627654,False,False,False,False,7393721.0,5414756.3441294655,False,False,False,False,123800.9385229205,False,False,False,False
2025-08-18 18:00:00+00:00,7.855,7.88,7.845,7.88,26565.0,,,,,,,7.918055959755541,7.18660781930251,6.718709048360648,6.634019516908052,6.602565938517165,6.447278294543995,6.400074486984132,6.405323192806079,6.479343038229601,6.447007969797738,6.451720258388047,6.455123194729925,6.46812938899732,6.473854580677045,6.46711518633399,6.474095165932954,,,,,,,,,7.246669281799489,6.90642944320695,6.903612212962512,6.78283599704283,6.6476116880839085,6.520013933464296,6.462995401523011,6.425526277337202,6.362658541518244,6.347331572822716,6.35752912588051,6.471264429199943,6.47127949823215,6.476805462869988,6.443905165245192,6.4526438500154395,6.455969557964088,6.479209091910788,,,6.90642944320695,6.405323192806079,6.642618131855776,"rgba(0, 255, 255, 0.75)",0.6419882194198537,6.729297182862608,1.7924048796055,64.30800358713131,20.94094251378094,False,True,True,False,False,20.0,0.0,0.0,0.0,0.0,0,1.0682401231400722,0.8989225243714726,False,False,False,False,0.26186744333357037,0.26015413832492346,False,False,False,False,7420286.0,5445849.827166218,False,False,False,False,122293.40459233259,False,False,False,False
2025-08-18 19:00:00+00:00,7.875,7.97,7.875,7.96,107750.0,,,,,,,7.919762447774029,7.200323103016268,6.728619309901408,6.642344740464225,6.610427177172902,6.454065837250372,6.406607392718511,6.4100363492212,6.483218923290666,6.450425758802523,6.454986948437876,6.458330222342724,6.4711916759599415,6.476878858354704,6.469955382299537,6.476861367361781,,,,,,,,,7.260415323665019,6.918743979825944,6.915921110012628,6.794178078501881,6.656132739156736,6.527210859202427,6.4698682990527265,6.432213753507108,6.368866924911103,6.353039419561426,6.362771395463707,6.4753150802885395,6.475324255985063,6.4805534075862425,6.447355800767754,6.45594563657229,6.459163692195634,6.482114337891037,,,6.918743979825944,6.4100363492212,6.649749658684016,"rgba(0, 255, 255, 0.75)",0.6516221961278533,6.738084391203015,1.875190280592032,65.49736530878593,20.94094251378094,False,True,True,False,False,20.0,0.0,0.0,0.0,0.0,0,1.0698623151453344,0.8893421723610405,False,False,False,False,0.28262726649872194,0.2713907024118227,False,False,False,False,7528036.0,5478131.7833341835,False,False,False,False,122067.92545136619,False,False,False,False
2025-08-19 14:00:00+00:00,7.875,7.895,7.735,7.765,193748.0,,,,,,,7.901143966504645,7.219400694233823,6.744065400800646,6.655494866703946,6.62289711455426,6.4650040968736935,6.4171775561063535,6.417685531775673,6.489485364944494,6.455969905383049,6.4602857343962805,6.4635315458294125,6.476154902463591,6.4817787563550056,6.47456101788813,6.481345347061446,,,,,,,,,7.279061725437477,6.937280730951036,6.934459308167059,6.811643499651852,6.669566811293483,6.53873074967897,6.480928673918109,6.443010660079707,6.3789444298048865,6.362322458520046,6.371298713482536,6.481865849436945,6.481865563114095,6.486615715766873,6.452954130605542,6.461300623523917,6.464343914343218,6.486820602764351,,,6.937280730951036,6.417685531775673,6.659954940711567,"rgba(0, 255, 255, 0.75)",0.6554850140190874,6.750532123635547,1.547659907805172,60.35053327419167,16.945984086963364,False,True,True,False,False,20.0,0.0,0.0,0.0,0.0,0,1.0475475475475478,0.8933933933933933,False,False,False,False,0.245588500626191,0.25848960151900685,False,False,False,False,7334288.0,5506909.399096444,False,False,False,False,123179.24443661631,False,False,False,False
2025-08-19 15:00:00+00:00,7.765,7.765,7.695,7.725,244787.0,,,,,,,7.873099909065093,7.239118808964302,6.761699927925646,6.6706955962995576,6.637366326496656,6.477859574997823,6.429639502463675,6.4267461334119975,6.496898807240256,6.462547783850635,6.466573785856288,6.46970398804737,6.482043569027924,6.487591316301314,6.4800291558025895,6.48666840532009,,,,,,,,,7.29791225710184,6.9577969775912685,6.9549861269099305,6.83135462648132,6.685069624567282,6.552197706880805,6.4939134288139,6.455718123223441,6.390857294130869,6.373318319194241,6.381407183590338,6.489614929903256,6.489603575299082,6.493791215545576,6.459596652179967,6.467654460246533,6.470491293727558,6.492403928920917,,,6.9577969775912685,6.4267461334119975,6.67131241648515,"rgba(38, 166, 154, 1.0)",0.6576722738718876,6.764252853759068,1.4608296326447876,55.96619188750027,12.827007917656921,False,True,True,False,False,20.0,0.0,0.0,0.0,0.0,0,1.0439340988517227,0.9066400399400901,False,False,False,False,0.2167673479525648,0.23762847473578583,False,False,False,False,7089501.0,5531445.702986422,False,False,False,False,125064.63599573854,False,False,False,False
2025-08-19 16:00:00+00:00,7.725,7.73,7.665,7.665,84920.0,,,,,,,7.863163511315435,7.245054452309368,6.767413494018112,6.675664992312405,6.64210945679238,6.482111835830056,6.4337706267095465,6.429760496249459,6.499363626699246,6.46473928498714,6.468669097316939,6.471760820045905,6.484005644085021,6.489527837699409,6.481852054964191,6.488442833962234,,,,,,,,,7.3034897066822015,6.964296389347184,6.961490941891109,6.8376875997541,6.690131652228294,6.556635628107892,6.498205166279608,6.459925595194968,6.394813817581879,6.376975661016504,6.384771463842024,6.492191062049066,6.492176059584455,6.496177797142341,6.461809750137798,6.469771470862193,6.472539776384673,6.494264243145842,,,6.964296389347184,6.429760496249459,6.674957202722502,"rgba(38, 166, 154, 1.0)",0.6584240466638686,6.768624914937599,1.3613948178293194,51.66011280304084,8.846937839563523,False,True,False,False,False,19.412628004601984,0.0,0.0,0.0,0.0,0,1.0407331975560083,0.9282077393075356,False,False,False,False,0.20584297665279275,0.2217357256942893,False,False,False,False,7004581.0,5554285.009916865,False,False,False,False,124442.23853844027,False,False,False,False
2025-08-19 17:00:00+00:00,7.665,7.675,7.635,7.665,115144.0,,,,,,,7.849358773849568,7.2523551165160125,6.774813444214207,6.68213924677726,6.6483000498106115,6.487695467881277,6.439203192436996,6.433733125434817,6.5026100717970365,6.467629652890442,6.4714328636617005,6.474473840376752,6.486593421871554,6.492081711381222,6.484257046026154,6.490783743250629,,,,,,,,,7.310260839864757,6.972587612324915,6.969790892075224,6.845844623587229,6.696721307466963,6.562448399655705,6.503837730515602,6.465454118327122,6.40002326460638,6.381795700211125,6.389206851078888,6.495583974484114,6.495564193082507,6.499321925183986,6.464728676409113,6.472563671634378,6.4752417790157555,6.496717710006325,,,6.972587612324915,6.433733125434817,6.679640330019275,"rgba(38, 166, 154, 1.0)",0.6585094210849655,6.774215093994373,1.3527291751391537,48.789393413401214,6.184463151501227,False,True,False,True,False,19.412628004601984,0.0,0.0,0.0,0.0,0,1.0285423037716617,0.9317023445463813,False,False,False,False,0.19162959714952993,0.2066826614219096,False,False,False,False,7004581.0,5576770.219065441,False,False,False,False,124298.07980141019,False,False,False,False
2025-08-19 18:00:00+00:00,7.665,7.685,7.605,7.62,163867.0,,,,,,,7.830743943216743,7.261779859345169,6.784882068613137,6.691006074741897,6.6567950273991086,6.495405618537629,6.446716014488291,6.439243422271623,6.50711297951175,6.471644609164144,6.475272646773023,6.478243275503675,6.490188874050109,6.495629902429324,6.487599949849876,6.494037573101941,,,,,,,,,7.318890541923355,6.983689182358179,6.980906573655336,6.856875362205596,6.705738333018474,6.570454382997549,6.511611367254537,6.473093328844558,6.40723705520396,6.388477765323784,6.395359201340399,6.500289345376403,6.5002629849784,6.503684163240192,6.468783309148091,6.4764426458717175,6.4789959316562795,6.50012678307617,,,6.983689182358179,6.439243422271623,6.686027300566333,"rgba(38, 166, 154, 1.0)",0.6574193198881217,6.781800270099599,1.2749849366201225,45.77030797148444,3.304760073261619,False,True,False,True,False,17.90052223139343,0.0,0.0,0.0,0.0,0,1.0284552845528456,0.9278455284552845,False,False,False,False,0.18829656358129646,0.19748961250160302,False,False,False,False,6840714.0,5596366.246676829,False,False,False,False,124911.55143239608,False,False,False,False
2025-08-19 19:00:00+00:00,7.615,7.615,7.54,7.545,230046.0,,,,,,,7.8018481853757615,7.271927094018207,6.7974969219776336,6.702278359223938,6.6676427506685325,6.505403317854649,6.456494114970582,6.4464471893644815,6.512986389967038,6.476898846915458,6.480298316068389,6.483176673701642,6.494892734077159,6.500270785273679,6.491976415251191,6.498296493568564,,,,,,,,7.566666666666668,7.327757878784343,6.997057139619041,6.994299908976213,6.8705073026510455,6.717178729919331,6.580769565633113,6.521678239853596,6.483015924121875,6.416654749111968,6.397219855645235,6.40341320872337,6.5064270214833355,6.506392174647135,6.509377074036719,6.474089978192324,6.481518832489464,6.483909252762246,6.50458572385263,,,6.997057139619041,6.4464471893644815,6.737401189659446,"rgba(38, 166, 154, 1.0)",0.6538298673932643,6.849392859664564,1.0638962443069966,42.08621247232275,-0.22309924730161157,False,True,False,True,False,15.437196464011492,0.0,0.0,0.0,0.0,0,1.0238095238095244,0.9321175278622088,False,False,False,False,0.16590256187224922,0.18169608718692612,False,False,False,False,6610668.0,5612091.855255483,False,False,False,False,126541.54288305661,False,False,False,False
2025-08-20 14:00:00+00:00,7.685,7.73,7.655,7.72,101620.0,,,,,,,7.7972291124660185,7.278153543209789,6.803896111288827,6.707929190085249,6.673059919145419,6.510314763301457,6.461277968934932,6.449980100989995,6.515889976663681,6.479489358706262,6.482777684077813,6.485611489380347,6.4972176232258,6.502565963359012,6.49413981365027,6.5004034358857545,,,,,,,,7.608029664381236,7.333576927151013,7.004122744218335,7.001373071227808,6.877499390507046,6.722923956162766,6.585873127409519,6.52663085925722,6.487880935904685,6.421249017257354,6.401481430257753,6.407344615362578,6.509458187871876,6.509419174132766,6.512191101243934,6.476705465633732,6.484023248452066,6.4863343951306165,6.506792413770894,,,7.004122744218335,6.449980100989995,6.743339614162599,"rgba(38, 166, 154, 1.0)",0.6512293156957996,6.856463192314786,1.3260103420905986,45.045014999170576,-0.22309924730161157,False,True,False,True,False,18.974253445805395,0.0,0.0,0.0,0.0,0,1.0244633050424365,0.9171243135297054,False,False,False,False,0.2041666583236131,0.19293137275526961,False,False,False,False,6712288.0,5629149.159825165,False,False,False,False,126155.16237324178,False,False,False,False
2025-08-20 15:00:00+00:00,7.725,7.745,7.7,7.71,79231.0,,,,,,,7.794491331662894,7.283070569866697,6.808914391757064,6.712364037849566,6.677312154272093,6.5141694056419555,6.4650321892704445,6.452757365665445,6.518175701667409,6.481528976347514,6.48473016031054,6.4875290498520215,6.499049082395286,6.504374179205444,6.495844416461874,6.5020637841161,,,,,,,,7.6292989118927625,7.338189572960367,7.009663394976607,7.006919421259044,6.882978494130194,6.727432568003382,6.589879095896424,6.530517926984019,6.491698934158512,6.4248546741553385,6.404827167139635,6.41043262892562,6.511843769617723,6.511801490479649,6.514406554342281,6.478764627830193,6.4859953976822675,6.488244375586991,6.50853120757452,,,7.009663394976607,6.452757365665445,6.747591855216213,"rgba(38, 166, 154, 1.0)",0.6483473237796619,6.861498752969132,1.3087140424739812,46.75008416115705,-0.22309924730161157,False,True,False,True,True,18.64998066727537,0.0,0.0,0.0,0.0,0,1.0259740259740264,0.9195804195804199,False,False,False,False,0.21424190473506136,0.20358663874516547,False,False,False,False,6633057.0,5644713.622463534,False,False,False,False,125427.65597985817,False,False,False,False
2025-08-20 16:00:00+00:00,7.705,7.715,7.645,7.665,37795.0,,,,,,,7.79254556673451,7.28514792870503,6.811175730629247,6.714375336411189,6.67924447540317,6.515933646956805,6.466753503302178,6.4540326889804245,6.519223728346068,6.482465550768835,6.48562672335554,6.488409539069384,6.499889815647743,6.505204123772143,6.496627115998667,6.5028260529592385,,,,,,,,7.63314848492953,7.340104765442489,7.012116470572973,7.009375716456975,6.88543279382574,6.729475496282711,6.59170706857439,6.532295908580682,6.493447826292739,6.426510216888798,6.406364722792156,6.411851927351085,6.512937679350467,6.51289390875381,6.515422576080319,6.479710236657046,6.486900937106208,6.4891213724588575,6.509329248399297,,,7.012116470572973,6.4540326889804245,6.749249136172022,"rgba(38, 166, 154, 1.0)",0.6440376716641035,6.863435111204906,1.2445931722036732,46.65245722826669,-0.22309924730161157,False,True,False,True,True,17.189256021627322,0.0,0.0,0.0,0.0,0,1.018546365914787,0.9298245614035087,False,False,False,False,0.19998078754310944,0.20178371314413746,False,False,False,False,6595262.0,5659450.806611385,False,False,False,False,124069.01015071307,False,False,False,False
2025-08-20 17:00:00+00:00,7.66,7.715,7.655,7.71,57921.0,,,,,,,7.790130016098144,7.288436818987998,6.8146914840869455,6.7174999178474915,6.682245538946007,6.5186695733841145,6.469421823924596,6.456011240392572,6.520851572159721,6.483920027766433,6.487019230754554,6.489777170617744,6.501195977597408,6.5064936338881,6.49784322262405,6.504010553359774,,,,,,,,7.640029411009984,7.343156285848919,7.015943921400642,7.0132078660255575,6.889251292841529,6.732649629282009,6.594543732022439,6.535053522453555,6.496159433069247,6.429075983107365,6.408747770643296,6.414052316053467,6.5146364989147125,6.5145904167736886,6.5170007494648745,6.481178671277693,6.488307379437936,6.49048360052334,6.510569334338329,,,7.015943921400642,6.456011240392572,6.751889419440663,"rgba(38, 166, 154, 1.0)",0.6425867978668638,6.866526587710881,1.3126217580085986,47.955982242126616,-0.22309924730161157,False,True,False,False,True,18.094958042916346,0.0,0.0,0.0,0.0,0,1.0155232849273914,0.928392588883325,False,False,False,False,0.2016542981416535,0.20171900564289547,False,False,False,False,6653183.0,5674857.507284077,False,False,False,False,123043.45960574078,False,False,False,False
2025-08-20 18:00:00+00:00,7.715,7.745,7.705,7.735,47049.0,,,,,,,7.788931551743515,7.291297198158487,6.81763969723604,6.72011386747302,6.684754182279835,6.520948553528478,6.4716424988427725,6.457659096305998,6.5222099174691195,6.485133041122078,6.488180747665278,6.490918049001718,6.502285953151319,6.507569868486761,6.498858110896147,6.504999248907266,,,,,,,,7.64753328745697,7.34584038304873,7.019180442580911,7.016447811987652,6.8924604380849335,6.735305993909621,6.596910266877298,6.537351293720414,6.498417187750689,6.431209994446264,6.4107295895828855,6.415882877709972,6.516053717374715,6.516005710422775,6.518317633940317,6.482403227721269,6.4894805279477,6.491619998041077,6.511604492548032,,,7.019180442580911,6.457659096305998,6.754209856786108,"rgba(38, 166, 154, 1.0)",0.6408647522142462,6.869256057521548,1.3508996078926598,49.57866569951859,-0.22309924730161157,False,True,False,False,True,18.595901673217373,0.0,0.0,0.0,0.0,0,1.0220994475138125,0.9256654947262684,False,False,False,False,0.21508341857367927,0.20840121210828738,False,False,False,False,6700232.0,5690754.786240912,False,False,False,False,121865.25092968278,False,False,False,False
2025-08-20 19:00:00+00:00,7.735,7.77,7.7,7.735,128820.0,,,,,,,7.786212194632519,7.299058493401513,6.825673765420246,6.7272490279800445,6.691605157056688,6.527178888336517,6.477714844276394,6.462172711613456,6.5259339420158105,6.488459943618439,6.491366918159788,6.4940478130214245,6.505276591642171,6.510522955631085,6.501643344879262,6.507712848300931,,,,,,,,7.664042824572665,7.353126403208521,7.0279752935618856,7.025252065859444,6.901191840132738,6.7425554502374485,6.60337744656553,6.543632501316783,6.504590062624305,6.437047044126888,6.416152766960705,6.42089428071544,6.519938419899565,6.5198851596477905,6.521928435310717,6.485761660772881,6.492698498946373,6.49473751521229,6.514445247443534,,,7.0279752935618856,6.462172711613456,6.760406027209859,"rgba(38, 166, 154, 1.0)",0.6383967954716445,6.87652545430821,1.3447350484545488,50.66045467111323,-5.540486532827153,False,True,False,False,True,18.595901673217384,0.0,0.0,0.0,0.0,0,1.0201308505284352,0.9265223955712132,False,False,False,False,0.21845248864254624,0.2134268503754168,False,False,False,False,6700232.0,5706405.595756557,False,False,False,False,121973.07649666445,False,False,False,False
2025-08-21 14:00:00+00:00,7.655,7.91,7.655,7.9,124551.0,,,,,,,7.787860302805124,7.307750070759176,6.8340366055522495,6.734638123836015,6.698687825392165,6.533570150384967,6.483931606246029,6.466801610433148,6.529769413839966,6.491882270134884,6.494645660081424,6.497269214581033,6.508357172281415,6.513565834250212,6.50451276281881,6.510509632710344,,,,,,,,7.688369224058993,7.361457115820912,7.03729306001862,7.034576503514308,6.910323288129854,6.750068808716465,6.610034364291318,6.550080477488116,6.510916339085282,6.443014707379312,6.421695960044512,6.426020712190328,6.523937142798275,6.523878498241288,6.525647226769077,6.489215805519754,6.496010012860524,6.497946481035173,6.517373483142606,,,7.03729306001862,6.466801610433148,6.767342997732611,"rgba(0, 255, 255, 0.75)",0.6382957531336586,6.884726327416134,1.59060070131983,55.72854868711555,-0.4823656831031684,False,True,True,False,True,20.0,0.0,0.0,0.0,0.0,0,1.0118284869393792,0.913257762444554,False,False,False,False,0.23452383908815932,0.22397534473178807,False,False,False,False,6824783.0,5723744.78031847,False,False,False,False,122013.04430291771,False,False,False,False
2025-08-21 15:00:00+00:00,7.905,7.915,7.845,7.875,83352.0,,,,,,,7.790589897302936,7.3140307018406885,6.8398718192287005,6.739782461452481,6.703614993473677,6.537998793517579,6.488234839799759,6.470010622838941,6.532435561814839,6.494259941749069,6.496924159209489,6.499508190660456,6.510499323801484,6.515682185870266,6.5065083913572845,6.51245525990656,,,,,,,,7.70615241721278,7.367535015119979,7.043849182523342,7.041136143495586,6.916707432404065,6.755301543939782,6.614655279902565,6.554550056886148,6.515297741409393,6.447142711427053,6.4255303862140885,6.429568961673897,6.526715727416571,6.526653355992006,6.528232348457852,6.491615311968254,6.498311278954949,6.500176890925802,6.51941062109169,,,7.043849182523342,6.470010622838941,6.772288532292518,"rgba(0, 255, 255, 0.75)",0.6373598909804619,6.890587178431242,1.5445164270604137,58.119351144468894,1.9114102769054497,False,True,True,False,True,20.0,0.0,0.0,0.0,0.0,0,1.0334975369458133,0.9118226600985222,False,False,False,False,0.26789889000899725,0.24593711737039264,False,False,False,False,6741431.0,5739522.861243764,False,False,False,False,121413.64826721355,False,False,False,False
2025-08-21 16:00:00+00:00,7.875,7.875,7.815,7.855,67096.0,,,,,,,7.791959015370957,7.318723382461993,6.8443875051826994,6.743781777793336,6.707450894206711,6.5414632721649095,6.491605231922375,6.472528405386115,6.534526421365818,6.496126626666578,6.498713128851904,6.501266136444952,6.512181121354617,6.5173436250808345,6.508075570443497,6.513983107175529,,,,,,,,7.716115821967574,7.37204337915816,7.048865808233324,7.046156257211551,6.921627209956698,6.7593670337012925,6.61826286840175,6.558045105638227,6.518727122913702,6.450379134893859,6.428538920735575,6.432353746437732,6.528894679658119,6.52882939908244,6.53026005043193,6.493499176511768,6.50011802479357,6.5019281091222085,6.521009930465412,,,7.048865808233324,6.472528405386115,6.775935664831545,"rgba(0, 255, 255, 0.75)",0.6360863092323149,6.894884169201866,1.5094112494841885,58.897144076872216,2.8616445924703555,False,True,True,False,True,20.0,0.0,0.0,0.0,0.0,0,1.0385565991102323,0.9110232328225407,False,False,False,False,0.2558545682481152,0.2508958428092539,False,False,False,False,6674335.0,5754016.072697349,False,False,False,False,120571.51418555132,False,False,False,False
2025-08-21 17:00:00+00:00,7.855,7.89,7.835,7.86,42248.0,,,,,,,7.792984413073286,7.321709470053534,6.847247671576117,6.746315455076743,6.709881138102963,6.543657509761154,6.493739664880126,6.474124369280632,6.535852883215427,6.4973109381971,6.499848256844154,6.5023816372361845,6.513248468305618,6.518398109947874,6.509070289667863,6.514952942349717,,,,,,,,7.722266720948046,7.3749172747032254,7.052044774901647,7.049337344367681,6.924742638637518,6.761942603542857,6.620548140607619,6.56025878472461,6.520899009312863,6.452428701227854,6.430444499137224,6.434118084412852,6.530276834362944,6.530209712898467,6.53154651363051,6.494694345522482,6.501264416580073,6.503039354161497,6.522025082065617,,,7.052044774901647,6.474124369280632,6.778247542318335,"rgba(0, 255, 255, 0.75)",0.6354083811304395,6.897607458501396,1.5146047330795913,59.558415352784145,3.808571205390578,False,True,True,False,True,20.0,0.0,0.0,0.0,0.0,0,1.044620723847298,0.907783837382251,False,False,False,False,0.26186744333357037,0.25638164307141215,False,False,False,False,6716583.0,5768939.590950103,False,False,False,False,119357.19613616292,False,False,False,False
2025-08-21 18:00:00+00:00,7.865,7.9,7.845,7.89,67829.0,,,,,,,7.794953576557521,7.326581401842845,6.851881064913699,6.750419756952181,6.713817703205977,6.547209489906301,6.4971941964683895,6.4767097127973905,6.538003677289284,6.499231229873316,6.501689006768786,6.50419066060228,6.514979699849299,6.520108588399423,6.510683894084838,6.51652632669565,,,,,,,,7.732182662050525,7.379616992405432,7.057200909925052,7.054496711264983,6.929789696753817,6.766114879495185,6.624248653063757,6.5638424707956275,6.524414472396351,6.4557456196275504,6.433528825070801,6.436974594800017,6.532517596011604,6.532447497030844,6.533632548551523,6.496632165557312,6.503123411322306,6.5048414992973065,6.523671929342873,,,7.057200909925052,6.4767097127973905,6.782006274989359,"rgba(0, 255, 255, 0.75)",0.6349679923833532,6.902035777890521,1.555927596288994,60.88742612358597,5.417494080693267,False,True,True,False,True,20.0,0.0,0.0,0.0,0.0,0,1.049082796232028,0.9003470500743678,False,False,False,False,0.2653116766132207,0.2608466598423164,False,False,False,False,6784412.0,5784683.349229946,False,False,False,False,118558.30937436194,False,False,False,False
2025-08-21 19:00:00+00:00,7.895,7.915,7.885,7.905,142077.0,,,,,,,7.799872985501809,7.336934966703284,6.861670207331945,6.759096906844052,6.722141511332843,6.554718006456592,6.5044959081218465,6.482183967282789,6.5425645851919185,6.503304044548702,6.505593899803715,6.508028610928538,6.518653623651953,6.523738819106268,6.51410896528075,6.519866518302789,,,,,,,,7.752089310687385,7.389629764524957,7.068096309662297,7.065398503747577,6.940446028978539,6.774935224663526,6.632072649139711,6.571418315747278,6.5318452800803115,6.462756721633547,6.4400506136328985,6.443017739900905,6.537268072745598,6.537191690717118,6.538056611277426,6.500741900639019,6.507066898550157,6.508664938962091,6.5271677383079485,,,7.068096309662297,6.482183967282789,6.789947751301806,"rgba(0, 255, 255, 0.75)",0.6331521812997876,6.9113861769452,1.5693128009367778,62.22181772256742,7.01638754837284,False,True,True,False,True,20.0,0.0,0.0,0.0,0.0,0,1.0535714285714286,0.896329365079365,False,False,False,False,0.2748153891844715,0.26783102451339397,False,False,False,False,6926489.0,5802385.762420179,False,False,False,False,118922.94023677494,False,False,False,False
2025-08-22 14:00:00+00:00,7.8,8.055,7.8,8.01,144075.0,,,,,,,7.806800947661625,7.348016488681625,6.871911921720893,6.768168064107856,6.7308403991601615,6.562545715230174,6.512102877448772,6.487899385133793,6.54733885788779,6.507566650594751,6.509681950873892,6.512047184920838,6.5225022920762346,6.5275424042748345,6.517697860461349,6.523367372634211,,,,,,,,7.773685042094196,7.400416116738145,7.079550309392972,7.076857776989009,6.951602690132835,6.784157581744411,6.640238611601676,6.579318094104304,6.539589360500527,6.470058286763532,6.446844384375992,6.449317369021395,6.542238801534093,6.542155882349149,6.542688091547766,6.505042677481443,6.5111952612765025,6.5126684602333516,6.530831492773206,,,7.079550309392972,6.487899385133793,6.798375429336165,"rgba(0, 255, 255, 0.75)",0.6328642169668871,6.921320485475961,1.720241854945957,65.74644889948215,10.56605401053067,False,False,True,False,True,20.0,0.0,0.0,0.0,0.0,0,1.0417475728155339,0.8878640776699029,False,False,False,False,0.28436778114655786,0.2760994028299759,False,False,False,False,7070564.0,5822047.440522192,False,False,False,False,119312.89465170867,False,False,False,False
2025-08-22 15:00:00+00:00,8.015,8.085,7.985,7.985,86820.0,,,,,,,7.812344559061548,7.355181377342041,6.878346977041251,6.773856393198282,6.736291495432163,6.567433227055006,6.51684797300006,6.4914698998829925,6.550329036308895,6.510235108227228,6.51224176692332,6.514563844347018,6.524913664742399,6.529925970461481,6.519946835520687,6.525561724476503,,,,,,,,7.788429868404916,7.407439375018247,7.0867998473987015,7.0841095407421095,6.958624945410464,6.789942587242562,6.6453456506466395,6.58425227372838,6.544422397626194,6.4746100215349225,6.451079674928033,6.4532468733698805,6.5453509095780715,6.5452639136789825,6.545588945397987,6.507734743125513,6.513780305658576,6.515175775149313,6.533127994757814,,,7.0867998473987015,6.4914698998829925,6.803773700246154,"rgba(0, 255, 255, 0.75)",0.6315771621201208,6.927698097315688,1.6740660779042258,66.71601090310355,11.661898191903582,False,False,True,False,True,20.0,0.0,0.0,0.0,0.0,0,1.0593629343629345,0.8865830115830117,False,False,False,False,0.3222171717741058,0.29915828730204086,False,False,False,False,6983744.0,5840058.23989394,False,False,False,False,118809.12884315505,False,False,False,False
2025-08-22 16:00:00+00:00,7.985,8.04,7.985,8.0,55084.0,,,,,,,7.815550024000751,7.35958098494611,6.882356964000646,6.777409874389185,6.739699349797322,6.570495932736333,6.519823137882749,6.49371185049488,6.552207015608124,6.511912067335521,6.5138506202267195,6.516145624461787,6.526429344838002,6.531424170994274,6.521360733536224,6.526941316413415,,,,,,,,7.7965289918833784,7.411741581762156,7.091292877073468,7.088604235600555,6.962990969037944,6.7935552664273535,6.648542835883106,6.587343609559215,6.547451736444869,6.477465456227764,6.453737919577389,6.455713941286886,6.547305270366994,6.547215724330795,6.547411064178434,6.509426522073508,6.515404954946644,6.516751691941807,6.534571579500036,,,7.091292877073468,6.49371185049488,6.807086525422797,"rgba(0, 255, 255, 0.75)",0.6299717568386759,6.931601650526581,1.6959464259713095,67.74870088697622,12.87430427959795,False,False,True,False,True,20.0,0.0,0.0,0.0,0.0,0,1.0645004849660522,0.8918525703200776,False,False,False,False,0.314224339217135,0.3066913132595879,False,False,False,False,7038828.0,5858643.817570003,False,False,False,False,117821.14234946272,False,False,False,False
2025-08-22 17:00:00+00:00,7.995,8.07,7.995,8.07,37833.0,,,,,,,7.818098859596554,7.3627374179557155,6.885183823560917,6.779911011071587,6.742096731110047,6.572645391518707,6.521909852047127,6.495285024276437,6.553526465369994,6.5130898381578595,6.514980677612447,6.517256737426227,6.5274942701865095,6.532476915910236,6.5223541848018245,6.527910782938753,,,,,,,,7.802659235478413,7.4148403517431,7.094475876937233,7.091788123907767,6.966073125884786,6.796098675651184,6.650789042334401,6.589513635519229,6.549577145465386,6.479467311444294,6.4556013523896665,6.4574437616101195,6.548678161049039,6.548586825763354,6.548691255175548,6.51061463806079,6.516546113388356,6.5178587035589475,6.535586059466809,,,7.094475876937233,6.495285024276437,6.809451723796857,"rgba(0, 255, 255, 0.75)",0.6312144522146794,6.9343933581192445,1.799082131114656,70.072822879156,15.276008243300765,True,False,True,False,True,20.0,0.0,0.0,0.0,0.0,0,1.0613823102948283,0.8869018849685837,False,False,False,False,0.32132712814233405,0.314009220700961,False,False,False,False,7076661.0,5877527.804894499,False,False,False,False,116581.01611148656,False,False,False,False
2025-08-22 18:00:00+00:00,8.065,8.075,8.0,8.005,54019.0,,,,,,,7.821355295765479,7.367074440863662,6.889132921343492,6.783413637853887,6.745456602569863,6.57566552862791,6.524843697670615,6.497499215017275,6.555383266401197,6.5147482707990765,6.516572017189477,6.518821414168783,6.528993875122365,6.533959329530094,6.523753366444303,6.52927616782278,,,,,,,,7.810281860104929,7.419085456994065,7.098897049839267,7.096210866738259,6.97036933874735,6.799659310950782,6.653941732803773,6.592561996390455,6.552564350825514,6.48228340054066,6.458223858277259,6.459878682824282,6.550610091196152,6.550516245391749,6.5504930086031266,6.512287648231056,6.5181530342106155,6.5194176063565585,6.537014637339238,,,7.098897049839267,6.497499215017275,6.812707580182883,"rgba(0, 255, 255, 0.75)",0.6309781338567908,6.938226511395536,1.690666334321157,68.00661939072171,15.276008243300765,False,False,True,False,False,20.0,0.0,0.0,0.0,0.0,0,1.0631021194605008,0.8853564547206166,False,False,False,False,0.32310770922287735,0.3185584649619192,False,False,False,False,7022642.0,5895281.513345746,False,False,False,False,115611.06237332398,False,False,False,False
2025-08-22 19:00:00+00:00,8.005,8.02,7.995,8.005,98001.0,,,,,,,7.826459766041008,7.374565453087208,6.896103291043318,6.7896166823890125,6.7514129550537225,6.581037657093639,6.530066670529401,6.501447561735727,6.5586943147587276,6.517708054399774,6.51941235816288,6.5216142356659565,6.5316705777161985,6.5366052883344015,6.526251430397459,6.531713901565863,,,,,,,,7.82170059890424,7.42638977301441,7.106641159188059,7.103958478396599,6.977929398939599,6.8059622333470955,6.659541801382674,6.597982765152749,6.557879882438978,6.487300428876291,6.462898928720047,6.4642207265593115,6.554054811099293,6.553956509137111,6.553706416436939,6.51527344749292,6.521021053392965,6.522200133739029,6.539564677791768,,,7.106641159188059,6.501447561735727,6.8183520684327235,"rgba(0, 255, 255, 0.75)",0.6298783523337909,6.944848568509554,1.6831050433189712,66.62915039843219,15.276008243300765,False,False,True,False,False,20.0,0.0,0.0,0.0,0.0,0,1.0640963855421686,0.8881927710843375,False,False,False,False,0.3124534539624511,0.3155059594621852,False,False,False,False,7022642.0,5912759.970503177,False,False,False,False,115338.03815048173,False,False,False,False
2025-08-25 14:00:00+00:00,8.145,8.205,8.125,8.15,48841.0,,,,,,,7.830976551885907,7.379123447118994,6.900019924098212,6.793071208905076,6.754720530082785,6.583986288196151,6.532924807978181,6.503607270586705,6.560512960296464,6.519330201051545,6.5209693908423825,6.523145497762658,6.533139254613504,6.538057587534833,6.527621878511977,6.533051786418234,,,,,,,,7.831227673131493,7.430906759256447,7.111100633812746,7.1084181829176,6.982211552185556,6.809476931960254,6.662631148336069,6.600961214952551,6.560793351202057,6.490039558626406,6.465448703082562,6.466589805945582,6.5559460599316655,6.555845308312492,6.555471048944322,6.516909568239901,6.5225933693432205,6.523725822196425,6.540964725716891,,,7.111100633812746,6.503607270586705,6.821716819599446,"rgba(0, 255, 255, 0.75)",0.630816552194467,6.948832924528982,1.9041464135530881,69.21145723857344,15.276008243300765,True,False,True,False,True,20.0,0.0,0.0,0.0,0.0,0,1.0645161290322582,0.8809297912713474,False,False,False,False,0.34282821956091986,0.3291670895115525,False,False,False,False,7071483.0,5930724.66863491,False,False,False,False,114307.07631869132,False,False,False,False
2025-08-25 15:00:00+00:00,8.145,8.16,8.125,8.145,27722.0,,,,,,,7.833359128295461,7.381632375510827,6.902202949159284,6.795000437141629,6.7565688142704206,6.585637380575895,6.5345260512026515,6.504818304881458,6.561532644257057,6.520240162961673,6.521842870313503,6.524004527938631,6.53396316495085,6.538872293992873,6.528390786664456,6.5338024189043615,,,,,,,,7.836138028296907,7.433387882761506,7.113575106329349,7.110892925872224,6.984594115809507,6.811439239249959,6.6643595444186365,6.602628707346469,6.562425132519328,6.4915748161207,6.466878340653129,6.467918340028495,6.557006413397678,6.556904291697561,6.55646053909856,6.5178273728318015,6.523475399399273,6.524581726585789,6.541750143471817,,,7.113575106329349,6.504818304881458,6.823571555269059,"rgba(0, 255, 255, 0.75)",0.6308463498484468,6.951024984995383,1.892655819109446,70.65652698519767,15.976311142153037,True,False,True,False,True,20.0,0.0,0.0,0.0,0.0,0,1.0621442125237193,0.8875711574952564,False,False,False,False,0.3350060464224818,0.33208656796701713,False,False,False,False,7043761.0,5947981.0458653765,False,False,False,False,112964.6720346806,False,False,False,False
2025-08-25 16:00:00+00:00,8.145,8.15,8.095,8.125,40924.0,,,,,,,7.836587963126719,7.385209699234103,6.9053599117233375,6.79779626814824,6.759249107359179,6.588037176277025,6.536854726740057,6.506581020083914,6.5630165293055205,6.52156508263552,6.523114724284782,6.5252553471377075,6.535162808919529,6.540058503333241,6.529510493229531,6.534895492192339,,,,,,,,7.84265687495817,7.436916865090203,7.11713585861454,7.114454302988921,6.988033106311976,6.814282181735357,6.666869285049993,6.60505185849904,6.564797476065564,6.4938086231996826,6.46895924009819,6.469852350330568,6.558549447938984,6.558445337207226,6.557900618923755,6.519163723133901,6.524759669033623,6.525827994191463,6.54289373178055,,,7.11713585861454,6.506581020083914,6.826222782085766,"rgba(0, 255, 255, 0.75)",0.6302534739622091,6.954151841722528,1.857741697029786,70.44845908093852,15.976311142153037,True,False,True,False,True,20.0,0.0,0.0,0.0,0.0,0,1.0670789724072316,0.8853472882968604,False,False,False,False,0.3280860598909998,0.33008631392900845,False,False,False,False,7002837.0,5964335.4017434325,False,False,False,False,111847.76239073205,False,False,False,False
2025-08-25 17:00:00+00:00,8.125,8.13,8.105,8.105,35715.0,,,,,,,7.839251382038018,7.388261687807263,6.9080792209416835,6.8002082978360665,6.761562579185903,6.590111800520463,6.538868651590156,6.508106738325192,6.564300951270748,6.522712364337311,6.524216114985765,6.5263385376823955,6.536201694791399,6.5410857465685215,6.530480271302448,6.535842208385378,,,,,,,,7.847914596555079,7.43992285264421,7.120192242427534,7.1175113546624225,6.9909911498604,6.81673433469564,6.669037538655507,6.607146390959238,6.5668487251432435,6.495741176077379,6.470760053799609,6.471526316145708,6.559885005549075,6.55977917713492,6.559147222671458,6.520320901051855,6.525871786309897,6.526907245872791,6.543884101872323,,,7.120192242427534,6.508106738325192,6.828488413901952,"rgba(0, 255, 255, 0.75)",0.6286532867606326,6.95681974157596,1.8264125593623501,69.11886008714431,15.976311142153037,True,False,True,False,True,20.0,0.0,0.0,0.0,0.0,0,1.0697230181470871,0.8834765998089783,False,False,False,False,0.326360816788593,0.3282235653588007,False,False,False,False,6967122.0,5979882.48078617,False,False,False,False,110667.40948544939,False,False,False,False
2025-08-25 18:00:00+00:00,8.105,8.13,8.08,8.085,34400.0,,,,,,,7.8416309428931354,7.391116896840578,6.91065440370039,6.802496727623986,6.76375876543902,6.592085084616496,6.5407851323465325,6.509559837242602,6.5655241109668845,6.5238054353493355,6.525265511964275,6.527370601862065,6.537191532633124,6.5420644725361665,6.531404379562977,6.536744333660227,,,,,,,,7.852513682090728,7.442729078084132,7.123074217770374,7.1203941215958935,6.993787732101641,6.819060241760935,6.67109819585497,6.609138275095465,6.568800203814163,6.497580997787515,6.47247503214712,6.473120725642552,6.561156821078534,6.561049360703523,6.560334469455895,6.521423405339778,6.526931377421165,6.527935558097412,6.544827721341592,,,7.123074217770374,6.509559837242602,6.830613938479714,"rgba(0, 255, 255, 0.75)",0.6262554094279975,6.95931797937002,1.7974807142315052,67.03006627966798,15.976311142153037,True,False,True,False,False,20.0,0.0,0.0,0.0,0.0,0,1.0691463996185029,0.8788745827372438,False,False,False,False,0.3220558814147421,0.32513972338677144,False,False,False,False,6932722.0,5994655.186510415,False,False,False,False,109484.96902831063,False,False,False,False
2025-08-25 19:00:00+00:00,8.085,8.095,8.06,8.09,92627.0,,,,,,,7.847423961030027,7.398513511138249,6.917436848057556,6.808539995407582,6.7695631940476115,6.5973143493576965,6.545867225022849,6.513418440509363,6.568772263437506,6.526710086943618,6.528054358066242,6.53011344792009,6.539822201266217,6.544665570910118,6.533860858935071,6.539142395914793,,,,,,,,7.86331176760462,7.449978571669185,7.130619404851809,7.127941941694255,7.001135613863166,6.825200268085795,6.676552938527147,6.614415621038401,6.573973214518079,6.502462686828685,6.4770277900370425,6.477354540448875,6.564533921285912,6.564422143986753,6.563487672956939,6.524353118382187,6.5297472085556265,6.5306684439727665,6.54733566955848,,,7.130619404851809,6.513418440509363,6.8361448401514915,"rgba(0, 255, 255, 0.75)",0.622883276847731,6.965801312088632,1.8048304228051821,65.82371651226525,19.98862843253977,False,False,True,False,False,20.0,0.0,0.0,0.0,0.0,0,1.0661553211888786,0.8883029721955898,False,False,False,False,0.31262525183817996,0.31888248761247573,False,False,False,False,7025349.0,6010634.935556766,False,False,False,False,109223.6051674066,False,False,False,False
2025-08-26 14:00:00+00:00,8.205,8.235,8.145,8.22,98469.0,,,,,,,7.856243420235381,7.407537090895663,6.925285582288092,6.81549344864257,6.776229363869035,6.603273287203861,6.551646662511884,6.517807643412223,6.572478941902554,6.530020166511013,6.531233139008525,6.5332402660061115,6.542822856434833,6.547633247925683,6.5366627431454525,6.541878496649254,,,,,,,,7.879373154923822,7.458917342657411,7.139493240460775,7.136816467812366,7.009682469156041,6.832270997592134,6.682790110079537,6.620433614329416,6.579862418631974,6.508005780923467,6.482194365078097,6.482161192962082,6.568386344324625,6.568269645767571,6.5670856077598225,6.527691309096818,6.532956867714712,6.533784023621309,6.5501977644232605,,,7.139493240460775,6.517807643412223,6.84277718010069,"rgba(0, 255, 0, 1.0)",0.6205921104619022,6.9736219036578575,2.008369225664943,68.74492540756853,19.98862843253977,True,False,True,False,True,20.0,0.0,0.0,0.0,0.0,0,1.0612826603325418,0.8836104513064136,False,False,False,False,0.34282821996620444,0.33085535378934006,False,False,False,False,7123818.0,6027893.587718676,False,False,False,False,109056.86710279564,False,False,False,False
2025-08-26 15:00:00+00:00,8.22,8.265,8.21,8.265,40360.0,,,,,,8.246666666666666,7.860205711657175,7.411391553422034,6.92859165667671,6.8184188469805065,6.779032712285872,6.605773933853767,6.554070593010118,6.519649799897493,6.5740367781354,6.531410912305877,6.532568890502472,6.534554278660864,6.544084164822132,6.548880819366008,6.53784058887032,6.543028842915375,,,,,,,,7.886417008588636,7.462746714043255,7.143246181593713,7.140569409459195,7.0132864700745365,6.8352463114922,6.685410019355491,6.622959546394064,6.582333123708004,6.51032968697314,6.48436036030035,6.484176889082488,6.570005130407971,6.569886367961267,6.568597759692508,6.529093785124689,6.534305593580613,6.5350933363681705,6.551401105495701,,,7.143246181593713,6.519649799897493,6.914296369268501,"rgba(0, 255, 255, 0.75)",0.6169587207123771,7.063763488270429,1.9470289849255271,71.59290671180894,17.205858957646015,True,False,True,False,True,20.0,0.0,0.0,0.0,0.0,0,1.0635372214319585,0.883357041251778,False,False,False,False,0.34282822071084007,0.33684178725009006,False,False,False,False,7164178.0,6045510.400312184,False,False,False,False,107991.79939577555,False,False,False,False
2025-08-26 16:00:00+00:00,8.265,8.265,8.215,8.225,13886.0,,,,,8.235000000000001,8.24368020990795,7.86150982677345,7.4126911117815375,6.929715267198364,6.81941437836505,6.779987096866879,6.606626426898996,6.55489721544881,6.520278417526042,6.574568353263859,6.5318856313990254,6.533024854960837,6.535002826011948,6.5445147200824305,6.549306680564564,6.538242691612602,6.5434215568481395,,,,,,,,7.888701939802994,7.464036149081419,7.144517928330636,7.141841203263309,7.014509905365404,6.836258648913287,6.686302659345317,6.623820557587804,6.583175538929162,6.511122436703738,6.485099424263353,6.4848647484656015,6.570557487281599,6.570438021837107,6.569113778819857,6.529572508968128,6.53476597852409,6.535540279910046,6.551811878125399,,,7.144517928330636,6.520278417526042,6.981744598128067,"rgba(0, 255, 255, 0.75)",0.6130259977145042,7.148701425004904,1.7557144052744476,71.01596701264984,17.205858957646015,True,False,True,False,True,20.0,0.0,0.0,0.0,0.0,0,1.0773666506487267,0.8808265257087939,False,False,False,False,0.34282822074914054,0.3398350039996153,False,False,False,False,7150292.0,6062638.7972065685,False,False,False,False,106532.79475398058,False,False,False,False
2025-08-26 17:00:00+00:00,8.225,8.245,8.215,8.235,20085.0,,,,,8.233029201377645,8.240434027077082,7.8633634571746365,7.414555990339152,6.931332923893343,6.82084847765844,6.78136216958488,6.607855392486788,6.556089052657113,6.5211850824953626,6.5753350905672345,6.532570464106837,6.533682648673423,6.535649924422092,6.54513586918151,6.549921057326869,6.538822822477449,6.543988145344369,,,,,,,,7.891923103901059,7.4658855838213976,7.146346569245823,7.143669938133045,7.016270357448456,6.837716843516335,6.687589199364586,6.625061742907611,6.584390051713778,6.512265583191825,6.486165284205947,6.48585683374497,6.571354180961898,6.5712337025286764,6.569858102142157,6.530263117464048,6.535430143414613,6.536185065534729,6.552404497772677,,,7.146346569245823,6.5211850824953626,6.982844793599883,"rgba(0, 255, 255, 0.75)",0.6090316712426093,7.149933866832169,1.781625134459702,70.895695136168,17.205858957646015,True,False,True,False,True,20.0,0.0,0.0,0.0,0.0,0,1.070843373493976,0.884819277108434,False,False,False,False,0.33946531890447845,0.33965016145204685,False,False,False,False,7170377.0,6079813.032908793,False,False,False,False,105192.51886632196,False,False,False,False
2025-08-26 18:00:00+00:00,8.235,8.235,8.2,8.205,33833.0,,,,,8.223201310640473,8.231957105259914,7.866290901306617,7.41760817901212,6.934010491304754,6.823226324294407,6.783643380487798,6.609898050731211,6.558070940653771,6.522693834897175,6.576610771486196,6.533710377848122,6.534777593782818,6.536727069709071,6.546169792996966,6.550943684548647,6.5397885759361545,6.544931340637237,,,,,,,,7.8969289166911025,7.4689067687825705,7.149361229537669,7.146684913457914,7.019179778261738,6.840134065350239,6.689725853735934,6.627124372398944,6.586409122158268,6.514167276776649,6.487938950376636,6.487507924238474,6.572679678047331,6.5725575176180095,6.571096586699958,6.531412653311227,6.536535669059017,6.537258360889393,6.5533909271473725,,,7.149361229537669,6.522693834897175,6.984260706300237,"rgba(0, 255, 255, 0.75)",0.6028491885572486,7.1514639734433505,1.7475946663841322,68.89446402242126,17.205858957646015,True,False,True,False,False,20.0,0.0,0.0,0.0,0.0,0,1.0655421686746989,0.8872289156626507,False,False,False,False,0.335272057963979,0.3374611097080129,False,False,False,False,7136544.0,6096196.458755167,False,False,False,False,104086.16973661154,False,False,False,False
2025-08-26 19:00:00+00:00,8.205,8.24,8.18,8.23,88698.0,,,,,8.21949778064604,8.225067856332524,7.873809628705083,7.425533349822934,6.940995457717585,6.8294366610779935,6.78960340041595,6.615239656548244,6.563254725488857,6.5266442737392625,6.579952527826679,6.536697412054295,6.537647068884165,6.539550004642141,6.548879703670539,6.553624050816641,6.5423201873559735,6.547403938503159,,,,,,,,7.909471933181985,7.476747455429227,7.157208820326863,7.154533454536565,7.026761627856347,6.8464462962009405,6.69531128306249,6.632517811280775,6.591689513212475,6.519142450241191,6.492580570085546,6.491829877381862,6.576151557930185,6.576025004907322,6.574341177888215,6.534424841001796,6.5394328049195645,6.540071229134372,6.555976619630709,,,7.157208820326863,6.5266442737392625,6.989418118958198,"rgba(0, 255, 255, 0.75)",0.5955332004118504,7.157279212217896,1.8012778918794916,68.39163426656191,17.205858957646015,True,False,True,False,False,20.0,0.0,0.0,0.0,0.0,0,1.0624699663623258,0.8875540605478137,False,False,False,False,0.33276155549155834,0.33511133259978565,False,False,False,False,7225242.0,6113701.04078997,False,False,False,False,103847.59346162532,False,False,False,False
2025-08-27 14:00:00+00:00,8.155,8.17,8.125,8.17,41111.0,,,,,8.206079795694954,8.212963291353782,7.876578844025218,7.428871361423336,6.944051953425555,6.83216925605608,6.792230406706104,6.617608558950568,6.565557203762432,6.528402453306181,6.581438614140163,6.5380276035880325,6.538925009974733,6.540807211720574,6.550086419955695,6.554817503197612,6.5434478628159285,6.5485052482806765,,,,,,,,7.913856511497861,7.480027819257355,7.160597682982784,7.15792334235926,7.030062866076142,6.849221597038948,6.6977818870159425,6.634908415281527,6.594032920765596,6.521355153233858,6.494646842826821,6.493754401005162,6.577695482491477,6.577566987144299,6.575784386941839,6.535766278408322,6.540722978058999,6.541323948124197,6.557127947015036,,,7.160597682982784,6.528402453306181,6.990775345912857,"rgba(0, 255, 255, 0.75)",0.5836259909370772,7.158686819577563,1.7328103890621118,64.4415319570308,18.525130869332898,True,False,True,False,False,20.0,0.0,0.0,0.0,0.0,0,1.0524809160305342,0.8897900763358778,False,False,False,False,0.3119939404764211,0.3235526365381034,False,False,False,False,7184131.0,6130296.854111055,False,False,False,False,102874.93309787918,False,False,False,False
2025-08-27 15:00:00+00:00,8.165,8.195,8.145,8.145,22632.0,,,,,8.201515978417975,8.208508483464758,7.878116119376858,7.430712715516972,6.945737251548178,6.833676330099392,6.793679342904433,6.618915195797097,6.566827204106078,6.529372688926083,6.582258983679211,6.538761969250018,6.539630565901001,6.541501336464457,6.55075271155991,6.5554764853521865,6.544070551493399,6.54911339941978,,,,,,,,7.916268982164542,7.481837887803448,7.162465919906019,7.1597921344463265,7.031882719003597,6.8507521831606,6.699144618207708,6.636227022181584,6.595325490083638,6.522575675193176,6.495786713646063,6.494816214162557,6.578547726725335,6.578418160653632,6.576581112422121,6.536506841743217,6.541435281273273,6.542015598543307,6.557763697946887,,,7.162465919906019,6.529372688926083,6.991726469647011,"rgba(0, 255, 255, 0.75)",0.5726496971759117,7.1597161055605465,1.7205700086780709,60.48608377567398,14.885961591182877,False,False,True,False,False,20.0,0.0,0.0,0.0,0.0,0,1.0577565632458232,0.8863961813842481,False,False,False,False,0.3194394389596249,0.32149603774886415,False,False,False,False,7161499.0,6146284.484279876,False,False,False,False,101630.85661574152,False,False,False,False
2025-08-27 16:00:00+00:00,8.145,8.195,8.125,8.185,43946.0,,,,,8.195996318320207,8.202711302868813,7.881123365146194,7.434294259007592,6.949014283121515,6.836607616798756,6.796497764224969,6.621457006890039,6.56929776581988,6.531261050006754,6.583856230908806,6.540191888190211,6.541004461732063,6.542853005305219,6.55205026796213,6.556759835239357,6.545283275729101,6.550297853301218,,,,,,,,7.920945448223143,7.485359497101876,7.166097822135713,7.163425098816024,7.035420531368749,6.853729109411004,6.7017955160081,6.6387921125545155,6.597839932948095,6.524950078774201,6.4980044671542405,6.496882378944213,6.580206924969392,6.580075277286717,6.578132378112272,6.537948806791035,6.542822303159805,6.543362456391872,6.559001863520302,,,7.166097822135713,6.531261050006754,6.99382564635238,"rgba(0, 255, 255, 0.75)",0.5595392489997091,7.1620290210616435,1.8282381097789422,59.621344978924476,14.134120059540322,False,False,True,False,False,20.0,0.0,0.0,0.0,0.0,0,1.060057197330791,0.8822688274547187,False,False,False,False,0.31612614276911355,0.31881109025898885,False,False,False,False,7205445.0,6162705.577546854,False,False,False,False,100736.51775348195,False,False,False,False
2025-08-27 17:00:00+00:00,8.185,8.195,8.15,8.185,31489.0,,,,,8.193937770562773,8.200270761417292,7.883301545068067,7.436868150031527,6.951367593708314,6.838713184255304,6.798522399125389,6.623282973763896,6.571072537094642,6.532618333647073,6.5850047519182935,6.541220174116001,6.541992520287313,6.543825105791282,6.552983524644928,6.5576828980765045,6.546155582084985,6.551149860560912,,,,,,,,7.924300330596761,7.487891246233433,7.168705636477178,7.166033656780392,7.037960541226815,6.855867401547305,6.703699870853947,6.640634807778495,6.599646223973509,6.526655827159077,6.499597869452614,6.498367096337309,6.58139990329466,6.581266761252153,6.579247876710344,6.5389857370872395,6.543819791784772,6.544331102914443,6.559892474619466,,,7.168705636477178,6.532618333647073,6.99547948694225,"rgba(0, 255, 255, 0.75)",0.5465900270382223,7.163872487248382,1.8681780900481242,59.04485244775814,13.507020027934438,False,False,True,False,False,20.0,0.0,0.0,0.0,0.0,0,1.0628870890900428,0.8804192472606002,False,False,False,False,0.3202688215733501,0.31953995591616946,False,False,False,False,7205445.0,6178872.080220546,False,False,False,False,99662.91282707138,False,False,False,False
2025-08-27 18:00:00+00:00,8.185,8.21,8.17,8.21,32230.0,,,,,8.194205991481404,8.199955340737322,7.885647722801824,7.439554915495255,6.9538061213078315,6.840893571693737,6.800618519957248,6.6251714800774035,6.572907595352542,6.5340221118348625,6.586193335769962,6.542284174873771,6.543014952552759,6.544831056956396,6.55394938544046,6.558638251572966,6.547058389804815,6.552031711558538,,,,,,,,7.927909211003239,7.4905381296223865,7.171413602910628,7.168742289344652,7.040594097577221,6.858081898099381,6.705670349813723,6.642540796057809,6.601514138096874,6.5284191886488445,6.501245050288783,6.499902113730896,6.582634395159766,6.582499707971164,6.58040228891708,6.540058655183821,6.544851982686675,6.545333487514177,6.560814292466553,,,7.171413602910628,6.5340221118348625,6.997387266993391,"rgba(0, 255, 255, 0.75)",0.5343057716866292,7.16602646499787,1.9538878116675527,59.803836477418116,13.507020027934438,False,False,True,False,False,20.0,0.0,0.0,0.0,0.0,0,1.0630673674151934,0.8834209268991876,False,False,False,False,0.3260865206270916,0.32281323827163055,False,False,False,False,7237675.0,6195287.629364413,False,False,False,False,98617.44131037261,False,False,False,False
2025-08-27 19:00:00+00:00,8.205,8.23,8.19,8.2,75824.0,,,,,8.196546191304177,8.201101223314584,7.891204260304061,7.4458839626619975,6.9595513459021205,6.846033254240079,6.805560281959087,6.629624692734082,6.577234928101087,6.537335112644172,6.589000005451724,6.544797045467423,6.545429857250989,6.547207124204077,6.5562309955094715,6.560895115533601,6.549191288802447,6.554115215201344,,,,,,,,7.936335974474725,7.496774970190129,7.177790014226843,7.17512024083339,7.0467960047528,6.863301671602192,6.710316585651553,6.647035179494418,6.60591883206176,6.532577786830906,6.50513039387392,6.503523680507673,6.585549168944137,6.58541084193646,6.583128423769535,6.542592527265899,6.547289899019798,6.547701150473085,6.5629920953361784,,,7.177790014226843,6.537335112644172,7.002026264159924,"rgba(0, 255, 255, 0.75)",0.521388971363459,7.1712793405259365,1.973038779059529,59.58706911133338,13.507020027934438,False,False,True,False,False,20.0,0.0,0.0,0.0,0.0,0,1.0611562350692785,0.8824653607262302,False,False,False,False,0.33276155549155834,0.3277873968815944,False,False,False,False,7161851.0,6210273.107978919,False,False,False,False,98264.05462339008,False,False,False,False
2025-08-28 14:00:00+00:00,8.205,8.245,8.175,8.215,39738.0,,,,,8.197901085074143,8.201968982346491,7.894085159798293,7.449180900444614,6.962553309658656,6.8487212928742505,6.8081455162575635,6.631955908385311,6.57950059437256,6.539071345908049,6.590471585891974,6.54611492110458,6.5466964685649,6.548453410785076,6.557427847313253,6.562079016558641,6.550310280379156,6.555208345410259,,,,,,,,7.9406299713068735,7.500023115831885,7.1811165960555385,7.178447657604293,7.05003393759374,6.866031278595084,6.712748223760547,6.649387823886421,6.608224793110213,6.534755498245057,6.507165533801568,6.505421101636704,6.587077273699775,6.586937043637078,6.584557884039676,6.543921390404463,6.54856855404455,6.548943038738939,6.564134607613677,,,7.1811165960555385,6.539071345908049,7.004462221191067,"rgba(0, 255, 0, 1.0)",0.5078519770864505,7.174036972048304,2.0497370787521714,60.20922249252754,13.507020027934438,False,False,True,False,False,20.0,0.0,0.0,0.0,0.0,0,1.0566396953831512,0.8833888624464543,False,False,False,False,0.33276155549155834,0.33027447618657635,False,False,False,False,7201589.0,6225642.346614904,False,False,False,False,97356.67393155457,False,False,False,False
2025-08-28 15:00:00+00:00,8.215,8.24,8.19,8.24,80092.0,,,,,8.201791573395678,8.20500328058391,7.899944638561914,7.455840721120019,6.968616343982182,6.854153109790068,6.8133703511702635,6.636668207589424,6.584080517871661,6.542584139690201,6.593450748072219,6.548783340255742,6.549261329986533,6.5509772202854935,6.559851828135487,6.564476857474613,6.552576843851177,6.557422662039952,,,,,,,,7.949245462514144,7.506586744591451,7.1878318638403,7.1851645676870355,7.056570596345687,6.87154676619561,6.71766329606106,6.6541433970655595,6.6128860631645665,6.539157975125988,6.511280620754969,6.509258636972321,6.590170515151487,6.590026442594402,6.587451954296518,6.546611987400275,6.551157760926725,6.551457964876428,6.56644880985969,,,7.1878318638403,6.542584139690201,7.009481463195685,"rgba(0, 255, 0, 1.0)",0.4937768124775871,7.179728349154141,2.1472690172019484,61.85100003215035,13.507020027934438,False,False,True,False,True,20.0,0.0,0.0,0.0,0.0,0,1.0580952380952382,0.8861904761904763,False,False,False,False,0.33443477238740615,0.33235462428699125,False,False,False,False,7281681.0,6242015.038915448,False,False,False,False,97089.00456827466,False,False,False,False
2025-08-28 16:00:00+00:00,8.24,8.265,8.235,8.26,67262.0,,,,,8.207659293937642,8.210153546920665,7.9051485044108025,7.461560997518664,6.9737839381763855,6.8587809722463815,6.817821232215299,6.640678552366836,6.587977140717044,6.545575370774449,6.595990187192389,6.551057782573254,6.551447761553235,6.553128786448156,6.5619186809358245,6.5665215664531384,6.5545096793685,6.559311135425023,,,,,,,,7.956833920702722,7.512234503829442,7.1935663737257,7.190900222338228,7.062143845467207,6.876246242359829,6.721848129282196,6.658190956799661,6.616852441415155,6.542903062993462,6.514781583810147,6.51252438868324,6.592806779862904,6.592659440452248,6.589918963148553,6.54890523389884,6.553364924005195,6.553601987965433,6.568422415999428,,,7.1935663737257,6.545575370774449,7.013984865127949,"rgba(0, 255, 0, 1.0)",0.47920216163086854,7.1848624150791,2.243599196760475,63.86531625674971,10.223919010544115,True,False,True,False,True,20.0,0.0,0.0,0.0,0.0,0,1.0714285714285714,0.8791946308724833,False,False,False,False,0.3428282209014767,0.33759142259423397,False,False,False,False,7348943.0,6259176.712730711,False,False,False,False,96626.57038892155,False,False,False,False
2025-08-28 17:00:00+00:00,8.255,8.305,8.255,8.295,57730.0,,,,,8.214543632315484,8.21642555357499,7.909889444922839,7.46659934474926,6.978295118927252,6.862818296704137,6.821703261838644,6.644172018005758,6.5913703955186405,6.5481818229326025,6.598205089114211,6.553041293047062,6.553354708736712,6.555005425773698,6.563721748296938,6.568305437976689,6.5561959617788075,6.560958870167299,,,,,,,,7.963715312044942,7.517218439016689,7.198584826666805,7.195919427078894,7.067012120942134,6.880346484229465,6.725495657104328,6.661717256104231,6.620307041474599,6.546163660952924,6.517829734350964,6.51536840920069,6.595105814643207,6.5949556314297375,6.5920707399753296,6.550905062475783,6.555289943624428,6.555472071754039,6.570144421225781,,,7.198584826666805,6.5481818229326025,7.0180777517537365,"rgba(0, 255, 0, 1.0)",0.4618694191655747,7.189548480289611,2.3934286918313976,66.65092804934758,12.90409364995228,True,False,True,False,True,20.0,0.0,0.0,0.0,0.0,0,1.0791123974915582,0.8712011577424025,False,False,False,False,0.34282822135032376,0.3402098219722789,False,False,False,False,7406673.0,6276967.352843414,False,False,False,False,96023.52278599254,False,False,False,False
2025-08-28 18:00:00+00:00,8.29,8.305,8.23,8.235,95004.0,,,,,8.219925654957235,8.221302411810731,7.9168687425690765,7.4744754216015306,6.985492283504157,6.869281455416423,6.827924402729815,6.649790158422938,6.59683217170189,6.552384499571055,6.601776434502796,6.556242380285005,6.556432582354996,6.558034465056657,6.566632077415936,6.57118471814297,6.558918504716971,6.563619192570582,,,,,,,,7.973487334472111,7.524984264145542,7.206531004256007,7.203867536415115,7.074755401179803,6.886907317413638,6.731352950083006,6.667386477231904,6.625864865960254,6.5514160089702145,6.522743108518059,6.5199542681773215,6.598812470424183,6.598657725455471,6.595540900849954,6.55413248270115,6.5583968331756655,6.558490544191134,6.5729240517079175,,,7.206531004256007,6.552384499571055,7.024110974779611,"rgba(0, 255, 0, 1.0)",0.44529555930316644,7.196385329242716,2.3324164121074764,63.540494774407435,12.90409364995228,True,False,True,False,False,20.0,0.0,0.0,0.0,0.0,0,1.0734517522803648,0.8660585693710993,False,False,False,False,0.3387006938211547,0.3394552578967168,False,False,False,False,7311669.0,6293009.238845842,False,False,False,False,96007.71623117094,False,False,False,False
2025-08-28 19:00:00+00:00,8.235,8.28,8.235,8.27,110605.0,,,,,8.225330658206165,8.226293315819383,7.924762795384113,7.483506666477193,6.993802454305316,6.876757698026111,6.835124637413209,6.656301955953084,6.6031649049681995,6.557265619819489,6.605927420334589,6.55996492328475,6.56001239900907,6.561557698551439,6.570017729956288,6.574534376866419,6.562086467823079,6.56671499647166,,,,,,,,7.98426037086233,7.53388273063019,7.215676337695989,7.2130153206017855,7.083681808208036,6.894494761634336,6.738138057585319,6.673956706475091,6.632307681853003,6.557508185821397,6.528444856227895,6.525278136524526,6.603119983209311,6.602959963235403,6.599574833712833,6.557885528437899,6.5620102605663355,6.562001533078806,6.576158191600301,,,7.215676337695989,6.557265619819489,7.030998521090858,"rgba(0, 255, 0, 1.0)",0.4284173998199103,7.204169503045373,2.4878319540771683,63.16359962788281,12.90409364995228,False,False,True,False,False,20.0,0.0,0.0,0.0,0.0,0,1.0726310726310726,0.8734968734968737,False,False,False,False,0.3354066645654937,0.3374309612311053,False,False,False,False,7422274.0,6310517.21963893,False,False,False,False,96234.03070820704,False,False,False,False
2025-08-29 14:00:00+00:00,8.54,8.64,8.51,8.565,102658.0,,,,,8.262489215177034,8.261848813106521,7.938223296222456,7.49497177197698,7.003281631812915,6.885162537669292,6.843181376348424,6.6634570154561255,6.610090281543913,6.562590626518216,6.610479490686759,6.564032258332408,6.5639244343782845,6.565408670943855,6.573721682254632,6.578200583289789,6.5655506743370005,6.570101965982943,,,,,,,,8.003958214921443,7.545388561239057,7.226497803405258,7.223833813926254,7.093996446287421,6.903042385978511,6.745652528997823,6.681187829199974,6.639371451961978,6.564145477644389,6.534644138002933,6.531067444050442,6.607841627179065,6.607675784447895,6.603996553463624,6.561985300342196,6.565959572405175,6.565839325498802,6.579698944945898,,,7.226497803405258,6.562590626518216,7.041763182550444,"rgba(0, 255, 0, 1.0)",0.4159042249416425,7.216788048065202,3.2416404332607387,69.56213435264014,15.065806554107809,True,False,True,False,True,20.0,0.0,0.0,0.0,0.0,0,1.0815268614514608,0.8642789820923656,False,False,False,False,0.34282822519813244,0.3401295932146189,False,False,False,False,7524932.0,6329345.355768559,False,False,False,False,96333.62713133561,False,False,False,False
2025-08-29 15:00:00+00:00,8.565,8.715,8.565,8.705,202016.0,,,,,8.332076303668298,8.329201774128677,7.966680397673798,7.518670393266614,7.022658126565414,6.902330738872548,6.859633791912454,6.678038942012898,6.624195893818612,6.57345343274023,6.61978428436297,6.572345006654817,6.57192159296787,6.573281925334317,6.581297175574189,6.585699930125579,6.572637242306808,6.577031919474533,,,,,,,,8.0446731430103,7.569222899136876,7.248687845015976,7.246016175027377,7.115093361643354,6.920504628160307,6.7609815314144175,6.695927734829044,6.653763219782015,6.577659648931782,6.547268389151145,6.542863102539001,6.6174901069515855,6.617312419961102,6.613035562277845,6.5703636284339755,6.574032794843735,6.573685848571052,6.586943225813525,,,7.248687845015976,6.57345343274023,7.063367531383072,"rgba(0, 255, 0, 1.0)",0.4063262347043231,7.2420927981983585,3.600326724820451,75.12610199258106,19.935894418370324,True,False,True,False,True,20.0,0.0,0.0,0.0,0.0,0,1.0892940626460963,0.846657316503039,False,False,False,False,0.342828225928564,0.34147890957159144,False,False,False,False,7726948.0,6351013.6138186585,False,False,False,False,97972.11353240018,False,False,False,False
2025-08-29 16:00:00+00:00,8.705,8.72,8.635,8.72,93198.0,,,,,8.35884316650919,8.355340029676125,7.97960229255444,7.529560506903424,7.031606303237958,6.91027291152191,6.8672487065990735,6.684795324237581,6.630733053269726,6.578498520688067,6.624111210155525,6.576212586258893,6.575643151907238,6.576946160627642,6.584823683493561,6.589191242901025,6.575937148662783,6.580259312611921,,,,,,,,8.06263750726686,7.580171511615029,7.258907801401194,7.256232704930934,7.1248210863981996,6.928581090263875,6.768081353419141,6.7027567869438895,6.660432062905286,6.583924652747898,6.553124000990754,6.548337422038961,6.621975719638322,6.621792560916046,6.617239575378548,6.574261511085376,6.577789584594141,6.577337717113138,6.590316413913176,,,7.258907801401194,6.578498520688067,7.0728955314731765,"rgba(0, 255, 0, 1.0)",0.39787966173858214,7.253205880903141,3.6865270084113613,78.95419114741186,23.144699904252306,True,False,True,False,True,20.0,0.0,0.0,0.0,0.0,0,1.0984067478912838,0.8477038425492033,False,False,False,False,0.34282822633358995,0.34215356795259066,False,False,False,False,7820146.0,6373790.860116043,False,False,False,False,97898.09626833195,False,False,False,False
2025-08-29 17:00:00+00:00,8.715,8.725,8.66,8.665,141851.0,,,,,8.391865371058028,8.387779453065301,7.998189076607376,7.5456368769312245,7.044975660224056,6.922170876046172,6.878665780146365,6.694949881145846,6.640563988626824,6.586101282065056,6.63063597826416,6.582049093073997,6.5812602871371775,6.582477122338799,6.590147461864569,6.594462021148634,6.580920350378339,6.585133353797384,,,,,,,,8.087805011396119,7.596309864999967,7.2740992100057795,7.271419775810593,7.139321273375374,6.940675945791397,6.778741513633747,6.713018459266999,6.670457646456734,6.593351862284793,6.561940855294915,6.556584033489005,6.6287385429520596,6.628547185118402,6.623580135631204,6.5801435827579695,6.583459609983803,6.58285008437455,6.595409558089667,,,7.2740992100057795,6.586101282065056,7.086501816162252,"rgba(0, 255, 0, 1.0)",0.3859183267932969,7.2689962640174155,3.6173553808194816,78.71735723198438,23.144699904252306,True,False,True,False,True,20.0,0.0,0.0,0.0,0.0,0,1.101028999064546,0.8409728718428437,False,False,False,False,0.3428282264923938,0.34249089722249226,False,False,False,False,7678295.0,6394015.730501841,False,False,False,False,98579.53663626479,False,False,False,False
2025-08-29 18:00:00+00:00,8.665,8.7,8.635,8.67,133665.0,,,,,8.416057062068113,8.411696745929143,8.014462349670644,7.56018645224355,7.057263398092728,6.93314277027058,6.8892050682585015,6.704352980078819,6.649674414993248,6.593164329363045,6.636701834659487,6.587480224326309,6.586488361952106,6.587625363496723,6.595103580920917,6.599368917916102,6.585561113009279,6.589672806610099,,,,,,,,8.109169177625956,7.610886717204606,7.287971132538601,7.285288641350431,7.1526095526965285,6.951824440640538,6.788600205845223,6.722518235605541,6.679744429212962,6.602094690637264,6.570124098835036,6.5642422619734635,6.635024383680726,6.634825461382969,6.629476030627393,6.585616947338871,6.588736586535355,6.587981094332136,6.600151837955069,,,7.287971132538601,6.593164329363045,7.098433233394307,"rgba(0, 255, 0, 1.0)",0.3736792718337222,7.282760469897623,3.7123802005257165,78.63041551559847,23.144699904252306,True,False,True,False,True,20.0,0.0,0.0,0.0,0.0,0,1.098085007006072,0.8444652031760862,False,False,False,False,0.33586340812473503,0.33917715267361365,False,False,False,False,7811960.0,6415999.362587084,False,False,False,False,99123.49730857076,False,False,False,False
2025-08-29 19:00:00+00:00,8.665,8.76,8.665,8.76,360570.0,,,,,8.475691659565257,8.470898540459004,8.058350015959121,7.599644367131346,7.090701821579924,6.963064026468978,6.9179643411797445,6.730038652696379,6.674565474849222,6.612524593635893,6.653364174041005,6.602409420509882,6.600864401481655,6.601784014009643,6.608739420813973,6.6128710481136554,6.5983352647842555,6.602170817187805,,,,,,,,8.165084955731967,7.650424593478924,7.3256191425159365,7.32292822579393,7.188704447082337,6.982219504145418,6.8155214701457325,6.748466277642811,6.705113916828123,6.625990032681306,6.592507389063473,6.585207773532109,6.65228391715688,6.6520644296665425,6.645675421032674,6.600660869506574,6.603246140090878,6.60209282976601,6.613204902265743,,,7.3256191425159365,6.612524593635893,7.130357749721254,"rgba(0, 255, 0, 1.0)",0.36203905767093914,7.319481563058048,3.9789033984594373,79.7598555399193,24.067417752302774,True,False,True,False,True,20.0,0.0,0.0,0.0,0.0,0,1.1010712622263623,0.8402421984163952,False,False,False,False,0.3428282267013592,0.3410026896874864,False,False,False,False,8172530.0,6443232.395725269,False,False,False,False,103176.93145882548,False,False,False,False
2025-09-01 14:00:00+00:00,8.76,8.76,8.76,8.76,0.0,,,,,8.475691659565257,8.470898540459004,8.058350015959121,7.599644367131346,7.090701821579924,6.963064026468978,6.9179643411797445,6.730038652696379,6.674565474849222,6.612524593635893,6.653364174041005,6.602409420509882,6.600864401481655,6.601784014009643,6.608739420813973,6.6128710481136554,6.5983352647842555,6.602170817187805,,,,,,,,8.165084955731967,7.650424593478924,7.3256191425159365,7.32292822579393,7.188704447082337,6.982219504145418,6.8155214701457325,6.748466277642811,6.705113916828123,6.625990032681306,6.592507389063473,6.585207773532109,6.65228391715688,6.6520644296665425,6.645675421032674,6.600660869506574,6.603246140090878,6.60209282976601,6.613204902265743,,,7.3256191425159365,6.612524593635893,7.130357749721254,"rgba(0, 255, 0, 1.0)",0.34560007872452286,7.319481563058048,4.168165824088791,80.51281555613319,25.096683560873544,True,False,True,False,True,20.0,0.0,0.0,0.0,0.0,0,1.111682242990654,0.835514018691589,False,False,False,False,0.34282822718533584,0.34191545843641113,False,False,False,False,8172530.0,6470043.21129542,False,False,False,False,101577.28911062663,False,False,False,False
2025-09-01 15:00:00+00:00,8.76,8.76,8.76,8.76,0.0,,,,,8.475691659565257,8.470898540459004,8.058350015959121,7.599644367131346,7.090701821579924,6.963064026468978,6.9179643411797445,6.730038652696379,6.674565474849222,6.612524593635893,6.653364174041005,6.602409420509882,6.600864401481655,6.601784014009643,6.608739420813973,6.6128710481136554,6.5983352647842555,6.602170817187805,,,,,,,,8.165084955731967,7.650424593478924,7.3256191425159365,7.32292822579393,7.188704447082337,6.982219504145418,6.8155214701457325,6.748466277642811,6.705113916828123,6.625990032681306,6.592507389063473,6.585207773532109,6.65228391715688,6.6520644296665425,6.645675421032674,6.600660869506574,6.603246140090878,6.60209282976601,6.613204902265743,,,7.3256191425159365,6.612524593635893,7.130357749721254,"rgba(0, 255, 0, 1.0)",0.3267348016826678,7.319481563058048,4.408830738333824,81.01478890027578,25.941940557520667,True,False,True,False,True,20.0,0.0,0.0,0.0,0.0,0,1.1121539183481932,0.8357578601595496,False,False,False,False,0.34282822718533584,0.3423718428108735,False,False,False,False,8172530.0,6496438.355306344,False,False,False,False,100002.447418989,False,False,False,False
2025-09-01 16:00:00+00:00,8.76,8.76,8.76,8.76,0.0,,,,,8.475691659565257,8.470898540459004,8.058350015959121,7.599644367131346,7.090701821579924,6.963064026468978,6.9179643411797445,6.730038652696379,6.674565474849222,6.612524593635893,6.653364174041005,6.602409420509882,6.600864401481655,6.601784014009643,6.608739420813973,6.6128710481136554,6.5983352647842555,6.602170817187805,,,,,,,,8.165084955731967,7.650424593478924,7.3256191425159365,7.32292822579393,7.188704447082337,6.982219504145418,6.8155214701457325,6.748466277642811,6.705113916828123,6.625990032681306,6.592507389063473,6.585207773532109,6.65228391715688,6.6520644296665425,6.645675421032674,6.600660869506574,6.603246140090878,6.60209282976601,6.613204902265743,,,7.3256191425159365,6.612524593635893,7.130357749721254,"rgba(0, 255, 0, 1.0)",0.3050234520594893,7.319481563058048,4.722648134809663,81.34943779637084,26.66574003531933,True,False,True,False,True,20.0,0.0,0.0,0.0,0.0,0,1.1148936170212767,0.8359338061465722,False,False,False,False,0.34282822718533584,0.34260003499810465,False,False,False,False,8172530.0,6522424.272278339,False,False,False,False,98452.02187760932,False,False,False,False
2025-09-01 17:00:00+00:00,8.76,8.76,8.76,8.76,0.0,,,,,8.475691659565257,8.470898540459004,8.058350015959121,7.599644367131346,7.090701821579924,6.963064026468978,6.9179643411797445,6.730038652696379,6.674565474849222,6.612524593635893,6.653364174041005,6.602409420509882,6.600864401481655,6.601784014009643,6.608739420813973,6.6128710481136554,6.5983352647842555,6.602170817187805,,,,,,,,8.165084955731967,7.650424593478924,7.3256191425159365,7.32292822579393,7.188704447082337,6.982219504145418,6.8155214701457325,6.748466277642811,6.705113916828123,6.625990032681306,6.592507389063473,6.585207773532109,6.65228391715688,6.6520644296665425,6.645675421032674,6.600660869506574,6.603246140090878,6.60209282976601,6.613204902265743,,,7.3256191425159365,6.612524593635893,7.130357749721254,"rgba(0, 255, 0, 1.0)",0.3131369185032496,7.319481563058048,4.600282981091554,81.57253706043421,27.302933655708728,True,False,True,False,True,20.0,0.0,0.0,0.0,0.0,0,1.1116389548693588,0.8361045130641332,False,False,False,False,0.34282822718533584,0.3427141310917202,False,False,False,False,8172530.0,6548007.306816659,False,False,False,False,96925.63394152235,False,False,False,False
2025-09-01 18:00:00+00:00,8.76,8.76,8.76,8.76,0.0,,,,,8.475691659565257,8.470898540459004,8.058350015959121,7.599644367131346,7.090701821579924,6.963064026468978,6.9179643411797445,6.730038652696379,6.674565474849222,6.612524593635893,6.653364174041005,6.602409420509882,6.600864401481655,6.601784014009643,6.608739420813973,6.6128710481136554,6.5983352647842555,6.602170817187805,,,,,,,,8.165084955731967,7.650424593478924,7.3256191425159365,7.32292822579393,7.188704447082337,6.982219504145418,6.8155214701457325,6.748466277642811,6.705113916828123,6.625990032681306,6.592507389063473,6.585207773532109,6.65228391715688,6.6520644296665425,6.645675421032674,6.600660869506574,6.603246140090878,6.60209282976601,6.613204902265743,,,7.3256191425159365,6.612524593635893,7.130357749721254,"rgba(0, 255, 0, 1.0)",0.3217950077720409,7.319481563058048,4.476509585762167,81.72126990314312,27.872597738384428,True,False,True,False,True,20.0,0.0,0.0,0.0,0.0,0,1.1161012900143334,0.8322981366459629,False,False,False,False,0.34282822718533584,0.34277117913852806,False,False,False,False,8172530.0,6573193.705160587,False,False,False,False,95422.91093467704,False,False,False,False
2025-09-01 19:00:00+00:00,8.76,8.76,8.76,8.76,0.0,,,,,8.475691659565257,8.470898540459004,8.058350015959121,7.599644367131346,7.090701821579924,6.963064026468978,6.9179643411797445,6.730038652696379,6.674565474849222,6.612524593635893,6.653364174041005,6.602409420509882,6.600864401481655,6.601784014009643,6.608739420813973,6.6128710481136554,6.5983352647842555,6.602170817187805,,,,,,,,8.165084955731967,7.650424593478924,7.3256191425159365,7.32292822579393,7.188704447082337,6.982219504145418,6.8155214701457325,6.748466277642811,6.705113916828123,6.625990032681306,6.592507389063473,6.585207773532109,6.65228391715688,6.6520644296665425,6.645675421032674,6.600660869506574,6.603246140090878,6.60209282976601,6.613204902265743,,,7.3256191425159365,6.612524593635893,7.130357749721254,"rgba(0, 255, 0, 1.0)",0.32929527536598363,7.319481563058048,4.374549362546846,81.82042513161574,28.38518032417886,True,False,True,False,True,20.0,0.0,0.0,0.0,0.0,0,1.1204992798847815,0.8266922707633222,False,False,False,False,0.34282822716028505,0.34279970314940655,False,False,False,False,8172530.0,6597989.616708485,False,False,False,False,93943.48595894562,False,False,False,False
2025-09-02 14:00:00+00:00,8.905,9.14,8.905,9.135,193054.0,,,,,8.529893230289078,8.524505144147852,8.090270009861277,7.625586181823804,7.111576687737506,6.981611519111504,6.9357496250510335,6.745763326188842,6.689761896881533,6.624349107086972,6.663585376206828,6.611551180185173,6.609670123980058,6.610458394557796,6.617100053729287,6.621152524048701,6.606167580387501,6.609837071347891,,,,,,,,8.206360452400416,7.676631375080885,7.349556067924143,7.346853056243186,7.211377145872368,7.001080484123955,6.832076991509493,6.764366582444795,6.720625135260796,6.640548224235252,6.606133456483763,6.597978364940537,6.6628661477778435,6.662634070164147,6.655611376544101,6.6098711852660665,6.612134036195347,6.610738914180919,6.621213689905589,,,7.349556067924143,6.624349107086972,7.152069586353913,"rgba(0, 255, 0, 1.0)",0.3489774380274927,7.344746144719943,5.129998848633358,85.54926359297767,32.143138240388055,True,False,True,False,True,20.0,0.0,0.0,0.0,0.0,0,1.116852886405959,0.8105214152700186,False,False,False,False,0.3428282293720267,0.34281396626071664,False,False,False,False,8365584.0,6625394.180790524,False,False,False,False,95480.08307586118,False,False,False,False
2025-09-02 15:00:00+00:00,9.135,9.19,9.105,9.125,151441.0,,,,,8.571277461407787,8.565513528947486,8.115871539303054,7.646399477018462,7.1283044993662195,6.996484272470526,6.950013587589933,6.758372060713967,6.701945672399239,6.63384721612654,6.671808467713767,6.618907721409768,6.616757836852289,6.617441111061,6.623832206117293,6.627821605620784,6.612476009475737,6.6160127308245755,,,,,,,,8.238960554985928,7.69766700771473,7.368732714340389,7.366019634129561,7.229535002487798,7.016203629513199,6.845354228983899,6.777116640552971,6.733061848073369,6.65222066282492,6.6170625920501225,6.608226898145484,6.671377358058771,6.6711352132002,6.663606006907639,6.617282400070934,6.619287646468921,6.6176990156087605,6.627664458796534,,,7.368732714340389,6.63384721612654,7.169300470724733,"rgba(0, 255, 0, 1.0)",0.36590225396878784,7.3647736621084166,4.8106463373732975,87.47703001231434,34.03300948299689,True,False,True,False,True,20.0,0.0,0.0,0.0,0.0,0,1.1321279554937411,0.808066759388039,False,False,False,False,0.3428282293296164,0.3428210977951665,False,False,False,False,8214143.0,6650025.94542943,False,False,False,False,96347.6941909641,False,False,False,False
2025-09-02 16:00:00+00:00,9.125,9.205,9.125,9.185,133869.0,,,,,8.605240674608957,8.599227809245871,8.138152870534613,7.6647072028897,7.143092449857015,7.009653389845002,6.962649740143749,6.769554441220363,6.712753870025161,6.642289053854934,6.679124755552408,6.625456349548542,6.623068382452137,6.623658670135276,6.629827886347366,6.633761464206741,6.618095899095178,6.621514944135332,,,,,,,,8.266887215541656,7.716161909022564,7.385642411823804,7.382920693122881,7.245564984483175,7.029591727892177,6.8571245429060665,6.788423387326519,6.744092760898159,6.662578505436789,6.626765669951028,6.617330161996563,6.67894832945044,6.678697282593599,6.670720104515891,6.623879400032175,6.6256565973753965,6.623896546452333,6.633410809215929,,,7.385642411823804,6.642289053854934,7.1842870336089275,"rgba(0, 255, 0, 1.0)",0.38338895405328194,7.382152868522975,4.702397167202873,89.07525127768318,35.58491652989572,True,False,True,False,True,20.0,0.0,0.0,0.0,0.0,0,1.1344262295081968,0.8121779859484779,False,False,False,False,0.3428282294774283,0.3428246636362974,False,False,False,False,8348012.0,6676351.3106165705,False,False,False,False,96929.41986242202,False,False,False,False
2025-09-02 17:00:00+00:00,9.185,9.195,9.095,9.155,139192.0,,,,,8.63540980375645,8.629247418571879,8.159843294192296,7.682994968586543,7.158068858675555,7.023032145741055,6.9754996287468085,6.780960218606921,6.723786276562484,6.650926786940905,6.6866158947434515,6.632167763007513,6.62953710898402,6.630032530344155,6.635975167325406,6.639851651367637,6.623859981627458,6.627158756323171,,,,,,,,8.293499974549208,7.73460588639543,7.40266602550933,7.399936607811247,7.2617555987495255,7.043187216379261,6.869115122200344,6.799953045543544,6.755347731533873,6.673158959558606,6.636684924115004,6.626641247704621,6.686698641716983,6.686438550195219,6.6780057926889915,6.630640187822346,6.63218479460265,6.6302499678982105,6.639303514229964,,,7.40266602550933,6.650926786940905,7.199042993083463,"rgba(0, 255, 0, 1.0)",0.39881697805128735,7.399190376174268,4.402544827467041,88.37383522818241,35.58491652989572,True,False,True,False,True,20.0,0.0,0.0,0.0,0.0,0,1.1292422129242212,0.813110181311018,False,False,False,False,0.33784879082990094,0.34033672723309916,False,False,False,False,8208820.0,6700110.515103135,False,False,False,False,97584.65366300462,False,False,False,False
2025-09-02 18:00:00+00:00,9.155,9.18,9.055,9.13,91280.0,,,,,8.652501150383967,8.64629049488009,8.17319857885775,7.694531167625426,7.167639325642134,7.031606276930396,6.983742258120448,6.788297170763916,6.730888080315644,6.6564988866423,6.69145089255059,6.636503213530618,6.633716517958297,6.634150890398037,6.639947578063302,6.64378722566234,6.627585963797414,6.630807212245966,,,,,,,,8.309578952092572,7.746222085029549,7.413484626295847,7.410750923582273,7.272076420800895,7.05189685680778,6.876819253599206,6.807367885569419,6.762589920800973,6.679974468448746,6.643078944879656,6.632646033063588,6.691700047115654,6.691434157669439,6.6827090925733135,6.635007432109542,6.636402396626187,6.634355171466294,6.643111979088324,,,7.413484626295847,6.6564988866423,7.20825059433873,"rgba(0, 255, 0, 1.0)",0.41335505973120024,7.409779053624561,4.1616061201575185,86.42470582525914,35.58491652989572,True,False,True,False,False,20.0,0.0,0.0,0.0,0.0,0,1.127767527675277,0.8145756457564578,False,False,False,False,0.3308982210844497,0.3356174741587744,False,False,False,False,8117540.0,6722086.166031769,False,False,False,False,97486.90709458594,False,False,False,False
2025-09-02 19:00:00+00:00,9.125,9.165,9.095,9.14,183402.0,,,,,8.684218464796476,8.677957799323885,8.19925819836416,7.717344529822387,7.186702387148516,7.048718544495106,7.000202950147812,6.802973591069449,6.745099791745239,6.6676714752188255,6.701154032261249,6.64520929562198,6.6421108319220235,6.64242319536414,6.647928123239753,6.651694117299897,6.635073655648194,6.6381397936261415,,,,,,,,8.340506634136394,7.769176242592014,7.434960777647907,7.432219136302893,7.292599454247387,7.069275060404277,6.892219979909491,6.822198083039363,6.777079212460241,6.693619174866563,6.655887010080628,6.644680180340454,6.701735085859962,6.701457636232913,6.692149498232664,6.6437770269765055,6.644873027994824,6.642601180187706,6.650764672966198,,,7.434960777647907,6.6676714752188255,7.226356617300544,"rgba(0, 255, 0, 1.0)",0.4274063619065311,7.430547732593196,3.9995948113206667,85.25622013447031,38.735794426564496,True,False,True,False,False,20.0,0.0,0.0,0.0,0.0,0,1.127816091954023,0.8193103448275862,False,False,False,False,0.33397618568463416,0.3347968299217043,False,False,False,False,8300942.0,6746564.551054532,False,False,False,False,98818.92403885593,False,False,False,False
2025-09-03 14:00:00+00:00,9.125,9.2,9.115,9.14,92290.0,,,,,8.699236228719279,8.692965841300747,8.212090904918968,7.728698142776437,7.196245009453962,7.057299480253808,7.008461552485771,6.81034722962809,6.752242296283115,6.673297135042788,6.706044242371265,6.6495994855421525,6.646344588801008,6.6465957226346015,6.65195421546018,6.655683244530153,6.638852175311265,6.6418403967550494,,,,,,,,8.355547685407682,7.7805934865027835,7.445680714842972,7.442935322388614,7.302857811522156,7.077987381792615,6.8999533151436365,6.82964814582764,6.784359821901639,6.700479271129069,6.6623298014023185,6.65073649009145,6.706791537731575,6.70650829827315,6.696908033651048,6.648199070300193,6.649145091117205,6.646760510083907,6.65462614200792,,,7.445680714842972,6.673297135042788,7.2353334858876615,"rgba(0, 255, 0, 1.0)",0.4407991514191809,7.440822658845906,3.8547654542516367,84.47722967394442,37.894028258104,True,False,True,False,False,20.0,0.0,0.0,0.0,0.0,0,1.1288990825688072,0.8192660550458715,False,False,False,False,0.340910638695784,0.3378537343087441,False,False,False,False,8300942.0,6770663.42623198,False,False,False,False,98717.70041034653,False,False,False,False
2025-09-03 15:00:00+00:00,9.135,9.215,9.135,9.165,96475.0,,,,,8.71458678187902,8.708311538913954,8.225418754742845,7.740540156273991,7.20622278807068,7.0662799305860995,7.017107073694053,6.818071323008786,6.759725360407879,6.679197957836682,6.711177017723438,6.654208895345457,6.650790294827884,6.6509773540550166,6.656182619237847,6.659872981447872,6.642821266907192,6.645727910491557,,,,,,,,8.371066111629146,7.792499767115461,7.456874269765348,7.454125029887084,7.313575714928819,7.08710426778977,6.90805223932222,6.837451908032354,6.791986900550286,6.707667809307309,6.669083109332658,6.657086606618476,6.712098072354229,6.711808779877281,6.701903073684938,6.652841792375511,6.6536309035713215,6.651128330958845,6.658682215610973,,,7.456874269765348,6.679197957836682,7.2446847707859146,"rgba(0, 255, 0, 1.0)",0.45367357396225916,7.57049909045938,3.514643569857266,84.33598103628547,37.59005608776641,True,False,True,False,False,20.0,0.0,0.0,0.0,0.0,0,1.1276303751143644,0.8202195791399818,False,False,False,False,0.3428282286085095,0.3403409814586268,False,False,False,False,8397417.0,6795884.411871795,False,False,False,False,98682.92986134891,False,False,False,False
2025-09-03 16:00:00+00:00,9.165,9.18,9.125,9.14,77859.0,,,,,8.725670220999884,8.71940834114749,8.235649219103038,7.749802794086007,7.214107308984033,7.073392352110654,7.023959092408418,6.824206775268992,6.765672712324405,6.683895468826325,6.7152646713191695,6.657882231924632,6.654333647617815,6.654469794248256,6.65955321006011,6.663212781549065,6.645985943784878,6.648827679959124,,,,,,,,8.382813589284178,7.801800924248994,7.465681090996918,7.462929217973508,7.322028740852005,7.094322537810839,6.914479450935733,6.8436494446580065,6.798046791786036,6.713384159651373,6.674456268851718,6.662140774625434,6.716323546336456,6.716029459353808,6.705881635804893,6.656541613491484,6.65720606924546,6.654609795026103,6.661915796384652,,,7.465681090996918,6.683895468826325,7.251964598157738,"rgba(0, 255, 0, 1.0)",0.46462059499905367,7.577973143698723,3.361940630945253,82.29424171530192,35.518184635907645,True,False,True,False,False,20.0,0.0,0.0,0.0,0.0,0,1.1274735388863322,0.8288080994017487,False,False,False,False,0.3369457745338071,0.3386433779962169,False,False,False,False,8319558.0,6819507.258199364,False,False,False,False,98360.07823559156,False,False,False,False
2025-09-03 17:00:00+00:00,9.135,9.15,9.115,9.125,51541.0,,,,,8.732395858009044,8.726150320527728,8.242164160773113,7.755788198772658,7.219242433398074,7.078032588454503,7.028431861482411,6.828218673498745,6.769563299377959,6.686972240891559,6.717942743828339,6.660290099328885,6.656656544123459,6.656759390541848,6.661763059053686,6.6654024571448005,6.648061182046004,6.650860420799582,,,,,,,,8.390215157094046,7.807805329845944,7.471397771920007,7.468644387641766,7.327526004018541,7.0990307305956195,6.918679127739377,6.847701337348248,6.8020100357872195,6.717125174077118,6.67797412794774,6.665450671534593,6.719091640942309,6.718794425628122,6.708488532686758,6.658966811607129,6.659549745145786,6.656892210931835,6.664035992205458,,,7.471397771920007,6.686972240891559,7.256653932045391,"rgba(0, 255, 0, 1.0)",0.4730627446336662,7.582750964038377,3.26013632114683,79.76467363573215,33.09333108371048,True,False,True,False,False,20.0,0.0,0.0,0.0,0.0,0,1.116589861751152,0.8350230414746542,False,False,False,False,0.33173573934457207,0.33518955867039446,False,False,False,False,8268017.0,6841964.773576117,False,False,False,False,97634.2010536444,False,False,False,False
2025-09-03 18:00:00+00:00,9.125,9.165,9.05,9.085,135333.0,,,,,8.7477796367539,8.74160261576883,8.258264286368073,7.770922195976029,7.232386136706613,7.08994084990266,7.03991986754875,6.838550268089225,6.77958919756286,6.694915550868802,6.724859349185765,6.666513720967557,6.662661426115568,6.662678472814814,6.667476464090767,6.671063742879557,6.65342807302979,6.6561176419959605,,,,,,,,8.40820886308166,7.822963991493716,7.485954841419606,7.483198398262543,7.341564876343496,7.111109066564299,6.929482373917018,6.8581335330419595,6.812219342039605,6.726771726911854,6.687050866014099,6.67399419054298,6.726239724190107,6.725934478734921,6.715222465384177,6.665235122249246,6.665608048285418,6.6627927873657455,6.6695182472423875,,,7.485954841419606,6.694915550868802,7.268462249091575,"rgba(0, 255, 0, 1.0)",0.47929135001392914,7.594604855917853,3.1095807258754693,75.12697890938111,28.85327682959388,False,False,True,False,False,20.0,0.0,0.0,0.0,0.0,0,1.113406795224977,0.8333333333333334,False,False,False,False,0.3252475075483694,0.33021853310938193,False,False,False,False,8132684.0,6861975.924373386,False,False,False,False,98218.67855668867,False,False,False,False
2025-09-03 19:00:00+00:00,9.08,9.145,9.035,9.11,233276.0,,,,,8.771253476333245,8.76521716733262,8.2845376956588,7.7961607590634525,7.254576386505255,7.110107881605891,7.059394125390678,6.856114222262693,6.796645471700017,6.70846670330481,6.73667120992767,6.677152688404955,6.6729290961479935,6.672800398485958,6.677248754143405,6.680747339150719,6.662611608185405,6.665114536932587,,,,,,,,8.437033429295159,7.84820886119704,7.510394935107159,7.507634564328033,7.365204024814046,7.131555621054828,6.9478268415424935,6.875864238709663,6.829580650479296,6.743194494103317,6.702516536608382,6.688560855384968,6.738443610516338,6.7381247815904155,6.726725178233924,6.675949997969216,6.675966346710784,6.672883270685054,6.678897528266373,,,7.510394935107159,6.70846670330481,7.288131541752651,"rgba(0, 255, 0, 1.0)",0.485978515077666,7.615203952174646,3.0758480086027356,72.91077889735075,26.96413480418809,False,False,True,False,False,20.0,0.0,0.0,0.0,0.0,0,1.1103511171910625,0.833561331509348,False,False,False,False,0.32058475529746794,0.32540164420342493,False,False,False,False,8365960.0,6885293.50694124,False,False,False,False,100312.59051705009,False,False,False,False
2025-09-04 14:00:00+00:00,9.045,9.065,8.975,9.055,100857.0,,,,,8.778614617596302,8.772664693836225,8.294525058782899,7.80624691465348,7.263674831384777,7.118420937140197,7.067435101239815,6.8634058330996615,6.803736043553905,6.714120141867716,6.741602069479688,6.681600863571092,6.677223220765245,6.677033940152148,6.681336648477743,6.684798147649792,6.666455312349213,6.668880408766288,,,,,,,,8.447605971329246,7.858264001363824,7.520309827858538,7.517549005733753,7.374852071953584,7.139977778247537,6.955425258171147,6.8832216109795885,6.836792504320486,6.750030455939911,6.7089619524321344,6.6946361283530935,6.743536781293151,6.743212349654264,6.731528589382447,6.6804297859758055,6.680297960307529,6.677103734564038,6.682821840253795,,,7.520309827858538,6.714120141867716,7.295952877610597,"rgba(0, 255, 0, 1.0)",0.4909538243639959,7.6229652866293165,2.9168419560145122,67.78262035163519,22.395974988210327,False,True,True,False,False,20.0,0.0,0.0,0.0,0.0,0,1.0985533453887886,0.8399638336347198,False,False,False,False,0.3022812781934771,0.313841461198451,False,False,False,False,8265103.0,6906685.902182462,False,False,False,False,100321.0309741501,False,False,False,False
2025-09-04 15:00:00+00:00,9.055,9.065,9.01,9.025,88417.0,,,,,8.784774066577343,8.77889920270016,8.303082755708452,7.814966356498264,7.271582199656583,7.125655989158062,7.074436472843934,6.869762869497384,6.809919760446872,6.719057231192227,6.745910479106044,6.685489340917654,6.680977510302507,6.680735441834628,6.6849112036251315,6.688340365441134,6.669817044665119,6.672174263450481,,,,,,,,8.456595530342822,7.866951719949855,7.528905548656451,7.5261445133316505,7.383227084622078,7.147306394497694,6.962046337278409,6.889635288436816,6.843080852031018,6.755994096388718,6.714587132159079,6.69993998259003,6.747986410323776,6.747657106395524,6.73572613446347,6.684345805495279,6.684084899595549,6.680793840021788,6.68625379654772,,,7.528905548656451,6.719057231192227,7.302724215215569,"rgba(0, 255, 0, 1.0)",0.4950881439402944,7.629806546188353,2.818070824131677,62.650124154838224,17.95059341266223,False,True,True,False,False,20.0,0.0,0.0,0.0,0.0,0,1.1002257336343115,0.8415349887133183,False,False,False,False,0.3059943460785553,0.30991790363850313,False,False,False,False,8176686.0,6926375.826179632,False,False,False,False,100136.47235439582,False,False,False,False
2025-09-04 16:00:00+00:00,9.025,9.035,8.965,8.965,63132.0,,,,,8.788229090632418,8.78241578346522,8.308703725021985,7.82088964994276,7.277042043371787,7.130667562598,7.079291050102146,6.874185275851375,6.8142252058135035,6.722501299824103,6.748916569223131,6.6882048891386825,6.68359971559231,6.683320882218539,6.6874081060710715,6.690814657788012,6.672165979458444,6.674475833224941,,,,,,,,8.46235948819948,7.8728404659642655,7.534801784691631,7.532041042339743,7.388993811008008,7.152380565277158,6.966646044606599,6.894095811587043,6.84745710682683,6.760149495286399,6.718509396212783,6.703639621535333,6.751090639518647,6.750757958248725,6.738655415273254,6.687080562985014,6.686729768683772,6.683371340246916,6.688651309337044,,,7.534801784691631,6.722501299824103,7.307313219485963,"rgba(0, 255, 0, 1.0)",0.4985706867934624,7.634281502433521,2.669066860157668,56.30503848594632,12.467750897945834,False,True,True,False,False,20.0,0.0,0.0,0.0,0.0,0,1.0945024988641527,0.8550658791458426,False,False,False,False,0.2960906847457403,0.3030042941921217,False,False,False,False,8113554.0,6944781.689339638,False,False,False,False,99562.75960471526,False,False,False,False
2025-09-04 17:00:00+00:00,8.965,9.01,8.935,8.935,66952.0,,,,,8.7912663089566,8.785522675333143,8.314320574157337,7.826955481806705,7.282699195152691,7.135872382329746,7.084336522284663,6.878792561177081,6.818713347567575,6.72609682893505,6.752055535409385,6.6910423729615625,6.686339974821157,6.686022814777737,6.690017649490543,6.69340056707832,6.674621440032497,6.676881847262835,,,,,,,,8.4680152216476,7.878861412455975,7.540882080962868,7.538121962949173,7.394956825848386,7.1576487183247535,6.971433264968061,6.898741843984305,6.852017530470301,6.7644836380492865,6.7226024928481,6.7075015761714285,6.754331741559901,6.753995551620391,6.741714608893293,6.689938090396484,6.689493600533303,6.686064993093452,6.691157182152491,,,7.540882080962868,6.72609682893505,7.31200901099882,"rgba(0, 255, 0, 1.0)",0.4985833715421655,7.638780188470231,2.5998055400853803,50.823701608014034,7.839874829999125,False,True,False,False,False,20.0,0.0,0.0,0.0,0.0,0,1.0825396825396827,0.8594104308390023,False,False,False,False,0.28886380525870636,0.29593404972541404,False,False,False,False,8046602.0,6961864.174776232,False,False,False,False,99057.16643254913,False,False,False,False
2025-09-04 18:00:00+00:00,8.935,8.96,8.935,8.94,71559.0,,,,,8.79411775554088,8.788450030850168,8.32008078987816,7.833282798957327,7.2886500228873015,7.141357226473056,7.0896564443849055,6.883659096823152,6.823456151226233,6.729901295824182,6.755377931269215,6.6940472818912875,6.689242233958211,6.68888458461279,6.692781752698008,6.696139658392113,6.6772228543958345,6.679430967653176,,,,,,,,8.473739685038868,7.885135097434015,7.547255580325144,7.544496351916915,7.401219707353809,7.163198952398835,6.976486135641247,6.903648555740233,6.856835511291538,6.769065653397032,6.7269315242193235,6.711587294225651,6.7577618794849705,6.757421992632724,6.744952958305394,6.692964184043704,6.692420726040737,6.688918014373242,6.693811712791405,,,7.547255580325144,6.729901295824182,7.316910938608596,"rgba(0, 255, 0, 1.0)",0.4974954569940353,7.643464426871477,2.6061254528080395,47.487841471116255,5.10316869630249,False,True,False,True,False,20.0,0.0,0.0,0.0,0.0,0,1.0803449841125738,0.8642759872900587,False,False,False,False,0.2823193152480798,0.2891266824867469,False,False,False,False,8118161.0,6979791.25733784,False,False,False,False,98630.83827080418,False,False,False,False
2025-09-04 19:00:00+00:00,8.935,8.99,8.93,8.98,247045.0,,,,,8.804501760047732,8.799070700367494,8.339845283572785,7.855002111322152,7.3091352758331825,7.16026417392784,7.108002812308493,6.900459958677529,6.839834060039939,6.743063377194973,6.766883693243042,6.704459177577839,6.699300400172099,6.698803211766425,6.70236378065375,6.705635505935865,6.686243518328229,6.688271238652477,,,,,,,8.966666666666669,8.493350403078749,7.906669146588128,7.5691554471444995,7.56639941472979,7.422755678646266,7.18232787483138,6.993923017533708,6.920586649875411,6.8734704506764395,6.784893382727865,6.741892733049958,6.725714298833948,6.769638214895857,6.769285611387438,6.75616939065675,6.703449029152853,6.702564628904171,6.698806490188232,6.703015897986682,,,7.5691554471444995,6.743063377194973,7.421836340158329,"rgba(0, 255, 0, 1.0)",0.49535243618661046,7.76359822687459,2.4556289305644277,47.73107444624996,5.10316869630249,False,True,False,True,False,20.0,0.0,0.0,0.0,0.0,0,1.0797462618939737,0.8622564567285906,False,False,False,False,0.28558858279164434,0.2873576326391956,False,False,False,False,8365206.0,7001270.555673687,False,False,False,False,100931.83302629559,False,False,False,False
2025-09-05 14:00:00+00:00,9.405,9.495,9.36,9.425,119928.0,,,,,8.8221620089033,8.81671654688459,8.355736788871894,7.8694882270094615,7.32161064047425,7.171603523573281,7.118952707458197,6.910312697427819,6.849394950614153,6.75070750860254,6.773585085798362,6.710500110616041,6.705135290545102,6.704557471461788,6.707925401200495,6.711148712471373,6.691475193488229,6.693399631005722,,,,,,,9.116996200447083,8.511034243613949,7.921220263175617,7.582964647624598,7.5802044710358505,7.436049759544923,7.1938248768750235,7.004226261343372,6.930535512290876,6.883205611633463,6.794097752120876,6.750570664844438,6.733903300647589,6.776555156814702,6.7761950227543695,6.762698293918833,6.709531557476429,6.708450302842577,6.704543371593431,6.7083597772271695,,,7.582964647624598,6.75070750860254,7.4391307737834484,"rgba(0, 255, 0, 1.0)",0.5021304342229681,7.7848929249280925,3.266296888795289,58.4251557558096,-0.12003654421259569,False,True,True,False,True,20.0,0.0,0.0,0.0,0.0,0,1.080295138888889,0.8550347222222223,False,False,False,False,0.34282822960274456,0.3150929311209701,False,False,False,False,8485134.0,7024276.190469444,False,False,False,False,101226.34724294215,False,False,False,False
2025-09-05 15:00:00+00:00,9.425,9.755,9.395,9.715,415326.0,,,,,8.893720188767329,8.888140891059784,8.416751139270257,7.923687441317876,7.367600136449461,7.213332372581101,7.159225026938175,6.946446703094732,6.884430650308955,6.778751655520238,6.79822089525509,6.732702183714751,6.7265848612446035,6.725713149331252,6.72838070118997,6.731428940825419,6.710720544590931,6.712268970649632,,,,,,,9.384927983631153,8.579423124556577,7.975786035154653,7.63413514548013,7.631355267459206,7.4851357546343555,7.2361451114194075,7.042061750537069,6.967032058833768,6.918894815468897,6.827808729426868,6.782353333473532,6.763909288212992,6.80197588209297,6.801588193751948,6.786701231234376,6.731884536885595,6.730086285542682,6.725635746836604,6.72802138530306,,,7.63413514548013,6.778751655520238,7.4921847471776575,"rgba(0, 255, 0, 1.0)",0.515425810147046,7.850260459097103,3.6178621718049095,67.63428913009835,7.980905549908137,False,True,True,False,True,20.0,0.0,0.0,0.0,0.0,0,1.0797804981004646,0.8387505276487968,False,False,False,False,0.3428282307710976,0.32896058094603386,False,False,False,False,8900460.0,7053364.311547436,False,False,False,False,106096.10930119111,False,False,False,False
2025-09-05 16:00:00+00:00,9.715,9.87,9.675,9.76,412765.0,,,,,8.96516317456397,8.959469907518297,8.478532672526926,7.9787037630475295,7.414377135601369,7.2558603062567295,7.200293720833371,6.983333320929868,6.92020309256449,6.807495416856604,6.823536221867287,6.755537650856794,6.748656075409774,6.747486074073198,6.749443490321118,6.752314702753307,6.730549527847854,6.731715847185265,,,,,,,9.517352949298113,8.64798489264829,8.03118578563761,7.686076576971255,7.683276232538321,7.534984458821777,7.279265060337892,7.080672721500714,7.0042863304683145,6.95532944586289,6.8622422251960495,6.814846455117129,6.794617850317858,6.8280846545529625,6.827669051289802,6.8113737886305845,6.754872641968287,6.752347401982881,6.7473444348969185,6.7482777487403505,,,7.686076576971255,6.807495416856604,7.540452288050326,"rgba(0, 255, 0, 1.0)",0.5266397130746596,7.908398910950059,3.515878204930296,74.01171569467232,13.397482381924782,False,False,True,False,True,20.0,0.0,0.0,0.0,0.0,0,1.1017587939698494,0.8366834170854269,False,False,False,False,0.34282823217342423,0.335894406559729,False,False,False,False,9313225.0,7088400.911368405,False,False,False,False,110850.66574613388,False,False,False,False
2025-09-05 17:00:00+00:00,9.765,9.775,9.705,9.745,197175.0,,,,,8.994324810758108,8.988621262613366,8.505524581329826,8.00346811179661,7.435838845461136,7.275469511470925,7.219260031884098,7.0004500828387695,6.9368228871828,6.820910010914398,6.835369352795645,6.7662296924629866,6.758994572792877,6.75768639794829,6.759314395692872,6.76210330796881,6.7398488496299755,6.740837585421528,,,,,,,9.549121242832587,8.677305368346401,8.056070897783208,7.709700102424123,7.7068923190182455,7.557761283653312,7.299133860590951,7.098554314902623,7.021566584650956,6.972245267843733,6.878259491334781,6.829981993272387,6.80893706696202,6.84028345281555,6.839855013658156,6.822911158474891,6.765635402707697,6.762773642735158,6.7575149902181915,6.757774508292399,,,7.709700102424123,6.820910010914398,7.561054335853563,"rgba(0, 255, 0, 1.0)",0.5393180712547595,7.932386326011823,3.3609362834273466,77.71856039899768,16.54326811949082,True,False,True,False,True,20.0,0.0,0.0,0.0,0.0,0,1.1030454735085529,0.8397997496871089,False,False,False,False,0.3356166696355651,0.335755538097647,False,False,False,False,9116050.0,7119837.331347189,False,False,False,False,112189.02751751164,False,False,False,False
2025-09-05 18:00:00+00:00,9.745,9.755,9.685,9.71,241669.0,,,,,9.026110845976056,9.020424557569578,8.536436085161323,8.032464706708634,7.461330282869258,7.298846352008486,7.241897004496086,7.020953096471658,6.956748719486945,6.837046031899895,6.8496188323516725,6.779121260836407,6.771463626744911,6.769990148798615,6.771223599681118,6.773913763645893,6.751074310339052,6.751850065479564,,,,,,,9.573902647313476,8.710370846077714,8.085163225274433,7.737576893793965,7.734762002144691,7.584732238805262,7.322808332442536,7.119941684805061,7.042259023644271,6.992515546602257,6.897480472822313,6.848163349404489,6.826150852005577,6.85496874815544,6.854525038739617,6.8368086353313755,6.778611599965974,6.775347447257016,6.769783115484619,6.7692355753015745,,,7.737576893793965,6.837046031899895,7.58470314338716,"rgba(0, 255, 0, 1.0)",0.5491311893009125,7.95935114851879,3.188033908090206,78.85280284772476,17.6520202757995,True,False,True,False,True,20.0,0.0,0.0,0.0,0.0,0,1.1011656952539555,0.8434637801831804,False,False,False,False,0.33119549735255327,0.33347551772510015,False,False,False,False,8874381.0,7147039.5587681625,False,False,False,False,114196.46895134867,False,False,False,False
2025-09-05 19:00:00+00:00,9.715,9.78,9.715,9.765,424711.0,,,,,9.078312394757118,9.072677839290524,8.588675229601185,8.082173125926953,7.505481439045198,7.33946901395747,7.281275603164729,7.056725137360405,6.991539162077185,6.865327697798673,6.87463836204231,6.801785534192741,6.793393640663024,6.791632736009069,6.7921798298813405,6.794698155777162,6.770839637912431,6.771244196995578,,,,,,,9.610920758042163,8.765594236819547,8.134989442579792,7.785609846140519,7.782784473290099,7.631321212366775,7.363929928771139,7.157212303377477,7.078352607570714,7.027892324489716,6.93106748327875,6.8799679790442605,6.85629130106939,6.880742772415439,6.880272641009552,6.861218324437025,6.801422865176969,6.797459567560515,6.791363746279946,6.7894115819846865,,,7.785609846140519,6.865327697798673,7.625144238129791,"rgba(0, 255, 0, 1.0)",0.558115248520054,8.00491545000033,3.153622042520537,80.09281066026135,19.199744822811667,True,False,True,False,True,20.0,0.0,0.0,0.0,0.0,0,1.106444906444907,0.8386694386694388,False,False,False,False,0.3372778674337171,0.3353766925794086,False,False,False,False,9299092.0,7180404.712895788,False,False,False,False,119010.64772729675,False,False,False,False
2025-09-08 14:00:00+00:00,9.815,9.885,9.765,9.875,222834.0,,,,,9.106018420866178,9.100406091664894,8.616274971829476,8.108441021941067,7.528856610408751,7.361009836430164,7.302167320309976,7.075724265066171,7.010021578693262,6.880395185708102,6.887991272607007,6.813891000092915,6.8051107228966075,6.803197817482959,6.8033820972771,6.805809712626781,6.781410286044165,6.781618302181761,,,,,,,9.633458164599489,8.794680196457316,8.161322648430302,7.810997833628545,7.808166861686442,7.65595797816972,7.385730849339365,7.176999400277437,7.097520912428179,7.046683230314271,6.948917321010719,6.896882519672269,6.872332871754127,6.8944934099101625,6.894009335460008,6.874248888945824,6.813605902092793,6.8092731403369156,6.802896065244506,6.800200876532689,,,7.810997833628545,6.880395185708102,7.646698753442255,"rgba(0, 255, 0, 1.0)",0.5697535977614646,8.029203623065982,3.2396397042266454,81.77621949809554,21.347474120424792,True,False,True,False,True,20.0,0.0,0.0,0.0,0.0,0,1.1135045567522788,0.828914664457332,False,False,False,False,0.3428282325186434,0.339102462549026,False,False,False,False,9521926.0,7216707.368509807,False,False,False,False,120620.31210361772,False,False,False,False
2025-09-08 15:00:00+00:00,9.875,9.915,9.785,9.865,120242.0,,,,,9.120405430922368,9.114808050350044,8.630825375130772,8.122398630042362,7.5413482731523835,7.372541643718986,7.313358012391469,7.085917878292983,7.019942023517982,6.88849878070049,6.8951790468189,6.820411778016938,6.81142355971985,6.809429243665319,6.809419137117923,6.811798135259516,6.787108791286094,6.787211403356232,,,,,,,9.644549761730776,8.809923002264872,8.175307468007059,7.824526816791325,7.821693150199183,7.669105005660131,7.397399100391613,7.187608719515136,7.107803865719566,7.056766864477657,6.958502489776698,6.905970621173811,6.8809561034245785,6.901893711204959,6.901402189550946,6.881264390419412,6.820168208558464,6.815637640215719,6.809109941976498,6.8060165768856535,,,7.824526816791325,6.88849878070049,7.658138118724326,"rgba(0, 255, 0, 1.0)",0.5799283506536494,8.0420176573644,3.1434613268706,82.47676859931025,22.692283220883382,True,False,True,False,True,20.0,0.0,0.0,0.0,0.0,0,1.1136738056013182,0.827018121911038,False,False,False,False,0.34282823267929446,0.3409653476141602,False,False,False,False,9401684.0,7250582.9751995765,False,False,False,False,120614.44679968567,False,False,False,False
2025-09-08 16:00:00+00:00,9.865,9.925,9.84,9.895,116906.0,,,,,9.134453637093523,9.128869873724739,8.645005621762815,8.136000906341302,7.553529880010905,7.383793446240196,7.324278953077401,7.095869763497176,7.029628121963044,6.896418982068836,6.902208502669764,6.826790766913958,6.8175998463772345,6.815526175916526,6.815326619026873,6.817658256533242,6.792685953418781,6.792685776690139,,,,,,,9.65578811146876,8.824765020063644,8.188936825402081,7.837712319622192,7.834876016974731,7.681920437963723,7.408783203516782,7.197964911390505,7.117842660983039,7.066611715950648,6.9678625223909,6.914847509142959,6.88938118251079,6.909130086549112,6.908631311581829,6.888125961462529,6.826587647327438,6.821864318261884,6.815189768363555,6.811708240475793,,,7.837712319622192,6.896418982068836,7.669316120851665,"rgba(0, 255, 0, 1.0)",0.5893941231743004,8.054540158424025,3.1226301200015505,83.20044079531674,24.14729401194238,True,False,True,False,True,20.0,0.0,0.0,0.0,0.0,0,1.1136833402232331,0.8362959900785447,False,False,False,False,0.34282823288465,0.3418967902494051,False,False,False,False,9518590.0,7285745.874808885,False,False,False,False,120556.95150046573,False,False,False,False
2025-09-08 17:00:00+00:00,9.895,9.95,9.845,9.915,143614.0,,,,,9.151388816081713,9.145823100190475,8.662221137851548,8.152582692026938,7.568428018967721,7.397569831747481,7.3376550786906245,7.108071277078771,7.0415067474562125,6.9061454290571485,6.910846770874182,6.834633329692216,6.8251942941736505,6.823023473464907,6.822591946412186,6.824865590335005,6.7995466050779525,6.799420481050309,,,,,,,9.669142013949536,8.842724584739745,8.20554711436732,7.853811034423799,7.850971693783991,7.697579816195476,7.422719468163175,7.210656968432025,7.13014968646632,7.078683257709078,6.979344524499474,6.925741029720512,6.899723795658882,6.918021268498387,6.917513629221034,6.896558955077049,6.83447970884388,6.8295204587187595,6.822666122677693,6.818709224334696,,,7.853811034423799,6.9061454290571485,7.682948880599095,"rgba(0, 255, 0, 1.0)",0.6010263369084813,8.069767915742103,3.070135152062181,83.8598388569902,25.570934839617067,True,False,True,False,True,20.0,0.0,0.0,0.0,0.0,0,1.1163846471316554,0.8283120099050763,False,False,False,False,0.3428282329781265,0.3423625116137658,False,False,False,False,9662204.0,7322590.186827351,False,False,False,False,120914.42512061355,False,False,False,False
2025-09-08 18:00:00+00:00,9.915,9.935,9.9,9.915,84968.0,,,,,9.161233148404259,9.15567880703935,8.672293596813587,8.162321074315338,7.577203588179377,7.405692801926156,7.34554460902839,7.115274586856105,7.048521038635694,6.911895896241743,6.915956821989512,6.839274596374437,6.829689295774782,6.827461194422317,6.826892875234571,6.829132317363785,6.803608796622219,6.803408355729164,,,,,,,9.676797737900968,8.853201418868029,8.215299761531817,7.863279292092955,7.860438263787685,7.7067964136299345,7.430935590706831,7.218147105867576,7.137414725071374,7.085810515076537,6.9861263431890155,6.932177469149052,6.905836576037399,6.923280225564037,6.92276736817461,6.901548116953466,6.8391501496403055,6.83405183334306,6.8270914946058765,6.822854227355732,,,7.863279292092955,6.911895896241743,7.690958718163513,"rgba(0, 255, 0, 1.0)",0.6107962090656573,8.078691307015806,3.0064179602444128,84.2994375647725,26.787245207556865,True,False,True,False,True,20.0,0.0,0.0,0.0,0.0,0,1.124586092715232,0.8245033112582779,False,False,False,False,0.34282823310150634,0.34259537235763604,False,False,False,False,9662204.0,7358863.269202121,False,False,False,False,120357.11620401488,False,False,False,False
2025-09-08 19:00:00+00:00,9.915,9.915,9.825,9.83,216810.0,,,,,9.183334577095284,9.177825733349557,8.696072294884932,8.185856314535393,7.598734767457479,7.425694821100789,7.364994300044624,7.133098582333114,7.065893853123143,6.926179086882843,6.928658423932032,6.850824789225706,6.840878244002492,6.838508482499262,6.837601356457627,6.839755868142645,6.813727481103907,6.8133427750873565,,,,,,,9.689954780594958,8.87757374781131,8.238828633847858,7.88635526483347,7.883511662720717,7.72934161335774,7.451156965562366,7.236652062157947,7.155385628737708,7.103453672677154,7.0029387955271725,6.948148603028779,6.921014077341576,6.936348810087834,6.935823125544535,6.91395255653532,6.850772567413793,6.845330452459848,6.838108229340641,6.833176655200949,,,7.88635526483347,6.926179086882843,7.71016687098553,"rgba(0, 255, 0, 1.0)",0.616687116778005,8.099743754840151,2.8057278935870915,80.13981604124544,26.787245207556865,True,False,True,False,False,20.0,0.0,0.0,0.0,0.0,0,1.1248444628784737,0.8233098299460803,False,False,False,False,0.3327375056641867,0.33766643901091137,False,False,False,False,9445394.0,7391212.582857901,False,False,False,False,121852.50975123944,False,False,False,False
2025-09-09 14:00:00+00:00,9.945,10.005,9.835,9.87,237875.0,,,,,9.207594016882155,9.20213183400279,8.722092311003847,8.211637823154563,7.622373402897897,7.447682092534444,7.38638322624773,7.152720114972201,7.085023580085705,6.941938482137132,6.942688567532331,6.863591051053426,6.853248012450926,6.850722761674168,6.849443777385132,6.851505119486572,6.824921479292145,6.824334300924983,,,,,,,9.705807221492785,8.90419866196662,8.264602090349076,7.911651608009538,7.908805282442697,7.754070291335917,7.473381627430034,7.257014948223981,7.175167199512049,7.122878078183387,7.021457566522888,6.96574993063442,6.937749465041565,6.950780805940769,6.950241070885356,6.927656874960722,6.863618014671833,6.857798721151147,6.8502889719444,6.844595046955024,,,7.911651608009538,6.941938482137132,7.731325309275583,"rgba(0, 255, 0, 1.0)",0.6224477618372362,8.122934692049757,2.806766149810789,78.08681209457565,26.787245207556865,True,False,True,False,False,20.0,0.0,0.0,0.0,0.0,0,1.1253608247422682,0.8148453608247419,False,False,False,False,0.34282823296260356,0.3402473359867575,False,False,False,False,9683269.0,7426748.341263205,False,False,False,False,123651.30804966984,False,False,False,False
2025-09-09 15:00:00+00:00,9.875,9.895,9.785,9.885,68894.0,,,,,9.21385065196913,9.208405736606942,8.729120298255923,8.218751583510642,7.628986235977293,7.453853506107865,7.39239312341655,7.158252205595222,7.090421714025722,6.9463976637439515,6.946661399279434,6.867210058854627,6.85675546247818,6.854186410069641,6.852802531130445,6.854837531576187,6.8280977181414055,6.827453364835888,,,,,,,9.708949757477512,8.911293008592741,8.271702489587012,7.918685005730136,7.9158383464732704,7.760968856156597,7.479616818065584,7.2627478969220345,7.180742754344801,7.128356674495694,7.0266877273077135,6.9707253535730995,6.942482968712824,6.954866461114415,6.954322790377367,6.931538433959245,6.867259347764256,6.86133384171543,6.8537431693464725,6.847834221641103,,,7.918685005730136,6.9463976637439515,7.737136785125601,"rgba(0, 255, 0, 1.0)",0.6279328807306325,8.129215295565182,2.7961343613538308,76.98985012745416,26.787245207556865,False,False,True,False,False,20.0,0.0,0.0,0.0,0.0,0,1.116584564860427,0.8247126436781607,False,False,False,False,0.32576099534194214,0.3330041656643498,False,False,False,False,9752163.0,7462801.281708736,False,False,False,False,122802.35753727186,False,False,False,False
2025-09-09 16:00:00+00:00,9.885,9.905,9.86,9.885,80208.0,,,,,9.22129935540031,9.215873213514383,8.737396544227519,8.22709846321034,7.636733235447938,7.461082977107079,7.399433303443873,7.164731695507968,7.09674403928623,6.951622382765476,6.951317955898259,6.871452226638526,6.860867096301175,6.858246801293183,6.856740240241697,6.858744450900497,6.831821725953634,6.831110481090955,,,,,,,9.71312376018486,8.919664192027666,8.280035987531722,7.926928465679722,7.924081338241452,7.769051369283828,7.486921063962708,7.269463139578247,7.18727325151445,7.1347733596314304,7.032813286001905,6.976553002369647,6.948027930666519,6.959654946894686,6.959106671499749,6.936088158598511,6.871527616682541,6.865477873164913,6.857792504714578,6.851632022147456,,,7.926928465679722,6.951622382765476,7.743979478999188,"rgba(0, 255, 0, 1.0)",0.6325265724574997,8.136631153462352,2.7641033952848257,76.25854214937318,32.273791781626,False,False,True,False,False,20.0,0.0,0.0,0.0,0.0,0,1.123355263157895,0.8240131578947368,False,False,False,False,0.3346389582285706,0.3338215619464602,False,False,False,False,9752163.0,7498295.261837282,False,False,False,False,122141.97990103508,False,False,False,False
2025-09-09 17:00:00+00:00,9.885,9.9,9.835,9.865,39346.0,,,,,9.224802574639329,9.21938632570731,8.741354794187274,8.231121596692011,7.640486040815872,7.464589390348905,7.402849256404886,7.167879537413877,7.0998165130411595,6.954164044386529,6.95358387908081,6.8735173691828235,6.862868875497861,6.8602236954257325,6.858657526589805,6.8606467649672265,6.833635259874362,6.832891500969669,,,,,,,9.714905688240663,8.923648067323485,8.284050384279466,7.9309128180621205,7.9280655516271,7.772962700792795,7.490463146469781,7.27272380841341,7.190445526921045,7.1378911256517235,7.035791068858765,6.979386893127893,6.9507249706170375,6.961984858001974,6.961434351155189,6.938302308131122,6.873605438416669,6.867495369837564,6.859764028999599,6.853481336680584,,,7.9309128180621205,6.954164044386529,7.747273641327184,"rgba(0, 255, 0, 1.0)",0.6374664237757223,8.140183531314097,2.705736968026946,74.5191419248118,30.198192493767763,False,False,True,False,False,20.0,0.0,0.0,0.0,0.0,0,1.1170168932838898,0.8310671611042436,False,False,False,False,0.3313160429147389,0.3325688024305995,False,False,False,False,9712817.0,7532628.932196394,False,False,False,False,120858.32129791826,False,False,False,False
2025-09-09 18:00:00+00:00,9.865,9.915,9.865,9.915,39281.0,,,,,9.228432958283253,9.223025747739484,8.745389348197719,8.235195822180339,7.644273182834323,7.46812584366946,7.406293854193185,7.171051659999305,7.102912148008819,6.9567246307238,6.95586710091542,6.875598043837683,6.864885730139873,6.862215494544581,6.8605893357411265,6.862563519081196,6.835462517588499,6.834686032960932,,,,,,,9.717006582697614,8.92772450499746,8.288117723782472,7.934939099059317,7.932091621784348,7.776911887691874,7.494035860765772,7.276010574524952,7.193642463209732,7.141032689244733,7.03879088159486,6.982241532957633,6.953441774519527,6.964332515553234,6.963779759770663,6.940533332632331,6.875698870485352,6.8695280676061445,6.861750422097428,6.855344713771191,,,7.934939099059317,6.9567246307238,7.750620986719355,"rgba(0, 255, 0, 1.0)",0.6420486496118774,8.143809543213507,2.7586545939426683,74.55406736990571,29.794281060102847,False,False,True,False,False,20.0,0.0,0.0,0.0,0.0,0,1.117210070160958,0.830788278992984,False,False,False,False,0.33623930651243883,0.33440405447151916,False,False,False,False,9752098.0,7567039.305340635,False,False,False,False,119593.5566266327,False,False,False,False
2025-09-09 19:00:00+00:00,9.915,9.96,9.88,9.955,136258.0,,,,,9.241340072911294,9.235961779412946,8.759567320669392,8.249455648968745,7.657504949847037,7.4804810137146,7.4183279705916725,7.18213201823727,7.113724827308665,6.965672639317425,6.963849187272823,6.882872705020026,6.871937723202143,6.869180087869832,6.867344731810638,6.869266451866279,6.841852856526212,6.840962208451607,,,,,,,9.725209146660944,8.94208102777736,8.302357843785282,7.949013602640953,7.946165239855812,7.79071128451282,7.506517829500542,7.287492328112312,7.204809685215181,7.15200601948604,7.049268815079473,6.992213279866202,6.9629333689039825,6.972539248347877,6.971978647068401,6.9483332382185585,6.883017999694227,6.876635377127931,6.8686961591981905,6.861861370879245,,,7.949013602640953,6.965672639317425,7.762378624311689,"rgba(0, 255, 0, 1.0)",0.6467224922499204,8.156583385934457,2.7808165567412493,75.42498949448361,29.794281060102847,False,False,True,False,False,20.0,0.0,0.0,0.0,0.0,0,1.120297643654403,0.8276147168251342,False,False,False,False,0.34282823213997776,0.33861614330574846,False,False,False,False,9888356.0,7603028.711459384,False,False,False,False,119851.92008978568,False,False,False,False
2025-09-10 14:00:00+00:00,10.615,10.67,10.445,10.555,240385.0,,,,,9.282594344439554,9.277167747485544,8.796676679706898,8.283169443238661,7.686792642149136,7.507459726056229,7.4444916054602945,7.205859017113048,7.136786684620568,6.984627016098485,6.980770847001468,6.898236193143224,6.886825223268318,6.883882068487795,6.881606385480987,6.883419464375067,6.855330012274878,6.854199318527636,,,,,,,9.777720264180223,8.981811751446807,8.336297046705404,7.981042509448801,7.978182042077782,7.821612357482332,7.533824950946304,7.31223917186894,7.2287552442022935,7.175461935285547,7.071538290416139,7.013347658249957,6.983026050917194,6.989942034106072,6.98936437327389,6.964857125623109,6.89847490202306,6.891642677022401,6.883358204855118,6.875617935934926,,,7.981042509448801,6.984627016098485,7.791191623479044,"rgba(0, 255, 0, 1.0)",0.668145038739912,8.189982714804332,3.5396764894879285,80.78835329616967,25.86680687350102,True,False,True,False,True,20.0,0.0,0.0,0.0,0.0,0,1.1134585289514871,0.8196400625978089,False,False,False,False,0.3428282357237197,0.3407221895147341,False,False,False,False,10128741.0,7642187.041514277,False,False,False,False,121720.65001087426,False,False,False,False
2025-09-10 15:00:00+00:00,10.555,10.655,10.515,10.615,192816.0,,,,,9.31480120845142,9.309342508257075,8.825977543121839,8.309951958159095,7.710168569982947,7.529027860606436,7.465419239679344,7.2248659394376205,7.155267662556943,6.999848176649138,6.99437343639932,6.910595044124092,6.898803847632461,6.895712462031161,6.893084894815688,6.894811155689415,6.866180973378994,6.864858235008631,,,,,,,9.817125716252368,9.013036401595334,8.363247738411856,8.006544187937596,8.003674498883672,7.846244388524691,7.555650802380471,7.332051143917626,7.247934836563358,7.194254600933755,7.089391817734363,7.030300991893755,6.999152140972964,7.003928086154466,7.003336830144333,6.978142465599321,6.910908332649077,6.903717036266572,6.895156687694749,6.886692582715897,,,8.006544187937596,6.999848176649138,7.814021793968099,"rgba(0, 255, 0, 1.0)",0.6880625822678358,8.216307391936326,3.486154704355014,84.55067294077739,29.395545421737253,True,False,True,False,True,20.0,0.0,0.0,0.0,0.0,0,1.117190531625922,0.8234381063251841,False,False,False,False,0.34282823585254707,0.3417752126836406,False,False,False,False,10321557.0,7683727.661025684,False,False,False,False,122822.90349907776,False,False,False,False
2025-09-10 16:00:00+00:00,10.615,10.705,10.605,10.7,105644.0,,,,,9.332781000002678,9.327303683866974,8.842293809690482,8.324837684480528,7.723146451633433,7.541003722163942,7.477040005232603,7.235419466696575,7.16552884541514,7.008306406129111,7.001937312751351,6.917468616225641,6.905466691895115,6.902293180400921,6.89947074297642,6.901148977982198,6.872218605641926,6.8707894493766295,,,,,,,9.839076419307947,9.030424247622605,8.378230213129713,8.020705459707061,8.017830520627596,7.859918851384775,7.567769580923761,7.343052246446422,7.258584357865296,7.204688939798179,7.099304906848868,7.039715856245528,7.008109738888846,7.011704215430622,7.011105427359218,6.985530445309547,6.917823176544881,6.91043299582707,6.901719728022319,6.892854623367002,,,8.020705459707061,7.008306406129111,7.826715282275916,"rgba(0, 255, 0, 1.0)",0.7084078837292074,8.230947997504993,3.4853536489421884,87.31039188963248,31.936005674790692,True,False,True,False,True,20.0,0.0,0.0,0.0,0.0,0,1.1280558789289874,0.8207217694994176,False,False,False,False,0.3428282360481875,0.34230172436591405,False,False,False,False,10427201.0,7726262.131397379,False,False,False,False,122556.56390994476,False,False,False,False
2025-09-10 17:00:00+00:00,10.705,10.75,10.62,10.635,227323.0,,,,,9.369850472879266,9.36434265969336,8.876410926985507,8.356217994051885,7.750674152075291,7.566452465348593,7.501748889472148,7.257899640387829,7.187396382375165,7.026366912109822,7.018100690621418,6.932167625209445,6.919717844076825,6.916369706299651,6.9131327043153314,6.914708699167894,6.885139837156004,6.883484075322797,,,,,,,9.8825916936883,9.066592181013995,8.40979541183721,8.0506537333126,8.047768433267116,7.888881670835633,7.593515563291532,7.366468336986014,7.281265465135503,7.226919602514566,7.120440829246333,7.059801128579812,7.027228375526458,7.028317835219711,7.027703081262964,7.001320793179041,6.932609926187415,6.924797006552426,6.9157586586802715,6.906040350435324,,,8.0506537333126,7.026366912109822,7.853412153483864,"rgba(0, 255, 0, 1.0)",0.726915816036195,8.261556148943134,3.2650876465985244,86.80754314007253,31.936005674790692,True,False,True,False,True,20.0,0.0,0.0,0.0,0.0,0,1.1275193798449614,0.8201550387596898,False,False,False,False,0.3428282358292562,0.3425649800975851,False,False,False,False,10199878.0,7764612.765019125,False,False,False,False,124180.84974079832,False,False,False,False
2025-09-10 18:00:00+00:00,10.635,10.665,10.585,10.645,251287.0,,,,,9.40741289537557,9.401889521962637,8.91192912866841,8.38940785660631,7.780136119652708,7.593779403746142,7.5283099099943085,7.282145973273878,7.211002310298012,7.045926114393029,7.0356251284719935,6.9481245404547245,6.9351933682133176,6.9316573305649385,6.927973745234678,6.929439406557344,6.8991837797789906,6.89728355212758,,,,,,,9.923660877909924,9.103884717172994,8.443140500406237,8.082527619365981,8.07963287475466,7.919797085461306,7.621149108714186,7.391688895492087,7.305721361801685,7.2509057343308,7.143276976545617,7.081523590048803,7.047920883945536,7.046324802227398,7.045692967710738,7.018445942148787,6.948661269064243,6.940393726151072,6.931005816183124,6.920368317270262,,,8.082527619365981,7.045926114393029,7.881551489194359,"rgba(0, 255, 0, 1.0)",0.7436768466560023,8.293467788211455,3.162034991895179,86.53352302119563,31.936005674790692,True,False,True,False,True,20.0,0.0,0.0,0.0,0.0,0,1.1170542635658918,0.8317829457364339,False,False,False,False,0.331716984314517,0.33714098220605104,False,False,False,False,10451165.0,7806264.737654488,False,False,False,False,126151.48772931307,False,False,False,False
2025-09-10 19:00:00+00:00,10.645,10.775,10.64,10.765,182334.0,,,,,9.435306366705566,9.429769295119975,8.938188948313952,8.413885555052337,7.801839008009218,7.613915357782234,7.54788349479989,7.300014904735465,7.228399315241664,7.06035844172601,7.048567954859266,6.959913373948901,6.946628395938092,6.942954306915786,6.938942783726438,6.940327531632001,6.909566028952814,6.907486125073604,,,,,,,9.954383956991613,9.13146508897732,8.467739242596558,8.106010561475637,8.103108611061511,7.942567224979997,7.641510247546052,7.410275860212832,7.3237447483469005,7.268582733035365,7.1601080214860415,7.097538109992889,7.063181344468395,7.05962163304715,7.058977253726153,7.031095216029338,6.960519374781871,6.951917948604264,6.942273064615656,6.9309602576161184,,,8.106010561475637,7.06035844172601,7.90233501301723,"rgba(0, 255, 0, 1.0)",0.7617130823477971,8.317053558693887,3.2137382146055677,87.04526993152241,32.18158278895446,True,False,True,False,True,20.0,0.0,0.0,0.0,0.0,0,1.1188004613610154,0.8223760092272201,False,False,False,False,0.34282823580590677,0.33998460900597893,False,False,False,False,10633499.0,7850097.826993178,False,False,False,False,127022.53443118418,False,False,False,False
2025-09-11 14:00:00+00:00,10.695,10.8,10.68,10.79,334121.0,,,,,9.484592283663158,9.479039750310905,8.985162795960854,8.457999508312309,7.841189694839223,7.650499125778544,7.5834692893094156,7.332565021158158,7.260105524447812,7.086727591798408,7.072242732074676,6.981496740330245,6.967569571957677,6.963644799513791,6.959037553466109,6.960275267313682,6.92859408695133,6.926187353067974,,,,,,,10.00694706553472,9.180551799218165,8.512047601892991,8.14845753610846,8.145543513290304,7.983787465439543,7.678492838203126,7.444106901615565,7.356570717143331,7.300789934425681,7.190799535277424,7.126761509544573,7.091045861015426,7.0839372352311,7.08327015723595,7.05423838292185,6.982228442757233,6.97302104977906,6.962909567565338,6.950369629866399,,,8.14845753610846,7.086727591798408,7.939778410270205,"rgba(0, 255, 0, 1.0)",0.7780915553252264,8.359311763255995,3.123910316348345,87.52033185624784,32.98553664514907,True,False,True,False,True,20.0,0.0,0.0,0.0,0.0,0,1.1201224177505742,0.8244070390206578,False,False,False,False,0.342828235735505,0.341406422370742,False,False,False,False,10967620.0,7898431.504094058,False,False,False,False,130233.36335473171,False,False,False,False
2025-09-11 15:00:00+00:00,10.79,10.89,10.78,10.89,271277.0,,,,,9.524824614781615,9.51925940513864,9.023538793673007,8.49406818578318,7.873410352622649,7.6804863828787555,7.612649082878527,7.35927882877687,7.2861322556557715,7.108418567720769,7.091741871362652,6.999284987869155,6.984832862693977,6.980703192638232,6.975609160821763,6.976726845424459,6.944291944704317,6.941617793065282,,,,,,,10.04969577752945,9.220590833195764,8.548275626170454,8.183174335485091,8.180250446431687,8.017513011697973,7.70880259958236,7.471862687679374,7.383509025102487,7.327224427420572,7.216000859675382,7.150769995113283,7.113950542740881,7.10395881371328,7.103273216732264,7.073303274733083,7.000119271627832,6.990416866368417,6.979923833377368,6.9663806243958195,,,8.183174335485091,7.108418567720769,7.970436746727204,"rgba(0, 255, 0, 1.0)",0.7950037792419415,8.393860519941267,3.1397831623377597,88.3426853103574,34.11753739843191,True,False,True,False,True,20.0,0.0,0.0,0.0,0.0,0,1.1248091603053434,0.8225190839694652,False,False,False,False,0.3428282360481875,0.34211732920946475,False,False,False,False,11238897.0,7950221.666821281,False,False,False,False,132420.08640349557,False,False,False,False
2025-09-11 16:00:00+00:00,10.89,10.98,10.885,10.905,184550.0,,,,,9.55224171107384,9.546668092870139,9.049722054296433,8.518700994253546,7.895444675093312,7.701010872147169,7.632626657759071,7.3775812182718505,7.303967065563321,7.123305895010055,7.105137331973398,7.0115113232793105,6.996700617014693,6.992430994548156,6.987004523317506,6.988040289536821,6.955089588516296,6.952232627903332,,,,,,,10.078716953116787,9.247873045186264,8.573016651296552,8.206893182196392,8.203962588297685,8.040562275074441,7.72954541749823,7.490873654517956,7.401964141929335,7.345336685507918,7.233274191895016,7.167232412108426,7.129662597890865,7.117710417984775,7.117012190731573,7.0864023085924925,7.012415595096833,7.002375220760025,6.991621495138323,6.977392857651453,,,8.206893182196392,7.123305895010055,7.991396225662839,"rgba(0, 255, 0, 1.0)",0.8103336983630032,8.41744863221961,3.069786401337646,88.96341261839676,35.043372163615246,True,False,True,False,True,20.0,0.0,0.0,0.0,0.0,0,1.1271896420411276,0.8202589489718201,False,False,False,False,0.34282823648179594,0.3424727828456303,False,False,False,False,11423447.0,8004070.121599246,False,False,False,False,133228.30211817005,False,False,False,False
2025-09-11 17:00:00+00:00,10.905,10.975,10.895,10.96,80928.0,,,,,9.564098829310051,9.55852232786418,9.061097694407616,8.529434530521836,7.905070123746526,7.709984812619764,7.641364069239239,7.385592877651674,7.311775767836662,7.129831797506981,7.111012564583791,7.016876049848265,7.001908672868602,6.997577891894062,6.9920061249398895,6.9930060851769955,6.959829830386277,6.956892919012837,,,,,,,10.091130938061072,9.259702432439354,8.583795076332363,8.217240865912709,8.214307439978159,8.05062412487512,7.7386136985576375,7.499192550112048,7.410042057148239,7.353265844629672,7.240838927607004,7.174444402764151,7.136547876825124,7.123741050779545,7.1230373131914035,7.092148158850863,7.0178108938341515,7.007622867568369,6.996755220627371,6.982226959602539,,,8.217240865912709,7.129831797506981,8.000531897196725,"rgba(0, 255, 0, 1.0)",0.8274673723188193,8.427707632029106,3.0602927108468685,89.64570956170138,36.00950980335281,True,False,True,False,True,20.0,0.0,0.0,0.0,0.0,0,1.1295238095238098,0.8205714285714284,False,False,False,False,0.342828236492645,0.3426505096691377,False,False,False,False,11504375.0,8058338.41428763,False,False,False,False,132417.4447209891,False,False,False,False
2025-09-11 18:00:00+00:00,10.965,11.015,10.935,10.96,134130.0,,,,,9.583683351089272,9.578102458818305,9.079916545656117,8.547210761618027,7.921028999530278,7.724871088048654,7.6558604634654,7.398891342503525,7.3247388675304865,7.140674150407404,7.120778143123244,7.025795545093557,7.010568493028133,7.006136340299465,7.000323742070176,7.001264362544428,6.967713965343409,6.964644468939942,,,,,,,10.111558915373484,9.27925393457401,8.601644448758451,8.234385930961814,8.231447864935205,8.067300216901918,7.753655416694607,7.512998419285166,7.42344997354015,7.366427990535728,7.253398822473911,7.186421221048669,7.147984502463984,7.1337639454060975,7.13305108279729,7.10169939897489,7.026781040649505,7.016348326916778,7.005291836042072,6.990266860253797,,,8.234385930961814,7.140674150407404,8.015668828576718,"rgba(0, 255, 0, 1.0)",0.8433875921725368,8.444689087612103,2.9823902269045073,90.10057419057112,36.74599400538662,True,False,True,False,True,20.0,0.0,0.0,0.0,0.0,0,1.1274175199089878,0.817974971558589,False,False,False,False,0.3428282366644628,0.34273937316680025,False,False,False,False,11504375.0,8111765.338097123,False,False,False,False,132443.9959656249,False,False,False,False
2025-09-11 19:00:00+00:00,10.955,10.985,10.93,10.97,360537.0,,,,,9.633418267898085,9.627837855896995,9.128494211817664,8.593573798054098,7.962998526402909,7.764118179892442,7.694111267611934,7.434070622061466,7.359053557538327,7.1694540902468376,7.146728066586354,7.0495223158184634,7.033610949166129,7.028911450052784,7.022463208191307,7.023247032661474,6.988709601376674,6.985289677218163,,,,,,,10.161548468510256,9.329409704042515,8.648161229829501,8.279292939695623,8.276344229718788,8.111068964028503,7.793298563007748,7.549481353333372,7.458910909766622,7.401256434337513,7.286669055238314,7.2181729318090255,7.178323935687639,7.160390074431646,7.159653259944473,7.127086336118521,7.050641366807769,7.039563685682855,7.028009351602758,7.011673108260818,,,8.279292939695623,7.1694540902468376,8.055164497232091,"rgba(0, 255, 0, 1.0)",0.8570840624408134,8.488694245035928,2.895055297023938,90.45946483190849,37.38341531682262,True,False,True,False,True,20.0,0.0,0.0,0.0,0.0,0,1.1305998481397117,0.8204252088078966,False,False,False,False,0.3397249949855724,0.34123218407618633,False,False,False,False,11864912.0,8169953.658436703,False,False,False,False,135980.3216095687,False,False,False,False
2025-09-12 14:00:00+00:00,10.715,10.745,10.625,10.625,173295.0,,,,,9.651009151851298,9.645453937546215,9.147325906565781,8.6125176467575,7.980806700053078,7.780926900749732,7.710542762635241,7.449332425072948,7.373978487895122,7.182063519824585,7.15811644569181,7.059968148432551,7.043761841663578,7.038946652563058,7.0322220829533,7.03293718669444,6.997975256902754,6.9944025573525925,,,,,,,10.175387136484805,9.348277398437556,8.6670892779751,8.29802622385433,8.29507623590044,8.129498342557113,7.810255044440059,7.565243021421491,7.474281496747987,7.416383024621047,7.301175276386296,7.232050887449275,7.191605623144621,7.17206820795451,7.171321210588077,7.138235424223806,7.061145198140194,7.049788683588927,7.038019598849327,7.0211136725627235,,,8.29802622385433,7.182063519824585,8.071267833876568,"rgba(0, 255, 0, 1.0)",0.8613016913971323,8.50607675764203,2.460140579685649,77.96845916416324,31.992307636557072,True,False,True,False,False,20.0,0.0,0.0,0.0,0.0,0,1.116382505559674,0.8217197924388433,False,False,False,False,0.29198709019762165,0.316609637136904,False,False,False,False,11691617.0,8224553.090088847,False,False,False,False,136558.84375515676,False,False,False,False
2025-09-12 15:00:00+00:00,10.625,10.645,10.515,10.555,85596.0,,,,,9.658698808465543,9.65315964603811,9.155896588382141,8.621327654633568,7.989213557487136,7.788891248684219,7.718337652497339,7.456600394749165,7.381093124081599,7.18809221887055,7.163565390908825,7.064972441240467,7.048626098863772,7.0437558955445425,7.036899693109559,7.037581960722436,7.002418606762476,6.998773041513549,,,,,,,10.180695356926785,9.356754703745874,8.675877320839849,8.306810477622813,8.30386047400086,8.138171942183815,7.818285316465694,7.5727368811265,7.481598787699975,7.423589746932048,7.308096970967715,7.238679263052215,7.197953335969809,7.177654383731051,7.1769025783120775,7.143571382674547,7.066177105213721,7.054688052165336,7.042816968891543,7.025639717801045,,,8.306810477622813,7.18809221887055,8.078759137338658,"rgba(0, 255, 0, 1.0)",0.8624291954224843,8.514061022472562,2.366500332270904,68.09980756611617,23.556158592096054,False,True,True,False,False,20.0,0.0,0.0,0.0,0.0,0,1.106735369893265,0.8317997791681999,False,False,False,False,0.2589007618687486,0.2877551995028263,False,False,False,False,11606021.0,8276978.949157237,False,False,False,False,135768.72214654967,False,False,False,False
2025-09-12 16:00:00+00:00,10.555,10.6,10.535,10.6,65230.0,,,,,9.664515318318504,9.658988380021865,9.162389528475451,8.628011233480187,7.995600061772004,7.794944638631149,7.724263246058307,7.462128211788792,7.386505027229747,7.192681144287307,7.167714293758146,7.068783720602796,7.052330996168685,7.047418993996063,7.0404627663977974,7.041120079253203,7.005803642180422,7.0021026868354905,,,,,,,10.184713434019466,9.363171543168047,8.682543510084974,8.313478811058667,8.310528829044854,8.144758558729153,7.824388385348664,7.578435318489237,7.487163873080968,7.4290712806619625,7.313362870720601,7.243722967272,7.202784269482649,7.181907458550309,7.181152003937099,7.1476345114449105,7.070009361790867,7.058419623362392,7.046471046084311,7.029087603565097,,,8.313478811058667,7.192681144287307,8.084448396148478,"rgba(0, 255, 0, 1.0)",0.8636958350573721,8.520119509772353,2.40811684600689,62.542538356154054,19.253163896386027,False,True,True,False,False,20.0,0.0,0.0,0.0,0.0,0,1.1143082380764684,0.8399684666929439,False,False,False,False,0.256307769648855,0.27203148457584064,False,False,False,False,11671251.0,8329603.32203852,False,False,False,False,134675.09854737835,False,False,False,False
2025-09-12 17:00:00+00:00,10.595,10.615,10.55,10.555,51380.0,,,,,9.669020503167468,9.66350338167501,9.167444354132197,8.633230248150744,8.000598712338473,7.799685740692249,7.7289052783512835,7.466461603599052,7.390748305237834,7.196281661073881,7.170970406462685,7.0717756822556765,7.0552396471449494,7.050294903342653,7.043260304809847,7.043898057811797,7.008461713803782,7.0047173444755035,,,,,,,10.187782167363794,9.368158053020768,8.687747734174362,8.318692250513436,8.315742335817976,8.149911078212702,7.82916795325796,7.582901185475674,7.491526218267853,7.4333687174788245,7.31749242653884,7.247679109897527,7.206574139485378,7.18524509341781,7.184486784209014,7.1508235176691155,7.0730177555179905,7.061349159242589,7.049339888406825,7.031794887429738,,,8.318692250513436,7.196281661073881,8.088894201422004,"rgba(0, 255, 0, 1.0)",0.8618255190148295,8.524845421435302,2.3556445403071953,57.76447173396622,15.487214603929033,False,True,True,False,False,20.0,0.0,0.0,0.0,0.0,0,1.1120414673046255,0.8429027113237637,False,False,False,False,0.25941976820605267,0.26572562639094666,False,False,False,False,11619871.0,8380615.224022418,False,False,False,False,133383.70167067478,False,False,False,False
2025-09-12 18:00:00+00:00,10.555,10.56,10.485,10.55,105302.0,,,,,9.67769653009351,9.672201367749777,9.177388031192567,8.643611606252854,8.010618039171609,7.809206910042358,7.738233221119995,7.475186562826392,7.399296186147784,7.2035461641312475,7.1775428214553925,7.077818917768746,7.061115437299647,7.056104834338344,7.048912454795971,7.049510769113512,7.0138334768190544,7.010001644833769,,,,,,10.531666666666668,10.193258843152112,9.37790151250006,8.698090914810077,8.329106170045502,8.326156740373003,8.160222619027161,7.838763855030569,7.591885424135789,7.500307948873977,7.442023210868614,7.325815343714496,7.2556565999769,7.214219012198134,7.191981132368814,7.191217102493121,7.157261443116208,7.07909406259633,7.067266882840978,7.055135600607538,7.037265365336435,,,8.329106170045502,7.2035461641312475,8.231361624498799,"rgba(0, 255, 0, 1.0)",0.8581597900304928,8.685760177593266,2.1723691136128536,54.454316541604584,12.84692030703279,False,True,True,False,False,20.0,0.0,0.0,0.0,0.0,0,1.0992,0.8471999999999994,False,False,False,False,0.2470005955479904,0.2563631109694685,False,False,False,False,11514569.0,8429203.654657729,False,False,False,False,132948.3264509744,False,False,False,False
2025-09-12 19:00:00+00:00,10.555,10.625,10.535,10.625,234809.0,,,,,9.697817418321218,9.69236676273737,9.200060322324807,8.667119640445817,8.033230762223356,7.830689054836495,7.759277862996513,7.494863738999271,7.418572274656744,7.21993770764248,7.192381223306071,7.091464489833169,7.074384184359919,7.069225420368173,7.061678251200031,7.062187979221959,7.025967576254291,7.021938964653703,,,,,,10.575391323224869,10.207036440434914,9.400212176091431,8.721524483221144,8.352636175188328,8.349687418711076,8.183503060222023,7.860415443990819,7.612150605345985,7.520113805389808,7.46154055270644,7.3445835721229615,7.273647704746877,7.231463124258688,7.207187358405726,7.206410455761895,7.171797000625875,7.092813950647982,7.080630100892243,7.0682242025501365,7.049622385403088,,,8.352636175188328,7.21993770764248,8.252601151569806,"rgba(0, 255, 0, 1.0)",0.8553965783811972,8.708265620533712,2.2407552565777484,54.262059592778726,12.766895875570235,False,True,True,False,False,20.0,0.0,0.0,0.0,0.0,0,1.0988,0.8443999999999994,False,False,False,False,0.2589007618687486,0.25763193641910853,False,False,False,False,11749378.0,8480679.225903345,False,False,False,False,134527.5616997965,False,False,False,False
2025-09-15 14:00:00+00:00,10.945,11.08,10.865,11.07,190565.0,,,,,9.72068054247156,9.715240489563794,9.223187805068449,8.689755544744733,8.054184745019606,7.850431328552362,7.778567221032589,7.512739690103094,7.436043447171458,7.234726584308547,7.205768990403298,7.103748195497678,7.086325307279084,7.081032414491405,7.073165659887897,7.073596348085483,7.036879373795578,7.0326736961247045,,,,,,10.729663190597151,10.228644520637747,9.42373662067646,8.744190968888898,8.374802780060207,8.371850688821455,8.205229212842138,7.880336164906404,7.630630505741657,7.538120885139144,7.479253035278109,7.361559126050774,7.289891840606159,7.247019439255734,7.2209102903263505,7.220121550170436,7.184905752003409,7.1051645491326,7.092657745117389,7.080002281005566,7.060740574916516,,,8.374802780060207,7.234726584308547,8.277655866714584,"rgba(0, 255, 0, 1.0)",0.8606310433587352,8.736370503983764,2.7115330245454716,60.83830466699423,12.766895875570235,False,True,True,False,True,20.0,0.0,0.0,0.0,0.0,0,1.1028327512611567,0.8308110205665499,False,False,False,False,0.34228332866296224,0.29995763254103536,False,True,False,False,11939943.0,8534311.222400967,False,False,False,False,135396.35919282289,False,False,False,False
2025-09-15 15:00:00+00:00,11.065,11.105,11.015,11.015,159058.0,,,,11.045000000000002,9.739735596947744,9.73430421671924,9.242465786971017,8.708636689522892,8.071683414643323,7.866929038752512,7.794690136632543,7.527690617445049,7.450658208233763,7.247112173392147,7.21698840993908,7.114046610647594,7.096337908512622,7.0909331058276,7.082799704705337,7.083164461272903,7.0460327023638465,7.041679178840218,,,,,,10.802382300036442,10.246687913567788,9.443333469235261,8.76309687132756,8.393299847313932,8.390345020790653,8.223364171996419,7.896981457509612,7.646082624223351,7.553180672181974,7.494068206585072,7.37576217874638,7.303487177511551,7.260043051348942,7.232408917132027,7.231610314436283,7.195892569692921,7.115518738493932,7.102742561535025,7.089878846098129,7.070066423823812,,,8.393299847313932,7.247112173392147,8.448840833665408,"rgba(0, 255, 0, 1.0)",0.8633691442709953,8.930564393896077,2.4143040319838653,63.81248005777236,4.727603899658845,False,True,True,False,True,20.0,0.0,0.0,0.0,0.0,0,1.1149068322981368,0.8303571428571423,False,False,False,False,0.3428282331474086,0.321392932844222,False,False,False,False,11780885.0,8584645.699573046,False,False,False,False,135763.2063371202,False,False,False,False
2025-09-15 16:00:00+00:00,11.015,11.035,10.825,10.845,158928.0,,,,10.973362632317148,9.756203692985707,9.75078995539447,9.259825162342484,8.726063460482399,8.08813139992296,7.882508135014614,7.809938249359882,7.541899812354563,7.464565650403609,7.2589434498140575,7.2277160540710454,7.123909748948889,7.105930545700028,7.100419614843815,7.092032765168687,7.0923346021275195,7.054810571660672,7.050316293457332,,,,,,10.82097517425469,10.26084012430861,9.460736326181495,8.780512293889165,8.410542331694739,8.407586350898782,8.240345648913014,7.912689833922029,7.660737829562178,7.567487123401666,7.508156235866457,7.389294534884348,7.31645679024974,7.27247769083921,7.243399941599612,7.242592071802753,7.206401644935434,7.125434853773789,7.112403362533466,7.099342460438625,7.079006708226602,,,8.410542331694739,7.2589434498140575,8.460842795570322,"rgba(0, 255, 0, 1.0)",0.8607127153576442,8.942665483415144,2.210185213534805,61.939197475088434,4.727603899658845,False,True,True,False,True,20.0,0.0,0.0,0.0,0.0,0,1.0985316846986088,0.8419629057187011,False,False,False,False,0.31542297566910527,0.31840795425666363,False,False,False,False,11621957.0,8631735.797254084,False,False,False,False,136122.3504249168,False,False,False,False
2025-09-15 17:00:00+00:00,10.845,10.875,10.75,10.78,104449.0,,,,10.93091001376938,9.765851952371522,9.760453715084765,9.270354540292532,8.736846926321787,8.098456932333066,7.8923238035638645,7.8195567115505416,7.550897222401404,7.473380719858127,7.266465135893069,7.234541436830642,7.130193124046724,7.112043226932732,7.1064652206521,7.097917901642573,7.098179778773244,7.060408339430939,7.055824828167233,,,,,,10.818859204227,10.268412552402552,9.471171053470712,8.791271885909932,8.4212960151694,8.418340000161697,8.250974291069062,7.922581982434148,7.670002756789481,7.576543066044727,7.517080785768377,7.3978801034899755,7.324693417315433,7.280379807120933,7.250391084801098,7.249577400566067,7.213089882206238,7.131751751602227,7.118558968408438,7.105373588954422,7.084706551465846,,,8.4212960151694,7.266465135893069,8.467799383792538,"rgba(0, 255, 0, 1.0)",0.8557125843570239,8.949446411374492,2.1392154586589047,59.39884183701596,4.727603899658845,False,True,True,False,False,20.0,0.0,0.0,0.0,0.0,0,1.0898528272656856,0.8574748257164985,False,False,False,False,0.2910424748871319,0.3047252145718978,False,False,False,False,11517508.0,8676476.451560222,False,False,False,False,135631.2907284065,False,False,False,False
2025-09-15 18:00:00+00:00,10.78,10.805,10.75,10.75,105385.0,,,,10.89844981243606,9.775100338759815,9.769719166655907,9.280605416965882,8.747440241329121,8.108668171820671,7.902048053901965,7.829091111517265,7.559832491675258,7.4821391067760805,7.273950672795823,7.24133750808132,7.136453723557716,7.118134692679621,7.11249017583729,7.103783612061442,7.104005782098091,7.0659891741960665,7.061317042404063,,,,,,10.813828794188485,10.275376580177474,9.481276306428931,8.801834333377776,8.431897907415717,8.428942164004482,8.261470172453704,7.932379594155839,7.679196567657796,7.58553500133079,7.525945540989954,7.406414531315003,7.332885199126871,7.28824181872083,7.257351142479714,7.2565317138087675,7.219750434323867,7.138045603581151,7.124692931745451,7.1113841854120095,7.090388395134965,,,8.431897907415717,7.273950672795823,8.4748907638391,"rgba(0, 255, 0, 1.0)",0.8493414672132032,8.956375805177744,2.1117822031077362,57.10024872349315,4.727603899658845,False,True,True,False,False,20.0,0.0,0.0,0.0,0.0,0,1.0784161490683228,0.8687888198757759,False,False,False,False,0.2838459640114917,0.29428558929169474,False,False,False,False,11412123.0,8718889.576342233,False,False,False,False,135162.3559884312,False,False,False,False
2025-09-15 19:00:00+00:00,10.755,10.875,10.75,10.835,221714.0,,,,10.875244165041215,9.794994703569644,9.789646919080452,9.30245341721264,8.769930828728384,8.130310489717054,7.922658142934355,7.849299176317177,7.578769958544754,7.500701568536388,7.289826396797722,7.255758607793875,7.149741352097794,7.131064633068807,7.125279483410865,7.116236296569664,7.116374590596558,7.077838810791022,7.072979240895138,,,,,,10.81489755847348,10.290883478675763,9.502863587761231,8.8242659911235,8.454379280025194,8.451423884501914,8.28371789841643,7.953145137443836,7.698682450362019,7.60459264248473,7.544733388129017,7.424503081660021,7.350250132781008,7.3049109756998005,7.272118661417813,7.271287090057211,7.233884901044891,7.15140348109961,7.137712816291074,7.124143133958647,7.102452206463903,,,8.454379280025194,7.289826396797722,8.49228341016071,"rgba(0, 255, 0, 1.0)",0.8435229534357207,8.974043481227174,2.2061717599895028,57.09185884587463,4.727603899658845,False,True,True,False,False,20.0,0.0,0.0,0.0,0.0,0,1.0742459396751742,0.8669760247486462,False,False,False,False,0.2910424748871319,0.29266403208941333,False,False,False,False,11633837.0,8764082.559654756,False,False,False,False,136504.24194209895,False,False,False,False
2025-09-16 14:00:00+00:00,10.835,10.895,10.795,10.835,161691.0,,,,10.869286054487095,9.809328792019112,9.804005162572366,9.318221586375445,8.786197453279367,8.146002537037075,7.937617003060632,7.863971352377207,7.592533879241813,7.514196610036627,7.301385370295847,7.266266003412327,7.159428278042204,7.14049238562129,7.134605307639917,7.125318080477259,7.125395554710624,7.086483181893957,7.081487603511,,,,,,10.81789937612453,10.302087565897965,9.518424641998617,8.840487203988028,8.470657089931965,8.467702086288512,8.299836759672509,7.968214673134613,7.7128388794166165,7.618442646836134,7.558390109181387,7.437657644324052,7.362883727605058,7.317042857683938,7.282876613729633,7.28203626243306,7.244184922975789,7.161141297839958,7.147205749097338,7.133446952432278,7.111251965351257,,,8.470657089931965,7.301385370295847,8.505412442514661,"rgba(0, 255, 0, 1.0)",0.8370635180996007,8.987480750984524,2.2071434354347814,57.08626559412895,4.727603899658845,False,True,True,False,False,20.0,0.0,0.0,0.0,0.0,0,1.0806514152772393,0.8670027142303215,False,False,False,False,0.29775129304540404,0.2952076625674087,False,False,False,False,11633837.0,8808574.876559332,False,False,False,False,136894.73431508965,False,False,False,False
2025-09-16 15:00:00+00:00,10.835,10.845,10.64,10.72,279488.0,,,,10.837765998187642,9.830734652785297,9.825462476814186,9.342872822867973,8.812292234695011,8.171646132652231,7.962178922562232,7.8880997880209485,7.615281270369991,7.536528326923856,7.320592325960738,7.283746353713299,7.17557151654112,7.1562096649538445,7.1501547209464364,7.1404646676667785,7.140441362797756,7.100910201573081,7.09568969409288,,,,,,10.80443967536294,10.316792560805318,9.54238535682241,8.866457179210645,8.497033889165152,8.494081659340935,8.32607550245738,7.992942059164977,7.736186268798638,7.641322311931218,7.58097297270624,7.459453390766454,7.383844015440528,7.337189357635445,7.300767153528003,7.2999124853885125,7.261327027490368,7.177368458731567,7.163029883961341,7.148960100517358,7.125933201935894,,,8.497033889165152,7.320592325960738,8.524905246057935,"rgba(0, 255, 0, 1.0)",0.8257894012005006,9.00670524840292,2.0747357002964186,54.39044226549366,11.501306933113469,False,True,True,False,False,20.0,0.0,0.0,0.0,0.0,0,1.0734332948865823,0.8635140330642058,False,False,False,False,0.27667797581934306,0.2859428191933759,False,False,False,False,11354349.0,8848044.242814226,False,False,False,False,139105.48262028207,False,False,False,False
2025-09-16 16:00:00+00:00,10.725,10.74,10.625,10.645,185016.0,,,,10.815203855555856,9.843388526362725,9.83815409773216,9.357984816413781,8.82861435965279,8.187920685745306,7.977826945265214,7.903490895284289,7.629849347017184,7.550844962887018,7.332949407024872,7.2950053156094326,7.1859844089343685,7.166351222262861,7.160189174456147,7.150241649864785,7.150153744026515,7.1102283266576,7.104863804026694,,,,,,10.791392347551193,10.324560099755624,9.556897845688816,8.882676152693787,8.513661997880025,8.510712559413575,8.342675878844757,8.008687136556297,7.751113663533608,7.655969971435932,7.595442152602562,7.473440777480375,7.397310234072391,7.350143195812022,7.312286474936927,7.311422747376394,7.272371863236003,7.187834938524802,7.173239383869127,7.1589714036234176,7.135412790045324,,,8.513661997880025,7.332949407024872,8.536836476490487,"rgba(0, 255, 0, 1.0)",0.8128021156955882,9.018221862727266,2.0014442702090562,51.05702984926199,7.935070845669863,False,True,False,False,False,20.0,0.0,0.0,0.0,0.0,0,1.0837858805275409,0.8650116369278507,False,False,False,False,0.26445376750436345,0.2751982933488697,False,False,False,False,11169333.0,8884033.21579385,False,False,False,False,139817.2735874095,False,False,False,False
2025-09-16 17:00:00+00:00,10.635,10.655,10.53,10.54,125100.0,,,,10.79518191945918,9.850771777932213,9.845566041938293,9.367283516334654,8.838928072572623,8.198388627867327,7.987935632503979,7.913447502537672,7.639315823151574,7.560158779359146,7.341016808410251,7.302362722233384,7.192799044788636,7.172990370507981,7.166758918966086,7.156644193958314,7.156514183500921,7.116333917795863,7.110875723752092,,,,,,10.778066915086763,10.328229498130733,9.565681143369169,8.892904268503695,8.52427274168045,8.521325914792818,8.353314977267994,8.018852454564524,7.760795442527165,7.665484425777039,7.604849100633963,7.482550564685968,7.406090654762747,7.358596109395678,7.319811708902834,7.318942164252876,7.27959176302577,7.1946843482526415,7.179922363487512,7.165526137316648,7.1416222977939885,,,8.52427274168045,7.341016808410251,8.543960348529824,"rgba(0, 255, 255, 0.75)",0.8040357831219236,9.024836449191907,1.884447909675101,46.92562491860298,3.7926776186448095,False,True,False,True,False,19.923142101613276,0.0,0.0,0.0,0.0,0,1.0717869548436896,0.8722500964878421,False,False,False,False,0.24626004247989175,0.2607291679143807,False,False,False,False,11044233.0,8917524.685316427,False,False,False,False,139589.09880310856,False,False,False,False
2025-09-16 18:00:00+00:00,10.535,10.57,10.495,10.57,125925.0,,,,10.77581564883197,9.857753051055314,9.852577067676652,9.37627216228638,8.849010213631733,8.208701448232311,7.9979147469297445,7.923282973987094,7.648686716930819,7.569383542540891,7.349022010628432,7.309667805126439,7.199570400552795,7.17958853186263,7.1732885235921175,7.163008481730417,7.162836776941656,7.122404960177761,7.116854063662731,,,,,,10.76446325180114,10.331380058343312,9.574112352676618,8.902894324313735,8.534689066232975,8.531745152338527,8.363779077219665,8.028884663385352,7.770371075947022,7.674901084651109,7.6141632500726955,7.491578108793321,7.41479690199981,7.366981187409165,7.327282105853804,7.326406840887696,7.286761595385079,7.201490067865744,7.186563740701115,7.172040910165718,7.147795736751863,,,8.534689066232975,7.349022010628432,8.55092636551663,"rgba(0, 255, 255, 0.75)",0.7975483097005787,9.031244508654579,1.9293570967796447,44.985513732212894,1.7648629332177919,False,True,False,True,False,20.0,0.0,0.0,0.0,0.0,0,1.0693641618497112,0.8782273603082846,False,False,False,False,0.23421976886303958,0.24747446838871015,False,False,False,False,11170158.0,8952449.232830899,False,False,False,False,139377.25231003712,False,False,False,False
2025-09-16 19:00:00+00:00,10.565,10.575,10.5,10.57,361449.0,,,,10.73446008531322,9.877127230969288,9.872035502765826,9.401398394648314,8.877354238285996,8.237847163858843,8.026167388996566,7.951145568842257,7.675282390955348,7.59557722968451,7.3718028735156595,7.330475725044152,7.2188747102642585,7.198403561044486,7.191909741372233,7.181162011511953,7.180872237596033,7.13972902222119,7.133915528948845,,,,,,10.733449478253355,10.340068437066982,9.597606335603217,8.930966514811335,8.564048380680187,8.56111328926316,8.393312265074211,8.057280576837847,7.797526806194893,7.701622278774324,7.6406033277735945,7.517225145771636,7.439547070225488,7.390831003342378,7.348555826598152,7.347664462100886,7.307188615113216,7.220891503461104,7.205500809039488,7.190620188662972,7.165409182966203,,,8.564048380680187,7.3718028735156595,8.571415959100337,"rgba(0, 255, 255, 0.75)",0.7905145832343952,9.050285235551856,1.9224373549570992,43.692106274619505,0.27349201395990264,False,True,False,True,False,20.0,0.0,0.0,0.0,0.0,0,1.0660522273425501,0.8798003072196618,False,False,False,False,0.23522053621746622,0.24134750230308818,False,False,False,False,11170158.0,8986832.314492434,False,False,False,False,142820.22514243962,False,False,False,False
2025-09-17 14:00:00+00:00,10.6,10.615,10.525,10.565,167863.0,,,,10.72152609583071,9.886017250505853,9.880963401737763,9.412901874441532,8.890352358114505,8.251252457679236,8.039178994518032,7.963983386812922,7.687553503764767,7.607667355450962,7.382338652858125,7.340108121446977,7.2278178766596115,7.207122036540967,7.200539169757661,7.1895764594515255,7.18923238590666,7.1477620275069444,7.1418276760568675,,,,,,10.723133306683955,10.344236329821044,9.608357791842314,8.943837772790742,8.577528686937132,8.574597784192386,8.4068829173477,8.070355731118836,7.810049049069884,7.713949783656603,7.652804532972578,7.529067910917176,7.450982094679243,7.401855472740202,7.35840159400867,7.357502859601074,7.316646515517439,7.229879271374704,7.214275328140039,7.1992303448659305,7.173575261256232,,,8.577528686937132,7.382338652858125,8.581254979859366,"rgba(0, 255, 255, 0.75)",0.7814199191792034,9.059545874900339,1.9265622594839615,42.71570350806512,-0.9952225209779328,False,True,False,True,False,20.0,0.0,0.0,0.0,0.0,0,1.0673040152963673,0.8780114722753342,False,False,False,False,0.24173691104264533,0.24154220667286674,False,False,False,False,11002295.0,9018079.797988674,False,False,False,False,143208.48521775063,False,False,False,False
2025-09-17 15:00:00+00:00,10.565,10.6,10.545,10.59,124692.0,,,,10.713697561658595,9.892568945785525,9.887542770542815,9.421373843365522,8.899935783043142,8.261153323869049,8.048796261018488,7.9734746520385045,7.69663296961276,7.616614798294966,7.390144417944366,7.347248292238171,7.234449982119712,7.213588330859831,7.2069397326798725,7.195818287660668,7.1954341085101845,7.153722155224491,7.147698503685396,,,,,,10.716711175388312,10.347368937825314,9.616272887232885,8.9533266270858,8.587475048679103,8.584547298007546,8.416900492534875,8.08001894704639,7.819311260834962,7.723070332849525,7.661833069053346,7.537834365361523,7.459449376762549,7.410020984696273,7.365699001808449,7.364794838558643,7.32365809618266,7.236544291292063,7.220782978775119,7.2056166804215955,7.179633657448272,,,8.587475048679103,7.390144417944366,8.588643045221284,"rgba(0, 255, 255, 0.75)",0.7717689111723756,9.066529804101364,1.9739978818068336,42.9485325959056,-1.1777530149570978,False,True,False,True,False,20.0,0.0,0.0,0.0,0.0,0,1.0667433831990796,0.8856923667050246,False,False,False,False,0.24223899912050703,0.2418906028966869,False,False,False,False,11126987.0,9050776.033678772,False,False,False,False,142921.40792755294,False,False,False,False
2025-09-17 16:00:00+00:00,10.595,10.61,10.525,10.57,116020.0,,,,10.706660965957909,9.89846730870765,9.893467015897079,9.429079548166746,8.908702941321629,8.270250814216118,8.057644355214528,7.982210474771367,7.7050007706647445,7.624863753258658,7.39735047330255,7.353843187754269,7.240578921640844,7.21956485788071,7.212855806645948,7.20158828881324,7.201167170670824,7.1592330632232155,7.153127173924217,,,,,,10.710830708185336,10.35008633270519,9.623447016536444,8.962003416370807,8.596595221420348,8.59367052902279,8.426095975678455,8.088907752036372,7.827842784463223,7.731475023526965,7.670155157212616,7.545919308639036,7.467261578568801,7.417557132594147,7.372438207952574,7.371529067184134,7.33013505869854,7.2427035051458,7.226797501178363,7.211519667197086,7.185234847691898,,,8.596595221420348,7.39735047330255,8.59542185433758,"rgba(0, 255, 255, 0.75)",0.762883948526157,9.072914463410418,1.9624027212551205,42.543393508326446,-2.0431569017084,False,True,False,True,False,20.0,0.0,0.0,0.0,0.0,0,1.0818146568437381,0.8829003489724696,False,False,False,False,0.24123494249654429,0.24156277269661558,False,False,False,False,11010967.0,9081166.591296155,False,False,False,False,142504.33183565288,False,False,False,False
2025-09-17 17:00:00+00:00,10.565,10.59,10.51,10.575,176784.0,,,,10.69647199355083,9.907128229773631,9.9021674960436,9.44052262070438,8.921806597926464,8.28391615120802,8.070954446172399,7.995358018395376,7.717613547575508,7.63730231750262,7.4082335650235125,7.363809213277911,7.249846673954241,7.2286036094690145,7.22180366935049,7.210316389475649,7.2098396418496185,7.1675715889469975,7.161341866195897,,,,,,10.702146098333953,10.353916841623796,9.634059461445506,8.974965553717885,8.61026195157445,8.607342126097583,8.439892610533933,8.102276374458313,7.840694179014647,7.744141711690093,7.682701159848572,7.558115541680376,7.479051975055076,7.428935115072986,7.38262066724491,7.381704069973383,7.33992435503712,7.252016777742396,7.235893308949036,7.220447849789461,7.193708954333021,,,8.61026195157445,7.4082335650235125,8.60559902736094,"rgba(0, 255, 255, 0.75)",0.7531640465934507,9.082464015531707,1.981687776015078,42.4825406573619,-2.609031922645265,False,True,False,True,False,20.0,0.0,0.0,0.0,0.0,0,1.0836884928322357,0.8744672607516462,False,False,False,False,0.23772448478437397,0.23964362874049477,False,False,False,False,11187751.0,9113826.814686911,False,False,False,False,143035.79955913112,False,False,False,False
2025-09-17 18:00:00+00:00,10.575,10.72,10.335,10.425,245103.0,,,,10.678807640023438,9.917605098730274,9.912702022326219,9.45510901548751,8.938925523138133,8.302060889596643,8.088699445098248,8.012909332755195,7.73452130866412,7.653994440138148,7.422890287516753,7.377245473914958,7.26235989859155,7.240811707560184,7.233890438910052,7.222109201120997,7.221557795809717,7.178844796136411,7.1724491352287165,,,,,,10.686865290813921,10.357383897206473,9.647373567873172,8.991868976874379,8.628276415826607,8.625364275113757,8.458150339590858,8.120089443726876,7.85789181033541,7.7611155485073136,7.699527254249561,7.574499772405404,7.49490886845143,7.444249631447153,7.396344220012524,7.395417762101953,7.353126823984856,7.264590832808874,7.248177259070759,7.232508332561945,7.205162105659105,,,8.628276415826607,7.422890287516753,8.61863160383588,"rgba(0, 255, 255, 0.75)",0.7411606310922222,9.09439049816089,1.7953051552107393,38.67688003754698,-6.5536777660607015,False,True,False,True,False,15.940327958860557,0.0,0.0,0.0,0.0,0,1.0706994328922497,0.8650283553875233,False,False,False,False,0.2332194620604471,0.23643154540047095,False,False,False,False,10942648.0,9142180.63151347,False,False,False,False,144618.23677526863,False,False,False,False
2025-09-17 19:00:00+00:00,10.425,10.485,10.35,10.41,231622.0,,,,10.658775540356256,9.92586625285222,9.921020536420194,9.467514152922911,8.953965472725075,8.318332618609876,8.104692625991579,8.02875344815001,7.749862577105367,7.669159882180088,7.436263352069834,7.389520586924011,7.2738119224959,7.251988898586848,7.244958092652177,7.232910793115998,7.232291535358795,7.189177832504527,7.182631659066765,,,,,,10.669280640431078,10.358706817375028,9.658451240381131,9.006684899480739,8.64428432384284,8.641380441151151,8.47445528772319,8.136132939576063,7.873462867470692,7.776509909230167,7.714803123018636,7.5894045973476425,7.509353559831869,7.458213611380506,7.40887691867398,7.407941661842779,7.3651932417584085,7.276097852810779,7.259422574374704,7.243552236635713,7.215656383601476,,,8.64428432384284,7.436263352069834,8.629813228704966,"rgba(0, 255, 255, 0.75)",0.7281645938080311,9.104284562861716,1.7931597447080967,35.8381901260301,-9.388226917385907,False,True,False,True,False,15.530612382061005,0.0,0.0,0.0,0.0,0,1.0735735735735736,0.8795045045045041,False,False,False,False,0.21132459972543186,0.2238780725629514,False,False,False,False,10711026.0,9166503.815521015,False,False,False,False,145967.13232914044,False,False,False,False
2025-09-18 14:00:00+00:00,10.315,10.41,10.26,10.38,169470.0,,,,10.642523322929854,9.930958499764754,9.926156277313376,9.475780491384587,8.964295979075539,8.329716022956935,8.115930360146033,8.0399020911813,7.76070542570232,7.67989062696397,7.445760623683812,7.398247602863979,7.281966116205532,7.25995009801406,7.2528422138164395,7.240607275923317,7.2399399915486855,7.196544961621421,7.189892443190808,,,,,10.350000000000001,10.654853375596897,10.358562961770659,9.665676823020993,9.016839881298699,8.65539292178191,8.65249565540473,8.485820113968193,8.147399258625477,7.884447770417063,7.787386075856353,7.725605085888103,7.59996264617709,7.519597642192766,7.468124925246163,7.4177840934106065,7.416842708859588,7.373774875207675,7.284290794907202,7.267431488590837,7.251419634928104,7.2231362087895485,,10.350000000000001,8.65539292178191,7.445760623683812,8.75352096938655,"rgba(0, 255, 255, 0.75)",0.7140477688615482,9.234025352986718,1.604899135586381,33.32744642902382,-11.836189476432253,False,True,False,True,False,14.705808974555282,1.0,10.41,10.26,0.0,0,1.0687079910380881,0.8864824495892453,False,False,False,False,0.19503457659626283,0.2094563245796071,False,False,True,False,10541556.0,9187822.45404007,False,False,False,False,146331.5178744251,False,False,False,False
2025-09-18 15:00:00+00:00,10.385,10.415,10.345,10.405,123510.0,,,,10.63313280592506,9.934925886755115,9.930153988377699,9.481968031076462,8.971934692951384,8.338088127674917,8.124189148252814,8.048093721725973,7.768667062330049,7.687768750956991,7.452734184738433,7.404657700191004,7.287955636433525,7.265798162655247,7.258633803167049,7.246261440978512,7.245559014024987,7.201957543818939,7.195227113826436,,,,,10.366159976790225,10.64635611830117,10.35891717324313,9.67113813181598,9.024354693208126,8.663579248660275,8.660686650912263,8.494184973698518,8.155679845625258,7.892515911508906,7.795372614218777,7.7335361280209,7.60771318441978,7.527117606416504,7.475401126281671,7.424326165336433,7.423380287519135,7.3800783160739645,7.290308681631331,7.2733145580337775,7.2571989727132244,7.228631620308204,,10.366159976790225,8.663579248660275,7.452734184738433,8.759665423965918,"rgba(0, 255, 255, 0.75)",0.6991270103325395,9.239499440380145,1.667079861591221,32.956349412854664,-12.323451426471891,False,True,False,True,False,15.169332217954036,0.0,0.0,0.0,0.0,0,1.08034379671151,0.881165919282511,False,False,False,False,0.19983726441750077,0.20464679449855394,False,False,False,False,10665066.0,9210725.454752626,False,False,False,False,145977.69589187586,False,False,False,False
2025-09-18 16:00:00+00:00,10.405,10.445,10.38,10.415,105437.0,,,,10.626412891142099,9.938442438899468,9.933695651377965,9.487328025902833,8.978505061117591,8.345267958538338,8.131269416268756,8.055115826179536,7.775490109686421,7.694519834696873,7.458711693175423,7.41015378214604,7.293091558292497,7.270813050476937,7.263600376349507,7.25111047181311,7.250378001100385,7.206599747757353,7.199802656929175,,,,,10.378643924999853,10.6401819847983,10.359464325585785,9.675895656552052,9.030821415026919,8.67060714792726,8.66771845770973,8.501361320682584,8.162779095241545,7.899431009304798,7.802217152412956,7.740332754186406,7.61435477111185,7.5335618830976365,7.481637049195438,7.4299351041867965,7.428985382015128,7.385483111741662,7.295468857422095,7.278359413354917,7.26215506516493,7.233344820937827,,10.378643924999853,8.67060714792726,7.458711693175423,8.76500220646572,"rgba(0, 255, 255, 0.75)",0.6832308185022753,9.24429024064687,1.7134908549931427,33.249953198747136,-12.323451426471891,False,True,False,True,False,15.356483669366561,0.0,0.0,0.0,0.0,0,1.0833333333333335,0.8887631975867266,False,False,False,False,0.20644894908370515,0.20554787179112954,False,False,False,False,10770503.0,9234908.05235336,False,False,False,False,145349.15797107157,False,False,False,False
2025-09-18 17:00:00+00:00,10.415,10.44,10.3,10.44,103817.0,,,,10.619601497077706,9.941711099884593,9.936989220334176,9.492433034543987,8.984826848464559,8.352221196522837,8.138137510458288,8.061931123077251,7.7821233349114065,7.70108593357628,7.464534141173601,7.415509925661948,7.298099793950243,7.2757039703587685,7.268444428995957,7.255840407259857,7.255078729259969,7.211129104934525,7.204267243311779,,,,,10.381680378734481,10.633905754077828,10.359796357404575,9.680395423854971,9.03703894676383,8.677393338371516,8.674508611031284,8.508301791556708,8.169664045283422,7.9061490145741695,7.808870294299935,7.7469415301622595,7.620817151206498,7.539835217150004,7.487709636551338,7.4354004481417775,7.434447012137678,7.390751050376279,7.300500629351557,7.283279353648318,7.266988948522616,7.237942892282121,,10.381680378734481,8.677393338371516,7.464534141173601,8.769762731594957,"rgba(0, 255, 255, 0.75)",0.6751557578049932,9.248398754155543,1.764927917845928,34.83712606901557,-12.323451426471891,False,True,False,True,True,15.82864972518109,0.0,0.0,0.0,0.0,0,1.0733807562710596,0.891052040434294,False,False,False,False,0.1978063896761269,0.20167713073362822,False,False,False,False,10874320.0,9260325.291851757,False,False,False,False,144705.24854516346,False,False,False,False
2025-09-18 18:00:00+00:00,10.435,10.445,10.38,10.38,114865.0,,,,10.612775631380678,9.945339027818958,9.940644262637546,9.498066314995405,8.991796874505917,8.359890759106014,8.145715957474895,8.06945233064978,7.789446690092151,7.708336024596913,7.470967591794162,7.421430212877313,7.303637042273725,7.281111965869624,7.273800778869227,7.261070983070484,7.260277108574793,7.216138571634025,7.209205288183493,,,,,10.38540056781813,10.627551359412985,10.360245637684207,9.68536615619289,9.043894206880779,8.684875833040481,8.681995482215578,8.515955442583067,8.177260681022526,7.913564649233495,7.816215356949103,7.754238241324213,7.627953697064607,7.546764329229059,7.494418193207596,7.441440929580086,7.440483406897847,7.396574248623444,7.306063808102787,7.288719322763406,7.272334091608401,7.243028107950004,,10.38540056781813,8.684875833040481,7.470967591794162,8.775086548284678,"rgba(0, 255, 255, 0.75)",0.6659733241417447,9.25302128605702,1.6922280113776993,34.05101918448313,-12.323451426471891,False,True,False,True,True,14.101220192766963,0.0,0.0,0.0,0.0,0,1.0835205992509367,0.8883895131086139,False,False,False,False,0.206253548375558,0.20396533955459312,False,False,True,False,10759455.0,9283567.61290832,False,False,False,False,144242.60903283535,False,False,False,False
2025-09-18 19:00:00+00:00,10.385,10.425,10.36,10.415,139694.0,,,,10.604968209669002,9.94965893444215,9.94499682772908,9.50481144675733,9.000171751492523,8.369133602999367,8.154857680061692,8.078527908889575,7.798292406903143,7.717095569291243,7.478749377792364,7.428594650631511,7.310341034066329,7.287660280872636,7.280286860871812,7.26740543426137,7.266572717597186,7.22220654037925,7.215187091109103,,,,,10.388095430322425,10.620223247918968,10.36075773824827,9.691305939345227,9.052128913724015,8.693879925271228,8.691004949643332,8.525172360588789,8.186423123217146,7.9225180539052555,7.8250865039076976,7.763052769459775,7.636578471502192,7.55514124751171,7.502530695427246,7.448749921405923,7.447787488038735,7.403621984657369,7.312799045864368,7.295306133716837,7.278806667411132,7.249187295693796,,10.388095430322425,8.693879925271228,7.478749377792364,8.781456548329135,"rgba(0, 255, 255, 0.75)",0.6576315680373135,9.258522888126105,1.7585486586742993,35.48935057049222,-12.323451426471891,False,True,False,True,True,14.782911807213615,0.0,0.0,0.0,0.0,0,1.0812429801572445,0.8899288655934104,False,False,False,False,0.20054708296080342,0.20225621125769827,False,False,False,False,10899149.0,9308615.386351602,False,False,False,False,144172.0879625588,False,False,False,False
2025-09-19 14:00:00+00:00,10.565,10.7,10.545,10.695,199939.0,,,,10.607048845621478,9.95901036117028,9.954385376921339,9.516904132353945,9.014068468325702,8.383806963453704,8.169237070804652,8.092762359104512,7.812039666927993,7.730677650944914,7.490749907286872,7.439635368057087,7.32064788678664,7.297723971035078,7.290253779828943,7.277137755801174,7.276245476629866,7.231522294298912,7.224369797106645,,,,,10.44213195719038,10.621388392491486,10.365933613192034,9.702537450941652,9.06586778185214,8.708443497424177,8.70557431981445,8.539923511581827,8.200853106459771,7.936485887923326,7.838884203365343,7.77673759482044,7.649923409640724,7.568077786238435,7.515045116299663,7.460017516815045,7.459047297190755,7.414477470526063,7.323154249575314,7.30543038599125,7.2887526141101615,7.258647887372599,,10.44213195719038,8.708443497424177,7.490749907286872,8.795109940994575,"rgba(0, 255, 0, 1.0)",0.6504532584601119,9.272011340921495,2.1876878016528045,45.4814455445302,-9.225182575463265,False,True,False,True,True,19.8247359360252,0.0,0.0,0.0,0.0,0,1.0801470588235296,0.8819852941176465,False,False,False,False,0.24812771091707894,0.2251919610873886,False,False,False,False,11099088.0,9336374.651679484,False,False,False,False,145036.691249961,False,False,False,False
2025-09-19 15:00:00+00:00,10.695,10.765,10.65,10.665,124945.0,,,,10.60965797177,9.965115882143126,9.960512895209675,9.524638666267526,9.022879114438915,8.393068097651954,8.17830670333173,8.101738933018716,7.820703699908326,7.73923636284843,7.498313384702266,7.4465963420443275,7.32714644819975,7.304069577879845,7.296538536842775,7.283275062811187,7.282345382709252,7.2373973629723745,7.230161212336886,,,,,10.471148341880246,10.62331630471149,10.369596050004082,9.709763441952308,9.074583780934255,8.717651205271517,8.714785493360985,8.549239932543287,8.209955422397313,7.945291165023091,7.84758046975394,7.7853616928050755,7.658331891891739,7.576228919381818,7.522930906070712,7.467121115013648,7.4661459957561584,7.421321825446236,7.329683186606035,7.311814123661024,7.295024185180234,7.2646143198728685,,10.471148341880246,8.717651205271517,7.498313384702266,8.80366493378281,"rgba(0, 255, 0, 1.0)",0.6416687141653971,9.280469013739685,2.1577037429059325,51.044536218013306,-4.506489059483258,False,True,True,False,True,18.96459555391726,0.0,0.0,0.0,0.0,0,1.0879443019421033,0.8794430194210326,False,False,False,False,0.265053355280275,0.2451226581838318,False,False,False,False,10974143.0,9361766.409017786,False,False,False,False,144725.19216081433,False,False,False,False
2025-09-19 16:00:00+00:00,10.665,10.675,10.575,10.595,134393.0,,,,10.609826249108234,9.970876413991949,9.966298825741534,9.532295269697233,9.031813780490252,8.402610563087793,8.18768809204511,8.111035611587956,7.829712363942162,7.748144579799903,7.5062105302459985,7.453870668826514,7.333946503860147,7.310711460099881,7.303117373351432,7.2897008097274805,7.288732163152736,7.243551736562764,7.236228597232428,,,,,10.4870459924182,10.623083316291547,10.372513724020612,9.716809391046068,9.083406584883795,8.727071369259102,8.72420986337487,8.558808430220752,8.219365614497297,7.954431508248783,7.856619513042473,7.794332820897741,7.667092389893266,7.584729949467752,7.531160935532687,7.474542431604817,7.473562282792929,7.428476421195144,7.336514756273964,7.318495339970459,7.301589351663042,7.270862731400824,,10.4870459924182,8.727071369259102,7.5062105302459985,8.811639326103482,"rgba(0, 255, 0, 1.0)",0.631677139849895,9.288056284967624,2.069005877500878,52.33483277245351,-3.663595330189196,False,True,True,False,True,16.97812130391893,0.0,0.0,0.0,0.0,0,1.0867309117865083,0.895107487027427,False,False,False,False,0.2455168456865094,0.24531975193517058,False,False,False,False,10839750.0,9384680.88329658,False,False,False,False,144565.00313506526,False,False,False,False
2025-09-19 17:00:00+00:00,10.595,10.665,10.575,10.635,103399.0,,,,10.610185296768666,9.975307135419106,9.97074878819414,9.538167028487408,9.038662942588779,8.409929652695517,8.194886434802804,8.1181699678233,7.836628734028135,7.754984664894733,7.512278689014356,7.459462312383174,7.339175088113083,7.315818877407776,7.308176486222077,7.294642607947816,7.293644095789244,7.248285530287229,7.240895695952266,,,,,10.497856633994433,10.623123758272738,10.374802367293409,9.722215703014275,9.090170038325574,8.734293661497958,8.731435390198882,8.566145610674143,8.226585648832826,7.961447668972715,7.863558929224932,7.801220716707782,7.67382001225211,7.591259626032298,7.537483614934478,7.4802465592482115,7.479262562491514,7.433976433376489,7.341767480204328,7.323632889596814,7.306637990180652,7.275668608175761,,10.497856633994433,8.734293661497958,7.512278689014356,8.817723601037246,"rgba(0, 255, 0, 1.0)",0.6212543617407579,9.293834146927553,2.158803117799436,54.243783427215675,-1.9919404248910695,False,False,True,False,True,17.68464310549908,0.0,0.0,0.0,0.0,0,1.0725388601036268,0.8963730569948182,False,False,False,False,0.244427566969739,0.2448736594524548,False,False,False,False,10943149.0,9408843.179679576,False,False,False,False,143926.77052832005,False,False,False,False
2025-09-19 18:00:00+00:00,10.635,10.695,10.635,10.685,73601.0,,,,10.611203691263157,9.978648521190925,9.97410322025305,9.542486157068412,9.04364488257588,8.415219333641373,8.20008237584565,8.12331777099524,7.841613143879783,7.7599126062897374,7.516648273571108,7.4634890312355076,7.342939479303044,7.319495969700709,7.311818797640266,7.298200509645699,7.297180537605525,7.251693507298986,7.2442556881873506,,,,,10.507039655820119,10.623842049968973,10.37670551512691,9.726221857147271,9.095093608535594,8.739527267359483,8.736671185746456,8.57145432307647,8.2317981173558,7.9665065697037525,7.868560473095293,7.806183929923471,7.678665653313571,7.595961722725971,7.54203626081882,7.4843543432476425,7.483367569190272,7.43793699547469,7.345549237322842,7.3273317167298755,7.310272761178045,7.279128670294411,,10.507039655820119,8.739527267359483,7.516648273571108,8.822259995708848,"rgba(0, 255, 0, 1.0)",0.6110600521939897,9.298201266605668,2.269496636893674,56.7657051493227,0.37534879943252974,False,False,True,False,True,18.561230566877168,0.0,0.0,0.0,0.0,0,1.07920059215396,0.891191709844559,False,False,False,False,0.25377884848951054,0.24932625397098268,False,False,False,False,11016750.0,9433771.96759152,False,False,False,False,142836.44850462515,False,False,False,False
2025-09-19 19:00:00+00:00,10.685,10.805,10.685,10.705,610450.0,,,,10.625754429614478,10.007469983333982,10.003025463307369,9.578917562360303,9.08530335858533,8.459298408365651,8.243377988389815,8.166213796620855,7.883150603067037,7.800981406524751,7.553109692871419,7.49711912386587,7.374393685259827,7.350226521855243,7.34226105397125,7.327943213046037,7.3267455056344515,7.280191387308207,7.2723554452843135,,,,,10.575480978477879,10.635628555051557,10.394626528315579,9.76021888557434,9.136288364010053,8.783183947866497,8.780345325131877,8.615703390125773,8.27523132571256,8.00866324400963,7.910240253968512,7.847545164592826,7.719053580813057,7.635164890825065,7.580006668139902,7.518654989994183,7.517645228815352,7.471018997834412,7.377147211926196,7.358242607820617,7.340652516346604,7.308059888645571,,10.575480978477879,8.783183947866497,7.553109692871419,8.860434964111388,"rgba(0, 255, 0, 1.0)",0.599570026115507,9.335140893587495,2.284735805236205,58.93913446311023,2.4880846372555325,False,False,True,False,True,18.91136357166834,0.0,0.0,0.0,0.0,0,1.0810313075506448,0.8847145488029461,False,False,False,False,0.2712380338483593,0.26028214390967097,False,False,False,False,11627200.0,9467778.60375289,False,False,False,False,150086.2710084294,False,False,False,False
2025-09-22 14:00:00+00:00,10.765,10.775,10.645,10.725,122083.0,,,,10.627859452512833,10.012844617294945,10.008420311199762,9.585835718630367,9.093307209892206,8.467850004769817,8.251802714454069,8.174569131277662,7.891266990454465,7.809012929820889,7.560264832448739,7.503727650496465,7.380583349338773,7.356276015500926,7.348254621721446,7.33380086432344,7.332568545268417,7.28580747166882,7.2778940128036895,,,,,10.583494187296498,10.637326582221249,10.397828963517831,9.766631937213761,9.14419576368563,8.791613464113688,8.78877855132153,8.624268069744614,8.283679290262054,8.016889663692641,7.918382161932737,7.855630004137876,7.726958843200801,7.642846178417774,7.587452511588571,7.52539282764213,7.524378645841114,7.477522027768674,7.383364768866872,7.364326988574468,7.346633953828186,7.313759833449711,,10.583494187296498,8.791613464113688,7.560264832448739,8.867549810106171,"rgba(0, 255, 0, 1.0)",0.5869059810826295,9.341902229639988,2.356591711348206,60.89816468379357,4.470410004287423,True,False,True,False,True,19.264192137616718,0.0,0.0,0.0,0.0,0,1.0769230769230769,0.8882783882783877,False,False,False,False,0.2627851377318763,0.2615336408207736,False,False,False,False,11749283.0,9503150.764935017,False,False,False,False,149652.11176798862,False,False,False,False
2025-09-22 15:00:00+00:00,10.725,10.845,10.705,10.845,159901.0,,,,10.632968150364206,10.020582823774799,10.016182801570368,9.595429885726828,9.104204902637793,8.47936480457288,8.263121088566683,8.18578648759182,7.902139161504289,7.819765421084845,7.5698338646717005,7.512565925002696,7.388857537271538,7.364362426130612,7.356266198790401,7.341630815035245,7.340352356761216,7.29331362671007,7.285296607067288,,,,,10.598525005133803,10.64171510780395,10.403004769465293,9.7756291283235,9.154976754481304,8.803017132959463,8.800186659820305,8.635823639598824,8.295032338699464,8.027919514996235,7.929290623937551,7.866457210703455,7.737537064725232,7.6531204865902005,7.597409970947667,7.534404462049944,7.5333843375075995,7.486218414300627,7.391676222802831,7.3724602304708435,7.354629305485594,7.321378888968057,,10.598525005133803,8.803017132959463,7.5698338646717005,8.87756763742323,"rgba(0, 255, 0, 1.0)",0.5733826607734215,9.351617709673038,2.6045124704548566,64.77924010633477,8.23539696541782,True,False,True,False,True,20.0,0.0,0.0,0.0,0.0,0,1.0777616279069766,0.8851744186046505,False,False,False,False,0.2768121523282202,0.26917289657449694,False,False,False,False,11909184.0,9540453.605788738,False,False,False,False,149811.0092599578,False,False,False,False
2025-09-22 16:00:00+00:00,10.845,10.865,10.805,10.85,78259.0,,,,10.63596075396422,10.024514697987861,10.020126030699041,9.60023109062572,9.109617786119088,8.48505953849568,8.268714394513804,8.19132862011087,7.90750677782596,7.825073001064978,7.574556748251715,7.5169289407997315,7.39294182959059,7.368354110816392,7.360220992090082,7.345496113503448,7.344194942312778,7.297019153172434,7.288951097680882,,,,,10.606519711719546,10.644325417745632,10.405751349873464,9.780152677837917,9.160334633849638,8.808666790578645,8.805838402215429,8.641542637691348,8.300643348946506,8.033366650568125,7.934676495725864,7.8718021883938505,7.742757877944509,7.6581909004070505,7.6023240354409936,7.538852960433383,7.5378299025022235,7.490511368531815,7.395778872465178,7.376475031557993,7.358576101001942,7.325140229258958,,10.606519711719546,8.808666790578645,7.574556748251715,8.882601032413831,"rgba(0, 255, 0, 1.0)",0.5593416980121074,9.35653371805638,2.670042815065243,67.4598668748721,10.835418167435186,True,False,True,False,True,20.0,0.0,0.0,0.0,0.0,0,1.0925175082934022,0.892370070033173,False,False,False,False,0.2891489640799962,0.27916093032724654,False,False,False,False,11987443.0,9578391.42585403,False,False,False,False,148701.67578305924,False,False,False,False
2025-09-22 17:00:00+00:00,10.845,10.92,10.845,10.91,68080.0,,,,10.63913624570498,10.028119371485811,10.023740041310178,9.6045505942112,9.114439023705305,8.490099469084381,8.273657853338603,8.196224787702215,7.912242299872635,7.829753950298893,7.578719085262951,7.520774039549181,7.396540168640842,7.371870723058538,7.363705070571359,7.348901332402911,7.347580177059681,7.300283333540749,7.29217031631199,,,,,10.6145024658253,10.647125939203756,10.408393718228549,9.784247017285018,9.165110509344235,8.813680540288964,8.810853855583828,8.646610049068725,8.305603366320103,8.03817506939386,7.9394286855719685,7.876517016129551,7.747360884375286,7.662660122521258,7.606654864042202,7.542773539931408,7.5417478875644495,7.494294486304785,7.3993933861235535,7.3800120687619835,7.362053127980519,7.328453806831252,,10.6145024658253,8.813680540288964,7.578719085262951,8.887155509595873,"rgba(0, 255, 0, 1.0)",0.5429836076698173,9.36102555253944,2.8527094107092745,70.34227225541495,13.642973395648447,True,False,True,False,True,20.0,0.0,0.0,0.0,0.0,0,1.0819793205317578,0.8903249630723779,False,False,False,False,0.30033767537021233,0.28974930284872946,False,False,False,False,12055523.0,9616796.566538462,False,False,False,False,147451.72732130636,False,False,False,False
2025-09-22 18:00:00+00:00,10.905,11.015,10.905,11.0,100910.0,,,,10.645176651668862,10.033907628643522,10.02954090858166,9.611303061855912,9.121863574848938,8.497783792543974,8.281178500707277,8.203668336518819,7.9194254734840746,7.836850304721198,7.585021042735203,7.526594943749192,7.401984433351979,7.377190885068516,7.368975887258814,7.354052697537687,7.352701343499189,7.305220470636278,7.297039379216009,,,,,10.628799013037064,10.652510158578949,10.41291085227277,9.790704038370734,9.17247371871983,8.821358137536848,8.818533713725078,8.654350955397884,8.313151470115015,8.045475678482386,7.946638551489896,7.883666992667748,7.754335444965559,7.669428810214166,7.613212260894457,7.548709191704741,7.5476795848302425,7.500020889331027,7.404862150831168,7.385363304551151,7.367313253289029,7.333466277854994,,10.628799013037064,8.821358137536848,7.585021042735203,8.894329921201704,"rgba(0, 255, 0, 1.0)",0.5252344221375153,9.368200959967258,3.10680140382252,73.61342500558325,16.807078727699647,True,False,True,False,True,20.0,0.0,0.0,0.0,0.0,0,1.0860610518573006,0.8804707613093044,False,False,False,False,0.3187523537788561,0.3042508283137928,False,False,False,False,12156433.0,9656170.774809184,False,False,False,False,146730.15015353414,False,False,False,False
2025-09-22 19:00:00+00:00,11.005,11.015,10.9,10.975,139413.0,,,,10.65292772930303,10.041704899507067,10.037355833164094,9.620455432206846,9.131969109550067,8.508279653636139,8.291461701576406,8.213849733849244,7.929261846587951,7.846570694095474,7.593663583648428,7.534581405890633,7.409457806817484,7.384494823703874,7.376212419750779,7.361125966210604,7.359733302107137,7.312001080649774,7.303726879085504,,,,,10.646252432171753,10.659439935857176,10.418924735493203,9.799435815295128,9.182492373357118,8.83182694220454,8.829005755018873,8.66491536305628,8.32347067879568,8.055468103830968,7.956510483813957,7.893459159676972,7.763891957219228,7.678706572803396,7.622202936300629,7.556852080255973,7.555817087843913,7.50787861577081,7.412368994384654,7.392709647324431,7.374535178761278,7.3403496957425896,,10.646252432171753,8.83182694220454,7.593663583648428,8.90399359513485,"rgba(0, 255, 0, 1.0)",0.502815272439222,9.377812883659558,3.1764888695450315,74.4505157247741,17.764203878491813,True,False,True,False,True,20.0,0.0,0.0,0.0,0.0,0,1.0847084708470849,0.8830216354968826,False,False,False,False,0.3181551172138654,0.31120297276382913,False,False,False,False,12017020.0,9692773.088378033,False,False,False,False,146616.70596510725,False,False,False,False
2025-09-23 14:00:00+00:00,11.035,11.045,10.875,10.895,125533.0,,,10.93833333333333,10.659054252466857,10.048427336033619,10.044094632756746,9.628439750097122,9.140851174203727,8.517558912655973,8.300567861821806,8.222870626170266,7.9379921386230885,7.855201955160448,7.601350466505451,7.541688837552646,7.416113193506371,7.391000405839375,7.382658355064906,7.367427301086239,7.365997997143499,7.318043483045093,7.309686735711079,,,,,10.6593581278758,10.664928598662224,10.423984972080698,9.807021223607242,9.191292835325058,8.84105675729616,8.838238655012466,8.674243027475882,8.33260663932507,8.064330448690656,7.965270994986085,7.902151915855998,7.772381590201093,7.686952788418641,7.630197041232625,7.564097534996892,7.563057798446778,7.514872609144663,7.41905400782969,7.399252687455363,7.380968185037399,7.34648288403332,,10.6593581278758,8.84105675729616,7.601350466505451,9.044688421925441,"rgba(0, 255, 0, 1.0)",0.4754292797040694,9.521838162858769,2.888256772902069,71.11881864905573,17.764203878491813,True,False,True,False,False,20.0,0.0,0.0,0.0,0.0,0,1.0819373634377276,0.8820101966496716,False,False,False,False,0.3187523537788561,0.3149776632713426,False,False,False,False,11891487.0,9726861.676155116,False,False,False,False,146289.82680285754,False,False,False,False
2025-09-23 15:00:00+00:00,10.895,10.91,10.855,10.87,115701.0,,,10.909556046549545,10.66330846784324,10.054122832039162,10.049806190094124,9.635380342693365,9.148689880618432,8.525838435817851,8.308715844431305,8.230949696447297,7.945833896128195,7.86296064354931,7.608277247023281,7.548098112563241,7.422121008815975,7.396874338513732,7.388478902094583,7.373118219037089,7.3716559820722525,7.323502823203248,7.315071978666045,,,,,10.66805437633006,10.668730532925244,10.428028380551696,9.813557519426132,9.199050363879717,8.849251005087515,8.846436034833923,8.682546561961642,8.340778106487459,8.072281037096905,7.973137868576719,7.909962535745862,7.780018652511542,7.6943767063010835,7.637397958495453,7.570629809770452,7.569585858283133,7.521181075174273,7.425088364302173,7.405160036087291,7.386777154794651,7.352023101803145,,10.66805437633006,8.849251005087515,7.608277247023281,9.050454878317094,"rgba(0, 255, 0, 1.0)",0.44472294239832644,9.52698484587524,3.019891771002576,67.79902794142708,17.764203878491813,True,False,True,False,False,19.89262121720105,0.0,0.0,0.0,0.0,0,1.0806686046511629,0.8880813953488366,False,False,False,False,0.2993534845955322,0.30716557393343735,False,False,False,False,11775786.0,9758627.94474186,False,False,False,False,145815.58142606905,False,False,False,False
2025-09-23 16:00:00+00:00,10.875,10.88,10.79,10.84,61969.0,,,10.8946588259351,10.66509131675179,10.056988694136319,10.052681003781597,9.638942537682235,9.152758806179909,8.530170958656296,8.312988305073333,8.235188845454088,7.9499573022958305,7.867042616625358,7.611928056329777,7.551477956651528,7.425291516075329,7.399974708586225,7.3915512748481085,7.376122530026298,7.3746429683337364,7.3263857528674645,7.317915965839358,,,,,10.671566120594342,10.67031782811893,10.429966899052951,9.81688992737871,9.203073633359981,8.853523195595798,8.850710008843597,8.686884321531764,8.345061666270539,8.076457936668248,7.9772737074619045,7.914070553199502,7.784038808167864,7.6982868924939085,7.641192211637934,7.5740739535866615,7.573027803622788,7.524508328543982,7.428272799981724,7.408277888450581,7.389843453940088,7.35494830166206,,10.671566120594342,8.853523195595798,7.611928056329777,9.053383628452396,"rgba(0, 255, 0, 1.0)",0.4117401546544667,9.52955034747348,3.182710351936047,64.26936810742002,21.123114797502012,True,False,True,False,False,18.975962994262282,0.0,0.0,0.0,0.0,0,1.0758241758241758,0.8963369963369957,False,False,False,False,0.2879094472627892,0.2975375105981133,False,False,False,False,11713817.0,9788940.953350512,False,False,False,False,144515.63442721526,False,False,False,False
2025-09-23 17:00:00+00:00,10.845,10.91,10.785,10.815,77472.0,,,10.88285671504564,10.667269263127583,10.06054212858858,10.056245607307448,9.643366294158959,9.157818160130727,8.535564566475246,8.318309351877414,8.240469155816701,7.955095759425613,7.872130055465689,7.61648060376328,7.555693588857495,7.429246928216472,7.403842856797568,7.39538458140481,7.379871117015558,7.378369983627682,7.32998326675989,7.321464988643738,,,,,10.675755880069307,10.672260510962735,10.432364666533543,9.821025605449398,9.208075697676572,8.858838409661088,8.85602746748197,8.692282762801838,8.35039622240024,8.081662065209002,7.982427449843512,7.919190095273531,7.789049850587182,7.703161636971494,7.645923046337988,7.5783695271751235,7.577320644999904,7.528658591075595,7.432245545018297,7.412167784652689,7.393669201574663,7.358598408385121,,10.675755880069307,8.858838409661088,7.61648060376328,9.05728741513364,"rgba(0, 255, 0, 1.0)",0.39432817767899936,9.53306329098416,3.250938638372917,60.827675251578796,17.828673955414416,True,False,True,False,False,18.210310628281594,0.0,0.0,0.0,0.0,0,1.0749636098981077,0.8915574963609892,False,False,False,False,0.29091381506218505,0.29422566283014917,False,False,False,False,11636345.0,9817582.876554381,False,False,False,False,143476.19823454527,False,False,False,False
2025-09-23 18:00:00+00:00,10.815,10.85,10.7,10.705,166681.0,,,10.842906685350423,10.669512942898258,10.0672532162167,10.062982575425362,9.652103966231147,9.168055019945873,8.546658314117808,8.329298009524724,8.251387809724394,7.965765080305202,7.882704653239909,7.625974565711648,7.564492915945899,7.437514463173548,7.411930388631782,7.40340009096009,7.387711093893673,7.386165093948019,7.337511363804864,7.3288924409849034,,,,,10.679685931120623,10.674206768830944,10.436364131835768,9.829075537738337,9.218178160333494,8.8696907155017,8.86688513905054,8.703349318188737,8.3614066849825,8.09244908048277,7.99312464198201,7.92982506542843,7.799476382863381,7.713315368482083,7.655784211123199,7.58733311518981,7.58627864441139,7.537324177503768,7.440548962376297,7.420300053102248,7.401669075333394,7.366234434039318,,10.679685931120623,8.8696907155017,7.625974565711648,9.064226447992047,"rgba(0, 255, 0, 1.0)",0.3840337940271448,9.538839860495727,3.036608125746987,54.57169071194956,12.012489210397,False,False,True,False,False,14.921016917521357,0.0,0.0,0.0,0.0,0,1.0704734369353088,0.8959161546801584,False,False,False,False,0.27355761124859906,0.28389163703937415,False,False,False,False,11469664.0,9843196.537382994,False,False,False,False,143835.96260300194,False,False,False,False
2025-09-23 19:00:00+00:00,10.705,10.76,10.685,10.755,301105.0,,,10.804020886051333,10.672437443000064,10.0787358833634,10.074512222946389,9.667286574481071,9.186007864076466,8.566255552987908,8.348750847847603,8.27073039372085,7.984708495493676,7.901490993890317,7.642880460508366,7.580175726570114,7.452263676667504,7.426362029260309,7.4177045176610585,7.4017050965782545,7.4000796056394105,7.350954466249031,7.342157293442125,,,,,10.684274176635771,10.676713715050662,10.442935052228263,9.842987885642536,9.235882489258492,8.888794982239437,8.885999434277212,8.722865913530429,8.380892343971182,8.111583373650461,8.01211375937399,7.948712280309859,7.818010967707223,7.731377745051314,7.673335764763418,7.603304821309368,7.602240543908988,7.5527721748212135,7.45536157250576,7.434810532616376,7.415945874102997,7.379867718920799,,10.684274176635771,8.888794982239437,7.642880460508366,9.077523251071435,"rgba(0, 255, 0, 1.0)",0.3746334544927262,9.550277352992245,3.215736962517176,52.356565819393516,10.002716735710237,False,False,False,False,False,15.888540644673839,0.0,0.0,0.0,0.0,0,1.068419157364062,0.9013323730644576,False,False,False,False,0.2610895191079692,0.27249057807367166,False,False,False,False,11770769.0,9873081.381764652,False,False,False,False,146274.2422525678,False,False,False,False
2025-09-24 14:00:00+00:00,10.76,10.765,10.6,10.6,60317.0,,,10.794130139594047,10.672278833799233,10.080719064899672,10.076505350247388,9.670057095025301,9.18937519860154,8.569998715950671,8.352483063513803,8.274446789049755,7.988364824828822,7.905121246563481,7.6461596587486556,7.583221062827871,7.455132206209945,7.429169772640488,7.420487852666767,7.404428716551844,7.402787870026603,7.353572517368893,7.344740983226857,,,,,10.68378108584403,10.676530843903256,10.443870855904846,9.845482802130542,9.239196448172489,8.892414408399624,8.889621047436822,8.72657985337366,8.38462856467838,8.115269518979494,8.01577745105597,7.952359619113348,7.821596668884495,7.734876297434656,7.6767382417986045,7.606405194929095,7.605339058923678,7.555772990528081,7.458242284150518,7.437633320802446,7.418723904154371,7.382521976958908,,10.68378108584403,8.892414408399624,7.6461596587486556,9.079818631495414,"rgba(0, 255, 0, 1.0)",0.36328056067686015,9.55212533942404,2.884477657223311,46.710768195512955,4.7470783850013945,False,True,False,True,False,11.48294012107014,0.0,0.0,0.0,0.0,0,1.0635714285714286,0.9017857142857139,False,False,False,False,0.25164320822287606,0.26206689314827386,False,False,False,False,11710452.0,9901567.747938843,False,False,False,False,144941.57183004738,False,False,False,False
2025-09-24 15:00:00+00:00,10.605,10.615,10.53,10.53,83743.0,,,10.77423501198799,10.670857809973153,10.082990272503901,10.07879135626909,9.673502967638939,9.19371815801798,8.574933549067106,8.357428112867265,8.279378652163874,7.993241214259916,7.90996895924578,7.650554726639748,7.587306422712079,7.458986254367906,7.432943330928614,7.424229004824437,7.408090358809124,7.406428969142101,7.357094271139564,7.348216897999854,,,,,10.680914436894609,10.675164753334757,10.444567859661392,9.848510775724874,9.243459509913912,8.897140774579151,8.89435072628336,8.731455317154605,8.389575558114009,8.12017549641682,8.020661552558742,7.9572267057617925,7.826390655330221,7.739559426711283,7.681296413534097,7.610563106910481,7.609494535454849,7.559800005996238,7.462112539230468,7.441426727769328,7.422458007249462,7.38609132904218,,10.680914436894609,8.897140774579151,7.650554726639748,9.082327984497383,"rgba(0, 255, 0, 1.0)",0.3500389296238065,9.55386697534944,2.788641325408087,41.56477503045134,0.04393406369630526,False,True,False,True,False,9.593329294320025,0.0,0.0,0.0,0.0,0,1.0597864768683274,0.9103202846975085,False,False,False,False,0.2231600283318247,0.24261346074004927,False,False,False,False,11626709.0,9928314.123939792,False,False,False,False,143992.75676291488,False,False,False,False
2025-09-24 16:00:00+00:00,10.535,10.575,10.49,10.525,73868.0,,,10.75731702815139,10.669325164979046,10.084857453730882,10.080671784952806,9.676423764241665,9.197447119370082,8.57920428398186,8.361715756088467,8.283657435543192,7.997479900851293,7.914184757274954,7.654382861291398,7.590866456384732,7.462346888906516,7.436234256424986,7.4274918358028374,7.41128418284548,7.409604932387782,7.3601668822060935,7.351249689648884,,,,10.53,10.67793260363964,10.673699762060833,10.445024290105328,9.851054653537812,9.247116525361658,8.901216872340285,8.898429820846788,8.735668007479932,8.39386378292093,8.124436534152323,8.024906242618897,7.961458197633395,7.830561701738604,7.743636050468562,7.685265652719028,7.614185846990421,7.613115175375467,7.5633097188641445,7.465487233240941,7.444734820980176,7.425714725064924,7.389205067272424,,10.67793260363964,8.901216872340285,7.654382861291398,9.195906137744084,"rgba(0, 255, 0, 1.0)",0.3377425454794743,9.663713544246935,2.550127211631999,38.03696475164692,-3.1868382885532895,False,True,False,True,False,9.45882602150802,0.0,0.0,0.0,0.0,0,1.0550393137955683,0.9195854181558252,False,False,False,False,0.2136562801290773,0.2281348704345633,False,False,False,False,11552841.0,9953500.587134523,False,False,False,False,142905.5512317069,False,False,False,False
2025-09-24 17:00:00+00:00,10.525,10.6,10.525,10.575,39359.0,,,10.750530845786441,10.668733422610144,10.08592741190093,10.081748586197785,9.67803843237923,9.199479969465251,8.581514872059806,8.364031948743746,8.285967762977178,7.999765231483192,7.9164569298847045,7.656444403592141,7.592783450101983,7.464155897121611,7.438005650241665,7.429248081718523,7.413003253437765,7.411314395165099,7.361820538772143,7.35288190142694,,,,10.542745752632616,10.67677341472922,10.673127294875743,10.445369585973118,9.852475148369086,9.249112061854968,8.903429140849868,8.900643640828008,8.737950305582054,8.396180763150435,8.126735302925994,8.027195095159414,7.963739284159683,7.832809020591396,7.745831852705744,7.6874032659051394,7.616136705750818,7.615064897812639,7.565199481291204,7.467303815693677,7.446515489911089,7.427467675696344,7.39088097876753,,10.67677341472922,8.903429140849868,7.656444403592141,9.197619249006799,"rgba(0, 255, 0, 1.0)",0.3280393983148585,9.665195527704252,2.7734609835569173,37.8682546042236,-3.499621026631182,False,True,False,True,False,10.505219982273907,0.0,0.0,0.0,0.0,0,1.0528194147037828,0.9200571020699497,False,False,False,False,0.22078043496227753,0.2244576526984204,False,False,False,False,11592200.0,9978906.77958205,False,False,False,False,141300.17834439361,False,False,False,False
2025-09-24 18:00:00+00:00,10.575,10.59,10.52,10.52,33764.0,,,10.74439153631847,10.668116396931007,10.08679712650193,10.082624256171984,9.679382662237158,9.201189359647987,8.583469478611072,8.365994006140479,8.287925709148045,8.00170466680381,7.918385872646355,7.658196406491456,7.594413082998963,7.465694411604468,7.4395123173187185,7.430741913776966,7.41446556106945,7.412768544826141,7.363227446195919,7.354270613155931,,,,10.542880720588334,10.67559139701727,10.67253449410028,10.445607557746134,9.853649564145552,9.25078889209304,8.90529569247167,8.90251155037863,8.739878715679627,8.39814311844855,8.128685023726257,8.029137287225817,7.965675413630268,7.834717507514167,7.747697236117423,7.689219645102823,7.617794972437717,7.616722205322848,7.566806126382172,7.468848751273381,7.448030002244472,7.428958714963257,7.392306693639502,,10.67559139701727,8.90529569247167,7.658196406491456,9.198603120236955,"rgba(0, 255, 0, 1.0)",0.3175369454278338,9.665862645242964,2.689883388549364,36.44106474751939,-5.221583330449704,False,True,False,True,False,8.999908308221979,0.0,0.0,0.0,0.0,0,1.052031361368496,0.9208838203848891,False,False,False,False,0.21899735463464293,0.22172750366653166,False,False,False,False,11558436.0,10003395.604704808,False,False,False,False,139632.9507731627,False,False,False,False
2025-09-24 19:00:00+00:00,10.525,10.535,10.49,10.495,171573.0,,,10.713282059007108,10.664178063965343,10.090815111969162,10.086673060065989,9.685862201961745,9.209573442603881,8.59315730123577,8.375742945532208,8.297661933009053,8.011372934348067,7.928007945108899,7.666953787198253,7.602563763623364,7.473395872422252,7.447055786382149,7.43822162241227,7.421788437255569,7.420050740982812,7.370275304268182,7.3612278415762455,,,10.506666666666664,10.52337646438392,10.668315199067294,10.668772247189196,10.446352079632138,9.85924220750674,9.259003239412184,8.914504510259736,8.911727487238291,8.749416744442458,8.407890230754182,8.138394474780064,8.03881719894963,7.975329874223579,7.844243451561526,7.757014119458297,7.698295936741615,7.6260873177053545,7.625009819577402,7.574843396773985,7.4765821370263685,7.455612322962095,7.436424543913756,7.399447562874179,,10.668315199067294,8.914504510259736,7.666953787198253,9.308965424932532,"rgba(0, 255, 0, 1.0)",0.30744717556954887,9.77280221028533,2.3490142278158572,34.91864242320687,-7.113911865365374,False,True,False,True,False,8.31955890735922,0.0,0.0,0.0,0.0,0,1.0498398006407974,0.9234603061587748,False,False,False,False,0.2089187271340007,0.21532311540026616,False,False,False,False,11386863.0,10024844.71160861,False,False,False,False,140128.1453348191,False,False,False,False
2025-09-25 14:00:00+00:00,10.72,10.74,10.575,10.6,84774.0,,,10.708730235885811,10.663870271725468,10.093391775150593,10.089263412345536,9.68953399027496,9.214092868718534,8.598235003057265,8.380822792452472,8.302725977530892,8.01637313397314,7.932977247213091,7.67146065873986,7.6067560126022835,7.477351327044038,7.450929132911942,7.4420619330288815,7.425547758437359,7.4237891730306576,7.3738916897916775,7.364797497174838,,,10.550208857525151,10.547538218566066,10.667690403820034,10.668434891648408,10.447501796452533,9.862525130288397,9.263446546767762,8.919388644144247,8.916614787457728,8.754441834111061,8.412973130710801,8.143427788701686,8.04382585536321,7.980319819229205,7.849156709709906,7.761813717191194,7.702968213322952,7.630353483957521,7.629273499418206,7.578976019726146,7.480554083908669,7.459505955256143,7.4402576699014755,7.403112781580462,,10.667690403820034,8.919388644144247,7.67146065873986,9.314734176524562,"rgba(0, 255, 0, 1.0)",0.2971918117527803,9.778581471547025,2.76393391731894,38.313251609124556,-7.113911865365374,False,True,False,True,True,10.556504884414643,0.0,0.0,0.0,0.0,0,1.0505085934759733,0.9095054366888805,False,False,False,False,0.24349021231955525,0.2294066638599107,False,False,False,False,11471637.0,10047275.599800725,False,False,False,False,139269.9415311785,False,False,False,False
2025-09-25 15:00:00+00:00,10.605,10.655,10.565,10.625,56016.0,,,10.705113951499499,10.663488700498036,10.095008754689603,10.090889557656135,9.691885413725451,9.217014840516532,8.60153816084949,8.384132334583263,8.306026824359904,8.019637367962108,7.936222585798374,7.6744078021445565,7.609498499941201,7.479940294002722,7.4534646657190455,7.444575948729623,7.4280089763788535,7.426236753665965,7.376259846764583,7.3671351674801695,,,10.561827841325636,10.555764856733585,10.666974720910874,10.668046415679989,10.448161997881744,9.86461445666259,9.266317309802377,8.922557167030327,8.919785449111389,8.75770666697032,8.416283976646103,8.146711537762156,8.047095172606529,7.983577915867737,7.852366686357022,7.764950722482037,7.706022891136217,7.63314399292731,7.632062396016414,7.5816798348660175,7.4831537979806795,7.462054675812898,7.44276700484023,7.405512660592513,,10.666974720910874,8.922557167030327,7.6744078021445565,9.317455359085189,"rgba(0, 255, 0, 1.0)",0.28628181793331925,9.781043526580504,2.9479918756701142,41.48104832974931,-7.113911865365374,False,True,False,True,True,11.07750210125425,0.0,0.0,0.0,0.0,0,1.0511025551277564,0.9159957997899891,False,False,False,False,0.23210592241946965,0.23075629313969018,False,False,False,False,11527653.0,10070227.187400714,False,False,False,False,137979.1827477494,False,False,False,False
2025-09-25 16:00:00+00:00,10.625,10.65,10.575,10.625,78426.0,,,10.700581139483887,10.662982401121928,10.097263061509778,10.09315662352409,9.695163460863247,9.221090222076402,8.606148469540047,8.388752916165538,8.310635744362761,8.024196677391599,7.940755913893261,7.678526423975925,7.61333189245298,7.483559767317179,7.457009622540793,7.448090893128088,7.431450263301083,7.429659010426967,7.379571313568039,7.37040408871827,,,10.572833242491471,10.564646342370485,10.666035877259715,10.667528712277232,10.44908677311132,9.867526683732704,9.270321075395389,8.92697780799648,8.924209085933587,8.762262523735647,8.420906182622437,8.151297459056023,8.05166144482113,7.988128826030959,7.8568510656657775,7.769333721250137,7.710291329066775,7.637044308218841,7.635960465107708,7.585459344102325,7.486788260895043,7.4656180213371135,7.44627542003117,7.408868367986593,,10.666035877259715,8.92697780799648,7.678526423975925,9.320965946670686,"rgba(0, 255, 0, 1.0)",0.27147879979597933,9.7841194820752,3.097407674399384,43.592912810165814,-13.849276852084465,False,True,False,True,True,11.07750210125425,0.0,0.0,0.0,0.0,0,1.0585759382672746,0.9154682567520163,False,False,False,False,0.23224244636592903,0.2314993697528096,False,False,False,False,11527653.0,10092822.936433261,False,False,False,False,137055.87758886957,False,False,False,False
2025-09-25 17:00:00+00:00,10.625,10.67,10.605,10.61,31584.0,,,10.69912016463013,10.662832166995363,10.09818569904741,10.094084335677955,9.696493683789992,9.222738443278796,8.608009936011102,8.390618051673426,8.312496040232308,8.026036543038504,7.942585204684439,7.6801884083335805,7.614878917221896,7.485020475353692,7.458440280117242,7.449509448830138,7.432839122072316,7.431040198764832,7.380907807939603,7.371723428054153,,,10.576983400927617,10.568179214000184,10.66575463427342,10.667370306054472,10.449482069938336,9.868711311355948,9.271940702323477,8.928763842146893,8.925996316694292,8.764102476927004,8.422772034970436,8.153148228335363,8.053504153072588,7.989965259561648,7.858660541136096,7.771102271946082,7.712013681821673,7.6386183172928375,7.63753356818362,7.5869846322031,7.488255011600344,7.467056096668869,7.447691343055237,7.410222718210816,,10.66575463427342,8.928763842146893,7.6801884083335805,9.322394968785645,"rgba(0, 255, 0, 1.0)",0.25702283699832057,9.785377235960805,3.2083637923760935,44.42406648355117,-12.689775038049603,False,True,False,True,True,10.644931418779198,0.0,0.0,0.0,0.0,0,1.0592151366503155,0.9159074982480725,False,False,False,False,0.2382528418731887,0.23487610581299917,False,False,False,False,11496069.0,10114578.689356776,False,False,False,False,135420.654680515,False,False,False,False
2025-09-25 18:00:00+00:00,10.615,10.675,10.535,10.655,41680.0,,,10.697106986620435,10.662597963632267,10.099383117797787,10.095288468829144,9.698230808642434,9.224897338843364,8.610453102885003,8.393067319665338,8.314939370004792,8.028454346501823,7.9449894476084815,7.682373837716397,7.616913517602387,7.486941947203588,7.460322314304568,7.4513755959619825,7.4346662713512455,7.432857270274414,7.382666220680828,7.3734593060114895,,,10.580996732413466,10.57182765343685,10.665324862968852,10.667127846861115,10.449981719254327,9.87025530636299,9.274061672148745,8.931105837689213,8.928339901787595,8.766516371699872,8.425222066799464,8.155579810411886,8.055925577224482,7.992378698853339,7.861039073142025,7.773427365708369,7.714278295849657,7.640688307336948,7.6396023707875775,7.58899074106955,7.490184417242908,7.468947862390256,7.44955403374175,7.41200455194125,,10.665324862968852,8.931105837689213,7.682373837716397,9.324162093157723,"rgba(0, 255, 0, 1.0)",0.24192113970830287,9.78689051185034,3.5883986376568227,46.93405582698691,-9.936088158077723,False,False,False,True,True,11.619955064080912,0.0,0.0,0.0,0.0,0,1.0554393305439331,0.9159693165969313,False,False,False,False,0.22997010116137853,0.23242310348718886,False,False,False,False,11537749.0,10136643.34533574,False,False,False,False,133967.31119709616,False,False,False,False
2025-09-25 19:00:00+00:00,10.655,10.705,10.605,10.625,201969.0,,,10.691278242337168,10.6621258263774,10.105364515267162,10.10130158155373,9.70676722708863,9.2354382297647,8.62234487389007,8.404983457108315,8.32682519274893,8.040211647474088,7.95667987571078,7.693001659154778,7.62680997895513,7.496288648149247,7.469477547821167,7.460453712398111,7.443555130621586,7.441697245492084,7.3912212033620275,7.38190489901122,,,10.60040551463265,10.590005155719117,10.664408099396269,10.666573271107954,10.45268592096865,9.877877819995597,9.28442190146206,8.942518668987036,8.93976031288219,8.778271104436037,8.437142590462084,8.167405860876238,8.067700829120524,8.004114327849594,7.872603907981508,7.784732436358748,7.725289878348189,7.650756513100288,7.6496648106544685,7.598748813110361,7.499569609490838,7.478150367037435,7.458615373194506,7.420673429254966,,10.664408099396269,8.942518668987036,7.693001659154778,9.33306448188868,"rgba(0, 255, 0, 1.0)",0.225351217372122,9.794648523616518,3.6846993154349135,47.30046303721258,-9.175549486088904,False,False,False,True,True,10.73630599672041,0.0,0.0,0.0,0.0,0,1.0583535949982632,0.9142063216394576,False,False,False,False,0.24144917908092214,0.2369361412840555,False,False,False,False,11335780.0,10155234.611299528,False,False,False,False,135021.6009459784,False,False,False,False
2025-09-26 14:00:00+00:00,10.545,10.725,10.545,10.71,89336.0,,,10.68980359074765,10.66210089467564,10.10804099202536,10.103991799608963,9.710553777449721,9.240100066981086,8.627599356322195,8.410249159513313,8.332077768002469,8.045408315601735,7.961847289835295,7.697702092679587,7.631188482388365,7.500424916495575,7.473529419120619,7.464471587032787,7.447489563892557,7.445610125698677,7.39500837163002,7.385643813478843,,,10.607453739374794,10.59693491284045,10.664321872362441,10.666501200683339,10.453949722137814,9.881266808324643,9.289004683571171,8.94756256239342,8.94480753100455,8.783465126289066,8.442410142309969,8.172632508994274,8.072905338310258,8.009301530725581,7.877716245368073,7.789730685624606,7.730159116085464,7.655210643371134,7.654116402161068,7.603066360899759,7.503722840772201,7.482223078256477,7.462625851479124,7.424510850708003,,10.664321872362441,8.94756256239342,7.697702092679587,9.336971627603408,"rgba(0, 255, 0, 1.0)",0.20601648670123182,9.798045801799182,4.42660785456141,50.903591571864155,-5.42144916844201,False,False,False,False,True,12.577397343766041,0.0,0.0,0.0,0.0,0,1.0522875816993464,0.9146886824905397,False,False,False,False,0.2358572260035459,0.23639668364380068,False,False,False,False,11425116.0,10174922.69484527,False,False,False,False,134313.29705534308,False,False,False,False
2025-09-26 15:00:00+00:00,10.715,10.745,10.655,10.715,48717.0,,,10.690184496500542,10.662373514661198,10.109607790017474,10.105565802733091,9.712703291835556,9.242709604108871,8.630516536632415,8.413167550506845,8.334987343986814,8.048282126891042,7.964703744536209,7.700297921574976,7.6336062558417614,7.502708026377898,7.475765808456852,7.466689173433117,7.449661046326448,7.447769719896708,7.397098320664284,7.387707110887069,,,10.61336383629222,10.602470392871437,10.664751209968703,10.666730017444381,10.454781530635127,9.883208637744639,9.291572544580399,8.950372604413808,8.947619321712773,8.786353117082514,8.44533023221478,8.175524894229001,8.075783896252831,8.012169581897417,7.880541191034681,7.792491650351775,7.732848301670914,7.6576703259188985,7.656574674781591,7.605450276238488,7.506015323542173,7.4844710208160095,7.464839348241551,7.426628709192193,,10.664751209968703,8.950372604413808,7.700297921574976,9.339393344790004,"rgba(0, 255, 0, 1.0)",0.18682626703432237,9.800257435246547,4.896220318877342,53.48258399095171,-2.7507324205339643,True,False,True,False,True,12.68455676077285,0.0,0.0,0.0,0.0,0,1.0582790538224203,0.9149811450119981,False,False,False,False,0.25182301694835785,0.24410985029607926,False,False,False,False,11473833.0,10195060.839111235,False,False,False,False,132986.22268239202,False,False,False,False
2025-09-26 16:00:00+00:00,10.715,10.77,10.655,10.77,65574.0,,,10.69153837099167,10.662961209436133,10.111797666169357,10.107765142761428,9.715659309644224,9.246271233653315,8.634480513697842,8.417129630259433,8.338936379913438,8.05217926806912,7.968576530968502,7.703815835634972,7.636882828713543,7.505801551919237,7.478795965567724,7.469693839377814,7.452603241384524,7.450695821156439,7.399929912293278,7.390502594288825,,,10.622284205083506,10.610803644030007,10.665688532688845,10.667245389797095,10.456010895721198,9.885892314236274,9.295079198525059,8.95419808509665,8.951447106756625,8.790280566399796,8.449295092393205,8.179448617061603,8.07968776022634,8.0160585449974,7.884370535893054,7.7962336650521715,7.7364927367647764,7.661003764803369,7.6599061983722905,7.608680848630349,7.509121548827016,7.487516860250216,7.467838470656872,7.429498225477466,,10.665688532688845,8.95419808509665,7.703815835634972,9.342828608343122,"rgba(0, 255, 0, 1.0)",0.16743085166723545,9.80345061073157,5.772827287466839,57.070443247909694,0.786377137632762,True,False,True,False,True,13.862602165432275,0.0,0.0,0.0,0.0,0,1.059125085440875,0.9145591250854405,False,False,False,False,0.25475677582843353,0.2494333130622564,False,False,False,False,11539407.0,10215903.415249044,False,False,False,False,131941.0719431301,False,False,False,False
2025-09-26 17:00:00+00:00,10.765,10.795,10.71,10.715,78779.0,,,10.693366852016819,10.66373825597935,10.114443323016214,10.110422049877672,9.719216939114014,9.250551500544017,8.6392418503882,8.421888779621012,8.343679943927226,8.056860770163405,7.973228879364194,7.708042991713576,7.640820644963861,7.509519789159291,7.48243817930723,7.473305469907014,7.456139919807765,7.45421319071293,7.403333857325913,7.3938632063411935,,,10.63206199802902,10.620095029086281,10.666918375697238,10.667932536185306,10.457517680728925,9.889125599649992,9.299293797381695,8.958793697612203,8.956045474845778,8.794998151935133,8.454057557620157,8.184161921666544,8.084377307665598,8.020730259583482,7.888970861713247,7.800729376237691,7.740871524729805,7.665009771568165,7.663909908427125,7.612563494046164,7.512855019904681,7.491177890089443,7.471443450199775,7.432947693264657,,10.666918375697238,8.958793697612203,7.708042991713576,9.346909941267981,"rgba(0, 255, 0, 1.0)",0.16683662505392854,9.807231076493839,5.441065013229155,56.62904117907484,0.786377137632762,True,False,True,False,True,12.180852397835395,0.0,0.0,0.0,0.0,0,1.061711558131606,0.9127173542448,False,False,False,False,0.2637244024162535,0.25657885773925493,False,False,False,False,11460628.0,10235201.470826577,False,False,False,False,131116.8537734692,False,False,False,False
2025-09-26 18:00:00+00:00,10.715,10.77,10.685,10.74,46082.0,,,10.694193896938893,10.664136688739754,10.115960123968293,10.111945454095233,9.721269656673917,9.253029957864895,8.642006029913235,8.42465365308892,8.346436407542422,8.059583194379947,7.975934875311756,7.710503445530463,7.6431132711161975,7.5116852216903744,7.484559493200969,7.475409028039145,7.458199943601301,7.456261991744089,7.405316825470063,7.39582099379601,,,10.636677318478448,10.624599137451478,10.667539185941127,10.668282714237524,10.458365906197857,9.890987183991724,9.301733566763858,8.961458440609873,8.958711845184007,8.797735371023693,8.456824084386929,8.186901984342882,8.0871042314603,8.023447219561943,7.891647125525706,7.803345357643616,7.74341989508368,7.667341930607054,7.6662407371351415,7.614824158523832,7.515029298199322,7.493310118541174,7.473543146442809,7.434957062819958,,10.667539185941127,8.961458440609873,7.710503445530463,9.349180725125956,"rgba(0, 255, 0, 1.0)",0.16678261732376998,9.809299682131137,5.580319656826847,57.269524015118,1.4523604741297333,True,False,True,False,True,12.727478098881022,0.0,0.0,0.0,0.0,0,1.0567255434782612,0.916440217391304,False,False,False,False,0.25722151880357247,0.2569001882714137,False,False,False,False,11506710.0,10254914.781356398,False,False,False,False,129798.48394752393,False,False,False,False
2025-09-26 19:00:00+00:00,10.74,10.785,10.69,10.785,163111.0,,,10.698393171691263,10.665950866416296,10.121456426932086,10.117464600517781,9.728623402341695,9.261863988032998,8.651832507756428,8.43447860682151,8.356230382151288,8.069252849668658,7.98554543510744,7.719242571094811,7.65125769157692,7.519378036303336,7.492095808255005,7.482882370183784,7.465518919419702,7.463541191511058,7.412362354767551,7.4027772185784775,,,10.65311437278119,10.6406943162667,10.670355271102292,10.66990520154041,10.46156126993404,9.897678968386552,9.3104328007996,8.970941160199954,8.968200238567041,8.807469980587106,8.466655422056174,8.196635658473483,8.0967901408001,8.033097111744887,7.901151590169787,7.812635672504848,7.752470424076949,7.675626542120558,7.674520628480719,7.622855146624366,7.522753470957852,7.500885168945595,7.481002792672425,7.442096380218998,,10.670355271102292,8.970941160199954,7.719242571094811,9.357384966027078,"rgba(0, 255, 0, 1.0)",0.1671834241102357,9.816829101987919,5.79106991715697,59.26780890037527,3.670485773452789,True,False,True,False,True,13.707091389348172,0.0,0.0,0.0,0.0,0,1.05553674229597,0.9183880799187261,False,False,False,False,0.25973743953013434,0.25831881390077405,False,False,False,False,11669821.0,10276851.311878005,False,False,False,False,130314.95706461657,False,False,False,False
2025-09-29 14:00:00+00:00,11.305,11.325,11.195,11.225,237704.0,,,10.749963736655783,10.682716008722796,10.13544208243994,10.131470284719835,9.744241555912682,9.27876466721297,8.669324864391424,8.451674057323423,8.37327945275547,8.085796923373863,8.001916165683872,7.7339518859161736,7.6649323885527245,7.532229732480943,7.504674159413068,7.495351771870623,7.477724040314775,7.475679425341416,7.424090376166036,7.4143532336569615,,,10.754514353286869,10.734344531211502,10.696740448392292,10.685550992687041,10.473788997776609,9.912782344040949,9.32721088660849,8.988370453155305,8.985634350887924,8.825049077554603,8.483902020714202,8.213410101188746,8.113387014289504,8.049575417047128,7.917274417496985,7.828331699625971,7.767722489747341,7.689549524767994,7.688435070893189,7.636324527074349,7.535658959739545,7.513532112087435,7.49344856988031,7.453992918117508,,10.696740448392292,8.988370453155305,7.7339518859161736,9.381954031521328,"rgba(0, 255, 0, 1.0)",0.17831859836385003,9.843221203308689,7.748932581176202,67.40527682690714,11.358797697410473,True,False,True,False,True,20.0,0.0,0.0,0.0,0.0,0,1.0617202889034798,0.9123440577806954,False,False,False,False,0.3428282297473646,0.3005735218240693,False,False,False,False,11907525.0,10302133.074484548,False,False,False,False,131979.90346671554,False,False,False,False
2025-09-29 15:00:00+00:00,11.225,11.445,11.2,11.395,156701.0,,,10.784703705341208,10.695081333578797,10.145271493750856,10.141311358684574,9.755024804532866,9.29029809830724,8.681162758743348,8.463289842400085,8.384789821458298,8.096945573864854,8.012942829064675,7.74385124110288,7.674136223532039,7.540876492215838,7.513136778625765,7.503741074726453,7.485935717449203,7.483846250580079,7.431980460957462,7.422141169475941,,,10.81430127673978,10.790819240380369,10.715728089829966,10.69713303226753,10.482641347851583,9.92327509741477,9.338671526444642,9.000208770826426,8.997475484497908,8.83696453042403,8.495555244409058,8.22472281914126,8.12457305644441,8.060677413288957,7.928129608734741,7.83889601286139,7.7779865023853585,7.698920715312375,7.697800490345686,7.6453895561827006,7.5443418651615115,7.522041026239706,7.501821980235277,7.461997048200906,,10.715728089829966,9.000208770826426,7.74385124110288,9.398142741987499,"rgba(0, 255, 0, 1.0)",0.19578382544590267,9.860577021334892,7.837332706981385,73.88866402948473,17.1482455032627,True,False,True,False,True,20.0,0.0,0.0,0.0,0.0,0,1.0609202851587816,0.9040829552819178,False,False,False,False,0.34282822745788416,0.32170087464097674,False,False,False,False,12064226.0,10329452.344647579,False,False,False,False,132363.17628118506,False,True,False,False
2025-09-29 16:00:00+00:00,11.395,11.425,11.34,11.385,82400.0,,,10.802486035496587,10.701756163489494,10.150532287424268,10.146578018378834,9.760766365103335,9.296418623869027,8.687430777323033,8.469437795285346,8.39088126764479,8.10284327849996,8.018775451138325,7.749087763247687,7.679005688198579,7.5454512701874314,7.517614262389209,7.508179829964703,7.490280672601771,7.488167535621105,7.4361554219006,7.426262178261455,,,10.842989171733686,10.818226164901311,10.725829011895478,10.703396739494675,10.48741913787104,9.928871810316286,9.344755080164752,9.006482834843094,9.003750972950444,8.84327599707407,8.501723339826066,8.230708296124781,8.130490739135643,8.066550178414014,7.933871132291381,7.844483565854352,7.78341538310595,7.703878581570703,7.702755306096489,7.650185630026543,7.548935725970377,7.5265429854188906,7.506252341089822,7.466232369295815,,10.725829011895478,9.006482834843094,7.749087763247687,9.406495021535934,"rgba(0, 255, 0, 1.0)",0.21095294296138503,9.869498412727538,7.184074163638831,77.8428920001212,20.53254620398016,True,False,True,False,True,20.0,0.0,0.0,0.0,0.0,0,1.0689996698580388,0.9128425222845818,False,False,False,False,0.3428282274087365,0.33226455102485664,False,False,False,False,11981826.0,10355070.540854592,False,False,False,False,131588.55339310467,False,False,False,False
2025-09-29 17:00:00+00:00,11.385,11.4,11.235,11.31,152228.0,,,10.829148561063635,10.712550127559863,10.159602297324984,10.155660072811367,9.7708254154802,9.30726503069149,8.698642746355715,8.480463101376662,8.401814423459976,8.113457565022685,8.02928009861801,7.75854117278838,7.687802793779886,7.553724279696265,7.525713158150954,7.5162093171218345,7.498141783816681,7.495986045752872,7.443712073583295,7.433721850163644,,,10.88320583616078,10.857335146834089,10.741849555367565,10.713539472802646,10.495450574567112,9.938618764481328,9.355525750987548,9.017656495288596,9.014927626826497,8.854542578781528,8.512780833399757,8.241468183646719,8.141138408926064,8.077122855260559,7.944219011665355,7.854561530155768,7.793212397365776,7.712833418239519,7.711704716138661,7.65885213872656,7.557242965091415,7.534685604582006,7.514266776945935,7.473896723504199,,10.741849555367565,9.017656495288596,7.75854117278838,9.420154860923814,"rgba(0, 255, 0, 1.0)",0.22185059090435116,9.883809845017973,6.428606519226789,77.71023424677463,20.53254620398016,True,False,True,False,True,20.0,0.0,0.0,0.0,0.0,0,1.0583773087071242,0.9195250659630602,False,False,False,False,0.32519742488591846,0.3287309879553876,False,False,False,False,11829598.0,10377931.431694055,False,False,False,False,131908.5448133666,False,False,False,False
2025-09-29 18:00:00+00:00,11.305,11.325,11.285,11.295,110003.0,,,10.846268296220225,10.719949075322578,10.165994393789878,10.16206108914829,9.777951556984773,9.314979023082781,8.706644382569765,8.48833995417103,8.409628264606447,8.121052342934998,8.036798756026098,7.765315765064302,7.694110039545479,7.55965884400656,7.531523596712861,7.521970243875999,7.503782523659031,7.501596346913391,7.449135617503919,7.439076113463627,,,10.907475879051054,10.88125208369217,10.752637563025532,10.720504020145903,10.501065050851103,9.945509815070658,9.363183384619983,9.025617246231969,9.022890626403907,8.8625765455433,8.520679489884193,8.249163357163013,8.148756280957159,8.084688864156815,7.951627838807769,7.861779795756293,7.80023147754856,7.719252919794524,7.718120360087568,7.665066517717374,7.563201949621952,7.540527196100984,7.520016964920771,7.479397008423264,,10.752637563025532,9.025617246231969,7.765315765064302,9.429426693666144,"rgba(0, 255, 0, 1.0)",0.23084377151392202,9.893415184597021,6.071573021923401,77.07116069637837,20.53254620398016,True,False,True,False,True,20.0,0.0,0.0,0.0,0.0,0,1.057227919285478,0.9245782335428379,False,False,False,False,0.32182946709860083,0.3252802275269942,False,False,False,False,11719595.0,10398732.417249186,False,False,False,False,131568.923963547,False,False,False,False
2025-09-29 19:00:00+00:00,11.295,11.335,11.215,11.305,307941.0,,,10.886668725510424,10.739140730064964,10.183256595367286,10.179349013882822,9.797337709554846,9.336081010416963,8.7286424850695,8.51002896501915,8.431155192046988,8.142011511866611,8.057557315841974,7.784054701549198,7.711568918792992,7.576098933198597,7.547623088235549,7.537933752599515,7.519415626241587,7.517145649995002,7.464172108943806,7.453921908001442,,,10.96020891941902,10.934122945520382,10.779886349684315,10.738616672809055,10.516055538089145,9.964202578864928,9.384121502732768,9.04744916469292,9.044729166256497,8.884636974528114,8.542423727790794,8.270384255797051,8.16977596898476,8.105572708605612,7.972092872286675,7.881729560398905,7.819639255792686,7.737019027762531,7.735875928352039,7.682271538146029,7.57970911744217,7.55671210188991,7.5359509712844535,7.494643936602032,,10.779886349684315,9.04744916469292,7.784054701549198,9.453336629136675,"rgba(0, 255, 0, 1.0)",0.23955555694825728,9.917798449800008,5.790729999636867,76.7721632959771,20.53254620398016,True,False,True,False,True,20.0,0.0,0.0,0.0,0.0,0,1.0507580751483192,0.9245220830586679,False,False,False,False,0.31377492331515894,0.31952757542107657,False,False,False,False,12027536.0,10423985.185974006,False,False,False,False,134303.37475480983,False,False,False,False
2025-09-30 14:00:00+00:00,11.375,11.515,11.36,11.375,162673.0,,11.416666666666668,10.911254322931681,10.75108269109888,10.193226582253443,10.18933056879245,9.808267359466877,9.347787738848211,8.740703130667189,8.52188838186513,8.442916091763555,8.153430856665912,8.068859507961866,7.794242690754362,7.7210607036067955,7.585031375999032,7.556369846601015,7.546606493645219,7.5279088463418,7.525593488609756,7.4723398905179375,7.461986123560979,,,10.99157556528171,10.965343571990509,10.796650845475503,10.749918047929118,10.525062036934575,9.974831703395942,9.395752621860431,9.059481329787983,9.05676432959619,8.89675959131721,8.554317684072393,8.281959503907173,8.181231024205596,8.116947493367986,7.983228273635059,7.892578758349929,7.830190842060927,7.746678521902608,7.745529647854623,7.691624169025523,7.5886780005935615,7.565505548751957,7.544607661764613,7.502927148137842,,10.796650845475503,9.059481329787983,7.794242690754362,9.600925989605692,"rgba(0, 255, 0, 1.0)",0.24955686853011153,10.065736453919603,5.246353481641083,77.44897063804689,21.046793070407148,True,False,True,False,True,20.0,0.0,0.0,0.0,0.0,0,1.0577864838393733,0.9115246490368912,False,False,False,False,0.34282822723529915,0.33117790132818786,False,False,False,False,12190209.0,10451368.500920145,False,False,False,False,134743.21390589804,False,False,False,False
2025-09-30 15:00:00+00:00,11.375,11.405,11.275,11.3,188879.0,,11.368312198479885,10.932485341372308,10.762625948504557,10.203765519560989,10.19988476232873,9.820074239435902,9.36063200548865,8.754105184136048,8.535113105215451,8.456046123908783,8.166227358625932,8.081537158488088,7.805708337339523,7.731753831895378,7.595108421940944,7.566240565064863,7.556394795874588,7.537496807590077,7.535130619244182,7.481565791119392,7.471096217801861,,,11.01633611225215,10.990590625251636,10.812371882270273,10.760867690188014,10.534263001601673,9.986221327724992,9.408497520887288,9.072771810858594,9.070058860941593,8.910192742252947,8.56757444062825,8.294910259551205,8.194063283589259,8.129699486185489,7.995731002834938,7.904772883994128,7.842059347957697,7.757557202283679,7.756401966274449,7.70216391537143,7.598795669088501,7.575428019875607,7.554378080364602,7.512280805754681,,10.812371882270273,9.072771810858594,7.805708337339523,9.612307633249625,"rgba(0, 255, 0, 1.0)",0.25670117938065673,10.07656727987154,4.765980129426123,74.81725911065182,21.046793070407148,True,False,True,False,False,20.0,0.0,0.0,0.0,0.0,0,1.0501628664495117,0.9228013029315956,False,False,False,False,0.3160890628469651,0.3236334820875765,False,False,False,False,12001330.0,10475398.911758592,False,False,False,False,135582.5284189849,False,False,False,False
2025-09-30 16:00:00+00:00,11.295,11.33,11.245,11.29,93738.0,,11.351475847200701,10.94128791673264,10.76780672230742,10.208747333527736,10.204874533619517,9.825718552804627,9.366821641755308,8.7606066467795,8.541540662378601,8.46243165686548,8.17246327478051,8.087718444399883,7.811309335418815,7.7369808295398705,7.600038223712559,7.571070358063971,7.561184595987038,7.542189273710139,7.539798342274029,7.486082613351043,7.475556708518126,,,11.025957830418996,11.000569536019732,10.819276659610589,10.765791108826601,10.538534203360394,9.99164325789998,9.414635212832902,9.079198804190625,9.076487997111613,8.916699548362372,8.574015866786297,8.301215967832066,8.200315501896567,8.135915140549498,8.00183026849023,7.910725125403873,7.8478551872137015,7.762873904766159,7.761715600071742,7.7073169016814935,7.603745192966195,7.580282866907026,7.559159199245376,7.516859443489069,,10.819276659610589,9.079198804190625,7.811309335418815,9.61776125697801,"rgba(0, 255, 0, 1.0)",0.2631758908970843,10.081719574315091,4.591151649819662,72.6616831187331,21.046793070407148,True,False,True,False,False,20.0,0.0,0.0,0.0,0.0,0,1.0417881438289602,0.9280855199222541,False,False,False,False,0.3018724087987452,0.31275294544316085,False,False,False,False,11907592.0,10497603.455762336,False,False,False,False,134933.77604039598,False,False,False,False
2025-09-30 17:00:00+00:00,11.295,11.295,11.18,11.18,166576.0,,11.315228781029399,10.95295358844442,10.775560761806831,10.216921439899375,10.213063930834744,9.835167413447632,9.377326195329024,8.771760380628534,8.552599729365967,8.473428900186585,8.183235911352678,8.098405271952046,7.821018709314242,7.746049252722815,7.608600623293,7.579461186999375,7.569506695086342,7.550343783244446,7.547910118202706,7.493935502223633,7.48331244924728,,,11.037335622492128,11.012810053355514,10.829305603541187,10.773174975834477,10.54530852868701,10.000653478916984,9.425040001121097,9.09016929056263,9.087462659808757,8.92783625623892,8.585094316803374,8.312095086978427,8.211113366125256,8.146656514536174,8.012383651886141,7.921032827826984,7.857898079586863,7.772095671798391,7.770932140626045,7.716259222861908,7.612341520568531,7.588716587182735,7.567466370942562,7.52481801104505,,10.829305603541187,9.09016929056263,7.821018709314242,9.626052111493085,"rgba(0, 255, 0, 1.0)",0.2675809214975422,10.089179696823269,4.0765996957924004,67.20701146110011,23.301237004066948,True,False,True,False,False,17.16186970569322,0.0,0.0,0.0,0.0,0,1.0372990353697749,0.9308681672025717,False,False,False,False,0.28844206209043893,0.3005975037667999,False,False,False,False,11741016.0,10516881.169626486,False,False,False,False,135424.35315604875,False,False,False,False
2025-09-30 18:00:00+00:00,11.185,11.185,11.12,11.14,87441.0,,11.294360257130752,10.957178777256958,10.778898468168565,10.220863284921691,10.217014384427848,9.83982785082552,9.382584946795959,8.777408542779192,8.558217004685813,8.479020322626413,8.188730646154267,8.103860763748953,7.825988789418714,7.750695085803375,7.612992250960236,7.583765930777245,7.573776569916313,7.554528465639625,7.552073007505959,7.497967290740318,7.487294771163305,,,11.04067793253108,11.016694253644394,10.833459539799701,10.776360920124734,10.548446561040965,10.0050615922124,9.430242574131512,9.095695188586356,9.09299093865993,8.933461894639537,8.590719065729767,8.317636695546534,8.216619418470675,8.152137279683421,8.01777543201349,7.926303670243209,7.863036676731196,7.7768188688220325,7.7756527111329845,7.720841659802646,7.616750379844258,7.593043002739207,7.571728668200658,7.528903114988465,,10.833459539799701,9.095695188586356,7.825988789418714,9.62977233362296,"rgba(0, 255, 0, 1.0)",0.2703223467845292,10.092334534388721,3.875615457150354,62.30790391616772,18.761112715491862,True,False,True,False,False,16.00271367198507,0.0,0.0,0.0,0.0,0,1.033301312840218,0.938200448286903,False,False,False,False,0.26583802383160116,0.2832177637992005,False,False,False,False,11653575.0,10534504.329787314,False,False,False,False,134680.425200141,False,False,False,False
2025-09-30 19:00:00+00:00,11.135,11.235,11.105,11.21,244973.0,,11.26555672575931,10.970097788836059,10.788795299257016,10.232141207727945,10.228315590215294,9.853054591224891,9.397441585776036,8.7933218009091,8.57403648403592,8.494765160489845,8.20419747157908,8.119215870014864,7.839979987415972,7.763776837970336,7.625359153563298,7.5958887776623385,7.585801490986184,7.566314196405806,7.563797587236138,7.509323290201561,7.498511842162245,,,11.051776082888361,11.029080084291376,10.845773158542704,10.785818499528704,10.557569521436083,10.017605483078421,9.444945667425783,9.111280903384634,9.108583164463399,8.949318519850872,8.606560455583109,8.33323781125165,8.23211856501379,8.167564172507443,8.032950461054554,7.9411385093107905,7.8775002383378245,7.790117826383501,7.788944289562536,7.733745238813562,7.629165645177419,7.6052267636132145,7.583732309804428,7.5404091646817974,,10.845773158542704,9.111280903384634,7.839979987415972,9.641718231802272,"rgba(0, 255, 0, 1.0)",0.2746423882822267,10.103070640535917,4.030438878672242,60.893512328551864,17.459781218733298,False,False,True,False,False,17.298664318801798,0.0,0.0,0.0,0.0,0,1.0320736741822802,0.9355350905049216,False,False,False,False,0.2704694467085363,0.2768436052538684,False,False,False,False,11898548.0,10555652.293666579,False,False,False,False,136390.3876001388,False,False,False,False
2025-10-01 14:00:00+00:00,11.365,11.37,11.105,11.135,122309.0,,11.258421380369258,10.976565427233492,10.793798849229407,10.237789977424992,10.23397574744508,9.859659206673342,9.404849811277249,8.801254200174458,8.581923609208504,8.502615719937966,8.211911475070268,8.126874793797477,7.846963420949401,7.770308970088765,7.63153616231893,7.601944480010774,7.591808512083571,7.572202294233255,7.569655279339565,7.514997630409823,7.504117065119181,,,11.057442776888024,11.035315201548896,10.851947613006889,10.790607194714692,10.562169425484939,10.023874648539211,9.45227803735795,9.11904996309742,9.116355449660725,8.957222111815534,8.614458265246848,8.341017874622073,8.239848485412486,8.175258510015539,8.040520410315398,7.9485400942152005,7.884717882834471,7.796757788199181,7.79558058855541,7.740188893338744,7.635366686945167,7.611312747649455,7.589728751807922,7.54615816759403,,10.851947613006889,9.11904996309742,7.846963420949401,9.64798443845821,"rgba(0, 255, 0, 1.0)",0.2767707120107739,10.10881277989167,3.7077160825759026,57.558888105361326,14.268327120403228,False,False,True,False,False,15.134040590708782,0.0,0.0,0.0,0.0,0,1.0315427857589008,0.9281698938163643,False,False,False,False,0.28844206209043893,0.2826428336721537,False,False,False,False,11776239.0,10574576.118570974,False,False,False,False,136172.07151331496,False,False,False,False
2025-10-01 15:00:00+00:00,11.135,11.205,11.05,11.115,154467.0,,11.2413323644998,10.981531467493918,10.798746758279703,10.244247372484628,10.240448623166396,9.867417424406945,9.413707103006526,8.810866741251255,8.591515161999176,8.512173819182651,8.221338131478376,8.136243130072035,7.855532406224153,7.778331773198103,7.639132800712138,7.609394139016124,7.5991990583235856,7.579448094810788,7.576863931413237,7.52198413308241,7.511019278831155,,,11.060413864038809,11.039120756470346,10.857739821801742,10.795357962599466,10.5671726803426,10.031167387008338,9.461032242620847,9.128406178967044,9.125716100942611,8.96677218760141,8.624058107075516,8.350510496940709,8.249291515123122,8.184665059586317,8.049788667591827,7.957611297651518,7.89356991623946,7.804910664814257,7.803729067560968,7.7481054209223705,7.64299254645301,7.618798998963331,7.597106443199209,7.5532347262204595,,10.857739821801742,9.128406178967044,7.855532406224153,9.654589973134728,"rgba(0, 255, 0, 1.0)",0.27827651683126864,10.11448667232205,3.595392593923424,54.72943804048985,11.545073381327924,False,False,True,False,False,14.56248851393731,0.0,0.0,0.0,0.0,0,1.0278379214351994,0.9390658830807294,False,False,False,False,0.2531008670388929,0.2678718503555233,False,False,False,False,11621772.0,10590811.713631889,False,False,False,False,136455.7138154341,False,False,False,False
2025-10-01 16:00:00+00:00,11.115,11.235,11.065,11.22,96025.0,,11.236374729420591,10.985482769675533,10.802210828876646,10.248440014424192,10.244650437957501,9.87238261950534,9.41932709006771,8.81693074258759,8.597558414605658,8.518193691486177,8.227267978919325,8.142134512641778,7.860917953762694,7.783374117562735,7.643906172618008,7.614075051453451,7.603842811333214,7.584000930344286,7.581393466684615,7.5263738088291205,7.515356019756223,,,11.063492819286862,11.042633681506741,10.86187229032125,10.798683418053834,10.570513851915647,10.03585770652076,9.466590550299246,9.134323281311175,9.131635852448017,8.972803362982585,8.630107594188871,8.356484864281304,8.255232283406123,8.190581460256755,8.055615550807834,7.963313017111004,7.899133280238605,7.810034881550052,7.8088505114602205,7.753080740411279,7.6477842709856185,7.623502958254346,7.6017421171838215,7.557681214417969,,10.86187229032125,9.134323281311175,7.860917953762694,9.659185293372218,"rgba(0, 255, 0, 1.0)",0.28220724286922766,10.118614809272161,3.9027530956681065,55.80250171872211,11.545073381327924,False,False,True,False,False,16.548120122559286,0.0,0.0,0.0,0.0,0,1.0291444688185523,0.9511125039172668,False,False,False,False,0.25946510289228925,0.26366847662390624,False,False,False,False,11717797.0,10608284.353730619,False,False,False,False,135828.88104310178,False,False,False,False
2025-10-01 17:00:00+00:00,11.215,11.225,10.915,10.985,174293.0,,11.213619704603497,10.987507894762967,10.8061638242711,10.254884408123363,10.251113460402735,9.880396630886915,9.428677742257332,8.827247638442365,8.607898400548232,8.528512537340657,8.237492160151264,8.152307691174727,7.870261825189502,7.792134216913713,7.652215370693902,7.622226801063563,7.611931060465214,7.591933226586934,7.589285549575614,7.534027828459019,7.522918977104116,,,11.062463551311177,11.042589823702876,10.86604628634349,10.802502676544545,10.575180929650857,10.043299185803857,9.475816440861077,9.144288361527197,9.14160637024953,8.983016617324143,8.640450171545057,8.366760589133047,8.265470042009603,8.20078916269083,8.065692137197514,7.973188220515086,7.908779017065167,7.818933465292863,7.817744441441342,7.76172828507823,7.656124904098155,7.631693778525887,7.609816545127886,7.565431211832598,,10.86604628634349,9.144288361527197,7.870261825189502,9.665351784419508,"rgba(0, 255, 0, 1.0)",0.2812344089771309,10.123486596156473,3.063328584069461,50.62580597992593,7.5307200453288985,False,True,False,False,False,10.158533460355056,0.0,0.0,0.0,0.0,0,1.0071075401730532,0.955500618046971,False,False,False,False,0.23692621664219515,0.2502973466330507,False,False,False,False,11543504.0,10622783.883130144,False,False,False,False,136425.2239726661,False,False,False,False
2025-10-01 18:00:00+00:00,10.985,11.085,10.95,11.025,133521.0,,11.197709570977409,10.988380982711833,10.808834331887507,10.259616867253062,10.25586036884482,9.886348851149226,9.4356731743821,8.835009925127315,8.615690589914967,8.536292947074237,8.245214376880536,8.159994838156415,7.877334200902318,7.798768751934068,7.658512859941059,7.628406043624586,7.618062562160138,7.5979473486346025,7.595269352755278,7.539832769383518,7.528655298061131,,,11.060982996095483,11.04183131044075,10.868736456973245,10.80509046066164,10.578530993580207,10.048803718035671,9.482714563267427,9.1517658002125,9.149088070677232,8.990691118168154,8.648242563248258,8.374516155460505,8.273201341949214,8.208500424672968,8.073309774807399,7.980657467444149,7.916077557196028,7.825671731998323,7.8244792301348545,7.768278666232451,7.662446036125631,7.637902330396781,7.615937652297453,7.571308124671919,,10.868736456973245,9.1517658002125,7.877334200902318,9.66989311838585,"rgba(0, 255, 0, 1.0)",0.2813456724161769,10.127012984957847,3.1917569846740608,48.27340382118699,5.256806097841746,False,True,False,True,False,10.935154532888575,0.0,0.0,0.0,0.0,0,1.0080073914382506,0.9651986449029867,False,False,False,False,0.22226380328391748,0.2362805749584841,False,False,False,False,11677025.0,10639128.706647506,False,False,False,False,136380.19724440773,False,False,False,False
2025-10-01 19:00:00+00:00,11.025,11.07,10.895,10.9,277625.0,,11.162292206301819,10.986614630724867,10.812533751757858,10.268446511244854,10.264721354441644,9.897829836484352,9.44943465034929,8.8505001593119,8.631298802754134,8.551896561941824,8.26076152081556,8.175486940156063,7.891636255554902,7.812200135255698,7.6712801351374695,7.640937758723819,7.630498941260632,7.610148723550711,7.607409781207951,7.551616796548322,7.5403016280450545,,,11.05381896299709,11.03616466142891,10.871760769776959,10.808709548318939,10.584335426176338,10.059299879363738,9.496263889559687,9.16658971606827,9.163921356280257,9.005959482511877,8.663843109172472,8.39010506196898,8.288761464689852,8.224032284527654,8.088677113552267,7.995741694521967,7.9308285261485185,7.839308671579983,7.838109314760516,7.781544078109886,7.675260585361421,7.650492263685071,7.628353258262134,7.583234863684276,,10.871760769776959,9.16658971606827,7.891636255554902,9.677995823958765,"rgba(0, 255, 0, 1.0)",0.28156661158006663,10.13276911921994,2.7248645586015776,44.3453036378834,1.4924122970034688,False,True,False,True,False,7.773800154812662,0.0,0.0,0.0,0.0,0,1.0064377682403434,0.9656652360515016,False,False,False,False,0.21254120569095938,0.22441089032472172,False,False,False,False,11399400.0,10650915.858482428,False,False,False,False,138570.0391475952,False,False,False,False
2025-10-02 14:00:00+00:00,10.925,10.995,10.685,10.755,143819.0,,11.137649850130732,10.981946959953307,10.812522530268572,10.271996322708528,10.268288966425406,9.902887608034819,9.455796590500949,8.857895455201897,8.638809054101253,8.559423440930969,8.26832077251486,8.183034650408874,7.898648835269525,7.818797907120851,7.6775682021816625,7.6471133824139965,7.636628828509129,7.61616527069541,7.6133966862205025,7.557433649706545,7.546051798206092,,,11.045626392487117,11.02882323221299,10.870688825523734,10.80874607401608,10.58613675248616,10.063787307037993,9.502505211551371,9.173565759081242,9.17090278922845,9.013201215818492,8.671341624660286,8.397659649011535,8.296321817746994,8.231590758182799,8.096178765949341,8.003120250544429,7.938054340568881,7.8460035901085545,7.8448010312714125,7.788064249744621,7.681571403728746,7.656695499020196,7.634473164259484,7.589119070664942,,10.870688825523734,9.173565759081242,7.898648835269525,9.680657398392661,"rgba(0, 255, 0, 1.0)",0.2815924471753986,10.13392348134285,2.2055865662841967,39.5986247180972,-2.960710992391114,False,True,False,True,False,4.319849608804379,0.0,0.0,0.0,0.0,0,0.996059411943013,0.9696877841770228,False,False,False,False,0.17334203230302564,0.19887646131387368,False,False,False,False,11255581.0,10660290.51183929,False,False,False,False,138651.41838561697,False,False,False,False
2025-10-02 15:00:00+00:00,10.755,10.8,10.6,10.665,116797.0,,11.113389322261757,10.975720038049266,10.811230872706384,10.27419413789864,10.270502314974072,9.906402196523356,9.460453628059136,8.86348380483852,8.644526209948518,8.565166591477256,8.274130739060986,8.188846394714485,7.904079021954771,7.823914786441633,7.682456084283013,7.651916227345505,7.641396921673082,7.620846818572688,7.618055422778364,7.561963872696437,7.550530918277429,,10.688333333333333,11.03607206582025,11.02001467826575,10.868084900642414,10.807550206803212,10.586790182873585,10.066797880130833,9.50705702809505,9.178764417704183,9.176106185966033,9.018639319883642,8.677044142257769,8.40344853423574,8.302128983214471,8.237404788120635,8.101965276007196,8.00882217282241,7.943645171735053,7.851193267734423,7.849988336701743,7.793123594604555,7.686476626933398,7.661519095750575,7.639233662369092,7.593699656171202,10.688333333333333,10.868084900642414,9.178764417704183,7.904079021954771,9.779841268600967,"rgba(0, 255, 255, 0.75)",0.2819218471985655,10.217398420991392,1.5876796475916553,35.34170032595977,-6.901693913444625,False,True,False,True,False,2.2775246047125464,1.0,10.8,10.6,0.0,0,0.9885714285714285,0.9807518796992475,False,False,False,False,0.13533835109287887,0.16710740620337627,False,False,False,False,11138784.0,10667709.015531704,False,False,False,False,138312.5901935919,False,False,False,False
2025-10-02 16:00:00+00:00,10.665,10.825,10.645,10.825,53493.0,,11.104981785404776,10.973692960893628,10.811011694651656,10.275377921749339,10.271692836724007,9.908158195328095,9.462707263951236,8.866138942424644,8.647231853881664,8.567881228215127,8.27686660579392,8.191580547849702,7.906627282301919,7.826314790177981,7.684746401220536,7.654166280608026,7.643630559186249,7.623039676335479,7.62023757523203,7.56408511275638,7.552628112703559,,10.712416544326345,11.032792329670778,11.017028502872092,10.867415110259788,10.807357540166635,10.587310526128865,10.068335940561429,9.509264658611107,9.18125382607517,9.178597662073766,9.021232020757203,8.679744287388289,8.406178718860376,8.304864410945369,8.240141442373883,8.104685183403504,8.011500063703862,7.946269501748422,7.853627874966517,7.8524218096014575,7.7954960888005855,7.6887751193682226,7.663779008413548,7.641463714788972,7.595844907367168,10.712416544326345,10.867415110259788,9.18125382607517,7.906627282301919,9.781581334708612,"rgba(0, 255, 0, 1.0)",0.28190155460091004,10.218788205944684,2.1504379247341645,36.86481425983873,-6.901693913444625,False,True,False,True,False,5.522693775192295,0.0,0.0,0.0,0.0,0,0.9901315789473687,0.9814593301435404,False,False,False,False,0.14479872842253508,0.15595306731295566,False,False,False,False,11192277.0,10675841.852500204,False,False,False,False,136997.5577874897,False,False,False,False
2025-10-02 17:00:00+00:00,10.825,10.905,10.825,10.875,69652.0,,11.097772243802638,10.97238958626497,10.811363374528298,10.277234270530217,10.273557339948963,9.91070835014768,9.465861940790768,8.869772574867175,8.650915872641477,8.571571637227395,8.280567491031428,8.195274542207034,7.910058222358354,7.829543593549886,7.687823346073367,7.657188309051684,7.646630267313123,7.625984119603482,7.623167588008863,7.566931952029181,7.555442430991371,,10.75767713308494,11.03024162678769,11.014795383800468,10.86742281343768,10.80771493308941,10.588374886062553,10.070624032802268,9.512363163656888,9.184694266871922,9.182040617919561,9.02479576966536,8.683423339865898,8.409879499094334,8.308566276650655,8.243841379046248,8.108355634973416,8.015109655557772,7.949804273674911,7.856904128179945,7.855696495398748,7.7986868875171735,7.691863153150173,7.666814543589027,7.644458552984812,7.598724779302939,10.75767713308494,10.86742281343768,9.184694266871922,7.910058222358354,9.784973136982826,"rgba(0, 255, 0, 1.0)",0.2820302520351078,10.22197925245913,2.315428018195652,39.06481336449346,-6.901693913444625,False,True,False,True,True,6.49745742488081,0.0,0.0,0.0,0.0,0,0.9997009569377989,0.9775717703349276,False,False,False,False,0.1801777664405814,0.16806541687676851,False,False,False,False,11261929.0,10684928.47494206,False,False,False,False,135953.44061248985,False,False,False,False
2025-10-02 18:00:00+00:00,10.875,10.96,10.87,10.93,72484.0,,11.092309366695426,10.971723710409226,10.812052581626833,10.27932157690024,10.275652797747968,9.913490257319374,9.469250274150957,8.873637364964988,8.654825754250702,8.575485654709585,8.284484315834533,8.199182015464205,7.913682442680439,7.8329534137937635,7.6910710023229925,7.660377686690923,7.649795988885812,7.629091350863737,7.626259581843999,7.569935620508551,7.558411705725311,,10.79533664505088,11.02849055984954,11.013336650847618,10.86787785655816,10.80839566812345,10.589676836761761,10.073144626029158,9.515694978161173,9.188369140557281,9.18571801860808,9.028593375155317,8.687329095200537,8.41379964581335,8.312484850208113,8.247756289598092,8.112236297377848,8.018924183864755,7.953538657488346,7.86036440495436,7.859155100066851,7.802056164373679,7.695122548472323,7.670018282453874,7.647619115265537,7.601763640995383,10.79533664505088,10.86787785655816,9.188369140557281,7.913682442680439,9.78841926406137,"rgba(0, 255, 0, 1.0)",0.2823868983509746,10.22518371085848,2.495924185071479,41.816652373739416,-6.901693913444625,False,True,False,True,True,7.5595043759032166,0.0,0.0,0.0,0.0,0,1.0029841838257234,0.9722470904207693,False,False,False,False,0.1939000404504301,0.18098272866359932,False,False,False,False,11334413.0,10694998.002462339,False,False,False,False,134969.41827741248,False,False,False,False
2025-10-02 19:00:00+00:00,10.93,10.955,10.91,10.935,142880.0,,11.083229542960735,10.970785385577512,10.813550531335537,10.283481422157585,10.279828475926749,9.919001320323735,9.475944267661191,8.881262464517475,8.662538697906184,8.583206521000522,8.29221008171588,8.206889260173401,7.920832556475594,7.839681778890485,7.69748004374607,7.666671985249554,7.656043711878582,7.635223916967519,7.632362151859322,7.575864204102862,7.564272555028945,,10.83864151435152,11.02560161753937,11.010981340140068,10.868975809746695,10.809871101196881,10.59231591930274,10.078147191037194,9.522278576818993,9.195623065730384,9.192976885408417,9.036087255990868,8.695034025182364,8.421532187943292,8.320214102994568,8.255478228418959,8.11989072684824,8.026448520402704,7.96090538335921,7.8671920620036655,7.865979466164557,7.808704716189686,7.70155469599681,7.676340862437895,7.653856680303145,7.607761574993118,10.83864151435152,10.868975809746695,9.195623065730384,7.920832556475594,9.79413277217866,"rgba(0, 255, 0, 1.0)",0.28234711241982813,10.230152654041888,2.496385884443046,43.772837891638325,-13.730309563534071,False,True,False,True,True,7.656357774661746,0.0,0.0,0.0,0.0,0,1.0059648076349537,0.9707724425887257,False,False,False,False,0.1987196694471599,0.18985119905537962,False,False,False,False,11477293.0,10707126.607075326,False,False,False,False,135092.06295528205,False,False,False,False
2025-10-03 14:00:00+00:00,10.88,10.94,10.855,10.935,51441.0,,11.079739217558675,10.97025515714022,10.813977519888942,10.284912852276165,10.281265675774229,9.920925603332877,9.478300994544231,8.883962862420443,8.665274413205644,8.585946418926092,8.29495608647788,8.209629811043694,7.923378649951746,7.842078827226224,7.699764694159043,7.668916050394018,7.6582712855336545,7.637410670638966,7.634538254536155,7.577978756475113,7.5663630731507014,,10.845885270822194,11.024351710482106,11.009922232020132,10.869222073747542,10.810295018308837,10.59319183587069,10.079885292295009,9.524594971791942,9.19818507867988,9.195540708907762,9.0387378528791,8.697766317031508,8.424278769554489,8.322960963088786,8.258223363005648,8.122613615841475,8.029126331058219,7.9635279616055525,7.869624147093214,7.868410392788939,7.811073660006009,7.703847532113291,7.678594918392459,7.656080656038792,7.6099006093526755,10.845885270822194,10.869222073747542,9.19818507867988,7.923378649951746,9.795773395881016,"rgba(0, 255, 0, 1.0)",0.2812117761812013,10.231428915226973,2.5019261082426207,45.0769615702376,-12.15476707679612,False,True,False,True,True,7.656357774661746,0.0,0.0,0.0,0.0,0,1.0065730504929788,0.9725126979384519,False,False,False,False,0.18908929204733213,0.1894702455513559,False,False,False,False,11477293.0,10719067.171306716,False,False,False,False,133795.14725054897,False,False,False,False
2025-10-03 15:00:00+00:00,10.935,10.965,10.885,10.955,44387.0,,11.077265836834494,10.969991781090439,10.81443806586331,10.286191935572427,10.282549638023534,9.922621834465096,9.48036373234816,8.886315869811783,8.667655868912505,8.588330795302454,8.297343519077772,8.212011944873115,7.9255904801423185,7.844160997184221,7.701748776823952,7.670864813794014,7.660205705535319,7.639309609799424,7.6364279454862,7.579814863708842,7.568178295736361,,10.853062355676357,11.02352580549795,11.009250271734997,10.86956103008497,10.810748926529246,10.594003103421846,10.081424215905377,9.526623474021742,9.200421817502328,9.19777898392552,9.041049435116998,8.700145105083086,8.42666763645345,8.32534933219556,8.260609791984304,8.12497988717738,8.031452961536448,7.965806333760339,7.871736832946346,7.870522068192441,7.813131315499619,7.705838730352601,7.6805523839544385,7.658011947325427,7.611758061716626,10.853062355676357,10.86956103008497,9.200421817502328,7.9255904801423185,9.797307214818057,"rgba(0, 255, 0, 1.0)",0.28046828601355683,10.232674717941178,2.575425879073927,46.53713050622203,-10.377637851320031,False,True,False,True,True,8.056771179060991,0.0,0.0,0.0,0.0,0,1.0092786590841063,0.9697695300808133,False,False,False,False,0.19665301082222575,0.19306162818679082,False,False,False,False,11521680.0,10731510.781053899,False,False,False,False,132408.97442495907,False,False,False,False
2025-10-03 16:00:00+00:00,10.955,10.955,10.85,10.885,36057.0,,11.074793161649954,10.969549485527178,10.8146914755293,10.287166106474224,10.283527873835988,9.923943550763441,9.481991022056004,8.888187632848135,8.669554082699516,8.590232559800079,8.299251592675791,8.213916767930286,7.927361975324537,7.845829397119703,7.703339633605136,7.672427575666138,7.6617570428392385,7.640832647083502,7.637943589932958,7.581287891367739,7.569634648078671,,10.855739918243525,11.02258036544989,11.008435962779092,10.869674020820048,10.81100221689522,10.594585527178706,10.082614303216475,9.52822226833442,9.202194495978029,9.199552944321232,9.042885141927405,8.70204067023118,8.428575241653471,8.327257817385211,8.26251749402034,8.126872975055866,8.033315302190859,7.967630697861854,7.8734294441646355,7.872213880218772,7.814780321721756,7.707435259593201,7.682122056131175,7.659560791575802,7.613248016575275,10.855739918243525,10.869674020820048,9.202194495978029,7.927361975324537,9.79832997753094,"rgba(0, 255, 0, 1.0)",0.279254509508806,10.233414103567814,2.3333048321342833,45.57034022632445,-10.377637851320031,False,True,False,True,True,6.32972761369178,0.0,0.0,0.0,0.0,0,1.0134932533733132,0.9682158920539723,False,False,False,False,0.19046289983371895,0.19176226401025487,False,False,False,False,11485623.0,10743202.44336314,False,False,False,False,130915.145364107,False,False,False,False
2025-10-03 17:00:00+00:00,10.89,10.905,10.755,10.79,94728.0,,11.065830737049064,10.967164537239292,10.814707338924434,10.289376684048442,10.285749688404573,9.927114719794405,9.48600767468149,8.892893305420918,8.674347066823533,8.5950411455947,8.304097127470838,8.218759368283514,7.9318808317416405,7.850089186817636,7.707407036081876,7.676424326396547,7.665724982019964,7.644729002725425,7.641821156897963,7.585058333949073,7.573362819132298,,10.850312102072731,11.01862610591782,11.004859886199988,10.869099801468366,10.81104575120446,10.59570262018631,10.085418738777701,9.532160337705625,9.206614982038294,9.203976982216718,9.047483222394494,8.706824129349773,8.433410850402444,8.332102575500073,8.267364414280244,8.131690852857087,8.038060102503332,7.972282202634806,7.877749784816106,7.876532235778745,7.818991917197896,7.711516994618543,7.686136119383099,7.66352243800812,7.617060738141401,10.850312102072731,10.869099801468366,9.206614982038294,7.9318808317416405,9.79999872443546,"rgba(0, 255, 0, 1.0)",0.27779824489148147,10.234117769201545,2.0010285918674655,42.710242267055754,-10.377637851320031,False,True,False,True,False,4.053331092614059,0.0,0.0,0.0,0.0,0,1.0056648777579011,0.9713774597495521,False,False,False,False,0.17061225794762447,0.18118726097893967,False,False,False,False,11390895.0,10753244.188427277,False,False,False,False,130354.10435071,False,False,False,False
2025-10-03 18:00:00+00:00,10.795,10.895,10.795,10.885,79184.0,,11.059978265505277,10.965763640351792,10.814998266942508,10.291355314217254,10.287737408643538,9.929871649325563,9.489451282109782,8.896894049038139,8.678414781747911,8.599119865285093,8.30820019638288,8.222858238581177,7.935701755220534,7.853690502709164,7.710844322301684,7.679801684477055,7.669077927198549,7.648021361087995,7.645097642489994,7.5882438947506365,7.57651262058551,,10.851146618788786,11.01609367941996,11.002610906001536,10.869003183238636,10.811347606601089,10.596802284118088,10.087879243807956,9.53553996460368,9.210386721350053,9.207751612116127,9.051398638881647,8.710884730620812,8.43750838529237,8.336205580245146,8.271467896191467,8.135767229564918,8.042073218734084,7.976215586452477,7.881402539708353,7.880183299765768,7.822552178995119,7.7149664132831655,7.689528185898596,7.666870052868835,7.6202822827628465,10.851146618788786,10.869003183238636,9.210386721350053,7.935701755220534,9.801853754985425,"rgba(0, 255, 0, 1.0)",0.2766929869167839,10.235272001783596,2.348191059905004,43.87610200452674,-10.377637851320031,False,True,False,True,False,6.023368626438959,0.0,0.0,0.0,0.0,0,1.0104135673906576,0.9699494198155305,False,False,False,False,0.17470787678731553,0.1779475688831276,False,False,False,False,11470079.0,10764357.906436155,False,False,False,False,129560.7693995362,False,False,False,False
2025-10-03 19:00:00+00:00,10.885,10.9,10.865,10.87,78256.0,,11.055052314899203,10.964665380805746,10.815412945717972,10.293365783459441,10.289756702595332,9.932638624009105,9.492887070019753,8.900872088748926,8.682456711393863,8.603171923321513,8.312273949128153,8.22692723024832,7.93949388271942,7.85726478562739,7.714255503732364,7.683153382506974,7.672405401971688,7.651288742786576,7.64834929140738,7.591405253744703,7.579638513174564,,10.853681319117724,11.01397581168823,11.000753939651071,10.869085203274397,10.811767542633062,10.59796246994521,10.090358294563874,9.538913346902623,9.214142405259997,9.211510116513317,9.055294214670493,8.71491994729523,8.441577659867765,8.34027947723079,8.275541791982974,8.139813381931903,8.046056183921717,7.980119255367742,7.885027894167395,7.88380697379458,7.8260856572811335,7.71838962742283,7.6928944924374605,7.670192239295937,7.623479412830092,10.853681319117724,10.869085203274397,9.214142405259997,7.93949388271942,9.803871009708512,"rgba(0, 255, 0, 1.0)",0.27524845451270774,10.236640046437202,2.3010481736730553,44.263229220066265,-10.377637851320031,False,True,False,True,False,5.66249452292093,0.0,0.0,0.0,0.0,0,1.0164032209961227,0.9680882791529967,False,False,False,False,0.1849726746553181,0.18146012176922285,False,False,False,False,11391823.0,10774086.04742164,False,False,False,False,128765.34661814803,False,False,False,False
2025-10-06 14:00:00+00:00,11.025,11.135,10.955,11.075,107339.0,,11.05505043873497,10.966195474346213,10.817545440561878,10.296927229688416,10.293328744657185,9.937111878797008,9.498169602594704,8.906787779019306,8.688420786349514,8.609136269067225,8.31822396607419,8.2328587122897,7.944991171616881,7.862439588985392,7.719183062482313,7.687992856597022,7.677209182311269,7.656004439889948,7.653042124577481,7.595964164310273,7.584145609679908,,10.876507337433198,11.01482302303516,11.001843392471867,10.871300234361197,10.813841232577692,10.60053135741018,10.094490200891281,9.544119612944954,9.219810377730559,9.217181510955722,9.06112579535683,8.720880424784312,8.447540289956928,8.346233686718062,8.281486922851904,8.145700644955761,8.051840855398027,7.985781981862228,7.890278979694675,7.889055519161363,7.8311988048870225,7.723334848871239,7.697755748710832,7.674988239023932,7.628092001887926,10.876507337433198,10.871300234361197,9.219810377730559,7.944991171616881,9.808685043460741,"rgba(0, 255, 0, 1.0)",0.27528118302864796,10.241005552734602,3.029609354659758,49.65612840956575,-6.068910045002454,False,False,False,False,True,9.71738819069428,0.0,0.0,0.0,0.0,0,1.016465745369009,0.9532490443987057,False,False,False,False,0.22937892872846538,0.2054195252488441,False,False,False,False,11499162.0,10785327.535058513,False,False,False,False,128433.15519771163,False,False,False,False
2025-10-06 15:00:00+00:00,11.075,11.2,11.065,11.145,79154.0,,11.057153254251878,10.96829847368445,10.819626356076856,10.299812887621592,10.296221699351332,9.940627092995202,9.502245367181924,8.911294409302284,8.69295075280895,8.613662181439937,8.32272555772683,8.237342909203788,7.949138699154102,7.866342220203002,7.722896175694106,7.691639038985643,7.6808282935640655,7.659556881232964,7.656577318358,7.599397509179997,7.5875397806994345,,10.896581043529347,11.016650727680542,11.003810987294226,10.87361138480964,10.8158581287135,10.602744383752054,10.09777169326676,9.548142256457092,9.224152754106898,9.221526263385789,9.065579627634227,8.725409496433446,8.452057026248248,8.350739612630283,8.285983329378734,8.150148264133213,8.056207977468667,7.99005520676641,7.894239745550598,7.893014340450741,7.835054238401278,7.72706133648064,7.7014185268479,7.678601452675984,7.631566354786772,10.896581043529347,10.87361138480964,9.224152754106898,7.949138699154102,9.812770136735331,"rgba(0, 255, 0, 1.0)",0.2736220514266879,10.244872244692104,3.289675487098191,54.533079791364784,-1.495437219047119,False,False,True,False,True,11.021054487567277,0.0,0.0,0.0,0.0,0,1.023126463700234,0.951405152224824,False,False,False,False,0.23403185280707992,0.21972568902796202,False,False,False,False,11578316.0,10797621.929863809,False,False,False,False,127669.1372876696,False,False,False,False
2025-10-06 16:00:00+00:00,11.145,11.155,11.045,11.135,80535.0,,11.058545775412558,10.970075670680316,10.82155113798629,10.302641504473737,10.29905787625011,9.944108238089052,9.50630837068875,8.915809708128428,8.697495605279483,8.618204988042672,8.32725039376298,8.24185193211892,7.953314529970558,7.870273122754679,7.72663819370779,7.695314067846691,7.684476202373608,7.663137933673711,7.660141048256758,7.602859287991549,7.590962241028944,,10.912237337989932,11.018079072997393,11.005389050529754,10.875702319256417,10.817726599772366,10.604872793920453,10.101009461893428,9.552150194844595,9.228493256690896,9.225869236222197,9.07003712715978,8.729952594449939,8.456594369868048,8.35526823639058,8.290503679660032,8.154622158982734,8.06060266296187,7.99435665827989,7.898228713090147,7.897001369794793,7.838938084972275,7.730816759461816,7.7051101476332455,7.682243451495805,7.635069107056373,10.912237337989932,10.875702319256417,9.228493256690896,7.953314529970558,9.816577236831206,"rgba(0, 255, 0, 1.0)",0.27114259404643165,10.248381642655685,3.2699338901821013,57.45477714193858,1.1810048011458107,False,False,True,False,True,10.771372529853142,0.0,0.0,0.0,0.0,0,1.0194902548725637,0.9616191904047969,False,False,False,False,0.21359261572921487,0.21665915237858846,False,False,False,False,11497781.0,10808477.109245764,False,False,False,False,126938.37546925612,False,False,False,False
2025-10-06 17:00:00+00:00,11.135,11.195,11.13,11.165,55480.0,,11.060357882775191,10.971712028744243,10.823095939049175,10.304702393614894,10.301123747704613,9.946599949647068,9.509185130873254,8.918982436445047,8.700683393047942,8.62138954313634,8.330416672108276,8.245005720810703,7.956231775763419,7.873018634989016,7.729250513082387,7.697879396780889,7.687022528944802,7.6656374726565755,7.662628489225083,7.605275173549011,7.593350628517992,,10.924227355626764,11.019567895863219,11.006965142599684,10.877432255816647,10.819223951998543,10.606477142374692,10.103341347338898,9.554990381093505,9.231553523343008,9.22893114052191,9.073174010604697,8.733139927806423,8.459771769381476,8.358437656513118,8.293666189704519,8.15775005201497,8.063673926960409,7.997362007554453,7.901015026297123,7.899786317391902,7.841650442590708,7.733438462055605,7.707687134248082,7.684785638529039,7.6375138293109215,10.924227355626764,10.877432255816647,9.231553523343008,7.956231775763419,9.819419304721144,"rgba(0, 255, 0, 1.0)",0.26803400012898865,10.25106426153048,3.4097753942772053,60.006317004181874,3.571378159352733,True,False,True,False,True,11.337044132103902,0.0,0.0,0.0,0.0,0,1.0228937728937726,0.9743589743589737,False,False,False,False,0.22820367812010625,0.22243141524934734,False,False,False,False,11553261.0,10820024.14631172,False,False,False,False,125830.49367903509,False,False,False,False
2025-10-06 18:00:00+00:00,11.165,11.165,11.07,11.105,31015.0,,11.06086511386534,10.972379226666058,10.823827441632327,10.30578335876305,10.302207611279101,9.947931399889049,9.510740498795956,8.92071276046615,8.702425764714528,8.623131386027607,8.332152452314569,8.246735662809847,7.957834905784408,7.874528172354666,7.730687911201088,7.699291172704774,7.688423928352478,7.667013282982221,7.663997666238782,7.606605339867147,7.594665737656956,,10.929144121827083,11.020102104484618,11.007555219786283,10.878222755983108,10.819934568668723,10.607289840740158,10.104579205627708,9.556524547677709,9.233215919401083,9.230594489459785,9.0748816786228,8.734881522574918,8.461511992942874,8.360174813991028,8.29540034518532,8.159466764637099,8.06536055566489,7.999013111853146,7.902546747080095,7.901317298193436,7.843142009678666,7.734880988924513,7.709105254722222,7.686184776444047,7.638859667297312,10.929144121827083,10.878222755983108,9.233215919401083,7.957834905784408,9.820830791848064,"rgba(0, 255, 0, 1.0)",0.2642522511771157,10.252349253726653,3.22665461684887,59.53833562822274,3.571378159352733,True,False,True,False,True,9.812639586311178,0.0,0.0,0.0,0.0,0,1.002149877149877,0.9831081081081073,False,False,False,False,0.21006690339033648,0.2162491593198419,False,False,False,False,11522246.0,10830911.30683402,False,False,False,False,124360.48602509656,False,False,False,False
2025-10-06 19:00:00+00:00,11.105,11.195,11.08,11.08,150688.0,,11.063419687175477,10.97564526028216,10.827390128066227,10.311026683438469,10.307464923564988,9.954384879576205,9.518278054233173,8.929100024037297,8.710872959674505,8.631576605170682,8.340570213905952,8.25512567359754,7.965612987959877,7.881853658377823,7.737664539687541,7.7061438040425685,7.695226334078056,7.673691807630455,7.6706440709918695,7.613062886874257,7.601050363605935,,10.950362624698874,11.022747961825177,11.010462637393008,10.88206935082254,10.823396846379717,10.611240223918301,10.110580073935262,9.563959391807733,9.241272503153452,9.238655695511735,9.08315820361322,8.7433247198398,8.469950459441122,8.368599071640269,8.303810458649478,8.16779327061586,8.073542048594218,8.007023088646918,7.909979508158375,7.908746481973412,7.850380604006703,7.741882439705479,7.715988588013257,7.692976235198737,7.64539307502922,10.950362624698874,10.88206935082254,9.241272503153452,7.965612987959877,9.827580367324213,"rgba(0, 255, 0, 1.0)",0.260035721731645,10.258462194595664,3.159326726087877,58.35218826286574,3.571378159352733,True,False,True,False,True,9.180696081568446,0.0,0.0,0.0,0.0,0,1.000918836140888,0.9754977029096471,False,False,False,False,0.21811020545568466,0.21717968238776328,False,False,False,False,11371558.0,10839293.42610791,False,False,False,False,124768.66453633536,False,False,False,False
2025-10-07 14:00:00+00:00,11.37,11.575,11.335,11.565,216669.0,,11.089147078846855,10.991730839450716,10.838747070543395,10.321880469884796,10.318332842981881,9.966476956288458,9.53149305238114,8.943085721225904,8.724783408696865,8.645428036132188,8.35419985951762,8.268665636714571,7.978046387330455,7.893537255498311,7.748748019828656,7.7170217557100615,7.706021712553392,7.684285315345494,7.681186000822386,7.623290951538375,7.611160267802179,,11.025533034789328,11.040231539479562,11.027961642677468,10.89579509589013,10.834362868833056,10.6209183684876,10.122235809345625,9.57706450155858,9.255016992124043,9.252405010566559,9.097103510292271,8.757252533914093,8.483687529382891,8.382254609374076,8.317408041221846,8.181188380208017,8.086662397926965,8.019841883766842,7.921843416356015,7.920604262992994,7.86191546939499,7.753006467901497,7.726918001082683,7.7037536623572525,7.655749587413844,11.025533034789328,10.89579509589013,9.255016992124043,7.978046387330455,9.843885135306605,"rgba(0, 255, 0, 1.0)",0.26696301663746014,10.275202737200319,4.831370573517474,64.81154293327349,8.416428161747504,True,False,True,False,True,17.641151698328223,0.0,0.0,0.0,0.0,0,1.0020895522388058,0.9537313432835814,False,False,False,False,0.34282821103867,0.28000394671321666,False,False,False,False,11588227.0,10850904.799346546,False,False,False,False,126193.4759388728,False,False,False,False
2025-10-07 15:00:00+00:00,11.565,11.65,11.445,11.515,136061.0,,11.105416337687569,11.002193255092475,10.846160462741295,10.32885316291534,10.325314012574221,9.974194809159822,9.539889988785754,8.95194421221345,8.733588714273333,8.654194348823054,8.36282062048192,8.277228440718675,7.9859088554053566,7.90092686589249,7.755757966323013,7.72390190943211,7.7128497401107445,7.690985963677611,7.687854132280857,7.629760707300823,7.6175554526985785,,11.066531297529918,11.051588991661172,11.039319096692806,10.904730272269003,10.841526064556213,10.627196413223325,10.129692425664809,9.585394679250841,9.2637345202036,9.261125469459303,9.105941482531925,8.766069566568447,8.492378396096962,8.390892185485294,8.326007953157095,8.189658614716562,8.094958392165942,8.027947282024588,7.929346877734766,7.928103851612878,7.869211043597369,7.760041992873678,7.733830679543422,7.710570359050525,7.662300636953125,11.066531297529918,10.904730272269003,9.2637345202036,7.9859088554053566,9.854027631437674,"rgba(0, 255, 0, 1.0)",0.2698203773549289,10.285584637888894,4.556421476254557,67.7134646056837,11.11059693954627,True,False,True,False,True,16.405166132836555,0.0,0.0,0.0,0.0,0,1.0071068996150427,0.9514361859638726,False,False,False,False,0.3428282114164063,0.3114160790648115,False,False,False,False,11452166.0,10860226.678426445,False,False,False,False,126346.46080803756,False,False,False,False
2025-10-07 16:00:00+00:00,11.515,11.56,11.405,11.485,53490.0,,11.110741441259416,11.005797641834306,10.848810170659977,10.331452407952684,10.327916804210531,9.977105352151886,9.54308421241112,8.955338706068236,8.736969706126121,8.657562634175047,8.366140209883463,8.280527600545174,7.988944056492094,7.903781264142891,7.7584679307095925,7.726562198491038,7.715490051409679,7.6935773832620535,7.690433041109771,7.632263683115036,7.620029768848198,,11.079272678435698,11.055437526153083,11.043182371084686,10.907884389708746,10.844089293671315,10.629497651162389,10.13249207302288,9.588561199599262,9.267063460250617,9.26445563478119,9.109322614968226,8.769454098728119,8.495721903618806,8.394217606071926,8.329320336210124,8.192923965735268,8.098158531207456,8.031075275358331,7.932244721942104,7.931000222329633,7.87202965035652,7.762761767916577,7.736503396393675,7.713206325806185,7.66483464567314,11.079272678435698,10.907884389708746,9.267063460250617,7.988944056492094,9.85766287151959,"rgba(0, 255, 0, 1.0)",0.27183850200273507,10.289240305682434,4.398787094204686,68.78318489345455,12.204498052634207,True,False,True,False,True,15.664585571111719,0.0,0.0,0.0,0.0,0,1.0017730496453898,0.9630614657210396,False,False,False,False,0.3148859864300033,0.3131510327474074,False,False,False,False,11398676.0,10868574.729923708,False,False,False,False,125216.90327612999,False,False,False,False
2025-10-07 17:00:00+00:00,11.49,11.545,11.425,11.445,97874.0,,11.119813133169133,11.012097137978737,10.853513781342578,10.336130367986247,10.332601344381493,9.982360966682418,9.548866800484063,8.961497757114486,8.743108453016841,8.663679717809073,8.372173356177822,8.28652480904356,7.994465640229521,7.9089753920046695,7.763400835687962,7.731405074818117,7.720296703797129,7.698295339527543,7.695128283484753,7.636821277839421,7.624535341991501,,11.100058475639148,11.062117420590942,11.049897102361689,10.913452308288534,10.848642136753112,10.633619400274595,10.137540910250069,9.59429240155708,9.273096920796966,9.270491374220446,9.115454169673717,8.775598681891914,8.501796600661248,8.400260946599294,8.335340899405425,8.198860925911873,8.10397827715425,8.036764830530041,7.9375174925992615,7.936270328408948,7.877159041229423,7.7677124645212725,7.741368785068659,7.718005099407667,7.669448449546632,11.100058475639148,10.913452308288534,9.273096920796966,7.994465640229521,9.864086466628066,"rgba(0, 255, 0, 1.0)",0.2772162943872409,10.295653153006281,4.14602918466332,68.30770442584155,12.204498052634207,True,False,True,False,True,14.676053610324274,0.0,0.0,0.0,0.0,0,1.0017740981667649,0.9657007687758715,False,False,False,False,0.31595168107310206,0.3145513569102547,False,False,False,False,11300802.0,10875275.927909385,False,False,False,False,124792.98229510471,False,False,False,False
2025-10-07 18:00:00+00:00,11.445,11.515,11.42,11.515,77271.0,,11.126886321618706,11.017074715649471,10.857246516044038,10.339834232243033,10.336310347756092,9.986516508137512,9.553435237242857,8.966361539144346,8.747956166365237,8.668510356462198,8.376937825854922,8.291260957878155,7.99882713357186,7.913078851089389,7.7672983125802215,7.735231559787258,7.724094623774364,7.702023316095278,7.6988383494680255,7.64042276174798,7.628095793235451,,11.115443946592134,11.067387571072288,11.055194077956987,10.917861325183193,10.852256624460862,10.63689001486627,10.141534750520313,9.59882053643018,9.277862180988771,9.275258423295819,9.120296419137771,8.780450999854274,8.50659382230682,8.405033450741424,8.340095450464151,8.203549612459359,8.108574638720235,8.041258640463738,7.941682937807796,7.940433673301599,7.881211463398658,7.771623968461553,7.745213024412915,7.7217968063827795,7.673094283071988,11.115443946592134,10.917861325183193,9.277862180988771,7.99882713357186,9.86911815639702,"rgba(0, 255, 0, 1.0)",0.28356601468547654,10.300666805543987,4.2823650633977355,68.97077795406312,12.958651482172563,True,False,True,False,True,15.828127464514239,0.0,0.0,0.0,0.0,0,0.9982269503546096,0.968085106382978,False,False,False,False,0.308506243872947,0.31152880039160086,False,False,False,False,11378073.0,10883071.23135265,False,False,False,False,124056.20737580076,False,False,False,False
2025-10-07 19:00:00+00:00,11.515,11.55,11.455,11.46,135715.0,,11.138830298384859,11.025658263297807,10.8637480235652,10.346310145772208,10.342795256812353,9.993783865805261,9.561427654918331,8.974875668216558,8.75644455117334,8.676969709144108,8.3852840916226,8.299558393734383,8.00647206325677,7.920273267009936,7.77413310172298,7.7419422920282885,7.730755428105096,7.708561841179033,7.7053455533128155,7.646740142778781,7.634341406922513,,11.140002548548596,11.076438964030233,11.064295693520567,10.925509214336158,10.858555786335915,10.642607401943913,10.148518181034017,9.606742166720895,9.286200963150156,9.28360035331272,9.128771236611167,8.788947097521557,8.51499625583097,8.413393532575839,8.348424667323707,8.211764774987886,8.116629186073244,8.049134471525281,7.948985576347865,7.947732646255184,7.888316785738084,7.77848327251436,7.751954779004936,7.728446750406549,7.679489183324016,11.140002548548596,10.925509214336158,9.286200963150156,8.00647206325677,9.877788276967413,"rgba(0, 255, 0, 1.0)",0.28688829166037916,10.309269153360603,4.01107636697019,67.68482678810416,12.958651482172563,True,False,True,False,True,14.458349951000006,0.0,0.0,0.0,0.0,0,0.9999999999999996,0.9674748669426368,False,False,False,False,0.32343118244247915,0.31747999141704,False,False,False,False,11242358.0,10888641.568851057,False,False,False,False,124236.96385059455,False,False,False,False
2025-10-08 14:00:00+00:00,11.725,11.995,11.725,11.975,194897.0,,11.173239593052907,11.047902814972266,10.878831117581408,10.358776612395975,10.355269207514329,10.006927684330778,9.575208313073851,8.988980687153113,8.770358655358962,8.690788350501299,8.398765297272865,8.312921511172371,8.018678248067534,7.93173589010292,7.784983216780381,7.7525876318994476,7.741318940610236,7.7189265134402,7.71565996186542,7.656740565884983,7.644225728408387,,11.205528292397956,11.101058212597364,11.08872675155965,10.943884628709394,10.873135806630513,10.65460090677756,10.16145161093769,9.620456423839533,9.30027581531424,9.297678015089545,9.14293256401868,8.802894369037475,8.528632789721954,8.426910509734606,8.361861106297512,8.224958030854484,8.12952760563238,8.061722876535255,7.9606290302316225,7.959369877927142,7.899628271283917,7.789373342431151,7.762651817126504,7.7389925039747105,7.689619865319839,11.205528292397956,10.943884628709394,9.30027581531424,8.018678248067534,9.895728601182956,"rgba(0, 255, 0, 1.0)",0.30782859100700793,10.32818635733833,5.349774812256405,71.9117339003545,16.23996254274995,True,False,True,False,True,20.0,0.0,0.0,0.0,0.0,0,0.9971280873061459,0.9468696151636986,False,False,False,False,0.34282821774917777,0.3301541045831089,False,False,False,False,11437255.0,10897147.203442514,False,False,False,False,125332.46828701944,False,False,False,False
2025-10-08 15:00:00+00:00,11.975,12.105,11.975,12.055,157596.0,,11.204047196512958,11.068039506892042,10.892418500382044,10.369658109657456,10.366155347755996,10.018237931628494,9.586929273153398,9.000857008743454,8.782043307536417,8.702382856977916,8.410044635373373,8.324093792333972,8.028863483994144,7.941297446404693,7.794026435641464,7.761458908185747,7.750121633064775,7.727562884497516,7.724254439022475,7.6650711176436435,7.652459263154667,,11.260351973891863,11.12338109136345,11.110853204045787,10.96044967135871,10.886274084712454,10.66525679245758,10.172642135275698,9.63213281408164,9.31218273132681,9.309586764648955,9.154882029068286,8.814611179874493,8.54005578177483,8.438222621120039,8.373099337543195,8.235980601497534,8.140296646653011,8.072228793142324,7.97034279460774,7.969078383963285,7.909062090004297,7.798449991331211,7.771566616387576,7.747780320235892,7.698060378353052,11.260351973891863,10.96044967135871,9.31218273132681,8.028863483994144,9.911267861984566,"rgba(0, 255, 0, 1.0)",0.3304975092243833,10.34469864795726,5.174929626720942,75.19422741772573,19.42988052917711,True,False,True,False,True,20.0,0.0,0.0,0.0,0.0,0,1.0157593123209165,0.9395415472779362,False,False,False,False,0.34282822074914054,0.3364911626661247,False,False,False,False,11594851.0,10907964.316567436,False,False,False,False,125832.67808101913,False,False,False,False
2025-10-08 16:00:00+00:00,12.055,12.195,12.04,12.185,156066.0,,11.235694665075522,11.089057569014482,10.906649130020948,10.380899687276644,10.377400701164968,10.029834570259393,9.598871699305201,9.012891615331439,8.793867141923277,8.714110164324998,8.421436042128018,8.335372681240454,8.039136572534199,7.950940656137359,7.80314339258314,7.7704020322892,7.758995486671676,7.73626893733498,7.732918309950574,7.673467941376702,7.66075824551999,,11.313785987567897,11.14664447114964,11.133906407084192,10.977764452114084,10.900040841977955,10.67636505043363,10.18414940887355,9.64403645873013,9.324279052299175,9.321684645322295,9.167004699406748,8.82646985830881,8.551599604744052,8.449648646755156,8.384447272567026,8.247104336384114,8.151160965059912,8.082825726404721,7.980140044899253,7.978870300882033,7.918575717846142,7.807600676305391,7.780553808466159,7.75663915333594,7.706568738551738,11.313785987567897,10.977764452114084,9.324279052299175,8.039136572534199,9.927123702823689,"rgba(0, 255, 0, 1.0)",0.35651171594145503,10.361590946749676,5.114583817912335,78.08091974571911,22.1992291601089,True,False,True,False,True,20.0,0.0,0.0,0.0,0.0,0,1.0192197360872057,0.9397590361445779,False,False,False,False,0.342828221894754,0.33965969228043935,False,False,False,False,11750917.0,10921033.350419104,False,False,False,False,126301.41175418162,False,False,False,False
2025-10-08 17:00:00+00:00,12.185,12.205,12.105,12.135,78704.0,12.148333333333333,11.250995998226484,11.099428990425329,10.913750854267478,10.386541429426092,10.383044374086554,10.035657704088216,9.604871591312989,9.018941808026193,8.799813138783115,8.720008253063057,8.427167185749727,8.341047769046614,8.044308323892471,7.95579658020924,7.807735382124412,7.7749067768663815,7.763465458542189,7.740654660366517,7.737282849835458,7.677698391827354,7.664939550336616,,11.338591264138964,11.15807201635055,11.14523783747036,10.986366124527198,10.906915255028325,10.681935239618815,10.189926119052839,9.65001659972194,9.330357989467556,9.327764380701955,9.173097916295482,8.832433119320788,8.55740656616366,8.455397023454527,8.39015677625532,8.252701977119226,8.156628877955892,8.088159772763543,7.985073212868671,7.983800795137275,7.923366664105919,7.812209594177512,7.7850806696248,7.761101584684485,7.710855190395782,11.338591264138964,10.986366124527198,9.330357989467556,8.044308323892471,10.083796197054072,"rgba(0, 255, 0, 1.0)",0.37791727728219165,10.518661667067741,4.276963320005439,78.68202107945098,22.900388017772556,True,False,True,False,True,20.0,0.0,0.0,0.0,0.0,0,1.0258323765786452,0.9328358208955219,False,False,False,False,0.34282822203692076,0.34124395715868006,False,False,False,False,11672213.0,10932679.546536637,False,False,False,False,125563.46738589974,False,False,False,False
2025-10-08 18:00:00+00:00,12.14,12.16,12.065,12.16,85191.0,12.137937531142908,11.266634064192557,11.11021902157016,10.921223875438645,10.39253886134758,10.389044060135248,10.041865496160293,9.611283446230743,9.025422727855469,8.806187209804607,8.726332576978129,8.433317638211461,8.347139435575903,8.049864484110538,7.961015082349315,7.812672078125599,7.7797501276473575,7.768271586520944,7.745370554558162,7.741976036752894,7.682248076880091,7.669436566296373,,11.363207567293449,11.169907217755451,11.156982405211474,10.995377597360587,10.91415293528785,10.68783563308987,10.196077321280564,9.656405972503627,9.336862051725182,9.334269362682727,9.179621197104742,8.83882501883325,8.56363616678474,8.461565504497317,8.396284597769904,8.258711900959609,8.162501066129208,8.093889350400918,7.990374253775554,7.989098981812188,7.928515785765045,7.817164414168674,7.789947671724259,7.765899639528533,7.715464759342562,11.363207567293449,10.995377597360587,9.336862051725182,8.049864484110538,10.091336592890686,"rgba(0, 255, 0, 1.0)",0.3992670311484259,10.52648466038914,4.091285310766385,79.25669448641045,23.712896221819577,True,False,True,False,True,20.0,0.0,0.0,0.0,0.0,0,1.0191757298225526,0.9361763022323975,False,False,False,False,0.3291287207699906,0.33518633896433536,False,False,False,False,11757404.0,10945465.97217173,False,False,False,False,124937.53765898656,False,False,False,False
2025-10-08 19:00:00+00:00,12.155,12.185,12.035,12.065,272303.0,12.11113314748501,11.311285265859896,11.142158446778188,10.94386275946126,10.411072097618405,10.407585424559173,10.061150193778998,9.631292877785006,9.045737630375442,8.826195654833908,8.746194519762007,8.452664349882024,8.36630947990201,8.067378820772635,7.977475490434048,7.828254965460578,7.795041191682493,7.78344616904066,7.7602624765515476,7.756796713333351,7.696619865855958,7.683643165353964,,11.429511157723395,11.204622432453586,11.191483748878039,11.022431255105928,10.936103138545095,10.705947799911636,10.215145009725923,9.676337264034395,9.35720437453151,9.354614945177595,9.200046770299041,8.85888536814497,8.583218545803057,8.480966131450652,8.415563677467253,8.277633120230265,8.180998129256674,8.111944357756522,8.007092040274605,8.005807884400083,7.944760141900453,7.832804031336141,7.80531260905076,7.781048950902313,7.730023590741727,11.429511157723395,11.022431255105928,9.35720437453151,8.067378820772635,10.114167438403285,"rgba(0, 255, 0, 1.0)",0.41558812120463917,10.54997163539102,3.645504496657563,76.96426781445456,23.712896221819577,True,False,True,False,True,20.0,0.0,0.0,0.0,0.0,0,1.018798063229849,0.93477641697522,False,False,False,False,0.3281832343199872,0.3316847866421613,False,False,False,False,11485101.0,10953832.406711701,False,False,False,False,127222.27350923483,False,False,False,False
2025-10-09 14:00:00+00:00,11.745,11.805,11.645,11.75,131460.0,12.023641094931573,11.32198953633459,11.151272199638589,10.951145951325016,10.417984930514528,10.414505378845945,10.068698605574166,9.639436716353348,9.05429727890644,8.834709138370988,8.754673151093272,8.461011221622327,8.37460332630564,8.075025661555818,7.98468138711906,7.83510316947133,7.8017669085074886,7.790122660512394,7.766818624773556,7.763322154879712,7.702956930366332,7.689909477499828,,11.442243754676241,11.214030415533491,11.20093742961819,11.03077585418683,10.943193850726416,10.712292482505747,10.222469162424115,9.684421897296751,9.365634851682035,9.363048058063518,9.208586385835813,8.867409234705184,8.591629194112983,8.489328342906402,8.4238914976164,8.28584196971929,8.189046430750789,8.119816417869485,8.01440451331025,8.013116731556819,7.951877731927691,7.839676312578769,7.812069076223656,7.787714739581056,7.736438085572288,11.442243754676241,11.03077585418683,9.365634851682035,8.075025661555818,10.118734195846487,"rgba(0, 255, 0, 1.0)",0.4227321367714719,10.553461000985894,2.8304897946780705,68.88956182343884,24.78752110290914,True,False,True,False,False,14.456678082711107,0.0,0.0,0.0,0.0,0,1.0061366806136678,0.9436541143654108,False,False,False,False,0.2058804934084782,0.2687826400253197,False,False,False,False,11353641.0,10960030.98955338,False,False,False,False,127287.97469513817,False,False,False,False
2025-10-09 15:00:00+00:00,11.755,11.76,11.57,11.645,56685.0,11.990474277226888,11.325628094490261,11.154620610288061,10.953947967586288,10.420774769094514,10.417298570556826,10.071786760591703,9.64280378351279,9.057868506276863,8.838270163680093,8.75822258793015,8.464515076010592,8.378087427178194,8.078245715552569,7.98771801992894,7.8379920103765555,7.804604737999867,7.792939952310181,7.7695856093994315,7.7660762628162106,7.70563257643269,7.692555497553697,,11.446079307617348,11.21741349674907,11.204352769815634,11.033936174720935,10.945926028820939,10.714804981704773,10.22544985469521,9.687761491188942,9.36913704169403,9.366551481920341,9.212142035298655,8.8709733338569,8.59515574206311,8.492837782754595,8.427388445659314,8.289292826923946,8.192432384076577,8.123130033602719,8.017485362013607,8.016196081839727,7.954877854085182,7.842575209280321,7.814919684565374,7.79052756342656,7.739145868379708,11.446079307617348,11.033936174720935,9.36913704169403,8.078245715552569,10.120568704565397,"rgba(0, 255, 0, 1.0)",0.4277824339669939,10.554818660147632,2.5484481205614027,61.88282905679844,18.564829352732204,True,False,True,False,False,12.278734295813539,0.0,0.0,0.0,0.0,0,1.0011089548100918,0.948988078735791,False,False,False,False,0.1535020600523843,0.211142350038852,False,False,False,False,11296956.0,10965254.633126196,False,False,False,False,126193.35493242284,False,False,False,False
2025-10-09 16:00:00+00:00,11.645,11.665,11.465,11.475,92075.0,11.931936113646875,11.32924363108592,11.15865739285056,10.957663650340026,10.42483077096119,10.421360744716171,10.076389481781497,9.64791592100465,9.063374386661744,8.84378319460172,8.763725173897614,8.469970993878254,8.383518824485014,8.083284057971387,7.992474446984897,7.842523953431997,7.809058173106797,7.797361685786797,7.773929442468481,7.77040005345187,7.709835626129102,7.696712556200705,,11.448571182912728,11.221293484670202,11.208315042971643,11.038001601922133,10.949559108137374,10.71832801927123,10.229850714656695,9.692824056955057,9.374497736268452,9.371914426263237,9.217605539167975,8.876487933192868,8.60063681215896,8.498300268385032,8.43283633299379,8.294678473188746,8.197723004231186,8.128311907220846,8.022309435966399,8.021017878349259,7.959578753183239,7.847122703191077,7.819392714606288,7.794942393828422,7.743398072937582,11.448571182912728,11.038001601922133,9.374497736268452,8.083284057971387,10.122602655539263,"rgba(0, 255, 0, 1.0)",0.4300079299498258,10.555894027007474,2.137416333461034,54.91402986352059,12.527416317481396,False,False,True,False,False,8.903921363004663,0.0,0.0,0.0,0.0,0,0.990867579908676,0.9660388127853878,False,False,False,False,0.1165690711235711,0.16385571058121157,False,False,False,False,11204881.0,10968969.770597106,False,False,False,False,125664.3881892845,False,False,False,False
2025-10-09 17:00:00+00:00,11.475,11.495,11.23,11.28,123020.0,11.84445486940866,11.329373447826752,11.16112283561099,10.960860273354221,10.429236057688238,10.42577581586701,10.081657059603833,9.65398387431834,9.07010044535543,8.850569195126056,8.770515019885114,8.476756684361796,8.390287845492768,8.089604112811797,7.99845190470215,7.848234672144033,7.814673269886321,7.802937960074113,7.779409764124349,7.775855457577057,7.715144015542094,7.701964042530857,11.334999999999999,11.444472334624265,11.223119716423241,11.210311409292807,11.041186669348154,10.952709269559815,10.721846888106093,10.234790689384914,9.698815259988333,9.380959597457544,9.378379815835865,9.224238718127317,8.883268753780984,8.607431206363405,8.505089406586162,8.439618074687278,8.301403906047105,8.204343580357504,8.134805793448649,8.02836839270192,8.027074125299109,7.965490064362921,7.852852531683661,7.825031514863636,7.800510200080907,7.748765637741488,11.444472334624265,11.041186669348154,9.380959597457544,8.089604112811797,10.236567168893496,"rgba(38, 166, 154, 1.0)",0.42998211779274714,10.657886635128913,1.4468354360051494,48.1278378545783,6.711395192412226,False,True,False,True,False,5.27097154586453,0.0,0.0,0.0,0.0,0,0.9736469254746385,0.9750637574383669,False,False,False,False,0.04263568527236914,0.10324569792679035,False,False,False,False,11081861.0,10970720.022215756,False,False,False,False,125623.38992278396,False,False,False,False
2025-10-09 18:00:00+00:00,11.275,11.395,11.27,11.37,114243.0,11.784624357271106,11.329693999235202,11.163479604369735,10.963858763274766,10.433333772926057,10.429882522521364,10.086548199296493,9.659613233498796,9.076338475627164,8.856863249439709,8.776812864888507,8.483051466719331,8.396567430164145,8.09546931199831,8.00400035987877,7.853536415807391,7.819886526239238,7.808115285685849,7.784498273132357,7.780920899519123,7.720073348687826,7.7068406839293,11.339815036478505,11.441246568868173,11.224910850858912,11.2122540405549,11.044182528944576,10.95566424034917,10.725131637265934,10.239380169326429,9.704373763451624,9.38695291493607,9.384376394985285,9.230390543348893,8.88955792587954,8.61373370070536,8.511387304950688,8.445909296867905,8.307643414599106,8.210486388553884,8.140831627428856,8.033992208144006,8.032695435530334,7.97097735182216,7.858171958409992,7.830266706776102,7.805679688063044,7.753749759520201,11.441246568868173,11.044182528944576,9.38695291493607,8.09546931199831,10.23812077433209,"rgba(0, 255, 255, 0.75)",0.430366416268935,10.658125259622368,1.6541131311993038,45.24508595463349,4.394485554627323,False,True,False,True,False,6.664466976378037,0.0,0.0,0.0,0.0,0,0.970854555744199,0.9835880022637232,False,False,False,False,0.031741405060720276,0.06749355149375531,False,False,False,False,11196104.0,10974214.34745272,False,False,False,False,125446.94976894234,False,False,False,False
2025-10-09 19:00:00+00:00,11.375,11.505,11.37,11.47,119678.0,11.747128386991987,11.332189824571456,11.167253617479076,10.967788217747952,10.438069403398643,10.434626790515853,10.09204897940209,9.665829454095853,9.083132670013939,8.863695180882658,8.783641490801196,8.489853176750714,8.403346745725624,8.101785582271768,8.009972241888523,7.859237035561323,7.825490916218175,7.8136806929648515,7.78996756329355,7.786365330226695,7.7253696453116225,7.712080045824775,11.376199908855149,11.441479407293608,11.228298288487391,11.215767940394057,11.048314712095205,10.959521435727924,10.729103187390251,10.24459303022631,9.710520816398374,9.393521527435599,9.390948180840564,9.237109928705479,8.896387741438826,8.620553596279612,8.518194432870207,8.452704532387225,8.314373823823704,8.217107008057749,8.14732271548266,8.040046379384355,8.038746855700039,7.976882078228837,7.863891727407293,7.8358950295302074,7.811236598216263,7.75910600902342,11.441479407293608,11.048314712095205,9.393521527435599,8.101785582271768,10.242708948698763,"rgba(0, 255, 255, 0.75)",0.4313925387885565,10.662028173281302,1.8729388064699928,45.057489743149276,4.221812028074126,False,True,False,True,False,8.178514392928314,0.0,0.0,0.0,0.0,0,0.9756718528995755,0.9799151343705791,False,False,False,False,0.06992139655112613,0.06870747402244072,False,False,False,False,11315782.0,10979509.969972834,False,False,False,False,125357.50868725331,False,False,False,False
2025-10-10 14:00:00+00:00,11.72,11.73,11.575,11.585,65303.0,11.740410998464279,11.335569593103715,11.17057496988455,10.970706042345657,10.441096159958484,10.43765753258844,10.095431347178323,9.669547025085784,9.087107065768924,8.867668851370048,8.78760589493017,8.493778520246705,8.40725317200798,8.105408615775461,8.013393817328026,7.862497054503621,7.828694670148055,7.816861746040301,7.7930928880059325,7.789476344305301,7.728393969442113,7.715071457267966,11.415451875376952,11.444799630749468,11.231594300511667,11.219105130989142,11.051541919056417,10.962373561392585,10.73179469145365,10.247844968021548,9.714205483675078,9.397403429367788,9.394831578232319,9.241059076881378,8.900363321127085,8.624499274328421,8.522124955542074,8.456623511019314,8.318246340046821,8.220910648951106,8.151048216133702,8.04351642710875,8.042215267639314,7.980263745848874,7.867162864538856,7.839112852148274,7.814412709418389,7.762165731037093,11.444799630749468,11.051541919056417,9.397403429367788,8.105408615775461,10.247209748873674,"rgba(0, 255, 0, 1.0)",0.4335003455009729,10.666604054311978,2.1185587398475585,46.777958396075164,4.221812028074126,False,True,False,True,False,9.871813351302595,0.0,0.0,0.0,0.0,0,0.9834780173620834,0.9647157658919063,False,False,False,False,0.14886468638750017,0.10878608020497044,False,False,False,False,11381085.0,10985735.939430619,False,False,False,False,124426.43103318737,False,False,False,False
2025-10-10 15:00:00+00:00,11.585,11.805,11.505,11.515,56373.0,11.734180541434629,11.338215887000208,11.173270609402193,10.973122161894045,10.443649288404721,10.44021417870992,10.098298186769313,9.672709586965842,9.090498863745559,8.871063130091661,8.790993288057994,8.497135844637885,8.410595185877712,8.108511041458671,8.016324640471685,7.865290586768303,7.831440244646081,7.819587958160584,7.795771532999627,7.792142760527871,7.730986483233723,7.717635859044411,11.438170053856561,11.447248697657928,11.234244011041879,11.221793381304224,11.05419587835339,10.964736951248959,10.734049504034845,10.250596145381568,9.717339080322812,9.400711254788936,9.398140723453384,9.244426897710929,8.903758795983832,8.627872585877714,8.52548641460371,8.459975768407448,8.321560209741115,8.2241665156315,8.154237871495702,8.046488501119738,8.045185951616562,7.98316064876446,7.869965882949196,7.841870408960643,7.817134705530221,7.764788383062264,11.447248697657928,11.05419587835339,9.400711254788936,8.108511041458671,10.250539987339721,"rgba(0, 255, 255, 0.75)",0.4331736538783578,10.669868057411918,1.9510234175631773,46.85122618614174,4.221812028074126,False,True,False,True,False,8.55667098906962,0.0,0.0,0.0,0.0,0,0.97669256381798,0.9669811320754712,False,False,False,False,0.1497916465546719,0.12928886337982115,False,False,False,False,11324712.0,10990991.382230144,False,False,False,False,123371.33907918446,False,False,False,False
2025-10-10 16:00:00+00:00,11.515,11.61,11.445,11.48,85584.0,11.719309898832776,11.340733558485255,11.176404853988686,10.976202535121153,10.447184158975148,10.443754892206265,10.1023525423786,9.677252432109173,9.095433764020383,8.876018778118963,8.795944496953206,8.502061095352165,8.415502649516299,8.113080768583067,8.020645517808875,7.869414375035971,7.835494398604682,7.823613926865501,7.799728072105344,7.796081372680296,7.7348177922153125,7.721426046299948,11.44931880068746,11.448680747988394,11.2371749614594,11.224801292214108,11.05748254087484,10.967758135407193,10.737074563257167,10.25445584317273,9.721834472166353,9.405495162277383,9.402926808328782,9.249313222062614,8.908713804495541,8.632813675233116,8.530416137266938,8.464895624321429,8.326430906166559,8.228956688320826,8.15893388069137,8.050868964340983,8.049564418402081,7.987432779049135,7.874103501300831,7.845941906837189,7.821154532235422,7.768663226202393,11.448680747988394,11.05748254087484,9.405495162277383,8.113080768583067,10.25393743763259,"rgba(0, 255, 255, 0.75)",0.43281916828202627,10.672791754960075,1.8650011464232241,46.35453104614692,4.221812028074126,False,True,False,True,False,7.901259061167099,0.0,0.0,0.0,0.0,0,0.9712150567395514,0.9792416274564071,False,False,False,False,0.10280569133181386,0.1160472773558175,False,False,False,False,11239128.0,10994838.461575413,False,False,False,False,122785.48886090252,False,False,False,False
2025-10-10 17:00:00+00:00,11.475,11.545,11.435,11.525,88769.0,11.70520142696348,11.34312052988815,11.17949982917153,10.979301557052002,10.450791730731762,10.447368575068628,10.106503613269483,9.681915128973941,9.100510010869545,8.881119808724964,8.801042120971086,8.507135746153255,8.420559973748368,8.11779370147093,8.025103118663536,7.873670070257716,7.839678588355023,7.827769158391159,7.803811929862494,7.800146785903893,7.738772987498974,7.7253389416955764,11.456435310963748,11.449874956742208,11.24004187234585,11.22774941057575,11.060768024096236,10.97079972147662,10.740147246374788,10.258402651521632,9.726447504972018,9.410410797328609,9.407844726588792,9.254336883873233,8.913813690936433,8.637903049340574,8.535495058631,8.469965146530372,8.331451364776266,8.233895310442982,8.16377630612677,8.05538766580478,8.054081075028343,7.991840438053346,7.878373408169878,7.850143896882668,7.825303452246466,7.7726630981389695,11.449874956742208,11.060768024096236,9.410410797328609,8.11779370147093,10.257254007152845,"rgba(0, 255, 255, 0.75)",0.43045413898077206,10.675573890172824,1.9733254553863613,46.89678687605,4.173134073073655,False,True,False,True,False,8.584729213777546,0.0,0.0,0.0,0.0,0,0.9651259341267643,0.9878217547744249,False,False,False,False,0.08908101727992732,0.10256414731787242,False,False,False,False,11327897.0,11000002.159845563,False,False,False,False,122258.10143670248,False,False,False,False
2025-10-10 18:00:00+00:00,11.525,11.695,11.5,11.63,51941.0,11.701661482551424,11.345402408121505,11.181874210570808,10.981464808568997,10.453104288960505,10.44968437714612,10.109105937593863,9.684791628557964,9.10360183817155,8.884216487486903,8.804133430903393,8.510202583424919,8.423613642933708,8.12063201926861,8.027785947224036,7.876228640288332,7.842193622637418,7.830266603079423,7.806266131063633,7.802589858498003,7.74114891725487,7.727689286510042,11.46762783765137,11.451937457221725,11.242362989230285,11.230105968918116,11.063127663082573,10.972917790277789,10.742183958932413,10.260897609318489,9.72929715552023,9.413422545613418,9.410857703074274,9.257405003027742,8.916911086707772,8.640983213427823,8.538565400542343,8.473027701145542,8.334480199572488,8.236872218428637,8.166693569712574,8.058107854711988,8.056800006726709,7.994492571162418,7.8809405954559955,7.852669802886355,7.827797066064636,7.775066385708897,11.451937457221725,11.063127663082573,9.413422545613418,8.12063201926861,10.259963155225483,"rgba(0, 255, 0, 1.0)",0.42776366928091064,10.678139553206226,2.225201706339143,49.19694989020773,4.173134073073655,False,True,False,False,True,10.157323965118216,0.0,0.0,0.0,0.0,0,0.9631158821910268,0.9845857418111746,False,False,False,False,0.12853281550187912,0.11554848140987577,False,False,False,False,11379838.0,11005891.087599894,False,False,False,False,121167.91381752878,False,False,False,False
2025-10-10 19:00:00+00:00,11.625,11.69,11.625,11.63,94735.0,11.698329141557789,11.350082769696884,11.186537707979754,10.985621609612117,10.457443669596872,10.454029453359984,10.11395517322675,9.69012464432919,9.109311165415178,8.889929104072289,8.809834338222696,8.515852601748469,8.429237943849246,8.12585618305613,8.032723365693656,7.880936108816042,7.846820778606032,7.834861332896521,7.810781201955378,7.8070844554872485,7.74551960670078,7.7320128634669345,11.489036229781677,11.456491758323127,11.24697654869539,11.234776466454113,11.067691374829932,10.976985823694301,10.746044628151354,10.265558868365531,9.734582628421485,9.418994179691465,9.416431509191783,9.2630752496387,8.922625804042225,8.64666020225543,8.54422237771985,8.478669185005025,8.340057405303998,8.24235254327461,8.172063342923288,8.063114263977177,8.061804090583685,7.999373213362874,7.885663939725418,7.857317034544857,7.832384735243618,7.779487645539364,11.456491758323127,11.067691374829932,9.418994179691465,8.12585618305613,10.26524520194424,"rgba(0, 255, 0, 1.0)",0.4244391317686054,10.683232241364102,2.2306325872706165,50.73039189964622,4.173134073073655,False,True,False,False,True,10.157323965118216,0.0,0.0,0.0,0.0,0,0.9694214876033058,0.9845730027548203,False,False,False,False,0.15071886230269746,0.1331336718562866,False,False,False,False,11379838.0,11011688.714148732,False,False,False,False,120758.10120020274,False,False,False,False
2025-10-13 14:00:00+00:00,11.63,11.63,11.63,11.63,0.0,11.698329141557789,11.350082769696884,11.186537707979754,10.985621609612117,10.457443669596872,10.454029453359984,10.11395517322675,9.69012464432919,9.109311165415178,8.889929104072289,8.809834338222696,8.515852601748469,8.429237943849246,8.12585618305613,8.032723365693656,7.880936108816042,7.846820778606032,7.834861332896521,7.810781201955378,7.8070844554872485,7.74551960670078,7.7320128634669345,11.489036229781677,11.456491758323127,11.24697654869539,11.234776466454113,11.067691374829932,10.976985823694301,10.746044628151354,10.265558868365531,9.734582628421485,9.418994179691465,9.416431509191783,9.2630752496387,8.922625804042225,8.64666020225543,8.54422237771985,8.478669185005025,8.340057405303998,8.24235254327461,8.172063342923288,8.063114263977177,8.061804090583685,7.999373213362874,7.885663939725418,7.857317034544857,7.832384735243618,7.779487645539364,11.456491758323127,11.067691374829932,9.418994179691465,8.12585618305613,10.26524520194424,"rgba(0, 255, 0, 1.0)",0.42159914354484684,10.683232241364102,2.2456586383819057,51.752686572605214,4.173134073073655,False,True,True,False,True,10.157323965118216,0.0,0.0,0.0,0.0,0,0.9673491975650251,0.9900387382401763,False,False,False,False,0.14053326672571254,0.13683346929099957,False,False,False,False,11379838.0,11017396.455014642,False,False,False,False,118885.88257694378,False,False,False,False
2025-10-13 15:00:00+00:00,11.63,11.63,11.63,11.63,0.0,11.698329141557789,11.350082769696884,11.186537707979754,10.985621609612117,10.457443669596872,10.454029453359984,10.11395517322675,9.69012464432919,9.109311165415178,8.889929104072289,8.809834338222696,8.515852601748469,8.429237943849246,8.12585618305613,8.032723365693656,7.880936108816042,7.846820778606032,7.834861332896521,7.810781201955378,7.8070844554872485,7.74551960670078,7.7320128634669345,11.489036229781677,11.456491758323127,11.24697654869539,11.234776466454113,11.067691374829932,10.976985823694301,10.746044628151354,10.265558868365531,9.734582628421485,9.418994179691465,9.416431509191783,9.2630752496387,8.922625804042225,8.64666020225543,8.54422237771985,8.478669185005025,8.340057405303998,8.24235254327461,8.172063342923288,8.063114263977177,8.061804090583685,7.999373213362874,7.885663939725418,7.857317034544857,7.832384735243618,7.779487645539364,11.456491758323127,11.067691374829932,9.418994179691465,8.12585618305613,10.26524520194424,"rgba(0, 255, 0, 1.0)",0.41708492880676934,10.683232241364102,2.269963964760101,52.434216354577885,4.173134073073655,False,False,True,False,True,10.157323965118216,0.0,0.0,0.0,0.0,0,0.9675270607826815,0.9883430474604488,False,False,False,False,0.14053326672571254,0.13868336800835607,False,False,False,False,11379838.0,11023015.703774104,False,False,False,False,117042.69059900667,False,False,False,False
2025-10-13 16:00:00+00:00,11.63,11.63,11.63,11.63,0.0,11.698329141557789,11.350082769696884,11.186537707979754,10.985621609612117,10.457443669596872,10.454029453359984,10.11395517322675,9.69012464432919,9.109311165415178,8.889929104072289,8.809834338222696,8.515852601748469,8.429237943849246,8.12585618305613,8.032723365693656,7.880936108816042,7.846820778606032,7.834861332896521,7.810781201955378,7.8070844554872485,7.74551960670078,7.7320128634669345,11.489036229781677,11.456491758323127,11.24697654869539,11.234776466454113,11.067691374829932,10.976985823694301,10.746044628151354,10.265558868365531,9.734582628421485,9.418994179691465,9.416431509191783,9.2630752496387,8.922625804042225,8.64666020225543,8.54422237771985,8.478669185005025,8.340057405303998,8.24235254327461,8.172063342923288,8.063114263977177,8.061804090583685,7.999373213362874,7.885663939725418,7.857317034544857,7.832384735243618,7.779487645539364,11.456491758323127,11.067691374829932,9.418994179691465,8.12585618305613,10.26524520194424,"rgba(0, 255, 0, 1.0)",0.41139519808684993,10.683232241364102,2.301358312004472,52.888569542559665,4.173134073073655,False,False,True,False,True,10.157323965118216,0.0,0.0,0.0,0.0,0,0.9759479343520092,0.9872665534804745,False,False,False,False,0.14053326672571254,0.1396083173670343,False,False,False,False,11379838.0,11028547.83239776,False,False,False,False,115228.07524088254,False,False,False,False
2025-10-13 17:00:00+00:00,11.63,12.235,11.63,12.215,8154.0,11.700085625328311,11.350981316171765,11.187260029900575,10.98617984305526,10.457933883730758,10.454519975597474,10.114473689594082,9.690670735390386,9.109874425161419,8.890486982879215,8.810389216364376,8.516396577577776,8.429777906640279,8.126353329941939,8.033192110933767,7.8813813736127685,7.847258103791205,7.835295475929401,7.811207589727883,7.807508876092199,7.7459317655420925,7.732420462332811,11.494463115870262,11.457627531894424,11.247738451366695,11.235536895466035,11.068334633921143,10.977529707209213,10.746514073225157,10.266067977616324,9.735125864406262,9.4195536055116,9.416991061018214,9.263639251881923,8.923184679949921,8.647209289390357,8.544767548885067,8.479211666538443,8.340591364239682,8.242875725833148,8.172574971037177,8.063589924769284,8.06227951445687,7.999836181337051,7.886110754583028,7.857756363081415,7.832818186982631,7.779904886326913,11.457627531894424,11.068334633921143,9.4195536055116,8.126353329941939,10.266094874476046,"rgba(0, 255, 0, 1.0)",0.42047262125509904,10.684150657256875,3.640782456117076,61.336410363777205,5.922760949826568,True,False,True,False,True,18.415473602062267,0.0,0.0,0.0,0.0,0,0.9826398456875172,0.9487462110774311,False,False,False,False,0.2546803112307879,0.1971443142989111,False,False,False,False,11387992.0,11034120.610190043,False,False,False,False,113568.01205885335,False,False,False,False
2025-10-13 18:00:00+00:00,12.215,12.34,12.21,12.25,97394.0,11.73411447682923,11.365279852529033,11.198232242350615,10.99432895381078,10.464657758155077,10.461246179281089,10.121419960896077,9.697841863040521,9.11713759964475,8.897643918620059,8.817495547310713,8.523324337265613,8.43664439093739,8.132646420293822,8.039118430178531,7.886999866748949,7.852774144577971,7.84077060593948,7.816583420256655,7.812859690578245,7.751124258247832,7.737554740039381,11.577548059679284,11.476429470104623,11.259493999749026,11.24722961729739,11.077859337848858,10.98545891279696,10.753141044494981,10.27295211490404,9.74227209009714,9.426830469348445,9.42426897670305,9.27094173271815,8.930359573678615,8.654218785888128,8.551714007927233,8.486115943762085,8.347371684319182,8.249509282163157,8.179055430365556,8.069606086238453,8.06829257360575,8.005686892278682,7.891749123097121,7.863298376901265,7.838284439934702,7.785163501527951,11.476429470104623,11.077859337848858,9.426830469348445,8.132646420293822,10.278736101511065,"rgba(0, 255, 0, 1.0)",0.4298419676078932,10.698133717276724,3.610318209177068,67.21771265574269,11.208815087058518,True,False,True,False,True,18.852031618507937,0.0,0.0,0.0,0.0,0,1.0134541460735862,0.9406919275123552,False,False,False,False,0.34282821623716875,0.2699862652680399,False,False,False,False,11485386.0,11041116.972822756,False,False,False,False,113317.2521819719,False,False,False,False
2025-10-13 19:00:00+00:00,12.255,12.275,12.12,12.15,147077.0,11.77133110079462,11.38408738167667,11.21310019317773,11.005631285650795,10.474242911455164,10.470835687371235,10.131412842052057,9.708239960559087,9.127748456077544,8.908123217698499,8.827908673033775,8.533501280372334,8.446738083783046,8.14191893569229,8.047857216146252,7.895293113339599,7.860918090317848,7.848854836568652,7.824522453211708,7.820762039513714,7.7587958180074805,7.745141036531916,11.661986338753671,11.500340629647507,11.275285476629445,11.26296186721973,11.090951108366783,10.996467573562454,10.762483882039751,10.282819274783272,9.752626825233138,9.43742239348308,9.434862777659458,9.281591324718544,8.940861813363943,8.66450482730795,8.561916119865725,8.496261329404579,8.357345434721447,8.259274335145676,8.188600241048507,8.078475328005581,8.07715732547653,8.01431619765654,7.9000714045738984,7.871480103624385,7.846355706503127,7.792931164047298,11.500340629647507,11.090951108366783,9.43742239348308,8.14191893569229,10.294713112892637,"rgba(0, 255, 0, 1.0)",0.4351027319924511,10.715427721048162,3.297088649346215,68.5192800556996,12.239622830737638,True,False,True,False,True,16.78744344241275,0.0,0.0,0.0,0.0,0,1.0076502732240435,0.94535519125683,False,False,False,False,0.3135178087624849,0.2917520370152624,False,False,False,False,11338309.0,11045724.601151085,False,False,False,False,113840.65912488705,False,False,False,False
2025-10-14 14:00:00+00:00,11.985,12.115,11.985,12.065,33529.0,11.7766085614134,11.387592499996622,11.215991856483324,11.007903536752114,10.476252074334557,10.472846105014849,10.13353745222155,9.710477461242624,9.130057222011441,8.910410742666278,8.830184209415387,8.535733110038842,8.448953742221017,8.143960747108032,8.049783345190217,7.897123498674779,7.862716069233819,7.8506398235765085,7.8262757695365135,7.822507320667729,7.760490999217619,7.746817579722554,11.67412241818628,11.50459488667354,11.278317481338837,11.265990168224079,11.093550713168469,10.998683716094162,10.764408105628053,10.2849053190293,9.754852637027701,9.439714706868083,9.437155608777651,9.283902641252304,8.94315330336111,8.66675718845304,8.5641527584155,8.498487147213782,8.359536814715746,8.261422010170529,8.190700972184125,8.08042963603911,8.079110668433275,8.016218780682493,7.901908115601422,7.873286260335818,7.848137870879329,7.794647113023202,11.50459488667354,11.093550713168469,9.439714706868083,8.143960747108032,10.297678824625391,"rgba(0, 255, 0, 1.0)",0.4369305818242069,10.718545753883541,3.0816205185156527,67.32742835858926,12.239622830737638,True,False,True,False,True,15.068911837711212,0.0,0.0,0.0,0.0,0,1.002446982055465,0.9494290375203911,False,False,False,False,0.2591000410640724,0.27542603903966745,False,False,False,False,11304780.0,11049740.963923937,False,False,False,False,112595.51712295081,False,False,False,False
2025-10-14 15:00:00+00:00,12.065,12.155,12.045,12.1,80013.0,11.790355821540148,11.396365014620121,11.223178702787646,11.013517774367418,10.481162207782349,10.477759044066648,10.138706967529258,9.715901946817043,9.135636670181029,8.91593416303478,8.835677158639701,8.54111565095446,8.45429601565486,8.148880654000633,8.054423910503248,7.901532198992246,7.867046500379708,7.854938895407807,7.8304984479793385,7.826710640070334,7.764573281381026,7.750854921687727,11.703351585259956,11.515297075028903,11.285872346333267,11.27353100375831,11.099985799700153,11.004158678584057,10.769136275892917,10.28998968157775,9.760250502277675,9.445262700179324,9.442704775724145,9.289492107253537,8.948686952085648,8.672191335947202,8.569547332205877,8.503854630588092,8.364819356235838,8.266598055398823,8.195763178293282,8.085138323622404,8.083817019749958,8.020802346305949,7.906332076298258,7.877636459759614,7.852430130882186,7.798779638660589,11.515297075028903,11.099985799700153,9.445262700179324,8.148880654000633,10.30496425163876,"rgba(0, 255, 0, 1.0)",0.4396571862728362,10.726233457852153,3.124631155910037,66.9849258996865,12.239622830737638,True,False,True,False,True,15.536696871481325,0.0,0.0,0.0,0.0,0,1.0029875067897884,0.9508419337316674,False,False,False,False,0.2773642533436784,0.27639514619167294,False,False,False,False,11384793.0,11054935.569134418,False,False,False,False,112090.36181871901,False,False,False,False
2025-10-14 16:00:00+00:00,12.095,12.15,12.045,12.055,89473.0,11.803650706022134,11.405695933853243,11.230927953621398,11.019632552618429,10.486561650693384,10.483161742753646,10.144406732662233,9.721896477805943,9.141816065977219,8.922055797699674,8.8417664776415,8.54708725560434,8.460224199158597,8.154344626660194,8.059579229129694,7.90643167511273,7.871859425790645,7.859717125412681,7.835192111005775,7.831382854437857,7.769111614098717,7.755343474598532,11.730435538196076,11.52648951763665,11.293987956459674,11.281636690371826,11.106966627122189,11.01012469839181,10.77431825226005,10.295589500203743,9.766214420342216,9.451400517515705,9.448843949130483,9.295679290434967,8.954819312133077,8.678218182729294,8.575531862848583,8.509810069823619,8.370682534281617,8.272344468173284,8.201384289891893,8.090368870889469,8.08904498968211,8.02589476828627,7.911248438854124,7.882471234021425,7.85720082314751,7.803373500619006,11.52648951763665,11.106966627122189,9.451400517515705,8.154344626660194,10.312651861771062,"rgba(0, 255, 0, 1.0)",0.4398563954844284,10.734267855701486,3.0026439489278043,65.58547671726741,12.239622830737638,True,False,True,False,False,14.618971979904874,0.0,0.0,0.0,0.0,0,0.9980620155038757,0.9620708748615721,False,False,False,False,0.2764468392232737,0.27642099270747333,False,False,False,False,11295320.0,11058662.459535433,False,False,False,False,111739.70504633577,False,False,False,False
2025-10-14 17:00:00+00:00,12.055,12.125,12.015,12.065,77230.0,11.813627327673805,11.413374773163163,11.237389683450646,11.024781044743053,10.491149576480828,10.487752571256994,10.149261919670028,9.727013679733723,9.147102017870841,8.927295803527324,8.846979998074337,8.552203775948884,8.465304529749547,8.159030790933588,8.064001975675616,7.9106363569450195,7.87599018463616,7.863818236280258,7.839220919740019,7.835393310429116,7.773007689800866,7.759196964412472,11.75001942815946,11.535550864997754,11.300730785868808,11.288375388607003,11.112821667548058,11.015150332079443,10.778707526219037,10.300354704093111,9.77130453363772,9.45664548552829,9.454090122145834,9.300969240709545,8.960068005597435,8.683380408814937,8.580659115674703,8.514913176090243,8.375708192175502,8.277271208999412,8.206204486604507,8.094855787073895,8.09352970955585,8.030263903796829,7.915467552531828,7.886620645078533,7.8612954918385896,7.807316980118987,11.535550864997754,11.112821667548058,9.45664548552829,8.159030790933588,10.318955875586045,"rgba(0, 255, 0, 1.0)",0.441247382147653,10.740797741216369,3.0010427537007294,64.81469538976681,12.239622830737638,True,False,True,False,False,14.757441021930944,0.0,0.0,0.0,0.0,0,0.9881084070796459,0.9648783185840704,False,False,False,False,0.26638481191384245,0.2714029023106579,False,False,False,False,11372550.0,11063528.933031008,False,False,False,False,111204.67085957088,False,False,False,False
2025-10-14 18:00:00+00:00,12.065,12.105,11.985,11.995,49453.0,11.818687336193625,11.417904388906553,11.241278564074827,11.027925981697999,10.493999276338448,10.490604254108689,10.152293479410377,9.73022291224526,9.150430565992556,8.930599388356876,8.850268210088332,8.55543507384224,8.468514099821872,8.161994969803011,8.066800650785542,7.91329843910118,7.878605785704047,7.86641517875611,7.841772316065479,7.837933127729367,7.775475575315717,7.761637999483183,11.759978738066241,11.54077187628635,11.304765320335381,11.292411905441611,11.116378152072004,11.018222148918685,10.781415831889358,10.303323864054565,9.774495549471556,9.459941720187611,9.457387172320521,9.30429717988972,8.963376507227638,8.686638745320758,8.583896808371108,8.518136492073232,8.378884341652128,8.280386042730305,8.209252814887375,8.09769473077927,8.096367277564497,8.033028989276334,7.918138721290942,7.889247962436305,7.863888378861283,7.809814628101628,11.54077187628635,11.116378152072004,9.459941720187611,8.161994969803011,10.322704762755821,"rgba(0, 255, 0, 1.0)",0.4405961665537798,10.744630263690555,2.837904256157033,62.33196057964715,12.239622830737638,True,False,True,False,False,13.310874747283112,0.0,0.0,0.0,0.0,0,0.9969427459699831,0.9619232907170645,False,False,False,False,0.2572830719422567,0.2643429871264573,False,False,False,False,11323097.0,11067553.244146805,False,False,False,False,110247.28061368606,False,False,False,False
2025-10-14 19:00:00+00:00,11.995,12.015,11.855,11.875,187646.0,11.826593034017153,11.431419843269726,11.253617520282429,11.038350229577922,10.50392517974783,10.500538946307204,10.163018521969377,9.74172260054625,9.16249623213757,8.942614567035161,8.862240772960895,8.567243217010162,8.480254119055992,8.172872666568578,8.077081404728856,7.923090957056841,7.888230364297579,7.875972174718942,7.851163898257304,7.847282474796352,7.784564963946724,7.770629645851783,11.77851138442654,11.555235091611637,11.317340089258806,11.305037434378344,11.1279790077926,11.028421470848619,10.790661988714467,10.313763787170146,9.785917257827613,9.471824041269326,9.469273032605914,9.316328969682088,8.975403935243348,8.698527392803864,8.595724483179904,8.529920373139072,8.390513234842452,8.291802183795529,8.220433452575808,8.108120207849332,8.10678783665868,8.043189580574817,7.927964197169792,7.898914749632451,7.873430674131746,7.819011065894549,11.555235091611637,11.1279790077926,9.471824041269326,8.172872666568578,10.334430493259392,"rgba(0, 255, 0, 1.0)",0.43838768888470103,10.756158377925734,2.5521739100856196,57.7593827131458,13.315225671589687,False,True,True,False,False,10.88948335603628,0.0,0.0,0.0,0.0,0,0.993897364771151,0.9581137309292642,False,False,False,False,0.21770531573711277,0.24102415143178504,False,False,False,False,11135451.0,11068605.922532124,False,False,False,False,111447.26075921032,False,False,False,False
2025-10-15 14:00:00+00:00,12.325,12.425,12.295,12.405,97653.0,11.849059745425082,11.444584631451574,11.264204653736742,11.046474810016168,10.51070217711149,10.507318060445343,10.170000424827135,9.74891599423687,9.169776182902988,8.949790964316255,8.869367781570656,8.574195387193187,8.487146170485248,8.179201427797787,8.083048575679404,7.928753213346857,7.893791066276779,7.881492312626813,7.856585560000228,7.8526793338950895,7.78980444609078,7.775811282336782,11.813448120917972,11.571397861587347,11.328561900267918,11.316211322967686,11.137335179079937,11.036344686408166,10.797358706960773,10.320688982047065,9.793086988078533,9.479118055550373,9.476568053536608,9.323647291227704,8.982597852133052,8.70555967728173,8.602694990185022,8.536849500322242,8.39732073969912,8.298465622764457,8.226946457688877,8.11417611082316,8.112840675207478,8.04908196753205,7.933646131037557,7.904501218672639,7.878942009313973,7.8243163639495785,11.571397861587347,11.137335179079937,9.479118055550373,8.179201427797787,10.344484804163407,"rgba(0, 255, 0, 1.0)",0.4463314124388207,10.766905330637078,3.670130812465406,62.09675018558999,13.315225671589687,False,False,True,False,True,17.940436090478823,0.0,0.0,0.0,0.0,0,0.9951403887688983,0.9408747300215976,False,False,False,False,0.34282821783971146,0.29192618463574826,False,False,False,False,11233104.0,11071156.280322323,False,False,False,False,111233.39625131559,False,False,False,False
2025-10-15 15:00:00+00:00,12.405,12.695,12.405,12.605,115178.0,11.882212607408807,11.462777438950681,11.278566810555706,11.057307570155691,10.519454962566218,10.516072192424527,10.178895956532992,9.757970890809164,9.178835679730552,8.958692365460054,8.87819827770284,8.58277808795332,8.495646472287678,8.18698432501883,8.090381440200662,7.935702734078467,7.900614209789156,7.888265098991068,7.863236424079792,7.859299631260522,7.796228784531683,7.782164133546863,11.862227253074332,11.59405440851648,11.34388481483906,11.331446574782037,11.149887415901846,11.04690327145614,10.806143888171038,10.329560505514403,9.802121947248565,9.488245313430943,9.485696105430119,9.332778146777542,8.991525102149641,8.71425467782292,8.61130312624335,8.545400166579707,8.405708900425836,8.306668406232161,8.234958917374591,8.121619857589765,8.120280572906712,8.056320925357577,7.940620034593563,7.911356528142046,7.885703876206899,7.830823070703231,11.59405440851648,11.149887415901846,9.488245313430943,8.18698432501883,10.357908567096493,"rgba(0, 255, 0, 1.0)",0.4598297961652155,10.781445990788203,3.965715193794444,66.49583992833081,10.249784914826066,True,False,True,False,True,20.0,0.0,0.0,0.0,0.0,0,1.0010703773080007,0.9306930693069299,False,False,False,False,0.3428282209771288,0.31737720280643855,False,False,False,False,11348282.0,11075452.803108023,False,False,False,False,111294.55289858201,False,False,False,False
2025-10-15 16:00:00+00:00,12.605,12.74,12.585,12.67,112259.0,11.915866682649572,11.48145274636136,11.293290377661469,11.068384434606413,10.528313686348286,10.52493173181838,10.187850969457875,9.767042155254963,9.187869721595822,8.967557346154543,8.886988901279418,8.591309885398001,8.504093179881366,8.194710240864092,8.097659216360723,7.942597044821253,7.907382618307211,7.894983387994847,7.8698334982435165,7.865866374621049,7.802600208377165,7.78846452578968,11.90979057601755,11.617262048712966,11.359609853491968,11.347076070531948,11.162730858043409,11.057700162348306,10.815088079325411,10.33851051186269,9.81117725648304,9.497367073235717,9.494818468484644,9.341892687592651,9.000417432670714,8.722903346439983,8.619861299440212,8.553898716814217,8.414041178908056,8.314813691912274,8.242913478807294,8.129008249766267,8.127665117234171,8.06350482333158,7.9475385912341485,7.918157025216038,7.892411300610914,7.83727677408021,11.617262048712966,11.162730858043409,9.497367073235717,8.194710240864092,10.371435727137163,"rgba(0, 255, 0, 1.0)",0.4746943255428741,10.796133077332744,3.947523325719657,69.86951935978608,13.283217608086865,True,False,True,False,True,20.0,0.0,0.0,0.0,0.0,0,1.0082710779082178,0.9295624332977582,False,False,False,False,0.34282822259337137,0.330102712699905,False,False,False,False,11460541.0,11081423.16274976,False,False,False,False,111309.50556682104,False,False,False,False
2025-10-15 17:00:00+00:00,12.665,12.665,12.43,12.495,156191.0,11.950529209912572,11.50363569439602,11.311297594667598,11.082262804018985,10.5397471186003,10.536367602523715,10.199530494383737,9.778986052970618,9.199876580599566,8.979373500527592,8.898717388630136,8.60272997537622,8.515409229856758,8.20509212221624,8.107448514155498,7.951882773427016,7.916501568763461,7.904035806957775,7.878724638899499,7.874717006491032,7.811192010601638,7.796961617872471,11.957024141318394,11.643976344397528,11.378676885570666,11.366056295658927,11.178668833646864,11.071243072602057,10.826492524939585,10.350133544244496,9.823089926206386,9.50943459340549,9.506887279515077,9.353979700659036,9.012265198228011,8.734463888189056,8.631313342421288,8.565278587486423,8.425213716906201,8.32574594907088,8.253597184835083,8.138943406777448,8.137595221682385,8.073170772757283,7.956856540538125,7.927318382543711,7.9014492875458515,7.845977195646649,11.643976344397528,11.178668833646864,9.50943459340549,8.20509212221624,10.387708650792497,"rgba(0, 255, 0, 1.0)",0.48838490949221675,10.813491711105325,3.4429980456254703,68.55478727426876,13.283217608086865,True,False,True,False,True,17.60419960276972,0.0,0.0,0.0,0.0,0,1.0079893475366173,0.9307589880159781,False,False,False,False,0.3066537946030046,0.3183782536514548,False,False,False,False,11304350.0,11084879.392784646,False,False,False,False,112005.34268981607,False,False,False,False
2025-10-15 18:00:00+00:00,12.495,12.61,12.405,12.57,145780.0,11.979444268991433,11.52347731016209,11.327615401786044,11.094965760189966,10.550292391418392,10.546915311093832,10.210319183413958,9.790034331776889,9.210999968769453,8.990326394785448,8.909591182324181,8.613324765789546,8.52590939587139,8.214733513848762,8.116542938351838,7.960512560732418,7.92497722670034,7.912449954418643,7.886989617222427,7.882944495399023,7.819180169517317,7.804862117087252,11.994938450944366,11.667492294144752,11.395895912015595,11.383205362978526,11.193194878822206,11.083646207845693,10.836990509862327,10.360862937681292,9.834107959222205,9.520605249939244,9.518059199169878,9.36517277112583,9.023246500039406,8.745185979011636,8.641937140771365,8.575836870965707,8.43558274471772,8.33589444648036,8.263516962951044,8.148172439468942,8.146819594744283,8.08215140306747,7.965516114765716,7.935833221270255,7.9098500903949605,7.854065749225773,11.667492294144752,11.193194878822206,9.520605249939244,8.214733513848762,10.402263428700586,"rgba(0, 255, 0, 1.0)",0.5040746137389946,10.828917677937259,3.4540170732824453,68.39431714241498,13.283217608086865,True,False,True,False,True,18.475229964523706,0.0,0.0,0.0,0.0,0,1.0074211502782933,0.9284389080307444,False,False,False,False,0.294255914303146,0.3063170839773004,False,False,False,False,11450130.0,11090542.192896511,False,False,False,False,112528.98078764838,False,False,False,False
2025-10-15 19:00:00+00:00,12.565,12.685,12.565,12.615,190140.0,12.018794239600794,11.55052946997769,11.349856503615873,11.112259828936093,10.564520725122646,10.561146092841387,10.224802065623672,9.804798435921672,9.225801958471354,9.004885196246988,8.92403955950344,8.627385246123984,8.539839852024965,8.227514985022673,8.128598420001303,7.971948543346571,7.936208463306956,7.923599549891503,7.89794141679544,7.89384667187306,7.829764205838381,7.815329960092389,12.044865258430756,11.699476170437793,11.419382672704932,11.406588913821217,11.212969795370846,11.100534568632517,10.85123483129759,10.375295205379821,9.848837741973835,9.535499721911805,9.53295506876547,9.380081031661966,9.037845343051623,8.759422777507615,8.656037650496222,8.589846927792845,8.449335135828415,8.349350691965176,8.276667934615743,8.160406907105452,8.159047854633203,8.094055266946704,7.976991595833496,7.94711657345836,7.92098197873036,7.864783519659756,11.699476170437793,11.212969795370846,9.535499721911805,8.227514985022673,10.421856927072374,"rgba(0, 255, 0, 1.0)",0.5200386939864603,10.849742917283448,3.394472571232386,68.72169852567933,13.283217608086865,True,False,True,False,True,18.995586015272107,0.0,0.0,0.0,0.0,0,1.0209437963944856,0.9199363732767758,False,False,False,False,0.3309412129572794,0.3186291484672899,False,False,False,False,11640270.0,11099065.104634551,False,False,False,False,113732.25240334375,False,False,False,False
2025-10-16 14:00:00+00:00,12.55,12.93,12.535,12.79,109494.0,12.043771496788192,11.567329761154733,11.363594822538357,11.122884683798013,10.57313811124319,10.569764258832704,10.23351159130509,9.813620003353313,9.234591763998944,9.013515624665823,8.93259961119746,8.635699516256029,8.548073052347496,8.235058497788987,8.135711476521584,7.978692052963499,7.942830514659207,7.930173234226183,7.904398093502588,7.900274070176386,7.83600276334115,7.821499838757244,12.075867222687352,11.719401767377725,11.433922584562177,11.421056487160358,11.225139064208557,11.110909530746529,10.859929638181098,10.383999013094149,9.857643993387526,9.544370681821778,9.541826614532672,9.388946145394979,9.046501616302129,8.76784818834846,8.664377025467218,8.59812953788861,8.45745914013561,8.357295956094688,8.284430610111533,8.167626346187774,8.166263593568567,8.101077952722171,7.983758477819303,7.953769596918717,7.92754517714806,7.87110169227352,11.719401767377725,11.225139064208557,9.544370681821778,8.235058497788987,10.433827371067252,"rgba(0, 255, 0, 1.0)",0.5398051283347316,11.02303470752475,3.2733392102558136,70.48655278600086,14.655702182037473,True,False,True,False,True,20.0,0.0,0.0,0.0,0.0,0,1.0208550573514077,0.9040667361835237,False,False,False,False,0.3428282235224815,0.3307286859948857,False,False,False,False,11749764.0,11109153.459601458,False,False,False,False,113666.54306375702,False,False,False,False
2025-10-16 15:00:00+00:00,12.785,12.9,12.735,12.815,80681.0,12.062705663543966,11.580074520150593,11.374012896958078,11.130934865716434,10.579632694969412,10.57625920386021,10.240055577208896,9.820229542229871,9.241159749661234,9.01995972091953,8.93898958909617,8.64190090423355,8.554212634804122,8.240680643700536,8.14101237270647,7.983716369301482,7.9477641489834925,7.935070777953738,7.909208385273421,7.905062554840218,7.840650204917347,7.826096081969928,12.099060334320141,11.73450226161759,11.444953441198471,11.432030486486783,11.234360169413325,11.118770872609899,10.866504087972103,10.390546704185802,9.864243768756252,9.551007864801557,9.548464154403245,9.395574349317256,9.052965685767205,8.774134681373855,8.670597598226358,8.604306719604228,8.463516047290666,8.363218448146098,8.290216327630569,8.173006726203797,8.171641205533515,8.106311240475256,7.988800224007583,7.958726374737382,7.932434897905793,7.875808677710256,11.73450226161759,11.234360169413325,9.551007864801557,8.240680643700536,10.442845315461517,"rgba(0, 255, 0, 1.0)",0.5588281416426617,11.03374220241699,3.187487645749274,71.8690099908837,16.321042028359756,True,False,True,False,True,20.0,0.0,0.0,0.0,0.0,0,1.0308770108977683,0.9063310845874407,False,False,False,False,0.34282822458024476,0.3367784552875652,False,False,False,False,11830445.0,11120336.27418128,False,False,False,False,113155.13929532668,False,False,False,False
2025-10-16 16:00:00+00:00,12.815,12.9,12.705,12.8,75498.0,12.079265953814298,11.591625435507705,11.383527341577098,11.13833248323746,10.585635576081014,10.582262528593548,10.246113739877627,9.826357353443385,9.247258333886904,9.0259463511753,8.944927000415339,8.647666481991841,8.559921670478994,8.245911932277341,8.145945995090704,7.988393914978256,7.952357610369123,7.93963076216618,7.91368740366238,7.909521324841182,7.844978157606283,7.830376501054138,12.119058672816362,11.74807033240846,11.455006302352142,11.442034777522233,11.242811764257167,11.125997438301447,10.872569290041975,10.39660423915257,9.870361720351106,9.557165915569112,9.554622575903192,9.401726485034915,9.05897042852335,8.779977908442653,8.676380701767956,8.610050187727843,8.469149152639005,8.368727626635712,8.295599106981879,8.178013973229508,8.17664589029489,8.111182267800578,7.993493938501584,7.9633412888339805,7.93698762476427,7.880191828244774,11.74807033240846,11.242811764257167,9.557165915569112,8.245911932277341,10.451049197931454,"rgba(0, 255, 0, 1.0)",0.5761347987287392,11.042508615681337,3.0504864281703306,72.39777199689073,17.19989144278827,True,False,True,False,True,20.0,0.0,0.0,0.0,0.0,0,1.0278709677419353,0.9089032258064509,False,False,False,False,0.3383595220236228,0.33756898865559404,False,False,False,False,11754947.0,11130175.200162964,False,False,False,False,112571.30767834486,False,False,False,False
2025-10-16 17:00:00+00:00,12.795,12.915,12.715,12.795,98773.0,12.100032625559452,11.606492996980911,11.39584275241239,11.147950734210111,10.593463741712918,10.590091307396431,10.254016980727169,9.834354230739615,9.255220458938055,9.033763795435988,8.952680708217878,8.655197486233211,8.567379293617119,8.252747851693135,8.15239405584825,7.994508244286312,7.958362305491861,7.945591802192728,7.919542849086365,7.915350358724795,7.850636569968124,7.835972901719471,12.143804308107818,11.765417902885632,11.467999540265684,11.454967769759005,11.25377890621779,11.135395909697026,10.880474362872906,10.404505261882043,9.878345493275361,9.565203748545933,9.562660905225023,9.409757478234507,9.066811306785235,8.787609599768523,8.683934440704482,8.617552510530842,8.47650812156526,8.375925400643126,8.30263234898686,8.184557972860398,8.183186551669996,8.117548762454222,7.9996293500576225,7.9693739548270655,7.942939200622009,7.885922231415144,11.765417902885632,11.25377890621779,9.565203748545933,8.252747851693135,10.461625713034136,"rgba(0, 255, 0, 1.0)",0.5925283054780511,11.053677033397822,2.9388013205500467,72.60613173591722,17.819386371465967,True,False,True,False,True,20.0,0.0,0.0,0.0,0.0,0,1.0271516393442621,0.9080430327868847,False,False,False,False,0.3420825292665959,0.33982575896109496,False,False,False,False,11656174.0,11138330.220315477,False,False,False,False,112357.3804275178,False,False,False,False
2025-10-16 18:00:00+00:00,12.795,12.805,12.645,12.675,115774.0,12.119685565472121,11.622051532410083,11.409006644828537,11.158413857486465,10.602158286554955,10.598787253887442,10.262858458677263,9.843359769590121,9.264246447248999,9.042644087966986,8.961494784743197,8.663778398896,8.57588194529292,8.260559039377931,8.159767460231059,8.001506796915834,7.965236933454097,7.9524170086428665,7.926248311668044,7.922025788026797,7.857119069438902,7.842384967415544,12.166600597853204,11.783160641443658,11.481802301286736,11.468721231034989,11.265625286165116,11.145628703087723,10.889181895386624,10.41331804667884,9.88733088134031,9.574285676106362,9.571743655096714,9.418847147966751,9.075715605574246,8.796296578036252,8.69253944013223,8.626103065700113,8.48490362895898,8.384142743863622,8.31066596325411,8.192039449229894,8.190664279049214,8.1248305188692,8.006651787816782,7.9762801464368165,7.949753687479213,7.892485913255788,11.783160641443658,11.265625286165116,9.574285676106362,8.260559039377931,10.47291859743695,"rgba(0, 255, 0, 1.0)",0.6044215237549667,11.064097770153385,2.66519666579524,69.40660513759403,17.819386371465967,True,False,True,False,False,18.41861710372751,0.0,0.0,0.0,0.0,0,1.0244960449094156,0.9145190099515177,False,False,False,False,0.3154729577131502,0.3276493583371226,False,False,False,False,11540400.0,11144563.860310586,False,False,False,False,112410.35127360279,False,False,False,False
2025-10-16 19:00:00+00:00,12.675,12.75,12.605,12.725,315365.0,12.166086393084674,11.66173091023678,11.443162100551925,11.185947092673707,10.625317276778887,10.621950747046311,10.286476670240942,9.86747981924627,9.28848929697482,9.066519371347178,8.98520028709875,8.686883320768587,8.598783375548276,8.28162694422802,8.179666041964298,8.020405252766025,7.983803783073319,7.9708515156458315,7.944361917652023,7.940058816378,7.874635444750118,7.859712375382779,12.21879800136228,11.82753840402876,11.517447019216252,11.504263413944742,11.296611468145858,11.172577824591217,10.912293416364808,10.436830687011282,9.911391279102961,9.598643324329743,9.596103790940683,9.443243196451812,9.099652003760049,8.81967559215921,8.715706786119613,8.6491293366274,8.507524072455135,8.406292155463364,8.332327292299244,8.212226553426857,8.210841387522986,8.144484619758785,8.025614204217376,7.994931409916077,7.968159482390256,7.910219495047805,11.82753840402876,11.296611468145858,9.598643324329743,8.28162694422802,10.502137175467597,"rgba(0, 255, 0, 1.0)",0.6166289640287554,11.091828634854203,2.6485479281989046,68.01845328522637,17.819386371465967,True,False,True,False,False,19.020808428891115,0.0,0.0,0.0,0.0,0,1.0231434384537128,0.9165818921668353,False,False,False,False,0.3016035907107478,0.3146264745239352,False,False,False,False,11855765.0,11155590.234569337,False,False,False,False,115556.93497478723,False,False,False,False
2025-10-17 14:00:00+00:00,12.265,12.27,11.95,12.02,251488.0,12.16086998503966,11.673730841429617,11.456387331975499,11.19855579091966,10.638051799287526,10.63469683359338,10.300268255673997,9.882312073544776,9.304139020394675,9.082153971057929,9.000798262613516,8.702327638164324,8.614155961002696,8.29596876256089,8.193270157831584,8.033403298802956,7.996591073984944,7.98355375442049,7.956855424427913,7.952498869360041,7.886746822993426,7.87169956734403,12.208632841170266,11.836987159243812,11.530343052227046,11.517287166756438,11.309939236320755,11.185005239494675,10.92410148904133,10.450233403429605,9.92611915800072,9.614000456072358,9.611465757671123,9.458816385091929,9.115295051846456,8.835198874261097,8.731170964723193,8.66454906327994,8.522771499913253,8.421288947799036,8.347040374333718,8.226009784544665,8.224618557873152,8.157940040659764,8.03865361850992,8.007771657000566,7.980843203581202,7.9224661681466415,11.836987159243812,11.309939236320755,9.614000456072358,8.29596876256089,10.514215577446315,"rgba(0, 255, 255, 0.75)",0.6159228920968156,11.094146496384202,1.5031970973896924,56.451416733081125,11.860632673067585,False,True,True,False,False,6.53546415860362,0.0,0.0,0.0,0.0,0,1.0094763092269325,0.9259351620947628,False,False,False,False,0.14286746110289875,0.22874696781341697,False,False,False,False,11604277.0,11162546.618529502,False,False,False,False,117664.39334727115,False,False,False,False
2025-10-17 15:00:00+00:00,12.02,12.085,11.89,11.95,246118.0,12.150464724179303,11.681958536160728,11.46671745946241,11.209126165415162,10.649408448779557,10.64606614452895,10.31277725287082,9.895951953817512,9.318712676896839,9.096768010275747,9.015396329654124,8.716841009509158,8.628617600947914,8.309513305614075,8.206135022351237,8.045715479379709,8.008708448707745,7.995592271319511,7.968699779873547,7.964293248330636,7.8982371259377535,7.883073988177315,12.193007531869727,11.841863591789826,11.540099873511553,11.527200551933745,11.32083095265013,11.19545339444428,10.934399548824977,10.46230840006521,9.939646886567104,9.628214590043093,9.625685139343751,9.473276537845253,9.129909305095286,8.849761243752273,8.745697693575478,8.679046110917687,8.537131111233064,8.435429631985432,8.360925990384978,8.23903900565999,8.237642254645769,8.170669209762117,8.05100420711335,8.019937815060844,7.992864534856308,7.934080953576245,11.841863591789826,11.32083095265013,9.628214590043093,8.309513305614075,10.524200209991095,"rgba(38, 166, 154, 1.0)",0.6140659206916236,11.096298336908585,1.3902443277260657,48.16448855074039,4.755983926831867,False,True,False,True,False,5.45302925142342,0.0,0.0,0.0,0.0,0,1.0057185479860766,0.9236698160119335,False,False,False,False,0.10977415419738616,0.16926056100540157,False,False,False,False,11358159.0,11165579.36862982,False,False,False,False,119655.92213258476,False,False,False,False
2025-10-17 16:00:00+00:00,11.955,12.06,11.81,11.835,78447.0,12.146103155576291,11.68385453697409,11.469461468319805,11.212118277304107,10.652789784015198,10.64945180121968,10.316550985853153,9.90011016848055,9.323197158104376,9.101277177596197,9.01990466283303,8.721336436600469,8.633100504838273,8.313723570227014,8.210137730780936,8.049550741944245,8.012484087261246,7.9993437188125265,7.9723915213145915,7.9679695638853625,7.901820317009797,7.88662146345842,12.18692662284368,11.842529593758695,11.542611054124336,11.529767910804242,11.323847152834302,11.198417934441828,10.937411303945813,10.465932420778554,9.943767212074928,9.632568813255682,9.630041145798568,9.477716580945053,9.134416815494541,8.85426621885273,8.750196073114077,8.683537997449667,8.541585886831504,8.43982028447365,8.365240190668398,8.243091748644463,8.241693324386452,8.174630782284098,8.054851264430939,8.023728346613767,7.996610706566044,7.937702109846386,11.842529593758695,11.323847152834302,9.632568813255682,8.313723570227014,10.527001598249177,"rgba(38, 166, 154, 1.0)",0.6121869819759295,11.096775002667737,1.2058815673432433,41.71939250199655,-0.5516034929740314,False,True,False,True,False,3.701521378278155,0.0,0.0,0.0,0.0,0,1.0061850569025235,0.9215734784760015,False,False,False,False,0.09228353524474742,0.13077204812507448,False,False,False,False,11279712.0,11167348.8667906,False,False,False,False,119017.02411502531,False,False,False,False
2025-10-17 17:00:00+00:00,11.835,11.99,11.765,11.985,110406.0,12.140498438698808,11.686608184960786,11.473367914484909,11.216356340525728,10.657562012581897,10.654230054002712,10.32187072419499,9.905967241858445,9.32951072183515,9.107625193476064,9.026251457300447,8.727664957161883,8.639411408731446,8.319651601279165,8.215774217557424,8.05495187742833,8.017801419196706,8.004627048773404,7.977590930397261,7.973147291990103,7.906867111258191,7.891618045781955,12.179119066943057,11.843622216845644,11.546199694402711,11.533433631265268,11.328124104598453,11.202616821376733,10.941669304313434,10.471043242366184,9.94957129144285,9.63870011370534,9.636174942213877,9.483967989671848,9.140762529707864,8.860608206055678,8.756528751092384,8.689861530833726,8.547857273110518,8.446001623076146,8.371314171612282,8.248798533209294,8.247397757938616,8.180209461564463,8.060268975063082,8.02906661371855,8.001886621046642,7.942802294271652,11.843622216845644,11.328124104598453,9.63870011370534,8.319651601279165,10.531018457553158,"rgba(38, 166, 154, 1.0)",0.6101434036133381,11.097871826826486,1.4539666706545384,40.119717101447314,-1.5724659911492438,False,True,False,True,False,5.709282742657976,0.0,0.0,0.0,0.0,0,0.9997544807267369,0.9258531794745882,False,False,False,False,0.07666669504389641,0.10371937158448544,False,False,False,False,11390118.0,11170802.6518016,False,False,False,False,118883.51986517996,False,False,False,False
2025-10-17 18:00:00+00:00,11.985,12.125,11.98,12.1,113337.0,12.138757717965824,11.691253109377623,11.47869499154163,11.221609697571246,10.663023544677895,10.65969694849679,10.327823234190312,9.91240599689181,9.336346839923534,9.114470350244614,9.033086083473329,8.734450258449385,8.646170162830122,8.325978327899254,8.221784323778992,8.060702820937344,8.023461445029971,8.010250307047876,7.983123760620265,7.978656893327648,7.912234614131025,7.896931580819449,12.17596600277016,11.847126440917298,11.551337144536062,11.538630375335714,11.333596426255852,11.207805104736984,10.946692998896978,10.476812146737782,9.95596145818897,9.64538655539309,9.642863658160538,9.490759386580983,9.147609124045344,8.86742043522543,8.763321123229211,8.696638135603155,8.554566315151716,8.452606857047686,8.377799718677815,8.254885398420965,8.253482036407943,8.186156008974974,8.066037801990655,8.034749447225176,8.007501868931307,7.948228136107718,11.847126440917298,11.333596426255852,9.64538655539309,8.325978327899254,10.536205430885431,"rgba(0, 255, 255, 0.75)",0.6085385535617827,11.101068147019333,1.6415259922874361,40.93090671832918,-1.5724659911492438,False,True,False,True,False,7.202846598006342,0.0,0.0,0.0,0.0,0,1.0085595500122277,0.9210075813157246,False,False,False,False,0.12434476499730403,0.11403206829089474,False,False,False,False,11503455.0,11175960.052548861,False,False,False,False,118797.52730913066,False,False,False,False
2025-10-17 19:00:00+00:00,12.1,12.145,11.995,12.025,281819.0,12.13401826828746,11.701935787290973,11.491246192968848,11.234194541794805,10.676295279242483,10.672982259872109,10.342338034029229,9.928153344537035,9.353115984545337,9.131278594295333,9.049874319379137,8.75113641960821,8.662796230302378,8.341562194083659,8.236596307779084,8.074884345147657,8.037420928373013,8.024119914058343,7.996772112130523,7.992248330233421,7.9254787666045265,7.910043528499975,12.167971070777718,11.85488610830119,11.56336551621474,11.550810488871198,11.34661858062641,11.22024468526326,10.95884642600615,10.490859158795473,9.971585887566505,9.661763711198851,9.659246587971378,9.507406307857742,9.164418475917042,8.884164633335873,8.78002293514747,8.713305126862034,8.571075529484373,8.46886702153454,8.39377028984706,8.269884350707391,8.26847469969507,8.200813380264115,8.080263047562518,8.048764586679482,8.02135188930998,7.961614679664456,11.85488610830119,11.34661858062641,9.661763711198851,8.341562194083659,10.548704809797853,"rgba(0, 255, 255, 0.75)",0.6072787625920988,11.109086829524566,1.5082252614367173,40.599509172560474,-1.5724659911492438,False,True,False,True,False,6.040361339718473,0.0,0.0,0.0,0.0,0,1.013199706673185,0.9198240039110237,False,False,False,False,0.12723891956633165,0.1206354939286132,False,False,False,False,11221636.0,11176668.20677291,False,False,False,False,121324.99200201234,False,False,False,False
