date,Close,High,Low,Open,Volume,aVWAP_peak_198,aVWAP_peak_191,aVWAP_peak_179,aVWAP_peak_176,aVWAP_peak_174,aVWAP_peak_164,aVWAP_peak_128,aVWAP_peak_115,aVWAP_peak_105,aVWAP_peak_100,aVWAP_peak_94,aVWAP_peak_83,aVWAP_peak_60,aVWAP_peak_51,aVWAP_peak_43,aVWAP_peak_28,aVWAP_peak_13,aVWAP_valley_190,aVWAP_valley_173,aVWAP_valley_171,aVWAP_valley_166,aVWAP_valley_159,aVWAP_valley_158,aVWAP_valley_153,aVWAP_valley_146,aVWAP_valley_135,aVWAP_valley_129,aVWAP_valley_120,aVWAP_valley_103,aVWAP_valley_97,aVWAP_valley_92,aVWAP_valley_78,aVWAP_valley_72,aVWAP_valley_64,aVWAP_valley_51,aVWAP_valley_41,aVWAP_valley_21,aVWAP_valley_10,aVWAP_OB_bear_179,aVWAP_OB_bear_164,aVWAP_OB_bear_28,Peaks_Valleys_avg,color,StDev,StDev_Mean,StdDev_ZScore,QQEMOD,QQE1_Value,QQE1_Above_Upper,QQE1_Below_Lower,QQE2_Above_Threshold,QQE2_Below_Threshold,QQE2_Above_TL,banker_RSI,OB,OB_High,OB_Low,OB_Mitigated_Index,TTM_squeeze_Active,VI_plus,VI_minus,VI_Regular_Bullish,VI_Regular_Bearish,VI_Hidden_Bullish,VI_Hidden_Bearish,Fisher,Fisher_Signal,Fisher_Regular_Bullish,Fisher_Regular_Bearish,Fisher_Hidden_Bullish,Fisher_Hidden_Bearish,OBV,OBV_Smoothed,OBV_Regular_Bullish,OBV_Regular_Bearish,OBV_Hidden_Bullish,OBV_Hidden_Bearish,Volume_MA,Vol_Regular_Bullish,Vol_Regular_Bearish,Vol_Hidden_Bullish,Vol_Hidden_Bearish
2021-12-31 00:00:00+00:00,9.02,9.26,8.145,9.26,186978,,,,,,,,,,,,,,,,,,,,,,,,,,,,,,,,,,,,,,,,,,,#000000,,,,,,False,False,False,False,False,,0.0,0.0,0.0,0.0,0,,,False,False,False,False,,,False,False,False,False,0,0.0,False,False,False,False,186978.0,False,False,False,False
2022-01-07 00:00:00+00:00,7.88,8.66,7.78,8.5601,309663,,,,,,,,,,,,,,,,,,,,,,,,,,,,,,,,,,,,,,,,,,,#000000,,,,0.0,,False,False,False,True,False,,0.0,0.0,0.0,0.0,0,,,False,False,False,False,,,False,False,False,False,-309663,-22938.0,False,False,False,False,196065.77777777778,False,False,False,False
2022-01-14 00:00:00+00:00,8.49,8.66,7.75,8.365,271801,,,,,,,,,,,,,,,,,,,,,,,,,,,,,,,,,,,,,,,,,,,#000000,,,,10.411332991978158,-76.02833247994539,False,False,False,True,True,,0.0,0.0,0.0,0.0,0,,,False,False,False,False,,,False,False,False,False,-37862,-24043.48148148148,False,False,False,False,201675.79423868313,False,False,False,False
2022-01-21 00:00:00+00:00,8.05,8.609,8.0,8.41,281584,,,,,,,,,,,,,,,,,,,,,,,,,,,,,,,,,,,,,,,,,,,#000000,,,,15.560251454137326,-70.59162572318675,False,False,False,True,True,,0.0,0.0,0.0,0.0,0,,,False,False,False,False,,,False,False,False,False,-319446,-45925.149519890256,False,False,False,False,207594.92059137326,False,False,False,False
2022-01-28 00:00:00+00:00,8.18,8.47,7.86,8.0,258699,,,,,,,,,,,,,,,,,,,,,,,,,,,,,,,,,,,,,,,,,,,#000000,,,,20.567887163243014,-65.07263409797437,False,False,False,True,True,,0.0,0.0,0.0,0.0,0,,,False,False,False,False,,,False,False,False,False,-60747,-47023.06437026875,False,False,False,False,211380.40795497524,False,False,False,False
2022-02-04 00:00:00+00:00,8.05,8.29,7.96,8.14,209809,,,,,,,,,,,,,,,,,,,,,,,,,,,,,,,,,,,,,,,,,,,#000000,,,,23.528956836653393,-61.32510790435291,False,False,False,True,True,,0.0,0.0,0.0,0.0,0,,,False,False,False,False,,,False,False,False,False,-270556,-63581.05960210069,False,False,False,False,211264.0073657178,False,False,False,False
2022-02-11 00:00:00+00:00,7.8,8.15,7.79,8.01,154220,,,,,,,,,,,,,,,,,,,,,,,,,,,,,,,,,,,,,,,,,,,#000000,,,,24.59818679315157,-59.1676259262359,False,False,False,True,True,,0.0,0.0,0.0,0.0,0,,,False,False,False,False,,,False,False,False,False,-424776,-90336.24037231546,False,False,False,False,207038.5253386276,False,False,False,False
2022-02-18 00:00:00+00:00,7.44,7.88,7.41,7.81,178539,,,,,,,,,,,,,,,,,,,,,,,,,,,,,,,,,,,,,,,,,,,#000000,,,,24.1589511016833,-58.27009854178898,False,False,False,True,True,,0.0,0.0,0.0,0.0,0,,,False,False,False,False,,,False,False,False,False,-603315,-128334.6670114032,False,False,False,False,204927.44938761817,False,False,False,False
2022-02-25 00:00:00+00:00,7.09,7.54,6.95,7.46,197393,,,,,,,,,,,,,,,,,,,,,,,,,,,,,,,,,,,,,,,,,,,#000000,,,,22.932384195377242,-58.033580195106836,False,False,False,True,True,,0.0,0.0,0.0,0.0,0,,,False,False,False,False,,,False,False,False,False,-800708,-178140.0990846326,False,False,False,False,204369.34202557238,False,False,False,False
2022-03-04 00:00:00+00:00,6.36,7.06,6.27,7.0,304886,,,,,,,,,,,,,,,,,,,,,,,,,,,,,,,,,,,,,,,,,,,#000000,,,,20.714419442744525,-58.033580195106836,False,False,False,True,True,,0.0,0.0,0.0,0.0,0,,,False,False,False,False,,,False,False,False,False,-1105594,-246840.38804132649,False,False,False,False,211815.0203940485,False,False,False,False
2022-03-11 00:00:00+00:00,5.78,6.69,5.62,6.42,257866,,,,,,,,,,,,,,,,,,,,,,,,,,,,,,,,,,,,,,6.030000000000001,,,,6.030000000000001,#000000,,6.030000000000001,,18.404052323458618,-58.033580195106836,False,False,False,True,True,,0.0,0.0,0.0,0.0,0,,,False,False,False,False,,,False,False,False,False,-1363460,-329552.95189011714,False,False,False,False,215226.2040685634,False,False,False,False
2022-03-18 00:00:00+00:00,6.28,6.81,5.82,5.82,362122,,,,,,,,,,,,,,,,,,,,,,,,,,,,,,,,,,,,,,6.189648272762269,,,,6.189648272762269,#000000,,6.189648272762269,,20.09898618127849,-56.44458133048022,False,False,False,True,True,,0.0,0.0,0.0,0.0,0,,,False,False,False,False,,,False,False,False,False,-1001338,-379314.807305664,False,False,False,False,226107.3741375587,False,False,False,False
2022-03-25 00:00:00+00:00,6.18,6.62,6.0,6.23,296949,,,,,,,,,,,,,,,,,,,,,,,,,,,,,,,,,,,,,,6.214590591647337,,,,6.214590591647337,#000000,,6.214590591647337,,21.11556330626327,-53.943281518625504,False,False,False,True,True,,0.0,0.0,0.0,0.0,0,,,False,False,False,False,,,False,False,False,False,-1298287,-447386.82157931855,False,False,False,False,231354.90197922103,False,False,False,False
2022-04-01 00:00:00+00:00,6.75,7.1901,6.18,6.18,324638,,,,,,,,,,,,,,,,,6.7067,,,,,,,,,,,,,,,,,,,,,6.343263780225387,,,,6.524981890112693,#000000,,6.524981890112693,,25.018520921699935,-48.725481640259346,False,False,False,True,True,,0.0,0.0,0.0,0.0,0,,,False,False,False,False,,,False,False,False,False,-973649,-486369.2051660357,False,False,False,False,238264.76109187133,False,False,False,False
2022-04-08 00:00:00+00:00,5.13,6.69,5.0,6.69,279904,,,,,,,,,,,,,,,,,6.197382648793081,,,,,,,,,,,,,,,,,,,,,6.207753215522529,,,,6.202567932157805,#000000,,6.202567932157805,,24.753611740518448,-47.6272018947007,False,False,False,True,True,,0.0,0.0,0.0,0.0,0,,,False,False,False,False,,,False,False,False,False,-1253553,-543197.634412996,False,False,False,False,241349.14915914013,False,False,False,False
2022-04-15 00:00:00+00:00,4.56,5.22,4.54,5.18,295410,,,,,,,,,,,,,,,,,5.729937264728193,,,,,,,,,,,,,,,,,,,,,5.97452929408456,,,,5.852233279406376,#000000,,5.852233279406376,,23.84989678357079,-47.18694702827071,False,False,False,True,True,,0.0,0.0,0.0,0.0,0,,,False,False,False,False,,,False,False,False,False,-1548963,-617698.7726046259,False,False,False,False,245353.65662883344,False,False,False,False
2022-04-22 00:00:00+00:00,3.56,4.95,3.52,4.95,716907,,,,,,,,,,,,,,,,,4.967325890053905,,,,,,,,,,,,,,,,,,,,,5.4186894385341215,,,,5.193007664294013,#000000,,5.193007664294013,,22.197267252323222,-47.18694702827071,False,False,False,True,True,,0.0,0.0,0.0,0.0,0,,,False,False,False,False,,,False,False,False,False,-2265870,-739785.5301894684,False,False,False,False,280283.53391558654,False,False,False,False
2022-04-29 00:00:00+00:00,3.4,3.53,3.06,3.52,373821,,,,,,,,,,,,,,,,,4.659859696820518,,,,,,,,,,,,,,,,,,,,,5.150154767495169,,,,4.9050072321578435,#000000,,4.9050072321578435,,20.87628865354283,-47.18694702827071,False,False,False,True,True,,0.0,0.0,0.0,0.0,0,,,False,False,False,False,,,False,False,False,False,-2639691,-880519.2686939522,False,False,False,False,287212.2351070246,False,False,False,False
2022-05-06 00:00:00+00:00,3.12,3.61,2.975,3.35,437502,,,,,,,,,,,,,,,,,4.403133072919027,,,,,,,,,,,,,,,,,,,,,4.89967517586071,,,,4.6514041243898685,#000000,,4.6514041243898685,,19.68886358005641,-47.18694702827071,False,False,False,True,True,,0.0,0.0,0.0,0.0,0,,,False,False,False,False,,,False,False,False,False,-3077193,-1043235.8413832892,False,False,False,False,298344.8102842821,False,False,False,False
2022-05-13 00:00:00+00:00,2.99,3.41,2.76,3.1,381147,,,,,,,,,,,,,,,,,4.220003179145863,,,,,,,,,,,,,,,,,,,,,4.710819185908897,,,,4.4654111825273795,#000000,,4.4654111825273795,,18.728005294308876,-47.18694702827071,False,False,False,True,True,,0.0,0.0,0.0,0.0,0,,,False,False,False,False,,,False,False,False,False,-3458340,-1222132.4457252678,False,False,False,False,304478.30581877974,False,False,False,False
2022-05-20 00:00:00+00:00,2.92,3.34,2.66,2.96,211424,,,,,,,,,,,,,,,,,4.132748138604294,,,,,,,,,,,,,,,,,,,,,4.61752941223577,,,,4.375138775420032,#000000,,4.375138775420032,,17.979046366530373,-47.18694702827071,False,False,False,True,True,,0.0,0.0,0.0,0.0,0,,,False,False,False,False,,,False,False,False,False,-3669764,-1403438.4867826554,False,False,False,False,297585.3942766479,False,False,False,False
2022-05-27 00:00:00+00:00,3.36,3.69,2.56,2.56,194984,,,,,,,,,,,,,,,,,4.0763937114882225,,,,,,,,,,,,,,,,,,,,3.2033333333333336,4.550806121637791,,,,3.9435110554864488,#000000,,3.9435110554864488,,19.4318437227437,-44.85939184262597,False,False,False,True,True,,0.0,0.0,0.0,0.0,0,,,False,False,False,False,,,False,False,False,False,-3474780,-1556871.1914654216,False,False,False,False,289985.2909968962,False,False,False,False
2022-06-03 00:00:00+00:00,4.05,4.07,3.0,3.31,176119,,,,,,,,,,,,,,,,,4.0571959750846345,,,,,,,,,,,,,,,,,,,,3.44220653924472,4.516302492275679,,,,4.005235002201678,#000000,,4.005235002201678,,23.15784658351394,-40.3733449916856,False,False,False,True,True,,0.0,0.0,0.0,0.0,0,,,False,False,False,False,,,False,False,False,False,-3298661,-1685892.6587642792,False,False,False,False,281550.7509230521,False,False,False,False
2022-06-10 00:00:00+00:00,4.07,4.66,3.235,4.0,360483,,,,,,,,,,,,,,,,,4.0505804183115295,,,,,,,,,,,,,,,,,,,,3.7113060369298116,4.475541589231392,,,,4.079142681490911,#000000,,4.079142681490911,,25.892277029709767,-36.9951201621796,False,False,False,True,True,,0.0,0.0,0.0,0.0,0,,,False,False,False,False,,,False,False,False,False,-2938178,-1778654.5358928512,False,False,False,False,287397.5841880112,False,False,False,False
2022-06-17 00:00:00+00:00,3.8,4.41,3.49,3.9,247547,,,,,,,,,,,,,,,,,4.041261220011437,,,,,,,,,,,,,,,,,,,,3.7590121447579983,4.446564830501322,,,,4.082279398423586,#000000,,4.082279398423586,,27.360237843157016,-34.91316779987264,False,False,False,True,True,,0.0,0.0,0.0,0.0,0,,,False,False,False,False,,,False,False,False,False,-3185725,-1882881.977678566,False,False,False,False,284445.6890629733,False,False,False,False
2022-06-24 00:00:00+00:00,4.3,4.67,3.77,3.77,2223968,,,,,,,,,,,,,,,,,4.114658690515555,,,,,,,,,,,,,,,,,,,,4.0975990490673455,4.384307425176472,,,,4.1988550549197905,#000000,,4.1988550549197905,,30.248163450066755,-31.521316381822714,False,False,False,True,True,,0.0,0.0,0.0,0.0,0,,,False,False,False,False,-0.19109125022620171,-0.19109125022620171,False,False,False,False,-961757,-1814650.4978505243,False,False,False,False,428114.0083916419,False,False,False,False
2022-07-01 00:00:00+00:00,4.15,4.565,4.0,4.22,409818,,,,,,,,,,,,,,,,,4.12229911873846,,,,,,,,,,,,,,,,,,,,4.113562718031228,4.376384513213878,,,,4.204082116661189,#000000,,4.204082116661189,,31.9991367676037,-29.296383096061092,False,False,False,True,True,,0.0,0.0,0.0,0.0,0,0.7879940556532647,1.1897373671270355,False,False,False,False,-0.17210737366470671,-0.1815993119454542,False,False,False,False,-1371575,-1781830.0906023371,False,False,False,False,426758.7485107795,False,False,False,False
2022-07-08 00:00:00+00:00,5.44,5.5,4.0,4.07,437669,,,,,,,,,,,,,,,,,4.175385101581157,,,,,,,,,,,,,,,,,,,,4.207181900915784,4.409455944439255,,,,4.264007648978732,#000000,,4.264007648978732,,37.09645736704474,-23.938454118360205,False,False,False,True,True,,0.0,0.0,0.0,0.0,0,0.8230334933817223,1.1347460710291455,False,False,False,False,-0.11273553010196931,-0.14716742102371175,False,False,False,False,-933906,-1719020.8987058678,False,False,False,False,427566.9152877588,False,False,False,False
2022-07-15 00:00:00+00:00,6.18,6.4799,4.93,5.35,189228,,,,,,,,,,,,,,,,5.863300000000001,4.219376248886279,,,,,,,,,,,,,,,,,,,,4.281096409388206,4.443097986761896,,,5.863300000000001,4.701717661259096,#000000,,4.701717661259096,,42.38680464237047,-18.565473928089204,False,False,False,True,True,,-1.0,6.4799,4.93,0.0,0,0.8698917219699616,1.0881985679357318,False,False,False,False,0.006557161813989528,-0.07030512960486111,False,False,False,False,-744678,-1646847.3506535813,False,False,False,False,409912.18082199886,False,False,False,True
2022-07-22 00:00:00+00:00,5.89,6.25,5.71,6.22,83402,,,,,,,,,,,,,,,,5.889822955654185,4.239030123076466,,,,,,,,,,,,,,,,,,,,4.313292310049288,4.458311646290374,,,5.889822955654185,4.7251142587675785,#000000,,4.7251142587675785,,45.43317903800598,-15.451302954046604,False,False,False,True,True,,0.0,0.0,0.0,0.0,0,0.8927085614188744,1.0962995401795488,False,False,False,False,0.05083754765840266,-0.009733790973229225,False,False,False,False,-828080,-1586197.9172718346,False,False,False,False,385726.2415018508,False,False,False,False
2022-07-29 00:00:00+00:00,5.2,6.44,4.7399,5.675,244231,,,,,,,,,,,,,,,,5.6867040681472725,4.278326724956276,,,,,,,,,,,,,,,,,,,,4.374607373401067,4.487074869005667,,,5.6867040681472725,4.70667825887757,#000000,,4.70667825887757,,46.01533288924773,-14.679008855075885,False,False,False,False,True,,0.0,0.0,0.0,0.0,0,0.8629013044877554,1.0781605928501865,False,False,False,False,0.0035350326072958326,-0.0030993791829666967,False,False,False,False,-1072311,-1548132.2196961432,False,False,False,False,375245.1125017137,False,False,False,False
2022-08-05 00:00:00+00:00,4.25,5.58,4.0652,4.92,120196,,,,,,,,,,,,,,,,5.4876586727718255,4.283837346060751,,,,,,,,,,,,,,,,,,,,4.381200345326206,4.489090717523821,,,5.4876586727718255,4.66044677042065,#000000,,4.66044677042065,,44.6097813922273,-14.679008855075885,False,False,False,True,True,,0.0,0.0,0.0,0.0,0,0.8385178754196553,1.1015535705040642,False,False,False,False,-0.08819253484145384,-0.04564595701221027,False,False,False,False,-1192507,-1521789.6108297622,False,False,False,False,356352.5856497349,False,False,False,False
2022-08-12 00:00:00+00:00,4.55,4.93,3.96,4.39,130562,,,,,,,,,,,,,,,,5.316269048968304,4.287104538191291,,,,,,,,,,,,,,,,,,,,4.383877582006473,4.488955162907161,,,5.316269048968304,4.619051583018307,#000000,,4.619051583018307,,44.33726251328912,-14.679008855075885,False,False,False,True,True,,0.0,0.0,0.0,0.0,0,0.8448672039937947,1.118974024004759,False,False,False,False,-0.12533464546963624,-0.08549030124092326,False,False,False,False,-1061945,-1487727.0470645947,False,False,False,False,339627.35708308785,False,False,False,False
2022-08-19 00:00:00+00:00,4.32,4.97,4.3,4.55,57327,,,,,,,,,,,,,,,,5.261629780737164,4.28886795790224,,,,,,,,,,,,,,,,,,,,4.385595703520202,4.489222145497871,,,5.261629780737164,4.60632889691437,#000000,,4.60632889691437,,43.71265786671437,-14.679008855075885,False,False,False,True,True,,0.0,0.0,0.0,0.0,0,0.8738421058723219,1.1060960883336741,False,False,False,False,-0.07594070614192051,-0.08071550369142189,False,False,False,False,-1119272,-1460434.0806153654,False,False,False,False,318716.21952137764,False,False,False,False
2022-08-26 00:00:00+00:00,4.1,4.4125,4.1,4.32,50420,,,,,,,,,,,,,,,,5.200721211965433,4.2883305479909275,,,,,,,,,,,,,,,,,,,,4.383738671960801,4.487600634385436,,,5.200721211965433,4.590097766575649,#000000,,4.590097766575649,,42.85558643370943,-14.679008855075885,False,False,False,True,True,,0.0,0.0,0.0,0.0,0,0.8826162917667613,1.115726297070477,False,False,False,False,-0.10539154092221807,-0.09305352230681999,False,False,False,False,-1169692,-1438897.6301994126,False,False,False,False,298842.4254827571,False,False,False,False
2022-09-02 00:00:00+00:00,3.79,4.1652,3.68,4.08,98193,,,,,,,,,,,,,,,,5.0673521128491785,4.283327091105338,,,,,,,,,,,,,,,,,,,,4.373862225229475,4.480925748656962,,,5.0673521128491785,4.551366794460239,#000000,,4.551366794460239,,41.6735264548463,-14.679008855075885,False,False,False,True,True,,0.0,0.0,0.0,0.0,0,0.8925224043370371,1.109247814885647,False,False,False,False,-0.16627608195122764,-0.12966480212902382,False,False,False,False,-1267885,-1426230.027962419,False,False,False,False,283979.50507662696,False,False,False,False
2022-09-09 00:00:00+00:00,3.54,3.9,3.53,3.9,91282,,,,,,,,,,,,,,,,4.946423083164529,4.276296420348021,,,,,,,,,,,,,,,,,,,,4.361064267330591,4.472614798859192,,,4.946423083164529,4.514099642425583,#000000,,4.514099642425583,,40.379941722220224,-14.679008855075885,False,False,False,True,True,,0.0,0.0,0.0,0.0,0,0.9097839691802532,1.1080966855768137,False,False,False,False,-0.20475633347383498,-0.1672105678014294,False,False,False,False,-1359167,-1421262.396261499,False,False,False,False,269705.6158116916,False,False,False,False
2022-09-16 00:00:00+00:00,4.1,4.1,3.47,3.6,70429,,,,,,,,,,,,,,,,4.880885527055238,4.272981230851567,,,,,,,,,,,,,,,,,,,,4.354666756005787,4.4681173185292975,,,4.880885527055238,4.494162708110473,#000000,,4.494162708110473,,41.05083946285927,-14.679008855075885,False,False,False,True,True,,0.0,0.0,0.0,0.0,0,0.8992052082816967,1.1082304730745718,False,False,False,False,-0.19171985028814534,-0.17946520904478735,False,False,False,False,-1288738,-1411445.7743162028,False,False,False,False,254944.38501082556,False,False,False,False
2022-09-23 00:00:00+00:00,3.57,4.1,3.47,4.1,56157,,,,,,,,,,,,,,,,4.825853847780855,4.269177645057928,,,,,,,,,,,,,,,,,,,,4.347796237509176,4.463499914783028,,,4.825853847780855,4.4765819112827465,#000000,,4.4765819112827465,,40.521467805610584,-14.679008855075885,False,False,False,True,True,,0.0,0.0,0.0,0.0,0,0.8918142177589852,1.1003402484143763,False,False,False,False,-0.19171985028814534,-0.18559252966646633,False,False,False,False,-1344895,-1406516.0873298175,False,False,False,False,240219.3935285422,False,False,False,False
2022-09-30 00:00:00+00:00,3.35,3.635,3.35,3.51,71536,,,,,,,,,,,,,,,,4.747640344412306,4.262103464416465,,,,,,,,,,,,,,,,,,,,4.335641949040606,4.455624278432843,,,4.747640344412306,4.450252509075555,#000000,,4.450252509075555,,39.74642611088324,-14.679008855075885,False,False,False,True,False,,0.0,0.0,0.0,0.0,0,0.8757050122379482,1.1474981377035225,False,False,False,False,-0.22462607504229767,-0.20510930235438202,False,False,False,False,-1416431,-1407250.5253053866,False,False,False,False,227724.32734124275,False,False,False,False
2022-10-07 00:00:00+00:00,3.32,3.68,3.32,3.5,69145,,,,,,,,,,,,,,,,4.679765373603341,4.2553390580343855,,,,,,,,,,,,,,,,,,,,4.324136717727819,4.4480896826841,,,4.679765373603341,4.4268327080124115,#000000,,4.4268327080124115,,39.1371768976916,-14.679008855075885,False,False,False,True,False,,0.0,0.0,0.0,0.0,1,0.9226331862911437,1.1348263771066622,False,False,False,False,-0.22288044121471237,-0.21399487178454718,False,False,False,False,-1485576,-1413052.4123198024,False,False,False,False,215977.7105011507,False,False,False,False
2022-10-14 00:00:00+00:00,3.63,3.63,3.2,3.4,77235,,,,,,,,,,,,,,,,4.614381021724307,4.248338630692997,,,,,,,,,,,,,,,,,,,3.486666666666667,4.312290047981679,4.4401881609434275,,,4.614381021724307,4.220372905601816,#000000,,4.165419091766413,,39.66374007405094,-14.679008855075885,False,False,False,True,False,,0.0,0.0,0.0,0.0,0,0.9373069442855508,1.071387713076307,False,False,False,False,-0.24274544124987074,-0.22837015651720896,False,False,False,False,-1408341,-1412703.4188146319,False,False,False,False,205700.47268625066,False,False,False,False
2022-10-21 00:00:00+00:00,3.6,3.7,3.32,3.38,51735,,,,,,,,,,,,,,,,4.576338492743029,4.244043729205048,,,,,,,,,,,,,,,,,,,3.5080607893308517,4.305040982883697,4.435259652111036,,,4.576338492743029,4.213748729254732,#000000,,4.158370998540656,,39.97471706256745,-14.679008855075885,False,False,False,True,False,,0.0,0.0,0.0,0.0,0,0.9889436365821413,1.0586467972599447,False,False,False,False,-0.22055500442396872,-0.22446258047058884,False,False,False,False,-1460076,-1416212.4989024368,False,False,False,False,194295.6228576395,False,False,False,False
2022-10-28 00:00:00+00:00,3.63,4.07,3.51,3.52,61570,,,,,,,,,,,,,,,3.736666666666667,4.542385409475247,4.240408722720808,,,,,,,,,,,,,,,,,,,3.5819311780553513,4.298761900740131,4.430737235459513,,,4.542385409475247,4.1384818521862865,#000000,,4.039936288734349,,40.297149281729766,-14.679008855075885,False,False,False,True,False,,0.0,0.0,0.0,0.0,0,1.0215698022768125,0.9741162372678249,False,False,False,False,-0.15629388709954892,-0.19037823378506888,False,False,False,False,-1398506,-1414900.9063911452,False,False,False,False,184464.09523855508,False,False,False,False
2022-11-04 00:00:00+00:00,3.76,4.0158,3.3785,3.63,127162,,,,,,,,,,,,,,,3.7241569996962185,4.478852165501886,4.232793005277248,,,,,,,,,,,,,,,,,,,3.636433509599142,4.2858087475354045,4.421334916645294,,,4.478852165501886,4.129896557375865,#000000,,4.031312855583162,,40.97800886899551,-14.679008855075885,False,False,False,True,False,,0.0,0.0,0.0,0.0,0,1.0193387906905411,0.9805509758061425,False,False,False,False,-0.17743662438152122,-0.18390742908329505,False,False,False,False,-1271344,-1404267.0614732825,False,False,False,False,180219.4955912547,False,False,False,False
2022-11-11 00:00:00+00:00,3.45,3.8111,3.26,3.81,100859,,,,,,,,,,,,,,,3.6485369843445876,4.422864040051737,4.224495645066526,,,,,,,,,,,,,,,,,,,3.6052524574275515,4.272269180248348,4.411866178044368,,,4.422864040051737,4.097547414197186,#000000,,3.987230665518056,,40.6835671598125,-14.653486516552952,False,False,False,True,False,,0.0,0.0,0.0,0.0,0,1.0240779354615017,0.9806846801727833,False,False,False,False,-0.2146240963472371,-0.19926576271526608,False,False,False,False,-1372203,-1401891.945808595,False,False,False,False,174340.9403622729,False,False,False,False
2022-11-18 00:00:00+00:00,2.74,3.5163,2.67,3.26,147344,,,,,,,,,,,,,,,3.421551770629499,4.310499040417532,4.203976682690861,,,,,,,,,,,,,,,,,,,3.4412672142850833,4.240147176935662,4.390457769059532,,,4.310499040417532,4.001316609003028,#000000,,3.853366300566944,,38.92347665763178,-14.653486516552952,False,False,False,True,False,,0.0,0.0,0.0,0.0,0,1.0004777328708878,0.991577569486246,False,False,False,False,-0.34282825441539394,-0.27104700856533004,False,False,False,False,-1519547,-1410607.1350079584,False,False,False,False,172341.16700210454,False,False,False,False
2022-11-25 00:00:00+00:00,2.69,2.8,2.62,2.68,95805,,,,,,,,,,,,,,,3.2923913595750274,4.2332730796893205,4.18811715545199,,,,,,,,,,,,,,,,,,,3.3344262182829336,4.215788381334189,4.374265282374898,,,4.2332730796893205,3.9397102461180595,#000000,,3.7689697597203677,,37.566237101319295,-14.653486516552952,False,False,False,True,False,,0.0,0.0,0.0,0.0,0,1.0030026723784167,1.044539640279849,False,False,False,False,-0.34282825441539394,-0.306937631490362,False,False,False,False,-1615352,-1425773.421303665,False,False,False,False,166671.82129824493,False,False,False,False
2022-12-02 00:00:00+00:00,2.94,3.0,2.4,2.74,318983,,,,,,,,,,,,,,,3.1004931332134977,4.032836722744413,4.140252850479032,,,,,,,,,,,,,,,,,,,3.1540919664971607,4.14381539881762,4.3248972965000405,,,4.032836722744413,3.816064561375294,#000000,,3.607809305318173,,37.565923332743395,-14.653486516552952,False,False,False,True,False,,0.0,0.0,0.0,0.0,0,0.9692500076874981,1.0548374862906285,False,False,False,False,-0.34282825441539394,-0.324882942952878,False,False,False,False,-1296369,-1416187.9086145046,False,False,False,False,177954.13083170826,False,False,False,False
2022-12-09 00:00:00+00:00,2.49,3.11,2.42,2.89,245357,,,,,,,,,,,,,,,3.004960768190712,3.9024445917205535,4.102876142514442,,,,,,,,,,,,,,,,,,,3.057882598235526,4.08922212678976,4.286474574424953,,,3.9024445917205535,3.740643466979325,#000000,,3.513627521234138,,36.59550522022118,-14.653486516552952,False,False,False,True,False,0.0,0.0,0.0,0.0,0.0,0,0.9565962976375604,1.0825469186034125,False,False,False,False,-0.3282203002296515,-0.3265516215912647,False,False,False,False,-1541726,-1425487.0264949116,False,False,False,False,182946.93595528541,False,False,False,False
2022-12-16 00:00:00+00:00,2.27,2.51,2.035,2.45,571156,,,,,,,,,,,,,,,2.7539019696453817,3.6047983355244426,4.0003428954447875,,,,,,,,,,,,,,,,,,,2.8080214545429594,3.94463690732826,4.182965682808532,,,3.6047983355244426,3.5491112075490605,#000000,,3.277839666760261,,35.46098891393267,-14.653486516552952,False,False,False,True,False,0.0,0.0,0.0,0.0,0.0,0,0.9206314572173552,1.1036427706440033,False,False,False,False,-0.34282825441539394,-0.33468993800332936,False,False,False,False,-2112882,-1476405.1726804737,True,False,False,False,211703.16292156058,False,False,False,False
2022-12-23 00:00:00+00:00,2.67,3.315,2.0,2.36,217581,,,,,,,,,,,,,,2.6616666666666666,2.7432600836843304,3.5434855271926176,3.9723851382454134,,,,,,,,,,,,,,,,,,2.6616666666666666,2.7922162994070012,3.906901106119472,4.153764032226651,,,3.5434855271926176,3.3044181900261025,#000000,,2.7147024291061665,,36.20873728082097,-14.653486516552952,False,False,False,True,False,0.0,0.0,0.0,0.0,0.0,0,0.905585900827857,1.0722774601007083,False,False,False,False,-0.26767838811747663,-0.30118416306040297,False,False,False,False,-1895301,-1507434.4932226609,False,False,False,False,212138.55826070422,False,False,False,False
2022-12-30 00:00:00+00:00,2.73,2.75,2.05,2.62,337105,,,,,,,,,,,,,,2.5694927310225966,2.707886309656089,3.4489162713174095,3.9265495536713657,,,,,,,,,,,,,,,,,,2.5694927310225966,2.7517652388941896,3.8460184388877585,4.106290773443424,,,3.4489162713174095,3.240801505989429,#000000,,2.649659252648868,,36.970031087087214,-14.653486516552952,False,False,False,True,False,0.0,0.0,0.0,0.0,0.0,0,0.896728135492686,1.0961222738875767,False,False,False,False,-0.3175641614165642,-0.3093741622384836,False,False,False,False,-1558196,-1511194.604835797,False,False,False,False,221395.33172287425,False,False,False,False
2023-01-06 00:00:00+00:00,2.475,2.7,2.27,2.7,59641,,,,,,,,,,,,,,2.5609662714916754,2.7019754253880395,3.43350674522477,3.9185815089474954,,,,,,,,,,,,,,,,,,2.5609662714916754,2.7450852768342795,3.8355784962010557,4.098031748952011,,,3.43350674522477,3.2318364680663754,#000000,,2.6422483113014175,,36.90024264335696,-14.653486516552952,False,False,False,True,False,0.0,0.0,0.0,0.0,0.0,0,0.9013574559191132,1.155249913127305,False,False,False,False,-0.30093854588729013,-0.3051563540628869,False,False,False,False,-1617837,-1519094.041514627,False,False,False,False,209413.52937303172,False,False,False,False
2023-01-13 00:00:00+00:00,2.66,2.71,2.25,2.47,128383,,,,,,,,,,,,,,2.5573420940429865,2.6933502255546165,3.403881134311152,3.9024085648975433,,,,,,,,,,,,,,,,,,2.5573420940429865,2.7347190036599636,3.814584125395344,4.081166681770273,,,3.403881134311152,3.2180992404593582,#000000,,2.635688354325138,,37.594739388594476,-14.653486516552952,False,False,False,True,False,0.0,0.0,0.0,0.0,0.0,1,0.838231168257493,1.2232469571342444,False,False,False,False,-0.3019119835393596,-0.30353416880112327,False,False,False,False,-1489454,-1516898.4828839137,False,False,False,False,203411.26793799235,False,False,False,False
2023-01-20 00:00:00+00:00,2.64,2.76,2.5,2.72,36104,,,,,,,,,,,,,,2.5608648706023946,2.692464730825552,3.396762673041075,3.898235440299223,,,,,,,,,,,,,,,,,,2.5608648706023946,2.7332980409960586,3.809225487318975,4.076772701335176,,,3.396762673041075,3.2160611018776057,#000000,,2.6368731282565996,,38.0374703625011,-14.653486516552952,False,False,False,True,True,0.0,0.0,0.0,0.0,0.0,0,0.8033061563958888,1.210049598416736,False,False,False,False,-0.26490339648390604,-0.28421878264251466,False,False,False,False,-1525558,-1517539.9285962163,False,False,False,False,191018.13697962253,False,False,False,False
2023-01-27 00:00:00+00:00,3.31,3.3499,2.47,2.71,137442,,,,,,,,,,,,,,2.6332320355155474,2.7111219760659604,3.3847543239807174,3.8876655943424097,,,,,,,,,,,,,,,,,,2.6332320355155474,2.7490002285518154,3.796222982818928,4.064969115730895,,,3.3847543239807174,3.232524786565228,#000000,,2.6816465689122175,,40.884701116677896,-12.710053291865393,False,False,False,True,True,0.0,0.0,0.0,0.0,0.0,1,0.8530612505670165,1.1955073121178628,False,False,False,False,-0.16654228154902306,-0.22538053209576886,False,False,False,False,-1388116,-1507952.9709224224,False,False,False,False,187049.53424039122,False,False,False,False
2023-02-03 00:00:00+00:00,3.6,3.73,3.19,3.29,115352,,,,,,,,,,,,,,2.7308974584015115,2.745111966283978,3.388134063508041,3.8837528486824078,,,,,,,,,,,,,,,,,,2.7308974584015115,2.779895981672885,3.7921554117898726,4.059668247846223,,,3.388134063508041,3.2638141795733038,#000000,,2.7467007161899715,,43.85791405468857,-9.832867444506405,False,False,False,True,True,0.0,0.0,0.0,0.0,0.0,1,0.9383265314465196,1.1240010083598484,False,False,False,False,0.0017460194781658584,-0.1118172563088015,False,False,False,False,-1272764,-1490531.5656689096,False,False,False,False,181738.60577814002,False,False,False,False
2023-02-10 00:00:00+00:00,3.28,3.6534,3.05,3.58,95384,,,,,,,,,,,,,,2.781416851642839,2.7649955376448716,3.3867819745572816,3.879071469882493,,,,,,,,,,,,,,,,,,2.781416851642839,2.7977679851706347,3.7868234457628396,4.0539670724569605,,,3.3867819745572816,3.279030148595095,#000000,,2.781399306525296,,44.96222753844968,-8.804798384743755,False,False,False,True,True,0.0,0.0,0.0,0.0,0.0,1,0.9343148832691621,1.0871096452304918,False,False,False,False,-0.028516946745215765,-0.07016710152700864,False,False,False,False,-1368148,-1481466.1163601014,False,False,False,False,175341.96831309263,False,False,False,False
2023-02-17 00:00:00+00:00,4.8016,4.88,3.37,3.39,238987,,,,,,,,,,,,,,3.0559440885987263,2.889878883478373,3.4380186894899483,3.888812701113681,,,,,,,,,,,,,,,,,,3.0559440885987263,2.9150835175411283,3.8025876876123115,4.059644572988504,,,3.4380186894899483,3.388239278677675,#000000,,2.979212644554239,,49.6593106588621,-4.364101854552814,False,False,False,False,True,0.0,0.0,0.0,0.0,0.0,0,0.9311055266490383,0.9980315864756867,False,False,False,False,0.29456681623526115,0.11219985735412626,False,False,False,False,-1129161,-1455369.4410741678,False,False,False,False,180056.4151047154,False,False,False,False
2023-02-24 00:00:00+00:00,4.93,5.445,4.74,4.9,138357,,,,,,,,,,,,,5.038333333333333,3.2382686681698765,2.983573750708678,3.4858027761555874,3.9024004284440155,,,,,,,,,,,,,,,,,,3.2382686681698765,3.0040620841513856,3.8222755474228123,4.0703726044600055,,,3.4858027761555874,3.642595317890619,#000000,,3.6246111050954415,,53.26923701019864,-1.0850235131712012,False,False,False,False,True,0.0,0.0,0.0,0.0,0.0,0,1.0332625438170049,0.9262786889440422,False,False,False,False,0.34282822815094066,0.22751404275253345,False,False,False,False,-990804,-1420957.186179785,False,False,False,False,176967.56954140312,False,True,False,False
2023-03-03 00:00:00+00:00,4.38,5.23,4.3,4.6901,141320,,,,,,,,,,,,,4.8353722985205545,3.3583554938172577,3.0540694370144426,3.5198637409379896,3.911159822384089,,,,,,,,,,,,,,,,,,3.3583554938172577,3.0710760044308096,3.8353160546600362,4.076642848278119,,,3.5198637409379896,3.668912354873395,#000000,,3.6515381807923784,,54.14098486426265,-0.4462195568204095,True,False,True,False,True,0.0,0.0,0.0,0.0,0.0,0,1.0310983953228015,0.9263092424430899,False,False,False,False,0.2589904701899646,0.243252256471249,False,False,False,False,-1132124,-1399562.135351653,False,False,False,False,174327.00883463252,False,False,False,False
2023-03-10 00:00:00+00:00,3.51,4.3664,3.38,4.33,175269,,,,,,,,,,,,,4.4180519787696415,3.3962576853705304,3.089134875681192,3.5280875174444453,3.908841290734386,,,,,,,,,,,,,,,,,,3.3962576853705304,3.104067689082199,3.8336962754570574,4.072246945859407,,,3.5280875174444453,3.6385157715299323,#000000,,3.5749255562979734,,52.51402700776261,-0.4462195568204095,True,False,False,False,True,0.0,0.0,0.0,0.0,0.0,0,0.9830260952836964,0.9640890591333494,False,False,False,False,0.044661572761430894,0.14395691461633994,False,False,False,False,-1307393,-1392734.791992271,False,False,False,False,174396.78595799307,False,False,False,False
2023-03-17 00:00:00+00:00,3.5,3.58,3.1,3.51,187535,,,,,,,,,,,,,4.118944906075043,3.3959846312099815,3.1046509416697305,3.52316882582483,3.9009229621093215,,,,,,,,,,,,,,,,,,3.3959846312099815,3.1183220751987517,3.824708442331722,4.06254714699185,,,3.52316882582483,3.605026062513468,#000000,,3.503891277541184,,51.32812355749664,-0.4462195568204095,True,False,False,False,False,0.0,0.0,0.0,0.0,0.0,0,0.9695856987558885,1.0233361517091437,False,False,False,False,-0.08033193834228285,0.03181248813702855,False,False,False,False,-1494928,-1400304.659252103,False,False,False,False,175369.98699814174,False,False,False,False
2023-03-24 00:00:00+00:00,3.34,3.59,3.03,3.45,176644,,,,,,,,,,,,,3.9466527357851366,3.3898420269241187,3.114522927806353,3.51641577138519,3.892637918316782,,,,,,,,,,,,,,,,,3.32,3.3898420269241187,3.127267937110203,3.815188563958206,4.0526870029854605,,,3.51641577138519,3.5565056911195567,#000000,,3.511584197408343,,50.08556284859252,-0.4462195568204095,True,False,False,False,False,0.0,0.0,0.0,0.0,0.0,0,0.9652110625909751,1.0228287239204268,False,False,False,False,-0.0874027451962914,-0.027795128529631428,False,False,False,False,-1671572,-1420398.5363445396,False,False,False,False,175464.35833161272,False,False,False,False
2023-03-31 00:00:00+00:00,3.81,3.89,3.18,3.18,43720,,,,,,,,,,,,,3.9304391737411315,3.394487514073191,3.120268521731767,3.517315369182355,3.8917023792549963,,,,,,,,,,,,,,,,,3.3808423638464844,3.394487514073191,3.1326910741599048,3.8143125497826857,4.051291451617673,,,3.517315369182355,3.5627837911463383,#000000,,3.5250641414334996,,50.44984883949969,-0.4462195568204095,True,False,False,False,False,0.0,0.0,0.0,0.0,0.0,0,0.9820493111807486,0.9770235913202862,False,False,False,False,-0.03453501011503411,-0.031165069322332768,False,False,False,False,-1627852,-1435765.4595782775,False,False,False,False,165705.51697371548,False,False,False,False
2023-04-07 00:00:00+00:00,3.38,3.88,3.3234,3.88,21873,,,,,,,,,,,,,3.9204846722533806,3.3957830878464166,3.122543104130639,3.517357995550568,3.891063120422586,,,,,,,,,,,,,,,,,3.3941120310549864,3.3957830878464166,3.1348260604811924,3.813648022640624,4.0504349225195035,,,3.517357995550568,3.563603610474631,#000000,,3.5265407197503,,49.61045169585822,-0.4462195568204095,True,False,False,False,False,0.0,0.0,0.0,0.0,0.0,0,0.992390237059896,0.9805021742179828,False,False,False,False,-0.01891290404240846,-0.025038986682370614,False,False,False,False,-1649725,-1451614.314424331,False,False,False,False,155051.25645714396,False,False,False,False
2023-04-14 00:00:00+00:00,3.74,3.74,3.3,3.3001,48992,,,,,,,,,,,,,3.903318958705951,3.399991648928761,3.12835595465304,3.518043606471883,3.8898962423167456,,,,,,,,,,,,,,,,,3.427626035639766,3.399991648928761,3.140309039252084,3.812509402075819,4.048765857001877,,,3.518043606471883,3.5668808393974687,#000000,,3.53273207305081,,49.95540181656049,-0.4462195568204095,True,False,False,False,False,0.0,0.0,0.0,0.0,0.0,0,0.9980373373209654,0.9857706955769993,False,False,False,False,-0.038050277982733575,-0.03154463233255209,False,False,False,False,-1600733,-1462660.1429854918,False,False,False,False,147195.01523809627,False,False,False,False
2023-04-21 00:00:00+00:00,2.94,3.76,2.94,3.69,169538,,,,,,,,,,,,,3.797287691978594,3.3871756228973684,3.1318380147528404,3.5088162077107836,3.880843030734883,,,,,,,,,,,,,,,,,3.348777602128625,3.3871756228973684,3.1432108527271687,3.8019817044626496,4.038341227130991,,,3.5088162077107836,3.542544757742127,#000000,,3.480104134975489,,48.308426886694676,3.206468702238709,True,False,False,False,False,0.0,0.0,0.0,0.0,0.0,0,0.9707510421649695,0.9889746919064215,False,False,False,False,-0.07797681743678851,-0.054760724884670306,False,False,False,False,-1770271,-1485446.1323939739,False,False,False,False,148850.05114638543,False,False,False,False
2023-04-28 00:00:00+00:00,2.66,3.04,2.55,2.96,87157,,,,,,,,,,,,,3.720609205774505,3.3654518459668035,3.1239604172761886,3.4971841892294204,3.873117030522,,,,,,,,,,,,,,,,,3.253531437571634,3.3654518459668035,3.135338940514227,3.7925646054357878,4.030129427115177,,,3.4971841892294204,3.5157338945372545,#000000,,3.426261083819936,,46.54337619318308,1.4273341607008447,True,False,False,False,False,0.0,0.0,0.0,0.0,0.0,0,0.9374714115817399,1.0512533162565179,False,False,False,False,-0.21077979372429045,-0.1327702593044804,False,False,False,False,-1857428,-1513000.344809235,False,False,False,False,144280.19550591244,False,False,False,False
2023-05-05 00:00:00+00:00,2.68,2.8,2.55,2.61,59202,,,,,,,,,,,,,3.67115086711262,3.349861664575357,3.117778861501092,3.488728641113568,3.867590273148995,,,,,,,,,,,,,,,,,3.1972802670285905,3.349861664575357,3.1291853951043542,3.785820338098519,4.024294819688981,,,3.488728641113568,3.4981552791947434,#000000,,3.3920386158229814,,45.34140877621878,0.20400454746420138,True,False,False,True,False,0.0,0.0,0.0,0.0,0.0,0,0.94374440864679,1.0632780386263834,False,False,False,False,-0.24031988941945429,-0.18654507436196732,False,False,False,False,-1798226,-1534128.171119662,False,False,False,False,137978.10694991893,False,False,False,False
2023-05-12 00:00:00+00:00,2.39,2.94,2.33,2.68,186380,,,,,,,,,,,,,3.526066801626105,3.2968785268867173,3.094244945687018,3.45933549537368,3.8487516706516334,,,,,,,,,,,,,,,,,3.0460289475651936,3.2968785268867173,3.105849171263871,3.762807518459135,4.004598949904397,,,3.45933549537368,3.4441440554304465,#000000,,3.291463200741183,,43.849717469991205,-1.2984433809007712,True,False,False,True,False,0.0,0.0,0.0,0.0,0.0,0,0.9380229820758454,1.0429748502435727,False,False,False,False,-0.25025630467607746,-0.2184006895190224,False,False,False,False,-1984606,-1567496.8991848724,False,False,False,False,141563.43236103604,False,False,False,False
2023-05-19 00:00:00+00:00,2.385,2.545,2.27,2.44,132621,,,,,,,,,,,,,3.4308613039501688,3.256346442775991,3.074241687047275,3.4361672192537447,3.8341242358991185,,,,,,,,,,,,,,,,2.4,2.9535178718109574,3.256346442775991,3.0860658834188226,3.7449384104987065,3.9894551407246763,,,3.4361672192537447,3.2472609497430773,#000000,,3.010181404634279,,42.77315059092501,-2.400181034296793,True,False,False,True,False,0.0,0.0,0.0,0.0,0.0,0,0.967835851934008,1.0504945780263895,False,False,False,False,-0.3077669600677591,-0.26308382479339076,False,False,False,False,-2117227,-1608217.6473934003,False,False,False,False,140901.02996392228,False,False,False,False
2023-05-26 00:00:00+00:00,2.38,2.63,2.31,2.4,65153,,,,,,,,,,,,,3.3913465973705255,3.2386157661886257,3.065389296067503,3.425577773829371,3.8272432769322444,,,,,,,,,,,,,,,,2.413177262936483,2.919766328450757,3.2386157661886257,3.0772908981464457,3.7365863827693206,3.982304239209883,,,3.425577773829371,3.2333609348879904,#000000,,2.9907264887365974,,41.99233393992041,-3.2329848421517653,True,False,False,True,False,0.0,0.0,0.0,0.0,0.0,0,0.9734845994297635,1.0021757452226254,False,False,False,False,-0.291784673207133,-0.2774342490002619,False,False,False,False,-2182380,-1650748.1920309262,False,False,False,False,135290.0647814095,False,False,False,False
2023-06-02 00:00:00+00:00,2.56,2.59,2.36,2.37,109364,,,,,,,,,,,,,3.3356324732496714,3.21275190702316,3.0525225777036313,3.409410158740031,3.816364936680422,,,,,,,,,,,,,,,,2.44527953775393,2.8783880280393417,3.21275190702316,3.064497109103719,3.723477877778798,3.9709350376644026,,,3.409410158740031,3.2151076513095864,#000000,1.740147086433105,2.9680129865165257,-0.23447040178244755,42.091597710504644,-3.242699645107386,True,False,False,True,False,0.0,0.0,0.0,0.0,0.0,0,0.9893886881949155,1.016894968795653,False,False,False,False,-0.29051242963392454,-0.28397333931709323,False,False,False,False,-2073016,-1682027.2889175243,False,False,False,False,133369.61553834216,False,False,False,False
2023-06-09 00:00:00+00:00,2.41,2.72,2.3001,2.68,65402,,,,,,,,,,,,,3.304570785138034,3.197587573793635,3.044746002319898,3.3997333104477394,3.809814229276693,,,,,,,,,,,,,,,,2.4507956194413127,2.855857870215526,3.197587573793635,3.05676474115288,3.7156028001536465,3.964097275991251,,,3.3997333104477394,3.2033060505733006,"rgba(239, 83, 80, 0.5)",1.6634310411700062,2.952202962147127,-0.32595457745321266,41.76199561248036,-3.7106149525809826,True,False,False,True,False,0.0,0.0,0.0,0.0,0.0,0,0.9842446767517309,1.0159355616601822,False,False,False,False,-0.28161938339359716,-0.2827963613553452,False,False,False,False,-2138418,-1715834.008256967,False,False,False,False,128334.97735031683,False,False,False,False
2023-06-16 00:00:00+00:00,2.3,2.6585,2.16,2.37,154539,,,,,,,,,,,,,3.2312213541640133,3.1593013098451164,3.0239673605039754,3.375161109434559,3.7934007396443885,,,,,,,,,,,,,,,,2.42793716040037,2.7993328234330495,3.1593013098451164,3.0361465396966847,3.695856744660842,3.947075159464449,,,3.375161109434559,3.1701626451628115,"rgba(239, 83, 80, 0.5)",1.6212901744626136,2.9044481619606373,-0.372819234632681,41.23001575428477,-4.390138673187053,True,False,False,True,False,0.0,0.0,0.0,0.0,0.0,0,0.9994662794089356,0.9824927234024067,False,False,False,False,-0.3402858776329411,-0.31154111949414315,False,False,False,False,-2292957,-1758583.8594971916,False,False,True,False,130276.01606510817,False,False,True,False
2023-06-23 00:00:00+00:00,2.365,2.61,2.22,2.37,39699,,,,,,,,,,,,,3.214711767897548,3.150333674518852,3.01903642068594,3.3691933132278393,3.78931929278273,,,,,,,,,,,,,,,,2.425863610737655,2.7876299152480906,3.150333674518852,3.031245108889298,3.6909736172996346,3.942830918425474,,,3.3691933132278393,3.1628640395806435,"rgba(239, 83, 80, 0.5)",1.551726008219166,2.8946347421005365,-0.3413197557398488,41.121307250813764,-4.674300537103264,True,False,False,True,False,0.0,0.0,0.0,0.0,0.0,0,1.0056885892430356,1.037621063581836,False,False,False,False,-0.33870761583836645,-0.3251243676662548,False,False,False,False,-2253258,-1795226.3884233255,False,False,False,False,123566.60746769275,False,False,False,False
2023-06-30 00:00:00+00:00,2.45,2.49,2.05,2.3499,123780,,,,,,,,,,,,,3.163215268820238,3.1212598865557792,3.0025099927659236,3.349767989275284,3.776127721850907,,,,,,,,,,,,,,,2.33,2.4086804085488356,2.7494607858106748,3.1212598865557792,3.0148359311848942,3.6751888918445834,3.929166672975082,,,3.349767989275284,2.9936179041361997,#000000,1.490328546245746,2.662839115794937,-0.14281355364969375,41.40963879790663,-4.674300537103264,True,False,False,True,False,0.0,0.0,0.0,0.0,0.0,0,0.9910505549861672,1.0084671395939255,False,False,False,False,-0.34282825441539394,-0.33397631104082437,False,False,False,False,-2129478,-1819985.7670586347,False,False,False,False,123582.41432193773,False,False,False,False
2023-07-07 00:00:00+00:00,2.39,2.6497,2.1301,2.5,25037,,,,,,,,,,,,,3.1542169318668773,3.1160545118904843,2.999552475951784,3.3461525488945307,3.773597790196141,,,,,,,,,,,,,,,2.3400831952442713,2.4080244921126246,2.743495983701555,3.1160545118904843,3.011892117026642,3.6721808007281713,3.926533438794024,,,3.3461525488945307,2.9907707569307425,"rgba(239, 83, 80, 0.5)",1.4179591636605804,2.661455150731332,-0.1914407394008073,41.42161913005117,-4.761476819630772,False,False,False,True,False,0.0,0.0,0.0,0.0,0.0,0,0.9837535612060396,0.996443797997051,False,False,False,False,-0.3116783169960621,-0.3228273140184432,False,False,False,False,-2154515,-1844765.7102394765,False,False,False,False,116282.7540017942,False,False,False,False
2023-07-14 00:00:00+00:00,2.55,2.61,2.26,2.36,28101,,,,,,,,,,,,,3.1454388159654405,3.1109606513254797,2.996716347564401,3.3424780648549652,3.7709397159277898,,,,,,,,,,,,,,,2.3612481537586154,2.4104922259005472,2.7385572439406145,3.1109606513254797,3.0090595483798843,3.669039817868784,3.9237484924128485,,,3.3424780648549652,2.989495152088421,#000000,1.3406195994873915,2.6639341098913043,-0.0849861585903034,42.16644925997953,-4.761476819630772,True,False,False,True,False,0.0,0.0,0.0,0.0,0.0,0,0.9937087895469119,0.9997580303671889,False,False,False,False,-0.3001142733267573,-0.3114707936726002,False,False,False,False,-2126414,-1865628.5465180338,False,False,False,False,109750.77222388353,False,False,False,False
2023-07-21 00:00:00+00:00,2.81,2.8899,2.51,2.55,20270,,,,,,,,,,,,,3.1416721504353347,3.108832844419543,2.9957091420833266,3.3406438570143653,3.769416797402291,,,,,,,,,,,,,,,2.399835986638809,2.419145595615512,2.738532204859328,3.108832844419543,3.0080299124878014,3.6672810079484432,3.922109728838482,,,3.3406438570143653,2.9928515545922005,#000000,1.262375090346737,2.6747964843872456,0.10710249009715334,43.83672607604974,-4.761476819630772,True,False,False,True,True,0.0,0.0,0.0,0.0,0.0,0,0.9937590846657509,0.9844310498873168,False,False,False,False,-0.2336220576797594,-0.2725464256761798,False,False,False,False,-2106144,-1883444.5060352166,False,False,False,False,103122.56687396622,False,False,False,False
2023-07-28 00:00:00+00:00,2.92,3.09,2.71,2.8899,29846,,,,,,,,,,,,,3.138526587239477,3.1071548065258767,2.9952042874759326,3.3387178635524,3.767550399007725,,,,,,,,,,,,,,,2.466464194202924,2.437475570328155,2.7416936010931647,3.1071548065258767,3.007468945232053,3.6651742921189183,3.920049907490036,,,3.3387178635524,3.000503495429478,#000000,1.1902224022198333,2.6960399882159303,0.18816652363992759,45.494044030870384,-8.008521297708299,True,False,False,True,True,0.0,0.0,0.0,0.0,0.0,0,1.009408259127184,1.0107808717124547,False,False,False,False,-0.18475774405443904,-0.2286520848653094,False,False,False,False,-2076298,-1897729.9500326081,False,False,False,False,97694.6730314502,False,False,False,False
2023-08-04 00:00:00+00:00,2.55,3.1239,2.39,2.86,29649,,,,,,,,,,,,2.687966666666667,3.1326142356009075,3.103726656087684,2.9934834963678902,3.335861481311176,3.7652353123418005,,,,,,,,,,,,,,,2.492049553599836,2.4464945894624437,2.7407084542850906,3.103726656087684,3.005722022093942,3.6624929088045337,3.9175721221729876,,,3.335861481311176,2.904235381156332,#000000,1.1294452527671286,2.5918048160035094,-0.0370135833508426,45.2420576574938,-8.008521297708299,True,False,False,True,True,0.0,0.0,0.0,0.0,0.0,0,0.9384963040607687,1.0342027525558475,False,False,False,True,-0.21959700754977454,-0.22412454620754196,False,False,False,False,-2105947,-1913153.435215378,False,False,False,False,92654.25280689834,False,False,False,False
2023-08-11 00:00:00+00:00,2.56,2.65,2.43,2.57,22846,,,,,,,,,,,,2.626472432930121,3.1267488395739838,3.1002382678781633,2.991563443699616,3.3332012506515967,3.763225090375227,,,,,,,,,,,,,,,2.496513428779602,2.449198727884798,2.7380050492749275,3.1002382678781633,3.0037960981026655,3.6601386647765346,3.9154510337005886,,,3.3332012506515967,2.8965975806653637,#000000,1.0903696929420277,2.5775474097173623,-0.016093082769034,45.10832530288793,-8.008521297708299,True,False,False,True,True,0.0,0.0,0.0,0.0,0.0,0,0.9494283078471388,1.0628861368147382,False,False,False,False,-0.27348482661123513,-0.24880468640938855,False,False,False,False,-2083101,-1925742.1437179425,False,False,False,False,87483.27111749846,False,False,False,False
2023-08-18 00:00:00+00:00,2.65,2.65,2.5,2.59,74405,,,,,,,,,,,,2.6109509091147887,3.110118481853926,3.0902400278151028,2.9861591137421226,3.3252395018558114,3.7570089233949955,,,,,,,,,,,,,,,2.51826866656872,2.461385349381783,2.7320149910143674,3.0902400278151028,2.998353148816171,3.652903715126755,3.9088557268657067,,,3.3252395018558114,2.89229702179779,#000000,1.0650242639404923,2.580654979019915,0.06511121232441669,45.44536425662112,-7.772379771192355,True,False,False,True,True,0.0,0.0,0.0,0.0,0.0,1,0.9312822746220368,1.1723698127294218,False,False,False,False,-0.2646934939169538,-0.25674909016317116,False,False,False,False,-2008696,-1931886.8738129097,False,False,False,False,86514.51029398004,False,False,False,False
2023-08-25 00:00:00+00:00,2.415,2.6,2.2001,2.57,46838,,,,,,,,,,,,2.555437622358571,3.0963784070448392,3.081726014038231,2.981153595045649,3.3189919763302864,3.752476134734978,,,,,,,,,,,,,,,2.5050349163614225,2.4586574120889537,2.7233184095981806,3.081726014038231,2.9933609984056453,3.6475657370769223,3.9041243825865983,,,3.3189919763302864,2.879578536531001,"rgba(239, 83, 80, 0.5)",1.023770883137612,2.560612090101782,-0.1422311305196684,44.74406682093375,-7.772379771192355,True,False,False,True,True,0.0,0.0,0.0,0.0,0.0,1,0.7934271182944149,1.2206882324470574,False,False,False,False,-0.3046892109669858,-0.28071915056507846,False,False,False,False,-2055534,-1941045.9201971386,False,False,False,False,83575.509531463,False,False,False,False
2023-09-01 00:00:00+00:00,2.35,2.615,2.26,2.43,26323,,,,,,,,,,,,2.5360823947029494,3.0889247222748084,3.0770562386515,2.9783940524425456,3.3155304979399016,3.749948225176963,,,,,,,,,,,,,,,2.4990749407821053,2.457324565009815,2.7186795768925713,3.0770562386515,2.990607635393601,3.6445936995111903,3.90148423171927,,,3.3155304979399016,2.8738730862741297,"rgba(239, 83, 80, 0.5)",0.9828259781479772,2.55279036934686,-0.2063339531673707,43.989210531417015,-7.772379771192355,True,False,False,True,True,0.0,0.0,0.0,0.0,0.0,1,0.8251124431548931,1.2121164254300276,False,False,False,False,-0.26722860263600523,-0.27397387660054184,False,False,False,False,-2081857,-1951476.370552906,False,False,False,False,79334.58289950278,False,False,False,False
2023-09-08 00:00:00+00:00,2.3,2.5242,2.19,2.38,38223,,,,,,,,,,,,2.5043188051512764,3.0772962448453582,3.0696890133927597,2.973945868489857,3.310165054508044,3.746103021257929,,,,,,,,,,,,,,,2.485849105414648,2.452907926782005,2.7107106070582017,3.0696890133927597,2.986178424521796,3.64005951156792,3.8974874491834375,,,3.310165054508044,2.8640750063556704,"rgba(239, 83, 80, 0.5)",0.9124569893296792,2.538446611101533,-0.2613236721181825,43.248504984463636,-7.772379771192355,False,False,False,True,False,0.0,0.0,0.0,0.0,0.0,1,0.8908690869086908,1.1577293729372937,False,False,False,False,-0.29511150215109033,-0.28454268937581606,False,False,False,False,-2120080,-1963965.5282897279,False,False,False,False,76289.28046250257,False,False,False,False
2023-09-15 00:00:00+00:00,2.15,2.38,2.15,2.3399,53736,,,,,,,,,,,,2.4532267042211724,3.0591706652486423,3.058037006569444,2.9667184477812776,3.30186778500899,3.740307606250311,,,,,,,,,,,,,,,2.4590167767387077,2.4417116272130497,2.69687031585945,3.058037006569444,2.978999340070826,3.633197193478921,3.8915040508466183,,,3.30186778500899,2.8473655675281,"rgba(239, 83, 80, 0.5)",0.900307904231451,2.5127063560080947,-0.4028692342957041,42.11507397942485,-4.953482378170811,False,False,False,True,False,0.0,0.0,0.0,0.0,0.0,1,0.9100112485939259,1.1034870641169856,False,False,False,False,-0.34282825441539394,-0.31368547189560503,False,False,False,False,-2173816,-1979510.007675674,False,False,False,False,74618.66709490979,False,False,False,False
2023-09-22 00:00:00+00:00,2.25,2.32,2.15,2.15,65481,,,,,,,,,,,,2.4141714349516974,3.038438583800358,3.0444872719751555,2.958253425331072,3.292050453357973,3.7333666637275553,,,,,,,,,,,,,,,2.434481996857901,2.4302392656037064,2.681487740332991,3.0444872719751555,2.9705843253742956,3.625002954525454,3.8843284777325304,,,3.292050453357973,2.830868176956031,"rgba(239, 83, 80, 0.5)",0.8977484630798142,2.4900951094365738,-0.2674414040352728,41.91635358167935,-5.216016985987487,False,False,False,True,False,0.0,0.0,0.0,0.0,0.0,1,0.9132664956866403,1.1137794357659128,False,False,False,False,-0.34282825441539394,-0.3282568631554995,False,False,False,False,-2108335,-1989052.5996996982,False,False,False,False,73941.80286565721,False,False,False,False
2023-09-29 00:00:00+00:00,2.2301,2.43,2.19,2.2,14143,,,,,,,,,,,,2.4091936286697306,3.0343335612709303,3.041774041892528,2.956559759138448,3.2900402595456097,3.731919230179697,,,,,,,,,,,,,,,2.4309120909737785,2.4284569424900355,2.678613449588779,3.041774041892528,2.968898298219187,3.623300773623635,3.8828274911975553,,,3.2900402595456097,2.8280556073681558,"rgba(239, 83, 80, 0.5)",0.9059580082805018,2.4867940279305807,-0.2833398740166588,41.68622370403805,-5.527226100411234,False,False,False,True,False,0.0,0.0,0.0,0.0,0.0,1,0.8985613265057305,1.1375274323335771,False,False,False,False,-0.302699824342346,-0.31547834374892275,False,False,False,False,-2122478,-1998935.9626849056,False,False,False,False,69512.26191264557,False,False,False,False
2023-10-06 00:00:00+00:00,2.679,2.73,1.846,2.22,88603,,,,,,,,,,,,2.410953130094638,3.0140441430989156,3.0281551127437996,2.948228818951477,3.2792911704931402,3.7237555026345546,,,,,,,,,,,,,,2.4183333333333334,2.4292904607188808,2.427741679378722,2.6673505108588333,3.0281551127437996,2.960564147801447,3.6137987779171796,3.8742758995850055,,,3.2792911704931402,2.7332816449723847,#000000,0.9086839628667259,2.4215796508813936,0.2832891958459284,44.0897085749143,-5.527226100411234,False,False,False,True,True,0.0,0.0,0.0,0.0,0.0,1,0.8556319057836085,1.1039707369634872,True,False,False,False,-0.31257539296308345,-0.31402686835600313,False,False,False,False,-2033875,-2001524.0395230607,False,False,False,False,70926.390659857,False,False,False,False
2023-10-13 00:00:00+00:00,2.5501,3.05,2.46,2.54,36091,,,,,,,,,,,,2.4310039428104777,3.00971047334256,3.0251436007353334,2.9465902321767836,3.2763295399110715,3.7211368102798263,,,,,,,,,,,,,,2.496008452959512,2.4421333239789944,2.4349858484672326,2.667685663308467,3.0251436007353334,2.9588858508840254,3.6108303722604633,3.8714579097990134,,,3.2763295399110715,2.7437290989398724,#000000,0.9124872805096508,2.4510328920540543,0.10856820698981566,45.16453525792062,-7.682447447517291,True,False,False,True,True,0.0,0.0,0.0,0.0,0.0,1,0.9170542129935972,1.0596464086338178,False,False,False,False,-0.02220098380456592,-0.16811392608028453,False,False,False,False,-2069966,-2006593.8143732043,False,False,False,False,68345.99135171944,False,False,False,False
2023-10-20 00:00:00+00:00,2.6,3.1,2.52,2.66,125306,,,,,,,,,,,2.74,2.4932888839378595,2.9978581092684182,3.016671552163068,2.9421919141581117,3.2671818981109446,3.712609852825727,,,,,,,,,,,,,,2.618302872133333,2.486112880071515,2.461987820462099,2.671787780173071,3.016671552163068,2.954325683500295,3.6012561712790334,3.8622125015558075,,,3.2671818981109446,2.744487336453054,#000000,0.9152746823325363,2.5844261590356767,0.01701548318220069,46.204365351620645,-6.6814957597226226,True,False,False,False,True,0.0,0.0,0.0,0.0,0.0,1,0.9551949970924413,1.058151173986406,False,False,False,False,0.24549219695053218,0.038689135435123825,False,False,False,False,-1944660,-2002006.1244196338,False,False,False,False,72565.25125159207,False,False,False,False
2023-10-27 00:00:00+00:00,2.5408,2.75,2.4502,2.5586,36978,,,,,,,,,,,2.703618385053363,2.498175950646451,2.992512894299919,3.0128790280337223,2.9399326487563986,3.263742126983793,3.70971333523117,,,,,,,,,,,,,,2.6134103800059005,2.4900467820839394,2.4650008182127383,2.670282039799223,3.0128790280337223,2.9520404241617864,3.5979545543809004,3.8591288850744476,,,3.263742126983793,2.739873795492538,#000000,0.9183087033148439,2.5763128744474137,-0.038672043855429016,46.63076010208398,-6.26309417183181,True,False,False,False,True,0.0,0.0,0.0,0.0,0.0,1,0.9854558870646719,1.0233016495626086,False,False,False,False,0.03236612988447579,0.03552763265979981,False,False,False,False,-1981638,-2000497.3744626238,False,False,False,False,69929.15856628896,False,False,False,False
2023-11-03 00:00:00+00:00,2.51,2.57,2.45,2.53,24650,,,,,,,,,,,2.678086950474499,2.4986025198847117,2.9884299375698933,3.009982130815641,2.9381506863971234,3.2612341854962863,3.7076709639457435,,,,,,,,,,,,,,2.6052305442172505,2.490587091410288,2.4657517774209188,2.668541984447508,3.009982130815641,2.950247165869906,3.5956141937820005,3.856968931818596,,,3.2612341854962863,2.7353345753453473,#000000,0.9224274745230442,2.568126776496687,-0.06301500996242815,46.76514176140674,-6.096964801567914,True,False,False,False,True,0.0,0.0,0.0,0.0,0.0,1,0.9852503023688016,1.0176996371574385,False,False,False,False,-0.05712978280447909,-0.010801075072339641,False,False,False,False,-2006288,-2000926.3096876147,False,False,False,False,66575.14682063792,False,False,False,False
2023-11-10 00:00:00+00:00,2.6,2.74,2.385,2.51,50624,,,,,,,,,,,2.6561189520033004,2.5038724028563544,2.9813679837725093,3.004896173907474,2.9350855953323745,3.256576728022623,3.7037247122897217,,,,,,,,,,,,,2.5749999999999997,2.6010058854977562,2.4950341573614447,2.4693719600866135,2.6665019013613853,3.004896173907474,2.947146646106993,3.5911250994012844,3.8527676449886554,,,3.256576728022623,2.6958065590754314,#000000,0.920826275438937,2.5839993100893524,0.017376448020035667,47.42982465087343,-5.399604501383145,True,False,False,False,True,0.0,0.0,0.0,0.0,0.0,1,1.000504301693445,1.0151290508033524,False,False,False,False,-0.004962495628535217,-0.00788178535043743,False,False,False,False,-1955664,-1997573.5460070507,False,False,False,False,65393.58038947956,False,False,False,False
2023-11-17 00:00:00+00:00,2.65,2.79,2.55,2.67,56103,,,,,,,,,,,2.6574972366095597,2.5151967672954862,2.9754594104197256,3.000526891099723,2.932567246403336,3.252147941442094,3.6997231115189786,,,,,,,,,,,,,2.6214340326252965,2.6093642338046235,2.5043181124244085,2.4762426125339454,2.6664271253966834,3.000526891099723,2.9445713878074726,3.5866245507130743,3.84846336550032,,,3.252147941442094,2.7026993313309178,#000000,0.9181247886626105,2.6008730675837413,0.05350790330780586,48.2232339802552,-4.5803562716169,True,False,False,False,True,0.0,0.0,0.0,0.0,0.0,1,1.0232800591111066,0.970140793748798,False,False,False,False,0.10208238030981732,0.04710029747968995,False,False,False,False,-1899561,-1990313.357413936,False,False,False,False,64705.389249518106,False,False,False,False
2023-11-24 00:00:00+00:00,2.765,2.8,2.46,2.55,32762,,,,,,,,,,,2.659253931248717,2.5215600653976877,2.972234690445615,2.9981132172572584,2.931180893510932,3.2496427892011157,3.697426679952397,,,,,,,,,,,,,2.6340151553169067,2.614130977181825,2.509644752388165,2.480270695106253,2.666543662870249,2.9981132172572584,2.9431505287137765,3.584049493985152,3.845988810749171,,,3.2496427892011157,2.7053880364469935,#000000,0.9170835500798351,2.6072400322862843,0.17202354976270406,49.518626979746855,-3.2922160709925876,True,False,False,False,True,0.0,0.0,0.0,0.0,0.0,1,1.0101013162015011,0.9777771043566978,False,False,False,False,0.062109758517872156,0.05460502799878105,False,False,False,False,-1866799,-1981164.1457536444,False,False,False,False,62339.212268072326,False,False,False,False
2023-12-01 00:00:00+00:00,2.79,2.89,2.6,2.69,44283,,,,,,,,,,2.7600000000000002,2.6712886384358496,2.5337380351708414,2.969199861493355,2.9957505042474626,2.929944499481166,3.24678682723808,3.6945956961640136,,,,,,,,,,,,,2.664373353938576,2.627169971807294,2.5197779251875403,2.4877290495985207,2.6682298554437636,2.9957505042474626,2.9418549346903893,3.580915228864537,3.8429021891416575,,,3.24678682723808,2.6897257195323205,#000000,0.9093124372060816,2.68070799104543,0.12019192137124654,50.60303809064197,-2.22874219418955,True,False,False,False,True,0.0,0.0,0.0,0.0,0.0,1,1.0190768798256975,0.9648583792684519,False,False,False,False,0.1780224270252702,0.11631372751202564,False,False,False,False,-1822516,-1969412.4312533746,False,False,False,False,61001.71506302993,False,False,False,False
2023-12-08 00:00:00+00:00,2.425,2.7,2.42,2.7,26348,,,,,,,,,,2.6686058529540855,2.6609175225536075,2.5331854112938856,2.9653681208311204,2.99292886588538,2.928168920987182,3.2442559931083412,3.6924799468339478,,,,,,,,,,,,,2.6456426803731206,2.621505447137954,2.5196655672336536,2.4881549228190547,2.6666023777332564,2.99292886588538,2.9400658635595467,3.5785084621182075,3.8406603681361533,,,3.2442559931083412,2.6762576768815114,"rgba(239, 83, 80, 0.5)",0.9064406751943854,2.6491678757546917,-0.24730562284908417,49.005861727326675,-2.22874219418955,True,False,False,False,True,0.0,0.0,0.0,0.0,0.0,1,0.9979717047770894,0.9878907747885932,False,False,False,False,-0.007443795011324914,0.05443496625035036,False,False,False,False,-1848864,-1960482.9178271987,False,False,False,False,58434.77320650919,False,False,False,False
2023-12-15 00:00:00+00:00,2.46,2.5,2.35,2.36,59754,,,,,,,,,,2.5623106952486867,2.6315837857480604,2.5271345218535957,2.955442713168675,2.98562188703673,2.9234450236281515,3.2379711276727816,3.6873923530291948,,,,,,,,,,,,,2.599372373774428,2.6025117781767446,2.5154632283493483,2.486393787601076,2.6611940828394602,2.98562188703673,2.935325948743566,3.5726912034560523,3.835305365170745,,,3.2379711276727816,2.6527028853796804,#000000,0.8699093157604726,2.59894465823698,-0.15972315242481902,48.11238452801383,-2.22874219418955,True,False,False,False,False,0.0,0.0,0.0,0.0,0.0,1,1.0052294144101743,1.0019348833317647,False,False,False,False,-0.14238303455090162,-0.043974034150275634,False,False,False,False,-1789110,-1947788.6276177766,False,False,False,False,58532.49370973073,False,False,False,False
2023-12-22 00:00:00+00:00,2.41,2.5,2.03,2.43,203819,,,,,,,,,,2.410468356652424,2.5333960202454135,2.4894698176983177,2.9167998990580197,2.9567911295715628,2.904078451240327,3.214061284010845,3.6686635440096405,,,,,,,,,,,,2.313333333333333,2.47629647612835,2.5274595874807884,2.4856959286097755,2.4683122699655917,2.6353583253379234,2.9567911295715628,2.9159710021813408,3.551180376499368,3.8157590343871126,,,3.214061284010845,2.5256590014509936,#000000,0.7968116840314379,2.4333735465898805,-0.029333840176166567,47.165719847523015,0.14891347577517422,True,False,False,False,False,0.0,0.0,0.0,0.0,0.0,1,0.9657722506301017,0.9968883864209184,False,False,False,False,-0.30976749999101194,-0.17687076707064378,False,False,False,False,-1992929,-1951132.3589053487,False,False,False,False,69294.45713863957,False,False,False,False
2023-12-29 00:00:00+00:00,2.925,2.98,2.36,2.5,112333,,,,,,,,,,2.497140397473595,2.5656013605706205,2.51296926539972,2.9116055680460797,2.9521318389544864,2.9015152138404936,3.2076107942027683,3.6618510921684893,,,,,,,,,,,,2.470263359607615,2.5297200493948506,2.5559341413283962,2.5059131893857782,2.48392195281234,2.6400630907806066,2.9521318389544864,2.9132568637542917,3.5437550968323315,3.8083035679649977,,,3.2076107942027683,2.5673132374799605,#000000,0.7255873805655959,2.5156812917616698,0.5641204894154386,49.74099012068042,0.14891347577517422,True,False,False,False,True,0.0,0.0,0.0,0.0,0.0,1,1.0173093175037928,0.9358537057212386,False,False,False,False,0.10208238030981732,-0.03739419338041323,False,False,False,False,-1880596,-1945907.4434308785,False,False,False,False,72482.4973505922,False,False,False,False
2024-01-05 00:00:00+00:00,2.54,3.75,2.5,2.9,202596,,,,,,,,,2.9299999999999997,2.6322369401442636,2.6412768797144053,2.570370653480029,2.9126123069453174,2.951247049638046,2.902371951155904,3.2007493897228407,3.652140132751065,,,,,,,,,,,,2.6498125904421155,2.632551465298542,2.624813256714383,2.556485250993568,2.523809576382226,2.6592641327679587,2.951247049638046,2.9137509865093993,3.533602528854556,3.797309568135558,,,3.2007493897228407,2.642062074593749,#000000,0.6820155505267951,2.7111502489712302,-0.2509477222902501,49.30562922196602,0.14891347577517422,True,False,False,False,True,0.0,0.0,0.0,0.0,0.0,1,1.0217879583384668,0.8824549598642875,False,False,False,False,0.34282817119544895,0.15271698890751786,False,False,False,False,-2083192,-1956076.669843406,False,False,False,False,82120.53458388166,False,False,False,False
2024-01-12 00:00:00+00:00,2.6772,2.9,2.48,2.51,62651,,,,,,,,,2.8723045277295,2.63694567556075,2.6439596214756143,2.5750805754800283,2.9088362985423224,2.9480046222430834,2.9003755536773794,3.1968428898428995,3.6481908509511483,,,,,,,,,,,,2.6536833753297357,2.6364654825576905,2.6280953105781717,2.561081991535246,2.5281665909194055,2.6597953290070704,2.9480046222430834,2.911688846605094,3.529287428767547,3.7930233958675106,,,3.1968428898428995,2.639557848017321,#000000,0.6670508279268117,2.699849765294419,-0.03395508160122392,49.754161597268535,0.14891347577517422,True,False,False,False,True,0.0,0.0,0.0,0.0,0.0,1,1.0075317510379695,0.9595168381709143,False,False,False,False,0.007415828365495955,0.08006640863650691,False,False,False,False,-2020541,-1960851.8054105612,False,False,False,False,80678.34683692746,False,False,False,False
2024-01-19 00:00:00+00:00,2.68,2.73,2.5,2.63,54329,,,,,,,,,2.832245295015896,2.6369258896098438,2.6435969616256734,2.5771864131663893,2.904964088502297,2.944742169953419,2.8982848964066927,3.1931823247132205,3.6446189301953265,,,,,,,,,,,,2.6522291358358707,2.636477552022485,2.628477878543907,2.5633433615028958,2.5306405638286655,2.6593997115203782,2.944742169953419,2.909548774433206,3.5253653145219235,3.789169711384518,,,3.1931823247132205,2.636052276267201,#000000,0.641982640030794,2.6894694681210236,-0.014750349200360353,50.09027890915182,0.14891347577517422,True,False,False,False,True,0.0,0.0,0.0,0.0,0.0,1,0.9856758150461239,1.0019003418705477,False,False,False,False,-0.04823966300110832,0.015913372817699296,False,False,False,False,-1966212,-1961248.8568616307,False,False,False,False,78726.54336752542,False,False,False,False
2024-01-26 00:00:00+00:00,2.6756,2.85,2.62,2.63,46978,,,,,,,,,2.817244629713494,2.641448336861023,2.6465488933586303,2.5811498537968802,2.9026579472211362,2.9426809706598775,2.8970383559284585,3.1904966646190522,3.6417896510248915,,,,,,,,,,,,2.65656225324908,2.640359874936138,2.6317004746845454,2.5671728610875815,2.5342090544481324,2.6602130058710314,2.9426809706598775,2.908249822981597,3.522298815870056,3.7860837572576846,,,3.1904966646190522,2.6376609238006536,#000000,0.6224571914279468,2.6889037736899337,-0.021372993794824702,50.3029442918541,-2.857405341812921,True,False,False,False,True,0.0,0.0,0.0,0.0,0.0,1,0.9777170648530294,1.009688232672596,False,False,False,False,0.040809114391038286,0.028361243604368792,False,False,False,False,-2013190,-1965096.3489459543,False,False,False,False,76374.79941437539,False,False,False,False
2024-02-02 00:00:00+00:00,2.73,2.87,2.52,2.72,54240,,,,,,,,,2.8029912213577193,2.645526874591899,2.6492804343831864,2.5851780557705344,2.8999459924608444,2.940259152520462,2.8955535122367517,3.1873781423040395,3.6385144765960518,,,,,,,,,,,,2.6602499907274977,2.643931993471193,2.6347845297653,2.5711194686734204,2.5379749410873638,2.660981797862743,2.940259152520462,2.9067061616685574,3.518749907084239,3.7825145361387733,,,3.1873781423040395,2.6392019307690857,#000000,0.6076230246009713,2.6881750200370775,0.06883376414247813,50.79692669594249,-2.306635766865867,True,False,False,False,True,0.0,0.0,0.0,0.0,0.0,1,0.9989937511949205,1.011461173889856,False,False,False,False,0.011124015996835965,0.01974262980060238,False,False,False,False,-1958950,-1964641.0638388467,False,False,False,False,74735.18464294018,False,False,False,False
2024-02-09 00:00:00+00:00,2.87,2.87,2.57,2.73,33502,,,,,,,,,2.8005582879884483,2.650156032990206,2.652575873058813,2.588770493882744,2.898844798969728,2.9391868413288886,2.894951547477573,3.1857230917407366,3.636639674961047,,,,,,,,,,,,2.665022337220249,2.6479918233649453,2.6381352370279965,2.574535238138692,2.541062763839709,2.6620849162204645,2.9391868413288886,2.906062603791693,3.5167430209733226,3.78045081792477,,,3.1857230917407366,2.6420893003732266,#000000,0.5989040370633831,2.690932120390962,0.2989926073750724,52.01212832821936,-1.0659196326840998,True,False,False,False,True,0.0,0.0,0.0,0.0,0.0,1,1.0,0.9640643248585034,False,False,False,False,0.02967158552219533,0.024707107661398855,False,False,False,False,-1925448,-1961737.8739248582,False,False,False,False,71680.87466938906,False,False,False,False
2024-02-16 00:00:00+00:00,2.615,2.89,2.52,2.87,48104,,,,,,,,,2.7885362818471338,2.6514154360791777,2.653421665778029,2.5911117417490646,2.8961538485055294,2.9368191653830094,2.893447712579291,3.182831667614084,3.6336683025513254,,,,,,,,,,,,2.6656086964135044,2.6491854748661523,2.639401861428202,2.5769531495468128,2.543574122909935,2.6622698713353348,2.9368191653830094,2.904511238986835,3.513515955822269,3.777225074109491,,,3.182831667614084,2.6421478301953343,#000000,0.5950749355704301,2.6886864723014923,-0.12382721552682652,51.15997274513958,-1.0659196326840998,True,False,False,False,True,0.0,0.0,0.0,0.0,0.0,1,0.9882788462477659,0.9628830131179248,False,False,False,False,0.01854141113521507,0.021624259398306964,False,False,False,False,-1973552,-1962612.9943748687,False,False,False,False,69934.43950869357,False,False,False,False
2024-02-23 00:00:00+00:00,2.78,2.79,2.6092,2.65,58030,,,,,,,,,2.7821023499812645,2.6557366841879295,2.6565977303464603,2.5954024219082474,2.8937272564841496,2.934568569002289,2.892081187159988,3.1797355499083175,3.6302990310074668,,,,,,,,,,,,2.669633099546496,2.6530938314829937,2.642864283333471,2.581169680546412,2.5476180428225477,2.66335896155139,2.934568569002289,2.9030802259271415,3.5098924048101665,3.7735389822389975,,,3.1797355499083175,2.6447577085707215,#000000,0.5780342751675509,2.690141491299671,0.15545532948592414,51.57763937895041,-1.0659196326840998,True,False,False,False,True,0.0,0.0,0.0,0.0,0.0,1,1.032009870796886,0.9719123665837411,False,False,False,False,0.014535816419735205,0.018080037909021084,False,False,False,False,-1915522,-1959124.7725693227,False,False,False,False,69052.62917471628,False,False,False,False
2024-03-01 00:00:00+00:00,2.86,3.18,2.62,2.76,177288,,,,,,,,,2.8072311913224297,2.690307882733589,2.683597833334878,2.62113099379045,2.893431808642419,2.9330528194563876,2.8919491660420418,3.173785371993415,3.6219567321454114,,,,,,,,,,,,2.706143719497345,2.6843760588653596,2.6692945003950173,2.6054130724469013,2.569079286577636,2.6743734572617153,2.9330528194563876,2.902686992536037,3.501248653549557,3.7641353824008608,,,3.173785371993415,2.6710947996225323,#000000,0.5722141218866361,2.7220147131046804,0.2411427499209053,52.354061770714516,-0.6258630298155907,True,False,False,False,True,0.0,0.0,0.0,0.0,0.0,1,1.0265387564135329,0.9356189427745779,False,False,False,False,0.1646170419670788,0.09134853993804994,False,False,False,False,-1738234,-1942762.4931197434,False,False,False,False,77070.06405066322,False,False,False,False
2024-03-08 00:00:00+00:00,2.87,2.975,2.68,2.93,154398,,,,,,,,,2.813190919118142,2.7077653519371085,2.6982551292953993,2.6368846933689403,2.891611711464083,2.9306019998175032,2.890903634748955,3.168014997915567,3.6144071406792326,,,,,,,,,,,,2.723461460261024,2.700805708562957,2.6841645215306995,2.620685367443629,2.583320818802578,2.6812637169403764,2.9306019998175032,2.901439849312503,3.4933768594966774,3.755695136601452,,,3.168014997915567,2.684979768726085,#000000,0.5693525295527505,2.736305859969808,0.23481785553006018,52.97012676937531,0.030690581985943766,True,False,False,False,True,0.0,0.0,0.0,0.0,0.0,1,1.039468750616699,0.9466382491662224,False,False,False,False,0.10982136214045883,0.10058495103925438,False,False,False,False,-1583836,-1916175.345481244,False,False,False,False,82798.05930616966,False,False,False,False
2024-03-15 00:00:00+00:00,3.59,4.15,2.78,2.79,515153,,,,,,,,3.5066666666666664,3.0670486476525336,2.929771542976989,2.8892697560669087,2.8042897285839166,2.9561905474778407,2.9779146781413752,2.9308518668973966,3.186571023305568,3.61103781946215,,,,,,,,,,,,2.9575717047662757,2.9090747756854856,2.867994717842346,2.7778749827656535,2.720384921473995,2.7809870457262953,2.9779146781413752,2.940076994135114,3.4938857918730335,3.7483180101994233,,,3.186571023305568,2.9429947444480766,"rgba(38, 166, 154, 0.5)",0.5731732761824624,3.115264640515616,0.8282580141319394,56.87284157534769,3.7969034568705524,True,False,True,False,True,0.0,0.0,0.0,0.0,0.0,1,1.047895269011761,0.8350274067372677,False,False,False,False,0.3428281941993338,0.2217065726192941,False,False,False,False,-1068683,-1853398.1347048553,False,False,False,False,114824.35120941635,False,False,False,False
2024-03-22 00:00:00+00:00,3.13,3.7542,3.1,3.61,177667,,,,,,,,3.4608664210040123,3.0963080552148483,2.964605330942949,2.922333017006122,2.8368931791974084,2.9691861583379437,2.9875596917235705,2.9395448708350207,3.1891953317870874,3.6080184427726927,,,,,,,,,,,,2.9921964714240827,2.9433641977458227,2.900919849632843,2.809599229375699,2.7499802151252113,2.8028708365754427,2.9875596917235705,2.9484353231073404,3.49172432654625,3.744067869118634,,,3.1891953317870874,2.9677065966669,#000000,0.5669537066027862,3.1284940696464734,0.002656178689703145,56.724196994721424,3.7969034568705524,True,False,True,False,True,0.0,0.0,0.0,0.0,0.0,1,1.0731367146307447,0.8703779297207198,False,False,False,False,0.319610783051042,0.27065867783516806,False,False,False,False,-1246350,-1808431.6062081994,False,False,False,False,119479.36223094107,False,False,False,False
2024-03-29 00:00:00+00:00,3.32,3.49,3.0,3.1,138869,,,,,,,,3.4289970214827896,3.1103006046507584,2.98414596200353,2.941670105703447,2.8569877469747404,2.977184339689569,2.9935124784213483,2.9451024974657214,3.190349997182262,3.605222636913055,,,,,,,,,,,,3.0111078005402403,2.9630018193827454,2.9204714777152723,2.8294540972325093,2.7690497288338047,2.8170332377598766,2.9935124784213483,2.9537602577419806,3.4894880624186833,3.740349831601132,,,3.190349997182262,2.981518636451984,#000000,0.5628683089128274,3.1336378471693296,0.3310937032334016,57.41486702094429,4.236210091325262,True,False,True,False,True,0.0,0.0,0.0,0.0,0.0,1,1.059956032243022,0.9042368929451736,False,False,False,False,0.2121253944552855,0.24139203614522678,False,False,False,False,-1107481,-1756509.3390816662,False,False,False,False,120915.6316953158,False,False,False,False
2024-04-05 00:00:00+00:00,2.93,3.28,2.81,3.28,83375,,,,,,,,3.39051687874655,3.1055194098724717,2.984979102877601,2.9437704135434513,2.8610441647125935,2.9776475814335863,2.9936768501788094,2.9457179183074564,3.1887875334461726,3.6022649609068647,,,,,,,,,,,,3.0109334144636826,2.964523024261179,2.9231283963575336,2.8339266397801293,2.7741685473698356,2.820423327535481,2.9936768501788094,2.954281078526594,3.486582000137931,3.73691130678201,,,3.1887875334461726,2.979250999198503,#000000,0.5554845671569618,3.1229872014900764,-0.34742135587638084,55.82622171837666,4.236210091325262,True,False,True,False,True,0.0,0.0,0.0,0.0,0.0,1,1.0716815072025303,0.9415546464056108,False,False,False,False,0.09932531229379106,0.17035867421950893,False,False,False,False,-1190856,-1714609.0917422834,False,False,False,False,118134.84416232943,False,False,False,False
2024-04-12 00:00:00+00:00,2.65,3.1372,2.3982,3.02,153644,,,,,,,,3.295336490104562,3.0759747431011997,2.968607816332213,2.9316699224713196,2.854737982744925,2.970635547290885,2.9877072412722123,2.9417882247745184,3.181683161882139,3.5943799915093413,,,,,,,,,,,,2.991873344880813,2.95028243568853,2.9126652733960756,2.829239754921869,2.772423533719324,2.8174905272925037,2.9877072412722123,2.9502575828748174,3.4782654558732142,3.7282763393918343,,,3.181683161882139,2.958281129736083,"rgba(239, 83, 80, 0.5)",0.5453043777098779,3.082948098604697,-0.7939567630521414,53.4088434010625,6.786260503427982,True,False,False,False,False,0.0,0.0,0.0,0.0,0.0,1,0.9837234168943804,0.9815679152735111,False,False,False,False,-0.05356619747311937,0.05839623837319478,False,False,False,False,-1344500,-1687193.6034650772,False,False,False,False,120765.15200215689,False,False,False,False
2024-04-19 00:00:00+00:00,2.65,2.825,2.31,2.55,95429,,,,,,,,3.2379270864740715,3.053653103322727,2.954362505976663,2.920314088169867,2.847284620593701,2.9641829341085617,2.9822927234350503,2.9379354506815334,3.1761127135580614,3.5888099691795845,,,,,,,,,,,2.595,2.9759092803856566,2.9374509945139526,2.9024027704212307,2.8229476421159996,2.768313347168806,2.813168806414337,2.9822927234350503,2.9463690997895102,3.472288024598702,3.722281112305257,,,3.1761127135580614,2.924725209197387,"rgba(239, 83, 80, 0.5)",0.5406998529833571,2.965622367545614,-0.5837293385676752,51.682144602980955,5.202545150038233,True,False,False,False,False,0.0,0.0,0.0,0.0,0.0,1,0.9709867904563607,1.0123732805406696,False,False,False,False,-0.16510918141282852,-0.05335647151981687,False,False,False,False,-1344500,-1661808.8920972936,False,False,False,False,118888.40000199711,False,False,False,False
2024-04-26 00:00:00+00:00,2.7201,2.86,2.58,2.65,69937,,,,,,,,3.2085771970724606,3.042679311773642,2.947992502728298,2.915482659940557,2.844663620820729,2.96114751731482,2.97966921648144,2.9361756011681344,3.1729610341469234,3.5852757724146516,,,,,,,,,,,2.647879408302392,2.968582216399942,2.931844678877592,2.8981848374453176,2.8209607617013783,2.7675073511008206,2.8118615880356033,2.97966921648144,2.9445679625157446,3.4685755263527542,3.7184103987065336,,,3.1729610341469234,2.922684719506231,"rgba(239, 83, 80, 0.5)",0.5407412358459006,2.966929533387109,-0.4564651574999361,50.81387745338895,4.436226801483919,True,False,False,False,False,0.0,0.0,0.0,0.0,0.0,1,0.9999829045217541,0.9794854261047953,False,False,False,False,-0.0799197407784877,-0.06663810614915228,False,False,False,False,-1274563,-1633124.011201198,False,False,False,False,115262.37037221956,False,False,False,False
2024-05-03 00:00:00+00:00,2.7,2.86,2.59,2.6,39194,,,,,,,,3.1934351049687364,3.036778400151351,2.9445212703217285,2.9128306920156386,2.8432030161356043,2.9594558914694327,2.9782030077358614,2.935186552559142,3.1712007586290802,3.5833000288083503,,,,,,,,,,,2.6610591492308697,2.9646033992253185,2.9287794552247757,2.895862168518096,2.819844426420109,2.7670361077253514,2.8111186430439394,2.9782030077358614,2.943556102371794,3.4665016653317235,3.7162469519722188,,,3.1712007586290802,2.9200917082212223,"rgba(239, 83, 80, 0.5)",0.5407116976726208,2.9639690133940686,-0.48818809456179185,50.090798806360645,3.7741468601954793,True,False,False,False,False,0.0,0.0,0.0,0.0,0.0,1,1.000843953076209,0.9645539707992237,False,False,False,False,-0.07715274253584856,-0.07189542434250042,False,False,False,False,-1313757,-1609467.1955566648,False,False,False,False,109627.67627057366,False,False,False,False
2024-05-10 00:00:00+00:00,2.62,2.85,2.59,2.7,54986,,,,,,,,3.172456309235031,3.028108113767826,2.939204852000213,2.9086761700959576,2.8407365042175936,2.9568333414459773,2.975940564800014,2.9336254820923733,3.1685925141298807,3.580447894480851,,,,,,,,,,,2.6664842182118007,2.958578366059247,2.924035714928803,2.8921730295426413,2.8178741548465998,2.766004424587796,2.8097707731910226,2.975940564800014,2.9419658878151864,3.463495779514105,3.713136894103427,,,3.1685925141298807,2.914832743290572,"rgba(239, 83, 80, 0.5)",0.540960574906907,2.9564067518184762,-0.6218692589129399,49.15213604143986,2.8759670359722094,False,False,False,False,False,0.0,0.0,0.0,0.0,0.0,1,1.006380806533946,0.9795814190913733,False,False,False,False,-0.0799197407784877,-0.07590758256049406,False,False,False,False,-1368743,-1591635.7736635786,False,False,False,False,105580.1446949756,False,False,False,False
2024-05-17 00:00:00+00:00,2.66,2.85,2.62,2.71,61482,,,,,,,,3.151997215706196,3.019537039460345,2.934039909350658,2.904677557975199,2.838473028511891,2.9542082002280243,2.9736527905556063,2.932065789965261,3.1658487888503735,3.5773629184672777,,,,,,,,,,,2.674818186887125,2.952695736509002,2.919447185073191,2.888650355830958,2.8161187298095243,2.7652119518268132,2.808577011416632,2.9736527905556063,2.9403713537088487,3.460262236049424,3.7097601361857118,,,3.1658487888503735,2.910045494511409,"rgba(239, 83, 80, 0.5)",0.5399611392423529,2.949762044640667,-0.5366349975615777,48.7268162043856,2.4467167696888197,False,False,False,False,False,0.0,0.0,0.0,0.0,0.0,1,0.9948910081743869,0.9838215258855586,False,False,False,False,-0.07162223871279248,-0.07376491063664327,False,False,False,False,-1307261,-1570570.9756144246,False,False,False,False,102313.61545831074,False,False,False,False
2024-05-24 00:00:00+00:00,2.75,2.8204,2.65,2.72,60891,,,,,,,,3.134708964721232,3.012274966296631,2.929806858054169,2.9014618270847166,2.8368152393619015,2.951976842861153,2.97168003939888,2.9307491060086184,3.163341107097426,3.574434474155135,,,,,,,,,,,2.685231663520275,2.9478278732455903,2.915719134227839,2.8858595403793625,2.8149135366896108,2.7648653533001064,2.8077754503007,2.97168003939888,2.9390173659854733,3.4572145421849627,3.7065382959960167,,,3.163341107097426,2.9064619603581328,#000000,0.5362912273574388,2.945010866945932,-0.36362867225489187,48.98271464395246,2.4467167696888197,False,False,False,False,False,0.0,0.0,0.0,0.0,0.0,1,1.0051838540226707,0.9870058059165054,False,False,False,False,-0.07151167435813732,-0.07263829249739029,False,False,False,False,-1246370,-1546556.0885318746,False,False,False,False,99245.27357250993,False,False,False,False
2024-05-31 00:00:00+00:00,2.59,2.72,2.59,2.715,48214,,,,,,,,3.1185809533499547,3.0046335524645573,2.924769252857157,2.8973758958805385,2.8341349133689686,2.9493685343179084,2.9694318346172532,2.9291422960767615,3.160880544652641,3.5718352267833775,,,,,,,,,,,2.679414332388664,2.9422266803319213,2.9111457292052614,2.8821572786808773,2.812661399551204,2.7634415568438166,2.8061726994237777,2.9694318346172532,2.9373894127247357,3.45446289439744,3.703722112250576,,,3.160880544652641,2.9007099988079106,"rgba(239, 83, 80, 0.5)",0.5366683135221851,2.9362138796337742,-0.6451170507190049,48.221961145498526,1.8428500596447819,False,False,False,False,False,0.0,0.0,0.0,0.0,0.0,1,0.9851455733808675,1.0008737898011255,False,False,False,False,-0.11601776825305299,-0.09432803037522164,False,False,False,False,-1294584,-1527891.4893813652,False,False,False,False,95465.1792338055,False,False,False,False
2024-06-07 00:00:00+00:00,2.77,2.85,2.59,2.59,32855,,,,,,,,3.1103888617802316,3.001001236083217,2.9226161660829395,2.8957241979409227,2.8332678069883293,2.94818865465714,2.968382634850016,2.9284362896840546,3.1595427373264604,3.5702663199776,,,,,,,,,,,2.683477127628938,2.939761803330263,2.9092411384599437,2.8807181267950153,2.8120244823999663,2.7632455006126695,2.8057402305583303,2.968382634850016,2.9366636062536893,3.4528329588560367,3.701995948059234,,,3.1595427373264604,2.8988220947489767,#000000,0.5366009668810384,2.9336572572056627,-0.3049887482628123,48.817497993400586,1.8428500596447819,False,False,False,False,False,0.0,0.0,0.0,0.0,0.0,1,1.0088226990400904,0.9805900621118013,False,False,False,False,-0.0799197407784877,-0.08712388557685466,False,False,False,False,-1261729,-1508175.74942719,False,False,False,False,90827.38817944954,False,False,False,False
2024-06-14 00:00:00+00:00,2.67,2.87,2.585,2.78,38273,,,,,,,2.7083333333333335,3.1005874763769223,2.9964517267681665,2.9197965329859517,2.8935072239695785,2.8319863472426534,2.946648694509467,2.967024282424439,2.927499810677246,3.1578912115953677,3.5683842394492653,,,,,,,,,,,2.6853749843561205,2.9365736441371513,2.906718479532624,2.878754378063295,2.811021917145162,2.762781066841687,2.8050392973459743,2.967024282424439,2.9357058538380443,3.450868796008765,3.69993409072488,,,3.1578912115953677,2.88580841267658,"rgba(239, 83, 80, 0.5)",0.5353919103401408,2.8726868802086356,-0.3785766581341625,48.634445610529866,1.8428500596447819,False,False,False,False,False,0.0,0.0,0.0,0.0,0.0,1,1.0143861056376098,0.961637051633041,False,False,False,False,-0.07576968807021588,-0.08144678682353526,False,False,False,False,-1300002,-1492755.4716918427,False,False,False,False,86934.47053652735,False,False,False,False
2024-06-21 00:00:00+00:00,2.65,2.705,2.47,2.705,93451,,,,,,,2.637388782606055,3.0729326195629088,2.9822589891253086,2.910101050074398,2.88550066928126,2.826521901516946,2.9414269232118064,2.962507131024593,2.9242181597491785,3.153023240646428,3.5632927941390364,,,,,,,,,,2.608333333333334,2.6732689240618432,2.9258919874652123,2.8978425158249297,2.8714361832778765,2.8063471718558777,2.7596560611270053,2.8016427983114043,2.962507131024593,2.9323869241939913,3.4454761241122496,3.6944313363923134,,,3.153023240646428,2.8464955054613124,"rgba(239, 83, 80, 0.5)",0.535433469592972,2.747980914891035,-0.18299363124520146,48.37995631590867,1.7303311945622184,False,False,False,False,False,0.0,0.0,0.0,0.0,0.0,1,1.032934558142847,0.9755216121911274,False,False,False,False,-0.3264112854061573,-0.2039290361148463,False,False,False,False,-1393453,-1485399.7330480025,False,False,False,False,87417.17642271052,False,False,False,False
2024-06-28 00:00:00+00:00,2.65,2.7,2.5,2.535,30816,,,,,,,2.633460071367048,3.0646337216499555,2.9779030108946247,2.9071195779667494,2.883034572466028,2.8248446489351124,2.939782375362388,2.96107687903133,2.9231789211532355,3.1514611229628327,3.5616402282212247,,,,,,,,,,2.6103998513952487,2.670480471484357,2.9226089299790803,2.8951112161602426,2.869182749321709,2.8049154679944204,2.758708346922719,2.800595534305302,2.96107687903133,2.9313349596059277,3.4437305143665435,3.6926427446377534,,,3.1514611229628327,2.843393417268504,"rgba(239, 83, 80, 0.5)",0.5353893862927828,2.744743528974152,-0.17696191108715945,48.1981782483221,1.4200636752495157,False,False,False,False,False,0.0,0.0,0.0,0.0,0.0,1,1.0064728510134635,1.0194185530403905,False,False,False,False,-0.31623681962654465,-0.2600829278706955,False,False,False,False,-1393453,-1478588.8639333355,False,False,False,False,83224.49668769493,False,False,False,False
2024-07-05 00:00:00+00:00,2.73,2.76,2.5996,2.69,15556,,,,,,,2.638969277992394,3.061284677064033,2.976220788962049,2.906044971201163,2.8821749200956392,2.8243290445406415,2.9391621526125618,2.9605257543206203,2.922792975465652,3.1507932617253065,3.560878519038867,,,,,,,,,,2.6199826270832887,2.6711126481085166,2.9214037347529977,2.894142225727801,2.868415300619524,2.8045040737161964,2.7585010177095417,2.8002989721580405,2.9605257543206203,2.930940691558932,3.4429369395856546,3.6918089630114057,,,3.1507932617253065,2.843975117160741,#000000,0.5323924891680293,2.747837307562058,-0.033504055607419515,48.66020050590585,1.4200636752495157,False,False,False,False,False,0.0,0.0,0.0,0.0,0.0,1,1.003043764396183,1.09460348798947,False,False,False,False,-0.25265979901610236,-0.25637136344339895,False,False,False,False,-1377897,-1471130.207345681,False,False,False,False,78212.01545156937,False,False,False,False
2024-07-12 00:00:00+00:00,2.65,2.75,2.5,2.75,24988,,,,,,,2.6382758162468076,3.0551204094467312,2.9729591174907575,2.90382773776642,2.8803460033503367,2.8231041053226127,2.937914673136802,2.95943446831266,2.9220033626601785,3.1495758678343355,3.5595685101238312,,,,,,,,,,2.6220068090115345,2.6696953395929173,2.9189578680220865,2.892113825224099,2.866748640138456,2.8034667276221437,2.7578341336805674,2.799538120830834,2.95943446831266,2.9301401242033123,3.4415580853974963,3.690387694408101,,,3.1495758678343355,2.842005156629015,"rgba(239, 83, 80, 0.5)",0.5246355804291775,2.7462745935744977,-0.18350755679921754,48.410328492130105,1.3794995904067306,False,False,False,False,False,0.0,0.0,0.0,0.0,0.0,1,0.9947670280905934,1.008372755055051,False,False,False,False,-0.2960742100976088,-0.2762227867705039,False,False,False,False,-1402885,-1466075.0068015566,False,False,False,False,74269.49578849017,False,False,False,False
2024-07-19 00:00:00+00:00,2.51,2.67,2.5,2.52,14803,,,,,,,2.632957844509616,3.0509312584198636,2.970645063612471,2.902179650637666,2.878957260905602,2.822108264601924,2.937003672200369,2.958646802712661,2.9214193049650476,3.1487553132515793,3.558732894077044,,,,,,,,,,2.616896479116327,2.667310437647635,2.917161410620976,2.8905906840163467,2.8654656937581513,2.802595772820454,2.7572116772363477,2.7988932172917207,2.958646802712661,2.9295512166960225,3.440669545100863,3.6894892408370175,,,3.1487553132515793,2.839309578324465,"rgba(239, 83, 80, 0.5)",0.52263239832964,2.74202400492336,-0.4439525863014253,47.26287975475289,0.14944054408717733,False,False,False,False,False,0.0,0.0,0.0,0.0,0.0,1,0.9926275434974934,0.9989467919282131,False,False,False,False,-0.32845397427635337,-0.30233838052342865,False,False,False,False,-1417688,-1462490.7840755153,False,False,False,False,69864.57017452794,False,False,False,False
2024-07-26 00:00:00+00:00,2.51,2.62,2.46,2.55,9643,,,,,,,2.6285943649921624,3.048075832155732,2.969042426024255,2.9010211391622014,2.8779745803865024,2.821389810473119,2.936365549228817,2.9580968810453774,2.9210083524830295,3.1481948391117376,3.5581729781531446,,,,,,,,,,2.6124689401184633,2.6653929140635486,2.9159033128851024,2.8895166090375457,2.8645541977505733,2.8019620101290497,2.756746935585867,2.798422455297104,2.9580968810453774,2.9291375353639655,3.44007200868199,3.6888892113882097,,,3.1481948391117376,2.837254431657609,"rgba(239, 83, 80, 0.5)",0.4674577639233946,2.7386330128324765,-0.4890987603105557,46.44327351376916,-0.7336945107100803,False,True,False,False,False,0.0,0.0,0.0,0.0,0.0,1,0.9755962991257109,1.016976487564723,False,False,False,False,-0.34282825441539394,-0.32258331746941127,False,False,False,False,-1417688,-1459172.0593291807,False,False,False,False,65403.713124562906,False,False,False,False
2024-08-02 00:00:00+00:00,2.49,2.63,2.1799,2.48,39836,,,,,,,2.5994966251006737,3.034463066142245,2.9611121310816304,2.895083015623363,2.8728610264275445,2.8174862529992177,2.933128193987074,2.9553301915517047,2.9189021818514265,3.1455296976039713,3.5556494285895517,,,,,,,,,2.4333,2.5813140209434597,2.6527337743523467,2.9095106038800744,2.8839710754553765,2.8597672803853715,2.798454909289768,2.7540367859007833,2.7958006892168896,2.9553301915517047,2.92702578377057,3.437350419026054,3.6862107244913562,,,3.1455296976039713,2.7823845339006716,"rgba(239, 83, 80, 1.0)",0.3933151719368116,2.5667111050991203,-0.19503723876546553,45.71191135197543,-1.5178094269742104,False,True,False,True,False,0.0,0.0,0.0,0.0,0.0,1,0.9569444298627805,1.017847956408991,False,False,False,False,-0.34282825441539394,-0.33270578594240263,False,False,False,False,-1457524,-1459049.9808603525,False,False,False,False,63509.80844866936,False,False,False,False
2024-08-09 00:00:00+00:00,2.6,2.6,2.35,2.37,25622,,,,,,,2.592253088863708,3.027192229467312,2.95692058894042,2.89201796637538,2.8702458288535584,2.8155526328421088,2.9314115347095795,2.9538477831300156,2.9177880247071606,3.1440254082973045,3.5541524079277576,,,,,,,,,2.465931927851956,2.574811088209698,2.6481221048904557,2.906191907323293,2.8811216751048936,2.8573351221881165,2.7967412249446086,2.7527643985137784,2.794517459699161,2.9538477831300156,2.925904754942969,3.4357523893643864,3.684608215914664,,,3.1440254082973045,2.7814808405880673,"rgba(239, 83, 80, 1.0)",0.34259305301068094,2.5702795524539543,0.08675146003360192,46.20749867946148,-1.5178094269742104,False,True,False,False,False,0.0,0.0,0.0,0.0,0.0,1,0.9693928168107314,1.0211084021994954,False,False,False,False,-0.29462493344071006,-0.31366535969155634,False,False,False,False,-1431902,-1457039.0193151413,False,False,False,False,60703.3041191383,False,False,False,False
2024-08-16 00:00:00+00:00,2.41,2.6,2.33,2.6,24614,,,,,,,2.580970212194298,3.019465483316732,2.9523392341932544,2.888579432693077,2.867279161817532,2.813288755712202,2.9294995902899625,2.952206585152942,2.9165377256571605,3.1424265724703373,3.552621581170554,,,,,,,,,2.4606673046747787,2.5635192180785618,2.641769699458103,2.9024926399081266,2.8779078904603326,2.8545574347790863,2.7947078951562134,2.75119623284915,2.7929879931868875,2.952206585152942,2.924650358128692,3.434105919016618,3.682980862792989,,,3.1424265724703373,2.775499027679479,"rgba(255, 0, 0, 1.0)",0.3308909294289985,2.561731608601435,-0.458554753565685,45.136104345993786,-2.1773111830454823,False,True,False,True,False,0.0,0.0,0.0,0.0,0.0,1,0.972266370841289,1.0234669169804478,False,False,False,False,-0.30142062964175564,-0.307542994666656,False,False,False,False,-1456516,-1457000.2771436493,False,False,False,False,58030.02233253546,False,False,False,False
2024-08-23 00:00:00+00:00,2.52,2.6,2.38,2.44,23919,,,,,,,2.575299326639748,3.012832458474734,2.948426684730796,2.885685656964114,2.864796340222058,2.81143144738639,2.9278596644387442,2.950789055724274,2.9154662613889806,3.1409984500933095,3.551209570333735,,,,,,,,,2.4689205767706803,2.5585090739812517,2.637554719338131,2.8993684249747544,2.8752107222870866,2.8522422042629856,2.793053819074625,2.7499518642828193,2.7917414539868632,2.950789055724274,2.9235729687872642,3.432597316025299,3.6814715968580694,,,3.1409984500933095,2.7726603984383353,"rgba(239, 83, 80, 1.0)",0.3174520078192554,2.560070924182453,-0.1262267152056182,45.37747180227354,-2.1773111830454823,False,True,False,True,False,0.0,0.0,0.0,0.0,0.0,1,0.9682178859370518,1.012746837191022,False,False,False,False,-0.28448055292559693,-0.2960117737961265,False,False,False,False,-1432597,-1455192.6269848603,False,False,False,False,55503.27993753284,False,False,False,False
2024-08-30 00:00:00+00:00,2.45,2.55,2.4001,2.49,19254,,,,,,,2.5695035496731577,3.007276106828937,2.945095790207548,2.883188956175414,2.8626417806520417,2.8097941391529355,2.926446613085573,2.94957061633957,2.914538955180061,3.1397939812129976,3.5500397790018825,,,,,,,,,2.468599701802444,2.5530278927469183,2.633561293114646,2.8966817758067775,2.8728771807482287,2.85022624995666,2.7915859995638,2.74882684937473,2.790632054421724,2.94957061633957,2.922641799725745,3.4313432410121245,3.680225319108558,,,3.1397939812129976,2.769245402775611,"rgba(255, 0, 0, 1.0)",0.3087543779724026,2.5561731093342916,-0.3438756400201766,45.02340677618315,-2.3993256141929677,False,True,False,True,False,0.0,0.0,0.0,0.0,0.0,1,0.9678031985784095,1.0621945801865837,False,False,False,False,-0.29459102181027097,-0.29530139780319875,False,False,False,False,-1451851,-1454945.0990600558,False,False,False,False,52818.14809030818,False,False,False,False
2024-09-06 00:00:00+00:00,2.35,2.42,2.33,2.41,29823,,,,,,,2.5540165160429225,2.9973375150557953,2.938966444536036,2.8784651001176433,2.858518574563908,2.8065580138932553,2.9238023905731008,2.947306930398728,2.9127910218054556,3.1376608141730196,3.548065983810381,,,,,,,,,2.4499574856297164,2.537253108540883,2.6242363997300804,2.8916326374731858,2.8684375394312167,2.846341296073198,2.7886462807717702,2.7464901776380883,2.7884024896553097,2.947306930398728,2.920892154765961,3.4292064202038444,3.6781412579746,,,3.1376608141730196,2.7598821321121387,"rgba(255, 26, 202, 1.0)",0.28013629045955585,2.5413658774859007,-0.6831170541023805,44.04167853191351,-3.413399037800083,False,True,False,True,False,0.0,0.0,0.0,0.0,0.0,1,0.949031600407747,1.051534715143278,False,False,False,False,-0.34282825441539394,-0.3190648261092963,False,False,False,False,-1481674,-1456925.0176481998,False,False,False,False,51114.80378732239,False,False,False,False
2024-09-13 00:00:00+00:00,2.28,2.37,2.27,2.37,23133,,,,,,,2.540186408882422,2.9891247737214837,2.9338116360409923,2.874437362315573,2.8549827818543085,2.80374222761485,2.9215494299029148,2.945382918420346,2.9112947362789563,3.135886118224082,3.5464619592948936,,,,,,,,,2.432155505430511,2.5230460436764344,2.615857043704996,2.887341792035479,2.8646416627891327,2.8429989574490073,2.786073609798774,2.744414038544114,2.7864453973448917,2.945382918420346,2.9193964558224335,3.427461573875821,3.6764554999498507,,,3.135886118224082,2.751558501045133,"rgba(255, 26, 202, 1.0)",0.26963675058952313,2.527811250423591,-0.9190559146028369,42.84681272913576,-4.607449307891905,False,True,False,True,False,0.0,0.0,0.0,0.0,0.0,1,0.9193014949067335,1.2222516205847334,False,False,False,False,-0.34282825441539394,-0.33094654026234516,False,False,False,False,-1504807,-1460471.8311557407,False,False,False,False,49042.077580854064,False,False,False,False
2024-09-20 00:00:00+00:00,2.31,2.31,2.2,2.28,62504,,,,,,,2.5051629758417593,2.966843217139101,2.9195765095646147,2.8632105691953327,2.845084783530223,2.795790696252448,2.915217942613367,2.9399733727806594,2.9070677011868207,3.1309374458634256,3.542032669807007,,,,,,,,,2.392240662364381,2.487408149869928,2.5930625614648144,2.875409077454472,2.8540397230637438,2.833623185062048,2.77878390200966,2.7384814379033333,2.7808741911705894,2.9399733727806594,2.9151734752694676,3.42263470797584,3.6718110011104517,,,3.1309374458634256,2.7302038229488366,"rgba(255, 26, 202, 1.0)",0.2387709022367743,2.4944685873852204,-0.7725756600035555,42.31498975469374,-5.149340976877909,False,True,False,True,False,0.0,0.0,0.0,0.0,0.0,1,0.8574442607059362,1.1916234247590807,False,False,False,False,-0.34282825441539394,-0.3368873973388695,False,False,False,False,-1442303,-1459125.991810871,False,False,False,False,50039.25701930932,False,False,False,False
2024-09-27 00:00:00+00:00,2.16,2.28,2.1,2.28,150466,,,,,,,2.4270938929409724,2.9119908653659783,2.8830970324772696,2.8338143748302125,2.818911551225808,2.7743417108912087,2.8983275776980113,2.92552717635626,2.8956527422610496,3.1179827142800622,3.5307201920276627,,,,,,,,,2.3122373467344404,2.408801294522581,2.536026222313584,2.8443292336778376,2.8261505512521645,2.808713381053366,2.7589687073857427,2.722048378986874,2.7655687634325674,2.92552717635626,2.903784517494708,3.410248607121599,3.660017552916317,,,3.1179827142800622,2.680245236534085,"rgba(255, 26, 202, 1.0)",0.24115338165717887,2.4210396891278942,-1.0824633158119483,40.8678324525146,-6.564685540673558,False,True,False,True,False,0.0,0.0,0.0,0.0,0.0,1,0.8470630159767178,1.1603611094613056,False,False,False,False,-0.34282825441539394,-0.33985782587713176,False,False,False,False,-1592769,-1469025.4738989547,False,False,False,False,57478.275017879,False,False,False,False
2024-10-04 00:00:00+00:00,2.185,2.1899,2.13,2.17,35114,,,,,,,2.413363033476123,2.900085768447631,2.8749627430772846,2.8271983536721383,2.81299084138831,2.7694551632155924,2.8944345992886977,2.9221829091800653,2.892997536297923,3.114973047523303,3.52808457530836,,,,,,,,,2.3005993302401264,2.395257760236413,2.5245465778155527,2.8373510935601627,2.8198591712506587,2.803067915553366,2.7544420974813018,2.718271856593179,2.7620393730392143,2.9221829091800653,2.901135148963743,3.4073663837478168,3.657270575792609,,,3.114973047523303,2.6706214673164403,"rgba(255, 26, 202, 1.0)",0.24572479546499698,2.4084416754420537,-0.9093167623528756,40.121269764158335,-7.286180860541911,False,True,False,True,False,0.0,0.0,0.0,0.0,0.0,0,0.8774802297643481,1.1591324963800977,False,False,False,False,-0.34282825441539394,-0.3413430401462628,False,False,False,False,-1557655,-1475590.6239805138,False,False,False,False,55821.662053591666,False,False,False,False
2024-10-11 00:00:00+00:00,2.17,2.22,2.17,2.17,18384,,,,,,,2.407236023575454,2.8941562388962097,2.8708861998341284,2.823881813652426,2.8100209085133714,2.767005305745984,2.892464071822946,2.9204861363123116,2.8916501510637347,3.113435349930139,3.526727339370036,,,,,,,,,2.2959722449147906,2.3892839584832726,2.5191130098283723,2.8338535460736805,2.816704565753675,2.8002361141508163,2.752173139814429,2.7163804687561983,2.760264785930517,2.9204861363123116,2.8997902386094716,3.405885008086456,3.6558541123908115,,,3.113435349930139,2.666110850952538,"rgba(255, 26, 202, 1.0)",0.25029067960174584,2.4029013092004723,-0.9305233002325821,39.47663157506518,-7.916881778659537,False,True,False,True,False,0.0,0.0,0.0,0.0,0.0,0,0.9431349071608555,1.147827796343621,False,False,False,False,-0.29833283357236856,-0.3198379368593157,False,False,False,False,-1576039,-1483031.2444264018,False,False,False,False,53048.50190147377,False,False,False,False
2024-10-18 00:00:00+00:00,2.11,2.19,2.0,2.17,155458,,,,,,,2.3500806383480306,2.842006035446903,2.8341193439892614,2.7935167200754654,2.7826482181583345,2.74410915966016,2.8742361104954326,2.904786656060945,2.879082898800658,3.09943600689328,3.5146239965020842,,,,,,,,2.0999999999999996,2.2458750559230776,2.3328851523648995,2.4689418927933864,2.8019476464927346,2.7877310634131613,2.7740503828569247,2.7308548525334277,2.698377678208251,2.743482245614091,2.904786656060945,2.8872588022819774,3.3926202183435072,3.6432843043386156,,,3.09943600689328,2.5557103548846922,"rgba(255, 26, 202, 1.0)",0.2552905883022012,2.257210211659002,-0.5766378331375911,38.56347156222269,-8.81015898405711,False,True,False,True,False,0.0,0.0,0.0,0.0,0.0,0,0.9241087521581575,1.103401825184511,False,False,False,False,-0.34282825441539394,-0.3313330956373548,False,False,False,False,-1731497,-1501436.1152096314,False,False,False,False,60634.39064951275,False,False,False,False
2024-10-25 00:00:00+00:00,2.08,2.17,2.04,2.11,64885,,,,,,,2.3318218946663976,2.8221225598399493,2.819725685260956,2.7815261545259893,2.7717850251083176,2.734964081592017,2.8668421109836264,2.8983839069670707,2.873932888927934,3.093687605070551,3.509621074473917,,,,,,,,2.099018424305136,2.231489894385241,2.3151099146554035,2.4512267871138396,2.789377372916475,2.776264220450867,2.763640160416559,2.7223188681444914,2.6911308513182943,2.736692271089056,2.8983839069670707,2.88212218062886,3.3871490666889947,3.638086595162113,,,3.093687605070551,2.5417682908120254,"rgba(255, 26, 202, 1.0)",0.2608427774843959,2.2443600320030446,-0.6301114931690099,37.683937455601324,-9.667407817486989,False,True,False,True,False,0.0,0.0,0.0,0.0,0.0,0,0.8769699455152614,1.1171714804616553,False,False,False,False,-0.3313025870299784,-0.3313178413336666,False,False,False,False,-1796382,-1523283.9585274365,False,False,False,False,60949.250601400694,False,False,False,False
2024-11-01 00:00:00+00:00,2.04,2.1567,2.04,2.05,53283,,,,,,,2.3176930583352995,2.8061898327956185,2.8080389898026343,2.7717363203313083,2.762890161840974,2.7274414753021787,2.8607368989019117,2.893086553897162,2.8696586526846897,3.0889328741891546,3.5054877127684416,,,,,,,,2.095100777582052,2.2202954797981533,2.3013630462278494,2.4372244535682084,2.7791287187943503,2.766889645024479,2.7551062360667364,2.715284911311499,2.685135076022955,2.7310702429839346,2.893086553897162,2.8778593885236203,3.3826292472536794,3.633795436559496,,,3.0889328741891546,2.530366032225995,"rgba(255, 26, 202, 1.0)",0.2672091227606101,2.2336130904858384,-0.7245751510486204,36.74778088768716,-10.576691390914107,False,True,False,True,False,0.0,0.0,0.0,0.0,0.0,0,0.8711599629584893,1.123464991746185,False,False,False,False,-0.3389575176699184,-0.3351376795017925,False,False,False,False,-1849665,-1547460.3319698486,False,False,False,False,60381.38018648213,False,False,False,False
2024-11-08 00:00:00+00:00,2.02,2.2,2.02,2.07,57272,,,,,,,2.3042293087277157,2.7898336669166532,2.7959000222131065,2.761529525611502,2.7535955556284333,2.7195591120954776,2.8542883374680295,2.8874760506113373,2.865121701672412,3.083877130737998,3.501074863683995,,,,,,,,2.0924871270502288,2.2100410883817205,2.288330982479873,2.423345363214017,2.768454272289004,2.7571059644253544,2.746182030151666,2.707906639302357,2.6788314790230197,2.7251435249058575,2.8874760506113373,2.873333872179568,3.3778098204549747,3.6292125283911583,,,3.083877130737998,2.5191257321309175,"rgba(255, 26, 202, 1.0)",0.2747485998587302,2.2237721266598847,-0.741667570879924,35.921712128471825,-11.378814999102566,False,True,False,True,False,0.0,0.0,0.0,0.0,0.0,0,0.864958873838851,1.114580349470066,False,False,False,False,-0.3255716189212334,-0.3303546492115129,False,False,False,False,-1906937,-1574088.2333054154,False,False,False,False,60151.05572822419,False,False,False,False
2024-11-15 00:00:00+00:00,2.0,2.13,1.99,2.03,90118,,,,,,,2.28260608633797,2.764168724047261,2.7765752913098254,2.7451574369862004,2.7386332478592097,2.7067855708641635,2.8438411932553214,2.878373320081212,2.8577289982139864,3.0757107348806514,3.4939923582495487,,,,,,,,2.0812523166973858,2.1925018576489235,2.2672770665755992,2.4012597915573197,2.751363987740916,2.74138635309899,2.7317926332692757,2.695919762737537,2.6685292592981638,2.7154683105171076,2.878373320081212,2.8659621136618787,3.370066679370578,3.621870981651087,,,3.0757107348806514,2.500354891200039,"rgba(255, 26, 202, 1.0)",0.2818880935202422,2.2059093318149694,-0.7304648069507171,35.16853354312588,-12.1146503879391,False,True,False,True,False,0.0,0.0,0.0,0.0,0.0,0,0.8499187059657313,1.131321132279985,False,False,False,False,-0.34282825441539394,-0.3365914518134534,False,False,False,False,-1997055,-1605419.1049124217,False,False,False,False,62370.82937798536,False,False,False,False
2024-11-22 00:00:00+00:00,2.16,2.185,1.98,2.0,272978,,,,,,,2.247987493775135,2.7025598211310426,2.72854603563362,2.7042015528962438,2.700991741072909,2.6745466668758504,2.816326508030175,2.85410897630993,2.837928180001963,3.0533172560055304,3.4739404221270553,,,,,,,,2.091904457435271,2.172464448723528,2.23479896727848,2.357735240240347,2.7086983281710766,2.701968395691848,2.6955483760142425,2.6656235862142252,2.6424384619877497,2.690563136833787,2.85410897630993,2.8461905730534305,3.348326742810995,3.600983801515078,,,3.0533172560055304,2.4650864740976592,"rgba(255, 26, 202, 1.0)",0.28409406887715816,2.1867888418031036,-0.09429567434822772,37.03784124306216,-12.1146503879391,False,True,False,True,True,0.0,0.0,0.0,0.0,0.0,0,0.8427152317880794,1.1128725165562912,False,False,False,False,-0.3180612166453062,-0.3273263342293798,False,False,False,False,-1724077,-1614208.5786226126,False,False,False,False,77971.36053517164,False,False,False,False
2024-11-29 00:00:00+00:00,2.06,2.14,2.0099,2.14,36088,,,,,,,2.2434320785006685,2.6948000657834275,2.7223472260931945,2.698854613643318,2.6960487910167292,2.6702714539737724,2.812653531609937,2.850856007242378,2.8352549753675103,3.0503171116871033,3.4712596244176663,,,,,,,,2.090820071033117,2.1693370449345073,2.230463374436107,2.352191459671124,2.7031443070951227,2.69680842637947,2.690777201070414,2.661590874580044,2.6389352144058797,2.6872157957051575,2.850856007242378,2.8435218070905446,3.3454214432233873,3.598195689655506,,,3.0503171116871033,2.460219866757005,"rgba(255, 26, 202, 1.0)",0.2890489253265626,2.1835131422261,-0.42730877510288856,37.44378173470777,-12.1146503879391,False,True,False,True,True,0.0,0.0,0.0,0.0,0.0,0,0.8631094336492399,1.103689264013604,False,False,False,False,-0.32632856295989127,-0.32682744859463553,False,False,False,False,-1760165,-1625020.165391308,False,False,False,False,74868.88938441819,False,False,False,False
2024-12-06 00:00:00+00:00,2.01,2.14,1.97,2.08,65127,,,,,,,2.234452243108348,2.680618592883163,2.7109502729092827,2.6889807931736622,2.6869039186846386,2.6623295857277975,2.805851902732293,2.844830580992092,2.8302904499022867,3.044784819764563,3.4663445763608878,,,,,,,2.0399999999999996,2.086657946653019,2.16258691894026,2.2218320988865585,2.3417023268035364,2.6928988057993455,2.687271388191416,2.6819416204872857,2.6540879631283936,2.632392997905181,2.680976564449856,2.844830580992092,2.8385669280657253,3.3400892099976827,3.5930915159130428,,,3.044784819764563,2.3860679999157175,"rgba(255, 26, 202, 1.0)",0.295599273073277,2.1277692411199594,-0.39840842602737186,37.2931351871243,-12.1146503879391,False,True,False,True,True,0.0,0.0,0.0,0.0,0.0,0,0.8520741319921386,1.133133281207075,False,False,False,False,-0.34282825441539394,-0.3348278515050147,False,False,False,False,-1825292,-1639855.116103063,False,False,False,False,74147.26794853536,False,False,False,False
2024-12-13 00:00:00+00:00,2.04,2.07,1.99,1.99,71296,,,,,,,2.2251815786558606,2.6656274124436927,2.69878274170578,2.6783979359390364,2.677080538434964,2.653771091702873,2.798478363577873,2.838282462001415,2.82488100730832,3.038757823382259,3.4609775536708116,,,,,,,2.0365159345076216,2.082270399401427,2.155601287295434,2.2129227036348813,2.3307626028267023,2.6819288916550876,2.6770392499692375,2.672442532238328,2.645992380063734,2.625314243298032,2.6742132014731794,2.838282462001415,2.833167602848596,3.334271939110961,3.587518244028956,,,3.038757823382259,2.376799148806552,"rgba(255, 26, 202, 1.0)",0.30086095463724366,2.121827581209841,-0.27197806810293,37.638461130005965,-12.1146503879391,False,True,False,True,True,0.0,0.0,0.0,0.0,0.0,0,0.8508979258244792,1.1590422124538888,False,False,False,False,-0.34282825441539394,-0.33882805296020435,False,False,False,False,-1753996,-1648309.996391725,False,False,False,False,73936.06291531051,False,False,False,False
2024-12-20 00:00:00+00:00,2.12,2.12,1.97,2.05,69910,,,,,,,2.2184707966362622,2.6524011696645706,2.6879031459719016,2.6689186735289163,2.6682632525488974,2.6460849225119794,2.7917235698863183,2.8322512885854167,2.819889987933627,3.0331303289999063,3.4558879251925614,,,,,,,2.0478610466252767,2.0813543273370603,2.151293134588453,2.206592179235455,2.321996543954084,2.6721092697372413,2.66786632134805,2.6639135579347966,2.6387195992612758,2.618953664979338,2.6680887578472032,2.8322512885854167,2.8281825983884965,3.328777190501399,3.582219877031325,,,3.0331303289999063,2.3708900287279224,"rgba(255, 26, 202, 1.0)",0.3048245653599053,2.1217751719465614,-0.005823585590831087,39.06217918302756,-13.730082334838379,False,True,False,True,True,0.0,0.0,0.0,0.0,0.0,0,0.8694311249183945,1.113684968821053,False,False,False,False,-0.3258251834219932,-0.33232661819109877,False,False,False,False,-1684086,-1650960.0707330785,False,False,False,False,73637.8360326949,False,False,False,False
2024-12-27 00:00:00+00:00,2.07,2.1,1.97,2.1,88910,,,,,,,2.209514543194155,2.635764717813432,2.674096486650638,2.656828209932107,2.656989728377613,2.6362131147311207,2.7830398717709572,2.824485763864646,2.8134425008278123,3.0258960444063705,3.449360526142819,,,,,,,2.0475013689288706,2.078346422613968,2.1449992394421087,2.1980637828977168,2.3107078910023717,2.6596003839098574,2.656153358208057,2.652996603434658,2.6293625902381716,2.61073687358221,2.6601799376711037,2.824485763864646,2.8217438436540916,3.3217294451272124,3.575431590994115,,,3.0258960444063705,2.361542304638523,"rgba(255, 26, 202, 1.0)",0.30788545864794464,2.1172277034706664,-0.15339374479737805,39.55630453101914,-13.2267209727232,False,True,False,True,True,0.0,0.0,0.0,0.0,0.0,0,0.8565606429726097,1.1138407595455475,False,False,False,False,-0.3371397723628747,-0.33473319527698675,False,False,False,False,-1772996,-1659999.769197295,False,False,False,False,74769.10743768048,False,False,False,False
2025-01-03 00:00:00+00:00,2.07,2.1192,2.01,2.03,37766,,,,,,,2.2064141618242905,2.6291990018277933,2.668588998349452,2.6519951244270867,2.652474762435504,2.6322546933325968,2.779509488409228,2.821316000496595,2.810805891899759,3.0229164488425164,3.446644915435322,,,,,,,2.0496446314263777,2.0779220294092102,2.143040895854225,2.195147439878899,2.306525946654653,2.6546033871528723,2.6514674702357395,2.64862257093925,2.625608534804148,2.607437238454592,2.6569872278945885,2.821316000496595,2.8191096849983968,3.318805158309933,3.5726032665484526,,,3.0229164488425164,2.358308161680486,"rgba(255, 26, 202, 1.0)",0.3089347022292087,2.116438749142178,-0.15031897940595826,39.90925120815598,-12.84251997018292,False,True,False,True,True,0.0,0.0,0.0,0.0,0.0,0,0.8411389343223753,1.1245824598585543,False,False,False,False,-0.3003361160190537,-0.3175346556480202,False,False,False,False,-1772996,-1668369.8603678658,False,False,False,False,72028.13651637081,False,False,False,False
2025-01-10 00:00:00+00:00,2.05,2.12,1.96,2.11,100250,,,,,,,2.197545977214128,2.611797838393127,2.653900291999972,2.6390507499292677,2.6403591576341556,2.621591319931727,2.7700068624927563,2.8127758004114574,2.803682336903855,3.0149075372759704,3.439368166760228,,,,,,2.0433333333333334,2.048184286381433,2.0749413756012496,2.1368554866409655,2.1867169062341842,2.29508664937083,2.6412337418126675,2.638906023914339,2.6368742310399367,2.6154807955062527,2.5985040173897778,2.6483517591600623,2.8127758004114574,2.811994023188091,3.310966544791576,3.5650324438626075,,,3.0149075372759704,2.2889595886981886,"rgba(255, 0, 0, 1.0)",0.313583906566753,2.0758286204892453,-0.082365899360168,39.93603611232506,-12.750274347912033,False,True,False,True,True,0.0,0.0,0.0,0.0,0.0,0,0.8494436472276459,1.1246794796396056,False,False,False,False,-0.3295408059184153,-0.32353773078321774,False,False,False,False,-1873246,-1683545.870710987,False,False,False,False,74118.64492256557,False,False,False,False
2025-01-17 00:00:00+00:00,2.0274,2.11,1.96,2.04,67941,,,,,,,2.1916784569835297,2.600366436772395,2.644161429611947,2.6304323069480358,2.6322740405248775,2.614449725109289,2.763610803776683,2.8070135333919763,2.7988613719454647,3.0094939337640176,3.4344412982187604,,,,,2.0324666666666666,2.038943727468572,2.046053658286778,2.0725976605142713,2.132643795910134,2.1811222709740012,2.2875722685787863,2.6323418289011973,2.630533858571925,2.6290270171600554,2.608688424095627,2.5924935889054392,2.642533575271877,2.8070135333919763,2.807178246243681,3.3056636679209985,3.55990771449294,,,3.0094939337640176,2.222760637176708,"rgba(255, 0, 0, 1.0)",0.31844839319415064,2.047515428234072,-0.06316699554457463,39.6937627887605,-12.750274347912033,False,True,False,True,True,0.0,0.0,0.0,0.0,0.0,1,0.8487319482852347,1.1087239121699874,False,False,False,False,-0.3355841383376536,-0.32956093456043567,False,False,False,False,-1941187,-1702630.3988064693,False,False,False,False,73661.04159496812,False,False,False,False
2025-01-24 00:00:00+00:00,2.22,2.28,1.9701,2.1,31108,,,,,,,2.191118323141608,2.59639394300314,2.6406885579832604,2.627370379991042,2.629395441949559,2.6119230325998597,2.7612104749883613,2.804822123133709,2.7970286304816776,3.007347735054604,3.432395821360895,,,,,2.071484229017961,2.0573239608159932,2.052519813967352,2.0746701227301654,2.1330801309848035,2.1807233203768,2.285879878548889,2.629181957349619,2.6275575353121465,2.6262357946424686,2.606290147405086,2.590385082214391,2.640441193257608,2.804822123133709,2.8053434780048847,3.3034857911087157,3.5577626047789552,,,3.007347735054604,2.228388228056997,"rgba(239, 83, 80, 1.0)",0.31964809258292215,2.063999531632868,0.48803816442816145,42.527262386020745,-10.134056861003252,False,True,False,True,True,0.0,0.0,0.0,0.0,0.0,1,0.8653442293644996,1.0547845142439736,False,False,False,False,-0.19609954121646442,-0.26283023788845006,False,False,False,False,-1910079,-1717996.9618578418,False,False,False,False,70508.9644397853,False,False,False,False
2025-01-31 00:00:00+00:00,2.2,2.67,2.1,2.1,201860,,,,,,,2.2035639079782263,2.581399971147311,2.6266654262821962,2.615132017002478,2.6178284805290764,2.6019437387385143,2.750253990868717,2.7945189475862753,2.788415424706031,2.9963568106763456,3.420993384513959,,,,,2.2404331810170737,2.191177749304723,2.1269801786512077,2.108950577360423,2.1531146297956947,2.1943913411003324,2.2887794133728514,2.616542034549494,2.615643045992587,2.615049398432527,2.596871928822483,2.5822559840189903,2.6318199874646617,2.7945189475862753,2.796679732378035,3.291576399139664,3.5456375133665907,,,2.9963568106763456,2.2715456376010037,"rgba(239, 83, 80, 1.0)",0.32136203410759995,2.166885421583357,0.1030444635708142,44.283881927398845,-8.47314933684821,False,True,False,True,True,0.0,0.0,0.0,0.0,0.0,1,0.9600284400204411,0.9688937276423665,False,False,False,False,0.18130864395500595,-0.04076079696672205,False,False,False,False,-2111939,-1747177.8535720757,False,False,False,False,80238.67077757898,False,False,False,False
2025-02-07 00:00:00+00:00,2.48,2.6,2.03,2.08,101443,,,,,,,2.211081534152132,2.5757230558052733,2.6210897172354675,2.610271626883877,2.613209333627796,2.5979819504298303,2.745531865112967,2.790002380282153,2.784626684608859,2.9913395142202828,3.4155911259924085,,,,,2.273100215897191,2.227270454023926,2.1564827339515635,2.125864261320706,2.1640153020287407,2.202460790214858,2.2918209877390905,2.611525852050279,2.610901788828573,2.6105843458662665,2.593139454818838,2.5790579328346213,2.628291064300569,2.790002380282153,2.7928601307573104,3.285983264034974,3.5398628645142236,,,2.9913395142202828,2.2848909052368946,#000000,0.32091891237059494,2.1956794162983466,0.8859577068905241,48.772069123090695,-4.260610778103299,False,False,False,False,True,0.0,0.0,0.0,0.0,0.0,1,0.9128757234426534,0.9792561246292031,False,False,False,False,0.07907737302928432,0.019158288031281133,False,False,False,False,-2010496,-1766682.9014556257,False,False,False,False,81809.36183109165,False,False,False,False
2025-02-14 00:00:00+00:00,3.59,3.62,2.35,2.45,494079,,,,,,,2.387001690492345,2.6463873674922067,2.6752050225451636,2.661032489875799,2.660934698470187,2.6431946184987667,2.770691562767425,2.809544333554462,2.8016086371616202,2.9986738944684794,3.409999950250905,,,,,2.7766236308948113,2.7028664785757264,2.539272893531575,2.380319701840786,2.3651227364277743,2.3824496176972163,2.429857240528732,2.6633813938668975,2.6603770557595903,2.657541886954088,2.637170125655988,2.6205981515154573,2.6626885623853203,2.809544333554462,2.809312901772484,3.2831317952330576,3.531610566091367,,,2.9986738944684794,2.5285106380026336,"rgba(0, 255, 0, 1.0)",0.34396668316558854,2.5997706762107247,2.878852436160424,57.506056480013726,3.8320787810316617,True,False,True,False,True,7.247023442592965,0.0,0.0,0.0,0.0,0,0.9862559485972477,0.8075832803614686,False,False,False,False,0.3428281768596329,0.180993232445457,False,False,False,False,-1516417,-1748144.6865329868,False,True,False,False,112347.85354730708,False,False,False,False
2025-02-21 00:00:00+00:00,2.41,4.03,2.4,4.03,321500,,,,,,2.9466666666666668,2.445774839034351,2.667405500445916,2.6911157638113963,2.676513638635921,2.675613391479578,2.657639076783593,2.776988713589586,2.813803589691913,2.8054889706353645,2.9974334842791315,3.4027515657832414,,,,,2.821510275541061,2.76232854066829,2.6185957443621466,2.4567832680320993,2.431096718797839,2.4424509081332637,2.4770004277535933,2.6790803054646535,2.6755372312516674,2.672104715425933,2.6514222919434345,2.6344860118350133,2.673633187886834,2.813803589691913,2.812948135287471,3.2769611204875937,3.5228505561740233,,2.9466666666666668,2.9974334842791315,2.6069612889435225,"rgba(239, 83, 80, 1.0)",0.3415495250280042,2.7872753068095406,-1.1045991259352712,55.69287333150148,3.8320787810316617,True,False,True,False,True,0.0,-1.0,4.03,2.4,0.0,0,0.9889360642814665,0.7884022293830472,False,False,False,False,0.3428281919126482,0.2619107121790526,False,False,False,False,-1837917,-1754794.4875305435,False,False,False,False,127840.60513639545,False,False,False,False
2025-02-28 00:00:00+00:00,2.11,2.39,2.07,2.37,60794,,,,,,2.826338350414428,2.4407946161627323,2.661169223434976,2.685622722199253,2.6715780445617434,2.6709414168540757,2.653467677552592,2.7730434725302135,2.810161004146227,2.802391294380315,2.9938082687497656,3.3991745860883875,,,,,2.791486591253006,2.73709665372227,2.6033759469325255,2.450141833281055,2.426033307493317,2.43747440348959,2.4721338523669045,2.6740083186674095,2.6707235889438463,2.6675562521102543,2.647439037517796,2.6309347674506265,2.6701340720647524,2.810161004146227,2.809846038688193,3.273204625248455,3.519086782822997,,2.826338350414428,2.9938082687497656,2.58460447785508,"rgba(255, 0, 0, 1.0)",0.34340896144919114,2.7395743855805574,-1.833307968795409,53.10825885311843,7.798482566898997,True,False,False,False,False,0.0,0.0,0.0,0.0,0.0,0,0.9420412893488571,1.0053902544200084,False,False,False,False,-0.22219336356401215,0.019858674307520224,False,False,False,False,-1898711,-1765454.9699356884,False,False,False,False,122874.18994110689,False,False,False,False
2025-03-07 00:00:00+00:00,2.11,2.2172,1.98,2.11,49750,,,,,,2.7429766258374917,2.4354872225488635,2.6552592581191035,2.6804375493142776,2.6668916986684894,2.666500235905727,2.649474215385735,2.769374996272646,2.80679503182469,2.7995201452496614,2.9905450713063177,3.39605214316042,,,,2.1024000000000003,2.7656810187621144,2.7149957186069167,2.5892287752483254,2.4431990428801056,2.420565201169871,2.4321548999779394,2.4670735376559527,2.6691981673029166,2.6661498634686605,2.663226290485282,2.643615703591341,2.6275015750009865,2.6667924618243495,2.80679503182469,2.806974842125596,3.269902761750383,3.5158205602506887,,2.7429766258374917,2.9905450713063177,2.5113762042687577,"rgba(255, 0, 0, 1.0)",0.34503475460407335,2.5815133408016306,-1.3665676703863971,51.26210565427339,6.350185687892477,True,False,False,False,False,0.0,0.0,0.0,0.0,0.0,0,0.9442823029981425,1.0149641814804988,False,False,False,False,-0.3005243686915477,-0.14033284719201372,False,False,False,False,-1898711,-1775325.7869774892,False,False,False,False,117457.58327880267,False,False,False,False
2025-03-14 00:00:00+00:00,2.07,2.22,1.98,2.22,54227,,,,,,2.670159280181901,2.4296802385665224,2.648816905614715,2.674770761530185,2.6617604530028878,2.6616330694489108,2.64508961285681,2.76534834200463,2.803098487493735,2.7963621387581505,2.9869660425396103,3.3926333352529645,,,,2.095933042884484,2.7391820662731377,2.6921415447476837,2.5743211429834303,2.4356764187538595,2.4145874483333736,2.4263348829824465,2.4615310350940445,2.6639338202424336,2.6611398445711614,2.658478928193905,2.639414850354663,2.623722698017743,2.6631156147352595,2.803098487493735,2.8038170827236475,3.2662869114336703,3.512246438994903,,2.670159280181901,2.9869660425396103,2.4939547100800885,"rgba(255, 0, 0, 1.0)",0.3482519092023352,2.5493539835218018,-1.3764575896217015,49.76586385115332,5.160877102731604,False,False,False,False,False,0.0,0.0,0.0,0.0,0.0,0,0.9531127897890074,1.0078145350351653,False,False,False,False,-0.29967226511482425,-0.220002556153419,False,False,False,False,-1952938,-1788482.247201379,False,False,False,False,112773.83636926174,False,False,False,False
2025-03-21 00:00:00+00:00,2.06,2.19,2.0,2.12,36468,,,,,,2.629220362998233,2.425809045926035,2.6445156313976463,2.6709778385218006,2.658321046957697,2.6583681892655364,2.642144434861741,2.7626406612989283,2.8006108647050425,2.7942342265069504,2.984557308557597,3.3903324982079455,,,,2.0926613977001676,2.72232891154689,2.6775293783592864,2.5646552699905545,2.430700932632362,2.4106073960577845,2.4224555761414064,2.457829147880478,2.660406502490945,2.6577805322387853,2.6552933496866817,2.6365915741523716,2.6211797489652837,2.6606407044343645,2.8006108647050425,2.801689378585436,3.263853955897694,3.509841660452776,,2.629220362998233,2.984557308557597,2.4833797419233195,"rgba(255, 0, 0, 1.0)",0.35199036215819984,2.5304350126511443,-1.3364996977948795,48.65035925101495,4.257075323357398,False,False,False,False,False,0.0,0.0,0.0,0.0,0.0,0,0.965197215777262,1.0038669760247487,False,False,False,False,-0.3027174425854562,-0.2613599993694376,False,False,False,False,-1989406,-1803365.488149425,False,False,False,False,107121.55219376087,False,False,False,False
2025-03-28 00:00:00+00:00,2.0,2.17,2.0,2.07,36596,,,,,,2.591759494161221,2.4217145077075806,2.6400625343562263,2.6670496770466725,2.654752266580005,2.654978471820483,2.6390802372503765,2.759839184180084,2.7980395686113546,2.7920319520746797,2.9820818526708104,3.387984757129491,,,,2.085220956350977,2.705595057676394,2.662927284423811,2.5548140286479355,2.4254746635271744,2.406390677477785,2.418350615863133,2.4539270226976773,2.656748036644605,2.6542937893423675,2.6519844693790984,2.633651885960841,2.6185264846683993,2.6580645133908956,2.7980395686113546,2.7994880083297007,3.2613675766009647,3.507391604413681,,2.591759494161221,2.9820818526708104,2.472617430853369,"rgba(255, 26, 202, 1.0)",0.35646332425475025,2.511375698153101,-1.434581521737818,47.560730388219206,3.3015155725130114,False,False,False,False,False,0.0,0.0,0.0,0.0,0.0,0,0.9818605856439492,1.0064783622700182,False,False,False,False,-0.308824244994685,-0.2850921221820613,False,False,False,False,-2026002,-1819857.081619838,False,False,False,False,101897.43721644525,False,False,False,False
2025-04-04 00:00:00+00:00,1.92,2.1064,1.899,2.0,23741,,,,,,2.5666524383327958,2.4185239769504716,2.636810851587131,2.6641912832847763,2.6521470992220304,2.652502911773061,2.636833599461927,2.7578242814912812,2.796198564408847,2.790452658911129,2.980342129826287,3.38637311217553,,,,2.0722039017441802,2.693873658725508,2.6525909376357677,2.547619108104877,2.421429196848753,2.4030831586990695,2.4151472230255924,2.4509246624502943,2.6540790303255806,2.6517477225203563,2.6495660644755543,2.6314934603500943,2.6165706770581716,2.6561799877607584,2.796198564408847,2.797910864163228,3.2596512565172424,3.5057175070615516,,2.5666524383327958,2.980342129826287,2.464204826251731,"rgba(255, 26, 202, 1.0)",0.36245836210945875,2.496330234109563,-1.5900591470849195,46.38608446955736,2.2040549978611566,False,False,False,False,False,0.0,0.0,0.0,0.0,0.0,0,0.9655457377153391,1.002987731231327,False,False,False,False,-0.34282825441539394,-0.3139601882987276,False,False,False,False,-2049743,-1836885.6681665168,False,False,False,False,96108.07149670857,False,False,False,False
2025-04-11 00:00:00+00:00,1.88,2.08,1.85,1.87,393797,,,,,,2.3126926022795864,2.367471534820043,2.5842791609476157,2.6175355169545402,2.6093740928900457,2.6117291450764206,2.599623700772411,2.7242788778647475,2.7654435830286737,2.763924395435326,2.951265728775603,3.359452446758924,,,1.936666666666667,1.982435920429974,2.534697229351634,2.5097375725214515,2.4433118602295565,2.358564413478252,2.3504443261626786,2.3639251023563226,2.402474567813571,2.6103244635842757,2.6098850665256155,2.60967898303712,2.5956651067017513,2.5839339392989347,2.624687976926042,2.7654435830286737,2.77142043038611,3.2310029639952775,3.477788272114987,,2.3126926022795864,2.951265728775603,2.315994722829617,"rgba(255, 0, 0, 1.0)",0.36906730133096344,2.191623104681965,-0.8443530585293313,45.34465060510968,1.1877637873783513,False,False,False,True,False,0.0,0.0,0.0,0.0,0.0,0,0.9552544900876266,1.0099434466471942,False,False,False,False,-0.34282825441539394,-0.32839422135706076,False,False,False,False,-2443540,-1881823.026080108,False,False,False,False,118159.10323769311,True,False,False,False
2025-04-18 00:00:00+00:00,1.955,2.0844,1.88,1.95,142113,,,,,,2.269568035584598,2.352949324588656,2.5681676124951833,2.6029594713413777,2.5959376281100397,2.598866864425584,2.5878345540940417,2.7133660779173763,2.755343192637979,2.7551555923816857,2.9415295250173137,3.3502239778657352,,,1.9463369236127956,1.9806413868120374,2.495099701914459,2.473692940618727,2.4160242644051997,2.341332913913757,2.3356785613203845,2.3493893305753626,2.388357088101152,2.596602046981114,2.5967108927354303,2.5970806428117106,2.5842923455165314,2.573533272512897,2.6145566185179114,2.755343192637979,2.762656697108932,3.2212494669166536,3.468184551904372,,2.269568035584598,2.9415295250173137,2.296071338334598,"rgba(255, 0, 0, 1.0)",0.3735960919746715,2.1729115119809723,-0.5832810263865017,45.11961625368294,0.9029872030141775,False,False,False,True,False,0.0,0.0,0.0,0.0,0.0,0,0.9801486370798643,1.0056576384322384,False,False,False,False,-0.3326706178902145,-0.33053241962363766,False,False,False,False,-2301427,-1912904.8019260261,False,False,False,False,119933.46596082696,False,False,False,False
2025-04-25 00:00:00+00:00,1.97,2.11,1.85,2.0295,57144,,,,,,2.2553369932462117,2.347458583618417,2.561963135704212,2.5973144607504866,2.590723175808657,2.5938681799136103,2.583244777603529,2.7090874003719208,2.751372042697528,2.7516998949033105,2.937683078965658,3.346557161815204,,1.9766666666666666,1.9492593604179944,1.9803552680066578,2.480805629331698,2.4606213621893485,2.406004929191509,2.3348931366792525,2.3301166849980657,2.3438968580091744,2.382984820617561,2.59127974508462,2.5915950799547414,2.5921821822858417,2.5798613761182803,2.5694743349942826,2.6105929944801263,2.751372042697528,2.759202310038165,3.217381049119807,3.464366386879726,,2.2553369932462117,2.937683078965658,2.2517956888736577,"rgba(255, 0, 0, 1.0)",0.3773066069053428,2.0404045720843826,-0.18659777166861405,45.06580611712785,0.7160144901259216,False,True,False,True,False,0.0,0.0,0.0,0.0,0.0,0,0.9719166290186693,1.0,False,False,False,False,-0.3339661237442468,-0.33224927168394225,False,False,False,False,-2244283,-1937451.335116691,False,False,False,False,115282.39440817312,False,False,False,False
2025-05-02 00:00:00+00:00,2.07,2.25,1.96,2.0,77140,,,,,2.093333333333333,2.2453655087890083,2.342549483013923,2.5554200560356306,2.591256056032782,2.585133003253399,2.588498056373472,2.5783280402842212,2.7042973085791027,2.7468727938376407,2.7477782759713727,2.933163535754192,3.3420571079055668,,2.0436863165629062,1.9658424188618022,1.9903614311607514,2.466901550153564,2.4480288219313815,2.396667004134791,2.329268721646149,2.3252662151273245,2.33900972104789,2.377970779434061,2.5855749453343533,2.586106649632254,2.5869213837045457,2.575118680897407,2.565143107296404,2.606290338189411,2.7468727938376407,2.75527511245029,3.212684434711795,3.459644832992936,,2.2453655087890083,2.933163535754192,2.230472132170101,"rgba(239, 83, 80, 1.0)",0.37817526483065783,2.023305874979698,0.1234721817176772,45.75109611186413,0.7160144901259216,False,False,False,True,False,0.0,0.0,0.0,0.0,0.0,0,0.9856514252917544,0.9816696958102165,False,False,False,False,-0.2619087748772729,-0.29707902328060753,False,False,False,False,-2167143,-1954465.5325154546,False,False,False,False,112457.03185941956,False,False,False,False
2025-05-09 00:00:00+00:00,1.91,2.1081,1.8764,2.04,23606,,,,,2.0632242371905583,2.24017922403324,2.340329740158554,2.5529074342219205,2.588960120975198,2.5830069139119405,2.586457162689998,2.5764496697495627,2.702541150118105,2.7452399213614447,2.746353716111025,2.931580000931529,3.340545429542878,,2.031897073912217,1.965808085519362,1.9896878022733897,2.4614481915961863,2.443011875928336,2.392756162961792,2.3266904269694217,2.323020855710937,2.336789627162898,2.3757937968995138,2.583406285223408,2.5840194950345237,2.5849202411371652,2.5733035854897652,2.563476680030545,2.6046616637599,2.7452399213614447,2.7538510681355186,3.211090939551247,3.4580711806860784,,2.24017922403324,2.931580000931529,2.223772393609544,"rgba(255, 0, 0, 1.0)",0.38105530909225743,2.0126542997238817,-0.26939474998635454,45.24939845708634,0.5714283779464182,False,False,False,True,False,0.0,0.0,0.0,0.0,0.0,0,0.9781815589014724,1.0037908947224565,False,False,False,False,-0.3267661149426444,-0.31192256911162597,False,False,False,False,-2190749,-1971968.011588384,False,False,False,False,105875.473943907,False,False,False,False
2025-05-16 00:00:00+00:00,2.15,2.25,1.86,1.9609,23995,,,,2.0866666666666664,2.067733589330426,2.237347633649558,2.338823458683446,2.5508998306456885,2.5870957471918317,2.5812836676244846,2.584800197707881,2.574930091769382,2.701057982962441,2.743845142735087,2.7451358955111393,2.9301778546032047,3.339148017424366,,2.039122498648413,1.9698482385639355,1.992221076948367,2.457355498515907,2.439290304753349,2.3899641283107798,2.3249766566794903,2.321533613448537,2.335290165083142,2.374253417824385,2.581648490184401,2.5823268950134355,2.5832963489393084,2.571836825861352,2.5621350556292755,2.603328230659555,2.743845142735087,2.752631507857839,3.209633289802843,3.456605221792902,,2.237347633649558,2.9301778546032047,2.2004526292066893,"rgba(239, 83, 80, 0.5)",0.38248367795595034,2.04084274830236,0.28539061400212523,46.573080235878585,0.5714283779464182,False,False,False,False,False,0.0,0.0,0.0,0.0,0.0,0,0.9803806160486561,0.9792265346397535,False,False,False,False,-0.29037508441708804,-0.301148826764357,False,False,False,False,-2166754,-1986396.6033225777,False,False,False,False,99810.25365176573,False,False,False,False
2025-05-23 00:00:00+00:00,2.07,2.2499,2.02,2.18,25642,,,,2.100425192228915,2.075503176999173,2.234949745787138,2.3374013769716875,2.54889544085161,2.5852238648386243,2.5795537662119483,2.5831356263269987,2.5734046100478967,2.699549253633329,2.7424212846219396,2.7438918826360053,2.928731749251129,3.3376898083182636,,2.0482878578048473,1.974796055348335,1.995509197336635,2.453386765568543,2.4356922223743114,2.3872933152825038,2.3233737754008694,2.320142732933676,2.333877063382893,2.3727761225590975,2.5798840762073447,2.5806273132756434,2.581665091773315,2.570364639941495,2.5607895064414494,2.6019839039032346,2.7424212846219396,2.751385080083414,3.2081166044699403,3.4550724897288445,,2.234949745787138,2.928731749251129,2.2029217304131277,"rgba(239, 83, 80, 1.0)",0.38474782279559994,2.0497530705953175,0.052623895978324065,47.002872686713616,0.5714283779464182,False,False,False,False,False,0.0,0.0,0.0,0.0,0.0,0,1.0,0.9856268268544732,False,False,False,False,-0.2450568219776626,-0.2731028243710098,False,False,False,False,-2192396,-2001655.8178912755,False,False,False,False,94316.30893682012,False,False,False,False
2025-05-30 00:00:00+00:00,2.06,2.2499,1.92,2.0101,59537,,,,2.087450528819438,2.0758237091908027,2.2281493531257897,2.3336385878307455,2.543925756242903,2.580600853156612,2.5752740649079446,2.5790175764220016,2.569622057804974,2.6958586572069536,2.738948719290418,2.7408554130218694,2.9252436713119705,3.33421640742291,,2.0546069595053367,1.9823468428201496,2.0003210118461725,2.4435594026704566,2.4267204630456956,2.380482735718441,2.3191105877784746,2.3164239045141652,2.3301303745077564,2.368934017816628,2.5755202391936476,2.5764223129268666,2.5776277465853017,2.56671131182785,2.557442775123439,2.5986587599599655,2.738948719290418,2.748344484785367,3.204493813170063,3.451430278326998,,2.2281493531257897,2.9252436713119705,2.1998571594520757,"rgba(239, 83, 80, 1.0)",0.38707487779475985,2.0500570100839317,0.0256875103150984,47.243621173015235,0.5714283779464182,False,False,False,False,False,0.0,0.0,0.0,0.0,0.0,1,0.9876093623162262,0.9830995760800939,False,False,False,False,-0.2732715715572844,-0.2731871979641471,False,False,False,False,-2251933,-2020194.8684178477,False,False,False,False,91740.063830389,False,False,False,False
2025-06-06 00:00:00+00:00,2.06,2.25,1.9501,2.06,29775,,,2.0866999999999996,2.087289700057815,2.077174765987331,2.225174653223386,2.331869348808267,2.5415321006751888,2.5783657811123906,2.573203613361238,2.577023884444183,2.5677900822059363,2.6940590511049454,2.737251799950673,2.7393700476400378,2.923530508059628,3.332500342775874,,2.057826112920921,1.9860779974117853,2.002809504568965,2.438964111874579,2.4225239514982895,2.3772966737388064,2.317119555661948,2.3146826707848533,2.328370059046017,2.3671145956742436,2.5734095766093943,2.574387394332448,2.5756728366657913,2.564941569010336,2.5558210207020524,2.5970433286096917,2.737251799950673,2.7468567466653186,3.2027068037413895,3.4496292701291913,2.0866999999999996,2.225174653223386,2.923530508059628,2.1761837471281877,"rgba(239, 83, 80, 1.0)",0.3847811482009212,2.077247644741517,-0.044824557601534705,47.415584377516396,0.5714283779464182,False,False,False,False,False,0.0,-1.0,2.25,1.9501,191.0,1,0.9955664203566865,0.9833324073559644,False,False,False,False,-0.26470780689680107,-0.26894750243047405,False,False,False,False,-2251933,-2037360.6559424517,False,False,False,False,87150.05910221205,False,False,False,False
2025-06-13 00:00:00+00:00,1.95,2.1521,1.95,2.05,37740,,,2.04794357550174,2.0723544450041222,2.0690389587951534,2.219779178364917,2.3290389614635476,2.538076868908252,2.575166295974359,2.5702339604905795,2.5741658894324835,2.5651561387396704,2.6915346099016673,2.7348857085286755,2.737298029384077,2.9211900182852992,3.330211316160403,,2.0532623492010353,1.987434515848755,2.0033223414679076,2.432193424783134,2.416283502200731,2.3724161441190255,2.3138996328277073,2.3118534501544707,2.325545383922349,2.364279973359241,2.5703829581019684,2.5714690449225595,2.572869048342679,2.5623945771626846,2.5534799843971365,2.5947341582115637,2.7348857085286755,2.7447835747758043,3.2003097425833538,3.447237520023586,2.04794357550174,2.219779178364917,2.9211900182852992,2.1674028435286523,"rgba(239, 83, 80, 1.0)",0.3881248537531568,2.0606498321255127,-0.285088241723074,46.75371063933652,0.5714283779464182,False,False,False,False,False,0.0,0.0,0.0,0.0,0.0,0,0.9934222066304157,0.986614190492896,False,False,False,False,-0.29264299147753264,-0.2807952469540034,False,False,False,False,-2289673,-2056050.459205974,False,False,False,False,83490.05472427042,False,False,False,False
2025-06-20 00:00:00+00:00,2.15,2.24,1.98,1.98,17897,,,2.0637405419222903,2.077043215853145,2.072329175978221,2.218606133265193,2.3281647902190694,2.5367844262247976,2.573947583698869,2.569104558240661,2.573076752420683,2.5641557896052096,2.690531180350272,2.733934000062549,2.7364636079539064,2.9202139692525937,3.3292159924819353,,2.056820209602923,1.9901722685109102,2.0052943391040996,2.4298589995972506,2.414159261760765,2.3708247149268105,2.3129338047171797,2.311006555907611,2.3246781779994055,2.363357458674204,2.5692319884286086,2.5703583976652675,2.5718010211871944,2.5614282358145286,2.55259495100702,2.5938453271843454,2.733934000062549,2.74394717151292,3.199277921560856,3.4461899471007795,2.0637405419222903,2.218606133265193,2.9202139692525937,2.1698848860521607,"rgba(239, 83, 80, 0.5)",0.3878682044060813,2.067483285839145,0.2127442085313688,47.85859067630851,0.5714283779464182,False,False,False,False,False,0.0,0.0,0.0,0.0,0.0,0,0.9956810918199877,0.9794851861449424,False,False,False,False,-0.259085537367411,-0.2699403921607072,False,False,False,False,-2271776,-2072030.1288944203,False,False,False,False,78631.30992988002,False,False,False,False
2025-06-27 00:00:00+00:00,1.99,2.2499,1.99,2.07,45887,,,2.068246376083088,2.0769650021693358,2.072907997405381,2.214312654394826,2.325453689347602,2.533137009600019,2.570531956076705,2.5659340929598904,2.570020672730271,2.561341986710153,2.6877640588536864,2.7313217523276907,2.734172355154204,2.9175762855885696,3.326572978614586,,2.0591024617413427,1.9944188205160591,2.008178368889614,2.423144027169004,2.4079986144026386,2.3660831009456955,2.3099025626288103,2.308337760743529,2.3219804043582983,2.360570159637888,2.5660016101152006,2.567240870562238,2.568802947393773,2.5587078589727406,2.5500972558665844,2.5913569717820173,2.7313217523276907,2.7416523292714556,3.196526960885094,3.4434170297464104,2.068246376083088,2.214312654394826,2.9175762855885696,2.169135742371698,"rgba(239, 83, 80, 1.0)",0.38922428216522603,2.069305459349787,-0.20375259968010379,47.499904991526726,0.5714283779464182,False,False,False,False,False,0.0,0.0,0.0,0.0,0.0,0,0.9989329349623858,0.9786693698980952,False,False,False,False,-0.25347924490810625,-0.2617098185344067,False,False,False,False,-2317663,-2090225.1563837226,False,False,False,False,76205.80549062965,False,False,False,False
2025-07-04 00:00:00+00:00,1.96,2.08,1.95,2.08,39156,,,2.051803472666295,2.0657209551465217,2.0650596752327743,2.2088374735920118,2.3224572837677515,2.5295327863979757,2.5671883093055934,2.5628238962767096,2.567024608878998,2.5585745808856677,2.6851160903616025,2.7288387785916783,2.7319934926007527,2.9151257299570763,3.324182738729519,,2.0535147364266844,1.994509239708289,2.007794492216476,2.416336206855784,2.401690372956246,2.361071357144383,2.3065109350675663,2.3053385090061815,2.3189890052368725,2.3575763340367737,2.5628334058747506,2.5641830491316595,2.5658621835748634,2.5560294723702284,2.5476300867652055,2.588925529054065,2.7288387785916783,2.7394725791483507,3.19402330707702,3.4409218058990514,2.051803472666295,2.2088374735920118,2.9151257299570763,2.162633798194547,"rgba(239, 83, 80, 1.0)",0.39081947319784244,2.0590247098680687,-0.25337711311519023,47.034732816186114,0.5714283779464182,False,False,False,False,False,0.0,0.0,0.0,0.0,0.0,1,0.9904176825697646,0.9988501219083717,False,False,False,False,-0.3134803718611204,-0.28759509519776355,False,False,False,False,-2356819,-2109972.848503447,False,False,False,False,73461.37545428671,False,False,False,False
2025-07-11 00:00:00+00:00,2.05,2.21,1.99,1.99,28888,,,2.0563726555066726,2.0673700907891623,2.066349529031454,2.2065506187845334,2.320860236055663,2.5273320560315238,2.565117300556394,2.560898927426186,2.5651670416177885,2.5568624385055476,2.6834197752570934,2.727233220067322,2.7305827256811126,2.913495946582168,3.3225395661217654,,2.055361620430225,1.9970692585612468,2.009608279811831,2.4124601112864297,2.3981286244700963,2.358319018349277,2.3047422484487443,2.303773466226304,2.317401070422811,2.3559218333224736,2.560872874375636,2.5622893335134687,2.564039298349773,2.5543733893169467,2.5461080521179937,2.5874050352363787,2.727233220067322,2.738059268937552,3.19231609471931,3.4391965602130665,2.0563726555066726,2.2065506187845334,2.913495946582168,2.162758980702093,"rgba(239, 83, 80, 1.0)",0.39041563126384116,2.0613634739393785,-0.029106093684295283,47.44514257924365,0.5714283779464182,False,False,False,False,False,0.0,0.0,0.0,0.0,0.0,1,0.9968362106240046,0.9820718602026934,False,False,False,False,-0.26473610056777463,-0.27616559788276906,False,False,False,False,-2327931,-2126117.896762451,False,False,False,False,70159.64393915437,False,False,False,False
2025-07-18 00:00:00+00:00,1.96,2.115,1.91,2.05,128367,,,2.0323324258236446,2.0461060219646408,2.049313788851068,2.190704690368936,2.311468177819151,2.51591534857914,2.5544762551248312,2.55098058305844,2.5556002676904597,2.548009363351185,2.6749034943327836,2.7192286529634773,2.7235418212982445,2.9055679543585,3.3147735294089054,,2.042334083702381,1.996834334821518,2.008199891573149,2.391929773810933,2.379036376331379,2.342994905113166,2.2942055196740525,2.2943947538699647,2.3080281677234837,2.3464987906433805,2.55077522591195,2.552532442423546,2.5546445694945086,2.545798496108432,2.538195421203201,2.5795928290500827,2.7192286529634773,2.731014547962524,3.184193716356996,3.4310869596566733,2.0323324258236446,2.190704690368936,2.9055679543585,2.147978629236081,"rgba(239, 83, 80, 1.0)",0.38875003583327006,2.0425215800854333,-0.21227414142496895,47.06060001189945,0.5714283779464182,False,False,False,False,False,0.0,0.0,0.0,0.0,0.0,1,0.9884663374330261,0.9910876243800657,False,False,False,False,-0.31493503638290044,-0.29555031713283475,False,False,False,False,-2456298,-2150575.682187455,False,False,False,False,74471.29994366145,False,False,False,False
2025-07-25 00:00:00+00:00,1.94,2.064,1.92,2.06,55007,,,2.024044264038441,2.03811712886256,2.0423852402623073,2.1839861098154825,2.307359169772118,2.510986486473212,2.5498756989034814,2.5466844825247343,2.5514531814376977,2.5441641492340095,2.671211083423995,2.7157570968063123,2.720482724477646,2.902137506649052,3.311422574022943,,2.0366057204401686,1.995805924449681,2.006869492710401,2.3833178839120643,2.3709931353738467,2.3364559628550596,2.2896145063169002,2.2902867350834932,2.3039263089484723,2.342384853221329,2.5464034082377776,2.548304692018807,2.5505702382892355,2.542071281924854,2.534749534386582,2.5761936453592327,2.7157570968063123,2.727954235933185,3.1806878617260703,3.4275908850805332,2.024044264038441,2.1839861098154825,2.902137506649052,2.141858086272001,"rgba(239, 83, 80, 1.0)",0.3904864029654673,2.0352880884008693,-0.24402408810453802,46.63423467941981,0.042555884820266954,False,False,False,False,False,0.0,0.0,0.0,0.0,0.0,1,0.9882514885716114,1.0145122393665833,False,False,False,False,-0.3269127250065007,-0.3112315210696677,False,False,False,False,-2511305,-2177296.372395791,False,False,False,False,73029.49994783469,False,False,False,False
2025-08-01 00:00:00+00:00,1.92,2.1203,1.92,1.93,54232,,,2.0194175486536565,2.0330178412189195,2.0377223077624675,2.1781190715774765,2.3035488504782338,2.5063218355690036,2.5455047983893007,2.5425994347836625,2.5475066482837523,2.540502752993349,2.667671199966482,2.712421365901729,2.7175396318299763,2.898823854593397,3.3081649525823504,,2.0327664851359275,1.9954105635860724,2.006112768424719,2.375409695205735,2.363603158549906,2.330440669272061,2.28538452622281,2.2864900038750386,2.300124904849982,2.3385475976188683,2.5422475142136927,2.5442832867235854,2.5466921935823934,2.5385212553786256,2.5314657154324784,2.5729462094729203,2.712421365901729,2.7250092659149874,3.1772857205551825,3.424189028309343,2.0194175486536565,2.1781190715774765,2.898823854593397,2.137202010938694,"rgba(239, 83, 80, 1.0)",0.3902313593034165,2.0307310456927428,-0.2837574250578005,46.170990867688545,-0.5704363836187554,False,False,False,False,False,0.0,0.0,0.0,0.0,0.0,1,0.9733383694191099,1.0521790328493505,False,False,False,False,-0.31048780029274853,-0.3108596606812081,False,False,False,False,-2565537,-2206054.9374035103,False,False,False,False,71637.09254429137,False,False,False,False
2025-08-08 00:00:00+00:00,1.9,1.95,1.9,1.92,26758,,,2.0134883560811745,2.027583336097142,2.032913701746911,2.174336983740748,2.3012933369762503,2.503744331868967,2.543105660332252,2.5403543227011367,2.5453387915794425,2.5384874285359675,2.6657596549086593,2.7106288334853152,2.71595773230071,2.8970727428788203,3.3064785875237157,,2.028515360032988,1.9937471383086982,2.0044817911593005,2.3709398461066757,2.359401722702784,2.3269583766715822,2.2828609095707773,2.2842214840011077,2.297870554200067,2.336313415062315,2.5399637494499534,2.5420734545411316,2.5445612607485875,2.5365659280734967,2.5296532854118348,2.571167035161348,2.7106288334853152,2.7234276694836583,3.175515821938514,3.4224349007004418,2.0134883560811745,2.174336983740748,2.8970727428788203,2.133236661264801,"rgba(239, 83, 80, 1.0)",0.3885422169138545,2.025625188489554,-0.3233244240159545,45.67430758325918,-1.2055236622960805,False,False,False,True,False,0.0,0.0,0.0,0.0,0.0,1,0.9775988304231463,1.0672035087305611,False,False,False,False,-0.34282825441539394,-0.32684395754830103,False,False,False,False,-2592295,-2234665.3124106578,False,False,False,False,68312.71531878831,False,False,False,False
2025-08-15 00:00:00+00:00,2.0,2.0,1.89,1.9,143658,,,2.0016253572947624,2.014701934111984,2.020683235550226,2.1591307359648315,2.2910362697936173,2.491352736159983,2.5314685737304825,2.52945261698801,2.534795528743983,2.528681990189041,2.6562902135592155,2.7016991603668323,2.708060253250853,2.8882196024623514,3.2977959534332015,,2.017806749509299,1.9906491693840986,2.0008127277218786,2.3506771966741478,2.340372770896542,2.3112388473531027,2.2715358232751983,2.273990764255818,2.2876346028874415,2.3260020763132134,2.5288793532530027,2.531336241161734,2.5341950812586824,2.527049644187593,2.5208296765176748,2.5624470635364296,2.7016991603668323,2.7155262410548984,3.166447073066092,3.413376438003864,2.0016253572947624,2.1591307359648315,2.8882196024623514,2.120769872446087,"rgba(239, 83, 80, 1.0)",0.3849581939394062,2.013704319116568,-0.03559949971794887,46.345150001510454,-1.2055236622960805,False,False,False,False,False,0.0,0.0,0.0,0.0,0.0,1,0.9289782427578294,1.2103336656787358,False,False,False,False,-0.3313880422253907,-0.32911599988684587,False,False,False,False,-2448637,-2250515.0670469054,False,False,False,False,73893.84751739659,False,False,False,False
2025-08-22 00:00:00+00:00,1.77,2.04,1.64,2.01,89587,,,1.977850557570679,1.99269373005378,2.0005290877139585,2.1444018357639605,2.2822248272175685,2.4818411312427644,2.5226319712304597,2.5211523853154714,2.5267734519364384,2.521191772351991,2.6492903828617016,2.695152899142969,2.7022651360436725,2.8819210583632824,3.291849070104869,1.8166666666666664,1.9991145943981563,1.9802576097531925,1.9911125950878503,2.3346203155991985,2.3251383267152277,2.298255771836427,2.2616993313176144,2.2650753465407645,2.2788163688284175,2.317369808435337,2.5204428162366015,2.5231622786889654,2.5263024298338195,2.519770652060738,2.514053676190762,2.5558342181772904,2.695152899142969,2.7097367705828157,3.160178969043246,3.4072185470589162,1.977850557570679,2.1444018357639605,2.8819210583632824,2.0562385319322667,"rgba(255, 0, 0, 1.0)",0.3598054032365364,1.9469350105012708,-0.4917519551115622,44.940055184484834,-2.1182427002908497,False,False,False,True,False,0.0,0.0,0.0,0.0,0.0,1,0.8653906134576553,1.3135413759705832,False,False,False,False,-0.34282825441539394,-0.3359721271511199,False,False,False,False,-2538224,-2271826.839858246,False,False,False,False,75056.3032568487,False,False,False,False
2025-08-29 00:00:00+00:00,1.97,2.71,1.88,2.08,1043307,,2.186666666666667,2.1030384223267915,2.1021182523688795,2.1001089924736824,2.15850638970748,2.265229985885433,2.440213855740182,2.4803507813463748,2.4812089137927216,2.4876215426436916,2.484681871151471,2.608349605555282,2.6548259914405246,2.6659760696261134,2.8373778070865256,3.242480459211393,2.157407803966361,2.096594865317307,2.0649325152538784,2.065464569022643,2.2962481917217286,2.2900985977247905,2.272128814773073,2.246604676170696,2.2505678183521756,2.2623200898580476,2.29582489949338,2.4799802180021846,2.483610277747546,2.487735367883845,2.4842592415915483,2.4810624181485106,2.5212809589850793,2.6548259914405246,2.6732393755265895,3.1102321432071114,3.3547560203138573,2.1030384223267915,2.15850638970748,2.8373778070865256,2.133108666882542,"rgba(239, 83, 80, 1.0)",0.34781189943329394,2.137307786332175,-0.4810295064797311,45.83474518380081,-2.1182427002908497,False,False,False,True,False,0.0,0.0,0.0,0.0,0.0,1,0.9462020114470164,0.9267749600251057,False,False,False,False,0.3428280916335452,0.003427982241212657,False,False,False,False,-1494917,-2214277.9628317095,False,False,False,False,146778.5770896747,False,False,False,False
2025-09-05 00:00:00+00:00,2.1,2.19,2.0,2.06,106626,,2.1783215369938946,2.1026705624876483,2.101821083021184,2.0999305402472928,2.1564668428842526,2.2622208589252866,2.435332709134119,2.4754785559826264,2.476572362925189,2.4830754773831747,2.480401668305397,2.6037632274851843,2.650338340964025,2.6619102248555433,2.832559397857668,3.2372732644533406,2.1521827293360873,2.0965984869234466,2.066209445697551,2.066631659113395,2.2910947178735586,2.285222298533326,2.2680283622914437,2.2435840498255426,2.2477116320556445,2.2593438380997326,2.2925253663231038,2.475289319282853,2.479017221385803,2.483248987164848,2.480081819472592,2.4771439424912147,2.517257713648831,2.650338340964025,2.669156923726676,3.1049452808791713,3.34925362433793,2.1026705624876483,2.1564668428842526,2.832559397857668,2.1311927604578313,"rgba(239, 83, 80, 0.5)",0.32595779904270605,2.133748977959703,-0.10353787532870601,47.56008004103448,-2.1182427002908497,False,False,False,False,True,0.0,0.0,0.0,0.0,0.0,1,0.973031687766874,0.9741104202561989,False,False,False,False,0.03991120668099359,0.021669594461103125,False,False,False,False,-1388291,-2153093.743362694,False,False,False,False,143804.31212006917,False,False,False,False
2025-09-12 00:00:00+00:00,2.25,2.38,2.07,2.19,196297,,2.186342937932845,2.1152238787995064,2.1138151305670005,2.111552991460958,2.1608668547457084,2.2613016908234873,2.430183716598109,2.4699470422158765,2.4712903432198106,2.477841250978497,2.475484082243181,2.5977498629933296,2.6442559900583222,2.656348507323248,2.8254680970310506,3.22894355853152,2.163277193402781,2.1082165744109784,2.077735840516121,2.0773713061112504,2.288473527433829,2.282920931967408,2.266597254553307,2.2432174651236054,2.2472366114841162,2.258511046980909,2.2907734236393367,2.46995826710099,2.4737631855695303,2.478079942379895,2.4752811135811523,2.472652695330932,2.5123900018349925,2.6442559900583222,2.663548978937175,3.096654997494183,3.3403402685885366,2.1152238787995064,2.1608668547457084,2.8254680970310506,2.140287623538098,#000000,0.31624978766507744,2.144664785175533,0.33307600173322965,49.9337554125505,-3.077006385745598,True,False,False,False,True,0.0,0.0,0.0,0.0,0.0,1,0.983690414411743,0.9466231744384314,False,False,False,False,0.23256555062866985,0.12711757254488648,False,False,False,False,-1191994,-2081901.1697802723,False,False,False,False,147692.6593704344,False,False,False,False
2025-09-19 00:00:00+00:00,2.31,2.39,2.2,2.36,178241,,2.199631710497172,2.1300498172267655,2.1280543050414407,2.125367983113311,2.167741259888386,2.262388368441428,2.4272387155154824,2.4664935424261545,2.4679781662089098,2.474520014072746,2.472368869845229,2.593424703535424,2.639756207277734,2.6521983794467987,2.8198816759004295,3.2219973858119464,2.1783755416472026,2.121953302615873,2.090834843739099,2.089674983217986,2.2889296850243697,2.283582115360752,2.2678031573665547,2.2450033374123284,2.2487733322832093,2.259683155404516,2.2910148993925787,2.4666246948121318,2.4704532795563203,2.474797137285036,2.4722383073285235,2.4698123086328567,2.509134323898645,2.639756207277734,2.659350373694829,3.089833562675168,3.332849282924466,2.1300498172267655,2.167741259888386,2.8198816759004295,2.1520613432011606,#000000,0.31280181144496527,2.1590278436031456,0.4826447637865316,52.06235907362638,-1.0916164875399588,True,False,False,False,True,0.0,0.0,0.0,0.0,0.0,1,1.0,0.9406924160427013,False,False,False,False,0.3428280916335452,0.23497283208921585,False,False,False,False,-1013753,-2002779.0831298819,False,False,False,False,149955.4994170689,False,False,False,False
2025-09-26 00:00:00+00:00,2.2,2.385,2.2,2.29,126989,,2.204401887824511,2.1371669210797193,2.134958356492916,2.132133498115178,2.170935158629722,2.26237421304177,2.4246124989117703,2.4635704086929495,2.4651745383644754,2.471725115843027,2.46973727418053,2.5900264249895932,2.6362677169146407,2.6489846252109666,2.8156853402898165,3.216908437396477,2.1844506543093516,2.1287367945643543,2.0977187235182657,2.0961904836014584,2.2881820746956003,2.282993880992395,2.2676492783326143,2.245368538320452,2.249035432021275,2.2597222911798336,2.2904776820713826,2.4638000482252567,2.4676577454362767,2.4720342234030785,2.4696657849376646,2.4674009090451556,2.5064609047638524,2.6362677169146407,2.6561048887397374,3.084811981901415,3.3273821037555997,2.1371669210797193,2.170935158629722,2.8156853402898165,2.157487455283108,"rgba(239, 83, 80, 0.5)",0.30915879808351043,2.1652444549266248,0.11241971856801952,52.54647226949108,-0.6943454011284231,True,False,False,False,True,0.0,0.0,0.0,0.0,0.0,1,1.0000000000000002,0.9386049263998818,False,False,False,False,0.33876398112448963,0.28686840660685275,False,False,False,False,-1140742,-1938924.4843795202,False,False,False,False,148254.27723802676,False,False,False,False
2025-10-03 00:00:00+00:00,2.22,2.34,2.2,2.23,59563,,2.2061052569135544,2.1400403811501363,2.1377594496127696,2.1348910669959387,2.1722287406382406,2.2622917976380763,2.4233476476207283,2.4621724828923917,2.463832829006166,2.470388317992988,2.468476930547768,2.5884165186269517,2.634617647313445,2.6474633550963396,2.8137094683356105,3.2145193878928504,2.1867292482362464,2.131511088187249,2.100605369492529,2.098933929540948,2.2877395387072528,2.282625110460407,2.267482855994137,2.245449580947204,2.2490760246282675,2.2596637071706,2.2901614845720193,2.4624483032383138,2.4663201483072728,2.47071247094589,2.4684332196750116,2.4662439721173857,2.5051847496557307,2.634617647313445,2.6545690280529763,3.0824539441275376,3.3248170537977457,2.1400403811501363,2.1722287406382406,2.8137094683356105,2.159654406947486,#000000,0.30391869652475423,2.167658583978177,0.1722217705601412,53.05297527759664,-0.2313924902252893,True,False,False,False,True,0.0,0.0,0.0,0.0,0.0,1,1.0150924224085116,0.9352071845907861,False,False,False,False,0.30265030382389957,0.29475935521537616,False,False,False,False,-1081179,-1875387.781832889,False,False,False,False,141684.55299817293,False,False,False,False
2025-10-10 00:00:00+00:00,2.31,2.32,2.2,2.23,196558,,2.213375936155092,2.1503512466406325,2.1478207144323243,2.144792503729854,2.177372878691326,2.262711598965949,2.4198581235498797,2.4581893941426416,2.4600010012565128,2.4665526889080365,2.4648599833929152,2.583573818458499,2.629599036098108,2.64281747598763,2.8075539163521057,3.2069082517698706,2.195580741496626,2.1414468452571858,2.1107612566117497,2.108615745865515,2.2872941825894775,2.282390276331873,2.267822152766722,2.2464637310152322,2.2499099691774163,2.2601630985907493,2.2897927490564913,2.4585924563964356,2.4624930016129394,2.4669180838279265,2.4648941793110644,2.4629221075549137,2.501445083960106,2.629599036098108,2.649872727525243,3.0749827725817034,3.316621085100973,2.1503512466406325,2.177372878691326,2.8075539163521057,2.1677412051469784,#000000,0.29904902073072964,2.1767821596811685,0.44547158186076735,54.137778504296186,0.8120607632157402,True,False,True,False,True,0.0,0.0,0.0,0.0,0.0,1,1.0227890794731165,0.933152033545525,False,False,False,False,0.2868474532576699,0.29080340423652307,False,False,False,False,-884621,-1801997.6498452676,False,False,False,False,145749.25277608604,False,False,False,False
2025-10-17 00:00:00+00:00,2.12,2.62,2.1114,2.22,7182741,2.2838000000000003,2.2690216889420056,2.2482873861778745,2.2465130927076062,2.2446660125131115,2.245789264695687,2.2735984897227195,2.3565838709197044,2.3815176889702685,2.384593887284946,2.389833805721898,2.390994423321134,2.4750249400254876,2.512451433214841,2.530063549420178,2.652939971764445,2.995766587203573,2.2646071430700823,2.2431428337002393,2.2281232368716326,2.225222142541846,2.2852147859035528,2.283222295709821,2.2770011186076147,2.2667293400627235,2.2676965754709366,2.272399312765054,2.286798625724976,2.383202471586292,2.3866497432104716,2.3906019824005678,2.3919552141120954,2.3929996872953545,2.4199971924797143,2.512451433214841,2.535547708326803,2.8747557300964077,3.087087112366966,2.2482873861778745,2.245789264695687,2.652939971764445,2.249917280122008,"rgba(239, 83, 80, 0.5)",0.2956518704688338,2.2664290545474906,-0.49527525165083064,53.10401362814588,0.8120607632157402,True,False,False,False,True,0.0,0.0,0.0,0.0,0.0,1,1.0045597781101607,0.8931792108969984,False,False,False,False,0.34282811352563947,0.31681575888108127,False,False,False,False,-8067362,-2266098.712819692,False,False,False,False,667007.9007185982,False,False,False,False
2025-10-24 00:00:00+00:00,2.19,2.3,2.11,2.11,192133,2.2816168107821237,2.2675930427313324,2.247357711662293,2.2456272694147974,2.243823776810775,2.2450151973798036,2.272595989222494,2.3546599283282523,2.379407759043973,2.382504641099295,2.387725788325569,2.388932662319418,2.4723866098035665,2.5096454434735533,2.527313806029215,2.6493913651513528,2.99092743031056,2.2632826543173126,2.2423338564370114,2.2276221043416418,2.2247809212003262,2.2838795451592233,2.281928850405974,2.2758357555030018,2.2657743538725983,2.266759348079947,2.271410463409268,2.2856538972688134,2.381112924458313,2.384554445649087,2.388500579208205,2.3899091802246275,2.391005232107112,2.4178168027882454,2.5096454434735533,2.5327678223044905,2.8702186735550663,3.0818447652195635,2.247357711662293,2.2450151973798036,2.6493913651513528,2.248905334507742,"rgba(239, 83, 80, 0.5)",0.2910844632197608,2.2649625548732657,-0.25752853327891667,52.960832386777064,0.8120607632157402,True,False,False,False,True,0.0,0.0,0.0,0.0,0.0,1,1.0088024294705338,0.9427842084415298,False,False,False,False,0.12895617152681732,0.2228859652039493,False,False,False,False,-7875229,-2681589.8452034188,False,False,False,False,631831.9821468501,False,False,False,False
2025-10-31 00:00:00+00:00,2.24,2.43,2.16,2.19,209304,2.2814801994098772,2.267793126381177,2.2479597977866552,2.2462581436188116,2.244484839619754,2.24558754432741,2.2726555089586498,2.3536297717756955,2.3781230522260475,2.381215597922795,2.386398368453484,2.387627801806198,2.4703624130615487,2.507388257413958,2.5250595187537543,2.646237159091868,2.986226878737738,2.263575027363936,2.243021131604305,2.228556012388759,2.225751207203322,2.2837584914283524,2.281841239445722,2.2758492324831696,2.265941561993115,2.266906548454406,2.271487523439811,2.285526606772448,2.3798311062693034,2.383251016837166,2.3871733495393954,2.3886093572339067,2.389732390946385,2.4163091198659936,2.507388257413958,2.530477176825582,2.865902564871432,3.0766943754131124,2.2479597977866552,2.24558754432741,2.646237159091868,2.249446702970401,#000000,0.2841958981261342,2.2652020377354116,-0.08867840071437635,53.281287182377135,0.8120607632157402,True,False,False,False,True,0.0,0.0,0.0,0.0,0.0,1,1.0000000000000002,0.9440872239306681,False,False,False,False,0.24608845000068252,0.2344872076023159,False,False,False,False,-7665925,-3050799.856669832,False,False,False,False,600533.6130989352,False,False,False,False
2025-11-07 00:00:00+00:00,2.21,2.328,2.15,2.19,134984,2.280568313823012,2.267253851913709,2.2477162537185897,2.2460391646791185,2.244290679217597,2.24540017402884,2.2722508089247797,2.3525799252135333,2.376932771721875,2.380031902849864,2.385196924477739,2.386450078967852,2.4687654136911665,2.5056616991735075,2.5233541068565146,2.6439741893484343,2.983028040645318,2.2630993250332176,2.2428466744419984,2.2285654425147365,2.2257938937453807,2.283175719496539,2.2812834329312324,2.2753677007196504,2.265582687739398,2.266549937813123,2.271092688502232,2.285017967103753,2.378649304666133,2.3820610423057387,2.3859744491653205,2.38743897733933,2.38858903559509,2.415029922939234,2.5056616991735075,2.528750038453461,2.862931226685775,3.073213139091534,2.2477162537185897,2.24540017402884,2.6439741893484343,2.24915737731162,#000000,0.2805874745138535,2.264659436122132,-0.1948035500046296,53.206200038625695,0.8120607632157402,True,False,False,False,True,0.0,0.0,0.0,0.0,0.0,1,1.0109156705128584,0.9377243199952539,False,False,False,False,0.17262655190296664,0.20355687975264125,False,False,False,False,-7800909,-3402659.7932128073,False,False,False,False,566048.4565730882,False,False,False,False
