date,Close,High,Low,Open,Volume,aVWAP_peak_161,aVWAP_peak_143,aVWAP_peak_123,aVWAP_peak_107,aVWAP_peak_98,aVWAP_peak_74,aVWAP_peak_58,aVWAP_peak_46,aVWAP_peak_36,aVWAP_peak_29,aVWAP_peak_24,aVWAP_peak_20,aVWAP_peak_11,aVWAP_valley_166,aVWAP_valley_144,aVWAP_valley_114,aVWAP_valley_101,aVWAP_valley_87,aVWAP_valley_86,aVWAP_valley_71,aVWAP_valley_47,aVWAP_valley_38,aVWAP_valley_15,aVWAP_OB_bull_144,aVWAP_OB_bear_58,Peaks_Valleys_avg,color,StDev,StDev_Mean,StdDev_ZScore,QQEMOD,QQE1_Value,QQE1_Above_Upper,QQE1_Below_Lower,QQE2_Above_Threshold,QQE2_Below_Threshold,QQE2_Above_TL,banker_RSI,OB,OB_High,OB_Low,OB_Mitigated_Index,TTM_squeeze_Active,VI_plus,VI_minus,VI_Regular_Bullish,VI_Regular_Bearish,VI_Hidden_Bullish,VI_Hidden_Bearish,Fisher,Fisher_Signal,Fisher_Regular_Bullish,Fisher_Regular_Bearish,Fisher_Hidden_Bullish,Fisher_Hidden_Bearish,OBV,OBV_Smoothed,OBV_Regular_Bullish,OBV_Regular_Bearish,OBV_Hidden_Bullish,OBV_Hidden_Bearish,Volume_MA,Vol_Regular_Bullish,Vol_Regular_Bearish,Vol_Hidden_Bullish,Vol_Hidden_Bearish
2022-07-01 00:00:00+00:00,9.01,12.04,8.3,11.75,7579098,,,,,,,,,,,,,,,,,,,,,,,,,,,#000000,,,,,,False,False,False,False,False,,0.0,0.0,0.0,0.0,0,,,False,False,False,False,,,False,False,False,False,0,0.0,False,False,False,False,7579098.0,False,False,False,False
2022-07-08 00:00:00+00:00,8.97,10.47,8.5,9.5,849229,,,,,,,,,,,,,,,,,,,,,,,,,,,#000000,,,,0.0,,False,False,False,True,False,,0.0,0.0,0.0,0.0,0,,,False,False,False,False,,,False,False,False,False,-849229,-62905.85185185185,False,False,False,False,7080589.185185185,False,False,False,False
2022-07-15 00:00:00+00:00,8.01,9.66,7.71,9.15,902628,,,,,,,,,,,,,,,,,,,,,,,,,,,#000000,,,,0.0,-50.0,False,False,False,True,True,,0.0,0.0,0.0,0.0,0,,,False,False,False,False,,,False,False,False,False,-1751857,-188013.34430727022,False,False,False,False,6622962.430727023,False,False,False,False
2022-07-22 00:00:00+00:00,8.5,8.65,7.01,8.17,565013,,,,,,,,,,,,,,,,,,,,,,,,,,,#000000,,,,9.853295379899281,-40.68555671118896,False,False,False,True,True,,0.0,0.0,0.0,0.0,0,,,False,False,False,False,,,False,False,False,False,-1186844,-262000.80028450946,False,False,False,False,6174225.435858354,False,False,False,False
2022-07-29 00:00:00+00:00,9.2,9.57,8.34,8.79,629988,,,,,,,,,,,,,,,,,,,,,,,,,,,#000000,,,,23.358247825961957,-28.323295420336517,False,False,False,True,True,,0.0,0.0,0.0,0.0,0,,,False,False,False,False,,,False,False,False,False,-556856,-283841.9261893606,False,False,False,False,5763541.181350328,False,False,False,False
2022-08-05 00:00:00+00:00,8.94,9.42,8.461,9.42,304551,,,,,,,,,,,,,,,,,,,,,,,,,,,#000000,,,,31.0319996747072,-21.91780067830395,False,False,False,True,True,,0.0,0.0,0.0,0.0,0,,,False,False,False,False,,,False,False,False,False,-861407,-326624.5242494079,False,False,False,False,5359171.538287341,False,False,False,False
2022-08-12 00:00:00+00:00,9.94,9.96,8.77,8.89,269471,,,,,,,,,,,,,,,,,,,,,,,,,,,#000000,,,,41.24249870988449,-13.190607025924017,False,False,False,True,True,,0.0,0.0,0.0,0.0,0,,,False,False,False,False,,,False,False,False,False,-591936,-346277.2261568592,False,False,False,False,4982156.683599389,False,False,False,False
2022-08-19 00:00:00+00:00,9.5,10.23,9.0,10.0,397586,,,,,,,,,,,,,,,,,,,,,,,,,,,#000000,,,,45.95072961833213,-9.806245901864315,False,False,False,True,True,,0.0,0.0,0.0,0.0,0,,,False,False,False,False,,,False,False,False,False,-989522,-393924.987182277,False,False,False,False,4642558.855184619,False,False,False,False
2022-08-26 00:00:00+00:00,10.09,10.1,9.0,9.78,238418,,,,,,,,,,,,,,,,,,,,,,,,,,,#000000,,,,51.282172589619975,-5.690001279237734,False,False,False,False,True,,0.0,0.0,0.0,0.0,0,,,False,False,False,False,,,False,False,False,False,-751104,-420382.6918354417,False,False,False,False,4316326.199245018,False,False,False,False
2022-09-02 00:00:00+00:00,10.1,10.4,9.29,10.4,423328,,,,,,,,,,,,,,,,,,,,,,,,,,,#000000,,,,55.12017903170111,-2.883331833450775,False,False,True,False,True,,0.0,0.0,0.0,0.0,0,,,False,False,False,False,,,False,False,False,False,-327776,-413522.93688466825,False,False,False,False,4027955.9622639054,False,False,False,False
2022-09-09 00:00:00+00:00,11.11,11.41,10.15,10.21,433947,,,,,,,,,,,,,,,,,,,,,,,,,,,#000000,,,,60.3014357263678,1.3500123552065872,False,False,True,False,True,,0.0,0.0,0.0,0.0,0,,,False,False,False,False,,,False,False,False,False,106171,-375027.08970802615,False,False,False,False,3761733.0761702824,False,False,False,False
2022-09-16 00:00:00+00:00,8.75,11.53,8.64,11.21,3478403,,,,,,,,,,,,,9.64,,,,,,,,,,,,,9.64,#000000,,9.64,,56.105663701263325,1.3500123552065872,False,False,True,False,True,,0.0,0.0,0.0,0.0,0,,,False,False,False,False,,,False,False,False,False,-3372232,-597042.2682481724,False,False,False,False,3740745.6631206316,False,False,False,False
2022-09-23 00:00:00+00:00,8.05,8.97,7.86,8.59,1054993,,,,,,,,,,,,,9.326609352753065,,,,,,,,,,,,,9.326609352753065,#000000,,9.326609352753065,,51.713286445075155,1.3500123552065872,False,False,False,False,False,,0.0,0.0,0.0,0.0,0,,,False,False,False,False,,,False,False,False,False,-4427225,-880759.5076371966,False,False,False,False,3541801.021407992,False,False,False,False
2022-09-30 00:00:00+00:00,8.25,8.65,7.775,7.92,591049,,,,,,,,,,,,,9.199550694432926,,,,,,,,,,,,,9.199550694432926,#000000,,9.199550694432926,,49.113259301156255,10.115328840159243,False,False,False,False,False,,0.0,0.0,0.0,0.0,0,,,False,False,False,False,,,False,False,False,False,-3836176,-1099679.247812219,False,False,False,False,3323226.7975999927,False,False,False,False
2022-10-07 00:00:00+00:00,8.9,9.37,8.25,8.25,575847,,,,,,,,,,,,,9.163228662379636,,,,,,,,,,,,,9.163228662379636,#000000,,9.163228662379636,,48.88766816552675,10.115328840159243,False,False,False,False,False,,0.0,0.0,0.0,0.0,0,,,False,False,False,False,,,False,False,False,False,-3260329,-1259727.3776039064,False,False,False,False,3119717.1829629564,False,False,False,False
2022-10-14 00:00:00+00:00,7.91,8.96,7.61,8.96,374209,,,,,,,,,,,,,9.101426516899632,,,,,,,,,,8.16,,,8.630713258449816,#000000,,8.630713258449816,,46.79772393282008,8.164295040112655,False,False,False,False,False,,0.0,0.0,0.0,0.0,0,,,False,False,False,False,,,False,False,False,False,-3634538,-1435639.2755591727,False,False,False,False,2916346.2064471818,False,False,False,False
2022-10-21 00:00:00+00:00,8.5,8.61,7.875,8.25,344689,,,,,,,,,,,,,9.059914002649348,,,,,,,,,,8.240710543544889,,,8.650312273097118,#000000,,8.650312273097118,,46.67205251841371,7.962289773522372,False,False,False,False,False,,0.0,0.0,0.0,0.0,0,,,False,False,False,False,,,False,False,False,False,-3289849,-1572988.144036271,False,False,False,False,2725853.080043687,False,False,False,False
2022-10-28 00:00:00+00:00,9.85,9.9,8.3,8.5,398058,,,,,,,,,,,,,9.076852076771546,,,,,,,,,,8.636036359832737,,,8.85644421830214,#000000,,8.85644421830214,,49.14493532654529,7.962289773522372,False,False,False,False,False,,0.0,0.0,0.0,0.0,0,,,False,False,False,False,,,False,False,False,False,-2891791,-1670677.2444780285,False,False,False,False,2553423.814855266,False,False,False,False
2022-11-04 00:00:00+00:00,10.72,10.96,9.5,9.85,422684,,,,,,,,,,,,,9.153711301892523,,,,,,,,,,9.118474666155725,,,9.136092984024124,#000000,,9.136092984024124,,52.232346827966964,7.962289773522372,False,False,False,False,False,,0.0,0.0,0.0,0.0,0,,,False,False,False,False,,,False,False,False,False,-2469107,-1729820.189331508,False,False,False,False,2395591.235977098,False,False,False,False
2022-11-11 00:00:00+00:00,11.97,12.22,10.35,10.88,933001,,,,,,,,,,,,,9.423079681023529,,,,,,,,,,10.02212607828364,,,9.722602879653584,#000000,,9.722602879653584,,56.010247651493316,7.962289773522372,False,False,True,False,True,,0.0,0.0,0.0,0.0,1,,,False,False,False,False,,,False,False,False,False,-1536106,-1715470.9901217667,False,False,False,False,2287251.2184973126,False,False,False,False
2022-11-18 00:00:00+00:00,10.91,12.65,10.78,11.72,845743,,,,,,,,,,,,11.446666666666667,9.61284528830322,,,,,,,,,,10.385192929751351,,,10.48156829490708,#000000,,10.48156829490708,,56.63274922757956,7.962289773522372,False,False,True,False,True,,0.0,0.0,0.0,0.0,1,,,False,False,False,False,,,False,False,False,False,-2381849,-1764832.324186821,False,False,False,False,2180472.831941956,False,False,False,False
2022-11-25 00:00:00+00:00,9.89,10.96,9.56,10.96,591439,,,,,,,,,,,,10.907566476154956,9.645083028663029,,,,,,,,,,10.347598357180537,,,10.300082620666174,#000000,,10.300082620666174,,55.37004233171844,7.962289773522372,False,False,True,False,True,,0.0,0.0,0.0,0.0,1,,,False,False,False,False,,,False,False,False,False,-2973288,-1854347.5594322416,False,False,False,False,2062766.622168478,False,False,False,False
2022-12-02 00:00:00+00:00,11.82,12.325,9.7,9.87,977346,,,,,,,,,,,,11.058993721892367,9.796158765543504,,,,,,,,,,10.534395238156625,,,10.463182575197498,#000000,,10.463182575197498,,56.820840852896914,7.962289773522372,False,False,True,False,True,,0.0,0.0,0.0,0.0,1,,,False,False,False,False,,,False,False,False,False,-1995942,-1864836.0365113348,False,False,False,False,1982365.0946004428,False,False,False,False
2022-12-09 00:00:00+00:00,10.83,11.92,10.5,11.74,591071,,,,,,,,,,,,11.063780268092982,9.864218825572683,,,,,,,,,,10.593622542702281,,,10.50720721212265,#000000,,10.50720721212265,,56.3629904915646,7.962289773522372,False,False,True,False,True,,0.0,0.0,0.0,0.0,1,,,False,False,False,False,,,False,False,False,False,-2587013,-1918330.626399384,False,False,False,False,1879306.2727781879,False,False,False,False
2022-12-16 00:00:00+00:00,14.99,15.53,10.55,11.0,2294368,,,,,,,,,,,13.690000000000001,12.200676877799427,10.515730371090608,,,,,,,,,,11.507630987994421,,,11.978509559221116,#000000,,11.978509559221116,,59.622483576950344,-0.23299078831865216,False,False,True,False,True,,0.0,0.0,0.0,0.0,0,,,False,False,False,False,,,False,False,False,False,-292645,-1797909.4688883186,False,False,False,False,1910051.5859057296,False,False,False,False
2022-12-23 00:00:00+00:00,12.23,14.66,11.11,14.6,1441480,,,,,,,,,,,13.295145998088433,12.300316459755104,10.723619110102687,,,,,,,,,,11.688954060890238,,,12.002008907209117,#000000,,12.002008907209117,,58.73344081091362,-0.23299078831865216,False,False,True,False,True,,0.0,0.0,0.0,0.0,0,,,False,False,False,False,0.32094890155115763,0.32094890155115763,False,False,False,False,-1734125,-1793184.6934151098,False,False,False,False,1875342.579542342,False,False,False,False
2022-12-30 00:00:00+00:00,12.15,12.54,11.21,12.46,719710,,,,,,,,,,,13.08055562363532,12.268132296818488,10.780842380336814,,,,,,,,,,11.70907451627934,,,11.95965120426749,#000000,,11.95965120426749,,58.01552440342495,-0.23299078831865216,False,False,True,False,True,,0.0,0.0,0.0,0.0,0,1.0572346393991492,0.9800922993394262,False,False,False,False,0.18448321549770522,0.2527160585244314,False,False,False,False,-2453835,-1842121.7531621386,False,False,False,False,1789740.1662429094,False,False,False,False
2023-01-06 00:00:00+00:00,12.32,12.55,11.64,12.09,580493,,,,,,,,,,,12.975598154850564,12.261048537717178,10.830575159410513,,,,,,,,,,11.73452216812971,,,11.950436005026992,#000000,,11.950436005026992,,57.647235268638944,-0.23299078831865216,False,False,True,False,True,,0.0,0.0,0.0,0.0,0,1.0639718153161506,0.9429816428703877,False,False,False,False,0.21347254514000924,0.23309430183222032,False,False,False,False,-1873342,-1844434.3640390174,False,False,False,False,1700166.3020767681,False,False,False,False
2023-01-13 00:00:00+00:00,14.59,15.04,12.56,13.02,1139152,,,,,,,,,,,13.176254830273056,12.484675659780777,11.042783248294002,,,,,,,,,,11.962169044375985,,,12.166470695680955,#000000,,12.166470695680955,,59.137867718619205,0.62265107757284,False,False,True,False,True,,0.0,0.0,0.0,0.0,0,1.0963246345129116,0.8638247483718178,False,False,False,False,0.3428282420090689,0.28796127192064463,False,False,False,False,-734190,-1762194.040776868,False,False,False,False,1658609.6871081188,False,False,False,False
2023-01-20 00:00:00+00:00,13.61,15.06,13.085,15.06,1090551,,,,,,,,,,13.918333333333335,13.28763686351983,12.63689288077887,11.212805228043704,,,,,,,,,,12.129565303467658,,,12.637046721828678,#000000,,12.993107095274922,,59.09673770695643,0.9769279916497311,False,False,True,False,True,,0.0,0.0,0.0,0.0,0,1.1232796221383534,0.8415783407534633,False,False,False,False,0.3428282417761857,0.31539475684841517,False,False,False,False,-1824741,-1766827.1488674702,False,False,False,False,1616531.2658408508,False,False,False,False
2023-01-27 00:00:00+00:00,13.46,14.02,13.05,13.69,925330,,,,,,,,,,13.730900105214543,13.312756772078844,12.709049269472638,11.32254737462701,,,,,,,,,,12.223012326725158,,,12.659653169623638,#000000,,12.993929618372796,,58.898870543752835,1.197845422279542,False,False,True,False,True,,0.0,0.0,0.0,0.0,0,1.092977789902021,0.8851985723703654,False,False,False,False,0.2762840914391571,0.29583942414378617,False,False,False,False,-2750071,-1839660.026729139,False,False,False,False,1565331.1720748618,False,False,False,False
2023-02-03 00:00:00+00:00,13.07,13.59,12.38,13.46,1007886,,,,,,,,,,13.49171980347692,13.279950415282,12.734177862542028,11.406174872088508,,,,,,,,,,12.277283777366408,,,12.637861346151173,#000000,,12.945782964666838,,58.305456370095655,1.197845422279542,False,False,True,False,True,,0.0,0.0,0.0,0.0,0,1.0745705244122963,0.8921790235081374,False,False,False,False,0.21057526302181562,0.2532073435828009,False,False,False,False,-3757957,-1981756.0988232768,False,False,False,False,1524038.9371063535,False,False,False,False
2023-02-10 00:00:00+00:00,13.33,14.19,12.51,12.82,1823564,,,,,,,,,,13.435896872251279,13.29043646209967,12.813364022734412,11.56529031421284,,,,,,,,,,12.39509701403502,,,12.700016937066643,#000000,,12.983698592780094,,58.11578702299121,1.2396071120921377,False,False,True,False,True,,0.0,0.0,0.0,0.0,0,1.0697518443997318,0.892018779342723,False,False,False,False,0.25394803541225813,0.2535776894975295,False,False,False,False,-1934393,-1978247.7211326638,False,False,False,False,1546225.9788021792,False,False,False,False
2023-02-17 00:00:00+00:00,15.23,15.93,12.9,13.75,1690105,,,,,,,,,,13.759254880404693,13.476060835598338,13.01479106341309,11.7861021689421,,,,,,,,,,12.608005545159932,,,12.92884289870363,#000000,,13.214528081144014,,59.54640802043378,3.0181894086721925,False,False,True,False,True,,0.0,0.0,0.0,0.0,0,1.0704921555985385,0.8646034816247581,False,False,False,False,0.34282824247411864,0.2982029659858241,False,False,False,False,-244288,-1849806.2603080221,False,False,False,False,1556883.6840760917,False,False,False,False
2023-02-24 00:00:00+00:00,14.17,15.98,13.87,15.03,1257385,,,,,,,,,,13.90670515996027,13.583822460028227,13.137639348395837,11.93045881342054,,,,,,,,,,12.741534799027136,,,13.060032116166402,#000000,,13.342425441852868,,59.27341172166227,3.0986749102725355,False,False,True,False,True,,0.0,0.0,0.0,0.0,0,1.0893984013462348,0.8636937315944467,False,False,False,False,0.34282824338138856,0.3205156046836063,False,False,False,False,-1501673,-1824018.611396317,False,False,False,False,1534698.5963667517,False,False,False,False
2023-03-03 00:00:00+00:00,15.83,15.88,14.05,14.24,2926609,,,,,,,,,,14.274291772179643,13.872992825947437,13.448750637700673,12.276841620996112,,,,,,,,,,13.070075309477735,,,13.388590433260322,#000000,,13.666527636326373,,60.35045164102206,4.483928975129999,False,False,True,False,True,,0.0,0.0,0.0,0.0,0,1.0857853294653959,0.874015748031496,False,False,False,False,0.34282824344675106,0.33167192406517865,False,False,False,False,1424936,-1583355.3068484415,False,True,False,False,1637803.0707099554,False,True,False,False
2023-03-10 00:00:00+00:00,12.85,16.55,12.34,15.83,2251204,,,,,,,,,13.913333333333334,14.211652906289759,13.877735644240133,13.495960940551166,12.398322589877697,,,,,,,,,,13.147162124252816,,,13.507361256424149,#000000,,13.874670706103597,,58.033177184641815,4.483928975129999,False,False,True,False,True,,0.0,0.0,0.0,0.0,1,1.0316653635652853,0.8887802971071148,False,False,False,False,0.286786431900381,0.3092291779827798,False,False,False,False,-826268,-1527274.765600409,False,False,False,False,1683240.1765832922,False,False,False,False
2023-03-17 00:00:00+00:00,11.67,13.32,10.9701,12.72,6487418,,,,,,,,,12.483030504573073,13.469918016094374,13.399178334118389,13.154099395765225,12.325785423332478,,,,,,,,,,12.905196286818096,,,12.956201326783606,#000000,,13.126556562637766,,55.36641325841593,4.483928975129999,False,False,True,False,False,,0.0,0.0,0.0,0.0,1,1.034770910254663,0.9537731208477299,False,False,False,False,0.05442731402777405,0.18182824600527694,False,False,False,False,-7313686,-1955897.8200003784,False,False,False,False,2039105.2005400853,False,False,False,False
2023-03-24 00:00:00+00:00,11.02,12.265,10.57,11.65,1839406,,,,,,,,,12.274705805650482,13.281230054724084,13.257635830178216,13.041304011369983,12.276257122982484,,,,,,,,,11.285000000000002,12.814758156009797,,,12.60441299727358,#000000,,12.524642922638197,,52.926428943277884,8.468052278695389,False,False,False,False,False,,0.0,0.0,0.0,0.0,1,1.041792875291232,0.9249095301426231,False,False,False,False,-0.01673981317601769,0.08254421641462963,False,False,False,False,-9153092,-2489023.3148151655,False,False,False,False,2024312.6671667458,False,False,False,False
2023-03-31 00:00:00+00:00,12.15,12.36,10.9,10.97,1663678,,,,,,,,,12.210645125545957,13.174156514696715,13.174601204582506,12.977230201194805,12.256741895609906,,,,,,,,,11.531165882215024,12.766148926711294,,,12.584384250079458,#000000,,12.52264218176005,,52.1991969938852,7.672969369423306,False,False,False,False,False,,0.0,0.0,0.0,0.0,1,1.0493339434909124,0.9177445795415708,False,False,False,False,0.002577166991227691,0.04256069170292866,False,False,False,False,-7489414,-2859422.6248288574,False,False,False,False,1997598.9881173573,False,False,False,False
2023-04-07 00:00:00+00:00,10.96,12.5,10.78,12.4,1335445,,,,,,,,,12.132221747449082,13.07738203583164,13.097417604005685,12.914848578071666,12.22970076427283,,,,,,,,,11.498643830938425,12.715898325518475,,,12.52373041229826,#000000,,12.451416304556208,,50.67014096474517,6.090057507351425,False,False,False,False,False,,0.0,0.0,0.0,0.0,1,1.0374117912040297,0.9297574532495767,False,False,False,False,0.0035589539094756442,0.02305982280620215,False,False,False,False,-8824859,-3301306.800767461,False,False,True,False,1948550.5445531087,False,False,True,False
2023-04-14 00:00:00+00:00,12.36,12.62,10.67,10.78,2511966,,,,,,,,,12.093363229977136,12.965507789363642,13.00496136429418,12.842855410400613,12.210000156210699,,,,,,,,,11.630108031726662,12.661526042425658,,,12.486903146342657,#000000,,12.423485103840406,,50.81151574490649,6.090057507351425,False,False,False,False,False,,0.0,0.0,0.0,0.0,1,1.046990086790124,0.9205508974351716,False,False,False,False,0.004049849823178892,0.01355483631469052,False,False,False,False,-6312893,-3524387.2599698715,False,False,False,False,1990285.0227343598,False,False,False,False
2023-04-21 00:00:00+00:00,11.4,13.205,11.3,12.42,1630219,,,,,,,,,12.08186019661986,12.908349949643878,12.956141967905046,12.80496059150432,12.201397161577688,,,,,,,,,11.691504187194917,12.63334102635454,,,12.468222154400037,#000000,,12.409464075340926,,50.0892300404837,5.257131150713299,False,False,False,False,False,,0.0,0.0,0.0,0.0,1,1.05271427753744,0.9050035173624766,False,False,False,False,0.02476208700667031,0.019158461660680415,False,False,False,False,-7943112,-3851700.203675807,False,False,False,False,1963613.4654947775,False,False,False,False
2023-04-28 00:00:00+00:00,11.91,12.05,11.22,11.26,1004594,,,,,,,,,12.062803017436336,12.86803419408921,12.921467515657556,12.776916189704103,12.191206549840333,,,,,,,,,11.695041786225657,12.611178832927731,,,12.446664012268702,#000000,,12.386836628352189,,50.032252535926716,5.020059623864398,False,False,False,False,False,,0.0,0.0,0.0,0.0,1,1.0440158157254462,0.949428637251615,False,False,False,False,-0.13497423727707156,-0.05790788780819557,False,False,False,False,-6938518,-4080353.373773895,False,False,False,False,1892574.9865692384,False,False,False,False
2023-05-05 00:00:00+00:00,12.14,13.26,11.52,11.97,1768917,,,,,,,,,12.083853023558255,12.8362214257683,12.892380947098848,12.756323771119085,12.195411773712294,,,,,,,,,11.787086446646489,12.598613276662878,,,12.449984380652309,#000000,,12.399885460767974,,50.203246733322004,4.984586094863467,False,False,False,False,False,,0.0,0.0,0.0,0.0,1,1.0270170058077246,0.9468976092744723,False,False,False,False,-0.031221624388975997,-0.04456475609858578,False,False,False,False,-5169601,-4161038.3831239766,False,False,False,False,1883415.1357122576,False,False,False,False
2023-05-12 00:00:00+00:00,13.11,13.13,11.48,12.26,1550679,,,,,,,,,12.118286119120269,12.82377962531879,12.879675800346202,12.749558857511488,12.207104717291998,,,,,,,,,11.878723074464373,12.597730735235794,,,12.464979847041274,#000000,,12.425116154812407,,51.20878089350384,4.984586094863467,False,False,False,False,False,,0.0,0.0,0.0,0.0,1,1.010477100986157,0.9726847010003761,False,False,False,False,-0.043161751483295235,-0.04386325379094051,False,False,False,False,-3618922,-4120881.614003682,False,False,False,False,1858768.0145483864,False,False,False,False
2023-05-19 00:00:00+00:00,12.48,15.02,12.41,13.35,4240802,,,,,,,,13.303333333333333,12.30948562766883,12.878735730367511,12.921283204896715,12.800405855092912,12.292625906891123,,,,,,,,,12.223051768620767,12.659226214974913,,,12.673518455230763,#000000,,12.678651614997609,,51.28601453997003,4.984586094863467,False,False,False,False,False,,0.0,0.0,0.0,0.0,1,1.0195608406732621,0.9461154200321462,False,False,False,False,0.1559056274348327,0.05602118682194609,False,False,False,False,-7859724,-4397832.901855261,False,False,False,False,2035214.976433691,False,False,False,False
2023-05-26 00:00:00+00:00,11.53,13.475,10.88,12.4,3376391,,,,,,,,12.708627218057885,12.269892089509588,12.802058688413702,12.851690745189575,12.743268186935305,12.273271430564742,,,,,,,,11.961666666666668,12.180869653425914,12.613964237733027,,,12.489478768499602,#000000,,12.280263906915014,,50.41151890562942,4.634252380918625,False,False,False,False,False,,0.0,0.0,0.0,0.0,1,1.0135415970779038,0.9446600066082994,False,False,False,False,-0.13630277245403086,-0.04014079281604238,False,False,False,False,-11236115,-4904372.316532649,False,False,False,False,2134561.348549714,False,False,False,False
2023-06-02 00:00:00+00:00,13.28,13.65,11.54,12.14,2215035,,,,,,,,12.734468569585653,12.308350528030386,12.80316496067596,12.850402871791642,12.746693331774884,12.293594828222734,,,,,,,,12.303014620659082,12.242375960137727,12.622512708051591,,,12.544953153214406,#000000,,12.397052419603213,,51.42759687674738,4.634252380918625,False,False,False,False,False,,0.0,0.0,0.0,0.0,1,1.022959225508793,0.965652269774544,False,False,False,False,-0.08678178624732193,-0.06346128953168215,False,False,False,False,-9021080,-5209313.62641912,False,False,False,False,2140522.3597682538,False,False,False,False
2023-06-09 00:00:00+00:00,13.55,14.01,13.01,13.35,1768591,,,,,,,,12.85473414060967,12.37221884392756,12.831873651155648,12.873950867992042,12.772344990460672,12.328833352515813,,,,,,,,12.596253711325215,12.333338574698942,12.65095264897486,,,12.623833420184491,#000000,,12.539136317640347,,52.39016392558739,4.634252380918625,False,False,False,False,False,6.588667043788849,0.0,0.0,0.0,0.0,1,1.0354389192782214,0.9513403439962248,False,False,False,False,0.059371979088013595,-0.002044655221834276,False,False,False,False,-7252489,-5360659.950388074,False,False,False,False,2112971.888674309,False,False,False,False
2023-06-16 00:00:00+00:00,14.82,15.025,13.37,13.71,2276668,,,,,,,,13.10906265654101,12.501056185152686,12.908659646657014,12.93994567899271,12.838930396150683,12.402693109718728,,,,,,,,13.023570241391793,12.506851098811236,12.719454626534025,,,12.772247071105543,#000000,,12.78513504547418,,54.15211879048644,4.634252380918625,False,False,True,False,True,9.183593783540555,0.0,0.0,0.0,0.0,1,1.0438056982608748,0.9989244136587732,False,False,False,False,0.18944352285635213,0.09369943381725893,False,False,False,False,-4975821,-5332153.361470439,False,False,False,False,2125097.526550286,False,False,False,False
2023-06-23 00:00:00+00:00,13.51,15.2447,13.5,14.79,3957208,,,,,,,,13.325583956301653,12.658224666035128,13.000648971567017,13.019749008803558,12.92140820681748,12.50065500618517,,,,,,,,13.332525344348868,12.70738893284614,12.806251137490452,,,12.91915947004394,#000000,,13.005930724882948,,54.00198849003145,4.634252380918625,False,False,True,False,True,5.951646744079149,0.0,0.0,0.0,0.0,1,1.043673825908783,0.9833733336598667,False,False,False,False,0.2233823963967651,0.15854091510701201,False,False,False,False,-8933029,-5598884.890250406,False,False,False,False,2260809.413472487,False,False,False,False
2023-06-30 00:00:00+00:00,13.04,14.08,12.91,13.38,1318653,,,,,,,,13.32680594993279,12.6801540143507,13.00935267964069,13.027093985244626,12.930514278416227,12.516696114836943,,,,,,,,13.333481048834093,12.733224889493947,12.817391700432585,,,12.930523851242512,#000000,,13.018416475652883,,53.41439222615821,4.634252380918625,False,False,False,False,True,4.829624805857151,0.0,0.0,0.0,0.0,1,1.02968902284212,0.9637589169444467,False,False,False,False,0.056571890346247884,0.10755640272662995,False,False,False,False,-10251682,-5943536.528009635,False,False,False,False,2191020.049511562,False,False,False,False
2023-07-07 00:00:00+00:00,14.73,15.015,13.16,13.25,819353,,,,,,,,13.366798290119432,12.71177492253489,13.029430578478928,13.04482058942309,12.948658428656953,12.537562029107178,,,,,,,,13.383906352894842,12.771842676905385,12.83627855197587,,,12.959008046677397,#000000,,13.058580560613638,,54.474306026984195,4.634252380918625,False,False,True,False,True,8.225480325764774,0.0,0.0,0.0,0.0,1,1.0230439678907353,0.943592374250069,False,False,False,False,0.1683158391865364,0.13793612095658317,False,False,False,False,-9432329,-6201965.600008922,False,False,False,False,2089415.082881076,False,False,False,False
2023-07-14 00:00:00+00:00,16.0,16.42,14.32,14.55,2191856,,,,,,,,13.585662102602216,12.853982770484151,13.131206119252019,13.135758712793953,13.038620891190442,12.629818341678098,,,,,,,,13.652461744160194,12.94537439416404,12.926599599274827,,,13.099942741733328,#000000,,13.25937025285265,,56.20946450705347,2.6148121635629593,False,False,True,False,True,10.61479011376231,0.0,0.0,0.0,0.0,1,1.0330732115102892,0.9693616261469099,False,False,False,False,0.3428282356764289,0.24038217831650605,False,False,False,False,-7240473,-6278892.0740823345,False,False,False,False,2097003.2989639593,False,False,False,False
2023-07-21 00:00:00+00:00,15.58,16.69,15.31,16.0,1199662,,,,,,,,13.70244052993454,12.933401042446247,13.189529269816159,13.188213594071994,13.090446071046696,12.682553408764932,,,,,,,,13.790946396723974,13.040728885831276,12.978516876821333,,,13.177419563939683,#000000,,13.366879213734011,,56.97292793982534,3.4090776903399913,False,False,True,False,True,9.593339547591388,0.0,0.0,0.0,0.0,1,1.043027669153166,0.9638526502579605,False,False,False,False,0.3428282382526531,0.2916052082845796,False,False,False,False,-8440135,-6438984.142668828,False,False,False,False,2030533.5731147772,False,False,False,False
2023-07-28 00:00:00+00:00,16.21,16.46,15.2,15.64,1192639,,,,,,,,13.811920252685963,13.01077517933758,13.247102395081217,13.240212337635747,13.141848055969207,12.734844087763364,,,,,,,,13.918083398956306,13.132580425096611,13.03001153942493,,,13.251930852438994,#000000,,13.468339814019116,,58.015713649743944,4.4741040701183294,False,False,True,False,True,10.766335303730461,0.0,0.0,0.0,0.0,0,1.0412416597930567,0.9475291754118041,False,False,False,False,0.31559174654777006,0.30359847741617485,False,False,False,False,-7247496,-6498873.9098785445,False,False,False,False,1968467.3084396087,False,False,False,False
2023-08-04 00:00:00+00:00,16.25,16.68,15.4,16.26,1563020,,,,,,,,13.949437916690627,13.111352588259752,13.323094223714719,13.309156895906266,13.210006984970606,12.804040509773124,,,,,,,,14.07467179810823,13.250622075750899,13.098259358458673,,,13.347849150181434,#000000,,13.596521094702378,,58.7928750402273,5.281130109602643,False,False,True,False,True,10.840881625441344,0.0,0.0,0.0,0.0,0,1.0589199504175366,0.9343521659707724,False,False,False,False,0.34282823839251453,0.3232133579043447,False,False,False,False,-5684476,-6438548.138776431,False,True,False,False,1938434.1744811193,False,False,False,False
2023-08-11 00:00:00+00:00,16.25,16.75,15.4208,16.25,1523425,,,,,,,16.140266666666665,14.070174692915677,13.204220729027945,13.394139987985199,13.37393249142157,13.274155441515921,12.869400077752637,,,,,,,,14.20913515579097,13.358127559713015,13.162569107672018,,16.140266666666665,13.705612191046162,#000000,,14.444426018771583,,59.34799031914399,5.883623658135932,False,False,True,False,True,10.840881625441344,-1.0,16.75,15.4208,0.0,0,1.0571020230477959,0.9447624992812965,False,True,False,False,0.34282823854835315,0.3330207982263489,False,False,False,False,-5684476,-6382690.943311511,False,True,False,False,1907692.7541491846,False,False,False,False
2023-08-18 00:00:00+00:00,14.55,16.25,14.19,16.25,1095928,,,,,,,15.661788484917203,14.105505091833065,13.242902986699471,13.422695017221079,13.400209321328104,13.300861936185632,12.898963765954507,,,,,,,,14.244365081499714,13.400837937424566,13.190044558552998,,15.661788484917203,13.686817418161635,#000000,,14.353124148918639,,57.61167291346274,5.883623658135932,False,False,True,False,True,6.6476946850620635,0.0,0.0,0.0,0.0,0,1.0243039841772683,0.9905717302760597,False,False,False,False,0.21070378601057918,0.271862292118464,False,False,False,False,-6780404,-6412151.169732881,False,False,False,False,1847562.0316196154,False,False,False,False
2023-08-25 00:00:00+00:00,14.33,14.89,14.04,14.89,1001172,,,,,,,15.318400754954967,14.116092154025843,13.26566056021229,13.438669228715789,13.41507503942382,13.316491866398035,12.918032588454695,,,,,,,,14.251260905580443,13.42454218282611,13.206649424273785,,15.318400754954967,13.667087470486578,#000000,,14.27757399934684,,56.1164114637714,5.883623658135932,False,False,True,False,False,6.124396512671403,0.0,0.0,0.0,0.0,0,1.0008607926178423,1.0206590228282202,False,False,False,False,0.1012340996576821,0.18654819588807306,False,False,False,False,-7781576,-6513590.046048964,False,False,False,False,1784866.4737218663,False,False,False,False
2023-09-01 00:00:00+00:00,16.1,16.54,14.34,14.37,2577287,,,,,,,15.460450770906464,14.23921647450256,13.379177151006582,13.526634412545755,13.49627052873572,13.397822496873562,13.003757324044425,,,,,,,,14.380574558661914,13.550826461428299,13.289048574760352,,15.460450770906464,13.772377875346564,#000000,,14.40776706637481,,56.765623550265154,5.883623658135932,True,False,True,False,False,9.567298445218022,0.0,0.0,0.0,0.0,0,1.0032017895869265,0.9829237888697256,False,False,False,False,0.24344400278068698,0.21499609933438002,False,False,False,False,-5204289,-6416604.783378671,False,False,False,False,1843564.2904832095,False,False,False,False
2023-09-08 00:00:00+00:00,15.91,16.284,15.19,16.09,2217732,,,,,,,15.548526038166202,14.339101504590465,13.473857391341625,13.601372294508263,13.565643599276882,13.467324013643617,13.076872365226563,,,,,,,,14.48409384092621,13.65484406837445,13.359428821742947,,15.548526038166202,13.857106393779725,#000000,,14.506641363014332,,56.990651669513326,5.883623658135932,True,False,True,False,False,9.106782667177672,0.0,0.0,0.0,0.0,0,1.0619672191124283,1.0028811326967404,False,False,False,False,0.28848443549175895,0.2517402674130695,False,False,False,False,-7422021,-6491080.058683954,False,False,False,False,1871280.417114083,False,False,False,False
2023-09-15 00:00:00+00:00,13.39,16.38,13.13,16.1,5871759,,,,,,,15.035410021704822,14.333419479618405,13.55153321809685,13.65743425587165,13.619986489727317,13.526693755347337,13.15620781418672,,,,,,,,14.454205455713439,13.725371960708657,13.424536626264548,,15.035410021704822,13.848479907723975,#000000,,14.387101729436331,,54.372881980953665,7.897706862160938,False,False,True,False,False,3.333653131880858,0.0,0.0,0.0,0.0,1,1.045255853865646,0.9283040089261508,False,False,False,False,0.1428570802469308,0.19729867383000016,False,False,False,False,-13293780,-6994983.758040698,False,False,False,False,2167612.1639945214,False,False,False,False
2023-09-22 00:00:00+00:00,13.82,13.95,13.23,13.41,3170894,,,,,,,14.786808170549726,14.284904199995069,13.557096568513572,13.657817722386039,13.621780249552277,13.53188341124904,13.173482806501562,,,,,,,,14.390723627144496,13.722099483283626,13.433261620090217,,14.786808170549726,13.815985785926562,#000000,,14.29613387024323,,52.94972308867547,6.542625143242418,False,False,False,False,False,4.180057104826716,0.0,0.0,0.0,0.0,1,1.0577215120287506,0.958197714502988,False,False,False,False,-0.03967651204472361,0.07881108089263827,False,False,False,False,-10122886,-7226680.220408054,False,False,False,False,2241929.337031964,False,False,False,False
2023-09-29 00:00:00+00:00,11.9,13.91,11.63,13.83,2765762,,,,,,,14.471336685495986,14.177189004768856,13.51353599490986,13.616639449074478,13.58475228915321,13.498932085928509,13.15359935088784,,,,,,,,14.265207573480943,13.664506456281003,13.404213252827605,,14.471336685495986,13.734991214280829,#000000,,14.144559930006697,,50.16377229965472,3.905013529247128,False,True,False,False,False,0.13688428045006518,0.0,0.0,0.0,0.0,1,1.0132650147601392,0.9620036017887534,False,False,False,False,-0.16310931451915892,-0.04214911681326032,False,False,False,False,-12888648,-7646085.241118569,False,False,False,False,2280731.7565110778,False,False,False,False
2023-10-06 00:00:00+00:00,10.87,11.85,10.53,11.85,1997065,,,,,,,14.166847436283765,14.049375277245208,13.444582210440073,13.554261994439416,13.527517693356941,13.445501072721779,13.11160795443399,,,,,,,,14.121116977781606,13.580887296483182,13.354245777798605,,14.166847436283765,13.635594369098456,#000000,,13.97955674694844,,47.344104272645886,1.2946613841318282,False,True,False,False,False,0.0,0.0,0.0,0.0,0.0,0,0.9900289839308011,1.010424244072344,False,False,False,False,-0.34282825441539394,-0.19248868561432714,False,False,False,False,-14885713,-8182353.963998675,False,False,False,False,2259719.404176924,False,False,False,False
2023-10-13 00:00:00+00:00,10.05,11.215,9.955,10.94,2196572,,,,,,,13.828586954233062,13.891047780739235,13.352643545750727,13.471264178357503,13.450904424190565,13.373325626161073,13.052579296881284,,,,,,,,13.944882764903706,13.471674507490935,13.286060740488724,,13.828586954233062,13.51229698191968,#000000,,13.784048001841736,,44.70570910544845,-1.1009165301517285,False,True,False,True,False,0.0,0.0,0.0,0.0,0.0,0,0.979165659481697,1.0279709654472247,False,False,False,False,-0.34282825441539394,-0.26765847001486054,False,False,False,False,-17082285,-8841608.114813589,False,False,False,False,2255041.8186823367,False,False,False,False
2023-10-20 00:00:00+00:00,10.83,11.64,10.09,10.19,1539711,,,,,,,13.652103672362214,13.801234893396538,13.30072532512719,13.423754098203785,13.40696215334299,13.332058465940593,13.01944485609641,,,,,,,,13.845374976724306,13.410014062417003,13.247243449649812,,13.652103672362214,13.443891595326084,#000000,,13.677181901225016,,43.74728449007101,-1.886541814557269,False,True,False,True,False,0.0,0.0,0.0,0.0,0.0,0,0.9666070695616481,1.0309580292605554,False,False,False,False,-0.30557090867286035,-0.2866146893438605,False,False,False,False,-15542574,-9337975.95816073,False,False,False,False,2202054.350631793,False,False,False,False
2023-10-27 00:00:00+00:00,10.61,11.23,10.12,10.95,1743894,,,,,,,13.463319886359201,13.699237558055401,13.239869923452888,13.367956184032833,13.355194444319508,13.283279443548915,12.97974640681297,,,,,,,,13.733100850670924,13.33839710027338,13.201197762310311,,13.463319886359201,13.366129955983633,#000000,,13.558513848839727,,42.87861173911217,-2.6436310006628716,False,True,False,True,False,0.0,0.0,0.0,0.0,0.0,0,0.9693568862910081,1.0135935617205303,False,False,False,False,-0.33075697171089796,-0.3086858305273792,False,False,False,False,-17286468,-9926753.146445122,False,False,False,False,2168116.5468812897,False,False,False,False
2023-11-03 00:00:00+00:00,10.89,11.05,9.845,10.75,1856278,,,,,,,13.2831827676959,13.595742561233049,13.176700107796428,13.309755788941583,13.30104286182909,13.232162513005242,12.937904084966071,,,,,,,,13.619850895053139,13.264573662063645,13.152865767397103,,13.2831827676959,13.287378100998126,#000000,,13.440837471511434,,42.610582303334596,-2.881536367021617,False,True,False,True,False,0.0,0.0,0.0,0.0,0.0,0,0.9555611541503084,1.0461884067099159,False,False,False,False,-0.34282825441539394,-0.3257570424713866,False,False,False,False,-15430190,-10334415.135597335,False,False,False,False,2145017.395260453,False,False,False,False
2023-11-10 00:00:00+00:00,9.92,11.08,9.66,11.08,1473511,,,,,,,13.137727095697992,13.508706371386463,13.121686994967517,13.259121885588609,13.253796509176656,13.187373353415685,12.900569527021796,,,,,,,10.22,13.525167254094901,13.200899492382257,13.110317365725729,,13.137727095697992,12.95247963224358,#000000,,12.59790018029484,,41.56011835311145,-3.9219249750938303,False,True,False,True,False,0.0,0.0,0.0,0.0,0.0,0,0.9519207090405485,1.0426850290469278,False,False,False,False,-0.34282825441539394,-0.33429264844339024,False,False,False,False,-16903701,-10821028.903330866,False,False,False,False,2095276.180796716,False,False,False,False
2023-11-17 00:00:00+00:00,10.32,10.91,9.77,9.93,2312364,,,,,,,12.943242186413924,13.385224716373754,13.042580810589149,13.18576591637183,13.185169058003295,13.122294513788175,12.846396499288177,,,,,,,10.289222549608743,13.391513558443553,13.10977641134301,13.048502800019893,,12.943242186413924,12.870329252095534,#000000,,12.502300752709994,,41.34543066038687,-4.187751073785016,False,True,False,True,False,0.0,0.0,0.0,0.0,0.0,0,0.9302854894225842,1.0942481885158097,False,False,False,False,-0.34282825441539394,-0.33856045142939206,False,False,False,False,-14591337,-11100310.984565618,False,False,False,False,2111356.759996959,False,False,False,False
2023-11-24 00:00:00+00:00,10.45,10.65,10.09,10.41,1152476,,,,,,,12.858163289379231,13.328403777700661,13.005690164482614,13.15134369436982,13.152888870217293,13.09166682483978,12.820900764773194,,,,,,,10.314297066638911,13.330289701743066,13.06747706097906,13.01940579917975,,12.858163289379231,12.831962624953018,#000000,,12.457788458865465,,41.37096260402521,-4.269769729450701,False,True,False,True,False,0.0,0.0,0.0,0.0,0.0,0,0.9739349754298812,1.066312488979861,False,False,False,False,-0.33896577019659846,-0.33876311081299526,False,False,False,False,-13438861,-11273536.91163483,False,False,False,False,2040328.5555527399,False,False,False,False
2023-12-01 00:00:00+00:00,11.52,11.7,10.21,10.31,2004625,,,,,,11.143333333333333,12.763983888036467,13.2584545035641,12.961594288075153,13.109143185127845,13.113223787971275,13.054315538317928,12.791071753549447,,,,,,,10.553662264807867,13.255194418603102,13.016674629897656,12.984270650466971,,12.763983888036467,12.622957983773471,"rgba(239, 83, 80, 0.5)",2.34392999464997,11.929043476195192,-0.1745118144009572,42.8168363177046,-4.269769729450701,False,True,False,True,False,0.0,0.0,0.0,0.0,0.0,0,0.9597432920637146,1.0449316804708217,False,False,False,False,-0.26541374312870886,-0.30208842697085203,False,False,False,False,-11434236,-11285440.547810027,False,False,False,False,2037683.8477340185,False,False,False,False
2023-12-08 00:00:00+00:00,10.56,11.65,10.06,11.51,1357199,,,,,,10.987232474593158,12.692021454085175,13.205382372703387,12.926805997481843,13.076140325222289,13.082147333210184,13.024875679048487,12.766872069485302,,,,,,,10.586856428930716,13.198428683913567,12.97698539769373,12.956379364591953,,12.692021454085175,12.575687614688254,"rgba(239, 83, 80, 1.0)",2.324324076890829,11.866134760380655,-0.5619417590544549,42.84404315116579,-4.269769729450701,False,True,False,True,False,0.0,0.0,0.0,0.0,0.0,0,0.9189111066203838,1.054741398054378,False,False,False,False,-0.27776969564075477,-0.2899290613058034,False,False,False,False,-12791435,-11396995.692416692,False,False,False,False,1987277.5627166838,False,False,False,False
2023-12-15 00:00:00+00:00,10.97,11.43,9.77,10.53,2794519,,,,,,10.867442013870898,12.556689540622264,13.101504581088879,12.857475296337565,13.010084854595505,13.01979171184798,12.965716063217693,12.718016978588432,,,,,,,10.621232077543855,13.087816772355426,12.898337633012313,12.900256832825718,,12.556689540622264,12.498609054449236,"rgba(239, 83, 80, 0.5)",2.3006750830653657,11.78329510109811,-0.3535028075387743,43.410249881954826,-4.269769729450701,False,True,False,True,False,0.0,0.0,0.0,0.0,0.0,0,0.9022965427810701,1.0863217717575624,False,False,False,False,-0.30966535602886874,-0.29979720866733606,False,False,False,False,-9996916,-11293286.085571012,False,False,False,False,2047073.2247376703,False,False,False,False
2023-12-22 00:00:00+00:00,10.47,10.93,10.16,10.93,2116250,,,,,,10.77856127697809,12.455910883425998,13.022200708146368,12.803075398534189,12.958245472080316,12.970730599316108,12.919017903234359,12.67893059086646,,,,,,,10.60501579624691,13.00375872945268,12.837101950380612,12.855800339763372,,12.455910883425998,12.435361871779563,"rgba(239, 83, 80, 1.0)",2.2601019111200804,11.71081167152592,-0.5490069564655109,43.27725258025943,-4.269769729450701,False,True,False,True,False,0.0,0.0,0.0,0.0,0.0,0,0.9056682877746101,1.1062463315445246,False,False,False,False,-0.3166235408917433,-0.3082103747795397,False,False,False,False,-12113166,-11354017.93108427,False,False,False,False,2052197.4303126577,False,False,False,False
2023-12-29 00:00:00+00:00,10.08,10.8752,10.045,10.42,1485325,,,,,,10.710799980590123,12.384671302138448,12.965450144919352,12.763382868176535,12.92044440360317,12.934895292063421,12.884825382091956,12.650016919757629,,,,,,,10.577564085029563,12.943783208373702,12.792660310458771,12.82316232083602,,12.384671302138448,12.387847697744505,"rgba(239, 83, 80, 1.0)",2.233874547841818,11.654204644032959,-0.7046969784197697,42.76654158881555,-4.269769729450701,False,True,False,True,False,0.0,0.0,0.0,0.0,0.0,0,0.9173791885446575,1.0778565649835816,False,False,False,False,-0.3274232679948735,-0.31781682138720657,False,False,False,False,-13598491,-11520275.195448397,False,False,False,False,2010206.8799191276,False,False,False,False
2024-01-05 00:00:00+00:00,9.98,10.26,9.64,10.1,2263919,,,,,,10.569411410668769,12.26666754606732,12.871778260955821,12.696351183041296,12.856857617045224,12.87453446966549,12.827037139120812,12.600406565013934,,,,,,,10.495128968990988,12.84502055972948,12.718041614203168,12.767787366290998,,12.26666754606732,12.302082876948836,"rgba(239, 83, 80, 1.0)",2.2221614589290173,11.54405712136414,-0.7038449501855486,42.29242811162517,-4.269769729450701,False,True,False,True,False,0.0,0.0,0.0,0.0,0.0,0,0.8996391396387008,1.1265479154555724,False,False,False,False,-0.34282825441539394,-0.3303225379013003,False,False,False,False,-15862410,-11841914.810600368,False,False,False,False,2029000.3702954883,False,False,False,False
2024-01-12 00:00:00+00:00,8.91,10.115,8.73,9.98,2616374,,,,,,10.333883101448214,12.106119588881363,12.745916831036183,12.603721998309414,12.769534657353173,12.791528614272504,12.747220312112862,12.530522433202382,,,,,,,10.328942360853079,12.712628713042786,12.615631340672477,12.690915062544372,,12.106119588881363,12.175512751798205,"rgba(255, 0, 0, 1.0)",2.22273530863489,11.370393441056361,-1.1069214726099934,40.83078559096817,-5.665463266527446,False,True,False,True,False,0.0,0.0,0.0,0.0,0.0,0,0.8397355216566816,1.1724311534007954,False,False,False,False,-0.34282825441539394,-0.3365753961583471,False,False,False,False,-18478784,-12333534.750555897,False,False,False,False,2072509.5280513782,False,False,False,False
2024-01-19 00:00:00+00:00,8.31,9.225,8.02,9.19,1866359,,,,,,10.128578288922403,11.974824595741735,12.643606664192786,12.52683101999059,12.697329616119914,12.722811688182192,12.68093254829726,12.471671082117933,,,,,,,10.171349724383788,12.605217664552548,12.531063869061756,12.626840517257454,,11.974824595741735,12.068254567944496,"rgba(255, 0, 0, 1.0)",2.251630984439964,11.21999256840012,-1.2923931978684802,39.209720665115896,-7.320577869383648,False,True,False,True,False,0.0,0.0,0.0,0.0,0.0,0,0.7911654262136578,1.2058833449508692,False,False,False,False,-0.34282825441539394,-0.33970182528687054,False,False,False,False,-20345143,-12926987.213477682,False,False,False,False,2057239.118566091,False,False,False,False
2024-01-26 00:00:00+00:00,9.18,9.655,8.37,8.38,3013204,,,,,,9.964894953867862,11.812683015671388,12.509168129478432,12.424839786665121,12.60047348321861,12.630333716531489,12.591765066545848,12.392939567074503,,,,,,,10.035448660679755,12.464791025061531,12.419397626226834,12.540751828796548,,11.812683015671388,11.945379546394687,"rgba(239, 83, 80, 1.0)",2.256823487172234,11.069454413820134,-0.8372185173363259,39.49372192481997,-7.320577869383648,False,True,False,True,False,0.0,0.0,0.0,0.0,0.0,0,0.8028791422018091,1.185203878486067,False,False,False,False,-0.30459211934377767,-0.3221469723153241,False,False,False,False,-17331939,-13253279.938405262,False,False,False,False,2128051.3320056396,False,False,False,False
2024-02-02 00:00:00+00:00,8.58,9.37,8.312,9.2,2936560,,,,,,9.806535071729733,11.654966065172351,12.376421398445105,12.322287456941813,12.502960638509272,12.537037529447774,12.501617842084494,12.312707822734025,,,,,,,9.898074362431673,12.326556018704059,12.30771237502812,12.453528047070558,,11.654966065172351,11.82341687584944,"rgba(255, 0, 0, 1.0)",2.2811017331800674,10.921532879509455,-1.0264920873323526,39.07190911228422,-7.6028517077411095,False,True,False,True,False,0.0,0.0,0.0,0.0,0.0,0,0.794364782429588,1.2006128426077978,False,False,False,False,-0.32129391023292647,-0.32172044127412525,False,False,False,False,-20268499,-13772925.794819688,False,False,False,False,2187940.862968185,False,False,False,False
2024-02-09 00:00:00+00:00,8.56,8.58,7.97,8.41,1874458,,,,,,9.695854497968226,11.550289983775844,12.288012276704597,12.253042354298605,12.437145525638996,12.473987456126157,12.440584440158256,12.257989433769067,,,,,,,9.800206551649632,12.23465938613949,12.232586459118538,12.394358054165128,,11.550289983775844,11.740636893157834,"rgba(255, 0, 0, 1.0)",2.3054606152889794,10.820252604883297,-0.9803908988486381,38.74955870551804,-8.02055858754315,False,True,False,True,False,0.0,0.0,0.0,0.0,0.0,1,0.7796568189803642,1.229536146903134,False,False,False,False,-0.34282825441539394,-0.3322743478447596,False,False,False,False,-22142957,-14392928.106314527,False,False,False,False,2164719.910155727,False,False,False,False
2024-02-16 00:00:00+00:00,7.78,8.72,7.59,8.51,2798381,,,,,,9.524008519919617,11.390429020734352,12.152211622371205,12.145399870958528,12.334804693621713,12.375821434364587,12.345414224853318,12.1721676552414,,,,,,,9.645719371580102,12.093749853364331,12.116201541843463,12.30194720088062,,11.390429020734352,11.61237601536112,"rgba(255, 0, 0, 1.0)",2.3544554887805034,10.6634766913996,-1.2246894048921282,37.7069901274148,-9.129585913495383,False,True,False,True,False,0.0,0.0,0.0,0.0,0.0,1,0.7987701303851185,1.2169139623936887,False,False,False,False,-0.34282825441539394,-0.3375513011300768,False,False,False,False,-24941338,-15174291.80214308,False,False,False,False,2211657.76866271,False,False,False,False
2024-02-23 00:00:00+00:00,7.67,7.73,7.29,7.71,1475332,,,,,,9.422875879810764,11.300945887230359,12.076328921336575,12.08464161344929,12.277095876556,12.32042109192679,12.291625391593245,12.123368230518937,,,,,,7.5633333333333335,9.55412329667436,12.015095204008983,12.050684687144267,12.249633478093065,,11.300945887230359,11.066554579147072,"rgba(239, 83, 80, 1.0)",2.3775403824688786,9.460319599262203,-0.7530133294321185,36.850025930655974,-10.039995858926616,False,True,False,True,False,0.0,0.0,0.0,0.0,0.0,0,0.7906210180604327,1.2066869664574873,True,False,False,False,-0.34282825441539394,-0.3401897777727354,False,False,False,False,-26416670,-16007060.557539888,False,False,False,False,2157115.1191321393,False,False,False,False
2024-03-01 00:00:00+00:00,7.64,7.99,7.29,7.66,2374649,,,,,,9.286204046590813,11.168166518412136,11.961312054228273,11.991762352250529,12.188549171063242,12.235275148161932,12.208907915671137,12.048240792707048,,,,,7.6400000000000015,7.6106209493847725,9.427565951251417,11.896159079879745,11.950836726782152,12.169152924875341,,11.168166518412136,10.512117684984307,"rgba(239, 83, 80, 1.0)",2.3870698839017304,8.49109773680675,-0.35654496022362303,36.20557483832494,-10.738716343010879,False,True,False,True,False,0.0,0.0,0.0,0.0,0.0,0,0.7716322809831403,1.2603204039821816,True,False,False,False,-0.3311691571919498,-0.33567946748234256,False,False,False,False,-28791319,-16954042.664388783,False,False,False,False,2173228.739937166,True,False,False,False
2024-03-08 00:00:00+00:00,8.75,9.56,7.41,7.71,2722361,,,,,,9.228615935076023,11.064580670073596,11.863519769534271,11.911783855383323,12.111102611885684,12.160462953477303,12.136272694767012,11.982744038627475,,,,,8.13850211529243,8.009390619051779,9.367378114688494,11.795731776303805,11.86539932978212,12.098592386788546,,11.064580670073596,10.535600479707153,"rgba(239, 83, 80, 0.5)",2.377304082927275,8.685971696027181,0.026933156945567575,37.884286235990054,-10.738716343010879,False,True,False,True,False,0.0,0.0,0.0,0.0,0.0,0,0.7568090435499815,1.1966147333693165,False,False,False,False,-0.2460267451402769,-0.29085310631130973,False,False,False,False,-26068958,-17629221.578137763,False,False,False,False,2213905.2036455246,False,False,False,False
2024-03-15 00:00:00+00:00,9.26,9.37,8.59,8.59,2193154,,,,,,9.21912768389185,11.002537692547378,11.800112750024454,11.859273866435814,12.05956610633017,12.110476804679525,12.087754839288836,11.9392269321819,,,,,8.419734310503852,8.275592351343647,9.351584105907715,11.731021730171191,11.80963712458605,12.051512199598841,,11.002537692547378,10.552818772174211,"rgba(239, 83, 80, 0.5)",2.371426164579881,8.816509612911766,0.1870142084591541,39.96609360818157,-13.160109484220158,False,True,False,True,True,0.0,0.0,0.0,0.0,0.0,0,0.8433208121095312,1.2219075527235301,False,False,False,False,-0.1721070571230616,-0.23148008171718565,False,False,False,False,-23875804,-18091931.387164596,False,False,False,False,2212368.0774495597,False,False,False,False
2024-03-22 00:00:00+00:00,8.79,9.27,8.58,9.27,1959588,,,,,,9.201571252849382,10.945047583764495,11.742000267415568,11.810829114247152,12.01208838854645,12.064406722384184,12.042988004853344,11.89888128778177,,,,,8.517242992028327,8.386024118163862,9.329987998768328,11.671730674468042,11.758275091875829,12.008017095698042,,10.945047583764495,10.537479748212743,"rgba(239, 83, 80, 0.5)",2.353268442052532,8.858706590452474,-0.02919624009938656,40.807354283875334,-12.368059495268852,False,True,False,True,True,0.0,0.0,0.0,0.0,0.0,0,0.8395574541803651,1.1456778943638404,False,False,False,False,-0.15365031145470173,-0.19256519658594368,False,False,False,False,-25835392,-18665521.06218944,False,False,False,False,2193643.627268111,False,False,False,False
2024-03-29 00:00:00+00:00,9.8,9.91,8.8,8.88,1548687,,,,,,9.21343226336574,10.9148329479083,11.707336095911975,11.78155184481325,11.982827737175269,12.035863313571578,12.015282570898874,11.874170557444737,,,,,8.658665774747629,8.527004608716696,9.33604262065962,11.63666788178022,11.727458368999098,11.981160933325896,,10.9148329479083,10.54858201440778,#000000,2.332109573554179,8.933786316872421,0.3714292385530812,43.093232785667304,-10.195251065781704,False,True,False,True,True,0.0,0.0,0.0,0.0,0.0,0,0.894945801583999,1.127906897422079,False,False,False,False,0.0008967303790370985,-0.09583423310345329,False,False,False,False,-24286705,-19081905.057582818,False,False,False,False,2145869.062285288,False,False,False,False
2024-04-05 00:00:00+00:00,10.58,10.83,9.5,9.89,2784007,,,,,,9.28536057277867,10.892631567258903,11.669313445502327,11.748587788990468,11.948337249474852,12.001833768231341,11.982355478402848,11.845572333428045,,,,,8.995774863624222,8.855427009660168,9.393189382470128,11.59900536045353,11.69331035777789,11.949432135121164,,10.892631567258903,10.608093759799115,#000000,2.3246098190472315,9.132437957133297,0.6227118336186,45.8777501752476,-7.598198684873566,False,True,False,True,True,0.0,0.0,0.0,0.0,0.0,0,0.9579892206488103,1.0280071862341262,False,False,False,False,0.18058804299791523,0.04237690494723097,False,False,False,False,-21502698,-19261223.053317424,False,False,False,False,2193138.539153044,False,False,False,False
2024-04-12 00:00:00+00:00,10.46,11.08,9.88,10.69,2933056,,,,,,9.36258895374819,10.877184187165858,11.63613692613121,11.719315027241825,11.917100349835128,11.970845606736612,11.952384851024398,11.819747555126826,,,,,9.258180555859983,9.11919520684811,9.456480497176138,11.56647442804077,11.663250693431403,11.920598172469287,,10.877184187165858,10.657590682547859,#000000,2.326722258557832,9.299111303408104,0.4989373752376652,47.67324578104101,-5.990110441347213,False,False,False,False,True,0.0,0.0,0.0,0.0,0.0,0,0.9905880581281531,0.997775359193927,False,False,False,False,0.24371170506157847,0.1430443050044047,False,False,False,False,-24435754,-19644521.641960576,False,False,False,False,2247947.2399565224,False,False,False,False
2024-04-19 00:00:00+00:00,10.6,10.81,10.0168,10.51,3019600,,,,,,9.432406469921396,10.862509454326583,11.60391393318478,11.690602392689287,11.886342805769582,11.940275240207745,11.922794094775,11.794200021236803,,,,,9.446360773886243,9.314136440018325,9.514460293805092,11.534956628608354,11.633869386189115,11.892111734812865,,10.862509454326583,10.691955857839876,#000000,2.3322251139163157,9.426840994407764,0.5030213415471912,49.17121204844449,-4.66030802495326,False,False,False,False,True,0.0,0.0,0.0,0.0,0.0,0,0.9917949150991858,1.0235737859500236,False,False,False,False,0.23022218032316652,0.18663324266378561,False,False,False,False,-21416154,-19775753.668482013,False,False,False,False,2305106.7036634465,False,False,False,False
2024-04-26 00:00:00+00:00,10.68,10.69,9.12,10.56,2337718,,,,,,9.466258671671095,10.843273790138939,11.573599414471794,11.663784980308032,11.858343205016883,11.912587737194006,11.895917400187775,11.77055066363408,,,,,9.5229891948089,9.399161707244897,9.541834081175196,11.504947629689262,11.606234250481991,11.866123623769221,,10.843273790138939,10.6980426925007,#000000,2.333786136245076,9.482560913725022,0.5130886106820337,50.36978713721699,-3.5961629586303303,False,False,False,False,True,0.0,0.0,0.0,0.0,0.0,0,0.9598357420346658,1.0131572569196785,False,False,False,False,0.12955895423380065,0.15809609844879313,False,False,False,False,-19078436,-19724100.507853717,False,False,False,False,2307522.355243932,False,False,False,False
2024-05-03 00:00:00+00:00,10.76,11.43,9.8217,10.78,2724560,,,,,,9.527935673244409,10.837908067077926,11.551982280663424,11.643866678845953,11.83626545686131,11.890434981022075,11.874483703233501,11.752269116140466,,,,,9.65010206929898,9.53202165277884,9.594730416955432,11.484200877850942,11.58618018735038,11.845537865792242,,10.837908067077926,10.72451933609276,#000000,2.325479410032795,9.576197453069415,0.5090574192243181,51.36099631776279,-2.7001155458359705,False,False,False,False,True,0.0,0.0,0.0,0.0,0.0,0,0.9937407588262813,0.9815603369677682,False,False,False,False,0.27356695987730606,0.2158315291630496,False,False,False,False,-16353876,-19474454.248012703,False,False,False,False,2338414.0326332706,False,False,False,False
2024-05-10 00:00:00+00:00,12.38,12.55,10.77,10.85,2149358,,,,,,9.620049226400443,10.863316425227532,11.558432631935489,11.64785572513395,11.837186511361612,11.890567698722998,11.874831011259237,11.754180963407583,,,,,9.830903037123006,9.712363959506396,9.676917303041375,11.492200054193598,11.591398040537241,11.846267733473995,,10.863316425227532,10.783062291446063,"rgba(38, 166, 154, 0.5)",2.3258681455814774,9.710058381517804,1.1479333527802795,54.44703908156781,0.20775589875749745,True,False,True,False,True,3.4547894710708533,0.0,0.0,0.0,0.0,0,1.0316981793779738,0.9446967934256626,False,False,False,False,0.3428282365682229,0.27932988286563626,False,False,False,False,-14204518,-19084088.600011762,False,True,False,False,2324409.8820678433,False,False,False,False
2024-05-17 00:00:00+00:00,11.97,12.98,11.87,12.78,3652734,,,,,12.273333333333333,9.784310520035628,10.918402387840676,11.580263367905841,11.663983663823593,11.84764130014302,11.89938555984107,11.883840617355087,11.765353144394929,,,,,10.124380114145842,10.005841525822923,9.825243365929143,11.516930069540305,11.610137731424517,11.855777574228526,,10.918402387840676,10.93028260798018,#000000,2.321944602857426,10.546966373334431,0.6128628671478032,55.82346949256214,1.438739155110639,True,False,True,False,True,2.471155317363838,0.0,0.0,0.0,0.0,0,1.0651483390549104,0.9243874199569954,False,False,False,False,0.34282823934606327,0.31107906110584976,False,False,False,False,-17857252,-18993211.814825706,False,False,False,False,2422804.261173929,False,False,False,False
2024-05-24 00:00:00+00:00,11.71,12.48,11.055,11.95,2765215,,,,,12.047133674376868,9.872236572164939,10.942242668893151,11.584060872209545,11.6655986381592,11.845871324801294,11.896796395681205,11.881560389554613,11.765080315393343,,,,,10.259782561966185,10.144939731384095,9.904963236048715,11.522346257223797,11.612954053452489,11.853996374511448,,10.942242668893151,10.955625826587898,#000000,2.2955969448780253,10.581023134973021,0.49180099648850456,56.286816681434644,1.8339004783422013,True,False,True,False,True,1.8476955931601253,0.0,0.0,0.0,0.0,0,1.026074379216588,0.9344040774425462,False,False,False,False,0.2465884041789531,0.2788337326424014,False,False,False,False,-20622467,-19113897.384097878,False,False,False,False,2448168.01960549,False,False,False,False
2024-05-31 00:00:00+00:00,11.37,12.14,10.91,11.99,2241378,,,,,11.898611339926688,9.928301924919328,10.95432715376166,11.58206942821794,11.662660438959055,11.840566016191428,11.890993540187875,11.876067257867836,11.76133816043914,,,,,10.33660629261305,10.225669650447351,9.955948982488524,11.521433702669185,11.610685187604947,11.848949070593576,,10.95432715376166,10.967631410160772,#000000,2.2963562049080735,10.597297301976603,0.3364907832556093,55.94093456251811,1.8339004783422013,True,False,True,False,True,1.0312262939673005,0.0,0.0,0.0,0.0,0,1.0175324267194183,0.979821169247462,False,False,False,False,0.21227755248468774,0.24555564256354456,False,False,False,False,-22863845,-19391671.28157211,False,False,False,False,2432850.2403754536,False,False,False,False
2024-06-07 00:00:00+00:00,9.1,11.57,8.95,11.55,4281052,,,,,11.228590743104718,9.924855963555734,10.909303362292299,11.525320897521205,11.6119134337337,11.788473416989772,11.839531279776008,11.825884328549316,11.716189767525481,,,,9.873333333333333,10.286633007104044,10.189025326999698,9.95111910839045,11.464836982691663,11.558384495726237,11.800151864625146,,10.909303362292299,10.69114032207194,"rgba(239, 83, 80, 0.5)",2.3195529858259425,10.394395602635448,-0.5580366607467441,52.10926714932299,1.8339004783422013,True,False,False,False,False,0.0,0.0,0.0,0.0,0.0,0,0.9590527100388039,0.9971208936746035,False,False,False,False,0.03929793088294394,0.14242678672324424,False,False,False,False,-27144897,-19965984.297751956,False,False,False,False,2569754.074421716,False,False,False,False
2024-06-14 00:00:00+00:00,10.69,11.08,9.25,9.29,4531685,,,,,10.998119211998462,9.95069046282933,10.885263366635785,11.485065943290676,11.57484184270451,11.748979148557353,11.800109567202906,11.787490821546085,11.682213931728535,,,,10.113302633827985,10.292102228120065,10.203998138630515,9.97378234725518,11.42538221259009,11.520758336949378,11.762947777587101,,10.885263366635785,10.684846488212747,#000000,2.3232320760697305,10.401880553144258,0.12401664466649436,51.7696075580502,6.4200102311653495,True,False,False,False,False,0.0,0.0,0.0,0.0,0.0,0,0.9734006339515575,1.000949977358873,False,False,False,False,0.0265270677584168,0.08447692724083052,False,False,False,False,-22613212,-20162075.238659218,False,False,False,False,2715082.2911312184,False,False,False,False
2024-06-21 00:00:00+00:00,9.63,10.61,9.03,10.54,9595371,,,,,10.558025876543777,9.92810122055231,10.792635946089993,11.369115753552956,11.469156736102928,11.640234743242784,11.692359286807799,11.682145883055245,11.586556477091076,,,,9.927403332451837,10.19663104325695,10.126364753533846,9.949933628652335,11.310015384896829,11.412485294386263,11.660248759337732,,10.792635946089993,10.55707122339171,"rgba(239, 83, 80, 0.5)",2.315683994063169,10.202106251446601,-0.2470571342693289,50.15309042972278,4.861203869626081,False,False,False,False,False,0.0,0.0,0.0,0.0,0.0,0,0.9540544624217923,0.9987665627495783,False,False,False,False,-0.019809311160960075,0.03233380803993522,False,False,False,False,-32208583,-21054409.14690668,False,False,False,False,3224733.30660298,False,False,False,False
2024-06-28 00:00:00+00:00,9.38,9.92,9.23,9.64,4941980,,,,,10.396219641679386,9.904448752471298,10.74061684283909,11.307025858390007,11.41220912139726,11.5819874433198,11.634658174771598,11.62562369212017,11.53475102396682,,,,9.839061099184438,10.138878506545517,10.07579216206164,9.926377684449124,11.24812559531468,11.354188625042763,11.605015464241257,,10.74061684283909,10.493073476797793,"rgba(239, 83, 80, 0.5)",2.3228938925478335,10.112487852367744,-0.3153341849654288,48.69136965624054,3.450041484267338,False,False,False,False,False,0.0,0.0,0.0,0.0,0.0,0,0.9636104616051657,1.0184332368107278,False,False,False,False,-0.05275489359771417,-0.010210542778889473,False,False,False,False,-37150563,-22246716.839728408,False,False,False,False,3351936.7653731294,False,False,False,False
2024-07-05 00:00:00+00:00,10.76,10.79,9.185,9.35,1684674,,,,,10.38865879625553,9.910891883242495,10.733858234511368,11.295070901636596,11.400756952072191,11.569640449319694,11.622244967248246,11.613484638911812,11.523874886743345,,,,9.866378103907412,10.141836442922926,10.080396130553469,9.932089166875208,11.236504359681492,11.342722154657723,11.593209956584053,,10.733858234511368,10.492840617424422,#000000,2.3170958835001465,10.119317368409835,0.27650242536461894,49.54971254719898,3.450041484267338,False,False,False,False,False,0.0,0.0,0.0,0.0,0.0,0,0.9755067694480759,0.9732527911764264,False,False,False,False,0.002685655842813419,-0.003762443468038027,False,False,False,False,-35465889,-23225914.777526304,False,False,False,False,3228435.8197899344,False,False,False,False
2024-07-12 00:00:00+00:00,11.62,11.63,9.915,10.7,2786678,,,,,10.439558997256466,9.945611044425092,10.740942443828862,11.290682452365552,11.3952350455661,11.561897174123636,11.613985585231038,11.60547854271553,11.51742457625647,,,,9.985434000660403,10.182083053870304,10.122371216772663,9.964426088595216,11.233091556518954,11.337884833452996,11.585591413051338,,10.740942443828862,10.52420856877465,#000000,2.311750828245095,10.18236181713996,0.6218828453719577,51.19564039690464,3.450041484267338,False,False,False,False,False,1.6544802752510215,0.0,0.0,0.0,0.0,1,1.0245502834441818,0.9442039012632237,False,False,False,False,0.10852167217560652,0.05237961435378424,False,False,False,False,-32679211,-23926158.942153983,False,False,False,False,3195713.018324014,False,False,False,False
2024-07-19 00:00:00+00:00,10.1,12.13,10.05,11.75,3021968,,,,10.760000000000002,10.464072805127714,9.971557339011598,10.74138768774755,11.28036709082341,11.38442074286065,11.54902317111468,11.600710827152064,11.592536115649756,11.506290994035403,,,,10.061324241579703,10.208444720443284,10.15082303407641,9.988518592608305,11.223637764262872,11.327537480992621,11.573109749651326,,10.74138768774755,10.485013327568085,#000000,2.311136477973512,10.373460441787675,-0.11832293090170724,50.40975963699094,3.450041484267338,False,False,False,False,False,0.0,0.0,0.0,0.0,0.0,1,1.048434577067533,0.9053060514218593,False,False,False,False,0.1518898214780767,0.10213471791593047,False,False,False,False,-35701179,-24798382.650142577,False,False,False,False,3182843.016966679,False,False,False,False
2024-07-26 00:00:00+00:00,10.17,10.47,9.64,10.22,2144936,,,,10.483246777309327,10.444979001787,9.974250225861137,10.730816495205245,11.264212855157844,11.369006297573524,11.532622282046265,11.584261157828475,11.576422064117112,11.491701456670299,,,,10.063405505593128,10.204834680356203,10.149058153786484,9.990724118936331,11.207830227618524,11.31204878905085,11.557399163764066,,10.730816495205245,10.451335804161124,#000000,2.27917510761485,10.299116491261415,-0.05665053590223498,49.938082051154936,3.450041484267338,False,False,False,False,False,0.0,0.0,0.0,0.0,0.0,1,1.0285592309617393,0.9671716056470726,False,False,False,False,0.011750279476814625,0.05694249869637255,False,False,False,False,-33556243,-25447113.04642831,False,False,False,False,3105961.015709888,False,False,False,False
2024-08-02 00:00:00+00:00,8.48,10.16,8.42,10.16,2784568,,,,9.970824655694777,10.355675581154788,9.947620288224757,10.695338536974887,11.225252301661481,11.333153731811713,11.496401067136627,11.548440677624678,11.541241539445533,11.459007387467048,,,,9.982186688911431,10.158483174964239,10.105785576448051,9.96491193760466,11.168817017084612,11.275305618226266,11.522901982425765,,10.695338536974887,10.357489575872368,"rgba(239, 83, 80, 1.0)",2.2869393213330893,10.11679252518131,-0.7157131411021436,47.7059678342431,2.4303696532577987,False,False,False,False,False,0.0,0.0,0.0,0.0,0.0,1,0.994171367564526,0.9682599223810828,False,False,False,False,-0.09122885764545526,-0.017143179474541352,False,False,False,False,-36340811,-26254053.63558177,False,False,False,False,3082154.1256573037,False,False,False,False
2024-08-09 00:00:00+00:00,7.24,7.98,6.84,7.89,6809500,,,,8.763329162876266,9.9566951808889,9.781885845330393,10.534037958192249,11.067568226850655,11.189953963926435,11.355319967402451,11.409866726096796,11.40489333409476,11.330363474165347,,,,9.561797704726857,9.913553813840984,9.869919415671772,9.80546021286615,11.009387725081464,11.127355729345565,11.388736993528845,,10.534037958192249,10.026363524632568,"rgba(239, 83, 80, 1.0)",2.2831462249896908,9.548843965583252,-1.0112554072587607,44.948760360473564,-0.24759987323785282,False,True,False,True,False,0.0,0.0,0.0,0.0,0.0,1,0.9702968909811831,0.9941154217981589,False,False,False,False,-0.34282825441539394,-0.17998571694496765,False,False,False,False,-43150311,-27505628.255168304,False,False,False,False,3358253.8200530587,False,False,False,False
2024-08-16 00:00:00+00:00,7.24,7.6,7.0,7.26,4544092,,,,8.414178070582931,9.73866223345614,9.679588712251784,10.43250286194978,10.967358735640966,11.098273301520983,11.26477129353309,11.32079552891076,11.317180660785622,11.247408284290952,,,,9.34177929012798,9.768555167100152,9.729827448638828,9.706592418195635,10.908219538407208,11.032882877585292,11.302367239912586,,10.43250286194978,9.868726447635142,"rgba(239, 83, 80, 1.0)",2.326585116927016,9.3157936903168,-0.8922062103872371,42.97932645063818,-2.123720684095801,False,True,False,True,False,0.0,0.0,0.0,0.0,0.0,0,0.9852089940693752,1.008817715074026,False,False,False,False,-0.34282825441539394,-0.2614069856801808,False,False,False,False,-43150311,-28664493.643674355,False,False,False,False,3446093.685234314,False,False,False,False
2024-08-23 00:00:00+00:00,7.08,7.45,6.79,7.31,4021058,,,,8.188783588345004,9.56170257200638,9.58974661183479,10.343139648390757,10.87903931695885,11.017134600739094,11.184593693246674,11.24187466443426,11.23941606510896,11.173699297314952,,,,9.166061872835048,9.644890701256612,9.610004588440795,9.61954052387513,10.819102928576307,10.949384808120737,11.225746425873437,,10.343139648390757,9.742201235251969,"rgba(239, 83, 80, 1.0)",2.3772910845962665,9.140359683610761,-0.8666838053450532,41.419180321757715,-3.6036183686683074,False,True,False,True,False,0.0,0.0,0.0,0.0,0.0,0,0.9892432026948608,0.9864124665619295,False,False,False,False,-0.34282825441539394,-0.30211762004778736,False,False,False,False,-47171369,-30035373.299698476,False,False,False,False,3488683.6344762165,False,False,False,False
2024-08-30 00:00:00+00:00,7.06,7.31,6.9301,7.14,2221875,,,,8.09409644035238,9.47352539440412,9.542618262733836,10.295693840830314,10.831866421444714,10.973626155336584,11.141533151506579,11.199453194988967,11.197599146655381,11.13402071638007,,,,9.080049026920909,9.58119796128929,9.548211892071453,9.573773709603364,10.771545120109922,10.904675767079288,11.184530960525684,,10.295693840830314,9.67925780697603,"rgba(239, 83, 80, 1.0)",2.4263230847749244,9.057217205741676,-0.8231456141492988,40.28457264684633,-4.692505741646784,False,True,False,True,False,0.0,0.0,0.0,0.0,0.0,0,0.9931469674116733,0.9977147035970566,False,False,False,False,-0.3428212736812372,-0.3224694468645123,False,False,False,False,-49393244,-31469289.647868957,False,False,False,False,3394845.9578483487,False,False,False,False
2024-09-06 00:00:00+00:00,6.7,7.05,6.31,6.87,3457723,,,,7.926319108868871,9.326377700855549,9.460895004881143,10.215355909068533,10.7528758513524,10.900783475927366,11.069625983157174,11.128652102817245,11.12777931334152,11.0676144037298,,,6.6866666666666665,8.934420541618364,9.472685140322262,9.442624621728337,9.494402694951908,10.691841223665042,10.829788824087178,11.115675512510483,,10.215355909068533,9.165158861262666,"rgba(239, 83, 80, 1.0)",2.47896068021541,8.218446004502361,-0.612533315522542,39.09862225484355,-5.857078015599328,False,True,False,True,False,0.0,0.0,0.0,0.0,0.0,0,0.9705413254618167,1.0517758522186251,False,False,False,False,-0.34282825441539394,-0.3326488506399531,False,False,False,False,-52850967,-33053117.599878665,False,False,False,False,3399503.516526249,True,False,False,False
2024-09-13 00:00:00+00:00,7.75,7.875,6.52,6.72,4601330,,,,7.851747683472168,9.198705623082827,9.384623959231027,10.133829593113504,10.669501408045164,10.822970375863434,10.992075053865234,11.05202250949264,11.052177506580172,10.995801061115099,,,7.083478097240457,8.818110780668167,9.373325298854661,9.346162831803138,9.419838054315571,10.608066729447465,10.750203484995719,11.04112646090332,,10.133829593113504,9.121788865122898,"rgba(239, 83, 80, 0.5)",2.5096591563559136,8.238010546115905,-0.1944529179908672,40.055048531987005,-5.857078015599328,False,True,False,True,False,0.0,0.0,0.0,0.0,0.0,0,0.9426588729542965,1.0212103658714973,False,False,False,False,-0.27745533547963613,-0.30505209305979464,False,False,False,False,-48249637,-34178785.703591354,False,False,False,False,3488527.7004872677,False,False,False,False
2024-09-20 00:00:00+00:00,7.22,8.04,7.13,7.88,9183133,,,,7.768390698613432,8.997671643531879,9.253562883206035,9.988819546788301,10.518695804671875,10.680978130121362,10.849948813777052,10.911293307710308,10.913225643699406,10.863587839842161,,,7.285787778494752,8.641920219458772,9.207883941103926,9.185312632406271,9.291097508929056,10.456866488303802,10.605465548665006,10.904031695080377,,9.988819546788301,9.007731334083624,"rgba(239, 83, 80, 0.5)",2.5446897401989634,8.17344258502471,-0.3746793056784054,40.122855546064386,-5.857078015599328,False,True,False,True,False,0.0,0.0,0.0,0.0,0.0,0,0.9610480968797781,1.013371548832315,False,False,False,False,-0.23000314162791005,-0.26752761734385233,False,False,False,False,-57432770,-35901303.05888088,False,False,False,False,3910350.315265989,False,False,False,False
2024-09-27 00:00:00+00:00,8.71,9.01,7.15,7.34,4876278,,,,7.821751319636812,8.956662524769484,9.219880307185928,9.941208725307334,10.464387564287296,10.628496587707712,10.79634534565749,10.857823197378506,10.860380537052862,10.81343603497296,,,7.50717828567722,8.619187294034047,9.167522346780947,9.146460442615739,9.257299359071222,10.402921682545617,10.552560441182521,10.851904286924398,,9.941208725307334,9.004007228762436,#000000,2.5583288675607343,8.226194856029391,0.18910983263535586,42.43292642271129,-5.857078015599328,False,True,False,True,True,0.0,0.0,0.0,0.0,0.0,0,0.9564616093838036,1.0039839050237043,False,False,False,False,-0.17080641804798363,-0.21916701769591798,False,False,False,False,-52556492,-37135020.75822304,False,False,False,False,3981900.5141351754,False,False,False,False
2024-10-04 00:00:00+00:00,8.76,9.08,8.32,8.59,2204895,,,,7.861464377049756,8.950619638973247,9.212102092896076,9.925926773758079,10.445376853315077,10.609740912318388,10.77687076705651,10.838285231116645,10.841059896636127,10.79515096096084,,,7.617119701819692,8.622048324177959,9.158797769220385,9.138253529060421,9.249220451838202,10.384188163554326,10.533821148502621,10.83285301292004,,9.925926773758079,9.011974082234813,#000000,2.5689291280346485,8.262813010505162,0.193538616565576,44.15317698742312,-10.789831309152653,False,True,False,True,True,0.0,0.0,0.0,0.0,0.0,0,0.9693388176353864,1.0286363873027995,False,False,False,False,-0.09825228463564593,-0.15870965116578195,False,False,False,False,-50351597,-38114026.40576208,False,False,False,False,3850270.4760510884,False,False,False,False
2024-10-11 00:00:00+00:00,8.88,9.19,8.31,8.76,1841296,,,,7.894644779047494,8.947335826544686,9.20673032933001,9.914213352980058,10.430477140287547,10.59495525371562,10.761455317661017,10.822796195600594,10.825739264833873,10.780655202767063,,,7.699893866235448,8.626013748240608,9.152943173041775,9.132798067917175,9.243567048007003,10.369535951321199,10.51908416237539,10.817745569682074,,9.914213352980058,9.018767614266546,#000000,2.5761329563920037,8.291972055017059,0.22825993647723175,45.559419964823434,-9.387802698802403,False,False,False,True,True,0.0,0.0,0.0,0.0,0.0,0,0.957665964018989,1.0329913521783052,False,False,False,False,-0.0924557573124458,-0.12558270423911388,False,False,False,False,-48510301,-38884120.82015007,False,False,False,False,3701457.551899156,False,False,False,False
2024-10-18 00:00:00+00:00,10.02,10.35,8.7,8.79,2388683,,,,7.973913331205226,8.966920151115136,9.21464074807346,9.911244982918085,10.421913642860677,10.58549882187242,10.7507606303645,10.811773662113612,10.814821761573219,10.770504921311073,,,7.86637992436004,8.657037183076786,9.163877044991665,9.144001199594516,9.250635311756042,10.361512492002534,10.51007619505384,10.807011715085128,,9.911244982918085,9.051016236909348,#000000,2.5651413602759194,8.366062647439296,0.6447743497390716,48.15370330920404,-6.861320495471162,False,False,False,False,True,0.0,0.0,0.0,0.0,0.0,0,0.9659110976922769,0.9914549877236656,False,False,False,False,-0.003159285129624299,-0.06437099468436909,False,False,False,False,-46121618,-39420231.72236118,False,False,False,False,3604214.9924992183,False,False,False,False
2024-10-25 00:00:00+00:00,10.92,11.09,9.8604,10.12,1970128,,,,8.067008088045903,9.00218249621034,9.233407074960185,9.918937903034125,10.423817971577288,10.585823254925659,10.749721243838708,10.81027445871829,10.813316572694086,10.769384874890962,,,8.044335264996882,8.703216509898342,9.187981011944432,9.168134946109394,9.268331311534132,10.364038889115843,10.511083280272869,10.80558207343823,,9.918937903034125,9.095757349584957,#000000,2.5582067057901217,8.454185589787865,0.9638839600533956,51.10325716286293,-4.046620869852106,True,False,False,False,True,1.5128630669924377,0.0,0.0,0.0,0.0,0,1.0247470360505986,0.9666357951898021,False,False,False,False,0.10640180828836375,0.02101540680199733,False,False,False,False,-44151490,-39770695.29848257,False,False,False,False,3483171.51157335,False,False,False,False
2024-11-01 00:00:00+00:00,10.36,11.34,10.12,11.0,2566799,,,,8.178177704566004,9.045479704009244,9.256833152098446,9.92848170901418,10.42604142713136,10.586052746714644,10.748215424901566,10.808184179439174,10.811220262685888,10.767785867757716,,,8.243094316321331,8.759725771969853,9.217862093477816,9.198071616138536,9.290436147125464,10.367049753398685,10.512176664830244,10.803583752055925,,9.92848170901418,9.148521196811958,#000000,2.5575523208477806,8.55661937421661,0.7051197393238874,52.318023865388426,-2.9210676454528084,True,False,False,False,True,0.28472114008169314,0.0,0.0,0.0,0.0,0,1.012167134484213,0.9805116421123052,False,False,False,False,0.13610845437229652,0.07856193058714692,False,False,False,False,-46718289,-40285331.86896534,False,False,False,False,3415292.0662716203,False,False,False,False
2024-11-08 00:00:00+00:00,10.95,11.62,10.2,10.34,3498445,,,10.923333333333334,8.332736522491178,9.112096373183316,9.294699512699877,9.946949217525786,10.43414902672994,10.591039340859819,10.750692266858358,10.809773162066833,10.812749223000713,10.769841674176021,,,8.499366504869943,8.843867812545835,9.265455399705566,9.245657195823462,9.326385919329098,10.376301975954771,10.518488595368256,10.805201265534846,,9.946949217525786,9.27905477915074,#000000,2.541507306184144,9.149826043310073,0.7083095737358842,53.91080250025696,-1.401837356512111,True,False,False,False,True,1.5521715420386002,0.0,0.0,0.0,0.0,0,0.9870624384363191,1.0052926388215058,False,False,False,False,0.15723609936501712,0.11789901497608202,False,False,False,False,-43219844,-40502703.13793087,False,False,False,False,3421451.542844093,False,False,False,True
2024-11-15 00:00:00+00:00,9.46,10.88,9.44,10.88,4690792,,,10.35244302613296,8.444618530358287,9.149082569584188,9.313383951203761,9.946456649145647,10.42329273416811,10.578125052417247,10.735355968205003,10.79373034915008,10.796837557446587,10.755159872450095,,,8.661557613196656,8.897531216025923,9.289303805579829,9.26994416926931,9.343597798207727,10.366493474702873,10.50655233259065,10.789573074048871,,9.946456649145647,9.26679193287043,#000000,2.5255383013749184,9.089037596428456,0.14688448928673561,52.84351993618681,-1.401837356512111,True,False,False,False,True,0.0,0.0,0.0,0.0,0.0,0,0.9311236722416777,1.0371990293378284,False,False,False,False,0.12206206638821453,0.11998054068214828,False,False,False,False,-47910636,-41051438.905491546,False,False,False,False,3515476.7618926787,False,False,False,False
2024-11-22 00:00:00+00:00,9.59,9.72,8.97,9.48,2274174,,,10.151229815019214,8.476938273736149,9.15506154237927,9.31498478331682,9.94040789559264,10.413062412428802,10.567374993444579,10.723653087008923,10.781795265561447,10.785011796408039,10.744038775971921,,,8.701508112818459,8.909946686877808,9.291664487116362,9.272607862957932,9.344736720388562,10.356657925301565,10.496095343424683,10.77791937108165,,9.94040789559264,9.255908618020323,#000000,2.4833739037740457,9.059905722112907,0.21345729577068334,52.25638858952799,-1.401837356512111,True,False,False,False,True,0.0,0.0,0.0,0.0,0.0,0,0.9399724317834859,1.057507892513599,False,False,False,False,0.03304607222506656,0.07651330645360742,False,False,False,False,-45636462,-41391070.24582551,False,False,False,False,3423528.409159888,False,False,False,False
2024-11-29 00:00:00+00:00,9.51,9.8,8.64,9.64,1821974,,,10.027460608139943,8.498510250977832,9.157802959829008,9.31500361145126,9.934646459559952,10.404119357312496,10.558089588575719,10.713644695059699,10.771618638448805,10.774928365734487,10.734529640876532,,,8.726208649141114,8.917451194200343,9.292004054241989,9.273199738471186,9.34443173919912,10.348010777674991,10.487015825008985,10.767977302052412,,9.934646459559952,9.248671926521176,#000000,2.464569110595379,9.042407675614808,0.18972579116364624,51.72019686112328,-1.401837356512111,True,False,False,False,True,0.0,0.0,0.0,0.0,0.0,0,0.9343522107858427,1.0451514206359815,False,False,False,False,0.05017811697823663,0.06334571171592203,False,False,False,False,-47458436,-41840504.74613473,False,False,False,False,3304894.7492221184,False,False,False,False
2024-12-06 00:00:00+00:00,8.87,9.57,8.66,9.57,2781382,,,9.843940964685169,8.518692690556659,9.154661016028177,9.310270881473215,9.922113913367541,10.38726033905355,10.54100245134464,10.69559407965959,10.753380232871388,10.756860091870156,10.717402604232445,,,8.743947098395378,8.920625858887105,9.286749918748795,9.268379491465463,9.339355970445395,10.331532831274265,10.470130667781845,10.750145603271042,,9.922113913367541,9.23087378040529,#000000,2.456321009335078,9.006801653131078,-0.05569371943291331,50.40812113465556,-1.401837356512111,True,False,False,False,False,0.0,0.0,0.0,0.0,0.0,0,0.9928022657215728,1.0369275062980177,False,False,False,False,0.03443536507839213,0.04889053839715708,False,False,False,False,-50239818,-42462676.0982729,False,False,False,False,3266116.027057517,False,False,False,False
2024-12-13 00:00:00+00:00,7.7,9.76,7.6,8.87,2266494,,,9.649029386718787,8.513759447465157,9.138510127639316,9.297345533459657,9.904537649795762,10.367078485290143,10.521205582600091,10.675268345406028,10.733034089852636,10.736710962746672,10.698165772633724,,,8.726389346586616,8.908238072005902,9.271551658238351,9.253636601381375,9.326418515937908,10.311532614869337,10.45028263748349,10.730234859099424,,9.904537649795762,9.198941633922882,"rgba(239, 83, 80, 0.5)",2.4293004962130347,8.949354063194114,-0.5142855176383884,47.95965058534623,3.1365860692716723,False,False,False,False,False,0.0,0.0,0.0,0.0,0.0,0,0.9551883489707322,1.0202274813673777,False,False,False,False,-0.03068991057571337,0.009100313910721856,False,False,False,False,-52506312,-43206649.128030464,False,False,False,False,3192069.9509791825,False,False,False,False
2024-12-20 00:00:00+00:00,7.23,8.0,6.79,7.65,3743375,,,9.238927751879695,8.458640242876138,9.080569086129275,9.254633229015653,9.857944795304995,10.318269647167174,10.47435958963525,10.628141297427117,10.686182881160583,10.690323267653628,10.65363231414988,,,8.630578526243053,8.853647193220398,9.220968192192535,9.204034248784613,9.28428472118461,10.262727902777977,10.4028505000978,10.684349525334381,,9.857944795304995,9.108422798683097,"rgba(239, 83, 80, 1.0)",2.3700288742681725,8.79544842855482,-0.6605187158482217,45.65990062320574,0.8829074049261862,False,False,False,True,False,0.0,0.0,0.0,0.0,0.0,0,0.9384557117833642,1.0637535703577459,False,False,False,False,-0.22680373650769806,-0.1088517112984881,False,False,False,False,-56249687,-44172800.081509694,False,False,False,False,3232907.3620177615,False,False,False,False
2024-12-27 00:00:00+00:00,7.8,8.04,7.08,7.17,1309643,,,9.145387215832818,8.445408122701572,9.064513375525413,9.242399862328375,9.843936063507403,10.303245990147436,10.459832000855457,10.613442271480507,10.671538022434836,10.675818539284037,10.639715049514567,,,8.607193792095869,8.839044499244304,9.206614815699506,9.189978369005583,9.272172730487105,10.247743627703862,10.388187971772373,10.670002012650336,,9.843936063507403,9.085664884642792,"rgba(239, 83, 80, 0.5)",2.307750942891024,8.759258407468641,-0.41566808169816405,44.98713940019959,0.2006016677130944,False,False,False,True,False,0.0,0.0,0.0,0.0,0.0,0,0.9417922358353283,1.0403699009529177,False,False,False,False,-0.2009616408112034,-0.15490667605484576,False,False,False,False,-54940044,-44970373.70510157,False,False,False,False,3090443.3352016313,False,False,False,False
2025-01-03 00:00:00+00:00,7.99,8.18,7.46,7.69,1129764,,,9.084435005356415,8.437586942517092,9.05320148919565,9.233531498544759,9.83327533539417,10.291560305177095,10.44846071483644,10.601877890214265,10.659994763893106,10.664383249963114,10.628751272145161,,,8.59261373421021,8.829158139032385,9.19627977075376,9.179875133562794,9.263361144185982,10.236115018351128,10.37674234868582,10.658691613533321,,9.83327533539417,9.07033181927532,"rgba(239, 83, 80, 0.5)",2.2143017771659665,8.735948455279026,-0.3368775037672361,44.826961289561766,-0.03958456911880859,False,False,False,True,False,0.0,0.0,0.0,0.0,0.0,0,0.9538132251886899,1.0650155296995447,False,False,False,False,-0.1607584330301269,-0.15783255454248635,False,False,False,False,-53810280,-45625181.57879775,False,False,False,False,2945207.828890399,False,False,False,False
2025-01-10 00:00:00+00:00,7.27,8.188,6.66,7.95,2659847,,,8.910494716015387,8.40419009854511,9.016349446727993,9.205511236315676,9.802277690070357,10.258837491632137,10.4169102542646,10.570068934302487,10.628337309659372,10.633024775774581,10.598614414199004,,,8.537862881083926,8.794763642545897,9.163515129082215,9.147725622987455,9.235665977119172,10.20342956229273,10.344852863332259,10.627662157026514,,9.802277690070357,9.021835644049318,"rgba(239, 83, 80, 1.0)",2.1204170505984115,8.66182783454758,-0.6563934364491113,43.76904568147519,-1.1811118599636004,False,True,False,True,False,0.0,0.0,0.0,0.0,0.0,0,0.9039909333765078,1.0923500364283982,False,False,False,False,-0.22224110497901492,-0.19003682976075065,False,False,False,False,-56470127,-46428510.86925718,False,False,False,False,2924069.9897133326,False,False,False,False
2025-01-17 00:00:00+00:00,6.71,7.26,6.465,7.19,2800727,,,8.707633064285362,8.353282953266799,8.966591741380675,9.168148761645142,9.763127195115983,10.218620210979898,10.378386239679136,10.531486555958224,10.590023963583935,10.595073216729581,10.562063884086383,,,8.45996941859267,8.746649554258282,9.119847790275134,9.104771569024622,9.198846142969572,10.163147100341739,10.305796677948011,10.59009326177588,,9.763127195115983,8.958886819081425,"rgba(239, 83, 80, 1.0)",2.025879117370579,8.566883747600778,-0.9165817109615394,42.328034834743285,-2.6862364090416406,False,True,False,True,False,0.0,0.0,0.0,0.0,0.0,0,0.8883728784936249,1.1442202144726843,False,False,False,False,-0.3111960785931603,-0.25061645417695544,False,False,False,False,-59270854,-47379795.5456085,False,False,False,False,2914933.4719567895,False,False,False,False
2025-01-24 00:00:00+00:00,6.38,6.8803,6.21,6.88,2737186,,,8.51624004661104,8.296838440403473,8.913146443213535,9.127912544236308,9.721780643347861,10.17658665862983,10.338200051582467,10.491343150715192,10.550191719497384,10.555612882775222,10.524013028209882,,,8.376766324083235,8.69438237433312,9.072978868614056,9.058614741210611,9.159222772188606,10.121002816580889,10.26501510064607,10.551020100653549,,9.721780643347861,8.893788319824184,"rgba(255, 0, 0, 1.0)",1.9916193058562819,8.471056796357717,-1.0499279607347862,40.905736159780616,-4.157742190391907,False,True,False,True,False,0.0,0.0,0.0,0.0,0.0,0,0.8930310583473129,1.1015254110663617,False,False,False,False,-0.34282825441539394,-0.29672235429617466,False,False,False,False,-62008040,-48463369.208896756,False,False,False,False,2901766.992552583,False,False,False,False
2025-01-31 00:00:00+00:00,5.92,6.41,5.84,6.41,3500526,,,8.271742968009793,8.213284225704896,8.83642639333746,9.070012794938712,9.663510508938847,10.118032107003627,10.282347340678236,10.435715261698698,10.495045927313823,10.500976274410652,10.471256060527235,,,8.257864084895958,8.61849607107343,9.00576042683876,8.992338881606543,9.102248036725957,10.062226228563254,10.20826914230462,10.496903496358275,,9.663510508938847,8.803168439207035,"rgba(255, 0, 0, 1.0)",1.9690156501741243,8.34034683742102,-1.229216658185009,39.35221968486124,-5.741108074695688,False,True,False,True,False,0.0,0.0,0.0,0.0,0.0,0,0.9189890971352563,1.111787970765323,False,False,False,False,-0.34282825441539394,-0.3197753043557843,False,False,False,False,-65508566,-49725976.37860811,False,False,False,False,2946119.511622762,False,False,False,False
2025-02-07 00:00:00+00:00,5.91,6.24,5.76,5.9,2656372,,,8.110291360039342,8.15153869223352,8.779171635309734,9.026289570494258,9.619480861120993,10.073772178650863,10.240076954992428,10.393607437382748,10.453293858051204,10.459601436512905,10.431275869432138,,,8.172219561751739,8.561909824784907,8.95527659495284,8.942538207092575,9.05919893086285,10.017805065302543,10.165340608432038,10.455914255987523,,9.619480861120993,8.737791523864276,"rgba(255, 0, 0, 1.0)",1.8687007771696875,8.248989859702377,-1.2516663386018299,38.230688304316494,-6.900825915683754,False,True,False,True,False,0.0,0.0,0.0,0.0,0.0,0,0.9568389909915227,1.0608680896273397,False,False,False,False,-0.34282825441539394,-0.33130177938558913,False,False,False,False,-68164938,-51091825.387600094,False,False,False,False,2924656.7329840385,False,False,False,False
2025-02-14 00:00:00+00:00,6.25,6.3,5.815,6.09,4512109,,,7.898580730739655,8.060874401565448,8.691965877381223,8.958330526603769,9.550060437644445,10.003418461504829,10.172628605335543,10.326265283102577,10.386452854095136,10.39334414768428,10.367223311957295,,,8.049628582480132,8.47645167168763,8.877433869655382,8.865735288659124,8.99218591825631,9.947267472996035,10.096946929507073,10.39026279603527,,9.550060437644445,8.642124730467312,"rgba(255, 0, 0, 1.0)",1.752984667144366,8.121383846618215,-1.067541480363729,38.185022460660676,-7.0493010076040505,False,True,False,True,False,0.0,0.0,0.0,0.0,0.0,0,0.9527651818262648,1.04482676861978,False,False,False,False,-0.3341791059494889,-0.332740442667539,False,False,False,False,-63652829,-52022270.09962972,False,False,False,False,3042245.789800036,False,False,False,False
2025-02-21 00:00:00+00:00,6.37,6.75,5.95,6.3,3694926,,,7.774936236463527,8.000741073427005,8.63085429475078,8.909421085312333,9.498990234192274,9.95102155642937,10.122129206107937,10.275675342424636,10.336166911939687,10.343478377435334,10.318997946181996,,,7.970614726872625,8.417355548753203,8.82197445555545,8.811013965099178,8.943854381979595,9.894812323814788,10.045849833715897,10.340843625239133,,9.498990234192274,8.577975600240597,"rgba(255, 0, 0, 1.0)",1.7248126886160164,8.04091189637909,-0.9687497705735358,38.42219585381398,-7.0493010076040505,False,True,False,True,False,0.0,0.0,0.0,0.0,0.0,0,0.9657241419978773,1.0224820143884894,False,False,False,False,-0.2908893423603062,-0.3118148925139226,False,False,False,False,-59957903,-52610094.75891641,False,False,False,False,3090592.47203707,False,False,False,False
2025-02-28 00:00:00+00:00,6.21,6.5,5.5636,6.37,3975550,,,7.6412032065307365,7.930896856888081,8.561305754235349,8.853546899277367,9.441344114554763,9.892259688298825,10.065539348822199,10.2190728749973,10.279927832286287,10.287701102019826,10.26499794474606,,,7.880749582462104,8.349612927136528,8.758826536826609,8.748654642397062,8.888656897548318,9.835950279789373,9.988563053967619,10.285551995433089,,9.441344114554763,8.505479741785692,"rgba(255, 0, 0, 1.0)",1.6795658490935812,7.950615643254363,-1.036348556499722,38.353970422729894,-7.196447224583167,False,True,False,True,False,0.0,0.0,0.0,0.0,0.0,0,0.9473984535542611,1.0260028241956278,False,False,False,False,-0.3380388722457992,-0.3249268823798609,False,False,False,False,-63933453,-53448862.03603371,False,False,False,False,3156144.8815158056,False,False,False,False
2025-03-07 00:00:00+00:00,5.78,6.36,5.37,6.31,4475555,,,7.493092548288956,7.848073826603419,8.479819314825532,8.787681516044083,9.373981243761184,9.823923267046288,9.99974364337585,10.153338421798646,10.214631936228745,10.2229301907772,10.202225495877338,,,7.776338502141302,8.26984169919514,8.684684320315696,8.675383338967602,8.823592377826326,9.767469293034896,9.921941111473048,10.221328685994811,,9.373981243761184,8.421248868796924,"rgba(255, 0, 0, 1.0)",1.6959584496865083,7.846836644057205,-1.2186835381723247,37.67429359368371,-8.043142873978212,False,True,False,True,False,0.0,0.0,0.0,0.0,0.0,0,0.9634792135857325,1.0218408624634345,False,False,False,False,-0.34282825441539394,-0.3338775683976274,False,False,False,False,-68409008,-54557020.99632751,False,False,False,False,3253878.9643664863,False,False,False,False
2025-03-14 00:00:00+00:00,6.05,6.1,5.34,5.68,3674087,,,7.388109054821663,7.784615222566916,8.416321125215616,8.735605430756616,9.320434118495285,9.769431120868678,9.94715730454707,10.100750361980776,10.162366833901821,10.171071856260856,10.151932273386045,,,7.698008270134664,8.207875518509287,8.626437890805137,8.617798486915612,8.772102550769526,9.712887828093704,9.868740179938525,10.169897858151211,,9.320434118495285,8.356730766899032,"rgba(255, 0, 0, 1.0)",1.7204233398987792,7.769652016508132,-0.9995516665155845,37.87389850286952,-8.043142873978212,False,True,False,True,False,0.0,0.0,0.0,0.0,0.0,0,0.9539040692463314,1.062010002085292,False,False,False,False,-0.34282825441539394,-0.3383529114065107,False,False,False,False,-64734921,-55310939.51511807,False,False,False,False,3285005.485524524,False,False,False,False
2025-03-21 00:00:00+00:00,6.98,7.03,5.95,6.04,4769562,,,7.332456842883826,7.740246455649196,8.363132442914285,8.689074834742673,9.269127038517842,9.715199883066804,9.894100574185648,10.047160006599306,10.108894843182592,10.117977066103581,10.100457680125288,,,7.646139656946128,8.158257794011126,8.575523947598324,8.567508873596799,8.725827057626308,9.658803738154427,9.815371551800952,10.11723287839697,,9.269127038517842,8.30672949444865,"rgba(239, 83, 80, 1.0)",1.7332524444050377,7.719275187372569,-0.4265248202931769,40.154574860226724,-8.043142873978212,False,True,False,True,True,0.0,0.0,0.0,0.0,0.0,0,0.9541889813592784,1.033812894711009,False,False,False,False,-0.2363877374967906,-0.28737032445165067,False,False,False,False,-59965359,-55655711.32881303,False,False,False,False,3394972.6347449296,False,False,False,False
2025-03-28 00:00:00+00:00,6.34,7.49,6.228,7.12,4515778,,6.686,7.2892010937654135,7.7025006859764815,8.316556686914856,8.647573711302721,9.222920982889434,9.666095227855221,9.845909257403001,9.99840819596674,10.060213176298445,10.069623943216579,10.053547555615161,,,7.603031277747906,8.115071843871453,8.53046195209853,8.522984927876257,8.684500824847676,9.60986832839803,9.766955472945119,10.069260325355392,,9.222920982889434,8.00978830044013,"rgba(239, 83, 80, 1.0)",1.7476712948821231,7.32018326437245,-0.5608510406063296,40.70697816278549,-8.043142873978212,False,True,False,True,True,0.0,0.0,0.0,0.0,0.0,0,0.9627596510854336,1.053519064308359,False,False,False,False,-0.1873165780153998,-0.23734345123352524,False,False,False,False,-64481137,-56309446.56371577,False,False,False,False,3477995.2543934532,False,False,False,False
2025-04-04 00:00:00+00:00,4.74,6.29,4.5,6.24,4070973,,5.970426059635361,7.169019961404193,7.623523732823304,8.239867581038009,8.583933090042313,9.158707754261439,9.601432992570167,9.783522689216175,9.936173983253987,9.998391617034546,10.008256804306455,9.99388432581882,,5.176666666666667,7.508643208492546,8.039370994895005,8.459875370788836,8.453088840004932,8.621582560864011,9.54504330161382,9.703812846876573,10.008361658356515,5.176666666666667,9.158707754261439,7.522441550579117,"rgba(255, 0, 0, 1.0)",1.8037142159923716,6.456188974049692,-0.95147499467119,38.93216344563231,-8.043142873978212,False,True,False,True,True,0.0,1.0,6.29,4.5,0.0,0,0.8588595134047732,1.0950465048970393,True,False,False,False,-0.34282825441539394,-0.2900858528244596,False,False,False,False,-68552110,-57216310.52195905,False,False,False,False,3521919.53184579,False,False,False,False
2025-04-11 00:00:00+00:00,5.36,5.645,4.53,4.7,6427818,,5.63132688976953,7.004944389067593,7.50848474335759,8.126185935450751,8.488113153071923,9.0614078516777,9.503080422545205,9.688376648608426,9.841148770891735,9.903936130191612,9.914467397524952,9.902627183836909,,5.177687072730564,7.373792932831187,7.92754009431762,8.354331929656244,8.348535494856943,8.526753175708643,9.446498929251792,9.607611547304986,9.915265627506825,5.177687072730564,9.0614078516777,7.394094263510995,"rgba(239, 83, 80, 1.0)",1.8336496860554292,6.296937821099719,-0.5109688225755221,38.96856490958655,-8.043142873978212,False,True,False,True,True,0.0,0.0,0.0,0.0,0.0,0,0.8614521655628905,1.1210078912027441,False,False,False,False,-0.34282825441539394,-0.31645705361992676,False,False,False,False,-62124292,-57579864.705517635,False,False,False,False,3737171.270227583,False,False,False,False
2025-04-18 00:00:00+00:00,6.1,6.66,5.04,5.4,7444741,,5.7314350298977725,6.911561518021002,7.4270896629319605,8.035766967205857,8.407487174840004,8.975283378468141,9.413453345987302,9.600621168233276,9.752796581930326,9.815816928830609,9.826899066513633,9.81737783000132,,5.491203424907278,7.283313167403329,7.841169606752872,8.267385865735545,8.262410549323743,8.446585988138473,9.357012623818818,9.519321607098924,9.828314959502203,5.491203424907278,8.975283378468141,7.365882296701936,"rgba(239, 83, 80, 1.0)",1.8555120028695034,6.354378285057345,-0.1370933115301631,40.41913599915924,-8.043142873978212,False,True,False,True,True,0.0,0.0,0.0,0.0,0.0,1,0.8655613611291428,1.1262800935040245,False,False,False,False,-0.2485637122829631,-0.2825103829514449,False,False,False,False,-54679551,-57365026.65325707,False,False,False,False,4011806.0650255396,False,False,False,False
2025-04-25 00:00:00+00:00,6.55,6.77,5.8296,5.95,3117383,,5.8108745820631835,6.89296049700274,7.404980413810204,8.007718106089222,8.381085427628847,8.94573996283983,9.381926594502607,9.56944099759402,9.721194949728046,9.784211421355188,9.79547052023321,9.786768563849371,,5.623234486200307,7.260245013672976,7.81519921292625,8.239470886373649,8.23476313215771,8.420219063295287,9.32562889782369,9.488080626167374,9.797099455798726,5.623234486200307,8.94573996283983,7.367053175792509,"rgba(239, 83, 80, 0.5)",1.863883836228792,6.396828644734801,0.08217859519352427,42.26435698550202,-11.498257428162233,False,True,False,True,True,0.0,0.0,0.0,0.0,0.0,1,0.8508786077033629,1.1501679085086787,False,False,False,False,-0.19501694090056648,-0.2387636619260057,False,False,False,False,-51562168,-56935185.27153432,False,False,False,False,3945552.5046532773,False,False,False,False
2025-05-02 00:00:00+00:00,6.33,6.8,5.975,6.5,2632066,,5.862889214313421,6.8778164478115436,7.386768343057134,7.984556740107317,8.359162370087077,8.921173536741648,9.355684818739002,9.543461043258715,9.69485417967708,9.757861261328914,9.769264351320377,9.761235199150315,,5.706007917799227,7.24135435777556,7.793761326747423,8.216354122632257,8.21186311050182,8.398317342736547,9.29951091418859,9.462059846887668,9.77106782925508,5.706007917799227,8.921173536741648,7.364053395083279,"rgba(239, 83, 80, 0.5)",1.8727641756659221,6.422016984424938,-0.04913431473144155,43.23647970002623,-10.52571418341497,False,True,False,True,True,0.0,0.0,0.0,0.0,0.0,1,0.8445855797230534,1.1603222440751662,False,False,False,False,-0.18471307840050535,-0.21173837016325553,False,False,False,False,-54194234,-56732151.84401326,False,False,False,False,3848257.2080122936,False,False,False,False
2025-05-09 00:00:00+00:00,6.71,6.76,6.01,6.42,3295371,,5.928834449650464,6.864405568956636,7.367539645082311,7.958637715092117,8.33406040185058,8.89254265523775,9.32481529538811,9.512779798415101,9.663670608806257,9.726633955200956,9.738198997187562,9.730958066598735,,5.802143070546385,7.222031107926376,7.770076791493716,8.190108721441169,8.18586342041087,8.373195093702622,9.26882127387229,9.43137902648855,9.740204973956837,5.802143070546385,8.89254265523775,7.362370089245063,"rgba(239, 83, 80, 0.5)",1.8558007232255105,6.454353549269966,0.13775533522031555,44.638947310616985,-9.140837772397603,False,False,False,True,True,0.0,0.0,0.0,0.0,0.0,1,0.8390288071363895,1.1762485514455734,False,False,False,False,-0.1625958011574132,-0.18716708566033435,False,False,False,False,-50898863,-56300056.37408635,False,False,False,False,3807302.674085457,False,False,False,False
2025-05-16 00:00:00+00:00,6.84,7.05,6.61,6.94,5209162,,6.057171652806292,6.862781863892418,7.349963241972478,7.928546605977304,8.302809537462464,8.854858624599922,9.283052760072911,9.47084135662146,9.620753009477689,9.68353631699009,9.695297806360308,9.689132963785633,,5.968976979887329,7.206781447143097,7.743862626523709,8.158207961432188,8.154272841275878,8.341750059628131,9.227432521464316,9.389618153705463,9.69757302010291,5.968976979887329,8.854858624599922,7.373337475837316,"rgba(239, 83, 80, 0.5)",1.8523193350280946,6.523927985932284,0.17063581213599008,45.884343538772825,-7.917958270720305,False,False,False,True,True,0.0,0.0,0.0,0.0,0.0,1,0.8878414722650201,1.1463106053843857,False,False,False,False,-0.059948405877734715,-0.12355774576903453,False,False,False,False,-45689701,-55514104.12415403,False,False,False,False,3911144.1056346823,False,False,False,False
2025-05-23 00:00:00+00:00,6.94,7.02,6.525,6.75,2618197,,6.108505920839492,6.86190024579461,7.341477403491397,7.913955727644639,8.287537017797233,8.836388621181692,9.262544827798042,9.450215366252522,9.59963198318553,9.662318924723369,9.674173220025638,9.668527736865984,,6.033601948382825,7.199463176536022,7.731164018210158,8.14267565243959,8.138887746805185,8.326374583796776,9.207114319744392,9.36909138684786,9.676577767860408,6.033601948382825,8.836388621181692,7.375916885794115,"rgba(239, 83, 80, 0.5)",1.8394836036039928,6.550867822888237,0.21154424880404454,46.96876641065717,-6.850668177578946,False,False,False,False,True,0.0,0.0,0.0,0.0,0.0,1,0.9018112973843784,1.1034803093434098,False,False,False,False,-0.06096471570561209,-0.09226123073732331,False,False,False,False,-43071504,-54592430.04088336,False,False,False,False,3815370.2459580395,False,False,False,False
2025-05-30 00:00:00+00:00,7.35,7.46,7.0,7.04,2763152,,6.184748041251458,6.8726328282997144,7.34027095007656,7.905067263243541,8.276534200133645,8.821465504775828,9.245130040898811,9.432402350342125,9.581183055542416,9.643703032472661,9.655622105463225,9.650433161017832,,6.124513579985997,7.200873915088362,7.7245108184507,8.132049888191032,8.12837644029333,8.315168373961265,9.18995380547992,9.351486279338284,9.658135442627698,6.124513579985997,8.821465504775828,7.388957792501434,#000000,1.829422958301432,6.5956920911563826,0.41232012827912184,48.54101966830926,-5.317836138238604,True,False,False,False,True,0.0,0.0,0.0,0.0,0.0,1,0.9292379815134227,1.0892566369546601,False,False,False,False,0.02110181930689136,-0.03557970571521597,False,False,False,False,-40308352,-53534350.18600311,False,False,False,False,3737428.1536648516,False,False,False,False
2025-06-06 00:00:00+00:00,7.93,8.08,7.39,7.48,3674498,,6.314425815874171,6.903969574392403,7.35036340183043,7.903173472394235,8.269778964478805,8.80868613904269,9.228526844357967,9.414856867122275,9.56262058046534,9.624819728351476,9.63677462239174,9.632053602394294,,6.273751638416403,7.216395724313836,7.72593183768865,8.126759005629495,8.12317735209102,8.308001999982066,9.173769938687093,9.334373066924577,9.639390549595266,6.273751638416403,8.80868613904269,7.420772678710945,#000000,1.8203820210886246,6.677135688249203,0.6882425212052791,50.717407542036135,-3.2303567246488,True,False,False,False,True,0.0,0.0,0.0,0.0,0.0,0,0.9420867402934542,1.0538633814053888,False,False,False,False,0.15768228274562726,0.061051288515205644,False,False,False,False,-36633854,-52282461.579632506,False,False,False,False,3732766.660800788,False,False,False,False
2025-06-13 00:00:00+00:00,7.91,8.41,7.78,7.97,2320827,,6.397380479993131,6.927569429815837,7.359703698535717,7.904638582220095,8.267680742946707,8.802607428611527,9.219916358378198,9.405541438224459,9.552620306555003,9.614590701168423,9.626553832443793,9.622086638269062,,6.3674696144408545,7.229548239557221,7.729543714442917,8.125828140232569,8.122287807457104,8.30560975822552,9.1654443357961,9.32537179674992,9.629222141185208,6.3674696144408545,8.802607428611527,7.443165044964215,#000000,1.8121268376346285,6.730491940951761,0.6508970754982322,52.226118460150865,-1.8105401579939553,True,False,False,False,True,0.0,0.0,0.0,0.0,0.0,0,1.0008634795635976,1.0513770340340471,False,False,False,False,0.34282822978837535,0.2019397591517905,False,False,False,False,-38954681,-51295218.5737338,False,False,False,False,3628178.5377785075,False,False,False,False
2025-06-20 00:00:00+00:00,7.86,8.59,7.72,7.79,3001304,,6.494853536920625,6.95727881387743,7.371815877188167,7.906819844359982,8.265286638208588,8.795120517600578,9.209178882691814,9.393881054903137,9.540075874090356,9.60174818800254,9.613718659236243,9.609566730186877,,6.4763207215774905,7.246417868802886,7.734439876793241,8.124948324086203,8.121458216212979,8.302837082845947,9.15507441710812,9.314121272195768,9.616451173994692,6.4763207215774905,8.795120517600578,7.46996397180276,#000000,1.8121518938782395,6.793717735294608,0.588406671817896,53.182232925874786,-0.9117001490422751,True,False,False,False,True,0.0,0.0,0.0,0.0,0.0,0,1.0337392264515535,0.9671371170926428,False,False,False,False,0.3428282302700774,0.27238399471093394,False,False,False,False,-41955985,-50603423.49419796,False,False,False,False,3581743.3868319513,False,False,False,False
2025-06-27 00:00:00+00:00,9.65,10.0,7.835,7.97,7545786,,6.838035861405911,7.094059515271933,7.446745115880134,7.95050954048753,8.29014677535295,8.804142424140885,9.2081012632418,9.388941508639576,9.532262688625288,9.592812612147638,9.604613667468206,9.600737967993245,,6.85072144872977,7.339837876700875,7.786199317620612,8.157078295125142,8.15350218312115,8.326231183895626,9.155225865705718,9.310796431016469,9.607351205680478,6.85072144872977,8.804142424140885,7.590683592969602,"rgba(38, 166, 154, 0.5)",1.8180366402317718,7.030663675527123,1.4407500192839635,56.72922051152595,2.4614285013479247,True,False,True,False,True,2.4162405230951265,0.0,0.0,0.0,0.0,0,1.0247637043172084,0.9117662972227194,False,False,False,False,0.34282823507707566,0.3076061148940048,False,False,False,False,-34410199,-49403925.383516625,False,False,False,False,3875376.1729925475,False,False,False,False
2025-07-04 00:00:00+00:00,9.36,9.94,8.77,9.94,2737633,,6.950380003912253,7.143873174524262,7.475319325042733,7.968050018299098,8.300771141774097,8.80903267125618,9.209313784917743,9.3886943396059,9.530957086950531,9.591085767963582,9.60281496738596,9.59900491674484,,6.971377265103324,7.37490791411053,7.806594113178406,8.170416475613623,8.166800441808153,8.336314886643674,9.1568909835831,9.311156519588192,9.605544484434814,6.971377265103324,8.80903267125618,7.632848987336646,"rgba(38, 166, 154, 0.5)",1.8191999231421387,7.110134589412592,1.2367334573659279,58.556410136537764,4.122267196591757,True,False,True,False,True,1.6644941196383556,0.0,0.0,0.0,0.0,0,1.0469826899428445,0.9215593350519464,False,False,False,False,0.34282823705962123,0.325217175976813,False,False,False,False,-37147832,-48496066.61436725,False,False,False,False,3791098.9009190253,False,False,False,False
2025-07-11 00:00:00+00:00,10.39,10.52,8.91,9.25,7765261,,7.286150850730053,7.308222985858611,7.575653890116571,8.035438159361782,8.345816820344178,8.836730262616214,9.225846501573749,9.400415490018451,9.539405627632618,9.598175929511235,9.609613313381557,9.60573721801458,,7.3280879142859,7.4954786368233695,7.882388097619964,8.224520637110283,8.220702053147521,8.37962691380838,9.174831520871763,9.32485389860142,9.612244781337688,7.3280879142859,8.836730262616214,7.770246004539824,"rgba(38, 166, 154, 1.0)",1.8335493861228158,7.354485096924483,1.6555403012592709,61.18310428258049,6.54723505935582,True,False,True,False,True,4.157627591522811,0.0,0.0,0.0,0.0,0,1.0851008383857714,0.8985304836089272,False,False,False,False,0.34282823840982724,0.3340227071933201,False,False,False,False,-29382571,-47080252.124414116,False,False,False,False,4085481.2786287274,False,False,False,False
2025-07-18 00:00:00+00:00,11.32,11.69,9.98,10.43,10988791,,7.79500800104422,7.591459799689168,7.761997148200593,8.172035781957002,8.445042505014904,8.909078930182995,9.280787171281135,9.447038378805628,9.580789605095504,9.637267078540964,9.648090586298583,9.64354203001707,,7.861240479368597,7.71384231716609,8.03146466680708,8.339487910658343,8.335190223857325,8.475966432174458,9.232039937805192,9.374844906113012,9.650410824925968,7.861240479368597,8.909078930182995,8.00467688337633,"rgba(0, 255, 255, 0.75)",1.8637319723782355,7.740387649317019,1.9206690681574659,64.05643685925611,9.181421031722152,True,False,True,False,True,6.3091687447907105,0.0,0.0,0.0,0.0,0,1.132146826316265,0.8201389407047569,False,False,False,False,0.34282824152878927,0.3384254743610547,False,False,False,False,-18393780,-44955328.263346404,False,False,False,False,4596837.554285859,False,False,False,False
2025-07-25 00:00:00+00:00,11.63,12.045,11.0,11.6,7653820,,8.12313484499425,7.792857602203103,7.900762199501408,8.277447917814003,8.524148489804801,8.969477379764214,9.32896309171145,9.489133210295623,9.619146449518523,9.673954350957116,9.684299612840466,9.67911720482384,,8.201074470883945,7.8738955775350465,8.145260362883503,8.429856884142161,8.425192791183315,8.553023371167507,9.281830539303282,9.419393213668691,9.686355756328943,8.201074470883945,8.969477379764214,8.169363114094555,"rgba(0, 255, 255, 0.75)",1.8973991967194768,7.997740623904086,1.9143358879754657,66.41457863026474,11.30367742800967,True,False,True,False,True,7.011504312314159,0.0,0.0,0.0,0.0,0,1.179574902859266,0.7943132033995387,False,False,False,False,0.34282824290556324,0.340626858633309,False,False,False,False,-10739960,-42420856.540135555,False,False,False,False,4823280.698412832,False,False,False,False
2025-08-01 00:00:00+00:00,9.59,13.25,9.0233,12.76,11306571,10.6211,8.408165300005185,7.990175900522374,8.040126534125712,8.38048315224357,8.600011092355004,9.023289495493426,9.368115737801823,9.521519381803445,9.647055698819745,9.69994158599833,9.709816887134604,9.70428019525459,,8.490396878406505,8.03306115021595,8.257899617298838,8.517116679524943,8.512186288228136,8.626677525891974,9.32287783726606,9.45455213541904,9.71166625276206,8.490396878406505,9.023289495493426,8.525071150057123,#000000,1.8988135223851752,8.877459519733517,0.37525563825321445,63.805200886204105,11.30367742800967,True,False,True,False,True,1.7425490759311622,0.0,0.0,0.0,0.0,0,1.1028394161821296,0.7630146971571936,False,False,False,False,0.2990310401463318,0.3198289493898204,False,False,False,False,-22046531,-40911647.24086626,False,False,False,False,5303524.424456326,False,False,False,False
2025-08-08 00:00:00+00:00,10.14,10.37,9.5,9.66,4762391,10.438011234625277,8.48131602197784,8.047646301019226,8.081594927858923,8.40998821959623,8.621074224131231,9.036557004411215,9.376120740649172,9.527256543227853,9.651187291621854,9.703407764557717,9.713146237124688,9.707607576529043,,8.562930637090405,8.079997300081288,8.290718299780416,8.541634155745083,8.536660027398012,8.647023739116271,9.331550247390425,9.461232668341031,9.714955255547158,8.562930637090405,9.036557004411215,8.54704971251727,"rgba(38, 166, 154, 0.5)",1.904746796915633,8.882476048678187,0.6602053109411333,62.63260023695001,11.30367742800967,True,False,True,False,False,3.014876624127151,0.0,0.0,0.0,0.0,0,1.120125144300748,0.8567867360425626,False,False,False,False,0.1687636293139745,0.24429628935189746,False,False,False,False,-17284140,-39161461.51932061,False,False,False,False,5263440.467089191,False,False,False,False
2025-08-15 00:00:00+00:00,9.61,10.3,9.58,10.27,4183467,10.312416673316898,8.533541462230895,8.091249176647906,8.113445703136675,8.432310582164517,8.63680636273681,9.045881744801381,9.381090202420127,9.530390439833559,9.652990462636764,9.704665614124186,9.714299093147847,9.708792242514921,,8.614136039102577,8.1158677529617,8.315729387199598,8.560037461777906,8.55504178794037,8.662185284232446,9.337068957089748,9.465134388496136,9.716083684074157,8.614136039102577,9.045881744801381,8.564377602647905,#000000,1.9084138690272345,8.88783583782457,0.37841066547244,60.852716782431315,16.512724298999572,True,False,True,False,False,1.704918404146838,0.0,0.0,0.0,0.0,0,1.1200179279892435,0.8622200826679504,False,False,False,False,0.16929124131664558,0.20679376533427152,False,False,False,False,-21467607,-37850805.62900057,False,False,False,False,5183442.432489991,False,False,False,False
2025-08-22 00:00:00+00:00,9.25,9.5887,8.88,9.55,4858564,10.104837848389083,8.563926444542323,8.122973174587926,8.136777175664314,8.446784092854692,8.64578044045318,9.048489704804583,9.379313225773746,9.526935652063305,9.64820472453458,9.699359755729805,9.708921288157137,9.703576214891678,,8.642174026628547,8.141995526346928,8.332839879083519,8.571126421740672,8.566157190799867,8.67065336710922,9.335831147570314,9.462396295505453,9.710716605023581,8.642174026628547,9.048489704804583,8.562959178063789,#000000,1.9083663595238116,8.85847787353697,0.20516088250514206,58.958518162171586,14.73995621305383,True,False,True,False,False,0.8224917325786585,0.0,0.0,0.0,0.0,0,1.0918021330759888,0.8998352772832399,False,False,False,False,0.09560819673410112,0.15120098103418633,False,False,False,False,-26326171,-36997128.98981534,False,False,False,False,5159377.363416659,False,False,False,False
2025-08-29 00:00:00+00:00,8.92,9.43,8.73,9.18,4228052,9.949462517623415,8.580631216517814,8.14418910093662,8.15253749853689,8.45569272930134,8.650652158853124,9.048236953488352,9.375501642044995,9.521816937857642,9.64200602558145,9.69274719869511,9.702261280578561,9.697090763415003,,8.656610711696912,8.159541070338175,8.343845296222218,8.57750491133364,8.572573908578624,8.675139923047778,9.332452916550332,9.457841622948722,9.704076976661185,8.656610711696912,9.048236953488352,8.559258896108565,#000000,1.9086150159943944,8.83272338669369,0.04572772013995629,57.03893912157228,12.92798943452641,True,False,True,False,False,0.015274397900665093,0.0,0.0,0.0,0.0,0,1.1004591787107445,0.8959787483103633,False,False,False,False,0.07965521619315302,0.11542809861366968,False,False,False,False,-30554223,-36519876.694273464,False,False,False,False,5090390.299459869,False,False,False,False
2025-09-05 00:00:00+00:00,8.92,9.21,8.5,8.68,3067033,9.847929086853194,8.588185595220583,8.156454437354444,8.161722501219202,8.460332445504317,8.65272989526324,9.046807516744579,9.371620951337327,9.517063752194282,9.636508916116384,9.68696919536193,9.696456193592432,9.691428133428666,8.876666666666667,8.66244543273609,8.169711861972859,8.349906329118665,8.580512970583422,8.57561683107287,8.676965522708143,9.328868567751488,9.453467968887054,9.698291916634506,8.66244543273609,9.046807516744579,8.585386732722945,#000000,1.9037480812220822,8.993806695369134,-0.03876915023428678,55.667811235429916,11.622219331666344,True,False,True,False,False,0.015274397900665093,0.0,0.0,0.0,0.0,0,1.100179114989114,0.8977013012077565,False,False,False,False,0.0564701995663074,0.08594914908998855,False,False,False,False,-30554223,-36077976.42062358,False,False,False,False,4940511.98098136,False,False,False,False
2025-09-12 00:00:00+00:00,8.56,9.235,8.55,8.89,5119264,9.702467952289416,8.59608997044371,8.173453692597542,8.174575551338826,8.466136955262154,8.654678423598021,9.043170956723156,9.364058604930529,9.508130146928268,9.626381940556975,9.676395536396756,9.68584449727321,9.68106665488054,8.817258844057738,8.667498121153455,8.183863503521017,8.357951369478126,8.583833207967066,8.579001782151792,8.678525060229415,9.321778960351288,9.445134108303558,9.687718169883357,8.667498121153455,9.043170956723156,8.572312916810905,#000000,1.8892181804474932,8.945828721986079,-0.2042266615784356,54.03478122239292,10.035497573789122,True,False,True,False,False,0.0,0.0,0.0,0.0,0.0,0,1.1031497907268044,0.8877664287096348,False,False,False,False,0.06032949048182945,0.073139319785909,False,False,False,False,-35673487,-36048014.24131813,False,False,False,False,4953752.871279038,False,False,False,False
2025-09-19 00:00:00+00:00,9.5,9.63,8.56,8.61,9828623,9.60440416010993,8.642194919866693,8.225871273317345,8.214978585371668,8.491740651833402,8.670900418182535,9.047964486066602,9.360838580392846,9.501791081891719,9.617566874236497,9.666605023494121,9.67591335376005,9.671414463951873,9.042443147864844,8.70982385415243,8.228336311507098,8.388070763089992,8.60368142767509,8.598906631328473,8.693857449179124,9.31955138679078,9.440129415866135,9.677800563355785,8.70982385415243,9.047964486066602,8.615154509478849,#000000,1.8793085080604703,8.999716520498474,0.26620614835498235,54.42904848340004,10.035497573789122,True,False,True,False,False,1.4601221734422047,0.0,0.0,0.0,0.0,0,1.0828106801226522,0.905895256561321,False,False,False,False,0.08120365163363279,0.07717148570977089,False,False,False,False,-25844864,-35292225.33455382,False,False,False,False,5314854.362295405,False,False,False,False
2025-09-26 00:00:00+00:00,11.99,12.18,9.37,9.47,11685601,9.91625916802471,8.844179308651709,8.390416818366537,8.344053895880863,8.594766300371267,8.752286365715937,9.111076749670984,9.411347194172802,9.546067217115732,9.657814266657512,9.705065677001809,9.713889221338126,9.708842978080876,9.88345992628659,8.912664367193017,8.370345825915312,8.498196992448912,8.69445449656558,8.689445189043616,8.773408301410662,9.371732106917158,9.486956237684556,9.715527226949051,8.912664367193017,9.111076749670984,8.84487970997045,"rgba(0, 255, 255, 0.75)",1.9066112289552848,9.389140692539007,1.3641267123377414,57.723464940923364,10.035497573789122,True,False,True,False,True,7.120933609875845,0.0,0.0,0.0,0.0,0,1.0958379977481765,0.8431691996993267,False,False,False,False,0.25897153608074863,0.16807151089525976,False,False,False,False,-14159263,-33726820.71717947,False,False,False,False,5786761.520643894,False,False,False,False
2025-10-03 00:00:00+00:00,12.44,12.755,11.17,12.0,8078929,10.181719986203008,9.015118024936513,8.52877460965928,8.454425549031646,8.685802254337187,8.82618778796873,9.171454279696489,9.462392990687386,9.592204770438693,9.700925203166237,9.746791781752322,9.755197625185678,9.749531767417297,10.362088210786553,9.085056918399287,8.491106881494957,8.594386792360812,8.77595287703173,8.7707097948755,8.845874893137262,9.424041151528414,9.535085215068653,9.756591904451563,9.085056918399287,9.171454279696489,9.017443210424098,"rgba(0, 255, 255, 0.75)",1.943618646093272,9.66099578508134,1.4298094024280614,60.50251580000476,4.376775979373605,True,False,True,False,True,8.071007025645628,0.0,0.0,0.0,0.0,0,1.2130205808972063,0.785756340653371,False,False,False,False,0.3428282436421924,0.2554498772687261,False,False,False,False,-6080334,-31678932.812203214,False,False,False,False,5956551.704299901,False,False,False,False
2025-10-10 00:00:00+00:00,12.19,12.8999,12.13,12.86,1491122,10.230074974688073,9.047454444534731,8.55513418938778,8.475623973004168,8.703444545918916,8.84062371442378,9.18338527995852,9.472592166753113,9.601479309510744,9.709635096147858,9.755241383010231,9.763566932835786,9.75777631980285,10.43972054606861,9.117668144810958,8.514233890995373,8.612974338823076,8.791818365417493,8.786529795880947,8.860042267678399,9.434475987163319,9.544734328983132,9.764913254817905,9.117668144810958,9.18338527995852,9.048814741364918,"rgba(0, 255, 255, 0.75)",1.9721351670504532,9.708729527525593,1.2581645081586479,61.997991537056265,5.807380683915824,True,False,True,False,True,7.417064071834147,0.0,0.0,0.0,0.0,0,1.2460341481067212,0.7573378951870251,False,False,False,False,0.34282824330266826,0.29913906028569714,False,False,False,False,-7571456,-29893193.78907705,False,False,False,False,5625779.133611019,False,False,False,False
