date,Open,High,Low,Close,Volume,aVWAP_peak_428,aVWAP_peak_291,aVWAP_peak_254,aVWAP_peak_203,aVWAP_peak_140,aVWAP_peak_117,aVWAP_peak_91,aVWAP_peak_60,aVWAP_peak_29,aVWAP_valley_408,aVWAP_valley_378,aVWAP_valley_296,aVWAP_valley_264,aVWAP_valley_235,aVWAP_valley_218,aVWAP_valley_186,aVWAP_valley_166,aVWAP_valley_148,aVWAP_valley_121,aVWAP_valley_100,aVWAP_valley_85,aVWAP_valley_43,aVWAP_OB_bull_296,aVWAP_OB_bull_186,aVWAP_OB_bull_100,Peaks_Valleys_avg,color,StDev,StDev_Mean,StdDev_ZScore,QQEMOD,QQE1_Value,QQE1_Above_Upper,QQE1_Below_Lower,QQE2_Above_Threshold,QQE2_Below_Threshold,QQE2_Above_TL,banker_RSI,OB,OB_High,OB_Low,OB_Mitigated_Index,TTM_squeeze_Active,VI_plus,VI_minus,VI_Regular_Bullish,VI_Regular_Bearish,VI_Hidden_Bullish,VI_Hidden_Bearish,Fisher,Fisher_Signal,Fisher_Regular_Bullish,Fisher_Regular_Bearish,Fisher_Hidden_Bullish,Fisher_Hidden_Bearish,OBV,OBV_Smoothed,OBV_Regular_Bullish,OBV_Regular_Bearish,OBV_Hidden_Bullish,OBV_Hidden_Bearish,Volume_MA,Vol_Regular_Bullish,Vol_Regular_Bearish,Vol_Hidden_Bullish,Vol_Hidden_Bearish
2024-02-16 17:00:00+00:00,74.655,74.77,74.27,74.32,6914.0,,,,,,,,,,,,,,,,,,,,,,,,,,,#000000,,,,,,False,False,False,False,False,,0.0,0.0,0.0,0.0,0,,,False,False,False,False,,,False,False,False,False,0.0,0.0,False,False,False,False,6914.0,False,False,False,False
2024-02-19 17:00:00+00:00,74.32,74.32,74.32,74.32,0.0,,,,,,,,,,,,,,,,,,,,,,,,,,,#000000,,,,,,False,False,False,False,False,,0.0,0.0,0.0,0.0,0,,,False,False,False,False,,,False,False,False,False,0.0,0.0,False,False,False,False,6806.806201550387,False,False,False,False
2024-02-20 17:00:00+00:00,74.245,74.35,73.8,73.87,12175.0,,,,,,,,,,,,,,,,,,,,,,,,,,,#000000,,,,0.0,,False,False,False,True,False,,0.0,0.0,0.0,0.0,0,,,False,False,False,False,,,False,False,False,False,-12175.0,-188.75968992248062,False,False,False,False,6890.034012379064,False,False,False,False
2024-02-21 17:00:00+00:00,74.15,74.44,73.88,74.39,5749.0,,,,,,,,,,,,,,,,,,,,,,,,,,,#000000,,,,18.84057971014507,-78.2608695652176,False,False,False,True,True,,0.0,0.0,0.0,0.0,0,,,False,False,False,False,,,False,False,False,False,-6426.0,-285.4610900787212,False,False,False,False,6872.343562574737,False,False,False,False
2024-02-22 17:00:00+00:00,74.455,75.0,74.44,74.9,8248.0,,,,,,,,,,,,,,,,,,,,,,,,,,,#000000,,,,36.967638914155465,-60.06245831059375,False,False,False,True,True,,0.0,0.0,0.0,0.0,0,,,False,False,False,False,,,False,False,False,False,1822.0,-252.78727472866353,False,False,False,False,6893.671569356524,False,False,False,False
2024-02-23 17:00:00+00:00,75.255,75.39,75.01,75.245,3522.0,,,,,,,,,,,,,,,,,,,,,,,,,,,#000000,,,,51.071361040643026,-45.442239195372366,False,False,True,False,True,,0.0,0.0,0.0,0.0,0,,,False,False,False,False,,,False,False,False,False,5344.0,-166.01537899643617,False,False,False,False,6841.397591537043,False,False,False,False
2024-02-26 17:00:00+00:00,74.855,74.855,74.53,74.55,7176.0,,,,,,,,,,,,,,,,,,,,,,,,,,,#000000,,,,51.518078782343075,-42.84909114561206,False,False,True,False,True,,0.0,0.0,0.0,0.0,0,,,False,False,False,False,,,False,False,False,False,-1832.0,-191.84459792672396,False,False,False,False,6846.585225776778,False,False,False,False
2024-02-27 17:00:00+00:00,74.255,74.95,74.155,74.915,6748.0,,,,,,,,,,,,,,,,,,,,,,,,,,,#000000,,,,54.46221948563044,-37.05096231837665,False,False,True,False,True,,0.0,0.0,0.0,0.0,0,,,False,False,False,False,,,False,False,False,False,4916.0,-112.65320881158097,False,False,False,False,6845.05677266396,False,False,False,False
2024-02-28 17:00:00+00:00,75.265,75.335,75.0,75.09,4029.0,,,,,,,,,,,,,,,,,,,,,,,,,,,#000000,,,,57.51606243503745,-30.81542399242332,False,False,True,False,True,,0.0,0.0,0.0,0.0,0,,,False,False,False,False,,,False,False,False,False,8945.0,27.775523107978415,False,False,False,False,6801.3969777389375,False,False,False,False
2024-02-29 17:00:00+00:00,74.68,75.245,74.68,75.14,7214.0,,,,,,,,,,,,,,,,,,,,,,,,,,,#000000,,,,59.86539337012235,-25.13148165275883,False,False,True,False,True,,0.0,0.0,0.0,0.0,0,,,False,False,False,False,,,False,False,False,False,16159.0,277.87202662568416,False,False,False,False,6807.7939238205045,False,False,False,False
2024-03-01 17:00:00+00:00,74.665,74.71,74.26,74.455,8632.0,,,,,,,,,,,,,,,,,,,,,,,,,,,#000000,,,,55.3001899820206,-25.13148165275883,False,False,True,False,True,,0.0,0.0,0.0,0.0,0,,,False,False,False,False,,,False,False,False,False,7527.0,390.2616076082317,False,False,False,False,6836.076188567473,False,False,False,False
2024-03-04 17:00:00+00:00,74.325,74.42,74.15,74.34,17252.0,,,,,,,,,,,,,,,,,,,,,,,,,,,#000000,,,,51.47089496782988,-25.13148165275883,False,False,False,False,True,,0.0,0.0,0.0,0.0,0,,,False,False,False,False,,,False,False,False,False,-9725.0,233.43584624996453,False,False,False,False,6997.563379442396,False,False,False,False
2024-03-05 17:00:00+00:00,74.775,74.8,74.25,74.59,16775.0,,,,,,,,,,,,,,,,,,,,,,,,,,,#000000,,,,50.99724588710188,-25.111194798553832,False,False,False,False,True,,0.0,0.0,0.0,0.0,0,,,False,False,False,False,,,False,False,False,False,7050.0,339.1190114243837,False,False,False,False,7149.151544102204,False,False,False,False
2024-03-06 17:00:00+00:00,75.265,75.53,74.965,75.46,5478.0,,,,,,,,,,,,,,,,,,,,,,,,,,,#000000,,,,55.72563519435615,-17.924920042552884,False,False,True,False,True,,0.0,0.0,0.0,0.0,0,,,False,False,False,False,,,False,False,False,False,12528.0,528.0939104720676,False,False,False,False,7123.242217837053,False,False,False,False
2024-03-07 17:00:00+00:00,75.24,75.27,74.91,75.12,7142.0,,,,,,,,,,,,,,,,,,,,,,,,,,,#000000,,,,56.3240721930559,-14.86725784704889,False,False,True,False,True,,0.0,0.0,0.0,0.0,0,,,False,False,False,False,,,False,False,False,False,5386.0,603.4102839531208,False,False,False,False,7123.533036165161,False,False,False,False
2024-03-08 17:00:00+00:00,75.04,75.22,74.74,74.775,9406.0,,,,,,,,,,,,,,,,,,,,,,,,,,,#000000,,,,54.454739987156735,-14.501965945979052,False,False,True,False,True,,0.0,0.0,0.0,0.0,1,,,False,False,False,False,,,False,False,False,False,-4020.0,531.7295043569484,False,False,False,False,7158.920120875779,False,False,False,False
2024-03-11 17:00:00+00:00,75.52,75.995,75.51,75.985,9098.0,,,,,,,,,,,,,,,,,,,,,,,,,,,#000000,,,,58.43647022159271,-8.72998106920108,False,False,True,False,True,,0.0,0.0,0.0,0.0,1,,,False,False,False,False,,,False,False,False,False,5078.0,602.2143182428872,False,False,False,False,7188.983374815689,False,False,False,False
2024-03-12 17:00:00+00:00,75.9,76.23,75.74,76.195,3427.0,,,,,,,,,,,,,,,,,,,,,,,,,,,#000000,,,,61.74615618582668,-3.9188426786598853,False,False,True,False,True,,0.0,0.0,0.0,0.0,0,,,False,False,False,False,,,False,False,False,False,8505.0,724.7381272623774,False,False,False,False,7130.658051175135,False,False,False,False
2024-03-13 17:00:00+00:00,76.075,76.2,75.85,76.16,7585.0,,,,,,,,,,,,,,,,,,,,,,,,,,,#000000,,,,63.705364875518974,-0.5680253505207276,False,False,True,False,True,,0.0,0.0,0.0,0.0,0,,,False,False,False,False,,,False,False,False,False,920.0,727.7654431187747,False,False,False,False,7137.702112397226,False,False,False,False
2024-03-14 17:00:00+00:00,75.86,76.04,75.605,76.04,7127.0,,,,,,,,,,,,,,,,,,,,,,,,,,,#000000,,,,64.10606924498994,1.2541737196507228,False,False,True,False,True,,0.0,0.0,0.0,0.0,0,,,False,False,False,False,,,False,False,False,False,-6207.0,620.2496998146075,False,False,False,False,7137.536188174013,False,False,False,False
2024-03-15 17:00:00+00:00,76.22,76.91,76.22,76.91,9353.0,,,,,,,,,,,,,,,,,,,,,,,,,,,#000000,,,,67.25982308700121,5.516384606922742,False,False,True,False,True,,0.0,0.0,0.0,0.0,0,,,False,False,False,False,,,False,False,False,False,3146.0,659.4086191973269,False,False,False,False,7171.884464326354,False,False,False,False
2024-03-18 17:00:00+00:00,77.5,77.56,76.815,76.93,12151.0,,,,,,,,,,,,,,,,,,,,,,,,,,,#000000,,,,69.4182004616124,8.638074292242834,False,False,True,False,True,,0.0,0.0,0.0,0.0,0,,,False,False,False,False,,,False,False,False,False,15297.0,886.3480204500814,False,False,False,False,7249.08005402672,False,False,False,False
2024-03-19 17:00:00+00:00,77.485,77.55,77.195,77.4,6176.0,,,,,,,,,,,,,,,,,,,,,,,,,,,#000000,,,,72.1141874399299,12.112187498357066,False,False,True,False,True,,0.0,0.0,0.0,0.0,0,,,False,False,False,False,,,False,False,False,False,21473.0,1205.520919357832,False,False,False,False,7232.44315396429,False,False,False,False
2024-03-20 17:00:00+00:00,77.53,77.83,77.4,77.74,7654.0,,,,,,,,,,,,,,,,,,,,,,,,,,,#000000,,,,74.6959931341346,15.3338934065941,False,False,True,False,True,,0.0,0.0,0.0,0.0,0,,,False,False,False,False,,,False,False,False,False,29127.0,1638.4120678949198,False,False,False,False,7238.978919019108,False,False,False,False
2024-03-21 17:00:00+00:00,77.32,77.67,77.295,77.48,4636.0,,,,,,,,,,,,,,,,,,,,,,,,,,,#000000,,,,74.2190191790815,15.593242182118018,False,False,True,False,True,,0.0,0.0,0.0,0.0,0,,,False,False,False,False,,,False,False,False,False,24491.0,1992.715756764766,False,False,False,False,7198.622656708734,False,False,False,False
2024-03-22 17:00:00+00:00,76.815,76.96,76.445,76.445,10957.0,,,,,,,,,,,,,,,,,,,,,,,,,,,#000000,,,,67.30789468507686,15.593242182118018,False,False,True,False,False,,0.0,0.0,0.0,0.0,0,,,False,False,False,False,,,False,False,False,False,13534.0,2171.6503961947697,False,False,False,False,7256.892072883792,False,False,False,False
2024-03-25 17:00:00+00:00,77.21,77.26,76.97,76.97,8898.0,,,,,,,,,,,,,,,,,,,,,,,,,,,#000000,,,,64.77026584374278,23.104510360085342,False,False,True,False,False,,0.0,0.0,0.0,0.0,0,,,False,False,False,False,,,False,False,False,False,22432.0,2485.764343540587,False,False,False,False,7282.335606637531,False,False,False,False
2024-03-26 17:00:00+00:00,77.19,77.245,76.89,76.92,5400.0,,,,,,,,,,,,,,,,,,,,,,,,,,,#000000,,,,62.79792318213309,20.889557110335844,False,False,True,False,False,,0.0,0.0,0.0,0.0,0,,,False,False,False,False,,,False,False,False,False,17032.0,2711.2873769740663,False,False,False,False,7253.152108860205,False,False,False,False
2024-03-27 17:00:00+00:00,77.53,78.09,77.53,78.09,7615.0,,,,,,,,,,,,,,,,,,,,,,,,,,,#000000,,,,65.19609895694798,20.889557110335844,False,False,True,False,False,,0.0,0.0,0.0,0.0,0,,,False,False,False,False,,,False,False,False,False,24647.0,3051.375944772918,False,False,False,False,7258.762153684077,False,False,False,False
2024-03-28 17:00:00+00:00,78.35,78.54,78.25,78.26,4615.0,,,,,,,,,78.35,,,,,,,,,,,,,,,,,78.35,#000000,,78.35,,67.21875829945239,20.889557110335844,False,False,True,False,True,,0.0,0.0,0.0,0.0,0,,,False,False,False,False,,,False,False,False,False,29262.0,3457.7422091950434,False,False,False,False,7217.773593161843,False,False,False,False
2024-03-29 17:00:00+00:00,78.26,78.26,78.26,78.26,0.0,,,,,,,,,78.35,,,,,,,,,,,,,,,,,78.35,#000000,,78.35,,68.567197861122,20.889557110335844,False,False,True,False,True,,0.0,0.0,0.0,0.0,0,,,False,False,False,False,,,False,False,False,False,29262.0,3857.808221455585,False,False,False,False,7105.870126601194,False,False,False,False
2024-04-01 17:00:00+00:00,77.56,77.64,77.335,77.51,5214.0,,,,,,,,,77.89644724793976,,,,,,,,,,,,,,,,,77.89644724793976,#000000,,77.89644724793976,,64.92087879733418,20.889557110335844,False,False,True,False,False,,0.0,0.0,0.0,0.0,0,,,False,False,False,False,,,False,False,False,False,24048.0,4170.834450580305,False,False,False,False,7076.538806808927,False,False,False,False
2024-04-02 17:00:00+00:00,77.32,77.33,76.965,77.07,13064.0,,,,,,,,,77.45431500167446,,,,,,,,,,,,,,,,,77.45431500167446,#000000,,77.45431500167446,,60.33612445491383,17.52723702832982,False,False,True,False,False,,0.0,0.0,0.0,0.0,0,,,False,False,False,False,,,False,False,False,False,10984.0,4276.46492421472,False,False,False,False,7169.367662517316,False,False,False,False
2024-04-03 17:00:00+00:00,77.47,77.585,77.12,77.19,6326.0,,,,,,,,,77.42054450871008,,,,,,,,,,,,,,,,,77.42054450871008,#000000,,77.42054450871008,,57.82099078589626,15.02936616390356,False,False,True,False,False,,0.0,0.0,0.0,0.0,0,,,False,False,False,False,,,False,False,False,False,17310.0,4478.535235467204,False,False,False,False,7156.292194881388,False,False,False,False
2024-04-04 17:00:00+00:00,77.305,77.4,76.05,76.31,10297.0,,,,,,,,,77.20325429361945,,,,,,,,,,,,,,,,,77.20325429361945,#000000,,77.20325429361945,,52.355541564342836,9.833175044323625,False,False,False,False,False,,0.0,0.0,0.0,0.0,0,,,False,False,False,False,,,False,False,False,False,7013.0,4517.829262824302,False,False,False,False,7204.985339146792,False,False,False,False
2024-04-05 17:00:00+00:00,76.765,76.765,76.36,76.685,7371.0,,,,,,,,,77.10894206638655,,,,,,,,,,,,,,,,,77.10894206638655,#000000,,77.10894206638655,,50.53869060156133,8.071229023884065,False,False,False,False,False,,0.0,0.0,0.0,0.0,0,,,False,False,False,False,,,False,False,False,False,14384.0,4670.793150222375,False,False,False,False,7207.559209857694,False,False,False,False
2024-04-08 17:00:00+00:00,76.695,76.78,76.025,76.06,8599.0,,,,,,,,,76.98176738276321,,,,,,,,,,,,,,,,,76.98176738276321,#000000,,76.98176738276321,,46.99401622347034,4.614859709808115,False,False,False,True,False,,0.0,0.0,0.0,0.0,0,,,False,False,False,False,,,False,False,False,False,5785.0,4688.067675025129,False,False,False,False,7229.131935286257,False,False,False,False
2024-04-09 17:00:00+00:00,75.015,75.225,74.785,75.125,5637.0,,,,,,,,,76.8031511869509,,,,,,,,,,,,,,,,,76.8031511869509,#000000,,76.8031511869509,,41.96056281163192,-0.1635668593303521,False,False,False,True,False,,0.0,0.0,0.0,0.0,0,,,False,False,False,False,,,False,False,False,False,148.0,4617.6790289007085,False,False,False,False,7204.447719235307,False,False,False,False
2024-04-10 17:00:00+00:00,75.005,75.04,74.67,74.85,7820.0,,,,,,,,,76.58198913111796,,,,,,,,,,,,,,,,,76.58198913111796,#000000,,76.58198913111796,,37.94272649460838,-3.9314371784850692,False,False,False,True,False,,0.0,0.0,0.0,0.0,0,,,False,False,False,False,,,False,False,False,False,-7672.0,4427.141369537907,False,False,False,False,7213.991165448712,False,False,False,False
2024-04-11 17:00:00+00:00,74.12,74.415,73.79,73.79,6522.0,,,,,,,,,76.35869882285385,,,,,,,,,,,,,,,,,76.35869882285385,#000000,,76.35869882285385,,33.14412380467559,-8.415234813864807,False,False,False,True,False,,0.0,0.0,0.0,0.0,0,,,False,False,False,False,,,False,False,False,False,-14194.0,4138.441503343521,False,False,False,False,7203.262620247957,False,False,False,False
2024-04-12 17:00:00+00:00,73.76,74.01,73.54,73.905,11460.0,,,,,,,,,76.02378264787652,,,,,,,,,,,,,,,,,76.02378264787652,#000000,,76.02378264787652,,30.589791829134224,-10.850284012196454,False,False,False,True,False,,0.0,0.0,0.0,0.0,0,,,False,False,False,False,,,False,False,False,False,-2734.0,4031.892022671528,False,False,False,False,7269.258548616205,False,False,False,False
2024-04-15 17:00:00+00:00,73.995,74.075,73.31,73.4,7241.0,,,,,,,,,75.83701868685796,,,,,,,,,,,,,,,,,75.83701868685796,#000000,,75.83701868685796,,27.943265463574463,-13.498213730132804,False,False,False,True,False,,0.0,0.0,0.0,0.0,0,,,False,False,False,False,,,False,False,False,False,-9975.0,3814.730906040962,False,False,False,False,7268.820431583396,False,False,False,False
2024-04-16 17:00:00+00:00,73.515,73.63,73.21,73.315,8446.0,,,,,,,,,75.63519287867565,,,,,,,,,,,,,,,,,75.63519287867565,#000000,,75.63519287867565,,26.023354625394482,-15.56937246226751,False,True,False,True,False,,0.0,0.0,0.0,0.0,0,,,False,False,False,False,,,False,False,False,False,-18421.0,3469.9908919938152,False,False,False,False,7287.07127760536,False,False,False,False
2024-04-17 17:00:00+00:00,73.12,73.52,73.025,73.13,9623.0,,,,,,,,,75.42854356187166,,,,,,,,,,,,,73.225,,,,74.32677178093583,#000000,,74.32677178093583,,24.38828473863249,-17.47402492897784,False,True,False,True,False,,0.0,0.0,0.0,0.0,0,,,False,False,False,False,,,False,False,False,False,-28044.0,2981.4018859163916,False,False,False,False,7323.287226789773,False,False,False,False
2024-04-18 17:00:00+00:00,73.95,74.03,73.61,73.835,6014.0,,,,,,,,,75.34698929095947,,,,,,,,,,,,,73.4557603760312,,,,74.40137483349534,#000000,,74.40137483349534,,27.78768830918527,-17.47402492897784,False,True,False,True,True,,0.0,0.0,0.0,0.0,0,,,False,False,False,False,,,False,False,False,False,-22030.0,2593.628213266525,False,False,False,False,7302.988200017838,False,False,False,False
2024-04-19 17:00:00+00:00,75.28,75.655,75.2,75.635,8877.0,,,,,,,,,75.35744101652429,,,,,,,,,,,,,74.19481255609038,,,,74.77612678630734,#000000,,74.77612678630734,,37.22874484016101,-21.274583360179044,False,True,False,True,True,,0.0,0.0,0.0,0.0,0,,,False,False,False,False,,,False,False,False,False,-13153.0,2349.4944425182066,False,False,False,False,7327.391483738491,False,False,False,False
2024-04-22 17:00:00+00:00,76.515,76.895,76.335,76.395,13208.0,,,,,,,,,75.46889834252569,,,,,,,,,,,,,75.01654123146528,,,,75.24271978699548,#000000,,75.67570208021921,,45.500308229844535,-13.825235485679165,False,False,False,False,True,,0.0,0.0,0.0,0.0,0,,,False,False,False,False,,,False,False,False,False,55.0,2313.920885269862,False,False,False,False,7418.563708796809,False,False,False,False
2024-04-23 17:00:00+00:00,76.7,76.85,76.38,76.73,15848.0,,,,,,,,,75.58908457227253,,,,,,,,,,,,,75.50076526040695,,,,75.54492491633974,#000000,,75.89747426507817,,51.80948591856431,-8.300171746927944,False,False,True,False,True,,0.0,0.0,0.0,0.0,0,,,False,False,False,False,,,False,False,False,False,15903.0,2524.604282397461,False,False,False,False,7549.252643544145,False,False,False,False
2024-04-24 17:00:00+00:00,76.435,76.84,76.315,76.805,6626.0,,,,,,,,,75.63239762992811,,,,,,,,,,,,,75.6276327607593,,,,75.6300151953437,#000000,,75.95734311480275,,56.20029024868067,-4.445894471183408,True,False,True,False,True,,0.0,0.0,0.0,0.0,0,,,False,False,False,False,,,False,False,False,False,22529.0,2834.7499524378104,False,False,False,False,7534.938649070593,False,False,False,False
2024-04-25 17:00:00+00:00,76.52,76.73,76.31,76.36,8950.0,,,,,,,,,75.67586988670107,,,,,,,,,,,,,75.73623417599475,,,,75.70605203134791,#000000,,75.99831990395212,,57.08758324466696,-3.5648607007991515,True,False,True,False,True,5.710771590778851,0.0,0.0,0.0,0.0,0,,,False,False,False,False,,,False,False,False,False,13579.0,3001.3274725550536,False,False,False,False,7556.877584743917,False,False,False,False
2024-04-26 17:00:00+00:00,75.59,75.73,75.45,75.52,3320.0,,,,,,,,,75.67379906860562,,,,,,,,,,,,,75.72846551026228,,,,75.70113228943396,#000000,,75.97158782221486,,54.40910658572473,-3.5648607007991515,False,False,True,False,True,1.3774169468087791,0.0,0.0,0.0,0.0,0,,,False,False,False,False,,,False,False,False,False,10259.0,3113.8495272441223,False,False,False,False,7491.189560174244,False,False,False,False
2024-04-29 17:00:00+00:00,75.71,75.89,75.56,75.815,8596.0,,,,,,,,,75.67759929730575,,,,,,,,,,,,,75.73127928828139,,,,75.70443929279357,#000000,,75.93540940395445,,53.672608573884986,-3.5648607007991515,False,False,True,False,True,2.7671900370778317,0.0,0.0,0.0,0.0,0,,,False,False,False,False,,,False,False,False,False,18855.0,3357.898371782973,False,False,False,False,7508.3184042025505,False,False,False,False
2024-04-30 17:00:00+00:00,75.32,75.5,75.13,75.13,8424.0,,,,,,,,,75.65899412452673,,,,,,,,,,,,,75.68628658859113,,,,75.67264035655893,#000000,,75.86476731083832,,50.763777120095696,-3.5648607007991515,False,False,False,False,False,0.0,0.0,0.0,0.0,0.0,0,,,False,False,False,False,,,False,False,False,False,10431.0,3467.5588621429265,False,False,False,False,7522.515018090883,False,False,False,False
2024-05-01 17:00:00+00:00,76.07,76.825,75.96,76.35,7614.0,,,,,,,,,75.68641885982483,,,,,,,,,,,,,75.74055274630963,,,,75.71348580306723,#000000,,75.89651906092791,,52.82119438303159,-3.5648607007991515,False,False,True,False,False,4.892577170080848,0.0,0.0,0.0,0.0,0,,,False,False,False,False,,,False,False,False,False,18045.0,3693.565701489548,False,False,False,False,7523.933389903428,False,False,False,False
2024-05-02 17:00:00+00:00,76.475,76.78,76.35,76.525,4467.0,,,,,,,,,75.70534863200102,,,,,,,,,,,,,75.77622620208007,,,,75.74078741704054,#000000,,75.92030644429643,,54.68016675083234,-3.5648607007991515,False,False,True,False,False,5.625614310482035,0.0,0.0,0.0,0.0,0,,,False,False,False,False,,,False,False,False,False,22512.0,3985.3243727842837,False,False,False,False,7476.539073780895,False,False,False,False
2024-05-03 17:00:00+00:00,76.165,76.535,76.14,76.42,4762.0,,,,,,,,,75.72038282736915,,,,,,,,,,,,,75.8025947452404,,,,75.76148878630477,#000000,,75.93576920193819,,55.48336903136966,-2.7139036164404686,False,False,True,False,True,5.112766059940647,0.0,0.0,0.0,0.0,0,,,False,False,False,False,,,False,False,False,False,17750.0,4198.7301964620465,False,False,False,False,7434.453196668012,False,False,False,False
2024-05-06 17:00:00+00:00,77.35,77.81,77.35,77.73,6939.0,,,,,,,,,75.78176337934657,,,,,,,,,,,,,75.9145448552695,,,,75.84815411730804,#000000,,76.02861532145698,,59.440601992803494,1.537150432538482,True,False,True,False,True,10.34819664614541,0.0,0.0,0.0,0.0,0,,,False,False,False,False,,,False,False,False,False,24689.0,4516.408798067286,False,False,False,False,7426.771751758431,False,False,False,False
2024-05-07 17:00:00+00:00,77.875,78.04,77.755,77.81,8283.0,,,,,,,,,75.85886378810659,,,,,,,,,,,,,76.04768427792996,,,,75.95327403301827,#000000,,76.1407715316517,,62.25471023781172,4.574031411485365,True,False,True,False,True,10.648600270046373,0.0,0.0,0.0,0.0,0,,,False,False,False,False,,,False,False,False,False,32972.0,4957.580754686398,False,False,False,False,7440.0466083203155,False,False,False,False
2024-05-08 17:00:00+00:00,77.28,77.505,77.28,77.31,8607.0,,,,,,,,,75.91455530495054,,,,,,,,,,,,,76.13479483909299,,,,76.02467507202176,#000000,,76.21143506583117,,61.820802099492354,4.574031411485365,True,False,True,False,True,8.183604375090276,0.0,0.0,0.0,0.0,0,,,False,False,False,False,,,False,False,False,False,24365.0,5258.4709755439735,False,False,False,False,7458.138908966512,False,False,False,False
2024-05-09 17:00:00+00:00,77.32,77.73,77.255,77.725,7854.0,,,,,,,,,75.9685892443536,,,,,,,,,,,,,76.21646963066011,,,,76.09252943750685,#000000,,76.27939283471359,,62.66425319694879,5.856713836236814,True,False,True,False,True,9.77351218033218,0.0,0.0,0.0,0.0,0,,,False,False,False,False,,,False,False,False,False,32219.0,5676.463673597555,False,False,False,False,7464.276290222844,False,False,False,False
2024-05-10 17:00:00+00:00,77.8,78.14,77.775,77.98,22522.0,,,,,,,,77.965,76.13945698712251,,,,,,,,,,,,,76.46177841869427,,,,76.85541180193893,#000000,,76.85914358470421,,63.90085671308909,7.540664864261977,True,False,True,False,True,10.732354719366686,0.0,0.0,0.0,0.0,0,,,False,False,False,False,,,False,False,False,False,54741.0,6437.154159278213,False,False,False,False,7697.7293709945825,False,False,False,False
2024-05-13 17:00:00+00:00,77.815,77.815,77.29,77.29,5116.0,,,,,,,,77.87244626962878,76.16473629635708,,,,,,,,,,,,,76.49276231009155,,,,76.84331495869247,#000000,,76.85545987858649,,61.466384040995884,7.540664864261977,True,False,True,False,True,7.388312578178542,0.0,0.0,0.0,0.0,0,,,False,False,False,False,,,False,False,False,False,49625.0,7106.733164560722,False,False,False,False,7657.702559041178,False,False,False,False
2024-05-14 17:00:00+00:00,77.055,77.85,76.97,77.35,10063.0,,,,,,,,77.74367364260895,76.20903640827572,,,,,,,,,,,,,76.54414668616815,,,,76.83228557901761,#000000,,76.85547565369532,,60.048909005500626,7.540664864261977,True,False,True,False,False,7.621510322528117,0.0,0.0,0.0,0.0,0,,,False,False,False,False,,,False,False,False,False,59688.0,7921.946603869857,False,False,False,False,7694.993992234338,False,False,False,False
2024-05-15 17:00:00+00:00,77.005,77.03,76.445,76.62,13427.0,,,,,,,,77.4691511826527,76.2315548136774,,,,,,,,,,,,,76.55509235663176,,,,76.75193278432062,#000000,,76.7905883532796,,55.999528191362,11.759249571452052,False,False,True,False,False,4.228916843476956,0.0,0.0,0.0,0.0,0,,,False,False,False,False,,,False,False,False,False,46261.0,8516.35053249203,False,False,False,False,7783.862302432256,False,False,False,False
2024-05-16 17:00:00+00:00,77.115,77.48,77.0,77.21,11394.0,,,,,,,,77.42556830662274,76.26908222440676,,,,,,,,,,,,,76.59343945831296,,,,76.76269666311414,#000000,,76.80389551365951,,55.53889052774733,11.10648534995628,False,False,True,False,False,6.547027073609986,0.0,0.0,0.0,0.0,0,,,False,False,False,False,,,False,False,False,False,57655.0,9278.19005912006,False,False,False,False,7839.833429526329,False,False,False,False
2024-05-17 17:00:00+00:00,77.58,77.81,77.56,77.71,28251.0,,,,,,,,77.50890398760278,76.39049707752336,,,,,,,,,,,,,76.72925737409939,,,,76.87621947974185,#000000,,76.91551688856026,,56.88765997133933,11.10648534995628,True,False,True,False,False,8.432551103289423,0.0,0.0,0.0,0.0,0,,,False,False,False,False,,,False,False,False,False,85906.0,10466.218120218973,False,False,False,False,8156.285624417394,False,False,False,False
2024-05-20 17:00:00+00:00,76.705,76.77,76.1,76.125,11650.0,,,,,,,,77.37500032544774,76.38849917552604,,,,,,,,,,,,,76.70999257595606,,,,76.82449735897661,#000000,,76.86725968379959,,52.21038318261012,7.685741337886739,False,False,False,False,False,1.6069469466857491,0.0,0.0,0.0,0.0,0,,,False,False,False,False,,,False,False,False,False,74256.0,11455.206986572168,False,False,False,False,8210.451738767511,False,False,False,False
2024-05-21 17:00:00+00:00,76.35,76.37,76.03,76.18,8893.0,,,,,,,,77.2805973235354,76.38356762516341,,,,,,,,,,,,,76.69156443854413,,,,76.78524312908098,#000000,,76.82988569417049,,49.29870987314807,4.922093787489892,False,False,False,False,False,1.8189351270625096,0.0,0.0,0.0,0.0,0,,,False,False,False,False,,,False,False,False,False,83149.0,12566.738661198955,False,False,False,False,8221.03388235251,False,False,False,False
2024-05-22 17:00:00+00:00,76.115,76.13,75.76,75.865,5265.0,,,,,,,,77.21907512087448,76.37671033440184,,,,,,,,,,,,,76.67557396838612,,,,76.75711980788748,#000000,,76.80281215709621,,46.411377503247195,2.193295783807166,False,True,False,True,False,0.5437390788754044,0.0,0.0,0.0,0.0,0,,,False,False,False,False,,,False,False,False,False,77884.0,13579.409379629979,False,False,False,False,8175.2038996803785,False,False,False,False
2024-05-23 17:00:00+00:00,74.85,74.85,74.07,74.18,20688.0,,,,,,,,76.78918471516998,76.2666691761954,,,,,,,,,,,,,76.50205427666032,,,,76.51930272267525,#000000,,76.57137734022483,,40.665464066976824,-3.1078410456789527,False,True,False,True,False,0.0,0.0,0.0,0.0,0.0,0,,,False,False,False,False,,,False,False,False,False,57196.0,14255.635590798505,False,False,False,False,8369.200738445024,False,False,False,False
2024-05-24 17:00:00+00:00,74.58,74.775,74.42,74.745,7089.0,,,,,,,,76.6839719078033,76.23683869635465,,,,,,,,,,,,,76.4554741060783,,,,76.45876157007875,#000000,,76.5116691666822,,39.10545769358164,-4.4762575488864655,False,True,False,True,False,0.0,0.0,0.0,0.0,0.0,0,,,False,False,False,False,,,False,False,False,False,64285.0,15031.284651406278,False,False,False,False,8349.352664980759,False,False,False,False
2024-05-27 17:00:00+00:00,74.745,74.745,74.745,74.745,0.0,,,,,,,,76.6839719078033,76.23683869635465,,,,,,,,,,,,,76.4554741060783,,,,76.45876157007875,#000000,,76.5116691666822,,38.065453444651524,-5.546375246304734,False,True,False,True,False,0.0,0.0,0.0,0.0,0.0,0,,,False,False,False,False,,,False,False,False,False,64285.0,15794.908145182924,False,False,False,False,8219.905336841523,False,False,False,False
2024-05-28 17:00:00+00:00,74.4,74.4,73.97,74.01,8364.0,,,,,,,,76.5439180777273,76.19196858491,,,,,,,,,,,,,76.38847765769854,,,,76.37478810677861,#000000,,76.42870961769697,,35.73236549306476,-7.920953862126993,False,True,False,True,False,0.0,0.0,0.0,0.0,0.0,0,,,False,False,False,False,,,False,False,False,False,55921.0,16417.018096420397,False,False,False,False,8222.139362626926,False,False,False,False
2024-05-29 17:00:00+00:00,73.91,74.31,73.825,74.1,9869.0,,,,,,,,76.39426123422167,76.1402357220507,,,,,,,,,,,,,76.31263405554833,,,,76.28237700394023,#000000,,75.88522804283346,,34.60168005417976,-9.21899200802654,False,True,False,True,False,0.0,0.0,0.0,0.0,0.0,0,,,False,False,False,False,,,False,False,False,False,65790.0,17182.490684072793,False,False,False,False,8247.672085686972,False,False,False,False
2024-05-30 17:00:00+00:00,75.31,75.375,75.16,75.31,4521.0,,,,,,,,76.36416142068394,76.13071585944502,,,,,,,,,,,,,76.29735828712259,,,,76.26407852241718,#000000,1.3662335184832133,75.94593279604324,-0.46546420318339515,38.77533458059392,-9.21899200802654,False,True,False,True,True,0.0,0.0,0.0,0.0,0.0,0,,,False,False,False,False,,,False,False,False,False,70311.0,18006.188502924375,False,False,False,False,8189.894223893376,False,False,False,False
2024-05-31 17:00:00+00:00,75.72,76.755,75.685,76.735,7308.0,,,,,,,,76.36531385926692,76.13531062168511,,,,,,,,,,,,,76.29956422517539,,,,76.26672956870914,#000000,1.3573617693794693,76.1298043162039,0.44586174257196604,45.51448059256995,-11.192527393134185,False,False,False,True,True,3.9203686460809735,0.0,0.0,0.0,0.0,0,,,False,False,False,False,,,False,False,False,False,77619.0,18930.41813853795,False,False,False,False,8176.2214452283615,False,False,False,False
2024-06-03 17:00:00+00:00,75.74,75.86,75.57,75.84,4868.0,,,,,,,,76.34878796498744,76.13092103821755,,,,,,,,,,,,,76.2912351192352,,,,76.25698137414673,#000000,1.344530133273058,76.10042101805493,-0.19368923879821962,47.31518599128391,-9.6009520198363,False,False,False,False,True,0.7562711195246088,0.0,0.0,0.0,0.0,0,,,False,False,False,False,,,False,False,False,False,72751.0,19764.84576429705,False,False,False,False,8124.931190263581,False,False,False,False
2024-06-04 17:00:00+00:00,75.18,75.635,75.15,75.56,6083.0,,,,,,,,76.3192393002861,76.12117402003938,,,,,,,,,,,,,76.27537970456083,,,,76.23859767496211,#000000,1.3234670275352378,76.05636421920643,-0.37504842121441606,47.73547511613145,-9.079889503295,False,False,False,False,True,0.0,0.0,0.0,0.0,0.0,0,,,False,False,False,False,,,False,False,False,False,66668.0,20492.026450121903,False,False,False,False,8093.273342352517,False,False,False,False
2024-06-05 17:00:00+00:00,74.66,75.17,74.645,74.905,11205.0,,,,,,,,76.23872145294102,76.09004740774628,,,,,,,,,,,,,76.22954294535367,,,,76.18610393534699,"rgba(239, 83, 80, 0.5)",1.3165469714096465,75.94197464800173,-0.7876472853007492,46.268243282481755,-9.079889503295,False,False,False,True,True,0.0,0.0,0.0,0.0,0.0,0,,,False,False,False,False,,,False,False,False,False,55463.0,21034.212086554122,False,False,False,False,8141.51716650209,False,False,False,False
2024-06-06 17:00:00+00:00,74.375,75.25,74.34,74.96,6337.0,,,,,,,,76.19535149711123,76.07233032794711,,,,,,,,,,,,,76.20390046197842,,,,76.15719409567892,"rgba(239, 83, 80, 0.5)",1.3159100985201733,75.89554077954152,-0.710945816582457,45.48070910096666,-9.079889503295,False,False,False,True,True,0.0,0.0,0.0,0.0,0.0,0,,,False,False,False,False,,,False,False,False,False,61800.0,21666.23980614243,False,False,False,False,8113.540156168724,False,False,False,False
2024-06-07 17:00:00+00:00,75.335,75.675,75.2,75.2,4513.0,,,,,,,,76.17714036170328,76.06513856712422,,,,,,,,,,,,,76.19285348842145,,,,76.14504413908298,"rgba(239, 83, 80, 0.5)",1.316252700347147,75.88927861228247,-0.5236673870455689,45.83829013735443,-9.079889503295,False,False,False,True,True,0.0,0.0,0.0,0.0,0.0,0,,,False,False,False,False,,,False,False,False,False,66313.0,22358.437638605334,False,False,False,False,8057.717828166108,False,False,False,False
2024-06-10 17:00:00+00:00,75.25,75.585,75.14,75.34,15121.0,,,,,,,,76.1212798719671,76.04195489354905,,,,,,,,,,,,,76.15771587544154,,,,76.1069835469859,#000000,1.3079215614136783,75.86797298961908,-0.4036732822482174,46.611964470791285,-8.867057897406674,False,False,False,True,True,0.0,0.0,0.0,0.0,0.0,0,,,False,False,False,False,,,False,False,False,False,81434.0,23274.337830254863,False,False,False,False,8167.226078892215,False,False,False,False
2024-06-11 17:00:00+00:00,74.42,74.55,74.11,74.185,10206.0,,,,,,,,76.0406145642233,76.0040031095723,,,,,,,,,,,,,76.10607411253308,,,,76.0502305954429,"rgba(239, 83, 80, 1.0)",1.3185832828736526,75.78152688380682,-1.2107895682762095,43.62725679384754,-8.867057897406674,False,True,False,True,False,0.0,0.0,0.0,0.0,0.0,0,,,False,False,False,False,,,False,False,False,False,71228.0,24017.80546079355,False,False,False,False,8198.834976893886,False,False,False,False
2024-06-12 17:00:00+00:00,74.85,74.88,74.35,74.68,12354.0,,,,,,,,75.96985211220677,75.96922650602907,,,,,,,,,,,,,76.05869181203053,,,,75.9992568100888,"rgba(239, 83, 80, 0.5)",1.3230998614024676,75.72162377821927,-0.7872601370505429,43.614380475288655,-8.867057897406674,False,True,False,True,False,0.0,0.0,0.0,0.0,0.0,0,,,False,False,False,False,,,False,False,False,False,83582.0,24941.28134512233,False,False,False,False,8263.256140042817,False,False,False,False
2024-06-13 17:00:00+00:00,73.84,74.205,73.69,74.205,5259.0,,,,,,,,75.92917505438703,75.94849113016559,,,,,,,,,,,,,76.03126657105533,,,,75.96964425186931,"rgba(239, 83, 80, 1.0)",1.3352699831599284,75.68127407662077,-1.1055996878827101,42.25258419619308,-8.867057897406674,False,True,False,True,False,0.0,0.0,0.0,0.0,0.0,0,,,False,False,False,False,,,False,False,False,False,78323.0,25768.904890159196,False,False,False,False,8216.67852546851,False,False,False,False
2024-06-14 17:00:00+00:00,73.985,73.985,73.56,73.76,5151.0,,,,,,,,75.8856143687765,75.92585645008174,,,,,,,,,,,,73.76833333333333,76.00164646908696,,,,75.39536265531964,"rgba(239, 83, 80, 1.0)",1.3481108637277905,75.3702456249728,-1.1944459972083796,40.16694630069716,-5.308727170116214,False,True,False,True,False,0.0,0.0,0.0,0.0,0.0,0,,,False,False,False,False,,,False,False,False,False,73172.0,26503.836597288508,False,False,False,False,8169.148625848842,False,False,False,False
2024-06-17 17:00:00+00:00,74.81,75.26,74.75,75.23,7595.0,,,,,,,,75.86235947682609,75.91310318301652,,,,,,,,,,,,74.54992036717401,75.98419574329466,,,,75.57739469257783,#000000,1.3377382014039527,75.47407633709534,-0.18245448686385632,44.09639663110596,-5.308727170116214,False,True,False,True,True,0.0,0.0,0.0,0.0,0.0,0,,,False,False,False,False,,,False,False,False,False,80767.0,27345.125952369304,False,False,False,False,8160.247096765914,False,False,False,False
2024-06-18 17:00:00+00:00,76.12,76.27,76.0,76.18,9687.0,,,,,,,,75.87257349428211,75.91757282981091,,,,,,,,,,,,75.24086546605447,75.98810543859179,,,,75.75477930718482,#000000,1.328474875748683,75.60500163650477,0.4328259224106068,49.17379406430822,-5.8580736945135214,False,False,False,False,True,2.248032487967876,0.0,0.0,0.0,0.0,0,,,False,False,False,False,,,False,False,False,False,90454.0,28323.558108146524,False,False,False,False,8183.917684412953,False,False,False,False
2024-06-19 17:00:00+00:00,76.18,76.18,76.18,76.18,0.0,,,,,,,,75.87257349428211,75.91757282981091,,,,,,,,,,,,75.24086546605447,75.98810543859179,,,,75.75477930718482,#000000,1.3273381952933725,75.60500163650477,0.433196577582213,52.558725686443054,-2.862877092212827,True,False,True,False,True,2.2480324879678655,0.0,0.0,0.0,0.0,0,,,False,False,False,False,,,False,False,False,False,90454.0,29286.8207731365,False,False,False,False,8057.035239693372,False,False,False,False
2024-06-20 17:00:00+00:00,76.49,76.86,76.435,76.46,12760.0,,,,,,,,75.90440776395305,75.93375801764786,,,,,,,,,,,,75.7282111499446,76.00608677962687,,,,75.89311592779309,"rgba(38, 166, 154, 0.5)",1.3246223939245725,75.73067758631873,0.5505889203038713,55.549432450324986,-0.20380730626671095,True,False,True,False,True,3.128633997041412,0.0,0.0,0.0,0.0,0,,,False,False,False,False,,,False,False,False,False,103214.0,30432.97859060725,False,False,False,False,8129.949422023707,False,False,False,False
2024-06-21 17:00:00+00:00,76.26,76.86,76.245,76.64,7591.0,,,,,,,,75.9219451077378,75.94297216924517,,,,,,,,,,,,75.87963646846173,76.01622038816035,,,,75.94019353340126,"rgba(38, 166, 154, 0.5)",1.3188499118891677,75.78113312480323,0.6512241214517699,58.02646776037297,2.0434063971612204,True,False,True,False,True,3.694800640857011,0.0,0.0,0.0,0.0,0,,,False,False,False,False,,,False,False,False,False,110805.0,31679.056441915665,False,False,False,False,8121.593617031091,False,False,False,False
2024-06-24 17:00:00+00:00,77.67,77.67,77.27,77.34,4819.0,,,,,,,77.42666666666668,75.94628070369737,75.95624735808549,,,,,,,,,,,,76.03624715529133,76.0318103808805,,,,76.27945045292428,"rgba(38, 166, 154, 0.5)",1.3275790029256191,76.03362685120047,0.9840266725525559,61.42434123268241,5.193729148531361,True,False,True,False,True,5.856229266528828,0.0,0.0,0.0,0.0,0,,,False,False,False,False,,,False,False,False,False,115624.0,32980.52843506426,False,False,False,False,8070.390615216655,False,False,False,False
2024-06-25 17:00:00+00:00,76.48,76.56,76.145,76.18,5354.0,,,,,,,76.83107605098463,75.95243600056706,75.9595816565462,,,,,,,,,,,,76.06240729900361,76.03500323261619,,,,76.16810084794353,#000000,1.3275565782551193,75.97295777514918,0.15595736426009857,58.94205913811447,5.193729148531361,True,False,True,False,True,1.913852393771613,0.0,0.0,0.0,0.0,0,,,False,False,False,False,,,False,False,False,False,110270.0,34178.814815915975,False,False,False,False,8028.276032035001,False,False,False,False
2024-06-26 17:00:00+00:00,75.19,75.19,74.75,74.85,5856.0,,,,,,,76.13654106099362,75.93307056753531,75.9486154919732,,,,,,,,,,,,75.9496537046798,76.0205331316298,,,,75.99768279136235,"rgba(239, 83, 80, 0.5)",1.3345628632762156,75.85970269160046,-0.7565793409849195,53.46993335464564,10.250431433764582,True,False,True,False,False,0.0,0.0,0.0,0.0,0.0,0,,,False,False,False,False,,,False,False,False,False,104414.0,35267.73241566922,False,False,False,False,7994.597333863915,False,False,False,False
2024-06-27 17:00:00+00:00,75.01,75.27,74.87,75.27,5639.0,,,,,,,75.87632822595533,75.91880543149799,75.94037236411124,,,,,,,,,,,,75.87852427646413,76.00952652209438,,,,75.9247113640246,#000000,1.3373896115092825,75.81021576090228,-0.4039329723016437,51.164631257961524,8.155607500368752,False,False,False,False,False,0.0,0.0,0.0,0.0,0.0,0,,,False,False,False,False,,,False,False,False,False,110053.0,36427.19392860458,False,False,False,False,7958.0764449667995,False,False,False,False
2024-06-28 17:00:00+00:00,74.9,74.99,74.43,74.73,6850.0,,,,,,,75.59777847908923,75.89320558774887,75.92546483558958,,,,,,,,,,,,75.7669043411592,75.99026075023203,,,,75.83472279876379,"rgba(239, 83, 80, 0.5)",1.3413106471851453,75.74424850462069,-0.7561622706486141,48.199366324003364,5.341936034614626,False,False,False,True,False,0.0,0.0,0.0,0.0,0.0,0,,,False,False,False,False,,,False,False,False,False,103203.0,37462.477743664975,False,False,False,False,7940.896965199872,False,False,False,False
2024-07-01 17:00:00+00:00,74.72,74.895,74.63,74.715,2768.0,,,,,,,75.52247714632743,75.8834236284917,75.91969038096249,,,,,,,,,,,,75.72877800279015,75.9828171707954,,,,75.80743726587343,"rgba(239, 83, 80, 0.5)",1.344575196654856,75.72360596029853,-0.7501298274784607,46.18211064807974,3.3377229575094916,False,True,False,True,False,0.0,0.0,0.0,0.0,0.0,0,,,False,False,False,False,,,False,False,False,False,100435.0,38438.79591818179,False,False,False,False,7860.697012251037,False,False,False,False
2024-07-02 17:00:00+00:00,74.61,75.015,74.52,74.965,5983.0,,,,,,,75.41184505442415,75.8644093156467,75.90830827100586,,,,,,,,,,,,75.6618542715451,75.96813547423918,,,,75.76291047737219,"rgba(239, 83, 80, 0.5)",1.3385774249263702,75.6892539777252,-0.5410624475196391,45.82143672560339,2.7352391981474256,False,True,False,True,False,0.0,0.0,0.0,0.0,0.0,0,,,False,False,False,False,,,False,False,False,False,106418.0,39492.73706673711,False,False,False,False,7831.58543066575,False,False,False,False
2024-07-03 17:00:00+00:00,74.4,74.4,74.4,74.4,0.0,,,,,,,75.41184505442415,75.8644093156467,75.90830827100586,,,,,,,,,,,,75.6618542715451,75.96813547423918,,,,75.76291047737219,"rgba(239, 83, 80, 0.5)",1.3328148530206392,75.6892539777252,-0.9673166342671534,43.85435705935548,0.5335571040156779,False,True,False,True,False,0.0,0.0,0.0,0.0,0.0,0,,,False,False,False,False,,,False,False,False,False,106418.0,40530.3380424466,False,False,False,False,7710.1655015081415,False,False,False,False
2024-07-04 17:00:00+00:00,74.4,74.4,74.4,74.4,0.0,,,,,,,75.41184505442415,75.8644093156467,75.90830827100586,,,,,,,,,,,,75.6618542715451,75.96813547423918,,,,75.76291047737219,"rgba(239, 83, 80, 0.5)",1.330209944142464,75.6892539777252,-0.9692109004314569,42.542970615190214,-1.0640042513651196,False,True,False,True,False,0.0,0.0,0.0,0.0,0.0,0,,,False,False,False,False,,,False,False,False,False,106418.0,41551.8521813234,False,False,False,False,7590.628051872356,False,False,False,False
2024-07-05 17:00:00+00:00,73.405,73.915,73.37,73.75,4999.0,,,,,,,75.20682411438126,75.8318284945948,75.88895613224963,,,,,,,,,,,73.67833333333334,75.54527122623023,75.94395719888192,,,73.67833333333334,75.34919508327853,"rgba(239, 83, 80, 1.0)",1.349796391052111,75.40827592016001,-1.2285378232990016,39.76225024978819,-4.005525528742673,False,True,False,True,False,0.0,1.0,73.915,73.37,0.0,0,,,False,False,False,False,,,False,False,False,False,101419.0,42480.025015721476,True,False,False,False,7550.447771998366,True,False,False,False
2024-07-08 17:00:00+00:00,74.54,74.7,74.31,74.415,3403.0,,,,,,,75.15229503769716,75.81820098222956,75.88065216428365,,,,,,,,,,,74.00100134888518,75.50409624479491,75.93347373538883,,,74.00100134888518,75.38161991887988,"rgba(239, 83, 80, 0.5)",1.3521136040282298,75.42521344641088,-0.7471365153055449,41.01320194178768,-4.005525528742673,False,True,False,True,False,0.0,0.0,0.0,0.0,0.0,0,,,False,False,False,False,,,False,False,False,False,104822.0,43446.56726353974,False,False,False,False,7486.14625615343,False,False,False,False
2024-07-09 17:00:00+00:00,75.16,75.32,74.63,74.655,9038.0,,,,,,,75.10538418419883,75.793521719049,75.865104837353,,,,,,,,,,,74.45048222477065,75.44515842163027,75.9136603714429,,,74.45048222477065,75.42888529307412,"rgba(239, 83, 80, 0.5)",1.3512878475169017,75.45005147472617,-0.588365740272981,42.87049325546049,-4.005525528742673,False,True,False,True,True,0.0,0.0,0.0,0.0,0.0,0,,,False,False,False,False,,,False,False,False,False,113860.0,44538.2483912368,False,False,False,False,7510.206004120043,False,False,False,False
2024-07-10 17:00:00+00:00,75.21,75.64,75.04,75.64,3128.0,,,,,,,75.12348122021082,75.79037112960499,75.86285719839559,,,,,,,,,,,74.60096898094127,75.44499806203477,75.91063048867858,,,74.60096898094127,75.45555117997766,#000000,1.3229266014381946,75.4681447889578,0.12990532570391317,47.680448316912766,-8.245742445876004,False,False,False,False,True,0.729422274146355,0.0,0.0,0.0,0.0,0,,,False,False,False,False,,,False,False,False,False,116988.0,45661.500354163356,False,False,False,False,7442.264825761592,False,False,False,False
2024-07-11 17:00:00+00:00,76.44,76.72,76.34,76.64,3276.0,,,,,,,75.20084406481982,75.7975498193903,75.86673302660843,,,,,,,,,,,74.87104219090757,75.48036565059627,75.91499628933693,,,74.87104219090757,75.52192184027656,"rgba(38, 166, 154, 0.5)",1.2935158805880025,75.51780645240797,0.8675529728184782,53.540267102224355,-2.812231727546049,True,False,True,False,True,3.7388732731321177,0.0,0.0,0.0,0.0,0,,,False,False,False,False,,,False,False,False,False,120264.0,46818.12825564919,False,False,False,False,7377.671572649009,False,False,False,False
2024-07-12 17:00:00+00:00,77.2,77.38,76.875,76.92,3869.0,,,,,,,75.31143816749254,75.81117041574987,75.87443282683877,,,,,,,,,,,75.17640896570803,75.53701762769953,75.92391219081557,,,75.17640896570803,75.60573003238405,"rgba(38, 166, 154, 1.0)",1.2663914044201394,75.58243682485794,1.0562004530933424,58.08906264549877,1.2629470517234935,True,False,True,False,True,4.554433607274696,0.0,0.0,0.0,0.0,0,,,False,False,False,False,,,False,False,False,False,124133.0,48016.80843773215,False,False,False,False,7323.273563770729,False,False,False,False
2024-07-15 17:00:00+00:00,77.61,77.81,77.34,77.36,4246.0,,,,,,,75.44587491092236,75.83099756791711,75.88590262553029,,,,,,,,,,,75.48555884101505,75.61155407456343,75.93731418160502,,,75.48555884101505,75.69953370025887,"rgba(38, 166, 154, 1.0)",1.2635515797127628,75.65674027829012,1.3479938207960438,62.09826566322003,4.841159662460527,True,False,True,False,True,5.823919649359702,0.0,0.0,0.0,0.0,0,,,False,False,False,False,,,False,False,False,False,128379.0,49262.733888309944,False,False,False,False,7275.563896115368,False,False,False,False
2024-07-16 17:00:00+00:00,78.39,78.425,78.13,78.41,6271.0,,,,,,,75.68474019523438,75.87336574447058,75.91097295738804,,,,,,,,,,,75.95077548173337,75.7552358890683,75.9668255796282,,,75.95077548173337,75.85698597458715,"rgba(0, 255, 0, 1.0)",1.2928664291424787,75.78492606058728,2.0304293469464216,66.69722658446803,8.994674871144191,True,False,True,False,True,8.731886293129705,0.0,0.0,0.0,0.0,0,,,False,False,False,False,,,False,False,False,False,134650.0,50586.56747143692,False,False,False,False,7259.989262067068,False,False,False,False
2024-07-17 17:00:00+00:00,79.67,79.75,79.3,79.65,4840.0,,,,,,,75.91860574150371,75.92122679650538,75.93978452391228,,,,,,,,,,,76.35711198823621,75.90506431238138,76.00088852547047,,,76.35711198823621,76.00711364800158,"rgba(0, 255, 0, 1.0)",1.36110556547256,75.90972345706616,2.7479694726215165,71.40549385619411,13.255132228189453,True,False,True,False,True,11.926978646366415,0.0,0.0,0.0,0.0,0,,,False,False,False,False,,,False,False,False,False,139490.0,51964.91526257743,False,False,False,False,7222.470048701687,False,False,False,False
2024-07-18 17:00:00+00:00,80.54,80.61,79.69,79.745,3031.0,,,,,,,76.06753426492344,75.95418182301073,75.95979926618966,,,,,,,,,,,76.5976069571882,76.00381040897103,76.0245348135134,,,76.5976069571882,76.10124458896608,"rgba(0, 255, 0, 1.0)",1.4371517188742018,76.39172867213162,2.3332758008981695,74.65500597461491,16.219109254492622,True,False,True,False,True,12.163823744474367,0.0,0.0,0.0,0.0,0,,,False,False,False,False,,,False,False,False,False,142521.0,53368.88556858398,False,False,False,False,7157.486016938869,False,False,False,False
2024-07-19 17:00:00+00:00,77.87,78.27,77.68,78.04,3328.0,,,,,,,76.14158617653618,75.97207684828317,75.97072432760868,,,,,,,,,,,76.6918041028546,76.05503162601751,76.03720861494098,,,76.6918041028546,76.14473861604019,"rgba(38, 166, 154, 1.0)",1.4573345099440558,76.3207531835646,1.1797201018051784,69.81493555685549,16.219109254492622,True,False,True,False,False,6.555310940642308,0.0,0.0,0.0,0.0,0,,,False,False,False,False,,,False,False,False,False,139193.0,54699.49199387725,False,False,False,False,7098.114140707259,False,False,False,False
2024-07-22 17:00:00+00:00,78.18,78.34,78.04,78.05,4715.0,,,,,,,76.24483448743614,75.99869790732164,75.98710958747813,,,,,,,,,,,76.81820703432821,76.12840392606887,76.05621139549349,,,76.81820703432821,76.20557738968775,"rgba(38, 166, 154, 1.0)",1.4805005484206606,76.33502106319109,1.1583777788116163,66.61089270865234,16.219109254492622,True,False,True,False,False,6.5816580835996845,0.0,0.0,0.0,0.0,0,,,False,False,False,False,,,False,False,False,False,143908.0,56082.56963738302,False,False,False,False,7061.166634649782,False,False,False,False
2024-07-23 17:00:00+00:00,78.46,78.48,78.21,78.35,5064.0,,,,,,,76.35515796511085,76.02921456504126,76.00606837857725,,,,,,,,,,,76.94893463158131,76.20906744649733,76.07819397353117,,,76.94893463158131,76.27110616005652,"rgba(38, 166, 154, 1.0)",1.5071405208372395,76.38000929035339,1.307104866739466,65.19711052931947,24.04198123749339,True,False,True,False,False,7.37850286698319,0.0,0.0,0.0,0.0,0,,,False,False,False,False,,,False,False,False,False,148972.0,57522.71584455537,False,False,False,False,7030.202810856763,False,False,False,False
2024-07-24 17:00:00+00:00,78.43,78.44,77.85,77.85,6107.0,,,,,,,76.45585635511709,76.06034805365893,76.02565159077126,,,,,,,,,,,77.0515733751818,76.28626613147321,76.10071678913442,,,77.0515733751818,76.33006871588945,"rgba(38, 166, 154, 0.5)",1.520107431599357,76.41637641595223,0.9431067530137663,62.3288728040007,21.04219886339014,True,False,True,False,False,5.7785040236863665,0.0,0.0,0.0,0.0,0,,,False,False,False,False,,,False,False,False,False,142865.0,58845.85203301188,False,False,False,False,7015.889588983015,False,False,False,False
2024-07-25 17:00:00+00:00,79.275,79.275,78.09,78.37,5253.0,,,,,,,76.55924732080207,76.09333410226931,76.04655091636525,,,,,,,,,,,77.16522361410271,76.36620338465418,76.12486325268385,,,77.16522361410271,76.39257043181289,"rgba(38, 166, 154, 1.0)",1.5267539522236755,76.47191861096836,1.243213673209846,61.8314811869435,20.161824790441017,True,False,True,False,False,7.176459987567373,0.0,0.0,0.0,0.0,0,,,False,False,False,False,,,False,False,False,False,148118.0,60229.91634257758,False,False,False,False,6988.557967448394,False,False,False,False
2024-07-26 17:00:00+00:00,80.09,80.345,80.02,80.13,6917.0,,,,,,,76.77659043112513,76.16237905651002,76.09047702643528,,,,,,,,,,,77.43301032457894,76.53299664208,76.1760535931047,,,77.43301032457894,76.52858451230567,"rgba(0, 255, 0, 1.0)",1.5824383539791098,76.61765699405842,2.219576514377091,65.04156159595765,20.161824790441017,True,False,True,False,False,11.598620158286803,0.0,0.0,0.0,0.0,0,,,False,False,False,False,,,False,False,False,False,155035.0,61699.76260083218,False,False,False,False,6987.448541596481,False,False,False,False
2024-07-29 17:00:00+00:00,78.82,79.165,78.42,78.89,10629.0,,,,,,,76.95023873518207,76.22999857040344,76.13457159675164,,,,,,,,,,,77.60092300882947,76.67786277926108,76.2266436646333,,,77.60092300882947,76.63670639251016,"rgba(38, 166, 154, 1.0)",1.5861128272922018,76.71211870080381,1.373093554078525,62.965862977632845,20.161824790441017,True,False,True,False,False,7.721106881149343,0.0,0.0,0.0,0.0,0,,,False,False,False,False,,,False,False,False,False,144406.0,62982.02984733091,False,False,False,False,7043.906703742272,False,False,False,False
2024-07-30 17:00:00+00:00,80.87,80.94,80.34,80.49,8774.0,,,,,,80.59,77.18828270856783,76.31952355488365,76.1930984937067,,,,,,,,,,,77.87160835191148,76.87185451647724,76.29436487776519,,,77.87160835191148,77.33267607190172,"rgba(0, 255, 0, 1.0)",1.6314075004217616,77.20795304853806,2.0117885633193673,64.38810766296339,20.161824790441017,True,False,True,False,False,11.46666219775862,0.0,0.0,0.0,0.0,0,,,False,False,False,False,,,False,False,False,False,153180.0,64380.44798923275,False,False,False,False,7070.729855622237,False,False,False,False
2024-07-31 17:00:00+00:00,80.2,80.63,79.985,80.0,5315.0,,,,,,80.4447608063028,77.30324379325837,76.36725877710025,76.22477080443109,,,,,,,,,,,77.99295485455417,76.96905662913703,76.33078932088404,,,77.99295485455417,77.37611928366682,"rgba(0, 255, 255, 0.75)",1.6495396081691567,77.2621830633748,1.6597461031347582,63.861909929725314,20.161824790441017,True,False,True,False,False,9.988080186218756,0.0,0.0,0.0,0.0,0,,,False,False,False,False,,,False,False,False,False,147865.0,65674.78212893457,False,False,False,False,7043.509237705613,False,False,False,False
2024-08-01 17:00:00+00:00,78.88,79.345,78.85,79.205,5926.0,,,,,,80.05647605962196,77.37783292525802,76.40463611736912,76.2501489730633,,,,,,,,,,,78.05545319325373,77.03721141412744,76.35959443365248,,,78.05545319325373,77.36305044519229,"rgba(38, 166, 154, 1.0)",1.6580434578466376,77.26696598934315,1.168868042321307,61.26658834605014,17.92330188551972,True,False,True,False,False,7.648297052311804,0.0,0.0,0.0,0.0,0,,,False,False,False,False,,,False,False,False,False,141939.0,66857.17310367977,False,False,False,False,7026.183513090022,False,False,False,False
2024-08-02 17:00:00+00:00,78.32,78.735,77.98,78.72,6847.0,,,,,,79.65421475194202,77.42732634897698,76.43651479772635,76.2723879756489,,,,,,,,,,,78.08063636469059,77.08780574512849,76.38446044528092,,,78.08063636469059,77.33476377562775,"rgba(38, 166, 154, 0.5)",1.6779119048270328,77.25429718824137,0.87352786969452,58.25531582124573,14.742576421446358,False,False,True,False,False,6.255717383689543,0.0,0.0,0.0,0.0,0,,,False,False,False,False,,,False,False,False,False,135092.0,67915.07739664597,False,False,False,False,7023.405474127386,False,False,False,False
2024-08-05 17:00:00+00:00,76.13,76.41,75.91,76.015,11560.0,,,,,,78.58837081186125,77.33447798703743,76.4282968235384,76.269724566441,,,,,,,,,,76.11166666666666,77.90075641187751,77.03318440639788,76.37916015790233,,,77.90075641187751,77.0057047289653,"rgba(239, 83, 80, 0.5)",1.6785104185631814,77.00429183282512,-0.5893867692950985,51.01215361270255,7.855790128617329,False,True,False,False,False,0.0,0.0,0.0,0.0,0.0,0,,,False,False,False,False,,,False,False,False,False,123532.0,68777.35526646541,False,False,False,False,7093.740272978124,False,False,False,False
2024-08-06 17:00:00+00:00,76.95,77.47,76.41,76.48,6780.0,,,,,,78.31812714776632,77.31270490762181,76.43353634079807,76.27470053386604,,,,,,,,,,76.36120319883678,77.84409758268575,77.02535107411728,76.38375161266558,,,77.84409758268575,76.9941840497947,#000000,1.6780905117918068,76.9863251510437,-0.3017269613800871,47.34620091169881,4.510767823134444,False,True,False,True,False,0.29236626809244726,0.0,0.0,0.0,0.0,0,,,False,False,False,False,,,False,False,False,False,130312.0,69731.38076621013,False,False,False,False,7088.876082699393,False,False,False,False
2024-08-07 17:00:00+00:00,77.125,77.345,76.23,76.325,9800.0,,,,,,78.01793843860224,77.27579584407424,76.43767122106425,76.27962184891602,,,,,,,,,,76.45597488746742,77.76118938483467,77.00813643471986,76.38775114313918,,,77.76118938483467,76.95300990035224,#000000,1.6774198601981885,76.9444922181243,-0.36931255723364304,44.63289108191562,1.9876017530054924,False,True,False,True,False,0.0,0.0,0.0,0.0,0.0,0,,,False,False,False,False,,,False,False,False,False,120512.0,70518.67718843943,False,False,False,False,7130.90901164979,False,False,False,False
2024-08-08 17:00:00+00:00,77.06,77.47,77.01,77.47,10041.0,,,,,,77.90967975031903,77.2779509275694,76.45592273327597,76.29400042805857,,,,,,,,,,76.68232323232323,77.73204639683462,77.02142039363662,76.40275664641746,,,77.73204639683462,76.97201256355436,#000000,1.6820568918402574,76.95493009064694,0.3062143211990564,45.73606398212514,1.9876017530054924,False,True,False,True,False,2.695265957146269,0.0,0.0,0.0,0.0,0,,,False,False,False,False,,,False,False,False,False,130553.0,71449.44188319231,False,False,False,False,7176.026701391653,False,False,False,False
2024-08-09 17:00:00+00:00,77.67,78.0,77.63,77.86,8395.0,,,,,,77.90057123015333,77.30126059789123,76.47937000690419,76.31160185368452,,,,,,,,,,76.88918398603,77.73713652570069,77.04951594544814,76.4217757436841,,,77.73713652570069,77.01130198618702,"rgba(38, 166, 154, 0.5)",1.6871488289925956,76.98584160707078,0.5181276114515526,47.37715368891283,1.9876017530054924,False,True,False,True,False,3.616425254404753,0.0,0.0,0.0,0.0,0,,,False,False,False,False,,,False,False,False,False,138948.0,72495.93115632112,False,False,False,False,7194.92551222279,False,False,False,False
2024-08-12 17:00:00+00:00,77.0,77.26,76.85,76.85,6534.0,,,,,,77.82590194067924,77.29125082580572,76.4860192408635,76.31756951763496,,,,,,,,,,76.90117705391326,77.7079635424723,77.04786099726361,76.42757448478727,,,77.7079635424723,77.00066470042748,#000000,1.6862471872701492,76.97529960510256,-0.07430678375536116,46.24243268618512,1.9876017530054924,False,True,False,True,False,1.0558854888509899,0.0,0.0,0.0,0.0,0,,,False,False,False,False,,,False,False,False,False,132414.0,73424.89346397505,False,False,False,False,7184.678605056544,False,False,False,False
2024-08-13 17:00:00+00:00,76.53,77.115,76.34,77.075,9105.0,,,,,,77.72546875175411,77.27223427834251,76.4924283833389,76.32396735513224,,,,,,,,,,76.89271177904578,77.66353432172063,77.0406218609569,76.43343779848477,,,77.66353432172063,76.98055056609698,#000000,1.6806483412203623,76.95624252818683,0.07066170173763754,46.083930795390025,1.9876017530054924,False,True,False,True,False,1.5993276632381033,0.0,0.0,0.0,0.0,0,,,False,False,False,False,-0.02049489907307968,-0.02049489907307968,False,False,False,False,141519.0,74480.61604592892,False,False,False,False,7214.45102978435,False,False,False,False
2024-08-14 17:00:00+00:00,77.52,77.72,77.39,77.715,5755.0,,,,,,77.71836024056577,77.2810177402387,76.50493806550894,76.33377058330208,,,,,,,,,,76.95330324653033,77.6617978438082,77.0530446440227,76.44381815241661,,,77.6617978438082,76.99375631454917,#000000,1.6866667699319562,76.9672217552741,0.4433467582669423,47.65837859293107,1.9876017530054924,False,True,False,True,True,3.132370972991154,0.0,0.0,0.0,0.0,0,0.8692142345354672,0.8024361117745398,False,False,False,False,0.05368911962081996,0.01659711027387014,False,False,False,False,147274.0,75609.19564211607,False,False,False,False,7191.823882035756,False,False,False,False
2024-08-15 17:00:00+00:00,78.5,78.57,78.23,78.39,10680.0,,,,,,77.78701890148356,77.33262184831487,76.54349136047476,76.36258269700139,,,,,,,,,,77.14929970332697,77.70233165139669,77.10547790781655,76.47532060935339,,,77.70233165139669,77.05726808489602,"rgba(38, 166, 154, 0.5)",1.7008442206924668,77.02325688300243,0.8035674874687376,50.336639140340935,1.9876017530054924,False,True,False,False,True,4.7122781667355795,0.0,0.0,0.0,0.0,0,0.8728797498341707,0.7965033639723298,False,False,False,False,0.13006338681725516,0.07333024854556265,False,False,False,False,157954.0,76885.85927557164,False,False,False,False,7245.9041319266735,False,False,False,False
2024-08-16 17:00:00+00:00,78.94,79.0,78.81,78.925,6452.0,,,,,,77.85182747728436,77.37554633089948,76.57229353480476,76.38391098370643,,,,,,,,,,77.2829133862894,77.74132958979332,77.14707819436858,76.49883458562263,,,77.74132958979332,77.10671676034613,"rgba(38, 166, 154, 1.0)",1.7233577324147675,77.06775750449616,1.0776883177362562,53.32369528188927,-2.4208154116367453,False,True,True,False,True,5.940135517339719,0.0,0.0,0.0,0.0,0,0.8793919878776402,0.7933989961170562,False,False,False,False,0.1763807361074206,0.12485549232649162,False,False,False,False,164406.0,78242.76068215191,False,False,False,False,7233.595540734012,False,False,False,False
2024-08-19 17:00:00+00:00,79.43,79.48,79.145,79.365,6029.0,,,,,,77.92735655222485,77.42396277775951,76.60328217706751,76.40676625061658,,,,,,,,,,77.41834353842272,77.78780105317466,77.19306937261204,76.52413945544951,,,77.78780105317466,77.16059014716592,"rgba(38, 166, 154, 1.0)",1.74863505327711,77.11673445589246,1.2857259951949802,56.26484148693118,0.5019994456928814,False,False,True,False,True,6.937942049045731,0.0,0.0,0.0,0.0,0,0.8798010892730288,0.7904333412266157,False,False,False,False,0.21430045256571273,0.16957797244610218,False,False,False,False,170435.0,79672.09772583947,False,False,False,False,7214.919640877671,False,False,False,False
2024-08-20 17:00:00+00:00,78.895,79.155,78.78,78.895,12432.0,,,,,,78.02419859433903,77.49780259022391,76.65627624214116,76.44670460023998,,,,,,,,,,77.6014076938675,77.85353566945338,77.26594232821597,76.56791926867258,,,77.85353566945338,77.2392233733942,"rgba(38, 166, 154, 0.5)",1.7634382953824925,77.18950547336577,0.9671415955409437,56.61813585336127,1.0387459945936257,False,False,True,False,True,5.66754761996598,0.0,0.0,0.0,0.0,0,0.8694931312174327,0.7972524869729982,False,False,False,False,0.18216153935999915,0.17586975590305065,False,False,False,False,158003.0,80886.53031923731,False,False,False,False,7295.804607685768,False,False,False,False
2024-08-21 17:00:00+00:00,78.755,79.05,78.725,79.03,18077.0,,,,,,78.13506953890632,77.5926607152637,76.72892165092688,76.50239755474362,,,,,,,,,,77.79959371917133,77.93615743088664,77.36122022258782,76.62860985863354,,,77.93615743088664,77.33557883638998,"rgba(38, 166, 154, 0.5)",1.7840344677112792,77.28057596748873,0.9805999066574037,57.2016268289447,1.904472863750648,False,False,True,False,True,5.981187188840202,0.0,0.0,0.0,0.0,0,0.8644019547373916,0.8024861223134219,False,False,False,False,0.17476421593151592,0.17531698591728329,False,False,False,False,176080.0,82362.39806622587,False,False,False,False,7462.954923845679,False,False,False,False
2024-08-22 17:00:00+00:00,79.39,79.48,79.17,79.44,3060.0,,,,,,78.15986788684938,77.61222509884634,76.7430619253516,76.51319594911021,,,,,,,,,,77.83796615878109,77.95437852211599,77.3803816565487,76.64042764017303,,,77.95437852211599,77.35518810472203,"rgba(38, 166, 154, 1.0)",1.809333974818445,77.29916997516595,1.1832144063115069,58.66095432115081,3.6103847372310085,False,False,True,False,True,6.935387762672832,0.0,0.0,0.0,0.0,0,0.8722888127853883,0.7974695585996953,False,False,False,False,0.2154727436684719,0.1953948647928776,False,False,False,False,179140.0,83862.8260031836,False,False,False,False,7394.692056809312,False,False,False,False
2024-08-23 17:00:00+00:00,80.26,80.445,80.13,80.35,4380.0,,,,,,78.22021262178673,77.6542012974318,76.77024481192971,76.53358942492467,,,,,,,,,,77.9217917570499,77.99662424470888,77.41994991396926,76.66297601921158,,,77.99662424470888,77.39744876137658,"rgba(0, 255, 255, 0.75)",1.8533450474384796,77.33895881386944,1.6246522417895874,61.70197749073588,6.707142377229879,True,False,True,False,True,9.00188662036226,0.0,0.0,0.0,0.0,0,0.8786670464255198,0.7954049178771476,False,False,False,False,0.3077865651320336,0.2515907149624556,False,False,False,False,183520.0,85407.89846825051,False,False,False,False,7347.952645075834,False,False,False,False
2024-08-26 17:00:00+00:00,80.64,80.76,80.29,80.33,3925.0,,,,,,78.27520311675747,77.69280869412796,76.79528334774088,76.55240592054284,,,,,,,,,,77.99669471072517,78.0356141263511,77.45632479153582,76.68377874044545,,,78.0356141263511,77.43601418102833,"rgba(0, 255, 255, 0.75)",1.8998753325624151,77.37536780450753,1.5551716182911168,63.63946850026086,8.686347751407432,True,False,True,False,True,8.944729576799727,0.0,0.0,0.0,0.0,0,0.873030935661416,0.7960239134560632,False,False,False,False,0.33131068005967546,0.29145069751106556,False,False,False,False,179595.0,86868.16360827762,False,False,False,False,7294.883611818845,False,False,False,False
2024-08-27 17:00:00+00:00,80.53,80.82,80.53,80.69,6141.0,,,,,,78.36416182754245,77.75576308122076,76.83609493317547,76.58312408629386,,,,,,,,,,78.11511836488295,78.09951718728277,77.51556497842945,76.71774274689885,,,78.09951718728277,77.49838590071582,"rgba(0, 255, 255, 0.75)",1.95359054282336,77.43441522332516,1.6664621911866007,65.73818847843786,10.800017755098523,True,False,True,False,True,9.76007307457093,0.0,0.0,0.0,0.0,0,0.8763591472389726,0.7925549594036366,False,False,False,False,0.34282824440988763,0.31713947096047657,False,False,False,False,185736.0,88400.99828101751,False,False,False,False,7276.993943418552,False,False,False,False
2024-08-28 17:00:00+00:00,81.07,81.415,80.98,81.3,3805.0,,,,,,78.42841401031332,77.80056657836376,76.86452233889581,76.60446105206864,,,,,,,,,,78.19807312762184,78.14572339589627,77.55740108389055,76.74138877339641,,,78.14572339589627,77.54256879505581,"rgba(0, 255, 255, 0.75)",2.0229180711344625,77.47625820504838,1.8902109035029986,68.38400871797961,13.388350815948684,True,False,True,False,True,11.123326775230996,0.0,0.0,0.0,0.0,0,0.8857822158820733,0.7858773181169754,False,False,False,False,0.3428282450695566,0.3299838580150166,False,False,False,False,189541.0,89969.06032317228,False,False,False,False,7223.164579954698,False,False,False,False
2024-08-29 17:00:00+00:00,81.77,81.9,81.61,81.69,4461.0,,,,,,78.5130120863315,77.85911375895328,76.90116118736788,76.63191371371276,,,,,,,,,,78.3050576049892,78.20671828869207,77.61180121052482,76.77186015506804,,,78.20671828869207,77.60007975070495,"rgba(0, 255, 255, 0.75)",2.0995317302880494,77.53074912520383,1.981037397432205,70.86854438478198,15.787467437789445,True,False,True,False,True,11.98240700893254,0.0,0.0,0.0,0.0,0,0.8905116411399308,0.7802171748304799,False,False,False,False,0.34282824568379827,0.3364060518494074,False,False,False,False,194002.0,91581.97411661145,False,False,False,False,7180.3403229011365,False,False,False,False
2024-08-30 17:00:00+00:00,81.65,82.1,81.55,81.945,9830.0,,,,,81.86499999999998,78.69198723728617,77.98634967435358,76.98212955726248,76.69291646160957,,,,,,,,,,78.52760777442839,78.3388216368254,77.73048524668033,76.83945703925433,,,78.3388216368254,78.18386162530004,"rgba(0, 255, 255, 0.75)",2.1778786748858066,77.97278175321695,1.8238932648492554,72.9837438584544,17.83972185319888,True,False,True,False,True,12.542839327643751,0.0,0.0,0.0,0.0,0,0.8889942624116839,0.7819242258997577,False,False,False,False,0.3428282457552641,0.33961714880233573,False,False,False,False,203832.0,93322.28459542368,False,False,False,False,7221.420317894917,False,False,False,False
2024-09-02 17:00:00+00:00,81.945,81.945,81.945,81.945,0.0,,,,,81.86499999999998,78.69198723728617,77.98634967435358,76.98212955726248,76.69291646160957,,,,,,,,,,78.52760777442839,78.3388216368254,77.73048524668033,76.83945703925433,,,78.3388216368254,78.18386162530004,"rgba(0, 255, 255, 0.75)",2.2513326643936,77.97278175321695,1.7643852948106926,74.39387684090269,19.274317580324265,True,False,True,False,True,12.542839327643751,0.0,0.0,0.0,0.0,0,0.88852208028324,0.7888617769484709,False,False,False,False,0.342828245875093,0.34122269733871435,False,False,False,False,203832.0,95035.61351642487,False,False,False,False,7109.460312966314,False,False,False,False
2024-09-03 17:00:00+00:00,81.93,82.02,81.56,81.675,7021.0,,,,,81.81777945918144,78.80438493132766,78.06987454766809,77.03705694285429,76.734687880021,,,,,,,,,,78.66541189028165,78.4246319461107,77.8090639925186,76.8855851757237,,,78.4246319461107,78.24983075174302,"rgba(0, 255, 255, 0.75)",2.312683753595366,78.0399993237228,1.5717672901131088,73.50839670901009,19.274317580324265,True,False,True,False,True,11.692844958620338,0.0,0.0,0.0,0.0,0,0.8870851889096395,0.7872910980223142,False,False,False,False,0.32964759070049593,0.33543514401960517,False,False,False,False,196811.0,96613.52648516247,False,False,False,False,7108.088835245906,False,False,False,False
2024-09-04 17:00:00+00:00,81.76,82.05,81.49,82.005,6375.0,,,,,81.82616579121098,78.90263896202532,78.14447641508947,77.08684629990059,76.77274218853056,,,,,,,,,,78.78432516985275,78.50105010608725,77.87948418916663,76.92754224659448,,,78.50105010608725,78.31391904093977,"rgba(0, 255, 255, 0.75)",2.37692098130147,78.10369863930549,1.6413256441357877,73.75522096181024,19.274317580324265,True,False,True,False,True,12.450279133704626,0.0,0.0,0.0,0.0,0,0.8881286185941911,0.7866883582946547,False,False,False,False,0.3279549724792121,0.33169505824940865,False,False,False,False,203186.0,98265.81289624522,False,False,False,False,7096.72311687,False,True,False,False
2024-09-05 17:00:00+00:00,80.615,81.03,80.52,80.78,13850.0,,,,,81.4341180278347,79.02544607680782,78.25273974236758,77.16797884686521,76.83644570156628,,,,,,,,,,78.93389549275112,78.60629577623132,77.98521325351257,76.9969662866234,,,78.60629577623132,78.35989991161779,"rgba(38, 166, 154, 1.0)",2.387232447156442,78.16450438798618,1.0956183236907955,67.22114236362137,22.24793741481831,True,False,True,False,False,8.658874054726269,0.0,0.0,0.0,0.0,0,0.8782932416953034,0.7965349369988539,False,False,False,False,0.2457929574043448,0.2887440078268767,False,False,False,False,189336.0,99677.75378157475,False,False,False,False,7201.42508405031,False,False,False,False
2024-09-06 17:00:00+00:00,79.82,79.83,79.35,79.415,8532.0,,,,,81.0782218031924,79.04508876730854,78.28434388561442,77.19956799260669,76.86260566178902,,,,,,,,,,78.96031857665874,78.63193008458985,78.01921499174931,77.0248195988376,,,78.63193008458985,78.34512348470518,"rgba(38, 166, 154, 0.5)",2.3819465088811165,78.16357417924762,0.5253794810615737,58.292165026161726,14.201736766103252,False,True,True,False,False,4.728593288479679,0.0,0.0,0.0,0.0,0,0.8701986754966886,0.8029328287606428,False,False,False,False,0.1519367631723859,0.2203403854996313,False,False,False,False,180804.0,100935.52504077514,False,False,False,False,7222.054152514646,False,False,False,False
2024-09-09 17:00:00+00:00,81.145,81.22,80.455,80.48,10340.0,,,,,81.01170920616762,79.12023948623504,78.35511749928524,77.25565084919063,76.90743269742148,,,,,,,,,,79.0497062270522,78.69969938995277,78.0892693447861,77.07336120266018,,,78.69969938995277,78.39579843363903,"rgba(38, 166, 154, 0.5)",2.3905012384792705,78.21800813389957,0.9462416624972795,55.951431444945946,12.423670754207933,False,True,True,False,False,7.262168104604271,0.0,0.0,0.0,0.0,0,0.8715412253277962,0.7943166441136665,False,False,False,False,0.2508487543955861,0.23559456994760872,False,False,False,False,191144.0,102334.10604789491,False,False,False,False,7270.394398212094,False,False,False,False
2024-09-10 17:00:00+00:00,79.635,79.64,79.34,79.435,11183.0,,,,,80.75516162428684,79.13651922426352,78.38915996888302,77.29320241446923,76.93927484541136,,,,,,,,,,79.07170080900643,78.72589790978164,78.12701447690107,77.10697264448484,,,78.72589790978164,78.39387821305421,"rgba(38, 166, 154, 0.5)",2.3689057419859822,78.2271756155868,0.509865953299018,51.5330257828618,8.548323330326816,False,True,False,False,False,4.396046770045832,0.0,0.0,0.0,0.0,0,0.8726099870057544,0.8019305736031179,False,False,False,False,0.14415843960053595,0.18987650477407234,False,False,False,False,179961.0,103537.62378358646,False,False,False,False,7331.054950177798,False,False,False,False
2024-09-11 17:00:00+00:00,77.64,78.0,77.5,77.71,7990.0,,,,,80.43410925928391,79.09167140479961,78.37524927646054,77.29850729669465,76.94628727909907,,,,,,,,,77.73666666666666,79.02376669228083,78.70247940054932,78.11954521723717,77.1132153613586,,,78.70247940054932,78.28414978544303,#000000,2.33616806827826,78.15887787109565,-0.19214279879549967,45.21495842713705,2.929008080725879,False,True,False,True,False,0.0,0.0,0.0,0.0,0.0,0,0.8643904232342262,0.8120950323974075,False,False,False,False,0.010749905671690875,0.1003132052228816,False,False,False,False,171971.0,104598.60636058512,False,False,False,False,7341.2711525006225,False,False,False,False
2024-09-12 17:00:00+00:00,77.9,78.17,77.74,78.05,6212.0,,,,,80.24718004991823,79.06481654779928,78.36891347979385,77.30484848102768,76.95335231090571,,,,,,,,,77.84601746232924,78.99560229367489,78.68954266202337,78.11759738288173,77.11989622837434,,,78.68954266202337,78.27077668987285,#000000,2.32271965087832,78.14892803125005,-0.04259146436921265,42.124819300856544,0.2865222288491083,False,True,False,True,False,0.821847651290728,0.0,0.0,0.0,0.0,0,0.8604865462587539,0.8157482491706591,False,False,False,False,0.026356630561415004,0.0633349178921483,False,False,False,False,178183.0,105739.4496728241,False,False,False,False,7323.763072616892,False,False,False,False
2024-09-13 17:00:00+00:00,78.53,78.635,78.13,78.3,4896.0,,,,,80.13974387966925,79.05147596508804,78.36873694994547,77.31242030613988,76.96081427194109,,,,,,,,,77.97650120431459,78.98217832771928,78.68484432294848,78.120308846743,77.1272973456476,,,78.68484432294848,78.27243214201566,#000000,2.3223803084975168,78.1509052812124,0.06419909703938743,40.91147836908872,-0.8454546312432427,False,True,False,True,False,1.430480127480802,0.0,0.0,0.0,0.0,0,0.8622390192192466,0.8130156242798535,False,False,False,False,0.05895260023650811,0.06114375906432821,False,False,False,False,183079.0,106938.51246859427,False,False,False,False,7286.12333505694,False,False,False,False
2024-09-16 17:00:00+00:00,78.92,78.975,78.67,78.86,6791.0,,,,,80.04449000215007,79.04597607253933,78.37680055533342,77.32749675938683,76.97455228429064,,,,,,,,,78.20169589400903,78.97802127697919,78.68771344014014,78.13145443181668,77.14137413580406,,,78.68771344014014,78.29095748524495,#000000,2.3182411455689254,78.16715940642767,0.2988647643048782,41.96559617527782,-0.8454546312432427,False,True,False,True,False,2.7848257759291855,0.0,0.0,0.0,0.0,0,0.8622275360985925,0.8101260001839411,False,False,False,False,0.09263361033617293,0.07688868470025056,False,False,False,False,189870.0,108224.27196520522,False,False,False,False,7278.447004280863,False,False,False,False
2024-09-17 17:00:00+00:00,79.06,79.315,78.965,79.3,5307.0,,,,,79.99855055071343,79.04884482570985,78.38768878062098,77.34182392994701,76.98718976207701,,,,,,,,,78.37039123605591,78.98267117415901,78.69515234557291,78.14423982306639,77.15450782692876,,,78.69515234557291,78.31110602548513,#000000,2.313868051631308,78.18497604441845,0.4818874415917719,44.0541933004645,-0.8454546312432427,False,True,False,True,True,3.8351793745812444,0.0,0.0,0.0,0.0,0,0.8655968364907114,0.8052234688247186,False,False,False,False,0.11706396873093841,0.09697632671559449,False,False,False,False,195177.0,109572.37627582219,False,False,False,False,7247.881934447051,False,False,False,False
2024-09-18 17:00:00+00:00,79.125,79.76,79.06,79.2,2320.0,,,,,79.9833703935537,79.05130182246293,78.39320799109342,77.34850897103485,76.99303351361807,,,,,,,,,78.4375082050364,78.98601313262837,78.69927328861772,78.15050079969063,77.16060590170456,,,78.69927328861772,78.32033240194407,#000000,2.29797389607165,78.19324034546995,0.43810752430699806,45.1467068798543,-0.8454546312432427,False,True,False,True,True,3.5701549368745766,0.0,0.0,0.0,0.0,0,0.8725151053918173,0.7987638946543046,False,False,False,False,0.13794827422681546,0.11746230047120498,False,False,False,False,192857.0,110863.61075216603,False,False,False,False,7171.480664145546,False,False,False,False
2024-09-19 17:00:00+00:00,79.445,79.49,79.16,79.27,11549.0,,,,,79.9137132636933,79.0615968222385,78.41882279599757,77.38058651287064,77.02129005587474,,,,,,,,,78.66025115573801,79.0002778227173,78.7180001592878,78.17987051574477,77.1900061564741,,,78.7180001592878,78.35444152606367,#000000,2.2820439648826523,78.22551223166845,0.45769835481029375,46.12919969281613,-0.8454546312432427,False,True,False,True,True,3.7412651504782986,0.0,0.0,0.0,0.0,0,0.8728687916975533,0.8078206078576715,False,False,False,False,0.13136152766414666,0.12441191406767582,False,False,False,False,204406.0,112313.88035290764,False,False,False,False,7239.349180980498,False,False,False,False
2024-09-20 17:00:00+00:00,78.91,79.01,78.26,78.475,18776.0,,,,,79.72275254761831,79.03207581753732,78.42592300642391,77.41174447817174,77.05166908958185,,,,,,,,,78.63713901202466,78.97204400516311,78.71149264032947,78.1958061248846,77.22032652155029,,,78.71149264032947,78.33809732432852,#000000,2.263459158094095,78.21863723802494,0.11326149228639958,44.2818265210314,-0.8454546312432427,False,True,False,True,True,1.6143538368482702,0.0,0.0,0.0,0.0,0,0.8664517614552147,0.8108680635505402,False,False,False,False,0.07825969117599338,0.1013358026218346,False,False,False,False,185630.0,113450.56437844395,False,False,False,False,7418.211984376149,False,False,False,False
2024-09-23 17:00:00+00:00,78.5,78.72,78.355,78.71,7550.0,,,,,79.66128554790333,79.02152605851737,78.4288362708695,77.42396001890621,77.06365747623599,,,,,,,,,78.63268257436745,78.9620882732845,78.7092988326557,78.2020725398835,77.23226520241579,,,78.7092988326557,78.33376727950392,#000000,2.2470786340017224,78.21747038897745,0.21918663796176255,44.02751565145441,-0.8454546312432427,False,True,False,True,True,2.2074276083838917,0.0,0.0,0.0,0.0,0,0.8660573443444367,0.8203581701772286,False,False,False,False,0.07079836010572056,0.08606708136377758,False,False,False,False,193180.0,114686.6796593983,False,False,False,False,7420.25520942458,False,False,False,False
2024-09-24 17:00:00+00:00,78.425,78.435,77.95,78.105,8934.0,,,,,79.57052827058016,78.99769522581045,78.42353111704048,77.43288328157244,77.07367341498052,,,,,,,,,78.58048007054674,78.93788735411549,78.69739758298279,78.20136607286835,77.24173622536603,,,78.69739758298279,78.31571786158635,#000000,2.205683030408104,78.2047899867537,-0.04524221539448849,42.04398058894706,-2.088826994178156,False,True,False,True,False,0.6023561845129137,0.0,0.0,0.0,0.0,0,0.8549685418208729,0.8236491487786818,False,False,False,False,0.044454161897748395,0.06526062163076299,False,False,False,False,184246.0,115765.11873444638,False,False,False,False,7443.7241209063695,False,False,False,False
2024-09-25 17:00:00+00:00,78.17,78.21,77.98,78.105,9436.0,,,,,79.48198563342936,78.97206947069847,78.41680989700264,77.44125889190195,77.08343658415824,,,,,,,,,78.52979506689988,78.9118540724626,78.68391549402149,78.19941904166824,77.2508414975895,,,78.68391549402149,78.29713856498323,#000000,2.173100624527995,78.19145377958303,-0.03978360624777904,40.721623880608824,-3.742430212334007,False,True,False,True,False,0.6023561845129137,0.0,0.0,0.0,0.0,0,0.8554611762533463,0.8235158341796689,False,False,False,False,0.03702180124472055,0.051141211437741765,False,False,False,False,184246.0,116826.83782383481,False,False,False,False,7474.612119031853,False,False,False,False
2024-09-26 17:00:00+00:00,78.56,78.755,78.335,78.675,13040.0,,,,,79.41340981490636,78.95753189950203,78.42157292511818,77.46086959846903,77.10299466394515,,,,,,,,,78.53722047126648,78.89856026373062,78.68103246437823,78.20931699172282,77.27020411116206,,,78.68103246437823,78.29527132042008,#000000,2.129681780568663,78.19329494369718,0.22618640056834727,42.518444036373694,-3.742430212334007,False,True,False,True,False,2.089297713061516,0.0,0.0,0.0,0.0,0,0.8590734484194932,0.8182070625260326,False,False,False,False,0.0713720188087316,0.061256615123236685,False,False,False,False,197286.0,118074.2666947831,False,False,False,False,7560.897202457716,False,False,False,False
2024-09-27 17:00:00+00:00,78.99,79.08,78.82,78.94,15145.0,,,,,79.37521584709788,78.95707397966518,78.43797892246054,77.4897973005401,77.13040967932177,,,,,,,,,78.58979590942747,78.90075152862198,78.6900231787216,78.23048624249155,77.29792562692708,,,78.6900231787216,78.30994582152752,#000000,2.073027211548231,78.20999002044493,0.3521468389263733,44.857936570499916,-3.742430212334007,False,True,False,True,True,2.7741115779499843,0.0,0.0,0.0,0.0,0,0.8670466657398392,0.8136150887436854,False,False,False,False,0.1024293633615312,0.08184298924238395,False,False,False,False,212431.0,119537.16178478645,False,False,False,False,7678.480191566899,False,False,False,False
2024-09-30 17:00:00+00:00,78.625,79.14,78.36,79.08,6204.0,,,,,79.35850535773723,78.95542649304937,78.44331201699602,77.50063886111423,77.1408812833915,,,,,,,,,78.60329849644246,78.90000506358264,78.69234764038686,78.23780372865772,77.30843545168636,,,78.69234764038686,78.31406543930444,#000000,2.0488955759336998,78.2151394386959,0.4221106099611611,47.0298546066198,-8.034656648156584,False,True,False,True,True,3.137973666708344,0.0,0.0,0.0,0.0,0,0.8621486686390529,0.8163369082840232,False,False,False,False,0.08707149126704708,0.08445724025471552,False,False,False,False,218635.0,121073.56237727038,False,False,False,False,7655.620033558109,False,False,False,False
2024-10-01 17:00:00+00:00,79.77,79.8,79.24,79.31,13904.0,,,,,79.3647053309615,78.97354847734977,78.47103750282264,77.53460401023234,77.17179356149593,,,,,,,,,78.68857337225529,78.92169308020203,78.71487759487108,78.26858089584252,77.34024761646317,,,78.71487759487108,78.34496614424964,#000000,2.0403628673915404,78.32615451962312,0.4821914258980131,49.4994640972673,-5.5595458450364745,False,True,False,False,True,3.7397910550875757,0.0,0.0,0.0,0.0,0,0.8779875383613873,0.8077745745373379,False,False,False,False,0.1464900763082344,0.11547365828147496,False,False,False,False,232539.0,122801.70869700261,False,False,False,False,7752.49414156496,False,False,False,False
2024-10-02 17:00:00+00:00,79.1,79.1,78.5,78.64,10810.0,,,,,79.33377406884419,78.96726411355586,78.47681572391197,77.55080376903123,77.1880161234173,,,,,,,,,78.69279191073731,78.91648669856843,78.71559593115417,78.27783550547122,77.35630503632885,,,78.71559593115417,78.34756888810205,#000000,2.02753704490647,78.3101566143019,0.1626818047673765,48.03921510923686,-5.5595458450364745,False,True,False,False,True,1.8272900241291552,0.0,0.0,0.0,0.0,0,0.8697687352273251,0.8075265328822351,False,False,False,False,0.09090683970701963,0.1031902489942473,False,False,False,False,221729.0,124335.46515131266,False,False,False,False,7799.897333168604,False,False,False,False
2024-10-03 17:00:00+00:00,78.39,78.39,78.01,78.155,7232.0,,,,,79.29655664413356,78.95303186239363,78.47277962543635,77.55642425438155,77.19483970057799,,,,,,,,,78.6692656762505,78.90221374886794,78.70769405461802,78.2766486142637,77.36258683194171,,,78.70769405461802,78.3392041012865,#000000,2.017174417503409,78.29021765370256,-0.06703319878005826,45.225462128792955,-5.5595458450364745,False,True,False,True,False,0.4732198916578021,0.0,0.0,0.0,0.0,0,0.8679008908685966,0.8117112100965101,False,False,False,False,0.04502607484062413,0.07410816191743572,False,False,False,False,214497.0,125733.31840478067,False,False,False,False,7791.092723352036,False,False,False,False
2024-10-04 17:00:00+00:00,78.93,79.395,78.89,79.29,5620.0,,,,,79.29398076735404,78.95635872355943,78.48042411851816,77.56760908687436,77.20540394793076,,,,,,,,,78.68742030267052,78.90653716810317,78.71323096888453,78.28565003115764,77.373298296838,,,78.71323096888453,78.34699134118907,#000000,2.0120835465252873,78.30052077806633,0.49176845744921077,48.25532425188548,-5.5595458450364745,False,True,False,False,True,3.4831876288937487,0.0,0.0,0.0,0.0,0,0.8736133673706192,0.7980970062659544,False,False,False,False,0.11725684882687264,0.09568250537215417,False,False,False,False,220117.0,127196.63129772981,False,False,False,False,7757.432371052005,False,False,False,False
2024-10-07 17:00:00+00:00,77.11,77.13,76.35,76.495,8324.0,,,,,79.20147734475688,78.90986705797049,78.45217096537436,77.55848979531184,77.20115043841378,,,,,,,,76.65833333333333,78.58809002783657,78.85787654420501,78.67899083324825,78.26227959681073,77.36715012551784,,,78.67899083324825,78.15780691479809,"rgba(239, 83, 80, 0.5)",2.0197075049137654,78.14233261069468,-0.8156292961663334,42.97913008546774,-1.446476823224188,False,True,False,True,False,0.0,0.0,0.0,0.0,0.0,0,0.8675710008166223,0.8026948552762901,False,False,False,False,-0.06621074053763548,0.014735882417259344,False,False,False,False,211793.0,128508.20290551694,False,False,False,False,7766.21636529926,False,False,False,False
2024-10-08 17:00:00+00:00,77.305,77.47,77.03,77.31,8795.0,,,,,79.1324135585135,78.87554707230788,78.43311532871596,77.555464819842,77.20171142931348,,,,,,,,76.9725811476527,78.52326713637338,78.82237538703231,78.65461397307125,78.24744785780362,77.36627538301674,,,78.65461397307125,78.1622557357857,#000000,2.0081799231152533,78.12963143310938,-0.4081464134139432,42.09164502891589,-2.2101041925206673,False,True,False,True,False,0.0,0.0,0.0,0.0,0.0,0,0.8760953461975023,0.7928717366628824,False,False,False,False,-0.027308606106274547,-0.006286361844507602,False,False,False,False,220588.0,129935.79665891977,False,False,False,False,7782.16649917059,False,False,False,False
2024-10-09 17:00:00+00:00,78.17,78.365,78.075,78.27,8951.0,,,,,79.10096084869454,78.86222289143994,78.42994458509293,77.56265753555009,77.21022330633217,,,,,,,,77.40659838895282,78.50960604979426,78.80934456212037,78.64738217299272,78.2472863090475,77.37417899248211,,,78.64738217299272,78.1964005129545,#000000,1.967829949896912,78.15258220633041,0.059668668868333614,44.16572499455562,-2.2101041925206673,False,True,False,True,False,0.7350781872604983,0.0,0.0,0.0,0.0,0,0.8815373498328962,0.7862433384518104,False,False,False,False,0.04655132095495705,0.020132479555224726,False,False,False,False,229539.0,131480.0323696342,False,False,False,False,7800.287948795852,False,False,False,False
2024-10-10 17:00:00+00:00,77.97,78.25,77.85,78.195,12007.0,,,,,79.05585981402946,78.84143398957686,78.42291707040415,77.57013878178174,77.21991430341421,,,,,,,,77.6247264315291,78.48488971085071,78.78874024141436,78.63492745929307,78.24435132200459,77.38289358248234,,,78.63492745929307,78.2064357006164,#000000,1.935312910891318,78.15713465244683,0.019565491110027203,45.3609912688686,-2.2101041925206673,False,True,False,True,True,0.547924536014623,0.0,0.0,0.0,0.0,0,0.8810311239976437,0.787024872015584,False,False,False,False,0.03359290895665141,0.02686269425593807,False,False,False,False,217532.0,132814.1714026631,False,False,False,False,7865.508290674986,False,False,False,False
2024-10-11 17:00:00+00:00,79.28,79.415,79.095,79.34,11188.0,,,,,79.06501070911479,78.85236264311155,78.43957829167017,77.59214682230304,77.2406832094365,,,,,,,,78.00139331506479,78.52722995593598,78.80174422594258,78.6483490410114,78.26308321233908,77.40396749133491,,,78.6483490410114,78.25777717429679,"rgba(38, 166, 154, 0.5)",1.8912521401593203,78.20521272024276,0.6000190327143015,49.05947085209624,-6.720046427417991,False,True,False,False,True,3.307810990210914,0.0,0.0,0.0,0.0,0,0.8858903431835555,0.7811811271533298,False,False,False,False,0.12594566975507931,0.07640418200550869,False,False,False,False,228720.0,134301.08347393965,False,False,False,False,7917.019790044365,False,False,False,False
2024-10-14 17:00:00+00:00,80.25,80.495,80.05,80.34,9187.0,,,,,79.1043422473915,78.88107643139148,78.46861924062449,77.62036059671601,77.26572046939646,,,,,,,,78.36188336868997,78.60099409693203,78.83330206735049,78.67586976164009,78.2927259530388,77.43005475789646,,,78.67586976164009,78.32135899918798,"rgba(38, 166, 154, 1.0)",1.8535403110491613,78.26731230083519,1.1182317896240472,53.56686569935526,-2.4934423021767813,False,False,True,False,True,5.600469522679319,0.0,0.0,0.0,0.0,0,0.8904091213950364,0.7768388106416266,False,False,False,False,0.19965742025308486,0.13803080112929678,False,False,False,False,237907.0,135907.37675341347,False,False,False,False,7936.709405702592,False,False,False,False
2024-10-15 17:00:00+00:00,81.475,81.5,80.26,80.29,6718.0,,,,,79.14042064461124,78.90693121371112,78.49368088939943,77.64356367967791,77.28608462208459,,,,,,,,78.6011882768145,78.66265129477651,78.86145724076427,78.70010775424375,78.31795951186093,77.45138063390958,,,78.70010775424375,78.36958416016851,"rgba(38, 166, 154, 1.0)",1.8181876730453153,78.3150401893381,1.0862243980314774,56.4080296982155,0.12631155476731948,True,False,True,False,True,5.469176689113347,0.0,0.0,0.0,0.0,0,0.8916774394864705,0.7757767574555334,False,False,False,False,0.25044693981873234,0.19423887047401456,False,False,False,False,231189.0,137384.6112223528,False,False,False,False,7917.814686234335,False,False,False,False
2024-10-16 17:00:00+00:00,80.86,80.91,80.605,80.625,17164.0,,,,,79.2271787480598,78.97079930855246,78.55605113248792,77.70184932764596,77.33747784256444,,,,,,,,79.0415028218395,78.8068754558492,78.9307683755894,78.7603533460374,78.38086161165523,77.50511206973772,,,78.7603533460374,78.47443909454718,"rgba(38, 166, 154, 1.0)",1.766850169799927,78.41995553354899,1.2480087469446868,59.008109376314685,2.575949499968182,True,False,True,False,True,6.234984378383199,0.0,0.0,0.0,0.0,0,0.8887487045464784,0.781687919614292,False,False,False,False,0.2401111322715895,0.21717500137280205,False,False,False,False,248353.0,139105.05135844037,False,False,False,False,8061.166396525276,False,False,False,False
2024-10-17 17:00:00+00:00,81.28,81.77,81.1,81.72,10042.0,,,,,79.29916901965301,79.0226654012705,78.60415123963834,77.74390734439791,77.37394011395047,,,,,,,,79.31202209809186,78.91449638319978,78.986465205686,78.80800973308132,78.42851169919315,77.54353061633158,,,78.80800973308132,78.54880625949944,"rgba(0, 255, 255, 0.75)",1.730834936259396,78.49454036480236,1.8635281548963636,62.77477302954128,6.126950473871055,True,False,True,False,True,8.671589632328672,0.0,0.0,0.0,0.0,0,0.8848894903022099,0.7780784844384295,False,False,False,False,0.2979745834091753,0.2575747923909887,False,False,False,False,258395.0,140954.50792652657,False,False,False,False,8091.87699502876,False,False,False,False
2024-10-18 17:00:00+00:00,81.665,82.03,81.5,81.85,6789.0,,,,,79.3507917698133,79.06011431402294,78.63864610434266,77.77376288934093,77.39977285870539,,,,,,,,79.48189677137431,78.98941339154632,79.02654695948597,78.84233792061877,78.46258384753789,77.57077945079688,,,78.84233792061877,78.59969511614412,"rgba(0, 255, 255, 0.75)",1.6664251617817372,78.82021859884699,1.8181322933899824,65.50615392979782,8.713082071561566,True,False,True,False,True,8.955094234095874,0.0,0.0,0.0,0.0,0,0.8881525561265888,0.7754485618970328,False,False,False,False,0.32685391051472407,0.29221435145285635,False,False,False,False,265184.0,142880.5465633246,False,False,False,False,8071.677351694981,False,False,False,False
2024-10-21 17:00:00+00:00,81.21,81.31,80.995,81.1,6123.0,,,,,79.38348725814417,79.08510310268568,78.66276312523138,77.79596584791716,77.41936129806227,,,,,,,,79.57803261846871,79.03861650012733,79.05335650864123,78.86587091081705,78.48676916315878,77.59127209406857,,,78.86587091081705,78.63278167521113,"rgba(38, 166, 154, 1.0)",1.6034008058322775,78.83284574355898,1.4139660203452407,64.34125663197895,8.713082071561566,True,False,True,False,True,6.894432360031111,0.0,0.0,0.0,0.0,0,0.8830906148867311,0.7776429341963316,False,False,False,False,0.27363170415895577,0.28292302780590606,False,False,False,False,259061.0,144681.7939034281,False,False,False,False,8041.465299730717,False,False,False,False
2024-10-22 17:00:00+00:00,80.625,80.96,80.46,80.89,6464.0,,,,,79.40980095361408,79.10625622888232,78.6840377078335,77.81656155520751,77.43780931776307,,,,,,,,79.6469788311022,79.0795414454342,79.07609448694119,78.88628310947553,78.50837668852968,77.6104497606599,,,78.88628310947553,78.66019909867664,"rgba(38, 166, 154, 1.0)",1.5384084966946008,78.84461734134297,1.329544567032559,62.77426138797449,8.713082071561566,True,False,True,False,False,6.324122312330335,0.0,0.0,0.0,0.0,0,0.878529424967455,0.7795035238137984,False,False,False,False,0.23611698870844286,0.2595200082571745,False,False,False,False,252597.0,146354.8978739176,False,False,False,False,8017.008473378302,False,False,False,False
2024-10-23 17:00:00+00:00,80.9,81.065,80.515,80.935,8378.0,,,,,79.444096177303,79.1339892709235,78.71186339805394,77.8434428825152,77.4619038690537,,,,,,,,79.73006522101056,79.13182233087099,79.10583736411024,78.91303353970211,78.536609070056,77.63549449926965,,,78.91303353970211,78.69528705662444,"rgba(38, 166, 154, 1.0)",1.501996095291095,78.87095770250886,1.374199509547406,61.852478202574204,8.713082071561566,True,False,True,False,False,6.428538346989068,0.0,0.0,0.0,0.0,0,0.8816032425129474,0.7745102454402154,False,False,False,False,0.2428482976919083,0.2511841529745414,False,False,False,False,260975.0,148131.9537208336,False,False,False,False,8022.605241232902,False,False,False,False
2024-10-24 17:00:00+00:00,81.055,81.19,80.92,81.08,6343.0,,,,,79.47300201227063,79.15709721660994,78.73463576074678,77.86498405276933,77.4811205654787,,,,,,,,79.79693261275791,79.17433462068294,79.13053520895161,78.93511412080355,78.55957827011443,77.65551291470678,,,78.93511412080355,78.72389521417205,"rgba(38, 166, 154, 1.0)",1.4913323808828418,78.89796304225194,1.463145966465455,61.66518298134032,8.713082071561566,True,False,True,False,False,6.769629238201514,0.0,0.0,0.0,0.0,0,0.8845165652467882,0.77498309668695,False,False,False,False,0.2653044335852067,0.2582442932798741,False,False,False,False,267318.0,149979.7993995804,False,False,False,False,7996.564849895957,False,False,False,False
2024-10-25 17:00:00+00:00,80.065,80.07,79.475,79.565,10574.0,,,,,79.47965837555867,79.16779000236961,78.75002602855876,77.88526014019668,77.50071298438708,,,,,,,,79.78971086561543,79.19305726166448,79.14233473470664,78.94804326719529,78.5766522055242,77.67525705296953,,,78.94804326719529,78.73713662897694,#000000,1.4688558181162046,78.88981647297595,0.4596663053627439,55.94993006336576,11.930185293595969,True,False,True,False,False,2.651543696321884,0.0,0.0,0.0,0.0,0,0.8843041709508694,0.7771469444320257,False,False,False,False,0.15861595613258675,0.2084301247062304,False,False,False,False,256744.0,151635.0583236179,False,False,False,False,8036.525084781291,False,False,False,False
2024-10-28 17:00:00+00:00,80.69,80.89,80.62,80.69,6667.0,,,,,79.50209295927378,79.18687707138959,78.76969629891887,77.90492943105639,77.51858365008506,,,,,,,,79.83348621799777,79.22667878073534,79.1627342317133,78.96678891270531,78.59676206966319,77.69373499761345,,,78.96678891270531,78.76021496555929,"rgba(38, 166, 154, 1.0)",1.4630828460527503,78.91170587656083,1.2154432185688084,55.580675045651255,11.407176230524243,True,False,True,False,False,5.310932301357095,0.0,0.0,0.0,0.0,0,0.8847275173805786,0.7805337519623229,False,False,False,False,0.23990072773037677,0.2241654262183036,False,False,False,False,263411.0,153368.01865968583,False,False,False,False,8015.292137730418,False,False,False,False
2024-10-29 17:00:00+00:00,80.4,80.42,79.8,79.81,5198.0,,,,,79.50908180877225,79.19462768228226,78.77921349166043,77.91620342666036,77.52927592973306,,,,,,,,79.83964770020772,79.2397867545746,79.17112023829696,78.97525979709866,78.60696202906597,77.70459570879696,,,78.97525979709866,78.76961586974083,"rgba(38, 166, 154, 0.5)",1.4613413158604802,78.91633408594217,0.6115381152633859,52.76247136952374,8.539330285585933,False,False,False,False,False,3.0217913952999,0.0,0.0,0.0,0.0,0,0.8755527761647385,0.7828203868316428,False,False,False,False,0.18625249674041885,0.20520896147936124,False,False,False,False,258213.0,154993.52224635737,False,False,False,False,7971.613189858628,False,False,False,False
2024-10-30 17:00:00+00:00,80.405,80.645,80.03,80.36,15694.0,,,,,79.54242480042089,79.22642807781438,78.81466739286209,77.95485199136135,77.56529398323997,,,,,,,,79.8878294128606,79.29294043919808,79.20518210027763,79.00803710553826,78.64402819337202,77.7414537866875,,,79.00803710553826,78.8075579348757,"rgba(38, 166, 154, 0.5)",1.4662332600825725,78.94788250617854,0.9630919801545971,52.47026838213837,8.013502188257718,False,False,False,False,False,4.306868018106563,0.0,0.0,0.0,0.0,0,0.8779977753058954,0.7775305895439372,False,False,False,False,0.20503901992778975,0.2051239907035755,False,False,False,False,273907.0,156837.14205649134,False,False,False,False,8091.340117147642,False,False,False,False
2024-10-31 17:00:00+00:00,80.05,80.13,78.915,78.96,12532.0,,,,,79.53602198357082,79.22877293300633,78.82390835107128,77.97216892506152,77.58318785890563,,,,,,,,79.8487183344812,79.29449594810742,79.20812190284127,79.01416766286687,78.65559815310172,77.7590208617024,,,79.01416766286687,78.81128935588332,#000000,1.4655506052593252,78.93929983864,0.01412449442940542,48.73072386498862,4.276662700214736,False,True,False,True,False,0.7921422722179088,0.0,0.0,0.0,0.0,0,0.8636040202792848,0.7852886240327309,False,False,False,False,0.1383005341148089,0.17171226240919218,False,False,False,False,261375.0,158457.88404011165,False,False,False,False,8160.1875571918645,False,False,False,False
2024-11-01 17:00:00+00:00,79.39,79.62,79.155,79.265,10641.0,,,,,79.53118567972233,79.23089597788682,78.83167437544469,77.98665827746868,77.59819931677787,,,,,,,,79.82026823198193,79.29608437888952,79.21073565374435,79.0193783387873,78.66528591459425,77.77374412862204,,,79.0193783387873,78.81491911581088,#000000,1.4586599953318036,78.93500132644974,0.22623412899947185,47.17432940620274,2.655801352526737,False,True,False,True,False,1.5161088491331398,0.0,0.0,0.0,0.0,0,0.8610569249866995,0.7910090441567647,False,False,False,False,0.12737823253645944,0.14954524747282583,False,False,False,False,272016.0,160218.4749852262,False,False,False,False,8198.649765607493,False,False,False,False
2024-11-04 17:00:00+00:00,75.15,76.645,75.15,76.525,21244.0,,,,,79.36503937622277,79.12247193470814,78.75318224733917,77.94790846372501,77.57327514884363,,,,,,,76.10666666666667,79.44283727149644,79.11332510652147,79.09806715964838,78.93101426902653,78.5956273972813,77.74344060595539,,76.10666666666667,78.93101426902653,78.48273797061958,"rgba(239, 83, 80, 1.0)",1.4862539735433082,78.67239825667968,-1.4448393712685377,41.35063304613324,-2.846043058286128,False,True,False,True,False,0.0,1.0,76.645,75.15,0.0,0,0.8539509302625359,0.7985218923215737,False,False,False,False,-0.1518983154768726,-0.0011765340020233883,False,False,False,False,250772.0,161622.40560561029,False,False,False,False,8400.90325761358,False,False,False,False
2024-11-05 17:00:00+00:00,77.115,78.395,77.115,78.38,23462.0,,,,,79.29375269509448,79.07968487815825,78.72883046929716,77.94825177546166,77.58034327260413,,,,,,,77.08105742704186,79.29352819178298,79.04488005695909,79.05433264229296,78.89964339339338,78.5771708388645,77.747768181212,,77.08105742704186,78.89964339339338,78.5274369851802,#000000,1.4860127889787516,78.67788201102972,-0.20045723242694594,42.12747867613902,-2.846043058286128,False,True,False,True,False,0.0,0.0,0.0,0.0,0.0,0,0.8675696331521738,0.7909307065217386,False,False,False,False,-0.0030804111514807823,-0.0021284725767520855,False,False,False,False,274234.0,163368.32179777135,False,False,False,False,8634.408633464533,False,False,False,False
2024-11-06 17:00:00+00:00,82.75,83.03,82.07,82.735,23029.0,,,,,79.45150330022442,79.20317969487397,78.84288121148576,78.04795189793983,77.6682678816789,,,,,,,78.96139108289657,79.5925858204769,79.2417487596769,79.18400238957133,79.01411851684209,78.68954406052877,77.83994441701373,,78.96139108289657,79.01411851684209,78.81142658610077,"rgba(0, 255, 0, 1.0)",1.5302485165886968,78.952366534212,2.4719079448744856,49.109607400448354,-7.242255379262545,False,False,False,False,True,8.114696468384238,0.0,0.0,0.0,0.0,0,0.8786835526046148,0.7932292307061759,False,False,False,False,0.34282824610040535,0.17034988676182664,False,False,False,False,297263.0,165444.2082815268,False,False,False,False,8857.580592635624,False,False,False,False
2024-11-07 17:00:00+00:00,82.06,82.6,82.01,82.06,12980.0,,,,,79.5238447195519,79.26154884122597,78.89793563890161,78.09766666238593,77.71269679178707,,,,,,,79.4859529414194,79.71976595380157,79.33170707716386,79.24518941103541,79.0689480788544,78.74416369367286,77.88627094461096,,79.4859529414194,79.0689480788544,78.91464089620091,"rgba(0, 255, 255, 0.75)",1.5585304350947053,79.05582625699641,1.9275682241143015,52.57350749386672,-4.188752082831925,True,False,True,False,True,6.643710920171454,0.0,0.0,0.0,0.0,0,0.882446939277227,0.7943948209456686,False,False,False,False,0.3225897992958955,0.24646984302886105,False,False,False,False,284283.0,167286.6701686349,False,False,False,False,8921.494071819567,False,False,False,False
2024-11-08 17:00:00+00:00,83.13,83.44,83.015,83.11,10412.0,,,,,79.59898884562638,79.32149614555824,78.95326269800965,78.14582761806113,77.75520574482452,,,,,,,79.90897997666261,79.8492530338776,79.42284004959654,79.30785456335425,79.12464052902865,78.79858973559757,77.93084249442104,,79.90897997666261,79.12464052902865,79.00981511955153,"rgba(0, 255, 0, 1.0)",1.615284294280953,79.15343598158718,2.449453654951862,56.10019817377041,-1.0068940379228195,True,False,True,False,True,8.511536547808262,0.0,0.0,0.0,0.0,0,0.885946298865584,0.7876438423243283,False,False,False,False,0.3428282466881366,0.29464904485849885,False,False,False,False,294695.0,169261.99311175683,False,False,False,False,8944.602690861124,False,False,False,False
2024-11-11 17:00:00+00:00,84.07,84.09,83.07,83.215,9440.0,,,,,79.66943104411699,79.3779728003409,79.00532594927667,78.19100784684689,77.79506696781147,,,,,,,80.24214986029214,79.96740871499287,79.50748406886161,79.3668076551736,79.1771175135532,78.84976032629388,77.97265260002847,,80.24214986029214,79.1771175135532,79.0935154456324,"rgba(0, 255, 0, 1.0)",1.6728835546405314,79.24010416823278,2.3760744259461335,58.574682555955626,1.2837327081150747,True,False,True,False,True,8.696407567317507,0.0,0.0,0.0,0.0,0,0.8933914957805047,0.7784663051897749,False,False,False,False,0.3428282469622357,0.31873864591036727,False,False,False,False,304135.0,171353.0474821172,False,False,False,False,8952.283269297384,False,False,False,False
2024-11-12 17:00:00+00:00,82.98,83.68,82.88,83.02,19820.0,,,,,79.79949073237829,79.48428775585661,79.1045362787399,78.278761729007,77.87313921254722,,,,,,,80.72802006584321,80.17488723610002,79.66295614998374,79.477618538676,79.27669381824639,78.94765017272077,78.05426742922832,,80.72802006584321,79.27669381824639,79.23852575994395,"rgba(0, 255, 0, 1.0)",1.7187907125397375,79.39106145772624,2.111332412840146,59.78914394251467,2.5507170627975526,True,False,True,False,True,8.257708983473016,0.0,0.0,0.0,0.0,0,0.890361789778521,0.7884733042378752,False,False,False,False,0.3206288999651584,0.31968377293776284,False,False,False,False,284315.0,173104.39558316965,False,False,False,False,9120.775001556338,False,False,False,False
2024-11-13 17:00:00+00:00,83.25,83.59,83.125,83.265,21642.0,,,,,79.93613166742742,79.59774590035322,79.21099563833816,78.3736382934623,77.95792222247768,,,,,,,81.12399490010257,80.38170699315965,79.82427080196828,79.59559756840827,79.38344768179009,79.0528228457345,78.14275720435883,,81.12399490010257,79.38344768179009,79.38175264313176,"rgba(0, 255, 0, 1.0)",1.772274903431369,79.54084937111958,2.1013391442094864,60.95431776905636,3.922525281472751,True,False,True,False,True,8.703218777268557,0.0,0.0,0.0,0.0,0,0.889763779527559,0.7925421239443511,False,False,False,False,0.326333731832985,0.3230087523853739,False,False,False,False,305957.0,175164.12588420577,False,False,False,False,9314.902520912052,False,False,False,False
2024-11-14 17:00:00+00:00,82.775,83.08,82.58,82.79,12788.0,,,,,80.00059353251329,79.65294587401563,79.26392793211645,78.42244005153535,78.002149408654,,,,,,,81.26381085410517,80.47259615796254,79.90014993694378,79.65289845889178,79.43610104245742,79.10549039958386,78.18865423138104,,81.26381085410517,79.43610104245742,79.44681315668002,"rgba(0, 255, 255, 0.75)",1.8110836634554908,79.6086379482378,1.75660689561534,60.50754415480691,3.922525281472751,True,False,True,False,True,7.612275476965834,0.0,0.0,0.0,0.0,0,0.8904053276329852,0.7928142727945403,False,False,False,False,0.2878868076118296,0.30544777999860173,False,False,False,False,293169.0,176993.6588162336,False,False,False,False,9368.74899345605,False,False,False,False
2024-11-15 17:00:00+00:00,83.42,83.875,83.03,83.66,10447.0,,,,,80.06380934827314,79.70639529255556,79.31438536270139,78.46778929516863,78.042890976676,,,,,,,81.40653897198825,80.56282210665556,79.9736483804395,79.70831723117901,79.48665536707101,79.1554030320307,78.23109622036064,,81.40653897198825,79.48665536707101,79.5099792987583,"rgba(0, 255, 0, 1.0)",1.8680912356906376,79.67473827146841,2.133333561226319,61.64685231134255,5.372545266078873,True,False,True,False,True,9.21473913520314,0.0,0.0,0.0,0.0,0,0.8933605720122574,0.7823493360572008,False,False,False,False,0.3333548935390674,0.31940133676883453,False,False,False,False,303616.0,178956.79588885015,False,False,False,False,9385.466063324948,False,False,False,False
2024-11-18 17:00:00+00:00,84.14,84.6,84.1,84.345,9426.0,,,,,80.13210772525463,79.7635471727687,79.36764173923711,78.51460031742201,78.08460722500209,,,,,,,81.56527360848743,80.66126425984015,80.05231484431386,79.76752277337981,79.54033460075152,79.20782412340681,78.27470831521244,,81.56527360848743,79.54033460075152,79.57764555875637,"rgba(0, 255, 0, 1.0)",1.8963474659753137,79.74579846780358,2.4252947388157025,63.44525203574521,7.490810159548516,True,False,True,False,True,10.448020599543959,0.0,0.0,0.0,0.0,0,0.9015419667195573,0.7759062614426946,False,False,False,False,0.3428282474982086,0.3311147921335216,False,False,False,False,313042.0,181035.63626266643,False,False,False,False,9386.094496451693,False,False,False,False
2024-11-19 17:00:00+00:00,83.97,84.18,83.82,84.14,13275.0,,,,,80.21805966623165,79.83654879857227,79.43633313353561,78.57593178848362,78.13964556175084,,,,,,,81.74052162193317,80.78087020684296,80.15097338716679,79.84306188051552,79.60933460902741,79.27565249115128,78.3320860097898,,81.74052162193317,79.60933460902741,79.6615849295834,"rgba(0, 255, 0, 1.0)",1.9232242494084697,79.8337080221961,2.239100291673418,64.01254771498478,8.444267654114853,True,False,True,False,True,9.96162055668345,0.0,0.0,0.0,0.0,0,0.904131551901336,0.7734840698869471,False,False,False,False,0.31880536945893706,0.3249600807962293,False,False,False,False,299767.0,182876.43259967933,False,False,False,False,9446.387605033837,False,False,False,False
2024-11-20 17:00:00+00:00,84.045,84.65,83.96,84.405,10862.0,,,,,80.29077750589131,79.89846688370368,79.4945179705172,78.62773455078657,78.18611591174086,,,,,,,81.8824411339171,80.88081993467941,80.23392301117468,79.90706748900524,79.6678490599854,79.3330605543689,78.38054565125032,,81.8824411339171,79.6678490599854,79.73194330475172,"rgba(0, 255, 0, 1.0)",1.948377199546059,79.9073959168582,2.308384682488414,64.84942435872838,9.667331397728034,True,False,True,False,True,10.446326667658756,0.0,0.0,0.0,0.0,0,0.9044528425895496,0.7711551100887278,False,False,False,False,0.3397186982665997,0.3323393895314145,False,False,False,False,310629.0,184857.09255937423,False,False,False,False,9468.33508402556,False,False,False,False
2024-11-21 17:00:00+00:00,84.71,85.34,84.5,85.215,12828.0,,,,,80.387302923904,79.98030257947013,79.57088029588184,78.69487025368637,78.24607552422553,,,,,,,82.07250149220823,81.01369801185345,80.34329557753422,79.99159489643452,79.74491024911235,79.40819089983194,78.44319706791265,,82.07250149220823,79.74491024911235,79.8247349810046,"rgba(0, 255, 0, 1.0)",2.017931915654099,80.0047408737761,2.5819796425267563,66.7412284145603,11.824398510333296,True,False,True,False,True,11.912763488647578,0.0,0.0,0.0,0.0,0,0.9061595532183766,0.7662549427255306,False,False,False,False,0.34282824784782484,0.3375838186896197,False,False,False,False,323457.0,187005.9283336475,False,False,False,False,9520.422912180204,False,False,False,False
2024-11-22 17:00:00+00:00,86.125,86.275,85.8,86.06,19850.0,,,,,80.56057852244889,80.12668330891306,79.70647103571685,78.81244266702558,78.3505656845051,,,,,,,82.4131165777557,81.25189299297533,80.53809563396442,80.14263650110676,79.88225695088917,79.5411854329283,78.55262510243307,,82.4131165777557,79.88225695088917,79.98987920088852,"rgba(0, 255, 0, 1.0)",2.1159926067240615,80.17827109643187,2.779654751570285,69.21119234730288,14.413807602305653,True,False,True,False,True,13.402304535295848,0.0,0.0,0.0,0.0,0,0.9156905807711079,0.7619163819749467,False,False,False,False,0.34282824843993925,0.34020603356477946,False,False,False,False,343307.0,189429.20076258318,False,False,False,False,9680.571394161905,False,False,False,False
2024-11-25 17:00:00+00:00,86.175,86.41,85.79,85.83,14353.0,,,,,80.67864257602196,80.22760047309575,79.80050564314378,78.89473955308641,78.42405639803515,,,,,,,82.6230998516759,81.40938211376489,80.67001441721689,80.24661808429722,79.9773528084607,79.63357729847168,78.62944665661388,,82.6230998516759,79.9773528084607,80.10125298949036,"rgba(0, 255, 0, 1.0)",2.177862964029012,80.29499748538873,2.54148337431277,69.96047811428855,15.356505084299684,True,False,True,False,True,12.826359677802099,0.0,0.0,0.0,0.0,0,0.9168799512492383,0.7603493804590692,False,False,False,False,0.34282824846991844,0.341517141017349,False,False,False,False,328954.0,191592.37594455862,False,False,False,False,9753.01214774079,False,False,False,False
2024-11-26 17:00:00+00:00,86.05,86.76,86.02,86.695,14579.0,,,,,80.80381272742221,80.33487153148518,79.90038118225627,78.981957615084,78.50192343365818,,,,,,,82.83965831147904,81.57469220197406,80.80916741811654,80.35704782841604,80.0784460871296,79.7316486006921,78.71086207745637,,82.83965831147904,80.0784460871296,80.21870575126412,"rgba(0, 255, 0, 1.0)",2.266526657705397,80.41804585320921,2.7694155396105047,71.72677557108901,17.25411521422501,True,False,True,False,True,14.342924512054417,0.0,0.0,0.0,0.0,0,0.9147315244846411,0.758738694695673,False,False,False,False,0.34282824860517536,0.34217269481126217,False,False,False,False,343533.0,193948.04453456547,False,False,False,False,9827.83366483008,False,False,False,False
2024-11-27 17:00:00+00:00,87.19,87.34,86.825,86.99,10817.0,,,,87.05166666666668,80.90206102081757,80.4191436835337,79.97871288535687,79.05011637894353,78.56271479883694,,,,,,,83.00762374011076,81.70375576120526,80.91794747957708,80.44374289070966,80.15782298607691,79.80849905353121,78.7744573032523,,83.00762374011076,80.15782298607691,80.82909728066296,"rgba(0, 255, 0, 1.0)",2.366998361478587,81.02655865341936,2.5194108469325127,73.3051380193819,18.937587942763088,True,False,True,False,True,14.853482417369957,0.0,0.0,0.0,0.0,0,0.9184778151398343,0.7617075371114569,False,False,False,False,0.3428282489045486,0.3425004718579054,False,False,False,False,354350.0,196434.89655728536,False,False,False,False,9843.169577003257,False,False,False,False
2024-11-28 17:00:00+00:00,86.99,86.99,86.99,86.99,0.0,,,,87.05166666666668,80.90206102081757,80.4191436835337,79.97871288535687,79.05011637894353,78.56271479883694,,,,,,,83.00762374011076,81.70375576120526,80.91794747957708,80.44374289070966,80.15782298607691,79.80849905353121,78.7744573032523,,83.00762374011076,80.15782298607691,80.82909728066296,"rgba(0, 255, 0, 1.0)",2.4667969128017107,81.02655865341936,2.4174837075694033,74.35737965157716,20.1265779941605,True,False,True,False,True,14.853482417369957,0.0,0.0,0.0,0.0,0,0.9272554134062021,0.7621413489007572,False,False,False,False,0.3377392336804126,0.340119852769159,False,True,False,False,354350.0,198883.19273469178,False,False,False,False,9690.56229673964,False,False,False,False
2024-11-29 17:00:00+00:00,86.91,87.1,86.65,86.695,6677.0,,,,86.96133722038032,80.95890400643863,80.46829608788512,80.0246244185524,79.09038947026642,78.59877562411053,,,,,,,83.0990919508799,81.77703694001275,80.9807032781555,80.49426836577909,80.20427285615507,79.85361235830091,78.81212224470367,,83.0990919508799,80.20427285615507,80.87103344781696,"rgba(0, 255, 0, 1.0)",2.5540589282567505,81.0739046789215,2.2008479361574973,73.5818948399118,20.1265779941605,True,False,True,False,True,14.072831909919028,0.0,0.0,0.0,0.0,0,0.9294752126114914,0.7605890894005389,False,False,False,False,0.33143574044846846,0.33577779660881374,False,False,False,False,347673.0,201190.0114519834,False,False,False,False,9643.840400666157,False,False,False,False
2024-12-02 17:00:00+00:00,86.33,86.76,86.15,86.185,7546.0,,,,86.78162633120341,81.0170071627667,80.51906935979986,80.0723848343582,79.13278176861716,78.63694080256992,,,,,,,83.18541954343083,81.85019136225074,81.04469019893789,80.54641640426203,80.2524732510032,79.90065195753681,78.851896925769,,83.18541954343083,80.2524732510032,80.90704230019274,"rgba(0, 255, 255, 0.75)",2.6236232631660394,81.11644094711744,1.9318928613119986,70.63287840965573,20.1265779941605,True,False,True,False,False,12.728262137781034,0.0,0.0,0.0,0.0,0,0.9325819331226086,0.7621859923473626,False,False,False,False,0.3086245291847605,0.32220116289678713,False,False,False,False,340127.0,203344.07328993714,False,False,False,False,9611.315743291487,False,False,False,False
2024-12-03 17:00:00+00:00,85.97,86.455,85.95,85.97,18745.0,,,,86.5005149784934,81.1498358946685,80.63646472026531,80.18356142955368,79.23255616200605,78.72724870073739,,,,,,,83.36654528600825,82.01305950258909,81.19036547925171,80.66685331198795,80.36443061821711,80.01038261783327,78.94581262208672,,83.36654528600825,80.36443061821711,80.99904856336141,"rgba(0, 255, 255, 0.75)",2.6784032018556645,81.22085964335673,1.7731237602139005,67.67778860415257,21.891869557623735,True,False,True,False,False,12.162272039062376,0.0,0.0,0.0,0.0,0,0.9332303968618286,0.7645954179359842,False,False,False,False,0.29506038366569226,0.30863077328123967,False,False,False,False,321382.0,205174.11866528692,False,False,False,False,9752.923251147433,False,False,False,False
2024-12-04 17:00:00+00:00,85.9,85.965,85.47,85.82,9930.0,,,,86.3620794625958,81.212366758441,80.69258741302524,80.2372196273095,79.28146482092201,78.77184150796563,,,,,,,83.4419363556495,82.08702259540321,81.25861519753722,80.72434906645105,80.41829397435406,80.06350406891168,78.99205117530123,,83.4419363556495,80.41829397435406,81.0417947710667,"rgba(0, 255, 255, 0.75)",2.7265819971873806,81.26912401712902,1.66907725040562,64.99272387745923,19.39912172101083,True,False,True,False,False,11.763766440045028,0.0,0.0,0.0,0.0,0,0.923871237458194,0.7737876254180598,False,False,False,False,0.26929503848505637,0.288962905883148,False,False,False,False,311452.0,206821.83775574758,False,False,False,False,9755.668627098636,False,False,False,False
2024-12-05 17:00:00+00:00,86.28,86.36,85.92,85.94,11540.0,,,,86.31101624396598,81.28793484957478,80.76033163064918,80.30185529723202,79.34016955840593,78.82531399353581,,,,,,,83.53517266824689,82.1766129051105,81.34090624770124,80.79372660619887,80.48324745746515,80.12743848172727,79.04752327063498,,83.53517266824689,80.48324745746515,81.10240378541913,"rgba(0, 255, 255, 0.75)",2.777502900153171,81.33477981264764,1.6580433406922437,63.610589721254414,18.102027876335896,True,False,True,False,False,11.998901785249949,0.0,0.0,0.0,0.0,0,0.9273570324574961,0.769079744350223,False,False,False,False,0.2917193280366997,0.2903411169599238,False,False,False,False,322992.0,208622.92554248017,False,False,False,False,9783.332679391679,False,False,False,False
2024-12-06 17:00:00+00:00,86.085,86.23,85.815,86.06,9209.0,,,,86.27688117748174,81.34610404771439,80.81279908425243,80.35208107080524,79.38603070119979,78.86720406155878,,,,,,,83.60391211631696,82.24459309711486,81.404068378054,80.84741977857598,80.53367189064171,80.17716821241571,79.09093261852051,,83.60391211631696,80.53367189064171,81.14945124881939,"rgba(0, 255, 255, 0.75)",2.833310151468298,81.38548981071617,1.6498406243528894,63.11948470525553,17.53480163511277,True,False,True,False,False,12.2370400928124,0.0,0.0,0.0,0.0,0,0.9313593539703903,0.7665292732166886,False,False,False,False,0.28545518564207684,0.2878981513010003,False,False,False,False,332201.0,210538.86468135644,False,False,False,False,9774.42829676545,False,False,False,False
2024-12-09 17:00:00+00:00,85.78,85.78,85.01,85.015,9399.0,,,,86.16384752513028,81.39455164058877,80.85757834687766,80.39564942426318,79.42687166647094,78.90493978450252,,,,,,,83.64934893019654,82.2980064708436,81.4564184617454,80.89316504795937,80.57715911245228,80.22053715581487,79.12985441099747,,83.64934893019654,80.57715911245228,81.18214830598792,"rgba(38, 166, 154, 1.0)",2.8650236984694684,81.42193360085855,1.2541140239296835,57.735104061372354,12.463528794280109,False,False,True,False,False,9.402103296957645,0.0,0.0,0.0,0.0,0,0.9224221076026334,0.7728016102654417,False,False,False,False,0.2523556123583231,0.2701268818296617,False,False,False,False,322802.0,212279.37840722688,False,False,False,False,9768.607703017147,False,False,False,False
2024-12-10 17:00:00+00:00,84.6,84.785,83.88,83.91,14322.0,,,,85.87617044355046,81.4462257905427,80.90786766394037,80.44622743715335,79.47675372091526,78.95200728672413,,,,,,,83.67100703991018,82.34764218037667,81.51174014557856,80.94436607562191,80.62704845437126,80.27142297186425,79.17798990239704,,83.67100703991018,80.62704845437126,81.20434377791892,"rgba(38, 166, 154, 0.5)",2.880201707150515,81.44930899352246,0.854346763411921,50.62192380568742,6.072918568799686,False,True,False,False,False,6.542877816250549,0.0,0.0,0.0,0.0,0,0.9219718545820071,0.777810353493047,False,False,False,False,0.19748318233078876,0.23380503208022524,False,False,False,False,308480.0,213770.86091254116,False,False,False,False,9839.202932427734,False,False,False,False
2024-12-11 17:00:00+00:00,84.04,84.99,83.86,84.805,17419.0,,,,85.67659662872106,81.51446841275506,80.97350903691812,80.51169578348548,79.54055853327698,79.01199165835438,,,,,,,83.71180102258354,82.41573466118027,81.58472409133843,81.01120680815121,80.69184405710286,80.33710620634041,79.2394306216139,,83.71180102258354,80.69184405710286,81.24774365552474,"rgba(38, 166, 154, 1.0)",2.908181241795978,81.49735681085589,1.1373579959897706,49.48793286389699,5.2967317499946915,False,True,False,True,False,8.407350864103105,0.0,0.0,0.0,0.0,0,0.925040670754599,0.7769991240145159,False,False,False,False,0.20220944615444492,0.21800723911733508,False,False,False,False,325899.0,215509.28167358701,False,False,False,False,9956.719166033505,False,False,False,False
2024-12-12 17:00:00+00:00,84.66,84.78,83.93,83.945,10431.0,,,,85.5559067851523,81.54958743308204,81.00813941535736,80.54675700404894,79.57551354020036,79.04517612988633,,,,,,,83.7254724878732,82.44847802035461,81.62205073506463,81.0464021630493,80.72636802986304,80.37244771820659,79.27328834285042,,83.7254724878732,80.72636802986304,81.26889136961455,"rgba(38, 166, 154, 0.5)",2.923192221829522,81.52075569276934,0.8293140249645995,46.28621215403789,2.411825794388278,False,True,False,True,False,6.237921009327547,0.0,0.0,0.0,0.0,0,0.9233478698423349,0.7835457900033541,False,False,False,False,0.1986320049683302,0.20831962204283264,False,False,False,False,315468.0,217059.02924453915,False,False,False,False,9964.07235725779,False,False,False,False
2024-12-13 17:00:00+00:00,85.01,85.01,84.11,84.18,17829.0,,,,85.41678676852214,81.61221700386675,81.06950167520597,80.6085941973114,79.636776881884,79.10324424741607,,,,,,,83.75668797092595,82.5082469457956,81.68854400041035,81.10876213805288,80.787376586373,80.43468213554667,79.33257539249341,,83.75668797092595,80.787376586373,81.31261507260032,"rgba(38, 166, 154, 0.5)",2.9402044529631053,81.56761219729637,0.8885054915384886,45.06529506280307,1.2707373093846428,False,True,False,True,False,6.7330237011446314,0.0,0.0,0.0,0.0,0,0.9194650568062717,0.7827946170293039,False,False,False,False,0.20912332813307233,0.20872147508795247,False,False,False,False,333297.0,218861.16832601916,False,False,False,False,10086.009219935962,False,False,False,False
2024-12-16 17:00:00+00:00,84.55,84.89,83.885,84.11,16635.0,,,,85.3005186117463,81.66550033708945,81.12253019428708,80.6625181649269,79.69095139319532,79.15492899830625,,,,,,,83.77796156264452,82.55707544034016,81.7448221039046,81.16257377859719,80.84042382987106,80.48910266471074,79.38520924443748,,83.77796156264452,80.84042382987106,81.35031664031209,"rgba(38, 166, 154, 0.5)",2.955953851326169,81.60757596227566,0.8465707394591573,44.037560769409396,0.14864906345503215,False,True,False,True,False,6.554540012303541,0.0,0.0,0.0,0.0,0,0.9167705994844931,0.7848590670990268,False,False,False,False,0.20029233038599642,0.20450690273697444,False,False,False,False,316662.0,220377.46028995683,False,False,False,False,10187.543960712148,False,False,False,False
2024-12-17 17:00:00+00:00,83.66,83.73,83.21,83.61,15599.0,,,,85.14250258378858,81.69934663758265,81.1588790969745,80.70113819209394,79.73222293762153,79.19526996155567,,,,,,,83.76862453564243,82.5810516182562,81.7799848881934,81.1992742441914,80.877846401189,80.52860324338701,79.42589574573759,,83.76862453564243,80.877846401189,81.36851077586259,"rgba(38, 166, 154, 0.5)",2.966326863827029,81.62715843453007,0.6684501258609604,41.84283436293955,-2.131434763752658,False,True,False,True,False,5.276816178868447,0.0,0.0,0.0,0.0,0,0.9107394804548095,0.795252718067889,False,False,False,False,0.15380180380100048,0.17915435326898746,False,False,False,False,301063.0,221628.39889011253,False,False,False,False,10271.44250395692,False,False,False,False
2024-12-18 17:00:00+00:00,84.05,84.18,81.49,81.5,25403.0,,,,84.79549773946533,81.71931634652303,81.18858372798094,80.73755084855333,79.77810906064258,79.24267414624462,,,,,,82.39,83.69281090030842,82.57358177483427,81.79908223065448,81.22875642152772,80.91151410839369,80.56732958914992,79.47268208582632,,83.69281090030842,80.91151410839369,81.43553492715033,#000000,2.9656938252057814,81.7845595567925,-0.0959504161805229,36.15146196197914,-7.54932790882156,False,True,False,True,False,0.20326632343153506,0.0,0.0,0.0,0.0,0,0.8997674703218699,0.7950475258026349,False,False,False,False,0.12201939385384336,0.15058687356141542,False,False,False,False,275660.0,222466.09813212627,False,False,False,False,10506.040294593246,False,False,False,False
2024-12-19 17:00:00+00:00,81.97,82.56,81.66,81.7,22176.0,,,,84.51570000491782,81.72557018303468,81.20477198901595,80.76038055604383,79.81070347747124,79.27759290462132,,,,,,82.19579667500368,83.61404611654832,82.55377042177847,81.8037177281755,81.24450961151945,80.93175857257327,80.59241003924609,79.5066707077914,,83.61404611654832,80.93175857257327,81.40981421341007,#000000,2.964686995617044,81.75700580831536,-0.019228272124385912,33.23130589932157,-10.254410046610772,False,True,False,True,False,0.6577090922672433,0.0,0.0,0.0,0.0,0,0.8966515763285615,0.8120641135445977,False,False,False,False,0.08602631608884079,0.1183065948251281,False,False,False,False,297836.0,223634.62374248088,False,False,False,False,10686.96990242901,False,False,False,False
2024-12-20 17:00:00+00:00,83.74,83.93,83.09,83.18,33581.0,,,,84.37006285518818,81.78575188470201,81.2712687275335,80.83221413860973,79.889630827715,79.35590397578397,,,,,,82.69405137999016,83.6001617200604,82.59405147461139,81.8655320421899,81.31142401898929,81.00102020207085,80.66625440371816,79.58518776399188,,83.6001617200604,81.00102020207085,81.4873225296539,#000000,2.961014455149185,81.82809810807989,0.4565671368368948,36.72810665752564,-10.254410046610772,False,True,False,True,True,3.918757309102215,0.0,0.0,0.0,0.0,0,0.901763326053547,0.7972175038421092,False,False,False,False,0.15581354231476505,0.13706006856994657,False,False,False,False,331417.0,225305.66833562072,False,False,False,False,11041.916105492126,False,False,False,False
2024-12-23 17:00:00+00:00,82.71,82.71,82.71,82.71,0.0,,,,84.37006285518818,81.78575188470201,81.2712687275335,80.83221413860973,79.889630827715,79.35590397578397,,,,,,82.69405137999016,83.6001617200604,82.59405147461139,81.8655320421899,81.31142401898929,81.00102020207085,80.66625440371816,79.58518776399188,,83.6001617200604,81.00102020207085,81.4873225296539,#000000,2.961458830611059,81.82809810807989,0.2977930615831453,37.975346688446294,-10.254410046610772,False,True,False,True,True,2.8126894482999063,0.0,0.0,0.0,0.0,0,0.9041330398630474,0.7986467759028284,False,False,False,False,0.11579378261045194,0.12642692559019925,False,False,False,False,331417.0,226950.80526064985,False,False,False,False,10870.723607732558,False,False,False,False
2024-12-24 17:00:00+00:00,84.395,84.86,84.18,84.86,2114.0,,,,84.37220862956167,81.79218029370253,81.27766770744331,80.83871492170486,79.89618844717408,79.36220755224788,,,,,,82.74328213688148,83.6043635033894,82.60014406217554,81.87226286584821,81.31790326955742,81.00742540947802,80.67281204093803,79.59158857618581,,83.6043635033894,81.00742540947802,81.49635352973488,"rgba(38, 166, 154, 1.0)",2.9749229803034463,81.83675541424219,1.0162429769692503,44.29970139674658,-12.804462560576397,False,True,False,True,True,7.245260839401531,0.0,0.0,0.0,0.0,0,0.9046623794212221,0.7967845659163986,False,False,False,False,0.20707274383077687,0.16674983471048804,False,False,False,False,333531.0,228603.21138063978,False,False,False,False,10734.960451023526,False,False,False,False
2024-12-25 17:00:00+00:00,84.86,84.86,84.86,84.86,0.0,,,,84.37220862956167,81.79218029370253,81.27766770744331,80.83871492170486,79.89618844717408,79.36220755224788,,,,,,82.74328213688148,83.6043635033894,82.60014406217554,81.87226286584821,81.31790326955742,81.00742540947802,80.67281204093803,79.59158857618581,,83.6043635033894,81.00742540947802,81.49635352973488,"rgba(38, 166, 154, 1.0)",2.9618638641146777,81.83675541424219,1.020723680918224,48.515937868946764,-8.957950455004706,False,True,False,False,True,7.245260839401531,0.0,0.0,0.0,0.0,0,0.9153447717707998,0.7954030430560051,False,False,False,False,0.22455936869687987,0.19565460170368396,False,False,False,False,333531.0,230229.99880109497,False,False,False,False,10568.52695565882,False,False,False,False
2024-12-26 17:00:00+00:00,85.15,85.39,84.92,85.25,5644.0,,,,84.38955400177097,81.81251667853756,81.29743062304964,80.85847744743381,79.91564230828874,79.38072237178804,,,,,,82.89837404500028,83.62135935088392,82.62061192337603,81.89364298792611,81.33794501438439,81.02700887474155,80.69264528254394,79.61046517281194,,83.62135935088392,81.02700887474155,81.52545686303837,"rgba(38, 166, 154, 1.0)",2.9575288686685326,82.17103720332852,1.0410592536523955,52.18424229335632,-5.594144534720293,False,False,True,False,True,8.022045698482692,0.0,0.0,0.0,0.0,0,0.9139107611548559,0.7912780133252573,False,False,False,False,0.23984144056041154,0.21774802113204775,False,False,False,False,339175.0,231919.0685871245,False,False,False,False,10492.177700532326,False,False,False,False
2024-12-27 17:00:00+00:00,84.65,85.02,84.31,84.67,7643.0,,,,84.39732184401274,81.83548578777086,81.3203409101693,80.88177381323041,79.93918292189865,79.40337913329184,,,,,,83.03833801086016,83.63634592706256,82.642304999711,81.91765662502031,81.36113399548277,81.04995885824444,80.71615117571596,79.63346047493044,,83.63634592706256,81.04995885824444,81.55520246267153,"rgba(38, 166, 154, 0.5)",2.9462336745179614,82.17954587694706,0.8453009496812602,52.826599513093356,-4.899766606473982,False,False,True,False,True,6.60233141445849,0.0,0.0,0.0,0.0,0,0.9083447332421343,0.7941176470588235,False,False,False,False,0.21451441684988434,0.21613121899096605,False,False,False,False,331532.0,233463.45512065745,False,False,False,False,10448.004402849654,False,False,False,False
2024-12-30 17:00:00+00:00,84.415,84.94,84.41,84.41,13385.0,,,,84.40618195102853,81.87372095381578,81.3587798943362,80.92104480198464,79.97916364700538,79.44199691016837,,,,,,83.22683399123208,83.65962220400466,82.6777492305178,81.95752900933356,81.40001109241113,81.08858719537818,80.75583324780092,79.67259953110906,,83.65962220400466,81.08858719537818,81.60140383286617,"rgba(38, 166, 154, 0.5)",2.9381580734983603,82.21229500681514,0.747987323421346,52.46435403941286,-4.899766606473982,False,False,True,False,True,5.968978952715897,0.0,0.0,0.0,0.0,0,0.9127057592465894,0.7943011228719764,False,False,False,False,0.2150284902568034,0.21557985462388474,False,False,False,False,318147.0,234776.3782970814,False,False,False,False,10493.53921830935,False,False,False,False
2024-12-31 17:00:00+00:00,84.45,84.76,84.345,84.71,16476.0,,,,84.41701008197806,81.91965943331668,81.40513288475087,80.9684923848014,80.02763462414968,79.48891637075062,,,,,,83.40644405245925,83.68729047097145,82.72004556861532,82.00533397007914,81.44686613368589,81.13523596364166,80.80380429175264,79.72011247258447,,83.68729047097145,81.13523596364166,81.65371276453835,"rgba(38, 166, 154, 0.5)",2.937663703699719,82.25694780981459,0.8350350610575362,53.08875058663003,-3.9012031814994117,False,False,True,False,True,6.594091679777264,0.0,0.0,0.0,0.0,0,0.9124749298034499,0.7964300040112313,False,False,False,False,0.20873871200837602,0.21215928331613038,False,False,False,False,334623.0,236324.38793588633,False,False,False,False,10586.290548258043,False,False,False,False
2025-01-01 17:00:00+00:00,84.71,84.71,84.71,84.71,0.0,,,,84.41701008197806,81.91965943331668,81.40513288475087,80.9684923848014,80.02763462414968,79.48891637075062,,,,,,83.40644405245925,83.68729047097145,82.72004556861532,82.00533397007914,81.44686613368589,81.13523596364166,80.80380429175264,79.72011247258447,,83.68729047097145,81.13523596364166,81.65371276453835,"rgba(38, 166, 154, 0.5)",2.934045376313899,82.25694780981459,0.8360648441188127,53.50501495144148,-2.971582142074439,False,False,True,False,True,6.594091679777275,0.0,0.0,0.0,0.0,0,0.9191069406244946,0.7951383271315321,False,False,False,False,0.20847239824951683,0.21031584078282362,False,False,False,False,334623.0,237848.39742525242,False,False,False,False,10422.162012626135,False,False,False,False
2025-01-02 17:00:00+00:00,84.56,84.63,83.86,84.135,48590.0,,,,84.38813137383347,82.0278189208755,81.51840815575794,81.08704963361275,80.15295396817567,79.61209856750776,,,,,,83.62907907267312,83.72868953381071,82.81051666862665,82.11671696797156,81.561004789105,81.25093898054153,80.92449915269118,79.84409407774457,,83.72868953381071,81.25093898054153,81.76085713306624,"rgba(38, 166, 154, 0.5)",2.9236225323578275,82.33687073984098,0.6150346839435815,51.690679545594776,-2.971582142074439,False,True,False,False,True,5.145691195935729,0.0,0.0,0.0,0.0,0,0.9097312176165806,0.7994656735751295,False,False,False,False,0.17715339110853692,0.19373461594568026,False,False,False,False,286033.0,238595.44552718647,False,False,False,False,11013.91143878697,False,False,False,False
2025-01-03 17:00:00+00:00,84.6,84.81,84.24,84.34,20524.0,,,,84.39228450572338,82.07548425967335,81.56783013252154,81.13844181003901,80.20684736477446,79.66499972106045,,,,,,83.71664470992555,83.75254417884489,82.85189302921266,82.16578341310381,81.6108057612921,81.30122647654423,80.97670894979507,79.89736994965678,,83.75254417884489,81.30122647654423,81.80849030444053,"rgba(38, 166, 154, 0.5)",2.9010110508434446,82.38017953622477,0.6755646322703353,51.24757950845017,-2.971582142074439,False,True,False,False,True,5.593907330110152,0.0,0.0,0.0,0.0,0,0.9109416822126696,0.8035525995620082,False,False,False,False,0.1884526062464157,0.19109361109604797,False,False,False,False,306557.0,239649.11303839288,False,False,False,False,11161.35467229415,False,False,False,False
2025-01-06 17:00:00+00:00,84.13,84.16,82.295,82.35,16760.0,,,,84.32939968176647,82.08900473380592,81.58631298644625,81.16049880693726,80.23442068130691,79.69386145733716,,,,,,83.65493669216566,83.73142613664677,82.85355793021837,82.17869710061306,81.62910410632419,81.32184789263806,81.00002097808222,79.925712297739,,83.73142613664677,81.32184789263806,81.8134858201448,#000000,2.8708125791948738,82.36963765094883,-0.006840450362783637,45.481122928401405,1.1518326475151355,False,True,False,True,False,0.7776617268592929,0.0,0.0,0.0,0.0,0,0.8956976276638523,0.8146763168476076,False,False,False,False,0.10288721662904583,0.1469904138625469,False,False,False,False,289797.0,240426.59965795267,False,False,False,False,11248.155375049279,False,False,False,False
2025-01-07 17:00:00+00:00,83.525,83.56,82.48,82.9,10251.0,,,,84.29470039759687,82.09749550683517,81.59774249949199,81.17406008465632,80.25128893457159,79.71150616848749,,,,,,83.623847636679,83.71973886658513,82.85508847378732,82.18684140295352,81.64042599935684,81.33455080577178,81.01433313072181,79.94304362089989,,83.71973886658513,81.33455080577178,81.81747596631389,#000000,2.828622706267674,82.36574834649446,0.18887342321114528,43.66263970523403,-0.6740291768342743,False,True,False,True,False,2.0078347475824074,0.0,0.0,0.0,0.0,0,0.8914283419023139,0.8216982647814909,False,False,False,False,0.09052811831870458,0.11875926609062575,False,False,False,False,300048.0,241350.9624539534,False,False,False,False,11232.6956017927,False,False,False,False
2025-01-08 17:00:00+00:00,83.665,83.72,83.09,83.53,13158.0,,,,84.2676038785536,82.11379906863347,81.61700255316116,81.19559588738058,80.27629069186858,79.73707310316775,,,,,,83.61395668314206,83.7143939242929,82.86413942017559,82.20306555189617,81.65965024722054,81.35511779058562,81.0366935639943,79.96837804528444,,83.7143939242929,81.35511779058562,81.83019717209689,#000000,2.7866199729910255,82.37192521817013,0.41558403838857333,44.569409568812986,-0.6740291768342743,False,True,False,True,False,3.3949952935096483,0.0,0.0,0.0,0.0,0,0.8924614643545282,0.8236994219653178,False,False,False,False,0.11348422766193118,0.11612174687627846,False,False,False,False,313206.0,242464.99404381457,False,False,False,False,11262.545282385061,False,False,False,False
2025-01-09 17:00:00+00:00,83.53,83.53,83.53,83.53,0.0,,,,84.2676038785536,82.11379906863347,81.61700255316116,81.19559588738058,80.27629069186858,79.73707310316775,,,,,,83.61395668314206,83.7143939242929,82.86413942017559,82.20306555189617,81.65965024722054,81.35511779058562,81.0366935639943,79.96837804528444,,83.7143939242929,81.35511779058562,81.83019717209689,#000000,2.753648562435668,82.37192521817013,0.42056012434844725,45.173922811198956,-0.6740291768342743,False,True,False,True,False,3.3949952935096483,0.0,0.0,0.0,0.0,0,0.8948815395811436,0.830840139079809,False,False,False,False,0.12096203090962616,0.11854188889295231,False,False,False,False,313206.0,243561.753826081,False,False,False,False,11087.932177231804,False,False,False,False
2025-01-10 17:00:00+00:00,81.13,81.77,80.835,81.135,22200.0,,,,84.11307774370225,82.09647305980621,81.6106062248121,81.19639956840098,80.28893385637704,79.75430788270697,,,,,81.24666666666667,83.41018460285764,83.63550511443273,82.82343762716513,82.18272706793684,81.65236506981714,81.3533648269254,81.03990056807432,79.98378509154124,,83.63550511443273,81.3533648269254,81.75918233141485,#000000,2.7265407364251857,82.344000437978,-0.4434191728098413,40.35496620134312,-4.261982178405219,False,True,False,True,False,0.0,0.0,0.0,0.0,0.0,0,0.8886272944932165,0.8389864325618515,False,False,False,False,-0.011064379231008085,0.05373875483097211,False,False,True,False,291006.0,244297.32353420375,False,False,False,False,11260.21229851503,False,False,False,False
2025-01-13 17:00:00+00:00,81.69,82.215,81.52,82.14,13877.0,,,,84.04631569095889,82.09476900459252,81.61432031497945,81.20382154990875,80.302420252268,79.76992556409894,,,,,81.52040889393982,83.3360540862407,83.60264678573765,82.81004056671011,82.17978333894237,81.65570212715791,81.35941612107469,81.04858615513504,79.99855035020659,,83.60264678573765,81.35941612107469,81.76951738679676,#000000,2.696548857101858,82.3410566588368,-0.07456073280752369,40.31821538155036,-4.439513981806989,False,True,False,True,False,0.15251011771044531,0.0,0.0,0.0,0.0,0,0.8885556621881001,0.8357325655790147,False,False,False,False,0.022279051030663306,0.03800890293081771,False,False,False,False,304883.0,245236.63634762695,False,False,False,False,11300.782650476038,False,False,False,False
2025-01-14 17:00:00+00:00,82.48,83.545,82.39,83.44,10237.0,,,,84.02572813640766,82.10405957939122,81.62613044953596,81.21752840566559,80.31914187626029,79.78737233088036,,,,,81.87507916972551,83.32839303971247,83.59584191074482,82.81359802265466,82.18884301968666,81.66742931891045,81.37234878851453,81.06297160886768,80.01570226993695,,83.59584191074482,81.37234878851453,81.80001119512632,#000000,2.6705604955437616,82.36592283097679,0.40219166381569493,43.61510789437915,-4.439513981806989,False,True,False,True,True,2.9197495859690683,0.0,0.0,0.0,0.0,0,0.8911025222138107,0.8336853010319957,False,False,False,False,0.08740563194085355,0.06270726743583563,False,False,False,False,315120.0,246320.0993499893,False,False,False,False,11284.289896205091,False,False,False,False
2025-01-15 17:00:00+00:00,84.44,84.82,84.23,84.82,11143.0,,,,84.03991880833654,82.12854854754433,81.65142039925881,81.2437741935112,80.34671980626332,79.81459142651059,,,,,82.40806550985955,83.37761333324238,83.61153244657257,82.83557775898224,82.21397990502768,81.6928886582904,81.39806429778712,81.08961996327155,80.04305386770602,,83.61153244657257,81.39806429778712,81.85969126147761,"rgba(38, 166, 154, 0.5)",2.640263368994885,82.42442198656029,0.9073253985081305,48.569262902702086,-7.0065701633990045,False,True,False,False,True,5.695255322694646,0.0,0.0,0.0,0.0,0,0.9040865384615387,0.8202724358974358,False,False,False,False,0.18104037176633642,0.12187381960108602,False,False,False,False,326263.0,247559.52416626853,False,False,False,False,11282.099355178656,False,False,False,False
2025-01-16 17:00:00+00:00,85.88,86.3,85.58,86.085,9478.0,,,,84.07849329556738,82.16020022477916,81.68232486764529,81.27467095008352,80.37729910877685,79.84400716373625,,,,,82.91503164761833,83.45937517622698,83.64200874623735,82.86781432879444,82.24683956111583,81.72412854358164,81.42874185199105,81.12060962003022,80.07292175778204,,83.64200874623735,81.42874185199105,81.92629778959777,"rgba(38, 166, 154, 1.0)",2.6130347497884787,82.49351604406684,1.3744493662871808,53.895786516242424,-2.1840104417853183,False,False,True,False,True,8.104645660989668,0.0,0.0,0.0,0.0,0,0.9068106048579141,0.8167963168756947,False,False,False,False,0.2688815534993721,0.19537768655022905,False,False,False,False,335741.0,248926.67883035738,False,False,False,False,11254.128822540228,False,False,False,False
2025-01-17 17:00:00+00:00,86.61,86.665,86.25,86.285,6983.0,,,,84.11186858985577,82.185661980213,81.70696368320097,81.2991438503616,80.40125487086688,79.86694081465843,,,,,83.24425503034895,83.52569577626124,83.66781970440577,82.89422430349512,82.27330918183036,81.7490497083388,81.45309982116778,81.14510162821726,80.09625399128896,,83.66781970440577,81.45309982116778,81.9747095289674,"rgba(38, 166, 154, 1.0)",2.609436458438707,82.54446147866554,1.4334660302755629,57.74633696759395,1.2021399519191078,True,False,True,False,True,8.477745063306475,0.0,0.0,0.0,0.0,0,0.9108459525885992,0.8151906762863711,False,False,False,False,0.30197639860013553,0.2486770425751823,False,False,False,False,342724.0,250380.90086399522,False,False,False,False,11187.909771027977,False,False,False,False
2025-01-20 17:00:00+00:00,86.285,86.285,86.285,86.285,0.0,,,,84.11186858985577,82.185661980213,81.70696368320097,81.2991438503616,80.40125487086688,79.86694081465843,,,,,83.24425503034895,83.52569577626124,83.66781970440577,82.89422430349512,82.27330918183036,81.7490497083388,81.45309982116778,81.14510162821726,80.09625399128896,,83.66781970440577,81.45309982116778,81.9747095289674,"rgba(38, 166, 154, 1.0)",2.5265547385412663,82.54446147866554,1.4804898007054847,60.3133706018283,3.4770220664628653,True,False,True,False,True,8.477745063306475,0.0,0.0,0.0,0.0,0,0.9135733630715311,0.8170304285486697,False,False,False,False,0.29087659824365475,0.2697768204094185,False,False,False,False,342724.0,251812.57681959218,False,False,False,False,11014.453805585683,False,False,False,False
2025-01-21 17:00:00+00:00,86.98,86.98,86.23,86.37,7681.0,,,,84.14946078451244,82.21414916863525,81.73449329200685,81.32645627936547,80.4279378148503,79.89246776529323,,,,,83.55323190235175,83.59834048735598,83.69694900591064,82.9238549921518,82.30291947104561,81.77689515662944,81.48029735429942,81.17242374939354,80.12223222481934,,83.69694900591064,81.48029735429942,82.02480729657474,"rgba(38, 166, 154, 1.0)",2.4635255407826686,82.93213105187532,1.3955077352404748,62.179647101939864,5.243147885375919,True,False,True,False,True,8.641525403058797,0.0,0.0,0.0,0.0,0,0.9126656789332481,0.8190846113802907,False,False,False,False,0.3115250606397164,0.29065094052456747,False,False,False,False,350405.0,253341.1415200636,False,False,False,False,10962.772351235517,False,False,False,False
2025-01-22 17:00:00+00:00,84.44,85.045,84.17,84.53,9029.0,,,,84.15722779512677,82.23227246175054,81.75348260804904,81.34632666081197,80.44909901591211,79.91350122500013,,,,,83.65569182077651,83.62554721199919,83.70742016967549,82.93960045982719,82.32141595863939,81.7959803683657,81.49971798894316,81.19264935318088,80.14330952135423,,83.70742016967549,81.49971798894316,82.04888284129416,"rgba(38, 166, 154, 0.5)",2.3999827326702885,82.88842761002373,0.6839934169650527,58.00270369485396,5.243147885375919,True,False,True,False,False,4.32741806752248,0.0,0.0,0.0,0.0,0,0.902470221440563,0.8341194340075146,False,False,False,False,0.18607438202906837,0.23836266127681793,False,False,False,False,341376.0,254706.0230468843,False,False,False,False,10932.791384549695,False,False,False,False
2025-01-23 17:00:00+00:00,84.44,84.67,83.85,83.97,15929.0,,,,84.15741541592716,82.2580038293279,81.78150815837371,81.37633983688721,80.4821842669381,79.94686763562092,,,,,83.73157816943045,83.65057597688322,83.71674511672062,82.95976735921438,82.34741977844978,81.82406242266052,81.52882239878832,81.2234193205641,80.17655298676564,,83.71674511672062,81.52882239878832,82.07741751150347,#000000,2.326529768940035,82.8719745709752,0.4719584695127545,53.92883754517033,11.32219270086101,False,False,True,False,False,3.0767704195373256,0.0,0.0,0.0,0.0,0,0.9060789049919487,0.8342190016103059,False,False,False,False,0.16493043308189756,0.20164654717935776,False,False,False,False,325447.0,255802.78237949073,False,False,False,False,11010.251983238848,False,False,False,False
2025-01-24 17:00:00+00:00,84.48,84.93,84.48,84.87,13058.0,,,,84.17222212081639,82.28503864906992,81.80963544518009,81.40563678080741,80.51319525343351,79.97764755288185,,,,,83.84384780336914,83.69134727850951,83.73394879954874,82.98376350249174,82.37502171697257,81.8523371264055,81.55750796977841,81.25319558946227,80.20741497361597,,83.73394879954874,81.55750796977841,82.11078403748952,"rgba(38, 166, 154, 0.5)",2.2851370077399156,82.90133597631517,0.8615080920823731,53.44420446607833,10.751904807363317,False,False,True,False,False,4.889459723226864,0.0,0.0,0.0,0.0,0,0.9024043538299085,0.8336040938997644,False,False,False,False,0.1920357315829416,0.19684113938114967,False,False,False,False,338505.0,257084.9873038397,False,False,False,False,11042.000014506462,False,False,False,False
2025-01-27 17:00:00+00:00,86.09,86.525,85.56,86.42,11574.0,,,,84.2147696927395,82.32187735935402,81.84581598030307,81.44190908101886,80.54929980421386,80.01253992479134,,,,,84.04892288987644,83.76948602321106,83.76901794267653,83.02094864549116,82.41310210097687,81.88886695864203,81.59350644847729,81.28960387738593,80.24277946619486,,83.76901794267653,81.59350644847729,82.16149641302351,"rgba(0, 255, 255, 0.75)",2.28227319309637,82.96947997716465,1.5118786100072503,56.17902815030416,10.751904807363317,True,False,True,False,False,7.863035472774282,0.0,0.0,0.0,0.0,0,0.9092007734450535,0.8242023847889138,False,False,False,False,0.275388938544222,0.23611503896268582,False,False,False,False,350079.0,258526.75494253985,False,False,False,False,11050.248076297059,False,False,False,False
2025-01-28 17:00:00+00:00,86.03,86.03,85.545,85.765,11097.0,,,,84.2461172934312,82.3530471799312,81.87687961514871,81.47335637126078,80.58112348011481,80.04353964941107,,,,,84.18393099110243,83.82851037458563,83.79641530984482,83.05149542803836,82.44519986036906,81.92018933711698,81.62461208939834,81.32127021408967,80.27409824525104,,83.79641530984482,81.62461208939834,82.20131902927295,"rgba(38, 166, 154, 1.0)",2.265708047157293,83.01567655453533,1.2134500069036482,56.27498149467616,10.751904807363317,True,False,True,False,False,6.374808410240945,0.0,0.0,0.0,0.0,0,0.9098469861520452,0.8195728531632281,False,False,False,False,0.25924065384316364,0.24767784640292473,False,False,False,False,338982.0,259774.12308296555,False,False,False,False,11050.972912323461,False,False,False,False
2025-01-29 17:00:00+00:00,86.8,86.97,85.985,86.03,10306.0,,,,84.28413910175202,82.38604813453213,81.90928453502028,81.50582337896047,80.61341474923202,80.07475629941332,,,,,84.3287630303904,83.89485952333737,83.82805077882524,83.08484593623152,82.47927859105681,81.95289962103485,81.6568471394899,81.35384981197244,80.30573424101522,,83.82805077882524,81.6568471394899,82.2439063248176,"rgba(38, 166, 154, 1.0)",2.2566095771714987,83.06762313740748,1.3127556013945716,56.873645789186114,10.751904807363317,True,False,True,False,False,6.879890761052948,0.0,0.0,0.0,0.0,0,0.9205733898647288,0.8090450232182516,False,False,False,False,0.3032679690851905,0.27547290774405764,False,False,False,False,349288.0,261161.9351281909,False,False,False,False,11039.422944690537,False,False,False,False
2025-01-30 17:00:00+00:00,86.37,86.68,85.695,86.2,8477.0,,,,84.3123654964227,82.41185765926494,81.9347735983038,81.53145715452843,80.63907587895288,80.09964537276058,,,,,84.4268069378134,83.94393036506088,83.8520951271777,83.1106385411117,82.50588478592677,81.97861408440423,81.68226609108416,81.37960388857071,80.33092416827132,,83.8520951271777,81.68226609108416,82.27599594331028,"rgba(38, 166, 154, 1.0)",2.2642408926212236,83.10460846814422,1.3670769492517942,57.63479725038852,10.751904807363317,True,False,True,False,True,7.206511365451576,0.0,0.0,0.0,0.0,0,0.9271721311475412,0.8084426229508196,False,False,False,False,0.2846336613990492,0.28005328457155343,False,False,False,False,357765.0,262659.6570641879,False,False,False,False,10999.695457175954,False,False,False,False
2025-01-31 17:00:00+00:00,85.75,85.975,85.16,85.445,9523.0,,,,84.33222107561592,82.43540931892926,81.95863133300598,81.5558597035284,80.66420431741682,80.12433924031967,,,,,84.48820468329893,83.9810273601167,83.87101579555593,83.132963002853,82.53001147755606,82.0026305924973,81.70632255059536,81.40425742717446,80.35578455494725,,83.87101579555593,81.70632255059536,82.30285882889406,"rgba(38, 166, 154, 1.0)",2.2624937170781587,83.1307145487315,1.0228914377968819,55.88256480556729,10.751904807363317,True,False,True,False,True,5.4582325897477055,0.0,0.0,0.0,0.0,0,0.9198091869885267,0.8237035818563144,False,False,False,False,0.24541457802002273,0.2627339312957881,False,False,False,False,348242.0,263986.5150942005,False,False,False,False,10976.800953963924,False,False,False,False
2025-02-03 17:00:00+00:00,85.33,85.55,85.04,85.405,10633.0,,,,84.35014114847864,82.45965632515045,81.9834626496765,81.5814358822775,80.690845135733,80.15066152861728,,,,,84.53769306111187,84.0154728251745,83.88921349635505,83.15541577670557,82.55477539291968,82.02760242012421,81.73147675106804,81.43015467600023,80.38222680097228,,83.88921349635505,81.73147675106804,82.329348924691,"rgba(38, 166, 154, 1.0)",2.248848638347301,83.15462460090336,1.0006789077411904,54.59597031972724,9.937768804365284,True,False,True,False,False,5.365834521885539,0.0,0.0,0.0,0.0,0,0.9199041163828734,0.8253017027607868,False,False,False,False,0.22841512711379902,0.24557452920479356,False,False,False,False,337609.0,265127.948968709,False,False,False,False,10971.470706615646,False,False,False,False
2025-02-04 17:00:00+00:00,86.37,86.5,85.72,85.73,7391.0,,,,84.3702453147996,82.48004291123736,82.00382629496049,81.60206464363637,80.71175996775547,80.17108362905849,,,,,84.59434110397137,84.04974983954759,83.90719285610291,83.17534753433432,82.57571185824055,82.04812100408873,81.75188462445963,81.45092883838717,80.40284013452171,,83.90719285610291,81.75188462445963,82.35300937034012,"rgba(38, 166, 154, 1.0)",2.2333067592875326,83.17981944554124,1.1418854771533127,54.6719899724518,9.598566040758577,True,False,True,False,False,6.022579326542562,0.0,0.0,0.0,0.0,0,0.9221036963532624,0.8242785082279004,False,False,False,False,0.27968671583104016,0.26263062251791686,False,False,False,False,345000.0,266366.27534128714,False,False,False,False,10915.959532869667,False,False,False,False
2025-02-05 17:00:00+00:00,85.99,86.45,85.8,86.3,9001.0,,,,84.39702422795445,82.50595333297576,82.02957988905753,81.62806234842658,80.7379664775882,80.19661120215257,,,,,84.66671604669638,84.09406881026119,83.93074562447237,83.20094696568574,82.6023425611855,82.0740790039252,81.77763723383032,81.47707884468521,80.42863211771635,,83.93074562447237,81.77763723383032,82.38316297910755,"rgba(38, 166, 154, 1.0)",2.2237725635533643,83.21254746853826,1.3883850273466356,56.27825259564339,9.598566040758577,True,False,True,False,False,7.16750548528066,0.0,0.0,0.0,0.0,0,0.9185105680317044,0.827443857331572,False,False,False,False,0.280643141457459,0.27163688198768793,False,False,False,False,354001.0,267724.9532429726,False,False,False,False,10886.270237786415,False,False,False,False
2025-02-06 17:00:00+00:00,86.97,87.09,85.91,86.81,21556.0,,,86.60333333333334,84.47239825022399,82.57347664328051,82.09609204218903,81.69477081902716,80.80448099162167,80.26110115637081,,,,,84.85718532088046,84.21297916877346,83.99537369322637,83.26890692141282,82.67184437524779,82.1411596588732,81.84387571872703,81.54402999935374,80.4939146726583,,83.99537369322637,81.84387571872703,82.72093267282497,"rgba(38, 166, 154, 1.0)",2.2223955746195054,83.6074367131761,1.4410410655052763,58.62091458007158,9.598566040758577,True,False,True,False,True,8.180123021444711,0.0,0.0,0.0,0.0,0,0.924808310660401,0.8212548437628824,False,False,False,False,0.30472216069522684,0.2881795213414574,False,False,False,False,375557.0,269396.76792137616,False,False,False,False,11051.69240464244,False,False,False,False
2025-02-07 17:00:00+00:00,86.795,87.0,86.46,86.705,19907.0,,,86.66014691813584,84.54119123815903,82.6356614149471,82.15738886559004,81.75625412646697,80.86580767716276,80.32060511038414,,,,,85.0124313897719,84.31816455167427,84.05492721363882,83.33144367947443,82.73578699359804,82.20296442287228,81.90493344899038,81.60573498935678,80.55413323035903,,84.05492721363882,81.90493344899038,82.79109845441135,"rgba(38, 166, 154, 1.0)",2.1814096442516906,83.68492079011395,1.3844622067406578,59.73216567851395,5.412186417539353,True,False,True,False,True,7.9200709198506765,0.0,0.0,0.0,0.0,0,0.9334186939820746,0.8204535128660526,False,False,False,False,0.3196603941451428,0.3039199577433001,False,False,False,False,355650.0,270734.0273334478,False,False,False,False,11188.983995268138,False,False,False,False
2025-02-10 17:00:00+00:00,86.22,86.79,85.72,85.93,12919.0,,,86.53816443553626,84.5724372076814,82.66948933710701,82.19140388329608,81.79082832882868,80.9010894712237,80.35522178136436,,,,,85.07057918219252,84.36660052682228,84.08416551887552,83.3641498638811,82.77038225014013,82.23719776067672,81.93911330172676,81.64058563228157,80.58900821103353,,84.08416551887552,81.93911330172676,82.81752604329174,"rgba(38, 166, 154, 1.0)",2.1538755516255175,83.71112873115192,1.0301761711225708,57.36321323839712,5.412186417539353,True,False,True,False,False,6.01250652901253,0.0,0.0,0.0,0.0,0,0.9215097135330922,0.8258561080013169,False,False,False,False,0.2889533653288261,0.2964366615360631,False,False,False,False,342731.0,271850.25946781295,False,False,False,False,11215.805948829871,False,False,False,False
2025-02-11 17:00:00+00:00,85.0,85.5,84.82,84.85,15314.0,,,86.21264135196662,84.58335653506421,82.69644539056668,82.22007424054621,81.82103243618329,80.93374158323016,80.38810340273689,,,,,85.06978215300664,84.3876090650169,84.10001654864955,83.38714149573211,82.79754350368125,82.26591391209445,81.9686098948432,81.67138349464075,80.62179105106958,,84.10001654864955,81.9686098948432,82.82032412868926,"rgba(38, 166, 154, 0.5)",2.0932129706598803,83.7054949545608,0.5467695172356908,52.43363631930238,7.012166938763841,False,False,False,False,False,3.446320723969869,0.0,0.0,0.0,0.0,0,0.9116934324557442,0.8361194397667061,False,False,False,False,0.22004178279230138,0.2582392221641822,False,False,False,False,327417.0,272711.75932102517,False,False,False,False,11279.343841096073,False,False,False,False
2025-02-12 17:00:00+00:00,83.47,83.745,82.67,82.96,20783.0,,,85.50341103092062,84.54005168126639,82.70291372480384,82.23219816756874,81.8371961310232,80.95686151438743,80.41383680036388,,,,,84.92948722532304,84.33751216906167,84.07891584126111,83.38239625095628,82.80273923378918,82.27762651422813,81.9832701294212,81.68895384425099,80.6464730230513,,84.07891584126111,81.9832701294212,82.76961520510483,#000000,2.0488951098505224,83.6272857656241,-0.32568078395813177,45.26927968185319,0.5712204749061556,False,True,False,True,False,0.0,0.0,0.0,0.0,0.0,0,0.9025586959166297,0.84647824500223,False,False,False,False,0.10169467293786973,0.17996694755102596,False,False,False,False,306634.0,273237.6855331023,False,False,False,False,11426.687347435669,False,False,False,False
2025-02-13 17:00:00+00:00,83.105,84.22,82.89,84.165,8952.0,,,85.34629770058298,84.53017944767895,82.70973097056046,82.24095478023588,81.84739921367893,80.96953574977644,80.42732723694006,,,,,84.89419269500777,84.32778006255559,84.07595505498193,83.385304802286,82.80922587971888,82.28627130825409,81.99291057504429,81.69967217768726,80.65963357447542,,84.07595505498193,81.99291057504429,82.76264820184156,#000000,1.9517796268303214,83.61187998502963,0.28339265733019187,44.265506581498876,-0.08127043603628437,False,True,False,True,False,1.796234184384332,0.0,0.0,0.0,0.0,0,0.9040135396518377,0.8469132817537072,False,False,False,False,0.12245918195338222,0.15121306475220408,False,False,False,False,315586.0,273894.24854809296,False,False,False,False,11388.320101738991,False,False,False,False
2025-02-14 17:00:00+00:00,84.04,84.16,82.89,83.03,20603.0,,,85.00536353588706,84.49712841613956,82.71925626802472,82.2555396865662,81.86566470946106,80.99416944343858,80.45430190641333,,,,,84.79468420268367,84.29174688928407,84.06105359411625,83.38486210200367,82.81769811938703,82.30050750066444,82.00978759525957,81.71923110027038,80.68566394567821,,84.06105359411625,82.00978759525957,82.74104118845486,#000000,1.865500203432633,83.56924232140759,-0.2890604463164069,41.51216018885205,-2.5605905074934228,False,True,False,True,False,0.0,0.0,0.0,0.0,0.0,0,0.9091127674921857,0.8472789933477596,False,False,False,False,0.12066266565763824,0.13593786520492115,False,False,False,False,294983.0,274221.2059349442,False,False,False,False,11531.183355975596,False,False,False,False
2025-02-17 17:00:00+00:00,83.03,83.03,83.03,83.03,0.0,,,85.00536353588706,84.49712841613956,82.71925626802472,82.2555396865662,81.86566470946106,80.99416944343858,80.45430190641333,,,,,84.79468420268367,84.29174688928407,84.06105359411625,83.38486210200367,82.81769811938703,82.30050750066444,82.00978759525957,81.71923110027038,80.68566394567821,,84.06105359411625,82.00978759525957,82.74104118845486,#000000,1.6303840121349311,83.56924232140759,-0.33074558962429085,39.6765959270875,-4.274311469666301,False,True,False,True,False,0.0,0.0,0.0,0.0,0.0,0,0.910442364096589,0.8551167182289361,False,False,False,False,0.09112307543235124,0.1135304703186362,False,False,False,False,294983.0,274543.0942150226,False,False,False,False,11352.405319448842,False,False,False,False
2025-02-18 17:00:00+00:00,83.64,83.66,83.05,83.43,15065.0,,,84.82411791846472,84.4745238357472,82.7262583996796,82.26615467602757,81.87891880209547,81.01201234137666,80.47384753288195,,,,,84.7306289197594,84.26758263974533,84.05084411987522,83.3848006905697,82.82395237135438,82.31087245712858,82.02204568173225,81.73341429599652,80.70452203608905,,84.05084411987522,82.02204568173225,82.73028104490773,#000000,1.4708616552916052,83.54459278486114,-0.07790860850092134,39.773513291185296,-4.331686361549899,False,True,False,True,False,0.2493160112646926,0.0,0.0,0.0,0.0,0,0.9081243731193581,0.8530792377131391,False,False,False,False,0.11049668736060757,0.11201357883962187,False,False,False,False,310048.0,275093.55787060363,False,False,False,False,11409.964926899247,False,False,False,False
2025-02-19 17:00:00+00:00,83.34,83.44,82.6,83.24,19038.0,,,84.61034266053359,84.44008619090215,82.7311093475957,82.27590629271435,81.8922040571702,81.03149874981172,80.49577745911007,,,,,84.64201348575045,84.22952831034452,84.03304216951791,83.3802214867526,82.82768627439557,82.32025292941199,82.03402165266789,81.74793434810512,80.72546583855227,,84.03304216951791,82.03402165266789,82.71356820333351,#000000,1.4635163350851996,83.50986478486342,-0.1843947883558943,39.41149278040138,-4.992043878974101,False,True,False,True,False,0.0,0.0,0.0,0.0,0.0,0,0.902217579945364,0.8575044190904705,False,False,False,False,0.09052811831870385,0.10127084857916285,False,False,False,False,291010.0,275340.32441524544,False,False,False,False,11528.229036559724,False,False,False,False
2025-02-20 17:00:00+00:00,82.01,83.33,81.96,82.96,16151.0,,,84.43389808246421,84.40507746703467,82.73131878540507,82.2806008826652,81.90009180564189,81.04504081246647,80.5116747241801,,,,82.75,84.55895424543473,84.18994006339636,84.01311954903721,83.37193212419227,82.82678337075308,82.32457964583841,82.0407480615037,81.75692959843902,80.74041299557965,,84.01311954903721,82.0407480615037,82.69888836553129,#000000,1.446244926485668,83.52045661159173,-0.38752537784428054,38.520002485316425,-6.209179362425331,False,True,False,True,False,0.0,0.0,0.0,0.0,0.0,0,0.8965379706445437,0.8619176770899806,False,False,False,False,0.06825959221547337,0.08476522039731811,False,False,False,False,274859.0,275332.8620212106,False,False,False,False,11599.89990420996,False,False,False,False
2025-02-21 17:00:00+00:00,83.23,83.38,82.2,82.72,13084.0,,,84.31493741320013,84.37803762945809,82.7316334366315,82.28446900050623,81.9064993719549,81.0559615317488,80.52448438593096,,,,82.75745909583262,84.49740314899731,84.1597433870499,83.99763517715519,83.36555078479213,82.82622262825757,82.32815621456857,82.04623107920385,81.7642194670922,80.75245998801583,,83.99763517715519,82.04623107920385,82.68771198472916,"rgba(239, 83, 80, 0.5)",1.4522977538245783,83.49626793915087,-0.5345101836772753,37.35795747843357,-7.674265515264651,False,True,False,True,False,0.0,0.0,0.0,0.0,0.0,0,0.8986909956366522,0.8643395477984924,False,False,False,False,0.07686087313680529,0.08081304676706169,False,False,False,False,261775.0,275122.66261002905,False,False,False,False,11622.909208020657,False,False,False,False
2025-02-24 17:00:00+00:00,84.2,84.85,84.175,84.375,9786.0,,,84.32262450084042,84.37911830168949,82.74310854119342,82.29738078035047,81.92058009207376,81.07206671771743,80.54116272356995,,,,83.18610790770781,84.49663342929648,84.16453771602181,84.00195302982553,83.37416572859586,82.8375877763697,82.34101840362094,82.05982808743903,81.77873371414313,80.76890327428082,,84.00195302982553,82.05982808743903,82.72267710145506,"rgba(38, 166, 154, 0.5)",1.4437498878742416,83.52897218057598,0.5859933403490707,42.3115578913662,-7.674265515264651,False,True,False,True,True,2.327957506606417,0.0,0.0,0.0,0.0,0,0.9026323015966421,0.8597936526617235,False,False,False,False,0.18027844020867834,0.13054574348787001,False,False,False,False,271561.0,275067.44303467975,False,False,False,False,11594.429995493205,False,False,False,False
2025-02-25 17:00:00+00:00,84.56,85.23,84.545,84.955,12229.0,,,84.35759757595824,84.38708601955229,82.76087075616506,82.31655662615795,81.94098593360114,81.094580558523,80.56413889355974,,,,83.59745378861787,84.50917687748344,84.17881066077564,84.01228045913298,83.38903617616886,82.85537596710694,82.36018293781463,82.0796967454806,81.79960926654931,80.79168715086399,,84.01228045913298,82.0796967454806,82.76441919961835,"rgba(38, 166, 154, 0.5)",1.432518046990367,83.56921947985293,0.967373865242749,47.11812275984937,-8.295923857255147,False,True,False,False,True,3.543456814901152,0.0,0.0,0.0,0.0,0,0.9018870879335997,0.8589382194033355,False,False,False,False,0.20323084795254556,0.1668882957202078,False,False,False,False,283790.0,275202.67647600255,False,False,False,False,11604.26829013672,False,False,False,False
2025-02-26 17:00:00+00:00,84.395,84.62,83.94,84.22,12674.0,,,84.35192507295359,84.38513952384808,82.773499143262,82.33122837814065,81.95727634929071,81.11370874736754,80.58417389977797,,,,83.72881463404458,84.50157948780868,84.18039036685536,84.01516633606575,83.39768916783007,82.8677608592659,82.37475855692685,82.0953358099425,81.81649245301577,80.81135169619733,,84.01516633606575,82.0953358099425,82.78154649897608,#000000,1.4245500411771983,83.58117251206448,0.44844159170962533,48.07854277953373,-7.434866844086201,False,True,False,False,True,1.8806654775259446,0.0,0.0,0.0,0.0,0,0.8953774136922179,0.863155841622781,False,False,False,False,0.1661432207132681,0.16651575821673795,False,False,False,False,271116.0,275139.3171507932,False,False,False,False,11620.85327788654,False,False,False,False
2025-02-27 17:00:00+00:00,85.3,85.98,85.255,85.82,8647.0,,,84.40277064917574,84.39858231435059,82.79013666483608,82.34841395722775,81.97505700514695,81.13247797481291,80.60296978735109,,,,83.96189857748503,84.52569552426404,84.20010213677159,84.02833386529751,83.41308876230458,82.88460709444972,82.39199546289308,82.11281733357588,81.8345191871736,80.83013166459452,,84.02833386529751,82.11281733357588,82.81374105657122,"rgba(0, 255, 255, 0.75)",1.4145680491810546,83.61409981281096,1.5594160977028337,52.47166491200731,-3.324112864085045,False,False,True,False,True,5.164711549285297,0.0,0.0,0.0,0.0,0,0.8959094932081427,0.8551583484049713,False,False,False,False,0.2485486223321251,0.20753219027443154,False,False,False,False,279763.0,275211.0021562072,False,False,False,False,11574.747025516204,False,False,False,False
2025-02-28 17:00:00+00:00,85.74,86.77,85.45,86.68,12543.0,,,84.50223500981535,84.42668446704711,82.81899111509607,82.37756955163348,82.00477543806596,81.16307272316186,80.63325925415704,,,,84.30645771161815,84.57663791656367,84.23926371313351,84.05402433757575,83.44100987467166,82.91397716513676,82.42129242855474,82.1421888374134,81.86450059996163,80.86053580689962,,84.05402433757575,82.1421888374134,82.86743976179447,"rgba(0, 255, 0, 1.0)",1.4283090960544902,83.6709033192997,2.1067545456459884,56.94802098569443,0.7557230956947052,True,False,True,False,True,6.84365359593318,0.0,0.0,0.0,0.0,0,0.9010283267709011,0.8506441377728502,False,False,False,False,0.27968671583104016,0.24360945305273585,False,False,False,False,292306.0,275476.0408824676,False,False,False,False,11589.758699539208,False,False,False,False
2025-03-03 17:00:00+00:00,87.23,87.565,86.42,87.14,15665.0,,,84.65828718741336,84.4740777217039,82.86190551462231,82.42015521994382,82.0476328531017,81.2062214042756,80.6755307860633,,,,84.73161620972624,84.66196799275781,84.30304926735619,84.09563399311088,83.48398286823428,82.95783639293079,82.46414989599191,82.18473838466885,81.90755112783818,80.9031494183217,,84.09563399311088,82.18473838466885,82.94338154341533,"rgba(0, 255, 0, 1.0)",1.4548330079700538,84.0480575839378,2.12529025607992,60.69678823774048,4.123532665235423,True,False,True,False,True,7.726405598451741,0.0,0.0,0.0,0.0,0,0.909384990105039,0.8454863753996038,False,False,False,False,0.336880180942494,0.29024481699761495,False,False,False,False,307971.0,275979.8386982433,False,False,False,False,11652.940735205268,False,False,False,False
2025-03-04 17:00:00+00:00,85.85,86.23,84.995,85.1,10650.0,,,84.68970307443973,84.48585484986808,82.87960756930568,82.43879547261241,82.06715347900801,81.22725194993669,80.69680924873263,,,,84.79948038661391,84.67989566039054,84.32040008079504,84.10825946218573,83.49973959506306,82.97565070484248,82.48280907887853,82.20385521606242,81.92741839052552,80.92432243782825,,84.10825946218573,82.20385521606242,82.96511803865229,"rgba(38, 166, 154, 0.5)",1.4536269085247766,84.02682316074782,0.7382752981239808,57.48443296882476,4.123532665235423,True,False,True,False,False,3.146184446756937,0.0,0.0,0.0,0.0,0,0.9027946076946384,0.8491366252650709,False,False,False,False,0.24823500346827518,0.2692399102329451,False,False,False,False,297321.0,276310.7094161,False,False,False,False,11637.391266442395,False,False,False,False
2025-03-05 17:00:00+00:00,85.08,85.74,84.965,85.405,13089.0,,,84.72165802396032,84.49888592930402,82.90043432485398,82.46085265978772,82.09033616563751,81.25237975867476,80.72231086813294,,,,84.85945188647425,84.69886124245531,84.33969594757511,84.12263886954015,83.51805883723429,82.99657159367968,82.5048758459607,82.22653159334897,81.95103992897106,80.94966675987403,,84.12263886954015,82.22653159334897,82.98907354326263,"rgba(38, 166, 154, 0.5)",1.4548974825336638,84.02607162049446,0.947783878974189,56.00434216300291,4.123532665235423,True,False,True,False,False,3.748026852530458,0.0,0.0,0.0,0.0,0,0.9077139703923587,0.8502112113254935,False,False,False,False,0.23199106943182585,0.25061548983238546,False,False,False,False,310410.0,276839.3805879434,False,False,False,False,11659.896828202978,False,False,False,False
2025-03-06 17:00:00+00:00,84.415,85.335,84.31,84.88,14316.0,,,84.72752223485145,84.50432398114195,82.91802944456332,82.48028767669028,82.1112971665857,81.27603448127708,80.74675160924235,,,,84.8576179466125,84.70302849166035,84.34959031915037,84.13149108323269,83.5320886547061,83.01403769124273,82.52424822192341,82.24685813260132,81.97257191296438,80.97378419996257,,84.13149108323269,82.24685813260132,83.00409195578875,"rgba(38, 166, 154, 0.5)",1.4540421694809058,84.0151873499024,0.594764490500526,53.73034084336052,10.664259481146772,False,False,True,False,False,2.606297146958621,0.0,0.0,0.0,0.0,0,0.9011670174096041,0.8609910082265156,False,False,False,False,0.19923792203200158,0.22492670593219352,False,False,False,False,296094.0,277137.9018191381,False,False,False,False,11701.076722339367,False,False,False,False
2025-03-07 17:00:00+00:00,84.85,85.75,84.78,85.34,10178.0,,,84.74640700337677,84.51308672732327,82.933216554733,82.49650013473887,82.12842151200798,81.29475396945043,80.76583538136101,,,,84.88715103481599,84.7149586067478,84.3625867436283,84.14154329418035,83.54523696371334,83.02925262008583,82.54045381118729,82.26358208694651,81.99004784843362,80.99271605605985,,84.14154329418035,82.26358208694651,83.0203382558112,"rgba(38, 166, 154, 0.5)",1.44777657427074,84.02409074227799,0.9089173572136634,53.34856721732001,10.038311306968495,False,False,True,False,False,3.5327075044708707,0.0,0.0,0.0,0.0,0,0.9071299950193482,0.8519596950308413,False,False,False,False,0.2265517005604681,0.22573920324633082,False,False,False,False,306272.0,277589.59326380264,False,False,False,False,11677.463129744958,False,False,False,False
2025-03-10 17:00:00+00:00,85.92,85.92,84.47,84.96,12121.0,,,84.76064215857308,84.52099855987773,82.94973945108889,82.5143822043997,82.1474708067522,81.31586316847117,80.78749141474871,,,,84.90441602071995,84.72445212753166,84.37479660259974,84.15151646194877,83.55911067351538,83.04573977174833,82.55830591548921,82.28213338654821,82.00954062883301,81.01414579342752,,84.15151646194877,82.28213338654821,83.03651442036902,"rgba(38, 166, 154, 0.5)",1.4425705972069582,84.0308110126009,0.6441202872137708,52.06719902964204,8.461218463664217,False,False,False,False,False,2.6946125891438157,0.0,0.0,0.0,0.0,0,0.9089755422242733,0.84852330410706,False,False,False,False,0.22220969064987217,0.22397444694810148,False,False,False,False,294151.0,277846.3592597127,False,False,False,False,11684.339670369067,False,False,False,False
2025-03-11 17:00:00+00:00,84.33,85.15,84.31,84.55,16958.0,,,84.75601548735607,84.52368190484484,82.9677613082261,82.53476997483715,82.16976947419198,81.34158281099232,80.81434123853082,,,,84.8820946969059,84.7227093552517,84.38133576949036,84.15883078983597,83.57266484946247,83.06349213060233,82.57858202779008,82.30365986762705,82.03254551066587,81.0405323369639,,84.15883078983597,82.30365986762705,83.04966879609266,#000000,1.4246252075476202,84.02638010538543,0.36754922757259045,50.11746018179558,6.261428943640674,False,True,False,False,False,1.792346247634761,0.0,0.0,0.0,0.0,0,0.906403374233129,0.8564033742331283,False,False,False,False,0.1935664408039026,0.20877044387600202,False,False,False,False,277193.0,277836.2296587869,False,False,False,False,11766.101846022259,False,False,False,False
2025-03-12 17:00:00+00:00,83.99,84.64,83.89,83.98,7783.0,,,84.7426013374077,84.52078258276097,82.97351418757154,82.54183751229108,82.17785180739554,81.35150195714783,80.82495826634286,,,,84.85227754643827,84.71470802921971,84.37920883802106,84.15890264061862,83.5759911968711,83.06901486696809,82.58556436286179,82.31134998551174,82.04099465108467,81.05086471404809,,84.15890264061862,82.31134998551174,83.05128967544475,#000000,1.402050277978685,84.11966952598146,-0.09961805805054304,47.36847196580957,3.381548368586131,False,True,False,True,False,0.5477448643898022,0.0,0.0,0.0,0.0,0,0.900930570979972,0.8646651093325161,False,False,False,False,0.1652335847797574,0.18700201432787972,False,False,False,False,269410.0,277705.59043927083,False,False,False,False,11704.348329029664,False,False,False,False
2025-03-13 17:00:00+00:00,84.85,84.89,84.43,84.78,11567.0,,,84.74119974325279,84.52293972342642,82.98570559032905,82.55561171269848,82.19290750081629,81.36886384358023,80.84309411615877,,,,84.84335642884035,84.71439825259394,84.38393630823461,84.16402683728563,83.58521719790842,83.08102406217971,82.59926251288411,82.32588839970627,82.05652440812148,81.06868307033992,,84.16402683728563,82.32588839970627,83.06074351225625,#000000,1.375835199249397,84.13937632274065,0.46562529989700485,48.04152119111491,3.381548368586131,False,True,False,True,False,2.236683550096007,0.0,0.0,0.0,0.0,0,0.9004969418960247,0.8644495412844033,False,False,False,False,0.18928268865138523,0.1881423514896325,False,False,False,False,280977.0,277756.30996734416,False,False,False,False,11702.21889757184,False,False,False,False
2025-03-14 17:00:00+00:00,85.865,86.62,85.825,86.56,8560.0,,,84.77908224995232,84.53893797826775,83.00311698016725,82.57337856017695,82.2111249968744,81.38784642551586,80.86204965191595,,,,84.90533898702758,84.73927001700268,84.40498476083651,84.17913545990022,83.60181937906415,83.0986588898948,82.61708710857978,82.34386526377476,82.07493698202137,81.08764450487365,,84.17913545990022,82.34386526377476,83.08283989387328,"rgba(0, 255, 255, 0.75)",1.3732107998770742,84.199908547973,1.7186665384792161,52.615798792834994,3.381548368586131,False,False,True,False,True,5.80071535589499,0.0,0.0,0.0,0.0,0,0.902749933804895,0.8623898324318188,False,False,False,False,0.2868722071505638,0.23750727932009813,False,False,False,False,289537.0,277938.9563244396,False,False,False,False,11653.502325516463,False,False,False,False
2025-03-17 17:00:00+00:00,87.18,87.71,87.145,87.49,6542.0,,,84.82670481073414,84.55843727589387,83.02070786829046,82.59083029948505,82.22866978694063,81.40549924605708,80.87937755821824,,,,84.98361147312936,84.77067669152946,84.42987168157082,84.19643141828077,83.61948673257899,83.1166002493434,82.63464039728052,82.36129807037247,82.0925520794707,81.10509917790213,,84.19643141828077,82.36129807037247,83.10708793041636,"rgba(0, 255, 0, 1.0)",1.4009213506220681,84.25913530086137,2.306242743537302,57.267035943818826,1.1757307028554607,True,False,True,False,True,7.561767184096123,0.0,0.0,0.0,0.0,0,0.9079051532400951,0.861499604176876,False,False,False,False,0.34282824799165046,0.29016776365587427,False,False,False,False,296079.0,278220.1973116576,False,False,False,False,11574.25422744644,False,False,False,False
2025-03-18 17:00:00+00:00,86.8,87.135,86.7,86.92,11843.0,,,84.89214642615286,84.58672660939617,83.04843123888641,82.61869479995798,82.25693910609608,81.43441594292064,80.90800319626501,,,,85.08572529034788,84.81482342254776,84.46617276286321,84.22225327090574,83.64669001598476,83.14477762549217,82.6626316087128,82.38929907515885,82.12102193565595,81.1338350547307,,84.22225327090574,82.38929907515885,83.14309337541619,"rgba(0, 255, 255, 0.75)",1.4170666631905695,84.32390731640213,1.8320187405670039,58.59837629270752,2.443184795427655,True,False,True,False,True,6.268293772380254,0.0,0.0,0.0,0.0,0,0.9016116307900375,0.8616026146737289,False,False,False,False,0.3104061984615,0.3002869810586871,False,False,False,False,284236.0,278313.4655703916,False,False,False,False,11578.4208285713,False,False,False,False
2025-03-19 17:00:00+00:00,87.29,88.0,86.79,87.81,14238.0,,,84.9878922338691,84.62858909385298,83.08645789613261,82.65644713008814,82.29490224877345,81.4726353252341,80.9455454372996,,,,85.23176694297305,84.88038505274022,84.51903698135257,84.2595908963228,83.68484372669458,83.1835368540129,82.70059663943294,82.42702031160731,82.15913889733896,81.1716415587477,,84.2595908963228,82.42702031160731,83.19353101332196,"rgba(0, 255, 0, 1.0)",1.4567870917291768,84.40929236469364,2.3343889128436675,61.07248533765425,4.875203391728341,True,False,True,False,True,7.94214651634185,0.0,0.0,0.0,0.0,0,0.9088863048126338,0.853670430248696,False,False,False,False,0.34074196572094884,0.320514473389818,False,False,False,False,298474.0,278626.03199565684,False,False,False,False,11619.654614174844,False,False,False,False
2025-03-20 17:00:00+00:00,88.13,88.32,87.96,88.19,12220.0,,,85.0835076419223,84.67109014416718,83.123087674346,82.69247184670805,82.33087734078778,81.50839240615501,80.98044585946482,,,,85.37425500178065,84.94682430630924,84.57206295734758,84.29694643946915,83.72220530277805,83.22095014692181,82.73685420967303,82.46285530753269,82.19517292515305,81.20687980581411,,84.29694643946915,82.46285530753269,83.24263995978414,"rgba(0, 255, 0, 1.0)",1.5049176985062656,84.48941764010073,2.458993181867922,63.353086242892516,7.148697597146352,True,False,True,False,True,8.646180406540665,0.0,0.0,0.0,0.0,0,0.9159172661870506,0.8481339928057552,False,False,False,False,0.3428282483655054,0.3316713608776617,False,False,False,False,310694.0,279123.20979417383,False,False,False,False,11628.962294575234,False,False,False,False
2025-03-21 17:00:00+00:00,88.03,88.185,86.91,87.28,19381.0,,,85.1919680995628,84.72334444947451,83.17219872538618,82.74146990013189,82.38030540631149,81.55845022960649,81.02979111018882,,,,85.52372867055232,85.02508347012788,84.63728372182142,84.34428838035394,83.77106494858066,83.27091305016158,82.78609766033442,82.51192065339811,82.24485198197755,81.25650146580371,,84.34428838035394,82.51192065339811,83.30407423081022,"rgba(0, 255, 255, 0.75)",1.525871300347227,84.56995885245995,1.7760614194154887,61.91838876495978,7.148697597146352,True,False,True,False,True,6.553897726357437,0.0,0.0,0.0,0.0,0,0.9134443117348466,0.8496192893401013,False,False,False,False,0.3073868889752654,0.31952912492646357,False,False,False,False,291313.0,279312.19878961303,False,False,False,False,11749.14892566709,False,False,False,False
2025-03-24 17:00:00+00:00,87.77,88.55,87.685,88.535,8819.0,,,85.25436136395642,84.75323159578784,83.19827354161431,82.7671510577432,82.40596929528955,81.58399501298256,81.05475446467919,,,,85.61010135796982,85.07026327762614,84.67412068394457,84.37076747314096,83.79759974228895,83.29752030166212,82.81193750191925,82.53748149392652,82.2705626968559,81.28169423674169,,84.37076747314096,82.53748149392652,83.337634417537,"rgba(0, 255, 0, 1.0)",1.5869771310300966,84.61747455421718,2.468545619961123,63.260901077899945,7.3306887629321835,True,False,True,False,True,8.881317370090382,0.0,0.0,0.0,0.0,0,0.9166296296296298,0.8434074074074069,False,False,False,False,0.3414676337965821,0.3304983793615228,False,False,False,False,300132.0,279634.9864052779,False,False,False,False,11703.720260152872,False,False,False,False
2025-03-25 17:00:00+00:00,89.135,89.37,88.34,89.2,10174.0,,,85.33962691297043,84.79398237515139,83.23221980998605,82.80029395329689,82.43887523907838,81.61634830620555,81.0861712641163,,,,85.72829458516874,85.13216289479105,84.72397516417108,84.40639964199737,83.83265924645782,83.33222984967684,82.84531192080617,82.57033140316412,82.30345405710334,81.31348282931489,,84.40639964199737,82.57033140316412,83.3821070266739,"rgba(0, 255, 0, 1.0)",1.662680138583886,84.68284691548425,2.7167901869345954,65.19157627089353,9.41687697442628,True,False,True,False,True,10.07500243316225,0.0,0.0,0.0,0.0,0,0.9207785492687254,0.8416678977692417,False,False,False,False,0.3428282486993406,0.3366633140304317,False,False,False,False,310306.0,280110.5059958938,False,False,False,False,11680.003666972207,False,False,False,False
2025-03-26 17:00:00+00:00,90.64,90.89,90.36,90.51,8724.0,,,85.44088172642394,84.8415899355534,83.26912398388245,82.83580578784593,82.47374947605404,81.64991530369787,81.11839620481088,,,,85.87055193068896,85.20540498171454,84.78174121669166,84.44718576895299,83.87168777881917,83.3700942346209,82.88112131096896,82.60528205602341,82.33817901752187,81.34624377458704,,84.44718576895299,82.60528205602341,83.43217379346224,"rgba(0, 255, 0, 1.0)",1.7856385286370329,84.76167268703486,3.2191998664773482,68.21368399286402,12.467290227898722,True,False,True,False,True,12.348631960384491,0.0,0.0,0.0,0.0,0,0.9253283576628986,0.8405224453956751,False,False,False,False,0.34282824938631484,0.3397457817083733,False,False,False,False,319030.0,280713.9090037094,False,False,False,False,11634.174152755582,False,False,False,False
2025-03-27 17:00:00+00:00,90.795,91.7,90.77,91.39,9785.0,,,85.56472988441043,84.90045861632707,83.31399588582815,82.87881565494884,82.51585603185674,81.69019271051803,81.15693419160496,,,,86.04277173165391,85.29563524700991,84.85284453547457,84.4974397790528,83.91943741252604,83.41617020656474,82.92450671032907,82.64752896992064,82.3800584197601,81.38547754836378,,84.4974397790528,82.64752896992064,83.49310903153821,"rgba(0, 255, 0, 1.0)",1.9303354444049305,84.85708103773366,3.384343887588023,71.19607873933518,15.399416790482633,True,False,True,False,True,13.817293573285323,0.0,0.0,0.0,0.0,0,0.9300018238190774,0.8336312237826004,False,False,False,False,0.34282824958633046,0.34128701564735187,False,False,False,False,328815.0,281459.6623524891,False,False,False,False,11605.504786046193,False,False,False,False
2025-03-28 17:00:00+00:00,90.8,91.04,90.23,90.64,8141.0,,,85.65258136970175,84.94372097335773,83.34793512300301,82.91152640080276,82.54800917250488,81.72119488115943,81.18673222856266,,,,86.16117213519571,85.36076392279864,84.9049697304151,84.53474171469398,83.95523441153166,83.45096573035379,82.95748359682759,82.67974470282806,82.41208287020034,81.41575685470276,,84.53474171469398,82.67974470282806,83.53791857756704,"rgba(0, 255, 0, 1.0)",2.032634639224328,84.92298005303911,2.8126156253750336,70.67467393831774,15.399416790482633,True,False,True,False,True,12.04279149953405,0.0,0.0,0.0,0.0,0,0.9185179798567432,0.8409264443878847,False,False,False,False,0.31412040105593525,0.32770370835164353,False,False,False,False,320674.0,282067.63657958223,False,False,False,False,11551.791533549353,False,False,False,False
2025-03-31 17:00:00+00:00,91.34,92.33,91.08,91.9,8198.0,,91.77,85.75745440046731,84.99517431285166,83.3870605469377,82.9489803795162,82.58463190467866,81.75613882558017,81.22012627093652,,,,86.30306042596261,85.43851083375259,84.96671188575922,84.57874172020037,83.99694806009396,83.49114083097943,82.9952667070412,82.71650799461032,82.44849083451862,81.44977164742212,,84.57874172020037,82.71650799461032,84.04470653229492,"rgba(0, 255, 0, 1.0)",2.1738787873246292,85.55047029851488,2.920829688622808,71.90320883583405,16.451646851447208,True,False,True,False,True,14.12767629681229,0.0,0.0,0.0,0.0,0,0.9268398424798586,0.8264749449040786,False,False,False,False,0.34282824972991166,0.3352659790407776,False,False,False,False,328872.0,282793.28562486003,False,False,False,False,11499.794765587347,False,False,False,False
2025-04-01 17:00:00+00:00,92.015,92.2,91.57,92.05,11259.0,,91.86837230816673,85.89967030467466,85.06633008063346,83.44128381697256,83.00088731402306,82.63537963443862,81.80454410100064,81.26638064681624,,,,86.49232845746664,85.54504918890939,85.05179382354557,84.6397137267509,84.05475359134756,83.54680850773302,83.04762763231166,82.76745516393383,82.49893721289074,81.49688796193027,,84.6397137267509,82.76745516393383,84.11801130408588,"rgba(0, 255, 0, 1.0)",2.3032303069482305,85.65946137717724,2.7745981821896892,72.8968140836854,17.69038324064165,True,False,True,False,True,14.37157389954266,0.0,0.0,0.0,0.0,0,0.9341377939954478,0.8240904656960146,False,False,False,False,0.34282824978266463,0.3390471144117211,False,False,False,False,340131.0,283682.2424368777,False,False,False,False,11496.061513407698,False,False,False,False
2025-04-02 17:00:00+00:00,91.77,92.27,91.505,92.05,12475.0,,91.89700650340308,86.04983637056709,85.1435058431569,83.5005776495454,83.05771544027414,82.69097908346615,81.8576514292842,81.31717460615934,,,,86.68778703756948,85.65911872898066,85.14369474480688,84.70611718304642,84.11784088550732,83.60765003726856,83.10494311059364,82.82326160144362,82.55421911534042,81.54860938031955,,84.70611718304642,82.82326160144362,84.19264937504072,"rgba(0, 255, 0, 1.0)",2.3857609377827895,85.76843666286356,2.632939133865698,73.55921758225298,18.651687553533804,True,False,True,False,True,14.371573899542671,0.0,0.0,0.0,0.0,0,0.932388341067286,0.8283425174013919,False,False,False,False,0.34282824978338894,0.34093768209755504,False,False,False,False,340131.0,284557.41697274003,False,False,False,False,11511.238854285097,False,False,False,False
2025-04-03 17:00:00+00:00,91.71,91.91,91.05,91.05,6324.0,,91.80437818032902,86.11561736653674,85.17854763866733,83.52818906763304,83.08430538894687,82.71708455623671,81.88275886881584,81.34128383320497,,,,86.7708074337426,85.70998419462477,85.18528890531513,84.73654389174219,84.14699468951872,83.63594242749966,83.13174704383516,82.84943336564372,82.58020666359413,81.57311863796977,,84.73654389174219,82.84943336564372,84.22067956410314,"rgba(0, 255, 0, 1.0)",2.429036239756828,85.80879530141954,2.157730137079042,70.33112175458021,18.651687553533804,True,False,True,False,False,11.953165526730643,0.0,0.0,0.0,0.0,0,0.9357258420355938,0.826739226356817,False,False,False,False,0.3240674735425511,0.3325025778200531,False,False,False,False,333807.0,285320.97639951925,False,False,False,False,11430.816546466722,False,False,False,False
2025-04-04 17:00:00+00:00,84.13,84.46,82.82,83.12,11594.0,,89.86521213640923,86.05653948056028,85.16097216060452,83.52779418543669,83.08654363482941,82.72121118283759,81.89041319025465,81.35061862294269,,,,86.66605949119267,85.67373326996268,85.16438438681028,84.72594964160437,84.14199451956723,83.63481399185565,83.13373453358928,82.85289259750529,82.58498966700007,81.58177154980956,,84.72594964160437,82.85289259750529,84.10109045793179,"rgba(239, 83, 80, 1.0)",2.4298580483503707,85.63572114346033,-1.035336671279315,56.098356137890065,12.12920050385074,False,False,True,False,False,0.0,0.0,0.0,0.0,0.0,0,0.9265193563025801,0.8476280238768455,False,False,False,False,-0.010422518214500638,0.16104002980277624,False,False,False,False,322213.0,285892.9457576662,False,False,False,False,11433.346522490494,False,False,False,False
2025-04-07 17:00:00+00:00,81.32,82.11,80.19,80.88,16950.0,,87.63095546407186,85.8987701896716,85.10032832704456,83.50485260328227,83.06934771569881,82.70794775418113,81.88458746586267,81.34876446160351,,,81.06,86.41774317423982,85.56725119436328,85.09267283218246,84.68177567058277,84.10923080670068,83.60996251379194,83.11589833307964,82.83832200766885,82.57305439030772,81.57830888055989,81.06,84.68177567058277,82.83832200766885,83.77840914657334,"rgba(255, 0, 0, 1.0)",2.4682774330460564,85.21753224772303,-1.757311471413553,45.20276269989925,2.8423182201666464,False,True,False,True,False,0.0,1.0,82.11,80.19,0.0,0,0.9102405072014336,0.861932327200055,True,False,False,False,-0.11368613701254486,0.023676946395115687,False,False,False,False,305263.0,286193.256676152,True,False,False,False,11518.87603376971,True,False,False,False
2025-04-08 17:00:00+00:00,82.645,82.915,80.27,81.395,23714.0,,86.03167684925351,85.71379864910912,85.02789223198816,83.47945430847756,83.05124868399965,82.69489822013342,81.88110861410333,81.3503383762997,,,81.33214571447307,86.13232947899596,85.44086434360062,85.0075845029537,84.62946756773508,84.07138342742195,83.58220585180985,83.09700203585284,82.82357623056906,82.56172089659337,81.57783381132107,81.33214571447307,84.62946756773508,82.82357623056906,83.65718577866795,"rgba(239, 83, 80, 1.0)",2.514083380327947,84.99380957453377,-1.4314599120671692,38.90940932273196,-2.097706901338313,False,True,False,True,False,0.0,0.0,0.0,0.0,0.0,0,0.9138018800692304,0.8579088471849863,False,False,False,False,-0.09522108710127633,-0.03577207035308032,False,False,False,False,328977.0,286856.57052613416,False,False,False,False,11707.947723168627,False,False,False,False
2025-04-09 17:00:00+00:00,81.365,86.8,81.09,86.4,11266.0,,85.89128425689395,85.69507143127807,85.025368943861,83.48723799796369,83.06073844886522,82.70569701526547,81.89435632936575,81.3646233320789,,,82.07652776173052,86.09540098759402,85.43094356829504,85.00484675097611,84.63051368855788,84.07616764687168,83.5896349776706,83.10636189804292,82.83388120389795,82.5729915215203,81.59169500548528,82.07652776173052,84.63051368855788,82.83388120389795,83.69122856664286,"rgba(38, 166, 154, 0.5)",2.5147317160288796,85.01640188932996,0.5501971052621665,41.9237116296797,-2.097706901338313,False,True,False,True,False,2.022741558962565,0.0,0.0,0.0,0.0,0,0.9194796640869425,0.8389922608266094,False,False,False,False,0.0021669806766591772,-0.01680254483821057,False,False,False,False,340243.0,287684.2671071243,False,False,False,False,11701.09582048384,False,False,False,False
2025-04-10 17:00:00+00:00,84.15,85.5,83.15,84.23,8406.0,,85.76937788527279,85.67476258393069,85.02019625182798,83.49086800373284,83.06581510569275,82.7118575100789,81.90255553915648,81.37374102797241,,,82.38537269070979,86.05984638488704,85.41864907963576,84.9989455126213,84.62855903735598,84.07728223025588,83.5929220835512,83.1113158483137,82.83964343844067,82.57953766930802,81.60043804032074,82.38537269070979,84.62855903735598,82.83964343844067,83.7000887327929,#000000,2.5191956745844095,85.01261563771828,-0.3106609167417642,41.931118472902526,-2.097706901338313,False,True,False,True,True,0.0,0.0,0.0,0.0,0.0,0,0.9265202702702705,0.8471608627858627,False,False,False,False,0.01785367692237487,0.0005255660420821501,False,False,False,False,331837.0,288368.8056015875,False,False,False,False,11650.009063577114,False,False,False,False
2025-04-11 17:00:00+00:00,84.415,85.24,83.9,84.64,41239.0,,85.44909456826812,85.60299736360757,85.00589442796984,83.51469748009124,83.09606854795786,82.74700483563377,81.94692875385228,81.42217448509446,,,83.28179492985477,85.93042537551386,85.37709444838534,84.98308676984418,84.62758493055549,84.08995679542473,83.61533427550535,83.14105173877613,82.87296619762269,82.61644160503936,81.64721202456337,83.28179492985477,84.62758493055549,82.87296619762269,83.73514787124002,#000000,2.5193393993281177,84.9963151296332,-0.1414319681295136,42.43791334578585,-2.097706901338313,False,True,False,True,True,0.0,0.0,0.0,0.0,0.0,0,0.9300740163615117,0.8554733151538757,False,False,False,False,0.0279716433235833,0.014248604682832726,False,False,False,False,373076.0,289682.0954372218,False,False,False,False,12108.753109103049,False,False,False,False
2025-04-14 17:00:00+00:00,86.78,87.02,86.25,86.275,7556.0,,85.49975459331618,85.61395323849284,85.01510207207222,83.52653285087533,83.10843056857553,82.75985781621455,81.96068973802463,81.43617331720571,,,83.50565522170601,85.93972737649233,85.3874960732863,84.99398298484685,84.6370998085412,84.10082089328054,83.62718809997592,83.15340996644986,82.88560210870904,82.62948796527175,81.66111111866893,83.50565522170601,84.6370998085412,82.88560210870904,83.76010925326347,#000000,2.5171589841226356,85.02139135437626,0.4980252155430271,44.740292775112906,-2.097706901338313,False,True,False,True,True,1.7871910943496658,0.0,0.0,0.0,0.0,0,0.9354217486198487,0.8465464116061111,False,False,False,False,0.11368613283138795,0.06396736875711034,False,False,False,False,380632.0,291092.17147695477,False,False,False,False,12038.167789582072,False,False,False,False
2025-04-15 17:00:00+00:00,86.6,86.7,86.125,86.14,5757.0,,85.52847746118078,85.62037206659492,85.02114781718043,83.53490853670174,83.11725834247996,82.76909078055894,81.97067614002421,81.4463835848408,,,83.64676463164123,85.94430248477964,85.39395724406106,85.00113936105637,84.64354540963267,84.10837558943157,83.63555450682587,83.16222719489832,82.89466113821707,82.63887798278932,81.67122814846662,83.64676463164123,84.64354540963267,82.89466113821707,83.77626044322955,#000000,2.5159508402646846,85.03672288706113,0.4385129849448098,46.11750122125445,-2.097706901338313,False,True,False,True,True,1.5780403930660647,0.0,0.0,0.0,0.0,0,0.9342503704658206,0.8541975388183749,False,False,False,False,0.10439257770843413,0.08417997323277224,False,False,False,False,374875.0,292391.1300587074,False,False,False,False,11940.785343231963,False,False,False,False
2025-04-16 17:00:00+00:00,85.995,86.0,84.63,85.13,4988.0,,85.52039137590391,85.61751025561263,85.02207495997948,83.53935845913279,83.1223308504183,82.77465777067347,81.9771762422783,81.4532645660342,,,83.7136134144171,85.93720488034586,85.39311956120196,85.00231166431979,84.64556027869854,84.11174024140524,83.63989507730423,83.16725724246645,82.90003674187147,82.64462628003527,81.67795276974988,83.7136134144171,84.64556027869854,82.90003674187147,83.78210961220258,#000000,2.514428414620347,85.03858345215149,0.03635679079864091,45.819138498614535,-2.097706901338313,False,True,False,True,True,0.018134728956354706,0.0,0.0,0.0,0.0,0,0.9232345220564697,0.8603623791535947,False,False,False,False,0.058782430983057944,0.07148120210791509,False,False,False,False,369887.0,293592.6164143864,False,False,False,False,11832.990221631468,False,False,False,False
2025-04-17 17:00:00+00:00,86.055,86.25,85.22,85.31,6978.0,,85.52327183689485,85.61724938625152,85.02524839274734,83.54677243388137,83.13051255077586,82.78346656969045,81.98716577282894,81.4637066825995,,,83.81701327247595,85.93233343890167,85.39477424399264,85.00613021138592,84.64992115740428,84.11780624130284,83.64719981822672,83.1753938984385,82.90859658647528,82.6536681940073,81.68820855532009,83.81701327247595,84.64992115740428,82.90859658647528,83.7930757496632,#000000,2.5088474221014962,85.0453864480024,0.10547215811790944,45.88957311006304,-2.097706901338313,False,True,False,True,True,0.294873207626555,0.0,0.0,0.0,0.0,0,0.930810776261545,0.8572752548656162,False,False,False,False,0.0761977831363054,0.07383949262211024,False,False,False,False,376865.0,294883.66112114006,False,False,False,False,11757.719055404623,False,False,False,False
2025-04-18 17:00:00+00:00,85.31,85.31,85.31,85.31,0.0,,85.52327183689485,85.61724938625152,85.02524839274734,83.54677243388137,83.13051255077586,82.78346656969045,81.98716577282894,81.4637066825995,,,83.81701327247595,85.93233343890167,85.39477424399264,85.00613021138592,84.64992115740428,84.11780624130284,83.64719981822672,83.1753938984385,82.90859658647528,82.6536681940073,81.68820855532009,83.81701327247595,84.64992115740428,82.90859658647528,83.7930757496632,#000000,2.5046923926861586,85.0453864480024,0.10564712567909929,45.93652951769538,-2.097706901338313,False,True,False,True,True,0.294873207626555,0.0,0.0,0.0,0.0,0,0.9349870038186311,0.8613740653980678,False,False,False,False,0.05857534057426092,0.06620741659818558,False,False,False,False,376865.0,296154.68963088986,False,False,False,False,11575.428837491372,False,False,False,False
2025-04-21 17:00:00+00:00,82.84,83.39,82.28,83.31,8109.0,,85.41226627275498,85.58475587618747,85.01221540432523,83.54446066581123,83.12998674276895,82.78422598132885,81.99038545121208,81.46817693144183,,,83.76752400040502,85.88473356621616,85.37192993991721,84.9911305147622,84.64111057766407,84.11248151385864,83.64437072410719,83.17468708562006,82.90890839557369,82.65487426046086,81.69216917715778,83.76752400040502,84.64111057766407,82.90890839557369,83.7773891095565,"rgba(239, 83, 80, 0.5)",2.4901348022408873,85.01301972832297,-0.6839066410342176,43.33182980727695,-2.097706901338313,False,True,False,True,True,0.0,0.0,0.0,0.0,0.0,0,0.9286458826873872,0.8642092296029562,False,False,False,False,-0.04367691008258194,0.011265253257801817,False,False,False,False,368756.0,297280.29134203884,False,False,False,False,11521.685754739567,False,False,False,False
2025-04-22 17:00:00+00:00,85.44,86.1,84.66,85.765,3684.0,,85.41414381484408,85.58432832904582,85.01365689556087,83.54818044098026,83.13412112598479,82.78869689984715,81.99549229999943,81.47353391764713,,,83.81377917781606,85.88198425082365,85.37251690282932,84.99287564509788,84.64320095605808,84.11547796175674,83.64802747178426,83.17879584355488,82.91324671151337,82.6594698815758,81.69742320501308,83.81377917781606,84.64320095605808,82.91324671151337,83.78257640693329,#000000,2.4694406705209877,85.01598443022996,0.30331385512170034,45.55041940639916,-2.097706901338313,False,True,False,True,True,1.0068134520267655,0.0,0.0,0.0,0.0,0,0.9336504679289866,0.8576625314802722,False,False,False,False,0.061475071133060465,0.03637016219543114,False,False,False,False,372440.0,298445.5581429375,False,False,False,False,11400.171246914146,False,False,False,False
2025-04-23 17:00:00+00:00,85.83,86.35,85.57,86.175,4206.0,,85.42762207472984,85.58716744529012,85.01702271181307,83.5535393529931,83.1398603665864,82.79476219676329,82.00217057015786,81.48042364479741,,,83.87908011498996,85.88322215908235,85.37573938724707,84.99686199130804,84.64701148727784,84.1201627746156,83.65335439358998,83.184518994138,82.91917734945638,82.66565912124346,81.70422535425868,83.87908011498996,84.64701148727784,82.91917734945638,83.79113586791256,#000000,2.4572202396822753,85.02320990475604,0.4687370210628261,47.60918942200056,-2.097706901338313,False,True,False,False,True,1.6169589937217488,0.0,0.0,0.0,0.0,0,0.9437152322020124,0.8546784174010872,False,False,False,False,0.08554577637106323,0.06095796928324718,False,False,False,False,376646.0,299657.96809420973,False,False,False,False,11288.633708202298,False,False,False,False
2025-04-24 17:00:00+00:00,86.56,86.7,86.185,86.26,5326.0,,85.4532811524238,85.5935017079969,85.0227122268199,83.56124591480486,83.14797100795712,82.80323707634521,82.01132731512237,81.48978681094486,,,83.96903062062322,85.88838801030816,85.3819284503801,85.00355870853748,84.653018917899,84.12714253883995,83.6610533969557,83.1926201281458,82.92749580157925,82.6742754982895,81.7135024251466,83.96903062062322,84.653018917899,82.92749580157925,83.80395145837473,"rgba(38, 166, 154, 0.5)",2.4446436336393487,85.03529226097322,0.5009759795555793,49.11115797072857,-6.358334165443537,False,True,False,False,True,1.7447468187495723,0.0,0.0,0.0,0.0,0,0.9466675042402161,0.8565550599912052,False,False,False,False,0.10564455885920401,0.0833012640712256,False,False,False,False,381972.0,300934.1546353848,False,False,False,False,11196.189774741797,False,False,False,False
2025-04-25 17:00:00+00:00,84.93,85.37,84.79,85.295,5410.0,,85.44526039746557,85.589952299919,85.02325604402856,83.56563596416261,83.15305018911843,82.80885979454628,82.01798262503397,81.49687890942256,,,84.01068764690177,85.88071304642534,85.38049833670277,85.004282677338,84.65476691412323,84.1303443986798,83.66531387605072,83.19764942897183,82.93291031949418,82.6800967597998,81.72041518039984,84.01068764690177,84.65476691412323,82.93291031949418,83.80834498992549,#000000,2.385013745781239,85.03535898185777,0.10886353112282983,48.49379798736263,-6.358334165443537,False,True,False,False,True,0.2271695699224452,0.0,0.0,0.0,0.0,0,0.9470801777555237,0.8585779558114788,False,False,False,False,0.04905431606563449,0.06617779006843004,False,False,False,False,376562.0,302106.67936971993,False,False,False,False,11106.481406141149,False,False,False,False
2025-04-28 17:00:00+00:00,85.82,86.12,85.51,85.955,5767.0,,85.45673910722763,85.5922593543587,85.02700817637735,83.57237211386919,83.16034963996348,82.81663145431622,82.02664649730453,81.50587162357289,,,84.07767348996374,85.88050385596443,85.38366303691639,85.00872706996856,84.65926006153374,84.13609305444479,83.67198543055983,83.20491995274573,82.94049089231608,82.688046084104,81.72927202526627,84.07767348996374,84.65926006153374,82.94049089231608,83.8178164695144,#000000,2.3461752217532785,85.04238848018305,0.3889784153184267,49.25831661080854,-5.570133748175657,False,True,False,False,True,1.245020187253914,0.0,0.0,0.0,0.0,1,0.9501752628943412,0.8570668502754125,False,False,False,False,0.07951990749606758,0.07284884878224882,False,False,False,False,382329.0,303350.4362787165,False,False,False,False,11023.698748681594,False,False,False,False
2025-04-29 17:00:00+00:00,86.05,86.73,86.05,86.59,4198.0,,85.47640929098485,85.59756917892506,85.03165048123147,83.57851878004817,83.16680340281492,82.82336445185074,82.03390338727522,81.51328548119504,,,84.13873597303233,85.88507377744021,85.38877579095282,85.0141701448245,84.66411789845824,84.14168841127021,83.6781291826281,83.21136722375878,82.94710337188886,82.69488794866486,81.73662031344098,84.13873597303233,84.66411789845824,82.94710337188886,83.8274828679308,"rgba(38, 166, 154, 0.5)",2.3305001918347927,85.05153753397991,0.6601426043260129,50.87561834506281,-3.710643017221436,False,True,False,False,True,2.217699582178845,0.0,0.0,0.0,0.0,0,0.9612169212395498,0.8502420013828647,False,False,False,False,0.10345380599993328,0.08815132739109105,False,False,False,False,386527.0,304639.99540617823,False,False,False,False,10917.87396188033,False,False,False,False
2025-04-30 17:00:00+00:00,86.335,87.04,85.83,86.87,5309.0,,85.50319765324113,85.60514227158285,85.03798277224763,83.58658624447165,83.17523367566501,82.83213158286513,82.04330181084592,81.5228628082996,,,84.21548855186352,85.89197518866801,85.39591102686907,85.02157896331683,84.67064399959362,84.14910099555986,83.68620332674725,83.2197927216753,82.95572293884179,82.70378753707435,81.74612264629732,84.21548855186352,84.67064399959362,82.95572293884179,83.84014561661715,"rgba(38, 166, 154, 0.5)",2.3297186873440356,85.06381393913841,0.7752807541414838,52.449566094571495,-1.9556386302842768,False,False,True,False,True,2.647031279345125,0.0,0.0,0.0,0.0,0,0.9596905537459282,0.8468428965171633,False,False,False,False,0.10533153278805361,0.09674143008957234,False,False,False,False,391836.0,305991.87144639256,False,False,False,False,10830.914675649627,False,False,False,False
2025-05-01 17:00:00+00:00,86.45,86.94,86.27,86.27,14047.0,,85.56295206077789,85.62289560284493,85.05356236607896,83.60711212980985,83.19677694903652,82.85460036203631,82.06751105224332,81.5475982456147,,,84.39042095383884,85.90737228443803,85.41303208341941,85.03977627887068,84.68692465513008,84.16780663799513,83.70671807959658,83.24131389255507,82.97779258651637,82.72661723254404,81.77063824408252,84.39042095383884,84.68692465513008,82.97779258651637,83.87060114196996,"rgba(38, 166, 154, 0.5)",2.329988947504548,85.09232595537812,0.5054419017236914,52.15587123590242,-1.9556386302842768,False,False,True,False,True,1.6582657705270485,0.0,0.0,0.0,0.0,0,0.9718941067255672,0.8418323249783919,False,False,False,False,0.08349616285995409,0.09011879647476322,False,False,False,False,377789.0,307105.0052224175,False,False,False,False,10880.77646362405,False,False,False,False
2025-05-02 17:00:00+00:00,87.89,88.325,87.6,88.09,14381.0,,85.70505349847521,85.67066417902815,85.08555822954405,83.6386778665112,83.22852632249159,82.88675785233215,82.10039729652497,81.58033068505193,,,84.65389603006048,85.96095221686807,85.4537804418558,85.07684196199577,84.7169921732977,84.19889928922723,83.73863837711164,83.27316199303812,83.00969714407852,82.75897279848145,81.80342597908859,84.65389603006048,84.7169921732977,83.00969714407852,83.92322233342435,"rgba(38, 166, 154, 1.0)",2.343023672079686,85.1526000699127,1.2536791518969377,55.16081884969354,1.0516714741833582,False,False,True,False,True,4.439417432045314,0.0,0.0,0.0,0.0,0,0.9631346719529349,0.842051413224197,False,False,False,False,0.08897678482963167,0.08954779065219745,False,False,False,False,392170.0,308423.8423507521,False,False,False,False,10935.04349519577,False,False,False,False
2025-05-05 17:00:00+00:00,87.15,87.5,86.32,86.38,7910.0,,85.73694395761369,85.68225737046517,85.09532528498077,83.65084701895744,83.2412094858984,82.899922643226,82.11446859275487,81.59465781361494,,,84.73405328596513,85.97165344529317,85.46474994391296,85.08815333595771,84.72699225391392,84.21014485115765,83.75082102453118,83.28583942541232,83.02265004989168,82.77232770881658,81.81764570064648,84.73405328596513,84.72699225391392,83.02265004989168,83.94003490489527,"rgba(38, 166, 154, 0.5)",2.3432323828416695,85.16860944646513,0.5169741432413116,53.631358288109816,1.0516714741833582,False,False,True,False,True,1.6526587219125517,0.0,0.0,0.0,0.0,0,0.943322475570032,0.8469706840390873,False,False,False,False,0.024053528593515654,0.056800659622856554,False,False,False,False,384260.0,309599.59673291096,False,False,False,False,10888.14359604545,False,False,False,False
2025-05-06 17:00:00+00:00,86.42,86.92,86.32,86.79,8852.0,,85.76846472630724,85.69425139572442,85.10574569899038,83.66410413380378,83.25506611867112,82.91433257702715,82.12992267520491,81.61042121524518,,,84.81438859379061,85.98241765570658,85.47626642154891,85.10020025045051,84.73775350503342,84.22233190942184,83.76408069586226,83.29968551877947,83.03681933876794,82.78695473623743,81.83327956850506,84.81438859379061,84.73775350503342,83.03681933876794,83.95770982816201,"rgba(38, 166, 154, 0.5)",2.3447457419926026,85.18503261113045,0.6844952781556719,53.34732115731153,1.0516714741833582,False,False,True,False,True,2.2768214622805445,0.0,0.0,0.0,0.0,0,0.9445476772616134,0.8487041564792172,False,False,False,False,0.006223592936437367,0.03151212627964696,False,False,False,False,393112.0,310894.36267503636,False,False,False,False,10856.575478277302,False,False,False,False
2025-05-07 17:00:00+00:00,88.165,88.43,87.66,87.84,15983.0,,85.89456496573602,85.74289825676885,85.1395024550428,83.69795237924531,83.28920332258537,82.9489687979312,82.165465496036,81.6458771786469,,,85.03410503138636,86.03591974204117,85.51844432096266,85.13905594484399,84.7697137538267,84.25552949508726,83.79827137805404,83.33391606595153,83.07116546935555,82.82182384786825,81.86876309133484,85.03410503138636,84.7697137538267,83.07116546935555,84.00900742066867,"rgba(38, 166, 154, 1.0)",2.3486557243899213,85.24256342147763,1.1059247856333128,54.95192170421025,1.1271168897374935,False,False,True,False,True,3.8588478560264683,0.0,0.0,0.0,0.0,0,0.9473752725615906,0.8493832785498091,False,False,False,False,0.09409041421528942,0.06280127024746819,False,False,False,False,409095.0,312416.8531761986,False,False,False,False,10936.054928226491,False,False,False,False
2025-05-08 17:00:00+00:00,89.335,89.335,87.81,87.945,14619.0,,86.01711271455491,85.79300635265288,85.17380491849416,83.73120612714587,83.32253806696755,82.98264143960182,82.19973685919261,81.67992296786699,,,85.23303817620729,86.09166345824602,85.56167087262563,85.17840679800396,84.80185777327446,84.28848623088741,83.83191113763621,83.36736079111903,83.10460838342956,82.85567116814865,81.90289340724684,85.23303817620729,84.80185777327446,83.10460838342956,84.0588177707001,"rgba(38, 166, 154, 1.0)",2.3470328440754704,85.29949780675285,1.1271687995015003,56.198209972444175,2.4631867772278753,True,False,True,False,True,4.0164175568408425,0.0,0.0,0.0,0.0,0,0.948164006747113,0.8482223952251196,False,False,False,False,0.1269145361369694,0.09485790319221879,False,False,False,False,423714.0,314142.3903362575,False,False,False,False,10993.15485181988,False,False,False,False
2025-05-09 17:00:00+00:00,88.22,88.68,88.17,88.36,8140.0,,86.08129297802154,85.82050659418881,85.19282592415725,83.74967560699896,83.3410558174126,83.00134782381363,82.21877849486292,81.69884339983491,,,85.33512169280772,86.12208641262727,85.58551083876914,85.20017422046286,84.81970610576795,84.30678657051406,83.8505915288572,83.38593862048285,83.12318741893785,82.87447465703744,81.92185917475764,85.33512169280772,84.81970610576795,83.12318741893785,84.08577704633224,"rgba(38, 166, 154, 1.0)",2.357794831715914,85.3301583588976,1.2850319291341348,57.762862565182175,4.078235274824856,True,False,True,False,True,4.64488131476579,0.0,0.0,0.0,0.0,0,0.9502515008924224,0.8482881713451237,False,False,False,False,0.11771180285469607,0.10628485302345743,False,False,False,False,431854.0,315967.3765325946,False,False,False,False,10948.919892876937,False,False,False,False
2025-05-12 17:00:00+00:00,88.745,89.28,88.54,89.28,8767.0,,86.16440004452835,85.85655245961289,85.21703417318733,83.77207602640357,83.3633128755098,83.02368410419123,82.24123237733433,81.72100614970626,,,85.45907785407155,86.16277462483527,85.61638521066004,85.22783885125394,84.84207723854425,84.32931862123235,83.87330134563256,83.40828793716942,83.1454225457683,82.89687593304572,81.94413589991234,85.45907785407155,84.84207723854425,83.1454225457683,84.11919969855786,"rgba(0, 255, 255, 0.75)",2.3859756007900343,85.36943152436467,1.6389809159575977,60.335253662593225,6.5730257332188415,True,False,True,False,True,6.026281841249485,0.0,0.0,0.0,0.0,0,0.9506880362635578,0.8436781609195394,False,False,False,False,0.14805493248610266,0.12716989275478005,False,False,False,False,440621.0,317899.9908499187,False,False,False,False,10915.091677483495,False,False,False,False
2025-05-13 17:00:00+00:00,88.905,89.17,88.575,88.58,7377.0,,86.22481114990373,85.88384651548226,85.23580605925369,83.78985995122576,83.38105953513984,83.0415487932156,82.25929762706124,81.73889633071914,,,85.55003363835911,86.19313809138899,85.6400073127057,85.24925040939924,84.85956926743475,84.34708035145293,83.89130792034041,83.4260998014867,83.16318787693417,82.91481140825081,81.96209369054614,85.55003363835911,84.85956926743475,83.16318787693417,84.14482661738423,"rgba(38, 166, 154, 1.0)",2.402089908376811,85.3989577134995,1.32428110846611,60.05840717274711,6.5730257332188415,True,False,True,False,True,4.809638184671321,0.0,0.0,0.0,0.0,0,0.954352682184596,0.8415940949852693,False,False,False,False,0.14569984124634872,0.1364348670005644,False,False,False,False,433244.0,319688.27006154787,False,False,False,False,10860.237542948867,False,False,False,False
2025-05-14 17:00:00+00:00,87.655,87.86,87.07,87.205,21106.0,,86.29643985642623,85.9227928530271,85.26766651401141,83.82598804385137,83.4182146231979,83.07975023163219,82.2994741737599,81.77952210333719,,,85.68307538485405,86.23128408434144,85.67642268732605,85.28539554212095,84.89121731794137,84.38133812503028,83.92757604197666,83.46327603234698,83.20090449291884,82.95343949037186,82.00252771468048,85.68307538485405,84.89121731794137,83.20090449291884,84.18875291121854,"rgba(38, 166, 154, 0.5)",2.4049473557193655,85.44202855003935,0.7330603082716157,56.54525680791657,10.391286561847927,True,False,True,False,False,2.4778263806327345,0.0,0.0,0.0,0.0,0,0.9479886356298826,0.8525214696196807,False,False,False,False,0.05822869717172789,0.09733178208614615,False,False,False,False,412138.0,321121.59920788044,False,False,False,False,11019.086573290744,False,False,False,False
2025-05-15 17:00:00+00:00,88.165,88.9,88.055,88.765,6843.0,,86.3413751737623,85.94500014284377,85.2835277290651,83.84143387982711,83.4337037460666,83.09539501715231,82.31539831794841,81.7953530465651,,,85.74969321764435,86.25547137363681,85.6959656104999,85.30339409284052,84.90615667516497,84.39664229948508,83.94318971282442,83.47881301435415,83.21644529144089,82.96916400788278,82.01839338472045,85.74969321764435,84.90615667516497,83.21644529144089,84.20971135440658,"rgba(38, 166, 154, 1.0)",2.423219742185321,85.46552179900351,1.3616091613800307,57.171564934258946,10.391286561847927,True,False,True,False,False,4.85060863835626,0.0,0.0,0.0,0.0,0,0.9450602409638552,0.8481927710843368,False,False,False,False,0.12098499806764763,0.1091583900768969,False,False,False,False,418981.0,322638.79922016134,False,False,False,False,10954.341045022671,False,False,False,False
2025-05-16 17:00:00+00:00,89.135,89.455,89.135,89.37,6144.0,,86.39323577003076,85.97019922743542,85.30084251258053,83.85739139806353,83.44954045449583,83.11127029501952,82.33132483672736,81.81106305579846,,,85.8220814963436,86.2836260859813,85.71778430723121,85.3230389343387,84.92217720360152,84.4127277766167,83.95936564639753,83.49471541557847,83.23225644929485,82.98507858544835,82.03418848534379,85.8220814963436,84.92217720360152,83.23225644929485,84.23220568085934,"rgba(0, 255, 255, 0.75)",2.448355947742201,85.49179864417887,1.5840022605362967,58.579519049299826,10.391286561847927,True,False,True,False,True,5.74727044270746,0.0,0.0,0.0,0.0,0,0.9525322549585977,0.8437961358238653,False,False,False,False,0.172333261217122,0.14074582564700944,False,False,False,False,425125.0,324227.7325655852,False,False,False,False,10879.762114092087,False,False,False,False
2025-05-19 17:00:00+00:00,89.625,89.75,89.18,89.37,8066.0,,86.46117194628218,86.00381561692816,85.3239842064058,83.87863196809724,83.4706012664488,83.13236743959239,82.3524612442501,81.83189802804851,,,85.91571230501854,86.32116293300787,85.7469214767428,85.34926237039674,84.943571119055,84.43417034798638,83.98090050260811,83.51586513164092,83.25327392207716,83.00622257874413,82.05514219290997,85.91571230501854,84.943571119055,83.25327392207716,84.26195455769688,"rgba(38, 166, 154, 1.0)",2.4719158015044695,85.86737127372541,1.4169692689948448,59.518155125993744,10.391286561847927,True,False,True,False,True,5.74727044270746,0.0,0.0,0.0,0.0,0,0.9518853985996013,0.8447998972184746,False,False,False,False,0.18311625975451928,0.16193104270076436,False,False,False,False,425125.0,325792.0312854985,False,False,False,False,10836.137895268954,False,False,False,False
2025-05-20 17:00:00+00:00,89.13,89.22,88.825,88.825,6367.0,,86.50442859217111,86.0262691623274,85.33997138393906,83.89385553022885,83.48580083478492,83.14766924493631,82.36793971776102,81.84723783609958,,,85.97670093816114,86.34572480335916,85.76666803873087,85.36733854224873,84.95853815489934,84.44936581113224,83.99630437019933,83.53111757730261,83.26849210939108,83.0215845938196,82.07053547661774,85.97670093816114,84.95853815489934,83.26849210939108,84.2823969851637,"rgba(38, 166, 154, 1.0)",2.4875117782323346,85.87645298304464,1.1853399219080858,58.60206723597789,10.391286561847927,True,False,True,False,True,4.790636755739797,0.0,0.0,0.0,0.0,0,0.945646573930963,0.8519126738794429,False,False,False,False,0.15513010750893683,0.15853057510485058,False,False,False,False,418758.0,327233.36413378536,False,False,False,False,10766.84893565238,False,False,False,False
2025-05-21 17:00:00+00:00,88.14,88.205,87.57,87.675,9598.0,,86.53784442298354,86.0465594799811,85.35629405170137,83.91150394292178,83.50381361832437,83.1660876456706,82.38712272993602,81.8665495389246,,,86.03069662419776,86.36610368211598,85.78550502057534,85.38570123310214,84.974517137268,84.46633532400057,84.01405027819852,83.5491518046416,83.28671298752381,83.0401735012439,82.08979075978804,86.03069662419776,84.974517137268,83.28671298752381,84.30339546226837,"rgba(38, 166, 154, 0.5)",2.4920258826901738,85.86141676200558,0.7277545753403796,55.12043236499221,8.93824587369371,False,False,True,False,False,2.8058879673976875,0.0,0.0,0.0,0.0,0,0.9370316771185073,0.8584981508281072,False,False,False,False,0.08433206180948802,0.1214313184571693,False,False,False,False,409160.0,328503.5445348119,False,False,False,False,10748.727246727536,False,False,False,False
2025-05-22 17:00:00+00:00,87.175,88.025,87.09,87.52,12006.0,,86.56893549813714,86.06750461235993,85.37419013301151,83.93183749905417,83.52472963380168,83.18758942301716,82.40973800927665,81.88943613975206,,,86.08431617163465,86.38618610303537,85.80549903568972,85.40576284752801,84.99236856972242,84.48562115282934,84.0344482341774,83.57007545951078,83.3079461049079,83.06191315211649,82.11256200312498,86.08431617163465,84.99236856972242,83.3079461049079,84.32635051487829,"rgba(38, 166, 154, 0.5)",2.4949828160229863,85.8588031149557,0.6658149604782633,52.43837232117903,6.458796202831671,False,False,False,False,False,2.5406164351381157,0.0,0.0,0.0,0.0,0,0.9341421143847481,0.8608062134925214,False,False,False,False,0.06393563330665038,0.09268347588190984,False,False,False,False,397154.0,329567.892681559,False,False,False,False,10768.219847553466,False,False,False,False
2025-05-23 17:00:00+00:00,87.86,88.19,87.68,87.87,10505.0,,86.60429366204,86.08980710136572,85.39222693008774,83.95123792622331,83.5445144414795,83.20780630137727,82.43077154121615,81.91060501867247,,,86.13927971378494,86.40861426056304,85.82625053028016,85.42598315666872,85.01001071416658,84.50430662345757,84.05395611363754,83.58988418983465,83.3279517257302,83.08231225864935,82.13367138353618,86.13927971378494,85.01001071416658,83.3279517257302,84.349130715409,"rgba(38, 166, 154, 0.5)",2.5005197621852173,85.87526659986538,0.7977275086166137,51.6036556002503,5.676404837418438,False,False,False,False,False,3.1054034508685646,0.0,0.0,0.0,0.0,0,0.9365395743586441,0.8619558927538089,False,False,False,False,0.08727328562526515,0.0899783807535875,False,False,False,False,407659.0,330778.6075237054,False,False,False,False,10764.13891968442,False,False,False,False
2025-05-26 17:00:00+00:00,87.87,87.87,87.87,87.87,0.0,,86.60429366204,86.08980710136572,85.39222693008774,83.95123792622331,83.5445144414795,83.20780630137727,82.43077154121615,81.91060501867247,,,86.13927971378494,86.40861426056304,85.82625053028016,85.42598315666872,85.01001071416658,84.50430662345757,84.05395611363754,83.58988418983465,83.3279517257302,83.08231225864935,82.13367138353618,86.13927971378494,85.01001071416658,83.3279517257302,84.349130715409,"rgba(38, 166, 154, 0.5)",2.5054453309350087,85.87526659986538,0.7961592198821615,51.04717778629781,5.046153062904388,False,False,False,False,False,3.1054034508685646,0.0,0.0,0.0,0.0,0,0.9331439455079569,0.8671917874552082,False,False,False,False,0.0832488225415975,0.08661360164759249,False,False,False,False,407659.0,331970.5515931053,False,False,False,False,10597.25304496063,False,False,False,False
2025-05-27 17:00:00+00:00,88.745,89.125,88.73,89.07,7919.0,,86.65038166033702,86.11584903975766,85.4113099208036,83.96962345257091,83.56290712065257,83.22634522135554,82.44957116059494,81.92926970125849,,,86.20209512260844,86.43671561503719,85.84944658508262,85.44742613192744,85.02798155911867,84.52260311627035,84.07254234272902,83.60833518442963,83.34638327510145,83.10093122507588,82.15238745674496,86.20209512260844,85.02798155911867,83.34638327510145,84.37274236270824,"rgba(38, 166, 154, 1.0)",2.5165554930394967,85.90744729054394,1.2566989753269135,53.84610346448472,5.046153062904388,False,False,True,False,True,5.051784025000636,0.0,0.0,0.0,0.0,0,0.9326245676956572,0.8634878954784162,False,False,False,False,0.14915453173826937,0.11788406669293093,False,False,False,False,415578.0,333266.7911032897,False,False,False,False,10555.729741937985,False,False,False,False
2025-05-28 17:00:00+00:00,88.6,88.64,87.985,88.09,17990.0,,86.71754609525556,86.15849605400415,85.44510814695784,84.00482069870381,83.59860641018297,83.26268069002964,82.4871040592349,81.96691168101377,,,86.29965460043017,86.4804434334726,85.88876757506026,85.48521489696385,85.06069988679246,84.5568309076311,84.1079813810377,83.6440953109171,83.38238927194853,83.13754464473183,82.18997746660537,86.29965460043017,85.06069988679246,83.38238927194853,84.41446701110388,"rgba(38, 166, 154, 0.5)",2.488629185962208,85.94725038504046,0.861016027235518,52.76794573315528,5.046153062904388,False,False,True,False,True,3.285615126026112,0.0,0.0,0.0,0.0,0,0.9287195024716945,0.8650932865571674,False,False,False,False,0.11070616770529812,0.11429511719911453,False,False,False,False,397588.0,334264.01914819994,False,False,False,False,10670.989745938945,False,False,False,False
2025-05-29 17:00:00+00:00,88.52,88.78,88.36,88.67,8866.0,,86.75605237844091,86.18246844001276,85.46360734127718,84.02343148747401,83.61736862609294,83.2816942184159,82.50658550548344,81.98636810247929,,,86.35279488607141,86.50553658095433,85.91061081458179,85.50588383204015,85.0784044573439,84.5751179700349,84.1267498008058,83.66290059003776,83.4012590130075,83.15667501734353,82.20944030978092,86.35279488607141,85.0784044573439,83.4012590130075,84.43699733535149,"rgba(38, 166, 154, 1.0)",2.484225280291811,85.97222452978474,1.0859624896411837,53.531199604983975,5.046153062904388,False,False,True,False,True,4.228578830900968,0.0,0.0,0.0,0.0,0,0.9326129227630612,0.8603806062924354,False,False,False,False,0.1267583836813908,0.12052675044025267,False,False,False,False,406454.0,335383.24365753017,False,False,False,False,10643.005408792606,False,False,False,False
2025-05-30 17:00:00+00:00,88.695,89.45,88.635,89.26,10195.0,,86.81016983052577,86.21516440671228,85.48803671783415,84.0470168232554,83.64096638213802,83.30547731175828,82.53070157057573,82.01031962039957,,,86.42417014747824,86.54052909610985,85.9399887621521,85.53318543180178,85.1014690240638,84.59858819104797,84.150583514665,83.68657060473123,83.42490708624446,83.18055917330729,82.23345441662258,86.42417014747824,85.1014690240638,83.42490708624446,84.46641358481176,"rgba(38, 166, 154, 1.0)",2.4664055218466943,86.00873737341088,1.3182190024269718,55.43923210869762,1.494414489176478,True,False,True,False,True,5.181500391367084,0.0,0.0,0.0,0.0,0,0.9357681417618422,0.8544523271720798,False,False,False,False,0.15638951114423952,0.1384581307922461,False,False,False,False,416649.0,336643.17786439013,False,False,False,False,10636.059588501246,False,False,False,False
2025-06-02 17:00:00+00:00,89.11,89.62,89.06,89.62,12376.0,,86.88124339383059,86.25813930205997,85.51982108825159,84.07713579407974,83.67099166908203,83.33565674326432,82.56114525976179,82.04047275309912,,,86.51569035682685,86.58686560200248,85.97843943808445,85.5686742465182,85.13130883137633,84.62874061707309,84.18104737433214,83.71669846484264,83.45494380523982,83.21083829968504,82.26372050731015,86.51569035682685,85.13130883137633,83.45494380523982,84.50429334456423,"rgba(38, 166, 154, 1.0)",2.4508522143479445,86.05688259690257,1.4538279306430613,57.529548652399306,3.550588940085248,True,False,True,False,True,5.761955242335883,0.0,0.0,0.0,0.0,0,0.9415805374463345,0.8503418667514704,False,False,False,False,0.175183625055322,0.15682087792378405,False,False,False,False,429025.0,338075.4541765701,False,False,False,False,10663.03540883456,False,False,False,False
2025-06-03 17:00:00+00:00,89.445,89.78,89.38,89.625,10952.0,,86.94478768370954,86.29711151717571,85.54866861175225,84.10430573252225,83.69804198054551,83.36281836760814,82.58849148348536,82.06753190831324,,,86.59639592985407,86.62890938501,86.01332628407484,85.6008367145643,85.15835396215795,84.65599905213568,84.2085352916297,83.74384408856051,83.48198713731239,83.23807976685056,82.29089187280401,86.59639592985407,85.15835396215795,83.48198713731239,84.53836404052979,"rgba(38, 166, 154, 1.0)",2.440167070782442,86.41504949537122,1.315463413576639,58.93509721835857,4.952890098553688,True,False,True,False,True,5.770112289782599,0.0,0.0,0.0,0.0,0,0.9413374924403982,0.852341089219212,False,False,False,False,0.1904344456312187,0.17362766177750139,False,False,False,False,439977.0,339655.32310406514,False,False,False,False,10667.515480015418,False,False,False,False
2025-06-04 17:00:00+00:00,88.545,88.57,88.115,88.21,12366.0,,86.97965201171449,86.32315855570626,85.57047179899536,84.1274944573014,83.721638306683,83.38688263065738,82.61344671376533,82.09262960041029,,,86.64531340792766,86.65484561332535,86.03794608974972,85.62494896084448,85.1796891553797,84.67843290935511,84.23184744869462,83.76746870999352,83.50582058871865,83.2623429243261,82.3159266326189,86.64531340792766,85.1796891553797,83.50582058871865,84.564208237693,"rgba(38, 166, 154, 0.5)",2.407217222594249,86.39294493558413,0.7548363510201355,55.12924165135859,4.952890098553688,True,False,True,False,False,3.1126333456085433,0.0,0.0,0.0,0.0,0,0.9379820457706407,0.853521304842584,False,False,False,False,0.1125732511194784,0.1431004564484899,False,False,False,False,427611.0,341018.97700942843,False,False,False,False,10693.84857334851,False,False,False,False
2025-06-05 17:00:00+00:00,88.52,88.77,88.42,88.595,8220.0,,87.00684419464761,86.34264544221631,85.5863301255167,84.14385358105295,83.73819798999894,83.40370774976,82.63077414399882,82.10999332462058,,,86.68186519575416,86.67467717887625,86.05612970220226,85.64249222437397,85.19504541609003,84.69440264940563,84.24831697636381,83.78405686085827,83.52250586381643,83.27928549323728,82.33327228488906,86.68186519575416,85.19504541609003,83.52250586381643,84.5828629682989,"rgba(38, 166, 154, 0.5)",2.3687193388630705,86.4049882828124,0.92455517260173,53.744667924129146,8.063445112187871,False,False,True,False,False,3.763363252135246,0.0,0.0,0.0,0.0,0,0.9448284609043055,0.8493880398249725,False,False,False,False,0.1283201862372175,0.1357103213428537,False,False,False,False,435831.0,342488.93085424346,False,False,False,False,10655.494331901247,False,False,False,False
2025-06-06 17:00:00+00:00,88.69,89.23,88.55,89.14,4200.0,,87.02361398190484,86.35412465251548,85.5953797564315,84.1528726344259,83.7472715015936,83.41288609904922,82.64014803395361,82.1193450555899,,,86.7036069606784,86.68662008149673,86.06669080763938,85.65251456416172,85.20370568080317,84.70329877977646,84.25741243767754,83.79315170663763,83.5316217438937,83.28851396413138,82.34263134120748,86.7036069606784,85.20370568080317,83.5316217438937,84.59344262018776,"rgba(38, 166, 154, 1.0)",2.3267725143062243,86.41689494864715,1.1703357481703778,54.37348725750345,8.063445112187871,True,False,True,False,False,4.682794984967167,0.0,0.0,0.0,0.0,0,0.9512831112665748,0.8411613190447412,False,False,False,False,0.14679868255203454,0.14125450194744413,False,False,False,False,440031.0,344001.2109960381,False,False,False,False,10555.409148460918,False,False,False,False
2025-06-09 17:00:00+00:00,88.405,88.66,88.315,88.315,10084.0,,87.0518316944957,86.37564757208447,85.6134480265804,84.17196472162709,83.76667707685226,83.43265857921314,82.66062039741878,82.13992271706287,,,86.74205920811406,86.70809974219875,86.0870559800743,85.67243616927198,85.22136362608418,84.72180899762078,84.27660830992569,83.81258163958162,83.55121162024136,83.30844336127471,82.36316214360424,86.74205920811406,85.22136362608418,83.55121162024136,84.61461060964878,"rgba(38, 166, 154, 0.5)",2.3086427177447275,86.4292700358532,0.8168132512028284,52.21123085030118,6.513603067347063,False,False,False,False,False,3.1252560712119077,0.0,0.0,0.0,0.0,0,0.9467597017778623,0.8427324284712924,False,False,False,False,0.1216087543114352,0.13143162812943965,False,False,False,False,429947.0,345333.7038488127,False,False,False,False,10548.100479492532,False,False,False,False
2025-06-10 17:00:00+00:00,88.36,88.57,87.645,88.06,14203.0,,87.0804093241356,86.40034621334951,85.63549895899895,84.19645420521773,83.79177468526102,83.45837697601449,82.68753411965436,82.1671323730905,,,86.7831100272337,86.7316996872284,86.11109437667082,85.69663150654193,85.2433207856917,84.74521989846261,84.30116929839828,83.83768841455314,83.57664397444834,83.33441556652514,82.39024576118481,86.7831100272337,85.2433207856917,83.57664397444834,84.64046137645585,"rgba(38, 166, 154, 0.5)",2.296366220753426,86.64732370580114,0.615179008222551,50.032717248928144,4.394298565665572,False,True,False,False,False,2.646563440200687,0.0,0.0,0.0,0.0,0,0.9422219391005218,0.8421773474327934,False,False,False,False,0.09796763059962171,0.11469962936453068,False,False,False,False,415744.0,346425.33634728065,False,False,False,False,10604.765588337608,False,False,False,False
2025-06-11 17:00:00+00:00,88.8,88.93,88.17,88.58,13065.0,,87.11689226713972,86.42856589972978,85.65924155655047,84.2213890470742,83.81709221218595,83.48415136732788,82.7141821350362,82.19390440263028,,,86.83147374360252,86.75994368953927,86.13781290101508,85.72273410820314,85.26649664495577,84.7694435085734,84.32624193578184,83.86303890139814,83.60218900793703,83.36038655948934,82.41696216075108,86.83147374360252,85.26649664495577,83.60218900793703,84.668007476259,"rgba(38, 166, 154, 0.5)",2.274946687821491,86.68403989580347,0.8334085868236856,50.314747782690276,4.394298565665572,False,True,False,False,False,3.557439705250694,0.0,0.0,0.0,0.0,0,0.9447013426029274,0.8415026947730966,False,False,False,False,0.12550938471328632,0.1201045070389085,False,False,False,False,428809.0,347702.6024504236,False,False,False,False,10642.908757510668,False,False,False,False
2025-06-12 17:00:00+00:00,88.71,89.29,88.655,89.19,11580.0,,87.15812950034474,86.45852136629604,85.68343054377343,84.24569677770583,83.84158016753219,83.5089415578958,82.73954276853469,82.21924026703213,,,86.88361604521378,86.79080885360531,86.1656569872623,85.74936251197137,85.2897545104401,84.79337246262146,84.35073686668933,83.88757827405053,83.6268061846012,83.38531785645621,82.4423035571036,86.88361604521378,85.2897545104401,83.6268061846012,84.69581037153316,"rgba(38, 166, 154, 1.0)",2.279397071377985,86.72804066937886,1.080092346145198,52.34016667660228,4.394298565665572,False,False,True,False,True,4.618064663456654,0.0,0.0,0.0,0.0,0,0.9486548661256305,0.8376573582976544,False,False,False,False,0.15198372409696934,0.1360441155679389,False,False,False,False,440389.0,349139.6008620449,False,False,False,False,10657.43730390585,False,False,False,False
2025-06-13 17:00:00+00:00,88.72,88.79,88.265,88.66,13584.0,,87.19272528154937,86.48652541863039,85.70743484093619,84.27111908785245,83.86742852897773,83.5352792089163,82.76682061612384,82.24667839872885,,,86.92900729583599,86.81858631916089,86.19238854773444,85.77565123096795,85.31328178053982,84.8180160555506,84.37628382614182,83.91345490005658,83.65290315215564,83.41186367781698,82.4696711474415,86.92900729583599,85.31328178053982,83.65290315215564,84.72342733237458,"rgba(38, 166, 154, 0.5)",2.2835237311287466,86.75062942194677,0.8361509679207165,51.83245987534674,4.394298565665572,False,True,False,False,True,3.5837385777869066,0.0,0.0,0.0,0.0,0,0.94837555505862,0.8333386576366478,False,False,False,False,0.12410472615496752,0.1300744208614532,False,False,False,False,426805.0,350343.715577362,False,False,False,False,10702.810368961573,False,False,False,False
2025-06-16 17:00:00+00:00,89.165,89.17,88.43,88.54,12221.0,,87.2254859951755,86.51276192817542,85.72974355213856,84.29448162575764,83.89113614973861,83.55940105105738,82.79173792633286,82.27171003786948,,,86.971153525514,86.84480686314585,86.21733736102753,85.80006446131165,85.33506977147411,84.84074028610625,84.39977183245723,83.9371926063964,83.67681677307445,83.43616414007492,82.4946515031774,86.971153525514,85.33506977147411,83.67681677307445,84.74895933631608,"rgba(38, 166, 154, 0.5)",2.287656950751541,86.7748917583305,0.7715790783620925,51.077981430507904,4.394298565665572,False,True,False,False,True,3.348582447395465,0.0,0.0,0.0,0.0,0,0.9599197748520034,0.8316889334584151,False,False,False,False,0.14115118810432722,0.1356128044828902,False,False,False,False,414584.0,351339.68897926336,False,False,False,False,10726.348192698602,False,False,False,False
2025-06-17 17:00:00+00:00,88.54,88.69,87.96,88.255,16334.0,,87.25560759839998,86.5404958060613,85.75500494186024,84.32245234644992,83.91978843097792,83.58874509102723,82.82242426882307,82.30274623564706,,,87.0118719456253,86.87126350598385,86.24454756536585,85.82754512950605,85.3602623267363,84.86751663887863,84.42781201934415,83.96585187117832,83.70584409464657,83.46579056365664,82.52553893621153,87.0118719456253,85.3602623267363,83.70584409464657,84.77795312191472,"rgba(38, 166, 154, 0.5)",2.274694825585853,86.78952950709686,0.6442492752959517,49.55753877671983,3.336357424786314,False,True,False,False,False,2.7844849958896063,0.0,0.0,0.0,0.0,0,0.9567218854345636,0.8249748760009072,False,False,False,False,0.11148402497311778,0.12354841472800399,False,False,False,False,398250.0,352066.9806229957,False,False,False,False,10813.288530796297,False,False,False,False
2025-06-18 17:00:00+00:00,88.56,88.88,88.19,88.41,23135.0,,87.30280411088803,86.58245558961991,85.79257671224023,84.36328395188677,83.96148693820163,83.63135630288102,82.86680724641462,82.34754938712082,,,87.07341948542789,86.91193911580035,86.28537326497877,85.86838707359601,85.39749878590237,84.90681809961323,84.46877583779712,84.00757205740645,83.7480283517229,83.50877931050036,82.57016207334519,87.07341948542789,85.39749878590237,83.7480283517229,84.82079335238652,"rgba(38, 166, 154, 0.5)",2.265668741639947,86.82128546646881,0.7012121870831116,49.19120467918062,2.7801018855322894,False,True,False,False,False,3.0718821432863663,0.0,0.0,0.0,0.0,0,0.957529716100723,0.8330986607289036,False,False,False,False,0.12457289126981433,0.12406065299890916,False,False,False,False,421385.0,353141.678597833,False,False,False,False,11004.32281714054,False,False,False,False
2025-06-19 17:00:00+00:00,88.41,88.41,88.41,88.41,0.0,,87.30280411088803,86.58245558961991,85.79257671224023,84.36328395188677,83.96148693820163,83.63135630288102,82.86680724641462,82.34754938712082,,,87.07341948542789,86.91193911580035,86.28537326497877,85.86838707359601,85.39749878590237,84.90681809961323,84.46877583779712,84.00757205740645,83.7480283517229,83.50877931050036,82.57016207334519,87.07341948542789,85.39749878590237,83.7480283517229,84.82079335238652,"rgba(38, 166, 154, 0.5)",2.248535715718642,86.82128546646881,0.7065551694042931,48.946981947487814,2.295195816057216,False,True,False,False,False,3.0718821432863663,0.0,0.0,0.0,0.0,0,0.9594350468057147,0.8307439645261943,False,False,False,False,0.11677706820798932,0.12041886060344924,False,False,False,False,421385.0,354199.7145885642,False,False,False,False,10833.713161060843,False,False,False,False
2025-06-20 17:00:00+00:00,88.74,89.17,88.36,89.14,19743.0,,87.35282511542425,86.62400545572939,85.8284246946741,84.40078836551692,83.99953750539166,83.67005805681703,82.90676887444481,82.38770874736045,,,87.13561912764382,86.95338220182347,86.32511051875503,85.90738323514952,85.4325655535377,84.94332524100575,84.50646808278502,84.04566698822872,83.78640459632119,83.54776147305378,82.61023336975235,87.13561912764382,85.4325655535377,83.78640459632119,84.86126511596922,"rgba(38, 166, 154, 1.0)",2.2424862489152626,86.8622166750796,1.0157401527087258,51.8408613788891,2.295195816057216,False,True,True,False,True,4.448760580498103,0.0,0.0,0.0,0.0,1,0.9587434138582359,0.8287106074162437,False,False,False,False,0.1389573729503927,0.12968811677692096,False,False,False,False,441128.0,355547.4399437802,False,False,False,False,10971.841639183931,False,False,False,False
2025-06-23 17:00:00+00:00,89.5,90.7,89.5,90.665,14310.0,,87.41838267784284,86.67121274212884,85.86552595582356,84.4359330491194,84.03453328739444,83.70517507925119,82.942095963785,82.42270377251154,,,87.2119671431577,87.00326867962525,86.36845673954763,85.94798399903114,85.46764836658795,84.9785986147441,84.54197627536848,84.08077278218857,83.82138771256147,83.58296887683895,82.64535837334205,87.2119671431577,85.46764836658795,83.82138771256147,84.90241842583423,"rgba(0, 255, 255, 0.75)",2.2508796618765965,86.9253110237138,1.66143443366864,57.93449070539464,4.108567175370737,True,False,True,False,True,7.214765285124734,0.0,0.0,0.0,0.0,0,0.9598215749942599,0.8223949621174845,False,False,False,False,0.22379067664184205,0.1767393967093815,False,False,False,False,455438.0,357096.130797365,False,False,False,False,11023.596032374877,False,False,False,False
2025-06-24 17:00:00+00:00,90.15,90.32,89.83,89.975,15424.0,,87.48004388966015,86.71737334057892,85.9026383092036,84.4717699073658,84.07034917784235,83.74120824263666,82.97853059649373,82.4589055289768,,,87.28394856194778,87.05148000275702,86.41125401523225,85.9884714839243,85.50299294825005,85.01435812446502,84.5781414805126,84.11668589124376,83.85725282644016,83.61912663211287,82.68164936481595,87.28394856194778,85.50299294825005,83.85725282644016,84.94348317497158,"rgba(38, 166, 154, 1.0)",2.238482004547304,86.98154696093454,1.3372691998347486,58.9466784882577,4.86774905123626,True,False,True,False,True,5.753057986607288,0.0,0.0,0.0,0.0,0,0.9598036006546641,0.8260556464811778,False,False,False,False,0.2221763252619253,0.19945786098565338,False,False,False,False,440014.0,358381.6791570957,False,False,False,False,11091.819349702399,False,False,False,False
2025-06-25 17:00:00+00:00,89.105,89.48,88.75,88.925,9920.0,,87.50344914486223,86.7377552292195,85.92053445188185,84.4905235582392,84.08937770541729,83.76055974652401,82.99850983305959,82.47899139749947,,,87.3124036541876,87.07168598649595,86.4308927986336,86.00783312561566,85.5205419597705,85.03261456399812,84.59698163026061,84.13573445146089,83.87644419879878,83.63861669270612,82.70168812010763,87.3124036541876,85.5205419597705,83.87644419879878,84.96342832888098,"rgba(38, 166, 154, 0.5)",2.200584848551196,86.99971844226393,0.874895398377219,55.91017033639027,4.86774905123626,True,False,True,False,False,3.583573733987997,0.0,0.0,0.0,0.0,0,0.9596497533244023,0.8277191492142315,False,False,False,False,0.16095900755994416,0.18020843427279876,False,False,False,False,430094.0,359493.4980848927,False,False,False,False,11073.651607846547,False,False,False,False
2025-06-26 17:00:00+00:00,89.725,90.14,89.565,90.1,26626.0,,87.59690809547249,86.81096995722177,85.98085013390426,84.54971151758892,84.14870516817432,83.82036611369038,83.05922286539618,82.53946793998524,,,87.42102188772415,87.14727414927877,86.49947789884874,86.07334725612506,85.57836908640942,85.09140226348848,84.65664765398289,84.1952003084503,83.93593465955507,83.69866954356293,82.76225148404663,87.42102188772415,85.57836908640942,83.93593465955507,85.02977884120557,"rgba(38, 166, 154, 1.0)",2.1894600058266684,87.08140041744684,1.3786959225196838,57.01132422433041,4.86774905123626,True,False,True,False,False,5.709241239598693,0.0,0.0,0.0,0.0,0,0.9603174603174598,0.8206154046317975,False,False,False,False,0.20785765144727772,0.19403304286003825,False,False,False,False,456720.0,361000.88571148354,False,False,False,False,11314.77328834505,False,False,False,False
2025-06-27 17:00:00+00:00,90.395,90.53,89.87,90.435,6304.0,,87.62108937339391,86.82966747530318,85.9960831122627,84.56441842266985,84.16339873113442,83.83514225778833,83.0741520833006,82.5543011417997,,,87.44876794605386,87.16672239251662,86.51690860755966,86.08989041739059,85.59290071180436,85.10608707859198,84.67148567784768,84.20993290153976,83.95064536677664,83.7134939342929,82.77712160494299,87.44876794605386,85.59290071180436,83.95064536677664,85.04643206510366,"rgba(0, 255, 255, 0.75)",2.2051062731018343,87.10274956051327,1.5111518570029667,58.51442241979366,4.86774905123626,True,False,True,False,True,6.304093265094963,0.0,0.0,0.0,0.0,0,0.9627837495534695,0.8171987139934395,False,False,False,False,0.2302596608387922,0.21214635184941522,False,False,False,False,463024.0,362582.63942138304,False,False,False,False,11237.086880773808,False,False,False,False
2025-06-30 17:00:00+00:00,91.31,91.89,91.185,91.69,21634.0,,87.74018238457,86.91612981377584,86.06329201248082,84.62576092422395,84.22398136431936,83.89554679813605,83.13415130060996,82.61333654524441,,,87.58226827414002,87.25900716130442,86.59593723221086,86.16313744174371,85.65584798687594,85.16846128020558,84.73357575888343,84.27075201127806,84.01095953558331,83.77391528266622,82.83654268477824,87.58226827414002,85.65584798687594,84.01095953558331,85.11909398910686,"rgba(0, 255, 255, 0.75)",2.2483153212530396,87.21179788617864,1.9918034056386473,61.98555082711644,7.225710861376093,True,False,True,False,True,8.486892093473088,0.0,0.0,0.0,0.0,0,0.9644189936945047,0.81344099858448,False,False,False,False,0.31887198311785214,0.2655091674836337,False,False,False,False,484658.0,364475.2806706639,False,False,False,False,11398.279332234679,False,False,False,False
2025-07-01 17:00:00+00:00,91.82,92.49,91.655,92.31,13341.0,,87.8203626692061,86.97414150722173,86.10808255502478,84.66607529774431,84.26367069289329,83.93502297716874,83.17316866619473,82.65161974336648,,,87.67136995992198,87.32117876355862,86.64881749543508,86.21193171905132,85.69763478292039,85.20965361974282,84.77441336448551,84.31060895987595,84.0504108376452,83.81336807162398,82.87512095496174,87.67136995992198,85.69763478292039,84.0504108376452,85.16719224410751,"rgba(0, 255, 0, 1.0)",2.301347333530275,87.70291390692174,2.0019081978429476,65.30063728078999,10.272972952703256,True,False,True,False,True,9.535493980354108,0.0,0.0,0.0,0.0,0,0.9723947105948967,0.8095621119011609,False,False,False,False,0.34282824763436753,0.3041687075590006,False,False,False,False,497999.0,366545.4158540645,False,False,False,False,11428.399032510111,False,False,False,False
2025-07-02 17:00:00+00:00,90.55,91.4,90.415,91.34,28925.0,,87.94286947920392,87.06980053465435,86.18569643328202,84.73938684188629,84.33656023696753,84.00804271431714,83.24639111933249,82.72408663946607,,,87.80848441269531,87.42120051216972,86.73784007764773,86.29594541514331,85.77128189690937,85.28342536307368,84.8484539385779,84.38372359032033,84.12320905724573,83.88652575763405,82.94788665921294,87.80848441269531,85.77128189690937,84.12320905724573,85.2505689831442,"rgba(0, 255, 255, 0.75)",2.3333938126004434,87.75752116312243,1.5353082782391918,64.02503240212201,10.272972952703256,True,False,True,False,True,7.460096890409609,0.0,0.0,0.0,0.0,0,0.9603830806065436,0.8140143655227448,False,False,False,False,0.2656837679613814,0.284926237760191,False,False,False,False,469074.0,368135.00630593946,False,False,False,False,11699.664163789024,False,False,False,False
2025-07-03 17:00:00+00:00,92.41,92.41,92.41,92.41,0.0,,87.94286947920392,87.06980053465435,86.18569643328202,84.73938684188629,84.33656023696753,84.00804271431714,83.24639111933249,82.72408663946607,,,87.80848441269531,87.42120051216972,86.73784007764773,86.29594541514331,85.77128189690937,85.28342536307368,84.8484539385779,84.38372359032033,84.12320905724573,83.88652575763405,82.94788665921294,87.80848441269531,85.77128189690937,84.12320905724573,85.2505689831442,"rgba(0, 255, 255, 0.75)",2.387275106147125,87.75752116312243,1.94886581144236,65.13735056984956,10.272972952703256,True,False,True,False,True,9.276323058318482,0.0,0.0,0.0,0.0,0,0.9787022165114034,0.8094442659813679,False,False,False,False,0.3428282478376177,0.31387724279890433,False,False,False,False,469074.0,369699.9519446071,False,False,False,False,11518.274021714775,False,False,False,False
2025-07-04 17:00:00+00:00,92.41,92.41,92.41,92.41,0.0,,87.94286947920392,87.06980053465435,86.18569643328202,84.73938684188629,84.33656023696753,84.00804271431714,83.24639111933249,82.72408663946607,,,87.80848441269531,87.42120051216972,86.73784007764773,86.29594541514331,85.77128189690937,85.28342536307368,84.8484539385779,84.38372359032033,84.12320905724573,83.88652575763405,82.94788665921294,87.80848441269531,85.77128189690937,84.12320905724573,85.2505689831442,"rgba(0, 255, 255, 0.75)",2.4365056613591434,87.75752116312243,1.9094882111959859,65.87889601500126,10.934089232925544,True,False,True,False,True,9.276323058318482,0.0,0.0,0.0,0.0,0,0.9781792281792278,0.8049080549080543,False,False,False,False,0.3428282478376177,0.328352745318261,False,False,False,False,469074.0,371240.6348601946,False,False,False,False,11339.696129905244,False,False,False,False
2025-07-07 17:00:00+00:00,91.52,91.8,91.125,91.42,18453.0,,88.02565271595806,87.13436592565596,86.23788390488276,84.78816775037875,84.38494740531155,84.05642819299875,83.29473525050456,82.77183910986615,,,87.90029861954073,87.48892607083204,86.79782749810904,86.3523802872998,85.82066708670085,85.33269315103497,84.89774566181161,84.43227069301665,84.17147958768267,83.93497103102678,82.99587475677144,87.90029861954073,85.82066708670085,84.17147958768267,85.30627129996753,"rgba(38, 166, 154, 1.0)",2.4650105494716086,87.82739887884436,1.457438436490966,62.964696803347934,10.934089232925544,True,False,True,False,False,7.148151875249322,0.0,0.0,0.0,0.0,0,0.9711758819921884,0.8077531390206896,False,False,False,False,0.28168373059611623,0.30501823795718863,False,False,False,False,450621.0,372471.3381956954,False,False,False,False,11449.979910836944,False,False,False,False
2025-07-08 17:00:00+00:00,91.865,92.12,91.52,91.685,8549.0,,88.06622927645833,87.16585355903572,86.26320626275835,84.81162427792731,84.40816843060902,84.07961302438065,83.31782932089472,82.79461164390742,,,87.94505626770327,87.52206161209583,86.827019916779,86.37975806870729,85.84456767481845,85.35645724383669,84.92145947108729,84.45557308771649,84.19462187488767,83.95817192315899,83.01877589086386,87.94505626770327,85.84456767481845,84.19462187488767,85.33319256987508,"rgba(0, 255, 255, 0.75)",2.4950848980838214,87.86411354140716,1.5313653100650835,61.646489784623704,10.934089232925544,True,False,True,False,False,7.612947512939041,0.0,0.0,0.0,0.0,0,0.9703737026445162,0.8046977924873874,False,False,False,False,0.3044913353411284,0.3047547866491585,False,False,False,False,459170.0,373815.503494987,False,False,False,False,11405.00347811079,False,False,False,False
2025-07-09 17:00:00+00:00,91.275,91.62,90.855,90.95,24836.0,,88.15997440614775,87.24270950862812,86.32717056786565,84.87276648243845,84.46907925371848,84.14070595622412,83.37924154586783,82.85550029204751,,,88.04884500609421,87.60157052260045,86.89930708245159,86.44859361316085,85.90562599059427,85.41779614173946,84.98315143426716,84.51665268561194,84.2555103050066,84.01940293033257,83.07987063985219,88.04884500609421,85.90562599059427,84.2555103050066,85.40123549287627,"rgba(38, 166, 154, 1.0)",2.5010094682662967,87.93513208886972,1.20546041483809,58.40669023482248,13.368114474393131,True,False,True,False,False,6.041772078145371,0.0,0.0,0.0,0.0,0,0.971347729933654,0.8051580590607514,False,False,False,False,0.26747570774407115,0.28611524719661485,False,False,False,False,434334.0,374753.77475863055,False,False,False,False,11613.235982326125,False,False,False,False
2025-07-10 17:00:00+00:00,90.53,90.66,90.34,90.415,24582.0,,88.2276759304598,87.30332985836908,86.38026664168561,84.92578657888038,84.52234605948308,84.19445396302642,83.43391849889113,82.9100950180019,,,88.12428132308055,87.66264300555703,86.95757963316993,86.50534225766937,85.95713169326868,85.47028204806475,85.03650601213738,84.57001478046266,84.30897177642493,84.0733831525593,83.13449139850051,88.12428132308055,85.95713169326868,84.30897177642493,85.45781576998382,"rgba(38, 166, 154, 0.5)",2.486929531670088,87.97651859022766,0.9805189004027781,54.697776050945166,9.886633431284373,False,True,True,False,False,4.912927962721046,0.0,0.0,0.0,0.0,0,0.9665948978926074,0.8143472303777641,False,False,False,False,0.2216038346567016,0.25385954092665824,False,False,False,False,409752.0,375296.3829019076,False,False,False,False,11814.30209112727,False,False,False,False
2025-07-11 17:00:00+00:00,90.21,90.945,90.055,90.58,29959.0,,88.30690505605914,87.37543181080018,86.44401125596218,84.98968948669008,84.58658826420088,84.25930066616195,83.49993808879498,82.97605891064487,,,88.21211011792172,87.73503935521902,87.02715042922894,86.5733055114752,86.0190997421972,85.53348050093432,85.1007891252654,84.63436428531939,84.3734673720205,84.13851714933624,83.20046899412226,88.21211011792172,86.0190997421972,84.3734673720205,85.52556400643972,"rgba(38, 166, 154, 1.0)",2.4861536140773963,88.03091728634297,1.0253118307828237,52.7544024062707,8.075600065955662,False,True,False,False,False,5.218819486805213,0.0,0.0,0.0,0.0,0,0.960557755883604,0.8199076953291212,False,False,False,False,0.2216038346567016,0.2377316877916799,False,False,False,False,439711.0,376295.05913598655,False,False,False,False,12095.615237001266,False,False,False,False
2025-07-14 17:00:00+00:00,91.32,91.695,91.225,91.69,23585.0,,88.39221528232753,87.44744149894952,86.50490891399176,85.04797093334211,84.64463958509748,84.31750133319774,83.55840031922776,83.03402966481615,,,88.30511670254805,87.80921488705211,87.09530493117602,86.63847575276095,86.0773824989352,85.59197356230096,85.15957098853642,84.69257027453354,84.43148823806922,84.19683768328505,83.25863375482572,88.30511670254805,86.0773824989352,84.43148823806922,85.58966720026176,"rgba(38, 166, 154, 1.0)",2.4820794591307402,88.10538126489291,1.4441998308798987,54.622480572099974,8.075600065955662,False,True,True,False,False,7.2486530021134925,0.0,0.0,0.0,0.0,0,0.9570463636959796,0.8186766345334116,False,False,False,False,0.28152526324852634,0.25962847552010315,False,False,False,False,463296.0,377643.91093232785,False,False,False,False,12273.745233326827,False,False,False,False
2025-07-15 17:00:00+00:00,90.185,90.32,89.84,89.85,11716.0,,88.41308132355981,87.46922548145213,86.52556747760218,85.0697877870968,84.66678208082182,84.34000064848088,83.58160584610468,83.05739536152596,,,88.32839347029787,87.83027717578771,87.11697490252249,86.66028095479885,86.09787561025563,85.61322270860076,85.18144839830306,84.71472460416003,84.4538175707609,84.21948718238977,83.28193050530564,88.32839347029787,86.09787561025563,84.4538175707609,85.611677846833,"rgba(38, 166, 154, 0.5)",2.449072093082282,88.3610989958176,0.6079449471446704,50.86575159274143,6.443626546337747,False,True,False,False,False,3.391559393812944,0.0,0.0,0.0,0.0,0,0.9471084652623312,0.8238584325526619,False,False,False,False,0.19589603608185424,0.2277622558009787,False,False,False,False,451580.0,378790.2068868654,False,False,False,False,12265.098020407031,False,False,False,False
2025-07-16 17:00:00+00:00,90.61,91.0,90.58,90.96,12696.0,,88.44676302739401,87.50013394631283,86.55304257218344,85.09721807997718,84.69433040890607,84.36778261837553,83.60984219991035,83.08559209208246,,,88.36525019971938,87.86133178720141,87.14685123633569,86.68947411556935,86.12458623057071,85.64039855558528,85.20904126612433,84.74231948127355,84.48146003572204,84.24738234436674,83.31013975552081,88.36525019971938,86.12458623057071,84.48146003572204,85.6406810501648,"rgba(38, 166, 154, 1.0)",2.429056534674721,88.41336569223144,1.048404708336515,51.166897680249804,6.443626546337747,False,True,False,False,False,5.400722506417022,0.0,0.0,0.0,0.0,0,0.9440787329726907,0.8221664602750435,False,False,False,False,0.23952220340574856,0.23364222960336362,False,False,False,False,464276.0,380115.56802040234,False,False,False,False,12271.778671253434,False,False,False,False
2025-07-17 17:00:00+00:00,91.485,92.37,91.36,92.28,20632.0,,88.52499666115463,87.56612332505176,86.6087835498029,85.15009998811134,84.746897345184,84.42039842881802,83.66252295894886,83.1377456412769,,,88.44976885272172,87.92948988036794,87.20925827945324,86.74901735807126,86.17783485840867,85.69364344639621,85.26239623655056,84.79503489218936,84.53394582364534,84.30007487294523,83.36250313212606,88.44976885272172,86.17783485840867,84.53394582364534,85.69897555427494,"rgba(0, 255, 255, 0.75)",2.4527092631877596,88.52570117078639,1.5306742162885578,54.03351879722711,6.443626546337747,False,True,True,False,True,7.692330916135656,0.0,0.0,0.0,0.0,0,0.9468160681994312,0.8145505037458014,False,False,False,False,0.3073836700413349,0.27051294982234925,False,False,False,False,484908.0,381740.2568883031,False,False,False,False,12401.394505807644,False,False,False,False
2025-07-18 17:00:00+00:00,92.49,92.66,92.305,92.31,9929.0,,88.56584910540525,87.60014854892819,86.63726928337799,85.17680956892178,84.77338064328994,84.4468555128684,83.68890999855537,83.16381077404957,,,88.49372078970066,87.96481020579554,87.24131467038069,86.77946068101588,86.20494812420411,85.72064208353885,85.28936292430015,84.82160004682463,84.56035525190161,84.32655255321396,83.38869721815087,88.49372078970066,86.20494812420411,84.56035525190161,85.72865778865386,"rgba(38, 166, 154, 1.0)",2.4249023849577673,88.93781546340728,1.3906475400870444,56.001218225277526,6.443626546337747,False,False,True,False,True,7.743686773140627,0.0,0.0,0.0,0.0,0,0.9530005826374048,0.8165663235579718,False,False,False,False,0.34282824787969907,0.30667059885102416,False,False,False,False,494837.0,383493.6947660038,False,False,False,False,12363.062808043185,False,False,False,False
2025-07-21 17:00:00+00:00,92.43,92.465,91.23,91.28,11368.0,,88.6024980575021,87.63242660549706,86.6652676490387,85.20394107817631,84.8004629704601,84.47404272668679,83.71629258334721,83.19101878845687,,,88.53328036044434,87.99773900346685,87.27217929379232,86.80923831889184,86.23191253085982,85.74778431964675,85.31669901642489,84.84874500694927,84.58744944576934,84.35380661287647,83.4159735209837,88.53328036044434,86.23191253085982,84.58744944576934,85.75793462575109,"rgba(38, 166, 154, 1.0)",2.2870036752939584,88.94353392183984,1.0216276009525176,54.511902615047745,6.443626546337747,False,True,True,False,True,5.589449608076986,0.0,0.0,0.0,0.0,0,0.9523142568645969,0.8127096837236566,False,False,False,False,0.30186439759179806,0.3042674982214111,False,False,False,False,483469.0,385043.6994983138,False,False,False,False,12347.635477685926,False,False,False,False
2025-07-22 17:00:00+00:00,91.2,92.09,91.05,92.015,30572.0,,88.69873526075837,87.71799474662336,86.73992409301374,85.27645958122173,84.87287774174997,84.54675288515766,83.78955706700158,83.26384454640109,,,88.63687265240233,88.08485490258248,87.35418999782797,86.88851426066148,86.30390991108938,85.82029061446482,85.38974790809361,84.92132189741137,84.65990792184253,84.426699702177,83.48897053552392,88.63687265240233,86.30390991108938,84.65990792184253,85.83586453821077,"rgba(38, 166, 154, 1.0)",2.169342028780863,89.0127483315957,1.3839457441810215,55.1534461107657,6.443626546337747,False,True,True,False,True,6.880823711044705,0.0,0.0,0.0,0.0,0,0.9532932184094971,0.8129777199544634,False,False,False,False,0.28427426924926746,0.2942708837353393,False,False,False,False,514041.0,387043.65764562675,False,False,False,False,12630.183764853586,False,False,False,False
2025-07-23 17:00:00+00:00,91.73,92.09,91.66,91.97,6879.0,,88.72087575093867,87.7376400966249,86.75704352152718,85.2930255564616,84.88940587553921,84.56333705391025,83.80624497209402,83.28042116719499,,,88.66062824652062,88.10488457206561,87.37300639480772,86.90668238401199,86.32040483534406,85.83687642066951,85.4064377751403,84.93788820657728,84.67643892719563,84.44332144290044,83.50559087570898,88.66062824652062,86.32040483534406,84.67643892719563,85.8536923197491,"rgba(38, 166, 154, 1.0)",2.188179511962808,89.03222225602455,1.3425670645002266,55.450962336770914,6.443626546337747,False,True,True,False,True,6.785762489507054,0.0,0.0,0.0,0.0,0,0.9563301674336626,0.8173569633473672,False,False,False,False,0.30361731473779086,0.29894409923656506,False,False,False,False,507162.0,388905.9575270899,False,False,False,False,12541.018125088414,False,False,False,False
2025-07-24 17:00:00+00:00,91.725,91.825,91.22,91.255,7296.0,,88.74058713390762,87.75593305079107,86.7734195970276,85.30925449828008,84.9056745230863,84.57971654165055,83.82283979982239,83.29697239247935,,,88.68183015893142,88.12328375361746,87.39072826577889,86.92399801291864,86.33632046422099,85.85300503548302,85.42276399712874,84.95418549387252,84.69274737509303,84.45975728200713,83.52215800227239,88.68183015893142,86.33632046422099,84.69274737509303,85.8707987041247,"rgba(38, 166, 154, 1.0)",2.145188609695745,89.04351026300775,1.0309068988138563,53.59282618481508,6.443626546337747,False,True,True,False,True,5.274751544624131,0.0,0.0,0.0,0.0,0,0.9496683958237568,0.8237901372381634,False,False,False,False,0.2812807199325824,0.29011240958457374,False,False,False,False,499866.0,390626.268263104,False,False,False,False,12459.700014621927,False,False,False,False
2025-07-25 17:00:00+00:00,91.865,91.99,91.64,91.7,10880.0,,88.77313558609467,87.78539377533593,86.79941175674777,85.33464471066745,84.93105322564861,84.60521389052971,83.84856313953411,83.32256584522312,,,88.71672240627078,88.15315343231075,87.419090317257,86.95152227261667,86.36145746124299,85.87835374095613,85.44832782159803,84.97961693206932,84.71815258887055,84.48532344649193,83.54780175966596,88.71672240627078,86.36145746124299,84.71815258887055,85.8978686373227,"rgba(38, 166, 154, 1.0)",2.1161911752219504,89.06976176248789,1.24291144784509,53.549657600833484,6.443626546337747,False,True,True,False,True,6.083366650488312,0.0,0.0,0.0,0.0,0,0.9525139664804464,0.81932303647716,False,False,False,False,0.29979508639517977,0.2949537479898767,False,False,False,False,510746.0,392488.5896853815,False,False,False,False,12435.208541527012,False,False,False,False
2025-07-28 17:00:00+00:00,90.675,90.79,90.27,90.4,9954.0,,88.78977887162092,87.80338139559046,86.81685402857327,85.35308319266248,84.94976373519236,84.62421567987856,83.86814621403735,83.34229377619714,,,88.73479260194512,88.17047861867661,87.4371320159918,86.96977228132883,86.37882225315889,85.89632503260897,85.46680542844554,84.99833399687536,84.73701769795983,84.50444701773553,83.56746771241271,88.73479260194512,86.37882225315889,84.73701769795983,85.9162585026785,"rgba(38, 166, 154, 0.5)",2.101529740986172,89.06512976888138,0.6351897882217086,50.12772963604864,4.493786422130107,False,True,False,False,False,3.3739199365975736,0.0,0.0,0.0,0.0,0,0.9473338802296961,0.8291058244462669,False,False,False,False,0.21975781934187388,0.2573557836658753,False,False,False,False,500792.0,394167.7123259182,False,False,False,False,12396.740192045972,False,False,False,False
2025-07-29 17:00:00+00:00,91.45,91.525,90.81,91.155,15399.0,,88.82491581797288,87.83764098891712,86.8484306583175,85.38507503806254,84.98196943856166,84.65673628956826,83.90128912315343,83.37547046421935,,,88.77255310777588,88.20446370359771,87.47072972145841,87.00299836090566,86.40977769939599,85.92791025911129,85.49894251063257,85.0305795002207,84.76936667961168,84.53711191971516,83.60062650488796,88.77255310777588,86.40977769939599,84.76936667961168,85.94929409400451,"rgba(38, 166, 154, 0.5)",2.09165151568329,89.08360277434116,0.9903166039502371,49.938091344708894,4.123999268286219,False,True,False,False,False,4.764773327267974,0.0,0.0,0.0,0.0,0,0.9501360521915873,0.8201160541586068,False,False,False,False,0.2590587635127246,0.25820727358929996,False,False,False,False,516191.0,396059.54624334583,False,False,False,False,12443.286855735181,False,False,False,False
2025-07-30 17:00:00+00:00,90.625,90.8,89.82,90.255,9040.0,,88.83755267809434,87.85224298693251,86.86305319090465,85.40088383253368,84.99807655666326,84.67313984150034,83.9182872035155,83.39265079818702,,90.29166666666666,88.786293918982,88.2182852879888,87.4855829151348,87.01822404361788,86.4244660192617,85.94321867261797,85.51476295264688,85.04668432737388,84.78563763183062,84.55363604700474,83.61772978624606,88.786293918982,86.4244660192617,84.78563763183062,86.18110376788516,#000000,2.0472011172358076,89.2844502199942,0.47408619106082867,47.67730257656242,1.8065577880086536,False,True,False,True,False,2.9242046368441024,0.0,0.0,0.0,0.0,0,0.9465349126366073,0.8197434722858445,False,False,False,False,0.20635447859333564,0.2322808760913178,False,False,False,False,507151.0,397781.894363604,False,False,False,False,12390.522718436961,False,False,False,False
2025-07-31 17:00:00+00:00,91.34,91.345,90.42,90.555,15277.0,,88.86533259968519,87.88132353522555,86.89091617660961,85.42997777408331,85.02753218731763,84.70300269737531,83.94896368544732,83.42350477534957,,90.59427067483652,88.81621035787835,88.24656198890523,87.51457955410328,87.04737576838576,86.45209765617689,85.97168488553795,85.54393437488652,85.07615634919274,84.8153040596602,84.58367213249664,83.64850703060853,88.81621035787835,86.45209765617689,84.8153040596602,86.22404541318811,"rgba(38, 166, 154, 0.5)",2.0067318193001524,89.31143597433166,0.6196961715103722,47.04573357056171,1.0367177383862654,False,True,False,True,False,3.485495147941002,0.0,0.0,0.0,0.0,0,0.9503553034748026,0.8130256209661643,False,False,False,False,0.24139894206590964,0.23683990907861374,False,False,False,False,522428.0,399714.3921254086,False,False,False,False,12435.274304197628,False,False,False,False
2025-08-01 17:00:00+00:00,90.08,90.31,89.84,90.25,14047.0,,88.8818463874132,87.90175107220844,86.91202179163105,85.4532815546286,85.05136495553421,84.72733644630252,83.9743063793953,83.44919721926998,,90.42549821012756,88.83419510274705,88.26556828172666,87.53564551535932,87.06924774683634,86.47347923313481,85.99411523639564,85.56722502574411,85.09997475766896,84.83942130814891,84.60820576735081,83.67405245580572,88.83419510274705,86.47347923313481,84.83942130814891,86.23688672237145,#000000,1.9603638888159678,89.29458795180955,0.487364643697609,45.858572882961546,-0.27985971508473995,False,True,False,True,False,2.8565023753164667,0.0,0.0,0.0,0.0,0,0.9438925560420882,0.8237696882556688,False,False,False,False,0.19211746175275715,0.21447868541568543,False,False,False,False,508381.0,401399.1457358673,False,False,False,False,12460.262299481385,False,False,False,False
2025-08-04 17:00:00+00:00,92.715,92.98,92.21,92.82,10780.0,,88.91933254541615,87.93471410126918,86.94064183413678,85.48061820489053,85.0785587622219,84.75455676256514,84.00156683577303,83.47621337754846,,90.9178417168593,88.87397305487147,88.29935599165407,87.56714727595039,87.09954643714856,86.50097701591834,86.02161456205826,85.59478005875832,85.1272375412175,84.86657927386274,84.63546360666513,83.70116597892408,88.87397305487147,86.50097701591834,84.86657927386274,86.28959424688547,"rgba(0, 255, 255, 0.75)",1.8807988479110036,89.36572904827696,1.8365977603398036,51.14143828444326,-3.011126231423141,False,True,False,False,True,7.507228079961475,0.0,0.0,0.0,0.0,0,0.9472003612437101,0.8208295703780151,False,False,False,False,0.3428282479439426,0.27865346667981405,False,False,False,False,519161.0,403224.91091825697,False,False,False,False,12434.211721194852,False,False,False,False
2025-08-05 17:00:00+00:00,92.995,93.56,92.985,93.26,10708.0,,88.96166508950577,87.97108949972706,86.97173007791226,85.50981089765358,85.1074933500284,84.78344113465158,84.03033395827788,83.50462912435978,,91.33836340751631,88.91877743055157,88.33693356126103,87.60168271765569,87.1325179881252,86.53067645584181,86.05114506535897,85.62423706652662,85.15625734553763,84.89542419509877,84.66436031399748,83.7297230554662,88.91877743055157,86.53067645584181,84.89542419509877,86.34101458675268,"rgba(0, 255, 0, 1.0)",1.8885947442755244,89.43995685027849,2.0226907658725395,55.409710729978485,0.8101833972890944,False,False,True,False,True,8.258869267347297,0.0,0.0,0.0,0.0,0,0.9502846422564365,0.8197050071160555,False,False,False,False,0.3428282483056179,0.31074085749271596,False,False,False,False,529869.0,405188.38516758627,False,False,False,False,12407.448748773226,False,False,False,False
2025-08-06 17:00:00+00:00,94.015,94.49,93.88,94.15,11580.0,,89.01595437475675,88.01649865679347,87.00979096638511,85.54478944818942,85.14199957435203,84.81776617053947,84.06427141214192,83.53800505973541,,91.79794667189309,88.97608323099216,88.38427806452094,87.64445266624699,87.17298113881738,86.56677731026737,86.0867813991518,85.659580873957,85.19088368664552,84.92974363958356,84.69865744021268,83.76332632946794,88.97608323099216,86.56677731026737,84.92974363958356,86.40102840573249,"rgba(0, 255, 0, 1.0)",1.9276747113529793,89.53339049758388,2.3949110683595887,59.666527734632034,4.539243592018153,True,False,True,False,True,9.758514058769652,0.0,0.0,0.0,0.0,0,0.9487344625491076,0.8140658208282339,False,False,False,False,0.34282824873332557,0.3267845531130208,False,False,False,False,541449.0,407300.9528394066,False,False,False,False,12394.620086001547,False,False,False,False
2025-08-07 17:00:00+00:00,93.19,93.34,92.94,93.23,10494.0,,89.05480165640068,88.05046568585882,87.03915411543633,85.5725869357289,85.16959479533327,84.84534331068917,84.09179754628742,83.56523464529644,,91.97369463499581,89.01712667078242,88.4192020335832,87.6768506638268,87.20405167370284,86.59492264937025,86.11483313602231,85.68761362729646,85.2185543435253,84.95727387816984,84.72625633288953,83.79067492478336,89.01712667078242,86.59492264937025,84.95727387816984,86.43850166299896,"rgba(0, 255, 255, 0.75)",1.9361968735979074,89.58483238407621,1.8826430646746273,59.77364611706348,4.539243592018153,True,False,True,False,True,7.796162580171309,0.0,0.0,0.0,0.0,0,0.9492310662119551,0.8150698153271982,False,False,False,False,0.2845257858270628,0.3056551694700418,False,False,False,False,530955.0,409218.06984964834,False,False,False,False,12365.153107924003,False,False,False,False
2025-08-08 17:00:00+00:00,93.51,93.87,93.475,93.755,10940.0,,89.09965103304351,88.08901975052035,87.07208929920085,85.60335746256088,85.2000540250939,84.87571732935918,84.12198193844246,83.59501546866238,,92.17706056755611,89.06442047421844,88.45907334110902,87.71344351185138,87.23894904732275,86.6263545103009,86.14602067926393,85.7186701696529,85.24910661876403,84.98761854657155,84.75663136935067,83.82061859019782,89.06442047421844,86.6263545103009,84.98761854657155,86.48074268665216,"rgba(0, 255, 0, 1.0)",1.9274343283461148,89.64605039578264,2.1318234005633534,60.80020371194115,5.54593944611964,True,False,True,False,True,8.690120551612026,0.0,0.0,0.0,0.0,0,0.9566929133858262,0.8056989802504185,False,False,False,False,0.3139768253404657,0.3098159974052538,False,False,False,False,541895.0,411275.07651864603,False,False,False,False,12343.057710901925,False,False,False,False
2025-08-11 17:00:00+00:00,93.45,93.81,93.255,93.69,13435.0,,89.15221033899188,88.13469685103661,87.1113987520845,85.64029608240628,85.23666149003232,84.9122522017033,84.15834982206384,83.630936084718,,92.35500495448458,89.11980048668234,88.50616514917878,87.75692635775779,87.28054186054223,86.66395498317706,86.18339405564645,85.75593690597593,85.28582040590823,85.02410863008599,84.7931775842902,83.8567194314142,89.11980048668234,86.66395498317706,85.02410863008599,86.52791762140902,"rgba(0, 255, 0, 1.0)",1.92968180404485,89.71184079796878,2.0615622708845116,61.277655585941545,6.196315716269737,True,False,True,False,True,8.549711224019607,0.0,0.0,0.0,0.0,0,0.9620063268434267,0.7997912793921004,False,False,False,False,0.3061844930411807,0.30800024522321723,False,False,False,False,528460.0,413091.8970377368,False,False,False,False,12359.987048717398,False,False,False,False
2025-08-12 17:00:00+00:00,94.08,94.49,94.01,94.36,10225.0,,89.19759588053446,88.17336512869875,87.14420792346341,85.67064344109421,85.26663262633521,84.94208614530754,84.18788794284092,83.66001652578167,,92.52450567541435,89.16752937929463,88.54630152381469,87.7935233464556,87.31531607363921,86.69517415721185,86.21425986495517,85.78658461195032,85.3158903560418,85.0539325439462,84.8229934433585,83.88598520633181,89.16752937929463,86.69517415721185,85.0539325439462,86.56822158982351,"rgba(0, 255, 0, 1.0)",1.9615549609587188,89.77170405733528,2.3391115895229184,62.88960074943267,7.960991571734432,True,False,True,False,True,9.701988748363892,0.0,0.0,0.0,0.0,0,0.9632817357724903,0.7982786268285489,False,False,False,False,0.34282824876151907,0.32541424699236815,False,False,False,False,538685.0,415039.07692862453,False,False,False,False,12326.886474318679,False,False,False,False
2025-08-13 17:00:00+00:00,94.895,95.57,94.835,95.39,12053.0,,89.26016442007008,88.22552216649066,87.18774435296505,85.71017479046827,85.30551235436005,84.98066723360058,84.22583809537352,83.69722991676616,,92.7813997101652,89.23320924433958,88.6008458394542,87.84256080239867,87.36155711444376,86.73634825918836,86.25471629198827,85.8265555235614,85.35491675738479,85.09254180128652,84.86150866676017,83.9234980793806,89.23320924433958,86.73634825918836,85.09254180128652,86.6231255710223,"rgba(0, 255, 0, 1.0)",2.0271939133094867,89.85856504264544,2.72861659707938,65.66873223624475,10.757101919836323,True,False,True,False,True,11.431171025839546,0.0,0.0,0.0,0.0,0,0.9655906233630174,0.7921686746987944,False,False,False,False,0.34282824914474724,0.3341212480685577,False,False,False,False,550738.0,417142.93620104896,False,False,False,False,12322.640172391257,False,False,False,False
2025-08-14 17:00:00+00:00,95.145,95.72,95.1,95.59,12555.0,,89.32615995547505,88.28060049211807,87.23373887241229,85.75188375754406,85.34651818330602,85.0213447222476,84.26582230587061,83.73642275516264,,93.0205722457617,89.30241137948404,88.65844710692024,87.89435281504448,87.41039010492537,86.77983947004003,86.29742498310875,85.8687308565537,85.39607856226057,85.13325410740546,84.90211167725371,83.96301279456553,89.30241137948404,86.77983947004003,85.13325410740546,86.679455857373,"rgba(0, 255, 0, 1.0)",2.077397295299905,89.9471761608236,2.7162949773465317,67.82755316369138,12.907372438420097,True,False,True,False,True,11.762972996176906,0.0,0.0,0.0,0.0,0,0.9665449328290073,0.784661536454936,False,False,False,False,0.34282824922144156,0.3384747486449996,False,False,False,False,563293.0,419408.82866304816,False,False,False,False,12326.24265033868,False,False,False,False
2025-08-15 17:00:00+00:00,95.35,95.815,94.98,95.015,12644.0,,89.3891027207614,88.33370956026474,87.27843368614838,85.7926725689591,85.38667239136201,85.06121489353264,84.30508989880154,83.77496226843596,,93.2055256495294,89.36835896216766,88.71381370407556,87.94444756179091,87.45777266281124,86.82220540010138,86.33910905230718,85.90995692815893,85.43637866925509,85.17314635830371,84.94192165211588,84.0018482926328,89.36835896216766,86.82220540010138,85.17314635830371,86.73181714407578,"rgba(0, 255, 0, 1.0)",2.136569547763248,90.02663548551952,2.334754101359699,67.01684028955029,12.907372438420097,True,False,True,False,True,10.454450454850111,0.0,0.0,0.0,0.0,0,0.965808069295646,0.7883031033247574,False,False,False,False,0.34217914415643774,0.3403269464007187,False,False,False,False,550649.0,421443.56000160554,False,False,False,False,12331.169120876064,False,False,False,False
2025-08-18 17:00:00+00:00,94.675,94.82,94.36,94.58,13592.0,,89.44760348521635,88.38437130461885,87.32186726313398,85.83299800095632,85.4265168967339,85.10088407699433,84.34437903963516,83.81365933380127,,93.31768714026806,89.42962217389073,88.76620996514083,87.99259185332046,87.50367482376187,86.86363279852567,86.38009299742579,85.95066654228307,85.47635002530401,85.21280223259342,84.98156791949259,84.04078540447034,89.42962217389073,86.86363279852567,85.21280223259342,86.77939816387837,"rgba(0, 255, 0, 1.0)",2.1447966093530373,90.09262020519438,2.0922169380709743,64.86865107114804,12.907372438420097,True,False,True,False,False,9.47100611080916,0.0,0.0,0.0,0.0,0,0.9654733959311425,0.7918296817944697,False,False,False,False,0.3008034220561919,0.3205651842284553,False,False,False,False,537057.0,423236.0164356892,False,False,False,False,12350.716886443875,False,False,False,False
2025-08-19 17:00:00+00:00,95.51,95.975,95.21,95.945,13254.0,,89.51559038238386,88.44179425497744,87.37019901098779,85.87696673560967,85.46976374471224,85.14379327351233,84.38657338754221,83.8550352605997,,93.49323255307526,89.50070682607456,88.82609928323434,88.04675549862529,87.5548789531192,86.90942074769306,86.4250844445188,85.99511362307445,85.51975727284851,85.25574717892815,85.02440048117667,84.08249447187205,89.50070682607456,86.90942074769306,85.25574717892815,86.83467036922828,"rgba(0, 255, 0, 1.0)",2.1978275883482916,90.17592235573977,2.62490000346014,66.15148614199194,12.907372438420097,True,False,True,False,False,11.799902504156197,0.0,0.0,0.0,0.0,0,0.9710858297747497,0.7845943214786313,False,False,False,False,0.342828249287074,0.3316967167577647,False,False,False,False,550311.0,425206.171219632,False,False,False,False,12364.721275801334,False,False,False,False
2025-08-20 17:00:00+00:00,96.665,96.98,96.39,96.71,15806.0,,89.60733085433621,88.51821471965818,87.43382435962585,85.93408510026022,85.5257714269688,85.19923301317031,84.44081859270625,83.90806496453537,,93.75073289891226,89.59649893916949,88.90619434224526,88.11852433135633,87.62237594255026,86.96944148976769,86.48379736210204,86.05290422781214,85.57599239274829,85.31127803740426,85.0796948756116,84.13601995508557,89.59649893916949,86.96944148976769,85.31127803740426,86.90853989130133,"rgba(0, 255, 0, 1.0)",2.2896108328190823,90.84644908786223,2.5609377926109276,68.2083552088691,13.580170327256305,True,False,True,False,True,13.05882449379823,0.0,0.0,0.0,0.0,0,0.9742886974680238,0.7806708431218994,False,False,False,False,0.34282824964772335,0.337262483202744,False,False,False,False,566117.0,427390.8352317307,False,False,False,False,12418.07443431604,False,False,False,False
2025-08-21 17:00:00+00:00,96.82,96.88,96.285,96.385,15597.0,,89.69338767405628,88.59064977585619,87.49458107280104,85.9889441009822,85.57962759574386,85.2525875408582,84.49311471715316,83.95924860773202,,93.95419882059046,89.68626406454408,88.98189037389332,88.18675055754491,87.68673182469058,87.02688804251866,86.54008823597826,86.10838517285882,85.6300587503204,85.36470621050616,85.13292458650913,84.18765729925454,89.68626406454408,87.02688804251866,85.36470621050616,86.97693425121962,"rgba(0, 255, 0, 1.0)",2.3627964650244064,90.94059763442735,2.304219786242324,68.32116356782923,13.892799367059467,True,False,True,False,True,12.304921190918755,0.0,0.0,0.0,0.0,0,0.9699087043933949,0.7879107478329643,False,False,False,False,0.33794921688467466,0.33760585004370935,False,False,False,False,550520.0,429299.81453046354,False,False,False,False,12467.360102001063,False,False,False,False
2025-08-22 17:00:00+00:00,96.755,96.855,96.04,96.27,12089.0,,89.75740136503151,88.64500233421178,87.54045447705904,86.03056121165373,85.62052343001459,85.29312979592055,84.53290877999098,83.99823278790244,,94.08549802334505,89.7529761675389,89.03855150686721,88.23807083793135,87.7352602949681,87.07034489617554,86.5827301270578,86.15045929527685,85.67110889151354,85.40529584795571,85.17338122421106,84.22697173740586,89.7529761675389,87.07034489617554,85.40529584795571,87.02744315160157,"rgba(0, 255, 0, 1.0)",2.431189050278663,91.00812206765812,2.1643228163349777,67.93123034177138,13.892799367059467,True,False,True,False,True,12.035873383190804,0.0,0.0,0.0,0.0,0,0.9669666699634059,0.7916460620446368,False,False,False,False,0.33154670721868523,0.3345762786311973,False,False,False,False,538431.0,430991.7708943323,False,False,False,False,12461.494053908022,False,False,False,False
2025-08-25 17:00:00+00:00,95.8,95.93,95.56,95.67,14294.0,,89.82405785279522,88.70283582698404,87.59003691945766,86.07619389026608,85.66550442585597,85.33782289051871,84.57698577095326,84.04154377625072,,94.18349546998869,89.82238828540255,89.09844764056197,88.29302074459461,87.78756817981478,87.11756210621506,86.62927155385347,86.19654667312219,85.71624234782158,85.4500078554175,85.21801496739027,84.27059463504014,89.82238828540255,87.11756210621506,85.4500078554175,87.07990709061524,"rgba(0, 255, 255, 0.75)",2.487311135479703,91.06377996595678,1.8518873527074298,65.2821601335441,13.892799367059467,True,False,True,False,False,10.630962130442846,0.0,0.0,0.0,0.0,0,0.9691464059196616,0.7932743128964049,False,False,False,False,0.2986365421799033,0.3166064104055503,False,False,False,False,524137.0,432435.88297348993,False,False,False,False,12489.904998808672,False,False,False,False
2025-08-26 17:00:00+00:00,95.625,95.9,95.43,95.89,12862.0,,89.88297458971417,88.75421922263726,87.63424958479598,86.11697356385493,85.70571786675605,85.37778915991545,84.61642187430053,84.08030939817434,,94.26316913543889,89.88368772121137,89.15159275278103,88.34191159721365,87.83417060965371,87.15970829533015,86.67083821277816,86.23772542777154,85.75658961314574,85.48998819569434,85.25793140608351,84.3096332972109,89.88368772121137,87.15970829533015,85.48998819569434,87.12628007622308,"rgba(0, 255, 255, 0.75)",2.537131213159739,91.11628903626614,1.881538857341434,64.07861977040709,13.892799367059467,True,False,True,False,False,11.017380682912886,0.0,0.0,0.0,0.0,0,0.9661491304058104,0.7991937096021848,False,False,False,False,0.2949295039927347,0.3057679571991425,False,False,False,False,536999.0,434057.01657080016,False,False,False,False,12495.673913555824,False,False,False,False
2025-08-27 17:00:00+00:00,96.58,96.735,96.385,96.5,12332.0,,89.94593865509052,88.80834728333424,87.6803318185982,86.15897467681461,85.74702396263062,85.41875743619129,84.65667277331058,84.11977082840563,,94.36968450782234,89.94914781070405,89.2078463495458,88.39319300106379,87.88281249966958,87.20346443534267,86.7138217019822,86.28017103842824,85.79804603774839,85.53099957183495,85.2988189534826,84.34941684557086,89.94914781070405,87.20346443534267,85.53099957183495,87.17566200937856,"rgba(0, 255, 0, 1.0)",2.5751555100415744,91.18587332244869,2.0636138892697478,64.76152195667669,13.892799367059467,True,False,True,False,False,12.085966871750884,0.0,0.0,0.0,0.0,0,0.9678130953574648,0.8014305290952227,False,False,False,False,0.3368802889244077,0.3213241230617751,False,False,False,False,549331.0,435844.2101123381,False,False,False,False,12493.136333500694,False,False,False,False
2025-08-28 17:00:00+00:00,96.42,96.59,96.255,96.55,10031.0,,89.99571005735514,88.85140202141483,87.71715107318275,86.19264503155829,85.78015940475467,85.45163715781719,84.68900809575138,84.15149264516279,,94.44649525828201,90.00085662756626,89.25251421044028,88.43405547427518,87.92164002481215,87.23847278521531,86.74824507015417,86.31418922136186,85.83129904044044,85.5639091468464,85.33163901040894,84.38138896956593,90.00085662756626,87.23847278521531,85.5639091468464,87.2146955163183,"rgba(0, 255, 0, 1.0)",2.6343226440186376,91.2387173093679,2.016185338076045,65.33654493172722,13.892799367059467,True,False,True,False,False,12.173728146808639,0.0,0.0,0.0,0.0,0,0.9602446483180423,0.8066673387774296,False,False,False,False,0.33036394407863934,0.3258440335702072,False,False,False,False,559362.0,437759.2146067205,False,False,False,False,12454.96367716735,False,False,False,False
2025-08-29 17:00:00+00:00,96.92,96.98,96.485,96.8,7067.0,,90.03187243866938,88.88258952363556,87.74375985879296,86.2169004986651,85.80401137049759,85.47529103358643,84.71224111586686,84.17426750351869,,94.50461455564977,90.0384086355571,89.28490680369859,88.4636268277555,87.9497057614047,87.26374847319778,86.77307077635587,86.33870025927774,85.8552376178409,85.5875894104365,85.35524493665481,84.40435086901596,90.0384086355571,87.26374847319778,85.5875894104365,87.24300691350389,"rgba(0, 255, 0, 1.0)",2.701723145503899,91.27857437696133,2.04366817977897,66.34884629583577,13.892799367059467,True,False,True,False,True,12.617705350920975,0.0,0.0,0.0,0.0,0,0.9746491317497531,0.7989601386481793,False,False,False,False,0.34282824966225667,0.33433614161623193,False,False,False,False,566429.0,439754.0950004147,False,False,False,False,12371.429356591112,False,False,False,False
2025-09-01 17:00:00+00:00,96.8,96.8,96.8,96.8,0.0,,90.03187243866938,88.88258952363556,87.74375985879296,86.2169004986651,85.80401137049759,85.47529103358643,84.71224111586686,84.17426750351869,,94.50461455564977,90.0384086355571,89.28490680369859,88.4636268277555,87.9497057614047,87.26374847319778,86.77307077635587,86.33870025927774,85.8552376178409,85.5875894104365,85.35524493665481,84.40435086901596,90.0384086355571,87.26374847319778,85.5875894104365,87.24300691350389,"rgba(0, 255, 255, 0.75)",2.763886115500412,91.27857437696133,1.9977037375286324,67.02371387190813,13.892799367059467,True,False,True,False,True,12.617705350920975,0.0,0.0,0.0,0.0,0,0.9768720962011476,0.7957775348455854,False,False,False,False,0.3428282496827575,0.3385821956494947,False,False,False,False,566429.0,441718.04701591213,False,False,False,False,12179.624250287374,False,False,False,False
2025-09-02 17:00:00+00:00,96.25,96.3,95.63,96.16,13083.0,,90.09069766791029,88.93442363777993,87.78867875441208,86.25844226288375,85.84499021014119,85.51602286345137,84.7524414792038,84.21379638100925,,94.57254388413295,90.0994508178232,89.33839318317685,88.51308187781338,87.9969558816474,87.3066408875814,86.81539192687764,86.3806373554261,85.89634943847025,85.62833580533237,85.39592663237153,84.44415346267098,90.0994508178232,87.3066408875814,85.62833580533237,87.28936772050578,"rgba(0, 255, 255, 0.75)",2.799554954978097,91.33367429449372,1.723961766467284,63.95752600007472,13.892799367059467,True,False,True,False,False,10.997782068513832,0.0,0.0,0.0,0.0,0,0.9772595349472459,0.7935944275617159,False,False,False,False,0.3037996359779558,0.3211909158137253,False,False,False,False,553346.0,443448.7129536499,False,False,False,False,12193.630075864314,False,False,False,False
2025-09-03 17:00:00+00:00,96.13,96.94,96.09,96.82,7566.0,,90.12750172868697,88.9665082195193,87.8162675612549,86.28373880309158,85.86989548556348,85.54074162237724,84.77676221635434,84.23766518733164,,94.62386554217507,90.13762394195264,89.37161746342511,88.54359738300349,88.02600689309351,87.33291023588451,86.84123745157504,86.40618914829551,85.92134111770524,85.65307583630344,85.42060210717072,84.4682067468398,90.13762394195264,87.33291023588451,85.65307583630344,87.31826773458017,"rgba(0, 255, 255, 0.75)",2.8279334606129067,91.37215250652822,1.926441187301147,64.04760617921039,13.892799367059467,True,False,True,False,False,12.219208309656533,0.0,0.0,0.0,0.0,0,0.9771725387007482,0.7918873662987382,False,False,False,False,0.32939919825973163,0.32529505703672845,False,False,False,False,560912.0,445269.8491869267,False,False,False,False,12121.883873137735,False,False,False,False
2025-09-04 17:00:00+00:00,97.44,97.64,97.355,97.55,6295.0,,90.16200374491544,88.99611019795795,87.84142044559576,86.30651347781827,85.89225416692845,85.56288544730148,84.79845104102688,84.25889049427296,,94.6830234425281,90.1734019043334,89.40242912454268,88.571617798581,88.05254084749204,87.35675792879799,86.86460418135242,86.42921341294974,85.94378490609633,85.67525474978628,85.44269048266305,84.48962153961183,90.1734019043334,87.35675792879799,85.67525474978628,87.3451734667276,"rgba(0, 255, 0, 1.0)",2.8662946102571496,91.41254773326531,2.1412496275754647,66.00224556751462,13.892799367059467,True,False,True,False,True,13.54293070633086,0.0,0.0,0.0,0.0,0,0.9842125132992414,0.7893743350379236,False,False,False,False,0.342828249884685,0.3340616534607067,False,False,False,False,567207.0,447160.3476491448,False,False,False,False,12031.544588282884,False,False,False,False
2025-09-05 17:00:00+00:00,96.595,96.67,96.08,96.63,14133.0,,90.22735562032935,89.05369020820477,87.89131185548358,86.35252904527923,85.93761235712496,85.60794166776381,84.84285938081001,84.30252450156775,,94.76107082811495,90.24111379118065,89.461876203781,88.62654735246093,88.10499347704143,87.40437541707269,86.91153440363742,86.47567302896212,85.98929317039737,85.72033791143002,85.48768054471236,84.53357156465025,90.24111379118065,87.40437541707269,85.72033791143002,87.39669461650024,"rgba(0, 255, 255, 0.75)",2.8825839071878443,91.47698911768688,1.7876360405204033,63.02081977281878,16.48383241758208,True,False,True,False,False,11.205472486263329,0.0,0.0,0.0,0.0,0,0.9800088849400262,0.7856337354338234,False,False,False,False,0.29276871272526495,0.3134151830929858,False,False,False,False,553074.0,448802.41977861547,False,False,False,False,12064.125292340514,False,False,False,False
2025-09-08 17:00:00+00:00,96.01,96.17,95.68,96.02,12594.0,,90.27984725121048,89.1008201534493,87.93270308820667,86.39115924278053,85.97578669571442,85.64593104926128,84.88044565178284,84.33954596708442,,94.80610237668712,90.29544987515874,89.5102624728354,88.67175084544387,88.14840312781593,87.44405458579067,86.95078491211383,86.51464344298675,86.02758175972195,85.75832738367998,85.52563803669742,84.57082323771395,90.29544987515874,87.44405458579067,85.75832738367998,87.43850305780678,"rgba(0, 255, 255, 0.75)",2.8817355850213433,91.52315542470467,1.560463978259831,58.73943411637099,12.601789216596671,False,False,True,False,False,9.692774404496937,0.0,0.0,0.0,0.0,0,0.9770330682865231,0.7827184929870653,False,False,False,False,0.27310667171011765,0.29326092740155174,False,False,False,False,540480.0,450223.7776115051,False,False,False,False,12072.340404087172,False,False,False,False
2025-09-09 17:00:00+00:00,95.98,96.21,95.87,95.945,10508.0,,90.32330593833787,89.13994671211219,87.96713507067464,86.42332674538463,86.00757986971136,85.67757305722844,84.91175771828176,84.37039246158396,,94.8427325270649,90.34040824600308,89.55040517252358,88.70930709801434,88.18449424803157,87.47708007748587,86.98346083148968,86.54709127563913,86.05946911585573,85.78996886441563,85.55725428927835,84.60185952569473,90.34040824600308,87.47708007748587,85.78996886441563,87.47322744224057,"rgba(0, 255, 255, 0.75)",2.8958904526086284,91.56164888168941,1.5136453502106917,55.61074547246091,9.887054404564509,False,True,True,False,False,9.506731087138903,0.0,0.0,0.0,0.0,0,0.9776285587036211,0.7863921340230903,False,False,False,False,0.2781112893902955,0.2856861083959236,False,False,False,False,529972.0,451460.184160164,False,False,False,False,12048.08706448892,False,False,False,False
2025-09-10 17:00:00+00:00,95.44,96.11,95.41,96.085,7300.0,,90.35237696425447,89.16631962118652,87.99046948309322,86.44522285436635,86.02924097099283,85.69914516923822,84.93313381984994,84.39146933182607,95.86833333333331,94.86399115795571,90.37046570586325,89.57740368012566,88.73467610569232,88.2089274033199,87.49949959356123,87.00567264761855,86.56917118410102,86.08119182214115,85.81153613415638,85.57881362273167,84.62305831993466,90.37046570586325,87.49949959356123,85.81153613415638,88.07043247967582,"rgba(38, 166, 154, 1.0)",2.892941601226054,92.03236409183637,1.4008702790426466,54.0872811928736,8.609814648053643,False,True,True,False,False,9.779623657556279,0.0,0.0,0.0,0.0,0,0.9718587065363762,0.7916508407858838,False,False,False,False,0.2659493139969877,0.27581771119645565,False,False,False,False,537272.0,452790.5999096188,False,False,False,False,11974.473311551106,False,False,False,False
2025-09-11 17:00:00+00:00,97.25,98.15,97.185,98.15,11633.0,,90.41431807735772,89.220088450384,88.0365518197357,86.48712082970522,86.07040048854473,85.7399230021902,84.9731009040405,84.43060619801061,97.07261580309512,94.95877638481936,90.43453158591728,89.63321077251418,88.78573970319478,88.25742534455935,87.54328954046704,87.04861729669767,86.61151228460704,86.12250287893168,85.85237599169832,85.61949301863652,84.66253487245768,90.43453158591728,87.54328954046704,85.85237599169832,88.17720645247769,"rgba(0, 255, 0, 1.0)",2.9424253233990494,92.17433767537689,2.030862865780435,58.88100753867393,3.902419092352119,False,False,True,False,True,13.628448037941773,0.0,0.0,0.0,0.0,0,0.9716236618171833,0.7904542959099636,False,False,False,False,0.34282824993131567,0.30932298056388563,False,False,False,False,548905.0,454280.74564745417,False,False,False,False,11969.179151682096,False,False,False,False
2025-09-12 17:00:00+00:00,97.83,98.31,97.66,97.67,16152.0,,90.49922609994518,89.29408861616004,88.10015811422306,86.54504853547307,86.12732417395164,85.79632907664978,85.02840610450887,84.4847779176188,97.44430939147783,95.0829548740326,90.52229012051978,89.70993746375892,88.85609582319108,88.32431691111623,87.60378058424457,87.10796546649688,86.6700444426721,86.17963339562601,85.90886518673085,85.67576607908627,84.71717045822241,90.52229012051978,87.60378058424457,85.90886518673085,88.25968554590435,"rgba(0, 255, 255, 0.75)",2.983190104266635,92.28721127292673,1.8043733516595786,60.133253611047174,4.936708901010192,False,False,True,False,True,12.405025980174486,0.0,0.0,0.0,0.0,0,0.980217062783349,0.7876425333150151,False,False,False,False,0.34282825001588324,0.32607561528988444,False,False,False,False,532753.0,455497.36974594323,False,False,False,False,12034.029087314932,False,False,False,False
2025-09-15 17:00:00+00:00,97.315,97.52,96.79,96.99,16192.0,,90.57363498433104,89.36038847265687,88.15808200264802,86.59857582191411,86.18008980008587,85.84873495204577,85.0800383872132,84.53551073031518,97.33558505762818,95.16539671461051,90.59910488190937,89.77822666678838,88.91953922422269,88.3850491385474,87.65916572834921,87.16255037153867,86.72407382014907,86.23256978548329,85.96130895504247,85.72808993149974,84.76827101021298,90.59910488190937,87.65916572834921,85.96130895504247,88.31092378534383,"rgba(0, 255, 255, 0.75)",3.009698193542396,92.35047767528101,1.5415241085214237,58.47294903349904,4.936708901010192,False,False,True,False,True,10.695009512036272,0.0,0.0,0.0,0.0,0,0.9744578313253007,0.7975215146299476,False,False,False,False,0.3067314297017932,0.3164035224958388,False,False,False,False,516561.0,456444.0926956185,False,False,False,False,12098.493752627877,False,False,False,False
2025-09-16 17:00:00+00:00,96.04,96.185,95.695,95.89,8659.0,,90.60569149614695,89.39006320642261,88.18471704467368,86.62379596667965,86.20508139342564,85.87365105120513,85.10478370271709,84.55994891732153,97.13155596525182,95.18160891217514,90.63214869316765,89.80844425224593,88.94824507829362,88.41284458936761,87.68486119275161,87.18806926949964,86.74948742023989,86.2576261455231,85.98621172242578,85.75300000771266,84.79283435901354,90.63214869316765,87.68486119275161,85.98621172242578,88.32573607344693,"rgba(38, 166, 154, 1.0)",3.0141712559767533,92.3617459094732,1.1705552839874909,54.08212536059825,9.66614773453351,False,True,True,False,False,8.014152074911756,0.0,0.0,0.0,0.0,0,0.9628856096141332,0.8054575957818322,False,False,False,False,0.25522907246382215,0.2858162974798305,False,False,False,False,507902.0,457241.8897080895,False,False,False,False,12045.16826809101,False,False,False,False
2025-09-17 17:00:00+00:00,96.545,97.22,96.375,96.675,10189.0,,90.64875836521828,89.42904974296664,88.2191751960916,86.65594192571785,86.23683280891812,85.90523041340575,85.13598890523495,84.5906702320878,97.07708541889484,95.22027886745413,90.67655136349642,89.8484168332298,88.98572293007427,88.44888998960802,87.71793078753939,87.22075401299348,86.78191237286227,86.28947208782901,86.01779973449301,85.784545106426,84.82375339047593,90.67655136349642,87.71793078753939,86.01779973449301,88.35620451264649,"rgba(38, 166, 154, 1.0)",3.0045136090593947,92.39622566489093,1.4241154781950192,53.441790756646455,9.051968566910517,False,True,True,False,False,9.506154655021845,0.0,0.0,0.0,0.0,0,0.971454974843413,0.7968306123147476,False,False,False,False,0.2914242879836541,0.2886202927317423,False,False,False,False,518091.0,458185.28676687885,False,False,False,False,12016.390465484947,False,False,False,False
2025-09-18 17:00:00+00:00,97.01,97.49,96.95,97.115,9235.0,,90.68997622229338,89.4660759706007,88.25172350870238,86.68613044164435,86.26661174989962,85.9348186418536,85.16516550761868,84.61935734658718,97.08964327116935,95.26304748165941,90.71904026555126,89.88647334818071,89.02123754683781,88.482963044927,87.74910700979329,87.25150818753865,86.81237460355004,86.31934418913772,86.04740609093048,85.81409085462299,84.85264069841382,90.71904026555126,87.74910700979329,86.04740609093048,88.38846893174625,"rgba(0, 255, 255, 0.75)",3.006245206771944,92.43520680970113,1.5566904455288764,54.18364470708177,9.051968566910517,False,True,True,False,False,10.330001176070574,0.0,0.0,0.0,0.0,0,0.9708851198242118,0.7977408500995666,False,False,False,False,0.3095293913380608,0.29907484203490153,False,False,False,False,527326.0,459257.2358092528,False,False,False,False,11973.26813268673,False,False,False,False
2025-09-19 17:00:00+00:00,96.935,97.0,96.53,96.6,19507.0,,90.76911009110222,89.53839364957345,88.31608945388523,86.74647233840935,86.3262705857788,85.99419276536565,85.22391564658439,84.6772509059517,97.01473757674452,95.32665498586286,90.80052948931426,89.96042791441322,89.09094612092599,88.5501874166684,87.81100867106538,87.31277325620968,86.87321697347885,86.37917242445656,86.10678494511615,85.87341328107408,84.91088424952393,90.80052948931426,87.81100867106538,86.10678494511615,88.44625909177763,"rgba(38, 166, 154, 1.0)",3.0046910725459703,92.49818577697823,1.3651367558216774,53.045034822716865,8.331094928020292,False,True,True,False,False,9.067011192270574,0.0,0.0,0.0,0.0,0,0.9625994420911247,0.8053517925405509,False,False,False,False,0.2900393918624151,0.2945571169486583,False,False,False,False,507819.0,460010.13137810153,False,False,False,False,12090.070177141199,False,False,False,False
2025-09-22 17:00:00+00:00,96.71,97.43,96.645,97.24,11185.0,,90.8165076780017,89.58146002572808,88.35427191926927,86.78210355295843,86.36146114869548,86.02918677852797,85.25848230507295,84.71127825466252,97.02391128739143,95.37037744385803,90.84931871200781,90.00455317526095,89.13239146034661,88.59008157437646,87.84767622767754,87.34900656841336,86.90915414357052,86.41446701082074,86.14179172091346,85.90836659814678,84.94513217145699,90.84931871200781,87.84767622767754,86.14179172091346,88.48348507512473,"rgba(0, 255, 255, 0.75)",2.9947171383512523,92.54119178577807,1.5690323984350873,54.08404050495848,8.331094928020292,False,True,True,False,False,10.281718929597698,0.0,0.0,0.0,0.0,0,0.956902823488654,0.8057509094058541,False,False,False,False,0.3016853378998473,0.29812122742425284,False,False,False,False,519004.0,460924.76500014646,False,False,False,False,12076.038081371567,False,False,False,False
2025-09-23 17:00:00+00:00,98.23,98.32,97.735,98.01,24929.0,,90.93467018466475,89.68718669847752,88.4469810088787,86.86761692693835,86.44569467474196,86.11278326990072,85.34071076964989,84.7920116141733,97.20818199104566,95.50811285327865,90.970931309534,90.1134112427894,89.23368493234169,88.68710168226788,87.9363586898372,87.43630394412799,86.99546932413547,86.49897544958296,86.22547536463594,85.99180706206506,85.0264780154357,90.970931309534,87.9363586898372,86.22547536463594,88.58339676971647,"rgba(0, 255, 255, 0.75)",2.989486339920708,92.66769928703184,1.7870296450693484,56.66390858233267,8.331094928020292,False,True,True,False,True,11.713139526080738,0.0,0.0,0.0,0.0,0,0.9599556218146515,0.8076483028811141,False,False,False,False,0.34282825002696177,0.3204747387256073,False,False,False,False,543933.0,462211.71437998913,False,False,False,False,12275.308808792162,False,False,False,False
2025-09-24 17:00:00+00:00,99.115,99.37,98.75,99.27,14372.0,,91.01142896632476,89.75489160366143,88.50571976323873,86.92116835635203,86.49830280089799,86.16488686771919,85.39173861893973,84.84197442532164,97.39311546024074,95.6134349518649,91.0499164539284,90.18344553596263,89.29827373518935,88.74866790385428,87.99232841518798,87.49118841714667,87.04956590433017,86.55177186555994,86.2776696485594,86.04377565362077,85.07687770740249,91.0499164539284,87.99232841518798,86.2776696485594,88.65090843149908,"rgba(0, 255, 0, 1.0)",3.0200630803022808,92.7589465003255,2.1559329479378975,60.828157107770515,5.703376695249851,False,False,True,False,True,13.967158773537076,0.0,0.0,0.0,0.0,0,0.968078108229754,0.7993283246200178,False,False,False,False,0.34282825027995206,0.33165149450277964,False,False,False,False,558305.0,463701.5327616947,False,False,False,False,12307.815648965927,False,False,False,False
2025-09-25 17:00:00+00:00,98.905,99.295,98.79,99.05,6266.0,,91.04410080810389,89.78384217895542,88.53092408541846,86.94420839229726,86.52094945980897,86.18732492259714,85.41373113152866,84.86351976709052,97.45962860147755,95.65639636363636,91.0835189758683,90.21335325960692,89.32592924363969,88.7750653743324,88.01637074270946,87.51478278619646,87.07283570576979,86.5744978646932,86.30014409710229,86.06615845412094,85.09860649023159,91.0835189758683,88.01637074270946,86.30014409710229,88.67911844690475,"rgba(0, 255, 0, 1.0)",3.050528254356363,92.79644975082044,2.049989289641575,62.76617504856078,7.5505337804964725,True,False,True,False,True,13.406171881302932,0.0,0.0,0.0,0.0,0,0.9652307477483762,0.8097116525867477,False,False,False,False,0.34210472065121533,0.3368781075769975,False,False,False,False,552039.0,465071.1058971723,False,False,False,False,12214.144088516843,False,False,False,False
2025-09-26 17:00:00+00:00,100.5,100.565,100.025,100.3,16388.0,,91.14148035082853,89.86883184542523,88.6040566995848,87.01024531713021,86.58567551474498,86.25131809123016,85.4761673862961,84.92450756520793,97.72992794866877,95.80351672573812,91.18369058771388,90.30157906215864,89.40674262773946,88.85180608950452,88.08583955763986,87.58268753488254,87.13958884842444,86.63947272533426,86.36428717688439,86.12994587910123,85.16018905301904,91.18369058771388,88.08583955763986,86.36428717688439,88.76585245110246,"rgba(0, 255, 0, 1.0)",3.0971298715806617,92.91862658770411,2.38329476591458,66.15504898013933,10.7509950220918,True,False,True,False,True,15.578511754838178,0.0,0.0,0.0,0.0,0,0.963848315581306,0.8045311036325149,False,False,False,False,0.3428282505467201,0.3398531790618588,False,False,False,False,568427.0,466673.52286000684,False,False,False,False,12278.855032880923,False,False,False,False
2025-09-29 17:00:00+00:00,99.72,99.89,99.44,99.67,18882.0,,91.24362056439232,89.95925346158998,88.6827200081142,87.08195715368275,86.65610959514933,86.32105894429765,85.54442856932991,84.99132636687665,97.92150263591233,95.93966469442732,91.28864486752904,90.39504856321597,89.49308882646983,88.93416978210043,88.16083263942664,87.65620441007327,87.21202704526381,86.71015859525687,86.43415768396393,86.19949841742807,85.22760005099308,91.28864486752904,88.16083263942664,86.43415768396393,88.85308732543083,"rgba(0, 255, 0, 1.0)",3.115715758004964,93.03544856878315,2.129382763549986,66.06596060077385,10.7509950220918,True,False,True,False,True,13.96484641391742,0.0,0.0,0.0,0.0,0,0.9592954718812841,0.8069828722002628,False,False,False,False,0.31864535669938665,0.3292492678806227,False,False,False,False,549545.0,467958.35196295247,False,False,False,False,12381.229373456412,False,False,False,False
2025-09-30 17:00:00+00:00,99.93,100.675,99.905,100.42,9245.0,,91.29663104957964,90.00591861428424,88.7231415544512,87.11861750907988,86.69207257170524,86.35663426554254,85.57917813688837,85.0252979642298,98.032914863708,96.01419377448326,91.34310535665941,90.44337795553366,89.5375735822965,88.97651753672523,88.19930470995378,87.69385442600563,87.249071737966,86.74625523063318,86.46981076594724,86.2349656471698,85.26189123778701,91.34310535665941,88.19930470995378,86.46981076594724,88.89875152631998,"rgba(0, 255, 0, 1.0)",3.1399483957421412,93.09802388967992,2.331877848772574,67.30908943115364,12.135555466463785,True,False,True,False,True,15.257745231159987,0.0,0.0,0.0,0.0,0,0.965017508580938,0.7985993135249447,False,False,False,False,0.34263482919853616,0.33594204853957943,False,False,False,False,558790.0,469366.594568178,False,False,False,False,12332.605662240034,False,False,False,False
2025-10-01 17:00:00+00:00,100.02,100.405,99.965,100.17,43857.0,,91.53578051269271,90.21848783424787,88.90865352567923,87.28781511679219,86.85824203714004,86.5211421015295,85.7401346448177,85.1828322351708,98.41885005321237,96.32444755396757,91.58851310032789,90.66292885411193,89.7407959582941,89.17054149810289,88.37628161544781,87.8673261277962,87.41996804989068,86.91301551307606,86.63463863183605,86.39901686557891,85.42083174436603,91.58851310032789,88.37628161544781,86.63463863183605,89.10037056694539,"rgba(0, 255, 0, 1.0)",3.1527809831835136,93.3651751479819,2.1583563489865205,67.17961933067406,12.292144223043252,True,False,True,False,True,14.612085426756053,0.0,0.0,0.0,0.0,0,0.9753737906772204,0.7826883611844027,False,False,False,False,0.33857865152899397,0.33726035003428667,False,False,False,False,514933.0,470073.05046634574,False,False,False,False,12821.355962050266,False,False,False,False
2025-10-02 17:00:00+00:00,100.975,101.785,100.775,101.69,11133.0,,91.60284661835234,90.27756621455288,88.95985548294831,87.3341234821014,86.90362967620864,86.56600546905047,85.78388090214233,85.22555679073642,98.54966758648084,96.41893289222588,91.6573122331483,90.72413299718811,89.79711993932595,89.22414204957514,88.4249977483924,87.91494320582815,87.4667682082588,86.95857510110848,86.67961362658525,86.44373051656885,85.46397650286127,91.6573122331483,88.4249977483924,86.67961362658525,89.15759102264519,"rgba(0, 255, 0, 1.0)",3.200637453399514,93.44380193828655,2.5764236599040156,69.5168982491073,14.774271922456194,True,False,True,False,True,17.17826980389015,0.0,0.0,0.0,0.0,0,0.9930804810360773,0.7614431082331167,False,False,False,False,0.3428282506533234,0.34004430034380506,False,False,False,False,526066.0,470941.1582110535,False,False,False,False,12795.179900623129,False,False,False,False
2025-10-03 17:00:00+00:00,101.685,101.98,101.54,101.675,22678.0,,91.74097887998282,90.39935082005177,89.06547322827925,87.4296103426033,86.99720257780972,86.65848244428113,85.87402185349173,85.313574824799,98.80942588606275,96.61242167630505,91.79894760410704,90.85028609506443,89.91325297968571,89.3346718852046,88.52549446883116,88.01315061666482,87.56326990807611,87.05250336318355,86.77232693245264,86.53589286274428,85.5528679430983,91.79894760410704,88.52549446883116,86.77232693245264,89.27498161839902,"rgba(0, 255, 0, 1.0)",3.2548249811093104,93.60481342877927,2.479453309489547,71.01488390259283,16.404867283486226,True,False,True,False,True,17.13884203792552,0.0,0.0,0.0,0.0,0,0.998119169425218,0.7620749322900986,False,False,False,False,0.34282825050174726,0.34143627542277616,False,False,False,False,503388.0,471444.2100217349,False,False,False,False,12948.40191766773,False,False,False,False
2025-10-06 17:00:00+00:00,102.355,102.59,102.185,102.375,10928.0,,91.81045974906758,90.46043785953748,89.11833328127385,87.47724847742803,87.04384844241112,86.704552685509,85.91886595899254,85.35732458932148,98.94469295420176,96.71195360139474,91.8701711836363,90.9136287213431,89.97145303277425,89.39000238505061,88.57574449815104,88.06220213497222,87.61142462442943,87.09933053631389,86.81852523650412,86.58179574393611,85.59706812597697,91.8701711836363,88.57574449815104,86.81852523650412,89.3340869616452,"rgba(0, 255, 0, 1.0)",3.3498664085229537,93.68676429588479,2.593606623240266,72.99520879083485,18.456430560496784,True,False,True,False,True,18.293848716225977,0.0,0.0,0.0,0.0,0,0.9927024390243899,0.7779512195121943,False,False,False,False,0.3428282506273483,0.3421322630250622,False,False,False,False,514316.0,472108.88893612655,False,False,False,False,12917.077856928696,False,False,False,False
2025-10-07 17:00:00+00:00,102.92,103.18,102.735,102.96,12374.0,,91.89226670426577,90.53216024662335,89.18025616651406,87.53289172245381,87.09829337081956,86.75829537640644,85.97111377358881,85.40825729768123,99.1096352533787,96.83160452642088,91.95401876888207,90.98807192506722,90.0397245103341,89.4548380920972,88.63455674565681,88.11955534459373,87.6676826077863,87.15399160406648,86.87242788046098,86.63533227789027,85.64854227696323,91.95401876888207,88.63455674565681,86.87242788046098,89.40376295871349,"rgba(0, 255, 0, 1.0)",3.441143571703532,93.7843556782754,2.6664520472716586,75.05499172124452,20.537378895890868,True,False,True,False,True,19.242985138079778,0.0,0.0,0.0,0.0,0,0.9848424570337362,0.765197326543602,False,False,False,False,0.3428282507346504,0.3424802568798563,False,False,False,False,526690.0,472955.1077123106,False,False,False,False,12908.658045193366,False,False,False,False
2025-10-08 17:00:00+00:00,103.365,103.37,102.92,103.03,5216.0,103.10666666666668,91.92684952114398,90.5625052334131,89.20647198647441,87.55645170293738,87.1213456397959,86.7810496035834,85.99323334625188,85.4298194193291,99.17769648298079,96.88186661773143,91.98945555401907,91.01956235879628,90.06861630965129,89.48228113210985,88.65945919651121,88.14383963205083,87.69150244982625,87.17713529951519,86.89525021855812,86.65799887706245,85.67033394324702,91.98945555401907,88.65945919651121,86.89525021855812,90.30496189145397,"rgba(0, 255, 0, 1.0)",3.501307610304667,94.62649278983523,2.4001053736131293,76.51700077488113,22.047437416368,True,False,True,False,True,19.356702669356242,0.0,0.0,0.0,0.0,0,0.9802067473355234,0.7599166599887802,False,False,False,False,0.3428282507686306,0.3426542538242434,False,False,False,False,531906.0,473869.0750346004,False,False,False,False,12789.392028988817,False,False,False,False
2025-10-09 17:00:00+00:00,102.395,102.605,101.935,102.21,10339.0,102.5372628308154,91.9895673406332,90.61814508144116,89.25496093819756,87.60038040101547,87.16440522734214,86.82360874831795,86.0347233930404,85.47034053097256,99.27800800440434,96.96576348117019,92.0536741759266,91.07711070243661,90.12177067946092,89.53295319847182,88.70565570751363,88.1890007381128,87.73588901621478,87.22035570543696,86.9379183274464,86.70041367214863,85.71125401490983,92.0536741759266,88.70565570751363,86.9379183274464,90.32707836847734,"rgba(0, 255, 0, 1.0)",3.552275092574993,94.65836221793126,2.125859508418495,73.67083570057429,22.047437416368,True,False,True,False,False,17.111116666577818,0.0,0.0,0.0,0.0,0,0.9676936156430911,0.7712643212825382,False,False,False,False,0.3112410747639558,0.3269476642940996,False,False,False,False,521567.0,474608.57774724223,False,False,False,False,12751.401454895966,False,False,False,False
2025-10-10 17:00:00+00:00,101.655,101.8,100.745,100.85,8312.0,102.0477452828871,92.03400340120938,90.65822997335417,89.2903504602791,87.63282520415498,87.19629234050386,86.85518642638357,86.0656359976447,85.50061425973097,99.32542026827012,97.01745697059448,92.09912351998237,91.11836228030427,90.1602592421247,89.56984319690208,88.73952030914268,88.22222766089335,87.76864319560949,87.25235114556132,86.9695568073514,86.73190549531682,85.7417907586113,92.09912351998237,88.73952030914268,86.9695568073514,90.33774695892349,"rgba(0, 255, 255, 0.75)",3.5694973565438692,94.67170264215937,1.7308592052923373,66.96693652774238,22.048238972097735,True,False,True,False,False,13.544807300809328,0.0,0.0,0.0,0.0,0,0.9582378712970777,0.773503758189637,False,False,False,False,0.275947925281002,0.3014477947875508,False,False,False,False,513255.0,475207.7470844943,False,False,False,False,12682.573525362695,False,False,False,False
2025-10-13 17:00:00+00:00,100.85,101.62,100.85,101.36,6943.0,101.87398355512279,92.07137732444741,90.69193958904309,89.32011001702396,87.66009710449386,87.22309219097372,86.88172338163766,86.09160795504668,85.52604603539102,99.36623657533782,97.06115069309514,92.13734376377705,91.1530563080424,90.19262518400724,89.60086215902108,88.7679955262708,88.25016184017522,87.79617572633846,87.2792423212216,86.99614594076519,86.75836922697282,85.76744495196387,92.13734376377705,88.7679955262708,86.99614594076519,90.35866481914069,"rgba(0, 255, 255, 0.75)",3.6125944272075077,94.69792346762954,1.8441252309410687,63.7691678108995,19.31045536294414,False,False,True,False,False,14.441995830031438,0.0,0.0,0.0,0.0,0,0.9700376046257732,0.7690752496866272,False,False,False,False,0.2746346041053034,0.2880411994464271,False,False,False,False,520198.0,475905.2703855098,False,False,False,False,12593.58788931056,False,False,False,False
2025-10-14 17:00:00+00:00,102.34,102.725,102.27,102.61,4545.0,101.9589593645406,92.09900168799803,90.71650037651828,89.34155302593496,87.67953511024652,87.24214650947744,86.90055598747502,86.10996653246907,85.54397621391864,99.40904128487179,97.09766498126241,92.16561252928126,91.17844654599853,90.21610432986711,89.62325760770689,88.7884340390606,88.27014351245292,87.81581497246738,87.29836742642188,87.0150271563272,86.77713768154831,85.78555158946358,92.16561252928126,88.7884340390606,87.0150271563272,90.3851635330963,"rgba(0, 255, 0, 1.0)",3.6883266708123656,94.73273009188097,2.135729996601423,64.26109121445876,19.31045536294414,False,False,True,False,False,16.575217530228493,0.0,0.0,0.0,0.0,0,0.9701775625504437,0.7665052461662621,False,False,False,False,0.3193937434544437,0.3037174714504354,False,False,False,False,524743.0,476662.44448806,False,False,False,False,12468.803580949156,False,False,False,False
2025-10-15 17:00:00+00:00,100.63,100.705,100.21,100.28,27143.0,101.28117651764856,92.2278217254367,90.83494466088608,89.44767041212802,87.77802496407477,87.33919806361658,86.99684619217108,86.20460507847241,85.63690693194569,99.48289223748314,97.22411832041135,92.29714830757975,91.29966042519443,90.33048279947293,89.73353811687821,88.89046423248806,88.37061979133281,87.91515201133427,87.39571493189298,87.11144517464993,86.87322783181098,85.87918549804037,92.29714830757975,88.89046423248806,87.11144517464993,90.45173758974815,"rgba(38, 166, 154, 1.0)",3.695131231744683,94.80661373846235,1.481242726784931,58.518258228850954,14.607267668887033,False,True,True,False,False,10.824828636507487,0.0,0.0,0.0,0.0,0,0.9634204275534439,0.7644101346001575,False,False,False,False,0.24760517180957767,0.2756613216300065,False,False,False,False,497600.0,476987.05775181105,False,False,False,False,12696.31050217475,False,False,False,False
2025-10-16 17:00:00+00:00,98.65,98.65,97.87,98.21,9007.0,100.89852001025568,92.25864679220079,90.86489785375572,89.47559378143934,87.80484783277616,87.36582518363039,87.02340644428315,86.23100696183515,85.66302367877408,99.45292863743677,97.2369130208551,92.32850749414764,91.32982156739249,90.35986882515616,89.76234175722323,88.91766009066865,88.39768641784335,87.94213894464473,87.42239836864378,87.13799422115675,86.89978214008987,85.90541948535976,92.32850749414764,88.91766009066865,87.13799422115675,90.45553931727174,"rgba(38, 166, 154, 0.5)",3.686842474588189,95.2633373285029,0.7992374753755187,51.26993134619348,8.112719068603404,False,True,False,False,False,6.202336992563573,0.0,0.0,0.0,0.0,0,0.9653087205601525,0.7666295353278157,False,False,False,False,0.15270378434987011,0.21418255298993832,False,False,False,False,488593.0,477166.9948409302,False,False,False,False,12639.111889737933,False,False,False,False
2025-10-17 17:00:00+00:00,98.41,98.905,98.12,98.79,7074.0,100.69204804506717,92.2840855710878,90.88939830349834,89.49830001834131,87.82654457936388,87.38733913409055,87.04484836695735,86.25228353408681,85.68404725130128,99.43713059754236,97.2502698082341,92.35439755909827,91.35455634467559,90.38384751705985,89.78578636793911,88.93973285196962,88.41961748831382,87.96397619682465,87.44396075847237,87.15943311107978,86.92121297166456,85.92654713897645,92.35439755909827,88.93973285196962,87.15943311107978,90.46443845626837,"rgba(38, 166, 154, 0.5)",3.6825949000933154,95.27634746869757,0.9541240963575457,47.79361832825608,5.192743944282611,False,True,False,True,False,7.245690986226506,0.0,0.0,0.0,0.0,0,0.9584394582575295,0.7730745906610057,False,False,False,False,0.1621594049639239,0.1881709789769311,False,False,False,False,495667.0,477453.8166263422,False,False,False,False,12552.83108524587,False,False,False,False
2025-10-20 17:00:00+00:00,98.88,99.555,98.88,99.21,7258.0,100.56715534482024,92.31247338954702,90.91635003796367,89.52303243154209,87.84996999133162,87.41052292223114,87.06792216719487,86.27511186846947,85.70656178546673,99.4329640091556,97.26975543688674,92.38331075753193,91.38188076771289,90.41012012963499,89.8113667940631,88.963698162329,88.44336302502042,87.98756775307521,87.46720216526458,87.18251437160619,86.94426356231692,85.94919084697104,92.38331075753193,88.963698162329,87.18251437160619,90.4800272543849,"rgba(38, 166, 154, 1.0)",3.666523142562994,95.30443105499654,1.0651968617531646,46.458135868607116,4.050900957872102,False,True,False,True,False,7.99653629532321,0.0,0.0,0.0,0.0,0,0.9564936115154453,0.7690845867701753,False,False,False,False,0.18871875136810404,0.18844486517251757,False,False,False,False,502925.0,477848.7186941508,False,False,False,False,12470.740680823455,False,False,False,False
2025-10-21 17:00:00+00:00,99.6,99.895,99.405,99.405,8141.0,100.48063073272468,92.34565523473447,90.94765213725272,89.55163027539147,87.8769442374862,87.43719445051507,87.09444901477997,86.3013185606241,85.73238464434601,99.43575340899699,97.29504416437037,92.4171152714391,91.41367661598262,90.44057877766431,89.84096656712062,88.99136833019713,88.4707430243795,88.01474105257576,87.49394291686946,87.20905588962903,86.97075735601071,85.9751717591925,92.4171152714391,88.99136833019713,87.20905588962903,90.50146090093722,"rgba(38, 166, 154, 1.0)",3.654142167729247,95.33853775679155,1.1128363529806025,46.04286248834174,3.4973735749352812,False,True,False,True,False,8.34647815725408,0.0,0.0,0.0,0.0,0,0.9543288644806974,0.7679696333387167,False,False,False,False,0.20514110990084966,0.19679298753668362,False,False,False,False,511066.0,478363.7153035438,False,False,False,False,12403.612918330069,False,False,False,False
2025-10-22 17:00:00+00:00,99.81,100.075,99.52,99.955,7427.0,100.43444272964842,92.37683350152756,90.97693860188811,89.57830795176396,87.90203489090612,87.4619874938302,87.11909557245284,86.32564252047004,85.75633682959328,99.44339698822473,97.32043339488084,92.44888251448506,91.44346366155705,90.46904191297676,89.86859148942703,89.01715494081809,88.4962353893931,88.04002179769586,87.51880219851863,87.23372014530267,86.99536896738196,85.99927707040969,92.44888251448506,89.01715494081809,87.23372014530267,90.52351983315744,"rgba(38, 166, 154, 1.0)",3.6328201476566657,95.37117161363426,1.261782361926867,47.12577522487492,3.4973735749352812,False,True,False,True,False,9.33353974896658,0.0,0.0,0.0,0.0,0,0.9593562022435373,0.7604860998211666,False,False,False,False,0.20535161891948295,0.20107230322808328,False,False,False,False,518493.0,478985.87475620204,False,False,False,False,12326.456128898595,False,False,False,False
2025-10-23 17:00:00+00:00,99.8,100.21,99.755,99.92,15804.0,100.37069546707163,92.44330204648207,91.03939706976621,89.63523040202762,87.95557290946844,87.51488928855994,87.17168284422387,86.37753717868918,85.80743715049843,99.46297738376133,97.37512728742625,92.51659126904923,91.50698578799421,90.52975372670042,89.92752236109737,89.07218247678696,88.55063237458972,88.09396445578976,87.57184510553896,87.28634622837517,87.04788076702867,86.05070462690053,92.51659126904923,89.07218247678696,87.28634622837517,90.57250582152135,"rgba(38, 166, 154, 1.0)",3.5956178596713695,95.4349329968345,1.2473703208203057,47.76060026531563,3.4973735749352812,False,True,False,True,False,9.252521409563204,0.0,0.0,0.0,0.0,0,0.9570322054626984,0.7642478597635541,False,False,False,False,0.208390303867127,0.20473130354760516,False,False,False,False,502689.0,479353.3650700594,False,False,False,False,12380.37153775288,False,False,False,False
2025-10-24 17:00:00+00:00,100.15,100.315,100.045,100.09,5588.0,100.36065249965388,92.46710792692276,91.06173570898157,89.65557241186944,87.9746845445907,87.53376879148539,87.19044609532064,86.39604485411482,85.82565664839031,99.47203393795569,97.39529683967626,92.5408389420772,91.5297151912237,90.55145980963376,89.94858288829855,89.09184122558247,88.57005823157702,88.11322177359995,87.5907754775143,87.30512477476681,87.06661562439045,86.06904286852034,92.5408389420772,89.09184122558247,87.30512477476681,90.59077887746176,"rgba(38, 166, 154, 1.0)",3.5594776960199304,95.4578859549502,1.301346557173052,48.66219486346951,3.4973735749352812,False,True,False,False,False,9.5640902043422,0.0,0.0,0.0,0.0,0,0.9546086529811072,0.7674000163572414,False,False,False,False,0.21619710967121872,0.21046420660941195,False,False,False,False,508277.0,479801.79351858556,False,False,False,False,12275.063451896247,False,False,False,False
2025-10-27 17:00:00+00:00,99.955,100.165,99.735,100.04,7972.0,100.33744698667114,92.50007074192709,91.09282310261467,89.68398913423133,88.00146703566395,87.56024376099884,87.21677065849072,86.42203720709752,85.8512615976299,99.48141054970641,97.42182422620289,92.57439900384615,91.56130003482042,90.58171186706493,89.97798047364994,89.11933718570643,88.59725415475572,88.1402020541665,87.6173194396666,87.33146677125873,87.09290466743062,86.09480744933295,92.57439900384615,89.11933718570643,87.33146677125873,90.61559795279854,"rgba(38, 166, 154, 1.0)",3.5405613045598,95.48606530903822,1.2862182855291573,49.107984043507535,3.4973735749352812,False,True,False,False,False,9.44399141977907,0.0,0.0,0.0,0.0,0,0.9535764260432955,0.7696929788459947,False,False,False,False,0.20534753702931802,0.20790587181936498,False,False,False,False,500305.0,480119.6726888401,False,False,False,False,12208.349289851343,False,False,False,False
2025-10-28 17:00:00+00:00,99.69,99.75,98.26,98.405,31071.0,100.04323875432524,92.60607455728587,91.19619638107675,89.78079571048005,88.09459311162952,87.65270290652998,87.30899396743064,86.51370252059283,85.94195297361938,99.43601250547228,97.47502467737444,92.68205715972054,91.6653099361236,90.68327744636653,90.07766300498632,89.21373851638982,88.69120966703515,88.23387684004784,87.70996788382008,87.4236573274679,87.18510339001807,86.18589990184593,92.68205715972054,89.21373851638982,87.4236573274679,90.68365981320868,"rgba(38, 166, 154, 0.5)",3.4597938711179643,95.52168115080299,0.8333787955596681,45.180372005609996,0.8735344371040625,False,True,False,True,False,5.623359504035445,0.0,0.0,0.0,0.0,0,0.936011419249592,0.7719820554649257,False,False,False,False,0.16616308766539184,0.1870344797423784,False,False,False,False,469234.0,479950.90256963327,False,False,False,False,12500.79348690791,False,False,False,False
2025-10-29 17:00:00+00:00,98.235,98.29,97.52,97.755,5374.0,99.97291213654357,92.62129380021673,91.21159792562429,89.79559045751856,88.10912321986704,87.66719139364236,87.32349025127235,86.52820458893292,85.95636120190865,99.41787021496795,97.47753573233612,92.6974706550416,91.6806436851392,90.69856507765752,90.09282411088601,89.22828094217645,88.70577495775983,88.24847099680419,87.72447804799069,87.43813400051634,87.19961120596321,86.20034671494737,92.6974706550416,89.22828094217645,87.43813400051634,90.69195317004285,"rgba(38, 166, 154, 0.5)",3.397725309567276,95.52006516042024,0.6577738445443623,41.295043365942014,-2.9496682876732976,False,True,False,True,False,4.170251171911378,0.0,0.0,0.0,0.0,0,0.9283537840731283,0.7923495017705666,False,False,False,False,0.12130866164997478,0.1541715706961766,False,False,False,False,463860.0,479701.4312119645,False,False,False,False,12390.300564630268,False,False,False,False
2025-10-30 17:00:00+00:00,99.33,99.725,98.955,99.48,13089.0,99.93035395972335,92.6687362332491,91.25739403288964,89.83820423753964,88.14986616347436,87.70758777564055,87.36374226300751,86.56812679843897,85.99580738414188,99.41702182006776,97.50777774819433,92.74566607620709,91.72686113689844,90.74343976540062,90.13674255429581,89.2697492886049,88.74696405831,88.28947019028529,87.76496335990335,87.47838590420353,87.23983782602183,86.23998907549642,92.74566607620709,89.2697492886049,87.47838590420353,90.72754455961781,"rgba(38, 166, 154, 1.0)",3.3721871935678776,95.55199570273382,1.1648239174736428,43.87083551335387,-2.9496682876732976,False,True,False,True,True,7.466398969828408,0.0,0.0,0.0,0.0,0,0.9441338485570993,0.7800295979610284,False,False,False,False,0.17994772879964027,0.16705964974790843,False,False,False,False,476949.0,479658.75785984105,False,False,False,False,12401.133114015845,False,False,False,False
2025-10-31 17:00:00+00:00,99.1,99.88,99.075,99.555,14201.0,99.89917660647939,92.72034326218134,91.30720880623807,89.8845718074145,88.19419434292409,87.75153698028348,87.40753206828118,86.61155290570633,86.03871413428168,99.41949496376174,97.54149488769832,92.79808153705125,91.77713635147562,90.79225562003768,90.18452019402004,89.31487385076228,88.79178073827963,88.33407659331984,87.80900921185729,87.52217672186649,87.28359900156902,86.28310990955026,92.79808153705125,89.31487385076228,87.52217672186649,90.76723082256038,"rgba(38, 166, 154, 1.0)",3.345010997974636,95.5886166088747,1.185760941750835,45.77962009949185,-2.9496682876732976,False,True,False,True,True,7.6055419333873395,0.0,0.0,0.0,0.0,0,0.9452127877867608,0.7743669717240521,False,False,False,False,0.17746812522723374,0.1722638874875711,False,False,False,False,491150.0,479836.91665271175,False,False,False,False,12429.03802697684,False,False,False,False
