date,Open,High,Low,Close,Volume,aVWAP_peak_390,aVWAP_peak_325,aVWAP_peak_286,aVWAP_peak_235,aVWAP_peak_186,aVWAP_peak_111,aVWAP_peak_63,aVWAP_peak_37,aVWAP_peak_17,aVWAP_valley_414,aVWAP_valley_340,aVWAP_valley_301,aVWAP_valley_275,aVWAP_valley_231,aVWAP_valley_151,aVWAP_valley_127,aVWAP_valley_50,aVWAP_OB_bull_414,Peaks_Valleys_avg,color,StDev,StDev_Mean,StdDev_ZScore,QQEMOD,QQE1_Value,QQE1_Above_Upper,QQE1_Below_Lower,QQE2_Above_Threshold,QQE2_Below_Threshold,QQE2_Above_TL,banker_RSI,OB,OB_High,OB_Low,OB_Mitigated_Index,TTM_squeeze_Active,VI_plus,VI_minus,VI_Regular_Bullish,VI_Regular_Bearish,VI_Hidden_Bullish,VI_Hidden_Bearish,Fisher,Fisher_Signal,Fisher_Regular_Bullish,Fisher_Regular_Bearish,Fisher_Hidden_Bullish,Fisher_Hidden_Bearish,OBV,OBV_Smoothed,OBV_Regular_Bullish,OBV_Regular_Bearish,OBV_Hidden_Bullish,OBV_Hidden_Bearish,Volume_MA,Vol_Regular_Bullish,Vol_Regular_Bearish,Vol_Hidden_Bullish,Vol_Hidden_Bearish
2024-02-12 17:00:00+00:00,4.245,4.32,4.205,4.3,50592.0,,,,,,,,,,,,,,,,,,,,#000000,,,,,,False,False,False,False,False,,0.0,0.0,0.0,0.0,0,,,False,False,False,False,,,False,False,False,False,0.0,0.0,False,False,False,False,50592.0,False,False,False,False
2024-02-13 17:00:00+00:00,4.085,4.135,4.055,4.07,15276.0,,,,,,,,,,,,,,,,,,,,#000000,,,,0.0,,False,False,False,True,False,,0.0,0.0,0.0,0.0,0,,,False,False,False,False,,,False,False,False,False,-15276.0,-236.8372093023256,False,False,False,False,50044.46511627907,False,False,False,False
2024-02-14 17:00:00+00:00,4.12,4.235,4.095,4.23,14145.0,,,,,,,,,,,,,,,,,,,,#000000,,,,14.634146341463438,-71.95121951219515,False,False,False,True,True,,0.0,0.0,0.0,0.0,0,,,False,False,False,False,,,False,False,False,False,-1131.0,-250.7001983053903,False,False,False,False,49487.884261763116,False,False,False,False
2024-02-15 17:00:00+00:00,4.235,4.29,4.215,4.275,27694.0,,,,,,,,,,,,,,,,,,,,#000000,,,,26.670937781822225,-59.654692581725904,False,False,False,True,True,,0.0,0.0,0.0,0.0,0,,,False,False,False,False,,,False,False,False,False,26563.0,165.0160838388793,False,False,False,False,49149.99458328617,False,False,False,False
2024-02-16 17:00:00+00:00,4.295,4.405,4.285,4.325,35000.0,,,,,,,,,,,,,,,,,,,,#000000,,,,36.86747598452796,-48.858552271078125,False,False,False,True,True,,0.0,0.0,0.0,0.0,0,,,False,False,False,False,,,False,False,False,False,61563.0,1116.9228112212222,False,False,False,False,48930.61482230498,False,False,False,False
2024-02-19 17:00:00+00:00,4.325,4.325,4.325,4.325,0.0,,,,,,,,,,,,,,,,,,,,#000000,,,,43.66516811966511,-40.927842870147536,False,False,False,True,True,,0.0,0.0,0.0,0.0,0,,,False,False,False,False,,,False,False,False,False,61563.0,2054.07129476818,False,False,False,False,48172.00063901343,False,False,False,False
2024-02-20 17:00:00+00:00,3.985,4.06,3.975,4.035,22959.0,,,,,,,,,,,,,,,,,,,,#000000,,,,38.79348687583165,-40.927842870147536,False,False,False,True,True,,0.0,0.0,0.0,0.0,0,,,False,False,False,False,,,False,False,False,False,38604.0,2620.7368560896034,False,False,False,False,47781.10140430004,False,False,False,False
2024-02-21 17:00:00+00:00,4.085,4.125,4.06,4.065,23151.0,,,,,,,,,,,,,,,,,,,,#000000,,,,36.8281691841094,-40.927842870147536,False,False,False,True,True,,0.0,0.0,0.0,0.0,0,,,False,False,False,False,,,False,False,False,False,61755.0,3537.54713739054,False,False,False,False,47399.23936702406,False,False,False,False
2024-02-22 17:00:00+00:00,3.985,3.995,3.945,3.985,19178.0,,,,,,,,,,,,,,,,,,,,#000000,,3.974999999999999,,33.983625310719,-40.927842870147536,False,False,False,True,True,,0.0,0.0,0.0,0.0,0,,,False,False,False,False,,,False,False,False,False,42577.0,4142.809972469757,False,False,False,False,46961.70077218648,False,False,False,False
2024-02-23 17:00:00+00:00,3.965,4.08,3.96,4.06,83459.0,,,,,,,,,,,,,,,,,,,,#000000,,4.0224335928239,,35.160899130711734,-40.806683338526064,False,False,False,True,True,,0.0,0.0,0.0,0.0,0,,,False,False,False,False,,,False,False,False,False,126036.0,6032.626872121388,False,False,False,False,47527.55037261769,False,False,False,False
2024-02-26 17:00:00+00:00,4.095,4.145,4.025,4.055,24987.0,,,,,,,,,,,,,,,,,,,,#000000,,4.032725362523245,,35.82629367665617,-37.56078668649272,False,False,False,True,True,,0.0,0.0,0.0,0.0,0,,,False,False,False,False,,,False,False,False,False,101049.0,7505.748936119506,False,False,False,False,47178.084475367796,False,False,False,False
2024-02-27 17:00:00+00:00,4.105,4.23,4.1,4.175,24558.0,,,,,,,,,,,,,,,,,,,,#000000,,4.054608768886378,,40.56487369319284,-30.70906010918687,False,False,False,True,True,,0.0,0.0,0.0,0.0,0,,,False,False,False,False,,,False,False,False,False,125607.0,9336.776084396723,False,False,False,False,46827.38549125357,False,False,False,False
2024-02-28 17:00:00+00:00,4.505,4.745,4.48,4.74,45336.0,,,,,,,,,,,,,,,,,,,,#000000,,4.19241563638082,,52.39368245987055,-17.859761068189464,False,False,True,False,True,,0.0,0.0,0.0,0.0,0,,,False,False,False,False,,,False,False,False,False,170943.0,11842.298935801424,False,False,False,False,46804.263235575214,False,False,False,False
2024-02-29 17:00:00+00:00,4.94,5.015,4.845,4.94,46088.0,,,,,,,,,,,,,,,,,,,,#000000,,4.3325904055455675,,61.6504144179095,-8.065450789267402,False,False,True,False,True,,0.0,0.0,0.0,0.0,0,,,False,False,False,False,,,False,False,False,False,217031.0,15023.519107339385,False,False,False,False,46793.15837920971,False,False,False,False
2024-03-01 17:00:00+00:00,5.055,5.075,4.94,4.995,21962.0,,,,,,,,,,,,,,,,,,,,#000000,,4.388059649505966,,68.15512763065534,-1.0785241641438716,False,False,True,False,True,,0.0,0.0,0.0,0.0,0,,,False,False,False,False,,,False,False,False,False,238993.0,18495.914159938773,False,False,False,False,46408.17917953204,False,False,False,False
2024-03-04 17:00:00+00:00,4.93,4.995,4.855,4.905,11309.0,,,,,,,,,,,,,,,,,,,,#000000,,4.409718599474377,,70.19256514308117,1.8331322527530531,False,False,True,False,True,,0.0,0.0,0.0,0.0,0,,,False,False,False,False,,,False,False,False,False,227684.0,21739.140296993985,False,False,False,False,45864.00585891914,False,False,False,False
2024-03-05 17:00:00+00:00,4.855,4.945,4.75,4.77,25806.0,,,,,,,,,,,,,,,,,,,,#000000,,4.444840267430503,,68.44612327578315,1.8331322527530531,False,False,True,False,True,,0.0,0.0,0.0,0.0,0,,,False,False,False,False,,,False,False,False,False,201878.0,24531.990835025084,False,False,False,False,45553.029023897136,False,False,False,False
2024-03-06 17:00:00+00:00,5.225,5.335,5.2,5.325,47386.0,,,,,,,,,5.286666666666666,,,,,,,,,,5.286666666666666,#000000,,4.922729071506856,,71.57044383490913,5.423729368673264,False,False,True,False,True,,0.0,0.0,0.0,0.0,0,,,False,False,False,False,,,False,False,False,False,249264.0,28016.208031381284,False,False,False,False,45581.447178565395,False,False,False,False
2024-03-07 17:00:00+00:00,5.265,5.28,5.08,5.105,28379.0,,,,,,,,,5.237348797817814,,,,,,,,,,5.237348797817814,#000000,,4.920424333290029,,70.00416236663882,5.423729368673264,False,False,True,False,True,,0.0,0.0,0.0,0.0,0,,,False,False,False,False,,,False,False,False,False,220885.0,31006.421860352115,False,False,False,False,45314.742571145776,False,False,False,False
2024-03-08 17:00:00+00:00,5.035,5.055,4.935,5.015,9897.0,,,,,,,,,5.210119150459558,,,,,,,,,,5.210119150459558,#000000,,4.911883164220669,,67.60454876027426,5.423729368673264,False,False,True,False,True,,0.0,0.0,0.0,0.0,0,,,False,False,False,False,,,False,False,False,False,210988.0,33796.8339245327,False,False,False,False,44765.630283221035,False,False,False,False
2024-03-11 17:00:00+00:00,5.105,5.17,5.07,5.12,10245.0,,,,,,,,,5.200492421477751,,,,,,,,,,5.200492421477751,#000000,,4.913577219210405,,66.92116833321066,5.423729368673264,False,False,True,False,True,,0.0,0.0,0.0,0.0,0,,,False,False,False,False,,,False,False,False,False,221233.0,36702.820995470174,False,False,False,False,44230.42671293854,False,False,False,False
2024-03-12 17:00:00+00:00,4.985,5.03,4.935,5.0,6628.0,,,,,,,,,5.186778173306676,,,,,,,,,,5.186778173306676,#000000,,4.909677956677211,,64.569280007112,5.423729368673264,False,False,True,False,True,,0.0,0.0,0.0,0.0,0,,,False,False,False,False,,,False,False,False,False,214605.0,39460.99431336986,False,False,False,False,43647.44335304802,False,False,False,False
2024-03-13 17:00:00+00:00,5.125,5.14,5.03,5.07,9138.0,,,,,,,,,5.178040708138942,,,,,,,,,,5.178040708138942,#000000,,4.910242837473437,,63.722193054157664,5.423729368673264,False,False,True,False,False,,0.0,0.0,0.0,0.0,0,,,False,False,False,False,,,False,False,False,False,223743.0,42318.079672852495,False,False,False,False,43112.41322354339,False,False,False,False
2024-03-14 17:00:00+00:00,5.065,5.1,4.985,5.06,17718.0,,,,,,,,,5.160279385737803,,,,,,,,,,5.160279385737803,#000000,,4.909684280910147,,62.979960391715586,5.423729368673264,False,False,True,False,False,,0.0,0.0,0.0,0.0,0,,,False,False,False,False,,,False,False,False,False,206025.0,44856.17146087028,False,False,False,False,42718.70139062024,False,False,False,False
2024-03-15 17:00:00+00:00,4.975,5.07,4.965,5.015,13243.0,,,,,,,,,5.146945515561975,,,,,,,,,,5.146945515561975,#000000,,4.908334230993702,,61.63132808481966,5.423729368673264,False,False,True,False,False,,0.0,0.0,0.0,0.0,0,,,False,False,False,False,,,False,False,False,False,192782.0,47149.59515915136,False,False,False,False,42261.71377216101,False,False,False,False
2024-03-18 17:00:00+00:00,4.77,4.77,4.645,4.735,31327.0,,,,,,,,,5.0694606453937,,,,,,,,,,5.0694606453937,#000000,,4.819645197484706,,56.29752311343699,5.423729368673264,False,False,True,False,False,,0.0,0.0,0.0,0.0,0,,,False,False,False,False,,,False,False,False,False,161455.0,48921.77197838932,False,False,False,False,42092.183326080994,False,False,False,False
2024-03-19 17:00:00+00:00,5.015,5.03,4.955,5.015,20957.0,,,,,,,,,5.061992444686141,,,,,,,,,,5.061992444686141,#000000,,4.859605315087152,,56.41216603521276,5.423729368673264,False,False,True,False,False,,0.0,0.0,0.0,0.0,0,,,False,False,False,False,,,False,False,False,False,182412.0,50991.38791670887,False,False,False,False,41764.50606521152,False,False,False,False
2024-03-20 17:00:00+00:00,4.945,5.095,4.93,5.08,24814.0,,,,,,,,,5.058944229030516,,,,,,,,,,5.058944229030516,#000000,,4.88607346230416,,57.21464240682515,5.423729368673264,False,False,True,False,False,,0.0,0.0,0.0,0.0,0,,,False,False,False,False,,,False,False,False,False,207226.0,53413.629964511834,False,False,False,False,41501.70752156483,False,False,False,False
2024-03-21 17:00:00+00:00,5.295,5.295,5.03,5.145,23285.0,,,,,,,,,5.068307635542644,,,,,,,,,,5.068307635542644,#000000,,4.915789445635568,,58.483900225997196,5.423729368673264,False,False,True,False,False,,0.0,0.0,0.0,0.0,0,,,False,False,False,False,,,False,False,False,False,230511.0,56159.325623976765,False,False,False,False,41219.27794758708,False,False,False,False
2024-03-22 17:00:00+00:00,5.075,5.105,4.97,5.01,14675.0,,,,,,,,,5.066031185808382,,,,,,,,,,5.066031185808382,#000000,,4.9207513744466205,,57.07020715142259,5.423729368673264,False,False,True,False,False,,0.0,0.0,0.0,0.0,0,,,False,False,False,False,,,False,False,False,False,215836.0,58634.93297864379,False,False,False,False,40807.73875460123,False,False,False,False
2024-03-25 17:00:00+00:00,5.03,5.03,4.95,4.99,32082.0,,,,,,,,,5.0576134792401435,,,,,,,,,,5.0576134792401435,#000000,,4.924393885420172,,55.79903279648183,5.423729368673264,False,False,True,False,False,,0.0,0.0,0.0,0.0,0,,,False,False,False,False,,,False,False,False,False,183754.0,60574.76347509892,False,False,False,False,40672.455983212065,False,False,False,False
2024-03-26 17:00:00+00:00,4.955,4.955,4.885,4.885,6754.0,,,,,,,,,5.054213334547384,,,,,,,,,,5.054213334547384,#000000,,4.922958851902582,,53.230251477755715,8.682615130440944,False,False,True,False,False,,0.0,0.0,0.0,0.0,0,,,False,False,False,False,,,False,False,False,False,177000.0,62379.805901841566,False,False,False,False,40146.58844858862,False,False,False,False
2024-03-27 17:00:00+00:00,5.05,5.13,5.03,5.115,19739.0,,,,,,,,,5.056550888964072,,,,,,,,,,5.056550888964072,#000000,,4.932084532633851,,54.854737393725,8.682615130440944,False,False,True,False,False,,0.0,0.0,0.0,0.0,1,,,False,False,False,False,,,False,False,False,False,196739.0,64462.89418243317,False,False,False,False,39830.191728455466,False,False,False,False
2024-03-28 17:00:00+00:00,5.285,5.415,5.265,5.395,30875.0,,,,,,,,,5.083391585191843,,,,,,,,,,5.083391585191843,#000000,,4.969472428457838,,58.85577324556508,3.551210160596618,False,False,True,False,True,,0.0,0.0,0.0,0.0,0,,,False,False,False,False,,,False,False,False,False,227614.0,66992.36869123265,False,False,False,False,39691.35154661894,False,False,False,False
2024-03-29 17:00:00+00:00,5.395,5.395,5.395,5.395,0.0,,,,,,,,,5.083391585191843,,,,,,,,,,5.083391585191843,#000000,,4.969472428457838,,61.52313048012513,6.126682715720783,False,False,True,False,True,,0.0,0.0,0.0,0.0,0,,,False,False,False,False,,,False,False,False,False,227614.0,69482.62654098097,False,False,False,False,39075.98175519849,False,False,False,False
2024-04-01 17:00:00+00:00,5.62,5.665,5.535,5.605,22277.0,,,,,,,,,5.114645023672308,,,,,,,,,,5.114645023672308,#000000,,5.0073238640786215,,65.12982451688761,9.529759064544223,False,False,True,False,True,,0.0,0.0,0.0,0.0,0,,,False,False,False,False,,,False,False,False,False,249891.0,72279.65558685723,False,False,False,False,38815.53242566052,False,False,False,False
2024-04-02 17:00:00+00:00,5.605,5.625,5.525,5.59,13748.0,,,,,,,,,5.131341921407638,,,,,,,,,,5.131341921407638,#000000,,5.02726745855983,,67.21777679401767,11.502603411774025,False,False,True,False,True,,0.0,0.0,0.0,0.0,0,,,False,False,False,False,,,False,False,False,False,236143.0,74820.17255450286,False,False,False,False,38426.888512084384,False,False,False,False
2024-04-03 17:00:00+00:00,5.585,5.68,5.545,5.665,15648.0,,,,,,,,5.63,5.150907388137358,,,,,,,,,,5.390453694068679,#000000,,5.195068382358388,,69.26534521552153,13.500352851281093,False,False,True,False,True,,0.0,0.0,0.0,0.0,0,,,False,False,False,False,,,False,False,False,False,251791.0,77563.90631334778,False,False,False,False,38073.727449881524,False,False,False,False
2024-04-04 17:00:00+00:00,5.495,5.51,5.255,5.265,6366.0,,,,,,,,5.547101844280912,5.153930687766702,,,,,,,,,,5.350516266023807,#000000,,5.1773703316414075,,63.48880598963311,19.632736730370738,False,False,True,False,False,,0.0,0.0,0.0,0.0,0,,,False,False,False,False,,,False,False,False,False,245425.0,80166.40388988501,False,False,False,False,37582.134776239945,False,False,False,False
2024-04-05 17:00:00+00:00,5.265,5.305,5.23,5.25,12823.0,,,,,,,,5.442037249667499,5.157235676373114,,,,,,,,,,5.299636463020306,#000000,,5.154968425087529,,59.427079957924875,15.973946633162015,False,False,True,False,False,,0.0,0.0,0.0,0.0,0,,,False,False,False,False,,,False,False,False,False,232602.0,82529.74646523564,False,False,False,False,37198.27222156956,False,False,False,False
2024-04-08 17:00:00+00:00,5.265,5.325,5.255,5.275,7541.0,,,,,,,,5.414093082888921,5.159499763048954,,,,,,,,,,5.286796422968937,#000000,,5.1504696120734295,,57.081419390070714,13.858856453163469,False,False,True,False,False,,0.0,0.0,0.0,0.0,0,,,False,False,False,False,,,False,False,False,False,240143.0,84973.36279910796,False,False,False,False,36738.4695514677,False,False,False,False
2024-04-09 17:00:00+00:00,5.415,5.505,5.395,5.465,7683.0,,,,,,,,5.420371180493132,5.164740256093021,,,,,,,,,,5.292555718293077,#000000,,5.1568071595626535,,58.06001811217055,13.858856453163469,True,False,True,False,False,,0.0,0.0,0.0,0.0,0,,,False,False,False,False,,,False,False,False,False,247826.0,87498.20988749387,False,False,False,False,36287.99715532092,False,False,False,False
2024-04-10 17:00:00+00:00,5.475,5.555,5.445,5.555,3906.0,,,,,,,,5.427461442486457,5.167899778252589,,,,,,,,,,5.2976806103695235,#000000,,5.16137062509256,,59.76070038543756,13.858856453163469,True,False,True,False,False,,0.0,0.0,0.0,0.0,0,,,False,False,False,False,,,False,False,False,False,251732.0,90044.47019931566,False,False,False,False,35785.95068779656,False,False,False,False
2024-04-11 17:00:00+00:00,5.515,5.605,5.515,5.585,6829.0,,,,,,,,5.443285084545035,5.174059212141554,,,,,,,,,,5.308672148343295,#000000,,5.170669684988335,,61.24629808646829,13.858856453163469,True,False,True,False,True,,0.0,0.0,0.0,0.0,0,,,False,False,False,False,,,False,False,False,False,258561.0,92657.12957607047,False,False,False,False,35337.00571589274,False,False,False,False
2024-04-12 17:00:00+00:00,5.325,5.33,5.13,5.17,18190.0,,,,,,,,5.3895609348492135,5.17547381494873,,,,,,,,,,5.282517374898972,#000000,,5.15989251484426,,55.63562661280335,12.260419423735222,True,False,True,False,False,,0.0,0.0,0.0,0.0,0,,,False,False,False,False,,,False,False,False,False,240371.0,94947.26710202286,False,False,False,False,35071.16066603394,False,False,False,False
2024-04-15 17:00:00+00:00,5.275,5.275,5.12,5.195,5595.0,,,,,,,,5.376801054610373,5.175727314707921,,,,,,,,,,5.276264184659147,#000000,,5.157365743693399,,52.27448156647503,9.086129385781874,False,False,False,False,False,,0.0,0.0,0.0,0.0,0,,,False,False,False,False,,,False,False,False,False,245966.0,97288.64280586746,False,False,False,False,34614.16592702566,False,False,False,False
2024-04-16 17:00:00+00:00,5.07,5.1,5.035,5.065,19147.0,,,,,,,,5.319553800966631,5.171438537398551,,,,,,,,,,5.245496169182591,#000000,,5.141369372076329,,48.409800198629334,5.455037447308456,False,False,False,True,False,,0.0,0.0,0.0,0.0,0,,,False,False,False,False,,,False,False,False,False,226819.0,99296.86539802456,False,False,False,False,34374.36490490123,False,False,False,False
2024-04-17 17:00:00+00:00,5.075,5.17,5.075,5.125,21878.0,,,,,,,,5.285376202835321,5.169369941670124,,,,,,,,,,5.227373072252723,#000000,,5.132990830795179,,46.87360652036225,3.940150881719177,False,True,False,True,False,,0.0,0.0,0.0,0.0,0,,,False,False,False,False,,,False,False,False,False,248697.0,101613.14655464432,False,False,False,False,34180.62281335237,False,False,False,False
2024-04-18 17:00:00+00:00,4.89,4.895,4.8,4.815,22879.0,,,,,,,,5.216237734451291,5.1550524591274005,,,,,,,,,,5.1856450967893455,#000000,,5.106678561307439,,42.43032216119711,-0.3278302638699415,False,True,False,True,False,,0.0,0.0,0.0,0.0,0,,,False,False,False,False,,,False,False,False,False,225818.0,103538.80319720798,False,False,False,False,34005.40385500582,False,False,False,False
2024-04-19 17:00:00+00:00,4.955,5.015,4.94,4.995,19412.0,,,,,,,,5.189309675971975,5.14900341279174,,,,,,,,,,5.169156544381858,#000000,,5.096847065456518,,42.40721865678813,-0.526103264146677,False,True,False,True,False,4.180876400886223,0.0,0.0,0.0,0.0,0,,,False,False,False,False,,,False,False,False,False,245230.0,105735.56593833653,False,False,False,False,33779.14953167239,False,False,False,False
2024-04-22 17:00:00+00:00,4.8,4.875,4.785,4.86,12353.0,,,,,,,,5.165370577901064,5.142228467842943,,,,,,,,4.84,,5.049199681914669,#000000,,5.037347022611541,,40.970232048214136,-2.214166812381251,False,True,False,True,False,1.8274133013959286,0.0,0.0,0.0,0.0,0,,,False,False,False,False,,,False,False,False,False,232877.0,107706.75096254837,False,False,False,False,33446.96116684026,False,False,False,False
2024-04-23 17:00:00+00:00,5.005,5.065,4.995,5.06,13203.0,,,,,,,,5.156814144348584,5.139887719237397,,,,,,,,4.943326029112538,,5.080009297566173,#000000,,5.055645422254301,,42.977111366490284,-2.214166812381251,False,True,False,True,False,4.973839539500972,0.0,0.0,0.0,0.0,0,,,False,False,False,False,,,False,False,False,False,246080.0,109852.0726530515,False,False,False,False,33133.10130378847,False,False,False,False
2024-04-24 17:00:00+00:00,4.815,4.91,4.795,4.895,11771.0,,,,,,,,5.1401722020816285,5.134421821543839,,,,,,,,4.919151641796376,,5.064581888473948,#000000,,5.044868517325432,,42.4719603754006,-2.214166812381251,False,True,False,True,False,2.179997921209708,0.0,0.0,0.0,0.0,0,,,False,False,False,False,,,False,False,False,False,234309.0,111781.63741812047,False,False,False,False,32801.905934737486,False,False,False,False
2024-04-25 17:00:00+00:00,4.885,4.92,4.86,4.885,27958.0,,,,,,,,5.109977285267875,5.123259084274225,,,,,,,,4.90595384340456,,5.0463967376488865,#000000,,5.031027875739885,,42.02519792650496,-2.214166812381251,False,True,False,True,False,2.0136140136369356,0.0,0.0,0.0,0.0,0,,,False,False,False,False,,,False,False,False,False,206351.0,113247.82908605659,False,False,False,False,32726.806617919847,False,False,False,False
2024-04-26 17:00:00+00:00,5.195,5.31,5.18,5.245,11079.0,,,,,,,,5.116101540292284,5.125408761377137,,,,,,,,4.955143152096101,,5.065551151255174,#000000,,5.043931866469585,,46.51060605597743,-2.214166812381251,False,True,False,True,True,7.369434372700805,0.0,0.0,0.0,0.0,0,,,False,False,False,False,,,False,False,False,False,217430.0,114863.05654208672,False,False,False,False,32391.181709114888,False,False,False,False
2024-04-29 17:00:00+00:00,5.27,5.355,5.26,5.345,8815.0,,,,,,,,5.123203616041559,5.12810477810103,,,,,,,,4.9929014389305655,,5.081403277691051,#000000,,5.054942024767761,,50.551266152790646,-5.308288151520657,False,True,False,False,True,8.747462500710785,0.0,0.0,0.0,0.0,0,,,False,False,False,False,,,False,False,False,False,226245.0,116589.90837864352,False,False,False,False,32025.659512074348,False,False,False,False
2024-04-30 17:00:00+00:00,5.125,5.175,5.08,5.08,14939.0,,,,,,,,5.122560553202868,5.12772766548625,,,,,,,,5.010622865019276,,5.0869703612361326,#000000,,5.058856133074808,,49.839438098344566,-5.308288151520657,False,True,False,False,True,4.374117196834153,0.0,0.0,0.0,0.0,0,,,False,False,False,False,,,False,False,False,False,211306.0,118058.37491540874,False,False,False,False,31760.750062274743,False,False,False,False
2024-05-01 17:00:00+00:00,5.035,5.21,4.99,5.085,11055.0,,,,,,,,5.121468777248242,5.127181328839475,,,,,,,,5.0190132945949095,,5.0892211335608755,#000000,,5.060511811277249,,49.42825039974566,-5.308288151520657,False,True,False,False,True,4.445053350218693,0.0,0.0,0.0,0.0,0,,,False,False,False,False,,,False,False,False,False,222361.0,119675.46987796054,False,False,False,False,31439.73068146428,False,False,False,False
2024-05-02 17:00:00+00:00,5.015,5.155,5.015,5.125,14955.0,,,,,,,,5.120292038658845,5.126544254312909,,,,,,,,5.028418273499935,,5.09175152215723,#000000,,5.062464279033447,,49.704063571338935,-5.308288151520657,False,True,False,False,True,5.01883784311114,0.0,0.0,0.0,0.0,0,,,False,False,False,False,,,False,False,False,False,237316.0,121499.35406589913,False,False,False,False,31184.153461596616,False,False,False,False
2024-05-03 17:00:00+00:00,5.125,5.13,5.04,5.13,11680.0,,,,,,,,5.119516745446319,5.126094189728524,,,,,,,,5.034485225821432,,5.093365386998758,#000000,,5.063775924926032,,49.96245515818444,-4.830134980583026,False,True,False,False,True,5.09135423138304,0.0,0.0,0.0,0.0,0,,,False,False,False,False,,,False,False,False,False,248996.0,123476.04625092394,False,False,False,False,30881.763485447827,False,False,False,False
2024-05-06 17:00:00+00:00,5.38,5.42,5.345,5.415,13769.0,,,,,,,,5.131317958060229,5.131331025848668,,,,,,,,5.067082384970454,,5.109910456293117,#000000,,5.076345546450289,,53.827440863335426,-0.9012258765817407,False,False,True,False,True,9.065264561061372,0.0,0.0,0.0,0.0,0,,,False,False,False,False,,,False,False,False,False,262765.0,125635.5649137003,False,False,False,False,30616.44932288274,False,False,False,False
2024-05-07 17:00:00+00:00,5.3,5.39,5.26,5.385,16227.0,,,,,,,,5.141646847442615,5.136154173413386,,,,,,,,5.093957603314977,,5.123919541390326,#000000,,5.087312247110288,,55.87454011336813,1.1712210933085743,False,False,True,False,True,8.555099802190767,0.0,0.0,0.0,0.0,0,,,False,False,False,False,,,False,False,False,False,246538.0,127510.02127162743,False,False,False,False,30393.357085318665,False,False,False,False
2024-05-08 17:00:00+00:00,5.235,5.285,5.185,5.265,7373.0,,,,,,,,5.1438680090398385,5.137259206425049,,,,,,,,5.10031480540634,,5.127147340290409,#000000,,5.08998024678268,,55.159320537346176,1.1712210933085743,False,False,True,False,True,6.535458223767073,0.0,0.0,0.0,0.0,0,,,False,False,False,False,,,False,False,False,False,239165.0,129241.10621315258,False,False,False,False,30036.452324305974,False,False,False,False
2024-05-09 17:00:00+00:00,5.43,5.515,5.415,5.505,11572.0,,,,,,,5.478333333333333,5.1547815192238655,5.142608678170034,,,,,,,,5.123738922296772,,5.224865613256001,#000000,,5.163442973424172,,57.608443321151725,3.0608781337684903,True,False,True,False,True,9.754000012890739,0.0,0.0,0.0,0.0,0,,,False,False,False,False,,,False,False,False,False,250737.0,131124.76348116572,False,False,False,False,29750.181745634563,False,False,False,False
2024-05-10 17:00:00+00:00,5.245,5.275,5.195,5.215,12138.0,,,,,,,5.350349360326163,5.157215572834875,5.143996136636483,,,,,,,,5.130122280490931,,5.195420837572113,#000000,,5.144656988490979,,54.96967781320833,3.0608781337684903,False,False,True,False,False,5.11051901749973,0.0,0.0,0.0,0.0,0,,,False,False,False,False,,,False,False,False,False,238599.0,132791.03071401585,False,False,False,False,29477.124664306895,False,False,False,False
2024-05-13 17:00:00+00:00,5.33,5.33,5.285,5.315,11770.0,,,,,,,5.336964017286735,5.161965945853608,5.146561203730326,,,,,,,,5.140172555386243,,5.196415930564228,#000000,,5.146525039323297,,54.44591027933255,3.0608781337684903,False,False,True,False,False,6.432358160504961,0.0,0.0,0.0,0.0,0,,,False,False,False,False,,,False,False,False,False,250369.0,134613.9449665117,False,False,False,False,29202.595599743996,False,False,False,False
2024-05-14 17:00:00+00:00,4.975,5.04,4.955,4.995,10974.0,,,,,,,5.256574317245734,5.15730904239661,5.1444323655085995,,,,,,,,5.1330668994860815,,5.172845656159256,#000000,,5.130461101574263,,50.36559503927606,5.061273051134101,False,True,False,False,False,1.6958061317478759,0.0,0.0,0.0,0.0,0,,,False,False,False,False,,,False,False,False,False,239395.0,136238.45744765105,False,False,False,False,28919.981714476646,False,False,False,False
2024-05-15 17:00:00+00:00,4.83,4.84,4.69,4.725,16009.0,,,,,,,5.127168643837152,5.141295882578738,5.136460064020639,,,,,,,,5.107373260674408,,5.128074462777734,#000000,,5.098515115372645,,45.31067728023464,0.43278855539566763,False,True,False,True,False,0.0,0.0,0.0,0.0,0.0,0,,,False,False,False,False,,,False,False,False,False,223386.0,137589.58213838516,False,False,False,False,28719.81145533747,False,False,False,False
2024-05-16 17:00:00+00:00,4.815,4.905,4.805,4.885,18511.0,,,,,,,5.067235779385976,5.1292347171389405,5.1302349601200845,,,,,,,,5.089857922345282,,5.104140844747571,#000000,,5.081088529138231,,44.09239915082617,-0.5956289235644903,False,True,False,True,False,0.195348304055031,0.0,0.0,0.0,0.0,0,,,False,False,False,False,,,False,False,False,False,241897.0,139206.7514075575,False,False,False,False,28561.53530874309,False,False,False,False
2024-05-17 17:00:00+00:00,5.065,5.075,4.99,5.045,3634.0,,,,,,,5.065922804778114,5.1284481694343,5.1298156130179615,,,,,,,,5.089113856971468,,5.103325111050461,#000000,,5.080513920626485,,45.240071107431646,-0.5956289235644903,False,True,False,True,False,2.275379297199919,0.0,0.0,0.0,0.0,0,,,False,False,False,False,,,False,False,False,False,245531.0,140855.189370231,False,False,False,False,28175.06189310366,False,False,False,False
2024-05-20 17:00:00+00:00,4.985,5.0,4.94,4.985,3864.0,,,,,,,5.061951766283872,5.1270742168853385,5.1290813574841705,,,,,,,,5.087441421485888,,5.101387190534817,#000000,,5.079095213077647,,45.359016512924455,-0.5956289235644903,False,True,False,True,False,1.4618166417454006,0.0,0.0,0.0,0.0,0,,,False,False,False,False,,,False,False,False,False,241667.0,142418.16317844446,False,False,False,False,27798.146204838486,False,False,False,False
2024-05-21 17:00:00+00:00,4.99,5.01,4.975,5.005,5370.0,,,,,,,5.058215901906041,5.125471417846909,5.128214290504742,,,,,,,,5.085629428900312,,5.099382759789501,#000000,,5.0776311932332305,,45.71145804934263,-0.5956289235644903,False,True,False,True,False,1.7242161412188182,0.0,0.0,0.0,0.0,0,,,False,False,False,False,,,False,False,False,False,247037.0,144040.1606485461,False,False,False,False,27450.423007864243,False,False,False,False
2024-05-22 17:00:00+00:00,5.025,5.03,4.825,4.845,9933.0,,,,,,,5.0430719987151695,5.120459416939504,5.125483195504666,,,,,,,,5.079019484833709,,5.0920085239982615,#000000,,5.07211061262785,,44.09939647785612,-1.2598611715320303,False,True,False,True,False,0.0,0.0,0.0,0.0,0.0,0,,,False,False,False,False,,,False,False,False,False,237104.0,145483.01087104925,False,False,False,False,27178.835054253945,False,False,False,False
2024-05-23 17:00:00+00:00,4.715,4.72,4.645,4.685,6252.0,,,,,,,5.022630778505882,5.114427842798848,5.122177651183593,,,,,,,,5.0703455888884195,,5.082395465344186,#000000,,5.064806273002787,,41.41149447544093,-4.004605389206731,False,True,False,True,False,0.0,0.0,0.0,0.0,0.0,0,,,False,False,False,False,,,False,False,False,False,230852.0,146806.56109010274,False,False,False,False,26854.387999149232,False,False,False,False
2024-05-24 17:00:00+00:00,4.765,4.795,4.71,4.71,8013.0,,,,,,,5.00333159663391,5.10789226742194,5.118534617029165,,,,,,,,5.061272396666403,,5.072757719437854,"rgba(239, 83, 80, 0.5)",0.41888863040751706,5.057422857612228,-0.8293919490587197,40.054260549270715,-5.445850945940116,False,True,False,True,False,0.0,0.0,0.0,0.0,0.0,0,,,False,False,False,False,,,False,False,False,False,238865.0,148233.82370886084,False,False,False,False,26562.273456526764,False,False,False,False
2024-05-27 17:00:00+00:00,4.71,4.71,4.71,4.71,0.0,,,,,,,5.00333159663391,5.10789226742194,5.118534617029165,,,,,,,,5.061272396666403,,5.072757719437854,"rgba(239, 83, 80, 0.5)",0.4127836398566858,5.057422857612228,-0.841658496283549,39.149437931823904,-6.493954285394231,False,True,False,True,False,0.0,0.0,0.0,0.0,0.0,0,,,False,False,False,False,,,False,False,False,False,238865.0,149638.95822500254,False,False,False,False,26150.455263402317,False,False,False,False
2024-05-28 17:00:00+00:00,4.645,4.65,4.585,4.585,5503.0,,,,,,,4.985662873115704,5.101981114418608,5.115219881365931,,,,,,,,5.052897680101765,,5.063940387250502,"rgba(239, 83, 80, 1.0)",0.40181618091267063,5.050622368231024,-1.1587944695841428,37.123897656364264,-8.582904506703862,False,True,False,True,False,0.0,0.0,0.0,0.0,0.0,0,,,False,False,False,False,,,False,False,False,False,233362.0,150936.98988042885,False,False,False,False,25830.33967792321,False,False,False,False
2024-05-29 17:00:00+00:00,4.23,4.405,4.205,4.395,9099.0,,,,,,,4.941028583203913,5.087311098778825,5.106954237849237,,,,,,,,5.031676927025295,,5.041742711714317,"rgba(255, 0, 0, 1.0)",0.39812907047433455,5.033396762709624,-1.6034919578945412,33.971441933231944,-11.632424936344222,False,True,False,True,False,0.0,0.0,0.0,0.0,0.0,0,,,False,False,False,False,,,False,False,False,False,224263.0,152073.82724662375,False,False,False,False,25570.93906276161,False,False,False,False
2024-05-30 17:00:00+00:00,4.495,4.52,4.415,4.475,9668.0,,,,,,,4.909028693228398,5.075015341804979,5.099864183757393,,,,,,,,5.014572943144127,,5.024620290483724,"rgba(239, 83, 80, 1.0)",0.394025768581583,5.0199467038175785,-1.3830230083156292,33.602591951693164,-12.074356657111217,False,True,False,True,False,0.0,0.0,0.0,0.0,0.0,0,,,False,False,False,False,,,False,False,False,False,233931.0,153342.93070016446,False,False,False,False,25324.38186799011,False,False,False,False
2024-05-31 17:00:00+00:00,4.45,4.545,4.43,4.53,7514.0,,,,,,,4.88859860013527,5.0662749088046635,5.09473345014354,,,,,,,,5.002714586519219,,5.013080386400674,"rgba(239, 83, 80, 1.0)",0.39012884219641386,5.010792113061542,-1.2323931508234462,34.535078866989544,-12.074356657111217,False,True,False,True,False,0.0,0.0,0.0,0.0,0.0,0,,,False,False,False,False,,,False,False,False,False,241445.0,154708.85425520068,False,False,False,False,25048.2519165484,False,False,False,False
2024-06-03 17:00:00+00:00,4.515,4.555,4.49,4.51,8739.0,,,,,,,4.868191896386084,5.05672923847324,5.089040482411924,,,,,,,,4.990031037134694,,5.000998163601485,"rgba(239, 83, 80, 1.0)",0.38649689112184044,5.00112375586463,-1.2707055791292434,34.90087588252842,-12.074356657111217,False,True,False,True,False,0.0,0.0,0.0,0.0,0.0,0,,,False,False,False,False,,,False,False,False,False,232706.0,155918.11232876347,False,False,False,False,24795.395297687184,False,False,False,False
2024-06-04 17:00:00+00:00,4.365,4.365,4.25,4.26,24852.0,,,,,,,4.790075030213814,5.020615786844551,5.0672560561355064,,,,,,,,4.941631320088939,,4.954894548320702,"rgba(255, 0, 0, 1.0)",0.37985627912776926,4.963978951978987,-1.8532771225882396,32.42815156366193,-13.635370135724479,False,True,False,True,False,0.0,0.0,0.0,0.0,0.0,0,,,False,False,False,False,,,False,False,False,False,207854.0,156723.3198895578,False,False,False,False,24796.272889971104,False,False,False,False
2024-06-05 17:00:00+00:00,4.1,4.125,4.09,4.12,8368.0,,,,,,,4.760474277351659,5.0063950021532255,5.058545638966592,,,,,,,,4.922705158600391,,4.937030019267967,"rgba(255, 26, 202, 1.0)",0.37810351792898095,4.949462910363474,-2.19374555123624,29.625904479532196,-16.345518941340536,False,True,False,True,False,0.0,0.0,0.0,0.0,0.0,0,,,False,False,False,False,,,False,False,False,False,199486.0,157386.30717809178,False,False,False,False,24541.570984700233,False,False,False,False
2024-06-06 17:00:00+00:00,4.16,4.18,4.13,4.165,3677.0,,,,,,,4.749146781950271,5.00060461054146,5.05495436517193,,,,,,,,4.915122010664521,,4.929956942082045,"rgba(255, 26, 202, 1.0)",0.37218492933167324,4.943677776203539,-2.092179760211674,28.86091421573867,-17.13621034367104,False,True,False,True,False,0.0,0.0,0.0,0.0,0.0,0,,,False,False,False,False,,,False,False,False,False,203163.0,158096.02334587328,False,False,False,False,24218.089264007205,False,False,False,False
2024-06-07 17:00:00+00:00,4.07,4.125,4.035,4.11,19201.0,,,,,,,4.690187411779503,4.969255458834992,5.03526252822646,,,,,,,,4.874481622280707,,4.892296755280415,"rgba(255, 26, 202, 1.0)",0.37053953844299864,4.912675085043008,-2.1662332943357034,27.836109413937415,-18.235098411579454,False,True,False,True,False,0.0,0.0,0.0,0.0,0.0,0,,,False,False,False,False,,,False,False,False,False,183962.0,158497.0462397357,False,False,False,False,24140.30493433267,False,False,False,False
2024-06-10 17:00:00+00:00,4.005,4.105,3.99,4.1,10119.0,,,,,,,4.662043131061482,4.953141878604948,5.024938795603181,,,,,,,,4.854001559334295,,4.873531341150977,"rgba(255, 26, 202, 1.0)",0.3690390125620782,4.897070332585897,-2.1598538513643386,27.054689637810277,-19.14294118738178,False,True,False,True,False,0.0,0.0,0.0,0.0,0.0,0,,,False,False,False,False,,,False,False,False,False,173843.0,158734.96800346073,False,False,False,False,23922.920361707358,False,False,False,False
2024-06-11 17:00:00+00:00,3.885,3.915,3.87,3.875,14356.0,,,,,,,4.615495122719568,4.926844978615965,5.008011693877107,,,,,,,,4.820483277940429,,4.842708768288267,"rgba(255, 26, 202, 1.0)",0.3794734023130791,4.8713907698365055,-2.625719651925559,24.627417068985395,-21.560491986108616,False,True,False,True,False,0.0,0.0,0.0,0.0,0.0,0,,,False,False,False,False,,,False,False,False,False,159487.0,158746.62741425977,False,False,False,False,23774.59601501422,False,False,False,False
2024-06-12 17:00:00+00:00,4.135,4.145,4.055,4.075,9971.0,,,,,,,4.594527853492675,4.91278244883462,4.998643882320294,,,,,,,,4.803355527586867,,4.827327428058614,"rgba(255, 0, 0, 1.0)",0.3928390771556992,4.85833914395278,-1.9940458816481457,27.909427786187536,-21.560491986108616,False,True,False,True,True,0.0,0.0,0.0,0.0,0.0,0,,,False,False,False,False,,,False,False,False,False,169458.0,158912.69520628676,False,False,False,False,23560.58677447136,False,False,False,False
2024-06-13 17:00:00+00:00,4.02,4.03,3.975,3.995,10113.0,,,,,,,4.571333423346963,4.897456098405985,4.9883955969169085,,,,,,,,4.78465297105336,,4.810459522430804,"rgba(255, 26, 202, 1.0)",0.4088823262954239,4.8440124904813375,-2.076422569235513,29.222091189445262,-24.85988544484902,False,True,False,True,True,0.0,0.0,0.0,0.0,0.0,0,,,False,False,False,False,,,False,False,False,False,159345.0,158919.3976061893,False,False,False,False,23352.097057037696,False,False,False,False
2024-06-14 17:00:00+00:00,3.865,3.875,3.8,3.805,7953.0,,,,,,,4.5491667571199175,4.883501112391104,4.979095113752508,,,,,,,,4.7674293583512295,,4.79479808540369,"rgba(255, 26, 202, 1.0)",0.43022644362334755,4.830745919437534,-2.384200075659573,28.301942192328532,-24.85988544484902,False,True,False,True,True,0.0,0.0,0.0,0.0,0.0,0,,,False,False,False,False,,,False,False,False,False,151392.0,158802.69376733367,False,False,False,False,23113.351366230912,False,False,False,False
2024-06-17 17:00:00+00:00,3.785,3.845,3.765,3.795,7150.0,,,,,,,4.529683791248516,4.870972518492964,4.970681245777382,,,,,,,,4.752067393400074,,4.780851237229734,"rgba(255, 26, 202, 1.0)",0.4503784994788199,4.818889121092425,-2.27339698115535,27.60106325048953,-24.85988544484902,False,True,False,True,True,0.0,0.0,0.0,0.0,0.0,0,,,False,False,False,False,,,False,False,False,False,144242.0,158576.94657714246,False,False,False,False,22865.857546599425,False,False,False,False
2024-06-18 17:00:00+00:00,3.635,3.655,3.545,3.575,11567.0,,,,,,,4.491731977333939,4.847445367832394,4.954921367227498,,,,,,,,4.722955886382382,,4.754263649694053,"rgba(255, 26, 202, 1.0)",0.47663632802083983,4.7963286120381285,-2.562390947222824,25.41316600949174,-24.85988544484902,False,True,False,True,False,0.0,0.0,0.0,0.0,0.0,0,,,False,False,False,False,,,False,False,False,False,132675.0,158175.36601005498,False,False,False,False,22690.681460605632,False,False,False,False
2024-06-19 17:00:00+00:00,3.575,3.575,3.575,3.575,0.0,,,,,,,4.491731977333939,4.847445367832394,4.954921367227498,,,,,,,,4.722955886382382,,4.754263649694053,"rgba(255, 26, 202, 1.0)",0.49877347762484553,4.7963286120381285,-2.4486639062166726,23.954567848826542,-22.10166076821188,False,True,False,True,False,0.0,0.0,0.0,0.0,0.0,0,,,False,False,False,False,,,False,False,False,False,132675.0,157780.01149827117,False,False,False,False,22338.88794958849,False,False,False,False
2024-06-20 17:00:00+00:00,3.685,3.715,3.58,3.58,13421.0,,,,,,,4.452868020219771,4.821905482433952,4.937517203743286,,,,,,,,4.691899956725283,,4.726047665780573,"rgba(255, 26, 202, 1.0)",0.5206941659116363,4.772186542644866,-2.2896099489756616,23.130496359189646,-23.011220782959093,False,True,False,True,False,0.0,0.0,0.0,0.0,0.0,0,,,False,False,False,False,,,False,False,False,False,146096.0,157598.8640331817,False,False,False,False,22200.626120912697,False,False,False,False
2024-06-21 17:00:00+00:00,3.585,3.585,3.425,3.445,12063.0,,,,,,,4.415371659162293,4.797263202474962,4.92063067547533,,,,,,,,4.661977432307541,,4.698810742355032,"rgba(255, 26, 202, 1.0)",0.5459188633903443,4.748831218504148,-2.388324174048332,21.534526073677107,-24.65663801030503,False,True,False,True,False,0.0,0.0,0.0,0.0,0.0,0,,,False,False,False,False,,,False,False,False,False,134033.0,157233.5018001091,False,False,False,False,22043.45362291405,False,False,False,False
2024-06-24 17:00:00+00:00,3.33,3.365,3.32,3.335,8354.0,,,,,,,4.387273854651453,4.778895761227838,4.90800641159856,,,,,,,,4.639662443633962,,4.678459617777953,"rgba(255, 26, 202, 1.0)",0.5724145398270429,4.73136223180683,-2.439424813053745,19.748171153209594,-26.448356918139883,False,True,False,True,False,0.0,0.0,0.0,0.0,0.0,0,,,False,False,False,False,,,False,False,False,False,125679.0,156744.28471793685,False,False,False,False,21831.21403186112,False,False,False,False
2024-06-25 17:00:00+00:00,3.235,3.435,3.235,3.37,17111.0,,,,,,,4.334412310728072,4.7428516319980165,4.882875580075505,,,,,,,,4.596451976110121,,4.639147874727929,"rgba(255, 26, 202, 1.0)",0.5963101028313528,4.697390612748432,-2.2260072510021547,19.69100385459608,-26.655379315953162,False,True,False,True,False,0.0,0.0,0.0,0.0,0.0,0,,,False,False,False,False,,,False,False,False,False,142790.0,156527.93921843395,False,False,False,False,21758.03241896405,False,False,False,False
2024-06-26 17:00:00+00:00,3.315,3.325,3.265,3.305,16998.0,,,,,,,4.284640041412665,4.707619124488876,4.857938446729466,,,,,,,,4.554741509676491,,4.601234780576875,"rgba(255, 26, 202, 1.0)",0.6201831537087604,4.664402804182413,-2.1919376494718397,19.14292969473999,-27.390697996489525,False,True,False,True,False,0.0,0.0,0.0,0.0,0.0,0,,,False,False,False,False,,,False,False,False,False,125792.0,156051.41302900086,False,False,False,False,21684.23346673205,False,False,False,False
2024-06-27 17:00:00+00:00,3.225,3.35,3.22,3.31,22025.0,,,,,,,4.226550821844188,4.664291700976629,4.826670563761586,,,,,,,,4.504323090864106,,4.555459044361627,"rgba(255, 26, 202, 1.0)",0.6422084152739267,4.624215695570984,-2.0464006143713025,18.96105177203082,-27.81287951251397,False,True,False,True,False,0.0,0.0,0.0,0.0,0.0,0,,,False,False,False,False,,,False,False,False,False,147817.0,155923.74771072177,False,False,False,False,21689.51666879822,False,False,False,False
2024-06-28 17:00:00+00:00,3.245,3.245,3.175,3.2,9752.0,,,,,,,4.200758422498492,4.6447843681612255,4.812461626441099,,,,,,,,4.4817572054473045,,4.53494040563703,"rgba(255, 26, 202, 1.0)",0.6662617576671568,4.6061328967160895,-2.1104811743052925,17.956084159710997,-29.0001874119418,False,True,False,True,False,0.0,0.0,0.0,0.0,0.0,0,,,False,False,False,False,,,False,False,False,False,138065.0,155646.8679012532,False,False,False,False,21504.438890987392,False,False,False,False
2024-07-01 17:00:00+00:00,3.19,3.205,3.165,3.195,7824.0,,,,,,,4.180625100608821,4.629312423513354,4.801112677532282,,,,,,,,4.463960016883127,,4.518752554634395,"rgba(255, 26, 202, 1.0)",0.6896443331937889,4.591822212309006,-2.025424041172395,17.247638249468793,-29.87623565204279,False,True,False,True,False,0.0,0.0,0.0,0.0,0.0,0,,,False,False,False,False,,,False,False,False,False,130241.0,155252.97847642755,False,False,False,False,21292.339063220148,False,False,False,False
2024-07-02 17:00:00+00:00,3.075,3.12,3.01,3.115,11635.0,,,,,,,4.149059478168133,4.605243813492982,4.78342903325985,,,,,,,,4.436242682751687,,4.493493751918163,"rgba(255, 26, 202, 1.0)",0.7130305390020464,4.569486914757693,-2.039866226197527,16.16716213686936,-31.07097468843144,False,True,False,True,False,0.0,0.0,0.0,0.0,0.0,0,,,False,False,False,False,,,False,False,False,False,118606.0,154684.80826749068,False,False,False,False,21142.612876193478,False,False,False,False
2024-07-03 17:00:00+00:00,3.235,3.235,3.235,3.235,0.0,,,,,,,4.149059478168133,4.605243813492982,4.78342903325985,,,,,,,,4.436242682751687,,4.493493751918163,"rgba(255, 0, 0, 1.0)",0.7310326707923285,4.569486914757693,-1.8254819080949034,20.114068731636294,-32.85888230432653,False,True,False,True,True,0.0,0.0,0.0,0.0,0.0,0,,,False,False,False,False,,,False,False,False,False,118606.0,154125.44689900245,False,False,False,False,20814.820428500556,False,False,False,False
2024-07-04 17:00:00+00:00,3.235,3.235,3.235,3.235,0.0,,,,,,,4.149059478168133,4.605243813492982,4.78342903325985,,,,,,,,4.436242682751687,,4.493493751918163,"rgba(255, 0, 0, 1.0)",0.7472287962022561,4.569486914757693,-1.785914731257869,22.74533979481425,-30.506916537236577,False,True,False,True,True,0.0,0.0,0.0,0.0,0.0,0,,,False,False,False,False,,,False,False,False,False,118606.0,153574.7577997931,False,False,False,False,20492.110034260237,False,False,False,False
2024-07-05 17:00:00+00:00,3.185,3.185,3.11,3.145,6590.0,,,,,,,4.1330129337184385,4.592508220302791,4.773949970003328,,,,,,,,4.4217612125962775,,4.480308084155209,"rgba(255, 0, 0, 1.0)",0.7655919102060652,4.557754676768256,-1.8453103512914621,23.249767954633136,-30.10159632961387,False,True,False,True,True,0.0,0.0,0.0,0.0,0.0,0,,,False,False,False,False,,,False,False,False,False,112016.0,152930.4359734397,False,False,False,False,20276.573444581783,False,False,False,False
2024-07-08 17:00:00+00:00,3.07,3.075,3.025,3.07,10293.0,,,,,,,4.106757039438551,4.571844433115913,4.758555401787905,,,,,,,,4.398230578447347,,4.458846863197429,"rgba(255, 0, 0, 1.0)",0.7847839089735356,4.538659958681048,-1.8714195613439553,22.684406402829207,-30.10159632961387,False,True,False,True,True,0.0,0.0,0.0,0.0,0.0,0,,,False,False,False,False,,,False,False,False,False,101723.0,152136.52223741738,False,False,False,False,20121.78936016966,False,False,False,False
2024-07-09 17:00:00+00:00,2.985,2.995,2.905,2.925,22356.0,,,,,,,4.048134359038993,4.5255593148299145,4.7238552518909165,,,,,,,,4.345666379871151,,4.410803826407744,"rgba(255, 0, 0, 1.0)",0.8071628546172528,4.273794228161201,-1.6710310942155326,20.905178820464116,-30.10159632961387,False,True,False,True,False,0.0,0.0,0.0,0.0,0.0,0,,,False,False,False,False,,,False,False,False,False,79367.0,151008.3125903256,False,False,False,False,20156.42828481819,False,False,False,False
2024-07-10 17:00:00+00:00,3.06,3.07,2.975,2.995,9205.0,,,,,,,4.027131081451559,4.508084801359796,4.7105089942174585,,,,,,,,4.326159074738001,,4.392970987941704,"rgba(255, 0, 0, 1.0)",0.8245563262355905,4.2630291986048485,-1.5378321143855365,22.35967711098483,-30.10159632961387,False,True,False,True,False,0.0,0.0,0.0,0.0,0.0,0,,,False,False,False,False,,,False,False,False,False,88572.0,150040.30774396396,False,False,False,False,19986.638699007053,False,False,False,False
2024-07-11 17:00:00+00:00,3.17,3.26,3.145,3.245,20972.0,,,,,,,3.9913092611209113,4.474957542517621,4.684417482142808,,,,,,,,4.2903433251342475,,4.3602569027288975,"rgba(239, 83, 80, 1.0)",0.8316388790967048,4.2518981529934505,-1.2107396350770732,30.25512387381955,-23.825334905162983,False,False,False,True,True,0.0,0.0,0.0,0.0,0.0,0,,,False,False,False,False,,,False,False,False,False,109544.0,149412.4580114994,False,False,False,False,20001.915618402294,False,False,False,False
2024-07-12 17:00:00+00:00,3.185,3.235,3.175,3.235,6943.0,,,,,,,3.9801136712972967,4.4643476922343,4.675969694059017,,,,,,,,4.278972617899947,,4.34985091887264,"rgba(239, 83, 80, 1.0)",0.8378677463420815,4.246226216998662,-1.2069043371264971,35.329097200527045,-19.527260013081744,True,False,False,True,True,0.0,0.0,0.0,0.0,0.0,0,,,False,False,False,False,,,False,False,False,False,102601.0,148686.69897256143,False,False,False,False,19799.451810365048,False,False,False,False
2024-07-15 17:00:00+00:00,3.185,3.2,3.135,3.155,16758.0,,,,,,,3.9526390031915537,4.438431453542924,4.655267212552879,,,,,,,,4.2512078430731925,,4.3243863780901375,"rgba(239, 83, 80, 1.0)",0.8411174570632657,4.228734107367332,-1.2765566786786713,37.19463467608435,-18.15059699469662,True,False,False,True,True,0.0,0.0,0.0,0.0,0.0,0,,,False,False,False,False,,,False,False,False,False,85843.0,147712.37805825815,False,False,False,False,19752.29751873148,False,False,False,False
2024-07-16 17:00:00+00:00,3.295,3.485,3.29,3.435,28450.0,,,,,,3.4033333333333333,3.922964564661502,4.4045714242459795,4.626838719452739,,,,,,,,4.216837017342128,,4.1149090118071365,"rgba(239, 83, 80, 0.5)",0.8383152882552724,4.113516505432216,-0.8093810466517499,44.0045612107719,-12.120733499236785,True,False,False,True,True,0.0,0.0,0.0,0.0,0.0,0,,,False,False,False,False,,,False,False,False,False,114293.0,147194.24816588205,False,False,False,False,19887.145619216262,False,False,False,False
2024-07-17 17:00:00+00:00,3.24,3.34,3.215,3.325,10090.0,,,,,,3.374534682580868,3.91112811221036,4.391827230837778,4.616185213278849,,,,,,,,4.203748015307243,,4.099484650843019,"rgba(239, 83, 80, 0.5)",0.8347898154841334,4.102626450580301,-0.9315236436243763,46.411316560387085,-10.208882241288507,True,False,False,False,True,0.0,0.0,0.0,0.0,0.0,0,,,False,False,False,False,,,False,False,False,False,104203.0,146527.71718656603,False,False,False,False,19735.25188868578,False,False,False,False
2024-07-18 17:00:00+00:00,3.185,3.185,3.105,3.14,10366.0,,,,,,3.325529791845581,3.8965804630265986,4.37728856098648,4.604194999700263,,,,,,,,4.188529034958619,,4.078424570103508,"rgba(239, 83, 80, 1.0)",0.8405991428254708,4.086166751643802,-1.1255861485457752,45.050946868235926,-10.208882241288507,True,False,False,True,True,0.0,0.0,0.0,0.0,0.0,0,,,False,False,False,False,,,False,False,False,False,93837.0,145710.80684258827,False,False,False,False,19589.992169481346,False,False,False,False
2024-07-19 17:00:00+00:00,3.125,3.17,3.105,3.13,14650.0,,,,,,3.281611649568884,3.8767188996450352,4.35717458536873,4.587483878589872,,,,,,,,4.167584919546095,,4.054114786543723,"rgba(239, 83, 80, 1.0)",0.8458200775599979,4.066384523303966,-1.1070729439353415,43.99660060650301,-10.208882241288507,True,False,False,True,False,0.0,0.0,0.0,0.0,0.0,0,,,False,False,False,False,,,False,False,False,False,79187.0,144679.42999231556,False,False,False,False,19513.403143597912,False,False,False,False
2024-07-22 17:00:00+00:00,3.085,3.115,3.035,3.105,16388.0,,,,,,3.2413075402781946,3.8542765431543553,4.334543000422634,4.5686068640792215,,,,,,,,4.144033688166862,,4.028553527220254,"rgba(239, 83, 80, 1.0)",0.8501450432688481,4.044724781640539,-1.1053699472589442,42.89509407076255,-10.208882241288507,True,False,False,True,False,0.0,0.0,0.0,0.0,0.0,0,,,False,False,False,False,,,False,False,False,False,62799.0,143409.96596142693,False,False,False,False,19464.94728090647,False,False,False,False
2024-07-23 17:00:00+00:00,3.005,3.075,2.985,3.05,16840.0,,,,,,3.2057009078635583,3.831135111226149,4.311243299916423,4.549080993630863,,,,,,,,4.1198201759568365,,4.003396097718766,"rgba(239, 83, 80, 1.0)",0.8511808808307954,4.022788366592913,-1.142869146265859,41.265611731365986,-10.208882241288507,True,False,False,True,False,0.0,0.0,0.0,0.0,0.0,0,,,False,False,False,False,,,False,False,False,False,45959.0,141899.09827210248,False,False,False,False,19424.250423838148,False,False,False,False
2024-07-24 17:00:00+00:00,3.015,3.045,2.955,2.98,12225.0,,,,,,3.1818845844532713,3.8142672857937296,4.294288751758707,4.534817873320135,,,,,,,,4.102218279105358,,3.9854953548862397,"rgba(239, 83, 80, 1.0)",0.8505156199740347,4.006895689589735,-1.2073801650122367,39.08553937410608,-4.742418955951088,True,False,False,True,False,0.0,0.0,0.0,0.0,0.0,0,,,False,False,False,False,,,False,False,False,False,33734.0,140222.12000431793,False,False,False,False,19312.634138197245,False,False,False,False
2024-07-25 17:00:00+00:00,3.045,3.095,2.995,3.0,13093.0,,,,,,3.1655979973028012,3.797713128118155,4.277105944158296,4.5201857919560835,,,,,,,,4.084570132001792,,3.969034598707426,"rgba(239, 83, 80, 1.0)",0.8474021349857308,3.9922110075811377,-1.1708856593780534,38.21964719554559,-5.882399851260985,True,False,False,True,False,0.0,0.0,0.0,0.0,0.0,0,,,False,False,False,False,,,False,False,False,False,46827.0,138774.13364766183,False,False,False,False,19216.205701946124,False,False,False,False
2024-07-26 17:00:00+00:00,3.015,3.145,3.005,3.11,10031.0,,,,,,3.1596058516797467,3.7863974898583748,4.264838291399434,4.509585753663915,,,,,,,,4.07214310573143,,3.95851409846658,"rgba(239, 83, 80, 1.0)",0.84890755446988,3.982836546679608,-1.0281879835839973,40.67300724683305,-5.882399851260985,True,False,False,True,False,0.0,0.0,0.0,0.0,0.0,0,,,False,False,False,False,,,False,False,False,False,56858.0,137504.11607172908,False,False,False,False,19073.79941199347,False,False,False,False
2024-07-29 17:00:00+00:00,2.925,3.055,2.885,3.035,17781.0,,,,,,3.139686920501087,3.764593722612421,4.241998534403845,4.489947220918572,,,,,,,,4.048807268316246,,3.9370067333504344,"rgba(239, 83, 80, 1.0)",0.8503756456641587,3.963359644273765,-1.0917053528134608,40.80536390789746,-5.882399851260985,True,False,False,True,False,0.0,0.0,0.0,0.0,0.0,0,,,False,False,False,False,,,False,False,False,False,39077.0,135978.11427216738,False,False,False,False,19053.756010257137,False,False,False,False
2024-07-30 17:00:00+00:00,2.985,3.005,2.935,2.955,10012.0,,,,,,3.128750828508185,3.752429404542665,4.229228421511736,4.4789184389094245,,,,,,,,4.035785344010651,,3.925022487496532,"rgba(239, 83, 80, 1.0)",0.8543653563681981,3.9524298928474817,-1.1674512378257391,39.440713432624236,-5.882399851260985,True,False,False,True,False,0.0,0.0,0.0,0.0,0.0,0,,,False,False,False,False,,,False,False,False,False,29065.0,134320.546609033,False,False,False,False,18913.57374653222,False,False,False,False
2024-07-31 17:00:00+00:00,3.01,3.115,2.99,3.015,22076.0,,,,,,3.1179857638927047,3.7293071221067002,4.2035719386096435,4.456332532963415,,,,,,,,4.010085374460224,,3.903456546406538,"rgba(239, 83, 80, 1.0)",0.8554037664188762,3.932815672284892,-1.0729619254861378,40.26475314779873,-5.882399851260985,True,False,False,True,False,0.0,0.0,0.0,0.0,0.0,0,,,False,False,False,False,,,False,False,False,False,51141.0,133030.9412352495,False,False,False,False,18962.603610927068,False,False,False,False
2024-08-01 17:00:00+00:00,2.755,2.76,2.71,2.715,16890.0,,,,,,3.0848963005047967,3.7050539534803657,4.17961708948786,4.435827063381492,,,,,,,,3.985266149924125,,3.8781321113557277,"rgba(239, 83, 80, 1.0)",0.865563670950014,3.9092081071214273,-1.3796883432165126,36.397291312840636,-8.786519590706462,True,False,False,True,False,0.0,0.0,0.0,0.0,0.0,0,,,False,False,False,False,,,False,False,False,False,34251.0,131499.46927811386,False,False,False,False,18930.47022161037,False,False,False,False
2024-08-02 17:00:00+00:00,2.615,2.62,2.585,2.595,6370.0,,,,,,3.069848267092789,3.69504730955346,4.170002267820709,4.42764753225576,,,,,,,,3.9752230653286733,,3.867553688410278,"rgba(239, 83, 80, 1.0)",0.8748092816604512,3.899282199071944,-1.4909331970007476,32.62905527853268,-12.37160919123307,False,False,False,True,False,0.0,0.0,0.0,0.0,0.0,0,,,False,False,False,False,,,False,False,False,False,27881.0,129892.98138232913,False,False,False,False,18735.7342491823,False,False,False,False
2024-08-05 17:00:00+00:00,2.445,2.485,2.425,2.455,8507.0,,,,,,3.0453802001225627,3.6802303292745795,4.156173767392427,4.415979257636861,,,,,,,,3.960645212985007,,3.851681753482288,"rgba(255, 0, 0, 1.0)",0.8878462400359316,3.884317732647316,-1.609870795408753,28.941731404303546,-15.7729603816286,False,False,False,True,False,0.0,0.0,0.0,0.0,0.0,0,,,False,False,False,False,,,False,False,False,False,19374.0,128179.50880275814,False,False,False,False,18577.149222063195,False,False,False,False
2024-08-06 17:00:00+00:00,2.46,2.495,2.385,2.385,7226.0,,,,,,3.0249862817409148,3.6675849306274935,4.14437481034914,4.406009253788618,,,,,,,,3.9482110319982295,,3.8382332617008785,"rgba(255, 0, 0, 1.0)",0.898155141196471,3.8716137562491086,-1.655185933989897,25.956972250919797,-18.48763343058318,False,True,False,True,False,0.0,0.0,0.0,0.0,0.0,0,,,False,False,False,False,,,False,False,False,False,12148.0,126380.57068178513,False,False,False,False,18401.162412418806,False,False,False,False
2024-08-07 17:00:00+00:00,2.335,2.345,2.28,2.28,16494.0,,,,,,2.9747505498500284,3.6369609005195658,4.116200030652678,4.382267170342199,,,,,,,2.3016666666666663,3.9183950097490716,,3.5550400546300343,"rgba(255, 0, 0, 1.0)",0.911992388738586,3.6697691388025095,-1.5238823875764538,23.23425203368432,-20.98744229200032,False,True,False,True,False,0.0,0.0,0.0,0.0,0.0,0,,,False,False,False,False,-0.34282825441539394,-0.34282825441539394,False,False,False,False,-4346.0,124353.80214408303,False,False,False,False,18371.59400292394,False,False,False,False
2024-08-08 17:00:00+00:00,2.445,2.5,2.415,2.495,27324.0,,,,,,2.922669254656431,3.595170711430143,4.075533088262994,4.347181725537701,,,,,,,2.4066358574101967,3.8762112654288092,,3.5372336504543793,"rgba(239, 83, 80, 1.0)",0.9196989666130891,3.645751871155088,-1.2512266653869155,26.959240334523738,-20.98744229200032,False,True,False,True,True,0.0,0.0,0.0,0.0,0.0,0,0.804595137184921,0.8911443229979925,False,False,False,False,-0.31061886910568665,-0.3267235617605403,False,False,False,False,22978.0,122782.08428138407,False,False,False,False,18510.39099512667,False,False,False,False
2024-08-09 17:00:00+00:00,2.435,2.46,2.39,2.395,19939.0,,,,,,2.8871210679234336,3.565115581145645,4.046129092896253,4.32165415769106,,,,,,,2.4092516115877474,3.845802629944715,,3.512512356864809,"rgba(239, 83, 80, 1.0)",0.9219407995299007,3.6205347841350886,-1.3292987844338715,28.345310978924516,-20.98744229200032,False,False,False,True,True,0.0,0.0,0.0,0.0,0.0,0,0.8085297418630754,0.8897867564534231,False,False,False,False,-0.31778197969181327,-0.32225277072617675,False,False,False,False,3039.0,120925.60235454091,False,False,False,False,18532.53997194641,False,False,False,False
2024-08-12 17:00:00+00:00,2.36,2.44,2.35,2.36,51251.0,,,,,,2.8102776314497198,3.4925094552459686,3.9737411422670768,4.257991817233753,,,,,,,2.3977016526386574,3.7715454062104747,,3.4506278508409416,"rgba(239, 83, 80, 1.0)",0.9211616637761286,3.558272848538209,-1.3008279606710027,28.89282872233936,-20.98744229200032,False,False,False,True,True,0.0,0.0,0.0,0.0,0.0,0,0.8054054054054055,0.895945945945946,False,False,False,False,-0.3244221925132816,-0.3233374816197292,False,False,False,False,-48212.0,118303.31394594337,False,False,False,False,19039.802918117784,False,False,False,False
2024-08-13 17:00:00+00:00,2.565,2.565,2.485,2.485,18947.0,,,,,,2.794337972484388,3.470726361831978,3.9505831411993735,4.237042076399974,,,,,,,2.413821208614834,3.748331822774495,,3.435807097217507,"rgba(239, 83, 80, 1.0)",0.9217325196811885,3.5422580382313247,-1.1470334567310398,32.22837320065641,-23.77419083371597,False,False,False,True,True,0.0,0.0,0.0,0.0,0.0,0,0.801612180922526,0.8918495297805643,False,False,False,False,-0.2958388616014645,-0.3095881716105968,False,False,False,False,-29265.0,116015.43310957214,False,False,False,False,19038.364113185726,False,False,False,False
2024-08-14 17:00:00+00:00,2.455,2.56,2.45,2.54,65076.0,,,,,,2.751317450189592,3.403110039830861,3.876600513495443,4.168961761643306,,,,,,,2.4474479854896978,3.6750262119841635,,3.387077327105511,"rgba(239, 83, 80, 1.0)",0.9198924339780629,3.4905787273568176,-1.0333585669859815,35.659258301584586,-20.448430382777325,True,False,False,True,True,0.0,0.0,0.0,0.0,0.0,0,0.7971761541909459,0.8975795607350963,False,False,False,False,-0.3002047779775869,-0.3048964747940919,False,False,False,False,35811.0,114771.953526478,False,False,False,False,19752.12590988052,False,False,False,False
2024-08-15 17:00:00+00:00,2.555,2.565,2.48,2.485,25114.0,,,,,,2.7377027526920372,3.3793330312121252,3.8499208659695294,4.144007347795731,,,,,,,2.4544565348323633,3.648867709366147,,3.369048040311322,"rgba(239, 83, 80, 1.0)",0.9169272618935475,3.471711470176719,-1.0761065912022947,37.060478220652016,-19.01030468423546,True,False,False,True,True,0.0,0.0,0.0,0.0,0.0,0,0.7974994418396965,0.8941728064300069,False,False,False,False,-0.2963839990140019,-0.3006402369040469,False,False,False,False,10697.0,113158.38835552485,False,False,False,False,19835.255740735087,False,False,False,False
2024-08-16 17:00:00+00:00,2.545,2.675,2.545,2.635,43269.0,,,,,,2.727127608896096,3.3459580775303177,3.8098436733442482,4.105466451429594,,,,,,,2.4809726678483552,3.61048665147154,,3.3466425217533584,"rgba(239, 83, 80, 0.5)",0.909985610221835,3.447173722160806,-0.8925127090337349,41.22065026343272,-14.999698830673694,True,False,False,True,True,0.0,0.0,0.0,0.0,0.0,0,0.8000899482797393,0.8857656847312796,False,False,False,False,-0.27740321934406303,-0.28902172812405497,False,False,False,False,53966.0,112240.67690815237,False,False,False,False,20198.56960521981,False,False,False,False
2024-08-19 17:00:00+00:00,2.635,2.655,2.605,2.64,9306.0,,,,,,2.725373895368501,3.339299123243014,3.8016668421735265,4.097511451797157,,,,,,,2.4860965054929176,3.6027217052264486,,3.342111587216928,"rgba(239, 83, 80, 0.5)",0.894683637276778,3.442213967022664,-0.8966453991093748,44.094996231436156,-12.25969585680646,True,False,False,True,True,0.0,0.0,0.0,0.0,0.0,0,0.7997296688443343,0.8905158819553953,False,False,False,False,-0.27309243800070143,-0.2810570830623782,False,False,False,False,63272.0,111481.47261500271,False,False,False,False,20029.69255707687,False,False,False,False
2024-08-20 17:00:00+00:00,2.545,2.58,2.52,2.55,15090.0,,,,,,2.72021327470156,3.3275181314777362,3.78771803110969,4.084069439423697,,,,,,,2.4894010657619687,3.5893294058534515,,3.3330415580546835,"rgba(239, 83, 80, 1.0)",0.8797604096447923,3.432684478441323,-1.0033237103698627,44.21157341061597,-11.986568228262094,True,False,False,True,True,0.0,0.0,0.0,0.0,0.0,0,0.7979274611398964,0.8884883982879026,False,False,False,False,-0.2903968162698034,-0.2857269496660908,False,False,False,False,48182.0,110500.08544267708,False,False,False,False,19953.108176346992,False,False,False,False
2024-08-21 17:00:00+00:00,2.785,2.855,2.74,2.775,16850.0,,,,,,2.7224334110568833,3.3187063159652808,3.775455053629475,4.071638424037742,,,,,,,2.505811005637271,3.578133683340787,,3.3286963156112406,"rgba(239, 83, 80, 0.5)",0.8630169582750182,3.3635086791378574,-0.681920179545669,48.61347922154134,-7.676735045280822,True,False,False,False,True,0.0,0.0,0.0,0.0,0.0,0,0.8002680965147452,0.8867292225201071,False,False,False,False,-0.23735935400667507,-0.26154315183638294,False,False,False,False,65032.0,109795.15388542626,False,False,False,False,19904.99797206254,False,False,False,False
2024-08-22 17:00:00+00:00,2.755,2.76,2.705,2.705,25068.0,,,,,,2.7224740786542716,3.3045315361604746,3.7565619068563434,4.052641017397407,,,,,,,2.522150209152364,3.560685340650929,,3.3198406814786314,"rgba(239, 83, 80, 0.5)",0.8383817961024859,3.3504143139047726,-0.7698334063373145,50.10207041567753,-6.144320881769588,True,False,False,False,True,0.0,0.0,0.0,0.0,0.0,0,0.7946708463949844,0.8929690998656518,False,False,False,False,-0.25115066837913885,-0.2563469101077609,False,False,False,False,39964.0,108712.500336815,False,False,False,False,19985.04451513134,False,False,False,False
2024-08-23 17:00:00+00:00,2.775,2.8,2.75,2.77,13267.0,,,,,,2.72366203923778,3.297921576719379,3.747305595726533,4.043171938958537,,,,,,,2.5317539397781914,3.552270517935882,,3.3160142680593836,"rgba(239, 83, 80, 0.5)",0.8193945413623455,3.3468888679431616,-0.7040428497168312,52.23858202426571,-3.9435580817423173,True,False,True,False,True,0.0,0.0,0.0,0.0,0.0,0,0.7925842696629213,0.8946067415730338,False,False,False,False,-0.24212299595122944,-0.24923495302949517,False,False,False,False,53231.0,107852.32203701942,False,False,False,False,19880.88878621457,False,False,False,False
2024-08-26 17:00:00+00:00,2.775,2.795,2.765,2.79,7347.0,,,,,,2.7244240361156447,3.2943998396562613,3.7423060904234853,4.0380290348533805,,,,,,,2.536970238733578,3.5477463220533716,,3.313979260305954,"rgba(239, 83, 80, 0.5)",0.7953270787306038,3.345032766357049,-0.6978673066720162,54.020927204969574,-2.0510410523475002,True,False,True,False,True,0.0,0.0,0.0,0.0,0.0,0,0.7846614463380931,0.906955320128973,False,False,False,False,-0.24106348415258874,-0.24514921859104194,False,False,False,False,60578.0,107119.38681163927,False,False,False,False,19686.56492906396,False,False,False,False
2024-08-27 17:00:00+00:00,2.705,2.71,2.6,2.615,24714.0,,,,,,2.721015549789379,3.2797112169976055,3.7234336005661497,4.019114241740944,,,,,,,2.543796321211994,3.5301614814093516,,3.302872068619237,"rgba(239, 83, 80, 0.5)",0.7808530389698579,3.3309811944382397,-0.9169218261387562,51.45527269595401,-2.0510410523475002,True,False,False,False,False,0.0,0.0,0.0,0.0,0.0,0,0.7655491329479769,0.9149132947976879,False,False,False,False,-0.2677178352829603,-0.2564335269370011,False,False,False,False,35864.0,106014.65213238905,False,False,False,False,19764.509658845913,False,False,False,False
2024-08-28 17:00:00+00:00,2.53,2.57,2.515,2.555,13987.0,,,,,,2.7170441053051,3.2704926987392278,3.712123618786112,4.007911918377012,,,,,,,2.543898466579993,3.519476310873424,,3.2951578531101453,"rgba(239, 83, 80, 0.5)",0.7725469343449366,3.3213018330303905,-0.9919162175954505,48.66176892450503,-2.0510410523475002,True,False,False,False,False,0.0,0.0,0.0,0.0,0.0,0,0.7575266327003243,0.9219546086150995,False,False,False,False,-0.2920276601608631,-0.2742305935489321,False,False,False,False,21877.0,104710.19240940627,False,False,False,False,19674.93586568551,False,False,False,False
2024-08-29 17:00:00+00:00,2.655,2.72,2.64,2.64,23933.0,,,,,,2.7151542337608863,3.2577732263883967,3.6952088478166076,3.9906761000041877,,,,,,,2.5509449424747075,3.503911831528815,,3.2856115303289335,"rgba(239, 83, 80, 0.5)",0.7578004087221473,3.311323235820404,-0.8858839716811885,48.70732274778587,-2.0510410523475002,True,False,False,False,False,0.0,0.0,0.0,0.0,0.0,0,0.7635900994679621,0.9139486467730743,False,False,False,False,-0.26235829792584847,-0.26829444573739025,False,False,False,False,45810.0,103797.01113174106,False,False,False,False,19740.952363891938,False,False,False,False
2024-08-30 17:00:00+00:00,2.705,2.71,2.625,2.63,32807.0,,,,,,2.7122121576239326,3.2408564406097233,3.6726392818453455,3.967554889724563,,,,,,,2.5585346785746315,3.4831921543682665,,3.2724982671244103,"rgba(239, 83, 80, 0.5)",0.7369275882135667,3.29778281386018,-0.9061715486578471,48.52406970552802,-2.0510410523475002,True,False,False,False,False,0.0,0.0,0.0,0.0,0.0,0,0.7665659149035107,0.9116484538479422,False,False,False,False,-0.26503620668034866,-0.26666532620886946,False,False,False,False,13003.0,102389.35204442724,False,False,False,False,19943.526745847103,False,False,False,False
2024-09-02 17:00:00+00:00,2.63,2.63,2.63,2.63,0.0,,,,,,2.7122121576239326,3.2408564406097233,3.6726392818453455,3.967554889724563,,,,,,,2.5585346785746315,3.4831921543682665,,3.2724982671244103,"rgba(239, 83, 80, 0.5)",0.7159075699059498,3.29778281386018,-0.9327779757209551,48.40190101068946,-2.0510410523475002,True,False,False,False,False,0.0,0.0,0.0,0.0,0.0,0,0.7595510983763133,0.9278892072588348,False,False,False,False,-0.27309243800070143,-0.26987888210478544,False,False,False,False,13003.0,101003.51712900976,False,False,False,False,19634.32478079521,False,False,False,False
2024-09-03 17:00:00+00:00,2.405,2.44,2.38,2.43,11851.0,,,,,,2.7070812452054236,3.2325846622838332,3.662871843145593,3.9579172399749702,,,,,,,2.554892663885243,3.4738710401800597,,3.2648697824458544,"rgba(239, 83, 80, 1.0)",0.6950599494527987,3.288957044510674,-1.2358028184286938,44.31550973782058,-0.7720745271297389,True,False,False,True,False,0.0,0.0,0.0,0.0,0.0,0,0.764621628073526,0.9274289806636431,False,False,False,False,-0.3210986634190095,-0.29548877276189744,False,False,False,False,1152.0,99455.43159212588,False,False,False,False,19513.653078767376,False,False,False,False
2024-09-04 17:00:00+00:00,2.47,2.47,2.42,2.44,11023.0,,,,,,2.702889960191373,3.225285106303241,3.6541137267446557,3.9492131023527133,,,,,,,2.5522909495328188,3.4655612674976233,,3.2582256854370706,"rgba(239, 83, 80, 1.0)",0.677016986492949,3.2815050549387856,-1.2429600316203437,41.88583519556576,-3.2002985598913654,True,False,False,True,False,0.0,0.0,0.0,0.0,0.0,0,0.7721488595438177,0.9171668667466989,False,False,False,False,-0.3133702209613518,-0.3044294968616246,False,False,False,False,12175.0,98102.24660620144,False,False,False,False,19382.015046538425,False,False,False,False
2024-09-05 17:00:00+00:00,2.495,2.505,2.44,2.445,18724.0,,,,,,2.6965934843397306,3.213499887655857,3.6397628011208085,3.9348484223432343,,,,,,,2.5489012327840657,3.4520192789475876,,3.2476041845318804,"rgba(239, 83, 80, 1.0)",0.661899750173146,3.26993437580946,-1.2463131699228867,40.42820138221638,-4.707795315611882,False,False,False,True,False,0.0,0.0,0.0,0.0,0.0,0,0.7682662165420786,0.9218712322160599,False,False,False,False,-0.3073232476833144,-0.30587637227246955,False,False,False,False,30899.0,97060.3358061053,False,False,False,False,19371.813262871165,False,False,False,False
2024-09-06 17:00:00+00:00,2.325,2.34,2.3,2.31,5440.0,,,,,,2.6937141923092636,3.20948775883233,3.635146204813095,3.9303160900750522,,,,,,,2.5463583530755214,3.447579663015817,,3.2437670436868467,"rgba(239, 83, 80, 1.0)",0.6465182703326082,3.265629166138175,-1.478116257482625,37.08006852019104,-7.947587306639079,False,True,False,True,False,0.0,0.0,0.0,0.0,0.0,0,0.7726503986470165,0.9222034307803819,False,False,False,False,-0.3411458746692409,-0.3235111234708552,False,False,False,False,25459.0,95950.23757655328,False,False,False,False,19155.816158020447,False,False,False,False
2024-09-09 17:00:00+00:00,2.245,2.245,2.165,2.165,11025.0,,,,,,2.686119841867659,3.20034253141662,3.6250103464417984,3.920502500419808,,,,,,,2.5386582316949107,3.4377049220467533,,3.2347230623145915,"rgba(255, 0, 0, 1.0)",0.6319523801765482,3.255354506815432,-1.7253744760179874,32.95656774943547,-11.788293609807077,False,True,False,True,False,0.0,0.0,0.0,0.0,0.0,0,0.7652173913043478,0.9304347826086957,False,False,False,False,-0.34282825441539394,-0.3331696889431246,False,False,False,False,14434.0,94686.41993970748,False,False,False,False,19029.75699277982,False,False,False,False
2024-09-10 17:00:00+00:00,2.085,2.165,2.08,2.16,10538.0,,,,,,2.678265005723271,3.191271053708251,3.615076585921046,3.9109213162169456,,,,,,2.1350000000000002,2.530452441304773,3.427987743963411,,3.069853449548243,"rgba(255, 0, 0, 1.0)",0.6194419749745362,3.144207664613637,-1.5888617568321803,30.14832537151822,-14.344928836306856,False,True,False,True,False,0.0,0.0,0.0,0.0,0.0,0,0.7629414610546688,0.9322689888727625,False,False,False,False,-0.34282825441539394,-0.3379989716792593,False,False,False,False,3896.0,93278.81652978953,False,False,False,False,18898.10184560494,False,False,False,False
2024-09-11 17:00:00+00:00,2.495,2.555,2.44,2.49,43803.0,,,,,,2.6680150803602056,3.167469409091713,3.5848738493000076,3.8800281104973915,,,,,,2.4251875195524555,2.527690151734803,3.3999298741980764,,3.093313427819236,"rgba(239, 83, 80, 1.0)",0.6052434697356521,3.151424303871232,-1.0928235279599423,37.03375175463414,-19.10229542107256,False,True,False,True,True,0.0,0.0,0.0,0.0,0.0,0,0.770992366412214,0.926049618320611,False,False,False,False,-0.2651252780291219,-0.3015621248541906,False,False,False,False,47699.0,92572.15270762226,False,False,False,False,19284.224297611065,False,False,False,False
2024-09-12 17:00:00+00:00,2.615,2.645,2.58,2.59,20200.0,,,,,,2.6664306477698863,3.1587400556147998,3.572838765910719,3.8673269551975453,,,,,,2.473915227861177,2.530371631463844,3.3890562704517384,,3.094097079181387,"rgba(239, 83, 80, 0.5)",0.5858678555306971,3.1497283095230117,-0.9553832049993471,43.36374894247615,-13.562608950446823,True,False,False,True,True,0.0,0.0,0.0,0.0,0.0,0,0.7794649313087493,0.916365389250422,False,False,False,False,-0.2419483977570339,-0.27175526130561223,False,False,False,False,67899.0,92189.62320827928,False,False,False,False,19298.42237051632,False,False,False,False
2024-09-13 17:00:00+00:00,2.525,2.55,2.485,2.54,5556.0,,,,,,2.6654592646984896,3.156046318085655,3.5693108389154786,3.863659166142496,,,,,,2.477458768742899,2.5303208701070234,3.385817600516314,,3.0925818324583365,"rgba(239, 83, 80, 1.0)",0.5633411188757748,3.1479434238864026,-1.0791745951363143,46.53208830539606,-10.939848067120401,True,False,False,False,True,0.0,0.0,0.0,0.0,0.0,0,0.7693991729506203,0.9236195572853321,False,False,False,False,-0.2610751288758139,-0.2664151950907131,False,False,False,False,62343.0,91726.88486396488,False,False,False,False,19085.36155857033,False,False,False,False
2024-09-16 17:00:00+00:00,2.475,2.53,2.475,2.525,15994.0,,,,,,2.6624451793198305,3.1482368607480384,3.559142396812861,3.853094700646006,,,,,,2.482875139190975,2.5297827146429737,3.376468447441622,,3.087435062686044,"rgba(239, 83, 80, 1.0)",0.539488179199034,3.142232763620126,-1.1441080405812003,48.315615225372895,-9.384966611180417,True,False,False,False,True,0.0,0.0,0.0,0.0,0.0,0,0.768516255194329,0.9269127352725495,False,False,False,False,-0.26411194845082137,-0.2652635717707672,False,False,False,False,46349.0,91023.35176529875,False,False,False,False,19037.433472390945,False,False,False,False
2024-09-17 17:00:00+00:00,2.495,2.575,2.485,2.555,12655.0,,,,,,2.660569988550443,3.1424587038105907,3.551447646833063,3.8450257579387443,,,,,,2.489328925508371,2.5299582084533485,3.369448644145797,,3.084033982177194,"rgba(239, 83, 80, 1.0)",0.5219077789511508,3.138355456823982,-1.1177366583734756,50.15062926413347,-7.571763799817354,True,False,False,False,True,0.0,0.0,0.0,0.0,0.0,0,0.7620808678500987,0.9339250493096646,False,False,False,False,-0.2585480402519592,-0.2619058060113632,False,False,False,False,59004.0,90526.92770692201,False,False,False,False,18938.48101545465,False,False,False,False
2024-09-18 17:00:00+00:00,2.555,2.66,2.515,2.52,24241.0,,,,,,2.6578818511350293,3.13216606324328,3.537407021073045,3.830152674396292,,,,,,2.5031223227332995,2.531283745791286,3.356746258075794,,3.078394276635432,"rgba(239, 83, 80, 1.0)",0.5076495741060792,3.1318539334465143,-1.20526828870866,50.47322054344836,-6.986495111410328,True,False,False,False,True,0.0,0.0,0.0,0.0,0.0,0,0.7681481481481481,0.9222222222222223,False,False,False,False,-0.24696440080067897,-0.2544351034060211,False,False,False,False,34763.0,89662.37068821004,False,False,False,False,19020.690612114267,False,False,False,False
2024-09-19 17:00:00+00:00,2.645,2.65,2.585,2.61,26369.0,,,,,,2.656608764722241,3.1223295948389587,3.5233431302199554,3.8149856119171637,,,,,,2.521634976614205,2.534592359835053,3.3442209263704004,,3.073959337788282,"rgba(239, 83, 80, 1.0)",0.48961262496234303,3.126502475104268,-1.0549206633386814,52.75475347513117,-4.466613304882493,True,False,True,False,True,0.0,0.0,0.0,0.0,0.0,0,0.7699507389162561,0.9160098522167487,False,False,False,False,-0.2409466362997909,-0.247690869852906,False,False,False,False,61132.0,89220.03935971064,False,False,False,False,19134.617889445828,False,False,False,False
2024-09-20 17:00:00+00:00,2.495,2.5,2.435,2.495,33840.0,,,,,,2.650004647318925,3.1069452700166944,3.50325607104705,3.7938864326574326,,,,,,2.513758376639958,2.5317962285664297,3.3258192950918186,,3.0607809030483297,"rgba(239, 83, 80, 1.0)",0.47310315428518135,3.1130674470337554,-1.3064115963623253,51.32965918685653,-4.466613304882493,True,False,False,False,True,0.0,0.0,0.0,0.0,0.0,0,0.771232204221895,0.9162984781541482,False,False,False,False,-0.27121652283091086,-0.2594536963419084,False,False,False,False,27292.0,88259.91471847483,False,False,False,False,19362.6083097645,False,False,False,False
2024-09-23 17:00:00+00:00,2.535,2.61,2.515,2.58,18419.0,,,,,,2.6484050999373356,3.100049415677426,3.4935910608849885,3.7834593468388884,,,,,,2.5185085887106298,2.5327316189944047,3.317173902177212,,3.0562741476029838,"rgba(239, 83, 80, 1.0)",0.4543880153222155,3.1082118876058202,-1.1624687927370942,52.331329431129916,-4.223128066472285,True,False,True,False,True,0.0,0.0,0.0,0.0,0.0,0,0.7727272727272728,0.9192193675889327,False,False,False,False,-0.25199261434958026,-0.2557231553457443,False,False,False,False,45711.0,87600.24162206436,False,False,False,False,19347.978723566597,False,False,False,False
2024-09-24 17:00:00+00:00,2.885,2.935,2.865,2.865,17407.0,,,,,,2.6527652545301366,3.09751836643309,3.4877350422362263,3.776319402121499,,,,,,2.546617413756466,2.5411319824808065,3.312597706434205,,3.0592407382846325,"rgba(239, 83, 80, 0.5)",0.44006262863041506,3.1103328066888647,-0.5574952080170986,57.56650092801142,0.9862378671131893,True,False,True,False,True,0.0,0.0,0.0,0.0,0.0,0,0.7723577235772359,0.922641044592264,False,False,False,False,-0.18504931381311998,-0.22038623457943213,False,False,False,False,63118.0,87220.67198451298,False,False,False,False,19317.886030177968,False,False,False,False
2024-09-25 17:00:00+00:00,2.915,2.92,2.875,2.895,42154.0,,,,,,2.6630464998761685,3.0918671429693405,3.47420321504431,3.7596497018586192,,,,,,2.601032170988583,2.560370475202669,3.3021200413852023,,3.0646127496178415,"rgba(239, 83, 80, 0.5)",0.41779405677183507,3.114131988389036,-0.5244976199091982,61.422206897813155,4.703068201861214,True,False,True,False,True,0.0,0.0,0.0,0.0,0.0,0,0.7665847665847667,0.9221130221130223,False,False,False,False,-0.18553851213120565,-0.2029623733553189,False,False,False,False,105272.0,87500.5375351407,False,False,False,False,19671.934308779862,False,False,False,False
2024-09-26 17:00:00+00:00,3.225,3.29,3.195,3.275,21572.0,,,,,,2.675511069846419,3.0941590213664836,3.4716455225756775,3.7547867635491525,,,,,,2.6490989064542427,2.57904235480156,3.301499124461049,,3.075106109007798,#000000,0.39966267307849224,3.12347978814264,0.3791202483090077,67.37146649446859,10.237286980254815,True,False,True,False,True,1.369360553400469,0.0,0.0,0.0,0.0,0,0.768986568986569,0.9230769230769231,False,False,False,False,-0.1187499033203889,-0.1608561383378539,False,False,False,False,126844.0,88110.51369738657,False,False,False,False,19701.392691589474,False,False,False,False
2024-09-27 17:00:00+00:00,3.305,3.305,3.205,3.24,36174.0,,,,,,2.695157779515197,3.097782133093566,3.467423462997982,3.746785622373325,,,,,,2.715184471293093,2.6080482702493404,3.300422989607945,,3.0901149613043493,#000000,0.3868933787059168,3.1369728797521237,0.26629331469171746,70.46810090014347,13.043999002243183,True,False,True,False,True,0.8416824028371437,0.0,0.0,0.0,0.0,0,0.7699633699633699,0.9203907203907202,False,False,False,False,-0.11635318951144143,-0.13860466392464765,False,False,False,False,90670.0,88150.19565556663,False,False,False,False,19956.781952184985,False,False,False,False
2024-09-30 17:00:00+00:00,3.315,3.315,3.245,3.27,29264.0,,,,,,2.71081265844056,3.1010844424874744,3.4645285125533447,3.740833724861105,,,,,,2.7610578861262023,2.630641487073611,3.3000280751543887,,3.101283826670955,#000000,0.37431107889531834,3.147127632980314,0.32826270433221383,72.7717970134705,15.22873925459416,True,False,True,False,True,1.2871542574713786,0.0,0.0,0.0,0.0,0,0.7700220426157238,0.9221160911094783,False,False,False,False,-0.10818004787120879,-0.12339235589792821,False,False,False,False,119934.0,88642.96781594543,False,False,False,False,20101.079906414674,False,False,False,False
2024-10-01 17:00:00+00:00,3.245,3.27,3.195,3.215,16793.0,,,,,,2.718660619485061,3.102400852678822,3.4624749179641263,3.7371251868176305,,,,,,2.781909635828495,2.6419790124505615,3.299334868343437,,3.106269299081162,#000000,0.3671806757560126,3.1516485781385386,0.1725347384663499,72.76899509110515,15.45124769932265,True,False,True,False,True,0.43939226569026957,0.0,0.0,0.0,0.0,0,0.7823705179282869,0.9223107569721116,False,False,False,False,-0.11741664177087142,-0.12040449883439983,False,False,False,False,103141.0,88867.74350872147,False,False,False,False,20049.791845850104,False,False,False,False
2024-10-02 17:00:00+00:00,3.245,3.26,3.205,3.22,17811.0,,,,,,2.7267539948521393,3.1037855633431097,3.460350354111317,3.7332625047135735,,,,,,2.802152647300933,2.653574770125408,3.298630350377364,,3.1112157406891208,#000000,0.35991419147516074,3.15614397818577,0.17742012770462628,72.82217910036098,15.936021838264253,True,False,True,False,True,0.5161753821079529,0.0,0.0,0.0,0.0,0,0.7838983050847458,0.9125124626121636,False,False,False,False,-0.11741664177087142,-0.11891057030263563,False,False,False,False,120952.0,89365.17384191959,False,False,False,False,20015.081894751653,False,False,False,False
2024-10-03 17:00:00+00:00,3.045,3.075,3.02,3.07,6713.0,,,,,,2.7287068704224953,3.1035842164996237,3.458968801575407,3.731327268154981,,,,,,2.8064013369945493,2.656544705142858,3.2977226073807997,,3.1118936865958164,#000000,0.35052502448867506,3.1567130705079687,-0.24738054190128272,68.72782887760957,15.936021838264253,True,False,True,False,False,0.0,0.0,0.0,0.0,0.0,0,0.7807778053009661,0.9162744612335894,False,False,False,False,-0.1535965936975102,-0.13625358200007293,False,False,False,False,114239.0,89750.81455754874,False,False,False,False,19808.848066926043,False,False,False,False
2024-10-04 17:00:00+00:00,3.265,3.265,3.18,3.245,36870.0,,,,,,2.744568916096099,3.1063862717656074,3.4547613895259923,3.7235922546375444,,,,,,2.8421920085187065,2.678937070390097,3.2963645314874173,,3.1209717774887804,#000000,0.34658078891253724,3.1649822880773515,0.230877516822901,68.39643863497895,15.936021838264253,True,False,True,False,False,0.9040970822920045,0.0,0.0,0.0,0.0,0,0.7818858560794045,0.9196029776674939,False,False,False,False,-0.11936367943176242,-0.12780863071591766,False,False,False,False,151109.0,90702.10425433093,False,False,False,False,20073.362050384552,False,False,False,False
2024-10-07 17:00:00+00:00,3.445,3.56,3.42,3.49,31002.0,,,,,,2.7638880478107635,3.11340512840488,3.455297575109122,3.720600563953908,,,,,,2.8851625211732195,2.704720531722212,3.2995754543481985,,3.134664260360329,"rgba(38, 166, 154, 0.5)",0.35004738417986303,3.1777907674048973,0.8919056296523618,70.57497417435836,15.936021838264253,True,False,True,False,False,4.4425801463430865,0.0,0.0,0.0,0.0,0,0.7848194546794399,0.9150085973962171,False,False,False,False,-0.06754253008430099,-0.09767558040010932,False,False,False,False,182111.0,92119.29643643432,False,False,False,False,20242.798297665413,False,False,False,False
2024-10-08 17:00:00+00:00,3.315,3.37,3.305,3.35,15980.0,,,,,,2.7715047222836353,3.115537757753707,3.4544133008028726,3.718115422125204,,,,,,2.9002548161634136,2.7149892857250957,3.299932174103968,,3.1392496398511285,#000000,0.3496432931323378,3.182042505511016,0.4803681288558652,68.89446595554752,15.936021838264253,True,False,True,False,False,2.2903723424704516,0.0,0.0,0.0,0.0,0,0.7757946210268949,0.9212713936430318,False,False,False,False,-0.09033468194589635,-0.09400513117300283,False,False,False,False,166131.0,93266.76470873767,False,False,False,False,20176.708401577576,False,False,False,False
2024-10-09 17:00:00+00:00,3.445,3.465,3.395,3.425,20298.0,,,,,,2.782322062690231,3.119206321508335,3.454158029368261,3.715721373939648,,,,,,2.9215372025316375,2.729304136731723,3.3012996855489463,,3.1462212589026826,"rgba(38, 166, 154, 0.5)",0.3520808414539371,3.1885577225407826,0.6715567836148536,68.58156621792152,15.936021838264253,True,False,True,False,False,3.3514457838720055,0.0,0.0,0.0,0.0,0,0.7876678269517653,0.9144704127299851,False,False,False,False,-0.07194888368956022,-0.08297700743128153,False,False,False,False,186429.0,94711.14044968746,False,False,False,False,20178.588891475596,False,False,False,False
2024-10-10 17:00:00+00:00,3.325,3.345,3.295,3.31,60541.0,,,,,,2.807340532158836,3.125880216053259,3.450257983222282,3.7061247513703606,,,,,,2.9639366837175394,2.7624740883424757,3.301772799593708,,3.1596838649226373,#000000,0.3520808414539371,3.2010001654058797,0.30958752013883956,65.9237264612184,21.309543299973626,True,False,True,False,False,1.602379432527293,0.0,0.0,0.0,0.0,0,0.7839183470251432,0.9136171272093604,False,False,False,False,-0.09381956193400955,-0.08839828468264554,False,False,False,False,125888.0,95194.5026132582,False,False,False,False,20804.36270711163,False,False,False,False
2024-10-11 17:00:00+00:00,3.675,3.745,3.585,3.665,22033.0,,,,,,2.8217099876204124,3.132431090887231,3.452452177277587,3.7057679480611476,,,,,,2.990285739710613,2.780649615397389,3.305797565254417,,3.1698705891726853,"rgba(38, 166, 154, 1.0)",0.36247531136802247,3.248508252750989,1.1490210069125102,67.73638741530108,21.309543299973626,True,False,True,False,False,6.424444242406633,0.0,0.0,0.0,0.0,0,0.7944499017681729,0.9012770137524558,False,False,False,False,-0.0254280760667612,-0.05691318037470337,False,False,False,False,147921.0,96011.96768902164,False,False,False,False,20823.41134731145,False,False,False,False
2024-10-14 17:00:00+00:00,3.525,3.6,3.51,3.59,22312.0,,,,,,2.834138372539343,3.1377093772869817,3.4536218744319864,3.7045564504953736,,,,,,3.011418668318711,2.7963589024694295,3.3086922662738445,,3.178070844545096,"rgba(38, 166, 154, 0.5)",0.37041792807777935,3.2514796899872795,0.9138874885711221,67.4954682728325,21.309543299973626,True,False,True,False,False,5.287327900863382,0.0,0.0,0.0,0.0,0,0.786624203821656,0.909358157765801,False,False,False,False,-0.04717783646680545,-0.05204550842075441,False,False,False,False,125609.0,96470.8364070213,False,False,False,False,20846.490241151583,False,False,False,False
2024-10-15 17:00:00+00:00,3.455,3.54,3.435,3.465,20889.0,,,,,,2.8440711645974894,3.1415608541134845,3.4538723879114337,3.7027402272815286,,,,,,3.0269696057372726,2.808915752345815,3.31045362866839,,3.1840833743793446,"rgba(38, 166, 154, 0.5)",0.3759664782833521,3.253038664646471,0.5637772184406865,65.04454132457015,19.85941758228398,True,False,True,False,False,3.424701953381625,0.0,0.0,0.0,0.0,0,0.7858201581027667,0.9068675889328061,False,False,False,False,-0.06054508412082542,-0.05629529627078991,False,False,False,False,104720.0,96598.73041621476,False,False,False,False,20847.14930718024,False,False,False,False
2024-10-16 17:00:00+00:00,3.575,3.63,3.535,3.585,30943.0,,,,,,2.860537326196434,3.1488034901944566,3.4556683767650194,3.7013265653853025,,,,,,3.0530391375958867,2.829428040053062,3.3145473951139164,,3.1947643330434397,"rgba(38, 166, 154, 0.5)",0.3828617702711105,3.2625896999743045,0.842106277149039,64.73509631966935,19.30242101494946,True,False,True,False,False,5.015179903023753,0.0,0.0,0.0,0.0,0,0.7861915367483296,0.9064587973273942,False,False,False,False,-0.041737016573937295,-0.04901615642236361,False,False,False,False,135663.0,97204.37800666103,False,False,False,False,21003.67412412318,False,False,False,False
2024-10-17 17:00:00+00:00,3.435,3.45,3.37,3.45,29804.0,,,,,,2.8723578921355837,3.153071204485415,3.455242007627373,3.6981922826521605,,,,,,3.069029644655341,2.8442030342818154,3.3160969470375803,,3.201170430410753,#000000,0.3865011916814289,3.265061078078395,0.4784950885068417,62.1343092163063,16.620586634153923,True,False,True,False,False,3.024855324662113,0.0,0.0,0.0,0.0,0,0.7869866402770904,0.9077189510143492,False,False,False,False,-0.07591965501969093,-0.06246790572102727,False,False,False,False,105859.0,97338.55819260428,False,False,False,False,21140.113284989486,False,False,False,False
2024-10-18 17:00:00+00:00,3.455,3.485,3.43,3.445,24767.0,,,,,,2.8823240842518123,3.156900604865944,3.4552213200282824,3.695919443367988,,,,,,3.0823426818772246,2.856540684076063,3.317702375835439,,3.206707313471822,#000000,0.3909951728924779,3.2686230356965376,0.45109754936019436,60.312270473975204,14.74943041178524,True,False,True,False,False,2.951575136557988,0.0,0.0,0.0,0.0,0,0.7846460618145563,0.9095214356929212,False,False,False,False,-0.06649274333239605,-0.06448032452671165,False,False,False,False,81092.0,97086.67356946314,False,False,False,False,21196.344086772595,False,False,False,False
2024-10-21 17:00:00+00:00,3.455,3.475,3.425,3.465,26291.0,,,,,,2.8925658969094985,3.160882454453941,3.4552188025579413,3.693568728455383,,,,,,3.095560568224386,2.869137240318668,3.319386439841358,,3.2123314472515965,#000000,0.39640217542879125,3.272565330490666,0.4854531116060998,59.39340878872041,13.71353331031947,True,False,True,False,False,3.2267129966026964,0.0,0.0,0.0,0.0,0,0.7911312673217433,0.9087931468883849,False,False,False,False,-0.06798037601291775,-0.06623035026981469,False,False,False,False,107383.0,97246.30653737843,False,False,False,False,21275.331000155966,False,False,False,False
2024-10-22 17:00:00+00:00,3.645,3.685,3.62,3.665,59781.0,,,,,,2.9224240913899253,3.1754967633032463,3.4602977356542066,3.6927677796229843,,,,,,3.137436844632761,2.905106936570757,3.3285380138724108,,3.231724023578042,"rgba(38, 166, 154, 0.5)",0.4068284052906641,3.2923869687351357,0.9158972835209132,61.430292709138655,13.71353331031947,True,False,True,False,True,5.918624421242249,0.0,0.0,0.0,0.0,0,0.791552111972007,0.9062734316420895,False,False,False,False,-0.02789804477620723,-0.04706419752301096,False,False,False,False,167164.0,98330.30178486095,False,False,False,False,21872.318116432616,False,False,False,False
2024-10-23 17:00:00+00:00,3.555,3.555,3.435,3.485,10989.0,,,,,,2.926483818824835,3.1772007030453304,3.460442444954917,3.691968618552105,,,,,,3.1422307080967267,2.909990604985874,3.3293476118581293,,3.23395207290256,#000000,0.41257455782653313,3.294077324548361,0.46275920759009104,59.30806983504817,13.59718085487686,True,False,True,False,True,3.2242630486226247,0.0,0.0,0.0,0.0,0,0.7799091367995961,0.9146895507319535,False,False,False,False,-0.059058853924002126,-0.053061525723506545,False,False,False,False,156175.0,99227.11881145224,False,False,False,False,21703.58450222436,False,False,False,False
2024-10-24 17:00:00+00:00,3.635,3.7,3.615,3.635,34746.0,,,,,,2.942439297871486,3.185122413338605,3.463167626868097,3.691447821879433,,,,,,3.163066813975176,2.9289721946412035,3.3343016362696134,,3.2440739721205163,"rgba(38, 166, 154, 0.5)",0.41953730412150847,3.303902218248821,0.7891974765974196,59.84048821520034,13.59718085487686,True,False,True,False,True,5.200558973994113,0.0,0.0,0.0,0.0,0,0.7803163444639719,0.9103690685413005,False,False,False,False,-0.026910018141418066,-0.039985771932462305,False,False,False,False,190921.0,100648.729372515,False,False,False,False,21905.792494437934,False,False,False,False
2024-10-25 17:00:00+00:00,3.495,3.5,3.44,3.5,60423.0,,,,,,2.9622930706133355,3.1934709108427515,3.463578183492063,3.6869812734200256,,,,,,3.1841764314448264,2.952501756161406,3.338113712338377,,3.2544450483303984,#000000,0.42355379802312404,3.3115555729127295,0.4449126131480996,57.83404215463621,11.976235066792505,False,False,True,False,False,3.222574606803466,0.0,0.0,0.0,0.0,0,0.7845804988662132,0.9128243890148652,False,False,False,False,-0.06401400515703376,-0.05199988854474803,False,False,False,False,130498.0,101111.50876208842,False,False,False,False,22502.958502276106,False,False,False,False
2024-10-28 17:00:00+00:00,3.695,3.71,3.62,3.695,51029.0,,,,,,2.9838507567288395,3.2047154596552367,3.467845326739195,3.6867712792344873,,,,,,3.2103152435310194,2.9776499014015245,3.3453967596293697,,3.268077818131382,"rgba(38, 166, 154, 0.5)",0.43250318959402206,3.3247675446256095,0.856022485572688,58.94335142539184,11.976235066792505,False,False,True,False,False,5.74025789369291,0.0,0.0,0.0,0.0,0,0.7920342828333752,0.9100075623897151,False,False,False,False,-0.0254280760667612,-0.03871398230575462,False,False,False,False,181527.0,102358.26056422657,False,False,False,False,22945.22271154314,False,False,False,False
2024-10-29 17:00:00+00:00,3.78,3.8,3.715,3.8,39250.0,,,,,3.7716666666666665,3.0017630070694885,3.2147190626851554,3.472489816515524,3.6879005427935243,,,,,,3.232404592639972,2.998353561899524,3.35236903937879,,3.3414582862060804,"rgba(38, 166, 154, 0.5)",0.44054156883757006,3.3701869150719803,0.9756470565584556,60.820038280492525,11.976235066792505,True,False,True,False,True,7.049838768763994,0.0,0.0,0.0,0.0,0,0.794191919191919,0.9020202020202019,False,False,False,False,-0.00715794791090925,-0.022935965108331933,False,False,False,False,220777.0,104194.2100128432,False,True,False,False,23198.00995632542,False,False,False,False
2024-10-30 17:00:00+00:00,3.525,3.605,3.5,3.58,31242.0,,,,,3.6785948287276096,3.0117158786117377,3.2195243212378815,3.473561874887287,3.68657799247588,,,,,,3.2424044718233067,3.009807243204805,3.3550589376805835,,3.3346556935811362,#000000,0.4447629898239181,3.3672871203195265,0.4782611965188172,58.37904641569111,11.976235066792505,False,False,True,False,False,3.861786936864224,0.0,0.0,0.0,0.0,1,0.7856071964017991,0.9017991004497751,False,False,False,False,-0.04767259005425366,-0.035304277581292794,False,False,False,False,189535.0,105517.3230358999,False,False,False,False,23322.722980258357,False,False,False,False
2024-10-31 17:00:00+00:00,3.435,3.505,3.425,3.49,24102.0,,,,,3.626295395761535,3.0179606468436884,3.2222075544361717,3.4735597748039697,3.6848682425685575,,,,,,3.247691206106918,3.0169657798729292,3.3562200969476077,,3.330721087167672,#000000,0.4490042737411654,3.365165478919234,0.27802524025134107,55.4469744680841,9.72381604941824,False,False,True,False,False,2.6030921858004596,0.0,0.0,0.0,0.0,1,0.7720754716981132,0.9061635220125785,False,False,False,False,-0.06500540446474595,-0.05015484102301937,False,False,False,False,165433.0,106446.2482601495,False,False,False,False,23334.804794517917,False,False,False,False
2024-11-01 17:00:00+00:00,3.565,3.635,3.555,3.62,14060.0,,,,,3.623324068449696,3.0225440172872626,3.2245436027189958,3.474251714095018,3.6844886622317548,,,,,,3.252378186351472,3.022201267626892,3.3576272753402137,,3.332669849262663,"rgba(38, 166, 154, 0.5)",0.45566685119643374,3.3671008167357503,0.5550089557759541,55.278077827282104,9.510538277607957,False,False,True,False,False,4.267080075755693,0.0,0.0,0.0,0.0,1,0.7807701988421847,0.9010823055625474,False,False,False,False,-0.03926475210260494,-0.044709796562812154,False,False,False,False,179493.0,107578.7560390619,False,False,False,False,23191.009371347096,False,False,False,False
2024-11-04 17:00:00+00:00,3.515,3.545,3.455,3.495,22015.0,,,,,3.602265737601624,3.028306485464412,3.2271462532293045,3.4744510980108245,3.6831415161860743,,,,,,3.2573509586390776,3.0287660214256436,3.358870770673045,,3.3325373551537503,#000000,0.45997527352266,3.3674557319733562,0.27728505284613,53.27742593854997,7.5122492358906925,False,True,True,False,False,2.5189308454142285,0.0,0.0,0.0,0.0,1,0.7813918305597579,0.9014120020171458,False,False,False,False,-0.058068178957384184,-0.05138898776009817,False,False,False,False,157478.0,108352.38772837877,False,False,False,False,23172.776667915357,False,False,False,False
2024-11-05 17:00:00+00:00,3.485,3.535,3.445,3.51,23885.0,,,,,3.5859463035573325,3.034380989822597,3.2298975711169025,3.474648879056926,3.681688837595582,,,,,,3.262487808786899,3.035662109303895,3.360179440015619,,3.333111492406969,#000000,0.4646624561960992,3.3682687309108386,0.30501984225157,52.175753606717365,6.352863427437242,False,True,False,False,False,2.7141373035384078,0.0,0.0,0.0,0.0,0,0.7750381291306557,0.9072191154041687,False,False,False,False,-0.046658642276805856,-0.049023815018452016,False,False,False,False,181363.0,109484.33520545816,False,False,False,False,23183.818890118222,False,False,False,False
2024-11-06 17:00:00+00:00,3.225,3.35,3.225,3.34,20660.0,,,,,3.552819095506067,3.037383256294159,3.2305549113740932,3.473352441138466,3.679167561099221,,,,,,3.263262725185978,3.039052502923058,3.359729843513804,,3.3294152921293554,#000000,0.46699274643747823,3.3652776755353946,-0.05412862561191611,48.9601730638651,3.2548199210040636,False,True,False,True,False,0.3667698460790021,0.0,0.0,0.0,0.0,0,0.7737337744973275,0.9078645965894631,False,False,False,False,-0.08881996654744884,-0.06892189078295043,False,False,False,False,160703.0,110278.42303173013,False,False,False,False,23144.68991507763,False,False,False,False
2024-11-07 17:00:00+00:00,3.385,3.425,3.245,3.245,20125.0,,,,,3.527287280061841,3.0402444129713033,3.2311842592946536,3.4721084857485707,3.676743815418078,,,,,,3.2639908860262024,3.0422740260240557,3.359298878449676,,3.3266415054992975,#000000,0.4682784553144692,3.36291768361684,-0.2518110373829884,45.60262461873463,0.1364641494092993,False,True,False,True,False,0.0,0.0,0.0,0.0,0.0,0,0.7744799594114662,0.9096905124302386,False,False,False,False,-0.05505556868705711,-0.06198872973500377,False,False,False,False,140578.0,110748.18391495911,False,False,False,False,23097.873017169448,False,False,False,False
2024-11-08 17:00:00+00:00,3.105,3.245,3.105,3.24,27443.0,,,,,3.486560374416844,3.0424921048571325,3.230790878569089,3.4693608637746225,3.6725403421227703,,,,,,3.262426444749839,3.0447828633528524,3.3575711255316913,,3.320815624671855,#000000,0.46914650317511164,3.357712491745211,-0.25090774619132983,43.298872967121376,-1.9651826072067635,False,True,False,True,False,0.0,0.0,0.0,0.0,0.0,0,0.7706516162134427,0.9171369933299128,False,False,False,False,-0.09154353196367328,-0.07676613084933853,False,False,False,False,113135.0,110785.18881550238,False,False,False,False,23165.239326980773,False,False,False,False
2024-11-11 17:00:00+00:00,3.355,3.455,3.32,3.415,22373.0,,,,,3.4783566179219947,3.0465931087772113,3.2323178530826566,3.468774453051019,3.670585052572979,,,,,,3.2649222618521305,3.0493835454064846,3.3579068242678622,,3.3211049646165423,#000000,0.472181777105623,3.3578159624411623,0.12110598149162827,45.1494235175652,-1.9651826072067635,False,True,False,True,False,1.4111044771041072,0.0,0.0,0.0,0.0,0,0.786340206185567,0.9072164948453609,False,False,False,False,-0.043119497403077175,-0.059942814126207854,False,False,False,False,135508.0,111168.48821371164,False,False,False,False,23152.956546717505,False,False,False,False
2024-11-12 17:00:00+00:00,3.235,3.245,3.175,3.2,21589.0,,,,,3.456367315978366,3.048361894120783,3.2320920011723873,3.4667499293393673,3.667433746657325,,,,,,3.263895538167019,3.0513431500586825,3.3566639869597754,,3.3178634453067133,#000000,0.47306816262192075,3.354715678847699,-0.32704732863485614,43.34870841206887,-1.9651826072067635,False,True,False,True,False,0.0,0.0,0.0,0.0,0.0,0,0.77672147995889,0.9170092497430626,False,False,False,False,-0.0835443531770998,-0.07174358365165383,False,False,False,False,113919.0,111211.13180729751,False,False,False,False,23128.7091583963,False,False,False,False
2024-11-13 17:00:00+00:00,3.275,3.35,3.22,3.22,8842.0,,,,,3.4501739444916164,3.049330379980313,3.23220425484534,3.466108460430477,3.666312632848446,,,,,,3.263891509096248,3.0524193912647886,3.356350925046014,,3.317098937250405,#000000,0.4740248406460817,3.353934929308253,-0.2825483346520484,42.532415089338755,-2.6145032873406677,False,True,False,True,False,0.0,0.0,0.0,0.0,0.0,0,0.7734294541709578,0.9158084449021628,False,False,False,False,-0.06274773682210064,-0.06724566023687722,False,False,False,False,122761.0,111390.19953121537,False,False,False,False,22907.209791599456,False,False,False,False
2024-11-14 17:00:00+00:00,3.195,3.2,3.07,3.115,36532.0,,,,,3.412503956836837,3.0507740542694606,3.2306847992205068,3.4617641791037763,3.660215873126172,,,,,,3.259993109342351,3.0539790261308717,3.353234047775757,,3.3103936307257165,#000000,0.47353424869240274,3.347387030879887,-0.4907502076599325,40.60430727552851,-4.590924924337386,False,True,False,True,False,0.0,0.0,0.0,0.0,0.0,0,0.7721551502697147,0.9211405086051888,False,False,False,False,-0.09746776529269492,-0.08235671276478607,False,False,False,False,86229.0,111000.10341445234,False,False,False,False,23118.446849094038,False,False,False,False
2024-11-15 17:00:00+00:00,3.065,3.1,3.05,3.06,18478.0,,,,,3.3933603854856074,3.050950129970458,3.229504617697765,3.4592320816406668,3.6568519691180756,,,,,,3.25726910185752,3.0541437976270194,3.3512891986451168,,3.3065751602552784,"rgba(239, 83, 80, 0.5)",0.4717225287646731,3.3240757045297826,-0.5598115172097733,38.627522799498635,-6.593142511608988,False,True,False,True,False,0.0,0.0,0.0,0.0,0.0,0,0.7689151064375481,0.926134906386253,False,False,False,False,-0.10628072907236145,-0.09431872091857377,False,False,False,False,67751.0,110329.57467934454,False,False,False,False,23046.501936704983,False,False,False,False
2024-11-18 17:00:00+00:00,3.195,3.215,3.09,3.11,28461.0,,,,,3.373145419807997,3.052165620203781,3.2284847548110034,3.456068953459148,3.6523396855147854,,,,,,3.2546993464201144,3.0554566643873455,3.3490604754757007,,3.3026776150099844,#000000,0.46816776272405575,3.323293127590958,-0.4555912315489261,38.49804576641586,-6.917122420133879,False,True,False,True,False,0.0,0.0,0.0,0.0,0.0,0,0.7765492414502442,0.9195165852404218,False,False,False,False,-0.07164324697772342,-0.0829809839481486,False,False,False,False,96212.0,110110.697552533,False,False,False,False,23130.447643112657,False,False,False,False
2024-11-19 17:00:00+00:00,3.195,3.215,3.135,3.14,17571.0,,,,,3.363356959652495,3.0531121513291053,3.2280379014986504,3.4542982909996116,3.64972652654729,,,,,,3.253496651381313,3.056485332465031,3.347868159984685,,3.3007977467322727,#000000,0.46338963621875345,3.322427092474574,-0.39367969893149507,39.14316204564978,-6.917122420133879,False,True,False,True,False,0.0,0.0,0.0,0.0,0.0,0,0.7813953488372093,0.9082687338501293,False,False,False,False,-0.06597007013579043,-0.07447552704196951,False,False,False,False,113783.0,110167.63247419916,False,False,False,False,23044.254656397734,False,False,False,False
2024-11-20 17:00:00+00:00,3.21,3.215,3.145,3.195,31910.0,,,,,3.3494258918387025,3.055120445572746,3.2275084253165596,3.4513722559545776,3.6452598475326345,,,,,,3.2518974227461617,3.058672964949576,3.3459912287956404,,3.2981560603383246,#000000,0.4565544973045416,3.3210746933726165,-0.2761437990797392,40.92888466181645,-6.917122420133879,False,True,False,True,True,0.0,0.0,0.0,0.0,0.0,0,0.7791871602381568,0.9130209681594618,False,False,False,False,-0.06033398259124395,-0.06740475481660674,False,False,False,False,145693.0,110718.41336607203,False,False,False,False,23181.708072577614,False,False,False,False
2024-11-21 17:00:00+00:00,3.255,3.38,3.255,3.37,25899.0,,,,,3.348565891026777,3.0585372131109168,3.2285711260977368,3.450354980727881,3.642858282699376,,,,,,3.253442888005832,3.062438634053221,3.3458893763735107,,3.2988322990119063,#000000,0.45470674640389813,3.3241644796994874,0.1008023757355886,45.75268253699298,-8.65616428295943,False,True,False,True,True,1.1034337001770673,0.0,0.0,0.0,0.0,0,0.7838461538461539,0.9020512820512822,False,False,False,False,-0.013888681173234926,-0.04064671799492083,False,False,False,False,171592.0,111662.18990303214,False,False,False,False,23223.836629591915,False,False,False,False
2024-11-22 17:00:00+00:00,3.295,3.35,3.25,3.35,19690.0,,,,,3.347182807158937,3.0609109486453434,3.2292283315759613,3.449472371494458,3.640949941565645,,,,,,3.2543243236226522,3.06504555923925,3.345684939424,,3.299099902840781,#000000,0.45061841391020485,3.325424092921875,0.05453817757882911,48.513728365778796,-6.134528423940253,False,True,False,False,True,0.8164820310970917,0.0,0.0,0.0,0.0,0,0.7858425237240318,0.9025391125929726,False,False,False,False,-0.006187592457652188,-0.02341715522628651,False,False,False,False,151902.0,112286.06292779132,False,False,False,False,23169.048464792042,False,False,False,False
2024-11-25 17:00:00+00:00,3.445,3.48,3.385,3.48,17328.0,,,,,3.3509005242635386,3.064021101257033,3.2306574240774313,3.449465791885864,3.639963322699548,,,,,,3.2566757900735093,3.068473483726297,3.346313038573416,,3.3008088095695793,#000000,0.4469175508942237,3.3365749437552874,0.32092061714232917,52.69268971578729,-2.3407553179944927,False,True,True,False,True,2.6264531332859136,0.0,0.0,0.0,0.0,0,0.7986489997401922,0.8929592101844636,False,False,False,False,0.03025921692526112,0.0034210308494873054,False,False,False,False,169230.0,113168.91466534496,False,False,False,False,23078.489573865034,False,False,False,False
2024-11-26 17:00:00+00:00,3.33,3.345,3.22,3.25,20966.0,,,,,3.3475269535620944,3.066018610241759,3.2309785260948045,3.4482317391365274,3.6376948302933845,,,,,,3.256892454868785,3.0706487290065505,3.3457644479341573,,3.300469536392258,#000000,0.4428557205108487,3.3299085973243168,-0.18043934767770314,50.73730290672177,-2.3407553179944927,False,True,False,False,True,0.0,0.0,0.0,0.0,0.0,0,0.7788957688338493,0.8996388028895769,False,False,False,False,-0.011000456992154179,-0.0037897130713334367,False,False,False,False,148264.0,113713.02451549465,False,False,False,False,23045.737797526042,False,False,False,False
2024-11-27 17:00:00+00:00,3.35,3.37,3.29,3.32,18960.0,,,,,3.3467535360132663,3.068266533935159,3.2316513134562994,3.447473478903145,3.635971971537982,,,,,,3.2577926557801242,3.0731034834138087,3.345638361440078,,3.3008314168099826,#000000,0.43992800393773795,3.330006810910226,-0.022746474015422083,50.74318966638274,-2.3407553179944927,False,True,False,False,False,0.32979642050753455,0.0,0.0,0.0,0.0,0,0.7797265927263346,0.897601238070673,False,False,False,False,0.0020624890885721724,-0.0008636119913806321,False,False,False,False,167224.0,114542.65204238621,False,False,False,False,22982.393025471374,False,False,False,False
2024-11-28 17:00:00+00:00,3.32,3.32,3.32,3.32,0.0,,,,,3.3467535360132663,3.068266533935159,3.2316513134562994,3.447473478903145,3.635971971537982,,,,,,3.2577926557801242,3.0731034834138087,3.345638361440078,,3.3008314168099826,#000000,0.4357823760540036,3.330006810910226,-0.022962862795961676,50.74711417282338,-2.3407553179944927,False,True,False,False,False,0.32979642050753455,0.0,0.0,0.0,0.0,0,0.7774327122153207,0.9003623188405797,False,False,False,False,0.03172687166421978,0.015431629836419575,False,False,False,False,167224.0,115359.41712700037,False,False,False,False,22626.076854533832,False,False,False,False
2024-11-29 17:00:00+00:00,3.375,3.395,3.37,3.39,5911.0,,,,,3.3471905712827574,3.069115865986432,3.231986719945255,3.447352228254242,3.635539309829244,,,,,,3.258302263492044,3.074033037216533,3.3457192130106637,,3.3011549011271466,#000000,0.43434091106758616,3.33073427859253,0.1364497791879614,52.153353207397366,-2.3407553179944927,False,True,True,False,False,1.3219504923883427,0.0,0.0,0.0,0.0,0,0.7823360334465638,0.8957407891298669,False,False,False,False,0.07931718772935385,0.047374408782886714,False,False,False,False,173135.0,116255.16259789959,False,False,False,False,22366.928376168966,False,False,False,False
2024-12-02 17:00:00+00:00,3.315,3.34,3.27,3.315,20360.0,,,,,3.3457191113706766,3.0713051412913424,3.2325575915095897,3.446429050343589,3.633607830488409,,,,,,3.258983234537975,3.076413810989908,3.3454565627385575,,3.301309041658756,#000000,0.432109064060495,3.3303524142444423,-0.03552902616801625,51.378884071021744,-2.3407553179944927,False,True,False,False,False,0.22911476960200616,0.0,0.0,0.0,0.0,0,0.7794079119727534,0.8902279276919047,False,False,False,False,0.054037757774999376,0.05070608327894305,False,False,False,False,152775.0,116821.36162738952,False,False,False,False,22335.81320754619,False,False,False,False
2024-12-03 17:00:00+00:00,3.365,3.38,3.295,3.33,9232.0,,,,,3.3455381610481694,3.072394895802279,3.232903751158442,3.446094530202469,3.6328107041387963,,,,,,3.259449511710856,3.0775997769753003,3.3454233583153354,,3.301526836168956,#000000,0.42835571855832083,3.3306211044703247,-0.0014499735696654004,51.20691539723444,-2.3407553179944927,False,True,False,False,False,0.4469733260213502,0.0,0.0,0.0,0.0,0,0.7794348508634222,0.8911564625850341,False,False,False,False,0.07565600729433594,0.0631810452866395,False,False,False,False,162007.0,117521.91416029821,False,False,False,False,22132.653312855553,False,False,False,False
2024-12-04 17:00:00+00:00,3.115,3.125,3.045,3.12,29472.0,,,,,3.332812101664018,3.0727109416903264,3.231449812571607,3.4427774741125865,3.628280310856219,,,,,,3.256323178828374,3.077874913357779,3.342926952502726,,3.2981444606979546,#000000,0.4266850537986172,3.322409789472586,-0.4743775008536326,46.940403844605015,1.1778248655418508,False,True,False,True,False,0.0,0.0,0.0,0.0,0.0,0,0.7817285232286529,0.8938489488710099,False,False,False,False,-0.008761302358465476,0.02720987146408701,False,False,False,False,132535.0,117754.67518106877,False,False,False,False,22246.441633586477,False,False,False,False
2024-12-05 17:00:00+00:00,3.125,3.2,3.11,3.2,34200.0,,,,,3.32369226027861,3.0741591000688553,3.2306981162377113,3.4398053811646805,3.623830266114599,,,,,,3.254441273143854,3.07939214027268,3.340936319231855,,3.295869357064106,#000000,0.4242670627570968,3.3180025258550065,-0.27813265797294684,46.046133901567444,0.23696083234772658,False,True,False,True,False,0.0,0.0,0.0,0.0,0.0,0,0.7873667793085521,0.889004419027814,False,False,False,False,0.01460279037042071,0.02090633091725386,False,False,False,False,166735.0,118514.06006198243,False,False,False,False,22431.76811988746,False,False,False,False
2024-12-06 17:00:00+00:00,3.205,3.235,3.105,3.105,19674.0,,,,,3.3182180500240657,3.074788850855662,3.230122564254108,3.4379898498333823,3.6211889021562045,,,,,,3.253127040666754,3.0800391678517043,3.3396692752507637,,3.2943929626115804,#000000,0.4224027901388802,3.3154092292765056,-0.49812461988550305,43.788784287502,-1.9921071152425753,False,True,False,True,False,0.0,0.0,0.0,0.0,0.0,0,0.7940945910634961,0.8863339430363208,False,False,False,False,0.01961058687265275,0.020258458894953306,False,False,False,False,147061.0,118956.64827807572,False,False,False,False,22389.012025005482,False,False,False,False
2024-12-09 17:00:00+00:00,3.35,3.355,3.225,3.225,29366.0,,,,,3.315997122986394,3.0772108807011,3.2305169984500526,3.4364270247328803,3.618287262161555,,,,,,3.2534030629306394,3.082640473180743,3.3389756170381624,,3.294182305272691,#000000,0.42087663767918726,3.31538443101404,-0.21475278721204583,45.076089150352495,-1.9921071152425753,False,True,False,True,False,0.0,0.0,0.0,0.0,0.0,0,0.793617577818467,0.8804603714360449,False,False,False,False,0.08003746925920434,0.05014796407707882,False,False,False,False,176427.0,119847.66148306678,False,False,False,False,22497.18238120695,False,False,False,False
2024-12-10 17:00:00+00:00,3.06,3.14,3.05,3.095,21125.0,,,,,3.3091388591410187,3.077369593859972,3.229518099796705,3.4341794132614027,3.6152099107119504,,,,,,3.251361315547659,3.082762095547043,3.337280857225221,,3.292102518136371,"rgba(239, 83, 80, 0.5)",0.41672475631106476,3.3119535133246667,-0.5206158502441387,43.64831936434351,-2.193653149388112,False,True,False,True,False,0.0,0.0,0.0,0.0,0.0,0,0.7936425221469514,0.8840541948931736,False,False,False,False,0.04428546617332449,0.047216715125201654,False,False,False,False,155302.0,120397.34114999598,False,False,False,False,22475.90823576188,False,False,False,False
2024-12-11 17:00:00+00:00,3.045,3.055,2.975,3.04,19851.0,,,,,3.3010404402878413,3.076920327853107,3.228099786633696,3.4316535496231193,3.611957088020776,,,,,,3.2486324409669076,3.0822175972486785,3.3352448523311105,,3.2894707603706546,"rgba(239, 83, 80, 0.5)",0.41147008473353736,3.307730212896999,-0.6506675037393728,41.82474246103173,-4.026247874572057,False,True,False,True,False,0.0,0.0,0.0,0.0,0.0,0,0.7917865550614701,0.8841224169500395,False,False,False,False,0.020106700215272628,0.03366170767023714,False,False,False,False,135451.0,120630.73120968595,False,False,False,False,22435.21198404464,False,False,False,False
2024-12-12 17:00:00+00:00,3.085,3.21,3.08,3.15,21978.0,,,,,3.2963448112010703,3.077556487433005,3.2274842875658027,3.429726844252713,3.6091430846750288,,,,,,3.247299106173372,3.0828647980113906,3.3339005038125173,,3.2880399903906126,#000000,0.407411218427886,3.3056841332986218,-0.38213020716359775,43.206838673832024,-4.026247874572057,False,True,False,True,False,0.0,0.0,0.0,0.0,0.0,0,0.797969278833637,0.8755532413434002,False,False,False,False,0.08294194240294542,0.05830182503659128,False,False,False,False,157429.0,121201.24700488462,False,False,False,False,22428.123426152473,False,False,False,False
2024-12-13 17:00:00+00:00,3.055,3.12,3.05,3.085,31745.0,,,,,3.2874502261493626,3.0776532763263202,3.2259455489494275,3.4263930995573317,3.604604084328305,,,,,,3.2442905238902755,3.0828953257351053,3.331363714925506,,3.285074474982704,"rgba(239, 83, 80, 0.5)",0.4030860346766495,3.301384036369987,-0.5368184897389653,42.94336954841921,-4.026247874572057,False,True,False,True,False,0.0,0.0,0.0,0.0,0.0,0,0.8005772763054316,0.875098399370244,False,False,False,False,0.05859906781233841,0.05845044642446484,False,False,False,False,125684.0,121270.74705132052,False,False,False,False,22572.571124971815,False,False,False,False
2024-12-16 17:00:00+00:00,3.105,3.12,3.05,3.06,10754.0,,,,,3.284487322598509,3.0776489494068544,3.2254014160007123,3.4252511157568284,3.6030598425178293,,,,,,3.2432444615310225,3.0828653032709794,3.330487359505924,,3.2840557213235826,"rgba(239, 83, 80, 0.5)",0.3986873167992309,3.2999431679753455,-0.6018329599789473,42.30999687023791,-4.026247874572057,False,True,False,True,False,0.0,0.0,0.0,0.0,0.0,0,0.7997385620915032,0.8713725490196078,False,False,False,False,0.05859906781233841,0.058524757118401625,False,False,False,False,114930.0,121172.44089548608,False,False,False,False,22389.337464119537,False,False,False,False
2024-12-17 17:00:00+00:00,2.945,3.02,2.94,2.97,31708.0,,,,,3.272237191933467,3.0763598168236115,3.222756576790412,3.4209733875719035,3.5977037360142172,,,,,,3.238428022209079,3.0813771733359743,3.3269338730789997,,3.279596222219708,"rgba(239, 83, 80, 0.5)",0.3902717117714308,3.2935662845263134,-0.8290795227193286,40.30189693204436,-6.015152063284781,False,True,False,True,False,0.0,0.0,0.0,0.0,0.0,0,0.7948181104422926,0.8814446479979064,False,False,False,False,0.01614817129092402,0.03733646420466282,False,False,False,False,83222.0,120584.06196687388,False,False,False,False,22533.81285227272,False,False,False,False
2024-12-18 17:00:00+00:00,2.885,2.905,2.7,2.73,18084.0,,,,,3.261275841953624,3.0742056349823987,3.2200776586658604,3.4174971710786264,3.5937272878775115,,,,,,3.2337353232467145,3.0789744929752514,3.3238094286539117,,3.2754128549292374,"rgba(239, 83, 80, 1.0)",0.3844497296066006,3.255737479453197,-1.367506435733934,35.84234063365082,-10.2245132767476,False,True,False,True,False,0.0,0.0,0.0,0.0,0.0,0,0.7918293000260214,0.8779599271402551,False,False,False,False,-0.05556170834437922,-0.0091126220698582,False,False,False,False,65138.0,119724.4330991704,False,False,False,False,22464.823505725857,False,False,False,False
2024-12-19 17:00:00+00:00,2.765,2.78,2.72,2.755,28734.0,,,,,3.2439174446057946,3.0705433523392394,3.2156338887445335,3.411823194531479,3.587283756426017,,,,,,3.226047485924999,3.074902457342948,3.31867833245526,,3.2686037390462834,"rgba(239, 83, 80, 1.0)",0.37824896467706687,3.2457918684240443,-1.297536581079771,33.58422276559618,-12.254020347225179,False,True,False,True,False,0.0,0.0,0.0,0.0,0.0,0,0.7955613577023497,0.8767624020887729,False,False,False,False,-0.07684818602549366,-0.04298040404767593,False,False,False,False,93872.0,119323.6201829042,False,False,False,False,22562.020040520805,False,False,False,False
2024-12-20 17:00:00+00:00,2.785,2.795,2.715,2.715,18980.0,,,,,3.2328657206400364,3.068095091106556,3.2126822724160182,3.408072061442015,3.583031055501797,,,,,,3.220998183355339,3.072186314650021,3.315280317020813,,3.2641513770165744,"rgba(239, 83, 80, 1.0)",0.3686240791262902,3.2397384319400495,-1.4235055756091148,31.59261914421692,-14.066622971504344,False,True,False,True,False,0.0,0.0,0.0,0.0,0.0,0,0.7984760903836047,0.8788754598003153,False,False,False,False,-0.07481820771007476,-0.058899305878875347,False,False,False,False,74892.0,118634.75785448708,False,False,False,False,22506.484846094125,False,False,False,False
2024-12-23 17:00:00+00:00,2.725,2.725,2.725,2.725,0.0,,,,,3.2328657206400364,3.068095091106556,3.2126822724160182,3.408072061442015,3.583031055501797,,,,,,3.220998183355339,3.072186314650021,3.315280317020813,,3.2641513770165744,"rgba(239, 83, 80, 1.0)",0.35330577828980764,3.2397384319400495,-1.4569205022110414,30.600683679398593,-15.018434567067928,False,True,False,True,False,0.0,0.0,0.0,0.0,0.0,0,0.7982571956693951,0.8780036968576709,False,False,False,False,-0.08700790369739159,-0.07295360478813347,False,False,False,False,74892.0,117956.57556216946,False,False,False,False,22157.547096542276,False,False,False,False
2024-12-24 17:00:00+00:00,2.805,2.83,2.795,2.805,11032.0,,,,,3.227525606112118,3.0669831357842163,3.2112299501866564,3.406132573344703,3.5807779660912473,,,,,,3.2185229340585995,3.070950036059772,3.3135566746732734,,3.2619598595388233,"rgba(239, 83, 80, 1.0)",0.33556124828612893,3.2374995797711623,-1.288884166393299,32.58783281344445,-15.018434567067928,False,True,False,True,True,0.0,0.0,0.0,0.0,0.0,0,0.8003701745108406,0.8773135906927549,False,False,False,False,-0.051513424535851296,-0.06223351466199238,False,False,False,False,85924.0,117459.9464836862,False,False,False,False,21985.057994270304,False,False,False,False
2024-12-25 17:00:00+00:00,2.805,2.805,2.805,2.805,0.0,,,,,3.227525606112118,3.0669831357842163,3.2112299501866564,3.406132573344703,3.5807779660912473,,,,,,3.2185229340585995,3.070950036059772,3.3135566746732734,,3.2619598595388233,"rgba(239, 83, 80, 1.0)",0.3286060238627902,3.2374995797711623,-1.3161644898869926,33.912598902808355,-15.018434567067928,False,True,False,True,True,0.0,0.0,0.0,0.0,0.0,0,0.8053262316910784,0.8756324900133153,False,False,False,False,-0.05454947199038168,-0.05839149332618703,False,False,False,False,85924.0,116971.01708083836,False,False,False,False,21644.204381956035,False,False,False,False
2024-12-26 17:00:00+00:00,2.835,2.835,2.765,2.79,13479.0,,,,,3.2209786889213055,3.065567656834912,3.2094111492439854,3.403727274315457,3.577995571016471,,,,,,3.2154414284400756,3.0693788979393117,3.31141126618886,,3.2592389916125475,"rgba(239, 83, 80, 1.0)",0.3244381560746375,3.2344534495065704,-1.369917320712189,34.482152010355534,-15.018434567067928,False,True,False,True,True,0.0,0.0,0.0,0.0,0.0,0,0.8040414783302312,0.8721084817867589,False,False,False,False,-0.056574058453723264,-0.05748277588995515,False,False,False,False,72445.0,116280.69123462381,False,False,False,False,21517.612065956717,False,False,False,False
2024-12-27 17:00:00+00:00,2.785,2.83,2.77,2.82,17076.0,,,,,3.213153820601926,3.0638614895738785,3.207185046226193,3.4007569723804503,3.5745436471796386,,,,,,3.211693333791537,3.067486190623055,3.3087710811277473,,3.255931447688053,"rgba(239, 83, 80, 1.0)",0.318354680667171,3.2308174834437158,-1.2904395895256575,36.03636858334737,-18.154032460124572,False,True,False,True,True,0.0,0.0,0.0,0.0,0.0,0,0.810492505353319,0.8709850107066381,False,False,False,False,-0.056574058453723264,-0.05702841717183921,False,False,False,False,89521.0,115865.81230075366,False,False,False,False,21448.749863383742,False,False,False,False
2024-12-30 17:00:00+00:00,2.725,2.75,2.7,2.7,20215.0,,,,,3.2022960158611156,3.0611738331318454,3.203996255346499,3.396751691375613,3.5700225961525933,,,,,,3.2063777131966185,3.0645194048091176,3.305127171412921,,3.2512830851607903,"rgba(255, 0, 0, 1.0)",0.3139619245865393,3.2245842788553185,-1.6708531760535945,34.4939197894439,-18.154032460124572,False,True,False,True,True,0.0,0.0,0.0,0.0,0.0,0,0.7995182012847966,0.8717880085653107,False,False,False,False,-0.08700790369739159,-0.0720181604346154,False,False,False,False,69306.0,115143.95474570322,False,False,False,False,21429.62195852508,False,False,False,False
2024-12-31 17:00:00+00:00,2.635,2.64,2.595,2.625,15416.0,,,,,3.192744054503942,3.058584714441888,3.2011153363487947,3.3932989430171565,3.566219788349018,,,,,2.6200000000000006,3.2016149509951135,3.0616710158421387,3.3019267659581604,,3.1774639521618013,"rgba(255, 0, 0, 1.0)",0.31211438189769647,3.1554269445840264,-1.6994633228977174,32.188327559122385,-18.154032460124572,False,True,False,True,False,0.0,0.0,0.0,0.0,0.0,0,0.7982432792121373,0.8751663561352143,False,False,False,False,-0.13092650745389248,-0.10147233394425394,False,False,False,False,53890.0,114194.28102871557,False,False,False,False,21336.387509555698,False,False,False,False
2025-01-01 17:00:00+00:00,2.625,2.625,2.625,2.625,0.0,,,,,3.192744054503942,3.058584714441888,3.2011153363487947,3.3932989430171565,3.566219788349018,,,,,2.6200000000000006,3.2016149509951135,3.0616710158421387,3.3019267659581604,,3.1774639521618013,"rgba(255, 0, 0, 1.0)",0.30923673837426574,3.1554269445840264,-1.7152779044708997,30.651266072241373,-15.217840095129162,False,True,False,True,False,0.0,0.0,0.0,0.0,0.0,0,0.8025187566988209,0.8751339764201501,False,False,False,False,-0.127848014976076,-0.11466017446016497,False,False,False,False,53890.0,113259.33093524711,False,False,False,False,21005.59080398119,False,False,False,False
2025-01-02 17:00:00+00:00,2.845,2.875,2.745,2.78,28658.0,,,,,3.1811218954508202,3.055794055020205,3.1974703167924616,3.3884364780651213,3.5605602857699576,,,,,2.737040432000726,3.195641064302887,3.058590697198058,3.2976056759511825,,3.1858067667279357,"rgba(239, 83, 80, 1.0)",0.3054289997263973,3.157550958833872,-1.236133304866537,35.46649422881062,-18.980348499396214,False,True,False,True,True,0.0,0.0,0.0,0.0,0.0,0,0.8084087280468334,0.866950505588079,False,False,False,False,-0.05252533217721285,-0.0835927533186889,False,False,False,False,82548.0,112783.18626958436,False,False,False,False,21124.232807020242,False,False,False,False
2025-01-03 17:00:00+00:00,2.795,2.875,2.795,2.865,8895.0,,,,,3.1780627276193747,3.05509031847953,3.196478959964265,3.387057591897837,3.5589235571187925,,,,,2.7551699107024863,3.1940296415394878,3.05781312895466,3.2963994904728313,,3.1865583696388073,"rgba(239, 83, 80, 0.5)",0.29665952516962535,3.1574540578016483,-0.9858239260459525,41.05325043172698,-13.976601500812727,False,False,False,True,True,0.0,0.0,0.0,0.0,0.0,0,0.8167735042735041,0.8653846153846152,False,False,False,False,-0.04241074807962726,-0.06300175069915809,False,False,False,False,91443.0,112452.33066850553,False,False,False,False,20934.63229838427,False,False,False,False
2025-01-06 17:00:00+00:00,3.085,3.135,3.06,3.11,61764.0,,,,3.1016666666666666,3.173521709701116,3.0561455650961395,3.1946627683794193,3.3821164849655037,3.5517746989479733,,,,,2.941698857347058,3.1911734193965726,3.0588943352532554,3.2928614755684102,,3.1944515981322117,#000000,0.2876129312082333,3.1447052057884224,-0.12066636101036694,49.49644244757471,-6.549660500021226,True,False,True,False,True,0.0,0.0,0.0,0.0,0.0,0,0.8206420801273546,0.8684001061289467,False,False,False,False,0.06366382996370737,0.0003310396322746406,False,False,False,False,153207.0,113084.1860069783,False,False,False,False,21567.645751122494,False,False,False,False
2025-01-07 17:00:00+00:00,3.085,3.09,3.035,3.07,20235.0,,,,3.092618385590068,3.171448751170163,3.05621080382435,3.193854113725438,3.38032788071014,3.549294117958154,,,,,2.9601847104498846,3.1899079491416718,3.0589432579965785,3.2915131903046655,,3.1944303160871117,#000000,0.2851811815430675,3.1455681281676693,-0.26498287074477705,53.98308814662714,-2.920235902606187,True,False,True,False,True,0.0,0.0,0.0,0.0,0.0,0,0.8153310104529615,0.8785848298043419,False,False,False,False,0.04948988287215078,0.02491046125221271,False,False,False,False,132972.0,113392.5242084205,False,False,False,False,21546.984576686486,False,False,False,False
2025-01-08 17:00:00+00:00,2.985,3.0,2.945,2.99,14655.0,,,,3.075290106979535,3.1688135936733763,3.0557974444487104,3.1928850276283547,3.37869246639495,3.547194625052661,,,,,2.9619622985770904,3.1883821864292603,3.0584781690640828,3.290176809712975,,3.1917672727960995,"rgba(239, 83, 80, 0.5)",0.28392515826444337,3.1438084449331076,-0.5417217899015933,54.79059197447117,-2.46597100062516,True,False,True,False,True,0.0,0.0,0.0,0.0,0.0,0,0.8099946552645644,0.8792089791555318,False,False,False,False,0.013119997818063615,0.019015229535138164,False,False,False,False,118317.0,113468.87267030544,False,False,False,False,21440.13210262933,False,False,False,False
2025-01-09 17:00:00+00:00,2.99,2.99,2.99,2.99,0.0,,,,3.075290106979535,3.1688135936733763,3.0557974444487104,3.1928850276283547,3.37869246639495,3.547194625052661,,,,,2.9619622985770904,3.1883821864292603,3.0584781690640828,3.290176809712975,,3.1917672727960995,"rgba(239, 83, 80, 0.5)",0.2851046433463534,3.1438084449331076,-0.5394806732286589,55.32892785970053,-1.9172790974672012,True,False,True,False,True,0.0,0.0,0.0,0.0,0.0,0,0.8154218162278345,0.8790972595378829,False,False,False,False,0.020186206218516373,0.019600717876827267,False,False,False,False,118317.0,113544.0374351069,False,False,False,False,21107.726953751357,False,False,False,False
2025-01-10 17:00:00+00:00,2.815,2.885,2.815,2.88,51244.0,,,,3.0006959526159918,3.1547498661007345,3.0522297007703636,3.187732154321539,3.3714173443217925,3.5384710073607217,,,,,2.935950280533885,3.1803052857674263,3.054553139495381,3.2838525694854663,,3.17599573007733,"rgba(239, 83, 80, 0.5)",0.28774295648895165,3.1307221747939806,-0.8713407892005434,52.80522025396427,-1.9172790974672012,True,False,True,False,True,0.0,0.0,0.0,0.0,0.0,0,0.8089948523435383,0.8910864264426984,False,False,False,False,-0.03634628986038411,-0.00837278599177842,False,False,False,False,67073.0,112823.55623456261,False,False,False,False,21574.95599322808,False,False,False,False
2025-01-13 17:00:00+00:00,2.795,2.87,2.785,2.86,7719.0,,,,2.9926423526992547,3.152594047832356,3.0516442132375414,3.1869193552680812,3.370293444941876,3.5371347544367353,,,,,2.932337836671684,3.1790429712157553,3.0539109666960376,3.2828681387771215,,3.1739388081776445,"rgba(239, 83, 80, 0.5)",0.29052535514473726,3.1289060958468156,-0.9255856367952772,50.63870334666645,-1.9172790974672012,True,False,False,False,False,0.0,0.0,0.0,0.0,0.0,0,0.814784506273868,0.8878887070376432,False,False,False,False,-0.04544411886793694,-0.026908452429857684,False,False,False,False,59354.0,111994.5708665849,False,False,False,False,21360.134970077255,False,False,False,False
2025-01-14 17:00:00+00:00,2.875,2.94,2.855,2.94,16354.0,,,,2.9849417731284147,3.1491657552399417,3.0508371190232673,3.1855693947581,3.3682539691387747,3.5346157974144483,,,,,2.9308349633976465,3.17696815449726,3.0530214992750477,3.281138470002901,,3.1715346895875802,"rgba(239, 83, 80, 0.5)",0.2921597582219667,3.1268271344339347,-0.6394690890043586,51.34856695517935,-1.9172790974672012,True,False,False,False,False,0.0,0.0,0.0,0.0,0.0,0,0.8276999175597691,0.8823852706787578,False,False,False,False,-0.017157665894720776,-0.02203305916228923,False,False,False,False,75708.0,111431.9883725293,False,False,False,False,21282.520474417142,False,False,False,False
2025-01-15 17:00:00+00:00,2.975,3.015,2.965,2.97,3830.0,,,,2.9849067316644002,3.1486149588611365,3.0507460894052434,3.1853373753392007,3.367853514740953,3.5340963337925837,,,,,2.9317138756538585,3.176616896253606,3.0529195947526464,3.280813841573466,,3.1713619212037094,"rgba(239, 83, 80, 0.5)",0.2933959750886026,3.1267031481256327,-0.5341012196173097,52.58260189432991,-1.9172790974672012,True,False,True,False,False,0.0,0.0,0.0,0.0,0.0,0,0.8324636088986542,0.8788794287283712,False,False,False,False,0.020186206218516373,-0.000923426471886429,False,False,False,False,79538.0,110937.50793264512,False,False,False,False,21011.93876163548,False,False,False,False
2025-01-16 17:00:00+00:00,2.985,3.01,2.97,2.98,6457.0,,,,2.98496908228994,3.1477131698379184,3.0506007380901696,3.184953851472447,3.3671861077743634,3.5332280695160994,,,,,2.9332223341708215,3.1760377493466048,3.052756664334529,3.2802742642764726,,3.1710942031109366,#000000,0.29411995775455846,3.1265156552413798,-0.4981493141776061,53.67197012786028,-1.9172790974672012,True,False,True,False,False,0.0,0.0,0.0,0.0,0.0,0,0.8369146005509641,0.8765840220385676,False,False,False,False,0.020186206218516373,0.009631389873314973,False,False,False,False,85995.0,110550.80238330178,False,False,False,False,20786.280796338804,False,False,False,False
2025-01-17 17:00:00+00:00,3.015,3.02,2.965,3.0,4971.0,,,,2.9852354069081173,3.1470613009547277,3.0505038130095756,3.1846719647149695,3.366685104042637,3.5325716629031993,,,,,2.9345008492993276,3.1756138011151536,3.0526475226329692,3.2798719627585795,,3.170936338833926,#000000,0.2949644962602241,3.1264168658999103,-0.4285833295285226,54.96486942100407,-0.8268963708276189,True,False,True,False,True,0.0,0.0,0.0,0.0,0.0,0,0.8404755322090129,0.8750345590268177,False,False,False,False,0.021195812661558545,0.01541360126743676,False,False,False,False,90966.0,110247.16203627383,False,False,False,False,20541.08264445758,False,False,False,False
2025-01-20 17:00:00+00:00,3.0,3.0,3.0,3.0,0.0,,,,2.9852354069081173,3.1470613009547277,3.0505038130095756,3.1846719647149695,3.366685104042637,3.5325716629031993,,,,,2.9345008492993276,3.1756138011151536,3.0526475226329692,3.2798719627585795,,3.170936338833926,#000000,0.2937888253046183,3.1264168658999103,-0.43029841509061323,55.82680228309992,0.4024458473043069,True,False,True,False,True,0.0,0.0,0.0,0.0,0.0,0,0.8435241801000556,0.8740967204002223,False,False,False,False,0.024224899469093092,0.019819250368264926,False,False,False,False,90966.0,109948.2292915254,False,False,False,False,20222.61624686909,False,False,False,False
2025-01-21 17:00:00+00:00,2.905,2.94,2.855,2.86,19235.0,,,,2.9758970813313694,3.142803156246744,3.0493949129265197,3.1829610259792496,3.3641891521663223,3.5295300900088717,,,,,2.9308307347176337,3.173004099923855,3.0514305798180543,3.2777289222002866,,3.1677769755318907,"rgba(239, 83, 80, 0.5)",0.29561330353219706,3.1235639549668095,-0.891583537741911,51.521905169648015,0.4024458473043069,True,False,False,False,False,0.0,0.0,0.0,0.0,0.0,0,0.8376803551609323,0.8779134295227524,False,False,False,False,-0.017157665894720776,0.001330792236772075,False,False,False,False,71731.0,109355.71410871105,False,False,False,False,20207.30436707267,False,False,False,False
2025-01-22 17:00:00+00:00,2.775,2.775,2.735,2.74,30775.0,,,,2.9465933720846906,3.1328501960235418,3.0462194730942773,3.1790418579893633,3.3591391060498736,3.523715786185198,,,,,2.911654606351306,3.1670126810710397,3.0479699797409445,3.2731859919354194,,3.158738305052565,"rgba(239, 83, 80, 1.0)",0.29860015749166596,3.114956987947407,-1.2557159751594298,45.83458407745333,1.5760959107170294,True,False,False,True,False,0.0,0.0,0.0,0.0,0.0,0,0.8347222222222223,0.8852777777777777,False,False,False,False,-0.07481820771007476,-0.036743707736651345,False,False,False,False,40956.0,108295.25342485507,False,False,False,False,20371.144609443636,False,False,False,False
2025-01-23 17:00:00+00:00,2.805,2.81,2.755,2.785,32188.0,,,,2.9270889641102533,3.1238265571983113,3.0433352296257916,3.175330575454146,3.354229504315914,3.517984632950045,,,,,2.8988430170763073,3.1614117157697312,3.0448300046692225,3.2688148610089227,,3.151569506217865,"rgba(239, 83, 80, 1.0)",0.30150370890999023,3.1080013201592447,-1.0713013160832199,43.719103459670045,-0.34067668251107364,False,False,False,True,False,0.0,0.0,0.0,0.0,0.0,0,0.8433734939759036,0.8795180722891567,False,False,False,False,-0.06366387049450928,-0.05020378911558031,False,False,False,False,73144.0,107750.2727516015,False,False,False,False,20554.351669762338,False,False,False,False
2025-01-24 17:00:00+00:00,2.745,2.775,2.72,2.74,18621.0,,,,2.9153177363957856,3.1182518185664208,3.041453617986083,3.1730083208572633,3.351239145983143,3.5145385534431437,,,,,2.89044252437073,3.157924537437834,3.042785964399727,3.266124695456586,,3.1471086914896715,"rgba(239, 83, 80, 1.0)",0.2997629393701187,3.103599650913137,-1.2129573177963762,41.26297936065982,-2.661624030217716,False,True,False,True,False,0.0,0.0,0.0,0.0,0.0,0,0.8394160583941606,0.8795620437956204,False,False,False,False,-0.07786341123377358,-0.06403360017467694,False,False,False,False,54523.0,106925.04371669295,False,False,False,False,20524.3772252699,False,False,False,False
2025-01-27 17:00:00+00:00,2.74,2.74,2.74,2.74,0.0,,,,2.9153177363957856,3.1182518185664208,3.041453617986083,3.1730083208572633,3.351239145983143,3.5145385534431437,,,,,2.89044252437073,3.157924537437834,3.042785964399727,3.266124695456586,,3.1471086914896715,"rgba(239, 83, 80, 1.0)",0.29914153449103537,3.103599650913137,-1.2154769866102737,39.625563294653006,-4.291801233154452,False,True,False,True,False,0.0,0.0,0.0,0.0,0.0,0,0.8379603399433428,0.8886685552407932,False,False,False,False,-0.08091005662901266,-0.0724718284018448,False,False,False,False,54523.0,106112.60893038762,False,False,False,False,20206.169826428504,False,False,False,False
2025-01-28 17:00:00+00:00,2.615,2.74,2.605,2.73,19346.0,,,,2.90124214092229,3.1118280714863933,3.039176525015574,3.1703246999766366,3.3478926990444497,3.5107448100377336,,,,,2.8797712908002944,3.153902895673394,3.040316560799224,3.2630758417603323,,3.1418275535516322,"rgba(239, 83, 80, 1.0)",0.30049096462258806,3.098326653263694,-1.2257495120570645,38.26910787460385,-5.751283657721551,False,True,False,True,False,0.0,0.0,0.0,0.0,0.0,0,0.8329519450800916,0.8818649885583525,False,False,False,False,-0.10840431597216284,-0.09043807218700381,False,False,False,False,35177.0,105012.83204774595,False,False,False,False,20192.833860127284,False,False,False,False
2025-01-29 17:00:00+00:00,2.665,2.67,2.59,2.63,10960.0,,,,2.8919040648669925,3.1077523462583345,3.0376730075190825,3.1686234335522787,3.345835132938945,3.5084503930963926,,,,,2.8723990209781416,3.1513553007752693,3.0386882066909586,3.2611780457204405,,3.1383858952396837,"rgba(255, 0, 0, 1.0)",0.3013258539691938,3.0948603749240657,-1.5427165269781034,35.02562182417306,-8.975542724707722,False,True,False,True,False,0.0,0.0,0.0,0.0,0.0,0,0.8310463121783876,0.8799313893653518,False,False,False,False,-0.12579702835239934,-0.10811755026970157,False,False,False,False,24217.0,103760.18348886617,False,False,False,False,20049.68914911756,False,False,False,False
2025-01-30 17:00:00+00:00,2.685,2.69,2.63,2.64,8731.0,,,,2.885535808734732,3.104710718733078,3.036551255081282,3.167334190536586,3.344257601069945,3.506679465089647,,,,,2.8673664137201555,3.1494335263845494,3.0374737744926414,3.2597299276180913,,3.1359072681460707,"rgba(239, 83, 80, 1.0)",0.3038652350649457,3.09235563876766,-1.488671906383029,33.380708177279125,-10.683613155552479,False,True,False,True,False,0.0,0.0,0.0,0.0,0.0,0,0.8363060989643267,0.8765822784810127,False,False,False,False,-0.11351257693476337,-0.11081506360223248,False,False,False,False,32948.0,102662.32017896126,False,False,False,False,19874.20559641806,False,False,False,False
2025-01-31 17:00:00+00:00,2.63,2.67,2.54,2.585,25007.0,,,,2.8651375256088367,3.0951855135104225,3.0329183491023692,3.163285706495193,3.3394222815490853,3.501323276563031,,,,,2.8507572851167273,3.143409200424837,3.033545417309822,3.2552474560460425,,3.1280232011726365,"rgba(255, 0, 0, 1.0)",0.307252793769679,3.0843295016959082,-1.6251422666321227,31.095740003749043,-13.017932000144818,False,True,False,True,False,0.0,0.0,0.0,0.0,0.0,0,0.8336206896551724,0.878448275862069,False,False,False,False,-0.1360628464381087,-0.12343895502017059,False,False,False,False,7941.0,101193.77257928744,False,False,False,False,19953.78380422553,False,False,False,False
2025-02-03 17:00:00+00:00,2.445,2.505,2.425,2.47,14656.0,,,,2.8492138152991515,3.0883320424817873,3.0301804186972716,3.160392886023484,3.3361191175280656,3.497759944452108,,,,,2.837345314422178,3.1391011405385245,3.0305888987223923,3.2521276036809095,,3.122116118184587,"rgba(255, 0, 0, 1.0)",0.31264077189683026,3.0782658233593594,-1.9455742117988488,27.645330470565348,-16.390338129334225,False,True,False,True,False,0.0,0.0,0.0,0.0,0.0,0,0.8307075336579778,0.8773990260670295,False,False,False,False,-0.19414620414604541,-0.158792579583108,False,False,False,False,-6715.0,99520.76835325197,False,False,False,False,19871.64762121428,False,False,False,False
2025-02-04 17:00:00+00:00,2.595,2.62,2.55,2.58,22579.0,,,,2.8337940899723537,3.079988764521791,3.026876434396144,3.1567245725391815,3.331755233281445,3.4929338036482958,,,,,2.824378123850694,3.1337035193034333,3.027023895929679,3.2480759657338676,,3.1155254403176884,"rgba(255, 0, 0, 1.0)",0.31053893867343924,3.0714704341201595,-1.5826370638723237,30.36396471819989,-16.390338129334225,False,True,False,True,True,0.0,0.0,0.0,0.0,0.0,0,0.8326143226919759,0.8794938165084842,False,False,False,False,-0.14429597044484282,-0.1515442750139754,False,False,False,False,15864.0,98223.76419273643,False,False,False,False,19913.62207669933,False,False,False,False
2025-02-05 17:00:00+00:00,2.635,2.645,2.58,2.59,18002.0,,,,2.8236824818921966,3.0738134011721323,3.024403983639446,3.153942370818273,3.3284117172817886,3.4892131080979594,,,,,2.8157983668550948,3.129641075536296,3.0243588421378322,3.2449847893120123,,3.110825013674303,"rgba(255, 0, 0, 1.0)",0.31159391163140426,3.06660392758019,-1.5295675229494934,32.58424571733444,-16.390338129334225,False,True,False,True,True,0.0,0.0,0.0,0.0,0.0,0,0.8374171230902278,0.877486307293168,False,False,False,False,-0.13298020393295032,-0.14226223947346286,False,False,False,False,33866.0,97225.96939905059,False,False,False,False,19883.984525122592,False,False,False,False
2025-02-06 17:00:00+00:00,2.565,2.585,2.495,2.545,16198.0,,,,2.8128966472818338,3.0676602125038572,3.02187171519757,3.1511767805280684,3.3251683523963607,3.4856539251284193,,,,,2.8064795367292343,3.1256038599935954,3.0216316288209106,3.2419559264062614,,3.1060098584986107,"rgba(255, 0, 0, 1.0)",0.30976383041056327,3.061599900404957,-1.6677218244630168,32.9784155042708,-16.390338129334225,False,True,False,True,True,0.0,0.0,0.0,0.0,0.0,0,0.8345821325648415,0.8795389048991354,False,False,False,False,-0.1628935262086967,-0.1525778828410798,False,False,False,False,17668.0,95992.51250914282,False,False,False,False,19826.837478221467,False,False,False,False
2025-02-07 17:00:00+00:00,2.48,2.535,2.47,2.49,12824.0,,,,2.8036518880442576,3.06249563254784,3.0197064573302734,3.1488505021012383,3.322478505107708,3.482726535495879,,,,,2.798403703098177,3.1222124051068385,3.0193012744739898,3.2394291646595588,,3.101925606796576,"rgba(255, 0, 0, 1.0)",0.31162643667704065,3.05734295097821,-1.8205867160307245,32.02631833408795,-16.390338129334225,False,True,False,True,True,0.0,0.0,0.0,0.0,0.0,0,0.8307200929152151,0.8902439024390245,False,False,False,False,-0.17847673802520897,-0.1655273104331444,False,False,False,False,4844.0,94579.35727644293,False,False,False,False,19718.26635452811,False,False,False,False
2025-02-10 17:00:00+00:00,2.515,2.545,2.5,2.515,21316.0,,,,2.7904407025195175,3.0544371703090767,3.0162946625091225,3.145147810334072,3.3181624966978265,3.4780051184111422,,,,,2.7867820130190584,3.1168485442467255,3.0156325536129582,3.2353886566780896,,3.0957139728337593,"rgba(255, 0, 0, 1.0)",0.30739148088799745,3.0508528298987736,-1.7432260267942143,32.609959422922074,-16.390338129334225,False,True,False,True,True,0.0,0.0,0.0,0.0,0.0,0,0.8333818817360911,0.8884357704631519,False,False,False,False,-0.17015548643190082,-0.1678413984325226,False,False,False,False,26160.0,93518.59204735079,False,False,False,False,19743.03741879899,False,False,False,False
2025-02-11 17:00:00+00:00,2.4,2.405,2.355,2.385,10610.0,,,,2.781178892692431,3.049499372695454,3.0141452319046684,3.1429167712110293,3.315662132256509,3.47533540345253,,,,,2.778535860866718,3.1136035709788867,3.013322393373746,3.233008740294741,,3.0917208369726716,"rgba(255, 0, 0, 1.0)",0.3019310523287625,2.981848657432406,-1.9767713616369542,30.3610328477846,-16.390338129334225,False,True,False,True,True,0.0,0.0,0.0,0.0,0.0,0,0.8285962877030163,0.8909512761020882,False,False,False,False,-0.23002813763884886,-0.19893476803568572,False,False,False,False,15550.0,92309.77666677171,False,False,False,False,19601.439939437765,False,False,False,False
2025-02-12 17:00:00+00:00,2.58,2.595,2.51,2.51,42505.0,,,,2.7609703683110736,3.0348988783072195,3.0077756478696545,3.1359210074028896,3.307435798866019,3.466282888453848,,,,,2.7604253680555186,3.10360816097503,3.0064881514341666,3.225336388016475,,3.0809142657691897,"rgba(255, 0, 0, 1.0)",0.29923397696947207,2.97889156083833,-1.5669729941335058,33.85863740479729,-21.267676313706655,False,True,False,True,True,0.0,0.0,0.0,0.0,0.0,0,0.8302433371958285,0.8948435689455388,False,False,False,False,-0.1577168621744644,-0.17832581510507506,False,False,False,False,58055.0,91778.69485798455,False,False,False,False,19956.533893865086,False,False,False,False
2025-02-13 17:00:00+00:00,2.53,2.6,2.525,2.6,12113.0,,,,2.756662315888786,3.031185588656604,3.006130910230292,3.1340774250365775,3.305233506357699,3.463835731051761,,,,,2.7565250417922753,3.101003632275771,3.004726133983848,3.223295911548115,,3.0782676196821726,"rgba(239, 83, 80, 1.0)",0.2964422979873648,2.9770487294058525,-1.2719127194929627,38.96500205383592,-16.47803794942942,False,False,False,True,True,0.0,0.0,0.0,0.0,0.0,0,0.8271676300578036,0.8927745664739885,False,False,False,False,-0.15358157162979286,-0.16595369336743396,False,False,False,False,70168.0,91443.64532530261,False,False,False,False,19834.928717216015,False,False,False,False
2025-02-14 17:00:00+00:00,2.525,2.565,2.49,2.56,14547.0,,,,2.7507527820056246,3.0264525062583836,3.004005533849083,3.131735184684684,3.3024741957893085,3.4607940341853656,,,,,2.7511490667800342,3.0976937788814434,3.0024500396703586,3.2207246352876266,,3.0748231757391915,"rgba(239, 83, 80, 1.0)",0.2902341086740691,2.973824264369963,-1.4258291909952063,41.291579476261376,-14.369101491363189,False,False,False,True,True,0.0,0.0,0.0,0.0,0.0,0,0.8285135916714864,0.8918449971081549,False,False,False,False,-0.1680788587972834,-0.1670162760823587,False,False,False,False,55621.0,90888.25547529792,False,False,False,False,19752.945326251425,False,False,False,False
2025-02-17 17:00:00+00:00,2.56,2.56,2.56,2.56,0.0,,,,2.7507527820056246,3.0264525062583836,3.004005533849083,3.131735184684684,3.3024741957893085,3.4607940341853656,,,,,2.7511490667800342,3.0976937788814434,3.0024500396703586,3.2207246352876266,,3.0748231757391915,"rgba(239, 83, 80, 1.0)",0.2868212709012966,2.973824264369963,-1.4427948912909305,42.842631091211686,-12.886018016392832,True,False,False,True,True,0.0,0.0,0.0,0.0,0.0,0,0.8277892257874596,0.8987341772151898,False,False,False,False,-0.15461490037375003,-0.16081558822805436,False,False,False,False,55621.0,90341.47632064213,False,False,False,False,19446.69811189094,False,False,False,False
2025-02-18 17:00:00+00:00,2.625,2.64,2.565,2.63,12497.0,,,,2.747592142037572,3.0230584792641304,3.0024801478722054,3.1299845310761634,3.3003455136157145,3.4584033671282244,,,,,2.74825789340994,3.0952500195134425,3.0008185292189165,3.2187668071791338,,3.0724957430315443,"rgba(239, 83, 80, 1.0)",0.28127263872849567,2.9292341785369085,-1.0638581125046815,46.16680164004109,-9.708618167729355,True,False,False,True,True,0.0,0.0,0.0,0.0,0.0,0,0.8308325978228893,0.8896734333627537,False,False,False,False,-0.13709096249108,-0.14895327535956718,False,False,False,False,68118.0,89996.92630016706,False,False,False,False,19338.95085434224,False,False,False,False
2025-02-19 17:00:00+00:00,2.555,2.6,2.54,2.57,9770.0,,,,2.7444921825448585,3.020178661080153,3.0011695926203577,3.1285147147334307,3.29859031628589,3.456452218361752,,,,,2.7454153241996613,3.0931934233876066,2.9994169367780614,3.21714049729344,,3.0704563867285204,"rgba(239, 83, 80, 1.0)",0.28021508791549576,2.9263858330714614,-1.2718295639346033,46.46080747974194,-9.302929367793972,True,False,False,True,True,0.0,0.0,0.0,0.0,0.0,0,0.8275456150676871,0.8952324896998236,False,False,False,False,-0.15048352790604005,-0.14971840163280362,False,False,False,False,58348.0,89506.2452722575,False,False,False,False,19190.595027143136,False,False,False,False
2025-02-20 17:00:00+00:00,2.565,2.615,2.56,2.6,30327.0,,,,2.7366371712912434,3.0118873516987987,2.997353534369631,3.1241761183508427,3.293355792022204,3.4505965993388905,,,,,2.7381638478705455,3.0871710822497787,2.9953403871134205,3.212311105543916,,3.064699298984927,"rgba(239, 83, 80, 1.0)",0.28004499316751175,2.9217271866997407,-1.1488410596482126,47.678063350556904,-7.90537251560896,True,False,False,False,True,0.0,0.0,0.0,0.0,0.0,0,0.8280928592418454,0.894210990302674,False,False,False,False,-0.14326578934831785,-0.14649209549056075,False,False,False,False,88675.0,89493.35774865659,False,False,False,False,19363.252468582778,False,False,False,False
2025-02-21 17:00:00+00:00,2.5,2.5,2.42,2.46,13026.0,,,,2.7306618722453084,3.007338541758943,2.9952113103162628,3.121878606090541,3.2907137620859563,3.447723956729739,,,,,2.7326406907600407,3.083952943938541,2.9930513693327887,3.2098243993114424,,3.0612997452569566,"rgba(255, 0, 0, 1.0)",0.2822021670063087,2.916334341421933,-1.6170476161217129,44.59764689126098,-7.90537251560896,True,False,False,True,False,0.0,0.0,0.0,0.0,0.0,0,0.8288738606292267,0.8947368421052632,False,False,False,False,-0.19624243570204142,-0.17136726559630108,False,False,False,False,75649.0,89278.71654325105,False,False,False,False,19265.00049232568,False,False,False,False
2025-02-24 17:00:00+00:00,2.395,2.47,2.395,2.4,12753.0,,,,2.7242628467965218,3.002650272846742,2.9929814302027253,3.1195152071186896,3.2880246682779126,3.444819088827589,,,,,2.7267107466685805,3.080642475606954,2.990669407481114,3.2072820321820474,,3.0577558176008877,"rgba(255, 0, 0, 1.0)",0.281621559371253,2.9108619748341473,-1.8140016551811429,41.25012365052798,-3.1041270607496827,False,False,False,True,False,0.0,0.0,0.0,0.0,0.0,0,0.831272084805654,0.8907538280329801,False,False,False,False,-0.2078027262143693,-0.18958499590533517,False,False,False,False,62896.0,88869.68217823941,False,False,False,False,19164.039244382642,False,False,False,False
2025-02-25 17:00:00+00:00,2.315,2.385,2.315,2.34,29403.0,,,,2.707055545567545,2.9907628380699274,2.987239445255892,3.113547401860473,3.2813564559066206,3.437697594649513,,,,,2.710705813771955,3.072280126475106,2.9845385819402224,3.2009287878449313,,3.0486112591342187,"rgba(255, 0, 0, 1.0)",0.28624943447757617,2.896879947422301,-1.945435974183296,37.843307955198426,-6.3365699809109515,False,True,False,True,False,0.0,0.0,0.0,0.0,0.0,0,0.8236686390532546,0.9000000000000001,False,False,False,False,-0.24282801536463702,-0.2162065056349861,False,False,False,False,33493.0,88011.12896617368,False,False,False,False,19322.782821989113,False,False,False,False
2025-02-26 17:00:00+00:00,2.4,2.435,2.305,2.315,44208.0,,,,2.6842669771665126,2.973811807835438,2.9788616494235085,3.1048035380382326,3.271559278799005,3.4272107235882907,,,,,2.6893258171189194,3.0601439549584306,2.9756079095190384,3.1916060466252363,,3.035719770307261,"rgba(255, 0, 0, 1.0)",0.29065035804317196,2.8801870646767354,-1.9445600152771356,35.10002803045754,-8.92672821962568,False,True,False,True,False,0.0,0.0,0.0,0.0,0.0,0,0.8244319858365301,0.8967246975509,False,False,False,False,-0.23428634277505514,-0.2252464242050206,False,False,False,False,-10715.0,86480.49130778339,False,False,False,False,19708.600142578427,False,False,False,False
2025-02-27 17:00:00+00:00,2.315,2.32,2.205,2.225,12697.0,,,,2.676413812109844,2.968339633018527,2.9761126872659593,3.101995171572159,3.2684766995701975,3.4239549408593746,,,,,2.681938479019775,3.056244120713513,2.972678945811196,3.188646642613016,,3.031480113255356,"rgba(255, 26, 202, 1.0)",0.2983820786589876,2.874395524474602,-2.176389169862904,31.73120621790206,-12.099599721865538,False,True,False,True,False,0.0,0.0,0.0,0.0,0.0,0,0.8194607268464246,0.89947245017585,False,False,False,False,-0.2806280354182749,-0.2529372298116478,False,False,False,False,-23412.0,84776.73175262396,False,False,False,False,19599.89316362372,False,False,False,False
2025-02-28 17:00:00+00:00,2.185,2.195,2.15,2.18,12042.0,,,,2.6679591480960285,2.962691718923324,2.9732573062529406,3.0991157097545177,3.265356254104166,3.420687499402559,,,,,2.6739808690528646,3.052239148927497,2.969636813027534,3.1856341465320797,,3.0270558614073506,"rgba(255, 26, 202, 1.0)",0.3073165606804518,2.868146574516631,-2.239210841722801,28.813211505064743,-14.847154527226422,False,True,False,True,False,0.0,0.0,0.0,0.0,0.0,0,0.817293455729938,0.9040568551969204,False,False,False,False,-0.320342429480036,-0.2866398296458419,False,False,False,False,-35454.0,82912.6893998701,False,False,False,False,19482.716525428,False,False,False,False
2025-03-03 17:00:00+00:00,2.165,2.17,2.03,2.05,15302.0,,,,2.6556954758291558,2.954807961480976,2.9692448493616608,3.095122029877334,3.2610854413714208,3.416256357183988,,,,2.083333333333333,2.662429651328245,3.0466758355428434,2.9653623409941883,3.1814869694202548,,2.9355909314293998,"rgba(255, 26, 202, 1.0)",0.31896302985519775,2.7904708112990755,-2.321494160734657,25.276882384916405,-18.174354553283358,False,True,False,True,False,0.0,0.0,0.0,0.0,0.0,0,0.8083603179275831,0.9072711215778627,False,False,False,False,-0.34282825441539394,-0.31473404203061794,False,False,False,False,-50756.0,80840.30661847677,False,False,False,False,19417.899214956247,False,False,False,False
2025-03-04 17:00:00+00:00,2.065,2.145,2.06,2.09,5700.0,,,,2.6513740574137126,2.9519572021608256,2.9677845921084303,3.093664334537026,3.259522602148006,3.4146317428948803,,,,2.087404374186585,2.658349963288908,3.0446518102286015,2.963807518546251,3.1799711029138433,,2.933919936402461,"rgba(255, 26, 202, 1.0)",0.32797883638599373,2.7876810761668844,-2.1272137063923036,24.748339117005496,-18.778151396656693,False,True,False,True,False,0.0,0.0,0.0,0.0,0.0,0,0.8086982074640026,0.9103732001175433,False,False,False,False,-0.3417115350606587,-0.32822278854563836,False,False,False,False,-45056.0,78888.42589570968,False,False,False,False,19205.21860697243,False,False,False,False
2025-03-05 17:00:00+00:00,2.25,2.335,2.225,2.325,23883.0,,,,2.6401609863206206,2.9429210781535793,2.963091003883642,3.0888003857941255,3.2541210989861993,3.408878508459863,,,,2.197864579852215,2.6476631601805707,3.0380073780287833,2.9588196921518484,3.174811992818759,,2.937739987693655,"rgba(239, 83, 80, 1.0)",0.32968544932327365,2.787140112067853,-1.4017607177279476,32.20941175746461,-24.703102325169652,False,True,False,True,True,0.0,0.0,0.0,0.0,0.0,0,0.8141980718667836,0.8977505112474436,False,False,False,False,-0.2643136574353098,-0.29626822299047406,False,False,False,False,-21173.0,77337.08595934209,False,False,False,False,19277.74234949999,False,False,False,False
2025-03-06 17:00:00+00:00,2.24,2.295,2.205,2.285,11258.0,,,,2.6346293171043276,2.938532537895997,2.9607919121531885,3.086432679543789,3.2515080941266707,3.4061064513006465,,,,2.210658407993873,2.6423848048712646,3.0347773053419735,2.956377461961325,3.1723095384671804,,2.935864410069112,"rgba(255, 0, 0, 1.0)",0.3282234873644039,2.7842165989459673,-1.5209654950491749,36.31068679505451,-21.0164171696631,False,True,False,True,True,0.0,0.0,0.0,0.0,0.0,0,0.8162668227033352,0.896430661205383,False,False,False,False,-0.2771566910537924,-0.2867124570221332,False,False,False,False,-32431.0,75635.25516927478,False,False,False,False,19153.405258810068,False,False,False,False
2025-03-07 17:00:00+00:00,2.225,2.265,2.185,2.245,12546.0,,,,2.6281714470386563,2.933494224075568,2.958138295609237,3.083714612483224,3.248524539895897,3.4029524239064846,,,,2.214495552417418,2.6362197797859124,3.0310707513038087,2.9535592406651276,3.1694455533743677,,2.9327078564141544,"rgba(255, 0, 0, 1.0)",0.32743092249969663,2.7800750613945837,-1.6341616647251127,38.17209285568272,-19.313405081042344,False,False,False,True,True,0.0,0.0,0.0,0.0,0.0,0,0.8190587547500732,0.8924291142940661,False,False,False,False,-0.28792758341566493,-0.2873200202188991,False,False,False,False,-44977.0,73765.2977247899,False,False,False,False,19050.964867200608,False,False,False,False
2025-03-10 17:00:00+00:00,2.155,2.155,2.08,2.13,7683.0,,,,2.6232488738667517,2.9299660824019353,2.9562781542956076,3.081844833394255,3.246509337737877,3.4008486813086303,,,,2.2051569947101033,2.6315330181409506,3.0285077331273214,2.951582862025639,3.1674955643265106,,2.9293611032123255,"rgba(255, 0, 0, 1.0)",0.32512356625339645,2.7760964377899935,-1.9872334855186589,37.18085923657016,-19.313405081042344,False,False,False,True,True,0.0,0.0,0.0,0.0,0.0,0,0.8038518518518519,0.8992592592592592,False,False,False,False,-0.3350283101385209,-0.31117416517871,False,False,False,False,-52660.0,71805.21558952183,False,False,False,False,18874.71734987967,False,False,False,False
2025-03-11 17:00:00+00:00,2.115,2.175,2.095,2.15,14018.0,,,,2.6148290856436165,2.9237514448682784,2.952979554941596,3.0785167757174206,3.242910642856098,3.397082807945022,,,,2.1950522181657264,2.6234978962687934,3.023962211714831,2.948080084698101,3.164018397633515,,2.9240619200411815,"rgba(255, 0, 0, 1.0)",0.32728355064456854,2.769684636592407,-1.893418216014735,37.175069527343894,-19.313405081042344,False,False,False,True,True,0.0,0.0,0.0,0.0,0.0,0,0.8008928571428572,0.9053571428571427,False,False,False,False,-0.32726747549979224,-0.31922082033925114,False,False,False,False,-38642.0,70092.85565790134,False,False,False,False,18799.41940647068,False,False,False,False
2025-03-12 17:00:00+00:00,2.17,2.24,2.165,2.195,11937.0,,,,2.608764341842908,2.918935225498536,2.950397343376828,3.075881258508102,3.2400302941331613,3.394045891104291,,,,2.195629403774175,2.6176836108807646,3.0203882404154907,2.9453407589987113,3.161248330515721,,2.920758609004426,"rgba(255, 0, 0, 1.0)",0.32612331166969305,2.7655883845448956,-1.7496093168672466,38.66436676513213,-18.002560589560446,False,False,False,True,True,0.0,0.0,0.0,0.0,0.0,0,0.8084599344652964,0.8972296693476317,False,False,False,False,-0.2976772283926931,-0.3084490243659721,False,False,False,False,-26705.0,68592.11370971682,False,False,False,False,18693.02530714555,False,False,False,False
2025-03-13 17:00:00+00:00,2.165,2.19,2.135,2.175,13616.0,,,,2.601512752959053,2.9132681368540516,2.947343587421977,3.072780606992921,3.2366594925741237,3.3905043939906707,,,,2.192228106339609,2.610729464512533,3.0161851286714736,2.9421018746303,3.15799911409011,,2.916482969003347,"rgba(255, 0, 0, 1.0)",0.3246936601982957,2.7604082980486675,-1.8029557389298865,39.179488287292806,-17.040945758113345,False,False,False,True,True,0.0,0.0,0.0,0.0,0.0,0,0.8075089392133493,0.8992848629320619,False,False,False,False,-0.315147968182927,-0.31179849627444955,False,False,False,False,-40321.0,66903.53830336462,False,False,False,False,18614.31173649213,False,False,False,False
2025-03-14 17:00:00+00:00,2.195,2.235,2.19,2.23,11708.0,,,,2.5961834830889408,2.9087955356609507,2.944909245112825,3.070282371643274,3.233917064677944,3.3876033380437853,,,,2.1946224471410325,2.6055950759120914,3.012821752660726,2.9395224546695284,3.155366867956231,,2.9136017851424842,"rgba(255, 0, 0, 1.0)",0.31944031855279387,2.7569129949853086,-1.6494880714258546,41.44080273006368,-14.471189679860004,True,False,False,True,True,0.0,0.0,0.0,0.0,0.0,0,0.808955223880597,0.8982089552238806,False,False,False,False,-0.29333736534402843,-0.302567930809239,False,False,False,False,-28613.0,65422.661740521755,False,False,False,False,18507.23713592636,False,False,False,False
2025-03-17 17:00:00+00:00,2.255,2.295,2.25,2.29,35613.0,,,,2.583282613180098,2.8966900821582007,2.9382067808139953,3.0633012399957384,3.2261528096460435,3.379314932059482,,,,2.212882417434339,2.593068423405898,3.0035228741580022,2.9324317193055576,3.147957003175519,,2.9069828086666254,"rgba(239, 83, 80, 1.0)",0.31441422726444745,2.7491472201086937,-1.4603258386348854,44.85092529511239,-10.96819702821044,True,False,False,True,True,0.0,0.0,0.0,0.0,0.0,0,0.808638272345531,0.8998200359928016,False,False,False,False,-0.26751628175666486,-0.2850421062829519,False,False,False,False,7000.0,64516.88403911832,False,False,False,False,18772.44276172595,False,False,False,False
2025-03-18 17:00:00+00:00,2.535,2.58,2.485,2.495,20799.0,,,2.52,2.581817266885468,2.8925127686717276,2.9357652233558524,3.0605184973221107,3.2228177190010574,3.3755813221859836,,,,2.2475865057072846,2.5914706995501464,2.9999739462303543,2.9298646362427276,3.1448736717797896,,2.8752318547443756,"rgba(239, 83, 80, 0.5)",0.3057756788329625,2.716400386687054,-0.7240614673216027,51.77623206033246,-4.44321919115491,True,False,True,False,True,0.0,0.0,0.0,0.0,0.0,0,0.8125371360665481,0.8980986333927511,False,False,False,False,-0.15911208499989185,-0.22207709564142186,False,False,False,False,27799.0,63947.61451913199,False,False,False,False,18803.862253792213,False,False,False,False
2025-03-19 17:00:00+00:00,2.475,2.5,2.44,2.47,24327.0,,,2.493045472676506,2.5788687395331444,2.8871027097662085,2.9326063402160196,3.057001937686097,3.218681986555671,3.37100255354314,,,,2.2735505782427174,2.5884415401363787,2.9954629923144256,2.926540998005107,3.1410200252408482,,2.871943822826356,"rgba(239, 83, 80, 0.5)",0.3020239982112163,2.7142420141592516,-0.8086841297572789,55.55947947748818,-1.0457289796805753,True,False,True,False,True,0.0,0.0,0.0,0.0,0.0,0,0.8139395752318278,0.8997906072390068,False,False,False,False,-0.18474315310469405,-0.20341012437305794,False,False,False,False,3472.0,63010.008092478776,False,False,False,False,18889.492296369077,False,False,False,False
2025-03-20 17:00:00+00:00,2.445,2.48,2.43,2.47,20191.0,,,2.4828303504447544,2.5763229013965585,2.8826114038084687,2.929960902723525,3.054065720021383,3.215238361038562,3.3671954788789096,,,,2.2900200147868803,2.585837016616201,2.9917067352540907,2.9237590729485095,3.1378076583760874,,2.8697796346911613,"rgba(239, 83, 80, 0.5)",0.2961196951806265,2.7127344584398765,-0.8197173723680001,58.08164442225866,1.2415431972635176,True,False,True,False,True,0.0,0.0,0.0,0.0,0.0,0,0.8090090090090091,0.9066066066066064,False,False,False,False,-0.1909292479567593,-0.19716968616490863,False,False,False,False,3472.0,62086.93819957213,False,False,False,False,18909.670710378858,False,False,False,False
2025-03-21 17:00:00+00:00,2.365,2.37,2.33,2.33,13621.0,,,2.4587597017068252,2.5730045613591157,2.878812710531955,2.9277540430326985,3.0517153771918633,3.2125767247669326,3.364317140699273,,,,2.2930182588638126,2.5825644268443155,2.988652856340284,2.9214336071778035,3.1352875657510384,,2.8656580811888266,"rgba(239, 83, 80, 1.0)",0.29357884893250363,2.7090384588565595,-1.291095936355087,55.288465037383716,1.2415431972635176,True,False,True,False,False,0.0,0.0,0.0,0.0,0.0,0,0.7976878612716762,0.9120778825676907,False,False,False,False,-0.2346672879575087,-0.21591848706120867,False,False,False,False,-10149.0,60967.00117322217,False,False,False,False,18827.675815644303,False,False,False,False
2025-03-24 17:00:00+00:00,2.355,2.365,2.33,2.335,19924.0,,,2.4354974273903696,2.5683174654551424,2.8733516139550384,2.924555721459585,3.048305297761124,3.208712578655783,3.360135906358704,,,,2.2968426698101925,2.5779334878132514,2.984237282916262,2.918065419585082,3.1316299855401892,,2.860632071391727,"rgba(239, 83, 80, 1.0)",0.287571722350249,2.704414567947171,-1.2845997684613828,53.568381221230176,1.2415431972635176,True,False,True,False,False,0.0,0.0,0.0,0.0,0.0,0,0.7974413646055439,0.9119707584526348,False,False,False,False,-0.2357188514191661,-0.2258186692401874,False,False,False,False,9775.0,60173.326736428025,False,False,False,False,18844.67308982036,False,False,False,False
2025-03-25 17:00:00+00:00,2.255,2.32,2.255,2.285,19419.0,,,2.4110628644217305,2.5628245238740863,2.8675773478030817,2.921171321576571,3.0447484657875177,3.2047348294501203,3.355868189958636,,,,2.2961408004641055,2.5725399303949703,2.9796159835136713,2.914500186532282,3.127843542493328,,2.854885665522508,"rgba(239, 83, 80, 1.0)",0.2850305499668546,2.6988744032869647,-1.4520352409069583,50.96771662506475,7.931334093782937,True,False,False,False,False,0.0,0.0,0.0,0.0,0.0,0,0.7878881987577641,0.9195652173913043,False,False,False,False,-0.26111632357157183,-0.2434674964058796,False,False,False,False,-9644.0,59090.88756221984,False,False,False,False,18853.577383001437,False,False,False,False
2025-03-26 17:00:00+00:00,2.275,2.3,2.26,2.275,24887.0,,,2.387990391241991,2.5558872780669875,2.8602374674432736,2.9168298124948264,3.040188803666131,3.199641107052544,3.3504058866576116,,,,2.294694559750069,2.565719744601947,2.973712029107483,2.909929626026399,3.122992659041731,,2.848185780429249,"rgba(239, 83, 80, 1.0)",0.2834131895943257,2.692276372117162,-1.4723251684737984,48.94100368020087,5.813029020607416,True,False,False,False,False,0.0,0.0,0.0,0.0,0.0,0,0.7867830423940152,0.9214463840399003,False,False,False,False,-0.26431365743531005,-0.2538905769205948,False,False,False,False,-34531.0,57639.38542947224,False,False,False,False,18947.118818923893,False,False,False,False
2025-03-27 17:00:00+00:00,2.255,2.32,2.245,2.295,27362.0,,,2.3717327254246565,2.548857981721295,2.852488412741911,2.9121851451484018,3.035292048062822,3.1941551495658396,3.3445101079831474,,,,2.2940364915686517,2.5587842771431624,2.967411032485711,2.9050450372522576,3.117774886939216,,2.841856108003089,"rgba(239, 83, 80, 1.0)",0.2784670553241335,2.685985320161498,-1.404063111546154,48.350694854939036,4.948251102136055,True,False,False,True,False,0.0,0.0,0.0,0.0,0.0,0,0.7836658354114715,0.9211346633416458,False,False,False,False,-0.26324729553341747,-0.25856893622700616,False,False,False,False,-7169.0,56634.60426002306,False,False,False,False,19077.582093049103,False,False,False,False
2025-03-28 17:00:00+00:00,2.2,2.205,2.125,2.155,19645.0,,,2.350032987160948,2.5417332675161703,2.845851905281192,2.9082344361104524,3.0312349054244248,3.18971994520583,3.339821837193895,,,,2.2866790544714455,2.5518223251259258,2.9621402507360917,2.90088560582045,3.1135112545633072,,2.835138981217511,"rgba(255, 0, 0, 1.0)",0.2771249271090898,2.679031880342353,-1.8909590191288306,44.09023010083891,0.6742703539039638,True,False,False,True,False,0.0,0.0,0.0,0.0,0.0,0,0.7799814068794546,0.9203594669972108,False,False,False,False,-0.3140506745396323,-0.28630980538331924,False,False,False,False,-26814.0,55340.827449790144,False,False,False,False,19086.379269901052,False,False,False,False
2025-03-31 17:00:00+00:00,2.13,2.165,2.115,2.14,19945.0,,,2.3300962465892505,2.534365719000554,2.839033954436306,2.904150540910153,3.027052497737115,3.1851617393987586,3.335013000162636,,,,2.2788439202893893,2.5446205130768074,2.956716110786937,2.8965876169642564,3.1091235854391868,,2.8283971203992793,"rgba(255, 0, 0, 1.0)",0.2761361950165014,2.6719742503027692,-1.9264922886004834,40.90856766305836,-2.461237686465587,False,False,False,True,False,0.0,0.0,0.0,0.0,0.0,0,0.7786732796032239,0.9221946683199007,False,False,False,False,-0.32505710588987413,-0.3056834556365967,False,False,False,False,-46759.0,53757.88438855309,False,False,False,False,19099.69121920491,False,False,False,False
2025-04-01 17:00:00+00:00,2.165,2.165,2.135,2.15,6469.0,,,2.324717198626584,2.5320929393605347,2.8368820372988104,2.9028524837523335,3.025719583063945,3.1837058761717367,3.33347454328211,,,,2.2766496732507924,2.542394855681306,2.9549935265306604,2.895222295659899,3.1077235592025696,,2.8263690476567738,"rgba(255, 0, 0, 1.0)",0.27639290156592133,2.669846420755239,-1.8808240653432717,39.248620312864276,-4.190859273316271,False,False,False,True,False,0.0,0.0,0.0,0.0,0.0,0,0.7819548872180452,0.9188596491228068,False,False,False,False,-0.3206455329306338,-0.31316449428361526,False,False,False,False,-40290.0,52299.77765384684,False,False,False,False,18903.86654913972,False,False,False,False
2025-04-02 17:00:00+00:00,2.145,2.16,2.105,2.13,6411.0,,,2.3191672122570997,2.52976009204895,2.834706065761684,2.901539246339178,3.0243750391450868,3.182241583064864,3.331930258214965,,,,2.27424332408232,2.540111881010141,2.9532549148714047,2.893840967036721,3.106313629164372,,2.8242903510830657,"rgba(255, 0, 0, 1.0)",0.2800917964068342,2.667655516918223,-1.919568954948172,37.59829048912379,-5.983168442695707,False,False,False,True,False,0.0,0.0,0.0,0.0,0.0,0,0.774968394437421,0.9241466498103665,False,False,False,False,-0.32837381831845547,-0.32076915630103536,False,False,False,False,-46701.0,50764.88187626781,False,False,False,False,18710.178695664683,False,False,False,False
2025-04-03 17:00:00+00:00,2.075,2.08,2.015,2.03,9189.0,,,2.3081849843590065,2.5257180789544993,2.831214242771568,2.899445606051532,3.022261337079745,3.1799706892006565,3.3295582608120395,,,,2.2688390234321987,2.536172207613997,2.950504115020247,2.8916370127778728,3.104113884521122,,2.820634953549541,"rgba(255, 26, 202, 1.0)",0.28548263227966486,2.663749386811049,-2.2199227383829605,34.172481108737486,-9.414005308979533,False,True,False,True,False,0.0,0.0,0.0,0.0,0.0,0,0.7621638924455827,0.9353393085787451,False,False,False,False,-0.34282825441539394,-0.33179870535821465,False,False,False,False,-55890.0,49111.31781617064,False,False,False,False,18562.563522088483,False,False,False,False
2025-04-04 17:00:00+00:00,1.855,1.91,1.84,1.91,8470.0,,,2.293349635791722,2.5208769882155972,2.827396229734713,2.897177704556686,3.0200143662117034,3.17760153945308,3.3271173645420795,,,,2.2608251201342826,2.5314744756233054,2.9475532835671805,2.8892469546439883,3.1017996593072326,,2.8162027768151305,"rgba(255, 26, 202, 1.0)",0.2939460942184796,2.658941737903781,-2.5478880401354123,29.92652170301664,-13.49512690839402,False,True,False,True,False,0.0,0.0,0.0,0.0,0.0,0,0.7654400000000001,0.9340799999999999,False,False,False,False,-0.34282825441539394,-0.33731347988680427,False,False,False,False,-64360.0,47352.07257871063,False,False,False,False,18406.089669032845,False,False,False,False
2025-04-07 17:00:00+00:00,1.835,1.915,1.835,1.86,9929.0,,,2.2765753348125206,2.515147856814215,2.822881057069244,2.8944884081301514,3.0173530696157655,3.174799606098778,3.324233519826121,,,,2.251448573403052,2.525913207269181,2.9440609144180714,2.8864132951969212,3.099060918146223,,2.81103131340002,"rgba(255, 26, 202, 1.0)",0.30311892234084303,2.653308169132802,-2.617151588579363,26.440497296927653,-16.790186733381617,False,True,False,True,False,0.0,0.0,0.0,0.0,0.0,0,0.7617062219371393,0.9393842206542654,False,False,False,False,-0.34282825441539394,-0.34007086715109913,False,False,False,False,-74289.0,45466.164476715116,False,False,False,False,18274.661922226132,False,False,False,False
2025-04-08 17:00:00+00:00,1.805,1.82,1.735,1.76,17232.0,,,2.244088641624972,2.50396105999656,2.814346835015646,2.8894095605061256,3.012370100765114,3.1696008519676155,3.3189189435619206,,,1.7716666666666667,2.232269940429243,2.515066119020079,2.9375032491813737,2.881060456724986,3.093958589487121,,2.7218631549959555,"rgba(255, 26, 202, 1.0)",0.31372015130260006,2.572213141271397,-2.5889734462354426,23.006264385374575,-20.029551660662126,False,True,False,True,False,0.0,0.0,0.0,0.0,0.0,0,0.7597048444016684,0.9403272377285851,True,False,False,False,-0.34282825441539394,-0.3414495607832465,False,False,False,False,-91521.0,43342.33246932418,False,False,False,False,18258.496621106347,False,False,False,False
2025-04-09 17:00:00+00:00,1.805,2.045,1.785,2.03,7853.0,,,2.235805997201999,2.5002111059270273,2.8111730412856013,2.887483937878577,3.0104430222337557,3.167550649310878,3.3167919791893308,,,1.82853843598432,2.227279499487777,2.511408550298173,2.935000945942897,2.879034739571386,3.091964010272472,,2.723283531891092,"rgba(255, 0, 0, 1.0)",0.3165251509298497,2.5723913986374125,-1.713580728242417,30.27581701981653,-27.261470349366878,False,True,False,True,True,0.0,0.0,0.0,0.0,0.0,0,0.7580174927113704,0.936183997408487,False,False,False,False,-0.292208959186088,-0.31682925998466727,False,False,False,False,-83668.0,41373.180027939314,False,False,False,False,18097.171092096945,False,False,False,False
2025-04-10 17:00:00+00:00,1.955,1.995,1.93,1.98,5074.0,,,2.2309719070907255,2.4978809351946514,2.8091704354916707,2.8862638681638892,3.0092192337382175,3.1662459582384175,3.3154362999618585,,,1.8520577605358268,2.224320354675897,2.509133377919243,2.9334155088578306,2.877751708593534,3.0906959019725555,,2.7232740961872555,"rgba(255, 0, 0, 1.0)",0.32018121276708594,2.571785881116075,-1.8482842138104036,34.12874364617313,-23.859131076619473,False,True,False,True,True,0.0,0.0,0.0,0.0,0.0,0,0.7734070221066321,0.9317295188556567,False,False,False,False,-0.2750669757493858,-0.29594811786702657,False,False,False,False,-88742.0,39355.890415103044,False,False,False,False,17895.26146276211,False,False,False,False
2025-04-11 17:00:00+00:00,2.055,2.115,2.045,2.08,17401.0,,,2.2221606383406893,2.4916954227583568,2.803276860747249,2.882610222715863,3.005491976774965,3.162208162464012,3.3111913886330715,,,1.9354560555088312,2.2188776733158213,2.5030551766071447,2.928642192610725,2.8739158784546164,3.0867991805869686,,2.7250292945783317,"rgba(255, 0, 0, 1.0)",0.32114795501295346,2.5717828159000913,-1.5313278762128666,39.22089049870788,-19.245059826736373,False,False,False,True,True,0.0,0.0,0.0,0.0,0.0,0,0.7845052083333335,0.9254557291666666,False,False,False,False,-0.23330977100561373,-0.2646289444363201,False,False,False,False,-71341.0,37639.65955595415,False,False,False,False,17887.598494347196,False,False,False,False
2025-04-14 17:00:00+00:00,2.15,2.175,2.115,2.12,14707.0,,,2.2181416524161883,2.487308731921682,2.798753982496852,2.8797641572659045,3.0025564661738997,3.1589962994795187,3.307790433168087,,,1.9829804979630732,2.216338229868303,2.4987210018127186,2.9249159327504652,2.8709319082676217,3.0837131513803278,,2.7254548034588186,"rgba(239, 83, 80, 1.0)",0.3226624180719363,2.5247610949491546,-1.2544413984367855,43.54878561875797,-15.317284591370587,True,False,False,True,True,0.0,0.0,0.0,0.0,0.0,0,0.7838456507521259,0.9293655984303466,False,False,False,False,-0.2105574463528833,-0.23759319539460172,False,False,False,False,-56634.0,36178.052431055636,False,False,False,False,17838.286889783674,False,False,False,False
2025-04-15 17:00:00+00:00,2.05,2.06,2.02,2.06,20566.0,,,2.207564770465367,2.4798245309768623,2.7916853427999704,2.87534286200157,2.9980613837080825,3.154146037943817,3.302704539730741,,,1.998792671197872,2.209312720000268,2.4913647668956824,2.91917533828061,2.866292936054167,3.079024243070464,,2.7210224725481136,"rgba(239, 83, 80, 1.0)",0.3255380577244694,2.5163999724715316,-1.4019865316571425,44.94803778618224,-13.959391558481549,True,False,False,True,True,0.0,0.0,0.0,0.0,0.0,0,0.7878088962108734,0.929489291598023,False,False,False,False,-0.2474286149889348,-0.24251090519176827,False,False,False,False,-77200.0,34420.25316855865,False,False,False,False,17880.57701552346,False,False,False,False
2025-04-16 17:00:00+00:00,2.075,2.095,2.02,2.07,7064.0,,,2.204537840629298,2.47739918144193,2.789336236584611,2.8738623387825335,2.9965513427167965,3.1525122496248925,3.3009878402539297,,,2.0037332354435264,2.207242300563706,2.4889763586944413,2.917254439409732,2.8647405092799336,3.0774467260317904,,2.7195831230351635,"rgba(239, 83, 80, 1.0)",0.3280533905129163,2.5145332477772957,-1.3550637202141442,46.15536548282763,-12.542969303816704,True,False,False,True,True,0.0,0.0,0.0,0.0,0.0,0,0.784139519578809,0.9295820993747943,False,False,False,False,-0.24124003452009354,-0.2418754698559309,False,False,False,False,-70136.0,32799.22598765077,False,False,False,False,17712.878147065734,False,False,False,False
2025-04-17 17:00:00+00:00,2.05,2.065,2.015,2.03,11200.0,,,2.1991917009065873,2.4733831144493785,2.7855156481330416,2.871454059630942,2.9941033665537855,3.149872726717194,3.298221009879092,,,2.0073817554757643,2.203532327149549,2.4850250789795467,2.9141379459260404,2.8622151287851167,3.0748942578716014,,2.7168406246505876,"rgba(239, 83, 80, 1.0)",0.3293914946636445,2.510945057669883,-1.460101628188659,45.8881362066831,-12.355167598977452,True,False,False,True,True,0.0,0.0,0.0,0.0,0.0,0,0.7838815789473687,0.9305921052631579,False,False,False,False,-0.2474286149889348,-0.24465204242243282,False,False,False,False,-81336.0,31029.68760024533,False,False,False,False,17611.903292072468,False,False,False,False
2025-04-18 17:00:00+00:00,2.03,2.03,2.03,2.03,0.0,,,2.1991917009065873,2.4733831144493785,2.7855156481330416,2.871454059630942,2.9941033665537855,3.149872726717194,3.298221009879092,,,2.0073817554757643,2.203532327149549,2.4850250789795467,2.9141379459260404,2.8622151287851167,3.0748942578716014,,2.7168406246505876,"rgba(239, 83, 80, 1.0)",0.329060182342982,2.510945057669883,-1.461571722976165,45.70998335592007,-11.93018375476074,True,False,False,True,True,0.0,0.0,0.0,0.0,0.0,0,0.779038718291055,0.9369158878504673,False,False,False,False,-0.25097327558669136,-0.2478126590045621,False,False,False,False,-81336.0,29287.583916520594,False,False,False,False,17338.85052785429,False,False,False,False
2025-04-21 17:00:00+00:00,1.945,1.98,1.935,1.98,15309.0,,,2.1894224928291286,2.467128941150504,2.779861870835395,2.8679038812768445,2.9905284604131483,3.1460539884976764,3.2942448949866834,,,2.001807968088701,2.196645695743078,2.4788888734733483,2.909568580742883,2.858490555515182,3.071186098704293,,2.7116717155582206,"rgba(255, 0, 0, 1.0)",0.32343097346201644,2.503950659830475,-1.6199767580145112,44.15760429329653,-11.93018375476074,True,False,False,True,True,0.0,0.0,0.0,0.0,0.0,0,0.7851128326035705,0.9349949477938699,False,False,False,False,-0.2768638259236827,-0.2623382424641224,False,False,False,False,-96645.0,27335.14075502415,False,False,False,False,17307.37997703484,False,False,False,False
2025-04-22 17:00:00+00:00,2.005,2.035,1.995,2.02,11747.0,,,2.1840643121992773,2.4629164696391945,2.775847870334221,2.865353342661985,2.987939490354086,3.143267876670778,3.291327926692399,,,2.003169973911392,2.1927449685273506,2.474741319803831,2.906282266664619,2.8558175482755574,3.0684896041602947,,2.708612536145768,"rgba(255, 0, 0, 1.0)",0.3174621066980785,2.5003572818929465,-1.5131169098861583,44.66778231724642,-11.8595938906791,True,False,False,True,True,0.0,0.0,0.0,0.0,0.0,0,0.7824310520939737,0.9421178072863466,False,False,False,False,-0.25630190284769105,-0.25932007265590673,False,False,False,False,-84898.0,25595.092061147807,False,False,False,False,17221.172535530426,False,False,False,False
2025-04-23 17:00:00+00:00,2.005,2.025,1.99,1.99,8220.0,,,2.180189739189909,2.4599178114874896,2.773009076528874,2.863546281886879,2.986108169405498,3.1413005981244244,3.289270750920773,,,2.0030793607727824,2.1898903842367514,2.471789448940393,2.9039584750687792,2.8539239212430783,3.066584118206263,,2.7063513950778377,"rgba(255, 0, 0, 1.0)",0.3134582317678961,2.4976865642154613,-1.6196306645134906,44.060331013685186,-11.8595938906791,True,False,False,True,True,0.0,0.0,0.0,0.0,0.0,0,0.7851979345955251,0.9376936316695352,False,False,False,False,-0.2589715499050228,-0.25914581128046477,False,False,False,False,-93118.0,23754.57900593621,False,False,False,False,17081.61947296406,False,False,False,False
2025-04-24 17:00:00+00:00,2.065,2.145,2.065,2.14,27952.0,,,2.1759102952506506,2.452493649771758,2.76492591941494,2.858269984406236,2.980652911400928,3.135331293652973,3.2829446097555217,,,2.022400780972666,2.1863503794397445,2.464410937941736,2.897140856191292,2.848407490043182,3.0608494203588115,,2.702314502200034,"rgba(239, 83, 80, 1.0)",0.30676138862239904,2.4944047842694523,-1.1553109270400999,48.59450903704095,-7.214381465007023,True,False,False,False,True,0.0,0.0,0.0,0.0,0.0,0,0.7802349689011749,0.9357290946786454,False,False,False,False,-0.22453200187737013,-0.24183890657891743,False,False,False,False,-65166.0,22375.965377937202,False,False,False,False,17250.15250439097,False,False,False,False
2025-04-25 17:00:00+00:00,2.115,2.14,2.105,2.14,16339.0,,,2.1741077297419293,2.448446479063016,2.7603759393562664,2.8552681500614088,2.9775383273704064,3.1319137053753385,3.2793149289014423,,,2.031981173153847,2.1847559050835748,2.4603782041395865,2.893268864593966,2.8452717964613514,3.0575702519963768,,2.7000147273306547,"rgba(239, 83, 80, 1.0)",0.30228223492217093,2.492483255874814,-1.166073341907003,51.617294385944795,-4.166011563108448,True,False,True,False,True,0.0,0.0,0.0,0.0,0.0,0,0.7767361111111114,0.9427083333333333,False,False,False,False,-0.20765203974526114,-0.2247454731620893,False,False,False,False,-65166.0,21018.725604635853,False,False,False,False,17236.026108974056,False,False,False,False
2025-04-28 17:00:00+00:00,2.075,2.11,2.07,2.11,20895.0,,,2.1705289577652103,2.442918070623016,2.754364324969158,2.851299396870194,2.973440984470483,3.1274399605284118,3.2745794632748066,,,2.038686918801277,2.1817650182831745,2.45488127450945,2.8881710153298874,2.8411259402128146,3.053268400155892,,2.6963438250610596,"rgba(239, 83, 80, 1.0)",0.29818633451263843,2.488881713592763,-1.2706206480320923,52.448820567105386,-3.1699316481851696,True,False,True,False,True,0.0,0.0,0.0,0.0,0.0,1,0.7819336626676078,0.9417784050811574,False,False,False,False,-0.22000198267902737,-0.22237372792055832,False,False,False,False,-86061.0,19358.574820067854,False,False,False,False,17292.754386354303,False,False,False,False
2025-04-29 17:00:00+00:00,2.125,2.14,2.1,2.11,15688.0,,,2.1687227833174796,2.4391134404349883,2.7500569780575423,2.8484250886365627,2.9704592617011043,3.1241710775356406,3.271108863866051,,,2.0443180496546938,2.180146788908449,2.4510865487607103,2.8844818561539975,2.8381260969754205,3.050130793678723,,2.6938728944370283,"rgba(239, 83, 80, 1.0)",0.2916499660598227,2.4865848679016733,-1.2912220528920928,53.00317135454578,-2.3409514612690643,True,False,True,False,True,0.0,0.0,0.0,0.0,0.0,0,0.792956243329776,0.9373888295980076,False,False,False,False,-0.20859977565513,-0.21548675178784416,False,False,False,False,-86061.0,17724.162807353623,False,False,False,False,17267.87447338757,False,False,False,False
2025-04-30 17:00:00+00:00,2.025,2.06,2.015,2.04,11460.0,,,2.1656051561842564,2.435728124020312,2.7465624715266026,2.846116349737832,2.968095575801642,3.1216118859526802,3.2684155942759827,,,2.0440181688069594,2.1776175547044447,2.4477311005540456,2.881536496862885,2.8357141519457705,3.0476608181404217,,2.6912625729626027,"rgba(255, 0, 0, 1.0)",0.28451290760629405,2.4837270907131628,-1.5596026712685653,50.597240735085066,-2.3409514612690643,True,False,False,False,False,0.0,0.0,0.0,0.0,0.0,0,0.7836486968939667,0.9460906818993217,False,False,False,False,-0.2345879451455913,-0.22503734846671775,False,False,False,False,-97521.0,15937.416097162093,False,False,False,False,17177.829907908694,False,False,False,False
2025-05-01 17:00:00+00:00,2.025,2.05,2.01,2.04,15001.0,,,2.161590942808897,2.4313275887416697,2.7420078022997374,2.8430954683981096,2.9650030541396135,3.1182647316295817,3.26489361262617,,,2.0433604833106283,2.174325980392157,2.4433677910250675,2.8776892255766007,2.83255918327655,3.0444298900510884,,2.687839673405836,"rgba(255, 0, 0, 1.0)",0.27631055448989916,2.479990944987162,-1.5923783505101197,48.993286988777925,-2.3409514612690643,True,False,False,False,False,0.0,0.0,0.0,0.0,0.0,0,0.7925072046109513,0.9452449567723343,False,False,False,False,-0.23702749616328,-0.23103242231499888,False,False,False,False,-97521.0,14178.370886353378,False,False,False,False,17144.08060701088,False,False,False,False
2025-05-02 17:00:00+00:00,2.075,2.09,2.055,2.06,15734.0,,,2.1587140233581033,2.4272111776516163,2.737525536852892,2.8400869225166816,2.9619023621230416,3.1148886201653165,3.2613254248244377,,,2.0448749752674327,2.1718490708863194,2.4392712362806988,2.8738570079239967,2.8294203535071927,3.041179673610579,,2.684777414228331,"rgba(255, 0, 0, 1.0)",0.26630983445588513,2.4768408539743327,-1.565247692883769,48.87652813239903,-2.3409514612690643,True,False,False,False,False,0.0,0.0,0.0,0.0,0.0,0,0.7947976878612719,0.9411127167630057,False,False,False,False,-0.2156378471836492,-0.22333513474932404,False,False,False,False,-81787.0,12690.535678813014,False,False,False,False,17122.2188921735,False,False,False,False
2025-05-05 17:00:00+00:00,2.045,2.06,2.02,2.025,17139.0,,,2.1546919077816287,2.4224253902777404,2.732470553916358,2.836695794459821,2.9584240093835192,3.1111193036442955,3.257354819283975,,,2.0442630489199662,2.16845199075556,2.434517557912147,2.8695526270224407,2.825881976934511,3.037543296024692,,2.6810301751012813,"rgba(255, 0, 0, 1.0)",0.25576749013313255,2.472826525955359,-1.7509126188095891,47.2742848454537,1.8340369244885508,True,False,False,True,False,0.0,0.0,0.0,0.0,0.0,0,0.8025009194556825,0.9404192717910996,False,False,False,False,-0.22925071479951803,-0.22629292477442103,False,False,False,False,-98926.0,10960.046753560098,False,False,False,False,17122.479064387862,False,False,False,False
2025-05-06 17:00:00+00:00,2.005,2.045,2.0,2.02,4788.0,,,2.15349458383541,2.421063923107888,2.731044605158338,2.835737867333177,2.957442983772329,3.1100580055522338,3.2562381208533364,,,2.0438785308023744,2.1674410774895083,2.433165813590636,2.8683389398568306,2.824882541749086,3.0365186713518924,,2.679946589573311,"rgba(255, 0, 0, 1.0)",0.2490911769099971,2.4716546491033706,-1.8132101454021583,45.98746623930174,0.3585111264538128,True,False,False,True,False,0.0,0.0,0.0,0.0,0.0,0,0.7975482912332841,0.9465081723625557,False,False,False,False,-0.2366151492771658,-0.23145403702579342,False,False,False,False,-103714.0,9182.154555830482,False,False,False,False,16931.24683083146,False,False,False,False
2025-05-07 17:00:00+00:00,2.025,2.04,1.995,2.025,21971.0,,,2.1481996547084337,2.41490768433964,2.724558753338097,2.831361944466486,2.9529595399566593,3.1052069385476306,3.251132746546029,,,2.0421490022197313,2.1629242564520146,2.4270501313952155,2.8628030037070866,2.8203185916610103,3.031835613921196,,2.675031373943018,"rgba(255, 0, 0, 1.0)",0.2451289787361121,2.466367823951519,-1.8005534320226713,45.44023747317152,-0.42960916135444904,True,False,False,True,False,0.0,0.0,0.0,0.0,0.0,0,0.8062102506546952,0.9330340441451551,False,False,False,False,-0.23872387657513935,-0.23508895680046638,False,False,False,False,-81743.0,7772.462237135437,False,False,False,False,17009.382538880585,False,False,False,False
2025-05-08 17:00:00+00:00,2.105,2.13,2.095,2.115,25144.0,,,2.1466857172625624,2.4097015186853064,2.7182441500566803,2.82698080267374,2.9483890070105905,3.1001809406693983,3.245780600091046,,,2.0475978484999775,2.1612445397591746,2.421824393109282,2.8572474288734244,2.8157603835405967,3.027018408146783,,2.6712812106445045,"rgba(239, 83, 80, 1.0)",0.2384612458362131,2.462951115414104,-1.4591516294144236,49.71510444285464,-4.5231589110947965,True,False,False,False,True,0.0,0.0,0.0,0.0,0.0,0,0.7966804979253113,0.939268200678989,False,False,False,False,-0.19899038308150743,-0.2170396699409869,False,False,False,False,-56599.0,6774.45507066822,False,False,False,False,17135.500639052978,False,False,False,False
2025-05-09 17:00:00+00:00,2.095,2.13,2.095,2.12,13581.0,,,2.145959619991237,2.406978989380638,2.714896666187248,2.8246420608142153,2.9459458523289808,3.097491931141272,3.242914865373325,,,2.0502739148017675,2.160413698417507,2.419088449215862,2.854287470072655,2.8133285102294523,3.0244421615880968,,2.6692818607340194,"rgba(239, 83, 80, 1.0)",0.23253166015182983,2.461133727965344,-1.4670420696373256,52.77912557982708,-1.6651997462858787,True,False,True,False,True,0.0,0.0,0.0,0.0,0.0,0,0.8061302681992341,0.9352490421455939,False,False,False,False,-0.19899038308150743,-0.20801502651124715,False,False,False,False,-43018.0,6002.479023060961,False,False,False,False,17080.392102013397,False,False,False,False
2025-05-12 17:00:00+00:00,2.165,2.17,2.11,2.11,23561.0,,2.13,2.145349402426213,2.4026098717475777,2.7093196029573825,2.8207059332775533,2.9418170571531017,3.0929322545102367,3.2380432128514656,,,2.0554114769372704,2.1594943945392515,2.4146844920811867,2.849311065554249,2.8092391433004082,3.0200802690246964,,2.6277855840257565,"rgba(239, 83, 80, 1.0)",0.226221967055305,2.4158809958766394,-1.352127734800662,54.16460178264563,-0.3723778128893258,True,False,True,False,True,0.0,0.0,0.0,0.0,0.0,0,0.8040123456790125,0.9413580246913581,False,False,False,False,-0.1876086079108068,-0.19781181721102697,False,False,False,False,-66579.0,4877.184774641411,False,False,False,False,17180.866643067453,False,False,False,False
2025-05-13 17:00:00+00:00,2.105,2.115,2.085,2.09,22382.0,,2.1137610372272886,2.143643132747464,2.3980930459590053,2.7038200170506816,2.816829396582251,2.9377739192970744,3.0884918045975653,3.233316640837889,,,2.057791256881301,2.1577407091013394,2.4101479068753617,2.8444304533149136,2.805211056916565,3.015822159178314,,2.6233480383262155,"rgba(239, 83, 80, 1.0)",0.21988371209991883,2.4117752441517633,-1.4633882659100432,53.759127177786354,-0.3723778128893258,True,False,True,False,True,0.0,0.0,0.0,0.0,0.0,0,0.8103582554517135,0.9349688473520247,False,False,False,False,-0.20418061584964875,-0.20099621653033786,False,False,False,False,-88961.0,3422.3291967399946,False,False,False,False,17261.50436953152,False,False,False,False
2025-05-14 17:00:00+00:00,2.015,2.045,1.99,2.04,22829.0,,2.084296637197309,2.1395481800657667,2.392558186156712,2.6976611642781254,2.812528725978943,2.933341694296663,3.0836789347814615,3.2282343961561293,,,2.0559691434802607,2.154066187374877,2.4046243395151357,2.8390462488138164,2.800738323890962,3.0111837779097916,,2.6169625671354253,"rgba(255, 0, 0, 1.0)",0.21635019160009672,2.405413842767877,-1.6889924620141343,50.58449834654547,-0.3723778128893258,True,False,False,False,False,0.0,0.0,0.0,0.0,0.0,0,0.8089320388349518,0.9304854368932037,False,False,False,False,-0.23872387657513935,-0.2198600465527386,False,False,False,False,-111790.0,1636.0915347750336,False,False,False,False,17347.82213124421,False,False,False,False
2025-05-15 17:00:00+00:00,1.91,1.965,1.905,1.93,19956.0,,2.05034316487843,2.133508646410745,2.3866791558945613,2.691646926006071,2.808374218814993,2.9291149178938527,3.0791460964505064,3.2234908388248873,,,2.0502881778487576,2.148851043929698,2.3987891205928364,2.833873763463569,2.796413200828981,3.0067909696190545,,2.609807874389781,"rgba(255, 26, 202, 1.0)",0.21388221899820653,2.397919780298073,-2.1877451173348677,44.200745049477504,-0.7445406327561983,False,False,False,True,False,0.0,0.0,0.0,0.0,0.0,0,0.7992998833138858,0.9420458965383118,False,False,False,False,-0.2738356969920486,-0.24684787177239362,False,False,False,False,-131746.0,-431.8478688648893,False,False,False,False,17388.25899742647,False,False,False,False
2025-05-16 17:00:00+00:00,1.935,1.965,1.935,1.945,11001.0,,2.0390905687747125,2.130566464755005,2.383607294126491,2.6884365793176155,2.8061397101224737,2.9268349650390033,3.076695064844585,3.2209209524036346,,,2.047749426203162,2.1462729972441874,2.395735432406119,2.831094621973686,2.794088431612738,3.0044182781645516,,2.6065464847848543,"rgba(255, 26, 202, 1.0)",0.21208195764079024,2.3944767656995807,-2.1193540964049062,40.916508545134555,-3.574629222014039,False,True,False,True,False,0.0,0.0,0.0,0.0,0.0,0,0.7985921001173252,0.9432929213922564,False,False,False,False,-0.2674049227618171,-0.25712639726710534,False,False,False,False,-120745.0,-2297.1680569445034,False,False,False,False,17289.23172614854,False,False,False,False
2025-05-19 17:00:00+00:00,1.93,1.935,1.895,1.915,13101.0,,2.024682073325652,2.126563340293104,2.379728857321191,2.6844788251456833,2.8033909341194043,2.92404155366416,3.073704156827571,3.217794166212361,,,2.043926235724727,2.1427853218485935,2.3918854488804513,2.82768351959491,2.7912279938785587,3.001517751290294,,2.6023864412947617,"rgba(255, 26, 202, 1.0)",0.21279510510523958,2.390024400349713,-2.232308868734483,37.727508585934444,-6.374429008953726,False,True,False,True,False,0.0,0.0,0.0,0.0,0.0,0,0.7938871473354233,0.9451410658307208,False,False,False,False,-0.28244467112873667,-0.269785534197921,False,False,False,False,-133846.0,-4336.684831255441,False,False,False,False,17224.297900936934,False,False,False,False
2025-05-20 17:00:00+00:00,1.915,1.925,1.885,1.9,18871.0,,2.007294414367899,2.1207477122143774,2.3741163243294094,2.6787632867267988,2.799409596612965,2.9199986472420836,3.0693798425100227,3.2132763955320836,,,2.038326153276793,2.137694507472058,2.3863139390877515,2.8227522547736354,2.787085889065011,2.9973222329925036,,2.5966057997288137,"rgba(255, 26, 202, 1.0)",0.21125508683036473,2.3837899844131956,-2.290074959480967,35.112384626047536,-8.714874958809744,False,True,False,True,False,0.0,0.0,0.0,0.0,0.0,0,0.7867617915180344,0.9567974633372969,False,False,False,False,-0.28676442785038087,-0.27827498102415094,False,False,False,False,-152717.0,-6637.154833871637,False,False,False,False,17249.828166038686,False,False,False,False
2025-05-21 17:00:00+00:00,1.895,1.895,1.81,1.815,65473.0,,1.9517431388857895,2.0974750272317015,2.353141622122418,2.657997680414775,2.784908009097742,2.9053581763190044,3.05381963969321,3.1970935957857396,,,2.014245906422446,2.117244254046396,2.3655208378748913,2.8048928004637883,2.772000958166418,2.982182673588557,,2.575544594293777,"rgba(255, 26, 202, 1.0)",0.2108713582488693,2.360629077792338,-2.5874973364016065,31.079821787126807,-12.415297204024341,False,True,False,True,False,0.0,0.0,0.0,0.0,0.0,0,0.7818831942789036,0.957886372665872,False,False,False,False,-0.30961920745245153,-0.29394709423830123,False,False,False,False,-218190.0,-9917.043906214712,False,False,False,False,17997.47424098382,False,False,False,False
2025-05-22 17:00:00+00:00,1.805,1.83,1.805,1.81,13593.0,,1.9429241611194668,2.0926958543891527,2.3487896791046277,2.653686877901819,2.7818738776452356,2.9022980909925584,3.050572876548343,3.193720528358945,,,2.009346860046693,2.112994254930601,2.3612047967741336,2.8011720554868544,2.7688467841126556,2.979021320887857,,2.5713677155927814,"rgba(255, 26, 202, 1.0)",0.21121021934733658,2.356010985935945,-2.585154201454742,28.276521272900034,-14.985892927210465,False,True,False,True,False,0.0,0.0,0.0,0.0,0.0,0,0.7716346153846155,0.970352564102564,False,False,False,False,-0.32447919850290396,-0.3092131463706026,False,False,False,False,-231783.0,-13356.82617123464,False,False,False,False,17929.187818642986,False,False,False,False
2025-05-23 17:00:00+00:00,1.85,1.885,1.85,1.86,32483.0,,1.9325183624528945,2.0838476454006423,2.3396175279124733,2.6441654463951445,2.775070575873175,2.8953876492291655,3.043193832786225,3.1860161692636857,,,2.001336098226311,2.1049319416407197,2.3520793869976493,2.7928380319254127,2.7617835801835025,2.971857140613392,,2.5631888134928853,"rgba(255, 26, 202, 1.0)",0.2112344029105256,2.347131022662938,-2.3061159354296854,30.12532115599843,-14.985892927210465,False,True,False,True,False,0.0,0.0,0.0,0.0,0.0,0,0.786498576657178,0.9654331028873526,False,False,False,False,-0.3018346355216958,-0.3055238909461492,False,False,False,False,-199300.0,-16239.666075556583,False,False,False,False,18154.82831757875,False,False,False,False
2025-05-26 17:00:00+00:00,1.86,1.86,1.86,1.86,0.0,,1.9325183624528945,2.0838476454006423,2.3396175279124733,2.6441654463951445,2.775070575873175,2.8953876492291655,3.043193832786225,3.1860161692636857,,,2.001336098226311,2.1049319416407197,2.3520793869976493,2.7928380319254127,2.7617835801835025,2.971857140613392,,2.5631888134928853,"rgba(255, 26, 202, 1.0)",0.21037504048163833,2.347131022662938,-2.3155362040462917,31.357854411397362,-14.985892927210465,False,True,False,True,True,0.0,0.0,0.0,0.0,0.0,0,0.782751540041068,0.9724845995893223,False,False,False,False,-0.3052117108307497,-0.30536780088844945,False,False,False,False,-199300.0,-19077.810787563456,False,False,False,False,17873.358111104662,False,False,False,False
2025-05-27 17:00:00+00:00,1.83,1.835,1.775,1.79,21311.0,,1.9218437020825692,2.0767909744046795,2.3329880432650025,2.6375318861191506,2.7703468484166094,2.890620884256128,3.0381380477805706,3.1807636227657974,,,1.9942630852178,2.0985639409505477,2.3454977776683834,2.787073075179986,2.7568777660656796,2.9669337205678805,,2.5570166696243417,"rgba(255, 26, 202, 1.0)",0.21307893051783405,2.340327173310583,-2.5827385747298104,29.88481057475088,-14.985892927210465,False,True,False,True,True,0.0,0.0,0.0,0.0,0.0,0,0.7769168026101144,0.9685970636215332,False,False,False,False,-0.330190110706301,-0.31777895579737525,False,False,False,False,-220611.0,-22202.356356748518,False,False,False,False,17926.65488457591,False,False,False,False
2025-05-28 17:00:00+00:00,1.745,1.8,1.73,1.79,156821.0,,1.866574268320273,2.029861104399749,2.2865871541832146,2.5902908955808313,2.7360276161778274,2.855952623804697,3.001387183959669,3.1425794388594444,,,1.94888151371346,2.055241905412304,2.2993519859002602,2.7455324287410123,2.721296169459966,2.93113825622879,,2.51505018176725,"rgba(255, 26, 202, 1.0)",0.21307588632533406,2.2944950792385597,-2.367677957083672,28.90278135031989,-14.985892927210465,False,True,False,True,True,0.0,0.0,0.0,0.0,0.0,0,0.7731538147694821,0.9734802121583026,False,False,False,False,-0.34282825441539394,-0.33030360510638457,False,False,False,False,-220611.0,-25278.45935896947,False,False,False,False,20080.05558403985,False,False,False,False
2025-05-29 17:00:00+00:00,1.805,1.82,1.79,1.8,17069.0,,1.8641122839268243,2.026111140744936,2.2822651647452084,2.5856362750224458,2.7325462028006577,2.8524095679476718,2.9976101322487696,3.1386363160962105,,,1.9456985400256581,2.0516418194950523,2.2950356291590155,2.7413487280808995,2.7176957452665564,2.9274688855010833,,2.511301173647213,"rgba(255, 26, 202, 1.0)",0.20999931359817606,2.2905326126689607,-2.3358772191397352,29.112506059909183,-15.074960296294165,False,True,False,True,True,0.0,0.0,0.0,0.0,0.0,0,0.7838060008220307,0.9712289354706123,False,False,False,False,-0.3241022212623558,-0.3272029131843702,False,False,False,False,-203542.0,-28042.23518286142,False,False,False,False,20033.372551729153,False,False,False,False
2025-05-30 17:00:00+00:00,1.755,1.775,1.75,1.755,8753.0,,1.8620745230364666,2.023871149270204,2.2798808637139514,2.5831396384040417,2.7306882063406204,2.850527254052157,2.995612535846321,3.13655794423724,,,1.9436391416192282,2.04952005381559,2.2926586947713203,2.7391192543387546,2.715773395718399,2.925524296667891,,2.509184782273728,"rgba(255, 26, 202, 1.0)",0.20852294794533582,2.2882618799251597,-2.5573294698718443,27.752903538045246,-16.792950296274213,False,True,False,True,False,0.0,0.0,0.0,0.0,0.0,0,0.7782357790601817,0.9760923330585325,False,False,False,False,-0.34282825441539394,-0.33501558379988206,False,False,False,False,-212295.0,-30898.867195530234,False,False,False,False,19858.483054803117,False,False,False,False
2025-06-02 17:00:00+00:00,1.745,1.755,1.725,1.735,41547.0,,1.8515557206021063,2.012900929409052,2.268394598552642,2.5711855284403877,2.7217702795819023,2.841504642651445,2.9860532873147987,3.126623660084403,,1.738333333333333,1.9333723191015417,2.0391326455461747,2.2812109698999543,2.728442364513466,2.706548542935064,2.91621180923194,,2.4482160420798804,"rgba(255, 26, 202, 1.0)",0.20695229462909007,2.2157490134936797,-2.322994361358985,26.25596185084721,-18.58773164737397,False,True,False,True,False,0.0,0.0,0.0,0.0,0.0,0,0.7810526315789477,0.9730526315789474,True,False,False,False,-0.34282825441539394,-0.338921919107638,False,False,False,False,-253842.0,-34355.3498746693,False,False,False,False,20194.739131472837,True,False,False,False
2025-06-03 17:00:00+00:00,1.825,1.915,1.815,1.885,50519.0,,1.8534397209808324,2.0065974849879367,2.2584200901584195,2.5593533210923085,2.7125813712988074,2.8320313059714226,2.9758451529505785,3.115874669027634,,1.8114967885357602,1.929835289645821,2.0326006051635788,2.271178696235941,2.7174703039053907,2.6970762765123224,2.906343001027163,,2.445342938499594,"rgba(255, 0, 0, 1.0)",0.19953533860282702,2.2127662499973635,-1.6426476246885708,34.82138100140526,-20.79459777046111,False,True,False,True,True,0.0,0.0,0.0,0.0,0.0,0,0.778102799832846,0.9694943585457583,False,False,False,False,-0.2841852649840003,-0.31155359204581917,False,False,False,False,-203323.0,-36975.003364984506,False,False,False,False,20664.882710829846,False,False,False,False
2025-06-04 17:00:00+00:00,1.925,1.925,1.89,1.905,24762.0,,1.855776477812134,2.004458193025759,2.254138069449402,2.553986510882944,2.708334029302797,2.8276219687651367,2.9710660533894506,3.1108193172852627,,1.8316682929891235,1.9292021328842273,2.0302381076844633,2.26685397753707,2.712412637565965,2.6927050471242757,2.901734906981438,,2.4434010481786297,"rgba(255, 0, 0, 1.0)",0.19316757417254382,2.2110010717536737,-1.5841223510957543,41.38214973389288,-14.959457013203618,False,False,False,True,True,0.0,0.0,0.0,0.0,0.0,0,0.7827368421052633,0.9709473684210524,False,False,False,False,-0.2646904646357687,-0.2881220283407939,False,False,False,False,-178561.0,-39170.135095759935,False,False,False,False,20728.403909111556,False,False,False,False
2025-06-05 17:00:00+00:00,1.93,1.985,1.93,1.945,13142.0,,1.8579978048214232,2.003883849207333,2.2522071063250846,2.5513766348540066,2.7062281271454025,2.825416534704181,2.968657389031917,3.1082567263387344,,1.8439705316611523,1.9295471272070337,2.029479957982363,2.2648921456828046,2.7099079015017042,2.690541247117052,2.8994203453636223,,2.442785561929588,"rgba(239, 83, 80, 1.0)",0.1845949546907792,2.2105682607506716,-1.4386539501880389,47.37458783905193,-9.777000352823904,True,False,False,False,True,0.0,0.0,0.0,0.0,0.0,0,0.7808628791114912,0.9846219564288766,False,False,False,False,-0.2318986091557142,-0.2600103187482541,False,False,False,False,-165419.0,-41127.481838461325,False,False,False,False,20610.78524385401,False,False,False,False
2025-06-06 17:00:00+00:00,1.985,1.99,1.95,1.95,13559.0,,1.8604155543480165,2.003419229510348,2.2503064798797245,2.548752240816561,2.7040963767964112,2.8231787113422677,2.9662085758354166,3.1056474786991797,,1.8552465819915602,1.9300382380036547,2.0288139481924277,2.2629577777735737,2.707374883914672,2.688352126213796,2.897069268908626,,2.4421251648150823,"rgba(239, 83, 80, 1.0)",0.1799364752770507,2.210124432407501,-1.4456459259134855,51.56986155789321,-6.233578602850493,True,False,True,False,True,0.0,0.0,0.0,0.0,0.0,0,0.7874730021598275,0.9723542116630668,False,False,False,False,-0.2257138979288348,-0.24286210833854444,False,False,False,False,-151860.0,-42844.265065772,False,False,False,False,20501.455240073326,False,False,False,False
2025-06-09 17:00:00+00:00,1.96,1.99,1.96,1.98,14123.0,,1.8631299433253539,2.003103719192646,2.248443959128739,2.5461051681636975,2.7019286565023086,2.8208960767384506,2.9637042975299406,3.102973887290247,,1.8661238043285209,1.9307336849290135,2.0282727292992044,2.261057652738897,2.704801668052623,2.686127592810676,2.8946677113137995,,2.441471370089608,"rgba(239, 83, 80, 1.0)",0.1762910676708667,2.209728810901577,-1.3031222394686388,55.5779481682186,-2.7313483072033335,True,False,True,False,True,0.0,0.0,0.0,0.0,0.0,0,0.795998260113093,0.9673771204871683,False,False,False,False,-0.22324478512854318,-0.2330534467335438,False,False,False,False,-137737.0,-44315.470258550726,False,False,False,False,20402.56446115746,False,False,False,False
2025-06-10 17:00:00+00:00,1.965,1.975,1.945,1.97,6067.0,,1.8641250506746896,2.0029032441657195,2.2476127424009076,2.5449490876995764,2.7009843560594,2.819903844326207,2.962617910381504,3.1018156919389663,,1.869726136449241,1.9309412238139407,2.0279844824558833,2.260211206884433,2.703681674887688,2.6851583562057217,2.893624958631219,,2.4410826644650068,"rgba(239, 83, 80, 1.0)",0.17387315455201083,2.2094447580989085,-1.3771232178759558,57.55232993349631,-0.9457809008305773,True,False,True,False,True,0.0,0.0,0.0,0.0,0.0,0,0.786091549295775,0.9806338028169014,False,False,False,False,-0.22685159921988565,-0.22995252297671473,False,False,False,False,-143804.0,-45857.92808399955,False,False,False,False,20180.307647806185,False,False,False,False
2025-06-11 17:00:00+00:00,1.995,2.01,1.97,2.01,30161.0,,1.8703607197600731,2.0027507794070645,2.244027621860779,2.5395947768900378,2.6965360732433266,2.815195661547702,2.9574309594778603,3.096260259573738,,1.8894736778763495,1.9329575459399675,2.0273083364531113,2.256538253543949,2.6984121178288856,2.6805990368436112,2.8886600750622304,,2.4397403930205788,"rgba(239, 83, 80, 1.0)",0.17156639247539307,2.208758396162305,-1.1584926004130578,60.52403413657335,1.9478361256126604,True,False,True,False,True,0.0,0.0,0.0,0.0,0.0,0,0.7924778761061951,0.9721238938053097,False,False,False,False,-0.21155357465105654,-0.22075304881388563,False,False,False,False,-113643.0,-46908.85943153444,False,False,False,False,20335.047064119266,False,False,False,False
2025-06-12 17:00:00+00:00,2.015,2.025,2.0,2.015,12976.0,,1.8731971761000523,2.0028609244201885,2.2426183521001266,2.537392990996522,2.6946847168186614,2.8132275215793077,2.9552549199429072,3.0939232900616647,,1.8972433480295468,1.934004559334086,2.027179724681088,2.25508870547559,2.696222387013981,2.678703380284465,2.8865805262549844,,2.4392121682062116,"rgba(239, 83, 80, 1.0)",0.17061098472285338,2.2085455468233137,-1.134426057839804,62.70432428155546,4.203169383489353,True,False,True,False,True,0.0,0.0,0.0,0.0,0.0,0,0.7943136383829412,0.9706796979120391,False,False,False,False,-0.20014412012008007,-0.21044858446698284,False,False,False,False,-100667.0,-47742.318975231574,False,False,False,False,20220.953311187186,False,False,False,False
2025-06-13 17:00:00+00:00,2.025,2.03,1.99,2.01,6433.0,,1.874529593803417,2.002897572722306,2.2419159905972177,2.5363013477585032,2.6937661288848123,2.812251320405765,2.9541760339296728,3.092764884133578,,1.9006441963720584,1.9344921906430017,2.0271016984253616,2.2543666427911084,2.695136711195799,2.6777628866790786,2.8855493040811506,,2.4389104334948555,"rgba(239, 83, 80, 1.0)",0.1701372524895071,2.2083991658646016,-1.166112435469344,63.71856129095677,5.504056480125712,True,False,True,False,True,0.0,0.0,0.0,0.0,0.0,0,0.8000000000000005,0.9646532438478749,False,False,False,False,-0.20140924884919933,-0.2059289166580911,False,False,False,False,-107100.0,-48662.59309964658,False,False,False,False,20007.186593184284,False,False,False,False
2025-06-16 17:00:00+00:00,2.065,2.08,2.035,2.075,19647.0,,1.8799835107477878,2.003830467064689,2.2402842458437626,2.5333302014869155,2.6911935083430425,2.8094817738233706,2.9510814726947796,3.0894157913454303,,1.9143662207645016,1.9369685451222276,2.027597391097057,2.2526630994165586,2.692098580129778,2.675134945505644,2.8826057538351697,,2.4386690338147137,"rgba(239, 83, 80, 0.5)",0.1701444007809564,2.208756264749813,-0.7861338024400244,66.94354064730172,8.918574149099832,True,False,True,False,True,0.0,0.0,0.0,0.0,0.0,0,0.8195899772209572,0.9535307517084283,False,False,False,False,-0.17747553884807357,-0.19170222775308232,False,False,False,False,-87453.0,-49263.99475701641,False,False,False,False,20001.60230491786,False,False,False,False
2025-06-17 17:00:00+00:00,2.055,2.09,2.03,2.08,25032.0,,1.8866103376197585,2.0050424299629506,2.238286320432771,2.5296248168167024,2.6879632651751173,2.805998296368124,2.94718442715919,3.0851939522406338,,1.9291447388823417,1.9400687061922628,2.0282667425917698,2.250573603569601,2.688290103916181,2.6718371736881976,2.8789009419391185,,2.4381990571036476,"rgba(239, 83, 80, 0.5)",0.17012374934171798,2.2090646208023865,-0.7586514011229651,69.26161162419501,11.447141208314548,True,False,True,False,True,0.0,0.0,0.0,0.0,0.0,0,0.8173120728929387,0.9412300683371299,False,False,False,False,-0.17622165688625047,-0.1839619423196664,False,False,False,False,-62421.0,-49467.97933442701,False,False,False,False,20079.592966857115,False,False,False,False
2025-06-18 17:00:00+00:00,2.035,2.05,2.0,2.025,30275.0,,1.8923072090850876,2.0054973772055313,2.235358567793335,2.5248248757797636,2.6838417790629516,2.8015936130195596,2.9422959056252593,3.0799271907692978,,1.9392126955381392,1.9424550322100047,2.028200427036368,2.247549805962488,2.68344083167836,2.6676247821528607,2.8742372905205307,,2.4365578255626357,"rgba(239, 83, 80, 1.0)",0.1672865589125032,2.2082292585100536,-1.095301736739585,66.1273388411459,11.447141208314548,True,False,True,False,False,0.0,0.0,0.0,0.0,0.0,0,0.8123006833712987,0.9435079726651482,False,False,False,False,-0.19382786557354204,-0.18889490394660421,False,False,False,False,-92696.0,-50138.18120521108,False,False,False,False,20237.661292952354,False,False,False,False
2025-06-19 17:00:00+00:00,2.025,2.025,2.025,2.025,0.0,,1.8923072090850876,2.0054973772055313,2.235358567793335,2.5248248757797636,2.6838417790629516,2.8015936130195596,2.9422959056252593,3.0799271907692978,,1.9392126955381392,1.9424550322100047,2.028200427036368,2.247549805962488,2.68344083167836,2.6676247821528607,2.8742372905205307,,2.4365578255626357,"rgba(239, 83, 80, 1.0)",0.16513461612101527,2.2082292585100536,-1.1095751019021847,64.03782365244649,11.447141208314548,True,False,True,False,False,0.0,0.0,0.0,0.0,0.0,0,0.8144094847241226,0.940264477884177,False,False,False,False,-0.19382786557354204,-0.19136138476007314,False,False,False,False,-92696.0,-50797.99234931634,False,False,False,False,19923.899102363946,False,False,False,False
2025-06-20 17:00:00+00:00,1.945,1.965,1.91,1.92,19137.0,,1.8933054040371917,2.0044486394499756,2.2327461523063086,2.5212798111300714,2.680897562449623,2.7985033773114556,2.938920791146754,3.076332786998318,,1.9387428915349076,1.9422667705589178,2.026977411247438,2.2448957127312616,2.67998265024403,2.6646076628751385,2.870994450957419,,2.434326804998587,"rgba(239, 83, 80, 1.0)",0.16424926124586822,2.1595441498387147,-1.458418430754072,56.36741588240807,14.21351604268196,True,False,True,False,False,0.0,0.0,0.0,0.0,0.0,0,0.8095671981776769,0.9435079726651482,False,False,False,False,-0.23839364535128932,-0.21487751505568123,False,False,False,False,-111833.0,-51744.27153769903,False,False,False,False,19911.699116280783,False,False,False,False
2025-06-23 17:00:00+00:00,1.945,1.99,1.945,1.95,26139.0,,1.8955941736057478,2.003634384659894,2.2295980578800325,2.5167484807772666,2.6770726764517407,2.794462622095235,2.934483246610127,3.071587162081898,,1.9405395044959954,1.9427184086992972,2.0258664434523808,2.2416821492328096,2.67549756365875,2.66069341533278,2.8667412973692588,,2.4317946390935474,"rgba(239, 83, 80, 1.0)",0.1643371068404161,2.1589000176616313,-1.2711676728280803,53.059137401215914,11.145867797940042,True,False,False,False,False,0.0,0.0,0.0,0.0,0.0,0,0.8107741059302855,0.9370755998189225,False,False,False,False,-0.223017561977196,-0.2189475385164386,False,False,False,False,-85694.0,-52270.623916959514,False,False,False,False,20008.246416803562,False,False,False,False
2025-06-24 17:00:00+00:00,1.995,1.995,1.955,1.955,27718.0,,1.8980880897101131,2.002936019995803,2.226419799141812,2.512079661352026,2.6730983146637595,2.790254147414211,2.9298534012314663,3.0666287717748486,,1.9426721469100154,1.9433355236739311,2.0248470458808017,2.2384324351102216,2.6708461764810565,2.65662919266611,2.862307371444355,,2.4292285398300355,"rgba(239, 83, 80, 1.0)",0.16419165904787786,2.1576684297551365,-1.2343405927583622,51.155826341037155,9.263421979238345,True,False,False,False,False,0.0,0.0,0.0,0.0,0.0,0,0.8144283121597099,0.9387477313974593,False,False,False,False,-0.21918996399645324,-0.21906875125644593,False,False,False,False,-57976.0,-52359.07936010743,False,False,False,False,20127.777480108933,False,False,False,False
2025-06-25 17:00:00+00:00,1.975,1.98,1.965,1.965,4935.0,,1.8985244011789548,2.0028204183555247,2.2258656257307994,2.5112592564651117,2.672397038955425,2.7895108601713,2.929035159239188,3.06575196723014,,1.9430404518459445,1.9434494102251867,2.024674566827227,2.237865452248241,2.6700263878634307,2.655912324416365,2.8615239902514165,,2.4287771540669505,"rgba(239, 83, 80, 1.0)",0.16344412495399052,2.157428069985939,-1.1773324372479435,50.53088344207707,8.39002329919154,True,False,False,False,False,0.0,0.0,0.0,0.0,0.0,0,0.8133818843878018,0.9385525716886665,False,False,False,False,-0.22046512244693103,-0.21976693685168847,False,False,False,False,-53041.0,-52369.65177312902,False,False,False,False,19892.230542432826,False,False,False,False
2025-06-26 17:00:00+00:00,2.135,2.175,2.125,2.135,30513.0,,1.9074363670261534,2.0058403965912586,2.224799297398282,2.5078637352792326,2.6691645419620205,2.7859199068728864,2.924924352228149,3.0612225546006067,,1.958575175096949,1.9486350355915993,2.026969526305064,2.2366682932393727,2.6662565001795495,2.6526353976784804,2.8576555483129042,,2.4289711085575005,#000000,0.16305937679371293,2.1623785166610046,-0.16790519625032935,57.08567537731936,8.39002329919154,True,False,True,False,True,0.0,0.0,0.0,0.0,0.0,0,0.8239277652370207,0.9322799097065463,False,False,False,False,-0.1314143046531773,-0.17559062075243287,False,False,False,False,-22528.0,-51906.99050532857,False,False,False,False,20056.893634798205,False,False,False,False
2025-06-27 17:00:00+00:00,2.155,2.16,2.115,2.145,16851.0,,1.9119893444400555,2.007395876407826,2.2241862291500594,2.505989915908639,2.6673794343491766,2.783938540874045,2.922658119981755,3.0587266595504783,,1.9659679769919263,1.951316011323531,2.0281476837696553,2.235984945827885,2.6641779200435773,2.650825999636239,2.8555221634594714,,2.4289471214476217,#000000,0.16200258589859462,2.164235337620216,-0.11873475669244095,61.71944142198466,3.419927515737598,True,False,True,False,True,0.0,0.0,0.0,0.0,0.0,0,0.8261461643213801,0.9287335451656833,False,False,False,False,-0.1376022899780366,-0.15659645536523475,False,False,False,False,-5677.0,-51190.246466486264,False,False,False,False,20007.189857514513,False,False,False,False
2025-06-30 17:00:00+00:00,2.095,2.115,2.075,2.085,4483.0,,1.912920310717584,2.007655010897132,2.223931836169865,2.5054292101957625,2.6668632165210266,2.7833740570351297,2.922020322538432,3.0580301207477687,,1.9673160191283168,1.951837172792794,2.028323335225006,2.235714047746057,2.6635769673606133,2.6503014379709198,2.8549185427918715,,2.4288141071892184,#000000,0.15939143838558062,2.164430447180563,-0.4983357198171118,61.21096806914013,3.419927515737598,True,False,True,False,True,0.0,0.0,0.0,0.0,0.0,0,0.818222823635544,0.9291835814163285,False,False,False,False,-0.1587229319662941,-0.15765969366576443,False,False,False,False,-10160.0,-50554.118614292674,False,False,False,False,19766.50474344452,False,False,False,False
2025-07-01 17:00:00+00:00,2.045,2.12,2.045,2.095,31210.0,,1.9189694228867822,2.0093110292711995,2.222121559902782,2.501520657431578,2.6632638614334696,2.7794413475821345,2.9175804834813106,3.053183640874517,,1.9756078562752328,1.9552348597521623,2.0294253386590815,2.2337914192998727,2.6593916594336666,2.6466441716868805,2.850715160918029,,2.4277468312592467,#000000,0.15020781400240507,2.165352788229904,-0.4683696963247019,61.23976095526658,3.454690788818084,True,False,True,False,True,0.0,0.0,0.0,0.0,0.0,0,0.8125572868927591,0.9395050412465628,False,False,False,False,-0.1649608756891592,-0.16131028467746183,False,False,False,False,21050.0,-49443.97724042767,False,False,False,False,19943.923274553905,False,False,False,False
2025-07-02 17:00:00+00:00,2.385,2.405,2.335,2.35,71471.0,,1.9517816987359629,2.02552468125163,2.226261266471587,2.49862886123825,2.6590625977081688,2.774131210587161,2.910915755353052,3.0453906952741407,,2.0288268452723894,1.9775004293994745,2.0432694316869324,2.2375082628951546,2.654553538539841,2.6424960422565382,2.8446841101454403,,2.434702361787715,"rgba(38, 166, 154, 1.0)",0.14603149728120965,2.1830831009289,1.1430198428334408,66.97331114262357,9.181395768703865,True,False,True,False,True,5.332999783607544,0.0,0.0,0.0,0.0,0,0.8175280898876408,0.9334831460674159,False,False,False,False,-0.023706119813274147,-0.09250820224536799,False,False,False,False,92521.0,-47242.96984135127,False,False,False,False,20742.792681149967,False,False,False,False
2025-07-03 17:00:00+00:00,2.315,2.33,2.315,2.325,0.0,,1.9517816987359629,2.02552468125163,2.226261266471587,2.49862886123825,2.6590625977081688,2.774131210587161,2.910915755353052,3.0453906952741407,,2.0288268452723894,1.9775004293994745,2.0432694316869324,2.2375082628951546,2.654553538539841,2.6424960422565382,2.8446841101454403,,2.434702361787715,"rgba(38, 166, 154, 1.0)",0.1409692318355962,2.1830831009289,1.0067225111690286,69.57780031328579,11.832731704475073,True,False,True,False,True,4.566382351625332,0.0,0.0,0.0,0.0,0,0.8044077134986227,0.9449035812672175,False,False,False,False,-0.03932084158940696,-0.06591452191738748,False,False,False,False,92521.0,-45076.086587996986,False,False,False,False,20421.198996170897,False,False,False,False
2025-07-04 17:00:00+00:00,2.325,2.325,2.325,2.325,0.0,,1.9517816987359629,2.02552468125163,2.226261266471587,2.49862886123825,2.6590625977081688,2.774131210587161,2.910915755353052,3.0453906952741407,,2.0288268452723894,1.9775004293994745,2.0432694316869324,2.2375082628951546,2.654553538539841,2.6424960422565382,2.8446841101454403,,2.434702361787715,"rgba(38, 166, 154, 1.0)",0.1408245346150425,2.1830831009289,1.0077569186295838,71.31412642706061,13.735209880894594,True,False,True,False,True,4.566382351625332,0.0,0.0,0.0,0.0,0,0.8081368469717987,0.9426722145168748,False,False,False,False,-0.023575819885356834,-0.04474517090137216,False,False,False,False,92521.0,-42942.798423841996,False,False,False,False,20104.591259796154,False,False,False,False
2025-07-07 17:00:00+00:00,2.24,2.255,2.22,2.245,23318.0,,1.9585618896002446,2.0286822129271567,2.226391425033234,2.4968750500441548,2.657156174188802,2.771916563149427,2.908293904945519,3.042433247145756,,2.037878265670131,1.9820913126731154,2.045895074747916,2.2375313718915963,2.652355009778633,2.6405824804229376,2.8422526686461898,,2.435259776724321,#000000,0.13851815505294976,2.185420865286649,0.43011787653810674,68.51534907784384,13.735209880894594,True,False,True,False,True,2.1143962980058184,0.0,0.0,0.0,0.0,0,0.8128763316350164,0.9407132931912924,False,False,False,False,-0.06951654728670704,-0.0571308590940396,False,False,False,False,69203.0,-41204.10387463515,False,False,False,False,20154.41155034195,False,False,False,False
2025-07-08 17:00:00+00:00,2.415,2.43,2.33,2.335,35213.0,,1.9725052032845074,2.035996675288805,2.2283464783135862,2.4955382837777442,2.6551627766684716,2.769384567560363,2.905106545172403,3.038697416854547,,2.05776486985906,1.9919439715016443,2.05219946452777,2.2392919435525434,2.6500719476160426,2.638618046825604,2.839372179729866,,2.4380000247021973,"rgba(38, 166, 154, 1.0)",0.13990208931459297,2.1919445112059566,1.0225400456483498,68.71699811021765,13.735209880894594,True,False,True,False,True,4.604734225879273,0.0,0.0,0.0,0.0,0,0.8142076502732243,0.9307832422586519,False,False,False,False,0.005238116538951329,-0.025946371277544136,False,False,False,False,104416.0,-38946.42784557103,False,False,False,False,20387.878037933544,False,False,False,False
2025-07-09 17:00:00+00:00,2.375,2.38,2.335,2.345,13806.0,,1.977559525468938,2.0386797336508065,2.229033867354918,2.4949753597146187,2.654357500122551,2.7683720303081736,2.903840282216206,3.037218755166726,,2.0646457528507214,1.9955534049624326,2.054514101766103,2.2399061753401486,2.64915046504043,2.637822955492895,2.8382247471439803,,2.4389236437733097,"rgba(38, 166, 154, 1.0)",0.1418115740076115,2.1941887931262496,1.0634619066117696,69.06223372788254,13.735209880894594,True,False,True,False,True,4.876385805129242,0.0,0.0,0.0,0.0,0,0.8188940092165902,0.9345622119815671,False,False,False,False,-0.006547738290295101,-0.01624705478391962,False,False,False,False,118222.0,-36509.70803401179,False,False,False,False,20285.833417190388,False,False,False,False
2025-07-10 17:00:00+00:00,2.465,2.475,2.4,2.43,29457.0,,1.990156374353634,2.045702562214599,2.2314227137783584,2.4944730449788346,2.653115872505291,2.7666499051207873,2.9015558013250375,3.0344592716368592,,2.0821712632303817,2.0047226340398496,2.0606533880363602,2.242122694869422,2.6477409013504536,2.6366240045877243,2.8362038605317608,,2.441851619503957,"rgba(0, 255, 255, 0.75)",0.1460634195221934,2.200407043064081,1.5718717094736647,70.94355126078801,14.718270833728099,True,False,True,False,True,7.147441876934067,0.0,0.0,0.0,0.0,0,0.824069820854387,0.9242076251722554,False,False,False,False,0.03537185853162893,0.009562401873854653,False,False,False,False,147679.0,-33654.06914976354,False,False,False,False,20428.022046381233,False,False,False,False
2025-07-11 17:00:00+00:00,2.5,2.515,2.46,2.515,15282.0,,1.9972905982905984,2.049810512787958,2.2330091559422036,2.4944825351386455,2.6526578039492175,2.765928296505655,2.900534876038948,3.0331838644564195,,2.0921031495906606,2.009990785153937,2.0642729033726495,2.2436142189260786,2.647226778046264,2.636196105047546,2.8353233266534263,,2.4437083273266804,"rgba(0, 255, 255, 0.75)",0.15588087389683372,2.204103588278861,1.9944487347876871,73.50945232397292,17.521938934702447,True,False,True,False,True,9.318060177134608,0.0,0.0,0.0,0.0,0,0.8203950390445568,0.9242076251722553,False,False,False,False,0.06162548134411632,0.03559394160898549,False,False,False,False,162961.0,-30605.773504030774,False,False,False,False,20348.238758840438,False,False,False,False
2025-07-14 17:00:00+00:00,2.505,2.53,2.465,2.525,10439.0,,2.0021447926927203,2.0526357011628256,2.2341226658392777,2.49451843588938,2.652366400573322,2.765455809725423,2.8998576399715392,3.0323322906176258,,2.0987793736131786,2.013597642362164,2.0667673984265056,2.2446629246595657,2.6469007842949055,2.635926152597703,2.8347421459461666,,2.4449873438914866,"rgba(0, 255, 255, 0.75)",0.16550327287799188,2.206619627816057,1.9237104296943506,75.36369270618562,19.582426718449938,True,False,True,False,True,9.56933764656397,0.0,0.0,0.0,0.0,0,0.8128735632183911,0.9273563218390806,False,False,False,False,0.066885244715732,0.051239593162358744,False,False,False,False,173400.0,-27442.893294665955,False,False,False,False,20194.607150176245,False,False,False,False
2025-07-15 17:00:00+00:00,2.535,2.59,2.535,2.57,12003.0,,2.0082454038899957,2.056253134910715,2.235663505598181,2.4947564192005425,2.6521663462976584,2.765036638105999,2.899196912305319,3.0314648104694975,,2.1072554317917214,2.0181637285007272,2.069976844435357,2.246124641208381,2.646682958378378,2.635756595245545,2.8341947944396946,,2.446729210985181,"rgba(0, 255, 0, 1.0)",0.1761141624009605,2.2099111538396716,2.04463310191097,77.24632846780426,21.6400478803984,True,False,True,False,True,10.698905649071179,0.0,0.0,0.0,0.0,0,0.8183486238532112,0.9215596330275231,False,False,False,False,0.10117713508775159,0.07620836412505516,False,False,False,False,185403.0,-24142.956964516095,False,False,False,False,20067.6054889332,False,False,False,False
2025-07-16 17:00:00+00:00,2.485,2.535,2.465,2.53,25841.0,,2.0196865614307242,2.063046786942895,2.238386590457021,2.4948664291320437,2.6514689429739238,2.7638936425049114,2.897550607627649,3.0293891984425088,,2.122425150995274,2.026778450848444,2.075995666550214,2.2486916581900083,2.645904786108383,2.6351126765289177,2.832784694309227,,2.4497321228694764,"rgba(0, 255, 255, 0.75)",0.18462130707754373,2.2157534087598645,1.702114432047364,76.21115634332165,21.6400478803984,True,False,True,False,True,9.377670862041228,0.0,0.0,0.0,0.0,0,0.8100456621004569,0.9246575342465754,False,False,False,False,0.06820075182002179,0.07220455797253847,False,False,False,False,159562.0,-21294.81809684918,False,False,False,False,20157.11548135284,False,False,False,False
2025-07-17 17:00:00+00:00,2.685,2.775,2.665,2.77,28093.0,,2.0370301856909796,2.073835787045563,2.2437061846032473,2.496748761718231,2.651920896775045,2.76376162870438,2.896814146653044,3.0281279783234885,,2.1465879159245276,2.040043457554471,2.0856762026065145,2.2537984404004314,2.6464630941993197,2.6356748563312666,2.832332329509185,,2.4555014577359797,"rgba(0, 255, 0, 1.0)",0.20251014878359552,2.2258183043488584,2.6871823408349766,78.65916911426561,23.40469794087609,True,False,True,False,True,15.037575131215903,0.0,0.0,0.0,0.0,0,0.816882536846807,0.9142474318892365,False,False,False,False,0.23291273041836888,0.15255864419545367,False,False,False,False,187655.0,-18055.286033332137,False,False,False,False,20280.152450634192,False,False,False,False
2025-07-18 17:00:00+00:00,2.715,2.735,2.685,2.735,12234.0,,2.0441323787126113,2.0782999423069195,2.2459025949512648,2.497497413236166,2.6520739645267675,2.763665909147013,2.896459060244866,3.0275477954666785,,2.1562174151667755,2.0455184491193577,2.0896875523125855,2.2559059214778685,2.646655106056757,2.6358736443914554,2.832099163011868,,2.457835754008597,"rgba(0, 255, 0, 1.0)",0.2162648734665181,2.2298778895053255,2.335664143686639,78.72138021864106,23.747081019674226,True,False,True,False,True,13.896607407654578,0.0,0.0,0.0,0.0,0,0.822182308037719,0.9142343960484959,False,False,False,False,0.2921371537286522,0.22234789896205293,False,False,False,False,175421.0,-15055.653691730085,False,False,False,False,20155.405901011956,False,False,False,False
2025-07-21 17:00:00+00:00,2.785,2.82,2.755,2.795,26790.0,,2.0607786020537944,2.088933569543896,2.251360964881732,2.499645603947743,2.6527665898757156,2.7637868568368806,2.8959972735194763,3.0265775786327165,,2.178760665944392,2.0584489981814587,2.0992777988209355,2.2611597282986056,2.647488848757562,2.6366810707293706,2.8319114467007873,,2.4635717064483376,"rgba(0, 255, 0, 1.0)",0.23049619410196134,2.239612937894373,2.4095281237483177,79.45418941826743,24.784891330927167,True,False,True,False,True,15.22171203912809,0.0,0.0,0.0,0.0,0,0.8301036502929249,0.900856241550248,False,False,False,False,0.3428281837082315,0.2825880413351422,False,False,False,False,202211.0,-11687.17844069551,False,False,False,False,20258.267825027273,False,False,False,False
2025-07-22 17:00:00+00:00,2.925,3.01,2.915,2.99,9420.0,,2.067871150878933,2.0935469191152283,2.2538928971499486,2.5008614052942377,2.653328696574199,2.764122029779794,2.8961125114258897,3.0264988321095228,,2.188555071536349,2.0639923350291425,2.1034584123757387,2.263608809993666,2.6481504921882317,2.6372970003119756,2.8321302200411447,,2.4662284522536004,"rgba(0, 255, 0, 1.0)",0.25018341019886237,2.24396247972806,2.9819623918266203,81.62099798280371,27.116991673944426,True,False,True,False,True,19.232444917836315,0.0,0.0,0.0,0.0,0,0.8354092526690394,0.8959074733096088,False,False,False,False,0.34282819382991003,0.31270811758252615,False,False,False,False,211631.0,-8224.881100529688,False,False,False,False,20090.23266494933,False,False,False,False
2025-07-23 17:00:00+00:00,2.835,2.91,2.825,2.905,12188.0,,2.0759712520362994,2.098829115511002,2.2567275163721594,2.502120724591548,2.653844462806563,2.764363261280932,2.89608082560278,3.0262275111387282,,2.199432078273859,2.0703511357991067,2.1082435202904084,2.2663455929041447,2.6487611291562323,2.6378730098519894,2.8322269788713457,,2.4691598742991396,"rgba(0, 255, 0, 1.0)",0.2667945864356037,2.2488046301306452,2.459552791667085,79.78279465356812,27.116991673944426,True,False,True,False,True,16.501782222942836,0.0,0.0,0.0,0.0,0,0.8267195767195767,0.896384479717813,False,False,False,False,0.2862846223009624,0.2994963699417443,False,False,False,False,199443.0,-5005.224029203646,False,False,False,False,19967.717429833836,False,False,False,False
2025-07-24 17:00:00+00:00,3.055,3.095,3.035,3.035,23363.0,,2.094338000558343,2.110983071854033,2.263595680688862,2.5056186291424187,2.655586571262889,2.7655184427241655,2.8966776412077353,3.026329296124063,,2.2244758776683162,2.0848428326286244,2.1192960488050576,2.273001177213425,2.6508017742573564,2.6397620783439675,2.833086800718786,,2.476260928213202,"rgba(0, 255, 0, 1.0)",0.28689235825518017,2.2602065257993385,2.700641728182636,79.86886983816528,27.116991673944426,True,False,True,False,True,19.032824161513705,0.0,0.0,0.0,0.0,0,0.8347788378143974,0.8894189071986126,False,False,False,False,0.34282819851671126,0.32116228422922777,False,False,False,False,222806.0,-1473.267067510566,False,False,False,False,20020.35746968137,False,False,False,False
2025-07-25 17:00:00+00:00,3.145,3.235,3.13,3.225,54865.0,,2.1408527813840164,2.142451720994251,2.282074898320204,2.5157355327001842,2.6610489786002174,2.7695055523567955,2.8993001844613735,3.0277327236210376,,2.287006355127478,2.1219864241665505,2.148044159432618,2.2909509166744293,2.6571659882521472,2.6456225498310113,2.836352632672417,,2.4950554265729816,"rgba(0, 255, 0, 1.0)",0.31371592991857783,2.3259620957097997,2.8657706496560045,81.34380375259465,27.34303186158283,True,False,True,False,True,20.0,0.0,0.0,0.0,0.0,0,0.8473479948253559,0.8758085381630013,False,False,False,False,0.342828203069983,0.3319952436496054,False,False,False,False,277671.0,2854.5510265593657,False,False,False,False,20560.5844856553,False,False,False,False
2025-07-28 17:00:00+00:00,2.965,2.98,2.91,2.935,24678.0,,2.1557690577510353,2.152737271454972,2.28789870706105,2.518521929050218,2.6623174612798404,2.7702186984301433,2.8994661240100426,3.0274149483886994,,2.305413431849514,2.1341211371525435,2.15745636276753,2.2965894958177446,2.658650166095796,2.6470172214566072,2.8367764158461077,,2.500691228560789,"rgba(0, 255, 255, 0.75)",0.3268696326622436,2.329837732819725,1.8513872403851999,74.80073329266668,29.18808277374346,True,False,True,False,False,14.021121495411595,0.0,0.0,0.0,0.0,0,0.8419711129991506,0.8776550552251485,False,False,False,False,0.22505886565214073,0.2785270546508731,False,False,False,False,252993.0,6732.666514519686,False,False,False,False,20624.420385102505,False,False,False,False
2025-07-29 17:00:00+00:00,2.855,2.87,2.84,2.845,12811.0,,2.162433564699741,2.1573757812454133,2.290470993110707,2.519649482503339,2.6627607514772507,2.7703934672116928,2.899369130788458,3.0270787306148756,,2.313271985844673,2.1395935981314906,2.161704277722212,2.2990752351243287,2.6591714755407985,2.6475164947681393,2.8368074561716106,,2.5031114949969817,"rgba(0, 255, 255, 0.75)",0.336366086495261,2.33137092639004,1.5269942310822011,68.67935414310668,23.75075721753798,True,False,True,False,False,11.653945158741568,0.0,0.0,0.0,0.0,0,0.8343922066920798,0.8835239305379077,False,False,False,False,0.18214385887980736,0.23033545676534023,False,False,False,False,240182.0,10352.03602592248,False,False,False,False,20503.28208455828,False,False,False,False
2025-07-30 17:00:00+00:00,2.785,2.805,2.69,2.71,24270.0,,2.172636532731267,2.1645479591683605,2.2942804923535554,2.5210215044448563,2.6630797309160035,2.770250172029395,2.898739683871098,3.0260239913388034,,2.3244609488786447,2.1480737472907525,2.1682739645521747,2.302742409716007,2.659557490404642,2.647918969006633,2.8364069780094154,,2.506534304980774,"rgba(38, 166, 154, 1.0)",0.3420990057420848,2.332479348102529,1.1035420903330277,62.225874332003215,18.177563564314497,False,False,True,False,False,8.264994913993437,0.0,0.0,0.0,0.0,0,0.8322062552831784,0.8841927303465765,False,False,False,False,0.13172716585236177,0.181031311308851,False,False,False,False,215912.0,13539.012211567093,False,False,False,False,20561.68081192947,False,False,False,False
2025-07-31 17:00:00+00:00,2.675,2.695,2.635,2.645,28143.0,,2.1824694858038436,2.1715566363101604,2.2978625981866068,2.5220284987428516,2.6630555520359227,2.7697272096936305,2.8976768603590757,3.02449073904639,,2.3344259833523173,2.1563640004164304,2.174700579596015,2.3061776362213564,2.6595503066236517,2.6479742320255912,2.8355983979610415,,2.509577247758325,"rgba(38, 166, 154, 0.5)",0.34606021972435497,2.3333911598572605,0.9004468655511552,56.87231135828217,13.684672459716289,False,True,True,False,False,6.695256784973559,0.0,0.0,0.0,0.0,0,0.8356747552149851,0.8842060451255854,False,False,False,False,0.09349501488710701,0.137263163097979,False,False,False,False,187769.0,16240.252332317988,False,False,False,False,20679.220644302655,False,False,False,False
2025-08-01 17:00:00+00:00,2.615,2.65,2.595,2.625,26742.0,,2.1907904074267517,2.177568745926666,2.300877462496071,2.5227295613727256,2.662864200522038,2.769080071080253,2.8965292014348734,3.0229074802790348,,2.3423937166032767,2.1634636174557382,2.1802222401716023,2.3090625458843252,2.6593494729221328,2.6478506095168224,2.8346864803855154,,2.5120250542318554,"rgba(38, 166, 154, 0.5)",0.3494344594361503,2.334571737522575,0.8311380135378232,52.9700232407076,10.450948706080425,False,True,False,False,False,6.214540205497141,0.0,0.0,0.0,0.0,0,0.8270386266094422,0.8961373390557942,False,False,False,False,0.07391243718763774,0.10558780014280837,False,False,False,False,161027.0,18485.008110111507,False,False,False,False,20773.217223460753,False,False,False,False
2025-08-04 17:00:00+00:00,2.575,2.575,2.525,2.55,19307.0,,2.1956194138054053,2.1811129392126127,2.302532451050592,2.522865135002326,2.6624730285711604,2.7683831006654174,2.8954857573516004,3.0215637922400767,,2.3464467039380312,2.1676604027670936,2.183479094931277,2.310634508283382,2.6589134324539847,2.6474974627490804,2.8338062023648156,,2.5132315616924568,"rgba(38, 166, 154, 0.5)",0.3510984436267273,2.336410045991909,0.608347766517503,49.10820156001555,7.103953367763445,False,True,False,True,False,4.42615531759429,0.0,0.0,0.0,0.0,0,0.8181429182712878,0.9007274283269149,False,False,False,False,0.04062890082372629,0.07310835048326733,False,False,False,False,141720.0,20395.628139412103,False,False,False,False,20750.485173484616,False,False,False,False
2025-08-05 17:00:00+00:00,2.635,2.715,2.635,2.705,32083.0,,2.206312958737727,2.1889571747594783,2.306708529986854,2.5241935893447947,2.662602025808984,2.767944610540428,2.894437797655812,3.019982165031453,,2.3570846236767657,2.176828865878775,2.1907133966709034,2.314649740475242,2.6590851516905443,2.647721033885481,2.833045511092643,,2.5166844783490587,"rgba(38, 166, 154, 1.0)",0.3554168596790777,2.3458499842618625,1.0105035986824897,49.71688213757706,7.103953367763445,False,True,False,False,False,7.558012304170298,0.0,0.0,0.0,0.0,0,0.8290089323692047,0.887707358570821,False,False,False,False,0.09811253572417641,0.08561044310372187,False,False,False,False,173803.0,22774.03700546773,False,False,False,False,20926.183077771675,False,False,False,False
2025-08-06 17:00:00+00:00,2.645,2.645,2.605,2.64,17659.0,,2.211348185970115,2.192704176412988,2.3086398633599807,2.5246686172679853,2.6624995912182823,2.7675464828344096,2.893715114350271,3.018976042849138,,2.361724451761248,2.1812066902118596,2.1941736840117536,2.316500469708249,2.658980150606279,2.647663075996851,2.8324758039461315,,2.518188160033703,"rgba(38, 166, 154, 0.5)",0.3580858395251919,2.347459911717757,0.8169551989828473,48.91084455762277,6.780213002362217,False,True,False,False,False,6.01949196066132,0.0,0.0,0.0,0.0,0,0.8247028862478778,0.8853989813242783,False,False,False,False,0.07506264298205864,0.08033654304289026,False,False,False,False,156144.0,24841.788369724043,False,False,False,False,20875.529076565912,False,False,False,False
2025-08-07 17:00:00+00:00,2.69,2.705,2.665,2.68,30150.0,,2.22073459652076,2.1997191073666453,2.312423009607829,2.525875576021362,2.6626107559513654,2.767133545649249,2.8927380298623104,3.017504084156858,,2.370796316307326,2.1893542187353128,2.2006650216962385,2.320139696599772,2.659129337519988,2.647861152336408,2.831764745492586,,2.521229946254934,"rgba(38, 166, 154, 0.5)",0.3620472693243497,2.3525332373141206,0.9044862105906667,49.20067176463529,6.6582256594386,False,True,False,False,False,6.817373289429028,0.0,0.0,0.0,0.0,0,0.8261238337574215,0.8833757421543681,False,False,False,False,0.10273423080055186,0.09153538692172106,False,False,False,False,186294.0,27344.92343375933,False,False,False,False,21019.319323440857,False,False,False,False
2025-08-08 17:00:00+00:00,2.795,2.82,2.765,2.815,25068.0,,2.2301569381800896,2.2067713064764565,2.3164820370599757,2.5275984519796517,2.663217579463726,2.767266996794662,2.89238129921128,3.016713883278592,,2.380631814731628,2.1974827942840314,2.2072056579383474,2.3240654274436188,2.65984321142938,2.648560347367894,2.8316393264244684,,2.524667804804253,"rgba(38, 166, 154, 1.0)",0.368412567402108,2.359799546852524,1.2355725440023941,51.93280391318922,6.6582256594386,False,True,True,False,True,9.42934886454098,0.0,0.0,0.0,0.0,0,0.8326253186066271,0.8738317757009346,False,False,False,False,0.15273648032016174,0.1221359336209414,False,False,False,False,211362.0,30197.90136501887,False,False,False,False,21082.089566488285,False,False,False,False
2025-08-11 17:00:00+00:00,3.565,3.69,3.525,3.65,82750.0,3.621666666666667,2.301065898669255,2.2595937772103243,2.3513900717494964,2.549835692744017,2.6769909657208872,2.778567465199353,2.9015255574171195,3.023882947826635,,2.4679080877468365,2.2574292298552043,2.2563891790633983,2.3581864821819885,2.675668067273672,2.6631024676384456,2.841803796687675,,2.624062897103186,"rgba(0, 255, 0, 1.0)",0.40308048064110813,2.5113678944339197,2.824825711617346,61.045961429484194,3.4372343434769164,False,True,True,False,True,20.0,0.0,0.0,0.0,0.0,0,0.8431845597104948,0.8753518295134702,False,False,False,False,0.34282821475501557,0.23248207418797848,False,False,False,False,294112.0,34289.592816724005,False,False,False,False,22038.18120111637,False,False,False,False
2025-08-12 17:00:00+00:00,3.645,3.66,3.515,3.64,33336.0,3.61688055981485,2.3272954462301065,2.2795285030308476,2.3647531668742476,2.5584052920679707,2.682332455577381,2.782947528609438,2.9050611042455325,3.0266440451054417,,2.499235206790473,2.27989865091298,2.275019460203139,2.371255766816843,2.6817872255828847,2.668738972297995,2.8457391084547696,,2.635345155788431,"rgba(0, 255, 0, 1.0)",0.43358179294242044,2.535210144355667,2.5480540779788896,66.93985458676175,8.764600264243114,True,False,True,False,True,20.0,0.0,0.0,0.0,0.0,0,0.8430744595676541,0.879903923138511,False,False,False,False,0.33491668280757725,0.2836993784977779,False,False,False,False,260776.0,37801.00998235619,False,False,False,False,22213.34118249441,False,False,False,False
2025-08-13 17:00:00+00:00,3.485,3.515,3.455,3.465,32783.0,3.5863705562160924,2.3496235908250673,2.2967455253377405,2.376305571149404,2.5656944040272576,2.686812760961871,2.7865531185621517,2.907880546358404,3.0287447669560255,,2.525062355567142,2.29923285603467,2.291147686637533,2.382551376206656,2.686911871439536,2.6734755055411377,2.848930695604815,,2.643252699214094,"rgba(0, 255, 0, 1.0)",0.45418555957066187,2.55171237363963,2.0108248866910112,67.74242409641786,9.451345564467083,True,False,True,False,True,18.022511196119147,0.0,0.0,0.0,0.0,0,0.8348587345801831,0.8822124950258654,False,False,False,False,0.2949743982400452,0.2893368883689115,False,False,False,False,227993.0,40749.72300588555,False,False,False,False,22377.21186183558,False,False,False,False
2025-08-14 17:00:00+00:00,3.405,3.48,3.355,3.355,14406.0,3.5696326953503807,2.358473441124805,2.3036436901452806,2.3809360313886185,2.5685777215238637,2.688564159244544,2.7879400899241835,2.9089346377617806,3.0294951662940144,,2.5350499086062817,2.3069581853343677,2.2976208742308084,2.387077962612211,2.688912792294705,2.6753300012798467,2.8501423692907144,,2.6460806079004007,"rgba(0, 255, 255, 0.75)",0.4696381298116302,2.5574502909048613,1.698221797738255,66.4812253151805,9.451345564467083,False,False,True,False,True,15.65795654375172,0.0,0.0,0.0,0.0,0,0.8230890464933018,0.8857368006304177,False,False,False,False,0.26916895142148595,0.27925291989519874,False,False,False,False,213587.0,43429.370711220654,False,False,False,False,22253.62718180712,False,False,False,False
2025-08-15 17:00:00+00:00,3.415,3.425,3.325,3.325,11254.0,3.5560076644378116,2.3650321121094984,2.308785756153098,2.384388804101279,2.570712665799355,2.6898526115025367,2.788951259781627,2.909690466974627,3.030018273987403,,2.542354269876458,2.3127083214877047,2.3024506963783797,2.3904529230337914,2.6903838465691567,2.676695495671222,2.851019077312551,,2.6480940153235313,"rgba(0, 255, 255, 0.75)",0.48325317446512783,2.5614524855452077,1.5800155173318806,65.14396736395767,9.451345564467083,False,False,True,False,True,15.021148791462878,0.0,0.0,0.0,0.0,0,0.8210070810385525,0.8961447678992919,False,False,False,False,0.2531008587973348,0.26617688934626677,False,False,False,False,202333.0,45892.99287073661,False,False,False,False,22083.09032627523,False,False,False,False
2025-08-18 17:00:00+00:00,3.355,3.365,3.29,3.295,26912.0,3.5240323221191323,2.3797290359209318,2.320400969901065,2.3921983886614897,2.5755038899188585,2.692722914069685,2.7911789325148284,2.9113207265389187,3.0311045708183433,,2.558441095836125,2.325669128970584,2.31337514867343,2.3980858600875776,2.6936577284217935,2.6797405512082713,2.8529321721802114,,2.652505839740078,"rgba(38, 166, 154, 1.0)",0.49483628196196217,2.569896934899302,1.4653393284456784,63.720877898598715,9.451345564467083,False,False,True,False,False,14.380501305149508,0.0,0.0,0.0,0.0,0,0.8223710122095312,0.899960614415124,False,False,False,False,0.23529221400508052,0.25073455167567366,False,False,False,False,175421.0,47901.17902777945,False,False,False,False,22157.957142922125,False,False,False,False
2025-08-19 17:00:00+00:00,3.245,3.275,3.21,3.225,27034.0,3.490030163767006,2.392820370531528,2.3308868517581725,2.3992451732946796,2.5797424083256444,2.695213572249475,2.793060041570853,2.912624653907987,3.0318841428113132,,2.572306172826436,2.3373319088663136,2.323258369863779,2.404970944402584,2.6964942704751538,2.682389819129621,2.854509368086987,,2.656048014491721,"rgba(38, 166, 154, 1.0)",0.5038390276325945,2.576384585524152,1.2873465112925442,61.49776548408026,9.451345564467083,False,True,True,False,False,12.891240096540358,0.0,0.0,0.0,0.0,0,0.8157170923379174,0.906876227897839,False,False,False,False,0.203778593677691,0.2272565726766823,False,False,False,False,148387.0,49459.09873277512,False,False,False,False,22233.55470659775,False,False,False,False
2025-08-20 17:00:00+00:00,3.135,3.14,3.09,3.105,17961.0,3.462453889312709,2.400043163979861,2.3367785801792786,2.4031731035763566,2.581998360398058,2.6964766417545283,2.793951367529447,2.9131532428732414,3.032084658467906,,2.5795336796584594,2.343862545477427,2.3288257819994658,2.408804964879627,2.697930177355957,2.6837422515300475,2.855209676824283,,2.6573763803622907,"rgba(38, 166, 154, 1.0)",0.5096949096281945,2.578759182700063,1.0324623757451536,57.96115039911339,15.061361344575957,False,True,True,False,False,10.402075324158982,0.0,0.0,0.0,0.0,0,0.8194006309148265,0.9093059936908519,False,False,False,False,0.15722662384851765,0.19224159826259998,False,False,False,False,130426.0,50714.39952761582,False,False,False,False,22167.313548355924,False,False,False,False
2025-08-21 17:00:00+00:00,3.075,3.17,3.065,3.145,39803.0,3.415760955006131,2.415870204253918,2.3497701788016268,2.411906285810522,2.587069840807177,2.6993487286424123,2.7960013760049134,2.9144024527615935,3.0326085268615666,,2.5953126492880303,2.3582248148631297,2.341118845025239,2.4173331717614057,2.7011912283802855,2.6868131921665315,2.856838087459935,,2.661223158618401,"rgba(38, 166, 154, 1.0)",0.5165918457884595,2.6244812569796174,1.007601547070356,56.240817383766945,13.14617246635207,False,True,True,False,False,11.01840880456972,0.0,0.0,0.0,0.0,0,0.8198269079464989,0.904799370574351,False,False,False,False,0.1581323077983861,0.17518695303049303,False,False,False,False,170229.0,52567.33906982332,False,False,False,False,22440.73504373025,False,False,False,False
2025-08-22 17:00:00+00:00,3.195,3.265,3.195,3.21,21511.0,3.4023107175737883,2.4252647390821553,2.3574666711720385,2.4171653466242478,2.5902555382149908,2.701232535566471,2.7974196146262256,2.9153761978800894,3.033177730393652,,2.604950669664037,2.3667185811704132,2.3484043792586546,2.422474998477627,2.7033287921343128,2.6888160418386153,2.8580224109745784,,2.664524060290743,"rgba(38, 166, 154, 1.0)",0.5243781216015851,2.631653082754405,1.1029196173920741,56.13940657374611,12.653980781788349,False,True,True,False,False,12.014874795536539,0.0,0.0,0.0,0.0,0,0.8324833267948214,0.8921145547273439,False,False,False,False,0.1991791466139506,0.1871830498222218,False,False,False,False,191740.0,54725.05474315939,False,False,False,False,22426.32054692823,False,False,False,False
2025-08-25 17:00:00+00:00,3.295,3.3,3.245,3.255,17839.0,3.3948787889025733,2.4333054742481797,2.3640615411243022,2.4217069023457016,2.5930525134805253,2.7029133388411504,2.798707572719512,2.9162920524336156,3.033754182295713,,2.6132664511935557,2.373986922349175,2.354650346935059,2.4269176445854046,2.7052348552741576,2.690599428056135,2.8591145929860073,,2.667652662985673,"rgba(38, 166, 154, 1.0)",0.5325102206860705,2.637908839724405,1.1588343966066095,56.79455209176881,12.653980781788349,False,True,True,False,False,12.700310007945632,0.0,0.0,0.0,0.0,0,0.8339236521054701,0.8902007083825266,False,False,False,False,0.214852448482311,0.2010177491522664,False,False,False,False,209579.0,57125.89110373056,False,False,False,False,22355.199298138643,False,False,False,False
2025-08-26 17:00:00+00:00,3.225,3.23,3.19,3.22,18910.0,3.384913521761553,2.4411279834919535,2.370541735481222,2.426167855387497,2.5957595105415723,2.704516647851842,2.799910434513309,2.9171107045659705,3.03422292940937,,2.6211551408418394,2.3811118066494266,2.3607973963197524,2.431280369676173,2.7070507153181924,2.6923039909254576,2.8601153150926972,,2.670505378614239,"rgba(38, 166, 154, 1.0)",0.5392088632414999,2.6424821030681334,1.0710467432973356,56.431805499934384,12.009802316875394,False,True,True,False,False,11.949337314531007,0.0,0.0,0.0,0.0,0,0.8372184907151324,0.8842354800474121,False,False,False,False,0.19183721093761866,0.19642748004494254,False,False,False,False,190669.0,59196.32690057195,False,False,False,False,22301.785355531843,False,False,False,False
2025-08-27 17:00:00+00:00,3.265,3.265,3.215,3.25,32222.0,3.3728037725531625,2.4546059341859547,2.3817439181794127,2.4339397709909396,2.6005395563666043,2.707385269198574,2.80209164187462,2.9186355397011505,3.035148888784144,,2.6347871454047795,2.3934054223916292,2.371432988064895,2.438884769164493,2.7102967448282804,2.695348810834673,2.861951274954473,,2.6758125904673618,"rgba(38, 166, 154, 1.0)",0.5455238989488147,2.6511212623327545,1.0978047686292787,56.755181193470726,11.827893809568131,False,True,True,False,False,12.418042003788585,0.0,0.0,0.0,0.0,0,0.8440221694378464,0.8737133808392715,False,False,False,False,0.2028580296421046,0.19964275484352356,False,False,False,False,222891.0,61734.22880909021,False,False,False,False,22455.587132965455,False,False,False,False
2025-08-28 17:00:00+00:00,3.425,3.455,3.42,3.425,20865.0,3.375980316208317,2.4651392865610666,2.390411733559404,2.440056990324538,2.6045011985913424,2.7098793412921722,2.8040959259074953,2.9201886936304833,3.0362873624284052,,2.645958158258962,2.402918884842512,2.3796554715613403,2.444878583096171,2.7131195834257973,2.6979799805245954,2.863718388811237,,2.68092311868899,"rgba(38, 166, 154, 1.0)",0.5537548568106953,2.660823507707738,1.379990591312323,59.82172197780676,11.827893809568131,False,True,True,False,True,15.069871343492675,0.0,0.0,0.0,0.0,0,0.8577059519117066,0.8691367757193535,False,False,False,False,0.2767771529007949,0.23820995387215924,False,False,False,False,243756.0,64556.271773290355,False,False,False,False,22430.926867338083,False,False,False,False
2025-08-29 17:00:00+00:00,3.365,3.435,3.355,3.425,45050.0,3.3789338418022936,2.4864829274800795,2.4081523474211206,2.4526431609795267,2.6126395599868877,2.714997696222736,2.808187382932992,2.9233269681519665,3.0385495590325986,,2.668212321600841,2.422328640954247,2.396515751231288,2.4572127045612726,2.7189030425684706,2.7033810445309396,2.8673088252905328,,2.6911109859217373,"rgba(38, 166, 154, 1.0)",0.5613452070174231,2.678355486394258,1.3300986706074562,61.86608250069745,7.1432604405551885,False,True,True,False,True,15.069871343492686,0.0,0.0,0.0,0.0,0,0.8508287292817679,0.8693764798737175,False,False,False,False,0.26064590176838215,0.24942792782027068,False,False,False,False,243756.0,67334.56213339439,False,False,False,False,22781.610171720436,False,False,False,False
2025-09-01 17:00:00+00:00,3.425,3.425,3.425,3.425,0.0,3.3789338418022936,2.4864829274800795,2.4081523474211206,2.4526431609795267,2.6126395599868877,2.714997696222736,2.808187382932992,2.9233269681519665,3.0385495590325986,,2.668212321600841,2.422328640954247,2.396515751231288,2.4572127045612726,2.7189030425684706,2.7033810445309396,2.8673088252905328,,2.6911109859217373,"rgba(38, 166, 154, 1.0)",0.5677308793357495,2.678355486394258,1.3151381064199343,63.22898951595792,8.642152351066464,False,False,True,False,True,15.069871343492675,0.0,0.0,0.0,0.0,0,0.8511066398390341,0.8808853118712273,False,False,False,False,0.2720184181940788,0.26072317300717474,False,False,False,False,243756.0,70069.77822434952,False,False,False,False,22428.40691324415,False,False,False,False
2025-09-02 17:00:00+00:00,3.235,3.32,3.225,3.32,23810.0,3.3743090875828425,2.49599294687333,2.416212073488997,2.4583647702259137,2.6162508590571596,2.717220273624286,2.8099090558791806,2.924571482598382,3.0393569151453357,,2.6776748790403637,2.4311042786165364,2.4041995773460374,2.4628176577284924,2.7214076942175582,2.7057332904578946,2.868779701283909,,2.6952440339478887,"rgba(38, 166, 154, 1.0)",0.5710045281529412,2.684325310497272,1.1132568275053412,60.918720340024166,8.642152351066464,False,True,True,False,False,12.70082728320395,0.0,0.0,0.0,0.0,0,0.8484606157536986,0.8808476609356258,False,False,False,False,0.214852448482311,0.23778781074474287,False,False,False,False,219946.0,72393.44057746038,False,False,False,False,22449.82696110083,False,False,False,False
2025-09-03 17:00:00+00:00,3.385,3.395,3.34,3.36,17897.0,3.3739651066840373,2.503671470489976,2.4226978106070653,2.4630066839228824,2.619246774299081,2.719102329521594,2.8114011403636563,2.9256973420495744,3.040146156378539,,2.6854689122957303,2.43816391309949,2.410381904783477,2.4673678231015117,2.723528519839242,2.707719996183371,2.8700793473672834,,2.6988528269366574,"rgba(38, 166, 154, 1.0)",0.5730071772894447,2.689938481550141,1.1693771823583792,60.23864262511095,8.642152351066464,False,True,True,False,False,13.331352752497331,0.0,0.0,0.0,0.0,0,0.8589743589743588,0.8754006410256411,False,False,False,False,0.2502787696234632,0.24403329018410302,False,False,False,False,237843.0,74958.55002587184,False,False,False,False,22379.240496587638,False,False,False,False
2025-09-04 17:00:00+00:00,3.305,3.35,3.3,3.335,11394.0,3.3729163077734095,2.5082845410068284,2.4266220336282296,2.465818113538104,2.6210484786233583,2.720227143144338,2.8122842533217858,2.9263515428990607,3.0405901420343753,,2.6900766883065144,2.442427424273697,2.4141269669909677,2.470123462217497,2.7247946990274436,2.7089083809344214,2.8708421799837485,,2.700965147356486,"rgba(38, 166, 154, 1.0)",0.573704470803402,2.69306629049308,1.1189275004393309,59.00295625653218,8.642152351066464,False,True,True,False,False,12.764859219203302,0.0,0.0,0.0,0.0,0,0.8646464646464647,0.8755555555555558,False,False,False,False,0.23435905692029954,0.2391961735522013,False,False,False,False,226449.0,77307.23917275755,False,False,False,False,22208.92669043899,False,False,False,False
2025-09-05 17:00:00+00:00,3.465,3.55,3.445,3.54,38291.0,3.3828650183136464,2.5267990640056603,2.4421956596326777,2.477113997832397,2.6285890393714046,2.7251074875132946,2.8162766311433183,2.929530200934572,3.043016548256338,,2.709401288286114,2.4593651625972544,2.4289714826515665,2.4812072442026203,2.7302921286764623,2.714041194311645,2.8744071821978463,,2.7105737081204264,"rgba(38, 166, 154, 1.0)",0.5786507683497045,2.7727471423454473,1.3259342242692185,62.074669382763425,8.642152351066464,False,False,True,False,True,15.934442444180515,0.0,0.0,0.0,0.0,0,0.8677058353317347,0.8689048760991209,False,False,False,False,0.29979441716175453,0.2694952953569779,False,False,False,False,264740.0,80213.1734491489,False,False,False,False,22458.261160354665,False,False,False,False
2025-09-08 17:00:00+00:00,3.315,3.37,3.28,3.3,31068.0,3.37922554751759,2.538450065195692,2.452262096640726,2.4844073417489088,2.633283577801244,2.7280524520352194,2.8185835659517036,2.931228543593842,3.0441554154280173,,2.72077338274406,2.470244047405099,2.4386072495871396,2.4883591024908376,2.7335972882216515,2.7171513886069416,2.8763944599202023,,2.7159234703055546,"rgba(38, 166, 154, 0.5)",0.5781371373208447,2.774260983118523,0.9093673160624365,58.17613611538855,12.734929850815746,False,True,True,False,False,10.719184208528198,0.0,0.0,0.0,0.0,0,0.8505520504731862,0.8777602523659307,False,False,False,False,0.23435905692029954,0.25192717613863874,False,False,False,False,233672.0,82592.38006234038,False,False,False,False,22591.74548344994,False,False,False,False
2025-09-09 17:00:00+00:00,3.125,3.14,3.065,3.075,57017.0,3.3530233682090977,2.5530752474683034,2.4655252961562737,2.493963096306905,2.638972725381188,2.73135957258402,2.8208886989862476,2.932523233095494,3.0445281796184904,,2.733152057027553,2.4844246289373957,2.4513953651687808,2.4977164255345,2.737280467651392,2.7206810648441833,2.878168825521487,,2.7210423907807066,"rgba(38, 166, 154, 0.5)",0.5726768580829641,2.7683673634047588,0.535437450051141,51.94682324227697,7.104052113875909,False,True,False,False,False,6.260836866653403,0.0,0.0,0.0,0.0,0,0.8479190976273822,0.881369117075068,False,False,False,False,0.15270200865872646,0.2023145923986826,False,False,False,False,176655.0,84050.71525517231,False,False,False,False,23125.47035967552,False,False,False,False
2025-09-10 17:00:00+00:00,3.185,3.195,3.1,3.155,32133.0,3.3430519661819353,2.5618122516462276,2.4734141127091362,2.4997142060126225,2.6425095795673585,2.7334847777997355,2.822437514642497,2.9334977270530964,3.0449768176976866,,2.7408141165604323,2.4928531830137337,2.4590016196307385,2.503353175969173,2.739648251860118,2.7229393221307463,2.8794160787203174,,2.7245577938247223,"rgba(38, 166, 154, 0.5)",0.5675453547776789,2.770226576200751,0.6779606608708366,49.39931022459395,4.987999730247147,False,True,False,True,False,7.533937196950795,0.0,0.0,0.0,0.0,0,0.8463027487417731,0.8803716608594658,False,False,False,False,0.16902104744731536,0.18566781992299897,False,False,False,False,208788.0,85984.62664656498,False,False,False,False,23265.121982006134,False,False,False,False
2025-09-11 17:00:00+00:00,3.155,3.165,3.105,3.115,18629.0,3.3371073354387266,2.5665790590975077,2.4777610987694136,2.5028928918739806,2.644451140320201,2.734643427773152,2.823269825314852,2.9340025581909877,3.0451818715100556,,2.7449000932760854,2.497484657744366,2.4632000440640534,2.506468667066446,2.740936742181381,2.724171821197601,2.8800764602448465,,2.7264454808789784,"rgba(38, 166, 154, 0.5)",0.5615183887468802,2.7711851149449798,0.6122949701118415,47.06814711051496,2.9425401531446553,False,True,False,True,False,6.761344949676964,0.0,0.0,0.0,0.0,0,0.8435321456235476,0.8865220759101473,False,False,False,False,0.1644793909576303,0.17507360544031464,False,False,False,False,190159.0,87599.73321018413,False,False,False,False,23193.24412181999,False,False,False,False
2025-09-12 17:00:00+00:00,2.985,3.035,2.975,3.015,14935.0,3.3299683875876576,2.569539035124516,2.4805694785564176,2.5049336364587464,2.645613283094665,2.735285783603395,2.823672637014299,2.9341566433960518,3.045109343028525,3.0083333333333333,2.7471082666894167,2.500452187512885,2.4659276701641026,2.508466367696271,2.741645507020439,2.7248627494522206,2.880348676155702,3.0083333333333333,2.743881940346391,#000000,0.5529278173244341,2.8015882285027285,0.38596678410927343,43.99371941694061,0.12342977088751184,False,True,False,True,False,4.8544325466656915,1.0,3.035,2.975,0.0,0,0.8330721003134797,0.8969435736677117,False,False,False,False,0.11760749617519606,0.14634055080775535,False,False,False,False,175224.0,88958.24897436732,False,False,False,False,23065.209329233632,False,False,False,False
2025-09-15 17:00:00+00:00,3.135,3.23,3.135,3.225,41406.0,3.322399311955123,2.5809764464370946,2.490926014217275,2.51259102775754,2.6504496800134896,2.7382685399304325,2.8259099582987037,2.9356566992227644,3.0459318883545716,3.146742839731871,2.7573183576969904,2.511487009303295,2.4759258127193307,2.5159782743369123,2.7449648807812306,2.728021894203744,2.8821990811642206,3.146742839731871,2.7568086891837993,"rgba(38, 166, 154, 0.5)",0.545431245202578,2.81531091677849,0.7511287386356968,46.1419457975248,0.12342977088751184,False,True,False,True,False,8.193276398971204,0.0,0.0,0.0,0.0,0,0.8416569879984512,0.8830816879597367,False,False,False,False,0.18177514104853618,0.16405784592814576,False,False,False,False,216630.0,90937.65596701279,False,False,False,False,23349.562672966444,False,False,False,False
2025-09-16 17:00:00+00:00,3.165,3.235,3.165,3.21,33620.0,3.317151790598941,2.590058032615975,2.499194674636427,2.51874430794192,2.65436180315113,2.7406970076839308,2.827739236097745,2.936892920065914,3.046622472239639,3.1678916975133666,2.7653942703388,2.5202774958037737,2.4839181002740855,2.522016631417252,2.7476639180076288,2.7305920882269765,2.8837172008976664,3.1678916975133666,2.76193727338301,"rgba(38, 166, 154, 0.5)",0.5402946476750421,2.820921615016236,0.7201225972865338,47.30474415852915,0.12342977088751184,False,True,False,True,True,7.905651881476771,0.0,0.0,0.0,0.0,0,0.8449942017781215,0.8813297255508312,False,False,False,False,0.1881739382773316,0.17611589210273867,False,False,False,False,183010.0,92365.1341690746,False,False,False,False,23508.794259432078,False,False,False,False
2025-09-17 17:00:00+00:00,3.245,3.325,3.145,3.23,11537.0,3.3159030208956155,2.593263157705319,2.5021070928294815,2.5209221008376863,2.655764222543592,2.741578184327008,2.828412702536217,2.937361982289004,3.046903157184058,3.1753302692335477,2.768283862228826,2.5233730081233516,2.486733088777374,2.5241545373067416,2.7486433029563533,2.7315232437329624,2.8842834429054145,3.1753302692335477,2.76379649273015,"rgba(38, 166, 154, 0.5)",0.5351868159137698,2.8231215113844885,0.760255067047594,48.4739528194787,0.12342977088751184,False,True,False,False,True,8.219773785672512,0.0,0.0,0.0,0.0,0,0.8500963391136802,0.8739884393063585,False,False,False,False,0.20101791698973814,0.18856690454623842,False,False,False,False,194547.0,93949.34914319748,False,False,False,False,23323.18504610755,False,False,False,False
2025-09-18 17:00:00+00:00,3.255,3.31,3.255,3.29,40643.0,3.314361957311268,2.6051954812024,2.512897637996435,2.529038303636961,2.661088206759261,2.744981000195203,2.8310679684860713,2.939289059147408,3.048157459177489,3.2066886167021944,2.77928520590059,2.5348453652695917,2.497158325460735,2.5321260494662887,2.7524267259912123,2.7351111860228765,2.8865568116888802,3.2066886167021944,2.771192668259698,"rgba(38, 166, 154, 0.5)",0.5310547468426731,2.8326222788449043,0.8612628431896789,50.45670090001015,-5.4458236978990655,False,True,False,False,True,9.163346149793828,0.0,0.0,0.0,0.0,0,0.8571428571428571,0.8732718894009218,False,False,False,False,0.21855516770118252,0.20356103612371046,False,False,False,False,235190.0,96139.12667586109,False,False,False,False,23591.709308958594,False,False,False,False
2025-09-19 17:00:00+00:00,3.315,3.355,3.275,3.275,31178.0,3.313894199596468,2.6142912746128397,2.521150139788692,2.5352831805923994,2.6652191425827567,2.7476422935324343,2.8331580550566198,2.9408235091462513,3.04917781858344,3.223774023621184,2.787679962084761,2.5436048278501713,2.5051383005889685,2.538261715679906,2.75538277808754,2.7379146608290768,2.8883555673289383,3.223774023621184,2.776514791150732,"rgba(38, 166, 154, 0.5)",0.5261771444935429,2.839590278495674,0.8274964544942701,51.4116690560587,-4.255469866263169,False,True,False,False,True,8.86107154154956,0.0,0.0,0.0,0.0,0,0.8640552995391705,0.8675115207373272,False,False,False,False,0.23063041647803884,0.21709572630087465,False,False,False,False,204012.0,97811.57432429734,False,False,False,False,23709.32621889722,False,False,False,False
2025-09-22 17:00:00+00:00,3.365,3.46,3.355,3.395,78798.0,3.3215133193944744,2.6395029274743025,2.5438763420963277,2.552660498451848,2.6770562449336266,2.7554699736239887,2.839487143222262,2.945720803821675,3.0527441759318443,3.2798944537655133,2.8117088361818108,2.567728918997711,2.527104526971973,2.5553494590771173,2.764078209458383,2.7461336517140467,2.8939342826222285,3.2798944537655133,2.7925861039846547,"rgba(38, 166, 154, 1.0)",0.5229962017328791,2.8622429889245105,1.0186632509189728,54.4442028256253,-1.1488570843844528,False,True,True,False,True,10.744937232073838,0.0,0.0,0.0,0.0,0,0.8651728066843903,0.8533991644511963,False,False,False,False,0.2653762826386128,0.24123600446974372,False,False,False,False,282810.0,100679.76697043226,False,False,False,False,24563.414184495712,False,False,False,False
2025-09-23 17:00:00+00:00,3.285,3.295,3.17,3.19,39889.0,3.317247771141381,2.6487163721477875,2.552558613220356,2.559338673168866,2.6814150554553304,2.7582503777098886,2.841604042063239,2.9471742447794775,3.0535840079879084,3.2714849980251546,2.8195871211311685,2.576841030760097,2.535557335009236,2.561913215964322,2.7671433238993637,2.749067787030367,2.8957035283635215,3.2714849980251546,2.7963051469327915,"rgba(38, 166, 154, 0.5)",0.5162593977505466,2.8660830753082243,0.6274305632074718,51.85999384896111,-1.1488570843844528,False,True,False,False,False,6.688896114896153,0.0,0.0,0.0,0.0,0,0.8554262110401804,0.8614344723995494,False,False,False,False,0.20009836488663466,0.2206671846781892,False,False,False,False,242921.0,102885.05740499921,False,False,False,False,24801.02016613144,False,False,False,False
2025-09-24 17:00:00+00:00,3.435,3.53,3.36,3.44,107457.0,3.3298825712290965,2.6813883822179876,2.5824140268698788,2.582600659426718,2.697592788503746,2.7691599637320046,2.850527460155029,2.9541994799437465,3.0588373290622375,3.3177128253013004,2.8505279434626454,2.608344911065021,2.564508307458164,2.5848104467624435,2.779215172466726,2.760497939814387,2.903632974509436,3.3177128253013004,2.8162266577635626,"rgba(38, 166, 154, 1.0)",0.5130678616232183,2.8938669546221956,1.0644460240600067,54.37620240547686,-1.1488570843844528,False,True,True,False,False,10.4864576772035,0.0,0.0,0.0,0.0,0,0.868372265480163,0.8409343715239155,False,False,False,False,0.2796382599559788,0.25015272231708396,False,False,False,False,350378.0,106722.15729019303,False,False,False,False,26082.508225571262,False,False,False,False
2025-09-25 17:00:00+00:00,3.845,3.915,3.725,3.845,64550.0,3.358183509134878,2.7090339691898664,2.6070035270063086,2.601985944799907,2.7118334281872905,2.7791959258995558,2.8591610735745734,2.9615717477933527,3.0650176960939497,3.388746511412396,2.87882139275806,2.6344204629237202,2.588265302477355,2.6039173597050516,2.790346790279388,2.7709552087774028,2.9116066250217747,3.388746511412396,2.8364744985314605,"rgba(0, 255, 255, 0.75)",0.5177826250916866,2.9249690932417325,1.7768670908865527,60.153720058570286,4.186400412748043,True,False,True,False,True,15.916104480922463,0.0,0.0,0.0,0.0,0,0.8788641265276778,0.8227893601725378,False,False,False,False,0.3428282188068569,0.2964904705619704,False,False,False,False,414928.0,111500.54244848462,False,False,False,False,26678.903446880235,False,False,False,False
2025-09-26 17:00:00+00:00,3.595,3.605,3.525,3.55,22133.0,3.3620374551740935,2.7160093020827007,2.613409219587418,2.607070490516509,2.7154802988058773,2.7817244632871336,2.8612764583311727,2.963297288521689,3.066377096008301,3.3965432503815727,2.885513315022478,2.6411543280061816,2.594488392627647,2.608928010890953,2.7931367366350566,2.7735958160778607,2.913518047167242,3.3965432503815727,2.8407976452425814,"rgba(38, 166, 154, 1.0)",0.5147917273252492,2.9310072179467026,1.2024140039496263,59.25069099551202,4.186400412748043,True,False,True,False,True,10.56367403303856,0.0,0.0,0.0,0.0,0,0.8658450704225351,0.8313380281690141,False,False,False,False,0.25443866020425987,0.27546456538311515,False,False,False,False,392795.0,115861.69682912825,False,False,False,False,26608.42432367279,False,False,False,False
2025-09-29 17:00:00+00:00,3.445,3.48,3.41,3.43,26707.0,3.363793461344704,2.723100115334332,2.620059530408322,2.6123707960511826,2.7192199130581467,2.7842867403989935,2.8633765983037316,2.964950152561654,3.0676111638651915,3.3988062758724236,2.892009342658153,2.6481062105452957,2.6009720437245587,2.6141505827815164,2.7959538387288783,2.776276060906793,2.915384187261237,3.3988062758724236,2.844731000812066,"rgba(38, 166, 154, 0.5)",0.5104696918586817,2.936044023239784,0.9676499597099735,57.05104189792035,4.186400412748043,False,False,True,False,False,8.522652227420021,0.0,0.0,0.0,0.0,0,0.8620931046552328,0.8358417920896045,False,False,False,False,0.21422774757088472,0.24484615647699992,False,False,False,False,366088.0,119741.17439766889,False,False,False,False,26609.952628732128,False,False,False,False
2025-09-30 17:00:00+00:00,3.285,3.37,3.245,3.345,95272.0,3.3605364038511576,2.7432508193288254,2.6395877953094105,2.6280776848626575,2.7300818810388368,2.7916234627077823,2.8692122501391824,2.9692880595624693,3.0705503602571564,3.3864600781089416,2.9091785417885134,2.6683365458438266,2.6201174850467654,2.6296269765396634,2.8039707048703817,2.783966809401175,2.920436459953048,3.3864600781089416,2.854370724624106,"rgba(38, 166, 154, 0.5)",0.5044578036621763,2.946404036340959,0.7901472844019511,54.490466430671525,4.186400412748043,False,True,True,False,False,7.107021047306841,0.0,0.0,0.0,0.0,0,0.8589341692789968,0.8380355276907002,False,False,False,False,0.1689697000093645,0.20690792824318222,False,False,False,False,270816.0,122083.41975584457,False,False,False,False,27674.48049495333,False,False,False,False
2025-10-01 17:00:00+00:00,3.615,3.67,3.595,3.62,63284.0,3.3731433090031566,2.7626628066735264,2.657578198196852,2.6426110978328583,2.7407413361801054,2.799166396599588,2.8756022332117706,2.9745935369725496,3.074831957472315,3.4092579659591498,2.927844303894898,2.687160058923238,2.6376396450232815,2.643963525903893,2.8122633131564223,2.791826192289516,2.9262595742212065,3.4092579659591498,2.8668909089126076,"rgba(38, 166, 154, 1.0)",0.5007037839673976,2.9637657858159283,1.3106236365627333,55.90467295262635,4.186400412748043,False,False,True,False,False,10.704624351345274,0.0,0.0,0.0,0.0,0,0.873015873015873,0.8291925465838511,False,False,False,False,0.2774083735004985,0.24215815087184037,False,False,False,False,334100.0,125370.49851931984,False,False,False,False,28226.566068674987,False,False,False,False
2025-10-02 17:00:00+00:00,3.715,3.75,3.68,3.73,54243.0,3.3865964260968857,2.7803277568267104,2.6738930161883823,2.6558637746870404,2.7506016139533305,2.8062271886305292,2.8816509508215065,2.979701711699738,3.0790490693035992,3.432486152682921,2.9450839281296184,2.704231702450252,2.6535263571808896,2.6570424649026387,2.8200231745056614,2.7991727749648594,2.9318168537406164,3.432486152682921,2.8786644068685403,"rgba(0, 255, 255, 0.75)",0.49818804112936643,2.980313651415187,1.5048260630369872,57.90432369942761,4.186400412748043,True,False,True,False,True,12.065784259769952,0.0,0.0,0.0,0.0,0,0.875515818431912,0.8218707015130675,False,False,False,False,0.30587814431479,0.27401814759331516,False,False,False,False,388343.0,129447.59156553193,False,False,False,False,28629.92163350173,False,False,False,False
2025-10-03 17:00:00+00:00,4.135,4.145,3.99,4.135,54262.0,3.4128687097713426,2.804064373104211,2.695317613667362,2.673296376551542,2.7639583696296444,2.81599942539426,2.8902482044319853,2.987261285446543,3.0856164765327523,3.4782322431276613,2.969478298553848,2.7267721663682547,2.674312864955142,2.674256480805224,2.830791392850769,2.809313082599248,2.939872158104701,3.4782322431276613,2.8959799718761463,"rgba(0, 255, 0, 1.0)",0.5023364957425908,3.0060639464737977,2.2473701654054135,62.30302797333289,6.216379437809948,True,False,True,False,True,16.70255076073994,0.0,0.0,0.0,0.0,0,0.8887390424814565,0.8098449089683076,False,False,False,False,0.34282822259337137,0.30842318509334327,False,False,False,False,442605.0,134302.74518467096,False,False,False,False,29027.31819732341,False,False,False,False
2025-10-06 17:00:00+00:00,4.405,4.455,4.345,4.425,61672.0,3.4534060984953276,2.8364438939411984,2.724275433466887,2.696939991573991,2.782386857086574,2.8296575474751755,2.902425697876457,2.998173632577466,3.095311038838776,3.54639068972155,3.003498238756257,2.757294777208464,2.702370157370033,2.697613637298477,2.8458490000640206,2.8234634870239694,2.9513891711033575,3.54639068972155,2.9204052558751754,"rgba(0, 255, 0, 1.0)",0.515355226042193,3.0429556051096456,2.681731599976448,66.80385285199837,10.41972885873794,True,False,True,False,True,19.680540706422928,0.0,0.0,0.0,0.0,0,0.8970736629667002,0.8190380087453751,False,False,False,False,0.34282822657112405,0.32562570583223366,False,False,False,False,504277.0,140038.78014304815,False,False,False,False,29533.437295039326,False,False,False,False
2025-10-07 17:00:00+00:00,4.94,5.11,4.94,5.075,115996.0,3.5664001074545353,2.9170966594820333,2.795686482634684,2.7555350984610545,2.8290264359989576,2.8647770404572417,2.93422173492201,3.0272675748859723,3.121777294477305,3.7275198590477547,3.090277390329788,2.832708684997658,2.771459646562365,2.7555309780916573,2.8845746488408226,2.8597798285466958,2.9817753903666033,3.7275198590477547,2.983259697385714,"rgba(0, 255, 0, 1.0)",0.5538625874400225,3.1390297090578736,3.4953981995611354,72.15163520515297,15.297713643355493,True,False,True,False,True,20.0,0.0,0.0,0.0,0.0,0,0.8990291262135922,0.8119741100323626,False,False,False,False,0.3428282318687398,0.33422696885048675,False,False,False,False,620273.0,147484.27192377608,False,False,False,False,30873.94214317825,False,False,False,False
2025-10-08 17:00:00+00:00,4.905,4.975,4.775,4.84,122685.0,3.657159585475677,2.989578307559785,2.860948727124788,2.8098122133178958,2.872494388253929,2.897783118462279,2.96407865095966,3.054505566496731,3.1464692046634286,3.856513224662668,3.166681465532634,2.901219219228304,2.8348250137977207,2.8092113920879926,2.9208087428358125,2.8938829603723244,3.0102666870811623,3.856513224662668,3.0380140275242815,"rgba(0, 255, 0, 1.0)",0.5769370271817575,3.2193285815779418,2.809095866733968,72.79377453608573,15.849125459803176,True,False,True,False,True,20.0,0.0,0.0,0.0,0.0,0,0.8799231508165226,0.8216458533461417,False,False,False,False,0.3093690555344096,0.3217980121924482,False,False,False,False,497588.0,152912.2367001516,False,False,False,False,32297.369396772385,False,False,False,False
2025-10-09 17:00:00+00:00,4.695,4.845,4.635,4.825,80839.0,3.7061383778421546,3.0321822116507087,2.899809702919775,2.8424889275067984,2.898815951729456,2.917919244825503,2.9822927786105806,3.0710960437986423,3.161480658684901,3.919996339696806,3.2109028386859686,2.9418241730117676,2.872661356846465,2.841544654158157,2.942834738076615,2.914672887508825,3.027634602541267,3.919996339696806,3.069664440476141,"rgba(0, 255, 0, 1.0)",0.6001725502637394,3.264222959825725,2.6005471917841105,73.035600709795,16.286489369922364,True,False,True,False,True,20.0,0.0,0.0,0.0,0.0,0,0.8696757787666877,0.8372536554354738,False,False,False,False,0.2798213282060223,0.3008096701992352,False,False,False,False,416749.0,157002.72915441284,False,False,False,False,33049.952816977464,False,False,False,False
2025-10-10 17:00:00+00:00,4.51,4.535,4.425,4.455,46144.0,3.7249267761452027,3.0515972008687653,2.917879828579235,2.8578583088648886,2.9111829355707526,2.9274082533959094,2.9908260031299134,3.0787926250187665,3.1683663428940476,3.9410825070753086,3.230464286947174,2.9605823727667206,2.8903251145293227,2.856758193891703,2.9531683922278944,2.9244682237022763,3.0357319238259715,3.9410825070753086,3.083612899378462,"rgba(0, 255, 255, 0.75)",0.6085846303122047,3.2830258256715377,1.925737384671115,68.954871480463,16.286489369922364,True,False,True,False,False,15.972355380151978,0.0,0.0,0.0,0.0,0,0.8562071116656267,0.8381160324391767,False,False,False,False,0.22418398283743876,0.262496826518337,False,False,False,False,370605.0,160314.3922682979,False,False,False,False,33252.96130043518,False,False,False,False
2025-10-13 17:00:00+00:00,4.455,5.435,4.455,5.42,64797.0,3.7708497538718775,3.0897338840236226,2.952599411119845,2.8872158954905207,2.935122566265611,2.9459101149412894,3.0076863776897955,3.0942957966718443,3.182541701667887,4.000286582702264,3.2703992937009514,2.9968518866818847,2.9241293207756343,2.8858195680528094,2.9733847520195167,2.943548411037639,3.051885351977795,4.000286582702264,3.1124859216876937,"rgba(0, 255, 0, 1.0)",0.6499610175420637,3.4624982171349625,3.011721826437619,70.63621960216884,16.286489369922364,True,False,True,False,False,20.0,0.0,0.0,0.0,0.0,0,0.8656628284617653,0.7956894006495425,False,False,False,False,0.32489571534832695,0.29369627093333195,False,False,False,False,435402.0,164579.31641917702,False,False,False,False,33742.016163994325,False,False,False,False
2025-10-14 17:00:00+00:00,5.225,5.335,5.13,5.19,61840.0,3.8154551353540347,3.126835549251963,2.9864386973170824,2.915943901761621,2.958673318436099,2.9642022850505967,3.0243975717625746,3.109706003044331,3.1966762705971616,4.05675614201203,3.309248851463467,3.0321675774743526,2.9570939981185647,2.914264521305056,2.993349900534472,2.962401944609441,3.0679190830792753,4.05675614201203,3.140678279480713,"rgba(0, 255, 0, 1.0)",0.6767487324309055,3.5039476729867762,2.4914007905960376,69.71396026235254,16.286489369922364,True,False,True,False,False,20.0,0.0,0.0,0.0,0.0,0,0.9024461269656373,0.797903319743739,False,False,False,False,0.34282823320830486,0.3182622520708184,False,False,False,False,373562.0,167819.35802508122,False,False,False,False,34177.64382036651,False,False,False,False
2025-10-15 17:00:00+00:00,4.825,4.895,4.72,4.845,124137.0,3.8739755935562092,3.184074892171242,3.039810310850281,2.9619102276083393,2.9964316324026026,2.9937128043861683,3.0512379887804424,3.134257014742195,3.2189901464677555,4.121739162043972,3.3674040350134056,3.0874568455639566,3.009320407165735,2.959802303539805,3.0253881256474306,2.9928016845602787,3.093567915113523,4.121739162043972,3.1830518288007847,"rgba(0, 255, 255, 0.75)",0.6936073804380896,3.5471512230729783,1.8711576801666772,66.3246888952755,16.286489369922364,True,False,True,False,False,16.34397673191103,0.0,0.0,0.0,0.0,0,0.8908730158730156,0.8095238095238095,False,False,False,False,0.25507686437812743,0.28666955822447293,False,False,False,False,249425.0,169084.56177663035,False,False,False,False,35572.36252082595,False,False,False,False
2025-10-16 17:00:00+00:00,4.33,4.335,4.105,4.11,57226.0,3.882066221841378,3.1994086812404556,3.0549516081450196,2.975353710686791,3.0074281316007876,3.0023699514130433,3.058985671743507,3.14115358865273,3.225062406106954,4.1240653709508885,3.3816306307321935,3.1028603692613475,3.0242995670843174,2.973133177008256,3.034675562705424,3.001715982090288,3.1008728713957137,4.1240653709508885,3.193531382509359,"rgba(38, 166, 154, 0.5)",0.6913106106232934,3.548724355932391,0.8119008090466843,59.556344219547164,16.299411726421326,True,False,True,False,False,8.11567104435322,0.0,0.0,0.0,0.0,0,0.8777686628383919,0.8189773038009298,False,False,False,False,0.1395604790653532,0.21311501864491306,False,False,False,False,192199.0,169442.9251599384,False,False,False,False,35908.07783058058,False,False,False,False
2025-10-17 17:00:00+00:00,4.035,4.07,4.015,4.045,52384.0,3.8858367116579307,3.211098899171328,3.0667879061793433,2.9860064236757053,3.016139718497197,3.0092584346607634,3.0651138362944104,3.1465501736636465,3.229751889672471,4.121367632155636,3.392025994732136,3.114807340137739,3.036063851669244,2.983701447103915,3.04202713186114,3.0088067472713,3.106620600481389,4.121367632155636,3.201292043463841,"rgba(38, 166, 154, 0.5)",0.6872032496331029,3.5487783970822404,0.7220885570356248,54.705093657057965,11.90569926612499,False,True,True,False,False,7.44548202790693,0.0,0.0,0.0,0.0,0,0.8723055934515687,0.8338335607094135,False,False,False,False,0.10550786365682313,0.1593114411508681,False,False,False,False,139815.0,168983.5774830401,False,False,False,False,36163.518484370026,False,False,False,False
2025-10-20 17:00:00+00:00,4.115,4.23,4.115,4.175,69928.0,3.894538123451681,3.228568978731756,3.0841989616318615,3.0016082499036316,3.0289862964940926,3.019451433259861,3.0742479369111493,3.1546841525401903,3.2369157957804076,4.1235866977860995,3.4080746087370315,3.1324580683381074,3.0533242549815545,2.99917950060919,3.0529280680874837,3.019293909647869,3.115234736755433,4.1235866977860995,3.2133693984498466,"rgba(38, 166, 154, 0.5)",0.6825904553461908,3.555497804052215,0.907575239436348,52.33935016012312,9.781330279924376,False,True,False,False,False,8.53914679849138,0.0,0.0,0.0,0.0,0,0.8752368064952639,0.8270635994587282,False,False,False,False,0.13041947500650614,0.14486545807868711,False,False,False,False,209743.0,169615.50651431078,False,False,False,False,36686.99881794568,False,False,False,False
2025-10-21 17:00:00+00:00,4.145,4.165,4.09,4.09,73536.0,3.9013384876143027,3.245176094876563,3.1009774320700285,3.016783711219874,3.04151842728169,3.029447308886143,3.0831910391450688,3.1626180096187455,3.243870872491734,4.123217676602977,3.4230217105399356,3.1493902009101284,3.0700025510838067,3.014240202165223,3.063581951850312,3.0295730801148917,3.1236533142362397,4.123217676602977,3.224800121806333,"rgba(38, 166, 154, 0.5)",0.6775967867437063,3.5618563142336335,0.7794365264104051,50.227843862430774,7.737775094079126,False,True,False,False,False,7.646450920529649,0.0,0.0,0.0,0.0,0,0.8728606356968214,0.8356424884542245,False,False,False,False,0.12177954695153416,0.13332250251511063,False,False,False,False,136207.0,169097.54517300363,False,False,False,False,37258.3011618535,False,False,False,False
2025-10-22 17:00:00+00:00,3.895,4.03,3.84,3.99,62623.0,3.902669346171851,3.256296960278668,3.112630860435912,3.027529706539533,3.0503916864059675,3.0365705891350316,3.08951222549058,3.168142337587691,3.248624328151702,4.117219739369006,3.4324016078810295,3.161017867387503,3.0816638119671818,3.0249118118434897,3.071118323916738,3.0368946008219684,3.1295605185506896,4.117219739369006,3.2321856659961496,"rgba(38, 166, 154, 0.5)",0.67064326387982,3.5637253260000326,0.6356206003380608,48.16592311235042,5.625137881323013,False,True,False,True,False,6.599667389945971,0.0,0.0,0.0,0.0,0,0.8619763694951663,0.8412996777658431,False,False,False,False,0.085007308737444,0.10916490562627731,False,False,False,False,73584.0,167616.71501528262,False,False,False,False,37651.55230663096,False,False,False,False
2025-10-23 17:00:00+00:00,4.125,4.17,4.085,4.1,66646.0,3.9083883107953787,3.270467174217903,3.1270543012994847,3.040688968611239,3.061338545857025,3.045374686508516,3.0974052542135024,3.175155166716998,3.2547818854628683,4.117260066425158,3.4450748861409632,3.175529912045384,3.0960267577298595,3.037977381716515,3.0804739401823054,3.045940177853659,3.136996353570853,4.117260066425158,3.242113751138095,"rgba(38, 166, 154, 0.5)",0.6660691263533174,3.570773058986677,0.7945525773140152,47.72672025401231,4.89902818194733,False,True,False,True,False,7.558464533717142,0.0,0.0,0.0,0.0,0,0.8742658836091829,0.8355579284570208,False,False,False,False,0.12177954695153416,0.11547222628890574,False,False,False,False,140230.0,167192.11478248754,False,False,False,False,38101.07862745839,False,False,False,False
2025-10-24 17:00:00+00:00,4.465,4.53,4.445,4.485,170839.0,3.945195134448873,3.319642103615569,3.1752654923004213,3.0840632979181035,3.0978312244153297,3.07482910684464,3.1241995760896613,3.199506782037713,3.2767405676220256,4.148638778590226,3.49217502107815,3.2245730263989043,3.143721913222415,3.0810326143968103,3.111955832514393,3.076182525106804,3.162522279450498,4.148638778590226,3.278710310355914,"rgba(38, 166, 154, 1.0)",0.6690706409061101,3.6116467707955606,1.3053228998685003,50.35549247282866,4.89902818194733,False,True,False,False,False,10.773774780739195,0.0,0.0,0.0,0.0,0,0.8760460251046023,0.8323744769874477,False,False,False,False,0.19152038903628935,0.15349630766259753,False,False,False,False,311069.0,169422.76416570478,False,False,False,False,40159.03089680011,False,False,False,False
2025-10-27 17:00:00+00:00,4.485,4.54,4.465,4.53,98356.0,3.9652192622270808,3.3467592615721653,3.2020021220923867,3.1082990480720887,3.11836877777666,3.091537709482784,3.1394365797533554,3.213385149542434,3.289285166780362,4.165564553210572,3.5180428765646123,3.251706212960068,3.1702099686299974,3.10509977853282,3.1297675646109426,3.093323250195245,3.1770541936646826,4.165564553210572,3.2991212632746034,"rgba(38, 166, 154, 1.0)",0.6721520299391662,3.634209608588405,1.332719907864698,52.422017164511075,4.89902818194733,False,True,True,False,True,11.13691224478399,0.0,0.0,0.0,0.0,0,0.8798429319371727,0.8301047120418847,False,False,False,False,0.19446193185475508,0.1739791197586763,False,False,False,False,409425.0,173143.7290623605,False,False,False,False,41061.30948754739,False,False,False,False
2025-10-28 17:00:00+00:00,4.455,4.495,4.25,4.315,0.0,3.9652192622270808,3.3467592615721653,3.2020021220923867,3.1082990480720887,3.11836877777666,3.091537709482784,3.1394365797533554,3.213385149542434,3.289285166780362,4.165564553210572,3.5180428765646123,3.251706212960068,3.1702099686299974,3.10509977853282,3.1297675646109426,3.093323250195245,3.1770541936646826,4.165564553210572,3.2991212632746034,"rgba(38, 166, 154, 1.0)",0.6709675211322861,3.634209608588405,1.0146398595609114,51.86940508831276,4.89902818194733,False,True,True,False,True,8.82623913197273,0.0,0.0,0.0,0.0,0,0.8686659772492242,0.8322130299896587,False,False,False,False,0.16907311598742703,0.17152611787305166,False,False,False,False,409425.0,176807.0045807735,False,False,False,False,40424.70003812805,False,False,False,False
