date,Close,High,Low,Open,Volume,aVWAP_peak_185,aVWAP_peak_168,aVWAP_peak_162,aVWAP_peak_148,aVWAP_peak_134,aVWAP_peak_126,aVWAP_peak_106,aVWAP_peak_83,aVWAP_peak_76,aVWAP_peak_71,aVWAP_peak_55,aVWAP_peak_44,aVWAP_peak_43,aVWAP_peak_33,aVWAP_peak_10,aVWAP_valley_182,aVWAP_valley_176,aVWAP_valley_171,aVWAP_valley_166,aVWAP_valley_157,aVWAP_valley_143,aVWAP_valley_137,aVWAP_valley_130,aVWAP_valley_120,aVWAP_valley_116,aVWAP_valley_103,aVWAP_valley_97,aVWAP_valley_74,aVWAP_valley_64,aVWAP_valley_46,aVWAP_valley_39,aVWAP_valley_27,aVWAP_valley_19,aVWAP_valley_4,aVWAP_OB_bull_187,aVWAP_OB_bull_143,aVWAP_OB_bear_162,aVWAP_OB_bear_83,aVWAP_OB_bear_55,Peaks_Valleys_avg,color,StDev,StDev_Mean,StdDev_ZScore,QQEMOD,QQE1_Value,QQE1_Above_Upper,QQE1_Below_Lower,QQE2_Above_Threshold,QQE2_Below_Threshold,QQE2_Above_TL,banker_RSI,OB,OB_High,OB_Low,OB_Mitigated_Index,TTM_squeeze_Active,VI_plus,VI_minus,VI_Regular_Bullish,VI_Regular_Bearish,VI_Hidden_Bullish,VI_Hidden_Bearish,Fisher,Fisher_Signal,Fisher_Regular_Bullish,Fisher_Regular_Bearish,Fisher_Hidden_Bullish,Fisher_Hidden_Bearish,OBV,OBV_Smoothed,OBV_Regular_Bullish,OBV_Regular_Bearish,OBV_Hidden_Bullish,OBV_Hidden_Bearish,Volume_MA,Vol_Regular_Bullish,Vol_Regular_Bearish,Vol_Hidden_Bullish,Vol_Hidden_Bearish
2021-12-31 00:00:00+00:00,9.26,9.6,8.94,9.41,542268,,,,,,,,,,,,,,,,,,,,,,,,,,,,,,,,,,,,,,,,,#000000,,,,,,False,False,False,False,False,,0.0,0.0,0.0,0.0,0,,,False,False,False,False,,,False,False,False,False,0,0.0,False,False,False,False,542268.0,False,False,False,False
2022-01-07 00:00:00+00:00,10.43,10.6,9.06,9.49,521351,,,,,,,,,,,,,,,,,,,,,,,,,,,,,,,,,,,,,,,,,#000000,,,,100.0,,False,False,True,False,False,,0.0,0.0,0.0,0.0,0,,,False,False,False,False,,,False,False,False,False,521351,38618.59259259259,False,False,False,False,540718.5925925926,False,False,False,False
2022-01-14 00:00:00+00:00,10.32,11.07,9.998,10.42,473039,,,,,,,,,,,,,,,,,,,,,,,,,,,,,,,,,,,,,,,,,#000000,,,,97.38531019729024,38.23389588780607,False,False,True,False,True,,0.0,0.0,0.0,0.0,0,,,False,False,False,False,,,False,False,False,False,48312,39336.622770919064,False,False,False,False,535705.2894375857,False,False,False,False
2022-01-21 00:00:00+00:00,8.12,9.85,8.05,9.85,607899,,,,,,,,,,,,,,,,,,,,,,,,,,,,,,,,,,,,,,,,,#000000,,,,78.32709143038593,38.377761230099495,False,False,True,False,False,,0.0,0.0,0.0,0.0,0,,,False,False,False,False,,,False,False,False,False,-559587,-5028.090026926788,False,False,False,False,541052.9717014682,False,False,False,False
2022-01-28 00:00:00+00:00,8.18,8.425,7.39,7.85,674556,,,,,,,,,,,,,,,,,,,,,,,,,,,,,,,,,,7.998333333333334,,,,,,7.998333333333334,#000000,,7.998333333333334,,65.0900788600149,26.39609855375697,False,False,True,False,False,,0.0,0.0,0.0,0.0,0,,,False,False,False,False,,,False,False,False,False,114969,3860.583308401123,False,False,False,False,550942.0849087669,False,False,False,False
2022-02-04 00:00:00+00:00,8.23,8.62,7.82,8.08,566489,,,,,,,,,,,,,,,,,,,,,,,,,,,,,,,,,,8.101037123284545,,,,,,8.101037123284545,#000000,,8.101037123284545,,55.958921853808846,18.548772401228675,False,False,True,False,False,,0.0,0.0,0.0,0.0,0,,,False,False,False,False,,,False,False,False,False,681458,54052.98454481585,False,False,False,False,552093.7082488582,False,False,False,False
2022-02-11 00:00:00+00:00,10.41,10.5637,8.25,8.26,508382,,,,,,,,,,,,,,,,,,,,,,,,,,,,,,,,,,8.577676748520135,,,,,,8.577676748520135,#000000,,8.577676748520135,,57.80053052186722,18.548772401228675,False,False,True,False,False,,0.0,0.0,0.0,0.0,0,,,False,False,False,False,,,False,False,False,False,1189840,138185.3560600147,False,False,False,False,548855.803934128,False,False,False,False
2022-02-18 00:00:00+00:00,8.76,10.31,8.76,10.22,348892,,,,,,,,,,,,,,,,,,,,,,,,,,,,,,,,,,8.693899301202533,,,,,,8.693899301202533,#000000,,8.693899301202533,,54.44456979524204,18.548772401228675,False,False,True,False,False,,0.0,0.0,0.0,0.0,0,,,False,False,False,False,,,False,False,False,False,840948,190241.8482037173,False,False,False,False,534043.6703093777,False,False,False,False
2022-02-25 00:00:00+00:00,9.69,9.71,8.0891,8.76,290163,,,,,,,,,,,,,,,,,,,,,,,,,,,,,,,,,,8.750891708164431,,,,,,8.750891708164431,#000000,,8.750891708164431,,54.15295624975769,18.548772401228675,False,False,True,False,False,,0.0,0.0,0.0,0.0,0,,,False,False,False,False,,,False,False,False,False,1131111,259935.85944788638,False,False,False,False,515978.435471646,False,False,False,False
2022-03-04 00:00:00+00:00,11.66,11.84,9.55,9.55,732205,,,,,,,,,,,,,,,,,,,,,,,,,,,,,,,,,,9.282509186460116,,,,,,9.282509186460116,#000000,,9.282509186460116,,57.09405385973267,18.548772401228675,False,False,True,False,False,,0.0,0.0,0.0,0.0,0,,,False,False,False,False,,,False,False,False,False,1863316,378704.7587480429,False,False,False,False,531995.2180293018,False,False,False,False
2022-03-11 00:00:00+00:00,13.81,14.27,11.53,11.88,1730834,,,,,,,,,,,,,,,13.203333333333333,,,,,,,,,,,,,,,,,,,10.681306747354764,,,,,,11.942320040344049,#000000,,11.942320040344049,,61.39663160865193,18.548772401228675,False,False,True,False,False,,0.0,0.0,0.0,0.0,0,,,False,False,False,False,,,False,False,False,False,3594150,616885.8877296693,False,False,False,False,620798.090767872,False,False,False,False
2022-03-18 00:00:00+00:00,12.29,13.97,10.87,13.82,960349,,,,,,,,,,,,,,,12.908337226912229,,,,,,,,,,,,,,,,,,,10.961446737263564,,,,,,11.934891982087898,#000000,,11.934891982087898,,61.56254018641988,18.548772401228675,False,False,True,False,False,,0.0,0.0,0.0,0.0,0,,,False,False,False,False,,,False,False,False,False,2633801,766287.0071571012,False,False,False,False,645950.0099702518,False,False,False,False
2022-03-25 00:00:00+00:00,12.6,13.96,11.87,12.27,724935,,,,,,,,,,,,,,,12.887469066739888,,,,,,,,,,,,,,,,,,,11.166452234524357,,,,,,12.026960650632123,#000000,,12.026960650632123,,62.00582433276412,18.548772401228675,False,False,True,False,False,,0.0,0.0,0.0,0.0,0,,,False,False,False,False,,,False,False,False,False,3358736,958320.2658862048,False,False,False,False,651800.7499724554,False,False,False,False
2022-04-01 00:00:00+00:00,12.67,12.89,11.93,12.52,504894,,,,,,,,,,,,,,,12.83714690833217,,,,,,,,,,,,,,,,,,,11.261829399254355,,,,,,12.049488153793263,#000000,,12.049488153793263,,62.39813473542394,18.548772401228675,False,False,True,False,True,,0.0,0.0,0.0,0.0,0,,,False,False,False,False,,,False,False,False,False,3863630,1173528.3943390786,False,False,False,False,640918.7684930143,False,False,False,False
2022-04-08 00:00:00+00:00,11.77,13.17,11.0601,12.75,665911,,,,,,,,,,,,,,,12.715618132322401,,,,,,,,,,,,,,,,,,,11.325607680712091,,,,,,12.020612906517247,#000000,,12.020612906517247,,61.04831214613344,18.548772401228675,False,False,True,False,True,,0.0,0.0,0.0,0.0,0,,,False,False,False,False,,,False,False,False,False,3197719,1323468.4392028507,False,False,False,False,642770.0449009392,False,False,False,False
2022-04-15 00:00:00+00:00,12.17,12.37,11.415,11.67,439688,,,,,,,,,,,,,,,12.65170946197481,,,,,,,,,,,,,,,,,,,11.361193330099539,,,,,,12.006451396037175,#000000,,12.006451396037175,,60.58122247846998,18.548772401228675,False,False,True,False,True,,0.0,0.0,0.0,0.0,0,,,False,False,False,False,,,False,False,False,False,3637407,1494871.295558195,False,False,False,False,627726.9304638326,False,False,False,False
2022-04-22 00:00:00+00:00,9.68,12.13,9.64,12.12,719210,,,,,,,,,,,,,,,12.380291714105493,,,,,,,,,,,,,,,,,,,11.289985399280075,,,,,,11.835138556692783,#000000,,11.835138556692783,,56.595201495020945,18.548772401228675,False,False,True,False,True,,0.0,0.0,0.0,0.0,0,,,False,False,False,False,,,False,False,False,False,2918197,1600302.829220551,False,False,False,False,634503.4541331783,False,False,False,False
2022-04-29 00:00:00+00:00,8.37,9.505,8.23,9.5,543692,,,,,,,,,,,,,,,12.062295867798772,,,,,,,,,,,,,,,,,,,11.140440417412309,,,,,,11.60136814260554,#000000,,11.60136814260554,,52.30699451403863,14.493982084256416,False,False,False,False,False,,0.0,0.0,0.0,0.0,0,,,False,False,False,False,,,False,False,False,False,2374505,1657651.138167177,False,False,False,False,627776.6797529429,False,False,False,False
2022-05-06 00:00:00+00:00,8.23,8.6,7.87,8.35,427611,,,,,,,,,,,,,,,11.818544747776976,,,,,,,,,,,,,,,,,,,11.014079891952926,,,,,,11.41631231986495,#000000,,11.41631231986495,,49.098631731427,11.066896267716075,False,False,False,False,False,,0.0,0.0,0.0,0.0,0,,,False,False,False,False,,,False,False,False,False,1946894,1679076.5353399788,False,False,False,False,612949.592363836,False,False,False,False
2022-05-13 00:00:00+00:00,8.03,8.25,6.77,7.86,696865,,,,,,,,,,,,,,,11.429862743753732,,,,,,,,,,,,,,,,,,7.683333333333333,10.793752214046892,,,,,,9.968982763711319,#000000,,9.968982763711319,,46.59121884820297,8.342143570312174,False,False,False,False,False,,0.0,0.0,0.0,0.0,0,,,False,False,False,False,,,False,False,False,False,1250029,1647295.2364259062,False,False,False,False,619165.5484850333,False,False,False,False
2022-05-20 00:00:00+00:00,9.55,10.19,7.9,8.03,775165,,,,,,,,,,,,,,,11.220051569067248,,,,,,,,,,,,,,,,,,8.48902509912615,10.685431911253215,,,,,,10.131502859815537,#000000,,10.131502859815537,,47.0199733606774,8.342143570312174,False,False,False,False,False,,0.0,0.0,0.0,0.0,0,,,False,False,False,False,,,False,False,False,False,2025194,1675287.7374313946,False,False,False,False,630721.063412068,False,False,False,False
2022-05-27 00:00:00+00:00,8.81,9.9449,8.54,9.64,495940,,,,,,,,,,,,,,,11.098894391820437,,,,,,,,,,,,,,,,,,8.642565953071777,10.618759303988442,,,,,,10.120073216293553,#000000,,10.120073216293553,,46.452477308064644,7.47934617894456,False,False,False,False,False,,0.0,0.0,0.0,0.0,0,,,False,False,False,False,,,False,False,False,False,1529254,1664470.4235475878,False,False,False,False,620737.2809371,False,False,False,False
2022-06-03 00:00:00+00:00,8.91,9.42,8.61,8.85,277216,,,,,,,,,,,,,,,11.033354209911655,,,,,,,,,,,,,,,,,,8.684229368376013,10.581161818926214,,,,,,10.099581799071293,#000000,,10.099581799071293,,46.19039545469204,6.75497047408367,False,False,False,False,False,,0.0,0.0,0.0,0.0,0,,,False,False,False,False,,,False,False,False,False,1806470,1674988.910692211,False,False,False,False,595291.2601269444,False,False,False,False
2022-06-10 00:00:00+00:00,8.51,9.13,8.16,9.1,277657,,,,,,,,,,,,,,,10.960232971506644,,,,,,,,,,,,,,,,,,8.674959321157386,10.536659040419705,,,,,,10.057283777694579,#000000,,10.057283777694579,,45.51366303742977,5.596231646166721,False,False,False,True,False,,0.0,0.0,0.0,0.0,0,,,False,False,False,False,,,False,False,False,False,1528813,1664161.065455751,False,False,False,False,571762.7964138373,False,False,False,False
2022-06-17 00:00:00+00:00,7.38,8.32,7.1,8.17,349616,,,,,,,,,,,,,,,10.83772595419773,,,,,,,,,,,,,,,,,,8.544122648457877,10.455881607125574,,,,,,9.945910069927061,#000000,,9.945910069927061,,43.75012554146775,3.402561314346123,False,False,False,True,False,,0.0,0.0,0.0,0.0,0,,,False,False,False,False,,,False,False,False,False,1179197,1628237.8013479176,False,False,False,False,555307.4781609605,False,False,False,False
2022-06-24 00:00:00+00:00,7.1,7.85,6.85,7.61,284715,,,,,,,,,,,,,,,10.734758214612656,,,,,,,,,,,,,,,,,,8.428921243702966,10.386007164656208,,,,,,9.849895540990609,#000000,,9.849895540990609,,42.19340388975994,1.4508331165606307,False,False,False,True,False,,0.0,0.0,0.0,0.0,0,,,False,False,False,False,-0.34282825441539394,-0.34282825441539394,False,False,False,False,894482,1573885.5197665903,False,False,False,False,535263.5908897782,False,False,False,False
2022-07-01 00:00:00+00:00,6.97,7.57,6.6501,7.13,240466,,,,,,,,,,,,,,,10.647475422847235,,,,,,,,,,,,,,,,,,8.332274910683102,10.325640346027244,,,,,,9.768463559852528,#000000,,9.768463559852528,,40.939463455491435,-0.18160666871830244,False,False,False,True,False,,0.0,0.0,0.0,0.0,0,0.9345809683527704,1.0249029746422753,False,False,False,False,-0.34282825441539394,-0.34282825441539394,False,False,False,False,654016,1505747.036820917,False,False,False,False,513426.7323053502,False,False,False,False
2022-07-08 00:00:00+00:00,6.71,6.9,6.285,6.78,236842,,,,,,,,,,,,,,,10.55559478351153,,,,,,,,,,,,,,,,,6.631666666666666,8.221454315690654,10.260700538515106,,,,,,8.91735407609599,#000000,,8.91735407609599,,39.75158665985043,-1.7330432970242668,False,False,False,True,False,,0.0,0.0,0.0,0.0,0,0.9195701893810049,1.0647319948017875,False,False,False,False,-0.34282825441539394,-0.34282825441539394,False,False,False,False,417174,1425111.9970564046,False,False,False,False,492938.97435680573,False,False,False,False
2022-07-15 00:00:00+00:00,6.49,6.9,6.36,6.66,194581,,,,,,,,,,,,,,,10.482305109695096,,,,,,,,,,,,,,,,,6.609867299610823,8.138210133271071,10.20834432390806,,,,,,8.859681716621262,#000000,,8.859681716621262,,38.651528696970054,-3.184344993867569,False,False,False,True,False,,0.0,0.0,0.0,0.0,0,0.8970237191438307,1.0772882165961821,False,False,False,False,-0.3384415985439812,-0.34063492647968757,False,False,False,False,222593,1336036.5157929673,False,False,False,False,470838.38366370904,False,False,False,False
2022-07-22 00:00:00+00:00,6.55,7.23,6.52,6.74,242795,,,,,,,,,,,,,,,10.398688468590764,,,,,,,,,,,,,,,,,6.666332867608597,8.056428328509163,10.148269412938582,,,,,,8.817429769411778,#000000,,8.817429769411778,,37.992990166335005,-4.203355156004541,False,False,False,True,False,,0.0,0.0,0.0,0.0,0,0.9512217843252435,1.0516246897990131,False,False,False,False,-0.31008022985850836,-0.32535757816909794,False,False,False,False,465388,1271544.0331416363,False,False,False,False,453946.28117010096,False,False,False,False
2022-07-29 00:00:00+00:00,7.6,7.75,6.47,6.58,255022,,,,,,,,,,,,,,,10.326519505477059,,,,,,,,,,,,,,,,,6.8329189732110835,8.010273489026734,10.096508880436101,,,,,,8.816555212037745,#000000,,8.816555212037745,,39.61838895713953,-4.203355156004541,False,False,False,True,False,,0.0,0.0,0.0,0.0,0,0.9672146323024585,1.0012857006940215,False,False,False,False,-0.28332392386531485,-0.30434075101720637,False,False,False,False,720410,1230719.2899459593,False,False,False,False,439211.14923157496,False,False,False,False
2022-08-05 00:00:00+00:00,7.23,7.61,6.83,7.6,269819,,,,,,,,,,,,,,,10.252512815626806,,,,,,,,,,,,,,,,,6.920772208317801,7.964081339862946,10.042801663984434,,,,,,8.795042006947996,#000000,,8.795042006947996,,40.25902515174151,-4.203355156004541,False,False,False,True,False,,0.0,0.0,0.0,0.0,0,0.965396855616129,1.0099049892846028,False,False,False,False,-0.270936300001664,-0.2876385255094352,False,False,False,False,450591,1172932.0092092215,False,False,False,False,426663.58262182865,False,False,False,False
2022-08-12 00:00:00+00:00,7.87,7.88,7.15,7.5,391212,,,,,,,,,,,,,,,10.164973184722072,,,,,,,,,,,,,,,,,7.09606463510517,7.938140101310281,9.979222101075411,,,,,,8.794600005553233,#000000,,8.794600005553233,,41.908116979925424,-4.203355156004541,False,False,False,True,False,,0.0,0.0,0.0,0.0,0,0.9614926366407629,1.05578066635181,False,False,False,False,-0.23810079345469717,-0.2628696594820662,False,False,False,False,841803,1148403.9344529829,False,False,False,False,424037.5394646562,False,False,False,False
2022-08-19 00:00:00+00:00,6.7,7.91,6.65,7.91,337343,,,,,,,,,,,,,,7.086666666666667,10.078740618718882,,,,,,,,,,,,,,,,,7.09441993919253,7.884201152508405,9.914869456810566,,,,,,8.41177956677941,#000000,,8.036007094271621,,41.465921986304686,-4.203355156004541,False,False,False,True,False,,0.0,0.0,0.0,0.0,0,0.9364078143813254,1.0513889943485666,False,False,False,False,-0.26421369719697546,-0.2635416783395208,False,False,False,False,504460,1100704.3837527619,False,False,False,False,417615.72172653355,False,False,False,False
2022-08-26 00:00:00+00:00,7.08,7.33,6.5,6.73,254544,,,,,,,,,,,,,,7.036493576195006,10.014390265675155,,,,,,,,,,,,,,,,,7.079906623015688,7.842496342018115,9.866249800480302,,,,,,8.367907321476853,#000000,,7.993321701725991,,41.850497181318175,-4.203355156004541,False,False,False,True,False,,0.0,0.0,0.0,0.0,0,0.9494494896729084,1.0519610804579227,False,False,False,False,-0.30549644417327104,-0.2845190612563959,False,False,False,False,759004,1075393.2442155203,False,False,False,False,405536.3349319755,False,False,False,False
2022-09-02 00:00:00+00:00,6.56,7.25,6.1401,7.04,308060,,,,,,,,,,,,,,6.904204738723503,9.932166919653937,,,,,,,,,,,,,,,,,7.026727838821073,7.78010520513006,9.803245317499686,,,,,,8.289290003965652,#000000,,7.910801175582144,,41.429910074897116,-4.203355156004541,False,False,False,True,False,,0.0,0.0,0.0,0.0,1,0.8955753682895665,1.1170332850111448,False,False,False,False,-0.33086176600526573,-0.30769041363083083,False,False,False,False,450944,1029137.7446440003,False,False,False,False,398315.86567775515,False,False,False,False
2022-09-09 00:00:00+00:00,6.73,6.8,6.23,6.63,170652,,,,,,,,,,,,,,6.853589609181403,9.887479015384546,,,,,,,,,,,,,,,,,6.9985049947323,7.746489237925937,9.768714335147106,,,,,,8.250955438474259,#000000,,7.871515714306047,,41.462033390153806,-4.203355156004541,False,False,False,True,False,,0.0,0.0,0.0,0.0,1,0.8309128567326317,1.2127718072009435,False,False,False,False,-0.34282825441539394,-0.32525933402311236,False,False,False,False,621596,998949.4672629633,False,False,False,False,381451.87562755105,False,False,False,False
2022-09-16 00:00:00+00:00,5.67,7.04,5.64,6.73,361948,,,,,,,,,,,,,,6.667398311306133,9.783590949224902,,,,,,,,,,,,,,,,,6.892914906554083,7.6546093408808735,9.68741100885135,,,,,,8.137184903363469,#000000,,7.749628376991498,,40.115621405565165,-4.4649718095003905,False,False,False,True,False,,0.0,0.0,0.0,0.0,1,0.8239062207987216,1.2070269956757944,False,False,False,False,-0.34282825441539394,-0.3340437942192531,False,False,False,False,259648,944186.3956138549,False,False,False,False,380007.1440995843,False,False,False,False
2022-09-23 00:00:00+00:00,5.27,6.04,5.14,5.47,242471,,,,,,,,,,,,,,6.495996320835558,9.705662426491633,,,,,,,,,,,,,,,,,6.7882434200056005,7.575594321386286,9.62563396624232,,,,,,8.038226090992278,#000000,,7.641374122179769,,38.685952310643515,-6.104745357269195,False,False,False,True,False,,0.0,0.0,0.0,0.0,0,0.7666244479738379,1.2484536566078959,False,False,False,False,-0.34282825441539394,-0.33843602431732356,False,False,False,False,17177,875519.0329757915,False,False,False,False,369819.2815736892,False,False,False,False
2022-09-30 00:00:00+00:00,5.27,5.54,5.0696,5.27,244723,,,,,,,,,,,,,,6.3426673436329875,9.626407469023098,,,,,,,,,,,,,,,,5.2932,6.684006878684935,7.494734083274607,9.562318533428028,,,,,,7.500555718007276,#000000,,6.453652076398132,,37.66476009998519,-7.312347689557107,False,False,False,True,False,,0.0,0.0,0.0,0.0,0,0.7582898995060467,1.2331800374723216,False,False,False,False,-0.34282825441539394,-0.3406321393663587,False,False,False,False,17177,811938.1416442513,False,False,False,False,360552.89034600847,False,False,False,False
2022-10-07 00:00:00+00:00,5.64,6.25,5.34,5.5,182777,,,,,,,,,,,,,,6.290565781410671,9.575005410939456,,,,,,,,,,,,,,,,5.485653848576998,6.63744762804843,7.449586494197554,9.521084320189221,,,,,,7.493223913893722,#000000,,6.465813438058413,,37.773052536557735,-7.419335950520555,False,False,False,True,False,,0.0,0.0,0.0,0.0,0,0.7865339715359734,1.2247999121349438,False,False,False,False,-0.28864638982502117,-0.3146392645956899,False,False,False,False,199954,766605.9830039364,False,False,False,False,347384.30587593373,False,False,False,False
2022-10-14 00:00:00+00:00,5.68,5.8711,5.13,5.71,293799,,,,,,,,,,,,,,6.201040159503105,9.491361172540996,,,,,,,,,,,,,,,,5.516085820951736,6.558070148014626,7.374419408876144,9.453516543465033,,,,,,7.432415542225274,#000000,,6.412403884336403,,37.94257010687669,-7.480491102015179,False,False,False,True,False,,0.0,0.0,0.0,0.0,0,0.7647369623579142,1.2114832638373225,False,False,False,False,-0.3170616126481659,-0.3158504386219279,False,False,False,False,493753,746394.6509295707,False,False,False,False,343415.02395919786,False,False,False,False
2022-10-21 00:00:00+00:00,6.06,6.1,5.59,5.72,171435,,,,,,,,,,,,,,6.182054069824501,9.448424375921347,,,,,,,,,,,,,,,,5.593010837009307,6.531625126949353,7.341343576700902,9.418656350577233,,,,,,7.419185722830441,#000000,,6.412008402621016,,38.94991807998545,-7.480491102015179,False,False,False,True,False,,0.0,0.0,0.0,0.0,0,0.833982270922466,1.2114177106097448,False,False,False,False,-0.24419656329446884,-0.2800235009581984,False,False,False,False,665188,740379.3434533061,False,False,False,False,330675.76292518317,False,False,False,False
2022-10-28 00:00:00+00:00,6.2,6.55,5.9423,6.03,185027,,,,,,,,,,,,,6.230766666666668,6.185328268609044,9.407245705828464,,,,,,,,,,,,,,,,5.702498977602641,6.518807651136106,7.314797272181163,9.385101403853112,,,,,,7.249220849411029,#000000,,6.159350391003615,,39.99521469428449,-7.480491102015179,False,False,False,True,False,,0.0,0.0,0.0,0.0,1,0.8947190533184355,1.1031854275932547,False,False,False,False,-0.17395138139469082,-0.2269874411764446,False,False,False,False,850215,748515.3180123204,False,False,False,False,319886.9656714659,False,False,False,False
2022-11-04 00:00:00+00:00,6.1,6.55,5.85,6.2,216654,,,,,,,,,,,,6.166666666666667,6.196193158335428,6.18396669193524,9.359401762787357,,,,,,,,,,,,,,,,5.780189506920115,6.502075698173975,7.2835372074903395,9.345917324841134,,,,,,7.102243502143782,#000000,,6.081754005964362,,40.563035966690975,-7.480491102015179,False,False,False,True,True,,0.0,0.0,0.0,0.0,1,0.9052506280131692,1.0672800162427496,False,False,False,False,-0.1819342686554596,-0.20446085491595212,False,False,False,False,633561,740000.1833447412,False,False,False,False,312240.0793254314,False,False,False,False
2022-11-11 00:00:00+00:00,4.98,6.25,4.825,6.25,635983,,,,,,,,,,,,5.558757151832101,5.678583901629043,6.037151825919673,9.192923885052982,,,,,,,,,,,,,,,,5.639009687259657,6.361258788478469,7.14056152156978,9.208092112076855,,,,,,6.852042359227321,#000000,,5.728375641660119,,39.171145613377526,-7.480491102015179,False,False,False,True,True,,0.0,0.0,0.0,0.0,1,0.9080350623805554,1.0654327538810802,False,False,False,False,-0.299654646001542,-0.25205775045874707,False,False,False,False,-2422,685005.9475414271,False,False,False,False,336221.03641243646,False,False,False,False
2022-11-18 00:00:00+00:00,5.12,5.4299,4.75,5.09,373287,,,,,,,,,,,,5.419058015640991,5.525502546013292,5.949223916613028,9.095507840409812,,,,,,,,,,,,,,,5.099966666666667,5.551663651656658,6.276714678149571,7.055609996768755,9.12654163535976,,,,,,6.566643216364282,#000000,,5.399047719994402,,38.53843674846951,-7.610635155946241,False,False,False,True,True,,0.0,0.0,0.0,0.0,0,0.8503440807033402,1.1876071254977871,False,False,False,False,-0.34282825441539394,-0.2974430024370705,False,False,False,False,370865,661736.2477235436,False,False,False,False,338966.66334484855,False,False,False,False
2022-11-25 00:00:00+00:00,5.64,5.74,5.0041,5.1,197499,,,,,,,,,,,,5.424928312993866,5.517627404084678,5.92615239875849,9.050313675265555,,,,,,,,,,,,,,,5.225015526659729,5.544533602752404,6.24878939055699,7.021251901942575,9.088447156551094,,,,,,6.560784374396153,#000000,,5.428026211622669,,39.394409249316496,-7.610635155946241,False,False,False,True,True,,0.0,0.0,0.0,0.0,0,0.8290132017836453,1.1687484638882062,False,False,False,False,-0.2904671077256885,-0.29395505508137953,False,False,False,False,568364,654819.7849292071,False,False,False,False,328487.57717115607,False,False,False,False
2022-12-02 00:00:00+00:00,5.49,5.64,5.08,5.51,205950,,,,,,,,,,,,5.422198743974932,5.5046540443672844,5.901581232234757,9.00362461760613,,,,,,,,,,,,,,,5.272296137168871,5.533791542888777,6.219635113476278,6.985690739845258,9.048934757006423,,,,,,6.5436007698409675,#000000,,5.433235117099967,,39.745348188781,-7.610635155946241,False,False,False,True,True,,0.0,0.0,0.0,0.0,0,0.8273780996503187,1.1517652697161724,False,False,False,False,-0.2875354221871634,-0.2907452386342715,False,False,False,False,362414,633160.0971566732,False,False,False,False,319410.71960292227,False,False,False,False
2022-12-09 00:00:00+00:00,5.18,5.39,4.78,5.39,477896,,,,,,,,,,,,5.352908796836094,5.42376675238858,5.824399374930729,8.891487439849632,,,,,,,,,,,,,,,5.213016044332788,5.47120428002248,6.137917572242034,6.894991831728789,8.953474168403538,,,,,,6.4625740289705185,#000000,,5.365223968394986,,39.458068522845515,-7.610635155946241,False,False,False,True,True,0.0,0.0,0.0,0.0,0.0,0,0.8276078797564961,1.1472516027079929,False,False,False,False,-0.34282825441539394,-0.31678674652483274,False,False,False,False,-115482,577705.1269969196,False,False,False,False,331150.37000270584,False,False,False,False
2022-12-16 00:00:00+00:00,4.97,5.5,4.88,5.14,368838,,,,,,,,,,,,5.31771844568914,5.38120212339301,5.77447694084999,8.809268009137792,,,,,,,,,,,,,,,5.191126319385842,5.434408612812857,6.082679638651327,6.8307922692601215,8.882908819765179,,,,,,6.411620130993918,#000000,,5.331113875320212,,38.89263624756484,-7.7182213052672495,False,False,False,True,True,0.0,0.0,0.0,0.0,0.0,0,0.884104110813226,1.1186885612153707,False,False,False,False,-0.31114840406775607,-0.3139675752962944,False,False,False,False,-484320,499036.59907122183,False,False,False,False,333942.04629880167,False,False,False,False
2022-12-23 00:00:00+00:00,5.23,5.54,4.91,5.02,257462,,,,,,,,,,,,5.309142707110497,5.367569881123207,5.74876943399629,8.755614169488283,,,,,,,,,,,,,,,5.19599108264768,5.420375281419697,6.051536120568311,6.791362140036191,8.836564778157355,,,,,,6.386325066060834,#000000,,5.32326973807527,,39.22804006375198,-7.7182213052672495,False,False,False,True,True,0.0,0.0,0.0,0.0,0.0,0,0.8953340784662892,1.0966146968003485,False,False,False,False,-0.30072430436894737,-0.3073459398326209,False,False,False,False,-226858,445266.62876964983,False,False,False,False,328276.85768407566,False,False,False,False
2022-12-30 00:00:00+00:00,5.38,5.55,5.17,5.35,251481,,,,,,,,,,,,5.313988918354243,5.367498229464668,5.732022405454515,8.70675430869036,,,,,,,,,,,,,,,5.216119297278091,5.417050810715373,6.028033213247636,6.757958025976141,8.794129818992188,,,,,,6.370395003130358,#000000,,5.328664313953094,,39.894749846610296,-7.7182213052672495,False,False,False,True,True,0.0,0.0,0.0,0.0,0.0,1,0.914940048311292,1.0850550913977712,False,False,False,False,-0.26108345487879026,-0.2842146973557056,False,False,False,False,24623,414107.8414533794,False,False,False,False,322588.2756334034,False,False,False,False
2023-01-06 00:00:00+00:00,6.16,6.16,5.27,5.48,240755,,,,,,,,,,,,5.354988735338931,5.402496957174476,5.737310239905192,8.668042333674268,,,,,,,,,,,,,,,5.281778372088842,5.442017256851644,6.022794333709217,6.73831771538673,8.76021357550371,,,,,,6.378662168848113,#000000,,5.370320330363473,,42.40824046309256,-10.742082150439813,False,False,False,True,True,0.0,0.0,0.0,0.0,0.0,1,0.9415300362369406,1.02598665056136,False,False,False,False,-0.1602466080056455,-0.22223065268067554,False,False,False,False,265378,403090.8161605365,False,False,False,False,316526.5515124106,False,False,False,False
2023-01-13 00:00:00+00:00,6.48,6.62,6.05,6.19,257941,,,,,,,,,,,,5.431128681807839,5.471456774449296,5.764029581644694,8.635195684650608,,,,,,,,,,,,,,,5.389769408666332,5.495246159072722,6.034676308159815,6.730160064838299,8.73110486423726,,,,,,6.409196391947429,#000000,,5.446900255999047,,44.949805879345476,-8.291832709610674,False,False,False,True,True,0.0,0.0,0.0,0.0,0.0,1,0.9754924338896391,1.003844324095743,False,False,False,False,0.009506445231450986,-0.10636210372461227,False,False,False,False,523319,411996.6075560523,False,False,False,False,312186.88103000977,False,False,False,False
2023-01-20 00:00:00+00:00,6.81,7.06,6.3,6.78,319046,,,,,,,,,,,6.723333333333333,5.539541849094033,5.57161332834648,5.810716899158494,8.601791971995159,,,,,,,,,,,,,,,5.533988351708073,5.57552728717422,6.061648752414628,6.72997138334863,8.701145428395433,,,,,6.723333333333333,6.484927858496849,#000000,,5.84211921562048,,47.50607195826183,-5.894625622616445,False,False,False,False,True,0.0,-1.0,7.06,6.3,0.0,1,0.9812769144354989,1.0,False,False,False,True,0.10357869221443858,-0.0013917057550868472,False,False,False,False,842365,443875.74773708545,False,True,False,False,312694.9639166757,False,True,False,False
2023-01-27 00:00:00+00:00,6.04,6.83,5.85,6.74,309044,,,,,,,,,,,6.4855150801105985,5.59218801221644,5.619685815310688,5.830043163867653,8.56248602717696,,,,,,,,,,,,,,,5.600933838569946,5.615097085187925,6.06816786845697,6.717195818359733,8.66607901943309,,,,,6.4855150801105985,6.475739172869,#000000,,5.8245806865519185,,47.522855869257896,-5.894625622616445,False,False,False,False,True,0.0,0.0,0.0,0.0,0.0,1,0.9615195397931796,1.0365320824748292,False,False,False,False,0.010864610968747043,0.004736452606830098,False,False,False,False,533321,450501.3219787828,False,False,False,False,312424.5221450701,False,False,False,False
2023-02-03 00:00:00+00:00,6.26,6.52,5.83,6.02,320503,,,,,,,,,,,6.390173773156664,5.636380008553798,5.660198259086817,5.846694333574853,8.52245906096684,,,,,,,,,,,,,,,5.654868731829259,5.649312704185647,6.0731045085294815,6.703666361719284,8.63021862607091,,,,,6.390173773156664,6.4767076367673555,#000000,,5.8354051931566335,,48.054934145607646,-5.443458210770345,False,False,False,False,True,0.0,0.0,0.0,0.0,0.0,1,0.9427590154550657,1.0450100049413158,False,False,False,False,-0.033963682839617405,-0.014613615116393653,False,False,False,False,853824,480377.0759062804,False,False,False,False,313022.92791210196,False,False,False,False
2023-02-10 00:00:00+00:00,6.12,6.4,5.86,6.16,147853,,,,,,,,,,,6.354640499091306,5.652206933115467,5.674671623997413,5.852339351039755,8.503852853317023,,,,,,,,,,,,,,,5.673582537543599,5.6617868649668885,6.073992002757146,6.6967422522348645,8.613513774938498,,,,,6.354640499091306,6.475732869300197,#000000,,5.838775398436946,,48.10873259428871,-5.359479014722503,False,False,False,False,True,0.0,0.0,0.0,0.0,0.0,1,0.9279008785228569,1.0646916774897655,False,False,False,False,-0.01578720275596548,-0.015200408936179566,False,False,False,False,705971,497087.73695025966,False,False,False,False,300788.1184371314,False,False,False,False
2023-02-17 00:00:00+00:00,6.66,6.87,6.0748,6.22,336010,,,,,,,,,,,6.39693163769079,5.7125390548910175,5.731335721404912,5.882246636504469,8.46970522755323,,,,,,,,,,,,,,,5.744806322789635,5.710733771184996,6.090719152691817,6.692446615135323,8.582465407054567,,,,,6.39693163769079,6.5013929546900755,#000000,,5.896403184194089,,49.43696937628699,-4.026582240646263,False,False,False,False,True,0.0,0.0,0.0,0.0,0.0,1,0.9623352927202794,1.0439724843442793,False,False,False,False,0.17205155447163586,0.07842557276772814,False,False,False,False,1041981,537450.2008798701,False,False,False,False,303397.14670104755,False,False,False,False
2023-02-24 00:00:00+00:00,6.45,6.74,6.06,6.53,153615,,,,,,,,,,,6.398843025312233,5.73387405832071,5.751370019883875,5.892741225888015,8.453554906066175,,,,,,,,,,,,,,,5.7692795078859955,5.728373544399654,6.096038512601954,6.689139647129762,8.56777561095118,,,,,6.398843025312233,6.508099005843954,#000000,,5.913341652850703,,49.857108321469056,-3.5717338435795725,False,False,False,False,True,0.0,0.0,0.0,0.0,0.0,0,0.9689331859781716,1.0213902653920786,False,False,False,False,0.2121793453503657,0.14530245905904693,False,False,False,False,888366,563443.9637776575,False,False,False,False,292302.1728713403,False,False,False,False
2023-03-03 00:00:00+00:00,6.53,6.86,6.21,6.5,290170,,,,,,,,,,,6.419642620182233,5.777153845721391,5.792290077915041,5.915653338947532,8.425439239057516,,,,,,,,,,,,,,,5.818467056785027,5.764655670067649,6.109115844795125,6.685688656156218,8.54204008227569,,,,,6.419642620182233,6.525014643190343,#000000,,5.951888400150923,,50.35514185188396,-3.0207864389311823,False,False,False,False,True,0.0,0.0,0.0,0.0,0.0,0,0.9947797154658099,1.0114731528223955,False,False,False,False,0.27686378207959367,0.2110831205693203,False,False,False,False,1178536,609006.3368311643,False,False,False,False,292144.2341401299,False,False,False,False
2023-03-10 00:00:00+00:00,5.19,6.7316,5.163,6.5,358484,,,,,,,,,,,6.303377494531393,5.77199536243167,5.786374138897536,5.906310149993607,8.376923539658891,,,,,,,,,,,,,,,5.809360958580446,5.760974477151457,6.094356475672682,6.659298167917005,8.49822897606321,,,,,6.303377494531393,6.49671997408979,#000000,,5.917776988610261,,47.73169846909376,-3.0207864389311823,False,True,False,False,False,0.0,0.0,0.0,0.0,0.0,1,0.9386828460676717,0.9949637648831652,False,False,False,False,0.02682019967937843,0.11895166012434936,False,False,False,False,820052,624639.3489177447,False,False,False,False,297058.29087049066,False,False,False,False
2023-03-17 00:00:00+00:00,4.87,5.3,4.75,5.062,334999,,,,,,,,,,,6.129987876052058,5.727797409673019,5.7427149279011696,5.870818727867754,8.321334659141765,,,,,,,,,,,,,,,5.755510273809342,5.7239739935690395,6.05823461646782,6.618353555586809,8.448261221980452,,,,,6.129987876052058,6.439698726204924,#000000,,5.8390026218588975,,45.2794828544299,-1.1753673257604191,False,True,False,True,False,0.0,0.0,0.0,0.0,0.0,1,0.9451453647833241,1.0812469597077177,False,False,False,False,-0.34282825441539394,-0.11193829714552228,False,False,False,False,485053,614299.619368282,False,False,False,False,299868.71376897284,False,False,False,False
2023-03-24 00:00:00+00:00,4.76,5.03,4.66,4.87,242084,,,,,,,,,,,6.016916837185659,5.692761545507617,5.708122124065727,5.842615372886919,8.280453388868413,,,,,,,,,,,,,,4.816666666666666,5.7137534335357305,5.694184870640501,6.02998243830989,6.5872797463243495,8.411436688555838,,,,,6.016916837185659,6.038273642399147,#000000,,5.560024620723917,,43.32897354278066,-2.9834817715882522,False,True,False,True,False,0.0,0.0,0.0,0.0,0.0,0,0.9654141259351489,1.0446955910991924,False,False,False,False,-0.34282825441539394,-0.2273832757804581,False,False,False,False,242969,586793.6475632241,False,False,False,False,295588.3646009008,False,False,False,False
2023-03-31 00:00:00+00:00,5.18,5.38,4.7,4.78,249824,,,,,,,,,,,5.941009994495311,5.6696281150149,5.685054494675034,5.822304452176205,8.242464659627288,,,,,,,,,,,,,,4.95379084435843,5.6862339443395244,5.674275404502003,6.008339009218473,6.561038154725289,8.377005768638337,,,,,5.941009994495311,6.024413907313246,#000000,,5.562665724552041,,43.12837100661394,-3.1217106731268203,False,True,False,True,False,0.0,0.0,0.0,0.0,0.0,0,0.9716050811959965,0.9994737783765012,False,False,False,False,-0.2659622992100797,-0.24667278749526889,False,False,False,False,492793,579830.6366326149,False,False,False,False,292198.41166750074,False,False,False,False
2023-04-07 00:00:00+00:00,5.09,5.44,5.02,5.18,98029,,,,,,,,,,,5.917502951993901,5.662452430738224,5.677851785572894,5.815638162278469,8.228252989848308,,,,,,,,,,,,,,4.991933596299266,5.67772059568359,5.668042337135176,6.000977720551768,6.551648964292533,8.364080588872957,,,,,5.917502951993901,6.019202153439413,#000000,,5.562402393678746,,42.7983500673512,-3.444521252015498,False,True,False,True,False,0.0,0.0,0.0,0.0,0.0,1,0.9772276261426853,1.0384961558064132,False,False,False,False,-0.19392068771052332,-0.2202967376028961,False,False,False,False,394764,566121.9968820508,False,False,False,False,277815.4922847229,False,False,False,False
2023-04-14 00:00:00+00:00,5.14,5.29,4.77,5.1,198934,,,,,,,,,,,5.867106799559538,5.645130574784273,5.660550073118887,5.80010986294422,8.198725175913818,,,,,,,,,,,,,,5.010779451477703,5.6574258695476995,5.652937220101458,5.98436084634562,6.531391620781716,8.337219609173724,,,,,5.867106799559538,6.000851749457493,#000000,,5.545110673842303,,42.712558822037096,-3.5788054920749985,False,True,False,True,False,0.0,0.0,0.0,0.0,0.0,0,0.9747562053088795,1.0264017165780388,False,False,False,False,-0.26982339238104935,-0.24506006499197272,False,False,False,False,593698,568164.6637796767,False,False,False,False,271972.41878215084,False,False,False,False
2023-04-21 00:00:00+00:00,4.8,5.29,4.74,5.17,174967,,,,,,,,,,,5.821365456386502,5.627632218157352,5.6431266595578595,5.784766333346538,8.172202106823883,,,,,,,,,,,,,,4.998535853535553,5.637158343708313,5.6375998260340126,5.968327420209822,6.512564013244434,8.313076548865158,,,,,5.821365456386502,5.980327823100427,#000000,,5.52117296794693,,41.900672373722664,-4.441366781941177,False,True,False,True,False,0.0,0.0,0.0,0.0,0.0,0,0.9479802653554044,1.0388779069449081,False,False,False,False,-0.2756298348149036,-0.26034494990343815,False,False,False,False,418731,557095.5034997006,False,False,False,False,264786.8322056952,False,False,False,False
2023-04-28 00:00:00+00:00,4.73,4.89,4.5,4.89,326057,,,,,,,,,,,5.727196746138242,5.586739893613713,5.602568285883625,5.74994888789225,8.120371786591601,,,,,,,,,,,,,,4.924757761936695,5.59041577111227,5.601555088887955,5.933126435107203,6.47352772816505,8.265893276675188,,,,,5.727196746138242,5.931020838532861,#000000,,5.45727754320023,,41.167503593379095,-5.230393958365511,False,True,False,True,False,0.0,0.0,0.0,0.0,0.0,0,0.9145284461833455,1.0864524566906442,False,False,False,False,-0.34282825441539394,-0.301586602159416,False,False,False,False,92674,522693.9106478709,False,False,False,False,269325.3631534215,False,False,False,False
2023-05-05 00:00:00+00:00,4.61,4.88,4.47,4.71,194788,,,,,,,,,,,5.675604563495146,5.562620404786159,5.578627425002826,5.72919201663497,8.089668999747392,,,,,,,,,,,,,,4.8891473174183755,5.563113104588088,5.58011775567862,5.9121446928788846,6.450322304444126,8.237876673578148,,,,,5.675604563495146,5.903055858467459,#000000,,5.422621347571942,,40.37281499490305,-6.080672459365722,False,True,False,True,False,0.0,0.0,0.0,0.0,0.0,0,0.9166413211224135,1.0884277877282507,False,False,False,False,-0.34282825441539394,-0.322207428287405,False,False,False,False,-102114,476411.84319247305,False,False,False,False,263804.0769939088,False,False,False,False
2023-05-12 00:00:00+00:00,4.27,5.4,4.11,4.61,540245,,,,,,,,,,4.593333333333334,5.548349741859304,5.497799075864629,5.514211010918595,5.672536865088625,8.005853766641586,,,,,,,,,,,,,,4.810224992361868,5.490606046504999,5.521894067093709,5.854785740610382,6.386903414132766,8.161135274828029,,,,,5.548349741859304,5.48906442877682,#000000,,5.1106285285148765,,39.057108997759315,-7.422401062437778,False,True,False,True,False,0.0,0.0,0.0,0.0,0.0,0,0.953744693409612,1.0425662330586392,False,False,False,False,-0.31355289235202743,-0.3178801603197162,False,False,False,False,-642359,393539.9288819195,False,False,False,False,284281.1824017674,False,False,False,False
2023-05-19 00:00:00+00:00,3.88,4.29,3.87,4.19,354238,,,,,,,,,,4.363638593466841,5.438474367275624,5.435439669422467,5.452515873065972,5.619990496385994,7.9440680676599476,,,,,,,,,,,,,,4.691574462087416,5.421568289195465,5.465704032418415,5.803726844998121,6.334916041944619,8.104647584030383,,,,,5.438474367275624,5.402754867026093,#000000,,4.978813928006336,,37.3269122962722,-9.13290884478561,False,True,False,True,False,0.0,0.0,0.0,0.0,0.0,0,0.9435474115336092,1.059903108924693,False,False,False,False,-0.34282825441539394,-0.33035420736755505,False,False,False,False,-996597,290566.82303881436,False,False,False,False,289463.16889052535,False,False,False,False
2023-05-26 00:00:00+00:00,4.0,4.3,3.83,3.92,529118,,,,,,,,,,4.244588888787424,5.303718406058065,5.353247219112092,5.3709982498651705,5.548776587577159,7.855938817745627,,,,,,,,,,,,,,4.573636857106574,5.331638778574782,5.390740058605089,5.733717854703711,6.262320818178865,8.023679466968195,,,,,5.303718406058065,5.311338371856893,#000000,,4.863395732631711,,36.56701536639049,-9.891489877269365,False,True,False,True,False,0.0,0.0,0.0,0.0,0.0,0,0.925464203395383,1.0783909955656437,False,False,False,False,-0.34282825441539394,-0.33659123089147447,False,False,False,False,-467479,234415.28059149478,False,False,False,False,307215.37860233826,False,False,False,False
2023-06-02 00:00:00+00:00,3.82,4.0,3.6,4.0,237730,,,,,,,,,,4.1819239232478855,5.241452761620634,5.313280999840136,5.331370340933764,5.514126095741592,7.815248056337625,,,,,,,,,,,,,3.8066666666666666,4.515680400659375,5.288205417430878,5.354097770962289,5.699889777998711,6.227859385761524,7.9862416069867335,,,,,5.241452761620634,5.024669415510193,"rgba(239, 83, 80, 0.5)",2.349385942391392,4.43643093804864,-0.26237959754759915,35.64363916114837,-10.818697317909816,False,True,False,True,False,0.0,0.0,0.0,0.0,0.0,0,0.9066954847701048,1.090942375603822,False,False,False,False,-0.34282825441539394,-0.33970974265343423,False,False,False,False,-705209,164813.48202916182,False,False,False,False,302068.31352068356,False,False,False,False
2023-06-09 00:00:00+00:00,4.33,4.38,3.7166,3.75,275463,,,,,,,,,,4.1762741375351915,5.190911398799672,5.279234425705319,5.297460060261721,5.483219704961224,7.772971745771413,,,,,,,,,,,,,3.9867685359439173,4.485611505966576,5.251593176592661,5.322462953085912,5.6688370936395485,6.194487283911326,7.947100894380141,,,,,5.190911398799672,5.0142372992491735,"rgba(239, 83, 80, 0.5)",2.3588457094691595,4.459891394561339,-0.055065659462131586,36.973762464261185,-10.818697317909816,False,True,False,True,False,0.0,0.0,0.0,0.0,0.0,0,0.9370292292387133,1.0598086124401915,False,False,False,False,-0.2802083676860352,-0.3099590551697347,False,False,False,False,-429746,120772.03891589057,False,False,False,False,300097.5495561885,False,False,False,False
2023-06-16 00:00:00+00:00,4.58,4.63,4.25,4.3,189914,,,,,,,,,4.486666666666666,4.203992040875694,5.1692735658102675,5.263660511772147,5.2818272919956035,5.467978534037065,7.747099186331256,,,,,,,,,,,,,4.121794433279714,4.485666994222817,5.235108092554161,5.307687285102898,5.652809670673474,6.17585305367619,7.922978140884373,,,,,5.1692735658102675,4.902365541631704,#000000,2.3437968964677536,4.324530033761223,0.10899833796340702,38.811014390379924,-10.818697317909816,False,True,False,True,True,0.0,0.0,0.0,0.0,0.0,0,0.9621557979720314,1.0522610408957662,False,False,False,False,-0.18542979473505775,-0.24769442495239624,False,False,False,False,-239832,94060.62862582461,False,False,False,False,291935.805144619,False,False,False,False
2023-06-23 00:00:00+00:00,4.02,4.58,3.97,4.58,134262,,,,,,,,,4.363798039747955,4.203161158824162,5.148454661809316,5.248949827190318,5.267144928862246,5.454308577568565,7.7274106637879845,,,,,,,,,,,,,4.132730371676048,4.475068884366313,5.219423911891217,5.293890785087592,5.638922147730291,6.160651945050192,7.904671325393321,,,,,5.148454661809316,4.880693114702373,"rgba(239, 83, 80, 0.5)",2.3367540665563307,4.293689613653619,-0.11712384181573517,38.74714156226666,-10.818697317909816,False,True,False,True,True,0.0,0.0,0.0,0.0,0.0,0,0.9434661277906081,1.0577367205542725,False,False,False,False,-0.22486054500996558,-0.2362774849811809,False,False,False,False,-374094,59382.50798687465,False,False,False,False,280256.26402279537,False,False,False,False
2023-06-30 00:00:00+00:00,4.29,4.3,3.97,3.97,118581,,,,,,,,,4.316357987187855,4.202339183008334,5.130728437570362,5.236248641567308,5.2544627944166775,5.442444922060195,7.710185800549278,,,,,,,,,,,,,4.139420909671008,4.46621874139437,5.2059143165516595,5.281949885527048,5.626846355159996,6.147396087903955,7.888636941359725,,,,,5.130728437570362,4.867608581895482,"rgba(239, 83, 80, 0.5)",2.3522923456235745,4.281084205315392,0.0037902579163664263,39.65285832596708,-13.931197024709903,False,True,False,True,True,0.0,0.0,0.0,0.0,0.0,0,0.9276114180923195,1.0754047728205005,False,False,False,False,-0.25886024143862735,-0.24756886320990412,False,False,False,False,-255513,36056.91480266172,False,False,False,False,268280.3185396253,False,False,False,False
2023-07-07 00:00:00+00:00,4.13,4.4099,3.96,4.39,128007,,,,,,,,,4.2827787779771205,4.2005164540029245,5.111921430521701,5.222619118802707,5.2408518715463135,5.429684603144592,7.691674197803513,,,,,,,,,,,,,4.142634487991683,4.456612851036131,5.1914430699567955,5.269115014733409,5.61385583510862,6.133140730795772,7.87138966147885,,,,,5.111921430521701,4.854817767971339,"rgba(239, 83, 80, 0.5)",2.368553745821873,4.270635642751965,-0.05937616699644085,39.90124114837585,-13.629447724775574,False,True,False,True,True,0.0,0.0,0.0,0.0,0.0,0,0.9188206059329123,1.1084519523334426,False,False,False,False,-0.24666620327884564,-0.24711753324437488,False,False,False,False,-383520,4977.143335797893,False,False,False,False,257889.70235150494,False,False,False,False
2023-07-14 00:00:00+00:00,4.33,4.68,4.2,4.2,178519,,,,,,,,,4.3115012749077,4.213995839173635,5.093154760573078,5.208314072932631,5.226488409108674,5.415565540552014,7.667890457575825,,,,,,,,,,,,,4.179498315241901,4.454332353903526,5.176430407534059,5.255439682662993,5.599021132508379,6.115951481593015,7.849121563152674,,,,,5.093154760573078,4.853472065659021,"rgba(239, 83, 80, 0.5)",2.380169953807708,4.289831945806691,0.01687612858445237,40.80374451360306,-12.680274289335742,False,True,False,True,True,0.0,0.0,0.0,0.0,0.0,0,0.8808718690086926,1.1160258359134088,False,False,False,False,-0.18542979473505775,-0.2162736639897163,False,False,False,False,-205001,-10576.793207594543,False,False,False,False,252010.39106620828,False,False,False,False
2023-07-21 00:00:00+00:00,4.53,4.7077,4.3,4.3,202965,,,,,,,,,4.3543569566611495,4.2349714525437845,5.076183502848032,5.194771373068212,5.212834235038932,5.401659810052232,7.64215527326378,,,,,,,,,,,,,4.225628604995584,4.457034747695996,5.162357579925187,5.242334267771211,5.584091642126902,6.0980390499059185,7.82494062993947,,,,,5.076183502848032,4.856213253060032,#000000,2.3556106532170222,4.317997940474129,0.08999876920931026,42.15960694508645,-11.308391018271635,False,True,False,True,True,0.0,0.0,0.0,0.0,0.0,1,0.8686948137623058,1.1447718968841976,False,False,False,False,-0.1615401781158583,-0.1889069210527873,False,False,False,False,-2036,-9944.141858883837,False,False,False,False,248377.39913537804,False,False,False,False
2023-07-28 00:00:00+00:00,4.62,4.69,4.27,4.63,268775,,,,,,,,,4.392286252265518,4.259798851083939,5.055704883819471,5.177982821635937,5.195884989653674,5.384172958144038,7.608865433045779,,,,,,,,,,,,,4.2722845607852005,4.461066049585353,5.144999859200809,5.2259967482978285,5.565193509284514,6.075131125569019,7.793587485101548,,,,,5.055704883819471,4.8570177974471775,#000000,2.355167276628324,4.3463589284300035,0.11618753125754334,43.4492282348202,-10.022842469338748,False,False,False,True,True,0.0,0.0,0.0,0.0,0.0,1,0.8914816373776702,1.136141218562559,False,False,False,False,-0.16745273223224474,-0.17817982664251603,False,False,False,False,266739,10550.905686218666,False,False,False,False,249888.33253275746,False,False,False,False
2023-08-04 00:00:00+00:00,4.15,4.76,4.1,4.62,417439,,,,,,,,4.336666666666667,4.378115777641877,4.268773767584754,5.01636440517316,5.146381521403558,5.164139778411218,5.352637976878241,7.555448223362904,,,,,,,,,,,,,4.28477522583004,4.450803247206472,5.112114438926558,5.195545113225392,5.532014175217407,6.036640669713254,7.74329269575059,,,,4.336666666666667,5.01636440517316,4.735367994206969,#000000,2.345190301350729,4.317082859430834,-0.07124490466065855,42.989625931629114,-10.022842469338748,False,False,False,True,True,0.0,-1.0,4.76,4.1,0.0,1,0.8813822916941245,1.11136884835385,False,False,False,False,-0.1798862829274156,-0.1790330547849658,False,False,False,False,-150700,-1393.6058460938257,False,False,False,False,262299.4930858865,False,False,False,False
2023-08-11 00:00:00+00:00,3.61,4.44,3.53,4.2,577848,,,,,,,,4.0599214866331685,4.243029907037673,4.211898451182537,4.93495082451509,5.0828012759791354,5.10068604467806,5.292923512744869,7.473785384749104,,,,,,,,,,,,,4.19484840959447,4.390248551757395,5.045359462342377,5.13510647396691,5.471757748349627,5.971913884604563,7.666628142608261,,,,4.0599214866331685,4.93495082451509,4.639885088768681,"rgba(239, 83, 80, 0.5)",2.292706469427547,4.177424563611963,-0.24749115125654958,41.30987075904538,-10.022842469338748,False,True,False,True,False,0.0,0.0,0.0,0.0,0.0,1,0.8456075343523235,1.1215840666975452,False,False,False,False,-0.293503777734041,-0.2362684162595034,False,False,False,False,-728548,-55256.89430193873,False,False,False,False,285673.456561006,False,False,False,False
2023-08-18 00:00:00+00:00,3.56,3.794,3.4404,3.59,351988,,,,,,,,3.9392750792525653,4.154646138804765,4.163944279258522,4.879977546863432,5.039408876356275,5.057435410102642,5.252605532342113,7.4223088375562645,,,,,,,,,,,,,4.126687721712206,4.34370005010205,4.999838590670558,5.093875176471479,5.431511108667334,5.92968051350418,7.618283208757061,,,,3.9392750792525653,4.879977546863432,4.579878886959449,"rgba(239, 83, 80, 0.5)",2.149858004948562,4.096138304757015,-0.24938312368673982,39.99244762168203,-10.022842469338748,False,True,False,True,False,0.0,0.0,0.0,0.0,0.0,1,0.8209386090364957,1.1990306689972985,False,False,False,False,-0.34282825441539394,-0.28954833533744867,False,False,False,False,-1080536,-131203.49472401734,False,False,False,False,290585.64496389445,False,False,False,False
2023-08-25 00:00:00+00:00,3.46,3.63,3.23,3.57,479760,,,,,,,,3.808170742432411,4.04216185157894,4.09426929042895,4.803550526918191,4.978135052500045,4.996373176992839,5.195677807375823,7.351497329280479,,,,,,,,,,,,,4.034179414555915,4.2766845480548445,4.935714806205483,5.035535583343861,5.374861977053911,5.870735236092594,7.551689425966483,,,,3.808170742432411,4.803550526918191,4.500477499301148,"rgba(239, 83, 80, 0.5)",2.0586749171285845,3.9946953247490544,-0.25972790570297577,38.80801537197742,-7.661530299186275,False,True,False,True,False,0.0,0.0,0.0,0.0,0.0,1,0.8043607318257867,1.2050839224998648,False,False,False,False,-0.34282825441539394,-0.3161882948764213,False,False,False,False,-1560296,-237062.19881853455,False,False,False,False,304598.5601517541,False,False,False,False
2023-09-01 00:00:00+00:00,3.44,3.69,3.28,3.45,344289,,,,,,,,3.7545497873187053,3.9840931953600265,4.053938390996473,4.75462161672749,4.937782021855825,4.9561111044669115,5.1576413726790316,7.302591508523955,,,,,,,,,,,,,3.984444738567949,4.235924379261924,4.893713650041501,4.9968841272933915,5.336755648370538,5.830627153045796,7.505532616108946,,,,3.7545497873187053,4.75462161672749,4.45520630118902,"rgba(239, 83, 80, 0.5)",1.9427982048748225,3.9442565280607886,-0.2595516748963018,37.911294915598944,-8.53797222791976,False,True,False,True,False,0.0,0.0,0.0,0.0,0.0,1,0.7942838334521914,1.212573372099402,False,False,False,False,-0.32673033891226744,-0.32145931689434437,False,False,False,False,-1904585,-360582.4063134579,False,False,False,False,307538.59273310564,False,False,False,False
2023-09-08 00:00:00+00:00,3.29,3.54,3.23,3.53,226104,,,,,,,,3.716710634229683,3.9446792782325915,4.0254230679174965,4.721650923717113,4.9104208902175985,4.928819127808205,5.1318962819276015,7.270181207647054,,,,,,,,,,,,,3.9499072002008564,4.207577872614606,4.865260668145279,4.970660908097449,5.3110359766163375,5.803742076923805,7.474923853781165,,,,3.716710634229683,4.721650923717113,4.424111057118088,"rgba(239, 83, 80, 0.5)",1.8106510500991602,3.909180045145157,-0.34196541907467354,36.88091437496852,-9.55195828588878,False,True,False,True,False,0.0,0.0,0.0,0.0,0.0,1,0.8496765381324767,1.2342734491091665,False,False,False,False,-0.34282825441539394,-0.33214378565486913,False,False,False,False,-2130689,-491701.41325320175,False,False,False,False,301506.4006788015,False,False,False,False
2023-09-15 00:00:00+00:00,3.18,3.35,3.13,3.35,140905,,,,,,,,3.6891378091054245,3.9175174628313996,4.005499411169533,4.699950612298354,4.892423058708368,4.910876267829069,5.115045442881113,7.24957278745789,,,,,,,,,,,,,3.9258354870281575,4.188199248972926,4.8465373836983385,4.953425317531653,5.294273644751857,5.78638511392749,7.455466356644032,,,,3.6891378091054245,4.699950612298354,4.402940205917322,"rgba(239, 83, 80, 0.5)",1.706942612122928,3.8844975425336288,-0.4127247966804482,35.85892004675464,-10.561246638164931,False,True,False,True,False,0.0,0.0,0.0,0.0,0.0,1,0.8699459775599094,1.1446754805842425,False,False,False,False,-0.34282825441539394,-0.3374860200351315,False,False,False,False,-2271594,-623545.3085677794,False,False,False,False,289610.0006285199,False,False,False,False
2023-09-22 00:00:00+00:00,3.0,3.22,2.88,3.22,158515,,,,,,,,3.650591014300151,3.881743838001132,3.979178023724101,4.67328980713162,4.8704192050147075,4.888956830815199,5.094607512029441,7.225575587068665,,,,,,,,,,,,,3.893907494362528,4.163256492393239,4.823617456143576,4.932392062340191,5.274066404065102,5.76573544218341,7.432833338780309,,,,3.650591014300151,4.67328980713162,4.375735222422644,"rgba(239, 83, 80, 1.0)",1.5708631586051742,3.851355092596978,-0.5419664265046019,34.66580656271091,-11.735318611270827,False,True,False,True,False,0.0,0.0,0.0,0.0,0.0,1,0.8573037347854927,1.1342116224179688,False,False,False,False,-0.34282825441539394,-0.34015713722526275,False,False,False,False,-2430109,-757364.8412664623,False,False,False,False,279899.25984122214,False,False,False,False
2023-09-29 00:00:00+00:00,2.83,3.0,2.6851,2.95,159415,,,,,,,,3.605258793710523,3.840949551858761,3.9489385785412447,4.644237351441185,4.846516158527774,4.865160613009192,5.072548121066496,7.200606442602542,,,,,,,,,,,,,3.857251397896966,4.135090872067833,4.798697076424059,4.909574619048602,5.252368671001179,5.743818935306971,7.409305885025605,,,,3.605258793710523,4.644237351441185,4.345167501252614,"rgba(239, 83, 80, 1.0)",1.5365137443207095,3.8130995805018735,-0.6398247878586341,33.38868620590652,-12.984250210907241,False,True,False,True,False,0.0,0.0,0.0,0.0,0.0,0,0.8345251795706178,1.1833406087543155,False,False,False,False,-0.34282825441539394,-0.3414926958203284,False,False,False,False,-2589524,-893080.3345059836,False,False,False,False,270974.49985298346,False,False,False,False
2023-10-06 00:00:00+00:00,2.79,2.83,2.58,2.83,214436,,,,,,,,3.5443696580376867,3.785607479041435,3.907087594075378,4.604388116546888,4.81360024602175,4.832394667238544,5.042183192273334,7.166666257534874,,,,,,,,,,,,,3.807092655423318,4.096120364555182,4.76440195158517,4.878137610261896,5.222540938076767,5.713803325740737,7.37731700603421,,,,3.5443696580376867,4.604388116546888,4.303320034278725,"rgba(239, 83, 80, 1.0)",1.5372791337733998,3.7610393466444547,-0.6316610466577693,32.37556237692116,-13.977059681775508,False,True,False,True,False,0.0,0.0,0.0,0.0,0.0,0,0.7980610644032344,1.2043525483728228,False,False,False,False,-0.34282825441539394,-0.3421604751178612,False,False,False,False,-2803960,-1034626.9763944293,False,False,False,False,266786.46282683656,False,False,False,False
2023-10-13 00:00:00+00:00,2.85,2.94,2.7286,2.76,212685,,,,,,,,3.4987130690673607,3.7409366090068383,3.871837525346592,4.568624763002455,4.7835663530875605,4.80247089486885,5.014184933757898,7.13430310991118,,,,,,,,,,,,,3.7660799492652526,4.0624008182262905,4.733214360501056,4.849341884743525,5.194879176420662,5.685658165752333,7.346734492728778,,,,3.4987130690673607,4.568624763002455,4.267718622711578,"rgba(239, 83, 80, 1.0)",1.536452858823643,3.719391788171511,-0.5658434511535517,32.02169837896784,-14.353008842240222,False,True,False,True,False,0.0,0.0,0.0,0.0,0.0,0,0.8258050144791229,1.1881048436997252,False,False,False,False,-0.301907368542465,-0.3220339218301631,False,False,False,False,-2591275,-1149934.2374022494,False,False,False,False,262778.94706188573,False,False,False,False
2023-10-20 00:00:00+00:00,2.79,3.01,2.67,2.84,146718,,,,,,,,3.4698246091710003,3.7119911565839807,3.848486534230308,4.544563700789345,4.763206732366931,4.782180691806641,4.995141139538072,7.112175367599306,,,,,,,,,,,,,3.739296567994715,4.0398810032708985,4.7121034781602,4.829790767426871,5.176039706790969,5.666453009782608,7.325801727877973,,,,3.4698246091710003,4.544563700789345,4.24413252418009,"rgba(239, 83, 80, 1.0)",1.5383750289606517,3.692399716995001,-0.5865928008495271,31.596501766331116,-14.828506667339788,False,True,False,True,False,0.0,0.0,0.0,0.0,0.0,0,0.8203326364926242,1.1855443333417288,False,False,False,False,-0.2947889570781832,-0.30841143945417315,False,False,False,False,-2737993,-1267568.2198168975,False,False,False,False,254181.83987211643,False,False,False,False
2023-10-27 00:00:00+00:00,2.24,2.7,2.211,2.7,198299,,,,,,,,3.410464016491011,3.657674310289222,3.805683265175585,4.505036116266359,4.730265640888059,4.749400356421862,4.964816830359085,7.079597627344832,,,,,,,,,,,,,3.6891680479449986,4.0001724338255285,4.677829739435671,4.798297467469654,5.146377077899511,5.636950564760881,7.295082849637069,,,,3.410464016491011,4.505036116266359,4.202399139420794,"rgba(255, 0, 0, 1.0)",1.5041584998904693,3.640747409975204,-0.9312498716572783,29.897635774425584,-16.52883703432874,False,True,False,True,False,0.0,0.0,0.0,0.0,0.0,0,0.7976016330713478,1.1677699815700955,False,False,False,False,-0.34282825441539394,-0.3256198469347835,False,False,False,False,-2936292,-1391177.3887193494,False,False,False,False,250042.37025195966,False,False,False,False
2023-11-03 00:00:00+00:00,2.37,2.45,2.15,2.24,195063,,,,,,,,3.3550014902454945,3.6060772789185505,3.7642651322061567,4.466473093286073,4.697929432967795,4.71721720385852,4.934985349275548,7.047580398449156,,,,,,,,,,,,,3.6412300923706775,3.9615366369500267,4.644224562416978,4.767344855227708,5.117183076624477,5.607913704138993,7.264868931642072,,,,3.3550014902454945,4.466473093286073,4.162129977844797,"rgba(255, 0, 0, 1.0)",1.485903577437444,3.59164349843522,-0.8221552979514586,29.511007504217496,-16.951279095546283,False,True,False,True,False,0.0,0.0,0.0,0.0,0.0,0,0.7931592423623216,1.18932601606352,False,False,False,False,-0.34282825441539394,-0.33422405067508876,False,False,False,False,-2741229,-1491181.2117771753,False,False,False,False,245969.82430737006,False,False,False,False
2023-11-10 00:00:00+00:00,2.0,2.51,1.97,2.42,321773,,,,,,,,3.262239794226482,3.5193672379832512,3.693581113659208,4.401127434899402,4.642904449660552,4.662456746159195,4.8842341800525855,6.9939031302718275,,,,,,,,,,,,2.1599999999999997,3.5601647533821033,3.895571320932795,4.587081023790613,4.714642118712302,5.0675829451148395,5.558783839791374,7.214201942576617,,,,3.262239794226482,4.401127434899402,3.8384493874693595,"rgba(255, 0, 0, 1.0)",1.46899058313295,3.125442946397959,-0.7661335336797743,28.36952179720474,-18.113036508577082,False,True,False,True,False,0.0,0.0,0.0,0.0,0.0,0,0.7953718449452397,1.2428847231736937,False,False,False,False,-0.34282825441539394,-0.3385261525452413,False,False,False,False,-3063002,-1607612.3812751623,False,False,False,False,251584.87435867597,False,False,False,False
2023-11-17 00:00:00+00:00,2.06,2.19,1.98,2.0,288057,,,,,,,,3.185206184814271,3.44586941349415,3.632224676524073,4.343630877381323,4.594043992399984,4.613818847550087,4.839007833420749,6.946029379981356,,,,,,,,,,,,2.120636980797927,3.4908771464929393,3.8378410311097846,4.536428833432901,4.667755827441084,5.023337850750558,5.51492506217692,7.168955714380567,,,,3.185206184814271,4.343630877381323,3.7800577983997434,"rgba(255, 0, 0, 1.0)",1.4578726943024698,3.060647431399822,-0.6863750417375019,27.939387253764988,-18.590128620564695,False,True,False,True,False,0.0,0.0,0.0,0.0,0.0,0,0.8141415606669145,1.175885547466432,False,False,False,False,-0.34282825441539394,-0.3406772034803176,False,False,False,False,-2774945,-1694081.4641436688,False,False,False,False,254286.51329507036,False,False,False,False
2023-11-24 00:00:00+00:00,2.21,2.21,2.0,2.09,367946,,,,,,,,3.105106161720722,3.366083886489182,3.5632393556715742,4.276138506587275,4.53577830000583,4.555776633950034,4.784591957538532,6.886995566947301,,,,,,,,,,,,2.1279234609972018,3.4148227988631046,3.771689928259354,4.4762183784372995,4.61164244747296,4.969865132709954,5.4614869211690085,7.113011818290669,,,,3.105106161720722,4.276138506587275,3.719277741098158,"rgba(255, 0, 0, 1.0)",1.4686568969916116,3.0034840770175526,-0.5402787258500749,28.59843954093819,-18.590128620564695,False,True,False,True,False,0.0,0.0,0.0,0.0,0.0,0,0.8152257681129815,1.1792031495185658,False,False,False,False,-0.33671648241908,-0.3386968429496988,False,False,False,False,-2406999,-1746890.170503397,False,False,False,False,262705.73453247256,False,False,False,False
2023-12-01 00:00:00+00:00,2.355,2.38,1.99,2.16,796337,,,,,,,,2.9822692954886247,3.2347644021988877,3.4430372002409793,4.149663067851978,4.4236550173493026,4.443945877901814,4.678270901322387,6.766700166673382,,,,,,,,,,,,2.178978790152224,3.2874013570895966,3.6527050676897574,4.3609754162999455,4.502997813265798,4.864587824544586,5.354803193201708,6.998485752904578,,,,2.9822692954886247,4.149663067851978,3.6157395492263107,"rgba(239, 83, 80, 1.0)",1.4785460748638988,2.9208534612323334,-0.38270938650621394,29.980086034352205,-18.590128620564695,False,True,False,True,True,0.0,0.0,0.0,0.0,0.0,0,0.8355003299287169,1.1356889933921317,False,False,False,False,-0.31250504002137297,-0.32560094148553587,False,False,False,False,-1610662,-1736799.1949105528,False,False,False,False,302233.97641895607,False,False,False,False
2023-12-08 00:00:00+00:00,2.21,2.415,2.035,2.38,348893,,,,,,,,2.9375452119044287,3.1853685818504935,3.39616816833286,4.098499484541044,4.377457476005121,4.397835601816958,4.634050028664281,6.715693770994068,,,,,,,,,,,,2.1857201808818876,3.238914950839027,3.6054992706026487,4.313668218362192,4.458047874150336,4.82062038895605,5.309947963767024,6.94976762356418,,,,2.9375452119044287,4.098499484541044,3.573667714513666,"rgba(239, 83, 80, 1.0)",1.491600884351489,2.886887231368959,-0.45379916200790715,30.521021776012525,-18.590128620564695,False,True,False,True,True,0.0,0.0,0.0,0.0,0.0,0,0.8242161027060565,1.1722903641483322,False,False,False,False,-0.3005327003193508,-0.3130668209024433,False,False,False,False,-1959555,-1753299.6249171786,False,False,False,False,305690.20038792223,False,False,False,False
2023-12-15 00:00:00+00:00,1.96,2.25,1.9,2.16,617387,,,,,,,,2.8528098646217708,3.094269730062207,3.3098313344080457,4.0060966612759215,4.293726983491782,4.314271990142958,4.553920997906687,6.624616048446563,,,,,,,,,,,,2.1521397046579325,3.1494661762355354,3.5190682515974334,4.227986809358174,4.376525196274449,4.74105798452524,5.229114382598567,6.862700165548512,,,,2.8528098646217708,4.0060966612759215,3.4919667505851755,"rgba(239, 83, 80, 1.0)",1.5126677555691743,2.8121713688943615,-0.5633566034292266,30.184405852805448,-18.590128620564695,False,True,False,True,True,0.0,0.0,0.0,0.0,0.0,0,0.759728138611018,1.2125113674436412,False,False,False,False,-0.34282825441539394,-0.3279475376589186,False,False,False,False,-2576942,-1814310.17121961,False,False,False,False,328778.85221103905,False,False,False,False
2023-12-22 00:00:00+00:00,2.43,2.47,1.86,1.92,849853,,,,,,,,2.7840902993103316,3.0115025710117505,3.224898666146654,3.9042507776187145,4.19797517204243,4.218534195582726,4.460204273118843,6.510546856347007,,,,,,,,,,,2.2533333333333334,2.1760934139331956,3.0662143894437572,3.4298454678626196,4.130741575597086,4.282484465449735,4.646895704125956,5.131283038131884,6.752935976937763,,,,2.7840902993103316,3.9042507776187145,3.2178945666299867,"rgba(239, 83, 80, 1.0)",1.5238436555258645,2.5562549043971527,-0.08285292519302656,32.72726068811793,-20.607270610178194,False,True,False,True,True,0.0,0.0,0.0,0.0,0.0,0,0.7827023404968172,1.1866653903221174,False,False,False,False,-0.31562312388665115,-0.32178533077278487,False,False,False,False,-1727089,-1807849.343721861,False,False,False,False,367376.9372324436,False,False,False,False
2023-12-29 00:00:00+00:00,2.31,2.45,2.24,2.43,341254,,,,,,,,2.7642549244887955,2.985719560738372,3.1970184918735813,3.868433638051004,4.163488219456352,4.184013178123736,4.425974267473815,6.467230385493042,,,,,,,,,,,2.2762534572180892,2.189741830938149,3.039858203564481,3.399662750497467,4.095887478504312,4.2484240420348955,4.612258827427154,5.0948281956004955,6.711075562514373,,,,2.7642549244887955,3.868433638051004,3.1980318555330607,"rgba(239, 83, 80, 1.0)",1.5344825550366006,2.5539924433458516,-0.15900633248973747,34.13772674529762,-19.25174412560898,False,True,False,True,True,0.0,0.0,0.0,0.0,0.0,0,0.8169757420229508,1.1636566116302718,False,False,False,False,-0.2624995413847598,-0.2921424360787723,False,False,False,False,-2068343,-1827145.1701128343,False,False,False,False,365441.9048448552,False,False,False,False
2024-01-05 00:00:00+00:00,2.34,2.38,2.1604,2.31,253284,,,,,,,,2.749364884483264,2.966721680838426,3.1765228902005025,3.8422245996992297,4.138165239421753,4.158663028734076,4.400801590460213,6.435352134794797,,,,,,,,,,,2.279271913122324,2.19601977534165,3.0204535607521876,3.377515303651083,4.070314149570281,4.2233932084735635,4.586775852453893,5.067997319369258,6.680236924109795,,,,2.749364884483264,3.8422245996992297,3.18165739970807,"rgba(239, 83, 80, 1.0)",1.5196151213768103,2.5478445634464157,-0.13677447698605644,35.3169170158865,-18.12614345086491,False,True,False,True,True,0.0,0.0,0.0,0.0,0.0,0,0.8059071729957806,1.185208296190646,False,False,False,False,-0.28438391103088667,-0.2882631735548295,False,False,False,False,-1815059,-1826249.8982526243,False,False,False,False,357133.9118933844,False,False,False,False
2024-01-12 00:00:00+00:00,2.41,2.63,2.23,2.3,482455,,,,,,,2.423333333333333,2.7308392627520552,2.9397274652689616,3.1453275050650213,3.79863074067444,4.095045245285621,4.115444390814091,4.357316482081382,6.377820613185949,,,,,,,,,,,2.315342856253172,2.2195172998140156,2.992278898506026,3.342462935809845,4.0269743126845245,4.1805374402314905,4.542416483643545,5.0206131264431635,6.624375243110052,,,,2.7308392627520552,3.79863074067444,2.993443461016139,"rgba(239, 83, 80, 0.5)",1.509439687821647,2.4222581880381435,-0.008121018770769057,36.574336947434176,-16.924720386349442,False,True,False,True,True,0.0,0.0,0.0,0.0,0.0,0,0.7928857252015845,1.1970601837887838,False,False,False,False,-0.23792471284540576,-0.26309394320011764,False,False,False,False,-1332604,-1789683.5354190967,False,False,False,False,366416.95545683743,False,False,False,False
2024-01-19 00:00:00+00:00,2.12,2.43,2.03,2.42,306438,,,,,,,2.3339920158162557,2.712115879552989,2.9168965827836986,3.1209253122679312,3.76790346779942,4.065149719893352,4.085512297227173,4.3275075300396315,6.340051806796625,,,,,,,,,,,2.298601432330147,2.2179040542573767,2.9690314403579077,3.316261567996248,3.9968303756563985,4.150934667334472,4.512216639699935,4.988800234616534,6.587747765978813,,,,2.712115879552989,3.76790346779942,2.965046212881837,"rgba(239, 83, 80, 1.0)",1.4844165201874249,2.3906533454891923,-0.18232978534557068,36.39910123603098,-16.924720386349442,False,True,False,True,True,0.0,0.0,0.0,0.0,0.0,0,0.7625396186547266,1.2201237611309552,False,False,False,False,-0.2957992018329096,-0.2794465725165136,False,False,False,False,-1639042,-1778524.9031658303,False,False,False,False,361974.0698674421,False,False,False,False
2024-01-26 00:00:00+00:00,2.06,2.2078,2.06,2.11,159909,,,,,,,2.296117300272695,2.70135329423936,2.9042078064056596,3.107572023093609,3.7515000750291363,4.049235458209477,4.069582328791404,4.311676062560114,6.320218207272994,,,,,,,,,,,2.2859504121063363,2.214520046273047,2.956171959993637,3.302069234597223,3.980775467352624,4.13518605234892,4.496203462240552,4.971991144744541,6.568512735690636,,,,2.70135329423936,3.7515000750291363,2.9500237619363325,"rgba(239, 83, 80, 1.0)",1.4871034091647717,2.3744852632228595,-0.21147504691653513,36.062920073137484,-16.924720386349442,False,True,False,True,True,0.0,0.0,0.0,0.0,0.0,0,0.7620599402046286,1.2474783526271684,False,False,False,False,-0.3244144227300772,-0.3019304976232954,False,False,False,False,-1798951,-1780037.9473757688,False,False,False,False,347006.28691429825,False,False,False,False
2024-02-02 00:00:00+00:00,1.98,2.11,1.96,2.07,168622,,,,,,,2.2539475198313266,2.68870181733831,2.8897433844752687,3.092596583866902,3.733595010693747,4.031944468150856,4.052279761093663,4.294533249712141,6.299048867016249,,,,,,,,,,,2.2682258052461504,2.2082278690185926,2.9415842164026,3.286326610826283,3.963315829686375,4.1180932686051674,4.478901174524935,4.953910935706262,6.547990317157344,,,,2.68870181733831,3.733595010693747,2.932626464738555,"rgba(239, 83, 80, 1.0)",1.4800764437282337,2.354775752858595,-0.2532137812521054,35.53595038245904,-16.924720386349442,False,True,False,True,True,0.0,0.0,0.0,0.0,0.0,0,0.7564518419012047,1.2795889169205903,False,False,False,False,-0.34282825441539394,-0.32237937601934463,False,False,False,False,-1967573,-1793929.4327553415,False,False,False,False,333792.6360317577,False,False,False,False
2024-02-09 00:00:00+00:00,1.79,2.02,1.78,2.02,378215,,,,,,,2.1551695763928773,2.6558555996614857,2.8535469336432664,3.055877529283052,3.691278887027012,3.991340157914649,4.011666708148383,4.254471782420401,6.250642436284886,,,,,,,,,,,2.2161391237277623,2.1852640357241,2.905296004972251,3.2482817444977288,3.9222636847343777,4.078014344877952,4.438594335931761,4.912075576939611,6.501090249633578,,,,2.6558555996614857,3.691278887027012,2.8888973119663914,"rgba(239, 83, 80, 1.0)",1.4860714974372633,2.303107083876556,-0.3452775218160173,34.49839463652365,-16.924720386349442,False,True,False,True,False,0.0,0.0,0.0,0.0,0.0,0,0.7831799488587488,1.2745601734560408,False,False,False,False,-0.34282825441539394,-0.33260381521736926,False,False,False,False,-2345788,-1834807.8451438348,False,False,False,False,337083.1815108867,False,False,False,False
2024-02-16 00:00:00+00:00,2.03,2.12,1.8,1.8,408246,,,,,,,2.1183230972809106,2.6281567658040905,2.8216367348216447,3.022376109781088,3.650561332463461,3.9515615934292123,3.971843026627865,4.214782219873662,6.200961377835921,,,,,,,,,,,2.187753759825455,2.171724557468964,2.8729779306258694,3.2128009371792468,3.8821957582051803,4.038581046567169,4.398421824334129,4.869899273137778,6.452791736624883,,,,2.6281567658040905,3.650561332463461,2.8568506983455912,"rgba(239, 83, 80, 1.0)",1.4804963953270909,2.2764895450948552,-0.1664911484234973,35.388623700782404,-16.924720386349442,False,True,False,True,False,0.0,0.0,0.0,0.0,0.0,0,0.7943445945147529,1.1859926500998497,False,False,False,False,-0.3150406295606605,-0.32382222238901487,False,False,False,False,-1937542,-1842417.782540588,False,False,False,False,342354.50139896915,False,False,False,False
2024-02-23 00:00:00+00:00,1.98,2.07,1.8619,1.94,135119,,,,,,,2.1085361163751193,2.6193141580271564,2.8114322688669446,3.0116143006446996,3.6374097054201795,3.9386580509816653,3.958922621650446,4.2018767406220885,6.184723284870556,,,,,,,,,,,2.1793317764135276,2.167358848817901,2.862629143900686,3.201375254535724,3.869210297833539,4.02577598516987,4.38534533560294,4.85614603887275,6.436988043213333,,,,2.6193141580271564,3.6374097054201795,2.846821187083548,"rgba(239, 83, 80, 1.0)",1.4928685640569574,2.2686352249084263,-0.19334269061439893,35.827056314740666,-16.924720386349442,False,True,False,True,False,0.0,0.0,0.0,0.0,0.0,0,0.8224960100594864,1.1765246409053536,False,False,False,False,-0.31231114738748605,-0.31806668488825046,False,False,False,False,-2072661,-1859472.8356857297,False,False,False,False,327003.72351756407,False,False,False,False
2024-03-01 00:00:00+00:00,1.8,1.9885,1.76,1.93,268558,,,,,,,2.0783890514895518,2.5992730996273354,2.7890401092281283,2.988450894655166,3.6100160197011633,3.9119558816340168,3.932196788819813,4.175293053851044,6.151899145554547,,,,,,,,,,,2.1557230152669824,2.154210514345148,2.840049612816879,3.177104002328248,3.8423039279464075,3.999317475867877,4.358485697749369,4.8280629264685775,6.405062735027334,,,,2.5992730996273354,3.6100160197011633,2.823456024740501,"rgba(239, 83, 80, 1.0)",1.5119427720472352,2.2468989201822547,-0.29557925633463916,35.442110969443924,-16.924720386349442,False,True,False,True,False,0.0,0.0,0.0,0.0,0.0,1,0.7997354530058226,1.1979775753155402,False,False,False,False,-0.34282825441539394,-0.3304474696518222,False,False,False,False,-2341219,-1895157.736746046,False,False,False,False,322674.41066441115,False,False,False,False
2024-03-08 00:00:00+00:00,1.71,1.97,1.7001,1.82,417522,,,,,,,2.0347195293184845,2.5679236858849297,2.7542648689842886,2.9525306149836847,3.5677497855885134,3.8706779339803044,3.890881204595032,4.134167285186637,6.101190607213093,,,,,,,,,,,2.119437452365106,2.1324068785925676,2.804997559514776,3.139529399545121,3.800728853307051,3.9583955220012483,4.3169297843389165,4.784626080418533,6.355701212004515,,,,2.5679236858849297,3.5677497855885134,2.787428862808452,"rgba(239, 83, 80, 1.0)",1.531206151789892,2.2136218865402717,-0.32890534429447443,34.82986737630985,-16.924720386349442,False,True,False,True,False,0.0,0.0,0.0,0.0,0.0,1,0.7975078268647817,1.1826268449038417,False,False,False,False,-0.34282825441539394,-0.33663786203360807,False,False,False,False,-2758741,-1959126.86735745,False,False,False,False,329700.1580226029,False,False,False,False
2024-03-15 00:00:00+00:00,1.79,1.92,1.71,1.74,236242,,,,,,,2.0165264413644426,2.551529167671719,2.735901330716891,2.9333691724442725,3.544867461289215,3.8481718685977455,3.8683472849611116,4.111649219506188,6.073104986691253,,,,,,,,,,,2.1026661536287206,2.1216382899274335,2.7864324158223646,3.1193605124555086,3.77809476191865,3.9360448245875723,4.294128491064658,4.760701932640087,6.328316852949282,,,,2.551529167671719,3.544867461289215,2.769038570723921,"rgba(239, 83, 80, 1.0)",1.5425422242238438,2.1980900131480787,-0.26455678602471716,34.99432847135095,-16.924720386349442,False,True,False,True,False,0.0,0.0,0.0,0.0,0.0,1,0.8109264603443128,1.1654393471987263,False,False,False,False,-0.34282825441539394,-0.339733058224501,False,False,False,False,-2522499,-2000858.1364420834,False,False,False,False,322777.3315024101,False,False,False,False
2024-03-22 00:00:00+00:00,1.58,1.84,1.5,1.83,809916,,,,,,,1.935663216653824,2.488855651469913,2.6676280231813423,2.863241378547463,3.463632948449694,3.7685991378448613,3.7887031837709397,4.032300508354943,5.975890679115893,,,,,,,,,,1.64,2.0308204696087064,2.0726079628238185,2.7177233617336354,3.0463999425851145,3.698009143255716,3.8570915705867423,4.213974107731314,4.6770543989047795,6.233516170632913,,,,2.488855651469913,3.463632948449694,2.492657295505351,"rgba(239, 83, 80, 1.0)",1.5556636224795624,1.9197729122715872,-0.21841027029353893,34.28668244549847,-16.924720386349442,False,True,False,True,False,0.0,0.0,0.0,0.0,0.0,1,0.815902079808936,1.159219822867947,False,False,False,False,-0.34282825441539394,-0.3412806563199475,False,False,False,False,-3332415,-2099491.9781871145,False,False,False,False,358861.6773170464,False,False,False,False
2024-03-29 00:00:00+00:00,1.65,1.71,1.5,1.56,336866,,,,,,,1.909778744984309,2.464699219627859,2.64116778225567,2.835822168995118,3.431501397305613,3.736871115144798,3.7569359466152474,4.000514133018425,5.93651997995804,,,,,,,,,,1.634125021146129,2.0058962961302047,2.054222551075467,2.691025137431147,3.017728197744126,3.6661320694022574,3.825547102413928,4.181795518792791,4.643348473206921,6.195038703005512,,,,2.464699219627859,3.431501397305613,2.4685966516695643,"rgba(239, 83, 80, 1.0)",1.558921511583956,1.9010056533340274,-0.16101237391932,34.32698855325009,-16.924720386349442,False,True,False,True,False,0.0,0.0,0.0,0.0,0.0,0,0.8380323405971541,1.1499817249158717,False,False,False,False,-0.34282825441539394,-0.3420544553676707,False,False,False,False,-2995549,-2165866.5723954765,False,False,False,False,357232.36788615404,False,False,False,False
2024-04-05 00:00:00+00:00,1.54,1.69,1.5,1.67,312704,,,,,,,1.88621622313578,2.4423571172129397,2.61678157472498,2.810560985359672,3.401971034646547,3.70766014452738,3.7276876730088357,3.9712246828135,5.900244290697284,,,,,,,,,,1.6218142094774004,1.9830118670572867,2.036869466492113,2.666421765214018,2.9913319161498224,3.6367960124596097,3.7964912010602405,4.152138032263873,4.612279582941851,6.159558159333482,,,,2.4423571172129397,3.401971034646547,2.4457336159470557,"rgba(239, 83, 80, 1.0)",1.5593119497896124,1.881977941540645,-0.21931335906634064,33.90830887582893,-16.924720386349442,False,True,False,True,False,0.0,0.0,0.0,0.0,0.0,0,0.8501454097507081,1.1320752320841219,False,False,False,False,-0.34282825441539394,-0.3424413548915323,False,False,False,False,-3308253,-2250487.7892550705,False,False,False,False,353933.97026495746,False,False,False,False
2024-04-12 00:00:00+00:00,1.54,1.67,1.51,1.56,312590,,,,,,,1.8655536927774146,2.4210374180685648,2.5934213280317704,2.786236585570238,3.37332427366903,3.6791944036410977,3.6991798761036385,3.9426051548355563,5.864552679508391,,,,,,,,,,1.6132622980052773,1.9622825527444294,2.0206221310066117,2.642817753342011,2.96583442694255,3.6082364249289003,3.768144225018026,4.123121145311949,4.581811471996611,6.124605853181485,,,,2.4210374180685648,3.37332427366903,2.4244392460157895,"rgba(239, 83, 80, 1.0)",1.559240814922071,1.8654301686334334,-0.20871065297870486,33.60925196338524,-16.924720386349442,False,True,False,True,False,0.0,0.0,0.0,0.0,0.0,0,0.8314435823032379,1.1495609045238977,False,False,False,False,-0.34282825441539394,-0.34263480465346313,False,False,False,False,-3308253,-2328840.767828769,False,False,False,False,350871.4539490347,False,False,False,False
2024-04-19 00:00:00+00:00,1.46,1.58,1.38,1.56,291803,,,,,,,1.842778288083106,2.3998194879438315,2.570492036410178,2.762575124319052,3.345939511165767,3.6520687176141338,3.6720202007307994,3.9153966573952825,5.830997725562078,,,,,,,,,1.4733333333333334,1.5934783418343161,1.940229112456687,2.0032822066019835,2.6197092273984923,2.941195512332489,3.581004840612954,3.7411507257709427,4.09557757859808,4.552988466299226,6.0917488334215655,,,,2.3998194879438315,3.345939511165767,2.214689267071347,"rgba(239, 83, 80, 0.5)",1.5757592278467127,1.7124547689268605,-0.16021151230816016,33.05209863292629,-14.392124111178127,False,True,False,True,False,0.0,0.0,0.0,0.0,0.0,0,0.8190787332908147,1.1731117156282134,False,False,False,False,-0.34282825441539394,-0.34273152953442854,False,False,False,False,-3600056,-2423004.859100712,False,False,False,False,346496.01291577285,True,False,False,False
2024-04-26 00:00:00+00:00,1.6,1.63,1.39,1.46,244177,,,,,,,1.82874789627449,2.384007317917429,2.553137151513317,2.744411655681366,3.324418182023162,3.6305567793461697,3.6504713645095253,3.893694606787798,5.803734535307497,,,,,,,,,1.503704740226625,1.5878206883484052,1.9256729539460646,1.9913168085582582,2.6021470861389506,2.922103032723535,3.559450096592718,3.719695988011722,4.073540605071574,4.529790643338802,6.065000910978405,,,,2.384007317917429,3.324418182023162,2.2043069331328438,"rgba(239, 83, 80, 0.5)",1.5865114060230907,1.7114865696988963,-0.07027152107173293,33.907717174953696,-14.392124111178127,False,True,False,True,False,0.0,0.0,0.0,0.0,0.0,0,0.8868448644453221,1.1443374773621646,False,False,False,False,-0.3196140450157652,-0.33117278727509686,False,False,False,False,-3355879,-2492106.647315474,False,False,False,False,338916.82677386375,False,False,False,False
2024-05-03 00:00:00+00:00,1.67,1.68,1.5,1.63,261693,,,,,,,1.818713649185134,2.369175876415681,2.536534033226593,2.7267365945984365,3.3028821193234417,3.608810768466192,3.6286767093701746,3.871615138764513,5.775416148992637,,,,,,,,,1.5407642187546355,1.5907582478548163,1.914080211276685,1.9812257482019857,2.5852621109270526,2.9033137419608583,3.5377069368709293,3.6979543185872914,4.051042914720422,4.505949495036113,6.037160865337087,,,,2.369175876415681,3.3028821193234417,2.1966564432401876,"rgba(239, 83, 80, 0.5)",1.5869329163770605,1.7160790817678178,-0.029036565624346335,35.12642591299678,-14.392124111178127,False,False,False,True,True,0.0,0.0,0.0,0.0,0.0,0,0.9086366090339014,1.1052063289912653,False,False,False,False,-0.2592340298291357,-0.29520340855211624,False,False,False,False,-3094186,-2536705.117884699,False,False,False,False,333196.54330913315,False,False,False,False
2024-05-10 00:00:00+00:00,1.58,1.77,1.53,1.69,207651,,,,,,,1.81176458976551,2.357960115047864,2.5239114446107926,2.7132238205804105,3.286275195005076,3.59197179011388,3.611796740355373,3.8544739950935174,5.753270257163114,,,,,,,,,1.5585074828280896,1.593442923837642,1.9057716023605538,1.973806543924478,2.572404358868192,2.888898047317721,3.5208852217848055,3.681101141834965,4.033554404430153,4.48737216599385,6.015366195238329,,,,2.357960115047864,3.286275195005076,2.1899690929141253,"rgba(239, 83, 80, 0.5)",1.5895921143771476,1.7173716496979488,-0.08641943329706013,35.51925156507075,-14.392124111178127,False,False,False,True,True,0.0,0.0,0.0,0.0,0.0,0,0.93500772685914,1.1054319097618395,False,False,False,False,-0.21515433723805708,-0.2551788728950867,False,False,False,False,-3301837,-2593381.5535969436,False,False,False,False,323896.87343438255,False,False,False,False
2024-05-17 00:00:00+00:00,1.62,1.7197,1.53,1.6,429935,,,,,,,1.7986245929762281,2.3356784767234284,2.498763064700291,2.686189931487813,3.252847009636467,3.5579415691484684,3.5776776480258694,3.8197494483003203,5.708123648003525,,,,,,,,,1.5778962541487864,1.5974362515400897,1.8898157031109206,1.9592487138210195,2.5467567792744594,2.8599835602152366,3.4869194122537697,3.647007593612334,3.9980846649704906,4.449615073876153,5.970883974825633,,,,2.3356784767234284,3.252847009636467,2.1750393327998276,"rgba(239, 83, 80, 0.5)",1.5945819497895095,1.715943200444006,-0.06016824689171403,36.17048795352061,-16.24022607423364,False,False,False,True,True,0.0,0.0,0.0,0.0,0.0,0,0.9333680978040443,1.0666753577843442,False,False,False,False,-0.23352161341173142,-0.24435024315340903,False,False,False,False,-2871902,-2614012.6977749476,False,False,False,False,331751.5494762801,False,False,False,False
2024-05-24 00:00:00+00:00,2.05,2.095,1.57,1.57,1183467,,,,,,,1.8157477692626314,2.3024961011870193,2.4563843128898037,2.6362653786630266,3.182180251843681,3.4828657392521576,3.502241092245186,3.7410923288865363,5.597029864142974,,,,,,,,,1.725722521116502,1.6803348989167204,1.891858569645561,1.9536838310690647,2.502327642252786,2.803482108671106,3.412638701384519,3.5710291027488017,3.9165996042410396,4.360510574664003,5.860608819969814,,,,2.3024961011870193,3.182180251843681,2.176830313367422,"rgba(239, 83, 80, 0.5)",1.594877224227708,1.7784159397353536,0.17028524587286406,40.020919587028956,-12.541407210674443,True,False,False,True,True,0.0,0.0,0.0,0.0,0.0,0,0.9390463524783198,1.0145457567949463,False,False,False,False,-0.08531165649097719,-0.1648309498221931,False,False,False,False,-1688435,-2545451.3868286554,False,False,False,False,394841.58284840756,False,False,False,False
2024-05-31 00:00:00+00:00,2.21,2.3,1.87,2.12,614747,,,,,,2.126666666666667,1.8397391660678328,2.2957299174535306,2.444597198854907,2.6198918218858855,3.1541962910245838,3.4516064537300113,3.470753660278054,3.707362460411963,5.54515891691457,,,,,,,,,1.8019499121120437,1.735150287843884,1.9071963120087492,1.9624349554410636,2.4892872652088633,2.783301787082827,3.3820192309395516,3.5390307551956313,3.8811204390235763,4.320604219305735,5.8087342256646854,,,,2.2957299174535306,3.1541962910245838,2.122264350354343,#000000,1.5887840072273953,1.875876508172607,0.210301394215615,43.7866435098732,-9.05766348563894,True,False,False,True,True,0.0,0.0,0.0,0.0,0.0,0,0.9820902102333785,1.0096437329512578,False,False,False,True,0.09056252063835506,-0.03713421459191902,False,False,False,True,-1073688,-2436431.8766931994,False,False,False,False,411130.8730077848,False,False,False,True
2024-06-07 00:00:00+00:00,1.99,2.22,1.98,2.21,415875,,,,,,2.101110497673573,1.8508318533496364,2.289833514475445,2.435594364366248,2.6080517813807815,3.134975922189776,3.4302918465009937,3.4492916833134744,3.684449712082568,5.510304859560945,,,,,,,,,1.8317368302958956,1.7603250618595163,1.9138038781099542,1.9657738056010032,2.4795139410749396,2.7690665476232246,3.3611150006137627,3.517240889391597,3.8570678847877202,4.29365028144107,5.7738612324784215,,,,2.289833514475445,3.134975922189776,2.123657552818699,"rgba(239, 83, 80, 0.5)",1.5816923454564713,1.8860010607946553,0.06575168647941511,45.044778180612106,-8.039781846848513,True,False,False,True,True,0.0,0.0,0.0,0.0,0.0,0,0.9908689910937543,1.0259882561177758,False,False,False,False,0.1010796424179395,0.03197271391301024,False,False,False,False,-1489563,-2366293.441382592,False,False,False,False,411482.28982202295,False,False,False,False
2024-06-14 00:00:00+00:00,1.93,2.07,1.82,1.96,373718,,,,,,2.0582363411519524,1.854637467831398,2.2820350476620064,2.4252966204335564,2.595520092983826,3.1163503589740813,3.4100101649621326,3.4288889008167978,3.6628721718203017,5.478474350561209,,,,,,,,,1.8417938105332265,1.7719119666380334,1.914763597510105,1.9650295085977771,2.468614605317035,2.7545930592422665,3.3411550157310166,3.496586531055222,3.834540884319376,4.268662579941004,5.742049313846778,,,,2.2820350476620064,3.1163503589740813,2.117783905865892,"rgba(239, 83, 80, 0.5)",1.5577968590461242,1.8816448965386525,0.031040699036302067,45.57465380085942,-7.674631276739952,True,False,False,True,True,0.0,0.0,0.0,0.0,0.0,0,0.9871769298720543,1.0242213546861199,False,False,False,False,-0.006947514205195563,0.012512599853907336,False,False,False,False,-1863281,-2329033.260539437,False,False,False,False,408684.93502039165,False,False,False,False
2024-06-21 00:00:00+00:00,1.96,2.0899,1.81,1.87,317620,,,,,,2.038880560136898,1.85809094915838,2.2759227205283863,2.4171060163710942,2.585442009782897,3.1011449773982327,3.393353991522497,3.4121285043834604,3.645087205671422,5.451964674075176,,,,,,,,,1.8499530268180342,1.781336915156629,1.9159272574041677,1.9647485249273093,2.4599161878311535,2.742878047838888,3.324783630117664,3.4795995082570785,3.8159389383219056,4.247958012091145,5.715517848413948,,,,2.2759227205283863,3.1011449773982327,2.114732416811495,"rgba(239, 83, 80, 0.5)",1.5225188796000704,1.8820653628174853,0.05118796109969177,46.16775589992488,-7.189311985892132,True,False,False,False,True,0.0,0.0,0.0,0.0,0.0,0,0.9910293787844807,1.0553337818643942,False,False,False,False,-0.003508469815764692,0.004502065019071322,False,False,False,False,-1545661,-2271005.6856846637,False,False,False,False,401939.38427814044,False,False,False,False
2024-06-28 00:00:00+00:00,1.85,2.01,1.69,1.8,231821,,,,,,2.016469409485164,1.8578893942189492,2.2702199981263886,2.410013175415616,2.5771139949979096,3.0893192751144167,3.380580687578936,3.3992846592313932,3.63155991045731,5.432302523449395,,,,,,,,1.85,1.8499554083059173,1.7838457553737834,1.9145055926377248,1.9627767123749689,2.4524934341618922,2.7334509350535465,3.3121946236992685,3.4666121305690294,3.8018523485993345,4.2324088003256914,5.695861450482052,,,,2.2702199981263886,3.0893192751144167,2.0368168880100406,"rgba(239, 83, 80, 0.5)",1.4749915345611109,1.8750676432912161,-0.016995109940529246,45.87462529802078,-7.189311985892132,True,False,False,True,True,0.0,0.0,0.0,0.0,0.0,0,0.9176288887254542,1.0632492461572407,False,False,False,False,-0.07307720238440094,-0.034287568682664804,False,False,False,False,-1777482,-2234448.375633948,False,False,False,False,389338.02247975965,False,False,False,False
2024-07-05 00:00:00+00:00,1.85,1.9,1.8,1.82,118393,,,,,,2.006958232915447,1.8577902835315196,2.2673660779461406,2.4064588086529057,2.5729331463899276,3.0833656101735807,3.3741384702370874,3.392806330724534,3.624729750156127,5.4223434707951155,,,,,,,,1.8500000000000003,1.8499565337497423,1.7850576118751897,1.913802931275484,1.9617956050979475,2.4487718357894424,2.7287128073231997,3.3058478591203313,3.4600588977224898,3.7947357954081053,4.224545216904229,5.685899675141084,,,,2.2673660779461406,3.0833656101735807,2.034795792083382,"rgba(239, 83, 80, 0.5)",1.4463552359183347,1.8729930946350948,-0.01589726649725555,45.66524629666071,-7.189311985892132,True,False,False,True,True,0.0,0.0,0.0,0.0,0.0,0,0.9445417658596476,1.0703708694545508,False,False,False,False,-0.07307720238440088,-0.05368238553353284,False,False,False,False,-1777482,-2200599.014475878,False,False,False,False,369268.02081459225,False,False,False,False
2024-07-12 00:00:00+00:00,1.79,1.85,1.71,1.85,292672,,,,,,1.9792825421472124,1.8555476651476068,2.259373916751696,2.3968330818076797,2.5618670483719668,3.068108111609879,3.3577568870498693,3.3763397127107213,3.607442085004185,5.397505292994277,,,,,,,,1.819650191998789,1.8460439294345499,1.784982911705879,1.9103817728267707,1.958038460857493,2.438763570525521,2.716342924444131,3.289684611852162,3.4434233708825746,3.7767686108970047,4.204787551515341,5.661069685593337,,,,2.259373916751696,3.068108111609879,2.0248898043203196,"rgba(239, 83, 80, 0.5)",1.4092752817741931,1.8574898938216076,-0.04788978753437142,45.104073116091755,-7.189311985892132,True,False,False,True,True,0.0,0.0,0.0,0.0,0.0,0,0.9174313355870943,1.119958248297995,False,False,False,False,-0.0660961186024709,-0.05988925206800187,False,False,False,False,-2070154,-2190936.420810998,False,False,False,False,363594.24149499286,False,False,False,False
2024-07-19 00:00:00+00:00,2.05,2.08,1.74,1.8,949645,,,,,,1.9728027981772567,1.8645502510839345,2.2439807990118483,2.375823625316586,2.5355429593829757,3.0273358668264425,3.3124555453708493,3.3307248929304403,3.5586415196460655,5.322951887339632,,,,,,,,1.901354730300384,1.8637497253457382,1.806142213432593,1.9140110504849173,1.9579507440610162,2.416331356679115,2.685403635294671,3.245295631251855,3.3970537130620366,3.725500398755562,4.147260499133687,5.586140667320308,,,,2.2439807990118483,3.0273358668264425,2.031669729389339,"rgba(239, 83, 80, 0.5)",1.3699572328433214,1.886012366813993,0.11970273907430927,46.77906600709047,-6.608406711167909,True,False,False,False,True,0.0,0.0,0.0,0.0,0.0,0,0.9528220289672741,1.0534683671704224,False,False,False,False,0.10438878030110214,0.022249764116550136,False,False,False,False,-1120509,-2111645.500750924,False,False,False,False,407005.4087916601,False,False,False,False
2024-07-26 00:00:00+00:00,2.16,2.28,1.96,2.08,721379,,,,,2.1333333333333337,2.001496328177072,1.8815764633373955,2.2398656337296745,2.367339116318785,2.522678511064725,3.003098672669517,3.284189298637893,3.302196102317946,3.527337286105031,5.271303799945066,,,,,,,,1.973675820004524,1.8929734308188404,1.8341519428824729,1.9263403594763224,1.966075003224644,2.4066700046895964,2.668836551372799,3.2178620539588927,3.3678069367872796,3.692146339998263,4.10885993944795,5.533890924532001,,,,2.2398656337296745,3.003098672669517,2.0216827431303064,#000000,1.307473986442994,2.0003697280834425,0.1220905911488416,48.74973242612935,-4.706398334690178,True,False,False,False,True,0.0,0.0,0.0,0.0,0.0,0,0.9831575079236269,0.9874140650120193,False,False,False,False,0.3428281386876642,0.18253895140210719,False,False,False,False,-399130,-1984792.5006953,False,False,False,False,430292.3414737593,False,False,False,False
2024-08-02 00:00:00+00:00,1.9,2.18,1.82,2.17,528550,,,,,2.06285599688729,1.9974631284296072,1.8853505787078608,2.232618417043433,2.3573241141444248,2.5099468476106526,2.982912000117674,3.261447327155913,3.2792817730807964,3.502620329728232,5.232556662018488,,,,,,,,1.972372481348316,1.898395923944745,1.8419731512518616,1.9279356417888498,1.9660944254508474,2.3959324990124204,2.6537298056991427,3.1956463708048286,3.3444439366777714,3.666062165395027,4.079344473342374,5.494772977333867,,,,2.232618417043433,2.982912000117674,2.0142383858997235,"rgba(239, 83, 80, 0.5)",1.2497256023147598,1.9827718826524894,-0.06623204525791757,48.274468412975324,-4.706398334690178,True,False,False,False,True,0.0,0.0,0.0,0.0,0.0,0,0.9777484386821141,0.9881325006304609,False,False,False,False,0.20925146371143297,0.1958952075567701,False,False,False,False,-927680,-1906487.8710141669,False,False,False,False,437570.68654977717,False,False,False,False
2024-08-09 00:00:00+00:00,1.78,1.96,1.75,1.87,416244,,,,,2.004683819347291,1.9834679016024102,1.8834824416077074,2.22437953150052,2.3471444064528217,2.49790269603184,2.9654950907243993,3.2422498799390356,3.2599603289881434,3.482015934224981,5.201425784465797,,,,,,,,1.9541868188498661,1.8946496504982635,1.8414413505314964,1.9249767551078238,1.962664836991417,2.3852614559622776,2.640005866287697,3.176814039652239,3.324815018820051,3.644461018874284,4.055199767984348,5.463395342258154,,,,2.22437953150052,2.9654950907243993,2.002107751248962,"rgba(239, 83, 80, 0.5)",1.184169275852815,1.9592470475744577,-0.15136944626887697,47.164963560228685,-4.706398334690178,True,False,False,False,True,0.0,0.0,0.0,0.0,0.0,0,0.9940397252313331,1.0074503434608335,False,False,False,False,0.05677962876944683,0.12633741816310845,False,False,False,False,-1343924,-1864816.4731612655,False,False,False,False,435990.9319905344,False,False,False,False
2024-08-16 00:00:00+00:00,1.77,1.87,1.5601,1.79,917767,,,,,1.9083170580199231,1.9445533733010243,1.8730850459642243,2.203181944828795,2.3220861673598074,2.4691654742905222,2.9257772874821426,3.198913535579776,3.216367739385301,3.4357766486832624,5.132848052781626,,,,,,,1.7333666666666667,1.9056622514318908,1.8772705884213083,1.831801430978059,1.9130098266025635,1.9505949686851594,2.359241061641467,2.6078807098885006,3.1342205600664985,3.280598653132051,3.596140238394986,4.001518530277861,5.394284284687694,,,,2.203181944828795,2.9257772874821426,1.9140843154899616,"rgba(239, 83, 80, 0.5)",1.159626271731542,1.8729748373548762,-0.08880002106291991,46.30797217178521,-4.706398334690178,True,False,False,False,False,0.0,0.0,0.0,0.0,0.0,1,0.964145867583321,1.0373636227768643,False,False,False,False,-0.08782987309209031,0.01925377253550907,False,False,False,False,-2261691,-1894214.586260431,False,False,False,False,471678.0481393837,False,False,False,False
2024-08-23 00:00:00+00:00,2.07,2.085,1.76,1.77,578305,,,,,1.919902306926461,1.9469743077222847,1.8772076003664027,2.1970508024443283,2.313297540293987,2.4576548975674233,2.9067831547910994,3.1770981108829464,3.1943671752983436,3.411781141725104,5.093944197841358,,,,,,,1.825481271779255,1.9136901129657142,1.8832724522111501,1.8392442174790034,1.9152308033290877,1.9512714484465714,2.349732212140671,2.5939860288688013,3.1129989285735506,3.258077292616551,3.5706646492280325,3.9723711863939632,5.354786093589048,,,,2.1970508024443283,2.9067831547910994,1.9269325323670259,"rgba(239, 83, 80, 0.5)",1.1380932885019743,1.9015119998484287,0.1480441031098119,47.93676433955497,-4.706398334690178,True,False,False,False,False,0.0,0.0,0.0,0.0,0.0,1,0.9850320950660262,0.9977966773895033,False,False,False,False,0.12700657643426394,0.07313017448488651,False,False,False,False,-1683386,-1878597.6539448437,False,False,False,False,479576.3408697998,False,False,False,False
2024-08-30 00:00:00+00:00,1.97,2.1299,1.92,2.04,344900,,,,,1.928431618092019,1.9499906512992875,1.8803570062193782,2.194090070789491,2.3087781057428387,2.451516050399025,2.8962211632012935,3.164819580473846,3.1819772139946485,3.3981795383489,5.071449307987414,,,,,,,1.8594195098567494,1.9199760253854035,1.8877793946249093,1.8443931874049158,1.9172492704654724,1.952311526022284,2.3447843247354894,2.5864340575714233,3.101083819031457,3.245365951811646,3.5561719183211604,3.9556797744856516,5.331899482823644,,,,2.194090070789491,2.8962211632012935,1.9333998260159908,"rgba(239, 83, 80, 0.5)",1.118509606010893,1.914454451158365,0.04966032347253174,48.39030797050925,-4.706398334690178,True,False,False,False,True,0.0,0.0,0.0,0.0,0.0,1,1.0235664943366767,0.9791731106299618,False,False,False,False,0.23628064478305474,0.15470540963397061,False,False,False,False,-2028286,-1889685.679578559,False,False,False,False,469600.315620185,False,False,False,False
2024-09-06 00:00:00+00:00,1.68,1.965,1.67,1.96,350545,,,,,1.9141865206639206,1.9412749508459608,1.8777337588705023,2.1875183172065205,2.3008516487872575,2.4422395096129526,2.8829681842673507,3.150122486372427,3.1671815023258723,3.382333366600608,5.047192418451649,,,,,,,1.8453829678559037,1.9104371270265923,1.8836221969084848,1.8421884000924904,1.9140534402570866,1.9489268535412174,2.336505369414659,2.5759239550518696,3.0866897580287875,3.2303075486433652,3.539522380468618,3.9369926984089867,5.307335522645935,,,,2.1875183172065205,2.8829681842673507,1.926532453326868,"rgba(239, 83, 80, 0.5)",1.0888111336152786,1.9028203915980944,-0.2046455851881709,46.88540962675292,-4.706398334690178,True,False,False,False,True,0.0,0.0,0.0,0.0,0.0,1,0.9948529196116961,1.0,False,False,False,False,0.018048780210000823,0.08637709492198573,False,False,False,False,-2378831,-1925918.6662764437,False,False,False,False,460781.40335202316,False,False,False,False
2024-09-13 00:00:00+00:00,1.76,1.869,1.5901,1.7023,343171,,,,,1.8999326061014636,1.9320705014127526,1.874547665257775,2.180800355717641,2.2928600746341288,2.432978719887489,2.8699285301870994,3.1357051013753705,3.1526697197215263,3.3668147912044724,5.0235603757040055,,,,,,,1.8310745678626588,1.9003235302565407,1.8787485493763383,1.839234377597221,1.910385372722316,1.9451582416556905,2.328183274271842,2.56549567417277,3.0725619741583245,3.2155444528306574,3.5232319689873703,3.9187403734016377,5.283399954967265,,,,2.180800355717641,2.8699285301870994,1.9192275767960396,"rgba(239, 83, 80, 0.5)",1.0580603407578355,1.8908503014083538,-0.12366998021552555,46.40844151570696,-4.706398334690178,True,False,False,False,True,0.0,0.0,0.0,0.0,0.0,1,0.9818678048284772,1.0066779902152925,False,False,False,False,-0.07277983362851244,0.006798630646736643,False,False,False,False,-2035660,-1934047.65395967,False,False,False,False,452069.5216222437,False,False,False,False
2024-09-20 00:00:00+00:00,1.61,1.81,1.58,1.81,554435,,,,,1.8727353924831038,1.9138359216007397,1.8670741121060515,2.1686342554694704,2.2787762272222256,2.416998934163734,2.8481570379302803,3.1118381626704275,3.1286573545691834,3.341254882456944,4.985251850388635,,,,,,,1.8015666801224812,1.8799153585838642,1.8677474289548037,1.8315559621700064,1.9023737677631765,1.9372831028381345,2.313608388067117,2.5477438042922156,3.049135594050591,3.1911507861706045,3.4964743229153914,3.888916555970026,5.244617289554742,,,,2.1686342554694704,2.8481570379302803,1.904272198209183,"rgba(239, 83, 80, 0.5)",1.0246539429010189,1.8670133381975471,-0.2508294043839681,45.17850666738893,-1.2352631932913951,True,False,False,True,False,0.0,0.0,0.0,0.0,0.0,1,1.0110647212427895,1.0036882404142633,False,False,False,False,-0.10870748038724738,-0.050954424870255366,False,False,False,False,-2590095,-1982643.7536663613,False,False,False,False,459652.14965022565,False,False,False,False
2024-09-27 00:00:00+00:00,1.87,2.12,1.55,1.59,896889,,,,,1.8685988057597784,1.9071173376027715,1.8659525094853764,2.156763964373215,2.263606618096798,2.3983877944467076,2.819677446401538,3.0794389482942575,3.095999954379749,3.3057697386668248,4.928361895521196,,,,,,1.8466666666666665,1.8117145878135839,1.8757992019194865,1.8661154524547352,1.8325705717127139,1.899561036934328,1.9333192656394262,2.297538759622134,2.526038657699412,3.017573726842702,3.1577483799829666,3.458886261322524,3.8460841783465076,5.186680097580063,,1.8466666666666665,,2.156763964373215,2.819677446401538,1.8707415435988868,"rgba(239, 83, 80, 0.5)",0.9959532217025661,1.8506948155398788,0.01938362569591311,46.17488986549343,-1.2352631932913951,True,False,False,False,False,0.0,1.0,2.12,1.55,169.0,1,1.0063040219660142,0.9418629085356457,False,False,True,False,0.03610937880285719,-0.007422523033699089,False,False,False,False,-1693206,-1961203.9200614458,False,False,False,False,492040.0644909496,False,False,False,False
2024-10-04 00:00:00+00:00,2.0,2.12,1.91,1.98,731748,,,,,1.8848066890635182,1.9148798547337866,1.8721345065895814,2.152478274818959,2.2565450737485313,2.3883156446985367,2.8013179468068112,3.057552083645529,3.073888580333383,3.2811465949105196,4.885832606840815,,,,,,1.9200524733258546,1.8424696397442852,1.888110567656713,1.8746634712656738,1.841785671909869,1.903930528116073,1.9359616054642765,2.2896857462743276,2.5133250641632965,2.996449228249172,3.1349461842404103,3.432445431772433,3.8151947263131984,5.143095122114298,,1.9200524733258546,,2.152478274818959,2.8013179468068112,1.887879500786963,"rgba(239, 83, 80, 0.5)",0.9658627614075274,1.8838598424475927,0.12024498944669855,47.726183385744164,-1.2352631932913951,True,False,False,False,True,0.0,0.0,0.0,0.0,0.0,1,1.050706416792854,0.9340121973243684,False,False,False,False,0.22546290686265705,0.10902019191447898,False,False,False,False,-961458,-1887148.6667235608,False,False,False,False,509796.2078619904,False,False,False,False
2024-10-11 00:00:00+00:00,2.09,2.14,1.88,2.0,476704,,,,,1.895358516650859,1.9205855579343412,1.876609430607202,2.150316271012313,2.2526276402127983,2.3824734323445287,2.7901870273168257,3.0441201111617295,3.060311003642734,3.2659289489622036,4.859037817370804,,,,,,1.9464569619204997,1.8602914014355794,1.8964881707781036,1.8806997736387068,1.8481636065645424,1.907265813038443,1.9381726600448421,2.285262700957937,2.50579557464768,2.9835168589280263,3.120913351909609,3.416046636300649,3.7959136320248725,5.115575189789005,,1.9464569619204997,,2.150316271012313,2.7901870273168257,1.897009189261312,#000000,0.936502901588983,1.8996487626962604,0.20325749870157026,49.39745936203267,-4.27944978742255,True,False,False,False,True,0.0,0.0,0.0,0.0,0.0,1,1.0445309181590234,0.9294356219941632,False,False,False,False,0.2200465351234009,0.16453336351893993,False,False,False,False,-484754,-1783267.5802995933,False,False,False,False,507344.93320554664,False,False,False,False
2024-10-18 00:00:00+00:00,2.01,2.13,1.91,2.09,547997,,,,,1.9043313586463217,1.9254957085986288,1.8808556198687785,2.147508381755706,2.247891944925806,2.3756180296512857,2.7774560584889896,3.0288115330360963,3.0448390238601366,3.248611645168185,4.828637868125397,,,,,,1.9609574543461856,1.8752141281586412,1.9038047187151148,1.8862844147412527,1.8542731485404158,1.9103371466952301,1.9401050234163288,2.279971475189715,2.4970719801198116,2.9687693583603822,3.1049289854146394,3.3973985571807064,3.77401294754003,5.08433427863166,,1.9609574543461856,,2.147508381755706,2.7774560584889896,1.90416587217269,"rgba(239, 83, 80, 0.5)",0.915329286487984,1.9110769149665658,0.10807376808950443,50.01959987659219,-3.678389743304919,True,False,False,False,True,0.0,0.0,0.0,0.0,0.0,1,1.0662722216908298,0.9186969651421779,False,False,False,False,0.22555180302507163,0.1950425832720058,False,False,False,False,-1032751,-1727673.7595366605,False,False,False,False,510356.19741254323,False,False,False,False
2024-10-25 00:00:00+00:00,2.07,2.14,1.7801,2.08,736305,,,,,1.912681512339544,1.93007081187866,1.8853898958874111,2.1433681219220353,2.2412960670004924,2.3663111129613803,2.7605638957339105,3.008554751400228,3.024368637487641,3.2257206126020654,4.788518068588939,,,,,,1.9687215212634486,1.8890208708108918,1.9108290546141182,1.8920592866423698,1.8608894304260026,1.9134764417587478,1.9419171013647885,2.272666927916495,2.485361891519754,2.949247311191766,3.0837856902793495,3.3727599934726626,3.7450967610698256,5.043069728458365,,1.9687215212634486,,2.1433681219220353,2.7605638957339105,1.9105055926985979,#000000,0.9017590067785322,1.9203132397570006,0.16599419481014574,50.86707407199343,-2.835620440335859,True,False,False,False,True,0.0,0.0,0.0,0.0,0.0,1,1.0463956333521551,0.9253851738323788,False,False,False,False,0.13157087701035183,0.1633067301411788,False,False,False,False,-296446,-1621656.8884598708,False,False,False,False,527093.1457523549,False,False,False,False
2024-11-01 00:00:00+00:00,2.31,2.84,2.1,2.1,2309767,,,,2.416666666666667,2.0240273768674126,2.0116967082708848,1.9434887866062691,2.165038743726178,2.254642270280294,2.3699134356085563,2.7387069008502793,2.974226944097995,2.9892866589495384,3.1818314686019478,4.687595347522447,,,,,,2.1502576652963494,2.0276946229554653,2.0078112110768638,1.965999151647629,1.9315786369408205,1.964981662165443,1.9852489655877168,2.2834434999237025,2.4806636320015056,2.91768340375405,3.0461141734304222,3.322761733053167,3.6805895718236368,4.937391126427724,,2.1502576652963494,,2.165038743726178,2.7387069008502793,2.0444202488493803,#000000,0.8836618885825231,2.1546615829464737,0.17578942699758593,52.96343573177968,-0.7996511403324007,True,False,False,False,True,0.0,0.0,0.0,0.0,0.0,1,1.0653944844423409,0.8461672604070651,False,False,False,False,0.34282816677917494,0.25306744846017687,False,False,False,False,2013321,-1352399.2670924729,False,False,False,False,659143.06088181,False,False,False,False
2024-11-08 00:00:00+00:00,2.39,2.659,2.2008,2.32,774403,,,,2.4166499273602517,2.0511007107420545,2.0332565919190118,1.9602216736327134,2.1715532550922325,2.2586718463701803,2.371006970237015,2.731986370452794,2.963590772848154,2.978412794530148,3.168162257612794,4.655653154267447,,,,,,2.1821177611967886,2.0591880357211076,2.032501286957051,1.9863312819641505,1.9514156509968823,1.9799659300551695,1.9980569785248086,2.286702750424761,2.479227564577064,2.9079207179048683,3.0344173287732286,3.3071478570988004,3.660340824653886,4.903837322375873,,2.1821177611967886,,2.1715532550922325,2.731986370452794,2.065274885054518,#000000,0.8687041037198556,2.1772641087550504,0.24488878357313937,54.91618539439618,1.0588678570277992,True,False,True,False,True,0.0,0.0,0.0,0.0,0.0,1,1.0722497089639116,0.8831005044625534,False,False,False,False,0.3080749268009448,0.2805711876305608,False,False,False,False,2787724,-1045723.4695300675,False,False,False,False,667680.8341498241,False,False,False,False
2024-11-15 00:00:00+00:00,1.95,2.4176,1.92,2.37,938865,,,,2.3417879945033206,2.054554793501367,2.03705330050695,1.9657988405384175,2.169249333451481,2.2539047326797546,2.3634094819439477,2.7162925193006497,2.9439783724607165,2.95855384314757,3.1454324165753955,4.612734604431965,,,,,,2.1711934860743534,2.0624671192652255,2.0368246411668762,1.9920126174607335,1.958239893977506,1.9844477957328583,2.001455653959009,2.2812028883660873,2.4690846684043413,2.8891819412674837,3.0137405749653747,3.2823618198703834,3.630534718655803,4.859242849445973,,2.1711934860743534,,2.169249333451481,2.7162925193006497,2.060438048272761,"rgba(239, 83, 80, 0.5)",0.8409143082822238,2.1575008483360665,-0.24675623460366433,53.17631131417447,1.0588678570277992,True,False,False,False,True,0.0,0.0,0.0,0.0,0.0,1,1.0368235857989552,0.9096477794793263,False,False,False,False,0.07362689546281771,0.17709904154668926,False,False,False,False,1848859,-831309.9532685811,False,False,False,False,687768.550138726,False,False,False,False
2024-11-22 00:00:00+00:00,2.025,2.13,1.8701,1.92,491766,,,,2.3054707187906325,2.052760621553049,2.0361701837436397,1.9666962549005895,2.166724437399199,2.2501957805700585,2.35834755921281,2.7072610670174155,2.9330315318757894,2.947485193104584,3.1329462983941316,4.590061988331374,,,,,,2.1610634005588083,2.060047089153745,2.0358427159503214,1.9924451664824843,1.9594503335824043,1.9849226496425556,2.0015791893960935,2.277145544764828,2.4627871790358236,2.878662837972629,3.002271594059908,3.2688518241887783,3.6145068547427845,4.835723546280428,,2.1610634005588083,,2.166724437399199,2.7072610670174155,2.0554869134358227,"rgba(239, 83, 80, 0.5)",0.8016485435571401,2.1448354575140587,-0.14948627859075891,52.40757896176367,1.0588678570277992,True,False,False,False,False,0.0,0.0,0.0,0.0,0.0,1,1.0271558172079331,0.9867297206002993,False,False,False,False,-0.07033125256802006,0.0533838944893346,False,False,False,False,2340625,-596351.8085820195,False,False,False,False,673249.8427210426,False,False,False,False
2024-11-29 00:00:00+00:00,2.1,2.25,2.0,2.03,511440,,,,2.286259156030653,2.0552421082317607,2.0386674506869236,1.9699138702263017,2.165920521413537,2.248130519571284,2.3548163697508753,2.6995276576169998,2.9232171959296926,2.9375403481684024,3.121471115795877,4.567869057560891,,,,,,2.158365375540664,2.062564038228457,2.0386425947446414,1.9957706754767852,1.9633018807950304,1.9875877336430638,2.0036796502770646,2.2747013912626795,2.4579357971804137,2.86931476606912,2.9918879148017052,3.2562833537851184,3.599271887663752,4.812592766693504,,2.158365375540664,,2.165920521413537,2.6995276576169998,2.0556314883604285,"rgba(239, 83, 80, 0.5)",0.777951821153426,2.140607669507884,-0.05219818040618135,52.33341432271401,1.0588678570277992,True,False,False,False,False,0.0,0.0,0.0,0.0,0.0,1,1.0067824199674447,0.99691708183298,False,False,False,False,0.03620931769753741,0.044796606093436005,False,False,False,False,2852065,-340913.52646483295,False,False,False,False,661263.9284454099,False,False,False,False
2024-12-06 00:00:00+00:00,2.13,2.28,1.95,2.06,731888,,,,2.265126756741064,2.058651105719975,2.0421247535979608,1.9743846735111712,2.164888882097653,2.2453559609677916,2.35000720040069,2.6888680033472596,2.909632449485049,2.92377222403824,3.105546338508041,4.5368364463753466,,,,,,2.1552958676896043,2.0659992798636146,2.0424852670167835,2.000354293420702,1.9686093390084825,1.9913130607063352,2.006640353957477,2.2714015663158706,2.4512907605298,2.8563869468085357,2.9775000831881555,3.238818311107881,3.578049307276346,4.780208240519966,,2.1552958676896043,,2.164888882097653,2.6888680033472596,2.056434439727569,#000000,0.7434743553862584,2.1362682525035646,-0.008431027187626545,52.474357797824965,1.0588678570277992,True,False,False,False,False,0.0,0.0,0.0,0.0,0.0,1,0.9871938725729341,0.9835349790223437,False,False,False,False,0.027684443750180452,0.03624052492180823,False,False,False,False,3583953,-50182.67265262309,False,False,False,False,666495.3411531573,False,False,False,False
2024-12-13 00:00:00+00:00,1.94,2.25,1.92,2.13,571703,,,,2.2444925094378494,2.0577827970082105,2.0419493441474237,1.9758009357915374,2.1626775449714817,2.2418847360291774,2.3450732901842524,2.6796299394347396,2.8982498463076767,2.91225385941629,3.09243254306635,4.512320654428026,,,,,,2.148318055604855,2.064690038761463,2.042278230933441,2.0013715369001592,1.97036355299065,1.992288348684083,2.0072257059046756,2.2675545531293646,2.4450185078635487,2.845486640725526,2.9655268652684224,3.224556164575766,3.5609669983309655,4.754672811940991,,2.148318055604855,,2.1626775449714817,2.6796299394347396,2.0539335350259673,"rgba(239, 83, 80, 0.5)",0.7128900891997125,2.1288208502030947,-0.2648667067528801,51.24989784375417,1.0588678570277992,True,False,False,False,False,0.0,0.0,0.0,0.0,0.0,1,1.0030196154217799,0.9691999226978453,False,False,False,False,0.0021289926193359884,0.01918475877057211,False,False,False,False,3012250,176664.19198831194,False,False,False,False,659473.6862529233,False,False,False,False
2024-12-20 00:00:00+00:00,1.7,1.92,1.6405,1.92,1000926,,,,2.1774534435593154,2.038102613112245,2.026584066895269,1.967289571057897,2.150684875000405,2.2280646894393894,2.32920229629012,2.657218792106889,2.8727002712911243,2.8864979930919996,3.0642772544679366,4.4657578742023,,,,,,2.1114552874001635,2.0421347210881415,2.0253435122517307,1.9897828563186346,1.960999657460704,1.983624412582722,1.998851655767724,2.253216146494419,2.427176172594496,2.8206423351538956,2.939110581640211,3.19462262493485,3.5265643321477986,4.706551863383015,,2.1114552874001635,,2.150684875000405,2.657218792106889,2.0322770141726823,"rgba(239, 83, 80, 1.0)",0.6736905416775867,2.092286516289966,-0.5822948253260555,48.91306656205653,2.8541819665016845,True,False,False,False,False,0.0,0.0,0.0,0.0,0.0,1,0.9681279221092206,1.009025401262833,False,False,False,False,-0.2633219271354279,-0.1220685841824279,False,False,False,False,2011324,312564.91850769625,False,False,False,False,684766.4502341882,False,False,False,False
2024-12-27 00:00:00+00:00,1.69,1.77,1.65,1.74,413018,,,,2.1521660205133344,2.029400478396145,2.01963166678696,1.9631842309634164,2.145339241580922,2.2220083561296824,2.3223495507876932,2.647788169405995,2.862029162704335,2.8757449327227045,3.0525699633468455,4.446652358747706,,,,,,2.096315130254836,2.032296038835158,2.0177355877321332,1.9843613011105834,1.9564891550543966,1.9794898983698352,1.994881131435475,2.246959251799976,2.4195508219719577,2.81025051376045,2.928095738212815,3.182205346489685,3.512356336254716,4.686812497638439,,2.096315130254836,,2.145339241580922,2.647788169405995,2.02310695080168,"rgba(239, 83, 80, 1.0)",0.6205438402381827,2.077544416999868,-0.624523831952175,47.185831763760085,1.1853842449242435,True,False,False,False,False,0.0,0.0,0.0,0.0,0.0,1,0.9833308638316787,1.0179038869956043,False,False,False,False,-0.32855947535395036,-0.22531402976818912,False,False,False,False,1598306,407804.99861823727,True,False,False,False,664636.9354020262,True,False,False,False
2025-01-03 00:00:00+00:00,1.81,1.843,1.59,1.66,333467,,,,2.135466363708508,2.023609091701309,2.014989558445631,1.9605114455307993,2.1415391872972793,2.217628905860018,2.3173137223257254,2.6406600288381448,2.8538787237420413,2.8675275248598417,3.043569342700682,4.431664678863545,,,,,1.747666666666667,2.086176130250183,2.025775398263356,2.0126802678456475,1.9807987451094882,1.9535788852187708,1.976761458961866,1.9922281428626065,2.2424140197287756,2.4138843133929857,2.802330674190488,2.919661464322358,3.1726256715267933,3.501322680784617,4.6712974658200395,,2.086176130250183,,2.1415391872972793,2.6406600288381448,1.9941252552740358,"rgba(239, 83, 80, 1.0)",0.5533371567217421,1.9987711397221783,-0.3411503048892595,46.88579697616216,0.8840054891178752,True,False,False,False,False,0.0,0.0,0.0,0.0,0.0,1,0.9630383673865096,0.9953949441334011,False,False,False,False,-0.3224165315336841,-0.2738652806509366,False,False,False,False,1931773,520691.51723910857,False,False,False,False,640105.8290759501,False,False,False,False
2025-01-10 00:00:00+00:00,1.77,1.91,1.715,1.86,433789,,,,2.118283418078246,2.017741997795665,2.0102834536376784,1.9579366134555083,2.137325335245846,2.2126528033542994,2.311464518606847,2.632071271053942,2.843930521829799,2.85749103357686,3.032495659701532,4.41277871854381,,,,,1.7763124415666567,2.0756840330345407,2.0191934639434987,2.0075849815380282,1.9772947905402063,1.95081450432676,1.974070868726197,1.9895586269730599,2.2372167436942987,2.4072043797810094,2.7926897003142193,2.909335081575631,3.1607901626974333,3.4875831899486935,4.651703814634927,,2.0756840330345407,,2.137325335245846,2.632071271053942,1.9911129697916787,"rgba(239, 83, 80, 1.0)",0.5035265454589998,1.9973683391557353,-0.4515518421148444,46.40759541118823,0.36845458855393787,True,False,False,False,False,0.0,0.0,0.0,0.0,0.0,1,0.9891655029614292,0.9813405884335725,False,False,False,False,-0.23412136179981058,-0.2539933212253736,False,False,False,False,1497984,593083.5529991746,False,False,False,False,624823.10099625,False,False,False,False
2025-01-17 00:00:00+00:00,1.73,1.7597,1.64,1.73,311096,,,,2.103882533412951,2.012097627195476,2.005675913581196,1.9551442534967405,2.133594608622155,2.2084099428015684,2.3066411805529374,2.625376849622542,2.836317049299424,2.8498171623802744,3.0241141462613848,4.398947896481241,,,,,1.7571529788665174,2.0663656508325725,2.012904945151135,2.0025951855835813,1.9736622831984676,1.947776791735097,1.971244598592266,1.986824344645317,2.2328276846366824,2.401819456082383,2.785283971672263,2.901465541917422,3.151884132119269,3.47735677522977,4.637385371669969,,2.0663656508325725,,2.133594608622155,2.625376849622542,1.9837258163053737,"rgba(239, 83, 80, 1.0)",0.47460248895514046,1.985076527065794,-0.537452990664581,45.79476129889925,-0.30134916792668065,True,False,False,True,False,0.0,0.0,0.0,0.0,0.0,1,0.9746443039225373,1.0265537002272502,False,False,False,False,-0.3382002177266393,-0.29609676947600644,False,False,False,False,1186888,637069.0675918283,False,False,False,False,601584.0564780093,False,False,False,False
2025-01-24 00:00:00+00:00,1.79,1.82,1.69,1.76,198173,,,,2.0964740134577178,2.009264122406677,2.0033631302986032,1.9538022242483575,2.1315657304427136,2.2060478564253176,2.303897230148286,2.6214241444115998,2.831761963461882,2.84522285349607,3.0190583961467192,4.390395448693378,,,,,1.7586299229548972,2.0615797914613205,2.0097565118704668,2.0001026366352375,1.97188636620475,1.9463336728113816,1.969859796149894,1.985461637520836,2.2303690767353728,2.398710216261517,2.780865249107043,2.8967424087496005,3.1464887427529944,3.4711107769947556,4.628512211217651,,2.0615797914613205,,2.1315657304427136,2.6214241444115998,1.9811192392349408,"rgba(239, 83, 80, 1.0)",0.4440812664040923,1.9816100599361004,-0.43147521508314324,45.87692204505637,-0.3193109137541654,True,False,False,True,False,0.0,0.0,0.0,0.0,0.0,1,0.9525345272423736,1.0448601204026913,False,False,False,False,-0.28649239930154996,-0.2912945843887782,False,False,False,False,1385061,692475.877399841,False,False,False,False,571701.7559981567,False,False,False,False
2025-01-31 00:00:00+00:00,1.7543,1.93,1.7,1.75,214941,,,,2.0894520773972856,2.0066114286496783,2.001196585572042,1.9525834305969547,2.1295579137406784,2.203676329924901,2.301106487047895,2.6173175165446065,2.8269943067214776,2.840412347982593,3.013742632415986,4.381280635882743,,,,,1.7638377304611705,2.057037248708932,2.0068158151164655,1.9977763946767337,1.9702533873769357,1.9450349943862602,1.9685836628006423,1.9841899604065383,2.227891420181316,2.3955205344041857,2.7762473734698103,2.8917901650810123,3.140802358674982,3.464498485094894,4.619043959152975,,2.057037248708932,,2.1295579137406784,2.6173175165446065,1.979059909294246,"rgba(239, 83, 80, 1.0)",0.41502663894951203,1.9792857179209633,-0.5420994625560236,45.66717162403951,-0.6536807515659575,True,False,False,True,False,0.0,0.0,0.0,0.0,0.0,1,0.9710292151013271,1.0186066248328363,False,False,False,False,-0.23187464122985926,-0.2615846128093187,False,False,False,False,1170120,727856.9235183712,False,False,False,False,545275.0333316266,False,False,False,False
2025-02-07 00:00:00+00:00,2.15,2.28,1.72,1.72,2936466,,,2.0500000000000003,2.0799341293897835,2.0128825945836435,2.0072610233977457,1.9618161707441257,2.123566376486433,2.192454324264595,2.2836123621329447,2.5812618061053847,2.781074948762415,2.793873303942259,2.959776513427604,4.2745584514487724,,,,,1.9536115966776366,2.055709302210757,2.013615046634561,2.0047758741382267,1.979174318037102,1.9560344530309706,1.9759562677973725,1.9896849748791878,2.2150648334742358,2.3722678191811553,2.732577722579261,2.8430976354006225,3.081519138580047,3.3921711513278017,4.506893512852991,,2.055709302210757,2.0500000000000003,2.123566376486433,2.5812618061053847,2.011299833810043,#000000,0.3822613040202236,2.0348137570695446,0.3013285459947088,48.57253474230589,-0.6536807515659575,True,False,False,False,True,0.0,-1.0,2.28,1.72,0.0,1,0.9833513806172172,0.9476669783924794,False,False,False,False,-0.07037404430829854,-0.16597932855880862,False,False,False,False,4106586,978133.1514058993,False,False,False,False,722400.2901218764,False,False,False,False
2025-02-14 00:00:00+00:00,1.81,2.2498,1.8,2.2,963718,,,2.0260976265393293,2.0706408096420574,2.0101827845559352,2.0051453235343204,1.9615582649909402,2.1194587568448275,2.186856208287196,2.2762280527341043,2.5684307087532274,2.765324607003403,2.7779376658511263,2.9416132297484205,4.240199605106406,,,,,1.9535499429611838,2.0497349966365244,2.0106499069007446,2.002605604557756,1.9782568471226367,1.955942429398475,1.9753014167460912,1.9887136141875672,2.209012951815369,2.363213570577236,2.71749624197471,2.826519956827666,3.061747668359352,3.3684230228693393,4.470824527517483,,2.0497349966365244,2.0260976265393293,2.1194587568448275,2.5684307087532274,2.0062806271848963,"rgba(239, 83, 80, 1.0)",0.35385589988662725,2.025005843944774,-0.6076084756921107,48.220549513703304,-0.6536807515659575,True,False,False,False,True,0.0,0.0,0.0,0.0,0.0,1,1.0162821924105143,0.9413187850048992,False,False,False,False,-0.04909233995413652,-0.10753583425647256,False,False,False,False,3142868,1138483.8809313884,False,False,False,False,740275.6760387744,False,False,False,False
2025-02-21 00:00:00+00:00,1.76,1.91,1.72,1.8,451148,,,2.002310124531982,2.06154338105888,2.005750172360295,2.001390044684707,1.9592621290655479,2.1158546971418875,2.1826274258353333,2.2712617461084696,2.561118864750844,2.7567729828125973,2.7693059425181104,2.932021936186739,4.223384592286865,,,,,1.9414362987219482,2.0430096307361447,2.0058387195067047,1.9986222069980661,1.9752955297075614,1.953501371703393,1.9729200721214946,1.9863452519640594,2.2045984627119815,2.3575398112605686,2.7092289226918895,2.8176158697484044,3.0514539602473776,3.3563724092948517,4.4532586273715005,,2.0430096307361447,2.002310124531982,2.1158546971418875,2.561118864750844,1.9988697480009683,"rgba(255, 0, 0, 1.0)",0.3278418373499741,2.012074858762239,-0.7688916728866019,47.652467168688794,-0.6536807515659575,True,False,False,False,True,0.0,0.0,0.0,0.0,0.0,1,0.9821316575869744,1.008571393435567,False,False,False,False,-0.23187464122985926,-0.16970523774316593,False,False,False,False,2691720,1253538.4082698042,False,False,False,False,718858.8111470133,False,False,False,False
2025-02-28 00:00:00+00:00,1.7,1.796,1.65,1.76,438610,,,1.9760319586611557,2.050716343849749,2.000004614260973,1.9964667865115273,1.9560039005514003,2.111553736965864,2.177755087163439,2.265720377778779,2.5533995243842753,2.7479104035230746,2.76036879210444,2.922192961466513,4.206716762022479,,,,,1.925648274500452,2.0347567723641466,1.9996243770297912,1.9933932736946527,1.9712382888617508,1.950004754842577,1.9696243782627216,1.9831344567734286,2.1995585242406825,2.351347379379107,2.7006286668805353,2.808427654335547,3.0409673135630975,3.344230774419515,4.435884628850041,,2.0347567723641466,1.9760319586611557,2.111553736965864,2.5533995243842753,1.9897885444576775,"rgba(255, 0, 0, 1.0)",0.3079354911558635,1.9967883373438757,-0.9638003603607175,46.86070465772218,-0.6536807515659575,True,False,False,False,True,0.0,0.0,0.0,0.0,0.0,1,0.9534817422345622,1.0283348620441757,False,False,False,False,-0.31629702200977877,-0.24300112987647235,False,False,False,False,2253110,1327580.7483979668,False,False,False,False,698099.6399509383,False,False,False,False
2025-03-07 00:00:00+00:00,1.755,1.876,1.6,1.69,556428,,,1.951848343480405,2.0389994611226796,1.993728536051657,1.9910651184413697,1.9524657404313515,2.1066093974567095,2.1720881439763944,2.2592012958787713,2.5441313844955977,2.7371845426793113,2.749548298631576,2.910237391136839,4.18612468210574,,,,1.7436666666666665,1.9108395452352667,2.0257440080728917,1.992861818596038,1.98767945289766,1.9668199968994864,1.9462319867603162,1.9660153656355757,1.9795885856088216,2.19367774839475,2.34400372622576,2.690237740171671,2.797285930466628,3.0281776466163013,3.329347296956407,4.414384717219753,,2.0257440080728917,1.951848343480405,2.1066093974567095,2.5441313844955977,1.9603252947464118,"rgba(255, 0, 0, 1.0)",0.2925223254002107,1.9113385041262543,-0.5344498198978893,46.73451483313886,-0.6536807515659575,True,False,False,False,True,0.0,0.0,0.0,0.0,0.0,1,0.9788284144309904,0.998595191327482,False,False,False,False,-0.30226130443692467,-0.2726312171566985,False,False,False,False,2809538,1437355.359627747,False,False,False,False,687605.4443990169,False,False,False,False
2025-03-14 00:00:00+00:00,1.8502,1.8651,1.6701,1.7,318887,,,1.943027140939943,2.0337804588669592,1.9909805115441934,1.988694850328821,1.9509775114780643,2.104228646221547,2.169288836309395,2.2559038040547548,2.5392502604984917,2.731453347854904,2.7437623101965545,2.9037918902282898,4.1747233147056395,,,,1.7624165463480763,1.9056839444393754,2.021723331457277,1.9899125570812026,1.9851873459212488,1.9649307220147612,1.9446650842923596,1.9644653780306058,1.978036467266494,2.19075306691257,2.340228552722382,2.684702111382572,2.791311929266905,3.021250118814837,3.321214558075417,4.402451752164569,,2.021723331457277,1.943027140939943,2.104228646221547,2.5392502604984917,1.9586337408941854,"rgba(255, 0, 0, 1.0)",0.2764708200230419,1.9112270226485886,-0.2207358543064412,47.39748544221783,-0.6536807515659575,True,False,False,False,True,0.0,0.0,0.0,0.0,0.0,1,0.9974497167049837,0.987889295091647,False,False,False,False,-0.2748941112181291,-0.2737626641874138,False,False,False,False,3128425,1562619.777433099,False,False,False,False,660292.9670361268,False,False,False,False
2025-03-21 00:00:00+00:00,1.85,1.99,1.8113,1.86,431522,,1.8837666666666664,1.9388327625018607,2.029558298485242,1.9890098504036862,1.98700480301969,1.9501280704111303,2.101971705037444,2.166448139936236,2.2523596278568574,2.5335202690239775,2.724531669510588,2.7367646243843247,2.8958753656850593,4.160035115906359,,,,1.8024867667505584,1.9044375709315307,2.0185435213771594,1.987812482153899,1.9834415883247623,1.9637398391617975,1.943822329056852,1.9634868656477644,1.9769751254895327,2.187734535818142,2.3360192102951567,2.6780549298953975,2.7840495890829096,3.012667466869887,3.3109767980700138,4.387019050796903,,2.0185435213771594,1.9388327625018607,2.101971705037444,2.5335202690239775,1.9524894310615057,"rgba(255, 0, 0, 1.0)",0.2560473754373536,1.882380941712654,-0.12646464997871648,47.86948407488008,-0.6536807515659575,True,False,False,False,True,0.0,0.0,0.0,0.0,0.0,1,1.0165642465164504,0.964557570239992,False,False,False,False,-0.15925201465650907,-0.21650733942196143,False,False,False,False,2696903,1646640.756882499,False,False,False,False,643346.9694778952,False,False,False,False
2025-03-28 00:00:00+00:00,1.7,1.9,1.7,1.85,255131,,1.8402572957034582,1.9319175341380255,2.025255279889061,1.986619557917027,1.9849263485567237,1.9487673597507964,2.0999544250018287,2.164110267664385,2.2496400856034082,2.529577275235345,2.7199296434972475,2.7321200088788045,2.890717501608802,4.150996990099171,,,,1.7966359311671771,1.8999561297031617,2.0151571964566894,1.9852555455673007,1.9812577056773706,1.962044947756259,1.9423846171498664,1.9620859005307607,1.9755844736370092,2.185300811093818,2.3329318318218815,2.6736047460871237,2.7792588430224643,3.0071336864169433,3.3045011577138625,4.377560652267418,,2.0151571964566894,1.9319175341380255,2.0999544250018287,2.529577275235345,1.9447238524775994,"rgba(255, 26, 202, 1.0)",0.23746231355785438,1.8671917226779555,-0.7040768708640651,47.06164920511692,-0.6536807515659575,True,False,False,False,True,0.0,0.0,0.0,0.0,0.0,1,1.0065927360517868,1.0158782797866979,False,False,False,False,-0.24920783732174245,-0.23285758837185194,False,False,False,False,2441772,1705539.3674837954,False,False,False,False,614590.2309980511,False,False,False,False
2025-04-04 00:00:00+00:00,1.44,1.72,1.38,1.7,845067,,1.6598897010332612,1.882767495889825,1.9989284433486025,1.9703459688409317,1.9706379250004191,1.9383266250247049,2.08849290092121,2.151744348612371,2.2362328316373077,2.5125594014678923,2.7010289461860446,2.7130936112846857,2.870189000411763,4.118412001396938,,,,1.697173448717336,1.862351904566407,1.9937629002731088,1.9678487912035787,1.9661475740451737,1.9496166712153926,1.9311532183548683,1.9517494349513447,1.9656771076445498,2.1726778951109376,2.3184705620979993,2.6551378382651327,2.759817186051927,2.9854775060726157,3.2799641324904236,4.34372054932529,,1.9937629002731088,1.882767495889825,2.08849290092121,2.5125594014678923,1.8969854152918644,"rgba(255, 26, 202, 1.0)",0.24112444714067713,1.7755456375517074,-1.3915869648669135,44.78921482782411,-1.9943101644270698,False,False,False,True,False,0.0,0.0,0.0,0.0,0.0,1,0.9226201399994757,1.044529795768555,False,False,False,False,-0.34282825441539394,-0.28784292139362294,False,False,False,False,1596705,1697477.5624849957,False,False,False,False,631662.5842574547,False,False,False,False
2025-04-11 00:00:00+00:00,1.555,1.555,1.115,1.44,966037,,1.5625973067836463,1.8266214504348515,1.9661356893913196,1.9490907969500288,1.9518142729300383,1.9241870017301566,2.073633377946325,2.135939396840848,2.2193512124563086,2.491818252212325,2.6782880956917046,2.6902175998335407,2.84569992881983,4.0806728259645855,,,1.4083333333333332,1.6144505662691653,1.816922348702364,1.9665573311793876,1.9452114357421397,1.9462892811196575,1.9330042399167562,1.9159626522976525,1.9378078297426102,1.9523482286765186,2.156609374472506,2.300475962730433,2.632858367239074,2.7364997793986214,2.9597661552301875,3.251106537330631,4.304603518334317,,1.9665573311793876,1.8266214504348515,2.073633377946325,2.491818252212325,1.8002209539905896,"rgba(255, 26, 202, 1.0)",0.23872796516378075,1.603000664205249,-0.2010684595427181,44.1884029384239,-2.6013584574577564,False,False,False,True,False,0.0,0.0,0.0,0.0,0.0,1,0.894308838972415,1.067195143815793,True,False,False,False,-0.34282825441539394,-0.31533558790450844,False,False,False,False,2562742,1761571.224523144,False,False,False,False,656431.0594976433,False,False,False,False
2025-04-18 00:00:00+00:00,1.61,1.64,1.4401,1.59,324817,,1.5626858434062902,1.816547071114713,1.9587539996778962,1.9442473727693748,1.9474906415361293,1.9209790706366603,2.0699123947930422,2.131875465480778,2.2148842979230334,2.4859912546568923,2.6717321040233837,2.683613580663924,2.838517449941796,4.068941075841273,,,1.4473442998975872,1.6099634334706456,1.8086693429072875,1.9603542835906724,1.9400866321122674,1.9417598814330317,1.9292287704960502,1.9125513357690982,1.934605407751153,1.949245339697702,2.1524454286452803,2.2956081415387017,2.626470919521538,2.729733506033121,2.9521535362924,3.2424020182078497,4.29237565875898,,1.9603542835906724,1.816547071114713,2.0699123947930422,2.4859912546568923,1.7990412160379765,"rgba(255, 26, 202, 1.0)",0.24086555238184684,1.609135161972309,0.0035905426041161655,44.237930363351545,-2.6040572261983144,False,False,False,True,False,0.0,0.0,0.0,0.0,0.0,1,0.9319252744430893,1.0551710855748861,False,False,False,False,-0.21397060959953962,-0.26465309875202403,False,False,False,False,2887559,1844977.7264103186,False,False,False,False,631867.0550904104,False,False,False,False
2025-04-25 00:00:00+00:00,1.63,1.69,1.51,1.61,271966,,1.5668440840211038,1.8101343904620923,1.9534831452898396,1.9407697906159929,1.9443744427747116,1.9186812289229924,2.0671213434268645,2.128792382897325,2.2114550956209196,2.4814121030317255,2.666530324272846,2.678371063797425,2.8327829088012186,4.059383244307483,,,1.4756500677621223,1.609965938562827,1.8033986453831754,1.9558985496643497,1.9364185330574188,1.938506392615492,1.9265218567695963,1.9101201637278467,1.9322974507821868,1.9469945446328512,2.1492761549740687,2.291837981538772,2.6214132037283293,2.7243520410055893,2.946055014022346,3.235383088819783,4.282394514888239,,1.9558985496643497,1.8101343904620923,2.0671213434268645,2.4814121030317255,1.7991069537434412,"rgba(255, 26, 202, 1.0)",0.2421118271516999,1.6156486202020364,0.059275831200808655,44.45231493913994,-2.6040572261983144,False,False,False,True,False,0.0,0.0,0.0,0.0,0.0,1,0.9565754540914229,1.0512183581736456,False,False,False,False,-0.177751800701141,-0.2212024497265825,False,False,False,False,3159525,1942351.5985280727,False,False,False,False,605207.7176763059,False,False,False,False
2025-05-02 00:00:00+00:00,1.46,1.65,1.45,1.62,205153,,1.5639316299324408,1.8034949847089683,1.948596912897036,1.9374932009169612,1.9414390820321317,1.9164713725893352,2.0646281495140606,2.126091413476072,2.2085107095537655,2.4776359554810186,2.662308659567756,2.6741199176621686,2.828176664167837,4.051959359262789,,,1.4807963690056352,1.6055451608795317,1.7978384149661477,1.9517565126752163,1.932956899413392,1.9354331990904132,1.9239381068675923,1.9077696989597939,1.9300979565864402,1.9448681712875824,2.1465149516519166,2.2886495620310257,2.6172946382153373,2.720001623475013,2.941183814425114,3.229837319503967,4.274662505506837,,1.9517565126752163,1.8034949847089683,2.0646281495140606,2.4776359554810186,1.795784328448574,"rgba(255, 26, 202, 1.0)",0.24435884464214208,1.6134420361316442,-0.6279373122604035,43.40986143988969,-3.560270484999336,False,False,False,True,False,0.0,0.0,0.0,0.0,0.0,1,0.9033472565567018,1.1647628789816158,False,False,False,False,-0.20314835432436285,-0.2121754020254727,False,False,False,False,2954372,2017316.0727111783,False,False,False,False,575574.0348854684,False,False,False,False
2025-05-09 00:00:00+00:00,1.49,1.505,1.39,1.49,279050,,1.5559575904444658,1.7931761625378624,1.9412439118805127,1.932506028001387,1.9369672573463965,1.913068033074288,2.0609138021002127,2.1221058708573346,2.204209836392292,2.4722369959958317,2.6563252853304435,2.668097582156914,2.8216857890325078,4.041699712413263,,,1.4781886096215497,1.596531067706497,1.789100207759961,1.9455028983949874,1.9276875069423274,1.930747871087886,1.9199759706616195,1.9041435131591786,1.9267233572085225,1.9416171651085141,2.1424517228289046,2.284028768599644,2.61144654135023,2.713849156820159,2.9343413802245033,3.2220958503000126,4.263993361234584,,1.9455028983949874,1.7931761625378624,2.0609138021002127,2.4722369959958317,1.7890641854377436,"rgba(255, 26, 202, 1.0)",0.24222850298332982,1.6059633575775936,-0.47873539302504864,42.95755913171035,-4.073873020482594,False,True,False,True,False,0.0,0.0,0.0,0.0,0.0,1,0.8743764375541416,1.1678316456074318,False,False,False,False,-0.2457822927436718,-0.22897884738457225,False,False,False,False,3233422,2107397.9932510913,False,False,False,False,553609.2915606189,False,False,False,False
2025-05-16 00:00:00+00:00,1.27,1.58,1.18,1.48,797261,,1.5172197310072535,1.7574593194188128,1.916514800704948,1.9153762063193709,1.9215689554340196,1.9011423208031861,2.0485028534902154,2.1089841468336954,2.1902751000068514,2.4553535664143427,2.637893250288476,2.6495606778360723,2.801891824650389,4.011506035644986,,1.3433333333333333,1.4403882871401028,1.558090310459778,1.75828420525923,1.9243221334951839,1.9095986726612455,1.9146065897202933,1.9061927481834946,1.8914149722122862,1.9149579824266914,1.9303336007776792,2.129131653138521,2.2692475823992377,2.59337318284828,2.694967904691269,2.913593169865277,3.1988850154933983,4.23268364074349,,1.9243221334951839,1.7574593194188128,2.0485028534902154,2.4553535664143427,1.7040586999799259,"rgba(255, 26, 202, 1.0)",0.24875479242950055,1.464757915485117,-0.7829313099176295,41.20570589811335,-5.823238639518799,False,True,False,True,False,0.0,0.0,0.0,0.0,0.0,1,0.883248961775137,1.1223589681408954,False,False,False,False,-0.30119417770856227,-0.26508651254656723,False,False,False,False,2436161,2131750.808565825,False,False,False,False,571657.5662598324,False,False,False,False
2025-05-23 00:00:00+00:00,1.34,1.37,1.24,1.28,459584,,1.4981587647872396,1.7381674195267143,1.9025464489828536,1.9055072249887788,1.91265730913943,1.8941739143277536,2.041278414640227,2.1013625490561187,2.1821989282983183,2.4456206185386784,2.6272872268965872,2.638895463176482,2.79051627608855,3.994234934890307,,1.333582271481368,1.4231780120250972,1.5386617815723125,1.7413599981688266,1.9122460290839103,1.8992037235443073,1.905282855174216,1.8981802442617646,1.8839923128117486,1.9080824856137195,1.9237336599166888,2.1213993055403275,2.260696709570553,2.582969602353526,2.684108153629334,2.901677869813696,3.1855752223294465,4.2147744034582875,,1.9122460290839103,1.7381674195267143,2.041278414640227,2.4456206185386784,1.6892611674161409,"rgba(255, 26, 202, 1.0)",0.25559002028317823,1.4483952074665045,-0.4240979649612654,40.66124843094528,-6.38243925065251,False,True,False,True,False,0.0,0.0,0.0,0.0,0.0,1,0.8978957621484562,1.1128186892190666,False,False,False,False,-0.34282825441539394,-0.30395738348098056,False,False,False,False,2895745,2188342.9708942827,False,False,False,False,563355.8206109558,False,False,False,False
2025-05-30 00:00:00+00:00,1.295,1.3699,1.2701,1.33,225005,,1.48986691943678,1.729220361540888,1.895885946370068,1.9007531885748408,1.9083535646150842,1.8907935149157977,2.037769155554333,2.0976609154898904,2.178276638517165,2.440895103519544,2.6221369601117908,2.6337164256967274,2.784991612190587,3.985844110653513,,1.3302545927950422,1.4160679204286093,1.530057363203742,1.733446382113169,1.9064589153403517,1.8942037430042167,1.9007854451482644,1.8943032935275184,1.880396351600963,1.9047456776834153,1.9205277390552096,2.117643900731637,2.256544193145956,2.5779178866482084,2.678834340063304,2.895890730614254,3.1791101106709125,4.206071311793828,,1.9064589153403517,1.729220361540888,2.037769155554333,2.440895103519544,1.6826215332807706,"rgba(255, 26, 202, 1.0)",0.2544790295611275,1.4415616989660434,-0.5759283946453371,39.9774254042598,-7.086345805139857,False,True,False,True,False,0.0,0.0,0.0,0.0,0.0,0,0.8796713994016809,1.134510977096095,False,False,False,False,-0.32917332738367067,-0.3165653554323256,False,False,False,False,2670740,2224076.084161373,False,False,False,False,538292.7968619962,False,False,False,False
2025-06-06 00:00:00+00:00,1.36,1.44,1.24,1.28,985187,,1.4665317951970904,1.6970381622196793,1.8700539742802682,1.8819888027640044,1.891277356533073,1.877310218597489,2.0235150003787568,2.0825575586839444,2.1621880965720197,2.421287013517762,2.6006430740007342,2.6120958326900787,2.7618433171530494,3.95018739124129,,1.3368085933314606,1.4009211981896565,1.5039525156110893,1.704584404386552,1.8837969407460018,1.874534626340023,1.882993922443006,1.8788990625811188,1.8661063134201321,1.8914014433224347,1.9076618595182733,2.1022994132648485,2.239440134513586,2.5568620812300744,2.6567913718141143,2.8715889575674876,3.1518408568164356,4.169024656268073,,1.8837969407460018,1.6970381622196793,2.0235150003787568,2.421287013517762,1.6620211013065826,"rgba(255, 26, 202, 1.0)",0.25423306307450816,1.4270535255823242,-0.26374825041018657,40.177931988539996,-7.086345805139857,False,True,False,True,False,0.0,0.0,0.0,0.0,0.0,0,0.8803594227257302,1.1308563763595518,False,False,False,False,-0.3099423162682969,-0.31325383585031125,False,False,False,False,3655927,2330139.114964234,False,False,False,False,571396.071168515,False,False,False,False
2025-06-13 00:00:00+00:00,1.27,1.39,1.2501,1.36,462240,,1.4549427943931743,1.682089787011884,1.8578183992238473,1.8729386842909093,1.8830092459404755,1.8707140187084512,2.0166128040910962,2.0752738792727206,2.15446263592624,2.411966263444951,2.590466404996445,2.601861457650171,2.7509127362548567,3.933514847641768,,1.3315314562831262,1.3918595245262546,1.4913946670486078,1.6910123315650112,1.8729776675317031,1.8650673484146383,1.8743916300993575,1.8714023305066851,1.859124845514369,1.8848775823874684,1.9013713452895784,2.0949079022368657,2.231256214558156,2.5468844821674166,2.646364945164545,2.860131307941982,3.139023952865211,4.15170997212093,,1.8729776675317031,1.682089787011884,2.0166128040910962,2.411966263444951,1.6511632660289155,"rgba(255, 26, 202, 1.0)",0.25489536079505487,1.4174321105627907,-0.5784024868201956,39.684534446580855,-7.486139848093607,False,True,False,True,False,0.0,0.0,0.0,0.0,0.0,0,0.8832533013205282,1.1383386688008537,False,False,False,False,-0.32742180183841235,-0.3203378188443618,False,False,False,False,3193687,2394105.624966883,False,False,False,False,563310.4362671436,False,False,False,False
2025-06-20 00:00:00+00:00,1.23,1.34,1.23,1.27,313482,,1.4462905683772673,1.6716605258551611,1.8492871673439901,1.866575281658136,1.877186341423913,1.866042384223733,2.011769667224517,2.070180041035985,2.149079462229746,2.4055267145592882,2.5834609532292205,2.594817704994758,2.7434070054402038,3.922170764635928,,1.3252608873082048,1.3844403704916386,1.4822417687770584,1.681495763637133,1.8654087650268265,1.8584154781830338,1.868335875475041,1.8661069977132594,1.8541817010698658,1.8802609206809775,1.896921974433774,2.089743636976485,2.2255706753886386,2.5400107255704674,2.639194146559713,2.8522748124189485,3.13026068411509,4.139936306837636,,1.8654087650268265,1.6716605258551611,2.011769667224517,2.4055267145592882,1.6431076576658448,"rgba(255, 26, 202, 1.0)",0.25374543869307997,1.4095583987385423,-0.7076320254793969,39.052845583226215,-8.17083597057509,False,True,False,True,False,0.0,0.0,0.0,0.0,0.0,0,0.9275494567930993,1.0980871541467951,False,False,False,False,-0.34282825441539394,-0.33158303662987787,False,False,False,False,2880205,2430112.9860804477,False,False,False,False,544804.6261732811,False,False,False,False
2025-06-27 00:00:00+00:00,1.22,1.3,1.16,1.23,757184,,1.4243480173344032,1.6462192935668782,1.8283149532185734,1.8507534882010008,1.8626729887307818,1.8543175997285077,1.9997112575427773,2.0575376290434138,2.135764961465696,2.3897313725815317,2.566337133029111,2.577603642476078,2.725104330050239,3.894757514089971,1.2266666666666663,1.306597129759099,1.3646843930052415,1.4593511424196264,1.6581242158938376,1.8467126997468404,1.8418966957560863,1.8532548045754593,1.8528627634670327,1.8417853647569615,1.8686804933999592,1.885761980730868,2.0769380911151973,2.211548924804471,2.523196318549583,2.6216815292682267,2.833143284118621,3.1089813295768476,4.111500278557459,,1.8467126997468404,1.6462192935668782,1.9997112575427773,2.3897313725815317,1.5602915207367252,"rgba(255, 26, 202, 1.0)",0.25932988817486236,1.3305740516913525,-0.4263837557234977,38.52923139304155,-8.749778668224877,False,True,False,True,False,0.0,0.0,0.0,0.0,0.0,0,0.9141572725244934,1.078876477754328,False,False,False,False,-0.34282825441539394,-0.3372056455226359,False,False,False,False,2123021,2407365.43155597,True,False,False,False,560536.431641927,False,False,False,False
2025-07-04 00:00:00+00:00,1.38,1.39,1.23,1.23,492975,,1.4187893146280546,1.6349907955700107,1.817692810413416,1.8425562201701382,1.855094157296638,1.8481708940015027,1.9931136538814327,2.0505391249432585,2.1282941332683727,2.3805955910995324,2.5562881862745876,2.567493799057855,2.7142551752437747,3.877909085920148,1.2687285163993804,1.3095306976446042,1.362321177703795,1.4524076087123363,1.6476100480523737,1.837112324796853,1.8333839235739702,1.8454189382790327,1.845950136302931,1.835328932598143,1.862575374014935,1.8798376303474076,2.0698236777967893,2.2035955385949784,2.513360320156467,2.611365338875856,2.821738725031884,3.096151669619337,4.093956672080045,,1.837112324796853,1.6349907955700107,1.9931136538814327,2.3805955910995324,1.5582567217494794,"rgba(255, 26, 202, 1.0)",0.2613509840171497,1.3398424265939584,0.1536538060381147,40.01870078055787,-8.749778668224877,False,True,False,True,False,0.0,0.0,0.0,0.0,0.0,0,0.9338044594524031,1.0753163565473187,False,False,False,False,-0.26994811838228155,-0.3035768819524587,False,False,False,False,2615996,2422819.5477370094,False,False,False,False,555531.8811499324,False,False,False,False
2025-07-11 00:00:00+00:00,1.38,1.47,1.26,1.38,513674,,1.415870173743948,1.6254389901486197,1.8079010288357935,1.8348820528698426,1.8479635699828552,1.8423638230642372,1.986751001839954,2.0437547683769095,2.1210084842948596,2.3715702788997874,2.5462988532422886,2.557440600191291,2.703424408237472,3.860837027540787,1.2982214038025897,1.3157348198135577,1.3628803819365436,1.4479332178409163,1.638551444417242,1.8281843546503995,1.825440274282542,1.8380683644859643,1.839441690040559,1.829252387624799,1.856790901016389,1.8742034204745506,2.062915871828445,2.195802802486127,2.5035959893657145,2.6010936964798383,2.8103266151847746,3.083253072500241,4.076150312407506,,1.8281843546503995,1.6254389901486197,1.986751001839954,2.3715702788997874,1.5566156089472152,"rgba(255, 26, 202, 1.0)",0.26408927970961465,1.3481766948241598,0.12050207115878435,41.08260748592668,-8.749778668224877,False,True,False,True,True,0.0,0.0,0.0,0.0,0.0,0,0.9174840714570927,1.0728633183451675,False,False,False,False,-0.22146133041313007,-0.2625191061827944,False,False,False,False,2615996,2437128.914571305,False,False,False,False,552431.2973610485,False,False,False,False
2025-07-18 00:00:00+00:00,1.78,1.86,1.34,1.39,1355787,1.6600000000000004,1.449165011565093,1.6284414398432847,1.799828999551465,1.8276941916980731,1.840943427104448,1.83669994001506,1.9781758465208494,2.033916159799708,2.109606843843622,2.3551836998897864,2.527028766273443,2.537985992883273,2.6816972169583226,3.8219922962406487,1.4554503988733671,1.3890957836683417,1.4107828267971174,1.4745147424578597,1.6402522244177555,1.820107416910793,1.8182787480488876,1.8310866085548634,1.8331907623794108,1.823613170682266,1.8508746943268424,1.8681326307790336,2.052685297376543,2.1829007810307806,2.485000087591052,2.580979888306312,2.786944494962679,3.0557255307942044,4.03517016124178,,1.820107416910793,1.6284414398432847,1.9781758465208494,2.3551836998897864,1.5727638844085077,"rgba(239, 83, 80, 0.5)",0.2640788714763939,1.4788322523347066,1.1404462082920364,45.53424292487962,-7.40723987938739,False,False,False,True,True,0.0,0.0,0.0,0.0,0.0,1,0.9495943155395847,0.98206533227102,False,False,False,False,-0.022795532395340077,-0.14265731928906725,False,False,False,False,3971783,2550806.9949734304,False,False,False,False,611939.127186156,False,False,False,False
2025-07-25 00:00:00+00:00,1.59,1.85,1.51,1.76,1218213,1.6552672377622382,1.4710892385702194,1.6300024238032043,1.7928249781509225,1.8213655610607324,1.8347436848823406,1.8316312250969768,1.9706155060473192,2.0252713182978934,2.0996153299164417,2.3408878552710566,2.510223456116792,2.5210201008965236,2.662748664449947,3.78808439991176,1.5100866315815602,1.4310234996158613,1.4410517428494318,1.4922783186354955,1.6409005553487546,1.8130707192242044,1.8119785581668129,1.824924075737659,1.8276308086246138,1.8185667023351069,1.84559122186563,1.8627157387950515,2.0437030262076115,2.1716149238084683,2.468782617132428,2.5634381610130315,2.7665518581815354,3.031713164532278,3.999366118022863,,1.8130707192242044,1.6300024238032043,1.9706155060473192,2.3408878552710566,1.587759534554189,"rgba(239, 83, 80, 1.0)",0.2629882056408455,1.5093572779522728,0.30664007099184676,47.01966602757876,-6.118493644957596,False,False,False,False,True,0.0,0.0,0.0,0.0,0.0,1,0.97012625587648,0.993710790710838,False,False,False,False,0.043659575937113435,-0.049498871675976906,False,False,False,False,2753570,2565826.476827251,False,False,False,False,656848.3029501444,False,False,False,False
2025-08-01 00:00:00+00:00,1.28,1.6,1.25,1.59,1377699,1.558137439111633,1.4607131095042096,1.6108278913626861,1.7719287521828826,1.8041474986926145,1.8185189670317796,1.8180784351149017,1.9555339938104976,2.009164462440331,2.082267895548928,2.3192770530709645,2.486180030472863,2.4968166182962768,2.6365791731294026,3.7462488525203197,1.4779264490747903,1.4226639414816957,1.432991704301516,1.4804028404992045,1.6224157754155288,1.7935673619655157,1.7942959461103543,1.8083117358753138,1.8126655542261787,1.8045025611802015,1.8320456205867581,1.849438366778283,2.02729027743678,2.153020655343388,2.445310054273169,2.538676879680024,2.738919187921546,3.000346670235232,3.9555855392201686,1.3766666666666667,1.7935673619655157,1.6108278913626861,1.9555339938104976,2.3192770530709645,1.5631575264899662,"rgba(255, 26, 202, 1.0)",0.2674133081715877,1.4729298834924087,-0.7214670235058527,45.83891839142952,-6.118493644957596,False,False,False,True,True,0.0,1.0,1.6,1.25,0.0,1,0.9290134411505994,1.0493819539821916,False,False,False,False,-0.16970342211875117,-0.10960114689736404,False,False,False,False,1375871,2477681.626691899,False,False,False,False,710244.6508797633,False,False,False,False
2025-08-08 00:00:00+00:00,1.28,1.37,1.26,1.29,526005,1.5282050823368407,1.4543759509636311,1.6021915650788519,1.7631142905331458,1.7968519609979672,1.8116450497951688,1.8122899168558988,1.9492718567563174,2.002535145425357,2.0751965240519326,2.3106572195322093,2.4766780482601463,2.4872562059667453,2.6263011067953985,3.7301738969918956,1.4632126290901317,1.4160457911688964,1.4270772940401122,1.4737205991013478,1.6141150367645276,1.7853428200847201,1.7867979346784308,1.8012662700185629,1.8062930399585388,1.798485787921621,1.8262781327108142,1.8438015015007898,2.020552460510799,2.145499688879472,2.4360153559692788,2.5289138772930335,2.728104238467204,2.9881555004522165,3.9387888305473306,1.3564042204040125,1.7853428200847201,1.6021915650788519,1.9492718567563174,2.3106572195322093,1.5527401059162205,"rgba(255, 26, 202, 1.0)",0.27277093300382454,1.4586351991589952,-0.6548908902859181,44.99552722275149,-6.118493644957596,False,True,False,True,False,0.0,0.0,0.0,0.0,0.0,1,0.9220576773187842,1.149251256198073,False,False,False,False,-0.2654919181048955,-0.18754653250112976,False,False,False,False,1375871,2396066.024714721,False,False,False,False,696597.2693331143,False,False,False,False
2025-08-15 00:00:00+00:00,1.34,1.4288,1.28,1.3,937718,1.4972783695896645,1.4473584521822642,1.5901474539934732,1.7496975797337897,1.7855310624721377,1.8009101490057264,1.8031964967223832,1.9391801055586497,1.991782658250046,2.0636405139359635,2.296337283119143,2.4607652418393715,2.4712386726026985,2.608993186025426,3.7025719032454174,1.448373121742205,1.4100673483839112,1.4212507131090664,1.4658966170751706,1.6023914992144621,1.7726889795780125,1.775210367748405,1.7903048425794368,1.796328983585598,1.7890798820603837,1.8171850676097914,1.8348719621493863,2.009601957419242,2.1331357819175754,2.420477178048644,2.512529445231919,2.7098361952293937,2.967436107443177,3.909883377065618,1.3541587109552895,1.7726889795780125,1.5901474539934732,1.9391801055586497,2.296337283119143,1.5405150134602017,"rgba(255, 26, 202, 1.0)",0.27668378200593935,1.4442423882062119,-0.37675640924979875,44.93519995711121,-6.118493644957596,False,True,False,True,False,0.0,0.0,0.0,0.0,0.0,1,0.9074898326089613,1.1415580108568537,False,False,False,False,-0.2106363431244418,-0.19909143781278577,False,False,False,False,2313589,2389956.615476594,False,False,False,False,714458.064197328,False,False,False,False
2025-08-22 00:00:00+00:00,1.51,1.5167,1.32,1.35,628635,1.492246594348796,1.44742469354844,1.5857722567066816,1.7432941735533893,1.7799141010165143,1.795511525788225,1.7985892045781804,1.9337105600141924,1.9858547310004124,2.057146419711524,2.287956027044872,2.4512777695720933,2.4616793800651027,2.5985448849271884,3.6851893691559017,1.4484155421801963,1.4122764099466012,1.4225777664560033,1.4652074929030692,1.5979625255948573,1.7665058700243652,1.7695136788097003,1.7848392592616547,1.791320595590228,1.784367488923877,1.812534811965277,1.830252642038885,2.003533549545237,2.1260834935606603,2.41125011261105,2.502714397517301,2.698732639115785,2.9546716810932945,3.8916018350214867,1.3713220285142291,1.7665058700243652,1.5857722567066816,1.9337105600141924,2.287956027044872,1.53816833252624,"rgba(239, 83, 80, 1.0)",0.2778527542835376,1.4438790782328992,0.23797108629568262,46.337336006829815,-6.118493644957596,False,False,False,False,False,0.0,0.0,0.0,0.0,0.0,1,0.9285191254925207,1.0668259004846752,False,False,False,False,-0.14566258148866149,-0.1723770096507236,False,False,False,False,2942224,2430865.310626476,False,False,False,False,708100.8001827111,False,False,False,False
2025-08-29 00:00:00+00:00,1.535,1.56,1.46,1.495,612010,1.4946452097963159,1.4502719904463732,1.5837980868742985,1.7387265026615277,1.7757327675444965,1.7914338719851697,1.795085480852334,1.9292476492292163,1.9809369870137308,2.051661363026872,2.280616336652859,2.4428386485478453,2.4531694419284933,2.5891556505826334,3.6690397054769286,1.4534975962857832,1.4178418558437946,1.426852363378426,1.4672248730929507,1.59578672463134,1.7619762821777607,1.7653159157477933,1.7807493178298455,1.7875424246490679,1.7808274147211223,1.8089621546606989,1.8266601684201977,1.998474469303431,2.1200457699428448,2.4030699813202707,2.493949616603397,2.6886991823823285,2.9430128950056256,3.8745613706341913,1.3933629182552207,1.7619762821777607,1.5837980868742985,1.9292476492292163,2.280616336652859,1.539062148518857,"rgba(239, 83, 80, 1.0)",0.27823766640930175,1.44820925632608,0.3119302458001726,47.54277190723869,-6.034689269868856,False,False,False,False,True,0.0,0.0,0.0,0.0,0.0,1,0.9648493795915498,1.0397202010615487,False,False,False,False,-0.05450037025986787,-0.11343868995529574,False,False,False,False,3554234,2514077.8061356256,False,False,False,False,700982.9631321399,False,False,False,False
2025-09-05 00:00:00+00:00,1.49,1.52,1.41,1.5,403293,1.4934276871604981,1.450866471716664,1.5817075302250017,1.735222474910456,1.772580657030394,1.7883797386941653,1.7924564507081018,1.9260424360818162,1.9774427576767482,2.0478076817601987,2.2755747513369937,2.4370938772481003,2.4473791969161205,2.5828009054075065,3.6583086577443185,1.454404253762404,1.4196966058404124,1.4281806056389008,1.467373995233659,1.5936208683000914,1.7585459524323044,1.7621354204250437,1.7776715989720373,1.7847026932738126,1.7781545173849682,1.806297711574456,1.8239987909187625,1.9948909066357168,2.1158395916789643,2.397490966557673,2.48799626170701,2.6819295508154553,2.9351936535870933,3.8632535186876606,1.4005533129187702,1.7585459524323044,1.5817075302250017,1.9260424360818162,2.2755747513369937,1.5383046445220394,"rgba(255, 0, 0, 1.0)",0.27949469994470755,1.448927288100554,0.14695345531622414,48.018000489797544,-5.570306042973272,False,False,False,False,True,0.0,0.0,0.0,0.0,0.0,1,0.9611829277099733,1.0597602368744132,False,False,False,False,-0.09905456343167875,-0.10624662669348725,False,False,False,False,3150941,2561252.8575329864,False,False,False,False,678931.8547519813,False,False,False,False
2025-09-12 00:00:00+00:00,1.615,1.6155,1.4201,1.5,762472,1.4989618508852318,1.4554826881528866,1.5806191309814155,1.7307164074032222,1.7682828666987473,1.784133357744624,1.7887709634690276,1.921112420650831,1.9719538124232705,2.0416167682388955,2.2671100970569764,2.42726827526247,2.4374662974337244,2.571801033291488,3.6390081103980148,1.4620241292979326,1.4274532237968853,1.4344349636865814,1.471028129489734,1.5922158712348997,1.753967558325633,1.7578588900587386,1.7734459892673597,1.7807630987117518,1.7744688370609736,1.8025107906159548,1.8201544354209251,1.9892267769345238,2.108968721149555,2.3879863617813553,2.477766918568863,2.6701357354980644,2.9214010479184513,3.842841494591156,1.4222958932437881,1.753967558325633,1.5806191309814155,1.921112420650831,2.2671100970569764,1.540690395325442,"rgba(239, 83, 80, 1.0)",0.2789354827077372,1.4557185419166578,0.5710333319272756,49.42610330891482,-4.19144503263162,True,False,False,False,True,0.0,0.0,0.0,0.0,0.0,1,0.9503538417099942,1.0405473714615827,False,False,False,False,-0.04680448735599662,-0.07652555702474194,False,False,False,False,3913413,2661412.8680860987,False,False,False,False,685120.013659242,False,False,False,False
2025-09-19 00:00:00+00:00,1.82,1.82,1.62,1.62,1576679,1.5416347992463915,1.4815958375533242,1.5921339379425934,1.7318008027943592,1.767708383963025,1.7830382378165444,1.787690147311416,1.9166816774079922,1.9662961458838029,2.034386157229971,2.2550045244814894,2.4121748485010883,2.422184639630799,2.5541604362037127,3.6039718604370945,1.5031714998241705,1.4631217174705382,1.4649963855086774,1.4946296399965335,1.6023202773453538,1.7539399912098628,1.7576776200810618,1.7727019758496907,1.779842195137066,1.773785053453253,1.8010516894643709,1.8182690715488172,1.9831730965239802,2.100254625871672,2.373598435077344,2.4617871610721935,2.650796134631482,2.897832469443314,3.8053950835961783,1.4987760659628218,1.7539399912098628,1.5921339379425934,1.9166816774079922,2.2550045244814894,1.5629344888891805,#000000,0.27820300109758833,1.4932311005124446,1.174570001755413,51.9721070819576,-1.7505399079342894,True,False,False,False,True,0.0,0.0,0.0,0.0,0.0,0,0.9602371754559338,1.0267720779804153,False,False,False,False,0.24198344762816804,0.08272894530171304,False,False,False,False,5490092,2870944.6556352763,False,False,False,False,751161.4200548537,False,False,False,False
2025-09-26 00:00:00+00:00,1.89,1.9951,1.76,1.83,1936457,1.5997312701368016,1.5204900504625858,1.614049902566135,1.740137007966292,1.7728459623610355,1.7871664422735247,1.7910844793398366,1.9155827181944742,1.9636901556117765,2.029823234937167,2.2445054914197287,2.397973986888532,2.4077527298046784,2.5368185548647935,3.565546504567945,1.5591311379517356,1.5127227864781576,1.5088784307541987,1.530673055879689,1.622300566893868,1.7604147067841445,1.7634927900061004,1.7774389186748534,1.7838758855734032,1.7779091582355846,1.8038872231993746,1.8203935498076498,1.9800725232099536,2.0938695656667163,2.3602732021009674,2.446486146870208,2.6313734844123124,2.873259992353052,3.763965405149303,1.5834146278813028,1.7604147067841445,1.614049902566135,1.9155827181944742,2.2445054914197287,1.5968528915873608,#000000,0.27687014535206284,1.5451159063302233,1.245652879010225,54.26954619096799,0.3989582063796675,True,False,True,False,True,0.0,0.0,0.0,0.0,0.0,0,1.0053565689390425,0.9792700782059066,False,False,False,False,0.342828140036972,0.2127785426693425,False,False,False,False,7426549,3208396.8292919225,False,False,False,False,838961.092643383,False,False,False,False
2025-10-03 00:00:00+00:00,1.6,1.95,1.4,1.885,2679591,1.6093426775398356,1.5358455957227055,1.6174580413562978,1.7336962670568992,1.7656343391630935,1.7796592671716427,1.7843710074326262,1.9045184946302802,1.9508652296778977,2.01474023483935,2.222235428454591,2.371256222035723,2.380752263016756,2.5062625157339995,3.508179200669987,1.5745630897580267,1.532061615440622,1.5268272139214976,1.5442936973624672,1.6247949079561028,1.7531790502890896,1.7565778269740597,1.770209883366231,1.7769208117092758,1.7714847868392674,1.7967476640787496,1.8128462826283114,1.9666826633112524,2.076622721929721,2.334610431888096,2.4184384811657544,2.598237075188453,2.833651958580657,3.7027895008132385,1.5990101563743522,1.7531790502890896,1.6174580413562978,1.9045184946302802,2.222235428454591,1.6052062156403544,"rgba(239, 83, 80, 1.0)",0.27687014535206284,1.5606986491649955,0.1419486770053513,53.3126887549607,0.3989582063796675,True,False,False,False,True,0.0,0.0,0.0,0.0,0.0,0,0.9982790073314286,0.9568030840188622,False,False,False,False,0.12419019574673175,0.16848436920803714,False,False,False,False,4746958,3322364.323418447,False,False,False,False,975304.0487438731,False,False,False,False
