date,Open,High,Low,Close,Volume,aVWAP_peak_868,aVWAP_peak_840,aVWAP_peak_779,aVWAP_peak_697,aVWAP_peak_680,aVWAP_peak_679,aVWAP_peak_593,aVWAP_peak_559,aVWAP_peak_517,aVWAP_peak_495,aVWAP_peak_458,aVWAP_peak_423,aVWAP_peak_407,aVWAP_peak_390,aVWAP_peak_336,aVWAP_peak_316,aVWAP_peak_285,aVWAP_peak_249,aVWAP_peak_179,aVWAP_peak_46,aVWAP_peak_22,aVWAP_valley_879,aVWAP_valley_850,aVWAP_valley_832,aVWAP_valley_809,aVWAP_valley_732,aVWAP_valley_659,aVWAP_valley_658,aVWAP_valley_632,aVWAP_valley_599,aVWAP_valley_570,aVWAP_valley_537,aVWAP_valley_506,aVWAP_valley_505,aVWAP_valley_468,aVWAP_valley_417,aVWAP_valley_360,aVWAP_valley_305,aVWAP_valley_270,aVWAP_valley_234,aVWAP_valley_217,aVWAP_valley_201,aVWAP_valley_157,aVWAP_valley_120,aVWAP_valley_72,aVWAP_valley_57,aVWAP_valley_30,aVWAP_OB_bull_850,aVWAP_OB_bull_832,aVWAP_OB_bull_732,aVWAP_OB_bull_632,aVWAP_OB_bull_417,aVWAP_OB_bull_360,Peaks_Valleys_avg,color,StDev,StDev_Mean,StdDev_ZScore,QQEMOD,QQE1_Value,QQE1_Above_Upper,QQE1_Below_Lower,QQE2_Above_Threshold,QQE2_Below_Threshold,QQE2_Above_TL,banker_RSI,OB,OB_High,OB_Low,OB_Mitigated_Index,TTM_squeeze_Active,VI_plus,VI_minus,VI_Regular_Bullish,VI_Regular_Bearish,VI_Hidden_Bullish,VI_Hidden_Bearish,Fisher,Fisher_Signal,Fisher_Regular_Bullish,Fisher_Regular_Bearish,Fisher_Hidden_Bullish,Fisher_Hidden_Bearish,OBV,OBV_Smoothed,OBV_Regular_Bullish,OBV_Regular_Bearish,OBV_Hidden_Bullish,OBV_Hidden_Bearish,Volume_MA,Vol_Regular_Bullish,Vol_Regular_Bearish,Vol_Hidden_Bullish,Vol_Hidden_Bearish
2025-01-27 15:00:00+00:00,28.87,28.985,28.675,28.81,2282.0,,,,,,,,,,,,,,,,,,,,,,,,,,,,,,,,,,,,,,,,,,,,,,,,,,,,,,,#000000,,,,,,False,False,False,False,False,,0.0,0.0,0.0,0.0,0,,,False,False,False,False,,,False,False,False,False,0.0,0.0,False,False,False,False,2282.0,False,False,False,False
2025-01-27 16:00:00+00:00,28.81,28.85,28.545,28.605,2050.0,,,,,,,,,,,,,,,,,,,,,,,,,,,,,,,,,,,,,,,,,,,,,,,,,,,,,,,#000000,,,,0.0,,False,False,False,True,False,,0.0,0.0,0.0,0.0,0,,,False,False,False,False,,,False,False,False,False,-2050.0,-31.782945736434108,False,False,False,False,2278.4031007751937,False,False,False,False
2025-01-27 17:00:00+00:00,28.59,28.66,28.5,28.5,2940.0,,,,,,,,,,,,,,,,,,,,,,,,,,,,,,,,,,,,,,,,,,,,,,,,,,,,,,,#000000,,,,0.0,-50.0,False,False,False,True,True,,0.0,0.0,0.0,0.0,0,,,False,False,False,False,,,False,False,False,False,-4990.0,-108.65452797307854,False,False,False,False,2288.660417042245,False,False,False,False
2025-01-27 18:00:00+00:00,28.5,28.515,28.395,28.4,2576.0,,,,,,,,,,,,,,,,,,,,,,,,,,,,,,,,,,,,,,,,,,,,,,,,,,,,,,,#000000,,,,0.0,-50.0,False,False,False,True,True,,0.0,0.0,0.0,0.0,0,,,False,False,False,False,,,False,False,False,False,-7566.0,-224.27228722930988,False,False,False,False,2293.115294297404,False,False,False,False
2025-01-27 19:00:00+00:00,28.405,28.595,28.4,28.5,1606.0,,,,,,,,,,,,,,,,,,,,,,,,,,,,,,,,,,,,,,,,,,,,,,,,,,,,,,,#000000,,,,8.016098172461643,-42.78551164478452,False,False,False,True,True,,0.0,0.0,0.0,0.0,0,,,False,False,False,False,,,False,False,False,False,-5960.0,-313.1982982800182,False,False,False,False,2282.4623439982192,False,False,False,False
2025-01-27 20:00:00+00:00,28.5,28.695,28.49,28.68,10700.0,,,,,,,,,,,,,,,,,,,,,,,,,,,,,,,,,,,,,,,,,,,,,,,,,,,,,,,#000000,,,,21.651433519076758,-30.994675723178617,False,False,False,True,True,,0.0,0.0,0.0,0.0,0,,,False,False,False,False,,,False,False,False,False,4740.0,-234.8541386167621,False,False,False,False,2412.9668037811925,False,False,False,False
2025-01-28 15:00:00+00:00,28.96,29.315,28.88,29.195,3721.0,,,,,,,,,,,,,,,,,,,,,,,,,,,,,,,,,,,,,,,,,,,,,,,,,,,,,,,#000000,,,,39.47895097861047,-16.024545271913958,False,False,False,True,True,,0.0,0.0,0.0,0.0,0,,,False,False,False,False,,,False,False,False,False,8461.0,-100.0346946071999,False,False,False,False,2433.2463882186935,False,False,False,False
2025-01-28 16:00:00+00:00,29.195,29.37,29.12,29.3,1553.0,,,,,,,,,,,,,,,,,,,,,,,,,,,,,,,,,,,,,,,,,,,,,,,,,,,,,,,#000000,,,,52.236847570696945,-6.151026174307347,False,False,True,False,True,,0.0,0.0,0.0,0.0,0,,,False,False,False,False,,,False,False,False,False,10014.0,56.77204484407453,False,False,False,False,2419.5991573935976,False,False,False,False
2025-01-28 17:00:00+00:00,29.29,29.425,29.28,29.34,2106.0,,,,,,,,,,,,,,,,,,,,,,,,,,,,,,,,,,,,,,,,,,,,,,,,,,,,,,,#000000,,,,61.062355894440984,0.28144467039534504,False,False,True,False,True,,0.0,0.0,0.0,0.0,0,,,False,False,False,False,,,False,False,False,False,12120.0,243.79883484649196,False,False,False,False,2414.7371549533864,False,False,False,False
2025-01-28 18:00:00+00:00,29.35,29.435,29.26,29.335,2464.0,,,,,,,,,,,,,,,,,,,,,,,,,,,,,,,,,,,,,,,,,,,,,,,,,,,,,,,#000000,,,,66.78765403117598,4.333905455832209,False,False,True,False,True,,0.0,0.0,0.0,0.0,0,,,False,False,False,False,,,False,False,False,False,9656.0,389.7244343062363,False,False,False,False,2415.5009199928686,False,False,False,False
2025-01-28 19:00:00+00:00,29.33,29.475,29.29,29.46,3434.0,,,,,,,,,,,,,,,,,,,,,,,,,,,,,,,,,,,,,,,,,,,,,,,,,,,,,,,#000000,,,,71.65726430530248,8.144088740729003,False,False,True,False,True,,0.0,0.0,0.0,0.0,0,,,False,False,False,False,,,False,False,False,False,13090.0,586.6279314487753,False,False,False,False,2431.291603403832,False,False,False,False
2025-01-28 20:00:00+00:00,29.46,29.51,29.38,29.445,11772.0,,,,,,,,,,,,,,,,,,,,,,,,,,,,,,,,,,,,,,,,,,,,,,,,,,,,,,,#000000,,,,74.38230575364183,10.459119793710343,False,False,True,False,True,,0.0,0.0,0.0,0.0,0,,,False,False,False,False,,,False,False,False,False,1318.0,597.9670332867787,False,False,False,False,2576.1087878471835,False,False,False,False
2025-01-29 15:00:00+00:00,29.2,29.405,29.195,29.2,1448.0,,,,,,,,,,,,,,,,,,,,,,,,,,,,,,,,,,,,,,,,,,,,,,,,,,,,,,,#000000,,,,69.25489293183803,10.459119793710343,False,False,True,False,True,,0.0,0.0,0.0,0.0,0,,,False,False,False,False,,,False,False,False,False,-130.0,586.6807226931852,False,False,False,False,2558.6187291208703,False,False,False,False
2025-01-29 16:00:00+00:00,29.2,29.32,29.18,29.19,1845.0,,,,,,,,,,,,,,,,,,,,,,,,,,,,,,,,,,,,,,,,,,,,,,,,,,,,,,,#000000,,,,65.60375323137171,10.459119793710343,False,False,True,False,False,,0.0,0.0,0.0,0.0,0,,,False,False,False,False,,,False,False,False,False,-1975.0,546.9647424963916,False,False,False,False,2547.5548728554304,False,False,False,False
2025-01-29 17:00:00+00:00,29.19,29.27,29.08,29.095,2027.0,,,,,,,,,,,,,,,,,,,,,,,,,,,,,,,,,,,,,,,,,,,,,,,,,,,,,,,#000000,,,,60.98664109431693,10.459119793710343,False,False,True,False,False,,0.0,0.0,0.0,0.0,0,,,False,False,False,False,,,False,False,False,False,-4002.0,476.4381573414088,False,False,False,False,2539.4842546716254,False,False,False,False
2025-01-29 18:00:00+00:00,29.095,29.18,28.985,29.11,2404.0,,,,,,,,,,,,,,,,,,,,,,,,,,,,,,,,,,,,,,,,,,,,,,,,,,,,,,,#000000,,,,58.22319141947763,21.792082667227206,False,False,True,False,False,,0.0,0.0,0.0,0.0,0,,,False,False,False,False,,,False,False,False,False,-1598.0,444.27632544464274,False,False,False,False,2537.3837235914452,False,False,False,False
2025-01-29 19:00:00+00:00,29.08,29.3,28.92,29.17,2569.0,,,,,,,,,,,,,,,,,,,,,,,,,,,,,,,,,,,,,,,,,,,,,,,,,,,,,,,#000000,,,,57.65669258639166,20.501935480654325,False,False,True,False,False,,0.0,0.0,0.0,0.0,0,,,False,False,False,False,,,False,False,False,False,971.0,452.4425839648808,False,False,False,False,2537.8738984194847,False,False,False,False
2025-01-29 20:00:00+00:00,29.17,29.245,29.11,29.22,2978.0,,,,,,,,,,,,,,,,,,,,,,,,,,,,,,,,,,,,,,,,,,,,,,,,,,,,,,,#000000,,,,58.300808529553336,20.23351835613005,False,False,True,False,False,,0.0,0.0,0.0,0.0,0,,,False,False,False,False,,,False,False,False,False,3949.0,506.6527764615493,False,False,False,False,2544.697558909105,False,False,False,False
2025-01-30 15:00:00+00:00,29.825,29.92,29.69,29.87,3588.0,,,,,,,,,,,,,,,,,,,,,,,,,,,,,,,,,,,,,,,,,,,,,,,,,,,,,,,#000000,,,,65.56867689253664,20.23351835613005,False,False,True,False,True,,0.0,0.0,0.0,0.0,0,,,False,False,False,False,,,False,False,False,False,7537.0,615.6504078342384,False,False,False,False,2560.872790553925,False,False,False,False
2025-01-30 16:00:00+00:00,29.87,30.08,29.87,30.0,3724.0,,,,,,,,,,,,,,,,,,,,,,,,,,,,,,,,,,,,,,,,,,,,,,,,,,,,,,,#000000,,,,71.09379140982105,9.62114687671297,False,False,True,False,True,,0.0,0.0,0.0,0.0,0,,,False,False,False,False,,,False,False,False,False,11261.0,780.6945875577386,False,False,False,False,2578.905770545337,False,False,False,False
2025-01-30 17:00:00+00:00,29.995,30.155,29.96,30.08,3710.0,,,,,,,,,,,,,,,,,,,,,,,,,,,,,,,,,,,,,,,,,,,,,,,,,,,,,,,#000000,,,,75.17163392013784,13.830445364288721,False,False,True,False,True,,0.0,0.0,0.0,0.0,0,,,False,False,False,False,,,False,False,False,False,14971.0,1000.6993226343627,False,False,False,False,2596.442115188045,False,False,False,False
2025-01-30 18:00:00+00:00,30.085,30.17,30.045,30.14,2008.0,,,,,,,,,,,,,,,,,,,,,,,,,,,,,,,,,,,,,,,,,,,,,,,,,,,,,,,#000000,,,,78.18448854062797,17.079793890409547,False,False,True,False,True,,0.0,0.0,0.0,0.0,0,,,False,False,False,False,,,False,False,False,False,16979.0,1248.4249145315043,False,False,False,False,2587.3189816192385,False,False,False,False
2025-01-30 19:00:00+00:00,30.14,30.18,30.07,30.165,2292.0,,,,,,,,,,,,,,,,,,,,,30.138333333333332,,,,,,,,,,,,,,,,,,,,,,,,,,,,,,,,,30.138333333333332,#000000,,30.138333333333332,,80.32053884045607,19.597783045867217,False,False,True,False,True,,0.0,0.0,0.0,0.0,0,,,False,False,False,False,,,False,False,False,False,19271.0,1527.8446832984578,False,False,False,False,2582.740392756925,False,False,False,False
2025-01-30 20:00:00+00:00,30.16,30.175,29.82,29.955,6381.0,,,,,,,,,,,,,,,,,,,,,30.024294938314313,,,,,,,,,,,,,,,,,,,,,,,,,,,,,,,,,30.024294938314313,#000000,,30.024294938314313,,76.49263142414667,19.597783045867217,False,False,True,False,True,,0.0,0.0,0.0,0.0,0,,,False,False,False,False,,,False,False,False,False,12890.0,1704.0021300690244,False,False,False,False,2641.6281386056544,False,False,False,False
2025-01-31 15:00:00+00:00,29.87,29.99,29.835,29.95,5663.0,,,,,,,,,,,,,,,,,,,,,29.98507149832589,,,,,,,,,,,,,,,,,,,,,,,,,,,,,,,,,29.98507149832589,#000000,,29.98507149832589,,73.82678626332034,19.597783045867217,False,False,True,False,False,,0.0,0.0,0.0,0.0,0,,,False,False,False,False,,,False,False,False,False,7227.0,1789.6300040214426,False,False,False,False,2688.4711132009156,False,False,False,False
2025-01-31 16:00:00+00:00,29.95,30.08,29.925,30.025,2654.0,,,,,,,,,,,,,,,,,,,,,29.988965567981165,,,,,,,,,,,,,,,,,,,,,,,,,,,,,,,,,29.988965567981165,#000000,,29.988965567981165,,72.86128983893354,19.597783045867217,False,False,True,False,False,,0.0,0.0,0.0,0.0,0,,,False,False,False,False,,,False,False,False,False,9881.0,1915.0776008583193,False,False,False,False,2687.936677337336,False,False,False,False
2025-01-31 17:00:00+00:00,30.025,30.165,29.93,30.105,2751.0,,,,,,,,,,,,,,,,,,,,,29.999793576819812,,,,,,,,,,,,,,,,,,,,,,,,,,,,,,,,,29.999793576819812,#000000,,29.999793576819812,,73.0401226942187,19.597783045867217,False,False,True,False,False,,0.0,0.0,0.0,0.0,0,,,False,False,False,False,,,False,False,False,False,12632.0,2081.2314365039265,False,False,False,False,2688.91440327009,False,False,False,False
2025-01-31 18:00:00+00:00,30.1,30.125,29.75,29.82,2048.0,,,,,,,,,,,,,,,,,,,,,29.990257086909292,,,,,,,,,,,,,,,,,,,,,,,,,,,,,,,,,29.990257086909292,#000000,,29.990257086909292,,66.94897328820232,25.628647667620214,False,False,True,False,False,,0.0,0.0,0.0,0.0,0,,,False,False,False,False,,,False,False,False,False,10584.0,2213.0573057054157,False,False,False,False,2678.9777458550498,False,False,False,False
2025-01-31 19:00:00+00:00,29.82,29.84,29.6,29.7,2498.0,,,,,,,,,,,,,,,,,,,,,29.961774543308486,,,,,,,,,,,,,,,,,,,,,,,,,,,,,,,,,29.961774543308486,#000000,,29.961774543308486,,60.92877929583375,19.739417594265376,False,False,True,False,False,,0.0,0.0,0.0,0.0,0,,,False,False,False,False,,,False,False,False,False,8086.0,2304.1106808107584,False,False,False,False,2676.171889330165,False,False,False,False
2025-01-31 20:00:00+00:00,29.68,29.68,29.415,29.47,5872.0,,,,,,,,,,,,,,,,,,,,,29.876084916608637,,,,,,,,,,,,,,,,,,,,,,,,,,,,,,,,,29.876084916608637,#000000,,29.876084916608637,,53.852609619839185,13.10225626210179,False,False,False,False,False,,0.0,0.0,0.0,0.0,0,,,False,False,False,False,,,False,False,False,False,2214.0,2302.713615991987,False,False,False,False,2725.719611976209,False,False,False,False
2025-02-03 15:00:00+00:00,28.41,28.94,28.05,28.895,2591.0,,,,,,,,,,,,,,,,,,,,,29.777369669211193,,,,,,,,,,,,,,,,,,,,,,,,,,28.628333333333337,,,,,,,29.202851501272264,#000000,,29.202851501272264,,44.55905194658061,4.649033830530392,False,False,False,True,False,,0.0,0.0,0.0,0.0,0,,,False,False,False,False,,,False,False,False,False,-377.0,2261.167668457227,False,False,False,False,2723.630935821539,False,False,False,False
2025-02-03 16:00:00+00:00,28.88,29.05,28.765,28.89,4111.0,,,,,,,,,,,,,,,,,,,,,29.67970506316522,,,,,,,,,,,,,,,,,,,,,,,,,,28.79599572266985,,,,,,,29.237850392917537,#000000,,29.237850392917537,,38.334159427508645,-0.8191541573125747,False,False,False,True,False,,0.0,0.0,0.0,0.0,0,,,False,False,False,False,,,False,False,False,False,-4488.0,2156.5294100315336,False,False,False,False,2745.1405337157785,False,False,False,False
2025-02-03 17:00:00+00:00,28.895,29.04,28.825,28.93,2326.0,,,,,,,,,,,,,,,,,,,,,29.6353041825095,,,,,,,,,,,,,,,,,,,,,,,,,,28.830950376606115,,,,,,,29.233127279557806,#000000,,29.233127279557806,,34.91177916167138,-3.8488729531866994,False,False,False,True,False,,0.0,0.0,0.0,0.0,0,,,False,False,False,False,,,False,False,False,False,-2162.0,2089.5754656899594,False,False,False,False,2738.642230867472,False,False,False,False
2025-02-03 18:00:00+00:00,28.915,29.155,28.86,29.145,1411.0,,,,,,,,,,,,,,,,,,,,,29.61507754897614,,,,,,,,,,,,,,,,,,,,,,,,,,28.86100903662548,,,,,,,29.23804329280081,#000000,,29.23804329280081,,36.25460672998602,-3.8488729531866994,False,False,False,True,False,,0.0,0.0,0.0,0.0,0,,,False,False,False,False,,,False,False,False,False,-751.0,2045.5355359893397,False,False,False,False,2718.0586303889063,False,False,False,False
2025-02-03 19:00:00+00:00,29.145,29.205,29.13,29.155,930.0,,,,,,,,,,,,,,,,,,,,,29.604960950041733,,,,,,,,,,,,,,,,,,,,,,,,,,28.88573958424957,,,,,,,29.245350267145653,#000000,,29.245350267145653,,37.309544365454684,-3.8488729531866994,False,False,False,True,False,,0.0,0.0,0.0,0.0,0,,,False,False,False,False,,,False,False,False,False,179.0,2016.5970005476445,False,False,False,False,2690.3367911580704,False,False,False,False
2025-02-03 20:00:00+00:00,29.14,29.215,29.085,29.21,6909.0,,,,,,,,,,,,,,,,,,,,,29.542918602170513,,,,,,,,,,,,,,,,,,,,,,,,,,28.993188715030826,,,,,,,29.26805365860067,#000000,,29.26805365860067,,38.947939324353854,-3.8488729531866994,False,False,False,True,True,,0.0,0.0,0.0,0.0,0,,,False,False,False,False,,,False,False,False,False,7088.0,2095.223403639929,False,False,False,False,2755.7424223029066,False,False,False,False
2025-02-04 15:00:00+00:00,29.515,29.515,29.33,29.46,1035.0,,,,,,,,,,,,,,,,,,,,,29.54066084519189,,,,,,,,,,,,,,,,,,,,,,,,,,29.0168657553634,,,,,,,29.278763300277646,#000000,,29.278763300277646,,43.72742498478205,-3.8488729531866994,False,False,False,True,True,,0.0,0.0,0.0,0.0,0,,,False,False,False,False,,,False,False,False,False,8123.0,2188.67730435869,False,False,False,False,2729.064245212939,False,False,False,False
2025-02-04 16:00:00+00:00,29.465,29.5,29.36,29.385,1137.0,,,,,,,,,,,,,,,,,,,,,29.53783770343878,,,,,,,,,,,,,,,,,,,,,,,,,,29.03900162999185,,,,,,,29.288419666715313,#000000,,29.288419666715313,,45.83566195287238,-3.8488729531866994,False,False,False,True,True,,0.0,0.0,0.0,0.0,0,,,False,False,False,False,,,False,False,False,False,6986.0,2263.0544004151443,False,False,False,False,2704.3810786204904,False,False,False,False
2025-02-04 17:00:00+00:00,29.385,29.39,29.255,29.355,1426.0,,,,,,,,,,,,,,,,,,,,,29.5322333365363,,,,,,,,,,,,,,,,,,,,,,,,,,29.058187816176027,,,,,,,29.295210576356162,#000000,,29.295210576356162,,46.7975755912812,-12.345203310773577,False,False,False,True,True,,0.0,0.0,0.0,0.0,0,,,False,False,False,False,,,False,False,False,False,5560.0,2314.169836067623,False,False,False,False,2684.5612169364517,False,False,False,False
2025-02-04 18:00:00+00:00,29.35,29.4,29.27,29.345,1068.0,,,,,,,,,,,,,,,,,,,,,29.528333647188795,,,,,,,,,,,,,,,,,,,,,,,,,,29.07122806252906,,,,,,,29.299780854858927,#000000,,29.299780854858927,,47.278530650770165,-11.214546253514257,False,False,False,True,True,,0.0,0.0,0.0,0.0,0,,,False,False,False,False,,,False,False,False,False,4492.0,2347.9346448107603,False,False,False,False,2659.498252332786,False,False,False,False
2025-02-04 19:00:00+00:00,29.345,29.49,29.345,29.415,1392.0,,,,,,,,,,,,,,,,,,,,,29.52548126739456,,,,,,,,,,,,,,,,,,,,,,,,,,29.090986878150343,,,,,,,29.30823407277245,#000000,,29.30823407277245,,48.84367381248258,-9.050385053228673,False,False,False,False,True,,0.0,0.0,0.0,0.0,0,,,False,False,False,False,,,False,False,False,False,5884.0,2402.757363495865,False,False,False,False,2639.847116637704,False,False,False,False
2025-02-04 20:00:00+00:00,29.41,29.48,29.35,29.4,6422.0,,,,,,,,,,,,,,,,,,,,,29.513306986008285,,,,,,,,,,,,,,,,,,,,,,,,,,29.15759401348159,,,,,,,29.335450499744937,#000000,,29.335450499744937,,49.59099392309406,-7.678663054363064,False,False,False,False,True,,0.0,0.0,0.0,0.0,0,,,False,False,False,False,,,False,False,False,False,-538.0,2357.164226077324,False,False,False,False,2698.4851458371195,False,False,False,False
2025-02-05 15:00:00+00:00,29.5,29.665,29.305,29.625,1497.0,,,,,,,,,,,,,,,,,,,,,29.51374734301065,,,,,,,,,,,,,,,,,,,,,,,,,,29.17495525241565,,,,,,,29.34435129771315,#000000,,29.34435129771315,,53.73915757710748,-3.2549122781700603,False,False,True,False,True,,0.0,0.0,0.0,0.0,0,,,False,False,False,False,,,False,False,False,False,959.0,2335.487261331939,False,False,False,False,2679.8574691574745,False,False,False,False
2025-02-05 16:00:00+00:00,29.625,29.905,29.6,29.9,3450.0,,,,,,,,,,,,,,,,,,,,,29.528828748127452,,,,,,,,,,,,,,,,,,,,,,,,,,29.235511319609767,,,,,,,29.38217003386861,#000000,,29.38217003386861,,59.483036624721336,2.37071741708845,True,False,True,False,True,,0.0,0.0,0.0,0.0,0,,,False,False,False,False,,,False,False,False,False,4409.0,2367.634745652374,False,False,False,False,2691.797663434103,False,False,False,False
2025-02-05 17:00:00+00:00,29.9,29.99,29.88,29.975,9182.0,,,,,,,,,,,,,,,,,,,,,29.58015581554424,,,,,,,,,,,,,,,,,,,,,,,,,,29.381324845352403,,,,,,,29.48074033044832,#000000,,29.48074033044832,,63.963986508204655,6.6123854950213286,True,False,True,False,True,,0.0,0.0,0.0,0.0,0,,,False,False,False,False,,,False,False,False,False,13591.0,2541.6404085104764,False,False,False,False,2792.420955473884,False,False,False,False
2025-02-05 18:00:00+00:00,29.975,30.21,29.975,30.19,4864.0,,,,,,,,,,,,,,,,,,,,,29.613319651274345,,,,,,,,,,,,,,,,,,,,,,,,,,29.454031644255057,,,,,,,29.533675647764703,#000000,,29.533675647764703,,68.56168135227028,10.891234539655443,True,False,True,False,True,,0.0,0.0,0.0,0.0,0,,,False,False,False,False,,,False,False,False,False,18455.0,2788.359161866903,False,False,False,False,2824.5384600401803,False,False,False,False
2025-02-05 19:00:00+00:00,30.195,30.455,30.185,30.21,3285.0,,,,,,,,,,,,,,,,,,,,30.283333333333335,29.639775507342186,,,,,,,,,,,,,,,,,,,,,,,,,,29.505397811549386,,,,,,,29.809502217408305,#000000,,29.809502217408305,,71.76272983281753,13.874934733016389,True,False,True,False,True,,0.0,0.0,0.0,0.0,0,,,False,False,False,False,,,False,False,False,False,21740.0,3082.1830508302064,False,False,False,False,2831.677398644208,False,False,False,False
2025-02-05 20:00:00+00:00,30.2,30.4,30.2,30.4,8866.0,,,,,,,,,,,,,,,,,,,,30.319815927358515,29.706569086439064,,,,,,,,,,,,,,,,,,,,,,,,,,29.62398002757046,,,,,,,29.883455013789344,#000000,,29.883455013789344,,75.0891474464073,17.045119485439997,True,False,True,False,True,,0.0,0.0,0.0,0.0,0,,,False,False,False,False,,,False,False,False,False,30606.0,3508.9088950033815,False,False,False,False,2925.232787812515,False,False,False,False
2025-02-06 15:00:00+00:00,30.145,30.2,29.515,29.785,4931.0,,,,,,,,,,,,,,,,,,,,30.179384732466925,29.71301368497745,,,,,,,,,,,,,,,,,,,,,,,,,,29.639426306365618,,,,,,,29.84394157460333,#000000,,29.84394157460333,,67.12568722619085,17.045119485439997,True,False,True,False,False,,0.0,0.0,0.0,0.0,0,,,False,False,False,False,,,False,False,False,False,25675.0,3852.5692222126313,False,False,False,False,2956.329953892941,False,False,False,False
2025-02-06 16:00:00+00:00,29.785,29.815,29.545,29.575,2667.0,,,,,,,,,,,,,,,,,,,,30.107218846523875,29.711193553350252,,,,,,,,,,,,,,,,,,,,,,,,,,29.639640191846524,,,,,,,29.819350863906887,#000000,,29.819350863906887,,59.6745433399951,19.06124286671016,False,False,True,False,False,5.160795949414961,0.0,0.0,0.0,0.0,0,,,False,False,False,False,,,False,False,False,False,23008.0,4149.552645124063,False,False,False,False,2951.8442181736705,False,False,False,False
2025-02-06 17:00:00+00:00,29.575,29.605,29.43,29.565,7204.0,,,,,,,,,,,,,,,,,,,,29.953830680567407,29.699203388138702,,,,,,,,,,,,,,,,,,,,,,,,,,29.62965590668892,,,,,,,29.76089665846501,#000000,,29.76089665846501,,54.60742992281344,14.616955294029879,False,True,True,False,False,4.987147451415385,0.0,0.0,0.0,0.0,0,,,False,False,False,False,,,False,False,False,False,15804.0,4330.2417514012095,False,False,False,False,3017.769114015939,False,False,False,False
2025-02-06 18:00:00+00:00,29.56,29.635,29.38,29.54,8250.0,,,,,,,,,,,,,,,,,,,,29.85176968818945,29.68624066496978,,,,,,,,,,,,,,,,,,,,,,,,,,29.61884521819652,,,,,,,29.718951857118583,#000000,,29.718951857118583,,50.95600045029136,11.328896294392237,False,True,False,False,False,4.547555450295469,0.0,0.0,0.0,0.0,0,,,False,False,False,False,,,False,False,False,False,7554.0,4380.2224994415,False,False,False,False,3098.8889727133665,False,False,False,False
2025-02-06 19:00:00+00:00,29.545,29.73,29.485,29.55,8347.0,,,,,,,,,,,,,,,,,,,,29.801278224263296,29.679621253847397,,,,,,,,,,,,,,,,,,,,,,,,,,29.61611552930837,,,,,,,29.69900500247302,#000000,,29.69900500247302,,48.676282362014376,9.094791283824947,False,True,False,True,False,4.7052390212368245,0.0,0.0,0.0,0.0,0,,,False,False,False,False,,,False,False,False,False,15901.0,4558.839204876515,False,False,False,False,3180.255035151919,False,False,False,False
2025-02-06 20:00:00+00:00,29.54,29.55,29.325,29.52,15496.0,,,,,,,,,,,,,,,,,,,,29.71302555070058,29.655687267912143,,,,,,,,,,,,,,,,,,,,,,,,,,29.594592084340565,,,,,,,29.654434967651095,#000000,,29.654434967651095,,46.7590674940069,6.981749915480009,False,True,False,True,False,4.162854850255311,0.0,0.0,0.0,0.0,0,,,False,False,False,False,,,False,False,False,False,405.0,4494.438597048972,False,False,False,False,3371.1968175526645,False,False,False,False
2025-02-07 15:00:00+00:00,28.675,28.815,28.11,28.44,14100.0,,,,,,,,,,,,,,,,,,,,29.47052206090103,29.545076181266985,,,,,,,,,,,,,,,,,,,,,,,,,,29.463846432378336,,,,,,,29.493148224848785,#000000,,29.493148224848785,,38.004144762122834,-1.4319168002905514,False,True,False,True,False,0.0,0.0,0.0,0.0,0.0,0,,,False,False,False,False,,,False,False,False,False,-13695.0,4212.431797094724,False,False,False,False,3537.534851389057,False,False,False,False
2025-02-07 16:00:00+00:00,28.44,28.48,27.98,28.04,6917.0,,,,,,,,,,,,,,,,,,,,29.357876172514146,29.485475757367386,,,,,,,,,,,,,,,,,,,,,,,,,,29.394727597434283,,,,,,,29.41269317577194,#000000,,29.41269317577194,,30.94607081850665,-7.988337036735942,False,True,False,True,False,0.0,0.0,0.0,0.0,0.0,0,,,False,False,False,False,,,False,False,False,False,-20612.0,3827.55688551186,False,False,False,False,3589.9296598946535,False,False,False,False
2025-02-07 17:00:00+00:00,28.03,28.16,27.81,28.03,9680.0,,,,,,,,,,,,,,,,,,,,29.211410806413873,29.40071801461414,,,,,,,,,,,,,,,,,,,,,,,,,,29.297942336826917,,,,,,,29.30335705261831,#000000,,29.30335705261831,,26.212618221270624,-12.370009687449354,False,True,False,True,False,0.0,0.0,0.0,0.0,0.0,0,,,False,False,False,False,,,False,False,False,False,-30292.0,3298.5715074419086,False,False,False,False,3684.3493550900853,False,False,False,False
2025-02-07 18:00:00+00:00,28.005,28.16,27.77,27.825,5815.0,,,,,,,,,,,,,,,,,,,,29.132723040805935,29.35159186670314,,,,,,,,,,,,,,,,,,,,,,,,,27.91833333333333,29.24273291170311,,,,,,,28.91134528813638,#000000,,28.91134528813638,,22.4794976594094,-15.961373911001175,False,True,False,True,False,0.0,0.0,0.0,0.0,0.0,0,,,False,False,False,False,,,False,False,False,False,-36107.0,2687.6324143032743,False,False,False,False,3717.382698422022,False,False,False,False
2025-02-07 19:00:00+00:00,27.82,28.0,27.79,27.93,8317.0,,,,,,,,,,,,,,,,,,,,29.034555908543926,29.28620327193913,,,,,,,,,,,,,,,,,,,,,,,,,27.911467237475232,29.17040099549122,,,,,,,28.850656853362377,#000000,,28.850656853362377,,21.584532880052013,-17.13848329308839,False,True,False,True,False,0.0,0.0,0.0,0.0,0.0,0,,,False,False,False,False,,,False,False,False,False,-27790.0,2215.1109815233785,False,False,False,False,3788.6945945705174,False,False,False,False
2025-02-07 20:00:00+00:00,27.93,28.065,27.815,27.86,15252.0,,,,,,,,,,,,,,,,,,,,28.8910041804125,29.18100166468211,,,,,,,,,,,,,,,,,,,,,,,,,27.912435849441877,29.05687054165335,,,,,,,28.76032805904746,#000000,,28.76032805904746,,20.720750931704266,-18.547538945422836,False,True,False,True,False,0.0,0.0,0.0,0.0,0.0,0,,,False,False,False,False,,,False,False,False,False,-43042.0,1513.450346150923,False,False,False,False,3966.420259770974,False,False,False,False
2025-02-10 15:00:00+00:00,28.32,28.86,28.32,28.735,10325.0,,,,,,,,,,,,,,,,,,,,28.87085133228275,29.15423916470038,,,,,,,,,,,,,,,,,,,,,,,,,28.101181260335608,29.032756008548972,,,,,,,28.789756941466926,#000000,,28.789756941466926,,29.941067029132096,-18.547538945422836,False,True,False,True,True,0.0,0.0,0.0,0.0,0.0,0,,,False,False,False,False,,,False,False,False,False,-32717.0,982.7456896214514,False,False,False,False,4065.002891402432,False,False,False,False
2025-02-10 16:00:00+00:00,28.735,28.92,28.63,28.915,13379.0,,,,,,,,,,,,,,,,,,,,28.86624419768818,29.134263105280723,,,,,,,,,,,,,,,,,,,,,,,,,28.28275476567209,29.01809127194304,,,,,,,28.825338335146007,#000000,,28.825338335146007,,37.42067443120823,-23.85978888179958,False,True,False,True,True,0.0,0.0,0.0,0.0,0.0,0,,,False,False,False,False,,,False,False,False,False,-19338.0,667.6953688521266,False,False,False,False,4209.405947349681,False,False,False,False
2025-02-10 17:00:00+00:00,28.915,29.0,28.7,28.955,11925.0,,,,,,,,,,,,,,,,,,,,28.867689459536304,29.121596325557743,,,,,,,,,,,,,,,,,,,,,,,,,28.393221509544244,29.010330591780892,,,,,,,28.848209471604797,#000000,,28.848209471604797,,42.708615595911425,-18.908601000795848,False,True,False,True,True,0.0,0.0,0.0,0.0,0.0,0,,,False,False,False,False,,,False,False,False,False,-7413.0,542.4132701102332,False,False,False,False,4329.027560569066,False,False,False,False
2025-02-10 18:00:00+00:00,28.955,29.2,28.95,29.18,7155.0,,,,,,,,,,,,,,,,,,,,28.878397391159343,29.121253213465057,,,,,,,,,,,,,,,,,,,,,,,,,28.464285555925066,29.01369980597998,,,,,,,28.869408991632362,#000000,,28.869408991632362,,47.90494340562346,-13.98273940975438,False,False,False,False,True,0.6957581584585704,0.0,0.0,0.0,0.0,0,,,False,False,False,False,,,False,False,False,False,-258.0,530.0037620465085,False,False,False,False,4372.841086761793,False,False,False,False
2025-02-10 19:00:00+00:00,29.18,29.26,28.96,29.015,8178.0,,,,,,,,,,,,,,,,,,,,28.888010453350894,29.119849212730184,,,,,,,,,,,,,,,,,,,,,,,,,28.526786274363378,29.0161041590854,,,,,,,28.887687524882466,#000000,,28.925816686572638,,49.7886867791301,-11.984961440932452,False,False,False,False,True,0.0,0.0,0.0,0.0,0.0,0,,,False,False,False,False,,,False,False,False,False,-8436.0,390.99595178222154,False,False,False,False,4431.835798594944,False,False,False,False
2025-02-10 20:00:00+00:00,29.015,29.04,28.755,28.9,14150.0,,,,,,,,,,,,,,,,,,,,28.88880327545562,29.107982994446317,,,,,,,,,,,,,,,,,,,,,,,,,28.582422395304206,29.008982242830896,,,,,,,28.89704772700926,#000000,,28.910490444834444,,49.974316222941255,-11.273966871698136,False,False,False,False,True,0.0,0.0,0.0,0.0,0.0,0,,,False,False,False,False,,,False,False,False,False,-22586.0,34.76345640575295,False,False,False,False,4582.505011019829,False,False,False,False
2025-02-11 15:00:00+00:00,28.855,28.895,28.605,28.725,5643.0,,,,,,,,,,,,,,,,,,,,28.884430602514545,29.10032108068438,,,,,,,,,,,,,,,,,,,,,,,,,28.59139607612086,29.002687359420452,,,,,,,28.894708779685057,#000000,,28.89963783041686,,48.53607323241626,-11.273966871698136,False,False,False,False,True,0.0,0.0,0.0,0.0,0.0,0,,,False,False,False,False,,,False,False,False,False,-28229.0,-403.4344266392975,False,False,False,False,4598.946793794715,False,False,False,False
2025-02-11 16:00:00+00:00,28.74,28.825,28.55,28.555,5177.0,,,,,,,,,,,,,,,,,,,,28.878031715190453,29.0917171087165,,,,,,,,,,,,,,,,,,,,,,,,,28.593949146695024,28.995088095529873,,,,,,,28.889696516532965,#000000,,28.88700632830621,,46.17202876134447,-11.273966871698136,False,False,False,True,True,0.0,0.0,0.0,0.0,0.0,0,,,False,False,False,False,,,False,False,False,False,-33406.0,-915.1021099472154,False,False,False,False,4607.9088590072,False,False,False,False
2025-02-11 17:00:00+00:00,28.555,28.635,28.485,28.61,3532.0,,,,,,,,,,,,,,,,,,,,28.872671848170366,29.085185145953997,,,,,,,,,,,,,,,,,,,,,,,,,28.593388348890194,28.98913717105176,,,,,,,28.88509562851658,#000000,,28.87755619201719,,45.230591352909194,-11.273966871698136,False,False,False,True,False,0.0,0.0,0.0,0.0,0.0,0,,,False,False,False,False,,,False,False,False,False,-29874.0,-1364.0772710333051,False,False,False,False,4591.228101503212,False,False,False,False
2025-02-11 18:00:00+00:00,28.61,28.665,28.56,28.635,2217.0,,,,,,,,,,,,,,,,,,,,28.86988225070715,29.081511297221176,,,,,,,,,,,,,,,,,,,,,,,,,28.59391955161392,28.985870965853692,,,,,,,28.882796016348983,#000000,,28.873124310829656,,44.911789089878724,-11.273966871698136,False,False,False,True,False,0.0,0.0,0.0,0.0,0.0,0,,,False,False,False,False,,,False,False,False,False,-27657.0,-1771.7194838855019,False,False,False,False,4554.418363495411,False,False,False,False
2025-02-11 19:00:00+00:00,28.645,28.905,28.64,28.845,3820.0,,,,,,,,,,,,,,,,,,,,28.86851546057562,29.077687180622625,,,,,,,,,,,,,,,,,,,,,,,,,28.60066102334218,28.9830296919164,,,,,,,28.882473339114206,#000000,,28.87219063218125,,47.18565137095185,-10.735275905503144,False,False,False,True,False,0.0,0.0,0.0,0.0,0.0,0,,,False,False,False,False,,,False,False,False,False,-23837.0,-2113.816856228362,False,False,False,False,4543.032032278427,False,False,False,False
2025-02-11 20:00:00+00:00,28.85,28.865,28.655,28.67,14705.0,,,,,,,,,,,,,,,,,,,,28.859228805818862,29.060601601374135,,,,,,,,,,,,,,,,,,,,,,,,,28.615337538904747,28.969202033565736,,,,,,,28.87609249491587,#000000,,28.861909946149222,,46.778845066859986,-10.472607847554592,False,False,False,True,False,0.0,0.0,0.0,0.0,0.0,0,,,False,False,False,False,,,False,False,False,False,-38542.0,-2678.594889465132,False,False,False,False,4700.581923250855,False,False,False,False
2025-02-12 15:00:00+00:00,28.08,28.205,27.84,28.15,15946.0,,,,,,,,,,,,,,,,,,,,28.805400064037457,29.010232257470918,,,,,,,,,,,,,,,,,,,,,,,,28.064999999999998,28.555038489903982,28.918616461425124,,,,,,,28.6708574545675,#000000,,28.66643239173347,,42.347488847772645,-10.472607847554592,False,False,False,True,False,0.0,0.0,0.0,0.0,0.0,0,,,False,False,False,False,,,False,False,False,False,-54488.0,-3481.8414803261376,False,False,False,False,4874.929490332237,False,False,False,False
2025-02-12 16:00:00+00:00,28.15,28.175,27.935,28.125,13591.0,,,,,,,,,,,,,,,,,,,,28.765694338409617,28.971709724841336,,,,,,,,,,,,,,,,,,,,,,,,28.071135129950008,28.51432321353384,28.88037304252995,,,,,,,28.64064708985295,#000000,,28.62651422209051,,39.23170959160386,-3.935935423139213,False,True,False,True,False,0.0,0.0,0.0,0.0,0.0,0,,,False,False,False,False,,,False,False,False,False,-68079.0,-4483.347813964492,False,False,False,False,5010.062366451117,False,False,False,False
2025-02-12 17:00:00+00:00,28.125,28.43,28.095,28.41,4357.0,,,,,,,,,,,,,,,,,,,,28.75788238089409,28.9630772174811,,,,,,,,,,,,,,,,,,,,,,,,28.10205493597687,28.50892222888274,28.872194713807612,,,,,,,28.64082629540848,#000000,0.6306456865641625,28.62472175672805,-0.34047922835702127,40.65095064080877,-3.935935423139213,False,True,False,True,False,0.0,0.0,0.0,0.0,0.0,0,,,False,False,False,False,,,False,False,False,False,-63722.0,-5401.7765300270585,False,False,False,False,4999.9373685216415,False,False,False,False
2025-02-12 18:00:00+00:00,28.41,28.425,28.35,28.42,10229.0,,,,,,,,,,,,,,,,,,,,28.743922451313825,28.946253288522065,,,,,,,,,,,,,,,,,,,,,,,,28.170740921212673,28.502410259067155,28.856718916456746,,,,,,,28.644009167314493,#000000,0.6353619809579801,28.62492521838936,-0.32253301980766785,41.71280574943733,-3.935935423139213,False,True,False,True,False,0.0,0.0,0.0,0.0,0.0,0,,,False,False,False,False,,,False,False,False,False,-53493.0,-6147.376893902608,False,False,False,False,5081.008106994174,False,False,False,False
2025-02-12 19:00:00+00:00,28.415,28.42,28.24,28.245,17668.0,,,,,,,,,,,,,,,,,,,,28.716127687426194,28.914709011708965,,,,,,,,,,,,,,,,,,,,,,,,28.208176730160275,28.483877918915667,28.827080342526138,,,,,,,28.629994338147448,"rgba(239, 83, 80, 0.5)",0.6410900205231839,28.60761837379013,-0.5656278559666291,40.8444229391692,-3.935935423139213,False,True,False,True,False,0.0,0.0,0.0,0.0,0.0,0,,,False,False,False,False,,,False,False,False,False,-71161.0,-7155.340042834349,False,False,False,False,5276.155268126047,False,False,False,False
2025-02-12 20:00:00+00:00,28.245,28.36,28.245,28.305,13318.0,,,,,,,,,,,,,,,,,,,,28.697456454355475,28.892958623612717,,,,,,,,,,,,,,,,,,,,,,,,28.225049483639335,28.472131438518666,28.80681478608417,,,,,,,28.618882157242076,#000000,0.644248343364521,28.595135766022764,-0.4503477098715695,41.0763179447085,-3.935935423139213,False,True,False,True,False,0.0,0.0,0.0,0.0,0.0,0,,,False,False,False,False,,,False,False,False,False,-57843.0,-7941.1952359687,False,False,False,False,5400.835031410915,False,False,False,False
2025-02-13 15:00:00+00:00,28.375,28.435,28.31,28.42,4004.0,,,,,,,,,,,,,,,,,,,,28.693309208366006,28.887618362952708,,,,,,,,,,,,,,,,,,,,,,,,28.23331346723463,28.47052375864266,28.802002568469387,,,,,,,28.61735347313308,#000000,0.6439287633366396,28.593431406197585,-0.2693332183189257,42.776287709873685,-3.935935423139213,False,False,False,True,True,0.0,0.0,0.0,0.0,0.0,0,,,False,False,False,False,,,False,False,False,False,-53839.0,-8652.789108279263,False,False,False,False,5379.178674334777,False,False,False,False
2025-02-13 16:00:00+00:00,28.42,28.425,28.29,28.38,4147.0,,,,,,,,,,,,,,,,,,,,28.688809770880358,28.881952267912496,,,,,,,,,,,,,,,,,,,,,,,,28.239872487789253,28.468467817712,28.79685915847392,,,,,,,28.615192300553606,#000000,0.6457668672569449,28.591095794217228,-0.3268916460733127,43.44632865652164,-3.935935423139213,False,False,False,True,True,0.0,0.0,0.0,0.0,0.0,0,,,False,False,False,False,,,False,False,False,False,-57986.0,-9417.64509109664,False,False,False,False,5360.075128996253,False,False,False,False
2025-02-13 17:00:00+00:00,28.38,28.615,28.36,28.51,5522.0,,,,,,,,,,,,,,,,,,,,28.685336335459166,28.87644553400769,,,,,,,,,,,,,,,,,,,,,,,,28.255740728225692,28.469138740314687,28.79220136401149,,,,,,,28.615772540403746,#000000,0.6478056376291781,28.591732838460814,-0.12616876685410788,45.717584686133236,-3.935935423139213,False,False,False,True,True,0.0,0.0,0.0,0.0,0.0,0,,,False,False,False,False,,,False,False,False,False,-52464.0,-10085.030438521499,False,False,False,False,5362.585592112589,False,False,False,False
2025-02-13 18:00:00+00:00,28.51,28.615,28.41,28.46,2489.0,,,,,,,,,,,,,,,,,,,,28.68381109064919,28.87401433324627,,,,,,,,,,,,,,,,,,,,,,,,28.262265432977983,28.469430184595733,28.790148571085,,,,,,,28.615933922510834,#000000,0.6529288966986725,28.59193278959502,-0.20206302747832997,46.542667978796736,-7.857242351451973,False,False,False,True,True,0.0,0.0,0.0,0.0,0.0,0,,,False,False,False,False,,,False,False,False,False,-54953.0,-10780.65787358318,False,False,False,False,5318.033877506193,False,False,False,False
2025-02-13 19:00:00+00:00,28.445,28.67,28.43,28.56,5513.0,,,,,,,,,,,,,,,,,,,,28.68153559177984,28.869550207435356,,,,,,,,,,,,,,,,,,,,,,,,28.27884521201852,28.47147352022169,28.786580173723863,,,,,,,28.617596941035856,#000000,0.6563374214615622,28.593803695612305,-0.05150353234016524,48.55551978908172,-5.725413753654806,False,False,False,False,True,0.0,0.0,0.0,0.0,0.0,0,,,False,False,False,False,,,False,False,False,False,-49440.0,-11380.027518953984,False,False,False,False,5321.056608087492,False,False,False,False
2025-02-13 20:00:00+00:00,28.56,28.73,28.545,28.72,21340.0,,,,,,,,,,,,,,,,,,,,28.680489919209464,28.85909154293464,,,,,,,,,,,,,,,,,,,,,,,,28.348607014662562,28.4881453880954,28.7798795866821,,,,,,,28.63124269031683,#000000,0.6577919110160899,28.61702396542254,0.15654804027369718,51.98857872295965,-2.388278227447408,True,False,True,False,True,0.0,0.0,0.0,0.0,0.0,0,,,False,False,False,False,,,False,False,False,False,-28100.0,-11639.251898505085,False,False,False,False,5569.412319590012,False,False,False,False
2025-02-14 15:00:00+00:00,28.6,28.72,28.505,28.51,16316.0,,,,,,,,,,,,,,,,,,,,28.675778460575945,28.848528871702758,,,,,,,,,,,,,,,,,,,,,,,,28.376487218585744,28.49371864308348,28.771730310134387,,,,,,,28.63324870081646,#000000,0.6613741291725432,28.61406877043878,-0.1573523454402148,51.071200256325135,-2.388278227447408,True,False,False,False,True,0.0,0.0,0.0,0.0,0.0,0,,,False,False,False,False,,,False,False,False,False,-44416.0,-12147.418535737563,False,False,False,False,5736.026082076988,False,False,False,False
2025-02-14 16:00:00+00:00,28.51,28.55,28.43,28.53,7943.0,,,,,,,,,,,,,,,,,,,,28.671991700671246,28.84232025137409,,,,,,,,,,,,,,,,,,,,,,,,28.38356347550855,28.493999441120987,28.76654914812934,,,,,,,28.631684803360844,#000000,0.6637969066915981,28.609854878779856,-0.12030016707648805,50.750800647516115,-2.388278227447408,True,False,False,False,True,0.0,0.0,0.0,0.0,0.0,0,,,False,False,False,False,,,False,False,False,False,-36473.0,-12524.559333633104,False,False,False,False,5770.242731967267,False,False,False,False
2025-02-14 17:00:00+00:00,28.53,28.585,28.46,28.505,6557.0,,,,,,,,,,,,,,,,,,,,28.669226180940047,28.83755587933203,,,,,,,,,,,,,,,,,,,,,,,,28.389423268877852,28.494533060472232,28.76262956592604,,,,,,,28.630673591109637,#000000,0.6663804002503664,28.607585428897572,-0.15394424694818526,50.14254283713198,-2.388278227447408,True,False,False,False,False,0.0,0.0,0.0,0.0,0.0,0,,,False,False,False,False,,,False,False,False,False,-43030.0,-12997.511902103908,False,False,False,False,5782.440519068549,False,False,False,False
2025-02-14 18:00:00+00:00,28.515,28.535,28.44,28.515,2758.0,,,,,,,,,,,,,,,,,,,,28.667943487201878,28.83547096700751,,,,,,,,,,,,,,,,,,,,,,,,28.39137304600808,28.494553980262214,28.760886321975118,,,,,,,28.630045560490963,#000000,0.6697326883719162,28.606418132044382,-0.1364994327313098,49.91614585163531,-2.388278227447408,True,False,False,False,False,0.0,0.0,0.0,0.0,0.0,0,,,False,False,False,False,,,False,False,False,False,-40272.0,-13420.372182691444,False,False,False,False,5735.549968385316,False,False,False,False
2025-02-14 19:00:00+00:00,28.51,28.51,28.44,28.495,4083.0,,,,,,,,,,,,,,,,,,,,28.665915921559844,28.832296226865687,,,,,,,,,,,,,,,,,,,,,,,,28.39373963020737,28.49436959256546,28.758202989969366,,,,,,,28.628904872233544,#000000,0.6731977742411538,28.604471432180294,-0.16261407326203894,49.38395432827606,-2.388278227447408,True,False,False,False,False,0.0,0.0,0.0,0.0,0.0,0,,,False,False,False,False,,,False,False,False,False,-44355.0,-13899.978815517932,False,False,False,False,5709.9290386429075,False,False,False,False
2025-02-14 20:00:00+00:00,28.495,28.495,28.38,28.395,3080.0,,,,,,,,,,,,,,,,,,,,28.66394033661736,28.82954662041807,,,,,,,,,,,,,,,,,,,,,,,,28.394313393469766,28.493611087036147,28.755792870579167,,,,,,,28.627440861624102,#000000,0.6779017176101111,28.602134275629965,-0.30555207377287746,47.17529689979383,0.5402410068560997,True,False,False,True,False,0.0,0.0,0.0,0.0,0.0,0,,,False,False,False,False,,,False,False,False,False,-47435.0,-14419.901624579668,False,False,False,False,5669.154945020537,False,False,False,False
2025-02-17 15:00:00+00:00,28.395,28.395,28.395,28.395,0.0,,,,,,,,,,,,,,,,,,,,28.66394033661736,28.82954662041807,,,,,,,,,,,,,,,,,,,,,,,,28.394313393469766,28.493611087036147,28.755792870579167,,,,,,,28.627440861624102,#000000,0.6824332921232654,28.602134275629965,-0.3035231106406091,45.702858614139004,-0.9764643103995212,True,False,False,True,False,0.0,0.0,0.0,0.0,0.0,1,,,False,False,False,False,,,False,False,False,False,-47435.0,-14931.763614896261,False,False,False,False,5581.261069903939,False,False,False,False
2025-02-17 16:00:00+00:00,28.395,28.395,28.395,28.395,0.0,,,,,,,,,,,,,,,,,,,,28.66394033661736,28.82954662041807,,,,,,,,,,,,,,,,,,,,,,,,28.394313393469766,28.493611087036147,28.755792870579167,,,,,,,28.627440861624102,#000000,0.6867026383475698,28.602134275629965,-0.3016360562242742,44.721233090369125,-2.0210852650353743,False,False,False,True,False,0.0,0.0,0.0,0.0,0.0,0,,,False,False,False,False,,,False,False,False,False,-47435.0,-15435.689760401745,False,False,False,False,5494.729890525583,False,False,False,False
2025-02-17 17:00:00+00:00,28.395,28.395,28.395,28.395,0.0,,,,,,,,,,,,,,,,,,,,28.66394033661736,28.82954662041807,,,,,,,,,,,,,,,,,,,,,,,,28.394313393469766,28.493611087036147,28.755792870579167,,,,,,,28.627440861624102,#000000,0.6906429436949859,28.602134275629965,-0.2999151406974243,44.066816074522535,-2.7806849208353484,False,False,False,True,False,0.0,0.0,0.0,0.0,0.0,0,,,False,False,False,False,,,False,False,False,False,-47435.0,-15931.80309744978,False,False,False,False,5409.54027981976,False,False,False,False
2025-02-17 18:00:00+00:00,28.395,28.395,28.395,28.395,0.0,,,,,,,,,,,,,,,,,,,,28.66394033661736,28.82954662041807,,,,,,,,,,,,,,,,,,,,,,,,28.394313393469766,28.493611087036147,28.755792870579167,,,,,,,28.627440861624102,#000000,0.6878396916734604,28.602134275629965,-0.30113742800451576,43.63053806395814,-3.36675198009916,False,False,False,True,False,0.0,0.0,0.0,0.0,0.0,0,,,False,False,False,False,,,False,False,False,False,-47435.0,-16420.224754853658,False,False,False,False,5325.671438272167,False,False,False,False
2025-02-17 19:00:00+00:00,28.395,28.395,28.395,28.395,0.0,,,,,,,,,,,,,,,,,,,,28.66394033661736,28.82954662041807,,,,,,,,,,,,,,,,,,,,,,,,28.394313393469766,28.493611087036147,28.755792870579167,,,,,,,28.627440861624102,#000000,0.6820618251546795,28.602134275629965,-0.30368841649067607,43.33968605691521,-3.844492175843129,False,False,False,True,False,0.0,0.0,0.0,0.0,0.0,0,,,False,False,False,False,,,False,False,False,False,-47435.0,-16901.073983460577,False,False,False,False,5243.10288884159,False,False,False,False
2025-02-17 20:00:00+00:00,28.395,28.395,28.395,28.395,0.0,,,,,,,,,,,,,,,,,,,,28.66394033661736,28.82954662041807,,,,,,,,,,,,,,,,,,,,,,,,28.394313393469766,28.493611087036147,28.755792870579167,,,,,,,28.627440861624102,#000000,0.6738532668357587,28.602134275629965,-0.3073878035831364,43.145784718886595,-4.251244691527212,False,False,False,True,False,0.0,0.0,0.0,0.0,0.0,0,,,False,False,False,False,,,False,False,False,False,-47435.0,-17374.468185267393,False,False,False,False,5161.814471960325,False,False,False,False
2025-02-18 15:00:00+00:00,28.02,28.02,27.725,27.97,9795.0,,,,,,,,,,,,,,,,,,,,28.644780461989043,28.810192156854363,,,,,,,,,,,,,,,,,,,,,,,,28.365895639645196,28.47427991210834,28.736755277105132,,,,,,,28.606380689540412,"rgba(239, 83, 80, 0.5)",0.670030300511553,28.57035612672822,-0.8960133986028153,35.500596289537,-11.372257855224795,False,True,False,True,False,0.0,0.0,0.0,0.0,0.0,0,,,False,False,False,False,,,False,False,False,False,-57230.0,-17992.383407201232,False,False,False,False,5233.646805728382,False,False,False,False
2025-02-18 16:00:00+00:00,27.97,27.98,27.735,27.845,7193.0,,,,,,,,,,,,,,,,,,,,28.63037474716291,28.79570509852127,,,,,,,,,,,,,,,,,,,,,,,,28.344929579734128,28.459656799993883,28.72247345480481,,,,,,,28.590627936043404,"rgba(239, 83, 80, 1.0)",0.6668628652737224,28.548169766184255,-1.0544443285136764,29.40297035812131,-16.649734857691158,False,True,False,True,False,0.0,0.0,0.0,0.0,0.0,0,,,False,False,False,False,,,False,False,False,False,-64423.0,-18712.23792801982,False,False,False,False,5264.024374631817,False,False,False,False
2025-02-18 17:00:00+00:00,27.845,27.88,27.715,27.775,7823.0,,,,,,,,,,,,,,,,,,,,28.61406167003718,28.779413140338708,,,,,,,,,,,,,,,,,,,,,,,,28.32129389164743,28.442933657236853,28.7063615980057,,,,,,,28.572812791453174,"rgba(239, 83, 80, 1.0)",0.6687362493324019,28.52416906330355,-1.1202758397670907,24.846980571307707,-20.383122142663332,False,True,False,True,False,0.0,0.0,0.0,0.0,0.0,0,,,False,False,False,False,,,False,False,False,False,-72246.0,-19542.218735337337,False,False,False,False,5303.6984153352005,False,False,False,False
2025-02-18 18:00:00+00:00,27.78,27.83,27.73,27.73,4606.0,,,,,,,,,,,,,,,,,,,,28.604448448806995,28.769813423421763,,,,,,,,,,,,,,,,,,,,,,,,28.307644042320398,28.43308605039408,28.69686455149313,,,,,,,28.56237130328727,"rgba(239, 83, 80, 1.0)",0.6704447562410848,28.510555212136488,-1.164234942357888,21.50393207464028,-23.05619607992666,False,True,False,True,False,0.0,0.0,0.0,0.0,0.0,0,,,False,False,False,False,,,False,False,False,False,-76852.0,-20430.742475874744,False,False,False,False,5292.881385640081,False,False,False,False
2025-02-18 19:00:00+00:00,27.725,27.82,27.7,27.805,4697.0,,,,,,,,,,,,,,,,,,,,28.59499939769946,28.76032039665352,,,,,,,,,,,,,,,,,,,,,,,,28.294679518072286,28.42350339208118,28.687493458627586,,,,,,,28.552199232626805,"rgba(239, 83, 80, 1.0)",0.6674639849244054,28.49762242735875,-1.0376925841732019,22.072697231464133,-23.05619607992666,False,True,False,True,False,0.0,0.0,0.0,0.0,0.0,0,,,False,False,False,False,,,False,False,False,False,-72155.0,-21232.668949116996,False,False,False,False,5283.6429145448865,False,False,False,False
2025-02-18 20:00:00+00:00,27.805,27.87,27.76,27.835,29425.0,,,,,,,,,,,,,,,,,,,,28.5434856651718,28.707372526165727,,,,,,,,,,,,,,,,,,,,,,,,28.23209677008393,28.37319217402009,28.635656667697564,,,,,,,28.498360760627822,"rgba(239, 83, 80, 0.5)",0.660469209408411,28.433940090441478,-0.9068402915829399,23.538529282278315,-23.05619607992666,False,True,False,True,True,0.0,0.0,0.0,0.0,0.0,0,,,False,False,False,False,,,False,False,False,False,-42730.0,-21565.96090339425,False,False,False,False,5657.927520520935,False,False,False,False
2025-02-19 15:00:00+00:00,27.44,27.55,27.4,27.515,8580.0,,,,,,,,,,,,,,,,,,,,28.523381411003758,28.68764619163384,,,,,,,,,,,,,,,,,,,,,,,,28.20446887897942,28.352136376662873,28.615971119030103,,,,,,,28.476720795462,"rgba(239, 83, 80, 1.0)",0.6661325923797939,28.408357779423955,-1.34111104852622,21.537840175254246,-23.05619607992666,False,True,False,True,True,0.0,0.0,0.0,0.0,0.0,0,,,False,False,False,False,,,False,False,False,False,-51310.0,-22027.108796364882,False,False,False,False,5703.230969815184,False,False,False,False
2025-02-19 16:00:00+00:00,27.515,27.575,27.44,27.44,11416.0,,,,,,,,,,,,,,,,,,,,28.497707991772955,28.66229829585142,,,,,,,,,,,,,,,,,,,,,,,,28.170584422460216,28.325524544830536,28.590728360183526,,,,,,,28.449368723019735,"rgba(239, 83, 80, 1.0)",0.6746817868547414,28.376799174003647,-1.3885052068336596,19.726367997315673,-24.48559390118974,False,True,False,True,False,0.0,0.0,0.0,0.0,0.0,0,,,False,False,False,False,,,False,False,False,False,-62726.0,-22658.09935766155,False,False,False,False,5791.801032298669,False,False,False,False
2025-02-19 17:00:00+00:00,27.445,27.49,27.33,27.395,8379.0,,,,,,,,,,,,,,,,,,,,28.47823204100618,28.64314455466306,,,,,,,,,,,,,,,,,,,,,,,,28.145004393048218,28.305246456254732,28.57161698973504,,,,,,,28.428648886941442,"rgba(239, 83, 80, 1.0)",0.6868846107378304,28.353162122629676,-1.394938986331996,18.23811288761475,-26.07918476914694,False,True,False,True,False,0.0,0.0,0.0,0.0,0.0,0,,,False,False,False,False,,,False,False,False,False,-71105.0,-23409.214096302458,False,False,False,False,5831.912644201016,False,False,False,False
2025-02-19 18:00:00+00:00,27.395,27.49,27.34,27.47,6753.0,,,,,,,,,,,,,,,,,,,,28.463434854880845,28.62847091832489,,,,,,,,,,,,,,,,,,,,,,,,28.12634267600675,28.290036547857067,28.557020228681967,,,,,,,28.4130610451503,"rgba(239, 83, 80, 1.0)",0.701391808099054,28.335705003112597,-1.2342673426125035,19.76740580688984,-26.07918476914694,False,True,False,True,False,0.0,0.0,0.0,0.0,0.0,0,,,False,False,False,False,,,False,False,False,False,-64352.0,-24043.985970778387,False,False,False,False,5846.19306832193,False,False,False,False
2025-02-19 19:00:00+00:00,27.47,27.58,27.46,27.54,7213.0,,,,,,,,,,,,,,,,,,,,28.449476433355233,28.6143795361807,,,,,,,,,,,,,,,,,,,,,,,,28.110004205368014,28.276073184710306,28.543098175119816,,,,,,,28.398606306946817,"rgba(239, 83, 80, 1.0)",0.7135612501093714,28.319950559073533,-1.0930393977447435,22.991495911851498,-26.07918476914694,False,True,False,True,True,0.0,0.0,0.0,0.0,0.0,0,,,False,False,False,False,,,False,False,False,False,-57139.0,-24557.086963479498,False,False,False,False,5867.383873464225,False,False,False,False
2025-02-19 20:00:00+00:00,27.54,27.59,27.46,27.485,13646.0,,,,,,,,,,,,,,,,,,,,28.423764482707814,28.58832891585733,,,,,,,,,,,,,,,,,,,,,,,,28.08067483994104,28.250505343029957,28.51738920722133,,,,,,,28.372132557751492,"rgba(239, 83, 80, 1.0)",0.7260618195207323,28.291469494133185,-1.1107449427178666,24.449871068746333,-31.03127828407334,False,True,False,True,True,0.0,0.0,0.0,0.0,0.0,0,,,False,False,False,False,,,False,False,False,False,-70785.0,-25273.79879350307,False,False,False,False,5987.9825731004385,False,False,False,False
2025-02-20 15:00:00+00:00,27.46,27.62,27.405,27.41,5915.0,,,,,,,,,,,,,,,,,,,,28.412660756301687,28.577077643255166,,,,,,,,,,,,,,,,,,,,,,,,28.06814291961834,28.239470103311973,28.506283007400505,,,,,,,28.360726885977535,"rgba(239, 83, 80, 1.0)",0.7379004058875418,28.279288426019313,-1.178056576583311,24.532758776369036,-30.692771608077656,False,True,False,True,True,0.0,0.0,0.0,0.0,0.0,0,,,False,False,False,False,,,False,False,False,False,-76700.0,-26071.104238565036,False,False,False,False,5986.851060339191,False,False,False,False
2025-02-20 16:00:00+00:00,27.41,27.46,27.17,27.18,6328.0,,,,,,,,,,,,,,,,,,,,28.398481772207006,28.563055663394216,,,,,,,,,,,,,,,,,,,,,,,,28.050764643475667,28.224871067536053,28.492305871093695,,,,,,,28.345895803541328,"rgba(239, 83, 80, 1.0)",0.7541730928997952,28.263085114162294,-1.4361227208436098,22.515844295577217,-30.692771608077656,False,True,False,True,True,0.0,0.0,0.0,0.0,0.0,0,,,False,False,False,False,,,False,False,False,False,-83028.0,-26954.156886029145,False,False,False,False,5992.140191186645,False,False,False,False
2025-02-20 17:00:00+00:00,27.18,27.315,27.17,27.225,4795.0,,,,,,,,,,,,,,,,,,,,28.387659398526427,28.552360560850765,,,,,,,,,,,,,,,,,,,,,,,,28.03755113819074,28.21372219019721,28.481640337000833,,,,,,,28.33458672495319,"rgba(239, 83, 80, 1.0)",0.7675163055461868,28.250770456475,-1.3364803445381268,22.597591456685123,-30.692771608077656,False,True,False,True,True,0.0,0.0,0.0,0.0,0.0,0,,,False,False,False,False,,,False,False,False,False,-78233.0,-27749.17770950156,False,False,False,False,5973.579878144991,False,False,False,False
2025-02-20 18:00:00+00:00,27.225,27.38,27.19,27.37,2040.0,,,,,,,,,,,,,,,,,,,,28.383418621331092,28.548124627120806,,,,,,,,,,,,,,,,,,,,,,,,28.03258448893147,28.209421120620682,28.477433558262398,,,,,,,28.330196483253292,"rgba(239, 83, 80, 1.0)",0.7731551596548316,28.24605628727886,-1.1330924670669833,26.768020171686402,-28.01599972850503,False,True,False,True,True,0.0,0.0,0.0,0.0,0.0,0,,,False,False,False,False,,,False,False,False,False,-76193.0,-28500.24472175735,False,False,False,False,5912.594143600108,False,False,False,False
2025-02-20 19:00:00+00:00,27.365,27.43,27.32,27.415,2275.0,,,,,,,,,,,,,,,,,,,,28.37905734838838,28.543719618642488,,,,,,,,,,,,,,,,,,,,,,,,28.027694679833633,28.205070214054455,28.473077724099785,,,,,,,28.32572391700375,"rgba(239, 83, 80, 1.0)",0.7780200789460577,28.241320131932458,-1.062080728111581,30.691780303375644,-24.31425799241139,False,True,False,True,True,0.0,0.0,0.0,0.0,0.0,0,,,False,False,False,False,,,False,False,False,False,-73918.0,-29204.395966381267,False,False,False,False,5856.197335172198,False,False,False,False
2025-02-20 20:00:00+00:00,27.415,27.46,27.31,27.455,7081.0,,,,,,,,,,,,,,,,,,,,28.365993308676423,28.530454236956277,,,,,,,,,,,,,,,,,,,,,,,,28.013400685307285,28.192142735479475,28.45998623326186,,,,,,,28.312395439936267,"rgba(239, 83, 80, 0.5)",0.7816724504674613,28.2273264361065,-0.9880435668989375,34.33626708264977,-20.97607013241438,False,False,False,True,True,0.0,0.0,0.0,0.0,0.0,0,,,False,False,False,False,,,False,False,False,False,-66837.0,-29787.84719170869,False,False,False,False,5875.1865237741795,False,False,False,False
2025-02-21 15:00:00+00:00,27.16,27.23,26.985,27.04,5264.0,,,,,,,,,,,,,,,,,,,,28.353304335444665,28.518007774331732,,,,,,,,,,,,,,,,,,,,,,,,27.997741165601248,28.178947514197844,28.44753214928303,,,,,,,28.299106587771707,"rgba(239, 83, 80, 1.0)",0.7933564403478593,28.212875457081445,-1.4783713819316582,31.63907337358986,-20.97607013241438,False,True,False,True,False,0.0,0.0,0.0,0.0,0.0,0,,,False,False,False,False,,,False,False,False,False,-72101.0,-30443.865064705453,False,False,False,False,5865.710763715664,False,False,False,False
2025-02-21 16:00:00+00:00,27.035,27.145,27.01,27.07,3685.0,,,,,,,,,,,,,,,,,,,,28.34450126112792,28.509361642220036,,,,,,,,,,,,,,,,,,,,,,,,27.986972881105444,28.16981322600443,28.438884211558218,,,,,,,28.28990664440321,"rgba(239, 83, 80, 1.0)",0.8018745324336907,28.202911001202125,-1.412828261004546,30.55816817944818,-20.97607013241438,False,True,False,True,False,0.0,0.0,0.0,0.0,0.0,0,,,False,False,False,False,,,False,False,False,False,-68416.0,-31032.580335020095,False,False,False,False,5831.90129451077,False,False,False,False
2025-02-21 17:00:00+00:00,27.07,27.1,26.93,26.94,2916.0,,,,,,,,,,,,,,,,,,,,28.337160022849254,28.502191791721494,,,,,,,,,,,,,,,,,,,,,,,,27.977850506977607,28.162138634085547,28.431696116961856,,,,,,,28.28220741451915,"rgba(255, 0, 0, 1.0)",0.8123718083211274,28.194538449410235,-1.5442909718924163,28.659011008637723,-15.732020492490783,False,True,False,True,False,0.0,0.0,0.0,0.0,0.0,0,,,False,False,False,False,,,False,False,False,False,-71332.0,-31657.377539128312,False,False,False,False,5786.69352250285,False,False,False,False
2025-02-21 18:00:00+00:00,26.935,26.94,26.84,26.92,1742.0,,,,,,,,,,,,,,,,,,,,28.332521798227983,28.497687759579957,,,,,,,,,,,,,,,,,,,,,,,,27.97199079564416,28.157252950622716,28.427169975618256,,,,,,,28.277324655938617,"rgba(255, 0, 0, 1.0)",0.8176611999097306,28.189204403079543,-1.5522375321461517,27.218090874192058,-17.25588079474563,False,True,False,True,False,0.0,0.0,0.0,0.0,0.0,0,,,False,False,False,False,,,False,False,False,False,-73074.0,-32299.495716816247,False,False,False,False,5723.9850957973795,False,False,False,False
2025-02-21 19:00:00+00:00,26.92,26.945,26.835,26.895,1205.0,,,,,,,,,,,,,,,,,,,,28.329312298123483,28.494570783860226,,,,,,,,,,,,,,,,,,,,,,,,27.967943354693084,28.153873177268594,28.424037711797702,,,,,,,28.273947465148616,"rgba(255, 0, 0, 1.0)",0.8154166292633853,28.185518583552884,-1.5826493319356112,26.023762568783972,-18.604899110253275,False,True,False,True,False,0.0,0.0,0.0,0.0,0.0,0,,,False,False,False,False,,,False,False,False,False,-74279.0,-32950.340744462505,False,False,False,False,5653.923311366412,False,False,False,False
2025-02-21 20:00:00+00:00,26.895,26.95,26.81,26.865,4151.0,,,,,,,,,,,,,,,,,,,,28.31823788593397,28.483814707204655,,,,,,,,,,,,,,,,,,,,,,,,27.954017539228445,28.142215501250988,28.41322849775077,,,,,,,28.262302826273764,"rgba(255, 0, 0, 1.0)",0.8098103604053242,28.17282976313328,-1.6149827503795944,24.932590851926474,-19.90080879472725,False,True,False,True,False,0.0,0.0,0.0,0.0,0.0,0,,,False,False,False,False,,,False,False,False,False,-78430.0,-33655.45174067239,False,False,False,False,5630.62217475608,False,False,False,False
2025-02-24 15:00:00+00:00,26.685,26.87,26.585,26.78,8592.0,,,,,,,,,,,,,,,,,,,,28.293825676784497,28.460236033010375,,,,,,,,,,,,,,,,,,,,,,,26.745,27.92295107902481,28.116341028581118,28.389476435886394,,,,,,,27.987971708881194,"rgba(239, 83, 80, 1.0)",0.7973743906841373,27.969757151971912,-1.4920935082340856,23.39665906567551,-21.620843715761513,False,True,False,True,False,0.0,0.0,0.0,0.0,0.0,0,,,False,False,False,False,,,False,False,False,False,-87022.0,-34482.84008577824,False,False,False,False,5676.535009255986,False,False,False,False
2025-02-24 16:00:00+00:00,26.78,27.01,26.78,26.96,2353.0,,,,,,,,,,,,,,,,,,,,28.28799816986835,28.454525060327608,,,,,,,,,,,,,,,,,,,,,,,26.781905588548806,27.915919349585767,28.110287589253993,28.38375598850911,,,,,,,27.989065291015606,"rgba(239, 83, 80, 1.0)",0.777221355880045,27.968674143523863,-1.2977951981025329,27.751949376298,-21.620843715761513,False,True,False,True,True,0.0,0.0,0.0,0.0,0.0,0,,,False,False,False,False,,,False,False,False,False,-84669.0,-35260.92008444834,False,False,False,False,5625.007334693878,False,False,False,False
2025-02-24 17:00:00+00:00,26.96,27.095,26.945,27.08,4149.0,,,,,,,,,,,,,,,,,,,,28.278755323143127,28.445356692979406,,,,,,,,,,,,,,,,,,,,,,,26.85284991828983,27.905258088426553,28.100848853340363,28.374615675512036,,,,,,,27.992947425281887,"rgba(239, 83, 80, 1.0)",0.7441897643782696,27.968726495760954,-1.194220262493719,33.44847995411784,-22.093815451178067,False,False,False,True,True,0.0,0.0,0.0,0.0,0.0,0,,,False,False,False,False,,,False,False,False,False,-80520.0,-35962.61124592976,False,False,False,False,5602.123500047462,False,False,False,False
2025-02-24 18:00:00+00:00,27.085,27.155,27.02,27.085,2410.0,,,,,,,,,,,,,,,,,,,,28.273648983951897,28.440260529582755,,,,,,,,,,,,,,,,,,,,,,,26.88504246648385,27.899511294695223,28.095680122568613,28.36954693116821,,,,,,,27.993948388075093,"rgba(239, 83, 80, 1.0)",0.729573014703643,27.967944905556674,-1.210221441530881,37.35912542555278,-18.635035543106476,True,False,False,True,True,0.0,0.0,0.0,0.0,0.0,0,,,False,False,False,False,,,False,False,False,False,-78110.0,-36616.05913358976,False,False,False,False,5552.63321322502,False,False,False,False
2025-02-24 19:00:00+00:00,27.085,27.14,27.015,27.055,2035.0,,,,,,,,,,,,,,,,,,,,28.269311076124225,28.43593439358163,,,,,,,,,,,,,,,,,,,,,,,26.90430591807837,27.894622956864538,28.09128508800559,28.36524265402793,,,,,,,27.99345034778038,"rgba(239, 83, 80, 1.0)",0.7197041621951752,27.966268926665386,-1.2661715389916846,39.366550336872734,-16.877780644724695,True,False,False,True,True,0.0,0.0,0.0,0.0,0.0,0,,,False,False,False,False,,,False,False,False,False,-80145.0,-37290.926433844186,False,False,False,False,5498.096264182771,False,False,False,False
2025-02-24 20:00:00+00:00,27.055,27.055,26.9,26.9,11068.0,,,,,,,,,,,,,,,,,,,,28.24398003499362,28.410877921218248,,,,,,,,,,,,,,,,,,,,,,,26.92143235207632,27.86533871506295,28.06533078796633,28.340228930013197,,,,,,,27.974531456888442,"rgba(239, 83, 80, 1.0)",0.7115482421458705,27.944265282988564,-1.4675959002291883,37.98704858260037,-16.877780644724695,True,False,False,True,True,0.0,0.0,0.0,0.0,0.0,0,,,False,False,False,False,,,False,False,False,False,-91213.0,-38126.92757440474,False,False,False,False,5584.451360862107,False,False,False,False
2025-02-25 15:00:00+00:00,26.94,26.94,26.73,26.83,8982.0,,,,,,,,,,,,,,,,,,,,28.22231029212402,28.389558083163816,,,,,,,,,,,,,,,,,,,,,,,26.901444340599657,27.839968826377426,28.042973963036967,28.318895827455613,,,,,,,27.95252522212625,"rgba(255, 0, 0, 1.0)",0.7037649587163987,27.921004195840595,-1.5502394404951425,36.04382601375433,-16.877780644724695,True,False,False,True,False,0.0,0.0,0.0,0.0,0.0,0,,,False,False,False,False,,,False,False,False,False,-100195.0,-39089.22327092559,False,False,False,False,5637.12653356192,False,False,False,False
2025-02-25 16:00:00+00:00,26.83,26.92,26.785,26.92,5140.0,,,,,,,,,,,,,,,,,,,,28.21056964303677,28.377934703085906,,,,,,,,,,,,,,,,,,,,,,,26.89840550873035,27.82658214421626,28.030969663582635,28.30729223245263,,,,,,,27.941958982517423,"rgba(239, 83, 80, 1.0)",0.6917441593406907,27.909540112220363,-1.4305001334069853,37.280284753659465,-16.877780644724695,True,False,False,True,False,0.0,0.0,0.0,0.0,0.0,0,,,False,False,False,False,-0.31726904201698974,-0.31726904201698974,False,False,False,False,-95055.0,-39956.90973184147,False,False,False,False,5629.419145444681,False,False,False,False
2025-02-25 17:00:00+00:00,26.92,26.945,26.81,26.93,3782.0,,,,,,,,,,,,,,,,,,,,28.202188157678997,28.369607839498297,,,,,,,,,,,,,,,,,,,,,,,26.89814000948238,27.81716913130018,28.02244343782146,28.298990299652313,,,,,,,27.93475647923893,"rgba(239, 83, 80, 1.0)",0.6784202104757482,27.9016597442073,-1.432238794192048,38.38176868557348,-16.877780644724695,True,False,False,True,False,0.0,0.0,0.0,0.0,0.0,0,0.9420384239661349,0.9975577987626181,False,False,False,False,-0.31220593810689523,-0.3147374900619425,False,False,False,False,-91273.0,-40752.508030572615,False,False,False,False,5600.776988150965,False,False,False,False
2025-02-25 18:00:00+00:00,26.93,26.995,26.825,26.835,5056.0,,,,,,,,,,,,,,,,,,,,28.19106425370758,28.358546472559443,,,,,,,,,,,,,,,,,,,,,,,26.89689977038101,27.804745156860008,28.01114367218728,28.2879650851666,,,,,,,27.925060735143656,"rgba(255, 0, 0, 1.0)",0.687904462516072,27.89112416033401,-1.53527737917434,37.377060717487886,-16.877780644724695,True,False,False,True,False,0.0,0.0,0.0,0.0,0.0,0,0.9465249386753884,0.9914963205233034,False,False,False,False,-0.30564696529412877,-0.31019222767803567,False,False,False,False,-96329.0,-41614.15906885831,False,False,False,False,5592.330833295911,False,False,False,False
2025-02-25 19:00:00+00:00,26.835,26.865,26.76,26.78,3007.0,,,,,,,,,,,,,,,,,,,,28.18412062559243,28.351678029619485,,,,,,,,,,,,,,,,,,,,,,,26.89183797621993,27.796856589025644,28.004039635535904,28.28110446005427,,,,,,,27.91827288600794,"rgba(255, 0, 0, 1.0)",0.7003445548410235,27.8839570148623,-1.5763055587872667,35.7964555035319,-16.877780644724695,True,False,False,True,False,0.0,0.0,0.0,0.0,0.0,0,0.9457732634338141,0.9895150720838796,False,False,False,False,-0.32540299352840346,-0.31779761060321954,False,False,False,False,-99336.0,-42509.07133135663,False,False,False,False,5552.24818471768,False,False,False,False
2025-02-25 20:00:00+00:00,26.77,26.84,26.735,26.755,8501.0,,,,,,,,,,,,,,,,,,,,28.164512426689743,28.332276301184468,,,,,,,,,,,,,,,,,,,,,,,26.876792700729922,27.774667936519307,27.983991758398357,28.26172517171938,,,,,,,27.898994382540195,"rgba(255, 0, 0, 1.0)",0.7127262529973816,27.863671605787406,-1.5555363663466457,34.329284522596396,-16.877780644724695,True,False,False,True,False,0.0,0.0,0.0,0.0,0.0,0,0.9483691198164237,0.9855761350598263,False,False,False,False,-0.3305078576880136,-0.3241527341456166,False,False,False,False,-107837.0,-43521.90743474645,False,False,False,False,5597.965267125157,False,False,False,False
2025-02-26 15:00:00+00:00,26.83,26.99,26.79,26.915,3469.0,,,,,,,,,,,,,,,,,,,,28.15735476916408,28.325104219082593,,,,,,,,,,,,,,,,,,,,,,,26.877882868425143,27.766958606371684,27.976803326093016,28.254595957464343,,,,,,,27.893116624433475,"rgba(239, 83, 80, 1.0)",0.721568655308904,27.857260102464547,-1.3058495481087187,38.26435185346472,-16.877780644724695,True,False,False,True,True,0.0,0.0,0.0,0.0,0.0,0,0.9489278114257654,0.9821574725814373,False,False,False,False,-0.309680203829771,-0.31691646898769377,False,False,False,False,-104368.0,-44465.257707075965,False,False,False,False,5564.958053681356,False,False,False,False
2025-02-26 16:00:00+00:00,26.925,26.98,26.85,26.875,9401.0,,,,,,,,,,,,,,,,,,,,28.138408462293206,28.30606827393789,,,,,,,,,,,,,,,,,,,,,,,26.880751448671067,27.74680991869959,27.957851517259527,28.23569191092721,,,,,,,27.87759692196475,"rgba(239, 83, 80, 1.0)",0.7307972198746737,27.840403787702645,-1.3210282708357926,40.01144642467979,-15.170246905744172,True,False,False,True,True,0.0,0.0,0.0,0.0,0.0,1,0.9478175254348542,0.9857236626189695,False,False,False,False,-0.304640165618996,-0.3107783173033449,False,False,False,False,-113769.0,-45539.734331772466,False,False,False,False,5624.431572228932,False,False,False,False
2025-02-26 17:00:00+00:00,26.875,26.96,26.71,26.725,14108.0,,,,,,,,,,,,,,,,,,,,28.1087369775727,28.276404743310835,,,,,,,,,,,,,,,,,,,,,,,26.868120086616766,27.714785211298505,27.927969026007123,28.206171405930718,,,,,,,27.85036457512278,"rgba(239, 83, 80, 1.0)",0.7425702987923932,27.811682713036575,-1.4634071882538178,38.36564382390514,-15.170246905744172,True,False,False,True,True,0.0,0.0,0.0,0.0,0.0,0,0.9361808210071466,1.0011633704503906,False,False,False,False,-0.3208225904096517,-0.3158004538564983,False,False,False,False,-127877.0,-46816.28108631863,False,False,False,False,5755.959764907553,False,False,False,False
2025-02-26 18:00:00+00:00,26.72,26.755,26.49,26.495,5521.0,,,,,,,,,,,,,,,,,,,,28.095604450661355,28.2634434402019,,,,,,,,,,,,,,,,,,,,,,,26.851817475283717,27.699986508660125,27.914510008174368,28.193205565712844,,,,,,,27.836427908115724,"rgba(255, 0, 0, 1.0)",0.7515037057924565,27.797373476356793,-1.7330233587916188,34.339166823166856,-10.357129009051967,True,False,False,True,False,0.0,0.0,0.0,0.0,0.0,0,0.9209302325581395,1.0098006644518274,False,False,False,False,-0.34282825441539394,-0.3293143541359461,False,False,False,False,-133398.0,-48158.63331753849,False,False,False,False,5752.316977854723,False,False,False,False
2025-02-26 19:00:00+00:00,26.495,26.54,26.415,26.46,5200.0,,,,,,,,,,,,,,,,,,,,28.08257065874764,28.25064153525483,,,,,,,,,,,,,,,,,,,,,,,26.832583192247064,27.68508242758273,27.901067721584,28.180373766201004,,,,,,,27.82205321693621,"rgba(255, 0, 0, 1.0)",0.7566365116823174,27.78270264331131,-1.7481348347443504,31.29447326636645,-13.202066789175099,True,False,False,True,False,0.0,0.0,0.0,0.0,0.0,0,0.9130651595744681,1.0187832446808511,False,False,False,False,-0.34282825441539394,-0.33607130427567,False,False,False,False,-138598.0,-49560.79404129759,False,False,False,False,5743.753923934494,False,False,False,False
2025-02-26 20:00:00+00:00,26.46,26.595,26.4,26.55,9655.0,,,,,,,,,,,,,,,,,,,,28.05955341780904,28.2279179842594,,,,,,,,,,,,,,,,,,,,,,,26.80531028471302,27.65930239404125,27.877498836157375,28.157640482004023,,,,,,,27.79787056649735,"rgba(255, 0, 0, 1.0)",0.757463625624438,27.757870509840565,-1.5946251001093545,31.91564178842639,-13.202066789175099,True,False,False,True,False,0.0,0.0,0.0,0.0,0.0,0,0.9132890365448505,1.0172757475083058,False,False,False,False,-0.3389780516841953,-0.3375246779799327,False,False,False,False,-128943.0,-50791.525916626306,False,False,False,False,5804.393397982021,False,False,False,False
2025-02-27 15:00:00+00:00,26.49,26.635,26.39,26.43,4741.0,,,,,,,,,,,,,,,,,,,,28.048281933159892,28.2167845868415,,,,,,,,,,,,,,,,,,,,,,,26.79234970555603,27.64673366760431,27.865968129378118,28.146503452062955,,,,,,,27.786103579100466,"rgba(255, 0, 0, 1.0)",0.7541397879834971,27.74578755047162,-1.7447528580741216,30.809407529742735,-13.844932055307005,False,False,False,True,False,0.0,0.0,0.0,0.0,0.0,0,0.912135278514589,1.017241379310345,False,False,False,False,-0.3360967457516395,-0.3368107118657861,False,False,False,False,-133684.0,-52076.68055357784,False,False,False,False,5787.906678633462,False,False,False,False
2025-02-27 16:00:00+00:00,26.43,26.6,26.355,26.38,6912.0,,,,,,,,,,,,,,,,,,,,28.031722008949007,28.20043639844135,,,,,,,,,,,,,,,,,,,,,,,26.77300055608388,27.628269540263098,27.849018211333846,28.130145163085057,,,,,,,27.768765313026037,"rgba(255, 0, 0, 1.0)",0.754328631754528,27.7280024570724,-1.787022791295909,29.4945159179441,-15.323838798369742,False,False,False,True,False,0.0,0.0,0.0,0.0,0.0,0,0.9083402146985964,1.0194880264244428,False,False,False,False,-0.34282825441539394,-0.33981948314059,False,False,False,False,-140596.0,-53449.073103134775,False,False,False,False,5805.334482065502,False,False,False,False
2025-02-27 17:00:00+00:00,26.385,26.435,26.3,26.375,4784.0,,,,,,,,,,,,,,,,,,,,28.019926936831737,28.188820946739124,,,,,,,,,,,,,,,,,,,,,,,26.75803963031366,27.61502955020345,27.836907395362633,28.11851031594481,,,,,,,27.756205795899234,"rgba(255, 0, 0, 1.0)",0.7556663845141306,27.71515323643321,-1.773472082253448,28.557311492708724,-16.479558276438055,False,False,False,True,False,0.0,0.0,0.0,0.0,0.0,0,0.9136273209549073,1.0228779840848807,False,False,False,False,-0.34282825441539394,-0.341323868777992,False,False,False,False,-145380.0,-54874.35879145827,False,False,False,False,5789.499838932704,False,False,False,False
2025-02-27 18:00:00+00:00,26.38,26.43,26.355,26.38,3694.0,,,,,,,,,,,,,,,,,,,,28.011033161816023,28.18004175538035,,,,,,,,,,,,,,,,,,,,,,,26.747737163045667,27.60514305485254,27.827805978222045,28.109724190343695,,,,,,,27.74691421727672,"rgba(255, 0, 0, 1.0)",0.7591028666538778,27.705629501168634,-1.7463107562905196,28.11719085541688,-17.214041693047918,False,True,False,True,False,0.0,0.0,0.0,0.0,0.0,0,0.9157667386609072,1.0202691476989534,False,False,False,False,-0.33815071029252963,-0.33973728953526083,False,False,False,False,-141686.0,-56220.27570942015,False,False,False,False,5757.011469336848,False,False,False,False
2025-02-27 19:00:00+00:00,26.385,26.39,26.085,26.125,2800.0,,,,,,,,,,,,,,,,,,,,28.003581193780242,28.172750577447186,,,,,,,,,,,,,,,,,,,,,,,26.736406902580775,27.596611228452137,27.820090396015804,28.102401507930857,,,,,,,27.738640301034497,"rgba(255, 26, 202, 1.0)",0.770387389389067,27.697208972671454,-2.0408031002665403,25.07790148104563,-20.324545006806986,False,True,False,True,False,0.0,0.0,0.0,0.0,0.0,0,0.9104601125455148,1.0198609731876862,False,False,False,False,-0.34282825441539394,-0.3412827719753274,False,False,False,False,-144486.0,-57588.73655113457,False,False,False,False,5711.166330277361,False,False,False,False
2025-02-27 20:00:00+00:00,26.12,26.15,25.915,25.92,10916.0,,,,,,,,,,,,,,,,,,,,27.971868879204735,28.141929583229075,,,,,,,,,,,,,,,,,,,,,,,26.68107863445359,27.559575283509158,27.786976979971744,28.071362472519965,,,,,,,27.70213197214804,"rgba(255, 26, 202, 1.0)",0.7845853153845596,27.660190889709042,-2.2179753502728983,21.691465603388405,-23.601816358392586,False,True,False,True,False,0.0,0.0,0.0,0.0,0.0,0,0.908099173553719,1.0247933884297522,False,False,False,False,-0.34282825441539394,-0.34205551319536065,False,False,False,False,-155402.0,-59105.22125576814,False,False,False,False,5791.861425931976,False,False,False,False
2025-02-28 15:00:00+00:00,25.95,26.105,25.895,26.07,3356.0,,,,,,,,,,,,,,,,,,,,27.962456436305295,28.132751339621695,,,,,,,,,,,,,,,,,,,,,,,26.6663264876497,27.54873082731755,27.77719395620319,28.06213052384151,,,,,,,27.69159826182316,"rgba(255, 0, 0, 1.0)",0.7925471992651505,27.649478246566296,-1.9929137949522602,23.69472060332501,-23.601816358392586,False,True,False,True,True,0.0,0.0,0.0,0.0,0.0,0,0.9090757978723404,1.0304188829787235,False,False,False,False,-0.34282825441539394,-0.3424418838053773,False,False,False,False,-152046.0,-60546.16356188026,False,False,False,False,5754.096132506674,False,False,False,False
2025-02-28 16:00:00+00:00,26.07,26.07,25.86,25.88,4357.0,,,,,,,,,,,,,,,,,,,,27.949831217774324,28.120468740907338,,,,,,,,,,,,,,,,,,,,,,,26.6456813257224,27.534091063204194,27.764034021319535,28.049764149452663,,,,,,,27.67731175306341,"rgba(255, 26, 202, 1.0)",0.7993062870642964,27.634964704038183,-2.1956097836836026,23.40195241961797,-23.601816358392586,False,True,False,True,True,0.0,0.0,0.0,0.0,0.0,0,0.9018404907975461,1.0296799867352016,False,False,False,False,-0.34282825441539394,-0.34263506911038566,False,False,False,False,-156403.0,-62032.31606479685,False,False,False,False,5732.435727351531,False,False,False,False
2025-02-28 17:00:00+00:00,25.87,25.92,25.71,25.72,3426.0,,,,,,,,,,,,,,,,,,,,27.939265974124076,28.110235361428288,,,,,,,,,,,,,,,,,,,,,,,26.6269130747811,27.521677759404852,27.752960257663464,28.039442512547367,,,,,,,27.665082489991523,"rgba(255, 26, 202, 1.0)",0.8122846214882297,27.622566553052895,-2.3422412572173323,22.118090326329444,-23.601816358392586,False,True,False,True,True,0.0,0.0,0.0,0.0,0.0,0,0.8914545760997811,1.0438226866677904,False,False,False,False,-0.34282825441539394,-0.3427316617628898,False,False,False,False,-159829.0,-63548.54372270697,False,False,False,False,5696.67703390422,False,False,False,False
2025-02-28 18:00:00+00:00,25.72,25.825,25.58,25.68,6170.0,,,,,,,,,,,,,,,,,,,,27.919727266655567,28.0913388671066,,,,,,,,,,,,,,,,,,,,,,,26.59176374158185,27.49864687315025,27.732445789354923,28.020370519553182,,,,,,,27.642382176233728,"rgba(255, 26, 202, 1.0)",0.8328256579720311,27.59955647417982,-2.304871921038107,21.009973665732247,-24.59406541519239,False,True,False,True,True,0.0,0.0,0.0,0.0,0.0,0,0.8811447811447812,1.0523569023569024,False,False,False,False,-0.34282825441539394,-0.34277995808914186,False,False,False,False,-165999.0,-65136.922889796784,False,False,False,False,5704.015374463844,False,False,False,False
2025-02-28 19:00:00+00:00,25.68,25.72,25.6,25.705,4446.0,,,,,,,,,,,,,,,,,,,,27.905732896023455,28.077792515385596,,,,,,,,,,,,,,,,,,,,,,,26.56750671999016,27.482227902487097,27.717772496745027,28.0067022393091,,,,,,,27.626289128323407,"rgba(255, 26, 202, 1.0)",0.8512194644018347,27.583226337860278,-2.2065124405727015,20.988308219626127,-24.887820639006286,False,True,False,True,True,0.0,0.0,0.0,0.0,0.0,0,0.878481012658228,1.058565400843882,False,False,False,False,-0.34282825441539394,-0.34280410625226787,False,False,False,False,-161553.0,-66631.74579073017,False,False,False,False,5684.51126013107,False,False,False,False
2025-02-28 20:00:00+00:00,25.705,25.83,25.615,25.82,13226.0,,,,,,,,,,,,,,,,,,,,27.866571811949953,28.03969024148646,,,,,,,,,,,,,,,,,,,,,,,26.50821955381953,27.43717372296652,27.67699592594978,27.9683308251463,,,,,,,27.582830346886425,"rgba(255, 0, 0, 1.0)",0.8610392421815317,27.538991939194275,-1.996415325785886,24.150900134094424,-24.887820639006286,False,True,False,True,True,0.0,0.0,0.0,0.0,0.0,0,0.8764933535251557,1.0551909809860343,False,False,False,False,-0.3329266759690405,-0.33786539111065417,False,False,False,False,-148327.0,-67898.33887924599,False,False,False,False,5801.4335661755495,False,False,False,False
2025-03-03 15:00:00+00:00,26.085,26.19,25.985,26.13,4368.0,,,,,,,,,,,,,,,,,,,,27.856022116332895,28.029247675533604,,,,,,,,,,,,,,,,,,,,,,,26.498652830527497,27.425767011661247,27.66626106020966,27.95788410871932,,,,,,,27.57230580049737,"rgba(255, 0, 0, 1.0)",0.8627506921218473,27.528185852951733,-1.6206140032331222,32.463887217392084,-22.289794807545206,True,False,False,True,True,0.0,0.0,0.0,0.0,0.0,0,0.8835696413678067,1.0478732276897416,False,False,False,False,-0.2762736793338953,-0.30706953522227476,False,False,False,False,-143959.0,-69077.5739353817,False,False,False,False,5779.209789955773,False,False,False,False
2025-03-03 16:00:00+00:00,26.145,26.24,26.035,26.075,3157.0,,,,,,,,,,,,,,,,,,,,27.848539962583406,28.02182822177358,,,,,,,,,,,,,,,,,,,,,,,26.49226487871372,27.41773533100386,27.65866651866939,27.950466609243072,,,,,,,27.56491692033117,"rgba(255, 0, 0, 1.0)",0.8672572381462645,27.520596504366907,-1.6668601203684679,37.17580769358025,-18.276611255105117,True,False,False,True,True,0.0,0.0,0.0,0.0,0.0,0,0.893042749371333,1.046269907795474,False,False,False,False,-0.26865325904846615,-0.28786139713537046,False,False,False,False,-147116.0,-70287.47201390291,False,False,False,False,5738.555374607621,False,False,False,False
2025-03-03 17:00:00+00:00,26.065,26.15,26.05,26.075,9026.0,,,,,,,,,,,,,,,,,,,,27.8271952260771,28.00065552226955,,,,,,,,,,,,,,,,,,,,,,,26.47398553985009,27.39487574612803,27.637012920339707,27.929300927070667,,,,,,,27.543837646955854,"rgba(255, 0, 0, 1.0)",0.8698109041676693,27.49896345404371,-1.637095427547343,40.31708801103903,-15.678553842643574,True,False,False,True,True,0.0,0.0,0.0,0.0,0.0,0,0.8928451461202555,1.0431642593214647,False,False,False,False,-0.2743656705356358,-0.28111353383550314,False,False,False,False,-147116.0,-71478.6119826796,False,False,False,False,5789.523508334634,False,False,False,False
2025-03-03 18:00:00+00:00,26.075,26.08,25.795,25.815,3899.0,,,,,,,,,,,,,,,,,,,,27.817116371014674,27.99073279918329,,,,,,,,,,,,,,,,,,,,,,,26.462825955470066,27.383801590927618,27.62668601993767,27.919351781062673,,,,,,,27.533419086265997,"rgba(255, 0, 0, 1.0)",0.8744071350565519,27.488316518155383,-1.9136583532648788,38.79459296925333,-15.678553842643574,True,False,False,True,True,0.0,0.0,0.0,0.0,0.0,0,0.8817725752508363,1.0483277591973246,False,False,False,False,-0.2993278969322926,-0.2902207153838979,False,False,False,False,-151015.0,-72711.73427752177,False,False,False,False,5760.21306634495,False,False,False,False
2025-03-03 19:00:00+00:00,25.815,25.87,25.565,25.575,3585.0,,,,,,,,,,,,,,,,,,,,27.806858748584656,27.98071276220344,,,,,,,,,,,,,,,,,,,,,,,26.44898089063383,27.372232665381222,27.616068371411064,27.909273888972205,,,,,,,27.522354554531066,"rgba(255, 26, 202, 1.0)",0.8837982985005128,27.477045993104518,-2.152126787674977,35.459313283483276,-15.678553842643574,True,False,False,True,False,0.0,0.0,0.0,0.0,0.0,0,0.8742075408742077,1.0580580580580583,False,False,False,False,-0.3337164660814204,-0.31196859073265915,False,False,False,False,-154600.0,-73981.31979259895,False,False,False,False,5726.488832758206,False,False,False,False
2025-03-03 20:00:00+00:00,25.575,25.575,25.325,25.44,8397.0,,,,,,,,,,,,,,,,,,,,27.780740698764458,27.955342571263692,,,,,,,,,,,,,,,,,,,,,,,26.409594527561087,27.342260863843045,27.588841539087742,27.883699300111186,,,,,,,27.493413250105203,"rgba(255, 26, 202, 1.0)",0.8922603900227625,27.447621578277463,-2.250040011555646,32.1830938225862,-11.084178321380634,False,False,False,True,False,0.0,0.0,0.0,0.0,0.0,0,0.8716702965320826,1.066845367733289,False,False,False,False,-0.34282825441539394,-0.3273984225740265,False,False,False,False,-162997.0,-75361.40785782998,False,False,False,False,5767.892106668931,False,False,False,False
2025-03-04 15:00:00+00:00,25.37,25.545,25.3,25.34,5474.0,,,,,,,,,,,,,,,,,,,,27.763653316411084,27.938740484961915,,,,,,,,,,,,,,,,,,,,,,,26.384253158607983,27.3227006020769,27.57103808488884,27.866963893266963,,,,,,,27.47455825670228,"rgba(255, 26, 202, 1.0)",0.902356409679711,27.428448088155548,-2.314438137472573,29.28334837584931,-13.81782132958682,False,True,False,True,False,0.0,0.0,0.0,0.0,0.0,0,0.8758793969849248,1.0582914572864324,False,False,False,False,-0.34282825441539394,-0.33511333849471026,False,False,False,False,-168471.0,-76804.96742592564,False,False,False,False,5763.33563989887,False,False,False,False
2025-03-04 16:00:00+00:00,25.33,25.355,25.055,25.295,4542.0,,,,,,,,,,,,,,,,,,,,27.74871469165381,27.9242713836641,,,,,,,,,,,,,,,,,,,,,,25.235,26.36091926867974,27.30544395793182,27.555413562585006,27.852359966673713,,,,,,,27.14030326159831,"rgba(255, 26, 202, 1.0)",0.9094089903402537,27.169644687117813,-2.0613878981077773,27.031758442316633,-16.01389992088913,False,True,False,True,False,0.0,0.0,0.0,0.0,0.0,0,0.8746023773648085,1.0599363803783695,False,False,False,False,-0.34282825441539394,-0.3389707964550521,False,False,False,False,-173013.0,-78296.56483017486,False,False,False,False,5744.400203621368,True,False,False,False
2025-03-04 17:00:00+00:00,25.295,25.535,25.285,25.35,8666.0,,,,,,,,,,,,,,,,,,,,27.722424097435155,27.898656679861624,,,,,,,,,,,,,,,,,,,,,,25.33669821320412,26.324709989628662,27.275704481729985,27.52812805133685,27.826564747310027,,,,,,,27.130412322929487,"rgba(255, 0, 0, 1.0)",0.9090617229958503,27.15517038663385,-1.9857511772521164,26.898577242009157,-16.376409407610197,False,True,False,True,False,0.0,0.0,0.0,0.0,0.0,0,0.9104373584248129,1.0487889876285068,False,False,False,False,-0.31342351785145706,-0.3261971571532546,False,False,False,False,-164347.0,-79630.68010412564,False,False,False,False,5789.696324495455,False,False,False,False
2025-03-04 18:00:00+00:00,25.35,25.62,25.34,25.605,6587.0,,,,,,,,,,,,,,,,,,,,27.70393557376526,27.880534567536856,,,,,,,,,,,,,,,,,,,,,,25.398248463416685,26.30257368798423,27.25524585267845,27.509093121158173,27.808356675533425,,,,,,,27.122569706010438,"rgba(255, 0, 0, 1.0)",0.9059789290153426,27.14442515446406,-1.6991842802979682,32.10391035029663,-16.376409407610197,False,False,False,True,True,0.0,0.0,0.0,0.0,0.0,0,0.8874172185430466,1.0496688741721856,False,False,False,False,-0.30350417555468434,-0.31485066635396947,False,False,False,False,-157760.0,-80841.987389333,False,False,False,False,5802.057621790099,False,False,False,False
2025-03-04 19:00:00+00:00,25.605,25.81,25.6,25.785,15539.0,,,,,,,,,,,,,,,,,,,,27.66560822263408,27.84256942012573,,,,,,,,,,,,,,,,,,,,,,25.544877360804513,26.26771542166182,27.214446831219128,27.470185446839395,27.77036395621042,,,,,,,27.110823808499298,"rgba(239, 83, 80, 1.0)",0.8973835441020704,27.126092447935164,-1.4944473372052667,38.384982693688315,-18.866757634630396,True,False,False,True,True,0.0,0.0,0.0,0.0,0.0,0,0.8943698797280812,1.0427052466445879,False,False,False,False,-0.27199894142985925,-0.2934248038919144,False,False,False,False,-142221.0,-81793.59998794798,False,False,False,False,5953.01796873909,False,False,False,False
2025-03-04 20:00:00+00:00,25.785,25.9,25.535,25.62,16834.0,,,,,,,,,,,,,,,,,,,,27.62477088967494,27.80204931139864,,,,,,,,,,,,,,,,,,,,,,25.59009328835046,26.23156241515591,27.1713283231315,27.428831924004,27.72983629820245,,,,,,,27.082638921416844,"rgba(255, 0, 0, 1.0)",0.890778827161314,27.0944697280957,-1.6552590644688527,40.340926252739166,-17.086395973186598,True,False,False,True,True,0.0,0.0,0.0,0.0,0.0,0,0.8911493653277693,1.0434707007476962,False,False,False,False,-0.27026453543083223,-0.28184466966137334,False,False,False,False,-159055.0,-82991.45115092552,False,False,False,False,6121.715364572592,False,False,False,False
2025-03-05 15:00:00+00:00,26.14,26.145,25.81,25.915,6671.0,,,,,,,,,,,,,,,,,,,,27.611251674018774,27.78841680610478,,,,,,,,,,,,,,,,,,,,,,25.631654344907293,26.224965953482354,27.15790799223566,27.415440683451134,27.716284664383007,,,,,,,27.077988874083285,"rgba(239, 83, 80, 1.0)",0.8772442929706163,27.087868101812568,-1.336991430107661,45.52936742466471,-12.232078443885086,True,False,False,True,True,0.0,0.0,0.0,0.0,0.0,0,0.8864920390344122,1.0296182160588943,False,False,False,False,-0.23453009380914724,-0.2581873817352603,False,False,False,False,-152384.0,-84067.3046214538,False,False,False,False,6130.231405431931,False,False,False,False
2025-03-05 16:00:00+00:00,25.915,25.955,25.765,25.88,7558.0,,,,,,,,,,,,,,,,,,,,27.595378388150056,27.772466010020636,,,,,,,,,,,,,,,,,,,,,,25.658405901873078,26.215482741513753,27.141944472615528,27.39964219935018,27.70040669045812,,,,,,,27.06910377199734,"rgba(239, 83, 80, 1.0)",0.8631202404934762,27.07739828005809,-1.387290233598852,48.482483561568955,-9.477655217208657,True,False,False,False,True,0.0,0.0,0.0,0.0,0.0,0,0.8867247565351105,1.0363915940543313,False,False,False,False,-0.2506013665983056,-0.25439437416678296,False,False,False,False,-159942.0,-85243.65648778786,False,False,False,False,6152.3673526345365,False,False,False,False
2025-03-05 17:00:00+00:00,25.875,25.985,25.82,25.985,6548.0,,,,,,,,,,,,,,,,,,,,27.582353337911943,27.759311493582363,,,,,,,,,,,,,,,,,,,,,,25.682785888911738,26.209083255736466,27.12910110774483,27.386768020277845,27.687336863304825,,,,,,,27.06239142392429,"rgba(239, 83, 80, 1.0)",0.848514987896296,27.0693244852569,-1.2779084644635934,51.727180474402644,-6.366185907053037,True,False,True,False,True,0.0,0.0,0.0,0.0,0.0,0,0.883776824034335,1.0420600858369102,False,False,False,False,-0.24477411452642697,-0.24958424434660498,False,False,False,False,-153394.0,-86300.25096084541,False,False,False,False,6158.501192128574,False,False,False,False
2025-03-05 18:00:00+00:00,25.985,26.135,25.845,26.125,5800.0,,,,,,,,,,,,,,,,,,,,27.571707568972837,27.74847540364886,,,,,,,,,,,,,,,,,,,,,,25.708728384870998,26.205694011797828,27.11892655616341,27.37635989355026,27.676602307484366,,,,,,,27.05807058949836,"rgba(239, 83, 80, 1.0)",0.8307961719213959,27.06371680697063,-1.1299002555580422,55.44758022404266,-2.779357142832751,True,False,True,False,True,0.0,0.0,0.0,0.0,0.0,0,0.8842015371477372,1.036208368915457,False,False,False,False,-0.23282750159970064,-0.24120587297315282,False,False,False,False,-147594.0,-87250.541643623,False,False,False,False,6152.9430341110765,False,False,False,False
2025-03-05 19:00:00+00:00,26.125,26.275,26.11,26.135,5219.0,,,,,,,,,,,,,,,,,,,,27.563103776743475,27.739618396659743,,,,,,,,,,,,,,,,,,,,,,25.73760710939609,26.205136851330746,27.111079577767494,27.368082256977896,27.667865554188307,,,,,,,27.05607050329482,"rgba(239, 83, 80, 1.0)",0.8114480272333325,27.060443844984132,-1.140484435139329,58.03800300238392,-0.2043845783192353,True,False,True,False,True,0.0,0.0,0.0,0.0,0.0,0,0.89694591366661,1.0276403344139229,False,False,False,False,-0.20542218121164876,-0.22331402709240078,False,False,False,False,-142375.0,-88105.18440883815,False,False,False,False,6138.463297148114,False,False,False,False
2025-03-05 20:00:00+00:00,26.135,26.19,26.0,26.02,9720.0,,,,,,,,,,,,,,,,,,,,27.546188185052042,27.722314696146096,,,,,,,,,,,,,,,,,,,,,,25.772093882982507,26.200938216870657,27.09523428761418,27.351658129626745,27.650755279281853,,,,,,,27.048454668224867,"rgba(239, 83, 80, 1.0)",0.7916843544728438,27.051033432808754,-1.302328923116443,57.5880358060781,-0.2043845783192353,True,False,True,False,True,0.0,0.0,0.0,0.0,0.0,0,0.8928997105397585,1.0308190022135197,False,False,False,False,-0.2185769348083777,-0.22094548095038924,False,False,False,False,-152095.0,-89097.2745730422,False,False,False,False,6193.990997967523,False,False,False,False
2025-03-06 15:00:00+00:00,25.87,26.165,25.865,26.15,7470.0,,,,,,,,,,,,,,,,,,,,27.533360140692402,27.709179275833268,,,,,,,,,,,,,,,,,,,,,,25.79335511530274,26.19765144632765,27.083265260900898,27.339219302531536,27.637771082713687,,,,,,,27.041971660614596,"rgba(239, 83, 80, 1.0)",0.768766462505903,27.04335855960049,-1.1620675499923145,58.96451895050297,1.3538755933819147,True,False,True,False,True,0.0,0.0,0.0,0.0,0.0,0,0.886348238482385,1.0345528455284556,False,False,False,False,-0.22942628063596573,-0.22518588079317747,False,False,False,False,-144625.0,-89958.16954090202,False,False,False,False,6213.774083270352,False,False,False,False
2025-03-06 16:00:00+00:00,26.155,26.21,25.935,25.945,7964.0,,,,,,,,,,,,,,,,,,,,27.519651888371612,27.695151297726785,,,,,,,,,,,,,,,,,,,,,,25.81062669159381,26.193584271807794,27.070440534707302,27.32591418417542,27.623900852769516,,,,,,,27.034181388736037,"rgba(239, 83, 80, 1.0)",0.7461156952045684,27.034476734049164,-1.4601981181356245,56.3681103211219,1.3538755933819147,True,False,True,False,True,0.0,0.0,0.0,0.0,0.0,0,0.8890948929715153,1.0325299174110907,False,False,False,False,-0.22162309233572752,-0.2234044865644525,False,False,False,False,-152589.0,-90929.19016817486,False,False,False,False,6240.909368801044,False,False,False,False
2025-03-06 17:00:00+00:00,25.94,26.055,25.87,25.99,6756.0,,,,,,,,,,,,,,,,,,,,27.50776966303623,27.683023083183333,,,,,,,,,,,,,,,,,,,,,,25.820016080685342,26.18910931727939,27.059207059602116,27.31433881866521,27.611896944669965,,,,,,,27.026480138160228,"rgba(239, 83, 80, 1.0)",0.7207213728600417,27.026009139042774,-1.4374613797445412,55.29590273684806,1.3538755933819147,True,False,True,False,False,0.0,0.0,0.0,0.0,0.0,0,0.8877585622244831,1.0442522889114956,False,False,False,False,-0.23657496948739673,-0.2299897280259246,False,False,False,False,-145833.0,-91780.4120260326,False,False,False,False,6248.895270059943,False,False,False,False
2025-03-06 18:00:00+00:00,25.985,26.045,25.9,25.93,3050.0,,,,,,,,,,,,,,,,,,,,27.502418939074843,27.677561316728852,,,,,,,,,,,,,,,,,,,,,,25.823563452288855,26.187027407146683,27.05414935281101,27.30912644309759,27.606491143731468,,,,,,,27.022905436411325,"rgba(255, 0, 0, 1.0)",0.7068094662789878,27.022113190349472,-1.5451309616705102,53.56700510928274,1.3538755933819147,True,False,True,False,False,0.0,0.0,0.0,0.0,0.0,0,0.8781111489942041,1.0530173883395844,False,False,False,False,-0.2352115042366872,-0.2326006161313059,False,False,False,False,-148883.0,-92665.72346748946,False,False,False,False,6199.299994555137,False,False,False,False
2025-03-06 19:00:00+00:00,25.93,26.055,25.76,25.88,7794.0,,,,,,,,,,,,,,,,,,,,27.488387209249243,27.66327849806572,,,,,,,,,,,,,,,,,,,,,,25.828162297384743,26.180522043708674,27.040737264856734,27.29540331937605,27.592339247769587,,,,,,,27.01268998291582,"rgba(239, 83, 80, 1.0)",0.6954703833047243,26.899916160669125,-1.466512715930053,51.56375785980159,1.3538755933819147,True,False,False,False,False,0.0,0.0,0.0,0.0,0.0,1,0.864645095714044,1.055226156191767,False,False,False,False,-0.24408963299543426,-0.2383451245633701,False,False,False,False,-156677.0,-93658.14635946637,False,False,False,False,6224.024025647305,False,False,False,False
2025-03-06 20:00:00+00:00,25.875,26.02,25.86,25.93,10103.0,,,,,,,,,,,,,,,,,,,,27.470989567207216,27.64549688365709,,,,,,,,,,,,,,,,,,,,,,25.836174368944338,26.17360130886032,27.02437623697993,27.278484380507727,27.574747382698177,,,,,,,27.00055287555069,"rgba(239, 83, 80, 1.0)",0.6840918027535199,26.89033839179831,-1.4038150843686137,51.17553234224947,7.138026651665314,True,False,False,False,False,0.0,0.0,0.0,0.0,0.0,1,0.8644701086956523,1.064028532608696,False,False,False,False,-0.23964593466861087,-0.23899552961599047,False,False,False,False,-146574.0,-94478.54719110254,False,False,False,False,6284.16318804037,False,False,False,False
2025-03-07 15:00:00+00:00,26.11,26.345,26.03,26.15,5380.0,,,,,,,,,,,,,,,,,,,,27.46329781870772,27.637476460484052,,,,,,,,,,,,,,,,,,,,,,25.848993420111906,26.17362213262343,27.017726076963527,27.271215530561808,27.566872054410776,,,,,,,26.99702907055189,"rgba(239, 83, 80, 1.0)",0.6706916223214798,26.89246757179825,-1.107017811298032,54.41362727615664,7.138026651665314,True,False,True,False,True,0.0,0.0,0.0,0.0,0.0,1,0.8604022308602335,1.0583065742775057,False,False,False,False,-0.2055760188538105,-0.22228577423490048,False,False,False,False,-141194.0,-95202.817777287,False,False,False,False,6270.145154117264,False,False,False,False
2025-03-07 16:00:00+00:00,26.14,26.255,25.835,25.92,6977.0,,,,,,,,,,,,,,,,,,,,27.452146597508214,27.62599892486973,,,,,,,,,,,,,,,,,,,,,,25.85621184088807,26.17039657545589,27.007529904556097,27.26047636217218,27.555546568813202,,,,,,,26.989758110609053,"rgba(239, 83, 80, 1.0)",0.6564601220880506,26.88592794822632,-1.4714190789745492,52.52920896919455,7.138026651665314,True,False,True,False,True,0.0,0.0,0.0,0.0,0.0,1,0.8543868478443216,1.0590504948834092,False,False,False,False,-0.21404844267981638,-0.21816710845735843,False,False,False,False,-148171.0,-96024.02990477093,False,False,False,False,6281.104143975911,False,False,False,False
2025-03-07 17:00:00+00:00,25.92,26.18,25.8,26.04,7900.0,,,,,,,,,,,,,,,,,,,,27.439752618779373,27.61322240066262,,,,,,,,,,,,,,,,,,,,,,25.863778738376265,26.166958709089823,26.996267029901595,27.248565686445442,27.5429463856958,,,,,,,26.98164165270727,"rgba(239, 83, 80, 1.0)",0.6388470893755173,26.8784828793472,-1.3124938554025973,53.06091326946425,7.138026651665314,True,False,True,False,True,0.0,0.0,0.0,0.0,0.0,1,0.8808873720136521,1.0626279863481232,False,False,False,False,-0.21759379263600717,-0.2178804505466828,False,False,False,False,-140271.0,-96710.02944113108,False,False,False,False,6306.203304534424,False,False,False,False
2025-03-07 18:00:00+00:00,26.04,26.22,26.04,26.215,4895.0,,,,,,,,,,,,,,,,,,,,27.432980659711756,27.60614434076122,,,,,,,,,,,,,,,,,,,,,,25.872680498190025,26.166847931796866,26.99046483807692,27.242185981040265,27.53600206898059,,,,,,,26.978186616936803,"rgba(239, 83, 80, 1.0)",0.6272360505129068,26.876856418226634,-1.0551951178275185,55.65676334566612,7.138026651665314,True,False,True,False,True,0.0,0.0,0.0,0.0,0.0,1,0.8877096884628553,1.0482711400205413,False,False,False,False,-0.1937160908809526,-0.2057982707138177,False,False,False,False,-135376.0,-97309.50185289647,False,False,False,False,6284.3241835338895,False,False,False,False
2025-03-07 19:00:00+00:00,26.215,26.345,26.21,26.225,3229.0,,,,,,,,,,,,,,,,,,,,27.42890575072997,27.601838085038644,,,,,,,,,,,,,,,,,,,,,,25.88025095539602,26.167630490115723,26.98714346332014,27.23840923787033,27.531794479284635,,,,,,,26.976567494536493,"rgba(239, 83, 80, 1.0)",0.616605514377164,26.876837172797643,-1.0571380852084418,57.50915140499214,2.368073837161461,True,False,True,False,True,0.0,0.0,0.0,0.0,0.0,1,0.8973260198834421,1.0368529310935897,False,False,False,False,-0.17085981077109208,-0.18832904074245488,False,False,False,False,-132147.0,-97849.61810323915,False,False,False,False,6236.954816347317,False,False,False,False
2025-03-07 20:00:00+00:00,26.225,26.38,26.21,26.335,21188.0,,,,,,,,,,,,,,,,,,,26.308333333333334,27.4039310609009,27.575244537056797,,,,,,,,,,,,,,,,,,,,,,25.928913487848057,26.17498146974624,26.967477250569846,27.215519436220095,27.505882693386077,,,,,,,26.885035408632667,"rgba(239, 83, 80, 0.5)",0.6060535610974378,26.82396600102622,-0.8068032801272614,60.08288968881962,4.958127879405751,True,False,True,False,True,0.0,0.0,0.0,0.0,0.0,1,0.8987450575898231,1.0367887227093007,False,False,False,False,-0.16816019220557957,-0.17824461647401724,False,False,False,False,-110959.0,-98052.86433419667,False,False,False,False,6468.753966481467,False,False,False,True
2025-03-10 14:00:00+00:00,26.11,26.31,26.1,26.22,10386.0,,,,,,,,,,,,,,,,,,,26.275987415806252,27.391028412149403,27.561623122176893,,,,,,,,,,,,,,,,,,,,,,25.943749466398337,26.175855882713563,26.95687065117301,27.203533703349606,27.492567552460553,,,,,,,26.87515202577845,"rgba(239, 83, 80, 1.0)",0.5935000929741523,26.816065750261917,-1.0043229265136395,59.43802618560903,4.958127879405751,True,False,True,False,True,0.0,0.0,0.0,0.0,0.0,1,0.8904557179707654,1.041616509028375,False,False,False,False,-0.17585440173998462,-0.17704950910700093,False,False,False,False,-121345.0,-98413.98271661221,False,False,False,False,6529.486463125165,False,False,False,False
2025-03-10 15:00:00+00:00,26.235,26.245,26.195,26.205,1434.0,,,,,,,,,,,,,,,,,,,26.273337877686217,27.38927626434213,27.559770611089785,,,,,,,,,,,,,,,,,,,,,,25.94571189647343,26.175990373119483,26.955439133319068,27.201909455623056,27.490757675296685,,,,,,,26.87402416086873,"rgba(239, 83, 80, 1.0)",0.578399336784509,26.81513757203312,-1.0548725304995237,58.70416343530486,4.958127879405751,True,False,True,False,True,0.0,0.0,0.0,0.0,0.0,1,0.8986159169550174,1.0378892733564016,False,False,False,False,-0.15979710392313376,-0.16842330651506734,False,False,False,False,-122779.0,-98791.7349225562,False,False,False,False,6450.486672999194,False,False,False,False
2025-03-10 16:00:00+00:00,26.205,26.205,26.205,26.205,0.0,,,,,,,,,,,,,,,,,,,26.273337877686217,27.38927626434213,27.559770611089785,,,,,,,,,,,,,,,,,,,,,,25.94571189647343,26.175990373119483,26.955439133319068,27.201909455623056,27.490757675296685,,,,,,,26.87402416086873,"rgba(239, 83, 80, 1.0)",0.5638497579581966,26.81513757203312,-1.0820924606628215,58.214921601768744,4.958127879405751,True,False,True,False,True,0.0,0.0,0.0,0.0,0.0,0,0.926518734085122,1.0401964350672974,False,False,False,False,-0.16239868278557013,-0.16541099465031872,False,False,False,False,-122779.0,-99163.63050515224,False,False,False,False,6350.479127681377,False,False,False,False
2025-03-10 17:00:00+00:00,26.205,26.205,25.97,26.005,8893.0,,,,,,,,,,,,,,,,,,,26.228059393968323,27.37710675569436,27.547083890979955,,,,,,,,,,,,,,,,,,,,,,25.950619426082667,26.173570517001114,26.94485055514925,27.190391147936406,27.4782972851751,,,,,,,26.861247371498397,"rgba(239, 83, 80, 1.0)",0.5515667692137267,26.80332630554715,-1.4473792659503133,53.89645154380874,8.436545932459026,True,False,True,False,False,0.0,0.0,0.0,0.0,0.0,0,0.9219467401285584,1.0282828282828285,False,False,False,False,-0.18285619762246544,-0.17413359613639207,False,False,False,False,-131672.0,-99667.63623375453,False,False,False,False,6389.898055934378,False,False,False,False
2025-03-10 18:00:00+00:00,26.005,26.01,25.78,25.81,7265.0,,,,,,,,,,,,,,,,,,,26.174658300451533,27.365893993550273,27.53555100271626,,,,,,,,,,,,,,,,,,,,,,25.947774240247295,26.16842750191643,26.93453467050345,27.179572378375624,27.46691211614687,,,,,,,26.84666552548847,"rgba(255, 0, 0, 1.0)",0.5459393673227463,26.78909765990793,-1.7934183143988462,48.20115681056123,3.1751175704637404,True,False,False,True,False,0.0,0.0,0.0,0.0,0.0,0,0.9208633093525183,1.0237963475373548,False,False,False,False,-0.21671022185824562,-0.19542190899731884,False,False,False,False,-138937.0,-100276.46357896764,False,False,False,False,6403.465527935396,False,False,False,False
2025-03-10 19:00:00+00:00,25.81,26.045,25.76,26.0,14561.0,,,,,,,,,,,,,,,,,,,26.119898708553677,27.34491628650162,27.513833352436514,,,,,,,,,,,,,,,,,,,,,,25.946961736317075,26.160842144767884,26.915727750096046,27.159513827858476,27.445524745276256,,,,,,,26.825902318975942,"rgba(239, 83, 80, 1.0)",0.5367163006536648,26.768609829324557,-1.4320597835177915,47.98224556916621,3.05681350041354,True,False,False,True,False,0.0,0.0,0.0,0.0,0.0,0,0.9212962962962965,1.0225925925925927,False,False,False,False,-0.21538252297942428,-0.20540221598837155,False,False,False,False,-124376.0,-100650.09980254954,False,False,False,False,6529.938930603063,False,False,False,False
2025-03-11 14:00:00+00:00,25.78,25.93,25.505,25.58,5803.0,,,,,,,,,,,,,,,,,,,26.082489093436887,27.33519681612098,27.50392522814438,,,,,,,,,,,,,,,,,,,,,,25.94015594379973,26.154588087553286,26.906468444064796,27.150018313245756,27.435709659856414,,,,,,,26.813568948277776,"rgba(255, 26, 202, 1.0)",0.5283494015233272,26.75610154550374,-2.225992008532283,43.12972391415351,-1.4490501166871042,False,False,False,True,False,0.0,0.0,0.0,0.0,0.0,0,0.9094740700018327,1.018141836173722,False,False,False,False,-0.24836410722458765,-0.2268831616064796,False,False,False,False,-130179.0,-101107.91220871155,False,False,False,False,6518.668559585962,False,False,False,False
2025-03-11 15:00:00+00:00,25.58,25.735,25.49,25.645,5901.0,,,,,,,,,,,,,,,,,,,26.046569138241132,27.3251444967541,27.493695566004767,,,,,,,,,,,,,,,,,,,,,,25.932386559615676,26.147769989299597,26.896829985488424,27.14017427545336,27.42556914808886,,,,,,,26.80101739486824,"rgba(255, 26, 202, 1.0)",0.5163089462016865,26.743301678732806,-2.127217989950875,40.98575104103578,-3.3736135969957104,False,True,False,True,False,0.0,0.0,0.0,0.0,0.0,0,0.9079912023460411,1.027675953079179,False,False,False,False,-0.2673172410798289,-0.24710020134315425,False,False,False,False,-124278.0,-101467.13837601834,False,False,False,False,6509.092302848195,False,False,False,False
2025-03-11 16:00:00+00:00,25.64,25.76,25.605,25.655,5782.0,,,,,,,,,,,,,,,,,,,26.01999642914312,27.315694789229184,27.484044652585787,,,,,,,,,,,,,,,,,,,,,,25.926308010199588,26.141877973901966,26.887890640861364,27.13096502857911,27.41601521749653,,,,,,,26.79034909274958,"rgba(255, 26, 202, 1.0)",0.5014075413498391,26.732419313506078,-2.148789606565463,39.734471087071896,-4.584968958644112,False,True,False,True,False,0.0,0.0,0.0,0.0,0.0,0,0.9076981274825044,1.055797238509552,False,False,False,False,-0.25466178127550926,-0.2508809913093317,False,False,False,False,-118496.0,-101731.15173452969,False,False,False,False,6497.819553966827,False,False,False,False
2025-03-11 17:00:00+00:00,25.645,25.655,25.395,25.61,5970.0,,,,,,,,,,,,,,,,,,,25.98804090246952,27.305345954665487,27.473533427566124,,,,,,,,,,,,,,,,,,,,,,25.917485541269617,26.134426746234382,26.877898182103976,27.120804021266068,27.405587569328784,,,,,,,26.777890293112996,"rgba(255, 26, 202, 1.0)",0.49741170614026925,26.719638414398094,-2.2308248895235665,38.391888172081025,-5.994964241225347,False,True,False,True,False,0.0,0.0,0.0,0.0,0.0,0,0.8879000189358078,1.0621094489679987,False,False,False,False,-0.28325556430602616,-0.26706827780767894,False,False,False,False,-124466.0,-102083.6300022114,False,False,False,False,6489.636305068116,False,False,False,False
2025-03-11 18:00:00+00:00,25.61,25.96,25.605,25.865,4290.0,,,,,,,,,,,,,,,,,,,25.979690947055417,27.29906258845883,27.467050744944494,,,,,,,,,,,,,,,,,,,,,,25.91568905555014,26.13150182064764,26.872183165299017,27.114765279012712,27.39919452523225,,,,,,,26.77239226577506,"rgba(255, 0, 0, 1.0)",0.48871492639293046,26.714071195484653,-1.7373547432885137,41.93461900433858,-5.994964241225347,False,True,False,True,True,0.0,0.0,0.0,0.0,0.0,0,0.8934240362811794,1.0534769463340894,False,False,False,False,-0.23671904848938682,-0.2518936631485329,False,False,False,False,-120176.0,-102364.13186264223,False,False,False,False,6455.533416617447,False,False,False,False
2025-03-11 19:00:00+00:00,25.875,25.89,25.585,25.6,7416.0,,,,,,,,,,,,,,,,,,,25.95809109203248,27.287471005113897,27.455170862203104,,,,,,,,,,,,,,,,,,,,,,25.909398231417704,26.12475212483152,26.86136202914242,27.103521528230548,27.387449076573265,,,,,,,26.760901993693118,"rgba(255, 26, 202, 1.0)",0.4856372891125069,26.702351194948964,-2.2699064088828282,41.11166052561495,-5.994964241225347,False,True,False,True,True,0.0,0.0,0.0,0.0,0.0,0,0.8834621912125215,1.0635489345653406,False,False,False,False,-0.24477411510495675,-0.2483338891267448,False,False,False,False,-127592.0,-102755.26160120592,False,False,False,False,6470.424371398572,False,False,False,False
2025-03-12 14:00:00+00:00,25.61,25.61,25.155,25.16,6116.0,,,,,,,,,,,,,,,,,,,25.92024605177531,27.275770127286908,27.443388653235772,,,,,,,,,,,,,,,,,,,,,,25.895793428741666,26.114548766781777,26.849709846237634,27.091899997953572,27.37572114240599,,,,,,,26.74588475180233,"rgba(255, 26, 202, 1.0)",0.4917951397273334,26.686837487558535,-3.1046209370939715,37.051882868369894,-7.214807503791988,False,True,False,True,False,0.0,0.0,0.0,0.0,0.0,0,0.8676415448068993,1.0759280089988756,False,False,False,False,-0.3076234594807322,-0.2779786743037385,False,False,False,False,-133708.0,-103235.14901824149,False,False,False,False,6464.9294199040205,False,False,False,False
2025-03-12 15:00:00+00:00,25.16,25.165,24.91,25.115,7696.0,,,,,,,,,,,,,,,,,,,25.861730153237325,27.259432388553627,27.427064778350207,,,,,,,,,,,,,,,,,,,,,,25.872740014801323,26.09827295235106,26.83300211865264,27.075508572718473,27.35942332900461,,,,,,,26.723396788458658,"rgba(255, 26, 202, 1.0)",0.49849590888104495,26.663511329755774,-3.1063671780810824,34.05803012019673,-10.059358163196023,False,True,False,True,False,0.0,0.0,0.0,0.0,0.0,0,0.8659909909909912,1.0844594594594599,False,False,False,False,-0.34282825441539394,-0.31040346435956623,False,False,False,False,-141404.0,-103826.91414974161,False,False,False,False,6484.015785486904,False,False,False,False
2025-03-12 16:00:00+00:00,25.11,25.295,25.08,25.17,4629.0,,,,,,,,,,,,,,,,,,,25.834899727264975,27.250244513819084,27.417839833901635,,,,,,,,,,,,,,,,,,,,,,25.861417479553936,26.08981568150636,26.823764383547285,27.066348737656305,27.350230208691446,,,,,,,26.711820070742625,"rgba(255, 26, 202, 1.0)",0.5031730220213102,26.651533249704254,-2.9443813258364777,33.005707121983235,-11.14619999344022,False,True,False,True,False,0.0,0.0,0.0,0.0,0.0,0,0.877823795180723,1.0745481927710845,False,False,False,False,-0.3133635855842129,-0.31188352497188954,False,False,False,False,-136775.0,-104337.73718617973,False,False,False,False,6455.255850828192,False,False,False,False
2025-03-12 17:00:00+00:00,25.18,25.43,25.15,25.235,11326.0,,,,,,,,,,,,,,,,,,,25.78531651587696,27.22906639461644,27.3964808426358,,,,,,,,,,,,,,,,,,,,,,25.83868705293032,26.071753349278097,26.80280711846018,27.0453587809382,27.328980958381198,,,,,,,26.68730637663965,"rgba(255, 26, 202, 1.0)",0.5069211339409752,26.626254844858792,-2.7445193181091314,33.44939579975676,-11.14619999344022,False,True,False,True,False,0.0,0.0,0.0,0.0,0.0,0,0.8825522303783174,1.0668172407302845,False,False,False,False,-0.29353103300113415,-0.30270727898651184,False,False,False,False,-125449.0,-104665.043586394,False,False,False,False,6530.771263993646,False,False,False,False
2025-03-12 18:00:00+00:00,25.22,25.56,25.215,25.525,16237.0,,,,,,,,,,,,,,,,,,,25.7458725749346,27.201927529959267,27.368865802928497,,,,,,,,,,,,,,,,,,,,,,25.817462175569847,26.05216738969148,26.776801207815907,27.01877579643967,27.30160001488563,,,,,,,26.66043406152811,"rgba(255, 26, 202, 1.0)",0.5006003782846222,26.598788007298047,-2.14500039128523,38.116631880470784,-11.14619999344022,False,True,False,True,True,0.0,0.0,0.0,0.0,0.0,0,0.8882660687593424,1.0543721973094173,False,False,False,False,-0.2748722392730077,-0.2887897591297598,False,False,False,False,-109212.0,-104735.53903466696,False,False,False,False,6681.255430443357,False,False,False,False
2025-03-12 19:00:00+00:00,25.515,25.52,25.255,25.285,13473.0,,,,,,,,,,,,,,,,,,,25.71247726784789,27.179032686551786,27.345611610738974,,,,,,,,,,,,,,,,,,,,,,25.79813638349074,26.034819216763616,26.75471939843679,26.99629468843457,27.278525981768023,,,,,,,26.63745215425405,"rgba(255, 26, 202, 1.0)",0.4944703964576053,26.57531203592523,-2.6094828834426638,38.74813568889399,-11.14619999344022,False,True,False,True,True,0.0,0.0,0.0,0.0,0.0,0,0.887465181058496,1.056453110492108,False,False,False,False,-0.2748722392730077,-0.28183099920138377,False,False,False,False,-122685.0,-105013.82525118375,False,False,False,False,6786.55379586284,False,False,False,False
2025-03-13 14:00:00+00:00,25.305,25.56,25.22,25.25,9756.0,,,,,,,,,,,,,,,,,,,25.691056108064377,27.16271616174867,27.329022231016634,,,,,,,,,,,,,,,,,,,,,,25.784824835095378,26.022608728048503,26.73904145569343,26.980294177470885,27.262070970478465,,,,,,,26.621454333452043,"rgba(255, 26, 202, 1.0)",0.4876566507379734,26.559013813577074,-2.6842939834741038,38.83466377020599,-11.14619999344022,False,True,False,True,True,0.0,0.0,0.0,0.0,0.0,0,0.8836821633635858,1.0639007223559922,False,False,False,False,-0.2741710074763436,-0.2780010033388637,False,False,False,False,-132441.0,-105439.05276666927,False,False,False,False,6832.591721508377,False,False,False,False
2025-03-13 15:00:00+00:00,25.27,25.325,25.11,25.115,7461.0,,,,,,,,,,,,,,,,,,,25.669481584208032,27.1493520833616,27.315512254126308,,,,,,,,,,,,,,,,,,,,,,25.77165603924272,26.011425843709297,26.7259368842193,26.967089376572147,27.24864072573754,,,,,,,26.60738684889712,"rgba(255, 26, 202, 1.0)",0.4834669091594806,26.54462622768601,-2.9570301516011765,37.616238004306815,-11.14619999344022,False,True,False,True,True,0.0,0.0,0.0,0.0,0.0,0,0.8790740740740741,1.0711111111111113,False,False,False,False,-0.3062261472582369,-0.2921135752985503,False,False,False,False,-139902.0,-105973.36202610075,False,False,False,False,6842.3344855159985,False,False,False,False
2025-03-13 16:00:00+00:00,25.115,25.23,25.06,25.075,5946.0,,,,,,,,,,,,,,,,,,,25.651537853455913,27.13850014986349,27.30455887782088,,,,,,,,,,,,,,,,,,,,,,25.7605095400565,26.00207690545108,26.71523908668076,26.95634500444544,27.23774530724931,,,,,,,26.595814090627922,"rgba(255, 26, 202, 1.0)",0.48320157881130255,26.532786209830018,-3.016931801870842,36.43248330603697,-11.14619999344022,False,True,False,True,True,0.0,0.0,0.0,0.0,0.0,0,0.8885725132877752,1.0690964312832199,False,False,False,False,-0.3208681180114782,-0.30649084665501425,False,False,False,False,-145848.0,-106591.57346755655,False,False,False,False,6828.437826825828,False,False,False,False
2025-03-13 17:00:00+00:00,25.075,25.085,24.855,24.885,4534.0,,,,,,,,,,,,,,,,,,,25.634239648219502,27.1295713814025,27.29559714083758,,,,,,,,,,,,,,,,,,,,,24.941666666666666,25.749940216076176,25.993648321961757,26.706266458159448,26.947440214258357,27.228811593792468,,,,,,,26.403020182374938,"rgba(255, 26, 202, 1.0)",0.488592877557553,26.390663970006656,-3.08163307155311,33.99942479793663,-11.284942310475493,False,True,False,True,False,0.0,0.0,0.0,0.0,0.0,0,0.8771363463729587,1.0734903152297763,True,False,False,False,-0.34282825441539394,-0.3246595505352041,False,False,False,False,-150382.0,-107270.49480914482,False,False,False,False,6792.865147340156,True,False,False,False
2025-03-13 18:00:00+00:00,24.885,25.18,24.875,25.125,5138.0,,,,,,,,,,,,,,,,,,,25.618808540052957,27.12008300890319,27.28602978694694,,,,,,,,,,,,,,,,,,,,,25.00452819134271,25.739993855270573,25.98531376940264,26.696882182282128,26.938033587470322,27.219290891242043,,,,,,,26.40099597921261,"rgba(255, 26, 202, 1.0)",0.48409074236842936,26.3864034179696,-2.6057168781996194,36.40796005293802,-11.284942310475493,False,True,False,True,True,0.0,0.0,0.0,0.0,0.0,0,0.8716730038022814,1.0796577946768064,False,False,False,False,-0.3312598483271226,-0.3279596994311633,False,False,False,False,-145244.0,-107859.23132373171,False,False,False,False,6767.208323350386,False,False,False,False
2025-03-13 19:00:00+00:00,25.115,25.185,25.055,25.11,13972.0,,,,,,,,,,,,,,,,,,,25.58461336693099,27.095413190206116,27.261074069042543,,,,,,,,,,,,,,,,,,,,,25.070794422827493,25.71647950500618,25.96472690762371,26.67276086630351,26.91367925082047,27.194487010084934,,,,,,,26.386003176538438,"rgba(255, 26, 202, 1.0)",0.4783735111982966,26.3684466275249,-2.630677907672121,37.850743504236476,-11.284942310475493,False,True,False,True,True,0.0,0.0,0.0,0.0,0.0,0,0.8690950483779168,1.0791121229368246,False,False,False,False,-0.31282633915960883,-0.3203930192953861,False,False,False,False,-159216.0,-108655.4602954568,False,False,False,False,6878.9105198875895,False,False,False,False
2025-03-14 14:00:00+00:00,25.73,25.85,25.48,25.845,5509.0,,,,,,,,,,,,,,,,,,,25.588284254627034,27.088791681138257,27.254138233965033,,,,,,,,,,,,,,,,,,,,,25.194418699047553,25.716604382380375,25.962507493805813,26.6670907546191,26.90744514659676,27.18768366367905,,,,,,,26.396329367762107,"rgba(239, 83, 80, 1.0)",0.46560135483221304,26.375370920792477,-1.1391094877367915,46.62006690390295,-8.670682947229523,False,False,False,False,True,0.0,0.0,0.0,0.0,0.0,0,0.877949099015419,1.060746795467212,False,False,False,False,-0.2078716558193586,-0.26413233755737237,False,False,False,False,-153707.0,-109353.93377924817,False,False,False,False,6857.671597098634,False,False,False,False
2025-03-14 15:00:00+00:00,25.845,25.985,25.82,25.975,5200.0,,,,,,,,,,,,,,,,,,,25.59643495057485,27.083515585438327,27.248504512732108,,,,,,,,,,,,,,,,,,,,,25.30525878380345,25.71947074223355,25.962197001123425,26.662933004762614,26.902613821627256,27.18219692107732,,,,,,,26.40701392481921,"rgba(239, 83, 80, 0.5)",0.45376733332486996,26.383143835971982,-0.8994561882218484,53.33731939042423,-2.8325079169143237,True,False,True,False,True,0.0,0.0,0.0,0.0,0.0,0,0.8905989245318005,1.053402558872613,False,False,False,False,-0.16363313886764652,-0.21388273821250944,False,False,False,False,-148507.0,-109960.95806174044,False,False,False,False,6831.971262259895,False,False,False,False
2025-03-14 16:00:00+00:00,25.975,26.04,25.86,26.04,3319.0,,,,,,,,,,,,,,,,,,,25.60224264487844,27.08032709198272,27.245077693209485,,,,,,,,,,,,,,,,,,,,,25.36470521873009,25.721720195558643,25.96229489953598,26.66049403705098,26.899722104179638,27.178867499865092,,,,,,,26.412827931665674,"rgba(239, 83, 80, 0.5)",0.44233362526039893,26.3874342622093,-0.785457497165785,58.2518295034029,1.274734705088143,True,False,True,False,True,0.0,0.0,0.0,0.0,0.0,0,0.8900610771793448,1.0542291319637243,False,False,False,False,-0.15486640819478434,-0.1843745732036469,False,False,False,False,-145188.0,-110507.1137507057,False,False,False,False,6777.506591527183,False,False,False,False
2025-03-14 17:00:00+00:00,26.035,26.095,25.935,25.95,2029.0,,,,,,,,,,,,,,,,,,,25.60582951377902,27.078410443563047,27.24301386751306,,,,,,,,,,,,,,,,,,,,,25.396832531506345,25.72314632759881,25.962398891448352,26.659040634013287,26.89798872383012,27.176863732298834,,,,,,,26.415947185061206,"rgba(239, 83, 80, 1.0)",0.4250010598820573,26.389741743437202,-1.0346838748101863,60.21608434989198,2.8049966646361213,True,False,True,False,True,0.0,0.0,0.0,0.0,0.0,0,0.8936760355029585,1.0517751479289945,False,False,False,False,-0.1429077130232436,-0.16364114311344524,False,False,False,False,-147217.0,-111076.25927395056,False,False,False,False,6703.886334294203,False,False,False,False
2025-03-14 18:00:00+00:00,25.955,26.03,25.94,25.995,2956.0,,,,,,,,,,,,,,,,,,,25.610873010208785,27.075617380101253,27.240007299903198,,,,,,,,,,,,,,,,,,,,,25.437821733048892,25.725159468191098,25.962524866445044,26.656918685482182,26.89546134517626,27.173944303688064,,,,,,,26.41981423247164,"rgba(239, 83, 80, 0.5)",0.4081236674439491,26.392584651614058,-0.9741769059954372,61.90204409948727,4.341048499039822,True,False,True,False,True,0.0,0.0,0.0,0.0,0.0,0,0.8906046511627908,1.0615813953488376,False,False,False,False,-0.14842186387992637,-0.15603150349668582,False,False,False,False,-144261.0,-111590.7513782304,False,False,False,False,6645.779569421425,False,False,False,False
2025-03-14 19:00:00+00:00,25.985,26.09,25.915,26.07,4991.0,,,,,,,,,,,,,,,,,,,25.619891837604417,27.07109177649908,27.235111245316155,,,,,,,,,,,,,,,,,,,,,25.49932707913588,25.728954051813094,25.96303308493958,26.653561058673976,26.891396972883417,27.169198910138103,,,,,,,26.425729557444853,"rgba(239, 83, 80, 0.5)",0.3957041619489933,26.39700420712222,-0.8263855641841081,63.67151793886568,6.14007371277566,True,False,True,False,True,0.0,0.0,0.0,0.0,0.0,0,0.8876885826038368,1.0594151611100768,False,False,False,False,-0.1452042081298073,-0.15061785581324655,False,False,False,False,-139270.0,-112019.88701577722,False,False,False,False,6620.124072221092,False,False,False,False
2025-03-17 14:00:00+00:00,26.08,26.105,25.83,25.89,4041.0,,,,,,,,,,,,,,,,,,,25.625467273823922,27.067166424414424,27.230904929945826,,,,,,,,,,,,,,,,,,,,,25.53390879426312,25.731111502936592,25.962893279121996,26.650511593049142,26.88782007262793,27.165107645587316,,,,,,,26.42832127953003,"rgba(239, 83, 80, 1.0)",0.3880404455560771,26.39876333869579,-1.31110904680751,61.91939194991918,6.14007371277566,True,False,True,False,True,0.0,0.0,0.0,0.0,0.0,0,0.8839285714285713,1.0608258928571432,False,False,False,False,-0.15164257348061572,-0.15113021464693113,False,False,False,False,-143311.0,-112505.02055041633,False,False,False,False,6580.137652496734,False,False,False,False
2025-03-17 15:00:00+00:00,25.89,26.005,25.865,25.96,4575.0,,,,,,,,,,,,,,,,,,,25.63158283324853,27.062761689975925,27.226181781371636,,,,,,,,,,,,,,,,,,,,,25.567200370870655,25.733520750877794,25.96274944628213,26.647098577761078,26.883809958002775,27.160514795904103,,,,,,,26.430602244921626,"rgba(239, 83, 80, 1.0)",0.3811500851204928,26.400263248757252,-1.1550915661426937,61.50194228275399,6.14007371277566,True,False,True,False,True,0.0,0.0,0.0,0.0,0.0,0,0.8807527482765044,1.0668902552636488,False,False,False,False,-0.15641070223245926,-0.1537704584396952,False,False,False,False,-138736.0,-112911.70240234786,False,False,False,False,6549.050247031668,False,False,False,False
2025-03-17 16:00:00+00:00,25.96,26.04,25.95,25.965,4270.0,,,,,,,,,,,,,,,,,,,25.637817124743012,27.058833507604614,27.221946833885347,,,,,,,,,,,,,,,,,,,,,25.596671484895538,25.736157403656087,25.96290111553123,26.64412953207898,26.880262249160797,27.156404860083047,,,,,,,26.43279156795985,"rgba(239, 83, 80, 1.0)",0.37176472265262156,26.40178708014476,-1.1749019030858838,61.28044776159358,6.14007371277566,True,False,True,False,True,0.0,0.0,0.0,0.0,0.0,0,0.8848745788094347,1.065518532384875,False,False,False,False,-0.1404877511897938,-0.1471291048147445,False,False,False,False,-134466.0,-113245.8775589006,False,False,False,False,6513.716134674588,False,False,False,False
2025-03-17 17:00:00+00:00,25.965,26.07,25.935,26.04,4348.0,,,,,,,,,,,,,,,,,,,25.644472635826595,27.054973812810047,27.21776798988375,,,,,,,,,,,,,,,,,,,,,25.62470533686795,25.73910290734257,25.96326023818281,26.641269852387712,26.876798491614093,27.15235570035017,,,,,,,26.43496744058508,"rgba(239, 83, 80, 0.5)",0.365604620784134,26.403352885890545,-0.9938410655511988,62.022192602886314,6.14007371277566,True,False,True,False,True,0.0,0.0,0.0,0.0,0.0,0,0.8871842843779232,1.0579981290926104,False,False,False,False,-0.13906696475604405,-0.1430980347853943,False,False,False,False,-130118.0,-113507.46085256104,False,False,False,False,6480.139140338548,False,False,False,False
2025-03-17 18:00:00+00:00,26.045,26.14,26.03,26.105,3507.0,,,,,,,,,,,,,,,,,,,25.65074793198836,27.052109374823342,27.214631957182892,,,,,,,,,,,,,,,,,,,,,25.648651196342488,25.742081422239345,25.96397020730494,26.63926222336565,26.87427158882717,27.14932935416396,,,,,,,26.437228361804237,"rgba(239, 83, 80, 0.5)",0.3610750090523214,26.405113592074198,-0.8311668892895034,63.27444296196271,7.646608998401192,True,False,True,False,True,0.0,0.0,0.0,0.0,0.0,0,0.8895544739797828,1.0567203294646204,False,False,False,False,-0.12138155040702017,-0.13223979259620722,False,False,False,False,-126611.0,-113710.61649825776,False,False,False,False,6434.043959868182,False,False,False,False
2025-03-17 19:00:00+00:00,26.105,26.13,25.995,26.01,31179.0,,,,,,,,,,,,,,,,,,,25.694477979724674,27.026170825420436,27.186372936925448,,,,,,,,,,,,,,,,,,,,,25.77276496129948,25.763243688648185,25.967766709443964,26.620570090572865,26.851203219442137,27.122009616528995,,,,,,,26.44495333644513,"rgba(239, 83, 80, 1.0)",0.355608626857487,26.410603612117313,-1.1265295098643848,62.07220979351497,7.646608998401192,True,False,True,False,True,0.0,0.0,0.0,0.0,0.0,0,0.8891588785046729,1.0551401869158883,False,False,False,False,-0.12492545257185365,-0.12858262258403044,False,False,False,False,-157790.0,-114394.0177928584,False,False,False,False,6817.686689172551,False,False,False,False
2025-03-18 14:00:00+00:00,25.815,25.93,25.765,25.78,6866.0,,,,,,,,,,,,,,,,,,,25.69759006076012,27.01939660655442,27.179168134396512,,,,,,,,,,,,,,,,,,,,,25.77613461550507,25.764179371752,25.966308736212085,26.615097373841802,26.844955193541065,27.114982078541907,,,,,,,26.441979130122775,"rgba(255, 0, 0, 1.0)",0.3489090074725323,26.407628963904838,-1.798832791538769,57.254215729032055,12.525661109483082,True,False,True,False,False,0.0,0.0,0.0,0.0,0.0,0,0.8833580980683506,1.0585066864784551,False,False,False,False,-0.16444408561648435,-0.1465133541002574,False,False,False,False,-164656.0,-115173.27333095361,False,False,False,False,6818.435732751272,False,False,False,False
2025-03-18 15:00:00+00:00,25.78,25.89,25.7,25.81,3446.0,,,,,,,,,,,,,,,,,,,25.698801089419568,27.01595482452295,27.175514529124737,,,,,,,,,,,,,,,,,,,,25.8,25.776883069409052,25.764449706643063,25.965460671763044,26.612292917634317,26.84177177669646,27.111415827589507,,,,,,,26.37625444128027,"rgba(255, 0, 0, 1.0)",0.34664871748400505,26.35933821981516,-1.5847115310343232,54.54473858235901,9.893415021475121,True,False,True,False,False,0.0,0.0,0.0,0.0,0.0,0,0.883496943878496,1.0592702352287464,False,False,False,False,-0.17271916651126354,-0.15961626030576048,False,False,False,False,-161210.0,-115887.02103124889,False,False,False,False,6766.149907437298,False,False,False,False
2025-03-18 16:00:00+00:00,25.815,25.86,25.75,25.84,4321.0,,,,,,,,,,,,,,,,,,,25.700523258828436,27.01172525108578,27.17101565345359,,,,,,,,,,,,,,,,,,,,25.809272134243166,25.77838835328354,25.764939213737954,25.964515305459773,26.608875109895582,26.837870763828263,27.107027769956193,,,,,,,26.375415281377222,"rgba(239, 83, 80, 1.0)",0.3463373349056116,26.358252094047938,-1.4963795173546008,53.27026396881709,8.581868689268397,True,False,True,False,False,0.0,0.0,0.0,0.0,0.0,0,0.8852610219516694,1.0564471499723302,False,False,False,False,-0.17073477011709737,-0.16517551521142892,False,False,False,False,-156889.0,-116522.71062766363,False,False,False,False,6728.240606546797,False,False,False,False
2025-03-18 17:00:00+00:00,25.83,26.1,25.825,26.095,9225.0,,,,,,,,,,,,,,,,,,,25.709784208599082,27.004214405703422,27.162843443677094,,,,,,,,,,,,,,,,,,,,25.916438127746392,25.795450134763612,25.769682173543437,25.96507940675835,26.603402396864418,26.831172154596175,27.099123295550697,,,,,,,26.385718974780264,"rgba(239, 83, 80, 0.5)",0.3466324480685936,26.3659026951993,-0.7815272248998817,56.21032607759077,8.581868689268397,True,False,True,False,True,0.0,0.0,0.0,0.0,0.0,0,0.8891526661796931,1.0471146822498176,False,False,False,False,-0.13964523690807468,-0.1524103760597518,False,False,False,False,-147664.0,-117005.52131560682,False,False,False,False,6766.9500545073115,False,False,False,False
2025-03-18 18:00:00+00:00,26.1,26.17,25.995,26.05,5579.0,,,,,,,,,,,,,,,,,,,25.716285726093332,27.000018747069916,27.158231309937065,,,,,,,,,,,,,,,,,,,,25.95480683177529,25.807395501466353,25.773223573578615,25.965935143092736,26.6004959571189,26.827488436802955,27.09467894201045,,,,,,,26.389856016894562,"rgba(239, 83, 80, 0.5)",0.3478488850734166,26.369046628279385,-0.9171989388784345,57.263911141963305,8.581868689268397,True,False,True,False,True,0.0,0.0,0.0,0.0,0.0,0,0.8960261295590637,1.044275086191254,False,False,False,False,-0.1161398245538956,-0.1342751003068237,False,False,False,False,-153243.0,-117567.34269055864,False,False,False,False,6748.532224204872,False,False,False,False
2025-03-18 19:00:00+00:00,26.055,26.105,25.99,26.105,9636.0,,,,,,,,,,,,,,,,,,,25.72683097000552,26.992821718899858,27.150320195673455,,,,,,,,,,,,,,,,,,,,25.988274132952466,25.825415689923375,25.779049244703025,25.967312858835964,26.595503348962787,26.82116787322682,27.08705549779398,,,,,,,26.393375153097725,"rgba(239, 83, 80, 0.5)",0.34975315619768504,26.371653099665252,-0.7624036979798863,58.73554453772583,3.5496028038670246,True,False,True,False,True,0.0,0.0,0.0,0.0,0.0,0,0.8962775569208529,1.0464401879291654,False,False,False,False,-0.1229812468345562,-0.12862817357068995,False,False,False,False,-143607.0,-117971.05830775927,False,False,False,False,6793.299166465262,False,False,False,False
2025-03-19 14:00:00+00:00,26.29,26.335,26.21,26.245,7172.0,,,,,,,,,,,,,,,,,,,25.738585633170608,26.988658931826023,27.14556123108012,,,,,,,,,,,,,,,,,,,,26.03836998569458,25.846955232615286,25.786100971013074,25.970295910629883,26.593207113764507,26.81773984267871,27.082533954550374,,,,,,,26.400800880702313,#000000,0.35347358681597174,26.37778302759076,-0.3756519087800712,61.503674142674015,6.319437501414811,True,False,True,False,True,0.8993224354767833,0.0,0.0,0.0,0.0,0,0.9012544802867384,1.0415770609319,False,False,False,False,-0.07917231699087128,-0.10390024528078062,False,False,False,False,-136435.0,-118257.32096965447,False,False,False,False,6799.170497217739,False,False,False,False
2025-03-19 15:00:00+00:00,26.25,26.32,26.175,26.255,4559.0,,,,,,,,,,,,,,,,,,,25.74561043303073,26.985989206556066,27.14251725511626,,,,,,,,,,,,,,,,,,,,26.06032868284097,25.85917480204648,25.790355452827004,25.972076214236978,26.591705572349362,26.815530694866435,27.07963911519849,,,,,,,26.404292742906875,#000000,0.3572674951112044,26.380700854137448,-0.35183960437913,63.47123248591005,8.298700735241347,True,False,True,False,True,1.019164834152214,0.0,0.0,0.0,0.0,0,0.9005170262078802,1.0418969513282228,False,False,False,False,-0.03952963063240467,-0.07171493795659264,False,False,False,False,-131876.0,-118468.46328020246,False,False,False,False,6764.439171679479,False,False,False,False
2025-03-19 16:00:00+00:00,26.255,26.32,26.23,26.235,5832.0,,,,,,,,,,,,,,,,,,,25.754521732650737,26.982655716143913,27.138703859453763,,,,,,,,,,,,,,,,,,,,26.083921271180767,25.8742021544476,25.795820745556906,25.974415081701736,26.589868736810683,26.812787415185507,27.07601683845039,,,,,,,26.4082913551582,#000000,0.360742702347904,26.384084443461884,-0.41327085064109137,64.23463739865437,9.200157556715908,True,False,True,False,True,0.7690817837467314,0.0,0.0,0.0,0.0,0,0.9111596577462224,1.042781722191881,False,False,False,False,-0.031724935175845,-0.05171993656621882,False,False,False,False,-137708.0,-118766.75067120706,False,False,False,False,6749.982750413131,False,False,False,False
2025-03-19 17:00:00+00:00,26.235,26.25,26.18,26.225,4190.0,,,,,,,,,,,,,,,,,,,25.760205382498395,26.980136840739167,27.13585008183386,,,,,,,,,,,,,,,,,,,,26.094358382752656,25.883191952317418,25.799311655574716,25.975822261049785,26.58838905353751,26.81067956826908,27.073296725241626,,,,,,,26.410124190381417,#000000,0.36205372653913126,26.385643515640478,-0.44370076556335025,64.44675547167603,9.680796237700292,True,False,True,False,True,0.6421212346806158,0.0,0.0,0.0,0.0,0,0.9083913521436423,1.0441553682667648,False,False,False,False,-0.04120081161398672,-0.04646037409010277,False,False,False,False,-141898.0,-119125.3746918085,False,False,False,False,6710.293095367965,False,False,False,False
2025-03-19 18:00:00+00:00,26.215,26.41,26.215,26.375,3070.0,,,,,,,,,,,,,,,,,,,25.765305494121133,26.978578797805618,27.13403100792364,,,,,,,,,,,,,,,,,,,,26.107222719036763,25.891646009722834,25.802525028012155,25.977327089943017,26.58764695336424,26.80944261937156,27.07158124192295,,,,,,,26.412530696122396,#000000,0.3666594020573973,26.387722331856892,-0.034697956156326086,66.76615033400054,12.130743172247534,True,False,True,False,True,2.501512962445787,0.0,0.0,0.0,0.0,0,0.9105051244509517,1.0345900439238656,False,False,False,False,-0.018561017366772514,-0.03251069572843764,False,False,False,False,-138828.0,-119430.84175085022,False,False,False,False,6653.8544427266015,False,False,False,False
2025-03-19 19:00:00+00:00,26.375,26.415,26.245,26.305,7893.0,,,,,,,,,,,,,,,,,,,25.777749622635444,26.974535490852325,27.12932419202737,,,,,,,,,,,,,,,,,,,,26.1332936966355,25.911453505449636,25.810434080053312,25.981013585151675,26.585672058461526,26.806214433148146,27.067137888331793,,,,,,,26.41768285527467,#000000,0.3698279122573844,26.392218944373386,-0.23583656474443165,66.19496673056932,12.130743172247534,True,False,True,False,True,1.5895148773474261,0.0,0.0,0.0,0.0,0,0.9112814895947426,1.032493610806864,False,False,False,False,-0.014500148509137115,-0.02350542211878738,False,False,False,False,-146721.0,-119853.9449795192,False,False,False,False,6673.066001754096,False,False,False,False
2025-03-20 14:00:00+00:00,26.2,26.43,26.2,26.43,5917.0,,,,,,,,,,,,,,,,,,,25.787241541087074,26.97168235418921,27.125968283029824,,,,,,,,,,,,,,,,,,,,26.151672783738,25.926202441794434,25.816564431637094,25.983977943076116,26.584385987396985,26.803978635430916,27.063981335330283,,,,,,,26.421565573670996,#000000,0.37655922090265886,26.39565082987894,0.09121850751316561,67.58043286757066,13.330857382346906,True,False,True,False,True,3.1305549579595002,0.0,0.0,0.0,0.0,0,0.9110909090909091,1.0314545454545458,False,False,False,False,-0.017980858890718307,-0.020743140504752844,False,False,False,False,-140804.0,-120178.7520341003,False,False,False,False,6661.344048238528,False,False,False,False
2025-03-20 15:00:00+00:00,26.435,26.45,26.295,26.305,4067.0,,,,,,,,,,,,,,,,,,,25.793548865066455,26.969725935090942,27.123668530499273,,,,,,,,,,,,,,,,,,,,26.16244075987558,25.935707102457066,25.82067273970215,25.985970103113466,26.583497608150445,26.80244336410807,27.061817744241683,,,,,,,26.423949275230513,#000000,0.3794507885100136,26.394364029790516,-0.2355088788757602,65.08692079983805,13.330857382346906,True,False,True,False,False,1.4920562608049117,0.0,0.0,0.0,0.0,0,0.9125068070430205,1.0324922853512437,False,False,False,False,0.03230084294929627,0.005778851222271713,False,False,False,False,-144871.0,-120561.57758395921,False,False,False,False,6621.1216598937435,False,False,False,False
2025-03-20 16:00:00+00:00,26.3,26.41,26.28,26.345,3881.0,,,,,,,,,,,,,,,,,,,25.79938438250111,26.967855467856975,27.12147252865436,,,,,,,,,,,,,,,,,,,,26.171433403563995,25.944283112517233,25.824498104155808,25.987825202764938,26.58263809545917,26.80097187433517,27.05975087742499,,,,,,,26.426011304923378,#000000,0.38113590302744543,26.39590921099347,-0.13357233099555205,64.08750355355579,13.330857382346906,True,False,True,False,False,1.991998183565407,0.0,0.0,0.0,0.0,0,0.9192364170337739,1.0330396475770929,False,False,False,False,0.02519122349103517,0.015485037356653441,False,False,False,False,-140990.0,-120878.29731133969,False,False,False,False,6578.639153538802,False,False,False,False
2025-03-20 17:00:00+00:00,26.345,26.44,26.335,26.385,5227.0,,,,,,,,,,,,,,,,,,,25.807636818127232,26.965521263299156,27.118692078636904,,,,,,,,,,,,,,,,,,,,26.18482415838442,25.956424624615163,25.829968253968246,25.990581550522258,26.581691494313187,26.79918468036126,27.05714713073433,,,,,,,26.429167205296217,#000000,0.381484027271172,26.39966140603846,-0.03843255546853648,64.09221671022483,13.330857382346906,True,False,True,False,False,2.4951813190406256,0.0,0.0,0.0,0.0,0,0.9196986402058066,1.0328923190003678,False,False,False,False,0.03618014761039633,0.025832592483524885,False,False,False,False,-135763.0,-121109.06789565999,False,False,False,False,6557.6835077475025,False,False,False,False
2025-03-20 18:00:00+00:00,26.385,26.41,26.27,26.345,6205.0,,,,,,,,,,,,,,,,,,,25.81639885981125,26.96256101142111,27.11521735281576,,,,,,,,,,,,,,,,,,,,26.195611209635707,25.968580120414536,25.835811419772956,25.99343839775768,26.580323020303837,26.79685374350736,27.053876536988902,,,,,,,26.43186716724291,#000000,0.37972936071280566,26.4014638070085,-0.1486948675828258,62.89095344246977,16.6194806492351,True,False,True,False,False,1.9539777988127973,0.0,0.0,0.0,0.0,0,0.9212945936005884,1.0308937109231338,False,False,False,False,0.02389885995141026,0.024865726217467573,False,False,False,False,-141968.0,-121432.4621918513,False,False,False,False,6552.215546387077,False,False,False,False
2025-03-20 19:00:00+00:00,26.345,26.435,26.325,26.385,26348.0,,,,,,,,,,,,,,,,,,,25.85321600404748,26.951087806740503,27.10154787189024,,,,,,,,,,,,,,,,,,,,26.237665539999544,26.017386876948787,25.861055163851596,26.006404667619883,26.57562732503198,26.788061962703676,27.041077110451393,,,,,,,26.44331303292851,#000000,0.37923302161685873,26.412392407189195,-0.07223107068157171,62.87548877343018,16.342456381181066,True,False,True,False,False,2.4708372977337945,0.0,0.0,0.0,0.0,0,0.9228360957642725,1.0300184162062618,False,False,False,False,0.03424036650914554,0.029553046363306558,False,False,False,False,-115620.0,-121342.34649895439,False,False,False,False,6859.126933264796,False,False,False,False
2025-03-21 14:00:00+00:00,26.12,26.24,25.945,26.235,9674.0,,,,,,,,,,,,,,,,,,,25.859914011982784,26.9452483043546,27.095013709404178,,,,,,,,,,,,,,,,,,,26.14,26.230181371228802,26.022484778547568,25.86571253310136,26.008023062056747,26.5718791649842,26.78306225663451,27.034821345956306,,,,,,,26.41421277620464,#000000,0.37985958761925986,26.390333612424815,-0.40892376416864107,58.6545167716442,12.237504731894397,True,False,True,False,False,0.42854978830704127,0.0,0.0,0.0,0.0,1,0.9064433927921367,1.0347651983982529,False,False,False,False,-0.04006056693115661,-0.0052537602839250255,False,False,False,False,-125294.0,-121403.61244470703,False,False,False,False,6902.768376159915,False,False,False,False
2025-03-21 15:00:00+00:00,26.235,26.3,26.185,26.2,6549.0,,,,,,,,,,,,,,,,,,,25.865648427188642,26.94177107804363,27.091044960910747,,,,,,,,,,,,,,,,,,,26.17565894100968,26.230090229508527,26.028120068276035,25.869765403318098,26.009815110147265,26.56988970907907,26.780180114711705,27.031048675213885,,,,,,,26.417548428855206,"rgba(239, 83, 80, 0.5)",0.3812369980059862,26.392144827688007,-0.5040036216133218,55.001667304832836,8.88087371895373,False,False,True,False,False,0.0,0.0,0.0,0.0,0.0,1,0.9151338553997449,1.0329630304134039,False,False,False,False,0.00032447079508489494,-0.0024646447444200653,False,False,False,False,-131843.0,-121565.46341455654,False,False,False,False,6897.283595134179,False,False,False,False
2025-03-21 16:00:00+00:00,26.195,26.39,26.19,26.385,6212.0,,,,,,,,,,,,,,,,,,,25.87228311309721,26.93893124297183,27.08771753281563,,,,,,,,,,,,,,,,,,,26.21608684347374,26.234182751451407,26.035549720159015,25.87450596790099,26.012202818578345,26.568533679531075,26.77793153628243,27.02791492171449,,,,,,,26.422349102543286,#000000,0.3838205873102831,26.395903425061697,-0.028407608716623265,56.56945804137905,8.88087371895373,False,False,True,False,True,2.400498661402594,0.0,0.0,0.0,0.0,1,0.917274052478134,1.0307944606413997,False,False,False,False,0.03075501977276954,0.014145187514174738,False,False,False,False,-125631.0,-121628.49498952464,False,False,False,False,6886.659043271634,False,False,False,False
2025-03-21 17:00:00+00:00,26.39,26.39,26.255,26.26,6531.0,,,,,,,,,,,,,,,,,,,25.878752140537685,26.93587765597757,27.08415960271372,,,,,,,,,,,,,,,,,,,26.235382632511676,26.237211167149944,26.042447460259506,25.87916571599417,26.01451431904158,26.56700968656383,26.77548855959668,27.024557502141242,,,,,,,26.424960585680694,#000000,0.3859186652860723,26.39790753578587,-0.3573487063229758,54.65737880173259,8.878529887360543,False,False,True,False,True,0.7017188350565604,0.0,0.0,0.0,0.0,1,0.9277991570459958,1.025105369250504,False,False,False,False,0.03964807602664843,0.026896631770411586,False,False,False,False,-132162.0,-121791.8051447258,False,False,False,False,6881.1449495775,False,False,False,False
2025-03-21 18:00:00+00:00,26.265,26.295,26.235,26.25,4114.0,,,,,,,,,,,,,,,,,,,25.88233626820776,26.933843733869352,27.081816419869202,,,,,,,,,,,,,,,,,,,26.238444175735587,26.237837659039883,26.045942478060415,25.881764784435628,26.015742977897148,26.565909249320395,26.773828309912428,27.022337505046426,,,,,,,26.425436687399475,#000000,0.38780478278318936,26.398128664263172,-0.38196708973026466,53.159044253893015,7.457665339001423,False,True,True,False,False,0.566329151491864,0.0,0.0,0.0,0.0,1,0.9268382352941175,1.0233455882352942,False,False,False,False,0.023917588473913676,0.02540711012216263,False,False,False,False,-136276.0,-122016.36630527268,False,False,False,False,6838.243477491026,False,False,False,False
2025-03-21 19:00:00+00:00,26.25,26.39,26.23,26.39,23975.0,,,,,,,,,,,,,,,,,,,25.905934408755897,26.923551411577286,27.06967146234229,,,,,,,,,,,,,,,,,,,26.279718108258113,26.251484615133556,26.070830670184996,25.899165041981227,26.024838239251824,26.561218691370755,26.765774249322785,27.010928050874767,,,,,,,26.433010449913954,#000000,0.39150255714646265,26.40485865719869,-0.03795289948293164,55.018912678560596,7.457665339001423,False,False,True,False,False,2.4206915758860568,0.0,0.0,0.0,0.0,1,0.9258373205741626,1.022267206477733,False,False,False,False,0.03622700470216258,0.030817057412162605,False,False,False,False,-112301.0,-121865.7404710824,False,False,False,False,7103.929625126823,False,False,False,False
2025-03-24 14:00:00+00:00,26.765,26.995,26.755,26.975,6359.0,,,,,,,,,,,,,,,,,,,25.91955621209045,26.923482161620363,27.068977003892815,,,,,,,,,,,,,,,,,,,26.34275409741277,26.274691941416368,26.089424880826027,25.909300604756865,26.031429908131997,26.563092312667727,26.766467485009102,27.010477242605955,,,,,,,26.445423077311855,"rgba(38, 166, 154, 1.0)",0.40921603801138173,26.41734263199295,1.3627456311757329,62.40942238118694,7.441898691252376,True,False,True,False,True,9.390105735546001,0.0,0.0,0.0,0.0,0,0.9282486896801011,1.0150009036688958,False,False,False,False,0.19298160597594827,0.11189933169405544,False,False,False,False,-105942.0,-121618.86077385632,False,False,False,False,7092.380328613229,False,False,False,False
2025-03-24 15:00:00+00:00,26.985,27.07,26.955,27.01,5805.0,,,,,,,,,,,,,,,,,,,25.932938167106418,26.923846970185014,27.068752691920263,,,,,,,,,,,,,,,,,,,26.398851952980156,26.29771905461631,26.107745308060224,25.919315809325262,26.038061040769577,26.56529180276356,26.767551149394205,27.010481994627607,,,,,,,26.457323267431693,"rgba(38, 166, 154, 1.0)",0.4269877944116707,26.42940916842638,1.3597363652363788,67.5585941590276,11.887475163004751,True,False,True,False,True,9.772490295910128,0.0,0.0,0.0,0.0,0,0.9357582338038364,1.013391241404271,False,False,False,False,0.3102523336761965,0.21107583268512597,False,False,False,False,-100137.0,-121285.80866883528,False,False,False,False,7072.420943673488,False,False,False,False
2025-03-24 16:00:00+00:00,27.01,27.025,26.915,26.945,3559.0,,,,,,,,,,,,,,,,,,,25.940608763575238,26.923942649144987,27.068496339658523,,,,,,,,,,,,,,,,,,,26.426374797328865,26.310198798319828,26.118020195190116,25.92508960417279,26.041875838967695,26.566479801110138,26.76807569908865,27.01036271639724,,,,,,,26.46359320026855,"rgba(38, 166, 154, 1.0)",0.44212959251394035,26.435793873825723,1.1517123820618766,69.49817153290653,13.409638563440197,True,False,True,False,True,8.846439367198062,0.0,0.0,0.0,0.0,0,0.9477447744774478,1.0150348368170152,False,False,False,False,0.30225686651112654,0.2566663495981263,False,False,False,False,-103696.0,-121013.09845691535,False,False,False,False,7017.9493011359145,False,False,False,False
2025-03-24 17:00:00+00:00,26.935,26.98,26.885,26.935,3760.0,,,,,,,,,,,,,,,,,,,25.948367825959824,26.923967681187467,27.068155362669675,,,,,,,,,,,,,,,,,,,26.451279604031114,26.3223319575777,26.128254479090156,25.930955558890926,26.0457489017071,26.567637749765343,26.768546144985983,27.010164380381596,,,,,,,26.469582695113356,"rgba(38, 166, 154, 1.0)",0.4557169087282883,26.441909458804606,1.0820106336879152,70.55005526775969,14.332730300582867,True,False,True,False,True,8.702896708525383,0.0,0.0,0.0,0.0,0,0.9456481821520382,1.0135879544619906,False,False,False,False,0.2895149187116681,0.2730906341548972,False,False,False,False,-107456.0,-120802.91088393991,False,False,False,False,6967.438459257839,False,False,False,False
2025-03-24 18:00:00+00:00,26.935,26.96,26.86,26.93,3007.0,,,,,,,,,,,,,,,,,,,25.95438273810999,26.92395215005916,27.067850350102358,,,,,,,,,,,,,,,,,,,26.468872399270854,26.331444889765933,26.136090469690107,25.93552068092044,26.048764477571478,26.56851658746605,26.768882595629535,27.009972248969063,,,,,,,26.474022689777723,"rgba(38, 166, 154, 1.0)",0.4689092960561711,26.446452553424088,1.0312174457679921,71.1177326223258,15.009906039844736,True,False,True,False,True,8.629849839281512,0.0,0.0,0.0,0.0,0,0.9475331369661266,1.0127025036818853,False,False,False,False,0.2819136667172677,0.27750215043608245,False,False,False,False,-110463.0,-120642.60218806488,False,False,False,False,6906.036312602679,False,False,False,False
2025-03-24 19:00:00+00:00,26.93,26.985,26.91,26.935,7895.0,,,,,,,,,,,,,,,,,,,25.970253114512847,26.924059796560275,27.067195570513817,,,,,,,,,,,,,,,,,,,26.511711707075328,26.355124643804814,26.15661985169532,25.94762811821747,26.05682373922025,26.57097822042168,26.76991682122983,27.00961464102418,,,,,,,26.48544783857053,"rgba(38, 166, 154, 0.5)",0.481548019926841,26.458172632698343,0.9901969223632104,71.55322145113959,15.716238015281661,True,False,True,False,True,8.688900026040088,0.0,0.0,0.0,0.0,0,0.9526441864750322,1.0058964437073892,False,False,False,False,0.2946005144391733,0.28605133243762787,False,False,False,False,-102568.0,-120362.37579755225,False,False,False,False,6921.369082949924,False,False,False,False
2025-03-25 14:00:00+00:00,27.14,27.165,27.05,27.11,3513.0,,,,,,,,,,,,,,,,,,,25.97832214561923,26.924514090160745,27.06729160298479,,,,,,,,,,,,,,,,,,,26.534755826269247,26.367875267242027,26.167269051297158,25.953799820691415,26.06102213372217,26.57254397758962,26.770807202242608,27.00984980395109,,,,,,,26.49164099288819,"rgba(38, 166, 154, 1.0)",0.4982672950307524,26.464535185948275,1.29541878523632,73.63945575045895,18.00066783594221,True,False,True,False,True,10.731068299879038,0.0,0.0,0.0,0.0,0,0.9539534030453127,1.0000000000000002,False,False,False,False,0.3428282197647474,0.3144397761011877,False,False,False,False,-99055.0,-120032.0288859623,False,False,False,False,6868.52615143132,False,False,False,False
2025-03-25 15:00:00+00:00,27.11,27.19,27.095,27.135,5977.0,,,,,,,,,,,,,,,,,,,25.992168383982,26.92541416744063,27.06757924055705,,,,,,,,,,,,,,,,,,,26.572077031534786,26.389491345742503,26.185441703236936,25.96443475689116,26.068302401750817,26.575343298035925,26.77245249403518,27.01037517092211,,,,,,,26.502098181284463,"rgba(38, 166, 154, 1.0)",0.5145082231720666,26.475291966451707,1.282210864349333,75.25544470262996,19.80745454313515,True,False,True,False,True,11.018303017853704,0.0,0.0,0.0,0.0,0,0.9564498346196251,0.9992649761117236,False,False,False,False,0.3428282203229856,0.3286339982120866,False,False,False,False,-93078.0,-119614.1369652497,False,False,False,False,6854.704040556416,False,False,False,False
2025-03-25 16:00:00+00:00,27.145,27.305,27.11,27.295,4420.0,,,,,,,,,,,,,,,,,,,26.003041855034414,26.926372626065092,27.068072462849933,,,,,,,,,,,,,,,,,,,26.601060615030427,26.406674483062435,26.19976692502795,25.972814145195148,26.07410323663345,26.577747062161276,26.773977312812423,27.011048660237538,,,,,,,26.51042539855547,"rgba(0, 255, 255, 0.75)",0.5346382796714572,26.483864628429746,1.5171666571812064,77.62201120226257,22.277394562398328,True,False,True,False,True,12.832778915383258,0.0,0.0,0.0,0.0,0,0.965154867256637,0.9920722713864308,False,False,False,False,0.3428282213133796,0.3357311097627331,False,False,False,False,-88658.0,-119134.19685726133,False,True,False,False,6816.956691090424,False,False,False,False
2025-03-25 17:00:00+00:00,27.3,27.35,27.185,27.215,6374.0,,,,,,,,,,,,,,,,,,27.25,26.0185577820942,26.927803400805185,27.06883453586805,,,,,,,,,,,,,,,,,,,26.639458183258455,26.43064037058834,26.22000780605899,25.984830823210913,26.08246259284868,26.58125240100652,26.776221530322363,27.012069838979603,,,,,,,26.582678272086778,"rgba(38, 166, 154, 1.0)",0.5512389812181095,26.54294082412074,1.219179337415806,76.6784735231258,22.277394562398328,True,False,True,False,True,11.580049692836969,0.0,0.0,0.0,0.0,0,0.9606357420070226,0.9955645906486787,False,False,False,False,0.3428282221778499,0.3392796659702915,False,False,False,False,-95032.0,-118760.5193866061,False,False,False,False,6810.089145492123,False,False,False,False
2025-03-25 18:00:00+00:00,27.215,27.225,27.105,27.115,5164.0,,,,,,,,,,,,,,,,,,27.204497602126303,26.029833287915594,26.928590473708983,27.069103417733658,,,,,,,,,,,,,,,,,,,26.66273639949921,26.446792340724727,26.234279957724254,25.993632672205116,26.088566223545016,26.583637935603818,26.77763741951931,27.0125399981648,,,,,,,26.5859873107059,"rgba(38, 166, 154, 1.0)",0.5641590808171337,26.54758831324908,1.0057654056176395,73.1978664267481,22.277394562398328,True,False,True,False,False,10.033112790549225,0.0,0.0,0.0,0.0,0,0.9515263644773357,1.0033302497687326,False,False,False,False,0.31012952199938804,0.32470459398483975,False,False,False,False,-100196.0,-118472.6973806122,False,False,False,False,6784.568383546509,False,False,False,False
2025-03-25 19:00:00+00:00,27.115,27.185,27.105,27.165,7473.0,,,,,,,,,,,,,,,,,,27.183730384163553,26.045805070376378,26.929736704589054,27.069505556554944,,,,,,,,,,,,,,,,,,,26.69309320848669,26.469024848512984,26.254246089415574,26.00617297546904,26.09730363179312,26.58707497025063,26.779685680597893,27.013231226349767,,,,,,,26.594050862213304,"rgba(38, 166, 154, 1.0)",0.577889738228249,26.556627150319144,1.0527490097783425,71.55779548212328,26.711143516855202,True,False,True,False,False,10.61999333817148,0.0,0.0,0.0,0.0,0,0.9486466444197256,1.007044864664442,False,False,False,False,0.30382549303452266,0.3142650435096812,False,False,False,False,-92723.0,-118073.4772661841,False,False,False,False,6795.241741941136,False,False,False,False
2025-03-26 14:00:00+00:00,26.96,27.07,26.9,27.045,6837.0,,,,,,,,,,,,,,,,,,27.136454786959664,26.05813845022558,26.930088861225382,27.06921938532623,,,,,,,,,,,,,,,,,,,26.70985846213515,26.48405755246151,26.268903155339807,26.01597162177221,26.10407795852098,26.589375802883463,26.780808910597976,27.01319398061192,,,,,,,26.59667907733832,"rgba(38, 166, 154, 0.5)",0.5880903206355209,26.56061325192729,0.8236604668977693,67.27097539794258,22.628567053281273,True,False,True,False,False,8.766824977401946,0.0,0.0,0.0,0.0,0,0.9406123201770563,1.0071929177425305,False,False,False,False,0.25418283989754914,0.2842239417036152,False,False,False,False,-99560.0,-117786.44661089442,False,False,False,False,6795.889156794761,False,False,False,False
2025-03-26 15:00:00+00:00,27.055,27.12,27.02,27.04,5769.0,,,,,,,,,,,,,,,,,,27.122504454354726,26.068891493549742,26.930599745736142,27.06918500238113,,,,,,,,,,,,,,,,,,,26.725049949736903,26.49737276667935,26.281724040576567,26.024542846639147,26.110060099313365,26.5915519240084,26.781978392244753,27.013372010813615,,,,,,,26.601402727169486,"rgba(38, 166, 154, 0.5)",0.5977812806197798,26.565958887983502,0.7930009309174272,64.2852477165554,19.85782439100761,False,False,True,False,False,8.68981004264182,0.0,0.0,0.0,0.0,0,0.9491776011827758,1.0022177046756608,False,False,False,False,0.28038826607934236,0.2823061038914788,False,False,False,False,-105329.0,-117593.30790374876,False,False,False,False,6779.968394673912,False,False,False,False
2025-03-26 16:00:00+00:00,27.04,27.1,26.99,27.035,4311.0,,,,,,,,,,,,,,,,,,27.11280472983003,26.076631552816583,26.930925180674663,27.069108525157827,,,,,,,,,,,,,,,,,,,26.734992800497288,26.506616367141227,26.290817281003665,26.030744759746778,26.114396385920266,26.59310185192579,26.782788726848427,27.013452204694772,,,,,,,26.604698363854776,"rgba(38, 166, 154, 0.5)",0.6066426066904769,26.569688111790526,0.7670280377238434,62.15291654289439,17.85341367996726,False,False,True,False,False,8.611369216865171,0.0,0.0,0.0,0.0,0,0.9541828974216285,0.9987015396030422,False,False,False,False,0.27264325678507134,0.27747468033827505,False,False,False,False,-109640.0,-117470.00080446583,False,False,False,False,6741.689814911526,False,False,False,False
2025-03-26 17:00:00+00:00,27.035,27.055,26.82,26.875,4685.0,,,,,,,,,,,,,,,,,,27.09017880153317,26.08383303079875,26.930879921715082,27.06864950045613,,,,,,,,,,,,,,,,,,,26.740988320900517,26.51404714199328,26.29885121404336,26.03657666569246,26.118434200740015,26.594308162036985,26.7832411891315,27.013155008508523,,,,,,,26.606095263129145,#000000,0.6127053948684189,26.571745898199,0.4949427642401023,56.71681370230045,12.814770334027017,False,True,True,False,False,6.128427442180794,0.0,0.0,0.0,0.0,0,0.9460358528922566,0.9996303825540568,False,False,False,False,0.23968826495662587,0.25858147264745046,False,False,False,False,-114325.0,-117421.24110207101,False,False,False,False,6709.803151114448,False,False,False,False
2025-03-26 18:00:00+00:00,26.875,26.98,26.865,26.905,6220.0,,,,,,,,,,,,,,,,,,27.067134250065838,26.093205373846146,26.930820276130824,27.068044334592752,,,,,,,,,,,,,,,,,,,26.748362441485643,26.52350619387021,26.30920403572343,26.04420173576481,26.12373258640234,26.595895879706116,26.783837192350468,27.01276324724899,,,,,,,26.60839229559896,"rgba(38, 166, 154, 0.5)",0.6190956569322681,26.57476589250551,0.5334137039998968,53.85165274250997,10.246581281524897,False,True,True,False,False,6.517522629385979,0.0,0.0,0.0,0.0,0,0.9467357129646754,1.0033290179397079,False,False,False,False,0.2351317573691259,0.24685661500828818,False,False,False,False,-108105.0,-117276.80325552728,False,False,False,False,6702.209303810348,False,False,False,False
2025-03-26 19:00:00+00:00,26.905,26.94,26.775,26.825,10756.0,,,,,,,,,,,,,,,,,,27.025957127229162,26.10758809105483,26.930213989911714,27.066530445773385,,,,,,,,,,,,,,,,,,,26.755015058187944,26.536122621203813,26.32433974531843,26.056047000570896,26.131936418258434,26.59801369561853,26.784318798316328,27.01160519231506,,,,,,,26.610640681979874,#000000,0.6240461766813372,26.578205050407735,0.39547546129472916,50.14507213233761,6.844923611473725,False,True,False,False,False,5.283327353611682,0.0,0.0,0.0,0.0,0,0.9428412874583796,1.0066592674805772,False,False,False,False,0.21549467280832793,0.23117564390830805,False,False,False,False,-118861.0,-117301.36444536406,False,False,False,False,6765.058771968327,False,False,False,False
2025-03-27 14:00:00+00:00,26.5,26.59,26.35,26.585,6235.0,,,,,,,,,,,,,,,,,,26.975390187599235,26.111973951431004,26.92845942167322,27.064326427276697,,,,,,,,,,,,,,,,,,,26.74570329874355,26.53550763937692,26.327295105828284,26.059884227981673,26.13439623228203,26.597576804333393,26.783097913077775,27.009579352648945,,,,,,,26.60609921352106,#000000,0.6257928808557138,26.57472128754756,0.016425102884495158,43.7668354081051,1.0316671821765766,False,True,False,True,False,1.7271989818182973,0.0,0.0,0.0,0.0,0,0.9354014598540146,1.0060218978102191,False,False,False,False,0.10124769065657552,0.1662116672824418,False,False,False,False,-125096.0,-117422.21150822662,False,False,False,False,6756.840806511454,False,False,False,False
2025-03-27 15:00:00+00:00,26.59,26.68,26.555,26.57,6005.0,,,,,,,,,,,,,,,,,,26.943251538281615,26.11708173964901,26.927155674049118,27.062573687161258,,,,,,,,,,,,,,,,,,,26.740650459460568,26.53688831392392,26.331474914654265,26.064275307548886,26.137318877865425,26.597595904112847,26.782328196447438,27.008004043663778,,,,,,,26.60404988806818,#000000,0.6262085036871137,26.573394433455753,-0.005420612201474068,39.31908413787082,-2.9003148432385046,False,True,False,True,False,1.5110614264551678,0.0,0.0,0.0,0.0,0,0.9438366156090444,1.0018234865062,False,False,False,False,0.144267909225436,0.15523978825393892,False,False,False,False,-131101.0,-117634.28574840915,False,False,False,False,6745.184359898873,False,False,False,False
2025-03-27 16:00:00+00:00,26.575,26.695,26.505,26.51,5725.0,,,,,,,,,,,,,,,,,,26.914968918477733,26.121541321615197,26.925802379173273,27.060801034095274,,,,,,,,,,,,,,,,,,,26.735127837697284,26.53753425085414,26.33488960739107,26.0681530605457,26.1398836940015,26.597473584115818,26.781472862107897,27.006397312988213,,,,,,,26.602003821921926,#000000,0.6271088601849651,26.57197331091014,-0.09882384836957628,35.55815896673672,-6.266279221330528,False,True,False,True,False,0.6413521739877375,0.0,0.0,0.0,0.0,0,0.941187214611872,1.0080365296803653,False,False,False,False,0.139139072282732,0.14718943026833547,False,False,False,False,-136826.0,-117931.83170579815,False,False,False,False,6729.367548117495,False,False,False,False
2025-03-27 17:00:00+00:00,26.51,26.575,26.465,26.485,3473.0,,,,,,,,,,,,,,,,,,26.897098502199672,26.123837971099725,26.92484498378886,27.05959754646764,,,,,,,,,,,,,,,,,,,26.73076110960193,26.53719272368059,26.336382917801867,26.070191089751273,26.141203885111125,26.59723453356363,26.780807003419092,27.005291417674847,,,,,,,26.60037030701335,#000000,0.6241754344516742,26.570716849920913,-0.13732813755513196,32.719328419585,-8.895474278697463,False,True,False,True,False,0.2775393856481436,0.0,0.0,0.0,0.0,0,0.9374885761286784,1.0120636081155183,False,False,False,False,0.11578117528614316,0.13148530277723933,False,False,False,False,-140299.0,-118278.60950880904,False,False,False,False,6678.88122954203,False,False,False,False
2025-03-27 18:00:00+00:00,26.485,26.545,26.44,26.445,2791.0,,,,,,,,,,,,,,,,,,26.88275660612579,26.12551356505059,26.924020516778604,27.05857884428628,,,,,,,,,,,,,,,,,,,26.72688937660145,26.5366291336376,26.337346878564805,26.0716978925516,26.142167069246447,26.59697525442115,26.780212332631372,27.004349837772168,,,,,,,26.59892810897232,#000000,0.6215905346711418,26.569570714010524,-0.20040638822859355,30.285713339847735,-11.286969029067428,False,True,False,True,False,0.0,0.0,0.0,0.0,0.0,0,0.9413818449099596,1.0124954061006983,False,False,False,False,0.10778212134252631,0.11963371205988282,False,False,False,False,-143090.0,-118663.28222960269,False,False,False,False,6618.604001177037,False,False,False,False
2025-03-27 19:00:00+00:00,26.455,26.57,26.445,26.485,6379.0,,,,,,,,,,,,,,,,,,26.8550730750479,26.129534668287103,26.922245183430043,27.056356679576183,,,,,,,,,,,,,,,,,,,26.719253659162813,26.53586583473531,26.33986188711321,26.07529622142028,26.144499975982228,26.596500946537663,26.77896567809327,27.002304947972792,,,,,,,26.5963132297799,#000000,0.6191533742949834,26.567540221149564,-0.13331142908419266,30.235899926763857,-11.641936795291251,False,True,False,True,False,0.2850364228200313,0.0,0.0,0.0,0.0,0,0.949390469154045,1.004063538973033,False,False,False,False,0.11214347374318676,0.11588859290153479,False,False,False,False,-136711.0,-118943.09180743831,False,False,False,False,6614.889210461114,False,False,False,False
2025-03-28 14:00:00+00:00,26.1,26.155,25.77,25.785,4282.0,,,,,,,,,,,,,,,,,,26.811005237225025,26.12791592018183,26.919389534389033,27.053285779357356,,,,,,,,,,,,,,,,,,,26.701228643116703,26.527139899333218,26.33537753909858,26.074331866087267,26.143449147353852,26.59423260622075,26.776358446115317,26.999322051589573,,,,,,,26.588586389172374,"rgba(239, 83, 80, 1.0)",0.61718702175255,26.560541042460166,-1.2565738019862394,24.631108362575652,-17.20643452018799,False,True,False,True,False,0.0,0.0,0.0,0.0,0.0,0,0.937816341287057,0.9992769342010125,False,False,False,False,-0.044915938523549324,0.035486327188992736,False,False,False,False,-140993.0,-119284.95084918344,False,False,False,False,6578.720385492725,False,False,False,False
2025-03-28 15:00:00+00:00,25.78,25.95,25.77,25.825,5709.0,,,,,,,,,,,,,,,,,,26.755032064339154,26.125273611127206,26.915402278763477,27.04902222819972,,,,,,,,,,,,,,,,,,,26.676826377264817,26.514880382951706,26.328797013300516,26.07265466049458,26.14174461656855,26.59099239877502,26.772688917085922,26.995171867611706,,,,,,,26.57820720137353,"rgba(239, 83, 80, 1.0)",0.6175087116867031,26.55106083302312,-1.1757904289963943,21.88814999394143,-19.97580727950171,False,True,False,True,False,0.0,0.0,0.0,0.0,0.0,0,0.9383251944293723,1.008681497558329,False,False,False,False,-0.07446815534611415,-0.019490914078560705,False,False,False,False,-135284.0,-119532.9981228395,False,False,False,False,6565.2363485083415,False,False,False,False
2025-03-28 16:00:00+00:00,25.82,25.88,25.64,25.645,3969.0,,,,,,,,,,,,,,,,,,26.714883789983386,26.122639045585966,26.912320734039238,27.045765039805957,,,,,,,,,,,,,,,,,,,26.65819788344709,26.50504435939493,26.32314719032893,26.070853057696613,26.140064563824694,26.588374899261872,26.769807598131475,26.991987444698072,,,,,,,26.57025713384985,"rgba(239, 83, 80, 1.0)",0.616927485627351,26.543731269186715,-1.4567859110261545,19.248025886318036,-22.694265895459914,False,True,False,True,False,0.0,0.0,0.0,0.0,0.0,0,0.9339725036179449,1.012662807525326,False,False,False,False,-0.10342487870940938,-0.06145789639398504,False,False,False,False,-139253.0,-119838.73458605129,False,False,False,False,6524.9846221748785,False,False,False,False
2025-03-28 17:00:00+00:00,25.65,25.65,25.42,25.555,7315.0,,,,,,,,,,,,,,,,,,26.636488554150827,26.115732744728092,26.905830504012837,27.038993220474605,,,,,,,,,,,,,,,,,,,26.61945702219566,26.48351924310455,26.309970118450494,26.065893767895915,26.13568604846565,26.582598468353854,26.763633520537983,26.98533424663205,,,,,,,26.553594788250205,"rgba(255, 0, 0, 1.0)",0.609459774075516,26.528225748852442,-1.596866258037653,17.12918352671683,-24.973666433164162,False,True,False,True,False,0.0,0.0,0.0,0.0,0.0,0,0.9272398190045249,1.0197285067873307,False,False,False,False,-0.16929211779275993,-0.11537500709337248,False,False,False,False,-146568.0,-120253.14180177142,False,False,False,False,6537.232922606276,False,False,False,False
2025-03-28 18:00:00+00:00,25.555,25.58,25.405,25.435,4822.0,,,,,,,,,,,,,,,,,,26.58741568527948,26.110737944934897,26.901373065136355,27.034360325984355,,,,,,,,,,,,,,,,,,,26.593828632684737,26.46885656849642,26.30077303793948,26.062255608877432,26.1325066182863,26.578577736200586,26.75937174381504,26.98077576724222,,,,,,,26.54256939457311,"rgba(255, 0, 0, 1.0)",0.6027164259335005,26.517899287457258,-1.7966978181821425,15.271407180455366,-27.064308380390184,False,True,False,True,False,0.0,0.0,0.0,0.0,0.0,0,0.9287908910175311,1.0162660401228991,False,False,False,False,-0.18188148539822063,-0.14862824624579657,False,False,False,False,-151390.0,-120735.88378934085,False,False,False,False,6510.640164116256,False,False,False,False
2025-03-28 19:00:00+00:00,25.435,25.475,25.26,25.28,21324.0,,,,,,,,,,,,,,,,,,26.391015265918483,26.08506252542872,26.880156857403115,27.01245331965184,,,,,,,,,,,,,,,,,,,26.48085058601443,26.400667536922214,26.256154770963324,26.04311974738265,26.115998629772875,26.559011272412125,26.738914381078523,26.959166122673796,,,,,,,26.493547584635177,"rgba(255, 0, 0, 1.0)",0.6002500004689927,26.471476799223723,-1.9849675939904812,13.528850272964076,-29.08821495931584,False,True,False,True,False,0.0,0.0,0.0,0.0,0.0,0,0.9219564826470059,1.0197806149973028,False,False,False,False,-0.2192579325972495,-0.18394308942152304,False,False,False,False,-172714.0,-121541.74605617278,False,False,False,False,6740.304657695849,False,False,False,False
2025-03-31 14:00:00+00:00,24.935,25.02,24.825,24.925,4288.0,,,,,,,,,,,,,,,,,,26.346032062003534,26.077348689789872,26.87483023745997,27.00704112767663,,,,,,,,,,,,,,,,,,24.923333333333336,26.453167817587957,26.38296383603857,26.24384450743624,26.037199020784087,26.11103416939117,26.55383861898101,26.733673670695307,26.953794095867543,,,,,,,26.361392399003478,"rgba(255, 26, 202, 1.0)",0.6081655846711002,26.369330638145343,-2.3748970256619257,11.522986582668997,-31.36887346100821,False,True,False,True,False,0.0,0.0,0.0,0.0,0.0,0,0.924342693614738,1.025219102128421,False,False,False,False,-0.34282825441539394,-0.2633856719184585,False,False,False,False,-177002.0,-122401.59495452669,False,False,False,False,6702.284430444751,False,False,False,False
2025-03-31 15:00:00+00:00,24.925,25.055,24.905,25.035,1707.0,,,,,,,,,,,,,,,,,,26.32978693104917,26.074504062328504,26.872799020614984,27.00497166471723,,,,,,,,,,,,,,,,,,24.944688629413402,26.44294649802645,26.376389815250047,26.23928174505238,26.035016970265225,26.109193433082094,26.55188284156191,26.731681900773665,26.95174214030177,,,,,,,26.358837357879754,"rgba(255, 26, 202, 1.0)",0.6182762072637369,26.3664894700476,-2.1535512031754918,12.676593659878023,-31.36887346100821,False,True,False,True,False,0.0,0.0,0.0,0.0,0.0,0,0.9330821672048799,1.0154287764621457,False,False,False,False,-0.3247733735706809,-0.2940795227445697,False,False,False,False,-175295.0,-123221.64774592937,False,False,False,False,6624.838160205297,False,False,False,False
2025-03-31 16:00:00+00:00,25.04,25.19,25.01,25.17,5244.0,,,,,,,,,,,,,,,,,,26.286706637522666,26.06686249817436,26.867000713133024,26.999035118592815,,,,,,,,,,,,,,,,,,25.028042382181095,26.415066335760073,26.35837589381582,26.226862556388635,26.029171958415862,26.104208537306956,26.546386190980346,26.726030771886816,26.945866928190927,,,,,,,26.353816655565343,"rgba(255, 0, 0, 1.0)",0.6207465934931067,26.360213033321596,-1.9173895528349951,16.289631613659132,-31.36887346100821,False,True,False,True,True,0.0,0.0,0.0,0.0,0.0,0,0.9375000000000001,1.0089798850574714,False,False,False,False,-0.2877283469810862,-0.29090393486282795,False,False,False,False,-170051.0,-123947.68421498472,False,False,False,False,6603.429816636222,False,False,False,False
2025-03-31 17:00:00+00:00,25.165,25.27,25.105,25.175,3976.0,,,,,,,,,,,,,,,,,,26.25762140910808,26.0615132716322,26.862780388846435,26.99470212279411,,,,,,,,,,,,,,,,,,25.068623178880493,26.39564642871777,26.345706181135775,26.21813106825061,26.02508023325985,26.100691609378337,26.542421274114496,26.72193190275047,26.941583272563236,,,,,,,26.348956333956302,"rgba(255, 0, 0, 1.0)",0.6223747965553798,26.354776227136753,-1.895604117754107,18.804486203392315,-37.73189827498476,False,True,False,True,True,0.0,0.0,0.0,0.0,0.0,0,0.942075912933981,1.0048569886670267,False,False,False,False,-0.2611980649700672,-0.27605099991644755,False,False,False,False,-166075.0,-124600.82089382217,False,False,False,False,6562.694470641862,False,False,False,False
2025-03-31 18:00:00+00:00,25.18,25.32,25.165,25.29,1927.0,,,,,,,,,,,,,,,,,,26.245015830933045,26.059163390982345,26.86083358152989,26.992696177673544,,,,,,,,,,,,,,,,,,25.089949247462375,26.387021808140833,26.340053384159113,26.2142545565821,26.02328678320182,26.099135314977406,26.540613518752544,26.720049633604276,26.939602886628236,,,,,,,26.347052008817506,"rgba(255, 0, 0, 1.0)",0.6185282080423713,26.35255073488055,-1.7178694860877886,22.95050227880929,-33.676948451431116,False,True,False,True,True,0.0,0.0,0.0,0.0,0.0,0,0.9495313626532083,0.997656813266042,False,False,False,False,-0.24470624232572696,-0.26037862112108723,False,False,False,False,-164148.0,-125213.95545360786,False,False,False,False,6490.823238538887,False,False,False,False
2025-03-31 19:00:00+00:00,25.29,25.41,25.215,25.26,14609.0,,,,,,,,,,,,,,,,,,26.162092581860037,26.042581641292244,26.846560912866277,26.97795647459967,,,,,,,,,,,,,,,,,,25.184295455261253,26.327653670438888,26.300427897472094,26.18694356149117,26.010597277284017,26.088027669173872,26.527459563967657,26.706289751610868,26.92506355183886,,,,,,,26.32968846224284,"rgba(255, 0, 0, 1.0)",0.6142834395815232,26.333844075675767,-1.7481247360458148,25.425486091443286,-31.24264739204343,False,True,False,True,True,0.0,0.0,0.0,0.0,0.0,0,0.9559407728421814,0.9909714698447094,False,False,False,False,-0.22390259807425295,-0.2421406095976701,False,False,False,False,-178757.0,-126044.08017525735,False,False,False,False,6616.686444142935,False,False,False,False
2025-04-01 14:00:00+00:00,25.02,25.245,24.845,25.245,4746.0,,,,,,,,,,,,,,,,,,26.13312752132779,26.036065198024772,26.841438722645034,26.972707289807285,,,,,,,,,,,,,,,,,,25.17485094665315,26.30655014962305,26.285962811693707,26.176664400655028,26.005537582315583,26.083665866248218,26.52261903715627,26.701303320408357,26.919870315649398,,,,,,,26.32002793555443,"rgba(255, 0, 0, 1.0)",0.6050854157557617,26.32446060695298,-1.7839805403419178,26.919839378630357,-29.65704105631324,False,True,False,True,True,0.0,0.0,0.0,0.0,0.0,0,0.9419331784884759,0.9926746471323924,False,False,False,False,-0.3046063661483472,-0.27337348787300864,False,False,False,False,-183503.0,-126934.91614153242,False,False,False,False,6587.683553536068,False,False,False,False
2025-04-01 15:00:00+00:00,25.245,25.335,25.16,25.285,8125.0,,,,,,,,,,,,,,,,,,26.093767994525813,26.026875084715382,26.83348553759803,26.96449989373914,,,,,,,,,,,,,,,,,,25.190355318004574,26.27635298365236,26.26502653050631,26.16190416217459,25.99842219502273,26.077414233659596,26.515271762147215,26.693628573394662,26.911772069682083,,,,,,,26.30836741067865,"rgba(255, 0, 0, 1.0)",0.6014432491781286,26.312635216702308,-1.7086154314751556,28.94597362459174,-27.512043066482654,False,True,False,True,True,0.0,0.0,0.0,0.0,0.0,0,0.9525854356772232,0.993379853283235,False,False,False,False,-0.24321356339163186,-0.2582935256323202,False,False,False,False,-175378.0,-127685.97170522959,False,False,False,False,6611.5179170471365,False,False,False,False
2025-04-01 16:00:00+00:00,25.27,25.395,25.24,25.32,10119.0,,,,,,,,,,,,,,,,,,26.05254786132167,26.016577293749286,26.824054758439633,26.954733684249202,,,,,,,,,,,,,,,,,,25.21401234906195,26.243120547074884,26.241563076865294,26.145319917390534,25.990433474724167,26.070306049234755,26.506659763645263,26.684568154903147,26.902148514678146,,,,,,,26.295849649641376,"rgba(255, 0, 0, 1.0)",0.5966649957196078,26.299773804901363,-1.6420836012337323,31.225543573728125,-25.126036648540644,False,True,False,True,True,0.0,0.0,0.0,0.0,0.0,0,0.9477100613054453,0.9989181391994231,False,False,False,False,-0.22242409358659082,-0.24035880960945552,False,False,False,False,-165259.0,-128268.49927569115,False,False,False,False,6665.897484224701,False,False,False,False
2025-04-01 17:00:00+00:00,25.32,25.415,25.27,25.345,4030.0,,,,,,,,,,,,,,,,,,26.037844691143356,26.012702826528816,26.820393276604864,26.950935305730997,,,,,,,,,,,,,,,,,,25.222880048550024,26.230859254274886,26.232783536701206,26.139089436411105,25.987420305528854,26.067604956198775,26.50333578295998,26.681058320654824,26.898408107438136,,,,,,,26.291178142209674,"rgba(255, 0, 0, 1.0)",0.6037205367439882,26.294962083657566,-1.5735129515072388,33.43745321136639,-22.813135425739855,False,True,False,True,True,0.0,0.0,0.0,0.0,0.0,0,0.9468738706179978,1.0,False,False,False,False,-0.21504576535537967,-0.2277022874824176,False,False,False,False,-161229.0,-128779.51479079672,False,False,False,False,6625.030856562303,False,False,False,False
2025-04-01 18:00:00+00:00,25.345,25.345,25.16,25.245,6195.0,,,,,,,,,,,,,,,,,,26.013512252555866,26.006014676358113,26.81444651528034,26.944794179623752,,,,,,,,,,,,,,,,,,25.225466141263638,26.21073424986918,26.218235591864946,26.12859690197154,25.98217940643235,26.06296164541373,26.497854815543704,26.67532466177381,26.892350149117263,,,,,,,26.28249778362063,"rgba(255, 0, 0, 1.0)",0.6135030855961515,26.28626471592541,-1.697244464408183,33.3088308906018,-22.639961818592642,False,True,False,True,True,0.0,0.0,0.0,0.0,0.0,0,0.9425328769591064,0.9992794091154747,False,False,False,False,-0.2417219466293689,-0.23471211705589326,False,False,False,False,-167424.0,-129378.65409636576,False,False,False,False,6618.363711499322,False,False,False,False
2025-04-01 19:00:00+00:00,25.245,25.38,25.225,25.365,6632.0,,,,,,,,,,,,,,,,,,25.991422903315055,25.999665550408995,26.8084260665697,26.93855116249412,,,,,,,,,,,,,,,,,,25.234531411491943,26.19166136796234,26.20427530692283,26.1185501948951,25.97720448655109,26.058492046497577,26.492381814762375,26.669550448340956,26.886201395905843,,,,,,,26.274685704316767,"rgba(239, 83, 80, 1.0)",0.6209171144871318,26.27829894514275,-1.4708870537368322,36.489963884120925,-19.345841022194094,False,True,False,True,True,0.0,0.0,0.0,0.0,0.0,0,0.9538461538461538,0.995475113122172,False,False,False,False,-0.2268625049230686,-0.2307873109894809,False,False,False,False,-160792.0,-129865.68271502675,False,False,False,False,6618.575126824913,False,False,False,False
2025-04-02 14:00:00+00:00,25.25,25.5,25.25,25.43,5189.0,,,,,,,,,,,,,,,,,,25.976811727595862,25.99528532042483,26.803969786199673,26.933910173076235,,,,,,,,,,,,,,,,,,25.24526269637656,26.178458314077336,26.19449665716217,26.111539293696524,25.973775229544717,26.055361855201685,26.488389359683822,26.665300009092693,26.881637975775238,,,,,,,26.269553722915948,"rgba(239, 83, 80, 1.0)",0.6266196814856586,26.27296804650207,-1.3452626392191636,40.170869909392934,-15.727281209353855,False,False,False,True,True,0.0,0.0,0.0,0.0,0.0,0,0.9630032644178455,0.9834965542256077,False,False,False,False,-0.20548817123649,-0.21813774111298545,False,False,False,False,-155603.0,-130264.71088998757,False,False,False,False,6596.411171370263,False,False,False,False
2025-04-02 15:00:00+00:00,25.43,25.54,25.365,25.495,4962.0,,,,,,,,,,,,,,,,,,25.965166262588152,25.99165861732998,26.799954793987318,26.929708225597935,,,,,,,,,,,,,,,,,,25.258701472393142,26.16737666435532,26.186199811617666,26.10563243428173,25.97094302436829,26.052724557223502,26.484852455390907,26.661494719192575,26.877513942886885,,,,,,,26.265532844708723,"rgba(239, 83, 80, 1.0)",0.6313934040125806,26.268690103163976,-1.225369315306562,44.10027914621742,-11.994788427418278,False,False,False,True,True,0.0,0.0,0.0,0.0,0.0,0,0.9758137843244226,0.9712675031823969,False,False,False,False,-0.18284222945056075,-0.2004899852817731,False,False,False,False,-150641.0,-130580.62234905754,False,False,False,False,6571.071463287003,False,False,False,False
2025-04-02 16:00:00+00:00,25.5,25.935,25.485,25.91,9016.0,,,,,,,,,,,,,,,,,,25.957659018860365,25.989011529084234,26.794402822894313,26.923739295628227,,,,,,,,,,,,,,,,,,25.3101527387576,26.156628154625867,26.177889340034483,26.100246985089615,25.968991311834287,26.050495582388294,26.48042584312997,26.656419913532808,26.87171478633423,,,,,,,26.264444409399566,"rgba(239, 83, 80, 0.5)",0.6320608150121609,26.266608860104416,-0.5642002345890633,52.76219895852413,-4.0812844245257125,True,False,True,False,True,0.0,0.0,0.0,0.0,0.0,0,0.9812274368231045,0.9561371841155236,False,False,False,False,-0.10878532754445518,-0.15463765641311414,False,False,False,False,-141625.0,-130751.85301031246,False,False,False,False,6608.977332073251,False,False,False,False
2025-04-02 17:00:00+00:00,25.91,26.05,25.81,25.84,12640.0,,,,,,,,,,,,,,,,,25.9,25.954609898071173,25.987501125424668,26.787650943888284,26.916363080498773,,,,,,,,,,,,,,,,,,25.382254371967832,26.147098080635068,26.170202305476334,26.0957542016123,25.96803312654424,26.048811073062893,26.47538370194531,26.650386284692082,26.864590947045784,,,,,,,26.239188510061773,"rgba(239, 83, 80, 0.5)",0.6324013080429054,26.245705715981227,-0.6415320632981711,56.9758470574117,-0.4942479182299593,True,False,True,False,True,0.0,0.0,0.0,0.0,0.0,0,1.001808972503618,0.9450072358900146,False,False,False,False,-0.0464726714433822,-0.10055516392824818,False,False,False,False,-154265.0,-131116.39792488125,False,False,False,False,6702.481559482968,False,False,False,False
2025-04-02 18:00:00+00:00,25.84,25.87,25.725,25.73,11133.0,,,,,,,,,,,,,,,,,25.841461952635342,25.94661649797193,25.984371946522906,26.780962296084073,26.909165512556253,,,,,,,,,,,,,,,,,,25.42042892606239,26.135312882283657,26.160802536920787,26.08953852397761,25.96570035752576,26.04613803436565,26.47006556921607,26.64427911457079,26.857600440661496,,,,,,,26.232317470811044,"rgba(239, 83, 80, 0.5)",0.6340541156885467,26.238996880048738,-0.8027656748130969,57.48181632866172,-0.14110319433803653,True,False,True,False,True,0.0,0.0,0.0,0.0,0.0,0,0.9903758852369711,0.9578717995278736,False,False,False,False,-0.08392785955238405,-0.09224151174031611,False,False,False,False,-165398.0,-131647.89563147223,False,False,False,False,6771.171767863077,False,False,False,False
2025-04-02 19:00:00+00:00,25.73,25.955,25.73,25.955,12050.0,,,,,,,,,,,,,,,,,25.854425229601095,25.94355505467711,25.982734525299005,26.774566917947567,26.902188527496907,,,,,,,,,,,,,,,,,,25.464175817086407,26.126850581478504,26.153755043835886,26.085233852975033,25.964593852136552,26.04440090057257,26.465255586162584,26.63855115437449,26.85085863875345,,,,,,,26.232224691599793,#000000,0.6341010306860261,26.237855405294688,-0.44607308868221224,60.52476775054071,2.804662155963861,True,False,True,False,True,0.0,0.0,0.0,0.0,0.0,0,0.9885371179039301,0.9577874818049492,False,False,False,False,-0.0711861101980304,-0.08171381096917325,False,False,False,False,-153348.0,-131984.33135811606,False,False,False,False,6853.014066035742,False,False,False,False
2025-04-03 14:00:00+00:00,25.22,25.345,24.97,24.97,7849.0,,,,,,,,,,,,,,,,,25.717936664224215,25.918892268858812,25.973754624522304,26.76683689472806,26.89424342006997,,,,,,,,,,,,,,,,,,25.442621773271746,26.10504421049797,26.136725068121926,26.07215805556349,25.95734152341811,26.037978560448245,26.458018358079542,26.631052534286486,26.843006554734433,,,,,,,26.21111503648752,"rgba(255, 0, 0, 1.0)",0.6491533155018087,26.219055491805676,-1.9241301892452511,51.660142547507554,10.020105524413985,True,False,False,False,False,0.0,0.0,0.0,0.0,0.0,0,0.9584144399221377,0.9656697929569988,False,False,False,False,-0.2702519693596193,-0.17598289016439628,False,False,False,False,-161197.0,-132437.2409494631,False,False,False,False,6868.4557084227845,False,False,False,False
2025-04-03 15:00:00+00:00,24.975,25.27,24.93,25.235,8278.0,,,,,,,,,,,,,,,,,25.626641770933592,25.895875665719355,25.965006462946768,26.75900261967895,26.886170165948755,,,,,,,,,,,,,,,,,,25.425358605145455,26.084112944219253,26.12018202818062,26.0594233527188,25.950258681828274,26.03165286357761,26.4507449138306,26.623477473383357,26.83503574627799,,,,,,,26.193781663884952,"rgba(239, 83, 80, 1.0)",0.6579678173350219,26.20323874150458,-1.4715594228092421,48.597785327788685,7.339094232281681,True,False,False,True,False,0.0,0.0,0.0,0.0,0.0,0,0.9592631951824301,0.971484236627701,False,False,False,False,-0.2877283469810862,-0.23185561857274123,False,False,False,False,-152919.0,-132754.7876014094,False,False,False,False,6890.309108292198,False,False,False,False
2025-04-03 16:00:00+00:00,25.23,25.4,25.11,25.125,5469.0,,,,,,,,,,,,,,,,,25.587116546787648,25.882690631731506,25.959789160122906,26.754080241473815,26.881079850293442,,,,,,,,,,,,,,,,,,25.41747191554644,26.071724565885674,26.110278754418125,26.051799656556284,25.946028476378487,26.027833169228735,26.446226728504683,26.61873886466079,26.830016737180667,,,,,,,26.184633949912076,"rgba(255, 0, 0, 1.0)",0.6684412889377205,26.19471221321839,-1.6003084054223613,45.7500900030564,4.670577477498298,True,False,False,True,False,0.0,0.0,0.0,0.0,0.0,0,0.9623146990534024,0.982139667797821,False,False,False,False,-0.2409765341353378,-0.2364160763540395,False,False,False,False,-158388.0,-133152.20174712397,False,False,False,False,6868.273308163637,False,False,False,False
2025-04-03 17:00:00+00:00,25.125,25.145,24.945,24.96,4778.0,,,,,,,,,,,,,,,,,25.54329434431457,25.868351930140687,25.9541170890285,26.749264907057057,26.876141440017566,,,,,,,,,,,,,,,,,,25.40495215587314,26.058796433547897,26.099962270334718,26.04373046547849,25.941401340887378,26.023734724208655,26.441687055117253,26.61405479847427,26.825131911141387,,,,,,,26.174615776115832,"rgba(255, 0, 0, 1.0)",0.6810364583909017,26.185455767171796,-1.7993981850357958,42.681207506354326,1.6664380162560661,False,False,False,True,False,0.0,0.0,0.0,0.0,0.0,0,0.9580432065702553,0.984467059453669,False,False,False,False,-0.3046063661483472,-0.2705112212511933,False,False,False,False,-163166.0,-133617.5319525949,False,False,False,False,6835.865970052573,False,False,False,False
2025-04-03 18:00:00+00:00,24.96,24.985,24.765,24.84,5501.0,,,,,,,,,,,,,,,,,25.488042113504093,25.849552322886094,25.94661623093764,26.74326615278282,26.870021876131855,,,,,,,,,,,,,,,,,,25.386150005574386,26.04216586458826,26.086675729184357,26.033230759570284,25.935256838906827,26.018344854644585,26.435937461992285,26.60818133814233,26.819066328686105,,,,,,,26.161607705537996,"rgba(255, 0, 0, 1.0)",0.6962640523756741,26.173453535652534,-1.9151549345435117,39.8200851043208,-1.2265458232758846,False,False,False,True,False,0.0,0.0,0.0,0.0,0.0,0,0.9497505345687812,0.9912687099073414,False,False,False,False,-0.34282825441539394,-0.30666973783329365,False,False,False,False,-168667.0,-134160.93455798103,False,False,False,False,6815.17037361765,False,False,False,False
2025-04-03 19:00:00+00:00,24.835,24.9,24.68,24.85,19286.0,,,,,,,,,,,,,,,,,25.337707336981516,25.785573645810395,25.919859033324872,26.721944981977394,26.84829557576487,,,,,,,,,,,,,,,,,,25.323636973110023,25.98486522134371,26.04033154835288,25.996237619285814,25.913212343609803,25.998983034136934,26.415434067587835,26.58727718079365,26.797522118202345,,,,,,,26.119348620020144,"rgba(255, 0, 0, 1.0)",0.7108475780919876,26.133948346589204,-1.8062217360794781,38.04963521938067,-3.1984768026171295,False,False,False,True,False,0.0,0.0,0.0,0.0,0.0,0,0.9456948910325117,0.9996427295462665,False,False,False,False,-0.34282825441539394,-0.3247489961243438,False,False,False,False,-149381.0,-134396.90456483403,False,False,False,False,7008.516569375515,False,False,False,False
2025-04-04 14:00:00+00:00,23.885,23.935,23.43,23.75,17573.0,,,,,,,,,,,,,,,,,25.063296575073885,25.67509464454785,25.87334763149268,26.69192930846708,26.818376420633303,,,,,,,,,,,,,,,,,,25.178009201899087,25.892186529875776,25.965560330115732,25.934793379643473,25.874485771950013,25.965972367572718,26.38464455139184,26.557066358098318,26.767597407162274,,,,,,,26.045882891280286,"rgba(255, 26, 202, 1.0)",0.761104146961826,26.06617707282439,-3.0431802034847695,31.859476249073456,-9.24864329543042,False,True,False,True,False,0.0,0.0,0.0,0.0,0.0,0,0.915883056932809,1.006154898273209,False,False,False,False,-0.34282825441539394,-0.33378862526986885,False,False,False,False,-166954.0,-134901.6657343715,False,False,False,False,7172.307010160391,False,False,False,False
2025-04-04 15:00:00+00:00,23.74,24.325,23.73,24.015,8019.0,,,,,,,,,,,,,,,,,24.98921803936896,25.63601772387417,25.855787780329216,26.679868661569508,26.806288693468062,,,,,,,,,,,,,,,,,,25.132473152651624,25.858150582886108,25.937592361808193,25.91168506678365,25.859788965871388,25.953299117451245,26.372467388300905,26.545005181314334,26.755533057978862,,,,,,,26.02094112668973,"rgba(255, 26, 202, 1.0)",0.7973829208871293,26.042734940879505,-2.5429876760133587,30.566402799212177,-10.678489432929304,False,True,False,True,False,0.0,0.0,0.0,0.0,0.0,0,0.9308600337268128,0.9900505902192243,False,False,False,False,-0.27307667396057916,-0.303432649615224,False,False,False,False,-158935.0,-135274.27556794713,False,False,False,False,7185.43403325868,False,False,False,False
2025-04-04 16:00:00+00:00,24.02,24.23,23.985,24.085,14431.0,,,,,,,,,,,,,,,,,24.888181832497423,25.573293052057682,25.82630025723356,26.659055231959545,26.785389016995936,,,,,,,,,,,,,,,,,,25.06405471471692,25.802356346483702,25.891175550957907,25.873109285440968,25.835000108999136,25.931793661221338,26.351571785542834,26.524237869896773,26.73468893821644,,,,,,,25.981443403730015,"rgba(255, 26, 202, 1.0)",0.8288876460230891,26.005227590739366,-2.3166319343187274,30.43462722805254,-11.234826277775383,False,True,False,True,False,0.0,0.0,0.0,0.0,0.0,0,0.9439094441628654,0.9923973644196653,False,False,False,False,-0.25728817222698663,-0.2803604109211053,False,False,False,False,-144504.0,-135417.37207076966,False,False,False,False,7297.768389332188,False,False,False,False
2025-04-04 17:00:00+00:00,24.085,24.285,23.845,24.25,9716.0,,,,,,,,,,,,,,,,,24.83406598255841,25.5345841847835,25.807296935013607,26.64537432486558,26.771636655861258,,,,,,,,,,,,,,,,,,25.024018922609837,25.76730243194906,25.861669079074176,25.848426415383432,25.81895065602129,25.917800294729645,26.337882541465692,26.510605021909104,26.72097869571805,,,,,,,25.9571851529959,"rgba(255, 26, 202, 1.0)",0.8532232843593416,25.981997398010588,-2.029946240052614,32.0842414469718,-11.234826277775383,False,False,False,True,False,0.0,0.0,0.0,0.0,0.0,0,0.9371639784946236,0.9921034946236558,False,False,False,False,-0.26565971608177646,-0.27301006350144086,False,False,False,False,-134788.0,-135407.61436424608,False,False,False,False,7335.260352288278,False,False,False,False
2025-04-04 18:00:00+00:00,24.25,24.355,24.07,24.245,16435.0,,,,,,,,,,,,,,,,,24.768529797115832,25.477804000973098,25.777895766086683,26.6234413500659,26.749533502144985,,,,,,,,,,,,,,,,,,24.97007047305912,25.714535521909674,25.816601471119064,25.810482573345663,25.793990279427593,25.895868612872334,26.31610186468249,26.488814991760183,26.698964542144978,,,,,,,25.921616767621973,"rgba(255, 0, 0, 1.0)",0.8761545124746545,25.94757246181023,-1.9432331142156614,33.15404673672201,-11.234826277775383,False,False,False,True,False,0.0,0.0,0.0,0.0,0.0,0,0.9470864032150034,0.9845947756195578,False,False,False,False,-0.23675331146033937,-0.25488168748089013,False,False,False,False,-151223.0,-135652.81414154457,False,False,False,False,7476.341587136521,False,False,False,False
2025-04-04 19:00:00+00:00,24.245,24.64,24.1,24.125,33600.0,,,,,,,,,,,,,,,,,24.682136704540994,25.381066532572003,25.723436462892078,26.580996416561717,26.7066504253409,,,,,,,,,,,,,,,,,,24.88753184420751,25.621394157850506,25.735230617633732,25.741133827710904,25.747330111981782,25.854427977518057,26.274281194750767,26.446776202110456,26.6562952439653,,,,,,,25.85990626568834,"rgba(255, 0, 0, 1.0)",0.9009450643679557,25.887073375680714,-1.9558055705836734,33.112700501889975,-11.234826277775383,False,False,False,True,False,0.0,0.0,0.0,0.0,0.0,0,0.9477772269046439,0.9750454470335481,False,False,False,False,-0.2063090485004686,-0.23059536799067937,False,False,False,False,-184823.0,-136415.14260446638,False,False,False,False,7881.359547025877,False,False,False,False
2025-04-07 14:00:00+00:00,23.59,24.66,23.44,23.925,2639.0,,,,,,,,,,,,,,,,,24.672748133990154,25.37235364856414,25.718525593104914,26.577328813423204,26.702962873106028,,,,,,,,,,,,,,,,,,24.879250189771156,25.613162441423494,25.728039050146904,25.73495538858834,25.743107673184202,25.850697696676786,26.270616652674008,26.44312282937814,26.652619093963164,,,,,,,25.854249291285328,"rgba(255, 26, 202, 1.0)",0.9297439490584398,25.881566955579892,-2.1044148311600464,31.903229784637126,-11.840499771820866,False,False,False,True,False,0.0,0.0,0.0,0.0,0.0,0,0.932649134060295,0.9754650416933931,False,False,False,False,-0.2686230304073026,-0.249609199198991,False,False,False,False,-187462.0,-137206.56675013358,False,False,False,False,7800.082654823926,False,False,False,False
2025-04-07 15:00:00+00:00,23.89,24.04,23.18,23.485,2203.0,,,,,,,,,,,,,,,,,24.660049669450242,25.36284547058931,25.71339835192193,26.573752138024958,26.699390873910826,,,,,,,,,,,,,,,,,,24.8690224709153,25.604488318028444,25.720557018047348,25.72852558481009,25.73870846517414,25.846854295641915,26.26697339515249,26.439531793720008,26.649048765424645,,,,,,,25.848081900772264,"rgba(255, 26, 202, 1.0)",0.9691713140802349,25.875633920467525,-2.4666783733031656,29.033846427245912,-15.017798332016937,False,True,False,True,False,0.0,0.0,0.0,0.0,0.0,0,0.9228356336260979,0.99435382685069,False,False,False,False,-0.34282825441539394,-0.29621872680719247,False,False,False,False,-189665.0,-138019.87579276715,False,False,False,False,7713.306179555338,False,False,False,False
2025-04-07 16:00:00+00:00,23.43,23.525,23.085,23.11,5076.0,,,,,,,,,,,,,,,,,24.623399686116592,25.337374877578142,25.699882979525054,26.56464649579052,26.690331606418997,,,,,,,,,,,,,,,,,,24.840255113223233,25.58160132962376,25.700913087885098,25.711624902496748,25.72711632798424,25.836778652585142,26.257599336175954,26.43034933416408,26.639980231526884,,,,,,,25.83156099722103,"rgba(255, 26, 202, 1.0)",1.0187118698993594,25.85981682113762,-2.6993077261476115,25.819920639861415,-18.34533148008758,False,True,False,True,False,0.0,0.0,0.0,0.0,0.0,0,0.917724494593324,1.023193856762263,False,False,False,False,-0.34282825441539394,-0.3195234906112932,False,False,False,False,-194741.0,-138899.2730672979,False,False,False,False,7672.417711655255,False,False,False,False
2025-04-07 17:00:00+00:00,23.11,23.595,23.06,23.48,19368.0,,,,,,,,,,,,,,,,,24.511781473526998,25.251614477265928,25.652468243439895,26.53178205763158,26.657565205768684,,,,,,,,,,,,,,,,,,24.74796805178466,25.503126339780216,25.632791538261557,25.65268850607541,25.68626242542351,25.801049581055018,26.223974331763387,26.397290110383,26.607207088374956,,,,,,,25.775540673609623,"rgba(255, 26, 202, 1.0)",1.0515244189288144,25.80582400151861,-2.21185923945344,27.890763490814816,-18.34533148008758,False,True,False,True,False,0.0,0.0,0.0,0.0,0.0,0,0.9233291692692068,1.0181136789506557,False,False,False,False,-0.338628431715802,-0.3290759611635476,False,False,False,False,-175373.0,-139464.7572057894,False,False,False,False,7853.744568838893,False,False,False,False
2025-04-07 18:00:00+00:00,23.48,23.52,22.855,22.905,14747.0,,,,,,,,,,,,,,,,,24.42114598633973,25.181995093771736,25.613280904690455,26.504989026194295,26.630917226166286,,,,,,,,,,,,,,,,,,24.672084230014885,25.439499320232134,25.5773185210312,25.604394769549142,25.65237127711151,25.771414655415533,26.19638202215628,26.37026347806053,26.58052767921133,,,,,,,25.729756013567506,"rgba(255, 26, 202, 1.0)",1.1010302300879604,25.76167998561882,-2.5945518184279104,26.973872620106448,-18.34533148008758,False,True,False,True,False,0.0,0.0,0.0,0.0,0.0,0,0.9187432286023836,1.0179538771088064,False,False,False,False,-0.34282825441539394,-0.33595210778947077,False,False,False,False,-190120.0,-140250.10980725003,False,False,False,False,7960.616746066197,True,False,False,False
2025-04-07 19:00:00+00:00,22.905,23.05,22.78,23.03,32888.0,,,,,,,,,,,,,,,,,24.238069508758755,25.032429879620672,25.52544419543421,26.444323535496494,26.570603922370417,,,,,,,,,,,,,,,,,22.953333333333333,24.512605498564888,25.301245400837317,25.455425777093506,25.49733851988464,25.57592435627477,25.704269454112172,26.13386641029126,26.309045904101758,26.52013247005162,,,,,,,25.451603877748386,"rgba(255, 26, 202, 1.0)",1.1422631163733725,25.522392306012424,-2.181977401078696,27.610075225871284,-18.34533148008758,False,True,False,True,False,0.0,0.0,0.0,0.0,0.0,0,0.9092452538972066,1.0336471677728043,True,False,False,False,-0.34282825441539394,-0.33939018110243235,False,False,False,False,-157232.0,-140513.39492651747,False,False,False,False,8347.087804266721,False,False,False,False
2025-04-08 14:00:00+00:00,23.97,24.22,23.775,23.78,9865.0,,,,,,,,,,,,,,,,,24.226779073933262,25.01057709758958,25.5097469828569,26.431481467032505,26.557652908727015,,,,,,,,,,,,,,,,,23.177539626848798,24.496693928322752,25.278665689856755,25.434393868685664,25.478520717297577,25.562016388986148,25.69164333264037,26.121167684660303,26.296302466603844,26.507235516378092,,,,,,,25.452027783361302,"rgba(239, 83, 80, 1.0)",1.1605441679512887,25.51942103608946,-1.498797791694619,34.015333735439185,-21.480071672696706,False,False,False,True,True,0.0,0.0,0.0,0.0,0.0,0,0.9144992526158445,1.0224215246636768,False,False,False,False,-0.16739928131295767,-0.253394731207695,False,False,False,False,-147367.0,-140619.6523695172,False,False,False,False,8370.62132668119,False,False,False,False
2025-04-08 15:00:00+00:00,23.78,23.975,23.66,23.91,5250.0,,,,,,,,,,,,,,,,,24.219652521216382,24.998498598840932,25.501119958828607,26.424492934097383,26.550612928638017,,,,,,,,,,,,,,,,,23.250903103278265,24.487483239031747,25.26628496340641,25.422878344708042,25.468203436327517,25.554367709236622,25.684708247367762,26.11423511911504,26.289358518699416,26.50022185030565,,,,,,,25.448868098206518,"rgba(239, 83, 80, 1.0)",1.17517680095954,25.515116531422315,-1.3658511043714665,39.11666330757052,-16.827302708548345,True,False,False,True,True,0.0,0.0,0.0,0.0,0.0,0,0.9114451555290968,1.0306593243042117,False,False,False,False,-0.19560471233140347,-0.22449972176954924,False,False,False,False,-142117.0,-140642.86706146266,False,False,False,False,8322.239600686133,False,False,False,False
2025-04-08 16:00:00+00:00,23.91,23.95,23.6,23.64,6134.0,,,,,,,,,,,,,,,,,24.209111161416217,24.983280912530077,25.4904395269854,26.41600254502466,26.54207558712922,,,,,,,,,,,,,,,,,23.305187241012,24.475115688430005,25.250903582894946,25.408638488961167,25.455444537251655,25.544903290837627,25.67615334707519,26.105768407434688,26.280904189942074,26.491710365611873,,,,,,,25.442375924835787,"rgba(255, 0, 0, 1.0)",1.1939594587711828,25.507761673404893,-1.5643426246040075,40.89417252317292,-15.27686456297053,True,False,False,True,True,0.0,0.0,0.0,0.0,0.0,0,0.9139721150993774,1.0299614357757343,False,False,False,False,-0.20230778948495157,-0.2134037556272504,False,False,False,False,-148251.0,-140760.82261089736,False,False,False,False,8288.313405326657,False,False,False,False
2025-04-08 17:00:00+00:00,23.64,23.735,23.395,23.505,5614.0,,,,,,,,,,,,,,,,,24.196278868459636,24.967660640647416,25.479761355851778,26.407746689183842,26.533796087618768,,,,,,,,,,,,,,,,,23.32771922924581,24.46142155358631,25.23541380453682,25.394400799445133,25.442695780739673,25.535452633035018,25.667650972530463,26.097472661821364,26.272657749656155,26.483447373735817,,,,,,,25.433571746672936,"rgba(255, 0, 0, 1.0)",1.2155722042658643,25.498597063381975,-1.640048247554323,41.29950672473747,-14.810547782932431,True,False,False,True,True,0.0,0.0,0.0,0.0,0.0,0,0.9058823529411766,1.0341176470588234,False,False,False,False,-0.23570616048939183,-0.2245549580583211,False,False,False,False,-153865.0,-140963.98815181368,False,False,False,False,8246.851181988259,False,False,False,False
2025-04-08 18:00:00+00:00,23.505,23.64,23.315,23.36,3917.0,,,,,,,,,,,,,,,,,24.186196403121205,24.956159311909047,25.47197320504167,26.401800895100468,26.52784115501008,,,,,,,,,,,,,,,,,23.334524460220727,24.451018680040704,25.224100312550895,25.384029479578388,25.433406685329047,25.528560910571834,25.661462671593362,26.091475761215168,26.266709571370857,26.477501225517088,,,,,,,25.42645071521137,"rgba(255, 0, 0, 1.0)",1.2392935796559936,25.491366077838645,-1.7198233839235058,40.73056027351982,-14.810547782932431,True,False,False,True,True,0.0,0.0,0.0,0.0,0.0,0,0.9041514930808451,1.035396941005098,False,False,False,False,-0.24977185948507402,-0.23716340877169756,False,False,False,False,-157782.0,-141224.732521553,False,False,False,False,8179.721706298518,False,False,False,False
2025-04-08 19:00:00+00:00,23.365,23.37,22.94,23.2,12791.0,,,,,,,,,,,,,,,,,24.143891543260104,24.91334568576781,25.44364791142784,26.380806456691637,26.50687867736897,,,,,,,,,,,,,,,,,23.307000789093934,24.409850608645407,25.182722831424886,25.34634787038182,25.39966339737874,25.50351903131803,25.63908134633163,26.070118164659885,26.245632041029065,26.456544538931006,,,,,,,25.39660339291405,"rgba(255, 0, 0, 1.0)",1.2635750155094916,25.461993160668772,-1.7901534399654973,39.439481082957926,-14.810547782932431,False,False,False,True,True,0.0,0.0,0.0,0.0,0.0,0,0.9006373117033607,1.0430185399768248,False,False,False,False,-0.30250912463146706,-0.26983626670158234,False,False,False,False,-170573.0,-141679.74442044363,False,False,False,False,8251.214393022572,False,False,False,False
2025-04-09 14:00:00+00:00,23.57,23.75,23.075,23.095,3595.0,,,,,,,,,,,,,,,,,24.134208828623056,24.90259417789095,25.43628295956287,26.37520391032235,26.501273436651196,,,,,,,,,,,,,,,,,23.306985784595394,24.39997549031814,25.172161205574472,25.336637623717788,25.390930228959192,25.496982895959732,25.633207312357353,26.064451794886992,26.240020552198935,26.450945183851207,,,,,,,25.389457425697977,"rgba(255, 0, 0, 1.0)",1.2896625091035956,25.45483660027019,-1.8298094141780097,37.98252784789601,-14.810547782932431,False,False,False,True,False,0.0,0.0,0.0,0.0,0.0,0,0.9111969111969114,1.026026026026026,False,False,False,False,-0.26028341280980966,-0.265059839755696,False,False,False,False,-174168.0,-142183.438305398,False,False,False,False,8179.025022588113,False,False,False,False
2025-04-09 15:00:00+00:00,23.095,23.325,23.07,23.18,8972.0,,,,,,,,,,,,,,,,,24.10776718144022,24.874490110460147,25.417141184946786,26.36078968470849,26.486869274219625,,,,,,,,,,,,,,,,,23.295363976066913,24.373571637334322,25.144720858106197,25.311452142644626,25.36826438857184,25.479991533056268,25.617957520389442,26.04982565177832,26.22556366356207,26.436549454359767,,,,,,,25.370021217443,"rgba(255, 0, 0, 1.0)",1.3119745726496668,25.435567005286273,-1.7192154880951127,37.92733432588855,-14.810547782932431,False,False,False,True,False,0.0,0.0,0.0,0.0,0.0,1,0.9115500214684414,1.0392156862745097,False,False,False,False,-0.29547104487381043,-0.28026544231475325,False,False,False,False,-165196.0,-142540.22220763992,False,False,False,False,8191.319208284421,False,False,False,False
2025-04-09 16:00:00+00:00,23.18,23.565,23.115,23.52,2778.0,,,,,,,,,,,,,,,,,24.101672303249174,24.86702873035592,25.41182898851884,26.356644694636664,26.48271506872631,,,,,,,,,,,,,,,,,23.298530274643078,24.367028715889298,25.137267950429116,25.30452810854839,25.362003480929307,25.475255526841142,25.613676403626773,26.045655010251124,26.221420612710453,26.432402378227412,,,,,,,25.365177216505533,"rgba(239, 83, 80, 1.0)",1.3243321553362872,25.430647615810074,-1.4427253828363806,41.206874629125764,-13.714932874177187,True,False,False,True,True,0.0,0.0,0.0,0.0,0.0,0,0.9220406993407854,1.0310977357408997,False,False,False,False,-0.2720746901445881,-0.27617006622967066,False,False,False,False,-162418.0,-142848.40480907186,False,False,False,False,8107.391778698616,False,False,False,False
2025-04-09 17:00:00+00:00,23.525,25.245,23.32,25.22,8305.0,,,,,,,,,,,,,,,,,24.114053948826434,24.862974778224586,25.405448256336744,26.349302467673642,26.47515075024914,,,,,,,,,,,,,,,,,23.406084850845907,24.37151877675406,25.130430249724302,25.296926685251083,25.35477830961792,25.469304106702182,25.607831886845332,26.038861122279776,26.214322288104018,26.424930947966217,,,,,,,25.36812796169342,#000000,1.3107719958960158,25.431546801798685,-0.1613909989388181,51.64059321067117,-4.059795958517903,True,False,True,False,True,0.6496287570614605,0.0,0.0,0.0,0.0,0,0.9316379546076021,0.9783975936560022,False,False,False,False,-0.12325683345623756,-0.1997134498429541,False,False,False,False,-154113.0,-143023.0496957529,False,False,False,False,8110.4554720521255,False,False,False,False
2025-04-09 18:00:00+00:00,25.37,25.47,24.925,24.935,8978.0,,,,,,,,,,,,,,,,25.11,24.14036222311143,24.866891333383954,25.40297420490942,26.343743752572916,26.4692626295479,,,,,,,,,,,,,,,,,23.54631925282878,24.386914555676046,25.130155504727554,25.29478657721429,25.352310773590766,25.466697044906937,25.604763220041743,26.03418213598863,26.20913650221954,26.419176051835162,,,,,,,25.361104735159692,#000000,1.2967087859946338,25.422104009278296,-0.37564641694369877,56.61426909366328,0.14623563677544382,True,False,True,False,True,0.0,0.0,0.0,0.0,0.0,0,0.9726731601731604,0.9732142857142858,False,False,False,False,0.016112816534199013,-0.09180031665437755,False,False,False,False,-163091.0,-143334.18070822183,False,False,False,False,8123.905774811007,False,False,False,False
2025-04-09 19:00:00+00:00,24.94,25.435,24.895,25.275,16216.0,,,,,,,,,,,,,,,,25.16900082030113,24.188692475395076,24.876211386887377,25.399974821397613,26.334565660144847,26.45946387558099,,,,,,,,,,,,,,,,,23.760544879212787,24.416480974237214,25.131851291822834,25.29289996814072,25.349616941746085,25.463268622961802,25.60032476575704,26.0266758705971,26.200663312928064,26.409627194159786,,,,,,,25.379991428829406,#000000,1.2824228477223738,25.43630544053459,-0.12578178938489323,61.03522594799242,3.8925257998199783,True,False,True,False,True,1.0350504530675764,0.0,0.0,0.0,0.0,0,0.9777121374865738,0.9715359828141783,False,False,False,False,0.011183686433693349,-0.0403083151103421,False,False,False,False,-146875.0,-143389.07713135018,False,False,False,False,8249.364600007735,False,False,False,False
2025-04-10 14:00:00+00:00,24.265,24.525,24.14,24.28,2353.0,,,,,,,,,,,,,,,,25.09605407727399,24.189521612214175,24.873953413812558,25.397634196103883,26.332213390832795,26.45706117271392,,,,,,,,,,,,,,,,,23.770764789747442,24.415949410671725,25.129050203056536,25.290033565950946,25.34693931101436,25.461117298730084,25.598274451621478,26.02443939839853,26.19836490282922,26.40724613564426,,,,,,,25.374288583163494,"rgba(239, 83, 80, 0.5)",1.2727999496039102,25.431261324484705,-0.9045108187213328,58.25022515349128,3.8925257998199783,True,False,True,False,False,0.0,0.0,0.0,0.0,0.0,0,0.9525249868490271,0.9843503419253025,False,False,False,False,-0.115566322452179,-0.07793731878126055,False,False,False,False,-149228.0,-143479.60306729822,False,False,False,False,8157.948094581258,False,False,False,False
2025-04-10 15:00:00+00:00,24.28,24.43,24.075,24.11,5389.0,,,,,,,,,,,,,,,,24.950259493158445,24.189750872187837,24.867845528524153,25.391770583584222,26.326554003573627,26.451297029387913,,,,,,,,,,,,,,,,,23.78835352700214,24.413448742230365,25.121849610571516,25.28279810230195,25.340210570493337,25.455750450724725,25.593202831542794,26.019011044435167,26.1928157618824,26.401527581356834,,,,,,,25.36165285830984,"rgba(239, 83, 80, 1.0)",1.264037175870231,25.419957273494575,-1.0363281227015577,55.6004220875308,3.8925257998199783,True,False,True,False,False,0.0,0.0,0.0,0.0,0.0,0,0.9514053060152352,0.9850275807722616,False,False,False,False,-0.1278780553110358,-0.10290768704614817,False,False,False,False,-154617.0,-143652.27588796025,False,False,False,False,8115.018666758293,False,False,False,False
2025-04-10 16:00:00+00:00,24.09,24.32,23.93,24.265,3762.0,,,,,,,,,,,,,,,,24.870444075063126,24.1895657983268,24.863436254695014,25.387597304631548,26.322559271206202,26.447231151392874,,,,,,,,,,,,,,,,,23.79889409898616,24.411464323400157,25.116708766520308,25.27764958449264,25.335423568211812,25.45193189040238,25.589599731038447,26.015171449234277,26.188895593303293,26.39749277931024,,,,,,,25.354004102513457,"rgba(239, 83, 80, 0.5)",1.2523292604489389,25.41298946878849,-0.9166834194842283,54.56741373287927,3.8925257998199783,True,False,True,False,False,0.0,0.0,0.0,0.0,0.0,0,0.9588212077358244,0.9805288777792394,False,False,False,False,-0.14758144824180577,-0.12524456764397696,False,False,False,False,-150855.0,-143763.94602923217,False,False,False,False,8047.530005258164,False,False,False,False
2025-04-10 17:00:00+00:00,24.27,24.495,24.005,24.465,4648.0,,,,,,,,,,,,,,,,24.808752075976717,24.191215258189484,24.85922973438752,25.38311165433842,26.31798690866697,26.442557508184716,,,,,,,,,,,,,,,,,23.81607162466273,24.410562877195865,25.11142952860014,25.272207878623835,25.330318433785013,25.447794359403282,25.585641472028662,26.010833769136045,26.184431720594088,26.39286243873006,,,,,,,25.347812952656472,"rgba(239, 83, 80, 0.5)",1.2341824444977,25.407111501998838,-0.7633486493014149,54.83493292226956,3.8925257998199783,True,False,True,False,False,0.0,0.0,0.0,0.0,0.0,0,0.967442468619247,0.9644351464435145,False,False,False,False,-0.1282633997693558,-0.12675398370666638,False,False,False,False,-146207.0,-143801.8228349805,False,False,False,False,7994.824113703774,False,False,False,False
2025-04-10 18:00:00+00:00,24.47,24.55,24.155,24.35,2916.0,,,,,,,,,,,,,,,,24.77863908845812,24.192462389581042,24.85676931346228,25.380395722453084,26.315171960802033,26.439677223864635,,,,,,,,,,,,,,,,,23.82688955307275,24.410194275784264,25.10827760903122,25.2689321990946,25.327236289061663,25.445282778366234,25.583229424675892,26.008171908541133,26.181687041587814,26.390009971282655,,,,,,,25.344564171819965,"rgba(239, 83, 80, 0.5)",1.2150547683500132,25.40395041587434,-0.8674098018688939,54.3193496471566,3.8925257998199783,True,False,True,False,False,0.0,0.0,0.0,0.0,0.0,0,0.9670744403956276,0.9665538781884436,False,False,False,False,-0.11249397484228596,-0.11962397927447617,False,False,False,False,-149123.0,-143884.32170575598,False,False,False,False,7916.082654576583,False,False,False,False
2025-04-10 19:00:00+00:00,24.35,24.72,24.29,24.67,23842.0,,,,,,,,,,,,,,,,24.70209742942167,24.214424153642575,24.845455400682564,25.363105500494427,26.294865368595584,26.418741968209194,,,,,,,,,,,,,,,,,23.930798402422322,24.417486832227713,25.090290311350596,25.248889199834764,25.30797578948882,25.42900248495273,25.56713328798375,25.989421503476212,26.162070539746097,26.369336634603204,,,,,,,25.334443425445762,"rgba(239, 83, 80, 0.5)",1.188535032097304,25.39216671387088,-0.6076107934290604,55.615266185692136,3.8925257998199783,True,False,True,False,False,0.0,0.0,0.0,0.0,0.0,0,0.9688877365828367,0.9657765102411199,False,False,False,False,-0.08913248400533451,-0.10437823163990534,False,False,False,False,-125281.0,-143595.8981134187,False,False,False,False,8162.99610179245,False,False,False,False
2025-04-11 14:00:00+00:00,24.78,24.87,24.435,24.645,4610.0,,,,,,,,,,,,,,,,24.698794500829734,24.219399215587178,24.84402515673355,25.360211337250416,26.291193936327495,26.414941094438785,,,,,,,,,,,,,,,,,23.949982882293828,24.41965497792854,25.087514968954544,25.245633119671968,25.304797425609838,25.426242315358518,25.56435216387556,25.98607662654265,26.158542201415223,26.36558924645879,,,,,,,25.33355944807979,"rgba(239, 83, 80, 0.5)",1.1625186116886652,25.39083005052648,-0.6415639655378007,56.30128474537656,3.8925257998199783,True,False,True,False,False,0.0,0.0,0.0,0.0,0.0,0,0.9710294878427318,0.965338851526125,False,False,False,False,-0.06662915957120599,-0.08550369560555567,False,False,False,False,-129891.0,-143383.41907290055,False,False,False,False,8107.910890911947,False,False,False,False
2025-04-11 15:00:00+00:00,24.62,24.835,24.515,24.83,2183.0,,,,,,,,,,,,,,,,24.699606882340635,24.222128079639166,24.843619902559396,25.358996087790253,26.289542041769717,26.413224873838928,,,,,,,,,,,,,,,,,23.959671125561407,24.421004671454252,25.086441077165667,25.244300445360405,25.303478013978264,25.425070507641202,25.563151010295417,25.98458908349159,26.156961766440826,26.363899463182737,,,,,,,25.333480314531865,#000000,1.1368566312424893,25.390497243210607,-0.49302368285263215,57.7593462581664,3.8925257998199783,True,False,True,False,False,0.0,0.0,0.0,0.0,0.0,0,0.9722293980883495,0.9653836218031515,False,False,False,False,-0.06320292607515146,-0.07435331084035357,False,False,False,False,-127708.0,-143140.38931983232,False,False,False,False,8016.051807331916,False,False,False,False
2025-04-11 16:00:00+00:00,24.825,25.085,24.77,25.04,3607.0,,,,,,,,,,,,,,,,24.711800821189577,24.228673054814646,24.84430852628317,25.357751291677317,26.28723529279226,26.41079642129928,,,,,,,,,,,,,,,,,23.97997323823014,24.424927727761354,25.0858468348941,25.243120369448448,25.302206437470677,25.42380069938096,25.56173719375663,25.98260311089054,26.154791891149408,26.361520365637073,,,,,,,25.33506832979222,#000000,1.108338168383422,25.39146245643466,-0.3171075998828856,59.820076375302776,4.43449268181169,True,False,True,False,True,0.06949516951037538,0.0,0.0,0.0,0.0,0,0.9797078971177462,0.9599327904872689,False,False,False,False,-0.024835669203109985,-0.049594490021731774,False,False,False,False,-124101.0,-142845.20498929228,False,False,False,False,7947.69441497018,False,False,False,False
2025-04-11 17:00:00+00:00,25.04,25.245,24.875,25.195,1976.0,,,,,,,,,,,,,,,,24.72145491633532,24.232882355324364,24.845116234400553,25.357314585366304,26.286108445249678,26.409597995574632,,,,,,,,,,,,,,,,,23.992283250917833,24.427603892633936,25.08589804039887,25.242801411974778,25.301801413205965,25.423319397392813,25.561146547566153,25.98166765383189,26.153746007032765,26.36035078103914,,,,,,,25.336443308015312,#000000,1.0818826933462735,25.392440269063943,-0.18249692899075623,61.969338112886206,6.760816791794554,True,False,True,False,True,1.1210120773392624,0.0,0.0,0.0,0.0,0,0.9853244078269827,0.9499227600411942,False,False,False,False,-0.004738698887100635,-0.027166594454416205,False,False,False,False,-122125.0,-142523.96150108622,False,False,False,False,7855.110005435759,False,False,False,False
2025-04-11 18:00:00+00:00,25.2,25.22,25.045,25.055,2903.0,,,,,,,,,,,,,,,,24.734866159768774,24.23900521302267,24.84630137752485,25.356679957297864,26.2844591814469,26.407843581536103,,,,,,,,,,,,,,,,,24.009913747375002,24.431507124075342,25.08597929379779,25.24234112018547,25.301214402218392,25.42261862088961,25.560284737681425,25.980299563489833,26.152215677903385,26.358638729470297,,,,,,,25.33838553048023,#000000,1.0539527700240974,25.39381589875944,-0.3214716146641866,62.04318546672583,7.148940181429516,True,False,True,False,True,0.14904549763214803,0.0,0.0,0.0,0.0,0,0.9909898313811303,0.9481271720942206,False,False,False,False,0.00625509969995528,-0.010455747377230463,False,False,False,False,-125028.0,-142252.70628401512,False,False,False,False,7778.333106126678,False,False,False,False
2025-04-11 19:00:00+00:00,25.055,25.23,25.005,25.155,10431.0,,,,,,,,,,,,,,,,24.778800338968594,24.260888095675373,24.85084641510149,25.35463627225409,26.278687604842663,26.40169080689511,,,,,,,,,,,,,,,,,24.0701625043617,24.445641510129416,25.08658954274077,25.240992662190322,25.29938351466862,25.420310081330324,25.5573727965374,25.975549230627227,26.146875546209106,26.352639354601845,,,,,,,25.34506664232088,#000000,1.0249855942736446,25.398564648791485,-0.23762738730399982,62.68613312550795,8.124499548654292,True,False,True,False,True,0.839232667568723,0.0,0.0,0.0,0.0,0,0.9952368692070034,0.9441297631307931,False,False,False,False,0.003980484342850579,-0.0032376315171899423,False,False,False,False,-114597.0,-141823.93564395286,False,False,False,False,7819.459724636342,False,False,False,False
2025-04-14 14:00:00+00:00,25.325,25.55,25.29,25.415,8372.0,,,,,,,,,,,,,,,,24.83119665772871,24.283262708407424,24.858050696848526,25.355093878806077,26.275249197389904,26.397905222780466,,,,,,,,,,,,,,,,,24.125956696903042,24.46118672421484,25.09024002861828,25.24268484146675,25.30039573933333,25.420297643384096,25.556621665919227,25.973061886463277,26.14383360871596,26.348992020826444,,,,,,,25.354001826112896,#000000,1.0004881376176042,25.40561941442994,0.00937600878746801,64.56916670737277,10.214566608810081,True,False,True,False,True,2.6101348726793,0.0,0.0,0.0,0.0,0,0.9985872078088878,0.9380940148985357,False,False,False,False,0.049892007904708484,0.02332718819375927,False,False,False,False,-106225.0,-141272.01416110087,False,False,False,False,7828.026240533452,False,False,False,False
2025-04-14 15:00:00+00:00,25.415,25.49,25.23,25.285,10811.0,,,,,,,,,,,,,,,,24.87939809611464,24.308877506118172,24.8657434504983,25.354909180517513,26.270421677210567,26.392647483268554,,,,,,,,,,,,,,,,,24.187292216080262,24.478855448239578,25.093669262902335,25.243808486396034,25.30077186503818,25.41961016891028,25.55508631704952,25.969404965249613,26.139495943085805,26.343906051515425,,,,,,,25.362743632387172,#000000,0.9732471561875005,25.412350815867427,-0.13085146466422565,64.37177243021256,10.304118333982572,True,False,True,False,True,1.6759699173694074,0.0,0.0,0.0,0.0,0,0.9924475166410651,0.9399641577060931,False,False,False,False,0.040775015128110444,0.03205110166093486,False,False,False,False,-117036.0,-140896.26200356442,False,False,False,False,7874.2738957189795,False,False,False,False
2025-04-14 16:00:00+00:00,25.28,25.45,25.235,25.35,9234.0,,,,,,,,,,,,,,,,24.914572217086224,24.32999183091278,24.872256127173245,25.35483198989928,26.26638109056304,26.3882397767984,,,,,,,,,,,,,,,,,24.235372964828645,24.49356042638054,25.09664134001994,25.24484968220432,25.301178694832434,25.419100060936014,25.553850499439413,25.96636322343348,26.13587328130715,26.339644858146542,,,,,,,25.36954425399759,#000000,0.9474874217710996,25.417582916194956,-0.0713285629360909,64.65603084827946,10.906302515584912,True,False,True,False,True,2.1235146816271353,0.0,0.0,0.0,0.0,0,0.9910471000389257,0.9517321915142077,False,False,False,False,0.038117235094083116,0.03508416837750899,False,False,False,False,-107802.0,-140383.17267017585,False,False,False,False,7895.354920591553,False,False,False,False
2025-04-14 17:00:00+00:00,25.345,25.495,25.245,25.46,5711.0,,,,,,,,,,,,,,,,24.936240457915822,24.343309741334355,24.876654602502825,25.35504855711134,26.26404782148474,26.385674976755276,,,,,,,,,,,,,,,,,24.264538305028267,24.502979295508737,25.098843903420942,25.245830770985307,25.30173770962161,25.41901963639527,25.553292799423165,25.964661978535226,26.133803910030885,26.337172289674577,,,,,,,25.37392854723302,#000000,0.9281403862437021,25.421010176083286,0.042008541482083155,65.5625633567403,12.075643395170133,True,False,True,False,True,2.8836261551890274,0.0,0.0,0.0,0.0,0,0.9825220093215955,0.9541688244432933,False,False,False,False,0.042294002703837034,0.03868908554067301,False,False,False,False,-102091.0,-139789.4955745142,False,False,False,False,7861.488952830444,False,False,False,False
2025-04-14 18:00:00+00:00,25.46,25.61,25.415,25.585,3194.0,,,,,,,,,,,,,,,,24.95086467484138,24.351559276044878,24.87971680522085,25.35553427112115,26.262953897810615,26.384444436125086,,,,,,,,,,,,,,,,,24.28210918434273,24.508951783734116,25.10061455522648,25.246855698634523,25.302478610663208,25.41929603511678,25.55325916095774,25.96394417667962,26.132866240519483,26.33599594914518,,,,,,,25.37696529726149,#000000,0.9098537750055911,25.423461590128337,0.17754326498306966,66.96385164903288,13.644477014215859,True,False,True,False,True,3.7454014084584024,0.0,0.0,0.0,0.0,0,0.9858936197748159,0.9526336223631419,False,False,False,False,0.06396416519421184,0.051326625367442424,False,False,False,False,-98897.0,-139155.50339506438,False,False,False,False,7789.124783019119,False,False,False,False
2025-04-14 19:00:00+00:00,25.575,25.655,25.545,25.56,9411.0,,,,,,,,,,,,,,,,24.99343785352942,24.376214424244232,24.88925079651682,25.35734133857711,26.259970323829126,26.381051965648847,,,,,,,,,,,,,,,,,24.333124702202873,24.526991908746172,25.10633821750627,25.250347883187644,25.30509506624064,25.420446674356462,25.55345713513292,25.962088994666967,26.13035074751034,26.332765477874542,,,,,,,25.38614209436065,#000000,0.8922877873732943,25.430937085469893,0.1446426997617438,67.52081376901509,14.385746916714552,True,False,True,False,True,3.5538296789596835,0.0,0.0,0.0,0.0,0,0.9873007645458085,0.9528314111701437,False,False,False,False,0.07729889907927845,0.06431276222336044,False,False,False,False,-108308.0,-138677.24752847425,False,False,False,False,7814.270135220372,False,False,False,False
2025-04-15 14:00:00+00:00,25.67,25.75,25.445,25.61,3975.0,,,,,,,,,,,,,,,25.601666666666667,25.01016686040879,24.386460421828755,24.89328589612974,25.358145515473385,26.25874591983411,26.379654605446163,,,,,,,,,,,,,,,,,24.353737193296578,24.534536822639875,25.108789712654048,25.251866266618666,25.306243888605728,25.420971370813444,25.55357750369388,25.961341965462786,26.129324326898423,26.33143661394563,,,,,,,25.40235009120098,#000000,0.8754638513125425,25.395102539438,0.24546697186847172,68.26027030412573,15.294617453216688,True,False,True,False,True,3.9068000094891175,0.0,0.0,0.0,0.0,0,0.9846649484536083,0.948969072164948,False,False,False,False,0.07691754817540897,0.0706151551993847,False,False,False,False,-104333.0,-138144.7785745444,False,False,False,False,7754.74656723246,False,False,False,False
2025-04-15 15:00:00+00:00,25.625,25.665,25.47,25.525,6805.0,,,,,,,,,,,,,,,25.571155689548547,25.034592427876934,24.402926878835082,24.89962453488755,25.35923918607328,26.256506930513282,26.377126092814546,,,,,,,,,,,,,,,,,24.386203712541832,24.546636311385388,25.112524612326528,25.25408042894187,25.307871677112345,25.421624213985762,25.553576464463763,25.959899358667933,26.127416254914657,26.329022913395985,,,,,,,25.40588398166384,#000000,0.8581511553365413,25.39829127415629,0.1476531553395369,67.2865183802868,15.294617453216688,True,False,True,False,True,3.236312846441617,0.0,0.0,0.0,0.0,0,0.9859608449252966,0.9527305512622357,False,False,False,False,0.07234304656307643,0.07147910088123056,False,False,False,False,-111138.0,-137726.06882920265,False,False,False,False,7740.021814252112,False,False,False,False
2025-04-15 16:00:00+00:00,25.515,25.63,25.5,25.51,6187.0,,,,,,,,,,,,,,,25.562225791241826,25.054706216590265,24.417415239257416,24.90522507555758,25.360189161269385,26.25446439334748,26.374822105733614,,,,,,,,,,,,,,,,,24.414073057659195,24.55731899809904,25.11581573131637,25.25602124800536,25.30929344107533,25.422182442443304,25.553549829090773,25.958575226228614,26.12567238573551,26.326822625248642,,,,,,,25.4099042922294,#000000,0.8390192311683365,25.401869105121868,0.12887773111894094,66.3679102139006,15.294617453216688,True,False,True,False,False,3.116785670538359,0.0,0.0,0.0,0.0,0,0.9888817065287657,0.9538461538461538,False,False,False,False,0.07196197711484012,0.07172053899803535,False,False,False,False,-117325.0,-137409.7731884398,False,False,False,False,7715.943956666807,False,False,False,False
2025-04-15 17:00:00+00:00,25.51,25.585,25.495,25.525,5189.0,,,,,,,,,,,,,,,25.55584943130529,25.070023970055864,24.429163845573612,24.909763916705785,25.360929122000993,26.25273228372761,26.372872516488407,,,,,,,,,,,,,,,,,24.436204809267977,24.566000491128882,25.118464035019358,25.257564711669122,25.31041490877473,25.422603277287703,25.553490051951112,25.957439940234647,26.12418856016104,26.32495932308438,,,,,,,25.413097952613914,#000000,0.8352505423335592,25.40470908666597,0.14401776142276276,65.91779500986411,15.294617453216688,True,False,True,False,False,3.2286735854590276,0.0,0.0,0.0,0.0,0,0.9878317152103564,0.9523624595469254,False,False,False,False,0.068152411549153,0.06993647527359417,False,False,False,False,-112136.0,-137017.93174365777,False,False,False,False,7676.76653098205,False,False,False,False
2025-04-15 18:00:00+00:00,25.525,25.615,25.465,25.56,7319.0,,,,,,,,,,,,,,,25.553569239468477,25.090542184736876,24.4454917432255,24.916173182731683,25.362031480517395,26.250342784159823,26.37017606596814,,,,,,,,,,,,,,,,,24.466291953410266,24.578131052961,25.122246085524125,25.259803270409897,25.312059101335628,25.423252610624992,25.55345917789713,25.95589288345378,26.122149469147868,26.322384619128066,,,,,,,25.417882170864747,#000000,0.831215180128294,25.40896093413803,0.18170874338297935,66.023269530813,15.294617453216688,True,False,True,False,False,3.4936766218509696,0.0,0.0,0.0,0.0,0,0.984877859635518,0.9525655938994441,False,False,False,False,0.068152411549153,0.06904444341137358,False,False,False,False,-104817.0,-136518.6924918181,False,False,False,False,7671.219763059848,False,False,False,False
2025-04-15 19:00:00+00:00,25.56,25.64,25.535,25.62,9870.0,,,,,,,,,,,,,,,25.564798661413988,25.118402782410186,24.4677680249495,24.92530659160534,25.363907742960354,26.247380657246662,26.36679392894606,,,,,,,,,,,,,,,,,24.50619626953714,24.594869943053336,25.12784995080647,25.26330166451503,25.314720858097175,25.424479691694746,25.55373133114706,25.95408605172865,26.11966719640355,26.31916884197631,,,,,,,25.425437069911265,#000000,0.8308570848801449,25.415691701323873,0.24590065174156983,66.80106539106784,15.294617453216688,True,False,True,False,False,3.9525632702671025,0.0,0.0,0.0,0.0,0,0.987065062734446,0.9526581296080711,False,False,False,False,0.07539236669849803,0.0722184050549358,False,False,False,False,-94947.0,-135874.17012760387,False,False,False,False,7705.30937913644,False,False,False,False
2025-04-16 14:00:00+00:00,25.55,25.7,25.51,25.575,7974.0,,,,,,,,,,,,,,,25.56988806469565,25.13863202140533,24.485094811533532,24.93247312506179,25.365380712959183,26.244994940790672,26.364071302467725,,,,,,,,,,,,,,,,,24.536345139913774,24.607953833903995,25.13225049291257,25.26604805965385,25.3168105671087,25.425439794939432,25.55393255248223,25.952626036005206,26.117666164140246,26.316579675431417,,,,,,,25.43095219384737,#000000,0.8311216344020939,25.420621553697806,0.18574711559909304,66.1720016739117,15.294617453216688,True,False,True,False,False,3.5666989105099134,0.0,0.0,0.0,0.0,0,0.9839938040531822,0.953014069962566,False,False,False,False,0.07806166831867505,0.07514003668680543,False,False,False,False,-102921.0,-135363.26826516038,False,False,False,False,7709.47512519634,False,False,False,False
2025-04-16 15:00:00+00:00,25.585,25.69,25.535,25.6,6411.0,,,,,,,,,,,,,,,25.574475308641976,25.154131823804843,24.498806535701306,24.938238386378554,25.36661939473369,26.24312855703349,26.361933943376815,,,,,,,,,,,,,,,,,24.55969039515014,24.618366231452534,25.13582902650924,25.268311536380043,25.31854765383537,25.42626398658459,25.55414497916726,25.95150422682909,26.116109152925993,26.31454962219201,,,,,,,25.435332397688054,#000000,0.8331705534710211,25.424547068499855,0.21058465252906805,66.10953936193026,15.294617453216688,True,False,True,False,False,3.7640633886397836,0.0,0.0,0.0,0.0,0,0.9855502515804414,0.9530383176364337,False,False,False,False,0.07920599245144068,0.07717301456912305,False,False,False,False,-96510.0,-134760.89201298734,False,False,False,False,7689.343727906474,False,False,False,False
2025-04-16 16:00:00+00:00,25.6,25.645,25.525,25.55,5205.0,,,,,,,,,,,,,,,25.574374452079976,25.1650698726368,24.50935159941326,24.942606544523947,25.367471530685027,26.24153819180876,26.360127342353735,,,,,,,,,,,,,,,,,24.577301109401382,24.626368530047372,25.138482761634506,25.26994041310524,25.319774310581852,25.426800105239955,25.554205619553652,25.950506465023814,26.1147653704404,26.3128287305723,,,,,,,25.438324291123642,#000000,0.8360526514736212,25.427230223930955,0.1468445508218318,64.65467240502907,16.64399058653433,True,False,True,False,False,3.322433596052587,0.0,0.0,0.0,0.0,0,0.9899042195185089,0.9509448615066008,False,False,False,False,0.0750111262999535,0.07609207043453828,False,False,False,False,-101715.0,-134248.55260193328,False,False,False,False,7650.826770884668,False,False,False,False
2025-04-16 17:00:00+00:00,25.535,25.595,25.45,25.48,14110.0,,,,,,,,,,,,,,,25.561617381979143,25.18774603761689,24.535239275018434,24.9529615372142,25.36902825729165,26.23684897851759,26.354870109021828,,,,,,,,,,,,,,,,,24.61917813459314,24.64595827620423,25.14446584119158,25.273342261727162,25.322203549279422,25.4275979328108,25.553815968252774,25.947366373832665,26.110722480642135,26.307797043779928,,,,,,,25.44416231993962,#000000,0.8400018071623845,25.432453774555857,0.0566025275645062,61.7933523861638,13.967667551175829,True,False,True,False,False,2.700056580888152,0.0,0.0,0.0,0.0,1,0.9896332771802518,0.9511468187119345,False,False,False,False,0.06548689689989515,0.07078948366721671,False,False,False,False,-115825.0,-133962.9161274847,False,False,False,False,7750.968991491107,False,False,False,False
2025-04-16 18:00:00+00:00,25.48,25.595,25.365,25.39,20906.0,,,,,,,,,,,,,,,25.536780254246008,25.211126541235604,24.56906321446722,24.96608522432339,25.3703327535727,26.229462898073358,26.346670381360834,,,,,,,,,,,,,,,,,24.671087275520247,24.671575838117462,25.151617644369445,25.27699999207683,25.324597271711035,25.427918083977733,25.55252563424964,25.94218762871605,26.104259929075862,26.299920920815424,,,,,,,25.450130087406396,#000000,0.842540532882297,25.43775450672887,-0.056679180247271685,57.69291773954488,10.308701832062667,True,False,True,False,False,1.8983731311700858,0.0,0.0,0.0,0.0,1,0.9861774964474876,0.9505231882185763,False,False,False,False,0.05901729557941553,0.06490338962331613,False,False,False,False,-136731.0,-134005.83215651594,False,False,False,False,7954.922960615276,False,False,False,False
2025-04-16 19:00:00+00:00,25.405,25.575,25.31,25.57,31182.0,,,,,,,,,,,,,,,25.523877088111583,25.243270180919403,24.616937331679466,24.98574686225261,25.373023478803123,26.219183672625963,26.335179408750886,,,,,,,,,,,,,,,,,24.740469970392777,24.708477528266982,25.162864406681855,25.28323111383528,25.32895673521801,25.429109431704248,25.55129660479254,25.935195930049783,26.09535560624919,26.288911381639366,,,,,,,25.460063925410182,#000000,0.846366239172408,25.446646394320375,0.14574495055502537,58.47554429355656,10.308701832062667,True,False,True,False,False,3.405892097558432,0.0,0.0,0.0,0.0,1,0.9828143170952324,0.9572296162294872,False,False,False,False,0.05331293656147083,0.05910816309239348,False,False,False,False,-105549.0,-133564.6409602909,False,False,False,False,8315.032682156123,False,False,False,False
2025-04-17 14:00:00+00:00,25.39,25.44,25.215,25.26,5509.0,,,,,,,,,,,,,,,25.514647331383987,25.244524175636425,24.6232329744163,24.98786976506146,25.37274263756791,26.216959023809903,26.332757960017,,,,,,,,,,,,,,,,,24.748845980856355,24.713220579900916,25.163706530210433,25.283345721958337,25.32884225316844,25.42865348386688,25.550507151260426,25.93349783957169,26.093352899356,26.286568539055835,,,,,,,25.46019263806461,#000000,0.8469657980480074,25.397639050201878,-0.16250839233306902,53.23176825664126,6.677172837636476,False,False,False,False,False,0.6637697347257188,0.0,0.0,0.0,0.0,0,0.9727331189710612,0.9593569131832796,False,False,False,False,0.035839567663105795,0.04747386537774964,False,False,False,False,-111058.0,-133215.70079036392,False,False,False,False,8271.528299487036,False,False,False,False
2025-04-17 15:00:00+00:00,25.26,25.48,25.26,25.415,2237.0,,,,,,,,,,,,,,,25.512464736088223,25.245673460704786,24.62605276511905,24.988939189294925,25.372763152250617,26.216137738194856,26.331854229913116,,,,,,,,,,,,,,,,,24.752655735071684,24.715382556624487,25.16423764840351,25.283562577541858,25.32895101355396,25.428588459653533,25.55029201518925,25.93289835440669,26.092624799222303,26.2856976569453,,,,,,,25.46051624048107,#000000,0.8481128653855379,25.399117977874948,0.018726307279670635,52.397325271511235,6.1553653810105615,False,True,False,False,False,1.966941161841703,0.0,0.0,0.0,0.0,0,0.9740892765520784,0.9567727039507439,False,False,False,False,0.042294002703837034,0.04488393404079334,False,False,False,False,-108821.0,-132837.48837500945,False,False,False,False,8177.969721200415,False,False,False,False
2025-04-17 16:00:00+00:00,25.415,25.605,25.39,25.575,1484.0,,,,,,,,,,,,,,,25.512584776562992,25.247172304875537,24.628250755187274,24.989892142407665,25.3729301431261,26.215684332970547,26.331343106424843,,,,,,,,,,,,,,,,,24.755705408703744,24.717103834236564,25.164808482308786,25.283901417723126,25.32920043174569,25.428681989645725,25.550268788425413,25.932601612064047,26.09223687402607,26.285209439951934,,,,,,,25.461033872963892,#000000,0.8513070237280339,25.401178877175248,0.20418147387479083,54.13002826187618,6.1553653810105615,False,False,True,False,True,3.2910886286870067,0.0,0.0,0.0,0.0,1,0.9744642627999487,0.956756063133581,False,False,False,False,0.06168062071793027,0.05328227737936181,False,False,False,False,-107337.0,-132442.13196609457,False,False,False,False,8074.187244902734,False,False,False,False
2025-04-17 17:00:00+00:00,25.58,25.685,25.5,25.615,4127.0,,,,,,,,,,,,,,,25.51518974895901,25.252390680566855,24.63482587545927,24.992902850184933,25.373628337583803,26.214565810165134,26.330059613490388,,,,,,,,,,,,,,,,,24.764895545955035,24.72230392282787,25.166723906065023,25.285138841197764,25.3301633134368,25.42915102773888,25.550387660631962,25.931932794926137,26.091305839451746,26.283991287999875,,,,,,,25.462915120978856,#000000,0.8550900432013089,25.406665570383858,0.24364034088874745,55.818321722903214,6.1553653810105615,False,False,True,False,True,3.621229928493218,0.0,0.0,0.0,0.0,1,0.9782079220612744,0.954364825022433,False,False,False,False,0.07615491323488215,0.06471859530712198,False,False,False,False,-103210.0,-131988.92061778303,False,False,False,False,8012.990543431373,False,False,False,False
2025-04-17 18:00:00+00:00,25.615,25.69,25.54,25.54,2309.0,,,,,,,,,,,,,,,25.51641658203065,25.25516143230518,24.638428180829276,24.994546839742796,25.373999924383842,26.213931629193667,26.329333670928825,,,,,,,,,,,,,,,,,24.769890017608024,24.72515382168036,25.167763657485956,25.285805091175924,25.33067919710925,25.4293970351078,25.550440564914577,25.931548535142163,26.090775902075883,26.283301699743348,,,,,,,25.46391610479162,#000000,0.8576004918396664,25.40876116074972,0.1530302751678174,55.48962090503118,6.1553653810105615,False,False,True,False,True,2.9347418104412384,0.0,0.0,0.0,0.0,1,0.9778574171253043,0.9543069243568408,False,False,False,False,0.07958747968749397,0.07215303749730798,False,False,False,False,-105519.0,-131578.53425161587,False,False,False,False,7924.556581517708,False,False,False,False
2025-04-17 19:00:00+00:00,25.545,25.56,25.47,25.52,19966.0,,,,,,,,,,,,,,,25.51644764096663,25.27248969506691,24.666163987185737,25.006688355200446,25.376087527373134,26.20786282050501,26.32249853544231,,,,,,,,,,,,,,,,,24.807033422101323,24.74701253290215,25.175020528953905,25.29008686224255,25.333818328293646,25.430536115008085,25.550054978316126,25.927555750235985,26.085575563182363,26.27677075453197,,,,,,,25.470100199853427,#000000,0.8595783850237475,25.416357376447795,0.12057378984621746,54.87511305868425,6.1553653810105615,False,True,True,False,True,2.7500122851881663,0.0,0.0,0.0,0.0,1,0.9773570423436101,0.9558654215172059,False,False,False,False,0.0643448200757572,0.06824892878653259,False,False,False,False,-125485.0,-131484.060852366,False,False,False,False,8111.245626765494,False,False,False,False
2025-04-18 14:00:00+00:00,25.52,25.52,25.52,25.52,0.0,,,,,,,,,,,,,,,25.51644764096663,25.27248969506691,24.666163987185737,25.006688355200446,25.376087527373134,26.20786282050501,26.32249853544231,,,,,,,,,,,,,,,,,24.807033422101323,24.74701253290215,25.175020528953905,25.29008686224255,25.333818328293646,25.430536115008085,25.550054978316126,25.927555750235985,26.085575563182363,26.27677075453197,,,,,,,25.470100199853427,#000000,0.8613327720133362,25.416357376447795,0.12032820173548395,54.46544116111963,6.1553653810105615,False,True,True,False,True,2.7500122851881663,0.0,0.0,0.0,0.0,1,0.9776292105939831,0.9607868346618664,False,False,False,False,0.06510618581687895,0.06667755730170577,False,False,False,False,-125485.0,-131391.05215698047,False,False,False,False,7985.489880614091,False,False,False,False
2025-04-18 15:00:00+00:00,25.52,25.52,25.52,25.52,0.0,,,,,,,,,,,,,,,25.51644764096663,25.27248969506691,24.666163987185737,25.006688355200446,25.376087527373134,26.20786282050501,26.32249853544231,,,,,,,,,,,,,,,,,24.807033422101323,24.74701253290215,25.175020528953905,25.29008686224255,25.333818328293646,25.430536115008085,25.550054978316126,25.927555750235985,26.085575563182363,26.27677075453197,,,,,,,25.470100199853427,#000000,0.863854498509227,25.416357376447795,0.11997694488025785,54.19232656274322,6.1553653810105615,False,True,True,False,True,2.7500122851881663,0.0,0.0,0.0,0.0,1,0.9767561983471077,0.9607438016528923,False,False,False,False,0.06510618581687895,0.06589187155929235,False,False,False,False,-125485.0,-131299.48545687224,False,False,False,False,7861.683835953407,False,False,False,False
2025-04-18 16:00:00+00:00,25.52,25.52,25.52,25.52,0.0,,,,,,,,,,,,,,,25.51644764096663,25.27248969506691,24.666163987185737,25.006688355200446,25.376087527373134,26.20786282050501,26.32249853544231,,,,,,,,,,,,,,,,,24.807033422101323,24.74701253290215,25.175020528953905,25.29008686224255,25.333818328293646,25.430536115008085,25.550054978316126,25.927555750235985,26.085575563182363,26.27677075453197,,,,,,,25.470100199853427,#000000,0.8654108902764295,25.416357376447795,0.11976117323771926,54.01025016382561,6.1553653810105615,False,True,True,False,True,2.7500122851881663,0.0,0.0,0.0,0.0,1,0.9777864380358537,0.9608989347882566,False,False,False,False,0.06510618581687895,0.06549902868808566,False,False,False,False,-125485.0,-131209.33839552538,False,False,False,False,7739.797264853354,False,False,False,False
2025-04-18 17:00:00+00:00,25.52,25.52,25.52,25.52,0.0,,,,,,,,,,,,,,,25.51644764096663,25.27248969506691,24.666163987185737,25.006688355200446,25.376087527373134,26.20786282050501,26.32249853544231,,,,,,,,,,,,,,,,,24.807033422101323,24.74701253290215,25.175020528953905,25.29008686224255,25.333818328293646,25.430536115008085,25.550054978316126,25.927555750235985,26.085575563182363,26.27677075453197,,,,,,,25.470100199853427,#000000,0.8663566510663377,25.416357376447795,0.11963043560020908,53.888865897880535,6.1553653810105615,False,True,True,False,True,2.7500122851881663,0.0,0.0,0.0,0.0,1,0.9752184687622278,0.9612625538020084,False,False,False,False,0.06510618581687895,0.0653026072524823,False,False,False,False,-125485.0,-131120.5889630366,False,False,False,False,7619.800408033922,False,False,False,False
2025-04-18 18:00:00+00:00,25.52,25.52,25.52,25.52,0.0,,,,,,,,,,,,,,,25.51644764096663,25.27248969506691,24.666163987185737,25.006688355200446,25.376087527373134,26.20786282050501,26.32249853544231,,,,,,,,,,,,,,,,,24.807033422101323,24.74701253290215,25.175020528953905,25.29008686224255,25.333818328293646,25.430536115008085,25.550054978316126,25.927555750235985,26.085575563182363,26.27677075453197,,,,,,,25.470100199853427,#000000,0.8666315498776146,25.416357376447795,0.11959248837275853,53.80794305391716,6.1553653810105615,False,True,True,False,True,2.7500122851881663,0.0,0.0,0.0,0.0,1,0.9755267635126296,0.9600837586703309,False,False,False,False,0.06510618581687895,0.06520439653468063,False,False,False,False,-125485.0,-131033.21549074145,False,False,False,False,7501.663967599287,False,False,False,False
2025-04-18 19:00:00+00:00,25.52,25.52,25.52,25.52,0.0,,,,,,,,,,,,,,,25.51644764096663,25.27248969506691,24.666163987185737,25.006688355200446,25.376087527373134,26.20786282050501,26.32249853544231,,,,,,,,,,,,,,,,,24.807033422101323,24.74701253290215,25.175020528953905,25.29008686224255,25.333818328293646,25.430536115008085,25.550054978316126,25.927555750235985,26.085575563182363,26.27677075453197,,,,,,,25.470100199853427,#000000,0.8610491557679399,25.416357376447795,0.12036783598001331,53.7539944912749,6.1039047598552045,False,True,True,False,True,2.7500122851881557,0.0,0.0,0.0,0.0,0,0.9740157480314964,0.960761154855643,False,False,False,False,0.06510618581687895,0.06515529117577978,False,False,False,False,-125485.0,-130947.19664592374,False,False,False,False,7385.359099884569,False,False,False,False
2025-04-21 14:00:00+00:00,24.815,25.085,24.75,24.96,4627.0,,,,,,,,,,,,,,,25.500087831737122,25.267335111465574,24.668093016183583,25.006286227644793,25.374585569286353,26.205293866298916,26.319792883735317,,,,,,,,,,,,,,,,24.93166666666667,24.808453643411625,24.748186790708495,25.17385317356643,25.28855291636604,25.332251473732708,25.4290316755795,25.5484231933517,25.925339578848543,26.08315839777887,26.274120453802198,,,,,,24.93166666666667,25.438028470564692,#000000,0.8526042511089441,25.347427080747117,-0.4544043502518399,43.34504087856452,-3.545565868853174,False,True,False,True,False,0.0,1.0,25.085,24.75,0.0,0,0.9674670797831141,0.9606248386263877,False,False,True,False,-0.026353032907735267,0.019401129134022258,False,False,False,False,-130112.0,-130934.24786071562,False,False,False,False,7342.593842522017,False,False,False,False
2025-04-21 15:00:00+00:00,24.965,24.99,24.925,24.945,8500.0,,,,,,,,,,,,,,,25.473361971798585,25.258846930565227,24.67185002249464,25.005769893765816,25.371986385047062,26.200681264452776,26.314926972336924,,,,,,,,,,,,,,,,24.945696274853358,24.81142429425142,24.75055567555671,25.171926883793443,25.285937955043234,25.3295586602501,25.42641084150838,25.545552389903424,25.921382186837004,26.078827305395386,26.269356995282394,,,,,,24.945696274853358,25.435225161285327,#000000,0.8456448203366455,25.34085745159566,-0.4681131393178424,36.276734960912435,-9.545347815082053,False,True,False,True,False,0.0,0.0,0.0,0.0,0.0,0,0.9705312136487012,0.9636810133126533,False,False,False,False,-0.020284236086650472,-0.000441553476314107,False,False,False,False,-138612.0,-131053.28277760374,False,False,False,False,7360.538124033304,False,False,False,False
2025-04-21 16:00:00+00:00,24.945,25.09,24.94,25.005,2236.0,,,,,,,,,,,,,,,25.467500605620152,25.257101623641482,24.673023369236514,25.005784980513926,25.371402494542227,26.19953000109846,26.313707295359904,,,,,,,,,,,,,,,,24.955297901885483,24.81249857240202,24.75134642802322,25.17155946976065,25.285376288149916,25.32896548611515,25.42581061926512,25.544875728657242,25.92040891622344,26.07775224915127,26.26816491823905,,,,,,24.955297901885483,25.43500594154918,#000000,0.8347792123270497,25.339960982188426,-0.4012569757872651,33.42696795600254,-11.593399466750327,False,True,False,True,False,0.0,0.0,0.0,0.0,0.0,0,0.9799453053783047,0.959499934887355,False,False,False,False,-0.011562843108934164,-0.006002198292624135,False,False,False,False,-136376.0,-131135.80552523778,False,False,False,False,7281.087920559919,False,False,False,False
2025-04-21 17:00:00+00:00,25.005,25.06,24.96,24.96,5602.0,,,,,,,,,,,,,,,25.452883948715126,25.25251665492728,24.675770521109392,25.00570567480709,25.36987378026202,26.19661106438531,26.310618672923486,,,,,,,,,,,,,,,,24.96546124493203,24.81489693866117,24.753168627392988,25.17054161611835,25.283885575230947,25.32740373465833,25.424248210795998,25.54312992120795,25.917930627333273,26.075022171240086,26.265144795152896,,,,,,24.96546124493203,25.43360076554743,#000000,0.8347464253260573,25.33709976896194,-0.45175367934596794,30.99945520632873,-13.46424841847201,False,True,False,True,False,0.0,0.0,0.0,0.0,0.0,0,0.9742053152683694,0.9618290776446067,False,False,False,False,-0.012321136209752729,-0.009161667251188433,False,False,False,False,-141978.0,-131303.9015636062,False,False,False,False,7255.055549698525,False,False,False,False
2025-04-21 18:00:00+00:00,24.96,25.005,24.88,24.905,8294.0,,,,,,,,,,,,,,,25.430061571169954,25.244424737802166,24.678958233492732,25.00499846070787,25.36725612831707,26.19208920001878,26.30585369326439,,,,,,,,,,,,,,,,24.9554091048908,24.817113583944778,24.755118333873938,25.16852479030276,25.281231206191976,25.32468466993232,25.421618666009813,25.540269958570022,25.914035975050588,26.07077013432886,26.260478195800946,,,,,,24.9554091048908,25.429605369092766,"rgba(239, 83, 80, 0.5)",0.8330897391719275,25.331227651954958,-0.5116227363196398,28.74678743645149,-15.35683643568013,False,True,False,True,False,0.0,0.0,0.0,0.0,0.0,0,0.9719357786189795,0.9655397467693514,False,False,False,False,-0.02255983582968132,-0.015860751540434877,False,False,False,False,-150272.0,-131597.9806091317,False,False,False,False,7271.163215594672,False,False,False,False
2025-04-21 19:00:00+00:00,24.905,24.99,24.805,24.895,25137.0,,,,,,,,,,,,,,,25.36774568811262,25.219849539509937,24.686928628368253,25.00201580665453,25.35891907797179,26.178222876533958,26.29126601487045,,,,,,,,,,,,,,,,24.928263567174056,24.821500708252078,24.759695416486036,25.16178770913002,25.27268339303455,25.31598935380083,25.41328842486736,25.531298172859895,25.902024063329264,26.05770305953527,26.246182687302422,,,,,,24.928263567174056,25.417520232655182,"rgba(239, 83, 80, 0.5)",0.832143314276773,25.315572775044444,-0.5054090657568643,27.12646930560401,-16.82052675684936,False,True,False,True,False,0.0,0.0,0.0,0.0,0.0,0,0.9683222526398125,0.965975752835354,False,False,False,False,-0.029388131316520287,-0.022624441428477582,False,False,False,False,-175409.0,-132277.22121984282,False,False,False,False,7548.152933182351,False,False,True,False
2025-04-22 14:00:00+00:00,25.24,25.285,25.1,25.245,5483.0,,,,,,,,,,,,,,,25.36382571019379,25.21970002021091,24.69107259257333,25.003257406669462,25.358345819686797,26.175967509644902,26.288830025607993,,,,,,,,,,,,,,,,24.954061607575277,24.826118400896025,24.762849278794565,25.162046918553255,25.272380950704786,25.31552175847623,25.412587204065872,25.53032418137321,25.900246428834677,26.05565016072655,26.243818975354085,,,,,,24.954061607575277,25.418700274996763,#000000,0.8337416044933225,25.316951015800228,-0.08629893891879482,35.33564111505899,-21.396401644125348,False,True,False,True,True,0.2862593834665219,0.0,0.0,0.0,0.0,0,0.9714359570893114,0.9565723148507175,False,False,False,False,0.015354443862138054,-0.003634998783169764,False,False,False,False,-169926.0,-132860.9232164344,False,False,False,False,7516.135058249291,False,False,False,False
2025-04-22 15:00:00+00:00,25.245,25.39,25.225,25.375,4991.0,,,,,,,,,,,,,,,25.363077492410305,25.221203390663657,24.695647214627076,25.00502333421768,25.358246841562497,26.174177542830606,26.286867731725742,,,,,,,,,,,,,,,,24.98298574071219,24.8315117562495,24.766442170878356,25.16286487479853,25.272632905285356,25.315579668332763,25.412328702763002,25.52977292596966,25.8989161616799,26.054054046014148,26.241925381452457,,,,,,24.98298574071219,25.420736549009636,#000000,0.8367296268619301,25.319392061876428,0.06645866996741091,42.94237194748413,-14.715647030423483,False,True,False,True,True,1.583275208642526,0.0,0.0,0.0,0.0,0,0.9747996898423369,0.9563194623933835,False,False,False,False,0.03280325175709361,0.014584126486961922,False,False,False,False,-164935.0,-133358.19572470672,False,False,False,False,7476.98567750124,False,False,False,False
2025-04-22 16:00:00+00:00,25.38,25.56,25.37,25.525,4804.0,,,,,,,,,,,,,,,25.36561923111973,25.224619365690344,24.701049873721193,25.007507320974124,25.358671429069474,26.172776813395668,26.28529126093735,,,,,,,,,,,,,,,,25.017599463214395,24.83817571473553,24.77079711625924,25.16436789401386,25.27352299697459,25.31622942214763,25.412546986737965,25.529654648618987,25.89798884079754,26.052851816865296,26.240418670941732,,,,,,25.017599463214395,25.42387160367859,#000000,0.8412647225061615,25.323161402127432,0.23992281201484447,50.06298845292195,-8.593396196396043,False,True,True,False,True,3.053807086981365,0.0,0.0,0.0,0.0,0,0.9741345525800136,0.9576747224036579,False,False,False,False,0.056735112312935425,0.035659619399948675,False,False,False,False,-160131.0,-133773.27796153296,False,False,False,False,7435.544039090369,False,False,False,False
2025-04-22 17:00:00+00:00,25.53,25.58,25.27,25.37,25707.0,,,,,,,,,,,,,,,25.36973878178851,25.236416624442576,24.725980419914254,25.01826355519775,25.359516589638567,26.164534201718563,26.276144025302177,,,,,,,,,,,,,,,,25.12246050051897,24.867592256740785,24.790771624399103,25.17027012190229,25.276443674370988,25.31804810267786,25.41245396526116,25.52794029316067,25.892168387245626,26.045628164686324,26.23163126958553,,,,,,25.12246050051897,25.43366680880843,#000000,0.8353716495026791,25.335217648734154,0.04163697832761435,51.68290522023661,-7.428169749542761,False,False,True,False,True,1.439407226465626,0.0,0.0,0.0,0.0,0,0.9664673771770212,0.9593189498310372,False,False,False,False,0.050652110635117306,0.04315586501753299,False,False,False,False,-185838.0,-134580.48295437742,False,False,False,False,7718.822426081215,False,False,False,False
2025-04-22 18:00:00+00:00,25.375,25.555,25.365,25.52,1974.0,,,,,,,,,,,,,,,25.37058201611653,25.237622727740188,24.7280205816144,25.01921702320553,25.359679285772426,26.163969127002627,26.275508069621146,,,,,,,,,,,,,,,,25.1297100816599,24.870015975775367,24.792430144136762,25.17084839370723,25.276785978775564,25.318297803955616,25.41253591557967,25.52788903417262,25.891793788770308,26.04514303931665,26.231023452614668,,,,,,25.1297100816599,25.434504024418736,#000000,0.8344216209096418,25.33624660413257,0.22021648440402652,54.82233664247771,-4.529240275829892,False,False,True,False,True,2.9117701320500657,0.0,0.0,0.0,0.0,0,0.9700389105058366,0.9588845654993514,False,False,False,False,0.05597451689963856,0.049565190958585775,False,False,False,False,-183864.0,-135344.56848996846,False,False,False,False,7629.755411723367,False,False,False,False
2025-04-22 19:00:00+00:00,25.525,25.54,25.445,25.465,39236.0,,,,,,,,,,,,,,,25.385459505329187,25.25963833695285,24.76656810435617,25.03751517806721,25.36291144676864,26.152981722099288,26.26312715921672,,,,,,,,,,,,,,,,25.231288969746664,24.914743825416537,24.82396723896965,25.182029658244986,25.283466438161923,25.32320507758522,25.41420299783529,25.526961826255217,25.884546032590215,26.035726126670337,26.219195702132826,,,,,,25.231288969746664,25.448196408133274,#000000,0.8332870005137825,25.353145276771095,0.1342331311540186,55.8253831622365,-3.406356578372737,False,False,True,False,True,2.332637780930014,0.0,0.0,0.0,0.0,0,0.9728923476005189,0.9581063553826201,False,False,False,False,0.060919583144039884,0.05524238705131283,False,False,False,False,-223100.0,-136705.11781570537,False,False,False,False,8119.77470766564,False,False,False,False
2025-04-23 14:00:00+00:00,26.26,26.4,26.19,26.34,6133.0,,,,,,,,,,,,,,,25.40414290688185,25.274145872556876,24.778783136069737,25.04530904736652,25.366765277777773,26.153376928818247,26.26324138954588,,,,,,,,,,,,,,,,25.2776423143036,24.93046960828456,24.834494937243537,25.188303383275784,25.28863010226886,25.327770322852842,25.417488047132213,25.529500662150138,25.885722802319346,26.036442856702575,26.219419678712455,,,,,,25.2776423143036,25.4567582930146,"rgba(38, 166, 154, 1.0)",0.8482733814813234,25.36317307492284,1.151547303501785,63.37055224534814,3.830260979779055,True,False,True,False,True,10.157131737188791,0.0,0.0,0.0,0.0,0,0.9746096229529012,0.9512504760695699,False,False,False,False,0.18460176172961326,0.11992207439046304,False,False,False,False,-216967.0,-137949.48808212852,False,False,False,False,8088.97199901966,False,False,False,False
2025-04-23 15:00:00+00:00,26.335,26.345,25.99,26.08,4878.0,,,,,,,,,,,,,,,25.415756928162438,25.28353632692824,24.787287581825073,25.050607982333474,25.369254374884534,26.153346873173994,26.262999744196854,,,,,,,,,,,,,,,,25.30608671743382,24.94120132489896,24.84180056223119,25.192487626559707,25.292016101428363,25.33074197317547,25.419584467113424,25.531066691695994,25.88627730650379,26.03665419191488,26.219260911223063,,,,,,25.30608671743382,25.4622204269824,"rgba(38, 166, 154, 0.5)",0.856635583268959,25.36956891305098,0.829327080061258,64.72472801194141,5.233157844361472,True,False,True,False,True,7.464823279770339,0.0,0.0,0.0,0.0,0,0.9684860708433131,0.9536114962813566,False,False,False,False,0.16467178697365334,0.14229693068205818,False,False,False,False,-221845.0,-139250.1936932583,False,False,False,False,8039.189487406952,False,False,False,False
2025-04-23 16:00:00+00:00,26.075,26.11,25.935,26.095,4622.0,,,,,,,,,,,,,,,25.425073756585693,25.2913134128272,24.794708008896418,25.055162490350227,25.371318724863183,26.153145303579223,26.2626039187541,,,,,,,,,,,,,,,,25.328573056811017,24.950430092086687,24.84816354757364,25.196037460733624,25.294854784492784,25.333220310357238,25.42130773869901,25.53232025382265,25.886610207218062,26.036673830725096,26.218941299038626,,,,,,25.328573056811017,25.466692122078584,"rgba(38, 166, 154, 0.5)",0.8631247339210778,25.374802710799095,0.83440696448256,65.72564554554094,6.544827934017292,True,False,True,False,True,7.590286983518734,0.0,0.0,0.0,0.0,0,0.9664226205503663,0.963645544054532,False,False,False,False,0.14216195583998073,0.14222944326101944,False,False,False,False,-217223.0,-140459.07441119227,False,False,False,False,7986.20980543165,False,False,False,False
2025-04-23 17:00:00+00:00,26.095,26.11,25.89,25.965,8489.0,,,,,,,,,,,,,,,25.43994727995902,25.304120083689547,24.80748687875062,25.062934122953997,25.374752946465428,26.152575333585112,26.261685312089075,,,,,,,,,,,,,,,,25.363422166636596,24.96610386491477,24.85911637188003,25.202039113032985,25.29961296076867,25.337359195530603,25.424155293065336,25.534347478521177,25.886996514621057,26.036500310650762,26.218159629247804,,,,,,25.363422166636596,25.473961936464587,"rgba(38, 166, 154, 0.5)",0.8636951935650738,25.383298825384244,0.6735028502528398,64.56429045550199,6.544827934017292,True,False,True,False,True,6.25533402898359,0.0,0.0,0.0,0.0,0,0.9642632439914435,0.9643890776393608,False,False,False,False,0.13868240114597305,0.14045592220349623,False,False,False,False,-225712.0,-141780.8251955149,False,False,False,False,7994.005002246663,False,False,False,False
2025-04-23 18:00:00+00:00,25.96,26.03,25.905,25.945,8979.0,,,,,,,,,,,,,,,25.45407787296582,25.316623471704407,24.82039168445766,25.070767300374303,25.378178212338323,26.15187347499308,26.260620335278134,,,,,,,,,,,,,,,,25.394989196112174,24.981729832800163,24.870189719444344,25.20806381902622,25.3043710986555,25.34149236911449,25.426986547956012,25.53633959123978,25.887288584901334,26.03621095799738,26.21723736681892,,,,,,25.394989196112174,25.480968413121005,"rgba(38, 166, 154, 0.5)",0.8543247583868873,25.391463873114787,0.6479223754797703,63.50321661025272,6.544827934017292,True,False,True,False,True,6.049674503985855,0.0,0.0,0.0,0.0,0,0.9642001764780036,0.9692424051430732,False,False,False,False,0.1336622397157128,0.1370590809596045,False,False,False,False,-234691.0,-143221.293021941,False,False,False,False,8009.276242521908,False,False,False,False
2025-04-23 19:00:00+00:00,25.94,25.97,25.83,25.905,10776.0,,,,,,,,,,,,,,,25.468212545875296,25.329709165317496,24.834729208708637,25.079384459845063,25.381829549593164,26.150783837005715,26.259106014244033,,,,,,,,,,,,,,,,25.4252436258321,24.998766139246488,24.882492843135623,25.21461781682015,25.309491666938463,25.345919809204574,25.429977610098792,25.538380096189893,25.887357290807962,26.035602973924284,26.215890159446047,,,,,,25.4252436258321,25.488194156235213,"rgba(38, 166, 154, 0.5)",0.8326216492566287,25.399868866704047,0.6066754734841923,62.17857429618561,6.544827934017292,True,False,True,False,True,5.633174865741907,0.0,0.0,0.0,0.0,0,0.9603935418768922,0.9718718466195763,False,False,False,False,0.1343555715070143,0.1357073262333094,False,False,False,False,-245467.0,-144806.49778129073,False,False,False,False,8052.171184498313,False,False,False,False
2025-04-24 14:00:00+00:00,26.375,26.6,26.375,26.455,5239.0,,,,,,,,,,,,,,,25.48346137157788,25.342047308900327,24.845246277443124,25.08639427260185,25.38552966219687,26.151472357489165,26.259551322647983,,,,,,,,,,,,,,,,25.454905433469573,25.01195358876883,24.891684021434656,25.22038909284843,25.31433617092634,25.350248136733843,25.43317432918364,25.54092109457439,25.888723192728623,26.036569839238837,26.2164302873338,,,,,,25.454905433469573,25.4951687644499,"rgba(38, 166, 154, 1.0)",0.8295676883471077,25.40788095183834,1.2622466651853521,65.58784909149156,8.231883522632337,True,False,True,False,True,10.298223553696321,0.0,0.0,0.0,0.0,0,0.9648141240830538,0.9619544945915706,False,False,False,False,0.2314579223021683,0.18358262426773886,False,False,False,False,-240228.0,-146285.90091646454,False,False,False,False,8008.556127374308,False,False,False,False
2025-04-24 15:00:00+00:00,26.455,26.635,26.44,26.6,5825.0,,,,,,,,,,,,,,,25.501233674995806,25.356422782868403,24.857360152749724,25.094559042223775,25.389920116091943,26.152425877794734,26.260229737402895,,,,,,,,,,,,,,,,25.48846362487731,25.027144779322022,24.902299807875043,25.22715737845103,25.320050702722153,25.355367964879772,25.43698214531251,25.543975366248326,25.890444379331765,26.037838450804706,26.217215847855638,,,,,,25.48846362487731,25.503282879544862,"rgba(38, 166, 154, 1.0)",0.8099173687137196,25.417173865829135,1.4604281620103876,68.65385421510092,11.48285392562908,True,False,True,False,True,11.447998478615123,0.0,0.0,0.0,0.0,0,0.9665261591867098,0.9602033225886437,False,False,False,False,0.25052823684877684,0.21705543055825785,False,False,False,False,-234403.0,-147652.05749140307,False,False,False,False,7974.702544004163,False,False,False,False
2025-04-24 16:00:00+00:00,26.6,26.705,26.57,26.68,3646.0,,,,,,,,,,,,,,,25.513017805285294,25.365934473336143,24.865266994202656,25.09994655395421,25.39286969845021,26.15315714837064,26.260785266203897,,,,,,,,,,,,,,,,25.510192704437323,25.03707273227075,24.909246556046273,25.231653662279534,25.323868510510792,25.35879748329553,25.439549745022198,25.546052836932162,25.89166713587038,26.038771194075622,26.217839746314052,,,,,,25.510192704437323,25.508649458158757,"rgba(0, 255, 255, 0.75)",0.7933618853216284,25.423304298899826,1.584013202992113,71.12485395017212,14.11197147757997,True,False,True,False,True,12.077502472260726,0.0,0.0,0.0,0.0,0,0.9753731343283584,0.9578358208955225,False,False,False,False,0.26750276203924295,0.24227909629875038,False,False,False,False,-230757.0,-148940.50621246657,False,False,False,False,7907.590876655261,False,False,False,False
2025-04-24 17:00:00+00:00,26.68,26.795,26.65,26.69,2899.0,,,,,,,,,,,,,,,25.522701407118817,25.373746574981283,24.871713800857297,25.10436833915033,25.395316458599055,26.153806866008452,26.26129348281815,,,,,,,,,,,,,,,,25.527777143905322,25.04517058716904,24.91491963916701,25.235358736707926,25.327024997580907,25.361637381633717,25.44168422992072,25.54778845933249,25.892713106103077,26.039583220246897,26.218402973998092,,,,,,25.527777143905322,25.513055966961034,"rgba(0, 255, 255, 0.75)",0.7966858039844035,25.428329584121315,1.5836486724989844,72.82877853528699,16.027214305890027,True,False,True,False,True,12.15690069652857,0.0,0.0,0.0,0.0,0,0.9744067586035535,0.9568890545409371,False,False,False,False,0.28601450678744655,0.26414680154309844,False,False,False,False,-227858.0,-150164.03324793218,False,False,False,False,7829.9383049241715,False,False,False,False
2025-04-24 18:00:00+00:00,26.685,26.8,26.655,26.775,3209.0,,,,,,,,,,,,,,,25.533520346581,25.382491146005346,24.878919609485166,25.109330630828673,25.39807919402821,26.15456502450263,26.26189417150718,,,,,,,,,,,,,,,,25.547156136045235,25.05421213513918,24.92126781013629,25.239525944163265,25.330581842945026,25.36484050011811,25.444097331506228,25.549755768897803,25.893912467725382,26.040522040938676,26.219064861948013,,,,,,25.547156136045235,25.51798538680563,"rgba(0, 255, 255, 0.75)",0.8032773914206537,25.433943211162383,1.669481555388806,74.46791232045274,17.90974095736,True,False,True,False,True,12.83724374210134,0.0,0.0,0.0,0.0,0,0.9752979145978156,0.9563058589870905,False,False,False,False,0.3046298260888204,0.2843883138159594,False,False,False,False,-224649.0,-151318.83893401074,False,False,False,False,7758.295850584262,False,False,False,False
2025-04-24 19:00:00+00:00,26.775,26.905,26.72,26.89,9059.0,,,,,,,,,,,,,,,25.565371552010625,25.408267152929913,24.899986823839022,25.12398349767058,25.406364111646127,26.15703847005203,26.263914888207772,,,,,,,,,,,,,,,,25.60276370565817,25.0806313116453,24.9398752109847,25.251902018587973,25.34119585066882,25.37442095531063,25.45135607690244,25.55571396998551,25.897656721970094,26.043515287119263,26.221261351561107,,,,,,25.60276370565817,25.532512164263892,"rgba(0, 255, 255, 0.75)",0.804257292657513,25.450439264765144,1.7899256225307023,76.21465924752276,19.89991148068144,True,False,True,False,True,13.75264297849288,0.0,0.0,0.0,0.0,0,0.9811086254039276,0.9525229927914493,False,False,False,False,0.3226310076168273,0.30350966071639335,False,False,False,False,-215590.0,-152315.29104356098,False,False,False,False,7778.461806389157,False,False,False,False
2025-04-25 14:00:00+00:00,26.945,27.09,26.945,27.01,2004.0,,,,,,,,,,,,,,,25.573157524688604,25.414535669764028,24.90500539136111,25.127522055308205,25.40840854036857,26.157724481345145,26.264496886765524,,,,,,,,,,,,,,,,25.616091395140394,25.08694715447154,24.94432130793612,25.25491597955233,25.343798381828293,25.376777244159417,25.45315486786371,25.557205110162723,25.898635813087516,26.044320916667917,26.221883658352063,,,,,,25.616091395140394,25.536050132156845,"rgba(0, 255, 255, 0.75)",0.8022170181092775,25.454446571396854,1.939068099389598,78.01354366059327,21.927288464719453,True,False,True,False,True,14.698157482916823,0.0,0.0,0.0,0.0,0,0.9842490388192983,0.9467939972714873,False,False,False,False,0.3428282363615829,0.32316894853898814,False,False,False,False,-213586.0,-153265.22451575383,False,False,False,False,7688.935266755217,False,False,False,False
2025-04-25 15:00:00+00:00,27.015,27.06,26.965,26.98,2170.0,,,,,,,,,,,,,,,25.581417575311846,25.42121241905455,24.910378709413024,25.131311861243685,25.41059814206716,26.158454547653168,26.265114900386507,,,,,,,,,,,,,,,,25.630107395304535,25.093692846164668,24.949083396978043,25.258143365824736,25.34658496975028,25.379300389657654,25.45508141091097,25.55880159862007,25.899681434049878,26.04517981238671,26.222545104137208,,,,,,25.630107395304535,25.539816104384148,"rgba(0, 255, 255, 0.75)",0.7918073293717608,25.458708571147955,1.9212899052842498,78.51365409428924,22.767073308299985,True,False,True,False,True,14.346296322821917,0.0,0.0,0.0,0.0,0,0.9869549012299667,0.94645297552491,False,False,False,False,0.34192581439802533,0.3325473814685067,False,False,False,False,-215756.0,-154234.07374806772,False,False,False,False,7603.370378898546,False,False,False,False
2025-04-25 16:00:00+00:00,26.98,27.14,26.98,27.095,4696.0,,,,,,,,,,,,,,,25.59983488604663,25.436102200270103,24.922299177341884,25.13976595441991,25.41552358383043,26.160160934006548,26.266575542831987,,,,,,,,,,,,,,,,25.66098832196702,25.108659050286047,24.959662611229977,25.26536571514184,25.35283704090157,25.384968316785073,25.459422147800552,25.562411462546475,25.90208074814867,26.047168886660653,26.22410093445353,,,,,,25.66098832196702,25.54821819525938,"rgba(0, 255, 0, 1.0)",0.7755400617552757,25.4682036218053,2.0976303590465437,79.5283913472648,24.12759168974368,True,False,True,False,True,15.262901784184265,0.0,0.0,0.0,0.0,0,0.9944903581267222,0.9411470072627101,False,False,False,False,0.34282823654669436,0.33768780900760054,False,False,False,False,-211060.0,-155115.0958605008,False,False,False,False,7558.294869148181,False,False,False,False
2025-04-25 17:00:00+00:00,27.09,27.23,27.01,27.03,8488.0,,,,,,,,,,,,,,,25.632394894817587,25.462638847669716,24.94369599514681,25.15500448618457,25.424450316201884,26.163290805147895,26.269262083692276,,,,,,,,,,,,,,,,25.71425705853678,25.135390858293963,24.978683000589047,25.2784061916213,25.364142713579124,25.395227636196076,25.467297699436465,25.568971484233778,25.906460253853208,26.05080862718234,26.22695918947776,,,,,,25.71425705853678,25.563185674547814,"rgba(0, 255, 0, 1.0)",0.7490745521539699,25.48507463087202,2.062445406382496,78.58300795804008,24.12759168974368,True,False,True,False,True,14.482972978776935,0.0,0.0,0.0,0.0,0,0.9901311680199879,0.9412866958151156,False,False,False,False,0.342828236801658,0.34025802290462925,False,False,False,False,-219548.0,-156114.05561460156,False,False,False,False,7572.708902184643,False,False,False,False
2025-04-25 18:00:00+00:00,27.03,27.135,27.015,27.065,8502.0,,,,,,,,,,,,,,,25.66322011738922,25.488089120902213,24.96452931214689,25.16988890512726,25.43319948821783,26.166343182237686,26.2718758204592,,,,,,,,,,,,,,,,25.763115873923077,25.16120884081473,24.997234794856446,25.29115233596677,25.37520172903343,25.40527101748086,25.475022075830253,25.575407564022886,25.910747278394926,26.05436511952862,26.22974288807045,,,,,,25.763115873923077,25.57753419246682,"rgba(0, 255, 0, 1.0)",0.7225660417461278,25.501196866631364,2.164235575740046,78.22373475518053,24.12759168974368,True,False,True,False,True,14.768926130612225,0.0,0.0,0.0,0.0,0,0.9914904267300716,0.9439369290451759,False,False,False,False,0.334922568968781,0.3375902959367051,False,False,False,False,-211046.0,-156965.71366708836,False,False,False,False,7587.116516104261,False,False,False,False
2025-04-25 19:00:00+00:00,27.075,27.13,26.92,26.99,11987.0,,,,,,,,,,,,,,,25.70279348847596,25.521361130522546,24.99242447596028,25.18985423572918,25.444944661062706,26.17033699493213,26.275265464939807,,,,,,,,,,,,,,,,25.823497984087588,25.195385213965853,25.022119210628286,25.308239622934586,25.390024865913528,25.418739899944494,25.485393889879475,25.584038576227854,25.916437222562095,26.059052413268557,26.23336682998311,,,,,,25.823497984087588,25.59629312116767,"rgba(0, 255, 0, 1.0)",0.7036232675961489,25.52219887282868,2.0860610994089166,75.98041829604477,24.12759168974368,True,False,True,False,False,13.850918338644949,0.0,0.0,0.0,0.0,0,0.9901385594807143,0.9412058419672952,False,False,False,False,0.32618554236493635,0.3318879191508207,False,False,False,False,-223033.0,-157990.0126800017,False,False,False,False,7655.331763916598,False,False,False,False
2025-04-28 14:00:00+00:00,27.26,27.335,27.15,27.23,18140.0,,,,,,,,,,,,,,27.238333333333333,25.768012145562558,25.576229808354054,25.03776536819566,25.222886966591307,25.4648930979817,26.177903893048594,26.28188240726715,,,,,,,,,,,,,,,,25.919863096936655,25.25088339800295,25.062755780381387,25.336791002359163,25.41499298628408,25.441514965947434,25.503098870087967,25.598930055467548,25.926680552725525,26.067711287554282,26.240351429983942,,,,,,25.919863096936655,25.71218318137186,"rgba(0, 255, 0, 1.0)",0.7281116821076276,25.615399486096003,2.217517660519189,76.55892958626748,24.12759168974368,True,False,True,False,False,15.826836831106114,0.0,0.0,0.0,0.0,0,0.9925549075567691,0.932745998262812,False,False,False,False,0.34282823730025597,0.3373580782255383,False,False,False,False,-204893.0,-158717.19077798616,False,True,False,False,7817.884759824868,False,True,False,False
2025-04-28 15:00:00+00:00,27.245,27.27,26.975,27.04,18308.0,,,,,,,,,,,,,,27.16633633304068,25.82255687146155,25.623683600932036,25.078844900812786,25.252867369059434,25.482990064576015,26.184415259118865,26.287481998048055,,,,,,,,,,,,,,,,25.995447717584785,25.300094891950813,25.099680849304182,25.3626544751865,25.437589688056114,25.46214202519737,25.51916249613722,25.612399592947614,25.935746762939594,26.07526801614934,26.246304561025465,,,,,,25.995447717584785,25.73398249860676,"rgba(0, 255, 255, 0.75)",0.7428270929967924,25.641354368510456,1.8828683615280883,72.72826027646346,26.988045266939707,True,False,True,False,False,13.51627030917033,0.0,0.0,0.0,0.0,0,0.9881378969479799,0.9352526875077226,False,False,False,False,0.3224255036406336,0.32989179093308596,False,False,False,False,-223201.0,-159716.93975817243,False,False,False,False,7980.522205408978,False,False,False,False
2025-04-28 16:00:00+00:00,27.04,27.04,26.9,26.965,7527.0,,,,,,,,,,,,,,27.13244506348304,25.841597829990665,25.640737580155875,25.0942305591105,25.264088031814275,25.48973875984949,26.186696877890043,26.289404241379703,,,,,,,,,,,,,,,,26.020511841971658,25.31819905573145,25.113536368567743,25.3723069222242,25.446007950482688,25.469827602024882,25.525149783141096,25.61740011879753,25.93903065063034,26.077960754136733,26.248366384331707,,,,,,26.020511841971658,25.74143349345861,"rgba(0, 255, 255, 0.75)",0.7576718251291703,25.650284170425323,1.7352048551502361,68.712509638724,23.23658480480384,True,False,True,False,False,12.618466340586082,0.0,0.0,0.0,0.0,0,0.9967410378540988,0.9379543745299574,False,False,False,False,0.29686407144595667,0.3133779311895213,False,False,False,False,-230728.0,-160817.88642858836,False,False,False,False,7973.490853387134,False,False,False,False
2025-04-28 17:00:00+00:00,26.965,26.975,26.82,26.91,13447.0,,,,,,,,,,,,,,27.078401715950914,25.872162554488938,25.66867461601578,25.12014644685333,25.283002608065498,25.501107125963276,26.190395255449765,26.29247688483573,,,,,,,,,,,,,,,,26.05928260812659,25.34831480525481,25.13691299554439,25.3885568959382,25.46017035578736,25.482762201213117,25.535235383978875,25.625806013435863,25.944468998001188,26.082373952568098,26.251682298962184,,,,,,26.05928260812659,25.753785985075464,"rgba(0, 255, 255, 0.75)",0.7545632947379143,25.66501680780475,1.64993871405801,64.96977318618238,19.856304703259482,True,False,True,False,False,11.958463775138338,0.0,0.0,0.0,0.0,0,0.9947322212467081,0.9344036121911452,False,False,False,False,0.28484469577480254,0.2991113134821619,False,False,False,False,-244175.0,-162110.2447785327,False,False,False,False,8058.3514603113645,False,False,False,False
2025-04-28 18:00:00+00:00,26.91,26.985,26.885,26.955,3776.0,,,,,,,,,,,,,,27.06996497706897,25.880752163293657,25.67654558742779,25.127451083366438,25.288364933339608,25.504356820279128,26.19148492953435,26.293390453570524,,,,,,,,,,,,,,,,26.07005180624239,25.356779075825596,25.14351408785183,25.393177065156156,25.464206807162295,25.486453608222092,25.538123088252686,25.628220071831933,25.946048442088948,26.083664803472846,26.252664313192508,,,,,,26.07005180624239,25.757642848272617,"rgba(0, 255, 255, 0.75)",0.7461021051781849,25.66951938318065,1.722928548113866,63.13003044174545,18.237047037221416,True,False,True,False,False,12.352447096169264,0.0,0.0,0.0,0.0,0,0.9996224040276905,0.93215859030837,False,False,False,False,0.2910514054572605,0.2950813594697112,False,False,False,False,-240399.0,-163324.02392925313,False,False,False,False,7991.958414415064,False,False,False,False
2025-04-28 19:00:00+00:00,26.955,27.055,26.915,27.05,18089.0,,,,,,,,,,,,,,27.055523730245817,25.922466280520936,25.714810384796635,25.162871995604146,25.314571021706904,25.520418289296508,26.197110020827022,26.298166757177096,,,,,,,,,,,,,,,,26.1217877227751,25.397724084236522,25.175597837193244,25.415847462322688,25.484079823816646,25.50465981892967,25.552426932671832,25.64022916506128,25.954035408125552,26.090259668690884,26.257770336644242,,,,,,26.1217877227751,25.777913512665407,"rgba(0, 255, 255, 0.75)",0.7421740768582027,25.692819579387013,1.8286551133101432,63.24122717158417,18.237047037221416,True,False,True,False,False,13.184655994773635,0.0,0.0,0.0,0.0,0,1.0059291030654725,0.9244354736974896,False,False,False,False,0.29936117200296386,0.29722126573633756,False,False,False,False,-222310.0,-164238.53518616394,False,False,False,False,8148.50169481173,False,False,False,False
2025-04-29 14:00:00+00:00,27.055,27.11,26.94,27.09,11728.0,,,,,,,,,,,,,,27.054382427804942,25.948837001538745,25.739196875242307,25.185615161943513,25.33153043380013,25.53092484536932,26.200893908408094,26.301402350346653,,,,,,,,,,,,,,,,26.153765188611477,25.42383543650344,25.196257059354437,25.43056956383856,25.497024486951265,25.516540782557698,25.561803883955776,25.648128743528265,25.959344136902107,26.094669767082838,26.261218888950207,,,,,,26.153765188611477,25.79136531277315,"rgba(0, 255, 255, 0.75)",0.7424735382186474,25.708147119347917,1.8611476497431052,63.86072534527821,18.237047037221416,True,False,True,False,False,13.535458913003385,0.0,0.0,0.0,0.0,0,1.006939187484229,0.9212717638152913,False,False,False,False,0.3060379649486027,0.3016296153424701,False,False,False,False,-210582.0,-164957.038516611,False,False,False,False,8203.997792566586,False,False,False,False
2025-04-29 15:00:00+00:00,27.09,27.09,27.0,27.06,4029.0,,,,,,,,,,,,,,27.054196652778366,25.957639733519038,25.747390564136925,25.193315835390514,25.337291405086624,25.534508795003692,26.20219113888982,26.302512392483596,,,,,,,,,,,,,,,,26.164285443057643,25.432633872597275,25.20326197329552,25.435576301373324,25.501431560555176,25.520588991184763,25.565005281431336,25.650828519536667,25.961161550091873,26.096180699190434,26.262401644494673,,,,,,26.164285443057643,25.79591591337354,"rgba(0, 255, 255, 0.75)",0.7374352804095775,25.713321706955867,1.826164720917849,63.48368307758866,18.09645684362812,True,False,True,False,False,13.15260135280186,0.0,0.0,0.0,0.0,0,1.0121503607138338,0.9188710289836731,False,False,False,False,0.3093862779825881,0.3055079466625291,False,False,False,False,-214611.0,-165726.86737681858,False,False,False,False,8139.269144619817,False,False,False,False
2025-04-29 16:00:00+00:00,27.065,27.14,27.01,27.035,4203.0,,,,,,,,,,,,,,27.054512999553307,25.966770368460953,25.755905236883375,25.201331627283597,25.343300812138516,25.538258189415565,26.203558739308555,26.303684889895464,,,,,,,,,,,,,,,,26.17514114228205,25.44177686973088,25.21055901942173,25.440803883939218,25.506036819827248,25.524821354438252,25.56835641394047,25.65365722215864,25.96307125314058,26.09777101571505,26.2636499262273,,,,,,26.17514114228205,25.800682514934774,"rgba(0, 255, 255, 0.75)",0.737949386677199,25.718732594206983,1.783682498497409,62.54217983354504,16.89266905787143,True,False,True,False,False,12.82963762160161,0.0,0.0,0.0,0.0,0,1.0179938744257278,0.9119448698315469,False,False,False,False,0.31442141044688804,0.30996467855470855,False,False,False,False,-218814.0,-166549.92369655785,False,False,False,False,8078.24171602106,False,False,False,False
2025-04-29 17:00:00+00:00,27.04,27.19,27.02,27.17,3285.0,,,,,,,,,,,,,,27.056824714885764,25.974219716031683,25.762811222590972,25.207766151611096,25.348145155799802,25.54130035467196,26.204705345797112,26.304677146767936,,,,,,,,,,,,,,,,26.18405345323768,25.44913564095576,25.216421371809595,25.44502925223683,25.509766942467614,25.528252378334948,25.571078730328246,25.655961907188733,25.964647278254258,26.099093913135842,26.264702099353272,,,,,,26.18405345323768,25.80466277765574,"rgba(0, 255, 255, 0.75)",0.7395321262566757,25.72322849913375,1.9563335377861708,64.1047434947973,16.89266905787143,True,False,True,False,False,14.059877021085622,0.0,0.0,0.0,0.0,1,1.016198979591837,0.911607142857143,False,False,False,False,0.319472027897283,0.3147183532259958,False,False,False,False,-215529.0,-167309.2892206422,False,False,False,False,8003.927890966469,False,False,False,False
2025-04-29 18:00:00+00:00,27.17,27.2,27.02,27.045,9514.0,,,,,,,,,,,,,,27.05950016064831,25.994564468278803,25.78187405587886,25.22579397786623,25.361728764317995,25.549834216958107,26.207872721783446,26.307404072848705,,,,,,,,,,,,,,,,26.207935772091414,25.469611112059336,25.232862586528682,25.4568718490795,25.52022002768746,25.537870544793186,25.57871672074316,25.66242329708847,25.969037976674674,26.102763944851674,26.267600095342132,,,,,,26.207935772091414,25.8154992823958,"rgba(0, 255, 255, 0.75)",0.7408531240072509,25.73548726374502,1.7675740221919667,61.82538694304279,15.932791758300851,False,False,True,False,False,12.425343805108284,0.0,0.0,0.0,0.0,1,1.0135204081632656,0.9147959183673472,False,False,False,False,0.32031532608087687,0.31751683965343636,False,False,False,False,-225043.0,-168204.38551179503,False,False,False,False,8027.3398616491595,False,False,False,False
2025-04-29 19:00:00+00:00,27.045,27.175,27.03,27.17,39343.0,,,,,,,,,,,,,,27.07652227044237,26.07393458089584,25.85726730994126,25.29821205254672,25.416866026692606,25.584964457875614,26.221268680968322,26.319002150391114,,,,,,,,,,,,,,,,26.298230500616064,25.550919229914534,25.29917752282436,25.505145413425947,25.562992953023308,25.57732794090637,25.61024977206276,25.689206748022524,25.98741923267506,26.118209791268864,26.27989652934982,,,,,,26.298230500616064,25.85930595599176,"rgba(0, 255, 255, 0.75)",0.7474750289600773,25.78477725649871,1.853202702207295,62.341299390389146,15.932791758300851,False,False,True,False,False,13.575683005850902,0.0,0.0,0.0,0.0,1,1.0113578356304238,0.9174323634507402,False,False,False,False,0.3190505436411376,0.318283691647287,False,False,False,False,-185700.0,-168475.63534882147,False,False,False,False,8512.853972321265,False,False,False,False
2025-04-30 14:00:00+00:00,26.675,26.915,26.675,26.75,10835.0,,,,,,,,,,,,,,27.056717440082853,26.08732826663818,25.871314542446918,25.31361080685857,25.428504662292127,25.592259668006097,26.223507222620366,26.32079611670364,,,,,,,,,,,,,,,,26.310949236059678,25.567322880085538,25.313333875951827,25.515225275189035,25.571861077428704,25.585506210240023,25.61678257084452,25.694680271963943,25.99087495538304,26.120952242081845,26.281863985839447,,,,,,26.310949236059678,25.86649427930086,"rgba(38, 166, 154, 1.0)",0.7478722490511657,25.793019805394543,1.2796038304932278,55.27666166038648,9.687068021520695,False,True,True,False,False,8.3238605853313,0.0,0.0,0.0,0.0,0,1.0001265182186236,0.9195344129554653,False,False,False,False,0.2679866527622716,0.2931351722047793,False,False,False,False,-196535.0,-168910.66425814206,False,False,False,False,8548.856236316284,False,False,False,False
2025-04-30 15:00:00+00:00,26.755,26.915,26.755,26.88,4602.0,,,,,,,,,,,,,,27.05101500965078,26.093423992487903,25.87760202234537,25.32036239253396,25.43364101183012,25.59551234601897,26.22457150660129,26.321669367267102,,,,,,,,,,,,,,,,26.3169265951517,25.574552912097538,25.31954808383751,25.519692765065912,25.575804673184795,25.589147842203474,25.61970090183763,25.697137355067984,25.99246301176515,26.122233181113213,26.282811728018057,,,,,,26.3169265951517,25.86988508937255,"rgba(38, 166, 154, 1.0)",0.7474302341723278,25.796873705244206,1.4491336384795843,52.70192182855075,7.482973321589419,False,True,False,False,False,9.549538117006144,0.0,0.0,0.0,0.0,0,1.0007596859964552,0.9216257280324134,False,False,False,False,0.2745472222297394,0.2838411972172593,False,False,False,False,-191933.0,-169267.5996960003,False,False,False,False,8487.664666760991,False,False,False,False
2025-04-30 16:00:00+00:00,26.88,26.895,26.72,26.775,10599.0,,,,,,,,,,,,,,27.035820769339164,26.106135278140634,25.89100245920394,25.335154338114513,25.44489048537157,25.60262428637321,26.226801133142764,26.323467732457964,,,,,,,,,,,,,,,,26.3288734041795,25.590215050578088,25.333178644209067,25.529461109162433,25.584419051613366,25.597104312707902,25.626080839464137,25.702496810699515,25.99587218357264,26.124951347335763,26.28477839734292,,,,,,26.3288734041795,25.877017243842584,"rgba(38, 166, 154, 1.0)",0.7462909789252241,25.804997257808015,1.2997647962848744,49.55899126895415,4.700306642649785,False,True,False,False,False,8.287691765721242,0.0,0.0,0.0,0.0,0,1.0096815286624206,0.9178343949044587,False,False,False,False,0.2700343866594329,0.2769377919383461,False,False,False,False,-202532.0,-169783.32683249642,False,False,False,False,8520.39854789648,False,False,False,False
2025-04-30 17:00:00+00:00,26.775,26.845,26.665,26.785,15944.0,,,,,,,,,,,,,,27.013490580186076,26.123575898544413,25.90976073523558,25.356385510096956,25.46107917819092,25.61288593570712,26.229938030650395,26.32596816506475,,,,,,,,,,,,,,,,26.344621177292982,25.61243470797716,25.35278209183957,25.5435170119381,25.59681843572842,25.608566816332495,25.635292775254563,25.710230802382412,26.000745819267742,26.12880841449416,26.287527377956202,,,,,,26.344621177292982,25.887075234954736,"rgba(38, 166, 154, 1.0)",0.74817891221594,25.816440873528563,1.2945555009065672,47.64428210252579,3.001984661536895,False,True,False,True,False,8.384309399377376,0.0,0.0,0.0,0.0,0,1.00025474461852,0.9214112851866003,False,False,False,False,0.26144853853134536,0.2691931652348457,False,False,False,False,-186588.0,-170043.86440098484,False,False,False,False,8635.493144053124,False,False,False,False
2025-04-30 18:00:00+00:00,26.785,26.9,26.755,26.86,29092.0,,,,,,,,,,,,,,26.990584656786286,26.156507685875276,25.944754593796343,25.395477172334484,25.491221843729182,25.63231275294544,26.236340174078766,26.33120831884645,,,,,,,,,,,,,,,,26.375138509687602,25.653330139797006,25.38898900413026,25.569847816554095,25.620163152068567,25.630202258708277,25.652789307536285,25.72501739735876,26.010319270953254,26.136525243488666,26.293221047375358,,,,,,26.375138509687602,25.907050018213177,"rgba(38, 166, 154, 1.0)",0.7490053284068965,25.83894037146152,1.363220780698894,47.76435532029397,3.001984661536895,False,True,False,True,False,9.114565229667072,0.0,0.0,0.0,0.0,0,1.000509619059753,0.9215186647980638,False,False,False,False,0.2733153737100191,0.2712542694724324,False,False,False,False,-157496.0,-169849.3238676362,False,False,False,False,8952.648289106563,False,False,False,False
2025-04-30 19:00:00+00:00,26.855,27.2,26.84,27.16,34748.0,,,,,,,,,,,,,27.066666666666666,27.000863059483407,26.203982645967113,25.993079339657758,25.446523083860686,25.531356533792373,25.65896740979933,26.24664688535247,26.34008408094789,,,,,,,,,,,,,,,,26.422683370894266,25.707486983847623,25.436446662455154,25.605342137624824,25.65193675298825,25.659766226117682,25.676930586806062,25.745698242099433,26.024546243590834,26.148453337422488,26.302654059220856,,,,,,26.422683370894266,25.993505715429755,"rgba(0, 255, 255, 0.75)",0.7551520758480351,25.92132905651057,1.6402933701776625,52.1990146402871,3.001984661536895,False,True,True,False,True,11.936273083985757,0.0,0.0,0.0,0.0,0,1.001900658895084,0.9148504815002537,False,False,False,False,0.30520192826375514,0.28822809886809375,False,False,False,False,-122748.0,-169119.07078441704,False,False,False,False,9352.576222608786,False,False,False,False
2025-05-01 14:00:00+00:00,27.03,27.07,26.53,26.895,27831.0,,,,,,,,,,,,,26.962154210411374,26.984342905089346,26.229154331118615,26.02104517956312,25.47960054708764,25.557357560721744,25.676165731679134,26.252405849388754,26.34479022622777,,,,,,,,,,,,,,,,26.44402945309609,25.740961486954696,25.467357416905415,25.62819933269799,25.67233319045355,25.678770747884304,25.69250928865859,25.75894215989879,26.033159817300827,26.155399411690297,26.307771630237372,,,,,,26.44402945309609,26.00432252385327,"rgba(38, 166, 154, 1.0)",0.7574562872053835,25.93458710078079,1.2679449830202492,51.08841536008485,3.001984661536895,False,True,False,False,True,8.705007793113197,0.0,0.0,0.0,0.0,0,0.9946122039844634,0.9150482395689764,False,False,False,False,0.2688054820265536,0.2785167904473237,False,False,False,False,-150579.0,-168831.62782651908,False,False,False,False,9639.063412955937,False,False,False,False
2025-05-01 15:00:00+00:00,26.895,27.065,26.28,26.33,19019.0,,,,,,,,,,,,,26.868030956641093,26.957695852888204,26.237934857001797,26.033016977071398,25.496921830117675,25.57085127883081,25.68491916689232,26.254450124709766,26.34617819997526,,,,,,,,,,,,,,,,26.447965970183848,25.75726226452421,25.48362844526626,25.63989769624219,25.68267897211218,25.6884113772607,25.70041883192624,25.765549292828528,26.036962157076825,26.158179565791862,26.309417175421412,,,,,,26.447965970183848,26.00601854963812,"rgba(38, 166, 154, 0.5)",0.7555310345340426,25.93737927320429,0.5196619448436678,45.07084694177802,0.960095207123068,False,True,False,True,False,2.442777747681596,0.0,0.0,0.0,0.0,0,0.9869248797335639,0.9173553719008265,False,False,False,False,0.2480317388496745,0.2632742646484991,False,False,False,False,-169598.0,-168843.50956564283,False,False,False,False,9784.48878639848,False,False,False,False
2025-05-01 16:00:00+00:00,26.36,26.48,26.275,26.35,16394.0,,,,,,,,,,,,,26.784431858382995,26.927544756953438,26.240865653976034,26.039335882884625,25.50881826756503,25.58001156077464,25.690714919897243,26.25510232877794,26.346301635710724,,,,,,,,,,,,,,,,26.445670166213834,25.767589292893476,25.494857622173257,25.647710107571893,25.689511518042636,25.694775096978447,25.705637185028248,25.769813414191088,26.039017376204477,26.159422059413995,26.30974882174353,,,,,,26.445670166213834,26.004843976268877,"rgba(38, 166, 154, 0.5)",0.7533036847390149,25.93683998074521,0.5484640890850465,41.34344557740374,-2.3801120930871775,False,True,False,True,False,2.6383204833930023,0.0,0.0,0.0,0.0,0,0.9861694245492716,0.9346752284514698,False,False,False,False,0.20072944199469234,0.23200185332159573,False,False,False,False,-153204.0,-168601.03654912123,False,False,False,False,9886.96182846982,False,False,False,False
2025-05-01 17:00:00+00:00,26.35,26.47,26.135,26.43,16760.0,,,,,,,,,,,,,26.720251034114142,26.898591394756426,26.24320465398858,26.045113296200096,25.52032796711391,25.588890512465372,25.696338759476443,26.255625599018508,26.346294263827662,,,,,,,,,,,,,,,,26.4427880043161,25.777395888434235,25.505747703397528,25.65527252294517,25.696121944644673,25.70093776672669,25.710703520854754,25.773943281899186,26.040945275053293,26.160537009222292,26.309950524288254,,,,,,26.4427880043161,26.00444904613717,"rgba(38, 166, 154, 0.5)",0.7517850648847173,25.937049033047913,0.6557073157973397,40.0531418502083,-3.544638939678464,False,True,False,True,False,3.4256425294498882,0.0,0.0,0.0,0.0,0,0.9799507995079957,0.9361623616236165,False,False,False,False,0.18885131272014213,0.21042658302086892,False,False,False,False,-136444.0,-168102.47784293332,False,False,False,False,9993.520559811373,False,False,False,False
2025-05-01 18:00:00+00:00,26.425,26.47,26.03,26.07,24082.0,,,,,,,,,,,,,26.62827424598201,26.851360467208234,26.24154120556215,26.04894417612081,25.533315850567114,25.59875094170489,25.70236133943072,26.255081281604,26.345032637751817,,,,,,,,,,,,,,,,26.432799865570004,25.787225004649287,25.518114389331846,25.66347759784006,25.70317625741399,25.70750849496644,25.716099279391738,25.778191833366712,26.042282602216304,26.160789177982135,26.308972381108486,,,,,,26.432799865570004,26.001164951488438,#000000,0.748498665497933,25.93430338158197,0.18129173059748835,36.50315779557417,-6.915216153667046,False,True,False,True,False,0.0,0.0,0.0,0.0,0.0,0,0.9744094488188978,0.9458661417322833,False,False,False,False,0.1805680391511544,0.19549731108601165,False,False,False,False,-160526.0,-167985.01307017467,False,False,False,False,10211.946597643755,False,False,False,False
2025-05-01 19:00:00+00:00,26.07,26.155,25.785,25.845,70162.0,,,,,,,,,,,,,26.393297240138565,26.701261083568774,26.215393032481597,26.040317637500358,25.55444249174773,25.613783771191912,25.71011754173547,26.247371692022533,26.335457954985483,,,,,,,,,,,,,,,,26.380722424369047,25.796383007884163,25.53863431520591,25.674811384200392,25.71217170929181,25.71582673054168,25.722839234904278,25.782529602070994,26.039379874091445,26.155133721631817,26.300139025326605,,,,,,26.380722424369047,25.981500673744524,#000000,0.7457076873379334,25.91484532858079,-0.09366314678896177,32.847657276686704,-10.353611284682962,False,True,False,True,False,0.0,0.0,0.0,0.0,0.0,0,0.9605101790532258,0.9565857247976454,False,False,False,False,0.13677374302216097,0.1661355270540863,False,False,False,False,-230688.0,-168957.15240242,False,False,False,False,11141.404789928347,False,False,False,False
2025-05-02 14:00:00+00:00,25.89,26.085,25.845,25.91,24679.0,,,,,,,,,,,,,26.34612747048964,26.6604341468334,26.20772692261601,26.03801938732216,25.561684849187706,25.61904008706763,25.712939363355197,26.24489657813388,26.33234087595464,,,,,,,,,,,,,,,,26.36551351311699,25.799737160060737,25.545689450864863,25.67884264380503,25.715421354292715,25.718845314894057,25.72531185010248,25.78418082896044,26.03855651750857,26.15336487776412,26.297277070455525,,,,,,26.36551351311699,25.9772975131393,#000000,0.7427337985411927,25.910814792768953,-0.0010970185691739592,31.4279753538005,-11.764326824587975,False,True,False,True,False,0.0,0.0,0.0,0.0,0.0,0,0.9641502508258902,0.9539948611281046,False,False,False,False,0.1359969054070557,0.15106621623057098,False,False,False,False,-206009.0,-169531.59965199488,False,False,False,False,11351.28998698372,False,False,False,False
2025-05-02 15:00:00+00:00,25.91,25.97,25.75,25.82,21933.0,,,,,,,,,,,,,26.303270150647347,26.623099866337284,26.198799185893826,26.033935065116207,25.56628597574875,25.622190236841707,25.714342237529966,26.242004610151355,26.328904795574655,,,,,,,,,,,,,,,,26.34984439707855,25.800649921697783,25.55024448825291,25.68102558248122,25.71701811763426,25.720313727821523,25.726491702568214,25.78473454427335,26.037053878665535,26.151069410453005,26.294057743235292,,,,,,26.34984439707855,25.972266781900135,#000000,0.7405678488421382,25.90580466776035,-0.11586334445183302,29.909632280026752,-13.39740501874084,False,True,False,True,False,0.0,0.0,0.0,0.0,0.0,0,0.9616984826235929,0.9588839941262849,False,False,False,False,0.11971947920528586,0.13539284771792842,False,False,False,False,-227942.0,-170437.18725428954,False,False,False,False,11515.347506565367,False,False,False,False
2025-05-02 16:00:00+00:00,25.815,26.095,25.815,26.075,14467.0,,,,,,,,,,,,,26.286757166219264,26.60465102043302,26.195528652653604,26.03339451620538,25.57080343884899,25.62556256303448,25.716270922754603,26.240827086119197,26.327353839791762,,,,,,,,,,,,,,,,26.342914007120918,25.80311165180725,25.554640372661616,25.683696447426005,25.719231122894534,25.72237950624023,25.728202634242525,25.785956406510543,26.036837780200212,26.150302721195857,26.292655066386526,,,,,,26.342914007120918,25.97105384613733,#000000,0.7380356506440285,25.90476821385006,0.2306552346101335,32.81148135288147,-13.39740501874084,False,True,False,True,True,0.0,0.0,0.0,0.0,0.0,0,0.977586850952559,0.9550491844104099,False,False,False,False,0.13444371849833014,0.13491828310812928,False,False,False,False,-213475.0,-171104.44016507574,False,False,False,False,11561.109560727144,False,False,False,False
2025-05-02 17:00:00+00:00,26.075,26.075,25.69,25.755,12502.0,,,,,,,,,,,,,26.266991374622375,26.58572241098689,26.19066558533324,26.031101750017218,25.57323262419743,25.627225830968,25.717001364526844,26.239182573135206,26.32540542061684,,,,,,,,,,,,,,,25.84,26.334566714903367,25.803511060917973,25.557057083909417,25.68483708222063,25.72005629479112,25.723138988153806,25.72881487558852,25.7862264440138,26.03596755668166,26.14899097926308,26.290827747979556,,,,,25.84,26.334566714903367,25.96240589346795,#000000,0.7364149645410071,25.892467458464818,-0.18667119095074305,32.36736504805722,-13.39740501874084,False,True,False,True,True,0.0,1.0,26.075,25.69,0.0,0,0.9754975124378112,0.9537313432835822,False,False,True,False,0.12320189890351245,0.12906009100582086,False,False,False,False,-225977.0,-171955.1775268575,False,False,True,False,11575.69700939804,False,False,False,False
2025-05-02 18:00:00+00:00,25.755,25.955,25.745,25.86,17328.0,,,,,,,,,,,,,26.24309091767949,26.561427495281084,26.184389252350314,26.02822792098543,25.576692624830397,25.62963075598179,25.718107838875955,26.23700082710181,26.322803971217667,,,,,,,,,,,,,,,25.847745222929937,26.323744931162434,25.80424769556451,25.560494482329958,25.686524281283145,25.721306611927744,25.724293839363952,25.729752890572982,25.786687993842996,26.03485526062823,26.147268778715787,26.288393498373797,,,,,25.847745222929937,26.323744931162434,25.959842242428543,#000000,0.7343646699483855,25.889894524871966,-0.04070801074085984,33.52987900248666,-13.39740501874084,False,True,False,True,True,0.0,0.0,0.0,0.0,0.0,0,0.9723330009970091,0.9598703888334995,False,False,False,False,0.11817266921257329,0.12361638010919707,False,False,False,False,-208649.0,-172524.0739993093,False,False,False,False,11664.880001500396,False,False,False,False
2025-05-02 19:00:00+00:00,25.855,26.19,25.81,26.155,40627.0,,,,,,,,,,,,,26.22025314312116,26.524641863516358,26.178841517910715,26.029083874683096,25.590061621993122,25.639899206282664,25.72433651811259,26.23457595619055,26.319345474523264,,,,,,,,,,,,,,,25.965330650846145,26.310118294018416,25.812537189875908,25.57350148702245,25.694900086385523,25.72841661466329,25.730963496064124,25.73533988604489,25.790893141970713,26.035091934904475,26.145980715106905,26.285345059664994,,,,,25.965330650846145,26.310118294018416,25.965212272995306,#000000,0.7308784483799193,25.896225238707604,0.35405991497765815,37.89585316089912,-18.190517431679044,False,True,False,True,True,0.7657775309218309,0.0,0.0,0.0,0.0,0,0.978163771712159,0.9478908188585609,False,False,False,False,0.14143824936502936,0.1325273147371132,False,False,False,False,-168022.0,-172454.2744024208,False,False,False,False,12113.905117756203,False,False,False,False
2025-05-05 14:00:00+00:00,26.51,26.82,26.51,26.78,10705.0,,,,,,,,,,,,,26.23497645938972,26.527976182590837,26.184555308492456,26.03551000324666,25.59825745259503,25.646673478192305,25.729129933719552,26.23618644801246,26.320631739011553,,,,,,,,,,,,,,,26.062670769571973,26.315239863809833,25.820332405250994,25.581330542801854,25.700958603536986,25.733914121501066,25.736155548638955,25.739746464911935,25.794692711917367,26.0375616352755,26.147952378277257,26.286758556595473,,,,,26.062670769571973,26.315239863809833,25.974819552730462,"rgba(38, 166, 154, 1.0)",0.7297334265838482,25.906808469480865,1.1965897390871467,45.892240629384176,-10.750324790305775,False,True,False,False,True,6.340825190004168,0.0,0.0,0.0,0.0,0,0.9912872745122101,0.9360657749417106,False,False,False,False,0.24681642578095045,0.18967187025903182,False,False,False,False,-157317.0,-172219.58797757706,False,False,False,False,12092.061627558433,False,False,False,False
2025-05-05 15:00:00+00:00,26.78,26.95,26.78,26.9,13652.0,,,,,,,,,,,,,26.258984732343265,26.536080928464003,26.19403903616053,26.04561109869868,25.610148302553878,25.65658523090714,25.73625086249295,26.238980452148926,26.32299696777084,,,,,,,,,,,,,,,26.179875739166512,26.32441306960033,25.831990858524733,25.59267716659213,25.709898109352313,25.742073331223903,25.743869367135517,25.74630874435924,25.80040823799467,26.041497994215916,26.151225142338692,26.289291676980962,,,,,26.179875739166512,26.32441306960033,25.988247954715483,"rgba(38, 166, 154, 1.0)",0.7282965871942887,25.921628863645953,1.3433691075268543,51.96203463670945,-5.377772256276984,False,True,True,False,True,7.336401748951271,0.0,0.0,0.0,0.0,0,1.0000000000000004,0.9307040176925914,False,False,False,False,0.27948279632969714,0.23457733329436448,False,False,False,False,-143665.0,-171776.88118722703,False,False,False,False,12116.246718604038,False,False,False,False
2025-05-05 16:00:00+00:00,26.89,26.925,26.79,26.885,3776.0,,,,,,,,,,,,,26.265208830058008,26.538192647027312,26.196578667303935,26.048329163123295,25.613372574803094,25.65927633905074,25.73818772686256,26.239736894653838,26.323635865358167,,,,,,,,,,,,,,,26.206179852588164,26.326852609301042,25.835139736613957,25.59575634456574,25.712325746708505,25.74428984428514,25.745965869128593,25.74809450993868,25.801963857964953,26.04256727968484,26.152112764452813,26.28997661240911,,,,,26.206179852588164,26.326852609301042,25.99160684456583,"rgba(38, 166, 154, 1.0)",0.7285974555625212,25.925349713031938,1.317120008643395,55.8352370668064,-2.0445323363800085,False,False,True,False,True,7.184399712073187,0.0,0.0,0.0,0.0,0,1.0173813752854606,0.9278102004567368,False,False,False,False,0.27824766665814604,0.25641249997625526,False,False,False,False,-147441.0,-171399.58070370412,False,False,False,False,11986.940567928004,False,False,False,False
2025-05-05 17:00:00+00:00,26.885,27.045,26.87,26.925,5589.0,,,,,,,,,,,,26.94666666666667,26.275385522488296,26.542018529225285,26.200747264847113,26.052709485127473,25.618417382079574,25.663500123079785,25.74124477437065,26.24099563961285,26.324717680380502,,,,,,,,,,,,,,,26.24590552478587,26.330952635418257,25.84012423829575,25.600571903491158,25.716148071974867,25.74778730140555,25.749275139301616,25.750915558578317,25.80443045996246,26.0442980404622,26.153569171169067,26.29112765747482,,,,,26.24590552478587,26.330952635418257,26.040068580463558,"rgba(38, 166, 154, 1.0)",0.7241824716548851,25.980157477674332,1.3047022805820419,58.70577276516717,0.5085645617441514,False,False,True,False,True,7.5233637349978935,0.0,0.0,0.0,0.0,0,1.0119261349063866,0.9339574249807644,False,False,False,False,0.294785899831925,0.2755991999040901,False,False,False,False,-141852.0,-170941.4786772901,False,False,False,False,11887.747690905866,False,False,False,False
2025-05-05 18:00:00+00:00,26.925,26.995,26.875,26.925,3928.0,,,,,,,,,,,,26.94047564008266,26.282202008556727,26.54456669491417,26.203591016244047,26.05571131342341,25.621900352700937,25.666417582760833,25.743357435986184,26.241858870437877,26.32545746174358,,,,,,,,,,,,,,,26.270822225511143,26.333732450947476,25.843553598889613,25.60389834471298,25.718787728008188,25.750202593678296,25.751561031153933,25.752865512332015,25.80613497731564,26.04549032082989,26.154570257611255,26.291915755376717,,,,,26.270822225511143,26.333732450947476,26.04313968969171,"rgba(38, 166, 154, 1.0)",0.7217495135850699,25.983677395663314,1.3042233996957682,60.61946323074102,2.3556134767461074,False,False,True,False,True,7.523363734997904,0.0,0.0,0.0,0.0,0,1.0055319696384928,0.9325871606844206,False,False,False,False,0.2910514054572605,0.2833253026806753,False,False,False,False,-141852.0,-170490.47900787476,False,False,False,False,11764.34074996159,False,False,False,False
2025-05-05 19:00:00+00:00,26.925,26.925,26.77,26.8,33566.0,,,,,,,,,,,,26.855702481257108,26.326994771883125,26.559761682137378,26.22380063511783,26.077714719136583,25.64871051219024,25.68888331545085,25.75961564132498,26.2480916320647,26.330675525169067,,,,,,,,,,,,,,,26.403700787494206,26.352673567157485,25.869388179721696,25.629569103558996,25.739063449536616,25.768733485322304,25.769114889274515,25.76787788943343,25.81921739112811,26.05441442066004,26.161933472882072,26.297531583444684,,,,,26.403700787494206,26.352673567157485,26.061507687970277,"rgba(38, 166, 154, 1.0)",0.7197528479708055,26.00495411647925,1.1046095694684885,60.05011190061407,2.3556134767461074,False,False,True,False,True,6.202699752591371,0.0,0.0,0.0,0.0,0,1.0064800414722657,0.935329186106791,False,False,False,False,0.2766021129859551,0.2799637078333152,False,False,False,False,-175418.0,-170566.87468217127,False,False,False,False,12102.350970892418,False,False,False,False
2025-05-06 14:00:00+00:00,26.47,26.69,26.405,26.64,4085.0,,,,,,,,,,,,26.83168083587743,26.32946383524155,26.55988053833082,26.225183556759546,26.079436415114348,25.651211015400474,25.690965398358777,25.76110143352043,26.24851579842313,26.330985823420832,,,,,,,,,,,,,,,26.40859502280035,26.353713425818345,25.87163682108517,25.631977174995637,25.740920230253206,25.77041826222699,25.770712262730907,25.769248123609724,25.820394090878803,26.055137192875694,26.162483831337948,26.297886693631003,,,,,26.40859502280035,26.353713425818345,26.06188853557687,"rgba(38, 166, 154, 0.5)",0.7166297308729895,26.005473569716656,0.8854313503158345,57.509087104904836,2.3556134767461074,False,False,True,False,False,4.540108523826774,0.0,0.0,0.0,0.0,0,0.9925045231325926,0.9405531144998708,False,False,False,False,0.22786710728168158,0.2539154075574984,False,False,False,False,-179503.0,-170705.41926074226,False,False,False,False,11978.050955839823,False,False,False,False
2025-05-06 15:00:00+00:00,26.635,26.78,26.625,26.7,4142.0,,,,,,,,,,,,26.821185441434416,26.333134682619995,26.560794680974706,26.227060678864444,26.08159866967576,25.654068168684827,25.69335864647713,25.76282899073983,26.249105184577644,26.331456144123546,,,,,,,,,,,,,,,26.416693106515453,26.355331634906307,25.874297698203915,25.634722985695593,25.74307059759328,25.77237909314414,25.772571859389384,25.770843821676557,25.82177703229956,26.056040294594315,26.16320544962486,26.298403787752086,,,,,26.416693106515453,26.355331634906307,26.06336039316217,"rgba(38, 166, 154, 0.5)",0.712593518439821,26.007205217895585,0.9722159466468979,56.518756174439446,2.3556134767461074,False,False,True,False,False,5.087846544557262,0.0,0.0,0.0,0.0,0,0.997389374755254,0.9450463385980946,False,False,False,False,0.2529002179565256,0.253407812757012,False,False,False,False,-175361.0,-170777.59880708734,False,False,False,False,11856.56179373378,False,False,False,False
2025-05-06 16:00:00+00:00,26.7,26.875,26.69,26.69,1725.0,,,,,,,,,,,,26.8189242952767,26.334846723579165,26.56130581743798,26.227919979843975,26.08256700442195,25.655310068773716,25.694401271006715,25.7635848056425,26.249377260516436,26.33167807128383,,,,,,,,,,,,,,,26.42050401758725,26.356097786787668,25.875467501794493,25.635915762310695,25.74400987854006,25.773237085036083,25.773385688012983,25.771542375661873,25.82238435596427,26.056444731530423,26.163533262739058,26.298645401931953,,,,,26.42050401758725,26.356097786787668,26.064140142985444,"rgba(38, 166, 154, 0.5)",0.7078175122378298,26.008111456536835,0.9633677207382362,55.7085252227582,2.3556134767461074,False,False,True,False,False,4.982104812239328,0.0,0.0,0.0,0.0,0,1.0167695197209554,0.9415079152133085,False,False,False,False,0.2659411116686137,0.2596744622128129,False,False,False,False,-177086.0,-170875.4034767449,False,False,False,False,11699.483316311549,False,False,False,False
2025-05-06 17:00:00+00:00,26.69,26.74,26.625,26.655,3102.0,,,,,,,,,,,,26.81087927748187,26.33731842913483,26.561842707935824,26.229228109042932,26.08409826084219,25.657377213096833,25.696132491472117,25.764833534003184,26.249789597124423,26.332002240728965,,,,,,,,,,,,,,,26.425572793802417,26.357196741693702,25.877375918489253,25.637904149407166,25.745563592756273,25.774652979493915,25.77472885338512,25.77269586107925,25.823382596602915,26.057089020048846,26.16404344602276,26.299004223517773,,,,,26.425572793802417,26.357196741693702,26.065123274416475,"rgba(38, 166, 154, 0.5)",0.7024360956474169,26.009274207509993,0.9192662457000588,54.60101357678833,2.3556134767461074,False,False,True,False,False,4.606724468180893,0.0,0.0,0.0,0.0,0,1.0224503764544834,0.9270362765229296,False,False,False,False,0.24965327457918998,0.2546638683960014,False,False,False,False,-180188.0,-171019.7848181907,False,False,False,False,11566.189001329974,False,False,False,False
2025-05-06 18:00:00+00:00,26.655,26.82,26.64,26.82,3454.0,,,,,,,,,,,,26.80793022436274,26.34072746986226,26.562894525064912,26.230958156313473,26.08604337312322,25.65986457961193,25.69822329659942,25.766352190782104,26.250341535783797,26.33245393794528,,,,,,,,,,,,,,,26.43287526104062,26.358744487298864,25.87972038764519,25.64029378657522,25.747448551634495,25.776375846106127,25.77636351329455,25.774100030868443,25.824604417587274,26.057905507946668,26.164706788492296,26.29949527100224,,,,,26.43287526104062,26.358744487298864,26.066746506315507,"rgba(38, 166, 154, 1.0)",0.6978913413449415,26.011156244800862,1.1589823619825614,56.132676567796544,2.3556134767461074,False,False,True,False,False,6.160912737690754,0.0,0.0,0.0,0.0,0,1.0256445608713636,0.910106162967048,False,False,False,False,0.25737332142700026,0.2560185949115008,False,False,False,False,-176734.0,-171108.3773016296,False,False,False,False,11440.41862921633,False,False,False,False
2025-05-06 19:00:00+00:00,26.815,26.855,26.685,26.72,15989.0,,,,,,,,,,,,26.796380215224485,26.355577733007685,26.567461644762957,26.23872290856894,26.094815952837084,25.67116530929712,25.707735685076475,25.77327551336464,26.252847829569188,26.33450012811292,,,,,,,,,,,,,,,26.46229366902069,26.365640426583074,25.890331947144524,25.651159322292607,25.756026918876223,25.784219818677972,25.783809616535066,25.78050480669587,25.830179080357862,26.061624895788842,26.167724168697973,26.30172211725237,,,,,26.46229366902069,26.365640426583074,26.073987259442934,"rgba(38, 166, 154, 1.0)",0.6921095054740136,26.01955495251928,1.0120436750843316,55.400544856350976,2.3556134767461074,False,False,True,False,False,5.067662494930914,0.0,0.0,0.0,0.0,0,1.0278551532033426,0.9101671309192202,False,False,False,False,0.2638977427673764,0.25995816883943856,False,False,False,False,-192723.0,-171443.4877310617,False,False,False,False,11510.939270623829,False,False,False,False
2025-05-07 14:00:00+00:00,27.025,27.025,26.715,26.74,4759.0,,,,,,,,,,,,26.798174278162946,26.360570811544367,26.569298757195085,26.241312659929783,26.097668504824167,25.674708798444545,25.71073019459559,25.775470257934494,26.253697590304604,26.335211287298588,,,,,,,,,,,,,,,26.471984949337447,26.368026124595,25.89370496291665,25.654564974100545,25.75873769198656,25.786705080228632,25.786170002371666,25.782537474457367,25.831956216568287,26.062840824611715,26.16872802139995,26.302487649255422,,,,,26.471984949337447,26.368026124595,26.076603959639247,"rgba(38, 166, 154, 1.0)",0.6860339864981512,26.022566574465845,1.0457695094615942,55.21340673545261,2.3556134767461074,False,False,True,False,False,5.25938027087285,0.0,0.0,0.0,0.0,0,1.0347446898297934,0.9023772682515123,False,False,False,False,0.28030667791340386,0.2701324233764212,False,False,False,False,-187964.0,-171699.61970422353,False,False,False,False,11406.258041621908,False,False,False,False
2025-05-07 15:00:00+00:00,26.74,26.87,26.71,26.87,3767.0,,,,,,,,,,,,26.79900252855523,26.364365473937156,26.5706787790468,26.24331171963559,26.09987997413319,25.677474069555263,25.713068027520094,25.777184575374807,26.254356730099214,26.335761327275055,,,,,,,,,,,,,,,26.479091925019343,26.369856301114112,25.8963292674489,25.65722388713321,25.76085369710697,25.788645073986494,25.788012926023008,25.784125490229663,25.833344328999328,26.063787994570255,26.169508413534952,26.30308049697806,,,,,26.479091925019343,26.369856301114112,26.078588318512573,"rgba(38, 166, 154, 1.0)",0.6805321314838083,26.024852915865484,1.2418915214066204,56.97574125488083,2.3556134767461074,True,False,True,False,False,6.504845107106384,0.0,0.0,0.0,0.0,1,1.0368279949202768,0.8931847043883168,False,False,False,False,0.26282480594317886,0.26647861465980005,False,False,False,False,-184197.0,-171893.37753826656,False,False,False,False,11287.819932449476,False,False,False,False
2025-05-07 16:00:00+00:00,26.855,26.895,26.77,26.88,3811.0,,,,,,,,,,,,26.801140905626895,26.368405058310078,26.572237062552247,26.245430963541658,26.102201705212195,25.68033543300927,25.715490708335434,25.77896584182445,26.255059465028456,26.336353072493274,,,,,,,,,,,,,,,26.48663683758072,26.371822874819582,25.899059912171904,25.65997463558218,25.763049770027234,25.790660532994497,25.789927870360636,25.785776218639693,25.83478977490427,26.064784011135327,26.170334548957634,26.303715774915972,,,,,26.48663683758072,26.371822874819582,26.080734226273798,"rgba(38, 166, 154, 1.0)",0.6745882828446276,26.027319654296512,1.2640011209620692,58.29193245710694,3.666894575491405,True,False,True,False,True,6.600725043727145,0.0,0.0,0.0,0.0,0,1.0324410823392496,0.9026767529822521,False,False,False,False,0.27018626898270187,0.26833244182125093,False,False,False,False,-180386.0,-172025.04610356473,False,False,False,False,11171.900243574291,False,False,False,False
2025-05-07 17:00:00+00:00,26.88,26.885,26.71,26.73,5444.0,,,,,,,,,,,,26.799616595794816,26.373195920431602,26.573849717623077,26.248067562978374,26.10516989048812,25.684143592109614,25.718710745350332,25.78132633119374,26.255936711608218,26.337075274195936,,,,,,,,,,,,,,,26.49481522194032,26.37417619924254,25.90263432026585,25.663640975742148,25.76596057378539,25.793327646967867,25.792462691105776,25.78796328341776,25.83669858202315,26.066069686226164,26.17138393051642,26.30449885412434,,,,,26.49481522194032,26.37417619924254,26.08321474123325,"rgba(38, 166, 154, 1.0)",0.6531507007098347,26.030190060833583,1.0714371712468107,56.055513102955814,3.666894575491405,True,False,True,False,False,4.889053829169374,0.0,0.0,0.0,0.0,0,1.0341805433829974,0.8954133800759569,False,False,False,False,0.26412184463257293,0.26622714322691193,False,False,False,False,-185830.0,-172239.0763965327,False,False,False,False,11083.095588635155,False,False,False,False
2025-05-07 18:00:00+00:00,26.72,26.89,26.56,26.87,8212.0,,,,,,,,,,,,26.797491639838668,26.380183719024547,26.576214611252507,26.25198301617443,26.109587009262302,25.689829441132172,25.723523542278187,25.784859981801898,26.25725017664402,26.338156062024442,,,,,,,,,,,,,,,26.50624186288175,26.377660001707603,25.90796108505326,25.66911784869153,25.770312629986666,25.797316836389736,25.79625531074719,25.791238585119476,25.839558214349996,26.067995741027413,26.172955644950186,26.305671011690944,,,,,26.50624186288175,26.377660001707603,26.08688018054677,"rgba(38, 166, 154, 1.0)",0.6305710482148346,26.0344321871472,1.3250970136011138,56.802616338329344,3.666894575491405,True,False,True,False,False,6.262249252830824,0.0,0.0,0.0,0.0,1,1.0315697164571762,0.8944752996199943,False,False,False,False,0.2516194375517087,0.2589232903893103,False,False,False,False,-177618.0,-172322.47056092753,False,False,False,False,11038.582478733835,False,False,False,False
2025-05-07 19:00:00+00:00,26.87,27.01,26.73,26.89,20777.0,,,,,,,,,,,,26.810936834218772,26.401192091891286,26.58496401887847,26.26354633639602,26.12220606422904,25.705300440852934,25.736685846129564,25.794611943628606,26.261203215602794,26.341510435903977,,,,,,,,,,,,,,,26.541076280136384,26.388441125211614,25.922726662260015,25.68401074410336,25.782274829357764,25.808319613583546,25.806722320789518,25.800290695605256,25.847508013562535,26.07352938215559,26.177573946984154,26.309260186760362,,,,,26.541076280136384,26.388441125211614,26.09835868310189,"rgba(38, 166, 154, 1.0)",0.6082597906921675,26.04761240257226,1.3849141605581867,57.60373902567234,3.666894575491405,True,False,True,False,False,6.457944162913051,0.0,0.0,0.0,0.0,1,1.0426061493411425,0.8844802342606152,False,False,False,False,0.27670548224821523,0.26781438631876275,False,False,False,False,-156841.0,-172082.4477615333,False,False,False,False,11189.565696117807,False,False,False,False
2025-05-08 14:00:00+00:00,27.255,27.525,27.195,27.42,10881.0,,,,,,,,,,,,26.857412326460555,26.42241244201986,26.59690673015286,26.274265459528422,26.132949823410872,25.716655655681237,25.74645072606706,25.80199338261252,26.26493001851827,26.344887123551374,,,,,,,,,,,,,,,26.58045290691237,26.39953481007127,25.934267373620486,25.69489471703767,25.791270897434437,25.816665605205372,25.814664267528222,25.807160103113496,25.8536354136428,26.078194592213425,26.181692476998617,26.312773399516384,,,,,26.58045290691237,26.39953481007127,26.110185011422615,"rgba(0, 255, 0, 1.0)",0.5900050160115784,26.061000255737497,2.3033698144624513,63.4942891287475,9.13992191385519,True,False,True,False,True,11.357442713152412,0.0,0.0,0.0,0.0,0,1.0491874637260592,0.8697040046430646,False,False,False,False,0.342828236801658,0.30532131156021036,False,False,False,False,-145960.0,-171677.448571432,False,False,False,False,11184.78173183691,False,False,False,False
2025-05-08 15:00:00+00:00,27.42,27.67,27.37,27.56,6879.0,,,,,,,,,,,,26.890598113387096,26.437432882905014,26.60571603194227,26.281861654123464,26.140471442291172,25.72440982270648,25.753138327612515,25.807074600751577,26.267595560071456,26.347325119325408,,,,,,,,,,,,,,,26.60791358748778,26.407498029462097,25.942233468926247,25.702323395431762,25.79745003239019,25.822409426308113,25.820131739406907,25.81189260371358,25.857870568603527,26.081472171024323,26.184613010943764,26.31529999766287,,,,,26.60791358748778,26.407498029462097,26.118487799385345,"rgba(0, 255, 0, 1.0)",0.5701760278217631,26.070385016874695,2.6125528090264725,68.28497652023134,13.44179181586032,True,False,True,False,True,12.560482894930978,0.0,0.0,0.0,0.0,0,1.065394698514419,0.8571220506845325,False,False,False,False,0.34282823728045825,0.3240747744203343,False,False,False,False,-139081.0,-171172.0772757509,False,False,False,False,11118.02542591696,False,False,False,False
2025-05-08 16:00:00+00:00,27.56,27.6,27.505,27.58,3436.0,,,,,,,,,,,,26.9066611980364,26.44497443761783,26.61018693376092,26.285706790984367,26.144274057190493,25.728318502245923,25.756512881905053,25.80964294549008,26.268952493198206,26.348568137104802,,,,,,,,,,,,,,,26.62144769881389,26.411532894344152,25.94625314151349,25.706068588260376,25.80057017871202,25.825311317451824,25.82289463700511,25.814285488561,25.86001364166337,26.083135610626897,26.18609761686695,26.316587363331593,,,,,26.62144769881389,26.411532894344152,26.122636207031125,"rgba(0, 255, 0, 1.0)",0.5473709646783171,26.075073521939977,2.749372135484839,71.60096621832358,16.307066739051805,True,False,True,False,True,12.732065341568891,0.0,0.0,0.0,0.0,0,1.0665185185185186,0.868,False,False,False,False,0.3428282374083308,0.33345150591433254,False,False,False,False,-135645.0,-170621.26987612684,False,False,False,False,10998.924256522898,False,False,False,False
2025-05-08 17:00:00+00:00,27.58,27.675,27.505,27.595,10155.0,,,,,,,,,,,,26.951919397618315,26.467266584476526,26.623568466234445,26.297201163013753,26.15562994061539,25.739961339854663,25.766577607427898,25.81731908091711,26.27303897218226,26.35231749535998,,,,,,,,,,,,,,,26.660500116928464,26.423601403061443,25.95823585453659,25.71722726723528,25.80988350186349,25.833978657976775,25.83114930640767,25.82144025422,25.866427147994443,26.08812938854705,26.190561961266113,26.32046794044947,,,,,26.660500116928464,26.423601403061443,26.134836493099417,"rgba(0, 255, 0, 1.0)",0.5355075221751816,26.08886075532596,2.812545449513466,73.91162549396847,18.309958610366593,True,False,True,False,True,12.862742772445458,0.0,0.0,0.0,0.0,0,1.0668349918312787,0.8528144957671171,False,False,False,False,0.3428282369881563,0.3381398714512444,False,False,False,False,-125490.0,-169921.56026564425,False,False,False,False,10985.840159522542,False,False,False,False
2025-05-08 18:00:00+00:00,27.595,27.61,27.5,27.54,7406.0,,,,,,,,,,,,26.979412833292983,26.482402763201275,26.63268951242501,26.3051914386678,26.163562959850303,25.748172072746932,25.773682440210433,25.82274520018668,26.275909668568204,26.354946205027268,,,,,,,,,,,,,,,26.685866740855687,26.431939967180618,25.966645198545347,25.72510326764543,25.816457415351856,25.84009769189065,25.83697964967338,25.826500014031062,25.870962373229816,26.09165018129787,26.193703655220773,26.323190891872176,,,,,26.685866740855687,26.431939967180618,26.143082370044166,"rgba(0, 255, 0, 1.0)",0.5247532496067719,26.098185437148867,2.7476048293775546,74.04387954747182,18.456082795092414,True,False,True,False,True,12.178217532029162,0.0,0.0,0.0,0.0,0,1.0660165041260314,0.8604651162790697,False,False,False,False,0.3353651297661364,0.33675250060869044,False,False,False,False,-132896.0,-169347.52057160327,False,False,False,False,10930.338761700488,False,False,False,False
2025-05-08 19:00:00+00:00,27.54,27.62,27.37,27.385,12651.0,,,,,,,,,,,,27.014282152956024,26.50516451490196,26.646345465456204,26.317619355318705,26.176025139963738,25.76132189825327,25.785069333766454,25.83144819615583,26.280433009357246,26.359067604896946,,,,,,,,,,,,,,,26.72174904901082,26.444757270596355,25.979986581802574,25.737733696302282,25.82698511487375,25.84989497695479,25.846320055239254,25.834618897463155,25.878233348431557,26.09724978713937,26.198676419592353,26.32746899935506,,,,,26.72174904901082,26.444757270596355,26.155475039444898,"rgba(0, 255, 0, 1.0)",0.5139021097235061,26.11221756083135,2.4767021093831354,70.52312673136453,18.456082795092414,True,False,True,False,False,10.267867092200103,0.0,0.0,0.0,0.0,0,1.058925750394945,0.9058451816745657,False,False,False,False,0.32265403999839265,0.3297032703035415,False,False,False,False,-145547.0,-168978.52025266367,False,False,False,False,10957.015680123737,False,False,False,False
2025-05-09 14:00:00+00:00,27.41,27.445,27.015,27.085,10030.0,,,,,,,,,,,,27.023416953228715,26.517446675705145,26.653274326785514,26.324939742871756,26.183641001808585,25.76992813465449,25.79251359364036,25.837120332760655,26.283158122162668,26.361496433786876,,,,,,,,,,,,,,,26.738085214381663,26.45198154769236,25.988447531473017,25.746028060139945,25.83383690838006,25.856256926455064,25.852391317585454,25.839911507070983,25.882949685425697,26.10076097042212,26.201731396825217,26.330013719692566,,,,,26.738085214381663,26.45198154769236,26.16224227740677,"rgba(0, 255, 255, 0.75)",0.491989599245407,26.119921970396426,1.9615821779236207,63.079584940861,19.37972244624865,True,False,True,False,False,6.73071419973342,0.0,0.0,0.0,0.0,0,0.996987474234977,0.918186142381481,False,False,False,False,0.26764114472698886,0.2986722075152652,False,False,False,False,-155577.0,-168770.74474487043,False,False,False,False,10942.643343997788,False,False,False,False
2025-05-09 15:00:00+00:00,27.085,27.105,27.005,27.065,4943.0,,,,,,,,,,,,27.024331438219825,26.52224327049351,26.65584172910333,26.32798913875509,26.186893394645992,25.77376402967164,25.795830036473934,25.839643380946914,26.284311548711383,26.362508940792328,,,,,,,,,,,,,,,26.74359468445861,26.454896969891518,25.992147116297183,25.749732588208285,25.836881528146794,25.85908025201126,25.85508737464926,25.842266198985804,25.8850419257995,26.10228651909074,26.20304137131126,26.331081436844933,,,,,26.74359468445861,26.454896969891518,26.1649315851595,"rgba(0, 255, 255, 0.75)",0.4732903038427901,26.12299588980428,1.9903304642991828,57.83220121607364,14.784370298028577,True,False,True,False,False,6.500722291915583,0.0,0.0,0.0,0.0,0,0.9975880366618428,0.9268371120758966,False,False,False,False,0.23217922508221162,0.2654257162987384,False,False,False,False,-160520.0,-168642.82622169412,False,False,False,False,10849.625617734257,False,False,False,False
2025-05-09 16:00:00+00:00,27.065,27.07,26.965,27.02,2419.0,,,,,,,,,,,,27.02425553230447,26.52438691055676,26.656962647028244,26.329390999353887,26.188403593936933,25.775574728751174,25.797395487427718,25.84083391024314,26.284845655560805,26.36297494626463,,,,,,,,,,,,,,,26.74588844021076,26.45621962383435,25.993880731444037,25.751482711652397,25.838317376845907,25.86041117678169,25.856358664476993,25.843377427172786,25.886028297561264,26.103000158664063,26.203651072866602,26.33157413842449,,,,,26.74588844021076,26.45621962383435,26.1661461014256,"rgba(0, 255, 255, 0.75)",0.4504075031777404,26.124386327778932,1.9884519371952802,53.65574189047604,11.164770350715592,False,False,False,False,False,5.97754568847909,0.0,0.0,0.0,0.0,0,1.0216198237152836,0.9201729585897224,False,False,False,False,0.22465713372232884,0.2450414250105336,False,False,False,False,-162939.0,-168554.3948074043,False,False,False,False,10718.918243815895,False,False,False,False
2025-05-09 17:00:00+00:00,27.025,27.17,27.025,27.09,3959.0,,,,,,,,,,,,27.025691023991715,26.528393936813924,26.659168336014893,26.331927032086334,26.191090657181775,25.778708943568464,25.800109252119977,25.842903707791997,26.28580930641539,26.363825250357362,,,,,,,,,,,,,,,26.750594389720995,26.45866438939948,25.996916798760502,25.754509326445902,25.840811999967904,25.862726608367197,25.858570190835348,25.845309943105566,25.88774797348538,26.1042633499429,26.20474068091915,26.33246883389737,,,,,26.750594389720995,26.45866438939948,26.16840690596316,"rgba(0, 255, 0, 1.0)",0.44937572313202134,26.126966301938275,2.143047896200652,52.14688220048445,9.862825493415734,False,False,False,False,False,6.673745531441416,0.0,0.0,0.0,0.0,0,1.0257870060281313,0.9129269926322842,False,False,False,False,0.24073562739307355,0.24288852620180357,False,False,False,False,-158980.0,-168405.9545778321,False,False,False,False,10614.113309803246,False,False,False,False
2025-05-09 18:00:00+00:00,27.09,27.095,26.97,27.09,9989.0,,,,,,,,,,,,27.02695612991513,26.537503920027373,26.664092409924848,26.337892508815408,26.197478496149788,25.78629296023527,25.806678739639445,25.84791610901057,26.288100885840446,26.36583527875392,,,,,,,,,,,,,,,26.760497352546032,26.464335979788387,26.00420385562135,25.761840635708456,25.84684645547051,25.868326193380348,25.863920841221965,25.849991317333412,25.89191027714243,26.10729749144048,26.207344837461285,26.334589200516525,,,,,26.760497352546032,26.464335979788387,26.1736296307247,"rgba(0, 255, 0, 1.0)",0.4436433109912431,26.13293470964112,2.157285518901402,51.14097574049006,8.781297440626247,False,False,False,False,False,6.673745531441416,0.0,0.0,0.0,0.0,0,1.0290589626626119,0.910964689981416,False,False,False,False,0.22348305222022238,0.23318578921101296,False,False,False,False,-158980.0,-168259.81574716803,False,False,False,False,10604.42163058149,False,False,False,False
2025-05-09 19:00:00+00:00,27.08,27.19,27.075,27.13,9358.0,,,,,,,,,,,,27.031525277912486,26.547039119382312,26.66952396114445,26.344008523673036,26.203929845289025,25.79376040489067,25.813162444939582,25.85288389055447,26.290458926620587,26.367926118499756,,,,,,,,,,,,,,,26.7715928542983,26.470262184617702,26.01145429077661,25.76905539568197,25.85281717310111,25.873875840047212,25.869224839992714,25.854633911010033,25.89604985403514,26.11036169352652,26.209999789236047,26.336784664313765,,,,,26.7715928542983,26.470262184617702,26.179105954706525,"rgba(0, 255, 0, 1.0)",0.43813401421745235,26.13917325012337,2.2614695908655627,51.28695184275874,8.58786046572748,False,False,False,False,False,7.081353201341955,0.0,0.0,0.0,0.0,0,1.0304585900068446,0.9125598904859687,False,False,False,False,0.2413109071448145,0.23724834817791374,False,False,False,False,-149622.0,-167970.857363491,False,False,False,False,10585.097264215885,False,False,False,False
2025-05-12 14:00:00+00:00,27.595,27.79,27.435,27.7,10467.0,,,,,,,,,,,,27.059918772202042,26.5663411715421,26.681993087016426,26.35509629612698,26.214950136196343,25.80516186124815,25.823115947832612,25.86059297700529,26.294670437437862,26.371803901989942,,,,,,,,,,,,,,,26.7997433848614,26.481783156571993,26.023096424459847,25.780022508912364,25.862067255677093,25.882519274361584,25.877480557182285,25.861844958021702,25.902544997503345,26.115468050138706,26.21458460151624,26.340792410882415,,,,,26.7997433848614,26.481783156571993,26.189799644031215,"rgba(0, 255, 0, 1.0)",0.43962271908423656,26.151246473186195,3.5229151260425335,58.416089163697336,8.58786046572748,True,False,True,False,True,12.502672292698168,0.0,0.0,0.0,0.0,0,1.0269628624724436,0.9011361709343735,False,False,False,False,0.34282823058087797,0.29003828937939585,False,False,False,False,-139155.0,-167524.09988498728,False,False,False,False,10583.266298879205,False,False,False,False
2025-05-12 15:00:00+00:00,27.7,27.735,27.54,27.565,14187.0,,,,,,,,,,,,27.092754255363644,26.590780606858345,26.697907747515966,26.369501323307446,26.229328832485344,25.820157727517188,25.836227725053686,25.870771898254436,26.300217806720045,26.37690589151879,,,,,,,,,,,,,,,26.833922835850355,26.496668992583032,26.0383416900418,25.794460783851125,25.874256002213524,25.893914045287854,25.888370632174382,25.87137231832859,25.91112959066389,26.122207618034547,26.22062974509667,26.346067926756508,,,,,26.833922835850355,26.496668992583032,26.20344981797624,"rgba(0, 255, 0, 1.0)",0.43602259425697604,26.16665796495392,3.2070403081496015,60.64925898979881,3.0912249006779575,True,False,True,False,True,10.846627718000871,0.0,0.0,0.0,0.0,0,1.0261538461538462,0.9080341880341881,False,False,False,False,0.34282822960274456,0.3164332594910702,False,False,False,False,-153342.0,-167304.22236739058,False,False,False,False,10639.13813920666,False,False,False,False
2025-05-12 16:00:00+00:00,27.57,27.87,27.57,27.86,2782.0,,,,,,,,,,,,27.100504922306925,26.596138525968907,26.701477042913037,26.372630946677663,26.232422362899104,25.823318179448304,25.838996292582674,25.87292850349555,26.301426534916203,26.378024915308252,,,,,,,,,,,,,,,26.84154407085641,26.499936751417394,26.041584708759856,25.79750186372034,25.876835270553514,25.896328626674194,25.8906785196433,25.87339182620371,25.912953622861696,26.123657277181266,26.221938883097323,26.347221853519276,,,,,26.84154407085641,26.499936751417394,26.20642915913659,"rgba(0, 255, 0, 1.0)",0.4379370969680233,26.17001647826391,3.8589640691240317,64.50580417773534,6.830214566432602,True,False,True,False,True,13.444281587120496,0.0,0.0,0.0,0.0,0,1.0221497252747254,0.9079670329670331,False,False,False,False,0.34282823009166374,0.329630744791367,False,False,False,False,-150560.0,-167044.62202060933,False,False,False,False,10517.32204402516,False,False,False,False
2025-05-12 17:00:00+00:00,27.86,27.91,27.78,27.81,3806.0,,,,,,,,,,,,27.11185684593824,26.603802990522972,26.7066248936455,26.377093555501858,26.236817475133343,25.827773101960446,25.842901624862176,25.875974563977625,26.303152040136066,26.379626271074738,,,,,,,,,,,,,,,26.85250800202156,26.504614016444613,26.046172454668447,25.80178748571851,25.880476626856613,25.899739286403275,25.893938601144143,25.876244755600474,25.915532780941323,26.125716696928546,26.223803442709464,26.34887148721465,,,,,26.85250800202156,26.504614016444613,26.210683136336566,"rgba(0, 255, 0, 1.0)",0.4486600872305797,26.174809088985832,3.644609711346563,66.17709711407016,8.566166259389647,True,False,True,False,True,12.829214197960873,0.0,0.0,0.0,0.0,0,1.0267888005530592,0.9047701348081577,False,False,False,False,0.3428282292870619,0.33622948703921446,False,False,False,False,-154366.0,-166848.05423734407,False,False,False,False,10413.270539466632,False,False,False,False
2025-05-12 18:00:00+00:00,27.81,27.88,27.785,27.8,5319.0,,,,,,,,,,,,27.126897574002296,26.61425644389649,26.7136675303363,26.383235098446697,26.242874911286165,25.833929984687405,25.848302050355834,25.8801904226707,26.305538647707724,26.38184040600394,,,,,,,,,,,,,,,26.867253001227088,26.511039017060508,26.0525031506493,25.807712410587186,25.885512616975888,25.904457075438604,25.898449077882407,25.88019423949424,25.91910379102952,26.128566893420455,26.226383168161565,26.351152703634565,,,,,26.867253001227088,26.511039017060508,26.2165027370434,"rgba(0, 255, 0, 1.0)",0.4597304537334527,26.181365298763247,3.5208341933667566,67.09804297525213,9.74083637287886,True,False,True,False,True,12.704739830696724,0.0,0.0,0.0,0.0,0,1.0182863113897598,0.913793103448276,False,False,False,False,0.3396904299820817,0.3379599585106481,False,False,False,False,-159685.0,-166736.99913288912,False,False,False,False,10334.28960087025,False,False,False,False
2025-05-12 19:00:00+00:00,27.805,27.97,27.79,27.93,17618.0,,,,,,,,,,,,27.17738165788772,26.649708355562527,26.737909242607348,26.4042513032841,26.2635498752896,25.854813805970508,25.866653032793167,25.89455940089686,26.313778867230813,26.389505420678834,,,,,,,,,,,,,,,26.91664018880341,26.53307243177283,26.074028944008138,25.827813231527152,25.902647171991394,25.92052450270836,25.91381622506439,25.893663224057253,25.93129952608881,26.138354676093826,26.23526769777379,26.359041328013397,,,,,26.91664018880341,26.53307243177283,26.23628545955019,"rgba(0, 255, 0, 1.0)",0.4741548384343301,26.203633294960163,3.6409344903878624,68.83746723387253,11.76298999120879,True,False,True,False,True,13.85428030720605,0.0,0.0,0.0,0.0,0,1.0149018232819074,0.9156732117812063,False,False,False,False,0.342828229581946,0.34039409404629706,False,False,False,False,-142067.0,-166354.51852617765,False,False,False,False,10447.215343492417,False,False,False,False
2025-05-13 14:00:00+00:00,28.03,28.14,27.985,28.13,6583.0,,,,,,,,,,,,27.19909118105163,26.664382644051788,26.748145244075488,26.412927191306203,26.272018726586467,25.86321874802013,25.87405415217405,25.900376101446874,26.317199717822607,26.392705004447134,,,,,,,,,,,,,,,26.937215758713915,26.542238882368988,26.082761528416267,25.8358997378522,25.909572484234204,25.927027662700983,25.920037338687603,25.8991187469446,25.936250955893467,26.142372901002283,26.23893678525446,26.36232680545577,,,,,26.937215758713915,26.542238882368988,26.244449013568502,"rgba(0, 255, 0, 1.0)",0.4936898030357675,26.212809379983703,3.8833911663299974,71.45832539917308,14.585688219899922,True,False,True,False,True,15.57572750129058,0.0,0.0,0.0,0.0,0,1.0138329539485205,0.9080721414813518,False,False,False,False,0.3428282310138904,0.3416111625300937,False,False,False,False,-135484.0,-165875.9058358493,False,False,False,False,10387.305028089433,False,False,False,False
2025-05-13 15:00:00+00:00,28.115,28.27,28.1,28.27,3499.0,,,,,,,,,,,,27.211823928931498,26.672754483957434,26.754039058389466,26.417853388593468,26.276804490609646,25.8679169711475,25.878195108172328,25.90363612218973,26.319144203500237,26.394529333050414,,,,,,,,,,,,,,,26.949049982286745,26.547468736071174,26.08766780457392,25.840418252750844,25.913451664597346,25.93067296166074,25.923524650924406,25.902177022836952,25.939030117335626,26.144642572859834,26.241016223442955,26.364197732896113,,,,,26.949049982286745,26.547468736071174,26.249091582308107,"rgba(0, 255, 0, 1.0)",0.5168303170059282,26.218023942907706,3.9703089961511617,74.06669050159356,17.33729993981926,True,False,True,False,True,16.747158528244647,0.0,0.0,0.0,0.0,0,1.0192982456140351,0.903684210526316,False,False,False,False,0.34282823188588557,0.3422196972079896,False,False,False,False,-131985.0,-165350.4654352935,False,False,False,False,10280.509601297348,False,False,False,False
2025-05-13 16:00:00+00:00,28.255,28.35,28.23,28.33,9561.0,,,,,,,,,,,28.30333333333333,27.24802482326088,26.696485560137383,26.770883196649855,26.431845642124628,26.290364245517086,25.881148537226792,25.88986908442676,25.912842720167536,26.32468871113342,26.39974146004835,,,,,,,,,,,,,,,26.98251954585715,26.56235688875567,26.10152244328655,25.85314292293973,25.92439739387154,25.940965105022784,25.933372271510787,25.91081649903875,25.94688883388258,26.151087862663655,26.246934270381292,26.36953868549918,,,,,26.98251954585715,26.56235688875567,26.3509900015972,"rgba(0, 255, 0, 1.0)",0.5406303211474678,26.35061410303494,3.661255796315468,76.15602024596821,19.578550167426684,True,False,True,False,True,17.245055129604577,0.0,0.0,0.0,0.0,0,1.0187776793622676,0.9117803365810453,False,False,False,False,0.34282823258318784,0.34252396489558873,False,False,False,False,-122424.0,-164684.93883939748,False,True,False,False,10269.354413680334,False,False,False,False
2025-05-13 17:00:00+00:00,28.33,28.33,28.14,28.16,4166.0,,,,,,,,,,,28.27500764915859,27.26172860445077,26.706023020913847,26.77766857936176,26.437576888787103,26.29594469883155,25.886648615569165,25.894725331519254,25.91667647208854,26.326981428235054,26.401892724465142,,,,,,,,,,,,,,,26.99559688330596,26.568421839868574,26.107251646846247,25.858436749501326,25.928949570852893,25.945245731019305,25.937469733056442,25.91441545241174,25.950161801770914,26.153762969556286,26.249385765649272,26.37174482154123,,,,,26.99559688330596,26.568421839868574,26.35485725994613,"rgba(0, 255, 0, 1.0)",0.5577334036521556,26.355018653011122,3.23627979814277,73.8206024496881,19.578550167426684,True,False,True,False,True,15.020540536477448,0.0,0.0,0.0,0.0,0,1.0177588350204227,0.9101402947966615,False,False,False,False,0.33086734234783644,0.3366956536217126,False,False,False,False,-126590.0,-164094.3196325851,False,False,False,False,10174.728763855834,False,False,False,False
2025-05-13 18:00:00+00:00,28.16,28.19,28.1,28.175,2801.0,,,,,,,,,,,28.25466995401742,27.27020310250809,26.712136175586046,26.782021051756736,26.44129062162891,26.299571208032265,25.890244801969693,25.897901712592112,25.919185254145034,26.328474865206715,26.403292339700208,,,,,,,,,,,,,,,27.003842692159566,26.57233877125672,26.110985893516254,25.861899756308528,25.931926483451004,25.948045056645118,25.94014989507417,25.916771049115564,25.952303628512237,26.155509662153378,26.250984442012424,26.373180850050463,,,,,27.003842692159566,26.57233877125672,26.357257794234723,"rgba(0, 255, 0, 1.0)",0.5743168915257144,26.35775037062599,3.164193246251831,72.40384192015503,19.578550167426684,True,False,True,False,False,15.150488368180778,0.0,0.0,0.0,0.0,0,1.0162326079200856,0.913307170888334,False,False,False,False,0.3114885671122382,0.3240921103669754,False,False,False,False,-123789.0,-163469.4309561109,False,False,False,False,10060.407387672021,False,False,False,False
2025-05-13 19:00:00+00:00,28.18,28.23,28.13,28.195,7681.0,,,,,,,,,,,28.232565161716714,27.293398717838684,26.728981349263663,26.794074356599694,26.45156946984505,26.30960336373049,25.900177995396902,25.906681630389386,25.926128081051473,26.332624786998373,26.407184507110905,,,,,,,,,,,,,,,27.02643822828147,26.583183083766112,26.1213058154889,25.871466307924553,25.940158786864547,25.955789055163166,25.947565498203524,25.923291548805203,25.95823542948986,26.160355527895813,26.25542351432764,26.377173038955696,,,,,27.02643822828147,26.583183083766112,26.365364141526424,"rgba(0, 255, 0, 1.0)",0.5904851265565889,26.366988406292826,3.095779235570614,71.66258920185564,19.578550167426684,True,False,True,False,False,15.326386605323545,0.0,0.0,0.0,0.0,0,1.0170373027259683,0.9130200860832139,False,False,False,False,0.3189971237715422,0.3215446170692588,False,False,False,False,-116108.0,-162735.14520485338,False,False,False,False,10023.51735065385,False,False,False,False
2025-05-14 14:00:00+00:00,28.08,28.145,28.01,28.08,16643.0,,,,,,,,,,,28.16973151049316,27.334277735533384,26.761611624825278,26.81754425832286,26.472085659704224,26.329762926149105,25.92041754624768,25.924596436713358,25.94032308669027,26.34103924734532,26.415057379674902,,,,,,,,,,,,,,,27.068304337185925,26.60465522522904,26.142180417797857,25.890983599239906,25.956953718684,25.971591821747037,25.96270848830447,25.936631884791094,25.970370261019383,26.170227427123617,26.264444557435375,26.38525630370542,,,,,27.068304337185925,26.60465522522904,26.380467628433156,"rgba(0, 255, 0, 1.0)",0.6030660251004821,26.384166973018903,2.8120188443687195,68.48404764719388,24.3211257476607,True,False,True,False,False,13.795186089438246,0.0,0.0,0.0,0.0,0,1.004843918191604,0.9183710082526015,False,False,False,False,0.2971025190612369,0.30932356806524786,False,False,False,False,-132751.0,-162270.27473656108,False,False,False,False,10126.14498862821,False,False,False,False
2025-05-14 15:00:00+00:00,28.08,28.09,27.97,28.015,14374.0,,,,,,,,,,,28.13206137809486,27.364008683118577,26.787458106084763,26.836306068340132,26.488818160215768,26.346287938949104,25.937172860888353,25.939455364126857,25.95213090836443,26.34802041924668,26.421581336154787,,,,,,,,,,,,,,,27.10009738755963,26.622056328472528,26.159367156882052,25.907160024216374,25.970888658510553,25.984711223586604,25.975289456618437,25.94773764903069,25.980477111453794,26.178435997548355,26.271937201034152,26.39195800314856,,,,,27.10009738755963,26.622056328472528,26.3931920618107,"rgba(0, 255, 0, 1.0)",0.613634263229224,26.39862212739452,2.6341062901203727,64.95673233364502,20.840282731675913,True,False,True,False,False,12.935438819660941,0.0,0.0,0.0,0.0,0,0.9987446197991391,0.9219870875179342,False,False,False,False,0.28705047346421664,0.29818702076473225,False,False,False,False,-147125.0,-162035.4642755291,False,False,False,False,10192.003205858779,False,False,False,False
2025-05-14 16:00:00+00:00,28.015,28.06,27.95,27.995,10508.0,,,,,,,,,,,28.11121695013235,27.383461406702263,26.805349870614787,26.849394899261814,26.500641596518445,26.35800091599942,25.94911885641976,25.95006547886012,25.96058241979612,26.353016934145028,26.426248348740113,,,,,,,,,,,,,,,27.121480713222166,26.634302759519247,26.171579499408068,25.918702765514308,25.980843071883655,25.994088003915735,25.98428638388947,25.955691622746524,25.987719349544157,26.18431573703692,26.27730204255196,26.39675316236323,,,,,27.121480713222166,26.634302759519247,26.402354903860243,"rgba(0, 255, 0, 1.0)",0.6233021767998776,26.40902100331443,2.544478514142554,62.161304266730575,18.118797725972684,False,False,True,False,False,12.668926288115358,0.0,0.0,0.0,0.0,0,1.001625428932635,0.925952681957739,False,False,False,False,0.28178263483418153,0.2899848277994569,False,False,False,False,-157633.0,-161967.2090154434,False,False,False,False,10196.902380961743,False,False,False,False
2025-05-14 17:00:00+00:00,27.995,27.995,27.845,27.93,10011.0,,,,,,,,,,,28.086384909895045,27.398708902505774,26.82082727976321,26.86076475343032,26.511156246808586,26.368482239443015,25.9599424860569,25.959690612907814,25.968263081698375,26.35752427886882,26.43044924461907,,,,,,,,,,,,,,,27.139199091200705,26.645112527713096,26.18257297774179,25.92917271899012,25.98987220513297,26.002595132728096,25.992453833920916,25.962924361846845,25.99430444208299,26.189642281683778,26.28215149620095,26.40107334373809,,,,,27.139199091200705,26.645112527713096,26.410142106477274,"rgba(0, 255, 0, 1.0)",0.6310905904330968,26.417842446050564,2.3961022028734287,58.83504794935102,14.934190861136585,False,True,True,False,False,11.7965309174526,0.0,0.0,0.0,0.0,0,0.9969247467438495,0.9251085383502171,False,False,False,False,0.26398352584894513,0.276984176824201,False,False,False,False,-167644.0,-162055.22127876987,False,False,False,False,10194.020173504972,False,False,False,False
2025-05-14 18:00:00+00:00,27.93,28.02,27.93,27.985,6047.0,,,,,,,,,,,28.078396501695355,27.408431236575698,26.830426413997206,26.867866149661722,26.517676952385436,26.374967161601962,25.966604576467358,25.96562075382664,25.97300312014611,26.360329555195882,26.433068397928025,,,,,,,,,,,,,,,27.15025170678509,26.6518318182538,26.189354539917208,25.935617096178298,25.995439563373665,26.00784359688506,25.99749359569981,25.96738933921475,25.9983732021826,26.192945495409106,26.28516462340947,26.40376491824364,,,,,27.15025170678509,26.6518318182538,26.415298274566695,"rgba(0, 255, 0, 1.0)",0.6398909183503448,26.423685641914535,2.439969553108478,57.71351058238167,13.771497164020559,False,True,True,False,False,12.334944921883846,0.0,0.0,0.0,0.0,0,0.9989130434782608,0.9228260869565219,False,False,False,False,0.27548125330737094,0.27623271506578595,False,False,False,False,-161597.0,-162048.11707289747,False,False,False,False,10129.725287094043,False,False,False,False
2025-05-14 19:00:00+00:00,27.975,27.995,27.825,27.87,24154.0,,,,,,,,,,,28.036964994745748,27.439088821470573,26.864613337970532,26.893332359762205,26.541730546011088,26.39906425628825,25.99171980948821,25.988017287244265,25.99095364793261,26.3708779719224,26.442894200117923,,,,,,,,,,,,,,,27.187559094304632,26.676397347398915,26.214725750921936,25.959945916484426,26.01646694225598,26.027675264530142,26.016552174251448,25.98431219152409,26.013796722440844,26.205420971768078,26.29651876429081,26.413872172189865,,,,,27.187559094304632,26.676397347398915,26.433586980231087,"rgba(0, 255, 0, 1.0)",0.6461785238496742,26.444363493176002,2.206257952261589,54.39156823964255,10.513089540995914,False,True,True,False,False,10.77593116370359,0.0,0.0,0.0,0.0,0,0.9953034682080923,0.9223265895953758,False,False,False,False,0.26190042208207115,0.2690665685739285,False,False,False,False,-185751.0,-162415.6036299068,False,False,False,False,10347.155902798011,False,False,False,False
2025-05-15 14:00:00+00:00,27.88,27.925,27.79,27.88,10040.0,,,,,,,,,,,28.022079331413558,27.44992265914709,26.877770664563702,26.90322813591404,26.55125575297334,26.408650446949732,26.001797722113665,25.997022717020233,25.99819453578999,26.37512997715313,26.44685162292966,,,,,,,,,,,,,,27.865000000000002,27.201347059455525,26.68606782353515,26.22485680629458,25.96971942826037,26.02492617630963,26.035659020815103,26.02423056145828,25.99114437751724,26.02002767811586,26.21045692104867,26.301098889566244,26.417944397704705,,,,,27.201347059455525,26.68606782353515,26.50018261275206,"rgba(0, 255, 0, 1.0)",0.652147374600294,26.546245457253104,2.0451735216512423,52.410971605516714,8.526353938845794,False,True,False,False,False,10.877497186507988,0.0,0.0,0.0,0.0,0,0.9951201879631303,0.9258991505512381,False,False,False,False,0.25100005074672926,0.2600333096603289,False,False,False,False,-175711.0,-162621.73380618732,False,False,False,False,10342.393795777885,False,False,False,False
2025-05-15 15:00:00+00:00,27.88,28.03,27.85,27.99,13437.0,,,,,,,,,,,28.01528803484182,27.466605952205946,26.896433167483043,26.917393586892782,26.564665920572715,26.422080907214543,26.015772288930155,26.00952560073275,26.008269824837342,26.38113071485155,26.452453820782793,,,,,,,,,,,,,,27.917465178685525,27.22137592998243,26.699754085241082,26.238969624211364,25.983269030273355,26.03668515143512,26.04676612143611,26.03491443675712,26.000654435000673,26.02871259844229,26.217519905432827,26.307543840817683,26.423701805012147,,,,,27.22137592998243,26.699754085241082,26.512789665086384,"rgba(0, 255, 0, 1.0)",0.6598174058092632,26.56067241914248,2.16624715909768,53.540440900653714,8.526353938845794,False,True,True,False,False,11.99586913265576,0.0,0.0,0.0,0.0,0,0.9947728911319395,0.9232155731795243,False,False,False,False,0.2681564801376425,0.2640948948989857,False,False,False,False,-162274.0,-162616.34258438594,False,False,False,False,10390.372186541019,False,False,False,False
2025-05-15 16:00:00+00:00,27.985,28.07,27.945,28.05,17659.0,,,,,,,,,,,28.016053867910415,27.48962577413287,26.921444367942833,26.936569394662015,26.58271031427098,26.44011369703532,26.03444173888662,26.0262568708312,26.02179076698689,26.38927053330806,26.46006878200013,,,,,,,,,,,,,,27.96219714281084,27.248326026416766,26.71820586027485,26.257859470751146,26.00137484612566,26.05243877473976,26.061659494312366,26.04924578496859,26.013424264272224,26.04038946185272,26.227059393110807,26.316268775468405,26.431521096242026,,,,,27.248326026416766,26.71820586027485,26.52909652080473,"rgba(0, 255, 0, 1.0)",0.6684380745134999,26.579279936177432,2.200233828530762,55.47871773164724,8.526353938845794,False,True,True,False,True,12.601602813952717,0.0,0.0,0.0,0.0,0,0.999096657633243,0.9237579042457092,False,False,False,False,0.2823087290750268,0.2732018119870062,False,False,False,False,-144615.0,-162337.2520016823,False,False,False,False,10503.064090625654,False,False,False,False
2025-05-15 17:00:00+00:00,28.055,28.085,27.98,28.0,20924.0,,,,,,,,,,,28.016752903666138,27.514545967710045,26.949677615646372,26.958445963719196,26.603520791085096,26.460961242815344,26.056118073754266,26.045724955190533,26.037578405143865,26.398811389798357,26.468996565215168,,,,,,,,,,,,,,27.982247744118595,27.27799958922673,26.739413282054514,26.279730127256204,26.02241626340166,26.07078444760267,26.079018331432845,26.065961514056237,26.028347793227958,26.054049381491616,26.23823288151813,26.326492594430523,26.44068762449206,,,,,27.27799958922673,26.739413282054514,26.546521477002255,"rgba(0, 255, 0, 1.0)",0.6758647980366191,26.59903935683281,2.072841561266345,55.3833446047159,8.526353938845794,False,True,True,False,True,11.891238130540188,0.0,0.0,0.0,0.0,0,0.9994570135746607,0.922714932126697,False,False,False,False,0.2875781067975665,0.2803899593922864,False,False,False,False,-165539.0,-162386.8915055322,False,False,False,False,10664.628988445413,False,False,False,False
2025-05-15 18:00:00+00:00,28.0,28.035,27.94,27.99,17965.0,,,,,,,,,,,28.0140075423946,27.532862752355705,26.972068427185118,26.97596981412762,26.620505123326442,26.47805395566486,26.074045934738066,26.061862448659433,26.050711456925708,26.40674803444394,26.476417940998903,,,,,,,,,,,,,,27.983613912319065,27.300654735908964,26.756619375217596,26.297728585470583,26.039840040592352,26.086000662852978,26.093427308638717,26.079848149522736,26.040773716594146,26.06543200603678,26.247538589841074,26.335002596757736,26.44830978114611,,,,,27.300654735908964,26.756619375217596,26.559918453821638,"rgba(0, 255, 0, 1.0)",0.6827776998315346,26.614134452529186,2.015100299570838,55.03396685991051,8.526353938845794,False,True,True,False,True,11.747678909634217,0.0,0.0,0.0,0.0,0,0.9983695652173914,0.9228260869565219,False,False,False,False,0.2781042094118679,0.27924708440207713,False,False,False,False,-183504.0,-162714.28853645417,False,False,False,False,10777.813035136181,False,False,False,False
2025-05-15 19:00:00+00:00,27.97,28.025,27.88,27.955,26764.0,,,,,,,,,,,28.00637417444238,27.55576117301385,27.002602149862557,27.0001326524894,26.644421299757184,26.502246598720735,26.09966881255152,26.08498482741191,26.069604638438705,26.418167597219266,26.487087853568077,,,,,,,,,,,,,,27.97602484026132,27.33025989957776,26.78068728505552,26.323309254964766,26.064776283706486,26.1078179956913,26.11410561062686,26.099795485463698,26.058668726600413,26.081839205232967,26.260944931987826,26.347255266524005,26.459272002008102,,,,,27.33025989957776,26.78068728505552,26.57815869021569,"rgba(0, 255, 255, 0.75)",0.6887843972868425,26.634572295060423,1.9170406735994732,53.75706635535703,8.526353938845794,False,True,True,False,True,11.238817089976028,0.0,0.0,0.0,0.0,0,0.9989130434782608,0.921376811594203,False,False,False,False,0.2707692075815824,0.27500814599182977,False,False,False,False,-210268.0,-163451.55538085022,False,False,False,False,11025.660895056551,False,False,False,False
2025-05-16 14:00:00+00:00,28.015,28.135,27.945,28.115,9596.0,,,,,,,,,,,28.0089045162393,27.565514042566782,27.014324142945238,27.009488732259392,26.65350236810334,26.511381265591265,26.109229558983223,26.093625374286617,26.07668372619671,26.42251586218878,26.49116450704687,,,,,,,,,,,,,,27.983360885566576,27.342017936933054,26.789881986213718,26.33290472466879,26.07407873452613,26.115982595396883,26.1218514607751,26.107269034136213,26.065376900725806,26.08799949523185,26.266014260847736,26.35190559852726,26.463454480885087,,,,,27.342017936933054,26.789881986213718,26.585768007951742,"rgba(0, 255, 0, 1.0)",0.6973779850654206,26.643150612067892,2.1105475358446157,56.625040380049924,8.526353938845794,False,True,True,False,True,12.937061524804882,0.0,0.0,0.0,0.0,1,1.0043541364296082,0.9172714078374457,False,False,False,False,0.2891619436212499,0.28208504480653984,False,False,False,False,-200672.0,-164028.61653773626,False,False,False,False,11003.495609861877,False,False,False,False
2025-05-16 15:00:00+00:00,28.115,28.145,28.01,28.02,11529.0,,,,,,,,,,,28.011341293936546,27.576598647617825,27.02798257270231,27.02044469541776,26.664209530451874,26.522169273619898,26.120555166631643,26.103872476992283,26.08509437346127,26.42768868172507,26.496013953830865,,,,,,,,,,,,,,27.990118217448178,27.355530446942755,26.80069937630758,26.344250350003467,26.085104220083622,26.12566897579417,26.131045014539016,26.116142889116304,26.073350599365938,26.095325491001717,26.272044766021118,26.357437881092924,26.46842994857315,,,,,27.355530446942755,26.80069937630758,26.59462995177822,"rgba(0, 255, 255, 0.75)",0.7038397391297463,26.65312027062883,1.9420326153525114,55.78277595996716,8.526353938845794,False,True,True,False,True,11.540561049423914,0.0,0.0,0.0,0.0,1,1.008749544294568,0.9157856361647833,False,False,False,False,0.2971025190612369,0.2895937819338884,False,False,False,False,-212201.0,-164775.47519606593,False,False,False,False,11011.642964747738,False,False,False,False
2025-05-16 16:00:00+00:00,28.025,28.09,28.01,28.065,10287.0,,,,,,,,,,,28.01318082958218,27.586010874720774,27.039832919998485,27.029998165752534,26.673603857083226,26.531648255619395,26.13053295136267,26.11291041678956,26.09252633565829,26.43226732245849,26.50030653274628,,,,,,,,,,,,,,27.994947696953467,27.367108847423403,26.81017167187155,26.354229059298873,26.09482257627996,26.134215893445962,26.13916071778827,26.123979436143845,26.080399774424315,26.101805408274608,26.277381481318756,26.362334369486447,26.472834030106856,,,,,27.367108847423403,26.81017167187155,26.60234205935784,"rgba(0, 255, 255, 0.75)",0.7109545036823075,26.661780483803675,1.9737121136845068,56.230357072865075,8.526353938845794,False,True,True,False,True,12.023961785451608,0.0,0.0,0.0,0.0,1,1.0171239182471,0.9167740747560303,False,False,False,False,0.2912759255738421,0.29043485375386524,False,False,False,False,-201914.0,-165351.26627829747,False,False,False,False,11000.408190100485,False,False,False,False
2025-05-16 17:00:00+00:00,28.065,28.08,28.025,28.04,7579.0,,,,,,,,,,,28.014239205856104,27.592616564519346,27.04833403958886,27.03687956336168,26.680411369468185,26.538527043203178,26.13779329358255,26.11949310388466,26.097947614514283,26.435610418448228,26.5034405225518,,,,,,,,,,,,,,27.997723178762516,27.375316684498262,26.817022521933875,26.36147823882583,26.10189735488469,26.140442900663572,26.145075680402112,26.12969285036388,26.085543862105748,26.10653596868085,26.281278269915163,26.365909711387733,26.476049542611104,,,,,27.375316684498262,26.817022521933875,26.60788581266726,"rgba(0, 255, 255, 0.75)",0.715331700291054,26.667995279929187,1.9179979295095848,55.77492240908617,8.526353938845794,False,True,True,False,True,11.649782299255378,0.0,0.0,0.0,0.0,1,1.016117080400148,0.9181178214153393,False,False,False,False,0.29180481627054694,0.29111983501220606,False,False,False,False,-209493.0,-166035.634242975,False,False,False,False,10947.363101881872,False,False,False,False
2025-05-16 18:00:00+00:00,28.04,28.175,28.04,28.16,9234.0,,,,,,,,,,,28.018158447016148,27.601725769920407,27.0592791830243,27.045765022731633,26.689074623101433,26.547245385317485,26.146917101687364,26.127769352294212,26.104770286132673,26.439857634079914,26.50743040446722,,,,,,,,,,,,,,28.005304907943792,27.38616257773,26.825780975758917,26.370624618066792,26.110784880420233,26.148277817444367,26.152521235931626,26.13688453004271,26.092018408394487,26.11249487984665,26.286207858710572,26.370442920360986,26.48013969012848,,,,,27.38616257773,26.825780975758917,26.615234937939686,"rgba(0, 255, 0, 1.0)",0.7222366535863652,26.676259973343598,2.0543682175207914,58.12112546499615,8.526353938845794,False,True,True,False,True,12.956413958435782,0.0,0.0,0.0,0.0,0,1.0118914901523597,0.9189892233370496,False,False,False,False,0.3034812489347832,0.29730054197349465,False,False,False,False,-200259.0,-166566.22906091338,False,False,False,False,10920.799332860446,False,False,False,False
2025-05-16 19:00:00+00:00,28.165,28.17,28.065,28.13,16553.0,,,,,,,,,,,28.024332469710128,27.61719883261721,27.07829290892479,27.061287144821076,26.704311722641908,26.562603986186247,26.16303736717692,26.142411272635915,26.11686644391499,26.447403084586405,26.514519155840958,,,,,,,,,,,,,,28.016531636814378,27.404755166814283,26.84115185217563,26.386754556329763,26.126496815001005,26.162145617357666,26.165706697097413,26.149626109416545,26.10350359539173,26.1230717584031,26.29496314256763,26.37849567457636,26.48740642682046,,,,,27.404755166814283,26.84115185217563,26.628036393242606,"rgba(0, 255, 255, 0.75)",0.7273365579072144,26.690625963205036,1.9789656124758987,58.69706320003151,4.971379995580001,False,True,True,False,True,12.496043536325477,0.0,0.0,0.0,0.0,0,1.0087588520313082,0.9219157659336563,False,False,False,False,0.3056128053899299,0.30145667368171225,False,False,False,False,-216812.0,-167345.23326151937,False,False,False,False,11008.120273436252,False,False,False,False
2025-05-19 14:00:00+00:00,27.915,28.03,27.87,28.01,2456.0,,,,,,,,,,,28.023855843563634,27.618749756869995,27.080654509457577,27.063228156718953,26.70630594398528,26.56463807790899,26.165223292332772,26.14440035351134,26.118513983811656,26.44841596013178,26.515466871180518,,,,,,,,,,,,,,28.015874932240752,27.40686728000616,26.84313500175965,26.388915497080088,26.128631508250194,26.164028648060945,26.16749748873551,26.15135835395558,26.105069378550454,26.124513219854602,26.296147804252435,26.379580765356025,26.488379577304134,,,,,27.40686728000616,26.84313500175965,26.629560508536628,"rgba(0, 255, 255, 0.75)",0.7302817856734013,26.78496775797661,1.6774788390672728,55.586249113070465,4.971379995580001,False,True,True,False,False,10.665913846864473,0.0,0.0,0.0,0.0,1,0.9988864142538977,0.9239049740163328,False,False,False,False,0.2702463743592494,0.28585152402048086,False,False,False,False,-219268.0,-168150.23739699967,False,False,False,False,10875.529261444994,False,False,False,False
2025-05-19 15:00:00+00:00,28.01,28.055,27.99,28.01,3236.0,,,,,,,,,,,28.023792741418177,27.621050881320425,27.083915170388867,27.06590863519992,26.709024066290866,26.567401081826965,26.168172299288766,26.147083756114938,26.120736849577717,26.44979078568096,26.516755119323754,,,,,,,,,,,,,,28.015919812252125,27.409862992648122,26.845848984946667,26.39184050412141,26.13151025138518,26.166569969457424,26.169914721120303,26.153696238572003,26.107181795942438,26.12645869423676,26.29775114395985,26.381051593118396,26.4897016060833,,,,,27.409862992648122,26.845848984946667,26.631705820594807,"rgba(0, 255, 255, 0.75)",0.7334951193361373,26.788620698539216,1.6651498684356847,53.51237305509643,7.384025405609648,False,True,True,False,False,10.665913846864495,0.0,0.0,0.0,0.0,1,1.0059446405350176,0.9180754226267882,False,False,False,False,0.2854685052097927,0.2856600146151368,False,False,False,False,-219268.0,-168942.76084820897,False,False,False,False,10757.086947314063,False,False,False,False
2025-05-19 16:00:00+00:00,28.02,28.08,28.0,28.07,2522.0,,,,,,,,,,,28.024024062595885,27.622967474777543,27.086526297213577,27.068056387756695,26.711185704475962,26.5695940156654,26.170503355314626,26.14920506356866,26.1224945025199,26.45088219542494,26.51777873560938,,,,,,,,,,,,,,28.016397895216954,27.41229789875029,26.848012363681782,26.394157099307943,26.133785298368384,26.168579529245093,26.171826434568747,26.155545104480893,26.108852117309375,26.127997477005515,26.299021609728875,26.382218199192145,26.490751666924186,,,,,27.41229789875029,26.848012363681782,26.633444187029284,"rgba(0, 255, 255, 0.75)",0.7388006045836568,26.79127928318827,1.7308062674533669,53.814144903792275,7.384025405609648,False,True,True,False,False,11.358938555097186,0.0,0.0,0.0,0.0,1,1.004445267642156,0.9159103537692168,False,False,False,False,0.2891619436212499,0.28741097911819335,False,False,False,False,-216746.0,-169683.89633893443,False,False,False,False,10629.411180689038,False,False,False,False
2025-05-19 17:00:00+00:00,28.07,28.14,28.07,28.115,1547.0,,,,,,,,,,,28.02447807667941,27.624294105383306,27.088217545635324,27.06944717921063,26.712565835543742,26.5709888360294,26.171974664310213,26.1505438002966,26.123603647334846,26.45157532649938,26.518429826564546,,,,,,,,,,,,,,28.017182242492424,27.41391811783163,26.849399757158984,26.395624850789368,26.13522054993236,26.169848229830706,26.17303352201192,26.156712285544142,26.109906022298116,26.128968762318433,26.2998259368329,26.38295799206027,26.491419148072033,,,,,27.41391811783163,26.849399757158984,26.634589010860864,"rgba(0, 255, 255, 0.75)",0.7431038327893005,26.793256257391754,1.7786797541427992,55.19532151649274,7.384025405609648,False,True,True,False,True,11.879311248873737,0.0,0.0,0.0,0.0,1,1.0070201367079255,0.9139109551080733,False,False,False,False,0.30294877838881673,0.29517987875350504,False,False,False,False,-215199.0,-170389.55686081143,False,False,False,False,10488.598604244246,False,False,False,False
2025-05-19 18:00:00+00:00,28.115,28.16,28.115,28.13,3475.0,,,,,,,,,,,28.025799022524588,27.627410538996187,27.09209500947451,27.072637616549716,26.71571512156252,26.57416698438762,26.17531691144912,26.153585190948082,26.12612400327894,26.453155209931822,26.519914917276747,,,,,,,,,,,,,,28.01939766490082,27.417668940428143,26.85257090393796,26.398963880702283,26.138480405792837,26.172731169331737,26.17577678911883,26.159364779112238,26.112300881095855,26.131176421097088,26.301656680759184,26.384643114579703,26.492941187809468,,,,,27.417668940428143,26.85257090393796,26.637233056043584,"rgba(0, 255, 255, 0.75)",0.7397662584336743,26.797490160198368,1.8012579306103897,56.51268944551768,7.384025405609648,False,True,True,False,True,12.054374627942249,0.0,0.0,0.0,0.0,1,1.0086683880486904,0.913316119513095,False,False,False,False,0.3098840344686344,0.3025319566110697,False,False,False,False,-211724.0,-171030.40094048876,False,False,False,False,10379.860641387746,False,False,False,False
2025-05-19 19:00:00+00:00,28.135,28.15,28.045,28.115,6040.0,,,,,,,,,,,28.027376935578253,27.632405402086746,27.09856404895582,27.07797383407964,26.72103453798336,26.579548938234886,26.181005731376167,26.158765265003947,26.13042089255089,26.455842635578666,26.52243923100639,,,,,,,,,,,,,,28.022054149222136,27.42381259494196,26.857910511601915,26.40463183381097,26.14403176987319,26.17764147305836,26.180449959198615,26.1638846425134,26.116385047454553,26.134941619925,26.304775261079904,26.38751152492877,26.495529104041406,,,,,27.42381259494196,26.857910511601915,26.641622372670202,"rgba(0, 255, 255, 0.75)",0.7357898373071781,26.80291636669646,1.7832315245144754,56.782623930690775,7.384025405609648,False,True,True,False,True,11.80869974748029,0.0,0.0,0.0,0.0,1,1.0060628329965093,0.9140180047767777,False,False,False,False,0.30135236522533276,0.30194216091820125,False,False,False,False,-217764.0,-171754.95286389205,False,False,False,False,10312.575980280959,False,False,False,False
2025-05-20 14:00:00+00:00,28.265,28.4,28.19,28.275,13760.0,,,,,,,,,,,28.038939555432478,27.647722030458233,27.115654241624217,27.092083169545933,26.734603635408796,26.593141011559847,26.195076424352536,26.17157705482023,26.141051840394894,26.462616252102297,26.52882950308557,,,,,,,,,,,,,,28.03996200772553,27.441106629391417,26.871688222976974,26.41879558343648,26.15774534318727,26.18980089000385,26.192028143687317,26.17507823507871,26.12648760375744,26.144266991877604,26.31256633465679,26.394711292403834,26.502068624220527,,,,,27.441106629391417,26.871688222976974,26.653650025882865,"rgba(0, 255, 255, 0.75)",0.7348721038445031,26.820448677704338,1.9793258101459241,60.80647016349055,7.106411956785763,False,False,True,False,True,13.69187540882901,0.0,0.0,0.0,0.0,1,1.0085454545454546,0.9060000000000004,False,False,False,False,0.3428282326153177,0.3223851967667595,False,False,False,False,-204004.0,-172254.93809080843,False,False,False,False,10366.024414695208,False,False,False,False
2025-05-20 15:00:00+00:00,28.27,28.32,28.22,28.275,9700.0,,,,,,,,,,,28.045988610945443,27.657826548863657,27.127242667917827,27.101697518623208,26.743927621980315,26.602500482870735,26.204804975072,26.18044598924599,26.148425630449996,26.467317927133358,26.53326414275543,,,,,,,,,,,,,,28.050449659283043,27.452656142780405,26.88112988464031,26.42856500272236,26.167232877010232,26.198221311086915,26.200049663385684,26.18283676829704,26.133498555012956,26.150741722817074,26.317975889308077,26.399709637531824,26.506607263242792,,,,,27.452656142780405,26.88112988464031,26.661796520540694,"rgba(0, 255, 255, 0.75)",0.7253191717449194,26.830478866550493,1.9915661817877819,63.4890343186904,9.5655221743609,True,False,True,False,True,13.69187540882901,0.0,0.0,0.0,0.0,0,1.0096014492753622,0.9092391304347829,False,False,False,False,0.3373879442427343,0.3298865705047469,False,False,False,False,-204004.0,-172747.1716087804,False,False,False,False,10355.698454777454,False,False,False,False
2025-05-20 16:00:00+00:00,28.275,28.295,28.22,28.275,9420.0,,,,,,,,,,,28.052199044091697,27.667201968267957,27.13819601023897,27.110820069606085,26.75282602275829,26.611445538519945,26.214128109821107,26.18895347191901,26.155509967356295,26.47183957155939,26.537528684094767,,,,,,,,,,,,,,28.059413262531493,27.463457894374535,26.89012368205103,26.437911865521986,26.176329223409617,26.20630112473482,26.207749529193936,26.19028674081055,26.14023703990061,26.1569673861414,26.32317848881616,26.404516791035075,26.51097195777231,,,,,27.463457894374535,26.89012368205103,26.66950389352196,"rgba(0, 255, 0, 1.0)",0.7080236737019147,26.839459680937143,2.0275315252625763,65.27741042215698,11.188990633174186,True,False,True,False,True,13.69187540882901,0.0,0.0,0.0,0.0,0,1.0223006876045344,0.9078238245679244,False,False,False,False,0.33467501838455194,0.3322807944446494,False,False,False,False,-204004.0,-173231.77359934192,False,False,False,False,10341.191501990206,False,False,False,False
2025-05-20 17:00:00+00:00,28.275,28.3,28.225,28.27,9524.0,,,,,,,,,,,28.058174156502833,27.676415977515607,27.14907372475483,27.11991194913413,26.761727139734226,26.62040095192603,26.22347631023943,26.197491372757476,26.16263005616465,26.476392281001274,26.541823130595894,,,,,,,,,,,,,,28.067807831754894,27.47411230751337,26.899109456447448,26.44727414284964,26.18545336562388,26.21441268650058,26.215482463808783,26.197770929957297,26.147012024594467,26.16322954163911,26.3284148075623,26.409356206009495,26.515367022219362,,,,,27.47411230751337,26.899109456447448,26.677179993200287,"rgba(0, 255, 0, 1.0)",0.6907227772086177,26.848198177381555,2.058426143646658,66.1970024019783,12.074619313994575,True,False,True,False,True,13.604203661521161,0.0,0.0,0.0,0.0,0,1.0159762214378598,0.9041426713728405,False,False,False,False,0.3357596167513589,0.33402020559800416,False,False,False,False,-213528.0,-173856.52129547612,False,False,False,False,10328.521866300434,False,False,False,False
2025-05-20 18:00:00+00:00,28.275,28.275,28.11,28.195,10078.0,,,,,,,,,,,28.062074091464794,27.684711507226258,27.159633115370475,27.128785557927042,26.770588993559453,26.62936388939462,26.23293191818313,26.206139245250196,26.16985710529036,26.480992684462823,26.54615615998305,,,,,,,,,,,,,,28.07300682900099,27.484088262604516,26.907998664445817,26.45669059828786,26.194692086973852,26.222629208928126,26.223318233988607,26.20535936694849,26.153893217870593,26.16959100024554,26.333721135918985,26.414253065237364,26.519804303228067,,,,,27.484088262604516,26.907998664445817,26.684595010074627,"rgba(0, 255, 0, 1.0)",0.6673999773221142,26.85598310576638,2.0063184592937975,63.02284085659155,12.074619313994575,True,False,True,False,False,12.283596523459689,0.0,0.0,0.0,0.0,0,1.0111399925733382,0.9088377274415154,False,False,False,False,0.3206430794579516,0.32733164252797786,False,False,False,False,-223606.0,-174627.83104283307,False,False,False,False,10324.637806357792,False,False,False,False
2025-05-20 19:00:00+00:00,28.195,28.345,28.09,28.33,29079.0,,,,,,,,,,,28.076901876569313,27.709950058365436,27.19068623025637,27.15502283834845,26.796636839352708,26.655659684770757,26.26055561480168,26.231438322901543,26.191051378704994,26.494602629190386,26.55899549374853,,,,,,,,,,,,,,28.09243451515641,27.513754291519383,26.93417471662262,26.484245068603787,26.221687094459284,26.246689213175756,26.24628038564555,26.22760427723527,26.174083836544938,26.188277405538685,26.34936625259147,26.42871749806338,26.53294402211683,,,,,27.513754291519383,26.93417471662262,26.70673998101181,"rgba(0, 255, 0, 1.0)",0.6521895416196314,26.88029516677479,2.2228274768482907,64.55628921975438,12.074619313994575,True,False,True,False,False,13.954754805391694,0.0,0.0,0.0,0.0,0,1.0095994092671219,0.9056673435480896,False,False,False,False,0.32602526644375013,0.32667845448586397,False,False,False,False,-194527.0,-174936.345290231,False,False,False,False,10615.403111685579,False,False,False,False
2025-05-21 14:00:00+00:00,28.38,28.47,28.255,28.47,2930.0,,,,,,,,,,,28.07937196198769,27.713006076795303,27.194126044317763,27.15793454227389,26.79946379391355,26.658495382441785,26.26349420704813,26.234130962731125,26.193309691594116,26.49607310889568,26.5603869229348,,,,,,,,,,,,,,28.095689774358895,27.517170928757455,26.93703601311266,26.487195651228443,26.224556912412957,26.24925271490882,26.248728342239204,26.22997549829211,26.176235393522976,26.190270987087242,26.351046043955222,26.430275734231937,26.53436623303247,,,,,27.517170928757455,26.93703601311266,26.709233038419757,"rgba(0, 255, 0, 1.0)",0.6262187540530484,26.88322166902079,2.5339041999447813,68.03593448817269,13.414388879021942,True,False,True,False,True,15.628849786336051,0.0,0.0,0.0,0.0,0,1.0185832566697333,0.8993560257589699,False,False,False,False,0.3428282330399945,0.3347533437629292,False,False,False,False,-191597.0,-175194.65001441346,False,False,False,False,10496.249575070298,False,False,False,False
2025-05-21 15:00:00+00:00,28.465,28.545,28.43,28.505,4931.0,,,,,,,,,,,28.084657268522474,27.718792859277,27.200324220139514,27.163177032993804,26.804480259689978,26.66350634632987,26.26864073308876,26.2388456798405,26.197263165153917,26.49866604233651,26.56284465335471,,,,,,,,,,,,,,28.10268594009241,27.52347524223397,26.942137640164354,26.492386623686098,26.229579910348754,26.253743260296517,26.253017060097434,26.234128760631133,26.18000134479308,26.193761948266374,26.353997706259875,26.433018903708753,26.5368765708019,,,,,27.52347524223397,26.942137640164354,26.713750382171156,"rgba(0, 255, 0, 1.0)",0.601875634395596,26.888696696867235,2.6854439867064177,70.85733563073578,15.990094924934937,True,False,True,False,True,16.04131749589859,0.0,0.0,0.0,0.0,0,1.0278546393654306,0.8957756871425938,False,False,False,False,0.34282823193716677,0.338790787850048,False,False,False,False,-186666.0,-175372.5004017869,False,False,False,False,10409.96663592192,False,False,False,False
2025-05-21 16:00:00+00:00,28.51,28.55,28.43,28.52,2956.0,,,,,,,,,,,28.08781209180977,27.722250418236303,27.20403059736362,27.16631572823091,26.80748508913346,26.6665080788242,26.271723772646784,26.24167093161417,26.19963351798728,26.500222394391894,26.564320079256508,,,,,,,,,,,,,,28.10683273839157,27.527241328472975,26.945192997797687,26.495495936075386,26.232589248067836,26.256434601721477,26.25558780863988,26.23661855409,26.182259555859964,26.195855667446654,26.355768752929716,26.434665174154958,26.538383485102624,,,,,27.527241328472975,26.945192997797687,26.7164541061769,"rgba(0, 255, 0, 1.0)",0.5859146080511628,26.891956149780157,2.7786367293946697,72.95916444307106,17.919185622412655,True,False,True,False,True,16.219901247721474,0.0,0.0,0.0,0.0,0,1.0247810694987889,0.9049748462828396,False,False,False,False,0.34282823114257116,0.3408095094963096,False,False,False,False,-183710.0,-175501.76396144912,False,False,False,False,10294.401261721581,False,False,False,False
2025-05-21 17:00:00+00:00,28.52,28.565,28.14,28.23,1163.0,,,,,,,,,,28.311666666666664,28.088479073262796,27.723274996624554,27.205271963704764,27.167372760195093,26.80853315799249,26.667565350059707,26.272832096984448,26.242688018949767,26.200488523381562,26.500776452973625,26.564843531630736,,,,,,,,,,,,,,28.10767041511946,27.52842976346024,26.946246594822874,26.49660192730146,26.23367288609277,26.257402970723557,26.256512888938406,26.23751524721028,26.18307471893365,26.19661112724628,26.356403616346494,26.43525316222142,26.538918866390773,,,,,27.52842976346024,26.946246594822874,26.781124271089357,"rgba(0, 255, 0, 1.0)",0.5807235933658201,26.998506094724046,2.1206197222646486,64.58211947315878,20.368756031490918,True,False,True,False,False,11.076399092179294,0.0,0.0,0.0,0.0,0,1.0092267946115518,0.909208341022329,False,False,False,False,0.30994987576416905,0.32537969263023936,False,False,False,False,-184873.0,-175647.05444266697,False,False,False,False,10152.82914913675,False,False,False,False
2025-05-21 18:00:00+00:00,28.24,28.245,28.09,28.105,2434.0,,,,,,,,,,28.200015290519875,28.088839667926116,27.724809716631352,27.207474880129006,27.16926060127973,26.81048164274097,26.669552056505736,26.274960370400965,26.244643913169362,26.202136017134595,26.501829370881424,26.565834648117857,,,,,,,,,,,,,,28.108001345801167,27.530383854216037,26.948180553248097,26.498702238759144,26.235757350632596,26.25926413798165,26.25829104104955,26.23924030761128,26.18464663768218,26.198067249757646,26.35761895385315,26.436374444797966,26.539934108322004,,,,,27.530383854216037,26.948180553248097,26.77817201596598,"rgba(0, 255, 255, 0.75)",0.575803136716074,26.994395408857667,1.9287921866427205,56.51588328733394,13.355538954026457,False,True,True,False,False,8.993346884727153,0.0,0.0,0.0,0.0,0,1.0020325203252032,0.9271988174427199,False,False,False,False,0.26670334022340025,0.2960415164268198,False,False,False,False,-187307.0,-175827.82879239306,False,False,False,False,10033.157379382692,False,False,False,False
2025-05-21 19:00:00+00:00,28.11,28.14,27.98,28.05,13210.0,,,,,,,,,,28.087345847960172,28.087792789686038,27.73121235710708,27.21812448339719,27.178448936380896,26.82025274804415,26.679590720390188,26.28587592134573,26.25469040875726,26.210617400932783,26.50720904039594,26.570887114105116,,,,,,,,,,,,,,28.105741119717717,27.539259590959905,26.957788830862114,26.50939112908113,26.246462451627803,26.268822965320616,26.267426338506905,26.248109384981994,26.192744843091866,26.20556899847737,26.363855881611368,26.44211553231065,26.545114433541094,,,,,27.539259590959905,26.957788830862114,26.78097797074372,"rgba(0, 255, 255, 0.75)",0.5696033707763819,26.995307640507114,1.8516259095435434,50.17542511300338,8.049472599811892,False,True,False,True,False,8.09054126633188,0.0,0.0,0.0,0.0,0,1.0016722408026757,0.931438127090301,False,False,False,False,0.2408904232938498,0.2684659698603348,False,False,False,False,-200517.0,-176210.606640573,False,False,False,False,10082.41075334575,False,False,False,False
2025-05-22 14:00:00+00:00,28.06,28.25,27.93,28.06,3697.0,,,,,,,,,,28.08602134542853,28.087722465100043,27.733085527347956,27.221138858064197,27.18105385847022,26.823011033848573,26.682421372197176,26.28894681418462,26.257518287368892,26.21300698342405,26.508730526371068,26.572317098603467,,,,,,,,,,,,,,28.105427793782752,27.54179983642067,26.960504546249958,26.512401061032623,26.249474243300078,26.271514629664694,26.269999503369977,26.250607860295407,26.19502691898259,26.207683960177185,26.365617125873957,26.443738090472262,26.54658016943849,,,,,27.54179983642067,26.960504546249958,26.783013996378777,"rgba(0, 255, 255, 0.75)",0.5637607153251809,26.997189313440362,1.8852159394373555,46.24892762019657,4.8626737216876705,False,True,False,True,False,8.223704068698009,0.0,0.0,0.0,0.0,0,0.9963017751479291,0.9267751479289942,False,False,False,False,0.2468194594760267,0.25764271466818073,False,False,False,False,-196820.0,-176530.13211901375,False,False,False,False,9983.412137014808,False,False,False,False
2025-05-22 15:00:00+00:00,28.075,28.1,28.025,28.055,2346.0,,,,,,,,,,28.08334974471189,28.08756461505229,27.73419585542337,27.222996485114045,27.18266246443969,26.824727349756557,26.684186067506698,26.290868360662717,26.259288587500237,26.214503961728248,26.509682217968408,26.573211098502714,,,,,,,,,,,,,,28.10507959482168,27.543340012044062,26.962190381982662,26.514280801060472,26.25135948020791,26.27319968658597,26.271610566652534,26.252172488207083,26.196456857849117,26.209009265220512,26.36671986607029,26.44475348397245,26.547496716154328,,,,,27.543340012044062,26.962190381982662,26.784196240367837,"rgba(0, 255, 255, 0.75)",0.5574010638182891,26.998237762236688,1.895874095618542,43.52827416921479,2.5429428851412723,False,True,False,True,False,8.139284016129562,0.0,0.0,0.0,0.0,0,0.9968541820873427,0.9317172464840859,False,False,False,False,0.22694241589325287,0.2422925652807168,False,False,False,False,-199166.0,-176881.07580709105,False,False,False,False,9865.002646518455,False,False,False,False
2025-05-22 16:00:00+00:00,28.055,28.135,28.0,28.0,1712.0,,,,,,,,,,28.080676722851017,28.087388483765938,27.734964286023757,27.224322708306044,27.18381263120936,26.825961660528908,26.685456998691453,26.292256117905193,26.26056753260354,26.215585988500038,26.51036926842394,26.5738562444354,,,,,,,,,,,,,,28.104745410456932,27.544425729886715,26.96340060109347,26.515636383308724,26.252721371693397,26.27441705271362,26.27277456982777,26.253303113419193,26.197490588313183,26.20996738609698,26.367516567587874,26.445486791637038,26.54815824201761,,,,,27.544425729886715,26.96340060109347,26.785010498051882,"rgba(0, 255, 255, 0.75)",0.5474498619519097,26.99893764780718,1.8285918433216433,40.564768738584725,-0.22820827782419428,False,True,False,True,False,7.2033298183992684,0.0,0.0,0.0,0.0,0,0.9950419527078567,0.9391685736079328,False,False,False,False,0.2282582942576914,0.2352754297692041,False,False,False,False,-200878.0,-177253.12114341522,False,False,False,False,9738.599504711967,False,False,False,False
2025-05-22 17:00:00+00:00,28.015,28.145,28.0,28.135,1992.0,,,,,,,,,,28.0816261831237,28.087416969554095,27.735992270008275,27.22595102575511,27.18522194668384,26.827451523665587,26.68698527429683,26.293912534718892,26.26209359189629,26.216876593500228,26.51119306675822,26.574630832359187,,,,,,,,,,,,,,28.104672025394773,27.545804526027666,26.96486812656859,26.51726040649857,26.254346065012275,26.275870026117808,26.27416391056503,26.25465230035574,26.198723361321537,26.21111028148344,26.368469301514075,26.446364944600518,26.548952056734674,,,,,27.545804526027666,26.96486812656859,26.7861843657806,"rgba(0, 255, 0, 1.0)",0.5336411724189892,27.000067328388816,2.1267711905858926,42.947598822000444,-0.22820827782419428,False,True,False,True,False,9.062527692923183,0.0,0.0,0.0,0.0,0,1.0026912725874666,0.9361783929257977,False,False,False,False,0.2295749501083319,0.23242518993876798,False,False,False,False,-198886.0,-177588.51461405994,False,False,False,False,9618.497186809456,False,False,False,False
2025-05-22 18:00:00+00:00,28.135,28.215,28.125,28.185,1804.0,,,,,,,,,,28.087566177680607,28.08779538949763,27.737129762352755,27.22755875708708,27.186608931297553,26.828884608393636,26.68844666004672,26.295477958475345,26.263534970236545,26.218094666181162,26.511976848870635,26.575369320439393,,,,,,,,,,,,,,28.105079214795172,27.547232587095973,26.966289808495493,26.518804336060438,26.255880181875856,26.27724290674633,26.27547670247603,26.255926642209616,26.199886469392162,26.212188973473914,26.369372020178098,26.44719880696923,26.549708227675556,,,,,27.547232587095973,26.966289808495493,26.78754923712012,"rgba(0, 255, 0, 1.0)",0.5209168718588398,27.001513234022394,2.2719301867771162,45.87712686761784,-0.22820827782419428,False,True,False,True,True,9.738893806755186,0.0,0.0,0.0,0.0,0,1.0096432015429124,0.9242044358727097,False,False,False,False,0.255412788448653,0.2439189891937105,False,False,False,False,-197082.0,-177890.7391936869,False,False,False,False,9497.342191665122,False,False,False,False
2025-05-22 19:00:00+00:00,28.185,28.235,28.13,28.13,4329.0,,,,,,,,,,28.097821356094677,28.08858765117789,27.73977367747167,27.231354161600745,27.189887916180545,26.83228567852916,26.691918306764624,26.29920391823401,26.266966905623168,26.220996558054292,26.513843364989103,26.577127608246176,,,,,,,,,,,,,,28.10590033068699,27.550578990549674,26.969659672439594,26.52247524953082,26.259532443959717,26.28051196399441,26.278603036409034,26.25896185202977,26.202657862384722,26.21475948517108,26.371522592433358,26.449184959427768,26.5515087739943,,,,,27.550578990549674,26.969659672439594,26.790624972639094,"rgba(0, 255, 0, 1.0)",0.5062792823250052,27.004724410283508,2.2226380359647466,46.3309093419374,-0.22820827782419428,False,True,False,True,True,8.774338437336663,0.0,0.0,0.0,0.0,0,1.011623401782255,0.9230918248740798,False,False,False,False,0.2587489140873436,0.251333951640527,False,False,False,False,-201411.0,-178255.3943999863,False,False,False,False,9417.212855360236,False,False,False,False
2025-05-23 14:00:00+00:00,27.905,28.07,27.9,27.97,3187.0,,,,,,,,,,28.087354258423,28.08777345009069,27.74086155326122,27.233578968684313,27.191832559261417,26.83443245486717,26.69414404037184,26.301666441409143,26.26924008811643,26.222924621239226,26.515061139237595,26.578269047672556,,,,,,,,,,,,,,28.10464288586993,27.552284690267403,26.97174638406231,26.524864109672926,26.261952127039105,26.28267585649501,26.28067296116554,26.26097392183901,26.20450128668507,26.216468465537464,26.372939574516156,26.45048688861723,26.55268007663576,,,,,27.552284690267403,26.97174638406231,26.791761114041503,"rgba(0, 255, 255, 0.75)",0.4883341604394086,27.00551887469972,1.9750433277746264,43.14570924317902,-0.22820827782419428,False,True,False,True,True,6.03620453813684,0.0,0.0,0.0,0.0,0,1.004437584410573,0.924368126567625,False,False,False,False,0.2066418570195023,0.22898790433001465,False,False,False,False,-204598.0,-178663.806889909,False,False,False,False,9320.62040799031,False,False,False,False
2025-05-23 15:00:00+00:00,27.97,28.025,27.885,27.91,2378.0,,,,,,,,,,28.078193732789572,28.08695129369541,27.74153217652125,27.235141927048204,27.19320401866906,26.835973311944908,26.69574827473179,26.303455493174805,26.27089274455998,26.224327818309494,26.51594369745507,26.57909526103411,,,,,,,,,,,,,27.939999999999998,28.10342498955329,27.553430405711595,26.973236242122596,26.526592619796688,26.26371122742254,26.284248906062466,26.282177892271974,26.26243731523824,26.20584334807959,26.217712603657745,26.373968963568657,26.451431521911225,26.553528343159368,,,,,27.553430405711595,26.973236242122596,26.84692435469822,"rgba(0, 255, 255, 0.75)",0.47407805264514097,27.08982043425012,1.7300517523931929,39.97465677209948,-1.737471616856297,False,True,False,True,False,5.035213987891751,0.0,0.0,0.0,0.0,0,1.0067528458421766,0.9237893112097242,False,False,False,False,0.19882931287547434,0.2139086086027445,False,False,True,False,-206976.0,-179102.755620298,False,False,True,False,9212.982882285032,False,False,True,False
2025-05-23 16:00:00+00:00,27.905,28.055,27.885,28.03,3251.0,,,,,,,,,,28.071285368929153,28.086219437156053,27.74267086230789,27.23741829553058,27.195195835540794,26.838167992613695,26.698022638891068,26.305969553174197,26.273214357025164,26.22629824179594,26.517190790171654,26.580264608629776,,,,,,,,,,,,27.99,27.96887724284953,28.102289426302537,27.555186999959982,26.975370605333705,26.529032224926326,26.26618171616157,26.286459416419188,26.284292813650776,26.264493326138663,26.207727549387673,26.219459874605747,26.375418932768106,26.452764320404736,26.554728104889847,,,,,27.555186999959982,26.975370605333705,26.90676831288179,"rgba(0, 255, 255, 0.75)",0.4561228892413734,27.177493035351215,1.8690291251699316,41.428353237899444,-1.737471616856297,False,True,False,True,False,6.755584245489882,0.0,0.0,0.0,0.0,0,1.0039385584875935,0.9324537219377708,False,False,False,False,0.20273253314183487,0.20832057087228967,False,False,False,False,-203725.0,-179484.4958432391,False,False,False,False,9120.549039148831,False,False,False,False
2025-05-23 17:00:00+00:00,28.03,28.115,28.0,28.065,4751.0,,,,,,,,,,28.070126187284703,28.085933349562833,27.744781981913867,27.241027526090466,27.198343616055194,26.84155432603692,26.701511352542926,26.30978229996505,26.276733776220603,26.229283889526332,26.519095936474052,26.582054688298374,,,,,,,,,,,,28.031560859785053,28.01058477842004,28.1016796165617,27.55813800763191,26.978687773154398,26.532752984799902,26.269925481370787,26.28981188238566,26.28750060235184,26.267610722299796,26.210581835452718,26.222107851494485,26.37762490464426,26.454796423990643,26.556563168782105,,,,,27.55813800763191,26.978687773154398,26.912461518640644,"rgba(0, 255, 0, 1.0)",0.43761930676955374,27.18368521029733,2.013884616308218,43.330004937321455,-1.737471616856297,False,True,False,True,False,7.251380892889554,0.0,0.0,0.0,0.0,0,1.0059265112603712,0.9312524693796919,False,False,False,False,0.22562730977359866,0.21697394032294415,False,False,False,False,-198974.0,-179786.65869838267,False,False,False,False,9052.804092805438,False,False,False,False
2025-05-23 18:00:00+00:00,28.065,28.165,28.035,28.07,5082.0,,,,,,,,,,28.07209359254065,28.08598026574166,27.747221288340153,27.244993458254623,27.201801784922967,26.845244542895195,26.705305367816404,26.31391196622162,26.28054615185291,26.232518961022198,26.521168186374073,26.584003464206575,,,,,,,,,,,,28.05425940079487,28.036686715819428,28.10150220042225,27.5614430817264,26.982311482513317,26.536790788310714,26.27397963779916,26.293444448503326,26.290976930490782,26.27098895793095,26.21367462530687,26.22497798760489,26.38002014268742,26.457004941151688,26.55856020433015,,,,,27.5614430817264,26.982311482513317,26.91715387628178,"rgba(0, 255, 0, 1.0)",0.4221097056493843,27.188612494092382,2.088053162747512,44.7389695672128,-1.737471616856297,False,True,False,True,True,7.323053484047161,0.0,0.0,0.0,0.0,1,1.0021734835012843,0.9320292432325626,False,False,False,False,0.2368306907033444,0.22690231551314427,False,False,False,False,-193892.0,-180005.34616042324,False,False,False,False,8991.241238653414,False,False,False,False
2025-05-23 19:00:00+00:00,28.065,28.075,27.915,27.95,13218.0,,,,,,,,,,28.053236618438312,28.082892801964203,27.75142214767667,27.253816716813354,27.20957339551897,26.853901983487265,26.714300723910366,26.323904103870845,26.289789006471363,26.24038557523157,26.526156356454038,26.58868010906937,,,,,,,,,,,,28.016940536841307,28.0105610181311,28.096884225912348,27.56810048117111,26.99070174590289,26.546458618089854,26.283806566312226,26.302249947762395,26.299407156775487,26.279189372986245,26.221202526530202,26.231964044919234,26.385820012134403,26.462336271473838,26.563358763688786,,,,,27.56810048117111,26.99070174590289,26.919800078191184,"rgba(0, 255, 255, 0.75)",0.40528865255728225,27.18922856743872,1.877110123268878,42.8588142733656,-1.737471616856297,False,True,False,True,True,5.244071245863655,0.0,0.0,0.0,0.0,1,0.9942733017377567,0.939178515007899,False,False,False,False,0.20925153000818217,0.2180769227606632,False,False,False,False,-207110.0,-180425.5733517345,False,False,False,False,9056.772382240182,False,False,False,False
2025-05-26 14:00:00+00:00,27.95,27.95,27.95,27.95,0.0,,,,,,,,,,28.053236618438312,28.082892801964203,27.75142214767667,27.253816716813354,27.20957339551897,26.853901983487265,26.714300723910366,26.323904103870845,26.289789006471363,26.24038557523157,26.526156356454038,26.58868010906937,,,,,,,,,,,,28.016940536841307,28.0105610181311,28.096884225912348,27.56810048117111,26.99070174590289,26.546458618089854,26.283806566312226,26.302249947762395,26.299407156775487,26.279189372986245,26.221202526530202,26.231964044919234,26.385820012134403,26.462336271473838,26.563358763688786,,,,,27.56810048117111,26.99070174590289,26.919800078191184,"rgba(0, 255, 255, 0.75)",0.38133153388953217,27.18922856743872,1.9950393947269653,41.605377410800806,-1.833501709770644,False,True,False,True,True,5.244071245863655,0.0,0.0,0.0,0.0,1,0.9954319761668321,0.943992055610725,False,False,False,False,0.19752957280109124,0.20780324778087722,False,False,False,False,-207110.0,-180839.28539279287,False,False,False,False,8916.357306546535,False,False,False,False
2025-05-26 15:00:00+00:00,27.95,27.95,27.95,27.95,0.0,,,,,,,,,,28.053236618438312,28.082892801964203,27.75142214767667,27.253816716813354,27.20957339551897,26.853901983487265,26.714300723910366,26.323904103870845,26.289789006471363,26.24038557523157,26.526156356454038,26.58868010906937,,,,,,,,,,,,28.016940536841307,28.0105610181311,28.096884225912348,27.56810048117111,26.99070174590289,26.546458618089854,26.283806566312226,26.302249947762395,26.299407156775487,26.279189372986245,26.221202526530202,26.231964044919234,26.385820012134403,26.462336271473838,26.563358763688786,,,,,27.56810048117111,26.99070174590289,26.919800078191184,"rgba(0, 255, 0, 1.0)",0.3610080606020089,27.18922856743872,2.1073530360863195,40.76975283575761,-3.08567997677806,False,True,False,True,False,5.244071245863655,0.0,0.0,0.0,0.0,1,0.9927971188475391,0.9477791116446579,False,False,False,False,0.19752957280109124,0.20266641029098423,False,False,False,False,-207110.0,-181246.58329367978,False,False,False,False,8778.11920877062,False,False,False,False
2025-05-26 16:00:00+00:00,27.95,27.95,27.95,27.95,0.0,,,,,,,,,,28.053236618438312,28.082892801964203,27.75142214767667,27.253816716813354,27.20957339551897,26.853901983487265,26.714300723910366,26.323904103870845,26.289789006471363,26.24038557523157,26.526156356454038,26.58868010906937,,,,,,,,,,,,28.016940536841307,28.0105610181311,28.096884225912348,27.56810048117111,26.99070174590289,26.546458618089854,26.283806566312226,26.302249947762395,26.299407156775487,26.279189372986245,26.221202526530202,26.231964044919234,26.385820012134403,26.462336271473838,26.563358763688786,,,,,27.56810048117111,26.99070174590289,26.919800078191184,"rgba(0, 255, 0, 1.0)",0.3397014189753366,27.18922856743872,2.2395297460223795,40.21266978572881,-4.0994317721596545,False,True,False,True,False,5.244071245863655,0.0,0.0,0.0,0.0,0,0.9858814037918515,0.9538120209762001,False,False,False,False,0.19752957280109124,0.20009799154603775,False,False,False,False,-207110.0,-181647.56649842893,False,False,False,False,8642.024337316812,False,False,False,False
2025-05-26 17:00:00+00:00,27.95,27.95,27.95,27.95,0.0,,,,,,,,,,28.053236618438312,28.082892801964203,27.75142214767667,27.253816716813354,27.20957339551897,26.853901983487265,26.714300723910366,26.323904103870845,26.289789006471363,26.24038557523157,26.526156356454038,26.58868010906937,,,,,,,,,,,,28.016940536841307,28.0105610181311,28.096884225912348,27.56810048117111,26.99070174590289,26.546458618089854,26.283806566312226,26.302249947762395,26.299407156775487,26.279189372986245,26.221202526530202,26.231964044919234,26.385820012134403,26.462336271473838,26.563358763688786,,,,,27.56810048117111,26.99070174590289,26.919800078191184,"rgba(0, 255, 0, 1.0)",0.3340303568226727,27.18922856743872,2.277551776424769,39.84128108570961,-4.95346553688718,False,True,False,True,False,5.244071245863655,0.0,0.0,0.0,0.0,0,0.9850172099615306,0.9524195181210771,False,False,False,False,0.19752957280109124,0.1988137821735645,False,False,False,False,-207110.0,-182042.332909306,False,False,False,False,8508.03946387004,False,False,False,False
2025-05-26 18:00:00+00:00,27.95,27.95,27.95,27.95,0.0,,,,,,,,,,28.053236618438312,28.082892801964203,27.75142214767667,27.253816716813354,27.20957339551897,26.853901983487265,26.714300723910366,26.323904103870845,26.289789006471363,26.24038557523157,26.526156356454038,26.58868010906937,,,,,,,,,,,,28.016940536841307,28.0105610181311,28.096884225912348,27.56810048117111,26.99070174590289,26.546458618089854,26.283806566312226,26.302249947762395,26.299407156775487,26.279189372986245,26.221202526530202,26.231964044919234,26.385820012134403,26.462336271473838,26.563358763688786,,,,,27.56810048117111,26.99070174590289,26.919800078191184,"rgba(0, 255, 0, 1.0)",0.3308140791362384,27.18922856743872,2.2996948453574455,39.59368861903015,-5.693401733408159,False,True,False,True,False,5.244071245863644,0.0,0.0,0.0,0.0,0,0.9843081312410841,0.9553698797636031,False,False,False,False,0.19752957280109124,0.19817167748732786,False,False,False,False,-207110.0,-182430.9789107121,False,False,False,False,8376.131875282907,False,False,False,False
2025-05-26 19:00:00+00:00,27.95,27.95,27.95,27.95,0.0,,,,,,,,,,28.053236618438312,28.082892801964203,27.75142214767667,27.253816716813354,27.20957339551897,26.853901983487265,26.714300723910366,26.323904103870845,26.289789006471363,26.24038557523157,26.526156356454038,26.58868010906937,,,,,,,,,,,,28.016940536841307,28.0105610181311,28.096884225912348,27.56810048117111,26.99070174590289,26.546458618089854,26.283806566312226,26.302249947762395,26.299407156775487,26.279189372986245,26.221202526530202,26.231964044919234,26.385820012134403,26.462336271473838,26.563358763688786,,,,,27.56810048117111,26.99070174590289,26.919800078191184,"rgba(0, 255, 0, 1.0)",0.3278088187060009,27.18922856743872,2.320777810567641,39.42862697457717,-6.345573586416869,False,True,False,True,False,5.244071245863655,0.0,0.0,0.0,0.0,0,0.9829323462882993,0.958667489204195,False,False,False,False,0.19752957280109124,0.19785062514420954,False,False,False,False,-207110.0,-182813.59939271654,False,False,False,False,8246.269365588598,False,False,False,False
2025-05-27 14:00:00+00:00,28.46,28.585,28.415,28.545,21887.0,,,,,,,,,,28.170155848112202,28.102777938974953,27.77357762237763,27.278397094660978,27.230809302357848,26.874624901011245,26.73509905688174,26.34544931498234,26.30964971861079,26.25721535317996,26.53735344710874,26.5993067622665,,,,,,,,,,,,28.243154558094172,28.228898194474652,28.12164008382432,27.592399256276025,27.011636369207746,26.568054649708824,26.304886471813827,26.321215599384086,26.317568148327915,26.296813576485306,26.237276553279884,26.246913647654466,26.398523926459752,26.4741657424615,26.57420757063801,,,,,27.592399256276025,27.011636369207746,26.959130255028434,"rgba(0, 255, 0, 1.0)",0.3316348665090662,27.23627772089639,3.946274687217892,52.87765450237083,-2.212265178378587,False,False,True,False,True,14.037270274415164,0.0,0.0,0.0,0.0,0,0.9830849778493757,0.9488521949254933,False,False,False,False,0.3428282264660514,0.2703394258051305,False,True,False,False,-185223.0,-182850.95444089145,False,True,False,False,8457.753561470945,False,True,False,False
2025-05-27 15:00:00+00:00,28.545,28.6,28.28,28.325,15297.0,,,,,,,,,28.401666666666667,28.204965073686004,28.112091555392592,27.786061514613678,27.293492281237803,27.24397162565491,26.887824365266155,26.748444670301794,26.35948404213548,26.322618767987763,26.2682476714773,26.544660427542144,26.606229189724115,,,,,,,,,,,,28.281348171250354,28.269023897728648,28.132767415923947,27.60665771340026,27.024852084809467,26.58200675235278,26.318641012237293,26.333604110343597,26.32943968547082,26.308346255895504,26.247825360291277,26.256730028452328,26.40684251850223,26.48189817967886,26.581279952170483,,,,,27.60665771340026,27.024852084809467,27.048354056830302,"rgba(0, 255, 0, 1.0)",0.3300059104026801,27.356367383284244,2.935197783378514,56.06195040101288,0.30416096291342853,False,False,True,False,True,9.994880515986033,0.0,0.0,0.0,0.0,0,0.9815557337610264,0.9482758620689654,False,True,False,False,0.3261493663650077,0.2982443960850691,False,False,False,False,-200520.0,-183124.89313173032,False,False,False,False,8563.78838997527,False,False,False,False
2025-05-27 16:00:00+00:00,28.325,28.46,28.315,28.44,7568.0,,,,,,,,,28.402769954078284,28.218814856153063,28.11653859888098,27.792088517608313,27.30083342860426,27.250393141399115,26.894284816307533,26.75498168145777,26.36636816500054,26.32898596206569,26.273672370711605,26.54826077846819,26.609640672123813,,,,,,,,,,,,28.29451839446055,28.283037776446232,28.13801611523963,27.613556540074754,27.03131351860513,26.588843669260257,26.325390174903173,26.339688569906,26.335272480855767,26.31401431469102,26.25301434074994,26.26156105998715,26.410939378685804,26.48570741541152,26.584765092838783,,,,,27.613556540074754,27.03131351860513,27.05498420966176,"rgba(0, 255, 0, 1.0)",0.32639757716346246,27.36354237405738,3.297995148424529,59.604505526792835,3.295335508935338,True,False,True,False,True,11.531870823984413,0.0,0.0,0.0,0.0,0,0.9799919159256266,0.9666531932093776,False,False,False,False,0.3116980724398837,0.3049712342624764,False,False,False,False,-192952.0,-183277.25137775,False,False,False,False,8548.349810285732,False,False,False,False
2025-05-27 17:00:00+00:00,28.44,28.465,28.42,28.455,10099.0,,,,,,,,,28.41621834931036,28.238086037714783,28.123094137441043,27.800485160680097,27.31084400849861,27.259157676268273,26.903056076183358,26.763843219035657,26.37566901405853,26.337591482838555,26.281009201349487,26.5531508902416,26.614278152802704,,,,,,,,,,,,28.31345232667513,28.30282070927759,28.1457579449249,27.623053976144973,27.04010092173463,26.59809509697763,26.334507861817247,26.347915109252273,26.343160761761723,26.321680177707925,26.260033255340808,26.268098675593095,26.416493964261992,26.49087699193542,26.58950107455764,,,,,27.623053976144973,27.04010092173463,27.064604085471366,"rgba(0, 255, 0, 1.0)",0.312385517768527,27.37411705748181,3.4600929973940246,62.14789409412345,5.483868449202042,True,False,True,False,True,11.730975769561695,0.0,0.0,0.0,0.0,0,0.9912209064924459,0.9634544712127399,False,False,False,False,0.3268407730581005,0.3159060036602884,False,False,False,False,-182853.0,-183270.6738370097,False,False,False,False,8572.390898498357,False,False,False,False
2025-05-27 18:00:00+00:00,28.455,28.545,28.435,28.47,14308.0,,,,,,,,,28.43653230242004,28.264328798745574,28.132951661949203,27.81267356913762,27.325179240489167,27.271734122052028,26.915605811427852,26.77651036070106,26.38893552362011,26.349874400049078,26.291493978099144,26.560169426899773,26.620939145818525,,,,,,,,,,,,28.33891463529609,28.32921892088022,28.157342581000027,27.63672766510366,27.052685223386547,26.611302516660665,26.347514122190585,26.35966259429574,26.354429354399336,26.33263288479867,26.2700663871606,26.277449076472376,26.424453059761614,26.498291062547523,26.59630145320279,,,,,27.63672766510366,27.052685223386547,27.07826039410578,"rgba(0, 255, 0, 1.0)",0.2959863948659532,27.389148802302145,3.6516921603351107,64.04090363894649,7.227030464018732,True,False,True,False,True,11.932860470363476,0.0,0.0,0.0,0.0,0,0.9948896156991006,0.9507358953393295,False,False,False,False,0.3400358604436172,0.3279709320519528,False,False,False,False,-168545.0,-183042.36881628085,False,False,False,False,8661.315070614663,False,False,False,False
2025-05-27 19:00:00+00:00,28.475,28.515,28.43,28.44,36697.0,,,,,,,,,28.44751678198701,28.306824589715003,28.15450875691221,27.841083768542628,27.359733586642133,27.302282844323802,26.94646770493756,26.807759757322668,26.42186574460508,26.380430439366084,26.31767297987436,26.577739114506368,26.637611862414083,,,,,,,,,,,,28.372999831010357,28.365346313749974,28.18196122692967,27.669039868685275,27.083506052054947,26.643963284052415,26.37983246403279,26.388908310480755,26.382506978925555,26.35994543199424,26.29514212258117,26.300841848212528,26.444377075150992,26.516851908907846,26.61332404534067,,,,,27.669039868685275,27.083506052054947,27.106854786839882,"rgba(0, 255, 0, 1.0)",0.2745226487641443,27.419349390077628,3.717910396527116,64.419337926877,7.744273830949247,True,False,True,False,True,11.370414003164495,0.0,0.0,0.0,0.0,0,0.9979499794997949,0.949159491594916,False,False,False,False,0.33516145274807974,0.3315661924000163,False,False,False,False,-205242.0,-183386.54914471062,False,False,False,False,9095.976852465597,False,False,False,False
2025-05-28 14:00:00+00:00,28.5,28.57,28.4,28.45,9729.0,,,,,,,,,28.450197407273016,28.315817442826557,28.159957222770647,27.848337293524672,27.368638262233212,27.310199432673986,26.95450559654046,26.815908170002512,26.430470302539618,26.388428225742256,26.324545089040406,26.582371330312057,26.642009502178638,,,,,,,,,,,,28.379879563784325,28.37262878499058,28.18807906019797,27.677306151862833,27.091519624663896,26.65248409265074,26.388282664362137,26.39656874877391,26.38986686465108,26.367108877227654,26.301729470150274,26.306992910542387,26.44962425586338,26.521743167771458,26.617813205823147,,,,,27.677306151862833,27.091519624663896,27.114032747306396,"rgba(0, 255, 0, 1.0)",0.25381858457108697,27.42682797170799,4.031115491487778,64.83928716574012,8.478068520323149,True,False,True,False,True,11.51013263126212,0.0,0.0,0.0,0.0,0,0.9940719542109565,0.9474652493867539,False,False,False,False,0.3386415927928557,0.335103892596436,False,False,False,False,-195513.0,-183574.5561347151,False,False,False,False,9105.791164830473,False,False,False,False
2025-05-28 15:00:00+00:00,28.46,28.48,28.375,28.43,8430.0,,,,,,,,,28.44839267063555,28.320847479348846,28.163873216601814,27.854046149253577,27.37592999204975,27.316710903745726,26.96119782756704,26.822714469053118,26.43770488515882,26.39516038552554,26.330340351612147,26.58627171043448,26.645709759104776,,,,,,,,,,,,28.38259692294728,28.375704126963335,28.192371952210372,27.683935339386117,27.09816517973241,26.659622403830145,26.395392800324803,26.403018149028995,26.396065462028183,26.373144939865597,26.307287539915638,26.312184467607196,26.45404833161645,26.5258643505387,26.621591584395365,,,,,27.683935339386117,27.09816517973241,27.119452811861883,"rgba(0, 255, 0, 1.0)",0.22941637664663164,27.43226600829355,4.3490094573468605,64.43016688099482,8.48334604124691,True,False,True,False,True,11.124188644609582,0.0,0.0,0.0,0.0,0,0.9918116683725691,0.9539406345957011,False,False,False,False,0.3226968321530833,0.32890036237475967,False,False,False,False,-203943.0,-183890.34596208384,False,False,False,False,9095.31378243,False,False,False,False
2025-05-28 16:00:00+00:00,28.435,28.555,28.405,28.47,8464.0,,,,,,,,,28.45055658034337,28.327541046423693,28.168389565563512,27.860139057659108,27.383482497853137,27.323453744154534,26.968075537086687,26.829694635262435,26.445091216849065,26.402034766254488,26.336260265846697,26.59027359401277,26.649509864022576,,,,,,,,,,,,28.387611416563274,28.381006635269102,28.197382364332203,27.690899147593118,27.105011440128077,26.6669262856801,26.402650469619747,26.409606052644094,26.402398365475765,26.379311578441076,26.312965375073485,26.31748993361282,26.45857865070418,26.530088938496508,26.62547043140914,,,,,27.690899147593118,27.105011440128077,27.12546582267721,"rgba(0, 255, 0, 1.0)",0.20406239109462035,27.438469734477316,5.054974902476662,64.95959935387117,9.462922696053738,True,False,True,False,True,11.700505685563947,0.0,0.0,0.0,0.0,0,0.9920098340503996,0.9530833845523459,False,False,False,False,0.33724859249324207,0.33307447743400087,False,False,False,False,-195479.0,-184070.01501693524,False,False,False,False,9085.525971849689,False,False,False,False
2025-05-28 17:00:00+00:00,28.475,28.495,28.35,28.36,10432.0,,,,,,,,,28.446342378371238,28.331268318350883,28.172468372464095,27.866592730442385,27.392020743603638,27.331123780948648,26.97604981856625,26.83782905146003,26.453788297138463,26.410141270755428,26.343257771182873,26.59498754269441,26.653980536223056,,,,,,,,,,,,28.388477924272955,28.382262676946926,28.20172545511114,27.698512280200987,27.11290026479389,26.675478298476566,26.411205343492878,26.417375843673778,26.409870605502572,26.38659246826297,26.319681470887556,26.32376742212424,26.46392801258564,26.53507104789921,26.63003611953814,,,,,27.698512280200987,27.11290026479389,27.131509265900615,"rgba(0, 255, 0, 1.0)",0.2002327024612338,27.444336128780776,4.572998615930388,61.57473826336563,9.462922696053738,True,False,True,False,False,9.559614259065203,0.0,0.0,0.0,0.0,0,0.9873262469337695,0.9548242027800491,False,False,False,False,0.32131790221317247,0.32719618982358667,False,False,False,False,-205911.0,-184408.6349391533,False,False,False,False,9106.4015381776,False,False,False,False
2025-05-28 18:00:00+00:00,28.36,28.415,28.31,28.38,10789.0,,,,,,,,,28.439957275331977,28.333100561730824,28.17594732209346,27.872701575074473,27.40041523782352,27.338698902159667,26.984013544365517,26.845976313848784,26.46254950796013,26.418317167501723,26.350328651784793,26.599747596706067,26.658492536818283,,,,,,,,,,,,28.387270493290814,28.38143866286508,28.2053099456603,27.70585105734782,27.120750286687503,26.684065637081982,26.419829411981738,26.425214107067568,26.417411679072828,26.393943926156958,26.32647163834116,26.33011656890589,26.469334904966498,26.54010431068318,26.634645047571198,,,,,27.70585105734782,27.120750286687503,27.13716474759137,"rgba(0, 255, 0, 1.0)",0.1915673146333406,27.449632639477336,4.8566080403819605,59.82398910539195,9.462922696053738,True,False,True,False,False,9.858046011190542,0.0,0.0,0.0,0.0,0,0.9852670349907918,0.9600982197667282,False,False,False,False,0.30486091840118595,0.3160285541123863,False,False,False,False,-195122.0,-184574.7336222672,False,False,False,False,9132.488336035312,False,False,False,False
2025-05-28 19:00:00+00:00,28.38,28.42,28.19,28.265,11915.0,,,,,,,,,28.427664036698953,28.330955681839573,28.178173570835,27.878260232599498,27.408798525007146,27.346323647683278,26.992221958805906,26.85442559240451,26.47174687768552,26.42691549247306,26.357785835342625,26.6047482343912,26.66322572546461,,,,,,,,,,,,28.38133501287883,28.37593346028805,28.207314153632392,27.712854561094932,27.128780505142544,26.693021424399078,26.428894365756396,26.433458889009177,26.42534795085133,26.401686701585238,26.33363874809755,26.3368206561544,26.4750308928271,26.545399099499544,26.639482838693038,,,,,27.712854561094932,27.128780505142544,27.142111514903664,"rgba(0, 255, 0, 1.0)",0.1894914483790811,27.45380011990584,4.28093134034915,55.306769716493605,10.638245197364157,False,False,True,False,False,7.646651588202612,0.0,0.0,0.0,0.0,0,0.9799959175341907,0.9620330679730558,False,False,False,False,0.2892386754574865,0.3026336147849364,False,False,False,False,-207037.0,-184922.98581417004,False,False,False,False,9175.628051755693,False,False,False,False
2025-05-29 14:00:00+00:00,28.255,28.27,28.01,28.17,3057.0,,,,,,,,,28.42188130031452,28.328583812839614,28.178035191055596,27.879182105033433,27.41058297729913,27.347970061929434,26.994083593827668,26.85636539422258,26.4739092031099,26.42894220379478,26.359550398337603,26.60591912747071,26.6643304269633,,,,,,,,,,,,28.377707908062952,28.372433730930855,28.2069748944874,27.714191315728055,27.130574240933843,26.69510092837233,26.4310301980389,26.435402126545732,26.427219577312176,26.4035149288066,26.33533674086814,26.33840920930239,26.476373044708247,26.546642625200814,26.640613469463286,,,,,27.714191315728055,27.130574240933843,27.14279990844251,"rgba(0, 255, 0, 1.0)",0.1856040054703548,27.45411666022644,3.857046823743817,50.101306389969686,5.836547998648015,False,True,False,False,False,5.870167929401042,0.0,0.0,0.0,0.0,0,0.972736520854527,0.9686673448626654,False,False,False,False,0.24513450156766922,0.2738840581763028,False,False,False,False,-210094.0,-185313.2340961209,False,False,False,False,9080.765601340876,False,False,False,False
2025-05-29 15:00:00+00:00,28.17,28.215,27.97,27.975,3444.0,,,,,,,,,28.41343233774216,28.324578393262062,28.177348952948876,27.879845168631917,27.41232158803788,27.349594253672798,26.995998948881073,26.85838103564276,26.476198489475404,26.43109185758487,26.361427082810554,26.607153675365247,26.66549216277215,,,,,,,,,,,,28.372077642485387,28.36696060512493,28.205957101264175,27.715355660137863,27.13239661225136,26.697281400877802,26.433295116563688,26.437462974257016,26.429205240892056,26.405456276934107,26.33714419157592,26.34010021531496,26.477795345481045,26.547956943451354,26.64180375956669,,,,,27.715355660137863,27.13239661225136,27.14314653741208,"rgba(0, 255, 0, 1.0)",0.18231388140002905,27.453917694715038,2.8581603401971143,43.3597847918074,-0.20182078224820543,False,True,False,True,False,2.38612125911677,0.0,0.0,0.0,0.0,0,0.970820668693009,0.9700101317122595,False,False,False,False,0.23261619153022156,0.25325012485326215,False,False,False,False,-213538.0,-185750.82736594847,False,False,False,False,8993.373886591406,False,False,False,False
2025-05-29 16:00:00+00:00,27.98,28.18,27.935,28.155,3366.0,,,,,,,,,28.406344390550913,28.321288924716843,28.176881668820183,27.880624291420695,27.414108437746016,27.351256781535277,26.99792892883292,26.860404725293503,26.478481393459276,26.433234698207187,26.3632969128911,26.608388770304643,26.666655659508248,,,,,,,,,,,,28.36737224788222,28.362394381259325,28.20521117411393,27.71660855662968,27.134241405578404,26.69946317602437,26.435552599672505,26.43951767082856,26.431184960477513,26.407391367780534,26.338944699325022,26.341785006383823,26.479215250084405,26.549270515175056,26.64299532439149,,,,,27.71660855662968,27.134241405578404,27.14368016658757,"rgba(0, 255, 0, 1.0)",0.18057782629975277,27.45397792038765,3.882104984743137,43.64097264309457,-0.20182078224820543,False,True,False,True,False,5.217850841575267,0.0,0.0,0.0,0.0,0,0.9846468781985669,0.9709314227226203,False,False,False,False,0.22343799430998687,0.23834405958162452,False,False,False,False,-210172.0,-186129.45019748417,False,False,False,False,8906.127779822546,False,False,False,False
2025-05-29 17:00:00+00:00,28.15,28.19,28.085,28.1,1944.0,,,,,,,,,28.402828015267346,28.319711994104193,28.176721867752942,27.881146420417423,27.415189346506804,27.352258891353927,26.99907609478169,26.861603642829486,26.479825493667438,26.434495845823214,26.36439682521331,26.609117978848133,26.66734326247157,,,,,,,,,,,,28.36505949926699,28.360155268001254,28.204914277264006,27.71739581412076,27.135342511528247,26.700751765125105,26.436881108779822,26.440727129686678,26.432350258373017,26.408530141409194,26.340003631851726,26.342776014718414,26.480051956945875,26.550045347077468,26.643699231993565,,,,,27.71739581412076,27.135342511528247,27.144089566474648,"rgba(0, 255, 0, 1.0)",0.180650551124025,27.454144796160545,3.5751632077559887,42.86153320023988,-0.5267029087420667,False,True,False,True,False,4.254202559708908,0.0,0.0,0.0,0.0,0,0.9876872563102811,0.9706546275395034,False,False,False,False,0.24447379435008168,0.2414089269658531,False,False,False,False,-212116.0,-186532.3424424844,False,False,False,False,8798.187814243902,False,False,False,False
2025-05-29 18:00:00+00:00,28.11,28.14,27.99,27.995,2355.0,,,,,,,,,28.397441268614816,28.3170320802723,28.176219809356034,27.881560822200235,27.416341171409744,27.353338853246147,27.0003600451184,26.862957394820565,26.481368498389166,26.43594592087041,26.365664461284346,26.609951906997797,26.668127799169632,,,,,,,,,,,,28.361363948829673,28.356557277700222,28.20418554301976,27.718151305868208,27.136561094627176,26.702218516725985,26.43840838645488,26.44211759165898,26.433690383244052,26.40984077609556,26.341224952748707,26.34391900198589,26.481013129693235,26.550933362354368,26.644503142993944,,,,,27.718151305868208,27.136561094627176,27.144336623863556,"rgba(0, 255, 0, 1.0)",0.18091504153067203,27.4540246737472,2.990217516883946,40.64123388347564,-2.819670910953846,False,True,False,True,False,2.44192708009588,0.0,0.0,0.0,0.0,0,0.9852095316351683,0.9718570254724733,False,False,False,False,0.22540158591589504,0.23340525644087406,False,False,False,False,-214471.0,-186965.49992399628,False,False,False,False,8698.293429526942,False,False,False,False
2025-05-29 19:00:00+00:00,27.99,28.035,27.92,28.035,13556.0,,,,,,,,,28.365753310002923,28.300192122511703,28.172458133583078,27.883246301747196,27.422418619892255,27.35908804310015,27.0073729882127,26.870394737882137,26.489937029289145,26.444009810490677,26.37272928902777,26.61458311396762,26.672479053720664,,,,,,,,,,,,28.338855030299715,28.334582937342635,28.198986756284587,27.72183705677827,27.14316674721011,26.710317951634135,26.446898400500526,26.44985086629985,26.441146626825347,26.41713749248088,26.348036099221066,26.35029494625303,26.48636409540145,26.555870837771558,26.64896428001805,,,,,27.72183705677827,27.14316674721011,27.145237849201717,"rgba(0, 255, 0, 1.0)",0.18001081048560563,27.452676142418028,3.234938257380587,40.23028280074627,-3.4975986523195317,False,True,False,True,False,3.0812038737352516,0.0,0.0,0.0,0.0,0,0.984552008238929,0.9740473738414007,False,False,False,False,0.20259495839533767,0.21800010741810588,False,False,False,False,-200915.0,-187181.77124300407,False,False,False,False,8773.606709689315,False,False,False,False
2025-05-30 14:00:00+00:00,28.07,28.16,27.995,28.04,6987.0,,,,,,,,,28.35397680974238,28.293988181980634,28.171310185079008,27.884607756319415,27.425868460799823,27.362324637156185,27.01119618144928,26.87442036688351,26.49451424577381,26.448315115575532,26.37649899550123,26.617075481914675,26.674825813460934,,,,,,,,,,,,28.330411934199958,28.326357858378017,28.19727873370808,27.72416184936537,27.14680137371526,26.71467275224013,26.45142962999777,26.453981519202795,26.445129597898568,26.421033773408276,26.351669444479786,26.353697648049103,26.489231466064247,26.55852262428551,26.651368154846303,,,,,27.72416184936537,27.14680137371526,27.146456045650144,"rgba(0, 255, 0, 1.0)",0.1803600003590667,27.452970242742822,3.25476688893601,40.09811583603664,-4.038298723962804,False,True,False,True,False,3.161935139552657,0.0,0.0,0.0,0.0,0,0.9839473142621938,0.9711874871372711,False,False,False,False,0.22867804897735253,0.2233390781977292,False,False,False,False,-193928.0,-187286.36393691096,False,False,False,False,8745.907380856923,False,False,False,False
2025-05-30 15:00:00+00:00,28.03,28.18,28.02,28.13,3181.0,,,,,,,,,28.349703608673156,28.291804832766914,28.171013441342858,27.885373799472845,27.427536565262,27.363882101376337,27.01300157814685,26.87631309052623,26.496648791076787,26.45032199052137,26.378255278494137,26.61824253458302,26.6759261140511,,,,,,,,,,,,28.327360981171157,28.32339369468312,28.19677511730276,27.725348231198687,27.148527280401773,26.716711881508953,26.453541483370817,26.455907441706405,26.446986670986785,26.422849941022854,26.353361835624405,26.35528295908197,26.490570639407675,26.559762800010187,26.652494627702243,,,,,27.725348231198687,27.148527280401773,27.14720944140548,"rgba(0, 255, 0, 1.0)",0.18031009325471098,27.453364068342204,3.75262371309387,42.50638945627584,-4.038298723962804,False,True,False,True,False,4.61316831944054,0.0,0.0,0.0,0.0,0,0.9813239261257521,0.9825689977173688,False,False,False,False,0.23458791670629003,0.2289634974520096,False,False,False,False,-190747.0,-187340.0172092069,False,False,False,False,8659.629747045188,False,False,False,False
2025-05-30 16:00:00+00:00,28.135,28.15,27.895,27.915,4533.0,,,,,,,,,28.34086322394186,28.286730614495898,28.16975067962808,27.88586202093409,27.429472595643503,27.365725323332473,27.01527598662722,26.878731627958082,26.499449054023916,26.452961574910546,26.380574077077778,26.61976522584914,26.677356559505018,,,,,,,,,,,,28.320770696423995,28.316945585042117,28.19506155247658,27.72648825162855,27.15066195769473,26.719351100953677,26.456318268164903,26.45844013973594,26.449430165128142,26.425242583922568,26.35559898124737,26.357378687981807,26.492330127229724,26.56138632928122,26.65396129375114,,,,,27.72648825162855,27.15066195769473,27.147632048219393,"rgba(0, 255, 0, 1.0)",0.1819922283257288,27.453085526070225,2.5380999956934507,40.15776295787456,-4.386615960306592,False,True,False,True,False,0.8767034511401164,0.0,0.0,0.0,0.0,0,0.9926222596964585,0.9818718381112986,False,False,False,False,0.21429667963812507,0.22163008854506733,False,False,False,False,-195280.0,-187463.1177175913,False,False,False,False,8595.650991277047,False,False,False,False
2025-05-30 17:00:00+00:00,27.915,28.085,27.89,28.045,2212.0,,,,,,,,,28.33693865922006,28.284476275211908,28.169207370000596,27.886145486806534,27.43044621089821,27.36664966112797,27.016404764123,26.879929233079157,26.500830025153768,26.45426309515649,26.381717232134182,26.62051788852896,26.678064096344933,,,,,,,,,,,28.00666666666667,28.317833506656743,28.31407304091854,28.194314758896702,27.727083438172453,27.15172451439558,26.720655262728428,26.457687287698167,26.459689132543463,26.450635197223928,26.426422403660364,26.35670179230064,26.358411931565815,26.49319868645285,26.562188332006684,26.654686546049202,,,,,27.727083438172453,27.15172451439558,27.20568422531169,"rgba(0, 255, 0, 1.0)",0.18217648111121074,27.5303863156283,2.8248085660275435,41.72592574725491,-4.386615960306592,False,True,False,True,False,2.9626937146959875,0.0,0.0,0.0,0.0,0,1.003026372676178,0.9840034587116301,False,False,False,False,0.20519050679202147,0.2134102976685444,False,False,False,False,-193068.0,-187550.01511731857,False,False,False,False,8496.679658078952,False,False,False,False
2025-05-30 18:00:00+00:00,28.045,28.145,28.045,28.13,4458.0,,,,,,,,,28.331614796451984,28.281637810849066,28.168790262939915,27.88718342965781,27.43273726241839,27.368794272621056,27.018900817520695,26.882548669014305,26.503789834465916,26.457048067106754,26.38415771801431,26.622141556682138,26.67959491413988,,,,,,,,,,,28.07350324837581,28.313927520296527,28.310274095956522,28.193620097555538,27.728701611432843,27.154107507903888,26.723479377724765,26.460616685150207,26.462362523814434,26.453213837670837,26.428944967537333,26.359054328292743,26.360616471091845,26.49506159100019,26.56391367358788,26.656253775164714,,,,,27.728701611432843,27.154107507903888,27.20938747219455,"rgba(0, 255, 0, 1.0)",0.1816513837685202,27.5342094443502,3.279856961667959,44.55018090575305,-4.386615960306592,False,True,False,True,True,4.290350242002418,0.0,0.0,0.0,0.0,0,1.0099891422366993,0.9559174809989144,False,False,False,False,0.23327323514129347,0.22334176640491893,False,False,False,False,-188610.0,-187566.44899146867,False,False,False,False,8434.064469581604,False,False,False,False
2025-05-30 19:00:00+00:00,28.13,28.42,28.12,28.325,39176.0,,,,,,,,,28.32430610453297,28.28246153097306,28.175408671975653,27.903116815130698,27.4574746448982,27.391631071198546,27.043936642661834,26.908441599371624,26.532233888913307,26.483775395969428,26.407541815616323,26.637986483551725,26.694602371277792,,,,,,,,,,,28.257078334714773,28.310348905132066,28.307232125583347,28.199787188424004,27.748909824022597,27.17844660593911,26.751006562011558,26.48871138412193,26.48804267086926,26.477986012453517,26.453156798080517,26.381580191504955,26.38174407976991,26.51307401163767,26.580677518587315,26.67158910659675,,,,,27.748909824022597,27.17844660593911,27.233897315020272,"rgba(0, 255, 0, 1.0)",0.18221678011299539,27.648394222773835,3.7131913801055596,49.75084749581947,-5.8036872284441685,False,False,False,False,True,7.214855499143518,0.0,0.0,0.0,0.0,0,1.0193562418442799,0.9434536755110917,False,False,False,False,0.2797967508315115,0.2515692586182152,False,False,False,False,-149434.0,-186975.248231911,False,False,False,False,8910.683625091968,False,False,False,False
2025-06-02 14:00:00+00:00,28.02,28.24,27.95,28.175,8498.0,,,,,,,,,28.317145748005853,28.278282013401196,28.17477091517095,27.90498372234844,27.461614260516253,27.395542832689976,27.048527617633543,26.91326961530357,26.537710402686837,26.488944419418235,26.412095860894755,26.64104075220151,26.697484304521762,,,,,,,,,,,28.235903442269006,28.30479466013588,28.301814258359613,28.198699159942983,27.75180689616277,27.182816770057656,26.756216833612243,26.494138145918356,26.493011219304037,26.482784938260664,26.4578563663271,26.385976167642152,26.38587077494268,26.516571235793354,26.58392025783779,26.674538654319647,,,,,27.75180689616277,27.182816770057656,27.235245931071923,"rgba(0, 255, 0, 1.0)",0.1806058871861022,27.6468592423197,2.924272103799627,50.26136943549746,-5.307265327498726,False,False,False,False,True,4.629742084026844,0.0,0.0,0.0,0.0,1,1.0128680479825516,0.9474372955288987,False,False,False,False,0.23327323514129347,0.24242124687975436,False,False,False,False,-157932.0,-186524.96531358678,False,False,False,False,8904.285429354108,False,False,False,False
2025-06-02 15:00:00+00:00,28.175,28.245,28.155,28.205,5779.0,,,,,,,,,28.314435946682696,28.276951264595827,28.17498622812777,27.90669722669455,27.464737663202033,27.39846958802557,27.051858477092647,26.91674689239996,26.541600168653556,26.492612300779097,26.415323283276017,26.64322244786471,26.69954721705072,,,,,,,,,,,28.232612616358686,28.30277071595865,28.299864551505127,28.198727002480773,27.754172039567358,27.186016878297593,26.759943738963074,26.49798840555508,26.496537935917324,26.48619095778058,26.46119011859835,26.389090154751543,26.38879476270064,26.519058925667423,26.586231991603313,26.6766481337003,,,,,27.754172039567358,27.186016878297593,27.237095113745276,"rgba(0, 255, 0, 1.0)",0.17979968834155513,27.64769597864973,3.099582799562983,51.1231917463237,-4.3179038820240905,False,False,False,False,True,5.078430022077054,0.0,0.0,0.0,0.0,1,1.0328990947228966,0.9326562155001105,False,False,False,False,0.26105601841368853,0.25173863264672147,False,False,False,False,-152153.0,-185992.0666265544,False,False,False,False,8855.831391689702,False,False,False,False
2025-06-02 16:00:00+00:00,28.205,28.205,28.075,28.14,9599.0,,,,,,,,,28.307892033678172,28.27311094492191,28.174527114625437,27.908914092418854,27.469438524107666,27.402914628769693,27.057054303187797,26.922206188345452,26.547782570585234,26.49845152765156,26.420474251854607,26.646689965151637,26.702821109802013,,,,,,,,,,,28.219862142986912,28.29763217150888,28.294856915981377,28.197825821097137,27.757512229569585,27.190968056868215,26.76582891480304,26.504115407375913,26.502153102795642,26.491616369830925,26.466504246438184,26.394063821136054,26.3934662889202,26.52302397518336,26.589911224170198,26.67999799319141,,,,,27.757512229569585,27.190968056868215,27.239287825785674,"rgba(0, 255, 0, 1.0)",0.17689188432070868,27.647647641511696,2.783351878346545,50.41900070731769,-4.3179038820240905,False,False,False,False,True,3.9652705002949595,0.0,0.0,0.0,0.0,0,1.0268471266918127,0.9309962280896386,False,False,False,False,0.24513450156766922,0.24843656710719536,False,False,False,False,-161752.0,-185616.2516400962,False,False,False,False,8867.353385616994,False,False,False,False
2025-06-02 17:00:00+00:00,28.135,28.15,28.03,28.09,7483.0,,,,,,,,,28.301700847268847,28.26919376095278,28.173671164404936,27.91024561560385,27.47278809306383,27.40611045016587,27.060885044864847,26.926255002947524,26.552418743663495,26.502837145390657,26.424352308078344,26.64929184442689,26.705274569018613,,,,,,,,,,,28.207275413941236,28.292645053951542,28.289973730288427,28.196551196016536,27.759741084378255,27.19459081381663,26.77021639464759,26.508715130166593,26.506371098727328,26.495693634455904,26.47050057358475,26.397811060812714,26.396987011348266,26.52600637675424,26.5926752164911,26.68250972336093,,,,,27.759741084378255,27.19459081381663,27.2405414699718,"rgba(0, 255, 0, 1.0)",0.17421928814041357,27.6469445418462,2.5430907385909878,48.98392746096133,-4.3179038820240905,False,False,False,False,True,3.112964496396529,0.0,0.0,0.0,0.0,1,1.0291954535324268,0.92801426342768,False,False,False,False,0.23195934515785938,0.24019795613252737,False,False,False,False,-169235.0,-185362.27874645128,False,False,False,False,8845.890542429133,False,False,False,False
2025-06-02 18:00:00+00:00,28.09,28.22,28.02,28.07,34169.0,,,,,,,,,28.27891950256281,28.2544338995293,28.17056254874646,27.916518006369735,27.487955198173434,27.420610606403663,27.078244001306736,26.944599338800508,26.573419623679357,26.522725170011622,26.441973738017225,26.661163205918623,26.716475006697888,,,,,,,,,,,28.175386490563326,28.273934234656394,28.271652953816808,28.191777180410686,27.769946052524833,27.211009674092065,26.790085316934995,26.529558086232154,26.525509800909337,26.51420352176217,26.488649622194792,26.414846610068587,26.41300459467729,26.53959651743464,26.60527908704347,26.693973603404945,,,,,27.769946052524833,27.211009674092065,27.247964891595156,"rgba(0, 255, 0, 1.0)",0.17345892885577271,27.64760603676919,2.4351237841553925,47.62896211798039,-4.3179038820240905,False,True,False,True,False,2.770348700133937,0.0,0.0,0.0,0.0,1,1.0259449787519568,0.9302169537016328,False,False,False,False,0.23985466432915273,0.24002631023084003,False,False,False,False,-203404.0,-185641.9953550334,False,False,False,False,9238.496890608527,False,False,False,False
2025-06-02 19:00:00+00:00,28.07,28.14,28.01,28.07,47145.0,,,,,,,,,28.250798807555057,28.23462928727559,28.164974356254827,27.923245114854943,27.50675904387483,27.438817949523536,27.100593569335363,26.968359639820655,26.600928958092222,26.54886239792895,26.4652602537835,26.67689394732364,26.73130951522367,,,,,,,,,,,28.14503494849198,28.24986114611095,28.247996822159873,28.183960037722887,27.781889416339272,27.231983711265073,26.815942413396854,26.556906208392675,26.55068773207907,26.53858475469784,26.512585440922365,26.437392619146557,26.43423403027557,26.5576152414183,26.621986618638026,26.709160333988642,,,,,27.781889416339272,27.231983711265073,27.25791615602875,"rgba(0, 255, 0, 1.0)",0.17331406684270548,27.649414379424407,2.4267252407001916,46.725651889326436,-4.3179038820240905,False,True,False,True,False,2.770348700133937,0.0,0.0,0.0,0.0,1,1.0314479638009049,0.9321266968325792,False,False,False,False,0.22802237231252467,0.23402434127168237,False,False,False,False,-203404.0,-185917.3752720096,False,False,False,False,9826.194613234751,False,False,False,False
2025-06-03 14:00:00+00:00,28.14,28.29,28.135,28.17,11333.0,,,,,,,,,28.249128621575288,28.233699583073413,28.165428964584,27.926052911091745,27.512058332933286,27.443876909592227,27.10648848020599,26.974552243977897,26.6079407239541,26.55551903961709,26.47118668534231,26.68095711451871,26.735154947649853,,,,,,,,,,,28.148591165642248,28.248416375550896,28.246612469357473,28.18418451121844,27.785793369222176,27.23760095678908,26.822606041568932,26.56386652176533,26.55710539270526,26.54480053207163,26.518684088549012,26.443128429066498,26.439639629214152,26.562235769741484,26.6262873733618,26.71309124526935,,,,,27.785793369222176,27.23760095678908,27.2619679099364,"rgba(0, 255, 0, 1.0)",0.17239437293488352,27.652544755917802,3.001578504407751,48.70966706478012,-4.3179038820240905,False,False,False,False,False,4.382894387386941,0.0,0.0,0.0,0.0,1,1.031659882406151,0.9170058796924468,False,False,False,False,0.25979093495778055,0.24690763811473146,False,False,False,False,-192071.0,-186012.7803065521,False,False,False,False,9849.55593706057,False,False,False,False
2025-06-03 15:00:00+00:00,28.17,28.24,28.085,28.205,10897.0,,,,,,,,,28.246976487689654,28.23232867752972,28.165574313043116,27.928488584658155,27.51691925354668,27.448540211673887,27.11198590523708,26.980343703140417,26.614533867771293,26.561785368435316,26.476776011405256,26.684788056617386,26.738779004805977,,,,,,,,,,,28.150283782114055,28.24653278774753,28.24478669771104,28.184073289146056,27.78928516619323,27.242820428660156,26.828853045601036,26.57041563754572,26.56314834141875,26.550655690905934,26.524431533635127,26.448540798705878,26.44474246667372,26.566595551907632,26.63034390753717,26.716796553733392,,,,,27.78928516619323,27.242820428660156,27.26557670408386,"rgba(0, 255, 0, 1.0)",0.17139262653983725,27.655122771007136,3.2082898785908562,50.86125410259625,-3.5321219765437206,False,False,False,False,True,4.941492366720553,0.0,0.0,0.0,0.0,1,1.0267306374228922,0.9291752341786613,False,False,False,False,0.2193678506989777,0.23313774440685459,False,False,False,False,-181174.0,-185937.7604568381,False,False,False,False,9865.79537989684,False,False,False,False
2025-06-03 16:00:00+00:00,28.205,28.405,28.175,28.385,12942.0,,,,,,,,,28.249521336064294,28.23480831383516,28.16793581545775,27.932975146811135,27.523849529865387,27.455089825322418,27.119321357229314,26.987974890360178,26.623012870772527,26.56982764964267,26.48392905329532,26.689752266560262,26.7434912359314,,,,,,,,,,,28.16173520366632,28.248804545309415,28.247098407173954,28.186449171718895,27.79487433046415,27.249895439624147,26.836988101844874,26.578820981592433,26.570906748527616,26.558170588964327,26.531800555711857,26.455460829256314,26.45126826613253,26.572206597646808,26.635583417111498,26.72160760206747,,,,,27.79487433046415,27.249895439624147,27.27170902225159,"rgba(0, 255, 0, 1.0)",0.17169523072014437,27.66098090193727,4.216885320727704,55.780085174789704,1.1003454046598264,True,False,True,False,True,7.7338090312223855,0.0,0.0,0.0,0.0,1,1.015384615384615,0.9361305361305361,False,False,False,False,0.26505126934194356,0.24909450687439907,False,False,False,False,-168232.0,-185663.2525427786,False,False,False,False,9913.48847478216,False,False,False,False
2025-06-03 17:00:00+00:00,28.38,28.46,28.27,28.43,6090.0,,,,,,,,,28.251685486907885,28.236766125498285,28.16948196640125,27.935398268402075,27.527331854573433,27.458366571694413,27.122927388483447,26.99170941684821,26.627125247324287,26.573726129865374,26.48739421338571,26.692170455140214,26.74578986218496,,,,,,,,,,,28.16859187476954,28.250738522977084,28.249045652643726,28.188062901505305,27.797783499495896,27.253392622995673,26.840951797063077,26.582894827432256,26.574668579677418,26.56181431293864,26.53537243113777,26.45881226716912,26.454429548634067,26.574932181441472,26.63813232539556,26.7239530898271,,,,,27.797783499495896,27.253392622995673,27.274936147570614,"rgba(0, 255, 0, 1.0)",0.17431482340136423,27.664240125534754,4.3929704859469405,59.764573527641616,4.6903017507981986,True,False,True,False,True,8.41085963188554,0.0,0.0,0.0,0.0,0,1.0072193758733112,0.939683278993945,False,False,False,False,0.29242599393605545,0.2707602504052273,False,False,False,False,-162142.0,-185298.58196071998,False,False,False,False,9854.209583700265,False,False,False,False
2025-06-03 18:00:00+00:00,28.43,28.455,28.31,28.315,11217.0,,,,,,,,,28.254744701191072,28.23962456833268,28.171930575559216,27.939534495206445,27.533476054930933,27.464170325949723,27.129376784657182,26.99840549847069,26.634535703465705,26.580758040238134,26.493654523771784,26.696536647801327,26.749938317073973,,,,,,,,,,,28.178767444873095,28.253490558482174,28.251825483863282,28.190578017268923,27.802828347188616,27.259627736934174,26.84807455899621,26.59024025319277,26.581455379904533,26.568390199213976,26.541821243544817,26.464869873908892,26.46014529233217,26.579857409461322,26.64273641537826,26.728186919324756,,,,,27.802828347188616,27.259627736934174,27.280487322837534,"rgba(0, 255, 0, 1.0)",0.17425535265155806,27.669634777178015,3.7035603957168672,59.02688139302913,4.6903017507981986,True,False,True,False,True,6.277548791817768,0.0,0.0,0.0,0.0,0,1.0086126629422716,0.9387802607076351,False,False,False,False,0.29887381197546425,0.28481703119034574,False,False,False,False,-173359.0,-185113.47216287933,False,False,False,False,9875.338117286306,False,False,False,False
2025-06-03 19:00:00+00:00,28.315,28.37,28.185,28.355,21834.0,,,,,,,,,28.257276747107483,28.242376747048024,28.17513768116752,27.94630440032229,27.5443770654004,27.47455455403828,27.141170413729814,27.01071861764086,26.648312171986852,26.59385724400874,26.505354652203785,26.704682964889745,26.757670420841812,,,,,,,,,,,28.190448706936042,28.25582003701706,28.254220590636425,28.193699700118557,27.811420251466696,27.27095039101485,26.861236738555625,26.603913170758588,26.594102843408407,26.580652757936768,26.55385691131659,26.47620176726787,26.470844354077823,26.58906417785451,26.651334670116018,26.73608157086176,,,,,27.811420251466696,27.27095039101485,27.289834907720795,"rgba(0, 255, 0, 1.0)",0.17506310316534668,27.677938418867047,3.8675287304456747,59.321161669383564,4.6903017507981986,True,False,True,False,True,6.895766904839821,0.0,0.0,0.0,0.0,0,0.9990693345742202,0.9483480688692415,False,False,False,False,0.2605273368781848,0.2726721840342653,False,False,False,False,-151525.0,-184592.7206564781,False,False,False,False,10060.743727871015,False,False,False,False
2025-06-04 14:00:00+00:00,28.425,28.565,28.275,28.365,7045.0,,,,,,,,,28.259664446937762,28.244566533130136,28.176907682257585,27.949022254359512,27.548276055109312,27.47824158890207,27.14524308364626,27.01494063434903,26.652970138577015,26.598282136420565,26.509302328868507,26.707454471242983,26.76030655393448,,,,,,,,,,,28.19665201332349,28.25798674446509,28.256400130089492,28.195541029379115,27.814671597300784,27.274894546355977,26.865719149320498,26.608531033998297,26.598376644842837,26.584796259416976,26.557921654513073,26.480023566763006,26.474453906917823,26.59218309855142,26.654254040789304,26.73877078129036,,,,,27.814671597300784,27.274894546355977,27.29342273031183,"rgba(0, 255, 0, 1.0)",0.1756741711641324,27.68145545113319,3.8909792164505137,59.72293753714092,4.8523938468631584,True,False,True,False,True,7.051699037352819,0.0,0.0,0.0,0.0,1,1.003000923361034,0.9374422899353647,False,False,False,False,0.31277302321579964,0.29272260362503244,False,False,False,False,-144480.0,-183970.81801064123,False,False,False,False,10013.988011159836,False,False,False,False
2025-06-04 15:00:00+00:00,28.365,28.415,28.27,28.33,5158.0,,,,,,,,,28.26060551208373,28.24550089156864,28.17782589908329,27.950716094859807,27.550898097555653,27.48073863991349,27.14805877563109,27.01787513382321,26.656241862031244,26.601394819145575,26.51208583224782,26.70940225731594,26.762156979669225,,,,,,,,,,,28.19963441277096,28.258851261190788,28.2572773668941,28.19646070789963,27.81677505118366,27.277603524379913,26.868849801133436,26.611778104664847,26.601383471021045,26.587712656327493,26.56078449887607,26.482720188763178,26.4770015303405,26.59438013330556,26.656308046609755,26.740659409395104,,,,,27.81677505118366,27.277603524379913,27.29572617066779,"rgba(0, 255, 0, 1.0)",0.17650391109100383,27.68355338939461,3.6625058708873914,58.83843658848373,4.8523938468631584,True,False,True,False,True,6.386189634129533,0.0,0.0,0.0,0.0,0,1.0076212471131638,0.9411085450346421,False,False,False,False,0.2841704667592996,0.288446535192166,False,False,False,False,-149638.0,-183438.52625853827,False,False,False,False,9938.701375327899,False,False,False,False
2025-06-04 16:00:00+00:00,28.33,28.34,28.23,28.3,2551.0,,,,,,,,,28.260778394126703,28.24571911922457,28.178140582873755,27.951444603340015,27.552109259790992,27.481898958963292,27.14939008231477,27.01926870177192,26.65780891329699,26.60288742799228,26.513422993684493,26.710335325926074,26.76304253020963,,,,,,,,,,,28.20056549374089,28.259016142173973,28.257449728545158,28.196757719389744,27.81771329776815,27.278877396771527,26.870342452922245,26.613334682249143,26.602825450305332,26.58911171712428,26.562158573462046,26.484016307858923,26.478226288927488,26.595434624043612,26.657292911223003,26.741563616069147,,,,,27.81771329776815,27.278877396771527,27.296747956506493,"rgba(0, 255, 0, 1.0)",0.17691126192072915,27.684419067794693,3.479602855815585,57.25573363227262,4.8523938468631584,True,False,True,False,False,5.812899534534182,0.0,0.0,0.0,0.0,0,1.0205944301427567,0.9379826819564709,False,False,False,False,0.2574679395883294,0.2729572373902477,False,False,False,False,-152189.0,-182954.0374793361,False,False,False,False,9824.16336950886,False,False,False,False
2025-06-04 17:00:00+00:00,28.305,28.54,28.265,28.475,8541.0,,,,,,,,,28.263981926149015,28.248642170983075,28.180453137245077,27.954836598548848,27.556881346623484,27.486412652588832,27.154356299292047,27.02441178593091,26.66347123000741,26.608268948936544,26.518228613208016,26.713720913833097,26.766264682958774,,,,,,,,,,,28.20810523034796,28.261935611026498,28.260382256760916,28.19917618912728,27.82172897012259,27.283692548319237,26.875796166479713,26.618948397753993,26.608025091353674,26.594154251945593,26.567105891470757,26.488669712999144,26.482623297052772,26.599239605882044,26.66085700002705,26.744849844621594,,,,,27.82172897012259,27.283692548319237,27.30118111720622,"rgba(0, 255, 0, 1.0)",0.17884010675341744,27.688793631326803,4.396141240047515,60.10538399922362,5.68691990023914,True,False,True,False,True,8.597106085006356,0.0,0.0,0.0,0.0,0,1.0118687456364905,0.9332092157319061,False,False,False,False,0.30358965032191515,0.28827344385608145,False,False,False,False,-143648.0,-182344.64154942392,False,False,False,False,9804.26936378004,False,False,False,False
2025-06-04 18:00:00+00:00,28.47,28.51,28.405,28.505,8711.0,,,,,,,,,28.268025617032787,28.252284105216805,28.183206523440074,27.95858385864597,27.561953341393572,27.491198265272786,27.159566068301224,27.029791946582407,26.669360892902247,26.613864989429583,26.523224323879845,26.717253855131137,26.769630140696332,,,,,,,,,,,28.216829061539503,28.265624646919537,28.26408078061074,28.20208629693581,27.826082147663207,27.288760922910978,26.881485391635692,26.624785041287755,26.613433073940204,26.599398971104094,26.57225066011811,26.493506563970865,26.487194589671972,26.603202755173246,26.664572944926793,26.748280940716942,,,,,27.826082147663207,27.288760922910978,27.30599123342316,"rgba(0, 255, 0, 1.0)",0.1811885683399671,27.69366630651863,4.47784151569127,62.53975599632561,8.062536306908001,True,False,True,False,True,9.061272817405285,0.0,0.0,0.0,0.0,0,1.0154169586545199,0.9387993459472085,False,False,False,False,0.32560557032327386,0.30693950708967765,False,False,False,False,-134937.0,-181609.63935485922,False,False,False,False,9787.319451163296,False,False,False,False
2025-06-04 19:00:00+00:00,28.505,28.585,28.44,28.45,14924.0,,,,,,,,,28.275189227030225,28.2587519597939,28.188095908995482,27.96510367513005,27.570685807545612,27.499441219434622,27.16851984990758,27.039033047026198,26.679464323572226,26.623468437719644,26.531803984795324,26.72333660501993,26.775426940892658,,,,,,,,,,,28.23149036800328,28.27218647920711,28.27065701156547,28.20725842084792,27.833613973922287,27.297477444976806,26.891249946667518,26.634797983228484,26.622716315819524,26.60840393977302,26.58108499719713,26.501814894208636,26.49504953265115,26.610019930186905,26.67096811640839,26.75418980347539,,,,,27.833613973922287,27.297477444976806,27.314295147168245,"rgba(0, 255, 0, 1.0)",0.18287740194986776,27.702082438202883,4.089721058056935,62.18080796618463,8.062536306908001,True,False,True,False,True,7.976207347282976,0.0,0.0,0.0,0.0,0,1.020060648472125,0.9290879402845812,False,False,False,False,0.3428282129800058,0.3248838600348417,False,False,False,False,-149861.0,-181117.41238811723,False,False,False,False,9866.957909284794,False,False,False,False
2025-06-05 14:00:00+00:00,28.505,28.76,28.49,28.76,8035.0,,,,,,,,,28.281882586978597,28.26464853878288,28.192173708905354,27.96971489915788,27.57621701134712,27.504610750583012,27.173933882946283,27.044565067318775,26.685388442539463,26.62908799884902,26.53680983257807,26.726922817252937,26.778854394468144,,,,,,,,,,,28.2437331116493,28.2783083047808,28.27677451232726,28.211665823069904,27.83867882366151,27.302811294238875,26.897038600865443,26.640658026131852,26.62814975225179,26.613672507334375,26.58624858305508,26.50665783682011,26.499628607296042,26.614015844417583,26.674728170396012,26.7576793722939,,,,,27.83867882366151,27.302811294238875,27.31988297391546,"rgba(0, 255, 0, 1.0)",0.1935533541447676,27.708208135164504,5.43411851209157,66.54899879730564,11.982993463049283,True,False,True,False,True,12.608126168459112,0.0,0.0,0.0,0.0,0,1.0197078599582656,0.9232552747507535,False,False,False,False,0.34282821543341674,0.3338560377341292,False,False,False,False,-141826.0,-180508.24320380532,False,False,False,False,9838.55546107883,False,False,False,False
2025-06-05 15:00:00+00:00,28.76,28.82,28.66,28.8,6797.0,,,,,,,,28.76,28.288642436912152,28.270584693557314,28.196209368646652,27.974064100280426,27.58123415755511,27.509283239586537,27.178757038854453,27.049473014971017,26.69059834971306,26.634026250748818,26.541204023092135,26.73008621722426,26.781881613828002,,,,,,,,,,,28.255644644267477,28.284498223470855,28.282956348310094,28.216048462677282,27.843374338287106,27.307585961096308,26.902153110357055,26.6458075748666,26.632925162905117,26.61830248078249,26.59078449611928,26.510907472282707,26.503647133090915,26.617531440610097,26.67804083871925,26.760759832796808,,,,,27.843374338287106,27.307585961096308,27.41074848329724,"rgba(0, 255, 0, 1.0)",0.20488203593394197,27.819717169015075,4.784620703891232,69.86883197730666,15.029082865444991,True,False,True,False,True,13.170724345167518,0.0,0.0,0.0,0.0,0,1.0255161215495245,0.9220598469032708,False,False,False,False,0.3428282176581945,0.33834212769616184,False,False,False,False,-135029.0,-179803.1386580099,False,False,False,False,9791.399562457453,False,False,False,False
2025-06-05 16:00:00+00:00,28.8,28.81,28.45,28.52,4508.0,,,,,,,,28.693539731682147,28.29147301510758,28.273129675432426,28.19807252557862,27.97631621003278,27.58407113124902,27.511952648634978,27.181604304550252,27.052397012501984,26.693762196120566,26.63703308764748,26.543890633464343,26.73200704924825,26.783715536387458,,,,,,,,,,,28.260734214415148,28.287108120470453,28.28556763465343,28.21803790045404,27.845900788740018,27.31037405109891,26.905226846675912,26.648940995303274,26.63583335060967,26.6211241242155,26.593552100249266,26.513508936401667,26.506108197001705,26.619675865769473,26.680056695549887,26.762627791011575,,,,,27.845900788740018,27.31037405109891,27.41077037729164,"rgba(0, 255, 0, 1.0)",0.2073936718777198,27.819130365707828,3.3794166810711923,64.93013444737288,20.245359365420853,True,False,True,False,False,7.8354299725125856,0.0,0.0,0.0,0.0,0,1.0143485304327702,0.9305716269382088,False,False,False,False,0.3029064912335895,0.32062430946487563,False,False,False,False,-139537.0,-179178.8574385059,False,False,False,False,9709.486390946484,False,False,False,False
2025-06-05 17:00:00+00:00,28.52,28.64,28.48,28.505,6733.0,,,,,,,,28.6368504453561,28.29489700248923,28.27625549694833,28.2004634243977,27.979370427338505,27.58806344490567,27.515725874320214,27.185680748791167,27.05659789244895,26.69834007275139,26.64138869981814,26.54778936293245,26.734789146784863,26.786369711277622,,,,,,,,,,,28.266918981367947,28.290281060150257,28.288745784590013,28.22056676663015,27.84938401290007,27.31434901173698,26.909657054877595,26.653478378597796,26.640046669910735,26.625213444979185,26.5975650573828,26.517286094468155,26.509682462852336,26.622786436437142,26.682978531387167,26.765332093268434,,,,,27.84938401290007,27.31434901173698,27.412183906917676,"rgba(0, 255, 0, 1.0)",0.20982027916609386,27.819919143313037,3.2650840967790913,61.33267013420973,17.09933700281134,True,False,True,False,False,7.5623291136872055,0.0,0.0,0.0,0.0,0,1.015968525804212,0.9312659106688267,False,False,False,False,0.27798826514350355,0.2993062873041896,False,False,False,False,-146270.0,-178668.64259449803,False,False,False,False,9663.339315117857,False,False,False,False
2025-06-05 18:00:00+00:00,28.49,28.555,28.4,28.5,6986.0,,,,,,,,28.594458053601873,28.29755859380219,28.27874654019185,28.202503044046324,27.98218885600674,27.59192666659267,27.51939713034012,27.189708939459827,27.060766280676056,26.702920769526543,26.64575283132456,26.551704028039772,26.73757651018234,26.789026529001326,,,,,,,,,,,28.271789223443015,28.29276717760708,28.291240661111708,28.222693474274937,27.852668616780335,27.31825712087507,26.9140697200575,26.658022719555973,26.64426897642199,26.62931314334207,26.6015905102697,26.52108105234264,26.513274738363105,26.625908268622243,26.68590834754925,26.768040101068678,,,,,27.852668616780335,27.31825712087507,27.413946754722144,"rgba(0, 255, 0, 1.0)",0.2120879683199737,27.82104295961466,3.20129918619905,58.82258347672882,14.89851518468879,True,False,True,False,False,7.4698476282539055,0.0,0.0,0.0,0.0,0,1.0094753871042292,0.9364455743009014,False,False,False,False,0.2490440261674851,0.27417515673583737,False,False,False,False,-153256.0,-178274.6481356686,False,False,False,False,9621.830178449363,False,False,False,False
2025-06-05 19:00:00+00:00,28.5,28.51,28.25,28.39,25984.0,,,,,,,,28.48690894892304,28.301804227401913,28.283191415179772,28.207199089713406,27.99033666567393,27.60440517670683,27.531399073392393,27.20331586501029,27.074967456792137,26.718793848432348,26.660917879945575,26.56536811964525,26.747267794689883,26.798247847266715,,,,,,,,,,,28.280343885125664,28.29687306876968,28.295398507097023,28.227359226694155,27.862675933862203,27.33131997057174,26.929219340190418,26.67379934175027,26.658947294565237,26.643577576206,26.61561327582089,26.534344508837105,26.525839019265124,26.636798441167628,26.696111398346858,26.77744594650722,,,,,27.862675933862203,27.33131997057174,27.420156748622897,"rgba(0, 255, 0, 1.0)",0.21281993403840752,27.824413189496784,2.6575838069809055,54.765300974546875,11.201853161595977,False,False,True,False,False,5.446926627973749,0.0,0.0,0.0,0.0,0,1.0052946593001841,0.9383057090239411,False,False,False,False,0.21535284935639987,0.24476400304611862,False,False,False,False,-179240.0,-178289.61483123963,False,False,False,False,9875.507229946272,False,False,False,False
2025-06-06 14:00:00+00:00,27.985,28.06,27.945,28.0,4056.0,,,,,,,,28.451166127899654,28.299503035847955,28.281336091735145,28.206369283908348,27.990372474260468,27.6053805342447,27.53241664768344,27.204733961922603,27.07651809341188,26.720682626420817,26.662741972886103,26.56703872706055,26.74841977287424,26.79933336750791,,,,,,,,,,,28.277047170719328,28.29479864899749,28.293342917876597,28.226340604787357,27.86308387611404,27.332600878773665,26.930942682259435,26.675692007376,26.66071400765589,26.645299401802813,26.617313974378455,26.535974003922075,26.527385180474607,26.6381173680733,26.697335223460232,26.778557687341817,,,,,27.86308387611404,27.332600878773665,27.41915179729678,"rgba(38, 166, 154, 0.5)",0.21446627656480574,27.822287723368675,0.8286257377048545,46.67250660007502,3.891673243706393,False,True,False,True,False,0.0,0.0,0.0,0.0,0.0,0,1.000457980306847,0.9443553927181132,False,False,False,False,0.06981908936165916,0.15729154620388888,False,False,False,False,-183296.0,-178367.23320594907,False,False,False,False,9785.28231165253,False,False,False,False
2025-06-06 15:00:00+00:00,28.0,28.055,27.925,27.99,5848.0,,,,,,,,28.406890787803167,28.296119021800095,28.278593888737777,28.205117064568107,27.99037078464302,27.606737264127222,27.53383978855979,27.20673994627685,27.07871663206183,26.7233714110294,26.665340416239,26.56942107104949,26.7500615648919,26.800879890099406,,,,,,,,,,,28.272233266133078,28.291741508861175,28.29031273754029,28.22481259346558,27.863618692991768,27.334407063712533,26.93339072702052,26.67838747539291,26.663231020888173,26.647752996136898,26.61973812931899,26.53829842254025,26.529591167734075,26.63999830285128,26.69907997204835,26.78014180603843,,,,,27.863618692991768,27.334407063712533,27.417950955145283,"rgba(38, 166, 154, 0.5)",0.2162124414080002,27.819536656222244,0.7884067293615377,41.1767454319114,-0.8424052211734647,False,True,False,True,False,0.0,0.0,0.0,0.0,0.0,0,0.9916993313350242,0.9497348397509799,False,False,False,False,0.0426528207722181,0.09997218348805349,False,False,False,False,-189144.0,-178534.3148616708,False,False,False,False,9724.239175037761,False,False,False,False
2025-06-06 16:00:00+00:00,27.99,28.08,27.96,27.98,3882.0,,,,,,,,28.38291217808233,28.294033322072533,28.27690538876884,28.20435757874501,27.9904197075635,27.607671545913128,27.5348139530646,27.208094116535474,27.08019680894266,26.725173392360634,26.66708132674464,26.57101661270876,26.751163635157376,26.801918638759687,,,,,,,,,,,28.26930939814119,28.289856005220376,28.288444254202805,28.223880362335116,27.8640177225183,27.33563091014677,26.93503507437691,26.68019333392171,26.664917521739284,26.649396957044658,26.62136211647381,26.539854978373313,26.531068537793654,26.64125939008148,26.70025048617197,26.78120553917472,,,,,27.8640177225183,27.33563091014677,27.4174257241516,"rgba(38, 166, 154, 0.5)",0.21772819653723288,27.81806499375971,0.7437484387218523,37.40212202256214,-4.071323333362798,False,True,False,True,False,0.0,0.0,0.0,0.0,0.0,0,0.985592820028342,0.9685876239962211,False,False,False,False,0.05417483083313822,0.07707350716059586,False,False,False,False,-193026.0,-178758.99215063715,False,False,False,False,9633.661823486787,False,False,False,False
2025-06-06 17:00:00+00:00,27.98,28.01,27.95,27.985,2083.0,,,,,,,,28.37041469164785,28.292830234672337,28.27592497175574,28.2039012130329,27.99040562997852,27.608139766139853,27.535307409060664,27.208796159257027,27.08096771670676,26.7261193909909,26.667996202663744,26.57185640438945,26.751742427219078,26.80246372127841,,,,,,,,,,,28.267620072705267,28.28876611874534,28.287363722652096,28.22332622907668,27.86419355355613,27.3362613681723,26.935894786141397,26.681142072725823,26.66580388967688,26.650261215601514,26.622216249700454,26.54067462195376,26.531846636034725,26.641922732126222,26.700865693575686,26.781763927226056,,,,,27.86419355355613,27.3362613681723,27.41712121308153,"rgba(38, 166, 154, 0.5)",0.21747117443813196,27.817243360511235,0.7713971284800767,35.029628775818594,-6.198378051012639,False,True,False,True,False,0.0,0.0,0.0,0.0,0.0,0,0.9765886287625417,0.9784997611084568,False,False,False,False,0.03881481510661968,0.05794416113360777,False,False,False,False,-190943.0,-178947.8914971389,False,False,False,False,9516.597299091643,False,False,False,False
2025-06-06 18:00:00+00:00,27.985,28.03,27.94,27.95,4104.0,,,,,,,,28.347456126756924,28.29042402160037,28.273958080576104,28.202974004535523,27.99035170310554,27.60903834358862,27.536258359871198,27.210160752860492,27.082468717775104,26.727966725903823,26.669783591749592,26.573498306332098,26.752873476321664,26.80352861053741,,,,,,,,,,,28.264253777173263,28.28658352413292,28.285199508756847,28.22220444803561,27.864513982485402,27.33748393320402,26.93757103005139,26.682995318269942,26.667535718431335,26.651950094113644,26.623885661951665,26.54227746563985,26.53336843508353,26.643219635429663,26.702068194917235,26.782854934425888,,,,,27.864513982485402,27.33748393320402,27.41656646527939,"rgba(38, 166, 154, 0.5)",0.21693711464731175,27.81568207597109,0.6191560362885746,32.981270047925015,-8.235699974423639,False,True,False,True,False,0.0,0.0,0.0,0.0,0.0,0,0.9696535244922343,0.9741935483870968,False,False,False,False,0.04073366801748417,0.04933891457554597,False,False,False,False,-195047.0,-179197.4900785786,False,False,False,False,9432.681061896425,False,False,False,False
2025-06-06 19:00:00+00:00,27.945,27.99,27.86,27.88,15739.0,,,,,,,,28.268061269987697,28.279744807384528,28.265105883758892,28.198524304014246,27.989389982811076,27.611851762650126,27.539344378988574,27.2149185966249,27.087772673166846,26.73464315444972,26.67626230899117,26.579476275489263,26.756967656407486,26.807374472902556,,,,,,,,,,,28.249366334950533,28.276848811242484,28.27553830632517,28.216922681557442,27.86502042917418,27.341666630305465,26.94355955293173,26.689707133940026,26.673814953448495,26.65807870014998,26.629951166496575,26.5481207471937,26.538919539473067,26.647934262503227,26.706430137161057,26.786798922266552,,,,,27.86502042917418,27.341666630305465,27.414104415420237,#000000,0.21709918022379487,27.809230655097657,0.3259770250140497,30.708538458219664,-10.625416049395653,False,True,False,True,False,0.0,0.0,0.0,0.0,0.0,0,0.9657649030404597,0.9796504668422314,False,False,False,False,0.017723170527965453,0.03353104255175571,False,False,False,False,-210786.0,-179687.2344184456,False,False,False,False,9530.45344853369,False,False,False,False
2025-06-09 14:00:00+00:00,27.81,27.91,27.73,27.77,3523.0,,,,,,,,28.249918737926116,28.276769932522853,28.26260550767049,28.197185335819714,27.988892849991974,27.612251595017558,27.539831398590234,27.21581266460191,27.08879779335319,26.735992592953675,26.677578657301954,26.58070037229357,26.75779571537336,26.808148743378702,,,,,,,,,,27.80333333333333,28.245209700031747,28.274124693817566,28.27283223642474,28.21536239822185,27.864867071811606,27.342420373083993,26.944743093856083,26.691069009155186,26.67509127651448,26.659326164343742,26.631188549424028,26.5493199606311,26.54005977504315,26.648895989699295,26.70731604879573,26.787594482973223,,,,,27.864867071811606,27.342420373083993,27.463809011947706,#000000,0.22266101573404815,27.86078498644356,-0.40772735247015524,27.948168676964357,-13.531260742791488,False,True,False,True,False,0.0,0.0,0.0,0.0,0.0,0,0.9599141016463851,0.9804342638988308,True,False,False,False,-0.022514706746333123,0.0055081679027112924,False,False,False,False,-214309.0,-180224.0059778495,False,False,False,False,9437.314635378129,True,False,False,False
2025-06-09 15:00:00+00:00,27.77,27.905,27.745,27.885,3739.0,,,,,,,,28.233809364204493,28.27392735020161,28.260219358233577,28.195923454632222,27.98848595770106,27.612766253479357,27.540427738472708,27.216825665916556,27.089945812871214,26.737476808344244,26.67902393729974,26.582041027601537,26.758708077293907,26.80900351954016,,,,,,,,,,27.824786330671074,28.24129019668447,28.27152049360594,28.27024586214646,28.213885439153348,27.864814790963585,27.34328971463528,26.9460564252849,26.6925647530233,26.67649261032614,26.660695255365884,26.632545527709013,26.55063240122839,26.541307512878866,26.649951708269228,26.708290397594514,26.788472039412124,,,,,27.864814790963585,27.34328971463528,27.463987701190245,#000000,0.22527864627669164,27.860191077033498,0.110125497363086,29.825874563225437,-13.531260742791488,False,True,False,True,False,0.0,0.0,0.0,0.0,0.0,0,0.9666906302420321,0.9810687754612989,False,False,False,False,-0.020597995868572926,-0.007544913982930817,False,False,False,False,-210570.0,-180694.4865053247,False,False,False,False,9348.96867203893,False,False,False,False
2025-06-09 16:00:00+00:00,27.89,28.1,27.88,28.095,4102.0,,,,,,,,28.225076685969846,28.27214231022041,28.25875404407875,28.195254209461265,27.988598884010877,27.61376387051809,27.54146436587268,27.21825064619475,27.091500580802947,26.739364454318572,26.680849565900754,26.583717731432273,26.759872820999707,26.81010231242809,,,,,,,,,,27.89705634753021,28.238990984267176,28.269890063380632,28.268630057227845,28.213062658004265,27.865275916694902,27.344580940507377,26.9477804849007,26.694456863732064,26.678262363947002,26.662421366887635,26.634251258676958,26.552269012369507,26.54286226615671,26.651281908512765,26.709526388154703,26.78959685772308,,,,,27.865275916694902,27.344580940507377,27.4670266266763,"rgba(38, 166, 154, 1.0)",0.22495845462239594,27.863169363082243,1.0305486731178681,36.126158710142946,-13.531260742791488,False,True,False,True,True,0.7405734911057493,0.0,0.0,0.0,0.0,0,0.990075042362624,0.9629629629629629,False,False,False,False,0.0426528207722181,0.01755395339464364,False,False,False,False,-206468.0,-181094.07586183128,False,False,False,False,9267.62032053445,False,False,False,False
2025-06-09 17:00:00+00:00,28.1,28.25,28.085,28.195,3780.0,,,,,,,,28.223280272389324,28.271515546740954,28.25828550669709,28.19518738467977,27.98913333739307,27.615016384094975,27.542714098312747,27.219805354573094,27.093160764788145,26.741303657786602,26.682716836467915,26.585421598025928,26.76107268324338,26.811239280514886,,,,,,,,,,27.966848146680753,28.238386392274318,28.26932534563246,28.268075087127762,28.212917147025376,27.86609976690204,27.346030744280622,26.949587335860087,26.69639390254753,26.680072285422135,26.66418473831741,26.635990408767608,26.55392892109224,26.544438405538198,26.652640496094953,26.710794382825718,26.790758597885368,,,,,27.86609976690204,27.346030744280622,27.470615238555197,"rgba(38, 166, 154, 1.0)",0.22443287886784155,27.866956259344327,1.4616563415774884,42.186893047651054,-16.589037227066427,False,True,False,True,True,2.345530306658457,0.0,0.0,0.0,0.0,0,1.0004826254826256,0.939430501930502,False,False,False,False,0.11109336441145694,0.0643236589030503,False,False,False,False,-202688.0,-181428.8653833533,False,False,False,False,9182.540935719962,False,False,False,False
2025-06-09 18:00:00+00:00,28.195,28.265,28.185,28.205,3692.0,,,,,,,,28.223107244811594,28.2711767246933,28.258064011792765,28.195268375932287,27.989767756336587,27.616324727135588,27.54400991365165,27.221384919397124,27.094839570993084,26.743247506528288,26.684586882173136,26.5871257677825,26.762277088852862,26.812381786366092,,,,,,,,,,28.01614116585262,28.238198174837027,28.26902541794582,28.267783617507657,28.212938214530794,27.867007634172204,27.347512715430653,26.951406751864123,26.69833408203517,26.6818849547561,26.665950435840475,26.637731125826637,26.555588459712077,26.546014142147648,26.65400133607297,26.712065886942874,26.791925472792002,,,,,27.867007634172204,27.347512715430653,27.47353624606157,"rgba(38, 166, 154, 1.0)",0.223852891687615,27.8699410909608,1.4967816878004414,46.411651467293446,-12.666119990948111,False,True,False,False,True,2.5054092565944615,0.0,0.0,0.0,0.0,0,1.007248127567045,0.936941290166707,False,False,False,False,0.13169309167772755,0.09800837529038892,False,False,False,False,-198996.0,-181701.22405958036,False,False,False,False,9097.416270049885,False,False,False,False
2025-06-09 19:00:00+00:00,28.205,28.235,28.14,28.16,13490.0,,,,,,,,28.21803357525662,28.26906463359382,28.256480980520575,28.19505458845607,27.9916557647694,27.62074288959958,27.548424288540545,27.226884290235184,27.100714422468727,26.750115312431905,26.691203993653033,26.593170461392443,26.76654049555176,26.81642227889238,,,,,,,,,,28.0838257646064,28.236213191165476,28.26711732583885,28.265908605918213,28.212453285493467,27.86991223168262,27.352638289604837,26.95780198704974,26.705195882225855,26.68830051571304,26.672202690651677,26.643898867535782,26.561478926032922,26.551609392810743,26.6588269578355,26.716570695543073,26.79605377602507,,,,,27.86991223168262,27.352638289604837,27.47913971057747,"rgba(38, 166, 154, 1.0)",0.22272770512538492,27.87447866802056,1.2819300222157097,48.17273087931034,-10.911216019258646,False,False,False,False,True,1.7300890720720794,0.0,0.0,0.0,0.0,0,1.0024224806201552,0.9433139534883722,False,False,False,False,0.11697273484104193,0.10749055506571542,False,False,False,False,-212486.0,-182178.50740749386,False,False,False,False,9165.518343382446,False,False,False,False
2025-06-10 14:00:00+00:00,28.21,28.42,28.2,28.38,4319.0,,,,,,,,28.222070211702395,28.269529342237657,28.256966426034314,28.195611223939135,27.9927475551886,27.62253192218656,27.550169236544757,27.22891631419429,27.102850501363946,26.752537385306166,26.69352969885294,26.595284343318443,26.768049326772687,26.81785750155247,,,,,,,,,,28.113232864874693,28.237233377598127,28.267560371617748,28.266358083287027,28.21299319699751,27.871292370349106,27.354571519616695,26.960093675289766,26.707609089959643,26.690555393520786,26.67439840337175,26.64606154602944,26.563535736561754,26.553562606567475,26.660522434497594,26.718159438696098,26.797517943809904,,,,,27.871292370349106,27.354571519616695,27.481929591597734,"rgba(0, 255, 0, 1.0)",0.22359708776602433,27.877238467619726,2.248515566116723,53.226422929919806,-6.003487579576927,True,False,True,False,True,5.2127351782936096,0.0,0.0,0.0,0.0,0,1.0060168471720818,0.9292418772563176,False,False,False,False,0.154674329059553,0.1310824420626342,False,False,False,False,-208167.0,-182581.42977326916,False,False,False,False,9090.3785241052,False,False,False,False
2025-06-10 15:00:00+00:00,28.385,28.49,28.365,28.425,4642.0,,,,,,,,28.229489624265334,28.270741112984638,28.258110750691944,28.196606580465982,27.994232685482846,27.62469592943542,27.55225852920927,27.231275864542084,27.105311605143957,26.755285557256926,26.69616385517659,26.597672292766962,26.769764262880354,26.819491848354584,,,,,,,,,,28.14847300603095,28.239348194501897,28.268696383672946,28.267498508351697,28.214014043942555,27.87306438261378,27.356838175749832,26.962715077684578,26.710343254841845,26.693109321174425,26.67688426930913,26.648508033783784,26.56585735079317,26.555766962889624,26.662442343955657,26.719961990430058,26.79918394885682,,,,,27.87306438261378,27.356838175749832,27.4854877755949,"rgba(0, 255, 0, 1.0)",0.22508420846583216,27.88094083456079,2.4171360982962953,57.23760391487177,-2.1176449837340527,True,False,True,False,True,5.898280690386798,0.0,0.0,0.0,0.0,0,1.0089006495068558,0.9304787106086122,False,False,False,False,0.14814752919288693,0.13961498562776056,False,False,False,False,-203525.0,-182906.1362884123,False,False,False,False,9021.411415204342,False,False,False,False
2025-06-10 16:00:00+00:00,28.42,28.53,28.395,28.51,3781.0,,,,,,,,28.236628954583615,28.27203690221483,28.25931371118466,28.19759165908351,27.995578496111577,27.62656297084287,27.55405307213847,27.23327367666266,27.10738758940362,26.757586328675306,26.69836740000624,26.599667542123175,26.77120196934559,26.82086332023325,,,,,,,,,,28.176146785598057,28.241501757689147,28.269908506327177,28.26871314011973,28.215038642345654,27.874633313017743,27.358766162327328,26.964918458423046,26.712630714168082,26.695245832652823,26.67896348282138,26.650553540177192,26.567796466148604,26.557608102300964,26.664048772922698,26.721471757690054,26.800581426480566,,,,,27.874633313017743,27.358766162327328,27.48851460419386,"rgba(0, 255, 0, 1.0)",0.22766416708116782,27.884132769417636,2.7490809757480554,61.07460085187193,1.6296456464805118,True,False,True,False,True,7.182334683497807,0.0,0.0,0.0,0.0,0,1.0078973346495559,0.9471865745310959,False,False,False,False,0.16536863077244793,0.15249180820010425,False,False,False,False,-199744.0,-183167.18843897953,False,False,False,False,8940.164726596522,False,False,False,False
2025-06-10 17:00:00+00:00,28.505,28.625,28.43,28.605,4982.0,,,,,,,,28.248165265287213,28.2743316091333,28.26141481833173,28.199223126084313,27.99761413498818,27.62922614707896,27.556598053815037,27.23605430535201,27.11026254623009,26.760740279438146,26.701384563909293,26.602394806767595,26.77317572408717,26.82274858320399,,,,,,,,,,28.213692107892108,28.245160885482544,28.27205148323916,28.27085741649465,28.216757755496168,27.876943512023374,27.36146596224483,26.967955352110547,26.715763382977997,26.6981712741014,26.681809709343717,26.65335211914595,26.570445593453464,26.560123203502727,26.666248456604755,26.72354188971678,26.80250140792323,,,,,27.876943512023374,27.36146596224483,27.492873448416873,"rgba(0, 255, 0, 1.0)",0.23045386085238473,27.888830357653035,3.1076487054634425,64.80045556479001,5.30330105997966,True,False,True,False,True,8.589705187320877,0.0,0.0,0.0,0.0,0,1.0044422507403752,0.9397828232971375,False,False,False,False,0.1949320306360843,0.17371191941809427,False,False,False,False,-194762.0,-183346.9529593054,False,False,False,False,8878.79783161053,False,False,False,False
2025-06-10 18:00:00+00:00,28.605,28.735,28.57,28.725,10592.0,,,,,,,,28.278964839420375,28.28119055704882,28.267629359289728,28.2038333904631,28.002842647213832,27.635586572455026,27.562630188246885,27.242477191456775,27.116856188967905,26.767867893149866,26.708191741813266,26.60853284932691,26.77764726412506,26.827027830605456,,,,,,,,,,28.294557292525536,28.25566396420619,28.27845281322302,28.277254914217927,28.22167348993379,27.882689356554554,27.367755308276656,26.97487281507409,26.722832948141505,26.704771871411314,26.68822919685839,26.659659234625316,26.576403214807204,26.565779004072034,26.671212662799626,26.728223200234382,26.806856009870163,,,,,27.882689356554554,27.367755308276656,27.503256793548317,"rgba(0, 255, 0, 1.0)",0.23494072474548056,27.90030441158325,3.5102283323173253,68.55539676765166,9.02922677111944,True,False,True,False,True,10.319794665789335,0.0,0.0,0.0,0.0,0,1.0101888667992047,0.9408548707753482,False,False,False,False,0.27387646789913106,0.22379419365861267,False,False,False,False,-184170.0,-183359.713378541,False,False,False,False,8905.359105539048,False,False,False,False
2025-06-10 19:00:00+00:00,28.725,28.805,28.67,28.795,26636.0,,,,,,,,28.352092495316032,28.300736602021367,28.285366598264947,28.21693936235671,28.017161460469005,27.65244832770164,27.578585041012886,27.259265704249515,27.134032631103867,26.78630119598865,26.725791722362292,26.62439992115137,26.789269492007634,26.838163858963497,,,,,,,,,,28.435586478455814,28.28456143599072,28.296750563228876,28.295536050629455,28.235676994481178,27.89819995988967,27.384259244967136,26.99282956174967,26.74110651497275,26.721843147170503,26.704833538872535,26.67596973332057,26.591802150311832,26.58040311319834,26.68408231033031,26.740376147186584,26.81818246164155,,,,,27.89819995988967,27.384259244967136,27.527683057441564,"rgba(0, 255, 0, 1.0)",0.24270064607122577,27.92712126048617,3.5759226584799984,71.71866685979892,12.238646739211262,True,False,True,False,True,11.307465895842487,0.0,0.0,0.0,0.0,0,1.00472049689441,0.9393788819875779,False,False,False,False,0.34081685083389723,0.28230552224625494,False,False,False,False,-157534.0,-182959.31472150935,False,False,False,False,9180.252762817512,False,False,False,False
2025-06-11 14:00:00+00:00,28.835,29.035,28.825,28.965,4996.0,,,,,,,,28.368548424341963,28.30564069243517,28.28980120812443,28.22014767179124,28.020443586753615,27.65607511905484,27.581992757013577,27.26275720951806,27.137577099205078,26.790041718815196,26.72935689772145,26.627605922008346,26.7916377938351,26.8404383329225,,,,,,,,,,28.462987226448767,28.2915943430786,28.301345996682503,28.300124575520712,28.239126154079848,27.90166188201578,27.3877226382858,26.996506437925994,26.744808743960682,26.72530178884964,26.708196430459378,26.67927030665798,26.59491102358779,26.583355707668396,26.686692433755056,26.74284708441929,26.820493626697274,,,,,27.90166188201578,27.3877226382858,27.532941834173457,"rgba(0, 255, 0, 1.0)",0.255905035876931,28.030303451504402,3.652513305541628,75.17659787519739,15.759521378497922,True,False,True,False,True,13.629793084081914,0.0,0.0,0.0,0.0,0,1.0106068080907746,0.9274790330537743,False,False,False,False,0.3428281876894901,0.3125668549678725,False,False,False,False,-152538.0,-182487.66643125337,False,False,False,False,9115.380626959877,False,False,False,False
2025-06-11 15:00:00+00:00,28.965,28.995,28.705,28.745,2535.0,,,,,,,,28.374782991514664,28.307610595032322,28.291595717675893,28.221480861296897,28.02187229837949,27.657727033075847,27.58355486887416,27.264390040741905,27.139244372456638,26.791823279996905,26.731058181547112,26.629140416729868,26.792766813233982,26.84152107720521,,,,,,,,,,28.472399332693453,28.294421446926023,28.30319646678964,28.301973198554194,28.24055019530685,27.903196835879957,27.389331333291825,26.998245660665752,26.746574478670574,26.72695254536759,26.70980236444211,26.68084780347626,26.59640036637754,26.584770733548105,26.687940254725174,26.74402662910681,26.82159448929336,,,,,27.903196835879957,27.389331333291825,27.53512690743054,"rgba(0, 255, 0, 1.0)",0.2612901117958883,28.03046284740113,2.7346505678601662,71.69175412846707,15.759521378497922,True,False,True,False,True,9.558433233981905,0.0,0.0,0.0,0.0,0,1.0044160942100098,0.9342492639842985,False,False,False,False,0.2903233287272762,0.30144509184757434,False,False,False,False,-155073.0,-182062.63284317192,False,False,False,False,9013.35922189073,False,False,False,False
2025-06-11 16:00:00+00:00,28.745,28.76,28.6,28.73,3038.0,,,,,,,,28.380081244209414,28.309405470389187,28.293247634759634,28.22275375187112,28.02332329445184,27.659498736555125,27.585242339440875,27.266193354146253,27.141097321161656,26.79382958092525,26.732977819196837,26.630877154466475,26.794039118594146,26.842739386894948,,,,,,,,,,28.47936249110005,28.29700847933656,28.304887928090587,28.303664228302694,28.241897902793,27.90479172373181,27.39109483511665,27.000190130009315,26.748565776567016,26.72881549668033,26.711615728920048,26.682630589652046,26.598087538698145,26.586374318014087,26.68935065844532,26.745357783485968,26.822833965821918,,,,,27.90479172373181,27.39109483511665,27.537245622022873,"rgba(0, 255, 0, 1.0)",0.2643169337012405,28.029657431199176,2.6496318604861955,69.02396370219506,15.759521378497922,True,False,True,False,False,9.289048235780651,0.0,0.0,0.0,0.0,0,0.9923757993113627,0.9552385636989672,False,False,False,False,0.1833795942837422,0.2424123430656583,False,False,False,False,-158111.0,-181691.28969831654,False,False,False,False,8920.717993644363,False,False,False,False
2025-06-11 17:00:00+00:00,28.735,28.895,28.72,28.84,5278.0,,,,,,,,28.39226536560527,28.313452095256608,28.296941685305292,28.225512630466945,28.026282189963506,27.662921832141883,27.588481495195857,27.269581077007235,27.14455700209633,26.797527377613708,26.736510038999402,26.634064806102423,26.796386580682768,26.844990844551212,,,,,,,,,,28.49671122424242,28.302769179985575,28.308694154721138,28.30746682578345,28.244841839589856,27.907970761895704,27.394431791200272,27.003799259732027,26.752231118640278,26.732243276959334,26.714950889570705,26.68590703854775,26.60118183617746,26.58931477362483,26.691944520941266,26.747810051705084,26.825123014669913,,,,,27.907970761895704,27.394431791200272,27.54165187171202,"rgba(0, 255, 0, 1.0)",0.26969221696533163,28.033869450596892,2.989076060384545,68.65459124300332,15.759521378497922,True,False,True,False,False,10.819070780582127,0.0,0.0,0.0,0.0,0,0.9926235554462748,0.9550036882222771,False,False,False,False,0.26306716331049484,0.25273975318807657,False,False,False,False,-152833.0,-181243.8743541566,False,False,False,False,8864.241745680885,False,False,False,False
2025-06-11 18:00:00+00:00,28.835,28.87,28.68,28.735,8238.0,,,,,,,,28.40762825852462,28.318946472211355,28.301989207687733,28.229361259652787,28.030529444729556,27.667964369219064,27.59327197136495,27.274646854917833,27.149746648403998,26.80311095801101,26.741849925001127,26.638893031968387,26.799937300861135,26.848394106214236,,,,,,,,,,28.51631111769618,28.310549696770124,28.313875332074456,28.312644944584214,28.248929035073992,27.91258256248635,27.399403062841333,27.009228879486226,26.757769982175915,26.73742627900775,26.71999574330621,26.690865573514753,26.605871275795597,26.59377255617014,26.695872907219837,26.751521587001385,26.82858405199425,,,,,27.91258256248635,27.399403062841333,27.547735675460228,"rgba(0, 255, 0, 1.0)",0.2718729996298102,28.038783141329425,2.560816482764241,65.89256332299148,15.759521378497922,True,False,True,False,False,8.915912400015639,0.0,0.0,0.0,0.0,0,0.9843175692232295,0.9603038470963002,False,False,False,False,0.2424810023642078,0.2476103777761422,False,False,False,False,-161071.0,-180931.1166122317,False,False,False,False,8854.532571329242,False,False,False,False
2025-06-11 19:00:00+00:00,28.735,28.815,28.72,28.785,19205.0,,,,,,,,28.43995110176355,28.33157095888139,28.313629212385088,28.238314456202655,28.040397965449632,27.67966556353323,27.604399394703247,27.286415646212877,27.16180336899581,26.816082140849687,26.75426123772616,26.65012568157022,26.80821430893188,26.85632938534762,,,,,,,,,,28.554116028940218,28.328146259210502,28.32580878159831,28.32457199328303,28.258422110325405,27.92328793945668,27.410951302745854,27.021840883371173,26.770639246581847,26.749476114369642,26.73172729631058,26.702398387827614,26.616783711712795,26.604149693087283,26.705024780341986,26.760171193044005,26.836653232043997,,,,,27.92328793945668,27.410951302745854,27.561391471360285,"rgba(0, 255, 0, 1.0)",0.2747574360202662,28.051631967692366,2.669147168244578,64.79347939059653,22.765365028007864,True,False,True,False,False,9.620423526450605,0.0,0.0,0.0,0.0,0,0.9906450024618414,0.9618414574101429,False,False,False,False,0.23775943391673005,0.24268490584643612,False,False,False,False,-141866.0,-180325.45588956145,False,False,False,False,9015.004934564447,False,False,False,False
2025-06-12 14:00:00+00:00,28.795,28.955,28.785,28.935,1969.0,,,,,,,,28.444007656159965,28.33316187130791,28.315089048961536,28.23941510318588,28.04155590212293,27.68097953597125,27.605642679131076,27.287707002019236,27.163119400784073,26.81748218947196,26.755599221370936,26.6513344469933,26.809109853884532,26.857189248747776,,,,,,,,,,28.55913075845487,28.330334530444492,28.327311591407536,28.326073272454458,28.259595219031794,27.924521179899777,27.412226214131117,27.023210421526507,26.77202680333021,26.75077523420804,26.732991781633515,26.703640729015213,26.617957356157586,26.60526576544097,26.706011946346262,26.7611056966543,26.83752706243908,,,,,27.924521179899777,27.412226214131117,27.562995565967007,"rgba(0, 255, 0, 1.0)",0.2811142565310523,28.053506360438263,3.1357130386745955,66.04825571026109,22.765365028007864,True,False,True,False,False,11.686666166154335,0.0,0.0,0.0,0.0,0,0.9958312898479647,0.948258950465915,False,False,False,False,0.3032941042418401,0.2729895050441381,False,False,False,False,-139897.0,-179698.65812383182,False,False,False,False,8905.764547982053,False,False,False,False
2025-06-12 15:00:00+00:00,28.935,28.995,28.87,28.895,3175.0,,,,,,,,28.45080198292811,28.335837437893108,28.31754247352417,28.241258856745972,28.043478457026072,27.683141762441565,27.607686474378458,27.289821640359474,27.1652719962233,26.819766569081548,26.757781757477936,26.653305445789794,26.810571918455462,26.858593532024383,,,,,,,,,,28.567573341586105,28.334003839452485,28.32983894038027,28.32859783893636,28.261562106996408,27.92656123376545,27.41431666552402,27.02544799619336,26.77429026662242,26.752894420806612,26.735054362010885,26.70566693156962,26.61987085289312,26.6070854061109,26.707622479903687,26.762630869422882,26.838953957990388,,,,,27.92656123376545,27.41431666552402,27.565654946024264,"rgba(0, 255, 0, 1.0)",0.2856149048520648,28.056678141032858,2.935147447579296,65.84180346282591,22.745376846968853,True,False,True,False,False,10.947545489421273,0.0,0.0,0.0,0.0,0,0.9985304922850846,0.9483223120254717,False,False,False,False,0.3428281878394359,0.307908846441787,False,False,False,False,-143072.0,-179130.80295912124,False,False,False,False,8816.91548522264,False,False,False,False
2025-06-12 16:00:00+00:00,28.9,28.99,28.805,28.925,3454.0,,,,,,,,28.45777256374159,28.338654740505127,28.320130416626917,28.243214137036677,28.04552875006562,27.685460173335425,27.60988014302814,27.29209712204419,27.167590017916666,26.82223031452307,26.760136477952702,26.655433168496156,26.812150123108022,26.860109178415865,,,,,,,,,,28.575989393961166,28.337854419294914,28.332502445334786,28.33125861594889,28.263645509972296,27.928741421397348,27.41656416000683,27.02785911872483,26.77673195082704,26.755180976112747,26.737280110128914,26.707853734182024,26.62193684099477,26.609050306861896,26.709361335503,26.764277380487595,26.840494090237783,,,,,27.928741421397348,27.41656416000683,27.568461068886354,"rgba(0, 255, 0, 1.0)",0.2902851502716729,28.059916355715437,2.9801167695796593,66.13146775007375,22.412177606490175,True,False,True,False,False,11.362795195697277,0.0,0.0,0.0,0.0,0,1.0036737692872888,0.9468528043105563,False,False,False,False,0.3197002910360957,0.31380456873894136,False,False,False,False,-139618.0,-178518.2013628558,False,False,False,False,8733.76950870756,False,False,False,False
2025-06-12 17:00:00+00:00,28.925,28.975,28.91,28.945,1505.0,,,,,,,,28.46098627474262,28.339952317400474,28.321321003325796,28.244109401981,28.04645698343391,27.686497869444953,27.61086062810546,27.29310907909758,27.168619367323824,26.823320867470127,26.761178377759606,26.656374097384557,26.812849071172586,26.860780704027775,,,,,,,,,,28.579919504849375,28.339623182863996,28.333728951197724,28.332483732452364,28.26460062595646,27.929723861093475,27.417565382502627,27.02892824255127,26.77781239462388,26.756192725161995,26.738264869145592,26.708821090558974,26.622850308262702,26.60991906297581,26.71013077034159,26.76500628371389,26.84117634587,,,,,27.929723861093475,27.417565382502627,27.569732045547617,"rgba(0, 255, 0, 1.0)",0.2976476391925459,28.061427187863416,2.968519469979765,66.62481869693255,22.305002596033233,True,False,True,False,False,11.642214374912456,0.0,0.0,0.0,0.0,0,1.0108055009823185,0.944744597249509,False,False,False,False,0.34282818843254026,0.3283163785857408,False,False,False,False,-138113.0,-177891.7641324239,False,False,False,False,8621.695562836127,False,False,False,False
2025-06-12 18:00:00+00:00,28.945,28.97,28.88,28.945,3877.0,,,,,,,,28.46887680814754,28.34320532999818,28.324310063154446,28.246366859074676,28.048808378798544,27.689138446834388,27.613357749779286,27.295691867266427,27.171248169190914,26.826109628528283,26.763843494368142,26.658782097005425,26.814637658834087,26.862498935132898,,,,,,,,,,28.589353905507743,28.344045273713316,28.336805921118113,28.335557408674173,28.26700668044807,27.932216932765375,27.42011889738923,27.031660150675723,26.780575778544353,26.758780887098464,26.740784241460403,26.711296234865856,26.625188350449974,26.612142897612646,26.712100114386306,26.766871707711967,26.842922110492886,,,,,27.932216932765375,27.42011889738923,27.572925182194282,"rgba(0, 255, 0, 1.0)",0.305526321833507,28.065130564745726,2.8798482237931347,66.95371932817174,22.05524932175024,True,False,True,False,False,11.642214374912456,0.0,0.0,0.0,0.0,0,1.0103244837758112,0.9434611602753198,False,False,False,False,0.3313245147988405,0.32982044669229066,False,False,False,False,-138113.0,-177275.039107115,False,False,False,False,8548.134391319287,False,False,False,False
2025-06-12 19:00:00+00:00,28.945,29.05,28.925,29.03,20521.0,,,,,,,29.001666666666665,28.512299597414234,28.361824037725327,28.34142458098265,28.2592686544387,28.06201972057027,27.703707602582735,27.627112892858257,27.309807295541184,27.185581031651175,26.841235230569364,26.77829369278655,26.671833186476352,26.824365977519978,26.871852342627836,,,,,,,,,,28.64061168359898,28.36905527880017,28.354435006275356,28.35316549530424,28.280769663230778,27.94611877939743,27.43411183592166,27.04651846031125,26.795557257087196,26.772816171519047,26.754446500032053,26.724716081622308,26.637858388554644,26.624196180181304,26.72279290950587,26.77700971240795,26.852422164435076,,,,,27.94611877939743,27.43411183592166,27.685135856134558,"rgba(0, 255, 0, 1.0)",0.31517386878887244,28.176766907068554,2.707182217263728,68.54463061024904,22.05524932175024,True,False,True,False,True,12.84981770675363,0.0,0.0,0.0,0.0,0,1.0177208958897368,0.9362539995077532,False,False,False,False,0.3428281909757762,0.33632431883403346,False,False,False,False,-117592.0,-176349.72067134577,False,False,False,False,8733.760214709686,False,True,False,False
2025-06-13 14:00:00+00:00,28.515,28.61,28.35,28.45,2262.0,,,,,,,28.948880378644898,28.5119229734712,28.362160156355525,28.341781682301125,28.259664692600374,28.062642291203996,27.704644049748527,27.628032428239557,27.310864477501067,27.186688697171196,26.842482504777383,26.77949694891712,26.672936638219404,26.825172465118307,26.87262222917924,,,,,,,,,,28.638305334934948,28.369476682882784,28.354771790683007,28.353504939422812,28.281159618801553,27.94686835800892,27.435121112557397,27.04770092110734,26.796801284495704,26.773986041408225,26.755588467369307,26.725842556716355,26.63893446229692,26.625221908145388,26.72369189549528,26.77785586022714,26.853206448632353,,,,,27.94686835800892,27.435121112557397,27.683653001101593,"rgba(38, 166, 154, 0.5)",0.31515475963770617,28.17390976508826,0.8760465341825212,57.80037382512315,13.107774583759713,False,False,True,False,False,2.5571250129411105,0.0,0.0,0.0,0.0,0,0.9956948098541021,0.9402056924180819,False,False,False,False,0.043131619651710515,0.189727969242872,False,False,False,False,-119854.0,-175473.8180252784,False,False,False,False,8633.422847039768,False,False,False,False
2025-06-13 15:00:00+00:00,28.45,28.61,28.445,28.605,3358.0,,,,,,,28.898069507669945,28.512463187637827,28.363037921288782,28.342650344787664,28.260481733107415,28.06375137142404,27.706180924246276,27.629528551347377,27.312542918712477,27.188436087690004,26.844425225516474,26.781367960329966,26.674648093207104,26.826428844629763,26.873823332910554,,,,,,,,,,28.636633663172983,28.370609081704902,28.35562712142708,28.354363109458202,28.281989721945457,27.948153812392473,27.436736147670242,27.0495553352423,26.79873648106051,26.775804960204823,26.757363215035983,26.72759193150106,26.64060218951277,26.62681121861818,26.725088363591595,26.779172214905532,26.854429276201778,,,,,27.948153812392473,27.436736147670242,27.68282993631125,"rgba(38, 166, 154, 1.0)",0.3161561508360851,28.171622849907145,1.3707693142985697,53.381554668476824,9.316096087554278,False,False,False,False,False,4.799989065746939,0.0,0.0,0.0,0.0,0,1.005263157894737,0.938995215311005,False,False,False,False,0.07007159892200274,0.12989978408243735,False,False,False,False,-116496.0,-174559.4332496927,False,False,False,False,8551.633345535276,False,False,False,False
2025-06-13 16:00:00+00:00,28.605,28.67,28.54,28.57,1778.0,,,,,,,28.878662619243766,28.513017949717124,28.363596434035564,28.3431941800801,28.260971341026718,28.064384394650393,27.70703073607649,27.630352979541527,27.31345837840793,27.189386552591422,26.845476110654886,26.78237935661957,26.675572283836345,26.827108726834872,26.87447373049011,,,,,,,,,,28.63618727060829,28.371333058492883,28.356168051495487,28.3549052658621,28.28249169006928,27.948877074072893,27.43761995772694,27.05056143387389,26.799782726809212,26.776788178275655,26.758322390983714,26.7285371019097,26.64150248656626,26.627669119300254,26.725843063753388,26.779884107082054,26.855091256721924,,,,,27.948877074072893,27.43761995772694,27.68276230066647,"rgba(38, 166, 154, 1.0)",0.31692757861989174,28.170935458957068,1.2591663457649165,49.9636396106844,6.403960901460167,False,True,False,False,False,4.2347486231114,0.0,0.0,0.0,0.0,0,1.0114860014357503,0.932759033261546,False,False,False,False,0.11426339423068324,0.1220815891565603,False,False,False,False,-118274.0,-173686.79087372846,False,False,False,False,8446.615774286667,False,False,False,False
2025-06-13 17:00:00+00:00,28.57,28.575,28.425,28.47,1814.0,,,,,,,28.854950447874977,28.512857971169968,28.36390842312414,28.343518393617316,28.261314536751808,28.064902812824688,27.707795188647193,27.63110254678586,27.31431572691261,27.190283662445466,26.84648366344638,26.78335125561611,26.676463513534017,26.827761285437706,26.875096928699747,,,,,,,,,,28.634665683579964,28.371725300869663,28.356478049419977,28.35521724149051,28.282832461684094,27.94949526113906,27.438439773906282,27.05151789142884,26.800787473591466,26.77773320831321,26.75924490678947,26.729447043020176,26.64237157413384,26.628497647498655,26.72656984616778,26.78056848438507,26.855726002741132,,,,,27.94949526113906,27.438439773906282,27.68235329751933,"rgba(38, 166, 154, 0.5)",0.31700687746504475,28.169708375185728,0.9472716403365198,46.3522040619128,3.2197551738216177,False,True,False,True,False,2.631596286725518,0.0,0.0,0.0,0.0,0,1.003115264797508,0.942247783369279,False,False,False,False,0.05446489348485146,0.08827324132070588,False,False,False,False,-120088.0,-172855.8018679342,False,False,False,False,8343.784521972146,False,False,False,False
2025-06-13 18:00:00+00:00,28.47,28.48,28.25,28.335,4656.0,,,,,,,28.787261091240417,28.51009129566822,28.36385234235391,28.343583109576617,28.261673485772995,28.065806933167334,27.709413031281613,27.632719034085085,27.316258549975476,27.19234204003704,26.848852149975617,26.785643848501742,26.678577047665005,26.829298027794756,26.87656076105484,,,,,,,,,,28.62738868987409,28.37158459721435,28.35646931389,28.35521596141936,28.283135375282352,27.950680822428172,27.440268771257912,27.053737177454863,26.80315523562566,26.779963188208736,26.761423896963265,26.731599533017942,26.644435811955333,26.630466883091813,26.728289943547228,26.78218404645945,26.85721855863404,,,,,27.950680822428172,27.440268771257912,27.68042786087751,"rgba(38, 166, 154, 0.5)",0.31694207558962084,28.165175002978657,0.5358234519838088,42.33470389017643,-0.3972699396923218,False,True,False,True,False,0.5265273753300335,0.0,0.0,0.0,0.0,0,0.9902241297091083,0.9489747257987603,False,False,False,False,-0.02190931292230226,0.03318196419920181,False,False,False,False,-124744.0,-172109.88245912903,False,False,False,False,8286.60956814312,False,False,False,False
2025-06-13 19:00:00+00:00,28.34,28.355,28.215,28.275,26551.0,,,,,,,28.56697822995296,28.48933586691671,28.361004212371018,28.341654949524795,28.262100973561264,28.06957632705265,27.717455769255867,27.64087879515458,27.32642792115838,27.203210680301066,26.861566895420292,26.797985687892783,26.690005750559962,26.83758420168194,26.884441959056282,,,,,,,,,28.281666666666666,28.58271812303719,28.367468406881557,28.354030439596638,28.352824933708646,28.28310104259661,27.956108629578306,27.449735660395927,27.065544550959352,26.815889199107133,26.791973671263015,26.773170201076045,26.743216463067544,26.655612151710894,26.64113732524632,26.737590746847847,26.790907236846053,26.865259476543905,,,,,27.956108629578306,27.449735660395927,27.738224971859882,#000000,0.31687610902093316,28.19449991194091,0.25404278128702873,38.991796864025034,-3.440303272771466,False,True,False,True,False,0.0,0.0,0.0,0.0,0.0,0,0.9869078790764104,0.9557248274220426,False,False,False,False,-0.06723175898558773,-0.017024897393192958,False,False,False,False,-151295.0,-171787.17110317352,False,False,False,False,8569.778412047877,False,False,False,False
2025-06-16 14:00:00+00:00,28.565,28.685,28.49,28.505,5752.0,,,,,,,28.566376376976752,28.49070001006846,28.362487062361488,28.34311813143604,28.26347451522331,28.071424614284542,27.720013328773707,27.643375672240737,27.329236558952505,27.206137059408995,26.864825787873613,26.80112918893872,26.69288943127401,26.839710463412935,26.88647550153301,,,,,,,,,28.3312278013394,28.58209951555892,28.369359023167178,28.35547506981897,28.354273817846533,28.284496246397502,27.958246452075073,27.45243534452085,27.068651234996228,26.819137388965455,26.79503176769221,26.77615615514413,26.746161410170355,26.65842431985386,26.64381993256842,26.73995157624383,26.793134007664005,26.86732947214638,,,,,27.958246452075073,27.45243534452085,27.742201981369266,"rgba(38, 166, 154, 0.5)",0.31729796721658604,28.19809079877343,0.9672586430945392,41.28580308767479,-3.440303272771466,False,True,False,True,False,3.0289641816521637,0.0,0.0,0.0,0.0,0,0.9917917448405253,0.9411350844277674,False,False,False,False,0.104251815996585,0.04361345930169602,False,False,False,False,-145543.0,-171380.28472948092,False,False,False,False,8526.091925039382,False,False,False,False
2025-06-16 15:00:00+00:00,28.5,28.62,28.475,28.555,4391.0,,,,,,,28.565364761382234,28.49156121527628,28.36354769661346,28.34417107703363,28.264479488758607,28.072797534426048,27.72193218971238,27.64525194768468,27.331354691264796,27.208346097625554,26.86729055149515,26.80350775598979,26.69507305734567,26.84132067833074,26.888015305208278,,,,,,,,,28.357407250958378,28.581445857351987,28.370703083520297,28.356511056963022,28.355313204719177,28.285513582050346,27.959841325326185,27.454468899098224,27.070998312021914,26.821594685042413,26.79734598000874,26.778416143544604,26.74839076640635,26.660554247593364,26.64585209514559,26.741739809524756,26.794820525763917,26.868896963309346,,,,,27.959841325326185,27.454468899098224,27.74470220617097,"rgba(38, 166, 154, 1.0)",0.3180508345109487,28.200164464169212,1.1156566728598611,43.65819989263575,-3.440303272771466,False,True,False,True,True,3.7459744488055975,0.0,0.0,0.0,0.0,0,0.9939024390243905,0.9437148217636021,False,False,False,False,0.08144294064956512,0.06252819997563057,False,False,False,False,-141152.0,-170911.62915227967,False,False,False,False,8461.98197271319,False,False,False,False
2025-06-16 16:00:00+00:00,28.55,28.63,28.525,28.575,4655.0,,,,,,,28.566059397748383,28.492851632649952,28.364818025987017,28.345418798048556,28.265636002574208,28.074325276817223,27.724021951275862,27.64729094567277,27.333641121070677,27.21072642231107,26.869936927043486,26.80606066801271,26.697415567976353,26.843050985797547,26.889670718502384,,,,,,,,,28.382091102565962,28.581344865311458,28.372314979357316,28.35774706132315,28.35655238011627,28.286691488153586,27.961598701201446,27.456668780007714,27.073523110561,26.82423218783475,26.799829900678027,26.780841698274862,26.750783041615236,26.662838795508353,26.648031815522238,26.74365960236045,26.796632020489167,26.87058181968982,,,,,27.961598701201446,27.456668780007714,27.747400258648508,"rgba(38, 166, 154, 1.0)",0.31871398400977147,28.20248790231821,1.168797468486251,45.593999238973325,-3.440303272771466,False,True,False,True,True,4.034542696823422,0.0,0.0,0.0,0.0,0,0.9931716505768778,0.9481987285142455,False,False,False,False,0.0985403765316318,0.08053428825363118,False,False,False,False,-136497.0,-170378.06901038386,False,False,False,False,8402.958996392055,False,False,False,False
2025-06-16 17:00:00+00:00,28.575,28.61,28.54,28.55,1972.0,,,,,,,28.56607480804702,28.493322744661427,28.36532643357524,28.345920658364065,28.26610768825739,28.074956856969575,27.724893813088634,27.64814277263848,27.334599420756852,27.21172494097634,26.8710489890535,26.807133848546787,26.698400897788375,26.84377873453397,26.890366872563533,,,,,,,,,28.39049310188284,28.581214631944256,28.372957200508292,28.35824276824907,28.35704949931592,28.28717050672052,27.96232810829413,27.45758982031098,27.074583042055583,26.825340763346215,26.800874164871892,26.781861554402713,26.751789055497067,26.663799909478342,26.648948948104564,26.7444672440698,26.79739400977359,26.87129039645548,,,,,27.96232810829413,27.45758982031098,27.74842988769339,"rgba(38, 166, 154, 1.0)",0.3184851107438818,28.203327164159948,1.088505629133913,46.42045213354106,-3.440303272771466,False,True,False,True,True,3.6283777960783894,0.0,0.0,0.0,0.0,0,0.9907888521492678,0.949456778460085,False,False,False,False,0.09711353177320602,0.0888239100134186,False,False,False,False,-138469.0,-169883.35476216083,False,False,False,False,8303.254205750318,False,False,False,False
2025-06-16 18:00:00+00:00,28.55,28.57,28.48,28.51,2036.0,,,,,,,28.564898469306723,28.49349738275447,28.365727619086435,28.34632738813154,28.266517760484003,28.07554551122262,27.725742281077636,27.648975991979007,27.33554984372764,27.212718870273466,26.872164056577788,26.808211136167063,26.69939173281762,26.844509123080147,26.891065021305767,,,,,,,,,28.396306450309027,28.580658963978824,28.37345715648733,28.358638060007518,28.357446573767426,28.287581065351137,27.96302133493539,27.458499205066264,27.075641618099972,26.826453204096072,26.801922566183933,26.78288578856063,26.75279987254621,26.664766887402997,26.64987190625875,26.74527901096508,26.798159308388,26.87200122863496,,,,,27.96302133493539,27.458499205066264,27.749247526807125,"rgba(38, 166, 154, 0.5)",0.3153414851427396,28.20385414200454,0.9708391455595612,46.198733950619314,-3.440303272771466,False,True,False,True,True,2.9741484911891476,0.0,0.0,0.0,0.0,0,0.9879603399433429,0.9487724268177525,False,False,False,False,0.06865151235843113,0.07873771118592487,False,False,False,False,-140505.0,-169427.87639375523,False,False,False,False,8206.087473878219,False,False,False,False
2025-06-16 19:00:00+00:00,28.51,28.525,28.41,28.52,14183.0,,,,,,,28.55283403776612,28.493126781612375,28.367844431652987,28.3485482832836,28.26894861069817,28.07928378297189,27.73134467228714,27.654504925403188,27.341934144960632,27.2194167520384,26.879725991184582,26.815525530212838,26.706132084853955,26.849473565810207,26.895807712996298,,,,,,,,,28.417434105923185,28.57496981539799,28.376037951975604,28.360753154403486,28.359575636607843,28.289976664239685,27.967502542280535,27.464583680905555,27.082795317028893,26.834002929189687,26.809042455314327,26.789844275547157,26.759670570293014,26.671348554710235,26.65615629864482,26.750802221554178,26.803363669039744,26.876831203524475,,,,,27.967502542280535,27.464583680905555,27.753569081727154,"rgba(38, 166, 154, 0.5)",0.31457725099985046,28.20573495729314,0.9990075306081505,46.29285683451447,-3.440303272771466,False,True,False,True,True,3.126705499397456,0.0,0.0,0.0,0.0,0,0.9839924670433147,0.9505649717514124,False,False,False,False,0.03605412667990487,0.057395918932914874,False,False,False,False,-126322.0,-168759.56823261175,False,False,False,False,8298.752784360726,False,False,False,False
2025-06-17 14:00:00+00:00,28.49,28.505,28.41,28.41,2911.0,,,,,,,28.54949235852954,28.492670223422365,28.368112363725217,28.34885336885398,28.2693421275077,28.07996157110631,27.732418801074527,27.65557194303285,27.3431863907856,27.220735978953485,26.88122762359925,26.81698013045738,26.707475676885615,26.850461884170503,26.896751193906436,,,,,,,,,28.41856364723276,28.57336225633972,28.376348138105712,28.361030179536474,28.359855909352657,28.290353520784574,27.968336570046635,27.465770928790853,27.0842095125224,26.835503536864156,26.810458746517817,26.79122911465852,26.76103876671047,26.672661395750445,26.657410387320837,26.75190328411692,26.804400449298264,26.877792343825796,,,,,27.968336570046635,27.465770928790853,27.75418454834044,"rgba(38, 166, 154, 0.5)",0.3127635897332662,28.20576215086971,0.6530103114127526,44.15460093694296,-3.440303272771466,False,True,False,True,True,1.312420131283389,0.0,0.0,0.0,0.0,0,0.9825595097808156,0.9552203629507424,False,False,False,False,0.030394764630315825,0.043895341781615346,False,False,False,False,-129233.0,-168146.75322125343,False,False,False,False,8215.221733440405,False,False,False,False
2025-06-17 15:00:00+00:00,28.41,28.52,28.41,28.49,2085.0,,,,,,,28.547887187263086,28.492548120846493,28.368385183692897,28.34914479707276,28.26967447522912,28.08048784509897,27.73322041072107,27.6563651319258,27.344107364499695,27.221703586435353,26.882323182934908,26.81804066316196,26.708454294316017,26.85118308473343,26.897440090280423,,,,,,,,,28.420333121565218,28.572505650866145,28.376675350733827,28.36130489951074,28.360132729540368,28.29067854373064,27.96897198505461,27.46664705758872,27.0852442074327,26.836597781224953,26.811491317494664,26.792238581407027,26.762035807306766,26.67361733141319,26.65832346707665,26.75270580053539,26.80515658267926,26.87849395890002,,,,,27.96897198505461,27.46664705758872,27.754749799293542,"rgba(38, 166, 154, 0.5)",0.3094596132810025,28.20596376523398,0.9178458919228979,44.81586271443513,-3.440303272771466,False,True,False,True,True,2.560811873889392,0.0,0.0,0.0,0.0,1,0.9813854853911405,0.9542884071630537,False,False,False,False,0.03463908387653628,0.03926721282907582,False,False,False,False,-127148.0,-167511.1136364278,False,False,False,False,8120.179536022724,False,False,False,False
2025-06-17 16:00:00+00:00,28.49,28.535,28.385,28.4,3394.0,,,,,,,28.544308486204912,28.492013482739633,28.36868617459304,28.349489730895073,28.270124997759403,28.08126908301641,27.73446297941405,27.65760046589557,27.345559176505226,27.223233619119153,26.884066036678448,26.819729409583637,26.710014943840665,26.8523316019671,26.89853650868845,,,,,,,,,28.421315741694876,28.570683924272313,28.377021230028447,28.36161702254464,28.36044862382326,28.291109055380414,27.969934777720887,27.468022865582356,27.086884842129272,26.838339675314884,26.813135755519816,26.79384668927363,26.763624761506186,26.675142470664586,26.659780571285747,26.753985275193454,26.806361400282967,26.879610898355796,,,,,27.969934777720887,27.468022865582356,27.755461144287825,"rgba(38, 166, 154, 0.5)",0.30650639662321283,28.2060024645369,0.6329314415632827,43.46591545141482,-3.440303272771466,False,True,False,True,True,1.081157934229406,0.0,0.0,0.0,0.0,0,0.9907626717195642,0.9514448128848886,False,False,False,False,0.031809408534856524,0.03553831068196617,False,False,False,False,-130542.0,-166937.94908392502,False,False,False,False,8046.905434689038,False,False,False,False
2025-06-17 17:00:00+00:00,28.4,28.5,28.295,28.335,1652.0,,,,,,,28.541644817625432,28.491445073514715,28.368702467208845,28.349539859182592,28.270261989915372,28.081581198822484,27.7350120597992,27.6581517869823,27.346223629967547,27.22393826828127,26.884878472302315,26.820518040427118,26.710745786688605,26.852867755935915,26.8990477135042,,,,,,,,,28.420255693522268,28.56939421801418,28.377020289892286,28.36164602033801,28.360479786466037,28.291228952987186,27.970339037556045,27.468647578757817,27.087644659839647,26.83915268654357,26.813903857181455,26.79459821581259,26.764367904548077,26.675857260811686,26.660463740985268,26.75458397906847,26.806924482323637,26.880131938239646,,,,,27.970339037556045,27.468647578757817,27.755623062619534,#000000,0.30364730310750254,28.205761779060122,0.42561952507815826,41.39147209748181,-3.7194220479419116,False,True,False,True,False,0.026342788973057196,0.0,0.0,0.0,0.0,0,0.9809411764705883,0.9545882352941175,False,False,False,False,-0.0035332332436299745,0.016002538719168097,False,False,False,False,-132194.0,-166399.28320665486,False,False,False,False,7947.759613996184,False,False,False,False
2025-06-17 18:00:00+00:00,28.33,28.37,28.25,28.31,3232.0,,,,,,,28.5346610946833,28.4897124864464,28.36846893454403,28.349397687070276,28.270361703080233,28.08205239869011,27.73597225013764,27.659128107810005,27.347437161392904,27.225234783471606,26.886394462228676,26.821992622808466,26.712116622791417,26.85386976261095,26.900001743749403,,,,,,,,,28.4153617665101,28.56606409375401,28.376674416277588,28.36145206450942,28.360290732796734,28.291280276055524,27.970998235188844,27.469777745405832,27.089051846440384,26.840671932074578,26.815340390953843,26.796004582815883,26.765759788194092,26.677199206502472,26.661746875919857,26.755705928577473,26.807978202105144,26.88110489747823,,,,,27.970998235188844,27.469777745405832,27.75558166253362,#000000,0.30212572706528923,28.204785690483895,0.34824677308386515,39.56098168306121,-5.705091041049741,False,True,False,True,False,0.0,0.0,0.0,0.0,0.0,0,0.9783936120244245,0.96195396899953,False,False,False,False,-0.053047585907556274,-0.01852252359419409,False,False,False,False,-135426.0,-165919.0772654664,False,False,False,False,7874.647061841205,False,False,False,False
2025-06-17 19:00:00+00:00,28.31,28.335,28.235,28.285,19146.0,,,,,,,28.496829285022706,28.478752645987186,28.366547141033262,28.348054604218262,28.270576108390646,28.08450252749771,27.741350295421025,27.66463240509026,27.354378679385537,27.232676601186366,26.895152729534498,26.830522592250514,26.720063043954774,26.85967596216508,26.905527219198046,,,,,,,,,28.388220548789324,28.546199521097193,28.373954924022925,28.359788245729288,28.35865660505834,28.29118017660275,27.974567216589083,27.476213583192305,27.097152528683456,26.84945575678262,26.823652601029664,26.804145810017424,26.773821352371694,26.684982731487086,26.669192596924482,26.762212806564158,26.814086751559902,26.886741182536845,,,,,27.974567216589083,27.476213583192305,27.75523937939936,#000000,0.2968983354978536,28.24089189457551,0.1485629932903774,37.87425090024562,-7.51182012697916,False,True,False,True,False,0.0,0.0,0.0,0.0,0.0,0,0.9744371482176359,0.9664634146341462,False,False,False,False,-0.06723175898558773,-0.04287714128989091,False,False,False,False,-154572.0,-165743.15358693202,False,False,False,False,8049.396719797155,False,False,False,False
2025-06-18 14:00:00+00:00,28.435,28.52,28.4,28.44,3683.0,,,,,,,28.4955973145072,28.478493528000737,28.36692982204087,28.348475290110496,28.271089585736334,28.085357099044842,27.742689373474168,27.665964448402388,27.355941608975602,27.23432324751431,26.89702747179694,26.832340641653435,26.721745885207884,26.860918737468296,26.906714155689833,,,,,,,,,28.390727897842318,28.544953887148857,28.374405320006097,28.360178230026573,28.359050247512165,28.291675823643807,27.975611722130292,27.47769521906636,27.098917286033007,26.851329909226326,26.82542374431812,26.8058785511361,26.7755339548267,26.686627981390927,26.6707654575896,26.763595814174234,26.81538983963099,26.887950116638045,,,,,27.975611722130292,27.47769521906636,27.75622444896696,"rgba(38, 166, 154, 0.5)",0.29372189150508293,28.242592803758935,0.6720888090074484,41.41647821445703,-7.51182012697916,False,True,False,True,True,1.7553804372559512,0.0,0.0,0.0,0.0,1,0.9748953974895398,0.9597861459786143,False,False,False,False,0.031809408534856524,-0.005533866377517193,False,False,False,False,-150889.0,-165512.85663209588,False,False,False,False,7981.7006466220055,False,False,False,False
2025-06-18 15:00:00+00:00,28.44,28.58,28.43,28.48,4874.0,,,,,,,28.49563594898176,28.478735423596433,28.367682495320114,28.34925482131273,28.271925215153047,28.08661441448561,27.74456134273879,27.66781697980345,27.358084538111587,27.236572786311555,26.89957042676229,26.834804504975157,26.724023508952353,26.862605095871043,26.90832605671025,,,,,,,,,28.39586479567303,28.54411170234338,28.375316525248568,28.360927117117,28.359803307701476,28.29250169451736,27.977111761290494,27.47973587082838,27.10132017264475,26.853870304151144,26.82782396060163,26.808226200318042,26.777853409855883,26.688853856356715,26.67289318429707,26.765469429219745,26.81715667416994,26.88959133634219,,,,,27.977111761290494,27.47973587082838,27.757829028793743,"rgba(38, 166, 154, 0.5)",0.29181233942589774,28.245107530561853,0.8049435808652481,44.780980127440685,-10.133428531349537,False,True,False,True,True,2.39734695745517,0.0,0.0,0.0,0.0,1,0.9795871027603804,0.9566225933658081,False,False,False,False,0.05730028371670998,0.02588320866959639,False,False,False,False,-146015.0,-165210.56428121065,False,False,False,False,7933.519241248021,False,False,False,False
2025-06-18 16:00:00+00:00,28.47,28.57,28.445,28.505,5918.0,,,,,,,28.496099504819256,28.4791796607649,28.36865468141773,28.350253837164853,28.27297632703008,28.088167728403626,27.746851881383204,27.670082246896428,27.360698437346176,27.239315007871223,26.90266649467729,26.837804276453756,26.726796705921082,26.86466050234905,26.910291129840196,,,,,,,,,28.40202560248038,28.543335173037296,28.376494496296594,28.36189162023,28.360772670374708,28.29354424302446,27.97895636925834,27.4822269225141,27.10424749968087,26.85696303270033,26.830746454219902,26.811084792580775,26.78067763337686,26.691564069968283,26.675484137928628,26.767752039367572,26.819309718904254,26.891591977687256,,,,,27.97895636925834,27.4822269225141,27.75982866376012,"rgba(38, 166, 154, 0.5)",0.2917145185967509,28.247705698590863,0.8820071851302141,47.66181653516844,-7.476971755641493,False,True,False,False,True,2.8009200998269534,0.0,0.0,0.0,0.0,1,0.9768637532133677,0.9682168731011914,False,False,False,False,0.058718321185075834,0.042300764927336115,False,False,False,False,-140097.0,-164821.20669545545,False,False,False,False,7902.270880918594,False,False,False,False
2025-06-18 17:00:00+00:00,28.5,28.525,28.365,28.37,3606.0,,,,,,,28.494199519951998,28.478611646411032,28.368872597136523,28.35052251375494,28.27337637665433,28.088913743868606,27.748082403443906,27.671314175789636,27.362165319920393,27.240866253418975,26.904445555916478,26.839532198385328,26.72840019013779,26.86584442926452,26.91142125912305,,,,,,,,,28.402614616370254,28.5417961401906,28.376730942458742,28.36212500255242,28.361009918393375,28.293918225200954,27.97989049339983,27.483610962518135,27.10591536864331,26.858743145711706,26.832430396107554,26.81273310922982,26.78230780759995,26.69313285721562,26.676984741249285,26.769070790929916,26.82055169506041,26.892743312893256,,,,,27.97989049339983,27.483610962518135,27.760589137321155,#000000,0.29029525199890366,28.248008790187527,0.4202315021429809,46.13881705189971,-7.476971755641493,False,True,False,True,True,0.4887505016486138,0.0,0.0,0.0,0.0,1,0.9718014448846424,0.9666744348636678,False,False,False,False,0.023323255716539665,0.03281201032193789,False,False,False,False,-143703.0,-164493.79263816157,False,False,False,False,7835.662030051639,False,False,False,False
2025-06-18 18:00:00+00:00,28.405,28.46,28.31,28.335,4962.0,,,,,,,28.490018921138127,28.477174140527854,28.368869466078785,28.35061642734153,28.273730587112663,28.08977548267496,27.749638677830365,27.672886228657188,27.364078917108973,27.242900937348946,26.90680358169103,26.84182620035325,26.730534449489834,26.8674165552383,26.912920433596394,,,,,,,,,28.40113549211759,28.53886791522079,28.376668606457358,28.362159125104156,28.36105006398393,28.294219831682003,27.98101929422521,27.485404076216028,27.10811355774746,26.861105191742766,26.834666520548318,26.814923011394054,26.784475097474722,26.695222473385865,26.678984333279654,26.77082532515447,26.822202452419862,26.894271263393975,,,,,27.98101929422521,27.485404076216028,27.761285094071123,#000000,0.289316871703027,28.247575180463166,0.3021767068827343,44.356585143838934,-7.476971755641493,False,True,False,True,False,0.0,0.0,0.0,0.0,0.0,1,0.9693450998606598,0.9686483975847651,False,False,False,False,-0.010599996079163437,0.011106007121387226,False,False,False,False,-148665.0,-164248.3850003606,False,False,False,False,7791.1091303609155,False,False,False,False
2025-06-18 19:00:00+00:00,28.34,28.45,28.29,28.32,14276.0,,,,,,,28.478096471719173,28.47269758897644,28.368614203200114,28.350657027713073,28.274575819962724,28.09209345397502,27.753965429874903,27.677273127146513,27.36946245658762,27.248636630667214,26.913476408942195,26.84832348525589,26.736588031592007,26.871876350218013,26.917172223319245,,,,,,,,,28.395856803244655,28.53027429356901,28.37618066408586,28.36202173472921,28.36093024895652,28.29490119866359,27.984106271986438,27.49043571975724,27.114320638852373,26.867792688901567,26.84100126555699,26.821128746778793,26.79061888568309,26.701151825870674,26.68466016268349,26.775804634713584,26.826886324906475,26.89860512675617,,,,,27.984106271986438,27.49043571975724,27.763097650591448,#000000,0.2876011377136535,28.24599463120824,0.25731945770479525,42.8272003690097,-7.476971755641493,False,True,False,True,False,0.0,0.0,0.0,0.0,0.0,1,0.9683090446449226,0.9694656488549616,False,False,False,False,-0.019081571323325348,-0.003987782100969061,False,False,False,False,-162941.0,-164228.1154654713,False,False,False,False,7891.650074076249,False,False,False,False
2025-06-19 14:00:00+00:00,28.32,28.32,28.32,28.32,0.0,,,,,,,28.478096471719173,28.47269758897644,28.368614203200114,28.350657027713073,28.274575819962724,28.09209345397502,27.753965429874903,27.677273127146513,27.36946245658762,27.248636630667214,26.913476408942195,26.84832348525589,26.736588031592007,26.871876350218013,26.917172223319245,,,,,,,,,28.395856803244655,28.53027429356901,28.37618066408586,28.36202173472921,28.36093024895652,28.29490119866359,27.984106271986438,27.49043571975724,27.114320638852373,26.867792688901567,26.84100126555699,26.821128746778793,26.79061888568309,26.701151825870674,26.68466016268349,26.775804634713584,26.826886324906475,26.89860512675617,,,,,27.984106271986438,27.49043571975724,27.763097650591448,#000000,0.28509160847874593,28.24599463120824,0.2595845215741476,41.80761051912355,-3.1088054090648285,False,True,False,True,False,0.0,0.0,0.0,0.0,0.0,1,0.9748251748251751,0.9741258741258737,False,False,False,False,-0.04738020049201364,-0.025683991296491352,False,False,False,False,-162941.0,-164208.16018693685,False,False,False,False,7769.298910137082,False,False,False,False
2025-06-19 15:00:00+00:00,28.32,28.32,28.32,28.32,0.0,,,,,,,28.478096471719173,28.47269758897644,28.368614203200114,28.350657027713073,28.274575819962724,28.09209345397502,27.753965429874903,27.677273127146513,27.36946245658762,27.248636630667214,26.913476408942195,26.84832348525589,26.736588031592007,26.871876350218013,26.917172223319245,,,,,,,,,28.395856803244655,28.53027429356901,28.37618066408586,28.36202173472921,28.36093024895652,28.29490119866359,27.984106271986438,27.49043571975724,27.114320638852373,26.867792688901567,26.84100126555699,26.821128746778793,26.79061888568309,26.701151825870674,26.68466016268349,26.775804634713584,26.826886324906475,26.89860512675617,,,,,27.984106271986438,27.49043571975724,27.763097650591448,#000000,0.2821805696245706,28.24599463120824,0.2622624544638934,41.127883952532784,-4.008600583568786,False,True,False,True,False,0.0,0.0,0.0,0.0,0.0,1,0.9754659117716444,0.9771172446331677,False,False,False,False,-0.04738020049201364,-0.0365320958942525,False,False,False,False,-162941.0,-164188.51429256573,False,False,False,False,7648.84466346829,False,False,False,False
2025-06-19 16:00:00+00:00,28.32,28.32,28.32,28.32,0.0,,,,,,,28.478096471719173,28.47269758897644,28.368614203200114,28.350657027713073,28.274575819962724,28.09209345397502,27.753965429874903,27.677273127146513,27.36946245658762,27.248636630667214,26.913476408942195,26.84832348525589,26.736588031592007,26.871876350218013,26.917172223319245,,,,,,,,,28.395856803244655,28.53027429356901,28.37618066408586,28.36202173472921,28.36093024895652,28.29490119866359,27.984106271986438,27.49043571975724,27.114320638852373,26.867792688901567,26.84100126555699,26.821128746778793,26.79061888568309,26.701151825870674,26.68466016268349,26.775804634713584,26.826886324906475,26.89860512675617,,,,,27.984106271986438,27.49043571975724,27.763097650591448,#000000,0.27919885386543614,28.24599463120824,0.2650632972419987,40.674732908138935,-4.751821051143629,False,True,False,True,False,0.0,0.0,0.0,0.0,0.0,1,0.9673498570066733,0.9828408007626306,False,False,False,False,-0.04738020049201364,-0.04195614819313307,False,False,False,False,-162941.0,-164169.17298570424,False,False,False,False,7530.257924499789,False,False,False,False
2025-06-19 17:00:00+00:00,28.32,28.32,28.32,28.32,0.0,,,,,,,28.478096471719173,28.47269758897644,28.368614203200114,28.350657027713073,28.274575819962724,28.09209345397502,27.753965429874903,27.677273127146513,27.36946245658762,27.248636630667214,26.913476408942195,26.84832348525589,26.736588031592007,26.871876350218013,26.917172223319245,,,,,,,,,28.395856803244655,28.53027429356901,28.37618066408586,28.36202173472921,28.36093024895652,28.29490119866359,27.984106271986438,27.49043571975724,27.114320638852373,26.867792688901567,26.84100126555699,26.821128746778793,26.79061888568309,26.701151825870674,26.68466016268349,26.775804634713584,26.826886324906475,26.89860512675617,,,,,27.984106271986438,27.49043571975724,27.763097650591448,#000000,0.2777401079558742,28.24599463120824,0.26645546203761467,40.37263221187637,-5.392293950244465,False,True,False,True,False,0.0,0.0,0.0,0.0,0.0,1,0.9587826503714356,0.9863407620416963,False,False,False,False,-0.04738020049201364,-0.04466817434257336,False,False,False,False,-162941.0,-164150.1315440654,False,False,False,False,7413.5097396238225,False,False,False,False
2025-06-19 18:00:00+00:00,28.32,28.32,28.32,28.32,0.0,,,,,,,28.478096471719173,28.47269758897644,28.368614203200114,28.350657027713073,28.274575819962724,28.09209345397502,27.753965429874903,27.677273127146513,27.36946245658762,27.248636630667214,26.913476408942195,26.84832348525589,26.736588031592007,26.871876350218013,26.917172223319245,,,,,,,,,28.395856803244655,28.53027429356901,28.37618066408586,28.36202173472921,28.36093024895652,28.29490119866359,27.984106271986438,27.49043571975724,27.114320638852373,26.867792688901567,26.84100126555699,26.821128746778793,26.79061888568309,26.701151825870674,26.68466016268349,26.775804634713584,26.826886324906475,26.89860512675617,,,,,27.984106271986438,27.49043571975724,27.763097650591448,#000000,0.2767049034682556,28.24599463120824,0.26745232145931075,40.171231747701334,-5.959515531333665,False,True,False,True,False,0.0,0.0,0.0,0.0,0.0,0,0.9585442275247049,0.9865027717522291,False,False,False,False,-0.04738020049201364,-0.0460241874172935,False,False,False,False,-162941.0,-164131.385318576,False,False,False,False,7298.571604125778,False,False,False,False
2025-06-19 19:00:00+00:00,28.32,28.32,28.32,28.32,0.0,,,,,,,28.478096471719173,28.47269758897644,28.368614203200114,28.350657027713073,28.274575819962724,28.09209345397502,27.753965429874903,27.677273127146513,27.36946245658762,27.248636630667214,26.913476408942195,26.84832348525589,26.736588031592007,26.871876350218013,26.917172223319245,,,,,,,,,28.395856803244655,28.53027429356901,28.37618066408586,28.36202173472921,28.36093024895652,28.29490119866359,27.984106271986438,27.49043571975724,27.114320638852373,26.867792688901567,26.84100126555699,26.821128746778793,26.79061888568309,26.701151825870674,26.68466016268349,26.775804634713584,26.826886324906475,26.89860512675617,,,,,27.984106271986438,27.49043571975724,27.763097650591448,#000000,0.277006309486388,28.24599463120824,0.26716131097871637,40.036964771584636,-6.469251433502357,False,True,False,True,False,0.0,0.0,0.0,0.0,0.0,0,0.971948818897638,0.9869586614173225,False,False,False,False,-0.04738020049201364,-0.04670219395465357,False,False,False,False,-162941.0,-164112.9297322415,False,False,False,False,7185.415455224604,False,False,False,False
2025-06-20 14:00:00+00:00,28.135,28.28,27.9,27.98,5757.0,,,,,,,28.463663174462646,28.466672327692272,28.366538983804013,28.348876022025163,28.273632517656612,28.09195647013709,27.754828182315272,27.678248302322594,27.370959973232395,27.25030930744652,26.91559289492177,26.850408695356823,26.738565849848857,26.873304595118586,26.918523044092808,,,,,,,,,28.381253974248835,28.521529117684214,28.37348108662919,28.360096007209695,28.359016262649398,28.293783539861266,27.98433696794777,27.49174861631265,27.116204419966508,26.869931391279717,26.843037125971854,26.823129933815682,26.792609843547748,26.70309894516257,26.68652860420311,26.777423582554707,26.82839743393561,26.899986627162605,,,,,27.98433696794777,27.49174861631265,27.761673805539914,"rgba(239, 83, 80, 0.5)",0.28220571054256915,28.24100800032906,-0.924885608541533,32.46156974987542,-13.667158417510443,False,True,False,True,False,0.0,0.0,0.0,0.0,0.0,0,0.9562788438183144,0.971581248481904,False,False,False,False,-0.1792620017903707,-0.11298209787251212,False,False,False,False,-168698.0,-164184.01609298194,False,False,False,False,7163.26947917461,False,False,False,False
2025-06-20 15:00:00+00:00,27.98,28.1,27.93,28.065,6270.0,,,,,,,28.448246582619504,28.45997027985345,28.364155486006336,28.34681999416964,28.272514121315897,28.091725300405162,27.755694381442314,27.679243618063897,27.37253193889114,27.252074201948744,26.9178453280142,26.85263076448128,26.740677774507287,26.8748276971237,26.91996256617103,,,,,,,,,28.365742160040377,28.511938158419284,28.370396314314775,28.35787961288701,28.356812794648206,28.292469364043516,27.98450812538281,27.493116655230253,27.118200246872792,26.87220942397953,26.845207080663982,26.82526380662489,26.79473394037806,26.705179274078034,26.688525579539693,26.779152269013817,26.830009930318575,26.90145928107288,,,,,27.98450812538281,27.493116655230253,27.760077187227886,"rgba(239, 83, 80, 0.5)",0.28517573213366454,28.235719297129105,-0.5986459501718255,31.1890132695722,-14.725717778959186,False,True,False,True,False,0.0,0.0,0.0,0.0,0.0,0,0.963097839281379,0.9752367079388197,False,False,False,False,-0.2234086061044105,-0.1681953519884613,False,False,False,False,-162428.0,-164156.7910372768,False,False,False,False,7149.4203399626,False,False,False,False
2025-06-20 16:00:00+00:00,28.065,28.105,27.965,27.98,4514.0,,,,,,,28.43743606960067,28.45510713438013,28.362383947445196,28.345286539845333,28.271665578032756,28.091518674594706,27.756280927995444,27.679926366742617,27.373633381354043,27.253315532409232,26.919439552745718,26.8542050570514,26.742176342979302,26.87590756995668,26.920982674886588,,,,,,,,,28.354936188451507,28.505054071197847,28.36811289518367,28.35622985695015,28.35517237504878,28.29147742214948,27.984591632438594,27.494069958952306,27.119608229135164,26.8738227929339,26.84674472200794,26.82677635619421,26.796240161495795,26.706656058611188,26.689943592289563,26.78037899641749,26.8311536938938,26.902503087605627,,,,,27.984591632438594,27.494069958952306,27.758921416973468,"rgba(239, 83, 80, 0.5)",0.28989431127824034,28.232023346058337,-0.869362854852454,29.06512267809415,-16.663671913281313,False,True,False,True,False,0.0,0.0,0.0,0.0,0.0,0,0.9669360764144014,0.9801616458486403,False,False,False,False,-0.21155901808262592,-0.18987718503554363,False,False,False,False,-166942.0,-164199.9725715826,False,False,False,False,7108.561109885661,False,False,False,False
2025-06-20 17:00:00+00:00,27.975,27.99,27.62,27.725,5622.0,,,,,,,28.41749604030903,28.445985025937084,28.358698920109333,28.34202572137287,28.269636160308675,28.090448565228208,27.756342485267137,27.680173737393595,27.374493431186693,27.25437498968055,26.92098875154455,26.855759052349217,26.74368972915173,26.87696925887826,26.921974744015287,,,,,,,,,28.333530889713547,28.49268759515586,28.363409022985895,28.352770732453457,28.351728300202268,28.289189109725818,27.98392671877788,27.49471314932647,27.12089139271959,26.875408106577158,26.84826517081395,26.828278560175693,26.797745579783395,26.708156909962756,26.691388940658136,26.781609553920568,26.832289362868313,26.90352287027924,,,,,27.98392671877788,27.49471314932647,27.75595868836392,"rgba(255, 0, 0, 1.0)",0.3011173336897471,28.224600945580505,-1.6591570450582631,25.078468795727513,-20.303509291176475,False,True,False,True,False,0.0,0.0,0.0,0.0,0.0,0,0.9461612747464995,0.9787542250120712,False,False,False,False,-0.34282825441539394,-0.2663527197254688,False,False,False,False,-172564.0,-164329.64741543404,False,False,False,False,7085.513650817666,False,False,False,False
2025-06-20 18:00:00+00:00,27.72,27.81,27.665,27.69,6737.0,,,,,,,28.393152418885798,28.434471768954655,28.353918609598736,28.337779376328232,28.266948165563793,28.08894473972359,27.75622688055829,27.680298351116416,27.375375307795714,27.25550225006108,26.92271563711429,26.857500419897747,26.74539844190411,26.878158447718086,26.923082081696332,,,,,,,,,28.307470987509923,28.477279344004234,28.357333674801477,28.348276155873357,28.347252399164432,28.28617249308188,27.98291749562126,27.495326848161042,27.12229050633378,26.87718176163711,26.849970030758797,26.829965459527543,26.799439597965087,26.709854954463193,26.693025861022633,26.782996565012116,26.8335653832497,26.904662824720287,,,,,27.98291749562126,27.495326848161042,27.75214842720153,"rgba(255, 0, 0, 1.0)",0.31266977370248233,28.21547313737267,-1.6806010096539625,22.15963174364515,-22.893220951712696,False,True,False,True,False,0.0,0.0,0.0,0.0,0.0,0,0.9495656370656371,0.9891409266409265,False,False,False,False,-0.34282825441539394,-0.30459048707043135,False,False,False,False,-179301.0,-164561.7614089932,False,False,False,False,7080.110338401888,False,False,False,False
2025-06-20 19:00:00+00:00,27.69,27.855,27.66,27.84,28913.0,,,,,,,28.31376181252568,28.392995857896242,28.336168316073103,28.32200412151815,28.257011263598137,28.083716994780556,27.756632755797984,27.681630675759955,27.379792694927403,27.260927925673798,26.930623905648517,26.86543688371238,26.75313574525367,26.883604622799297,26.92817394390814,,,,,,,,,28.226728873139056,28.422595500174392,28.33498815738658,28.33157060928148,28.3306177910984,28.27499472496944,27.979701969680267,27.49864993942616,27.12884851008233,26.885274633448834,26.857737935255315,26.837642424271078,26.807134250824568,26.717530394103612,26.70042124863451,26.789301493410004,26.839387906021493,26.9098957466643,,,,,27.979701969680267,27.49864993942616,27.73988754107799,"rgba(239, 83, 80, 1.0)",0.31940841995556896,28.186030961491007,-1.083349529543213,25.25782773253421,-22.893220951712696,False,True,False,True,True,0.0,0.0,0.0,0.0,0.0,0,0.9494463168030816,0.9874819451131436,False,False,False,False,-0.33102334817693335,-0.31780691762368235,False,False,False,False,-150388.0,-164342.01317009405,False,False,False,False,7418.604751759998,False,False,False,False
2025-06-23 14:00:00+00:00,27.79,27.85,27.69,27.695,7178.0,,,,,,,28.295907399227673,28.38288270022561,28.33162444652656,28.317944854012538,28.254403770744297,28.08227681554318,27.756592160075307,27.681830236950148,27.380767837066756,27.262156231846145,26.932473934481756,26.86730141216985,26.75496503934317,26.88488703009896,26.92937017236895,,,,,,,,,28.208929676910138,28.40956310662268,28.329324389748088,28.327283308419805,28.32634779397871,28.27207627912875,27.978759110844944,27.499349558868946,27.13035852288718,26.887173146961732,26.859564124407928,26.83944957095727,26.808948578772032,26.719348195568248,26.702174606170043,26.790792104171185,26.840761712111266,26.911126315128968,,,,,27.978759110844944,27.499349558868946,27.736931558695122,"rgba(239, 83, 80, 1.0)",0.32977815365849406,28.179216091066866,-1.4683085756138416,25.60020324338192,-22.893220951712696,False,True,False,True,True,0.0,0.0,0.0,0.0,0.0,0,0.9450575815738965,0.9911228406909784,False,False,False,False,-0.3236904249114967,-0.32074867126758955,False,False,False,False,-157566.0,-164236.95870234066,False,False,False,False,7414.874445531161,False,False,False,False
2025-06-23 15:00:00+00:00,27.695,27.8,27.695,27.715,6448.0,,,,,,,28.280569768942087,28.373948256946303,28.32754469120362,28.314294471108575,28.252046050737395,28.080961796589417,27.75652989149003,27.681984926477114,27.381619438081206,27.263235365279876,26.934111692920204,26.868953753030045,26.756588768025804,26.886024636054767,26.930430812927543,,,,,,,,,28.193758382407154,28.39813474075147,28.324257300279868,28.323430754170566,28.322510572986562,28.269440889272257,27.977888611736592,27.49995344254816,27.13169036598354,26.888854949257645,26.861182813948815,26.84105192228881,26.810557958983715,26.720962428877478,26.703732090503586,26.792115501968684,26.841980913139462,26.912217631009327,,,,,27.977888611736592,27.49995344254816,27.73434051229684,"rgba(239, 83, 80, 1.0)",0.3388429836477991,28.173293142749998,-1.3525236314952236,26.43948431158411,-22.893220951712696,False,True,False,True,True,0.0,0.0,0.0,0.0,0.0,0,0.9450575815738965,0.9944817658349324,False,False,False,False,-0.3369144883015682,-0.3288315797845789,False,False,False,False,-151118.0,-164033.56399377724,False,False,False,False,7399.884144050057,False,False,False,False
2025-06-23 16:00:00+00:00,27.71,27.72,27.39,27.44,4580.0,,,,,,,28.265972914676222,28.365611261514722,28.323614318083436,28.31075235970409,28.24967504651494,28.07944082842326,27.755998638872175,27.68165434106109,27.38184857666765,27.2636440883077,26.93495316419608,26.869826994719,26.757480681208914,26.886622326299864,26.930977379281703,,,,,,,,27.516666666666666,28.178653120504496,28.38762782758815,28.319382499156507,28.319710072178594,28.31880301264728,28.266818192076204,27.97671363378642,27.499983596252864,27.13229009770064,26.88973655507975,26.862040931361562,26.841907873887177,26.811426959108445,26.721858231421553,26.704600507644102,26.792834843249185,26.842632445179795,26.912784659274607,,,,27.516666666666666,27.97671363378642,27.499983596252864,27.759733064465067,"rgba(255, 26, 202, 1.0)",0.3560054028334716,28.1682566879797,-2.045633808317101,24.39523655884602,-22.893220951712696,False,True,False,True,True,0.0,1.0,27.72,27.39,0.0,0,0.9388729703915953,0.9933142311365804,True,False,False,False,-0.34282825441539394,-0.33582991709998644,False,False,False,False,-155698.0,-163904.3304434861,True,False,False,False,7356.165010033777,False,False,False,False
2025-06-23 17:00:00+00:00,27.44,27.69,27.42,27.65,5126.0,,,,,,,28.251749307975203,28.357224306368035,28.319638025084842,28.307171297770306,28.2472911430703,28.077958765217396,27.75557992795369,27.681442225591145,27.38223678964112,27.264226099924166,26.93600505507549,26.8709070158221,26.758568257053394,26.887364100120667,26.931660863968588,,,,,,,,27.5536355518923,28.164232129731708,28.377083045468517,28.31446561274619,28.315945783719908,28.315052317152297,28.264176318547285,27.975604680455948,27.50015827971006,27.13308095024503,26.890830172346863,26.86310110189937,26.842962414904218,26.812493308724797,26.72294652681455,26.705653846592906,26.793715943344488,26.843435732920078,26.91349144255381,,,,27.5536355518923,27.975604680455948,27.50015827971006,27.75847033273254,"rgba(239, 83, 80, 1.0)",0.3627972530858289,28.16437762104506,-1.4178101313335227,28.150710278223677,-27.091241433170733,False,True,False,True,True,0.0,0.0,0.0,0.0,0.0,0,0.9413858566682489,0.9926435690555286,False,False,False,False,-0.34282825441539394,-0.33932908575769016,False,False,False,False,-150572.0,-163697.6276459127,False,False,False,False,7321.588808327827,False,False,False,False
2025-06-23 18:00:00+00:00,27.65,27.755,27.645,27.725,6990.0,,,,,,,28.236664191186495,28.347834904185927,28.315173098270073,28.303159761754156,28.244661487835504,28.076449026807776,27.75542115282512,27.68152386350309,27.38307745945831,27.26531457743537,26.93770118714513,26.872623991092492,26.760263946421993,26.8885486254168,26.93276329213145,,,,,,,,27.618401812809456,28.149574690069016,28.365289053557746,28.308969386890276,28.31172057756536,28.31084328120212,28.26124770008765,27.97457247336089,27.500728776163463,27.13444304411495,26.892575736563103,26.864784051115198,26.844630088154013,26.81417048535792,26.72463458559827,26.70728397212423,26.79509816580031,26.844707192566013,26.914626612898793,,,,27.618401812809456,27.97457247336089,27.500728776163463,27.758295414926106,"rgba(239, 83, 80, 1.0)",0.36640971750331325,28.161565017668305,-1.1914668110961233,32.19530146399525,-23.320900949121878,False,True,False,True,True,0.0,0.0,0.0,0.0,0.0,0,0.9519276534983342,0.9909566872917654,False,False,False,False,-0.2695367436751511,-0.30443291471642064,False,False,False,False,-143582.0,-163385.75744985204,False,False,False,False,7316.447896570806,False,False,False,False
2025-06-23 19:00:00+00:00,27.73,27.79,27.67,27.75,14907.0,,,,,,,28.20871824578506,28.329539547931837,28.30630020529683,28.295180759604172,28.239430053686693,28.073514844210564,27.755287699681816,27.681878580826496,27.385010808164612,27.267765479860046,26.941425700613447,26.876385576158157,26.763967526241228,26.891150297480955,26.935189436569406,,,,,,,,27.674186838802225,28.123080228075228,28.34250317724316,28.29811218648256,28.303317281221545,28.302472318473885,28.255418839464863,27.97262903726953,27.502099671326963,27.137468786547977,26.89640200613484,26.86847064948072,26.84828118367462,26.817839043948776,26.728318456737785,26.710840659557167,26.79812303106293,26.847494832400525,26.9171227337299,,,,27.674186838802225,27.97262903726953,27.502099671326963,27.755395188240712,"rgba(239, 83, 80, 1.0)",0.37221006613619484,28.152956790184227,-1.0826058369866378,35.413957016544884,-20.37898330440506,False,True,False,True,True,0.0,0.0,0.0,0.0,0.0,0,0.9476564358791342,0.9921484653818696,False,False,False,False,-0.2547427729751991,-0.27958784384580987,False,False,False,False,-128675.0,-162847.60617155975,False,False,False,False,7434.130874918545,False,False,False,False
2025-06-24 14:00:00+00:00,28.04,28.43,28.035,28.41,13423.0,,,,,,,28.2126928458982,28.328545479314016,28.306100858680523,28.295136749425406,28.239909993928624,28.075198062970415,27.758702622459335,27.685390330215647,27.3894528231275,27.272537137862297,26.947069778189125,26.881911928822944,26.769167595206397,26.89500815180402,26.938865695106816,,,,,,,,27.8582678526481,28.132288736788414,28.34089637476914,28.298003930190013,28.303165969707923,28.30233230300525,28.25577791742403,27.97495864939238,27.506209167509365,27.142666991677547,26.902073966573692,26.873868756352554,26.853581289498084,26.823097818261637,26.73342590586898,26.715743673951078,26.8024310427065,26.851547577458675,26.92087077839315,,,,27.8582678526481,27.97495864939238,27.506209167509365,27.765469620657218,"rgba(38, 166, 154, 0.5)",0.3717876585671454,28.16436121486894,0.6606964472079093,46.04879044792022,-10.753027864342265,True,False,False,False,True,2.8556459489936152,0.0,0.0,0.0,0.0,0,0.9510781358683053,0.974495710642244,False,False,False,False,-0.017855322189900064,-0.14872158301785496,False,False,False,False,-115252.0,-162109.68979680687,False,False,False,False,7526.981559028335,False,False,False,False
2025-06-24 15:00:00+00:00,28.415,28.57,28.39,28.525,24591.0,,,,,,,28.235474823118626,28.33618231553207,28.310700358437128,28.29961953159226,28.244132623112804,28.08104942284747,27.767191550277456,27.693842901949882,27.3992875149342,27.282885733678267,26.958833549405952,26.893369297207332,26.779862986748277,26.903041856787603,26.94655374641895,,,,,,,,28.083182460222837,28.16528273561815,28.34933126999531,28.30388447769999,28.30762420744539,28.30679987496545,28.260041980706504,27.981823562041402,27.515548357142183,27.15373360623369,26.913849387455322,26.885055770573445,26.864549516280743,26.833955713630516,26.743906460701783,26.72579639223263,26.81132803130316,26.85995353347486,26.928695142042706,,,,28.083182460222837,27.981823562041402,27.515548357142183,27.783731073138952,"rgba(38, 166, 154, 0.5)",0.37194924820870445,28.18640917272925,0.9103145896957504,53.99998666037482,-3.970560455082648,True,False,True,False,True,4.466915818232685,0.0,0.0,0.0,0.0,0,0.9731294880704195,0.963863794301598,False,False,False,False,0.09647619290594284,-0.02612269505595606,False,False,False,False,-90661.0,-161001.95817205016,False,False,False,False,7791.539984469756,False,False,False,False
2025-06-24 16:00:00+00:00,28.515,28.59,28.44,28.55,14495.0,,,,,,,28.24869717445808,28.341198002859286,28.313756122480516,28.302582101872748,28.2468627654896,28.084680728897283,27.77231796531503,27.698936725226428,27.405168149717944,27.28906120342491,26.965825461215267,26.900178866404755,26.78622069573111,26.90783303535779,26.951141884347326,,,,,,,,28.159607983006786,28.18367356551861,28.354873873446508,28.30773666601454,28.310584257235824,28.30976449191101,28.26281418724808,27.98603029003647,27.521146417970225,27.16032432367091,26.92084651454906,26.891706133061014,26.871070505503866,26.84041077384829,26.750136602779925,26.731773973824577,26.816626434700858,26.864963392242384,26.933363338651997,,,,28.159607983006786,27.98603029003647,27.521146417970225,27.79237777906139,"rgba(38, 166, 154, 0.5)",0.37272815734668663,28.196568778852445,0.9482278550230858,59.49109560461992,0.5422730453114468,True,False,True,False,True,4.814634954598649,0.0,0.0,0.0,0.0,0,0.974005060961583,0.9574419139636527,False,False,False,False,0.11277936772385215,0.043328336333948045,False,False,False,False,-76166.0,-159686.67199884006,False,False,False,False,7895.469597113635,False,False,False,False
2025-06-24 17:00:00+00:00,28.56,28.565,28.495,28.54,16545.0,,,,,,,28.26272281523133,28.34680417507301,28.31724601177095,28.305968396011775,28.249987975200458,28.08881537863111,27.778136437504507,27.704721552812533,27.41184539558253,27.29607310334413,26.97376415960199,26.907914009374743,26.79344881851305,26.91328975858705,26.956368480047203,,,,,,,,28.221037251921544,28.20286932116687,28.361021152223277,28.312103032692306,28.313967922639478,28.31315321129857,28.26598702576556,27.99081151014178,27.527502785661042,27.167806571643887,26.928792247935043,26.89926217930315,26.8784812116829,26.847747745730057,26.75722134278959,26.738573801450187,26.82265774068387,26.870667898298457,26.938680682606158,,,,28.221037251921544,27.99081151014178,27.527502785661042,27.80107179336858,"rgba(38, 166, 154, 0.5)",0.37134468337873183,28.206474875897108,0.8981551077243549,62.953006466947706,3.3898494397141548,True,False,True,False,True,4.654355019179395,0.0,0.0,0.0,0.0,0,0.9766108690667281,0.958725063058931,False,False,False,False,0.11978425816917268,0.08155629725156036,False,False,False,False,-92711.0,-158648.28948723015,False,False,False,False,8029.570843670013,False,False,False,False
2025-06-24 18:00:00+00:00,28.54,28.81,28.525,28.78,65738.0,,,,,,,28.335136944108203,28.38401687026882,28.34027823107,28.327953344860152,28.268891526356335,28.110580993202912,27.805462955986446,27.731537120810174,27.441557263352493,27.32692924134863,27.007914343761826,26.941108249160717,26.824363108943043,26.936873243712853,26.97902247119712,,,,,,,,28.41223736690806,28.292784596749954,28.402432161279492,28.340159937661607,28.336225703310586,28.335411535043935,28.285534726831834,28.014769732393752,27.55616795742001,27.200385270467105,26.962900578811297,26.93169268999187,26.91027250048586,26.87918796337213,26.787491293815506,26.767628208384348,26.84857224921707,26.89525418744999,26.96170064451922,,,,28.41223736690806,28.014769732393752,27.55616795742001,27.840093673665677,"rgba(38, 166, 154, 1.0)",0.3723667304979838,28.25225035830755,1.4172846241839794,67.12875970523893,7.137379575793545,True,False,True,False,True,7.951737463092744,0.0,0.0,0.0,0.0,0,0.9782707107288368,0.9481665912177453,False,False,False,False,0.18463527247346243,0.1330957848625114,False,False,False,False,-26973.0,-156606.81213083898,False,False,False,False,8924.275171675128,False,False,False,False
2025-06-24 19:00:00+00:00,28.775,28.8,28.63,28.645,55251.0,,,,,,,28.378264463141637,28.40872245178563,28.356986561890484,28.34405023990515,28.28315574066643,28.1273349800883,27.82689162985709,27.752693575467998,27.46524068790375,27.351595575050826,27.035374152651784,26.967869334822282,26.849403930611853,26.95607370858642,26.99746981955288,,,,,,,,28.481892349361896,28.344963838458455,28.429008693926445,28.360062315240476,28.352453723673538,28.3516448281398,28.300185250233238,28.033331214104617,27.578935110119517,27.226484075396108,26.99035885431326,26.95786381916181,26.935956372769688,26.904613826190417,26.8120421628408,26.79122819907324,26.869654612185702,26.915265689038492,26.980444777843967,,,,28.481892349361896,28.033331214104617,27.578935110119517,27.86565279352521,"rgba(38, 166, 154, 0.5)",0.3712404092245577,28.27939173434114,0.9848288509931828,67.26281217219062,7.38361921581231,True,False,True,False,True,5.778416388663736,0.0,0.0,0.0,0.0,0,0.9831536388140163,0.9490116801437553,False,False,False,False,0.20737253968288125,0.17023416227269633,False,False,False,False,-82224.0,-155453.5902373376,False,False,False,False,9642.51896746311,False,False,False,False
2025-06-25 14:00:00+00:00,28.69,28.78,28.555,28.665,29821.0,,,,,,,28.39593997007649,28.419438116837224,28.364735385428634,28.35157684852476,28.290014738532715,28.13559934793164,27.83771033892348,27.7634357917386,27.477401351957113,27.3643004583577,27.04960815707894,26.981771487943206,26.862462672876294,26.966116564630166,27.00711785504795,,,,,,,,28.503804389177642,28.366179712580763,28.44023821596036,28.36915429393649,28.360010419531285,28.359206476077315,28.307184403789964,28.04256809499005,27.59058042441995,27.239960590182882,27.00460723898672,26.971469444472643,26.949320493260835,26.917855042443865,26.82485915812287,26.80356257730934,26.88068096135205,26.925733066407364,26.990248527271564,,,,28.503804389177642,28.04256809499005,27.59058042441995,27.8774326476279,"rgba(38, 166, 154, 1.0)",0.3701728595476998,28.290935606747542,1.0105127472325013,67.53887806839383,8.099046031413252,True,False,True,False,True,6.05149858500706,0.0,0.0,0.0,0.0,0,0.9799866577718481,0.9504113853680227,False,False,False,False,0.18463527247346406,0.1774347173730802,False,False,False,False,-52403.0,-153855.90666776648,False,False,False,False,9955.363634634225,False,False,False,False
2025-06-25 15:00:00+00:00,28.665,28.69,28.61,28.68,11048.0,,,,,,,28.401802522798427,28.423084384017706,28.367447374459395,28.35421976675852,28.29245008478079,28.13855954000765,27.841616326888012,27.767322808231974,27.48181943211128,27.36892145418798,27.05479719239957,26.98684417825148,26.86723541923971,26.969792873135972,27.010649733058013,,,,,,,,28.510377914912798,28.37318725853584,28.444019034419753,28.37231481763807,28.362659670814445,28.361857787387144,28.30966319978801,28.045886289192634,27.59480535835335,27.2448664926776,27.00980371504175,26.976435570672777,26.954200332266645,26.922691721858868,26.829545679358233,26.808074891430515,26.884716578055727,26.929564569278632,26.993837385712734,,,,28.510377914912798,28.045886289192634,27.59480535835335,27.88155850026374,"rgba(38, 166, 154, 1.0)",0.3685044036307708,28.294849291118823,1.0451726087568969,67.87550988301052,9.060798934462056,True,False,True,False,True,6.2590389822328945,0.0,0.0,0.0,0.0,0,0.9824950144028365,0.9545756702858404,False,False,False,False,0.17630693406345888,0.17687082571826954,False,False,False,False,-41355.0,-152111.70656439025,False,False,False,False,9972.303733322065,False,False,False,False
2025-06-25 16:00:00+00:00,28.675,28.74,28.65,28.67,8107.0,,,,,,,28.406368987474842,28.42598380092909,28.36958447465959,28.356297133877906,28.29434502305391,28.140820554766854,27.844551637042144,27.770238287938692,27.48511337267436,27.372361024179792,27.058646577242413,26.990606059902927,26.870773414608188,26.972522807482775,27.013273578714088,,,,,,,,28.515658981900955,28.378579072431787,28.447044121197585,28.37480161053506,28.36474580677406,28.363945144133904,28.311596866478073,28.048403323545827,27.59796151520295,27.24851235705619,27.013657457764793,26.980118588857298,26.95781917768525,26.92627803392323,26.833019319380355,26.811419567173093,26.887710587411,26.932408527546414,26.996503076324736,,,,28.515658981900955,28.048403323545827,27.59796151520295,27.88471043829225,"rgba(38, 166, 154, 1.0)",0.3652277828056176,28.297897185208,1.0188239567471307,67.85669941365146,9.792773352705566,True,False,True,False,True,6.092987110314635,0.0,0.0,0.0,0.0,0,0.9838782924613989,0.9589009990917345,False,False,False,False,0.19777448204371592,0.18732265388099273,False,False,False,False,-49462.0,-150520.23824556248,False,False,False,False,9943.38429559614,False,False,False,False
2025-06-25 17:00:00+00:00,28.675,28.7,28.52,28.555,16545.0,,,,,,,28.4122389907724,28.42962158490613,28.372577859425867,28.35926090360401,28.29723339858695,28.14458440200859,27.849810570606834,27.775520388276806,27.4912530609699,27.378821798302297,27.065991287191615,26.997804838654755,26.877575812743157,26.977760003683233,27.01830043311511,,,,,,,,28.52003813112231,28.38580523074085,28.450632455137956,28.378247205440942,28.36768887131218,28.36689309762135,28.31449812750027,28.052723776540287,27.603789263037232,27.25540828123698,27.021024092085195,26.987170298170717,26.96475464763434,26.93315947858186,26.83970699677219,26.817864721622794,26.893469032442656,26.93787131856342,27.00161300642564,,,,28.52003813112231,28.052723776540287,27.603789263037232,27.88973570243547,"rgba(38, 166, 154, 0.5)",0.35831940052495936,28.30207316426253,0.7058697780999746,65.10770667287157,9.792773352705566,True,False,True,False,True,4.193939699725689,0.0,0.0,0.0,0.0,0,0.9840036563071299,0.9611517367458864,False,False,False,False,0.15735937013281578,0.17234101200690427,False,False,False,False,-66007.0,-149209.9554820654,False,False,False,False,10045.73492667217,False,False,False,False
2025-06-25 18:00:00+00:00,28.56,28.63,28.555,28.61,14692.0,,,,,,,28.417330743473514,28.432848092725223,28.37524799908547,28.361904582162623,28.299808661128527,28.147923473346193,27.854460252080308,27.780192135695696,27.496680971815753,27.384533076921205,27.072482904594175,27.00416983360493,26.883594755074316,26.982401420943813,27.02275632780411,,,,,,,,28.523848894130484,28.392018135197855,28.45381657358959,28.381309147174658,28.37031495980612,28.36952339936057,28.317085292786796,28.056549898007884,27.60894185231224,27.261503046622558,27.027535785450667,26.993406505136,26.970889224465456,26.939247092976014,26.84562561328368,26.823570403311113,26.898569963377433,26.94271165870378,27.006142181259307,,,,28.523848894130484,28.056549898007884,27.60894185231224,27.894173017626983,"rgba(38, 166, 154, 0.5)",0.3538991305363261,28.30574462718884,0.859723425570634,64.09828779002405,9.792773352705566,True,False,True,False,False,4.994006967341431,0.0,0.0,0.0,0.0,0,0.9839523154516278,0.9578175149014211,False,False,False,False,0.14910569662758774,0.160723354317246,False,False,False,False,-51315.0,-147692.2042342814,False,False,False,False,10117.770044088105,False,False,False,False
2025-06-25 19:00:00+00:00,28.615,28.66,28.57,28.63,32501.0,,,,,,,28.42889761829921,28.44044439379654,28.381488519106306,28.368067399933178,28.305754266004893,28.155485276548927,27.864837316570394,27.79060938740792,27.508733759841935,27.397201372312345,27.08685093976985,27.01826084767204,26.89692750885428,26.992711506831746,27.03265905490464,,,,,,,,28.53319512900267,28.405865908023376,28.461381019072903,28.388435893478558,28.37644935035285,28.37566619505752,28.32307249796523,28.06515711223014,27.620398151511843,27.275006387854074,27.041947457046483,27.007215850184085,26.984476027200788,26.952730793094762,26.85873813931655,26.836215767518645,26.909888747969934,26.9534584517569,27.016205811485676,,,,28.53319512900267,28.06515711223014,27.620398151511843,27.904195923049766,"rgba(38, 166, 154, 0.5)",0.35279288516010693,28.31416550914714,0.8952405338603227,63.73381376417504,9.792773352705566,True,False,True,False,False,5.286297971042401,0.0,0.0,0.0,0.0,0,0.979867307252345,0.9567604667124224,False,False,False,False,0.15972142541536935,0.16022238986630766,False,False,False,False,-18814.0,-145694.09254072665,False,False,False,False,10464.796865109995,False,False,False,False
2025-06-26 14:00:00+00:00,28.69,28.93,28.555,28.85,18084.0,,,,,,,28.4396527620581,28.44790682881891,28.387039822334565,28.37344675470752,28.31058701915599,28.16098751301846,27.87167561279271,27.7973798665109,27.51626842348515,27.405036556931048,27.09554433383298,27.026759942020565,26.904931332746493,26.998944883516657,27.038660405717486,,,,,,,,28.54577323868,28.418042631875167,28.469210241146808,28.394807485161973,28.381869118002367,28.381086911371245,28.32802485198865,28.071167825272628,27.627652872715018,27.283275111058533,27.050647217473053,27.015542925705006,26.99266193329185,26.960843670961626,26.866598933641438,26.843792758292214,26.916699615436443,26.959941160139156,27.02229865834157,,,,28.54577323868,28.071167825272628,27.627652872715018,27.911681911976366,"rgba(38, 166, 154, 1.0)",0.3552431346056624,28.321574792124533,1.4875029420682446,66.3511844678599,10.31302677620139,True,False,True,False,False,8.407158662313101,0.0,0.0,0.0,0.0,0,0.9787522603978303,0.9486889692585893,False,False,False,False,0.22063203134115153,0.19042721060372958,False,False,False,False,-730.0,-143446.5872300177,False,False,False,False,10582.924045495885,False,False,False,False
2025-06-26 15:00:00+00:00,28.85,28.89,28.64,28.795,9630.0,,,,,,,28.445060492547483,28.45170900280726,28.389908422700596,28.376231066306257,28.31310236472899,28.163862447136747,27.875262262613465,27.8009353885369,27.520233866188182,27.409162705055106,27.100128234888004,27.03124388034169,26.909158229503987,27.002240339655895,27.04183331695103,,,,,,,,28.551869930824456,28.424150571318236,28.47318036416715,28.39808745563254,28.384672234866926,28.38389066893131,28.330599145524555,28.074312568976847,27.63146806616392,27.28763158735363,27.055235622914566,27.01993702257661,26.996982559242564,26.965126676876732,26.870751458106174,26.847796633900145,26.920299824403116,26.96336824694714,27.02551990308443,,,,28.551869930824456,28.074312568976847,27.63146806616392,27.915554317293765,"rgba(38, 166, 154, 1.0)",0.3567481636281032,28.32535166766379,1.3164702168608895,66.63476479901459,11.047219924404601,True,False,True,False,False,7.465395033257327,0.0,0.0,0.0,0.0,0,0.9829481714157507,0.9495176127439979,False,False,False,False,0.23153758103238398,0.21098239581805678,False,False,False,False,-10360.0,-141383.22928846703,False,False,False,False,10568.150029286646,False,False,False,False
2025-06-26 16:00:00+00:00,28.8,28.88,28.795,28.835,4002.0,,,,,,,28.447667365843675,28.453559682992356,28.39127701414345,28.377554020322975,28.314278176236105,28.16516905708867,27.876846010800776,27.80249844699612,27.52195509985875,27.410947222123315,27.102095711406957,27.0331662000525,26.91096708311078,27.003653773264038,27.04319528995883,,,,,,,,28.554983373215762,28.427063251081226,28.475131030268738,28.399654246202626,28.386007608955627,28.385226007873435,28.33180750382393,28.075725490441236,27.633131216145614,27.28950931198281,27.057203398142104,27.021820591623776,26.99883401503732,26.966961093535495,26.87252755065032,26.849508756547916,26.921841495454213,26.964837009251962,27.026902159669053,,,,28.554983373215762,28.075725490441236,27.633131216145614,27.917324442106395,"rgba(38, 166, 154, 1.0)",0.3581839453946949,28.327148861871798,1.4178500869674227,67.34547719595713,12.198755079548327,True,False,True,False,True,8.026588023903749,0.0,0.0,0.0,0.0,0,0.9912162162162165,0.952252252252252,False,False,False,False,0.26706318198660495,0.23902278890233086,False,False,False,False,-6358.0,-139289.8148808939,False,False,False,False,10466.34925363879,False,False,False,False
2025-06-26 17:00:00+00:00,28.835,28.945,28.8,28.825,10310.0,,,,,,,28.454563246567552,28.45849113212406,28.394921074689492,28.381074421836573,28.317398174169696,28.168611463323792,27.88098666543152,27.80658102443129,27.52643583968527,27.41558823297415,27.107202076894986,27.038154407583885,26.915659707634262,27.007324685052723,27.046733539670964,,,,,,,,28.563247109793313,28.434738143673695,28.480333965574182,28.403821920974718,28.38956281592714,28.38878092523625,28.335016345750716,28.07943650374441,27.637465623287728,27.294388086079582,27.062309587616962,27.026708398175494,27.003638354948077,26.97172079089916,26.87713483354844,26.853950254904678,26.92584312826319,26.96865058013058,27.030492691272535,,,,28.563247109793313,28.07943650374441,27.637465623287728,27.921978221619778,"rgba(38, 166, 154, 1.0)",0.3607568370734866,28.33190724462339,1.3668285800946987,67.51574209057159,12.83998893460646,True,False,True,False,True,7.850958572558024,0.0,0.0,0.0,0.0,0,0.9925809352517988,0.9453687050359709,False,False,False,False,0.28444678325050066,0.26173478607641576,False,False,False,False,-16668.0,-137388.7014718878,False,False,False,False,10463.925234202528,False,False,False,False
2025-06-26 18:00:00+00:00,28.825,28.885,28.795,28.87,4082.0,,,,,,,28.457185466163068,28.46037830506954,28.39632752898326,28.38243464830248,28.318608417914568,28.169951835624286,27.88260526891183,27.80817849242492,27.5281927305084,27.41740904495153,27.109207944162854,27.040114624085863,26.917505032044787,27.008768854507633,27.048125467305024,,,,,,,,28.566323650521635,28.43765476399408,28.48231914001638,28.40542709875673,28.39093573926085,28.390153795240426,28.336259896016028,28.080883544048717,27.639163917133377,27.296303129961967,27.064315781655345,27.028629396693873,27.00552684112319,26.97359201930861,26.878946947106662,26.855697498003032,26.927417454874764,26.970150911239802,27.031905210641867,,,,28.566323650521635,28.080883544048717,27.639163917133377,27.923779640061007,"rgba(38, 166, 154, 1.0)",0.36395756360855924,28.333731067725402,1.473438076015264,68.30241818316549,14.03644767886351,True,False,True,False,True,8.496922601016845,0.0,0.0,0.0,0.0,0,0.9909828674481517,0.9513074842200177,False,False,False,False,0.268299537269334,0.26501716167287487,False,False,False,False,-12586.0,-135453.77586767246,False,False,False,False,10364.98065692807,False,False,False,False
2025-06-26 19:00:00+00:00,28.87,28.895,28.815,28.88,14259.0,,,,,,,28.46638036900728,28.46705084298957,28.40131538394317,28.387258551056597,28.32289814715607,28.174683837670752,27.88829443648867,27.813791418096837,27.53435490194937,27.423792141704638,27.116232022009406,27.04697897545686,26.923967755908688,27.013832228434705,27.05300670279891,,,,,,,,28.577052739403854,28.4478484018955,28.48933490404822,28.411110178817577,28.395805409139943,28.39502315454655,28.340668582141724,28.085982780803153,27.645124061028824,27.303012895354343,27.071340565184354,27.03535695617165,27.01214084868545,26.98014556519217,26.885293517520207,26.861817577381604,26.93293463857385,26.975410091446548,27.036858234633865,,,,28.577052739403854,28.085982780803153,27.645124061028824,27.930113300190015,"rgba(38, 166, 154, 1.0)",0.3671708613727558,28.340152933301265,1.4702884228895143,68.98214823721901,15.081104444748192,True,False,True,False,True,8.641674857843729,0.0,0.0,0.0,0.0,0,0.9943477277865703,0.9479990956364456,False,False,False,False,0.27573466353078097,0.2703759126018279,False,False,False,False,1673.0,-133327.77934259226,False,False,False,False,10425.353049843914,False,False,False,False
2025-06-27 14:00:00+00:00,28.855,28.975,28.855,28.94,6650.0,,,,,,,28.47115462446817,28.470547554677687,28.403902712976073,28.389754731267193,28.32509529479867,28.177059057024604,27.891087083297812,27.816537245829007,27.537338230234013,27.426873084506493,27.11960049810026,27.050267842191076,26.927059928181492,27.016260503714243,27.055349362017587,,,,,,,,28.582789904088504,28.45310002297533,28.49303012979409,28.414057941290245,28.398329395368975,28.397546566139965,28.34293269727074,28.08852007375628,27.648019835614903,27.306242111119246,27.07470707000301,27.038580092152387,27.015308816335068,26.983283323499172,26.888328881693223,26.86474425143563,26.935576601819953,26.977930481246318,27.03923461952387,,,,28.582789904088504,28.08852007375628,27.648019835614903,27.933295304611192,"rgba(0, 255, 255, 0.75)",0.3709456505681734,28.343466482656662,1.6081426387656383,70.36969554001415,16.71949186453459,True,False,True,False,True,9.514354586373852,0.0,0.0,0.0,0.0,0,0.997966561229101,0.9408043380027108,False,False,False,False,0.305784014025809,0.28807996331381847,False,False,False,False,8323.0,-131131.64322875362,False,False,False,False,10366.820444419976,False,False,False,False
2025-06-27 15:00:00+00:00,28.945,29.04,28.92,28.99,3358.0,,,,,,,28.47384262573156,28.472524267888105,28.405349288531294,28.391147143658493,28.326309335887697,28.178348706897847,27.89257318199104,27.81799351349503,27.53890483930674,27.428486224180798,27.12135310726792,27.051977278042074,26.928664548696638,27.01752285055585,27.05656801351664,,,,,,,,28.586113127519646,28.45604083498912,28.495129134316695,28.4157074496343,28.399739370214554,28.39895602209284,28.344186817672846,28.089887143745607,27.649545673978636,27.30792817897072,27.076457406049016,27.040255156106355,27.016954712750074,26.984912809552572,26.88990328371879,26.866261938559717,26.936948219605114,26.979239882912086,27.04047047275771,,,,28.586113127519646,28.089887143745607,27.649545673978636,27.93502842163676,"rgba(0, 255, 255, 0.75)",0.37467965897098865,28.345316869019392,1.7206248472392363,72.02336295931823,18.514338363801855,True,False,True,False,True,10.238571345944155,0.0,0.0,0.0,0.0,0,1.0063578564940965,0.9377838328792005,False,False,False,False,0.33895535114266195,0.3135176572282402,False,False,False,False,11681.0,-128917.49372133108,False,False,False,False,10258.156561560752,False,False,False,False
2025-06-27 16:00:00+00:00,28.985,29.01,28.87,28.9,1942.0,,,,,,,28.4752128441968,28.473534453465167,28.406100883444687,28.391872655844683,28.326949020304955,28.179040286485904,27.893386225585242,27.818793172713885,27.539773810260815,27.429383666131507,27.122334372651586,27.05293553514329,26.92956582926823,27.018231129427704,27.05725137489917,,,,,,,,28.587739368917667,28.457545548338945,28.496194900288096,28.41656224022246,28.40047281407751,28.399689306487623,28.34484575686224,28.09062582039153,27.65038908440547,27.308868792359064,27.07743815907038,27.041194350697918,27.017877918275204,26.985827276313458,26.89078809590335,26.867115189361293,26.93771867359166,26.979974966915194,27.041163650087416,,,,28.587739368917667,28.09062582039153,27.65038908440547,27.935950439464904,"rgba(38, 166, 154, 1.0)",0.376101888629132,28.34627325082551,1.4722785657705326,69.57262467416584,18.514338363801855,True,False,True,False,False,8.54161084684835,0.0,0.0,0.0,0.0,0,1.012328767123288,0.9319634703196342,False,False,False,False,0.31846149915188315,0.3159895781900617,False,False,False,False,9739.0,-126767.78064038021,False,False,False,False,10129.223901691592,False,False,False,False
2025-06-27 17:00:00+00:00,28.9,28.9,28.64,28.72,3366.0,,,,,,,28.47666390761838,28.47460905831084,28.406966415031178,28.39271944782191,28.32773501703747,28.179958744537792,27.894556531018296,27.819960040561607,27.541089474896843,27.43075684757636,27.123869496599927,27.054440698181228,26.930990645977282,27.01934613340126,27.058324925842918,,,,,,,,28.589098712411456,28.45917568137673,28.497290924294273,28.417535919052753,28.4013220681346,28.40053900150827,28.345645144536395,28.09163825298118,27.651650123465437,27.31032213845954,27.078976496865113,27.04267056169209,27.019330849742083,26.98726887767483,26.892189474066193,26.868468100763238,26.938936407131244,26.981134420012296,27.042253565085492,,,,28.589098712411456,28.09163825298118,27.651650123465437,27.93714086214847,"rgba(38, 166, 154, 0.5)",0.3728110286228569,28.3473553798403,0.9995536385718671,62.73288232411505,16.808493344444898,True,False,True,False,False,5.279893821667319,0.0,0.0,0.0,0.0,0,1.0036504677161764,0.9345197353410903,False,False,False,False,0.2339683153384494,0.27497894676425555,False,False,False,False,6373.0,-124703.58249091695,False,False,False,False,10024.367717169242,False,False,False,False
2025-06-27 18:00:00+00:00,28.715,28.735,28.435,28.44,12015.0,,,,,,,28.477760942837794,28.475448313678882,28.408110256969223,28.39391319407536,28.32910081072301,28.181983515896864,27.897660676548206,27.823140160344757,27.544927354188356,27.43483610328605,27.128600165931136,27.059109302047393,26.935455915596208,27.02281864172742,27.06165750294129,,,,,,,28.536666666666665,28.58760609521282,28.46067068790919,28.497881035150158,28.418752820451786,28.402474910851627,28.401696562789276,28.346970240731114,28.09405193331574,27.65524734519522,27.31471075227344,27.083737068387155,27.04725444966497,27.02385177288311,26.991766617435445,26.896594223527725,26.872728245479255,26.942752361905338,26.984756291003844,27.045641542067635,,,,28.58760609521282,28.09405193331574,27.65524734519522,28.000092454605046,#000000,0.3714168998757102,28.384346576504488,0.1498408486908846,53.315629120722434,8.523367063007356,True,False,False,False,False,0.5950385501663149,0.0,0.0,0.0,0.0,0,0.9959035047792446,0.9406008192990438,False,False,False,False,0.1455746358190241,0.21027679129163984,False,False,False,False,-5642.0,-122857.66648330583,False,False,False,False,10055.230233182123,False,False,False,False
2025-06-27 19:00:00+00:00,28.44,28.67,28.435,28.67,19070.0,,,,,,,28.480973113390068,28.47789049182207,28.41064412949379,28.396482292293975,28.331797079863,28.18564151078265,27.902945166872215,27.828514684429436,27.55129285681107,27.441569322198376,27.136334657590293,27.066732734449783,26.942734042005718,27.028496690043436,27.067112257481003,,,,,,28.59166666666667,28.570408021017638,28.587781634053304,28.46456273259733,28.500060042260465,28.421511514543077,28.404998543922467,28.404226370292356,28.349635037830215,28.098299005176393,27.661249682082882,27.321922788733364,27.09151307307695,27.054738985644974,27.031231123847913,26.99910423001282,26.903769954395045,26.879667408632862,26.94897940063597,26.990672868073084,27.051184650004913,,,,28.587781634053304,28.098299005176393,27.661249682082882,28.067146126089998,"rgba(38, 166, 154, 0.5)",0.3709017863732999,28.42322243642861,0.6653447695261809,51.74157287967631,7.622968158425692,False,False,False,False,False,4.0647641887946016,0.0,0.0,0.0,0.0,0,0.9891402714932127,0.9443438914027146,False,False,False,False,0.13031379258343087,0.17029529193753534,False,False,False,False,13428.0,-120744.7104137972,False,False,False,False,10194.994105535887,False,False,False,False
2025-06-30 14:00:00+00:00,28.855,28.985,28.785,28.975,4466.0,,,,,,,28.48382071325491,28.48003105916978,28.412269373514665,28.398055075599814,28.333196246804803,28.18716344849476,27.9047466831838,27.83029117277496,27.553232247193108,27.44357499063258,27.138533998916156,27.06888334108447,26.94476168168651,27.03009431875775,27.068653824241235,,,,,,28.65301977113075,28.61369647361068,28.59106120519277,28.467675243019883,28.502305572823076,28.423348472396565,28.406586757417735,28.405814355282285,28.35107326414817,28.099928152268667,27.66312890214216,27.324027113728242,27.093712562944475,27.05684786117378,27.03330527581729,27.001159815867393,26.90576189923887,26.881589791136598,26.950716623946303,26.992330741914284,27.05274831311363,,,,28.59106120519277,28.099928152268667,27.66312890214216,28.07316704786917,"rgba(38, 166, 154, 1.0)",0.3730733932573141,28.43030854886758,1.4600115177785964,54.859374348675566,7.622968158425692,True,False,True,False,True,8.27519449827987,0.0,0.0,0.0,0.0,0,1.004042218728947,0.9335279586795415,False,False,False,False,0.2906955012931298,0.23049539661533258,False,False,False,False,17894.0,-118595.27304304065,False,False,False,False,10106.17249149657,False,False,False,False
2025-06-30 15:00:00+00:00,28.98,29.05,28.94,29.02,4436.0,,,,,,,28.487184358748685,28.48256418468545,28.414155196557992,28.399873212964472,28.334789381986,28.188851594505092,27.906685666593567,27.832193215108486,27.55527775984673,27.445681060446496,27.140821547045984,27.071116527016983,26.946861689194137,27.03175278115978,27.070255626433735,,,,,,28.708575003575003,28.656921249406057,28.595125021294876,28.471326701477885,28.504984371578775,28.42548500168577,28.408426931573764,28.407653870443873,28.352717241993194,28.10171461085641,27.665121246252795,27.32622755237145,27.09599773678778,27.059037196550374,27.035457480002318,27.003291268523085,26.907823374410015,26.88357846185422,26.952516602185995,26.994050179981766,27.054372426150984,,,,28.595125021294876,28.10171461085641,27.665121246252795,28.079178809792147,"rgba(0, 255, 255, 0.75)",0.3772822085185497,28.437417117981692,1.5441567846676343,57.441070905802675,7.622968158425692,True,False,True,False,True,8.866177096921561,0.0,0.0,0.0,0.0,0,1.0141509433962266,0.9258760107816707,False,False,False,False,0.3428282029808417,0.28666179979808715,False,False,False,False,22330.0,-116410.38508888497,False,False,False,False,10018.262840465617,False,False,False,False
2025-06-30 16:00:00+00:00,29.02,29.04,28.96,29.02,4469.0,,,,,,,28.49055087011037,28.485107653164278,28.41605359919282,28.401703920910734,28.336394691773183,28.190552183416642,27.90863808205959,27.83410861618532,27.557337392526648,27.447801582498357,27.14312455884173,27.073364990408272,26.948976413111676,27.033423584530567,27.071869442833947,,,,,,28.749639448023594,28.692079884230104,28.599171630007252,28.474978063247235,28.50767214647016,28.427633891549764,28.410279677932685,28.409505958834142,28.35437353356561,28.10351385638087,27.667127415468038,27.32844293141422,27.09829840037019,27.061241617089767,27.0376246095305,27.005437564466597,26.909899388974647,26.885581305070875,26.954329723548273,26.995782307337773,27.056008682387343,,,,28.599171630007252,28.10351385638087,27.667127415468038,28.084298199143273,"rgba(0, 255, 255, 0.75)",0.380897210129523,28.44340492893927,1.513781292503194,59.16220194388742,2.332570361491733,True,False,True,False,True,8.866177096921561,0.0,0.0,0.0,0.0,0,1.0117249154453216,0.9316798196166851,False,False,False,False,0.34282820315881596,0.3147450014784515,False,False,False,False,22330.0,-114259.37136657667,False,False,False,False,9932.227757667699,False,False,False,False
2025-06-30 17:00:00+00:00,29.02,29.085,28.995,29.045,5613.0,,,,,,,28.495000421929394,28.488479492966444,28.418561081616307,28.404119798826528,28.338504820163138,28.192769277475602,27.911158342992803,27.836577044713433,27.55997826569078,27.450516394619967,27.146063241862457,27.07623262991696,26.95167140562369,27.035555239538215,27.073929163967016,,,,,,28.7927137313642,28.731270413496045,28.604569717083375,28.47979143904887,28.511241364172047,28.43047224400004,28.412726120327513,28.4119513848591,28.356552948793194,28.105850755541734,27.66970426510822,27.33127501141954,27.101233015563864,27.06405296285161,27.040388013681568,27.008173807115526,26.912544449789088,26.888132920886925,26.956641206833392,26.997991407307495,27.05809671967054,,,,28.604569717083375,28.105850755541734,27.66970426510822,28.090292528942058,"rgba(0, 255, 255, 0.75)",0.38290849940774124,28.45039258321495,1.5528707712279928,60.64065124424238,3.8640026131268286,True,False,True,False,True,9.203283453593922,0.0,0.0,0.0,0.0,0,1.0122144311241803,0.93033250395838,False,False,False,False,0.3428282045394645,0.328786603008958,False,False,False,False,27943.0,-112054.68343841269,False,False,False,False,9865.262986230991,False,False,False,False
2025-06-30 18:00:00+00:00,29.045,29.105,29.01,29.085,3356.0,,,,,,,28.497746743966882,28.490566292732577,28.4201104877198,28.405611853277428,28.339805082192047,28.19412824040351,27.91269305689727,27.838078615244974,27.56157931941592,27.452160595268634,27.147839047297378,27.077964955225543,26.953298657010365,27.03684344686616,27.07517423025803,,,,,,28.814915761088304,28.75233901107472,28.60791578922385,28.4827568030642,28.513452200924423,28.432225692049112,28.414237590508588,28.413462171395665,28.35789673497596,28.107279607238738,27.671268338185268,27.332988522115055,27.1030059367097,27.065751251438577,27.04205720357516,27.00982636032459,26.9141413252717,26.88967332030559,26.958037335199247,26.999326075250373,27.059358764281985,,,,28.60791578922385,28.107279607238738,27.671268338185268,28.09368113792782,"rgba(0, 255, 255, 0.75)",0.3863445924869574,28.454330398897433,1.6324017816396863,62.17985081777829,5.55425726337306,True,False,True,False,True,9.746336333225095,0.0,0.0,0.0,0.0,0,1.0186830713146506,0.9275461380724533,False,False,False,False,0.3428282051203821,0.33580740406467,False,False,False,False,31299.0,-109832.14571068536,False,False,False,False,9764.344180242915,False,False,False,False
2025-06-30 19:00:00+00:00,29.085,29.235,29.08,29.205,15616.0,,,,,,,28.512518646972588,28.501843450288874,28.42839727787731,28.413573306646263,28.346673828439343,28.201162808938726,27.920436205806283,27.84562017350137,27.56950957076369,27.4602700997457,27.15651609678538,27.08641647198199,26.961218212829213,27.04313012027368,27.081256530481202,,,,,,28.913064830077506,28.847561376573342,28.6263458774105,28.49862030905077,28.52545200967155,28.44160990499946,28.4223147719127,28.42153452373987,28.36501432402364,28.114605811441617,27.679053222924725,27.341405294309627,27.111659576692944,27.074035178750556,27.050195483396816,27.017878159429902,26.921907483051317,26.89716228524902,26.96483691699385,27.00583318143383,27.065521413538804,,,,28.6263458774105,28.114605811441617,27.679053222924725,28.11004719082303,"rgba(0, 255, 255, 0.75)",0.3920475472172323,28.473505450754487,1.865831209601197,64.7511334437982,8.230110618061794,True,False,True,False,True,11.354393586163138,0.0,0.0,0.0,0.0,0,1.0221410636840906,0.9185117553070071,False,False,False,False,0.34282820819651355,0.3393178061305918,False,False,False,False,46915.0,-107401.95740509334,False,False,False,False,9855.06752628566,False,False,False,False
2025-07-01 14:00:00+00:00,29.19,29.45,29.19,29.42,4129.0,,,,,,,28.51735176290975,28.505545899906068,28.43108007688835,28.41614306045721,28.348862444518854,28.2033472055073,27.922759540513862,27.84786841361118,27.571827235365596,27.462625525175955,27.1590016233759,27.088831499205074,26.96347239380251,27.044926125360107,27.08299671288343,,,,,,28.942790423241487,28.87610220491094,28.632557902346722,28.503780347237758,28.529413591263868,28.444652212798236,28.424926792256247,28.424144515907862,28.367290017610987,28.116852600824693,27.681344470005484,27.343835309775937,27.11413430527142,27.076401517361138,27.052518485758103,27.02017406541297,26.92411546041586,26.8992901676871,26.966773775070685,27.00768954931704,27.067283505083495,,,,28.632557902346722,28.116852600824693,27.681344470005484,28.11508275923547,"rgba(0, 255, 0, 1.0)",0.40333086143209024,28.479509603400913,2.3318086626441823,68.59221695659375,12.01485195895529,True,False,True,False,True,14.098226642625846,0.0,0.0,0.0,0.0,0,1.019941083163381,0.912077951506911,False,False,False,False,0.3428282124517926,0.3410730092911922,False,False,False,False,51044.0,-104945.43093369655,False,False,False,False,9766.291285568053,False,False,False,False
2025-07-01 15:00:00+00:00,29.42,29.74,29.37,29.74,4341.0,,,,,,,28.523955310073923,28.510602225113193,28.434684470954664,28.419584525839355,28.35175374028864,28.20615868665382,27.925642188191937,27.8506370559126,27.574616629769707,27.46543959841084,27.161921575893743,27.091659593852256,26.96609836891478,27.04702639286,27.08503524306316,,,,,,28.98745417022922,28.917577483625983,28.64132004181417,28.5107994320075,28.534856068913804,28.448749505392776,28.428431610329977,28.427645993580636,28.370307222819637,28.119707176279103,27.68412493601455,27.346717731915337,27.117035494130917,27.079171174010924,27.055234658920526,27.02285487474791,26.926683655600147,26.901762964060808,26.96903100775194,27.009856817589615,27.06934620777604,,,,28.64132004181417,28.119707176279103,27.68412493601455,28.12205529872033,"rgba(0, 255, 0, 1.0)",0.42538475429774913,28.48800277325365,2.943211325975281,73.2243745042402,16.410829361725334,True,False,True,False,True,17.840723310679667,0.0,0.0,0.0,0.0,0,1.024621639936752,0.9116783374745875,False,False,False,False,0.3428282173825156,0.34195061333685395,False,False,False,False,55385.0,-102459.68781844544,False,False,False,False,9682.17824238095,False,False,False,False
2025-07-01 16:00:00+00:00,29.74,29.895,29.55,29.57,5315.0,,,,,,,28.532334825140754,28.517035476201404,28.439271825873064,28.423963751993625,28.355429000768364,28.20971942465666,27.929272649600044,27.854120328999915,27.578113248211828,27.468962909390726,27.165567141298467,27.095188865410876,26.96937303916759,27.04964817556331,27.08758082759474,,,,,,29.03881044847081,28.965967892529722,28.65243109223749,28.519695229293514,28.54178097679835,28.453961687439854,28.4328921740367,28.432102222575676,28.374143765015535,28.123315347152737,27.687614979012732,27.35032221874135,27.120656439576187,27.082627375141527,27.058623680792707,27.02619909415738,26.92988557441478,26.90484567699597,26.971846771969854,27.012561345236616,27.071921614148092,,,,28.65243109223749,28.123315347152737,27.687614979012732,28.130506956817054,"rgba(0, 255, 0, 1.0)",0.43888060926515754,28.575724308494767,2.2654810226635558,72.59080064424099,16.410829361725334,True,False,True,False,True,14.84769189094693,0.0,0.0,0.0,0.0,0,1.0443338611173947,0.9002488124858624,False,False,False,False,0.34282822024434106,0.34238941679059753,False,False,False,False,50070.0,-100094.88645691916,False,False,False,False,9614.470052576595,False,False,False,False
2025-07-01 17:00:00+00:00,29.56,29.875,29.555,29.77,5454.0,,,,,,,28.54126580132619,28.523911916820953,28.4441776967139,28.428646305642452,28.359354859212335,28.213508708809496,27.933113689845054,27.857801676210745,27.581794542153066,27.472667574793746,27.169388834023167,27.098886852790617,26.97280161436876,27.052396230403886,27.09024999428122,,,,,,29.088478419545883,29.01337626491467,28.66426125224001,28.529164176350175,28.5491829009383,28.459532722020192,28.437662445171565,28.436867769531062,28.378243188291663,28.12714724955317,27.691294492378532,27.354107320750252,27.12445098829219,27.086248643407856,27.06217407490879,27.029701794869858,26.933237199728406,26.90807223048388,26.97479594003998,27.01539512334947,27.074621641104283,,,,28.66426125224001,28.12714724955317,27.691294492378532,28.139131505932777,"rgba(0, 255, 0, 1.0)",0.46250127830331195,28.58762043613449,2.556489288425482,73.6206484513138,17.069506936959854,True,False,True,False,True,17.088936707628182,0.0,0.0,0.0,0.0,0,1.03492276695769,0.902395343631072,False,False,False,False,0.3402675513474404,0.34132848406901894,False,False,False,False,55524.0,-97682.1905428584,False,False,False,False,9549.96664090874,False,False,False,False
2025-07-01 18:00:00+00:00,29.765,29.765,29.515,29.52,4762.0,,,,,,,28.548095585791593,28.529197675338168,28.44799091224842,28.432292408161416,28.36243349543029,28.21651292794287,27.936206628901648,27.86077649437756,27.58479993533087,27.47570210309664,27.172543301384152,27.101944189316324,26.975643973102986,27.054671913890974,27.0924587557739,,,,,,29.118540815612906,29.043400363993328,28.673118578371444,28.53640955636734,28.554851604096342,28.463852368025538,28.441373267488917,28.440575218237697,28.381452113450294,28.130201578059058,27.694287282301154,27.35721769679478,27.12758622143241,27.089243513545355,27.065111947530994,27.032602213318597,26.93601799194421,26.91075071968473,26.977241560954436,27.017743389669594,27.07685661381168,,,,28.673118578371444,28.130201578059058,27.694287282301154,28.145254492862044,"rgba(0, 255, 255, 0.75)",0.47657423346186495,28.593264386439124,1.944577672252674,69.86637322266029,17.069506936959854,True,False,True,False,False,12.910978850909185,0.0,0.0,0.0,0.0,0,1.0362867319679434,0.9058325912733745,False,False,False,False,0.31488968145934226,0.3281090827641806,False,False,False,False,50762.0,-95380.73022436447,False,False,False,False,9475.734599964419,False,False,False,False
2025-07-01 19:00:00+00:00,29.49,29.56,29.44,29.55,13606.0,,,,,,,28.565624733416865,28.542864614379916,28.457970502228076,28.441851479311026,28.370559500685246,28.22451255702239,27.9445413986438,27.868815860322957,27.592984776421996,27.48398659613698,27.181203436324612,27.11034853726494,26.98347457634158,27.060939512325337,27.098539246293463,,,,,,29.175781950623286,29.103779005075893,28.69533169083004,28.555000594732807,28.569451385588458,28.47512391448437,28.451093180344,28.450287001715548,28.389907761420194,28.138368168458847,27.702415136040095,27.365728936310248,27.13620015392768,27.097478566393125,27.073193963418046,27.04058552516171,26.943683873559483,26.91813817820115,26.983982930109992,27.02421364243823,27.08301045201605,,,,28.69533169083004,28.138368168458847,27.702415136040095,28.15974931486841,"rgba(0, 255, 255, 0.75)",0.4907917578253659,28.606438889470503,1.9225284359099537,67.65478942004908,17.069506936959854,True,False,True,False,False,13.253999762731926,0.0,0.0,0.0,0.0,0,1.034951024042743,0.9125111308993763,False,False,False,False,0.268522095676366,0.2983155892202733,False,False,False,False,64368.0,-92904.00572476191,False,False,False,False,9539.76972244559,False,False,False,False
2025-07-02 14:00:00+00:00,29.135,29.52,29.135,29.49,7423.0,,,,,,,28.573603278887177,28.549150830212827,28.46265257228546,28.44634973651484,28.374428198830433,28.22838388479702,27.948664328822904,27.8728124222982,27.597109667701723,27.488179759412816,27.18562965478072,27.114653207546375,26.987499800643203,27.064158240904373,27.10165924207425,,,,,,29.190756888375013,29.121862129726228,28.705052218283296,28.563466476829575,28.576122419925156,28.480388203422407,28.455659839246447,28.454850442639092,28.393921626731522,28.14235073336577,27.706491250501404,27.370054504006987,27.140608470946983,27.101698432687716,27.077338456691315,27.044683081087054,26.947628533734065,26.921942437095748,26.987450498648702,27.027539068663643,27.086169206473393,,,,28.705052218283296,28.14235073336577,27.706491250501404,28.165728109843613,"rgba(0, 255, 255, 0.75)",0.5026116746507758,28.610907787655606,1.749048533254232,65.13418322225645,21.576477835862306,True,False,True,False,False,12.270045511757605,0.0,0.0,0.0,0.0,0,1.0202866593164281,0.9168687982359423,False,False,False,False,0.21288175070618684,0.25559866996323005,False,False,False,False,56945.0,-90580.7653259284,False,False,False,False,9506.951587213876,False,False,False,False
2025-07-02 15:00:00+00:00,29.49,29.68,29.48,29.65,4597.0,,,,,,,28.579800657137348,28.554020838399904,28.4662220672451,28.449769048039986,28.377333246085048,28.231226719721526,27.951598913307357,27.875638944602642,27.599970773994592,27.491070185326606,27.188637643332015,27.11757074617625,26.99021599020109,27.06633733055672,27.103774592135274,,,,,,29.20853992230255,29.14051351951102,28.712862531074,28.570019915120824,28.58132086258917,28.48441209239919,28.45913714947198,28.45832475981085,28.396945327014357,28.145243190095893,27.709338362049497,27.373018156530215,27.143599010016953,27.104557268451618,27.080143836112875,27.047453490150495,26.950286924682448,26.924504280146113,26.98979126300148,27.02978724960882,27.08830952784356,,,,28.712862531074,28.145243190095893,27.709338362049497,28.1706453832542,"rgba(0, 255, 255, 0.75)",0.5173465041972989,28.616872696194207,1.996973586221027,65.17791423089653,21.34123184985164,True,False,True,False,False,14.11709500189211,0.0,0.0,0.0,0.0,0,1.0358320510002201,0.9065728731589356,False,False,False,False,0.2948678137020533,0.27523324183264164,False,False,False,False,61542.0,-88222.27284025509,False,False,False,False,9430.828306791956,False,False,False,False
2025-07-02 16:00:00+00:00,29.64,29.695,29.59,29.655,5950.0,,,,,,,28.588047106400893,28.560515352761215,28.470983912367863,28.45432997208746,28.381205164893522,28.235004512609063,27.955481035735254,27.879375111167832,27.603741713094397,27.49487612931075,27.192589523618846,27.121402493076964,26.993781411876377,27.06920030793607,27.106554605317363,,,,,,29.23169076312354,29.164680262883376,28.723254414167727,28.57873113501111,28.588253703679406,28.48977773303447,28.46377601887638,28.462959566740142,28.4009763671006,28.149080757655994,27.713094798857384,27.376916721805195,27.147526965720417,27.108311837296206,27.08382786387594,27.05109104141981,26.953775918880268,26.927866391985734,26.992864884253517,27.032740198423042,27.091122033382018,,,,28.723254414167727,28.149080757655994,27.713094798857384,28.17713084943119,"rgba(0, 255, 255, 0.75)",0.5307762291259512,28.624942383908735,1.9406626739624342,65.25958677310658,21.005993664948008,True,False,True,False,False,14.174205414343309,0.0,0.0,0.0,0.0,0,1.0382235969951394,0.9149359257622621,False,False,False,False,0.31572915181990485,0.2954811968262733,False,False,False,False,67492.0,-85808.09806753795,False,False,False,False,9376.861976454096,False,False,False,False
2025-07-02 17:00:00+00:00,29.655,29.705,29.615,29.675,5159.0,,,,,,,28.59521681397087,28.56617830705447,28.475145624443044,28.458316893104143,28.38459163768802,28.238306124768847,27.958869033327634,27.88263532434831,27.607029350699168,27.498193268264608,27.196031286309395,27.124739509388004,26.99688641484739,27.071695160636082,27.108977486761592,,,,,,29.25067347701296,29.184569376700033,28.73225457251182,28.586298688701103,28.594295123122805,28.494463211519093,28.46783084107379,28.467010841374258,28.4045016564809,28.15243285064779,27.71637084960805,27.380313417781064,27.1509476805198,27.111581751485176,27.087036371757,27.054259000584103,26.956814327573046,26.93079443769272,26.99554251528611,27.035313109704482,27.093573099129156,,,,28.73225457251182,28.15243285064779,27.71637084960805,28.182688630416795,"rgba(0, 255, 255, 0.75)",0.545043613429511,28.63184307578455,1.913896243369818,65.5445904683823,20.822818588724886,True,False,True,False,False,14.406202227408247,0.0,0.0,0.0,0.0,0,1.0416574340793265,0.9120319078218476,False,False,False,False,0.3216175975402211,0.3085493971832472,False,False,False,False,72651.0,-83351.36786494046,False,False,False,False,9311.468767516822,False,False,False,False
2025-07-02 18:00:00+00:00,29.67,29.84,29.66,29.77,5559.0,,,,,,,28.60348922338133,28.572719348445048,28.479940647586126,28.462907777261144,28.3884805512642,28.242074189284324,27.96270005555783,27.886315005464784,27.610717445806884,27.50190700012848,27.199866488646155,27.128454874037367,27.000338763270033,27.074472922582885,27.111676538522655,,,,,,29.273482375264553,29.208068584855475,28.74269631455067,28.59501883579928,28.601280405188717,28.49986245249322,28.47250173252206,28.471677469896218,28.408552982954642,28.15624618809606,27.720054101873398,27.384108601861392,27.15475724526576,27.115222001886483,27.090607349112197,27.057783555967863,26.960191264323637,26.934048045511656,26.998520625200904,27.03817633155171,27.09630295155953,,,,28.74269631455067,28.15624618809606,27.720054101873398,28.189115195899408,"rgba(0, 255, 0, 1.0)",0.561133360840723,28.64018788660626,2.0134466995528286,66.82537916475985,20.822818588724886,True,False,True,False,False,15.50605493955667,0.0,0.0,0.0,0.0,0,1.0397512769264938,0.9131689984454805,False,False,False,False,0.34282822067245206,0.3256888089278496,False,False,False,False,78210.0,-80846.54045618168,False,False,False,False,9253.290957167725,False,False,False,False
2025-07-02 19:00:00+00:00,29.77,29.845,29.74,29.83,28724.0,,,,,,,28.646138468382745,28.606738356473343,28.505072945129047,28.486988639072866,28.408926485678126,28.261861940777106,27.982764476037627,27.905585871933177,27.62999911385324,27.521310535059982,27.21987296810054,27.14783667249525,27.018351122981073,27.08899185404541,27.125788890252977,,,,,,29.373895491466346,29.312580702182128,28.79584637832119,28.639875001236845,28.6375324121353,28.52808610415766,28.496995725114626,28.496149372553102,28.429842617046898,28.176251250523958,27.739322652854014,27.403922786976647,27.174627947128116,27.134214361110864,27.10923960784296,27.076173383723894,26.977810657128714,26.951026993843147,27.01407495149563,27.053136797342415,27.110574371639252,,,,28.79584637832119,28.176251250523958,27.739322652854014,28.221120996587597,"rgba(0, 255, 255, 0.75)",0.5779731204196981,28.68077658929959,1.988368265060309,68.33446533663079,20.822818588724886,True,False,True,False,True,16.1939621246538,0.0,0.0,0.0,0.0,0,1.0392331698617925,0.9150691038787336,False,False,False,False,0.3428282213133796,0.3342585151206146,False,False,False,False,106934.0,-77935.21424755872,False,False,False,False,9555.162415196133,False,False,False,False
2025-07-03 14:00:00+00:00,30.055,30.125,29.81,29.875,13875.0,,,,,,,28.667893303850757,28.624239852939834,28.51806996789245,28.499445293221246,28.41950450843825,28.27204228375564,27.99298983149464,27.91539230130736,27.639748687237688,27.531100356892193,27.229913976670137,27.157557721873015,27.027376499153753,27.096287312498152,27.13288537192807,,,,,,29.420957027483126,29.361245623401807,28.82276725206271,28.66268858766031,28.656160846450398,28.542647856051868,28.509666553546165,28.50880855461001,28.4408582078084,28.186508935630634,27.74908841040497,27.413896724201628,27.184595196711033,27.143740349137385,27.1185836479132,27.085392977042478,26.986636423094293,26.959531937186043,27.021878361793462,27.060648585281317,27.117748634365686,,,,28.82276725206271,28.186508935630634,27.74908841040497,28.237111514463848,"rgba(0, 255, 255, 0.75)",0.5950187369293936,28.701228623960322,1.9726628813353833,69.83128364303549,20.822818588724886,True,False,True,False,True,16.70977007716483,0.0,0.0,0.0,0.0,0,1.040265486725664,0.903097345132743,False,False,False,False,0.3428282237145618,0.3385433694175882,False,False,False,False,120809.0,-74853.90860030975,False,False,False,False,9622.136641317124,False,False,False,False
2025-07-03 15:00:00+00:00,29.875,30.19,29.87,30.135,6139.0,,,,,,30.065000000000005,28.678236513897332,28.632580157763257,28.52425893811423,28.50537474784803,28.424530108236212,28.276851413316788,27.997776437510396,27.919974572532997,27.64427568812342,27.535636320206137,27.234542494671306,27.162034829917715,27.03152735630926,27.099648579443308,27.136156984434564,,,,,,29.443936236988478,29.384716336907985,28.835603220128913,28.67351950195114,28.66504266227961,28.549579396553714,28.515699674402523,28.514835947096756,28.44609459034582,28.191339409793112,27.753633488412337,27.418507888549403,27.189186868896712,27.14812721072362,27.122885618895776,27.089636001914478,26.99069375321463,26.96344105458004,27.02546913101152,27.064107452984313,27.1210552615426,,,,28.835603220128913,28.191339409793112,27.753633488412337,28.360829304581067,"rgba(0, 255, 0, 1.0)",0.6184949765647154,28.800563735636718,2.1575539251346796,73.09743511512808,18.701398219689494,True,False,True,False,True,19.575922898629237,0.0,0.0,0.0,0.0,0,1.0481636243677155,0.897074994501869,False,False,False,False,0.34282822448983535,0.3406857969537118,False,False,False,False,126948.0,-71725.19683906462,False,False,False,False,9568.134522847091,False,False,False,False
2025-07-03 16:00:00+00:00,30.13,30.19,29.95,30.005,17962.0,,,,,30.048333333333332,30.052578662019556,28.70728524590035,28.65615998457051,28.541893174791923,28.522285838240755,28.438912065686715,28.290645571987206,28.011543430520305,27.933166953258137,27.657334098925148,27.54872839733937,27.247919380109234,27.174980736096135,27.043541017028126,27.10938465413837,27.14563331342361,,,,,,29.501067715322694,29.443715171223612,28.87119185867619,28.70390151128347,28.69009642370502,28.569283402781295,28.532899049996736,28.53201948592476,28.461067771416552,28.205206739901627,27.766734826318967,27.431823569274517,27.202460504661566,27.160814407325244,27.135329945734323,27.10191232893632,27.00243981305138,26.974761202814538,27.035869460241695,27.07412615586283,27.13063306206435,,,,28.87119185867619,28.205206739901627,27.766734826318967,28.49463174650032,"rgba(0, 255, 255, 0.75)",0.6366554147392978,28.90641461683998,1.7255572759243303,71.99774987393937,18.701398219689494,True,False,True,False,True,17.26136848436554,0.0,0.0,0.0,0.0,0,1.0478289618690768,0.9054441260744982,False,False,False,False,0.34282822496578846,0.34175701095975014,False,False,False,False,108986.0,-68923.4728570636,False,False,False,False,9698.271972105274,False,False,False,False
2025-07-03 17:00:00+00:00,30.005,30.025,29.97,29.985,0.0,,,,,30.048333333333332,30.052578662019556,28.70728524590035,28.65615998457051,28.541893174791923,28.522285838240755,28.438912065686715,28.290645571987206,28.011543430520305,27.933166953258137,27.657334098925148,27.54872839733937,27.247919380109234,27.174980736096135,27.043541017028126,27.10938465413837,27.14563331342361,,,,,,29.501067715322694,29.443715171223612,28.87119185867619,28.70390151128347,28.69009642370502,28.569283402781295,28.532899049996736,28.53201948592476,28.461067771416552,28.205206739901627,27.766734826318967,27.431823569274517,27.202460504661566,27.160814407325244,27.135329945734323,27.10191232893632,27.00243981305138,26.974761202814538,27.035869460241695,27.07412615586283,27.13063306206435,,,,28.87119185867619,28.205206739901627,27.766734826318967,28.49463174650032,"rgba(0, 255, 255, 0.75)",0.6525874557384136,28.90641461683998,1.65278289319794,70.77786179507926,18.701398219689494,True,False,True,False,False,16.908265048845823,0.0,0.0,0.0,0.0,0,1.0491259128125694,0.9057313564947994,False,False,False,False,0.32162346607004016,0.33169023851489515,False,False,False,False,108986.0,-66165.1864561789,False,False,False,False,9547.9111663362,False,False,False,False
2025-07-03 18:00:00+00:00,29.985,29.985,29.985,29.985,0.0,,,,,30.048333333333332,30.052578662019556,28.70728524590035,28.65615998457051,28.541893174791923,28.522285838240755,28.438912065686715,28.290645571987206,28.011543430520305,27.933166953258137,27.657334098925148,27.54872839733937,27.247919380109234,27.174980736096135,27.043541017028126,27.10938465413837,27.14563331342361,,,,,,29.501067715322694,29.443715171223612,28.87119185867619,28.70390151128347,28.69009642370502,28.569283402781295,28.532899049996736,28.53201948592476,28.461067771416552,28.205206739901627,27.766734826318967,27.431823569274517,27.202460504661566,27.160814407325244,27.135329945734323,27.10191232893632,27.00243981305138,26.974761202814538,27.035869460241695,27.07412615586283,27.13063306206435,,,,28.87119185867619,28.205206739901627,27.766734826318967,28.49463174650032,"rgba(0, 255, 255, 0.75)",0.6679495449465788,28.90641461683998,1.6147707432696594,69.9646030758392,18.701398219689494,True,False,True,False,False,16.908265048845823,0.0,0.0,0.0,0.0,0,1.051812319323994,0.9037135868356679,False,False,False,False,0.31799604456479896,0.32484314153984706,False,False,False,False,108986.0,-63449.66418554047,False,False,False,False,9399.881535850367,False,False,False,False
2025-07-03 19:00:00+00:00,29.985,29.985,29.985,29.985,0.0,,,,,30.048333333333332,30.052578662019556,28.70728524590035,28.65615998457051,28.541893174791923,28.522285838240755,28.438912065686715,28.290645571987206,28.011543430520305,27.933166953258137,27.657334098925148,27.54872839733937,27.247919380109234,27.174980736096135,27.043541017028126,27.10938465413837,27.14563331342361,,,,,,29.501067715322694,29.443715171223612,28.87119185867619,28.70390151128347,28.69009642370502,28.569283402781295,28.532899049996736,28.53201948592476,28.461067771416552,28.205206739901627,27.766734826318967,27.431823569274517,27.202460504661566,27.160814407325244,27.135329945734323,27.10191232893632,27.00243981305138,26.974761202814538,27.035869460241695,27.07412615586283,27.13063306206435,,,,28.87119185867619,28.205206739901627,27.766734826318967,28.49463174650032,"rgba(0, 255, 255, 0.75)",0.6818040325038304,28.90641461683998,1.5819580579467434,69.4224305963458,18.701398219689494,True,False,True,False,False,16.908265048845823,0.0,0.0,0.0,0.0,0,1.05087798289059,0.9115263394867174,False,False,False,False,0.31799604456479896,0.32141959305232304,False,False,False,False,108986.0,-60776.24303537705,False,False,False,False,9254.146938395323,False,False,False,False
2025-07-04 14:00:00+00:00,29.985,29.985,29.985,29.985,0.0,,,,,30.048333333333332,30.052578662019556,28.70728524590035,28.65615998457051,28.541893174791923,28.522285838240755,28.438912065686715,28.290645571987206,28.011543430520305,27.933166953258137,27.657334098925148,27.54872839733937,27.247919380109234,27.174980736096135,27.043541017028126,27.10938465413837,27.14563331342361,,,,,,29.501067715322694,29.443715171223612,28.87119185867619,28.70390151128347,28.69009642370502,28.569283402781295,28.532899049996736,28.53201948592476,28.461067771416552,28.205206739901627,27.766734826318967,27.431823569274517,27.202460504661566,27.160814407325244,27.135329945734323,27.10191232893632,27.00243981305138,26.974761202814538,27.035869460241695,27.07412615586283,27.13063306206435,,,,28.87119185867619,28.205206739901627,27.766734826318967,28.49463174650032,"rgba(0, 255, 255, 0.75)",0.6941993119302471,28.90641461683998,1.553711397611402,69.06098227668355,18.701398219689494,True,False,True,False,False,16.908265048845823,0.0,0.0,0.0,0.0,0,1.044786247455327,0.9097489255824471,False,False,False,False,0.31799604456479896,0.31970781880856103,False,False,False,False,108986.0,-58144.270275138646,False,False,False,False,9110.671792063611,False,False,False,False
2025-07-04 15:00:00+00:00,29.985,29.985,29.985,29.985,0.0,,,,,30.048333333333332,30.052578662019556,28.70728524590035,28.65615998457051,28.541893174791923,28.522285838240755,28.438912065686715,28.290645571987206,28.011543430520305,27.933166953258137,27.657334098925148,27.54872839733937,27.247919380109234,27.174980736096135,27.043541017028126,27.10938465413837,27.14563331342361,,,,,,29.501067715322694,29.443715171223612,28.87119185867619,28.70390151128347,28.69009642370502,28.569283402781295,28.532899049996736,28.53201948592476,28.461067771416552,28.205206739901627,27.766734826318967,27.431823569274517,27.202460504661566,27.160814407325244,27.135329945734323,27.10191232893632,27.00243981305138,26.974761202814538,27.035869460241695,27.07412615586283,27.13063306206435,,,,28.87119185867619,28.205206739901627,27.766734826318967,28.49463174650032,"rgba(0, 255, 255, 0.75)",0.705448569836545,28.90641461683998,1.5289355302115504,68.82001673024205,18.701398219689494,True,False,True,False,False,16.908265048845813,0.0,0.0,0.0,0.0,0,1.0434881602914392,0.9125683060109286,False,False,False,False,0.31799604456479896,0.31885193168668,False,False,False,False,108986.0,-55553.10329412874,False,False,False,False,8969.42106660526,False,False,False,False
2025-07-04 16:00:00+00:00,29.985,29.985,29.985,29.985,0.0,,,,,30.048333333333332,30.052578662019556,28.70728524590035,28.65615998457051,28.541893174791923,28.522285838240755,28.438912065686715,28.290645571987206,28.011543430520305,27.933166953258137,27.657334098925148,27.54872839733937,27.247919380109234,27.174980736096135,27.043541017028126,27.10938465413837,27.14563331342361,,,,,,29.501067715322694,29.443715171223612,28.87119185867619,28.70390151128347,28.69009642370502,28.569283402781295,28.532899049996736,28.53201948592476,28.461067771416552,28.205206739901627,27.766734826318967,27.431823569274517,27.202460504661566,27.160814407325244,27.135329945734323,27.10191232893632,27.00243981305138,26.974761202814538,27.035869460241695,27.07412615586283,27.13063306206435,,,,28.87119185867619,28.205206739901627,27.766734826318967,28.49463174650032,"rgba(0, 255, 255, 0.75)",0.7155624197624669,28.90641461683998,1.5073253616617506,68.65937303261438,21.72738385360121,True,False,True,False,False,16.908265048845813,0.0,0.0,0.0,0.0,0,1.0436489607390305,0.921247113163972,False,False,False,False,0.31799604456479896,0.31842398812573947,False,False,False,False,108986.0,-53002.10944460736,False,False,False,False,8830.360274874945,False,False,False,False
2025-07-04 17:00:00+00:00,29.985,29.985,29.985,29.985,0.0,,,,,30.048333333333332,30.052578662019556,28.70728524590035,28.65615998457051,28.541893174791923,28.522285838240755,28.438912065686715,28.290645571987206,28.011543430520305,27.933166953258137,27.657334098925148,27.54872839733937,27.247919380109234,27.174980736096135,27.043541017028126,27.10938465413837,27.14563331342361,,,,,,29.501067715322694,29.443715171223612,28.87119185867619,28.70390151128347,28.69009642370502,28.569283402781295,28.532899049996736,28.53201948592476,28.461067771416552,28.205206739901627,27.766734826318967,27.431823569274517,27.202460504661566,27.160814407325244,27.135329945734323,27.10191232893632,27.00243981305138,26.974761202814538,27.035869460241695,27.07412615586283,27.13063306206435,,,,28.87119185867619,28.205206739901627,27.766734826318967,28.49463174650032,"rgba(38, 166, 154, 1.0)",0.7262395616465959,28.90641461683998,1.4851647309250844,68.55227723419594,21.31696934636298,True,False,True,False,False,16.908265048845813,0.0,0.0,0.0,0.0,0,1.0360632852489533,0.9234527687296413,False,False,False,False,0.31799604456479896,0.31821001634526924,False,False,False,False,108986.0,-50490.66588732663,False,False,False,False,8693.455464411767,False,False,False,False
2025-07-04 18:00:00+00:00,29.985,29.985,29.985,29.985,0.0,,,,,30.048333333333332,30.052578662019556,28.70728524590035,28.65615998457051,28.541893174791923,28.522285838240755,28.438912065686715,28.290645571987206,28.011543430520305,27.933166953258137,27.657334098925148,27.54872839733937,27.247919380109234,27.174980736096135,27.043541017028126,27.10938465413837,27.14563331342361,,,,,,29.501067715322694,29.443715171223612,28.87119185867619,28.70390151128347,28.69009642370502,28.569283402781295,28.532899049996736,28.53201948592476,28.461067771416552,28.205206739901627,27.766734826318967,27.431823569274517,27.202460504661566,27.160814407325244,27.135329945734323,27.10191232893632,27.00243981305138,26.974761202814538,27.035869460241695,27.07412615586283,27.13063306206435,,,,28.87119185867619,28.205206739901627,27.766734826318967,28.49463174650032,"rgba(38, 166, 154, 1.0)",0.7364822524052058,28.90641461683998,1.464509673705742,68.48088003525031,20.948000209180577,True,False,True,False,False,16.908265048845813,0.0,0.0,0.0,0.0,0,1.0466161855182208,0.9216753431140554,False,False,False,False,0.31799604456479896,0.3181030304550341,False,False,False,False,108986.0,-48018.1594394611,False,False,False,False,8558.673209149569,False,False,False,False
2025-07-04 19:00:00+00:00,29.985,29.985,29.985,29.985,0.0,,,,,30.048333333333332,30.052578662019556,28.70728524590035,28.65615998457051,28.541893174791923,28.522285838240755,28.438912065686715,28.290645571987206,28.011543430520305,27.933166953258137,27.657334098925148,27.54872839733937,27.247919380109234,27.174980736096135,27.043541017028126,27.10938465413837,27.14563331342361,,,,,,29.501067715322694,29.443715171223612,28.87119185867619,28.70390151128347,28.69009642370502,28.569283402781295,28.532899049996736,28.53201948592476,28.461067771416552,28.205206739901627,27.766734826318967,27.431823569274517,27.202460504661566,27.160814407325244,27.135329945734323,27.10191232893632,27.00243981305138,26.974761202814538,27.035869460241695,27.07412615586283,27.13063306206435,,,,28.87119185867619,28.205206739901627,27.766734826318967,28.49463174650032,"rgba(38, 166, 154, 1.0)",0.7462194325003718,28.90641461683998,1.4453997526518185,68.43328190261988,20.616031042384435,True,False,True,False,False,16.908265048845813,0.0,0.0,0.0,0.0,0,1.0455412494039107,0.9129709108249877,False,False,False,False,0.31799604456479896,0.3180495375099165,False,False,False,False,108986.0,-45583.98642489581,False,False,False,False,8425.980601255776,False,False,False,False
2025-07-07 14:00:00+00:00,29.875,30.02,29.82,29.88,7799.0,,,,,30.00544453502064,30.016905694879835,28.718225760295994,28.665138281167778,28.548715288393396,28.528842689141495,28.444534900703676,28.296090897949153,28.017051821879214,27.938463982725146,27.662626591854423,27.554050750530507,27.253396206148746,27.180290329232008,27.048483012491378,27.113389205407984,27.14952883097625,,,,,,29.517058344286056,29.460921827467615,28.884219693229955,28.715332672837793,28.69958888801071,28.576874285263766,28.539560378183563,28.538675238561144,28.466909753870258,28.21070572377511,27.77202656821326,27.437252503915552,27.20790055563567,27.16602004664476,27.140439125665605,27.106956214860258,27.007275931090614,26.979425163626335,27.040151659756106,27.078249101027072,27.134571229842326,,,,28.884219693229955,28.21070572377511,27.77202656821326,28.498744531132193,"rgba(38, 166, 154, 1.0)",0.7522384134238057,28.911059110208356,1.2880768550246164,62.91794191712373,15.382917627981271,False,True,True,False,False,14.745451313203372,0.0,0.0,0.0,0.0,0,1.0413990007137763,0.9074470616226501,False,False,False,False,0.2992609754104317,0.3086552564601741,False,False,False,False,101187.0,-43308.46725551758,False,False,False,False,8416.259971778942,False,False,False,False
2025-07-07 15:00:00+00:00,29.875,29.955,29.84,29.915,3444.0,,,,,29.99340307025053,30.005838944846843,28.722980388205276,28.669051610982997,28.551698896915006,28.531711476452333,28.44699859785257,28.29847891114495,28.01946984796964,27.940790138356824,27.664952351574854,27.556390115942865,27.255804540616626,27.182625596496052,27.050657408259266,27.115151842349444,27.151243500153207,,,,,,29.523668225150388,29.468065827702997,28.889850534715595,28.72029781321295,28.703722278776088,28.580190688065922,28.542474347027458,28.54158680313779,28.46946860396891,28.213117999691004,27.77435141805245,27.439639094776595,27.210292936178337,27.168309765725358,27.142686611471195,27.109175155262335,27.00940396481079,26.981477686039927,27.042036400133824,27.08006381419539,27.13630466410605,,,,28.889850534715595,28.213117999691004,27.77435141805245,28.500960101015576,"rgba(38, 166, 154, 1.0)",0.7579051736543196,28.913586036501083,1.3212918954893693,60.568931604056814,13.35083432328625,False,True,True,False,False,15.2239103068584,0.0,0.0,0.0,0.0,0,1.049832295160518,0.9077623382846188,False,False,False,False,0.2928236081745207,0.3007394323173474,False,False,False,False,104631.0,-41014.83210426925,False,False,False,False,8339.170669890897,False,False,False,False
2025-07-07 16:00:00+00:00,29.925,29.96,29.715,29.735,2376.0,,,,,29.979103152739516,29.993083024036764,28.72596238598366,28.671519443602524,28.55359790300811,28.533539883720973,28.448577068442233,28.3000198598255,28.021046063032063,27.942310126401107,27.666482513253555,27.557932668414917,27.257400829211374,27.184175223233083,27.052103065997084,27.11632301248602,27.152382260251393,,,,,,29.526931259412038,29.471759670152174,28.893319356942158,28.72341161110143,28.70632104345439,28.58229681902402,28.5443302399729,28.543441270544292,28.47110588786145,28.21467998877742,27.77587716921799,27.441216180836268,27.21187975916394,27.169829525488147,27.144178923197344,27.11064922692823,27.010819595442896,26.982843627200825,27.043289835225636,27.08127012186517,27.13745611433813,,,,28.893319356942158,28.21467998877742,27.77587716921799,28.501810616758753,"rgba(38, 166, 154, 1.0)",0.7599946656994525,28.914387276471096,1.0797611622361343,52.97093560894369,6.604195104273273,False,True,False,False,False,11.614598786961345,0.0,0.0,0.0,0.0,0,1.0566037735849059,0.9008224479922589,False,False,False,False,0.27577047630323376,0.2882549543102906,False,False,False,False,102255.0,-38793.59439722631,False,False,False,False,8246.718411442977,False,False,False,False
2025-07-07 17:00:00+00:00,29.74,29.845,29.7,29.79,4194.0,,,,,29.955566363848128,29.971594733660993,28.731064870209867,28.675753792947646,28.556869136816715,28.536691210084243,28.451303109636875,28.302687074288528,28.02378260288389,27.94495112894731,27.669146605494817,27.5606200864604,27.2601860230888,27.186880015337245,27.05462801440884,27.11836860568404,27.154371025820602,,,,,,29.532004444251985,29.47760809313059,28.899212031586355,28.728738228530837,28.710774545414925,28.585921056877915,28.547528087342005,28.5466367263868,28.473932104114496,28.217386390054717,27.778531618675675,27.44396543814196,27.21464903192444,27.172482432275913,27.1467842715492,27.113223132852756,27.01329256094624,26.985230153187356,27.045479547864023,27.083377299451783,27.139467136456695,,,,28.899212031586355,28.217386390054717,27.778531618675675,28.503298220115056,"rgba(38, 166, 154, 1.0)",0.7623747393788519,28.91574253236297,1.1467555553445208,49.98356456929616,4.315099125481417,False,True,False,False,False,12.395457884260175,0.0,0.0,0.0,0.0,0,1.0568044476673921,0.9062122310853272,False,False,False,False,0.25747083981497054,0.27286289706263056,False,False,False,False,106449.0,-36541.771228277066,False,False,False,False,8183.8855678547125,False,False,False,False
2025-07-07 18:00:00+00:00,29.79,29.83,29.65,29.815,8296.0,,,,,29.9196938273846,29.937459901746003,28.74088689579886,28.68393475368389,28.563218572228294,28.542811536508754,28.45660875619506,28.307887331842725,28.029129681980464,27.9501150556448,27.674363413872342,27.56588501082204,27.26564815179893,27.19218624586481,27.059584390836378,27.12238543776638,27.158276127165276,,,,,,29.540947816900328,29.48805847889135,28.91046667282994,28.738985893532767,28.719367083135616,28.59294627945838,28.553737066863373,28.55284118174001,28.47942992143578,28.22266683145335,27.783726745296722,27.449353684568905,27.2200808676268,27.17768742028366,27.151896632127997,27.118274483186504,27.018147724830104,26.989916394618035,27.049779546333735,27.08751517427469,27.14341600549785,,,,28.91046667282994,28.22266683145335,27.783726745296722,28.506806821824533,"rgba(38, 166, 154, 1.0)",0.7645957125195845,28.919085033826338,1.1717499215648755,48.90152758231841,3.6149004939016507,False,True,False,True,False,12.751143296304008,0.0,0.0,0.0,0.0,0,1.052542781393107,0.9084116654615567,False,False,False,False,0.24838461792941757,0.26062375749602407,False,False,False,False,114745.0,-34196.239891404555,False,False,False,False,8185.623776105027,False,False,False,False
2025-07-07 19:00:00+00:00,29.795,29.885,29.755,29.845,9432.0,,,,,29.903587960799708,29.920202234443295,28.75250633736893,28.693624175452616,28.57073305003181,28.55005303044781,28.462878582437092,28.314009964558565,28.035389552231614,27.956154256241504,27.68044184318164,27.57201192369113,27.271985993140355,27.19834046007675,27.065328887947423,27.127046618564304,27.162809326354502,,,,,,29.552965001492574,29.501567667184396,28.92383457119915,28.751097487086515,28.729549137280674,28.601258618729936,28.56108487986706,28.560183487843624,28.485929116616127,28.228871471971452,27.789788102537532,27.455616171928586,27.226381454211403,27.18372405075966,27.157825134721705,27.12413107198411,27.0237737459275,26.995346339847114,27.054765518038256,27.09231509110716,27.147999315572,,,,28.92383457119915,28.228871471971452,27.789788102537532,28.51301298471055,"rgba(38, 166, 154, 1.0)",0.7667166630778068,28.925840126090435,1.1988260046674988,49.27611287585903,3.6149004939016507,False,True,False,False,False,13.181210059388938,0.0,0.0,0.0,0.0,0,1.0578909440307473,0.9027143886620222,False,False,False,False,0.27082637841278184,0.265725067954403,False,False,False,False,124177.0,-31740.840823320767,False,False,False,False,8204.947438490995,False,False,False,False
2025-07-08 14:00:00+00:00,29.93,30.215,29.915,30.09,9579.0,,,,,29.929363791044462,29.94139295396869,28.766685555926628,28.70538684887096,28.579742884083387,28.558718008253937,28.470319768498186,28.321175634157605,28.042565210151583,27.96304540284035,27.68728014457342,27.578872429224297,27.279004423750703,27.205140753608447,27.071653722275315,27.13219189615257,27.167819163576105,,,,,,29.574163381403785,29.523727531060008,28.940589083367435,28.765860800054085,28.741963719096425,28.611249615917203,28.569887049832356,28.56897819636358,28.493658818053277,28.2360816553673,27.79664267751745,27.462595855278988,27.233348741563294,27.190392042529997,27.16436912727093,27.13058961910441,27.029961566892474,27.001314761223643,27.060256595559903,27.097607614292237,27.153062082051623,,,,28.940589083367435,28.2360816553673,27.79664267751745,28.524358057546248,"rgba(38, 166, 154, 1.0)",0.7722909816643492,28.939679398632343,1.4894911745422994,55.55431949418511,0.2523805806798691,False,True,True,False,True,16.546582707376444,0.0,0.0,0.0,0.0,0,1.0618630007110692,0.8888362171130595,False,False,False,False,0.3413564588018152,0.3035407633781091,False,False,False,False,133756.0,-29174.99832993595,False,False,False,False,8226.250578979507,False,False,False,False
2025-07-08 15:00:00+00:00,30.09,30.275,30.075,30.185,3030.0,,,,30.17833333333333,29.94077439294934,29.951329554838917,28.77146286049781,28.7093483365347,28.582769170677782,28.561626991536613,28.472812486353,28.32356522301023,28.044941298867393,27.96532385348327,27.689529915408823,27.58112571223573,27.281300302520535,27.207363610829415,27.07371863093433,27.133873665694097,27.169457409755136,,,,,,29.5818496024565,29.531655455008142,28.94626948377002,28.77083182820778,28.746148993541592,28.614606700410054,28.572842997576124,28.57193155470118,28.49624968573633,28.238480311059117,27.79890193929925,27.46488438791387,27.23562673786089,27.192571425533732,27.166507487361194,27.13269936639022,27.031981004428648,27.00326222150382,27.062049743269533,27.09933675285872,27.154717324159716,,,,28.94626948377002,28.238480311059117,27.79890193929925,28.644303842776274,"rgba(38, 166, 154, 1.0)",0.7788745056138485,29.02882705200223,1.4844149341960566,61.18907603387919,5.218768884335766,False,True,True,False,True,17.779116027618155,0.0,0.0,0.0,0.0,0,1.0729978738483348,0.8844790928419555,False,False,False,False,0.34282822614602065,0.3231844947620649,False,False,False,False,136786.0,-26601.95959613849,False,False,False,False,8145.688554499205,False,False,False,False
2025-07-08 16:00:00+00:00,30.195,30.235,30.115,30.135,11094.0,,,,30.16524214103653,29.972515175849892,29.979327394164816,28.788477876578078,28.723510284217202,28.59363774158014,28.57208042540419,28.481788944549464,28.332184051142917,28.053528529939594,27.973563768227176,27.697677700654825,27.589289892120597,27.28962728001027,27.215428564972164,27.081215229886006,27.13998183569497,27.17540733543319,,,,,,29.607655433641575,29.558405854511125,28.966354623631243,28.788525860596007,28.761091031401236,28.62664678702253,28.583462372263906,28.58254182025207,28.505574907249816,28.24713736171808,27.807079832738943,27.473179510782213,27.243890304271662,27.200479538884657,27.17426784058052,27.140356968039097,27.039313839638876,27.0103349747248,27.06856256718071,27.105617086150605,27.16072905745026,,,,28.966354623631243,28.24713736171808,27.807079832738943,28.65721917285097,"rgba(38, 166, 154, 1.0)",0.7836798045348339,29.044622523289434,1.3913558450798407,63.141394077540234,6.786911738548,False,False,True,False,True,16.740227621484728,0.0,0.0,0.0,0.0,0,1.0812603648424546,0.8822553897180757,False,False,False,False,0.34282822614602065,0.33300636045404275,False,False,False,False,125692.0,-24240.812935733244,False,False,False,False,8191.398809468209,False,False,False,False
2025-07-08 17:00:00+00:00,30.135,30.215,30.085,30.205,2746.0,,,,30.16574530725153,29.97924066940164,29.985356018631446,28.792645477883273,28.726989178483706,28.596316219976313,28.574657580530634,28.484004854066978,28.33431265744283,28.05564999270589,27.975599969885774,27.69969159888783,27.591307946559095,27.2916857222986,27.217422519793214,27.083069184160163,27.14149326132065,27.176879696165763,,,,,,29.613764776140727,29.564749399680338,28.971251204748075,28.792857145034546,28.764758298504486,28.629610902501756,28.586080022567316,28.585157250118467,28.507876222958977,28.249275565086396,27.809101008353498,27.475229928461975,27.245933167676252,27.202434856933102,27.176186760345942,27.142250581608707,27.041127433566935,27.012084436178494,27.07017387105487,27.107171008976557,27.162216676717573,,,,28.971251204748075,28.249275565086396,27.809101008353498,28.66044916783454,"rgba(38, 166, 154, 1.0)",0.7833395418575233,29.048555008704188,1.4763010540148997,65.59924826479408,9.007287679388917,False,False,True,False,True,17.657497789231698,0.0,0.0,0.0,0.0,0,1.0792408066429422,0.8827995255041513,False,False,False,False,0.3357772103211965,0.3343917853876196,False,False,False,False,128438.0,-21873.699556884665,False,False,False,False,8106.974021724516,False,False,False,False
2025-07-08 18:00:00+00:00,30.21,30.235,30.14,30.15,2436.0,,,,30.166913049483753,29.98502876632519,29.99057445751013,28.796339391100602,28.730075551822303,28.598694749843517,28.57694637586116,28.48597349930893,28.336203684452247,28.05753432831423,27.977408624125754,27.701480216256982,27.593100162604955,27.293513547695717,27.219193112539013,27.084715529673538,27.142835747964668,27.17818753601219,,,,,,29.61913787547112,29.570328320736166,28.975585736000962,28.796695279687533,28.768010976872198,28.63224222168946,28.588404688961127,28.587479949262164,28.509920589414822,28.25117497920497,27.81089617483955,27.47705075806991,27.24774715042206,27.204171175009886,27.177890780946857,27.143932137423153,27.042737955424332,27.013638051339925,27.07160494372604,27.108551187147953,27.163538049120977,,,,28.975585736000962,28.25117497920497,27.81089617483955,28.663328016288787,"rgba(38, 166, 154, 1.0)",0.7825262278652463,29.05205726716245,1.4030746749955814,65.23691720956836,9.007287679388917,False,False,True,False,True,16.502450449446748,0.0,0.0,0.0,0.0,0,1.0758949880668263,0.8904534606205246,False,False,False,False,0.3428282262802532,0.3386100058339364,False,False,False,False,126002.0,-19581.05305212676,False,False,False,False,8019.051943868321,False,False,False,False
2025-07-08 19:00:00+00:00,30.15,30.2,30.08,30.18,12428.0,,,,30.16159481943657,30.00708927466532,30.01061078368249,28.81459046325556,28.74538596922495,28.610553566576804,28.588365255248057,28.495818291189664,28.345678205048063,28.066998086290216,27.98649939921252,27.710485729375016,27.60212873037397,27.30273295546268,27.22812746223156,27.09302895119759,27.14961759204563,27.18479404865942,,,,,,29.644014619828262,29.596308407137823,28.996831702066814,28.81564686601825,28.78412269274969,28.645341836988074,28.59999906802706,28.599064756624152,28.52013828397829,28.26069890967757,27.81992897698624,27.486227883667368,27.25689863543609,27.212933679015208,27.186491678009308,27.152421049215068,27.050872169632047,27.02148643700865,27.078834683586784,27.115523687175184,27.170213061227486,,,,28.996831702066814,28.26069890967757,27.81992897698624,28.676564903093148,"rgba(38, 166, 154, 1.0)",0.7795317952588792,29.067947072319452,1.426565195215982,65.58260942641483,9.340492827044194,False,False,True,False,True,16.90552606805466,0.0,0.0,0.0,0.0,0,1.0633819660368335,0.8990672088017215,False,False,False,False,0.3295219290380146,0.3340659674359755,False,False,False,False,138430.0,-17131.269283876736,False,False,False,False,8087.407727684316,False,False,False,False
2025-07-09 14:00:00+00:00,29.05,29.205,28.57,28.695,68664.0,,,,29.246333691906216,29.50989440094609,29.52998527091108,28.815195195815335,28.74975876354471,28.61915839478106,28.597407062434858,28.50616483048143,28.359052770692433,28.085408104122394,28.005379898912516,27.732619364382522,27.625467363879896,27.329342662784356,27.25452000341513,27.118546267546304,27.170192936343824,27.204652848712385,,,,,,29.47607211580969,29.443596712069684,28.981106861563596,28.816197607258573,28.786490118285133,28.653426146234427,28.608781465914586,28.607871901058832,28.53020733317146,28.275844040611517,27.84086060026801,27.511088811468806,27.283690664434786,27.238942446225362,27.212222021396457,27.1780621855801,27.07611551949661,27.046032488334944,27.101156722115103,27.13686098310377,27.190355806841875,,,,28.981106861563596,28.275844040611517,27.84086060026801,28.596534753060993,#000000,0.7630500202038156,28.946667924305718,-0.32981838364737276,49.5900284004976,7.0061122011442265,False,True,False,True,False,0.0,0.0,0.0,0.0,0.0,0,1.0218408736349456,0.9075105861377307,False,False,False,False,0.004074083924316863,0.16907002568014617,False,False,False,False,69766.0,-15784.02479885539,False,False,False,False,9026.579700898514,False,False,False,False
2025-07-09 15:00:00+00:00,28.695,28.815,28.46,28.695,55295.0,,,,29.03691105787244,29.294242577991092,29.315280307139616,28.80683084144164,28.745734953427764,28.62034137570121,28.599188243164296,28.509898639326664,28.36561560134634,28.09639054181925,28.01700196525428,27.747186264981533,27.64109716332663,27.34778777201709,27.2729559958622,27.136598557506932,27.184764332559936,27.21868762403002,,,,,,29.360143040267733,29.335582799014023,28.95903760688176,28.807494789251617,28.780470575443434,28.653540490369256,28.610251326187786,28.609367706297093,28.533501244615984,28.28392406237088,27.854338912297237,27.52798849463091,27.302344665897603,27.257144593100737,27.230278514207082,27.196111402882323,27.094037375437544,27.06350997609292,27.11702173956217,27.15199997610073,27.204603887743833,,,,28.95903760688176,28.28392406237088,27.854338912297237,28.56445442321682,#000000,0.7450305332637075,28.896391234061667,-0.2703127255462207,38.92830771655278,-2.134740757615347,False,True,False,True,False,0.0,0.0,0.0,0.0,0.0,0,1.0187265917603,0.9244326944260843,False,False,False,False,-0.05867122792222054,0.055199398878962816,False,False,False,False,69766.0,-14457.667825229722,False,False,False,False,9743.919550496985,False,False,False,False
2025-07-09 16:00:00+00:00,28.695,28.97,28.665,28.95,32294.0,,,,29.006806091201344,29.23860207087826,29.258326406384455,28.808470089441784,28.74858948992842,28.624706158486642,28.603716397339667,28.514922703395406,28.371922892729735,28.104887648806674,28.02571418191224,27.757353461018056,27.651806973704034,27.35997544808533,27.285062858872887,27.148342595934313,27.19431004628268,27.227910321883133,,,,,,29.322098297284352,29.300411263270544,28.955317127433087,28.809167434742257,28.782611381123488,28.657742943314343,28.614679103829157,28.61380529092114,28.538418615042602,28.290995564018502,27.863965778001887,27.539380895435688,27.314620424337384,27.26908634868807,27.242102573914337,27.20790146743126,27.105666179109896,27.074834030584686,27.127352481592126,27.161888628611862,27.213954662711547,,,,28.955317127433087,28.290995564018502,27.863965778001887,28.560176730385752,#000000,0.7284974231218687,28.888437247774345,0.08450647905086117,35.60058096118504,-4.513817554361026,False,True,False,True,False,0.0,0.0,0.0,0.0,0.0,0,1.0268249780123133,0.9276605101143355,False,False,False,False,-0.013476611310020377,0.02086139378447122,False,False,False,False,102060.0,-12651.192355071122,False,False,False,False,10093.533200876876,False,False,False,False
2025-07-09 17:00:00+00:00,28.945,28.99,28.74,28.855,23371.0,,,,28.990757238114167,29.206502678181025,29.225286389929394,28.80959657105786,28.750569161325576,28.62776772367431,28.60689715444859,28.5184699985292,28.376388318530903,28.110920209058804,28.0319079027111,27.764596463528438,27.65944112341217,27.368673919104978,27.293710074836387,27.156742450194216,27.201150724163462,27.2345204214304,,,,,,29.297998024631635,29.278047933105643,28.952797195041118,28.81031490340028,28.784091579261645,28.660679910200656,28.61778741393022,28.61692060865407,28.54188636100045,28.29600615061138,27.87081871256515,27.547504869069222,27.323384457237513,27.2776182610394,27.250553238836815,27.21633029729414,27.11398690395357,27.082940634105203,27.134752803222902,27.16897394498073,27.220656215528148,,,,28.952797195041118,28.29600615061138,27.87081871256515,28.55815818375892,#000000,0.707822361539392,28.882973758474428,-0.03952087415490716,32.85589069159877,-6.772326882848709,False,True,False,True,False,0.0,0.0,0.0,0.0,0.0,0,1.0227421823748089,0.9302427290618843,False,False,False,False,-0.0015669653255380317,0.009647214229466594,False,False,False,False,78689.0,-11235.065341814205,False,False,False,False,10299.385399312894,False,False,False,False
2025-07-09 18:00:00+00:00,28.855,28.965,28.83,28.905,21875.0,,,,28.982245086815905,29.18387558847848,29.201760036236912,28.81135357371002,28.75297834671156,28.631020524319197,28.610241426367807,28.522088669476563,28.380819131322824,28.11676401765665,28.037886581243978,27.771524168729098,27.666724896283746,27.376931493291202,27.30191405558372,27.16470544084755,27.207649502467735,27.240803742302745,,,,,,29.279409873306374,29.26083313731164,28.95150014075564,28.812112879378027,28.786087896603412,28.663863124496842,28.62107298301598,28.62021210351018,28.545446475221127,28.30092939581492,27.877393106272493,27.555238071029144,27.33170019068287,27.28571288332141,27.258569759914536,27.224324114719725,27.121873144793643,27.090624055193796,27.141774920138854,27.175701391858595,27.22702496792565,,,,28.95150014075564,28.30092939581492,27.877393106272493,28.55773524936274,#000000,0.6864184564076072,28.87983920676236,0.03665518169386371,31.783476144559636,-7.841215469902934,False,True,False,True,False,0.0,0.0,0.0,0.0,0.0,0,1.0253662803411328,0.9330855018587355,False,False,False,False,0.006581278812756755,0.008114246521111675,False,False,False,False,100564.0,-9501.746499305456,False,False,False,False,10478.852292346803,False,False,False,False
2025-07-09 19:00:00+00:00,28.905,28.93,28.78,28.86,27315.0,,,,28.969079856047,29.15625852053271,29.17317570784397,28.81242719372965,28.755024587187165,28.63433768910751,28.613703019250934,28.526004804433164,28.385794556336233,28.12354363324899,28.044867955186373,27.77972924771675,27.675385445962473,27.38682858157288,27.311766731441622,27.174301393349257,27.215488953045412,27.248380204767003,,,,,,29.256114559734026,29.239088563414903,28.948677602142343,28.813200965907146,28.787573834735372,28.66701305505829,28.62444883145469,28.623596066198015,28.549262454669883,28.3065288231645,27.88514255047662,27.564463943290487,27.34167804755164,27.295439521830573,27.26820974188715,27.233944547892044,27.131385725727355,27.099899885025078,27.150251106006674,27.18381952322119,27.23470579996879,,,,28.948677602142343,28.3065288231645,27.88514255047662,28.556577738673163,#000000,0.654791535494052,28.87446311065339,-0.0220881148722834,30.765222528896317,-9.17039944503108,False,True,False,True,False,0.0,0.0,0.0,0.0,0.0,0,1.021691498685364,0.9386503067484656,False,False,False,False,-0.004074108995957209,0.002020068762577233,False,False,False,False,73249.0,-8218.789189238705,False,False,False,False,10739.87783820189,False,False,False,False
2025-07-10 14:00:00+00:00,28.875,28.99,28.765,28.96,15052.0,,,,28.965580110062895,29.145091870840496,29.16146940006554,28.8136202742344,28.756637989032583,28.636512672426033,28.61594056004663,28.5284336215742,28.388768957090285,28.12746954831236,28.048890454455005,27.78439842353704,27.680297277187623,27.392403513120474,27.31731109009809,27.179693481102134,27.219903419819595,27.252649509336873,,,,,,29.2457668955498,29.22946896831409,28.947972803715835,28.814419967528792,28.788920547564594,28.669136493751232,28.626646734963774,28.62579792523635,28.5516499166512,28.3098333227563,27.889570567469473,27.569680276922217,27.347294412957496,27.300912458688288,27.2736324712392,27.23935407146364,27.136728815212486,27.105109321269033,27.15501750583639,27.18838790620552,27.239032687637312,,,,28.947972803715835,28.3098333227563,27.889570567469473,28.556879023171547,#000000,0.6280628949394336,28.872942543487675,0.13861264088960645,31.779819891094782,-9.17039944503108,False,True,False,True,False,0.0,0.0,0.0,0.0,0.0,0,1.01486013986014,0.9409965034965029,False,False,False,False,0.0015669402542514267,0.0017935045084143298,False,False,False,False,88301.0,-6722.358349095469,False,False,False,False,10806.73244536155,False,False,False,False
2025-07-10 15:00:00+00:00,28.96,29.095,28.92,29.075,11292.0,,,,28.968115661410334,29.14137840239561,29.15730063210273,28.81569232647952,28.75882648831427,28.638870571965604,28.618312910724864,28.53083346680666,28.391512987832446,28.130858309469975,28.0523205324887,27.788263776940262,27.684329919447748,27.39690242536438,27.32177067854803,27.184008095212437,27.22344457669174,27.25607912296667,,,,,,29.241099681437763,29.22525136317335,28.94895390733873,28.816546374402485,28.790977036631908,28.671535928180738,28.629003486489456,28.628156733838722,28.554046255169144,28.312804146548192,27.893273131617253,27.57393083081452,27.351817373611677,27.30531192865619,27.27798697718263,27.243692186990906,27.140997974466842,27.109267784959012,27.15883049248394,27.192047619039244,27.24250647941994,,,,28.94895390733873,28.312804146548192,27.893273131617253,28.558487794480843,#000000,0.6016196832243305,28.873980078262417,0.334131224996219,34.31913101768581,-9.17039944503108,False,True,False,True,False,0.0,0.0,0.0,0.0,0.0,0,1.0172338568935428,0.9395724258289697,False,False,False,False,0.03417282625340632,0.017983165380910326,False,False,False,False,99593.0,-5074.058219652128,False,False,False,False,10814.25597334044,False,False,False,False
2025-07-10 16:00:00+00:00,29.085,29.14,29.035,29.065,5508.0,,,,28.970223250114003,29.140427377476218,29.1561232339936,28.816921160186578,28.760075821778276,28.640156202213632,28.61959960375025,28.532112169365842,28.392947115000982,28.132593465502225,28.05407008609722,27.790216092761447,27.686360989626166,27.399154855814597,27.324000980310878,27.18616218660968,27.225214523305812,27.25779423540427,,,,,,29.239417656637116,29.223768580091782,28.949714019637057,28.817807854994175,28.792174654605773,28.672856422606092,28.630285192643758,28.629439272781234,28.555328328872324,28.314344783035455,27.8951495115875,27.57606608406482,27.354080237005448,27.307511762097988,27.280163581997215,27.245859626704775,27.143128336620965,27.111342316836016,27.16073431398831,27.193875896805668,27.244243297409167,,,,28.949714019637057,28.314344783035455,27.8951495115875,28.55952715717694,#000000,0.5743758618103042,28.87487092222877,0.33101857235432486,35.90442117687032,-9.17039944503108,False,True,False,True,True,0.0,0.0,0.0,0.0,0.0,0,1.0168970814132106,0.9468948869870522,False,False,False,False,0.05426972538414984,0.036126445382530084,False,False,False,False,94085.0,-3536.7084798125607,False,False,False,False,10731.988438870045,False,False,False,False
2025-07-10 17:00:00+00:00,29.07,29.2,29.07,29.17,8327.0,,,,28.975108891674733,29.140570184721472,29.155910380197575,28.81922268146257,28.76233597743736,28.642378098623166,28.621810975517583,28.534267899596866,28.39531320269796,28.135388407427076,28.05687492369823,27.793308407185965,27.689566713698145,27.402683266070245,27.32748963276985,27.189523777165714,27.22797987878474,27.260475668114626,,,,,,29.237976373534778,29.222596746628998,28.951426077449263,28.820171313765634,28.79438151533752,28.675160857225077,28.632494309263034,28.631649308263746,28.55749952268849,28.316863987388594,27.89813396338336,27.579425277392286,27.35762171532892,27.310951834789407,27.283565725893396,27.249245416081003,27.146450696694462,27.114576243437703,27.163705087040963,27.196730634039472,27.24695792429949,,,,28.951426077449263,28.316863987388594,27.89813396338336,28.56159343985038,"rgba(38, 166, 154, 0.5)",0.5647686523084728,28.876974620295833,0.5188414380055218,38.753115677109896,-9.17039944503108,False,True,False,True,True,0.060194657119819084,0.0,0.0,0.0,0.0,0,1.0236411842686701,0.941891294741493,False,False,False,False,0.06622197374743907,0.05117420956498458,False,False,False,False,102412.0,-1894.0928444666292,False,False,False,False,10694.701796406942,False,False,False,False
2025-07-10 18:00:00+00:00,29.17,29.22,29.125,29.15,4311.0,,,,28.97779255917842,29.140856278749684,29.156015081356312,28.820467641992053,28.76355106214984,28.64356230464917,28.622988294123527,28.53541125283551,28.396562078649747,28.13685546484658,28.058345709112423,27.7949254195461,27.69124164925396,27.40452352375751,27.32930866253728,27.191275852955258,27.229422065581023,27.26187435722669,,,,,,29.237393971874756,29.222147086591548,28.952382928183663,28.821449571708854,28.79557217471054,28.67639115638134,28.633671104449274,28.632826535772285,28.558652110137118,28.31819091445212,27.89969607504674,27.58117901572855,27.359468426724316,27.31274549192113,27.285339477675855,27.251010441355096,27.148182127670754,27.11626152516547,27.16525379440902,27.198219158080455,27.248373815393112,,,,28.952382928183663,28.31819091445212,27.89969607504674,28.562725097659207,#000000,0.557323987485488,28.87814617915066,0.48778417393422496,40.37730541346754,-9.17039944503108,False,True,False,True,True,0.0,0.0,0.0,0.0,0.0,0,1.0307999113671615,0.9304232218036778,False,False,False,False,0.07567115419505273,0.06342268188001865,False,False,False,False,98101.0,-343.78132749815427,False,False,False,False,10595.729675532417,False,False,False,False
2025-07-10 19:00:00+00:00,29.155,29.235,29.11,29.23,16258.0,,,,28.98861487019239,29.143005400933458,29.15749932781415,28.82544040385563,28.76836831456579,28.648206351514315,28.627598956876223,28.53986718528782,28.40139788817882,28.142493269901728,28.063990321161217,27.80110751103616,27.697637916135363,27.411533817022484,27.33623564229483,27.197944455368884,27.234916359520966,27.26720443024281,,,,,,29.236057909520756,29.22127533195415,28.956358702224673,28.826553814563898,28.800313701235755,28.681226101149274,28.638283132698554,28.63743996729943,28.56314922204548,28.32331441255944,27.905676172157726,27.587868872047405,27.366501437002114,27.31957570824295,27.292093289625672,27.257730025448982,27.15477119069242,27.12267475458863,27.171150503440735,27.203888443797297,27.253768818471237,,,,28.956358702224673,28.32331441255944,27.905676172157726,28.56730980227638,"rgba(38, 166, 154, 0.5)",0.5498420493914373,28.911178349915435,0.5798422482191674,42.908287925273456,-14.608881283343791,False,True,False,True,True,0.8997406438148019,0.0,0.0,0.0,0.0,0,1.0248723073506552,0.9355984898956244,False,False,False,False,0.07567115419505273,0.06954691803753568,False,False,False,False,114359.0,1434.556367501817,False,False,False,False,10683.516812345868,False,False,False,False
2025-07-11 14:00:00+00:00,28.485,28.65,28.415,28.57,3518.0,,,,28.9838101600711,29.137581826056472,29.152030847513544,28.82462981053635,28.767825773664708,28.648017477173603,28.627454300137178,28.53987471558968,28.40158662789199,28.142958250884547,28.064508161537645,27.801819285850012,27.698418841616558,27.412495087617717,27.33720772163568,27.198915459385113,27.235709633913995,27.26796765631887,,,,,,29.23171623612612,29.21711578404462,28.954885035466262,28.82571634068384,28.79965407377815,28.680950068685082,28.63811659329366,28.637275132127627,28.563121364707406,28.323595428545605,27.906315863471683,27.58872841850887,27.36747949809655,27.320538870856616,27.293053057396005,27.258693780947677,27.15574050449063,27.123625165089532,27.17201502586602,27.204713246322303,27.254544039147937,,,,28.954885035466262,28.323595428545605,27.906315863471683,28.56630825671849,"rgba(239, 83, 80, 0.5)",0.5492589192357797,28.903345349213872,-0.6069002023265767,37.92770597384578,-14.608881283343791,False,True,False,True,False,0.0,0.0,0.0,0.0,0.0,0,1.0105877268798618,0.9364736387208291,False,False,False,False,-0.08513386674656677,-0.0077934743545155435,False,False,False,False,110841.0,3130.78029978861,False,False,False,False,10572.423528433528,False,False,False,False
2025-07-11 15:00:00+00:00,28.57,28.59,28.49,28.56,3060.0,,,,28.979730363899957,29.13295675216649,29.1473659325854,28.82393272713862,28.76735951730043,28.647856402007687,28.627331422310384,28.53988337170616,28.40175229622785,28.143363497382953,28.06495923889641,27.802438675628732,27.699098265665462,27.413331116330962,27.33805314278596,27.199759957394082,27.23639973035138,27.268631644223596,,,,,,29.227992975320376,29.213548014886182,28.95361695867548,28.824996237392035,28.799086824138833,28.680713812602598,28.63797480220005,28.637134814771322,28.56309942566447,28.323841116659228,27.906872684085997,27.589476109096037,27.368330110808955,27.321376549905075,27.29388779012112,27.259531979323917,27.15658353729605,27.124451779779854,27.17276702563234,27.20543073631423,27.255218449039038,,,,28.95361695867548,28.323841116659228,27.906872684085997,28.565455289536366,"rgba(239, 83, 80, 0.5)",0.5528961178348187,28.898018612829883,-0.6113600763803333,34.541523653328596,-7.916802712720582,False,True,False,True,False,0.0,0.0,0.0,0.0,0.0,0,1.012097645279758,0.9367033916612653,False,False,False,False,-0.08324016603393601,-0.045516820194225774,False,False,False,False,107781.0,4753.264326148476,False,False,False,False,10455.951845822156,False,False,False,False
2025-07-11 16:00:00+00:00,28.55,28.59,28.495,28.52,2650.0,,,,28.976164706143383,29.12893093601216,29.14330642034297,28.823306579818944,28.766936057037885,28.647701286691287,28.627209962966578,28.539877987846825,28.401883935891046,28.14370365617883,28.065339751851493,27.80296584786485,27.699677689943925,27.414046690087225,27.338777276009196,27.200484121664612,27.236991459992907,27.269200865442695,,,,,,29.22474647538738,29.210435301551033,28.952493835147436,28.824349600302696,28.798575019733637,28.68049213356718,28.637836719823294,28.636998023362825,28.56306701794425,28.324042331649604,27.90734533723259,27.590114795829493,27.369058477942282,27.322094168109228,27.294603058253355,27.26025041753142,27.157306669000036,27.1251609974076,27.173412078319174,27.2060460729578,27.255796657220312,,,,28.952493835147436,28.324042331649604,27.90734533723259,28.564700056404863,"rgba(239, 83, 80, 0.5)",0.5552113630477626,28.894013145495393,-0.6736410138335341,31.999133439878676,-10.485567202620679,False,True,False,True,False,0.0,0.0,0.0,0.0,0.0,0,1.009536194191591,0.9425661031642818,False,False,False,False,-0.08260906547030225,-0.06406294283226402,False,False,False,False,105131.0,6309.508290084159,False,False,False,False,10334.929336584602,False,False,False,False
2025-07-11 17:00:00+00:00,28.52,28.53,28.38,28.42,8725.0,,,,28.962461043854717,29.114062981309758,29.12835485674183,28.820614644358827,28.765005930314203,28.646780625243423,28.626417004248687,28.539528808836963,28.40201832202691,28.144558059164282,28.066344557132314,27.804479512282295,27.701371024876686,27.41620410849626,27.3409730453959,27.202699464475543,27.23879857891404,27.27093592921207,,,,,,29.21287678812886,29.199021748336616,28.948035574025603,28.821572736501597,28.79632265656472,28.679310146310073,28.636981769573858,28.636147778250766,28.562614077668844,28.324415425248556,27.90866996807361,27.592008143780188,27.37126214276249,27.324272793853087,27.29677862379847,27.262440446778143,27.15952413513431,27.127339534650254,27.17538888221831,27.20792855416919,27.257560538824272,,,,28.948035574025603,28.324415425248556,27.90866996807361,28.56159896731416,"rgba(239, 83, 80, 0.5)",0.5599434334362229,28.881429734361525,-0.8240649087173909,29.589381259181003,-12.971835676476715,False,True,False,True,False,0.0,0.0,0.0,0.0,0.0,0,1.0008659883091577,0.9469582160640824,False,False,False,False,-0.1047403287893752,-0.08440163581081961,False,False,False,False,96406.0,7706.353122796033,False,False,False,False,10309.969191831353,False,False,False,False
2025-07-11 18:00:00+00:00,28.425,28.46,28.22,28.24,6224.0,,,,28.950646331261783,29.101762961331204,29.116022420547843,28.818030328246536,28.76306405672068,28.645691137479336,28.625436374112475,28.538929564573696,28.401798300411762,28.144887142304967,28.06679941173833,27.80532486585854,27.702352632264613,27.417533549220213,27.342340544479285,27.204101409393868,27.239938498568595,27.272026595241325,,,,,,29.203162499813416,29.189649918695615,28.944054331825356,28.81890961367471,28.794117954724182,28.677989976154215,28.63594927774965,28.63511912178636,28.561925252354033,28.324375914579964,27.909370387922078,27.5931376430199,27.372628923036476,27.32563258626977,27.298141150882195,27.26381753056678,27.16093340670684,27.12872827010255,27.17664369293212,27.209119761470994,27.258670955699277,,,,28.944054331825356,28.324375914579964,27.909370387922078,28.558740296766047,"rgba(239, 83, 80, 1.0)",0.5691576833076807,28.87218027160324,-1.1107295748505128,26.835776072594147,-15.796602094599933,False,True,False,True,False,0.0,0.0,0.0,0.0,0.0,0,0.9967602591792657,0.949892008639308,False,False,False,False,-0.13398697528627976,-0.10919430554854968,False,False,False,False,90182.0,8985.045322442606,False,False,False,False,10246.620832268076,False,False,False,False
2025-07-11 19:00:00+00:00,28.235,28.24,28.0,28.01,22354.0,,,,28.897937001180818,29.048930516652014,29.06320274889715,28.80499724632242,28.752875850738118,28.639294845342988,28.61953022807727,28.534757267334065,28.399180719821562,28.144441603830803,28.066911046172102,27.806995566735488,27.704558790792976,27.421084626279228,27.346090137368353,27.208093382212162,27.243159651685627,27.27508346002885,,,,,,29.161646762348912,29.149436447836763,28.925283532645345,28.80549484503562,28.78280657553804,28.67051865784472,28.629814217561325,28.62900050398925,28.557343499309706,28.32246400502813,27.910463047776812,27.59590448437237,27.37633915222958,27.329380733787616,27.30192761773888,27.267680814395405,27.164985414001443,27.13274860035474,27.18024140648303,27.21251061142405,27.261794017970203,,,,28.925283532645345,28.32246400502813,27.910463047776812,28.54495160044739,"rgba(239, 83, 80, 1.0)",0.5844278637502034,28.836497598387687,-1.4141995097293105,23.816532597279462,-18.854169283878658,False,True,False,True,False,0.0,0.0,0.0,0.0,0.0,0,0.9828510182207932,0.959056806002143,False,False,False,False,-0.19062342314316233,-0.149908864345856,False,False,False,False,67828.0,9897.339193412488,False,False,False,False,10434.332137194153,False,False,False,False
2025-07-14 14:00:00+00:00,27.99,28.13,27.9,28.095,10803.0,,,,28.873506056924533,29.024295751530417,29.038561396535904,28.79850890996872,28.7477612372665,28.63602780049308,28.6165036202812,28.53258460045027,28.397766232786427,28.144083350596137,28.066828942732347,27.807675130096634,27.705499549181486,27.42268008953817,27.347786987294853,27.209918391862416,27.244630769463413,27.27647677562923,,,,,,29.141933962341003,29.13031291847372,28.916068002858896,28.798821717519306,28.777150182081428,28.666723415238323,28.626675537866394,28.62586984431487,28.55496869174907,28.32139175978038,27.91086009934276,27.59711710258687,27.378013486002367,27.331079468137247,27.30364756418788,27.269440087076752,27.166842623084133,27.13459475825507,27.181890110350878,27.214061937602008,27.263218717137374,,,,28.916068002858896,28.32139175978038,27.91086009934276,28.538299832519865,"rgba(239, 83, 80, 1.0)",0.5949176640735472,28.792498323968402,-1.1724283309936732,23.577799671067524,-19.386728019160063,False,True,False,True,False,0.0,0.0,0.0,0.0,0.0,0,0.9799701683358193,0.9637758363520129,False,False,False,False,-0.218064334668744,-0.1839865995073,False,False,False,False,78631.0,10962.977345452606,False,False,False,False,10440.047918012848,False,False,False,False
2025-07-14 15:00:00+00:00,28.105,28.135,28.0,28.06,7641.0,,,,28.857512635774718,29.007983456213722,29.02222964398936,28.794125332303025,28.74430592985815,28.633828365661135,28.614468082674065,28.531131883332552,28.396837614376,28.143888848475488,28.066824745097264,27.808201110195334,27.706207752690638,27.42384597477034,27.349022376459196,27.211240487150185,27.24569839348771,27.277489176601758,,,,,,29.128691777757748,29.1174620990264,28.909835901686993,28.794315057960166,28.77332652671645,28.664165748797597,28.62456343117212,28.62376323266285,28.55337790255886,28.32070113901981,27.911189324793874,27.598015625257865,27.379234127822922,27.33231539846445,27.304897576588544,27.270717058550403,27.168186399729223,27.135929504167112,27.18308398328799,27.21518653293555,27.26425338370648,,,,28.909835901686993,28.32070113901981,27.911189324793874,28.533878126722087,"rgba(239, 83, 80, 1.0)",0.6070171495266995,28.783772484941494,-1.1923427295354534,23.194474075999203,-20.201188464916907,False,True,False,True,False,0.0,0.0,0.0,0.0,0.0,0,0.982321618743344,0.9669861554845574,False,False,False,False,-0.20430594237984898,-0.1941462709435745,False,False,False,False,70990.0,11893.628859476596,False,False,False,False,10396.651826260711,False,False,False,False
2025-07-14 16:00:00+00:00,28.06,28.195,28.045,28.165,6844.0,,,,28.844933933666574,28.994886704647342,29.00909590644034,28.79061593439037,28.74155646059718,28.632113346129906,28.612888228880504,28.53003259003058,28.396184775964105,28.14386931007896,28.066964606948797,27.80879832908104,27.706963018333706,27.425000284596774,27.350233130949366,27.21251802237438,27.24673380243083,27.278474181350774,,,,,,29.117866848864157,29.106960341792767,28.90478695736068,28.79070815401472,28.77027142080237,28.662158744927925,28.62292004810611,28.622124447140017,28.55216476034039,28.320254184437843,27.91161667987247,27.59893770171587,27.38043499919632,27.3335243116263,27.306116515294,27.27195785376558,27.16948028448155,27.137211612424824,27.18423525075376,27.216274070087884,27.26525868075442,,,,28.90478695736068,28.320254184437843,27.91161667987247,28.53038693738259,"rgba(239, 83, 80, 0.5)",0.6163558846772509,28.777911649699263,-0.9944119378696438,25.252247276577076,-20.201188464916907,False,True,False,True,False,0.0,0.0,0.0,0.0,0.0,0,0.9997820876007846,0.9627369797341462,False,False,False,False,-0.19062342314316152,-0.192384847043368,False,False,False,False,77834.0,12915.960194988585,False,False,False,False,10341.57195298535,False,False,False,False
2025-07-14 17:00:00+00:00,28.165,28.27,28.155,28.195,4088.0,,,,28.838364908287875,28.98788616473128,29.002062969172542,28.788764699070217,28.740118623572037,28.631241433447382,28.612090294575246,28.529497471933258,28.395902951322576,28.143951651022164,28.067135586567876,27.80923215891958,27.707488199971884,27.425757396692717,27.351020432371485,27.213338577121885,27.247400920429556,27.279110595420924,,,,,,29.11197608949137,29.10124861813574,28.902080289744006,28.788805896381756,28.768664778782625,28.661129175988012,28.62208709878797,28.621294056463977,28.55156739780755,28.320091121068653,27.91195281160311,27.599560390286296,27.381218428742464,27.33430908742062,27.30690569920219,27.272758699995006,27.170308729151717,27.138030754463617,27.18497332329389,27.216973019923355,27.2659074376479,,,,28.902080289744006,28.320091121068653,27.91195281160311,28.5285677934854,"rgba(239, 83, 80, 0.5)",0.6274093524129173,28.775293122926332,-0.9249035270108993,27.282216036980707,-20.201188464916907,False,True,False,True,True,0.0,0.0,0.0,0.0,0.0,0,1.000436776588775,0.9593797772439391,False,False,False,False,-0.16668341187003263,-0.17953412945670033,False,False,False,False,81922.0,13985.821277236824,False,False,False,False,10244.617349063097,False,False,False,False
2025-07-14 18:00:00+00:00,28.18,28.215,28.13,28.175,6516.0,,,,28.827631339289624,28.97651595290785,28.99064502544368,28.78567050661317,28.737700506713516,28.629750493985146,28.610720861702113,28.528560488884587,28.39537664796754,28.14401293043522,28.067342353284957,27.809863869511407,27.70826727958928,27.426909772887427,27.352223579588003,27.21459989427399,27.24842546406691,27.28008680541595,,,,,,29.102402479938224,29.091959129377116,28.897604434712825,28.785627151307246,28.765971975503273,28.65937803543259,28.620660321813048,28.619871451584807,28.550527889584682,28.319756075000786,27.912426583630133,27.6004959306159,27.38241379392868,27.335509370018798,27.308114254686554,27.273986902564506,27.171584098309285,27.13929317564059,27.18610925125968,27.21804760820029,27.266903092197097,,,,28.897604434712825,28.319756075000786,27.912426583630133,28.525549588593147,"rgba(239, 83, 80, 0.5)",0.6380765931598181,28.770190236864227,-0.9327880747306305,28.421001652321817,-20.201188464916907,False,True,False,True,True,0.0,0.0,0.0,0.0,0.0,0,0.9951859956236324,0.9643326039387303,False,False,False,False,-0.17701106823001694,-0.17827259884335864,False,False,False,False,75406.0,14938.072110147881,False,False,False,False,10186.80932814739,False,False,False,False
2025-07-14 19:00:00+00:00,28.175,28.23,28.07,28.09,13242.0,,,,28.805475707959904,28.95316478593238,28.967203883182293,28.77903901827002,28.732476886276526,28.62646543472113,28.607690906477334,28.52644099285259,28.394107467304817,28.143953787543847,28.06758929639687,27.810988667930868,27.709695767439367,27.429105428230802,27.354529368411413,27.217037597552885,27.250403377292955,27.28196820993135,,,,,,29.082656253674017,29.07277837840822,28.888141581949302,28.778817233230686,28.760179257104017,28.65554392655893,28.61751036681223,28.61673018248145,28.54819219678333,28.318879757885,27.91322508877645,27.602244680009978,27.384699478785585,27.337812452637742,27.31043746700653,27.276352828827,27.1740542866174,27.141742124788152,27.188308714388512,27.220125269089802,27.268823362038773,,,,28.888141581949302,28.318879757885,27.91322508877645,28.519167660238463,"rgba(239, 83, 80, 1.0)",0.6508705051038313,28.758347262143182,-1.0268513581462158,28.265363579769094,-20.201188464916907,False,True,False,True,True,0.0,0.0,0.0,0.0,0.0,0,0.997594050743657,0.9595363079615041,False,False,False,False,-0.18283670234785285,-0.18055465059560574,False,False,False,False,62164.0,15670.257038672718,False,False,False,False,10234.176625385415,False,False,False,False
2025-07-15 14:00:00+00:00,28.235,28.37,28.01,28.02,5149.0,,,,28.797276752505276,28.944464493781165,28.958465172494037,28.776509576623127,28.730481012505365,28.625208207072703,28.606531180701392,28.52562980381311,28.39362342014193,28.143936386558703,28.067689893037784,27.811428449354,27.71025299348308,27.429959528003895,27.355426098775975,27.21798541650637,27.251172977263643,27.282700392045655,,,,,,29.075219119737618,29.06555075510584,28.884540659811044,28.776220728156517,28.75796698205028,28.65407739249366,28.616304736564068,28.615527877593724,28.54729816353003,28.318547168534845,27.913538748088634,27.602925821365627,27.38558842982373,27.33870813161551,27.311340938723315,27.277272843083576,27.175014693568727,27.142694305444596,27.189164202664138,27.22093354006625,27.26957061297015,,,,28.884540659811044,28.318547168534845,27.913538748088634,28.516768619804143,"rgba(239, 83, 80, 1.0)",0.6649034882209233,28.75395721338888,-1.1038552607878827,27.448851652134007,-20.201188464916907,False,True,False,True,True,0.0,0.0,0.0,0.0,0.0,0,1.0026098303610267,0.9495432796868197,False,False,False,False,-0.17248824566767154,-0.17652144813163864,False,False,False,False,57015.0,16311.260805515001,False,False,False,False,10155.336677705021,False,False,False,False
2025-07-15 15:00:00+00:00,28.025,28.155,28.015,28.065,1750.0,,,,28.794308435175143,28.941351742096604,28.95534148547602,28.77558126786439,28.729743495791535,28.62473475325297,28.606092649461864,28.525316318847874,28.393424639200024,28.143899875184363,28.067695425245798,27.811552154207014,27.710417468755445,27.43022667913281,27.355708887135396,27.218287777898496,27.25141794845803,27.282932882031247,,,,,,29.072571854974424,29.06297610638196,28.883235585045153,28.775267908016243,28.75715275086933,28.653528386889718,28.61584983554562,28.61507415481751,28.546954929171797,28.318400915655754,27.913618523615543,27.60313296049956,27.385867891101327,27.33899105021454,27.311627036094915,27.27756501983199,27.175321962544135,27.142999564431083,27.189437689781744,27.221191382952647,27.26980813569908,,,,28.883235585045153,28.318400915655754,27.913618523615543,28.51588894488167,"rgba(239, 83, 80, 1.0)",0.6777523930654983,28.752255169922716,-1.0140210155721248,28.200757919976585,-20.201188464916907,False,True,False,True,True,0.0,0.0,0.0,0.0,0.0,0,1.0043497172683775,0.9534580252283594,False,False,False,False,-0.1997369577221535,-0.18812920292689606,False,False,False,False,58765.0,16969.45831240624,False,False,False,False,10025.021380376262,False,False,False,False
2025-07-15 16:00:00+00:00,28.07,28.12,28.025,28.05,1729.0,,,,28.791345543078734,28.93825106257585,28.95223039146339,28.77464902742631,28.729001584511554,28.624256390282092,28.60564916705853,28.52499780087315,28.393220189412098,28.14385651424834,28.067694041750336,27.8116681592689,27.710573942177923,27.430484982699323,27.355982913660288,27.218581674271885,27.251655937276826,27.28315860050371,,,,,,29.069935238297038,29.060411240514608,28.881929023348366,28.774311112167247,28.75633444061296,28.652974446912292,28.61539001834596,28.61461551166574,28.54660667211919,28.31824857691363,27.91369089198029,27.603331699507024,27.386138465341133,27.339265324199825,27.311904578765,27.277848678143354,27.175620859591014,27.143296668247732,27.189703679313343,27.221442019075063,27.270038803473273,,,,28.881929023348366,28.31824857691363,27.91369089198029,28.515006907460464,"rgba(239, 83, 80, 1.0)",0.6906137106204896,28.750536110425077,-1.0143675105952823,28.511141523281044,-20.201188464916907,False,True,False,True,True,0.0,0.0,0.0,0.0,0.0,0,1.0022050716648292,0.966482910694597,False,False,False,False,-0.2029996674805698,-0.19556443520373293,False,False,False,False,57036.0,17590.64500523715,False,False,False,False,9896.4008938588,False,False,False,False
2025-07-15 17:00:00+00:00,28.05,28.105,28.015,28.065,2380.0,,,,28.7872876890616,28.93400247971529,28.947967349839434,28.77336376638705,28.72797792154864,28.623595334003785,28.605036136737983,28.52455690345189,28.39293632264389,28.143794385292427,28.067689786217993,27.811825569942467,27.710787081367773,27.43083833253437,27.35635799829184,27.218984302543742,27.25198196392007,27.28346776929716,,,,,,29.066316413063696,29.05689039313707,28.880130016734732,28.772992104276742,28.75520576547474,28.652209328708487,28.61475450005143,28.613981609216435,28.54612480009975,28.318036423052643,27.913788203199978,27.60360301459209,27.38650873618846,27.339640796034896,27.312284597486425,27.278237152809375,27.1760304276663,27.143703846112057,27.19006816118023,27.22178541849373,27.270354772603167,,,,28.880130016734732,28.318036423052643,27.913788203199978,28.51379413191272,"rgba(239, 83, 80, 0.5)",0.7030965935200687,28.74818045404664,-0.9716736794673979,29.219526382746608,-20.201188464916907,False,True,False,True,True,0.0,0.0,0.0,0.0,0.0,0,1.0024314765694076,0.9641909814323603,False,False,False,False,-0.2062666464021194,-0.20091554080292617,False,False,False,False,59416.0,18239.100121435025,False,False,False,False,9779.86754666719,False,False,False,False
2025-07-15 18:00:00+00:00,28.075,28.16,28.065,28.075,3469.0,,,,28.78176151613906,28.928152049799145,28.942091896214126,28.77159915109467,28.726576996404745,28.622700120587226,28.60420793898335,28.523968862760615,28.39257121590734,28.143746185694535,28.067723002127856,27.812089799353373,27.711131171291928,27.431383907800146,27.356933668928114,27.219597134916054,27.25247917413512,27.283940138847235,,,,,,29.061287524309446,29.05199873070888,28.877644090729962,28.771181424045356,28.753657770388998,28.65116982099972,28.61389482009555,28.61312420164136,28.545479593422108,28.317773966023257,27.91396651937846,27.60403094472928,27.387078303701696,27.340216389804684,27.31286610786653,27.278830361769206,27.17665253085641,27.14432144379302,27.190622211948227,27.222308264133193,27.270837154230854,,,,28.877644090729962,28.317773966023257,27.91396651937846,28.512141172513214,"rgba(239, 83, 80, 0.5)",0.7151927416140094,28.74510442171667,-0.9369564073097449,30.05412713746474,-23.47967247175173,False,True,False,True,True,0.0,0.0,0.0,0.0,0.0,0,1.0024325519681558,0.9621848739495793,False,False,False,False,-0.1925736416568203,-0.19674459122987326,False,False,False,False,62885.0,18931.28461567634,False,False,False,False,9682.024638966923,False,False,False,False
2025-07-15 19:00:00+00:00,28.075,28.12,27.91,27.925,16942.0,,,,28.75165595031001,28.89691046777018,28.910764578636186,28.761659043703492,28.718584524950053,28.617419361566025,28.599288176589468,28.52034753646293,28.3901053188426,28.142897473312406,28.067309747269974,27.812860642947545,27.712308551160312,27.43357957666288,27.359299246651577,27.22218854197455,27.254570749353302,27.285915282774262,,,,,,29.03461027044768,29.026008569889502,28.863965125965667,28.760985055465945,28.74488972444746,28.645101132714363,28.60880681960175,28.608048199933624,28.541548567263515,28.31582908418616,27.914297178630836,27.60562818106693,27.389400352594215,27.34259141919358,27.31528068639812,27.281311221459777,27.17930186961046,27.146964679837964,27.192977470627124,27.224519430127188,27.272859356018213,,,,28.863965125965667,28.31582908418616,27.914297178630836,28.502873171325387,"rgba(239, 83, 80, 1.0)",0.7298024414890032,28.726838649997916,-1.0987064504223056,28.398921966257678,-23.47967247175173,False,True,False,True,False,0.0,0.0,0.0,0.0,0.0,0,0.994945054945055,0.9632967032967028,False,False,False,False,-0.218064334668744,-0.20740446294930864,False,False,False,False,45943.0,19350.070900704617,True,False,False,False,9794.58239650232,True,False,False,False
2025-07-16 14:00:00+00:00,27.895,28.08,27.785,28.045,7291.0,,,,28.73914900224066,28.88388287232396,28.897696910348543,28.757377081854262,28.715128487557877,28.615120340205063,28.597143819145387,28.518760782942838,28.38901432392122,28.142500583247216,28.067100991846534,27.813161541873736,27.71278442702755,27.434493574661158,27.360287524841315,27.223276539157816,27.255448779237266,27.286743701124227,,,,,27.97,29.02337411143215,29.015053728252706,28.858108287580755,28.75659473518333,28.74110438016114,28.64246479011542,28.606590401776852,28.60583691660011,28.53982862917233,28.31496144958593,27.914408543460677,27.60628442273633,27.390369078722593,27.34358439801386,27.316291316464937,27.282350860276747,27.180415549602184,27.148076820264333,27.19396764975474,27.225448374146808,27.273707835152464,,,27.97,28.858108287580755,28.31496144958593,27.914408543460677,28.51348588551425,"rgba(239, 83, 80, 0.5)",0.7399820913341096,28.687468145509268,-0.8682212083686562,31.251110022150414,-22.16854288632847,False,True,False,True,True,0.0,1.0,28.08,27.785,0.0,1,0.9921585711174036,0.9636244826835109,True,False,False,False,-0.23985218681144993,-0.2236283248803793,False,False,False,False,53234.0,19875.403134802218,False,False,False,False,9755.767165548794,False,False,False,False
2025-07-16 15:00:00+00:00,28.045,28.21,28.0,28.17,4459.0,,,,28.73321359543318,28.877429604698168,28.891202119828495,28.755297620984155,28.713471643059563,28.614061844924855,28.59616538321798,28.51807062572863,28.388598314756248,28.142478385390923,28.0671790392474,27.813528251566513,27.713251334288138,27.435214105716028,27.36104525609272,27.22407964930351,27.25610220148188,27.287365297005262,,,,,28.029453333333333,29.017623233722297,29.009452998268497,28.855189274302074,28.754463666065522,28.739274181732515,28.641235860057428,28.60557419023246,28.604823444971,28.539069646531104,28.31467298124384,27.914667755321503,27.606856973200188,27.39111963811731,27.34434162683646,27.317055616471738,27.283129638869273,27.1812299398202,27.148884861418317,27.19469397930814,27.226134656360717,27.274342253983498,,,28.029453333333333,28.855189274302074,28.31467298124384,27.914667755321503,28.51397793315623,"rgba(239, 83, 80, 0.5)",0.7443640371616076,28.687336681760776,-0.6950049383544522,36.442947312942074,-17.389254728588043,False,True,False,True,True,0.0,0.0,0.0,0.0,0.0,1,1.0045553145336226,0.9561822125813443,False,False,False,False,-0.19452530825437167,-0.20907681656737548,False,False,False,False,57693.0,20461.722466045594,False,False,False,False,9673.646744377495,False,False,False,False
2025-07-16 16:00:00+00:00,28.17,28.275,28.12,28.275,2687.0,,,,28.730253357878674,28.87408760047082,28.887829121228183,28.754242817810628,28.712641455773934,28.61355227464994,28.595698730967612,28.517758332488796,28.3884405456566,28.14254663383308,28.067302237268475,27.813816906686945,27.71359785475702,27.435708174898295,27.36155870285796,27.224614673139314,27.256539151089857,27.287782518089664,,,,,28.065538085013046,29.014565374993914,29.006477809719524,28.853673405856107,28.753383094804352,28.738349756935577,28.640636718408185,28.605087082078104,28.60433784119235,28.53872051767331,28.31458873536829,27.914894736299548,27.60726543371069,27.39163053122804,27.344853522823403,27.31757039731924,27.28365193872669,27.18177012413367,27.149419219668445,27.195176462038106,27.226592045015455,27.274767407435085,,,28.065538085013046,28.853673405856107,28.31458873536829,27.914894736299548,28.51448084111252,"rgba(239, 83, 80, 0.5)",0.7495051039856958,28.68776677241478,-0.5507190947997309,42.18870252618116,-12.328818400164451,False,False,False,True,True,0.0,0.0,0.0,0.0,0.0,0,1.010391859709894,0.953236631305477,False,False,False,False,-0.17055204062785126,-0.18981442859761338,False,False,False,False,60380.0,21080.61048982783,False,False,False,False,9565.326639813502,False,False,False,False
2025-07-16 17:00:00+00:00,28.275,28.33,28.22,28.23,2885.0,,,,28.727340162450094,28.87073719136737,28.88444305068206,28.753192830970065,28.71181977936285,28.61305790355288,28.59524819991331,28.517465428984654,28.388309030295474,28.142652983551393,28.067465330859232,27.814154089061834,27.713996111174684,27.436262625379484,27.362132731194873,27.225209551176523,27.257025635661176,27.28824761022774,,,,,28.097925951583726,29.011459228386393,29.0034567473466,28.8521481175396,28.752307702090505,28.737431295960572,28.640051692182457,28.604615560764273,28.603867872935393,28.538390001285162,28.31453472954019,27.915166999055007,27.607729456772567,27.392202525554186,27.345425388774768,27.318144809135685,27.28423393715819,27.182369886247344,27.150011931215435,27.195712450905756,27.227100719343866,27.275241094632705,,,28.097925951583726,28.8521481175396,28.31453472954019,27.915166999055007,28.51484951963583,"rgba(239, 83, 80, 0.5)",0.7572796857979429,28.68810464683876,-0.604934551170557,44.97229631002236,-10.08148724393547,True,False,False,True,True,0.0,0.0,0.0,0.0,0.0,0,1.0147218012556831,0.9515046546871613,False,False,False,False,-0.1506158596180146,-0.170215144107814,False,False,False,False,57495.0,21645.174668280113,False,False,False,False,9461.755684157477,False,False,False,False
2025-07-16 18:00:00+00:00,28.23,28.28,28.185,28.265,5295.0,,,,28.721898904522394,28.864516944122503,28.87815915056514,28.751212562431093,28.710264103427612,28.612111481692935,28.594383502091294,28.51689488771589,28.38803708954515,28.14282002129188,28.067738098655408,27.814748529944023,27.714703278823904,27.437257750489366,27.363164849751193,27.226282030520867,27.257902464747755,27.289085442197397,,,,,28.131968136062845,29.00569941003034,28.997852296098465,28.849290746761497,28.750279715868245,28.735696211584127,28.638935744764044,28.603711803895475,28.60296699850784,28.53774922643834,28.314405679425448,27.915641484001334,27.60855767229724,27.39323025526291,27.346454015452263,27.319178615681952,27.285282093412828,27.183451930657863,27.151081813605852,27.196679395045816,27.228017972307846,27.276094600877496,,,28.131968136062845,28.849290746761497,28.314405679425448,27.915641484001334,28.514467440330687,"rgba(239, 83, 80, 0.5)",0.7644109608821859,28.687294399780324,-0.5524441974157003,47.63095711527245,-7.829749258723886,True,False,False,False,True,0.0,0.0,0.0,0.0,0.0,0,1.0143229166666665,0.954210069444444,False,False,False,False,-0.16153289884930017,-0.16587402147855707,False,False,False,False,62790.0,22283.078936988946,False,False,False,False,9397.154820837206,False,False,False,False
2025-07-16 19:00:00+00:00,28.265,28.395,28.265,28.36,18173.0,,,,28.70771109907258,28.847256623787697,28.860644602079905,28.7458031554656,28.706091829618757,28.609741662880765,28.592256199536177,28.515640268508744,28.387729812950777,28.14393644084779,28.06917970978091,27.81723359801445,27.71755725289894,27.441061891035623,27.367075909226767,27.23029399383512,27.261194060675194,27.292239989585212,,,,,28.224651712020922,28.988996977817546,28.981616077661254,28.841217132819654,28.744744799952294,28.730983974258162,28.63607731693239,28.601466978721522,28.600731004057057,28.536286205761325,28.314563906558462,27.917736909366482,27.61181423673209,27.39713768825224,27.350345097709624,27.323078548372088,27.289223338957793,27.187486075690543,27.1550614617516,27.200289770331455,27.231452058072982,27.279304131355403,,,28.224651712020922,28.841217132819654,28.314563906558462,27.917736909366482,28.51359421005481,#000000,0.7699316279458988,28.68625985852834,-0.42375172896685775,51.43384595688517,-4.449151651137235,True,False,True,False,True,0.0,0.0,0.0,0.0,0.0,0,1.021772262138036,0.9475288482473325,False,False,False,False,-0.13654025037442816,-0.1512071359264926,False,False,False,False,80963.0,23192.845155020124,False,False,False,False,9533.214436018025,False,False,False,False
2025-07-17 14:00:00+00:00,28.255,28.48,28.25,28.46,4734.0,,,,28.704729782170897,28.843426917373154,28.856744097669257,28.744610830970775,28.70518621067283,28.609259361794294,28.59183104921772,28.515420863143984,28.387744679699654,28.144308646837622,28.069630794662302,27.81794684672643,27.71836372472508,27.442109734112744,27.368148629974982,27.2313874801261,27.26209309112225,27.293102905949798,,,,,28.242539393140618,28.98515072457805,28.977879335006616,28.839388884690017,28.743525850192693,28.729950069399173,28.6354824579129,28.60101384828578,28.600280003249303,28.53601764206182,28.314695913845096,27.918352163374223,27.612723450116512,27.398211127636447,27.351411463991283,27.324145917610295,27.290300294479994,27.188583782044788,27.156143143089725,27.201273094832242,27.23238869586411,27.28018152213711,,,28.242539393140618,28.839388884690017,28.314695913845096,27.918352163374223,28.513339203656013,#000000,0.7740693336730529,28.686075713025012,-0.29206132214572383,55.78405130265173,-0.5689133254031162,True,False,True,False,True,0.0,0.0,0.0,0.0,0.0,0,1.0229685807150597,0.938461538461538,False,False,False,False,-0.1276113036083613,-0.13940921976742693,False,False,False,False,85697.0,24161.90181928338,False,False,False,False,9458.808010653403,False,False,False,False
2025-07-17 15:00:00+00:00,28.46,28.645,28.435,28.59,4470.0,,,,28.7034017792528,28.84114389195236,28.854380887780902,28.744006730520315,28.70477689893059,28.609147195280677,28.59175902331613,28.515492559995998,28.388009599957325,28.14488127983818,28.07026341042231,27.818804461500516,27.719302675878723,27.443262523685423,27.369316730040637,27.23255961712289,27.26306020849236,27.294034416899073,,,,,28.270625741755683,28.98253956633471,28.975353855646322,28.83829525554278,28.74291000849621,28.729445534040114,28.63529797957319,28.600921393041776,28.60018917866275,28.53605507826895,28.315062708890665,27.91912550276153,27.61375485256923,27.39938467494131,27.352570192735367,27.325301878088332,27.29146205414101,27.189755477050813,27.157294283714396,27.202324176873994,27.233393068040062,27.281127262904945,,,28.270625741755683,28.83829525554278,28.315062708890665,27.91912550276153,28.51404768790566,#000000,0.7767596820145307,28.68757489032931,-0.12561786172558254,60.61109589910053,3.7287665037022393,True,False,True,False,True,0.0,0.0,0.0,0.0,0.0,0,1.0314858744878155,0.9301272374379983,False,False,False,False,-0.08324016603393601,-0.11132469290068148,False,False,False,False,90167.0,25185.23667479836,False,False,False,False,9381.462150023117,False,False,False,False
2025-07-17 16:00:00+00:00,28.59,28.615,28.43,28.52,6109.0,,,,28.701201071195662,28.837705190888567,28.85083803087771,28.743034303439288,28.70408980971387,28.608892952998044,28.591563362008163,28.515507192765792,28.388295460141734,28.14559501177517,28.071063311129496,27.819917875756552,27.720529018303896,27.444784747350113,27.37086247666919,27.234115933720208,27.26434390342204,27.29527003526038,,,,,28.297961338965834,28.978732939529642,28.971666480407045,28.836630183647504,28.74191795361127,28.728622014523754,28.63493564836708,28.60069621934888,28.59996633174948,28.53601951570875,28.315489841800538,27.920121518607818,27.61510860894295,27.400936293530226,27.354104263767614,27.326833383939334,27.29300252224257,27.191312632615343,27.158825180532716,27.203720967505937,27.234727008067825,27.28238210762063,,,28.297961338965834,28.836630183647504,28.315489841800538,27.920121518607818,28.51443970309046,#000000,0.7800774794041845,28.688658532342988,-0.216207411181525,61.72703780473159,4.669613943486311,True,False,True,False,True,0.0,0.0,0.0,0.0,0.0,0,1.0291765722930626,0.9386211368057054,False,False,False,False,-0.08765975126739509,-0.09949222208403828,False,False,False,False,84058.0,26097.99269534412,False,False,False,False,9330.726302735937,False,False,False,False
2025-07-17 17:00:00+00:00,28.52,28.63,28.505,28.61,2724.0,,,,28.70055910111651,28.836482216326583,28.849566019809355,28.742720218866605,28.703885318343378,28.608857715965645,28.591551058719002,28.51557703573859,28.388479697013988,28.145963029929142,28.07146644474585,27.82045556169681,27.721115499374434,27.445499862528163,27.371586254263704,27.23484096599385,27.264942733460956,27.2958471113351,,,,,28.31109839019498,28.977275929438314,28.970258193557573,28.836033724491287,28.741598184487266,28.728362758984265,28.634860016984803,28.600672142026145,28.599943203470264,28.536069767604754,28.315734991545042,27.920608773265624,27.615750813110143,27.401663743350724,27.354822093830595,27.32754924743388,27.29372165597044,27.192037056518856,27.159536704060113,27.204371153896908,27.235348610702403,27.28296787453419,,,28.31109839019498,28.836033724491287,28.315734991545042,27.920608773265624,28.51476779974785,#000000,0.781710949781773,28.689417584532556,-0.10159456581070989,63.8513758120881,6.751754646414916,True,False,True,False,True,0.0,0.0,0.0,0.0,0.0,0,1.0311553440069234,0.940501947209,False,False,False,False,-0.0763015859917761,-0.08789690403790719,False,False,False,False,86782.0,27038.830017896922,False,False,False,False,9228.296437577239,False,False,False,False
2025-07-17 18:00:00+00:00,28.595,28.65,28.585,28.63,3477.0,,,,28.700021960742852,28.835180442317377,28.848199578666623,28.742420214446756,28.703710392320755,28.60887884137824,28.591598771161518,28.515719798974153,28.388762939743405,28.146474921360344,28.07202036372843,27.821176785979635,27.721897685354133,27.44644344222812,27.37253934777695,27.23579273931302,27.265729504802284,27.29660584887898,,,,,28.32843027734977,28.97561809629159,28.96865884179599,28.835395514790434,28.741293492405745,28.728123034781696,28.63483615019688,28.600705993877114,28.599978192087192,28.53618987909497,28.31609422186167,27.92126724915034,27.616603198993307,27.402622413853106,27.355766970112075,27.328490918715097,27.294666887829088,27.192987223105874,27.160469398063984,27.205224258489416,27.236164759643657,27.28373780440671,,,28.32843027734977,28.835395514790434,28.31609422186167,27.92126724915034,28.515306145594305,#000000,0.7804383441430354,28.690601149422434,-0.07765014350874683,65.56451504138234,8.550558524572793,True,False,True,False,True,0.0,0.0,0.0,0.0,0.0,0,1.034056399132321,0.939045553145336,False,False,False,False,-0.06370427972949401,-0.0758005918837006,False,False,False,False,90259.0,28018.987692038056,False,False,False,False,9139.129050948133,False,False,False,False
2025-07-17 19:00:00+00:00,28.63,28.735,28.62,28.69,11310.0,,,,28.69962425813324,28.832212894848997,28.845013787990272,28.741934375073644,28.70355888564516,28.609267246232935,28.5920605516487,28.51644302417403,28.38991566223275,28.1483416931225,28.07401031043968,27.823689003707855,27.724601649881127,27.4496584438168,27.375777980034208,27.239013300483403,27.26839538417515,27.29917936101375,,,,,28.382701252479148,28.97122708191627,28.96443875273571,28.83392105448387,28.74080478016335,28.727785977208807,28.63511010423105,28.601128406156114,28.60040393462676,28.53685087741146,28.317485212720918,27.92358336796241,27.61953080468317,27.405883357723926,27.35897595616675,27.331686214282172,27.297870855941433,27.196198645567925,27.163619295740276,27.208109397885856,27.23892757750314,27.286348159367748,,,28.382701252479148,28.83392105448387,28.317485212720918,27.92358336796241,28.51744456580907,#000000,0.7800644290782833,28.695140990199185,-0.006590468694051911,67.59681763357345,10.71501449348991,True,False,True,False,True,0.0,0.0,0.0,0.0,0.0,0,1.0391219300152141,0.9332753749184955,False,False,False,False,-0.04861376938220796,-0.06220718063295428,False,False,False,False,101569.0,29159.29796037855,False,False,False,False,9172.785964886922,False,False,False,False
2025-07-18 14:00:00+00:00,28.595,28.64,28.465,28.61,5954.0,,,,28.698181200294982,28.8295881681133,28.842288414167516,28.741220577445997,28.70308339317712,28.609161917128908,28.59200565559222,28.51656943390392,28.390291433938863,28.149117592130793,28.07486398758905,27.82483683851226,27.72585610061953,27.45119370881283,27.3773334137229,27.240574130468335,27.26968585242606,27.300422822862373,,,,,28.396841360010722,28.96810951278292,28.96142165438445,28.832603527944915,28.740078123290022,28.727191950376678,28.634915323368663,28.601047705734878,28.600325304670818,28.536933956466687,28.317993339231354,27.924620897061548,27.620906601345023,27.40744592710488,27.360519078840227,27.33322570956673,27.29941799739973,27.19775891660894,27.165152504331004,27.209510672844846,27.240267217742023,27.28761040760668,,,28.396841360010722,28.832603527944915,28.317993339231354,27.924620897061548,28.517565894717528,#000000,0.7780899054097905,28.695732673992417,-0.11018350629708455,66.21885332396695,10.71501449348991,True,False,True,False,True,0.0,0.0,0.0,0.0,0.0,0,1.0324956672443675,0.9326256499133445,False,False,False,False,-0.08008531457289714,-0.0711462476029257,False,False,False,False,95615.0,30189.618922233145,False,False,False,False,9122.882306516582,False,False,False,False
2025-07-18 15:00:00+00:00,28.61,28.8,28.575,28.72,5910.0,,,,28.698182884462415,28.82828868060442,28.840877695956912,28.741042853416566,28.703066455617282,28.609409176214463,28.59228899521947,28.516981489749835,28.390922311878715,28.15011497873112,28.075923775606746,27.82616536294139,27.72728353784106,27.45288528504889,27.37903667728564,27.242266901581747,27.271088632499993,27.30177743817143,,,,,28.41768669521202,28.966036197706376,28.959430842468894,28.831937282038837,28.739900859214544,28.727083366227117,28.63510800013777,28.60131150011767,28.600590768245045,28.537315345630596,28.31874655208905,27.92584844397827,27.62244971982332,27.409161112485013,27.362206706641327,27.334905960648147,27.301102520661967,27.199446623445702,27.16680784299112,27.211027823872545,27.241720553017675,27.288984232071343,,,28.41768669521202,28.831937282038837,28.31874655208905,27.92584844397827,28.518461762052265,#000000,0.7775172603163268,28.69767437185822,0.02871399682200747,67.13147276904189,10.78896597924993,True,False,True,False,True,0.0,0.0,0.0,0.0,0.0,0,1.0380211708792395,0.9254698639014902,False,False,False,False,-0.04610101867187708,-0.05862363313740139,False,False,False,False,101525.0,31295.59382266364,False,False,False,False,9073.070177733378,False,False,False,False
2025-07-18 16:00:00+00:00,28.725,28.735,28.55,28.555,2976.0,,,,28.697712511378445,28.827222352796067,28.839760351783255,28.740776914787904,28.702905624199992,28.609414647790707,28.59231719588357,28.517091354516747,28.391151445936735,28.15053818763288,28.07638337892492,27.826767768199172,27.727937963421855,27.453677332358456,27.379837547571608,27.243068141391642,27.271751958430364,27.30241710965952,,,,,28.42426914931301,28.964676511545072,28.958117067819746,28.831392434994118,28.739630800288598,28.72686825363943,28.63507473802808,28.601327892437485,28.600608124405287,28.537405692238092,28.31904002739175,27.926397251805398,27.62316383212815,27.40996624298431,27.363000946683663,27.335697841251445,27.301897723642924,27.200246924956925,27.167593854607173,27.21174702628789,27.242408646811025,27.289633351384285,,,28.42426914931301,28.831392434994118,28.31904002739175,27.926397251805398,28.51859150564633,#000000,0.7777650934184808,28.698071931784902,-0.1839526265650005,63.08797831836686,10.78896597924993,True,False,True,False,False,0.0,0.0,0.0,0.0,0.0,0,1.0353621945992284,0.9232747535362191,False,False,False,False,-0.05741343866957865,-0.058018535903490015,False,False,False,False,98549.0,32338.282290529318,False,False,False,False,8978.541957923559,False,False,False,False
2025-07-18 17:00:00+00:00,28.56,28.62,28.5,28.55,3217.0,,,,28.696872323169483,28.825779258748355,28.83826559675591,28.740363412659452,28.70262283767876,28.60933526324792,28.592265627974154,28.517140074364008,28.391335568082496,28.150938890001473,28.076826979467626,27.82737108171904,27.72859909218236,27.45449052709628,27.380662387478115,27.24389743924869,27.272438008429315,27.30307802125793,,,,,28.42891536036478,28.96298329532125,28.956476500674754,28.83065424932136,28.739209763742796,28.726521030119123,28.634945479074574,28.60126216013758,28.60054352174296,28.537430405739116,28.31929565286109,27.92694066089981,27.623890505827944,27.410794436837378,27.363819512198933,27.336514829212156,27.302719143626287,27.201076366171492,27.16840929270141,27.21249224243885,27.243120973860208,27.290304313770694,,,28.42891536036478,28.83065424932136,28.31929565286109,27.92694066089981,28.51851576344201,#000000,0.7783191059137307,28.698110400235038,-0.19029521324824542,60.2666899386295,16.553807657951523,True,False,True,False,False,0.0,0.0,0.0,0.0,0.0,0,1.033049040511727,0.9285714285714282,False,False,False,False,-0.0781931709858721,-0.06810585344468106,False,False,False,False,95332.0,33314.92907672266,False,False,False,False,8889.215726017766,False,False,False,False
2025-07-18 18:00:00+00:00,28.55,28.615,28.52,28.53,3948.0,,,,28.695842703754977,28.82401831331679,28.836441891436465,28.73985390057589,28.70227333875838,28.609235093499734,28.59219959242272,28.517197186942873,28.391558697066984,28.15142754917961,28.077368373859397,27.828108435754338,27.729407379109883,27.455485360469687,27.3816716447975,27.244912458526493,27.27327785787053,27.303887083638365,,,,,28.434121252052414,28.96091599284682,28.954473063643242,28.82974825132909,28.738691002171308,28.7260926759161,28.634784064737957,28.601178750458573,28.600461496831624,28.537458028082106,28.319606416144225,27.927604508128677,27.624779166470237,27.411807712003725,27.364821146147335,27.337514601111696,27.303724408619487,27.2020916464983,27.169407515735923,27.213404533853705,27.243993000783426,27.291125686181207,,,28.434121252052414,28.82974825132909,28.319606416144225,27.927604508128677,28.518402718320804,#000000,0.7773500956267329,28.698111226574554,-0.21626192306442585,57.8411843500605,14.117445969106598,True,False,True,False,False,0.0,0.0,0.0,0.0,0.0,0,1.0337651306009767,0.9290719898067528,False,False,False,False,-0.0763015859917761,-0.07220371971822859,False,False,False,False,91384.0,34215.22474995177,False,False,False,False,8812.607730265554,False,False,False,False
2025-07-18 19:00:00+00:00,28.525,28.59,28.46,28.475,7197.0,,,,28.693394382397557,28.82031968696042,28.83263574606542,28.73869958729995,28.70143991911327,28.608897129202923,28.591929551022236,28.517172878547335,28.391848195726563,28.15221265925928,28.078256039800376,27.82936270696871,27.730793725160254,27.457217494522702,27.383434014220807,27.246692981389465,27.2747503934103,27.305304362105055,,,,,28.43931601112667,28.956773700928068,28.95045119404307,28.827833957439413,28.73751445767656,28.725105796416987,28.63432035271492,28.60087459171765,28.60016001412579,28.537374795834346,28.320058925702526,27.92872131790598,27.62631374028201,27.41357503508133,27.36657132089376,27.339263221726345,27.305484617408695,27.20387483160375,27.171162368154256,27.21500666983441,27.245523201923266,27.29256507866873,,,28.43931601112667,28.827833957439413,28.320058925702526,27.92872131790598,28.517818692926248,#000000,0.7765263957155376,28.697412204723644,-0.2864193747318775,54.728037875817925,11.057615773349823,True,False,True,False,False,0.0,0.0,0.0,0.0,0.0,0,1.0310454065469905,0.9305174234424495,False,False,False,False,-0.08702817678255274,-0.07961594825039067,False,False,False,False,84187.0,34989.98095537887,False,False,False,False,8787.559548400972,False,False,False,False
2025-07-21 14:00:00+00:00,28.93,28.955,28.65,28.78,4456.0,,,,28.69420919928301,28.820137339578352,28.83236736371498,28.738872848291635,28.70168819047188,28.60928226964781,28.592333585608827,28.517643818189033,28.392466061610556,28.153086931850744,28.079168915883596,27.83046386870447,27.731965156001685,27.458578791477894,27.384799785194744,27.248042787803406,27.275871811150072,27.306388894924904,,,,,28.454090862480424,28.95586213037631,28.949588359441698,28.827713325874328,28.73769566961358,28.725301367781345,28.634684348717155,28.601267540458636,28.60055398373341,28.537829830529333,28.320762942591934,27.929751562459533,27.627569132565025,27.414952196902135,27.367923647226405,27.340608094062258,27.306830986229766,27.205218536800167,27.172479011309182,27.216216069546583,27.246683415582385,27.29366430228414,,,28.454090862480424,28.827713325874328,28.320762942591934,27.929751562459533,28.518751498915773,#000000,0.7731475215570514,28.699256329221885,0.10443501211192535,58.58751401386168,11.057615773349823,True,False,True,False,True,0.5363015238868449,0.0,0.0,0.0,0.0,1,1.0310494721589734,0.9145104533222932,False,False,False,False,-0.017238186385887255,-0.048427067318138964,False,False,False,False,88643.0,35821.810708008656,False,False,False,False,8720.403586410259,False,False,False,False
2025-07-21 15:00:00+00:00,28.78,28.955,28.755,28.92,5476.0,,,,28.69598978605001,28.8206332537661,28.832752202880204,28.739392004269423,28.702256945145194,28.60996056254294,28.59302710224217,28.518390141866618,28.393376293422804,28.154294353331423,28.0804151977925,27.831927942715545,27.73351152903813,27.460349903428853,27.38657156170351,27.249785751841973,27.277321627346723,27.307792521287002,,,,,28.474614730786058,28.95531749739515,28.949094326169188,28.82793335587791,28.73823194942138,28.725820069729615,28.635356133682873,28.60195090957397,28.60123838596811,28.538563707722766,28.321773755505827,27.931133466034396,27.62921586560845,27.41674077020306,27.369676928103658,27.342350027108147,27.308572830635725,27.206951384246537,27.174175412742184,27.217776521825098,27.24818190904247,27.29508630328535,,,28.474614730786058,28.82793335587791,28.321773755505827,27.931133466034396,28.520278224117213,#000000,0.7679958532637742,28.70217169457556,0.2836321374636713,62.86189723204461,6.091045062781262,True,False,True,False,True,2.588784870268828,0.0,0.0,0.0,0.0,0,1.0351057277766373,0.9152124820365425,False,False,False,False,-0.004074108995958104,-0.026250588157048532,False,False,False,False,94119.0,36725.64310013255,False,False,False,False,8670.102755613201,False,False,False,False
2025-07-21 16:00:00+00:00,28.92,28.945,28.8,28.885,5683.0,,,,28.697801301197995,28.82113879658927,28.833144582348062,28.739926664551223,28.702843302955635,28.610660866419344,28.593743266390426,28.5191614036071,28.39431732152241,28.155543163337825,28.08170447858517,27.833443033957405,27.735111945329642,27.462183293745046,27.38840586913244,27.25159066172477,27.27882347417097,27.309246555631027,,,,,28.493907493252046,28.95476014150474,28.948588646714185,28.82815962151725,28.738784142189473,28.726354633500968,28.636049380188474,28.60265653403671,28.60194508104202,28.539321972484803,28.32281889876688,27.932563348816828,27.6309202624002,27.418592331437825,27.371492181619825,27.34415363478263,27.310376436413463,27.208745940386176,27.17593237285109,27.219392862921143,27.24973413688582,27.296559358876564,,,28.493907493252046,28.82815962151725,28.32281889876688,27.932563348816828,28.52177800083224,#000000,0.7618175161596448,28.705016228251548,0.23625575407580493,64.73875020840201,7.875438920691103,True,False,True,False,True,2.0470274606678167,0.0,0.0,0.0,0.0,0,1.0531561461794023,0.9146594684385378,False,False,False,False,0.0003133777761327221,-0.012968605190457906,False,False,False,False,88436.0,37527.35405982042,False,False,False,False,8623.791084983539,False,False,False,False
2025-07-21 17:00:00+00:00,28.89,28.905,28.825,28.835,7909.0,,,,28.69996458855327,28.82155868906025,28.833413014546366,28.740547045519293,28.70355190071134,28.611550490230822,28.59465808246073,28.520164537266055,28.395562309012558,28.15722195382091,28.083443116459158,27.835500638797264,27.737289660012355,27.464687965044877,27.390914106378798,27.25406248865009,27.28088061989946,27.31123773735959,,,,,28.516512215714208,28.95378589659214,28.947688033231294,28.828331938490543,28.7394257221706,28.72698597664974,28.636921284070063,28.603555361549166,28.602845478401417,28.540304187989246,28.324210238234436,27.934500622916858,27.6332434051319,27.421123161802104,27.37397493350374,27.346621272490744,27.312844984095907,27.211204644655673,27.178340424649694,27.221607740876518,27.251860742421968,27.298576793591643,,,28.516512215714208,28.828331938490543,28.324210238234436,27.934500622916858,28.5235797192984,#000000,0.7547598030897538,28.708417784841185,0.1677119192630921,64.58295399712749,7.9194217039911265,True,False,True,False,True,1.2707095952301124,0.0,0.0,0.0,0.0,0,1.0531471446436016,0.9085035431429758,False,False,False,False,-0.0015669653255371407,-0.007267785257997523,False,False,False,False,80527.0,38194.015237187545,False,False,False,False,8612.709052658212,False,False,False,False
2025-07-21 18:00:00+00:00,28.835,28.875,28.8,28.835,7804.0,,,,28.701795968921456,28.821741312296776,28.833451973803665,28.741055658392256,28.70416079166222,28.612356347832407,28.595491369830626,28.521094621764203,28.396735432113598,28.158827260738256,28.08511044352987,27.83748645428309,27.739395067633094,27.467118097221576,27.3933497629535,27.256466195616532,27.28288161869009,27.31317418908575,,,,,28.535137613311065,28.952668081263933,28.94664376225373,28.828384405226004,28.739952552725164,28.727514542620682,28.637703076975797,28.604371792771694,28.603663522837284,28.541211277265194,28.325528820955242,27.936366304960455,27.635492810568646,27.423579848936964,27.376386367570166,27.34901876320477,27.31524417266065,27.21359654127904,27.180683839351417,27.223762878213,27.25392966581599,27.30053894373611,,,28.535137613311065,28.828384405226004,28.325528820955242,27.936366304960455,28.525113938238704,#000000,0.7424063747200382,28.711286849471957,0.16663804991531228,64.47908985627781,8.199570997309642,True,False,True,False,True,1.2707095952301124,0.0,0.0,0.0,0.0,0,1.0507836990595614,0.9097178683385576,False,False,False,False,-0.008461752627317177,-0.00786476894265735,False,False,False,False,80527.0,38850.340582347424,False,False,False,False,8600.170927810797,False,False,False,False
2025-07-21 19:00:00+00:00,28.835,28.86,28.78,28.805,13430.0,,,,28.704347055309643,28.82160393615322,28.83307942521392,28.741722929237266,28.705026477227083,28.613597074536784,28.596784399753723,28.52257346215653,28.398641019752223,28.161484426494905,28.087880327379803,27.840811781703803,27.742928299389163,27.471214204517977,27.397459521471465,27.260529230267522,27.28626528738249,27.31644793737325,,,,,28.560606543158002,28.950443447098916,28.944546793024244,28.82824096498991,28.740645796635324,28.728234118769628,28.638889281340422,28.605633683742504,28.604928315396204,28.542645840112115,28.3276866522824,27.93948214328621,27.63927474450125,27.427723169307257,27.380456374017,27.353066793156493,27.31929677895625,27.21764161737478,27.184648619811806,27.227408604560924,27.257428915663862,27.303856474742627,,,28.560606543158002,28.82824096498991,28.3276866522824,27.93948214328621,28.527298567765754,#000000,0.7322218563021541,28.715298414993043,0.1225060195006536,63.45205446091543,8.199570997309642,True,False,True,False,True,0.7936030825616704,0.0,0.0,0.0,0.0,0,1.0651576052464566,0.9043790987941607,False,False,False,False,-0.012849722078635144,-0.010357245510646247,False,False,False,False,67097.0,39288.273286497075,False,False,False,False,8675.051998697452,False,False,False,False
2025-07-22 14:00:00+00:00,29.035,29.22,28.99,29.195,11653.0,,,,28.71260633929498,28.8270490893196,28.838277615090792,28.744778344921777,28.707920733495417,28.616352427303188,28.599521312171703,28.525235642909617,28.401540470528218,28.164893071732067,28.091316973095445,27.844620604631285,27.7468847577269,27.475589777951498,27.40180694764516,27.264759747159154,27.28980119092756,27.319881085456696,,,,,28.60264342730818,28.95299538137934,28.94714324516465,28.831067219004336,28.74378147338426,28.731116548218534,28.64175269946808,28.608371293650805,28.60766668321735,28.545326719074787,28.330763005154026,27.943149478305074,27.64342447914495,27.432122992673847,27.38475284654806,27.35732600418915,27.32354398551985,27.22183476495667,27.188745416872692,27.231193324465103,27.26107365716435,27.307330366725335,,,28.60264342730818,28.831067219004336,28.330763005154026,27.943149478305074,28.532270982222016,"rgba(38, 166, 154, 0.5)",0.7225153884078959,28.72401830438786,0.6518638954527651,67.85442009426833,12.016638726627818,True,False,True,False,True,6.479456190098091,0.0,0.0,0.0,0.0,0,1.0635850240535456,0.8860071114829529,False,False,False,False,0.05867120276459439,0.024156978626974072,False,False,False,False,78750.0,39900.08300298549,False,False,False,False,8721.221735151754,False,False,False,False
2025-07-22 15:00:00+00:00,29.195,29.39,29.165,29.365,6604.0,,,,28.718993679153698,28.83172563917439,28.84280365615502,28.747241450533465,28.710196111716925,28.61841363235676,28.60155335496789,28.527155968793416,28.40355575593373,28.16715421090943,28.093573299834897,27.847055049648162,27.749393056318524,27.478314778959497,27.404504154292546,27.267368091323828,27.291984934202112,27.322004440996356,,,,,28.630680220626218,28.955745295629306,28.949899669169284,28.83353759343301,28.74630658928209,28.73341865805808,28.643920516835816,28.610411869672188,28.609707171167976,28.547274460127166,28.332865976777725,27.9455157799562,27.646035503971298,27.43485676506815,27.387416322705924,27.359962984615173,27.326169425409425,27.22441547545724,27.191263638961175,27.233524348890423,27.26332157989898,27.309477615775364,,,28.630680220626218,28.83353759343301,28.332865976777725,27.9455157799562,28.535923946649255,"rgba(38, 166, 154, 0.5)",0.7136980081565125,28.730340492793346,0.8892549789314715,72.05276378885192,16.059053980786672,True,False,True,False,True,8.7377412698767,0.0,0.0,0.0,0.0,0,1.0710256945895136,0.8809275120116978,False,False,False,False,0.10220624072748298,0.06318160967722852,False,False,False,False,85354.0,40604.79489441207,False,False,False,False,8688.396591971106,False,False,False,False
2025-07-22 16:00:00+00:00,29.365,29.525,29.365,29.52,8056.0,,,,28.728716365590127,28.839228295851225,28.850110643038402,28.751085796678883,28.713702146988183,28.621504187259834,28.604586966607833,28.52997394014064,28.406444439699783,28.170294031303452,28.09668346731213,27.850344882668526,27.752761725071256,27.48192393348035,27.40806569932065,27.27079503569138,27.29485786181441,27.324801178219914,,,,,28.669565014444245,28.96057710953635,28.954718874855324,28.837545000544498,28.750245338867778,28.73699519002331,28.647192926338576,28.613465180585223,28.61275978451543,28.550145136942138,28.33584730908018,27.948736302801937,27.649521712856874,27.438470882291842,27.3909310868036,27.36343919103384,27.329626068532153,27.227801224380563,27.194563998386993,27.236584279839686,27.266275724825118,27.312304442110396,,,28.669565014444245,28.837545000544498,28.33584730908018,27.948736302801937,28.54132920226981,"rgba(38, 166, 154, 1.0)",0.7062593186818508,28.73961790812482,1.104951214423152,75.78216684988658,19.555470926168653,True,False,True,False,True,10.709093438694115,0.0,0.0,0.0,0.0,0,1.0781282640484646,0.8750783371631499,False,False,False,False,0.14485077921213482,0.10401619444468167,False,False,False,False,93410.0,41423.480244886305,False,False,False,False,8678.591993645974,False,False,False,False
2025-07-22 17:00:00+00:00,29.515,29.76,29.51,29.75,15401.0,,,,28.751530817499606,28.85756015697468,28.868046206688753,28.760369310197422,28.72209354345778,28.62875154461141,28.611676707739793,28.536469768311736,28.412971035435497,28.177187142539463,28.103464930348103,27.857382144349696,27.759923392116562,27.4894894021468,27.415508456165433,27.277919875041775,27.30084057472048,27.330632467479365,,,,,28.751234406477607,28.973153926002148,28.967226877887587,28.847485771382956,28.759750969241686,28.745606927429638,28.65490560941007,28.620613809621606,28.619905729261674,28.556785906326585,28.34251762056878,27.955673277819443,27.6568897628054,27.446032515270478,27.39827143062384,27.370691417418186,27.33682818745701,27.234829975466447,27.20140834363333,27.242941295028555,27.272420395682804,27.318195403395666,,,28.751234406477607,28.847485771382956,28.34251762056878,27.955673277819443,28.55369150126801,"rgba(38, 166, 154, 1.0)",0.701928829070874,28.760580568928543,1.409572295785497,79.3436915466747,22.860799876208972,True,False,True,False,True,13.480381524632033,0.0,0.0,0.0,0.0,0,1.0834717607973425,0.8639950166112951,False,False,False,False,0.19387456478122214,0.1489453796129519,False,False,False,False,108811.0,42468.2479930276,False,False,False,False,8782.815373589448,False,False,False,False
2025-07-22 18:00:00+00:00,29.76,29.86,29.735,29.785,13914.0,,,,28.77377765704599,28.875778995444026,28.88590746015209,28.769678704025154,28.73049011842715,28.635956187441746,28.618716422362507,28.542888061196898,28.419365846504093,28.18385571645784,28.11000616534357,27.86411044311426,27.766750723948007,27.49665274922071,27.42254582025018,27.2846412047906,27.306491904586153,27.33614447358679,,,,,28.822590812754463,28.986023758264995,28.98001641746539,28.85754132917068,28.76927814681118,28.754240991860712,28.66258396337677,28.62771661255224,28.62700547165224,28.563355917125325,28.34902520476714,27.96232716422217,27.66389383894949,27.453185891949076,27.40521022480725,27.377543797576593,27.343629200928923,27.241456222593463,27.20785803991043,27.248938240094873,27.278220991521586,27.323762252841806,,,28.822590812754463,28.85754132917068,28.34902520476714,27.96232716422217,28.565559531659463,"rgba(38, 166, 154, 1.0)",0.6981431808022106,28.78039132210099,1.438972270336655,81.86194711365769,25.222580275393682,True,False,True,False,True,13.889418598729073,0.0,0.0,0.0,0.0,0,1.106387434554974,0.8552879581151827,False,False,False,False,0.23653705921701,0.19274121941498096,False,False,False,False,122725.0,43712.53872181787,False,False,False,False,8862.368623611317,False,False,False,False
2025-07-22 19:00:00+00:00,29.785,29.915,29.74,29.86,30163.0,,,,28.820877661980177,28.914759223730268,28.924162216842493,28.79015696653623,28.748999797265746,28.65186801429289,28.634266652942788,28.557071832055264,28.43347463776713,28.19852362906932,28.124388396559368,27.878873279742812,27.78172001553022,27.512330928736958,27.437946289816864,27.29934835367618,27.31887548941646,27.34822646570761,,,,,28.95387803083867,29.014062373439387,29.00788743185048,28.879636076390547,28.79022164713207,28.77326781388018,28.679527184987993,28.643405773657292,28.642687825970995,28.57787391432535,28.36336728357416,27.976937876600946,27.679238373209728,27.468839715090173,27.420395926079575,27.392540453705404,27.358512485947806,27.25595475631309,27.221971618807025,27.262070390506324,27.290927767927545,27.335962937410198,,,28.95387803083867,28.879636076390547,28.36336728357416,27.976937876600946,28.590475822278513,"rgba(38, 166, 154, 1.0)",0.6956703812000383,28.8209422488376,1.4936064251722412,83.85264970840868,27.179643176809236,True,False,True,False,True,14.765136273419813,0.0,0.0,0.0,0.0,0,1.1057611438183348,0.8511354079058028,False,False,False,False,0.23892741152754976,0.21583431547126536,False,False,False,False,152888.0,45405.181532332324,False,False,False,False,9192.610970532072,False,False,False,False
2025-07-23 14:00:00+00:00,30.075,30.34,30.075,30.305,9112.0,,,,28.83959505609218,28.93077589610478,28.939936800345937,28.798501634596896,28.756487540722134,28.65819173018688,28.640427727154048,28.56261991946172,28.43888464777818,28.203976552130978,28.1296933923711,27.88419500128663,27.787074559828735,27.517836740039016,27.44333215275563,27.3044556114701,27.323185297178213,27.352438470785142,,,,,29.002208979270883,29.026125837564816,29.019856359488983,28.888831270115386,28.79875121978201,28.78100340373284,28.686290974781674,28.64963207076931,28.648910589784165,28.583571829779878,28.368810861065498,27.98224980478384,27.684685780807616,27.474323063189942,27.42570208209459,27.397773057969736,27.363696350691704,27.260979170131385,27.226855466027146,27.266625787964273,27.295342966707786,27.34021329543471,,,29.002208979270883,28.888831270115386,28.368810861065498,27.98224980478384,28.60026414635918,"rgba(0, 255, 0, 1.0)",0.7033446606831097,28.836742219634015,2.087536683565591,86.48884239648103,29.79760745360366,True,False,True,False,True,19.573912771409532,0.0,0.0,0.0,0.0,0,1.099792960662526,0.8428571428571423,False,False,False,False,0.34282822452003264,0.279331269995649,False,False,False,False,162000.0,47212.85313648221,False,False,False,False,9191.361188043204,False,False,False,False
2025-07-23 15:00:00+00:00,30.305,30.33,30.18,30.215,11874.0,,,,28.863285768902575,28.951101376358647,28.959959729793226,28.80924504781602,28.76614365891787,28.66636569252744,28.648394023280726,28.56980219590723,28.445892566283547,28.211044566998748,28.13657205576752,27.891098813604042,27.794021969033853,27.524982560807935,27.45032373338528,27.311088166958648,27.32878563095812,27.357911985039653,,,,,29.060071227031408,29.041515284957164,29.035129518914715,28.90064332477897,28.809729466008132,28.790973549246896,28.695026849855555,28.65768158563563,28.656955606270714,28.590945928990223,28.37586354263391,27.98913964360285,27.691754314058755,27.481440312884203,27.432590804547015,27.4045669440885,27.370427506162123,27.267504882389368,27.233199527108923,27.27254444610315,27.301079931419206,27.345736546318665,,,29.060071227031408,28.90064332477897,28.37586354263391,27.98913964360285,28.612664119724705,"rgba(0, 255, 255, 0.75)",0.708595794511742,28.856532880692964,1.9171255740278392,86.15350828835261,29.79760745360366,True,False,True,False,True,18.040999965171398,0.0,0.0,0.0,0.0,0,1.1029776674937968,0.8449131513647639,False,False,False,False,0.3428282225248632,0.31107974626025614,False,False,False,False,150126.0,48808.40580103287,False,False,False,False,9232.952487453387,False,False,False,False
2025-07-23 16:00:00+00:00,30.21,30.34,30.11,30.195,28947.0,,,,28.916762943079707,28.9971354916369,29.00532081864672,28.834302184216913,28.78874977631071,28.68561192183295,28.667166905181677,28.586781447547654,28.462500297008543,28.22784795786631,28.15294483612182,27.907571983321265,27.810612281430625,27.54207740045582,27.46706118431316,27.326986495739458,27.342224576058765,27.371046481250303,,,,,29.178080260597202,29.076649950335426,29.070021758881836,28.928037170798177,28.83531986239681,28.814281747045946,28.71555772095427,28.676643436700225,28.6759073402284,28.6083649349244,28.392593762324704,28.005564460944925,27.70864514053719,27.498472473463593,27.449085970624424,27.42083976116123,27.386554655923298,27.28315289936527,27.248417966339453,27.28674631611207,27.31484661099449,27.358990496687817,,,29.178080260597202,28.928037170798177,28.392593762324704,28.005564460944925,28.640813250013366,"rgba(0, 255, 255, 0.75)",0.713305097529724,28.90046087489112,1.8148463113358522,85.45074789706784,29.79760745360366,True,False,True,False,True,17.7002870592215,0.0,0.0,0.0,0.0,0,1.0986093552465237,0.8598820058997044,False,False,False,False,0.33329088427553877,0.32218531526789745,False,False,False,False,121179.0,49930.43051729593,False,False,False,False,9538.596634934729,False,False,False,False
2025-07-23 17:00:00+00:00,30.195,30.37,30.19,30.335,8612.0,,,,28.93283513668068,29.011084093047817,29.01907655979969,28.8420249988362,28.79572482040893,28.6915528430002,28.672961517080374,28.592020581711907,28.467613328581475,28.233000237613467,28.157961063781368,27.912603295603184,27.815673805889446,27.547278673049536,27.472151510248665,27.331818363633012,27.34631394468662,27.375044657770385,,,,,29.211130239914127,29.087436092353034,29.08073446547964,28.93648159544249,28.84320336685631,28.821473427777,28.72189276331169,28.68249674245735,28.68175747232746,28.61374042803979,28.397737489502095,28.01058685736788,27.71379239024301,27.50365299854704,27.45410247270719,27.425788070464236,27.391457719462274,27.287907724764565,27.25304199845689,27.29106457151198,27.319034220115057,27.363024434368043,,,29.211130239914127,28.93648159544249,28.397737489502095,28.01058685736788,28.649312128914545,"rgba(0, 255, 255, 0.75)",0.7235144768405984,28.913524807326887,1.964681064683502,85.60420951346538,29.908178803475934,True,False,True,False,True,19.1608654079156,0.0,0.0,0.0,0.0,0,1.087020648967552,0.8645174884112932,False,False,False,False,0.34282822286448555,0.3325067690661915,False,False,False,False,129791.0,51168.578881368856,False,False,False,False,9524.230795633415,False,False,False,False
2025-07-23 18:00:00+00:00,30.335,30.35,30.245,30.275,10046.0,,,,28.951005767194086,29.026879156841883,29.03465533818881,28.85088046269363,28.803735604520316,28.69839226861249,28.67963480109331,28.59806205741451,28.47351488129486,28.238954004420005,28.163760324864924,27.918425279670615,27.821532438109635,27.553302964134385,27.478048914368923,27.337419196942115,27.351056541841327,27.37968154302096,,,,,29.24702396486022,29.099695086744806,29.09291329153518,28.946142062778783,28.852240824878503,28.82972818409533,28.729180154849846,28.689236584257316,28.68849372817578,28.6199371455101,28.403676576460295,28.01639656905662,27.71975164570457,27.509654022022037,27.459914926125872,27.431522186200883,27.397140039928846,27.293420068447166,27.25840358833734,27.296072329879177,27.323890663566843,27.367702781874705,,,29.24702396486022,28.946142062778783,28.403676576460295,28.01639656905662,28.658963862324878,"rgba(0, 255, 255, 0.75)",0.7313719860520421,28.9282184990475,1.8414452927332472,84.17796548510495,29.908178803475934,True,False,True,False,True,18.12279797180376,0.0,0.0,0.0,0.0,0,1.0873970867637748,0.8659489128140168,False,False,False,False,0.34282822309794886,0.33766749608207014,False,False,False,False,119745.0,52231.77920878949,False,False,False,False,9532.320240662355,False,False,False,False
2025-07-23 19:00:00+00:00,30.275,30.275,30.125,30.2,19216.0,,,,28.982193618278348,29.0539531054461,29.061352982272922,28.866480279903573,28.81790825685489,28.710582379342593,28.69154234503015,28.608890859054906,28.48414349302987,28.24975135938286,28.17429988529816,27.92906289493276,27.832256117528352,27.564376274921727,27.488902125794432,27.34774884184166,27.35980924242001,27.388236995267523,,,,,29.304041349598755,29.120739783197465,29.113837468575056,28.96302947629498,28.86815420959375,28.84430472071801,28.742139472599447,28.701256322810387,28.700507548473905,28.63103156156334,28.41439653572312,28.026990641677568,27.730677584401636,27.520691824302208,27.470615412113236,27.442083361622682,27.407611127657887,27.30359289571455,27.268303779673783,27.305318181085127,27.33285545296093,27.376335673012374,,,29.304041349598755,28.96302947629498,28.41439653572312,28.026990641677568,28.67571386668725,"rgba(0, 255, 255, 0.75)",0.74026991668531,28.953217276267406,1.6842271928532293,81.33441449584136,29.908178803475934,True,False,True,False,False,16.8314874714168,0.0,0.0,0.0,0.0,0,1.0797391121397015,0.8685041026719962,False,False,False,False,0.3125891091215803,0.32512830260182524,False,False,False,False,100529.0,52980.57332958346,False,False,False,False,9682.454810574565,False,False,False,False
2025-07-24 14:00:00+00:00,30.085,30.23,30.02,30.145,25247.0,,,,29.018706933031712,29.085669665528602,29.092627963858867,28.885413399482147,28.835198147075676,28.72557957871595,28.706210481280568,28.622296184226755,28.497362335430573,28.263267294605374,28.18752103392071,27.942473257033818,27.84579693415273,27.57841133562976,27.502674664505054,27.360885251804834,27.370952865603538,27.39912774975818,,,,,29.36435864276112,29.145520713180712,29.138499890430335,28.983349465127823,28.887455710277305,28.862049362879688,28.75804096390275,28.71605387330243,28.715298432974958,28.64474871134252,28.427756401999698,28.040321608942424,27.744493962804704,27.534690573032584,27.48419907510091,27.455496540527484,27.420916489308215,27.316537966931143,27.280909495614935,27.317092089564234,27.34427056498151,27.387325789183745,,,29.36435864276112,28.983349465127823,28.427756401999698,28.040321608942424,28.69566307941861,"rgba(0, 255, 255, 0.75)",0.7469565094613962,28.98220880876675,1.5567053456321003,78.06535054215537,33.24423183856102,True,False,True,False,False,15.888386031272066,0.0,0.0,0.0,0.0,0,1.0742929506120729,0.8803292528493029,False,False,False,False,0.28970192267018763,0.3074151126360064,False,False,False,False,75282.0,53326.331882613165,False,False,False,False,9923.765588705191,False,False,False,False
2025-07-24 15:00:00+00:00,30.145,30.2,30.04,30.175,7827.0,,,,29.029625238488002,29.095186960653407,29.1020157760861,28.891199238868182,28.840493359983387,28.73018663779622,28.7107183535357,28.626422411474845,28.501433975923483,28.2674329395177,28.19159755355549,27.946610160427877,27.849974641275562,27.58274261459262,27.50692603700529,27.364942363205618,27.374397705230713,27.402494726869023,,,,,29.381459470725606,29.153008660261257,29.145954482295696,28.989542028439484,28.89335174498141,28.86747995991621,28.76292062199422,28.720600707064968,28.719843267509003,28.648969321000337,28.431872118677042,28.04443327571888,27.748756915479827,27.539011055168842,27.4883926592643,27.45963802071828,27.425025103968295,27.320536575836677,27.284804061099514,27.32073090654959,27.347798978682288,27.390723364891528,,,29.381459470725606,28.989542028439484,28.431872118677042,28.04443327571888,28.7016933162468,"rgba(0, 255, 255, 0.75)",0.7538234254495428,28.99084633642547,1.570863445731154,76.1929159331638,31.361613882592636,True,False,True,False,False,16.224353089330183,0.0,0.0,0.0,0.0,0,1.0707347972972976,0.8811233108108103,False,False,False,False,0.28818679926851526,0.29780095595226086,False,False,False,False,83109.0,53788.07867513079,False,False,False,False,9891.257595081854,False,False,False,False
2025-07-24 16:00:00+00:00,30.175,30.175,29.995,30.045,7653.0,,,,29.039467210265443,29.103743558887263,29.110453227212435,28.89650535705021,28.84536558621571,28.734450423159274,28.714894106105177,28.63025830651609,28.505234264331428,28.271343621490626,28.195431074172447,27.95051747441481,27.85392620373235,27.586853350428537,27.510964679501534,27.368802756408346,27.377676637912355,27.405698832464996,,,,,29.39605513324619,29.15973369873672,29.152654161563916,28.995185383812686,28.898757371236155,28.87246911926032,28.7674289079438,28.724810702948027,28.724051548967985,28.65288941022795,28.435720766543266,28.048310480333246,27.752794565583983,27.543113655973215,27.49237738934264,27.463574614751558,27.428931975166734,27.324343108866525,27.28851307022174,27.32419579665735,27.351158131902945,27.39395689749326,,,29.39605513324619,28.995185383812686,28.435720766543266,28.048310480333246,28.707186283934945,"rgba(38, 166, 154, 1.0)",0.7574197724587319,28.998601585311064,1.3815303649812634,71.65576258560588,27.064910609748196,True,False,True,False,False,13.987944878556728,0.0,0.0,0.0,0.0,0,1.0721387772371487,0.8811085254918548,False,False,False,False,0.27761648248231535,0.28770871921728813,False,False,False,False,75456.0,54124.015439857445,False,False,False,False,9856.55592694105,False,False,False,False
2025-07-24 17:00:00+00:00,30.045,30.18,30.04,30.16,5631.0,,,,29.046970513496188,29.110296610587287,29.116918143566703,28.90056048727639,28.849085651131954,28.737698730825368,28.718074144166522,28.633174941618414,28.5081165200908,28.27429782889783,28.19832416438604,27.95345758154502,27.856896642912208,27.589936084646908,27.51399180996655,27.371693826730244,27.380133308564915,27.408100008885846,,,,,29.40724897740773,29.16491403683869,29.157813450278102,28.99951050239098,28.902888238549544,28.876280930364942,28.770865325629472,28.728017472362044,28.72725695843762,28.655871285698563,28.438635862937986,28.05123112037249,27.75582672752792,27.54618930651643,27.495363824452745,27.466524474445997,27.43185892693068,27.327193133773537,27.291289629661033,27.32679058322509,27.35367433844929,27.396379887900462,,,29.40724897740773,28.99951050239098,28.438635862937986,28.05123112037249,28.711376244870753,"rgba(0, 255, 255, 0.75)",0.7588966208126154,29.004521511083208,1.5225769323883962,70.11971372164,25.619988759029837,True,False,True,False,False,15.308870889560652,0.0,0.0,0.0,0.0,0,1.0715340789196035,0.8774002954209744,False,False,False,False,0.2851604036321805,0.28643456142473434,False,False,False,False,81087.0,54542.046208231746,False,False,False,False,9791.043431949714,False,False,False,False
2025-07-24 18:00:00+00:00,30.165,30.26,30.14,30.21,4891.0,,,,29.05386106376577,29.11634497062018,29.12288839676623,28.90427996422095,28.852492208721742,28.740662941495682,28.72097437855755,28.63582864852914,28.510729890825143,28.276962070282927,28.20092966084925,27.956094737475272,27.859557362173252,27.592688374921597,27.516692437140872,27.374269795898478,27.3823230386221,27.410240917370135,,,,,29.417703942581102,29.169723873722873,29.162601693389036,29.003494194857918,28.90667712802269,28.879774912456835,28.774004062709622,28.730942967910416,28.730181142807766,28.658586019413047,28.441274354948565,28.053854754751143,27.758539101223903,27.548934026238538,27.498027725489578,27.469155070372363,27.434468264434834,27.329731586571306,27.293761992605088,27.329102085770728,27.355916500018264,27.39853997464209,,,29.417703942581102,29.003494194857918,28.441274354948565,28.053854754751143,28.715217013674163,"rgba(0, 255, 255, 0.75)",0.7594553406317845,29.009969008092213,1.5801205518016268,69.70157368918291,25.08197301680127,True,False,True,False,False,15.876764677246797,0.0,0.0,0.0,0.0,0,1.0739726027397263,0.8762908324552153,False,False,False,False,0.31258910912158144,0.2995118352731579,False,False,False,False,85978.0,55029.42533678629,False,False,False,False,9715.073766338091,False,False,False,False
2025-07-24 19:00:00+00:00,30.205,30.235,30.135,30.205,14977.0,,,,29.074250347181515,29.13426221361874,29.140575810949336,28.9154375182765,28.86272866233326,28.749593892382084,28.72971597477677,28.643839141125557,28.518627742702883,28.285025678914405,28.20881990504267,27.964090080222068,27.867627127252575,27.601042872223246,27.52489278048803,27.38209633524433,27.388979611714642,27.41674906351712,,,,,29.447625727718428,29.184015932421914,29.176833683616305,29.015413507151596,28.918040028852104,28.89026720501768,28.783452627455205,28.73975914998347,28.73899347804586,28.66677769266938,28.449251807930978,28.061805701413352,27.766768088621426,27.557266841687152,27.50611746610978,27.477144765233593,27.442394451066455,27.337445483505178,27.30127645614864,27.33612857957168,27.36273241292657,27.40510643887,,,29.447625727718428,29.015413507151596,28.449251807930978,28.061805701413352,28.726673225482187,"rgba(0, 255, 255, 0.75)",0.7609826032980306,29.026064218644848,1.5492282954245578,69.28124244859411,24.411738472912873,True,False,True,False,False,15.788626777914843,0.0,0.0,0.0,0.0,0,1.0795094100232612,0.8752378938464785,False,False,False,False,0.30798692847575077,0.3037493818744543,False,False,False,False,71001.0,55277.04664939426,False,False,False,False,9796.654018022773,False,False,False,False
2025-07-25 14:00:00+00:00,30.28,30.59,30.21,30.58,9271.0,,,,29.089453353198067,29.147796511002642,29.15395520834473,28.92367972483075,28.870250825069096,28.756085894057254,28.73605895108445,28.64960905014163,28.524257723220675,28.290680942400513,28.214329559068002,27.969603469940306,27.87316804825299,27.606720458529985,27.530452012529995,27.387379964720555,27.393477345744586,27.421150564064558,,,,,29.471287072260914,29.19496738382446,29.1877256269046,29.024328653901797,28.9264345070111,28.898000330870754,28.790341092674826,28.74616215666436,28.745393224656368,28.672689352198038,28.454908529424763,28.06731424465268,27.772394723766133,27.56292142439054,27.511598765838574,27.482553630381588,27.447754741933927,27.34264666292483,27.306338555986073,27.3408679307375,27.367333822188616,27.409545664579344,,,29.471287072260914,29.024328653901797,28.454908529424763,28.06731424465268,28.73513925742623,"rgba(0, 255, 0, 1.0)",0.7705578416881581,29.038139160240803,2.0009670349746185,72.60157273246683,24.411738472912873,True,False,True,False,True,19.879869650907356,0.0,0.0,0.0,0.0,0,1.0799415570862034,0.8589021081193898,False,False,False,False,0.34282822439887617,0.32328880313666525,False,False,False,False,80272.0,55664.56530599279,False,False,False,False,9788.504343324745,False,False,False,False
2025-07-25 15:00:00+00:00,30.58,30.63,30.42,30.535,6426.0,,,,29.100312442134733,29.157496649561857,29.16354768385367,28.929593027067806,28.87564554600924,28.760736149669974,28.740601422712754,28.653737020326933,28.528277984021983,28.29470647616201,28.218248386853602,27.973515155372034,27.87709582925101,27.61073647536506,27.534382529097243,27.391112780207905,27.396656430890314,27.424262343318212,,,,,29.488138135344432,29.202852606931376,29.19556697228946,29.03073476554025,28.932456415302436,28.903548368248682,28.79527661994379,28.750748211520214,28.749976893303522,28.676919863310864,28.458943715035375,28.07122617068712,27.77637974141217,27.566920011966264,27.515473869676033,27.48637695435162,27.451542985824677,27.346320398441012,27.309913554926624,27.34421626576583,27.370585471676016,27.412683815901705,,,29.488138135344432,29.03073476554025,28.458943715035375,28.07122617068712,28.741196100418207,"rgba(0, 255, 255, 0.75)",0.7798989192991931,29.04676986430702,1.9082346428051011,73.64854932122874,24.411738472912873,True,False,True,False,True,19.083856196647513,0.0,0.0,0.0,0.0,0,1.087642782969886,0.8591900311526474,False,False,False,False,0.3428282258461527,0.333058514491409,False,False,False,False,73846.0,55946.44801442701,False,False,False,False,9736.37249304064,False,False,False,False
2025-07-25 16:00:00+00:00,30.535,30.67,30.48,30.51,5611.0,,,,29.109824790044414,29.166008181839267,29.171966153409908,28.934801011818195,28.88039825781978,28.76483385602371,28.74460419430452,28.65737451152631,28.531818907302394,28.298248840423053,28.22169627059296,27.976954286940206,27.880548214843632,27.614264098801044,27.537834712630733,27.39439083570998,27.39944916668625,27.4269962100256,,,,,29.50276187528443,29.20979031068329,29.202466209097892,29.036376570460643,28.937759461645253,28.908436032820468,28.799625151222465,28.75478941227221,28.75401598557652,28.680647749093843,28.46249671229292,28.074666447312655,27.779881457180046,27.57043205648524,27.5188773765377,27.489734902589326,27.454869976246346,27.349546425444522,27.313052857938658,27.34715709877733,27.373441688447407,27.415440745613765,,,29.50276187528443,29.036376570460643,28.46249671229292,28.074666447312655,28.74651637578604,"rgba(0, 255, 255, 0.75)",0.787804578594069,29.05433023338437,1.8477548952729463,73.66834440782117,24.411738472912873,True,False,True,False,True,18.63850541253706,0.0,0.0,0.0,0.0,0,1.0914608622854753,0.8677270824612802,False,False,False,False,0.3428282263867249,0.33794337043906697,False,False,False,False,68235.0,56136.968200249845,False,False,False,False,9672.413229582646,False,False,False,False
2025-07-25 17:00:00+00:00,30.51,30.68,30.51,30.645,5932.0,,,,29.120147779845464,29.175268138789917,29.1811272198796,28.940467867090817,28.88556785691274,28.769286298265143,28.748952642363637,28.66132283465726,28.53565659781461,28.302078358955136,28.225421267417573,27.980662307498594,27.88426788267845,27.61805818616085,27.541546252446157,27.3979129027434,27.40245081302805,27.429935120303192,,,,,29.51862637208038,29.217362921337752,29.20999599912567,29.04252346978534,28.943529358556052,28.913754056413623,28.80435126899283,28.759180080165418,28.758404322608843,28.684695094201736,28.4663443203544,28.078378535617798,27.78365157451154,27.574208485097135,27.522536323032295,27.49334441272684,27.458445621297656,27.353011930275485,27.316424785594545,27.350316778564448,27.376511028328125,27.418404223609905,,,29.51862637208038,29.04252346978534,28.4663443203544,28.078378535617798,28.75229491405635,"rgba(0, 255, 255, 0.75)",0.8108614704892864,29.06254041615598,1.9515782182733874,74.91105570001835,20.44753535865553,True,False,True,False,True,20.0,0.0,0.0,0.0,0.0,0,1.0894582108357835,0.8651826963460725,False,False,False,False,0.3428282265972688,0.34038579851816786,False,False,False,False,74167.0,56416.50357699016,False,False,False,False,9614.422326798418,False,False,False,False
2025-07-25 18:00:00+00:00,30.645,30.87,30.625,30.75,3958.0,,,,29.127580924962174,29.18196255143945,29.18775296403072,28.944535169271703,28.88927177078362,28.772464660822063,28.75205485248111,28.664132388990936,28.53837739809446,28.304777260578945,28.228042217450472,27.983258819940506,27.886868202272147,27.620699699290572,27.544127733995328,27.400358394295594,27.404535636173183,27.431977129281595,,,,,29.530253764966695,29.222861049840148,29.215461006116577,29.046953141863632,28.947670725082652,28.917568086436287,28.807728402068108,28.76231340659089,28.76153590728934,28.68757703458283,28.469066957696622,28.080982605089353,27.786282821795783,27.576836152130102,27.525080660567912,27.495853490485104,27.46093010077296,27.355416926234252,27.318763951452464,27.35250981014657,27.378642122868776,27.420462981533987,,,29.530253764966695,29.046953141863632,28.469066957696622,28.080982605089353,28.756442050749655,"rgba(0, 255, 0, 1.0)",0.8353288719564567,29.06846332103128,2.013023535305712,76.56330419393105,22.266251816850215,True,False,True,False,True,20.0,0.0,0.0,0.0,0.0,0,1.087192323738006,0.8577388402169371,False,False,False,False,0.3428282281042898,0.34160701331122884,False,False,False,False,78125.0,56753.06941300581,False,False,False,False,9526.725856615496,False,True,False,False
2025-07-25 19:00:00+00:00,30.745,30.895,30.67,30.69,9499.0,,,30.751666666666665,29.14518232883616,29.197832391577457,29.203461623326458,28.954240125449854,28.89811699863353,28.78006387773846,28.75947323661029,28.67085514953129,28.544889770392565,28.311239058319227,28.23431849314348,27.98947797494956,27.893096863198902,27.6270277826479,27.550312662712994,27.406218739928725,27.409533499549436,27.436872525036073,,,,,29.55735569597091,29.235925025668344,29.22844784749917,29.05751149635885,28.957550935236473,28.926673735498003,28.81579951768315,28.769805663949175,28.769024032796683,28.694471949695775,28.475584236974072,28.087219348729626,27.792585752353776,27.583131315166007,27.531176895732898,27.50186555298802,27.46688347448897,27.36118057523264,27.324370286776492,27.357766599129153,27.383750716760304,27.425398464504124,,,29.55735569597091,29.05751149635885,28.475584236974072,28.087219348729626,28.88064748724941,"rgba(0, 255, 255, 0.75)",0.8574810060143588,29.181064123984573,1.7597309624723754,75.9164927530652,22.266251816850215,True,False,True,False,True,20.0,0.0,0.0,0.0,0.0,0,1.0885654885654887,0.8598752598752593,False,False,False,False,0.34282822842740845,0.3422176208693186,False,False,False,False,68626.0,56937.14585621502,False,False,False,False,9526.295998373396,False,False,False,False
2025-07-28 14:00:00+00:00,30.55,30.6,30.345,30.385,8858.0,,,30.602883277950287,29.158170686434755,29.20946511284618,29.214967293626138,28.961660297731985,28.904930418215805,28.785997869388257,28.765278575013017,28.6761621659625,28.550084542719258,28.316476690854202,28.239429749520166,27.994607760559884,27.898256976281118,27.632325801546486,27.555505346437563,27.411163215140032,27.413751941514604,27.441001163603232,,,,,29.575316414656342,29.24547029203713,29.23795032887737,29.065469587232762,28.965100661599497,28.9336629465985,28.822076641134423,28.775662578366862,28.774878182553078,28.699902737360233,28.480809513745417,28.09233905139491,27.797829331362756,27.588410157013694,27.53629874099636,27.506921921312923,27.47189643552376,27.366050509592757,27.329112976372134,27.362210007289185,27.388065797359843,27.429562328234386,,,29.575316414656342,29.065469587232762,28.480809513745417,28.09233905139491,28.88195013505516,"rgba(38, 166, 154, 1.0)",0.8712493979987783,29.18361531768968,1.3789216785341267,68.69413843783056,23.199559434332244,False,False,True,False,False,14.754157833971245,0.0,0.0,0.0,0.0,0,1.0765274634848798,0.8673112528286354,False,False,False,False,0.26419012716216045,0.30320387401573956,False,False,False,False,59768.0,56981.03506774657,False,False,False,False,9515.934820104041,False,False,False,False
2025-07-28 15:00:00+00:00,30.385,30.575,30.37,30.55,8174.0,,,30.57067223248276,29.170430791252898,29.220478420373507,29.22586365688613,28.968693937532457,28.911387509144813,28.791616683975434,28.77077465822427,28.681182809580875,28.554991553052947,28.321411500603574,28.24424256697108,27.999428336823726,27.90310264469727,27.637292373877887,27.560371495881824,27.415794127815943,27.417704728915147,27.444870557174436,,,,,29.592266049913842,29.254543893815143,29.246982243367825,29.073022423334915,28.9722563496903,28.940288451227513,28.828021303802917,28.781208030057538,28.78042096842561,28.705041485897382,28.485741187153018,28.09715378248239,27.802749853454497,27.59335762968552,27.54109824723395,27.51165955363609,27.47659269301746,27.370610838001433,27.333553732259332,27.366371955002872,27.392108377046686,27.43346442025346,,,29.592266049913842,29.073022423334915,28.485741187153018,28.09715378248239,28.887524833042917,"rgba(0, 255, 255, 0.75)",0.8879778779403409,29.191446296051595,1.5299409340011518,66.05216586407201,20.91171708132657,False,True,True,False,False,16.555350644836807,0.0,0.0,0.0,0.0,0,1.076340564879247,0.869422840769545,False,False,False,False,0.26419012716216045,0.28369700058895,False,False,False,False,67942.0,57150.972508556704,False,False,False,False,9495.129629094676,False,False,False,False
2025-07-28 16:00:00+00:00,30.55,30.56,30.48,30.525,5041.0,,,30.562847670932054,29.17801144364761,29.227299432560695,29.232613349191116,28.97306533549542,28.915401815518546,28.795110649273983,28.774192357747932,28.684304910671088,28.55804164673317,28.324476242910176,28.247231095443674,28.00241967177964,27.906108817796888,27.640371654215873,27.563388262210015,27.418664711044418,27.420155837709476,27.447270175774086,,,,,29.60267351670191,29.260178213190162,29.25259074624278,29.077716384262132,28.97670310918046,28.944407351375403,28.831717392832097,28.784656441554617,28.783867717830738,28.708237042054154,28.48880572770552,28.10014224877554,27.805801657220627,27.596424855261116,27.544073705255535,27.51459660011001,27.47950397838408,27.37343756289605,27.336306344858674,27.368952254889333,27.394614936279325,27.435884225378036,,,29.60267351670191,29.077716384262132,28.48880572770552,28.10014224877554,28.891468460544424,"rgba(38, 166, 154, 1.0)",0.9031742421656134,29.196895529990325,1.4704853260929707,63.81055079191629,18.926524808978087,False,True,True,False,False,16.13409667448768,0.0,0.0,0.0,0.0,0,1.0793357933579337,0.8731037310373099,False,False,False,False,0.2760124437133264,0.27985472215113816,False,False,False,False,62901.0,57240.12022160234,False,False,False,False,9426.07335577538,False,False,False,False
2025-07-28 17:00:00+00:00,30.515,30.6,30.47,30.48,4623.0,,,30.556949210296086,29.184863527135693,29.233468360080995,29.238718066719326,28.97703980520681,28.919054296421102,28.79829326843931,28.77730601893832,28.687151063798062,28.5608234204337,28.32727298211971,28.2499589185948,28.00515130232316,27.908854399093507,27.643184936095704,27.566144813040992,27.421288370375578,27.422396681597107,27.449463956300708,,,,,29.611964356521273,29.265281160466852,29.257670886915925,29.081979646921344,28.980745639438034,28.948153980833574,28.835082862325816,28.787797851502464,28.787007628910153,28.711149702737092,28.49160116507352,28.102870796795028,27.808589247594988,27.599227305069572,27.546792647328726,27.51728060227633,27.4821645905036,27.376021331027985,27.338822579737016,27.371311142184236,27.396906454622133,27.438096458629914,,,29.611964356521273,29.081979646921344,28.49160116507352,28.102870796795028,28.895094236757927,"rgba(38, 166, 154, 1.0)",0.9169676819438333,29.201878846488928,1.3938562707048177,61.41009921984441,16.725590025307554,False,True,True,False,False,15.370379054944227,0.0,0.0,0.0,0.0,0,1.0762295081967213,0.8741803278688518,False,False,False,False,0.27976134915602513,0.27980803565358164,False,False,False,False,58278.0,57256.21138095734,False,False,False,False,9351.607102197466,False,False,False,False
2025-07-28 18:00:00+00:00,30.48,30.485,30.33,30.34,3608.0,,,30.54136262760764,29.18963877269618,29.237752196792467,29.24295555157104,28.979863418534038,28.921659327220432,28.800579270755915,28.779544975918082,28.689206777231533,28.56284317633667,28.329319765540316,28.25195988598743,28.00716752228588,27.910885181873155,27.64527629814604,27.568196734656976,27.423245940749094,27.424068965179178,27.45110050168331,,,,,29.618048821368863,29.268819013883057,29.261195698486773,29.084985633855883,28.983616700364625,28.95082122327963,28.837495174312842,28.790055531396128,28.789264323375342,28.71325107003811,28.493636000781564,28.1048800780749,27.81065524801831,27.601312190485306,27.548817257225945,27.519280180509757,27.48414786002336,27.377950457582266,27.3407023492398,27.373072708462235,27.398617144801758,27.4397470330985,,,29.618048821368863,29.084985633855883,28.493636000781564,28.1048800780749,28.897196901507815,"rgba(38, 166, 154, 1.0)",0.9277185665590912,29.204765058968263,1.223684619401683,57.20209894348572,12.853460888943069,False,True,True,False,False,13.028498936881793,0.0,0.0,0.0,0.0,0,1.0724964161376203,0.8777390948187584,False,False,False,False,0.2481277078635664,0.263967871758574,False,False,False,False,54670.0,57216.115080477386,False,False,False,False,9262.558930070372,False,False,False,False
2025-07-28 19:00:00+00:00,30.335,30.34,30.1,30.115,17783.0,,,30.43131510552334,29.208783523080843,29.254807844054476,29.259812729069964,28.991658961098608,28.93262831911552,28.81034070369318,28.78912633193087,28.69808016745324,28.571647576152202,28.33837295941495,28.26084804145273,28.016223635322266,27.92004076863858,27.65478861635191,27.577551700513144,27.432207702281588,27.431728879292304,27.458592022306487,,,,,29.639221593144356,29.282867823342134,29.27521614700238,29.0973525815004,28.995602367077897,28.9620107930529,28.84775346439017,28.799706762018396,28.79891210208198,28.722301695930394,28.502547862977107,28.113867742361574,27.820002511540448,27.610807650492077,27.55805332246317,27.528410054234772,27.49321225115314,27.38679265083728,27.349327050176587,27.3811505210043,27.406457445601035,27.44730478791028,,,29.639221593144356,29.0973525815004,28.502547862977107,28.113867742361574,28.904040273289674,"rgba(38, 166, 154, 0.5)",0.9345323202850575,29.213863769630656,0.9642643820969955,51.14580391960607,7.391698419229378,False,True,False,False,False,9.439981254013428,0.0,0.0,0.0,0.0,0,1.0725558516089364,0.8790735806517722,False,False,False,False,0.202458426908434,0.233213149333504,False,False,False,False,36887.0,56900.93500171029,False,False,False,False,9394.65879161967,False,False,False,False
2025-07-29 14:00:00+00:00,30.135,30.33,30.095,30.135,9317.0,,,30.397245041328492,29.21853953777738,29.263516438122124,29.268421539893,28.99775576224021,28.93830712455318,28.815406368515553,28.7941002315393,28.702692445106273,28.576227122001832,28.34308525004572,28.26547624292421,28.020942001848404,27.92481177067545,27.659747253809048,27.58242948643216,27.43688266369373,27.435727593635278,27.462503057178402,,,,,29.649727373279863,29.290071031006033,29.28240643729158,29.10373136326439,29.001795675958633,28.967800577247136,28.853072579327,28.804716203608574,28.803919797482635,28.727004623247847,28.5071842311218,28.118549454260343,27.824873908962786,27.615757975264536,27.562869614204992,27.53317150871043,27.497940012520736,27.39140586192095,27.353827562734605,27.38536671285731,27.410550058861556,27.45125031413835,,,29.649727373279863,29.10373136326439,28.5071842311218,28.118549454260343,28.90846777811966,"rgba(38, 166, 154, 0.5)",0.9414308737713062,29.219610047287023,0.9723389982378525,47.50657605610139,4.247058396756451,False,True,False,True,False,9.681499198784838,0.0,0.0,0.0,0.0,0,1.080969995889848,0.8723797780517873,False,False,False,False,0.20065006612218347,0.21693160772784376,False,False,False,False,46204.0,56735.091048195405,False,False,False,False,9393.454779346497,False,False,False,False
2025-07-29 15:00:00+00:00,30.135,30.16,29.895,29.995,15443.0,,,30.32587215327197,29.231522990443008,29.275004835026337,29.27976632307129,29.006299855345365,28.94634086402147,28.822690310046465,28.801270018880086,28.709406101403733,28.582965555535004,28.350127835028278,28.272424234716677,28.028107351843893,27.93208461556528,27.667373527012693,27.58994925201599,27.44411969768613,27.441921980580045,27.468557984891326,,,,,29.66103934853403,29.299544367363104,29.29188356994445,29.112507133945535,29.010467828733947,28.975955765417222,28.860684489681628,28.811928501487255,28.81113022736871,28.73383342830997,28.514040875152194,28.125628965465474,27.832326251801355,27.62338160174174,27.570299178579372,27.54052297808446,27.505246705103,27.398555901224512,27.360810061295055,27.39190483561144,27.416893344767548,27.457360204205226,,,29.66103934853403,29.112507133945535,28.514040875152194,28.125628965465474,28.913617717201483,"rgba(38, 166, 154, 0.5)",0.9463200418575821,29.225890898581838,0.8127367776216995,43.2874905098191,0.4967983297365066,False,True,False,True,False,7.51034483539236,0.0,0.0,0.0,0.0,0,1.0726600985221677,0.8768472906403936,False,False,False,False,0.15642126595302386,0.1866764368404338,False,False,False,False,30761.0,56332.391962176865,False,False,False,False,9487.246178116318,False,False,False,False
2025-07-29 16:00:00+00:00,29.995,30.0,29.735,29.8,11314.0,,,30.26778345433839,29.23874828585784,29.281304348463156,29.28597597530531,29.01142092952719,28.951219177370152,28.82721169294468,28.805735255767186,28.713641137780538,28.587276115832122,28.354722321225108,28.276982099556218,28.032873962585906,27.936944749287353,27.67252352679643,27.595041393268442,27.449043953618236,27.446140013663772,27.47267818543459,,,,,29.665102416239797,29.304705266951952,29.297064891968148,29.117629673813035,29.01565981213267,28.980878126215057,28.865379478222447,28.81641300448481,28.81561410459132,28.738127318846992,28.518455460104942,28.130314393279743,27.83732741159262,27.62853781409806,27.575333850703842,27.54550983484669,27.510208883031268,27.403427708113803,27.365573292985186,27.396362339593644,27.421215485979484,27.46151903956221,,,29.665102416239797,29.117629673813035,28.518455460104942,28.130314393279743,28.916009548136188,"rgba(38, 166, 154, 0.5)",0.9490607590265431,29.228415425152548,0.6022634161312604,38.46254123047271,-3.8339800277440332,False,True,False,True,False,4.609351379638596,0.0,0.0,0.0,0.0,0,1.0565610859728507,0.8914027149321261,False,False,False,False,0.11865903379227123,0.15266773531635253,False,False,False,False,19447.0,55760.52542012761,False,False,False,False,9515.567942796684,False,False,False,False
2025-07-29 17:00:00+00:00,29.79,29.95,29.785,29.84,7318.0,,,30.238110099889745,29.243432520209296,29.28539993592206,29.290014359518242,29.014752563261748,28.954393058567696,28.830152959268887,28.808639914069698,28.716395700787363,28.590077969532892,28.357705519494147,28.27994107279422,28.03596633999121,27.94009707283143,27.675862005428822,27.59834225306583,27.452235929076384,27.44887551964229,27.475350504294603,,,,,29.66782399940464,29.308072790040136,29.300445131167816,29.12096503324096,29.019037205622215,28.98408103502512,28.868433468875974,28.819330276961015,28.818530960054296,28.74092025996731,28.521323834809966,28.133354855118732,27.84057038749795,27.631880157962204,27.578597531371614,27.54874253767262,27.51342553642479,27.40658566916697,27.368660994658057,27.399252529459027,27.42401823504262,27.464216310196125,,,29.66782399940464,29.12096503324096,28.521323834809966,28.133354855118732,28.917892034543815,"rgba(38, 166, 154, 0.5)",0.9493307647498915,29.230463659750882,0.6420695113675212,36.15800428302993,-5.899933040119727,False,True,False,True,False,5.1235941676876,0.0,0.0,0.0,0.0,0,1.0521239482864766,0.8963677406115325,False,False,False,False,0.11865903379227123,0.13566338455431187,False,False,False,False,26765.0,55310.982390358186,False,False,False,False,9481.497121978131,False,False,False,False
2025-07-29 18:00:00+00:00,29.835,29.92,29.72,29.92,8543.0,,,30.208096240294864,29.24876830992142,29.29006707041986,29.29461639753739,29.018586030737303,28.95804990958241,28.833548827728148,28.81199452788865,28.719580633959467,28.593320420004645,28.361161596667245,28.283370488016633,28.039553270352776,27.9437544620607,27.679737552485744,27.60217500351984,27.455943821960577,27.45205448762592,27.478456063285922,,,,,29.67082486141013,29.311917305333772,29.304305150234576,29.12479476801884,29.022922583633413,28.987769424374243,28.87195711404483,28.82269899832507,28.821899230964423,28.74414864812682,28.524644399824027,28.136880519181556,27.84433373210042,27.63576060681095,27.582387421656918,27.55249682107608,27.517161528404205,27.41025449800551,27.3722486807945,27.40261110818306,27.427275303389155,27.467350861541558,,,29.67082486141013,29.12479476801884,28.524644399824027,28.136880519181556,28.920219069063304,"rgba(38, 166, 154, 0.5)",0.9499577989676865,29.232992585617858,0.7231978253441479,36.43790041916057,-5.899933040119727,False,True,False,True,False,6.150097799551872,0.0,0.0,0.0,0.0,0,1.0483969777414743,0.897692464774351,False,False,False,False,0.10751764388813866,0.12159051422122527,False,False,False,False,35308.0,55000.85863236813,False,False,False,False,9466.946779001726,False,False,False,False
2025-07-29 19:00:00+00:00,29.92,30.285,29.92,30.26,25763.0,,,30.197984782630126,29.27206291115413,29.310983609019456,29.31530371047177,29.03403940269168,28.972555757724564,28.846643982072337,28.824875010997467,28.731605355743472,28.60531572934314,28.37357564157385,28.295592526896776,28.05207000804587,27.956428911932612,27.692952426798776,27.615193247783385,27.46845498117605,27.46278855176785,27.48895594526797,,,,,29.69334563142438,29.329470499054064,29.321846506687915,29.140788641559272,29.038601581104004,29.002516692707378,28.88565226208977,28.8356614026362,28.834857779107576,28.756389243800054,28.53680962930328,28.149279169970427,27.857289486234485,27.64896196107098,27.59524856259107,27.565219606315413,27.52980176842921,27.42261018658352,27.384313442324306,27.41392400374386,27.43825972441922,27.47794295048361,,,29.69334563142438,29.140788641559272,28.53680962930328,28.149279169970427,28.93431309871236,"rgba(38, 166, 154, 1.0)",0.953952649588735,29.250410226924267,1.0583227307047012,42.41383821179591,-5.899933040119727,False,True,False,True,True,10.273671483059896,0.0,0.0,0.0,0.0,0,1.0545234248788369,0.8859046849757669,False,False,False,False,0.17426930135227678,0.14792990778675102,False,False,False,False,61071.0,55094.969351246145,False,False,False,False,9719.598766924179,False,False,False,False
2025-07-30 14:00:00+00:00,30.18,30.26,30.11,30.205,3688.0,,,30.19781711423884,29.275434356447853,29.314021839112723,29.318309774246345,29.03628848492701,28.97466706769562,28.8485493021493,28.82674894943859,28.73335416045536,28.607058081766933,28.375374968468687,28.297363319836787,28.053880713273735,27.958261454842507,27.694860614406075,27.61707271431287,27.470260796869386,27.464339005073285,27.490472856843358,,,,,29.696641745939512,29.332032587241258,29.324406467193988,29.143118945589283,29.0408831326303,29.004663540568284,28.887644792295372,28.83754737191571,28.836743175270975,28.75816962325698,28.538575379575253,28.151073814309957,27.859161644413902,27.650867921115257,27.597105355740933,27.567056357112413,27.53162646141492,27.424393433134433,27.38605471356377,27.415557413006308,27.439846046007958,27.47947306597449,,,29.696641745939512,29.143118945589283,28.538575379575253,28.151073814309957,28.936414748313787,"rgba(38, 166, 154, 0.5)",0.9554871169358273,29.25300474051186,0.9963454688338594,45.53208147499478,-12.588942640570082,False,True,False,True,True,9.438894117070145,0.0,0.0,0.0,0.0,0,1.0614547652629458,0.887970985291154,False,False,False,False,0.19403038126806096,0.170980144527406,False,False,False,False,57383.0,55130.44269463768,False,False,False,False,9626.08560774706,False,False,False,False
2025-07-30 15:00:00+00:00,30.205,30.265,30.16,30.17,3876.0,,,30.197831121191758,29.278976712773712,29.317216519123455,29.32147087625323,29.03865640185825,28.97689024895182,28.850555849383486,28.82872247632545,28.735195984651916,28.608892818978,28.3772691106109,28.299227356814225,28.05578634535554,27.96018991733336,27.696868281841912,27.619050142923466,27.472160729606603,27.46597057527953,27.492069190757064,,,,,29.700105237565992,29.334729676470158,29.32710129172036,29.14557242761496,29.04328511287163,29.00692411312379,28.889743024277948,28.839533565427168,28.83872876451059,28.760044685245475,28.540434551998594,28.152962697593328,27.86113161872437,27.652873210334917,27.599058947792518,27.568988867902526,27.53354627543863,27.426269618062502,27.387886764551823,27.417276135583446,27.44151529756118,27.48108327050895,,,29.700105237565992,29.14557242761496,28.540434551998594,28.152962697593328,28.938634278827667,"rgba(38, 166, 154, 0.5)",0.9535325360453121,29.255742422187666,0.9588110979454718,47.040260900849646,-10.982419454472556,False,True,False,True,True,8.905527836533885,0.0,0.0,0.0,0.0,0,1.0607712497476278,0.8927922471229552,False,False,False,False,0.20065006612218347,0.18581510532479473,False,False,False,False,53507.0,55105.27304045725,False,False,False,False,9536.936993673462,False,False,False,False
2025-07-30 16:00:00+00:00,30.17,30.205,30.125,30.205,2307.0,,,30.197521235920224,29.2810266605805,29.319064149770018,29.323298941202,29.040036985558796,28.97818805421784,28.851729638640325,28.82987731449026,28.7362750887742,28.609969133765617,28.378382277651475,28.300323433551483,28.056908400226284,27.96132592225559,27.698052178109645,27.620216558067586,27.473282029149182,27.466933662282564,27.493011422298945,,,,,29.702062257982693,29.33629003670945,29.328660739503114,29.146999694488194,29.0446853743861,29.008243030085616,28.89096966978639,28.840695640172232,28.839890498404888,28.761142921555212,28.541525832368695,28.15407433238104,27.86229255529346,27.654055896820978,27.60021139951953,27.570129014768018,27.534679073149867,27.42737707310959,27.38896831899759,27.418290764304516,27.442500678500597,27.48203371363446,,,29.702062257982693,29.146999694488194,28.541525832368695,28.15407433238104,28.939913653686904,"rgba(38, 166, 154, 1.0)",0.9473991186874702,29.25731078208786,1.0003062059262524,48.642845308878705,-9.156246266478213,False,True,False,False,True,9.328811802539672,0.0,0.0,0.0,0.0,0,1.055318283506203,0.9031930038641444,False,False,False,False,0.18922662373324245,0.1875208645290186,False,False,False,False,55814.0,55116.26105533388,False,False,False,False,9424.84494725992,False,False,False,False
2025-07-30 17:00:00+00:00,30.205,30.23,29.965,29.97,6336.0,,,30.191560389726128,29.285841637480647,29.323375456559685,29.327561246117146,29.043402537437274,28.98137318488923,28.854643993788446,28.832749683926433,28.73897771820408,28.612685710193947,28.381223440944662,28.303129895526176,28.059805141272044,27.96426666347441,27.70113646198982,27.623260381457513,27.476216626947306,27.46945503714103,27.49547709551658,,,,,29.70598484091025,29.33992254888822,29.33229696099601,29.150433009919624,29.04809691139978,29.01146989934904,28.894004973445416,28.843583522447318,28.84277771840031,28.76388868067074,28.544290213373795,28.1569354530277,27.865305531802225,27.657139940546667,27.603220067457475,27.573107393636253,27.537640319223872,27.43027787806084,27.391803269618464,27.420949183544426,27.445081469046585,27.484521347711553,,,29.70598484091025,29.150433009919624,28.544290213373795,28.1569354530277,28.942800590755766,"rgba(38, 166, 154, 0.5)",0.9393774294471091,29.260722092748658,0.755051042336414,46.02695143612531,-9.156246266478213,False,True,False,True,True,5.78421430313038,0.0,0.0,0.0,0.0,0,1.0416666666666667,0.91360294117647,False,False,False,False,0.17307612931146765,0.18029849692024313,False,False,False,False,49478.0,55028.84615525119,False,False,False,False,9376.955878310153,False,False,False,False
2025-07-30 18:00:00+00:00,29.97,30.045,29.815,29.825,4775.0,,,30.18249843216055,29.288684299510773,29.325888065316306,29.330041439999953,29.045525364891212,28.983405295718548,28.856539509725653,28.834623293519815,28.740760451801844,28.614499899607566,28.383154198967087,28.305046377549683,28.061808046632205,27.966308254565863,27.703297906575,27.625398672883094,27.478286878394833,27.471234589639646,27.49721620353331,,,,,29.707554865341596,29.34202881925985,29.33441197299323,29.152548708940078,29.050246629870184,29.01351779237471,28.89596822232801,28.845464602286608,28.844658564089084,28.765694796772525,28.546146930482987,28.15890471186098,27.86740521816091,27.659304200361966,27.60533496980233,27.575202877445378,27.539725858263132,27.432326776733518,27.393807674665442,27.42282762726177,27.446904034853592,27.486276430354902,,,29.707554865341596,29.152548708940078,28.546146930482987,28.15890471186098,28.94438485168004,"rgba(38, 166, 154, 0.5)",0.9288336336064823,29.26244681165706,0.6056554887646058,42.53015509211359,-9.156246266478213,False,True,False,True,False,3.701414406806336,0.0,0.0,0.0,0.0,0,1.0283193104863535,0.9271495998358296,False,False,False,False,0.13336401525894606,0.15683125608959458,False,False,False,False,44703.0,54868.75551718528,False,False,False,False,9305.607725158057,False,False,False,False
2025-07-30 19:00:00+00:00,29.82,29.97,29.735,29.89,19565.0,,,30.147169867657013,29.29949705458441,29.335425844426226,29.339453490979245,29.05381068013425,28.991367145637497,28.86401226387569,28.842016407079917,28.747819563318057,28.621707124398124,28.390858120185886,28.312703722567026,28.069835705754386,27.974499120672466,27.71198925516721,27.63400293866203,27.486627768981688,27.478408995654064,27.504226919588458,,,,,29.712737022376174,29.350035350942814,29.342459455555435,29.160748156182965,29.058633249751132,29.02152835245743,28.903693459344293,28.852884009579494,28.852077275252054,28.772840301958798,28.553533577480763,28.166788503797356,27.87583663744007,27.668010047107597,27.613846916819544,27.58363899593602,27.548124357222243,27.440584608422327,27.401888969843007,27.430401593782793,27.454252384250413,27.493351830733868,,,29.712737022376174,29.160748156182965,28.553533577480763,28.166788503797356,28.950545428211054,"rgba(38, 166, 154, 0.5)",0.9199773939641703,29.268979274612384,0.6750391145065492,41.51055093960256,-9.156246266478213,False,True,False,True,False,4.532468662796312,0.0,0.0,0.0,0.0,0,1.0249176276771006,0.9291598023064246,False,False,False,False,0.11513766092516685,0.13598445850738072,False,False,False,False,64268.0,55014.48023784907,False,False,False,False,9464.668070504444,False,False,False,False
2025-07-31 14:00:00+00:00,29.505,29.7,29.42,29.68,5092.0,,,30.131770007130108,29.30095727259975,29.336638476865645,29.34064110092619,29.05524413485515,28.99279436047941,28.865428919127293,28.84342923556655,28.74920990694626,28.623172371308502,28.392491952178208,28.3143461988591,28.071606591983443,27.976322108565437,27.713962814192133,27.6359667532358,27.488548214164613,27.48006261650428,27.50584067828512,,,,,29.711779493227073,29.351027385480318,29.343472073901616,29.16205991092593,29.060079685027294,29.02294126690307,28.90513518510235,28.85429635755237,28.853489901166714,28.7742372443257,28.555056760795193,28.16851008972733,27.877728560340834,27.669992637102343,27.615792189755123,27.58557054734289,27.550051345340304,27.44249069872311,27.403758201463337,27.43215137827241,27.455948127498438,27.49498139512533,,,29.711779493227073,29.16205991092593,28.555056760795193,28.16851008972733,28.951192635318424,#000000,0.9098306940808227,29.26930786002391,0.45139402599623185,38.44186443393372,-4.423958336904434,False,True,False,True,False,1.5894221966032802,0.0,0.0,0.0,0.0,0,1.0087773014901,0.9287609716268621,False,False,False,False,0.04692914467833784,0.09145680159285928,False,False,False,False,59176.0,55078.99992408397,False,False,False,False,9396.87476708577,False,False,False,False
2025-07-31 15:00:00+00:00,29.7,29.81,29.62,29.77,2005.0,,,30.12740290351031,29.30178298047568,29.337353106867475,29.341344639785547,29.05594414610159,28.993477496283212,28.866086217329578,28.844081885353837,28.74984171802161,28.62382670277746,28.393204973491827,28.315058735009,28.07236349515526,27.97709765062271,27.714793638002803,27.63679136050269,27.489351132375766,27.480753938481566,27.506515835550168,,,,,29.711851336494195,29.35162388087577,29.344074722834716,29.16273087407925,29.060787232310215,29.023623826209516,28.905809850585566,28.854950185764647,28.854143752411506,28.774874609778234,28.555731679189698,28.169249872693236,27.87852995949729,27.67082602947944,27.61660850557217,27.58638036360636,27.55085840055289,27.44328663371773,27.404537979146042,27.432881918703895,27.45665657686044,27.495662951228834,,,29.711851336494195,29.16273087407925,28.555731679189698,28.169249872693236,28.95164883293556,"rgba(38, 166, 154, 0.5)",0.8991516622413653,29.269721340450737,0.5563896287553877,38.21248527340188,-5.007793646812495,False,True,False,True,False,2.7584818146571557,0.0,0.0,0.0,0.0,0,1.019947079177692,0.9161408508039889,False,False,False,False,0.08297938982299514,0.08721809570792721,False,False,False,False,61181.0,55173.60457642375,False,False,False,False,9282.272057518549,False,False,False,False
2025-07-31 16:00:00+00:00,29.77,29.845,29.72,29.81,1624.0,,,30.12444852941177,29.30253956623124,29.338015047116635,29.341997170344715,29.056558814521527,28.994073449582277,28.86665364438823,28.844644445305544,28.750383192869933,28.624383964936747,28.393807061961123,28.31565906313034,28.072997575995938,27.977746166652526,27.71548551646988,27.637477367153796,27.490017950234776,27.48132807381028,27.50707671376919,,,,,29.71206624244796,29.352179291384708,29.344634435064002,29.163328624174593,29.061408851786762,29.02422108359485,28.906393971765247,28.85551418011776,28.854707735084883,28.775421621318387,28.55630483123995,28.16987089450024,27.87919896417987,27.671519640854093,27.617287448534107,27.587053656755028,27.55152911822383,27.44394732742115,27.40518500826889,27.433488294135792,27.457244774549288,27.496229073678368,,,29.71206624244796,29.163328624174593,28.55630483123995,28.16987089450024,28.952088531531018,"rgba(38, 166, 154, 0.5)",0.8863228927822905,29.27015521219834,0.6090836558525656,38.862353852854554,-5.007793646812495,False,True,False,True,False,3.2764832922999574,0.0,0.0,0.0,0.0,0,1.0381050463439752,0.9132852729145207,False,False,False,False,0.09874068919718558,0.0929793924525564,False,False,False,False,62805.0,55291.92078454121,False,False,False,False,9163.539157401981,False,False,False,False
2025-07-31 17:00:00+00:00,29.815,29.84,29.59,29.63,3934.0,,,30.115311331699264,29.303971314615467,29.339241280033097,29.34320278099103,29.05783147342666,28.995323847334316,28.867869607707135,28.845853646294376,28.751560508156143,28.625610451923574,28.395154028249795,28.31700797687092,28.074437923077088,27.97922439519672,27.717074957450585,27.639056438681788,27.491558042450237,27.482654530392416,27.50837185965703,,,,,29.711901648651533,29.353198871638554,29.34566739699077,29.164530737061593,29.06269441217168,29.025466622473203,28.907638317362107,28.856724674181663,28.85591833789461,28.776607614652836,28.557573220164038,28.171276027225034,27.880728762912927,27.673114856166933,27.618851037368398,27.58860534947417,27.553076132983286,27.44547474986172,27.406682030493698,27.434890548581198,27.458604371594696,27.497536621805022,,,29.711901648651533,29.164530737061593,28.557573220164038,28.171276027225034,28.95286296203386,#000000,0.8704725857384703,29.270791690458243,0.4126589572456438,37.102875701831415,-6.905530519827181,False,True,False,True,False,0.7813546770020459,0.0,0.0,0.0,0.0,0,1.0184994861253853,0.9202466598150046,False,False,False,False,0.08297938982299514,0.08797939113777578,False,False,False,False,58871.0,55347.41038478088,False,False,False,False,9082.461030930632,False,False,False,False
2025-07-31 18:00:00+00:00,29.625,29.7,29.49,29.625,6183.0,,,30.099103024450052,29.305724499872056,29.340702244485406,29.344634155004513,29.05956291039709,28.9970489044805,28.869583556930916,28.847563213685266,28.753243823985212,28.627384460937147,28.397131861968315,28.31899659468141,28.076582095391284,27.98143166381282,27.719464514864676,27.641434538057524,27.493884328066372,27.48465894876169,27.51032811161189,,,,,29.710823855375196,29.35439944472977,29.34689252860697,29.166115186524575,29.0644412041219,29.027174154796665,28.909381851283342,28.858433568889097,28.857627572792502,28.77829868077727,28.55941720893757,28.173360464414486,27.883019403205367,27.675515450453688,27.621206866298774,27.59094474007298,27.555410130855115,27.4477838501351,27.40894677397936,27.437011121410176,27.46065967789604,27.49951197366369,,,29.710823855375196,29.166115186524575,28.55941720893757,28.173360464414486,28.95374508270074,#000000,0.8548062738220049,29.271311005345346,0.41376508980595283,35.872882795907245,-8.479434849874842,False,True,False,True,False,0.7129472577220923,0.0,0.0,0.0,0.0,0,1.0098239869013508,0.9269340974212029,False,False,False,False,0.05505554565845278,0.07151746839811428,False,False,False,False,52688.0,55306.17921602459,False,False,False,False,9037.508146730157,False,False,False,False
2025-07-31 19:00:00+00:00,29.63,29.655,29.385,29.44,13644.0,,,30.059426568033043,29.30810500866899,29.342531611691918,29.346406836404523,29.06257082800744,29.000128361794243,28.872767636145362,28.85075642964107,28.756451078567768,28.630831947822692,28.40107215622381,28.322984052558017,28.080948302233658,27.985947741558256,27.724405179559753,27.64636469719605,27.49872908412405,27.488836484151708,27.514402631378424,,,,,29.706090408124094,29.35584600347469,29.348403395478318,29.168692153519473,29.06746819876756,29.03018544514583,28.912585921812124,28.861617167707944,28.86081242975941,28.781505260687585,28.563031316103373,28.177581700556615,27.887726282301887,27.680486419526915,27.626094226317825,27.595802750606534,27.56026222820941,27.45259904018749,27.41367461695561,27.441435677587364,27.464945757025536,27.503627409036664,,,29.706090408124094,29.168692153519473,28.563031316103373,28.177581700556615,28.954752008757183,#000000,0.83792294685404,29.27110303646536,0.2015662229668751,33.10494271459543,-11.416591528663226,False,True,False,True,False,0.0,0.0,0.0,0.0,0.0,0,1.0044697277529462,0.9297033726127584,False,False,False,False,0.03764934494647789,0.05458340667229608,False,False,False,False,39044.0,55054.05240647382,False,False,False,False,9108.926625075424,False,False,False,False
2025-08-01 14:00:00+00:00,28.72,28.935,28.525,28.81,6888.0,,,30.01772875900515,29.304595132466012,29.33900800895984,29.342878838015473,29.061503678853303,28.99936809277202,28.872469205807562,28.850522135539048,28.756451549194182,28.631084348371843,28.401716262272963,28.323726187843903,28.081997972008025,27.98710820352022,27.72585460140348,27.64785492592756,27.500265968441447,27.49016622610002,27.515689895459904,,,,,29.695772229383653,29.35271301108262,29.34533728443763,29.167060515763495,29.066364746587865,29.029296360773696,28.912155221529055,28.861352164507238,28.860549687588435,28.781449154429385,28.5634088722968,28.178515100515376,27.889006617019927,27.68197005768979,27.627582274454515,27.59729737628402,27.561772564955152,27.454146926944933,27.415210692700633,27.44286279764844,27.466319326355084,27.504931756608798,,,29.695772229383653,29.167060515763495,28.5634088722968,28.178515100515376,28.951880980800183,"rgba(239, 83, 80, 0.5)",0.8248146775197112,29.26619857842531,-0.5530922167839449,27.572614615549032,-16.723124070459647,False,True,False,True,False,0.0,0.0,0.0,0.0,0.0,0,0.9842177944367726,0.9455513908068647,False,False,False,False,-0.14635181678554146,-0.04588420505662269,False,False,False,False,32156.0,54699.04384203236,False,False,False,False,9074.493654144022,False,False,False,False
2025-08-01 15:00:00+00:00,28.81,28.92,28.69,28.915,6913.0,,,29.981125405572513,29.30165669350865,29.33602397471906,29.339887517255736,29.060736677574788,28.998875388069155,28.872389946892213,28.850500059561302,28.75663783987196,28.63150741789226,28.40251460738764,28.324614200389863,28.083180490818158,27.98839762320037,27.72742481221755,27.64946089235268,27.501908757624285,27.491587373018387,27.517067459027537,,,,,29.68655677815757,29.35004515073277,29.342731570384494,29.1657723855177,29.065566938554053,29.028686239305134,28.911960342512838,28.861302403721506,28.86050199676382,28.78158536069299,28.563952333649823,28.17958615043572,27.890413322422692,27.68357241845536,27.62918392427768,27.59890325596826,27.56339211113432,27.455797879539514,27.41684627623555,27.44438445205364,27.467785564330363,27.506326819811623,,,29.68655677815757,29.1657723855177,28.563952333649823,28.17958615043572,28.949515914797665,#000000,0.8104380586118467,29.26200606355402,-0.42817098711823365,25.83155363600917,-18.373740247965188,False,True,False,True,False,0.0,0.0,0.0,0.0,0.0,0,0.9876325088339225,0.9466038476639177,False,False,False,False,-0.12865250339024614,-0.08726835422343442,False,False,False,False,39069.0,54456.71758091558,False,False,False,False,9040.98212462241,False,False,False,False
2025-08-01 16:00:00+00:00,28.91,29.02,28.8,28.82,2124.0,,,29.97069545899149,29.300835957322157,29.335184852932006,29.339045763011292,29.06054314047752,28.99876138558934,28.87239595854706,28.850522637535065,28.75672064415244,28.631660711210152,28.402780675560933,28.32490661108832,28.083561402316302,27.988810775711812,27.727922934990907,27.649969291162837,27.502427110902136,27.49203579718213,27.517502369077754,,,,,29.683891818623994,29.349292429251598,29.341997213027785,29.165425224665633,29.06536472321938,29.02853783729341,28.911933217053566,28.861316914055003,28.860517115120157,28.78165370781259,28.56414187385108,28.17993354589429,27.890862078155898,27.684080117045273,27.62969070969286,27.599411019417186,27.5639037869531,27.456318350227235,27.417361551504776,27.444864119429003,27.46824798628268,27.506767152302636,,,29.683891818623994,29.165425224665633,28.56414187385108,28.17993354589429,28.948864832744103,"rgba(239, 83, 80, 0.5)",0.7927913793494873,29.260824727939042,-0.5560412731792739,24.175586362805603,-20.038014365187458,False,True,False,True,False,0.0,0.0,0.0,0.0,0.0,0,0.9891625615763548,0.9534975369458122,False,False,False,False,-0.10400497990293289,-0.09563666706318366,False,False,False,False,36945.0,54185.218083537045,False,False,False,False,8933.742091682527,False,False,False,False
2025-08-01 17:00:00+00:00,28.845,28.86,28.645,28.695,5462.0,,,29.941272420548543,29.29800950782182,29.33235037108317,29.336208118441576,29.05964458032634,28.99810841046428,28.872114034182587,28.850292442972037,28.756680344685634,28.631821747068702,28.403253662119823,28.32545884390778,28.08435919252007,27.989696904853666,27.729039091990792,27.65111908383457,27.50361657175278,27.49306590568931,27.51849924071036,,,,,29.675883207670573,29.34676627995188,29.339523301027704,29.164079583778765,29.064436880209833,29.02778209118221,28.911544263989736,28.861062009726073,28.86026402321024,28.781567566185558,28.56440240227284,28.18063848566211,27.891843379263786,27.685223846685297,27.630839402877058,27.600565582236605,27.565071337986396,27.457517324538745,27.41855224498049,27.445970234392345,27.469312348045055,27.507777399451612,,,29.675883207670573,29.164079583778765,28.56440240227284,28.18063848566211,28.946700950840395,"rgba(239, 83, 80, 0.5)",0.7795808356283331,29.257092955601802,-0.7210194631692832,22.44854424983526,-21.829124617913017,False,True,False,True,False,0.0,0.0,0.0,0.0,0.0,0,0.9806094182825486,0.962208151958844,False,False,False,False,-0.14103295204331645,-0.11833480955325006,False,False,False,False,31483.0,53833.245710148876,False,False,False,False,8879.916632896751,False,False,False,False
2025-08-01 18:00:00+00:00,28.695,28.76,28.49,28.495,5103.0,,,29.9117239558268,29.29469169406932,29.329061790777327,29.332919967264452,29.05842140213012,28.997153459848082,28.871564946505284,28.849800366772417,28.75639904692279,28.631747639051422,28.403491854754087,28.32578208462057,28.084929000749696,27.990354426266173,27.729922507361508,27.652040863581398,27.504588974302767,27.493909265691215,27.519313024476073,,,,,29.667337453837554,29.343845908256792,29.336656341237095,29.162389936087877,29.063179758493142,29.026717613540978,28.91087444110645,28.86054307992628,28.85974702300862,28.781235175638574,28.56442720356342,28.181115185755957,27.892593250276292,27.686135852219348,27.631763098680857,27.60149799660064,27.56601870636211,27.458502539463034,27.4195346322872,27.446880386900137,27.470186013609947,27.50860312545094,,,29.667337453837554,29.162389936087877,28.56442720356342,28.181115185755957,28.944230253189808,"rgba(239, 83, 80, 0.5)",0.772640826546551,29.25297082047872,-0.9810131621785987,20.417935688373003,-23.92656917796245,False,True,False,True,False,0.0,0.0,0.0,0.0,0.0,0,0.9713438735177866,0.9662055335968374,False,False,False,False,-0.17128730845568108,-0.14481105900446556,False,False,False,False,26380.0,53407.61399371246,False,False,False,False,8821.359785875096,False,False,False,False
2025-08-01 19:00:00+00:00,28.5,28.625,28.37,28.38,15157.0,,,29.823593688323466,29.28334217746884,29.317877528139405,29.321744288487956,29.05389455326933,28.993508353752784,28.869257542389672,28.847681951997075,28.75498284361512,28.630989897609606,28.403708465452347,28.326276942824716,28.0861954718117,27.991893267826782,27.732157289426787,27.654406200145427,27.50713735808845,27.49612338943553,27.521443044956765,,,,28.458333333333332,29.63992781955937,29.333919170283945,29.326896924840845,29.15637495643416,29.058537561192306,29.02271768758018,28.908161493046535,28.858336394407242,28.857546599036173,28.779648264875107,28.563976433545513,28.182090510025937,27.894414013071092,27.688462231818562,27.634141271735274,27.603909878529198,27.56848177221056,27.461098464273256,27.422134140737466,27.449282274793976,27.472485863452164,27.510767207221296,,,29.63992781955937,29.15637495643416,28.563976433545513,28.182090510025937,28.95093301525964,"rgba(239, 83, 80, 1.0)",0.7703708186307998,29.217049475474006,-1.0865539753462068,18.614787964631162,-25.818396973772483,False,True,False,True,False,0.0,0.0,0.0,0.0,0.0,0,0.9660784313725492,0.9652941176470582,False,False,False,False,-0.20185551949383096,-0.17333328924914826,False,False,False,False,11223.0,52753.58897055413,False,False,False,False,8919.586765939048,False,False,False,False
2025-08-04 14:00:00+00:00,28.645,28.925,28.635,28.865,6011.0,,,29.799752198491237,29.280799512354548,29.31529507007558,29.31915563214805,29.053162105039238,28.993012882289243,28.869122927578537,28.847597686898872,28.755083182184467,28.631296681664182,28.404341280861807,28.326989608337897,28.087165503096493,27.992956576687195,27.733465107960296,27.65574713362525,27.508514723202314,27.49731703507984,27.522599671849107,,,,28.55772156084656,29.63251756311827,29.33159288769702,29.32462185081462,29.15519972799983,29.057778307849492,29.022121028742916,28.90792471649835,28.85822783336427,28.857439844399952,28.779704063786706,28.56438748069987,28.182963075599314,27.895579007364226,27.689798627739147,27.635479533434435,27.605252911922697,27.569837542220295,27.46248424795096,27.423508461690755,27.450560971336486,27.473717740763853,27.511938712130195,,,29.63251756311827,29.15519972799983,28.56438748069987,28.182963075599314,28.953112348373633,#000000,0.7589331475974761,29.218814369625058,-0.4661996524267191,25.37732433664302,-30.58631651356702,False,True,False,True,True,0.0,0.0,0.0,0.0,0.0,0,0.9665962756767135,0.9439431752735644,False,False,False,False,-0.13454283493385197,-0.15393806209150013,False,False,False,False,17234.0,52202.897668685066,False,False,False,False,8874.492397474876,False,False,False,False
2025-08-04 15:00:00+00:00,28.87,28.95,28.85,28.925,3745.0,,,29.786898297884356,29.27956147583664,29.31401409427337,29.317869142655034,29.05289346497618,28.99287195454522,28.869176830454577,28.847678612873743,28.75526254272891,28.631594939714613,28.404831883969024,28.327524574299492,28.087852159287667,27.993698720123305,27.73435396052054,27.656653340293044,27.509437288052872,27.49811624921952,27.523375192744282,,,,28.61042661796385,29.628519299869872,29.33042893658768,29.323487081540314,29.154681470635435,29.057496301958377,29.02192406740292,28.907925319426663,28.858295516560897,28.857508533105854,28.779859763825897,28.56474756757907,28.183592209823818,27.89638268219558,27.690703916917975,27.636382719548774,27.606157565511197,27.570748802962857,27.46341022869751,27.42442505077172,27.451414999161,27.474541502812812,27.512723737431514,,,29.628519299869872,29.154681470635435,28.56474756757907,28.183592209823818,28.954362820019675,#000000,0.7473235547573654,29.219821010973355,-0.39450250041840895,30.652527684291208,-25.854056371388012,False,True,False,True,True,0.0,0.0,0.0,0.0,0.0,0,0.9749474086823485,0.9432013769363161,False,False,False,False,-0.10634648203792106,-0.1301422720647106,False,False,False,False,20979.0,51718.806231961265,False,False,False,False,8794.965383560537,False,False,False,False
2025-08-04 16:00:00+00:00,28.925,28.965,28.865,28.945,2757.0,,,29.777844971990767,29.278695986568085,29.313114736639978,29.316965524289433,29.052719060914885,28.992788900364822,28.86923326834058,28.847754383882148,28.755408664392014,28.631827300809793,28.4052043821569,28.32792906080621,28.088367183033,27.994254245596586,27.735016735899855,27.65732850743552,27.51012376907548,27.498710984374103,27.523952426291793,,,,28.641770268642333,29.6256714199785,29.329609813203973,29.32268901028254,29.15432704614077,29.057312494695648,29.021800714550697,28.90794384686833,28.858361784545746,28.85757552551936,28.779988985348474,28.565025011038493,28.184065304915745,27.896983249100565,27.69137862553353,27.637055511547157,27.606831266276785,27.571427212914198,27.4640990153426,27.42510667459709,27.452050264527514,27.475154379269306,27.513307989673777,,,29.6256714199785,29.15432704614077,28.565025011038493,28.184065304915745,28.95502509867545,#000000,0.7374079756296452,29.220245881105654,-0.37326132914501226,34.44221600785097,-22.530557169457328,False,True,False,True,True,0.0,0.0,0.0,0.0,0.0,0,0.9756144027433796,0.9428462564297956,False,False,False,False,-0.10283465641452691,-0.11648846423961876,False,False,False,False,23736.0,51284.96427487659,False,False,False,False,8701.353517148746,False,False,False,False
2025-08-04 17:00:00+00:00,28.945,28.975,28.87,28.875,2923.0,,,29.768250048983404,29.277735664604922,29.3121209320197,29.31596742962607,29.05250820706633,28.99267731290258,28.86927334968561,28.847815527390495,28.75554659197423,28.632057870549065,28.405584817762442,28.328344154503043,28.088900574715957,27.994830909073986,27.735707798491532,27.658033201071156,27.510841435313175,27.49933288956018,27.524555894907564,,,,28.667079724119894,29.62259879501515,29.328705790487312,29.321807525230852,29.15392252947773,29.057091251571997,29.021645573121468,28.907942379268132,28.85841260922249,28.85762713329432,28.780108447252854,28.56530373607223,28.18455383173543,27.897607869389155,27.69208253459714,27.637757903153,27.607534855850094,27.572135996399872,27.4648194100735,27.425819838345596,27.452714805960422,27.475795382545172,27.513918854701533,,,29.62259879501515,29.15392252947773,28.56530373607223,28.18455383173543,28.95538724931751,#000000,0.7303562132260442,29.220268367713327,-0.47273968710178854,36.24066213989195,-20.931405761370726,False,True,False,True,True,0.0,0.0,0.0,0.0,0.0,0,0.9759013282732448,0.9426944971536996,False,False,False,False,-0.10107969635027568,-0.10878408029494721,False,False,False,False,20813.0,50812.53072022734,False,False,False,False,8611.766640913882,False,False,False,False
2025-08-04 18:00:00+00:00,28.875,28.95,28.83,28.875,3280.0,,,29.757467321234493,29.276601362036967,29.310952235163658,29.31479421620924,29.052237280883844,28.992520984325303,28.86929222276615,28.84785878332088,28.75567891856367,28.63229576314333,28.405992601715027,28.328791813008845,28.089482448454405,27.995461780559683,27.736467963116695,27.65880931126269,27.511633388932886,27.50001936329207,27.525221835280036,,,,28.688181442446787,29.619078610797477,29.32764410211219,29.32077142428064,29.15343053884566,29.05680811148246,29.0214392687523,28.907912834578507,28.85844396314564,28.85765938593664,28.780219327845,28.56559614480656,28.185084814079243,27.898292827758087,27.692857372003683,27.638531714056093,27.60831031943881,27.572917553274507,27.465614799181655,27.426607590212182,27.45344868676985,27.476503110075104,27.51459303634127,,,29.619078610797477,29.15343053884566,28.56559614480656,28.185084814079243,28.95547013885922,#000000,0.7257939610340957,29.21988520191659,-0.47518334463020984,37.43962622791928,-19.69300398942643,False,True,False,True,True,0.0,0.0,0.0,0.0,0.0,0,0.9744994333207404,0.9438987533056284,False,False,False,False,-0.10868914649272463,-0.10873661339383592,False,False,False,False,20813.0,50347.42171681296,False,False,False,False,8529.103592217542,False,False,False,False
2025-08-04 19:00:00+00:00,28.875,28.99,28.875,28.97,8177.0,,,29.73347066854973,29.274230811598592,29.308472854805924,29.312301485236947,29.05180662218696,28.99234960804644,28.869518046637094,28.848139682244415,28.756160142751764,28.63302723326378,28.407133148963776,28.33002474143186,28.091038485381425,27.99713647028473,27.738457445023744,27.660834342750892,27.513689832563376,27.501801787824082,27.526952311484926,,,,28.73812211652794,29.611152881088337,29.325375103640162,29.318562426386098,29.15248422567555,29.056351382742854,29.02115264116792,28.908031518733036,28.858697685520422,28.85791519008318,28.78065243807508,28.566459293311404,28.186518224708017,27.900099874764614,27.694881656102805,27.640549299371838,27.610330110139984,27.57495083310966,27.46767747767196,27.42864839091352,27.45535151673342,27.47833940236503,27.51634434011115,,,29.611152881088337,29.15248422567555,28.566459293311404,28.186518224708017,28.955924406935093,#000000,0.7185957464712236,29.21929662022179,-0.34692192577816017,39.8824971856303,-17.18387480108582,False,True,False,True,True,0.0,0.0,0.0,0.0,0.0,0,0.9763024261801768,0.9426368252774115,False,False,False,False,-0.0987407125815973,-0.10373866298771661,False,False,False,False,28990.0,50016.298899498026,False,False,False,False,8523.644621795565,False,False,False,False
2025-08-05 14:00:00+00:00,29.12,29.14,28.8,28.895,6030.0,,,29.716663443897296,29.272504285308028,29.30666589031674,29.310484682438133,29.051491249074704,28.99222401906426,28.869683715752068,28.84834578824404,28.75651344967872,28.633564455915657,28.407971140234313,28.330930789080323,28.092182339065626,27.9983676644689,27.739920366068812,27.662323590119442,27.51520254841819,27.503113394278994,27.528225724007683,,,,28.76406790765391,29.605426548763408,29.32371903008424,29.31695000172988,29.15179186832962,29.05601695856509,29.020942645422597,28.90811855501718,28.858883838239297,28.858102870984965,28.780970372668346,28.567093296865927,28.187571811397472,27.9014284611278,27.696370244595123,27.642033148404867,27.61181566703343,27.57644638702845,27.469194886460485,27.43014983638116,27.456751621438976,27.47969060793655,27.51763306677071,,,29.605426548763408,29.15179186832962,28.567093296865927,28.187571811397472,28.955867944589045,#000000,0.714013368285061,29.218383163557377,-0.4529091161613524,40.49855235366495,-16.304365002783058,False,False,False,True,True,0.0,0.0,0.0,0.0,0.0,0,0.973816155988858,0.9377901578458676,False,False,False,False,-0.0899788958029227,-0.09685877939531966,False,False,False,False,22960.0,49596.821397180225,False,False,False,False,8484.983464868501,False,False,False,False
2025-08-05 15:00:00+00:00,28.895,29.03,28.87,28.935,8467.0,,,29.69423792689205,29.270110331633756,29.30415876321972,29.307963753458463,29.05105154979862,28.992048794133535,28.869915115661907,28.848633715056174,28.757007318579166,28.634315679502574,28.409143404545336,28.332198515234612,28.093783314073505,28.000091052018306,27.741968543019645,27.664408890009355,27.51732123321678,27.504951062317183,27.530009925594243,,,,28.79115956637841,29.59755013057332,29.32141785321552,29.314709275299624,29.150827460376465,29.055550754546935,29.020649728040517,28.90824007720235,28.8591438724477,28.858365041045833,28.781414728582938,28.56797995416524,28.1890462700118,27.903288297769613,27.69845446634655,27.644111000050966,27.613896032574484,27.57854086028618,27.471320296003288,27.43225307319007,27.458713136302855,27.481583700886187,27.519438707693386,,,29.59755013057332,29.150827460376465,28.56797995416524,28.1890462700118,28.9554735831841,#000000,0.7092281174080807,29.216720547026107,-0.3972213454476024,41.66905224681655,-14.810187441317098,False,False,False,True,True,0.0,0.0,0.0,0.0,0.0,0,0.9765552889052982,0.9422189403728995,False,False,False,False,-0.09465006525853101,-0.09575442232692533,False,False,False,False,31427.0,49315.1187398596,False,False,False,False,8484.704651459688,False,False,False,False
2025-08-05 16:00:00+00:00,28.935,29.095,28.93,29.045,5539.0,,,29.681720991122383,29.268935884602882,29.30289098877132,29.30668519876149,29.05097688130023,28.992124549186514,28.8702228535877,28.848973504251884,28.7574630436562,28.634928576345253,28.410019220156325,28.333130666869874,28.094923484864402,28.001308260504327,27.743391670185634,27.665852623015002,27.518779715998782,27.50621596449465,27.531239178639165,,,,28.811872939685813,29.59310477275322,29.320237665170847,29.313565471385612,29.150439670617462,29.055462489691426,29.020656482419298,28.90848762793002,28.85946756734823,28.858689996351284,28.781842696063396,28.568677793573016,28.190107368567663,27.90459261677805,27.699899620723894,27.645548356295173,27.615333354014986,27.579985919647783,27.472781133178856,27.433696909988214,27.46006102064056,27.48288564207212,27.520682236114393,,,29.59310477275322,29.150439670617462,28.568677793573016,28.190107368567663,28.955627396006772,#000000,0.704166736499588,29.21619425204733,-0.24311607347193798,44.46421545560237,-11.828217258163328,False,False,False,True,True,0.0,0.0,0.0,0.0,0.0,0,0.9848428835489833,0.9410351201478738,False,False,False,False,-0.0800653935856112,-0.08790990795626827,False,False,False,False,36966.0,49123.659534590464,False,False,False,False,8439.034811902173,False,False,False,False
2025-08-05 17:00:00+00:00,29.045,29.09,28.93,28.935,6993.0,,,29.66568789310763,29.26724006526268,29.301089433035642,29.304871165466075,29.050753255679126,28.99210283489188,28.870512783649634,28.849306706678508,28.757953540518617,28.63562351090992,28.411052491367606,28.334238763494792,28.096299694642607,28.002783375702847,27.745130188106874,27.667619616425984,27.520570212853144,27.507769625293907,27.532748429519824,,,,28.829398924902407,29.58721881266051,29.318570297702916,29.311945135943645,29.14980680215842,29.055219611999018,29.020543539344494,28.90869483302991,28.85977924027424,28.85900333528796,28.78229542391931,28.569481743869677,28.191381704849615,27.90617871474223,27.70166691805964,27.64730837915597,27.617094504231765,27.5817578432946,27.47457602170692,27.4354721520012,27.46171776779881,27.484485383918972,27.5222092840374,,,29.58721881266051,29.14980680215842,28.569481743869677,28.191381704849615,28.955350874000167,#000000,0.6988757574304689,29.214926458841273,-0.4005382299573095,44.520716753646965,-11.406112317777072,False,False,False,True,True,0.0,0.0,0.0,0.0,0.0,0,0.9841299132681307,0.9389186196715256,False,False,False,False,-0.08064808738545953,-0.0842789976708639,False,False,False,False,29973.0,48826.750084441774,False,False,False,False,8416.615667531596,False,False,False,False
2025-08-05 18:00:00+00:00,28.935,28.965,28.74,28.77,11188.0,,,29.635835428105924,29.263054287509394,29.296811568770444,29.300580475629907,29.049535657400465,28.991291969911195,28.87032959078532,28.84921182092123,28.75818397837779,28.63622306051709,28.412239211648657,28.33556982080968,28.098097829219483,28.004751268382513,27.747543886900253,27.670094626342525,27.523113739618996,27.509980034754385,27.534891239848637,,,,28.82878578162051,29.575595398087604,29.314673800987453,29.30813325897948,29.147831024867983,29.053956992520604,29.019557581834835,28.90833377355049,28.859641636463095,28.858868914380402,28.782447136813314,28.570268736747437,28.193002692605784,27.90833171261504,27.70413304578506,27.649778963900534,27.619574271406517,27.58426126260867,27.477135538490842,27.43801150278806,27.464083274864105,27.486765558188466,27.524379270062273,,,29.575595398087604,29.147831024867983,28.570268736747437,28.193002692605784,28.952798543993843,"rgba(239, 83, 80, 0.5)",0.6980291625078417,29.210129915714294,-0.6305322748021289,42.25952125736193,-11.406112317777072,False,False,False,True,True,0.0,0.0,0.0,0.0,0.0,0,0.9817174515235456,0.9436749769159737,False,False,False,False,-0.11748494509283648,-0.10088197138185019,False,False,False,False,18785.0,48360.98651724112,False,False,False,False,8459.582866484596,False,False,False,False
2025-08-05 19:00:00+00:00,28.765,28.815,28.64,28.65,27508.0,,,29.560824439981552,29.250287060354474,29.28394752440342,29.287697113774254,29.044982937334854,28.987877235339557,28.868676774931153,28.84780914310623,28.75771037866166,28.636728542128953,28.414265022521207,28.33799499276783,28.101737647221807,28.00882838926411,27.75275874270213,27.675490098772052,27.52873707654294,27.514876598975576,27.539628895212854,,,,28.79634047784737,29.544012564801225,29.303001717778958,29.2966809568594,29.14125645974587,29.0492697188981,29.015664903704035,28.90616469249088,28.858119684746125,28.857355667473737,28.78174764281262,28.57125630591256,28.196182247719044,27.91287615694945,27.709488584998002,27.655176677118092,27.625008804325482,27.58976617423032,27.482815495882203,27.4436640415466,27.469340670292315,27.491825336180497,27.52918098515298,,,29.544012564801225,29.14125645974587,28.57125630591256,28.196182247719044,28.943834168243807,"rgba(239, 83, 80, 0.5)",0.6961532786585685,29.194836543275706,-0.7826387664589665,39.34027519215391,-11.406112317777072,False,False,False,True,False,0.0,0.0,0.0,0.0,0.0,0,0.9786017339974175,0.9450285925106063,False,False,False,False,-0.14694330421419932,-0.12391263779802475,False,False,False,False,-8723.0,47475.96347046219,False,False,False,False,8754.907163128244,False,False,False,False
2025-08-06 14:00:00+00:00,28.95,29.13,28.92,29.12,5777.0,,,29.55246366015511,29.249366697906442,29.282920468580972,29.2866581033699,29.045014962253923,28.9880471424306,28.869062866065157,28.848225303010537,28.75823556976954,28.637408626651073,28.415207934699925,28.33899342055476,28.102945510084325,28.01011420247666,27.754253704521066,27.67700556299342,27.530266602113702,27.516205900127567,27.54092144045168,,,,28.809584668991594,29.54034166893757,29.302020604327424,29.295732871471674,29.140995489168834,29.04929033011647,29.015770075874457,28.90649569688529,28.858520589701225,28.857757780905345,28.782246684357055,28.5720212794881,28.197310359145504,27.91425048969576,27.711005826199546,27.656685387950773,27.62651722560853,27.591282297419127,27.484347145428465,27.44517790117205,27.470755546249894,27.49319282726674,27.53048824690016,,,29.54034166893757,29.140995489168834,28.5720212794881,28.197310359145504,28.94398771419274,#000000,0.6873506389759069,29.194357329137915,-0.10817961739106007,44.72867852576653,-11.117395332915883,True,False,False,True,True,0.0,0.0,0.0,0.0,0.0,0,0.9810253603357052,0.9313993796752411,False,False,False,False,-0.07715273025690747,-0.10053268402746611,False,False,False,False,-2946.0,46694.22760270309,False,False,False,False,8708.73805982393,False,False,False,False
2025-08-06 15:00:00+00:00,29.12,29.16,29.02,29.115,6176.0,,,29.54455262022221,29.248603065721277,29.28203301730489,29.285756988820786,29.045170744368892,28.988337591892694,28.86956515760095,28.848756944085917,28.75887310397673,28.638205265044157,28.416278193991413,28.340119535532217,28.10428968847716,28.01153992673711,27.755899140925063,27.678670840109838,27.53194292754833,27.517662849299874,27.542338742324276,,,,28.824479361552854,29.536810756835564,29.301156996519868,29.2949027698435,29.14085524291719,29.049435990447343,29.0159958638145,28.906945694660617,28.859037147390485,28.858275552261244,28.782858895180897,28.572906506290188,28.198571435855623,27.915769549598075,27.71267419074005,27.658342609694046,27.62817319753903,27.592945660703478,27.48602459268359,27.446834943516848,27.472305023699906,27.494691016334418,27.531921412266914,,,29.536810756835564,29.14085524291719,28.572906506290188,28.198571435855623,28.944339377685278,#000000,0.6779620561279485,29.203568256234963,-0.13063895749683266,48.24796661744564,-7.880223338948866,True,False,False,False,True,0.0,0.0,0.0,0.0,0.0,1,0.9808498996899506,0.9323363122378254,False,False,False,False,-0.06202680133700008,-0.08127974268223309,False,False,False,False,-9122.0,45828.85973289374,False,False,False,False,8669.470803082475,False,False,False,False
2025-08-06 16:00:00+00:00,29.115,29.125,29.01,29.05,5105.0,,,29.53769809844769,29.247825060682047,29.281160740454713,29.284874173601075,29.04521048714484,28.988496874999107,28.869912406776727,28.849130376872832,28.75934155306685,28.63880937157585,28.417112905075484,28.34100295632936,28.105357148265377,28.012675929259494,27.757219132556514,27.680008917427845,27.533293480643845,27.518837231108403,27.54348075858893,,,,28.834179049877303,29.533693934884894,29.3003206047807,29.294094860927903,29.140640647248215,29.049465943305805,29.01609886931516,28.907245109236868,28.859397282269434,28.858636741699396,28.783304544706866,28.57358507234104,28.199568792932112,27.916983404015895,27.71401380095863,27.659674766564716,27.629505122894244,27.594284384185556,27.48737704558785,27.448171772869127,27.473554744710306,27.49589902303315,27.533076387596854,,,29.533693934884894,29.140640647248215,28.57358507234104,28.199568792932112,28.94443225834209,#000000,0.66781786641448,29.20225717931952,-0.2279920723549819,49.589010257644745,-6.6087107670496295,True,False,False,False,True,0.0,0.0,0.0,0.0,0.0,0,0.9769882179675994,0.9455081001472749,False,False,False,False,-0.06725914290074235,-0.07426944279148773,False,False,False,False,-14227.0,44897.761132383755,False,False,False,False,8614.20768985639,False,False,False,False
2025-08-06 17:00:00+00:00,29.05,29.135,28.98,28.985,5775.0,,,29.529727056200645,29.24681994643998,29.280055964287836,29.283758132248728,29.045178204568835,28.98860677942744,28.870245900133177,28.849495138329296,28.75982023840746,28.639445037628665,28.418013174212945,28.341960528353614,28.1065261473701,28.01392343532708,27.758676787524088,27.681488514361035,27.53479014412738,27.52013923363469,27.54474651804166,,,,28.84298491159296,29.530008275861494,29.299269959414744,29.293077048115528,29.140312691951205,29.049421372840172,29.016142729367797,28.907520535162444,28.85974629077953,28.858986986873,28.783755829036647,28.574305999055767,28.200657282503574,27.918319560890097,27.715494229865076,27.661148321434922,27.63097912509518,27.595766683153474,27.48887671846488,27.449654878045948,27.47494093676837,27.49723864211481,27.5343566668504,,,29.530008275861494,29.140312691951205,28.574305999055767,28.200657282503574,28.944372640511737,#000000,0.6646424426533879,29.200682399525597,-0.3245089174030921,49.47573146555602,-6.529908481071367,True,False,False,False,True,0.0,0.0,0.0,0.0,0.0,0,0.9699428360685967,0.9472616632860035,False,False,False,False,-0.06958579193600027,-0.071927617363744,False,False,False,False,-20002.0,43891.56328537005,False,False,False,False,8570.188965982647,False,False,False,False
2025-08-06 18:00:00+00:00,28.985,29.11,28.96,29.075,8594.0,,,29.518665445649123,29.245445393603926,29.278528872199168,29.282213911798845,29.04519091508392,28.98882385621536,28.870785086951344,28.85007935992392,28.760568397276547,28.640423093358937,28.41938058075575,28.34341144485174,28.108288404674056,28.01580149543947,27.760865279797873,27.6837087448305,27.53703410451811,27.522091820168114,27.54664510730266,,,,28.855662634157554,29.524785579377273,29.297809003366027,29.29166365171127,29.139896255887205,29.0494169178302,29.016264180680327,28.907976788777155,28.860307735174604,28.859550227812637,28.78446457658296,28.575409583345266,28.20230093954484,27.920328706177706,27.71771617864403,27.663359238867926,27.63319032423922,27.59798986232284,27.491124683206575,27.451877669105812,27.47701903883406,27.49924728929002,27.536276884368593,,,29.524785579377273,29.139896255887205,28.575409583345266,28.20230093954484,28.944360977276638,#000000,0.6625874547067885,29.1993860239587,-0.18772770760313184,50.79779443228584,-4.976894323186563,True,False,False,False,True,0.0,0.0,0.0,0.0,0.0,0,0.9677657027076809,0.9467673604715413,False,False,False,False,-0.07482354224881858,-0.07337557980628129,False,False,False,False,-11408.0,43034.20571505423,False,False,False,False,8570.558129300745,False,False,False,False
2025-08-06 19:00:00+00:00,29.07,29.13,28.925,28.94,17234.0,,,29.495744919771976,29.242060654710567,29.274874213241482,29.27852831197386,29.044815404422135,28.988892664295616,28.871554823967795,28.850947767266284,28.76179842325945,28.642131713619676,28.421888335557203,28.346098047742657,28.111615639349,28.01936580853202,27.76506209930535,27.687977084481357,27.54136583046891,27.525864661784222,27.55031174742587,,,,28.87138015972453,29.51358221324921,29.29435291941997,29.288305506305967,29.138622538869736,29.049000887783293,29.016129535393766,28.908560101953388,28.86112687903663,28.86037319335256,28.78560732331099,28.577374897941326,28.205384250539755,27.9241586575083,27.72198312233023,27.66761243932159,27.637447893942202,27.602274684453977,27.49546905214835,27.456177550784332,27.481037786605008,27.503130190020084,27.53998610720396,,,29.51358221324921,29.138622538869736,28.577374897941326,28.205384250539755,28.943565427468393,#000000,0.6617597002693547,29.195146588309683,-0.38555776093018346,49.499556743852324,-4.976894323186563,True,False,False,False,True,0.0,0.0,0.0,0.0,0.0,0,0.9676708302718589,0.9454445260837615,False,False,False,False,-0.07657035590666714,-0.07497296785647421,False,False,False,False,-28642.0,41922.946711720055,False,False,False,False,8704.875057528641,False,False,False,False
2025-08-07 14:00:00+00:00,28.835,28.86,28.435,28.44,6956.0,,,29.479718814483693,29.238411434765197,29.271226460621577,29.274878292885447,29.043311402624436,28.98769711989629,28.87084233097995,28.850304762912316,28.76141613802947,28.64200902096698,28.42216137066926,28.346481929246373,28.112318783655212,28.020183056487838,27.76617383387165,27.68914235230271,27.542605029733533,27.52694920300262,27.551358702707375,,,,28.85890443432563,29.505617395800567,29.291033188430134,29.28503996490176,29.13659516031425,29.047458811567537,29.01480665211425,28.90770188362447,28.860451100388126,28.859699765897997,28.785161271477488,28.57737669223087,28.205966395562015,27.925095394163723,27.72313323086156,27.668782056359323,27.63863079250249,27.60347864317738,27.496727385981167,27.45743548679863,27.48220649482774,27.504253087069422,27.54104826830803,,,29.505617395800567,29.13659516031425,28.57737669223087,28.205966395562015,28.94097087178864,"rgba(239, 83, 80, 1.0)",0.6698585436255584,29.187765725774604,-1.1163039314649588,43.35489663842276,-0.8852922157243555,True,False,False,True,False,0.0,0.0,0.0,0.0,0.0,0,0.950235251538183,0.9538545059717694,False,False,False,False,-0.16592723457702058,-0.1204501012167474,False,False,False,False,-35598.0,40721.07156890269,False,False,False,False,8677.760715551452,False,False,False,False
2025-08-07 15:00:00+00:00,28.44,28.595,28.265,28.39,12670.0,,,29.446937071787573,29.230263702604613,29.263151968208955,29.26680625068977,29.039652853777476,28.98468433125192,28.86884105125741,28.848449746618385,28.76011264247485,28.64122242784135,28.422143959025092,28.346692609134926,28.113151673160495,28.02123611989807,27.76778947629107,27.690872536876025,27.544503443226528,27.52861603433051,27.55296087336014,,,,28.827079551521624,29.488983695435962,29.28371107631595,29.277825334519772,29.131881307363138,29.043716750680538,29.011532599327328,28.90538841179746,28.858527841018958,28.8577813230893,28.78372250701714,28.57683054303709,28.206563748180226,27.926374174858434,27.724825661023914,27.670527457637135,27.6404083924937,27.60530156920978,27.498670417267075,27.45939009569282,27.48401582826619,27.505985425928497,27.54267670647214,,,29.488983695435962,29.131881307363138,28.57683054303709,28.206563748180226,28.93490013215907,"rgba(239, 83, 80, 1.0)",0.6790386553762469,29.172755563222733,-1.1527408005793385,38.879487249180855,-4.99373235405524,False,False,False,True,False,0.0,0.0,0.0,0.0,0.0,0,0.9466594827586207,0.9624640804597696,False,False,False,False,-0.21818710416644274,-0.16931860269159507,False,False,False,False,-48268.0,39341.396040702646,False,False,False,False,8739.65589825608,False,False,False,False
2025-08-07 16:00:00+00:00,28.39,28.41,28.15,28.37,12072.0,,,29.414485183372467,29.221651165621235,29.254647538731966,29.258307776618537,29.03561642606293,28.98130963346118,28.866504607607325,28.84626399128051,28.758496915343212,28.640124465002252,28.421806388350323,28.346587963468238,28.113663614861583,28.021965035264778,27.769069584683553,27.69227226804586,27.546084315532788,27.530008332059047,27.554294067864774,,,,28.793900092487274,29.472070881355823,29.27600338851389,29.270224122447754,29.126785683103986,29.03959285418304,29.00789282725772,28.902727629403895,28.85627216110328,28.855530536285087,28.781966717089873,28.575969346005916,28.20684240488559,27.92732269137858,27.726183107211572,27.671946255633653,27.641862855387032,27.606803525761258,27.500299891283777,27.46103836154745,27.485536836908768,27.50743727911402,27.544033983527008,,,29.472070881355823,29.126785683103986,28.575969346005916,28.20684240488559,28.928463227961732,"rgba(239, 83, 80, 1.0)",0.6880575544225093,29.15853423491837,-1.1460294707180287,35.73424779796585,-7.8346587554362515,False,False,False,True,False,0.0,0.0,0.0,0.0,0.0,0,0.9673461683654209,0.9667799169497918,False,False,False,False,-0.2549076155078941,-0.21211310909974457,False,False,False,False,-60340.0,37795.9480400716,False,False,False,False,8791.32014789552,False,False,False,False
2025-08-07 17:00:00+00:00,28.37,28.41,28.07,28.135,10427.0,,,29.385384238192376,29.213498973345416,29.24662018191481,29.25028853528003,29.031666478157724,28.97797016657081,28.86412440159906,28.844023448132884,28.75678612131324,28.638882183926125,28.42124415919806,28.346240042469933,28.11386832449534,28.022363236484914,27.769956723149733,27.693271541341886,27.54725756282337,27.53104556977173,27.555282347853986,,,,28.76297528215511,29.45656340673272,29.268730519405096,29.263046661617636,29.12187571231018,29.035560758056135,29.004310855239215,28.900044745427024,28.853967104325978,28.853229961334208,28.780125557863776,28.5749380670547,28.206838127754484,27.92791443163727,27.727140560653947,27.672965828663305,27.642917419328253,27.607902732281445,27.501520234202037,27.46228144774878,27.48667934282954,27.508523568040477,27.54504227568198,,,29.45656340673272,29.12187571231018,28.5749380670547,28.206838127754484,28.922357427575072,"rgba(239, 83, 80, 1.0)",0.7077868246787843,29.145925981892447,-1.4282916079304453,31.906217994930355,-11.342368964138359,False,True,False,True,False,0.0,0.0,0.0,0.0,0.0,0,0.9684608120868744,0.9520302171860241,False,False,False,False,-0.2648105561483696,-0.2384618326240571,False,False,False,False,-70767.0,36112.80155883018,False,False,False,False,8816.679525447526,False,False,False,False
2025-08-07 18:00:00+00:00,28.135,28.16,27.99,28.075,8273.0,,,29.36083736190582,29.20630142754197,29.23955387798793,29.24323168949718,29.028070479498165,28.97489874476482,28.86187797251905,28.841897476733525,28.75511821911558,28.63760775467198,28.420533216269,28.34571224675526,28.113799328747728,28.022453937543332,27.770448466709126,27.693860906721728,27.548002075796845,27.531707964513192,27.555907870922265,,,28.074999999999996,28.73545746830792,29.443276687827613,29.262333300296973,29.256729072032318,29.117469999674416,29.031892810161853,29.001032962731923,28.89753532067345,28.851785761029138,28.85105243499908,28.778344768718352,28.573837792349984,28.206595738723088,27.92816270535704,27.727691580401515,27.673575022334752,27.643558458181836,27.608582739794713,27.50230710421194,27.463092670289754,27.487419665075794,27.50922262299498,27.545682934494263,,28.074999999999996,29.443276687827613,29.117469999674416,28.573837792349984,28.206595738723088,28.91165555384253,"rgba(239, 83, 80, 1.0)",0.7293921015733072,29.090137020061007,-1.3917576264828557,28.964399089609074,-14.055057960191391,False,True,False,True,False,0.0,1.0,28.16,27.99,0.0,0,0.9574791192103265,0.9671602126044034,True,False,False,False,-0.3062261475228014,-0.27234399007342924,False,False,False,False,-79040.0,34327.4868059801,False,False,False,False,8808.250385518108,False,False,False,False
2025-08-07 19:00:00+00:00,28.075,28.24,28.045,28.125,23634.0,,,29.298654139200597,29.18732615648598,29.220873239692324,29.22457085831903,29.018600065571203,28.96683187957645,28.85602780344343,28.836371526960427,28.75082604118915,28.634394144575737,28.418877824958216,28.34455661424049,28.11391470582771,28.023013410715286,27.77212725494849,27.695805399051547,27.550364977221022,27.533805194671842,27.557897880517153,,,28.120677437552885,28.674052753527604,29.40833882812687,29.24535983538642,29.239968590452623,29.10581836099093,29.022232449259487,28.99241009986487,28.890981066484716,28.84611035369426,28.845387371312047,28.773748394293825,28.57110637138424,28.20623037211731,27.929163304285282,27.72953393657998,27.675571009085594,27.645639578803866,27.610769902489466,27.504783930741706,27.46563071329127,27.489745251251744,27.51142681959032,27.547716874121384,,28.120677437552885,29.40833882812687,29.10581836099093,28.57110637138424,28.20623037211731,28.899764088261755,"rgba(239, 83, 80, 1.0)",0.7490336837947599,29.067224234325174,-1.257919710034495,28.112181421013364,-14.954632438003834,False,True,False,True,False,0.0,0.0,0.0,0.0,0.0,0,0.956629256229789,0.9648088263268019,False,False,False,False,-0.2891675248487336,-0.2807557574610814,False,False,False,False,-55406.0,32936.269956274984,False,False,False,False,9038.10696868837,False,False,False,False
2025-08-08 14:00:00+00:00,30.14,30.855,29.93,30.38,17922.0,,,29.339071178597372,29.203268198277385,29.235678267106586,29.239265164378118,29.02954705923884,28.97713050358639,28.86534424119307,28.845538649384174,28.7593988844289,28.642885220287162,28.427548752899042,28.353088492841188,28.12258362807757,28.031767150644484,27.78119021589188,27.7047417175917,27.558977186025277,27.541289710812645,27.565233467270133,,,28.936285396054508,28.797742662748096,29.42781507093124,29.258281201573606,29.2528532525733,29.11726879426192,29.03332045038099,29.002890826774586,28.90069866873797,28.855336264024807,28.854610285928246,28.782471189630186,28.579675621028123,28.214841861444214,27.9380800410567,27.738585643971245,27.68440861328185,27.65438929332416,27.61946610238035,27.51329634554063,27.473958093110813,27.49759724906598,27.519070366251874,27.555111094924655,,28.936285396054508,29.42781507093124,29.11726879426192,28.579675621028123,28.214841861444214,28.94868057187463,"rgba(0, 255, 255, 0.75)",0.7544402972812696,29.139815270255486,1.6438474114037795,44.39584264601042,-13.85807381393407,True,False,False,True,True,10.63657782901597,0.0,0.0,0.0,0.0,0,0.9601800554016621,0.9310941828254844,False,False,False,False,0.2444390276881071,-0.018158364886487144,False,False,False,False,-37484.0,31844.482825169944,False,False,False,False,9175.841744367619,False,False,False,False
2025-08-08 15:00:00+00:00,30.385,30.855,30.385,30.725,21969.0,,,29.39629963259311,29.22651155714657,29.257403911363173,29.260843604311386,29.045316747363422,28.991900282698204,28.878583786247123,28.858546091354082,28.771486321722016,28.654755340493207,28.439505523316146,28.36480793502953,28.134360481263162,28.043613885168693,27.793341990479586,27.716695875380395,27.57045138659858,27.551265282887726,27.57501830333047,,,29.462183626284855,28.948660836147493,29.45700023166242,29.27737217164329,29.27187621066134,29.13391581585511,29.04929614516232,29.017957371796978,28.914544589820494,28.868437255033847,28.867706242499867,28.79479033268827,28.591602869357228,28.226589456146105,27.95010246457471,27.750705831889327,27.696224291696943,27.66607769177811,27.63107152229713,27.52462414839851,27.485029499221387,27.508047043193795,27.529250352197064,27.564970851843505,,29.462183626284855,29.45700023166242,29.13391581585511,28.591602869357228,28.226589456146105,28.992052177290056,"rgba(0, 255, 255, 0.75)",0.7654213348342908,29.206182503511776,1.9842894721729178,56.06356365995951,-3.8722356471175843,True,False,True,False,True,13.226172441484788,0.0,0.0,0.0,0.0,0,0.9777435370655709,0.9304913542201674,False,False,False,False,0.301154081006576,0.14149785806004442,False,False,False,False,-15515.0,31110.22727749289,False,False,False,False,9374.185283214632,False,False,False,False
2025-08-08 16:00:00+00:00,30.725,30.87,30.515,30.83,13885.0,,,29.43220030812881,29.241656793093124,29.27159384585657,29.274940858715095,29.05563463178494,29.00156287908642,28.887238799816988,28.867048034312415,28.7793812228022,28.662495171046594,28.447278310871127,28.37242087811274,28.141991659337535,28.05128349253525,27.80119149422196,27.724414254885918,27.57785437014501,27.557705611747053,27.58133714599144,,,29.668984726647448,29.036084326611412,29.475974734876008,29.28988506098087,29.284343770646068,29.14481885880893,29.059747530385522,29.027816485662825,28.923597053185926,28.877001168308293,28.87626678909677,28.802838178993007,28.599372363237606,28.234208886183666,27.957878649772763,27.758532608576004,27.703852731187762,27.67362288555171,27.63856168185871,27.53193106360392,27.492170175265812,27.514789945488037,27.535820986207913,27.571337387576587,,29.668984726647448,29.475974734876008,29.14481885880893,28.599372363237606,28.234208886183666,29.014407311242707,"rgba(0, 255, 0, 1.0)",0.7778931583228205,29.240380074951872,2.043493901495974,64.0819666904159,2.665354030411379,True,False,True,False,True,13.988511904075,0.0,0.0,0.0,0.0,0,0.9827850690301686,0.9323333901482865,False,False,False,False,0.31961401779339227,0.23055593792671836,False,False,False,False,-1630.0,30602.626854586022,False,False,False,False,9444.120395102778,False,False,False,False
2025-08-08 17:00:00+00:00,30.83,31.06,30.78,30.78,11807.0,,,29.464253297516834,29.255439016189364,29.284539004859052,29.287804910440506,29.065005939239686,29.010327834545084,28.89506753519007,28.874734537113074,28.786504120377813,28.669456668312126,28.454233641839323,28.379223369117007,28.14878125526341,28.058096958943455,27.8081386960269,27.731239160497246,27.58439000626692,27.563393231073924,27.58691941853995,,,29.814843214688686,29.109356833788777,29.493351756279964,29.301333992867388,29.29574885237117,29.15474989647346,29.06924017631408,29.03676631957164,28.931791744936252,28.884745665219114,28.884008086448343,28.810103033251355,28.606349180899667,28.240999074960836,27.964776426120224,27.765455922960417,27.71059673228879,27.680291128056517,27.645178683361664,27.538378856548356,27.498469074986048,27.52074081330167,27.54162177968883,27.576960974871177,,29.814843214688686,29.493351756279964,29.15474989647346,28.606349180899667,28.240999074960836,29.032759145113992,"rgba(0, 255, 255, 0.75)",0.7854648993480197,29.268256012425315,1.9246486874582418,68.93689083022772,6.543729716768652,True,False,True,False,True,13.458072241157016,0.0,0.0,0.0,0.0,0,0.9865828804347825,0.9296874999999997,False,False,False,False,0.34282822962350823,0.2866920837751133,False,False,False,False,-13437.0,29919.84194211182,False,False,False,False,9480.754187426766,False,False,False,False
2025-08-08 18:00:00+00:00,30.81,31.005,30.74,30.92,13126.0,,,29.4986157272939,29.270629688901224,29.298820457817225,29.30199816981347,29.075396852377175,29.020053779859246,28.903764160814866,28.883274501422054,28.794422584574523,28.67719690214979,28.461966968722297,28.38678770408671,28.156331165250073,28.065673218810822,27.815862819579852,27.73882791224933,27.591658397296356,27.56972192362258,27.593131349069882,,,29.942226516356886,29.184882650822455,29.512374179631887,29.313988747321687,29.308356121299393,29.16575246455575,29.079764086986486,29.046695059393212,28.940891174197745,28.89334951108511,28.892608408833475,28.81817814290308,28.61410630999397,28.248549704219695,27.972445914647366,27.773153600803816,27.718095918854587,27.687706425817645,27.652537222264836,27.545549917188513,27.505475156624556,27.527361256765886,27.54807590358943,27.583218696925584,,29.942226516356886,29.512374179631887,29.16575246455575,28.61410630999397,28.248549704219695,29.05144403484854,"rgba(0, 255, 0, 1.0)",0.7967751726022603,29.296338553604762,2.0377912141669476,72.56291274027865,9.67788487014193,True,False,True,False,True,14.488626849984328,0.0,0.0,0.0,0.0,0,0.9814189189189187,0.9334459459459457,False,False,False,False,0.3310971323855383,0.30889460808032576,False,False,False,False,-311.0,29451.14671820311,False,False,False,False,9537.26962638139,False,False,False,False
2025-08-08 19:00:00+00:00,30.92,31.12,30.83,30.9,48769.0,,,29.61802977876527,29.326736976713633,29.351700681701608,29.354564709937424,29.114266459498175,29.056488411394362,28.936405578286603,28.915336250501525,28.824179071883762,28.706277379779245,28.490993763830417,28.415180589644475,28.184646669042827,28.09407790278612,27.844794446520222,27.767252647328476,27.618885828116404,27.593459344730555,27.616436226937164,,,30.250587435036753,29.425374255707105,29.581699260226078,29.361064228676476,29.355261166419904,29.206857373402773,29.119118540884784,29.083874847674874,28.97501829092444,28.92564796698434,28.924893780644528,28.848516509095106,28.64324044800869,28.276876976951346,28.00118767959188,27.80198416584058,27.746187411499335,27.715484948704773,27.680102949968127,27.572413407095695,27.531724077413035,27.552179976056347,27.572278076460286,27.6066931745003,,30.250587435036753,29.581699260226078,29.206857373402773,28.64324044800869,28.276876976951346,29.112452550224898,"rgba(0, 255, 255, 0.75)",0.8075803700274911,29.385439537486594,1.8754300113335436,74.74837435743319,11.845406716112798,True,False,True,False,True,14.270713016068612,0.0,0.0,0.0,0.0,0,0.9835321794656359,0.9321122500420093,False,False,False,False,0.342828230071677,0.3258614190760014,False,False,False,False,-49080.0,28233.60955978135,False,False,False,False,10145.513508142918,False,False,False,False
2025-08-11 14:00:00+00:00,31.69,31.78,30.855,30.905,22165.0,,31.180000000000003,29.674332074620736,29.354456696066045,29.37793044793044,29.38064973751072,29.13355171813951,29.07455338345364,28.95255452826708,28.931191778856014,28.838867251098424,28.720579368120436,28.50517656291168,28.42903010820144,28.198381563304643,28.10782828816877,27.858728680384957,27.780927327590597,27.631959400015212,27.604869639734172,27.627644862398334,,,30.36405716515193,29.527689841476136,29.615976950714888,29.384544708278412,29.378652872740215,29.227302855717223,29.138641278247864,29.10232079295605,28.991910448106825,28.941624337631296,28.94086335403528,28.863499467296617,28.657539176336698,28.290646924406676,28.015072536881938,27.815859865792717,27.75969894283683,27.728840904510836,27.693350079684603,27.58530484653565,27.544316002885534,27.564096757947414,27.583905532767112,27.617980763164706,,30.36405716515193,29.615976950714888,29.227302855717223,28.657539176336698,28.290646924406676,29.250338671826565,"rgba(0, 255, 255, 0.75)",0.8168156694368215,29.528969385233903,1.684628082263461,76.2223689894354,13.676639137010042,True,False,True,False,True,14.308414580612332,0.0,0.0,0.0,0.0,0,0.9829982017328754,0.9130292627104786,False,False,False,False,0.3428282325348152,0.3343448258054083,False,False,False,False,-26915.0,27378.59235730412,False,False,False,False,10331.862135923648,False,False,False,False
2025-08-11 15:00:00+00:00,30.905,30.96,30.475,30.73,17033.0,,30.980836989982482,29.702561103489167,29.369992976067916,29.392583319729013,29.395215709356616,29.144864044110072,29.08525131010635,28.962286103364765,28.94077338459498,28.847845203677895,28.729430719916603,28.51412408217368,28.437821506852,28.207241678250526,28.116747931775965,27.867890964119496,27.78995462526871,27.640651517874215,27.612471022050347,27.635105338283534,,,30.39473029749106,29.578897985785176,29.633904073099984,29.39767870928254,29.39175397180386,29.239108077681426,29.150081881530618,29.11319805789966,29.002034146149263,28.951265987817123,28.95050183740428,28.872630795875583,28.66644145000706,28.299475662645683,28.0241271055398,27.825003411499132,27.768628305946745,27.737680912898238,27.70213281577013,27.59389385951175,27.552721098493233,27.57204726349809,27.59165765584521,27.62549663005628,,30.39473029749106,29.633904073099984,29.239108077681426,28.66644145000706,28.299475662645683,29.256319688735886,"rgba(38, 166, 154, 1.0)",0.8231852658919901,29.537817822116796,1.448255000763862,74.8872131866949,13.676639137010042,True,False,True,False,True,12.371227357103209,0.0,0.0,0.0,0.0,0,0.9714008725157537,0.9410243981257065,False,False,False,False,0.21632573924119752,0.2753352825233029,False,False,False,False,-43948.0,26272.753716105603,False,False,False,False,10435.755746219405,False,False,False,False
2025-08-11 16:00:00+00:00,30.73,30.905,30.715,30.73,13002.0,,30.931642688378037,29.724349183682225,29.382147184329014,29.404064241195954,29.40663040815543,29.15372483065616,29.093628646795153,28.96990072296885,28.94826956858312,28.85486468222475,28.736342318680624,28.5210950680817,28.444667083286728,28.214128056174907,28.123676020964453,27.87499582560335,27.796952488319615,27.64738587378639,27.618363157100912,27.640889357404692,,,30.418610140920514,29.61707967813088,29.647956021293574,29.407991016557656,29.402039635089746,29.248364356609684,29.15904262042222,29.121717862422212,29.00995686489953,28.958809776786595,28.95804309358545,28.879771404115232,28.67338776845727,28.306342449680226,28.031155241902674,27.83209219341865,27.775549893887856,27.744532520659273,27.70893905384328,27.60054725845723,27.559231462642725,27.578207620119752,27.59766552246739,27.631323132673426,,30.418610140920514,29.647956021293574,29.248364356609684,28.67338776845727,28.306342449680226,29.265177191320863,"rgba(38, 166, 154, 1.0)",0.8301631121607831,29.549844102861833,1.421595202015672,73.99710931820123,13.676639137010042,True,False,True,False,True,12.37122735710322,0.0,0.0,0.0,0.0,0,0.9904353562005276,0.9414577836411605,False,False,False,False,0.23529705357521938,0.25531616804926116,False,False,False,False,-43948.0,25184.05986004195,False,False,False,False,10475.54247883616,False,False,False,False
2025-08-11 17:00:00+00:00,30.74,30.755,30.48,30.75,13648.0,,30.8756860496902,29.74377306354771,29.393593953441307,29.41486819668209,29.417370814036165,29.162236584212835,29.101706938749206,28.9772937806887,28.95555549514529,28.861716938019033,28.743119202975155,28.52797541107471,28.451438326172884,28.22097664385512,28.130578801194336,27.882106096523593,27.803965095298622,27.654150790176644,27.624287676763235,27.64670375023893,,,30.433338157966787,29.650719897717604,29.66079970194138,29.41770875906024,29.411737332666178,29.257201170499393,29.16764673161343,29.129919938532215,29.017632372289015,28.966138225084848,28.965369347775532,28.886734186393902,28.680212708636684,28.313157639524018,28.038169721117796,27.839191468364287,27.78248875619792,27.751404835845463,27.715769728101282,27.60723559904858,27.56578030160433,27.584404174341238,27.603707679900918,27.63718085365794,,30.433338157966787,29.66079970194138,29.257201170499393,28.680212708636684,28.313157639524018,29.272802198337587,"rgba(38, 166, 154, 1.0)",0.8378128056415591,29.559895079000217,1.4204902491177065,73.5198815834688,13.676639137010042,True,False,True,False,True,12.532467569966116,0.0,0.0,0.0,0.0,0,0.9803246433841613,0.9447450401705194,False,False,False,False,0.19598687099418932,0.22565151952172524,False,False,False,False,-30300.0,24323.841877715717,False,False,False,False,10524.727866761179,False,False,False,False
2025-08-11 18:00:00+00:00,30.74,30.745,30.37,30.375,12616.0,,30.81474461748913,29.757924317616013,29.40264119363744,29.423391406992728,29.42584183043944,29.16916322669523,29.10831865133497,28.983406719135356,28.961589555158575,28.86742857018906,28.74880623384118,28.533807473217735,28.457196341782158,28.226847688164632,28.136512521403706,27.888258272241085,27.81004444982107,27.660035624557942,27.6294473412259,27.651765556297317,,,30.43669723227762,29.675175030361363,29.67047598248868,29.425384788317263,29.419403900459937,29.26432387350207,29.174644299960004,29.136616089517712,29.023958568961696,28.97220284609022,28.97143248695395,28.892528408056226,28.685958141558828,28.318982356786975,28.044214889238603,27.84534052774857,27.788507435919,27.75737021935453,27.721703762206946,27.613059672539347,27.571488073967096,27.589804118051113,27.608971573658522,27.642281228561558,,30.43669723227762,29.67047598248868,29.26432387350207,28.685958141558828,28.318982356786975,29.2778346177701,"rgba(38, 166, 154, 0.5)",0.8397540555862516,29.566190239399276,0.9631507644652876,68.14047371375952,13.676639137010042,True,False,True,False,False,8.423226309601713,0.0,0.0,0.0,0.0,0,0.9766081871345028,0.9454191033138398,False,False,False,False,0.18386098569486817,0.20475625260829672,False,False,False,False,-42916.0,23281.363709068963,False,False,False,False,10557.150690532322,False,False,False,False
2025-08-11 19:00:00+00:00,30.375,30.42,30.105,30.235,25748.0,,30.676034893614304,29.77622633356338,29.41664663069334,29.43652545442513,29.438887874494277,29.180528230852275,29.119288592679244,28.993749434464693,28.971829962437262,28.877239848298988,28.758699160457592,28.54414120617762,28.46745768164882,28.237461879393113,28.147291682735343,27.89956185556164,27.821250933208518,27.67094687193571,27.639031571821864,27.661161747770013,,,30.41878635442234,29.707385702869296,29.683928823598144,29.43723420181522,29.431259732842715,29.275788734533425,29.186112408785434,29.14767166283897,29.034597447838454,28.982480156183268,28.98170836361017,28.902451037503372,28.696011209966954,28.329456510431655,28.055245651963514,27.856658546119277,27.7996122154959,27.76839050417421,27.732681172160508,27.623876561311604,27.58210504151096,27.59984559558529,27.618755152505138,27.651751739833607,,30.41878635442234,29.683928823598144,29.275788734533425,28.696011209966954,28.329456510431655,29.28300853835864,"rgba(38, 166, 154, 0.5)",0.8411741954118126,29.571463755968374,0.7888214446554427,63.00905688357866,22.68399553291259,True,False,True,False,False,6.957503382648682,0.0,0.0,0.0,0.0,0,0.971885603490063,0.9542737114234929,False,False,False,False,0.12494450216905736,0.16485037738867703,False,False,False,False,-68664.0,21855.854194199674,False,False,False,False,10792.66773408996,False,False,False,False
2025-08-12 14:00:00+00:00,29.37,29.5,29.01,29.27,24252.0,,30.408709586602736,29.75886735495154,29.4142546017298,29.433932848292816,29.436270303264326,29.181305232759303,29.120547011298548,28.99577633166766,28.97396577390047,28.879775191217494,28.761784804335104,28.548170496552558,28.471699581696676,28.24248171687091,28.152603073429063,27.905658675942085,27.82743980479424,27.677219460282362,27.64458932557572,27.666582385532003,,,30.32115569853175,29.685079422023946,29.674908784425,29.434876820615756,29.428996729951763,29.27561820347603,29.18684496978734,29.14870943129946,29.036419869358614,28.984561361926254,28.983793823748552,28.90488995950634,28.699397969755033,28.334178391403228,28.060885291293264,27.8628438950086,27.805783234735323,27.7745679862606,27.73889362876288,27.630165840813607,27.58833835845895,27.605719857034863,27.624454741073887,27.6572273669347,,30.32115569853175,29.674908784425,29.27561820347603,28.699397969755033,28.334178391403228,29.267144503239123,#000000,0.8405372209602046,29.547065016844112,-0.3296284922725985,52.816295312768325,13.017800306149525,True,False,False,False,False,0.0,0.0,0.0,0.0,0.0,0,0.958346382712183,0.9592859379893515,False,False,False,False,-0.07226735454416287,0.04629151142225708,False,False,False,False,-92916.0,20076.44560204154,False,False,False,False,11001.339552166084,False,False,False,False
2025-08-12 15:00:00+00:00,29.28,29.485,29.045,29.105,25950.0,,30.20754088575734,29.73986232143008,29.410997659846302,29.430493941068782,29.4328079040332,29.18161957407136,29.121410708500118,28.99752071072673,28.97583604297259,28.88211095348163,28.764728444158216,28.552142610020162,28.475913247249547,28.247546155050724,28.15798485663824,27.911891468150753,27.833781847098592,27.68367332168515,27.650317478305016,27.672167282661565,,,30.229405118138253,29.66110202136519,29.664596933557174,29.431744626737608,29.42596673463009,29.274887558199897,29.187105531455042,29.14932570612847,29.037922972766022,28.986369231201838,28.985606480703776,28.90711284070159,28.702668513271714,28.33891707614473,28.066620715516923,27.86917532984784,27.81211126585048,27.78090832475745,27.745275869643162,27.63664414595021,27.594765645251965,27.61177723345691,27.630330771864177,27.662869782164332,,30.229405118138253,29.664596933557174,29.274887558199897,28.702668513271714,28.33891707614473,29.253635440996927,"rgba(239, 83, 80, 0.5)",0.840531299158187,29.52550852204265,-0.5002889511238888,45.275461229168414,6.159991891364612,False,False,False,True,False,0.0,0.0,0.0,0.0,0.0,0,0.9665421724245252,0.953159041394335,False,False,False,False,-0.07030765015930092,-0.012008069368521921,False,False,False,False,-118866.0,17922.29915859903,False,False,False,False,11233.101729651882,False,False,False,False
2025-08-12 16:00:00+00:00,29.11,29.3,29.1,29.18,17977.0,,30.101778930841327,29.72702159735473,29.408600188344447,29.427978933237686,29.430277520953616,29.181702990493115,29.12187990243217,28.99861065440357,28.977015130922183,28.88362093277115,28.76666245561683,28.55479082292349,28.478732222112665,28.250957523265225,28.161616844498653,27.916114089352977,27.838083358970383,27.688059266063604,27.654214887964276,27.675966843028167,,,30.173266450858407,29.64524591910427,29.657440011962137,29.429449324151232,29.423741377866882,29.274247148164395,29.18715049358782,29.14962212201709,29.03884093694721,28.987504310528482,28.986744917365424,28.908542392502227,28.70482909305359,28.34210159743957,28.070497474943682,27.873467302638986,27.816404756906707,27.78521206220645,27.749609992327944,27.641049117164663,27.599138274264124,27.61589901099454,27.634329080372293,27.666708652214293,,30.173266450858407,29.657440011962137,29.274247148164395,28.70482909305359,28.34210159743957,29.24586258233614,#000000,0.8397146287027178,29.512726400297783,-0.3962374703556317,41.04101843918206,2.350748581930638,False,False,False,True,False,0.0,0.0,0.0,0.0,0.0,0,0.9713395638629283,0.9554517133956382,False,False,False,False,-0.08305604728069456,-0.04753205832460824,False,False,False,False,-100889.0,16080.26351272928,False,False,False,False,11337.658291982862,False,False,False,False
2025-08-12 17:00:00+00:00,29.185,29.36,29.11,29.215,21900.0,,30.00332630778918,29.713145208629804,29.40621336492512,29.425432637896414,29.427711084816924,29.182104041306093,29.12271923802048,29.000157899636,28.978663993492262,28.885646397180732,28.769186404194702,28.558162748072437,28.482303312740843,28.255233344506703,28.166156069774097,27.921360673164504,27.843421309555847,27.693491450493955,27.659043648680882,27.680676165009178,,,30.114755171399807,29.628712464032652,29.649645423660218,29.42711789261912,29.42149043151627,29.273812090177664,29.187509541456702,29.150262723580088,29.040194724733503,28.98910267172607,28.98834716390504,28.91047639824734,28.707622338063857,28.346107324989497,28.075330432598697,27.878796096482876,27.82173129690321,27.790549108639055,27.754982147857493,27.64650202590101,27.604549140620595,27.621002089268586,27.63928109230918,27.67146593470387,,30.114755171399807,29.649645423660218,29.273812090177664,28.707622338063857,28.346107324989497,29.238460734443137,#000000,0.8337521398055404,29.500030573380428,-0.34186487778838837,38.613020783178655,-0.014710846628844365,False,True,False,True,False,0.0,0.0,0.0,0.0,0.0,0,0.9686481452739406,0.9539034611205958,False,False,False,False,-0.07618844143121113,-0.06186024987790968,False,False,False,False,-78989.0,14606.321442764483,False,False,False,False,11501.415527766072,False,False,False,False
2025-08-12 18:00:00+00:00,29.235,29.335,29.0,29.175,22101.0,,29.918215283682702,29.69830965802005,29.403098694780848,29.422186708747336,29.42444772110999,29.181999887349793,29.1230924763959,29.001304538058914,28.979922510277525,28.887322600155866,28.771385624763923,28.561238335097148,28.48559374104709,28.259254241259068,28.17044852429885,27.926378621681657,27.848541698212028,27.698727904710022,27.663706758187125,27.685221789126494,,29.17,30.05919021121569,29.611060830033885,29.641011128604916,29.42414468725136,29.418600467363007,29.272828789585283,29.18735682907173,29.15042351171463,29.041123902883722,28.99030622948167,28.989554883682494,28.912050720852672,28.71009874057948,28.349848396908154,28.079922320224387,27.8839008505688,27.826844893234217,27.795678364299782,27.76015109428087,27.65176559308379,27.609778491623157,27.62593364522649,27.644065145612018,27.67605879876057,29.17,30.05919021121569,29.641011128604916,29.272828789585283,28.71009874057948,28.349848396908154,29.255561465426535,#000000,0.8283088600076999,29.48733950694786,-0.3770809682573649,36.74574263245375,-2.1101274515248463,False,True,False,True,False,0.0,1.0,29.335,29.0,0.0,0,0.9640432098765431,0.9567901234567898,False,False,False,False,-0.08944010279932726,-0.07565017633861848,False,False,False,False,-101090.0,12812.580025047206,False,False,False,False,11665.750170746443,False,False,False,False
2025-08-12 19:00:00+00:00,29.175,29.53,29.15,29.49,34374.0,,29.845809645911597,29.685745760300648,29.402835463618334,29.42156289121827,29.423782385389693,29.184746853737195,29.126329762490737,29.00534352394221,28.98407516741523,28.891889398189345,28.776620110553726,28.567667546151476,28.492274368799933,28.26693204101357,28.17850562986355,27.935470006090956,27.857740270924516,27.708005683570015,27.671953393414373,27.69327619815883,,29.30390491367862,30.003106611955104,29.5985775128468,29.6341747595893,29.423541443945545,29.418098276485317,29.27452987511033,29.1900688811902,29.153421024661974,29.044965285674593,28.994399866774003,28.99365331231254,28.9165179531452,28.71571549864194,28.357142701364587,28.088414109079164,27.89310512259198,27.836011653926384,27.80484558789376,27.769358667278684,27.661056055918305,27.61897980907792,27.634625671376096,27.652510945526586,27.684190206198487,29.30390491367862,30.003106611955104,29.6341747595893,29.27452987511033,28.71571549864194,28.357142701364587,29.256536647151133,#000000,0.8215081056004598,29.484511878289016,0.006680544809683822,39.15622921043665,-2.1101274515248463,False,True,False,True,False,0.09073704065706423,0.0,0.0,0.0,0.0,0,0.965559467319761,0.9534670136231436,False,False,False,False,-0.05562599616784502,-0.06563808625323175,False,False,False,False,-66716.0,11579.5787843488,False,False,False,False,12017.81605957208,False,False,False,False
2025-08-13 14:00:00+00:00,30.05,30.48,30.045,30.475,5829.0,,29.856884591152077,29.69019011731407,29.405995638925134,29.424549686729957,29.426751666115013,29.187313381322816,29.12880718728703,29.00767943875014,28.986388158965976,28.89410665312026,28.77885061912812,28.569987234134587,28.494577622255825,28.269308611453646,28.180917029402355,27.937993094507974,27.860242877888133,27.710445595882998,27.674107570524402,27.69538966430186,,29.400215555983564,30.00773397759507,29.605546765797566,29.63738894584918,29.426258985788934,29.420815348222565,29.277130134622883,29.192657643798903,29.15591912643369,29.047366385191715,28.99672127403544,28.9959743722201,28.918760007681072,28.71797843222756,28.359489976026403,28.09087895478526,27.895631396677555,27.838492618858094,27.807308582545186,27.771812583245307,27.663475864807726,27.621356791018542,27.636878681850227,27.654708242051825,27.686319766556142,29.400215555983564,30.00773397759507,29.63738894584918,29.277130134622883,28.71797843222756,28.359489976026403,29.263519363770353,"rgba(38, 166, 154, 1.0)",0.8187772249787075,29.49306063169824,1.199275380830602,47.587358514261126,-2.1101274515248463,False,False,False,False,True,7.977469716806727,0.0,0.0,0.0,0.0,0,0.9773607387548405,0.9389335716413459,False,False,False,False,0.12494450216905736,0.029653207957912806,False,False,False,False,-60887.0,10456.065934979051,False,False,False,False,11921.865422989567,False,False,False,False
2025-08-13 15:00:00+00:00,30.48,30.675,30.395,30.45,6099.0,,29.871970664220225,29.696011300577595,29.40989306028323,29.42824603383961,29.43042785194942,29.190390850535568,29.131759958065008,29.010433199465485,28.989110160966476,28.896697847048365,28.781437085027484,28.572645796209716,28.4972079973844,28.271997753800527,28.183637073490996,27.94081799829394,27.863039142294998,27.71316206439568,27.676504473369697,27.697742472723434,,29.498869786412875,30.01494350583658,29.614402028551176,29.641550297910825,29.429625118344603,29.424177803163957,29.280281456939715,29.195763495529246,29.158904771293,29.050206483735877,28.999455478757245,28.998707999407404,28.9213848545042,28.720592759091904,28.362155165150313,28.093651085621406,27.898456648477662,27.84126321784851,27.810057016327654,27.774548544901993,27.666167144581937,27.62399809728939,27.63938330598488,27.657151988276144,27.68868997480649,29.498869786412875,30.01494350583658,29.641550297910825,29.280281456939715,28.720592759091904,28.362155165150313,29.271409754058286,"rgba(38, 166, 154, 1.0)",0.8137208056509546,29.502817369986143,1.164014270541031,52.9862653774005,-8.214354115217361,True,False,True,False,True,7.751829295505939,0.0,0.0,0.0,0.0,0,0.9896111605817748,0.9338082517067375,False,False,False,False,0.17932771212889867,0.10449046004340573,False,False,False,False,-66986.0,9255.413749940617,False,False,False,False,11831.588439687403,False,False,False,False
2025-08-13 16:00:00+00:00,30.45,30.705,30.44,30.7,4622.0,,29.884817937073233,29.700949957270673,29.413118232282837,29.43131016788604,29.43347589976666,29.192904661607113,29.134164890149428,29.01266396114817,28.991313284397584,28.898787751042406,28.783514790469017,28.574768257961136,28.49930401564818,28.274129948763232,28.185790099775474,27.94304487007403,27.865240977373674,27.715296868439296,27.678387642738016,27.69959154396038,,29.56951345429647,30.02144328229837,29.621798550047824,29.64506904488368,29.432417317387817,29.426965762113227,29.282868893232212,29.198301142610422,29.16133976688693,29.052510985385812,29.001669411704935,29.00092139611412,28.923503807519374,28.72268874865007,28.36427232917855,28.09584177957086,27.900682398532346,27.843444211737083,27.812219660893735,27.776700362210207,27.668280939659166,27.626071640612896,27.64135007743406,27.65907144424627,27.690552486958786,29.56951345429647,30.02144328229837,29.64506904488368,29.282868893232212,28.72268874865007,28.36427232917855,29.277521323848973,"rgba(38, 166, 154, 1.0)",0.8139059533512394,29.510410736774368,1.4615807370956366,57.84200577398167,-3.537156311117073,True,False,True,False,True,9.567447388001131,0.0,0.0,0.0,0.0,0,0.9927072481023961,0.9368953713350198,False,False,False,False,0.18688731386191126,0.1456888869526585,False,False,False,False,-62364.0,8145.035242189599,False,False,False,False,11719.811874731007,False,False,False,False
2025-08-13 17:00:00+00:00,30.7,30.84,30.61,30.82,6467.0,,29.90541178597649,29.70882885840723,29.418130454738787,29.436080917181993,29.438222633573876,29.196755981192858,29.137837420020368,29.016049840439734,28.99465392439808,28.901944054044513,28.786638233397078,28.577936258331384,28.502425671496695,28.277286916748032,28.188971482568977,27.946319311088835,27.868474244435248,27.718424245209214,27.6811453997764,27.702300318881086,,29.66609323370066,30.03241983095088,29.633416177400967,29.650662808166462,29.436767468451713,29.431307324210458,29.28685560101397,29.202190103257198,29.16506382138265,29.056015341130767,29.005028047901,29.00427910096915,28.926707279791614,28.725832608140532,28.367413982275224,28.099072581457733,27.903952723404114,27.846645746588802,27.815392656829264,27.779855673459256,27.671375377891074,27.629105358386397,27.644228473579297,27.661881440462146,27.693280543959666,29.66609323370066,30.03241983095088,29.650662808166462,29.28685560101397,28.725832608140532,28.367413982275224,29.286527713993564,"rgba(0, 255, 255, 0.75)",0.8212364496939935,29.521667492050096,1.580948469145135,61.65469380593369,0.23516214185593753,True,False,True,False,True,10.421427252510224,0.0,0.0,0.0,0.0,0,0.9976250556627577,0.92667359358765,False,False,False,False,0.2178580809668967,0.1817734839597776,False,False,False,False,-55897.0,7152.135470992861,False,False,False,False,11638.372930936728,False,False,False,False
2025-08-13 18:00:00+00:00,30.81,31.015,30.765,30.88,5560.0,,29.924942531821696,29.716338132903413,29.42282553356165,29.440556269825855,29.442676207545734,29.200326702576906,29.141234104136423,29.01916698385676,28.997727104526163,28.904838724711194,28.789492401251696,28.58081467761534,28.505256996539156,28.28013668243436,28.191838548650527,27.949258366000304,27.87137312998991,27.721222695123785,27.68361248546723,27.704724310128427,,29.74588428255655,30.043245701208946,29.644350106466614,29.655987240913383,29.44085084541032,29.4353812846218,29.29056760369356,29.205796473603023,29.168512085353964,29.059246135750175,29.00811891756201,29.00736903003511,28.92964754780119,28.728700306679,28.37025503358562,28.101979563627577,27.906886258426614,27.849515357034466,27.81823550776631,27.782681349968414,27.67414275650753,27.631817117662315,27.646802109811976,27.664394571941653,27.695721479953143,29.74588428255655,30.043245701208946,29.655987240913383,29.29056760369356,28.728700306679,28.37025503358562,29.29455129033493,"rgba(0, 255, 255, 0.75)",0.8273332661829945,29.531741242292277,1.6296440779277281,64.49408537124215,3.2215592866500984,True,False,True,False,True,10.848600290173952,0.0,0.0,0.0,0.0,0,1.0019208037825058,0.9208037825059099,False,False,False,False,0.2518394103596638,0.2168064471597207,False,False,False,False,-50337.0,6260.831045085994,False,False,False,False,11544.134590922205,False,False,False,False
2025-08-13 19:00:00+00:00,30.88,30.96,30.775,30.845,10928.0,,29.960145180423353,29.730491761228514,29.43180009268592,29.449111710398924,29.451190043115616,29.207190758916504,29.147770459161702,29.025176398354432,29.00365347644899,28.910427345754904,28.79500858191466,28.586386066191988,28.51074022720653,28.28566258507081,28.197400364293706,27.95496560730218,27.877004352137096,27.7266623609954,27.68841013465017,27.709438010202472,,29.872734215461552,30.063095299517848,29.664844203407196,29.666095791692797,29.448663133409262,29.443176501671704,29.297692393013428,29.2127281220654,29.175144871449824,29.06547086012685,29.014078606212678,29.0133269596454,28.935322519580232,28.734245173850695,28.37576141821729,28.107620964607232,27.912583793862353,27.855090341821786,27.823759303567005,27.78817258856309,27.679523055408012,27.637090297332247,27.65180708381546,27.669281869141663,27.70046819961555,29.872734215461552,30.063095299517848,29.666095791692797,29.297692393013428,28.734245173850695,28.37576141821729,29.308743378380335,"rgba(0, 255, 255, 0.75)",0.8330245175542764,29.549503866510083,1.5551716740504062,65.94924348532047,5.076186203575112,True,False,True,False,True,10.511908359852203,0.0,0.0,0.0,0.0,0,1.0025047885663767,0.9222042139384113,False,False,False,False,0.247173581392825,0.23199001427627286,False,False,False,False,-61265.0,5213.918935859855,False,False,False,False,11534.582116644342,False,False,False,False
2025-08-14 14:00:00+00:00,30.945,30.99,30.775,30.81,7078.0,,29.981525362452878,29.73946028227604,29.43754657933207,29.454591719061437,29.45664357620209,29.211601899312264,29.15197345932812,29.02904425152834,29.00746843805127,28.914026965665506,28.79856285141523,28.58997747521391,28.514275567173375,28.28922675600436,28.200988115618507,27.95864811195366,27.880638319722344,27.730173681741263,27.69150818851425,27.712481926536544,,29.94042493870765,30.075419091491614,29.67773536854903,29.672543943300223,29.453671451123494,29.448174171627,29.302267773086676,29.21718228412001,29.17940897844657,29.06947594166854,29.017914768344152,29.01716200516685,28.938977226246568,28.737818378054513,28.379312508618376,28.11126036265231,27.916260256765614,27.858688224672743,27.827324382259487,27.79171686168602,27.682996335344626,27.64049475990531,27.655038784271866,27.67243772393829,27.703533412013726,29.94042493870765,30.075419091491614,29.672543943300223,29.302267773086676,28.737818378054513,28.379312508618376,29.317224868182326,"rgba(38, 166, 154, 1.0)",0.8386174647906757,29.560092123970755,1.4904386427740677,66.44604061828664,6.213885948336369,True,False,True,False,True,10.17105667228467,0.0,0.0,0.0,0.0,0,1.001027749229188,0.9232124504478049,False,False,False,False,0.25028294994673395,0.2411364821115034,False,False,False,False,-68343.0,4073.5015880170663,False,False,False,False,11465.487820262259,False,False,False,False
2025-08-14 15:00:00+00:00,30.81,30.995,30.645,30.845,6456.0,,29.99952043251428,29.747301153453485,29.442638026193666,29.459447088380013,29.46147545411242,29.215531968088364,29.15572205284833,29.032500374882613,29.01087830828565,28.917248195044618,28.801747055008548,28.593200198243714,28.51744980438056,28.292431252191065,28.20421530704454,27.961964202196295,27.883911908173612,27.733338925839053,27.694301996292737,27.71522679434791,,29.9927683522959,30.085913304115657,29.68896052795286,29.678217650711588,29.45811181029794,29.452605648022605,29.306337736827743,29.221150165665478,29.183210405549122,29.073052488880748,29.021343115667083,29.020589387326066,28.942246756697667,28.741021147452397,28.38250359877516,28.11453538938786,27.919571533602728,27.861929677884014,27.830536759247334,27.7949109867166,27.68612790961696,27.643564883766814,27.6579532610077,27.675283752461382,27.706297538018816,29.9927683522959,30.085913304115657,29.678217650711588,29.306337736827743,28.741021147452397,28.38250359877516,29.324381544250997,"rgba(0, 255, 255, 0.75)",0.8466369612436205,29.56899282932152,1.5071479619837989,67.023310533646,7.552892730506649,True,False,True,False,True,10.433671272402403,0.0,0.0,0.0,0.0,0,1.0017546424915924,0.9222108495394061,False,False,False,False,0.2373577714133929,0.23924712676244814,False,False,False,False,-61887.0,3050.858152543933,False,False,False,False,11387.821342428735,False,False,False,False
2025-08-14 16:00:00+00:00,30.845,31.245,30.845,31.21,12254.0,,30.042187392227408,29.76554039833863,29.454074841497228,29.470379551854233,29.472358069490323,29.224186950215298,29.16393945199821,29.040010852854724,29.01827772136709,28.92419754247559,28.808570046595715,28.60003211606468,28.52415635233315,28.299140664501437,28.21095091593474,27.96883192589031,27.890676931916843,27.739854846789356,27.700049683646043,27.72087698435565,,30.104193493638174,30.112050174854097,29.714614458844274,29.69134290941819,29.46811700585551,29.462584772657607,29.315371724066008,29.229892018240978,29.191561405461094,29.080845713496828,29.02878777405782,29.0280315727248,28.94931096570064,28.74786104694159,28.38920795609806,28.12135009913001,27.926421002370375,27.868624468397766,27.83716607247081,27.801496555117883,27.692567187814024,27.649871685485497,27.663943234377236,27.681135866971292,27.711986004087002,30.104193493638174,30.112050174854097,29.69134290941819,29.315371724066008,28.74786104694159,28.38920795609806,29.340331514194883,"rgba(0, 255, 255, 0.75)",0.8647859027859697,29.58904857311985,1.8743962195245547,69.63683842395348,10.771396138667953,True,False,True,False,True,13.101917264581296,0.0,0.0,0.0,0.0,0,1.0112244897959184,0.9139941690962096,False,False,False,False,0.28176032798691564,0.26050372737468186,False,False,False,False,-49633.0,2234.0541501789107,False,False,False,False,11401.250468902708,False,False,False,False
2025-08-14 17:00:00+00:00,31.21,31.22,31.065,31.22,10733.0,,30.079173990387364,29.781913976647047,29.464373728321632,29.48023257293427,29.482167052496987,29.23197638726657,29.171332059146362,29.046761154840894,29.02492710326332,28.930438089718194,28.8146901799036,28.60614824643902,28.530156989090408,28.305133729120875,28.216963725474955,27.97495329798862,27.89670459067197,27.745656950678296,27.705168898625345,27.725910147293206,,30.19039218571935,30.135369021981703,29.73740093291157,29.703189632302227,29.477143469205302,29.471587104547606,29.323510082595504,29.237759596193342,29.199076072538798,29.087851901525834,29.035478396734316,29.034719926147755,28.955655841616913,28.753992557703764,28.395200374391123,28.12742978770498,27.93252476073379,27.874589102964297,27.843071633525724,27.807362232005843,27.69829998852581,27.655485826530782,27.669276612367177,27.686347316036414,27.717052934112292,30.19039218571935,30.135369021981703,29.703189632302227,29.323510082595504,28.753992557703764,28.395200374391123,29.354044520666008,"rgba(0, 255, 255, 0.75)",0.8824087478022214,29.6062889224591,1.828756890228141,71.43310077264778,13.12983427533068,True,False,True,False,True,13.173346593850649,0.0,0.0,0.0,0.0,0,1.0113885238720977,0.9183822455832964,False,False,False,False,0.3033543759593291,0.2819290516670055,False,False,False,False,-38900.0,1596.3168765327262,False,False,False,False,11390.88999651662,False,False,False,False
2025-08-14 18:00:00+00:00,31.23,31.235,31.05,31.05,9642.0,,30.10876462149089,29.795712631419217,29.473216597194334,29.48869316923769,29.490589805651744,29.23871777079731,29.17773973624756,29.052627887437453,29.030708608299733,28.935873560146725,28.820029479626253,28.611496922180034,28.535409199054424,28.31039016322367,28.22224121588249,27.980335270859833,27.902007206793876,27.750766536257434,27.709679842093742,27.730344954096207,,30.252885087552674,30.154354704035136,29.756483668884478,29.71326586554621,29.484902083230764,29.479326316141485,29.33053775885947,29.244567318343538,29.2055854667804,29.09393559270424,29.041294597607298,29.040534234662147,28.96117972194755,28.759345714387052,28.400452122220244,28.132769437658162,27.93789282911705,27.87983720959428,27.84826896869643,27.81252571726589,27.703350114566994,27.660432928577805,27.673976663996484,27.6909397863239,27.721517634463428,30.252885087552674,30.154354704035136,29.71326586554621,29.33053775885947,28.759345714387052,28.400452122220244,29.365234879929258,"rgba(0, 255, 255, 0.75)",0.8965255155318702,29.620281618016993,1.5947325058950692,69.89039186883849,13.12983427533068,True,False,True,False,True,11.442925982724706,0.0,0.0,0.0,0.0,0,1.0074398249452954,0.919912472647702,False,False,False,False,0.3033543759593291,0.2926417138131673,False,False,False,False,-48542.0,818.978630384932,False,False,False,False,11363.775422927214,False,False,False,False
2025-08-14 19:00:00+00:00,31.05,31.19,31.02,31.035,16341.0,,30.153830718352115,29.81793710683177,29.487717939310333,29.50257194389083,29.504406831122495,29.249851888330106,29.188336223246857,29.062351145144117,29.04029392512756,28.944897683687472,28.82890419954595,28.62040160714329,28.54415877943859,28.31915888103817,28.23104914686716,27.989327457229205,27.910870480554124,27.75931380916345,27.71723047011335,27.73776802466805,,30.33833926453143,30.18394156123086,29.78695246798674,29.729658145910918,29.49764490780691,29.492039042765704,29.342124271014384,29.25580902345961,29.216344762707596,29.104010906970732,29.05093591792595,29.050172520246303,28.970347387065495,28.76824780388103,28.40920844920672,28.141684731442425,27.946863602613874,27.888610602750106,27.856959002406384,27.821160658693305,27.711799857796127,27.668712281534187,27.681843685880814,27.69862691040916,27.72899080723716,30.33833926453143,30.18394156123086,29.729658145910918,29.342124271014384,28.76824780388103,28.40920844920672,29.38270670352373,"rgba(0, 255, 255, 0.75)",0.9105718775274302,29.642007611145033,1.5297994845146146,68.62232253566597,13.12983427533068,True,False,True,False,True,11.290452835474415,0.0,0.0,0.0,0.0,0,1.003640599970875,0.9229649046162803,False,False,False,False,0.29501746308799265,0.29382958845057994,False,False,False,False,-64883.0,-199.65669721793518,False,False,False,False,11440.94169543997,False,False,False,False
2025-08-15 14:00:00+00:00,31.27,31.57,31.27,31.415,4455.0,,30.16960027619928,29.825442288724282,29.4924516237331,29.50711159762635,29.508927375635494,29.253417652144474,29.191714743616977,29.065425086086865,29.043320035868675,28.9477303096633,28.831671399041397,28.623148687362313,28.546848830136337,28.321830022335565,28.233723510349115,27.992035847653394,27.913533938214698,27.76187178270833,27.71948851409147,27.739989230994873,,30.36786794444546,30.194586268304246,29.797114724207752,29.735155139469885,29.501814628392946,29.496196591010193,29.34586272519817,29.25941070825069,29.219782224388506,29.107204607485933,29.05398176626525,29.0532172597712,28.97322935767773,28.77101439552148,28.411885232382602,28.144383198747033,27.94956210826652,27.89124544582986,27.859566542194617,27.823749130804096,27.714325571596632,27.67118448194881,27.684193913282677,27.700924542467867,27.731226444240384,30.36786794444546,30.194586268304246,29.735155139469885,29.34586272519817,28.77101439552148,28.411885232382602,29.388530029149187,"rgba(0, 255, 255, 0.75)",0.9325524741894159,29.649337718595586,1.8933650708922787,70.42993201515975,13.638845558024833,True,False,True,False,True,14.06869836180346,0.0,0.0,0.0,0.0,0,1.0050323508267436,0.9094176851186195,False,False,False,False,0.34282823227316417,0.31832891036187205,False,False,False,False,-60428.0,-1133.4294616021532,False,False,False,False,11332.632521867257,False,False,False,False
2025-08-15 15:00:00+00:00,31.41,31.62,31.41,31.535,6523.0,,30.19384620424666,29.8370099295837,29.499710592431956,29.514077155422203,29.5158640826319,29.25886572471642,29.196871855332024,29.07010853064405,29.04792916687692,28.952039130785856,28.835873907619945,28.627309575211758,28.550919938125844,28.325863044356435,28.237758016511915,27.996113122850375,27.917541242156357,27.765716379748778,27.72288199638572,27.743327912078637,,30.412280432584687,30.211133614202495,29.812701904348863,29.743629746146574,29.508214790271204,29.502577313679435,29.351584054137888,29.264914073333696,29.225031682219615,29.112073315735387,29.058621671616418,29.05785542330979,28.97761472798153,28.775212538152925,28.41593040654472,28.148450731933725,27.95362317157055,27.89520910618996,27.86348827381862,27.82764121080397,27.718120508605857,27.674898055499206,27.68772486101527,27.70437698617519,27.734586577266217,30.412280432584687,30.211133614202495,29.743629746146574,29.351584054137888,28.775212538152925,28.41593040654472,29.397425662720483,"rgba(0, 255, 255, 0.75)",0.9563642583212097,29.660558565609126,1.959966004669859,72.30081313485671,15.880114136362778,True,False,True,False,True,14.913039433682293,0.0,0.0,0.0,0.0,0,1.0067422177592882,0.9114904604791273,False,False,False,False,0.34282823288465,0.330578571623261,False,False,False,False,-53905.0,-1951.5933459183989,False,False,False,False,11258.064575791796,False,False,False,False
2025-08-15 16:00:00+00:00,31.535,31.88,31.53,31.755,3812.0,,30.20969116120052,29.84449114039783,29.5043459248395,29.518528835417918,29.520297760817968,29.262317780533063,29.200133448486035,29.073059857494844,29.050831916222865,28.954745972655907,28.838506183613166,28.62990328734624,28.55345373689736,28.32836241750688,28.240254490469212,27.998626420857324,27.920008692002494,27.768078943670233,27.724966584217825,27.745379422453993,,30.441086718145822,30.222060935572635,29.822732039900156,29.74909803395435,29.512305922800156,29.50665511016755,29.355220518182996,29.268401752639534,29.228354550260022,29.115144884465103,29.061544655952193,29.06077724808334,28.980371454207685,28.777838204339172,28.41844143167568,28.15096390735383,27.956124948444906,27.89764896572103,27.865901309626775,27.830034867115522,27.72045117567608,27.67717758959167,27.68989280303244,27.70649724201715,27.736651017735188,30.441086718145822,30.222060935572635,29.74909803395435,29.355220518182996,28.777838204339172,28.41844143167568,29.403141680414013,"rgba(0, 255, 0, 1.0)",0.9832318103033868,29.667802153762427,2.122793246074438,74.64198387293304,18.481043734101462,True,False,True,False,True,16.431341201596876,0.0,0.0,0.0,0.0,0,1.0105789849892781,0.9067905646890634,False,False,False,False,0.34282823401160356,0.3367034028174323,False,False,False,False,-50093.0,-2697.971743656098,False,False,False,False,11142.621714151612,False,False,False,False
2025-08-15 17:00:00+00:00,31.755,31.895,31.71,31.83,2498.0,,30.22050481944967,29.84959494515371,29.5074958456025,29.521555064531626,29.523311880038474,29.264657256509118,29.20234232432957,29.07505589514808,29.052794652115825,28.956574498874918,28.840282272364735,28.63164999523837,28.555159042463373,28.330041647062483,28.241930729366775,28.000311313220102,27.921662111894754,27.769660807963458,27.72636216877189,27.746753030488055,,30.460564841575064,30.229560888573253,29.829556624071042,29.752827776683887,29.515087521169,29.509427413546042,29.357687842088957,29.270765507499252,29.230605655792832,29.117223126048422,29.063521294352253,29.06275308614996,28.982234142539525,28.77960878964693,28.420129612512465,28.152650333906617,27.95780169993946,27.89928370622604,27.867517804390644,27.831638070944607,27.72201130878333,27.67870318309045,27.691343874546465,27.707916546484917,27.738033211390647,30.460564841575064,30.229560888573253,29.752827776683887,29.357687842088957,28.77960878964693,28.420129612512465,29.407023758554182,"rgba(0, 255, 0, 1.0)",1.0113921900834728,29.67272934398282,2.1329714399308677,76.54676398897499,20.60802911427639,True,False,True,False,True,16.941675627554048,0.0,0.0,0.0,0.0,0,1.0104434907010014,0.9110157367668091,False,False,False,False,0.3428282345453044,0.33976581868136835,False,False,False,False,-47595.0,-3394.0497011187945,False,False,False,False,11008.596571296546,False,False,False,False
2025-08-15 18:00:00+00:00,31.83,31.905,31.585,31.625,11455.0,31.705000000000005,30.265076483940476,29.871409976252234,29.52116726761938,29.53468904204901,29.53639311968191,29.27488356894277,29.21201170482584,29.08381660130889,29.06141287535158,28.96461747641318,28.84810832464839,28.639367468952884,28.562700806499233,28.33748606455693,28.249368213617,28.007802938237678,27.929018776881726,27.77670788126427,27.732582892164185,27.75287509764242,,30.536702389790644,30.26080707323371,29.85860902401379,29.76888257375875,29.52716883534066,29.52147026741536,29.36844993333177,29.281096186714862,29.2404538948247,29.12633671410133,29.072198821664973,29.0714272216,28.990423687172314,28.787417003752967,28.427606786519156,28.160139006337257,27.965259785980134,27.906558724928242,27.87471356916657,27.838776739757144,27.728964149001808,27.68550447147224,27.69781302009807,27.714243612432668,27.744193851814806,30.536702389790644,30.26080707323371,29.76888257375875,29.36844993333177,28.787417003752967,28.427606786519156,29.540104522559858,"rgba(0, 255, 255, 0.75)",1.0332864912368949,29.814926093764576,1.7517638347024898,74.25250262969175,20.60802911427639,True,False,True,False,True,14.760251219179768,0.0,0.0,0.0,0.0,0,1.006983041185692,0.9102180418982467,False,False,False,False,0.33144535707577727,0.3356055878785728,False,False,False,False,-59050.0,-4256.932651489045,False,False,False,False,11015.517554687296,False,False,False,False
2025-08-15 19:00:00+00:00,31.625,31.85,31.625,31.685,16635.0,31.713883054467786,30.325863801101594,29.90244361534575,29.54085509561624,29.553613250666324,29.555242333165026,29.289673310949354,29.226005015900522,29.096507725588925,29.073899488053428,28.976277536194253,28.859456789932818,28.65056055694975,28.573640881932498,28.348286485477644,28.260158891948898,28.018672437692008,27.939693596944593,27.786935755290237,27.74161607676934,27.761765561606047,,30.63325866681055,30.304344328697475,29.899561649113853,29.791909806422808,29.54459712740304,29.53884411605702,29.38400334794255,29.296035151155845,29.254702968472827,29.139534114715637,29.084770550997842,29.083994084941466,29.00229447566251,28.798740112240292,28.43845418098703,28.171003822182215,27.976080972230392,27.917115676549848,27.885156105285233,27.849136857301318,27.73905591020909,27.695377224981574,27.707205524129794,27.723430622946726,27.753140119087814,30.63325866681055,30.304344328697475,29.791909806422808,29.38400334794255,28.798740112240292,28.43845418098703,29.562862856215016,"rgba(0, 255, 255, 0.75)",1.0556203419345358,29.843411861310056,1.7445553723557827,73.14743616569658,20.60802911427639,True,False,True,False,False,15.184104623245311,0.0,0.0,0.0,0.0,0,1.005968452465539,0.9124626971720898,False,False,False,False,0.3299667814895039,0.33278618468403837,False,False,False,False,-42415.0,-4848.530594876812,False,False,False,False,11102.641313529351,False,False,False,False
2025-08-18 14:00:00+00:00,31.685,31.73,31.435,31.45,3156.0,31.69615166741343,30.33539898183196,29.90763734443396,29.544242482046705,29.556868655528035,29.558484720930647,29.29225082445319,29.228450130357704,29.098735939218557,29.07609349645899,28.97833282623701,28.861463619551543,28.65254980051126,28.57558854132946,28.35021778365116,28.26209144024048,28.020626562716856,27.941615048953924,27.78878085586901,27.74324719350993,27.76337056300013,,30.647056576400765,30.311290130326583,29.906373541607675,29.79581147848895,29.547598895607464,29.541837388945005,29.38670328295011,29.29863788031976,29.257189999521476,29.141847584574645,29.086978708175238,29.08620144406451,29.004385197412113,28.80074549652927,28.44039060878902,28.17295248966128,27.978027660686575,27.919016589589322,27.88703732067465,27.851004191936042,27.740877657948733,27.697160535986647,27.708902077793226,27.725089821685106,27.754755346019266,30.647056576400765,30.311290130326583,29.79581147848895,29.38670328295011,28.80074549652927,28.44039060878902,29.56584091187424,"rgba(38, 166, 154, 1.0)",1.0727526771376454,29.847096157053613,1.494197010277623,68.72007045779188,24.37208162459045,True,False,True,False,False,12.717446061256052,0.0,0.0,0.0,0.0,0,0.9983058026260057,0.9169843286742902,False,False,False,False,0.2997089737555667,0.3162475792198025,False,False,False,False,-45571.0,-5479.886709684923,False,False,False,False,10979.437572234323,False,False,False,False
2025-08-18 15:00:00+00:00,31.45,31.65,31.41,31.595,2475.0,31.685546988523473,30.34285411259486,29.91172047321397,29.546908621494882,29.559431277837373,29.561037134002152,29.294280007910526,29.2303750721579,29.10049004184013,29.07782065416348,28.97995070414125,28.863043142738107,28.654115088768826,28.577121012138715,28.351737039457905,28.26361155225821,28.022163313103146,27.943126036827778,27.79023169318886,27.74452985920826,27.764632726269394,,30.657743854607713,30.31674130382413,29.91171939969981,29.798882393996116,29.549962351988174,29.544194147342175,29.388828989051213,29.300686896624523,29.259147971592967,29.143668812292354,29.08871701546212,29.08793912201795,29.006030988822804,28.802323756872838,28.441914032108357,28.174485145817027,27.979558517524378,27.920511415602533,27.88851663579444,27.852472562589686,27.742310100016926,27.69856273803565,27.71023612793721,27.726394536179477,27.756025536480966,30.657743854607713,30.31674130382413,29.798882393996116,29.388828989051213,28.802323756872838,28.441914032108357,29.568308859117607,"rgba(0, 255, 255, 0.75)",1.0924151192621194,29.850149914359456,1.5972408792905723,67.07624909153505,22.718308793507163,True,False,True,False,False,13.771843370634482,0.0,0.0,0.0,0.0,0,0.996623522791221,0.9219189645469887,False,False,False,False,0.28958248496771855,0.30291503209376053,False,False,False,False,-43096.0,-6063.082264573528,False,False,False,False,10847.585826928364,False,False,False,False
2025-08-18 16:00:00+00:00,31.595,31.655,31.555,31.6,1593.0,31.681838364388067,30.347807386704233,29.914420271922918,29.548665031903514,29.561119880156653,29.562719054677,29.295613986033242,29.231639887249955,29.10164148922897,29.07895423207708,28.981011852526695,28.864078318234327,28.655139619979607,28.57812364962413,28.35272990147143,28.26460457108206,28.023166182911094,27.9441118096528,27.79117773181909,27.745366170196604,27.765455732859053,,30.664879922559212,30.320370338892015,29.915249675868974,29.800911366756026,29.551519800327856,29.54574708676685,29.390227595094043,29.30203397344392,29.260434788926258,29.14486468528811,29.08985800012703,29.08907968709927,29.007110632313612,28.803357696840777,28.44291005169096,28.17548596432529,27.980557380573178,27.921486569954634,27.8894815657282,27.853430234695146,27.743243999405806,27.69947680134785,27.711105823320093,27.72724516338355,27.756853750156306,30.664879922559212,30.320370338892015,29.800911366756026,29.390227595094043,28.803357696840777,28.44291005169096,29.570071892342636,"rgba(0, 255, 255, 0.75)",1.1113260077471296,29.852336593905243,1.5725929150507392,66.02596798997594,21.54100447653616,True,False,True,False,False,13.80829411177837,0.0,0.0,0.0,0.0,0,1.0064944232669775,0.9202315403077789,False,False,False,False,0.30406712557136706,0.30349107883256377,False,False,False,False,-41503.0,-6612.538353494868,False,False,False,False,10704.103876123272,False,False,False,False
2025-08-18 17:00:00+00:00,31.6,31.685,31.595,31.65,2051.0,31.67972478701102,30.354329088002466,29.91796564508082,29.55096594922857,29.563332367129725,29.56492283343334,29.297358955746986,29.233293793894703,29.103146106537164,29.080435327467004,28.98239764673415,28.86542940902266,28.656475546928522,28.579430630992448,28.354023045810916,28.265897528374143,28.02447097575561,27.945394083592785,27.792407846180332,27.74645355193412,27.766525879241094,,30.674295500077417,30.32515745051719,29.919880483267004,29.80357480019707,29.55356057557442,29.547781864744763,29.392058211374632,29.30379613184247,29.262117747994395,29.14642769327498,29.091348857133852,29.090569989681125,29.008520756869643,28.80470678048013,28.444207729723587,28.17678869234101,27.981856804574047,27.922754960470584,27.890736555470436,27.85467566991626,27.74445819006771,27.70066508705516,27.712236492473487,27.728351099402918,27.757930640260206,30.674295500077417,30.32515745051719,29.80357480019707,29.392058211374632,28.80470678048013,28.444207729723587,29.5724956788735,"rgba(0, 255, 255, 0.75)",1.1302614781583444,29.855346962715988,1.5878211121626744,65.8160057442208,21.05014213803051,True,False,True,False,False,14.177774515820776,0.0,0.0,0.0,0.0,0,1.00453514739229,0.9236111111111109,False,False,False,False,0.310868884209843,0.3071799815212034,False,False,False,False,-39452.0,-7121.677293750761,False,False,False,False,10569.94722688105,False,False,False,False
2025-08-18 18:00:00+00:00,31.65,31.685,31.595,31.66,3254.0,31.67707649129718,30.364568802625882,29.923571604159463,29.55461189908576,29.566838551964853,29.568415252821662,29.300126035530997,29.235916761551476,29.10553272284409,29.082784693677542,28.98459606186018,28.86757284853065,28.65859496613492,28.581504181399872,28.356074667975907,28.267948854260737,28.026541062147757,27.947428475694448,27.794359552454836,27.748178960364967,27.76822396007051,,30.688917622883267,30.332700758565807,29.927190862593264,29.80779231571083,29.556795347339495,29.55100716247874,29.394960758651983,29.30659041167152,29.26478669384458,29.148906769440224,29.093713682248428,29.092933936829823,29.010757714062443,28.806847042306213,28.44626653702314,28.178855504970727,27.983918381248607,27.924767345172306,27.892727697102043,27.856651664977438,27.746384651115743,27.702550477726774,27.714030534284106,27.730105926355026,27.759639413638276,30.688917622883267,30.332700758565807,29.80779231571083,29.394960758651983,28.806847042306213,28.44626653702314,29.576346630490807,"rgba(0, 255, 255, 0.75)",1.1486741985498283,29.8601267499656,1.566913622946085,65.7808731895669,20.62938132372929,True,False,True,False,False,14.252631140636769,0.0,0.0,0.0,0.0,0,1.005257922410118,0.9215574818814832,False,False,False,False,0.310868884209843,0.30902443286552317,False,False,False,False,-36198.0,-7572.472994622842,False,False,False,False,10456.521688479794,False,False,False,False
2025-08-18 19:00:00+00:00,31.675,31.765,31.635,31.73,7356.0,31.6821246482543,30.38824366445156,29.936572332581775,29.56305547522946,29.574961351885374,29.576506483874535,29.306525526981442,29.241980511241042,29.111045496988012,29.088210657323625,28.98967037578591,28.872516305285817,28.663476391327873,28.586277978438666,28.360792244082642,28.272663676731998,28.03129371231015,27.95209779138209,27.798836723658777,27.752137076186337,27.772119768117612,,30.72248715439015,30.350246670696066,29.944091138906646,29.817581602225104,29.564291652625947,29.558481118574385,29.40167858269012,29.313052966112007,29.270957998369354,29.154634539061043,29.09917573536799,29.098393932870692,29.015921797274867,28.811781101073553,28.451002848794317,28.183603848980486,27.98865068545379,27.929385815557882,27.897296914357582,27.861185541670814,27.750803213840413,27.706874296660185,27.71814534261405,27.73413116012339,27.76355959109648,30.72248715439015,30.350246670696066,29.817581602225104,29.40167858269012,28.811781101073553,28.451002848794317,29.58569630876189,"rgba(0, 255, 255, 0.75)",1.1677396430170335,29.871744060634636,1.5913272710038997,66.52093117091917,20.62938132372929,True,False,True,False,False,14.782009468624125,0.0,0.0,0.0,0.0,0,1.0078136098877684,0.9160392101150729,False,False,False,False,0.32259460491790737,0.31580951889171527,False,False,False,False,-28842.0,-7902.23310323334,False,False,False,False,10408.451584782431,False,False,False,False
2025-08-19 14:00:00+00:00,31.68,31.825,31.47,31.5,5202.0,31.67392782593979,30.40311675408752,29.945080771871876,29.568678264510122,29.580370050158077,29.5818940562016,29.31082131799019,29.24605754046984,29.1147630432178,29.09187141474867,28.993100592882605,28.87586467120617,28.666792824930628,28.589524748694764,28.36400944113173,28.275882041575976,28.034545487284127,27.955294925462844,27.80190648462311,27.754852558538026,27.774792159136815,,30.74238744582127,30.36139028248588,29.95510691222492,29.824038849795116,29.569287193369913,29.563462671838813,29.406177110349297,29.317390266466525,29.27510449049523,29.158493320049928,29.102860011800455,29.102076879877792,29.019410936217433,28.815126196846393,28.454229493200465,28.186847983274475,27.99188981302799,27.93254882977091,27.900427122280806,27.864292526419803,27.753834018443094,27.709841240226087,27.720968874533625,27.736892993988786,27.766248850462603,30.74238744582127,30.36139028248588,29.824038849795116,29.406177110349297,28.815126196846393,28.454229493200465,29.591309306963073,"rgba(38, 166, 154, 1.0)",1.1810975579693301,29.878667960798616,1.3727333769015257,62.52581587844166,16.993116635036415,False,False,True,False,False,12.23327504976811,0.0,0.0,0.0,0.0,0,1.0025384289945,0.9148216048512195,False,False,False,False,0.31233001760653606,0.3140697682491257,False,False,False,False,-34044.0,-8307.531814811118,False,False,False,False,10327.731405173401,False,False,False,False
2025-08-19 15:00:00+00:00,31.5,31.5,31.27,31.3,6558.0,31.639097346614218,30.41766633395223,29.95413383280508,29.574883866633698,29.586335902550683,29.587836108240783,29.315644279357198,29.25065127729597,29.118979336372195,29.096027728013105,28.99701218098075,28.87970048357015,28.670619301878006,28.593279933737456,28.367753793334273,28.27963599653163,28.03835904444326,27.959050630634465,27.805523478275074,27.758055518642294,27.77794324325509,,30.759492853007906,30.372468372871136,29.96677495269191,29.83101315645521,29.57480412902933,29.56896646150403,29.41119976712547,29.322257915853776,29.279769263609335,29.16286050688086,29.10704091299189,29.106256422411498,29.023385239445624,28.818966652150376,28.457975872230943,28.19063989454908,27.995691928864478,27.936266215808825,27.90410834349351,27.867949027734415,27.757408310170216,27.713343074854304,27.724301070640326,27.740151579002948,27.769420281090394,30.759492853007906,30.372468372871136,29.83101315645521,29.41119976712547,28.818966652150376,28.457975872230943,29.596170345210563,"rgba(38, 166, 154, 1.0)",1.1905398502926343,29.88453557970887,1.1889265360947046,56.91242697830266,11.753113305583796,False,True,True,False,False,10.089942417535742,0.0,0.0,0.0,0.0,0,0.9985937280270001,0.9234988046688224,False,False,False,False,0.2619049619568577,0.2879873651029917,False,False,False,False,-40602.0,-8808.221244038852,False,False,False,False,10269.285957031178,False,False,False,False
2025-08-19 16:00:00+00:00,31.3,31.4,31.29,31.37,4229.0,31.620203968899176,30.42678313023537,29.95989673989264,29.57885538074678,29.590154638393777,29.59163966935187,29.318737318701412,29.253598337843947,29.1216858220428,29.09869595211841,28.999524199778712,28.88216444526829,28.673078025011105,28.59569319184638,28.37016072838574,28.28204931130851,28.04081115393173,27.961465771976776,27.807849850365756,27.760116053598956,27.779970426595398,,30.76996834017419,30.379458588636563,29.974178936655672,29.835467298384085,29.578337138910527,29.572491175083954,29.4144194616047,29.32537944607435,29.282761512465328,29.165663279904155,29.109724814658794,29.108939458791816,29.025937302077338,28.82143381844879,28.46038386958921,28.19307777397842,27.99813678503773,27.938656804186195,27.906475776456645,27.870300656651118,27.759707342374448,27.715595644934062,27.72644466829489,27.74224787052834,27.77146054645009,30.76996834017419,30.379458588636563,29.835467298384085,29.4144194616047,28.82143381844879,28.46038386958921,29.599386654267786,"rgba(38, 166, 154, 1.0)",1.199556194207981,29.888413544061507,1.2351121715616886,54.25753049051313,9.40904577872125,False,True,True,False,False,10.654576424153738,0.0,0.0,0.0,0.0,0,0.9987210459002416,0.9374733551229214,False,False,False,False,0.25433997742478226,0.27116367126388696,False,False,False,False,-36373.0,-9235.582154983986,False,False,False,False,10175.63811273612,False,False,False,False
2025-08-19 17:00:00+00:00,31.355,31.46,31.26,31.46,2597.0,31.611352193226264,30.432532083287526,29.963513149914238,29.581340260504074,29.592544543968792,29.59402014852349,29.32066933461948,29.25543841515164,29.123374341334674,29.100360380603696,29.001090330326285,28.8836995687895,28.674608177865114,28.597194532622517,28.371656681488666,28.283548711104533,28.04233334224983,27.962964661428156,27.809293048604637,27.76139431696912,27.78122808951479,31.393333333333338,30.77664872991572,30.383876362045992,29.978817349845414,29.83826140384681,29.580548523958974,29.57469724742107,29.41643204931595,29.327329321738215,29.284630171067814,29.167412297090845,29.1113991316729,29.110613227917465,29.027528624706957,28.822970407330814,28.461881038885913,28.194591922658933,27.9996542687471,27.94014036859667,27.907944843525172,27.871759770400708,27.761133404471263,27.716992746865834,27.72777428642477,27.74354823001056,27.77272628744959,30.77664872991572,30.383876362045992,29.83826140384681,29.41643204931595,28.822970407330814,28.461881038885913,29.70191051821351,"rgba(38, 166, 154, 1.0)",1.2029129883983,29.994301666113593,1.218457484475258,53.84777074775269,9.033131933701803,False,True,True,False,False,11.380620290624101,0.0,0.0,0.0,0.0,0,0.9948841836009661,0.9357680829899103,False,False,False,False,0.25717346437890554,0.26416856782139625,False,False,False,False,-33776.0,-9616.053749480358,False,False,False,False,10058.139847422382,False,False,False,False
2025-08-19 18:00:00+00:00,31.44,31.47,31.315,31.43,3866.0,31.600024753763947,30.441067035195655,29.968906663092152,29.585050508319657,29.596113516362173,29.597575099334687,29.323554907316108,29.258186690605722,29.125896190403488,29.102846232804282,29.003429295299867,28.885991950101687,28.67689260081076,28.59943581995988,28.3738894654787,28.285786467439006,28.044604655316668,27.965201126055135,27.811446287938676,27.763301633813736,27.7831047186912,31.400312032595803,30.786515569383575,30.390457173022163,29.985722877809458,29.84243337339757,29.583851640350982,29.57799241646334,29.41943813425071,29.330241537267483,29.28742116772423,29.170024493802465,29.113899765063717,29.113113041704807,29.0299052360514,28.825264805137227,28.46411581568585,28.196851505270242,28.001918503054867,27.94235395774202,27.910136777664583,27.873936817712334,27.763261038492637,27.719077158471922,27.729758119063547,27.745488465528396,27.774614949464628,30.786515569383575,30.390457173022163,29.84243337339757,29.41943813425071,28.825264805137227,28.46411581568585,29.70535917405542,"rgba(38, 166, 154, 1.0)",1.2061765479665634,29.998452851361527,1.1868471087850703,53.060209023003566,8.138573308543862,False,True,True,False,False,11.050364394320638,0.0,0.0,0.0,0.0,0,0.9951697684330159,0.9352180707486855,False,False,False,False,0.26332664088187585,0.263747604351636,False,False,False,False,-37642.0,-10050.564544062056,False,False,False,False,9962.13767924529,False,False,False,False
2025-08-19 19:00:00+00:00,31.44,31.485,31.265,31.43,16799.0,31.56021771031573,30.476049555095358,29.99169530848725,29.600896685331094,29.61136100724408,29.612763102049847,29.335931641820782,29.26998320116591,29.136734228928084,29.113531636460507,29.013491087038442,28.8958589445756,28.686732650842966,28.609093188246494,28.383516373173315,28.29543685410203,28.054404561466264,27.974852772480833,27.82074264630716,27.77153991723381,27.79121055262907,31.39527226091193,30.825276060400967,30.4177768210324,30.014728560885313,29.860173374260253,29.597975847464507,29.592083690283097,29.43231953351697,29.34273117361596,29.299397741650374,29.18124596163004,29.12464777522823,29.123857589808765,29.040126967437452,28.83514264537062,28.473748979496076,28.206597711570087,28.011688843229926,27.951907652183756,27.919597914765454,27.88333455383555,27.772447977060466,27.72807871154913,27.738326416350304,27.753868777904106,27.782772727752572,30.825276060400967,30.4177768210324,29.860173374260253,29.43231953351697,28.83514264537062,28.473748979496076,29.71881074088253,"rgba(38, 166, 154, 1.0)",1.207170345578002,30.014515318288215,1.1725641595627836,52.53516787317081,7.39442368601113,False,True,False,False,False,11.050364394320638,0.0,0.0,0.0,0.0,0,0.9930663647941134,0.9339182114051218,False,False,False,False,0.2600109979315339,0.261879301141585,False,False,False,False,-37642.0,-10478.338737177372,False,False,False,False,10068.135544683348,False,False,False,False
2025-08-20 14:00:00+00:00,31.66,31.84,31.515,31.57,7846.0,31.566939442387522,30.49571144219779,30.003932638172053,29.609215150712245,29.61937420793295,29.620746116465,29.342353271573852,29.276087393833464,29.142313890619093,29.119028095402108,29.018648845211366,28.90089637346365,28.69172351320838,28.61398110685662,28.38836088038371,28.3002832424861,28.059300959871102,27.979668111667895,27.825368672885006,27.77563776934441,27.795244078698236,31.457417384595605,30.848925839228485,30.433152853391405,30.030237309572207,29.86964021185522,29.605399361697817,29.599487423972306,29.439032988789172,29.34921298939871,29.305602743884105,29.187032269847823,29.130178691774134,29.129386560420162,29.04537143036751,28.8401754437089,28.478607337728015,28.211482499028214,28.016566527122258,27.956672298689192,27.92431380854397,27.88801593259978,27.777016024991386,27.732551633685684,27.742585503860337,27.75803580825219,27.786831435723222,30.848925839228485,30.433152853391405,29.86964021185522,29.439032988789172,28.8401754437089,28.478607337728015,29.729777142132082,"rgba(38, 166, 154, 1.0)",1.207329108642811,30.027918958454137,1.2772665137506336,54.557001056178606,7.39442368601113,False,True,True,False,False,12.216725039358437,0.0,0.0,0.0,0.0,0,0.9984580880291559,0.9230445752733386,False,False,False,False,0.3181875611973981,0.29003343116949154,False,False,False,False,-29796.0,-10777.83736140718,False,False,False,False,10033.683830812288,False,False,False,False
2025-08-20 15:00:00+00:00,31.575,31.91,31.56,31.715,6007.0,31.57653088178553,30.511427213027073,30.01366904441652,29.61580780723546,29.625727689123433,29.62707597615704,29.34743003528298,29.280910090149607,29.146716528421322,29.123364148982567,29.022714051733782,28.904862179683242,28.69564512767787,28.617819540991604,28.39215871977161,28.30408021662156,28.06313115502226,27.983433307522198,27.828983115157385,27.778839478388367,27.798395944004948,31.501264672863627,30.86800686410139,30.445491974702644,30.042540542539918,29.877171589587856,29.61128690429582,29.6053587932726,29.444346542295797,29.354337579867533,29.310506622197064,29.191599746936035,29.13454239219723,29.133748690959038,29.049505945834625,28.844135261252482,28.482418540792654,28.2153072302175,28.020381163370878,27.960397463686547,27.92800027775334,27.89167475313292,27.78058436502293,27.736045026835257,27.74591238010463,27.76129116904376,27.790002802356344,30.86800686410139,30.445491974702644,29.877171589587856,29.444346542295797,28.844135261252482,28.482418540792654,29.738443293118664,"rgba(38, 166, 154, 1.0)",1.2050491560380994,30.038524431434592,1.391209279858127,57.918994448924494,3.1297756681085076,False,True,True,False,True,13.404026487923524,0.0,0.0,0.0,0.0,0,1.0002782415136333,0.9212576516416245,False,False,False,False,0.32947423254336794,0.30975383185642974,False,False,False,False,-23789.0,-10979.56081316831,False,False,False,False,9971.254624133027,False,False,False,False
2025-08-20 16:00:00+00:00,31.715,31.915,31.68,31.7,5829.0,31.586806880682452,30.526746961555318,30.02321220350497,29.622276370857023,29.63196329042523,29.63328857574864,29.35241130264311,29.28564162040168,29.151034873909868,29.12761699228418,29.026700455331458,28.90874968724808,28.69948675758806,28.62157899985973,28.39587618661885,28.307796013008474,28.06687732169365,27.987115411299534,27.832516980146487,27.781970156956582,27.801478078142612,31.537062763909592,30.886503301731054,30.45757862475302,30.054565948870767,29.884565282731177,29.61706726149337,29.611123171350428,29.449561513990858,29.359365736269496,29.315318124239813,29.196080048577283,29.138822457917257,29.138027208047344,29.05356053123216,28.848016091982295,28.48614995381764,28.21904933618263,28.02411180557952,27.96404032421531,27.931605133195806,27.89525236361703,27.78407291518182,27.739460149162586,27.749165043384554,27.764474117335023,27.793103925502493,30.886503301731054,30.45757862475302,29.884565282731177,29.449561513990858,28.848016091982295,28.48614995381764,29.746676060098302,"rgba(38, 166, 154, 1.0)",1.1986358499980578,30.048591110085546,1.3777402785984827,59.80043240331481,4.974715823273883,False,False,True,False,True,13.227901829422944,0.0,0.0,0.0,0.0,0,1.002936241610738,0.9286912751677849,False,False,False,False,0.3418350553658732,0.3257944436111515,False,False,False,False,-29618.0,-11268.528862576553,False,False,False,False,9907.033622208484,False,False,False,False
2025-08-20 17:00:00+00:00,31.71,31.905,31.71,31.83,3578.0,31.594196730807518,30.536338843697525,30.029185397096924,29.626319905504744,29.63586220072717,29.637173215161017,29.355521944658207,29.288595436740547,29.1537291127018,29.130270090412587,29.029186259344915,28.9111723970503,28.701878480010276,28.62391884880419,28.398187818030692,28.310105851222197,28.069204107778194,27.98940190434087,27.834710562458604,27.783913511739954,27.80339144177136,31.55843887479759,30.89810878065708,30.465168241308216,30.06207801875185,29.8891950321761,29.62068229740072,29.614728073584057,29.452819888150255,29.362505714703996,29.318322315444043,29.198875838580754,29.141492676349728,29.14069644988536,29.056089139452453,28.850433893660174,28.488471062080887,28.22137477211904,28.026428654597357,27.96630232800951,27.933843357143644,27.8974734595467,27.7862381161698,27.74157958057908,27.751183837205254,27.76644978052854,27.795029017039752,30.89810878065708,30.465168241308216,29.8891950321761,29.452819888150255,28.850433893660174,28.488471062080887,29.751823219123807,"rgba(38, 166, 154, 1.0)",1.2017672722188106,30.05488815842932,1.4770845259359628,62.75559451959662,7.804031799625186,True,False,True,False,True,14.297403345899276,0.0,0.0,0.0,0.0,0,0.9986010072747619,0.9334079462786791,False,False,False,False,0.3428282345719219,0.3343113390915367,False,False,False,False,-26040.0,-11497.543918970714,False,False,False,False,9808.909069926181,False,False,False,False
2025-08-20 18:00:00+00:00,31.82,32.115,31.785,32.035,19100.0,31.650815571640965,30.591461729467422,30.063265215608233,29.649247359105498,29.657984411856994,29.659216135634097,29.373089027053044,29.305259355115076,29.168896815275637,29.145200910136317,29.04315492722799,28.9247608384415,28.71525066208874,28.6369879597126,28.411062392587574,28.32295710942942,28.082115673261143,28.00208070136782,27.846858377148777,27.794674939757513,27.813989139387775,31.680653744171167,30.965676320908575,30.50902250870213,30.104756062010626,29.91560317248116,29.641202154766155,29.63518773670271,29.471255187606072,29.380239881148224,29.33527903917858,29.214625365213525,29.1565224624847,29.155720544234732,29.070303844571576,28.86398161243945,28.5014126919532,28.234299560575582,28.03927979510057,27.9788430354562,27.94624886757542,27.909780177140977,27.798224106841634,27.753308460083847,27.762358470109923,27.77738787252435,27.805690675479823,30.965676320908575,30.50902250870213,29.91560317248116,29.471255187606072,28.86398161243945,28.5014126919532,29.781745579292046,"rgba(0, 255, 255, 0.75)",1.2082474166409307,30.091593295899848,1.6084509491466958,66.80418111352502,11.565280713404078,True,False,True,False,True,15.942710534448526,0.0,0.0,0.0,0.0,0,0.9951267056530211,0.9316346421609574,False,False,False,False,0.3428282353016497,0.3385697871965932,False,False,False,False,-6940.0,-11426.884323327757,False,False,False,False,9952.956991322675,False,False,False,False
2025-08-20 19:00:00+00:00,32.05,32.185,32.005,32.03,32008.0,31.734506479200952,30.680676667475463,30.12048499237227,29.68821032244607,29.695614902475768,29.69671538379784,29.403060861646598,29.333702938875106,29.194800323441356,29.17070155364099,29.067017558319403,28.947964659473385,28.738062191834782,28.659278723696715,28.433000465504033,28.344847176656664,28.10408578326288,28.023651565658703,27.86752135792608,27.812992495602334,27.832031172410023,31.809393765577525,31.070766595724923,30.581478974263987,30.17558565824681,29.96036308010834,29.676165932262986,29.67004984949997,29.502701202392267,29.41049312421522,29.364219862102324,29.241515804996716,29.18219166653148,29.181380028855838,29.094585609199545,28.887108383224653,28.52347328028733,28.256305380271975,28.06114440620904,28.00017907390028,27.967354228377197,27.930716024291787,27.818610446113865,27.773257618339446,27.78137216903039,27.796002878979085,27.823840298106607,31.070766595724923,30.581478974263987,29.96036308010834,29.502701202392267,28.887108383224653,28.52347328028733,29.82825532550679,"rgba(0, 255, 255, 0.75)",1.2134806687100523,30.148372082406247,1.5506039495412414,69.36765061870221,13.898063168772708,True,False,True,False,True,15.881404274456376,0.0,0.0,0.0,0.0,0,0.997209821428571,0.9361049107142854,False,False,False,False,0.34282823599107565,0.3406990115938344,False,False,False,False,-38948.0,-11853.568287307171,False,False,False,False,10294.895642619998,False,False,False,False
2025-08-21 14:00:00+00:00,32.035,32.11,31.905,32.005,1420.0,31.736877241627504,30.684208813485988,30.122864026057314,29.68986237217745,29.697211146964833,29.698306118150306,29.404342311160143,29.334920894761517,29.195912437614727,29.171796829096586,29.06804421142965,28.94896436206161,28.739046938099143,28.6602417519707,28.433949924898002,28.345795129108275,28.10503858489681,28.02458757284298,27.86841891270947,27.813788841824433,27.832815521684893,31.812221908127214,31.0746893614258,30.5844015411676,30.178503804054444,29.962244529021213,29.677651298380006,29.67153112543478,29.504042949417748,29.411786330045146,29.36545837712267,29.242669246441547,29.18329397247355,29.1824819313917,29.095629843977548,28.888105352499206,28.52442740183337,28.257258852622808,28.062092890164507,28.00110506574094,27.968270423886548,27.93162507535046,27.81949625997998,27.77412471877676,27.782198764351723,27.796812163668946,27.824629334914697,31.0746893614258,30.5844015411676,29.962244529021213,29.504042949417748,28.888105352499206,28.52442740183337,29.830038104840277,"rgba(0, 255, 255, 0.75)",1.2156769441064899,30.150529396861696,1.5254633331072371,70.34057314037959,14.844837224402042,True,False,True,False,True,15.56989947463661,0.0,0.0,0.0,0.0,0,0.9881681514476616,0.9411191536748327,False,False,False,False,0.32679089458733657,0.3337449530905855,False,False,False,False,-40368.0,-12295.652499907059,False,False,False,False,10157.300361339068,False,False,False,False
2025-08-21 15:00:00+00:00,32.025,32.115,31.975,32.0,1495.0,31.739541038281587,30.68797249325941,30.125393179937216,29.69161662731277,29.69890627427744,29.69999540913462,29.40570216502464,29.336213168644026,29.19709205187306,29.17295852341414,29.06913289080949,28.950024186190472,28.74009045329298,28.661262111112652,28.43495551161594,28.346798976958027,28.106047204031466,28.025578313264287,27.869368778757895,27.814631585737928,27.833645594031925,31.815460042766926,31.078886449728316,30.58751581149841,30.181605127291554,29.96424417999155,29.679228718926765,29.67310417245717,29.50546716645998,29.41315867778503,29.366772560984245,29.2438928124135,29.184463152736654,29.183650681631946,29.096737228661016,28.889162138461653,28.525438079577082,28.258268404463312,28.063096881426702,28.002085179495282,27.969240131641094,27.932587179152577,27.82043364968315,27.775042263560344,27.783073473270125,27.79766857671857,27.82546435767408,31.078886449728316,30.58751581149841,29.96424417999155,29.50546716645998,28.889162138461653,28.525438079577082,29.831948424212055,"rgba(0, 255, 255, 0.75)",1.2163321507304494,30.15284275410362,1.5186289738268435,70.82954910506878,15.488010010990664,True,False,True,False,True,15.506589253188356,0.0,0.0,0.0,0.0,0,0.9899679531837812,0.9424550647903018,False,False,False,False,0.33364373890718213,0.3336943459988838,False,False,False,False,-41863.0,-12754.060988280591,False,False,False,False,10023.00113093071,False,False,False,False
2025-08-21 16:00:00+00:00,32.0,32.06,31.95,32.02,3797.0,31.745642619197564,30.697296467045224,30.131719533240563,29.69602227672971,29.703163660777463,29.704238152708538,29.40912332433802,29.339465394248624,29.200062505747734,29.175884128989125,29.071875670969362,28.952695194409902,28.742721706368325,28.663835473862864,28.437492779471633,28.349332260706564,28.108593520721232,28.0280798368038,27.87176771260967,27.816760324470074,27.835742295261383,31.822539341779922,31.089161556391286,30.595256609062794,30.189350635658226,29.969256546691838,29.683191552463867,29.677056157072325,29.509048583339002,29.416611117744278,29.37007948241616,29.246973327682394,29.187407482471386,29.1865939371849,29.099526858730528,28.891825899006484,28.527987746420045,28.26081645315654,28.065631690784993,28.004559979904155,27.9716887948258,27.935016783041835,27.822801253878893,27.77735992034322,27.78528298542946,27.799831865913095,27.827573577019486,31.089161556391286,30.595256609062794,29.969256546691838,29.509048583339002,28.891825899006484,28.527987746420045,29.83666187690723,"rgba(0, 255, 255, 0.75)",1.2175243416548933,30.158539874057066,1.5288894539987496,71.4275963058617,16.33860002148306,True,False,True,False,True,15.675849663501172,0.0,0.0,0.0,0.0,0,0.9857806560608195,0.9524144727579893,False,False,False,False,0.3263350970153226,0.3300147215071032,False,False,False,False,-38066.0,-13146.494151252984,False,False,False,False,9926.473981613954,False,False,False,False
2025-08-21 17:00:00+00:00,32.025,32.055,31.84,31.94,1738.0,31.747680227862585,30.7013114284145,30.134501423834976,29.6979768025514,29.705052402410686,29.70612038776515,29.410647232831423,29.34091522790611,29.20138867530597,29.17719058697167,29.073101680464138,28.953890279284522,28.74390076443577,28.664989204173168,28.438631852462784,28.35047008280122,28.10973853792068,28.029205137029606,27.872847616030135,27.817718898109604,27.83668638215399,31.82454572021117,31.09346282416083,30.598610262876488,30.192748340020025,29.971469855335513,29.684950420728413,29.678810365995115,29.510641972186235,29.418148810479842,29.37155319812452,29.24834796600104,29.188722155154018,29.187908140463197,29.100773496586164,28.893018280093454,28.52913179780299,28.261961416033852,28.066771760410155,28.005673384120115,27.97279060637051,27.936110195665336,27.823867274988494,27.77840365630052,27.786278025932713,27.800806050590566,27.82852332703271,31.09346282416083,30.598610262876488,29.971469855335513,29.510641972186235,28.893018280093454,28.52913179780299,29.838663184185645,"rgba(38, 166, 154, 1.0)",1.2147182114930983,30.16094759649466,1.4645803336714451,69.03605197896722,16.33860002148306,True,False,True,False,False,14.634976180495084,0.0,0.0,0.0,0.0,0,0.9797639123102864,0.9523608768971328,False,False,False,False,0.3158873987246031,0.3229510601158532,False,False,False,False,-39804.0,-13559.788815574642,False,False,False,False,9799.520896627691,False,False,False,False
2025-08-21 18:00:00+00:00,31.945,32.07,31.94,32.065,3847.0,31.753815388183778,30.710672936804713,30.14089953136395,29.702444613134123,29.709370675499798,29.710423890041316,29.414120115147906,29.34421706313282,29.204405011457744,29.180161461804943,29.075887180799143,28.956602824014045,28.746572626932277,28.667602276920466,28.441207984936906,28.353042047023393,28.112323378506495,28.031744490748682,27.875282827335752,27.81988017976707,27.83881520440114,31.831560808536583,31.103711616613715,30.606412078670456,30.20056369885797,29.976549219796315,29.688971365123876,29.682820340747604,29.514277138974414,29.42165334309943,29.37491044168899,29.251475820754205,29.191712013971276,29.190896909843847,29.103606507787667,28.895723358649214,28.531720634921847,28.26454821444896,28.069344887248178,28.008185631004825,27.975276328286405,27.938576560442307,27.82627068114779,27.78075639207903,27.788521155855165,27.803002339892135,27.830664831610697,31.103711616613715,30.606412078670456,29.976549219796315,29.514277138974414,28.895723358649214,28.531720634921847,29.84342156687346,"rgba(0, 255, 255, 0.75)",1.213268807065382,30.166693589235347,1.564621458748467,69.44917262778671,16.33860002148306,True,False,True,False,False,15.719924396739842,0.0,0.0,0.0,0.0,0,0.9844983089064262,0.9520856820744077,False,False,False,False,0.3263350970153226,0.3246430785655879,False,False,False,False,-35957.0,-13907.032399829297,False,False,False,False,9707.233750943542,False,False,False,False
2025-08-21 19:00:00+00:00,32.06,32.08,31.88,31.92,12373.0,31.767511659078863,30.738458616365318,30.16048720885302,29.7162997779819,29.722764250243916,29.723771785117172,29.424951027922493,29.354525642013826,29.21384026220762,29.189457354452156,29.084613896291867,28.965110583295672,28.754966841997668,28.675816963684028,28.449318670405372,28.361143827145128,28.12047611104897,28.039757318283723,27.882973418721775,27.82670920355811,27.84554134181761,31.844554905968938,31.132976264791353,30.629812473453008,30.22437442645687,29.992203793267972,29.7014533856789,29.69526972406718,29.52559703709078,29.43258142311206,29.385387447238777,29.26125359538833,29.201065985610384,29.200247563253335,29.112479232546917,28.904211971267188,28.53986665621962,28.272700608121475,28.077462509658186,28.016114042677422,27.983122462030238,27.94636306986799,27.83386269985406,27.788190168675033,27.795609157454024,27.809942231136976,27.83743118901355,31.132976264791353,30.629812473453008,29.992203793267972,29.52559703709078,28.904211971267188,28.53986665621962,29.857437549538123,"rgba(38, 166, 154, 1.0)",1.2100901909650894,30.18351185145235,1.435007209803709,65.50260483867999,20.281118583769782,True,False,True,False,False,13.830124511918918,0.0,0.0,0.0,0.0,0,0.9805633802816898,0.952676056338028,False,False,False,False,0.3217842825300548,0.32321368054782135,False,False,False,False,-48330.0,-14440.721819986982,False,False,False,False,9748.563460231238,False,False,False,False
2025-08-22 14:00:00+00:00,32.24,32.695,32.235,32.685,4254.0,31.78472302704556,30.75211706544936,30.169257775311483,29.722241912858728,29.72851326621188,29.729501859352208,29.429498261926614,29.358833668375794,29.217749346200712,29.193303219429605,29.088203087007237,28.96858724332533,28.75836170783182,28.679127505895433,28.452556552802214,28.3643672016475,28.123692158980315,28.042909992796325,27.88598498512837,27.829379703678494,27.84817314734824,31.867875649920197,31.149297728575725,30.641089183378103,30.235091129602072,29.99909421626717,29.706804026725806,29.700603613937798,29.5303836500772,29.437171709766734,29.389774732104286,29.265315952424032,29.204938508650294,29.204118525040688,29.116134058852374,28.90766990930438,28.54313050960083,28.275933522920663,28.080660202937143,28.019231239907757,27.98620419173033,27.94941795953907,27.836831454598215,27.791093358793873,27.798378205328795,27.812654667417146,27.840078066748024,31.149297728575725,30.641089183378103,29.99909421626717,29.5303836500772,28.90766990930438,28.54313050960083,29.86486540697967,"rgba(0, 255, 0, 1.0)",1.2177796143756243,30.19261338479806,2.0466647542624767,70.17472202463594,20.281118583769782,True,False,True,False,True,19.998298564349,0.0,0.0,0.0,0.0,0,0.9805087088747575,0.9358584462261539,False,False,False,False,0.3428282375439224,0.33302095904587187,False,False,False,False,-44076.0,-14900.183497196485,False,False,False,False,9663.376429840057,False,False,False,False
2025-08-22 15:00:00+00:00,32.685,32.79,32.61,32.625,4227.0,31.804046762005008,30.76650784278316,30.1784078840178,29.72840694372478,29.734479308525106,29.735448413073666,29.434201550605497,29.363286323601226,29.221784016716096,29.197271710238674,29.09190309614689,28.972167144230294,28.761850743248974,28.682527713772902,28.455876257308933,28.367669904531603,28.12698194597156,28.046133387594775,27.88906137284515,27.83210718373784,27.85086144297755,31.89396288451687,31.16670352507443,30.652960799123992,30.246267992335987,30.006270584137447,29.71235640480292,29.70613816269156,29.535340257714026,29.441919858106797,29.394310796054185,29.26951069548702,29.208934959546728,29.208113332019096,29.11990269433761,28.911228481606177,28.546479133761185,28.27924391281958,28.083930338838194,28.02241794201293,27.98935404475998,27.952539719737523,27.839863300182717,27.794057556908403,27.80120571795424,27.81542466400886,27.842781614131017,31.16670352507443,30.652960799123992,30.006270584137447,29.535340257714026,28.911228481606177,28.546479133761185,29.872737471895462,"rgba(0, 255, 255, 0.75)",1.2186776284817147,30.2022802571304,1.9879906599154826,72.13338716686445,16.853733806952846,True,False,True,False,True,19.237783491447953,0.0,0.0,0.0,0.0,0,0.9941988950276239,0.9312154696132594,False,False,False,False,0.34282823840117554,0.3379245987235237,False,False,False,False,-48303.0,-15418.056621270958,False,False,False,False,9579.091523951063,False,False,False,False
2025-08-22 16:00:00+00:00,32.63,32.765,32.485,32.51,2365.0,31.813436930309635,30.774097547544287,30.18331815558862,29.731741982905223,29.737706814578754,29.73866537316503,29.43675552764838,29.36570605452134,29.223979663872644,29.199431834013712,29.093918964293223,28.974119368296908,28.763756137908143,28.684385566546865,28.457692511578102,28.369477704752182,28.128784793592306,28.047900536775295,27.890749146593222,27.83360405564184,27.852336717101355,31.90626700514223,31.175709625743984,30.659255154669918,30.25225105274745,30.010136638712172,29.715361544753787,29.709133891865932,29.538028829310797,29.44449795278609,29.39677506915266,29.271792388359753,29.211110071432405,29.210287565189564,29.121955455596535,28.913169906875375,28.548310281356628,28.281056722467735,28.085722781140436,28.024165179671705,27.991081348449825,27.95425190425676,27.841526996219915,27.79568446615598,27.802757630656895,27.816944950278963,27.844265299191775,31.175709625743984,30.659255154669918,30.010136638712172,29.538028829310797,28.913169906875375,28.548310281356628,29.876852843756165,"rgba(0, 255, 255, 0.75)",1.212329211524976,30.207318853814478,1.8993860118977108,71.26002872433418,16.853733806952846,True,False,True,False,True,17.785034947699618,0.0,0.0,0.0,0.0,0,0.9936586710780254,0.9307968017645434,False,False,False,False,0.33086442055620463,0.33439450963986417,False,False,False,False,-50668.0,-15964.567371328772,False,False,False,False,9467.245143734766,False,False,False,False
2025-08-22 17:00:00+00:00,32.5,32.645,32.5,32.59,4363.0,31.830001149864575,30.78787074946577,30.19229314987309,29.73785625283997,29.74362449544637,29.74456376758603,29.44144387717695,29.370148978736857,29.228012708852148,29.203399871268402,29.097622924245414,28.97770704752577,28.76725862009819,28.687801025913373,28.461032232555,28.372802126929248,28.132100691224046,28.051151023542467,27.893854085729522,27.836358206286427,27.855051135900396,31.927590884960264,31.19193156966958,30.67071048033919,30.263169711731912,30.017215529783975,29.72087298796358,29.71462819653585,29.542962824442228,29.449230414325438,29.40129939066819,29.275982914138552,29.2151055315805,29.214281418366458,29.125726965941322,28.916737998261638,28.551677105621017,28.284390564560738,28.08901965770864,28.027379130380005,27.99425873759585,27.957401583014747,27.844587773430817,27.798677709279147,27.80561300836918,27.819742168767817,27.846995192173196,31.19193156966958,30.67071048033919,30.017215529783975,29.542962824442228,28.916737998261638,28.551677105621017,29.884301869832107,"rgba(0, 255, 255, 0.75)",1.2153501590112463,30.216428832329303,1.9529936702371686,71.318349855759,16.853733806952846,True,False,True,False,True,18.404354053363218,0.0,0.0,0.0,0.0,0,0.9935181354295959,0.9332505861260512,False,False,False,False,0.32254398489420216,0.3284692472670332,False,False,False,False,-46305.0,-16434.961675649258,False,False,False,False,9388.109560110972,False,False,False,False
2025-08-22 18:00:00+00:00,32.59,32.69,32.56,32.665,5250.0,31.85052979913539,30.804713960926012,30.203273335128912,29.745333504213807,29.750862670368324,29.75177849871999,29.447174405798172,29.375578569352815,29.232939516968234,29.2082469420115,29.102146124604694,28.982086427694956,28.771530859741446,28.691966175277035,28.465102209525902,28.37685242308356,28.13613792220373,28.055107913915307,27.897632596305417,27.839709920743285,27.85835470574575,31.953728626566456,31.211784402410494,30.68474257339667,30.27651001570504,30.02588034929108,29.727615511384066,29.721349602050832,29.548995654691836,29.455014904499244,29.406828974104908,29.28110267743114,29.21998626553929,29.219160176590844,29.130333006968126,28.921092489445652,28.555781213296303,28.288451286828636,28.09303331751993,28.03129137865208,27.998126228184667,27.961235046890124,27.848312184522715,27.802319668730586,27.80908749972554,27.82314609431166,27.850317507078735,31.211784402410494,30.68474257339667,30.02588034929108,29.548995654691836,28.921092489445652,28.555781213296303,29.893424402714313,"rgba(0, 255, 0, 1.0)",1.2179683164267745,30.227588698473312,2.0012107611119676,71.95077722540816,17.150871578825985,True,False,True,False,True,18.984395555175492,0.0,0.0,0.0,0.0,0,0.9964093357271094,0.9312249689269435,False,False,False,False,0.33086442055620463,0.3296668339116189,False,False,False,False,-41055.0,-16816.667696181827,False,False,False,False,9323.95282274491,False,False,False,False
2025-08-22 19:00:00+00:00,32.665,32.735,32.63,32.64,12068.0,31.895637929957502,30.84290705902199,30.228449594886488,29.7625526409607,29.767535818170295,29.768398096294884,29.460392517331776,29.388105381423898,29.244310110535416,29.21943404253722,29.11258760585311,28.992195818844188,28.781391567421654,28.701579778193203,28.474494767375933,28.38619894324594,28.145452456274064,28.064237023392746,27.90635017635188,27.847444740536147,27.865978790356014,32.009428534213455,31.256334024393237,30.716734989310456,30.306996415997748,30.045808572350474,29.743155324791704,29.736841024043844,29.56290816603085,29.468356855356625,29.41958563892543,29.292917038781862,29.23125085289279,29.23042021445618,29.140965254921646,28.93114395458915,28.565253103332264,28.29782105646615,28.10229330479601,28.04031760921124,28.007049243721386,27.970079511324236,27.856904944026237,27.81072237870756,27.817104784431844,27.83100101661853,27.85798470235129,31.256334024393237,30.716734989310456,30.045808572350474,29.56290816603085,28.93114395458915,28.565253103332264,29.91408054813759,"rgba(0, 255, 255, 0.75)",1.2169242834750904,30.252820235766904,1.9616502001391445,71.8149270445657,17.367317698348728,True,False,True,False,True,18.657903102021457,0.0,0.0,0.0,0.0,0,0.9970970417473043,0.9300525297207628,False,False,False,False,0.3400283323102788,0.33484758311094887,False,False,False,False,-53123.0,-17379.556569109238,False,False,False,False,9366.496189834135,False,False,False,False
