date,Open,High,Low,Close,Volume,aVWAP_peak_840,aVWAP_peak_785,aVWAP_peak_755,aVWAP_peak_663,aVWAP_peak_648,aVWAP_peak_616,aVWAP_peak_552,aVWAP_peak_536,aVWAP_peak_498,aVWAP_peak_456,aVWAP_peak_436,aVWAP_peak_373,aVWAP_peak_354,aVWAP_peak_321,aVWAP_peak_320,aVWAP_peak_287,aVWAP_peak_264,aVWAP_peak_224,aVWAP_peak_206,aVWAP_peak_190,aVWAP_peak_170,aVWAP_peak_153,aVWAP_peak_127,aVWAP_peak_80,aVWAP_valley_846,aVWAP_valley_788,aVWAP_valley_748,aVWAP_valley_726,aVWAP_valley_667,aVWAP_valley_627,aVWAP_valley_593,aVWAP_valley_540,aVWAP_valley_510,aVWAP_valley_493,aVWAP_valley_492,aVWAP_valley_467,aVWAP_valley_401,aVWAP_valley_360,aVWAP_valley_326,aVWAP_valley_293,aVWAP_valley_278,aVWAP_valley_247,aVWAP_valley_217,aVWAP_valley_194,aVWAP_valley_179,aVWAP_valley_156,aVWAP_valley_142,aVWAP_valley_106,aVWAP_valley_34,aVWAP_OB_bull_510,aVWAP_OB_bull_401,aVWAP_OB_bear_354,Peaks_Valleys_avg,color,StDev,StDev_Mean,StdDev_ZScore,QQEMOD,QQE1_Value,QQE1_Above_Upper,QQE1_Below_Lower,QQE2_Above_Threshold,QQE2_Below_Threshold,QQE2_Above_TL,banker_RSI,OB,OB_High,OB_Low,OB_Mitigated_Index,TTM_squeeze_Active,VI_plus,VI_minus,VI_Regular_Bullish,VI_Regular_Bearish,VI_Hidden_Bullish,VI_Hidden_Bearish,Fisher,Fisher_Signal,Fisher_Regular_Bullish,Fisher_Regular_Bearish,Fisher_Hidden_Bullish,Fisher_Hidden_Bearish,OBV,OBV_Smoothed,OBV_Regular_Bullish,OBV_Regular_Bearish,OBV_Hidden_Bullish,OBV_Hidden_Bearish,Volume_MA,Vol_Regular_Bullish,Vol_Regular_Bearish,Vol_Hidden_Bullish,Vol_Hidden_Bearish
2025-01-06 15:00:00+00:00,42.6,42.62,42.28,42.28,49.0,,,,,,,,,,,,,,,,,,,,,,,,,,,,,,,,,,,,,,,,,,,,,,,,,,,,,,#000000,,,,,,False,False,False,False,False,,0.0,0.0,0.0,0.0,0,,,False,False,False,False,,,False,False,False,False,0.0,0.0,False,False,False,False,49.0,False,False,False,False
2025-01-06 16:00:00+00:00,42.28,42.28,42.245,42.245,100.0,,,,,,,,,,,,,,,,,,,,,,,,,,,,,,,,,,,,,,,,,,,,,,,,,,,,,,#000000,,,,0.0,,False,False,False,True,False,,0.0,0.0,0.0,0.0,0,,,False,False,False,False,,,False,False,False,False,-100.0,-1.550387596899225,False,False,False,False,49.79069767441861,False,False,False,False
2025-01-06 17:00:00+00:00,42.245,42.26,42.15,42.23,112.0,,,,,,,,,,,,,,,,,,,,,,,,,,,,,,,,,,,,,,,,,,,,,,,,,,,,,,#000000,,,,0.0,-50.0,False,False,False,True,True,,0.0,0.0,0.0,0.0,0,,,False,False,False,False,,,False,False,False,False,-212.0,-4.813172285319392,False,False,False,False,50.75518298179197,False,False,False,False
2025-01-06 18:00:00+00:00,42.23,42.23,42.155,42.2,44.0,,,,,,,,,,,,,,,,,,,,,,,,,,,,,,,,,,,,,,,,,,,,,,,,,,,,,,#000000,,,,0.0,-50.0,False,False,False,True,True,,0.0,0.0,0.0,0.0,0,,,False,False,False,False,,,False,False,False,False,-256.0,-8.707541707252425,False,False,False,False,50.65045146269442,False,False,False,False
2025-01-06 19:00:00+00:00,42.2,42.31,42.2,42.265,105.0,,,,,,,,,,,,,,,,,,,,,,,,,,,,,,,,,,,,,,,,,,,,,,,,,,,,,,#000000,,,,16.913851260909148,-34.777533865181766,False,False,False,True,True,,0.0,0.0,0.0,0.0,0,,,False,False,False,False,,,False,False,False,False,-151.0,-10.913626331946185,False,False,False,False,51.49308012218753,False,False,False,False
2025-01-06 20:00:00+00:00,42.265,42.265,41.9,41.9,460.0,,,,,,,,,,,,,,,,,,,,,,,,,,,,,,,,,,,,,,,,,,,,,,,,,,,,,,#000000,,,,15.29774151065813,-34.777533865181766,False,False,False,True,False,,0.0,0.0,0.0,0.0,0,,,False,False,False,False,,,False,False,False,False,-611.0,-20.217291039978026,False,False,False,False,57.82652074044818,False,False,False,False
2025-01-07 15:00:00+00:00,41.75,41.75,41.42,41.64,445.0,,,,,,,,,,,,,,,,,,,,,,,,,,,,,,,,,,,,,,,,,,,,,,,,,,,,,,#000000,,,,12.69526494865109,-33.538450393013484,False,False,False,True,False,,0.0,0.0,0.0,0.0,0,,,False,False,False,False,,,False,False,False,False,-1056.0,-36.275937690521005,False,False,False,False,63.829210341371464,False,False,False,False
2025-01-07 16:00:00+00:00,41.66,42.03,41.66,41.82,164.0,,,,,,,,,,,,,,,,,,,,,,,,,,,,,,,,,,,,,,,,,,,,,,,,,,,,,,#000000,,,,17.991005215665,-36.729214871239904,False,False,False,True,True,,0.0,0.0,0.0,0.0,0,,,False,False,False,False,,,False,False,False,False,-892.0,-49.54297741624936,False,False,False,False,65.38224583995485,False,False,False,False
2025-01-07 17:00:00+00:00,41.825,41.97,41.825,41.85,312.0,,,,,,,,,,,,,,,,,,,,,,,,,,,,,,,,,,,,,,,,,,,,,,,,,,,,,,#000000,,,,22.497473754123792,-33.09510305743527,False,False,False,True,True,,0.0,0.0,0.0,0.0,0,,,False,False,False,False,,,False,False,False,False,-580.0,-57.76711730126875,False,False,False,False,69.2057769122036,False,False,False,False
2025-01-07 18:00:00+00:00,41.85,42.04,41.85,41.89,327.0,,,,,,,,,,,,,,,,,,,,,,,,,,,,,,,,,,,,,,,,,,,,,,,,,,,,,,#000000,,,,26.824395057279492,-29.535479115911436,False,False,False,True,True,,0.0,0.0,0.0,0.0,0,,,False,False,False,False,,,False,False,False,False,-253.0,-60.793983699698686,False,False,False,False,73.20258657247952,False,False,False,False
2025-01-07 19:00:00+00:00,41.89,42.02,41.89,41.96,403.0,,,,,,,,,,,,,,,,,,,,,,,,,,,,,,,,,,,,,,,,,,,,,,,,,,,,,,#000000,,,,31.910904256654792,-25.19429618099042,False,False,False,True,True,,0.0,0.0,0.0,0.0,0,,,False,False,False,False,,,False,False,False,False,150.0,-57.52585992140879,False,False,False,False,78.31572476515426,False,False,False,False
2025-01-07 20:00:00+00:00,41.96,42.29,41.835,42.29,1446.0,,,,,,,,,,,,,,,,,,,,,,,,,,,,,,,,,,,,,,,,,,,,,,,,,,,,,,#000000,,,,42.095494803427435,-16.220965480639975,False,False,False,True,True,,0.0,0.0,0.0,0.0,0,,,False,False,False,False,,,False,False,False,False,1596.0,-31.88980007766601,False,False,False,False,99.52013213313636,False,False,False,False
2025-01-08 15:00:00+00:00,42.29,42.29,41.52,41.79,252.0,,,,,,,,,,,,,,,,,,,,,,,,,,,,,,,,,,,,,,,,,,,,,,,,,,,,,,#000000,,,,41.07850337307059,-16.220965480639975,False,False,False,True,True,,0.0,0.0,0.0,0.0,0,,,False,False,False,False,,,False,False,False,False,1344.0,-10.558175270260332,False,False,False,False,101.88416109231252,False,False,False,False
2025-01-08 16:00:00+00:00,41.79,42.115,41.72,42.115,231.0,,,,,,,,,,,,,,,,,,,,,,,,,,,,,,,,,,,,,,,,,,,,,,,,,,,,,,#000000,,,,44.7725580553372,-14.45144453900729,False,False,False,True,True,,0.0,0.0,0.0,0.0,0,,,False,False,False,False,,,False,False,False,False,1575.0,14.024122020751458,False,False,False,False,103.88595704436969,False,False,False,False
2025-01-08 17:00:00+00:00,42.115,42.115,41.735,41.945,49.0,,,,,,,,,,,,,,,,,,,,,,,,,,,,,,,,,,,,,,,,,,,,,,,,,,,,,,#000000,,,,45.28112426993486,-13.857283819307703,False,False,False,True,True,,0.0,0.0,0.0,0.0,0,,,False,False,False,False,,,False,False,False,False,1526.0,37.465608501049886,False,False,False,False,103.03501197391434,False,False,False,False
2025-01-08 18:00:00+00:00,41.945,42.045,41.86,41.87,158.0,,,,,,,,,,,,,,,,,,,,,,,,,,,,,,,,,,,,,,,,,,,,,,,,,,,,,,#000000,,,,44.80477557662672,-13.857283819307703,False,False,False,True,True,,0.0,0.0,0.0,0.0,1,,,False,False,False,False,,,False,False,False,False,1368.0,58.09404867932818,False,False,False,False,103.8871823309079,False,False,False,False
2025-01-08 19:00:00+00:00,41.87,42.075,41.87,41.89,194.0,,,,,,,,,,,,,,,,,,,,,,,,,,,,,,,,,,,,,,,,,,,,,,,,,,,,,,#000000,,,,44.779239713250945,-13.399894538752896,False,False,False,True,True,,0.0,0.0,0.0,0.0,1,,,False,False,False,False,,,False,False,False,False,1562.0,81.41042001763317,False,False,False,False,105.28428027926591,False,False,False,False
2025-01-08 20:00:00+00:00,41.89,42.08,41.88,41.98,517.0,,,,,,,,,,,,,,,,,,,,,,,,,,,,,,,,,,,,,,,,,,,,,,,,,,,,,,#000000,,,,46.11100656425317,-11.498720186940602,False,False,False,True,True,,0.0,0.0,0.0,0.0,1,,,False,False,False,False,,,False,False,False,False,2079.0,112.3808011026311,False,False,False,False,111.66746973230055,False,False,False,False
2025-01-09 15:00:00+00:00,41.98,41.98,41.98,41.98,0.0,,,,,,,,,,,,,,,,,,,,,,,,,,,,,,,,,,,,,,,,,,,,,,,,,,,,,,#000000,,,,46.99885113158798,-10.030850205773064,False,False,False,True,True,,0.0,0.0,0.0,0.0,1,,,False,False,False,False,,,False,False,False,False,2079.0,142.8710212405748,False,False,False,False,109.93619113179976,False,False,False,False
2025-01-09 16:00:00+00:00,41.98,41.98,41.98,41.98,0.0,,,,,,,,,,,,,,,,,,,,,,,,,,,,,,,,,,,,,,,,,,,,,,,,,,,,,,#000000,,,,47.590747509811195,-8.845739147024794,False,False,False,True,True,,0.0,0.0,0.0,0.0,1,,,False,False,False,False,,,False,False,False,False,2079.0,172.88852478723257,False,False,False,False,108.2317540599889,False,False,False,False
2025-01-09 17:00:00+00:00,41.98,41.98,41.98,41.98,0.0,,,,,,,,,,,,,,,,,,,,,,,,,,,,,,,,,,,,,,,,,,,,,,,,,,,,,,#000000,,,,47.98534509529333,-7.853484458281393,False,False,False,False,True,,0.0,0.0,0.0,0.0,1,,,False,False,False,False,,,False,False,False,False,2079.0,202.44064068200416,False,False,False,False,106.55374236913636,False,False,False,False
2025-01-09 18:00:00+00:00,41.98,41.98,41.98,41.98,0.0,,,,,,,,,,,,,,,,,,,,,,,,,,,,,,,,,,,,,,,,,,,,,,,,,,,,,,#000000,,,,48.24841015228142,-7.000672178761917,False,False,False,False,True,,0.0,0.0,0.0,0.0,1,,,False,False,False,False,,,False,False,False,False,2079.0,231.53458423732192,False,False,False,False,104.90174636341331,False,False,False,False
2025-01-09 19:00:00+00:00,41.98,41.98,41.98,41.98,0.0,,,,,,,,,,,,,,,,,,,,,,,,,,,,,,,,,,,,,,,,,,,,,,,,,,,,,,#000000,,,,48.423786856940154,-6.255431628907232,False,False,False,False,True,,0.0,0.0,0.0,0.0,1,,,False,False,False,False,,,False,False,False,False,2079.0,260.17745890030915,False,False,False,False,103.27536269886426,False,False,False,False
2025-01-09 20:00:00+00:00,41.98,41.98,41.98,41.98,0.0,,,,,,,,,,,,,,,,,,,,,,,,,,,,,,,,,,,,,,,,,,,,,,,,,,,,,,#000000,,,,48.540704660045975,-5.598324005752694,False,False,False,False,True,,0.0,0.0,0.0,0.0,1,,,False,False,False,False,,,False,False,False,False,2079.0,288.37625798712605,False,False,False,False,101.67419428492838,False,False,False,False
2025-01-10 15:00:00+00:00,41.6,41.915,41.515,41.905,336.0,,,,,,,,,,,,,,,,,,,,,,,,,,,,,,,,,,,,,,,,,,,,,,,,,,,,,,#000000,,,,46.63281259310958,-5.598324005752694,False,False,False,True,True,,0.0,0.0,0.0,0.0,1,,,False,False,False,False,,,False,False,False,False,1743.0,310.92856406484503,False,False,False,False,105.30715251306901,False,False,False,False
2025-01-10 16:00:00+00:00,41.905,41.905,41.41,41.43,648.0,,,,,,,,,,,,,,,,,,,,,,,,,,,,,,,,,,,,,,,,,,,,,,,,,,,,,,#000000,,,,38.71968766985678,-7.0283217982823984,False,False,False,True,False,,0.0,0.0,0.0,0.0,0,,,False,False,False,False,,,False,False,False,False,1095.0,323.0847103584133,False,False,False,False,113.72099510976562,False,False,False,False
2025-01-10 17:00:00+00:00,41.43,41.59,41.43,41.59,100.0,,,,,,,,,,,,,,,,,,,,,,,,,,,,,,,,,,,,,,,,,,,,,,,,,,,,,,#000000,,,,37.29701661463251,-8.201393983126422,False,False,False,True,False,,0.0,0.0,0.0,0.0,0,,,False,False,False,False,,,False,False,False,False,1195.0,336.6027768644844,False,False,False,False,113.50826650341267,False,False,False,False
2025-01-10 18:00:00+00:00,41.555,41.58,41.14,41.205,344.0,,,,,,,,,,,,,,,,,,,,,,,,,,,,,,,,,,,,,,,,,,,,,,,,,,,,,,#000000,,,,33.033715260555255,-12.058685500842245,False,False,False,True,False,,0.0,0.0,0.0,0.0,0,,,False,False,False,False,,,False,False,False,False,851.0,344.57792761077144,False,False,False,False,117.08178175142177,False,False,False,False
2025-01-10 19:00:00+00:00,41.205,41.205,41.16,41.2,122.0,,,,,,,,,,,,,,,,,,,,,,,,,,,,,,,,,,,,,,,,,,,,,,,,,,,,,,#000000,,,,30.15720755076166,-14.584000113929257,False,False,False,True,False,,0.0,0.0,0.0,0.0,0,,,False,False,False,False,,,False,False,False,False,729.0,350.537959740837,False,False,False,False,117.15803319713616,False,False,False,False
2025-01-10 20:00:00+00:00,41.2,41.25,41.0,41.18,1025.0,,,,,,,,,,,,,,,,,,,,,,,,,,,,,,,,,,,,,,,,,,,,,,,,,,,,,,#000000,,,,28.088654838769557,-16.431285666242303,False,False,False,True,False,,0.0,0.0,0.0,0.0,0,,,False,False,False,False,,,False,False,False,False,-296.0,340.5141154037698,False,False,False,False,131.23310244989375,False,False,False,False
2025-01-13 15:00:00+00:00,41.18,41.18,41.18,41.18,0.0,,,,,,,,,,,,,,,,,,,,,,,,,,,,,,,,,,,,,,,,,,,,,,,,,,,,,,#000000,,,,26.70961969744149,-17.75000869104249,False,False,False,True,False,,0.0,0.0,0.0,0.0,0,,,False,False,False,False,,,False,False,False,False,-296.0,330.6456795060369,False,False,False,False,129.19848070648453,False,False,False,False
2025-01-13 16:00:00+00:00,41.18,41.18,39.89,39.9,211.0,,,,,,,,,,,,,,,,,,,,,,,,,,,,,,,,,,,,,,,,,,,,,,,,,,,,,,#000000,,,,20.99693189872148,-23.074442819773296,False,False,False,True,False,,0.0,0.0,0.0,0.0,0,,,False,False,False,False,,,False,False,False,False,-507.0,317.6589247850131,False,False,False,False,130.46672131568633,False,False,False,False
2025-01-13 17:00:00+00:00,39.9,39.9,39.72,39.9,470.0,,,,,,,,,,,,,,,,,,,,,,,,,,,,,,,,,,,,,,,,,,,,,,,,,,,,,,#000000,,,,17.188473366241475,-26.49071816147242,False,False,False,True,False,,0.0,0.0,0.0,0.0,0,,,False,False,False,False,,,False,False,False,False,-507.0,304.87351509842375,False,False,False,False,135.7308031557532,False,False,False,False
2025-01-13 18:00:00+00:00,39.9,39.92,39.73,39.73,298.0,,,,,,,,,,,,,,,,,,,,,,,,,,,,,,,,,,,,,,,,,,,,,,,,,,,,,,#000000,,,,14.357035032619379,-29.040847758523988,False,False,False,True,False,,0.0,0.0,0.0,0.0,0,,,False,False,False,False,,,False,False,False,False,-805.0,287.66617377906834,False,False,False,False,138.2466046572144,False,False,False,False
2025-01-13 19:00:00+00:00,39.73,39.915,39.66,39.86,504.0,,,,,,,,,,,,,,,,,,,,,,,,,,,,,,,,,,,,,,,,,,,,,,,,,39.81166666666666,,,,39.81166666666666,#000000,,39.81166666666666,,14.69411694219269,-29.040847758523988,False,False,False,True,False,,0.0,0.0,0.0,0.0,0,,,False,False,False,False,,,False,False,False,False,-301.0,278.53956643365643,False,False,False,False,143.91719993384675,False,False,False,False
2025-01-13 20:00:00+00:00,39.86,39.95,39.67,39.67,5207.0,,,,,,,,,,,,,,,,,,,,,,,,,,,,,,,,,,,,,,,,,,,,,,,,,39.767598785968595,,,,39.767598785968595,#000000,,39.767598785968595,,14.369206502721049,-29.34081218241629,False,False,False,True,False,,0.0,0.0,0.0,0.0,0,,,False,False,False,False,,,False,False,False,False,-5508.0,188.82577470600282,False,False,False,False,222.41460768681037,False,False,False,False
2025-01-14 15:00:00+00:00,39.67,40.7,39.67,40.5,247.0,,,,,,,,,,,,,,,,,,,,,,,,,,,,,,,,,,,,,,,,,,,,,,,,,39.78925590242811,,,,39.78925590242811,#000000,,39.78925590242811,,24.081859428680623,-32.760237853862094,False,False,False,True,True,,0.0,0.0,0.0,0.0,0,,,False,False,False,False,,,False,False,False,False,-5261.0,104.33235184234387,False,False,False,False,222.79577655988308,False,False,False,False
2025-01-14 16:00:00+00:00,40.5,40.5,40.235,40.245,170.0,,,,,,,,,,,,,,,,,,,,,,,,,,,,,,,,,,,,,,,,,,,,,,,,,39.804164490861616,,,,39.804164490861616,#000000,,39.804164490861616,,29.010916904754335,-28.403756453409283,False,False,False,True,True,,0.0,0.0,0.0,0.0,0,,,False,False,False,False,,,False,False,False,False,-5431.0,18.51324561223001,False,False,False,False,221.97723738841202,False,False,False,False
2025-01-14 17:00:00+00:00,40.245,40.38,40.245,40.38,213.0,,,,,,,,,,,,,,,,,,,,,,,,,,,,,,,,,,,,,,,,,,,,,,,,,39.82199574199653,,,,39.82199574199653,#000000,,39.82199574199653,,33.51351591989199,-24.421279093856228,False,False,False,True,True,,0.0,0.0,0.0,0.0,0,,,False,False,False,False,,,False,False,False,False,-5218.0,-62.67300625772704,False,False,False,False,221.83805541339785,False,False,False,False
2025-01-14 18:00:00+00:00,40.38,40.55,40.315,40.52,171.0,,,,,,,,,,,,,,,,,,,,,,,,,,,,,,,,,,,,,,,,,,,,,,,,,39.838792997542996,,,,39.838792997542996,#000000,,39.838792997542996,,37.762927446549966,-20.61229477888826,False,False,False,True,True,,0.0,0.0,0.0,0.0,0,,,False,False,False,False,,,False,False,False,False,-5047.0,-139.94939375760725,False,False,False,False,221.04986850776376,False,False,False,False
2025-01-14 19:00:00+00:00,40.52,40.595,40.27,40.28,518.0,,,,,,,,,,,,,,,,,,,,,,,,,,,,,,,,,,,,,,,,,,,,,,,,,39.8787942152679,,,,39.8787942152679,#000000,,39.8787942152679,,38.87536192720267,-19.557968272764906,False,False,False,True,True,,0.0,0.0,0.0,0.0,0,,,False,False,False,False,,,False,False,False,False,-5565.0,-224.0587054822955,False,False,False,False,225.6537465153953,False,False,False,False
2025-01-14 20:00:00+00:00,40.28,40.67,40.22,40.67,1148.0,,,,,,,,,,,,,,,,,,,,,,,,,,,,,,,,,,,,,,,,,,,,,,,,,39.96880451618163,,,,39.96880451618163,#000000,,39.96880451618163,,42.94311252811755,-15.596848627641592,True,False,False,True,True,,0.0,0.0,0.0,0.0,0,,,False,False,False,False,,,False,False,False,False,-4417.0,-289.0655472577638,False,False,False,False,239.9536884298853,False,False,False,False
2025-01-15 15:00:00+00:00,41.39,41.39,41.255,41.255,351.0,,,,,,,,,,,,,,,,,,,,,,,,,,,,,,,,,,,,,,,,,,,,,,,,,40.02358815023254,,,,40.02358815023254,#000000,,40.02358815023254,,49.2804298871161,-9.61990837001914,True,False,False,False,True,,0.0,0.0,0.0,0.0,0,,,False,False,False,False,,,False,False,False,False,-4066.0,-347.622670556093,False,False,False,False,241.67533667128242,False,False,False,False
2025-01-15 16:00:00+00:00,41.255,41.365,41.035,41.365,200.0,,,,,,,,,,,,,,,,,,,,,,,,,,,,,,,,,,,,,,,,,,,,,,,,,40.05180242104861,,,,40.05180242104861,#000000,,40.05180242104861,,54.07493980533006,-5.1794772582218656,True,False,True,False,True,,0.0,0.0,0.0,0.0,0,,,False,False,False,False,,,False,False,False,False,-3866.0,-402.17115628390553,False,False,False,False,241.02920742056486,False,False,False,False
2025-01-15 17:00:00+00:00,41.38,41.4,41.34,41.34,116.0,,,,,,,,,,,,,,,,,,,,,,,,,,,,,,,,,,,,,,,,,,,,,,,,,40.06895911060863,,,,40.06895911060863,#000000,,40.06895911060863,,57.03032723135836,-2.3760623283609945,True,False,True,False,True,,0.0,0.0,0.0,0.0,0,,,False,False,False,False,,,False,False,False,False,-3982.0,-457.67237866710076,False,False,False,False,239.090770096215,False,False,False,False
2025-01-15 18:00:00+00:00,41.34,41.51,41.34,41.51,6.0,,,,,,,,,,,,,,,,,,,,,,,,,,,,,,,,,,,,,,,,,,,,,,,,,40.06989756336384,,,,40.06989756336384,#000000,,40.06989756336384,,59.98781495894248,0.5646698113063309,True,False,True,False,True,,0.0,0.0,0.0,0.0,0,,,False,False,False,False,,,False,False,False,False,-3976.0,-512.2200937265255,False,False,False,False,235.4769597071264,False,False,False,False
2025-01-15 19:00:00+00:00,41.51,41.66,41.51,41.64,485.0,,,,,,,,,,,,,,,,,,,,,,,,,,,,,,,,,,,,,,,,,,,,,,,,,40.14955869751499,,,,40.14955869751499,#000000,,40.14955869751499,,62.69063593990967,3.3634109238154934,True,False,True,False,True,,0.0,0.0,0.0,0.0,0,,,False,False,False,False,,,False,False,False,False,-3491.0,-558.4027279323158,False,False,False,False,239.34553397523297,False,False,False,False
2025-01-15 20:00:00+00:00,41.64,41.64,41.44,41.49,320.0,,,,,,,,,,,,,,,,,,,,,,,,,,,,,,,,,,,,,,,,,,,,,,,,,40.19508561170947,,,,40.19508561170947,#000000,,40.19508561170947,,62.74312263620956,3.8451268353160373,True,False,True,False,True,,0.0,0.0,0.0,0.0,0,,,False,False,False,False,,,False,False,False,False,-3811.0,-608.8305926155357,False,False,False,False,240.59599081282624,False,False,False,False
2025-01-16 15:00:00+00:00,42.0,42.06,41.795,41.795,194.0,,,,,,,,,,,,,,,,,,,,,,,,,,,,,,,,,,,,,,,,,,,,,,,,,40.22833637901861,,,,40.22833637901861,#000000,,40.22833637901861,,64.6341616855819,6.177688509515292,True,False,True,False,True,,0.0,0.0,0.0,0.0,0,,,False,False,False,False,,,False,False,False,False,-3617.0,-655.4688780013413,False,False,False,False,239.87357235061188,False,False,False,False
2025-01-16 16:00:00+00:00,41.795,42.035,41.795,42.035,101.0,,,,,,,,,,,,,,,,,,,,,,,,,,,,,,,,,,,,,,,,,,,,,,,,,40.2458615549526,,,,40.2458615549526,#000000,,40.2458615549526,,67.12804457579264,9.04301651763685,True,False,True,False,True,4.4347617382966895,0.0,0.0,0.0,0.0,0,,,False,False,False,False,,,False,False,False,False,-3516.0,-699.8181977222507,False,False,False,False,237.72049370951714,False,False,False,False
2025-01-16 17:00:00+00:00,42.035,42.09,42.0,42.04,230.0,,,,,,,,,,,,,,,,,,,,,,,,,,,,,,,,,,,,,,,,,,,,,,,,,40.28646842156959,,,,40.28646842156959,#000000,,40.28646842156959,,68.81608065507872,11.123374986783475,True,False,True,False,True,4.491694992008423,0.0,0.0,0.0,0.0,0,,,False,False,False,False,,,False,False,False,False,-3286.0,-739.9140396180297,False,False,False,False,237.60079613262542,False,False,False,False
2025-01-16 18:00:00+00:00,42.04,42.04,41.86,41.86,411.0,,,,,,,,,,,,,,,,,,,,,,,,,,,,,,,,,,,,,,,,,,,,,,,,,40.349854135196374,,,,40.349854135196374,#000000,,40.349854135196374,,67.53948931812162,11.123374986783475,True,False,True,False,True,2.2035226393089893,0.0,0.0,0.0,0.0,0,,,False,False,False,False,,,False,False,False,False,-3697.0,-785.7603335774402,False,False,False,False,240.2891558825072,False,False,False,False
2025-01-16 19:00:00+00:00,41.86,42.04,41.86,41.975,632.0,,,,,,,,,,,,,,,,,,,,,,,,,,,,,,,,,,,,,,,,,,,,,,,,,40.4404242397244,,,,40.4404242397244,#000000,,40.4404242397244,,67.46969512405755,11.123374986783475,True,False,True,False,True,3.544440756159169,0.0,0.0,0.0,0.0,0,,,False,False,False,False,,,False,False,False,False,-3065.0,-821.0973826692627,False,False,False,False,246.36219222541405,False,False,False,False
2025-01-16 20:00:00+00:00,41.975,42.07,41.95,41.95,871.0,,,,,,,,,,,,,,,,,,,,,,,,,,,,,,,,,,,,,,,,,,,,,,,,,40.552014193192775,,,,40.552014193192775,#000000,,40.552014193192775,,67.061661681516,11.123374986783475,True,False,True,False,True,3.224807110836167,0.0,0.0,0.0,0.0,0,,,False,False,False,False,,,False,False,False,False,-3936.0,-869.3904465038478,False,False,False,False,256.04649932269444,False,False,False,False
2025-01-17 15:00:00+00:00,42.335,42.335,41.98,41.98,269.0,,,,,,,,,,,,,,,,,,,,,,,,,,,,,,,,,,,,,,,,,,,,,,,,,40.58565701498975,,,,40.58565701498975,#000000,,41.34199517416154,,67.0290952631182,11.528253647119946,True,False,True,False,True,3.5806906105207545,0.0,0.0,0.0,0.0,0,,,False,False,False,False,,,False,False,False,False,-3667.0,-912.76423803092,False,False,False,False,256.24732879055966,False,False,False,False
2025-01-17 16:00:00+00:00,41.98,42.06,41.87,41.885,376.0,,,,,,,,,,,,,,,,,,,,,,,,,,,,,,,,,,,,,,,,,,,,,,,,,40.62557901622187,,,,40.62557901622187,#000000,,41.31532051586287,,65.43429880146077,11.528253647119946,True,False,True,False,False,2.3415442701608917,0.0,0.0,0.0,0.0,0,,,False,False,False,False,,,False,False,False,False,-4043.0,-961.2950250381924,False,False,False,False,258.10395935194634,False,False,False,False
2025-01-17 17:00:00+00:00,41.885,42.08,41.86,42.08,200.0,,,,,,,,,,,,,,,,,,,,,,,,,,,,,,,,,,,,,,,,,,,,,,,,,40.64692503863987,,,,40.64692503863987,#000000,,41.32618342661777,,66.13254876475244,11.528253647119946,True,False,True,False,False,4.664631175531209,0.0,0.0,0.0,0.0,0,,,False,False,False,False,,,False,False,False,False,-3843.0,-1005.9726215492282,False,False,False,False,257.20312277284637,False,False,False,False
2025-01-17 18:00:00+00:00,42.08,42.08,41.84,41.84,216.0,,,,,,,,,,,,,,,,,,,,,,,,,,,,,,,,,,,,,,,,,,,,,,,,,40.667826847065975,,,,40.667826847065975,#000000,,41.32793714329422,,62.943935960379264,11.528253647119946,True,False,True,False,False,1.589258759975774,0.0,0.0,0.0,0.0,0,,,False,False,False,False,,,False,False,False,False,-4059.0,-1053.3063793546664,False,False,False,False,256.56431466784096,False,False,False,False
2025-01-17 19:00:00+00:00,41.83,41.885,41.81,41.835,304.0,,,,,,,,,,,,,,,,,,,,,,,,,,,,,,,,,,,,,,,,,,,,,,,,,40.69437617632491,,,,40.69437617632491,#000000,,41.325097123571496,,60.74672565355128,15.18554290094886,True,False,True,False,False,1.5264563289931417,0.0,0.0,0.0,0.0,0,,,False,False,False,False,,,False,False,False,False,-4363.0,-1104.6194587445166,False,False,False,False,257.2997516497349,False,False,False,False
2025-01-17 20:00:00+00:00,41.835,41.945,41.805,41.945,717.0,,,,,,,,,,,,,,,,,,,,,,,,,,,,,,,,,,,,,,,,,,,,,,,,,40.75526615880181,,,,40.75526615880181,#000000,,41.3456438062661,,60.52972725817871,14.782421227610712,True,False,True,False,False,2.8545062599093036,0.0,0.0,0.0,0.0,0,,,False,False,False,False,,,False,False,False,False,-3646.0,-1144.020707446152,False,False,False,False,264.42688728307235,False,False,False,False
2025-01-20 15:00:00+00:00,41.945,41.945,41.945,41.945,0.0,,,,,,,,,,,,,,,,,,,,,,,,,,,,,,,,,,,,,,,,,,,,,,,,,40.75526615880181,,,,40.75526615880181,#000000,,41.3456438062661,,60.38506166126366,14.362995533711938,True,False,True,False,False,2.8545062599093036,0.0,0.0,0.0,0.0,0,,,False,False,False,False,,,False,False,False,False,-3646.0,-1182.8110840748939,False,False,False,False,260.3272456197689,False,False,False,False
2025-01-20 16:00:00+00:00,41.945,41.945,41.945,41.945,0.0,,,,,,,,,,,,,,,,,,,,,,,,,,,,,,,,,,,,,,,,,,,,,,,,,40.75526615880181,,,,40.75526615880181,#000000,,41.3456438062661,,60.28861792998697,13.941232358595386,True,False,True,False,False,2.8545062599093036,0.0,0.0,0.0,0.0,0,,,False,False,False,False,,,False,False,False,False,-3646.0,-1221.0000595155932,False,False,False,False,256.2911642923306,False,False,False,False
2025-01-20 17:00:00+00:00,41.945,41.945,41.945,41.945,0.0,,,,,,,,,,,,,,,,,,,,,,,,,,,,,,,,,,,,,,,,,,,,,,,,,40.75526615880181,,,,40.75526615880181,#000000,,41.3456438062661,,60.22432210913584,13.529057098627533,True,False,True,False,False,2.8545062599093036,0.0,0.0,0.0,0.0,0,,,False,False,False,False,,,False,False,False,False,-3646.0,-1258.596957817677,False,False,False,False,252.3176578691937,False,False,False,False
2025-01-20 18:00:00+00:00,41.945,41.945,41.945,41.945,0.0,,,,,,,,,,,,,,,,,,,,,,,,,,,,,,,,,,,,,,,,,,,,,,,,,40.75526615880181,,,,40.75526615880181,#000000,,41.3456438062661,,60.18145822856842,13.135647365502471,True,False,True,False,False,2.8545062599093036,0.0,0.0,0.0,0.0,0,,,False,False,False,False,,,False,False,False,False,-3646.0,-1295.6109584716667,False,False,False,False,248.4057561968031,False,False,False,False
2025-01-20 19:00:00+00:00,41.945,41.945,41.945,41.945,0.0,,,,,,,,,,,,,,,,,,,,,,,,,,,,,,,,,,,,,,,,,,,,,,,,,40.75526615880181,,,,40.75526615880181,#000000,,41.3456438062661,,60.15288230819013,12.767412126047766,True,False,True,False,False,2.8545062599093036,0.0,0.0,0.0,0.0,0,,,False,False,False,False,,,False,False,False,False,-3646.0,-1332.0510986504005,False,False,False,False,244.55450416274414,False,False,False,False
2025-01-20 20:00:00+00:00,41.945,41.945,41.945,41.945,0.0,,,,,,,,,,,,,,,,,,,,,,,,,,,,,,,,,,,,,,,,,,,,,,,,,40.75526615880181,,,,40.75526615880181,#000000,,41.3456438062661,,60.13383169460461,12.428303416897585,True,False,True,False,False,2.8545062599093036,0.0,0.0,0.0,0.0,0,,,False,False,False,False,,,False,False,False,False,-3646.0,-1367.9262754155106,False,False,False,False,240.76296146254654,False,False,False,False
2025-01-21 15:00:00+00:00,41.945,43.68,41.945,43.22,161.0,,,,,,,,,,,,,,,,,,,,,,,,,,,,,,,,,,,,,,,,,,,,,,,,,40.77989189566187,,,,40.77989189566187,#000000,,41.912303094363146,,69.351375703103,16.431765630013288,True,False,True,False,True,16.880672115901298,0.0,0.0,0.0,0.0,0,,,False,False,False,False,,,False,False,False,False,-3485.0,-1400.749123858681,False,False,False,False,239.5263264011117,False,False,False,False
2025-01-21 16:00:00+00:00,43.22,43.39,43.14,43.19,393.0,,,,,,,,,,,,,,,,,,,,,,,,,,,,,,,,,,,,,,,,,,,,,,,,,40.84552372547687,,,,40.84552372547687,#000000,,42.06434058672883,,74.96859222041826,21.2039563540107,True,False,True,False,True,16.4537816819665,0.0,0.0,0.0,0.0,0,,,False,False,False,False,,,False,False,False,False,-3878.0,-1439.1561141864534,False,False,False,False,241.90576320109446,False,False,False,False
2025-01-21 17:00:00+00:00,43.19,43.19,42.98,42.98,181.0,,,,,,,,,,,,,,,,,,,,,,,,,,,,,,,,,,,,,,,,,,,,,,,,,40.872281384120164,,,,40.872281384120164,#000000,,42.08299195996028,,75.13950277273113,21.2039563540107,True,False,True,False,True,13.516219418734423,0.0,0.0,0.0,0.0,0,,,False,False,False,False,,,False,False,False,False,-4059.0,-1479.7738488502293,False,False,False,False,240.96148780262786,False,False,False,False
2025-01-21 18:00:00+00:00,42.98,43.05,42.97,43.01,33.0,,,,,,,,,,,,,,,,,,,,,,,,,,,,,,,,,,,,,,,,,,,,,,,,,40.877001672800255,,,,40.877001672800255,#000000,,42.08579982508303,,75.41361118260349,21.2039563540107,True,False,True,False,True,13.802764593402816,0.0,0.0,0.0,0.0,0,,,False,False,False,False,,,False,False,False,False,-4026.0,-1519.2502232866598,False,False,False,False,237.7372786894088,False,False,False,False
2025-01-21 19:00:00+00:00,43.01,43.01,42.81,42.82,34.0,,,,,,,,,,,,,,,,,,,,,,,,,,,,,,,,,,,,,,,,,,,,,,,,,40.881548167434396,,,,40.881548167434396,#000000,,42.08631587520657,,72.49397372488937,21.2039563540107,True,False,True,False,False,11.206326658299417,0.0,0.0,0.0,0.0,0,,,False,False,False,False,,,False,False,False,False,-4060.0,-1558.641692693068,False,False,False,False,234.57856119034818,False,False,False,False
2025-01-21 20:00:00+00:00,42.82,43.23,42.82,43.21,668.0,,,,,,,,,,,,,,,,,,,,,,,,,,,,,,,,,,,,,,,,,,,,,,,,,40.97568884344176,,,,40.97568884344176,#000000,,42.165178516826806,,72.99883043555504,21.2039563540107,True,False,True,False,False,14.887619101714918,0.0,0.0,0.0,0.0,0,,,False,False,False,False,,,False,False,False,False,-3392.0,-1587.0658524962764,False,False,False,False,241.2982734199552,False,False,False,False
2025-01-22 15:00:00+00:00,43.21,43.39,43.06,43.39,32.0,,,,,,,,,,,,,,,,,,,,,,,,,,,,,,,,,,,,,,,,,,,,,,,,,40.98039181920614,,,,40.98039181920614,#000000,,42.170578290946,,74.22555724597937,21.2039563540107,True,False,True,False,False,16.47808036091621,0.0,0.0,0.0,0.0,0,,,False,False,False,False,,,False,False,False,False,-3360.0,-1614.5532036203651,False,False,False,False,238.05333894832796,False,False,False,False
2025-01-22 16:00:00+00:00,43.39,43.39,43.23,43.35,30.0,,,,,,,,,,,,,,,,,,,,,,,,,,,,,,,,,,,,,,,,,,,,,,,,,40.98486621257452,,,,40.98486621257452,#000000,,42.175975781101464,,74.4032904422429,21.2039563540107,True,False,True,False,False,15.932523752808088,0.0,0.0,0.0,0.0,0,,,False,False,False,False,,,False,False,False,False,-3390.0,-1642.0795105409798,False,False,False,False,234.82770578633838,False,False,False,False
2025-01-22 17:00:00+00:00,43.35,43.35,43.22,43.27,197.0,,,,,,,,,,,,,,,,,,,,,,,,,,,,,,,,,,,,,,,,,,,,,,,,,41.01329204912191,,,,41.01329204912191,"rgba(38, 166, 154, 1.0)",0.8429161789197552,42.20651004614708,1.261679370321074,73.19255197782313,21.2039563540107,True,False,True,False,False,14.839091078500076,0.0,0.0,0.0,0.0,0,,,False,False,False,False,,,False,False,False,False,-3587.0,-1672.2333165791042,False,False,False,False,234.24122972763544,False,False,False,False
2025-01-22 18:00:00+00:00,43.27,43.655,43.27,43.655,761.0,,,,,,,,,,,,,,,,,,,,,,,,,,,,,,,,,,,,,,,,,,,,,,,,,41.12805043899121,,,,41.12805043899121,"rgba(0, 255, 255, 0.75)",0.8691258578346134,42.34350057569441,1.5089867738754597,74.56858143640044,21.2039563540107,True,False,True,False,False,18.19349633286751,0.0,0.0,0.0,0.0,0,,,False,False,False,False,,,False,False,False,False,-2826.0,-1690.1211721360173,False,False,False,False,242.40803236751705,False,False,False,False
2025-01-22 19:00:00+00:00,43.655,43.73,43.61,43.61,41.0,,,,,,,,,,,,,,,,,,,,,,,,,,,,,,,,,,,,,,,,,,,,,,,,,41.13423908706407,,,,41.13423908706407,"rgba(38, 166, 154, 1.0)",0.8931830265510617,42.35067744148869,1.4099266567727529,74.74825677758925,21.2039563540107,True,False,True,False,False,17.577846278154812,0.0,0.0,0.0,0.0,0,,,False,False,False,False,,,False,False,False,False,-2867.0,-1708.3673555137534,False,False,False,False,239.2854272145323,False,False,False,False
2025-01-22 20:00:00+00:00,43.68,43.7,43.44,43.495,276.0,,,,,,,,,,,,,,,,,,,,,,,,,,,,,,,,,,,,,,,,,,,,,,,,,41.17341537132987,,,,41.17341537132987,"rgba(38, 166, 154, 1.0)",0.9133697977201692,42.3898142951684,1.2100090320374222,72.96455042541825,21.2039563540107,True,False,True,False,False,16.010024122651117,0.0,0.0,0.0,0.0,0,,,False,False,False,False,,,False,False,False,False,-3143.0,-1730.6097220949355,False,False,False,False,239.8546453972527,False,False,False,False
2025-01-23 15:00:00+00:00,43.4,43.745,43.4,43.715,725.0,,,,,,,,,,,,,,,,,,,,,,,,,,,,,,,,,,,,,,,,,,,,,,,,,41.27357765354715,,,,41.27357765354715,"rgba(38, 166, 154, 1.0)",0.9386432032796372,42.485243792318165,1.310142345233041,73.20988072458256,21.2039563540107,True,False,True,False,False,17.89776170022584,0.0,0.0,0.0,0.0,0,,,False,False,False,False,,,False,False,False,False,-2418.0,-1741.2669357058667,False,False,False,False,247.37627880194646,False,False,False,False
2025-01-23 16:00:00+00:00,43.68,43.925,43.68,43.925,1326.0,,,,,,,,,,,,,,,,,,,,,,,,,,,,,,,,,,,,,,,,,,,,,,,,,41.452589790736354,,,,41.452589790736354,"rgba(38, 166, 154, 1.0)",0.9682752009965243,42.654091123694975,1.3125492370320282,74.52356307034978,21.260243386758162,True,False,True,False,False,19.623825680572544,0.0,0.0,0.0,0.0,0,,,False,False,False,False,,,False,False,False,False,-1092.0,-1731.2007816639152,False,True,False,False,264.09912719261393,False,False,False,False
2025-01-23 17:00:00+00:00,43.925,44.11,43.765,43.765,1380.0,,,,,,,,,,,,,,,,,,,,,,,,43.879999999999995,,,,,,,,,,,,,,,,,,,,,,,,,41.61667630010613,,,,42.74833815005306,"rgba(38, 166, 154, 0.5)",0.9932899107747148,43.058867126358805,0.7109030968516009,72.79971823007523,21.260243386758162,True,False,True,False,False,17.451170605315944,0.0,0.0,0.0,0.0,0,,,False,False,False,False,,,False,False,False,False,-2472.0,-1742.686040862924,False,False,False,False,281.3999159183099,False,False,False,False
2025-01-23 18:00:00+00:00,43.74,43.95,43.685,43.685,2093.0,,,,,,,,,,,,,,,,,,,,,,,,43.8157174392936,,,,,,,,,,,,,,,,,,,,,,,,,41.81722202476156,,,,42.816469732027585,"rgba(38, 166, 154, 0.5)",1.0146881072304677,43.13602668007552,0.5410266622941665,70.40673369762871,23.715699353896937,True,False,True,False,False,16.380666026197385,0.0,0.0,0.0,0.0,0,,,False,False,False,False,,,False,False,False,False,-4565.0,-1786.4428464309408,False,False,False,False,309.48673892732836,False,False,False,False
2025-01-23 19:00:00+00:00,43.685,43.685,43.36,43.495,122.0,,,,,,,,,,,,,,,,,,,,,,,,43.80545572554474,,,,,,,,,,,,,,,,,,,,,,,,,41.82636588599204,,,,42.81591080576839,#000000,1.0312303375138854,43.13600242328584,0.34812549985645247,66.06224304400362,19.72776043918641,False,False,True,False,False,13.886365369636618,0.0,0.0,0.0,0.0,0,,,False,False,False,False,,,False,False,False,False,-4687.0,-1831.4127247808487,False,False,False,False,306.57996778116825,False,False,False,False
2025-01-23 20:00:00+00:00,43.495,43.495,43.3,43.34,3597.0,,,,,,,,,,,,,,,,,,,,,,,,43.591835140897295,,,,,,,,,,,,,,,,,,,,,,,,,42.0392162656804,,,,42.81552570328885,#000000,1.0441146816650273,43.123226307055354,0.2076148307760262,61.18808337839339,15.422589157235208,False,True,True,False,False,11.911561114554445,0.0,0.0,0.0,0.0,0,,,False,False,False,False,,,False,False,False,False,-8284.0,-1931.452837574944,False,False,False,False,357.59423184657646,False,False,False,False
2025-01-24 15:00:00+00:00,44.06,44.06,43.82,43.82,100.0,,,,,,,,,,,,,,,,,,,,,,,,43.59606120863046,,,,,,,,,,,,,,,,,,,,,,,,,42.046284232916776,,,,42.82117272077362,"rgba(38, 166, 154, 0.5)",1.0663883012341242,43.12780318036243,0.6491039134961422,62.22598817619798,15.422589157235208,False,True,True,False,False,16.05017481792884,0.0,0.0,0.0,0.0,0,,,False,False,False,False,,,False,False,False,False,-8184.0,-2028.3915532714564,False,False,False,False,353.6005228256993,False,False,False,False
2025-01-24 16:00:00+00:00,43.48,43.55,43.48,43.55,3.0,,,,,,,,,,,,,,,,,,,,,,,,43.596032670779074,,,,,,,,,,,,,,,,,,,,,,,,,42.04645290543107,,,,42.82124278810507,#000000,1.0819452493183348,43.12784769815827,0.39017898743739454,59.841067169728774,14.622385320733542,False,True,True,False,False,12.746250216697224,0.0,0.0,0.0,0.0,0,,,False,False,False,False,,,False,False,False,False,-8187.0,-2123.8738547711237,False,False,False,False,348.16485580514575,False,False,False,False
2025-01-24 17:00:00+00:00,43.55,43.55,43.405,43.47,125.0,,,,,,,,,,,,,,,,,,,,,,,,43.59399371069183,,,,,,,,,,,,,,,,,,,,,,,,,42.05320279720279,,,,42.82359825394731,#000000,1.0949002052513508,43.12917324355432,0.31128568138996504,57.41284093654191,12.40460870194159,False,True,True,False,False,11.794025777391873,0.0,0.0,0.0,0.0,0,,,False,False,False,False,,,False,False,False,False,-8312.0,-2219.81379500723,False,False,False,False,344.70493556010473,False,False,False,False
2025-01-24 18:00:00+00:00,43.36,43.49,43.315,43.315,230.0,,,,,,,,,,,,,,,,,,,,,,,,43.58735947712418,,,,,,,,,,,,,,,,,,,,,,,,,42.06458110049341,,,,42.8259702888088,#000000,1.104993669216706,43.12975805013312,0.16764073408510116,54.208129395375124,9.455385357488233,False,True,True,False,False,9.970982276759145,0.0,0.0,0.0,0.0,0,,,False,False,False,False,,,False,False,False,False,-8542.0,-2317.8321857823116,False,False,False,False,342.9265644661496,False,False,False,False
2025-01-24 19:00:00+00:00,43.315,43.51,43.315,43.5,258.0,,,,,,,,,,,,,,,,,,,,,,,,43.5826062215478,,,,,,,,,,,,,,,,,,,,,,,,,42.077767756622,,,,42.8301869890849,#000000,1.1180322845021868,43.13186119337905,0.3292738606245747,53.957487128629566,9.1834295248293,False,True,True,False,False,11.593010065362883,0.0,0.0,0.0,0.0,0,,,False,False,False,False,,,False,False,False,False,-8284.0,-2410.330911584136,False,False,False,False,341.6098735441938,False,False,False,False
2025-01-24 20:00:00+00:00,43.5,43.5,43.28,43.365,373.0,,,,,,,,,,,,,,,,,,,,,,,,43.57355532745643,,,,,,,,,,,,,,,,,,,,,,,,,42.09557249719334,,,,42.83456391232488,#000000,1.128336593605143,43.13325415482847,0.20538715706372776,52.33453982234141,7.500098571137414,False,True,False,False,False,10.014026367761705,0.0,0.0,0.0,0.0,0,,,False,False,False,False,,,False,False,False,False,-8657.0,-2507.1784943502735,False,False,False,False,342.0965421714156,False,False,False,False
2025-01-27 15:00:00+00:00,42.195,42.37,41.96,42.29,856.0,,,,,,,,,,,,,,,,,,,,,,,,43.44549834008245,,,,,,,,,,,,,,,,,,,,,,,,,42.098948069004685,,,,42.772223204543565,"rgba(239, 83, 80, 0.5)",1.1284164021213825,43.06682079404477,-0.6884167870870881,44.33748303631435,0.05747957942283222,False,True,False,True,False,0.0,0.0,0.0,0.0,0.0,0,,,False,False,False,False,,,False,False,False,False,-9513.0,-2615.7958820347653,False,False,False,False,350.0640376416262,False,False,False,False
2025-01-27 16:00:00+00:00,42.29,42.29,41.99,42.25,984.0,,,,,,,,,,,,,,,,,,,,,,,,43.32213796396931,,,,,,,,,,,,,,,,,,,,,,,,,42.10157103169159,,,,42.71185449783045,"rgba(239, 83, 80, 0.5)",1.1284192762723666,42.99989873501612,-0.6645568281085569,38.8418802617617,-4.762522591038909,False,True,False,True,False,0.0,0.0,0.0,0.0,0.0,0,,,False,False,False,False,,,False,False,False,False,-10497.0,-2737.985093166009,False,False,False,False,359.8925021743142,False,False,False,False
2025-01-27 17:00:00+00:00,42.25,42.26,42.095,42.095,152.0,,,,,,,,,,,,,,,,,,,,,,,,43.304794931697984,,,,,,,,,,,,,,,,,,,,,,,,,42.10182219871707,,,,42.70330856520753,"rgba(239, 83, 80, 0.5)",1.1283710733970753,42.99022909112462,-0.7933818158147582,34.52419896500526,-8.471875257389499,False,True,False,True,False,0.0,0.0,0.0,0.0,0.0,0,,,False,False,False,False,,,False,False,False,False,-10649.0,-2860.636487070412,False,False,False,False,356.66936260572015,False,False,False,False
2025-01-27 18:00:00+00:00,42.095,42.19,42.0,42.19,509.0,,,,,,,,,,,,,,,,,,,,,,,,43.24917748716998,,,,,,,,,,,,,,,,,,,,,,,,,42.10224631362422,,,,42.675711900397104,"rgba(239, 83, 80, 0.5)",1.1283970612900038,42.95872683445813,-0.6812556154473791,32.79003633792509,-9.923448329406114,False,True,False,True,False,0.0,0.0,0.0,0.0,0.0,0,,,False,False,False,False,,,False,False,False,False,-10140.0,-2973.49483610808,False,False,False,False,359.03107791415863,False,False,False,False
2025-01-27 19:00:00+00:00,42.19,42.4,42.15,42.27,122.0,,,,,,,,,,,,,,,,,,,,,,,,43.23825920151627,,,,,,,,,,,,,,,,,,,,,,,,,42.10294348508635,,,,42.670601343301314,"rgba(239, 83, 80, 0.5)",1.1285602803157193,42.95262399577277,-0.6048626800703976,32.6243180468429,-10.183198089446165,False,True,False,True,False,0.0,0.0,0.0,0.0,0.0,0,,,False,False,False,False,,,False,False,False,False,-10018.0,-3082.7119704319857,False,False,False,False,355.356177481381,False,False,False,False
2025-01-27 20:00:00+00:00,42.27,42.27,42.035,42.24,374.0,,,,,,,,,,,,,,,,,,,,,,,,43.20322057693445,,,,,,,,,,,,,,,,,,,,,,,,,42.10391476704165,,,,42.65356767198805,"rgba(239, 83, 80, 0.5)",1.128648486201702,42.932548198343376,-0.6136084058146763,32.32626362420754,-10.799326564499452,False,True,False,True,False,0.0,0.0,0.0,0.0,0.0,0,,,False,False,False,False,,,False,False,False,False,-10392.0,-3196.034265464048,False,False,False,False,355.64522899329756,False,False,False,False
2025-01-28 15:00:00+00:00,41.94,42.145,41.94,41.99,258.0,,,,,,,,,,,,,,,,,,,,,,,,43.1768699433657,,,,,,,,,,,,,,,,,,,,,,,,,42.10324877607319,,,,42.640059359719444,"rgba(239, 83, 80, 0.5)",1.1286366965471135,42.91694934208273,-0.8213000205633794,30.642321098070123,-12.793418624022323,False,True,False,True,False,0.0,0.0,0.0,0.0,0.0,0,,,False,False,False,False,,,False,False,False,False,-10650.0,-3311.599625689412,False,False,False,False,354.13134947402165,False,False,False,False
2025-01-28 16:00:00+00:00,41.99,42.18,41.93,42.165,197.0,,,,,,,,,,,,,,,,,,,,,,,,43.15864910934971,,,,,,,,,,,,,,,,,,,,,,,,,42.103174618651416,,,,42.630911864000566,"rgba(239, 83, 80, 0.5)",1.1286095247956434,42.906171985101146,-0.6567125022583434,31.93354224097952,-12.793418624022323,False,True,False,True,False,0.0,0.0,0.0,0.0,0.0,0,,,False,False,False,False,,,False,False,False,False,-10453.0,-3422.3190113376377,False,False,False,False,351.69520452093604,False,False,False,False
2025-01-28 17:00:00+00:00,42.165,42.22,42.165,42.22,101.0,,,,,,,,,,,,,,,,,,,,,,,,43.15048152216777,,,,,,,,,,,,,,,,,,,,,,,,,42.10349687388643,,,,42.626989198027104,"rgba(239, 83, 80, 0.5)",1.1286451576522534,42.901398494504356,-0.6037313764068819,33.536706162693875,-12.793418624022323,False,True,False,True,True,0.0,0.0,0.0,0.0,0.0,0,,,False,False,False,False,,,False,False,False,False,-10352.0,-3529.755925890542,False,False,False,False,347.8084571640223,False,False,False,False
2025-01-28 18:00:00+00:00,42.22,42.515,42.22,42.41,519.0,,,,,,,,,,,,,,,,,,,,,,,,43.1181804689819,,,,,,,,,,,,,,,,,,,,,,,,,42.108096406269915,,,,42.613138437625906,#000000,1.1290377071400812,42.88308625870735,-0.41901723539925856,37.067055914996914,-12.793418624022323,False,True,False,True,True,0.45587522634107813,0.0,0.0,0.0,0.0,0,,,False,False,False,False,,,False,False,False,False,-9833.0,-3627.4806402178206,False,False,False,False,350.4625896110917,False,False,False,False
2025-01-28 19:00:00+00:00,42.41,42.49,42.385,42.49,44.0,,,,,,,,,,,,,,,,,,,,,,,,43.11582667849749,,,,,,,,,,,,,,,,,,,,,,,,,42.10858201832528,,,,42.61220434841138,#000000,1.1272219778674362,42.88177237352854,-0.3475556556036317,40.39654224324941,-15.506690534278029,False,True,False,True,True,1.2139583421856521,0.0,0.0,0.0,0.0,0,,,False,False,False,False,,,False,False,False,False,-9789.0,-3723.0080721524278,False,False,False,False,345.71123163262513,False,False,False,False
2025-01-28 20:00:00+00:00,42.49,42.55,42.36,42.375,997.0,,,,,,,,,,,,,,,,,,,,,,,,43.064652207456085,,,,,,,,,,,,,,,,,,,,,,,,,42.11841248059865,,,,42.59153234402737,#000000,1.1259715244507122,42.852603800474085,-0.42417040760162833,41.3908434654535,-14.407336102294948,False,True,False,True,True,0.09377497811210134,0.0,0.0,0.0,0.0,0,,,False,False,False,False,,,False,False,False,False,-10786.0,-3832.51182297177,False,False,False,False,355.8087319173906,False,False,False,False
2025-01-29 15:00:00+00:00,42.6,42.64,42.265,42.27,373.0,,,,,,,,,,,,,,,,,,,,,,,,43.04641848865646,,,,,,,,,,,,,,,,,,,,,,,,,42.12151972440705,,,,42.583969106531754,"rgba(239, 83, 80, 0.5)",1.12097384463704,42.841923878151306,-0.5102026964210622,40.979578958162676,-14.407336102294948,False,True,False,True,True,0.0,0.0,0.0,0.0,0.0,0,,,False,False,False,False,,,False,False,False,False,-11159.0,-3946.100786956704,False,False,False,False,356.07526320549306,False,False,False,False
2025-01-29 16:00:00+00:00,42.27,42.27,42.08,42.14,138.0,,,,,,,,,,,,,,,,,,,,,,,,43.03765432098766,,,,,,,,,,,,,,,,,,,,,,,,,42.121694899817854,,,,42.57967461040276,"rgba(239, 83, 80, 0.5)",1.1156237781682499,42.836493215282346,-0.6243083276926222,39.45028995473086,-14.407336102294948,False,True,False,True,True,0.0,0.0,0.0,0.0,0.0,0,,,False,False,False,False,,,False,False,False,False,-11297.0,-4060.06821661629,False,False,False,False,352.69425137284975,False,False,False,False
2025-01-29 17:00:00+00:00,42.14,42.25,42.105,42.125,244.0,,,,,,,,,,,,,,,,,,,,,,,,43.02251914151767,,,,,,,,,,,,,,,,,,,,,,,,,42.12197655496625,,,,42.57224784824196,"rgba(239, 83, 80, 0.5)",1.1098733715613176,42.82706563374137,-0.6325637245929568,38.28489269043432,-14.407336102294948,False,True,False,True,False,0.0,0.0,0.0,0.0,0.0,0,,,False,False,False,False,,,False,False,False,False,-11541.0,-4176.051655118363,False,False,False,False,351.0090691810226,False,False,False,False
2025-01-29 18:00:00+00:00,42.125,42.125,42.065,42.11,15.0,,,,,,,,,,,,,,,,,,,,,,,,43.021542172644274,,,,,,,,,,,,,,,,,,,,,,,,,42.121966625500775,,,,42.571754399072525,"rgba(239, 83, 80, 0.5)",1.103957345108861,42.82644971105135,-0.6489831461565254,37.347993471594336,-14.407336102294948,False,True,False,True,False,0.0,0.0,0.0,0.0,0.0,0,,,False,False,False,False,,,False,False,False,False,-11556.0,-4290.469458914978,False,False,False,False,345.7996262479835,False,False,False,False
2025-01-29 19:00:00+00:00,42.11,42.13,41.92,42.13,20.0,,,,,,,,,,,,,,,,,,,,,,,,43.0201863602181,,,,,,,,,,,,,,,,,,,,,,,,42.06000000000001,42.12192931755923,,,,42.400705225925776,"rgba(239, 83, 80, 0.5)",1.0714835635822935,42.67247204882388,-0.5062812601718563,37.145575584828265,-14.407336102294948,False,True,False,True,False,0.0,0.0,0.0,0.0,0.0,0,,,False,False,False,False,,,False,False,False,False,-11536.0,-4402.803265753505,False,False,False,False,340.7484692518907,False,False,False,False
2025-01-29 20:00:00+00:00,42.13,42.24,42.04,42.2,457.0,,,,,,,,,,,,,,,,,,,,,,,,42.99333674840062,,,,,,,,,,,,,,,,,,,,,,,,42.155807127882596,42.12244595557668,,,,42.423863277286635,#000000,1.0370694591313763,42.67813015374196,-0.4610396628037123,38.5234216691029,-14.407336102294948,False,True,False,True,False,0.0,0.0,0.0,0.0,0.0,0,,,False,False,False,False,,,False,False,False,False,-11079.0,-4506.310191865853,False,False,False,False,342.55081856581484,False,False,False,False
2025-01-30 15:00:00+00:00,42.81,43.7,42.81,43.7,1009.0,,,,,,,,,,,,,,,,,,,,,,,,43.01977039403622,,,,,,,,,,,,,,,,,,,,,,,,43.002882458501574,42.1597074623997,,,,42.727453438312494,"rgba(38, 166, 154, 0.5)",1.008528148852082,42.866686896370084,0.8262665792505698,51.84448782147324,-3.3485708427495737,False,False,True,False,True,11.815765322404115,0.0,0.0,0.0,0.0,0,,,False,False,False,False,,,False,False,False,False,-10070.0,-4592.568948581111,False,False,False,False,352.8833640144069,False,False,False,False
2025-01-30 16:00:00+00:00,43.7,44.01,43.7,43.85,1286.0,,,,,,,,,,,,,,,,,,,,,,,,43.08306526531256,,,,,,,,,,,,,,,,,,,,,,,,43.39742784992785,42.220256317589175,,,,42.900249810943194,"rgba(38, 166, 154, 0.5)",0.9837812600205119,42.987865838230505,0.876347412585925,61.20236884383401,4.642170588888234,True,False,True,False,True,12.918283928913546,0.0,0.0,0.0,0.0,0,,,False,False,False,False,,,False,False,False,False,-8784.0,-4657.552375734892,False,False,False,False,367.3502886033308,False,False,False,False
2025-01-30 17:00:00+00:00,43.85,43.85,43.49,43.635,130.0,,,,,,,,,,,,,,,,,,,,,,,,43.08744736122507,,,,,,,,,,,,,,,,,,,,,,,,43.40911555249254,42.22543484483348,,,,42.90733258618369,"rgba(38, 166, 154, 0.5)",0.9441649869183346,42.9933330327283,0.6796131779531847,64.85961258758508,7.321128550399337,True,False,True,False,True,10.730356303044918,0.0,0.0,0.0,0.0,0,,,False,False,False,False,,,False,False,False,False,-8914.0,-4723.5438117700105,False,False,False,False,363.6704391676202,False,False,False,False
2025-01-30 18:00:00+00:00,43.635,43.67,43.515,43.6,151.0,,,,,,,,,,,,,,,,,,,,,,,,43.09189880157211,,,,,,,,,,,,,,,,,,,,,,,,43.4183093132438,42.23113947736218,,,,42.91378253072603,"rgba(38, 166, 154, 0.5)",0.9279492792522874,42.99843420261647,0.6482744378747207,66.87828227425067,8.813367729252214,True,False,True,False,True,10.377416800935844,0.0,0.0,0.0,0.0,0,,,False,False,False,False,,,False,False,False,False,-9065.0,-4790.853210037142,False,False,False,False,360.3732230564943,False,False,False,False
2025-01-30 19:00:00+00:00,43.6,43.6,43.56,43.575,3.0,,,,,,,,,,,,,,,,,,,,,,,,43.091983546264046,,,,,,,,,,,,,,,,,,,,,,,,43.41846640488656,42.231250953891426,,,,42.91390030168068,"rgba(38, 166, 154, 0.5)",0.901122558182203,42.998528296570036,0.6397261928420245,67.89742414256622,9.71627646753602,True,False,True,False,True,10.121997721022787,0.0,0.0,0.0,0.0,0,,,False,False,False,False,,,False,False,False,False,-9068.0,-4857.165563369899,False,False,False,False,354.8325529315874,False,False,False,False
2025-01-30 20:00:00+00:00,43.575,43.61,43.25,43.54,337.0,,,,,,,,,,,,,,,,,,,,,,,,43.09917544758977,,,,,,,,,,,,,,,,,,,,,,,,43.42325375773651,42.24262871665939,,,,42.92168597399523,"rgba(38, 166, 154, 0.5)",0.8752336264683115,43.00515071435985,0.6110931635457608,68.08031245807815,10.13373265527764,True,False,True,False,True,9.75975308074976,0.0,0.0,0.0,0.0,0,,,False,False,False,False,,,False,False,False,False,-9405.0,-4927.674624402924,False,False,False,False,354.55607924272556,False,False,False,False
2025-01-31 15:00:00+00:00,43.54,43.58,43.425,43.56,177.0,,,,,,,,,,,,,,,,,,,,,,,,43.1033922596895,,,,,,,,,,,,,,,,,,,,,,,,43.42813305322128,42.24878579781882,,,,42.9267703702432,"rgba(38, 166, 154, 0.5)",0.8514512624056773,43.00936894016964,0.6466970972297594,68.34431253598056,10.839319355728833,True,False,True,False,True,9.921239242038187,0.0,0.0,0.0,0.0,0,,,False,False,False,False,,,False,False,False,False,-9228.0,-4994.346335652491,False,False,False,False,351.8032718126058,False,False,False,False
2025-01-31 16:00:00+00:00,43.56,44.32,43.56,44.32,215.0,,,,,,,,,,,,,,,,,,,,,,,,43.11493072965998,,,,,,,,,,,,,,,,,,,,,,,,43.46440378687802,42.259353729540706,,,,42.946229415359575,"rgba(38, 166, 154, 1.0)",0.8328456969660835,43.19811817501886,1.3470464325720408,72.31860336392963,14.998996266524273,True,False,True,False,True,15.62044305872832,0.0,0.0,0.0,0.0,0,,,False,False,False,False,,,False,False,False,False,-9013.0,-5056.65104362687,False,False,False,False,349.6822908542708,False,False,False,False
2025-01-31 17:00:00+00:00,44.165,44.23,43.89,44.165,1161.0,,,,,,,,,,,,,,,,,,,,,,,,43.174473399616275,,,,,,,,,,,,,,,,,,,,,,,,43.61242687693759,42.3152243631756,,,,43.034041546576496,"rgba(38, 166, 154, 1.0)",0.820290230993291,43.260752390191755,1.1023508212615056,72.895011255028,15.929194745430706,True,False,True,False,True,13.998448547165928,0.0,0.0,0.0,0.0,0,,,False,False,False,False,,,False,False,False,False,-10174.0,-5135.98978713653,False,False,False,False,362.2608599883131,False,False,False,False
2025-01-31 18:00:00+00:00,44.165,44.195,43.76,43.775,8.0,,,,,,,,,,,,,,,,,,,,,,,,43.17478118352689,,,,,,,,,,,,,,,,,,,,,,,,43.612907414883594,42.31555875903162,,,,43.03441578581404,"rgba(38, 166, 154, 0.5)",0.8135231077522067,43.260842634127066,0.6320132286021573,68.83948045873527,15.929194745430706,True,False,True,False,False,10.08824299348775,0.0,0.0,0.0,0.0,0,,,False,False,False,False,,,False,False,False,False,-10182.0,-5214.222503615033,False,False,False,False,356.7684435543857,False,False,False,False
2025-01-31 19:00:00+00:00,43.775,43.775,43.59,43.595,3.0,,,,,,,,,,,,,,,,,,,,,,,,43.17485626623435,,,,,,,,,,,,,,,,,,,,,,,,43.612931880841906,42.31566394101409,,,,43.03448402936345,#000000,0.8049956241837064,43.26073813009271,0.4152343936605126,64.40667036153883,21.377926329349023,True,False,True,False,False,8.36330340137988,0.0,0.0,0.0,0.0,0,,,False,False,False,False,,,False,False,False,False,-10185.0,-5291.2888213884435,False,False,False,False,351.28366148377506,False,False,False,False
2025-01-31 20:00:00+00:00,43.595,43.595,43.34,43.53,407.0,,,,,,,,,,,,,,,,,,,,,,,,43.18138971391508,,,,,,,,,,,,,,,,,,,,,,,,43.603477815063385,42.32804047921583,,,,43.03763600273143,#000000,0.7937606748944972,43.24122123415652,0.36381087521357086,60.83055705061957,17.94773892051468,True,False,True,False,False,7.745198888188149,0.0,0.0,0.0,0.0,0,,,False,False,False,False,,,False,False,False,False,-10592.0,-5373.470390049088,False,False,False,False,352.14748068557697,False,False,False,False
2025-02-03 15:00:00+00:00,43.39,43.69,43.39,43.55,476.0,,,,,,,,,,,,,,,,,,,,,,,,43.19000224955011,,,,,,,,,,,,,,,,,,,,,,,,43.59857562785388,42.34285846632001,,,,43.04381211457467,#000000,0.7854981606345857,43.23216167642209,0.4046328043863721,58.62367704193863,15.770252215240376,True,False,True,False,False,7.90140247599475,0.0,0.0,0.0,0.0,0,,,False,False,False,False,,,False,False,False,False,-10116.0,-5446.997980901039,False,False,False,False,354.067674783475,False,False,False,False
2025-02-03 16:00:00+00:00,43.49,43.535,43.49,43.535,44.0,,,,,,,,,,,,,,,,,,,,,,,,43.1907265063847,,,,,,,,,,,,,,,,,,,,,,,,43.597988046680264,42.3441837030593,,,,43.044299418708086,#000000,0.7787731053069984,43.23148828665274,0.38973060481795746,56.979132663097815,14.023110981531815,True,False,True,False,False,7.754308964320881,0.0,0.0,0.0,0.0,0,,,False,False,False,False,,,False,False,False,False,-10160.0,-5520.067779646759,False,False,False,False,349.2604240116382,False,False,False,False
2025-02-03 17:00:00+00:00,43.535,43.61,43.48,43.48,174.0,,,,,,,,,,,,,,,,,,,,,,,,43.19358841855407,,,,,,,,,,,,,,,,,,,,,,,,43.59584378782877,42.34941008397653,,,,43.046280763453126,#000000,0.7671600370994808,43.229273403184074,0.32682437130573627,55.20174006569233,12.076036524014164,True,False,True,False,False,7.208558609213046,0.0,0.0,0.0,0.0,0,,,False,False,False,False,,,False,False,False,False,-10334.0,-5594.702387714251,False,False,False,False,346.5432081354887,False,False,False,False
2025-02-03 18:00:00+00:00,43.48,43.61,43.385,43.61,565.0,,,,,,,,,,,,,,,,,,,,,,,,43.202868138740584,,,,,,,,,,,,,,,,,,,,,,,,43.59065327897731,42.36623139638056,,,,43.05325093803282,"rgba(38, 166, 154, 0.5)",0.7626173340530304,43.22581219124078,0.5037753426314155,55.49785591877105,12.0181957135961,True,False,True,False,False,8.269959351494556,0.0,0.0,0.0,0.0,0,,,False,False,False,False,,,False,False,False,False,-9769.0,-5659.42018015279,False,False,False,False,349.93013514114006,False,False,False,False
2025-02-03 19:00:00+00:00,43.61,43.85,43.61,43.785,71.0,,,,,,,,,,,,,,,,,,,,,,,,43.20472488573532,,,,,,,,,,,,,,,,,,,,,,,,43.59232571457027,42.36869120731289,,,,43.055247269206156,"rgba(38, 166, 154, 0.5)",0.7639207012758521,43.227165414737556,0.730225773867341,57.48327457983628,12.0181957135961,True,False,True,False,False,9.674884941405043,0.0,0.0,0.0,0.0,0,,,False,False,False,False,,,False,False,False,False,-9698.0,-5722.033820770576,False,False,False,False,345.60563692189754,False,False,False,False
2025-02-03 20:00:00+00:00,43.64,43.725,43.35,43.435,833.0,,,,,,,,,,,,,,,,,,,,,,,,43.21619235320335,,,,,,,,,,,,,,,,,,,,,,,,43.582477082503,42.39189890978736,,,,43.06352278183124,#000000,0.7601754065007625,43.224548751707346,0.2768456417991806,54.390388746623074,10.49711714845737,False,False,True,False,False,6.1865364304333035,0.0,0.0,0.0,0.0,0,,,False,False,False,False,,,False,False,False,False,-10531.0,-5796.591435952428,False,False,False,False,353.16213867504644,False,False,False,False
2025-02-04 15:00:00+00:00,43.435,44.34,43.435,44.34,43.0,,,,,,,,,,,,,,,,,,,,,,,,43.21781893193462,,,,,,,,,,,,,,,,,,,,,,,,43.58506649053281,42.39363544196162,,,,43.06550695480968,"rgba(38, 166, 154, 1.0)",0.7682997608501984,43.226533521446804,1.4492604778648384,58.983031480013636,10.49711714845737,True,False,True,False,True,12.933060057194279,0.0,0.0,0.0,0.0,0,,,False,False,False,False,,,False,False,False,False,-10488.0,-5869.32645244929,False,False,False,False,348.35342334675113,False,False,False,False
2025-02-04 16:00:00+00:00,44.34,44.54,44.34,44.49,55.0,,,,,,,,,,,,,,,,,,,,,,,44.45666666666667,43.22094604311046,,,,,,,,,,,,,,,,,,,,,,,,43.59135344262295,42.396414854007446,,,,43.41634525160188,"rgba(38, 166, 154, 1.0)",0.7807820230816767,43.40612873614735,1.3881867561124261,62.75623871331476,6.300269284928959,True,False,True,False,True,13.94543496803778,0.0,0.0,0.0,0.0,0,,,False,False,False,False,0.34282823849583244,0.34282823849583244,False,False,False,False,-10433.0,-5940.081081093486,False,False,False,False,343.8053082561038,False,False,False,False
2025-02-04 17:00:00+00:00,44.49,44.49,44.2,44.21,164.0,,,,,,,,,,,,,,,,,,,,,,,44.33934550989346,43.22900712127426,,,,,,,,,,,,,,,,,,,,,,,,43.606274232892545,42.40403142383136,,,,43.3946645719729,"rgba(38, 166, 154, 1.0)",0.784688995602568,43.398691366666114,1.0339238066042682,62.37929240563551,6.300269284928959,True,False,True,False,True,11.265292768990157,0.0,0.0,0.0,0.0,0,1.0258235622557235,0.933417085427136,False,False,False,False,0.3277786228277121,0.33530343066177226,False,False,False,False,-10597.0,-6012.281374409867,False,False,False,False,341.0176290583347,False,False,False,False
2025-02-04 18:00:00+00:00,44.29,44.39,44.23,44.24,74.0,,,,,,,,,,,,,,,,,,,,,,,44.3260409556314,43.23256034260985,,,,,,,,,,,,,,,,,,,,,,,,43.61267751918267,42.407424220284774,,,,43.39467575942717,"rgba(38, 166, 154, 1.0)",0.7885714475733154,43.4008036086761,1.0641982966874797,62.31550957984019,6.300269284928959,True,False,True,False,True,11.474568537122721,0.0,0.0,0.0,0.0,0,1.0269706659252054,0.9264562769359104,False,False,False,False,0.3222702936728026,0.3287868621672874,False,False,False,False,-10523.0,-6082.214996512039,False,False,False,False,336.8778208558799,False,False,False,False
2025-02-04 19:00:00+00:00,44.24,44.395,44.17,44.375,113.0,,,,,,,,,,,,,,,,,,,,,,,44.32250410509032,43.23807648298707,,,,,,,,,,,,,,,,,,,,,,,,43.62260406218656,42.41265476624165,,,,43.3989598541264,"rgba(38, 166, 154, 1.0)",0.7923316998091569,43.40650309968206,1.222337690832277,63.14374387144634,7.426497459302297,True,False,True,False,True,12.418146542133371,0.0,0.0,0.0,0.0,0,1.027854767184036,0.9259977827051001,False,False,False,False,0.31795556039772027,0.32337121128250385,False,False,False,False,-10410.0,-6149.31243842658,False,False,False,False,333.4068468891221,False,False,False,False
2025-02-04 20:00:00+00:00,44.375,44.5,44.32,44.48,549.0,,,,,,,,,,,,,,,,,,,,,,,44.38621640488657,43.26699781098038,,,,,,,,,,,,,,,,,,,,,,,,43.67481407624634,42.439242642124434,,,,43.44181773355943,"rgba(38, 166, 154, 1.0)",0.8007086782265647,43.44790707781839,1.288974317685075,64.36474310289313,8.980168836914451,True,False,True,False,True,13.147298942693219,0.0,0.0,0.0,0.0,0,1.0317811247754598,0.9224816913085536,False,False,False,False,0.33805984905808695,0.3307155301702954,False,False,False,False,-9861.0,-6206.857982016866,False,False,False,False,336.7493763947171,False,False,False,False
2025-02-05 15:00:00+00:00,44.49,44.49,43.9,44.185,503.0,,,,,,,,,,,,,,,,,,,,,,,44.31909807956104,43.28705250373694,,,,,,,,,,,,,,,,,,,,,,,,43.70361080342638,42.460117184108114,,,,43.44246964270812,"rgba(38, 166, 154, 0.5)",0.7970036680259329,43.45735531947026,0.9129753220986009,61.779016897878094,8.980168836914451,True,False,True,False,False,10.298143722886092,0.0,0.0,0.0,0.0,0,1.0186826673939726,0.9259511795990731,False,False,False,False,0.3043018893680996,0.31750870976919754,False,False,False,False,-10364.0,-6271.309796249162,False,False,False,False,339.326905442861,False,False,False,False
2025-02-05 16:00:00+00:00,44.185,44.42,44.065,44.41,483.0,,,,,,,,,,,,,,,,,,,,,,,44.313930963420916,43.30768391411477,,,,,,,,,,,,,,,,,,,,,,,,43.73381277818666,42.48090525247795,,,,43.45908322705007,"rgba(38, 166, 154, 1.0)",0.7962960595245706,43.476441610803455,1.1723760001448749,61.730487857856076,8.980168836914451,True,False,True,False,False,11.885843236021966,0.0,0.0,0.0,0.0,0,1.0313736188787346,0.9266130132314833,False,False,False,False,0.31169992446446876,0.3146043171168331,False,False,False,False,-9881.0,-6327.273985454602,False,False,False,False,341.55439528095616,False,False,False,False
2025-02-05 17:00:00+00:00,44.415,44.42,44.22,44.22,485.0,,,,,,,,,,,,,,,,,,,,,,,44.30848035174498,43.32733650662254,,,,,,,,,,,,,,,,,,,,,,,,43.76063692143524,42.501180615040326,,,,43.47440859871077,"rgba(38, 166, 154, 0.5)",0.7928706141677558,43.493768973840204,0.9159514972339969,59.66165649930808,8.980168836914451,True,False,True,False,False,10.086730353300851,0.0,0.0,0.0,0.0,0,1.0449484536082478,0.9160137457044678,False,False,False,False,0.3238421605556542,0.31922323883624365,False,False,False,False,-10366.0,-6389.889892656855,False,False,False,False,343.7783581448173,False,False,False,False
2025-02-05 18:00:00+00:00,44.22,44.22,44.08,44.175,359.0,,,,,,,,,,,,,,,,,,,,,,,44.28912567324955,43.339503718204945,,,,,,,,,,,,,,,,,,,,,,,,43.77442475454692,42.514839930507726,,,,43.47947351912728,"rgba(38, 166, 154, 0.5)",0.7874907521264156,43.501142670181345,0.8557018961798274,57.80618660056946,12.395519789681202,True,False,True,False,False,9.663052121432674,0.0,0.0,0.0,0.0,0,1.0352941176470591,0.9292733564013845,False,False,False,False,0.29732292309701397,0.3082730809666288,False,False,False,False,-10725.0,-6457.100902073028,False,False,False,False,344.0143525921844,False,False,False,False
2025-02-05 19:00:00+00:00,44.175,44.175,43.96,44.03,983.0,,,,,,,,,,,,,,,,,,,,,,,44.22804670912951,43.36708323530182,,,,,,,,,,,,,,,,,,,,,,,,43.79875051449403,42.54883362896768,,,,43.48567852197326,"rgba(38, 166, 154, 0.5)",0.7787720294629339,43.51306311977934,0.6637846001957186,55.030734688298104,9.63466071387814,False,False,True,False,False,8.299270212512628,0.0,0.0,0.0,0.0,0,1.027493782812932,0.9291240674219402,False,False,False,False,0.2846003374263078,0.2964367091964683,False,False,False,False,-11708.0,-6538.510190412981,False,False,False,False,353.9211068155614,False,False,False,False
2025-02-05 20:00:00+00:00,44.03,44.14,43.91,44.01,1738.0,,,,,,,,,,,,,,,,,,,,,,,44.162375590265164,43.40874143416545,,,,,,,,,,,,,,,,,,,,,,,,43.8281579484042,42.60408780839186,,,,43.500840695306664,"rgba(38, 166, 154, 0.5)",0.7686734331605258,43.533237466832546,0.6202406803721128,52.96492652112839,7.6006157377419115,False,False,False,False,False,8.110842573202174,0.0,0.0,0.0,0.0,0,1.0253933204526637,0.9321004692244,False,False,False,False,0.2780813657089871,0.28725903745272774,False,False,False,False,-13446.0,-6645.603055677895,False,False,False,False,375.379694306793,False,False,False,False
2025-02-06 15:00:00+00:00,43.68,43.75,43.38,43.395,721.0,,,,,,,,,,,,,,,,,,,,,,,44.08664659279482,43.41130950252138,,,,,,,,,,,,,,,,,,,,,,,,43.81144463772317,42.61796050018441,,,,43.48184030830594,#000000,0.7529388188058889,43.51844671218633,-0.16395317800469802,46.52042861595343,1.6354684966813267,False,True,False,True,False,2.602769707129024,0.0,0.0,0.0,0.0,0,1.0111625374353392,0.936019602504765,False,False,False,False,0.20885801611570903,0.24805852678421839,False,False,False,False,-14167.0,-6762.213861016222,False,False,False,False,380.7381486586257,False,False,False,False
2025-02-06 16:00:00+00:00,43.395,43.52,43.32,43.32,249.0,,,,,,,,,,,,,,,,,,,,,,,44.05973260242949,43.411091988656516,,,,,,,,,,,,,,,,,,,,,,,,43.80391440030376,42.62201188838325,,,,43.47418771994325,#000000,0.7362878464247083,43.51219185670626,-0.2610281531054883,41.76491906109019,-2.5423072728914917,False,True,False,True,False,1.9680056937063881,0.0,0.0,0.0,0.0,0,1.011103495544894,0.949280328992461,False,False,False,False,0.18746933614502345,0.21776393146462092,False,False,False,False,-14416.0,-6880.8772120082185,False,False,False,False,378.69569674143764,False,False,False,False
2025-02-06 17:00:00+00:00,43.32,43.39,43.13,43.33,432.0,,,,,,,,,,,,,,,,,,,,,,,44.01117955027988,43.40916503735773,,,,,,,,,,,,,,,,,,,,,,,,43.78838110696689,42.62800410400542,,,,43.459182449652474,#000000,0.7187772838534381,43.499603162403375,-0.23596066015625408,38.7324750750141,-5.129468184414847,False,True,False,True,False,2.049191077560387,0.0,0.0,0.0,0.0,0,1.0147365494230505,0.9521757264006677,False,False,False,False,0.16406243206601087,0.1909131817653159,False,False,False,False,-13984.0,-6991.003146705765,False,False,False,False,379.5221200477719,False,False,False,False
2025-02-06 18:00:00+00:00,43.33,43.33,43.18,43.225,319.0,,,,,,,,,,,,,,,,,,,,,,,43.97736036160695,43.40735679016609,,,,,,,,,,,,,,,,,,,,,,,,43.776666666666664,42.632104897630356,,,,43.44837217901751,#000000,0.7187674196870262,43.49039255806592,-0.3692328711580713,35.97822874936766,-7.568830979405732,False,True,False,True,False,1.1423025306015298,0.0,0.0,0.0,0.0,0,1.0106382978723407,0.948628219484883,False,False,False,False,0.1633339585113637,0.1771235701383398,False,False,False,False,-14303.0,-7104.367439004901,False,False,False,False,378.5837926051708,False,False,False,False
2025-02-06 19:00:00+00:00,43.22,43.22,43.01,43.09,262.0,,,,,,,,,,,,,,,,,,,,,,,43.94689945253039,43.40466094058334,,,,,,,,,,,,,,,,,,,,,,,43.10666666666666,43.765009850144985,42.634681365438546,,,,43.37158365507279,#000000,0.7191185357563873,43.43441650406278,-0.4789426039484741,33.24133490860434,-10.088627587322229,False,True,False,True,False,0.0,0.0,0.0,0.0,0.0,0,1.0053438334973985,0.951342989734215,False,False,False,False,0.14300342664619858,0.1600634983922692,False,False,False,False,-14565.0,-7220.036160880793,False,False,False,False,376.7762919446255,False,False,False,False
2025-02-06 20:00:00+00:00,43.09,43.185,43.06,43.1,2653.0,,,,,,,,,,,,,,,,,,,,,,,43.72928662985605,43.380552819257964,,,,,,,,,,,,,,,,,,,,,,,43.114251000571755,43.66764782821439,42.659711031669644,,,,43.31028986191396,#000000,0.7184712060158124,43.373841526123584,-0.38114474711121005,31.59337495640322,-11.699650815444201,False,True,False,True,False,0.07051926825984722,0.0,0.0,0.0,0.0,0,1.0032398929426682,0.9502746865755745,False,False,False,False,0.1440894450182346,0.1520764717052519,False,False,False,False,-11912.0,-7292.779786293494,False,False,False,False,412.0665819919956,False,False,False,False
2025-02-07 15:00:00+00:00,43.39,43.58,43.23,43.58,274.0,,,,,,,,,,,,,,,,,,,,,,,43.722290546594984,43.38125832037326,,,,,,,,,,,,,,,,,,,,,,,43.14424427720289,43.66453528670447,42.664012926964276,,,,43.31526827156798,#000000,0.7180794267091942,43.376516160734255,0.28337232859917283,37.276494385474436,-11.699650815444201,False,True,False,True,True,4.059828779307129,0.0,0.0,0.0,0.0,0,1.004053676265027,0.9393346379647753,False,False,False,False,0.18526667948955175,0.1686715755974018,False,False,False,False,-11638.0,-7360.147541544758,False,False,False,False,409.92601482932895,False,False,False,False
2025-02-07 16:00:00+00:00,43.58,43.58,43.24,43.24,14.0,,,,,,,,,,,,,,,,,,,,,,,43.721795302013426,43.38124616548524,,,,,,,,,,,,,,,,,,,,,,,43.14515818503486,43.66429324074074,42.66420141669433,,,,43.315338861993716,#000000,0.715639806979234,43.376515063044366,-0.19075945987493814,38.075134300428175,-11.699650815444201,False,True,False,True,True,1.130193563304335,0.0,0.0,0.0,0.0,0,1.0040378724589254,0.9397103870788084,False,False,False,False,0.18600069988113005,0.17733613773926593,False,False,False,False,-11652.0,-7426.687889737862,False,False,False,False,403.78762700251764,False,False,False,False
2025-02-07 17:00:00+00:00,43.24,43.295,43.16,43.235,120.0,,,,,,,,,,,,,,,,,,,,,,,43.716201421800946,43.38068398174536,,,,,,,,,,,,,,,,,,,,,,,43.1482219881633,43.66141712656365,42.66552443214664,,,,43.31440979008398,#000000,0.7155838163333071,43.3753262537018,-0.19610037356747487,38.56733759003108,-18.240565189954523,False,True,False,True,True,1.087884033749848,0.0,0.0,0.0,0.0,0,0.9990289915383551,0.9450686641697879,False,False,False,False,0.1593304023649144,0.16833327005209014,False,False,False,False,-11772.0,-7494.057069741926,False,False,False,False,399.38781883193593,False,False,False,False
2025-02-07 18:00:00+00:00,43.235,43.3,43.235,43.3,75.0,,,,,,,,,,,,,,,,,,,,,,,43.713110588235295,43.380446758758524,,,,,,,,,,,,,,,,,,,,,,,43.15109378065529,43.659838050746544,42.66641871294963,,,,43.31418157826905,#000000,0.7155764513017457,43.37486277775084,-0.10461883927937744,39.75363068373599,-16.754324536633213,False,True,False,True,True,1.6287930272554973,0.0,0.0,0.0,0.0,0,1.0011077263915817,0.9450290778177792,False,False,False,False,0.16515546632618935,0.16674436818913974,False,False,False,False,-11697.0,-7559.2189756374,False,False,False,False,394.3585503229137,False,False,False,False
2025-02-07 19:00:00+00:00,43.3,43.3,43.22,43.29,210.0,,,,,,,,,,,,,,,,,,,,,,,43.704522381172126,43.37973461471544,,,,,,,,,,,,,,,,,,,,,,,43.158014597191425,43.65539002082767,42.668874958013596,,,,43.31330731438405,#000000,0.7155987350111035,43.373407869293565,-0.11655675899465091,40.44174192144979,-15.68273977572153,False,True,False,True,True,1.540857887101481,0.0,0.0,0.0,0.0,0,1.0006907985631392,0.9451505940867645,False,False,False,False,0.16406243206600993,0.16540340012757482,False,False,False,False,-11907.0,-7626.626433379456,False,False,False,False,391.500278224884,False,False,False,False
2025-02-07 20:00:00+00:00,43.29,43.41,43.25,43.405,220.0,,,,,,,,,,,,,,,,,,,,,,,43.69756671189507,43.37956865615503,,,,,,,,,,,,,,,,,,,,,,,43.16933559735284,43.65184178970917,42.671787653082234,,,,43.314020081638866,#000000,0.7155919366648578,43.37320281834693,0.04443479589955279,42.57770107275912,-13.269974216809636,False,True,False,True,True,2.516923157185879,0.0,0.0,0.0,0.0,0,1.0015130674002755,0.9423658872077031,False,False,False,False,0.174279568849029,0.1698414844883019,False,False,False,False,-11687.0,-7689.577961544116,False,False,False,False,388.84135918263775,False,False,False,False
2025-02-10 15:00:00+00:00,43.405,44.51,43.405,44.4,80.0,,,,,,,,,,,,,,,,,,,,,,,43.700493938033226,43.38133428661253,,,,,,,,,,,,,,,,,,,,,,,43.18848942340498,43.65377991624342,42.67399667334567,,,,43.31961884752796,"rgba(38, 166, 154, 1.0)",0.7251160205395994,43.377352911436304,1.4103220168859119,52.09909210479467,-4.289659175529245,False,False,True,False,True,10.127111548757252,0.0,0.0,0.0,0.0,0,1.005606728073689,0.9146976371645977,False,False,False,False,0.2677746338235567,0.21880805915592932,False,False,False,False,-11607.0,-7750.313186946532,False,False,False,False,384.05312105577514,False,False,False,False
2025-02-10 16:00:00+00:00,44.4,44.41,44.355,44.405,106.0,,,,,,,,,,,,,,,,,,,,,,,43.706995818877324,43.384576699519855,,,,,,,,,,,,,,,,,,,,,,,43.22021840225876,43.65792851700246,42.67749400756265,,,,43.32944268904421,"rgba(38, 166, 154, 1.0)",0.7347007848390967,43.384790672583094,1.3886051961144132,58.47147672824592,1.3547484027065266,True,False,True,False,True,10.162018275240715,0.0,0.0,0.0,0.0,0,1.030925086643562,0.9174886696880834,False,False,False,False,0.33370180514490977,0.2762549321504195,False,False,False,False,-11501.0,-7808.463370094648,False,False,False,False,379.74221995413524,False,False,False,False
2025-02-10 17:00:00+00:00,44.405,44.405,44.3,44.3,117.0,,,,,,,,,,,,,,,,,,,,,,,43.713464958619475,43.387937013981244,,,,,,,,,,,,,,,,,,,,,,,43.25179173727104,43.662113711608896,42.68121430992256,,,,43.33930434628064,"rgba(38, 166, 154, 1.0)",0.7425145977877264,43.39227912516472,1.2224956620917249,61.357343170192166,3.7707920245418194,True,False,True,False,True,9.19127101642271,0.0,0.0,0.0,0.0,0,1.0405114401076718,0.9168236877523555,False,False,False,False,0.3289614719020565,0.302608202026238,False,False,False,False,-11618.0,-7867.525953504033,False,False,False,False,375.6686971641486,False,False,False,False
2025-02-10 18:00:00+00:00,44.3,44.64,44.3,44.58,87.0,,,,,,,,,,,,,,,,,,,,,,44.50666666666666,43.71949453910005,43.39087048032392,,,,,,,,,,,,,,,,,,,,,,,43.27767464833254,43.66597782452449,42.684255914761046,,,,43.54082334561812,"rgba(38, 166, 154, 1.0)",0.7545298219767017,43.521799492967524,1.4024634629552775,64.89065355102403,6.953546808245505,True,False,True,False,True,11.171067131881962,0.0,0.0,0.0,0.0,0,1.0435193945127723,0.9098526827949724,False,False,False,False,0.3428282385978264,0.32271822031203223,False,False,False,False,-11531.0,-7924.324000736528,False,True,False,False,371.19321348718506,False,False,False,False
2025-02-10 19:00:00+00:00,44.615,44.625,44.31,44.31,75.0,,,,,,,,,,,,,,,,,,,,,,44.46422839506173,43.72402256944445,43.393180269040336,,,,,,,,,,,,,,,,,,,,,,,43.29754406398012,43.668920551772295,42.68673838347135,,,,43.539105705461715,"rgba(38, 166, 154, 1.0)",0.7595540121000206,43.52147384700124,1.0381436217006346,63.949541405676854,6.953546808245505,True,False,True,False,True,8.693594628721854,0.0,0.0,0.0,0.0,0,1.04306864064603,0.9021534320323017,False,False,False,False,0.3424328509898288,0.3325755356509305,False,False,False,False,-11606.0,-7981.404248787125,False,False,False,False,366.6010706424225,False,False,False,False
2025-02-10 20:00:00+00:00,44.31,44.365,43.98,43.98,648.0,,,,,,,,,,,,,,,,,,,,,,44.17951234567901,43.744488823142675,43.406849645055374,,,,,,,,,,,,,,,,,,,,,,,43.403877082911684,43.683346505893866,42.704140078458046,,,,43.52036908019011,"rgba(38, 166, 154, 0.5)",0.7613957548446382,43.51337271407697,0.6128577457307198,60.03370383369181,6.953546808245505,True,False,True,False,False,5.796491376777428,0.0,0.0,0.0,0.0,0,1.0423351759471489,0.9089928542537415,False,False,False,False,0.29645734099651394,0.3145164383237222,False,False,False,False,-12254.0,-8047.646043379573,False,False,False,False,370.96384474098954,False,False,False,False
2025-02-11 15:00:00+00:00,42.46,43.31,42.46,43.31,311.0,,,,,,,,,,,,,,,,,,,,,,43.85967737139459,43.72659935358069,43.40339373922195,,,,,,,,,,,,,,,,,,,,,,43.02666666666667,43.38154036557501,43.6731600911101,42.706023825620996,,,,43.39672305902429,#000000,0.7606757190481963,43.42562588597266,-0.15200417612558084,52.78850336927998,11.25309152058071,False,False,False,False,False,0.38994461206132414,0.0,0.0,0.0,0.0,0,1.0181535269709547,0.9127334024896269,False,False,False,False,0.1070001788789181,0.21075830860132017,False,False,False,False,-12565.0,-8117.682538831052,False,False,False,False,370.0341727295013,False,False,False,False
2025-02-11 16:00:00+00:00,43.31,43.31,43.105,43.105,135.0,,,,,,,,,,,,,,,,,,,,,,43.785906316348196,43.72067808255378,43.40248951904042,,,,,,,,,,,,,,,,,,,,,,43.07106128550075,43.376322628550206,43.66981701677896,42.707205602282876,,,,43.3904972072936,#000000,0.7612593288529914,43.420681492480185,-0.4146832498668136,46.88625389024048,5.891641785222163,False,True,False,True,False,0.0,0.0,0.0,0.0,0.0,0,1.0390756847981308,0.9137998182526292,False,False,False,False,0.15323846640124025,0.18199838750128022,False,False,False,False,-12700.0,-8188.726220399562,False,False,False,False,366.39023206702836,False,False,False,False
2025-02-11 17:00:00+00:00,43.105,43.11,42.75,43.04,663.0,,,,,,,,,,,,,,,,,,,,,,43.50286520757339,43.68302578393714,43.39423638285111,,,,,,,,,,,,,,,,,,,,,,43.00865043582807,43.33142975206611,43.64745462976287,42.710388496219274,,,,43.32543581260542,#000000,0.7622687213860639,43.370910890053175,-0.4341131687149209,42.61129578533094,2.0300758109601134,False,True,False,True,False,0.0,0.0,0.0,0.0,0.0,0,1.0249517684887464,0.9179421221864956,False,False,False,False,0.1134203191682301,0.14770935333475516,False,False,False,False,-13363.0,-8268.947519308096,False,False,False,False,370.9888331202527,False,False,False,False
2025-02-11 18:00:00+00:00,43.04,43.225,43.02,43.225,151.0,,,,,,,,,,,,,,,,,,,,,,43.47761111111111,43.67710679177838,43.393216161386356,,,,,,,,,,,,,,,,,,,,,,43.02638888888889,43.32717411170241,43.643925294472474,42.71163188614376,,,,43.322436320783346,#000000,0.7606975343319317,43.36818969607508,-0.18823473143084382,41.6338862870108,1.038227025061218,False,True,False,True,False,0.0,0.0,0.0,0.0,0.0,0,1.0669489282879072,0.9125430007938612,False,False,False,False,0.14099636148139227,0.14435285740807371,False,False,False,False,-13212.0,-8345.583991876963,False,False,False,False,367.57815353699294,False,False,False,False
2025-02-11 19:00:00+00:00,43.225,43.455,43.225,43.43,321.0,,,,,,,,,,,,,,,,,,,,,,43.463163948138856,43.66993672267075,43.393006134393005,,,,,,,,,,,,,,,,,,,,,,43.09615433270083,43.329281917612185,43.639800803664954,42.71550833363904,,,,43.32955031325995,#000000,0.7604394059292506,43.37259527070432,0.07548889345828706,42.91274905678595,1.038227025061218,False,True,False,True,False,1.3588139772049423,0.0,0.0,0.0,0.0,0,1.0767706131078227,0.872753699788584,False,False,False,False,0.17241446454693,0.15838366097750184,False,False,False,False,-12891.0,-8416.055557894375,False,False,False,False,366.8560116216907,False,False,False,False
2025-02-11 20:00:00+00:00,43.43,43.57,43.3,43.54,1346.0,,,,,,,,,,,,,,,,,,,,,,43.46562617072517,43.65210864524678,43.39582005122776,,,,,,,,,,,,,,,,,,,,,,43.2680696959344,43.353354939840706,43.629716890947854,42.733687228507335,,,,43.35691194606143,#000000,0.7606090613081635,43.39088658183242,0.19604475643653493,44.7610729913542,1.038227025061218,False,True,False,True,False,2.186290011167877,0.0,0.0,0.0,0.0,0,1.0783227848101269,0.8705168776371313,False,False,False,False,0.18624019097604444,0.17231192597677314,False,False,False,False,-11545.0,-8464.566324438647,False,False,False,False,382.0365385732924,False,False,False,False
2025-02-12 15:00:00+00:00,43.54,43.54,43.54,43.54,0.0,,,,,,,,,,,,,,,,,,,,,,43.46562617072517,43.65210864524678,43.39582005122776,,,,,,,,,,,,,,,,,,,,,,43.2680696959344,43.353354939840706,43.629716890947854,42.733687228507335,,,,43.35691194606143,#000000,0.7608366187035833,43.39088658183242,0.1959861217269748,45.993288947733035,1.038227025061218,False,True,False,True,True,2.186290011167877,0.0,0.0,0.0,0.0,0,1.0870834992698797,0.8703039957520249,False,False,False,False,0.20094491074623555,0.18662841836150434,False,False,False,False,-11545.0,-8512.324986075257,False,False,False,False,376.1134914636289,False,False,False,False
2025-02-12 16:00:00+00:00,43.54,43.54,43.39,43.51,12.0,,,,,,,,,,,,,,,,,,,,,,43.4656721792478,43.65197193354075,43.39584747066223,,,,,,,,,,,,,,,,,,,,,,43.26893501190881,43.35354780033841,43.62963766518204,42.7338475075763,,,,43.357065652636614,#000000,0.7608602173002684,43.39098845285116,0.15641709796724695,46.515002460537374,1.038227025061218,False,True,False,True,True,1.9407808752996267,0.0,0.0,0.0,0.0,0,1.0831224190755298,0.8707872652191293,False,False,False,False,0.17703066764225844,0.1818295430018814,False,False,False,False,-11557.0,-8559.529249857034,False,False,False,False,370.4683210533401,False,False,False,False
2025-02-12 17:00:00+00:00,43.51,43.79,43.51,43.755,61.0,,,,,,,,,,,,,,,,,,,,,,43.46918372703412,43.6521047600211,43.396325447581894,,,,,,,,,,,,,,,,,,,,,,43.277395,43.356093900852116,43.62978618758612,42.73488475129759,,,,43.359396253481854,#000000,0.7621419673383166,43.392714661088604,0.4753515151207769,49.40915090389258,1.038227025061218,False,False,False,False,True,3.82729354238986,0.0,0.0,0.0,0.0,0,1.0880793801821398,0.8817452766073133,False,False,False,False,0.20255089774809737,0.1921902203749894,False,False,False,False,-11496.0,-8605.055928153824,False,False,False,False,365.6703625873968,False,False,False,False
2025-02-12 18:00:00+00:00,43.755,43.755,43.57,43.57,4.0,,,,,,,,,,,,,,,,,,,,,,43.46935413389268,43.652099371649534,43.39635095467766,,,,,,,,,,,,,,,,,,,,,,43.277866733244565,43.35623264107405,43.629786518336104,42.734948874707285,,,,43.35951988965456,#000000,0.7517230537568277,43.39280530178411,0.23571805777452237,49.31253002935537,1.038227025061218,False,False,False,False,True,2.289546060494512,0.0,0.0,0.0,0.0,0,1.0745130091268222,0.8769922353902742,False,False,False,False,0.2046186520445143,0.19840443620975184,False,False,False,False,-11500.0,-8649.938781980896,False,False,False,False,360.0630701441813,False,False,False,False
2025-02-12 19:00:00+00:00,43.57,43.57,43.155,43.155,66.0,,,,,,,,,,,,,,,,,,,,,,43.46635996563574,43.650545456534104,43.39616705434745,,,,,,,,,,,,,,,,,,,,,,43.278199239956564,43.355714434319474,43.62881291652051,42.73560688842466,,,,43.358772279391225,#000000,0.7402802488563284,43.392129156054935,-0.3203234942729847,45.68756394132822,1.038227025061218,False,True,False,True,False,0.0,0.0,0.0,0.0,0.0,0,1.0624577531431667,0.8796809517371912,False,False,False,False,0.1500764012535536,0.17424041873165272,False,False,False,False,-11566.0,-8695.149033423053,False,False,False,False,355.50395277760487,False,False,False,False
2025-02-12 20:00:00+00:00,43.155,43.195,43.015,43.19,678.0,,,,,,,,,,,,,,,,,,,,,,43.416822436741256,43.62851292200721,43.39143395307659,,,,,,,,,,,,,,,,,,,,,,43.25199350764852,43.33836210534392,43.61450928212551,42.74036402928465,,,,43.34028546231824,#000000,0.7246982472377657,43.3766289420867,-0.25752641571584783,43.68576266509269,0.06678809438069777,False,True,False,True,False,0.0,0.0,0.0,0.0,0.0,0,1.0568643379366374,0.8942594096940161,False,False,False,False,0.10727649815292212,0.1407584584422874,False,False,False,False,-10888.0,-8729.146722827347,False,False,False,False,360.50389149423114,False,False,False,False
2025-02-13 15:00:00+00:00,43.295,43.735,43.295,43.735,451.0,,,,,,,,,,,,,,,,,,,,,,43.43226492313835,43.6274057554836,43.39376464309775,,,,,,,,,,,,,,,,,,,,,,43.28811859966658,43.35069657184537,43.6140160978123,42.74705743022496,,,,43.35047486018128,#000000,0.7110600638584297,43.384079470828944,0.4935174213931429,47.60937396170132,0.06678809438069777,False,True,False,True,True,3.432184793646737,0.0,0.0,0.0,0.0,0,1.062449528936743,0.884118438761777,False,False,False,False,0.17517377654966876,0.15796611749597808,False,False,False,False,-10437.0,-8755.625068209869,False,False,False,False,361.906931936181,False,False,False,False
2025-02-13 16:00:00+00:00,43.735,43.95,43.735,43.85,11.0,,,,,,,,,,,,,,,,,,,,,,43.43316932270916,43.62755189888876,43.39389488000281,,,,,,,,,,,,,,,,,,,,,,43.289573634204274,43.35129075146614,43.614122195312056,42.7472687688476,,,,43.350981635918686,"rgba(38, 166, 154, 0.5)",0.6991820703990534,43.38446861891548,0.6658228246883182,51.093007949182876,-5.36881979277166,False,False,True,False,True,4.270259808411229,0.0,0.0,0.0,0.0,0,1.0761208180956254,0.8795882432615472,False,False,False,False,0.20622313620072857,0.1820946268483533,False,False,False,False,-10426.0,-8781.522353974056,False,False,False,False,356.4665143867829,False,False,False,False
2025-02-13 17:00:00+00:00,43.85,44.0,43.725,43.735,368.0,,,,,,,,,,,,,,,,,,,,,43.81999999999999,43.459589829250184,43.631781022333705,43.39796989778241,,,,,,,,,,,,,,,,,,,,,,43.3322116644823,43.36941082746787,43.61723796402916,42.75413245819931,,,,43.42279170794312,#000000,0.6850169130547874,43.43460609541098,0.4385204202469037,52.22129026433438,-4.151534107127752,True,False,True,False,True,3.334227960184929,0.0,0.0,0.0,0.0,0,1.0644365231697288,0.8804496846723338,False,False,False,False,0.2104375869903145,0.1962661069193339,False,False,False,False,-10794.0,-8812.723557788411,False,False,False,False,356.64532811722034,False,False,False,False
2025-02-13 18:00:00+00:00,43.735,43.735,43.63,43.705,23.0,,,,,,,,,,,,,,,,,,,,,43.812352941176464,43.46056921086675,43.631860874232224,43.398144343730806,,,,,,,,,,,,,,,,,,,,,,43.334000217344055,43.370183574372945,43.61730672309188,42.75450655798487,,,,43.42236555535,#000000,0.6627777133377646,43.434329892322395,0.4083874611813689,52.650496483102295,-3.4533733782630023,True,False,True,False,True,3.088776116270143,0.0,0.0,0.0,0.0,0,1.0682852807283767,0.8863291488481174,False,False,False,False,0.16378776011587526,0.18002693351760457,False,False,False,False,-10817.0,-8843.797611156033,False,False,False,False,351.4725323324572,False,False,False,False
2025-02-13 19:00:00+00:00,43.71,43.91,43.71,43.79,363.0,,,,,,,,,,,,,,,,,,,,,43.80801061007957,43.48211811569103,43.63549410459959,43.40192872090432,,,,,,,,,,,,,,,,,,,,,,43.368320910556,43.38605771495877,43.6200404150811,42.761081990524055,,,,43.4328815727993,"rgba(38, 166, 154, 0.5)",0.644674280491991,43.44284915799797,0.5384902927057948,53.768071051216864,-2.0312705860432985,True,False,True,False,True,3.7343803834949334,0.0,0.0,0.0,0.0,0,1.0616927727397638,0.8827974718329215,False,False,False,False,0.18917047480189036,0.18459870415974747,False,False,False,False,-10454.0,-8868.761989277646,False,False,False,False,351.6512527614114,False,False,False,False
2025-02-13 20:00:00+00:00,43.79,43.96,43.79,43.94,872.0,,,,,,,,,,,,,,,,,,,,,43.855555555555554,43.536509680008024,43.648143653262245,43.41278511751977,,,,,,,,,,,,,,,,,,,,,,43.44726496458761,43.427372645448635,43.629472576314484,42.77793037052161,,,,43.46687932040224,"rgba(38, 166, 154, 0.5)",0.627917213513824,43.47025503706818,0.7481001520935024,55.92484079820403,0.3366939151628401,True,False,True,False,True,4.868166572219764,0.0,0.0,0.0,0.0,0,1.063891178895301,0.8844462764495743,False,False,False,False,0.1985409195959064,0.19156981187782693,False,False,False,False,-9582.0,-8879.819942932256,False,False,False,False,359.718675199219,False,False,False,False
2025-02-14 15:00:00+00:00,43.825,43.825,43.45,43.51,40.0,,,,,,,,,,,,,,,,,,,,,43.84929971988796,43.53685960713929,43.64802584423263,43.41296834933885,,,,,,,,,,,,,,,,,,,,,,43.448270648967544,43.427992511787,43.62941874235444,42.77848607734118,,,,43.466415187631114,#000000,0.6136086069494632,43.469939295716195,0.06528706382226913,52.60590454125149,0.3366939151628401,True,False,True,False,False,1.316590062360465,0.0,0.0,0.0,0.0,0,1.0462836918050644,0.8901442962156279,False,False,False,False,0.14345032767406152,0.16751006977594424,False,False,False,False,-9622.0,-8891.326610483693,False,False,False,False,354.7617965139597,False,False,False,False
2025-02-14 16:00:00+00:00,43.51,43.59,43.33,43.58,300.0,,,,,,,,,,,,,,,,,,,,,43.795998643608,43.53527674396411,43.645605011629605,43.413619816358114,,,,,,,,,,,,,,,,,,,,,,43.450783408894644,43.429935684087425,43.62792049342698,42.78214777911232,,,,43.460160947635146,#000000,0.6005762773077231,43.46532505765437,0.19094151180878693,51.14218786616023,0.3366939151628401,True,False,False,False,False,1.8568770003484474,0.0,0.0,0.0,0.0,0,1.0448491437890735,0.8961674368034795,False,False,False,False,0.0759608091595688,0.12173543946775653,False,False,False,False,-9322.0,-8898.0037172979,False,False,False,False,353.9127764129681,False,False,False,False
2025-02-14 17:00:00+00:00,43.58,43.58,43.24,43.24,200.0,,,,,,,,,,,,,,,,,,,,,43.755124653739614,43.53021291399944,43.64245281492667,43.41332046443883,,,,,,,,,,,,,,,,,,,,,,43.44772663111669,43.42858192689464,43.62581750529729,42.784073783712394,,,,43.4534138367657,#000000,0.5852446319952175,43.46014240061872,-0.37615449776653154,47.1908009819085,2.775663912286234,False,False,False,True,False,0.0,0.0,0.0,0.0,0.0,0,1.041301969365427,0.9071389496717729,False,False,False,False,0.06331610867798172,0.09252577407286913,False,False,False,False,-9522.0,-8907.678078270024,False,False,False,False,351.5265318174182,False,False,False,False
2025-02-14 18:00:00+00:00,43.24,43.24,43.11,43.15,48.0,,,,,,,,,,,,,,,,,,,,,43.74236675700091,43.52780066353331,43.64122445137694,43.41302687265455,,,,,,,,,,,,,,,,,,,,,,43.44562655666252,43.427475729579115,43.62497509109905,42.784383152799535,,,,43.45085990933824,"rgba(239, 83, 80, 0.5)",0.5669389912678066,43.45814821228816,-0.5435297572302603,43.87222294348442,-0.3597338584727794,False,True,False,True,False,0.0,0.0,0.0,0.0,0.0,0,1.037860082304527,0.9155006858710565,False,False,False,False,0.004089619211671964,0.048307696642270546,False,False,False,False,-9570.0,-8917.946635196071,False,False,False,False,346.8206941148225,False,False,False,False
2025-02-14 19:00:00+00:00,43.15,43.15,42.87,42.99,1241.0,,,,,,,,,,,,,,,,,,,,,43.47691365171249,43.45100255653884,43.60131002201718,43.40079530236327,,,,,,,,,,,,,,,,,,,,,,43.37401717764732,43.38572095298534,43.59682279312484,42.788866786574694,,,,43.3844311553705,"rgba(239, 83, 80, 0.5)",0.5453910077653364,43.40491203167645,-0.7607606758616999,40.48544776792722,-3.521317873090318,False,True,False,True,False,0.0,0.0,0.0,0.0,0.0,0,1.0255185589519653,0.9198962882096074,False,False,False,False,-0.037453166686131245,0.005427264978069651,False,False,False,False,-10811.0,-8947.296299766675,False,False,False,False,360.6839391673059,False,False,False,False
2025-02-14 20:00:00+00:00,42.99,42.99,42.78,42.92,923.0,,,,,,,,,,,,,,,,,,,,,43.35458200091366,43.39655990636305,43.56997518789748,43.389844237859904,,,,,,,,,,,,,,,,,,,,,42.89666666666666,43.32271367023754,43.35235580358241,43.574008272729415,42.79048400379249,,,,43.294132194449176,"rgba(239, 83, 80, 0.5)",0.523340207678438,43.33169332333909,-0.7866648067523376,37.72755692324958,-6.099026664658112,False,True,False,True,False,0.0,0.0,0.0,0.0,0.0,0,1.0268611944368697,0.9229615489500957,False,False,False,False,-0.06900350639995316,-0.03178812071094175,False,False,False,False,-11734.0,-8990.501008297422,False,False,False,False,369.40201762982826,False,False,False,False
2025-02-17 15:00:00+00:00,42.92,42.92,42.92,42.92,0.0,,,,,,,,,,,,,,,,,,,,,43.35458200091366,43.39655990636305,43.56997518789748,43.389844237859904,,,,,,,,,,,,,,,,,,,,,42.89666666666666,43.32271367023754,43.35235580358241,43.574008272729415,42.79048400379249,,,,43.294132194449176,"rgba(239, 83, 80, 0.5)",0.4994752381384396,43.33169332333909,-0.8242517184104683,35.88896302679782,-7.885381313958092,False,True,False,True,False,0.0,0.0,0.0,0.0,0.0,0,1.0308303644834205,0.9244998629761582,False,False,False,False,-0.06015827267334693,-0.04597319669214434,False,False,False,False,-11734.0,-9033.035876385833,False,False,False,False,363.67485456579993,False,False,False,False
2025-02-17 16:00:00+00:00,42.92,42.92,42.92,42.92,0.0,,,,,,,,,,,,,,,,,,,,,43.35458200091366,43.39655990636305,43.56997518789748,43.389844237859904,,,,,,,,,,,,,,,,,,,,,42.89666666666666,43.32271367023754,43.35235580358241,43.574008272729415,42.79048400379249,,,,43.294132194449176,"rgba(239, 83, 80, 0.5)",0.4750310753229307,43.33169332333909,-0.8666660871801147,34.663233762496645,-9.20413076002177,False,True,False,True,False,0.0,0.0,0.0,0.0,0.0,0,1.0284575199340118,0.925075611767941,False,False,False,False,-0.06015827267334693,-0.05306573468274564,False,False,False,False,-11734.0,-9074.911289155045,False,False,False,False,358.03648472757044,False,False,False,False
2025-02-17 17:00:00+00:00,42.92,42.92,42.92,42.92,0.0,,,,,,,,,,,,,,,,,,,,,43.35458200091366,43.39655990636305,43.56997518789748,43.389844237859904,,,,,,,,,,,,,,,,,,,,,42.89666666666666,43.32271367023754,43.35235580358241,43.574008272729415,42.79048400379249,,,,43.294132194449176,"rgba(239, 83, 80, 0.5)",0.4521387413630674,43.33169332333909,-0.9105464444341808,33.8460809196292,-10.244406654029731,False,True,False,True,False,0.0,0.0,0.0,0.0,0.0,0,1.028761984160067,0.9324718632763653,False,False,False,False,-0.06015827267334693,-0.05661200367804629,False,False,False,False,-11734.0,-9116.137470718531,False,False,False,False,352.48553147598017,False,False,False,False
2025-02-17 18:00:00+00:00,42.92,42.92,42.92,42.92,0.0,,,,,,,,,,,,,,,,,,,,,43.35458200091366,43.39655990636305,43.56997518789748,43.389844237859904,,,,,,,,,,,,,,,,,,,,,42.89666666666666,43.32271367023754,43.35235580358241,43.574008272729415,42.79048400379249,,,,43.294132194449176,"rgba(239, 83, 80, 0.5)",0.46000438697470425,43.33169332333909,-0.8949769502127071,33.30131235771756,-11.113877609533787,False,True,False,True,False,0.0,0.0,0.0,0.0,0.0,0,1.0319877077804165,0.924430786422685,False,False,False,False,-0.06015827267334693,-0.05838513817569661,False,False,False,False,-11734.0,-9156.724486676383,False,False,False,False,347.02063951511224,False,False,False,False
2025-02-17 19:00:00+00:00,42.92,42.92,42.92,42.92,0.0,,,,,,,,,,,,,,,,,,,,,43.35458200091366,43.39655990636305,43.56997518789748,43.389844237859904,,,,,,,,,,,,,,,,,,,,,42.89666666666666,43.32271367023754,43.35235580358241,43.574008272729415,42.79048400379249,,,,43.294132194449176,"rgba(239, 83, 80, 0.5)",0.4668904418432897,43.33169332333909,-0.8817771503604057,32.93813331644314,-11.871940679889853,False,True,False,True,False,0.0,0.0,0.0,0.0,0.0,0,1.0324666198172876,0.9245256500351372,False,False,False,False,-0.06015827267334693,-0.05927170542452177,False,False,False,False,-11734.0,-9196.682246572873,False,False,False,False,341.64047456138957,False,False,False,False
2025-02-17 20:00:00+00:00,42.92,42.92,42.92,42.92,0.0,,,,,,,,,,,,,,,,,,,,,43.35458200091366,43.39655990636305,43.56997518789748,43.389844237859904,,,,,,,,,,,,,,,,,,,,,42.89666666666666,43.32271367023754,43.35235580358241,43.574008272729415,42.79048400379249,,,,43.294132194449176,"rgba(239, 83, 80, 0.5)",0.47408777269209745,43.33169332333909,-0.8683905113209203,32.69601395559353,-12.55017092341344,False,True,False,True,False,0.0,0.0,0.0,0.0,0.0,0,1.0332531484363947,0.9240130182538561,False,False,False,False,-0.06015827267334693,-0.05971498904893435,False,False,False,False,-11734.0,-9236.020506315928,False,False,False,False,336.3437230178021,False,False,False,False
2025-02-18 15:00:00+00:00,42.825,42.96,42.825,42.96,31.0,,,,,,,,,,,,,,,,,,,,,43.351491267861185,43.39497666772722,43.568998412469334,43.38949805194298,,,,,,,,,,,,,,,,,,,,,42.89726240391334,43.32124724445992,43.35135594886921,43.57328784192028,42.79054671085407,,,,43.29318495000195,"rgba(239, 83, 80, 0.5)",0.48023103486424584,43.33086347298005,-0.7722605289033132,33.7731791445352,-12.55017092341344,False,True,False,True,False,0.0,0.0,0.0,0.0,0.0,0,1.0313603616329992,0.9175024721005793,False,False,False,False,-0.07133463555200589,-0.06552481230047012,False,False,False,False,-11703.0,-9274.268250404053,False,False,False,False,331.6097118082238,False,False,False,False
2025-02-18 16:00:00+00:00,42.96,43.2,42.88,43.2,186.0,,,,,,,,,,,,,,,,,,,,,43.34104134929271,43.38914144565782,43.56477995518047,43.38820817820656,,,,,,,,,,,,,,,,,,,,,42.929252923976605,43.31643270868825,43.34786459091128,43.57016022609163,42.79145886646583,,,,43.293148916052345,#000000,0.4825959737438882,43.330349419985595,-0.27010051280446,40.25929904606785,-14.374500178867684,False,True,False,True,True,0.0,0.0,0.0,0.0,0.0,0,1.0328882642304993,0.9128601546029517,False,False,False,False,-0.04381019684182989,-0.05466750457115001,False,False,False,False,-11517.0,-9309.03928528151,False,False,False,False,329.3521968964684,False,False,False,False
2025-02-18 17:00:00+00:00,43.2,43.25,43.2,43.25,66.0,,,,,,,,,,,,,,,,,,,,,43.339516198240716,43.38807922735255,43.56374019677742,43.38796920175502,,,,,,,,,,,,,,,,,,,,,42.94589414040906,43.31581445158382,43.34731730862051,43.56938317778788,42.79193071015618,,,,43.29440495696479,#000000,0.4843203931729296,43.33118247620545,-0.16762142860348603,45.51141307838468,-9.616825519856746,False,True,False,True,True,0.0,0.0,0.0,0.0,0.0,0,1.0378947368421054,0.9115789473684213,False,False,False,False,0.004574276079064392,-0.02504661424604281,False,False,False,False,-11451.0,-9342.247978532958,False,False,False,False,325.2692170996239,False,False,False,False
2025-02-18 18:00:00+00:00,43.25,43.25,43.11,43.155,141.0,,,,,,,,,,,,,,,,,,,,,43.33458767180341,43.38497251069029,43.56113007554296,43.387258509266616,,,,,,,,,,,,,,,,,,,,,42.96952734471665,43.31355914336441,43.34554229675815,43.567432637681165,42.79279501417833,,,,43.29520057822244,#000000,0.48708784378950115,43.33148956117147,-0.36233620572092007,46.90512507262244,-8.473796380028865,False,False,False,False,True,0.0,0.0,0.0,0.0,0.0,0,1.0352299734377186,0.9119250664057041,False,False,False,False,-0.007188255402103379,-0.016117434824073094,False,False,False,False,-11592.0,-9377.127854834771,False,False,False,False,322.41233001280807,False,False,False,False
2025-02-18 19:00:00+00:00,43.13,43.76,43.13,43.76,631.0,,,,,,,,,,,,,,,,,,,,43.550000000000004,43.35960611080434,43.39493446857362,43.56080807849251,43.38961675661195,,,,,,,,,,,,,,,,,,,,,43.15470340411189,43.32903090324588,43.354388485097815,43.567058246258924,42.80042998295515,,,,43.346057643615204,"rgba(38, 166, 154, 0.5)",0.4801506614153475,43.368107302793426,0.816186936099148,55.33219646748743,-0.8347122933666498,True,False,True,False,True,4.291702818368453,0.0,0.0,0.0,0.0,0,1.0351696661629346,0.8994367358153595,False,False,False,False,0.06215912477298558,0.023020844974456244,False,False,False,False,-10961.0,-9401.684012124155,False,False,False,False,327.19663497384977,False,False,False,False
2025-02-18 20:00:00+00:00,43.58,43.58,43.3,43.48,629.0,,,,,,,,,,,,,,,,,,,,43.50174338624339,43.369331353788624,43.39824911267521,43.557795528817586,43.390524026199444,,,,,,,,,,,,,,,,,,,,,43.22675489067894,43.33664249091382,43.358479480269054,43.564674608463854,42.806927098989064,,,,43.3511121977039,#000000,0.4756154192485408,43.37191345402171,0.2272561855733404,56.40637124913206,-0.12559051670208987,True,False,True,False,True,1.7325375099559963,0.0,0.0,0.0,0.0,0,1.0344593677927012,0.900691900691901,False,False,False,False,0.06084724405882459,0.041934044516640415,False,False,False,False,-11590.0,-9435.611391781145,False,False,False,False,331.8757569122397,False,False,False,False
2025-02-19 15:00:00+00:00,43.39,43.39,42.705,42.77,427.0,,,,,,,,,,,,,,,,,,,,43.3633560561154,43.34206683104741,43.38180395053146,43.54653940904652,43.386354416567656,,,,,,,,,,,,,,,,,,,,,43.18850856954516,43.32141103529925,43.34746376811593,43.556121496862374,42.80792067383242,,,,43.324154620696355,"rgba(239, 83, 80, 1.0)",0.48423508920932185,43.349867666788654,-1.1974920440719856,50.28915523343901,-0.12559051670208987,True,False,False,False,False,0.0,0.0,0.0,0.0,0.0,0,1.0155461068296574,0.9053946319425993,False,False,False,False,-0.041846202187460595,4.3921164589909995e-05,False,False,False,False,-12017.0,-9475.63292059074,False,False,False,False,333.35055137871655,False,False,False,False
2025-02-19 16:00:00+00:00,42.77,42.77,42.62,42.69,80.0,,,,,,,,,,,,,,,,,,,,43.33302112808904,43.33416628609123,43.377051370552536,43.54356488139336,43.38511358295474,,,,,,,,,,,,,,,,,,,,,43.17578730464569,43.31674954386616,43.34413486005088,43.55385970661162,42.80777680122209,,,,43.317122546547736,"rgba(239, 83, 80, 1.0)",0.49477495111635433,43.34409336823288,-1.3220017843608758,45.671990700799526,3.338913735861361,False,True,False,True,False,0.0,0.0,0.0,0.0,0.0,0,1.0132345156167286,0.9221810481736371,False,False,False,False,-0.15026189338514814,-0.07510898611027912,False,False,False,False,-12097.0,-9516.2742706591,False,False,False,False,329.4226358534651,False,False,False,False
2025-02-19 17:00:00+00:00,42.69,42.72,42.595,42.615,107.0,,,,,,,,,,,,,,,,,,,,43.29364194236926,43.323093918514076,43.37033900478796,43.53938665741303,43.383341445625334,,,,,,,,,,,,,,,,,,,,42.64333333333334,43.158099451516094,43.310130442770536,43.33939702196667,43.55067833507489,42.80750110984023,,,,43.24717660574649,"rgba(239, 83, 80, 1.0)",0.5066220760368291,43.28672929363053,-1.3258981899985256,42.07288926633461,0.14561142110733982,False,True,False,True,False,0.0,0.0,0.0,0.0,0.0,0,1.013132430190766,0.9680674592203488,False,False,False,False,-0.16063125638140566,-0.1178701212458424,False,False,False,False,-12204.0,-9557.94443700547,False,False,False,False,325.9742228944967,False,False,False,False
2025-02-19 18:00:00+00:00,42.615,42.805,42.605,42.78,128.0,,,,,,,,,,,,,,,,,,,,43.2576048951049,43.31193636096413,43.36340705345061,43.534917608489344,43.38147957669132,,,,,,,,,,,,,,,,,,,,42.6905390070922,43.141737334527726,43.30338841474487,43.33450809568577,43.54726240027749,42.80734598885605,,,,43.24310243053495,"rgba(239, 83, 80, 0.5)",0.5142866834682108,43.28301814433932,-0.9780889929855912,41.75695182727248,-0.20192972362451655,False,True,False,True,False,0.0,0.0,0.0,0.0,0.0,0,0.9803433001107421,0.9576411960132895,False,False,False,False,-0.14750222771221447,-0.13268617447902842,False,False,False,False,-12076.0,-9596.984058137166,False,False,False,False,322.90485509768274,False,False,False,False
2025-02-19 19:00:00+00:00,42.78,43.085,42.78,43.075,369.0,,,,,,,,,,,,,,,,,,,,43.21440109658372,43.2948605883173,43.35180390387928,43.52622309031464,43.378208163115104,,,,,,,,,,,,,,,,,,,,42.86737858719647,43.12568540433925,43.29290520952297,43.32649452748508,43.54053640092971,42.80833649461028,,,,43.24789395148126,#000000,0.517032785131504,43.28583043723054,-0.40776995829560536,44.7217522745305,-0.20192972362451655,False,True,False,True,False,0.0,0.0,0.0,0.0,0.0,0,0.9896451746513879,0.9444981361314375,False,False,False,False,-0.08523650860813313,-0.10896134154358078,False,False,False,False,-11707.0,-9629.697483592405,False,False,False,False,323.619508507021,False,False,False,False
2025-02-19 20:00:00+00:00,43.085,43.085,42.97,42.98,660.0,,,,,,,,,,,,,,,,,,,,43.170255691191024,43.27099897867994,43.33433789776706,43.51219610920656,43.37294279392028,,,,,,,,,,,,,,,,,,,,42.942718881856536,43.108496649916255,43.27749231918957,43.314260284189025,43.52955329704331,42.810401713347694,,,,43.24033223784612,"rgba(239, 83, 80, 0.5)",0.5208918374348417,43.27834644107486,-0.5727608298568944,45.763361342471754,-0.20192972362451655,False,False,False,True,True,0.0,0.0,0.0,0.0,0.0,0,0.9951724137931037,0.940689655172414,False,False,False,False,-0.05945647619466972,-0.08420890886912524,False,False,False,False,-12367.0,-9672.136282296398,False,False,False,False,328.8347099255168,False,False,False,False
2025-02-20 15:00:00+00:00,42.98,43.465,42.98,43.3,224.0,,,,,,,,,,,,,,,,,,,,43.17562877624168,43.27036883041661,43.33286469883511,43.50977723211241,43.37233822117295,,,,,,,,,,,,,,,,,,,,42.98872535842293,43.11530312907432,43.27695986522105,43.31340209979853,43.52758506483362,42.81190617140052,,,,43.24498722250271,#000000,0.5214223616984781,43.28177228831363,0.03495767160232573,49.47299238027337,-0.20192972362451655,True,False,False,False,True,0.5657873663926054,0.0,0.0,0.0,0.0,0,0.9998631449295198,0.9296564937730946,False,False,False,False,-0.006748581927752621,-0.045478745398438936,False,False,False,False,-12143.0,-9710.444246911959,False,False,False,False,327.2093655855863,False,False,False,False
2025-02-20 16:00:00+00:00,43.3,43.41,43.3,43.41,2201.0,,,,,,,,,,,,,,,,,,,,43.25538459188661,43.292461330993696,43.33869474625824,43.49850252790709,43.372383502170784,,,,,,,,,,,,,,,,,,,,43.21819734345351,43.198784604831204,43.29162104875127,43.32019836158482,43.5176596698435,42.8302386568751,,,,43.28492058041417,#000000,0.5206338998351885,43.31239630204778,0.18747088497908743,52.849298559962904,-4.776185297756712,True,False,True,False,True,1.4674851622319274,0.0,0.0,0.0,0.0,0,1.0084172761142545,0.9366634469435632,False,False,False,False,0.029026539484580748,-0.008226102956929094,False,False,False,False,-9942.0,-9714.034258587742,False,False,False,False,356.2603831734067,False,False,False,False
2025-02-20 17:00:00+00:00,43.41,43.425,43.375,43.405,106.0,,,,,,,,,,,,,,,,,,,,43.2581724199928,43.29357825164029,43.33912864014561,43.49811868970159,43.372447534175,,,,,,,,,,,,,,,,,,,,43.223321914800174,43.20189728373619,43.29242143543296,43.320640874540935,43.51730133286703,42.831135864278906,,,,43.28619674921014,#000000,0.5207068826677799,43.31338053931336,0.17595208309374102,55.03651413393298,-2.483582017893802,True,False,True,False,True,1.4245441270657118,0.0,0.0,0.0,0.0,0,1.003893756083994,0.9402030315672373,False,False,False,False,0.0411889058781678,0.016481401460619355,False,False,False,False,-10048.0,-9719.212022020489,False,False,False,False,352.38037723273374,False,False,False,False
2025-02-20 18:00:00+00:00,43.33,43.48,43.28,43.295,478.0,,,,,,,,,,,,,,,,,,,,43.26557146799117,43.29613924245219,43.33950647249191,43.4955469017879,43.37224462420505,,,,,,,,,,,,,,,,,,,,43.237679226148686,43.2115886015974,43.294302861192314,43.321382650594366,43.51502558206382,42.834795481622024,,,,43.28943482837698,#000000,0.5122049315379845,43.31572654652358,-0.040465339647045864,55.03962267307189,-2.112532354824296,True,False,True,False,True,0.4730973903079274,0.0,0.0,0.0,0.0,0,0.9965272954577028,0.9387414918738718,False,False,False,False,0.03578211972147869,0.026131760591049023,False,False,False,False,-10526.0,-9731.720362764358,False,False,False,False,354.32796828338905,False,False,False,False
2025-02-20 19:00:00+00:00,43.295,43.45,43.295,43.45,1159.0,,,,,,,,,,,,,,,,,,,,43.28694540908459,43.3060086659445,43.34351213207215,43.49157669403432,43.37284799686045,,,,,,,,,,,,,,,,,,,,43.271957228767796,43.23691473593884,43.30174048485596,43.32559907652546,43.5112634102015,42.84424102408361,,,,43.299327896215374,#000000,0.49893582248110296,43.32330045865,0.2539395562338051,56.60491753505926,-0.18219845860423334,True,False,True,False,True,1.7837038866096115,0.0,0.0,0.0,0.0,0,0.9972237645752363,0.9385063853414772,False,False,False,False,0.033755130869420585,0.029943445730234802,False,False,False,False,-9367.0,-9726.065783496691,False,False,False,False,366.8035036588404,False,False,False,False
2025-02-20 20:00:00+00:00,43.45,43.56,43.305,43.305,1271.0,,,,,,,,,,,,,,,,,,,,43.30240968122786,43.31405213984328,43.34674229171223,43.487222428330526,43.3732722572526,,,,,,,,,,,,,,,,,,,,43.294340096474215,43.256734576075516,43.30815724745453,43.32924950571585,43.507122469998215,42.85409148572591,,,,43.30667219816461,#000000,0.4920793809102928,43.32882352095203,-0.04841397928106119,55.67860422497804,-0.18219845860423334,True,False,True,False,True,0.5160269030924809,0.0,0.0,0.0,0.0,0,0.9960991919754808,0.9437169127890781,False,False,False,False,0.04998021043740387,0.03996182808381933,False,False,False,False,-10638.0,-9740.204298481238,False,False,False,False,380.8220539897111,False,False,False,False
2025-02-21 15:00:00+00:00,44.13,44.13,43.465,43.71,489.0,,,,,,,,,,,,,,,,,,,,43.327840718830224,43.33019511663396,43.35771923752729,43.491783403563495,43.376996446449354,,,,,,,,,,,,,,,,,,,,43.32656794586578,43.28100895918236,43.32067887151522,43.338620664571685,43.51050978104256,42.86039633515729,,,,43.32021068003084,"rgba(38, 166, 154, 0.5)",0.4846753998741665,43.340216172695,0.762951508166093,58.71096413799629,2.5520620578132593,True,False,True,False,True,3.8633225271348124,0.0,0.0,0.0,0.0,0,0.986883454023774,0.9269025823199892,False,False,False,False,0.1495717379751519,0.09476678302948563,False,False,False,False,-10149.0,-9746.542216334241,False,False,False,False,382.49923144723493,False,False,False,False
2025-02-21 16:00:00+00:00,43.71,44.3,43.71,44.275,227.0,,,,,,,,,,,,,,,,,,,,43.346798388852605,43.34260651987417,43.366524095117846,43.49629272870974,43.38012479206655,,,,,,,,,,,,,,,,,,,,43.35007975019096,43.29855153644103,43.330337674469725,43.346040955385554,43.514007231477585,42.86433609802956,,,,43.330518160965035,"rgba(0, 255, 255, 0.75)",0.48227423883241105,43.34899699964631,1.9200756038629543,63.917186386331124,7.622088963135127,True,False,True,False,True,8.14054107781866,0.0,0.0,0.0,0.0,0,0.9982396750169265,0.9221394719025054,False,False,False,False,0.20740205486098506,0.15108441894523533,False,False,False,False,-9922.0,-9749.26249204999,False,True,False,False,380.08839064960335,False,False,False,False
2025-02-21 17:00:00+00:00,44.275,44.42,44.005,44.01,610.0,,,,,,,,,,,,,,,,,,,44.145,43.39650265414455,43.37613577202355,43.3907299418901,43.509067503873965,43.388976506671746,,,,,,,,,,,,,,,,,,,,43.41047349192511,43.34488856980467,43.356759623564436,43.366562451752344,43.52399284837165,42.875224731107856,,,,43.42369284126084,"rgba(38, 166, 154, 1.0)",0.4718515856907329,43.42411209614838,1.241678361627105,64.28601139082946,8.118670344583165,True,False,True,False,True,5.814962642695175,0.0,0.0,0.0,0.0,0,1.0072982835518316,0.9202594945262875,False,False,False,False,0.2666348339575916,0.20885962645141345,False,False,False,False,-10532.0,-9761.397957289524,False,False,False,False,383.6529117248033,False,False,False,False
2025-02-21 18:00:00+00:00,44.01,44.01,43.25,43.42,311.0,,,,,,,,,,,,,,,,,,,43.94745928338762,43.40153359058078,43.37997115836071,43.39337146871394,43.50957378463899,43.389979662146466,,,,,,,,,,,,,,,,,,,,43.41604936051159,43.35072929398755,43.36006564150845,43.369062829038505,43.524281039023435,42.878180281077675,,,,43.410021449414636,#000000,0.4641512451543338,43.41332256906432,0.01438632558975756,59.35761896719328,8.118670344583165,True,False,True,False,False,0.9862305764466406,0.0,0.0,0.0,0.0,0,0.9796054385497203,0.9370834444148229,False,False,False,False,0.10362079822710679,0.1562402123392601,False,False,False,False,-10843.0,-9778.166981207516,False,False,False,False,382.5265099926358,False,False,False,False
2025-02-21 19:00:00+00:00,43.42,43.42,43.17,43.17,214.0,,,,,,,,,,,,,,,,,,,43.81658443465492,43.39846074346801,43.37817915316625,43.39188369822436,43.5078330317556,43.38943035596884,,,,,,,,,,,,,,,,,,,,43.411978606499886,43.34894297794538,43.358884204900086,43.368042555821035,43.52279700203903,42.87929115354458,,,,43.397692326499,"rgba(239, 83, 80, 0.5)",0.4513585299099404,43.40328860476539,-0.5168587482149491,54.386153515456655,11.066957895852283,True,False,True,False,False,0.0,0.0,0.0,0.0,0.0,0,0.9751436589603102,0.9576373112388081,False,False,False,False,0.01282277461070094,0.08453149347498053,False,False,False,False,-11057.0,-9797.993849715926,False,False,False,False,379.9136958842228,False,False,False,False
2025-02-21 20:00:00+00:00,43.17,43.395,43.16,43.26,1304.0,,,,,,,,,,,,,,,,,,,43.52524668580019,43.384237992831544,43.36972403157403,43.38457437714676,43.49844540974445,43.38661468551559,,,,,,,,,,,,,,,,,,,,43.39341837424765,43.341174838112856,43.35337314855195,43.36312918654051,43.514686191950474,42.88624548074048,,,,43.366739200229716,#000000,0.44223753349978795,43.37761945997639,-0.2659644445951246,51.807702257583344,8.702531950075837,True,False,False,False,False,0.0,0.0,0.0,0.0,0.0,0,0.9769961214390799,0.95399224287816,False,False,False,False,0.008098322713389687,0.046314908094185106,False,False,False,False,-9753.0,-9797.296270650562,False,False,False,False,394.2406153278783,False,False,False,False
2025-02-24 15:00:00+00:00,43.26,43.26,42.74,42.74,127.0,,,,,,,,,,,,,,,,,,,43.49496102883866,43.37914908100749,43.36622266521685,43.38180031519421,43.49618896514029,43.38551515872147,,,,,,,,,,,,,,,,,,,,43.38731213486897,43.33702674504415,43.35068170872664,43.360906892303696,43.51280056128916,42.886292157953534,,,,43.3615714511921,"rgba(239, 83, 80, 1.0)",0.4401453486382287,43.37321759268329,-1.4386556500992398,46.896811427847354,4.143913215355745,False,False,False,True,False,0.0,0.0,0.0,0.0,0.0,0,0.9745875465673233,0.9507716870675895,False,False,False,False,-0.06690949684785094,-0.010297294376832918,False,False,False,False,-9880.0,-9798.578499012568,False,False,False,False,390.0973499739577,False,False,False,False
2025-02-24 16:00:00+00:00,42.74,43.38,42.74,43.38,214.0,,,,,,,,,,,,,,,,,,,43.469689448441244,43.37534904451502,43.36367585082696,43.379687289639556,43.49406147549227,43.3846617772109,,,,,,,,,,,,,,,,,,,,43.38268245252803,43.3342882896417,43.348804541265444,43.359303149555664,43.51098130955891,42.88710390313197,,,,43.35752404431731,#000000,0.43393496004526916,43.369748271682106,0.02362503430658688,48.264920218748536,4.143913215355745,False,False,False,True,False,0.7181825338258712,0.0,0.0,0.0,0.0,0,0.9764628533859306,0.9431952662721894,False,False,False,False,-0.050656794245012716,-0.030477044310922817,False,False,False,False,-9666.0,-9796.52301840772,False,False,False,False,387.36715850149324,False,False,False,False
2025-02-24 17:00:00+00:00,43.38,43.395,43.135,43.135,118.0,,,,,,,,,,,,,,,,,,,43.459590522199214,43.37384833940197,43.362683485333,43.378836087525485,43.49309518799103,43.384312065893326,,,,,,,,,,,,,,,,,,,,43.38084084520695,43.333298836026096,43.34809339843255,43.35867937934478,43.51014526293449,42.88763715730372,,,,43.35592171396605,"rgba(239, 83, 80, 0.5)",0.42881830083973194,43.36836559609278,-0.5442062422144625,47.6976584331595,4.143913215355745,False,False,False,True,False,0.0,0.0,0.0,0.0,0.0,0,0.9856249168108612,0.9526154665246905,False,False,False,False,0.004723947829288685,-0.012876548240817066,False,False,False,False,-9784.0,-9796.32886308357,False,False,False,False,383.19092348596615,False,False,False,False
2025-02-24 18:00:00+00:00,43.135,43.445,43.08,43.4,391.0,,,,,,,,,,,,,,,,,,,43.44160889834803,43.3717949231797,43.3614534737898,43.37759975183507,43.490948645570256,43.3837757196074,,,,,,,,,,,,,,,,,,,,43.37819325115179,43.33259260599044,43.34736988256464,43.3579345138994,43.50823117040632,42.889847361066316,,,,43.353445849784094,#000000,0.42882105299930784,43.36618845965297,0.07884766876659326,49.02497418460715,4.143913215355745,False,False,False,False,False,0.8592701455715819,0.0,0.0,0.0,0.0,0,0.9860335195530727,0.9449321628092578,False,False,False,False,0.004049088220340648,-0.004413730010238209,False,False,False,False,-9393.0,-9790.075702415608,False,False,False,False,383.3119944396721,False,False,False,False
2025-02-24 19:00:00+00:00,43.4,43.47,43.265,43.265,147.0,,,,,,,,,,,,,,,,,,,43.43697662010089,43.37134698674273,43.36121623431281,43.37730982296679,43.49026319941622,43.383642202055135,,,,,,,,,,,,,,,,,,,,43.37758575157378,43.33260040088767,43.34727450617854,43.357798432110386,43.50760973605338,42.8907215941854,,,,43.35286212388198,#000000,0.42897216356898593,43.36566302973013,-0.2346609833435969,49.01372938828873,4.143913215355745,False,False,False,False,False,0.0,0.0,0.0,0.0,0.0,0,0.9929614873837981,0.9443559096945552,False,False,False,False,0.032403960019093556,0.013995115004427672,False,False,False,False,-9540.0,-9786.198559742497,False,False,False,False,379.64824258789423,False,False,False,False
2025-02-24 20:00:00+00:00,43.265,43.46,43.265,43.425,45.0,,,,,,,,,,,,,,,,,,,43.43628315618117,43.37138956869556,43.36127320777757,43.37732187588006,43.490121034852926,43.383641951986,,,,,,,,,,,,,,,,,,,,43.37760948012233,43.33276330812044,43.34734935498254,43.357841597796146,43.50747470845307,42.89101868232014,,,,43.35284066059734,#000000,0.42896478151909334,43.36563689510328,0.13838689667365148,50.109060328008866,4.143913215355745,False,False,False,False,True,1.032624318661508,0.0,0.0,0.0,0.0,0,0.9953543934165119,0.9430581364481021,False,False,False,False,0.03105290743449155,0.022524011219459614,False,False,False,False,-9495.0,-9781.6838533899,False,False,False,False,374.4598977415703,False,False,False,False
2025-02-25 15:00:00+00:00,43.425,43.425,42.53,42.62,1367.0,,,,,,,,,,,,,,,,,,,43.273317519251925,43.321414659636126,43.324772952502286,43.34758271853342,43.46559517048144,43.371032257498086,,,,,,,,,,,,,,,,,,,,43.31974280590202,43.290597923845425,43.31834280713934,43.33344356308286,43.48673386468463,42.890430644574,,,,43.311917240594305,"rgba(255, 0, 0, 1.0)",0.4375332986040344,43.32989318914386,-1.6224895143039444,46.15780516884428,2.0101194780858975,False,True,False,True,False,0.0,0.0,0.0,0.0,0.0,0,0.9762835548605683,0.9455303622621841,False,False,False,False,-0.07301291118966204,-0.02524444998510121,False,False,False,False,-10862.0,-9798.432940934244,False,False,False,False,389.84811638123585,False,False,False,False
2025-02-25 16:00:00+00:00,42.56,42.56,42.03,42.43,569.0,,,,,,,,,,,,,,,,,,,43.17528213648391,43.28317423360497,43.295897105556975,43.32411026953258,43.447696625026786,43.36083253646749,,,,,,,,,,,,,,,,,,,42.34,43.276312324711746,43.25668631138975,43.2947697790952,43.31364844516038,43.4716831976257,42.886339372801054,,,,43.209725564419735,"rgba(255, 0, 0, 1.0)",0.449759014552361,43.24356811785664,-1.8088978575924115,42.67489949449864,-1.4362951953229839,False,True,False,True,False,0.0,0.0,0.0,0.0,0.0,0,0.9629581827568406,0.9665720185854415,False,False,False,False,-0.2630183969831668,-0.14413142348413402,False,False,False,False,-11431.0,-9823.744058129061,False,False,False,False,392.6256649644725,False,False,False,False
2025-02-25 17:00:00+00:00,42.42,42.42,42.21,42.37,1213.0,,,,,,,,,,,,,,,,,,,43.02124233283057,43.2103266734109,43.23926746855497,43.27723405361832,43.4111596298699,43.33961073273173,,,,,,,,,,,,,,,,,,,42.33546202768425,43.19489489168862,43.19142807201538,43.247797714945484,43.27370346109487,43.440699524301046,42.87771343149231,,,,43.158503078018335,"rgba(255, 0, 0, 1.0)",0.46324064145088945,43.197456618895515,-1.7862349389377588,40.07800833369921,-3.9856952118500857,False,True,False,True,False,0.0,0.0,0.0,0.0,0.0,0,0.9794967381174279,0.965384103315138,False,False,False,False,-0.2572459679185742,-0.20068869570135411,False,False,False,False,-12644.0,-9867.468956452642,False,False,False,False,405.3446469030078,False,False,False,False
2025-02-25 18:00:00+00:00,42.37,42.57,42.32,42.57,320.0,,,,,,,,,,,,,,,,,,,42.99662877697842,43.195975458601886,43.22776530709713,43.2674882502504,43.40323172365741,43.334988512559995,,,,,,,,,,,,,,,,,,,42.358480811925155,43.17912253230334,43.178528475280736,43.23811257356449,43.26533323362912,43.43389806027121,42.87611088343898,,,,43.15043573842756,"rgba(239, 83, 80, 1.0)",0.47119426570786643,43.18992074913872,-1.315637294964585,40.077041479166695,-4.193622906773086,False,True,False,True,False,0.0,0.0,0.0,0.0,0.0,0,0.9816024530062659,0.9592054392747638,False,False,False,False,-0.22011301059587077,-0.21040085314861245,False,False,False,False,-12324.0,-9905.554709065778,False,False,False,False,404.02147408280615,False,False,False,False
2025-02-25 19:00:00+00:00,42.44,42.53,42.26,42.3,2391.0,,,,,,,,,,,,,,,,,,,42.834525211433466,43.0885189183354,43.139169274293785,43.19123037849659,43.340613116075254,43.2971761798582,,,,,,,,,,,,,,,,,,,42.36106313524742,43.06274114956245,43.08045402703699,43.16216220632557,43.19893293308702,43.37975502534707,42.86087589260566,,,,43.076709034438835,"rgba(255, 0, 0, 1.0)",0.4861681390829707,43.12208799694241,-1.6909540771081155,38.63374542079168,-5.854217721722911,False,True,False,True,False,0.0,0.0,0.0,0.0,0.0,0,0.9762284196547146,0.9585657370517932,False,False,False,False,-0.23431902765958282,-0.22235994040409762,False,False,False,False,-14715.0,-9980.119752336077,False,False,False,False,434.82734270167737,False,False,False,False
2025-02-25 20:00:00+00:00,42.3,42.765,42.3,42.765,2123.0,,,,,,,,,,,,,,,,,,,42.792945743196086,43.039323002421305,43.09503025302529,43.15073575741664,43.30353227348793,43.27422490193612,,,,,,,,,,,,,,,,,,,42.44094417573558,43.01183983830253,43.0350490218363,43.12264226957049,43.16280009440414,43.34667425775979,42.85442775739819,,,,43.04847456511464,"rgba(239, 83, 80, 0.5)",0.4903938663401932,43.09432994856729,-0.6715621282645304,41.37756538992995,-5.854217721722911,False,True,False,True,True,0.0,0.0,0.0,0.0,0.0,0,0.9799604482531312,0.9508239947264341,False,False,False,False,-0.19545775507397156,-0.2089088477390346,False,False,False,False,-12592.0,-10020.614019741719,False,False,False,False,461.0005621946746,False,False,False,False
2025-02-26 15:00:00+00:00,43.98,43.98,43.04,43.22,659.0,,,,,,,,,,,,,,,,,,,42.82666969122054,43.050889608459656,43.10306371516474,43.156294583105804,43.30523527658139,43.27565231043916,,,,,,,,,,,,,,,,,,,42.52902726231385,43.02537909801112,43.046052259887,43.12896018161231,43.16748222827217,43.34755178888911,42.85885158182997,,,,43.06316227582976,#000000,0.4905287641600721,43.10649717661239,0.23138872107113942,46.040670582501775,-9.580922229391838,False,True,False,True,True,0.1662253587416096,0.0,0.0,0.0,0.0,0,0.9885574697865777,0.9332733350475705,False,False,False,False,0.0709778315611176,-0.06896550808895849,False,False,False,False,-11933.0,-10050.263414784484,False,False,False,False,464.0703209203386,False,False,False,False
2025-02-26 16:00:00+00:00,43.22,43.975,43.22,43.89,365.0,,,,,,,,,,,,,,,,,,,42.85204930066197,43.061736719879434,43.1112241904618,43.1625375179917,43.308555016256754,43.278022130013845,,,,,,,,,,,,,,,,,,,42.584731457242576,43.037656770650194,43.05634138395378,43.1356930413435,43.172886668350785,43.350066833254004,42.86250122573932,,,,43.074923250446126,"rgba(0, 255, 255, 0.75)",0.4948951112822902,43.116499634630344,1.56295818595882,52.266623299711576,-3.8773261184683463,True,False,True,False,True,4.384696621807468,0.0,0.0,0.0,0.0,0,0.9961938594265417,0.9309819842679528,False,False,False,False,0.09476113647231886,0.012897814191680186,False,False,False,False,-11568.0,-10073.794214555266,False,False,False,False,462.5343469525814,False,False,False,False
2025-02-26 17:00:00+00:00,44.53,45.025,44.19,44.19,992.0,,,,,,,,,,,,,,,,,,44.468333333333334,42.97099245796241,43.12329781758287,43.16023585020144,43.20240914594107,43.33479458407457,43.296027447392504,,,,,,,,,,,,,,,,,,,42.80119728915662,43.10556581654625,43.114672122045,43.17742481638151,43.20798001037713,43.371642225506974,42.881327503003796,,,,43.229707172821826,"rgba(0, 255, 255, 0.75)",0.5047345926414676,43.24484587290657,1.8725764805361849,57.53999956525264,0.7801622692225649,True,False,True,False,True,6.157794041641964,0.0,0.0,0.0,0.0,0,1.0176419430985217,0.9088085476456705,False,True,False,False,0.34282822573552646,0.17786301996360332,False,False,False,False,-10576.0,-10081.58035076371,False,False,False,False,470.74311676727007,False,False,False,False
2025-02-26 18:00:00+00:00,44.19,44.29,43.82,43.82,38.0,,,,,,,,,,,,,,,,,,44.450194174757286,42.97381947526754,43.12472611287292,43.16136376305775,43.203313708007954,43.33535039346155,43.29642161195608,,,,,,,,,,,,,,,,,,,42.8063492887351,43.10714683733741,43.11603405263814,43.178382414764364,43.208776859353826,43.372089050413955,42.88181919128678,,,,43.2296990667079,"rgba(38, 166, 154, 1.0)",0.49255714444161686,43.24491058236057,1.1675587779594137,58.40094520228795,1.4312385925714466,True,False,True,False,True,3.671760238200317,0.0,0.0,0.0,0.0,0,1.0086494501420984,0.9283331273940445,False,False,False,False,0.19109209819716383,0.18447755908038357,False,False,False,False,-10614.0,-10089.834918968923,False,False,False,False,464.03392115847515,False,False,False,False
2025-02-26 19:00:00+00:00,43.8,43.93,43.64,43.64,423.0,,,,,,,,,,,,,,,,,,44.24247075017205,42.996965903928455,43.13591869532004,43.17007704059102,43.21016090523739,43.33918176962256,43.299241430828324,,,,,,,,,,,,,,,,,,,42.849627002456096,43.11961345193508,43.126760848247116,43.185730317267705,43.214798903272204,43.37506178075061,42.8860695143166,,,,43.225119879567515,"rgba(38, 166, 154, 0.5)",0.4777218177298105,43.2416383545286,0.8338778567084598,57.76915844584733,1.4312385925714466,True,False,True,False,True,2.4933782516822838,0.0,0.0,0.0,0.0,0,0.9984029484029486,0.9385749385749388,False,False,False,False,0.1203747542893038,0.1524261566848437,False,False,False,False,-11037.0,-10104.51964890739,False,False,False,False,463.3977363343127,False,False,False,False
2025-02-26 20:00:00+00:00,43.64,43.76,43.42,43.68,921.0,,,,,,,,,,,,,,,,,,44.00098146588037,43.03557540483559,43.15445823630517,43.18444026574234,43.221305334120665,43.34490020930988,43.30365316647253,,,,,,,,,,,,,,,,,,,42.92047916250582,43.140297263737416,43.14464914353219,43.19782839282114,43.2246194398393,43.379334444486524,42.893929671965296,,,,43.22474654296816,"rgba(38, 166, 154, 0.5)",0.46577028131353976,43.24209146526975,0.9401813561296402,57.56280367922285,1.4312385925714466,True,False,True,False,True,2.7388116932235143,0.0,0.0,0.0,0.0,0,0.9916554178426803,0.9500552214995708,False,False,False,False,0.07007574235539143,0.11125094952011756,False,False,False,False,-10116.0,-10104.69763884681,False,False,False,False,470.49234507331556,False,False,False,False
2025-02-27 15:00:00+00:00,43.065,43.17,42.71,42.71,639.0,,,,,,,,,,,,,,,,,,43.759707932293395,43.02847504462078,43.146922739363504,43.1774821684922,43.21467679928907,43.33819121954056,43.29949103317012,,,,,,,,,,,,,,,,,,,42.91705137832848,43.132575625363586,43.13774429592072,43.1914857018507,43.21864475500345,43.37316409978104,42.893704002954884,,,,43.20209405685519,"rgba(239, 83, 80, 1.0)",0.4466867515989169,43.222606623387556,-1.147575166607645,51.941096505165774,1.4312385925714466,False,False,False,False,False,0.0,0.0,0.0,0.0,0.0,0,0.9705599615477052,0.952415284787311,False,False,False,False,-0.09645484862696081,0.007398050446578375,False,False,False,False,-10755.0,-10114.779845996472,False,False,False,False,473.1048668551246,False,False,False,False
2025-02-27 16:00:00+00:00,42.71,42.92,42.54,42.545,267.0,,,,,,,,,,,,,,,,,,43.67086737804878,43.02237675460848,43.141801982314135,43.17291358605547,43.210482133271995,43.33431442464705,43.29700799100214,,,,,,,,,,,,,,,,,,,42.91097008547008,43.127229841434136,43.13297897418349,43.18737330467723,43.214868232794444,43.369659894979876,42.8930115761251,,,,43.19184686854375,"rgba(255, 0, 0, 1.0)",0.43853531810466884,43.21368207026842,-1.52480779235395,47.484961074645156,4.412763004504143,False,True,False,True,False,0.0,0.0,0.0,0.0,0.0,0,0.9672248803827753,0.9600478468899523,False,False,False,False,-0.15096218721594368,-0.07178206838468265,False,False,False,False,-11022.0,-10128.845274740714,False,False,False,False,469.9094425627971,False,False,False,False
2025-02-27 17:00:00+00:00,42.545,42.545,42.36,42.485,213.0,,,,,,,,,,,,,,,,,,43.59723303750358,43.01492564086519,43.13605978728759,43.1678703549223,43.205933769660945,43.33031159873707,43.29439973462983,,,,,,,,,,,,,,,,,,,42.90240576065151,43.12118668091168,43.12759938145885,43.18286116231214,43.2107762866394,43.36607943691228,42.89196100601496,,,,43.18211454560766,"rgba(255, 0, 0, 1.0)",0.43954765855829747,43.20516233361485,-1.6384169488627498,44.24530638815235,1.376019517606494,False,True,False,True,False,0.0,0.0,0.0,0.0,0.0,0,0.9650324441240089,0.9710406152367221,False,False,False,False,-0.2244395627877312,-0.14811081558620692,False,False,False,False,-11235.0,-10145.994960403648,False,False,False,False,465.92635043004054,False,False,False,False
2025-02-27 18:00:00+00:00,42.485,42.61,42.435,42.455,482.0,,,,,,,,,,,,,,,,,,43.46418490566038,42.999849764117506,43.1241068527688,43.15729882981401,43.19634114252958,43.321765394662854,43.28881508004803,,,,,,,,,,,,,,,,,,,42.88570670110489,43.10864954079781,43.11639391020892,43.17336521354452,43.20212535562177,43.358405577308396,42.88980427635333,,,,43.163343753181486,"rgba(255, 0, 0, 1.0)",0.4488165920877598,43.188622784377486,-1.6345714425683224,41.93916678459913,-0.8548714830286599,False,True,False,True,False,0.0,0.0,0.0,0.0,0.0,0,0.9712705854069001,0.9605721841567499,False,False,False,False,-0.205709088779389,-0.17690995218279798,False,False,False,False,-11717.0,-10170.351627684211,False,False,False,False,466.17555429934225,False,False,False,False
2025-02-27 19:00:00+00:00,42.455,42.69,42.36,42.68,2258.0,,,,,,,,,,,,,,,,,,43.14266778972138,42.94880829015543,43.079812591822844,43.117216056742784,43.159254949773384,43.28749088353333,43.26610951083247,,,,,,,,,,,,,,,,,,,42.83540666522501,43.06269631471563,43.0747345092409,43.13687058154338,43.168387044115306,43.327250266221874,42.881935411473165,,,,43.1063314903655,"rgba(239, 83, 80, 1.0)",0.45311860309239743,43.13728034016972,-1.0091846528677417,42.268129685400055,-0.8548714830286599,False,True,False,True,False,0.0,0.0,0.0,0.0,0.0,0,0.9690043082814747,0.9583532790809002,False,False,False,False,-0.20504284295801992,-0.19097639757040896,False,False,False,False,-9459.0,-10159.322920278255,False,False,False,False,493.9557782636935,False,False,False,False
2025-02-27 20:00:00+00:00,42.68,42.68,42.17,42.17,906.0,,,,,,,,,,,,,,,,,,43.040802399962644,42.920705151067395,43.05654982126124,43.09626833258961,43.140043225055,43.27031994479228,43.254411611619986,,,,,,,,,,,,,,,,,,,42.80503665110404,43.038487083733884,43.052663240495136,43.11778360872439,43.150837620227904,43.311711660846946,42.87652573029828,,,,43.080867577269906,"rgba(255, 26, 202, 1.0)",0.46884588989176956,43.11407527434335,-2.013615336504885,39.832532066548396,-3.3376778258447004,False,True,False,True,False,0.0,0.0,0.0,0.0,0.0,0,0.9657826189912387,0.956073881127161,False,False,False,False,-0.23183985047142736,-0.21140812402091816,False,False,False,False,-10365.0,-10162.511712211926,False,False,False,False,500.3440607712331,False,False,False,False
2025-02-28 15:00:00+00:00,41.655,42.17,41.655,42.17,296.0,,,,,,,,,,,,,,,,,,42.9992999327505,42.90700128829326,43.04578916028262,43.08668475322658,43.13136258166157,43.262833058256625,43.24924938329885,,,,,,,,,,,,,,,,,,,42.78919690436705,43.02722655011825,43.04241627265563,43.109091358219004,43.14291552490208,43.30499256813978,42.87367101188253,,,,43.0694093105753,"rgba(255, 0, 0, 1.0)",0.48414499726664006,43.04225297886876,-1.8016358400753438,38.208800320647285,-5.180380674367541,False,True,False,True,False,0.0,0.0,0.0,0.0,0.0,0,0.9573292582579055,0.9684965322675446,False,False,False,False,-0.34282825441539394,-0.27711818921815606,False,False,False,False,-10365.0,-10165.651065510967,False,False,False,False,497.17593579803565,False,False,False,False
2025-02-28 16:00:00+00:00,42.17,42.17,41.91,41.95,338.0,,,,,,,,,,,,,,,,,,42.95628135854882,42.892037247256624,43.0339001143297,43.07605905768537,43.12171067933144,43.25446879464845,43.243460819133695,,,,,,,,,,,,,,,,,,,42.77210947468587,43.01480521435452,43.03108430213677,43.09943190583912,43.1340923579109,43.29747143323538,42.87047699024026,,,,43.05695641066693,"rgba(255, 26, 202, 1.0)",0.5044538747117002,43.03187683505179,-2.144649668257755,36.05437769704969,-7.5239353014826875,False,True,False,True,False,0.0,0.0,0.0,0.0,0.0,0,0.960558751027116,0.9711233712877101,False,False,False,False,-0.3081745544489371,-0.2926463718335466,False,False,False,False,-10703.0,-10173.982056743354,False,False,False,False,494.7080918321746,False,False,False,False
2025-02-28 17:00:00+00:00,41.95,42.23,41.95,42.1,368.0,,,,,,,,,,,,,,,,,,42.917273267002415,42.87778919643866,43.022290905025436,43.06561207884372,43.112162962215436,43.24608958394615,43.237641312268835,,,,,,,,,,,,,,,,,,,42.75628097078766,43.00271516685681,43.02001016194937,43.08989616332277,43.125341687991224,43.289905091209185,42.86736042093485,,,,43.04502635491375,"rgba(255, 0, 0, 1.0)",0.5178719275392988,43.02336759637299,-1.783003764580232,36.11751792825465,-7.832393009467168,False,True,False,True,False,0.0,0.0,0.0,0.0,0.0,0,0.9564954682779458,0.9912990936555894,False,False,False,False,-0.2947824491383767,-0.29371441048596164,False,False,False,False,-10335.0,-10176.478458964388,False,False,False,False,492.7436252921409,False,False,False,False
2025-02-28 18:00:00+00:00,42.1,42.25,41.91,41.91,742.0,,,,,,,,,,,,,,,,,,42.84260216143195,42.84812253365152,42.998033729314606,43.0437401133139,43.09215475040656,43.228553098685026,43.22537774541429,,,,,,,,,,,,,,,,,,,42.72336641852771,42.97747371772605,42.99683017803409,43.06989592020689,43.10697075563543,43.27405879575766,42.860590394136594,,,,43.02055502230302,"rgba(255, 26, 202, 1.0)",0.5357260628477482,43.00181727239587,-2.0380141048059546,35.12242145998557,-9.20780607448171,False,True,False,True,False,0.0,0.0,0.0,0.0,0.0,0,0.9340659340659341,0.9983093829247677,False,False,False,False,-0.29745252036235426,-0.2955834654241579,False,False,False,False,-11077.0,-10190.44003324401,False,False,False,False,496.6080652100922,False,False,False,False
2025-02-28 19:00:00+00:00,41.91,42.015,41.91,42.015,5.0,,,,,,,,,,,,,,,,,,42.842116899189925,42.84791947355289,42.99786717710446,43.04358971458733,43.09201705295826,43.22843244688391,43.225292998167205,,,,,,,,,,,,,,,,,,,42.723141537592774,42.97730051513572,42.996670845216066,43.06975821667424,43.10684417237634,43.27394970663608,42.86054280031563,,,,43.02038882545649,"rgba(255, 0, 0, 1.0)",0.5494529466118778,43.00166474976665,-1.7957220101389426,35.58842139494344,-9.20780607448171,False,True,False,True,False,0.0,0.0,0.0,0.0,0.0,0,0.938760631834751,1.0001215066828677,False,False,False,False,-0.32914810360856894,-0.31236578451636343,False,False,False,False,-11072.0,-10204.107629627822,False,False,False,False,488.98623474171865,False,False,False,False
2025-02-28 20:00:00+00:00,42.015,42.48,42.015,42.455,647.0,,,,,,,,,,,,,,,,,,42.80646233176019,42.832312128229574,42.98374507353647,43.03052928271915,43.07979088981501,43.21717221172384,43.21736184000468,,,,,,,,,,,,,,,,,,,42.70782920912178,42.962782815931874,42.983156816971764,43.057643892493964,43.09552392867159,43.26361994585188,42.85676547728947,,,,43.006763988865806,"rgba(239, 83, 80, 0.5)",0.5496937558542567,42.99393127572225,-0.9804209525442348,39.97902197548366,-9.20780607448171,False,True,False,True,True,0.0,0.0,0.0,0.0,0.0,0,0.9411480945489631,0.9845634346357939,False,False,False,False,-0.25323712499253326,-0.28280145475444834,False,False,False,False,-10425.0,-10207.532317540568,False,False,False,False,491.4360605596765,False,False,False,False
2025-03-03 15:00:00+00:00,42.455,43.085,42.455,42.765,120.0,,,,,,,,,,,,,,,,,,42.805988434317285,42.83196540667479,42.98291997829486,43.02965846503001,43.0788826516974,43.21614647012894,43.21663606894477,,,,,,,,,,,,,,,,,,,42.7082490122386,42.96199349389981,42.98236789488716,43.05678329738974,43.09465685408476,43.26263067516658,42.85665171137174,,,,43.006109315294744,#000000,0.5483265532590436,42.983107317525366,-0.39776902327457836,45.17033439854193,-10.318109493845824,False,True,False,True,True,0.0,0.0,0.0,0.0,0.0,0,0.9513674197384068,0.968727705112961,False,False,False,False,-0.12058103631450005,-0.2016912455344742,False,False,False,False,-10305.0,-10209.043444400404,False,False,False,False,485.6773619463481,False,False,False,False
2025-03-03 16:00:00+00:00,42.71,42.98,42.7,42.83,156.0,,,,,,,,,,,,,,,,,,42.80647623415895,42.8319982958877,42.98219533111004,43.028828781657324,43.077967898903324,43.215022405772345,43.215839348199125,,,,,,,,,,,,,,,,,,,42.70939697820564,42.96133561029229,42.98167560103962,43.05593537792922,43.09377110935046,43.261527489554794,42.85661834378634,,,,43.00561348613194,#000000,0.5491146682787235,42.9867783868483,-0.28551119812505765,49.08046183619088,-6.76131426710819,False,False,False,False,True,0.0,0.0,0.0,0.0,0.0,0,0.9644984512747203,0.9714081486776271,False,False,False,False,-0.10322220029671579,-0.152456722915595,False,False,False,False,-10149.0,-10208.112538285668,False,False,False,False,480.5660850169474,False,False,False,False
2025-03-03 17:00:00+00:00,42.83,43.045,42.7,42.7,154.0,,,,,,,,,,,,,,,,,,42.806607961197535,42.831881708457665,42.98138152280413,43.027925139266195,43.07699114830804,43.21385609345123,43.215011356574074,,,,,,,,,,,,,,,,,,,42.71032074221338,42.96058120201748,42.98089745144403,43.055022631669566,43.09282948031817,43.26038878493323,42.85654986038095,,,,43.005017505931114,"rgba(239, 83, 80, 0.5)",0.5508067138624669,42.98816789901815,-0.5231742674256912,50.47582159003204,-5.497952059502417,False,False,False,False,True,0.0,0.0,0.0,0.0,0.0,0,0.9605075901328277,0.9692836812144213,False,False,False,False,-0.09518438896347249,-0.12382055593953376,False,False,False,False,-10303.0,-10209.583661723098,False,False,False,False,475.5030449391653,False,False,False,False
2025-03-03 18:00:00+00:00,42.7,42.765,42.39,42.63,312.0,,,,,,,,,,,,,,,,,,42.80018374363467,42.828635185591914,42.97760852555474,43.02424999319781,43.0733911856941,43.21022199845666,43.212427458313854,,,,,,,,,,,,,,,,,,,42.70831258953322,42.95680233457017,42.97728161851561,43.05151880965749,43.089445836237935,43.25696872099855,42.85568081292154,,,,43.00162348663416,"rgba(239, 83, 80, 0.5)",0.547881900208895,42.98246058291511,-0.6433148873520402,50.74469400270101,-5.10149437170962,False,False,False,False,True,0.0,0.0,0.0,0.0,0.0,0,0.9494913225613407,0.993417115499701,False,False,False,False,-0.1687259604713637,-0.14627325820544873,False,False,False,False,-10615.0,-10215.869186347547,False,False,False,False,472.9681140098759,False,False,False,False
2025-03-03 19:00:00+00:00,42.63,42.63,42.26,42.26,373.0,,,,,,,,,,,,,,,,,,42.78558419405322,42.821456622583334,42.9707509384152,43.01781078848604,43.06728404435375,43.20445739259371,43.208317140274865,,,,,,,,,,,,,,,,,,,42.70168507381082,42.94980217298817,42.9707019888529,43.04548936358944,43.08375445685761,43.251633128117795,42.85381192564856,,,,42.9951813736161,"rgba(239, 83, 80, 1.0)",0.547957715209477,42.97182881500228,-1.2990579295523965,47.824231644061456,-5.10149437170962,False,False,False,True,False,0.0,0.0,0.0,0.0,0.0,0,0.9405489632026851,0.9966438930840227,False,False,False,False,-0.20230742515094288,-0.1742903416781958,False,False,False,False,-10988.0,-10227.84020671425,False,False,False,False,471.41822076941264,False,False,False,False
2025-03-03 20:00:00+00:00,42.26,42.26,41.65,41.775,784.0,,,,,,,,,,,,,,,,,,42.724519124249326,42.79109369339241,42.94527707301356,42.99459043348279,43.04587545616895,43.1855468673249,43.19477315777012,,,,,,,,,,,,,,,,,,,42.668527838943064,42.92341613222295,42.94622512455859,43.02407474675529,43.063950723529025,43.23443890307909,42.84590394885875,,,,42.97058665881064,"rgba(255, 26, 202, 1.0)",0.5612470670481962,42.93238733194381,-2.0621708333032958,42.92464098255194,-1.0105885121696545,False,True,False,True,False,0.0,0.0,0.0,0.0,0.0,0,0.9293387443303894,1.0046550489376944,False,False,False,False,-0.33119244791745683,-0.2527413947978263,False,False,False,False,-11772.0,-10251.780668625657,False,False,False,False,476.2644499047706,False,False,False,False
2025-03-04 15:00:00+00:00,41.105,41.22,40.945,40.945,534.0,,,,,,,,,,,,,,,,,,42.64920886252229,42.7527855468324,42.91498166973821,42.96739421843026,43.02119025707098,43.16461545243396,43.17971974763572,,,,,,,,,,,,,,,,,,,42.6240860873113,42.89180752941175,42.91708155896614,42.999193705943945,43.04120527366319,43.215628632944394,42.8357970066917,,,,42.94104968211402,"rgba(255, 26, 202, 1.0)",0.6045526378172733,42.886597708734776,-3.2116272219816624,36.46866470493941,-6.908653658353998,False,True,False,True,False,0.0,0.0,0.0,0.0,0.0,0,0.9250029387563186,1.0061126131421185,False,False,False,False,-0.34282825441539394,-0.29778482460661015,False,False,False,False,-12306.0,-10283.629030352391,False,False,False,False,477.15957471244855,True,False,False,False
2025-03-04 16:00:00+00:00,40.945,41.11,40.9,41.11,106.0,,,,,,,,,,,,,,,,,,42.63508130417979,42.74539383329262,42.909092489431465,42.96209450929527,43.01637028536454,43.16051537163804,43.1767611724192,,,,,,,,,,,,,,,,,,41.04,42.61556863142944,42.88566977267751,42.911412071995045,42.994336958216394,43.03675824406196,43.21193864870342,42.83380786928186,,,,42.80898674413243,"rgba(255, 26, 202, 1.0)",0.6346851386515646,42.78662429344849,-2.641663072512778,33.71093881341687,-9.298451102078502,False,True,False,True,False,0.0,0.0,0.0,0.0,0.0,0,0.9297481760414217,1.0044716403859735,True,False,False,False,-0.34282825441539394,-0.3203065395110021,False,False,False,False,-12200.0,-10313.340208176385,False,False,False,False,471.40516270140284,False,False,False,False
2025-03-04 17:00:00+00:00,41.11,41.495,41.11,41.42,24.0,,,,,,,,,,,,,,,,,,42.632515429547595,42.744023563545646,42.90797860160289,42.96108631029534,43.015448303283314,43.15972099893243,43.17618685288059,,,,,,,,,,,,,,,,,,41.0956923076923,42.614019657513424,42.8845119512576,42.91033932249398,42.993409880640726,43.03590581456259,43.211220716974296,42.833433746687426,,,,42.81169956386068,"rgba(255, 26, 202, 1.0)",0.6480056167034427,42.788092476242426,-2.111235521695372,34.59337109168487,-9.298451102078502,False,True,False,True,False,0.0,0.0,0.0,0.0,0.0,0,0.9336465061655904,0.9976512037580743,False,False,False,False,-0.282801759269031,-0.30155414939001657,False,False,False,False,-12176.0,-10342.218654561248,False,False,False,False,464.46864855099346,False,False,False,False
2025-03-04 18:00:00+00:00,41.42,41.69,41.42,41.69,73.0,,,,,,,,,,,,,,,,,,42.62632254265605,42.74063681955202,42.90515743339734,42.95851536557385,43.013082037541686,43.15765176434956,43.174687854193,,,,,,,,,,,,,,,,,,41.277044334975365,42.610283176013326,42.88158878358998,42.90762123967567,42.99103643123254,43.03371281225155,43.209341667332325,42.83249380615348,,,,42.82127840456585,"rgba(255, 0, 0, 1.0)",0.6593657066719989,42.79418205099057,-1.674612494731771,37.307811917997384,-9.298451102078502,False,True,False,True,True,0.0,0.0,0.0,0.0,0.0,0,0.9392310389155081,0.989832885357018,False,False,False,False,-0.23338362295901177,-0.26746888617451414,False,False,False,False,-12103.0,-10369.517590149446,False,False,False,False,458.39936717810986,False,False,False,False
2025-03-04 19:00:00+00:00,41.69,41.875,41.69,41.8,322.0,,,,,,,,,,,,,,,,,,42.60472384535341,42.72836182165112,42.89463214993023,42.94884617687562,43.00411686254896,43.14968528857332,43.16889646389297,,,,,,,,,,,,,,,,,,41.59063492063492,42.597137204258345,42.87072371399175,42.897472827617264,42.98206747878983,43.02537922554723,43.20206915460051,42.82899574472512,,,,42.83291619193271,"rgba(255, 0, 0, 1.0)",0.6661863494940294,42.80022308495929,-1.5014163615315252,39.955749634425516,-9.298451102078502,False,True,False,True,True,0.0,0.0,0.0,0.0,0.0,0,0.9458450046685344,0.9872782446311861,False,False,False,False,-0.18980415362119932,-0.22863651989785672,False,False,False,False,-11781.0,-10391.401038364183,False,False,False,False,456.2846483071314,False,False,False,False
2025-03-04 20:00:00+00:00,41.8,41.88,41.54,41.73,807.0,,,,,,,,,,,,,,,,,,42.55083947368422,42.69670221291557,42.867451440117414,42.92384695964064,42.98092344554573,43.12909110066367,43.153849865619016,,,,,,,,,,,,,,,,,,41.66699199199199,42.56320503024514,42.84267769847722,42.871237025412285,42.9588514906258,43.0037933724392,43.18325803464943,42.81973427359863,,,,42.814163561041724,"rgba(255, 0, 0, 1.0)",0.6774548420839513,42.779212905590114,-1.5487569656489326,41.261234202899814,-15.631167236018818,False,True,False,True,True,0.0,0.0,0.0,0.0,0.0,0,0.9447095797928068,0.9871959026888607,False,False,False,False,-0.20360739298756772,-0.2161219564427122,False,False,False,False,-12588.0,-10425.456836219002,False,False,False,False,461.7220956201991,False,False,False,False
2025-03-05 15:00:00+00:00,41.73,42.21,41.73,42.185,7.0,,,,,,,,,,,,,,,,,,42.55057162896722,42.69652445564386,42.867286193457396,42.923691736001125,42.980776696500975,43.128955562282265,43.15374991976379,,,,,,,,,,,,,,,,,,41.66895070948469,42.563030744259315,42.842508881796824,42.87107717646626,42.95870555164078,43.00365574038499,43.18313264606968,42.81967808384057,,,,42.81415304843731,"rgba(239, 83, 80, 0.5)",0.6807576727506911,42.779205280334615,-0.8728587339069543,45.54184596692752,-11.403753793882224,False,False,False,True,True,0.0,0.0,0.0,0.0,0.0,0,0.9442065053825677,0.9851834703090638,False,False,False,False,-0.15442197192802462,-0.1852719641853684,False,False,False,False,-12581.0,-10458.876110076071,False,False,False,False,454.6721406493433,False,False,False,False
2025-03-05 16:00:00+00:00,42.18,42.18,42.05,42.105,220.0,,,,,,,,,,,,,,,,,,42.54343338015328,42.691578512396696,42.86256370557654,42.91922593305501,42.97652988472558,43.12498607686989,43.15081503765816,,,,,,,,,,,,,,,,,,41.73142505879837,42.558339474968896,42.83769984646367,42.86650591915653,42.954490760636006,42.999663438716404,43.17944665968216,42.818074764110484,,,,42.81431856353118,"rgba(239, 83, 80, 0.5)",0.6856532165265916,42.77965701086423,-0.983962438449474,47.76798652784285,-9.156450224636345,True,False,False,False,True,0.0,0.0,0.0,0.0,0.0,0,0.9586198857675721,0.984147336519408,False,False,False,False,-0.12732484147736028,-0.15629840283136434,False,False,False,False,-12801.0,-10495.188108369466,False,False,False,False,451.033812887338,False,False,False,False
2025-03-05 17:00:00+00:00,42.105,42.15,42.1,42.1,105.0,,,,,,,,,,,,,,,,,,42.54014622456965,42.68926741960184,42.86034540871239,42.91712488780292,42.974529227973754,43.123111744503085,43.14942683030769,,,,,,,,,,,,,,,,,,41.75573417467948,42.55615934875266,42.835442519653725,42.86435785156284,42.95250575386975,42.99778125148026,43.177704560592815,42.817317498671876,,,,42.81406364684897,"rgba(239, 83, 80, 0.5)",0.6905776730552834,42.779607702913424,-0.9841147917607485,49.20959170433534,-7.568483770362391,True,False,False,False,True,0.0,0.0,0.0,0.0,0.0,0,0.9569457659372028,0.9991674595623219,False,False,False,False,-0.12546335572581377,-0.14088087927858906,False,False,False,False,-12906.0,-10532.565036921878,False,False,False,False,445.6689475712553,False,False,False,False
2025-03-05 18:00:00+00:00,42.1,42.205,42.07,42.155,450.0,,,,,,,,,,,,,,,,,,42.52746579557829,42.68002126458412,42.85132159637543,42.908539498989086,42.966322677607614,43.11536795700438,43.14367187831025,,,,,,,,,,,,,,,,,,41.838241091138435,42.547607111070185,42.8262792864358,42.85561297828566,42.94437209614009,42.9900462022303,43.17048868839075,42.81421332923938,,,,42.81197143009198,"rgba(239, 83, 80, 0.5)",0.6945740349955627,42.77872539329288,-0.897996990769838,50.63888655553706,-5.917324167512788,True,False,False,False,True,0.0,0.0,0.0,0.0,0.0,0,0.9346039309112568,1.002620607504467,False,False,False,False,-0.12313771274253564,-0.13200929601056235,False,False,False,False,-12456.0,-10562.385734023865,False,False,False,False,445.73609567092575,False,False,False,False
2025-03-05 19:00:00+00:00,42.155,42.41,42.155,42.36,191.0,,,,,,,,,,,,,,,,,,42.524533384712406,42.677368434164144,42.8484364944687,42.90572619368981,42.963576802348015,43.11266969500705,43.14164870256951,,,,,,,,,,,,,,,,,,41.87719450469992,42.54552153211944,42.82338497171834,42.85281010350189,42.941670003039796,42.98743684034735,43.16794341314126,42.81322633202582,,,,42.81220982717023,"rgba(239, 83, 80, 0.5)",0.6962759691567362,42.779733195628594,-0.6028259113077481,53.28887730254587,-3.128090625228225,True,False,True,False,True,0.0,0.0,0.0,0.0,0.0,0,0.9399141630901289,0.9965426800190751,False,False,False,False,-0.09625033276023252,-0.11412981438539743,False,False,False,False,-12265.0,-10588.782854426596,False,False,False,False,441.7866988388184,False,False,False,False
2025-03-05 20:00:00+00:00,42.36,42.5,42.33,42.5,992.0,,,,,,,,,,,,,,,,,,42.51925657822907,42.66900311077481,42.83755741447611,42.8947371489263,42.952540222264986,43.10124517512921,43.1329736515848,,,,,,,,,,,,,,,,,,42.04753412192902,42.54109583060467,42.81266589901056,42.84220045621549,42.93091180460345,42.976831034347235,43.15700074086478,42.80951573160208,,,,42.81500459470418,#000000,0.6969266961594645,42.78731483271677,-0.41225976031635064,56.12657739733456,-0.22836643383096344,True,False,True,False,True,0.0,0.0,0.0,0.0,0.0,0,0.9438349630336276,0.9924874791318865,False,False,False,False,-0.0718025377031006,-0.09296617604424902,False,False,False,False,-11273.0,-10599.390872187425,False,False,False,False,450.3171376165111,False,False,False,False
2025-03-06 15:00:00+00:00,41.86,42.61,41.86,42.61,108.0,,,,,,,,,,,,,,,,,,42.51813775233636,42.66780529533517,42.8361652315527,42.89335714911545,42.95117483482329,43.09987030644434,43.13192962819375,,,,,,,,,,,,,,,,,,42.0574449339207,42.540245947942466,42.811280187074814,42.84084405549476,42.92957311998378,42.97552480392155,43.15569253410743,42.809025330989805,,,,42.81453807408242,#000000,0.6970469047254381,42.787289954398766,-0.25434436792829535,58.83559458606658,2.5036422111039656,True,False,True,False,True,0.0,0.0,0.0,0.0,0.0,0,0.9348722176422094,0.9901071723000826,False,False,False,False,-0.10504112593271314,-0.09900365098848107,False,False,False,False,-11165.0,-10608.16000595196,False,False,False,False,445.00989517284427,False,False,False,False
2025-03-06 16:00:00+00:00,42.68,42.85,42.52,42.73,1212.0,,,,,,,,,,,,,,,,,,42.531427896693806,42.669147433472055,42.831851677600895,42.88791489592282,42.94484335461685,43.091716689939844,43.12548045532382,,,,,,,,,,,,,,,,,,42.2261208576998,42.548238596491224,42.807584265044376,42.83653402683093,42.92368700330716,42.96912903164022,43.14745036736358,42.80770668675821,,,,42.823255549247044,#000000,0.6968872684048629,42.802483049060704,-0.10400971914240495,61.511649416216784,5.1800841852075195,True,False,True,False,True,0.0,0.0,0.0,0.0,0.0,0,0.9470719399131559,0.98697335993428,False,False,False,False,-0.022217403880117278,-0.06061052743429918,False,False,False,False,-9953.0,-10598.002486479836,False,False,False,False,456.9012146275288,False,False,False,False
2025-03-06 17:00:00+00:00,42.73,42.74,42.62,42.64,1464.0,,,,,,,,,,,,,,,,,,42.54239745507601,42.6690285009442,42.825763747283254,42.88064016470146,42.93662354088874,43.08149924196401,43.117352094098294,,,,,,,,,,,,,,,,,,42.33218220687387,42.55498773794231,42.80214893560964,42.8304788572356,42.915966109230176,42.96087944332661,43.13717088000623,42.805675817006325,,,,42.82618631547911,#000000,0.6968793050203832,42.81123862433188,-0.24572206851065684,62.00223807933017,5.875124363380074,True,False,True,False,True,0.0,0.0,0.0,0.0,0.0,0,0.9588228313753412,0.9892013765278272,False,False,False,False,-0.023133905543267025,-0.0418722164887831,False,False,False,False,-11417.0,-10610.700122348366,False,False,False,False,472.51514928446636,False,False,False,False
2025-03-06 18:00:00+00:00,42.64,42.675,42.445,42.57,3863.0,,,,,,,,,,,,,,,,,,42.54608836862602,42.657159302325574,42.8025047033451,42.85530834091095,42.90962346464948,43.05059298088505,43.09261019267824,,,,,,,,,,,,,,,,,,42.42197874765352,42.55607866359863,42.78008851638408,42.807511702609055,42.89006739799991,42.93418936141862,43.10652591148713,42.79680511994441,,,,42.813808851634384,#000000,0.6969478698821453,42.80752348904287,-0.3408052442760704,61.31472988140389,5.875124363380074,True,False,True,False,True,0.0,0.0,0.0,0.0,0.0,0,0.9506069983337302,0.9890502261366343,False,False,False,False,-0.045145156633628815,-0.04350868656120596,False,False,False,False,-15280.0,-10683.092368513508,False,False,False,False,525.0808058847072,False,False,False,False
2025-03-06 19:00:00+00:00,42.57,42.81,42.47,42.57,1416.0,,,,,,,,,,,,,,,,,,42.55037244227252,42.65555840964931,42.79665725967734,42.848523411774146,42.902056945863116,43.04130889063494,43.08494451142758,,,,,,,,,,,,,,,,,,42.44624618544601,42.55884902695256,42.774736247638856,42.80168123008765,42.88290008146035,42.92656300002826,43.097120869038584,42.7944201394408,,,,42.81079591009281,#000000,0.6955082204292131,42.80680197252496,-0.34047329070937876,60.856391082786374,5.875124363380074,True,False,True,False,True,0.0,0.0,0.0,0.0,0.0,0,0.9476868327402136,0.9858837485172005,False,False,False,False,-0.03046744737481034,-0.03698806696800815,False,False,False,False,-15280.0,-10754.362254272988,False,False,False,False,538.8935065686652,False,False,False,False
2025-03-06 20:00:00+00:00,42.57,43.04,42.51,43.04,2777.0,,,,,,,,,,,,,,,,,,42.583664623635315,42.670509073320716,42.80053259102673,42.84930557932839,42.90019004299693,43.03414176056305,43.07815882519416,,,,,,,,,,,,,,,,,,42.5281766522836,42.583906158937125,42.78008342026716,42.805166307047166,42.88194329500565,42.92371862783212,43.08863744462883,42.7961641969233,,,,42.82028657326602,#000000,0.69394236720994,42.82082623130495,0.31583857543712013,64.43816441164564,9.106549762577465,True,False,True,False,True,2.0490082913850927,0.0,0.0,0.0,0.0,0,0.9523977433004231,0.9759050305594734,False,False,False,False,-0.0057252623956750995,-0.021356664681841626,False,False,False,False,-12503.0,-10781.472916997436,False,False,False,False,573.5928320482208,False,False,False,False
2025-03-07 15:00:00+00:00,44.35,44.71,43.525,43.525,1104.0,,,,,,,,,,,,,,,,,43.919999999999995,42.637886177367776,42.705258247894456,42.82581524592734,42.871323771382436,42.919368480822186,43.048100447692335,43.08828325907529,,,,,,,,,,,,,,,,,,42.62899503532138,42.626232986121074,42.80679341058945,42.82966912203861,42.90173800270604,42.94122283934898,43.10046004920588,42.80735875018045,,,,42.91615661410461,"rgba(38, 166, 154, 0.5)",0.698089303510376,42.90846520395571,0.8831746782883169,69.21704654229576,13.687852157666079,True,False,True,False,True,5.1289400547396085,0.0,0.0,0.0,0.0,0,0.9687464484600523,0.9487441754744856,False,True,False,False,0.24501711474372198,0.11183022503094017,False,False,False,False,-11399.0,-10791.046980299801,False,False,False,False,581.8161989932096,False,False,False,False
2025-03-07 16:00:00+00:00,43.525,43.645,43.27,43.49,1850.0,,,,,,,,,,,,,,,,,43.6371349582487,42.69075541713984,42.739236366845574,42.84924493590627,42.89121154827285,42.93613976275011,43.058911161171615,43.09579116255727,,,,,,,,,,,,,,,,,,42.71984845825287,42.66868334287038,42.83178726054811,42.852355926779296,42.919282589895936,42.9562980397613,43.10902245343868,42.81821055418493,,,,42.923369621163985,"rgba(38, 166, 154, 0.5)",0.6935714269808486,42.923326851792346,0.8170364668487173,71.87532053782095,16.17501549826457,True,False,True,False,True,4.880597337620035,0.0,0.0,0.0,0.0,0,0.9642048028998643,0.9722473946533756,False,False,False,False,0.11988401337252705,0.11585711920173361,False,False,False,False,-13249.0,-10829.154779054843,False,False,False,False,601.4779633499039,False,False,False,False
2025-03-07 17:00:00+00:00,43.49,44.03,43.315,44.0,2498.0,,,,,,,,,,,,,,,,,43.70335656639765,42.7771101498875,42.79835751314942,42.8930011960449,42.929540721083974,42.96963739499574,43.083174284268026,43.11361129890617,,,,,,,,,,,,,,,,,,42.85525209726546,42.73961306562577,42.87789325224103,42.89488988237017,42.95389267333943,42.98698646006985,43.12951824203169,42.839105790935925,,,,42.97155878678829,"rgba(38, 166, 154, 1.0)",0.703379762354602,42.97626115983893,1.4554567744941247,75.53133866804981,19.58393319789971,True,False,True,False,True,7.969542987684903,0.0,0.0,0.0,0.0,0,0.9759185980780102,0.960655737704918,False,False,False,False,0.1600551610515182,0.1379561401266259,False,False,False,False,-10751.0,-10827.943077053993,False,False,False,False,630.8814057785875,False,False,False,False
2025-03-07 18:00:00+00:00,44.0,44.545,44.0,44.545,2658.0,,,,,,,,,,,,,,,,,43.91965967940814,42.900336256028055,42.88742471932566,42.96292806574937,42.992334558116795,43.0260121846672,43.12732514586498,43.147231342503105,,,,,,,,,,,,,,,,,,43.035432792436424,42.8427273523673,42.950845096879874,42.96308337410021,43.011615871352774,43.03936654639519,43.16826492515271,42.873486863320835,,,,43.05300467335429,"rgba(0, 255, 0, 1.0)",0.7326812293103394,43.061675704852135,2.024515213176807,79.2812667757602,23.038620438065095,True,False,True,False,True,11.041874238148274,0.0,0.0,0.0,0.0,0,0.9928202827013688,0.9442450078528158,False,False,False,False,0.2753823063290336,0.20666922322782977,False,False,False,False,-8093.0,-10785.540858805092,False,False,False,False,662.3096010378341,False,False,False,False
2025-03-07 19:00:00+00:00,44.55,44.58,44.0,44.03,1188.0,,,,,,,,,,,,,,,,,43.95590449559045,42.944060249131425,42.92006758402761,42.988745846254474,43.01558423159176,43.046919186634575,43.14365975780656,43.15977896344005,,,,,,,,,,,,,,,,,,43.09463765023825,42.8802804946991,42.977747212680036,42.98830275229357,43.033037898389544,43.05883427190388,43.18259213301176,42.88676007763009,,,,43.079807050332704,"rgba(38, 166, 154, 1.0)",0.7463657413224071,43.09011514969036,1.2592818751894421,76.10753662773922,23.038620438065095,True,False,True,False,False,7.400138318810768,0.0,0.0,0.0,0.0,0,0.997104032078414,0.9409668077522834,False,False,False,False,0.27884098235303223,0.242755102790431,False,False,False,False,-9281.0,-10762.214643939897,False,False,False,False,670.4598397814336,False,False,False,False
2025-03-07 20:00:00+00:00,44.03,44.675,43.96,44.675,1582.0,,,,,,,,,,,,,,,,,44.02580943627451,43.00790514172412,42.96856393049407,43.02779545054183,43.051009964124944,43.07902415755222,43.1692805312358,43.179666496017646,,,,,,,,,,,,,,,,,,43.179503537594435,42.93545591036415,43.018315492512116,43.02648746236487,43.06585166959751,43.088853150994325,43.20528940574388,42.90709000784912,,,,43.1209938590616,"rgba(0, 255, 255, 0.75)",0.776390806671879,43.133291857190216,1.9857372467076928,76.17421647970282,23.038620438065095,True,False,True,False,False,10.86904566696182,0.0,0.0,0.0,0.0,0,0.9951600483995162,0.9382906170938291,False,False,False,False,0.28428924847386794,0.26352217563214947,False,False,False,False,-7699.0,-10714.72294403385,False,True,False,False,684.5922453662175,False,False,False,False
2025-03-10 14:00:00+00:00,43.055,43.54,42.955,43.08,507.0,,,,,,,,,,,,,,,,,43.98866968180088,43.01039012767168,42.97082709750566,43.02919968112316,43.052124786351506,43.07985197908815,43.16942179241449,43.17972609717869,,,,,,,,,,,,,,,,,,43.1797451418273,42.9383341088363,43.0198466872245,43.02787139402552,43.066787282310024,43.08956604986391,43.205210845200725,42.90828127537189,,,,43.11974087673715,#000000,0.7768630498344767,43.13249653430783,-0.06757501765468213,66.6569160317496,23.70543889915828,True,False,True,False,False,1.0249077029159928,0.0,0.0,0.0,0.0,0,0.9713586030664398,0.9380323679727428,False,False,False,False,0.08101647421706479,0.17226932492460711,False,False,False,False,-8206.0,-10675.828014668983,False,False,False,False,681.8388772210049,False,False,False,False
2025-03-10 15:00:00+00:00,43.08,43.62,42.955,43.08,1432.0,,,,,,,,,,,,,,,,,43.902616038692564,43.01804028362964,42.977720992504985,43.03366912549368,43.05576409276248,43.08266801571523,43.17027827370036,43.18026019527527,,,,,,,,,,,,,,,,,,43.18179508581886,42.94694502906394,43.024678032556515,43.03227435628379,43.0699048508356,43.09203945397557,43.205421162197254,42.91190433058337,,,,43.11787370744307,#000000,0.776883569835923,43.13170996930229,-0.06656077089288336,60.31204906644745,18.121642702306346,True,False,True,False,False,1.0249077029159928,0.0,0.0,0.0,0.0,0,0.9706315789473686,0.9363157894736844,False,False,False,False,0.08839745909477498,0.13033339200969105,False,False,False,False,-8206.0,-10637.536107464812,False,False,False,False,693.4692822253303,False,False,False,False
2025-03-10 16:00:00+00:00,43.08,43.08,43.08,43.08,0.0,,,,,,,,,,,,,,,,,43.902616038692564,43.01804028362964,42.977720992504985,43.03366912549368,43.05576409276248,43.08266801571523,43.17027827370036,43.18026019527527,,,,,,,,,,,,,,,,,,43.18179508581886,42.94694502906394,43.024678032556515,43.03227435628379,43.0699048508356,43.09203945397557,43.205421162197254,42.91190433058337,,,,43.11787370744307,#000000,0.7772100542764452,43.13170996930229,-0.06653281055458597,56.08213775624601,14.489424069498824,True,False,True,False,False,1.0249077029159928,0.0,0.0,0.0,0.0,0,0.9721395150999578,0.9564015312632924,False,False,False,False,0.0501947742636046,0.09026408313664783,False,False,False,False,-8206.0,-10599.83787324055,False,False,False,False,682.7178204854026,False,False,False,False
2025-03-10 17:00:00+00:00,43.08,43.14,42.575,42.575,120.0,,,,,,,,,,,,,,,,,43.892050003864284,43.0172574531298,42.97722175864834,43.03313484743678,43.055228505291,43.08212477554106,43.16968200281653,43.17977741752869,,,,,,,,,,,,,,,,,,43.179940476190474,42.946473060006284,43.02414604219322,43.0317543704181,43.069377264687596,43.091511206938875,43.20482820673314,42.91175898978535,,,,43.11664164882559,"rgba(239, 83, 80, 0.5)",0.7759560333973131,43.13054276777426,-0.715946192649553,50.96191258285077,9.927453274445114,False,False,False,False,False,0.0,0.0,0.0,0.0,0.0,0,0.9613715737115041,0.9553391893322046,False,False,False,False,0.009389579488027794,0.04982683131233781,False,False,False,False,-8326.0,-10564.584572880232,False,False,False,False,673.9935131910553,False,False,False,False
2025-03-10 18:00:00+00:00,42.525,42.525,41.54,41.575,2373.0,,,,,,,,,,,,,,,,,43.580229558516194,42.952097930801365,42.928919982685585,42.989762750101704,43.01415185168819,43.04300085947179,43.13336564970949,43.15068094272283,,,,,,,,,,,,,,,,,,43.075191291158724,42.894885303490504,42.979872045746085,42.98933975294081,43.03023336985516,43.05419595728847,43.17059711893381,42.89217834293026,,,,43.05491891925256,"rgba(255, 0, 0, 1.0)",0.7863849205339387,43.06921035746811,-1.9001004704586253,44.23592460395257,3.872725267911534,False,True,False,True,False,0.0,0.0,0.0,0.0,0.0,0,0.9432962924498913,0.9619898224114656,False,False,False,False,-0.14271685778731752,-0.046445013237489854,False,False,False,False,-10699.0,-10566.668532990616,False,False,False,False,700.3346990330544,False,False,False,False
2025-03-10 19:00:00+00:00,41.55,42.33,41.47,42.0,4461.0,,,,,,,,,,,,,,,,,43.208672179234306,42.85303718557915,42.852825817542175,42.91999824826307,42.94751377486617,42.979022949138816,43.073034042585185,43.10152022643468,,,,,,,,,,,,,,,,,,42.92497517939644,42.81473501127347,42.90890436016315,42.92096655974687,42.96632251014402,42.992847964337564,43.113283317065076,42.85914842356429,,,,42.96480048433341,"rgba(239, 83, 80, 1.0)",0.7887218077941143,42.97885609761682,-1.2410663531093054,42.162685604439915,2.050944524105148,False,True,False,True,False,0.0,0.0,0.0,0.0,0.0,0,0.9412545974662856,0.9666939109113201,False,False,False,False,-0.1675818867185741,-0.10701344997803197,False,False,False,False,-6238.0,-10499.55739294425,False,False,False,False,758.6395874201388,False,False,False,False
2025-03-11 14:00:00+00:00,42.15,42.15,41.65,41.65,158.0,,,,,,,,,,,,,,,,,43.19763726523171,42.849480261824084,42.85002844986672,42.91742364495643,42.945049715909086,42.976654220192955,43.07080087748905,43.099685119564164,,,,,,,,,,,,,,,,,,42.9198350847325,42.811797109819416,42.906287349175294,42.91843996022609,42.96395492818227,42.9905723114099,43.1111594788859,42.85787807505327,,,,42.96166774078243,"rgba(255, 0, 0, 1.0)",0.7973163489859503,42.975698738025926,-1.6627010592620972,39.66207565974897,-0.43420149925130147,False,True,False,True,False,0.0,0.0,0.0,0.0,0.0,0,0.9457050243111834,0.9706239870340357,False,False,False,False,-0.1675818867185741,-0.13729766834830304,False,False,False,False,-6396.0,-10435.9363480924,False,False,False,False,749.3273457547103,False,False,False,False
2025-03-11 15:00:00+00:00,41.65,42.09,41.59,41.59,307.0,,,,,,,,,,,,,,,,,43.1757784860164,42.84224089938071,42.84432291932258,42.91218447839021,42.940039573005215,42.97184254251297,43.066277864352706,43.0959683346705,,,,,,,,,,,,,,,,,,42.909446933333335,42.805796608808954,42.90096005031446,42.91329803644542,42.95914326638885,42.985950998332726,43.10686225676109,42.8552768416355,,,,42.95533688060448,"rgba(255, 0, 0, 1.0)",0.8047134513220612,42.96931396551808,-1.7140436303780047,37.801630725210636,-2.4948539443217186,False,True,False,True,False,0.0,0.0,0.0,0.0,0.0,0,0.9442655935613686,0.9742454728370221,False,False,False,False,-0.17890759919990637,-0.15810263377410472,False,False,False,False,-6703.0,-10378.061365951433,False,False,False,False,742.4695574484358,False,False,False,False
2025-03-11 16:00:00+00:00,41.47,41.68,41.42,41.66,410.0,,,,,,,,,,,,,,,,,43.14422405721296,42.83123015278878,42.83561882817643,42.90424225817294,42.93246220759535,42.964584659228876,43.05950785094916,43.090410510653456,,,,,,,,,,,,,,,,,41.586666666666666,42.893855732835036,42.79660713081954,42.89287633763376,42.90550259886682,42.95187670295329,42.97898684955895,43.100448391423214,42.85128737906771,,,,42.86590519497664,"rgba(255, 0, 0, 1.0)",0.8115865176773207,42.88475524055913,-1.509087711393063,37.0336452338032,-3.702314306547649,False,True,False,True,False,0.0,0.0,0.0,0.0,0.0,0,0.9366492682427595,1.0047078088220245,False,False,False,False,-0.23435067485724972,-0.1962266543156772,False,False,False,False,-6293.0,-10314.727081208,False,False,False,False,737.3149906662895,False,False,False,False
2025-03-11 17:00:00+00:00,41.75,41.88,41.45,41.69,1368.0,,,,,,,,,,,,,,,,,43.05282786761143,42.798313071909014,42.80938499232787,42.88011612579698,42.90937162352373,42.9423980431315,43.03866380873868,43.073210805407435,,,,,,,,,,,,,,,,,41.65334833145857,42.847672161830744,42.7690495447834,42.86835210011564,42.88180903451313,42.92968264240486,42.95765936698986,43.08063720466116,42.83905576977572,,,,42.8430324997047,"rgba(239, 83, 80, 1.0)",0.8118533074347338,42.86013879353637,-1.4413180100648213,36.742195866130274,-4.616444273163083,False,True,False,True,False,0.0,0.0,0.0,0.0,0.0,0,0.9184440381880972,0.998578102782856,False,False,False,False,-0.2122132514152187,-0.20421995286544797,False,False,False,False,-4925.0,-10231.165421034233,False,False,False,False,747.093052826502,False,False,False,False
2025-03-11 18:00:00+00:00,41.84,42.18,41.84,42.18,779.0,,,,,,,,,,,,,,,,,43.01912663595817,42.78665760054534,42.79996006277014,42.871137222395404,42.9006623903276,42.93391261173856,43.03041146253389,43.066301723530245,,,,,,,,,,,,,,,,,41.77926737061661,42.83119855409943,42.75937221436152,42.85927580042728,42.87297995949259,42.92123530939277,42.94944798703373,43.07268461466178,42.834515492908146,,,,42.840479236046654,"rgba(239, 83, 80, 0.5)",0.792548904336943,42.856086542717094,-0.8530534065689197,39.922691760068105,-4.616444273163083,False,True,False,True,False,0.0,0.0,0.0,0.0,0.0,0,0.925022674594377,0.9894185226242064,False,False,False,False,-0.1469260616483081,-0.17557300725687802,False,False,False,False,-4146.0,-10136.821771095718,False,False,False,False,747.5877341780291,False,False,False,False
2025-03-11 19:00:00+00:00,42.18,42.28,41.89,41.98,1083.0,,,,,,,,,,,,,,,,,42.975171357176755,42.77069617003115,42.78695872218042,42.85872682826986,42.88861322190106,42.92216384998998,43.0189743672602,43.05669497516824,,,,,,,,,,,,,,,,,41.85981776556776,42.80894318032356,42.74603986255489,42.846735441407915,42.86077121344949,42.909538773671834,42.93806961803527,43.061653835555965,42.82815627042697,,,,42.831630908998314,"rgba(239, 83, 80, 1.0)",0.7806215356892895,42.84599440038159,-1.1093652439615587,40.99580500887609,-4.616444273163083,False,True,False,True,True,0.0,0.0,0.0,0.0,0.0,0,0.9261049028490892,0.9921473874962247,False,False,False,False,-0.13291462139639879,-0.15424381432663842,False,False,False,False,-5229.0,-10060.73151107873,False,False,False,False,752.7879243458116,False,False,False,False
2025-03-12 14:00:00+00:00,42.215,42.215,42.0,42.0,176.0,,,,,,,,,,,,,,,,,42.9685605304731,42.768243386032424,42.78494918618077,42.856798430619165,42.88673702181335,42.92033067989304,43.01718186346713,43.055184129723074,,,,,,,,,,,,,,,,,41.86958857442348,42.80554550373998,42.74398637231325,42.84478853271676,42.85887339437004,42.90771472158657,42.936292091172604,43.05992155732083,42.827161053056464,,,,42.83010923699424,"rgba(239, 83, 80, 1.0)",0.7786524974028105,42.84430501876868,-1.0843155600025074,41.854845101566454,-4.616444273163083,False,True,False,True,True,0.0,0.0,0.0,0.0,0.0,0,0.9275990723000909,0.9927397398406775,False,False,False,False,-0.12872153128505023,-0.1414826728058443,False,False,False,False,-5053.0,-9983.092262844952,False,False,False,False,743.8454759063416,False,False,False,False
2025-03-12 15:00:00+00:00,42.0,42.055,41.99,41.99,52.0,,,,,,,,,,,,,,,,,42.96649637711219,42.76745985275471,42.78430785711627,42.856187081217676,42.88614365320501,42.919752387596326,43.01662003259372,43.054711452190354,,,,,,,,,,,,,,,,,41.87149862116512,42.80446604607379,42.74332811878792,42.8441706837046,42.858271816510076,42.90713874844967,42.9357319602041,43.05937990427453,42.82684420002889,,,,42.829559340763815,"rgba(239, 83, 80, 1.0)",0.7793211876456555,42.84371195130559,-1.0954558464972213,42.365886169681374,-4.616444273163083,False,True,False,True,True,0.0,0.0,0.0,0.0,0.0,0,0.9336242768699891,0.9906627423119861,False,False,False,False,-0.14458698626966285,-0.1430348295377536,False,False,False,False,-5105.0,-9907.462925436503,False,False,False,False,733.1191894581813,False,False,False,False
2025-03-12 16:00:00+00:00,41.99,42.39,41.99,42.32,102.0,,,,,,,,,,,,,,,,,42.963407206983916,42.76637701323051,42.7834129764388,42.85530454572815,42.88527651529949,42.91889655579866,43.01576248385517,43.0539822978042,,,,,,,,,,,,,,,,,41.88079513014274,42.80294679880037,42.74243050402912,42.84328339504413,42.85740259179461,42.90629024226636,42.93489830114032,43.05854350106383,42.82639220722334,,,,42.829141309802566,"rgba(239, 83, 80, 0.5)",0.7761940641522237,42.843177451412465,-0.6740291836473796,45.275522260566994,-4.616444273163083,False,True,False,True,True,0.0,0.0,0.0,0.0,0.0,0,0.9497351749922113,0.9754907051614912,False,False,False,False,-0.11338417154513045,-0.12820950054144203,False,False,False,False,-5003.0,-9831.424740546014,False,False,False,False,723.3343958231707,False,False,False,False
2025-03-12 17:00:00+00:00,42.32,42.52,42.32,42.46,95.0,,,,,,,,,,,,,,,,,42.96133515752513,42.76574935195471,42.78288420567284,42.8547484115313,42.884718081785536,42.91833335368235,43.01516920074629,43.05346956995606,,,,,,,,,,,,,,,,,41.89370807708077,42.80203334200486,42.74192464282432,42.84272952665385,42.85685394508072,42.905736182701546,42.93434447221091,43.05795445229028,42.826113610532886,,,,42.82928268142555,#000000,0.7761472647484481,42.843187187974394,-0.4937042303416287,48.20983428468028,-7.868378406860103,False,True,False,False,True,0.0,0.0,0.0,0.0,0.0,0,0.9431865392604906,0.9727877025342748,False,False,False,False,-0.07088183688727226,-0.09954566871435715,False,False,False,False,-4908.0,-9755.09257402592,False,False,False,False,713.5927772832765,False,False,False,False
2025-03-12 18:00:00+00:00,42.46,42.67,42.38,42.64,706.0,,,,,,,,,,,,,,,,,42.95009963079957,42.76295352871359,42.78044712954518,42.85192185983036,42.88179376637882,42.91529945930677,43.0117744693229,43.05047881626938,,,,,,,,,,,,,,,,,41.9927974568574,42.797728375823844,42.739778653368276,42.839952126835705,42.85405869921988,42.90278096984514,42.931324748388874,43.05451532102924,42.82473668455336,,,,42.83190833506402,#000000,0.7706338797227236,42.8448760076731,-0.2658538808945371,51.40729495065503,-4.633849525520894,False,False,True,False,True,0.0,0.0,0.0,0.0,0.0,0,0.9517370501352198,0.965467027251924,False,False,False,False,-0.05157239927871994,-0.07555903399653854,False,False,False,False,-4202.0,-9668.998115513892,False,False,False,False,713.4750598060164,False,False,False,False
2025-03-12 19:00:00+00:00,42.64,42.87,42.62,42.79,554.0,,,,,,,,,,,,,,,,42.76,42.94597980153607,42.76292186008103,42.78027056445746,42.85122751402106,42.88093031241468,42.9142649263303,43.01029880168991,43.04909458436554,,,,,,,,,,,,,,,,,42.07261533646322,42.797201889168775,42.73996754232144,42.83933328676212,42.85336102594312,42.90182047421294,42.9302374706455,43.052917140095865,42.82447159579474,,,,42.831495229239096,#000000,0.7682943082856104,42.83266016057026,-0.055525805814515536,54.532700425534145,-1.5556151612493991,False,False,True,False,True,0.5803206622554953,0.0,0.0,0.0,0.0,0,0.9511586823235998,0.9637327236828431,False,False,False,False,-0.011221853926933936,-0.04339044396173624,False,False,False,False,-3648.0,-9575.649307521428,False,False,False,False,711.0025782586363,False,False,False,False
2025-03-13 14:00:00+00:00,41.75,42.555,41.75,42.555,75.0,,,,,,,,,,,,,,,,42.70356120826709,42.944051083027794,42.76223154178665,42.77969420269547,42.85065078024616,42.88036050490715,42.913699447774874,43.009725079371805,43.04860303788328,,,,,,,,,,,,,,,,,42.075588271604936,42.79623922061597,42.73939502888032,42.838754780181425,42.85279254275675,42.9012607617869,42.92968501774063,43.052354641583555,42.8241736231156,,,,42.827934487457014,#000000,0.7621902295003956,42.82936403286248,-0.35996792171203873,54.372725911820446,-1.5182440136520015,False,False,True,False,True,0.0,0.0,0.0,0.0,0.0,0,0.9278487480838019,0.9706693919264178,False,False,False,False,-0.1203486872788953,-0.08186956562031578,False,False,False,False,-3723.0,-9484.910558567606,False,False,False,False,701.1420731693551,False,False,False,False
2025-03-13 15:00:00+00:00,42.555,42.765,42.555,42.6,337.0,,,,,,,,,,,,,,,,42.68138716356107,42.94010632017965,42.76144060419867,42.77896509622929,42.849688265495196,42.87932937437411,42.91259582096933,43.00841261648445,43.04742277231117,,,,,,,,,,,,,,,,,42.10874266457498,42.7949265805744,42.73883414266577,42.837824329392795,42.851837680812054,42.90019698104696,42.928571949787354,43.05099895288639,42.82371625289541,,,,42.827499864913285,#000000,0.7577662288975255,42.82885426330729,-0.30201169513749765,54.62291624120641,-0.9311326969466336,False,False,True,False,True,0.0,0.0,0.0,0.0,0.0,0,0.9426992735086465,0.9686892458815102,False,False,False,False,-0.02680031620782343,-0.0543349409140696,False,False,False,False,-3386.0,-9390.353805721596,False,False,False,False,695.4964596318456,False,False,False,False
2025-03-13 16:00:00+00:00,42.6,42.66,42.39,42.39,224.0,,,,,,,,,,,,,,,,42.64347899159663,42.93617243660699,42.76023529111859,42.777931509034026,42.84856887633259,42.87819393670136,42.911439478918055,43.007168743913645,43.04633542073024,,,,,,,,,,,,,,,,,42.12269361963876,42.79317768246728,42.737866925797405,42.836714350999145,42.85073191724747,42.899062818813505,42.92742923428597,43.04975388079848,42.82314982797138,,,,42.82500583016508,"rgba(239, 83, 80, 0.5)",0.7510834396611684,42.826445149539296,-0.5810874351539242,52.787118416319636,-0.9311326969466336,False,False,True,False,True,0.0,0.0,0.0,0.0,0.0,0,0.9347715477765343,0.9703877073369288,False,False,False,False,-0.05157239927872123,-0.052953670096395414,False,False,False,False,-3610.0,-9300.735917260794,False,False,False,False,688.1864370018944,False,False,False,False
2025-03-13 17:00:00+00:00,42.39,42.42,41.87,41.935,351.0,,,,,,,,,,,,,,,,42.51399415963659,42.924787445072184,42.75566748963379,42.77414401138009,42.844915891957825,42.874631223330084,42.9079506284338,43.003742980591724,43.04342745409107,,,,,,,,,,,,,,,,,42.12004145542881,42.78698208272913,42.73400812671034,42.83302975386565,42.84713392180699,42.89559218551893,42.924040064792365,43.04643469248505,42.82122288019097,,,,42.81398591375863,"rgba(239, 83, 80, 1.0)",0.7542572863777798,42.815932250055106,-1.167946622412709,48.12684968068564,3.5180249638009826,False,True,False,True,False,0.0,0.0,0.0,0.0,0.0,0,0.9278288079135966,0.9754718885636416,False,False,False,False,-0.12174296442395183,-0.08734831726017361,False,False,False,False,-3961.0,-9217.949313892408,False,False,False,False,682.9587403041907,False,False,False,False
2025-03-13 18:00:00+00:00,41.89,42.16,41.89,42.11,310.0,,,,,,,,,,,,,,,,42.436844048262195,42.91472970960536,42.75155678278108,42.77073009131234,42.84162819258921,42.871426299601794,42.90481389832782,43.00066815210624,43.04081646859997,,,,,,,,,,,,,,,,,42.11691860465116,42.78143457651374,42.73052641421225,42.82971289841547,42.843895454425805,42.892470881001614,42.92099329886821,43.04345699252338,42.81948007877704,,,,42.806227935698594,"rgba(239, 83, 80, 0.5)",0.7557399691036718,42.80841604680163,-0.9241486163950984,46.71831685589166,2.093154699367652,False,True,False,True,False,0.0,0.0,0.0,0.0,0.0,0,0.9257950530035338,0.9857647652700655,False,False,False,False,-0.14411936048232357,-0.11573383887124859,False,False,False,False,-3651.0,-9131.640022204152,False,False,False,False,677.176434252963,False,False,False,False
2025-03-13 19:00:00+00:00,42.11,42.11,41.74,41.74,480.0,,,,,,,,,,,,,,,,42.3187466037466,42.89627066569129,42.74357947422584,42.76412413611797,42.83537702401078,42.86537176294924,42.898928511162644,42.99499913463969,43.03602804582899,,,,,,,,,,,,,,,,41.86333333333334,42.09977963953816,42.770809685689265,42.72371209516793,42.823389114589,42.83774017210262,42.88659925196023,42.91529367627686,43.038003398511584,42.81613173753173,,,,42.74359039279335,"rgba(239, 83, 80, 1.0)",0.7609885699558967,42.73639280509308,-1.3093400406143112,43.36030757918162,-1.1545031247796018,False,True,False,True,False,0.0,0.0,0.0,0.0,0.0,0,0.9218467109233557,0.9861194930597464,False,False,False,False,-0.16287554356008457,-0.13930469121566658,False,False,False,False,-4131.0,-9054.11071953432,False,False,False,False,674.1194352722969,False,False,False,False
2025-03-14 14:00:00+00:00,41.8,41.95,41.8,41.84,41.0,,,,,,,,,,,,,,,,42.31087478920742,42.89472395700181,42.74290471649902,42.76356433342427,42.83484677133226,42.864857974204405,42.89842888297913,42.99451752473878,43.035620839473545,,,,,,,,,,,,,,,,41.86333333333334,42.09842246488404,42.76991353148033,42.7231349998364,42.82285279250063,42.8372179887679,42.88610082133408,42.91480967984468,43.037539906329194,42.81584682016983,,,,42.742605901439,"rgba(239, 83, 80, 1.0)",0.7649768411968324,42.735391100927615,-1.1704813174824238,42.13227394967585,-2.4085160335361735,False,True,False,True,False,0.0,0.0,0.0,0.0,0.0,0,0.9299060700939301,0.9843450156549842,False,False,False,False,-0.1722955964859654,-0.15580014385081598,False,False,False,False,-4090.0,-8977.147762642313,False,False,False,False,664.3036300742767,False,False,False,False
2025-03-14 15:00:00+00:00,41.84,42.25,41.84,42.14,103.0,,,,,,,,,,,,,,,,42.30112794612794,42.891658176878664,42.741624182823585,42.76249360594456,42.83380917582343,42.86384400174857,42.89743409531644,42.9935372707195,43.03478503995419,,,,,,,,,,,,,,,,41.89854700854701,42.09811321188702,42.76819794494767,42.722047504722696,42.82180705979462,42.836195448809974,42.88511153960248,42.91384204253347,43.036588391194684,42.81529194482503,,,,42.74295029432639,"rgba(239, 83, 80, 0.5)",0.7657891060565376,42.73559420150892,-0.7777522516296336,44.109661131279395,-2.4085160335361735,False,True,False,True,False,0.0,0.0,0.0,0.0,0.0,0,0.9338494018296977,0.9708454810495626,False,False,False,False,-0.14038058918821536,-0.14809036651951568,False,False,False,False,-3987.0,-8899.781130663363,False,False,False,False,655.60124821266,False,False,False,False
2025-03-14 16:00:00+00:00,42.14,42.54,42.14,42.54,387.0,,,,,,,,,,,,,,,,42.3153989051945,42.8849238754739,42.73922258658168,42.76042173206547,42.831624058162575,42.86164483170088,42.89521199925121,42.99119172777033,43.0327348239488,,,,,,,,,,,,,,,,42.09304978569074,42.113757150967295,42.76486732685838,42.72006664935513,42.81963254966183,42.834036564195124,42.88292451158724,42.91165152580456,43.03425333652618,42.814142677877975,,,,42.75267140098283,#000000,0.7652031055822425,42.744611891888546,-0.26739553250095327,48.41564716492182,-7.196182780588202,False,True,False,False,True,0.0,0.0,0.0,0.0,0.0,0,0.9361766485178467,0.973885864085501,False,False,False,False,-0.08562852521731651,-0.1168594458684161,False,False,False,False,-3600.0,-8817.613981350753,False,False,False,False,651.4368877752545,False,False,False,False
2025-03-14 17:00:00+00:00,42.54,42.56,42.445,42.54,114.0,,,,,,,,,,,,,,,,42.32304491487455,42.8834169495563,42.73875001540641,42.76000150199764,42.83114764267989,42.86115433309335,42.89470555932044,42.990631756477974,43.03223749698062,,,,,,,,,,,,,,,,42.135807407407405,42.119661589432475,42.76419107987908,42.719687942113495,42.819163231842715,42.83356490427218,42.882429756063026,42.91114751570678,43.033686954219846,42.813895045009055,,,,42.75517503138597,#000000,0.7606131772493299,42.74695057527257,-0.27208386794058015,51.28630452068344,-4.509638826552731,False,False,True,False,True,0.0,0.0,0.0,0.0,0.0,0,0.9333198625985051,0.9777732875328349,False,False,False,False,-0.05570641394014693,-0.08628292990428152,False,False,False,False,-3600.0,-8736.720741329811,False,False,False,False,643.1045329260257,False,False,False,False
2025-03-14 18:00:00+00:00,42.54,42.695,42.5,42.58,64.0,,,,,,,,,,,,,,,,42.32870010964913,42.882751256729286,42.73857619012445,42.75983984074106,42.83094551704734,42.860940427467014,42.894479120451436,42.99036854348783,43.03200003649368,,,,,,,,,,,,,,,,42.16034482758621,42.12352899756753,42.76392934464831,42.7195553505734,42.81896664011196,42.833364301911224,42.88221041568441,42.91091977515657,43.03341644514142,42.81379181576023,,,,42.75676994507013,#000000,0.7429683404795041,42.74845282189998,-0.22672947516345757,53.50626304591121,-2.397670997063017,False,False,True,False,True,0.0,0.0,0.0,0.0,0.0,0,0.9345274235984622,0.9760170006071645,False,False,False,False,-0.038262944971626224,-0.06227293743795387,False,False,False,False,-3536.0,-8656.089412006868,False,False,False,False,634.1261680744594,False,False,False,False
2025-03-14 19:00:00+00:00,42.58,42.67,42.5,42.5,584.0,,,,,,,,,,,,,,,,42.36543644223694,42.876100420261,42.736635396494805,42.75807485199177,42.828849264513416,42.85875243184671,42.89219136303545,42.98777322936307,43.029673681064196,,,,,,,,,,,,,,,,42.290887384846776,42.15366031367878,42.761099290780145,42.718030341894035,42.816914484113674,42.831286196238786,42.87998484032589,42.908630350983955,43.0307688930729,42.81270653098295,,,,42.765129247775015,#000000,0.7154284106818252,42.756240142789686,-0.3581632193575891,54.099888153549955,-1.69636508374154,False,False,True,False,True,0.0,0.0,0.0,0.0,0.0,0,0.9365336028297122,0.9711975745325921,False,False,False,False,-0.0405565808713583,-0.051414759154656084,False,False,False,False,-4120.0,-8585.762444378854,False,False,False,False,633.3490181818321,False,False,False,False
2025-03-17 14:00:00+00:00,43.22,43.34,42.78,42.78,164.0,,,,,,,,,,,,,,,,42.39146647307286,42.87661619844659,42.73732253226961,42.75858248009099,42.829144422969755,42.85896990996746,42.89233273146754,42.98773782001446,43.029587203950115,,,,,,,,,,,,,,,,42.34810359662709,42.16923842349184,42.761884520426705,42.71868232547727,42.81724277827532,42.831571123630575,42.88015093626831,42.90873548807563,43.030669081391736,42.81288880466822,,,,42.77057509739905,#000000,0.6984802872748963,42.76149643368716,0.026491178992374666,56.77649626264818,1.0133480595754776,True,False,True,False,True,1.053234606339963,0.0,0.0,0.0,0.0,0,0.9358411494711638,0.9605867092396726,False,False,False,False,0.04652207276160367,-0.0024463431965262086,False,False,False,False,-3956.0,-8513.983181675307,False,False,False,False,626.0722892177727,False,False,False,False
2025-03-17 15:00:00+00:00,42.78,42.945,42.78,42.855,103.0,,,,,,,,,,,,,,,,42.403869185299406,42.87655697808535,42.73755225282549,42.758737251764366,42.829185870099145,42.8589712121026,42.8922942316659,42.98760337151753,43.029441146220925,,,,,,,,,,,,,,,,42.37394934640523,42.177452281998,42.762119339173275,42.71891467794715,42.81730156717213,42.8316086518169,42.880126714979774,42.90868010195073,43.03050234438974,42.81292380808109,,,,42.77304159649973,#000000,0.6860341834783524,42.763870856552124,0.1328346978073699,59.11737030448258,3.37184784724937,True,False,True,False,True,1.5034936712362779,0.0,0.0,0.0,0.0,0,0.9342380999900214,0.9694641253367927,False,False,False,False,0.01030569889684887,0.003929677850161331,False,False,False,False,-3853.0,-8441.719876533054,False,False,False,False,617.9626413229234,False,False,False,False
2025-03-17 16:00:00+00:00,42.855,42.855,42.73,42.77,149.0,,,,,,,,,,,,,,,,42.417925742574255,42.87608735814199,42.73768043417822,42.758795102648236,42.82910017615104,42.85883619175955,42.89210973264088,42.98729535684162,43.02913697783567,,,,,,,,,,,,,,,,42.401928582305466,42.18772632693982,42.76219828185061,42.71907148772174,42.81723744687652,42.831519816650655,42.87996159521589,42.90847710423986,43.03015587211981,42.81289382726723,,,,42.77569144283995,#000000,0.6715226210862434,42.766412494105914,0.005342345561324147,59.54628559274477,3.9989729823119475,True,False,True,False,True,0.9685492009041781,0.0,0.0,0.0,0.0,0,0.9418978689183757,0.9706473663047849,False,False,False,False,-0.002519098388444015,0.0007052897308586579,False,False,False,False,-4002.0,-8372.887010230215,False,False,False,False,610.6919026977619,False,False,False,False
2025-03-17 17:00:00+00:00,42.77,43.015,42.77,43.015,104.0,,,,,,,,,,,,,,,,42.43086068211068,42.876291576624475,42.738048668669386,42.75906304431256,42.829241083034354,42.85893098343405,42.89215915116305,42.98723815639269,43.02905384131857,,,,,,,,,,,,,,,,42.42603067306295,42.196424378388485,42.762609417109424,42.71942576340529,42.81739807978002,42.831655084164744,42.88002617983802,42.908505547303356,43.03006059057675,42.81298401749218,,,,42.77821089043059,#000000,0.6742332983029307,42.76885129526445,0.36507942481499855,61.77455007096973,6.353157819083968,True,False,True,False,True,2.4603942184912917,0.0,0.0,0.0,0.0,0,0.9450980392156866,0.9626948215183508,False,False,False,False,0.015802832465123276,0.008254061097990966,False,False,False,False,-3898.0,-8303.508917048352,False,False,False,False,602.836214283843,False,False,False,False
2025-03-17 18:00:00+00:00,43.015,43.23,42.97,43.23,78.0,,,,,,,,,,,,,,,,42.444023369651035,42.87700415084442,42.73861994602669,42.75950496874262,42.8295592130892,42.85920213416124,42.89238477750137,42.9873621550056,43.02912817006325,,,,,,,,,,,,,,,,42.44962814564881,42.20463731050076,42.763294172354435,42.719950801363474,42.817735957719194,42.8319653423859,42.88026493222663,42.908706910135614,43.030144131366605,42.8131694480626,,,,42.78085715983418,"rgba(38, 166, 154, 0.5)",0.6805321711983535,42.771429271930735,0.6738413663262407,64.68796674218416,9.272677542722505,True,False,True,False,True,3.746160460523157,0.0,0.0,0.0,0.0,0,0.9508510424010477,0.9581025279484338,False,False,False,False,0.05386882926235585,0.03106144518017341,False,False,False,False,-3820.0,-8233.997150892563,False,False,False,False,594.6992187135507,False,False,False,False
2025-03-17 19:00:00+00:00,43.2,43.21,43.07,43.15,682.0,,,,,,,,,,,,,,,,42.54127650897227,42.883076310188436,42.7435471931641,42.763326107688854,42.83231360157201,42.86155112290994,42.89434042934082,42.98843801413275,43.02977397476077,,,,,,,,,,,,,,,,42.60459275030025,42.270806890611546,42.76917809307606,42.724486710232796,42.82066065195915,42.83465202832355,42.882334186811825,42.91045294342298,43.030869362344426,42.814781952769344,,,,42.800024149083264,"rgba(38, 166, 154, 0.5)",0.6855570826075853,42.79018795534924,0.5248462218232478,65.44503050796253,10.174552453452932,True,False,True,False,True,3.2197449524952226,0.0,0.0,0.0,0.0,0,0.9551082033215906,0.9512833417211877,False,False,False,False,0.06122139996899593,0.04614142257458467,False,False,False,False,-4502.0,-8176.136729948492,False,False,False,False,596.052719198612,False,False,False,False
2025-03-18 14:00:00+00:00,43.215,44.31,43.215,44.31,702.0,,,,,,,,,,,,,,,,42.7170549411345,42.90742615275736,42.75841707804419,42.77531222305706,42.84227744895442,42.87069316233151,42.902701305129824,42.9951818078347,43.03507031687933,,,,,,,,,,,,,,,,42.855182867288065,42.384065401047195,42.78762256435467,42.73779933188315,42.83096101896197,42.844426978175164,42.89086897161903,42.91831732487248,43.03685868239626,42.82043533818334,,,,42.83740383762653,"rgba(0, 255, 0, 1.0)",0.7187634338736122,42.827250253417425,2.0629176119764945,70.92035891840798,15.405846277803548,True,False,True,False,True,9.68051069719295,0.0,0.0,0.0,0.0,0,0.9622193650479679,0.9275046978538224,False,False,False,False,0.1770168812414377,0.11157915190801118,False,False,False,False,-3800.0,-8108.289648864019,False,False,False,False,597.6953126994086,False,False,False,False
2025-03-18 15:00:00+00:00,44.31,45.03,44.31,44.4,1364.0,,,,,,,,,,,,,,,,43.081625538020084,42.97876643005306,42.80119373091844,42.8101928290729,42.871995515601355,42.898265235730044,42.928240883381704,43.016597845542144,43.052248516368834,,,,,,,,,,,,,,,,43.31477469557856,42.63917610652131,42.840636763813,42.776031358407884,42.8615503070867,42.873615334032,42.91682340129923,42.9425037615648,43.056256742974384,42.83737201878992,,,,42.9209403691977,"rgba(0, 255, 255, 0.75)",0.7523783610645065,42.987168560016,1.8778204067233466,74.79960669639532,18.96156764851561,True,False,True,False,True,10.142675080969642,0.0,0.0,0.0,0.0,0,0.985802408694801,0.9109957896798198,False,False,False,False,0.3428282342064556,0.22720369305723337,False,False,False,False,-2436.0,-8020.347173687832,False,False,False,False,609.5760055257743,False,False,False,False
2025-03-18 16:00:00+00:00,44.4,44.81,44.4,44.81,485.0,,,,,,,,,,,,,,,,43.18517728593785,43.00408262485625,42.816696602867275,42.82290970629213,42.882883055219764,42.90838820624375,42.9376382057403,43.02452027646588,43.05863245017875,,,,,,,,,,,,,,,,43.43235159409946,42.71987022193141,42.85971055699807,42.78992964199227,42.87274754914453,42.884313498386234,42.926368046608026,42.95141552365988,43.06345245413312,42.843634264468676,,,,42.94656430343281,"rgba(0, 255, 0, 1.0)",0.797706244335702,43.01394312798846,2.2515266550373125,78.33138568571835,22.166633400165367,True,False,True,False,True,12.207930460298119,0.0,0.0,0.0,0.0,0,0.9849441476444878,0.9146187469645458,False,False,False,False,0.3297483740980806,0.278476033577657,False,False,False,False,-1951.0,-7926.248767894222,False,False,False,False,607.6445945873902,False,False,False,False
2025-03-18 17:00:00+00:00,44.875,44.935,44.79,44.81,1293.0,,,,,,,,,,,,,,,,43.43050773510136,43.07459559005046,42.86050730569198,42.85904740843123,42.91399835655415,42.937390951840435,42.964633310711704,43.047436670041655,43.0771922994509,,,,,,,,,,,,,,,,43.697184766323524,42.92312436817319,42.913307651619554,42.8292944900398,42.90471638940774,42.914900803944505,42.953765571851385,42.97705622288081,43.08433942960422,42.86166936148956,,,,43.01182466753727,"rgba(0, 255, 0, 1.0)",0.8390981699054413,43.084230356482585,2.056695754338131,80.6859050119337,24.32319441307041,True,False,True,False,True,12.207930460298108,0.0,0.0,0.0,0.0,0,0.9925416505230532,0.9124370399070127,False,False,False,False,0.34282823521493794,0.31065213439629746,False,False,False,False,-1951.0,-7833.609252112916,False,False,False,False,618.2702597875857,False,False,False,False
2025-03-18 18:00:00+00:00,44.81,44.81,44.46,44.5,1136.0,,,,,,,,,,,,,,,,43.563771920949684,43.12393211627929,42.89271661912413,42.885805731704,42.93702837720147,42.95885291629512,42.984595865677775,43.064310220313516,43.0908765440946,,,,,,,,,,,,,,,,43.823443711357314,43.05233424314796,42.952155754979955,42.85843522052896,42.92837972519209,42.93754940350793,42.97403914532524,42.996019266925394,43.099690351396774,42.87524542309437,,,,43.05258855563661,"rgba(0, 255, 255, 0.75)",0.8653776293857881,43.12386529018679,1.5902129464450514,78.42193740714784,24.32319441307041,True,False,True,False,True,10.07516443921704,0.0,0.0,0.0,0.0,0,0.9862420627284975,0.9154319799884548,False,False,False,False,0.299741257969111,0.30519669618270423,False,False,False,False,-3087.0,-7760.018410994885,False,False,False,False,626.2970774652975,False,False,False,False
2025-03-18 19:00:00+00:00,44.5,44.5,44.005,44.14,1375.0,,,,,,,,,,,,,,,,43.643302839210115,43.16529691004007,42.921866085218504,42.91021954021453,42.95793585731793,42.97829266508345,43.00261891572298,43.07934627044389,43.103050910647084,,,,,,,,,,,,,,,,43.880670528628116,43.1520638386359,42.98660493337302,42.88507708092307,42.94988073245827,42.95811870076742,42.992375052386116,43.01312231292517,43.11328602120031,42.88786332045625,,,,43.08321013240275,"rgba(38, 166, 154, 1.0)",0.8816100494431802,43.14954112958375,1.1234659485129688,73.22715591213185,30.012566887810465,True,False,True,False,False,7.67910423195746,0.0,0.0,0.0,0.0,0,0.9776994186600593,0.9221385685695225,False,False,False,False,0.22958221239724064,0.2673894542899724,False,False,False,False,-4462.0,-7708.886342607367,False,False,False,False,637.9048747138976,False,False,False,False
2025-03-19 14:00:00+00:00,44.4,44.915,44.4,44.75,333.0,,,,,,,,,,,,,,,,43.67332312514378,43.17915366611113,42.93124690353927,42.91809399686145,42.9647647546812,42.98467784979031,43.00857784335789,43.084421987495254,43.107197995715936,,,,,,,,,,,,,,,,43.908280806214286,43.183328138686875,42.99777359507011,42.89361323553104,42.95688816126597,42.96483958768338,42.99842218819599,43.01879533489944,43.117922198650504,42.891960638925504,,,,43.09385694777997,"rgba(0, 255, 255, 0.75)",0.9112280744158041,43.160684852930856,1.744146379695409,72.51305734686618,29.30589772069871,True,False,True,False,False,10.805157167198765,0.0,0.0,0.0,0.0,0,0.9805597295266719,0.9105935386927123,False,False,False,False,0.30395243551588047,0.28567094490292644,False,False,False,False,-4129.0,-7653.384228768493,False,False,False,False,633.1776673539921,False,False,False,False
2025-03-19 15:00:00+00:00,44.75,44.79,44.64,44.64,220.0,,,,,,,,,,,,,,,,43.69225886104527,43.188180748304866,42.93739580353643,42.923263054605236,42.96925118203309,42.988874298114126,43.01249549893033,43.08776124976365,43.10992880520307,,,,,,,,,,,,,,,,43.92554596258743,43.20331654907637,43.00507941180319,42.89921373843872,42.96149121324431,42.96925551017875,43.002397609280855,43.022525967415156,43.120973430377866,42.89465986348136,,,,43.10072993460105,"rgba(0, 255, 255, 0.75)",0.9362984817069717,43.167870639132914,1.5722863911764953,71.0161645876659,27.69173543728367,True,False,True,False,False,10.078212137975022,0.0,0.0,0.0,0.0,0,0.9851095710807269,0.9131859898857464,False,False,False,False,0.3147624252618318,0.3002166850823791,False,False,False,False,-4349.0,-7602.153465531772,False,False,False,False,626.7718120461783,False,False,False,False
2025-03-19 16:00:00+00:00,44.64,44.64,44.4,44.46,25.0,,,,,,,,,,,,,,,,43.69396482779984,43.18907081727551,42.93801636722742,42.9237855751004,42.969703397341206,42.98929674483097,43.01288923946763,43.088094938802506,43.11020128483573,,,,,,,,,,,,,,,,43.926984111088856,43.20526844492614,43.00581246036261,42.89978066136854,42.96195541367962,42.969700638967716,43.00279745186197,43.02290066411031,43.12127751561924,42.8949336740031,,,,43.10139127519312,"rgba(38, 166, 154, 1.0)",0.9578126732911052,43.168528838783175,1.3483546388870062,68.35209043590723,24.95199337121872,True,False,True,False,False,8.891460931631311,0.0,0.0,0.0,0.0,0,0.9824282643237687,0.9169081222544163,False,False,False,False,0.27837436820969974,0.2892955266460394,False,False,False,False,-4374.0,-7552.104574593294,False,False,False,False,617.4420165105787,False,False,False,False
2025-03-19 17:00:00+00:00,44.46,44.46,44.24,44.39,141.0,,,,,,,,,,,,,,,,43.70184435353704,43.193547282378496,42.9412017107293,42.92647115639057,42.97202156525021,42.99145978474454,43.01490231318983,43.08979211107545,43.11158514776523,,,,,,,,,,,,,,,,43.9330594779632,43.215017513483396,43.00955650314269,42.902698165846665,42.96433609641882,42.97198255006018,43.00484308686472,43.0248151993706,43.12282029258723,42.89634487498436,,,,43.104647325567505,"rgba(38, 166, 154, 1.0)",0.9770565882161151,43.17161940394552,1.2469908199267847,65.92170232745796,22.452220491045892,True,False,True,False,False,8.429653173745496,0.0,0.0,0.0,0.0,0,0.9783687611199553,0.9246184099634798,False,False,False,False,0.2472306369930734,0.2682630818195564,False,False,False,False,-4515.0,-7505.017681963941,False,False,False,False,610.0553185801821,False,False,False,False
2025-03-19 18:00:00+00:00,44.4,44.72,44.4,44.72,113.0,,,,,,,,,,,,,,,,43.710362942133266,43.19787169811321,42.94419120322759,42.928989426587215,42.97420665496372,42.993503380500506,43.01680960778309,43.091415360004014,43.112913057314024,,,,,,,,,,,,,,,,43.94056640625,43.22438826948167,43.01309353266846,42.90542668266403,42.966578091410774,42.97413355600398,43.00677894224863,43.026631438535425,43.12430255480554,42.897666282997776,,,,43.10788574145752,"rgba(0, 255, 255, 0.75)",1.0034129910612937,43.17494891868441,1.539795772109165,66.14159643836433,22.3884770325963,True,False,True,False,False,10.147020609494511,0.0,0.0,0.0,0.0,0,0.9753143921751283,0.920912901723335,False,False,False,False,0.2857773414897656,0.27702021165466095,False,False,False,False,-4402.0,-7456.908880693182,False,False,False,False,602.3490345711871,False,False,False,False
2025-03-19 19:00:00+00:00,44.72,44.83,44.44,44.81,375.0,,,,,,,,,,,,,,,,43.73993248302048,43.21283629086057,42.95450778546713,42.937687288566366,42.98176844097246,43.00058160107784,43.02342217454107,43.09705941397172,43.1175371257516,,,,,,,,,,,,,,,,43.96715967969854,43.256345941869235,43.02530173861376,42.91484068145652,42.97433418775776,42.98157804182399,43.01348823188282,43.03293153036916,43.129463659169836,42.90224074916949,,,,43.119106160317905,"rgba(0, 255, 255, 0.75)",1.0307523404714305,43.1866816508052,1.5748868913092686,66.75254325771022,22.3884770325963,True,False,True,False,False,10.609303712014317,0.0,0.0,0.0,0.0,0,0.9778395920259623,0.9192396847473343,False,False,False,False,0.2997412579691096,0.2883807348118853,False,False,False,False,-4027.0,-7403.73199882197,False,False,False,False,598.8242433375253,False,False,False,False
2025-03-20 14:00:00+00:00,44.48,45.27,44.48,45.12,779.0,,,,,,,,,,,,,,,,43.811494274569014,43.248347449504195,42.97874187500324,42.95815373404296,42.99965048295421,43.01735696592722,43.0391333785405,43.11057115275199,43.12864775191873,,,,,,,,,,,,,,,,44.03481159674683,43.32986669256957,43.05401913814714,42.9369324110983,42.99265993006272,42.99918612191957,43.029414750907456,43.04791952540022,43.141864373063356,42.913055563063956,,,,43.14588564043111,"rgba(0, 255, 255, 0.75)",1.0649369012310312,43.21576519666254,1.7881198417823891,68.6443954757419,22.3884770325963,True,False,True,False,True,12.183097097419012,0.0,0.0,0.0,0.0,0,0.9782749375982253,0.9207728575390588,False,False,False,False,0.3428282352769549,0.31560448504442007,False,False,False,False,-3248.0,-7339.302045351862,False,False,False,False,601.6176659214397,False,False,False,False
2025-03-20 15:00:00+00:00,45.12,45.44,45.12,45.415,511.0,,,,,,,,,,,,,,,,43.86771711737907,43.27572187110366,42.99722403781923,42.97378829597455,43.01338053475688,43.03026618571146,43.051254643754014,43.121075526345095,43.13731725089731,,,,,,,,,,,,,,,,44.09019053618927,43.38489519799931,43.075955382909285,42.953761848940374,43.006718292304114,43.012708449480975,43.04169073632215,43.059497862291074,43.151540351911905,42.92135564190454,,,,43.16663472442075,"rgba(0, 255, 255, 0.75)",1.1038374015265842,43.238984104364306,1.971319229287129,71.09661058238297,22.3884770325963,True,False,True,False,True,13.639389266953359,0.0,0.0,0.0,0.0,0,0.9902678654184821,0.9174158865511169,False,False,False,False,0.3428282370900701,0.32921636106724506,False,False,False,False,-2737.0,-7267.948525268887,False,False,False,False,600.2127408683941,False,False,False,False
2025-03-20 16:00:00+00:00,45.415,45.59,45.29,45.59,447.0,,,,,,,,,,,,,,,45.489999999999995,43.918773967941036,43.300963693087155,43.014283468826385,42.988244264507415,43.02610655125242,43.0422442343098,43.06251469327466,43.13086474193637,43.14541277600296,,,,,,,,,,,,,,,,44.14084750107944,43.434488422753944,43.096182152742635,42.969301118010144,43.01974310835757,43.025243817307754,43.05309032009416,43.07026060654092,43.16057164991949,42.92906467928918,,,,43.300910088361675,"rgba(0, 255, 255, 0.75)",1.1400435624678043,43.37731947346897,1.9408736642846653,73.36818120524578,18.026381501823693,True,False,True,False,True,14.488568525503808,0.0,0.0,0.0,0.0,0,1.0061716850570415,0.9120067327473349,False,False,False,False,0.3428282377151098,0.33602229939117745,False,False,False,False,-2290.0,-7190.771028753091,False,False,False,False,597.8373495371012,False,False,False,False
2025-03-20 17:00:00+00:00,45.59,45.59,45.135,45.24,214.0,,,,,,,,,,,,,,45.32166666666667,45.43550176500253,43.93959792837159,43.311931847004516,43.02181852863529,42.994644659206934,43.031739827609265,43.047545965705496,43.067497414808926,43.13519035536898,43.148991948395945,,,,,,,,,,,,,,,,44.160956947318155,43.455535751511356,43.10507362047184,42.976180977891964,43.0255088290144,43.030793488571675,43.058135949641596,43.07502346164746,43.16456004484497,42.93249748582001,,,,43.401923498262356,"rgba(0, 255, 255, 0.75)",1.1473445526617045,43.492729082755936,1.5228824795399103,70.93783034385004,18.026381501823693,True,False,True,False,False,12.030548895700491,0.0,0.0,0.0,0.0,0,1.0048349604834963,0.900976290097629,False,False,False,False,0.3299398486534818,0.3329810740223296,False,False,False,False,-2504.0,-7118.107912028237,False,False,False,False,591.8863828776113,False,False,False,False
2025-03-20 18:00:00+00:00,45.195,45.27,45.13,45.27,2218.0,,,,,,,,,,,,,,45.23198601973685,45.27204584925322,44.11076264903316,43.41373495181379,43.09389280038573,43.05625253935216,43.086098934278645,43.098762695675234,43.115677616000795,43.17706535989078,43.183758409716596,,,,,,,,,,,,,,,,44.32034214917027,43.638707527484506,43.18930122562641,43.04229385807832,43.08112139119587,43.08436904630751,43.106923553614045,43.121116861424966,43.20320135169059,42.96606428753885,,,,43.45683233701278,"rgba(38, 166, 154, 1.0)",1.1563734355831998,43.556184328685724,1.4820607414333602,69.48082654889384,18.026381501823693,True,False,True,False,False,12.181464008003356,0.0,0.0,0.0,0.0,0,1.0052054285183123,0.9060234244283323,False,False,False,False,0.303250115745657,0.3181155948839933,False,False,False,False,-286.0,-7012.18375835338,False,False,False,False,617.0974467089661,False,False,False,False
2025-03-20 19:00:00+00:00,45.27,45.42,45.165,45.18,1608.0,,,,,,,,,,,,,,45.24114603960397,45.26593715177179,44.21161961665662,43.48218853078085,43.143996760721095,43.099451096585,43.12441107974206,43.13494260849602,43.14978696717003,43.20684246642486,43.20862351462664,,,,,,,,,,,,,,,,44.412028936879786,43.751638712667656,43.247180673415926,43.088503859457724,43.12028159915157,43.122152659002495,43.14144977659605,43.15380073789022,43.23074572205385,42.99012369808688,,,,43.501278676561,"rgba(38, 166, 154, 1.0)",1.1669671286198489,43.605939290370664,1.3488475133750764,67.47867761311687,22.64118684566128,True,False,True,False,False,11.546502317351894,0.0,0.0,0.0,0.0,0,1.005664407094438,0.9049122481196025,False,False,False,False,0.31838907760344876,0.31825233624372107,False,False,False,False,-1894.0,-6932.832072177358,False,False,False,False,632.4602769925481,False,False,False,False
2025-03-21 14:00:00+00:00,45.18,45.18,44.005,44.35,96.0,,,,,,,,,,,,,,45.22421421663444,45.250137464542874,44.21319028663868,43.484468449140294,43.145887194697615,43.10110561257489,43.125872518572976,43.136320351509966,43.151082081050816,43.20795782987703,43.2095567525359,,,,,,,,,,,,,,,,44.412609069222064,43.75479590364922,43.2492923661245,43.09027605186809,43.12177637272455,43.1235951546741,43.14276335893107,43.155041270143386,43.23177151024243,42.99107791772278,,,,43.50108532062275,"rgba(38, 166, 154, 0.5)",1.1644817700560073,43.6056076986856,0.63924770696805,59.26269006594954,14.99949564007359,False,False,True,False,False,5.99523258317474,0.0,0.0,0.0,0.0,0,0.9811751804806729,0.9159279904962077,False,False,False,False,0.20677566486560645,0.2625140005546638,False,False,False,False,-1990.0,-6856.199016794763,False,False,False,False,624.1430633957643,False,False,False,False
2025-03-21 15:00:00+00:00,44.35,44.35,43.91,43.91,363.0,,,,,,,,,,,,,,45.13001111358081,45.162545491306105,44.21015221188464,43.48922029542526,43.15062268438944,43.10532009379859,43.1295655809378,43.139789857932115,43.154326782612124,43.21069219845567,43.21184463756038,,,,,,,,,,,,,,,,44.40494144758966,43.75946420710319,43.254358692896325,43.09480507212697,43.12555873819049,43.1272435379572,43.1460642574277,43.15814522222118,43.234261837436236,42.99359884601263,,,,43.494882514611646,#000000,1.1576694240997631,43.597981451576615,0.26952301056583233,51.46605289699355,8.12059962365921,False,True,False,False,False,3.279183557724231,0.0,0.0,0.0,0.0,0,0.9761082848837211,0.9315043604651162,False,False,False,False,0.13588087574798877,0.1991974381513263,False,False,False,False,-2353.0,-6786.381977774689,False,False,False,False,620.0943337307136,False,False,False,False
2025-03-21 16:00:00+00:00,43.9,44.175,43.885,44.055,593.0,,,,,,,,,,,,,,45.002877389368955,45.04218842149606,44.204871642048886,43.49657006139401,43.15809917766194,43.111994362481944,43.13541790196525,43.14528953570383,43.15947094516133,43.21502539811471,43.21547514636127,,,,,,,,,,,,,,,44.03833333333334,44.392478789268516,43.76633570182,43.26231367247879,43.101973802782005,43.1315518660407,43.13302622284061,43.15129810244488,43.163067621688235,43.23820789850454,42.997620916432936,,,,43.51197672315422,#000000,1.1503329052030014,43.63163870443674,0.3680337175859101,47.48256456929181,4.856632597287643,False,True,False,True,False,4.078912447154096,0.0,0.0,0.0,0.0,0,0.975385176406236,0.9413802534415171,False,False,False,False,0.12075260175485246,0.15997501995308938,False,False,False,False,-1760.0,-6708.453575018492,False,False,False,False,619.6742665410901,False,False,False,False
2025-03-21 17:00:00+00:00,44.055,44.22,44.055,44.2,170.0,,,,,,,,,,,,,,44.97559261370835,45.01586938751679,44.204465193937835,43.49909962375021,43.16050839012548,43.11413573781805,43.137302888072284,43.14706396716637,43.16113449261164,43.21643911677672,43.21666098234036,,,,,,,,,,,,,,,44.06506989951945,44.39021895461943,43.76908531385818,43.26491255907593,43.10426967872255,43.13348092522598,43.13488842592591,43.15298867657466,43.16466070655143,43.2395006046682,42.99890054387534,,,,43.51210221283824,#000000,1.1503707784570656,43.63130010610931,0.49436225653563964,46.03796439768746,3.7220233545752066,False,True,False,True,False,4.8767845971977835,0.0,0.0,0.0,0.0,0,0.9726775956284156,0.9396174863387977,False,False,False,False,0.13701790732589403,0.1484964636394917,False,False,False,False,-1590.0,-6629.09770563836,False,False,False,False,612.7025724861894,False,False,False,False
2025-03-21 18:00:00+00:00,44.2,44.42,44.13,44.135,585.0,,,,,,,,,,,,,,44.900828345020244,44.94267132718992,44.205161596009965,43.508567248866306,43.16928639012234,43.121927608823846,43.14417779716638,43.15354228116891,43.16721584193778,43.22163091207822,43.22102061111438,,,,,,,,,,,,,,,44.135922354104856,44.38501520230049,43.77990921665794,43.27443349212784,43.11261414395207,43.14051377496677,43.141680009201735,43.15916517754868,43.170487494264506,43.24425820530534,43.00354704637124,,,,43.51379891255908,#000000,1.148034619027874,43.63171953588229,0.4383843969303581,44.652007763351335,2.365694219888006,False,True,False,True,False,4.467836129105358,0.0,0.0,0.0,0.0,0,0.9727965179542984,0.9365252085600289,False,False,False,False,0.15792910915096522,0.15321278639522845,False,False,False,False,-2175.0,-6560.0419272563695,False,False,False,False,612.2730752383414,False,False,False,False
2025-03-21 19:00:00+00:00,44.135,44.42,44.1,44.4,1885.0,,,,,,,,,,,,,,44.755976461458886,44.79609243183763,44.21388450725628,43.5406143135083,43.19863602969696,43.14803599611863,43.1673114766213,43.17538241647826,43.18776072504662,43.2392774992882,43.23588901724584,,,,,,,,,,,,,,,44.2354747912156,44.37766173736971,43.81708954292419,43.30628888961652,43.14050876410249,43.164161502933275,43.16453834009922,43.180016773509415,43.19019467653086,43.260477459309584,43.01922553700299,,,,43.52338631314412,"rgba(38, 166, 154, 0.5)",1.1481230550553114,43.63852233256566,0.6632369797657771,46.030160547935935,2.365694219888006,False,True,False,True,False,5.9387554532093745,0.0,0.0,0.0,0.0,0,0.9740318494390158,0.9376583423814693,False,False,False,False,0.1556415414648495,0.15442716393003897,False,False,False,False,-290.0,-6462.831974895806,False,False,False,False,632.0052756222431,False,False,False,False
2025-03-24 14:00:00+00:00,44.765,44.84,44.65,44.65,178.0,,,,,,,,,,,,,,44.75501685630005,44.79432970364166,44.21790485234929,43.545044176110245,43.2023179519394,43.15128656983413,43.1702112552379,43.17812812386119,43.19035377456082,43.241537834213474,43.237797264448716,,,,,,,,,,,,,,,44.260411414052584,44.3806105846741,43.82302360759808,43.31037733231035,43.14397077918062,43.16712231837995,43.1674026646441,43.18264330096651,43.19268533999671,43.26256889686833,43.02114808203166,,,,43.52708603105453,"rgba(38, 166, 154, 0.5)",1.151752874832392,43.64245568715127,0.8747920972156041,48.86077060532658,2.365694219888006,False,True,False,False,True,7.297919014319053,0.0,0.0,0.0,0.0,0,0.9792960662525881,0.9336573949050319,False,False,False,False,0.2305737342504596,0.19250044909024927,False,False,False,False,-112.0,-6364.369463657111,False,False,False,False,624.9664341397277,False,False,False,False
2025-03-24 15:00:00+00:00,44.65,44.87,44.65,44.87,115.0,,,,,,,,,,,,,,44.75561370716512,44.79436142587346,44.22089916621678,43.54809129143116,43.204817885159024,43.153491145287184,43.17217979077207,43.17999283696326,43.19211578816841,43.2430769561775,43.239096981560685,,,,,,,,,,,,,,,44.27790130459445,44.38295864618606,43.82717075941085,43.31316227827201,43.14631772081038,43.16913196566897,43.16934703499613,43.18442755796515,43.194378095299285,43.263994338779085,43.02244891111606,,,,43.52977161763059,"rgba(38, 166, 154, 1.0)",1.1606399213481433,43.64534612185591,1.055154019449538,52.26084630709869,2.365694219888006,False,True,True,False,True,8.473595868872064,0.0,0.0,0.0,0.0,0,0.9791028643487661,0.9350567465321563,False,False,False,False,0.23292803082669877,0.21271423995847402,False,False,False,False,3.0,-6265.650557243822,False,False,False,False,617.0599777964761,False,False,False,False
2025-03-24 16:00:00+00:00,44.87,44.87,44.52,44.525,115.0,,,,,,,,,,,,,,44.753956797706806,44.792271845037064,44.223047710692384,43.550739074731105,43.207062113435974,43.155477960711295,43.17395216420864,43.18167105293879,43.19370045004271,43.244456485915634,43.240262631750504,,,,,,,,,,,,,,,44.289285452714466,44.3843917951721,43.83061118487375,43.31564068369952,43.148433480893246,43.17094163703353,43.171098039622144,43.186033034705474,43.19590036118955,43.26527015173163,43.02363191791867,,,,43.53171981939659,"rgba(38, 166, 154, 0.5)",1.1646458805263626,43.64737834613693,0.7535523617414287,51.58008080872881,2.365694219888006,False,True,False,False,True,6.216750022337706,0.0,0.0,0.0,0.0,0,0.9765603706732082,0.9477605160352504,False,False,False,False,0.22274403132963252,0.21772913564405327,False,False,False,False,-112.0,-6170.245122247793,False,False,False,False,609.2761021717246,False,False,False,False
2025-03-24 17:00:00+00:00,44.525,44.525,44.45,44.45,50.0,,,,,,,,,,,,,,44.75225376475377,44.7904351433754,44.22361027999821,43.551713992377266,43.20792457407684,43.156245169292774,43.17463562405661,43.18231782736397,43.1943105752534,43.244985247061585,43.24070969260291,,,,,,,,,,,,,,,44.291801228212776,44.384612338947846,43.831797292985826,43.316582654901765,43.14925086571284,43.171639636457044,43.17177344052156,43.18665158247994,43.19648638371177,43.265758217610326,43.02409375464052,,,,43.532254058472496,"rgba(38, 166, 154, 0.5)",1.168097995858194,43.64789712475056,0.6866743013801219,50.53495932869593,2.365694219888006,False,True,False,False,True,5.732558055926113,0.0,0.0,0.0,0.0,0,0.9705612619222307,0.9567131327953043,False,False,False,False,0.19052486997870902,0.20412700281138113,False,False,False,False,-162.0,-6077.094035081161,False,False,False,False,600.6051548512328,False,False,False,False
2025-03-24 18:00:00+00:00,44.45,44.45,44.33,44.33,361.0,,,,,,,,,,,,,,44.736116048805215,44.77356727420908,44.22593280302364,43.55789872216291,43.213603748127284,43.161319113128584,43.1791522402015,43.186590661457906,43.19833874315072,43.24846471387856,43.24365412116484,,,,,,,,,,,,,,,44.29876809805858,44.38435998022612,43.83885600968817,43.322726171243936,43.15465757962408,43.17625289256197,43.176237928626215,43.19073740204423,43.20035540435637,43.26896543354895,43.02717883349947,,,,43.53471517830855,"rgba(38, 166, 154, 0.5)",1.1706680736821782,43.650018341035235,0.5808492383549617,48.872880930349794,2.365694219888006,False,True,False,False,False,4.9543282528132515,0.0,0.0,0.0,0.0,0,0.9627478100507149,0.9600737667127708,False,False,False,False,0.17552354241178192,0.18982527261158152,False,False,False,False,-523.0,-5990.984050041143,False,False,False,False,596.890346248888,False,False,False,False
2025-03-24 19:00:00+00:00,44.33,44.55,44.27,44.47,1653.0,,,,,,,,,,,,,,44.68652668888018,44.72024676869151,44.23975355430818,43.58707112406239,43.240228170530926,43.18514769322833,43.20042546770237,43.2067417995954,43.217363160370155,43.264963787398806,43.25765057919191,,,,,,,,,,,,,,,44.33679199532575,44.38770467576993,43.87234565997213,43.35152612779884,43.180007695915144,43.197970249821836,43.19726925236615,43.21002521804902,43.218642755605146,43.28420375296094,43.04174968372458,,,,43.54928890278498,"rgba(38, 166, 154, 0.5)",1.173645652280586,43.663744297207664,0.6869668892187754,49.08531194635991,2.365694219888006,False,True,False,False,False,5.749032807803314,0.0,0.0,0.0,0.0,0,0.9753465438645459,0.9502279281793654,False,False,False,False,0.1785941556548286,0.18420971413320508,False,False,False,False,1130.0,-5880.581196552133,False,False,False,False,613.2641393303005,False,False,False,False
2025-03-25 14:00:00+00:00,44.775,44.92,44.775,44.895,432.0,,,,,,,,,,,,,,44.693708004262255,44.72582408493488,44.25059885663673,43.59813165356016,43.249459951110104,43.19334497951552,43.20778384395025,43.21372856645415,43.223980803295824,43.27077569784048,43.26258618481439,,,,,,,,,,,,,,,44.3738566617783,44.396642886143496,43.88680383879321,43.36173321872313,43.18870694914645,43.205475328604194,43.20454125999419,43.216722853115016,43.22501044093924,43.289601760341405,43.0466810276399,,,,43.5584408568906,"rgba(38, 166, 154, 1.0)",1.1814083708602823,43.673640045069746,1.0338169129789412,52.576331736357695,-3.295037939227008,False,True,True,False,True,8.100202733958835,0.0,0.0,0.0,0.0,0,0.9806284178329783,0.9353044767819074,False,False,False,False,0.24671301368886492,0.215461363911035,False,False,False,False,1562.0,-5765.192340791635,False,False,False,False,610.4538425964973,False,False,False,False
2025-03-25 15:00:00+00:00,44.785,44.79,44.645,44.655,726.0,,,,,,,,,,,,,,44.693897054509186,44.72403152962429,44.263266379816145,43.6139013458826,43.26316216521689,43.20558506323339,43.218774143476374,43.22416541450567,43.233864509667974,43.27943604137212,43.26995621765875,,,,,,,,,,,,,,,44.408005002671345,44.405828062185485,43.90618544523559,43.3767099874828,43.20169072213853,43.21668404323606,43.21540668672683,43.226730203821845,43.234523934607246,43.29763877852345,43.0541537327461,,,,43.56970893019722,"rgba(38, 166, 154, 0.5)",1.1847790229968387,43.68547272486269,0.8183190758095458,52.67536904034702,-2.856580141958986,False,True,True,False,True,6.505638334491973,0.0,0.0,0.0,0.0,0,0.9764640474425503,0.9353224610822831,False,False,False,False,0.2262640186100631,0.22086269126054903,False,False,False,False,836.0,-5662.84827349254,False,False,False,False,612.245255889575,False,False,False,False
2025-03-25 16:00:00+00:00,44.655,44.81,44.655,44.71,271.0,,,,,,,,,,,,,,44.694621622396056,44.72405325607063,44.2681096144914,43.6198234175763,43.26831041802035,43.210188939078826,43.222912965741926,43.22809794764694,43.23759076714063,43.28270594749202,43.27274216111574,,,,,,,,,,,,,,,44.420046724605186,44.40943429921479,43.91343537970618,43.382332876796646,43.206570930370006,43.220904219622724,43.21949887133933,43.23050246509841,43.23811187009781,43.30067562192179,43.05697362985474,,,,43.573983815699926,"rgba(38, 166, 154, 0.5)",1.1919763208845893,43.689978542373844,0.855739698645338,53.183181399498814,-1.9610419357317639,False,True,True,False,True,6.811606197432582,0.0,0.0,0.0,0.0,0,0.9843268961656872,0.9319899244332492,False,False,False,False,0.22861373829541878,0.2247382147779839,False,False,False,False,1107.0,-5557.889385531415,False,False,False,False,606.9546317672559,False,False,False,False
2025-03-25 17:00:00+00:00,44.72,44.82,44.69,44.73,532.0,,,,,,,,,,,,,,44.69689765721332,44.72500713606089,44.27776496763753,43.63149168564403,43.27846097588256,43.21927425808601,43.23108833555204,43.23586914907942,43.24495765200315,43.28917805145593,43.27826146735177,,,,,,,,,,,,,,,44.442713279415614,44.4167519816182,43.927670873609735,43.39341181528629,43.2161963025618,43.229238894194054,43.22758274214035,43.237959378004575,43.24520724846535,43.30668993896559,43.06255332443643,,,,43.58246486884838,"rgba(38, 166, 154, 0.5)",1.2003123579955217,43.698939520051816,0.8589934720575689,53.695373567587424,-1.0461555089145165,False,True,True,False,True,6.924443688238863,0.0,0.0,0.0,0.0,0,0.9848356409531884,0.9334086841857397,False,False,False,False,0.23214298466749067,0.22844059972273728,False,False,False,False,1639.0,-5446.309705135579,False,False,False,False,605.7925444530349,False,False,False,False
2025-03-25 18:00:00+00:00,44.73,45.09,44.72,44.77,1590.0,,,,,,,,,,,,,,44.715751363140676,44.740120405576675,44.31087726828336,43.66836989697988,43.31026296708484,43.247766546526854,43.25679624997517,43.26033543979989,43.26818243072136,43.30966266423897,43.295767831453894,,,,,,,,,,,,,,,44.514394987035445,44.44374720700706,43.97296413985559,43.42816198239547,43.24633801165543,43.25543546274124,43.253006066364314,43.261456932524275,43.26759210338946,43.32576205700047,43.0801195693373,,,,43.610585071958525,"rgba(38, 166, 154, 0.5)",1.2089030356275743,43.7290467030926,0.861072613956186,54.41346607591694,0.04751323722845768,False,True,True,False,True,7.1535694298216335,0.0,0.0,0.0,0.0,0,0.978005451640192,0.9287527023216466,False,False,False,False,0.2558217085880729,0.2421311541554051,False,False,False,False,3229.0,-5311.8087794745625,False,False,False,False,621.0515747715924,False,False,False,False
2025-03-25 19:00:00+00:00,44.76,44.82,44.54,44.56,1696.0,,,,,,,,,,,,,,44.70743641188273,44.729439552144925,44.329700771115746,43.69851615047351,43.338185337427355,43.273086396585725,43.279696169539825,43.282154013278124,43.28890681785791,43.32791388264226,43.311452204702015,,,,,,,,,,,,,,,44.53384587289994,44.455718747377375,44.00582667634956,43.4580351986434,43.273073722589196,43.278760235079865,43.27567071976156,43.28243427781865,43.28758955854348,43.342752022481044,43.096212647488805,,,,43.62983669939468,"rgba(38, 166, 154, 0.5)",1.2135015488284406,43.74862511951275,0.6686228635394668,52.500904879382,0.04751323722845768,False,True,True,False,True,5.698507707785737,0.0,0.0,0.0,0.0,0,0.9756166446996801,0.9346639051026171,False,False,False,False,0.22040039143678142,0.23126577279609326,False,False,False,False,1533.0,-5205.68771312612,False,False,False,False,637.7174418293972,False,False,False,False
2025-03-26 14:00:00+00:00,44.56,44.74,44.51,44.63,389.0,,,,,,,,,,,,,,44.705452861952864,44.72698491639549,44.333545917518215,43.70507450531618,43.34436125863038,43.27870914980332,43.28479163222503,43.287013261112605,43.29352621175941,43.33198783441255,43.31496257161481,,,,,,,,,,,,,,,44.537029656408905,44.458077527903896,44.01276373489593,43.464605573140226,43.279003513632205,43.283948389139546,43.280715330172065,43.28710963880916,43.29204993834773,43.346547728522104,43.0998256260873,,,,43.63400394444545,"rgba(38, 166, 154, 0.5)",1.214484812733521,43.752835146133854,0.7222526331077416,52.01206609048578,0.04751323722845768,False,True,False,False,False,6.113501649995431,0.0,0.0,0.0,0.0,1,0.9715818198927263,0.9366707443304788,False,False,False,False,0.21182718792150595,0.2215464803587996,False,False,False,False,1922.0,-5095.180926876103,False,False,False,False,633.8613574599492,False,False,False,False
2025-03-26 15:00:00+00:00,44.63,44.86,44.53,44.53,175.0,,,,,,,,,,,,,,44.70473764179415,44.7260602194954,44.33532066979945,43.708037041060834,43.34714905162379,43.2812483301357,43.28709403659333,43.28920950516968,43.2956146376195,43.33383105449354,43.316551672149124,,,,,,,,,,,,,,,44.53859441935858,44.459199833139444,44.015900902188314,43.467571002248995,43.28168047250819,43.28629243670916,43.28299485081086,43.2892231903206,43.29406680973676,43.348265708329535,43.10145958998918,,,,43.635913776148826,"rgba(38, 166, 154, 0.5)",1.2185271829120232,43.75477153947268,0.6362012037143813,50.51618116463262,0.04751323722845768,False,True,False,False,False,5.41157196841721,0.0,0.0,0.0,0.0,1,0.9720292847756713,0.9343908391214567,False,False,False,False,0.22274403132963252,0.22214525584421607,False,False,False,False,1747.0,-4989.100602428412,False,False,False,False,626.7472278869267,False,False,False,False
2025-03-26 16:00:00+00:00,44.53,44.53,44.42,44.42,80.0,,,,,,,,,,,,,,44.703504608056335,44.7247573852416,44.33564107641868,43.709119912488475,43.348239325897886,43.28224975150868,43.2880016846775,43.29007518599535,43.29643729112788,43.334553913915855,43.31717639269406,,,,,,,,,,,,,,,44.53802920547316,44.45919270924878,44.01690638455617,43.46871044774685,43.28273602314751,43.28721654707737,43.28389393199466,43.29005634950371,43.294861484918144,43.34893830213295,43.102116520738015,,,,43.636473383389074,"rgba(38, 166, 154, 0.5)",1.2157138858515468,43.7552893795284,0.546765672587515,48.27639180286862,1.951916330181362,False,True,False,True,False,4.638023484368528,0.0,0.0,0.0,0.0,0,0.983519100695437,0.9390301991045059,False,False,False,False,0.1885970187499812,0.20537113729709863,False,False,False,False,1667.0,-4885.905244251227,False,False,False,False,618.2705266793773,False,False,False,False
2025-03-26 17:00:00+00:00,44.42,44.42,44.28,44.41,323.0,,,,,,,,,,,,,,44.69694339546027,44.71796303982607,44.33600350521972,43.712957127449215,43.35227711506697,43.28597860041248,43.291381327221664,43.29329866341375,43.29949971003229,43.33723833297215,43.319500443083676,,,,,,,,,,,,,,,44.53347568308303,44.4581913451512,44.02012884267632,43.47288314437101,43.28666537995336,43.29065743819811,43.28724278322959,43.29315916658512,43.2978204472771,43.35143380322187,43.10459312521921,,,,43.638149655414736,"rgba(38, 166, 154, 0.5)",1.2184310839379975,43.75669852379084,0.5361825423048735,46.66702099655495,0.33433656378471,False,True,False,True,False,4.567019402531951,0.0,0.0,0.0,0.0,0,0.9914480638032095,0.9251465359853943,False,False,False,False,0.1693920716075561,0.18738160445232738,False,False,False,False,1344.0,-4789.317566045781,False,False,False,False,613.6926890564413,False,False,False,False
2025-03-26 18:00:00+00:00,44.41,44.54,44.41,44.5,187.0,,,,,,,,,,,,,,44.69453778982235,44.715389983579634,44.336897775469566,43.71553806785268,43.354858930852906,43.28835022773009,43.29353290667592,43.295351620878606,43.30145157735104,43.33895596909663,43.32098591677474,,,,,,,,,,,,,,,44.532701139930616,44.45835370837219,44.02256340350582,43.47558426489787,43.28916394974057,43.29284768255277,43.28937412055432,43.29513560315431,43.29970639194437,43.3530331353674,43.10615055322319,,,,43.63956657815125,"rgba(38, 166, 154, 0.5)",1.221744388712864,43.7580393739789,0.6072961192829947,46.99972467661459,0.33433656378471,False,True,False,True,False,5.139042820257327,0.0,0.0,0.0,0.0,0,0.990663201463086,0.9202040619886417,False,False,False,False,0.18859701874998014,0.18798931160115376,False,False,False,False,1531.0,-4691.328146417164,False,False,False,False,607.0772985284344,False,False,False,False
2025-03-26 19:00:00+00:00,44.4,44.62,44.4,44.55,496.0,,,,,,,,,,,,,,44.68957214977682,44.70996143910037,44.339851776130836,43.722653058204436,43.36189092997483,43.29480452588173,43.29939292484852,43.30094494033953,43.306771848353435,43.34364537433213,43.32504265132035,,,,,,,,,,,,,,,44.532332434005184,44.45944799058387,44.02944855624856,43.48296089425123,43.29596121388437,43.298812215978494,43.2951788395818,43.30052167326826,43.30484781227499,43.35740275414904,43.11038398146642,,,,43.643719544725236,"rgba(38, 166, 154, 0.5)",1.225257876883428,43.76206338177106,0.6430781903913483,47.998328769646506,0.33433656378471,False,True,False,True,False,5.45921144562357,0.0,0.0,0.0,0.0,0,0.9883463353558702,0.9215063083887122,False,False,False,False,0.1939985417340131,0.1909939266675834,False,False,False,False,2027.0,-4587.168020116123,False,False,False,False,605.3551698690788,False,False,False,False
2025-03-27 14:00:00+00:00,44.525,45.28,44.495,45.15,1666.0,,,,,,,,,,,,,,44.71491039235538,44.73294229901808,44.37194631483166,43.75863867377268,43.39385229849514,43.3237902117936,43.32578867162136,43.32617084237819,43.330818120205336,43.36505611663437,43.34353186881188,,,,,,,,,,,,,,,44.584020418652464,44.487048801910944,44.07118800950338,43.517429488601685,43.32645790632766,43.325665778769306,43.32130817110933,43.32482838140048,43.3280910693253,43.37743812016137,43.12890706211825,,,,43.671810409899905,"rgba(38, 166, 154, 1.0)",1.23196840225071,43.792168714094394,1.1021640517930107,54.92202553875654,1.0118223578643324,False,True,True,False,True,9.154315935882956,0.0,0.0,0.0,0.0,0,0.9921740790227144,0.9096201565184193,False,False,False,False,0.2530451616316529,0.22201954414961816,False,False,False,False,3693.0,-4458.793322129826,False,False,False,False,621.7992757625815,False,False,False,False
2025-03-27 15:00:00+00:00,45.15,45.265,45.01,45.01,408.0,,,,,,,,,,,,,,44.722997827031726,44.740470560255496,44.38078464857091,43.76797697546827,43.40206690179739,43.3312417852478,43.33258781844783,43.33267435957512,43.33702381568208,43.37059863154975,43.3483252616045,,,,,,,,,,,,,,,44.59822590169892,44.49491647371037,44.08213758333553,43.5263044647289,43.33428976902703,43.33258048448739,43.32803913635249,43.331098936718234,43.33409260816358,43.382632205718124,43.13367859302659,,,,43.67930657919082,"rgba(38, 166, 154, 0.5)",1.2178280881357104,43.8002639592302,0.9933553451059745,57.48133015430261,3.1646597369048663,False,False,True,False,True,8.102949136180978,0.0,0.0,0.0,0.0,0,1.0012456880030665,0.9140475277884245,False,False,False,False,0.29309730636206804,0.2575584252558431,False,False,False,False,3285.0,-4338.734510934015,False,False,False,False,618.484558308898,False,False,False,False
2025-03-27 16:00:00+00:00,45.01,45.02,44.86,44.86,82.0,,,,,,,,,,,,,,44.723808312128924,44.74118994451211,44.382089758916116,43.76958328344934,43.40353217300824,43.332578369152344,43.33380780500965,43.333841527840306,43.33813743143505,43.371591382323096,43.34918560580666,,,,,,,,,,,,,,,44.59997673578172,44.496001929830115,44.083920378750236,43.5278709518956,43.335693911264364,43.3338211094202,43.329247316325095,43.33222459367227,43.33516995144245,43.38356197869598,43.13454621663882,,,,43.68051730305903,"rgba(38, 166, 154, 0.5)",1.2089861548101175,43.80154500485479,0.8754897572102073,57.15129467352163,3.1646597369048663,False,False,True,False,True,6.983151309773316,0.0,0.0,0.0,0.0,0,0.9892420537897311,0.935452322738386,False,False,False,False,0.2613864513647011,0.2594724383102721,False,False,False,False,3203.0,-4221.808394485425,False,False,False,False,610.1669682575973,False,False,False,False
2025-03-27 17:00:00+00:00,44.86,44.93,44.8,44.8,159.0,,,,,,,,,,,,,,44.724787117154236,44.74200758529258,44.38427119585155,43.77249530940846,43.40623393483057,43.33504913204621,43.33606343254358,43.335999709256136,43.34019652295611,43.373425479607384,43.350776604317765,,,,,,,,,,,,,,,44.602570668811865,44.49774033618736,44.08706564209431,43.53074539041204,43.3382889841548,43.33611480632007,43.331481476325685,43.33430628117265,43.33716229090507,43.38527926781446,43.13616004181614,,,,43.682646418603596,"rgba(38, 166, 154, 0.5)",1.1904411893181706,43.803773687230496,0.836854707068808,56.139163515179895,3.1646597369048663,False,False,True,False,True,6.534716142910256,0.0,0.0,0.0,0.0,0,0.9843564356435643,0.9363366336633662,False,False,False,False,0.24948091437669065,0.25447667634348137,False,False,False,False,3044.0,-4109.16020232286,False,False,False,False,603.1721315404253,False,False,False,False
2025-03-27 18:00:00+00:00,44.8,45.0,44.8,44.97,223.0,,,,,,,,,,,,,,44.72704160089618,44.74402071094294,44.38782331619486,43.77685609986802,43.41021615110565,43.33868391075898,43.339382959767406,43.339176313805716,43.34322815408923,43.37612972380878,43.35312160077747,,,,,,,,,,,,,,,44.60729524438573,44.50070702176654,44.09189530296361,43.53500015984361,43.34210626448945,43.339490160177235,43.334769055755686,43.33737050552567,43.340095674072366,43.38781277392032,43.13852415385862,,,,43.68594303903519,"rgba(38, 166, 154, 0.5)",1.170662809870739,43.80726267381073,0.9932299176033889,57.27274931479044,3.1646597369048663,False,False,True,False,True,7.600582595012696,0.0,0.0,0.0,0.0,0,0.9705437304549581,0.9522848784424491,False,False,False,False,0.25502801720563884,0.2547523467745601,False,False,False,False,3267.0,-3994.8011294186294,False,False,False,False,597.2779899661551,False,False,False,False
2025-03-27 19:00:00+00:00,44.97,45.2,44.88,45.19,2343.0,,,,,,,,,,,,,,44.765728323173505,44.7801627357439,44.43328966883147,43.8271338420978,43.45529952614958,43.37980483429703,43.37702251933964,43.37523150955833,43.37767982659202,43.40698262813766,43.37991458562396,,,,,,,,,,,,,,,44.671985357204136,44.54092119570495,44.14899461210406,43.583364905107665,43.3852425417022,43.37774776287396,43.37204702985253,43.372175022248584,43.373449283851,43.416771079146784,43.16527499873236,,,,43.72573744491241,"rgba(38, 166, 154, 1.0)",1.1537412820671666,43.849941315221514,1.1614897599724356,60.00902274915137,5.57674172734049,True,False,True,False,True,8.958266066685049,0.0,0.0,0.0,0.0,0,0.979560862086411,0.9332186583021348,False,False,False,False,0.27737461761141746,0.2660634821929888,False,False,False,False,5610.0,-3845.8894840012863,False,False,False,False,624.3434474860597,False,False,False,False
2025-03-28 14:00:00+00:00,45.36,45.755,44.615,44.615,300.0,,,,,,,,,,,,,44.995000000000005,44.76881518714657,44.782998372123714,44.437908364167924,43.832831306035274,43.46057253317198,43.38464620779919,43.38146454293374,43.37949125575278,43.38175385196691,43.410634558040066,43.38309833735251,,,,,,,,,,,,,,,44.67743462857785,44.5448544301361,44.15514648374379,43.58896433561193,43.3903132295243,43.38226077304211,43.37644845718072,43.37629090755379,43.37739703201165,43.42020143985664,43.16848088057219,,,44.995000000000005,43.78508726583921,"rgba(38, 166, 154, 0.5)",1.128531526101709,43.93520255456159,0.6023734647330921,55.250645166347546,10.018548736321556,False,False,True,False,False,4.677727487700356,-1.0,45.755,44.615,414.0,0,0.9782154580722173,0.9161444344971649,False,False,False,False,0.30080797510425794,0.2834357286486234,False,False,False,False,5310.0,-3703.93770905553,False,False,False,False,619.3148669048804,False,False,False,False
2025-03-28 15:00:00+00:00,44.615,44.97,44.55,44.605,66.0,,,,,,,,,,,,,44.943306010928964,44.768636567030605,44.78278218907655,44.43839666949377,43.833769953432956,43.46151192988458,43.385518506684754,43.38226547709416,43.38025963501283,43.38248860784988,43.411290769926225,43.38367281213944,,,,,,,,,,,,,,,44.677548882290324,44.5451653698367,44.15603004049499,43.58994031027208,43.39122597625167,43.38307437499224,43.37724263532273,43.37703373862493,43.3781095015627,43.42081710587616,43.16907421029688,,,44.943306010928964,43.78344179453809,"rgba(38, 166, 154, 0.5)",1.1132273429615205,43.93321037426686,0.603461305528103,51.988971609940165,7.1071248235803495,False,True,False,False,False,4.605702165164583,0.0,0.0,0.0,0.0,0,0.981328831065647,0.928493395570563,False,False,False,False,0.23292803082669877,0.25818187973766105,False,False,False,False,5244.0,-3565.2099926360643,False,False,False,False,610.7363418365877,False,False,False,False
2025-03-28 16:00:00+00:00,44.605,44.605,44.405,44.595,165.0,,,,,,,,,,,,,44.81643126177024,44.76692422156088,44.78100152439024,44.43883080037767,43.83564444444443,43.46352861588674,43.38740913893816,43.38400241087083,43.381926495547035,43.38408226203845,43.412709551284024,43.38491918058672,,,,,,,,,,,,,,,44.67624319973354,44.5451172618194,44.15753726066801,43.59199581696588,43.393202751300564,43.38483855747483,43.37896593926381,43.37864587903743,43.37965568308535,43.42214683360578,43.170388726550904,,,44.81643126177024,43.778962948573955,"rgba(38, 166, 154, 0.5)",1.0920087490987245,43.92779079480759,0.6109925453830654,49.71516874219287,5.080135886008534,False,True,False,False,False,4.5323410434398745,0.0,0.0,0.0,0.0,0,0.9926374180534543,0.9331316187594554,False,False,False,False,0.19322621783154945,0.22570404878460526,False,False,False,False,5079.0,-3431.1912330603113,False,False,False,False,603.8257008778809,False,False,False,False
2025-03-28 17:00:00+00:00,44.595,44.595,44.145,44.215,428.0,,,,,,,,,,,,,44.59413103927702,44.758555061534665,44.772534704406816,44.437442341517695,43.838968352291914,43.467673921910745,43.39136399129162,43.387640056277206,43.385419637306,43.38742126915733,43.41566585565523,43.38753293074947,,,,,,,,,,,,,,,44.667936865126705,44.54236704162299,44.15917917213409,43.59607069515444,43.39733167879759,43.38853231945021,43.38257892324697,43.3820271864631,43.3828986425583,43.42491264187134,43.173247217551676,,,44.59413103927702,43.770497023711,#000000,1.0677758436358766,43.917300130849064,0.2788037123383907,44.90345685622483,0.6929574181969755,False,True,False,True,False,1.7883990883145557,0.0,0.0,0.0,0.0,0,0.99083492798872,0.9283915802195588,False,False,False,False,0.1724562020151403,0.1990801253998728,False,False,False,False,4651.0,-3305.8859426252675,False,False,False,False,601.0997210193091,False,False,False,False
2025-03-28 18:00:00+00:00,44.33,44.33,44.08,44.22,309.0,,,,,,,,,,,,,44.50052181913775,44.75126458781362,44.76519946266053,44.43556586477273,43.84080384874003,43.47026381157766,43.39386716804379,43.38994508999978,43.38763442075282,43.38953829794913,43.417533511894355,43.389192310622136,,,,,,,,,,,,,,,44.66039046806392,44.53948233245323,44.159551084691174,43.59854728303675,43.39994182682478,43.39087235958232,43.38487014732766,43.38417257147968,43.38495650621878,43.426658021022945,43.17510770079563,,,44.50052181913775,43.76677741284614,#000000,1.0418811253110105,43.91246167433279,0.2951760217130403,41.76532956671244,-2.091235777222913,False,True,False,True,False,1.822296790547849,0.0,0.0,0.0,0.0,0,0.9931603299134982,0.9262723798028565,False,False,False,False,0.14726741435310722,0.17317376987649002,False,False,False,False,4960.0,-3177.732672196969,False,False,False,False,596.5710431740484,False,False,False,False
2025-03-28 19:00:00+00:00,44.22,44.4,44.16,44.27,1320.0,,,,,,,,,,,,,44.386345311695,44.7257672636006,44.73942245939428,44.43015625134328,43.84982424508482,43.48210592187968,43.40524978428977,43.400436861149196,43.39771943544483,43.39918552570514,43.42607688405744,43.396775842908774,,,,,,,,,,,,,,,44.635154285619386,44.53008639835328,44.163101345765206,43.61003507916339,43.411808046318775,43.40152183483007,43.39529608176568,43.39394335105427,43.39433440359908,43.434654624370154,43.18348795458475,,,44.386345311695,43.76489083443378,#000000,1.022883871421617,43.90800724095555,0.35389428766860165,40.42722266464866,-3.3147515551036975,False,True,False,True,False,2.1664057840055904,0.0,0.0,0.0,0.0,0,0.9932697137117025,0.9262682069311903,False,False,False,False,0.1586919949858118,0.1659328824311509,False,False,False,False,6280.0,-3031.101157899341,False,False,False,False,607.7869959930555,False,False,False,False
2025-03-31 14:00:00+00:00,43.92,44.37,43.78,44.155,1784.0,,,,,,,,,,,,,44.2701818389753,44.683519579570465,44.696970448863844,44.4157068241405,43.85667668202015,43.494163130470184,43.41717777628432,43.411473907097786,43.408348921259105,43.40936054300259,43.435036201449556,43.40482354083071,,,,,,,,,,,,,,44.10166666666667,44.59160626858842,44.51034008508586,44.160683425991294,43.62103931679693,43.42420050816792,43.41271632101907,43.40628346644345,43.404262159091836,43.404247212577324,43.44302894776968,43.19283243199044,,,44.2701818389753,43.77401442517306,#000000,1.005810810931882,43.9338683371888,0.21985413201745654,38.48845908975687,-5.236621484239095,False,True,False,True,False,1.3240790553652388,0.0,0.0,0.0,0.0,0,0.9872089537323874,0.9288498051364044,False,False,False,False,0.1275531115592811,0.14674299699521598,False,False,False,False,4496.0,-2914.4019151412117,False,False,False,False,626.0228565202949,False,False,False,False
2025-03-31 15:00:00+00:00,44.165,44.72,44.165,44.565,1789.0,,,,,,,,,,,,,44.332075691175675,44.67079409918394,44.68360225020403,44.41856385490954,43.87332115903298,43.51309770668377,43.43518049735089,43.428128904870256,43.424383699083954,43.424736653968864,43.44879416885525,43.41703156635958,,,,,,,,,,,,,,44.292767049165036,44.58341390345683,44.5091469728773,44.172934220486596,43.639969322142036,43.44294223541046,43.429611306641256,43.42282558242688,43.419812062678886,43.41920212724753,43.4559637045583,43.20586985575502,,,44.332075691175675,43.794340358105195,"rgba(38, 166, 154, 0.5)",0.9931826991414715,43.954824356631505,0.6143639472334159,42.648535868635896,-5.236621484239095,False,True,False,True,True,4.138085774899711,0.0,0.0,0.0,0.0,0,0.9985026951487322,0.9215412257935715,False,False,False,False,0.18359104567398796,0.16516702133460198,False,False,False,False,6285.0,-2771.7755288599524,False,False,False,False,644.0535099075771,False,False,False,False
2025-03-31 16:00:00+00:00,44.565,44.58,44.445,44.445,339.0,,,,,,,,,,,,,44.34031205128205,44.668642241883774,44.68133355226013,44.419131193627734,43.876409381432126,43.51662834003204,43.438544820470355,43.431246294227506,43.42738718215201,43.42761884618967,43.45137712551744,43.41932806985422,,,,,,,,,,,,,,44.3098585548739,44.58209349678245,44.508988016522174,44.175199166947635,43.64349073089659,43.44644140813689,43.43277272087664,43.42592241625292,43.42272641951507,43.42200682243137,43.458394234391655,43.20832344166262,,,44.34031205128205,43.79725735534246,#000000,0.981994096420886,43.9576842771573,0.4962511736260344,44.128990319480565,-5.236621484239095,False,True,False,True,True,3.245540072739555,0.0,0.0,0.0,0.0,0,1.0144840072420036,0.9134982900824784,False,False,False,False,0.19438478936184875,0.17977590534822535,False,False,False,False,5946.0,-2636.616218334992,False,False,False,False,639.3239981260643,False,False,False,False
2025-03-31 17:00:00+00:00,44.445,44.85,44.445,44.73,891.0,,,,,,,,,,,,,44.38065936048347,44.6688350979925,44.68114431030629,44.42436295208371,43.88678401496925,43.5275282148766,43.44882381023468,43.440769725459184,43.43656156292469,43.43642661098168,43.459303665251376,43.4263522897073,,,,,,,,,,,,,,44.37759559997224,44.58542145747903,44.51253305372479,44.18441013230742,43.65460113391841,43.457138620150474,43.44243112821452,43.43537716667657,43.43162585609154,43.43057375476724,43.46586419412784,43.215652177164124,,,44.38065936048347,43.80878232874437,"rgba(38, 166, 154, 0.5)",0.9670770113832793,43.96984480575304,0.7860337752829543,48.09612476687254,-8.497369037234527,False,True,False,False,True,5.1546030273996735,0.0,0.0,0.0,0.0,0,1.0093270484404775,0.9083341690903619,False,False,False,False,0.21533063170612463,0.19755326852717497,False,False,False,False,6837.0,-2489.738447508093,False,False,False,False,643.2259516434897,False,False,False,False
2025-03-31 18:00:00+00:00,44.78,44.95,44.78,44.94,1050.0,,,,,,,,,,,,,44.444017691426765,44.67646824222902,44.68824824532988,44.435318872406214,43.901911131854185,43.54247071930922,43.462805728030936,43.45372977952657,43.44904855610831,43.44842205298291,43.4701427430721,43.43593782745372,,,,,,,,,,,,,,44.46951848055129,44.59775780486551,44.52179875316579,44.1994083986207,43.6700856491429,43.47169176823368,43.455574117789475,43.44823790357664,43.443738023296895,43.44223876620462,43.47609477481915,43.22545389331504,,,44.444017691426765,43.82625499680464,"rgba(38, 166, 154, 0.5)",0.9540009065665513,43.98885227486028,0.9970092466294395,52.541613237614186,-4.32242353368936,True,False,True,False,True,6.524398001141698,0.0,0.0,0.0,0.0,0,1.014258459684707,0.906416306858118,False,False,False,False,0.24948091437669168,0.22351709145193333,False,False,False,False,7887.0,-2328.8587816552545,False,False,False,False,649.532526036614,False,False,False,False
2025-03-31 19:00:00+00:00,44.94,44.97,44.73,44.81,872.0,,,,,,,,,,,,,44.48078241884104,44.680931991265915,44.69232552034108,44.44301097484138,43.913471782943525,43.554151865192715,43.47378654139931,43.46392473890964,43.45887894568655,43.45787149644571,43.478686824506816,43.443514971050455,,,,,,,,,,,,,,44.51712490706319,44.605532417773794,44.528089330309065,44.21046271061688,43.6821037324953,43.483108893194675,43.46590988021981,43.4583581035333,43.453279679701694,43.45143379285487,43.484163674202236,43.23324914694704,,,44.48078241884104,43.838089764180665,"rgba(38, 166, 154, 0.5)",0.9332439403780382,44.001432476587205,0.8664053292274936,53.89122490763317,-3.006359058825879,True,False,True,False,True,5.526798567963326,0.0,0.0,0.0,0.0,0,1.014085924137237,0.9062279907435354,False,False,False,False,0.24710820035386827,0.2353126459029008,False,False,False,False,7015.0,-2183.9927540326926,False,False,False,False,652.9816341600773,False,False,False,False
2025-04-01 14:00:00+00:00,44.73,44.73,44.28,44.525,4.0,,,,,,,,,,,,,44.48079567815105,44.68091035922341,44.692302757302755,44.4430170102413,43.91350571778398,43.55419150727277,43.473824592437786,43.46396016851241,43.45891315709659,43.45790439875526,43.47871645037166,43.44354147539763,,,,,,,,,,,,,,44.517121662456034,44.6055184079602,44.528087825403006,44.21048667608193,43.6821429330876,43.4831483559699,43.46594577894493,43.45839332034961,43.45331293564385,43.45146586208723,43.48419162586145,43.23327751855407,,,44.48079567815105,43.83811150728943,"rgba(38, 166, 154, 0.5)",0.8948636314651507,44.00145122233563,0.5850598451600562,51.7207751250834,-3.006359058825879,True,False,False,False,True,3.3811641132289125,0.0,0.0,0.0,0.0,0,1.0033918595371107,0.9055267358339982,False,False,False,False,0.19322621783154945,0.21426943186722514,False,False,False,False,7011.0,-2041.434726838387,False,False,False,False,642.9199033979055,False,False,False,False
2025-04-01 15:00:00+00:00,44.525,44.885,44.525,44.765,19.0,,,,,,,,,,,,,44.48129266638103,44.680937107520705,44.69232231491683,44.44313470705827,43.91372432534618,43.55442170711095,43.47404244140404,43.464162686975065,43.45910855515213,43.45809229096264,43.478886208470456,43.4436924942471,,,,,,,,,,,,,,44.51770697490615,44.605603055048036,44.528173498206236,44.21068105596649,43.68237695914581,43.48337463438023,43.46615104425872,43.4585944429587,43.45350270837752,43.451648810693946,43.48435193811101,43.233434752780276,,,44.48129266638103,43.838309057515765,"rgba(38, 166, 154, 0.5)",0.8609513123064759,44.0016531452517,0.8866318499513104,52.61703842347963,-3.006359058825879,True,False,True,False,True,4.984230374683367,0.0,0.0,0.0,0.0,0,1.0061981405578324,0.9115265420373885,False,False,False,False,0.22430779482894614,0.21928861334808564,False,False,False,False,7030.0,-1900.7923279726754,False,False,False,False,633.2467266010387,False,False,False,False
2025-04-01 16:00:00+00:00,44.765,44.78,44.705,44.705,126.0,,,,,,,,,,,,,44.48460455858522,44.68113370860365,44.69247117786627,44.44392654500842,43.91517997999697,43.555952518748946,43.4754909732202,43.465509379265704,43.46040794025604,43.459341816301134,43.48001531592834,43.44469699223423,,,,,,,,,,,,,,44.521598293085056,44.60618475907713,44.5287541480196,44.21197888981449,43.68393369735708,43.484879167824054,43.4675159855316,43.459931848413504,43.4547647126518,43.45286547874432,43.48541829443671,43.23448011834014,,,44.48460455858522,43.839626512471284,"rgba(38, 166, 154, 0.5)",0.8090176614738771,44.00300115819584,0.8677175730938258,52.557779107591514,-3.006359058825879,True,False,True,False,True,4.530111304879878,0.0,0.0,0.0,0.0,0,1.0010109179134652,0.9248887990295185,False,False,False,False,0.2301815962284823,0.22473510478828396,False,False,False,False,6904.0,-1764.2839197870524,False,False,False,False,625.3824362661389,False,False,False,False
2025-04-01 17:00:00+00:00,44.705,44.705,44.46,44.51,256.0,,,,,,,,,,,,,44.48654678603279,44.6801420084122,44.69140298213415,44.44456458909729,43.917501833258115,43.55859751383778,43.47802243428763,43.46786644873383,43.4626839308031,43.46153102539563,43.48198891597736,43.4464611140332,,,,,,,,,,,,,,44.522917251051894,44.60573440927416,44.52892604195042,44.213728637960294,43.686565666067,43.487504928799154,43.46990428255391,43.46227436311835,43.45697698305183,43.454999007368116,43.48728118365992,43.23635626107175,,,44.48654678603279,43.841269941580414,"rgba(38, 166, 154, 0.5)",0.7551637433559466,44.004503815030596,0.669386195268033,50.47451838114651,-3.006359058825879,False,False,False,False,False,3.0603289419493898,0.0,0.0,0.0,0.0,0,0.9910976226605966,0.9242286292362162,False,False,False,False,0.20522345253255772,0.21497927866042083,False,False,False,False,6648.0,-1633.860913278726,False,False,False,False,619.6555767891446,False,False,False,False
2025-04-01 18:00:00+00:00,44.51,44.51,44.32,44.375,159.0,,,,,,,,,,,,,44.485180385407176,44.678752210259795,44.68997699085825,44.44441651107926,43.91858500654274,43.559976949040916,43.47936161061667,43.46911570607209,43.463891337517126,43.46269275107769,43.48303318336549,43.447399998351514,,,,,,,,,,,,,,44.52027232816573,44.60454848927875,44.528468367600816,44.21431648732123,43.68790006024472,43.48889166094234,43.471169626105706,43.463517017895626,43.45815173129365,43.456132416687396,43.488266192411935,43.23738106958557,,,44.485180385407176,43.84172492032176,"rgba(38, 166, 154, 0.5)",0.7090608050268424,44.00476083891959,0.5221543180156416,47.79734007903235,-3.006359058825879,False,True,False,True,False,2.054343610815689,0.0,0.0,0.0,0.0,0,0.9882281307083416,0.9292673026182259,False,False,False,False,0.17936232775009966,0.19717080320526026,False,False,False,False,6489.0,-1507.9250851658774,False,False,False,False,612.5136298621811,False,False,False,False
2025-04-01 19:00:00+00:00,44.375,44.78,44.375,44.76,819.0,,,,,,,,,,,,,44.4969074108701,44.67773920272558,44.688700125786156,44.4478041921745,43.92678467102517,43.568989387213634,43.48795295807198,43.47711768851304,43.471618984877345,43.470128400171966,43.489750950781826,43.45339923813274,,,,,,,,,,,,,,44.53219782930439,44.60553041863325,44.53046657783699,44.22103974676683,43.696948438668464,43.49780341111689,43.47927726699576,43.47146782243671,43.465663086754596,43.46337839826777,43.49461244854096,43.24369861467476,,,44.4969074108701,43.84829071959755,"rgba(38, 166, 154, 1.0)",0.6763750625395023,44.011144741655805,1.1071597695109547,50.06491799378044,-3.006359058825879,False,False,False,False,False,4.691114352704222,0.0,0.0,0.0,0.0,0,0.9956389452332655,0.9181541582150099,False,False,False,False,0.20444771238426282,0.20080925779476155,False,False,False,False,7308.0,-1371.2440760935383,False,False,False,False,615.7149689340853,False,False,False,False
2025-04-02 14:00:00+00:00,44.96,45.28,44.96,45.27,64.0,,,,,,,,,,,,,44.500910935563816,44.67870141306782,44.689628240280406,44.44878875989632,43.927890457792465,43.57003431607502,43.48892676116644,43.478022572445916,43.472491802839905,43.470968134511736,43.49051408788876,43.45407470370394,,,,,,,,,,,,,,44.5371928536466,44.6068095339258,44.531374240475444,44.2222141116869,43.698043504353905,43.498815914373196,43.480194533453144,43.47236562603238,43.46651032402554,43.464195415625696,43.49533458375707,43.24437718100858,,,44.500910935563816,43.84951583364986,"rgba(0, 255, 255, 0.75)",0.6466654035467158,44.01249521248927,1.944598830575741,55.19971260186573,-0.7149431502619024,True,False,True,False,True,7.966397604405394,0.0,0.0,0.0,0.0,0,1.0060667340748228,0.9087967644084931,False,False,False,False,0.29026509859919297,0.24553717819697726,False,True,False,False,7372.0,-1235.6899043711578,False,False,False,False,607.1612484854948,False,True,False,False
2025-04-02 15:00:00+00:00,45.27,45.305,45.09,45.13,290.0,,,,,,,,,,,,45.175,44.51860196078431,44.68305859974166,44.6938326015313,44.45324734483609,43.93289657272575,43.574766850705146,43.493338295575185,43.482122815349285,43.47644715935644,43.47477397409733,43.49397365259003,43.45713765647664,,,,,,,,,,,,,,44.55905105176081,44.61258443439759,44.535486955755324,44.227527112256276,43.703001971884234,43.50340217695547,43.48435071652461,43.47643387987147,43.470350072977624,43.46789856640993,43.49860871932408,43.24745392148243,,,44.51860196078431,43.90781388253477,"rgba(0, 255, 255, 0.75)",0.612853038539372,44.10347839674493,1.674988192441053,57.12048634126789,1.1114723366338168,True,False,True,False,True,6.897730841370663,0.0,0.0,0.0,0.0,0,1.0212006930995818,0.9000101926409129,False,False,False,False,0.3028428491795623,0.2741900136882698,False,False,False,False,7082.0,-1106.7334717452484,False,False,False,False,602.2440198268049,False,False,False,False
2025-04-02 16:00:00+00:00,45.13,45.13,44.97,44.985,159.0,,,,,,,,,,,,45.123062360801775,44.525832515538106,44.684712622899774,44.695413718611874,44.45517667496588,43.93530219742274,43.57711302635319,43.49553715148894,43.48416844175223,43.478421411273985,43.476674038234734,43.49569945718559,43.458669393077294,,,,,,,,,,,,,,44.567706182577425,44.61488835447742,44.53720758404145,44.229967986197636,43.705437004082874,43.505686384419235,43.48642387647962,43.478464276016425,43.47226749436249,43.469748263565336,43.50024185534339,43.249008625659556,,,44.525832515538106,43.90811323587316,"rgba(0, 255, 255, 0.75)",0.5694532069933846,44.1034585231786,1.548049016135645,56.89198140045868,1.1114723366338168,True,False,True,False,True,5.797829693626344,0.0,0.0,0.0,0.0,0,1.027281182184561,0.8922186628087213,False,False,False,False,0.27898093971677546,0.27658547670252265,False,False,False,False,6923.0,-982.2414799352445,False,False,False,False,595.3720195194126,False,False,False,False
2025-04-02 17:00:00+00:00,44.985,45.035,44.87,44.87,108.0,,,,,,,,,,,,45.084658886894076,44.529641836764746,44.6854919567154,44.696148481795355,44.456244859865535,43.936776282219235,43.578589174170524,43.49692667830742,43.48546206390113,43.47967033596607,43.47787622714791,43.49679060342595,43.45963973513722,,,,,,,,,,,,,,44.57212681865048,44.61605127314813,44.538125013690816,44.2314039752836,43.706957094604974,43.507128993499975,43.48773472940555,43.47974863733897,43.47348089485598,43.470919029918406,43.501274288781545,43.25000186568188,,,44.529641836764746,43.90795478948683,"rgba(38, 166, 154, 1.0)",0.5329714594391275,44.10299863974004,1.4391040020550214,55.57067287447999,1.1114723366338168,True,False,True,False,True,4.929088511901938,0.0,0.0,0.0,0.0,0,1.0261688043028545,0.8918080264791061,False,False,False,False,0.2577989167712203,0.26719219673687145,False,False,False,False,6815.0,-861.3540151300468,False,False,False,False,587.8158641780262,False,False,False,False
2025-04-02 18:00:00+00:00,44.87,44.88,44.73,44.805,180.0,,,,,,,,,,,,45.01635685210312,44.53395291525326,44.68613449226877,44.69672601151524,44.45756141381092,43.93892620819632,43.58082361634075,43.499042464924585,43.48743364876457,43.481574666858265,43.4797096649577,43.49845299446996,43.46112191728282,,,,,,,,,,,,,,44.5768318554271,44.61722486772484,44.539173157906205,44.233372352391655,43.70923340781005,43.50932389730292,43.48973221682127,43.481706863574054,43.47533191228641,43.472705439793316,43.50284693740787,43.251536243483415,,,44.53395291525326,43.907073440747006,"rgba(38, 166, 154, 1.0)",0.49535674650337025,44.10147206072175,1.4202449936219173,54.0191757012694,1.1114723366338168,True,False,True,False,False,4.436481990739338,0.0,0.0,0.0,0.0,0,1.019020891799189,0.9025049371167234,False,False,False,False,0.22603461323328114,0.24661340498507628,False,False,False,False,6635.0,-745.1314722598134,False,False,False,False,581.4931376016227,False,False,False,False
2025-04-02 19:00:00+00:00,44.805,44.96,44.73,44.935,1487.0,,,,,,,,,,,,44.92184352517985,44.5730115270076,44.694166380674545,44.70421177721927,44.47018585558649,43.95769109439455,43.60001371119732,43.51718586043103,43.50435199838195,43.49792083139397,43.49545418212818,43.512753457643164,43.47387392769702,,,,,,,,,,,,,,44.61948056944979,44.62980607433177,44.54972674246586,44.25106053021875,43.728861952480685,43.52814064966071,43.5068708572538,43.498509456303125,43.49122350836205,43.488048034238375,43.51638573523461,43.26466300718846,,,44.5730115270076,43.919817649844916,"rgba(0, 255, 255, 0.75)",0.44960496174054926,44.11385886666291,1.8263613687852138,54.27390792430003,1.1114723366338168,True,False,True,False,False,5.312980350010495,0.0,0.0,0.0,0.0,0,1.012587121606158,0.9048163944658272,False,False,False,False,0.2331853997713922,0.23989940237823423,False,False,False,False,8122.0,-607.6565657131497,False,False,False,False,595.5320036853185,False,False,False,False
2025-04-03 14:00:00+00:00,44.185,44.29,43.92,43.95,488.0,,,,,,,,,,,,44.765562930186825,44.5541870793745,44.68534575318251,44.69536442810319,44.46608927240871,43.95831619032312,43.60220898538932,43.519495963529025,43.50653994310371,43.50005087218822,43.49751248106735,43.51459020597623,43.47558400208033,,,,,,,,,,,,,,44.59409653313733,44.62071808539275,44.544659596424424,44.249287713431805,43.7306450232537,43.530504745828374,43.50908065264589,43.50069662552239,43.49331019522228,43.49007049223598,43.51811879802023,43.266750228677004,,,44.5541870793745,43.911551471868215,#000000,0.41665454396791185,44.10259295452984,-0.3662337462509194,47.1070246209577,2.541504029033675,False,True,False,True,False,0.0,0.0,0.0,0.0,0.0,0,0.9950915226505774,0.9107270682073828,False,False,False,False,0.10386805726756788,0.17188372982290107,False,False,False,False,7634.0,-479.8789445393023,False,False,False,False,593.864840837484,False,False,False,False
2025-04-03 15:00:00+00:00,43.95,44.15,43.86,43.99,425.0,,,,,,,,,,,,44.6618446498778,44.53723885251013,44.67722757973558,44.687228936115524,44.462134000239594,43.95855211232592,43.60387961645388,43.52129229560302,43.508246792002396,43.50171512417237,43.49912190134549,43.5160223417795,43.47692838271487,,,,,,,,,,,,,,44.57176997671472,44.6123112916932,44.53986018674019,44.247356236972756,43.731927982247704,43.532338105038775,43.51080348959151,43.50240495799019,43.49494304251782,43.49165443675408,43.519469540078276,43.26843637108018,,,44.53723885251013,43.905388328091824,#000000,0.39087925833266535,44.094097934844484,-0.26631736687314217,42.73300024066865,-1.4164814126652132,False,True,False,True,False,0.0,0.0,0.0,0.0,0.0,0,0.9969290613164087,0.9136042583683076,False,False,False,False,0.08674648707464487,0.12931510844877298,False,False,False,False,8059.0,-347.4932244689255,False,False,False,False,591.246781289616,False,False,False,False
2025-04-03 16:00:00+00:00,43.99,44.18,43.99,44.15,695.0,,,,,,,,,,,,44.56115344467641,44.51673119974415,44.66638545597053,44.676329965875205,44.457268612429495,43.9599104056158,43.60730913427095,43.5248492001737,43.51161264651534,43.50499043108173,43.50228745429966,43.51885834859007,43.47955735157789,,,,,,,,,,,,,,44.54484171942686,44.60135500129902,44.53370661815802,44.24559597105206,43.734824275583904,43.535982355071475,43.51420358571844,43.50576701998207,43.49814984248149,43.49476263713359,43.52214886911993,43.27157667345861,,,44.51673119974415,43.89960632877226,#000000,0.3551945539718644,44.08555242685515,0.1814430216459671,41.467865339749196,-2.5228586366616668,False,True,False,True,False,0.0,0.0,0.0,0.0,0.0,0,0.9956750077232002,0.9192668108330755,False,False,False,False,0.10043920406951545,0.11487715625914421,False,False,False,False,8754.0,-206.38480238413598,False,False,False,False,592.8553583238855,False,False,False,False
2025-04-03 17:00:00+00:00,44.15,44.225,43.705,43.74,1606.0,,,,,,,,,,,,44.36294225818315,44.45459202782236,44.63372764972934,44.6436366186001,44.439876836632735,43.95845965991315,43.61169574963526,43.52990530384677,43.5164675257581,43.50974776812621,43.50690003679205,43.522931115377894,43.4834790036787,,,,,,,,,,,,,,44.46756943423953,44.567435695693895,44.5132484366342,44.23560389474052,43.73754704337785,43.54109813413475,43.51909426220653,43.51064441423355,43.5028397909323,43.49932512243277,43.525986999824596,43.27688443244977,,,44.45459202782236,43.88286556859985,"rgba(239, 83, 80, 0.5)",0.3682467347550522,44.06186472989401,-0.8740463920422962,38.31649467476714,-5.497858362858359,False,True,False,True,False,0.0,0.0,0.0,0.0,0.0,0,0.9834491213731096,0.9184715978749485,False,False,False,False,0.07991259453581942,0.09739487539748182,False,False,False,False,7148.0,-92.36333257973077,False,False,False,False,608.5630271870812,False,False,False,False
2025-04-03 18:00:00+00:00,43.74,43.74,43.435,43.62,725.0,,,,,,,,,,,,44.272995564930504,44.417908960192236,44.61443293492695,44.62437851528087,44.42838856669427,43.95511734534948,43.61160279659446,43.53033037728844,43.51693896814303,43.5102391645881,43.507388469719096,43.52330280489908,43.483972276523915,,,,,,,,,,,,,,44.4236073712359,44.547014861748906,44.50030750271506,44.22762135950286,43.73645299932792,43.54146908691066,43.519557073689484,43.511144044597096,43.50335297634933,43.49983839712836,43.526326168582884,43.27812508539843,,,44.417908960192236,43.872472546892695,"rgba(239, 83, 80, 1.0)",0.3855560159581759,44.04779395024412,-1.109550707388077,35.625336534315025,-8.054449166937609,False,True,False,True,False,0.0,0.0,0.0,0.0,0.0,0,0.9770301859945113,0.9281431039739807,False,False,False,False,0.015695367212612575,0.0565451213050472,False,False,False,False,6423.0,8.650052421505364,False,False,False,False,610.3682515717775,False,False,False,False
2025-04-03 19:00:00+00:00,43.62,43.62,43.33,43.43,1097.0,,,,,,,,,,,,44.15015036730946,44.35959452460229,44.58277419462359,44.592799904406355,44.408790332995096,43.94826068203431,43.61002370575744,43.52967547202912,43.51644711388293,43.50982099725585,43.507008502966315,43.52283414207269,43.48381750016187,,,,,,,,,,,,,,44.355108324693276,44.513427409890234,44.47850941029655,44.21334299828178,43.73320430418526,43.54067790083128,43.51903534409789,43.51070688535661,43.50300329644745,43.49952832999875,43.52585898991717,43.27918105379782,,,44.35959452460229,43.85574326751566,"rgba(239, 83, 80, 1.0)",0.40877646482924773,44.02539470065537,-1.456528816804741,32.92709086331737,-10.64955574750676,False,True,False,True,False,0.0,0.0,0.0,0.0,0.0,0,0.9755825734549135,0.931914893617021,False,False,False,False,-0.0033933376158386897,0.026575891844604255,False,False,False,False,5326.0,91.08958649248977,False,False,False,False,617.9129298419824,False,False,False,False
2025-04-04 14:00:00+00:00,40.82,41.265,40.225,41.265,1023.0,,,,,,,,,,,,43.751001649965794,44.17472815907857,44.49139764371317,44.502160935892476,44.34413585500107,43.909629929666686,43.58412989850358,43.50719459171366,43.4956850966546,43.48986066145655,43.4877959875603,43.50497572544396,43.468463318317454,,,,,,,,,,,,,,44.14144555859414,44.412738003978895,44.41027664849403,44.15716214714689,43.702691525208195,43.51714209261112,43.497961766033804,43.490206447490145,43.483707113388036,43.48092875909533,43.50884319091301,43.266467410663374,,,44.17472815907857,43.79122920466339,"rgba(255, 26, 202, 1.0)",0.5612924836948642,43.945079883806564,-4.774836581035596,26.22027756907804,-16.87661283001495,False,True,False,True,False,0.0,0.0,0.0,0.0,0.0,0,0.9535372848948371,0.9433078393881449,False,False,False,False,-0.34282825441539394,-0.15812618128539485,False,False,False,False,4303.0,156.39052313601707,False,False,False,False,624.1933495343548,False,False,False,False
2025-04-04 15:00:00+00:00,41.265,41.695,40.77,40.77,207.0,,,,,,,,,,,,43.68583765213978,44.14143186147185,44.474262789419214,44.48515639370745,44.331941011996015,43.902344384499344,43.57926171683139,43.50297091100527,43.49178258450773,43.486108087452244,43.48418297173629,43.501613577594405,43.465572319253006,,,,,,,,,,,,,,44.10339104949385,44.393947767221114,44.39740504006169,44.146576531685646,43.69694785422017,43.512721058946134,43.494000996394014,43.48635325821307,43.48007894001775,43.477430719671425,43.50563808213304,43.26408565228671,,,44.14143186147185,43.779641728478346,"rgba(255, 26, 202, 1.0)",0.711623730164634,43.930655143206444,-4.441469570548503,21.232834852881286,-21.334391683120376,False,True,False,True,False,0.0,0.0,0.0,0.0,0.0,0,0.96117236829705,0.9377061539911409,False,False,False,False,-0.2676852556168143,-0.21290571845110456,False,False,False,False,4096.0,217.4697398315827,False,False,False,False,617.7252355880856,False,False,False,False
2025-04-04 16:00:00+00:00,40.77,40.99,40.39,40.41,648.0,,,,,,,,,,,,43.46677628219159,44.02599272958755,44.41426560012734,44.42562603854118,44.28878251876681,43.87592896545486,43.56123209293793,43.48723556279679,43.47722511917603,43.47210108498601,43.47069194792337,43.489068472275,43.45475035655035,,,,,,,,,,,,,,43.972116791835155,44.328121862265135,44.35199129050498,44.10877553926885,43.67585152632074,43.496266403685226,43.479229843277956,43.4719733958951,43.466527950025274,43.46436054164569,43.493678930261,43.255027442965456,,,44.02599272958755,43.73894393157061,"rgba(255, 26, 202, 1.0)",0.8538416999940569,43.880200860170454,-4.064220405485714,17.57000653992816,-24.589263230959677,False,True,False,True,False,0.0,0.0,0.0,0.0,0.0,0,0.9627634439088929,0.9529345052452505,False,False,False,False,-0.34282825441539394,-0.27786698643324925,False,False,False,False,3448.0,267.5554802993101,False,False,False,False,618.1946117805184,False,False,False,False
2025-04-04 17:00:00+00:00,40.41,40.765,40.2,40.74,858.0,,,,,,,,,,,,43.2179903628118,43.883061925868816,44.337055391766874,44.34898930955963,44.23272194025393,43.8412991051454,43.537467277466725,43.46645942388471,43.45798632790921,43.45358168996986,43.45284740584686,43.47246249947542,43.44040546098018,,,,,,,,,,,,,,43.811370082929685,44.243760384249924,44.2930626550493,44.05955173494079,43.648103229365034,43.47455270322832,43.4597119457339,43.45296668853694,43.44860497858121,43.44706685597363,43.47784120714207,43.243001109499616,,,43.883061925868816,43.6880768678468,"rgba(255, 26, 202, 1.0)",0.954916500288173,43.81725838614435,-3.222541850743705,17.66998298298267,-24.589263230959677,False,True,False,True,False,0.0,0.0,0.0,0.0,0.0,0,0.9469326307866011,0.9618931125329315,False,False,False,False,-0.34282825441539394,-0.3103476204243216,False,False,False,False,4306.0,330.167023240406,False,False,False,False,621.9125247761692,False,False,False,False
2025-04-04 18:00:00+00:00,40.74,41.005,40.23,40.34,233.0,,,,,,,,,,,,43.15664841789684,43.84578390267917,44.31638543048411,44.32846810846498,44.21761193899324,43.83189694543477,43.53098544313929,43.46078478616061,43.45272797689582,43.44851832339004,43.447967101623476,43.46791870117728,43.4364761158287,,,,,,,,,,,,,,43.76975689727007,44.22123825985997,44.27719296977145,44.04625686765141,43.640548380398656,43.46862449106342,43.45437797886034,43.447771186031936,43.443703342591675,43.44233599694267,43.47350623561337,43.23970117224478,,,43.84578390267917,43.674687478818726,"rgba(255, 26, 202, 1.0)",1.0635335164162092,43.800716093894856,-3.2539793438352875,17.11818412143284,-25.367597748762396,False,True,False,True,False,0.0,0.0,0.0,0.0,0.0,0,0.9462775350869036,0.9558509155125937,False,False,False,False,-0.3227897346274552,-0.3165686775258884,False,False,False,False,4073.0,388.19544148474085,False,False,False,False,615.8828732292518,False,False,False,False
2025-04-04 19:00:00+00:00,40.34,40.845,40.2,40.69,4490.0,,,,,,,,,,,,42.37013882283671,43.26998214215627,43.96275078485492,43.97700060532686,43.95262165390935,43.663349639834,43.41343230358168,43.35746699024477,43.35673809240473,43.35597426285781,43.35866025756548,43.38455385139305,43.36412255825056,,,,,,,,,,,,,,43.14376887568622,43.840514757227304,43.999529589442645,43.81187775018188,43.50415967331281,43.36085482790502,43.35705393726999,43.35289732128612,43.35402571376793,43.35568546657236,43.39385447686509,43.1788586022135,,,43.26998214215627,43.457594918277884,"rgba(255, 26, 202, 1.0)",1.1441925552998884,43.53392119054733,-2.4855267388118545,19.346196701309047,-25.367597748762396,False,True,False,True,False,0.0,0.0,0.0,0.0,0.0,0,0.9493635860542332,0.9579413392363029,False,False,False,False,-0.33686388859060723,-0.32671628305824785,False,False,False,False,8563.0,514.9365974307138,False,False,False,False,675.9467046520541,False,False,False,False
2025-04-07 14:00:00+00:00,40.45,41.79,40.41,40.985,2087.0,,,,,,,,,,,,42.207650343131434,43.1027923287141,43.840554882807226,43.85530239690634,43.8579812081379,43.602176674928636,43.37070270897721,43.31984451354373,43.32165790238199,43.32209718576588,43.3259068217171,43.35381649220029,43.337345488790945,,,,,,,,,,,,,,42.96980189233191,43.71177813787948,43.90047757135163,43.72811354990611,43.45462000835786,43.32168576792784,43.32150891876652,43.31821796024736,43.32115645604177,43.32387236530848,43.364407411664835,43.156597409751065,,,43.1027923287141,43.388402655901515,"rgba(255, 26, 202, 1.0)",1.206339160920864,43.44935975853494,-2.0428415476902537,22.884262957032814,-25.367597748762396,False,True,False,True,True,0.0,0.0,0.0,0.0,0.0,0,0.9536651583710404,0.944072398190045,False,False,False,False,-0.25305816997320646,-0.2898872265157272,False,False,False,False,10650.0,672.0693633620206,False,False,False,False,697.8234999287664,False,False,False,False
2025-04-07 15:00:00+00:00,40.985,40.985,40.37,40.795,741.0,,,,,,,,,,,,42.14468693603846,43.04033007147819,43.794524912671406,43.809462577525466,43.82188814116478,43.57828685340572,43.35369112906482,43.3047856131695,43.307596870143755,43.30850908864835,43.31276324137901,43.341484496613255,43.32656864268512,,,,,,,,,,,,,,42.90488594683566,43.66330952900923,43.86281527540534,43.69589602914494,43.4350439510604,43.306023440923035,43.30726535461543,43.30431194259897,43.30796416299822,43.31109777627901,43.35259041538679,43.1475224825034,,,43.04033007147819,43.36173219522993,"rgba(255, 26, 202, 1.0)",1.2692638428249594,43.416952069568545,-2.0657265897789614,24.690508575626104,-32.29068663898917,False,True,False,True,True,0.0,0.0,0.0,0.0,0.0,0,0.9522905936568172,0.9628625643805906,False,False,False,False,-0.31396438183998154,-0.30192580417785436,False,False,False,False,9909.0,815.2775902866404,False,False,False,False,698.492903030646,False,False,False,False
2025-04-07 16:00:00+00:00,40.795,40.795,40.18,40.18,2619.0,,,,,,,,,,,,41.91615276538069,42.81546072344736,43.625749949598024,43.641368350357645,43.687763928417084,43.48750072369372,43.28792667935435,43.246284021737196,43.25288396152463,43.255595354098006,43.26154923713665,43.29341471162186,43.28442739301911,,,,,,,,,,,,,,42.671997906227205,43.48594803307924,43.723244355909685,43.575264484386445,43.35986711463714,43.24524276010011,43.25185883792316,43.2501817160604,43.25655598534249,43.26128724358477,43.306505829662015,43.111678449460335,,,42.81546072344736,43.26222842063037,"rgba(255, 26, 202, 1.0)",1.3492585284431795,43.296745482679505,-2.309969080777805,24.312839259666575,-32.29068663898917,False,True,False,True,True,0.0,0.0,0.0,0.0,0.0,0,0.9380987472365508,0.9874723655121588,False,False,False,False,-0.34208143121756035,-0.32200361769770736,False,False,False,False,7290.0,915.6608834604908,False,False,False,False,728.2682068596281,False,False,False,False
2025-04-07 17:00:00+00:00,40.18,40.855,40.18,40.795,770.0,,,,,,,,,,,,41.86811409374603,42.76188283484771,43.582489629519216,43.59824311008466,43.65285168161929,43.46364804248752,43.270598190400165,43.23084522967482,43.23841723004596,43.241591817842284,43.247982359963956,43.28064831005034,43.27321007391753,,,,,,,,,,,,,,42.61745144519261,43.440919057592325,43.6869396738856,43.54383721943878,43.340083343455376,43.22921925218147,43.237213755021536,43.2358668506835,43.24294137755183,43.248084134211204,43.294250359562206,43.10217143425889,,,42.76188283484771,43.23718002028939,"rgba(255, 0, 0, 1.0)",1.398258511458071,43.266600304836494,-1.7676275771489252,28.104679299056468,-28.414932980824727,False,True,False,True,True,0.0,0.0,0.0,0.0,0.0,0,0.9431110296812015,0.9669292781238547,False,False,False,False,-0.337608164515558,-0.32980589110663266,False,False,False,False,8060.0,1026.425831003739,False,False,False,False,728.91521140444,False,False,False,False
2025-04-07 18:00:00+00:00,40.795,40.9,40.27,40.335,4991.0,,,,,,,,,,,,41.60507019709185,42.45439683448269,43.32040254080802,43.336807745224064,43.43702716178138,43.31261516535384,43.1591361121417,43.13103625354769,43.14464322165775,43.15070530543704,43.159825135171076,43.19751538400066,43.199855459041736,,,,,,,,,,,,,,42.307768409630775,43.17010848563165,43.46309464806183,43.348282266269976,43.21361672528818,43.125795802754276,43.14232994887406,43.1430386648255,43.15448514706391,43.16220535503585,43.21433644859815,43.03965430207747,,,42.45439683448269,43.083750108794035,"rgba(255, 0, 0, 1.0)",1.4546392079224657,43.08335419805887,-1.8893717308665867,29.231170836136776,-27.06950068006277,False,True,False,True,True,0.0,0.0,0.0,0.0,0.0,0,0.9438480594549956,0.9731167997063948,False,False,False,False,-0.32759042683334566,-0.32869815896998916,False,False,False,False,3069.0,1058.0936475773244,False,False,False,False,794.9940453361542,False,False,False,False
2025-04-07 19:00:00+00:00,40.45,40.62,40.245,40.455,1578.0,,,,,,,,,,,,41.53822850390839,42.37132566749422,43.24495853182176,43.2614928438835,43.3735038728453,43.26703872952673,43.12496392278043,43.100276429654535,43.11565663528891,43.12257130798914,43.13249873721298,43.171678720010156,43.17695245557941,,,,,,,,,,,,,,42.22515668357765,43.092830176269395,43.397385156820334,43.29035230557554,43.175087488409204,43.093978546690295,43.11301636294062,43.11433189756706,43.12707101866668,43.13555597603674,43.18946030411166,43.020043836376075,,,42.37132566749422,43.03901664444146,"rgba(255, 0, 0, 1.0)",1.4995476885615677,43.030385883126954,-1.7174418011322996,30.745371662681038,-25.3145709867687,False,True,False,True,True,0.0,0.0,0.0,0.0,0.0,0,0.9306028531983429,0.9876668200644267,False,False,False,False,-0.34282825441539394,-0.33576320669269155,False,False,False,False,4647.0,1113.735606529614,False,False,False,False,807.1336725402448,False,False,False,False
2025-04-08 14:00:00+00:00,41.65,41.715,41.04,41.04,726.0,,,,,,,,,,,,41.531202047394714,42.35072623596898,43.22138334454046,43.23789379138172,43.35314133943456,43.25253076807904,43.11427159711776,43.09067540724515,43.10657620547342,43.113743448585865,43.12390606052926,43.16349487221935,43.169680389218954,,,,,,,,,,,,,,42.2060078839656,43.06933255421373,43.376272144561874,43.27196004853215,43.162957508907574,43.08406412553822,43.10383929446798,43.105339827608155,43.11845910627528,43.127168816945336,43.1815539798771,43.013973884418796,,,42.35072623596898,43.026006187300034,"rgba(239, 83, 80, 1.0)",1.5286439936949112,43.01503273395808,-1.2920161542545925,35.174027607432855,-20.9323164557942,False,True,False,True,True,0.0,0.0,0.0,0.0,0.0,0,0.93527861103536,0.973184255976729,False,False,False,False,-0.20841284441059735,-0.27208802555164446,False,False,False,False,5373.0,1179.7707134051236,False,False,False,False,805.8757861442721,False,False,False,False
2025-04-08 15:00:00+00:00,41.04,41.345,40.855,41.345,1332.0,,,,,,,,,,,,41.515453269289324,42.31210839140605,43.177776850440026,43.194247460904286,43.31533608685801,43.2253590531635,43.094100860353244,43.07252681226657,43.089402406405185,43.09704286666062,43.107647291108925,43.14801002291625,43.155903612368434,,,,,,,,,,,,,,42.16984987412216,43.02583584172346,43.33711688120336,43.23770432707095,43.140138761593484,43.06533016171086,43.086484510390065,43.08833052315741,43.10216297765539,43.111294852240064,43.16659239747033,43.00242031764067,,,42.31210839140605,43.00152705640475,"rgba(239, 83, 80, 1.0)",1.5477654715605402,42.98621638692247,-1.0603779558848216,39.680177227253665,-16.662224940243867,False,False,False,True,True,0.0,0.0,0.0,0.0,0.0,1,0.9323658269441397,0.9815626140927343,False,False,False,False,-0.24692077397931628,-0.25950439976548034,False,False,False,False,6705.0,1265.433182964734,False,False,False,False,814.0327507001748,False,False,False,False
2025-04-08 16:00:00+00:00,41.345,41.345,40.83,40.84,1067.0,,,,,,,,,,,,41.49767156382632,42.27841221712168,43.14119361337287,43.15764508479709,43.28355872811257,43.20226458317086,43.07677948387198,43.056900675511365,43.07461115212298,43.08265682767808,43.093641456232916,43.134680468842625,43.14402938959802,,,,,,,,,,,,,,42.13781815370341,42.98921070213283,43.304255850192796,43.208774014524074,43.120620482461014,43.04920466909707,43.071538320905915,43.07367813591722,43.088122677124204,43.09761744646497,43.15371550362064,42.992382036813765,,,42.27841221712168,42.98043932948869,"rgba(239, 83, 80, 1.0)",1.5776742633006173,42.96145636178575,-1.3446732390420661,40.5045535046491,-15.817667390621182,False,False,False,True,True,0.0,0.0,0.0,0.0,0.0,0,0.9546430237984129,0.9811479234717682,False,False,False,False,-0.2486715537208491,-0.25408797674316475,False,False,False,False,5638.0,1333.22491656218,False,False,False,False,817.9547235575365,False,False,False,False
2025-04-08 17:00:00+00:00,40.84,40.84,40.35,40.49,1728.0,,,,,,,,,,,,41.447597502935906,42.20954500827186,43.07267898105478,43.08916398411316,43.22421280825861,43.15849365365441,43.04343264298367,43.02670827939308,43.04604109820218,43.05487259894749,43.06660142586864,43.10900365131309,43.121131500901704,,,,,,,,,,,,,,42.07054774241302,42.91994326276244,43.243029876568706,43.15433290910388,43.08326472433986,43.01804836649597,43.04266775986093,43.04536940001826,43.06100588857234,43.07120876594961,43.1289316305484,42.97274479069335,,,42.20954500827186,42.939223130129,"rgba(239, 83, 80, 1.0)",1.6211242706532292,42.913178944548385,-1.4947521225945046,39.72229813253063,-15.817667390621182,False,False,False,True,True,0.0,0.0,0.0,0.0,0.0,0,0.9455056179775276,0.9920411985018722,False,False,False,False,-0.3189775535788423,-0.2865327651610035,False,False,False,False,3910.0,1373.1749178557895,False,False,False,False,832.0639526496677,False,False,False,False
2025-04-08 18:00:00+00:00,40.49,40.52,40.005,40.01,1395.0,,,,,,,,,,,,41.39513924688176,42.145888541924066,43.01195844299069,43.02850537281028,43.17155968342874,43.11916490866262,43.013110566564514,42.99917201432203,43.019977142323526,43.02952151563397,43.04192943191191,43.08559734960823,43.10022924304143,,,,,,,,,,,,,,42.00758676207512,42.85825305933716,43.18880775425824,43.10575951514584,43.04945093899847,42.98964144173862,43.01633126591485,43.01953824443111,43.036258948828106,43.047107085764594,43.106345069031384,42.95465021932371,,,42.145888541924066,42.90165935059804,"rgba(255, 0, 0, 1.0)",1.6767544610116845,42.8693042642365,-1.7052611641845956,37.57803762192745,-15.817667390621182,False,False,False,True,False,0.0,0.0,0.0,0.0,0.0,0,0.9373087266994339,0.9880367244737082,False,False,False,False,-0.34282825441539394,-0.3146805097881987,False,False,False,False,2515.0,1390.8776323076377,False,False,False,False,840.791643306262,False,False,False,False
2025-04-08 19:00:00+00:00,40.01,40.01,39.57,39.58,4502.0,,,,,,,,,,,,41.19800222193177,41.923072052772945,42.80321163805042,42.82002192859674,42.98917797339592,42.980310183378855,42.90435003007763,42.899960764416264,42.925941537753936,42.937995833077395,42.95280884134837,43.001029127225124,43.024481903282876,,,,,,,,,,,,,39.71999999999999,41.785760764210465,42.64578929692121,43.00144410850759,42.93634171010659,42.92890674676574,42.88738707040676,42.92133710149939,42.92631000721751,42.946858962075865,42.95999210969657,43.02470488063492,42.88843855285833,,39.71999999999999,41.923072052772945,42.641807871734024,"rgba(255, 0, 0, 1.0)",1.741406889545064,42.55439401785441,-1.708040800637618,34.88430259481687,-15.817667390621182,False,True,False,True,False,0.0,1.0,40.01,39.57,0.0,0,0.9384643985870975,0.9986056887897375,True,False,False,False,-0.34282825441539394,-0.3287543821017963,False,False,False,False,-1987.0,1338.5074364579068,True,False,False,False,897.5545635650797,True,False,False,False
2025-04-09 14:00:00+00:00,40.6,40.93,40.13,40.13,1391.0,,,,,,,,,,,,41.16988695791085,41.88094949014005,42.756967729457905,42.77374078396374,42.947531806615764,42.94810724313023,42.87901915931401,42.876776713961384,42.90386697745627,42.91646478581568,42.931794817997556,42.98096550158123,43.00641261272842,,,,,,,,,,,,,39.87972226935912,41.74535276116385,42.59970628525976,42.95868690504287,42.897674780908176,42.90089314733664,42.863550047587935,42.899055697958715,42.90441725877167,42.92579300556445,42.93942126477899,43.005273526853045,42.87277828983833,,39.87972226935912,41.88094949014005,42.61968126122633,"rgba(239, 83, 80, 1.0)",1.7857767558185091,42.529978249215915,-1.3439408041325327,36.39859036393183,-15.817667390621182,False,False,False,True,False,0.0,0.0,0.0,0.0,0.0,0,0.9572128269106361,0.9654375750854818,False,False,False,False,-0.2485525152536585,-0.2886534486777274,False,False,False,False,-596.0,1308.5150731019703,False,False,False,False,905.2048804090318,False,False,False,False
2025-04-09 15:00:00+00:00,40.13,40.935,40.13,40.81,1396.0,,,,,,,,,,,,41.1513532072836,41.84710320064861,42.71663070584407,42.73333122280447,42.910682562954364,42.91940660141362,42.85639810880824,42.856039851176554,42.88407970766601,42.89714516508938,42.912918251786394,42.96289000027482,42.99009139750635,,,,,,,,,,,,,40.02245895641835,41.71357293317619,42.559918597098935,42.920865008049276,42.86347121901435,42.875902414531765,42.84225391449335,42.879090779499585,42.884789654293286,42.90687573253549,42.92093005509519,42.987740948863404,42.85868955897585,,40.02245895641835,41.84710320064861,42.600637607853024,"rgba(239, 83, 80, 0.5)",1.8123985700106453,42.50914564312382,-0.9375121296381516,40.71571203442832,-15.191712442456975,False,False,False,True,True,0.0,0.0,0.0,0.0,0.0,0,0.9584643848288616,0.9617021276595742,False,False,False,False,-0.24824208725956204,-0.2684477679686447,False,False,False,False,800.0,1300.6311184802341,False,False,False,False,912.8141070693569,False,False,False,False
2025-04-09 16:00:00+00:00,40.81,41.0,40.6,40.805,813.0,,,,,,,,,,,,41.14456082507068,41.830949254014996,42.69576035229297,42.7124042561697,42.891373667417405,42.904278425549236,42.844458655555094,42.84508064198634,42.87360243334903,42.886906424664964,42.90290455632696,42.9532763120459,42.98139129038675,,,,,,,,,,,,,40.10064901670369,41.69875333986313,42.53952630602869,42.901049849145274,42.84555704580835,42.86272221614327,42.831010590473106,42.86852304557392,42.87439545422,42.896843288393924,42.911114905729555,42.9784034629624,42.85120820416011,,40.10064901670369,41.830949254014996,42.591019824635026,"rgba(239, 83, 80, 0.5)",1.8360946240508744,42.49872595749413,-0.9224611495007575,43.57153203400933,-12.460888921588591,True,False,False,True,True,0.0,0.0,0.0,0.0,0.0,0,0.963762743280815,0.9570898980537533,False,False,False,False,-0.21528307266303268,-0.2418654203158387,False,False,False,False,-13.0,1280.264744550308,False,False,False,False,911.2666015333978,False,False,False,False
2025-04-09 17:00:00+00:00,40.805,42.865,40.805,42.865,695.0,,,,,,,,,,,,41.16144618096357,41.83547808416181,42.690984124032646,42.707503487855206,42.885836340950135,42.89987218787117,42.8411661415699,42.842053872163845,42.87062484466438,42.88395907272747,42.89997856928427,42.95034064997668,42.978671341848745,,,,,,,,,,,,,40.264794816414685,41.70532461259413,42.53598034645609,42.895318846698,42.84063776971548,42.859024714774705,42.82795080124207,42.86553467151771,42.871439008739245,42.89392805783397,42.90822512615662,42.97549271591821,42.84912264975563,,40.264794816414685,41.83547808416181,42.595662655445224,#000000,1.8321351031067792,42.50504129882179,0.19646951830562462,51.99186630598372,-4.721288984963799,True,False,True,False,True,0.0,0.0,0.0,0.0,0.0,0,0.9695550351288049,0.923617366240317,False,False,False,False,-0.09136845620060928,-0.166616938258224,False,False,False,False,682.0,1270.9893221541793,False,False,False,False,907.9136309669885,False,False,False,False
2025-04-09 18:00:00+00:00,43.14,43.27,42.47,42.48,919.0,,,,,,,,,,,,41.194819181485656,41.85080670244087,42.69157518818367,42.70789306617268,42.88435400859748,42.898599282638635,42.84050922785598,42.84144492563544,42.869889288529976,42.883171601073,42.89912885880958,42.94929226641793,42.9776071888322,,,,,,,,,,,,,40.4989151914368,41.723737630952144,42.538594888814515,42.89370713503381,42.83966612386405,42.858180444067095,42.827408950534526,42.86482004108982,42.87070492679993,42.89310663863954,42.90735245030249,42.97436525798118,42.84867724327231,,40.4989151914368,41.85080670244087,42.60718601864756,#000000,1.8277863463567012,42.5196586067333,-0.0216976162516782,55.88531626579347,-1.3843277841208632,True,False,True,False,True,0.0,0.0,0.0,0.0,0.0,0,1.0025869759143615,0.9098126672613737,False,False,False,False,0.029796419138891642,-0.06841025955966618,False,False,False,False,-237.0,1247.6096427409361,False,False,False,False,908.0855126574229,False,False,False,False
2025-04-09 19:00:00+00:00,42.48,43.165,42.48,42.93,1016.0,,,,,,,,,,,,41.232812446142894,41.8693359278366,42.69376906177027,42.70986087150568,42.88406485836158,42.89824793811924,42.840636271373526,42.84155560357433,42.86981779301499,42.88302229519191,42.898890705201886,42.94879380216258,42.97702214047083,,,,,,,,,,,,,40.72228164989439,41.745629292718284,42.54306159021743,42.89330592735648,42.839863272384555,42.85818163368459,42.82761815506313,42.864779471963864,42.87062900774118,42.89290269198947,42.90707292432553,42.97375433577935,42.84872062089815,,40.72228164989439,41.8693359278366,42.619476386713785,#000000,1.8239442633139111,42.535148230484786,0.2164823659675927,59.5675582854268,1.8643229898069436,True,False,True,False,True,0.04741148827272923,0.0,0.0,0.0,0.0,0,1.0022200515051942,0.915638042802593,False,False,False,False,0.024243680456850585,-0.022083289551407793,False,False,False,False,779.0,1240.344376962007,False,False,False,False,909.7586054844396,False,False,False,False
2025-04-10 14:00:00+00:00,43.175,43.88,42.57,43.48,973.0,,,,,,,,,,,,41.277273343892524,41.89427039975333,42.701436487638524,42.71728563496805,42.888549938854794,42.901660151148654,42.8438184094335,42.844477281711065,42.872410532857934,42.88546621527554,42.90117630309369,42.950679576400496,42.9785789865693,,,,,,,,,,,,,40.93739057382884,41.774011405307974,42.553186704838915,42.89778339149512,42.84457073565631,42.86152350074876,42.8307232546293,42.867430242804005,42.87319603734083,42.895232363009455,42.90926137632298,42.97544127681444,42.85069660415018,,40.93739057382884,41.89427039975333,42.63507336497578,"rgba(38, 166, 154, 0.5)",1.8197707335053426,42.55437060599506,0.5086516542784144,63.23302954406458,5.193878137154201,True,False,True,False,True,2.3978977199568767,0.0,0.0,0.0,0.0,0,0.9995623632385114,0.9122100656455142,False,False,False,False,0.07137760083911338,0.02464715564385279,False,False,False,False,1752.0,1248.2770222804254,False,False,False,False,910.7390922211149,False,False,False,False
2025-04-10 15:00:00+00:00,43.67,44.43,43.305,43.305,1452.0,,,,,,,,,,,,41.351644674198816,41.93923102710825,42.719275012973085,42.73473730425264,42.900794203825036,42.91116807163368,42.85219354942552,42.852182108977914,42.879447251509724,42.89219527156427,42.90758466740338,42.95631772111689,42.98343906431188,,,,,,,,,,,,,41.24006359099085,41.824254596177816,42.574957398019144,42.9101282734084,42.856870162702194,42.87045898151141,42.83880370751398,42.87458623450352,42.88016954382206,42.90171941210519,42.91545814968219,42.9806769775103,42.8559642798815,,41.24006359099085,41.93923102710825,42.66193427824993,#000000,1.8163738081162861,42.587054997700236,0.3952628027841506,64.786917765259,6.698957281279668,True,False,True,False,True,1.6177981718998424,0.0,0.0,0.0,0.0,0,1.0114068441064634,0.9055478741790529,False,False,False,False,0.14736733837703053,0.08600724701044166,False,False,False,False,300.0,1233.5750529427444,False,False,False,False,919.1307342021829,False,False,False,False
2025-04-10 16:00:00+00:00,43.465,43.68,42.94,43.67,597.0,,,,,,,,,,,,41.37776247009212,41.95450535180004,42.72456234137911,42.739880952380936,42.90413913945707,42.91376090662782,42.85456326797926,42.85436463698062,42.88141257075661,42.894061498548815,42.909346095341384,42.95781856137001,42.98470764296661,,,,,,,,,,,,,41.335118995686095,41.841471679927196,42.581696149614956,42.91347989402561,42.86031854173596,42.872959363164114,42.84110743051839,42.87659007813965,42.88211660250594,42.90350880179139,42.91715347723149,42.98204564858754,42.857459549396665,,41.335118995686095,41.95450535180004,42.67033808394435,"rgba(38, 166, 154, 0.5)",1.8121398753760638,42.597326544715614,0.5919374491231156,66.69529503067416,8.708777430188348,True,False,True,False,True,3.1588695668854534,0.0,0.0,0.0,0.0,0,1.0035123789942597,0.9184442731088839,False,False,False,False,0.08136491121414219,0.08368607911229192,False,False,False,False,897.0,1228.356835067663,False,False,False,False,914.1364592533118,False,False,False,False
2025-04-10 17:00:00+00:00,43.67,44.19,43.525,44.19,631.0,,,,,,,,,,,,41.41172005484233,41.976080370584164,42.73426584652159,42.749412269807884,42.911201459076096,42.91930195183692,42.859370404317474,42.85879425696612,42.88549813050896,42.89798721668512,42.9131066314749,42.96119138045644,42.98765219694636,,,,,,,,,,,,,41.450625304136246,41.8653049191973,42.59315146000532,42.92061920799725,42.86732033769304,42.87810863027612,42.84573102266252,42.880737419528344,42.88616701532935,42.90730738209251,42.92080148018599,42.98521086252233,42.860509594465256,,41.450625304136246,41.976080370584164,42.68266668846602,"rgba(38, 166, 154, 0.5)",1.8058566308462083,42.61218630967583,0.8737203515346735,69.10344488485194,11.260496448403636,True,False,True,False,True,5.287151948768695,0.0,0.0,0.0,0.0,0,1.0135673704740094,0.9079114729076572,False,False,False,False,0.14617385181654227,0.1149299654644171,False,False,False,False,1528.0,1233.0024655317304,False,False,False,False,909.7467467067489,False,False,False,False
2025-04-10 18:00:00+00:00,44.19,44.67,43.96,44.47,717.0,,,,,,,,,,,,41.4550870944632,42.00483236881097,42.74860989578864,42.76354580062729,42.92209465901182,42.92789204446689,42.86672662237773,42.86557675980646,42.891797498438024,42.904060480227635,42.91894824654823,42.96650168451305,42.992327109593944,,,,,,,,,,,,,41.58907065289365,41.896754519788864,42.60964488918865,42.93165515332786,42.878009615097795,42.88601769102703,42.85278687923532,42.88712397320083,42.892413628740414,42.9131990521772,42.926480671922135,42.99023018881312,42.865193938500134,,41.58907065289365,42.00483236881097,42.69925548720347,"rgba(38, 166, 154, 1.0)",1.8041682768442688,42.632040503592435,1.0187295276150183,71.27763740083438,13.622871915229773,True,False,True,False,True,6.403720181788458,0.0,0.0,0.0,0.0,0,1.0208350906790378,0.9059468578658795,False,False,False,False,0.20125805194544777,0.15809400870493243,False,False,False,False,2245.0,1248.6923497870525,False,False,False,False,906.7584250523806,False,False,False,False
2025-04-10 19:00:00+00:00,44.47,44.64,43.85,44.15,2429.0,,,,,,,,,,,,41.58572784234198,42.09129437710871,42.79095170939153,42.80523407873915,42.954024320719945,42.95322787343731,42.88862860439839,42.885805892155,42.91056762388146,42.922148535330855,42.93633421625499,42.98225923574945,43.006190570791546,,,,,,,,,,,,,41.952674215199735,41.991395429673474,42.658626483248874,42.96395709255915,42.909499919093854,42.90948666060054,42.873838632208596,42.90615713441656,42.91102838566446,42.93074081583154,42.9433794399092,43.005102102282514,42.879250198169146,,41.952674215199735,42.09129437710871,42.746731247639566,"rgba(38, 166, 154, 0.5)",1.799584306354032,42.68873431293213,0.8120017950303225,70.77115543271222,13.622871915229773,True,False,True,False,True,4.9111131150497975,0.0,0.0,0.0,0.0,0,1.0132798797293907,0.909546479579053,False,False,False,False,0.19275951917851689,0.17542676394172466,False,False,False,False,-184.0,1226.48006529423,False,False,False,False,930.3590696252119,False,False,False,False
2025-04-11 14:00:00+00:00,45.67,46.31,45.51,45.73,2054.0,,,,,,,,,,,,41.749941255140165,42.211740901952204,42.863945264095406,42.87751150893169,43.01333979837061,43.00071669912418,42.928805469505136,42.92295666676838,42.945452694751495,42.95595808994809,42.96905646106378,43.01258257786749,43.0332349700211,,,,,,,,,,,,,42.36141085865032,42.120245596921905,42.73897706982426,43.02418072036194,42.966992134204006,42.952804868427656,42.912276451391826,42.941454928081086,42.94563861910278,42.96367172296885,42.975301538839965,43.03405558225691,42.90521360593427,,42.36141085865032,42.211740901952204,42.81689009794285,"rgba(0, 255, 255, 0.75)",1.8137103178614726,42.77119638994752,1.6313540155305357,73.46960196357881,16.452749662154815,True,False,True,False,True,10.838418880042031,0.0,0.0,0.0,0.0,0,1.0167652061229444,0.8938203612213493,False,False,False,False,0.34282824231314546,0.25912750312743504,False,False,False,False,1870.0,1236.4571185454822,False,False,False,False,947.7798592434257,False,False,False,False
2025-04-11 15:00:00+00:00,45.73,46.515,45.59,46.5,2102.0,,,,,,,,,,,,41.918727813852804,42.338430085599185,42.943506743628696,42.956349971980565,43.07879726848008,43.053532348462255,42.97362370438897,42.96447707752215,42.984525849683855,42.993866018428506,43.005786895141334,43.046722391135724,43.06377344056886,,,,,,,,,,,,,42.73362544381426,42.25511240017606,42.825954992849994,43.09061670678576,43.03044435215948,43.001056541205344,42.95518535756915,42.980974697146216,42.984411398141866,43.00062514138866,43.0111602758655,43.06670672263553,42.934435459383806,,42.73362544381426,42.338430085599185,42.89031974554443,"rgba(0, 255, 255, 0.75)",1.8428055579263845,42.8569867436333,1.9768842353970313,76.26694021219382,19.418665728703644,True,False,True,False,True,13.427825320029722,0.0,0.0,0.0,0.0,0,1.0140201890722638,0.8948886396410831,False,False,False,False,0.34282824258852596,0.3009778728579805,False,False,False,False,3972.0,1278.8686360874128,False,False,False,False,965.6747451466283,False,False,False,False
2025-04-11 16:00:00+00:00,46.5,46.865,46.49,46.82,2269.0,,,,,,,,,,,,42.107700618621,42.48379699815487,43.03836703482179,43.050423184961886,43.15785047235016,43.11778013002939,43.02826825792206,43.0151892453563,43.03235632864074,43.040319909937615,43.05085105341481,43.08874196547549,43.10147299521384,,,,,,,,,,,,,43.11166972783436,42.40905928871753,42.928883756825506,43.170832417341906,43.10705341558146,43.059816121928606,43.00753107762983,43.02933213794414,43.03188297378476,43.04594788348156,43.055188083979935,43.106963703732475,42.97036325509317,,43.11166972783436,42.48379699815487,42.97509115134728,"rgba(0, 255, 0, 1.0)",1.880597470711608,42.955455316752285,2.0549558017779272,78.50755618597952,21.81704088792803,True,False,True,False,True,14.46385712879555,0.0,0.0,0.0,0.0,0,1.044538019272815,0.8867924528301886,False,False,False,False,0.3428282436617445,0.32190305825986254,False,False,False,False,6241.0,1355.8009052953598,False,False,False,False,985.8813382451301,False,False,False,False
2025-04-11 17:00:00+00:00,46.82,47.315,46.715,47.22,127.0,,,,,,,,,,,,42.11862643221061,42.49231267129277,43.04403850824703,43.056049986267496,43.16260836093058,43.12166043865732,43.03157172028183,43.01825757350803,43.035253647877745,43.04313539433355,43.053583976818544,43.09129449707927,43.10376657913161,,,,,,,,,,,,,43.132614015418895,42.41805263503413,42.93501318556209,43.175659849736064,43.11166298500561,43.06336644039455,43.010696313735096,43.032260763055426,43.03475881605522,43.04869600870401,43.05785918414946,43.109411364602096,42.97254408158611,,43.132614015418895,42.49231267129277,42.980088453923564,"rgba(0, 255, 0, 1.0)",1.9266797468305157,42.961243258666556,2.2104123678775935,80.4570045688437,23.940130923108597,True,False,True,False,True,15.735792415533439,0.0,0.0,0.0,0.0,0,1.03492395590247,0.8836404602880824,False,False,False,False,0.3428282441640776,0.33236565121197004,False,False,False,False,6368.0,1433.5094183915558,False,False,False,False,972.5653485048955,False,False,False,False
2025-04-11 18:00:00+00:00,47.22,47.53,47.105,47.47,871.0,,,,,,,,,,,,42.196513135855454,42.55344981549992,43.085224970566465,43.096922263573305,43.197280553136714,43.1499692078483,43.055666991992325,43.040643549537,43.056404244190404,43.063694258594296,43.07354629895219,43.10995645893868,43.120547110059036,,,,,,,,,,,,,43.28045851032566,42.482522715152236,42.979422867548394,43.2108408075709,43.14523895987853,43.089262006381304,43.033782465360154,43.05363765261247,43.05575334516216,43.06876730220716,43.077373527103404,43.127315322489856,42.98847131801653,,43.28045851032566,42.55344981549992,43.016167773621454,"rgba(0, 255, 0, 1.0)",1.9784544700574096,43.002980628951946,2.2578327874881206,82.03554336664136,25.732621444438394,True,False,True,False,True,16.51943098169961,0.0,0.0,0.0,0.0,0,1.0437469898860166,0.8787927436185583,False,False,False,False,0.3428282445760367,0.3375969478940034,False,False,False,False,7239.0,1523.5170243079656,False,False,False,False,970.9906919389281,False,False,False,False
2025-04-11 19:00:00+00:00,47.47,47.77,47.2,47.25,5540.0,,,,,,,,,,,,42.645783149407755,42.9119073108732,43.33206519983365,43.34196499924735,43.40700786327554,43.32311113721632,43.2041799132503,43.1790222585825,43.187399210059084,43.1911432057435,43.19741234180592,43.225981875934266,43.22519995386983,,,,,,,,,,,,,44.03008772217485,42.859216089700205,43.24460754315781,43.42343146669593,43.348823805869124,43.248359651806815,43.176332325169966,43.18598704995438,43.185815666362714,43.193290404092764,43.19854727778258,43.2387599069243,43.08799923961797,,44.03008772217485,42.9119073108732,43.228217493151625,"rgba(0, 255, 255, 0.75)",2.023200942579385,43.246681331372514,1.9787054189109081,81.65987151916354,25.732621444438394,True,False,True,False,True,15.445523195313644,0.0,0.0,0.0,0.0,0,1.05360295297705,0.8711282298186487,False,False,False,False,0.34282824479021384,0.34021259634210865,False,False,False,False,1699.0,1526.2376905977644,False,False,False,False,1041.828045552278,False,False,False,False
2025-04-14 14:00:00+00:00,47.035,47.705,47.035,47.56,510.0,,,,,,,,,,,,42.68348796269129,42.94244251846161,43.35351820702434,43.36326855273993,43.425390936002344,43.33844430952887,43.21742718774569,43.1913990363407,43.19913657470145,43.20257272714468,43.2085301302373,43.236414847409314,43.23463755401551,,,,,,,,,,,,,44.08606937814475,42.89120336217416,43.26757797491039,43.44204804689989,43.36670863633633,43.262508573751944,43.18906916349871,43.197841860813014,43.197472300994974,43.20446559553219,43.20943070974204,43.2487919480398,43.096991811361065,,44.08606937814475,42.94244251846161,43.24639432379525,"rgba(0, 255, 0, 1.0)",2.0741324203862583,43.267443970976366,2.0695670087564846,81.87927106450664,26.36889213697893,True,False,True,False,True,16.433654688509403,0.0,0.0,0.0,0.0,0,1.0503109551905592,0.8688406952639133,False,False,False,False,0.3317991256740677,0.33600586100808816,False,False,False,False,2209.0,1536.8231527590392,False,False,False,False,1033.5826494972039,False,False,False,False
2025-04-14 15:00:00+00:00,47.56,47.57,47.43,47.52,901.0,,,,,,,,,,,,42.74967462710815,42.996256619295615,43.39154652777777,43.40103602874475,43.45804752093639,43.3657353040917,43.24103258468375,43.213464563056306,43.22007116490734,43.222962481970086,43.228368056089174,43.25504038966428,43.25149701057799,,,,,,,,,,,,,44.18266734576607,42.947529143527916,43.308252929503766,43.475114911393625,43.39848826543074,43.287707991485945,43.21177121448206,43.21898425587071,43.2182639134331,43.22440501604058,43.228853464363134,43.26670699056544,43.113055193930116,,44.18266734576607,42.996256619295615,43.278539132830666,"rgba(0, 255, 255, 0.75)",2.1215040389750506,43.304116071536406,1.9872146604540013,81.7345771477244,26.712425073283143,True,False,True,False,True,16.234343856408707,0.0,0.0,0.0,0.0,0,1.05921895006402,0.869718309859155,False,False,False,False,0.3428282448089399,0.33941705290851404,False,False,False,False,1308.0,1533.2755069798293,False,False,False,False,1031.5271045437587,False,False,False,False
2025-04-14 16:00:00+00:00,47.52,47.58,47.305,47.305,1002.0,,,,,,,,,,,,42.81952590259026,43.05320845173512,43.43191926051119,43.441132793852034,43.492786277012456,43.39487372607866,43.26631166815407,43.23711807848074,43.24252344955732,43.24483570874415,43.249654069940306,43.2750329201454,43.269610107846724,,,,,,,,,,,,,44.28053185239209,43.00710306642434,43.35141901028769,43.51027602293132,43.432331060913256,43.3146615079443,43.23609988454332,43.24165732345392,43.24056475267215,43.2457995871822,43.249698147205365,43.28594173022908,43.13033853180966,,44.28053185239209,43.05320845173512,43.3125846544331,"rgba(0, 255, 255, 0.75)",2.1617316069624852,43.34288133006859,1.8328448625029357,80.00226063658643,26.712425073283143,True,False,True,False,True,15.15645485154544,0.0,0.0,0.0,0.0,0,1.057158845631145,0.8680949716204334,False,False,False,False,0.33731452834766457,0.3383657906280893,False,False,False,False,306.0,1514.2479797398319,False,False,False,False,1031.0693199771888,False,False,False,False
2025-04-14 17:00:00+00:00,47.305,47.635,47.2,47.2,739.0,,,,,,,,,,,,42.86914570938244,43.0937877062569,43.46079621067627,43.4698137286091,43.51768295669209,43.415821558679525,43.2845286820019,43.25417788729916,43.25872447434611,43.26062249696946,43.265020402395166,43.28947138586995,43.282701894403765,,,,,,,,,,,,,44.34783976302284,43.04952285488701,43.38227633605877,43.53546746612382,43.45660560522745,43.33406616066193,43.253641838727205,43.25801623823269,43.256657673622364,43.26124389904018,43.26474863863543,43.299836561949,43.14284303767319,,44.34783976302284,43.0937877062569,43.33688872519083,"rgba(0, 255, 255, 0.75)",2.19390823881958,43.370507844888614,1.745511542985875,78.02983611608707,26.712425073283143,True,False,True,False,False,14.628753980287595,0.0,0.0,0.0,0.0,0,1.0548186031644553,0.8720632891161898,False,False,False,False,0.33492342913819956,0.33664460988314443,False,False,False,False,-433.0,1484.0580885810746,False,False,False,False,1026.5411134659146,False,False,False,False
2025-04-14 18:00:00+00:00,47.2,47.815,47.2,47.815,1394.0,,,,,,,,,,,,42.96521290925918,43.17292488445857,43.51776169137079,43.52640626123563,43.56697264511224,43.45736194495561,43.32066673858671,43.28803545407236,43.2908987000909,43.291983873693084,43.29555714367343,43.318191674693814,43.308765900449394,,,,,,,,,,,,,44.47761862633181,43.132122804738074,43.44301097874328,43.58534057150216,43.504650413385455,43.372550779938535,43.288444369942475,43.290500163312096,43.28861882240587,43.29193250581325,43.29466423678508,43.32748972121483,43.167704667797885,,44.47761862633181,43.17292488445857,43.384707352630585,"rgba(0, 255, 255, 0.75)",2.240658532141328,43.42478623300609,1.9593408384267805,78.22089836756925,26.712425073283143,True,False,True,False,False,16.669306903944662,0.0,0.0,0.0,0.0,0,1.0498526718165162,0.8742534044755913,False,False,False,False,0.3428282448182755,0.33973642735070997,False,False,False,False,961.0,1475.9486608511354,False,False,False,False,1032.2381504664431,False,False,False,False
2025-04-14 19:00:00+00:00,47.815,48.045,47.71,47.97,3224.0,,,,,,,,,,,,43.186502608180476,43.35735965304371,43.65288328449107,43.66068883903959,43.68462825664218,43.55703432172683,43.40763160783024,43.369627883920174,43.368534211212534,43.36770485673004,43.36933520032546,43.38769158878508,43.371958402936436,,,,,,,,,,,,,44.7666794724371,43.324150423790456,43.58659964093357,43.704350132210756,43.61939323651196,43.46504048920148,43.372255180550255,43.36886451243885,43.36575083162005,43.36606643687553,43.36697465115566,43.39446767951628,43.22794844809535,,44.7666794724371,43.35735965304371,43.49768693608423,"rgba(0, 255, 255, 0.75)",2.290699910743692,43.552587201009224,1.9284118265655452,78.68423062924683,26.712425073283143,True,False,True,False,False,17.171981045600713,0.0,0.0,0.0,0.0,0,1.0529323069597647,0.8713594159193714,False,False,False,False,0.34282824525734,0.341282336304025,False,False,False,False,4185.0,1517.9494568069317,False,False,False,False,1066.2189543351803,False,False,False,False
2025-04-15 14:00:00+00:00,48.12,48.565,48.12,48.465,1795.0,,,,,,,,,,,,43.31288193879948,43.46403352567437,43.732572060488884,43.739913770276274,43.754472452942686,43.616466608582705,43.45959723668722,43.41844351690634,43.41504310797663,43.413095274107185,43.413590790705165,43.429452803974115,43.410000592068855,,,,,,,,,,,,,44.928737778443455,43.43491878496617,43.67096725621804,43.77498386680795,43.687515667155274,43.520251058454186,43.422362891410565,43.415798840325806,43.41196391676759,43.410527966613536,43.41036959392383,43.434752048704084,43.264168147458165,,44.928737778443455,43.46403352567437,43.564108533959214,"rgba(0, 255, 0, 1.0)",2.3519349097753324,43.627482240989835,2.056824676101377,79.97680324862529,26.712425073283143,True,False,True,False,True,18.751581144246796,0.0,0.0,0.0,0.0,0,1.055831559025313,0.8660988881003074,False,False,False,False,0.3428282457552641,0.34205529102964455,False,False,False,False,5980.0,1587.1285349959714,False,False,False,False,1077.5178852757201,False,False,False,False
2025-04-15 15:00:00+00:00,48.465,48.765,48.465,48.765,632.0,,,,,,,,,,,,43.3583192959361,43.50261165359998,43.76165509799165,43.7688329167944,43.780038636120246,43.63826112150895,43.47866829369153,43.436367760233395,43.432130470309744,43.42977645044621,43.42985994212392,43.444817365274126,43.42400854524216,,,,,,,,,,,,,44.98676824523031,43.474928121267865,43.70170365609408,43.800837488218534,43.712450433312206,43.540505092347466,43.44075576070124,43.43304064237827,43.42894351418071,43.42687150058978,43.426325613799094,43.44957984751364,43.27749489183712,,44.98676824523031,43.50261165359998,43.58832229859623,"rgba(0, 255, 0, 1.0)",2.4176385023257745,43.65474753146667,2.1137372124150304,81.36061546726748,27.86076553589426,True,False,True,False,True,19.685983685779266,0.0,0.0,0.0,0.0,0,1.0611473990713776,0.862831510191233,False,False,False,False,0.3428282460226733,0.34244176852615893,False,False,False,False,6612.0,1665.0335189495222,False,False,False,False,1070.6106312404377,False,False,False,False
2025-04-15 16:00:00+00:00,48.765,48.795,48.66,48.67,974.0,,,,,,,,,,,,43.4274130623105,43.56144770126945,43.806200813609465,43.813130921579635,43.81926748009339,43.671769863565224,43.5080306515177,43.46397991557553,43.458464035541716,43.455489064930276,43.454942431442205,43.46851560802662,43.4456284068077,,,,,,,,,,,,,45.073767030681225,43.53590834230569,43.748746008624266,43.84050076617543,43.75072493065061,43.57167031971387,43.4690834193735,43.45961024007503,43.455112359074064,43.452067759584274,43.45092904328311,43.472456145052234,43.298069130040226,,45.073767030681225,43.56144770126945,43.625394252834504,"rgba(0, 255, 0, 1.0)",2.4766225330419775,43.696441138953816,2.0082022168058367,81.41365417371443,28.144714714951604,True,False,True,False,True,19.180437694005033,0.0,0.0,0.0,0.0,0,1.0649371319433387,0.872433550851504,False,False,False,False,0.3428282461283158,0.3426350073272374,False,False,False,False,5638.0,1726.6298985006922,False,False,False,False,1069.1127919964,False,False,False,False
2025-04-15 17:00:00+00:00,48.67,48.835,48.57,48.73,492.0,,,,,,,,,,,,43.46166220963421,43.59068397369331,43.82841383499613,43.8352216793921,43.838860173917766,43.68853952505907,43.52274700281853,43.477826871611164,43.471674708525235,43.46839055601289,43.4675300172779,43.48041300968997,43.456489085068455,,,,,,,,,,,,,45.11622371927161,43.56619393369964,43.77218995132161,43.860306835586705,43.769849429844506,43.58728058263015,43.483286189928194,43.472938407366925,43.46824106976666,43.464712076421314,43.46327795695849,43.483943542505074,43.30840908620354,,45.11622371927161,43.59068397369331,43.6438758537199,"rgba(0, 255, 255, 0.75)",2.537863153794444,43.71720241416213,1.9752040524104166,81.5817997183567,28.57458598595082,True,False,True,False,True,19.371850574138666,0.0,0.0,0.0,0.0,0,1.0634037819799775,0.8657238201175909,False,False,False,False,0.3407578891223364,0.3416964482247869,False,False,False,False,6130.0,1794.8992023999062,False,False,False,False,1060.165306849169,False,False,False,False
2025-04-15 18:00:00+00:00,48.73,48.94,48.73,48.805,1636.0,,,,,,,,,,,,43.57481337958545,43.68765746381899,43.90253264181053,43.90894071431796,43.90438559146177,43.744748550724644,43.5721447187343,43.52433564779127,43.51606889227947,43.511756399661536,43.50985149757849,43.520437656493925,43.493055029358366,,,,,,,,,,,,,45.254774583457014,43.666562662840164,43.85033037461361,43.92653512991955,43.83382976693332,43.63964593378434,43.530976679672946,43.51772324290411,43.51236247184827,43.50722207948967,43.504804701307904,43.522602158720076,43.343224548788484,,45.254774583457014,43.68765746381899,43.7055239187643,"rgba(0, 255, 255, 0.75)",2.598380198827292,43.78635739310104,1.9314504510017374,81.87122706020358,29.12286360777769,True,False,True,False,True,19.614102848712257,0.0,0.0,0.0,0.0,0,1.066650797429183,0.8628104419582637,False,False,False,False,0.3428282462268078,0.34226234722579735,False,False,False,False,7766.0,1887.4744085642487,False,False,False,False,1069.092976510422,False,False,False,False
2025-04-15 19:00:00+00:00,48.805,49.08,48.72,49.06,3362.0,,,,,,,,,,,,43.79830900528996,43.88078049773821,44.05194568118492,44.05757957410506,44.03715183322514,43.859304568826786,43.673233501148275,43.61967027064673,43.60717730507059,43.600805827731634,43.596807332722,43.60278060538305,43.568427966304704,,,,,,,,,,,,,45.518469939561015,43.8660925572519,44.007509841106966,44.06066074348026,43.96360847207143,43.74662032906385,43.628668422585086,43.60961318892031,43.60292500049509,43.594556036244036,43.59016567720131,43.60219603210243,43.415052058341935,,45.518469939561015,43.88078049773821,43.82980240837843,"rgba(0, 255, 255, 0.75)",2.6626741401412004,43.925280301264834,1.9284070932025037,82.65591894876869,30.104685024770518,True,False,True,False,True,20.0,0.0,0.0,0.0,0.0,0,1.0657373673372401,0.8633771582448914,False,False,False,False,0.3428282462852336,0.3425452967555155,False,False,False,False,11128.0,2030.7383712221672,False,False,False,False,1104.6419226110356,False,False,False,False
2025-04-16 14:00:00+00:00,50.455,51.125,50.445,50.955,1920.0,,,,,,,,,,,,43.96157802916888,44.02358621475687,44.16474540682414,44.1698514585506,44.13782507403954,43.94591758085566,43.74932184181286,43.69137671191555,43.67575032541639,43.667849865533725,43.66230282869472,43.66490002577388,43.625316115015146,,,,,,,,,,,,,45.72673357106469,44.0132695054945,44.12564671846536,44.162437852754024,44.061761282554414,43.82726542504593,43.70212716657739,43.678766364200804,43.671085072679844,43.660322709734565,43.65447044225011,43.662287353390056,43.46895966126048,,45.72673357106469,44.02358621475687,43.92345979770278,"rgba(0, 255, 0, 1.0)",2.7793550405519536,44.03000766707381,2.4915824829457374,85.58831726269207,32.97205576245523,True,False,True,False,True,20.0,0.0,0.0,0.0,0.0,0,1.0660660660660655,0.8597058597058597,False,False,False,False,0.34282824767908093,0.3426867722172982,False,False,False,False,13048.0,2201.548629032676,False,False,False,False,1117.2831331131902,False,False,False,False
2025-04-16 15:00:00+00:00,51.105,51.56,50.85,51.42,2073.0,,,,,,,,,,,,44.14018816032791,44.18076244934368,44.290065338920854,44.2946073898439,44.250068286738575,44.04280096267254,43.834609258854414,43.771829344207504,43.75274974670225,43.74316202403918,43.73590569471905,43.73477696983656,43.68938954600054,,,,,,,,,,,,,45.95166927348087,44.17504598540929,44.25666616582997,44.275886803338594,44.17123886485577,43.917577303811484,43.7845092252536,43.756405641791595,43.74762791228318,43.73422384068351,43.72675659272207,43.72992098858536,43.529673872677584,,45.95166927348087,44.18076244934368,44.02753775081009,"rgba(0, 255, 0, 1.0)",2.9035801495196933,44.14614019530124,2.50513484392776,87.86314114636517,35.08243006897773,True,False,True,False,True,20.0,0.0,0.0,0.0,0.0,0,1.0704741543865002,0.854241429334962,False,False,False,False,0.3428282479269349,0.3427575100721165,False,False,False,False,15121.0,2401.8502006755803,False,False,False,False,1132.1004488788772,False,False,False,False
2025-04-16 16:00:00+00:00,51.42,52.08,51.365,51.98,4620.0,,,,,,,,,,,,44.535925816288916,44.53216877241617,44.57416108443819,44.57749724282182,44.50595022447594,44.264982474067196,44.03099802750828,43.95740948910705,43.93060439306617,43.91723372232813,43.90614166621022,43.896644708101554,43.83813768334341,,,,,,,,,,,,,46.4368541098838,44.536031803711616,44.552925653567016,44.53440110686031,44.421055672380476,44.12516729114943,43.97439790151284,43.935693529393824,43.92445736250066,43.90512716898954,43.89403129531484,43.886734592695944,43.670702573349146,,46.4368541098838,44.53216877241617,44.26378931168533,"rgba(0, 255, 0, 1.0)",3.038023905806598,44.40877807386046,2.4921535053323978,89.71362756272171,36.753848557417754,True,False,True,False,True,20.0,0.0,0.0,0.0,0.0,0,1.0776445264452639,0.8630073800738006,False,False,False,False,0.34282824820833246,0.3427928791402245,False,False,False,False,19741.0,2670.674228572083,False,False,False,False,1186.1764109117628,False,False,False,False
2025-04-16 17:00:00+00:00,51.98,52.285,51.875,51.875,2453.0,,,,,,,,,,,,44.735308166800756,44.710758220258136,44.72044705571057,44.72319539320725,44.63848445257069,44.38090297773007,44.13401476761055,44.05496526286164,44.02423779090915,44.00894189156111,43.995894487854876,43.98212027721602,43.91688086083503,,,,,,,,,,,,,46.67173525589276,44.71914178632529,44.70511953384296,44.66821594634293,44.550638585380575,44.233810668388884,44.07413544928579,44.0300555476168,44.01756955200717,43.99522064253646,43.98227271854415,43.969620340989614,43.745469378830876,,46.67173525589276,44.710758220258136,44.38574750529117,"rgba(0, 255, 0, 1.0)",3.1599086299368984,44.54376404996427,2.3200784606807234,90.10352209224206,37.10854132033164,True,False,True,False,True,20.0,0.0,0.0,0.0,0.0,0,1.0689788351614395,0.8703074308666771,False,False,False,False,0.34282824838888765,0.3428105637645561,False,False,False,False,17288.0,2897.299434330655,False,False,False,False,1205.8170867115805,False,False,False,False
2025-04-16 18:00:00+00:00,51.875,52.97,51.875,52.23,5522.0,,,,,,,,,,,52.35833333333333,45.167062751292356,45.1008512384225,45.04428808540262,45.045812615576885,44.933615374674325,44.64086975509,44.36624962286826,44.275358155125,44.236091988945624,44.216594604657324,44.19927340847065,44.17612909607722,44.096065772799356,,,,,,,,,,,,,47.16436024347771,45.118350777908155,45.041220875517276,44.96602664983519,44.83958378012493,44.47818316837975,44.29926569715464,44.243498056888626,44.22828663714224,44.199344158073345,44.18234282224974,44.15793915334239,43.91582748282461,,47.16436024347771,45.1008512384225,44.987157282001206,"rgba(0, 255, 0, 1.0)",3.285280120243723,45.24843595418952,2.125104645655769,90.64739576367425,37.695297724868894,True,False,True,False,True,20.0,0.0,0.0,0.0,0.0,0,1.0668806848582124,0.8578307727585416,False,False,False,False,0.34282824855228206,0.3428194061584191,False,False,False,False,22810.0,3206.023474108474,False,False,False,False,1272.7346512586878,False,False,False,False
2025-04-16 19:00:00+00:00,52.115,52.115,51.195,51.575,10150.0,,,,,,,,,,,51.88554747320061,45.7762994754411,45.66040010641352,45.52031209932473,45.52021589093619,45.37317128207118,45.0357626020787,44.72457902497915,44.61740715788318,44.56607518724246,44.54060538976059,44.51716818225895,44.48044265144295,44.37891629330643,,,,,,,,,,,,,47.77753506195895,45.68886937551444,45.53323414698761,45.40875555410065,45.27196921683547,44.852783911522664,44.64794992461351,44.575732503885746,44.556672889541794,44.51832516889393,44.49550810363596,44.45397943354068,44.18639215123785,,47.77753506195895,45.66040010641352,45.359972072562584,"rgba(0, 255, 255, 0.75)",3.383936993588493,45.64732832008873,1.7517086432585367,86.04277606651999,39.30980720430132,True,False,True,False,False,20.0,0.0,0.0,0.0,0.0,0,1.0481110021868636,0.8727848578538572,False,False,False,False,0.298458224654498,0.32063881540645855,False,False,False,False,12660.0,3352.5967535796603,False,False,False,False,1410.3666721694058,False,False,False,False
2025-04-17 14:00:00+00:00,51.63,51.83,51.15,51.29,1274.0,,,,,,,,,,,51.850798221802584,45.842350899742925,45.72174683879232,45.5733993708028,45.57313704034695,45.42262373421443,45.08075395026373,44.765811290034264,44.65691537528043,44.60428219470844,44.578165499418176,44.554062843764214,44.51584727264483,44.411963708158,,,,,,,,,,,,,47.83932743092048,45.75126225532059,45.58794267890514,45.45850799277988,45.320755528026105,44.89570907965875,44.68816928293085,44.61418284219096,44.594708217391315,44.55533937124385,44.53188828113625,44.48847381343655,44.21811892209967,,47.83932743092048,45.72174683879232,45.40264645223027,"rgba(0, 255, 255, 0.75)",3.4699008826096596,45.692741333483596,1.613088919792657,81.08654182519182,34.920072324939326,True,False,True,False,False,20.0,0.0,0.0,0.0,0.0,0,1.0521497711412915,0.8758160126059877,False,False,False,False,0.28907196150895903,0.30485538845770876,False,False,False,False,11386.0,3477.1456411210606,False,False,False,False,1408.252460197787,False,False,False,False
2025-04-17 15:00:00+00:00,51.29,51.66,51.29,51.4,1335.0,,,,,,,,,,,51.82152927447441,45.91024996598793,45.78493915354844,45.62826249268632,45.62783163929244,45.47381042196777,45.12741983107311,44.808647546492324,44.69798732197476,44.6440191952044,44.617238283856516,44.5924518855205,44.55270345611971,44.44639283821058,,,,,,,,,,,,,47.90233555985464,45.81550279919274,45.64444780189364,45.50999620209979,45.37127408610184,44.940273157249614,44.72997005535131,44.65416959146326,44.63426909028034,44.59385138772666,44.56974857991621,44.52439291870544,44.25118962310365,,47.90233555985464,45.78493915354844,45.44709286792136,"rgba(0, 255, 255, 0.75)",3.554320409948538,45.740023669345156,1.5924215258738568,78.08017838677033,32.42356360202845,True,False,True,False,False,20.0,0.0,0.0,0.0,0.0,0,1.0611938054427903,0.8734776725304466,False,False,False,False,0.28822114016483,0.2965382643112694,False,False,False,False,12721.0,3620.461212576548,False,False,False,False,1407.1167631404571,False,False,False,False
2025-04-17 16:00:00+00:00,51.4,52.1,51.325,51.98,982.0,,,,,,,,,,,51.82051670733184,45.96225938012231,45.83337006920934,45.67036781984409,45.66980957953091,45.51309399931724,45.163197300449625,44.84145822981169,44.72944050667918,44.6744508954987,44.6471617212109,44.62185256708419,44.5809345958094,44.47276487491058,,,,,,,,,,,,,47.951754061053464,45.864732027457435,45.68779730666283,45.549517604740366,45.4100254163266,44.974418784967156,44.761981367776684,44.68479241109411,44.66456555769345,44.623345577307205,44.59874440130166,44.55190825376049,44.27650231520207,,47.951754061053464,45.83337006920934,45.48205984568163,"rgba(0, 255, 255, 0.75)",3.649293187148155,45.7773999587179,1.699671613978842,77.52182925756074,32.073620995056274,True,False,True,False,False,20.0,0.0,0.0,0.0,0.0,0,1.0596902721395274,0.8770109757931136,False,False,False,False,0.30174115669647317,0.2991397105038713,False,False,False,False,13703.0,3776.7796433893145,False,False,False,False,1400.525805572388,False,False,False,False
2025-04-17 17:00:00+00:00,51.98,52.29,51.86,52.29,711.0,,,,,,,,,,,51.832126431027,46.00153755910482,45.869950845367306,45.70219205427695,45.70153853485556,45.54277730925843,45.19019671709208,44.866190753959,44.753142827179644,44.69738219074216,44.66970942238274,44.6440060924019,44.602208084019836,44.49263466195673,,,,,,,,,,,,,47.989896945670004,45.9019153069153,45.72055444595824,45.57938587554073,45.43929117989703,45.00016860315392,44.78610534489335,44.70786796367339,44.687394461895856,44.64556924519341,44.62059224293056,44.5726426257499,44.29555924689805,,47.989896945670004,45.869950845367306,45.50897372252556,"rgba(0, 255, 255, 0.75)",3.746997390103391,45.806277102644536,1.730378279547336,77.8212728943679,32.073620995056274,True,False,True,False,False,20.0,0.0,0.0,0.0,0.0,0,1.0638568648001197,0.872810300943255,False,False,False,False,0.32258724335382444,0.31086347692884786,False,False,False,False,14414.0,3941.697788453046,False,False,False,False,1389.8354830053743,False,False,False,False
2025-04-17 18:00:00+00:00,52.29,52.53,52.29,52.45,463.0,,,,,,,,,,,51.84552021660061,46.0279877414132,45.89458502136594,45.72363073216995,45.72291347298533,45.562768382322176,45.20836145689258,44.882815246828535,44.769070931146985,44.71279122728422,44.68486024945207,44.65889177267331,44.616502746153834,44.50598425907751,,,,,,,,,,,,,48.01599322382974,45.92695545806622,45.74261842298594,45.599504269705726,45.45899306634497,45.0174829136902,44.80231751562668,44.72337411431409,44.702734409463325,44.66050192268354,44.6352721013801,44.58657498830946,44.30835506115415,,48.01599322382974,45.89458502136594,45.52732086414754,"rgba(0, 255, 255, 0.75)",3.843870456986068,45.826012693764056,1.723259766519222,78.3607484676622,32.073620995056274,True,False,True,False,False,20.0,0.0,0.0,0.0,0.0,0,1.073888306632729,0.8669711034586014,False,False,False,False,0.3420955366477199,0.32647950678828386,False,False,False,False,14877.0,4111.237357624316,False,False,False,False,1375.4659406331978,False,False,False,False
2025-04-17 19:00:00+00:00,52.45,52.9,52.27,52.675,6577.0,,,,,,,,,,,52.032862651464676,46.39208142837933,46.23524668331431,46.022349084997465,46.020785379306105,45.84229401826842,45.463483230509794,45.11711739853581,44.99388490498909,44.93050490600604,44.89903521091097,44.869428073478915,44.81891103407326,44.69535346577429,,,,,,,,,,,,,48.37086701472399,46.27287610097514,46.04961663417803,45.88071071171731,45.734704576342686,45.2611396014869,45.03100904072482,44.94241757190567,44.91950203692288,44.87168385587173,44.84298112719686,44.78399060085022,44.490058602454546,,48.37086701472399,46.23524668331431,45.78397931508522,"rgba(0, 255, 255, 0.75)",3.9412245798976473,46.101302023562496,1.6679328577130255,79.19702122397202,32.073620995056274,True,False,True,False,True,20.0,0.0,0.0,0.0,0.0,0,1.0755208333333328,0.8595982142857141,False,False,False,False,0.34282824862674516,0.33465387770751454,False,False,False,False,21454.0,4380.117398591381,False,False,False,False,1456.1098795381095,False,False,False,False
2025-04-18 14:00:00+00:00,52.675,52.675,52.675,52.675,0.0,,,,,,,,,,,52.032862651464676,46.39208142837933,46.23524668331431,46.022349084997465,46.020785379306105,45.84229401826842,45.463483230509794,45.11711739853581,44.99388490498909,44.93050490600604,44.89903521091097,44.869428073478915,44.81891103407326,44.69535346577429,,,,,,,,,,,,,48.37086701472399,46.27287610097514,46.04961663417803,45.88071071171731,45.734704576342686,45.2611396014869,45.03100904072482,44.94241757190567,44.91950203692288,44.87168385587173,44.84298112719686,44.78399060085022,44.490058602454546,,48.37086701472399,46.23524668331431,45.78397931508522,"rgba(0, 255, 255, 0.75)",4.03292111064485,46.101302023562496,1.6300090668985068,79.75453639484522,32.073620995056274,True,False,True,False,True,20.0,0.0,0.0,0.0,0.0,0,1.079706893973381,0.8663077613279497,False,False,False,False,0.3428282486671782,0.33874106318734637,False,False,False,False,21454.0,4644.828756752755,False,False,False,False,1433.5345325685264,False,False,False,False
2025-04-18 15:00:00+00:00,52.675,52.675,52.675,52.675,0.0,,,,,,,,,,,52.032862651464676,46.39208142837933,46.23524668331431,46.022349084997465,46.020785379306105,45.84229401826842,45.463483230509794,45.11711739853581,44.99388490498909,44.93050490600604,44.89903521091097,44.869428073478915,44.81891103407326,44.69535346577429,,,,,,,,,,,,,48.37086701472399,46.27287610097514,46.04961663417803,45.88071071171731,45.734704576342686,45.2611396014869,45.03100904072482,44.94241757190567,44.91950203692288,44.87168385587173,44.84298112719686,44.78399060085022,44.490058602454546,,48.37086701472399,46.23524668331431,45.78397931508522,"rgba(0, 255, 255, 0.75)",4.119220633885838,46.101302023562496,1.5958596445066473,80.12621317542735,32.073620995056274,True,False,True,False,True,20.0,0.0,0.0,0.0,0.0,0,1.0795728038507817,0.8671780986762935,False,False,False,False,0.3428282486671782,0.34078465592726226,False,False,False,False,21454.0,4905.4360628496115,False,False,False,False,1411.3091909783166,False,False,False,False
2025-04-18 16:00:00+00:00,52.675,52.675,52.675,52.675,0.0,,,,,,,,,,,52.032862651464676,46.39208142837933,46.23524668331431,46.022349084997465,46.020785379306105,45.84229401826842,45.463483230509794,45.11711739853581,44.99388490498909,44.93050490600604,44.89903521091097,44.869428073478915,44.81891103407326,44.69535346577429,,,,,,,,,,,,,48.37086701472399,46.27287610097514,46.04961663417803,45.88071071171731,45.734704576342686,45.2611396014869,45.03100904072482,44.94241757190567,44.91950203692288,44.87168385587173,44.84298112719686,44.78399060085022,44.490058602454546,,48.37086701472399,46.23524668331431,45.78397931508522,"rgba(0, 255, 255, 0.75)",4.202014505079811,46.101302023562496,1.5644158220992725,80.37399769581545,32.073620995056274,True,False,True,False,True,20.0,0.0,0.0,0.0,0.0,0,1.0799208403105491,0.8722788856751409,False,False,False,False,0.3428282486671782,0.34180645229722023,False,False,False,False,21454.0,5162.0029455961285,False,False,False,False,1389.4284283274899,False,False,False,False
2025-04-18 17:00:00+00:00,52.675,52.675,52.675,52.675,0.0,,,,,,,,,,,52.032862651464676,46.39208142837933,46.23524668331431,46.022349084997465,46.020785379306105,45.84229401826842,45.463483230509794,45.11711739853581,44.99388490498909,44.93050490600604,44.89903521091097,44.869428073478915,44.81891103407326,44.69535346577429,,,,,,,,,,,,,48.37086701472399,46.27287610097514,46.04961663417803,45.88071071171731,45.734704576342686,45.2611396014869,45.03100904072482,44.94241757190567,44.91950203692288,44.87168385587173,44.84298112719686,44.78399060085022,44.490058602454546,,48.37086701472399,46.23524668331431,45.78397931508522,"rgba(0, 255, 255, 0.75)",4.281597261315961,46.101302023562496,1.535337766545809,80.53918737607418,32.073620995056274,True,False,True,False,True,20.0,0.0,0.0,0.0,0.0,0,1.0705216460149913,0.8742542450665441,False,False,False,False,0.3428282486671782,0.34231735048219925,False,False,False,False,21454.0,5414.592047214793,False,False,False,False,1367.8869023069085,False,False,False,False
2025-04-18 18:00:00+00:00,52.675,52.675,52.675,52.675,0.0,,,,,,,,,,,52.032862651464676,46.39208142837933,46.23524668331431,46.022349084997465,46.020785379306105,45.84229401826842,45.463483230509794,45.11711739853581,44.99388490498909,44.93050490600604,44.89903521091097,44.869428073478915,44.81891103407326,44.69535346577429,,,,,,,,,,,,,48.37086701472399,46.27287610097514,46.04961663417803,45.88071071171731,45.734704576342686,45.2611396014869,45.03100904072482,44.94241757190567,44.91950203692288,44.87168385587173,44.84298112719686,44.78399060085022,44.490058602454546,,48.37086701472399,46.23524668331431,45.78397931508522,"rgba(0, 255, 255, 0.75)",4.357222801342706,46.101302023562496,1.5086898871482481,80.64931382958,32.073620995056274,True,False,True,False,True,20.0,0.0,0.0,0.0,0.0,0,1.0682342093130475,0.875979714153988,False,False,False,False,0.3428282486671782,0.3425727995746887,False,False,False,False,21454.0,5663.265038730842,False,False,False,False,1346.679353433933,False,False,False,False
2025-04-18 19:00:00+00:00,52.675,52.675,52.675,52.675,0.0,,,,,,,,,,,52.032862651464676,46.39208142837933,46.23524668331431,46.022349084997465,46.020785379306105,45.84229401826842,45.463483230509794,45.11711739853581,44.99388490498909,44.93050490600604,44.89903521091097,44.869428073478915,44.81891103407326,44.69535346577429,,,,,,,,,,,,,48.37086701472399,46.27287610097514,46.04961663417803,45.88071071171731,45.734704576342686,45.2611396014869,45.03100904072482,44.94241757190567,44.91950203692288,44.87168385587173,44.84298112719686,44.78399060085022,44.490058602454546,,48.37086701472399,46.23524668331431,45.78397931508522,"rgba(38, 166, 154, 1.0)",4.428891934306595,46.101302023562496,1.4842759936220267,80.72273146525055,32.073620995056274,True,False,True,False,True,20.0,0.0,0.0,0.0,0.0,0,1.0711135185328484,0.875106399442854,False,False,False,False,0.3428282486671782,0.34270052412093344,False,False,False,False,21454.0,5908.082635029588,False,False,False,False,1325.8006037682908,False,False,False,False
2025-04-21 14:00:00+00:00,52.89,52.89,52.54,52.64,554.0,,,,,,,,,,,52.046068328013156,46.42126821535527,46.26269010964271,46.0466055965608,46.04497657100827,45.86508035662444,45.48438962171534,45.13639753493781,45.01241533348691,44.94847067878662,44.91671895207934,44.886821285148635,44.8356532094476,44.71104874156449,,,,,,,,,,,,,48.398758698667656,46.3007124121083,46.0745093660836,45.90362396438203,45.75720415980568,45.28115384365998,45.04984700091607,44.96048921860879,44.937392570089195,44.88912877704701,44.8601484564635,44.8003320958866,44.50513963030837,,48.398758698667656,46.26269010964271,45.80483425426101,"rgba(38, 166, 154, 1.0)",4.4959908547244645,46.12358090240067,1.4493844200665504,80.12259683803182,32.073620995056274,False,False,True,False,True,20.0,0.0,0.0,0.0,0.0,0,1.0688777477824907,0.8672580023139219,False,False,False,False,0.34282824868496764,0.34276438640295054,False,False,False,False,20900.0,6140.51546239347,False,False,False,False,1313.834702934674,False,False,False,False
2025-04-21 15:00:00+00:00,52.64,52.715,52.27,52.345,353.0,,,,,,,,,,,52.0510908754462,46.43899863769687,46.27938879746915,46.061399158351726,46.059730692517384,45.87899862143371,45.49719399979498,45.14823190520325,45.02379830210351,44.95951148585864,44.92758870978741,44.89751460546537,44.84595009866776,44.72070923968829,,,,,,,,,,,,,48.4153328999404,46.31764374637233,46.08968572097188,45.91761591176786,45.77095737841204,45.29342773295272,45.06141601726998,44.97159420838222,44.948387889476784,44.899853657228675,44.870704705794225,44.81038500423534,44.51443139452503,,48.4153328999404,46.27938879746915,45.81745603050402,"rgba(38, 166, 154, 1.0)",4.5538529375219,46.13702026975089,1.36323676135825,74.83251238425402,27.381250585624485,False,True,True,False,False,20.0,0.0,0.0,0.0,0.0,0,1.0639852341767284,0.8726447742828577,False,False,False,False,0.3301307902340802,0.3364475883185154,False,False,False,False,20547.0,6363.871811813727,False,False,False,False,1298.938040873671,False,False,False,False
2025-04-21 16:00:00+00:00,52.345,52.345,52.085,52.095,460.0,,,,,,,,,,,52.05309919782014,46.46092178693587,46.300072785976674,46.079768273273366,46.07805132947775,45.89630980274955,45.51316720312968,45.163030925978504,45.038044834316445,44.97333610315108,44.941202206432834,44.91091000093368,44.85885394818095,44.732825669076576,,,,,,,,,,,,,48.435302956821616,46.33860730948879,46.10852342113173,45.93501339788495,45.78807740215765,45.308761153037594,45.07589153476604,44.98549800479187,44.96215657078165,44.9132882911816,44.88393082219014,44.82298635857533,44.52609838088272,,48.435302956821616,46.300072785976674,45.83299222484661,"rgba(38, 166, 154, 1.0)",4.604807679563397,46.15350115261113,1.290281649276656,68.08166171536281,21.38828477378749,False,True,True,False,False,20.0,0.0,0.0,0.0,0.0,0,1.0801092043681741,0.8728549141965677,False,False,False,False,0.3144368651088471,0.3254422267136813,False,False,False,False,20087.0,6576.633489149947,False,False,False,False,1285.9312495422962,False,False,False,False
2025-04-21 17:00:00+00:00,52.095,52.3,51.895,52.14,529.0,,,,,,,,,,,52.054170875129714,46.485649989521626,46.323426172100504,46.100538678348705,46.0987673700129,45.91590071838995,45.53126843948461,45.17981989985218,45.05421356689468,44.98902982748518,44.95665812345419,44.9261200931165,44.873509341207146,44.746592794673866,,,,,,,,,,,,,48.45762332962243,46.36227105545912,46.129818443340234,45.95469943807814,45.807458507145626,45.32614845593268,45.092317855561404,45.001280894564246,44.97778737057304,44.9285426973629,44.89895015778243,44.8373003312705,44.53936082816094,,48.45762332962243,46.323426172100504,45.85053086526762,"rgba(38, 166, 154, 1.0)",4.648803924444245,46.172081067035094,1.2837536342594529,64.02896732967464,18.09364121284584,False,True,True,False,False,20.0,0.0,0.0,0.0,0.0,0,1.0786701006789976,0.86053227191134,False,False,False,False,0.3078370240620437,0.3166396253878625,False,False,False,False,20616.0,6794.29808621739,False,False,False,False,1274.195881332338,False,False,False,False
2025-04-21 18:00:00+00:00,52.305,52.655,52.305,52.47,886.0,,,,,,,,,,,52.06673401351412,46.52924069967972,46.36456230035966,46.137100559611326,46.135233911335675,45.95035431546296,45.56303333608639,45.20922915083998,45.08252098067154,45.0164996570091,44.983708843371716,44.952738154448106,44.89915392951456,44.770673090333354,,,,,,,,,,,,,48.49807997318699,46.403961613643006,46.16730391143878,45.98932921421038,45.84151842223581,45.356627281372326,45.12108016183892,45.028907916764005,45.00514585134858,44.95523825585961,44.925232009948246,44.862345302364844,44.56253567285768,,48.49807997318699,46.36456230035966,45.88179519064465,"rgba(38, 166, 154, 1.0)",4.695726504536406,46.20532430761941,1.3341227787283756,64.20940258184123,18.09364121284584,False,True,True,False,False,20.0,0.0,0.0,0.0,0.0,0,1.0825944937004195,0.8503655311868096,False,False,False,False,0.32942052303193003,0.32303007420989627,False,False,False,False,21502.0,7022.324472477585,False,False,False,False,1268.177340536488,False,False,False,False
2025-04-21 19:00:00+00:00,52.485,52.99,52.44,52.96,2872.0,,,,,,,,,,,52.1309058813926,46.67365468033782,46.50099310448392,46.25862672402107,46.256449863039144,46.06494696567922,45.66870687433451,45.30707837713647,45.17672192718765,45.10793552259165,45.07376055307407,45.04136139818069,44.98456620411343,44.85090816216427,,,,,,,,,,,,,48.633910942651646,46.54219891477303,46.29183888761705,46.10451204615796,45.95478340458992,45.458024751700016,45.21678298696282,45.120862852832566,45.09621318671779,45.04411646348604,45.01274385664739,44.94577732418004,44.63973636302306,,48.633910942651646,46.50099310448392,45.98669894775554,"rgba(38, 166, 154, 1.0)",4.749244063129571,46.31700430277591,1.398748013140981,67.24459872644775,18.09364121284584,False,True,True,False,True,20.0,0.0,0.0,0.0,0.0,0,1.0815616544259754,0.8467723231542325,False,False,False,False,0.34282824868496764,0.33292916144743195,False,False,False,False,24374.0,7291.34269771049,False,False,False,False,1293.0428081250695,False,False,False,False
2025-04-22 14:00:00+00:00,54.315,54.41,53.82,54.065,1169.0,,,,,,,,,,54.09833333333333,52.198876525696726,46.742642680952635,46.566023679990614,46.31642832365202,46.314104968553444,46.11930703805753,45.7185348688258,45.35298438081625,45.220847210587344,45.15073752565733,45.11590113283217,45.082821890933026,45.02451009283007,44.88838412062302,,,,,,,,,,,,,48.70330099864577,46.6081260931113,46.35107650564087,46.15919024214232,46.00840797925574,45.50569075169968,45.26163000158382,45.16391311184677,45.138837172409424,45.08569623187041,45.05367324734649,44.98478414888164,44.67569522991854,,48.70330099864577,46.566023679990614,46.40246383953084,"rgba(0, 255, 255, 0.75)",4.817581032946859,46.818716815662455,1.5041331188372506,72.69317780698893,17.366771248839413,False,True,True,False,True,20.0,0.0,0.0,0.0,0.0,0,1.0868838763575601,0.8430925799346852,False,False,False,False,0.3428282492450092,0.33787870534622055,False,False,False,False,25543.0,7574.314128753738,False,False,False,False,1291.119663813053,False,False,False,False
2025-04-22 15:00:00+00:00,54.065,54.165,53.64,54.005,1466.0,,,,,,,,,,54.008388994307396,52.27104037428359,46.82550477829196,46.64430242133147,46.38624046727784,46.3837438668212,46.18508661363088,45.779006287508814,45.40882844581722,45.27457345908461,45.202881860383535,45.167253897087264,45.13335973840229,45.07322638179403,44.93413673928343,,,,,,,,,,,,,48.78533463781132,46.68744480702453,46.422581618655684,46.225336986306665,46.07334251432552,45.56361795114544,45.31621761468994,45.21635439135879,45.19076894014129,45.13637751182843,45.1035748362795,45.03237429890729,44.719638225999816,,48.78533463781132,46.64430242133147,46.45857557582357,"rgba(38, 166, 154, 1.0)",4.878795057820788,46.8775549210751,1.460902742266144,75.68522734159106,19.904143798239858,False,True,True,False,True,20.0,0.0,0.0,0.0,0.0,0,1.0843428225317984,0.8472895215021198,False,False,False,False,0.33188043667403433,0.33487957101012744,False,False,False,False,24077.0,7830.169723656781,False,False,False,False,1293.830986854711,False,False,False,False
2025-04-22 16:00:00+00:00,54.005,54.005,53.275,53.34,766.0,,,,,,,,,,53.90289473684211,52.29798936298021,46.86567334150766,46.68235710563411,46.42032187911392,46.417742652409764,46.21728232793105,45.808731339303435,45.43637564756911,45.3011098467385,45.22865607780147,45.192646146272985,45.15835793885565,45.097340172122365,44.95681413189312,,,,,,,,,,,,,48.82396093611905,46.72597989697658,46.45746601316389,46.25769882617041,46.10515989000088,45.59215105961688,45.3431679159073,45.242271786804565,45.21644104184146,45.16144556339603,45.12826564881999,45.05594112910423,44.74145240670491,,48.82396093611905,46.68235710563411,46.48325948615597,"rgba(38, 166, 154, 1.0)",4.921209981771255,46.90279184346075,1.3080539502243227,71.6166372913597,19.904143798239858,False,True,True,False,False,20.0,0.0,0.0,0.0,0.0,0,1.073948439620081,0.8535353535353535,False,False,False,False,0.3184615434481503,0.32667055722913885,False,False,False,False,23311.0,8070.182596158226,False,False,False,False,1285.6475607019247,False,False,False,False
2025-04-22 17:00:00+00:00,53.34,53.695,53.34,53.62,1836.0,,,,,,,,,,53.77976035898415,52.35871358220112,46.96018811098534,46.772033883441516,46.50083515249157,46.49806426357919,46.293436750667325,45.87916595237978,45.501742871599596,45.36411477266742,45.28987527976754,45.252969719957775,45.21775691826568,45.15466144987053,45.01075856505066,,,,,,,,,,,,,48.91425979096879,46.816757659608875,46.5398388164413,46.33423477717515,46.18044713051938,45.65981634023244,45.40714164735249,45.30382658516413,45.277421019635355,45.22100865864474,45.1869432587787,45.111976622767024,44.79337018005038,,48.91425979096879,46.772033883441516,46.54660059005519,"rgba(38, 166, 154, 1.0)",4.936825326695959,46.9685905231126,1.3473050060977032,70.0660029650445,19.904143798239858,False,True,True,False,False,20.0,0.0,0.0,0.0,0.0,0,1.0747761979989465,0.8589483186639585,False,False,False,False,0.31223742919700226,0.31945399321307055,False,False,False,False,25147.0,8334.939455132517,False,False,False,False,1294.1801566600343,False,False,False,False
2025-04-22 18:00:00+00:00,53.62,54.165,53.62,53.995,1195.0,,,,,,,,,,53.8070540526534,52.40663439897698,47.02370140785611,46.83231411368217,46.55500488352785,46.552106743454075,46.344676841610536,45.92653263753441,45.54568147466029,45.40646311785815,45.331026307080755,45.293520200775426,45.25768780527111,45.1932020648046,45.04703281912658,,,,,,,,,,,,,48.9758069001894,46.877774430384584,46.59524570510365,46.385736503413405,46.23108848040557,45.705306571807924,45.450139930087765,45.345202644822805,45.318411242071654,45.26104907647249,45.22639018985751,45.149656074909025,44.82826731807973,,48.9758069001894,46.83231411368217,46.5939103089745,"rgba(38, 166, 154, 1.0)",4.945161328770573,47.01873753637027,1.4107249490612905,70.4165666429059,19.904143798239858,False,True,True,False,False,20.0,0.0,0.0,0.0,0.0,0,1.0807080708070802,0.8523102310231022,False,False,False,False,0.3313671500058294,0.32541057160945,False,False,False,False,26342.0,8614.118688386277,False,False,False,False,1292.642479812592,False,False,False,False
2025-04-22 19:00:00+00:00,53.995,54.11,53.785,54.095,3925.0,,,,,,,,,,53.878911686138196,52.551686732519855,47.226435418040126,47.02523588023151,46.72913358491165,46.72584028983437,46.50974994137389,46.079588046561305,45.68800706261962,45.54377567407602,45.46454953310408,45.42514014220361,45.387341834433315,45.318436192215906,45.16504990268084,,,,,,,,,,,,,49.170450388163474,47.072937221923425,46.773205894724796,46.551611361907455,46.394331360629835,45.852502683673315,45.58950592997589,45.47943859163654,45.45142547807514,45.39105127194048,45.354508005036905,45.27214891950815,44.94190207180099,,49.170450388163474,47.02523588023151,46.74539200823802,"rgba(38, 166, 154, 1.0)",4.9422086055630325,47.17879095909577,1.3994166561725516,71.00016787389592,19.904143798239858,False,True,True,False,False,20.0,0.0,0.0,0.0,0.0,0,1.0839186967568373,0.8485278732625915,False,False,False,False,0.3341923204799302,0.3298014460446901,False,False,False,False,30267.0,8949.822274612847,False,False,False,False,1333.4542243116216,False,False,False,False
2025-04-23 14:00:00+00:00,52.05,52.82,51.885,52.62,1577.0,,,,,,,,,,53.68898916261661,52.5477967355724,47.28665404853951,47.08321024732583,46.78233917835079,46.778936382646584,46.56072303260479,46.12770101823879,45.733398931674024,45.58779413490449,45.50747784900258,45.4675169946881,45.42914331663731,45.35891828144542,45.2033999781657,,,,,,,,,,,,,49.220621148316354,47.13142843654718,46.827442133491886,46.60274042678116,46.44497954418315,45.89916928268071,45.63410754996046,45.522572666462395,45.494209695614835,45.43295832218333,45.39586213254795,45.31181204008062,44.979064150259674,,49.220621148316354,47.08321024732583,46.78186762612066,"rgba(38, 166, 154, 1.0)",4.915438949174678,47.21475708990984,1.099646026729255,62.339516480731604,18.90172832448674,False,True,True,False,False,18.87779774556138,0.0,0.0,0.0,0.0,0,1.0650724637681157,0.8522463768115942,False,False,False,False,0.25412875148834796,0.291965098766519,False,False,False,False,28690.0,9255.871541673112,False,False,False,False,1337.230127810666,False,False,False,False
2025-04-23 15:00:00+00:00,52.62,52.905,52.36,52.42,1073.0,,,,,,,,,,53.59599177366033,52.5481225688743,47.32777376999953,47.12281959539739,46.81873322730269,46.815256578356866,46.59560505758582,46.16063778508259,45.76448286297737,45.61794355401915,45.53688606170336,45.496550126374366,45.45778509428503,45.38666272978131,45.22969210379095,,,,,,,,,,,,,49.255126248042906,47.17138595721237,46.864531462236464,46.637729060301446,46.47963856397257,45.931120921605434,45.664653397603445,45.552120806681934,45.52351982834034,45.46167182193795,45.424199458234305,45.338999121617555,45.00454283068877,,49.255126248042906,47.12281959539739,46.80843793246277,"rgba(38, 166, 154, 1.0)",4.872690733258413,47.241368780127246,1.0627867647183424,55.75134580464756,13.003365286339559,False,True,True,False,False,17.799866863311383,0.0,0.0,0.0,0.0,0,1.0725474626434703,0.8530282249332274,False,False,False,False,0.2679285866296057,0.27994684269806236,False,False,False,False,27617.0,9540.540199941745,False,False,False,False,1333.1335366818187,False,False,False,False
2025-04-23 16:00:00+00:00,52.465,52.52,51.905,52.485,474.0,,,,,,,,,,53.5505411319635,52.54560831942909,47.344848516660264,47.139312838492856,46.83394816570586,46.83044143628777,46.61022380962672,46.17449764451447,45.777605857629574,45.630686847361304,45.54932438389386,45.50883383842615,45.46990708363532,45.398412116477225,45.2408398443994,,,,,,,,,,,,,49.268969786975816,47.18801361404467,46.88002736937434,46.65238652344851,46.49417947137662,45.94459210843212,45.67755926454546,45.56461675433151,45.53591795491051,45.473823700606054,45.4361957845399,45.35051700476149,45.01536075629423,,49.268969786975816,47.139312838492856,46.819218972907585,"rgba(38, 166, 154, 1.0)",4.832180622407238,47.25203953650983,1.0829397475798987,51.7316706031637,9.53705371401599,False,True,False,False,False,18.01685287529186,0.0,0.0,0.0,0.0,0,1.062941091747083,0.8621633299726341,False,False,False,False,0.24726451218707418,0.26360567744256824,False,False,False,False,28091.0,9828.144227849625,False,False,False,False,1319.813636888302,False,False,False,False
2025-04-23 17:00:00+00:00,52.28,52.53,51.98,52.045,555.0,,,,,,,,,,53.49654602450841,52.541323084389624,47.36421917439439,47.158052090722116,46.85127306226421,46.84773259749301,46.62689200691723,46.19033488105638,45.792627184034046,45.64528266960913,45.56357609905668,45.52291092511896,45.48380125984997,45.41188378142837,45.253630050609836,,,,,,,,,,,,,49.28439410690175,47.20689905799568,46.89766601166619,46.669095273853834,46.51076825775322,45.96000093429254,45.692338190582596,45.578933522700716,45.550124410669426,45.48775183261476,45.44994791896141,45.363726103707236,45.02778162587925,,49.28439410690175,47.158052090722116,46.83137497435337,"rgba(38, 166, 154, 0.5)",4.786868070871431,47.264011677316645,0.9987716920330741,47.17238159835049,5.475631007912597,False,True,False,True,False,15.64178304751136,0.0,0.0,0.0,0.0,0,1.0671160189301587,0.8622544098666284,False,False,False,False,0.2493458581537251,0.2564757677981467,False,False,False,False,27536.0,10102.684627417848,False,False,False,False,1307.956061122592,False,False,False,False
2025-04-23 18:00:00+00:00,52.045,52.045,51.58,51.655,548.0,,,,,,,,,,53.43129456939111,52.532261773752076,47.38152117181178,47.174866109725784,46.86691540480399,46.86334563891385,46.642001466393786,46.20478784291442,45.80640858742301,45.658698311400094,45.57668875510539,45.53586934131027,45.49659739093663,45.42430178708906,45.265441278285934,,,,,,,,,,,,,49.29725647006026,47.22382669145216,46.91357677142236,46.68423099320023,46.52583345553449,45.97410727996556,45.7059140961519,45.59210354521137,45.56319753162305,45.50057856384959,45.46261833484789,45.37590910144164,45.039277929084584,,49.29725647006026,47.174866109725784,46.8415520753716,"rgba(38, 166, 154, 0.5)",4.728436640483143,47.273745330244246,0.9265757380029283,42.68665446199189,1.4249810399816596,False,True,False,True,False,13.595746128858536,0.0,0.0,0.0,0.0,0,1.0609651627641346,0.8700742432895489,False,False,False,False,0.22777527421487057,0.24212552100650864,False,False,False,False,26988.0,10364.472462651678,False,False,False,False,1296.1737966090634,False,False,False,False
2025-04-23 19:00:00+00:00,51.655,51.695,51.26,51.49,3000.0,,,,,,,,,,53.09866924476797,52.46954217410915,47.468006318582155,47.25932090735971,46.94603989491411,46.94232955182471,46.718752107881215,46.27870061007876,45.877265171220294,45.72780737394159,45.64431358851323,45.60273590717285,45.56266237644772,45.48848261219168,45.32660994906079,,,,,,,,,,,,51.48166666666667,49.35766994244343,47.30875813951426,46.99396833637396,46.76106372339669,46.602492970406956,46.04647455073429,45.77580320661492,45.66000989653796,45.630630128696914,45.566796957361994,45.52806363985621,45.43891806468556,45.0989466196163,,49.35766994244343,47.25932090735971,47.1323817354167,"rgba(38, 166, 154, 0.5)",4.649160079137081,47.609788026321894,0.8346049410280372,39.117703173722454,-1.8581587947867249,False,True,False,True,False,12.740719815654867,0.0,0.0,0.0,0.0,0,1.055654275357168,0.8757552064823372,False,False,False,False,0.2115834991342708,0.2268545100703897,False,False,False,False,23988.0,10575.689943850877,False,False,False,False,1322.5897067391552,False,False,False,False
2025-04-24 14:00:00+00:00,52.01,52.23,51.37,52.13,2622.0,,,,,,,,,,52.944423438582604,52.441794706913285,47.548414107662275,47.337685005483856,47.01932951367381,47.015489804553724,46.78972160089261,46.34680545689923,45.94238404684373,45.79127654548184,45.706406595081795,45.66412673900483,45.62331302257387,45.54740324373634,45.38274630481799,,,,,,,,,,,,51.681433653504094,49.41790856174144,47.387600487953634,47.06843688194841,46.83214074120872,46.67329069242926,46.11304695179246,45.83999820392982,45.72236378199032,45.692543533086656,45.62758754183527,45.5881404604106,45.49676117310027,45.153638629426624,,49.41790856174144,47.337685005483856,47.19262648301912,"rgba(38, 166, 154, 0.5)",4.584278477815526,47.670650237305864,0.972748445425829,40.896956742342454,-1.8581587947867249,False,True,False,True,False,15.031379756953953,0.0,0.0,0.0,0.0,0,1.0563986729724004,0.8728735794451897,False,False,False,False,0.22716904045914119,0.22701177526476546,False,False,False,False,26610.0,10824.283898209778,False,False,False,False,1342.7356027587032,False,False,False,False
2025-04-24 15:00:00+00:00,52.13,52.635,52.09,52.5,471.0,,,,,,,,,,52.932211877932,52.44149926578561,47.564165812224594,47.35298671399312,47.0335842960184,47.02971902286357,46.80348583198101,46.35994551401539,45.95489734761017,45.80345727190535,45.718315984536375,45.67589799792975,45.63493923882701,45.55869302989652,45.3934911646091,,,,,,,,,,,,51.737624322993604,49.43053328672415,47.40300702755644,47.082927906646226,46.84593384730384,46.68699995770632,46.12586005358454,45.85232276171431,45.734324553240796,45.70441721502959,45.639240773444655,45.59965391301233,45.50784125590252,45.16408802011821,,49.43053328672415,47.35298671399312,47.20591807178316,"rgba(38, 166, 154, 1.0)",4.506257514144556,47.684507783619026,1.0686233978563744,44.056356702138714,-1.8581587947867249,False,True,False,True,True,16.30532540455761,0.0,0.0,0.0,0.0,0,1.0688466947960615,0.8638537271448664,False,False,False,False,0.2546199453968001,0.24081586033078278,False,False,False,False,27081.0,11076.326008315053,False,False,False,False,1329.2203220957774,False,False,False,False
2025-04-24 16:00:00+00:00,52.5,52.9,52.4,52.835,625.0,,,,,,,,,,52.9257410884737,52.44462794144895,47.58620980193316,47.374359333520516,47.0534448417895,47.04954349561497,46.82262955205669,46.37816424810385,45.972204433278826,45.82029073144867,45.73476770665131,45.692155657185964,45.650993578924066,45.574277828325634,45.40831291796155,,,,,,,,,,,,51.828243028679175,49.44881201106446,47.42453569605578,47.10312437208287,46.865124181227465,46.706049925798496,46.14359931332198,45.86935915827847,45.75084851527668,45.72081847823916,45.65533266712538,45.61554994695373,45.52313330072765,45.178486256687016,,49.44881201106446,47.374359333520516,47.22546118818134,"rgba(38, 166, 154, 1.0)",4.427859388662457,47.70513977394246,1.1585418089816844,47.78246932790911,-1.8581587947867249,False,True,False,False,True,17.43512500257608,0.0,0.0,0.0,0.0,0,1.0733501471206388,0.8595348185512123,False,False,False,False,0.26879434356085735,0.25480510194582007,False,False,False,False,27706.0,11334.150411286912,False,False,False,False,1318.3021775671607,False,False,False,False
2025-04-24 17:00:00+00:00,52.835,52.88,52.69,52.72,730.0,,,,,,,,,,52.92035993100944,52.44888123095673,47.611976469358346,47.399347271449194,47.07667698718805,47.072733738085816,46.84502773488136,46.39948436003927,45.9924613013638,45.83999526995593,45.75402715894602,45.71118880027335,45.66978960693242,45.59252625582289,45.425670824160036,,,,,,,,,,,,51.91989393125672,49.47023938564719,47.449704717375106,47.12674673321251,46.88757679418185,46.72833843271669,46.16436019160955,45.88930028172586,45.770192204504234,45.74001907223297,45.67417247297149,45.634161310458,45.54104019781564,45.19534886424086,,49.47023938564719,47.399347271449194,47.24786621553328,"rgba(38, 166, 154, 1.0)",4.3553040946364785,47.72869969998863,1.1460279676356269,49.59562433854419,-9.180800381967295,False,True,False,False,True,16.816042904359374,0.0,0.0,0.0,0.0,0,1.0772848518882487,0.8612242032851326,False,False,False,False,0.27548639110377937,0.2651457465247997,False,False,False,False,26976.0,11576.659707235951,False,False,False,False,1309.1812135738712,False,False,False,False
2025-04-24 18:00:00+00:00,52.69,52.75,52.65,52.72,411.0,,,,,,,,,,52.91644655349107,52.4508037112978,47.6262125754949,47.41316657691617,47.08954449739656,47.08557833261218,46.85744402927379,46.41131901929184,46.00371810718054,45.85094966205026,45.76473683684509,45.721773961171245,45.6802441922113,45.60267879753796,45.43533236798266,,,,,,,,,,,,51.9610395724647,49.481976332074495,47.46362107129898,47.13982705747703,46.900021681175694,46.74069799280015,46.175891772738176,45.900384597126404,45.78094821374,45.75069642446503,45.68465122841364,45.644514230458284,45.55100430921707,45.204738953929905,,49.481976332074495,47.41316657691617,47.259848329178624,"rgba(38, 166, 154, 1.0)",4.283419281221402,47.74120117856403,1.162342160447174,50.80439434563425,-7.6221152121946645,False,True,False,False,True,16.816042904359374,0.0,0.0,0.0,0.0,0,1.0782785734344282,0.8583965178320697,False,False,False,False,0.2712701094540702,0.26820792798943494,False,False,False,False,26976.0,11815.40916913927,False,False,False,False,1295.2559234409428,False,False,False,False
2025-04-24 19:00:00+00:00,52.72,52.835,52.515,52.515,1833.0,,,,,,,,,,52.89418870489373,52.456303707736254,47.687700557801385,47.472956783860845,47.14536515101471,47.141301890280594,46.91138898107348,46.462858224069436,46.0528348253751,45.898781640426776,45.811521521726455,45.76802506585532,45.72593489614194,45.64706951062288,45.477611028196385,,,,,,,,,,,,52.085980705736695,49.53194856654944,47.52380757315339,47.196545025899226,46.95407903463015,46.79442675053413,46.22616689148074,45.948771429244715,45.827931310981555,45.79734302352857,45.73044612834023,45.6897687930815,45.59458359812735,45.24586184714662,,49.53194856654944,47.472956783860845,47.309455087336666,"rgba(38, 166, 154, 1.0)",4.189248730730664,47.792364613870994,1.1273227467936269,50.26252697545254,-7.6221152121946645,False,True,False,False,True,15.688668660469638,0.0,0.0,0.0,0.0,0,1.0781512605042014,0.8560224089635856,False,False,False,False,0.27003182249530516,0.26911987524237,False,False,False,False,25143.0,12022.038484346413,False,False,False,False,1303.5930409069745,False,False,False,False
2025-04-25 14:00:00+00:00,52.325,52.535,52.165,52.215,409.0,,,,,,,,,,52.88442657484303,52.45522471942764,47.700347135257964,47.48530198163081,47.156955760361896,47.15287321842101,46.922628418725004,46.473656421774415,46.06317144731984,45.908864000759344,45.82139230407096,45.7777877300733,45.73558355624721,45.65645172386073,45.486561780789444,,,,,,,,,,,,52.09484902484903,49.541762002411154,47.536223573906284,47.208311417093725,46.965335671900995,46.805637409244106,46.23672786278023,45.95896528197125,45.83784223679633,45.80718608122817,45.74011625885862,45.69932888241884,45.603799407899906,45.25458423084168,,49.541762002411154,47.48530198163081,47.318819958894835,"rgba(38, 166, 154, 1.0)",4.073829536209223,47.80176940802093,1.0833125325331283,48.078956901739716,-7.6221152121946645,False,True,False,True,True,14.055793314849446,0.0,0.0,0.0,0.0,0,1.071189279731993,0.8623673925181464,False,False,False,False,0.25400597177616524,0.26156292350926763,False,False,False,False,24734.0,12219.123159007708,False,False,False,False,1289.723381358029,False,False,False,False
2025-04-25 15:00:00+00:00,52.24,52.355,52.05,52.095,263.0,,,,,,,,,,52.87686000213779,52.453907537258175,47.70819954542416,47.49298017877559,47.16418188615638,47.160087546527016,46.929645907005515,46.48041472574296,46.06965327943985,45.91519067516988,45.82758860797877,45.7839173248214,45.74164268271568,45.66234559252975,45.492188492501974,,,,,,,,,,,,52.09667149105881,49.54772166924212,47.54394283794576,47.21564440608136,46.97236218692855,46.81264142648504,46.24334517136863,45.96536048687305,45.84406329266895,45.81336535264344,45.7461887353968,45.705333308622464,45.609590050088414,45.26007179900507,,49.54772166924212,47.49298017877559,47.32443641057872,"rgba(38, 166, 154, 1.0)",3.9323344761646357,47.8073418469591,1.090359474513172,45.92908285930493,-7.6221152121946645,False,True,False,True,False,13.40608848281683,0.0,0.0,0.0,0.0,0,1.0696409898919481,0.8661554548623214,False,False,False,False,0.24677508934566933,0.2541690064274685,False,False,False,False,24471.0,12409.07473793782,False,False,False,False,1273.8051893989898,False,False,False,False
2025-04-25 16:00:00+00:00,52.095,52.2,52.01,52.14,266.0,,,,,,,,,,52.8688401946009,52.452357727791025,47.71602473930528,47.500637576580154,47.17139642821935,47.167290420388404,46.93665678358678,46.48717385750567,46.07614141271538,45.92152544325526,45.83379396043607,45.790056415844546,45.7477117221584,45.66825010575407,45.49782719419229,,,,,,,,,,,,52.09717184070242,49.55360729984008,47.551639857071734,47.2229643344432,46.97938134564417,46.81964076525177,46.24996658854176,45.97176320818089,45.8502932233598,45.81955381836793,45.75227107942901,45.71134798959826,45.61539178026788,45.26557299113025,,49.55360729984008,47.500637576580154,47.32996832131273,"rgba(38, 166, 154, 1.0)",3.7636121929257427,47.812804920987524,1.149745206784607,44.879185216027444,-7.6221152121946645,False,True,False,True,False,13.577557710992735,0.0,0.0,0.0,0.0,0,1.0683256010122308,0.87649374384929,False,False,False,False,0.24200924603748844,0.24808912623247847,False,False,False,False,24737.0,12600.205362155839,False,False,False,False,1258.180302741641,False,False,False,False
2025-04-25 17:00:00+00:00,52.14,52.32,52.14,52.15,41.0,,,,,,,,,,52.867759783541224,52.452181459293655,47.717252113117674,47.501837714302305,47.1725260304024,47.16841818416843,46.93775377375422,46.48823025363869,46.07715455564696,45.922514347294104,45.834762514062476,45.791014556125624,45.74865886329913,45.66917145788202,45.49870683274463,,,,,,,,,,,,52.09757973323338,49.55454267977682,47.552846415173114,47.22411059653456,46.98047976573276,46.820735592446894,46.25100091247576,45.97276281058128,45.8512656407691,45.82051971200507,45.75322030299333,45.712286590992186,45.6162970205778,45.26643085056655,,49.55454267977682,47.501837714302305,47.330856596054446,"rgba(38, 166, 154, 1.0)",3.599979577019229,47.81368890306437,1.2045376936627186,44.27274262945241,-7.6221152121946645,False,True,False,True,False,13.616306919180655,0.0,0.0,0.0,0.0,0,1.0629793821687423,0.8744634438111323,False,False,False,False,0.2481212817583441,0.2481052039954113,False,False,False,False,24778.0,12789.008379796835,False,False,False,False,1239.3092902960343,False,False,False,False
2025-04-25 18:00:00+00:00,52.15,52.53,52.15,52.26,195.0,,,,,,,,,,52.86351172233139,52.451715590121246,47.723223356341435,47.50767066413016,47.17800891336766,47.173892065553225,46.94307377971308,46.49334583824972,46.082055018919924,45.92729571041427,45.839444516507605,45.795645754666026,45.753236461205255,45.67362365480548,45.502955909986724,,,,,,,,,,,,52.101451622798955,49.55916678843723,47.55871189910528,47.229675395557045,46.98580753742582,46.826042897209206,46.25600616188857,45.97759648827884,45.85596650103087,45.82518869942324,45.75780800850198,45.71682254555792,45.62067086996568,45.27057266392184,,49.55916678843723,47.50767066413016,47.33529455746944,"rgba(38, 166, 154, 1.0)",3.4475910743904676,47.818143668746764,1.2883941962399215,44.95386792942794,-7.6221152121946645,False,True,False,True,False,14.047916342056961,0.0,0.0,0.0,0.0,0,1.0650298141003156,0.868467204489653,False,False,False,False,0.2535149278554908,0.2508100659254511,False,False,False,False,24973.0,12977.907474683705,False,False,False,False,1223.1184485860183,False,False,False,False
2025-04-25 19:00:00+00:00,52.26,52.35,52.035,52.34,254.0,,,,,,,,,,52.85736681709722,52.45080158295073,47.73085697879114,47.51513429046714,47.185033781569494,47.180905522107466,46.949895391409946,46.499913870145434,46.08835336782002,45.93344325068131,45.8454655859952,45.80160211145914,45.759124476154064,45.67935148785103,45.50842450683137,,,,,,,,,,,,52.10465437649881,49.56501066387633,47.56621559276128,47.23680375051094,46.99263821803791,46.83285055247067,46.26243644889193,45.98381052809727,45.86201158228729,45.83119322884813,45.7637089515606,45.72265748812341,45.62629861336529,45.27590552102033,,49.56501066387633,47.51513429046714,47.34087553634451,"rgba(38, 166, 154, 1.0)",3.281442081636631,47.82371284747523,1.3763117069164483,46.20781093967635,-7.6221152121946645,False,True,False,True,False,14.36431701879318,0.0,0.0,0.0,0.0,0,1.0640917996081722,0.8700671704450041,False,False,False,False,0.24628578235646437,0.24854792414095772,False,False,False,False,25227.0,13167.815885928918,False,False,False,False,1208.0933563598785,False,False,False,False
2025-04-28 14:00:00+00:00,52.31,52.31,52.2,52.285,3.0,,,,,,,,,,52.85729768804866,52.45079203426124,47.73094745115254,47.51522273740138,47.18511701831328,47.180988623609245,46.94997621147455,46.49999167052775,46.088427962599155,45.9335160562063,45.84553689249931,45.80167265100915,45.75919420587058,45.67941932006236,45.5084892671685,,,,,,,,,,,,52.10469762354282,49.565080134252746,47.56630451696199,47.23688821447768,46.99271914744109,46.83293120200593,46.262512610669354,45.98388412198754,45.86208317338451,45.83126433923174,45.763778834371216,45.72272658885936,45.62636525985616,45.27596866959211,,49.565080134252746,47.51522273740138,47.34094206840636,"rgba(38, 166, 154, 1.0)",3.17403516304039,47.82377935193949,1.40553598775734,46.501143339420985,-7.6221152121946645,False,True,False,True,False,14.040066299181365,0.0,0.0,0.0,0.0,0,1.066036414565826,0.871078431372549,False,False,False,False,0.24934585815372537,0.24894689114734153,False,False,False,False,25224.0,13354.733469092811,False,False,False,False,1189.4097384318184,False,False,False,False
2025-04-28 15:00:00+00:00,52.23,52.235,51.995,52.1,370.0,,,,,,,,,,52.84669446894455,52.448645586858454,47.74169758513083,47.52575084066658,47.19504941104646,47.19090518085125,46.959635070962136,46.50931342521693,46.097383664686305,45.942263076711086,45.85410717983227,45.81015238652299,45.76757813782227,45.687577940692385,45.516283855512945,,,,,,,,,,,,52.1048683256475,49.57313051086071,47.57688514977772,47.24696326594471,47.002388545874524,46.842576349610134,46.27164892389114,45.99272384024002,45.87068703748503,45.83981158257878,45.77218099647897,45.7310361866587,45.634383070077526,45.283575721292465,,49.57313051086071,47.52575084066658,47.348563069212005,"rgba(38, 166, 154, 1.0)",3.042911853726653,47.83129813777884,1.402834543824622,44.934751250113806,-7.6221152121946645,False,True,False,True,False,12.944824380862254,0.0,0.0,0.0,0.0,0,1.0613703236654055,0.8741768249964974,False,False,False,False,0.2424975510267638,0.24572222108705266,False,False,False,False,24854.0,13533.01667112238,False,False,False,False,1176.705711479387,False,False,False,False
2025-04-28 16:00:00+00:00,52.1,52.105,52.055,52.09,34.0,,,,,,,,,,52.84570047106584,52.44843427641391,47.742676773707096,47.52671025448931,47.19595516680743,47.19180950154574,46.96051624194475,46.510164393874746,46.09820164086404,45.94306214440617,45.85489019148248,45.810927168395764,45.76834420827566,45.68832350473945,45.516996298659876,,,,,,,,,,,,52.10480480610741,49.57385997150997,47.57784924754863,47.24788192659798,47.00327062281609,46.84345641390367,46.272483216800914,45.993531323600514,45.87147310015295,45.84059250225935,45.772948727122674,45.73179549921073,45.63511581716996,45.28427117080533,,49.57385997150997,47.52671025448931,47.34925359163614,"rgba(38, 166, 154, 1.0)",2.916603351179029,47.83197775982422,1.4599250317855152,43.79601694024343,-7.6221152121946645,False,True,False,True,False,12.88519744238976,0.0,0.0,0.0,0.0,0,1.0669464997154237,0.8819721115537847,False,False,False,False,0.24078897814254901,0.24325559961480084,False,False,False,False,24820.0,13708.00866071738,False,False,False,False,1158.9893438595516,False,False,False,False
2025-04-28 17:00:00+00:00,52.09,52.39,52.09,52.39,175.0,,,,,,,,,,52.8420008749905,52.447963977564434,47.74794936437683,47.531865712565754,47.20080875120232,47.19665524277132,46.965229667513974,46.51470254065677,46.10255353358474,45.947310023265445,45.85905090993283,45.81504328470006,45.7724132240932,45.69228214450107,45.52077617794787,,,,,,,,,,,,52.1075743462656,49.57791650664959,47.58303231720092,47.25280666700153,47.0079903871334,46.84815995867957,46.276926174694836,45.99782503399876,45.87565036780292,45.8447418151917,45.77702664659561,45.73582792835209,45.6390054696276,45.28795717707426,,49.57791650664959,47.531865712565754,47.3531610102714,"rgba(0, 255, 255, 0.75)",2.8013776485383706,47.83588962316576,1.6256681348230084,46.66690637945072,-7.574800519019043,False,True,False,True,True,14.148190323097115,0.0,0.0,0.0,0.0,0,1.0684863169897378,0.8665193842645383,False,False,False,False,0.24861102461594495,0.2459333121153729,False,False,False,False,24995.0,13883.000774504708,False,False,False,False,1143.733695117543,False,False,False,False
2025-04-28 18:00:00+00:00,52.35,52.46,52.35,52.46,3.0,,,,,,,,,,52.84195309825403,52.44796272424536,47.74804229526516,47.531956468407834,47.200894052655144,47.19674040480842,46.965312417877826,46.51478206997628,46.102629690616745,45.94738432423887,45.85912366747455,45.81511525318309,45.77248436047907,45.69235133610194,45.520842214696195,,,,,,,,,,,,52.10765527552329,49.577989355225945,47.58312358451233,47.252893239718546,47.00807326446454,46.84824249392619,46.27700397009558,45.99790014807309,45.87572341826052,45.84481437025217,45.77709793952049,45.73589841787385,45.63907344568614,45.28802153453614,,49.577989355225945,47.531956468407834,47.35323185219716,"rgba(0, 255, 255, 0.75)",2.6698225183108946,47.835961200985444,1.7319648655671793,49.320139177148874,-4.976122727778105,False,True,False,False,True,14.44136911509922,0.0,0.0,0.0,0.0,0,1.0743542172113596,0.86013986013986,False,False,False,False,0.2567088650810804,0.25132108859822666,False,False,False,False,24998.0,14055.326343892231,False,False,False,False,1126.0479013947904,False,False,False,False
2025-04-28 19:00:00+00:00,52.46,52.73,52.45,52.59,958.0,,,,,,,,,,52.83309446911587,52.45023380344377,47.77858167258106,47.56174826364337,47.22885665643001,47.2246569734562,46.992412665841826,46.540782698885664,46.12749446551548,45.97163262027059,45.88286320082074,45.83859490613454,45.79569032679088,45.71491930838361,45.542373146476095,,,,,,,,,,,,52.14414633183291,49.602414646396234,47.61309083203694,47.281277692655,47.035220205127665,46.87525854800551,46.3024172409446,46.02241694100656,45.89955946712123,45.86848697715369,45.800355136346035,45.758891429571925,45.66124258142127,45.308992468370064,,49.602414646396234,47.56174826364337,47.37720712684514,"rgba(0, 255, 255, 0.75)",2.5411180184683353,48.1887798090187,1.7320014887124964,52.43093372581652,-2.0394723619127575,False,True,True,False,True,14.989276497575766,0.0,0.0,0.0,0.0,0,1.079685264663805,0.855793991416309,False,False,False,False,0.2658276635017672,0.2585743760499969,False,False,False,False,25956.0,14239.83291220398,False,False,False,False,1123.442507574716,False,False,False,False
2025-04-29 14:00:00+00:00,52.59,52.59,51.94,52.24,215.0,,,,,,,,,,52.82858161580852,52.44954168745496,47.78491147504339,47.56794611864294,47.234704655046166,47.230495737381666,46.99809877634817,46.546267506627736,46.13276211909834,45.976777402966924,45.88790433850677,45.84358294263161,45.80062221220222,45.71971928818693,45.54695954368164,,,,,,,,,,,,52.14602487446292,49.60723644075672,47.6193198919364,47.2872090839696,47.04091301635917,46.88093513884798,46.307791676287614,46.027616119026284,45.90462029597265,45.87351457259575,45.80529767478847,45.763779710043515,45.665960071460184,45.313467640943614,,49.60723644075672,47.56794611864294,47.38185820331227,"rgba(0, 255, 255, 0.75)",2.417829897741997,48.19009828827619,1.6750151511923985,50.36354278950589,-2.0394723619127575,False,True,False,False,False,12.806759325413303,0.0,0.0,0.0,0.0,1,1.0729018492176385,0.8548364153627313,False,False,False,False,0.2498358937506338,0.2542051349003154,False,False,False,False,25741.0,14418.145580231825,False,False,False,False,1109.3581276123173,False,False,False,False
2025-04-29 15:00:00+00:00,52.24,52.24,52.08,52.14,254.0,,,,,,,,,,52.82239338288355,52.44829571299241,47.79219418518663,47.57508627701009,47.241454150909405,47.237234734775164,47.0046688208406,46.5526166752856,46.13886883345246,45.98274474937081,45.89375318674022,45.849371014555565,45.80634592350595,45.72529139714918,45.55228650338885,,,,,,,,,,,,52.14616623515078,49.61268906594718,47.626493874457516,47.294052875307074,47.04748957552551,46.88749741106982,46.31401844838937,46.03364553180111,45.91049166925615,45.87934797528751,45.81103365433074,45.76945347568906,45.67143735949113,45.31866859258374,,49.61268906594718,47.57508627701009,47.387096297588805,"rgba(0, 255, 255, 0.75)",2.293537483711539,48.1916297209164,1.7215198387314385,48.003000319533975,-2.0394723619127575,False,True,False,True,False,12.190248503043112,0.0,0.0,0.0,0.0,1,1.0738393620051263,0.8606522358302477,False,False,False,False,0.24469633142034558,0.24945073316033048,False,False,False,False,25487.0,14589.755726274743,False,False,False,False,1096.0967612927464,False,False,False,False
2025-04-29 16:00:00+00:00,52.14,52.24,51.885,51.96,730.0,,,,,,,,,,52.80201569054818,52.44327930861451,47.81239421117265,47.59492704620541,47.260258551722885,47.25601054701687,47.02300217130837,46.57037901813882,46.155987529215956,45.999484862278024,45.910167771786874,45.86561838056165,45.82241584495872,45.740941754166386,45.567259547827575,,,,,,,,,,,,52.139960924349545,49.627466124774784,47.64642034602504,47.31311208048633,47.0658364281317,46.90582132184917,46.33145915123539,46.050555662893935,45.92696818100207,45.895720270053395,45.82713761932303,45.78538582065786,45.686825225237186,45.333299698300344,,49.627466124774784,47.59492704620541,47.40127139457245,"rgba(0, 255, 255, 0.75)",2.1423082041205275,48.197302939721716,1.7563752279158957,44.77989250416806,-0.24702582043290278,False,True,False,True,False,11.080148275858978,0.0,0.0,0.0,0.0,1,1.0767307280131455,0.859755661927556,False,False,False,False,0.2399352092397627,0.24469297120004657,False,False,False,False,24757.0,14747.387420441026,False,False,False,False,1090.4208425130137,False,False,False,False
2025-04-29 17:00:00+00:00,51.96,52.04,51.89,51.98,385.0,,,,,,,,,,52.790905217763296,52.44031645501011,47.82282391691046,47.60518322545813,47.26999595449702,47.2657333933348,47.03250528063012,46.57960086857385,46.164886575067975,46.008191203949195,45.91870724532647,45.874072047087374,45.830778338774486,45.74908815863074,45.57505739381671,,,,,,,,,,,,52.135368030696526,49.63499933177413,47.65671808592903,47.32297858563178,47.075345072444044,46.91532333604626,46.34052077245884,46.05934899731967,45.93553941524001,45.90423810703215,45.83551767309905,45.79367766057597,45.69483640000531,45.340923423490636,,49.63499933177413,47.60518322545813,47.40853099162523,"rgba(0, 255, 255, 0.75)",2.042535350406044,48.20131128429049,1.849999176248443,42.92076726755462,-1.9768018766907858,False,True,False,True,False,11.172285470509333,0.0,0.0,0.0,0.0,1,1.071870058933448,0.8669685209141873,False,False,False,False,0.23518473705833717,0.23993885412919186,False,False,False,False,25142.0,14908.544204620233,False,False,False,False,1079.4840852647499,False,False,False,False
2025-04-29 18:00:00+00:00,51.98,52.27,51.92,52.27,53.0,,,,,,,,,,52.789735320592726,52.44006934516073,47.824318888440175,47.606650495680285,47.27138544104908,47.26712076337374,47.0338591117917,46.580910997279865,46.16614812753807,46.0094245467478,45.91991648338511,45.875268909819546,45.831962082701885,45.750240944077845,45.57616010854819,,,,,,,,,,,,52.13543461538462,49.636113703978914,47.65819194836464,47.32438701502089,47.07670008894705,46.9166759565131,46.34180648701885,46.06059494647507,45.93675323766446,45.90544420612319,45.836703924006834,45.79485122487919,45.695969811054205,45.342000538968854,,49.636113703978914,47.606650495680285,47.409617114717506,"rgba(0, 255, 0, 1.0)",1.9638325670362125,48.20221052298615,2.071352489664077,45.468657089032675,-1.9768018766907858,False,True,False,True,True,12.505148113012446,0.0,0.0,0.0,0.0,1,1.068066203338826,0.8620763774450098,False,False,False,False,0.2415210542306324,0.2407299541799121,False,False,False,False,25195.0,15068.024139432322,False,False,False,False,1063.5696033226607,False,False,False,False
2025-04-29 19:00:00+00:00,52.27,52.33,51.97,51.99,870.0,,,,,,,,,,52.769470155273254,52.435283206775395,47.84839297434302,47.6303027642552,47.29381805583756,47.289519702179426,47.05573564251689,46.602111383550536,46.18658563572385,46.02941337696536,45.939519563174024,45.89467376639145,45.85115656691941,45.76893793732442,45.59405307797366,,,,,,,,,,,,52.13321127224786,49.653857635061016,47.68194491945933,47.34711974623893,47.09859276989655,46.9385407286653,46.362625609700295,46.08078519387147,45.956429714864775,45.92499713828669,45.855938749009624,45.813882540387816,45.71435539164706,45.35948624029741,,49.653857635061016,47.6303027642552,47.4269563524638,"rgba(0, 255, 255, 0.75)",1.8885755989087352,48.21620224172616,1.998224355145982,44.32318280072215,-1.9768018766907858,False,True,False,True,True,10.741145035352684,0.0,0.0,0.0,0.0,1,1.0688270719816455,0.864998566102667,False,False,False,False,0.2442075137353721,0.24246873395764212,False,False,False,False,24325.0,15211.543145022519,False,False,False,False,1060.568524201379,False,False,False,False
2025-04-30 14:00:00+00:00,51.575,51.86,51.515,51.515,407.0,,,,,,,,,,52.75409386293559,52.43006666242235,47.858335378943984,47.64013513486305,47.303228203009034,47.29891678014664,47.06496361797883,46.61113580470135,46.195347211786135,46.03800368695433,45.94795570829812,45.90303022980523,45.85942779289956,45.777004637332226,45.60179171523076,,,,,,,,,,,51.63,52.12006323425564,49.66050191380972,47.69180445876156,47.35664266541379,47.107818935084886,46.94778648292245,46.371525048361505,46.089455109749636,45.96489527768918,45.93341351829096,45.86422673880025,45.82208791323067,45.72229399532675,45.36707082534637,,49.66050191380972,47.64013513486305,47.66571093831535,"rgba(0, 255, 255, 0.75)",1.8204909421007753,48.490448168098446,1.66139350762786,40.14664474099722,-4.42437509132175,False,True,False,True,False,7.85001369594664,0.0,0.0,0.0,0.0,0,1.0592899492820913,0.8724908922065862,False,False,False,False,0.22172026078284773,0.23209449737024493,False,False,False,False,23918.0,15346.526972231472,False,False,False,False,1050.4356788649234,False,False,False,False
2025-04-30 15:00:00+00:00,51.515,52.14,51.515,52.11,226.0,,,,,,,,,,52.74790277640659,52.428244469114276,47.86425886984585,47.64597162658559,47.3087869266287,47.30446747919962,47.07039805453504,46.61642333713684,46.20046064346524,46.043010569479165,45.95286926503665,45.90789570545564,45.86424206912546,45.78169708929454,45.606287779582566,,,,,,,,,,51.92166666666667,51.73413375460768,52.11722594865954,49.66471563486042,47.69766195264326,47.36227197826181,47.11325523969424,46.95322360073196,46.37672715522007,46.094510492416106,45.96982661465106,45.93831500723748,45.8690509348989,45.826862534564086,45.726910149626164,45.371470261836826,,49.66471563486042,47.64597162658559,47.91613098813754,"rgba(0, 255, 255, 0.75)",1.756953554535092,48.77999556756153,1.8953286635511688,43.17230147029232,-4.42437509132175,False,True,False,True,True,10.624584842475496,0.0,0.0,0.0,0.0,0,1.0596760443307756,0.8694941744813868,False,False,False,False,0.22850297208089262,0.23029873472556878,False,False,False,False,24144.0,15482.92190289455,False,False,False,False,1037.6537303553898,False,False,False,False
2025-04-30 16:00:00+00:00,52.11,52.13,51.97,52.1,309.0,,,,,,,,,,52.7410451416037,52.42648120383815,47.872618344084074,47.654195655576814,47.316603732454254,47.31227283094726,47.07803016895468,46.62383285964015,46.20761407330525,46.05001100099667,45.95973717694704,45.91469543328581,45.870969328835734,45.7882525291054,45.612565613682,,,,,,,,,,52.00541433021807,51.843213021939135,52.11625630999669,49.67082002988307,47.70591846574113,47.3701903247068,47.120891765453266,46.960854720668664,46.384009591501695,46.10157997397559,45.976719757730095,45.9451657212386,45.87579214525332,45.833533605052416,45.73335797503575,45.37760881648964,,49.67082002988307,47.654195655576814,47.9293585511976,"rgba(0, 255, 255, 0.75)",1.6810501410062946,48.794234091220076,1.9664885824292297,45.11050765566468,-4.42437509132175,False,True,False,True,True,10.563953422643579,0.0,0.0,0.0,0.0,0,1.0740608484502212,0.8666619054420799,False,False,False,False,0.2393255844480623,0.23481215958681553,False,False,False,False,23835.0,15612.411485795408,False,False,False,False,1026.3567732956162,False,False,False,False
2025-04-30 17:00:00+00:00,52.1,52.19,52.0,52.175,101.0,,,,,,,,,,52.73901386498686,52.425996113343324,47.87537925917347,47.65691056103425,47.3191826929038,47.31484799888313,47.08054720234799,46.62627480470667,46.20997038109439,46.05231652543116,45.96199887100916,45.916934584401886,45.873184534879094,45.79041102585215,45.61463241073171,,,,,,,,,,52.023875786163515,51.87017737296261,52.11629001418615,49.67285424507885,47.70864438617614,47.37280298740939,47.12341044449873,46.96337091388894,46.386408893305166,46.103908354969406,45.97898979535854,45.94742172026756,45.87801195117717,45.835730237786436,45.73548095125285,45.379629307182505,,49.67285424507885,47.65691056103425,47.93302158899032,"rgba(0, 255, 0, 1.0)",1.6105147182371131,48.798127427593414,2.09676604266178,47.06565076837422,-8.717202806200454,False,True,False,True,True,10.91126252340371,0.0,0.0,0.0,0.0,0,1.0711626575028632,0.8676975945017182,False,False,False,False,0.2415210542306324,0.23816660690872396,False,False,False,False,23936.0,15741.459369736564,False,False,False,False,1012.0101566553741,False,False,False,False
2025-04-30 18:00:00+00:00,52.175,52.2,51.895,51.985,349.0,,,,,,,,,,52.73103180718766,52.42381217287744,47.88467907241464,47.66606734995315,47.32789701904205,47.32354971769048,47.08906182844757,46.634550558673105,46.2179674305126,46.0601451930839,45.96968093176201,45.92454115431128,45.880710793676386,45.79774653607505,45.62165990442845,,,,,,,,,,52.024864636209806,51.90941211685824,52.11440144104979,49.67958576091557,47.717835589981284,47.3816286658226,47.13192905951419,46.97188684716116,46.394547053140876,46.11181330875595,45.986699780338064,45.955084781676945,45.885553714331905,45.843194247727496,45.74269696531493,45.386503447220015,,49.67958576091557,47.66606734995315,47.9407290796685,"rgba(0, 255, 0, 1.0)",1.532301977859477,48.80509533216689,2.0752467292871475,46.669725568484566,-8.717202806200454,False,True,False,True,True,9.730685682283333,0.0,0.0,0.0,0.0,0,1.0668617097188524,0.866490652204938,False,False,False,False,0.23920368044864068,0.23868514367868232,False,False,False,False,23587.0,15863.095658577857,False,False,False,False,1001.730929420407,False,False,False,False
2025-04-30 19:00:00+00:00,51.985,52.59,51.985,52.525,1610.0,,,,,,,,,,52.713122786665046,52.42240589589958,47.93052463606059,47.71107243386179,47.37056252410503,47.36615187989385,47.130643599242426,46.674788738125955,46.256719180396956,46.09803916226589,46.00684439248346,45.96132940568622,45.917101383618,45.83319934006234,45.65559094814794,,,,,,,,,,52.2369267822736,52.154641905396396,52.13675159586177,49.71457464245756,47.763040748122634,47.42486217125168,47.173550099098556,47.01342206483862,46.4340359523428,46.1500893586776,46.024002211618075,45.9921528690477,45.92202006805456,45.87927589630486,45.77756212928123,45.41964625358816,,49.71457464245756,47.71107243386179,47.99129100414913,"rgba(0, 255, 0, 1.0)",1.4402753678154232,48.860306499542794,2.544439474803855,50.77685933719792,-4.912596720383519,False,False,False,False,True,12.232156547913785,0.0,0.0,0.0,0.0,0,1.0712764446968621,0.8605707794973734,False,False,False,False,0.2509389041732175,0.24481202392594992,False,False,False,False,25197.0,16007.807353793703,False,False,False,False,1011.1614576464473,False,False,False,False
2025-05-01 14:00:00+00:00,52.225,52.61,52.225,52.605,119.0,,,,,,,,,52.48,52.712278935361226,52.42251046386852,47.93396164646778,47.714444863726655,47.373758289139175,47.36934290653324,47.13375700619183,46.67779922807964,46.259616832827284,46.10087226682185,46.0096227712654,45.96407968506989,45.919821902983685,45.83584977493327,45.65812747529393,,,,,,,,,,52.2475847457627,52.16704742069849,52.13898474659669,49.71723361936157,47.76642852975553,47.42810055089003,47.17666674892609,47.01653114789093,46.4369893435355,46.15295111239438,46.02679099980761,45.99492408987414,45.92474624062339,45.88197327980825,45.78016863289761,45.422123212823955,,49.71723361936157,47.714444863726655,48.25689111803385,"rgba(0, 255, 0, 1.0)",1.3337797777355214,49.1683177383761,2.5766489483433763,54.04552524297989,-1.7925634523534484,True,False,True,False,True,12.593720266001498,0.0,0.0,0.0,0.0,0,1.0764601769911502,0.8579115044247788,False,False,False,False,0.25732366992712863,0.2510678469265393,False,False,False,False,25316.0,16152.12041807597,False,False,False,False,997.3294970627815,False,False,False,False
2025-05-01 15:00:00+00:00,52.605,52.605,52.205,52.21,118.0,,,,,,,,,52.41029535864979,52.71094747370656,52.4223621835387,47.93725985134434,47.71768614467966,47.376836478846336,47.37241661600913,47.13675992276857,46.680709383579625,46.262422863526965,46.10361748116328,46.01231588839856,45.966746015995085,45.92245981173903,45.83842051641055,45.66058924635167,,,,,,,,,,52.251435381355925,52.17334825563445,52.14027323591721,49.71973185504484,47.76968340701336,47.431218747422136,47.179672107427464,47.019531703534554,46.439847287527776,46.15572352981384,46.029494033040514,45.9976104144616,45.92738958144191,45.88458911304026,45.78269726597805,45.42452895571596,,49.71973185504484,47.71768614467966,48.256717824816015,"rgba(0, 255, 0, 1.0)",1.2425995999381656,49.167426087530295,2.448555361373938,52.64294077673832,-1.7925634523534484,True,False,True,False,True,10.123265287844788,0.0,0.0,0.0,0.0,0,1.075403568394222,0.8617955253469273,False,False,False,False,0.2567088650810804,0.2538883560038098,False,False,False,False,25198.0,16292.366613144559,False,False,False,False,983.6964816044438,False,False,False,False
2025-05-01 16:00:00+00:00,52.21,52.255,51.885,52.01,302.0,,,,,,,,,52.20842300556586,52.70495239525456,52.42065738873815,47.9451240473522,47.72544181777584,47.38423789894707,47.37980770974816,47.14400213293502,46.68776283833061,46.26925050261201,46.110306175911155,46.01888260645129,45.97324982063119,45.92889657219447,45.84469756845687,45.666608268035844,,,,,,,,,,52.23202456924058,52.16282829709121,52.13881620437176,49.72539877654662,47.77746537915865,47.43871080853653,47.186916513570154,47.02677796962916,46.44679020440275,46.16247553444901,46.03608400416088,46.00416134739698,45.93383933533787,45.89097391152276,45.78887416508932,45.43042053497204,,49.72539877654662,47.72544181777584,48.2524219179523,"rgba(0, 255, 0, 1.0)",1.1487023622844355,49.159777767669304,2.481253913905452,50.183536245065284,-1.7925634523534484,True,False,False,False,False,8.900688014965048,0.0,0.0,0.0,0.0,0,1.065559812686249,0.8712927486873848,False,False,False,False,0.24030106810262727,0.24709471205321853,False,False,False,False,24896.0,16425.756278057048,False,False,False,False,973.12754390515,False,False,False,False
2025-05-01 17:00:00+00:00,52.01,52.055,51.74,51.81,153.0,,,,,,,,,52.13322976878613,52.70112547835448,52.41937924758507,47.9489209416577,47.72919581482577,47.387833032894534,47.38339798583915,47.147527495305646,46.69120838477275,46.27259488292621,46.11358561305156,46.02210395947539,45.97644114403656,45.9320557921512,45.847779866199794,45.66956665429933,,,,,,,,,,52.21509583206571,52.150630752571736,52.136622402459714,49.72803571476443,47.781229936285285,47.44234801851165,47.19044167683805,47.03030865021335,46.4501872586319,46.16578498345268,46.03931644304054,46.00737522537044,45.937004840181054,45.89410828855013,45.791908213269494,45.43331953976982,,49.72803571476443,47.72919581482577,48.250556825748646,"rgba(0, 255, 0, 1.0)",1.0688738369330621,49.156138569828514,2.482857507099489,47.132135254803444,3.06527834090231,False,False,False,True,False,7.688838043087326,0.0,0.0,0.0,0.0,0,1.0615700722686692,0.8746634547258044,False,False,False,False,0.2319020561507452,0.23949838410198188,False,False,False,False,24743.0,16554.70579312593,False,False,False,False,960.4123881856904,False,False,False,False
2025-05-01 18:00:00+00:00,51.81,52.05,51.81,51.98,101.0,,,,,,,,,52.10946826397646,52.69885416356177,52.418658224725796,47.95147337712005,47.731717046165244,47.39024457095768,47.38580623192946,47.149890381665465,46.693514762432365,46.274831297560965,46.1157778641899,46.02425699711671,45.97857392552035,45.93416694468964,45.84983930895832,45.67154268924921,,,,,,,,,,52.20709366391185,52.14520245937637,52.135610774233236,49.72983646474549,47.78375879853091,47.44478821817192,47.19280475686841,47.03267423192173,46.452459814203785,46.16799753053671,46.04147696177657,46.009523205058876,45.93912021031403,45.896202692686764,45.79393522111429,45.43525510999698,,49.72983646474549,47.731717046165244,48.25065175945032,"rgba(0, 255, 0, 1.0)",0.9944671396746201,49.155448696088364,2.840266099527229,46.712236014713824,2.501026870181718,False,False,False,True,False,8.521667925446515,0.0,0.0,0.0,0.0,0,1.0641896673743805,0.8723991507431,False,False,False,False,0.23348198915831858,0.23649018663015023,False,False,False,False,24844.0,16683.221982379793,False,False,False,False,947.0881651130439,False,False,False,False
2025-05-01 19:00:00+00:00,51.96,52.0,51.815,51.815,472.0,,,,,,,,,52.02260474308301,52.687447311954394,52.414822209559816,47.96315027238024,47.743264570532524,47.40130797697724,47.39685478042099,47.160741313567534,46.70412303371678,46.28513063417496,46.125878304421576,46.034179328486516,45.98840414951141,45.943898675076966,45.85933493782325,45.680657931592556,,,,,,,,,,52.16668911917098,52.11549800796813,52.129322683541695,49.737948736423554,47.79533821839941,47.455980189685356,47.203654851939625,47.04354206772854,46.46292021785138,46.17818996300527,46.05143329152041,46.01942261885611,45.94887123299746,45.90585820372227,45.803282727649616,45.44418824036396,,49.737948736423554,47.743264570532524,48.251513943795096,"rgba(0, 255, 0, 1.0)",0.9078145323941201,49.15263152719713,2.9327229051748893,45.17393254599483,0.7926166865120905,False,False,False,True,False,7.51058258752003,0.0,0.0,0.0,0.0,0,1.065657280316966,0.8717985000707515,False,False,False,False,0.2323880679020983,0.23443912726612426,False,False,False,False,24372.0,16802.42784311809,False,False,False,False,939.7224571267952,False,False,False,False
2025-05-02 14:00:00+00:00,51.815,52.255,51.815,51.89,1273.0,,,,,,,,,52.004579064880474,52.662171237793025,52.40680240428477,47.995175184657185,47.774910601302885,47.431602881491386,47.427108919093826,47.190436660044476,46.73312246467433,46.313263176934946,46.15346149295889,46.06127391666577,46.01524621138886,45.97047098182672,45.88526187555885,45.70554315220167,,,,,,,,,,52.122042989804534,52.08589470517449,52.120553919201676,49.76063497724204,47.82707710717712,47.48662953889647,47.23335184281974,47.07327293544748,46.49150134605821,46.20602586883004,46.07862112063485,46.04645418173105,45.97549617051347,45.93222158648422,45.828804656436006,45.46856803017798,,49.76063497724204,47.774910601302885,48.26804858996754,"rgba(0, 255, 0, 1.0)",0.8128212351809536,49.16396100232521,3.3537989408801674,44.927837217581,0.23751522775054212,False,True,False,True,False,7.887411215420386,0.0,0.0,0.0,0.0,0,1.0673618940248026,0.8665445321307782,False,False,False,False,0.23859426501389255,0.23651669614000842,False,False,False,False,25645.0,16939.52198508525,False,False,False,False,944.8895508147518,False,False,False,False
2025-05-02 15:00:00+00:00,51.89,52.1,51.755,51.765,357.0,,,,,,,,,51.98839435808865,52.65427201668024,52.404014768951555,48.00381250792818,47.78346430638456,47.4398174424327,47.435312793954964,47.19850368497409,46.741023773539936,46.32094628001073,46.16100097843745,46.068683604379586,46.02258866754673,45.97774141964064,45.89235914955214,45.71236145001137,,,,,,,,,,52.1058700667881,52.07302639760331,52.116364535371275,49.76659541120067,47.83565166849691,47.49493592735604,47.24141697543335,47.081355712886385,46.49929939308828,46.213632220768545,46.08605560526943,46.05384720045396,45.982780776230115,45.93943630894271,45.835793207157735,45.475254194994776,,49.76659541120067,47.78346430638456,48.27159545192103,"rgba(0, 255, 0, 1.0)",0.7087385698274732,49.16567435741414,3.667538008011345,43.721172884742344,-1.2586337156335645,False,True,False,True,False,7.107733808974821,0.0,0.0,0.0,0.0,0,1.0664087231797397,0.8700668308125221,False,False,False,False,0.23336041528966645,0.23493855571483743,False,False,False,False,25288.0,17068.955752758346,False,False,False,False,935.7749841354533,False,False,False,False
2025-05-02 16:00:00+00:00,51.765,51.825,51.65,51.795,748.0,,,,,,,,,51.94081480464818,52.63582621317436,52.397003947857414,48.021243689495215,47.80076313098681,47.456480427419656,47.45195477869876,47.21489664368432,46.757125839610275,46.336638749517554,46.1764124028553,46.08383675720211,46.03760775298578,45.99261649047704,45.90688620341731,45.726329037015084,,,,,,,,,,52.06399700758791,52.03741509907199,52.104031094812434,49.77828994092137,47.85298437472297,47.51177715320188,47.25780141654739,47.09779292808225,46.51521198522785,46.2291761578066,46.10125815242389,46.06896734025471,45.99768441769674,45.95420010156292,45.85010167224513,45.48896350697212,,49.77828994092137,47.80076313098681,48.27717231155189,"rgba(0, 255, 0, 1.0)",0.6030816358174009,49.16673670629729,4.358055589174806,43.2816132936338,-2.040315234365309,False,True,False,True,False,7.263772588403832,0.0,0.0,0.0,0.0,0,1.073894781803944,0.8720723286110915,False,False,False,False,0.22414032324818445,0.22953943948151095,False,False,False,False,26036.0,17207.979694576046,False,False,False,False,932.8637440713377,False,False,False,False
2025-05-02 17:00:00+00:00,51.765,52.03,51.56,52.03,100.0,,,,,,,,,51.93901193338676,52.633737134350724,52.39624683736466,48.023634198207354,47.803132267991444,47.458758529628675,47.45422996963924,47.217135351088785,46.759320741900645,46.33877481995884,46.178509264303166,46.085898000526925,46.03965053067111,45.99463946872334,45.90886149496449,45.728227502769315,,,,,,,,,,52.06098874513517,52.03498245614036,52.10297840139934,49.779934556891796,47.85535888167672,47.514080175727614,47.26003941296739,47.10003647206025,46.517379229495624,46.23129134187778,46.103326203451246,46.07102401427722,45.99971130030426,45.95620776477958,45.85204700970641,45.49082580029152,,49.779934556891796,47.803132267991444,48.27837837880475,"rgba(0, 255, 0, 1.0)",0.5826094453117788,49.1675164835518,4.913211654020414,45.6987009876462,-2.040315234365309,False,False,False,True,True,8.485706598939487,0.0,0.0,0.0,0.0,0,1.073279840942981,0.8674998224810057,False,False,False,False,0.2269265929389416,0.2282330162102263,False,False,False,False,26136.0,17346.398614039983,False,False,False,False,919.9511278841851,False,False,False,False
2025-05-02 18:00:00+00:00,52.03,52.03,51.4,51.425,397.0,,,,,,,,,51.90826086956521,52.622811415871645,52.39180730454452,48.03246862451352,47.81192305385629,47.467258381373945,47.46271954240207,47.22551625312373,46.767582386834086,46.34684881438023,46.18644652712694,46.09370675730286,46.04739239052037,46.00230920473297,45.91635580088457,45.7354405817666,,,,,,,,,,52.034896065330365,52.01182231867825,52.09435505557546,49.78564605913578,47.86416155009525,47.52266580075631,47.268412959593206,47.10844786811344,46.52555710357024,46.239294184562766,46.11115957195604,46.07881644717133,46.00739550140151,45.96382186068884,45.859431076174424,45.49791344230136,,49.78564605913578,47.81192305385629,48.280399092238156,"rgba(0, 255, 0, 1.0)",0.5825035900603235,49.16680434974482,3.8767068371566915,42.42199178275737,-3.0223840806851214,False,True,False,True,False,4.708316635600276,0.0,0.0,0.0,0.0,0,1.068731917295886,0.8687460306259265,False,False,False,False,0.22305097717607902,0.22564199669315266,False,False,False,False,25739.0,17476.5164649851,True,False,False,False,911.843358459624,False,False,False,False
2025-05-02 19:00:00+00:00,51.425,51.5,51.36,51.425,1427.0,,,,,,,,,51.785240105382904,52.57833368125321,52.372440379766466,48.06220445085344,47.84162872355733,47.496140608154015,47.49156897131843,47.254087640734895,46.795893811625845,46.374628935781125,46.213795135131186,46.12063482939391,46.07410057391305,46.02877897237796,45.942239846254104,45.760389778836995,,,,,,,,,,51.9288479130932,51.91465359629674,52.05431912324304,49.80378767709912,47.89388085763646,47.5518140977365,47.296944320280936,47.13716245654403,46.55364822235426,46.2668555953409,46.13816836399923,46.105691627500335,46.03391388707964,45.990108163015364,45.88494680759978,45.52246815824115,,49.80378767709912,47.84162872355733,48.284258867919625,"rgba(0, 255, 0, 1.0)",0.5905467233277696,49.15968096670634,3.835969185517508,40.23751897949815,-5.143802704943596,False,True,False,True,False,4.708316635600276,0.0,0.0,0.0,0.0,0,1.0725789286981198,0.8761972330613695,False,False,False,False,0.2092966605050915,0.21746932859912207,False,False,False,False,25739.0,17604.61698490781,True,False,False,False,919.8302831346685,False,False,False,False
2025-05-05 14:00:00+00:00,50.93,51.83,50.77,51.71,986.0,,,,,,,,,51.73279185106058,52.54969688875322,52.35962138368277,48.082498439574415,47.861917700278354,47.51589402435943,47.51130046329171,47.27364241142551,46.815290611333644,46.39367847283182,46.232555750254406,46.13911175227835,46.09242898557758,46.04694615555843,45.960010080997876,45.7775264698498,,,,,,,,,51.43666666666667,51.875799081766516,51.86532914704344,52.02968796764407,49.81615360194984,47.914175570183325,47.571744296561455,47.31647009814472,47.15681920120678,46.57290361219314,46.285759484516966,46.15669977333754,46.1241329247228,46.05211404779476,46.00815130511329,45.902467294425925,45.53933981033834,51.43666666666667,49.81615360194984,47.861917700278354,48.50361364700246,"rgba(0, 255, 0, 1.0)",0.5925602717668544,49.402158351421384,3.894695204079843,41.93423510447267,-5.143802704943596,False,True,False,True,False,6.234434401764489,1.0,51.83,50.77,0.0,0,1.0673171416537974,0.8660676681173666,False,False,False,False,0.2030488878471142,0.21025910822311814,False,False,False,False,26725.0,17746.0182719635,False,False,False,False,920.856170217852,False,False,False,False
2025-05-05 15:00:00+00:00,51.71,51.76,51.58,51.64,550.0,,,,,,,,,51.727155427284245,52.53742028149227,52.35431588695706,48.09445961827992,47.87383675394601,47.52744960953408,47.5228426998499,47.285051928151844,46.826559521543906,46.40471014879138,46.243408744413095,46.149794811082884,46.103023389243326,46.05744476675645,45.970274818224894,45.78741606245493,,,,,,,,,51.51663628472223,51.86356052794391,51.85415338941119,52.02164332344213,49.823909862228604,47.926106812684466,47.583410240180406,47.3278679914438,47.16827412583961,46.58406878511683,46.296698908216136,46.167415414898024,46.13479444244073,46.06263196542607,46.01857602779465,45.912584881868305,45.5490640403101,51.51663628472223,49.823909862228604,47.87383675394601,48.51262182159579,"rgba(0, 255, 0, 1.0)",0.597740279253602,49.4095783458425,3.731422712457373,42.47371154893608,-5.143802704943596,False,True,False,True,True,5.794797030193209,0.0,0.0,0.0,0.0,0,1.0802868391451066,0.8651574803149606,False,False,False,False,0.2208738436433664,0.21556647593324227,False,False,False,False,26175.0,17876.70015921988,False,False,False,False,915.1064621524589,False,False,False,False
2025-05-05 16:00:00+00:00,51.64,51.96,51.62,51.915,1625.0,,,,,,,,,51.746613580812706,52.509774692250836,52.3428623188406,48.13101597582557,47.91019618096777,47.562620440023856,47.557972213163396,47.31972698458884,46.860721564180096,46.43809131858357,46.27623059231174,46.18209409767286,46.135050545710186,46.08917866439395,46.00129615998838,45.81729049627962,,,,,,,,,51.67858641780027,51.85898333774913,51.851038221085545,52.01016703841386,49.848556918706976,47.96251878965908,47.618927306652125,47.36251751728055,47.203060865214226,46.617878348142,46.3297875593979,46.19981480764447,46.167027116425146,46.0944244488833,46.05008334667504,45.94315777679597,45.578417100814264,51.67858641780027,49.848556918706976,47.91019618096777,48.54187136813572,"rgba(0, 255, 0, 1.0)",0.5933040179017756,49.43575140428849,4.178715331272141,45.609372225375665,-8.977381820638996,False,False,False,True,True,7.264333698026235,0.0,0.0,0.0,0.0,1,1.100944985715332,0.8537836055966598,False,False,False,False,0.22668417164506702,0.22112532378915464,False,False,False,False,27800.0,18030.549769154455,False,False,False,False,926.1125635144363,False,False,False,False
2025-05-05 17:00:00+00:00,51.87,51.95,51.79,51.945,519.0,,,,,,,,,51.75494196315922,52.50217837614774,52.33974945650478,48.14273854601097,47.92185376210742,47.573897529260506,47.569236149337264,47.33084439034285,46.871672115138786,46.44879057362186,46.28675088626897,46.192447540197456,46.145317094809634,46.09935159239253,46.011241706171425,45.82686962736216,,,,,,,,,51.70910778985507,51.860561842031196,51.852900917081676,52.00798710140169,49.85654915269541,47.97419361389337,47.630314779086795,47.37362722502703,47.214212657022074,46.62871505576305,46.34039306294001,46.21020021479611,46.17735926666087,46.10461605561011,46.06018390819908,45.95296016221981,45.58782867822479,51.70910778985507,49.85654915269541,47.92185376210742,48.550848958654086,"rgba(0, 255, 0, 1.0)",0.5826285961758262,49.44377591869507,4.2929991725811405,47.98507516782061,-6.693173296380635,True,False,False,False,True,7.424067273993206,0.0,0.0,0.0,0.0,1,1.096532819676989,0.858645725292636,False,False,False,False,0.23056607788907177,0.2258457008391132,False,False,False,False,28319.0,18190.060625446637,False,False,False,False,919.80074082429,False,False,False,False
2025-05-05 18:00:00+00:00,51.945,51.98,51.86,51.98,363.0,,,,,,,,,51.76193218869233,52.4973615241782,52.337815545841465,48.15099207822379,47.93005876573212,47.581831923237374,47.57716127947304,47.33866444187896,46.879371259865586,46.456310593170784,46.29414448187447,46.1997236588652,46.152532050732376,46.1065006816989,46.01823096400269,45.83360110822933,,,,,,,,,51.72983840382554,51.862924484500894,51.85540781266519,52.007098780985274,49.86222468200066,47.98241137686949,47.63832711057392,47.38144230134557,47.22205569576269,46.63633261424712,46.34784669382647,46.217498836151144,46.18462037641277,46.111778263167814,46.06728206526681,45.9598487754009,45.5944415383292,51.72983840382554,49.86222468200066,47.93005876573212,48.557335876408004,"rgba(0, 255, 0, 1.0)",0.5738879336256282,49.44969128270992,4.409064155268867,49.928237101250545,-4.815754045365054,True,False,False,False,True,7.613246765225341,0.0,0.0,0.0,0.0,1,1.1039397104909716,0.8466646769138938,False,False,False,False,0.23299573431888493,0.22942071757899907,False,False,False,False,28682.0,18352.726352183898,False,False,False,False,911.1681711991071,False,False,False,False
2025-05-05 19:00:00+00:00,51.9,52.145,51.9,52.095,2029.0,,,,,,,,,51.811569292894575,52.47676326162857,52.33014985574575,48.19775298701861,47.97651447651148,47.6267283182756,47.62200529770322,47.38289283366205,46.92287679484573,46.4987778426733,46.33589174750106,46.24080634530365,46.193268902801826,46.146865449621345,46.0576944130774,45.871608096863305,,,,,,,,,51.83570871761089,51.88911620064634,51.88191312068848,52.00979185535539,49.894987113529055,48.02894611259397,47.68366632873751,47.425647672063675,47.26639998852412,46.67936030149571,46.38993402757557,46.258708793984745,46.22561794609302,46.15221686782054,46.10735887263276,45.99874444654407,45.63176932720119,51.83570871761089,49.894987113529055,47.97651447651148,48.59570108930649,"rgba(0, 255, 0, 1.0)",0.5730695522468846,49.485859105664176,4.552921864555416,52.42079206400074,-2.4247702497704395,True,False,True,False,True,8.239864859994317,0.0,0.0,0.0,0.0,0,1.1078872394661867,0.8400809716599194,False,False,False,False,0.23798502346317546,0.23370287052108726,False,False,False,False,30711.0,18544.327494010504,False,False,False,False,928.4988972270279,False,False,False,False
2025-05-06 14:00:00+00:00,52.385,52.625,52.32,52.32,319.0,,,,,,,,,51.827844678597316,52.47637018979888,52.33052712517125,48.20570917672436,47.98438720047082,47.634296851032666,47.629564565898924,47.39032400065956,46.93014592571105,46.50584327107057,46.342827586699684,46.247626717031785,46.200029432680836,46.153561963259975,46.06423746813251,45.87790162036691,,,,,,,,,51.864956188389925,51.90078964245632,51.89342257130126,52.01415256112401,49.90093101430891,48.03683939059378,47.69131526475337,47.43307938136318,47.27383887753009,46.686531243924044,46.39692943835476,46.26555123403941,46.23242336808569,46.15892585063453,46.114005687880464,46.005190830368015,45.63793953456133,51.864956188389925,49.90093101430891,47.98438720047082,48.60384909860366,"rgba(0, 255, 0, 1.0)",0.5730444615871337,49.49439567257595,4.930864037317649,56.15742171477518,1.06701338149783,True,False,True,False,True,9.45665478462583,0.0,0.0,0.0,0.0,0,1.1107683046128376,0.8377605538415233,False,False,False,False,0.26003108072725306,0.24686697562417015,False,False,False,False,31030.0,18737.90381193282,False,False,False,False,919.0493019211825,False,False,False,False
2025-05-06 15:00:00+00:00,52.32,53.38,52.32,53.38,614.0,,,,,,,,,51.886393573019404,52.48382434698201,52.336007273877314,48.22312441411228,48.00151750308933,47.650629949550755,47.64587602977633,47.40627824262959,46.945618816928736,46.52078115303444,46.35745727828736,46.26199429530704,46.214261976310546,46.16765122555158,46.07798840185324,45.89109800461193,,,,,,,,,51.966782060433026,51.94636810179996,51.93810035957365,52.03437386156647,49.91502031072968,48.054037771365905,47.70784246408326,47.44904887227368,47.289772388272894,46.70173403993579,46.41169591067549,46.27996876041899,46.24675652522477,46.173042292262984,46.1279832606634,46.018728734433886,45.65084058008109,51.966782060433026,49.91502031072968,48.00151750308933,48.626440172117924,"rgba(0, 255, 0, 1.0)",0.5853717306667587,49.52003100954707,6.594047488518613,63.939969798125226,8.118221537360014,True,False,True,False,True,14.736822264702777,0.0,0.0,0.0,0.0,0,1.1105294645527966,0.8250822614418187,False,False,False,False,0.2787170580456322,0.26279201683490117,False,False,False,False,31644.0,18937.998326476496,False,False,False,False,914.3198553797688,False,False,False,False
2025-05-06 16:00:00+00:00,53.38,53.84,53.375,53.505,1581.0,,,,,,,,,52.07483784356673,52.52054467159821,52.360589910820146,48.27243150239092,48.04983625965155,47.69646506896141,47.69164778906579,47.45090200735939,46.98865044523384,46.562137501081814,46.39789818904542,46.30167799581623,46.25355695079583,46.2065358157371,46.11591321986962,45.92744057415067,,,,,,,,,52.26260753940524,52.09995253164558,52.0888029728942,52.109643619489546,49.956993292113566,48.10259030100023,47.754256976352316,47.493741774177415,47.33426758843297,46.74390107203018,46.452534679891805,46.31979650590467,46.28633988424558,46.212003384438475,46.16654706015327,46.05604923747687,45.68630006728328,52.26260753940524,49.956993292113566,48.04983625965155,48.694921916887,"rgba(0, 255, 0, 1.0)",0.5992221158676285,49.59975460424844,6.5171916929285265,69.50227084510198,12.889104856477466,True,False,True,False,True,15.315397014447996,0.0,0.0,0.0,0.0,0,1.1248767912654483,0.830009856698764,False,False,False,False,0.3168079378230421,0.28979997732897167,False,False,False,False,33225.0,19159.50222839159,False,False,False,False,924.6559816529507,False,False,False,False
2025-05-06 17:00:00+00:00,53.505,53.77,53.47,53.59,521.0,,,,,,,,,52.1293437372223,52.53251191229181,52.368716738661824,48.288592604646105,48.06568056102507,47.71150775012125,47.70666993892328,47.46555333604239,47.00278714836397,46.57573067018102,46.41119349135527,46.31472655826094,46.26647878618285,46.21932381163933,46.12838800048993,45.93939870458507,,,,,,,,,52.33969016507449,52.14551016271933,52.13364024666215,52.133442123850685,49.97075290933758,48.1185096128951,47.769487199327735,47.508415206186356,47.34887809742553,46.757757579513715,46.465959549413014,46.3328920175977,46.29935574946331,46.22481634459933,46.17923042079032,46.06832671980369,45.6979698933911,52.33969016507449,49.97075290933758,48.06568056102507,48.715892202662474,"rgba(0, 255, 0, 1.0)",0.6147501873066217,49.623884918495314,6.451588244130933,73.47000704654666,16.218086731492704,True,False,True,False,True,15.710371474258302,0.0,0.0,0.0,0.0,0,1.1275331403321651,0.8179948194423283,False,False,False,False,0.3174437411123562,0.3036218592206639,False,False,False,False,33746.0,19385.649480664586,False,False,False,False,918.3977493792615,False,False,False,False
2025-05-06 18:00:00+00:00,53.59,53.94,53.59,53.94,1013.0,,,,,,,,,52.2387344085336,52.55950450357466,52.38688352997746,48.32098531550008,48.09740566781801,47.74158776545351,47.73670852846213,47.49482403157144,47.030983530512835,46.60280787453654,46.43766616601795,46.34070248413691,46.29219981856059,46.244776037536354,46.15321293447731,45.96318680276731,,,,,,,,,52.48820108695652,52.23847782882982,52.22522669306366,52.18400061037438,49.99876272739451,48.15039244461362,47.79994767245491,47.537735223524415,47.378053337544465,46.78537367143048,46.49269357878024,46.358962421248066,46.32526566156183,46.2503184408442,46.20447229909826,46.09275645690286,45.721171017409574,52.48820108695652,49.99876272739451,48.09740566781801,48.758075470554886,"rgba(0, 255, 0, 1.0)",0.6398947548605404,49.67262442892167,6.6688709958380015,77.08799042880813,19.35554581921535,True,False,True,False,True,17.314346364982384,0.0,0.0,0.0,0.0,0,1.1327927790101735,0.8117494071750938,False,False,False,False,0.3248373881798016,0.3142296237002328,False,False,False,False,34759.0,19623.996000344207,False,False,False,False,919.864450939273,False,False,False,False
2025-05-06 19:00:00+00:00,53.98,53.98,53.41,53.43,5074.0,,,,,,,,,52.57305781673971,52.65878698980387,52.458696254181916,48.471522460274244,48.245373793354126,47.88269383107082,47.87763329516562,47.63258919580874,47.164383298748966,46.73146559963508,46.563661152406496,46.46446378777097,46.414810788012545,46.36616873677073,46.27174049012973,46.07698473129388,,,,,,,,,52.86170999517353,52.535711523091855,52.52019897880458,52.36941163879826,50.12553380745951,48.29897284939167,47.94269479785404,47.67566733705706,47.51553668297988,46.91635282245348,46.61985680633745,46.48314934008725,46.44873161586558,46.37193989542877,46.32491269166842,46.20947623085827,45.83236180702035,52.86170999517353,50.12553380745951,48.245373793354126,48.9215142268126,"rgba(0, 255, 0, 1.0)",0.6502429345057181,49.85251223042372,5.5017710762143155,73.7479688000002,19.35554581921535,True,False,True,False,False,13.744604201160175,0.0,0.0,0.0,0.0,0,1.1302482378179588,0.811752988047809,False,False,False,False,0.3212638016897066,0.3177467126949697,False,False,False,False,29685.0,19779.980558478404,False,False,False,False,984.2696532502919,False,False,False,False
2025-05-07 14:00:00+00:00,52.75,53.99,52.75,53.99,486.0,,,,,,,,,52.59601418239437,52.66704744798129,52.4649651748182,48.48541089870972,48.25905351847453,47.89578484801178,47.89070829832163,47.64539482394313,47.1768189817198,46.74348843890945,46.575446819644625,46.476048189433094,46.426291301097265,46.37753895738699,46.28285019203611,46.08766428258893,,,,,,,,,52.88387000425169,52.55693055672064,52.54137277138576,52.384295982478825,50.13710967479224,48.31270264483424,47.95592954481008,47.68848533335717,47.5283240435664,46.928579767516815,46.631747367039,46.49477213701898,46.46028946534324,46.38333095307808,46.33619672185386,46.22042134882984,45.84280713074515,52.88387000425169,50.13710967479224,48.25905351847453,48.93522363661908,"rgba(0, 255, 0, 1.0)",0.6749294457626593,49.8671170427764,6.108613252996854,73.73631862583912,19.35554581921535,True,False,True,False,False,16.28840614892701,0.0,0.0,0.0,0.0,0,1.1176559890693791,0.814027630180659,False,False,False,False,0.30477401375141794,0.31126036322319384,False,False,False,False,30171.0,19941.08163509114,False,False,False,False,976.5445423471865,False,False,False,False
2025-05-07 15:00:00+00:00,53.99,54.225,53.67,54.225,792.0,,,,,,,,,52.647905682350974,52.686891930528944,52.47922752097078,48.509927774093406,48.28312597815248,47.91871934388731,47.91361348878624,47.667766422831015,47.198441232979704,46.76431337749013,46.59583389658281,46.496072422591396,46.44612884300748,46.397179171844805,46.30202816190627,46.10607569583301,,,,,,,,,52.939458576169656,52.604612256772484,52.58877154799462,52.41690689943878,50.15832744158588,48.33688069335692,47.97913150841038,47.71088936494292,47.55063501230786,46.94979125867454,46.65232469184296,46.514865479949215,46.48026547582999,46.40300790333851,46.35568239424551,46.23930737679924,45.860785073618416,52.939458576169656,50.15832744158588,48.28312597815248,48.96178797114086,"rgba(0, 255, 0, 1.0)",0.7058413483281798,49.89642995831752,6.132497128334738,74.49065933570137,19.35554581921535,True,False,True,False,False,17.31420355806,0.0,0.0,0.0,0.0,0,1.1316426949280847,0.8067373202119608,False,False,False,False,0.3341923204799307,0.32272634185156224,False,False,False,False,30963.0,20111.964090361045,False,False,False,False,973.6833866518813,False,False,False,False
2025-05-07 16:00:00+00:00,54.225,54.41,54.16,54.3,873.0,,,,,,,,,52.7104732600093,52.71203228665182,52.497122879309316,48.537912927735555,48.31057142234086,47.94482624742629,47.93968661055398,47.69320573071365,47.222982708591,46.787914871986466,46.61892774341573,46.51874950146035,46.46859173241047,46.41941605753044,46.32373737766808,46.12690794569973,,,,,,,,,53.007433362160086,52.66229616706524,52.6460831339559,52.456708532113055,50.18293868597199,48.36445400621809,48.00554871743235,47.736370561303254,47.57599193624852,46.97384523081119,46.67563756152197,46.537621894934006,46.502886990278384,46.42528660486538,46.37774209968706,46.260683302260105,45.88111343620856,53.007433362160086,50.18293868597199,48.31057142234086,48.99288891880833,"rgba(0, 255, 0, 1.0)",0.7373444743636502,50.284424819130784,5.445996166628592,75.23581773785433,19.35554581921535,True,False,True,False,False,17.640573275159362,0.0,0.0,0.0,0.0,0,1.137992004920049,0.8138068880688807,False,False,False,False,0.3428282493056485,0.33277729557860536,False,False,False,False,31836.0,20293.732088960096,False,False,False,False,972.1224039130924,False,False,False,False
2025-05-07 17:00:00+00:00,54.0,54.1,53.64,53.64,245.0,,,,,,,,,52.721929870017696,52.71677033963479,52.500707977256226,48.54504415090507,48.31759270487591,47.9515440364062,47.94639624192179,47.699775098901085,47.22935767305984,46.7940751063,46.624965934048326,46.52468471378588,46.47447380554373,46.42524176367527,46.32943017138048,46.13238074078825,,,,,,,,,53.018379666477166,52.67305665579372,52.656828051531015,52.464632098526444,50.18896412628345,48.371501622272724,48.012340004853186,47.742946951533874,47.58255000265494,46.98011112111188,46.68172947801604,46.543576750044394,46.50880858211636,46.43112291734024,46.38352371269187,46.266292074674276,45.886464888088945,53.018379666477166,50.18896412628345,48.31759270487591,48.99993075833313,"rgba(0, 255, 0, 1.0)",0.749526775631212,50.28617299410165,4.474592656244917,69.83369456298963,19.35554581921535,True,False,True,False,False,13.161614225243778,0.0,0.0,0.0,0.0,0,1.131268210397178,0.8103051679190308,False,False,False,False,0.32176705225063756,0.3272721739146215,False,False,False,False,31591.0,20468.883529441337,False,False,False,False,960.8491883485483,False,False,False,False
2025-05-07 18:00:00+00:00,53.64,54.09,53.64,53.8,573.0,,,,,,,,,52.74900800674251,52.72819831462664,52.50933713948151,48.56180533471725,48.334093212359996,47.96732930440611,47.96216234985247,47.71520988893906,47.24433229809574,46.80854291806806,46.63914652724209,46.53862332882406,46.4882875694256,46.438923125286344,46.34279948308861,46.14523326303544,,,,,,,,,53.04440501752647,52.698529344729344,52.68226077360466,52.48348551381794,50.20317246253886,48.38806453600986,48.02829808489875,47.758398682120514,47.597957008411925,46.994827987530826,46.69603635640997,46.55756151912109,46.52271517189045,46.44482916657255,46.39710147896855,46.27946410061155,45.89903148112421,53.04440501752647,50.20317246253886,48.334093212359996,49.016540043278646,"rgba(0, 255, 0, 1.0)",0.7647532605685858,50.29743631391385,4.579991830936464,67.04050691080192,24.204855905283083,True,False,True,False,False,13.892451501664226,0.0,0.0,0.0,0.0,0,1.131782945736434,0.8102693990329266,False,False,False,False,0.3215150114713749,0.32439359269299817,False,False,False,False,32164.0,20650.203164643797,False,False,False,False,954.8360226377181,False,False,False,False
2025-05-07 19:00:00+00:00,53.8,54.01,53.5,53.875,1517.0,,,,,,,,,52.81185784449636,52.756099253486894,52.530847330826106,48.6052708350443,48.37692662202806,48.00837438347409,48.00315873927802,47.75538168038677,47.28336372753494,46.8462996133531,46.676171513320064,46.57502784042932,46.524371568244476,46.474666778774306,46.37773908644923,46.178841618108756,,,,,,,,,53.10226338075881,52.75827167588535,52.74201600056638,52.52930802183375,50.23976813171066,48.43104981037678,48.06978023089667,47.79860929250883,47.638069971824095,47.03321458606216,46.73338455109177,46.59408444800757,46.55903768760118,46.48063702538084,46.43257891259474,46.3138950999815,45.93190904507949,53.10226338075881,50.23976813171066,48.37692662202806,49.05830548691129,"rgba(0, 255, 0, 1.0)",0.7796203857947018,50.33308399177061,4.54312903146954,65.56723619229628,22.577162509042637,True,False,True,False,False,14.235949701823458,0.0,0.0,0.0,0.0,0,1.1369600245530578,0.8038057239315587,False,False,False,False,0.31598003257086277,0.3201868126319305,False,False,False,False,33681.0,20852.231022556298,False,False,False,False,963.5517432169783,False,False,False,False
2025-05-08 14:00:00+00:00,53.545,53.735,53.39,53.735,484.0,,,,,,,,,52.82705899498658,52.763248328688434,52.53663033660615,48.61852449184273,48.390014767899864,48.02095609569296,48.01572612234457,47.76771890782965,47.29538699821889,46.857958969325395,46.68761546171065,46.58628632292376,46.53553401871307,46.485726958633435,46.38855637026479,46.1892573805007,,,,,,,,,53.11469070290286,52.77299583421591,52.75680541537604,52.541332141311514,50.250720575371304,48.44417808410132,48.08248913448014,47.81095490667754,47.650398333652696,47.04505621796301,46.744924712977976,46.60537836895333,46.570271759437325,46.49171666549099,46.44355917491283,46.32455863076932,45.94210894591083,53.11469070290286,50.250720575371304,48.390014767899864,49.07029287941961,"rgba(0, 255, 0, 1.0)",0.7907998744576122,50.34268917591741,4.289720994719789,63.337711296381144,20.191362536298897,True,False,True,False,False,13.290616630825077,0.0,0.0,0.0,0.0,0,1.1384816151070847,0.8008751055500116,False,False,False,False,0.3063385055689362,0.3132626591004334,False,False,False,False,33197.0,21043.62278964845,False,False,False,False,956.1168324694281,False,False,False,False
2025-05-08 15:00:00+00:00,53.735,54.0,53.735,53.955,1737.0,,,,,,,,,52.8946980122324,52.795938745350696,52.56206183883794,48.668117888993464,48.438909364467584,48.067857447030136,48.06257298999487,47.81364417564308,47.34003470004932,46.90117266648995,46.73000398876602,46.6279743476943,46.57685995951318,46.5266682515905,46.42858837842016,46.2277818959291,,,,,,,,,53.176710348081514,52.83792003459401,52.82178536265178,52.5929144390885,50.29262966565857,48.4932408213236,48.12987909160728,47.85692325476895,47.69625883062391,47.08897922917659,46.78767788618727,46.64720013076558,46.6118671650117,46.532730527096746,46.48419947135792,46.364015031293555,45.97980405476684,53.176710348081514,50.29262966565857,48.438909364467584,49.11747889700356,"rgba(0, 255, 0, 1.0)",0.807417610780773,50.38994283674484,4.41538197291455,63.1610509029549,19.65820608344825,True,False,True,False,False,14.32135733807559,0.0,0.0,0.0,0.0,0,1.1508620689655171,0.7884082512315274,False,False,False,False,0.3205092109816789,0.3168859350410561,False,False,False,False,34934.0,21258.977475080253,False,False,False,False,968.2235482450959,False,False,False,False
2025-05-08 16:00:00+00:00,53.955,54.33,53.635,54.29,1820.0,,,,,,,,,52.96866515296366,52.833752095287224,52.591326847002854,48.72092702005863,48.49095339147582,48.11776538697583,48.112423210157274,47.86249842700668,47.38749772528096,46.94708941918793,46.77503967706593,46.67226594412662,46.62076707013131,46.57016724059606,46.47112412838055,46.2687174415243,,,,,,,,,53.246399111898036,52.90910798858325,52.89298544441003,52.650133059418444,50.337761285443065,48.545468606198696,48.180306535336484,47.90582781804585,47.74503152937755,47.13565749678308,46.83310130478651,46.69163376573928,46.656060161507995,46.576306239188085,46.527378828362046,46.40594072443058,46.01984948927886,53.246399111898036,50.337761285443065,48.49095339147582,49.16838713616471,"rgba(0, 255, 0, 1.0)",0.8305798853491936,50.443595933689735,4.630986295427986,64.78706930910967,19.65820608344825,True,False,True,False,False,15.85633653445317,0.0,0.0,0.0,0.0,0,1.1506881268952647,0.8002488142446155,False,False,False,False,0.3266224432073676,0.32175418912421183,False,False,False,False,36754.0,21499.210382443347,False,False,False,False,981.4293847064122,False,False,False,False
2025-05-08 17:00:00+00:00,54.29,54.29,53.77,54.06,738.0,,,,,,,,,52.99499716912008,52.847931493103125,52.60252769338223,48.741871380755214,48.511616999017754,48.13761681337415,48.13225228492124,47.88195064193642,47.406425879090236,46.965425250073274,46.793033175488006,46.68996825184949,46.63831871602786,46.587558728916854,46.48813661979411,46.28510042248575,,,,,,,,,53.270344385842975,52.93469268262775,52.91861511444834,52.67141447777915,50.35554116695189,48.56619993080975,48.20035806745276,47.925297360491086,47.764458169552,47.15428683984425,46.85124621745821,46.70939169586431,46.673723944152,46.593727953510104,46.54464491918659,46.422713032674736,46.03588518384062,53.270344385842975,50.35554116695189,48.511616999017754,49.18804748341543,"rgba(0, 255, 0, 1.0)",0.8304591425158261,50.46355956628146,4.330665109933453,63.648566496441155,19.47897879956423,True,False,True,False,False,14.274179963048365,0.0,0.0,0.0,0.0,0,1.1534676663542642,0.8000624804748517,False,False,False,False,0.3288860198506262,0.325320104487419,False,False,False,False,36016.0,21724.2768881419,False,False,False,False,977.6552857187158,False,False,False,False
2025-05-08 18:00:00+00:00,54.06,54.22,53.97,54.01,1854.0,,,,,,,,,53.0573207340025,52.882889334117216,52.63042493970786,48.79402836920648,48.56310252718651,48.187127931417585,48.1817086279463,47.9304914847411,47.45369453844348,47.01124497251195,46.838010467216996,46.734226866788994,46.682205225192504,46.6310494156293,46.53068955039156,46.326095020245816,,,,,,,,,53.32645283066672,52.99556809282088,52.97963476864858,52.72309667945336,50.399781171301484,48.61784776736725,48.25035846347403,47.973878670091416,47.81294192663164,47.20082640021207,46.89659683636352,46.75378764109308,46.7178875094783,46.637293445233006,46.587825670972634,46.464671370189784,46.076021772338464,53.32645283066672,50.399781171301484,48.56310252718651,49.23651718203557,"rgba(0, 255, 0, 1.0)",0.8305754110941685,50.51245200854491,4.210993902224422,62.41075563952273,17.91329987526271,True,False,True,False,False,13.930652226346897,0.0,0.0,0.0,0.0,1,1.149600751526538,0.8017065915140129,False,False,False,False,0.33156656891696157,0.3284433367021903,False,False,False,False,34162.0,21917.109804604817,False,False,False,False,991.2420254750148,False,False,False,False
2025-05-08 19:00:00+00:00,54.01,54.015,53.79,53.865,2612.0,,,,,,,,,53.12037762379681,52.92200682548181,52.66335269960099,48.86339455764586,48.63176206924912,48.25344039733133,48.24795228934432,47.99566717608389,47.51741260618648,47.07321210511734,46.898915041259286,46.79420600640304,46.74170355797847,46.690034246397786,46.58844900236278,46.38182099470579,,,,,,,,,53.377342552578504,53.058562029821765,53.0430548887822,52.78097210618259,50.457430245082826,48.686680737304755,48.317275934700085,48.03908521953662,47.878101551959574,47.26368005367273,46.957979377597965,46.81394392879274,46.77774486905028,46.69637641970881,46.646408856918214,46.52165285338929,46.13065678548359,53.377342552578504,50.457430245082826,48.63176206924912,49.29734211570252,"rgba(0, 255, 0, 1.0)",0.8392478775670115,50.569446992848775,3.9267933768329213,60.16822322763405,15.46508337200811,True,False,True,False,False,12.929403474908625,0.0,0.0,0.0,0.0,1,1.1478197791569276,0.8292093173208673,False,False,False,False,0.31830777655317444,0.32337555662768236,False,False,False,False,31550.0,22066.456939417145,False,False,False,False,1016.3700560878052,False,False,False,False
2025-05-09 14:00:00+00:00,54.88,55.755,54.685,55.755,1556.0,,,,,,,,,53.218704828746844,52.97800886091895,52.705291656811724,48.91595891532175,48.683321694759215,48.3025917820574,48.297044410616174,48.0435830653671,47.563617250690776,47.11765006889533,46.94241964453129,46.836954792626585,46.7840636861951,46.7319849319352,46.629447390379816,46.421219952840055,,,,,,,,,53.48051048193957,53.15277531937651,53.13690413999146,52.85608487028156,50.50557290133775,48.73847835180059,48.36697675572537,48.08708970543025,47.92583113750635,47.308960358259064,47.00188180202466,46.85683665583429,46.8203920131669,46.7384019417054,46.68803729585205,46.562047540083874,46.16909834332107,53.48051048193957,50.50557290133775,48.683321694759215,49.353737658560696,"rgba(0, 255, 0, 1.0)",0.9081919122907245,50.6372160257781,5.635134936748511,66.20520741960055,10.648161080278996,True,False,True,False,True,20.0,0.0,0.0,0.0,0.0,0,1.120079207920792,0.8192475247524753,False,False,False,False,0.3428282484411442,0.3331019025344133,False,False,False,False,33106.0,22237.61264578277,False,False,False,False,1024.7364118073742,False,False,False,False
2025-05-09 15:00:00+00:00,55.755,55.9,55.275,55.9,495.0,,,,,,,,,53.252202793056576,52.99739241066491,52.71978904939833,48.933252707438506,48.700269002105514,48.31872705496221,48.313160018491594,48.059299218994305,47.57874872913493,47.132184788812786,46.956643118940654,46.85092816108444,46.79790857081853,46.74569466083043,46.64284367216759,46.43408878500307,,,,,,,,,53.51584500903925,53.18488608683802,53.16888308677877,52.88173803649212,50.52159854878848,48.75550757909353,48.3832953092932,48.102837464527504,47.94147933229394,47.323778092027574,47.01623717349709,46.870857632777295,46.83433165831273,46.752136240803765,46.70164055974224,46.575245100616016,46.18164728553189,53.51584500903925,50.52159854878848,48.700269002105514,49.372554882513775,"rgba(0, 255, 0, 1.0)",0.9717557575095634,50.659979609896915,5.39232245305376,70.53505576355874,14.600787278647829,True,False,True,False,True,20.0,0.0,0.0,0.0,0.0,0,1.129390311583287,0.8151113930072149,False,False,False,False,0.3428282484242303,0.3379650754793218,False,False,False,False,33601.0,22413.78919391017,False,False,False,False,1016.5234441824537,False,False,False,False
2025-05-09 16:00:00+00:00,55.91,55.91,55.62,55.62,1683.0,,,,,,,,55.71666666666667,53.360707284745104,53.0618670461056,52.7684503617945,48.991612038059394,48.75748563357625,48.37324800977378,48.36761541083766,48.11242781091839,47.629934237244214,47.18137961112265,47.00479633930059,46.89824291200132,46.844792368791765,46.792124921966064,46.68822128027529,46.47769426402549,,,,,,,,,53.62925885667044,53.289268309611884,53.27288812619255,52.96633651311512,50.575612545380764,48.812994628615535,48.438426543438744,48.156070187245376,47.99438480768712,47.37391823888208,47.064832278540536,46.918332031208486,46.88153336659257,46.7986490231804,46.747713527274215,46.61995506727076,46.22417891136993,53.62925885667044,50.575612545380764,48.75748563357625,49.78867025714939,"rgba(0, 255, 0, 1.0)",1.0175054817572917,51.1206716718113,4.421920479895688,71.20707959655775,15.201557294566172,True,False,True,False,True,19.675665911569705,0.0,0.0,0.0,0.0,0,1.1356273672334594,0.8234346039165124,False,False,False,False,0.34282824846872495,0.3403966619740234,False,False,False,False,31918.0,22561.14129943094,False,False,False,False,1026.85641404009,False,False,False,False
2025-05-09 17:00:00+00:00,55.58,55.815,55.58,55.62,141.0,,,,,,,,55.71318804824562,53.36920013727074,53.06704092440796,52.772394379088745,48.996423356234935,48.76220612516645,48.37775149120158,48.37211356866443,48.116819276777484,47.63416958950741,47.18545392252959,47.008785829481056,46.902163864747166,46.848678067436786,46.79597348764295,46.69198352728722,46.48131119121758,,,,,,,,,53.638038719512195,53.297469036342626,53.28106400122474,52.973083210998894,50.58004767136588,48.8177366457942,48.44297944716261,48.16046985303988,47.99875886768411,47.378069232752416,47.06885784593407,46.9222660389527,46.885445086188305,46.802504360420336,46.7515328430227,46.623662543670086,46.22770813738973,53.638038719512195,50.58004767136588,48.76220612516645,49.7934620433635,"rgba(0, 255, 0, 1.0)",1.073362284876512,51.126215955270965,4.186642392830145,71.65509548522375,15.799390043513625,True,False,True,False,True,19.675665911569705,0.0,0.0,0.0,0.0,0,1.1249284604692993,0.8314119859373724,False,False,False,False,0.33881953551649574,0.33960809874525955,False,False,False,False,31918.0,22706.208876183948,False,False,False,False,1013.1222060704761,False,False,False,False
2025-05-09 18:00:00+00:00,55.67,55.76,55.475,55.475,1007.0,,,,,,,,55.66225538678912,53.42548614991279,53.101984495586684,52.79927646519972,49.03006427913185,48.795239336584245,48.409307711076444,48.403633137792916,48.14761463774239,47.663907617176356,47.21409147387261,47.036838578154956,46.92974166284893,46.87601133806609,46.82304892025485,46.718458385773744,46.50677536987937,,,,,,,,,53.69558552962404,53.35199591762174,53.33545701969668,53.01852677278467,50.610871575296926,48.850914144026326,48.47487469724241,48.19131915330527,48.02944139488962,47.40723272986098,47.09716022913492,46.949934347510215,46.91295898195806,46.829626962647126,46.77840523354457,46.64975618986934,46.252566344478694,53.69558552962404,50.610871575296926,48.795239336584245,49.82531017771452,"rgba(0, 255, 0, 1.0)",1.1195807411869714,51.16225268947792,3.8521092332740032,70.69339296630194,15.799390043513625,True,False,True,False,True,18.690531962010272,0.0,0.0,0.0,0.0,0,1.130148270181219,0.8186985172981879,False,False,False,False,0.33368104909145285,0.3366445739183562,False,False,False,False,30911.0,22833.41494011908,False,False,False,False,1013.0272881469027,False,False,False,False
2025-05-09 19:00:00+00:00,55.475,55.475,54.9,55.31,2920.0,,,,,,,,55.44193676462065,53.549955667470556,53.18471518987343,52.86512289806099,49.12069858415292,48.88449785857741,48.494973124987446,48.489205273651905,48.23144511975087,47.74521977745546,47.29268595795368,47.113937732952124,47.00560262450758,46.951232649758765,46.89759304817761,46.7914133771769,46.57706023916831,,,,,,,,,53.81744747279476,53.474050435518734,53.457481013776054,53.12524187146496,50.6921242544951,48.94050187462314,48.56139102521918,48.2752621950057,48.11305354907825,47.48714515908923,47.174906546034435,47.026031675575624,46.988654158301436,46.90429645056232,46.85241668616407,46.72170117517533,46.32128953905267,53.81744747279476,50.6921242544951,48.88449785857741,49.90258534586762,"rgba(0, 255, 0, 1.0)",1.1577453624718417,51.24333595858591,3.5125720847039896,68.61850342355197,15.799390043513625,True,False,True,False,False,17.572055902384886,0.0,0.0,0.0,0.0,0,1.1112027718198316,0.8315459495132816,False,False,False,False,0.3061318916086104,0.3213882327634833,False,False,False,False,27991.0,22913.377499187,False,False,False,False,1042.592756547726,False,False,False,False
2025-05-12 14:00:00+00:00,54.1,54.1,52.565,53.43,2233.0,,,,,,,,54.86105001670007,53.540680261414415,53.18992430418075,52.875274925497116,49.16763445173537,48.931539075785004,48.5413144086443,48.53551323329674,48.277506228151225,47.79103916936555,47.33788662617562,47.15860932606228,47.04975055286464,46.99510308562561,46.94116044205785,46.83422898959083,46.618636305037164,,,,,,,,53.365,53.79151535763176,53.4688827935996,53.45313608533737,53.13378076205362,50.727614892292785,48.98752731674733,48.60799376252709,48.32127235826663,48.15929053925298,47.53271641158824,47.21983957688607,47.070280861293384,47.032735148578716,46.947925298132084,46.89574839620872,46.764036071284536,46.36229141195723,53.79151535763176,50.727614892292785,48.931539075785004,50.16187290977941,"rgba(0, 255, 255, 0.75)",1.15694108954839,51.48451221271224,1.6815789540737793,57.67291443507703,13.897001484332613,False,False,True,False,False,6.289368244624875,0.0,0.0,0.0,0.0,0,1.0695985314071352,0.847314230984117,False,False,False,False,0.19299916388304947,0.2571936983232664,False,False,False,False,25758.0,22957.48017361821,False,False,False,False,1061.0486828028,False,False,False,False
2025-05-12 15:00:00+00:00,53.43,53.44,53.17,53.17,429.0,,,,,,,,54.779408455168586,53.53800182400569,53.19031114885733,52.876770187835966,49.1763104592282,48.94025229845685,48.549925002268566,48.5441180520471,48.28608022896199,47.7995922709752,47.34634360585815,47.16697458088448,47.05802222173926,47.0033249614803,46.94932768720744,46.84225963559951,46.62644216043246,,,,,,,,53.34807851239669,53.78572642954462,53.46699827553575,53.451408419867384,53.134638512229124,50.73405846742701,48.996233561016986,48.61664830129331,48.32983461845181,48.167903143490626,47.54123451611225,47.22825121001906,47.07857066371129,47.04099493765858,46.956103758493185,46.90387321449828,46.77197927147556,46.36999672339748,53.78572642954462,50.73405846742701,48.94025229845685,50.16294690982576,"rgba(38, 166, 154, 1.0)",1.1499466301759327,51.481765670120055,1.4680979843574657,49.60357953778022,6.878069286705028,False,True,False,True,False,4.9148529263526015,0.0,0.0,0.0,0.0,0,1.0816901408450703,0.8561770623742456,False,False,False,False,0.16678049664899144,0.21198709748612893,False,False,False,False,25329.0,22994.247922864437,False,False,False,False,1051.2494784182604,False,False,False,False
2025-05-12 16:00:00+00:00,53.17,53.61,53.17,53.36,1365.0,,,,,,,,54.58405229426604,53.533345782690354,53.19358549262113,52.88291729682164,49.204476885644745,48.96850800466867,48.57780720005976,48.5719810995548,48.313819355791,47.827223763903845,47.37363499548233,47.19396057267834,47.08470160435964,47.02984150485092,46.97566597854418,46.86815396809738,46.651604447465125,,,,,,,,53.35889868388378,53.77213717262927,53.46457059039988,53.44943221215255,53.139831609632054,50.75530807141817,49.02447374672196,48.64467864707725,48.35754006690431,48.195755678222106,47.5687349987923,47.25538969937108,47.10530940205481,47.06763523491964,46.982478398663716,46.93007292423053,46.797589427847285,46.39482451178558,53.77213717262927,50.75530807141817,48.96850800466867,50.172694932937695,"rgba(0, 255, 255, 0.75)",1.1410311718510877,51.48155472201402,1.646269904211812,45.34493298873559,3.426565530396175,False,True,False,True,False,5.787531577109505,0.0,0.0,0.0,0.0,0,1.0790497475374554,0.8706232927737771,False,False,False,False,0.17023567870102826,0.19111138809357858,False,False,False,False,26694.0,23051.608420184366,False,False,False,False,1056.1138275900703,False,False,False,False
2025-05-12 17:00:00+00:00,53.36,53.45,53.17,53.45,1315.0,,,,,,,,54.43855404309023,53.52846852520502,53.19625306829868,52.88842747213869,49.231107247253284,48.99524845454461,48.60423627700019,48.59839274545277,48.34013640686987,47.85347478350445,47.39959299071022,47.21964006071342,47.11009714656969,47.05508591524082,47.00074455526034,46.892817844930015,46.67558490013537,,,,,,,,53.35834924497691,53.759150324466944,53.46174576788571,53.447023217083355,53.14416448861334,50.77527985201703,49.05119360305681,48.67124047805827,48.3838220164609,48.22218838688736,47.59487885501645,47.28120987042467,47.13075997420021,47.09299469919517,47.00759099583857,46.9550226489923,46.82198765075891,46.41849775632076,53.759150324466944,50.77527985201703,48.99524845454461,50.18298152615717,"rgba(0, 255, 255, 0.75)",1.140086542471691,51.4827891881704,1.7254925293344117,43.05809897772477,1.5617210061708988,False,True,False,True,False,6.2015975561040015,0.0,0.0,0.0,0.0,0,1.0785642570281122,0.8753346720214191,False,False,False,False,0.15288015729664606,0.17199577269511232,False,False,False,False,28009.0,23128.467204367553,False,False,False,False,1060.1275666972008,False,False,False,False
2025-05-12 18:00:00+00:00,53.415,53.69,53.415,53.56,1630.0,,,,,,,,54.32535801304723,53.52934633756884,53.20338234457424,52.897900950388006,49.265210647879314,49.02943233037751,48.63794363967485,48.63207700132996,48.37365346524241,47.88683043928724,47.432519003597804,47.252194532976475,47.142282465831485,47.08707532329506,47.03251978621078,46.92406086996552,46.70594805371806,,,,,,,,53.40432467967106,53.75153538982585,53.4646767641709,53.45039051937451,53.154094526330354,50.80148375946775,49.08536480540194,48.705128476375755,48.417302661021026,48.25583063059575,47.628063591285084,47.31394831227344,47.16301673186911,47.12513279673566,47.03940969085505,46.98663117868862,46.852889812762996,46.44845171144633,53.75153538982585,50.80148375946775,49.02943233037751,50.20244038214425,"rgba(0, 255, 255, 0.75)",1.1421418751905534,51.49365849959137,1.809181105511859,42.24725268894185,0.7618877366711843,False,True,False,True,False,6.711115320437642,0.0,0.0,0.0,0.0,0,1.0677170633590343,0.8769694937981899,False,False,False,False,0.16458444252136095,0.16829010760823665,False,False,False,False,29639.0,23229.405697323095,False,False,False,False,1068.962798221275,False,False,False,False
2025-05-12 19:00:00+00:00,53.53,54.36,53.5,54.36,4965.0,,,,,,,,54.25461499321573,53.57914987122986,53.253036967209674,52.94667468973299,49.37801337875872,49.14204117559771,48.74837699645211,48.74242770139448,48.48309567731737,47.99514436102775,47.53898629696124,47.35731395262217,47.246134650322006,47.19025939719899,47.134979571140505,47.02474713651141,46.803680924415865,,,,,,,,53.682587891988504,53.78436719135295,53.51785629230752,53.5044312139267,53.21713087395089,50.89280992564105,49.19803610235317,48.816242475153416,48.526689791461344,48.36551147101077,47.73554969994177,47.419707484579575,47.26711334112067,47.22882045070417,47.1420128006252,47.08852503269962,46.95244079156856,46.54470515275022,53.78436719135295,50.89280992564105,49.14204117559771,50.29387639265233,"rgba(0, 255, 0, 1.0)",1.1549530039972067,51.572156798227184,2.4138152739759082,46.09358668799196,0.7618877366711843,False,True,False,True,True,10.268787632498256,0.0,0.0,0.0,0.0,0,1.0650867823765018,0.8738317757009347,False,False,False,False,0.18884547319410033,0.1785677904011685,False,False,False,False,34604.0,23405.755996589403,False,False,False,False,1129.366475768232,False,False,False,False
2025-05-13 14:00:00+00:00,53.99,54.565,53.99,54.565,908.0,,,,,,,,54.26041173729117,53.59222806603916,53.26461019777387,52.95741932986627,49.39935437123887,49.16331335247077,48.76920006061124,48.76323487000424,48.503707264216125,48.015501404262345,47.558965907481095,47.377031876127155,47.265611269951144,47.20960906472999,47.15419202047013,47.04362538312822,46.822000587267425,,,,,,,,53.73141598546776,53.79515516151591,53.531310637290574,53.51800103770719,53.23145112375133,50.910486648693364,49.219327349587,48.83719869452058,48.54729582231951,48.386154953775346,47.75573236043951,47.43954776748493,47.2866364551406,47.24826555601183,47.16125213655179,47.10763007753193,46.97110504958176,46.562736740238314,53.79515516151591,50.910486648693364,49.16331335247077,50.31258769740303,"rgba(0, 255, 0, 1.0)",1.1707448810809749,51.589442865477395,2.5415931195660706,49.583029530859086,0.7618877366711843,False,True,False,False,True,11.138731563971515,0.0,0.0,0.0,0.0,0,1.0665889795238885,0.8743133011486601,False,False,False,False,0.21636984674176743,0.19746881857146797,False,False,False,False,35512.0,23593.449702068636,False,False,False,False,1125.9344373842284,False,False,False,False
2025-05-13 15:00:00+00:00,54.565,54.73,54.48,54.5,43.0,,,,,,,,54.26112595453976,53.592989984656825,53.265248508418814,52.95799426783631,49.40040027283844,49.16435431031909,48.770216823875,48.7642508276742,48.504712371961574,48.01649194823816,47.55993640528072,47.37798907756599,47.26655642922987,47.21054790402879,47.15512404947365,47.044540915001626,46.82288848705808,,,,,,,,53.73421386819781,53.79582669891497,53.53208367228021,53.51877850153536,53.23223577900774,50.91136660012187,49.220369600275404,48.838222311268716,48.54830087630105,48.38716104292156,47.756713418220485,47.44051110294218,47.28758393183803,47.24920913504765,47.162185487926955,47.10855676945856,46.972010023181575,46.56361004864788,53.79582669891497,50.91136660012187,49.16435431031909,50.31356312628122,"rgba(0, 255, 0, 1.0)",1.1846310293405304,51.5903832449395,2.456137550845891,51.51386358148794,-6.964748635446384,False,True,True,False,True,10.765803469382657,0.0,0.0,0.0,0.0,0,1.073556485355648,0.8748953974895399,False,False,False,False,0.2435041808857791,0.22048649972862355,False,False,False,False,35469.0,23777.566760951293,False,False,False,False,1109.144756184473,False,False,False,False
2025-05-13 16:00:00+00:00,54.5,54.6,54.44,54.45,328.0,,,,,,,,54.265199205637856,53.59832967032967,53.26982450773797,52.96216749080765,49.408251435674856,49.17217392891845,48.777862968993816,48.77189103619031,48.51227572896982,48.02395344646413,47.56725309009209,47.38520778263849,47.273685665126465,47.21763012815004,47.16215554186389,47.051449202657096,46.8295905659624,,,,,,,,53.75313672820824,53.80042945624678,53.53752869804665,53.524260237216296,53.237864471648436,50.917930628040864,49.228197650925736,48.84591860839612,48.55586308116473,48.3947337417115,47.76410710403712,47.4477752842844,47.29473039586066,47.25632665445065,47.169226871513885,47.115548523632846,46.97883943337458,46.570204342904475,53.80042945624678,50.917930628040864,49.17217392891845,50.32067465512971,"rgba(0, 255, 0, 1.0)",1.1962201844687534,51.597116997214776,2.3849146167452475,52.47201160407328,-5.682543987746584,False,True,True,False,True,10.475335655017041,0.0,0.0,0.0,0.0,0,1.076299797434166,0.8749155975692101,False,False,False,False,0.23584075042433458,0.22816362507647908,False,False,False,False,35141.0,23953.744020471426,False,False,False,False,1097.03398477076,False,False,False,False
2025-05-13 17:00:00+00:00,54.51,54.8,54.48,54.8,305.0,,,,,,,,54.27197488584474,53.604313296903456,53.27472645297746,52.96652257111985,49.41581171567085,49.17969248525491,48.785198532251826,48.77922068408533,48.51952218139231,48.03108667318915,47.57423558281288,47.392092445021,47.280482540712306,47.22438098819238,47.168856894459225,47.05803096920307,46.835971775838544,,,,,,,,53.77434521608363,53.80584928753383,53.54356397306398,53.530322554136845,53.243864417622916,50.92434708755894,49.2357269161566,48.85330488784706,48.56310999443813,48.40198501611122,47.77116819911081,47.45470476704127,47.30154415487294,47.263111980607825,47.175937790605865,47.12221105182393,46.98534467711376,46.576478300138874,53.80584928753383,50.92434708755894,49.17969248525491,50.32792935912407,"rgba(0, 255, 0, 1.0)",1.2113813572915515,51.604248858711365,2.6381049386741457,54.982529368520474,-2.8894995359980697,False,True,True,False,True,11.999390417185673,0.0,0.0,0.0,0.0,0,1.0695542472666104,0.8692178301093358,False,False,False,False,0.24588986820541367,0.23702674664094636,False,False,False,False,35446.0,24131.918531781947,False,False,False,False,1084.7543881076476,False,False,False,False
2025-05-13 18:00:00+00:00,54.8,54.98,54.77,54.95,600.0,,,,,,,,54.29093699677939,53.61809353304381,53.28566234164321,52.97604404172719,49.431201392494046,49.19497564266407,48.80007911013769,48.79408885353153,48.53420355911098,48.04550873030592,47.588329373375394,47.40598054630657,47.294188927464276,47.237992333337274,47.18236626593043,47.07129523914234,46.84882418229473,,,,,,,,53.82217418501995,53.8187601282253,53.557355900129934,53.54415372143775,53.25718686455638,50.937594848013596,49.25103679678054,48.868293225534586,48.57779532161483,48.41666819192378,47.785430426625396,47.468686017009276,47.31528545105829,47.27679435919333,47.18946670344876,47.13564036635118,46.99845217262498,46.58910579990478,53.8187601282253,50.937594848013596,49.19497564266407,50.34342100796198,"rgba(0, 255, 0, 1.0)",1.2272401836923355,51.61993529997575,2.713458004614268,57.40321896929025,-0.21518065925168628,False,False,True,False,True,12.643491085988309,0.0,0.0,0.0,0.0,0,1.076618674749516,0.8662120063989225,False,False,False,False,0.2657133586003803,0.25137005262066336,False,False,False,False,36046.0,24316.632973149666,False,False,False,False,1077.2388161990018,False,False,False,False
2025-05-13 19:00:00+00:00,54.95,55.0,54.675,54.9,3888.0,,,,,,,,54.383783670033665,53.69805725530516,53.35136845083944,53.03425222903592,49.52812648234656,49.291355920704184,48.89413042089416,48.888065427079574,48.62711339550441,48.136956356124806,47.67784601701714,47.49425145012307,47.38134491485742,47.3245638389883,47.2683090860921,47.15572028699383,46.93069912729047,,,,,,,,54.045872711792256,53.89260294869921,53.63777499549536,53.62486662454256,53.33651477115855,51.020465176752815,49.34755638493015,48.962986635168974,48.67071463815267,48.50962889622158,47.875951067396976,47.55752630385487,47.40265588117589,47.363803440373964,47.27553077535893,47.22108982878328,47.0819053490413,46.66960686442172,53.89260294869921,51.020465176752815,49.291355920704184,50.435616964413995,"rgba(0, 255, 0, 1.0)",1.2411794666643485,51.71091817883335,2.5693962128919647,58.59003153585232,1.3200093724208841,False,False,True,False,True,12.339770858670484,0.0,0.0,0.0,0.0,0,1.0769295655841415,0.8665541965415439,False,False,False,False,0.26168124693962136,0.25652564978014236,False,False,False,False,32158.0,24438.204554961296,False,False,False,False,1120.8165089711101,False,False,False,False
2025-05-14 14:00:00+00:00,55.99,56.115,55.09,55.18,2926.0,,,,,,,55.46166666666668,54.50196869769417,53.779670457121476,53.41569863346704,53.08945976126998,49.606818295131575,49.36938247034909,48.969974786444524,48.96384613919792,48.70185179440796,48.21020821584449,47.7493127875087,47.56464543311572,47.45080966231832,47.39354351483264,47.33676995581345,47.22294161549669,46.99582645400768,,,,,,,,54.243752487859254,53.97222350363614,53.71885039397992,53.70601407699316,53.41290442787354,51.0900037725954,49.425746790851335,49.03939254095176,48.745493543980324,48.58432023220716,47.948316575268905,47.6283987280613,47.47229897940398,47.433144565373254,47.34408988604314,47.28914244843778,47.148333193357004,46.733551660539554,53.97222350363614,51.0900037725954,49.36938247034909,50.8359968484991,"rgba(0, 255, 0, 1.0)",1.2597673458883167,52.13073202999176,2.4205008805479604,60.874627870227954,3.8899085375669387,False,False,True,False,True,13.556494603916473,0.0,0.0,0.0,0.0,0,1.0799164926931104,0.8521085594989564,False,False,False,False,0.3276443415479676,0.292084995664055,False,False,False,False,35084.0,24603.255647132435,False,False,False,False,1148.8038499172944,False,False,False,False
2025-05-14 15:00:00+00:00,55.18,55.49,55.03,55.085,573.0,,,,,,,55.419088787272564,54.51667675507783,53.792441276658,53.426297027002775,53.09882548145626,49.62131127938515,49.383789690751264,48.984036105357376,48.977896554751425,48.7157412718243,48.22387374895105,47.76268813095323,47.57783624770281,47.463836389163454,47.406484219609425,47.349618199788075,47.235566982314005,47.00807598687326,,,,,,,,54.269272518752715,53.98432054033944,53.73164696196115,53.71884278386525,53.4254079138914,51.102572567178946,49.44017576251676,49.05354801163658,48.75938566021013,48.59821366281198,47.96184176670754,47.64167341696772,47.48535726851551,47.446149599742895,47.356955883543606,47.30191803377235,47.16081567180532,46.74559545971278,53.98432054033944,51.102572567178946,49.383789690751264,50.84749615695935,"rgba(0, 255, 0, 1.0)",1.2759107610922475,52.141566186901215,2.3069276495317346,61.48216736464668,4.898676667543299,False,False,True,False,True,12.965137133704921,0.0,0.0,0.0,0.0,0,1.0702499999999997,0.8666666666666669,False,False,False,False,0.2932201995636162,0.2926525976138356,False,False,False,False,34511.0,24756.86408671178,False,False,False,False,1139.8766584457085,False,False,False,False
2025-05-14 16:00:00+00:00,55.175,55.42,55.035,55.32,583.0,,,,,,,55.396129348358656,54.53220673802169,53.805714788641254,53.43729214921266,53.108524293384896,49.63612929455065,49.39851754299203,48.99840764168547,48.99225693409469,48.72993529392791,48.237835524068565,47.77635100560067,47.59130999307916,47.47714233008116,47.41970221010747,47.36274169033807,47.24846283113132,47.020587757632526,,,,,,,,54.29537466238137,53.99694846815602,53.74493537872004,53.732161717640906,53.438351643914714,51.11545779042347,49.45492641313877,49.068016066329086,48.773582786577066,48.61241060601073,47.97565863524253,47.6552329797261,47.49869548303796,47.45943334023598,47.37009749577779,47.314967245151244,47.173565567276874,46.75789621982908,53.99694846815602,51.11545779042347,49.39851754299203,50.86014670783516,"rgba(0, 255, 0, 1.0)",1.2964169680144129,52.15379397006929,2.442274444139729,63.18756130887931,6.953657171993683,False,False,True,False,True,13.993447781882278,0.0,0.0,0.0,0.0,0,1.0662318113396887,0.87606623181134,False,False,False,False,0.2880994463852281,0.29037602199953183,False,False,False,False,35094.0,24917.129759786014,False,False,False,False,1131.2429118031394,False,False,False,False
2025-05-14 17:00:00+00:00,55.32,55.48,55.245,55.325,920.0,,,,,,,55.38764494202319,54.55836520408872,53.827470280478785,53.455237012335864,53.124298587153575,49.6597336512455,49.42197035504554,49.02128327037129,49.015114716364685,48.752521997814405,48.260041652950136,47.79807351972281,47.612729332333075,47.49829381256642,47.44071337238435,47.383602189304426,47.26896086805863,47.04047372950998,,,,,,,,54.337539510089385,54.017786249958164,53.76668294059894,53.75395174237878,53.459419920057826,51.136075831348634,49.47841733983032,49.09104661959145,48.79617566041937,48.634998627403085,47.997629250136534,47.67678944302003,47.51989846938425,47.480549338778616,47.39098681739546,47.33570927179758,47.19383120142823,46.77744376852094,54.017786249958164,51.136075831348634,49.42197035504554,50.8816399062704,"rgba(0, 255, 0, 1.0)",1.3149738393591437,52.175044852778896,2.3954508089349114,64.35229171061867,8.475006097573903,True,False,True,False,True,14.01539526815779,0.0,0.0,0.0,0.0,0,1.0640435328589364,0.8782754290498122,False,False,False,False,0.3011731432072127,0.2957745826033723,False,False,False,False,36014.0,25089.174259634292,False,False,False,False,1127.9678278992146,False,False,False,False
2025-05-14 18:00:00+00:00,55.35,55.44,55.1,55.1,701.0,,,,,,,55.36621894909111,54.573948568260754,53.84218848791525,53.46771575437247,53.135440741586144,49.67715980913499,49.439307543715785,49.038229180493396,49.03204795792036,48.769274524164416,48.276544532397956,47.81424364545841,47.62868383884661,47.514054988726556,47.456373032820885,47.39915255501819,47.28424702022325,47.05531418992138,,,,,,,,54.363430682073776,54.03165276835599,53.7814655520085,53.76877649451273,53.474025794546485,51.15114644794908,49.49577741216704,49.10810115624928,48.81292970524918,48.651760086507686,48.013972675918275,47.692842524478145,47.535696863618156,47.49628499436838,47.40655825138412,47.35117376104998,47.20894781210423,46.79204204786146,54.03165276835599,51.15114644794908,49.439307543715785,50.89627539333495,"rgba(0, 255, 0, 1.0)",1.3255532178430496,52.18898043474949,2.196078985034902,62.63435742358844,8.475006097573903,False,False,True,False,True,12.568809499822887,0.0,0.0,0.0,0.0,0,1.0581511763724343,0.879859836475889,False,False,False,False,0.2917465939406277,0.293760588272,False,False,False,False,35313.0,25247.68318584151,False,False,False,False,1121.348171652715,False,False,False,False
2025-05-14 19:00:00+00:00,55.1,55.1,54.47,54.58,2002.0,,,,,,,55.1974449491672,54.58302918586789,53.86793112574992,53.49253016950499,53.15916529268341,49.72191945496864,49.48404418219951,49.08226683272127,49.07605734191816,48.812992663878575,48.31990317011926,47.85696434441644,47.6709223115535,47.55583418081796,47.49790891416934,47.44042374608289,47.32486654618881,47.094839789925615,,,,,,,,54.3909323714708,54.05361586671152,53.80798386754106,53.795500563300955,53.50289289858436,51.18839173749777,49.54052572017339,49.152368423819254,48.85662390634626,48.695574518322836,48.057051079143605,47.735311517494445,47.57756487133487,47.53800444077586,47.44788197219077,47.39223765775902,47.24914812060978,46.83101420741135,54.05361586671152,51.18839173749777,49.48404418219951,50.9240777398062,"rgba(0, 255, 255, 0.75)",1.3266426160165972,52.21063674766515,1.7859845777072545,57.03191248703165,12.767897007487242,False,True,True,False,False,9.336668812630052,0.0,0.0,0.0,0.0,0,1.048843187660668,0.886889460154242,False,False,False,False,0.2412400208644107,0.2675003045682054,False,False,False,False,33311.0,25372.69584962691,False,False,False,False,1135.0016883712776,False,False,False,False
2025-05-15 14:00:00+00:00,54.59,54.965,54.59,54.825,32.0,,,,,,,55.195773555641715,54.58324284852525,53.86836635312562,53.49294313927802,53.159557109033145,49.72263932138028,49.48476348233261,49.082974688202015,49.076764742273596,48.81369524407419,48.32059972471798,47.857650483105964,47.67160066669643,47.556505152518596,47.498575975860994,47.44108655663632,47.32551890127229,47.09547457816373,,,,,,,,54.39143252026205,54.053994765738814,53.80843026356152,53.795950024867935,53.50337188171794,51.18899354844316,49.541245252058246,49.15307999022393,48.857326132706405,48.69627856113687,48.057743024458915,47.735993581709884,47.5782372705812,47.538674450774074,47.44854562471942,47.39289713766462,47.24979374876869,46.83164005289187,54.053994765738814,51.18899354844316,49.48476348233261,50.9245764362109,"rgba(0, 255, 255, 0.75)",1.3336336700033096,52.21105286679574,1.9600188507521532,55.22773401568285,11.010845967887256,False,True,True,False,False,10.481552543588663,0.0,0.0,0.0,0.0,0,1.0478749793285924,0.8910203406647926,False,False,False,False,0.23954072687078126,0.2535205157194933,False,False,False,False,33343.0,25496.266456609435,False,False,False,False,1117.90088700118,False,False,False,False
2025-05-15 15:00:00+00:00,54.825,55.42,54.825,55.42,182.0,,,,,,,55.19636864924021,54.586910676894256,53.87197663510305,53.49605894353226,53.162365303363615,49.727075200189084,49.48918059198465,49.08729901585113,49.08108596815925,48.81797404288883,48.32482050403148,47.861791162437676,47.67568825415145,47.560544669753355,47.50259020529003,47.445073508364416,47.329439691196534,47.099283727435,,,,,,,,54.39726029774761,54.057386614529314,53.81206228730392,53.799593184881516,53.50699168923769,51.19281883631192,49.54566728830183,49.15743069424584,48.861604854816015,48.700560805905695,48.06192585439717,47.74010560819029,47.582286050653984,47.54270763388135,47.45253785879907,47.396862660239464,47.25367204130058,46.835389076573826,54.057386614529314,51.19281883631192,49.48918059198465,50.92848011854784,"rgba(0, 255, 0, 1.0)",1.3508920876343762,52.21480143390833,2.372653297351441,57.670975487725315,11.010845967887256,False,True,True,False,True,13.15379779741805,0.0,0.0,0.0,0.0,0,1.0517255580265215,0.8862531916646078,False,False,False,False,0.24992630424261925,0.25172340998105625,False,False,False,False,33525.0,25620.74294565425,False,False,False,False,1103.390795729844,False,False,False,False
2025-05-15 16:00:00+00:00,55.42,55.42,55.12,55.12,199.0,,,,,,,55.19694793463085,54.59086276847146,53.87589731222871,53.49944967729821,53.16542458316212,49.731915767347566,49.49400110886144,49.092019014210685,49.08580259425703,48.82264475883912,48.329428513218666,47.86631225852532,47.680151600736494,47.56495567478507,47.50697367043999,47.44942726066998,47.33372135055937,47.1034437376759,,,,,,,,54.40352681134459,54.0610675268612,53.816007589838925,53.80355074695827,53.51092836603422,51.196991407467536,49.55049308164271,49.16217934336237,48.86627543405692,48.7052354177551,48.066492738289874,47.744595557405624,47.58670714254548,47.547111743379666,47.456897367847084,47.401193071028224,47.257907389398596,46.83948363725899,54.0610675268612,51.196991407467536,49.49400110886144,50.932728076512205,"rgba(0, 255, 0, 1.0)",1.3624224087339987,52.21887411891612,2.1293879654986636,56.92961667550664,11.010845967887256,False,True,True,False,True,11.314490346873104,0.0,0.0,0.0,0.0,0,1.0525110281642345,0.8947234475738041,False,False,False,False,0.26434521784766785,0.25803431391436205,False,False,False,False,33326.0,25740.204295334028,False,False,False,False,1089.3692330053502,False,False,False,False
2025-05-15 17:00:00+00:00,55.12,55.28,55.1,55.13,499.0,,,,,,,55.1953874124792,54.599788533012116,53.885266976204306,53.50764831425313,53.17287026836579,49.74390599363135,49.50594790884574,49.103726388996094,49.09750175653576,48.83423553499739,48.3408725816257,47.877547765922564,47.691246354870145,47.57592202690739,47.51787239480162,47.46025293667496,47.34436942505763,47.1137922563727,,,,,,,,54.417891346803884,54.069802035157515,53.8254551492694,53.81303126998694,53.52043413861206,51.207286794935,49.562451518899145,49.17395609827637,48.877865041584975,48.71683801861161,48.07783892269427,47.75575545830484,47.597698252024486,47.55806120549532,47.46773724193547,47.41196138098466,47.26844133731412,46.84967218545753,54.069802035157515,51.207286794935,49.50594790884574,50.942982063315014,"rgba(0, 255, 0, 1.0)",1.3696098708022406,52.22857284542664,2.1184332972672495,56.49841009490006,11.010845967887256,False,True,True,False,True,11.359654981166141,0.0,0.0,0.0,0.0,0,1.0457113507960962,0.9036123951378191,False,False,False,False,0.25009247278530233,0.2540633933498322,False,False,False,False,33825.0,25865.54996517381,False,False,False,False,1080.2162216409263,False,False,False,False
2025-05-15 18:00:00+00:00,55.13,55.135,54.985,54.985,202.0,,,,,,,55.19171372415617,54.602486980365676,53.88862692051735,53.51067669172934,53.17566596802086,49.748624345164494,49.51065487328612,49.10834764961054,49.10211990471384,48.83881584480644,48.345403005510235,47.882002167936506,47.695647373766434,47.58027356682348,47.52219781325813,47.46455006201876,47.34859742683248,47.117903817641285,,,,,,,,54.42253783360669,54.07286977158892,53.82886198530336,53.81645367700073,53.523938873233,51.211297844893885,49.56716175526503,49.17860328357466,48.88244411800078,48.72142501928816,48.082334434808736,47.76018147667653,47.60205934348566,47.56240626198695,47.47203990917578,47.41623630644687,47.272624890112,46.85372271979724,54.07286977158892,51.211297844893885,49.51065487328612,50.946755820912976,"rgba(0, 255, 0, 1.0)",1.3721525898129778,52.232011247958894,2.0063284305838995,55.0100843005336,10.19617032575065,False,True,True,False,True,10.462892595133493,0.0,0.0,0.0,0.0,1,1.0352666609041399,0.9141671708877174,False,False,False,False,0.22974826152507533,0.24190582743745376,False,False,False,False,33623.0,25985.82050834941,False,False,False,False,1066.6004662666483,False,False,False,False
2025-05-15 19:00:00+00:00,54.985,55.505,54.985,55.505,1742.0,,,,,,,55.21479847236687,54.639497295144864,53.92410015428615,53.54129013060543,53.20322344349222,49.791231786280655,49.55307859388117,49.14988349476124,49.14362623079147,48.87991416763864,48.385940722679656,47.92177072575776,47.73490827181883,47.619075638059925,47.56075850040296,47.50285041422476,47.38626657186069,47.15450664562171,,,,,,,,54.47797019017619,54.106452083046186,53.86449935791849,53.85218731667254,53.559307283945095,51.24819938923131,49.60963351294651,49.22039052520093,48.92354270621459,48.762553397052606,48.1225069057185,47.799675690674455,47.640949831710124,47.60114781503512,47.51039061325594,47.454332054144054,47.30988842585835,46.889748563218404,54.106452083046186,51.24819938923131,49.55307859388117,50.985207273932104,"rgba(0, 255, 0, 1.0)",1.3797448582526433,52.26933116273119,2.3451211417207776,57.32965513160941,10.19617032575065,False,True,True,False,True,12.825481612551894,0.0,0.0,0.0,0.0,1,1.0263997929428001,0.9114830471917869,False,False,False,False,0.25876014078524,0.25033298411134686,False,False,False,False,35365.0,26131.23414387888,False,False,False,False,1077.0717768671652,False,False,False,False
2025-05-16 14:00:00+00:00,55.75,55.915,55.37,55.67,1892.0,,,,,,,55.28117240825503,54.69237953221219,53.96902505177122,53.57913257891679,53.23674822695036,49.839407976108724,49.60097339714586,49.19667528224087,49.19038354921146,48.926150912369444,48.431443501440974,47.96633009153608,47.77887206083926,47.6625115537302,47.60391743189103,47.54571161689031,47.428410273616365,47.19543481729087,,,,,,,,54.550868677915666,54.14996435428419,53.90937362034568,53.897127982083305,53.60284441169572,51.29061954029422,49.657599436626,49.267480756355525,48.96979049196844,48.80879528979079,48.16755163454493,47.84390923012945,47.684487336742116,47.644513723994066,47.55330879996879,47.49695891509088,47.35157121024447,46.93000135571766,54.14996435428419,51.29061954029422,49.60097339714586,51.032184799801286,"rgba(0, 255, 0, 1.0)",1.3891934013329603,52.316650421160624,2.4138824555470593,59.74884052076296,10.19617032575065,False,False,True,False,True,13.553811543941137,0.0,0.0,0.0,0.0,1,1.0333594634613705,0.9154254855848796,False,False,False,False,0.32264045819547116,0.286486721153409,False,False,False,False,37257.0,26303.72663777223,False,False,False,False,1089.706322962248,False,False,False,False
2025-05-16 15:00:00+00:00,55.67,55.885,55.67,55.885,160.0,,,,,,,55.287923042363694,54.69731045922342,53.97307202808712,53.58251542508898,53.23972822996483,49.84355808447016,49.605096519464276,49.200699768617056,49.194405028911724,48.93012535210757,48.435350968897346,47.970153549977205,47.78264343334477,47.66623714339312,47.60761902480585,47.549387453026874,47.43202420172384,47.19894372469533,,,,,,,,54.55746505780159,54.153915994793294,53.91340791407875,53.901166455912964,53.60672723080979,51.294301014273735,49.66172931185336,49.27153145470179,48.9737662909816,48.81276907303003,48.17141796115736,47.84770404716484,47.688221732514066,47.64823322727953,47.55698954303703,47.50061446428571,47.355145372499436,46.93345122687276,54.153915994793294,51.294301014273735,49.605096519464276,51.036339347883086,"rgba(0, 255, 0, 1.0)",1.4054895206985807,52.320888516074305,2.5358506281528137,62.44377689384092,7.388559677874156,True,False,True,False,True,14.49619329627356,0.0,0.0,0.0,0.0,0,1.0531943094459657,0.9016523813731556,False,False,False,False,0.3428282378736274,0.3146574795135182,False,False,False,False,37417.0,26476.025449589713,False,False,False,False,1075.2922714434533,False,False,False,False
2025-05-16 16:00:00+00:00,55.885,56.43,55.885,56.33,2080.0,,,,,,,55.4191637741328,54.77940533465097,54.03525148007894,53.63333181750689,53.283800052224294,49.900584510213946,49.661639283471914,49.255727167692534,49.249389111250814,48.98436961899338,48.48851928275087,48.02204982755993,47.83378722093109,47.716734341113664,47.65777844706743,47.599185833731624,47.48096137584705,47.246415751782735,,,,,,,,54.66289202495261,54.215663315521375,53.9751072289312,53.96287026590426,53.66495760346903,51.345826398712546,49.71839069804818,49.32694344369115,49.02804527282859,48.86696160524677,48.2239499505471,47.89918093542309,47.738843089964604,47.69864393609336,47.60685583205727,47.550128018465905,47.403529752824845,46.98007460385695,54.215663315521375,51.345826398712546,49.661639283471914,51.09751228898937,"rgba(0, 255, 0, 1.0)",1.4260201027103605,52.74036410308921,2.5172407388143796,66.12654738817707,10.87877302548911,True,False,True,False,True,16.39449741355021,0.0,0.0,0.0,0.0,0,1.0579273693534097,0.8867139061116034,False,False,False,False,0.34282823916768224,0.3287428593406002,False,False,False,False,39497.0,26677.901024014678,False,False,False,False,1090.8691354520818,False,False,False,False
2025-05-16 17:00:00+00:00,56.31,56.415,56.17,56.3,983.0,,,,,,,55.474085119503265,54.817183749197014,54.06448762157965,53.657394169310734,53.30473319755122,49.92751822873145,49.68834803136488,49.28172908861572,49.2753708024779,49.01000567204854,48.51365191109537,48.04658641990207,47.85797097129985,47.74061481785656,47.681500447968574,47.62273841472597,47.504109736656964,47.268875901460525,,,,,,,,54.71052040967791,54.244692287299515,54.00413024664649,53.991896025626424,53.692417021593,51.37019740445366,49.745154654611106,49.35312492673851,49.053697554383255,48.8925734643315,48.24878449484766,47.92352087732543,47.76278181150612,47.722483832077415,47.6304402751927,47.573546911565586,47.426418547809845,47.002135495596214,54.244692287299515,51.37019740445366,49.68834803136488,51.12599097400849,"rgba(0, 255, 0, 1.0)",1.4342610804339566,52.7702172655534,2.4610461669772223,68.25919628224455,12.884831430755789,True,False,True,False,True,16.197662576425355,0.0,0.0,0.0,0.0,0,1.0606302707501105,0.8837106080781182,False,False,False,False,0.3428282395799888,0.3357855494602945,False,False,False,False,38514.0,26861.40643449507,False,False,False,False,1089.1967457551502,False,False,False,False
2025-05-16 18:00:00+00:00,56.3,56.35,56.01,56.07,352.0,,,,,,,55.48878285916312,54.82891604671425,54.074074207508524,53.66541575378675,53.31178188893985,49.93687935600628,49.69764151625088,49.29079305690548,49.28442797663199,49.0189517494792,48.522437639646284,48.05517640782667,47.86644221980813,47.748982780798684,47.689814331517155,47.63099435060906,47.51222683699817,47.27675682516937,,,,,,,,54.72533811244627,54.25413666082565,54.01367082245818,54.001441938831675,53.70154607084787,51.37859913189578,49.75446490506444,49.36224862453492,49.0626478626225,48.90151482772511,48.25747338607131,47.93204514163042,47.77116963088281,47.73083801425555,47.63870718083687,47.581757150179854,47.43444643286972,47.009881322353046,54.25413666082565,51.37859913189578,49.69764151625088,51.135473926544854,"rgba(0, 255, 0, 1.0)",1.445650394481251,52.7790338257272,2.2764606068216895,67.2157004843063,12.884831430755789,True,False,True,False,True,14.686574226337893,0.0,0.0,0.0,0.0,0,1.0576131687242794,0.8918411164787978,False,False,False,False,0.32622830257640156,0.331006926018348,False,False,False,False,38162.0,27036.60943551065,False,False,False,False,1077.7673388442176,False,False,False,False
2025-05-16 19:00:00+00:00,56.02,56.18,55.585,55.585,3516.0,,,,,,,55.54177300791377,54.90640845341462,54.14934009209279,53.731547190868234,53.37160095040764,50.02352452106469,49.783919181736906,49.37534443016389,49.3689223495073,49.1026407098537,48.60500358992103,48.13621391334429,47.94647795713145,47.82811588295823,47.76847211472901,47.70913945383495,47.589129111817456,47.35154982678657,,,,,,,,54.824395742905594,54.32652028361156,54.089143680809954,54.077063010215376,53.77622102177472,51.45470554124973,49.84083830785965,49.44728649380259,49.14634133081152,48.98525095082032,48.339310619087655,48.01253971007899,47.85047676826824,47.8098516849229,47.71695113709845,47.65949867585435,47.51054846938776,47.083515767663584,54.32652028361156,51.45470554124973,49.783919181736906,51.21449332161792,"rgba(0, 255, 255, 0.75)",1.4459544122007777,52.84082653926292,1.8978284775661647,62.29116284728759,17.895635506125515,True,False,True,False,False,11.59907244236626,0.0,0.0,0.0,0.0,0,1.0403175452680398,0.8985817500668988,False,False,False,False,0.28312913496548675,0.3070680304919174,False,False,False,False,34646.0,27154.584483022114,False,False,False,False,1115.5693956063228,False,False,False,False
2025-05-19 14:00:00+00:00,55.89,55.895,55.705,55.875,301.0,,,,,,,55.54606886705299,54.912749378893864,54.155633120393944,53.73712829778694,53.37667385669407,50.03087570407412,49.79124226424919,49.382526940399345,49.37610014097422,49.10975316735265,48.61202529886912,48.14310989109219,47.953290605288416,47.834853088669256,47.775169552300895,47.715793954978764,47.59567935144009,47.35792302297475,,,,,,,,54.83235215124778,54.332567968606845,54.095458326786975,54.083390479053925,53.782493219419614,51.46116041767867,49.848168795122824,49.454509109356145,49.15345382819131,48.992368250928195,48.346272717066725,48.01939064905047,47.857228527682125,47.816578915081436,47.723613934458285,47.666119376382774,47.51703153130982,47.0897920344061,54.332567968606845,51.46116041767867,49.79124226424919,51.221150537825224,"rgba(0, 255, 0, 1.0)",1.4509229805528034,52.846584250379195,2.0872339815494376,60.8447114326063,16.53586786817958,True,False,True,False,False,12.903373870401758,0.0,0.0,0.0,0.0,0,1.0326057906458792,0.9059242761692652,False,False,False,False,0.27136264865210913,0.2892153395720133,False,False,False,False,34947.0,27275.39712669619,False,False,False,False,1102.9404127287055,False,False,False,False
2025-05-19 15:00:00+00:00,55.875,55.99,55.835,55.85,28.0,,,,,,,55.546555795971074,54.913377565909606,54.15623939832369,53.73766248716044,53.37715750915753,50.03156644526193,49.791930095489654,49.3832011731948,49.3767739252901,49.110420587025786,48.61268381751137,48.14375631021581,47.953929103194945,47.83548445267887,47.7757971586824,47.716417508105664,47.59629307831796,47.358520055169514,,,,,,,,54.83313513014097,54.33315308251463,54.09606595305121,54.08399919449855,53.78309370805713,51.461769060433696,49.848857383911266,49.455187171374774,49.154121289522195,48.99303602498067,48.34692546305591,48.020032772749374,47.85786126736793,47.81720933453038,47.72423826864925,47.66673973765015,47.51763892810301,47.090379867352326,54.33315308251463,51.461769060433696,49.791930095489654,51.22178521791989,"rgba(0, 255, 0, 1.0)",1.4504189267462693,52.84715383583722,2.070330239621928,59.665778380419006,15.302659480898697,False,False,True,False,False,12.744585526197366,0.0,0.0,0.0,0.0,0,1.0355795148247973,0.9100628930817611,False,False,False,False,0.28742670307368545,0.28832102132284937,False,False,False,False,34919.0,27393.902597600125,False,False,False,False,1086.2746698957021,False,False,False,False
2025-05-19 16:00:00+00:00,55.8,55.85,55.675,55.84,286.0,,,,,,,55.54998594507002,54.919075267348234,54.16204063201677,53.7428426869697,53.38188446229706,50.038488312452664,49.798828057544284,49.389970775037355,49.38353914482863,49.11712651931435,48.619307907325016,48.150264870400285,47.9603602013354,47.84184507713144,47.7821206050488,47.722700778864926,47.60247863936095,47.364539741710715,,,,,,,,54.840292609865166,54.33870994948484,54.10189313764444,54.089839311958855,53.788908118228356,51.46783155403778,49.8557617301814,49.46199385826789,49.16082691886311,48.999747406553,48.35349510677023,48.02649959201572,47.86423549244105,47.823560650805135,47.730529320840304,47.67299138823545,47.5237615150268,47.096309225298064,54.33870994948484,51.46783155403778,49.798828057544284,51.227980563032425,"rgba(0, 255, 0, 1.0)",1.4566793441634465,52.85242069792978,2.050951922975165,58.78478687401533,14.249555666656306,False,False,True,False,False,12.67993869693375,0.0,0.0,0.0,0.0,0,1.0253470667263767,0.9088222122704883,False,False,False,False,0.26603857817255405,0.2771797997477017,False,False,False,False,34633.0,27506.136665854385,False,False,False,False,1073.8673106725128,False,False,False,False
2025-05-19 17:00:00+00:00,55.84,55.98,55.825,55.825,446.0,,,,,,,55.55705702499393,54.92870190465458,54.17149239465401,53.75121548306121,53.38948821857148,50.04941471609328,49.80971158247209,49.400644406156815,49.394205768061994,49.12769529876024,48.62974038978059,48.16050962000603,47.970481004893166,47.85185384832377,47.79207032832561,47.73258676510962,47.6122099235534,47.37400820461916,,,,,,,,54.852262952987694,54.347814271114004,54.1113724257412,54.09933669010448,53.79830598169831,51.47744441945766,49.8666565102497,49.472727134598124,49.171395953893175,49.01032283183112,48.36383840376655,48.03667727697755,47.874265874575215,47.83355459960413,47.74042761087694,47.682827188935946,47.53339311183444,47.10563339508113,54.347814271114004,51.47744441945766,49.80971158247209,51.23794050658316,"rgba(0, 255, 0, 1.0)",1.4624054508594533,52.861316518255116,2.026581260349608,58.039212123072204,13.249795762085078,False,False,True,False,False,12.581173747297676,0.0,0.0,0.0,0.0,0,1.0279564130046441,0.906752411575563,False,False,False,False,0.28599303907891616,0.2815864194133089,False,False,False,False,34187.0,27609.715942352766,False,False,False,False,1064.1329337628613,False,False,False,False
2025-05-19 18:00:00+00:00,55.825,55.945,55.805,55.945,483.0,,,,,,,55.56487362481032,54.939144554941144,54.18174001629991,53.76030076713947,53.397741954160004,50.06124536026921,49.82149605889021,49.412202510947154,49.40575631117219,49.13914027265449,48.641038248112835,48.17160473962537,47.981442236127954,47.86269404666937,47.80284672909027,47.74329429826464,47.62275028838404,47.38426450708622,,,,,,,,54.86518599039995,54.357691100443134,54.12164916374952,54.109632749951615,53.808493633846595,51.48785863620692,49.878453109330316,49.48434959106022,49.18284119983699,49.021774989529696,48.375039958343564,48.04769995374777,47.88512942121809,47.84437878320536,47.75114843796762,47.69348049309796,47.54382574349122,47.115733673269574,54.357691100443134,51.48785863620692,49.82149605889021,51.24873586926387,"rgba(0, 255, 0, 1.0)",1.4626884355392296,52.8710623670371,2.1015669217550594,58.55178461239119,13.249795762085078,False,False,True,False,False,13.14990473703672,0.0,0.0,0.0,0.0,0,1.0275302922309333,0.9076086956521741,False,False,False,False,0.28205633856398993,0.28182137898864945,False,False,False,False,34670.0,27719.177710688382,False,False,False,False,1055.1231208363051,False,False,False,False
2025-05-19 19:00:00+00:00,55.945,56.26,55.9,56.26,1467.0,,,,,,,55.60228042562624,54.97718093490231,54.216410988277126,53.79049623459675,53.42487196692789,50.09836215675498,49.85842296905374,49.44835544582742,49.4418847300188,49.17490011060775,48.6762740730064,48.20615725975298,48.01555997240615,47.896425099100234,47.836374430838454,47.776603116186344,47.6555305127122,47.416144795811064,,,,,,,,54.911289731453174,54.39151971122123,54.15629886214255,54.14432351114216,53.842348130918225,51.520907509011124,49.91542836690439,49.520714118115876,49.2186083347935,49.057540186501875,48.40994512487217,48.082014833335734,47.91893498072888,47.878058450675624,47.78449914769876,47.726616765879896,47.576265472034784,47.147109369939024,54.39151971122123,51.520907509011124,49.85842296905374,51.28408382752682,"rgba(0, 255, 0, 1.0)",1.4631778570775944,52.90583192249113,2.2923857556238225,61.19370859479932,13.249795762085078,True,False,True,False,True,14.62344781445891,0.0,0.0,0.0,0.0,0,1.029036827195467,0.9026203966005668,False,False,False,False,0.31161746426302456,0.296719421625837,False,False,False,False,36137.0,27849.68658339089,False,False,False,False,1061.5088088853547,False,False,False,False
2025-05-20 14:00:00+00:00,56.24,56.355,56.15,56.26,669.0,,,,,,,55.62108293145022,54.99537565979909,54.23273883494757,53.80467503131729,53.43758323206961,50.115457894918855,49.875425611379285,49.464994811212144,49.45851275381772,49.19135401975426,48.69247895618858,48.22204200886569,48.031243114671994,47.91192977834955,47.851785311661985,47.7919131127186,47.670597229715206,47.43079693751465,,,,,,,,54.933091253769234,54.40751083889174,54.1726016774653,54.16064223169881,53.8582191237541,51.53619484454137,49.93245455920113,49.53745175875288,49.235066493251594,49.07399413729903,48.425994314243525,48.0977890644233,47.934474037149606,47.89353938021112,47.79982840100627,47.74184720060719,47.59117547234091,47.16152744354289,54.40751083889174,51.53619484454137,49.875425611379285,51.30055900630737,"rgba(0, 255, 0, 1.0)",1.4571843082152816,52.92239027936743,2.29045131890034,62.95499124973807,13.249795762085078,True,False,True,False,True,14.62344781445891,0.0,0.0,0.0,0.0,0,1.0333421540089966,0.9012966393225723,False,False,False,False,0.33690560635001,0.3168125139879235,False,False,False,False,36137.0,27978.17206271816,False,False,False,False,1055.4234009956592,False,False,False,False
2025-05-20 15:00:00+00:00,56.255,56.255,56.05,56.05,425.0,,,,,,,55.63001909876386,55.00544246169856,54.24228449987294,53.81310037301072,53.44521041979078,50.126028527035395,49.88594973093753,49.475311306665866,49.468822486665495,49.20156566479933,48.702552201695454,48.23192955991148,48.04101021511028,47.921588835992445,47.86138746236292,47.80145390778409,47.67998942264008,47.439936121637864,,,,,,,,54.94518323811353,54.41678684272076,54.1821564390832,54.17021072444434,53.86762483190372,51.54557556226723,49.942990698214956,49.54782619232199,49.24527926924632,49.08420973432603,48.435978537609294,48.10761111063086,47.944153929503074,47.90318410451672,47.80938098776438,47.751339640283405,47.60047186872326,47.170525917661074,54.41678684272076,51.54557556226723,49.88594973093753,51.31042638907359,"rgba(0, 255, 0, 1.0)",1.448768249735679,52.931840591667864,2.1522830921377705,61.33929089944034,13.249795762085078,True,False,True,False,True,13.165381937132882,0.0,0.0,0.0,0.0,0,1.0313735829158974,0.9033306968977944,False,False,False,False,0.32219713065947414,0.3195048223236988,False,False,False,False,35712.0,28098.076371823307,False,False,False,False,1045.6493947786723,False,False,False,False
2025-05-20 16:00:00+00:00,56.05,56.58,56.05,56.58,450.0,,,,,,,55.644459175346135,55.018586298641154,54.253806406641225,53.82304937207306,53.454095094754365,50.13771085607937,49.89756211065355,49.486666982343905,49.48017032196436,49.21278939317849,48.71359700593457,48.24274914008455,48.0516901567678,47.932146060433375,47.871880250772264,47.81187748021881,47.6902464684154,47.449909069255874,,,,,,,,54.96076620436338,54.42812629754128,54.193645681268706,54.18170796912422,53.8787491794542,51.5560827601455,49.95462061750913,49.55925021817511,49.25650684573394,49.09543094754628,48.44691299344394,48.11835380341621,47.95473478131154,47.913724964175465,47.819817718945494,47.761708594550335,47.610621651468286,47.180336873822256,54.42812629754128,51.5560827601455,49.89756211065355,51.321883433287375,"rgba(0, 255, 0, 1.0)",1.4443732859582845,52.94366252609033,2.517588430401566,63.939399654616636,9.355027046793367,True,False,True,False,True,15.651906592803876,0.0,0.0,0.0,0.0,0,1.0336399474375817,0.901708278580815,False,False,False,False,0.3428282396465485,0.33116653098512366,False,False,False,False,36162.0,28223.098443577983,False,False,False,False,1036.4145204410186,False,False,False,False
2025-05-20 17:00:00+00:00,56.58,56.68,56.53,56.53,248.0,,,,,,,55.65398865021015,55.02663565939815,54.26062148060641,53.82887295652126,53.45926070916126,50.144311562169456,49.90411745936308,49.49306876766498,49.48656756419616,49.21911158171071,48.719809921592834,48.2488285157318,48.05768859929001,47.938074143381385,47.877771450576425,47.81772914014864,47.69600334411771,47.45550405449371,,,,,,,,54.97024703308465,54.43487445679434,54.200429059927025,54.1884936263101,53.8852644213625,51.562064331837014,49.96118721525055,49.565691964093006,49.26283203084186,49.10174953363922,48.4530597957979,48.124388329254685,47.96067639962148,47.91964363805598,47.82567685114513,47.76752903206344,47.61631750104344,47.18583829325277,54.43487445679434,51.562064331837014,49.90411745936308,51.32852660903236,"rgba(0, 255, 0, 1.0)",1.437893300681552,52.95075435842648,2.4892289573064863,65.0462027323444,10.521545804734608,True,False,True,False,True,15.302341419861072,0.0,0.0,0.0,0.0,0,1.0470235998591049,0.8963543501232832,False,False,False,False,0.3428282404538933,0.3369973857195085,False,False,False,False,35914.0,28342.33722739848,False,False,False,False,1024.1910395039486,False,False,False,False
2025-05-20 18:00:00+00:00,56.53,56.605,56.23,56.43,615.0,,,,,,,55.67290227812942,55.044244625973214,54.276208682734215,53.842383841293795,53.47135103867348,50.16022075883011,49.919934069388574,49.5085408459057,49.502029065102505,49.234406640470304,48.734865185288754,48.263580411596536,48.07225173881448,47.9524711273487,47.89208115694164,47.831945060869316,47.70999348673187,47.46910892485587,,,,,,,,54.991019718725035,54.450205797719725,54.21597721754306,54.20405325130947,53.90034497649135,51.57637027906749,49.97702708952096,49.581256124510574,49.27813203501563,49.11704189157512,48.46796666605828,48.139036385522324,47.9751053806913,47.93401846908392,47.83991061492121,47.78167094461079,47.6301621772944,47.199223709481664,54.450205797719725,51.57637027906749,49.919934069388574,51.34405402461041,"rgba(0, 255, 0, 1.0)",1.4236411475922792,52.966653390089505,2.4327384859364667,64.49161252434895,10.521545804734608,True,False,True,False,True,14.59724293617315,0.0,0.0,0.0,0.0,0,1.0449072853502062,0.8913788557869764,False,False,False,False,0.3168688024508182,0.32693309408516336,False,False,False,False,35299.0,28450.192464182997,False,False,False,False,1017.8469923798563,False,False,False,False
2025-05-20 19:00:00+00:00,56.43,56.69,56.335,56.615,2352.0,,,,,,,55.74814185643503,55.113432405268185,54.33715709660605,53.89522354127034,53.518613813727484,50.221526886108975,49.98087073274034,49.56813852276147,49.561586036385734,49.29331346188972,48.792830970852016,48.32036646612682,48.128308977524775,48.00788897174669,47.94716324358452,47.88666654207933,47.76384771684528,47.521481762669396,,,,,,,,55.07174874419904,54.51030178752793,54.27674276519015,54.26485536513681,53.95918047560082,51.63170506290762,50.03805625881262,49.641209156426015,49.3370602084044,49.17593185410352,48.52535343163012,48.19542063713833,48.03064633777891,47.98935096081617,47.894700560966015,47.83610774287189,47.683457539809595,47.25074782574051,54.51030178752793,51.63170506290762,49.98087073274034,51.40428306059097,"rgba(0, 255, 0, 1.0)",1.4108092208581582,53.02879418465126,2.541949515447132,65.42945539222076,11.253992921554541,True,False,True,False,True,15.474644531792965,0.0,0.0,0.0,0.0,0,1.050136335649573,0.8889963937021729,False,False,False,False,0.3299679480064366,0.32845052104579997,False,False,False,False,37651.0,28592.840643032872,False,False,False,False,1038.531535133657,False,False,False,False
2025-05-21 14:00:00+00:00,57.46,57.63,57.32,57.36,757.0,,,,,,,55.79367686699203,55.14736361122367,54.36370708579445,53.91735573350947,53.53789862893753,50.24375016953378,50.002872032858775,49.58952515253569,49.58295617786473,49.314373114646536,48.81342539378792,48.34043748721511,48.14808459086754,48.027416980159856,47.96656215878535,47.90592801299487,47.78278386369612,47.53985944581422,,,,,,,,55.11059950086805,54.53705385213005,54.30303812287703,54.29113208063386,53.98388771047249,51.65243129939607,50.06011131063013,49.66274506261821,49.35814002553292,49.19695245410456,48.54568068751259,48.21532447911776,48.05022184924312,48.00884551990084,47.913987451392934,47.85526038454848,47.70218445337831,47.26878658678283,54.53705385213005,51.65243129939607,50.002872032858775,51.42850090526644,"rgba(0, 255, 0, 1.0)",1.4180978790603072,53.05678303668965,3.034499259079243,69.6156682747858,15.307290480483076,True,False,True,False,True,18.827565907549044,0.0,0.0,0.0,0.0,0,1.050309530037492,0.8921440404568841,False,False,False,False,0.34282824242093884,0.3356393817333694,False,False,False,False,38408.0,28745.013656319185,False,False,False,False,1034.1667051315846,False,False,False,False
2025-05-21 15:00:00+00:00,57.54,57.54,57.28,57.44,401.0,,,,,,,55.81658202210358,55.16481129065197,54.37751247535904,53.928912952250876,53.547994172033114,50.25543981942235,50.01444807920091,49.60078313584184,49.59420557675462,49.32546201529755,48.82427400587394,48.3510143788685,48.15850743814009,48.03771040467588,47.976788073991735,47.916082015003745,47.79276749438971,47.54955059683969,,,,,,,,55.13052311697252,54.55094748501747,54.31671768633031,54.30480300075182,53.996771484941156,51.66331913975452,50.071714901675506,49.67408062333584,49.36923914026188,49.20802181908918,48.55639085185272,48.22581430179156,48.06054010968338,48.01912146848811,47.92415477073208,47.86535744842165,47.71205848046569,47.27830064313066,54.55094748501747,51.66331913975452,50.01444807920091,51.44113163654291,"rgba(0, 255, 0, 1.0)",1.4068762983715613,53.071212114372166,3.1053106024208668,72.68510267217938,18.157050742782033,True,False,True,False,True,19.172137926395653,0.0,0.0,0.0,0.0,0,1.0474980282183854,0.899044781351328,False,False,False,False,0.33505169708690924,0.33534553941013934,False,False,False,False,38809.0,28901.044452345242,False,False,False,False,1024.3501670675291,False,False,False,False
2025-05-21 16:00:00+00:00,57.44,57.73,57.44,57.615,763.0,,,,,,,55.86299669346103,55.19980013837784,54.40493036476132,53.951785901188956,53.56792076982315,50.278118102126285,50.03689297984185,49.62259245751659,49.61599801279187,49.34693212558821,48.845259499095796,48.37145862017322,48.17864837861754,48.057598128920986,47.9965438441583,47.93569739604221,47.81205103876337,47.56826396603375,,,,,,,,55.17032490898314,54.57860717787491,54.34386680125471,54.331930948778904,54.022260746448815,51.68454912758829,50.09421622084238,49.696043278496276,49.390730958006564,49.22944897963736,48.577099259219196,48.24608650587718,48.08047640188324,48.03897494040113,47.94379604859795,47.884861621241015,47.731128591865,47.29666581120408,54.57860717787491,51.68454912758829,50.03689297984185,51.46593995825486,"rgba(0, 255, 0, 1.0)",1.3956016752772924,53.49877559047941,2.949426388946357,75.33465893867607,20.582182013344394,True,False,True,False,True,19.926228596702206,0.0,0.0,0.0,0.0,0,1.0420431165578312,0.9046426335092588,False,False,False,False,0.3428282426308656,0.3390868910205025,False,False,False,False,39572.0,29066.48562362671,False,False,False,False,1020.2982264928388,False,False,False,False
2025-05-21 17:00:00+00:00,57.615,57.675,57.095,57.235,434.0,,,,,,,55.88452925050838,55.217144216312,54.41906420886497,53.96374987777852,53.578441712356394,50.29049909716885,50.049163457689254,49.63454190942668,49.6279386272881,49.35871141464074,48.85679808491269,48.38272049152405,48.18975111082551,48.06856614719393,48.007441492675085,47.94651996639471,47.82269523345945,47.57860198479576,,,,,,,,55.190029363647795,54.59278020654384,54.35789071699418,54.34594919009615,54.03555532438232,51.69602899894042,50.10651361289595,49.70807212770561,49.40251980300707,49.24121084459539,48.588497680388386,48.257258793606916,48.091470290362835,48.04992479757542,47.954632581347006,47.89562476381423,47.74165795552053,47.306819911494806,54.59278020654384,51.69602899894042,50.049163457689254,51.479014404884,"rgba(0, 255, 0, 1.0)",1.3786756375283724,53.50798117291764,2.703332622721899,72.45872750531943,20.582182013344394,True,False,True,False,False,17.167741303881964,0.0,0.0,0.0,0.0,0,1.0390527256478996,0.9013404825737269,False,False,False,False,0.3194368212650763,0.32926185614278936,False,False,False,False,39138.0,29222.633133337924,False,False,False,False,1011.2083315084536,False,False,False,False
2025-05-21 18:00:00+00:00,57.235,57.235,57.03,57.115,733.0,,,,,,,55.91447750148016,55.2429866880839,54.44094472925049,53.982528423280776,53.59510004547522,50.31069599453986,50.06920421226669,49.65409620965298,49.647479060904644,49.37800966848328,48.875737878981944,48.401235847185205,48.20801615781403,48.08661654922302,48.025379523827404,47.96433780033786,47.84022616036359,47.59564089267601,,,,,,,,55.219352351049686,54.61459583264817,54.379643265451946,54.367700669818326,54.056365822594934,51.71459982894015,50.12659271615773,49.72774974126636,49.42183036775043,49.260489272972436,48.607224760667926,48.27563425776753,48.10956195871998,48.067946352712156,47.972472933384275,47.913347520925605,47.759004032752884,47.32356769857798,54.61459583264817,51.71459982894015,50.06920421226669,51.49969165217939,"rgba(0, 255, 0, 1.0)",1.3525180820095952,53.52207810134267,2.6564686612683976,69.25593337197827,24.524392335583386,True,False,True,False,False,16.312699171473447,0.0,0.0,0.0,0.0,0,1.0448353631032925,0.9054578258908439,False,False,False,False,0.29037735205653015,0.30981960409965975,False,False,False,False,38405.0,29364.995410340438,False,False,False,False,1006.8950240432063,False,False,False,False
2025-05-21 19:00:00+00:00,57.12,57.31,56.975,56.975,1516.0,,,,,,,55.970152630699495,55.29318638720262,54.48443714916703,54.02018234021728,53.62867684776978,50.35184819665166,50.11006185854719,49.694001780226934,49.68735702903261,49.417415408927994,48.91444687520405,48.43910742123457,48.24538790909377,48.12355712617413,48.06209411543552,48.00081037114006,47.876119771661905,47.63054164867667,,,,,,,,55.27605210273666,54.65784437725514,54.422925490775114,54.410988031603004,54.097980201039334,51.752327184456966,50.16752305161929,49.76789959284343,49.46125819017142,49.29986234589407,48.64551624417897,48.31322741412857,48.146585479095535,48.10482905268155,48.00899098927663,47.9496286855985,47.79452441836515,47.357884470474225,54.65784437725514,51.752327184456966,50.11006185854719,51.54118664242707,"rgba(0, 255, 0, 1.0)",1.327744402435556,53.55780914376754,2.573681237114699,65.64317053627764,21.23807524862258,True,False,True,False,False,15.315250910868638,0.0,0.0,0.0,0.0,0,1.0426856781878888,0.8984748668892703,False,False,False,False,0.2915189017024906,0.30066925290107516,False,False,False,False,36889.0,29481.64664428865,False,False,False,False,1014.7881244456371,False,False,False,False
2025-05-22 14:00:00+00:00,56.58,56.59,56.54,56.59,67.0,,,,,,,55.97141613256213,55.29472499775766,54.48595366317035,54.02155034761098,53.6299278114538,50.35351765150359,50.11172454174759,49.695633754443584,49.6889879982324,49.41903171504885,48.916042278116294,48.44067464185919,48.246936829774064,48.12508962722545,48.06361795569997,48.00232486730073,47.87761161702924,47.6319947631324,,,,,,,,55.27779066821352,54.65932426978471,54.42444396432097,54.41250841291495,54.09948163739515,51.75382305313835,50.169187492082166,49.76954017033125,49.4628746805527,49.301479198324245,48.64709813854629,48.31478467483622,48.14812114898508,48.10635937042051,48.01050727873773,47.95113580717075,47.796001630798315,47.359315812330394,54.65932426978471,51.75382305313835,50.11172454174759,51.542738348948845,"rgba(0, 255, 0, 1.0)",1.2928825012981333,53.55857272724002,2.344704387070167,59.746861047157694,15.91652579911431,False,True,True,False,False,12.629197468624877,0.0,0.0,0.0,0.0,0,1.0368026042137621,0.9128311782258797,False,False,False,False,0.2266928445639588,0.26368104873251696,False,False,False,False,36822.0,29595.45057228417,False,False,False,False,1000.0937349193481,False,False,False,False
2025-05-22 15:00:00+00:00,56.59,56.665,56.43,56.545,232.0,,,,,,,55.97555860777436,55.299913744335484,54.49112103689291,54.026226638249426,53.63421213636901,50.359266779503635,50.11745155581468,49.70125690464395,49.69460771604607,49.424601999350955,48.921542305637,48.44607899372658,48.25227864471355,48.13037516919112,48.06887380169651,48.00754865739239,47.88275762840376,47.637007800791,,,,,,,,55.28365176070827,54.66435990324275,54.429620389353246,54.41769177083115,54.104610706585255,51.758966992806364,50.17492027974733,49.77519262825004,49.468445436117825,49.30705179124366,48.65255245643219,48.32015504976797,48.153417553721646,48.111637434703155,48.01573722984993,47.956334301345485,47.801097386803754,47.36425433271549,54.66435990324275,51.758966992806364,50.11745155581468,51.548053449125746,"rgba(0, 255, 0, 1.0)",1.2544187017419808,53.56122165100381,2.3786143692314923,55.448173468610776,12.168766813695306,False,True,True,False,False,12.319462443588634,0.0,0.0,0.0,0.0,0,1.03188117018386,0.9103342088578937,False,False,False,False,0.22475989842148333,0.24422047357700016,False,False,False,False,36590.0,29703.893199070462,False,False,False,False,988.1853049205985,False,False,False,False
2025-05-22 16:00:00+00:00,56.545,56.8,56.545,56.8,204.0,,,,,,,55.980211334217536,55.30505209353104,54.496013743295514,54.03059793061313,53.63818613998701,50.36445052814222,50.122610592783936,49.70631517855456,49.69966279694984,49.42960841605874,48.926478610638455,48.45092377240571,48.25706529162936,48.13511016930058,48.073581600414954,48.01222716063038,47.887365342403285,47.641494354792485,,,,,,,,55.289441866613785,54.66915963911868,54.43451151746592,54.422587524113965,54.10941267794452,51.76363970809121,50.180085619487826,49.78027847131162,49.47345294631724,49.312058521458496,48.6574444127185,48.324967998890834,48.15816251367426,48.116365550293374,48.02042132639334,47.960989670182315,47.80565938711256,47.368671966910924,54.66915963911868,51.76363970809121,50.122610592783936,51.552968693293586,"rgba(0, 255, 0, 1.0)",1.2199380910303215,53.56457120217374,2.652125400145279,54.84876035090306,11.71306557355684,False,True,True,False,False,13.57488252376572,0.0,0.0,0.0,0.0,0,1.0585915492957745,0.9042253521126765,False,False,False,False,0.23860385771805911,0.24141216564752965,False,False,False,False,36794.0,29813.81733551898,False,False,False,False,976.0273932164031,False,False,False,False
2025-05-22 17:00:00+00:00,56.8,56.8,56.49,56.59,249.0,,,,,,,55.985138404244466,55.31088377931361,54.50172005134107,54.03573931498171,53.64288402979012,50.370678453175444,50.128812498962816,49.71240167942361,49.70574554474063,49.435635900299076,48.9324270999767,48.45676643802196,48.26283954157639,48.14082315151057,48.079262272854166,48.01787298491459,47.89292674033865,47.64691132912691,,,,,,,,55.29601202338904,54.67473613558185,54.44022312210504,54.42830584353564,54.11505212410217,51.76922970390266,50.186294252793495,49.786397154007545,49.47948124143296,49.31808770321129,48.66334206636506,48.33077338257459,48.163887318768765,48.12207038075008,48.026073831404275,47.96660798614094,47.81116624128128,47.37400751759623,54.67473613558185,51.76922970390266,50.128812498962816,51.558784299553956,"rgba(0, 255, 0, 1.0)",1.1852341806849074,53.568273352072936,2.5494764639515477,52.55422186221912,9.465384326479466,False,True,False,False,False,12.10875680340445,0.0,0.0,0.0,0.0,0,1.0488540978968215,0.9054041309063477,False,False,False,False,0.2355506515986198,0.2384814086230747,False,False,False,False,36545.0,29918.17675667372,False,False,False,False,964.7556506859162,False,False,False,False
2025-05-22 18:00:00+00:00,56.59,56.61,56.49,56.515,323.0,,,,,,,55.990554157952694,55.31786959867028,54.50877100840336,54.04215204836101,53.64877635668682,50.37862500365647,50.136730814343345,49.720180422858505,49.713519613126955,49.443343799031666,48.94004130404235,48.464251237026374,48.270238990959875,48.148145500552964,48.086543906076905,48.025110633646186,47.90005752791277,47.65385941631729,,,,,,,,55.30387974981373,54.68159751431492,54.44729041307318,54.43538323745042,54.12207404815734,51.77633034634602,50.19422000829253,49.794215677136144,49.48718949608049,49.32579954917713,48.670894725121336,48.3382119177425,48.171224556501926,48.129382492230945,48.03331994953953,47.973810929288724,47.818227958190654,47.380853589622625,54.68159751431492,51.77633034634602,50.136730814343345,51.56608564151302,"rgba(0, 255, 0, 1.0)",1.1751784721659102,53.57264884385434,2.503748346174831,50.371643354674646,7.254605805747218,False,True,False,False,False,11.586449077188583,0.0,0.0,0.0,0.0,0,1.0579779131759328,0.9007996953541513,False,False,False,False,0.22503593215381645,0.23175867038844558,False,False,False,False,36222.0,30015.9104503687,False,False,False,False,954.8059506752818,False,False,False,False
2025-05-22 19:00:00+00:00,56.515,56.52,56.075,56.08,186.0,,,,,,,55.9918684509278,55.32083287963143,54.51218576838321,54.04536827262791,53.65179183500516,50.38295944940471,50.14105896779286,49.72444629941726,49.717783138368915,49.44757913204058,48.94423851473716,48.46838806114152,48.274332723712774,48.152199041407975,48.09057611798499,48.029119674407795,47.90400971516423,47.65771462322897,,,,,,,56.225,55.3072267914355,54.68486285995944,54.450731964986424,54.4388332262344,54.12557722965592,51.780141261412226,50.19855012378462,49.79850097746629,49.49142376244756,49.330040356338664,48.67506441207103,48.34232585205524,48.17528587811716,48.13343073627989,48.03733352211612,47.97780171674044,47.82214334243951,47.384656538638794,54.68486285995944,51.780141261412226,50.14105896779286,51.887871183493026,"rgba(0, 255, 255, 0.75)",1.1610823740286655,53.899020862324434,1.8784017279567442,45.69015006848346,2.747895341692086,False,True,False,True,False,8.61907755322764,0.0,0.0,0.0,0.0,0,1.0487455880950107,0.9025088238099784,False,False,False,False,0.19731871068314955,0.21453869053579755,False,False,False,False,36036.0,30109.245172068408,False,False,False,False,942.8864785717891,False,False,False,False
2025-05-23 14:00:00+00:00,57.595,57.855,57.485,57.725,534.0,,,,,,,56.01873975419967,55.34283008253152,54.53022591899251,54.06071348562776,53.66531110971733,50.398475966599534,50.15643137127756,49.73941242955743,49.73273826464696,49.462328352756195,48.95867824480671,48.482476276183455,48.288221171157495,48.165919469464484,48.10420882442388,48.04265888650607,47.91732725082225,47.67065076160277,,,,,,,57.31030555555555,55.33181035149453,54.70299594493249,54.46862722671332,54.45671890783154,54.14253547616503,51.79463616204397,50.21395751953747,49.813566470116335,49.50618609503506,49.34476449598078,48.689325195182256,48.35630117077789,48.189038564621804,48.147128454865495,48.050890044253414,47.99126685276552,47.83531809857706,47.39736079683644,54.70299594493249,51.79463616204397,50.15643137127756,51.94720367313052,"rgba(0, 255, 0, 1.0)",1.1776668987133365,53.973330574536725,3.1856796090322095,52.59367651318053,2.747895341692086,False,True,True,False,True,16.37219242457035,0.0,0.0,0.0,0.0,0,1.0550953932061422,0.880781758957655,False,False,False,False,0.3428282427881161,0.2786834666619568,False,False,False,False,36570.0,30209.411913586726,False,False,False,False,936.5471533226141,False,False,False,False
2025-05-23 15:00:00+00:00,57.725,57.805,57.64,57.76,143.0,,,,,,,56.02598884491179,55.34876732736278,54.535093034123136,54.06485344521926,53.668957898606564,50.402646484362016,50.16056276693209,49.74343414269246,49.7367570161945,49.46629144863346,48.96255759979307,48.48626074512225,48.291951837961854,48.16960494043291,48.10787070273586,48.04629562525801,47.920904408829564,47.6741253826617,,,,,,,57.380677867902655,55.33843632507471,54.70789002769251,54.47345484424418,54.46154382931424,54.147108767837935,51.79853632929906,50.21809840898265,49.817614951155555,49.51015277773092,49.348720679607666,48.69315620113251,48.36005521250869,48.19273271217218,48.150807814754494,48.05453143379034,47.994883670825956,47.83885688097858,47.40077296057528,54.70789002769251,51.79853632929906,50.16056276693209,51.954304679057465,"rgba(0, 255, 0, 1.0)",1.1988038219843844,53.98219843806332,3.151309240642283,57.32122959219887,-0.7588073215167341,False,True,True,False,True,16.520482737183638,0.0,0.0,0.0,0.0,0,1.064259657655972,0.8745673931344123,False,False,False,False,0.34282824288316177,0.3107558547725593,False,False,False,False,36713.0,30310.24273663189,False,False,False,False,924.2440966819534,False,False,False,False
2025-05-23 16:00:00+00:00,57.76,57.885,57.555,57.885,484.0,,,,,,,56.05064002135508,55.36897897303501,54.55166177107657,54.07894861812104,53.681373476939854,50.41680378060178,50.17458625855048,49.75708410731442,49.75039691944508,49.47974162669819,48.97572206875617,48.499102075597435,48.30461026932314,48.182109879478766,48.120295526887894,48.058635096629246,47.933041662213235,47.685914542981735,,,,,,,57.52236451373421,55.36096391526104,54.72455536096518,54.48988821242725,54.47796774028368,54.16267318175777,51.81178766888996,50.23215435687938,49.83135592232637,49.523615298321154,49.3621469354341,48.7061558947393,48.37279304802372,48.20526711656807,48.163291992856664,48.066886685259796,48.00715550117053,47.850863884977365,47.41234976394306,54.72455536096518,51.81178766888996,50.17458625855048,51.97453846986137,"rgba(0, 255, 0, 1.0)",1.2107400387540697,54.00732732052317,3.202729368285539,60.948970728916066,2.5078329855662957,False,False,True,False,True,17.05460898174801,0.0,0.0,0.0,0.0,0,1.061218705715635,0.8819083608880492,False,False,False,False,0.3425399645034829,0.3266479096380211,False,False,False,False,37197.0,30417.014167071706,False,False,False,False,917.4186068109153,False,False,False,False
2025-05-23 17:00:00+00:00,57.885,57.885,57.69,57.82,299.0,,,,,,,56.06572591587518,55.38141714755391,54.56188648508212,54.08765741567346,53.68904948679893,50.42555022324372,50.183250266058494,49.7655179386983,49.75882455022077,49.48805229686303,48.983856541697726,48.50703722993882,48.312432602986625,48.1898375318822,48.127973757877285,48.066260673745404,47.940542487914925,47.693200586203126,,,,,,,57.572494937221535,55.374806292103536,54.73483854545456,54.50003026202024,54.48810403563942,54.17228350749394,51.81997652345894,50.24083836189243,49.83984583884266,49.53193358302454,49.37044284057319,48.714188731725685,48.38066435965544,48.21301294514988,48.17100683769841,48.07452199640501,48.01473934829952,47.858284350781624,47.41950472172688,54.73483854545456,51.81997652345894,50.183250266058494,51.985530932672425,"rgba(0, 255, 0, 1.0)",1.2290319636072662,54.02079745448992,3.0912154101828566,62.809794057798314,4.2891149603284475,False,False,True,False,True,16.610629119248873,0.0,0.0,0.0,0.0,0,1.050499286733238,0.8888254873989541,False,False,False,False,0.34282824299870635,0.3347380763183637,False,False,False,False,36898.0,30517.494567582224,False,False,False,False,907.8307214340018,False,False,False,False
2025-05-23 18:00:00+00:00,57.82,57.905,57.665,57.88,534.0,,,,,,,56.09230887328349,55.40348327762037,54.5800905637717,54.10318623016617,53.70274835301428,50.441158218453936,50.198712021211186,49.78057071382551,49.77386629868241,49.50288618021757,48.998377212966005,48.52120330186484,48.32639784162173,48.20363417756512,48.1416823923118,48.07987553245178,47.953935134984164,47.70621059264557,,,,,,,57.63230581039754,55.399324990911715,54.753142566372674,54.518089462396304,54.50615326942735,54.1894074393449,51.83459051543813,50.256335601132825,49.85499832809823,49.546780974243276,49.3852505608632,48.728528628816115,48.39471679871791,48.226841957897406,48.1847806771243,48.08815419305644,48.02827988324367,47.87153384227344,47.432281175115165,54.753142566372674,51.83459051543813,50.198712021211186,52.0039286476495,"rgba(0, 255, 0, 1.0)",1.2500999347442638,54.04301508967298,3.0693425410920985,64.32746330130638,5.944937976747639,True,False,True,False,True,16.87468441183787,0.0,0.0,0.0,0.0,0,1.0443467456752362,0.8929561311287395,False,False,False,False,0.342542852685392,0.33864046450187785,False,False,False,False,37432.0,30624.69620219335,False,False,False,False,902.0348962954902,False,False,False,False
2025-05-23 19:00:00+00:00,57.88,58.06,57.79,57.9,1962.0,,,,,,,56.18869745523092,55.484456523524116,54.647275464055774,54.160654689668256,53.753513465387854,50.49871267534147,50.255725782767776,49.83607920285971,49.829334311257654,49.5575875607366,49.05192133582216,48.57343951694791,48.37789478437697,48.25451123824985,48.1922358588295,48.130084263159134,48.0033272478263,47.75419557602748,,,,,,,57.76700305810397,55.48889093403937,54.82070288774478,54.584747549975184,54.5727744092659,54.25266219761845,51.88856587043472,50.31348051516805,49.91087316614793,49.60153280209823,49.43985349413255,48.78140542305729,48.44653441875734,48.27783802572591,48.2355738338707,48.13842660350748,48.07821531770833,47.92039975387558,47.47940492335561,54.82070288774478,51.88856587043472,50.255725782767776,52.06825698840576,"rgba(0, 255, 0, 1.0)",1.2704762283677775,54.11892192884043,2.9761108368137235,65.43964628771192,7.369622092158096,True,False,True,False,True,16.963955649159455,0.0,0.0,0.0,0.0,0,1.0411298788052292,0.8897795591182367,False,False,False,False,0.3428282432356564,0.34073435386876716,False,False,False,False,39394.0,30760.654400608957,False,False,False,False,918.4684637947848,False,False,False,False
2025-05-26 14:00:00+00:00,57.9,57.9,57.9,57.9,0.0,,,,,,,56.18869745523092,55.484456523524116,54.647275464055774,54.160654689668256,53.753513465387854,50.49871267534147,50.255725782767776,49.83607920285971,49.829334311257654,49.5575875607366,49.05192133582216,48.57343951694791,48.37789478437697,48.25451123824985,48.1922358588295,48.130084263159134,48.0033272478263,47.75419557602748,,,,,,,57.76700305810397,55.48889093403937,54.82070288774478,54.584747549975184,54.5727744092659,54.25266219761845,51.88856587043472,50.31348051516805,49.91087316614793,49.60153280209823,49.43985349413255,48.78140542305729,48.44653441875734,48.27783802572591,48.2355738338707,48.13842660350748,48.07821531770833,47.92039975387558,47.47940492335561,54.82070288774478,51.88856587043472,50.255725782767776,52.06825698840576,"rgba(0, 255, 0, 1.0)",1.2770505750250998,54.11892192884043,2.9607896077923574,66.18110161198229,8.559733574386712,True,False,True,False,True,16.963955649159455,0.0,0.0,0.0,0.0,0,1.0440768715938424,0.8901424610383404,False,False,False,False,0.3400358771192956,0.3403851154940314,False,False,False,False,39394.0,30894.50471997936,False,False,False,False,904.2286426506796,False,False,False,False
2025-05-26 15:00:00+00:00,57.9,57.9,57.9,57.9,0.0,,,,,,,56.18869745523092,55.484456523524116,54.647275464055774,54.160654689668256,53.753513465387854,50.49871267534147,50.255725782767776,49.83607920285971,49.829334311257654,49.5575875607366,49.05192133582216,48.57343951694791,48.37789478437697,48.25451123824985,48.1922358588295,48.130084263159134,48.0033272478263,47.75419557602748,,,,,,,57.76700305810397,55.48889093403937,54.82070288774478,54.584747549975184,54.5727744092659,54.25266219761845,51.88856587043472,50.31348051516805,49.91087316614793,49.60153280209823,49.43985349413255,48.78140542305729,48.44653441875734,48.27783802572591,48.2355738338707,48.13842660350748,48.07821531770833,47.92039975387558,47.47940492335561,54.82070288774478,51.88856587043472,50.255725782767776,52.06825698840576,"rgba(0, 255, 0, 1.0)",1.2843934208256547,54.11892192884043,2.9438628459564637,66.67540516149586,9.596601431546041,True,False,True,False,True,16.963955649159466,0.0,0.0,0.0,0.0,0,1.0469456469456466,0.8911014911014913,False,False,False,False,0.3400358771192956,0.3402104963066635,False,False,False,False,39394.0,31026.279840599833,False,False,False,False,890.2095939274133,False,False,False,False
2025-05-26 16:00:00+00:00,57.9,57.9,57.9,57.9,0.0,,,,,,,56.18869745523092,55.484456523524116,54.647275464055774,54.160654689668256,53.753513465387854,50.49871267534147,50.255725782767776,49.83607920285971,49.829334311257654,49.5575875607366,49.05192133582216,48.57343951694791,48.37789478437697,48.25451123824985,48.1922358588295,48.130084263159134,48.0033272478263,47.75419557602748,,,,,,,57.76700305810397,55.48889093403937,54.82070288774478,54.584747549975184,54.5727744092659,54.25266219761845,51.88856587043472,50.31348051516805,49.91087316614793,49.60153280209823,49.43985349413255,48.78140542305729,48.44653441875734,48.27783802572591,48.2355738338707,48.13842660350748,48.07821531770833,47.92039975387558,47.47940492335561,54.82070288774478,51.88856587043472,50.255725782767776,52.06825698840576,"rgba(0, 255, 0, 1.0)",1.2908592605824227,54.11892192884043,2.929117206358798,67.00494086117158,10.523576867345461,True,False,True,False,True,16.963955649159466,0.0,0.0,0.0,0.0,0,1.0540645286309462,0.8845073151826375,False,False,False,False,0.3400358771192956,0.3401231867129796,False,False,False,False,39394.0,31156.011936094408,False,False,False,False,876.4078947967557,False,False,False,False
2025-05-26 17:00:00+00:00,57.9,57.9,57.9,57.9,0.0,,,,,,,56.18869745523092,55.484456523524116,54.647275464055774,54.160654689668256,53.753513465387854,50.49871267534147,50.255725782767776,49.83607920285971,49.829334311257654,49.5575875607366,49.05192133582216,48.57343951694791,48.37789478437697,48.25451123824985,48.1922358588295,48.130084263159134,48.0033272478263,47.75419557602748,,,,,,,57.76700305810397,55.48889093403937,54.82070288774478,54.584747549975184,54.5727744092659,54.25266219761845,51.88856587043472,50.31348051516805,49.91087316614793,49.60153280209823,49.43985349413255,48.78140542305729,48.44653441875734,48.27783802572591,48.2355738338707,48.13842660350748,48.07821531770833,47.92039975387558,47.47940492335561,54.82070288774478,51.88856587043472,50.255725782767776,52.06825698840576,"rgba(0, 255, 0, 1.0)",1.292099862260972,54.11892192884043,2.926304832618182,67.22463132762205,11.362914278023105,True,False,True,False,True,16.963955649159466,0.0,0.0,0.0,0.0,0,1.0566276803118906,0.8803118908382068,False,False,False,False,0.3400358771192956,0.3400795319161376,False,False,False,False,39394.0,31283.732681271238,False,False,False,False,862.8201754975812,False,False,False,False
2025-05-26 18:00:00+00:00,57.9,57.9,57.9,57.9,0.0,,,,,,,56.18869745523092,55.484456523524116,54.647275464055774,54.160654689668256,53.753513465387854,50.49871267534147,50.255725782767776,49.83607920285971,49.829334311257654,49.5575875607366,49.05192133582216,48.57343951694791,48.37789478437697,48.25451123824985,48.1922358588295,48.130084263159134,48.0033272478263,47.75419557602748,,,,,,,57.76700305810397,55.48889093403937,54.82070288774478,54.584747549975184,54.5727744092659,54.25266219761845,51.88856587043472,50.31348051516805,49.91087316614793,49.60153280209823,49.43985349413255,48.78140542305729,48.44653441875734,48.27783802572591,48.2355738338707,48.13842660350748,48.07821531770833,47.92039975387558,47.47940492335561,54.82070288774478,51.88856587043472,50.255725782767776,52.06825698840576,"rgba(0, 255, 0, 1.0)",1.295577446129597,54.11892192884043,2.918450056733503,67.37109163858904,12.125771284182733,True,False,True,False,True,16.963955649159466,0.0,0.0,0.0,0.0,0,1.057620817843866,0.8768342790060656,False,False,False,False,0.3400358771192956,0.3400577045177166,False,False,False,False,39394.0,31409.47325985618,False,False,False,False,849.4431185131226,False,False,False,False
2025-05-26 19:00:00+00:00,57.9,57.9,57.9,57.9,0.0,,,,,,,56.18869745523092,55.484456523524116,54.647275464055774,54.160654689668256,53.753513465387854,50.49871267534147,50.255725782767776,49.83607920285971,49.829334311257654,49.5575875607366,49.05192133582216,48.57343951694791,48.37789478437697,48.25451123824985,48.1922358588295,48.130084263159134,48.0033272478263,47.75419557602748,,,,,,,57.76700305810397,55.48889093403937,54.82070288774478,54.584747549975184,54.5727744092659,54.25266219761845,51.88856587043472,50.31348051516805,49.91087316614793,49.60153280209823,49.43985349413255,48.78140542305729,48.44653441875734,48.27783802572591,48.2355738338707,48.13842660350748,48.07821531770833,47.92039975387558,47.47940492335561,54.82070288774478,51.88856587043472,50.255725782767776,52.06825698840576,"rgba(0, 255, 0, 1.0)",1.3031439045772368,54.11892192884043,2.9015046288277877,67.46873184590035,12.817954169862467,True,False,True,False,True,16.963955649159466,0.0,0.0,0.0,0.0,0,1.0552719418810128,0.8787551541331241,False,False,False,False,0.3400358771192956,0.3400467908185061,False,False,False,False,39394.0,31533.26437210647,False,False,False,False,836.2734577609812,False,False,False,False
2025-05-27 14:00:00+00:00,58.255,58.29,58.035,58.045,481.0,,,,,,,56.21343586062669,55.5051372414842,54.66435063675078,54.175240864740786,53.76638137742867,50.51307694617536,50.26994842971517,49.849917233390805,49.84316214682995,49.571218528958276,49.06525386198794,48.586438415927134,48.39070707512448,48.2671679598276,48.20481143533097,48.14257348763572,48.0156123421582,47.76612855413388,,,,,,,57.80407743889249,55.51167146067416,54.837904087982224,54.60168110909924,54.589696742997,54.268699554659726,51.90210111600555,50.32773742610376,49.92480388042504,49.61517739585653,49.45345709310288,48.79456699901581,48.45942731070094,48.29052460197761,48.24820946146402,48.15093172022574,48.090636049079336,47.932553322601976,47.491120578460546,54.837904087982224,51.90210111600555,50.26994842971517,52.08458252638125,"rgba(0, 255, 0, 1.0)",1.3076157726984563,54.13832185089117,2.987634617657474,68.96090433437986,14.727447830691318,True,False,True,False,True,17.698917059783177,0.0,0.0,0.0,0.0,0,1.055064782096584,0.8778955634079311,False,False,False,False,0.342828243622569,0.3414375172205375,False,False,False,False,39875.0,31662.593606647453,False,False,False,False,830.7653421367799,False,False,False,False
2025-05-27 15:00:00+00:00,58.045,58.045,57.625,57.685,183.0,,,,,,,56.2210444279831,55.51191472137842,54.67017191290697,54.180288977364796,53.77087856569188,50.51828540769728,50.27511351060363,49.85495508403814,49.84819647902525,49.57618843095434,49.07012695421847,48.5911995357682,48.395403618478895,48.27180977774701,48.20942462755625,48.14715611622583,48.02012227987817,47.77051326447401,,,,,,,57.80335101955889,55.519125931766055,54.843732353523905,54.60746626016665,54.59548029751544,54.2742337495915,51.906956065546105,50.33291309531028,49.92987331258683,49.62015113963238,49.458419960765895,48.79938342930577,48.464152074064465,48.295176937124154,48.25284388885941,48.155520028454085,48.09519445714905,47.93701637610167,47.49542949313256,54.843732353523905,51.906956065546105,50.27511351060363,52.08974410787859,"rgba(0, 255, 0, 1.0)",1.3019954366732203,54.53664470204429,2.4181001017946704,63.48138344363089,17.8263682259432,False,False,True,False,False,14.81730716934388,0.0,0.0,0.0,0.0,1,1.049172298951905,0.8794201195024,False,False,False,False,0.3078750552313287,0.3246562862259331,False,False,False,False,39692.0,31787.080527474624,False,False,False,False,820.7224686152794,False,False,False,False
2025-05-27 16:00:00+00:00,57.685,58.015,57.685,57.99,202.0,,,,,,,56.229951448646084,55.519714463820215,54.67680187649197,54.1860169515235,53.7759687713769,50.52411419673417,50.28089127155088,49.86058676900885,49.85382417590021,49.58174188631195,49.07556851799852,48.59651302244547,48.40064391984691,48.27698836016889,48.21457095180113,48.15226803146991,48.02515250305715,47.77540268213066,,,,,,,57.80711494941427,55.527700529667314,54.85038226382136,54.61405124596545,54.602062727446224,54.28051600043502,51.91240741491658,50.33870327631112,49.93554093222276,49.62570924591192,49.463964612785595,48.804759932668766,48.46942424527513,48.30036737603079,48.25801412576328,48.160638319456275,48.10027909608584,47.94199392192522,47.50023316658439,54.85038226382136,51.91240741491658,50.28089127155088,52.09576122914601,"rgba(0, 255, 0, 1.0)",1.2968619436554047,54.5459697823148,2.6556644942311087,63.06718764948462,17.35117071823828,False,False,True,False,False,16.392327848756437,0.0,0.0,0.0,0.0,0,1.0475261052015221,0.8802576363813801,False,False,False,False,0.30945954595738334,0.31705791609165823,False,False,False,False,39894.0,31912.769201467265,False,False,False,False,811.1298722026393,False,False,False,False
2025-05-27 17:00:00+00:00,57.99,58.155,57.96,58.035,491.0,,,,,,,56.25316780110152,55.539671576816815,54.69356629046679,54.20043885387925,53.78874773929934,50.53853773652411,50.295180799616375,49.874503400418746,49.867730784914016,49.59545813018049,49.08899678599324,48.60961573493822,48.413562701096176,48.289752969999434,48.22725506135615,48.16486637649451,48.03754768248279,47.78744744214182,,,,,,,57.82880190337637,55.54961959375349,54.86723355644228,54.630690469145556,54.61869324898246,54.29633940912112,51.92595514895397,50.35302531853052,49.9495482990901,49.63943810497407,49.477656136499164,48.81802205673258,48.48242277161882,48.31316158816619,48.27075785527547,48.17325249780486,48.11280942719837,47.95425813078449,47.512062879436705,54.86723355644228,51.92595514895397,50.295180799616375,52.11132246605478,"rgba(0, 255, 0, 1.0)",1.3158512539505733,54.56884772828115,2.6341520451589315,63.20458114936384,17.291903148677733,False,False,True,False,False,16.62233849437738,0.0,0.0,0.0,0.0,0,1.0579780993351582,0.8768087602659367,False,False,False,False,0.331537520161474,0.3242977181265661,False,False,False,False,40385.0,32044.121616948392,False,False,False,False,806.1666183700402,False,False,False,False
2025-05-27 18:00:00+00:00,58.035,58.22,58.01,58.08,581.0,,,,,,,56.28067902814389,55.56337707361843,54.71350143227071,54.217600341577636,53.80395874797734,50.55565452499081,50.312137659761596,49.891016996182096,49.884232494030805,49.61173329075007,49.104928892579856,48.62516065303959,48.428889232215624,48.30489661989465,48.24230322826545,48.17981283224057,48.05225327120745,47.80173745075555,,,,,,,57.85503591008772,55.575612160284024,54.887276131998725,54.65047654071584,54.63846874654061,54.315156092263045,51.94204805825454,50.37002096653653,49.966169585205996,49.65572841440626,49.49390145547664,48.83375642988734,48.49784391756998,48.32834035153263,48.28587672751911,48.18821771862521,48.12767521214296,47.968808435141185,47.52609741912532,54.887276131998725,51.94204805825454,50.312137659761596,52.129819021766004,"rgba(0, 255, 0, 1.0)",1.3351956970984904,54.59201005804499,2.612343605910914,63.73007100710127,17.291903148677733,False,False,True,False,False,16.85518962334836,0.0,0.0,0.0,0.0,0,1.0576023391812863,0.8733918128654972,False,False,False,False,0.33771026557585565,0.3310039918512109,False,False,False,False,40966.0,32182.445312809657,False,False,False,False,802.6756630464737,False,False,False,False
2025-05-27 19:00:00+00:00,58.08,58.23,58.015,58.165,2360.0,,,,,,,56.386395023290596,55.65653068580983,54.79290960590811,54.28637020541497,53.86512882866714,50.624696752773936,50.38055670003776,49.957688230618444,49.95085655251207,49.67746417319272,49.16930724862672,48.68800386159117,48.4908625409475,48.36613968754209,48.30316479830272,48.240267784784244,48.111744320042426,47.859564695106414,,,,,,,57.93378574249605,55.677292598947986,54.96701660618288,54.729335256699045,54.71729159108124,54.39037013098934,52.006912886770934,50.43859138340823,50.03326741527677,49.721517935013615,49.559518074097866,48.897352253361305,48.56019469638623,48.389723671881924,48.34702088385315,48.24874777959108,48.18780763878284,48.027677779222515,47.58290330508272,54.96701660618288,52.006912886770934,50.38055670003776,52.2027341775662,"rgba(0, 255, 0, 1.0)",1.3541579844492375,54.6736358981925,2.5782546363875736,64.9069559602264,17.291903148677733,True,False,True,False,True,17.29879507265008,0.0,0.0,0.0,0.0,0,1.0571121741677239,0.8785512057014548,False,False,False,False,0.33851722867987155,0.3347606102655412,False,False,False,False,43326.0,32355.21360253354,False,False,False,False,826.8202264100942,False,False,False,False
2025-05-28 14:00:00+00:00,58.275,58.62,58.24,58.48,1457.0,,,,,,,56.45638373358202,55.71752435608902,54.844497640343825,54.33095716040576,53.90471736736706,50.66843045871367,50.42386710693281,49.99985342028794,49.99299146753802,49.719009644399314,49.20995471790782,48.72764800408941,48.52994667302551,48.4047576233247,48.34153946587179,48.27838357520861,48.149248259876224,47.89601087331481,,,,,,,58.00929018894615,55.74354948357115,55.01894795785277,54.78053342534126,54.7684587786619,54.43906641123885,52.04827597962711,50.48200422553199,50.075708134545536,49.76310499915487,49.60097912203907,48.937485144887795,48.599520339075625,48.428431094920995,48.385575513116464,48.28691113417033,48.225717934345674,48.06478712083065,47.618692293372376,55.01894795785277,52.04827597962711,50.42386710693281,52.25051037072523,"rgba(0, 255, 0, 1.0)",1.378564872651586,54.73088027865519,2.7195816429977646,68.16800725327501,14.44602941907418,True,False,True,False,True,18.91681597692412,0.0,0.0,0.0,0.0,0,1.0545965865011633,0.8720907680372385,False,False,False,False,0.3428282440274893,0.33879442714651525,False,False,False,False,44783.0,32547.89246140899,False,False,False,False,836.5904554579996,False,False,False,False
2025-05-28 15:00:00+00:00,58.48,58.765,58.48,58.765,709.0,,,,,,,56.49238120904912,55.74860120152219,54.87060186521915,54.35346869557584,53.924670507384164,50.690141567801966,50.445356882060295,50.020759052561615,50.01388188806142,49.739597982124565,49.23008102428375,48.74726384108,48.549280694299924,48.42385848032413,48.36051876665761,48.29723367574507,48.167793689744855,47.91402906495391,,,,,,,58.05345794833114,55.777227795091534,55.04527221572517,54.8064274111008,54.79433426251591,54.46363947277883,52.068908210904354,50.503547424840626,50.09675285996665,49.783715678723,49.62152099786162,48.95734850643797,48.61897535143151,48.44757668760187,48.40464465104523,48.30578487952247,48.244465424091004,48.08313609072773,47.63638009369835,55.04527221572517,52.068908210904354,50.445356882060295,52.27471735409733,"rgba(0, 255, 0, 1.0)",1.4070340891139435,54.760685497295675,2.8459257197002072,71.92507203755844,17.938281951659604,True,False,True,False,True,20.0,0.0,0.0,0.0,0.0,0,1.0573063124212154,0.8745272956462719,False,False,False,False,0.3428282443005752,0.3408113357235452,False,False,False,False,45492.0,32748.576299216602,False,False,False,False,834.6123088617516,False,False,False,False
2025-05-28 16:00:00+00:00,58.765,59.08,58.765,58.84,770.0,,,,,,,56.534077358816575,55.784162079780025,54.90020659775299,54.37891459527901,53.94717047040102,50.71424864222023,50.469204058693414,50.04393709663556,50.03704277713235,49.76241130689444,49.252360823373934,48.76896094640161,48.57065976145303,48.444976122066464,48.381500260817475,48.31807065006917,48.188290705397854,47.93393725704413,,,,,,,58.11041886427568,55.81571387348102,55.07518281956849,54.83577661349718,54.82365900774561,54.49141573866044,52.091929232893975,50.52745717418704,50.12008853662538,49.80655588437009,49.644277203784284,48.9793268200631,48.64049032137024,48.468744461051074,48.42572666492672,48.32664819245254,48.26518756506536,48.10341394817886,47.655916089767885,55.07518281956849,52.091929232893975,50.469204058693414,52.30219955375615,"rgba(0, 255, 0, 1.0)",1.4339465889009246,54.795561141089856,2.8204947731073333,74.79046754455932,20.507129670309624,True,False,True,False,True,20.0,0.0,0.0,0.0,0.0,0,1.0731992972867457,0.8648252976771427,False,False,False,False,0.34282824469866574,0.3418197902111055,False,False,False,False,46262.0,32958.08674418999,False,False,False,False,833.6105676390887,False,False,False,False
2025-05-28 17:00:00+00:00,58.81,59.0,58.775,58.95,809.0,,,,,,,56.57659303200671,55.82082479909484,54.9309474376112,54.40542196855162,53.97065474971474,50.73946562233317,50.49415392177281,50.06819551046776,50.061283404488115,49.786292771595015,49.275690906611125,48.79168715494997,48.593055571920566,48.467099986409224,48.403482450298654,48.33990240397112,48.20976838322703,47.95480152015782,,,,,,,58.16339488442075,55.85530950459218,55.10621969894111,54.86626162762009,54.85412001573212,54.520313430864356,52.11599664958721,50.55247139222257,50.14451022251836,49.83046492170847,49.668100282373594,49.00234474787705,48.66302743697854,48.4909204838364,48.447813473139945,48.34850738208078,48.28689978103633,48.12466330952626,47.676392932203555,55.10621969894111,52.11599664958721,50.49415392177281,52.33054984378534,"rgba(0, 255, 0, 1.0)",1.4264394563118696,54.83046671566562,2.8879832691852476,77.21949562063928,22.674797869207026,True,False,True,False,True,20.0,0.0,0.0,0.0,0.0,0,1.0705721805244173,0.8597329174383471,False,False,False,False,0.339431189234806,0.3406254897229557,False,False,False,False,47071.0,33176.89160086921,False,False,False,False,833.2290084508858,False,False,False,False
2025-05-28 18:00:00+00:00,58.95,59.14,58.755,58.76,2258.0,,,,,,58.88499999999999,56.68647546167467,55.91800592729929,55.0138166928101,54.47741661031831,54.034736519926305,50.80883585970016,50.562826398982196,50.13502917291917,50.1280692430428,49.85212444699359,49.340058747736734,48.85443757181613,48.65491397025161,48.5282209317432,48.464218830195655,48.40023002746445,48.26913218815419,48.01249509487656,,,,,,,58.276209697892874,55.95984065500292,55.18973069921311,54.94850564347045,54.936309331382844,54.59858667365576,52.18205311660841,50.62131233634209,50.21178142681843,49.896367878559275,49.73378297927847,49.065879077598176,48.72526846548521,48.55218294209826,48.50883400609848,48.40890973692629,48.346902615111645,48.18340524716731,47.73303563262382,55.18973069921311,52.18205311660841,50.562826398982196,52.81268768676169,"rgba(0, 255, 0, 1.0)",1.4027831634306085,55.334849209404695,2.4416822784063412,75.1620522180926,22.674797869207026,True,False,True,False,False,19.57912301702803,0.0,0.0,0.0,0.0,0,1.073940574768631,0.8570871894788118,False,False,False,False,0.34282824473043,0.3417268672266929,False,False,False,False,44813.0,33357.29638225108,False,False,False,False,855.3184811880814,False,False,False,False
2025-05-28 19:00:00+00:00,58.76,58.93,58.42,58.6,2532.0,,,,,,58.760778705636746,56.78597202209413,56.01182929144965,55.097309325812475,54.551283650406354,54.10124864111101,50.8830089152398,50.63637018773185,50.206797204496475,50.19978921949886,49.922929372712765,49.40946738982142,48.922253992949216,48.72182694544918,48.59437532588888,48.52997644083182,48.465564492578494,48.33346286669508,48.075086684359114,,,,,,,58.33196445753559,56.06004342154943,55.273408513523854,55.03154379234374,55.019321741868474,54.67845228363297,52.252064751164184,50.695009274666646,50.28398387020463,49.967233666812646,49.80446839498825,49.13447641527209,48.79257316284919,48.618483129556886,48.574885448794305,48.474322261575026,48.41190103939572,48.24708731024563,47.79455047019667,55.273408513523854,52.252064751164184,50.63637018773185,52.88084034010093,"rgba(0, 255, 0, 1.0)",1.3773022429623978,55.4034936760569,2.3208459437834326,71.11578651344222,26.189285727832953,True,False,True,False,False,18.19580765464079,0.0,0.0,0.0,0.0,0,1.0668472477507978,0.8582760955789883,False,False,False,False,0.31665861081531577,0.3291927390210043,False,False,False,False,42281.0,33495.64837632471,False,False,False,False,881.3135434952428,False,False,False,False
2025-05-29 14:00:00+00:00,58.35,58.39,58.105,58.145,370.0,,,,,,58.72152390180879,56.79646357291375,56.022822253412144,55.10772977467666,54.56073265131072,54.10989017313681,50.893127666744974,50.64642573442991,50.216646291931085,50.20963229956485,49.93266780217404,49.419048264719144,48.93164409984939,48.73110319275763,48.60355343689936,48.53910298016001,48.47463574232341,48.342401695879566,48.083796396911,,,,,,,58.32943384260594,56.07170036724361,55.283760952598506,55.04194032816421,55.02972083630317,54.688605808419986,52.261479182139155,50.70508048798438,50.29388612313041,49.97697731208993,49.814198594757414,49.14396213255016,48.801899699789715,48.62768014663023,48.584050320510364,48.48340386289099,48.42092843362998,48.25594041051055,47.80312233955425,55.283760952598506,52.261479182139155,50.64642573442991,52.888364018186365,"rgba(0, 255, 0, 1.0)",1.3423590804630798,55.40918630726202,2.0380639819519812,62.84250514474084,18.75644034269922,False,False,True,False,False,14.401470505435544,0.0,0.0,0.0,0.0,0,1.057109781979548,0.8694771367933632,False,False,False,False,0.27641957955894236,0.30280615928997334,False,False,False,False,41911.0,33626.118944133625,False,False,False,False,873.3862017356265,False,False,False,False
2025-05-29 15:00:00+00:00,58.145,58.2,58.05,58.185,745.0,,,,,,58.648787186000575,56.81613077409965,56.04394677302264,55.12804441312195,54.579257988650106,54.126892360914724,50.9132279885211,50.66640984365011,50.23623539374158,50.22920970859422,49.95204577343224,49.438126952868934,48.95035496565741,48.749591935099794,48.62184961876401,48.55729786339672,48.492721898516926,48.36022690752761,48.10117019871082,,,,,,,58.32183830845771,56.09405618595494,55.303905001307285,55.062222475675796,55.05001040318916,54.708481182173266,52.280128734790964,50.725093558784266,50.31357820445052,49.9963643889239,49.83356348413933,49.162858288129584,48.820486951343604,48.64601344537816,48.60232055708316,48.5015104390707,48.438928367331734,48.27359661000432,47.820226180592265,55.303905001307285,52.280128734790964,50.66640984365011,52.90323081353008,"rgba(0, 255, 0, 1.0)",1.3076389285916634,55.42000783702302,2.1144920838009136,57.784872177614886,14.50589229385082,False,True,True,False,False,14.621986897283591,0.0,0.0,0.0,0.0,0,1.0553080201472294,0.8737892289810153,False,False,False,False,0.26505336628821985,0.2839297627890966,False,False,False,False,42656.0,33766.11710003853,False,False,False,False,871.3957179877873,False,False,False,False
2025-05-29 16:00:00+00:00,58.185,58.37,58.155,58.27,443.0,,,,,,58.622004305818116,56.82858757391089,56.05701595692869,55.14047116579779,54.5905508870215,54.13723453669801,50.925324973597206,50.678432456983096,50.24801389656992,50.24098109337245,49.963693353617614,49.44958803880243,48.961589773818396,48.760691498979234,48.632832536336224,48.56821946590411,48.50357775258997,48.37092524097464,48.11159587055486,,,,,,,58.320479684886415,56.10788703530594,55.316249631414195,55.074622238341625,55.06241332915329,54.720600610764556,52.29138814334769,50.73713462076884,50.32541966696919,50.00801809827106,49.84520145841055,49.17420656988946,48.83164627153093,48.65701883815049,48.61328773674741,48.51237860536253,48.44973206374578,48.28419293688605,47.83048775177846,55.316249631414195,52.29138814334769,50.678432456983096,52.91308436401836,"rgba(0, 255, 0, 1.0)",1.2934000795448222,55.42809414863841,2.1972364903222585,55.41829136484446,12.62366310540564,False,True,True,False,False,15.09467760048857,0.0,0.0,0.0,0.0,0,1.0647390965732084,0.863220404984424,False,False,False,False,0.2778161047551795,0.28087293377213807,False,False,False,False,43099.0,33910.81295895266,False,False,False,False,864.7539239104573,False,False,False,False
2025-05-29 17:00:00+00:00,58.19,58.19,57.89,58.105,473.0,,,,,,58.58314787665544,56.839804066744854,56.06953195879917,55.152774824431745,54.60186937868533,54.147679020889825,50.93784069336295,50.690884392307844,50.26023395119281,50.253194096407114,49.975789996157594,49.46151095845501,48.97329400504133,48.772261245102975,48.644284669421104,48.579609627929194,48.51490128280589,48.382088357325934,48.122481532966205,,,,,,,58.314038636921666,56.12108749476249,55.32841604597056,55.086919095653805,55.07471686440483,54.732712788243916,52.30295574853669,50.74960260479641,50.33770136122231,50.020119268473955,49.85729291634514,49.18602184522182,48.8432760298598,48.66849366035024,48.624724051896216,48.52371470759243,48.46100276988626,48.29525207863544,47.841208931680946,55.32841604597056,52.30295574853669,50.690884392307844,52.92236559558738,"rgba(0, 255, 0, 1.0)",1.2792631677075046,55.43458560860029,2.087462891771682,51.95210971656163,9.525869791896795,False,True,False,False,False,13.718884089176097,0.0,0.0,0.0,0.0,0,1.05829991196322,0.8699990218135579,False,False,False,False,0.2572059159892978,0.26903942488071797,False,False,False,False,42626.0,34045.932137883625,False,False,False,False,858.6802196637835,False,False,False,False
2025-05-29 18:00:00+00:00,58.105,58.415,58.015,58.31,846.0,,,,,,58.546019520890404,56.86232664711261,56.093575506385555,55.175907646032925,54.62300312762732,54.16709832261869,50.9606954639876,50.71360766093385,50.28251152919554,50.275458497264566,49.997828925334325,49.48321093430653,48.99457769156684,48.79329376731315,48.66509956125405,48.600310016595756,48.53547877077704,48.402370896411725,48.14225346054378,,,,,,,58.31116755658539,56.14646700727316,55.351364708142405,55.110014630114435,55.097820347252124,54.75535065742717,52.324191086729705,50.772358638480426,50.360095039197084,50.04216862564944,49.8793166429799,49.20751514378294,48.86441988154883,48.68935050483211,48.645509606103786,48.54431526547472,48.481482770620175,48.315343520376885,47.86067481447413,55.351364708142405,52.324191086729705,50.71360766093385,52.94134606227483,"rgba(0, 255, 0, 1.0)",1.2647265416784816,55.45020925181145,2.261192956694955,52.117669036232144,9.525869791896795,False,True,False,False,False,14.882734542730187,0.0,0.0,0.0,0.0,0,1.0516015967286532,0.8660305715120243,False,False,False,False,0.27339737081929694,0.27121839785000745,False,False,False,False,43472.0,34192.07272489318,False,False,False,False,858.4836271108566,False,False,False,False
2025-05-29 19:00:00+00:00,58.31,58.4,58.09,58.09,1277.0,,,,,,58.49566394603459,56.8937315386226,56.12800439553854,55.20958256499891,54.653980710825465,54.19568620527961,50.99467374602832,50.74740873772777,50.315680538910655,50.3086084263351,50.03066051172008,49.51556570586936,49.026335957593666,48.824687052680225,48.696174438224254,48.631217153011505,48.56620561748111,48.432664011216225,48.171795728128544,,,,,,,58.30404586113871,56.18270452371379,55.38470349752278,55.14366185267477,55.13148355999898,54.788460787197316,52.355672981335964,50.806204188169986,50.39343118958271,50.07501330527127,49.91213185015301,49.23957561034211,48.89597571797142,48.720486801833815,48.676541618838925,48.5750760753064,48.51206663723864,48.34535544738041,47.889769984160424,55.38470349752278,52.355672981335964,50.74740873772777,52.96930688770343,"rgba(0, 255, 0, 1.0)",1.243396583180061,55.472605117639525,2.105036251319217,49.77598008494119,7.199957153526441,False,True,False,False,False,13.051475025492355,0.0,0.0,0.0,0.0,0,1.0523555123846524,0.8677999028654688,False,False,False,False,0.27618692769530023,0.27370266277265387,False,False,False,False,42195.0,34316.149116755296,False,False,False,False,864.9722530471224,False,False,False,False
2025-05-30 14:00:00+00:00,57.425,57.87,57.425,57.84,447.0,,,,,,58.45834664394989,56.900431624793065,56.13704187891244,55.21931889407341,54.66323901969818,54.20440322210882,51.00570138710344,50.758407654076684,50.32651947573644,50.31944185089757,50.04141630249201,49.526208941464425,49.03681945423302,48.835064021016144,48.70645478053314,48.64144626033778,48.57637925299155,48.44270245468312,48.18160063874258,,,,,,,58.2917732665925,56.192121235085004,55.39421955384781,55.153433943150006,55.14126809135179,54.79828214725958,52.36571054334347,50.81721089090313,50.404316746141845,50.08576935842331,49.922892784461844,49.25014323545247,48.90640147736985,48.73078584497586,48.6868090674124,48.58526037263776,48.52219635871868,48.355306038618075,47.89944146444265,55.39421955384781,52.36571054334347,50.758407654076684,52.97657752582209,"rgba(0, 255, 255, 0.75)",1.225481306439727,55.476149834826025,1.9289157270309127,45.92954063281558,3.377742039096283,False,True,False,True,False,11.019301533472724,0.0,0.0,0.0,0.0,0,1.045432622745249,0.8748914825889844,False,False,False,False,0.22135217195529133,0.2475274173639726,False,False,False,False,41748.0,34431.37161106917,False,False,False,False,858.4920630773996,False,False,False,False
2025-05-30 15:00:00+00:00,57.84,57.95,57.775,57.83,691.0,,,,,,58.4167660186471,56.91232636626854,56.15203562389268,55.235058813518755,54.67809351240684,54.218328305347896,51.02303192885915,50.77568322401229,50.34352904616569,50.336442560836154,50.058286517497805,49.542888098033764,49.05323651914539,48.851310024823476,48.72254705954254,48.657457144222825,48.59230215693288,48.45841156970479,48.19694015414471,,,,,,,58.27811567192107,56.207772409431904,55.40965735117642,55.169213482512134,55.1570643669436,54.81405878540898,52.38155782136601,50.83450095980665,50.42140190701316,50.10264139326004,49.93976734826712,49.266696973326006,48.922725298860904,48.74690785406653,48.70288078736307,48.601200106545576,48.53804957780745,48.37087628091356,47.91456759112829,55.40965735117642,52.38155782136601,50.77568322401229,52.9891262002026,"rgba(0, 255, 255, 0.75)",1.2092470295101685,55.48389915434706,1.9401336438289867,43.27863693392805,0.7095042299713583,False,True,False,True,False,10.938346276751446,0.0,0.0,0.0,0.0,0,1.0508705378854195,0.8798754984923647,False,False,False,False,0.24091683220493257,0.2442221247844526,False,False,False,False,41057.0,34534.09453182779,False,False,False,False,855.8952869056569,False,False,False,False
2025-05-30 16:00:00+00:00,57.83,57.83,57.4,57.54,689.0,,,,,,58.36387939838456,56.92067177250709,56.1644653050471,55.24901603126542,54.69155791411649,54.23111525462912,51.03956633777936,50.792191308322465,50.359824571137594,50.35273025919126,50.074473141086585,49.558930910328925,49.069060268471645,48.86698156154266,48.73807817063778,48.67291358288232,48.607677496558814,48.473588188043806,48.21177366946523,,,,,,,58.25746260963001,56.220649377574645,55.423229705922225,55.18324767698527,55.17112085688252,54.8282870742328,52.396516810686755,50.85101684159974,50.4377625516325,50.11882613738086,49.95596759751579,49.2826383194205,48.938467405124754,48.7624661828594,48.718393226593705,48.61659116042694,48.553360755412406,48.38592361491126,47.929208277330254,55.423229705922225,52.396516810686755,50.792191308322465,52.99976832126926,"rgba(0, 255, 255, 0.75)",1.1879775682661227,55.48847462745482,1.7269058165293654,39.214178515086445,-3.2568368693797396,False,True,False,True,False,8.609834553562365,0.0,0.0,0.0,0.0,0,1.0388726919339162,0.8827016520894073,False,False,False,False,0.21840952526347715,0.23131582502396486,False,False,True,False,40368.0,34624.54267862116,False,False,False,False,853.3077630776621,False,False,True,False
2025-05-30 17:00:00+00:00,57.525,57.66,57.395,57.635,975.0,,,,,,58.297428486293214,56.931679344388996,56.18136947845917,55.26826466314644,54.710226570122416,54.24890279823269,51.06272764072216,50.815324491476396,50.382674847983,50.37556982463432,50.097179359600254,49.58144898661869,49.09128262370621,48.88899495550041,48.75989749161929,48.69462958462771,48.629281149487845,48.49491596436428,48.232625154747325,,,,,,57.56333333333333,58.22918230189572,56.23811987597808,55.44191680100306,55.20261460054638,55.19052056214946,54.847981976725606,52.41743101453602,50.87415891375552,50.46070136164927,50.1415285558047,49.978695914191974,49.305020685710225,48.96057814302193,48.784323142065574,48.74018677634433,48.638216649726054,48.574875540131586,48.40707181933061,47.94979369883289,55.44191680100306,52.41743101453602,50.815324491476396,53.35376009555828,"rgba(0, 255, 255, 0.75)",1.172204406736282,55.829602606036815,1.5401728432243937,37.94451115693117,-4.637901791866923,False,True,False,True,False,9.205742203090278,0.0,0.0,0.0,0.0,0,1.0392672707785247,0.8856084965409725,False,False,True,False,0.21050533715759034,0.2209105810907776,False,False,False,False,41343.0,34728.704807634786,False,False,False,False,855.1944644252952,False,False,False,False
2025-05-30 18:00:00+00:00,57.73,57.87,57.7,57.83,2050.0,,,,,,58.22351369962308,56.961863109166735,56.22147623709719,55.311777305487794,54.75188881142035,54.28831649530863,51.11264689015387,50.86513952719742,50.43181732096165,50.42468841169025,50.145973569824655,49.62977551590177,49.138924072364205,48.93617089163323,48.80664783505883,48.74115387203708,48.67556028604484,48.54059597019072,48.27726921635309,,,,,,57.72371900826446,58.195318181235,56.27971158134478,55.48442907396009,55.24630503041444,55.234268326259354,54.892010212272695,52.46285409857205,50.92400312565455,50.51004433978969,50.1903209082706,50.02752086181815,49.35302603239182,49.00796843317451,48.831155928214926,48.786880387005404,48.684543066449606,48.620960585110836,48.45236204736436,47.99384871035751,55.48442907396009,52.46285409857205,50.86513952719742,53.395696306963245,"rgba(0, 255, 255, 0.75)",1.1548054631228784,55.85925192261918,1.7065628283844714,39.82071358078808,-4.637901791866923,False,True,False,True,False,10.419855326508934,0.0,0.0,0.0,0.0,0,1.0503126221180146,0.8746580695584215,False,False,False,False,0.23384432306050634,0.22737745207564197,False,False,False,False,43393.0,34863.03496565595,False,False,False,False,873.7185812559109,False,False,False,False
2025-05-30 19:00:00+00:00,57.83,58.08,57.8,57.965,3445.0,,,,,,58.16852870096476,57.01630790838258,56.29050723880914,55.38578958947867,54.822713953099495,54.355332312849235,51.19671421771618,50.949028425238325,50.5145835171204,50.50741491094517,50.22815640621891,49.711171562417704,49.21917288285881,49.015642409861435,48.88540954634161,48.81953850399311,48.75353600618375,48.61757249035904,48.35251605246101,,,,,,57.84331658938691,58.16640284102494,56.35118422688615,55.55688138221446,55.32058455756204,55.3086372132608,54.966740386389795,52.53955867330711,51.007941693375656,50.593144146130776,50.27250172706788,50.10975184026644,49.4338833350172,49.08779746461425,48.91005515139945,48.86554739946826,48.76259757703235,48.698612429495945,48.52868820719097,48.068108240472476,55.55688138221446,52.53955867330711,50.949028425238325,53.46467109420523,"rgba(0, 255, 255, 0.75)",1.1424619693242044,55.910528408521586,1.7982844476597242,42.75782585113646,-4.637901791866923,False,True,False,True,True,11.250888534882257,0.0,0.0,0.0,0.0,0,1.055137354580115,0.8665558705640828,False,False,False,False,0.24801306686028954,0.23769525946796577,False,False,False,False,46838.0,35048.69333828143,False,False,False,False,913.5834094534937,False,False,False,False
2025-06-02 14:00:00+00:00,58.85,59.2,58.795,59.17,1657.0,,,,,,58.246255600239884,57.06902831533387,56.34265857203576,55.43467148795215,54.86734371718588,54.39636090226883,51.24292515594479,50.99494259985343,50.55957752419829,50.55238277570697,50.27265017248613,49.75494133018212,49.262080783987464,49.058044137838465,48.92737864146182,48.86128021897786,48.795034177582416,48.65848856924303,48.39241942379351,,,,,,58.09036462819408,58.21377296271273,56.40576451239567,55.60566755322135,55.36931836438958,55.357370722478244,55.01426194835535,52.583087066842936,51.05392900705522,50.63837121260991,50.31702265317711,50.154197379455205,49.47722004903929,49.1304211486647,48.95210760413566,48.907457861391684,48.804141052935854,48.73991703232298,48.56922671562932,48.107389556933136,55.60566755322135,52.583087066842936,50.99494259985343,53.52056344853259,"rgba(0, 255, 0, 1.0)",1.1499447381947054,55.97047167428836,2.7823322455777912,52.82796716822308,-4.948817777415407,False,True,True,False,True,17.93875800338037,0.0,0.0,0.0,0.0,0,1.0559071729957803,0.8590333716915998,False,False,False,False,0.3428282447933399,0.29026175213065286,False,False,False,False,48495.0,35257.163209005754,False,False,False,False,925.1092480666177,False,False,False,False
2025-06-02 15:00:00+00:00,59.17,59.185,58.945,59.135,682.0,,,,,,58.27558639768471,57.090294661148675,56.36381302861187,55.454596143748525,54.885584558908974,54.413159732612364,51.261867970218645,51.01376707057407,50.57803118221914,50.570825846090116,50.290902215314084,49.77290165710622,49.2796923141612,49.07545012459522,48.9446086487714,48.87841769575636,48.81207250643586,48.67528976093523,48.408807909426834,,,,,,58.16762818329738,58.23254992392045,56.42786887688731,55.62554451827429,55.389187138351,55.377239978239885,55.033660527485544,52.60092571148258,51.07278268663697,50.6569191272237,50.33528544998821,50.17243058277845,49.4950053678831,49.1479173644066,48.96937152608687,48.9246640225604,48.82119784016368,48.75687655344492,48.58587403873376,48.12352474786758,55.62554451827429,52.60092571148258,51.01376707057407,53.54233434146745,"rgba(0, 255, 0, 1.0)",1.1491162213157027,55.993504317510805,2.733836338061852,59.17059875365389,0.6541136064751356,False,False,True,False,True,17.650675313772027,0.0,0.0,0.0,0.0,0,1.0586263052016474,0.858511351662037,False,False,False,False,0.34282824487698293,0.3165449985038179,False,False,False,False,47813.0,35451.82734530024,False,False,False,False,921.3401124376779,False,False,False,False
2025-06-02 16:00:00+00:00,59.135,59.135,58.89,58.965,297.0,,,,,,58.286360701648476,57.098997950452166,56.37261736943834,55.46298806883752,54.893306780761584,54.42029510995096,51.26999241395404,51.02184472623863,50.58595622370556,50.57874644848519,50.29874450891359,49.78062474979557,49.2872706432257,49.08294206163358,48.95202614647026,48.88579600744104,48.81940877557636,48.682525241796476,48.41586801914971,,,,,,58.19466798447909,58.2396281683405,56.43705375774501,55.63390260258841,55.39756069285859,55.38561462553236,55.04186099305606,52.60855427444644,51.080871951135634,50.66488347765317,50.34313181332924,50.180266210624474,49.502656218793476,49.15544739630933,48.97680337823562,48.932071447320205,48.828541963851045,48.764179413539786,48.59304408924055,48.130477932468935,55.63390260258841,52.60855427444644,51.02184472623863,53.551245112910564,"rgba(0, 255, 0, 1.0)",1.127323526470606,56.00269749620342,2.627730579766114,61.557200174319,2.669306161975115,False,False,True,False,True,16.24882265520266,0.0,0.0,0.0,0.0,0,1.0577884615384614,0.8638461538461543,False,False,False,False,0.33782879920864706,0.3271868988562325,False,False,False,False,47516.0,35638.868781807214,False,False,False,False,911.6604207719774,False,False,False,False
2025-06-02 17:00:00+00:00,58.965,59.145,58.965,59.0,257.0,,,,,,58.29593796563028,57.10662259615383,56.38030396757678,55.47029957940267,54.900030508531685,54.42650539942105,51.27704521818193,51.028856293805056,50.59283444442682,50.58562080568746,50.30555036297545,49.78732622563032,49.2938457649298,49.089441978351466,48.95846135032999,48.89219715223728,48.82577338765972,48.68880231455491,48.42199274484287,,,,,,58.21777955783402,58.24596620151201,56.44507215067828,55.64118727508997,55.40485536749604,55.39291008705433,55.04900117303142,52.61518199202969,51.0878937388029,50.671795949315005,50.34994129455733,50.18706602455515,49.50929456648167,49.161980442246886,48.983251059698055,48.93849789116202,48.83491339573244,48.770514992036624,48.599264334624976,48.13650961024616,55.64118727508997,52.61518199202969,51.028856293805056,53.558995149834445,"rgba(0, 255, 0, 1.0)",1.11039742094136,56.01072428571746,2.692077321062514,63.34466146574145,4.395835411043393,True,False,True,False,True,16.434982114118014,0.0,0.0,0.0,0.0,0,1.060576830326999,0.8602295746117491,False,False,False,False,0.3418747036499721,0.3345308012531023,False,False,False,False,47773.0,35826.99484720555,False,False,False,False,901.5106468065204,False,False,False,False
2025-06-02 18:00:00+00:00,59.0,59.52,58.81,59.51,6051.0,,,,,,58.5233414168417,57.29090726286729,56.56476052058912,55.64538272345683,55.06122058889121,54.57551598254604,51.44457171537556,51.19537955600616,50.756181426076544,50.74887665902253,50.467166256459365,49.946432333937146,49.44993625626307,49.24374970909211,49.11124043229281,49.04417187904226,48.97688579591466,48.83785060596266,48.56744371216701,,,,,,58.63477033865317,58.40903470593345,56.637013121186335,55.81579972878453,55.57950400091365,55.56756762309284,55.219864197778065,52.77314155415677,51.25466504169522,50.83595319359482,50.51164858639722,50.34852310385974,49.666889530105294,49.31707131029674,49.13632485729963,49.09106974217186,48.98618639138937,48.920941707076686,48.74697219574889,48.27974876755903,55.81579972878453,52.77314155415677,51.19537955600616,53.73896444672882,"rgba(0, 255, 0, 1.0)",1.1184187599120978,56.197819765268456,2.9614848690412376,66.9943194393327,7.999484122356769,True,False,True,False,True,19.070033849908196,0.0,0.0,0.0,0.0,0,1.0590032461332821,0.8492457513843807,False,False,False,False,0.3428282449982597,0.338679523125681,False,False,False,False,53824.0,36106.018182907785,False,False,False,False,981.3476910420783,False,False,False,False
2025-06-02 19:00:00+00:00,59.5,59.5,59.13,59.245,6935.0,,,,,,58.68422111513688,57.46811825759703,56.7500580388929,55.8278271441043,55.23243124004274,54.735822342033245,51.62842234827366,51.378414939197626,50.93624290348123,50.92884752279342,50.64561495462812,50.122566786156526,49.62314020186536,49.4151504954749,49.28106439565233,49.21316267729442,49.1449796343903,49.00378153571735,48.72960033446276,,,,,,58.838608364281775,58.54414236839201,56.82817287424588,55.996995041367875,55.76183103628999,55.7499551916273,55.399984180949545,52.94552157770435,51.43790606818748,51.01680691685015,50.690161265891284,50.52688958390249,49.8415809102567,49.48927485324797,49.3064534803667,49.260680630448114,49.15444893473088,49.08832241060312,48.911495069916604,48.439620419624546,55.996995041367875,52.94552157770435,51.378414939197626,53.91668571889139,"rgba(0, 255, 0, 1.0)",1.1096354932718764,56.37068363060445,2.5903248290304126,66.57247905315526,7.999484122356769,True,False,True,False,True,16.878173692889025,0.0,0.0,0.0,0.0,0,1.0667559296097933,0.8530986993114006,False,False,False,False,0.34282824517450056,0.3407538841500908,False,False,False,False,46889.0,36273.19619557588,False,False,False,False,1073.6523780026662,False,False,False,False
2025-06-03 14:00:00+00:00,59.235,59.48,59.17,59.31,3099.0,,,,,,58.73862015332653,57.538624314573404,56.82579479571813,55.90420148200423,55.305041959004015,54.804411045235376,51.7081159575345,51.45784155430334,51.01453745278846,51.007105719854586,50.72329870854197,50.199383096349436,49.69880440648575,49.49008154214829,49.35534414437645,49.28709716507763,49.218541205435,49.07643872160773,48.80067776586645,,,,,,58.89723115110552,58.59381559375259,56.90585603484697,56.072641595596465,55.838249246335636,55.82641280009951,55.47597077662131,53.01996996991333,51.51740165543872,51.09541483753433,50.7678617070317,50.60456564352236,49.91783859352158,49.56453582906989,49.38085928059003,49.334872593678554,49.22808118476481,49.161587524030466,48.98356237567428,48.509752905001605,56.072641595596465,53.01996996991333,51.45784155430334,53.99040823378216,"rgba(0, 255, 0, 1.0)",1.099746313908689,56.439726807096555,2.6099411806182817,66.64345680197397,8.462378636720729,True,False,True,False,True,17.215163556116586,0.0,0.0,0.0,0.0,0,1.071016166281755,0.8525789068514246,False,False,False,False,0.3428282451860157,0.3417910646680532,False,False,False,False,49988.0,36485.82881269873,False,False,False,False,1105.0531163282062,False,False,False,False
2025-06-03 15:00:00+00:00,59.31,59.625,59.28,59.625,1192.0,,,,,,58.763198078996375,57.56707701187,56.85588038752909,55.93428092545419,55.333578065221374,54.83133678322036,51.739085506232826,51.48869888549534,51.04494471502235,51.0374987880296,50.75346199259864,50.22919756038151,49.72816294672928,49.519153273277084,49.38416244665967,49.31578121187156,49.24708037393324,49.10462711797821,48.82825281841807,,,,,,58.92464933683683,58.61583534962497,56.936712906817206,56.102478342132414,55.868332531428926,55.856508869453165,55.505825758704624,53.048994517334,51.54828771993521,51.12594505980625,50.79803284653214,50.63472216856149,49.94743077428752,49.593736111076915,49.40972661480051,49.36365668335826,49.256647728817775,49.19001146376759,49.01152197584675,48.53695841597992,56.102478342132414,53.048994517334,51.48869888549534,54.01967979526025,"rgba(0, 255, 0, 1.0)",1.0901716246408024,56.46773574422468,2.8961167071428733,68.28396979610154,10.602463429577995,True,False,True,False,True,18.82575702965787,0.0,0.0,0.0,0.0,0,1.0736125754816446,0.8402185373334615,False,False,False,False,0.34282824533035744,0.3423096549992053,False,False,False,False,51180.0,36713.645420253786,False,False,False,False,1106.401130028544,False,False,False,False
2025-06-03 16:00:00+00:00,59.625,59.71,59.585,59.67,986.0,,,,,,58.78609874035298,57.59170988134408,56.881593639850294,55.95977911841977,55.35770095225157,54.85406056002012,51.764992288355714,51.51450351348346,51.07036105339629,51.06290310894509,50.778667010318124,50.25409867016759,49.75267334860871,49.54342084665824,49.40821667311942,49.33972251382264,49.27089994297841,49.1281525056782,48.85126347475768,,,,,,58.95071629382948,58.6360918903958,56.96309728894312,56.127803777959336,55.89382292299605,55.88200799972767,55.53107158284482,53.073342036634806,51.57411829020273,51.151466040906065,50.823245681400394,50.65991818983618,49.97214032171038,49.618112070766024,49.433822100362086,49.387682065998035,49.280490227996616,49.213734176778665,49.034855515212975,48.55965684731731,56.127803777959336,53.073342036634806,51.51450351348346,54.044612434171675,"rgba(0, 255, 0, 1.0)",1.09308988445429,56.49201214627542,2.907343576151697,69.5918938509912,12.406581284826622,True,False,True,False,True,19.053069986500283,0.0,0.0,0.0,0.0,0,1.0924263127073977,0.8420847159867269,False,False,False,False,0.34282824513106164,0.34256895006513344,False,False,False,False,52166.0,36953.21680908706,False,False,False,False,1104.5344458420548,False,False,False,False
2025-06-03 17:00:00+00:00,59.68,59.86,59.68,59.81,562.0,,,,,,58.8004842697879,57.606349010146126,56.89670784791667,55.974656143265946,55.37173741694698,54.86726078158552,51.779921845493234,51.52936951505338,51.08499638850696,51.07753142781524,50.79317638283208,50.26842596952312,49.76677005578935,49.55737584215399,49.42204783219593,49.353488182100335,49.284595083060374,49.14167751550346,48.86449064734779,,,,,,58.96731664774609,58.648698446217225,56.9786140263283,56.14259720512027,55.90868948436314,55.896878557896216,55.545767737518354,53.08740852714619,51.5890003225702,51.16616276509905,50.83776025272961,50.6744205269916,49.986353980582315,49.63213007244333,49.44767719777166,49.40149646030673,49.29419861366256,49.227373183414315,49.04826960101795,48.5727022356883,56.14259720512027,53.08740852714619,51.52936951505338,54.05921141916727,"rgba(0, 255, 0, 1.0)",1.100930065449122,56.50644042312757,3.000698845956896,71.14303032996989,14.407580650783771,True,False,True,False,True,19.762662695416697,0.0,0.0,0.0,0.0,0,1.0782591725214674,0.837626854020297,False,False,False,False,0.34282824513397037,0.3426985975995519,False,False,False,False,52728.0,37197.78709111672,False,False,False,False,1096.1230590848136,False,False,False,False
2025-06-03 18:00:00+00:00,59.81,60.07,59.75,60.0,1072.0,,,,,,58.83099964194417,57.63570827807702,56.926646722156434,56.00386918833727,55.39920828939202,54.89304100137797,51.80880040275986,51.558113723552324,51.113277357699815,51.10579859406501,50.82120340807855,50.296083806393746,49.793968423992865,49.58429562606673,49.448725772499884,49.380038359710994,49.31100784263851,49.167759538524756,48.88999331624987,,,,,,59.00295289359763,58.67520900362597,57.00937034561153,56.171685888503816,55.93786815162912,55.92606251486953,55.574546463511,53.11470106666364,51.617778174243405,51.194565206012506,50.865799013804406,50.70242947499616,50.01378400912419,49.65917312965044,49.47440186262304,49.42814160711338,49.32063708671663,49.25367653009495,49.07413605217627,48.597848633489626,56.171685888503816,53.11470106666364,51.558113723552324,54.08798010480109,"rgba(0, 255, 0, 1.0)",1.1160400231775445,56.53535726279074,3.104407248178133,73.04133437544073,16.673384526541184,True,False,True,False,True,20.0,0.0,0.0,0.0,0.0,0,1.0788754392815305,0.8373682155408048,False,False,False,False,0.3428282452032348,0.3427634214013934,False,False,False,False,53800.0,37455.18574086685,False,False,False,False,1095.74905816877,False,False,False,False
2025-06-03 19:00:00+00:00,60.0,60.21,59.99,60.02,967.0,,,,,,58.86030196594956,57.663061409209035,56.95432506185415,56.030734280454304,55.424425902679,54.916680792626806,51.835099870451934,51.58428425455363,51.139016766730315,51.13152532441714,50.84670582707657,50.3212403269909,49.81869909222694,49.60877031735615,49.4729792025684,49.404174976424564,49.33501891876926,49.19146890667507,48.91317388101507,,,,,,59.03719571905912,58.70063040194549,57.03780872166496,56.19846070597252,55.964693720344705,55.95289141540842,55.60096796658792,53.13961183876042,51.64398085984355,51.220416611465716,50.89131312726078,50.727912721379,50.03872857943896,49.68376073467848,49.498698026675015,49.45236500006668,49.34467159552681,49.277587619763715,49.09764879373362,48.62070227991519,56.19846070597252,53.13961183876042,51.58428425455363,54.11448056688499,"rgba(0, 255, 0, 1.0)",1.1373573843874323,56.56227389224085,3.0401403773550406,74.39782482544175,18.38414381688149,True,False,True,False,True,20.0,0.0,0.0,0.0,0.0,0,1.080148205928237,0.8346333853354139,False,False,False,False,0.3428282453609,0.3427958333811467,False,False,False,False,54767.0,37723.58596193868,False,False,False,False,1093.752948739797,False,False,False,False
2025-06-04 14:00:00+00:00,60.06,60.785,60.055,60.785,1833.0,,,,,,58.93225782727464,57.72301531661532,57.013157091859085,56.086485258554035,55.4762291054558,54.96492067316689,51.8873033866518,51.636165576515914,51.189939961944354,51.18242187200313,50.89709746541706,50.370845376666345,49.86737841026262,49.6569136495002,49.520668091847796,49.451624737068414,49.38221266354979,49.23805162295718,48.95868409496746,,,,,,59.12321241422333,58.76196927560468,57.09838873273089,56.25423216224736,56.020288168651334,56.0084792991175,55.65536539046796,53.18950195557871,51.69594133570361,51.2715790545376,50.94173757520816,50.778240931922475,50.08786547677686,49.73213726891408,49.54647453871984,49.49999191249405,49.39191260314647,49.324577253017026,49.14383375202466,48.665535038189674,56.25423216224736,53.18950195557871,51.636165576515914,54.169865627395794,"rgba(0, 255, 0, 1.0)",1.1789437248262147,56.62100217466981,3.5319733568656893,77.86880237783399,21.975302912194053,True,False,True,False,True,20.0,0.0,0.0,0.0,0.0,0,1.0783822821376985,0.825517573423207,False,False,False,False,0.34282824559541647,0.3428120394882816,False,False,False,False,56600.0,38016.24354392413,False,False,False,False,1105.2141433329782,False,False,False,False
2025-06-04 15:00:00+00:00,60.78,61.21,60.78,61.13,1393.0,,,,,,58.99864903672215,57.77469827296925,57.062726666195346,56.13257754695345,55.518705759952375,55.00425793361192,51.9288194460273,51.6773768573253,51.230314643440366,51.222774293841724,50.93700466226798,50.41005354955407,49.90579134601302,49.69487998323957,49.55826199055375,49.489023220847095,49.419402633182024,49.27474699564302,48.99451011530957,,,,,,59.20302842794368,58.818224426362235,57.14950700269678,56.30048349498397,56.06620056905231,56.054377053223924,55.70004569814012,53.229508334857584,51.73722679671183,51.31215628037905,50.98167794823159,50.818078929302295,50.12666648439867,49.770295642139985,49.5841401435218,49.5375348118289,49.429140686661405,49.36160082639691,49.18020747637842,48.70080132028057,56.30048349498397,53.229508334857584,51.6773768573253,54.215805604605805,"rgba(0, 255, 0, 1.0)",1.223824157127311,56.671343490172866,3.643216620509408,80.92094064189175,25.03488351594065,True,False,True,False,True,20.0,0.0,0.0,0.0,0.0,0,1.0912492803684513,0.8211475724429097,False,False,False,False,0.34282824572477966,0.3428201426065306,False,False,False,False,57993.0,38325.960698281895,False,False,False,False,1109.675939560374,False,False,False,False
2025-06-04 16:00:00+00:00,61.13,61.24,60.955,61.14,2053.0,,,,,,59.092389451923566,57.84960720208479,57.13487416279707,56.19993524778485,55.580935990403646,55.0619906652792,51.98979961572795,51.73791961535734,51.28964934473631,51.282076740325266,50.99566380979924,50.46770202828575,49.962286470292085,49.750725814842085,49.61356567006071,49.54404231737957,49.474117965281614,49.32874137447074,49.04723661853218,,,,,,59.31338820668807,58.898762843100364,57.223817404199835,56.368048249664255,56.13330870364253,56.12146554880675,55.76542590086115,53.28826612273645,51.797876109262305,51.371784183316066,51.04038470007053,50.8766391268926,50.18372499559343,49.826420877977455,49.63954822821894,49.59276425031843,49.48391157285931,49.41607372004763,49.233732822158956,48.75271153618914,56.368048249664255,53.28826612273645,51.73791961535734,54.28261743877357,"rgba(0, 255, 0, 1.0)",1.2529367376165792,56.74411422388077,3.508465865947374,82.97616318461121,27.12478918682706,True,False,True,False,True,20.0,0.0,0.0,0.0,0.0,0,1.0912947074134771,0.8265689771522227,False,False,False,False,0.3428282454350046,0.3428241940207676,False,False,False,False,60046.0,38662.70549365737,False,False,False,False,1124.301118791996,False,False,False,False
2025-06-04 17:00:00+00:00,61.14,61.37,61.005,61.005,1556.0,,,,,,59.158564171178895,57.90442979862595,57.1880657012443,56.249937165990495,55.6273118539618,55.10513193866635,52.03555570217218,51.78336335668423,51.33421542622881,51.32661915783899,51.039739112240646,50.511043608089864,50.00478404371476,49.79274500960217,49.65518396078477,49.585449985870085,49.515300624393824,49.369389194575156,49.08694346503747,,,,,,59.389516350979434,58.95652248769814,57.27851775956282,56.41816371906029,56.183143318645286,56.17128829848939,55.814071799835965,53.332303511831434,51.84339610433049,51.416564750483076,51.08449372223436,50.92064522700597,50.226636004936076,49.86864642544666,49.68124375794108,49.63432767011277,49.52513546262774,49.457076790774636,49.274032488013454,48.79181411295291,56.41816371906029,53.332303511831434,51.78336335668423,54.33196960192061,"rgba(0, 255, 0, 1.0)",1.279573232628156,56.7972946245891,3.2883662053234453,82.40012990287025,27.12478918682706,True,False,True,False,True,20.0,0.0,0.0,0.0,0.0,0,1.0935118233339847,0.836427594293532,False,False,False,False,0.3428282450191667,0.34282621951996717,False,False,False,False,58490.0,38970.105408484385,False,False,False,False,1130.9941247021975,False,False,False,False
2025-06-04 18:00:00+00:00,61.005,61.38,60.84,61.275,2913.0,,,,,,59.27374068892129,58.0034461135899,57.2848606747769,56.341583155707184,55.712670248999494,55.18477243504428,52.120351465391224,51.86761111025477,51.41689384381303,51.40925481670286,51.12153983045359,50.5915328851761,50.08375167199436,49.87084393830805,49.73255208165074,49.662433802720464,49.591873516404156,49.444983785734095,49.16081591331565,,,,,,59.51889681050656,59.058750244977304,57.37788600902867,56.50994344882517,56.27451698547221,56.26264528865135,55.90344876786374,53.41382879792663,51.92777797286277,51.4996295353762,51.16635310182432,51.00232728692733,50.306351238545986,49.94712101302732,49.758752746620445,49.71159581401947,49.60178380089065,49.533321685956004,49.348989832102745,48.86458330557278,56.50994344882517,53.41382879792663,51.86761111025477,54.422024510304766,"rgba(0, 255, 0, 1.0)",1.3100716918698196,56.8932721298068,3.344647394021092,82.83540812116564,27.492399395485904,True,False,True,False,True,20.0,0.0,0.0,0.0,0.0,0,1.069567762708557,0.8454483364230662,False,False,False,False,0.3355634987219661,0.33919485912096664,False,False,False,False,61403.0,39317.90222385672,False,False,False,False,1158.62212276883,False,False,False,False
2025-06-04 19:00:00+00:00,61.275,61.34,60.95,61.02,8158.0,,,,,,59.527132933813206,58.246416847613716,57.528529421734106,56.57789643215622,55.93574423889503,55.39487569387332,52.348092415281904,52.094183378791094,51.63978919211147,51.63204504392831,51.34238411512005,50.809331232946484,50.29787447817669,50.08279926984788,49.942652810619165,49.871555680777675,49.79994482701064,49.65053735786204,49.36193280762959,,,,,,59.787440910255604,59.29338160615566,57.62681671867703,56.7458919853753,56.510434363396826,56.498567630700116,56.13581815542545,53.63162200696683,52.15463975895699,51.723461523810585,51.38731512650467,51.22295440326922,50.52230464555225,50.16002443377733,49.96921164118622,49.921443542735936,49.8100497490352,49.74055457122219,49.55289981981829,49.06289644099723,56.7458919853753,53.63162200696683,52.094183378791094,54.652682791252445,"rgba(0, 255, 0, 1.0)",1.3278754351112863,57.12997805355671,2.9295081779393537,79.71478782851341,27.492399395485904,True,False,True,False,False,20.0,0.0,0.0,0.0,0.0,0,1.069737995519626,0.8451348982175908,False,False,False,False,0.3388400830175414,0.33901747106925406,False,False,False,False,53245.0,39533.82622038607,False,False,False,False,1267.1396092375303,False,False,False,False
2025-06-05 14:00:00+00:00,62.21,62.81,62.21,62.25,1095.0,,,,,62.42333333333334,59.579989472046755,58.289902814620405,57.57009863990423,56.61657635363791,55.97157985935958,55.42820626032175,52.38226132367847,52.12808365154247,51.67299311999697,51.665231103509505,51.37519343037071,50.84154071014165,50.329416911952755,50.11397625502298,49.97352946115965,49.902274941348,49.8304965560278,49.68069363858578,49.3913900623037,,,,,,59.8460722217708,59.34086161753297,57.66945294108094,56.784768113495055,56.548956596757414,56.53707393074632,56.17330660706121,53.6649187606283,52.188605079796574,51.75682996270039,51.42015577725113,51.25569495685102,50.55416922798545,50.19135678069519,50.0001460834218,49.952278822921684,49.8406317732563,49.7709723061827,49.58279861224554,49.09189136409282,56.784768113495055,53.6649187606283,52.12808365154247,55.16526746552543,"rgba(0, 255, 0, 1.0)",1.3833161032252392,57.67372296262081,3.308193280414706,81.16063928944821,27.492399395485904,True,False,True,False,False,20.0,0.0,0.0,0.0,0.0,0,1.066887730933207,0.8351492183799151,False,False,False,False,0.3428282463691408,0.3409228587191974,False,False,False,False,54340.0,39763.37930224055,False,False,False,False,1264.4707780865608,False,False,False,False
2025-06-05 15:00:00+00:00,62.25,62.41,61.74,61.74,843.0,,,,,62.223240454076375,59.61301203664135,58.31911147267808,57.59863537011351,56.64367613018044,55.99695193867764,55.45197835714522,52.407211338364384,52.15287165289905,51.69732876436915,51.68955460293441,51.39927387459326,50.86523609443773,50.35266929837038,50.13697819856249,49.996321914636766,49.924957230540876,49.853061133466866,49.70297841598621,49.41318045183895,,,,,,59.88171862621743,59.37113458036068,57.698637576695745,56.81192436570539,56.5759775157177,56.564089059500965,56.199762568091295,53.689044055435964,52.21343264746968,51.78127587859362,51.44425430545572,51.27973771009957,50.57763834392351,50.21446650132738,50.02297891946106,49.97504252838161,49.86321786241028,49.79344279820816,49.60490090441137,49.11336061848994,56.81192436570539,53.689044055435964,52.15287165289905,55.18276283905817,"rgba(0, 255, 0, 1.0)",1.416274853077707,57.690663347182365,2.859146050653955,77.73004688961554,27.492399395485904,True,False,True,False,False,20.0,0.0,0.0,0.0,0.0,0,1.061276595744681,0.8437825059101659,False,False,False,False,0.3082128876521495,0.3245678731856735,False,False,False,False,53497.0,39976.3036541438,False,False,False,False,1257.936347418552,False,False,False,False
2025-06-05 16:00:00+00:00,61.79,62.0,61.73,61.825,791.0,,,,,62.11553988029804,59.64174300564091,58.34527217858332,57.62440026243702,56.6683270900902,56.02012239622424,55.47374750220036,52.430232256434245,52.175753810836156,51.719811595298175,51.712026529606156,51.42153174750595,50.887155418119036,50.37419398160307,50.158277191522686,50.017430937133035,49.9459662277371,49.873963108234385,49.72362537823853,49.433376820162074,,,,,,59.91235503257179,59.397714830167885,57.72495584308067,56.83660099950273,56.600567078548195,56.58867507073605,56.22389097575282,53.71125019345915,52.23634881749645,51.80385721440279,51.46652738321344,51.30196464643776,50.59935702694163,50.235863037749695,50.04412458547844,49.99612551392305,49.88413946539527,49.8142592467303,49.625381441664295,49.13326603041522,56.83660099950273,53.71125019345915,52.175753810836156,55.201614870345736,"rgba(0, 255, 0, 1.0)",1.453662160089647,57.709442935556396,2.831164748891724,75.72040014807857,30.920308065847905,True,False,True,False,False,20.0,0.0,0.0,0.0,0.0,0,1.074944610345824,0.8489548213081596,False,False,False,False,0.29175943152461653,0.308163652355145,False,False,False,False,54288.0,40198.19041919583,False,False,False,False,1250.6970242027605,False,False,False,False
2025-06-05 17:00:00+00:00,61.71,62.175,61.71,62.04,796.0,,,,,62.08380378250592,59.671493162899715,58.3721223216581,57.65076211428033,56.69348408869831,56.04374414865168,55.49592599735429,52.45358746172855,52.198963994390006,51.74261045012332,51.734814242982935,51.44409855214953,50.909372303416845,50.396005416104686,50.17985801853063,50.03881823622243,49.96725167817809,49.89513965010709,49.74454269899183,49.4538359445714,,,,,,59.94413840386129,59.4252099248577,57.75188740553217,56.86179559122763,56.625657536924635,56.61376116559009,56.24849240299081,53.73381178508339,52.25959448842506,51.82675696481316,51.48911026398342,51.32449832106175,50.62136731818336,50.25754331909537,50.06554920508158,50.017486267551995,49.90533594462907,49.835348737311016,49.64612961200192,49.15342820371212,56.86179559122763,53.73381178508339,52.198963994390006,55.22397987500763,"rgba(0, 255, 0, 1.0)",1.4931699214808876,57.73263741201454,2.884710257030578,75.08983683753003,30.16396647153337,True,False,True,False,False,20.0,0.0,0.0,0.0,0.0,0,1.0569333204670461,0.8498504294123329,False,False,False,False,0.2978132352867345,0.3029884438209397,False,False,False,False,55084.0,40428.97816463465,False,False,False,False,1243.6474579360508,False,False,False,False
2025-06-05 18:00:00+00:00,62.04,62.155,61.89,62.13,273.0,,,,,62.0819729682289,59.681885293398395,58.38145060870099,57.659902701813,56.702192482791574,56.05191569746709,55.50359501927026,52.46164105092125,52.20696661027547,51.75046981819938,51.7426697512798,51.45187703229659,50.91702865156523,50.40352079595882,50.187293504812054,50.04618680676257,49.97458504400347,49.90243538561367,49.75174893281944,49.46088393810543,,,,,,59.9552526750239,59.434808956605714,57.76122626546663,56.87051954707205,56.63434203078462,56.62244398360449,56.25700350585355,53.7415992296832,52.26760956455819,51.83465134266375,51.4968944358265,51.33226497957839,50.6289517342285,50.26501321260744,50.07293067777109,50.02484565475831,49.91263856056371,49.84261439061229,49.653277447770776,49.160373396049,56.87051954707205,53.7415992296832,52.20696661027547,55.23208736811716,"rgba(0, 255, 0, 1.0)",1.5261617934611809,57.74115062913226,2.8757431811435135,74.96777347842163,29.77064616136545,True,False,True,False,False,20.0,0.0,0.0,0.0,0.0,0,1.050935751495273,0.8538491221300409,False,False,False,False,0.3040846505259177,0.3035365471734287,False,False,False,False,55357.0,40660.42036363256,False,False,False,False,1228.5986601385925,False,False,False,False
2025-06-05 19:00:00+00:00,62.13,62.23,61.92,61.98,2414.0,,,,,62.066957501609785,59.7694296076745,58.461598077260135,57.73883806774382,56.777771267959004,56.12303971419161,55.57048283132998,52.53216104412158,52.27706148494731,51.81934817701905,51.81151499881866,51.520068677655054,50.98418446268562,50.46947137373821,50.252556307795686,50.11087141821225,50.03896521409261,49.96648986631697,49.815027624466495,49.5227906498017,,,,,,60.04800502959486,59.51626945317653,57.84179341091008,56.94618562281607,56.70973411012058,56.69782475705506,56.33099976691091,53.809707746231524,52.33780859414117,51.90382913482931,51.56513312283839,51.400360238883394,50.69549423308197,50.33057295005235,50.137726819161315,50.08945096401863,49.97675271124344,49.906408515836695,49.716049695194044,49.22139138447815,56.94618562281607,53.809707746231524,52.27706148494731,55.30240427602096,"rgba(0, 255, 0, 1.0)",1.5601930176273326,57.814392442507895,2.669930906258611,73.38562113016027,27.98098969193437,True,False,True,False,False,20.0,0.0,0.0,0.0,0.0,0,1.0635198135198136,0.8492618492618497,False,False,False,False,0.3082128876521495,0.3058747174127891,False,False,False,False,52943.0,40850.847954894074,False,False,False,False,1246.976975485281,False,False,False,False
2025-06-06 14:00:00+00:00,61.765,61.8,61.49,61.66,3463.0,,,,,61.91771472868217,59.86439184492823,58.55865967222527,57.83733028158941,56.87470639434679,56.215585085293235,55.658394207267854,52.627422212366746,52.371908880693965,51.912823045945416,51.904949672788526,51.61277394735239,51.075742768352576,50.55961488524705,50.34185246396157,50.19943701965095,50.12714422882222,50.05425310855296,49.9017910145486,49.60778579451737,,,,,,60.143972864194104,59.60775958347777,57.941878557442706,57.042862097139555,56.80657903823839,56.79467999909637,56.42681991031672,53.90090853921384,52.43275933123297,51.997659815606085,51.65787965982561,51.49299309626084,50.786346931737306,50.4202413663741,50.22643370180497,50.17791686370352,50.06459319763959,49.99383962815816,49.802158758402946,49.305267659248294,57.042862097139555,53.90090853921384,52.371908880693965,55.387166209355094,"rgba(0, 255, 0, 1.0)",1.5806960264164516,57.897224107810665,2.3804550839036445,69.37364608322777,24.053594769675527,True,False,True,False,False,20.0,0.0,0.0,0.0,0.0,0,1.0562888198757767,0.8540372670807458,False,False,False,False,0.2746855654597106,0.29028014143624986,False,False,False,False,49480.0,40984.63325791897,False,False,False,False,1281.3339216017882,False,False,False,False
2025-06-06 15:00:00+00:00,61.66,61.895,61.6,61.895,1448.0,,,,,61.90195660643112,59.904346918569495,58.599357854838445,57.8785861308003,56.91531422119411,56.25438874857556,55.69528519111894,52.66730453941951,52.411619091404624,51.95196398357616,51.94407396076607,51.651595160558536,51.11408663488609,50.5973702736881,50.379255685871264,50.236536758137646,50.16408334991106,50.0910194841655,49.938141983894,49.643401560142586,,,,,,60.18435865847621,59.64631280510548,57.983779057256214,57.083367384366746,56.84714908414421,56.8352540660654,56.466966224356355,53.93912663419718,52.47251251913049,52.0369482032808,51.696718187830655,51.531783699320336,50.82439718741021,50.457799223295076,50.26359213553588,50.21497516443238,50.101391650113754,50.03046797487598,49.83823778690415,49.34041722698548,57.083367384366746,53.93912663419718,52.411619091404624,55.424566222626765,"rgba(0, 255, 0, 1.0)",1.6021048992213152,57.93432368470692,2.472170403584763,67.91663558045761,22.609218649515626,False,False,True,False,False,20.0,0.0,0.0,0.0,0.0,0,1.0613975246077383,0.8500146184582402,False,False,False,False,0.2826204403166362,0.286450290876443,False,False,False,False,50928.0,41138.793982602394,False,False,False,False,1283.9178918095124,False,False,False,False
2025-06-06 16:00:00+00:00,61.9,62.04,61.83,61.83,735.0,,,,,61.901835329173,59.92507562910413,58.62028222931398,57.899743891672614,56.93610224708689,56.274243026681184,55.71415605633648,52.687643859717454,52.431868626010555,51.97192071320627,51.96402218102841,51.67138721165077,51.1336323549353,50.616613805883695,50.39831911638016,50.25544530931784,50.18290995527192,50.10975798941843,49.95666878093256,49.66155351999915,,,,,,60.20537841787378,59.66628290755943,58.00526800000992,57.1041097557165,56.86791561823179,56.856022222842114,56.48750620236781,53.958638058208365,52.49278443183843,52.05698043203529,51.71651940010822,51.551559229493655,50.84379186798556,50.476941613177345,50.28253063688856,50.23386255528115,50.120146493766384,50.04913607245747,49.856625992483266,49.35833083328321,57.1041097557165,53.958638058208365,52.431868626010555,55.444035121288096,"rgba(0, 255, 0, 1.0)",1.6217843804209642,57.95379051517364,2.3900892940035714,66.32627255680902,20.998274610340133,False,False,True,False,False,20.0,0.0,0.0,0.0,0.0,0,1.0711346266901824,0.8437193807564182,False,False,False,False,0.2972264621743169,0.29183837652537997,False,False,False,False,50193.0,41279.169269693826,False,False,False,False,1275.407536897737,False,False,False,False
2025-06-06 17:00:00+00:00,61.86,62.05,61.86,61.97,536.0,,,,,61.90435076112098,59.940373666395494,58.635650963860904,57.915262711904674,56.95133487763442,56.288787449988504,55.72797823175877,52.70251616658235,52.44667445552857,51.98651142804449,51.978606666557745,51.685856847238725,51.14792068322778,50.6306803227866,50.412253738648396,50.26926664243278,50.19667135733677,50.12345497327478,49.97021102668267,49.674821734323096,,,,,,60.220916560653365,59.68100964667455,58.0210298794165,57.119311711017154,56.88313163186046,56.87123924849308,56.5025523251142,53.97291364870979,52.507606813514826,52.07162647388846,51.73099587102622,51.566016408693564,50.8579692204339,50.49093400943296,50.29637387581657,50.247668404879,50.13385541552716,50.06278156924854,49.87006694153234,49.37142451716458,57.119311711017154,53.97291364870979,52.44667445552857,55.458407005156225,"rgba(0, 255, 0, 1.0)",1.653251619965864,57.96821605101151,2.420553472115223,66.06139051971181,20.559828844874176,False,False,True,False,False,20.0,0.0,0.0,0.0,0.0,0,1.064430714916152,0.8479945081886834,False,False,False,False,0.298791633586732,0.295315005056056,False,False,False,False,50729.0,41425.678273264464,False,False,False,False,1263.9438541551363,False,False,False,False
2025-06-06 18:00:00+00:00,61.97,62.16,61.97,62.16,1073.0,,,,,61.91967377045124,59.97234368738859,58.66724348994884,57.94701331833073,56.98237721063957,56.31837727753302,55.75606814893373,52.73258305244839,52.47659972255135,52.01599086393179,52.008073358140656,51.7150848563342,51.17677109835197,50.659073463355995,50.440377245697036,50.29715955321407,50.22444236980327,50.151095072127006,49.99753714589332,49.70159160763505,,,,,,60.25358993506492,59.711663887443414,58.0532903013224,57.1503109382709,56.914133106489274,56.9022415134123,56.53317349746292,54.00182533601768,52.537567215651066,52.101219528299,51.76023877945575,51.595216358370806,50.886590034358505,50.519175259875105,50.324311358528085,50.275529766470164,50.16151971465209,50.090317008433274,49.89718756697049,49.39783840685687,57.1503109382709,54.00182533601768,52.47659972255135,55.48810681008978,"rgba(0, 255, 0, 1.0)",1.6876146554311682,57.99834170058041,2.4660003313116077,66.91835976524774,20.559828844874176,False,False,True,False,False,20.0,0.0,0.0,0.0,0.0,0,1.0692353407290018,0.8508320126782888,False,False,False,False,0.30742577507217983,0.3013703900641179,False,False,False,False,51802.0,41586.551478330126,False,False,False,False,1260.9834843232736,False,False,False,False
2025-06-06 19:00:00+00:00,62.16,62.2,61.835,61.92,1322.0,,,,,61.92551333198099,60.008449309975155,58.704141253964345,57.984440093668255,57.01928807565087,56.35372515295934,55.789734196518374,52.768925039317956,52.51279018345558,52.05167602636236,52.043743688490636,51.75048570641367,51.21174678804609,50.693523088167495,50.47451131577947,50.3310213892024,50.25816004745102,50.184657646950285,50.03072651496906,49.73411974838031,,,,,,60.289967102126425,59.74665946653002,58.091263125852294,57.18712661355822,56.95101335577942,56.939125662363146,56.56969470709653,54.03667703589709,52.57379556521164,52.13703592231676,51.795654913807674,51.630590343593724,50.92130350105557,50.55344795762478,50.358225861570794,50.309354418495566,50.195111096306384,50.12375561216751,49.93013246607774,49.42994665421461,57.18712661355822,54.03667703589709,52.51279018345558,55.52293050643747,"rgba(0, 255, 0, 1.0)",1.715217127011513,58.03303446424174,2.2661653003259534,64.89664335370598,19.08880155564181,False,False,True,False,False,20.0,0.0,0.0,0.0,0.0,0,1.0640834575260807,0.8487829110779933,False,False,False,False,0.30369201108545674,0.30253120057478733,False,False,False,False,50480.0,41724.43440114671,False,False,False,False,1261.9294768143855,False,False,False,False
2025-06-09 14:00:00+00:00,61.92,62.34,61.86,62.34,398.0,,,,,61.932182568424764,60.0201143863627,58.71574017556947,57.99611487880078,57.030726180399334,56.36464626270051,55.80011528759654,52.78004059213973,52.52385494492852,52.06257930497249,52.05464232937734,51.7612978567304,51.22242203522737,50.704031853815096,50.48492161191643,50.34134734170785,50.26844139283431,50.19489106693102,50.040844913922456,49.744034263579245,,,,,,60.30184696778268,59.75788471494581,58.10311729968868,57.19854676589755,56.9624376899585,56.95055044347316,56.58098658703511,54.0473658908746,52.58487294601446,52.147980493574956,51.80647239293239,51.641392546511376,50.931895262542874,50.56390129344199,50.368568120937155,50.31966883164138,50.20535338135984,50.133950712764026,49.94017555424178,49.43973071217953,57.19854676589755,54.0473658908746,52.52385494492852,55.53391726167676,"rgba(0, 255, 0, 1.0)",1.7456960588059327,58.04415828343315,2.460818820605712,65.9294355620695,19.08880155564181,False,False,True,False,False,20.0,0.0,0.0,0.0,0.0,0,1.0603303333003662,0.8453169815052916,False,False,False,False,0.3101822924357976,0.30635674650529243,False,False,False,False,50878.0,41866.35014686537,False,False,False,False,1248.5352213598987,False,False,False,False
2025-06-09 15:00:00+00:00,62.34,62.54,62.34,62.43,317.0,,,,,61.94249742002065,60.03040961097371,58.72560365204396,58.005934859244974,57.04025251682984,56.373698111876635,55.8086912162557,52.78911639543373,52.532883499450726,52.07146667783693,52.06352577045023,51.77010527493802,51.23110864177013,50.712575047586654,50.49338167341768,50.34973694440797,50.27679380439505,50.203203607073334,50.04906213578698,49.752082454884054,,,,,,60.31248131328209,59.76769121060591,58.1131012028053,57.20807215000595,56.97194718441071,56.96005937963051,56.59035870262195,54.05612737507712,52.5939131464708,52.15690319080054,51.81528499498315,51.65018965577811,50.940509343895954,50.572397423394875,50.37697133242394,50.32804877241744,50.21367325276661,50.14223135933482,49.94833041700119,49.44766958463159,57.20807215000595,54.05612737507712,52.532883499450726,55.5432569261439,"rgba(0, 255, 0, 1.0)",1.7734557754249822,58.05381811223155,2.4676013624978945,67.06739350168317,19.08880155564181,False,False,True,False,True,20.0,0.0,0.0,0.0,0.0,0,1.0734217296655455,0.8372254106471407,False,False,False,False,0.33720625932564724,0.3217815029154698,False,False,False,False,51195.0,42010.98037714652,False,False,False,False,1234.092814827187,False,False,False,False
2025-06-09 16:00:00+00:00,62.43,62.93,62.43,62.825,386.0,,,,,61.961586951961415,60.044333168435955,58.7384821041576,58.018617113795095,57.0524316830768,56.3852123478117,55.8195621675302,52.80047809073667,52.54417819207708,52.08257192608287,52.074625898582184,51.781102877833725,51.24194271455084,50.72321939479617,50.50391822096292,50.36018310866058,50.287192357120595,50.2135512319467,50.0592885082305,49.76209371335679,,,,,,60.32704668634708,59.78083010458461,58.12601225289468,57.22026861963965,56.984097701463725,56.97220795117047,56.602297699973654,54.06714169298935,52.60522424303755,52.1680548541195,51.82629021920207,51.66117138217391,50.95124668840828,50.58298039043212,50.38743493569836,50.33848251310255,50.2240301832262,50.15253822811629,49.958477532588994,49.45754016680948,57.22026861963965,54.06714169298935,52.54417819207708,55.55543074576914,"rgba(0, 255, 0, 1.0)",1.8058404446995173,58.066669597033034,2.6349672347485447,69.58560859088372,15.643259794319235,True,False,True,False,True,20.0,0.0,0.0,0.0,0.0,0,1.075803825803826,0.8495115995115998,False,False,False,False,0.3428282465150461,0.33230487471525794,False,False,False,False,51581.0,42159.35277440006,False,False,False,False,1220.9440890159128,False,False,False,False
2025-06-09 17:00:00+00:00,62.825,62.99,62.66,62.865,414.0,,,,62.83833333333334,61.98384977101735,60.0597133948516,58.752581238682204,58.032459763018025,57.065688512674654,56.39772888409976,55.83136882245149,52.81276981467292,52.55639495251498,52.09457984677571,52.08662822266989,51.792992002396296,51.253651069852324,50.73471934474539,50.51530043420695,50.371466919313264,50.29842436157381,50.22472785806235,50.070333444676415,49.772904968839086,,,,,,60.343181401989526,59.795314174666906,58.14010886713148,57.233550096504175,56.99732118824704,56.98542893591232,56.61528022923888,54.07907356172272,52.61745932476361,52.18011364070644,51.83818795382161,51.67304236584459,50.96284854864384,50.59441318939009,50.398737727120896,50.34975278783826,50.23521690886657,50.163670529400086,49.969436408601716,49.46819807132272,57.233550096504175,54.07907356172272,52.55639495251498,56.032126011988304,"rgba(0, 255, 0, 1.0)",1.8282317134868429,58.51875712461308,2.377293230023711,71.42716760351728,17.451627744953655,True,False,True,False,True,20.0,0.0,0.0,0.0,0.0,0,1.068891391135224,0.8503429214863346,False,False,False,False,0.3428282466353771,0.33756656067531754,False,False,False,False,51995.0,42311.84342906052,False,False,False,False,1208.4333279458986,False,False,False,False
2025-06-09 18:00:00+00:00,62.865,62.875,62.68,62.75,513.0,,,,62.79959546925567,62.007780321500086,60.07806394527277,58.76962092324995,58.04925445357701,57.0818332395154,56.41300347108626,55.84579821267831,52.827853110848565,52.571390156285766,52.10932537929992,52.101366998485666,51.80759561573008,51.26803902369315,50.74885679290551,50.529295419985,50.38534240388539,50.31223688557332,50.23847302709572,50.08391821493891,49.7862051077945,,,,,,60.362336181678195,59.81266405781932,58.15720132509763,57.24971625814902,57.01342879190994,57.00153406911179,56.631112365035925,54.093695946928534,52.6324761034147,52.19492040191578,51.85280159015601,51.68762512511227,50.977108831283566,50.608469536655875,50.41263627091519,50.3636118459218,50.248974387229985,50.17736179278375,49.98291631679475,49.48131205448841,57.24971625814902,54.093695946928534,52.571390156285766,56.04607974052458,"rgba(0, 255, 0, 1.0)",1.8426952742856626,58.533030020181705,2.28847929370907,71.1881973582561,17.451627744953655,True,False,True,False,True,20.0,0.0,0.0,0.0,0.0,0,1.0623589743589748,0.8526153846153849,False,False,False,False,0.33913722312529143,0.33835189190030446,False,False,False,False,51482.0,42454.016399152606,False,False,False,False,1197.6514158847217,False,False,False,False
2025-06-09 19:00:00+00:00,62.82,62.82,62.43,62.44,814.0,,,,62.68913172506223,62.03342947081846,60.10449641776093,58.79499275618323,58.074513162809104,57.106347244198325,56.43631362561231,55.867896796529806,52.851201237034005,52.59461701420816,52.13219095845109,52.1242225326509,51.83025632895827,51.29038974024876,50.77083982706741,50.55106554419903,50.40693218802112,50.33373147335878,50.259865563253285,50.105066815593,49.8069208821239,,,,,,60.38957922774363,59.837901262398546,58.18287080774678,57.27422920126119,57.03789982720425,57.026003605054655,56.655233830199634,54.11625127728646,52.65573284501291,52.21787627689212,51.87547569014599,51.71025909970254,50.99927352205023,50.63033198311441,50.4342608881018,50.38517688974594,50.27038567737314,50.19867268019446,50.003905294901735,49.50174737796236,57.27422920126119,54.11625127728646,52.59461701420816,56.064756888837024,"rgba(0, 255, 0, 1.0)",1.8513662546913427,58.551183344670335,2.100511795262251,67.47325596088515,17.451627744953655,False,False,True,False,False,20.0,0.0,0.0,0.0,0.0,0,1.0578672937327476,0.852264594622227,False,False,False,False,0.32734646583386634,0.3328491788670854,False,False,False,False,50668.0,42581.36498211148,False,False,False,False,1191.7033319175168,False,False,False,False
2025-06-10 14:00:00+00:00,62.345,62.345,61.61,61.78,2286.0,,,,62.247789504180126,62.01945398403375,60.156908734135996,58.85245061116081,58.13387829731745,57.16595028811409,56.493978660081666,55.923221664277385,52.911816466686155,52.65504592956174,52.19189548270045,52.18390445794174,51.889554928019116,51.349086716595636,50.82875320724911,50.608490655180326,50.46392816147379,50.39049932616241,50.31638701622971,50.16099130842588,49.861786775771456,,,,,,60.44071062943912,59.889992637848046,58.24289578756124,57.33354149066123,57.09751250688884,57.08563194058857,56.71458073629209,54.174119415570395,52.71620943278301,52.27777740985321,51.93479081026762,51.76953583907786,51.057586414861426,50.68797433610715,50.49134004907912,50.44211443162338,50.326953327877504,50.254997233826835,50.059437907203375,49.55595076190368,57.33354149066123,54.174119415570395,52.65504592956174,56.10012590580167,"rgba(0, 255, 255, 0.75)",1.840078092741781,58.57951786401095,1.7393186455582532,59.68443264612714,14.401135317392303,False,True,True,False,False,17.377416407402134,0.0,0.0,0.0,0.0,0,1.0442871587462086,0.8604651162790701,False,False,False,False,0.2782069288178285,0.30552805384245696,False,False,False,False,48382.0,42671.29730797022,False,False,False,False,1208.669171732749,False,False,False,False
2025-06-10 15:00:00+00:00,61.705,61.76,61.415,61.73,935.0,,,,62.13232030095392,62.00221513523885,60.17423677633448,58.87327507590671,58.15589363614758,57.1885082084033,56.51602916148687,55.94452738293286,52.935620738297786,52.67880477463838,52.21541664335675,52.207417523450665,51.91294419631395,51.372283976822,50.851680319375035,50.631240425112516,50.486518289183806,50.41300421331279,50.338799399253126,50.18317772658214,49.883572539690725,,,,,61.635,60.4568976347515,59.90773860410479,58.2650837746514,57.35592621658226,57.12009945057287,57.108229059865394,56.737198181988035,54.196703843754754,52.739980535356075,52.30136738586092,51.958182652488354,51.792926698972884,51.08065448561549,50.71080434452887,50.51396119417892,50.46468292305979,50.34938326474041,50.27733574627195,50.08147568744512,49.57749099622304,57.35592621658226,54.196703843754754,52.67880477463838,56.50878467573753,"rgba(0, 255, 255, 0.75)",1.8235764236723995,58.87603563986735,1.565036881966926,54.16666294433672,9.701451715107062,False,True,False,False,False,16.99230491924737,0.0,0.0,0.0,0.0,0,1.0517871649065802,0.8655564581640947,False,False,False,False,0.24924298659911617,0.27738552022078655,False,False,False,False,47447.0,42745.339210172235,False,False,False,False,1204.4262388376674,False,False,False,False
2025-06-10 16:00:00+00:00,61.73,61.85,61.645,61.83,1116.0,,,,62.06671163760009,61.990672341587775,60.19632664374979,58.89896587333066,58.18285393720932,57.2159750312579,56.542814968805516,55.970370916856325,52.96431810137763,52.70743958109432,52.243753146362145,52.23574410604691,51.941114575014815,51.40021106714293,50.8792723267166,50.65861548660425,50.51369926110359,50.4400816559396,50.36576461809766,50.209869359666364,49.909778869584805,,,,,61.71117747440273,60.47788167548726,59.93013201586123,58.29227448475969,57.38320535513444,57.14759309439636,57.13573356922184,56.764687177606675,54.22398588593041,52.768631921376716,52.32978874211231,51.9863572931802,51.82109591107894,51.10842024511329,50.73827712760041,50.541179856925346,50.49183755314656,50.37636971177181,50.30421132002757,50.10798741384519,49.603398048212945,57.38320535513444,54.22398588593041,52.70743958109432,56.532340381990515,"rgba(0, 255, 255, 0.75)",1.7948208472922085,58.89765939907939,1.6337789954604907,51.38689279518535,7.501842133723322,False,True,False,False,False,17.481667624556817,0.0,0.0,0.0,0.0,0,1.1011777301927201,0.8527837259100646,False,False,False,False,0.26107352628230407,0.2692295232515453,False,False,False,False,48563.0,42835.53550148739,False,False,False,False,1203.0552893983236,False,False,False,False
2025-06-10 17:00:00+00:00,61.79,61.86,61.735,61.84,692.0,,,,62.0406420482521,61.98520579582232,60.2100314068298,58.91486895951352,58.1995390205224,57.23297745640534,56.55940290687185,55.9863815029436,52.98209278458262,52.725176270095304,52.26130685649391,52.253291714332086,51.95856636721954,51.417513610808875,50.89636878477384,50.67557830208723,50.53054242715407,50.45686098637178,50.382474739696505,50.22641071021409,49.926020772118044,,,,,61.73652873982258,60.490919394102036,59.94402039843979,58.30909937294616,57.40009167318722,57.16461238838503,57.15275959806435,56.781705795978596,54.24088593131413,52.78637869914777,52.34739460743537,52.00381164048598,51.83854717424061,51.12562364025447,50.75530016824322,50.558046260633624,50.508664480594945,50.39309292853299,50.32086615397379,50.12441776250391,49.619455300546456,57.40009167318722,54.24088593131413,52.725176270095304,56.54670765316774,"rgba(0, 255, 255, 0.75)",1.7976751678236698,58.91077389168377,1.6294523953748898,49.62951659290167,6.046908341497783,False,True,False,False,False,17.531138748249916,0.0,0.0,0.0,0.0,0,1.0904306733970577,0.8379336268929226,False,False,False,False,0.2647450086696589,0.26698726596060207,False,False,False,False,49255.0,42935.06208285968,False,False,False,False,1195.1319515781945,False,False,False,False
2025-06-10 18:00:00+00:00,61.84,62.03,61.755,61.92,430.0,,,,62.03234212962964,61.9836500649632,60.21890282622305,58.92496806162779,58.210086252970406,57.24368574476598,56.569833651938225,55.99643916477857,52.993214028545744,52.73627167145154,52.272284584387066,52.264265579014335,51.969478405790404,51.42832909496421,50.90705276806972,50.68617778826871,50.5410665775589,50.46734497139659,50.39291521228369,50.23674521977442,49.93616722493695,,,,,61.75890797352663,60.49943660521646,59.9529585682583,58.319739910869856,57.410732641408494,57.17532914189511,57.16348021020912,56.79241143804678,54.2514739221736,52.797480892426336,52.35840549141104,52.014725583617725,51.849458070361635,51.136375578934626,50.765937619292814,50.56858503712954,50.519178397105854,50.40354161652076,50.33127185989606,50.13468259566453,49.62948530859392,57.410732641408494,54.2514739221736,52.73627167145154,56.55642018180581,"rgba(0, 255, 255, 0.75)",1.8006289516784055,58.91992403664706,1.6661266945399855,49.27650663261114,5.66606684972966,False,True,False,False,False,17.931824031927793,0.0,0.0,0.0,0.0,0,1.0911834447079116,0.8373571890493644,False,False,False,False,0.27182040643630145,0.26940383619845176,False,False,False,False,49685.0,43039.712283125424,False,False,False,False,1183.2694407010133,False,False,False,False
2025-06-10 19:00:00+00:00,61.92,62.055,61.78,61.9,1587.0,,,,62.01054720989342,61.979020748065004,60.251044296351246,58.9617801732953,58.24860216322772,57.282869111719975,56.60805187135402,56.03332711164204,53.03406602974848,52.77703465184852,52.31262640580304,52.30459342269654,52.00958530013596,51.46809128438974,50.94634090256358,50.725159359338775,50.579774027781056,50.505906184425164,50.431317906648594,50.27476148316246,49.97349752606035,,,,,61.80983823529412,60.53021821636221,59.9854175803521,58.35857935653546,57.44966003614996,57.21454799459453,57.202713861004675,56.83161474468478,54.290349693696186,52.838267434034876,52.39886693817056,52.0548386855112,51.88956276035385,51.17590938409571,50.80505720332892,50.6073457235383,50.55784862614251,50.441974281275094,50.36954789793105,50.1724446687127,49.66639171220367,57.44966003614996,54.290349693696186,52.77703465184852,56.59112245088688,"rgba(0, 255, 255, 0.75)",1.803415021213806,58.95224493245829,1.6345405981800523,48.83627604821964,4.996464734946919,False,True,False,False,False,17.766826505598065,0.0,0.0,0.0,0.0,0,1.0917322410261943,0.8333512989112863,False,False,False,False,0.2719149117151752,0.2706593739568135,False,False,False,False,48098.0,43118.135348503325,False,False,False,False,1189.5288292172768,False,False,False,False
2025-06-11 14:00:00+00:00,62.27,62.86,62.27,62.57,298.0,,,,62.028788662630724,61.98603249916584,60.25927109288379,58.97010406254598,58.25702258256605,57.291184340233784,56.61604619508128,56.040968624403426,53.04225824157864,52.78519454964504,52.32067832674569,52.31264217114489,52.0175761212555,51.47599021125097,50.9541258052937,50.73287580498793,50.587431397390304,50.51353224002902,50.43891025439154,50.28227266948415,49.980864482419044,,,,,61.85442796889416,60.53851910871585,59.99342486953141,58.36710620855033,57.45795669584806,57.2228568761776,57.211023495631515,56.83984983841852,54.29822925618862,52.84643541919061,52.4069469281415,52.062832838248426,51.89754766517595,51.183751485313934,50.812803706576915,50.61501452833653,50.56549791452027,50.44957288387244,50.37711327785687,50.179902609705856,49.673666486892245,57.45795669584806,54.29822925618862,52.78519454964504,56.60109507893669,"rgba(0, 255, 255, 0.75)",1.8153561361071158,58.962745820068335,1.9870779667878997,54.1449406069802,4.996464734946919,False,True,True,False,True,20.0,0.0,0.0,0.0,0.0,0,1.0877416613554285,0.8250478011472279,False,False,False,False,0.32132915539100265,0.2959942646739081,False,False,False,False,48396.0,43199.96270744126,False,False,False,False,1175.7066768263112,False,False,False,False
2025-06-11 15:00:00+00:00,62.57,62.605,62.31,62.36,438.0,,,,62.047011971017554,61.99359822400609,60.27052136579812,58.9817897988339,58.268934586147246,57.30303173198174,56.62747857448832,56.05192459897659,53.05409490124691,52.79698995127891,52.33232678752846,52.32428619687944,52.02914165658141,51.48743161954746,50.96540977267706,50.74406363396054,50.59853555893937,50.524591981447045,50.44992209769879,50.29316883114223,49.991555089834854,,,,,61.8998993207181,60.54975396350582,60.00446122014741,58.37915576300753,57.46976559319552,57.23470002373616,57.22286852524206,56.85161257232617,54.309585469553696,52.8582412410046,52.41863433207522,52.07440241488011,51.90910666596472,51.19511500845086,50.824033996106536,50.62613489852281,50.576590650243304,50.46059365551612,50.388086810624365,50.19072282330568,49.68422673723115,57.46976559319552,54.309585469553696,52.79698995127891,56.61416843136629,"rgba(0, 255, 255, 0.75)",1.8220159684234514,58.97615751455263,1.8571969423381776,55.47722440944852,-0.7900429163870086,False,True,True,False,True,19.3156524576664,0.0,0.0,0.0,0.0,0,1.0878400172024518,0.8428126007956138,False,False,False,False,0.31130437909221936,0.3036493218830637,False,False,False,False,47958.0,43273.73072748093,False,False,False,False,1164.2693640072987,False,False,False,False
2025-06-11 16:00:00+00:00,62.39,62.43,62.25,62.35,215.0,,,,62.05355428903952,61.99653224337964,60.27579338790832,58.98736170431472,58.27464251428073,57.3087348409495,56.63299509057966,56.05722004512529,53.05984367219227,52.80272035331353,52.337988630016476,52.329945931861936,52.03476487826563,51.49299722199035,50.97090117179606,50.74950920535654,50.603941026036225,50.529976134275245,50.455283241712536,50.298474295071856,49.996761619920356,,,,,61.91659312437985,60.55498192360008,60.00966048712566,58.3849254891607,57.475446481174274,57.24040257067898,57.2285722266836,56.857284066255204,54.31509228203963,52.863976314953156,52.42431458647228,52.08002736270872,51.91472732989747,51.20064408776272,50.82949988597324,50.63154813910729,50.581990646565245,50.4659591009389,50.39342955440032,50.195991713955,49.68937083839704,57.475446481174274,54.31509228203963,52.80272035331353,56.62013497985838,"rgba(0, 255, 255, 0.75)",1.8268129413060832,58.982165115181054,1.8435576016946253,56.25985449565174,0.18458764773222924,False,True,True,False,True,19.23336299750555,0.0,0.0,0.0,0.0,0,1.0766644979397098,0.8497072218607681,False,False,False,False,0.3001577253972291,0.3019035236401464,False,False,False,False,47743.0,43343.02172395409,False,False,False,False,1149.5520095265654,False,False,False,False
2025-06-11 17:00:00+00:00,62.35,62.39,62.24,62.24,206.0,,,,62.058452500670434,61.99887235168125,60.28068996986791,58.99259849954327,58.280025031017615,57.31412936317264,56.63822142990623,56.06224248920044,53.065313520339885,52.80817377138226,52.343378575678905,52.33533390142658,52.0401191152045,51.49829830946367,50.97613307649501,50.75469804844263,50.60909204379301,50.535107034740214,50.46039240916621,50.303530799882644,50.0017245550016,,,,,61.92959326235142,60.55981399362778,60.01450711733368,58.390363686552845,57.48081765519285,57.245797495686716,57.23396840060519,56.862654449248474,54.320326494914944,52.86943393415756,52.429721735930016,52.0853830934198,51.920079520099726,51.20591124289456,50.83470787118331,50.636706491287974,50.58713650823452,50.47107233924339,50.39852134379659,50.20101361620641,49.69427492778184,57.48081765519285,54.320326494914944,52.80817377138226,56.62559727352453,"rgba(0, 255, 255, 0.75)",1.8278378528242263,58.98759556087939,1.7793725160551084,55.56446668643494,0.18458764773222924,False,True,True,False,True,18.319461741027244,0.0,0.0,0.0,0.0,0,1.0659639208867642,0.8538361225820477,False,False,False,False,0.29798790359826055,0.29994571361920347,False,False,False,False,47537.0,43408.04464296255,False,False,False,False,1134.923296200572,False,False,False,False
2025-06-11 18:00:00+00:00,62.24,62.39,62.24,62.3,540.0,,,,62.07140897240241,62.00524260003539,60.29354002986312,59.006330308047644,58.29413631962095,57.328271658654835,56.651924136336895,56.07541193860119,53.07965225458626,52.82246951709352,52.35750824146729,52.34945839648678,52.05415532782247,51.51219539597863,50.98984905292502,50.76830129379004,50.622596265503994,50.54855858924344,50.47378706556808,50.31678757982838,50.01473633396241,,,,,61.96140674203707,60.57249871376738,60.02722544281761,58.40462026964827,57.494899032715615,57.25994082529112,57.24811498874044,56.87673357870943,54.33404904199686,52.88374067224387,52.44389641781789,52.099423218249875,51.93411036754165,51.21971949976353,50.84836122764342,50.6502299142787,50.60062723101545,50.48447765299089,50.41187050207916,50.214179798244196,49.70713259122111,57.494899032715615,54.33404904199686,52.82246951709352,56.639842345802165,"rgba(0, 255, 255, 0.75)",1.8279571253870033,59.00174007484232,1.8043420599700302,55.67069777597814,0.3019820111992644,False,True,True,False,True,18.623776526455824,0.0,0.0,0.0,0.0,0,1.066847826086957,0.8509782608695656,False,False,False,False,0.29733947518305553,0.2986425944011295,False,False,False,False,48077.0,43480.431547722816,False,False,False,False,1125.6996792052141,False,False,False,False
2025-06-11 19:00:00+00:00,62.255,62.65,62.24,62.615,2375.0,,,,62.15087565129483,62.04625297111783,60.35337027825631,59.06882644111688,58.3579515106232,57.39188973286252,56.713428136113485,56.1344406864224,53.14349031852532,52.88609697972828,52.420367648209854,52.41229440140097,52.116581177443344,51.57397257739502,51.050796701969766,50.82873940257526,50.682589656895566,50.608315700732724,50.5332892267443,50.37567328999175,50.07252603217721,,,,,62.10668723580918,60.63209359798131,60.08608878049105,58.469128922478546,57.55829543576431,57.32354457779211,57.31172995608491,56.93995571193754,54.39528445172601,52.94742151839209,52.50696078146653,52.16186938758655,51.99650457760713,51.28108737209593,50.909024795918434,50.71030949260543,50.660559905883076,50.54402739960397,50.47116872290304,50.2726605679856,49.76422807993276,57.55829543576431,54.39528445172601,52.88609697972828,56.70539705162501,"rgba(0, 255, 255, 0.75)",1.8314533760020575,59.06774729288558,1.93685122078174,58.39653240343817,3.2325090924431805,False,True,True,False,True,20.0,0.0,0.0,0.0,0.0,0,1.066543638732089,0.850521059487625,False,False,False,False,0.3082399126949903,0.3034412535480599,False,False,False,False,50452.0,43588.517880316256,False,False,False,False,1145.0686764268387,False,False,False,False
2025-06-12 14:00:00+00:00,63.3,63.565,63.245,63.51,529.0,,,,62.20181281744848,62.07143543502516,60.371886836315795,59.0861656043791,58.37506202265782,57.408410443227005,56.729143939628194,56.149357069247024,53.15900572360166,52.90152730217425,52.43555613166126,52.42747633051394,52.13163142431684,51.58881159848543,51.06538943563707,50.84319183159737,50.696924312969145,50.62258823665463,50.54749526649132,50.38972083890612,50.08629142755547,,,,,62.18203414877328,60.65128185916729,60.10376609509765,58.48650097884418,57.57483710445732,57.34003106455111,57.32821410350937,56.95618779553272,54.41036334833448,52.9628726991488,52.52220865058103,52.17692948046425,52.01153425675576,51.29580093804133,50.9235376382929,50.72466688840229,50.674878348487695,50.55824558258962,50.48532149072952,50.286604329815454,49.77780776722235,57.57483710445732,54.41036334833448,52.90152730217425,56.725747936346316,"rgba(0, 255, 0, 1.0)",1.8511775531629053,59.089884511283756,2.387731787890401,64.62335312354637,9.174211843402041,False,False,True,False,True,20.0,0.0,0.0,0.0,0.0,0,1.0673076923076925,0.8491452991452995,False,False,False,False,0.3428282458305478,0.32313474968930384,False,False,False,False,50981.0,43703.130006202824,False,False,False,False,1135.5172240791358,False,False,False,False
2025-06-12 15:00:00+00:00,63.51,63.61,63.365,63.59,889.0,,,,62.2839974551143,62.11417271632357,60.403324164617736,59.115537595562444,58.404018167741484,57.43634479899121,56.75570944856029,56.17456702413558,53.18518104844435,52.92755719904788,52.46117546418083,52.45308457898746,52.15701590226329,51.613836859288845,51.089997011170865,50.86756207427651,50.72109562283708,50.64665464110446,50.57144940689434,50.41340754259635,50.10950191768186,,,,,62.29822276422765,60.683871541081295,60.13377432777645,58.51590017163848,57.602811448880445,57.367906071780645,57.35608485949835,56.98362574666394,54.435819115202165,52.9889382209362,52.54792853015877,52.20233087516745,52.03688320294496,51.32061321504908,50.94800996688146,50.74887660418741,50.699022260744556,50.58222020546638,50.50918568296694,50.31011590962227,49.8007042400006,57.602811448880445,54.435819115202165,52.92755719904788,56.75955596947929,"rgba(0, 255, 0, 1.0)",1.8695179390220342,59.12660572946678,2.387457310448742,69.04575242789542,13.189861368266392,False,False,True,False,True,20.0,0.0,0.0,0.0,0.0,0,1.0720248287671237,0.8483518835616441,False,False,False,False,0.3428282459118623,0.33298149780058306,False,False,False,False,51870.0,43829.74814564153,False,False,False,False,1131.6952516127926,False,False,False,False
2025-06-12 16:00:00+00:00,63.59,63.83,63.5,63.52,1349.0,,,,62.399047420965076,62.178484949443664,60.45126487502765,59.16031718756911,58.44814436677165,57.47890330660216,56.79618680673093,56.21298429159094,53.22501154357448,52.96716508862572,52.500157742312304,52.492050011902,52.19564001375823,51.651912586938394,51.127436199941776,50.90464020386076,50.757871412504855,50.683271010434574,50.607895202276445,50.449447129976605,50.144817949294435,,,,,62.451561916257155,60.73354373564011,60.17956568068482,58.56069587757501,57.64543489339794,57.41037331566717,57.39854537974123,57.02542444244101,54.47457711357149,53.028600616185855,52.587063743965246,52.240980999498774,52.07545246060841,51.35836413360943,50.98524328355824,50.785710760753844,50.73575639590565,50.6186971002647,50.54549479278964,50.34588948653665,49.83554236194058,57.64543489339794,54.47457711357149,52.96716508862572,56.809669012779985,"rgba(0, 255, 0, 1.0)",1.883010343826031,59.52186264317023,2.1232689294239773,71.11756966940592,15.028412669140792,True,False,True,False,True,20.0,0.0,0.0,0.0,0.0,0,1.0714519472019204,0.865168539325843,False,False,False,False,0.34282824608169377,0.3379048719411384,False,False,False,False,50521.0,43933.4884844688,False,False,False,False,1135.064317479261,False,False,False,False
2025-06-12 17:00:00+00:00,63.57,63.635,63.41,63.555,893.0,,,,62.460365740460496,62.2158165427299,60.48140611596012,59.188927890239384,58.4764816236196,57.50637673574061,56.82239578886231,56.2379142037033,53.25100120838412,52.99301941533861,52.52562106629723,52.51750264382262,52.22087967037026,51.67681041239383,51.151932477761214,50.92890634671647,50.781943760440285,50.70724105109313,50.631755642239966,50.47304598351191,50.16795077061393,,,,,62.52889315828797,60.76458607517402,60.20850261196673,58.589437400215736,57.67293045263834,57.43779610877902,57.425965176146356,57.05245924161654,54.499822072219615,53.05448819419143,52.61262369204349,52.266236256718194,52.100659866275066,51.383057904423545,51.00960871887759,50.80982054382924,50.759802071234986,50.64257758603433,50.56926741589768,50.36931692445417,49.85836886096359,57.67293045263834,54.499822072219615,52.99301941533861,56.84045796342104,"rgba(0, 255, 0, 1.0)",1.8967658035493968,59.55172963917077,2.110577042952773,72.65244573508562,16.504077206256028,True,False,True,False,True,20.0,0.0,0.0,0.0,0.0,0,1.0711622807017547,0.8550438596491231,False,False,False,False,0.33099852913853367,0.334451700539836,False,False,False,False,51414.0,44049.46540719021,False,False,False,False,1131.3113823245437,False,False,False,False
2025-06-12 18:00:00+00:00,63.555,63.615,63.5,63.58,561.0,,,,62.49664793130369,62.23877353149327,60.50023512274056,59.20684062740174,58.49423315216939,57.52359893761667,56.83883394680542,56.253556607136304,53.267311580169824,53.00924559910771,52.541603444345476,52.533478346419436,52.23672254612499,51.69244004668304,51.16731133450524,50.944141353248796,50.79705757739251,50.722290880778694,50.6467369146631,50.48786359497457,50.182476755572736,,,,,62.57342360632294,60.78395690253956,60.22659806776283,58.60743864242673,57.690165373572235,57.45498721347006,57.44315448590934,57.069410878142136,54.51566495327097,53.07073506922914,52.62866637423538,52.28208883647991,52.11648270839838,51.398560144480385,51.02490580632364,50.82495777265844,50.77489920833569,50.65757139981274,50.584193754661946,50.38402727547313,49.87270316068116,57.690165373572235,54.51566495327097,53.00924559910771,56.85949487104783,"rgba(0, 255, 0, 1.0)",1.9011957190576254,59.57096200777552,2.1086929409938167,73.79508813103001,17.7404947254779,True,False,True,False,True,20.0,0.0,0.0,0.0,0.0,0,1.0734612839179356,0.8530774321641299,False,False,False,False,0.33389568817234827,0.3341736943560921,False,False,False,False,51975.0,44172.34191250509,False,False,False,False,1122.4693453892796,False,False,False,False
2025-06-12 19:00:00+00:00,63.555,63.62,63.325,63.33,2479.0,,,,62.61431165533345,62.321728069433085,60.577079442801676,59.281783235744484,58.56908951912024,57.59680756694725,56.90903088410224,56.3205781792318,53.337800532986925,53.07941194826696,52.61078739009947,52.60263467299824,52.3053453025118,51.76020790519723,51.23405284751947,51.01028380210882,50.86269063068917,50.78765446090467,50.71181119599878,50.552244771435355,50.24562263206118,,,,,62.709340286719886,60.862288909892875,60.30102069996933,58.683246276078016,57.7633463823844,57.52809759635891,57.51626278537013,57.14168184973505,54.58394215698694,53.14098121531232,52.69809788356353,52.35074777667857,52.18503375734807,51.46581030836052,51.09130843113408,50.890689330201994,50.84046227148805,50.72269887600989,50.64903627150222,50.4479537387659,49.93504361549338,57.7633463823844,54.58394215698694,53.07941194826696,56.93621768874511,"rgba(0, 255, 255, 0.75)",1.903403487923336,59.64369529027719,1.93669116039325,70.94689938614563,17.7404947254779,True,False,True,False,False,20.0,0.0,0.0,0.0,0.0,0,1.0648821326283329,0.8544833663802601,False,False,False,False,0.32686899929091984,0.330521346823506,False,False,False,False,49496.0,44254.879247194935,False,False,False,False,1143.5008284065,False,False,False,False
2025-06-13 14:00:00+00:00,62.835,63.05,62.81,63.05,544.0,,,,62.62393680876819,62.33152608377556,60.59079693421991,59.296106918912464,58.5837023631499,57.61139507996555,56.92317368266036,56.33418712675852,53.352446335137024,53.09401155291926,52.6252179967803,52.617060124734046,52.31968004707765,51.77439850603862,51.24805869448372,51.024176106376714,50.87648382892608,50.80139496438327,50.725494821110615,50.56579080682883,50.25892346866555,,,,,62.71816081944099,60.87591840413981,60.314579699046824,58.69799788930777,57.77788570289496,57.54268276240356,57.53085041957585,57.156189308320016,54.5980214521808,53.155592543202815,52.712573634112964,52.36508707523514,52.199361318413985,51.47990975524945,51.10525094845101,50.904501743241774,50.85424192241508,50.73639310875925,50.66267436410816,50.46140928852622,49.94818832049946,57.77788570289496,54.5980214521808,53.09401155291926,56.9499512305888,"rgba(0, 255, 255, 0.75)",1.8988287096179461,59.65398781610791,1.7884773738097652,65.74031995880335,22.04557806585764,False,False,True,False,False,19.704423262092845,0.0,0.0,0.0,0.0,0,1.062431424182577,0.860544217687075,False,False,False,False,0.2827168463599012,0.3066190965917036,False,False,False,False,48952.0,44327.7028247578,False,False,False,False,1134.2062419195775,False,False,False,False
2025-06-13 15:00:00+00:00,63.05,63.68,63.0,63.515,650.0,,,,62.64819150644888,62.35044988128702,60.60989642095862,59.315054846923644,58.60272847574751,57.63010645283246,56.94117685555901,56.35141985548367,53.37066439562602,53.11215365244978,52.64311957607298,52.63495481106013,52.33744432877532,51.79195405610541,51.265359763555544,51.041326778584974,50.89350578642947,50.81834873485297,50.74237528373712,50.58249519531487,50.275313909951194,,,,,62.74459344732752,60.89525842612689,60.333185497345255,58.717245297163785,57.79657634174253,57.561375016574765,57.549543081899735,57.17469931569345,54.61563980271426,53.17375353020652,52.730536656244276,52.382859701295224,52.2171096392631,51.497337604635995,51.12246722326959,50.92154860912861,50.87124621311654,50.75328709700152,50.67949610048118,50.47799806605656,49.96437507251636,57.79657634174253,54.61563980271426,53.11215365244978,56.96890508694237,"rgba(0, 255, 0, 1.0)",1.9010321686671152,59.67223161891278,2.021411549169905,65.5641075626213,21.80632579597699,False,False,True,False,False,20.0,0.0,0.0,0.0,0.0,0,1.0803375712406846,0.8394344585708025,False,False,False,False,0.31597720350379854,0.3112981500477511,False,False,False,False,49602.0,44409.47487398636,False,False,False,False,1126.6991684014445,False,False,False,False
2025-06-13 16:00:00+00:00,63.61,63.71,63.53,63.6,870.0,,,,62.68702392514146,62.37973862394371,60.636997348323774,59.34146469390395,58.629091308598646,57.655888815144294,56.965914452768786,56.375053767865474,53.395466013166455,53.13684187888678,52.667464374201785,52.65928998135806,52.361592613744016,51.81580240386469,51.288848600467155,51.06460614148414,50.91660720610512,50.841356017562596,50.76528151386276,50.605159380045805,50.297546370005925,,,,,62.78754660150035,60.92286888276548,60.35946244083902,58.74393382997917,57.822352090771886,57.587122615444066,57.57528977550025,57.20015308765395,54.63968576091837,53.19846978965965,52.75496783119459,52.4070208132413,52.241232328172046,51.521004474760105,51.14583748212346,50.94468443957406,50.894323169073104,50.77621189271665,50.70232135250374,50.50050341126094,49.986325306512775,57.822352090771886,54.63968576091837,53.13684187888678,56.995628052660614,"rgba(0, 255, 0, 1.0)",1.9037166777622354,59.699729407241286,2.048766309776396,65.9513147240952,21.80632579597699,False,False,True,False,False,20.0,0.0,0.0,0.0,0.0,0,1.0895883777239717,0.835020911292098,False,False,False,False,0.3389598889036812,0.32512901947571615,False,False,False,False,50472.0,44503.467511598974,False,False,False,False,1122.7193363332049,False,False,False,False
2025-06-13 17:00:00+00:00,63.6,63.6,63.24,63.31,522.0,,,,62.703437269511575,62.393512159852776,60.651785899723876,59.35631059854436,58.64405248065331,57.67065872937458,56.98015864714089,56.38871217325509,53.409955746145705,53.15127519262699,52.681713619149484,52.673533876835066,52.37573684184644,51.82978721794523,51.30263684715908,51.07827717481814,50.93017746461447,50.85487283723509,50.778740824142986,50.61848031844111,50.31062051046482,,,,,62.80471188872946,60.93777421239128,60.373927275393115,58.75905796060599,57.83709828315207,57.60188066726826,57.590048655937544,57.214784715674206,54.653683534469046,53.21291718977867,52.769264570089035,52.42117113512727,52.25536524726183,51.534891020365095,51.15955980125323,50.9582742096847,50.90787960579305,50.78968183905316,50.71573459384321,50.51373344075,49.99923987380733,57.83709828315207,54.653683534469046,53.15127519262699,57.01028653293104,"rgba(0, 255, 255, 0.75)",1.9041829062727764,59.7136090704553,1.8886793478176076,63.025832693439995,18.908808748760677,False,True,True,False,False,19.86479965466016,0.0,0.0,0.0,0.0,0,1.0784378802964938,0.846664454032526,False,False,False,False,0.3218830507292621,0.3235060351024891,False,False,False,False,49950.0,44587.909875760226,False,False,False,False,1113.4058582505195,False,False,False,False
2025-06-13 18:00:00+00:00,63.31,63.38,63.18,63.33,640.0,,,,62.72010028527543,62.40845770308124,60.66913311265743,59.373975777019666,58.66193457725034,57.68839065629208,56.99730152604859,56.40517904232655,53.42750978847278,53.16876639871987,52.69899126398776,52.690805201106535,52.39289281538587,51.84675900144611,51.31937816554964,51.094879481109544,50.946659558384056,50.871291111418095,50.795090334338056,50.63466402125373,50.326508467070035,,,,,62.82149678359457,60.955165364943305,60.39096886653789,58.777121914252156,57.85479067612524,57.61960288671158,57.60777262021464,57.23237893553677,54.670614739086695,53.2304241741945,52.78659804065333,52.4383337114188,52.27250954289528,51.55174815455112,51.17622317516774,50.97477959230027,50.924345229936854,50.806044106434335,50.73202902730108,50.529808147375306,50.01493757762448,57.85479067612524,54.670614739086695,53.16876639871987,57.02754827443574,"rgba(0, 255, 255, 0.75)",1.9075319368469275,59.72944271972742,1.8875475742881398,61.23230002389378,16.990235970720377,False,True,True,False,False,19.962909090511808,0.0,0.0,0.0,0.0,0,1.0707395498392291,0.8512030158554166,False,False,False,False,0.3100368815075539,0.3167714583050215,False,False,False,False,50590.0,44680.96553660116,False,False,False,False,1106.066232541209,False,False,False,False
2025-06-13 19:00:00+00:00,63.33,63.43,63.22,63.245,926.0,,,,62.742682369645614,62.429265885541625,60.69384900935654,59.3992672526789,58.687574975762864,57.713857143790925,57.02194757725008,56.428871781547336,53.45280250370794,53.193971639114594,52.72389444407792,52.71569938051172,52.41762394621327,51.87122987137057,51.343521557625195,51.11882450329957,50.970432673687824,50.894972920726836,50.818673718459245,50.65800988591744,50.34943060302413,,,,,62.843928740770856,60.979896638323396,60.415291022977065,58.80301461008169,57.880195100603615,57.64505781428755,57.63323042076514,57.25766307462859,54.69499969477853,53.255651430365056,52.81158056722624,52.46307394250116,52.29722489711931,51.57605641283494,51.20025546494592,50.99858601926219,50.94809480085561,50.82964577012718,50.755533577743215,50.55299783080686,50.03758754000435,57.880195100603615,54.69499969477853,53.193971639114594,57.05219563866033,"rgba(0, 255, 255, 0.75)",1.9087381993124193,59.75209289305188,1.829956097806582,59.077889311379955,14.740923222148652,False,True,True,False,False,19.235698608305494,0.0,0.0,0.0,0.0,0,1.0720221606648206,0.8470914127423825,False,False,False,False,0.3138352451118312,0.3153033517084264,False,False,False,False,49664.0,44758.2218848709,False,False,False,False,1103.2745080056864,False,False,False,False
2025-06-16 14:00:00+00:00,63.285,63.945,63.285,63.87,1789.0,,,,62.80984477124185,62.4841908270919,60.74747140074845,59.45215723071562,58.7405627580284,57.765900441420655,57.07203346036088,56.47683673858188,53.50328047514543,53.24423541561366,52.773491586998865,52.76527757874532,52.46683946652749,51.91986318936767,51.39144915140318,51.16633721748431,51.01759132557199,50.94194404575415,50.86544332099386,50.704295877423036,50.394853311652916,,,,,62.9152514009842,61.03425434432118,60.46753494726421,58.856603142465055,57.9321991711953,57.697043664315096,57.685216275419876,57.309127665623286,54.7439036640155,53.3059683582652,52.8613470110232,52.51231343703994,52.34639362576493,51.624334786079714,51.247948743651435,51.04581318149918,50.99520479997027,50.876452481240094,50.80214167064164,50.59896619017466,50.082447284139825,57.9321991711953,54.7439036640155,53.24423541561366,57.1049154093261,"rgba(0, 255, 0, 1.0)",1.9206832680629893,59.805899638986354,2.115965931807326,62.046351691163196,14.740923222148652,False,True,True,False,True,20.0,0.0,0.0,0.0,0.0,0,1.0742200328407232,0.8336070060207993,False,False,False,False,0.3384363874342644,0.3268698695713454,False,False,False,False,51453.0,44862.01689440778,False,False,False,False,1113.9059109823424,False,False,False,False
2025-06-16 15:00:00+00:00,63.87,64.25,63.87,64.2,1158.0,,,,62.86617757021034,62.52834864936857,60.78581414527723,59.4889158880629,58.777031731126606,57.801383459058414,57.10601960596164,56.50927703957184,53.53698257902839,53.27777046547814,52.80654298244065,52.79831573673439,52.499612883643394,51.952209748215004,51.42329288046885,51.19789248326237,51.048903609164626,50.97312794644476,50.89648962851076,50.73501360068931,50.424984132797455,,,,,62.976214631847185,61.07348917266753,60.50461894746721,58.89352983395993,57.96770682074764,57.732467776780844,57.7206369511198,57.34409601445254,54.77670100551151,53.339544486890006,52.894518031419956,52.54510640532451,52.379126456866615,51.656425892459325,51.2796284137892,51.077172423492854,51.02648359843514,50.90752393478219,50.8330776425972,50.62946831599762,50.112190250049,57.96770682074764,54.77670100551151,53.27777046547814,57.142032912566044,"rgba(0, 255, 0, 1.0)",1.9338404119108823,59.846109074294574,2.2514220402516183,65.60348617649935,9.795920048074947,False,False,True,False,True,20.0,0.0,0.0,0.0,0.0,0,1.087295486988032,0.8345228944767764,False,False,False,False,0.34282824561637276,0.3348490575938591,False,False,False,False,52611.0,44982.15616736269,False,False,False,False,1114.589540269438,False,False,False,False
2025-06-16 16:00:00+00:00,64.2,64.59,64.165,64.59,1816.0,,,,62.96708347966568,62.60694147657261,60.85022068791879,59.549586448944375,58.83683849575506,57.85920821975995,57.161230229877944,56.561861817173835,53.59110022295232,53.33159207709061,52.859543920739824,52.85129476180456,52.55214083464858,52.004008215761466,51.47424757183949,51.24837098851675,51.09898462583354,51.022999294858984,50.946136690995786,50.78412689819746,50.47314353352472,,,,,63.08556823604806,61.1397477215477,60.56665098929144,58.954131937560675,58.025629361852936,57.79017469938427,57.778334419514756,57.40094969908766,54.82954096142926,53.393438519907676,52.947718489312585,52.59766989024275,52.43157828841826,51.70779288044491,51.330310984233556,51.12733019288196,51.07650972407796,50.95721176539527,50.882544773287606,50.67823161948066,50.15971317387969,58.025629361852936,54.82954096142926,53.33159207709061,57.20352790392336,"rgba(0, 255, 0, 1.0)",1.9498364172552969,59.91454782154983,2.3978689376576576,69.46909929192248,13.420909928014225,True,False,True,False,True,20.0,0.0,0.0,0.0,0.0,0,1.0855444236485754,0.835626995486073,False,False,False,False,0.3428282458180915,0.33883865170597527,False,False,False,False,54427.0,45128.587854690406,False,False,False,False,1125.4641210404543,False,False,False,False
2025-06-16 17:00:00+00:00,64.59,64.705,64.45,64.58,2100.0,,,,63.077753483351884,62.69604105687558,60.92452253055954,59.61973356980588,58.906010751207624,57.92612892006445,57.22516946149165,56.622796436857755,53.65375705255799,53.39390796212205,52.92091582312729,52.91264147958824,52.61296812478721,52.06399463729822,51.53326156715402,51.306836468293255,51.156992397229395,51.08076561238031,51.00364472219877,50.84102027849792,50.52893790788118,,,,,63.20365339460832,61.216082381048,60.63831681596101,59.024202970345954,58.092662410732565,57.85696099054867,57.84510987400886,57.46676246574188,54.89074524007402,53.4558378119418,53.00931976846828,52.65853826098383,52.492317414470605,51.76728192813863,51.3890114415285,51.185426349494286,51.13445426745986,51.014766726627386,50.93984556039683,50.73472188247892,50.21477319496396,58.092662410732565,54.89074524007402,53.39390796212205,57.2740215614744,"rgba(0, 255, 0, 1.0)",1.9528845608763032,59.99208324825052,2.349302587394502,71.92478570632858,15.718956404826372,True,False,True,False,True,20.0,0.0,0.0,0.0,0.0,0,1.0851391486085147,0.8325816741832583,False,False,False,False,0.34282824601315237,0.3408334488595638,False,False,False,False,52327.0,45240.191143764976,False,False,False,False,1140.573204435176,False,False,False,False
2025-06-16 18:00:00+00:00,64.58,64.62,64.42,64.51,1051.0,,,,63.125573175230585,62.736312076888005,60.959998747090886,59.65368329628333,58.939638147702475,57.958817240836886,57.25649247651127,56.65271255523023,53.684672243012386,53.42466647634482,52.95122906095576,52.94294265818933,52.64302457538822,52.09365514490582,51.56245885907345,51.33576983539824,51.18570431458673,51.10936056656129,51.03211440377558,50.86919118103425,50.55657441715466,,,,,63.253656182815185,61.25234988360095,60.672684507548915,59.058238201085636,58.125384410960294,57.88959275662994,57.877737798314286,57.49896738122561,54.920895721885245,53.48663477892279,53.03974234523396,52.68861339021985,52.5223344473105,51.7967064495043,51.41805828949095,51.21418105653882,51.16313562190799,51.043259239998676,50.96821473115115,50.76269669029957,50.242054203419364,58.125384410960294,54.920895721885245,53.42466647634482,57.307770403524266,"rgba(0, 255, 0, 1.0)",1.9514980962892965,60.028198668474865,2.296595287511233,72.64455846761406,16.514095501983277,True,False,True,False,True,20.0,0.0,0.0,0.0,0.0,0,1.0803591221458666,0.8452671248060298,False,False,False,False,0.3380046100373203,0.33941902944844204,False,False,False,False,51276.0,45333.76957564459,False,False,False,False,1139.1844725834678,False,False,False,False
2025-06-16 19:00:00+00:00,64.51,64.635,64.505,64.635,1046.0,,,,63.172511860671555,62.77627626421752,60.99534722933046,59.68752127513215,58.9731524407181,57.99139808527359,57.28771970381468,56.68254388044689,53.715477970031436,53.455316068579684,52.981435760606885,52.973137376620954,52.6729757114773,52.12321195965913,51.59155464062639,51.36460312212123,51.21431744399349,51.13785741565109,51.06048671831709,50.89726651175436,50.584118421636894,,,,,63.30251664106503,61.28847337994082,60.706944894832134,59.09215498011546,58.15799972514094,57.92211728472388,57.91025844956503,57.53106770855871,54.95094889148348,53.51732268473015,53.07005771638309,52.71858319011096,52.552246122194276,51.82602832093649,51.44700440226338,51.2428367259869,51.19171835997699,51.071654244032615,50.99648711716895,50.79057708703158,50.26924439851263,58.15799972514094,54.95094889148348,53.455316068579684,57.34133036694284,"rgba(0, 255, 0, 1.0)",1.9510014476287771,60.06405465464699,2.342871324318333,73.70426897616017,17.761287933257705,True,False,True,False,True,20.0,0.0,0.0,0.0,0.0,0,1.076119568840983,0.844204911656851,False,False,False,False,0.3421982088255103,0.34080861913697613,False,False,False,False,52322.0,45442.11423338653,False,False,False,False,1137.7397520782977,False,False,False,False
2025-06-17 14:00:00+00:00,64.84,65.3,64.65,64.93,790.0,,,,63.21471369654226,62.811232835538625,61.02427961756962,59.71466835687236,58.999844294074805,58.01715507292487,57.31230914864042,56.70596840521566,53.73941318589329,53.47911508167185,53.0048663822559,52.99655830857998,52.69619321149029,52.14609920226527,51.6140636546865,51.38690079118752,51.23643970770085,51.15988722312671,51.08241772837029,50.91896287840764,50.605394837333414,,,,,63.3470030123893,61.318227042386425,60.734841885309415,59.11919384787078,58.183813271908896,57.947818304665866,57.9359544319255,57.55637453932884,54.97438574885164,53.54115493383526,53.09357698365201,52.74181737733481,52.57542721611284,51.84872138808387,51.46939225403163,51.26499284740679,51.21381635494588,51.093603141960344,51.01833881713613,50.81211957717575,50.290238177500896,58.183813271908896,54.97438574885164,53.47911508167185,57.368419159069155,"rgba(0, 255, 0, 1.0)",1.9493840399305822,60.09393819102585,2.4808153293110835,75.62969975373306,19.851883305335548,True,False,True,False,True,20.0,0.0,0.0,0.0,0.0,0,1.081972639011475,0.8295454545454549,False,False,False,False,0.3428282463756913,0.3418184327563337,False,False,False,False,53112.0,45561.02719100844,False,False,False,False,1132.3484380925875,False,False,False,False
2025-06-17 15:00:00+00:00,64.93,65.33,64.93,65.16,587.0,,,,63.24790633811092,62.83860650540004,61.04647626835228,59.735345344760404,59.02011806727414,58.03666352499111,57.330905850625406,56.723665740830114,53.757416323891626,53.49701123715946,53.02247818712709,53.014162715171224,52.713640328248886,52.163290659454134,51.63096459690349,51.40364058987948,51.25304632783535,51.176423700670604,51.0988793199754,50.93524691105154,50.62136101276025,,,,,63.38206144587678,61.34110210969602,60.75620759555029,59.13973813523687,58.20337334016748,57.967281007877034,57.9554127305495,57.57552156677207,54.9920419043617,53.55907714365181,53.11125670060302,52.759277721131234,52.59284516547518,51.86576327546383,51.48620061301718,51.281625163965266,51.23040453110551,51.1100782570644,51.03474028192459,50.8282872071982,50.30598946578413,58.20337334016748,54.9920419043617,53.49701123715946,57.38906991333666,"rgba(0, 255, 0, 1.0)",1.9537541432465857,60.116950987402674,2.58120963173862,77.71447833989801,22.065002031303052,True,False,True,False,True,20.0,0.0,0.0,0.0,0.0,0,1.0979501385041561,0.8243767313019393,False,False,False,False,0.3428282465087208,0.34232333963252726,False,False,False,False,53699.0,45687.197312078075,False,False,False,False,1123.8934235485162,False,False,False,False
2025-06-17 16:00:00+00:00,65.16,65.3,65.04,65.075,748.0,,,,63.28854432501822,62.87254478554236,61.074404994372955,59.761458204107626,59.04575228162153,58.06136257328976,57.35447049756486,56.74610525440145,53.78027171836221,53.51973318390133,53.04484347249536,53.036518688977694,52.73579903150581,52.1851287099602,51.65243730801706,51.42491017550833,51.27414781600507,51.19743662693525,51.11979766571583,50.955940875085865,50.6416532396714,,,,,63.42475673567552,61.369844851023906,60.783124697187425,59.16570773308945,58.22813348830254,57.99192402580101,57.98005046475264,57.59977517010159,55.01444836283685,53.58183161211391,53.13370737171165,52.78145289852465,52.614967647763706,51.88741340282619,51.5075566955547,51.30275909141883,51.25148274369244,51.13101369541419,51.05558268712152,50.84883404165195,50.326010350367795,58.22813348830254,55.01444836283685,53.51973318390133,57.415062656891294,"rgba(0, 255, 0, 1.0)",1.9463676032157442,60.14570605348253,2.5325606213201497,77.83683984921207,22.48324413150314,True,False,True,False,True,20.0,0.0,0.0,0.0,0.0,0,1.1004991680532457,0.8211869107043818,False,False,False,False,0.3428282465423394,0.34257579308743336,False,False,False,False,52951.0,45799.81440801485,False,False,False,False,1118.0656185322603,False,False,False,False
2025-06-17 17:00:00+00:00,65.075,65.13,64.72,64.88,1836.0,,,,63.369811867583905,62.94376765926659,61.13760525670249,59.82181887648674,59.10544689258016,58.119332571101914,57.41003320476004,56.79919510550855,53.83486404580931,53.57404227424804,53.09836168386776,53.09001570166264,52.78885976261123,52.23748141027217,51.70396724065902,51.4759744691851,51.32482291510639,51.247906249164714,51.17004736103942,51.00566672424747,50.69044099845051,,,,,63.50839135101978,61.434419137979546,60.84442137026639,59.226107134062154,58.286181689852064,58.04978950077905,58.03790797557172,57.6568690525313,55.06779772741505,53.63621009019275,53.187418415526395,52.83454795234764,52.66795489345983,51.93934580230927,51.55882061399488,51.35350937796456,51.30210405374943,51.18130336613324,51.10565583839083,50.89821601044145,50.374170118485985,58.286181689852064,55.06779772741505,53.57404227424804,57.47452865198933,"rgba(0, 255, 0, 1.0)",1.923326856828854,60.209212801165506,2.4284937228691317,75.13291667739628,22.48324413150314,True,False,True,False,False,20.0,0.0,0.0,0.0,0.0,0,1.0900066181336872,0.8280388263842932,False,False,False,False,0.3236589201507551,0.33311735661909425,False,False,False,False,51115.0,45882.22038618516,False,False,False,False,1129.196384136411,False,False,False,False
2025-06-17 18:00:00+00:00,64.88,64.97,64.62,64.75,1856.0,,,,63.43781511986421,63.00644093199456,61.197281857076426,59.8798927384408,59.16324499689018,58.17584212138251,57.464417399878364,56.85131703186048,53.88886797585782,53.627795514674375,53.15138433401887,53.14301829322906,52.841460189645105,52.2894299379995,51.75514415601758,51.526707704277165,51.37518208192341,51.29806755662783,51.21999648682922,51.05510870462126,50.738974467713916,,,,,63.5768776297844,61.494992130925766,60.902639339427886,59.28451980234486,58.34271430201943,58.106219675819275,58.09433402475594,57.71266718720326,55.12044207981896,53.69002507374243,53.24062222018902,52.887178209556325,52.72049325312332,51.990902646175634,51.60974517494708,51.40394087957144,51.35241160054513,51.231291246951564,51.1554346598097,50.94732472241494,50.422099769409435,58.34271430201943,55.12044207981896,53.627795514674375,57.531280407216016,"rgba(0, 255, 0, 1.0)",1.8923655723618593,60.268043769873486,2.3684410113911496,71.60337649552261,26.8827982592004,True,False,True,False,False,20.0,0.0,0.0,0.0,0.0,0,1.0909790132952433,0.829139654982969,False,False,False,False,0.3132300922481497,0.32317372443362197,False,False,False,False,49259.0,45934.57355849236,False,False,False,False,1140.4646572505753,False,False,False,False
2025-06-17 19:00:00+00:00,64.725,64.75,64.265,64.355,3451.0,,,,63.521652519134946,63.09298451757192,61.293639673442804,59.97744291616997,59.26163191882413,58.27338379520043,57.559056974023115,56.94256388237994,53.984938366893886,53.72352582920904,53.24599849886259,53.23759994525203,52.93543139994573,52.38241553468001,51.846908056661015,51.61774201840627,51.46558892148714,51.388141137406336,51.3097111556719,51.1439589549013,50.82627547291362,,,,,63.656961823872834,61.5914487740888,60.997776933140955,59.38372544278936,58.44010429408209,58.20370417406185,58.191824478130634,57.80948456510226,55.21359943888496,53.785840476485156,53.33552499049904,52.981187488129,52.81439287116375,52.08327772564627,51.701098402192954,51.49446931268397,51.44273216534982,51.32107218942593,51.24486137032808,51.035605692788856,50.508388399543435,58.44010429408209,55.21359943888496,53.72352582920904,57.62564132464709,"rgba(0, 255, 0, 1.0)",1.8397692520807811,60.360285469866746,2.17131280219801,64.89266853658094,20.669706552429915,False,False,True,False,False,20.0,0.0,0.0,0.0,0.0,0,1.0793062070470172,0.8380058906948838,False,False,False,False,0.29089522918970756,0.30703447681166474,False,False,False,False,45808.0,45932.61117774054,False,False,False,False,1176.2869106265352,False,False,False,False
2025-06-18 14:00:00+00:00,64.765,64.765,64.57,64.73,232.0,,,,63.528070909708894,63.09935920841873,61.3003730460679,59.98418342656377,59.26840423948688,58.280074265214935,57.565538083557364,56.948806347772724,53.99147575495901,53.73003839779757,53.252432603950005,53.24403180456117,52.94182020858077,52.388734670509045,51.85314197999731,51.62392560902082,51.471729469798106,51.39425884767868,51.31580429748257,51.149993045380725,50.83220367711169,,,,,63.663234846895975,61.59821447853298,61.00440650406503,59.39055672432166,58.446788155300126,58.21038932905561,58.19850978939712,57.81611704028794,55.219950769209966,53.79235922401821,53.341979132717576,52.98757914487913,52.82077611842304,52.08955407943163,51.70730390511241,51.50061819770594,51.448866787510006,51.32716985293297,51.25093479446185,51.04160090562599,50.51424698351753,58.446788155300126,55.219950769209966,53.73003839779757,57.63218773741284,"rgba(0, 255, 0, 1.0)",1.7909969089668782,60.36681926887883,2.436174350316462,63.295823972268934,19.319939325304716,False,False,True,False,False,20.0,0.0,0.0,0.0,0.0,0,1.0812276325778125,0.8332068105411563,False,False,False,False,0.3024081437412112,0.304721310276438,False,False,False,False,46040.0,45934.276120721304,False,False,False,False,1161.6468034850386,False,False,False,False
2025-06-18 15:00:00+00:00,64.73,65.215,64.73,65.215,129.0,,,,63.532722419227746,63.10369092627599,61.30450760357774,59.9882132058108,59.2724156775895,58.28399991014266,57.56932111651154,56.95243651308975,53.99523123134183,53.73377676913217,53.256121144938554,53.24771897786658,52.94547989309417,52.39234970839681,51.856704136264206,51.62745735817771,51.475235585190745,51.39775140004385,51.319282303098795,51.15343627652371,50.83558454351111,,,,,63.667920204844144,61.6024065191288,61.00844669281166,59.39460872193962,58.45071540373321,58.214309654927405,58.20242983548856,57.819994973976854,55.22361464290522,53.7961018090318,53.345680028057004,52.99124087888885,52.82443152748077,52.0931422723059,51.71084876212752,51.50412927085445,51.45236936345388,51.33065051429933,51.25440112019841,51.0450212726635,50.517586297044744,58.45071540373321,55.22361464290522,53.73377676913217,57.636124190173284,"rgba(0, 255, 0, 1.0)",1.752696666170332,60.37090860551427,2.763793352257662,64.96527067068206,19.319939325304716,False,False,True,False,False,20.0,0.0,0.0,0.0,0.0,0,1.082414016872162,0.8307376162664938,False,False,False,False,0.32669144425012525,0.31570637726328166,False,False,False,False,46169.0,45937.9152506326,False,False,False,False,1145.6367755240303,False,False,False,False
2025-06-18 16:00:00+00:00,65.25,65.29,65.155,65.155,251.0,,,,63.542557362537515,63.11269442685786,61.31284003011063,59.996262272621905,59.28040257744039,58.29179036557674,57.576814994796216,56.95961825961261,54.002627915825016,53.741137740504264,53.26338061325464,53.25497569823231,52.95268051988786,52.399459121555324,51.86370661651502,51.63439890159225,51.48212600950347,51.40461480297196,51.326116755169046,51.160201652028796,50.84222602607249,,,,,63.67790234658914,61.61087946716208,61.01656898015903,59.40268016196572,58.45851287326801,58.222088026403945,58.210207392351705,57.82768126706448,55.23084200890304,53.80347155137192,53.35296442144241,52.99844583738907,52.83162296075067,52.10019720575142,51.717816485327916,51.511029577068975,51.459252722233735,51.33749023679895,51.26121232316941,51.05174125114035,50.524144842138476,58.45851287326801,55.23084200890304,53.741137740504264,57.64400108445314,"rgba(0, 255, 0, 1.0)",1.7112014429573683,60.37919926339445,2.790905042922252,65.44493667648153,19.319939325304716,False,False,True,False,False,20.0,0.0,0.0,0.0,0.0,0,1.0863301559792038,0.830914211438475,False,False,False,False,0.34282824624937835,0.32926731175633,False,False,False,False,45918.0,45937.606487056895,False,False,False,False,1131.7664379190066,False,False,False,False
2025-06-18 17:00:00+00:00,65.155,65.245,65.105,65.225,432.0,,,,63.55913171098652,63.127949569412124,61.327067367426,60.010035490370534,59.29407939015788,58.305141495489536,57.589664354293156,56.97193716038179,54.015326165006336,53.75377551845944,53.27584564592309,53.267436040868716,52.96504541617063,52.41166882452143,51.875733978811304,51.64632215872731,51.493961844351745,51.41640441601953,51.337856834394636,51.17182349475013,50.85363578886919,,,,,63.69468913646165,61.62533566653581,61.0304472076453,59.41649971817597,58.471874576042815,58.23541907789582,58.2235371475294,57.840857929834755,55.24324627249302,53.81612419030175,53.365471958437944,53.01081805441373,52.84397237024286,52.112314080218994,51.729784498977075,51.522882313656424,51.47107647580931,51.34923933862188,51.272912624285,51.063285378070155,50.53541274405547,58.471874576042815,55.24324627249302,53.75377551845944,57.65747025042855,"rgba(0, 255, 0, 1.0)",1.7020695537394392,60.39333137782364,2.838702220811833,66.15914608777618,19.319939325304716,False,False,True,False,True,20.0,0.0,0.0,0.0,0.0,0,1.0876545888479074,0.8295725753959646,False,False,False,False,0.33889147159119265,0.33407939167376133,False,False,False,False,46350.0,45944.00018493198,False,False,False,False,1120.9173458582468,False,False,False,False
2025-06-18 18:00:00+00:00,65.225,65.47,65.105,65.105,657.0,,,,63.58423644210205,63.15111196035612,61.348699979172636,60.03098338345189,59.31488137679765,58.32545028247328,57.60921276653774,56.99068111569244,54.03464323709565,53.77300073795779,53.294808560054385,53.286391834860424,52.983856238529064,52.430243866565725,51.894032007849134,51.66446204882148,51.51196894762822,51.434341310696745,51.3557184895772,51.189505555704486,50.87099567063755,,,,,63.72009769520107,61.64731233881028,61.05155375557919,59.43751755028326,58.49219946293685,58.25569743057704,58.24381353093864,57.860902278932805,55.26211814267076,53.835371982660824,53.38449940504673,53.029640007473255,52.862759634266176,52.130748089447195,51.74799236979786,51.540915089559135,51.48906522715615,51.367114697413484,51.29071385575505,51.08084938668217,50.5525570416552,58.49219946293685,55.26211814267076,53.77300073795779,57.67794725984768,"rgba(0, 255, 0, 1.0)",1.6854877578858283,60.4148079629221,2.782691250727916,65.20227670373214,19.319939325304716,False,False,True,False,True,20.0,0.0,0.0,0.0,0.0,0,1.0879695155144269,0.8311377245508984,False,False,False,False,0.3428282461767108,0.33845381892523607,False,False,False,False,45693.0,45940.1087091966,False,False,False,False,1113.7248288681965,False,False,False,False
2025-06-18 19:00:00+00:00,65.105,65.37,65.105,65.34,1608.0,,,,63.644203463873176,63.20688499787366,61.401249340508585,60.08198821772987,59.36556669136062,58.37497745241063,57.65691786788708,57.03644829928934,54.081830865026085,53.81996732972463,53.34114125705997,53.332707284932624,53.029821258252525,52.475638772556515,51.938755772935785,51.7088020770006,51.555986490375744,51.478188302696836,51.39938267027787,51.23273321001182,50.91344002030911,,,,,63.78062322602557,61.700647274513194,61.10287414824505,59.48871747921997,58.541761117375,58.3051528814035,58.29326452248114,57.90980155522274,55.3082144459591,53.88239292614966,53.43098831204414,53.07563180418128,52.908668110783594,52.17580151467335,51.79249744177479,51.5849949888897,51.53303820164377,51.41081218672596,51.33423121444346,51.1237900385896,50.594477343667435,58.541761117375,55.3082144459591,53.81996732972463,57.727750960749965,"rgba(0, 255, 0, 1.0)",1.6650243674328513,60.46687210649399,2.926760706222844,66.06843071107191,19.319939325304716,False,False,True,False,True,20.0,0.0,0.0,0.0,0.0,0,1.0773240660295405,0.8359035621198958,False,False,False,False,0.3387144736292352,0.33858414627723565,False,False,False,False,47301.0,45961.207798976495,False,False,False,False,1121.3880098159764,False,False,False,False
2025-06-19 14:00:00+00:00,65.34,65.34,65.34,65.34,0.0,,,,63.644203463873176,63.20688499787366,61.401249340508585,60.08198821772987,59.36556669136062,58.37497745241063,57.65691786788708,57.03644829928934,54.081830865026085,53.81996732972463,53.34114125705997,53.332707284932624,53.029821258252525,52.475638772556515,51.938755772935785,51.7088020770006,51.555986490375744,51.478188302696836,51.39938267027787,51.23273321001182,50.91344002030911,,,,,63.78062322602557,61.700647274513194,61.10287414824505,59.48871747921997,58.541761117375,58.3051528814035,58.29326452248114,57.90980155522274,55.3082144459591,53.88239292614966,53.43098831204414,53.07563180418128,52.908668110783594,52.17580151467335,51.79249744177479,51.5849949888897,51.53303820164377,51.41081218672596,51.33423121444346,51.1237900385896,50.594477343667435,58.541761117375,55.3082144459591,53.81996732972463,57.727750960749965,"rgba(0, 255, 0, 1.0)",1.64091239726456,60.46687210649399,2.9697672475566863,66.6458667159651,19.319939325304716,False,False,True,False,True,20.0,0.0,0.0,0.0,0.0,0,1.0896748056498424,0.833570568268915,False,False,False,False,0.34282824622454394,0.3407061962508898,False,False,False,False,47301.0,45981.97977108539,False,False,False,False,1104.0021491986745,False,False,False,False
2025-06-19 15:00:00+00:00,65.34,65.34,65.34,65.34,0.0,,,,63.644203463873176,63.20688499787366,61.401249340508585,60.08198821772987,59.36556669136062,58.37497745241063,57.65691786788708,57.03644829928934,54.081830865026085,53.81996732972463,53.34114125705997,53.332707284932624,53.029821258252525,52.475638772556515,51.938755772935785,51.7088020770006,51.555986490375744,51.478188302696836,51.39938267027787,51.23273321001182,50.91344002030911,,,,,63.78062322602557,61.700647274513194,61.10287414824505,59.48871747921997,58.541761117375,58.3051528814035,58.29326452248114,57.90980155522274,55.3082144459591,53.88239292614966,53.43098831204414,53.07563180418128,52.908668110783594,52.17580151467335,51.79249744177479,51.5849949888897,51.53303820164377,51.41081218672596,51.33423121444346,51.1237900385896,50.594477343667435,58.541761117375,55.3082144459591,53.81996732972463,57.727750960749965,"rgba(0, 255, 0, 1.0)",1.626864718042606,60.46687210649399,2.995410644450643,67.03082405256055,19.319939325304716,False,False,True,False,True,20.0,0.0,0.0,0.0,0.0,0,1.0880600308982575,0.8341425733833592,False,False,False,False,0.34282824622454394,0.34176722123771686,False,False,False,False,47301.0,46002.429697115076,False,False,False,False,1086.8858368079973,False,False,False,False
2025-06-19 16:00:00+00:00,65.34,65.34,65.34,65.34,0.0,,,,63.644203463873176,63.20688499787366,61.401249340508585,60.08198821772987,59.36556669136062,58.37497745241063,57.65691786788708,57.03644829928934,54.081830865026085,53.81996732972463,53.34114125705997,53.332707284932624,53.029821258252525,52.475638772556515,51.938755772935785,51.7088020770006,51.555986490375744,51.478188302696836,51.39938267027787,51.23273321001182,50.91344002030911,,,,,63.78062322602557,61.700647274513194,61.10287414824505,59.48871747921997,58.541761117375,58.3051528814035,58.29326452248114,57.90980155522274,55.3082144459591,53.88239292614966,53.43098831204414,53.07563180418128,52.908668110783594,52.17580151467335,51.79249744177479,51.5849949888897,51.53303820164377,51.41081218672596,51.33423121444346,51.1237900385896,50.594477343667435,58.541761117375,55.3082144459591,53.81996732972463,57.727750960749965,"rgba(0, 255, 0, 1.0)",1.6011792051010063,60.46687210649399,3.0434618923236685,67.28746227695751,19.319939325304716,False,False,True,False,True,20.0,0.0,0.0,0.0,0.0,0,1.0837566316740048,0.8390337509876962,False,False,False,False,0.34282824622454394,0.34229773373113037,False,False,False,False,47301.0,46022.56257002802,False,False,False,False,1070.0348936016717,False,False,False,False
2025-06-19 17:00:00+00:00,65.34,65.34,65.34,65.34,0.0,,,,63.644203463873176,63.20688499787366,61.401249340508585,60.08198821772987,59.36556669136062,58.37497745241063,57.65691786788708,57.03644829928934,54.081830865026085,53.81996732972463,53.34114125705997,53.332707284932624,53.029821258252525,52.475638772556515,51.938755772935785,51.7088020770006,51.555986490375744,51.478188302696836,51.39938267027787,51.23273321001182,50.91344002030911,,,,,63.78062322602557,61.700647274513194,61.10287414824505,59.48871747921997,58.541761117375,58.3051528814035,58.29326452248114,57.90980155522274,55.3082144459591,53.88239292614966,53.43098831204414,53.07563180418128,52.908668110783594,52.17580151467335,51.79249744177479,51.5849949888897,51.53303820164377,51.41081218672596,51.33423121444346,51.1237900385896,50.594477343667435,58.541761117375,55.3082144459591,53.81996732972463,57.727750960749965,"rgba(0, 255, 0, 1.0)",1.572853486530497,60.46687210649399,3.0982719847959137,67.4585544265555,19.319939325304716,False,False,True,False,True,20.0,0.0,0.0,0.0,0.0,0,1.0851595321903043,0.8360395140229363,False,False,False,False,0.34282824622454394,0.3425629899778372,False,False,False,False,47301.0,46042.383305376425,False,False,False,False,1053.4452053287775,False,False,False,False
2025-06-19 18:00:00+00:00,65.34,65.34,65.34,65.34,0.0,,,,63.644203463873176,63.20688499787366,61.401249340508585,60.08198821772987,59.36556669136062,58.37497745241063,57.65691786788708,57.03644829928934,54.081830865026085,53.81996732972463,53.34114125705997,53.332707284932624,53.029821258252525,52.475638772556515,51.938755772935785,51.7088020770006,51.555986490375744,51.478188302696836,51.39938267027787,51.23273321001182,50.91344002030911,,,,,63.78062322602557,61.700647274513194,61.10287414824505,59.48871747921997,58.541761117375,58.3051528814035,58.29326452248114,57.90980155522274,55.3082144459591,53.88239292614966,53.43098831204414,53.07563180418128,52.908668110783594,52.17580151467335,51.79249744177479,51.5849949888897,51.53303820164377,51.41081218672596,51.33423121444346,51.1237900385896,50.594477343667435,58.541761117375,55.3082144459591,53.81996732972463,57.727750960749965,"rgba(0, 255, 0, 1.0)",1.5494809273254062,60.46687210649399,3.145006697125102,67.57261585962081,19.319939325304716,False,False,True,False,True,20.0,0.0,0.0,0.0,0.0,0,1.0820665218882168,0.8392959195336609,False,False,False,False,0.34282824622454394,0.34269561810119054,False,False,False,False,47301.0,46061.89674250237,False,False,False,False,1037.1127215252307,False,False,False,False
2025-06-19 19:00:00+00:00,65.34,65.34,65.34,65.34,0.0,,,,63.644203463873176,63.20688499787366,61.401249340508585,60.08198821772987,59.36556669136062,58.37497745241063,57.65691786788708,57.03644829928934,54.081830865026085,53.81996732972463,53.34114125705997,53.332707284932624,53.029821258252525,52.475638772556515,51.938755772935785,51.7088020770006,51.555986490375744,51.478188302696836,51.39938267027787,51.23273321001182,50.91344002030911,,,,,63.78062322602557,61.700647274513194,61.10287414824505,59.48871747921997,58.541761117375,58.3051528814035,58.29326452248114,57.90980155522274,55.3082144459591,53.88239292614966,53.43098831204414,53.07563180418128,52.908668110783594,52.17580151467335,51.79249744177479,51.5849949888897,51.53303820164377,51.41081218672596,51.33423121444346,51.1237900385896,50.594477343667435,58.541761117375,55.3082144459591,53.81996732972463,57.727750960749965,"rgba(0, 255, 0, 1.0)",1.5232549460388085,60.46687210649399,3.1991544857139504,67.6486568149977,19.319939325304716,False,False,True,False,True,20.0,0.0,0.0,0.0,0.0,0,1.0911618209197278,0.8358623885092088,False,False,False,False,0.34282824622454394,0.3427619321628672,False,False,False,False,47301.0,46081.10764571939,False,False,False,False,1021.0334545248395,False,False,False,False
2025-06-20 14:00:00+00:00,65.54,65.54,64.89,65.04,2848.0,,,,63.73376382651364,63.29366926619364,61.488281878102356,60.16798129328603,59.45154502992262,58.459551460853916,57.738714405889375,57.11516434929118,54.16359257310287,53.9013911845035,53.42154682911556,53.41308440225507,53.10963669228786,52.554541443915454,52.01656154322057,51.7859696846364,51.63261276908894,51.55452771289269,51.47541395316343,51.30802601000224,50.98740706264344,,,,,63.86955130968859,61.7884356353517,61.18834667160218,59.57546822910227,58.626316381214,58.38963765951123,58.37774702176429,57.993515438145366,55.3878937557762,53.96390038948299,53.51164957778998,53.155487320408845,52.98840181568126,52.254149973862255,51.86994125083763,51.66172604974175,51.60958978578103,51.48689989971117,51.41001505744802,51.198596745231335,50.667564033429024,58.626316381214,55.3878937557762,53.9013911845035,57.81143490324621,"rgba(0, 255, 0, 1.0)",1.4914402525840906,60.55222525537115,3.0090208017741746,61.743176770189876,14.82194430109999,False,True,True,False,False,20.0,0.0,0.0,0.0,0.0,0,1.0814033478559972,0.8228617289612473,False,False,False,False,0.3326238064733858,0.3376928693181265,False,False,False,False,44453.0,46055.86566671599,False,False,False,False,1049.3585172453845,False,False,False,False
2025-06-20 15:00:00+00:00,65.03,65.29,65.03,65.03,798.0,,,,63.75633421278685,63.31612468613649,61.51169119073797,60.191367001054076,59.47501417254159,58.48273251035991,57.76119261875222,57.136838994816586,54.186203279983346,53.923916182388794,53.44380417544099,53.43533413459244,53.13173898684846,52.576404294096264,52.038132577148815,51.8073689938324,51.65386553426821,51.57570271687451,51.496505322385005,51.32891646128763,51.007936672529596,,,,,63.891732379402825,61.811956702710816,61.21141821161426,59.599130443701206,58.64947940984429,58.41279988120101,58.400909509226686,58.016496968422835,55.40989844034907,53.986446698535794,53.53397498854895,53.177599628720955,53.01048424952215,52.27586607370794,51.89141518339001,51.6830072000576,51.6308223496511,51.5080066348154,51.431039266792624,51.219354842226586,50.68785510987848,58.64947940984429,55.40989844034907,53.923916182388794,57.83416541634874,"rgba(0, 255, 0, 1.0)",1.461193554463158,60.575076359427115,3.048825138165644,57.64330771972526,11.164810588174518,False,True,True,False,False,20.0,0.0,0.0,0.0,0.0,0,1.0860227403238782,0.8300218215229126,False,False,False,False,0.3281550487740629,0.3329239590460947,False,False,False,False,43655.0,46018.64294320101,False,False,False,False,1045.4614859702622,False,False,False,False
2025-06-20 16:00:00+00:00,65.055,65.3,65.055,65.29,2333.0,,,,63.82276533859098,63.382129962105964,61.58024975996062,60.25982613800313,59.54370239383664,58.55057805836093,57.82699850777148,57.20031053191705,54.25236471672235,53.98982745333531,53.508935732208805,53.50044353205126,53.19641851269751,52.64038517259981,52.101262392384825,51.8699982680845,51.71606780330808,51.637678391617236,51.558237291568204,51.39006300336156,51.06803142192174,,,,,63.95713880649718,61.880844338394766,61.279001068453354,59.66837605527601,58.717274835682844,58.480590296614956,58.46870056232162,58.08376111115564,55.47430923908499,54.05242016141485,53.599304698868224,53.24230848429544,53.07510545085361,52.33941885565547,51.95426190038125,51.74529218110243,51.69296574048655,51.56978336504746,51.49257551229207,51.28011567789329,50.74725380985263,58.717274835682844,55.47430923908499,53.98982745333531,57.90074321182488,"rgba(0, 255, 0, 1.0)",1.4323680292341952,60.64211610734462,3.244895025435846,58.660406748243226,11.164810588174518,False,True,True,False,False,20.0,0.0,0.0,0.0,0.0,0,1.0875028821766208,0.8208439013142727,False,False,False,False,0.32957554631843794,0.3312497526822663,False,False,False,False,45988.0,46018.167858810295,False,False,False,False,1065.4233233970797,False,False,False,False
2025-06-20 17:00:00+00:00,65.33,65.6,65.33,65.37,1728.0,,,,63.87532055518837,63.43361488367588,61.632368589969374,60.311523214998225,59.59544593694549,58.60157236061686,57.876413689692974,57.247946469827966,54.30182536411451,54.03909244920125,53.5576055932163,53.54909668559775,53.244742766730695,52.68817392015537,52.14840467074696,51.91676325634758,51.76251225113204,51.68395285569809,51.60432908226527,51.435716623929295,51.11289743195819,,,,,64.0092738649989,61.93332173571096,61.330301582650854,59.72054980028211,58.768250835665015,58.53153629456874,58.51964575784259,58.134278055332395,55.52253114769405,54.10173364677362,53.64812450611283,53.29065603374013,53.123382397711545,52.386881373863105,52.00119030733099,51.79179869732373,51.739365943728316,51.61590862443753,51.53852055574839,51.32548065859041,50.79159611632391,58.768250835665015,55.52253114769405,54.03909244920125,57.95107087284592,"rgba(0, 255, 0, 1.0)",1.4224364739852562,60.69330904111481,3.287803036843156,60.27557406958165,11.164810588174518,False,True,True,False,True,20.0,0.0,0.0,0.0,0.0,0,1.095292899067788,0.8164345724479228,False,False,False,False,0.3428282463362272,0.33703899950924676,False,False,False,False,47716.0,46044.49083774347,False,False,False,False,1075.6958300110784,False,False,False,False
2025-06-20 18:00:00+00:00,65.37,65.58,65.37,65.445,1290.0,,,,63.91312471195502,63.47097835127491,61.67068332054648,60.349682436272,59.633691413649046,58.639325309852765,57.91303978534053,57.28328639679408,54.33856900763252,54.07569594067715,53.593776974520765,53.58525585323221,53.28066316063703,52.7237055013739,52.1834642918613,51.951546227100394,51.797059646125966,51.71837525389531,51.638617080845975,51.469681944181175,51.146282539768414,,,,,64.04666855841863,61.971843271214496,61.3680696741819,59.7590999483247,58.805982625254984,58.569257097470306,58.55736650359407,58.17170160379701,55.55834085779827,54.13837193714744,53.68440528749691,53.32659304168608,53.15926938271935,52.42217521357683,52.03609328392452,51.826391721777235,51.77388083059453,51.650221275565954,51.572700581933674,51.359233334752034,50.82459592631335,58.805982625254984,55.55834085779827,54.07569594067715,57.988218922750775,"rgba(0, 255, 0, 1.0)",1.4192298920497615,60.730911380750115,3.321582109887375,62.20564119607233,8.130076365931927,False,True,True,False,True,20.0,0.0,0.0,0.0,0.0,0,1.0936635944700472,0.8198156682027651,False,False,False,False,0.3428282463450304,0.3399336229271386,False,False,False,False,49006.0,46090.40570847613,False,False,False,False,1079.0183752822245,False,False,False,False
2025-06-20 19:00:00+00:00,65.445,65.61,65.28,65.35,2603.0,,,,63.981817419551554,63.540487411440125,61.74468795419899,60.424225379858974,59.708695940107006,58.71368647635757,57.98538059031396,57.353234246800234,54.41163891149011,54.14851423251191,53.665784860066644,53.65724034197623,53.35220058471845,52.79451551530089,52.25337648706807,52.02092506685568,51.865981152634035,51.78705373151772,51.70703384941623,51.537468682725915,51.21293592477195,,,,,64.11401731003451,62.045956984443436,61.441281388983505,59.834642960408004,58.880258108909594,58.64357413015851,58.63168646885304,58.245537626406076,55.629446236916756,54.21125307616469,53.7566214641423,53.398159719299805,53.23075007227098,52.4925354721341,52.10570456665734,51.89540188011273,51.842739298410976,51.71868622587109,51.64090711280489,51.42660451856708,50.89050062217657,58.880258108909594,55.629446236916756,54.14851423251191,58.06080119296448,"rgba(0, 255, 0, 1.0)",1.4120979631947472,60.80334285551157,3.2197887561582554,61.491156900425935,8.130076365931927,False,True,True,False,True,20.0,0.0,0.0,0.0,0.0,0,1.092814371257486,0.8192077383694151,False,False,False,False,0.34040906544138977,0.3401713441842642,False,False,False,False,46403.0,46095.25213160053,False,False,False,False,1102.645997370872,False,False,False,False
2025-06-23 14:00:00+00:00,65.845,65.845,65.52,65.775,1028.0,,,,64.0125727993181,63.57076810454679,61.77543919750757,60.4547975705846,59.739313610240316,58.743901075368164,58.014705544707255,57.38154415987265,54.44101110524021,54.17777431298181,53.69470183434469,53.68614765505581,53.3809179107513,52.82292291528963,52.28140851985109,52.048737568234756,51.89360695373278,51.814580468411506,51.734454085920746,51.5646333073607,51.23964053844887,,,,,64.14454892384259,62.07688474338041,61.471599081840445,59.865498603573,58.91045967621736,58.67376243011309,58.66187449461547,58.275487704966025,55.65809839430688,54.24054097177669,53.78562507865492,53.42689045705175,53.25944021255106,52.52075360227552,52.13361219396387,51.92306384428887,51.87033931828579,51.74612597766393,51.668241764055665,51.453600646040435,50.916898844079185,58.91045967621736,55.65809839430688,54.17777431298181,58.090594617634316,"rgba(0, 255, 0, 1.0)",1.4078768213679942,60.83361451026252,3.509813795312064,65.19265853829732,10.910375668983747,False,True,True,False,True,20.0,0.0,0.0,0.0,0.0,0,1.0936179929215673,0.8071697682383835,False,False,False,False,0.3428282465234642,0.3414997953538642,False,False,False,False,47431.0,46115.96140087804,False,False,False,False,1101.4886950860523,False,False,False,False
2025-06-23 15:00:00+00:00,65.775,65.93,65.465,65.465,1113.0,,,,64.04290161442529,63.60122784759409,61.807423800732,60.48692116345646,59.77160036865116,58.77588707452857,58.04582345048161,57.411638555943576,54.472378401930754,54.20903231375165,53.725611785948246,53.71704761262232,53.41162549283484,52.85331698377061,52.311417054595736,52.07851782664214,51.92319181698764,51.84406151288923,51.76382336247846,51.59373366196965,51.26825681331787,,,,,64.17442733161093,62.10894248799571,61.50323046832181,59.898015027669175,58.942414379873675,58.705728006813914,58.69384098470278,58.30724100358927,55.688650396288466,54.27182623412721,53.816624147358404,53.45761087945982,53.29012259001702,52.55095426646749,52.16349180171232,51.95268658137528,51.899897230023186,51.77551580647637,51.697521231342435,51.48252359769725,50.945194376818414,58.942414379873675,55.688650396288466,54.20903231375165,58.121906833228465,"rgba(0, 255, 0, 1.0)",1.4009395978263537,61.230656883225926,3.0225022715782526,62.704835504018156,10.910375668983747,False,True,True,False,False,20.0,0.0,0.0,0.0,0.0,0,1.1017916238731038,0.8032637224694739,False,False,False,False,0.3428282453498174,0.3421640203518408,False,False,False,False,46318.0,46119.09378225978,False,False,False,False,1101.6671649296793,False,False,False,False
2025-06-23 16:00:00+00:00,65.325,65.325,64.7,64.73,590.0,,,,64.05157085550279,63.61152468784089,61.82108306728283,60.50148267066181,59.786535971983795,58.790996446449384,58.06069737598281,57.42614647960221,54.48789276915742,54.22451834749956,53.74096945538772,53.73240107238851,53.42690915667294,52.86848805926036,52.32643404514199,52.0934361135016,51.93802229271642,51.85884497888985,51.77855581835472,51.60834166101475,51.28264073818076,,,,,64.18232811899962,62.122352793644076,61.51697868193251,59.91300787946277,58.95746341026179,58.72084639106234,58.708962910805866,58.3223578696204,55.703631215858415,54.287319740156775,53.832018002561696,53.472897162703674,53.30540351056939,52.566050696227414,52.17845420660595,51.96753414412281,51.91471568094065,51.79025783417015,51.712212737959355,51.49704919664917,50.95943460452027,58.95746341026179,55.703631215858415,54.22451834749956,58.13611570133931,"rgba(0, 255, 0, 1.0)",1.3749414172618466,61.2309302849525,2.5448864010626675,54.24837416325652,9.540938805936996,False,True,True,False,False,14.796677898307,0.0,0.0,0.0,0.0,0,1.0894755285597488,0.8284078962738,False,False,False,False,0.2819007947897556,0.3120324075707982,False,False,False,False,45728.0,46113.030312767376,False,False,False,False,1093.7343406672037,False,False,False,False
2025-06-23 17:00:00+00:00,64.73,65.38,64.73,65.38,527.0,,,,64.06131861489148,63.62228582206079,61.83413989374843,60.515125621489936,59.80043707094194,58.80496685816823,58.07440144811337,57.43948013167434,54.502036193464185,54.238629008899174,53.75495155095025,53.74637914338571,53.440816873686416,52.882281817543124,52.34007770683165,52.106986149964136,51.95149007494834,51.8722688299886,51.79193211829061,51.62160244938976,51.29569353194416,,,,,64.19154707347373,62.135263529607606,61.530043432935585,59.926976092996156,58.97139142754125,58.73481974900129,58.72293863307354,58.33630160289511,55.7173260151747,54.30143883128749,53.84603512651144,53.486808283638844,53.31930606569592,52.579770844097204,52.1920457265925,51.98101791259892,51.928172172015906,51.80364299949606,51.72555085157693,51.510233587545905,50.97235256557388,58.97139142754125,55.7173260151747,54.238629008899174,58.14943432118444,"rgba(0, 255, 0, 1.0)",1.380304226160985,61.24040472540332,2.9990455699103764,54.04294058651003,9.540938805936996,False,True,True,False,False,18.384083012516147,0.0,0.0,0.0,0.0,0,1.0855855855855867,0.8279048279048283,False,False,False,False,0.28561803714530354,0.29882522235805087,False,False,False,False,46255.0,46115.231393189584,False,False,False,False,1084.9477617421308,False,False,False,False
2025-06-23 18:00:00+00:00,65.4,65.505,65.25,65.26,2240.0,,,,64.10719987382244,63.671418528554604,61.89137624568564,60.57438463746493,59.86063217972482,58.86528620770669,58.13348847216728,57.49691794488902,54.56271657512933,54.29915629409811,53.81490791298967,53.806317965811616,53.500442339875214,52.94139866404784,52.398534600337015,52.16503587848258,52.009183992237325,51.92977288960399,51.849230888097466,51.678403446890435,51.351597946206105,,,,,64.23559448893157,62.192040716736926,61.58717096936211,59.98748436306637,59.03155472311514,58.795141548675474,58.783268830687696,58.39644336696156,55.77616591948653,54.36200519283045,53.906144937756146,53.54645025345621,53.37890432812745,52.63856243442839,52.25027518300713,52.03878094925528,51.985817189567946,51.86097993307663,51.78268472283378,51.566705475397846,51.02767273335729,59.03155472311514,55.77616591948653,54.29915629409811,58.20734841955942,"rgba(0, 255, 0, 1.0)",1.3739255687516676,61.29361677318191,2.8868981821350803,52.98986233360668,8.689712736345363,False,True,True,False,False,17.347446099929467,0.0,0.0,0.0,0.0,0,1.0997338886960557,0.8265648501677662,False,False,False,False,0.3140855729688962,0.3064553976634735,False,False,False,False,44015.0,46082.66966616338,False,False,False,False,1102.8555483817877,False,False,False,False
2025-06-23 19:00:00+00:00,65.26,65.33,64.81,64.82,3490.0,,,,64.1538208578893,63.727584448849385,61.968191744293506,60.65725977891155,59.94599759982439,58.95209101448806,58.21925549335947,57.5808225560531,54.65287462815779,54.38919298813088,53.90428177815062,53.89566899779707,53.58943460745526,53.029813504590926,52.48612507842072,52.252083771028836,52.09574320295389,52.016069787744954,51.935242419296735,51.76371564705321,51.43564967370596,,,,,64.27800323038177,62.267147136509564,61.6648088974686,60.07308637977531,59.11795613276575,58.88202494779648,58.87017661329064,58.483470831141894,55.86310067540031,54.452075097790086,53.99571260816392,53.63545178773508,53.4678956852838,52.726583030364885,52.33756761807879,52.12543538360739,52.07230959538483,51.94704532046729,51.86846716121085,51.651553923486816,51.110922285772226,59.11795613276575,55.86310067540031,54.38919298813088,58.288779633263196,"rgba(0, 255, 0, 1.0)",1.3619250320021004,61.35642079435455,2.543149677301844,49.328098052937094,5.2213215458804,False,True,False,False,False,13.664878005202684,0.0,0.0,0.0,0.0,0,1.0857831878732211,0.8318787322002759,False,False,False,False,0.2869318372286498,0.29669361744606165,False,False,False,False,40525.0,45996.504244982556,False,False,False,False,1139.8655398797443,False,False,False,False
2025-06-24 14:00:00+00:00,64.795,64.795,63.43,64.53,1536.0,,,,64.15605162381998,63.737252608232616,61.99286302632132,60.686729679093,59.97732579676367,58.984960979404846,58.25230001699938,57.61355128708824,54.689274891267196,54.42562535323046,53.9405861526267,53.93196652929709,53.62566812687592,53.06594935908317,52.52204582617773,52.287831725472856,52.13132300706203,52.05155805544015,51.97062967639355,51.79884928877313,51.47032587506371,,,,64.25166666666667,64.27736461704424,62.29034605578595,61.690551610722736,60.10434133743683,59.15052957699936,58.91498412203656,58.90315487660701,58.51680158930202,55.897803382064026,54.48850189690482,54.03206982422774,53.67167727820366,53.504159447355,52.76262707613908,52.373397811166974,52.161048193377695,52.10786672051952,51.98245231270724,51.90377345403673,51.68651832126529,51.145323605924624,59.15052957699936,55.897803382064026,54.42562535323046,58.74313123112584,"rgba(0, 255, 0, 1.0)",1.3500220451991352,61.64293067918758,2.1385349454694014,45.282855152922025,1.468632773880067,False,True,False,True,False,11.349068669881305,0.0,0.0,0.0,0.0,0,1.053367643768182,0.8480644439471922,False,False,True,False,0.20477336642592486,0.25073349193599326,False,False,False,False,38989.0,45887.86076831616,False,False,False,False,1146.0071594164924,False,False,False,False
2025-06-24 15:00:00+00:00,64.53,64.76,64.37,64.59,1727.0,,,,64.16648079808198,63.75424199994506,62.02383376305076,60.72223044076916,60.01461972958199,59.02366236389254,58.29099290516196,57.65173305315368,54.73123886354024,54.467598403635314,53.98236583286688,53.97373759643844,53.66733863472896,53.10746214953853,52.56327263975467,52.32884522251583,52.17213430388442,52.09225977008897,52.011211018029414,51.83913071686584,51.51006619612858,,,,64.42191439370723,64.28521957728876,62.319963391976245,61.72244953378011,60.14161171205974,59.188941854280934,58.9537665480013,58.94195570630067,58.55589628823956,55.937969272342656,54.53047504000537,54.073918408943726,53.71334263918946,53.54585402453278,52.80401198372228,52.41451094468435,52.20189908741759,52.14865061608178,52.023056908868746,51.94425824640089,51.726599958577594,51.184732247550365,59.188941854280934,55.937969272342656,54.467598403635314,58.783606404649355,"rgba(0, 255, 0, 1.0)",1.339201479839662,61.674210236742454,2.1772599621131294,43.12979627645761,-0.5293166778467935,False,True,False,True,False,11.698124529924979,0.0,0.0,0.0,0.0,0,1.0714126311091288,0.8527114483374251,False,False,False,False,0.24319665799661966,0.24696507496630646,False,False,False,False,40716.0,45807.67688043529,False,False,False,False,1155.0148003557715,False,False,False,False
2025-06-24 16:00:00+00:00,64.595,64.805,64.58,64.805,340.0,,,,64.16924000441634,63.75812998316318,62.03021300026112,60.72942454063737,60.02214058979253,59.031431871394226,58.298743329675155,57.659369741721626,54.73958933905163,54.475948368559415,53.990673579566526,53.982043571708104,53.67562240717204,53.115710831075425,52.571461326956594,52.336990338556205,52.18023853631839,52.10034188411984,52.01926887933609,51.84712833660265,51.51795510616478,,,,64.45098714034602,64.28753146721296,62.32610306054654,61.72898693458126,60.14913293478609,59.196658352003794,58.961550334444425,58.94974284704307,58.563732439669636,55.94597574988144,54.53882556274739,54.0822405087036,53.721625730308716,53.55414168272203,52.812233417747485,52.42267626539473,52.21001131895324,52.156749297603895,52.03111943422716,51.95229664927261,51.73455747441932,51.19255398322674,59.196658352003794,55.94597574988144,54.475948368559415,58.791601639288885,"rgba(0, 255, 0, 1.0)",1.3265879045391642,61.68079633160981,2.3550672048947208,43.62719178054568,-0.5293166778467935,False,True,False,True,False,12.942483537534727,0.0,0.0,0.0,0.0,0,1.0732763406239603,0.8488953036527148,False,False,False,False,0.2541467826150071,0.2505559287906568,False,False,False,False,41056.0,45734.00747143629,False,False,False,False,1142.3789119781625,False,False,False,False
2025-06-24 17:00:00+00:00,64.805,65.005,64.805,64.975,289.0,,,,64.17238620066544,63.762079955928236,62.03600835858898,60.735821402214015,60.02878300384146,59.03824860768339,58.305519246661206,57.66602969942333,54.74681697721243,54.483172235096035,53.997855299300426,53.98922366599329,53.68278002154008,53.12283258406257,52.57852644785606,52.34401594368547,52.18722764989547,52.10731131188714,52.02621678498796,51.85402305066076,51.52475383067158,,,,64.48643242548819,64.29035017224497,62.331725781489446,61.734887188617385,60.15578256920338,59.203434989117824,58.96837699295589,58.95657201109334,58.57059128056931,55.952923201337406,54.54605068985069,54.08943565158705,53.7287832425404,53.561301385776,52.819328878009465,52.429719989605665,52.21700756169814,52.16373344232495,52.03807144882177,51.95922728076384,51.7414168213752,51.199292660513606,59.203434989117824,55.952923201337406,54.483172235096035,58.79909163394814,"rgba(0, 255, 0, 1.0)",1.3076662452667944,61.68755387651813,2.5139794923827434,45.394090454074316,-0.5293166778467935,False,True,False,True,False,13.911372200797086,0.0,0.0,0.0,0.0,0,1.0779263844368314,0.8451420360340449,False,False,False,False,0.2725318871108313,0.26154390795074406,False,False,False,False,41345.0,45665.96084397216,False,False,False,False,1129.1482311722993,False,False,False,False
2025-06-24 18:00:00+00:00,64.975,65.17,64.75,64.75,420.0,,,,64.1766827992245,63.767585969765264,62.04427840101556,60.74499852724595,60.03832906302599,59.04806294416516,58.31528509058467,57.675635830006314,54.75726307211577,54.49361434226588,54.0082390600209,53.999605122332795,53.69313047076222,53.13313368419221,52.58874788157928,52.35418114158282,52.19734067033896,52.11739615971267,52.03627080479961,51.8640007635758,51.53459382764094,,,,64.5257409554731,64.29415914258203,62.3397340334349,61.74332079570453,60.165336121668126,59.21318911931913,58.978206655916466,58.96640545197463,58.5804728928933,55.96295766634226,54.55649427594532,54.09983833795037,53.739133332597326,53.571655401705016,52.8295932203847,52.43991105831646,52.22713078046179,52.17383936376247,52.048131366877506,51.9692565593181,51.75134377666408,51.20904680439851,59.21318911931913,55.96295766634226,54.49361434226588,58.80938276014281,"rgba(0, 255, 0, 1.0)",1.2900678276746351,61.6965620722918,2.3668816958346026,44.879744087250096,-0.5293166778467935,False,True,False,True,False,12.07533217706618,0.0,0.0,0.0,0.0,0,1.0760048187493167,0.8429525791260545,False,False,False,False,0.2773193519809715,0.2694316299658578,False,False,False,False,40925.0,45592.45757507337,False,False,False,False,1118.153684952574,False,False,False,False
2025-06-24 19:00:00+00:00,64.735,64.8,64.51,64.55,2685.0,,,,64.19302575755495,63.793382343548615,62.0911249297215,60.79896174891729,60.0951331932676,59.10717072027226,58.37450261896103,57.734171919932706,54.82177235736706,54.55815633115417,54.072520406183415,54.063873956208624,53.75726552497787,53.19706071660514,52.652267612465124,52.41738723316055,52.2602459645556,52.180138064185726,52.09883283555005,51.926112983049194,51.595893891625224,,,,64.56191153351436,64.30687435204294,62.384470940258325,61.791651857599334,60.22207226117177,59.271835110143385,59.037448100595896,59.02567647365066,58.64024925046695,56.02465368114738,54.62103197047211,54.16421827742055,53.803257843137224,53.63583409775674,52.893341576100234,52.50326483987305,52.290095050762694,52.2367039638616,52.110728315756475,52.03167432021541,51.813155980409874,51.26985251023887,59.271835110143385,56.02465368114738,54.55815633115417,58.86236591738841,"rgba(0, 255, 0, 1.0)",1.2681671423365521,61.735555605005686,2.219300832703171,43.16274070120737,-1.2638381706992945,False,True,False,True,False,10.47436612903073,0.0,0.0,0.0,0.0,0,1.0703014473827417,0.851996952878442,False,False,False,False,0.25092006990842525,0.2601758499371415,False,False,False,False,38240.0,45478.46598476216,False,False,False,False,1142.445875883542,False,False,False,False
2025-06-25 14:00:00+00:00,64.86,66.765,64.86,66.76,3091.0,,,,64.27181554361378,63.87199054610405,62.17392201550796,60.883052733763485,60.18003240673294,59.19187992537053,58.457446643941125,57.81484510850697,54.90627147118247,54.642433053616,54.156009677248285,54.14733951675594,53.84029589049421,53.27938072759947,52.73367879330382,52.498243895443494,52.34062070075438,52.260255714830805,52.17867270733299,52.00528028950485,51.67384658235054,,,,65.04186888712661,64.38518262236255,62.46716137775962,61.87393814110236,60.307419742409,59.35639508655454,59.122140660138975,59.11037642601689,58.72460826763764,56.1068728916783,54.705365026037136,54.24791617629305,53.886313338754526,53.71881977650883,52.97521138190227,52.58436518864001,52.370563395119675,52.317012311482756,52.19061963361372,52.11129084952392,51.89187824983396,51.347005516180936,59.35639508655454,56.1068728916783,54.642433053616,58.96130389144859,"rgba(0, 255, 0, 1.0)",1.2865519005442247,61.844292851926454,3.820838588784608,52.84437671622417,-3.3198581365095663,False,True,True,False,True,20.0,0.0,0.0,0.0,0.0,0,1.0678986710963467,0.8140573089701,False,False,False,False,0.34282824547565216,0.3015020477063968,False,False,False,False,41331.0,45414.16418654879,False,False,False,False,1172.6560173427117,False,False,False,False
2025-06-25 15:00:00+00:00,66.685,66.9,66.33,66.88,2075.0,,,,64.3365009807818,63.93456482300019,62.23543352771394,60.944057033605915,60.241078671904226,59.25222771810817,58.51623857219763,57.87182294916869,54.965161421345016,54.701120882110146,54.214071416146666,54.20538351516391,53.897991138818185,53.33650381303154,52.790103329044435,52.55425776150235,52.39628441086654,52.31573331148985,52.233949996973735,52.06007598120683,51.727772158041965,,,,65.32531365617035,64.45020942608916,62.52905359732994,61.93467954313098,60.36886765749914,59.4167214600308,59.18244286084844,59.170678120710164,58.78449647188483,56.16444440662371,54.76410310947736,54.306136760415825,53.9440331281677,53.776465384933545,53.03198291158704,52.640557149643286,52.42629499148612,52.37262759772359,52.245933631756536,52.16640698172534,51.946355776928925,51.40034805715428,59.4167214600308,56.16444440662371,54.701120882110146,59.03035366838499,"rgba(0, 255, 0, 1.0)",1.3088859749789767,61.922138637506826,3.7878481833169633,59.59403780808204,2.6232854565020105,False,True,True,False,True,20.0,0.0,0.0,0.0,0.0,0,1.0972706751487802,0.8134619331007595,False,False,False,False,0.34282824626510383,0.32216514698575033,False,False,False,False,43406.0,45383.02985807516,False,False,False,False,1186.6458465311966,False,False,False,False
2025-06-25 16:00:00+00:00,66.88,67.395,66.64,67.28,2750.0,,,,64.43078539672318,64.0247840588858,62.3215274554303,61.02846570612939,60.32516500282873,59.334960048373595,58.59663578755081,57.94960329057003,55.04494823009623,54.78059920965929,54.292646066618765,54.28393329657601,53.97603550889224,53.413716736409036,52.86632291087828,52.6299040491976,52.4714467114493,52.39063884432837,52.30857974878507,52.13404514289291,51.8005472958748,,,,65.65349292563535,64.54536693082385,62.615975464868846,62.01945001232152,60.45355820722655,59.49948594088243,59.26508877078918,59.25331916806174,58.86645102962318,56.24265847607507,54.84365759559048,54.38493602588068,54.02211599671494,53.85442860039674,53.10869212818431,52.7164503457535,52.50155103519592,52.447722822776065,52.32061363349763,52.24081476208761,52.01988885850952,51.47231523758105,59.49948594088243,56.24265847607507,54.78059920965929,59.12318440375744,"rgba(0, 255, 0, 1.0)",1.3344899251629965,62.027310514240256,3.9361027660948245,65.05124626419229,7.2974319618028005,False,False,True,False,True,20.0,0.0,0.0,0.0,0.0,0,1.1028617985538254,0.8099602810876876,False,False,False,False,0.34282824661078276,0.33249669679826654,False,False,False,False,46156.0,45395.0138912833,False,False,False,False,1210.8838954221858,False,False,False,False
2025-06-25 17:00:00+00:00,67.28,67.705,67.2,67.435,1588.0,,,,64.4889514637,64.08010438406275,62.37332322499483,61.07884459745569,60.37518930798412,59.38401108225571,58.64421659872885,57.995577929454925,55.091837420537594,54.82729167924104,54.33878299083529,54.33005524431134,54.02184583810715,53.45901339325639,52.91101499993243,52.67425181774375,52.515505919792695,52.434545173799535,52.352322130533544,52.17739591114408,51.84318994422678,,,,65.82606185483708,64.60420059166562,62.668388266375096,62.07035140408072,60.50396287790072,59.548582881077905,59.314078223174114,59.302303919723116,58.91497723635727,56.288720981108405,54.89039841702825,54.431209064226366,54.0679513076645,53.900184980263944,53.15368058615438,52.760945653076774,52.545666095389635,52.49174197453289,52.36438575806447,52.28442514183475,52.06298125042878,51.514475130133036,59.548582881077905,56.288720981108405,54.82729167924104,59.177574917951254,"rgba(0, 255, 0, 1.0)",1.3693756649338045,62.08908793919496,3.9039046754664377,69.04563246037281,10.70137246194281,True,False,True,False,True,20.0,0.0,0.0,0.0,0.0,0,1.1224074827165527,0.7990036600244006,False,False,False,False,0.3428282469528488,0.33766247187555765,False,False,False,False,47744.0,45431.43228056573,False,False,False,False,1216.7306567334697,False,False,False,False
2025-06-25 18:00:00+00:00,67.53,67.82,67.53,67.56,2118.0,,,,64.56789126359206,64.15517338515453,62.44332530607202,61.1467880058244,60.44258933097269,59.45003731474838,58.708239810725026,58.05742732684346,55.154780291759835,54.88996437107673,54.40070159972445,54.39195366451649,54.083320684271584,53.519789275869165,52.97097215039975,52.73374474429375,52.574610779640295,52.49344452005471,52.41100119392235,52.23554928800331,51.90039243013696,,,,66.03202678267719,64.68405789443146,62.7392594638038,62.13912105144447,60.57187934207291,59.61468244566806,59.380017594064675,59.368236196395415,58.98027383451987,56.35060691342128,54.953137427376234,54.493311551291406,54.12946069534395,53.96158465655361,53.2140383542003,52.82063713742067,52.60484605148981,52.550792928307395,52.42310472044676,52.342926812446855,52.12078782217659,51.57102735959989,59.61468244566806,56.35060691342128,54.88996437107673,59.24979771454084,"rgba(0, 255, 0, 1.0)",1.405566629352997,62.1706528891426,3.834287893799952,72.00541627041937,13.321063045455972,True,False,True,False,True,20.0,0.0,0.0,0.0,0.0,0,1.1258251244033728,0.7943536102366208,False,False,False,False,0.3428282471164768,0.3402453594960172,False,False,False,False,49862.0,45500.12325296006,False,False,False,False,1230.703824846129,False,False,False,False
2025-06-25 19:00:00+00:00,67.56,67.92,67.54,67.69,5030.0,,,,64.74488562328882,64.32517871095293,62.604787860895165,61.30456019612617,60.59947587440023,59.604178572311206,58.85802490336603,58.20238046863815,55.30270281332277,55.03729403678314,54.54634044357467,54.537546676746,54.22796378986561,53.66286396306504,53.11219157668798,52.87390356236227,52.71387900879701,52.63224056676449,52.54929057701185,52.37262725962073,52.0352774504568,,,,66.39033954924098,64.86255519280427,62.902354274695746,62.298105628721245,60.72987341697952,59.768937027097635,59.53398335505745,59.52218947898414,59.132893397283645,56.49593114813823,55.10061302536771,54.63936629475999,54.27417929057648,54.10606538115104,53.356168627053634,52.96125090158649,52.74428672497756,52.689937505852086,52.56148608660144,52.480808133218275,52.257065937508514,51.7044163710225,59.768937027097635,56.49593114813823,55.03729403678314,59.412747090404494,"rgba(0, 255, 0, 1.0)",1.4479680294867072,62.349462893751024,3.6882976678305184,74.2979723409449,15.514077972946112,True,False,True,False,True,20.0,0.0,0.0,0.0,0.0,0,1.1199919061108876,0.7959328207203564,False,False,False,False,0.3428282471558241,0.3415368033259206,False,False,False,False,54892.0,45645.73374516223,False,False,False,False,1289.6076415151813,False,False,False,False
2025-06-26 14:00:00+00:00,68.415,68.47,68.015,68.47,811.0,,,,64.7769808001831,64.35567659578473,62.63285549296341,61.331612196498426,60.62622478221978,59.63029807333382,58.883318761600556,58.22679761107558,55.32736739499043,55.06184432379289,54.57058359434293,54.56178179351399,54.25202559831883,53.68663879570784,53.135635539679754,52.89716272744605,52.736985027137635,52.65526559687049,52.572228950383,52.39535950923626,52.057636408427825,,,,66.45426444535295,64.89504236747847,62.930817127724566,62.32564704555069,60.75683294856686,59.79510101105394,59.56006313011138,59.54826541727438,59.15869278216271,56.520252759062686,55.12519124931308,54.663683152423275,54.29825601804972,54.130093960967415,53.37977348947591,52.98458862064056,52.76742235797302,52.713022201418575,52.58444006856902,52.50367667874407,52.2796622471024,51.72651735446456,59.79510101105394,56.520252759062686,55.06184432379289,59.44069803497697,"rgba(0, 255, 0, 1.0)",1.512463216737252,62.380764178658445,4.026038950208325,77.42125510135645,18.61268190049381,True,False,True,False,True,20.0,0.0,0.0,0.0,0.0,0,1.1206241248249662,0.785857171434287,False,False,False,False,0.34282824750305047,0.34218252541448557,False,False,False,False,55703.0,45801.66035376437,False,False,False,False,1282.1873680033182,False,False,False,False
2025-06-26 15:00:00+00:00,68.47,68.525,68.135,68.315,1167.0,,,,64.82225089198182,64.39882583625979,62.67281009721894,61.37021168838334,60.664424874394996,59.66763814777471,58.919504834249636,58.2617499550167,55.362713386121555,55.09703014651947,54.60533606998671,54.596522886137066,54.286522167446265,53.72073041103724,53.16925874992491,52.93052358205342,52.77012811496611,52.68829347813653,52.60513351447102,52.42797054873061,52.08971575729618,,,,66.53945383124568,64.94082168671943,62.97130316127065,62.36488245480324,60.795326223392195,59.832499495938094,59.5973487695611,59.58554593433794,59.195590717809,56.55509527892361,55.160416255057434,54.698539927135535,54.332773467867185,54.1645441771411,53.413624742103934,53.01806111230567,52.80060756495133,52.7461349754763,52.617366863781584,52.53648187171078,52.31207965227368,51.758229630866595,59.832499495938094,56.55509527892361,55.09703014651947,59.480344640724226,"rgba(0, 255, 0, 1.0)",1.5638449526846516,62.8617958592378,3.4870491038134466,78.15883945272543,19.61305629172753,True,False,True,False,True,20.0,0.0,0.0,0.0,0.0,0,1.1224957639788709,0.7857071663510415,False,False,False,False,0.3428282475590403,0.34250538648676293,False,False,False,False,54536.0,45937.076472310655,False,False,False,False,1280.4015173366,False,False,False,False
2025-06-26 16:00:00+00:00,68.315,68.35,67.8,67.88,532.0,,,,64.84068539956881,64.41663317421326,62.68983391190864,61.38687639270892,60.681002720661326,59.68393864546224,58.935359690649356,58.27710725785279,55.37837281730699,55.11262792859066,54.620758057423764,54.61194010965227,54.301840444973145,53.73588503228856,53.184219656501675,52.945373746255356,52.78488529932296,52.7030013520918,52.61978847138499,52.44249896742678,52.10401489072538,,,,66.56936057698432,64.95938301427793,62.98848442701052,62.3816625599249,60.81201581904198,59.84881138694855,59.61363141906029,59.601827319887256,59.21173599203974,56.57048749521148,55.176029215390685,54.71400515238403,54.34809964080245,54.179845438707254,53.428680750117756,53.03295876473523,52.815382755636065,52.76087924362261,52.63203142357598,52.55109419654427,52.32652448351153,51.772372007306245,59.84881138694855,56.57048749521148,55.11262792859066,59.497226804998526,"rgba(0, 255, 0, 1.0)",1.5920339786544833,62.87425351482428,3.1442460100043523,75.14377186871117,19.61305629172753,True,False,True,False,True,20.0,0.0,0.0,0.0,0.0,0,1.1126144050935147,0.7984480700358139,False,False,False,False,0.3254430900969247,0.3339742382918438,False,False,False,False,54004.0,46062.1450541353,False,False,False,False,1268.7983930368075,False,False,False,False
2025-06-26 17:00:00+00:00,67.88,67.88,67.69,67.69,168.0,,,,64.84599474120128,64.42182105078061,62.694929043606024,61.391918298882,60.686039502038334,59.68891467049386,58.94021371652132,58.28181925855331,55.38320953030146,55.11744785094129,54.625527572286884,54.616708219498555,54.3065802538272,53.74057809375765,53.18885620562168,52.94997740183043,52.78946106555016,52.70756229733036,52.62433347753777,52.447005712376786,52.10845229314597,,,,66.5769158405186,64.96470868884452,62.993609691863085,62.38670013173906,60.81708282640433,59.85378742288724,59.61860344031446,59.606799194016865,59.21667384123053,56.57523073867511,55.18085329872207,54.71878731252322,54.35284155910693,54.18458084831265,53.43334525039391,53.037576619642046,52.81996392857273,52.76545114258193,52.63657933823981,52.555626364188086,52.33100592694805,51.776762395655844,59.85378742288724,56.57523073867511,55.11744785094129,59.50228549767804,"rgba(0, 255, 0, 1.0)",1.5972626499653142,62.87719949868155,3.0131553513900564,71.72937263775606,19.61305629172753,True,False,True,False,False,20.0,0.0,0.0,0.0,0.0,0,1.1058506927140448,0.8103259244493174,False,False,False,False,0.30589950929621507,0.31993687379402946,False,False,False,False,53836.0,46182.669937016915,False,False,False,False,1251.731751284299,False,False,False,False
2025-06-26 18:00:00+00:00,67.69,67.71,67.535,67.58,1344.0,,,,64.88569853950328,64.46096903937034,62.73416597841564,61.43105499057674,60.72525549481043,59.72779121709976,58.97821863847226,58.31877271726721,55.42131557972694,55.15543434252009,54.66313926335316,54.654309231092775,54.34397122091501,53.77762242596734,53.22547440129443,52.98634411490167,52.8256129884997,52.743599899828745,52.660247939460405,52.48262374007956,52.143532948148206,,,,66.62701251611193,65.00441623826553,63.03298116760825,62.42558334164422,60.85651225981476,59.89264471909975,59.65745687955223,59.64565281952716,59.255304551401956,56.61254196787499,55.21886958900075,54.7564945014362,54.39024729812388,54.22194194333077,53.47017543028699,53.074052430808436,52.85615752459273,52.80157331993385,52.67251636082213,52.59144165164836,52.36642776348787,51.811480866274415,59.89264471909975,56.61254196787499,55.15543434252009,59.54127371526682,"rgba(0, 255, 0, 1.0)",1.5945877633847534,62.903475186182064,2.9327484640238954,68.62698548914294,26.740210221591482,True,False,True,False,False,20.0,0.0,0.0,0.0,0.0,0,1.0973513243378321,0.8194902548725639,False,False,False,False,0.2950475039274938,0.30749218886076163,False,False,False,False,52492.0,46280.48900776084,False,False,False,False,1253.1622667682634,False,False,False,False
2025-06-26 19:00:00+00:00,67.58,67.89,67.57,67.685,2857.0,,,,64.96958167296224,64.54378806100448,62.81730695225073,61.51404270825629,60.80842930883202,59.81027942553294,59.05889539262111,58.39725247493397,55.50223738222008,55.23610637736614,54.74302538960262,54.734172923453144,54.42339421225739,53.856317674952024,53.303273472581374,53.06361368188073,52.90243004014904,52.82017604415068,52.73656454196179,52.55831536365481,52.21809114204505,,,,66.72883314771138,65.08828443635812,63.11638273883375,62.50800734143109,60.94012701359107,59.97508949036912,59.73989813203266,59.728094682110296,59.33728707544836,56.69178501180825,55.299603912780285,54.83658113769431,54.46970118123572,54.3013025790199,53.54842052340959,53.15155177716514,52.93306238371893,52.87832769788471,52.74888052271276,52.667549200930736,52.44170564386917,51.88527484398999,59.97508949036912,56.69178501180825,55.23610637736614,59.62379173481761,"rgba(0, 255, 0, 1.0)",1.5931216791839693,62.97890115092842,2.9540109274529134,67.0521528244407,24.935259376127533,True,False,True,False,False,20.0,0.0,0.0,0.0,0.0,0,1.0976656025538718,0.8146448523543497,False,False,False,False,0.30221881076352947,0.30485549981214555,False,False,False,False,55349.0,46421.08607740796,False,False,False,False,1278.0279680586777,False,False,False,False
2025-06-27 14:00:00+00:00,67.47,67.66,67.3,67.66,952.0,,,,64.99472695480016,64.56898455028883,62.84342980264558,61.54044412638219,60.835015114555326,59.83678854862011,59.08491147006418,58.42262715430327,55.528582761096615,55.26238418556929,54.76907181335708,54.76021247972634,54.44930441720232,53.88201457889082,53.32869963242833,53.08887602895746,52.92755067102681,52.84522103311624,52.76152782304538,52.58308097268864,52.242498067385505,,,,66.75336398771705,65.11330381931417,63.14248481974804,62.53400075965165,60.966829772585285,60.00156434113659,59.76640087299154,59.754599027773345,59.36368991388376,56.7175242292981,55.32589877418513,54.86268826059798,54.49561945885743,54.327197607722646,53.573982785752634,53.17688580105347,52.958210550587296,52.90342874115742,52.77385887374778,52.6924466786829,52.46634020427145,51.90944218500087,60.00156434113659,56.7175242292981,55.26238418556929,59.64980587996596,"rgba(0, 255, 0, 1.0)",1.5874408551091737,63.00157049510792,2.9345531141515826,65.77985512924386,23.32759155269541,True,False,True,False,False,20.0,0.0,0.0,0.0,0.0,0,1.0921787709497215,0.8215283320031924,False,False,False,False,0.28558648041084633,0.29522099011149594,False,False,False,False,54397.0,46544.74365760319,False,False,False,False,1272.9732708794734,False,False,False,False
2025-06-27 15:00:00+00:00,67.73,67.94,67.68,67.79,1745.0,,,,65.04420170400056,64.6180831977683,62.893212849788604,61.59033953787785,60.8850977581726,59.88655521188344,59.13365878223944,58.47010752407473,55.57762735059172,55.31128753681612,54.81751898925608,54.80864646974075,54.49748261071217,53.92977018001863,53.37592956215456,53.13579292904377,52.974198973164626,52.891726195460635,52.807878627343975,52.62905946884516,52.28780090070701,,,,66.80850910458992,65.16269773624877,63.19235593313872,62.58342553572708,61.01715713530373,60.05129271393038,59.816145126526266,59.804344514966715,59.413191701287595,56.76552832102089,55.37483747877826,54.91125286842143,54.54381499898992,54.37534144402358,53.62147519087007,53.22393889506477,53.0049109999399,52.95003985796938,52.82023801944899,52.73867313850613,52.512072049057586,51.95429037789018,60.05129271393038,56.76552832102089,55.31128753681612,59.6992356032456,"rgba(0, 255, 0, 1.0)",1.583047414677907,63.0494660191067,2.9945622202717352,65.63711857023762,22.682582310581154,True,False,True,False,False,20.0,0.0,0.0,0.0,0.0,0,1.106534375626379,0.8112848266185612,False,False,False,False,0.3075752098778548,0.3013980999946754,False,False,False,False,56142.0,46693.53832957833,False,False,False,False,1280.291514741807,False,False,False,False
2025-06-27 16:00:00+00:00,67.79,67.88,67.6,67.6,497.0,,,,65.0574263410943,64.63132205264128,62.90689585818725,61.604156273250425,60.89900582295476,59.900420512710575,59.14726821267971,58.483384425708,55.59139926034519,55.32502414483027,54.83113526025251,54.82225917619712,54.511027969856656,53.94320437561983,53.389222823142575,53.14900101257565,52.98733341233305,52.90482132536797,52.820931297997234,52.64200943305936,52.300564411985995,,,,66.8215497795702,65.17586336721413,63.20603102846089,62.59704012251367,61.03112561867033,60.06514092766392,59.83000693392065,59.81820711133112,59.4270009675453,56.778989077471344,55.388582991133845,54.92490066398264,54.55736459855903,54.38887878440809,53.63483926403498,53.23718422878333,53.01805974876184,52.963164114624284,52.8332985173694,52.75169160899628,52.52495391095313,51.96692915644041,60.06514092766392,56.778989077471344,55.32502414483027,59.71286002115553,"rgba(0, 255, 0, 1.0)",1.569858207862765,63.062127221105904,2.8906258897560164,63.65837419625254,20.298439307191714,False,False,True,False,False,20.0,0.0,0.0,0.0,0.0,0,1.1147458480120793,0.8050327126321091,False,False,False,False,0.30288743510070465,0.30214276754769,False,False,False,False,55645.0,46832.32068105773,False,False,False,False,1268.147460249686,False,False,False,False
2025-06-27 17:00:00+00:00,67.6,67.6,67.46,67.46,2.0,,,,65.0574755423865,64.63137186372164,62.90694862176949,61.604210046826886,60.8990601417227,59.90047487507521,59.14732169725511,58.48343669535045,55.59145376340148,55.32507852801269,54.831189201553244,54.82231310397894,54.51108165110073,53.9432576505946,53.38927556984472,53.1490534338603,52.98738554956675,52.904873310690526,52.82098311890864,52.642060854870564,52.30061510913294,,,,66.82159041039021,65.17591216298732,63.20608360893244,62.59709276165663,61.03118014013019,60.06519519229369,59.83006129542426,59.81826147804803,59.427055192215846,56.77904225323019,55.38863740490861,54.92495472376661,54.557418293674864,54.38893244148841,53.63489227833359,53.237236793312356,53.01811194124388,52.963216212650124,52.83335036874224,52.75174329750221,52.52500506787134,51.966979372504035,60.06519519229369,56.77904225323019,55.32507852801269,59.71291275994852,"rgba(0, 255, 0, 1.0)",1.5666755069718343,63.06217311660886,2.807107702788767,61.00822656125001,17.388248708433082,False,False,True,False,False,19.64044498094373,0.0,0.0,0.0,0.0,0,1.113057485150509,0.8068055975032723,False,False,False,False,0.28890039184522576,0.29552157969645787,False,False,False,False,55643.0,46968.92036042117,False,False,False,False,1248.5172670675204,False,False,False,False
2025-06-27 18:00:00+00:00,67.46,67.46,66.935,67.155,1042.0,,,,65.07949442688349,64.65419870033992,62.932353949538935,61.630566038306114,60.92586039328678,59.927492888346166,59.17402017644829,58.50961418919765,55.619013488487035,55.35259598546511,54.85851503944299,54.849632651344145,54.53829505172908,53.97029680137085,53.41607493029839,53.175699085192164,53.01389444834721,52.93130879574515,52.84733883967618,52.668221628095424,52.32642177354133,,,67.18333333333332,66.83243250110259,65.19757131762879,63.231257757529704,62.62256902351517,61.05804937904209,60.09213609506861,59.857090806146665,59.845295548455525,59.454081003447605,56.805842455210474,55.41616603239949,54.95233465446847,54.58463601651461,54.416140626392426,53.66181522066644,53.26395099765798,53.04464749092569,52.98970629862371,52.85972101219239,52.77803480482061,52.55103620515897,51.992554437915324,60.09213609506861,56.805842455210474,55.35259598546511,60.242460713377405,"rgba(0, 255, 0, 1.0)",1.550143649257917,63.44815073575908,2.3912940365336213,56.62623268451138,13.022825836677072,False,True,True,False,False,17.29194633825374,0.0,0.0,0.0,0.0,0,1.0997498749374695,0.8142071035517762,False,False,False,False,0.26697483768316027,0.28124820868980904,False,False,False,False,54601.0,47087.24717653867,False,False,False,False,1245.3154489734502,False,False,False,False
2025-06-27 19:00:00+00:00,67.155,67.31,66.97,67.08,1101.0,,,,65.10158420433353,64.67728551019191,62.95847676353326,61.65783057779782,60.953646763229905,59.955576463412065,59.20181674048564,58.53690256053027,55.6478329646286,55.38137820199523,54.8871093631959,54.878220622207145,54.566779236347976,53.99861085143967,53.44414906298744,53.20361694879708,53.0416722559167,52.959011303793204,52.874959412184126,52.69564142751859,52.35347676915999,,,67.15079483589982,66.84125988606053,65.21924085752897,63.25709260063796,62.6488124993375,61.08589524123428,60.12012947506915,59.88519067163789,59.87340085269144,59.48220086623356,56.83383861779695,55.44495829870015,54.980983190018634,54.613123715950735,54.444621947958126,53.69001387337355,53.2919389074898,53.07245261437322,53.01746486194575,52.887356968556574,52.80558942138896,52.578322389666006,52.019372090314704,60.12012947506915,56.83383861779695,55.38137820199523,60.266458345135526,"rgba(0, 255, 0, 1.0)",1.529237129486309,63.465327427650436,2.3637096580069166,53.10662891402329,9.60992416034005,False,True,False,False,False,16.720840089335805,0.0,0.0,0.0,0.0,0,1.107439671573046,0.8150595774506861,False,False,False,False,0.2632090440828972,0.27222862638635315,False,False,False,False,53500.0,47186.66970093342,False,False,False,False,1243.0780001521564,False,False,False,False
2025-06-30 14:00:00+00:00,67.615,68.35,67.615,68.13,1380.0,,,,65.14081001070335,64.71619388432667,62.99783543309888,61.69726432195347,60.993221616730466,59.99490834915551,59.24036357136984,58.574469792974796,55.686606550260585,55.42004216535699,54.925418900044605,54.91651990913147,54.60487951634297,54.036381944308964,53.48151026171628,53.24073394001726,53.07857965693052,52.99580697965,52.91163458767817,52.73202589158668,52.38933323997395,,,67.49584255842558,66.88536441413625,65.25842220562107,63.29652213764513,62.68789626542916,61.1256571491388,60.15943212103105,59.92450530331911,59.91271642338317,59.52132885616689,56.87180640355636,55.48364970923323,55.01938400366168,54.65123751500803,54.48269542566207,53.72757977173635,53.32916214509886,53.109400712697905,53.054343236579115,52.92405426563488,52.842167503420704,52.614514181285806,52.05487276108893,60.15943212103105,56.87180640355636,55.42004216535699,60.31784728223417,"rgba(0, 255, 0, 1.0)",1.523793570943317,63.520401965908476,3.025080379646115,57.43555018404718,9.60992416034005,False,True,True,False,True,20.0,0.0,0.0,0.0,0.0,0,1.105304596004331,0.8036610569825806,False,False,False,False,0.31918388313886237,0.29570625476260776,False,False,False,False,54880.0,47305.946139678636,False,False,False,False,1245.2008218552237,False,False,False,False
2025-06-30 15:00:00+00:00,68.04,68.535,67.785,68.535,940.0,,,,65.16922236748924,64.74416981478237,63.02562884587779,61.72490990126267,61.020887139849165,60.02231862341629,59.26717906098016,58.60057023388101,55.7134179541283,55.44676975956408,54.95188812517825,54.94298183419842,54.631196000744886,54.06245748401956,53.507290996223574,53.266341525982824,53.104039750945056,53.02118856673924,52.93693163483884,52.75711955759923,52.41405748887635,,,67.66205541862722,66.91981743350703,65.28687317492701,63.324426218614704,62.7154419325452,61.153465707178384,60.18683500699003,59.95189832097684,59.940109206404465,59.5485641220617,56.89810518054397,55.510398153828795,55.04591867951653,54.67756454871022,54.508990218451615,53.753506850301314,53.35484467340768,53.13488942433111,53.07978287394392,52.9493667676996,52.86739641664146,52.639473145717936,52.07934638640867,60.18683500699003,56.89810518054397,55.44676975956408,60.35095408865319,"rgba(0, 255, 0, 1.0)",1.5264049000577369,63.55635347457637,3.2616814354011234,61.88985522768412,4.8155818350061,False,False,True,False,True,20.0,0.0,0.0,0.0,0.0,0,1.1062542687091432,0.8014440433212997,False,False,False,False,0.33121658575316626,0.31346142025788704,False,False,False,False,55820.0,47437.94697472238,False,False,False,False,1240.469026167546,False,False,False,False
2025-06-30 16:00:00+00:00,68.535,68.83,68.525,68.83,941.0,,,,65.20112972066613,64.77519152586315,63.05548145284213,61.754208108084065,61.05005008122365,60.05103966030828,59.29517618725664,58.62774796599585,55.74108630397667,55.47433489855467,54.97915822953893,54.970243933706826,54.65829137236796,54.089276043174706,53.53378092927139,53.292643324825015,53.1301835001867,53.047248427284835,52.96290142993959,52.78287384114472,52.43942034923551,,,67.84772668393782,66.96331092823553,65.31895669245834,63.35451774396843,62.744920115173066,61.182805477234204,60.215574208358376,59.980590641365076,59.968799499955495,59.57703429231857,56.9253311045023,55.53798872323605,55.07326142541622,54.70467328985305,54.5360567111625,53.78015819413129,53.381227133849805,53.16106379499693,53.10590464423342,52.975352898761244,52.89329359867065,52.66508489533992,52.104440443640726,60.215574208358376,56.9253311045023,55.47433489855467,60.386626624167064,"rgba(0, 255, 0, 1.0)",1.5411493897227502,63.59701502817696,3.3955079285107073,65.85322516537147,8.454431481700723,True,False,True,False,True,20.0,0.0,0.0,0.0,0.0,0,1.130293799744523,0.7881497494350006,False,False,False,False,0.3428282477727248,0.3281448340153059,False,False,False,False,56761.0,47582.49043247862,False,False,False,False,1235.8260955292894,False,False,False,False
2025-06-30 17:00:00+00:00,68.83,68.83,68.445,68.445,909.0,,,,65.2300826461893,64.8035458773738,63.0832437301776,61.78165429830192,61.077448027884046,60.07811224145083,59.32162253112747,58.65346257665571,55.767384619257804,55.50054408262271,55.00510283693897,54.99618121178429,54.68407935449713,54.11481631102486,53.55902248563681,53.317711584517404,53.15510511664734,53.07209208721995,52.987661258661205,52.80743249740358,52.463613513627955,,,67.95220576587992,66.99986487499064,65.34800278525094,63.382440139850225,62.772392102060984,61.21035470677809,60.242650892255725,60.007641697518814,59.99584954752437,59.603906124036115,56.95116862253215,55.5642199742612,55.09927213224554,54.730472675862224,54.56182061885087,53.80554727420223,53.40637005647146,53.18601384594927,53.1308058933406,53.00012799432456,52.917985847400466,52.68951038434491,52.12838406682576,60.242650892255725,56.95116862253215,55.50054408262271,60.41713416179797,"rgba(0, 255, 0, 1.0)",1.5604976192936642,63.630327021887624,3.0853446481332405,65.28938694027585,8.454431481700723,True,False,True,False,True,20.0,0.0,0.0,0.0,0.0,0,1.1213425971230069,0.7905861630296508,False,False,False,False,0.3401735016591031,0.3341591678372045,False,False,False,False,55852.0,47710.69988313786,False,False,False,False,1230.7590242807732,False,False,False,False
2025-06-30 18:00:00+00:00,68.45,68.95,68.45,68.86,1385.0,,,,65.27557764145021,64.84796767575057,63.12638016427539,61.824147699100756,61.119804700054445,60.119899379665426,59.3624073206802,58.693094375991045,55.807807828629585,55.54082381847932,55.044965461030145,55.03603241166789,54.72369486076433,54.154040405506024,53.59777848579162,53.35619796223553,53.193364233715386,53.11023048200711,53.025669940897885,52.84513037031474,52.50074662567331,,,68.09634212349528,67.05849443934785,65.39369044505365,63.425869866865916,62.81503899016836,61.25295407065488,60.284454851530576,60.0493914869759,60.037597065184364,59.64535770868431,56.99092269041628,55.60453513880947,55.13923813790837,54.7701066986378,54.601396504962246,53.84453376382394,53.44497228326342,53.22431701240783,53.16903341984519,53.038160244923375,52.955889946775386,52.727002581671485,52.16513012018583,60.284454851530576,56.99092269041628,55.54082381847932,60.463711819674806,"rgba(0, 255, 0, 1.0)",1.5889618600816626,63.681578951941674,3.2589964417347232,66.54422580618287,9.366899885031316,True,False,True,False,True,20.0,0.0,0.0,0.0,0.0,0,1.1284932577682243,0.7861051397303106,False,False,False,False,0.3428282477861024,0.33849370781165344,False,False,False,False,57237.0,47858.39445859308,False,False,False,False,1233.1503572376603,False,False,False,False
2025-06-30 19:00:00+00:00,68.86,69.05,68.71,68.99,2995.0,,,68.91666666666666,65.37448707366995,64.94457036854996,63.22009639893286,61.91641437000035,61.211745568964034,60.21058364426151,59.45092084668591,58.77911608400385,55.89545853928251,55.62816166905754,55.1313988102668,55.12244106571884,54.809591893644985,54.239087080993016,53.68181022677667,53.43964622879412,53.27632123921815,53.19292655453093,53.108085700366466,52.92687470315882,52.58127046233621,,,68.32610664297515,67.18378938994829,65.49301936437408,63.520231318904074,62.90769319887238,61.34541851639984,60.375181211931945,60.13999334750262,60.12819364289854,59.735307725947536,57.07716105749687,55.691950198568414,55.225895182872726,54.85604428150309,54.687206413125104,53.92906485186798,53.52867104086702,53.30736923299852,53.25192210919862,53.120626897023314,53.03807966479371,52.80830256865116,52.244815975442926,60.375181211931945,57.07716105749687,55.62816166905754,61.11318243356137,"rgba(0, 255, 0, 1.0)",1.616075144872685,64.22331758394702,2.9495425575823044,67.85424503669248,10.954349636643087,True,False,True,False,True,20.0,0.0,0.0,0.0,0.0,0,1.1334764367255348,0.7811493804273587,False,False,False,False,0.3428282477397958,0.3406609777757246,False,False,False,False,60232.0,48050.23330419629,False,False,False,False,1260.4658555750607,False,False,False,False
2025-07-01 14:00:00+00:00,68.99,68.99,68.28,68.43,315.0,,,68.88335850956696,65.3835813556665,64.9535928134242,63.22918223979742,61.92550099042826,61.22085606894743,60.219633771484986,59.45979435968594,58.787769926300605,55.90436319227081,55.63704101588739,55.14019768543446,55.13123763233143,54.81834310743839,54.2477630343749,53.69039292818352,53.44817363353067,53.28480130839323,53.20138139226038,53.11651333400253,52.935236751907546,52.58951321682535,,,68.33299040092054,67.19352752690095,65.50210693535823,63.52933618189555,62.916716756012484,61.35457040664013,60.38422619965696,60.14903921782459,60.13723963313995,59.7443101305762,57.08589278016891,55.70083586941357,55.23471466687931,54.86479866959906,54.695951225138664,53.93769402730883,53.5372224518901,53.31585849344851,53.260395614542,53.12905951502,53.04648536672126,52.8166211291429,52.252977898356896,60.38422619965696,57.08589278016891,55.63704101588739,61.1204151453713,"rgba(0, 255, 0, 1.0)",1.6264908614941338,64.23016423281078,2.582145320712812,64.4531355043378,10.954349636643087,True,False,True,False,False,19.487310532564937,0.0,0.0,0.0,0.0,0,1.1192962103634965,0.788089713843774,False,False,False,False,0.3263301094065449,0.33349554359113476,False,False,False,False,59917.0,48234.214183200995,False,False,False,False,1245.8074702173078,False,False,False,False
2025-07-01 15:00:00+00:00,68.43,68.43,67.86,67.87,547.0,,,68.76564428312159,65.39672408465704,64.96694313872156,63.24337633824432,61.94000602226289,61.23552120160984,60.23433926467394,59.4742960528075,58.80197414245705,55.919170822303606,55.65182012905433,55.15486652268115,55.14590303410049,54.832946814784,54.26226473954469,53.70475988713478,53.46245670602889,53.29901078705389,53.215551445985355,53.13064066076128,52.94926012787272,52.603347409509325,,,68.31975176691186,67.20391454463805,65.51513846867374,63.543465762236984,62.93090057413819,61.36928049159092,60.39890312069593,60.16374625689522,60.1519482639927,59.75899228049094,57.100347440577266,55.71562231924017,55.249413469285344,54.87940565762669,54.71054948611796,53.95212954394043,53.551542557955976,53.33008229908096,53.27459493251068,53.14319477270851,53.06057826329301,52.830575400446364,52.26668639269117,60.39890312069593,57.100347440577266,55.65182012905433,61.12824427047849,"rgba(0, 255, 0, 1.0)",1.6239130196832932,64.23521647070649,2.2382870789485976,58.92038512604532,15.916055113886955,False,False,True,False,False,15.660721633468274,0.0,0.0,0.0,0.0,0,1.1086329552009238,0.8040761392039989,False,False,False,False,0.28867325954432826,0.31108440156773154,False,False,False,False,59370.0,48406.862025321905,False,False,False,False,1234.9732458728533,False,False,False,False
2025-07-01 16:00:00+00:00,68.02,68.335,67.86,68.235,224.0,,,68.7314865637507,65.40224991542345,64.97253550684198,63.24927314518828,61.946013282262115,61.24158755143992,60.24041446912702,59.480282624780365,58.80783476361994,55.92526912792232,55.65790596933551,55.16090573889022,55.151940815828496,54.83895847825514,54.268233189242,53.710671807985904,53.46833368480059,53.30485721779239,53.22138152293243,53.13645302675978,52.95502945854699,52.6090384184652,,,68.31639683617738,67.20853907068397,65.52062448747577,63.549341438472005,62.93678801218245,61.37536659714423,60.40496769178959,60.1698216234038,60.15802420778235,59.76505482817171,57.10630427436046,55.721711349624336,55.25546524045494,54.88541877991089,54.71655862397679,53.958070137898645,53.55743492557386,53.335934674714004,53.28043714289389,53.14901042018241,53.06637635619137,52.83631613095786,52.272325211063794,60.40496769178959,57.10630427436046,55.65790596933551,61.132166572652196,"rgba(0, 255, 0, 1.0)",1.6208052080752793,64.23824200174523,2.4659089064755357,57.15762417573654,14.183641048896433,False,True,True,False,False,17.217104293662754,0.0,0.0,0.0,0.0,0,1.1070243902439032,0.813170731707317,False,False,False,False,0.2851464433043675,0.2981154224360495,False,False,False,False,59594.0,48580.30602492931,False,False,False,False,1219.299242060871,False,False,False,False
2025-07-01 17:00:00+00:00,68.235,68.44,68.235,68.39,427.0,,,68.69582556935818,65.41353084420426,64.98384960362222,63.260959173098904,61.957822469052694,61.25347581324837,60.25227899507263,59.49194992564588,58.819239067694284,55.937078283519355,55.66968708826687,55.17258989535739,55.163622082293855,54.850585262619234,54.27976968748458,53.72209308831568,53.4796850516501,53.31614802438161,53.232639968593226,53.147676492905504,52.96616821546016,52.62002302780982,,,68.31774728275711,67.21919743813048,65.53185791588932,63.56101461600742,62.94842894160859,61.38729988748614,60.41681750641712,60.18168395919035,60.16988725372236,59.77687866079114,57.11785913325599,55.733499558941226,55.26717491622737,54.89704896673559,54.728179009820614,53.96954939966011,53.568816888773604,53.34723725557582,53.291719568790285,53.16024033583311,53.07757162700965,52.8473986434128,52.283206329161395,60.41681750641712,57.11785913325599,55.66968708826687,61.14150535194261,"rgba(0, 255, 0, 1.0)",1.611568686290494,64.24660789004801,2.5710304160161126,56.7594007866475,13.563621330393588,False,True,True,False,False,17.86645313091849,0.0,0.0,0.0,0.0,0,1.1114907741872506,0.8106999902372349,False,False,False,False,0.3026263145130117,0.3003708684745306,False,False,False,False,60021.0,48757.681125318006,False,False,False,False,1207.0155328816327,False,False,False,False
2025-07-01 18:00:00+00:00,68.39,68.665,68.24,68.665,249.0,,,68.68679665055006,65.42044367569818,64.99074011962001,63.26797345595411,61.96486946826044,61.260553880723265,60.25932505388486,59.498868375553016,58.82599395979284,55.94404750997726,55.6766380532293,55.17948070877292,55.17051114120846,54.857440454017315,54.286568693982936,53.728821575776145,53.486371296569,53.32279791811916,53.239270463449444,53.15428604805466,52.972727185245766,52.62648995239534,,,68.32185735313796,67.2262294188556,65.53875569507723,63.56803365371868,62.955404786073956,61.394407490519846,60.423857480332366,60.18872762263258,60.176931156279224,59.783893584400026,57.12468703443242,55.74045511000448,55.27408131787501,54.90390642074014,54.73502975976787,53.97631318136765,53.575521537234394,53.353894211967145,53.29836442594305,53.16685373817422,53.08416430111729,52.853924047917175,52.28961111815048,60.423857480332366,57.12468703443242,55.6766380532293,61.14772210461423,"rgba(0, 255, 0, 1.0)",1.6155884572082437,64.25256912858006,2.7311601860814707,57.83243250895262,13.563621330393588,False,True,True,False,False,19.005647711911276,0.0,0.0,0.0,0.0,0,1.112267730323962,0.8060122580017507,False,False,False,False,0.3109294718868423,0.3056501701806864,False,False,False,False,60270.0,48936.16668926656,False,False,False,False,1192.1625788834679,False,False,False,False
2025-07-01 19:00:00+00:00,68.665,68.665,68.3,68.355,676.0,,,68.6560890238665,65.43855710157273,65.00887421158646,63.286621827523966,61.983682894716104,61.27948083180266,60.27820142951744,59.517424705730676,58.84412802626562,55.96280403555048,55.69534892639144,55.1980358727346,55.18906169196203,54.87590344232657,54.30488649953983,53.746954944753696,53.504393144961206,53.34072333889379,53.25714437376536,53.17210429962344,52.99041073529553,52.64392835528237,,,68.32793948163379,67.24374108063884,65.55680436943237,63.58667082592963,62.97397335603746,61.41340770010212,60.44271249494027,60.20759973406508,60.19580425924426,59.8027004416047,57.14304745113943,55.759177505510266,55.29267728707128,54.92237498772177,54.75348211772357,53.99453922509806,53.59359212894942,53.37183837735118,53.31627649720124,53.18468224174263,53.1019376851297,52.87151817019484,52.3068846439447,60.44271249494027,57.14304745113943,55.69534892639144,61.163820194984325,"rgba(0, 255, 0, 1.0)",1.6121909243566768,64.26757151176318,2.535325330570173,56.47546226327596,12.652306529289206,False,True,True,False,False,16.897916086445438,0.0,0.0,0.0,0.0,0,1.111574253586662,0.806901899961225,False,False,False,False,0.3128144757534117,0.30923232296704906,False,False,False,False,59594.0,49101.40441501436,False,False,False,False,1184.1600582806232,False,False,False,False
2025-07-02 14:00:00+00:00,68.125,68.495,67.815,68.495,1097.0,,,68.5909484430832,65.46583822547193,65.03644732851112,63.315600932220455,62.01317579996577,61.30925238816402,60.30800856165745,59.546797988081096,58.87288665515027,55.992705102618665,55.725188686797,55.22764766017556,55.21866648096562,54.90538040606785,54.33415180752045,53.77594379337117,53.53321131549729,53.36939238682479,53.285733590163815,53.200607065898346,53.01870347111792,52.67183871023773,,,68.3233437587855,67.26718072238904,65.58390458966906,63.615554212056594,63.002901979242935,61.443275767336985,60.47246925433977,60.23740720515434,60.22561445026063,59.832443421354654,57.17226508310427,55.78903294222417,55.32235036605905,54.9518591663226,54.78294648470283,54.02366822496549,53.62248542908082,53.400536445701846,53.3449249369623,53.21320101825903,53.13037077292828,52.89967130821099,52.33453986434871,60.47246925433977,57.17226508310427,55.725188686797,61.187689660954945,"rgba(0, 255, 0, 1.0)",1.602312377458411,64.67826231123965,2.3820184768306336,56.34188833075683,12.07985719385271,False,True,True,False,False,17.49211117329332,0.0,0.0,0.0,0.0,0,1.105237633365665,0.8173617846750726,False,False,False,False,0.2876537053433195,0.29844301415518426,False,False,False,False,60691.0,49281.088067494755,False,False,False,False,1182.8087395475902,False,False,False,False
2025-07-02 15:00:00+00:00,68.495,68.67,68.195,68.24,413.0,,,68.57770632291516,65.47633489782633,65.04702506963072,63.32664238030987,62.02438409494974,61.32055532509088,60.31931309625688,59.55793166112526,58.883783069371134,56.0040160752776,55.73647540316246,55.2388464303008,55.22986257798812,54.91652713375657,54.345216731446165,53.78690268632723,53.54410512172673,53.38022948750919,53.29654035011019,53.21138098833505,53.029397695406054,52.68238782455496,,,68.32461284520639,67.27658372101037,65.59434234332359,63.62656786777685,63.01391660867547,61.454616976363624,60.483756517334776,60.2487111442495,60.23691929599278,59.843719113294625,57.18332402582024,55.80032583698149,55.33357261181474,54.96300878527387,54.794088018030514,54.034680738214036,53.63340782881046,53.41138457871215,53.35575419667198,53.22398101279266,53.141118225857866,52.91031257235279,52.344991910738756,60.483756517334776,57.18332402582024,55.73647540316246,61.19735930936245,"rgba(0, 255, 0, 1.0)",1.5851848671573112,64.68788421365541,2.240821155903755,54.51487722772377,9.925148188732003,False,True,True,False,False,15.766866251026695,0.0,0.0,0.0,0.0,0,1.1063994578371579,0.8141155968632005,False,False,False,False,0.30851932760093503,0.30348117087805965,False,False,False,False,60278.0,49451.58282613825,False,False,False,False,1170.873720329798,False,False,False,False
2025-07-02 16:00:00+00:00,68.24,68.36,67.9,68.35,1173.0,,,68.52359844751109,65.50406011464165,65.07523043891189,63.3567229327051,62.05518091094247,61.351714382016105,60.35059328234948,59.588811386347174,58.91405903146087,56.035601758757906,55.76800494961625,55.270150850815185,55.26115989286407,54.947698479842316,54.37617966441966,53.817587297180566,53.574615160322274,53.41058582119953,53.326814264756635,53.241565505553815,53.05936440444924,52.71195782049742,,,68.31561696387168,67.29852803235225,65.62182711104325,63.656493373170456,63.043998622868614,61.485862636748166,60.514972048133544,60.27999684263001,60.26820867277639,59.874965675762105,57.21415315983531,55.83186991429232,55.36493879296611,54.99418650542715,54.82524926549685,54.065507408740096,53.66399511286584,53.441770849933945,53.3860893147335,53.25418215043635,53.17123069323412,52.94013438232508,52.374298645563705,60.514972048133544,57.21415315983531,55.76800494961625,61.222606413301015,"rgba(0, 255, 0, 1.0)",1.564788052309365,64.70600125053582,2.328749087830932,54.004063097722835,9.03927797595474,False,True,True,False,False,16.24924255381568,0.0,0.0,0.0,0.0,0,1.0996235157833774,0.820252920166039,False,False,False,False,0.2849649796906171,0.2942230752843384,False,False,False,False,61451.0,49637.620301701994,False,False,False,False,1170.9066859060802,False,False,False,False
2025-07-02 17:00:00+00:00,68.35,68.605,68.35,68.605,533.0,,,68.52337669094693,65.51792895741126,65.08916142501977,63.37115404044375,62.06978903025138,61.366429799323924,60.3652946949286,59.60328318203839,58.9282179960141,56.05027212399134,55.78264252846333,55.28467244267513,55.27567799442169,54.96215137772003,54.390524418971914,53.83179293886037,53.588735899304005,53.42463280383781,53.340821803043795,53.25553037747119,53.073225827161416,52.72563084436959,,,68.32228094859403,67.31153046008001,65.63563410201407,63.67090035939899,63.05838457721741,61.50062975931644,60.52965360241789,60.29469650720552,60.28290934118583,59.88962368327853,57.2285067301531,55.84651581368352,55.379491123642204,55.00864336219652,54.839694862021446,54.079783225953065,53.67815307446433,53.45583217857064,53.40012609195002,53.268154899182875,53.18516116773887,52.953927072416015,52.38784527486298,60.52965360241789,57.2285067301531,55.78264252846333,61.236119196787826,"rgba(0, 255, 0, 1.0)",1.561051562884288,64.72029405723126,2.4885186595573705,55.24962664142094,9.03927797595474,False,True,True,False,False,17.35961718494205,0.0,0.0,0.0,0.0,0,1.1063726912290885,0.8180059955516873,False,False,False,False,0.31086810436477397,0.30254558982455615,False,False,False,False,61984.0,49829.03704121049,False,False,False,False,1161.0166597680013,False,False,False,False
2025-07-02 18:00:00+00:00,68.605,68.605,68.43,68.445,621.0,,,68.5213640776699,65.5337854564282,65.10512595216156,63.38777979880339,62.08665592670894,61.38343512897358,60.38230096506215,59.62003502660629,58.94461637775945,56.06728472636562,55.79961887484469,55.30151749109579,55.292519053871956,54.9789186750634,54.40716940825419,53.848279406438984,53.60512507643528,53.440937227393164,53.357080873950586,53.27174036184067,53.08931667153969,52.74150467916462,,,68.32854117554614,67.32600808148555,65.65140846155441,63.687486979671455,63.074969280335964,61.517691902185504,60.54663448772361,60.311701809408696,60.29991597316036,59.90658662856842,57.24514483360603,55.86350139389625,55.396371209231866,55.02541499514312,54.85645434923117,54.09634985032782,53.69458498541407,53.472153092249876,53.41641879359826,53.284373958594216,53.20133157959494,52.96993873240372,52.403573809961905,60.54663448772361,57.24514483360603,55.79961887484469,61.25157928075416,"rgba(0, 255, 0, 1.0)",1.5586194283801376,64.7355396580838,2.3799654196351288,54.79672619751111,9.03927797595474,False,True,True,False,False,16.25536518466204,0.0,0.0,0.0,0.0,0,1.101922519563328,0.8198241715776251,False,False,False,False,0.31363199567908095,0.30808879275181855,False,False,False,False,61363.0,50007.858172354514,False,False,False,False,1152.6443084537689,False,False,False,False
2025-07-02 19:00:00+00:00,68.445,68.58,68.265,68.35,2125.0,,,68.4984206523329,65.5850876926837,65.15713955141972,63.44282033321787,62.14286258774227,61.440247289288635,60.43928481663368,59.67627495346979,58.9997530272923,56.124707442340174,55.856936517043955,55.35842314361191,55.34941180556262,55.035580505665244,54.46344869829128,53.904050873189796,53.660579415495185,53.49611294155633,53.41210722530863,53.326604762741916,53.143786758734784,52.795256233578314,,,68.33630885664904,67.36915122025104,65.70233246965493,63.74228645251699,63.129980896293695,61.574665502882176,60.60350932809748,60.3686927918158,60.35691308139858,59.96349284663094,57.30123106145759,55.920846135684805,55.45338923868425,55.08208894406549,54.91309630568598,54.152380016973375,53.75017942558902,53.52738306761485,53.47155602528088,53.339268430669094,53.25606543030763,53.024146488119946,52.4568472234413,60.60350932809748,57.30123106145759,55.856936517043955,61.301790315563764,"rgba(0, 255, 0, 1.0)",1.559531957969903,64.77954048854204,2.289442991668953,53.728868214091555,7.811245397581139,False,True,True,False,False,15.599087794491044,0.0,0.0,0.0,0.0,0,1.0968581341557446,0.8238242097147261,False,False,False,False,0.30550002409899385,0.3067944084254062,False,False,False,False,59238.0,50150.96114642653,False,False,False,False,1167.7195904932453,False,False,False,False
2025-07-03 14:00:00+00:00,68.945,69.31,68.945,69.31,207.0,,,68.51072990289032,65.59136290593976,65.16333218305502,63.44896180817332,62.14896902425135,61.446355067938086,60.44533911667533,59.68220761233861,59.00553819820661,56.13063071745815,55.86284201774902,55.36427423228243,55.35526136256894,55.041399270011105,54.46921620273217,53.909755691270924,53.66624747830994,53.50174973015933,53.4177273572112,53.332206955269505,53.14934579024715,52.800736654392374,,,68.34544715025908,67.37625311179842,65.70861639656428,63.7484506761153,63.13607341984107,61.58080170870953,60.609562639661014,60.374743451651064,60.362963661076506,59.96951081024582,57.30705118107129,55.926756056709785,55.459254078172165,55.087909987567095,54.91891033397669,54.15811592680502,53.75586337431286,53.53302592635786,53.477188469326926,53.34487389753245,53.26165315190915,53.029676898352,52.4622739489566,60.609562639661014,57.30705118107129,55.86284201774902,61.30824108515334,"rgba(0, 255, 0, 1.0)",1.5777220093350601,64.78740232319907,2.866536468428302,58.284800791334874,4.09553224067713,False,True,True,False,True,19.69995821357596,0.0,0.0,0.0,0.0,0,1.0959634424980964,0.8186405178979432,False,False,False,False,0.34282824621093416,0.3248113273181702,False,False,False,False,59445.0,50295.054772063326,False,False,False,False,1152.824713121257,False,False,False,False
2025-07-03 15:00:00+00:00,69.31,69.745,69.195,69.51,864.0,,,68.57813960639606,65.61944969262636,65.19085501251097,63.47576496776646,62.17540622288231,61.47271221759989,60.47136862678434,59.70765628365216,59.03031172093712,56.15585330322089,55.887979107436166,55.38916281911864,55.38014314513661,55.066140082853806,54.49372205461653,53.93398006022678,53.690309643204266,53.52567516850623,53.44158011588983,53.35598159645081,53.172933170095774,52.82398301034551,,,68.39420402697878,67.410036464519,65.7368051606063,63.775416768709114,63.16260439696891,61.6072962948591,60.63560239715794,60.40075130923507,60.388970173915844,59.99534579413797,57.33188407798368,55.95191426691494,55.484204256239174,55.11266196475822,54.94362716790441,54.182478907844605,53.77999519916084,53.55697787599596,53.501094880752966,53.3686627216613,53.28536476546723,53.05314022303647,52.485285494177305,60.63560239715794,57.33188407798368,55.887979107436166,61.33718779876628,"rgba(0, 255, 0, 1.0)",1.5967307478352804,64.82413156845593,2.934664117852559,62.09455271953986,7.623469243100303,False,False,True,False,True,20.0,0.0,0.0,0.0,0.0,0,1.0955534531693476,0.8141911069063383,False,False,False,False,0.3428282462313319,0.33381978677475105,False,False,False,False,60309.0,50450.30973683754,False,False,False,False,1148.3468105922452,False,False,False,False
2025-07-03 16:00:00+00:00,69.54,69.895,69.35,69.89,1113.0,,,68.67104892358299,65.65714210051556,65.22765581535954,63.511242773384566,62.21023821784069,61.50737219780095,60.50552353166488,59.74100618108557,59.06274604677305,56.18875906377904,55.920765699916885,55.42161245145056,55.412583694496,55.098389187299865,54.525651784726804,53.96553152139865,53.72164529212364,53.556829905420386,53.47263879288906,53.386937149804865,53.203642052440436,52.8542426579217,,,68.4631205057104,67.45661224341374,65.77467880889193,63.81115757870818,63.197679205001855,61.64214767391242,60.66978216515254,60.43487317271804,60.423089488371716,60.029216157611,57.364323091398894,55.98473019815061,55.51673649674474,55.14492678440465,54.97584196676242,54.21421587853612,53.81142318124431,53.58816767162322,53.532224414384885,53.399636937957105,53.3162371016803,53.083685781110056,52.515234263054424,60.66978216515254,57.364323091398894,55.920765699916885,61.37573039155761,"rgba(0, 255, 0, 1.0)",1.6245371010827478,65.30204709428558,2.8241601270026786,65.96587499077302,11.106141073767361,True,False,True,False,True,20.0,0.0,0.0,0.0,0.0,0,1.0983279498384955,0.8221546646399389,False,False,False,False,0.3428282458305478,0.3383240163026494,False,False,False,False,61422.0,50620.413461847806,False,False,False,False,1147.7987980249236,False,False,False,False
2025-07-03 17:00:00+00:00,69.89,69.89,69.89,69.89,0.0,,,68.67104892358299,65.65714210051556,65.22765581535954,63.511242773384566,62.21023821784069,61.50737219780095,60.50552353166488,59.74100618108557,59.06274604677305,56.18875906377904,55.920765699916885,55.42161245145056,55.412583694496,55.098389187299865,54.525651784726804,53.96553152139865,53.72164529212364,53.556829905420386,53.47263879288906,53.386937149804865,53.203642052440436,52.8542426579217,,,68.4631205057104,67.45661224341374,65.77467880889193,63.81115757870818,63.197679205001855,61.64214767391242,60.66978216515254,60.43487317271804,60.423089488371716,60.029216157611,57.364323091398894,55.98473019815061,55.51673649674474,55.14492678440465,54.97584196676242,54.21421587853612,53.81142318124431,53.58816767162322,53.532224414384885,53.399636937957105,53.3162371016803,53.083685781110056,52.515234263054424,60.66978216515254,57.364323091398894,55.920765699916885,61.37573039155761,"rgba(0, 255, 0, 1.0)",1.6535743430852046,65.30204709428558,2.774567061287556,68.54675650492845,13.374587511225187,True,False,True,False,True,20.0,0.0,0.0,0.0,0.0,0,1.0955938697318013,0.8289272030651338,False,False,False,False,0.3428282459916508,0.34057613114715013,False,False,False,False,61422.0,50787.87991980365,False,False,False,False,1130.0034678229867,False,False,False,False
2025-07-03 18:00:00+00:00,69.89,69.89,69.89,69.89,0.0,,,68.67104892358299,65.65714210051556,65.22765581535954,63.511242773384566,62.21023821784069,61.50737219780095,60.50552353166488,59.74100618108557,59.06274604677305,56.18875906377904,55.920765699916885,55.42161245145056,55.412583694496,55.098389187299865,54.525651784726804,53.96553152139865,53.72164529212364,53.556829905420386,53.47263879288906,53.386937149804865,53.203642052440436,52.8542426579217,,,68.4631205057104,67.45661224341374,65.77467880889193,63.81115757870818,63.197679205001855,61.64214767391242,60.66978216515254,60.43487317271804,60.423089488371716,60.029216157611,57.364323091398894,55.98473019815061,55.51673649674474,55.14492678440465,54.97584196676242,54.21421587853612,53.81142318124431,53.58816767162322,53.532224414384885,53.399636937957105,53.3162371016803,53.083685781110056,52.515234263054424,60.66978216515254,57.364323091398894,55.920765699916885,61.37573039155761,"rgba(0, 255, 0, 1.0)",1.6827134404063255,65.30204709428558,2.726520627663473,70.26734418103207,14.930044730380104,True,False,True,False,True,20.0,0.0,0.0,0.0,0.0,0,1.0927477607627858,0.8285659250698254,False,False,False,False,0.3428282459796581,0.3417021885634041,False,False,False,False,61422.0,50952.74999856638,False,False,False,False,1112.484034213328,False,False,False,False
2025-07-03 19:00:00+00:00,69.89,69.89,69.89,69.89,0.0,,,68.67104892358299,65.65714210051556,65.22765581535954,63.511242773384566,62.21023821784069,61.50737219780095,60.50552353166488,59.74100618108557,59.06274604677305,56.18875906377904,55.920765699916885,55.42161245145056,55.412583694496,55.098389187299865,54.525651784726804,53.96553152139865,53.72164529212364,53.556829905420386,53.47263879288906,53.386937149804865,53.203642052440436,52.8542426579217,,,68.4631205057104,67.45661224341374,65.77467880889193,63.81115757870818,63.197679205001855,61.64214767391242,60.66978216515254,60.43487317271804,60.423089488371716,60.029216157611,57.364323091398894,55.98473019815061,55.51673649674474,55.14492678440465,54.97584196676242,54.21421587853612,53.81142318124431,53.58816767162322,53.532224414384885,53.399636937957105,53.3162371016803,53.083685781110056,52.515234263054424,60.66978216515254,57.364323091398894,55.920765699916885,61.37573039155761,"rgba(0, 255, 0, 1.0)",1.7078279419428826,65.30204709428558,2.686425718327929,71.41440263176781,16.070205821621173,True,False,True,False,True,20.0,0.0,0.0,0.0,0.0,0,1.0924345295829296,0.8298739088263818,False,False,False,False,0.3428282459796581,0.34226521727153114,False,False,False,False,61422.0,51115.06395207698,False,False,False,False,1095.2362197294003,False,False,False,False
2025-07-04 14:00:00+00:00,69.89,69.89,69.89,69.89,0.0,,,68.67104892358299,65.65714210051556,65.22765581535954,63.511242773384566,62.21023821784069,61.50737219780095,60.50552353166488,59.74100618108557,59.06274604677305,56.18875906377904,55.920765699916885,55.42161245145056,55.412583694496,55.098389187299865,54.525651784726804,53.96553152139865,53.72164529212364,53.556829905420386,53.47263879288906,53.386937149804865,53.203642052440436,52.8542426579217,,,68.4631205057104,67.45661224341374,65.77467880889193,63.81115757870818,63.197679205001855,61.64214767391242,60.66978216515254,60.43487317271804,60.423089488371716,60.029216157611,57.364323091398894,55.98473019815061,55.51673649674474,55.14492678440465,54.97584196676242,54.21421587853612,53.81142318124431,53.58816767162322,53.532224414384885,53.399636937957105,53.3162371016803,53.083685781110056,52.515234263054424,60.66978216515254,57.364323091398894,55.920765699916885,61.37573039155761,"rgba(0, 255, 0, 1.0)",1.727195839640098,65.30204709428558,2.6563015035228577,72.17910826559165,16.967794454391907,True,False,True,False,True,20.0,0.0,0.0,0.0,0.0,0,1.0966477161340917,0.828268966869241,False,False,False,False,0.34282824594589584,0.3425467316087135,False,False,False,False,61422.0,51274.86141018431,False,False,False,False,1078.2558132219676,False,False,False,False
2025-07-04 15:00:00+00:00,69.89,69.89,69.89,69.89,0.0,,,68.67104892358299,65.65714210051556,65.22765581535954,63.511242773384566,62.21023821784069,61.50737219780095,60.50552353166488,59.74100618108557,59.06274604677305,56.18875906377904,55.920765699916885,55.42161245145056,55.412583694496,55.098389187299865,54.525651784726804,53.96553152139865,53.72164529212364,53.556829905420386,53.47263879288906,53.386937149804865,53.203642052440436,52.8542426579217,,,68.4631205057104,67.45661224341374,65.77467880889193,63.81115757870818,63.197679205001855,61.64214767391242,60.66978216515254,60.43487317271804,60.423089488371716,60.029216157611,57.364323091398894,55.98473019815061,55.51673649674474,55.14492678440465,54.97584196676242,54.21421587853612,53.81142318124431,53.58816767162322,53.532224414384885,53.399636937957105,53.3162371016803,53.083685781110056,52.515234263054424,60.66978216515254,57.364323091398894,55.920765699916885,61.37573039155761,"rgba(0, 255, 0, 1.0)",1.7415599484530129,65.30204709428558,2.634392752193106,72.68891202147421,17.720115506460203,True,False,True,False,True,20.0,0.0,0.0,0.0,0.0,0,1.0952192809166341,0.8261556696957721,False,False,False,False,0.3428282454944954,0.34268748855160447,False,False,False,False,61422.0,51432.18138832099,False,False,False,False,1061.5386688309293,False,False,False,False
2025-07-04 16:00:00+00:00,69.89,69.89,69.89,69.89,0.0,,,68.67104892358299,65.65714210051556,65.22765581535954,63.511242773384566,62.21023821784069,61.50737219780095,60.50552353166488,59.74100618108557,59.06274604677305,56.18875906377904,55.920765699916885,55.42161245145056,55.412583694496,55.098389187299865,54.525651784726804,53.96553152139865,53.72164529212364,53.556829905420386,53.47263879288906,53.386937149804865,53.203642052440436,52.8542426579217,,,68.4631205057104,67.45661224341374,65.77467880889193,63.81115757870818,63.197679205001855,61.64214767391242,60.66978216515254,60.43487317271804,60.423089488371716,60.029216157611,57.364323091398894,55.98473019815061,55.51673649674474,55.14492678440465,54.97584196676242,54.21421587853612,53.81142318124431,53.58816767162322,53.532224414384885,53.399636937957105,53.3162371016803,53.083685781110056,52.515234263054424,60.66978216515254,57.364323091398894,55.920765699916885,61.37573039155761,"rgba(0, 255, 0, 1.0)",1.7454210287403977,65.30204709428558,2.628565160020653,73.02878119206258,18.379960690149176,True,False,True,False,True,20.0,0.0,0.0,0.0,0.0,0,1.09727626459144,0.8386237968462009,False,False,False,False,0.3428282454944954,0.34275786702304994,False,False,False,False,61422.0,51587.062297029195,False,False,False,False,1045.0807049730854,False,False,False,False
2025-07-04 17:00:00+00:00,69.89,69.89,69.89,69.89,0.0,,,68.67104892358299,65.65714210051556,65.22765581535954,63.511242773384566,62.21023821784069,61.50737219780095,60.50552353166488,59.74100618108557,59.06274604677305,56.18875906377904,55.920765699916885,55.42161245145056,55.412583694496,55.098389187299865,54.525651784726804,53.96553152139865,53.72164529212364,53.556829905420386,53.47263879288906,53.386937149804865,53.203642052440436,52.8542426579217,,,68.4631205057104,67.45661224341374,65.77467880889193,63.81115757870818,63.197679205001855,61.64214767391242,60.66978216515254,60.43487317271804,60.423089488371716,60.029216157611,57.364323091398894,55.98473019815061,55.51673649674474,55.14492678440465,54.97584196676242,54.21421587853612,53.81142318124431,53.58816767162322,53.532224414384885,53.399636937957105,53.3162371016803,53.083685781110056,52.515234263054424,60.66978216515254,57.364323091398894,55.920765699916885,61.37573039155761,"rgba(0, 255, 0, 1.0)",1.7536393894155495,65.30204709428558,2.616246494807284,73.25536063912149,18.974619660963114,True,False,True,False,True,20.0,0.0,0.0,0.0,0.0,0,1.1083887043189373,0.8280730897009964,False,False,False,False,0.3428282454944954,0.34279305625877265,False,False,False,False,61422.0,51739.54195133882,False,False,False,False,1028.8779033455958,False,False,False,False
2025-07-04 18:00:00+00:00,69.89,69.89,69.89,69.89,0.0,,,68.67104892358299,65.65714210051556,65.22765581535954,63.511242773384566,62.21023821784069,61.50737219780095,60.50552353166488,59.74100618108557,59.06274604677305,56.18875906377904,55.920765699916885,55.42161245145056,55.412583694496,55.098389187299865,54.525651784726804,53.96553152139865,53.72164529212364,53.556829905420386,53.47263879288906,53.386937149804865,53.203642052440436,52.8542426579217,,,68.4631205057104,67.45661224341374,65.77467880889193,63.81115757870818,63.197679205001855,61.64214767391242,60.66978216515254,60.43487317271804,60.423089488371716,60.029216157611,57.364323091398894,55.98473019815061,55.51673649674474,55.14492678440465,54.97584196676242,54.21421587853612,53.81142318124431,53.58816767162322,53.532224414384885,53.399636937957105,53.3162371016803,53.083685781110056,52.515234263054424,60.66978216515254,57.364323091398894,55.920765699916885,61.37573039155761,"rgba(0, 255, 0, 1.0)",1.7673880509169928,65.30204709428558,2.5958944914977784,73.40641360382743,19.517367863528023,True,False,True,False,True,20.0,0.0,0.0,0.0,0.0,0,1.1092086030486537,0.8185424932136143,False,False,False,False,0.3428282454944954,0.34281065087663404,False,False,False,False,61422.0,51889.65758000023,False,False,False,False,1012.9263079448888,False,False,False,False
2025-07-04 19:00:00+00:00,69.89,69.89,69.89,69.89,0.0,,,68.67104892358299,65.65714210051556,65.22765581535954,63.511242773384566,62.21023821784069,61.50737219780095,60.50552353166488,59.74100618108557,59.06274604677305,56.18875906377904,55.920765699916885,55.42161245145056,55.412583694496,55.098389187299865,54.525651784726804,53.96553152139865,53.72164529212364,53.556829905420386,53.47263879288906,53.386937149804865,53.203642052440436,52.8542426579217,,,68.4631205057104,67.45661224341374,65.77467880889193,63.81115757870818,63.197679205001855,61.64214767391242,60.66978216515254,60.43487317271804,60.423089488371716,60.029216157611,57.364323091398894,55.98473019815061,55.51673649674474,55.14492678440465,54.97584196676242,54.21421587853612,53.81142318124431,53.58816767162322,53.532224414384885,53.399636937957105,53.3162371016803,53.083685781110056,52.515234263054424,60.66978216515254,57.364323091398894,55.920765699916885,61.37573039155761,"rgba(0, 255, 0, 1.0)",1.7778706009930891,65.30204709428558,2.580588769031707,73.50711558029806,20.014246424193303,True,False,True,False,True,20.0,0.0,0.0,0.0,0.0,0,1.1107011070110706,0.8204533473906165,False,False,False,False,0.3428282454944954,0.34281944818556476,False,False,False,False,61422.0,52037.44583457387,False,False,False,False,997.2220241007819,False,False,False,False
2025-07-07 14:00:00+00:00,69.32,70.18,69.32,70.18,447.0,,,68.71000237653881,65.67275485637016,65.2428595555037,63.52579205724251,62.22447348459727,61.521516719745215,60.51943905393862,59.75458047549969,59.07593813609896,56.202106598947886,55.934062509979405,55.43476858809961,55.42573608238203,55.11146156106648,54.53859058925755,53.97831342965611,53.73433834529697,53.569448780867134,53.48521831490406,53.39947446271273,53.21607856702286,52.86649559312146,,,68.4925490241208,67.4762561318713,65.79037969303894,63.82582908362876,63.21205025216513,61.65637358172783,60.68371135030679,60.448773800991205,60.4369888352963,60.043006688956254,57.37749433997168,55.99803946732771,55.529926847290625,55.15800589292218,54.9888994784007,54.227074499248964,53.82415414281734,53.60080091566235,53.544832947438415,53.41218187108432,53.328740349024066,53.09605558299312,52.52735967266017,60.68371135030679,57.37749433997168,55.934062509979405,61.39158694037021,"rgba(0, 255, 0, 1.0)",1.7930890025798594,65.32392117744544,2.7082196229901245,75.73312176230684,22.410919768129958,True,False,True,False,True,20.0,0.0,0.0,0.0,0.0,0,1.093710953769263,0.8162224073302787,False,False,False,False,0.3303896087222224,0.33660452845389355,False,False,False,False,61869.0,52189.87303093706,False,False,False,False,988.6914500837155,False,False,False,False
2025-07-07 15:00:00+00:00,70.105,70.15,70.02,70.04,268.0,,,68.73550114267059,65.68244998025536,65.2522720614271,63.53472449145894,62.23317904224839,61.530152723119365,60.52791924402614,59.76284309623226,59.08396101031722,56.210199789500415,55.94212325925295,55.442741159468,55.43370633247631,55.11938160433581,54.5464267757824,53.98605198307026,53.74202204566038,53.57708689576792,53.492832268397976,53.40706252759944,53.22360492086821,52.87390956123877,,,68.51177223535832,67.48873232105677,65.80013879316458,63.834846665768524,63.22086395627828,61.66506169414551,60.692202288530375,60.45724391360243,60.44545799994973,60.051404322096865,57.38548920571347,56.00610816572063,55.53792068402437,55.16593027098587,54.99680985345338,54.23486063432331,53.83186117365641,53.60844785637106,53.55246470103366,53.419774597343405,53.33630751776686,53.103541114043814,52.53469525739825,60.692202288530375,57.38548920571347,55.94212325925295,61.40141236981546,"rgba(0, 255, 0, 1.0)",1.800877521334674,65.33829873682008,2.6107834694362686,74.06316350134166,22.410919768129958,True,False,True,False,False,20.0,0.0,0.0,0.0,0.0,0,1.1073741382912055,0.8172132859828699,False,False,False,False,0.34282824569921155,0.33971638707655255,False,False,False,False,61601.0,52335.78197619385,False,False,False,False,977.5179392297043,False,False,False,False
2025-07-07 16:00:00+00:00,70.04,70.19,70.025,70.025,361.0,,,68.76862049357443,65.69547168882727,65.26491917205477,63.54673649132973,62.24488998904438,61.54177159366824,60.53933035615801,59.77396284652562,59.09475927064407,56.2210943726165,55.95297436355363,55.453473944199786,55.444436000202906,55.13004389991265,54.55697653672973,53.99647064590076,53.75236701787128,53.58737061101052,53.503083513518604,53.41727897905594,53.23373842421054,52.883891993299414,,,68.53709904710777,67.5054138060167,65.81324492871644,63.84697180750363,63.23271768026859,61.67675027767731,60.703627625825575,60.46864157996568,60.456854407636804,60.06270511820038,57.396250979452795,56.01696992533174,55.54868201767421,55.176598375868515,55.00745919893394,54.24534320058689,53.842237493771584,53.61874343204883,53.56273986824325,53.42999731443694,53.34649588496789,53.11361974271561,52.54457233689088,60.703627625825575,57.396250979452795,55.95297436355363,61.41455735134296,"rgba(0, 255, 0, 1.0)",1.809845633256576,65.35658280498072,2.5794560095266763,72.61925482442436,22.410919768129958,True,False,True,False,False,20.0,0.0,0.0,0.0,0.0,0,1.1159953728047116,0.8098643390472182,False,False,False,False,0.34282824572222953,0.34127231639939104,False,False,False,False,61240.0,52473.831868035806,False,False,False,False,967.9595215672282,False,False,False,False
2025-07-07 17:00:00+00:00,70.025,70.175,69.91,70.135,200.0,,,68.78618646920228,65.70264186996197,65.27188773674,63.55336560745257,62.251357505283956,61.54819004181634,60.545636163913066,59.780109082464094,59.10072893670319,56.227119888382845,55.958976054767575,55.45941060542072,55.45037094511214,55.13594181791389,54.56281260578476,54.00223456336437,53.75809032910014,53.59306014413103,53.50875513915582,53.42293141265696,53.239345090747065,52.8894152998529,,,68.55072237248557,67.51453980607825,65.82046015898018,63.85366192819584,63.239260843711534,61.683206853419655,60.709940996986994,60.47494008955695,60.46315224248778,60.06895083083773,57.40220220029901,56.02297745737864,55.554634389896215,55.18249947512278,55.013350035776966,54.25114230556209,53.847978086657186,53.62443950576257,53.568424688310216,53.43565320546695,53.35213282738417,53.1191961286865,52.55003753889517,60.709940996986994,57.40220220029901,55.958976054767575,61.42177040529693,"rgba(0, 255, 0, 1.0)",1.8186863935818858,65.36620120497265,2.6221116580936457,72.70292083109234,22.410919768129958,True,False,True,False,False,20.0,0.0,0.0,0.0,0.0,0,1.1113332631800485,0.8120593496790487,False,False,False,False,0.3371881459913327,0.3392302311953619,False,False,False,False,61440.0,52612.84222667091,False,False,False,False,956.0531723956432,False,False,False,False
2025-07-07 18:00:00+00:00,70.135,70.15,70.03,70.03,302.0,,,68.8117661806426,65.71341622077904,65.28236479760913,63.56334498763578,62.26109907572051,61.55785983560463,60.555138816390844,59.78937300886982,59.10972810506168,56.236206301837896,55.96802680836844,55.46836379008311,55.45932155090681,55.144836871235846,54.57161486311229,54.01092844716535,53.766723162208194,53.60164216485203,53.517310218151984,53.431457613618186,53.247802410755845,52.89774715301588,,,68.570797710202,67.52818000789455,65.83130045556419,63.86373141026326,63.24911252630607,61.692933621612205,60.71945469272549,60.48443190243002,60.47264306338846,60.078363964362694,57.411175601346336,56.03203695596462,55.56361117083835,55.191399287781415,55.022234507741224,54.25988906262108,53.85663691165286,53.63303136615841,53.5769996197313,53.44418461035076,53.360635718864984,53.12760787155485,52.55828197017624,60.71945469272549,57.411175601346336,55.96802680836844,61.43257844046008,"rgba(0, 255, 0, 1.0)",1.8232736324371155,65.38021683010713,2.5502388051746485,70.32482477408738,23.420955082453148,True,False,True,False,False,20.0,0.0,0.0,0.0,0.0,0,1.1092250922509226,0.8152872957300998,False,False,False,False,0.34130770414920175,0.3402689676722818,False,False,False,False,61138.0,52745.015215404695,False,False,False,False,945.9128131336952,False,False,False,False
2025-07-07 19:00:00+00:00,70.03,70.32,70.03,70.11,1319.0,,70.15333333333332,68.91916646435219,65.76074557787942,65.32837986306077,63.60712820525735,62.30381389187518,61.60024813745797,60.596782381442694,59.82996530221374,59.14915748818687,56.27599046322804,56.00765350677479,55.50756143052667,55.49850787983187,55.18377879894244,54.61014840167664,54.04898586628439,53.8045128075568,53.63920915499421,53.55475917127179,53.468780071025435,53.28482325563378,52.934218545190014,,,68.65714521110836,67.58798478934216,65.87892307885086,63.907916100775616,63.29233087184938,61.73557262671226,60.76114884410821,60.52602718816458,60.51423385481306,60.119610607081135,57.4504758441793,56.07170225173327,55.60291239320602,55.230362273059,55.06112950825953,54.29817861435107,53.894540482731635,53.67064146931252,53.61453553755993,53.48152984880731,53.3978560661947,53.16442915389115,52.59437008978023,60.76114884410821,57.4504758441793,56.00765350677479,62.065533931079464,"rgba(0, 255, 0, 1.0)",1.8271137136271032,65.86765474415442,2.321883539160716,69.64718725110326,22.702771631102692,True,False,True,False,False,20.0,0.0,0.0,0.0,0.0,0,1.109064112011791,0.8128224023581428,False,False,False,False,0.34282824579056004,0.34154860673142096,False,False,False,False,62457.0,52895.5886229178,False,False,False,False,951.6971106044906,False,False,False,False
2025-07-08 14:00:00+00:00,70.04,70.04,67.98,67.98,1016.0,,69.50645824411134,68.90450034301394,65.78441223780895,65.35249604190366,63.63288939615656,62.330230227223815,61.626989152593715,60.62366215337544,59.856544916183395,59.17526037772183,56.30321429729921,56.03483444389732,55.5345618261926,55.525502483125216,55.21067215320421,54.63687377076481,54.07548370866503,53.830866627688486,53.66543562492986,53.58091725756641,53.49486389978456,53.310725825521224,52.95979034881427,,,68.65752924440916,67.60658717226238,65.90238461878295,63.93352829412396,63.31812008904464,61.76237567448582,60.78797065587386,60.552913898099426,60.54112393826951,60.14647907726043,57.47705957962999,56.09889438901814,55.62996292114526,55.25726045629996,55.08801567280441,54.32479303779542,53.92095818914483,53.696892762153205,53.64074442633543,53.507627504646166,53.423880017468846,53.19021098172224,52.61972225025424,60.78797065587386,57.47705957962999,56.03483444389732,62.061856855347784,"rgba(38, 166, 154, 1.0)",1.8073706998976586,65.83715753666031,1.1856131470212654,53.188186181323736,7.741497898946676,False,True,False,False,False,5.9537229091716775,0.0,0.0,0.0,0.0,0,1.0596743198138974,0.8266410437948819,False,False,False,False,0.2452653372567114,0.2934069719940662,False,False,False,False,61441.0,53028.075621012096,False,False,False,False,952.6940546261264,False,False,False,False
2025-07-08 15:00:00+00:00,67.895,68.025,67.43,68.025,750.0,,69.09808103727714,68.86018638307202,65.79661694555112,65.36562022302377,63.64859297665763,62.34702369991961,61.64425960386085,60.641329566947405,59.874202357637394,59.192740367475864,56.3218738246832,56.05349504395487,55.553151864062706,55.5440894683047,55.229220794665785,54.65535974637793,54.093860043618314,53.849162747798005,53.683656269907445,53.5990968842804,53.51299844391806,53.32874802042536,52.9776072246546,,,68.63350661783603,67.60935365826404,65.91426554323458,63.94893462359008,63.33403417906397,61.779637709486956,60.80555520394751,60.57060470646738,60.55882006539782,60.16426019791305,57.495135601508984,56.11755551665975,55.648577552759086,55.2758079021459,55.106571105616915,54.34322935479718,53.939291454551004,53.71512821086407,53.658954759325155,53.52577069233689,53.44197824500147,53.20815790248114,52.63740871978974,60.80555520394751,57.495135601508984,56.05349504395487,62.056970528247604,"rgba(38, 166, 154, 1.0)",1.7868034823915009,65.80623594261034,1.241750466268409,42.6523916782777,-0.9643041264206218,False,True,False,True,False,6.198754440771186,0.0,0.0,0.0,0.0,0,1.0510419812745397,0.8688211013792408,False,False,False,False,0.14285918114033672,0.21813307656720143,False,False,False,False,62191.0,53170.13646409718,False,False,False,False,949.5515111435508,False,False,False,False
2025-07-08 16:00:00+00:00,68.025,68.025,67.415,67.545,158.0,,69.02809846849624,68.84989474637679,65.79896202390614,65.36818313693351,63.65175615608723,62.35044231160688,61.647788874865434,60.644955240744466,59.87783524610093,59.19634361275001,56.325740795097516,56.05736369178068,55.55700844432168,55.54794546040439,55.23307033187266,54.65919881620692,54.0976786250794,53.85296560418766,53.687444062744405,53.602876463343684,53.51676896570335,53.33249584604896,52.98131355521547,,67.66166666666666,68.62762299793087,67.60949182574971,65.9165354364156,63.95202724574414,63.337249827954054,61.78316283503831,60.80916168940562,60.57423610390849,60.56245270580114,60.167915156096555,57.49887488030886,56.12142393226199,55.65243875794894,55.27965697661075,55.110422608681,54.34705940363992,53.943101684738366,53.718918963398515,53.662740499979186,53.529542964078935,53.44574147246505,53.211890498310495,52.64108900647483,60.80916168940562,57.49887488030886,56.05736369178068,62.53676742432111,"rgba(38, 166, 154, 0.5)",1.7651385699635271,66.09431205745358,0.8218549904421378,34.44331937487374,-7.436606181581865,False,True,False,True,False,3.1789809995174743,0.0,0.0,0.0,0.0,0,1.050105432272317,0.8719750979013956,False,False,False,False,0.1422709667239996,0.1802020216456005,False,False,True,False,62033.0,53307.54520108792,False,False,False,False,937.2793946917128,False,False,True,False
2025-07-08 17:00:00+00:00,67.545,68.605,67.545,68.57,428.0,,68.93621447380369,68.83603055732596,65.80724814808939,65.37684049886364,63.6615319842692,62.36068676897317,61.65824579902008,60.65556585749059,59.88838914494607,59.20675469693507,56.33673638319326,56.068352015409275,55.56794159528378,55.55887658266053,55.24397090421585,54.670048997006454,54.108452422908,53.86368750282951,53.698118577461216,53.613525371667905,53.52738988967056,53.343047701894584,52.99173925004976,,68.08406712172925,68.62136865716654,67.61397078838174,65.92468266712545,63.96168093041358,63.34709835809104,61.79362808176208,60.81973503460843,60.58485556735159,60.57307450039816,60.178560767831534,57.50956589753008,56.13241441722057,55.66338886833792,55.290558016427774,55.121324124997955,54.35787358673574,53.95384711720034,53.72960274471041,53.67340850786855,53.54016918029245,53.456339841603274,53.222396198453126,52.65143283945914,60.81973503460843,57.50956589753008,56.068352015409275,62.55749196471718,"rgba(38, 166, 154, 1.0)",1.7388091166502047,66.11026865539333,1.4146068829828256,36.719104270116894,-7.436606181581865,False,True,False,True,False,8.56282770657306,0.0,0.0,0.0,0.0,0,1.0423452768729644,0.866646925278847,False,False,False,False,0.17022804242100184,0.1752150320333012,False,False,False,False,62461.0,53449.45922897803,False,False,False,False,929.383590122849,False,False,False,False
2025-07-08 18:00:00+00:00,68.57,68.67,68.145,68.145,540.0,,68.85719385735771,68.82164308825553,65.81796384628748,65.3879922722127,63.674021174659906,62.37373646582698,61.6715516648296,60.669051621424096,59.901794050076035,59.21997205398511,56.35067344175483,56.08227847488416,55.581795807589295,55.57272818640849,55.25778242222237,54.683794325315326,54.12209895357286,53.87726750294862,53.71163806948935,53.62701218849455,53.540841023214455,53.3564108775107,53.00494176000273,,68.19721432800473,68.61535598167443,67.62024247409111,65.93523309053634,63.97402556530586,63.35967000616403,61.80694685577731,60.83317574518643,60.598351631900506,60.58657336865624,60.19208504448746,57.52312457515183,56.1463439413918,55.677264984508916,55.304370335543126,55.13513629125766,54.37157214278357,53.96745720452821,53.74313406553144,53.68691968508152,53.55362704959497,53.46976221254157,53.23570061348626,52.66453078857326,60.83317574518643,57.52312457515183,56.08227847488416,62.56864858479529,"rgba(38, 166, 154, 1.0)",1.7088023491528197,66.11299755677662,1.1891383718139146,36.62918803849652,-7.436606181581865,False,True,False,True,True,5.9940115628128545,0.0,0.0,0.0,0.0,0,1.0523875295974745,0.8731254932912391,False,False,False,False,0.1966536277597536,0.1859343298965274,False,False,False,False,61921.0,53580.80094635821,False,False,False,False,923.3466352372234,False,False,False,False
2025-07-08 19:00:00+00:00,68.145,68.375,68.145,68.34,1727.0,,68.69126249017626,68.77784577704035,65.85118044247764,65.42269766990425,63.71323434918228,62.414858505318975,61.713539659787685,60.711677764169195,59.94421160628504,59.26183302945403,56.394905867197664,56.12648484505277,55.62578682540445,55.616711183224304,55.30164627240134,54.72746167453558,54.16546512789147,53.92042774866901,53.75460979401654,53.669881973806824,53.583599339692384,53.398893815248876,53.04692151563692,,68.25136230868092,68.59564124382082,67.63865209996213,65.96789661856731,64.01274105571034,63.39918537421285,61.84896355703741,60.87564963269224,60.641014674365366,60.629245964765936,60.2348614902081,57.56612665298701,56.19055825133522,55.72132284916377,55.3482356230761,55.17900503854556,54.41509800458958,54.0107109974201,53.786142669762604,53.72986552967721,53.596406471286144,53.5124306833947,53.27799945430689,52.70618447922007,60.87564963269224,57.56612665298701,56.12648484505277,62.595025237215665,"rgba(38, 166, 154, 1.0)",1.683471978056847,66.11345429598751,1.3225914853554568,37.77398050597276,-7.436606181581865,False,True,False,True,True,6.9730961298080665,0.0,0.0,0.0,0.0,0,1.0479438513246344,0.8798932384341638,False,False,False,False,0.18489964175746543,0.1854169858269964,False,False,False,False,63648.0,53736.881551841034,False,False,False,False,935.8063773265687,False,False,False,False
2025-07-09 14:00:00+00:00,67.85,68.855,67.75,68.76,877.0,,68.6608586451455,68.76495956975542,65.86885087312027,65.4410227053473,63.73361689474441,62.436115172965444,61.73519930735169,60.73361890761057,59.966019412086126,59.283336853999934,56.417558757743386,56.149120275870914,55.64830525339656,55.639225399193194,55.324095501004166,54.749803503836176,54.18764701283743,53.94250207521576,53.776586355650416,53.69180574013393,53.605465453281425,53.420617832260646,53.06838587086015,,68.29924173369079,68.59148410290977,67.64994555215529,65.98531784382163,64.03290043794058,63.41969307475638,61.870644902343095,60.89751952152525,60.6629719480936,60.651207668948246,60.256862001300085,57.58817338489358,56.21319870897576,55.74387667139253,55.370686208447815,55.2014551369438,54.43736405819952,54.03283394050319,53.80813834380007,53.75182865264245,53.61828346327585,53.53425031926992,53.299628528544154,52.727479623590845,60.89751952152525,57.58817338489358,56.149120275870914,62.6123775302838,"rgba(0, 255, 255, 0.75)",1.6605852300644026,66.12169732346462,1.5887788405977015,40.95688342854476,-7.436606181581865,False,True,False,True,True,9.030250406205557,0.0,0.0,0.0,0.0,0,1.0390367061565355,0.8704602835502039,False,False,False,False,0.18828106808125916,0.18684902695412778,False,False,False,False,64525.0,53904.13920220008,False,False,False,False,934.8946505463118,False,False,False,False
2025-07-09 15:00:00+00:00,68.76,69.34,68.76,69.31,553.0,,68.69657007781396,68.77408516463187,65.8827749011812,65.45505201146861,63.74822208752694,62.450951332305664,61.75016379357622,60.748606056501295,59.980812763383874,59.29784857862696,56.43260545020992,56.16413883057028,55.663217475879534,55.65413433670563,55.33894452317678,54.76455283241564,54.20226520664055,53.957038977306354,53.79105209736559,53.70623333800683,53.619851711275,53.43490352894379,53.08248794509259,,68.40736594287493,68.60145948449855,67.66280239886156,65.99917559930871,64.04746336542726,63.434278133006096,61.8856510646191,60.91248301263423,60.677959660283705,60.66619667688838,60.27182264469023,57.60289847737582,56.22822448075665,55.758817619160006,55.385538588105206,55.21629833337184,54.452048835359335,54.04740664683493,53.82261794340949,53.76628454900522,53.63267737726036,53.54860322796722,53.31384727762545,52.74145859329347,60.91248301263423,57.60289847737582,56.16413883057028,62.63118447956088,"rgba(0, 255, 255, 0.75)",1.6425212519370365,66.14046365659945,1.9296775245146423,45.73745594521244,-13.552153005700895,False,True,False,True,True,11.59245848236592,0.0,0.0,0.0,0.0,0,1.06327399380805,0.8604876160990711,False,False,False,False,0.24853081571015379,0.21768992133214077,False,False,False,False,65078.0,54077.377354103955,False,False,False,False,928.9738032510202,False,False,False,False
2025-07-09 16:00:00+00:00,69.31,69.505,69.24,69.37,489.0,,68.73858639854056,68.78678253816516,65.8958711004667,65.46815544852058,63.761631742951046,62.46447505234891,61.76376547422666,60.76218428021098,59.994189073986185,59.31095091110753,56.44612669936281,56.17763039867977,55.67660594343371,55.667519725263084,55.3522716437815,54.77778286000404,54.21537083365724,53.970068981074945,53.80401654477453,53.71916271435323,53.63274315481171,53.447703027635356,53.09511958075376,,68.50618049734562,68.61372281193019,67.67577084238624,66.01223867611918,64.06086327491698,63.44764232002001,61.89929736728636,60.92604633090698,60.69153568242741,60.6797734219107,60.28535950665059,57.616152815651425,56.241723564445984,55.7722332664232,55.39886938095023,55.22961850770661,54.46521710081412,54.06046973674731,53.835595144427515,53.77923991058671,53.645575809884534,53.56146406462877,53.326585624490356,52.75397681028242,60.92604633090698,57.616152815651425,56.17763039867977,62.649066249222585,"rgba(0, 255, 255, 0.75)",1.6211734349871578,66.15956011874404,1.9803185840393422,49.19633692229054,-10.094212066105214,False,True,False,False,True,11.865418696395245,0.0,0.0,0.0,0.0,0,1.0879389611659984,0.8482832827937005,False,False,False,False,0.2750559851126948,0.24637295322241778,False,False,False,False,65567.0,54255.51103853645,False,False,False,False,922.1525039758105,False,False,False,False
2025-07-09 17:00:00+00:00,69.35,69.445,69.195,69.38,714.0,,68.78868665655504,68.80342942234208,65.91464492388498,65.4869774276714,63.78098714646709,62.4840365917803,61.78345632612353,60.78186088737966,60.01358610669438,59.32996080279281,56.4657704606832,56.19723315095981,55.696062752168416,55.68697213100379,55.37164162160623,54.79701551448693,54.234426140220236,53.98901583374483,53.82286909917199,53.73796478892235,53.65149059533879,53.46631789189794,53.113492358169694,,68.61470166484385,68.63022385922483,67.69400966999231,66.03095354930856,64.0801921449779,63.46694424181253,61.91904946207775,60.94569854167897,60.71121032150631,60.699449304139144,60.30498417482971,57.63540025507426,56.261336738453096,55.791728831842086,55.41824438656967,55.24897918488268,54.48436193180109,54.07946413502846,53.85446605014562,53.798079401791874,53.6643333322174,53.58016742343121,53.34511228102016,52.772186365819366,60.94569854167897,57.63540025507426,56.19723315095981,62.67299135325015,"rgba(0, 255, 255, 0.75)",1.606848429029831,66.1842992670902,1.9888003592468715,51.552125780601,-7.60298175807872,False,True,True,False,True,11.91160684722643,0.0,0.0,0.0,0.0,0,1.0914705882352942,0.8380392156862746,False,False,False,False,0.2693722687502408,0.2578726109863293,False,False,False,False,66281.0,54441.95272786147,False,False,False,False,918.9253333715344,False,False,False,False
2025-07-09 18:00:00+00:00,69.38,69.63,69.38,69.43,671.0,,68.83887830916828,68.82203587578725,65.93281602953127,65.50513651017415,63.79950988370121,62.50269219764018,61.80220936566094,60.800571540164775,60.03201426120631,59.34800921411084,56.484376874125516,56.215797871232475,55.71448445641261,55.70538958725937,55.389978183461636,54.81521720267608,54.25245571086737,54.00694110130253,53.84070409277107,53.75575150076196,53.66922510164723,53.48392592786809,53.13086945674713,,68.70900330247416,68.64798875284293,67.71221661779674,66.04908651309775,64.09870845257561,63.485398478140226,61.937865051167364,60.96439035137829,60.72991732559266,60.71815719060717,60.32363416276893,57.65364668780336,56.279911996878184,55.810188093003426,55.43658613970834,55.26730581049144,54.50247805118397,54.09743498443848,53.872318603679695,53.81590187892031,53.68207744848055,53.59785980250386,53.362636207611914,52.78940715890541,60.96439035137829,57.65364668780336,56.215797871232475,62.69575891262506,"rgba(0, 255, 0, 1.0)",1.584854413981071,66.20845228760514,2.0327089251702986,53.396944461056,-5.4897581163037685,False,True,True,False,True,12.146212596947105,0.0,0.0,0.0,0.0,0,1.0905083749632678,0.8363208933294154,False,False,False,False,0.28466351128288253,0.2712680611346059,False,False,False,False,66952.0,54635.90694913494,False,False,False,False,915.0815297533711,False,False,False,False
2025-07-09 19:00:00+00:00,69.43,69.87,69.41,69.76,1424.0,,68.95117507344207,68.86934799726342,65.97291183564896,65.54504364384118,63.8397928322309,62.543080915855576,61.84273482459278,60.840922789628024,60.071708729159,59.38685169491528,56.52429276933033,56.25561607762183,55.7539820773154,55.744877873092776,55.429284790325376,54.85422059069209,54.29107793481044,54.04533504157056,53.878901643897336,53.793844141249046,53.70720444804259,53.521631426903866,53.16807489515596,,68.89139339577014,68.69182945019539,67.75388698044465,66.08915052355344,64.13903112062665,63.52548351207247,61.97853766542955,61.004713521275974,60.77025559870575,60.75849650290708,60.36382221612255,57.692835447363564,56.31975473942389,55.84976871604437,55.47590512773787,55.30658782960423,54.54129099061077,54.135928274580365,53.91055433256331,53.85407216944842,53.72007758144718,53.63574771138024,53.40015968576384,52.82627239044647,61.004713521275974,57.692835447363564,56.25561607762183,62.744906794296824,"rgba(0, 255, 0, 1.0)",1.5450011574682907,66.26209256920954,2.2640160584230844,56.38018787196504,-2.277591768146472,False,False,True,False,True,13.681875551790245,0.0,0.0,0.0,0.0,0,1.0887504865706503,0.8329116387699493,False,False,False,False,0.29569490377136226,0.2834814824529841,False,False,False,False,68376.0,54848.931647597965,False,False,False,False,922.9717385944041,False,False,False,False
2025-07-10 14:00:00+00:00,70.59,70.59,69.875,70.02,374.0,,68.99218266908211,68.88779771220622,65.98465058134451,65.55660490809869,63.85114645608542,62.554324197237605,61.8539593066534,60.852034121697045,60.082599917457024,59.39748004328939,56.53511865494444,56.26640875749828,55.76467625247252,55.75556932114786,55.43992018499322,54.86476224891758,54.301506142386714,54.05569737109785,53.88920822043313,53.80412103544007,53.71744940065448,53.53179965612327,53.17810306496787,,68.95111460297507,68.7080477454885,67.7672043853552,66.10091861884598,64.15043728077724,63.53674281190742,61.98981284722734,61.01582679729022,60.781359329803266,60.76959985097815,60.37486280588852,57.70349756311325,56.33055564712427,55.860487499941584,55.48654488120742,55.317213942718396,54.551775235589574,54.14631895698365,53.92087172845082,53.8643709839561,53.730328341721226,53.645966875766774,53.41027700713298,52.83620397461231,61.01582679729022,57.70349756311325,56.26640875749828,62.75977150449475,"rgba(0, 255, 0, 1.0)",1.5234631363868694,66.27970834260273,2.4551244910775787,59.59900677963253,1.1121671141976108,False,False,True,False,True,14.863117065841216,0.0,0.0,0.0,0.0,0,1.0941561567343798,0.8220852989313564,False,False,False,False,0.34282824550790636,0.31315486398044523,False,False,False,False,68750.0,55064.45208717009,False,False,False,False,914.4605488487545,False,False,False,False
2025-07-10 15:00:00+00:00,70.02,70.29,70.02,70.29,428.0,,69.03725991163817,68.90889151799686,65.99812629933099,65.56987414286952,63.86416806036761,62.56721482079665,61.86682642628582,60.86476952679867,60.095082109687176,59.40966049057475,56.54752135836818,56.27877321783506,55.77692757721294,55.76781751841688,55.45210398822759,54.876838350107,54.31345202753907,54.06756771281602,53.90101466175312,53.81589345977936,53.72918522258507,53.54344757585012,53.189590509663326,,69.0148773311066,68.72665205061716,67.7825061109723,66.11442902137752,64.16352032446378,63.54965528248408,62.00273828090516,61.02856477775874,60.79408589658194,60.78232595535381,60.387516369271545,57.715714251996125,56.34292958023435,55.87276705902439,55.49873371076485,55.329387023702125,54.56378541442882,54.15822179972458,53.93269056964797,53.87616852784285,53.74207081669586,53.6576731456178,53.42186660301477,52.84758069289702,61.02856477775874,57.715714251996125,56.27877321783506,62.77654732462691,"rgba(0, 255, 0, 1.0)",1.5002427731471253,66.29953309270454,2.6598807731128025,62.90787640325342,4.539024945866828,True,False,True,False,True,16.066154007486873,0.0,0.0,0.0,0.0,0,1.0964760254188333,0.828326593491238,False,False,False,False,0.33559553767875616,0.3243752008296007,False,False,False,False,69178.0,55283.26678349303,False,False,False,False,906.9185248355955,False,False,False,False
2025-07-10 16:00:00+00:00,70.29,70.41,69.955,70.06,579.0,,69.09033964195788,68.93512945400185,66.01596858839919,65.58747994705756,63.881537558461076,62.58445154080561,61.88404869743178,60.881835596069145,60.11182193598149,59.426005753702626,56.56419245907773,56.29539508243683,55.793401260769116,55.784287067966936,55.46848924057947,54.89308263292707,54.32952469101159,54.08354023864362,53.9169022203149,53.83173575566617,53.7449787819863,53.559123948423846,53.20505290792746,,69.08767481216991,68.75012616277958,67.802410432392,66.13230589949015,64.18095915728307,63.56689136158164,62.02003525508088,61.045631394809796,60.81114137559407,60.79938101712416,60.404480924216564,57.73212602631189,56.35956366795958,55.88927796252699,55.515125402223504,55.34575868265338,54.5799430159111,54.17423749727432,53.94859462193761,53.89204426163646,53.757873249789206,53.673427357255704,53.43746519061109,52.86289579754987,61.045631394809796,57.73212602631189,56.29539508243683,62.79803734968705,"rgba(0, 255, 0, 1.0)",1.4561751020841323,66.3243707668326,2.565370900670413,63.03673555442491,5.06526469336756,True,False,True,False,True,14.509665282459988,0.0,0.0,0.0,0.0,0,1.0938259601361209,0.8387943607194944,False,False,False,False,0.3381580744522204,0.3312666376409106,False,False,False,False,68599.0,55489.71225971795,False,False,False,False,901.8345166986095,False,False,False,False
2025-07-10 17:00:00+00:00,70.06,70.285,70.04,70.085,457.0,,69.12858112070803,68.95498059843581,66.02992628910678,65.60126545276917,63.895168539861615,62.597992082890336,61.897583356959075,60.8952541820805,60.12498863821435,59.43886581822198,56.577317143187635,56.30848173794667,55.80637262681711,55.79725520531612,55.48139180013485,54.905875524442976,54.34218367852388,54.096120907708126,53.92941635082093,53.844214430096116,53.75741926805249,53.571472563385804,53.21723375244069,,69.13857079661678,68.76804660765292,67.8178520764877,66.14628683698518,64.19464032230498,63.58042184547255,62.033627415414685,61.05904948534854,60.82455205078428,60.812791429391574,60.41782244340058,57.74504391891634,56.37265977347166,55.90227836513023,55.5280329260079,55.35865080893926,54.592668340842046,54.18685195976883,53.961121670804005,53.90454913375288,53.770320693720834,53.68583701151398,53.44975281299898,52.87496125221746,61.05904948534854,57.74504391891634,56.30848173794667,62.81447079850519,"rgba(0, 255, 0, 1.0)",1.397008941268378,66.34312309946694,2.6784917332996576,63.255278926270805,5.835136144121876,True,False,True,False,True,14.624121277471115,0.0,0.0,0.0,0.0,0,1.0947931873479324,0.8361070559610705,False,False,False,False,0.3362939887848142,0.3337803132128624,False,False,False,False,69056.0,55700.042302202935,False,False,False,False,894.9378575249876,False,False,False,False
2025-07-10 18:00:00+00:00,70.085,70.28,70.085,70.11,367.0,,69.15794317975809,68.97073735788021,66.04112571391963,65.61232834576916,63.906109997778614,62.60886204676576,61.908448947140826,60.90602721819241,60.135560150667395,59.44919180107706,56.58785554702768,56.31898968891719,55.81678820752447,55.80766819849792,55.49175224656859,54.916148085413006,54.35234890435444,54.1062233436046,53.93946543623559,53.85423508576377,53.76740930224582,53.581388926899,53.22701557254023,,69.17681449690033,68.78232850958217,67.830220062395,66.15750451397616,64.20562163943087,63.59128317548872,62.04453896738355,61.06982207182509,60.83531877443775,60.823557946151986,60.42853390285052,57.75541644846987,56.383175292522544,55.912717214483045,55.538397348662514,55.36900290020805,54.60288674537159,54.19698148993017,53.97118111435462,53.914590795666065,53.780316307243,53.69580232261043,53.45962026491077,52.88465052855941,61.06982207182509,57.75541644846987,56.31898968891719,62.827492631852344,"rgba(0, 255, 0, 1.0)",1.3338707070270654,66.35791065880935,2.8129333086212838,63.54679543747859,6.747156685996231,True,False,True,False,True,14.740467487308376,0.0,0.0,0.0,0.0,0,1.0968087176493484,0.8328468573652461,False,False,False,False,0.3381580744522204,0.3359691938325414,False,False,False,False,69423.0,55912.80133627731,False,False,False,False,886.7527744625846,False,False,False,False
2025-07-10 19:00:00+00:00,70.11,70.31,70.04,70.19,1228.0,,69.24696266874719,69.02149530580621,66.07835660322992,65.64913250308389,63.94257022135144,62.64511103270094,61.94469376309863,60.94197682053359,60.17084765909973,59.48366847368704,56.62305506407106,56.35408903103501,55.851582082171916,55.842453492741726,55.526363761964326,54.950468911264046,54.3863139395761,54.1399798854408,53.97304466650953,53.88771980707797,53.80079220649439,53.61452678155315,53.259705826008044,,69.28866412444768,68.82877383594017,67.8710464831112,66.19478835659345,64.24220609330611,63.62748540222736,62.08093433395872,61.105768433251335,60.871248152693994,60.85948675853921,60.464283737509774,57.790058162327746,56.41829954798534,55.94758818807263,55.573021931606704,55.40358704298446,54.637028180653154,54.230828050685844,54.004794774323535,53.948145356061524,53.81371777137942,53.72910301987423,53.492595398311586,52.91703304572508,61.105768433251335,57.790058162327746,56.35408903103501,62.86980010273348,"rgba(0, 255, 0, 1.0)",1.2735350177530536,66.4053550857304,2.9717635255503105,64.23820935381087,8.038537340381183,True,False,True,False,True,15.11727041303229,0.0,0.0,0.0,0.0,0,1.095903708017861,0.8318773053775965,False,False,False,False,0.33745877756166653,0.336713985697104,False,False,False,False,70651.0,56141.300540366035,False,False,False,False,892.0434291220794,False,False,False,False
2025-07-11 14:00:00+00:00,70.44,70.75,70.25,70.51,713.0,,69.30744013862633,69.05675008620018,66.10134776683886,65.67173642813445,63.96463324387677,62.66689538061967,61.966413337889165,60.96344832998432,60.19188090398129,59.504186853334616,56.64389447953955,56.37486161100358,55.87216095200947,55.863027068092386,55.546826886655346,54.97074707021128,54.4063702347521,54.15990836916067,53.992865456508476,53.90748330511232,53.820494106261016,53.63408096288972,53.27899021823752,,69.36251584662176,68.86047163299438,67.89733579863008,66.21785136386384,64.26438837267078,63.649351362883536,62.102754813329064,61.12724875374681,60.89270313894439,60.88094066428712,60.48560752893187,57.810605882695164,56.43908864172075,55.96821502038187,55.59349392172472,55.42403100804633,54.657193701265534,54.25081137181889,54.02463645523048,53.96795113650347,53.83343084097442,53.74875517456312,53.51205158519456,52.936130480782786,61.12724875374681,57.810605882695164,56.37486161100358,62.89617409445393,"rgba(0, 255, 0, 1.0)",1.2189954252779969,66.43610869083447,3.3420070532557284,66.50512216040975,10.710724459211072,True,False,True,False,True,16.607588040658037,0.0,0.0,0.0,0.0,0,1.0980354391371343,0.8235747303543913,False,False,False,False,0.34282824522038957,0.3397711154587468,False,False,False,False,71364.0,56377.31138470144,False,False,False,False,889.2675620039075,False,False,False,False
2025-07-11 15:00:00+00:00,70.51,70.95,70.51,70.77,1318.0,,69.4247685472205,69.12779929896335,66.14550769304796,65.71501913426358,64.00651178796812,62.70807157105077,62.007394291186806,61.00387831691868,60.23143654572558,59.542738385852076,56.68291665091757,56.41374970395651,55.91067125772817,55.901527213668686,55.58511131330005,55.008669964293425,54.44386454039891,54.19715829733086,54.02991064421964,53.9444197004981,53.85731367745564,53.6706210080734,53.31501974595572,,69.5020265746774,68.92412718566969,67.94892535082772,66.26219178845952,64.30654335005197,63.69080978077721,62.143938219190964,61.167708061322145,60.933096806309656,60.92133141923179,60.52572623385722,57.84912946033395,56.478009747655115,56.00681781809363,55.631796297930336,55.46227601682532,54.694898116515986,54.28816574356826,54.06172133547858,54.00496775757942,53.87027152624762,53.78548038707732,53.54840630424263,52.97180443329785,61.167708061322145,57.84912946033395,56.41374970395651,62.94653423621743,"rgba(0, 255, 0, 1.0)",1.1525668064130128,66.49581805696496,3.7084027747918795,69.23191935147644,13.655993399046878,True,False,True,False,True,17.788074762666273,0.0,0.0,0.0,0.0,0,1.1029836381135711,0.8248315688161693,False,False,False,False,0.34282824491978364,0.3412996801892652,False,False,False,False,72682.0,56630.09725470607,False,False,False,False,895.9145765464826,False,False,False,False
2025-07-11 16:00:00+00:00,70.59,70.82,70.39,70.81,1628.0,,69.53923320944551,69.20424254392627,66.19809485421584,65.7667427043352,64.05700133043675,62.75791856464664,62.05708749405613,61.05300289490551,60.27956569480154,59.589698539930374,56.7305813762872,56.461261609558626,55.95774172130954,55.94858563503477,55.63191780473876,55.05505423487327,54.48974289741074,54.242745537421435,54.07525275319248,53.98963140437697,53.90238518705106,53.715356382695056,53.35914096901398,,69.63198550625867,68.99424531553935,68.00859060763818,66.31493912172715,64.3573040608043,63.7408535767533,62.193859684443396,61.216854113141196,60.98218347609044,60.970415540784295,60.57451338274963,57.89614169404455,56.52555939972044,56.05399743918559,55.67862312757358,55.509038438055086,54.74102541891498,54.33387781862012,54.10711099586224,54.0502756907086,53.915368444305976,53.83043866333515,53.592918663088156,53.01549945314425,61.216854113141196,57.89614169404455,56.461261609558626,63.004075051849625,"rgba(0, 255, 0, 1.0)",1.0663976279525198,66.56156518501444,3.9839124765708074,71.22975161747718,15.816901395756972,True,False,True,False,True,17.969073558748036,0.0,0.0,0.0,0.0,0,1.094400155551235,0.8324907641454403,False,False,False,False,0.3310044919007467,0.33615208604500596,False,False,False,False,74310.0,56904.20427401295,False,False,False,False,907.2647381504131,False,False,False,False
2025-07-11 17:00:00+00:00,70.81,70.895,70.65,70.86,985.0,,69.60557781571787,69.25065737463126,66.23021856123397,65.79832158533272,64.08776508977303,62.78826012586324,62.08732165631181,61.08287672184669,60.30882766921996,59.61824600993824,56.75952691032953,56.49011283227565,55.98632271770923,55.977159293907775,55.66033713660062,55.083214793431175,54.51759438541143,54.27041969104153,54.10277782604145,54.017077191400695,53.92974576447629,53.74251278215953,53.385924253572746,,69.70556680291226,69.03704328733751,68.04511619004629,66.34716689394325,64.38824112206619,63.77133920991919,62.2242341211129,61.24674349777019,61.012033337654,61.00026368404564,60.60417650898351,57.92470284983754,56.55443389465772,56.08264504128917,55.707055055590004,55.5374303407615,54.76902880987698,54.361627928991396,54.13466498379405,54.077779970695666,53.942744449528405,53.857730411291996,53.61993960759685,53.04202334397656,61.24674349777019,57.92470284983754,56.49011283227565,63.0387509501104,"rgba(0, 255, 0, 1.0)",1.062796214142044,66.60110495450695,4.00725462588432,72.80210921432813,17.55290570944561,True,False,True,False,True,18.198284063031057,0.0,0.0,0.0,0.0,0,1.0971223021582737,0.8319074470153606,False,False,False,False,0.3428282449712421,0.33949016550812405,False,False,False,False,75295.0,57189.33288991972,False,False,False,False,908.4699360085463,False,False,False,False
2025-07-11 18:00:00+00:00,70.86,71.085,70.82,71.0,913.0,,69.66887633970967,69.29570486121084,66.26066741277246,65.82820377603753,64.11673222972816,62.81676081788103,62.115692120096725,61.11087589629368,60.33623424161701,59.64496965984994,56.78656766594962,56.51706187920996,56.013013350608595,56.00384297754287,55.68687310095077,55.10950293155553,54.54358858180614,54.29624626667188,54.1284639694267,54.04268870008722,53.955277121741545,53.76785234034259,53.41091330150433,,69.77514050650737,69.07852120627601,68.08012500819832,66.37773051828884,64.417391044863,63.800026639016224,62.252740836225655,61.274762436904005,61.04000796041954,61.02823633975522,60.631964981782694,57.9514048116068,56.58140552540464,56.10939894131149,55.733603337283746,55.563939230296405,54.79516710996431,54.387526132632345,54.16037835516668,54.10344651400966,53.968290289553316,53.88319701786133,53.64515196470916,53.066767942798315,61.274762436904005,57.9514048116068,56.51706187920996,63.071512188624204,"rgba(0, 255, 0, 1.0)",1.063110483864578,66.63880605357903,4.102296057289667,74.52398069946813,19.417292085043044,True,False,True,False,True,18.843134362183275,0.0,0.0,0.0,0.0,0,1.0979266037184856,0.8322787890586975,False,False,False,False,0.3428282451831396,0.3411592053456318,False,False,False,False,76208.0,57484.19594588996,False,False,False,False,908.5401695588013,False,False,False,False
2025-07-11 19:00:00+00:00,71.0,71.0,70.79,70.955,1514.0,,69.75799448905684,69.36319220781604,66.30974398439947,65.87649604431206,64.16386394754073,62.86328105495206,62.16205955442944,61.1567087990696,60.381145999244794,59.68880096536208,56.83101460824201,56.561366108557,56.05690752918287,56.04772600481681,55.73052181957819,55.152758541632004,54.58637399443367,54.33876161066569,54.17075214936664,54.08485603993444,53.99731457090796,53.80957845994109,53.45207028469521,,69.87056474057692,69.14167688813173,68.13532830004243,66.42695325002268,64.46477544217947,63.846747157694466,62.29931840728876,61.32061741854207,61.085805200308414,61.074031079375025,60.67748269655084,57.995263278250135,56.62574498566359,56.15339430148321,55.77727113857899,55.60754643441017,54.8381837134932,54.430157186415144,54.202710600153985,54.14570300783504,54.01035126056758,53.92512953483028,53.6866714940481,53.107529132852626,61.32061741854207,57.995263278250135,56.561366108557,63.123199064304345,"rgba(0, 255, 0, 1.0)",1.0692372797289864,66.69673825311848,3.9825227081128647,74.90558449749776,20.05621257773946,True,False,True,False,True,18.495002119198894,0.0,0.0,0.0,0.0,0,1.099123661148978,0.830087633885102,False,False,False,False,0.3375289327161865,0.3393440690309092,False,False,False,False,74694.0,57751.01461339554,False,False,False,False,917.9271436741686,False,False,False,False
2025-07-14 14:00:00+00:00,71.95,72.07,71.78,71.885,954.0,,69.85086211052854,69.42840624804413,66.34671832515791,65.91238452316392,64.19756340815107,62.895915462873006,62.19432476731966,61.188296814997756,60.4119095328654,59.71868174037385,56.86084991317788,56.59107202843164,56.08627993956741,56.07708993579755,55.759694281029375,55.1816090996801,54.61485780494516,54.367043849186615,54.198869057804295,54.11288547780212,54.0252505202144,53.83729262988969,53.47937928549755,,69.9728396099235,69.20042808866359,68.18110326162915,66.46419146881878,64.49883885846893,63.87997970640152,62.331776924347544,61.352266458259635,61.117349451807016,61.10557043178698,60.7087300696433,58.024867431210716,56.65548243485377,56.18284526549842,55.806461425307745,55.636677947838145,54.86684466150391,54.4585243373005,54.23085948946258,54.173796749059065,54.03830389045384,53.95298992149134,53.71423893218329,53.13455023442495,61.352266458259635,58.024867431210716,56.59107202843164,63.16361636283597,"rgba(0, 255, 0, 1.0)",1.1035487718690928,66.74663728416111,4.656217148550664,78.45864245082348,23.61262229710968,True,False,True,False,True,20.0,0.0,0.0,0.0,0.0,0,1.0986628462273165,0.8265520534861509,False,False,False,False,0.34282824618129054,0.34108615760609984,False,False,False,False,75648.0,58028.48725504833,False,False,False,False,918.4864127644917,False,False,False,False
2025-07-14 15:00:00+00:00,71.92,72.56,71.92,72.175,213.0,,69.87343771918043,69.44425556978004,66.35535830247595,65.92074576802247,64.20534503019869,62.903416388389424,62.20172591894179,61.19552513073277,60.418938285683446,59.72550058778185,56.86763054015304,56.597821233411395,56.09294986868335,56.08375787895595,55.766316662573736,55.188154842325055,54.62131713937564,54.373456166564374,54.20524304252373,54.11923920851457,54.0315826334194,53.843573590892916,53.4855668075295,,69.99768327100215,69.21465215082314,68.1920000380151,66.47290088233552,64.506714573105,63.88764406431021,62.339225069824415,61.35951140987921,61.124566639806496,61.11278631360849,60.715873288286616,58.0316055566947,56.662239278538856,56.18953367941597,55.81308816048962,55.643290232978416,54.873345564006385,54.46495638108065,54.237240884134955,54.180165356266045,54.044639846523886,53.95930455983852,53.720486074567674,53.14067100381914,61.35951140987921,58.0316055566947,56.597821233411395,63.17308412043924,"rgba(0, 255, 0, 1.0)",1.1460712365648043,66.75852541183906,4.726123835370041,81.42816225880284,26.48117606070815,True,False,True,False,True,20.0,0.0,0.0,0.0,0.0,0,1.1032619002465394,0.8179404513559642,False,False,False,False,0.34282824645988785,0.34195720203299385,False,False,False,False,75861.0,58304.96032086153,False,False,False,False,907.5486389231818,False,False,False,False
2025-07-14 16:00:00+00:00,72.175,72.32,71.97,72.32,248.0,,69.8990216958158,69.46238527370038,66.36536035632183,65.93042991070503,64.2143693943723,62.91212062658193,62.2103165796194,61.203917833628,60.42710107039152,59.73342101378984,56.87551010725687,56.605664581952695,56.1007016320182,56.09150734434143,55.7740134933732,55.19576313450299,54.62882549093213,54.38091007832958,54.212652541088026,54.12662523660207,54.038943607065775,53.850875262861386,53.49276014742041,,70.02573461538462,69.23096361502346,68.20456649066072,66.48298187123302,64.51584639808377,63.896534054088235,62.34786981575912,61.3679230474892,61.13294658960365,61.12116477344848,60.72416828021017,58.039434542902946,56.670091434159445,56.197306820821154,55.82079000771172,55.650975441111235,54.88090201442658,54.4724331432042,54.24465896875384,54.187568624917816,54.05200527571427,53.96664528032095,53.72774853601964,53.147786988883944,61.3679230474892,58.039434542902946,56.605664581952695,63.1839937588873,"rgba(0, 255, 0, 1.0)",1.1911940107191101,66.77216585827578,4.657372427834023,83.68419174006073,28.644863773360257,True,False,True,False,True,20.0,0.0,0.0,0.0,0.0,0,1.1092085235920852,0.816400304414003,False,False,False,False,0.33499542961240025,0.33847631582269705,False,False,False,False,76109.0,58580.99194379391,False,False,False,False,897.3230786297992,False,False,False,False
2025-07-14 17:00:00+00:00,72.32,72.32,72.095,72.095,229.0,,69.92181708599982,69.47871467699034,66.37451322853332,65.93929827229148,64.22264961693398,62.92011476829524,62.218209573840994,61.21163273979228,60.43460713820507,59.74070618289474,56.88276300367362,56.61288456811881,56.107838085319834,56.098641696264146,55.78109984265896,55.20276873639285,54.635739774270554,54.38777452934738,54.21947629438495,54.133427477527164,54.04572287795987,53.85760014053314,53.49938565210904,,70.0506237011506,69.2457009495865,68.21600432867716,66.4922050207032,64.52422290667073,63.90469322044604,62.35581186516483,61.375654805998295,61.14065001214069,61.12886686493807,60.73179492700492,58.046639055191015,56.67731942640008,56.20446280735733,55.82788091197659,55.658051253418314,54.887860278304515,54.47931852533947,54.25149059083415,54.19438667046369,54.05878863407598,53.97340598314164,53.7344374430815,53.15434159564478,61.375654805998295,58.046639055191015,56.61288456811881,63.19392391758567,"rgba(0, 255, 0, 1.0)",1.2342246608763856,66.78450970716739,4.302693392191493,82.16637109739607,28.644863773360257,True,False,True,False,True,20.0,0.0,0.0,0.0,0.0,0,1.108914691488341,0.8268880145859322,False,False,False,False,0.3401440823016287,0.33931019906216286,False,False,False,False,75880.0,58849.193619083926,False,False,False,False,886.9614805115077,False,False,False,False
2025-07-14 18:00:00+00:00,72.095,72.145,71.945,71.985,161.0,,69.93655538628944,69.48946554075317,66.38077038769286,65.9453734085648,64.2283547472417,62.925638869418634,62.22367056698095,61.21697857716778,60.439813454940825,59.745763270423545,56.88780975773345,56.61790934538623,56.112806364162154,56.10360854130668,55.786034235961196,55.207648549503865,54.64055747330164,54.39255813019773,54.22423194856414,54.13816834760264,54.050447949075384,53.862287742904655,53.504004790592276,,70.06660532931122,69.25546457924212,68.22371290779428,66.4985063866311,64.52998962178405,63.91031948467022,62.36130550879705,61.38101111742865,61.145988403501335,61.13420441764261,60.737082915257346,58.0516478823084,56.682349557747294,56.20944437707882,55.83281833810778,55.662978669693445,54.892707963632546,54.484116482268455,54.256251650641374,54.19913840762866,54.06351652261276,53.978118283666994,53.73910025556335,53.15891203393781,61.38101111742865,58.0516478823084,56.61790934538623,63.200651656988356,"rgba(0, 255, 0, 1.0)",1.2692544985084375,66.79275141189973,4.090786043462468,79.74310402672752,28.644863773360257,True,False,True,False,False,20.0,0.0,0.0,0.0,0.0,0,1.0961427748992516,0.8311264632508155,False,False,False,False,0.32679293952649724,0.33305156929433005,False,False,False,False,75719.0,59110.74100483456,False,False,False,False,875.7062637593913,False,False,False,False
2025-07-14 19:00:00+00:00,71.99,72.225,71.95,72.18,920.0,,70.02055771779312,69.55139728225613,66.41684829016016,65.98038649815042,64.2611844576911,62.95739947999991,62.25505598614454,61.24768802915018,60.469713294614344,59.77480026819114,56.91676135663166,56.64673317931397,56.14130331091649,56.1320972197515,55.81433508875024,55.235633429087564,54.6681835789628,54.41998771859004,54.25150068630504,54.16535201642899,54.07754073640643,53.889165114408385,53.53048853285496,,70.157311228576,69.31180338680926,68.26823723604309,66.53484411349213,64.56318116193526,63.94268866084557,62.39288042885634,61.411783025666296,61.17665417097033,61.1648652100963,60.76745430839696,58.08039174792141,56.71120450196921,56.23801804932457,55.861136850905744,55.691238805124996,54.92050711837408,54.51162873379212,54.28355149688762,54.226384594111146,54.09062550321404,54.005137606064096,53.765835122625845,53.18511540589734,61.411783025666296,58.08039174792141,56.64673317931397,63.23927300086699,"rgba(0, 255, 0, 1.0)",1.3013979835982707,66.8400993568437,4.103203409299802,78.93444377835945,28.644863773360257,True,False,True,False,False,20.0,0.0,0.0,0.0,0.0,0,1.1019702066314274,0.8271984622777511,False,False,False,False,0.3302737520250481,0.3316626606596891,False,False,False,False,76639.0,59382.496958247975,False,False,False,False,876.392988352269,False,False,False,False
2025-07-15 14:00:00+00:00,72.085,72.65,72.085,72.65,652.0,,70.08539672193479,69.59918832695278,66.44366625386154,66.00633517959047,64.28529525694907,62.98061414057408,62.27794847846877,61.27003120572148,60.49143247692783,59.79586637073712,56.93767457639941,56.66754755296279,56.16187028027917,56.152658026665414,55.83475357738564,55.2558123648389,54.68809343039971,54.4397517146016,54.271146048434076,54.18493472265542,54.09705660300558,53.90852297505549,53.54955769922024,,70.22731587612213,69.35512879203408,68.30193932894508,66.56187939739507,64.58758959167712,63.966431286805935,62.415919593275376,61.43418027792462,61.19896197660228,61.18716879795142,60.789528505819696,58.101187856985476,56.73204288561917,56.258642484177514,55.88156908217848,55.71162530382776,54.94054621949351,54.531453823880504,54.30321978666924,54.24601330383652,54.1101532329062,54.0245994340588,53.7850885353652,53.20397776633843,61.43418027792462,58.101187856985476,56.66754755296279,63.26801082832951,"rgba(0, 255, 0, 1.0)",1.3414324836196758,66.8759277839945,4.304407628794665,79.96245746786515,28.644863773360257,True,False,True,False,False,20.0,0.0,0.0,0.0,0.0,0,1.1049818667684672,0.8160908570337849,False,False,False,False,0.34282824622454394,0.33724545344211654,False,False,False,False,77291.0,59660.14816819762,False,False,False,False,872.9140272925438,False,False,False,False
2025-07-15 15:00:00+00:00,72.405,72.84,72.11,72.245,690.0,,70.14863428035557,69.647002607648,66.47149330859045,66.03330365696068,64.31046089837533,63.00489531955282,62.301913643165044,61.2934465648351,60.51421082132144,59.81797309527626,56.959655423341744,56.68942735619904,56.18349520428824,56.17427656726721,55.85622551837725,55.277037531170784,54.70904029478582,54.46054715610065,54.29181804884822,54.20554149312958,54.117593750000005,53.92889537204707,53.56962902203594,,70.29493965932346,69.39879117108873,68.33648650630681,66.58991875834057,64.61305038384313,63.99122772211118,62.4400339830015,61.45764865367916,61.2223418612579,61.21054451760553,60.81267239046249,58.1230338314451,56.75394725466077,56.28032683111097,55.90305505333204,55.733064688419184,54.961626961209795,54.552312785380416,54.32391565043515,54.266667983168574,54.130702753757724,54.045080292057285,53.80535198882524,53.22383378785129,61.45764865367916,58.1230338314451,56.68942735619904,63.29748214674991,"rgba(0, 255, 0, 1.0)",1.3632302159296412,66.91218821653358,3.9118937661088795,76.07365833952471,31.013026153260768,True,False,True,False,False,20.0,0.0,0.0,0.0,0.0,0,1.1036666036666039,0.8152523152523151,False,False,False,False,0.3428282460558274,0.34003684974897197,False,False,False,False,76601.0,59922.797033806964,False,False,False,False,870.0781509004113,False,False,False,False
2025-07-15 16:00:00+00:00,72.24,72.465,72.14,72.345,269.0,,70.17149951645364,69.66466337128757,66.48212298005916,66.04362179585009,64.32013096708049,63.01424556943756,62.311150539625295,61.3024815506588,60.52300661860861,59.82651470538424,56.968162604288075,56.69789656844376,56.19186781032637,56.182646739259624,55.86454013696648,55.28525863542988,54.717155478797615,54.46860447164906,54.29982807364175,54.2135265137919,54.12555206678924,53.93679043224312,53.5774084638275,,70.31919569451259,69.41502136707952,68.34952991817424,66.60062452221773,64.62282783817108,64.00076174968072,62.449326727340136,61.4667026316089,61.231363791638884,61.21956494302506,60.82160674484944,58.13148389957232,56.762425707048806,56.288722052583466,55.911374935304096,55.74136713753077,54.96979318155976,54.5603944152899,54.33193482006761,54.27467137485152,54.138665823484004,54.0530170197649,53.81320520483581,53.231530710930194,61.4667026316089,58.13148389957232,56.69789656844376,63.308637292883866,"rgba(0, 255, 0, 1.0)",1.3864951373040342,66.9257421970798,3.9086020982790153,73.95045725948975,28.965136186199615,True,False,True,False,False,20.0,0.0,0.0,0.0,0.0,0,1.1045017607309415,0.8316360521557056,False,False,False,False,0.32771996719259566,0.3338784084707838,False,False,False,False,76870.0,60185.54436661616,False,False,False,False,860.75910980118,False,False,False,False
2025-07-15 17:00:00+00:00,72.365,72.66,72.345,72.61,435.0,,70.21118853038305,69.69507960646908,66.4998806137489,66.06082282064708,64.33615121368287,63.029685546545046,62.326381649822444,61.31735414492247,60.5374694164428,59.84054736859917,56.982098036674074,56.711766823205295,56.20557465304215,56.19634950701502,55.878148868425086,55.29870902279578,54.73042781510092,54.48178021464716,54.31292521375283,54.226582132804,54.13856338587965,53.949697002806225,53.59012359791329,,70.36143076945514,69.44286464737544,68.37161098319598,66.61852046366288,64.63904057526088,64.016542843181,62.46465383446778,61.481610387828255,61.246213265263044,61.23441166892322,60.836303203836216,58.14534043740252,56.77631179756144,56.30246688198722,55.92499273551825,55.75495476790423,54.983151069705634,54.573610628532045,54.345047152708226,54.28775748122112,54.15168500673961,54.06599252075552,53.826042520341105,53.244108696227336,61.481610387828255,58.14534043740252,56.711766823205295,63.32733122594225,"rgba(0, 255, 0, 1.0)",1.4134372932620538,66.9487550589897,4.005303219320598,73.71571787807922,28.601482698164972,True,False,True,False,False,20.0,0.0,0.0,0.0,0.0,0,1.0973889841814373,0.8335239184295787,False,False,False,False,0.3428282455875321,0.338353327029158,False,False,False,False,77305.0,60450.96228341281,False,False,False,False,854.1581933701539,False,False,False,False
2025-07-15 18:00:00+00:00,72.61,72.705,72.545,72.57,464.0,,70.25328290096573,69.72758469274817,66.51892072078125,66.07926293687896,64.35331256838421,63.04621773217458,62.3426866220934,61.33327125399458,60.55294569680158,59.855561802262194,56.99700020349727,56.72659877701425,56.22023103540143,56.21100151951897,55.892699823284666,55.31308978291582,54.744617442075295,54.49586628478272,54.326927081099576,54.24053952792126,54.15247334082193,53.96349482100374,53.6037164684557,,70.40610441680961,69.47266578698063,68.39529104003982,66.63770992612443,64.65641008474164,64.03344629677537,62.48106205464184,61.49756581089327,61.262105364446775,61.25030078059527,60.85203014779217,58.160161428192765,56.79116080579785,56.31716402518313,55.939553469140506,55.76948294250002,54.9974324873439,54.58774006290754,54.35906529364827,54.30174752663467,54.165603378963375,54.07986411718768,53.83976620376204,53.257554615183125,61.49756581089327,58.160161428192765,56.72659877701425,63.34730639405711,"rgba(0, 255, 0, 1.0)",1.4380834123592736,66.97333686809654,3.8917513989830037,73.0839124670784,27.754922207221384,True,False,True,False,False,20.0,0.0,0.0,0.0,0.0,0,1.0960635954410498,0.8383296619097788,False,False,False,False,0.34282824571457043,0.34059078637186424,False,False,False,False,76841.0,60705.071395297884,False,False,False,False,848.1092291318569,False,False,False,False
2025-07-15 19:00:00+00:00,72.57,72.57,72.38,72.39,1094.0,,70.34054286822551,69.79732108808452,66.56217854903477,66.1212760347559,64.39271539064029,63.08432304750896,62.38032975078837,61.370092754957554,60.588796116950725,59.89038034644971,57.031664653350745,56.761108374285385,56.254347374449615,56.24510796388465,55.92658000207033,55.34658890650251,54.7776852711934,54.52869868624757,54.35956719686492,54.27307798118676,54.18490323134708,53.99566759745427,53.635419190117204,,70.49754273504274,69.53727946141318,68.44800643450128,66.68127102940403,64.6962467689086,64.07229954733431,62.51893131755211,61.53446508554568,61.29887368883926,61.28706295088006,60.88844218114736,58.194600092397934,56.825708082623464,56.351372341662945,55.97345515108165,55.80331334766045,55.03070805690066,54.62067134007321,54.39174259175773,54.33436066573896,54.19805258367244,54.11220623086256,53.87176889074055,53.28892150739586,61.53446508554568,58.194600092397934,56.761108374285385,63.392058334024895,"rgba(0, 255, 0, 1.0)",1.4513098681313157,67.02723236529843,3.6951224217930707,70.51495644792745,25.118578149216432,True,False,True,False,False,20.0,0.0,0.0,0.0,0.0,0,1.0875527426160339,0.8429228998849252,False,False,False,False,0.32983224825135177,0.33521151731160803,False,False,False,False,75747.0,60938.27959071963,False,False,False,False,851.9214891453164,False,False,False,False
2025-07-16 14:00:00+00:00,72.04,72.535,72.02,72.42,410.0,,70.36969573733683,69.82138527686186,66.57789631063568,66.13657875790646,64.40716219937988,63.09833982004914,62.39419552738255,61.383678736677,60.60203893345813,59.90325382616669,57.044513641135765,56.77390257179348,56.26700048392764,56.25775748964859,55.9391483780796,55.359020616684894,54.78996122952982,54.54088907415329,54.37168742698238,54.28516108546166,54.19694665388502,54.0076168847689,53.647196334196074,,70.52772552100119,69.55979473642736,68.46682055439824,66.69708768236305,64.7108389433955,64.08655814156023,62.53287657746714,61.548076420167895,61.31244149554519,61.300628720137766,60.90188650050227,58.20735417161993,56.83851563345015,56.36405866457461,55.98603111538804,55.815864261808265,55.04305922901481,54.63289775687671,54.403876394543346,54.34647105921474,54.21010308200188,54.12421757015501,53.883655870307535,53.300576034687246,61.548076420167895,58.20735417161993,56.77390257179348,63.40812985747279,"rgba(0, 255, 0, 1.0)",1.459378841701366,67.04621777225819,3.682239370742813,68.99324188949609,23.521761833710087,True,False,True,False,False,20.0,0.0,0.0,0.0,0.0,0,1.080735868839958,0.8429129730244972,False,False,False,False,0.3128826342140396,0.3240470757628238,False,False,False,False,76157.0,61174.22874435188,False,False,False,False,845.069993189575,False,False,False,False
2025-07-16 15:00:00+00:00,72.42,73.33,72.42,72.835,84.0,,70.37717351957036,69.82730378524525,66.58140567655975,66.13997571628443,64.4103157165567,63.1013730305496,62.397184809954446,61.38659437185062,60.60487244535308,59.90600183788726,57.04723581400081,56.77661159567878,56.269676924790176,56.260433124868094,55.94180524248664,55.361645849515334,54.792551094164075,54.54345986155009,54.37424274531354,54.287708238113275,54.19948510125705,54.010134778710146,53.649676657015945,,70.53559652855843,69.56524937067336,68.47118567611028,66.70062519498205,64.7140319030364,64.0896632362626,62.535885077678635,61.550999504792166,61.31535238349571,61.30353903132199,60.9047662686981,58.210063584752255,56.84122784816077,56.366742636406585,55.98868981728949,55.81851682823974,55.04566604896556,54.635476517677716,54.40643470170906,54.34902420432913,54.21264307114162,54.12674897777894,53.88616017923311,53.303029337740846,61.550999504792166,58.210063584752255,56.77661159567878,63.41176935712055,"rgba(0, 255, 0, 1.0)",1.4677316475402515,67.05069082272192,3.940985524821181,70.30258021929865,23.521761833710087,True,False,True,False,False,20.0,0.0,0.0,0.0,0.0,0,1.0854700854700858,0.830562599793369,False,False,False,False,0.3428282459628107,0.33343766086281723,False,False,False,False,76241.0,61407.822097152624,False,False,False,False,833.2704584114421,False,False,False,False
2025-07-16 16:00:00+00:00,72.835,73.41,72.835,73.41,279.0,,70.4052112808904,69.84908870416848,66.59369408110851,66.15183126522068,64.42121435952474,63.11180176901563,62.40743924474983,61.39656849326109,60.61454795106835,59.91537184713892,57.056474359761914,56.78580225196345,56.27875130012933,56.26950466782601,55.95080973775073,55.37053732074037,54.80131751074458,54.552159525602484,54.382888628877495,54.29632577358275,54.20807246142269,54.01865109419919,53.65806313398576,,70.56531358769736,69.585184247071,68.48679485215258,66.71302421700986,64.72508262307296,64.10037953121889,62.54620975191799,61.5610033036771,61.32530849799789,61.31349288146829,60.914606287748185,58.21927441357771,56.85043009983914,56.37584361685858,55.99770103576564,55.82750546836616,55.054492170205386,54.64420396234494,54.41509096866483,54.35766252351886,54.2212357540451,54.13531193298675,53.89462957641576,53.31132190718391,61.5610033036771,58.21927441357771,56.78580225196345,63.42460599609284,"rgba(0, 255, 0, 1.0)",1.4867938932761093,67.0668033451871,4.266359098930546,73.3591738718577,23.521761833710087,True,False,True,False,True,20.0,0.0,0.0,0.0,0.0,0,1.0909775143475398,0.8410010349045064,False,False,False,False,0.3428282461949988,0.33813295352890804,False,False,False,False,76520.0,61642.11942897972,False,False,False,False,824.6771179709546,False,False,False,False
2025-07-16 17:00:00+00:00,73.41,73.685,73.36,73.625,247.0,,70.43250569795575,69.87005609488047,66.605088824696,66.16279488163173,64.4312107123027,63.12132493066476,62.416784941821135,61.40563691908536,60.62333094757283,59.92386685340522,57.064815516355665,56.79409756084536,56.28693707414162,56.277687806473516,55.9589296713173,55.378550675127215,54.809213947970385,54.559994094450964,54.390673622754825,54.30408466826064,54.21580361081183,54.026317077561764,53.66561004359795,,70.59436384367382,69.60427865587,68.50151033710152,66.72453067813876,64.73523070505573,64.11019699778211,62.5556228417816,61.570102034340394,61.33435915487336,61.322541248891696,60.92354377694649,58.22760309901636,56.8587364904716,56.3840542452678,56.0058274295907,55.83561007027276,55.06244423737914,54.6520641863507,54.42288552793041,54.365440537521714,54.228971780550914,54.143020640330754,53.902252554584145,53.318782271527645,61.570102034340394,58.22760309901636,56.79409756084536,63.43656534980642,"rgba(0, 255, 0, 1.0)",1.5302528260760626,67.08206115603103,4.27572407152264,76.02893186423444,21.404029622058857,True,False,True,False,True,20.0,0.0,0.0,0.0,0.0,0,1.0957226304880348,0.8361597889579798,False,False,False,False,0.342828246544431,0.3404806000366695,False,False,False,False,76767.0,61876.61370139864,False,False,False,False,815.720883583808,False,False,False,False
2025-07-16 18:00:00+00:00,73.625,73.68,73.57,73.57,270.0,,70.46227482719094,69.89301347107812,66.61759131151733,66.17482311353689,64.44217263722098,63.131764800965676,62.42702875087025,61.41557503894167,60.63295523036871,59.933174810134155,57.0739513517715,56.803182944150784,56.295902098402586,56.28664993825811,55.967822342743155,55.38732620878658,54.817861078550294,54.56857333317764,54.39919848781103,54.312580910817964,54.224269429244714,54.0347114540826,53.67387387622457,,70.6260056800498,69.62520354090825,68.5176568112954,66.73715613399739,64.74635982784066,64.12096202639708,62.56594074150917,61.5800736599655,61.34427768498401,61.33245724968935,60.9333376662253,58.23672665031945,56.86783406666142,56.39304655914809,56.01472721365016,55.84448585164808,55.071152443846124,54.66067156819875,54.43142088371018,54.37395774620179,54.237442945145524,54.15146184937644,53.91059978661982,53.32695117059049,61.5800736599655,58.23672665031945,56.803182944150784,63.449660001103595,"rgba(0, 255, 0, 1.0)",1.573555356338485,67.09876474727224,4.112492913999357,77.1064475810889,22.476166449951492,True,False,True,False,True,20.0,0.0,0.0,0.0,0.0,0,1.0978835978835977,0.8352229780801207,False,False,False,False,0.34282824662924305,0.34165442333295626,False,False,False,False,76497.0,62103.286357190904,False,False,False,False,807.2600946910358,False,False,False,False
2025-07-16 19:00:00+00:00,73.55,73.64,73.355,73.36,1755.0,,70.63403958224201,70.02967210783132,66.69600318821819,66.25045791407312,64.51159724204145,63.19812379929971,62.49224218687681,61.47896395125751,60.694423681885695,59.9926868560688,57.132534751096536,56.86145688735892,56.35342953923325,56.34415928660107,56.02490095062349,55.443678335401145,54.873412002221876,54.62369806108775,54.45398059630987,54.36718249949472,54.27867895758322,54.088669218609404,53.727005886203806,,70.80660348155432,69.75096325149657,68.61704718233607,66.81627926391462,64.81677033886066,64.18921043491791,62.631605308081845,61.643658475423756,61.40754937284555,61.39571404707808,60.99585699542222,58.29517148960664,56.926182889471605,56.450744228699904,56.071849378226915,55.90146145095029,55.12708536564923,54.715973399560546,54.48626912729476,54.42869163920277,54.291886301342586,54.20571602666164,53.96425925694125,53.37948447451635,61.643658475423756,58.29517148960664,56.86145688735892,63.530592587170396,"rgba(0, 255, 0, 1.0)",1.6107126255680284,67.20003194311785,3.8243743539973782,75.18025686639584,22.476166449951492,True,False,True,False,True,20.0,0.0,0.0,0.0,0.0,0,1.1001041765318686,0.8323704896296996,False,False,False,False,0.3329329973060269,0.33729371031949157,False,False,False,False,74742.0,62299.235405916625,False,False,False,False,821.9537366338103,False,False,False,False
2025-07-17 14:00:00+00:00,72.78,73.405,72.78,73.385,620.0,,70.68488977666537,70.07197264739533,66.72221952002987,66.27584613311777,64.53515786308657,63.22077026465511,62.51455084630797,61.500712507064,60.71555583135579,60.01317968099088,57.15280057892893,56.881623131850766,56.37335090032836,56.3640746273969,56.04467505083329,55.463214205814545,54.89268244611079,54.642825888156466,54.47299306311394,54.38613409615122,54.29756569540398,54.107402974961715,53.745459892633775,,70.85923020762849,69.79043460017151,68.64936008190585,66.84270289486824,64.84062766733147,64.21240853903564,62.654057649654725,61.66546479655508,61.429261785094766,61.41742200920674,61.01733372913746,58.315356875096974,56.94637328202088,56.47072197358331,56.09163745045174,55.92120275043831,55.146482859120695,54.73516073066858,54.50530387863349,54.44768788826977,54.31078450648417,54.22455030472357,53.982891908368316,53.39773666511127,61.66546479655508,58.315356875096974,56.881623131850766,63.55717251596626,"rgba(0, 255, 0, 1.0)",1.6404148975299324,67.23233329195159,3.7506771715575375,74.0225558820044,22.476166449951492,True,False,True,False,False,20.0,0.0,0.0,0.0,0.0,0,1.0906350103636706,0.8346523459581684,False,False,False,False,0.3019037863722817,0.31959874834588664,False,False,False,False,75362.0,62501.758887995435,False,False,False,False,818.8226709495651,False,False,False,False
2025-07-17 15:00:00+00:00,73.36,73.78,73.36,73.74,273.0,,70.71043626936412,70.09280003863157,66.7344709959355,66.28766862846753,64.54601299242789,63.23114484729851,62.52474496836748,61.51062007360478,60.72516307196939,60.022481326956196,57.161950399267575,56.89072433313092,56.3823351682762,56.37305606800401,56.053588980506476,55.47201421880848,54.90135699917229,54.65143380968833,54.481547475315935,54.39466031988226,54.30606193512375,54.115828716279964,53.75375674644181,,70.8858777158578,69.80972457575085,68.66479823744166,66.85506413037433,64.85163668005355,64.22308030666042,62.664322157992174,61.675403340840866,61.43915092667942,61.42730879969787,61.027104826676606,58.32448803115959,56.95548624466425,56.47973286479095,56.10055823591783,55.930100443449575,55.15521719158285,54.74379631986213,54.51386861878738,54.456234767917344,54.31928602329093,54.23302228900857,53.991271101298736,53.40593993377963,61.675403340840866,58.32448803115959,56.89072433313092,63.56966655677084,"rgba(0, 255, 0, 1.0)",1.6818138722531142,67.2478642479815,3.860198717067918,74.89602049633541,22.476166449951492,True,False,True,False,False,20.0,0.0,0.0,0.0,0.0,0,1.1083860013206301,0.823224224129799,False,False,False,False,0.3385518808418758,0.32907531459388123,False,False,False,False,75635.0,62705.37502926682,False,False,False,False,810.3603039580989,False,False,False,False
2025-07-17 16:00:00+00:00,73.74,73.78,73.61,73.665,348.0,,70.74300346075192,70.11943046738526,66.75015701469952,66.30280338840222,64.55990142390922,63.24441367705917,62.53778072401308,61.523286742905576,60.73744423355693,60.03437072027356,57.17364045190526,56.90235191813244,56.39381278016575,56.38453005867241,56.06497637111849,55.483255466659074,54.91243744194245,54.66242893108906,54.49247412004897,54.40555089594338,54.31691415041913,54.126590761595025,53.76435393621789,,70.91981829268293,69.83440605173251,68.68456907413274,66.87089132755779,64.86572323571147,64.23673302125532,62.67744825410731,61.68811005407796,61.45179386576481,61.43994870267705,61.03959592264599,58.336156280013945,56.967128938395525,56.49124459095021,56.11195444040321,55.94146694469533,55.166374226307035,54.754826854895036,54.52480847950579,54.46715177183243,54.33014498720093,54.24384347173223,54.00197361311521,53.416417345279875,61.68811005407796,58.336156280013945,56.90235191813244,63.58563628974997,"rgba(0, 255, 0, 1.0)",1.7192100427735104,67.26771913610449,3.7210583376857915,74.4612086274265,22.476166449951492,True,False,True,False,False,20.0,0.0,0.0,0.0,0.0,0,1.111911304842225,0.8267791149436177,False,False,False,False,0.34282824668612066,0.335951780640001,False,False,False,False,75287.0,62900.43898230144,False,False,False,False,803.191927152547,False,False,False,False
2025-07-17 17:00:00+00:00,73.665,74.105,73.665,74.07,844.0,,70.82587120863853,70.18702740691134,66.78933204982673,66.34054556144477,64.59437104975389,63.27725795347665,62.570009215376515,61.554556467125366,60.76773312504248,60.0636712390069,57.20237182128212,56.930924030955396,56.42200643310577,56.41271464545627,56.09294229536263,55.51085227799312,54.939630302630206,54.68940865580134,54.51928339184152,54.43227045571879,54.34353837764406,54.15299125409677,53.79034540347043,,71.00628796597167,69.89696008458893,68.73435396302273,66.91043624227737,64.90070941005871,64.27059419972483,62.709906987458396,61.71948582065717,61.48300202122438,61.47114886453992,61.070413023245315,58.364862825116255,56.99573952845173,56.519523875793396,56.13994289195769,55.969379265523315,55.193759070365275,54.78189483569959,54.55165063543607,54.49393702912636,54.35678594722337,54.27039057124567,54.028226453004784,53.44211063727356,61.71948582065717,58.364862825116255,56.930924030955396,63.62550288260712,"rgba(0, 255, 0, 1.0)",1.7569365025168129,67.31769617732819,3.8432258724200477,75.88574859366116,22.476166449951492,True,False,True,False,False,20.0,0.0,0.0,0.0,0.0,0,1.1100151745068285,0.8290022761760241,False,False,False,False,0.34282824683639557,0.33939001373819827,False,False,False,False,76131.0,63105.563959320025,False,False,False,False,803.8246104525075,False,False,False,False
2025-07-17 18:00:00+00:00,74.07,74.24,74.01,74.145,1141.0,,70.93756539334714,70.27901819717808,66.84297102794764,66.39220715773162,64.64148379289892,63.322105197405826,62.61399422173468,61.59720784541008,60.80903211579855,60.10361207462852,57.24148493764063,56.96981691100991,56.46037848461829,56.451074268518724,56.13100085736702,55.54840246996055,54.97662554603657,54.72611188689704,54.55575349866606,54.46861790964646,54.37975554728566,54.18890289568995,53.82569844352543,,71.12250296018685,69.9822898896247,68.80251557847899,66.96458669058919,64.9485392901257,64.31686537343798,62.75420927866124,61.7622860562176,61.525567759409775,61.51370340911995,61.11243655864861,58.40396242886585,57.03468559315843,56.55801346865835,56.17803266029873,56.00736342518764,55.231017782023336,54.818718840188126,54.58816570887489,54.5303742789246,54.39302595715087,54.30650232759245,54.0639364968659,53.47705569371661,61.7622860562176,58.40396242886585,56.96981691100991,63.679785989570256,"rgba(0, 255, 0, 1.0)",1.7827326225785387,67.38573455357782,3.7915194689406633,77.11183549261492,23.20600018494237,True,False,True,False,True,20.0,0.0,0.0,0.0,0.0,0,1.1083025655590268,0.8281738142573132,False,False,False,False,0.3428282470180645,0.3411091303781314,False,False,False,False,77272.0,63325.198626617384,False,False,False,False,809.0521358718483,False,False,False,False
2025-07-17 19:00:00+00:00,74.145,74.145,73.89,74.0,566.0,,70.9882393600497,70.32170461816146,66.86885591373155,66.41718740044371,64.66438872933269,63.34396927011247,62.635463265254046,61.61805663361286,60.829240484934395,60.12317216631467,57.26068287879767,56.98891032442304,56.479222698985375,56.46991249899703,56.14969505088025,55.56685341179681,54.99480975262861,54.74415510550644,54.57368384359917,54.486488827746804,54.397563296734866,54.20656231784602,53.84308660707899,,71.17482981877914,70.02216726990841,68.83494564519971,66.99070339304892,64.97177449941267,64.33937904648589,62.77582797253096,61.78320312115025,61.546376637487114,61.53450712882471,61.13299119082879,58.423138718666145,57.0538042715554,56.57691416013126,56.196741650263114,56.026022442352975,55.24932884593849,54.83682047680226,54.60611783340681,54.54828872219623,54.41084480026017,54.324258967378334,54.0814980030808,53.49424617836057,61.78320312115025,58.423138718666145,56.98891032442304,63.70574079036185,"rgba(0, 255, 0, 1.0)",1.8073895315955222,67.41779675732397,3.6418287965104077,75.85583246078414,23.20600018494237,True,False,True,False,True,20.0,0.0,0.0,0.0,0.0,0,1.1067447572265254,0.8294917815983374,False,False,False,False,0.3348967650093351,0.33800294769373324,False,False,False,False,76706.0,63532.65291147603,False,False,False,False,805.2838857032926,False,False,False,False
2025-07-18 14:00:00+00:00,74.47,75.08,74.47,74.66,1233.0,,71.11817865744516,70.42901937205113,66.93026093359667,66.47618367323466,64.71774050096373,63.39450675046889,62.68491633964831,61.66587574905622,60.875459253669014,60.16780728525436,57.30415626464805,57.03212171655637,56.521825785690964,56.51250128266701,56.191931784254365,55.60849527522661,55.03580866385049,54.784819249515564,54.614082546569385,54.52674808500164,54.43767467408387,54.246327966026264,53.882220174873616,,71.31002698764522,70.12166367132227,68.91391449986251,67.0527387192528,65.02600752829115,64.39171289133463,62.82565722298242,61.83121034871094,61.59409098910387,61.58220745997933,61.180050318294434,58.46668581927555,57.0970788137774,56.61965318444994,56.239015686825645,56.068169614991334,55.290631759799744,54.87762244826692,54.64656769710392,54.58864996208542,54.45098198489649,54.3642506709378,54.12103571687315,53.53291500514019,61.83121034871094,58.46668581927555,57.03212171655637,63.76757087065701,"rgba(0, 255, 0, 1.0)",1.8488891040084292,67.49625030680576,3.8746237822826033,77.55866265749466,23.838345416158973,True,False,True,False,True,20.0,0.0,0.0,0.0,0.0,0,1.1073725417093856,0.8218846117997949,False,False,False,False,0.3428282474690154,0.3404155975813743,False,False,False,False,77939.0,63756.007129902755,False,False,False,False,811.915143289288,False,False,False,False
2025-07-18 15:00:00+00:00,74.66,75.27,74.66,75.04,1550.0,,71.27985658737214,70.56425389598795,67.00856772433046,66.55140949927035,64.7856880028564,63.45880953658716,62.747807925495536,61.72665222227783,60.93418065304043,60.22450157892703,57.35929035928025,57.0869180150154,56.575841681620915,56.56649890522048,56.24547749525865,55.66127705810245,55.08776694228573,54.836350017167035,54.665274999729846,54.5777628796725,54.48850115088874,54.296714557345545,53.931802444177045,,71.47762286732876,70.24748354842652,69.01442819839623,67.13185255326128,65.09509142336556,64.45835175021197,62.88903127573398,61.892232374547,61.65473180803966,61.6428300142061,61.2398451733472,58.5219472626553,57.151956495356266,56.67384299806513,56.292609587049725,56.12159939857986,55.34297896615449,54.9293289915841,54.69782534343998,54.63979464498958,54.501841280694585,54.41492473367117,54.17113234937303,53.58190457742967,61.892232374547,58.5219472626553,57.0869180150154,63.84581362981267,"rgba(0, 255, 0, 1.0)",1.9012018887071955,67.59536417836298,3.915752380563499,79.68526923187466,25.940008515729573,True,False,True,False,True,20.0,0.0,0.0,0.0,0.0,0,1.1102055936284494,0.817651416929061,False,False,False,False,0.34282824759062913,0.3416219225860017,False,False,False,False,79489.0,63999.92949998178,False,False,False,False,823.3583193623223,False,False,False,False
2025-07-18 16:00:00+00:00,75.04,75.41,75.03,75.41,1205.0,,71.40573565737745,70.67058120329335,67.07060053876161,66.61098051093914,64.83939454343978,63.509568328280686,62.79741957362113,61.77455582957496,60.98044099758321,60.26914772978906,57.40262493345531,57.129981420816534,56.61828234372703,56.60892505845547,56.287542814462185,55.70273215502558,55.12856633991146,54.87681023681398,54.70546744695823,54.617814781995904,54.52840415977271,54.33627014429282,53.97072271410973,,71.60775939536688,70.34667116167311,69.09402558401734,67.19453144409279,65.14971289630809,64.5110088151312,62.93902837662915,61.940336178293464,61.702525855453956,61.69060920616098,61.28695837718249,58.56541455848982,57.19508519482124,56.71642198403128,56.334713670747554,56.163571247661125,55.38408761232474,54.96992844306207,54.73806937734096,54.67994926219118,54.541770194704036,54.45470722366891,54.21045898226657,53.620355470469256,61.940336178293464,58.56541455848982,57.129981420816534,63.90738793242212,"rgba(0, 255, 0, 1.0)",1.954563989075207,67.67336875636815,3.9582389151108837,81.88539258305629,28.05396613656083,True,False,True,False,True,20.0,0.0,0.0,0.0,0.0,0,1.111918337318374,0.8157991539451903,False,False,False,False,0.34282824774730825,0.34222508516665495,False,False,False,False,80694.0,64258.752298431675,False,False,False,False,829.2752446435265,False,False,False,False
2025-07-18 17:00:00+00:00,75.41,75.655,75.3,75.6,1186.0,,71.52918645068758,70.77575313565158,67.13247493181001,66.67039124933218,64.89289773247326,63.560091729721606,62.846778834881356,61.82218914377559,61.02642490052168,60.31351590763384,57.44562996982906,57.17271335676785,56.66038975717271,56.651017974037124,56.32927368935287,55.74385055369704,55.1690281159037,54.916933234449736,54.74532345116477,54.657530699920265,54.567971730776655,54.37549183906808,54.00931185588415,,71.73508789750629,70.44502105882037,69.17331904102791,67.2570530025713,65.20413773670639,64.5634574976698,62.98877414923341,61.98817315394908,61.750048434577096,61.738116696890536,61.33379445406415,58.60857518416351,57.237882863632464,56.7586677869535,56.37648364886331,56.20520767959212,55.42485876463444,55.01019034457465,54.77797680888134,54.719767531097716,54.581363544009136,54.49415470784041,54.24945277930794,53.65847636312037,61.98817315394908,58.60857518416351,57.17271335676785,63.96845954055591,"rgba(0, 255, 0, 1.0)",2.0102456216745423,67.75067299023495,3.9046606669022506,83.70803133372682,29.7924520025999,True,False,True,False,True,20.0,0.0,0.0,0.0,0.0,0,1.1161260849703059,0.8125171311100958,False,False,False,False,0.34282824789838906,0.342526666532522,False,False,False,False,81880.0,64531.94993721568,False,False,False,False,834.8058610056424,False,False,False,False
2025-07-18 18:00:00+00:00,75.6,75.81,75.515,75.515,485.0,,71.57871292244863,70.81829422928148,67.1578010590481,66.6947172555618,64.91481730915163,63.58079355270519,62.86700402100984,61.84170766641864,61.04526847538408,60.331698333043384,57.463249717213586,57.19022108553899,56.677641533336434,56.66826381283845,56.346371112021046,55.76069684012278,55.185605263187206,54.93337159163487,54.76165246621578,54.6738023479951,54.584182633513215,54.391561132986794,54.02512214124405,,71.78604831572294,70.48490381861573,69.20566115103442,67.2826415819038,65.22643333789686,64.58494677658867,63.00915728722451,62.00777520037495,61.76952159599941,61.757583671548744,61.35298647848502,58.6262607452519,57.25541755286878,56.77597625329813,56.393597122280134,56.22226632040529,55.44156269583203,55.02668559261693,54.79432688454583,54.7360810903633,54.5975849993957,54.510316434957645,54.26542876643755,53.674094802950165,62.00777520037495,58.6262607452519,57.19022108553899,63.993344925612845,"rgba(0, 255, 0, 1.0)",2.0530128223298725,67.78207144091752,3.7666245797270403,83.82526650102321,30.000728980247587,True,False,True,False,True,20.0,0.0,0.0,0.0,0.0,0,1.119411123227917,0.8107051981097781,False,False,False,False,0.34282824800277395,0.342677457267648,False,False,False,False,81395.0,64793.39257384799,False,False,False,False,829.3825143233844,False,False,False,False
2025-07-18 19:00:00+00:00,75.515,75.515,75.205,75.375,1342.0,,71.70163420986847,70.9263000200611,67.225061678636,66.75948785176445,64.97360741743732,63.6365322461265,62.92155095874905,61.894460090826215,61.09627151879642,60.38097087319362,57.51116146648715,57.237841678299816,56.724590212424175,56.715196777488025,56.39291450419726,55.80658093221641,55.230778691897235,54.97817632996281,54.80616560520833,54.718162350629434,54.62838032108782,54.43537973777046,54.06824715793869,,71.91160915333404,70.58692726507975,69.29007874096162,67.35054907914648,65.28616753375042,64.64264539154182,63.06411163733054,62.060736837440174,61.82215856658456,61.81020507411966,61.404903027525386,58.67429310143287,57.30310829603259,56.82307456746488,56.44018218640764,56.26870935861438,55.487071674076354,55.07164184197407,54.83889621687539,54.780553037057274,54.641810955773835,54.55438272469957,54.30899743245711,53.71670773880712,62.060736837440174,58.67429310143287,57.237841678299816,64.05889494858104,"rgba(0, 255, 0, 1.0)",2.0884721192285585,67.8633484111036,3.5967210286106472,82.07368955256239,30.000728980247587,True,False,True,False,False,20.0,0.0,0.0,0.0,0.0,0,1.1131393457437193,0.8170974155069581,False,False,False,False,0.32355107073294226,0.3331142640002951,False,False,False,False,80053.0,65029.975634718554,False,False,False,False,837.3300722408513,False,False,False,False
2025-07-21 14:00:00+00:00,76.51,77.095,75.925,76.345,1655.0,76.45499999999998,71.88461756450812,71.08365437640083,67.31741295713,66.8479949567101,65.05271493457565,63.710870456480656,62.99400334477368,61.96417067323919,61.16343891645836,60.445680505757636,57.57348167952079,57.299737204188055,56.78553177174506,56.77611652920452,56.45328039937575,55.86600895483278,55.289211244542976,55.036101002726404,54.86369301861071,54.7754816726815,54.68547968417806,54.4919680415781,54.12390071555857,,72.10003002814878,70.73441553905265,69.40916908537625,67.4439179369604,65.36673423266356,64.72010391490285,63.137159748133264,62.13077933934111,61.891693312124175,61.87971539177785,61.4733588105852,58.73699367036909,57.3651058642965,56.88422538644099,56.50060921045747,56.328926647512446,55.54597124886772,55.12977370550999,54.89650008480316,54.838024213876785,54.69894834012582,54.611303982415315,54.365249297970166,53.77166387494241,62.13077933934111,58.73699367036909,57.299737204188055,64.91528868957147,"rgba(0, 255, 0, 1.0)",2.1519883472846906,68.61563766354332,3.591730571501158,83.31542377147161,30.000728980247587,True,False,True,False,False,20.0,0.0,0.0,0.0,0.0,0,1.1127081507449603,0.7996494303242768,False,False,False,False,0.3428282484411442,0.33797125622071966,False,False,False,False,81708.0,65288.549655885705,False,False,False,False,850.0071253844039,False,True,False,False
2025-07-21 15:00:00+00:00,76.475,76.525,75.17,75.185,1705.0,76.03467013888888,72.02736078484014,71.21306654526012,67.40219009805801,66.92978441947812,65.12724217946918,63.78163870737017,63.063294342714215,62.031227171233624,61.2283087241731,60.50838130928358,57.63445948275005,57.360347654747216,56.845294602255606,56.83585954277836,56.51253152508168,55.924426924483996,55.346730870672985,55.09315461680307,54.92037812627765,54.83197323566178,54.7417660980967,54.54777534027776,54.17883097953549,,72.24452958281266,70.85789505368703,69.51384179535788,67.52946588179991,65.44241807457402,64.7932890709759,63.206956856870924,62.19809689797749,61.95860569495956,61.946608336258656,61.539371109269176,58.798129415835824,57.425804833543516,56.944176950679235,56.55991303541321,56.38805079415846,55.60391502334383,55.187018780726994,54.95325621048113,54.8946572503655,54.755270471274706,54.667424297005404,54.4207406378393,53.825945842990244,62.19809689797749,58.798129415835824,57.360347654747216,64.97746546029767,"rgba(0, 255, 0, 1.0)",2.17434632820009,68.69050549336178,2.9868721566606733,75.21590817126246,29.582028940873045,False,False,True,False,False,20.0,0.0,0.0,0.0,0.0,0,1.0971663384984163,0.8140570156664667,False,False,False,False,0.3037392373545353,0.32085524678762745,False,False,False,False,80003.0,65516.68066897275,False,False,False,False,863.2628288668162,False,False,False,False
2025-07-21 16:00:00+00:00,75.19,75.735,75.19,75.28,2357.0,75.77369599440266,72.1963844377382,71.37176083543638,67.51344800523992,67.03751172949072,65.22638457318547,63.876263884522196,63.156146995060645,62.12133343721884,61.31564625272331,60.59293376416293,57.71703459451853,57.442454672891756,56.926307132643274,56.91684621093363,56.59288297084509,56.003701956727916,55.42483629956546,55.17064857072086,54.99738613758723,54.90872570158483,54.81824735313656,54.62362171420636,54.25351453467683,,72.41377091435633,71.01108948776266,69.64775283934652,67.64161864379463,65.54295234954517,64.8907901081961,63.300445004607745,62.288517855638226,62.048534129536236,62.03651317567503,61.62817787665299,58.88079829344009,57.508024812703155,57.025434930003605,56.640331576234274,56.4682412765556,55.68257433700863,55.264764762257535,55.030357932815875,54.97159664630232,54.83179909323511,54.74368596045533,54.496167966952655,53.899773081851556,62.288517855638226,58.88079829344009,57.442454672891756,65.06950119979818,"rgba(0, 255, 0, 1.0)",2.193209473077084,68.79863390777842,2.9551970168759976,70.19813113445773,25.29339196490082,False,True,True,False,False,20.0,0.0,0.0,0.0,0.0,0,1.1053082925992623,0.8306320212674728,False,False,False,False,0.2814372003662471,0.30114622357693727,False,False,False,False,82360.0,65777.81740278713,False,False,False,False,886.4215446983384,False,False,False,False
2025-07-21 17:00:00+00:00,75.24,75.325,75.05,75.125,428.0,75.73141632763763,72.22315838984598,71.39769068258857,67.53272778997473,67.05623897258691,65.24377156631563,63.892934492247605,63.17253738759273,62.137278180437036,61.331127587953866,60.60794246896825,57.731748707895754,57.45709006488784,56.94075595828579,56.93129058107828,56.60721906530928,56.01785451796067,55.438787915814224,55.18449432442941,55.011147353564915,54.922442408038755,54.83191676410959,54.6371801625229,54.26686965564884,,72.4403096305306,71.03637613678907,69.67045197848697,67.66103578103336,65.56056071876426,64.90791150204771,63.3169409636284,62.30451253851027,62.06444990602863,62.05242517852389,61.64390902254413,58.89550935628448,57.52267923044205,57.03992589454402,56.65467893994659,56.48255046017001,55.696621396722996,55.27865428547669,55.04413546142828,54.98534593440972,54.84547678953558,54.75731707773495,54.50965311745647,53.91297903621121,62.30451253851027,58.89550935628448,57.45709006488784,65.08542577990634,"rgba(0, 255, 0, 1.0)",2.2201807166122065,68.8168750397846,2.841266439716231,65.87413351279584,21.6646333111202,False,True,True,False,False,20.0,0.0,0.0,0.0,0.0,0,1.100480109739369,0.8334190672153634,False,False,False,False,0.26567374082067974,0.28340998219880853,False,False,False,False,81932.0,66028.26984615477,False,False,False,False,879.3142339278214,False,False,False,False
2025-07-21 18:00:00+00:00,75.125,75.175,74.89,75.04,2474.0,75.53151680396024,72.36241085488564,71.53589201337161,67.64040612013237,67.16109050732761,65.34177694387691,63.987226026733396,63.265379696913094,62.22776258627631,61.41909646291404,60.69331702426227,57.81567919957229,57.54059124609895,57.023228902980755,57.01373877016549,56.689070466382596,56.0986940018121,55.51851294380501,55.263628812427726,55.089808548634416,55.000854185741005,54.91006327141432,54.71470326509023,54.34324997658658,,72.57726561555477,71.17224290743614,69.79502973983509,67.76940428527304,65.6597162082512,65.00451615577408,63.41035256740728,62.39525621928532,62.1547805292745,62.1427360761202,61.73325085351842,58.97934276874147,57.60628429393659,57.12263235659288,56.73659175136028,56.56425574385261,55.77687695740054,55.35803350586204,55.12288802726072,55.063940385196375,54.92366987116769,54.83524879996273,54.586764167098195,53.98852322547751,62.39525621928532,58.97934276874147,57.54059124609895,65.17526929842535,"rgba(0, 255, 0, 1.0)",2.244926014552172,68.91790486953823,2.7270810221703616,62.43386791668496,18.781727222131437,False,True,True,False,False,20.0,0.0,0.0,0.0,0.0,0,1.0977114939573154,0.8366332390503128,False,False,False,False,0.256845867974504,0.2701279250866563,False,False,False,False,79458.0,66236.48271675702,False,False,False,False,904.0380442545219,False,False,False,False
2025-07-21 19:00:00+00:00,75.04,75.115,74.77,74.81,3483.0,75.34928427808076,72.52769497308458,71.7066218389799,67.78415809895331,67.3016363223882,65.47457467577374,64.11569136361686,63.392161150154635,62.35168284526112,61.53982156678709,60.810683219745385,57.93154240510557,57.65590407226065,57.13720020417287,57.12767734680037,56.80223020061658,56.210532206282764,55.62888158274823,55.37321145141977,55.198757624567065,55.109468896961964,55.01832185216401,54.82212271305749,54.449130053802726,,72.73781450662642,71.34234767259984,69.95659245153821,67.91391044480788,65.79386038817117,65.13562665266541,63.53784834387491,62.519480229840454,62.278512965399585,62.26644509942054,61.85575649009753,59.09490935662758,57.721730570054085,57.236911047738545,56.84983014721366,56.6772294423224,55.8879477267193,55.46794307732558,55.23195950707293,55.17280018447114,55.03199119428115,54.943219009815955,54.69362840692237,54.09328146164198,62.519480229840454,59.09490935662758,57.65590407226065,65.29761551638619,"rgba(0, 255, 0, 1.0)",2.2668710784887574,69.05160990523638,2.5402371354098094,58.62721842811015,15.458538394754413,False,True,True,False,False,20.0,0.0,0.0,0.0,0.0,0,1.0915710125064244,0.8425561075895149,False,False,False,False,0.2517380085800462,0.2609329668333512,False,False,False,False,75975.0,66387.4674808383,False,False,False,False,944.0219505451494,False,False,False,False
2025-07-22 14:00:00+00:00,71.305,71.63,70.86,71.61,2961.0,74.56640366018279,72.46674098699764,71.69255463010838,67.84348090670993,67.36345576641588,65.54336751981727,64.18754903437338,63.46536756917075,62.42601899245314,61.61407851553926,60.8843115735484,58.008565303872786,57.7329030709141,57.21391387639661,57.204379932821105,56.87877043943109,56.28679684092339,55.704709113650644,55.448736136472995,55.274003771226255,55.18456380400289,55.09325099619272,54.89664099740242,54.52288980099687,71.36666666666667,72.66166391572104,71.34325624040544,69.99354825528046,67.97240193834818,65.86181136532723,65.20504172404195,63.611022029949815,62.5935815444351,62.35291478772965,62.34086197706659,61.93040436089506,59.17018186306491,57.798737881040374,57.313716308294026,56.92637169045062,56.753778399424576,55.96400827111461,55.54360541123491,55.307260266307736,55.248007909221734,55.10695167223831,55.01801410853097,54.76787054122162,54.16653939823633,62.5935815444351,59.17018186306491,57.7329030709141,65.85861004512486,"rgba(38, 166, 154, 0.5)",2.257627547702774,69.37757590474664,0.9888363107213786,46.546317318920096,4.621889420984175,False,True,False,True,False,2.398605589598308,0.0,0.0,0.0,0.0,0,1.0723715987763645,0.8566253421349217,False,False,False,False,0.04975062153957734,0.15534179418646427,False,False,False,False,73014.0,66490.20441911987,False,False,False,False,975.2929280560772,False,False,False,False
2025-07-22 15:00:00+00:00,71.61,72.24,71.61,72.24,2117.0,74.25385613116026,72.45094078074179,71.7022510202604,67.8924653921547,67.41364870288892,65.59706640440682,64.24272433511459,63.52121400381108,62.48230701509107,61.670049522417074,60.93961796806451,58.065802270835505,57.790079034944355,57.27080301213811,57.26125956123718,56.93548541243034,56.34323211849559,55.7607536383941,55.504529546649046,55.329573773351015,55.2400132993335,55.14856927816177,54.95163770864987,54.57729338776254,71.64320795588814,72.637540079136,71.36112278588867,70.03100540708044,68.02095870665048,65.91511934164778,65.25897171075472,63.66690867101681,62.64975322892062,62.40922670848429,62.397181027926266,61.98676183974336,59.22633144065951,57.85593016905948,57.37068711659056,56.98309412765792,56.81048288887599,56.020254226917274,55.59951038276226,55.36287392136935,55.303546928045336,55.16229436677739,55.0732262364497,54.82265181155511,54.220541466094126,62.64975322892062,59.22633144065951,57.790079034944355,65.89744129802975,"rgba(38, 166, 154, 1.0)",2.249005241563229,69.40305637002298,1.2614215287489166,41.3526867073754,0.4209203531800654,False,True,False,True,False,5.137843303425267,0.0,0.0,0.0,0.0,0,1.0854830956577468,0.8480211504566574,False,False,False,False,0.08612276053043698,0.12073227735845063,False,False,False,False,75131.0,66624.17024207924,False,False,False,False,992.9938128924172,False,False,False,False
2025-07-22 16:00:00+00:00,72.24,72.505,72.23,72.285,752.0,74.17359627109822,72.4495331736096,71.70869483334674,67.9108739808312,67.43239922763118,65.61683685670246,64.26291008079839,63.54159323245729,62.502787194129716,61.690377614227984,60.95967746338373,58.08647051385973,57.81071889475968,57.29132838192663,57.281781314738154,56.95594127338412,56.363576014426656,55.78094681975631,55.524628281981606,55.34958948400591,55.25998433484706,55.16849178830617,54.97144180158624,54.59687913120745,71.73308576329332,72.6335576261332,71.37008625168443,70.0459937015169,68.0392406716313,65.93478304783068,65.27879183214662,63.687311795160504,62.67019999981293,62.42971185338798,62.41766814810349,62.00724329244391,59.24663909619081,57.87657741406945,57.391243952398305,57.00355364179821,56.830932458138705,56.04052425641834,55.61965073529414,55.382905834247325,55.32355110130533,55.1822258507663,55.093109481305234,54.842376664570374,54.23997809204147,62.67019999981293,59.24663909619081,57.81071889475968,65.91320254085649,"rgba(38, 166, 154, 1.0)",2.240051724789416,69.41496197173534,1.2812373913082151,38.09290091351348,-2.2403128191338695,False,True,False,True,False,5.329436451098026,0.0,0.0,0.0,0.0,0,1.0946293616337033,0.8497346840328025,False,False,False,False,0.10990805817620083,0.11532016776732573,False,False,False,False,75883.0,66767.71799026406,False,False,False,False,989.2574747080386,False,False,False,False
2025-07-22 17:00:00+00:00,72.285,72.87,72.215,72.73,2349.0,73.99191722959091,72.45545987644303,71.73611809399758,67.97078987645332,67.4931748223066,65.68025835146,64.3273681299101,63.60654813153729,62.56792465441329,61.75494767845989,61.02333309675176,58.151840714246426,57.875984594947504,57.356206990255735,57.34664807456061,57.02058485784774,56.42784024806563,55.84471244208154,55.58808672846684,55.41278015264638,55.32303115762285,55.23138263819473,55.03395318174297,54.65869090951601,71.98349859396015,72.63241157409782,71.40442636503181,70.0968503712728,68.09882184482741,65.99794757366615,65.3422918357859,63.75236377921452,62.73525207136438,62.494856460699424,62.482817592769045,62.072329389772,59.31094608838688,57.94186992414602,57.456226547067665,57.06821101211475,56.895550286990456,56.104542264933805,55.6832437659885,55.44614871371579,55.38670450455779,55.245145419614,55.155874102827035,54.90463432952,54.30130901673992,62.73525207136438,59.31094608838688,57.875984594947504,65.96657976785674,"rgba(38, 166, 154, 1.0)",2.2326151635404563,69.4582973901117,1.4654126977710205,37.95480288330482,-2.3681988192250643,False,True,False,True,False,7.205526575271197,0.0,0.0,0.0,0.0,0,1.0949823661429947,0.8457037512023082,False,False,False,False,0.11934746996533689,0.11733381886633132,False,False,False,False,78232.0,66945.45879661656,False,False,False,False,1010.3387541699294,False,False,False,False
2025-07-22 18:00:00+00:00,72.76,72.78,72.535,72.66,850.0,73.9382734686795,72.45822036882883,71.74621642512074,67.99234086782813,67.51504222845371,65.70309966484004,64.35059661697086,63.62996160146874,62.591412698977784,61.77823883636497,61.046301428454186,58.17543726414007,57.89954472895366,57.379630102515485,57.37006696716415,57.043924739962364,56.451045777194615,55.86774053156949,55.611005131339894,55.435602776424126,55.345802308588254,55.254097955204976,55.05653256846467,54.681019615111644,72.04702827924835,72.632782614553,71.41691796662874,70.11513945472514,68.1202509639345,66.02069241668207,65.36516607077613,63.77581041346609,62.7587082175768,62.51834765000784,62.50631060770678,62.09580290698178,59.33415641884353,57.96543942471469,57.479686630997236,57.091555685721794,56.91888133149444,56.12766029953866,55.70621027820447,55.46899001647617,55.40951380127901,55.267871025327274,55.1785442311424,54.92712280508289,54.32346554715877,62.7587082175768,59.33415641884353,57.89954472895366,65.98529021805034,"rgba(38, 166, 154, 1.0)",2.2241197833779376,69.47328656217566,1.4327975775587216,37.66751030604253,-3.0073063713847503,False,True,False,True,False,6.85173765258914,0.0,0.0,0.0,0.0,0,1.1110572259941802,0.8383446492078885,False,False,False,False,0.12556195424656388,0.1214478865564476,False,False,False,False,77382.0,67107.2656369791,False,False,False,False,1007.852882012256,False,False,False,False
2025-07-22 19:00:00+00:00,72.66,72.715,72.32,72.34,8241.0,73.52304172908437,72.45823353462784,71.81456193371064,68.18291399135617,67.709946215724,65.91088667676927,64.56400035984699,63.84594294495764,62.80917785889445,61.99494097901867,61.260616892611964,58.39718935864366,58.121089232835416,57.60013585868351,57.590537693607004,57.263798215004805,56.66990241409798,56.08515608501787,55.82748619565581,55.65124897647561,55.560997611388856,55.46880178551238,55.270029821897374,54.89228806988501,72.24329723991508,72.61152334969833,71.50864452852234,70.2668447274422,68.30930809760777,66.22700475473822,65.57385641472365,63.991913073898964,62.9760210413087,62.73621129149224,62.724202216076286,62.31389263590339,59.55175554880448,58.18704018227389,57.700491989243424,57.31145426825558,57.138722989873145,56.34582158079474,55.92310755029623,55.68479945424345,55.62504421846455,55.482666443784744,55.3928503036697,55.139810807031,54.53322533716783,62.9760210413087,59.55175554880448,58.121089232835416,66.14023709581508,"rgba(38, 166, 154, 1.0)",2.213667125867496,69.583527617832,1.2452063591484142,36.56072940348816,-4.601578100520925,False,True,False,True,False,5.2408523791506205,0.0,0.0,0.0,0.0,0,1.1075399724048371,0.8396234071909744,False,False,False,False,0.11799772463309899,0.1197228055947733,False,False,False,False,69141.0,67138.79640229724,False,False,False,False,1119.9946977950117,False,False,False,False
2025-07-23 14:00:00+00:00,73.07,73.245,72.755,72.79,627.0,73.51064674378033,72.46238007457664,71.82264790214234,68.1982760949191,67.7255584944421,65.92727493219634,64.58072046571866,63.86281995438778,62.82614394008259,62.011795908701295,61.27726657564378,58.41433587869569,58.138214760425704,57.61717308676284,57.60757209215275,57.280781678017505,56.68679908780229,56.10193448433079,55.84418987254359,55.6678867103735,55.577599814419315,55.485365354522116,55.28649894571723,54.90858272184452,72.26735505019464,72.614449092321,71.51810604693299,70.27989869574846,68.32457856324628,66.24330887392316,65.59028608746247,64.00880677273616,62.992959546833326,62.75318194772286,62.7411745237312,62.33086441882244,59.56861037713665,58.20417121327804,57.717553744756515,57.328440430307424,57.15570198408611,56.36266049137804,55.9398442268343,55.70145006595936,55.64167278668026,55.49923716755358,55.40938259586136,55.15621665168915,54.549400741264265,62.992959546833326,59.56861037713665,58.138214760425704,66.15413787848394,"rgba(38, 166, 154, 1.0)",2.204598629483253,69.59495766649567,1.4492625962727894,38.11703309695625,-4.601578100520925,False,True,False,True,False,7.156782236814326,0.0,0.0,0.0,0.0,0,1.0983856718335876,0.829411292265681,False,False,False,False,0.14412953485080077,0.13192617022278702,False,False,False,False,69768.0,67179.55924877326,False,False,False,False,1112.351369147027,False,False,False,False
2025-07-23 15:00:00+00:00,72.79,72.79,72.36,72.54,774.0,73.48681999371742,72.46346366662043,71.8292172871761,68.21564432163818,67.74335398300185,65.94634640209813,64.6003662568058,63.88272847765649,62.84625222340803,62.031834602688534,61.29710969112693,58.434913415683596,58.15877812218744,57.63765017818997,57.62804613771919,57.301206158640106,56.70713906434138,56.12215024188546,55.864323233423335,55.68794569772979,55.59761854005613,55.50534009920118,55.30636531220956,54.928248657374446,72.2796247299734,72.61387591452373,71.52662503729442,70.29363241354477,68.3418007713117,66.26222876087483,65.60945859857529,64.02871980756231,63.01302132167672,62.77330160265327,62.761297103597464,62.3510183507561,59.58878896367698,58.224738586524005,57.73805658698533,57.34886650083489,57.176125379764784,56.382941170445065,55.960014537352194,55.721523613016636,55.66172147232881,55.519220147072716,55.42932174122423,55.17601022358494,54.5689317322239,63.01302132167672,59.58878896367698,58.15877812218744,66.16885774790569,"rgba(38, 166, 154, 1.0)",2.1936361232993415,69.60567195333331,1.337654871516846,38.30948870425581,-4.601578100520925,False,True,False,True,False,5.897237633357495,0.0,0.0,0.0,0.0,0,1.099251990669991,0.8336684629614731,False,False,False,False,0.12110278691500885,0.12651447856889794,False,False,False,False,68994.0,67207.69011313337,False,False,False,False,1107.105611485833,False,False,False,False
2025-07-23 16:00:00+00:00,72.54,72.54,72.15,72.22,1110.0,73.4456171522964,72.46103612400982,71.83517210360158,68.23883717978208,67.76728296103691,65.97243922311092,64.6274578404999,63.91027055272507,62.87417741835367,62.05973358031578,61.324791465571785,58.46377843572566,58.18763564787241,57.66640895975027,57.656801045136405,57.32990460770269,56.73574118315701,56.150598217835274,55.89266393313197,55.716187539016204,55.625806638767436,55.533469248799044,55.33434817614208,54.955960713456115,72.28095512528859,72.60896107506952,71.53559871628066,70.31081874025733,68.36475023659416,66.28805359999178,65.63574958541805,64.0562509242162,63.04086644453023,62.80124927896152,62.789249926983906,62.379050764392495,59.617040395952344,58.25359882174776,57.76684730624047,57.37756532653755,57.20482710965699,56.41147146400513,55.98840402895955,55.749784849899356,55.689949662891166,55.54736044042801,55.45740318253741,55.20389461726544,54.596463845648195,63.04086644453023,59.617040395952344,58.18763564787241,66.18756755403865,"rgba(38, 166, 154, 1.0)",2.1811647479408753,69.61770896663228,1.19307403799938,37.38860777258526,-5.548891962921843,False,True,False,True,False,4.309139762710004,0.0,0.0,0.0,0.0,0,1.119921523747241,0.8266982751573607,False,False,False,False,0.10020427368556775,0.11335937612723285,False,False,False,False,67884.0,67218.17553773595,False,False,False,False,1107.1504857263626,False,False,False,False
2025-07-23 17:00:00+00:00,72.15,72.15,71.59,71.68,705.0,73.41016053966695,72.45479560365234,71.83494650995709,68.25164822077349,67.7807012596397,65.9876093247865,64.64345894770558,63.926640495738106,62.89089848607551,62.07651930237689,61.341508818603465,58.48139361775833,58.20526026742633,57.68399836201999,57.67438852766146,57.347472344529734,56.753275145346166,56.16806067188549,55.91007018224322,55.733539519426024,55.64312884811235,55.55075851558044,55.35155448399779,54.97301314605884,72.26463308275571,72.60097663749295,71.53757332782253,70.31889951010437,68.37736795397781,66.3029966687535,65.65110505590285,64.07259462711978,63.057521672847336,62.81799150426764,62.80599648680993,62.395886347152576,59.634218836205115,58.271221796988065,57.78445151615393,57.39513119337182,57.222402296966635,56.428974354839376,56.005836678588736,55.76714752826909,55.70729420097609,55.56465606098559,55.47466579751259,55.22104483396244,54.61341686752039,63.057521672847336,59.634218836205115,58.20526026742633,66.19672171351785,"rgba(38, 166, 154, 0.5)",2.1716934937124432,69.62154918741541,0.947855127136628,35.189666341337,-8.210526146220225,False,True,False,True,False,1.7158769578851008,0.0,0.0,0.0,0.0,0,1.0938848627961892,0.8320169367315362,False,False,False,False,0.07180175040367957,0.09258056326545622,False,False,False,False,67179.0,67217.56816505788,False,False,False,False,1100.915594474791,False,False,False,False
2025-07-23 18:00:00+00:00,71.68,72.07,71.68,72.01,923.0,73.36911675768155,72.44820068672509,71.83581873229262,68.2688125581922,67.79862534580012,66.007735976897,64.66463015325122,63.94827679780246,62.91297271621222,62.09866325935385,61.36355122260297,58.50458112746193,58.22845762414723,57.70714498653575,57.697532552988584,57.37058779773408,56.77634174232559,56.19102932092671,55.93296337264759,55.75636036938771,55.66591006528974,55.57349593398056,55.374181838941375,54.995436382958516,72.24977501673752,72.5922180650196,71.54118611165129,70.33014389483638,68.3942894871211,66.32283888791082,65.67146161838623,64.09420024917169,63.07951281596323,62.840092068653156,62.828102507839716,62.41810149688743,59.65684485507284,58.29441759281759,57.807618415577714,57.41824457355649,57.245526538731596,56.45199785731266,56.02876513667432,55.78998262883764,55.73010511938737,55.587401901917765,55.497367777807725,55.24359781481056,54.635707650379985,63.07951281596323,59.65684485507284,58.22845762414723,66.20959009638096,"rgba(38, 166, 154, 1.0)",2.160077363479962,69.62783645197571,1.1028139955999279,35.666626171429954,-8.245985994927764,False,True,False,True,False,3.1802815905433377,0.0,0.0,0.0,0.0,0,1.0916842618158196,0.8344973201234366,False,False,False,False,0.07208155714887653,0.08233106020716638,False,False,False,False,68102.0,67231.28028652984,False,False,False,False,1098.1572131651044,False,False,False,False
2025-07-23 19:00:00+00:00,72.01,72.12,71.495,71.495,3343.0,73.21801473381451,72.41635441845395,71.83107413477879,68.32604715212905,67.85891947965168,66.07687316630354,64.73803002701365,64.02356664091673,62.99012588358742,62.176287872377614,61.4410002576713,58.58655242603429,58.31050372560051,57.78908463086292,57.779464335710784,57.452461350981224,56.85811531551605,56.272523169028624,56.014218357464124,55.83737823930265,55.74679717085037,55.654237624918785,55.4545543307342,55.075123110951345,72.17597271600948,72.5526534276001,71.54655058092352,70.36420616606067,68.45056270846158,66.39080949177905,65.7415784434747,64.16932815396528,63.15632698220688,62.91735848310367,62.9053914126613,62.49588697908963,59.73666514378507,58.37644874532814,57.8896158931162,57.50010481001573,57.32744663655336,56.533656512431165,56.110134502524446,55.871047370519676,55.81109059455222,55.668171947336255,55.57799183241194,55.3237200345001,54.714957877347985,63.15632698220688,59.73666514378507,58.31050372560051,66.25144547527414,"rgba(38, 166, 154, 0.5)",2.148708323496186,69.64417690299085,0.8613654430293549,34.41214752134091,-9.94646088778591,False,True,False,True,False,0.7692042660768443,0.0,0.0,0.0,0.0,0,1.0844422937333658,0.838051455762561,False,False,False,False,0.06830509867245285,0.07531807943980962,False,False,False,False,64759.0,67192.9503596069,False,False,False,False,1132.9609773020795,False,False,False,False
2025-07-24 14:00:00+00:00,71.355,72.635,71.355,72.365,699.0,73.19754560221553,72.41371382093209,71.83320917555403,68.3392152703609,67.87262757736903,66.09216833454666,64.75408729849937,64.03996558340114,63.006847454443786,62.19306046702835,61.45769687743284,58.60410177842752,58.32806058522419,57.80660394948571,57.7969817203718,57.46995758259471,56.87557534772006,56.2899102616227,56.03154913975601,55.85465499285729,55.764044314128014,55.67145203752098,55.471686461506366,55.092102557159,72.17438967689547,72.5486485500077,71.55047879502676,70.37325720275484,68.46355843868382,66.40589851052282,65.75704011206543,64.18570476431873,63.1729871573589,62.93409950326456,62.92213646677863,62.51271263600096,59.75379570158504,58.3940044015961,57.90715028181251,57.51759947118387,57.34494948879336,56.55108449093884,56.12749161466392,55.88833476927514,55.82835992948098,55.685392655337644,55.59517975789799,55.340796544579774,54.73183818074173,63.1729871573589,59.75379570158504,58.32806058522419,66.26235787021899,"rgba(38, 166, 154, 1.0)",2.137914867805618,69.65067399155554,1.2696137013306226,38.03998052696934,-9.94646088778591,False,True,False,True,True,4.516248889651724,0.0,0.0,0.0,0.0,0,1.0819346114072068,0.8346989101901198,False,False,False,False,0.07880040184665879,0.0770592406432342,False,False,False,False,65458.0,67166.05190441919,False,False,False,False,1126.2329001346054,False,False,False,False
2025-07-24 15:00:00+00:00,72.32,72.37,71.8,71.81,470.0,73.18266040729733,72.41122416834676,71.8340054170149,68.34772690703342,67.88152534092912,66.10219674535709,64.7646622087126,64.05078470672562,63.01790267853246,62.204164762161895,61.46876288156777,58.61576729360379,58.33973376735098,57.81825700670519,57.80863357880584,57.48159821712283,56.88719674616697,56.30148756013661,56.04309082633972,55.86616196714815,55.77553220740093,55.68291877864028,55.48309977595231,55.10341666488631,72.17110676028446,72.5452267453294,71.55251510704558,70.37885850761491,68.4719478747362,66.41577854862213,65.76719082102183,64.19650541368898,63.18399844525957,62.94516903465099,62.93320889992346,62.52384618619997,59.76517129890541,58.40567615317186,57.91881244667723,57.529238660352846,57.35659556400588,56.562687056016195,56.13905013637723,55.899848593631035,55.8398621481603,55.6968634910373,55.60662938335214,55.35217369183832,54.743088444524574,63.18399844525957,59.76517129890541,58.33973376735098,66.26927628642262,"rgba(38, 166, 154, 1.0)",2.1252263938760874,69.65446554825806,1.0142610961134255,38.59106078202469,-9.94646088778591,False,True,False,True,True,1.9865588442373365,0.0,0.0,0.0,0.0,1,1.0924210026134473,0.8337689078957785,False,False,False,False,0.05705411077192731,0.06705667570758075,False,False,False,False,64988.0,67132.28365783904,False,False,False,False,1116.0587466441464,False,False,False,False
2025-07-24 16:00:00+00:00,71.76,71.825,71.56,71.65,207.0,73.17451508413986,72.40931749343319,71.83366522739746,68.35114025837287,67.8851326849404,66.10636712239018,64.76910734659812,64.05535178403723,63.022592479230795,62.208890283758166,61.47348361147034,58.62077781175005,58.344750146101845,57.823269324728535,57.81364546310451,57.48660797533806,56.892202828931524,56.30647883690809,56.048068502814026,55.87112584194235,55.780488439552975,55.68786647938118,55.488025680999826,55.10830203862918,72.16720274545827,72.54288048168196,71.55276939199258,70.38083426370706,68.47530076700934,66.41987376803694,65.7714253249862,64.20106102232687,63.18866628173473,62.949866333898036,62.937907662983406,62.52857855783003,59.77004580926735,58.410691313133476,57.92382782060624,57.53424741213747,57.36160866021494,56.567687389665,56.14403442658348,55.90481520257619,55.844824142810694,55.70181286904052,55.61157018261677,55.35708479258524,54.747948302943016,63.18866628173473,59.77004580926735,58.344750146101845,66.27187014393726,"rgba(38, 166, 154, 0.5)",2.1135755921627495,69.65550270411191,0.9436602614469041,38.44816220299472,-9.94646088778591,False,True,False,True,True,1.2727502741720151,0.0,0.0,0.0,0.0,0,1.0907902263626708,0.8725994933398705,False,False,False,False,0.008671259886473806,0.03786396779702728,False,False,False,False,64781.0,67095.82964763998,False,False,False,False,1101.9648125876479,False,False,False,False
2025-07-24 17:00:00+00:00,71.65,71.79,71.605,71.71,288.0,73.16350256157294,72.40676532465092,71.83326511388032,68.3559108699593,67.89017101362914,66.11218327414122,64.77530324000797,64.06171630992493,63.02912654284678,62.21547326718049,61.480059327021856,58.62775502228934,58.35173538489284,57.830248691107045,57.8206242221105,57.49358364514747,56.899173161496094,56.31342836699572,56.054999026375015,55.87803710710513,55.787389043228956,55.69475518473047,55.49488400141394,55.11510385620824,72.16212724611349,72.53972469714732,71.5531869016324,70.38362242305189,68.47998791046007,66.42558610878493,65.77732995907793,64.20740978963562,63.195169961288606,62.95641075539629,62.944454108924006,62.535171363663935,59.77683438037094,58.41767488574473,57.93081148016079,57.541221700507776,57.36858892537757,56.574649609020135,56.1509741828031,55.91173028235417,55.851732783881985,55.70870391223812,55.6184492626258,55.363922476780395,54.75471451931405,63.195169961288606,59.77683438037094,58.35173538489284,66.2755298989061,"rgba(38, 166, 154, 0.5)",2.0590544886888558,69.6570199061837,0.9970499105750058,38.682904232489314,-9.94646088778591,False,True,False,True,True,1.533402817346463,0.0,0.0,0.0,0.0,0,1.0679276315789472,0.8745888157894733,False,False,False,False,-0.004606304112937166,0.01662883184204506,False,False,False,False,65069.0,67064.4059321727,False,False,False,False,1089.345203090165,False,False,False,False
2025-07-24 18:00:00+00:00,71.71,71.905,71.64,71.865,541.0,73.14466307381142,72.40270471582333,71.83309564674401,68.36510689755487,67.89985099138399,66.12327425658758,64.78708256010998,64.0738020101401,63.04151761397351,62.227946832370606,61.49251142672401,58.64094317932317,58.364937006117025,57.843436227596044,57.83381055932555,57.506762386035824,56.91233882178001,56.32655205418168,56.0680857286366,55.891086733604276,55.80041818354065,55.70776150343489,55.50783221088444,55.12794404124791,72.15492661151711,72.53457164353499,71.55449758355849,70.38922974995434,68.4890325512449,66.43648937166925,65.78857971864683,64.21946815555131,63.20750580765468,62.9688204543824,62.956867480125396,62.54766725315546,59.78967420255184,58.4308737593926,57.944007678552225,57.55439808758748,57.38177568107616,56.587798422641576,56.16407871557544,55.924787245298326,55.86477735084339,55.72171469706187,55.63143711773987,55.37683125364982,54.767486240467335,63.20750580765468,59.78967420255184,58.364937006117025,66.28279319152374,"rgba(38, 166, 154, 1.0)",2.002658417888852,69.66042364806107,1.100824949600207,39.74117025589513,-9.94646088778591,False,True,False,True,True,2.2117462204003147,0.0,0.0,0.0,0.0,0,1.0639197479688278,0.879870668214226,False,False,False,False,-0.0036979925910535926,0.006465419625495733,False,False,False,False,65610.0,67041.85700299173,False,False,False,False,1080.843727073263,False,False,False,False
2025-07-24 19:00:00+00:00,71.855,72.035,71.69,71.73,4392.0,73.01059849025339,72.37243440502586,71.83244692914434,68.43830357185948,67.97699359310542,66.21197271602178,64.88147013066396,64.17072588940967,63.141001390186425,62.32817903041319,61.592645693770365,58.74716018568134,58.47127877783293,57.94969633044671,57.94006162801755,57.61297088421437,57.01847362050047,56.43237908705131,56.1736283896049,55.99634029933391,55.905511591533475,55.81267606322961,55.612289589071885,55.23155083533211,72.10776983848503,72.49606976895994,71.56526248803915,70.4336292416193,68.56100113530469,66.52363831269862,65.87860112674014,64.31615344762979,63.30653085404712,63.06846093338083,63.056538546575126,62.64804138214385,59.89303458919536,58.537189526647424,58.050331213936325,57.66058518794735,57.48805494933438,56.6938142829445,56.26975982272096,56.0300980952726,55.96999153597738,55.826664437421066,55.73620698133212,55.48097799023789,54.87055759943918,63.30653085404712,59.89303458919536,58.47127877783293,66.34234654761416,"rgba(38, 166, 154, 1.0)",1.9287726760918142,69.6893286550228,1.0580154780666633,39.864224113796034,-9.94646088778591,False,True,False,True,True,1.583297655627458,0.0,0.0,0.0,0.0,0,1.0556109725685785,0.8825436408977553,False,False,False,False,0.002641411344338416,0.004553415484917075,False,False,False,False,61218.0,66951.5646463562,False,False,False,False,1132.1794832426697,False,False,False,False
2025-07-25 14:00:00+00:00,70.74,71.15,70.66,71.04,1070.0,72.96107488600886,72.35470740447404,71.8230996221683,68.45120738165772,67.99118468108772,66.22988257197058,64.90125208304767,64.1913330492464,63.16250614252719,62.350076160365575,61.6147007304415,58.77107654114749,58.49526312811426,57.97373402420643,57.964098569418134,57.637040436887446,57.042598451745114,56.456499791668286,56.19771199388267,56.02037653283341,55.92952062772848,55.8366537281218,55.63618292109446,55.255286238597726,72.06955725551889,72.47608384779257,71.55920681059301,70.43750826681266,68.57351657641603,66.5410319101272,65.89697999223263,64.33665347307654,63.32788573062368,63.09002145421664,63.078109236793914,62.66988219577757,59.91613321215499,58.561158622050364,58.074369719726384,57.68464392144914,57.51215599842938,56.71794913377958,56.29386475253656,56.05414389507447,55.99402149741292,55.850648704369874,55.76015929453982,55.50481318944536,54.89420292832784,63.32788573062368,59.91613321215499,58.49526312811426,66.35098684865117,"rgba(38, 166, 154, 0.5)",1.8859861520615968,69.68828078212626,0.7167174670907143,37.358178498798395,-9.94646088778591,False,True,False,True,False,0.0,0.0,0.0,0.0,0.0,0,1.0424097969918629,0.8923317169392614,False,False,False,False,-0.0648935034708604,-0.03017004399297166,False,False,False,False,60148.0,66846.08302393208,False,False,False,False,1131.2154602466594,False,False,False,False
2025-07-25 15:00:00+00:00,71.02,71.145,70.735,70.735,505.0,72.93764062245518,72.34603545499807,71.81836682427105,68.45706207869922,67.99765931656192,66.238148906333,64.91042336628638,64.20090318477956,63.1725128153062,62.36027841590228,61.624986768674,58.78225924190819,58.50647985532705,57.98497976782634,57.975344035378235,57.64830354996209,57.05389150314111,56.46779466571505,56.20899109535598,56.03163453590402,55.9407664417241,55.84788540584947,55.647376290679595,55.26640779318705,72.05118358441665,72.46635461946732,71.55602777625175,70.43904210565587,68.5791847577464,66.54904863496344,65.90547418432475,64.34617069299804,63.33781988564551,63.100055287741355,63.088147997942436,62.680053234288955,59.92692425170367,58.57236768940338,58.0856150693528,57.69590163892851,57.52343470970476,56.72924898004135,56.30515324439677,56.06540617313126,56.005276721230956,55.86188338892215,55.771379550492554,55.515980093073615,54.905284171985066,63.33781988564551,59.92692425170367,58.50647985532705,66.35487056037285,"rgba(38, 166, 154, 0.5)",1.8324525730383245,69.68753435369538,0.5716195124045422,34.74073620060683,-11.58831667268786,False,True,False,True,False,0.0,0.0,0.0,0.0,0.0,0,1.043456830690873,0.8941099153865109,False,False,False,False,-0.062418184294409214,-0.04629411414369044,False,False,False,False,59643.0,66734.40731813469,False,False,False,False,1121.5066934211297,False,False,False,False
2025-07-25 16:00:00+00:00,70.735,70.755,70.61,70.755,479.0,72.91415668607846,72.33699308322393,71.81314614195561,68.46221153892104,68.00342272678147,66.24568424332247,64.91885640390117,64.20973139389606,63.18177741922783,62.36974569882795,61.63454840687888,58.79270260971844,58.51695859707001,57.99549207137825,57.98585619502201,57.658835995229026,57.064458393387625,56.478369140145546,56.21955326954406,56.042178604482345,55.951299926280626,55.85840649090521,55.65786327693968,55.2768307409438,72.03190317236977,72.45629109606759,71.55231897864114,70.43993592291223,68.58415022982345,66.55633602898125,65.9132374919546,64.35494472571159,63.34701259229353,63.10934709078094,63.09744469693493,62.68948347739206,59.93698607562946,58.58283843029444,58.096125791718265,57.70642850346152,57.53398312747984,56.73982553764669,56.31572330017006,56.075953933647796,56.01581842836687,55.872407163207185,55.78189062065348,55.52644342762265,54.91567222792561,63.34701259229353,59.93698607562946,58.51695859707001,66.35809471728903,"rgba(38, 166, 154, 0.5)",1.7824449197364376,69.68619531113855,0.5996284524850773,33.1470064240684,-13.150027233488395,False,True,False,True,False,0.0,0.0,0.0,0.0,0.0,0,1.0393491615474015,0.9108417732027226,False,False,False,False,-0.0806493250552463,-0.06347171959946837,False,False,False,False,60122.0,66631.88937521787,False,False,False,False,1111.545349337081,False,False,False,False
2025-07-25 17:00:00+00:00,70.755,71.2,70.755,71.07,697.0,72.88540557407327,72.3264140744887,71.80768385980626,68.47066408991176,68.01269648518446,66.2573421528275,64.93172100208324,64.22312922573501,63.19575667108285,62.38398047212073,61.64888723070696,58.80825022627927,58.532550808549104,58.01111997424622,58.00148363394484,57.67448523475704,57.08014460847998,56.4940538306029,56.23521444683829,56.05780946315833,55.96691335322935,55.8739997863696,55.67340235619332,55.29226824436768,72.01098152492669,72.44434108114082,71.54888438985209,70.44268487165607,68.5923553492257,66.56766195094234,65.92519736775635,64.36827311135693,63.3608947552223,63.12336251094636,63.1114667078638,62.703680892064384,59.952002848298676,58.59842062808072,58.11175398672149,57.722070648191355,57.54965298946785,56.755518874325766,56.33139809222351,56.09159091967616,56.031445276730594,55.88800470500456,55.79746764702863,55.54194511164426,54.931051970655325,63.3608947552223,59.952002848298676,58.532550808549104,66.3641487370221,"rgba(38, 166, 154, 0.5)",1.739302827090978,69.68617462591081,0.7956207237377189,34.47438009045346,-13.150027233488395,False,True,False,True,False,0.0,0.0,0.0,0.0,0.0,0,1.0397279588620716,0.9044538442398604,False,False,False,False,-0.05976690323758389,-0.06161931141852613,False,False,False,False,60819.0,66541.76705932301,False,False,False,False,1105.1182896574364,False,False,False,False
2025-07-25 18:00:00+00:00,71.07,71.355,71.07,71.085,625.0,72.8625100547405,72.31821618423241,71.80382644057514,68.47867573847978,68.02140988391348,66.26810144384132,64.94351622997151,64.23538341551155,63.208507985078796,62.39694348575338,61.66192905056417,58.82234245687501,58.54668003250969,58.025275542145536,58.01563867758432,57.68865650364496,57.09434337408319,56.50824586254399,56.24938301869515,56.07194918049559,55.98103658859839,55.88810409649552,55.6874561365324,55.30622744581159,71.99584506839453,72.43497962677826,71.54675139690802,70.44582541700343,68.60015497308184,66.57813697035465,65.9362137129568,64.38046923054847,63.37356243094971,63.13614472269593,63.12425458797121,62.71661759888121,59.965630179391276,58.61254158100053,58.125910924350265,57.736236001703276,57.563841607663456,56.7697210499682,56.345579775854794,56.10573644812961,56.045581156536194,55.90211296111112,55.8115566591098,55.555964120744164,54.944956436700664,63.37356243094971,59.965630179391276,58.54668003250969,66.3702379314181,"rgba(38, 166, 154, 0.5)",1.708997717435732,69.68710105338383,0.817964197584562,35.473591913397335,-13.150027233488395,False,True,False,True,True,0.0,0.0,0.0,0.0,0.0,0,1.050733088970343,0.8985338220593132,False,False,False,False,-0.04316981024443978,-0.05239456083148296,False,False,False,False,61444.0,66462.73191111645,False,False,False,False,1097.674595244143,False,False,False,False
2025-07-25 19:00:00+00:00,71.08,71.11,70.82,70.9,2518.0,72.76457739723715,72.28003931320438,71.78335457629038,68.50779866289373,68.05354010635247,66.30899273220302,64.98887481773039,64.28271874389874,63.25801910998577,62.44744429686226,61.71286797763418,58.87775697659635,58.602268822087225,58.08102018753108,58.071382206056654,57.744494614211284,57.1503421098271,56.564266093223324,56.305331023800505,56.1277970220367,56.03682628836849,55.943826092921284,55.74299357027234,55.36141849484011,71.92468472822634,72.39210184138726,71.53336891644719,70.45433225135413,68.62837577525869,66.61780052564471,65.97822949297289,64.4275393739662,63.4227126047025,63.18579153902554,63.173925959657595,62.76695212014589,60.01909429477167,58.66809105417014,58.18165107116186,57.79204650725663,57.61975918942509,56.82576021036507,56.401571975726725,56.16160463670768,56.10141585175265,55.95784946861611,55.86722395352419,55.61137381605802,54.99995514381829,63.4227126047025,60.01909429477167,58.602268822087225,66.39163576537798,"rgba(38, 166, 154, 0.5)",1.6813984071617136,69.68665621738116,0.7216277697485369,35.26103066331671,-13.150027233488395,False,True,False,True,True,0.0,0.0,0.0,0.0,0.0,0,1.0483200266134396,0.8949600798403191,False,False,False,False,-0.06065056851064357,-0.056522564671063265,False,False,False,False,58926.0,66345.88335435496,False,False,False,False,1119.6951441550864,False,False,False,False
2025-07-28 14:00:00+00:00,69.33,69.68,69.14,69.39,1455.0,72.66830554461943,72.2346112311015,71.75107941730197,68.51387179642542,68.06206263759789,66.32455287671736,65.00807534486808,64.30351368374431,63.28066556576253,62.471114130667786,61.737179988021,58.905489718864544,58.63018350696136,58.10918240117244,58.099546870533736,57.77280646282908,57.17890459307342,56.59299329985053,56.334085396888646,56.156542725388604,56.065563606990196,55.972550289927355,55.77166866001674,55.38999841696604,71.82988483470292,72.34326904505232,71.5064174609248,70.44404954185603,68.63373173415667,66.6323493912471,65.99475690172265,64.44807583498087,63.44506733716964,63.2085545549399,63.19670908438883,62.79033216383894,60.04542950246101,58.69596375426701,58.2097793188714,57.82033025904075,57.64814789027399,56.85442997407758,56.43032539219325,56.19035273277819,56.1301610562821,55.98657786931389,55.89593764837326,55.64001242314918,55.028510417532466,63.44506733716964,60.04542950246101,58.63018350696136,66.39116597292535,#000000,1.6811554183188668,69.66864076289059,-0.16574360695885346,30.56213259678272,-15.69818174826159,False,True,False,True,False,0.0,0.0,0.0,0.0,0.0,0,1.0395429867919936,0.8983064581476375,False,False,False,False,-0.17177656699846058,-0.11414956583476192,False,False,False,False,57471.0,66208.28826358975,False,False,False,False,1124.8936690519067,False,False,False,False
2025-07-28 15:00:00+00:00,69.39,69.39,69.0,69.0,220.0,72.65304824905266,72.22721585802915,71.74571604628231,68.51450292247902,68.06308121118057,66.32668433678906,65.01078435062809,64.30647551119833,63.28392303531814,62.47453849863915,61.740712068005706,58.909561422403996,58.634284961366895,58.113325657724175,58.10369058433533,57.77697500514407,57.18311542779533,56.59723330678981,56.33833145296879,56.16078886346575,56.06980919180284,55.97679462854351,55.775907210512734,55.394225565847954,71.81462262534903,72.33535033381126,71.50187963638045,70.442108500743,68.63424979635737,66.63432031301373,65.9970427383284,64.45099579120038,63.44827850381703,63.21183066258928,63.19998838920164,62.793707436815154,60.049282666784855,58.70005832859148,58.21391656391495,57.8244942171138,57.652328907360726,56.858659376030964,56.434570554974826,56.19459896739962,56.13440731969863,55.99082272444792,55.90018099799215,55.644246520327364,55.03273629085975,63.44827850381703,60.049282666784855,58.634284961366895,66.39079603617591,#000000,1.6921466802230034,69.66551213605246,-0.3932945907294219,26.70740163672877,-19.169260859754793,False,True,False,True,False,0.0,0.0,0.0,0.0,0.0,0,1.0366653176851472,0.9060299473897205,False,False,False,False,-0.18741467250387273,-0.15078211916931733,False,False,False,False,57251.0,66069.41557733255,False,False,False,False,1110.8643098417995,False,False,False,False
2025-07-28 16:00:00+00:00,68.98,69.13,68.87,68.99,1057.0,72.57883515435478,72.1906614818621,71.71895249805807,68.51686426908957,68.06733981676082,66.3363951006401,65.02333070280706,64.3202632469409,63.29916744087409,62.49061341696589,61.75732979003077,58.92882435233593,58.6536962232674,58.13294835995474,58.12331569486034,57.79672564772572,57.20307993954273,56.61734838590196,56.35848035812621,56.18094159295543,56.08996102474253,55.99694229520134,55.7960311173194,55.414302086576974,71.7401115697311,72.29628216482709,71.47910477714034,70.43192247860452,68.63605844137449,66.6432428867163,66.00751340783599,64.4645758881885,63.463295381316804,63.227166973079925,63.215340423346156,62.80953390976061,60.06747872851441,58.719435253664294,58.23350825247026,57.8442220239805,57.67214154514015,56.87871881024335,56.45471332719462,56.214751507145564,56.15456114551928,56.010972577868934,55.920325391304885,55.664351662310004,55.052812726700616,63.463295381316804,60.06747872851441,58.6536962232674,66.38840817204624,#000000,1.7106307592806052,69.6496768967435,-0.38563371619771897,24.118937556832236,-21.41827484872345,False,True,False,True,False,0.0,0.0,0.0,0.0,0.0,0,1.0394160583941603,0.9067315490673153,False,False,False,False,-0.20167665932890017,-0.17622938924910875,False,False,False,False,56194.0,65916.30835907932,False,False,False,False,1110.0292042628566,False,False,False,False
2025-07-28 17:00:00+00:00,68.99,68.99,68.54,68.56,497.0,72.54213568810945,72.1721704060227,71.7051805754208,68.51727735763,68.06868673275456,66.34042455573874,65.02875936421461,64.32630414174007,63.30593130963695,62.49779720217284,61.76479443031579,58.93758721586135,58.66253425207326,58.141896376197735,58.132265052532816,57.80574024923005,57.21220572471092,56.626555268089646,56.3677078286028,56.190174218630965,56.09919495068292,56.00617603973742,55.805257632141455,55.423513517599126,71.70273777755816,72.27658506374826,71.46726167434582,70.42619171816507,68.63620032752549,66.64688317656443,66.01191989361644,64.4705124040262,63.46994693982276,63.233976513625706,63.22215773738766,62.81658814178676,60.0757223409694,58.728255850977675,58.24243957266333,57.853225075238676,57.68118736534503,56.88789489498868,56.46393610914896,56.2239834043936,56.163794770686124,56.020207063945904,55.92955903987051,55.67357191358642,55.062030030679054,63.46994693982276,60.0757223409694,58.66253425207326,66.38654930755041,"rgba(239, 83, 80, 0.5)",1.7459337495048324,69.64123284121993,-0.6192862939539256,21.60617307995187,-23.641026323499712,False,True,False,True,False,0.0,0.0,0.0,0.0,0.0,0,1.0281462309932057,0.9134584276933029,False,False,False,False,-0.218972963683463,-0.1976011764662859,False,False,False,False,55697.0,65757.86946979127,False,False,False,False,1100.5248755145954,False,False,False,False
2025-07-28 18:00:00+00:00,68.56,68.795,68.43,68.765,463.0,72.50827469502423,72.15495600836387,71.69232234101149,68.51758929189211,68.0698699997278,66.34411306557651,65.03375640290884,64.33187398237546,63.3121783557982,62.50443868751258,61.771700606285975,58.94570863888473,58.670726378307954,58.15019234371696,58.14056229803059,57.814099090410714,57.22066954441347,56.635096032669196,56.37626842644237,56.19874009744957,56.107762287609546,56.01474346397825,55.81381889627902,55.432061780938014,71.66836024591834,72.2582593558187,71.45618746214672,70.4207847144475,68.63625937275766,66.65020787929289,66.01596115017601,64.47598433257221,63.47608884614694,63.240266356235345,63.22845485911489,62.823107429670486,60.08335820647099,58.73643157600377,58.25071970379519,57.86157305294802,57.68957555096572,56.896406334318385,56.47249208400176,56.23254851324853,56.172361649362074,56.02877513696437,55.93812658275064,55.68212771743643,55.07058461161584,63.47608884614694,60.08335820647099,58.670726378307954,66.38480249144521,"rgba(239, 83, 80, 0.5)",1.7790827351140037,69.77227843684366,-0.5661785238892313,21.67365672266387,-23.641026323499712,False,True,False,True,False,0.0,0.0,0.0,0.0,0.0,0,1.027622970680882,0.9157580163153214,False,False,False,False,-0.23026593324717626,-0.21393355485673107,False,False,False,False,56160.0,65609.06529196505,False,False,False,False,1090.6407689174698,False,False,False,False
2025-07-28 19:00:00+00:00,68.75,68.94,68.69,68.94,2386.0,72.3510703438404,72.0736236564696,71.63186794678195,68.52128058248735,68.07785628797708,66.36450621210625,65.06065171346539,64.36162307882363,63.345296766387094,62.53950626167459,61.80806471574374,58.98817542668731,58.71354405094122,58.19352016090273,58.18389623306105,57.857735843796306,57.264822535551694,56.67962245784516,56.4208870259242,56.24337896965283,56.15240514756999,56.05938317091661,55.85841903125381,55.47658065495013,71.51349999615276,72.17161724045903,71.40433396034496,70.39644657697428,68.6387036985393,66.66879773750756,66.03810008470684,64.50524971814365,63.50868243023095,63.2735977771974,63.2618225983057,62.857578966944565,60.12337601200541,58.77916790556082,58.29397073560634,57.90515581235396,57.73335842245017,56.940791853244725,56.51709064161992,56.277184732879505,56.21700466716233,56.073418750872136,55.98276397445072,55.72669466534155,55.11512388799372,63.50868243023095,60.12337601200541,58.71354405094122,66.37941319159827,#000000,1.8031229240630342,69.74396087992503,-0.4458713652829826,23.198295312984765,-23.641026323499712,False,True,False,True,False,0.0,0.0,0.0,0.0,0.0,0,1.0340240264452145,0.9090542610658707,False,False,False,False,-0.2152824191148184,-0.21460798698577474,False,False,False,False,58546.0,65499.56040371752,False,False,False,False,1110.7238577714625,False,False,False,False
2025-07-29 14:00:00+00:00,69.845,70.22,69.8,70.08,490.0,72.33075858923686,72.06334353041986,71.62489968003175,68.52465347233287,68.08192405878316,66.37061139241794,65.06782588469449,64.36927074246617,63.353490840292686,62.54799253209334,61.816725423539395,58.99788610023596,58.723307677548554,58.203351892963624,58.19372850860329,57.86760877215914,57.274764772686304,56.689606205602615,56.43087392290592,56.25335883533635,56.162380105972844,56.06935158751074,55.868366325289934,55.486487540249705,71.49694521162876,72.16049039806013,71.39874060197324,70.39528993232742,68.64187275279248,66.67460913045316,66.04448424448763,64.51282357880878,63.51678916913681,63.281826304958976,63.270057133946466,62.86598848314962,60.13265030192481,58.78891935303232,58.303793949940285,57.915020505772105,57.74325407654051,56.950762409942115,56.52707946414256,56.28716618244033,56.226983767136716,56.08338891212873,55.99272712911084,55.736626720278025,55.125015261201774,63.51678916913681,60.13265030192481,58.723307677548554,66.38167797960772,#000000,1.8032074201273536,69.7500004939406,0.1830069588090358,31.437735853867757,-23.892969459750574,False,True,False,True,True,0.0,0.0,0.0,0.0,0.0,0,1.0459614465508997,0.9012267006531779,False,False,False,False,-0.12854759762325355,-0.17157779230451414,False,False,False,False,59036.0,65399.35016490019,False,False,False,False,1101.1002320695793,False,False,False,False
2025-07-29 15:00:00+00:00,70.08,70.165,69.5,69.73,1740.0,72.25432856919849,72.02353023874463,71.59705641263746,68.53466319640478,68.09450987870231,66.39074730164516,65.09193730098977,64.39514204257576,63.38140865033524,62.577031545881695,61.84645755549083,59.03149997555495,58.75712526191651,58.23744210232837,58.22782126135675,57.90186400791165,57.3092971090742,56.72431614462941,56.46560885570285,56.28807874356782,56.19708769435342,56.104041223699724,55.90299268847746,55.52099183437831,71.43206003527185,72.11763389117702,71.37588608477981,70.38861312343715,68.65112962980001,66.69365169149488,66.06566464753901,64.53841385492659,63.54438201977716,63.3098733576567,63.29812658251827,62.894718321376715,60.164665318294965,58.82268996621121,58.33784772722239,57.94924414460336,57.77759599526731,56.98541189466116,56.561815897160535,56.3218898205533,56.26170238875873,56.118083889314576,56.02740236453784,55.771206593259606,55.159481989218285,63.54438201977716,60.164665318294965,58.75712526191651,66.38772524904844,#000000,1.8100713613931578,69.75102430425947,-0.01161517977019867,35.459171523360645,-20.45210445544006,False,True,False,True,True,0.0,0.0,0.0,0.0,0.0,0,1.0404152468499879,0.9002298121879702,False,False,False,False,-0.17309039931796444,-0.1723340958112393,False,False,False,False,57296.0,65273.71682901026,False,False,False,False,1111.0056548281905,False,False,False,False
2025-07-29 16:00:00+00:00,69.73,69.81,69.58,69.7,2564.0,72.14542501840566,71.96478239819864,71.55530714042945,68.54796582711595,68.11163631550203,66.41911887795119,65.12626448528474,64.43210987550569,63.42146446205755,62.61880441647596,61.88931322409303,59.080188441510145,58.80612750887193,58.286873869978514,58.27725735264858,57.95155595666679,57.3594256066431,56.77473460198889,56.51607744746396,56.33853498196052,56.24753083145217,56.154463160767975,55.95333320285722,55.57117405483172,71.33958266652813,72.05459516869944,71.34127831051877,70.37739376558547,68.66331810204508,66.72038760914654,66.09560498861548,64.5749541511258,63.5839490322575,63.350124508712284,63.33841146383265,62.93600509923864,60.21096302758087,58.87161975077243,58.38722008244542,57.99888746780582,57.82742088905115,57.035728394261184,56.61228148727565,56.37234968540691,56.312158135619896,56.168512831692006,56.07780734415991,55.82148630405448,55.209626127592635,63.5839490322575,60.21096302758087,58.80612750887193,66.39595793505667,#000000,1.8187718680775922,69.73899749060634,-0.02144166142593464,38.01243902729112,-18.28927788846732,False,True,False,True,True,0.0,0.0,0.0,0.0,0.0,0,1.0406091370558372,0.9198291837885744,False,False,False,False,-0.1837468783495025,-0.1780404870803709,False,False,False,False,54732.0,65110.27935879305,False,False,False,False,1133.5326989393814,False,False,False,False
2025-07-29 17:00:00+00:00,69.695,69.695,69.43,69.475,468.0,72.12528068440855,71.9536287434736,71.54723160008757,68.55002053285925,68.11440485255505,66.42398953762589,65.13225302861807,64.43859432307804,63.42853209195673,62.62620152788317,61.89692251461987,59.08889149217528,58.81489098457471,58.2957220255346,58.28610642439062,57.96045543505919,57.3684111172794,56.78377929237312,56.52513418180938,56.347591561889395,56.25658610101778,56.163515680760696,55.962373362369874,55.580189891232536,71.32218306815143,72.04266888693476,71.3345026973208,70.37490311116152,68.66516541899188,66.72495135662946,66.10077125131659,64.58135703800579,63.5909247224275,63.35722908027605,63.34552238824272,62.94330627311506,60.21922045447801,58.880369250066884,58.39605611953071,58.00777759478962,57.83634584013488,57.044751643394534,56.62133654982191,56.38140652662352,56.321214928009326,56.1775664478557,56.08685767811259,55.83051699308421,55.21863872112993,63.5909247224275,60.21922045447801,58.81489098457471,66.3971462670557,#000000,1.8365749188189355,69.73547401052772,-0.1418259652022449,38.72057915379288,-17.649765297638353,False,True,False,True,True,0.0,0.0,0.0,0.0,0.0,0,1.035647584246853,0.9239951278928134,False,False,False,False,-0.19405501710521836,-0.18604775209279462,False,False,False,False,54264.0,64942.11998888928,False,False,False,False,1123.2143625217163,False,False,False,False
2025-07-29 18:00:00+00:00,69.475,69.59,69.4,69.41,321.0,72.11129164890885,71.94582835823323,71.54154767375881,68.55132968941409,68.11620863252551,66.42725007121746,65.13628907647526,64.44297439098298,63.433317482773,62.63121716169204,61.902087466725604,59.09481446909336,58.8208562212828,58.30174695144656,58.29213201090176,57.96651654315229,57.374532857281686,56.78994321135319,56.53130709077169,56.35376489133602,56.2627588022309,56.16968677593671,55.96853660276245,55.586337587128575,71.31000368068054,72.03433810540878,71.32971368019722,70.37306860178785,68.6663310092375,66.72799896230477,66.10423716145343,64.58568021359706,63.59564630865537,63.36204015671151,63.35033787542734,62.948254226675,60.224835271501064,58.88632470678675,58.402072409371854,58.01383216602878,57.84242473164671,57.050900139085456,56.627508029874456,56.38757993494977,56.327388478995495,56.18373824949557,56.09302750112412,55.83667414295778,55.22478512224174,63.59564630865537,60.224835271501064,58.8208562212828,66.3978656550175,#000000,1.8585875509878549,69.73278836817069,-0.17367401820760428,38.898563892973,-17.278686877149582,False,False,False,True,True,0.0,0.0,0.0,0.0,0.0,0,1.0231858119101849,0.9303612105434425,False,False,False,False,-0.19932190120598126,-0.19268482664938794,False,False,False,False,53943.0,64771.59099681348,False,False,False,False,1110.7769305446354,False,False,False,False
2025-07-29 19:00:00+00:00,69.42,69.42,69.06,69.305,2495.0,71.99932783210762,71.8819490070394,71.49414317263214,68.55912844568242,68.12796269410731,66.45066321356168,65.16593215254274,64.4753817315165,63.469000260922755,62.66879057229727,61.94091201996537,59.13971644958805,58.86610627436944,58.34749977691066,58.33789075122115,58.01257428989657,57.42110112580074,56.83687783283182,56.57832932132992,56.400803219802384,56.309798845281584,56.21672116539787,56.015525164615,55.633233150946154,71.21057371414491,71.96635175375663,71.28930600476662,70.35588981747065,68.67298508387613,66.74970174908565,66.1293071308248,64.61762298508167,63.63081569273303,63.39793077523897,63.3862640326732,62.98525672617648,60.26728263673036,58.93149408129146,58.44775026453952,58.05983614471651,57.88862821539883,57.09769747692197,56.67451228083259,56.434616430318925,56.37443037670228,56.230777020614504,56.14005754744172,55.88362526965601,55.27169329822343,63.63081569273303,60.26728263673036,58.86610627436944,66.40128782618089,#000000,1.8827918890041047,69.70673437518194,-0.21337163046438815,38.51456495666384,-17.278686877149582,False,False,False,True,True,0.0,0.0,0.0,0.0,0.0,0,1.01896313176528,0.9331000244160491,False,False,False,False,-0.21932048653539774,-0.20600265659239284,False,False,False,False,51448.0,64565.023694537296,False,False,False,False,1132.237753326889,False,False,False,False
2025-07-30 14:00:00+00:00,69.17,69.2,68.96,69.12,1875.0,71.91598318445097,71.83295165537467,71.45720612127671,68.5634999505371,68.13535019195868,66.4669667601117,65.18702604315855,64.49860401133576,63.49475880326556,62.69603420564397,61.96915554858224,59.17264340571026,58.89930805000103,58.381106103593304,58.37150206947889,58.046426116558486,57.455363770146576,56.87144278494721,56.61297271368142,56.43546791807351,56.34446958015594,56.2513925803277,56.050173186720464,55.66783148810244,71.13605658169716,71.91436860694019,71.25752772032186,70.34139251565699,68.67648641424664,66.76469166629713,66.1468883584778,64.64048256330767,63.65617801946003,63.42385051221931,63.41221123248585,63.01204183671479,60.29832833065685,58.964632069679745,58.48129478940489,58.09364555193287,57.92259465786707,57.13214699878895,56.70913724659235,56.46927799285502,56.40909908109109,56.26545092153025,56.174729699956394,55.918252358503786,55.30631743139123,63.65617801946003,60.29832833065685,58.89930805000103,66.40282736959553,#000000,1.910957903280566,69.68531764499747,-0.2958294602026427,37.368294094109324,-17.278686877149582,False,False,False,True,True,0.0,0.0,0.0,0.0,0.0,0,1.015667074663402,0.9368421052631577,False,False,False,False,-0.23195637997642743,-0.21897951828441015,False,False,False,False,49573.0,64332.589218652996,False,False,False,False,1143.753447073759,False,False,False,False
2025-07-30 15:00:00+00:00,69.13,69.13,68.605,68.65,1029.0,71.86762098737545,71.8039374153069,71.43491619134406,68.56453495512483,68.13810893176236,66.47482227199343,65.19762957843153,64.51042835351308,63.50804711458495,62.71019486839294,61.983915883516566,59.19008067555427,58.91690715647807,58.398948921472595,58.38934805998919,58.06441689778098,57.47360193440282,56.889868288858956,56.631451090863465,56.45396507180677,56.362973686807806,56.2699008247477,56.06867696988427,55.68632331795984,71.0916953636693,71.88369860592218,71.23812496969045,70.33170879964618,68.67702570792612,66.77179339746641,66.1554805929738,64.65209505221769,63.66923878741472,63.437231992904415,63.42560850905665,63.025925664093954,60.31469877002749,58.982193551411235,58.499099324523414,58.11161139064544,57.94065256655675,57.15049948439232,56.727601711779826,56.4877720755638,56.4275994542103,56.28395992056373,56.193241406230726,55.936750100863755,55.324835953260255,63.66923878741472,60.31469877002749,58.91690715647807,66.40234253759638,"rgba(239, 83, 80, 0.5)",1.9505956632382304,69.6710221481729,-0.5234412069172071,34.637390333570465,-17.278686877149582,False,True,False,True,False,0.0,0.0,0.0,0.0,0.0,0,1.0056134070940446,0.9397982427595182,False,False,False,False,-0.24885239242777368,-0.23391595535609191,False,False,False,False,48544.0,64087.80488968163,False,False,False,False,1141.974323863313,False,False,False,False
2025-07-30 16:00:00+00:00,68.65,68.71,68.385,68.48,1142.0,71.81110814198507,71.7695471786488,71.40812566006396,68.56433975791796,68.13989634786876,66.48247126418006,65.20844702997587,64.52265305179212,63.5219677222889,62.725139858513565,61.99957615475675,59.20881705953892,58.93583390543672,58.41816727160518,58.40857035189366,58.08381234538631,57.4932932819077,56.90978838314861,56.65143939561172,56.473981075593585,56.383000931016824,56.289936304060795,56.08871559712726,55.70636348746184,71.03882917004842,71.84744463558253,71.21460582414215,70.31923917532416,68.67626180670445,66.7785729869995,66.16398256660322,64.66407202754905,63.682896875341214,63.45126064078512,63.43965540294983,63.04053881440043,60.332217139152334,59.00107598796829,58.518270943741605,58.13097753335955,57.96012664172654,57.17032914900293,56.747570895048625,56.50778336375822,56.44762001994055,56.30399564818784,56.21328368613657,55.9567872897952,55.34491789159852,63.682896875341214,60.332217139152334,58.93583390543672,66.40046665172453,"rgba(239, 83, 80, 0.5)",1.9927537807348359,69.65274991848972,-0.5885071852967495,32.19376213266695,-12.524931759958797,False,True,False,True,False,0.0,0.0,0.0,0.0,0.0,0,1.009087187883749,0.9453131395824803,False,False,False,False,-0.2745644110110174,-0.2542401831835547,False,False,False,False,47402.0,63829.1102402292,False,False,False,False,1141.9747219429516,False,False,False,False
2025-07-30 17:00:00+00:00,68.48,68.685,68.43,68.63,1159.0,71.75663076490164,71.7359716353304,71.38196059637909,68.56442614723233,68.14195801858682,66.49038973980099,65.21954018764953,64.53515842614988,63.5361759176029,62.74037640660038,62.01553041853058,59.227870808054014,58.955079375189676,58.437706205674,58.428113245596535,58.10352954903442,57.513308427492674,56.93003368303426,56.671753161308786,56.49432248723421,56.403353522892075,56.31029703085861,56.109079077150426,55.72672774018872,70.98851733093069,71.81205657049182,71.19164403025877,70.30715285696563,68.67578185535238,66.78562161937303,66.1727545494104,64.67632908522046,63.696841247386395,63.46557737499037,63.45399047470143,63.05544271939289,60.35004246383454,59.02027683008152,58.53776289299553,58.15066520649621,57.97992309469472,57.190483517772904,56.767865520915045,56.52812007609394,56.46796599253583,56.32435665745189,56.233651133746434,55.977149035040625,55.36532375293678,63.696841247386395,60.35004246383454,58.955079375189676,66.39910964980508,#000000,2.0344134179063285,69.63568480030241,-0.4943364959406318,32.0134543825332,-12.944570238735459,False,True,False,True,False,0.0,0.0,0.0,0.0,0.0,0,1.016787360105332,0.9362244897959182,False,False,False,False,-0.27375569255911586,-0.2639979378713353,False,False,False,False,48561.0,63592.39535278378,False,False,False,False,1142.2386797422857,False,False,False,False
2025-07-30 18:00:00+00:00,68.595,68.72,67.71,67.71,1726.0,71.66571473194001,71.67899930511439,71.33660568625284,68.56061011853927,68.14130032177141,66.49908334897631,65.23331835405862,64.55119601975039,63.55495969846635,62.76085572189364,62.037222666775016,59.254488024686786,58.9820131578721,58.46513771938089,58.455551858866876,58.131263549029626,57.54154742359684,56.95867504781693,56.700523656074715,56.523153653176024,56.43221134791901,56.339177309484306,56.13798640515175,55.75567818101287,70.90146719812563,71.75225878080794,71.15132260963868,70.2839770594245,68.67106397661887,66.79292045458357,66.18282536178413,64.69195979381901,63.71520257182825,63.48453645491151,63.47297897687847,63.07535542221122,60.37472983537255,59.0471367782185,58.56511228128641,58.178350547017985,58.0077870326863,57.218962625719115,56.79659703650574,56.55694052918891,56.49680676357786,56.35323568873627,56.26254981860309,56.006068694412846,55.39437068729465,63.71520257182825,60.37472983537255,58.9820131578721,66.39299809976916,"rgba(239, 83, 80, 0.5)",2.097802797352253,69.60295344412857,-0.9023505195615983,28.811735176877253,-16.180968205306527,False,True,False,True,False,0.0,0.0,0.0,0.0,0.0,0,1.0048943633249037,0.9346602496125292,False,False,False,False,-0.301661925925792,-0.28282993189856365,False,False,False,False,46835.0,63332.59077367085,False,False,False,False,1151.2892428470566,False,False,False,False
2025-07-30 19:00:00+00:00,67.63,67.79,67.375,67.68,1889.0,71.55991143651221,71.61145549220758,71.2820304183001,68.5530435712682,68.13735457851615,66.50586427636256,65.24595438778802,64.56643417016623,63.573380385318686,62.781272993931616,62.05909280738605,59.282014154927985,59.00991314888123,58.49363637038155,58.48405935561463,58.16012618463395,57.571017381652936,56.988638798957034,56.73065321433948,56.55336725409134,56.462463191752335,56.36946310328011,56.16832266157708,55.78609978865453,70.79837454402545,71.68157894181519,71.1023887102327,70.25436130218456,68.66246695339143,66.79809515954895,66.191199796524,64.70672136019571,63.733136014080486,63.503160577135,63.49163708517149,63.09509073613795,60.40005770136522,59.074949448776806,58.59351020533593,58.20715578070793,58.03680242498072,57.24872469513931,56.82667447205687,56.587139042935036,56.52703342035754,56.38351860023831,56.29286337296967,56.036432015791874,55.42492921672658,63.733136014080486,60.40005770136522,59.00991314888123,66.38304310217974,"rgba(239, 83, 80, 0.5)",2.158276773408127,69.5620817290318,-0.8720298305670072,26.598075263902018,-18.39574839868257,False,True,False,True,False,0.0,0.0,0.0,0.0,0.0,0,0.9933338752946911,0.9517112429883745,False,False,False,False,-0.34282825441539394,-0.3128290931569788,False,False,False,False,44946.0,63047.527350823235,False,False,False,False,1162.7266189269471,False,False,False,False
2025-07-31 14:00:00+00:00,68.21,68.21,67.65,67.655,1421.0,71.48819704736331,71.56486483198495,71.24445637151014,68.548767239032,68.13567764078763,66.51192739287667,65.25625962096159,64.57863000337504,63.587887201619395,62.79722345781773,62.07608870920453,59.30315328417656,59.03132398177015,58.515479794947325,58.505909100373195,58.18223270622219,57.59356317442946,57.01153960185732,56.75367157687706,56.57644386482469,56.485566043353714,56.39258890976395,56.19148080754481,55.80931190426495,70.730136085875,71.63281515081162,71.06876231869346,70.23436121046885,68.65745085315412,66.80299763086882,66.19841326807882,64.71857306966727,63.747288020598305,63.51781521094417,63.50631646033907,63.11055188278535,60.419580265748536,59.09629684454489,58.615281295746904,58.22922052974467,58.05902024779738,57.27148106840795,56.84965633227882,56.610205246804504,56.550119131572586,56.40664264377746,56.316007964039585,56.059606895598726,55.44823564541936,63.747288020598305,60.419580265748536,59.03132398177015,66.37752776914971,"rgba(239, 83, 80, 0.5)",2.2163444296031702,69.53576705090485,-0.8485896983266253,25.04957993975804,-19.99035822336528,False,True,False,True,False,0.0,0.0,0.0,0.0,0.0,0,0.997728747566515,0.9486534717715769,False,False,False,False,-0.3142623313585673,-0.31354571225777306,False,False,False,False,43525.0,62744.852508174816,False,False,False,False,1166.730857393196,False,False,False,False
2025-07-31 15:00:00+00:00,67.7,68.055,67.67,67.935,1036.0,71.43830021307514,71.53204725200588,71.21795665996298,68.54589155801506,68.13466366637843,66.51647294281108,65.26386097799544,64.58759538832874,63.59852111364477,62.80889998250513,62.08852034540131,59.31858624767077,59.04695381707758,58.531423023973105,58.521856905462,58.198366583861244,57.61001544636043,57.02824917712501,56.770466309913864,56.593280744685345,56.502421901385894,56.409461356914605,56.20837655739567,55.82624651823782,70.68313509158213,71.59847904686069,71.04504028447384,70.2202772727097,68.65404564120715,66.80670832328,66.20378648516633,64.72729033149093,63.75766556641289,63.52855590887518,63.51707503668739,63.12187525888089,60.433841306418365,59.111880713012425,58.63117213668931,58.24532412303074,58.07523482593555,57.2880859784325,56.866424640197586,56.627034598203046,56.56696259863884,56.42351382418752,56.332893987651616,56.07651467900123,55.46523850804101,63.75766556641289,60.433841306418365,59.04695381707758,66.37396367607361,"rgba(239, 83, 80, 0.5)",2.2645958253636853,69.51771350216879,-0.6988944713410875,26.88706029964379,-19.99035822336528,False,True,False,True,False,0.0,0.0,0.0,0.0,0.0,0,0.9968382650993105,0.9509525739764894,False,False,False,False,-0.3197710804285566,-0.31665839634316484,False,False,False,False,44561.0,62462.93231424963,False,False,False,False,1164.7040223948518,False,False,False,False
2025-07-31 16:00:00+00:00,67.88,67.88,67.54,67.54,276.0,71.42438155639051,71.52284959031766,71.21047774703273,68.54485998397583,68.13414207525834,66.5174734959609,65.2656991463616,64.58980730890349,63.601191547696025,62.81185915496075,62.091690360952576,59.32257666223166,59.05099878130251,58.535555592031955,58.525990774213675,58.202552452263575,57.61429029933183,57.03259663157104,56.774838300636866,56.597665292085374,56.50681218682273,56.41385676657688,56.2127797401328,55.83066291809517,70.66985155356465,71.58886913902762,71.03831756986433,70.21618132238727,68.65286923021225,66.80747994192544,66.20501451877774,64.72943368534473,63.760265730624184,63.53125570343107,63.51977973526533,63.12473557642828,60.43751273509403,59.11591293210246,58.63528992385478,58.24950160587192,58.07944300204018,57.29240372338013,56.870788877682976,56.63141688686651,56.5713490925738,56.42790878264685,56.337293586701705,56.08092208511161,55.469675447123585,63.760265730624184,60.43751273509403,59.05099878130251,66.37274300287956,"rgba(239, 83, 80, 0.5)",2.3197798940328678,69.51244785869378,-0.850273710780693,26.594279633588602,-19.99035822336528,False,True,False,True,False,0.0,0.0,0.0,0.0,0.0,0,1.001710376282782,0.9499104088613778,False,False,False,False,-0.3322867996417498,-0.3244725979924573,False,False,False,False,44285.0,62181.10390627677,False,False,False,False,1150.9256654584974,False,False,False,False
2025-07-31 17:00:00+00:00,67.54,67.54,67.21,67.3,501.0,71.39736461297508,71.50496472527344,71.19583091630122,68.54235849069744,68.13260265598734,66.51880139933759,65.26860561940254,64.59341753276644,63.60566779556797,62.81688550376046,62.097122073403895,59.32954698891928,59.05807299713021,58.54279829714739,58.533236026958605,58.20989768000956,57.621806611560864,57.04025399520126,56.7825444067409,56.60539719846385,56.51455605130803,56.421611524317036,56.22055213427816,55.83846575368397,70.64363930783416,71.57020883308289,71.02509476649466,70.20790353046519,68.65009492944576,66.80837600413193,66.2067726013375,64.73291353024742,63.7646096719523,63.53578743039058,63.524320703102816,63.12957130031935,60.443887889715796,59.12296285694424,58.64250390902743,58.256830878105546,58.08683059327024,57.30000299364619,56.878479292610464,56.63914412055039,56.5790849664308,56.43566246531346,56.34505724207999,56.08870443656904,55.477520894240996,63.7646096719523,60.443887889715796,59.05807299713021,66.36985395251652,"rgba(239, 83, 80, 0.5)",2.376302984443749,69.50171769529857,-0.9265307116608924,25.597800246917007,-19.99035822336528,False,True,False,True,False,0.0,0.0,0.0,0.0,0.0,0,0.9901216425830675,0.958200669442403,False,False,False,False,-0.34282825441539394,-0.3336504262039256,False,False,False,False,43784.0,61895.87748912519,False,False,False,False,1140.849298552164,False,False,False,False
2025-07-31 18:00:00+00:00,67.3,67.46,67.18,67.42,122.0,71.39084517092378,71.50063619168074,71.19228411174409,68.54175262812775,68.13223029491212,66.51912541411674,65.26931328794296,64.5942963010327,63.606757170926805,62.81810869837481,62.098443905525954,59.33124322621186,59.059794526606545,58.54456085490711,58.534999205297105,58.21168520426608,57.62363580081427,57.042117544309185,56.78441983482855,56.60727891825183,56.51644068799111,56.423498819087634,56.22244373724786,55.840364794905675,70.63732523266485,71.56569322414249,71.02189209188596,70.20589735761232,68.64942286669896,66.80859509906016,66.20720114600952,64.73376059634522,63.7656668686932,63.536890299684984,63.525425819994666,63.130748115143696,60.44543929101427,59.12467847253305,58.64425947187137,58.25861451750461,58.08862843196807,57.3018523893748,56.88035089530725,56.64102470070077,56.580967653610884,56.43754949727067,56.34694670797296,56.09059847341573,55.47943032975568,63.7656668686932,60.44543929101427,59.059794526606545,66.36915977641883,"rgba(239, 83, 80, 0.5)",2.428156164739567,69.49913192536684,-0.8562595584085244,26.191968301099507,-19.99035822336528,False,True,False,True,False,0.0,0.0,0.0,0.0,0.0,0,0.994432162449848,0.9543109801031684,False,False,False,False,-0.34282825441539394,-0.33823934030965974,False,False,False,False,43906.0,61616.96465983642,False,False,False,False,1125.0531853963166,False,False,False,False
2025-07-31 19:00:00+00:00,67.5,67.77,67.22,67.33,1257.0,71.32629357631215,71.45747920735708,71.15693455146841,68.53599864553817,68.12883896649205,66.52279455116015,65.27687877435129,64.60360140524114,63.618203329207844,62.83091341445585,62.11224847600151,59.34886672176505,59.07767532535867,58.56285826729128,58.55330289691074,58.2302361677946,57.642610002157895,57.0614401203595,56.80386234841911,56.6267845570498,56.5359755169343,56.44306015278693,56.24204754251524,55.8600417495495,70.57533365724747,71.52067042291017,70.9899884146082,70.18601326851584,68.64299909011137,66.81119980046537,66.2119304523421,64.74274406448582,63.776785557807756,63.548473676837695,63.53703206804995,63.14308316994318,60.46158337097518,59.14249911485208,58.66248599575995,58.27712593945862,58.107284423811926,57.3210316376953,56.899754920879055,56.66051891956584,56.600483013291154,56.45710826130246,56.36652969498653,56.11022611975278,55.49921141534908,63.776785557807756,60.46158337097518,59.07767532535867,66.36267554534604,"rgba(239, 83, 80, 0.5)",2.478973547024909,69.47390193049195,-0.8648345332546655,26.222743697274936,-19.99035822336528,False,True,False,True,False,0.0,0.0,0.0,0.0,0.0,0,0.9877770534550191,0.9534713168187742,False,False,False,False,-0.32878874566385313,-0.33351404298675646,False,False,False,False,42649.0,61322.887688366085,False,False,False,False,1127.0988724444355,False,False,False,False
2025-08-01 14:00:00+00:00,66.69,67.41,66.65,67.135,814.0,71.28167901425117,71.42745461924953,71.13212238593978,68.5310404968944,68.12547455871116,66.52418994669517,65.28090545049129,64.60880237103872,63.62485543635034,62.838496057841304,62.120523410351815,59.35971137869567,59.08869637738518,58.574168242321186,58.56461731786095,58.24172201832024,57.654389310124294,57.073463913892624,56.81597243084151,56.63894171033016,56.548154753107845,56.45525983875338,56.25428203020197,55.8723369640434,70.53180607602395,71.48940390804596,70.96747932224882,70.17155097231074,68.63759009094368,66.81187599624252,66.21404443409372,64.74772538458222,63.78321649271517,63.55521885775777,63.54379271162672,63.15033959014759,60.471438493882346,59.153478889465816,58.67374622993134,58.288584705475856,58.11884205198267,57.33295410794307,56.91183675441058,56.672667497682205,56.61264735507502,56.469305752926196,56.37874607273904,56.12248079220586,55.511585063295016,63.78321649271517,60.471438493882346,59.08869637738518,66.35722949828526,"rgba(239, 83, 80, 0.5)",2.530221971532862,69.45554492147565,-0.9171309662091855,25.464393677529905,-20.912937673164265,False,True,False,True,False,0.0,0.0,0.0,0.0,0.0,0,0.9773993058358216,0.9597223343288398,False,False,False,False,-0.34282825441539394,-0.33817114870107523,False,False,False,False,41835.0,61020.749894748005,False,False,False,False,1122.2446263600257,False,False,False,False
2025-08-01 15:00:00+00:00,67.135,67.2,66.9,67.195,363.0,71.26223803305552,71.41429850925365,71.12124414645317,68.5288902188429,68.12402801001993,66.5248481164162,65.28272872994593,64.61114602108427,63.62784230907112,62.84189535730668,62.12422949286449,59.364558566393306,59.09362186936718,58.579221946566705,58.56967299359414,58.24685377795437,57.6596513274698,57.07883441928192,56.82138119617497,56.64437132205204,56.55359414036371,56.460708272986125,56.25974583211305,55.87782757307386,70.51292455069262,71.47570575125539,70.95760953739554,70.16521343316647,68.63524078216362,66.81221593992534,66.215020577258,64.74997175594889,63.7861052857736,63.5582469967407,63.54682770773548,63.153594391829984,60.475846038321656,59.15838605792894,58.67877786991649,58.293704438360784,58.124005687638686,57.338279662133054,56.91723300278982,56.678093312516204,56.61808015137158,56.47475321941434,56.38420189179061,56.12795349892427,55.51711040507887,63.7861052857736,60.475846038321656,59.09362186936718,66.35489881035659,"rgba(239, 83, 80, 0.5)",2.5772247067711462,69.44758650969047,-0.8740357423131363,25.71563521706996,-20.969165257868955,False,True,False,True,False,0.0,0.0,0.0,0.0,0.0,0,0.9840949459066684,0.9626998223801061,False,False,False,False,-0.341266489675551,-0.33971881918831315,False,False,False,False,42198.0,60728.92431498447,False,False,False,False,1110.473391842816,False,False,False,False
2025-08-01 16:00:00+00:00,67.175,67.175,67.04,67.04,417.0,71.24005603096985,71.39923725302073,71.10877866816762,68.52640506851577,68.12234975662031,66.5255848003936,65.28480338272801,64.61381846937398,63.631254018214584,62.84578143657119,62.12846869434954,59.370109747399034,59.09926319549421,58.58501097609735,58.57546429701434,58.25273273589425,57.66568036289425,57.08498854494217,56.82757950036207,56.65059374490844,56.55982788209312,56.46695250088794,56.266007926577224,55.88412085465483,70.49140519776397,71.46002734486497,70.94629452774662,70.15793379202464,68.63252748828626,66.81258730733947,66.21612238896029,64.75253238345938,63.78940427542278,63.56170614292995,63.55029473529201,63.157314146096475,60.48089184059558,59.164006288345675,58.68454146360708,58.299569549703136,58.12992134065989,57.34438193522746,56.92341683779334,56.68431134080986,56.62430625709966,56.4809963200122,56.390454678999724,56.13422596265609,55.523443898105164,63.78940427542278,60.48089184059558,59.09926319549421,66.35222755588427,"rgba(239, 83, 80, 0.5)",2.625817140941101,69.43849392956912,-0.9134276306496673,25.185421668421903,-21.775745672171286,False,True,False,True,False,0.0,0.0,0.0,0.0,0.0,0,0.9844580777096111,0.9720245398773005,False,False,False,False,-0.33678530128673706,-0.3382520602375251,False,False,False,False,41781.0,60435.1580465351,False,False,False,False,1099.7218663878884,False,False,False,False
2025-08-01 17:00:00+00:00,67.04,67.04,66.695,66.695,564.0,71.20846558438275,71.37774467390189,71.09089694609567,68.52241875442671,68.11948903764741,66.52608980978347,65.2871743114967,64.61702261651004,63.63549115418278,62.850685893428384,62.133873302861765,59.377337956224046,59.10661821785724,58.59257530668114,58.58303189149197,58.26042451441941,57.6735847697956,57.093071510535786,56.835726481194236,56.65877640128527,56.5680274149992,56.47516783509279,56.27425101534455,55.89241269311576,70.46041083246259,71.4376775406781,70.93001308589932,70.14726628174995,68.62822333278899,66.81258255205024,66.21713792448276,64.75557948313963,63.79348428459209,63.566009590163034,63.55460917595393,63.16198252778022,60.48742046538051,59.17133161709035,58.692069485511496,58.30724186168929,58.13766463207915,57.35239055286861,56.93154260708973,56.69248747165884,56.632494335542134,56.48920986884961,56.39868290481374,56.14248540923642,55.53179554595759,63.79348428459209,60.48742046538051,59.10661821785724,66.34796348472251,"rgba(239, 83, 80, 1.0)",2.6792557676472253,69.4251201933399,-1.0189845352977782,23.492174266702804,-23.598096434113483,False,True,False,True,False,0.0,0.0,0.0,0.0,0.0,0,0.9746388706500323,0.9812869336835192,False,False,False,False,-0.34282825441539394,-0.3405401573264595,False,False,False,False,41217.0,60137.20210782913,False,False,False,False,1091.4161010175337,False,False,False,False
2025-08-01 18:00:00+00:00,66.695,66.995,66.57,66.95,567.0,71.17735968314942,71.35647251424288,71.07318743129662,68.51849585680188,68.11668760115336,66.52664618720637,65.28959464256718,64.6202758928871,63.63977737443924,62.855639416764156,62.13932694076996,59.38461811602679,59.11402537661947,58.60019203324716,58.59065188442268,58.26816886109819,57.68154205931861,57.10120759300079,56.8439266313974,56.667012230011565,56.57628011717374,56.48343632983837,56.282547219725316,55.900757561089534,70.43001105239529,71.41556062058105,70.91388540920812,70.1367008024778,68.62398383629093,66.8126300441721,66.2182039912427,64.75867582871862,63.797613323001336,63.57036213593069,63.55897271933278,63.166700086151344,60.49399960596661,59.17870903874259,58.699649867804936,58.31496670808188,58.145460585229614,57.360452200197315,56.93972153746771,56.70071677514725,56.64073558788738,56.497476582388174,56.40696428454844,56.150797936767084,55.54020022960296,63.797613323001336,60.49399960596661,59.11402537661947,66.34381524451096,"rgba(239, 83, 80, 0.5)",2.7210726587904412,69.41199844758475,-0.9047896753624888,25.603803943786897,-23.598096434113483,False,True,False,True,True,0.0,0.0,0.0,0.0,0.0,0,0.9699835526315784,0.984457236842105,False,False,False,False,-0.34282825441539394,-0.34168420587092674,False,False,False,False,41784.0,59852.6563387155,False,False,False,False,1083.2856188312153,False,False,False,False
2025-08-01 19:00:00+00:00,66.95,66.95,66.51,66.51,3181.0,71.00376812731369,71.23607918535637,70.97235811072672,68.49447853809802,68.09899371512459,66.52793309810218,65.30145793549462,64.63687174415782,63.66225914238704,62.881945906391394,62.16851629760987,59.424210401102215,59.154348290688034,58.6417274547398,58.63220638568483,58.31044292443609,57.72504868039477,57.14575522039384,56.88885148308706,56.71215027126026,56.62151954947332,56.52877135225502,56.328053390569885,55.946565563725514,70.26032844204438,71.2905478892082,70.82178156229028,70.07545808530098,68.59818441792235,66.8110328273479,66.22238525931013,64.77437508180064,63.81920043120499,63.593222213684406,63.581895434035324,63.191645279027966,60.52960908209081,59.218860790261196,58.74097385122585,58.35712857049787,58.18803126980203,57.40456496746999,56.9845204000982,56.74581571923392,56.68590593255786,56.54280046796915,56.452377276907974,56.19640593355427,55.58636723559202,63.81920043120499,60.52960908209081,59.154348290688034,66.31914152828533,"rgba(239, 83, 80, 1.0)",2.764150362268252,69.33734091118737,-1.0228607494663413,25.11188682716422,-23.598096434113483,False,True,False,True,True,0.0,0.0,0.0,0.0,0.0,0,0.9604016982364464,0.9852220770738077,False,False,False,False,-0.34282825441539394,-0.3422562301431603,False,False,False,False,38603.0,59523.20430245634,False,False,False,False,1115.8083224152274,False,False,False,False
