date,Close,High,Low,Open,Volume,aVWAP_peak_187,aVWAP_peak_180,aVWAP_peak_159,aVWAP_peak_151,aVWAP_peak_144,aVWAP_peak_133,aVWAP_peak_125,aVWAP_peak_119,aVWAP_peak_94,aVWAP_peak_89,aVWAP_peak_84,aVWAP_peak_68,aVWAP_peak_44,aVWAP_peak_35,aVWAP_peak_23,aVWAP_peak_10,aVWAP_valley_190,aVWAP_valley_171,aVWAP_valley_166,aVWAP_valley_156,aVWAP_valley_148,aVWAP_valley_141,aVWAP_valley_136,aVWAP_valley_129,aVWAP_valley_122,aVWAP_valley_110,aVWAP_valley_102,aVWAP_valley_92,aVWAP_valley_74,aVWAP_valley_63,aVWAP_valley_39,aVWAP_valley_27,aVWAP_valley_19,aVWAP_OB_bear_151,aVWAP_OB_bear_119,aVWAP_OB_bear_89,aVWAP_OB_bear_35,Peaks_Valleys_avg,color,StDev,StDev_Mean,StdDev_ZScore,QQEMOD,QQE1_Value,QQE1_Above_Upper,QQE1_Below_Lower,QQE2_Above_Threshold,QQE2_Below_Threshold,QQE2_Above_TL,banker_RSI,OB,OB_High,OB_Low,OB_Mitigated_Index,TTM_squeeze_Active,VI_plus,VI_minus,VI_Regular_Bullish,VI_Regular_Bearish,VI_Hidden_Bullish,VI_Hidden_Bearish,Fisher,Fisher_Signal,Fisher_Regular_Bullish,Fisher_Regular_Bearish,Fisher_Hidden_Bullish,Fisher_Hidden_Bearish,OBV,OBV_Smoothed,OBV_Regular_Bullish,OBV_Regular_Bearish,OBV_Hidden_Bullish,OBV_Hidden_Bearish,Volume_MA,Vol_Regular_Bullish,Vol_Regular_Bearish,Vol_Hidden_Bullish,Vol_Hidden_Bearish
2021-12-31 00:00:00+00:00,11.34260241,12.5498372971,11.1263812361,11.5227867215,9721446,,,,,,,,,,,,,,,,,,,,,,,,,,,,,,,,,,,,,,,#000000,,,,,,False,False,False,False,False,,0.0,0.0,0.0,0.0,0,,,False,False,False,False,,,False,False,False,False,0,0.0,False,False,False,False,9721446.0,False,False,False,False
2022-01-07 00:00:00+00:00,12.5858741594,12.7480400398,11.2750332931,11.4417037813,12916571,,,,,,,,,,,,,,,,,,,,,,,,,,,,,,,,,,,,,,,#000000,,,,100.0,,False,False,True,False,False,,0.0,0.0,0.0,0.0,0,,,False,False,False,False,,,False,False,False,False,12916571,956783.037037037,False,False,False,False,9958121.925925925,False,False,False,False
2022-01-14 00:00:00+00:00,14.2705974721,14.3471758045,12.3336161233,12.4597451414,13010342,,,,,,,,,,,,,,,,,,,,,,,,,,,,,,,,,,,,,,,#000000,,,,100.0,50.0,False,False,True,False,True,,0.0,0.0,0.0,0.0,0,,,False,False,False,False,,,False,False,False,False,25926913,2806422.2935528117,False,False,False,False,10184212.301783264,False,False,False,False
2022-01-21 00:00:00+00:00,12.8741690578,14.6579937419,12.7660584709,14.4868186459,10255565,,,,,,,,,,,,,,,,,,,,,,,,,,,,,,,,,,,,,,,#000000,,,,90.15318676727115,40.69168436593601,False,False,True,False,False,,0.0,0.0,0.0,0.0,0,,,False,False,False,False,,,False,False,False,False,15671348,3759379.753289641,False,False,False,False,10189497.686836354,False,False,False,False
2022-01-28 00:00:00+00:00,14.018339436,14.4958278615,12.1083857339,12.36064377,10581814,,,,,,,,,,,,,,,,,,,,,,,,,,,,,,,,,,,,,,,#000000,,,,85.40692620461911,36.608858126802645,False,False,True,False,False,,0.0,0.0,0.0,0.0,0,,,False,False,False,False,,,False,False,False,False,26253162,5425585.845638556,False,False,False,False,10218558.154478107,False,False,False,False
2022-02-04 00:00:00+00:00,14.8652057001,15.2976480477,13.7480629687,14.081403945,10945233,,,,,,,,,,,,,,,,,,,,,,,,,,,,,,,,,,,,,,,#000000,,,,83.19263101238617,35.00481892055481,False,False,True,False,False,,0.0,0.0,0.0,0.0,0,,,False,False,False,False,,,False,False,False,False,37198395,7779127.264480144,False,False,False,False,10272385.920813061,False,False,False,False
2022-02-11 00:00:00+00:00,15.8111733356,15.8832470602,13.635447774,14.8201596222,10850388,,,,,,,,,,,,,,,,,,,,,,,,,,,,,,,,,,,,,,,#000000,,,,82.61288698500087,34.89569144787187,False,False,True,False,False,,0.0,0.0,0.0,0.0,0,,,False,False,False,False,,,False,False,False,False,48048783,10762064.726370502,False,False,False,False,10315200.889641723,False,False,False,False
2022-02-18 00:00:00+00:00,15.3246756945,16.3768619816,14.7120490353,15.5228784371,10168596,,,,,,,,,,,,,,,,,,,,,,,,,,,,,,,,,,,,,,,#000000,,,,80.352979333116,33.084019475661066,False,False,True,False,False,,0.0,0.0,0.0,0.0,0,,,False,False,False,False,,,False,False,False,False,37880187,12770814.524417132,False,False,False,False,10304341.268186782,False,False,False,False
2022-02-25 00:00:00+00:00,16.3156894078,16.3292032312,14.9012425624,16.0003668627,9349370,,,,,,,,,,,,,,,,,,,,,,,,,,,,,,,,,,,,,,,#000000,,,,79.8085215070549,32.869844626985895,False,False,True,False,False,,0.0,0.0,0.0,0.0,0,,,False,False,False,False,,,False,False,False,False,47229557,15323313.9670529,False,False,False,False,10233602.6557285,False,False,False,False
2022-03-04 00:00:00+00:00,17.7481546844,17.9283389959,16.3156894078,16.3156894078,12677150,,,,,,,,,,,,,,,,,,,,,,,,,,,,,,,,,,,,,,,#000000,,,,80.56793263092709,32.869844626985895,False,False,True,False,False,,0.0,0.0,0.0,0.0,0,,,False,False,False,False,,,False,False,False,False,59906707,18625787.525048982,False,False,False,False,10414606.162711574,False,False,False,False
2022-03-11 00:00:00+00:00,20.2256889677,21.5590528729,18.1445601697,18.180597032,21458696,,,,,,,,,,,,,,,,19.97643400343333,,,,,,,,,,,,,,,,,,,,,,19.97643400343333,#000000,,19.97643400343333,,82.39691006342755,32.869844626985895,False,False,True,False,True,,0.0,0.0,0.0,0.0,0,,,False,False,False,False,,,False,False,False,False,81365403,23273166.449119426,False,False,False,False,11232686.891399605,False,False,False,False
2022-03-18 00:00:00+00:00,17.9553666426,19.6310807397,16.7163292245,19.5499977995,15117688,,,,,,,,,,,,,,,,19.201252075715644,,,,,,,,,,,,,,,,,,,,,,19.201252075715644,#000000,,19.201252075715644,,78.69956634721699,32.57292610962274,False,False,True,False,False,,0.0,0.0,0.0,0.0,0,,,False,False,False,False,,,False,False,False,False,66247715,26456466.341777246,False,False,False,False,11520464.751295932,False,False,False,False
2022-03-25 00:00:00+00:00,21.1176013097,21.3608501303,18.5319564395,18.8022329067,12766054,,,,,,,,,,,,,,,,19.49504582078845,,,,,,,,,,,,,,,,,,,,,,19.49504582078845,#000000,,19.49504582078845,,78.07514696348376,32.1735264341211,False,False,True,False,False,,0.0,0.0,0.0,0.0,0,,,False,False,False,False,,,False,False,False,False,79013769,30349599.872015968,False,False,False,False,11612730.621570306,False,False,False,False
2022-04-01 00:00:00+00:00,19.5037795503,20.6040760219,18.0184311516,20.4148824948,14625385,,,,,,,,,,,,,,,,19.467697017578164,,,,,,,,,,,,,,,,,,,,,,19.467697017578164,#000000,,19.467697017578164,,75.17681618489536,29.541941654872858,False,False,True,False,False,,0.0,0.0,0.0,0.0,0,,,False,False,False,False,,,False,False,False,False,64388384,32870991.288903672,False,False,False,False,11835890.20515769,False,False,False,False
2022-04-08 00:00:00+00:00,19.3593071092,20.7227657722,18.0861437219,19.9552559288,9227189,,,,,,,,,,,,,,,,19.457827351704378,,,,,,,,,,,,,,,,,,,,,,19.457827351704378,#000000,,19.457827351704378,,72.8999715661499,27.525634296491447,False,False,True,False,False,,0.0,0.0,0.0,0.0,0,,,False,False,False,False,,,False,False,False,False,55161195,34522117.48972562,False,False,False,False,11642653.078849712,False,False,False,False
2022-04-15 00:00:00+00:00,19.6753405742,19.8739901807,18.0680846668,18.5917972658,8914825,,,,,,,,,,,,,,,,19.430464809157794,,,,,,,,,,,,,,,,,,,,,,19.430464809157794,#000000,,19.430464809157794,,71.5017189419531,26.331046472485056,False,False,True,False,False,,0.0,0.0,0.0,0.0,0,,,False,False,False,False,,,False,False,False,False,64076020,36711295.45344965,False,False,False,False,11440591.73967566,False,False,False,False
2022-04-22 00:00:00+00:00,18.1312913598,21.2825964815,17.9145826981,19.9552559288,14004081,,,,,,,,,,,,,,,,19.38369786008314,,,,,,,,,,,,,,,,,,,,,,19.38369786008314,#000000,,19.38369786008314,,68.30692346068038,23.391438989075652,False,False,True,False,False,,0.0,0.0,0.0,0.0,0,,,False,False,False,False,,,False,False,False,False,50071939,37700972.753194116,False,False,False,False,11630479.83303302,False,False,False,False
2022-04-29 00:00:00+00:00,17.5895197056,18.8355945102,16.3253858458,17.1651319098,12532520,,,,,,,,,,,,,,,,19.176042497943104,,,,,,,,,,,,,,,,,,,,,,19.176042497943104,#000000,,19.176042497943104,,65.32250034480477,20.686159268082406,False,False,True,False,False,,0.0,0.0,0.0,0.0,0,,,False,False,False,False,,,False,False,False,False,37539419,37689005.80851307,False,False,False,False,11697297.623178722,False,False,False,False
2022-05-06 00:00:00+00:00,19.2328937232,20.0726397872,16.8310393897,17.2915452958,10984731,,,,,,,,,,,,,,,,19.133450886265017,,,,,,,,,,,,,,,,,,,,,,19.133450886265017,#000000,,19.133450886265017,,64.59901809435395,20.13215444423372,False,False,True,False,False,,0.0,0.0,0.0,0.0,0,,,False,False,False,False,,,False,False,False,False,48524150,38491609.08195655,False,False,False,False,11644514.91035067,False,False,False,False
2022-05-13 00:00:00+00:00,17.2644567131,18.6008267934,15.7294370262,18.5195610453,16343865,,,,,,,,,,,,,,,,18.90084331383727,,,,,,,,,,,,,,,,,17.198240177566664,,,,,18.049541745701966,#000000,,18.049541745701966,,61.74071139131976,17.4734622882971,False,False,True,False,False,,0.0,0.0,0.0,0.0,0,,,False,False,False,False,,,False,False,False,False,32180285,38024103.59440421,False,False,False,False,11992614.91699136,False,False,False,False
2022-05-20 00:00:00+00:00,17.4450472645,18.9620078962,16.9217861418,17.3276634061,10573383,,,,,,,,,,,,,,,,18.81970675652911,,,,,,,,,,,,,,,,,17.42530057476812,,,,,18.122503665648615,#000000,,18.122503665648615,,59.86339203007637,15.762064484478017,False,False,True,False,False,,0.0,0.0,0.0,0.0,0,,,False,False,False,False,,,False,False,False,False,42753668,38374441.698522426,False,False,False,False,11887486.626843853,False,False,False,False
2022-05-27 00:00:00+00:00,19.8107834877,20.0455512045,17.3908700991,17.6256378159,10775001,,,,,,,,,,,,,,,,18.837698592746694,,,,,,,,,,,,,,,,,17.899012429232602,,,,,18.368355510989648,#000000,,18.368355510989648,,60.45594035604158,15.762064484478017,False,False,True,False,False,,0.0,0.0,0.0,0.0,1,,,False,False,False,False,,,False,False,False,False,53528669,39496977.05418743,False,False,False,False,11805080.28411468,False,False,False,False
2022-06-03 00:00:00+00:00,20.497027583,21.020740182,19.2554675422,20.5060571106,9197165,,,,,,,,,,,,,,,,18.91612975015476,,,,,,,,,,,,,,,,,18.361668106396998,,,,,18.63889892827588,#000000,,18.63889892827588,,61.366535327003206,15.762064484478017,False,False,True,False,False,,0.0,0.0,0.0,0.0,1,,,False,False,False,False,,,False,False,False,False,62725834,41217633.124247625,False,False,False,False,11611901.37418026,False,False,False,False
2022-06-10 00:00:00+00:00,20.9846220718,22.9432168969,20.4518799451,20.7769429377,15995222,,,,,,,,,,,,,,,21.4599063046,19.13905987232553,,,,,,,,,,,,,,,,,19.149730357232592,,,,,19.91623217805271,#000000,,19.91623217805271,,62.359649393407494,15.762064484478017,False,False,True,False,False,,0.0,0.0,0.0,0.0,1,,,False,False,False,False,,,False,False,False,False,78721056,43995664.44837743,False,False,False,False,11936591.790907647,False,False,False,False
2022-06-17 00:00:00+00:00,16.9213346654,20.7588838825,16.7226850589,19.7024291569,19226465,,,,,,,,,,,,,,,19.644557990822943,19.043304246083526,,,,,,,,,,,,,,,,,18.911965756951176,,,,,19.199942664619215,#000000,,19.199942664619215,,58.85366143467739,14.868605505563394,False,False,True,False,False,,0.0,0.0,0.0,0.0,1,,,False,False,False,False,,,False,False,False,False,59494591,45143733.081830956,False,False,False,False,12476582.398988564,False,False,False,False
2022-06-24 00:00:00+00:00,16.1267362393,18.5060167539,15.0935776948,17.7610807294,14763514,,,,,,,,,,,,,,,18.73807141237171,18.87502100174455,,,,,,,,,,,,,,,,,18.555884051474152,,,,,18.722992155196803,#000000,,18.722992155196803,,55.69817291052074,11.848169686498544,False,False,True,False,False,,0.0,0.0,0.0,0.0,1,,,False,False,False,False,0.0021399929374116594,0.0021399929374116594,False,False,False,False,44731077,45113165.96465829,False,False,False,False,12645984.739804227,False,False,False,False
2022-07-01 00:00:00+00:00,17.5763486703,19.5041356254,16.4879173421,16.7226850589,15424762,,,,,,,,,,,,,,,18.53009580860914,18.807258942627566,,,,,,,,,,,,,,,,,18.45977060762344,,,,,18.599041786286715,#000000,,18.599041786286715,,54.662220777465514,10.876177213431035,False,False,True,False,False,,0.0,0.0,0.0,0.0,1,1.0306929189306973,0.8537586708053829,False,False,False,False,0.07793756292190587,0.040038777929658764,False,False,False,False,60155839,46227438.04135027,False,False,False,False,12851820.09241132,False,False,False,False
2022-07-08 00:00:00+00:00,18.1827417501,18.8615399737,15.0240673495,17.8388173168,13693167,,,,,,,,,,,,,,,18.326873803677675,18.72635984085675,,,,,,,,,,,,,,,,17.356116357766666,18.339822859338046,,,,,18.18729321540978,#000000,,18.18729321540978,,54.40584936973643,10.58570216242827,False,False,True,False,False,,0.0,0.0,0.0,0.0,1,1.0064567375416262,0.8708250940160885,False,False,False,False,-0.04381795611137207,-0.0018895890908566526,False,False,False,False,73849006,48273480.11236136,False,False,False,False,12914142.085566036,False,False,False,False
2022-07-15 00:00:00+00:00,18.2008430361,18.218944322,15.8476758608,17.766412173,12107065,,,,,,,,,,,,,,,18.206827345466735,18.66510963083644,,,,,,,,,,,,,,,,17.3872619162407,18.259400937788307,,,,,18.129649957583048,#000000,,18.129649957583048,,54.237630660080924,10.304012111689822,False,False,True,False,False,,0.0,0.0,0.0,0.0,1,1.0030613854732324,0.9035637449355776,False,False,False,False,-0.03669130984032882,-0.019290449465592736,False,False,False,False,85956071,51064783.141075335,False,False,False,False,12854358.59774633,False,False,False,False
2022-07-22 00:00:00+00:00,19.8028068438,21.0925234687,18.6624258281,18.6624258281,15132276,,,,,,,,,,,,,,,18.441014726826353,18.73096395050068,,,,,,,,,,,,,,,,18.298663560281376,18.41673442423259,,,,,18.47184416546025,#000000,,18.47184416546025,,55.39265518276349,10.304012111689822,False,False,True,False,False,,0.0,0.0,0.0,0.0,1,1.0301146822039182,0.8747709314133221,False,False,False,False,0.18914017127301486,0.08492486090371106,False,False,False,False,101088347,54770232.315810494,False,False,False,False,13023093.220135491,False,False,False,False
2022-07-29 00:00:00+00:00,23.4049627505,23.5497730382,19.8752119877,20.1195793482,10609297,,,,,,,,,,,,,,,18.788964882938266,18.863665529231664,,,,,,,,,,,,,,,,19.117486877340927,18.666677584888205,,,,,18.859198718599767,#000000,,18.859198718599767,,58.46881882128406,10.304012111689822,False,False,True,False,True,,0.0,0.0,0.0,0.0,1,1.0544365249524477,0.8398675260773364,False,False,False,False,0.34282824411365537,0.2138765525086832,False,False,False,False,111697644,58987077.62575045,False,False,False,False,12844293.500125457,False,False,False,False
2022-08-05 00:00:00+00:00,20.7802762858,22.9343293155,19.3774266237,22.671860669,10306479,,,,,,,,,,,,,,,18.97051824872541,18.93968959953214,,,,,,,,,,,,,,,,19.436303451632174,18.806584801536616,,,,,19.038274025356586,#000000,,19.038274025356586,,58.237225768720805,10.304012111689822,False,False,True,False,True,,0.0,0.0,0.0,0.0,1,1.0177273701626472,0.8578465437167776,False,False,False,False,0.28460912425502494,0.24924283838185407,False,False,False,False,101391165,62128121.13495412,False,False,False,False,12656307.240856903,False,False,False,False
2022-08-12 00:00:00+00:00,23.0429370313,24.2254035368,20.481514561,20.7531243569,13663634,,,,,,,,,,,,,,,19.320808231050982,19.101621539370058,,,,,,,,,,,,,,,,20.00573945337223,19.08134702937559,,,,,19.377379063292214,#000000,,19.377379063292214,,59.35525025584377,10.304012111689822,False,False,True,False,True,,0.0,0.0,0.0,0.0,1,1.0333428101871494,0.8513808883614807,False,False,False,False,0.3428282435377728,0.29603554095981344,False,False,False,False,115054799,66048615.79162418,False,False,False,False,12730924.037830466,False,False,False,False
2022-08-19 00:00:00+00:00,23.0881902462,23.4140133935,21.1686393762,21.7215431559,11484038,,,,,,,,,,,,,,,19.564656688884003,19.226042358462514,,,,,,,,,,,,,,,,20.342515706836828,19.28162231556275,,,,,19.603709267436525,#000000,,19.603709267436525,,60.178368114724776,10.304012111689822,False,False,True,False,True,,0.0,0.0,0.0,0.0,1,1.0280193681009737,0.8694968936715652,False,False,False,False,0.3360139588950396,0.3160247499274265,False,False,False,False,126538837,70529372.91817054,False,False,False,False,12638562.109102285,False,False,False,False
2022-08-26 00:00:00+00:00,26.4188268634,27.115726373,22.5813542392,22.8166709567,15092917,,,,,,,,,,,,,,,20.08793963932482,19.503750652666643,,,,,,,,,,,,,,,,21.086074933921438,19.71038228446108,,,,,20.097036877593492,#000000,,20.097036877593492,,62.403387985812074,6.843981461513593,False,False,True,False,True,,0.0,0.0,0.0,0.0,1,1.0422422401311457,0.8276476179014906,False,False,False,False,0.34282824521324157,0.32942649757033404,False,False,False,False,141631754,75796215.96126902,False,False,False,False,12820366.175094709,False,False,False,False
2022-09-02 00:00:00+00:00,24.0385077592,27.3057898756,22.9433799585,26.3011685046,15274022,,,,,,,,,,,,,,24.76255919776667,20.478589776104272,19.73370961548509,,,,,,,,,,,,,,,,21.564545591352186,20.046384626725295,,,,24.76255919776667,21.317157761486705,#000000,,21.713019797987105,,61.9714310595148,6.843981461513593,False,False,True,False,True,,-1.0,27.30579,22.94338,0.0,1,1.0281042265937739,0.850429065650319,False,False,False,False,0.3428282455183789,0.33612737154435646,False,False,False,False,126357732,79541513.44561946,False,False,False,False,13002118.458421027,False,False,False,False
2022-09-09 00:00:00+00:00,22.3188855927,24.5237127295,20.8345801437,24.4367360504,12324152,,,,,,,,,,,,,,23.778571440195645,20.610011702911883,19.829999292657572,,,,,,,,,,,,,,,,21.659054185076315,20.17435290863492,,,,23.778571440195645,21.210397905895267,#000000,,21.55549755920469,,60.36572201333276,6.843981461513593,False,False,True,False,True,,0.0,0.0,0.0,0.0,1,0.9852385369070229,0.9274712838742294,False,False,False,False,0.13697267467778057,0.2365500231110685,False,False,False,False,114033580,82096481.33853655,False,False,False,False,12951898.72076021,False,False,False,False
2022-09-16 00:00:00+00:00,20.9341372165,23.6221781821,20.4997063534,22.7080632409,13817613,,,,,,,,,,,,,,23.080203595813742,20.681133954256627,19.898283746371508,,,,,,,,,,,,,,,,21.661585219869824,20.255971022214435,,,,23.080203595813742,21.115435507705225,#000000,,21.419723448038656,,58.245659914607494,6.843981461513593,False,False,True,False,False,,0.0,0.0,0.0,0.0,1,1.0057172912943266,0.9218728610775276,False,False,False,False,0.08733176600200546,0.16194089455653699,False,False,False,False,100215967,83438665.4616079,False,False,False,False,13016025.7044076,False,False,False,False
2022-09-23 00:00:00+00:00,17.766412173,21.1332513621,17.517519491,19.9747690605,13269521,,,,,,,,,,,,,,22.042991773026404,20.569128918464056,19.860986294807777,,,,,,,,,,,,,,,,21.419862626148902,20.184451417355653,,,,22.042991773026404,20.815484205960555,#000000,,21.05410868374875,,54.77951533389481,10.20376082387196,False,False,True,False,False,,0.0,0.0,0.0,0.0,1,0.9544472309436886,0.9802982191530772,False,False,False,False,-0.13050395408358534,0.015718470236475823,False,False,False,False,86946446,83698501.05704436,False,False,False,False,13034803.133710742,False,False,False,False
2022-09-30 00:00:00+00:00,19.4386059492,19.7743801883,16.5626766564,17.5763486703,18588495,,,,,,,,,,,,,,21.16749698394637,20.416478930689244,19.803065775863473,,,,,,,,,,,,,,,18.591887597966668,21.12009644516584,20.081541199323198,,,,21.16749698394637,20.196761155492467,#000000,,20.323989989442033,,53.350817912285876,8.832336766990537,False,False,False,False,False,,0.0,0.0,0.0,0.0,1,0.9553849633113578,0.9938528645983412,False,False,False,False,-0.22521739776297794,-0.10474946376325106,False,False,False,False,105534941,85316015.12689291,False,False,False,False,13446187.716398835,False,False,False,False
2022-10-07 00:00:00+00:00,20.3551788721,21.7890256228,20.2644290777,20.6728031523,15443089,,,,,,,,,,,,,,21.104027158827847,20.43976865245354,19.839590168395496,,,,,,,,,,,,,,,19.59520614336911,21.094421985689927,20.118293021275797,,,,21.104027158827847,20.365217855001955,#000000,,20.558355985085107,,52.8814330664264,8.346822592653737,False,False,False,False,False,,0.0,0.0,0.0,0.0,1,0.9893999195538744,0.9726387150582924,False,False,False,False,0.005116560836678202,-0.04981645146328643,False,False,False,False,120978030,87957645.85823417,False,False,False,False,13594106.329998922,False,False,False,False
2022-10-14 00:00:00+00:00,18.703532615,20.5911283374,18.204408746,20.2009042217,13048760,,,,,,,,,,,,,,20.85557202660771,20.37805814313643,19.819431461077468,,,,,,,,,,,,,,,19.47634645089424,20.971006216900427,20.079003326415716,,,,20.85557202660771,20.263236270838664,#000000,,20.4202457093847,,51.526252114786644,6.9680073708440275,False,False,False,False,False,,0.0,0.0,0.0,0.0,1,0.964802128234518,0.9770490235072464,False,False,False,False,-0.12467138596715212,-0.08724391871521928,False,False,False,False,107929270,89437025.4242909,False,False,False,False,13553710.305554558,False,False,False,False
2022-10-21 00:00:00+00:00,20.4459286664,20.6637281729,18.3859083347,19.1391316278,10705275,,,,,,,,,,,,,,20.7581319862041,20.357172836917723,19.819729335427354,,,,,,,,,,,,,,,19.542207429279436,20.914169258520538,20.070908739005173,,,,20.7581319862041,20.243719930892386,#000000,,20.392920377730448,,51.63080075500249,6.9680073708440275,False,False,False,False,False,,0.0,0.0,0.0,0.0,1,0.9684340158447267,0.9931005592566362,False,False,False,False,-0.11445395594865929,-0.10084893733193928,False,False,False,False,118634545,91599804.6521212,False,False,False,False,13342715.097735703,False,False,False,False
2022-10-28 00:00:00+00:00,20.4277787076,21.4895513014,19.8289208147,20.2190541806,7040824,,,,,,,,,,,,,,20.747760406533036,20.362690254134776,19.83156446962139,,,,,,,,,,,,,,,19.655148766435016,20.903618039951116,20.081687691608746,,,,20.747760406533036,20.26374493804735,#000000,,20.417304366763485,,51.69351073273703,6.88320942195319,False,False,False,False,False,,0.0,0.0,0.0,0.0,1,1.0056184371745485,0.9525347741631864,False,False,False,False,-0.02402329162803738,-0.06243611447998833,False,False,False,False,111593721,93080835.49270481,False,False,False,False,12875908.349755282,False,False,False,False
2022-11-04 00:00:00+00:00,21.9796001909,22.79634834,20.0738545096,20.2462791189,9665347,,,,,,,,,,,,,21.616601013500002,20.812769189700052,20.40354116655256,19.868812153857036,,,,,,,,,,,,,,,19.90964817626008,20.933415886191288,20.12486861761704,,,,20.812769189700052,20.524236600525434,#000000,,20.818108566412853,,52.685516057068845,6.88320942195319,False,False,False,False,False,,0.0,0.0,0.0,0.0,1,1.0024081289058118,0.9513593621221775,False,False,False,False,0.03751052681821473,-0.0124627938308868,False,False,False,False,121259068,95168111.97472666,False,False,False,False,12638088.990514148,False,False,False,False
2022-11-11 00:00:00+00:00,19.3387811754,22.7064152938,17.578235165,22.3425993683,18991396,,,,,,,,,,,,,20.46206077120147,20.692504253191217,20.37171125535577,19.86903527714209,,,,,,,,,,,,,,,19.902503086860158,20.8530557195606,20.11175265045008,,,,20.692504253191217,20.323231859108773,#000000,,20.47753095770336,,51.63608393432802,6.54790753119898,False,False,False,False,False,,0.0,0.0,0.0,0.0,1,0.9930603111795729,0.9431720188434151,False,False,False,False,-0.06509180841361543,-0.03877730112225112,False,False,False,False,102267672,95694005.30993208,False,False,False,False,13108704.324550137,False,False,False,False
2022-11-18 00:00:00+00:00,17.7143598566,19.2117314633,16.6525872627,19.0030069363,14148145,,,,,,,,,,,,,19.601865436544898,20.445573852201377,20.263947097511956,19.811754824067595,,,,,,,,,,,,,,,19.633958031850366,20.69287593411895,20.027165601538616,,,,20.445573852201377,20.068162968261966,#000000,,20.093568313678897,,49.92758119478625,4.754545554371134,False,False,False,False,False,,0.0,0.0,0.0,0.0,1,0.9659268029677562,0.9887729905738385,False,False,False,False,-0.24501272709556585,-0.14189501410890848,False,False,False,False,88119527,95132932.84252971,False,False,False,False,13185699.930139016,False,False,False,False
2022-11-25 00:00:00+00:00,17.5691601856,17.8504845481,16.6525872627,17.1063362344,7384340,,,,,,,,,,,,,19.271638855967414,20.31119603611151,20.200296845400725,19.77577511823062,,,,,,,,,,,,,,,19.487797081491856,20.60225367791374,19.97583800191818,,,,20.31119603611151,19.946399373862004,#000000,,19.91822141287113,,48.62223312731247,3.380192037671655,False,False,False,False,False,,0.0,0.0,0.0,0.0,1,0.9595322117167878,1.018709780068228,False,False,False,False,-0.3031422584721065,-0.2225186362905075,False,False,False,False,80735187,94066433.15049048,False,False,False,False,12755969.564943533,False,False,False,False
2022-12-02 00:00:00+00:00,17.4874853707,18.3768333553,16.7161121188,17.0700363167,8770484,,,,,,,,,,,,,19.012088892524034,20.17436513721441,20.132522902955948,19.73728758448318,,,,,,,,,,,,,,,19.348857445208115,20.50611347689732,19.92116413812954,,,,20.17436513721441,19.83319993963036,#000000,,19.76035623796097,,47.63915336960912,2.323699049179922,False,False,False,False,False,,0.0,0.0,0.0,0.0,1,0.9372484192976384,1.024274191248368,False,False,False,False,-0.2777297296524018,-0.25012418297145467,False,False,False,False,71964703,92429267.95415786,False,False,False,False,12460748.411984753,False,False,False,False
2022-12-09 00:00:00+00:00,15.4819149156,18.0501340957,15.4637649568,17.8777094864,9941927,,,,,,,,,,,,,18.625365659014673,19.971613463319464,20.026358700076873,19.67248358193799,,,,,,,,,,,,,,,19.12456653677457,20.363259691341025,19.83257506397013,,,,19.971613463319464,19.65946038520496,#000000,,19.521201337612432,,45.73252392894427,0.3919353749857777,False,False,False,True,False,0.0,0.0,0.0,0.0,0.0,0,0.9071310557548674,1.0519759603925465,False,False,False,False,-0.34282825441539394,-0.29647621869342433,False,False,False,False,62022776,90176935.21681283,False,False,False,False,12274169.04813403,False,False,False,False
2022-12-16 00:00:00+00:00,15.6906394426,16.5418725136,15.3548652035,15.6997144221,9130607,,,,,,,,,,,,,18.30207604877978,19.78168577839562,19.922209466546335,19.607039204870542,,,,,,,,,,,,,,,18.91607364332534,20.226108377428403,19.744576201772666,,,,19.78168577839562,19.499966960159814,#000000,,19.306485961982286,,44.544316896686006,-0.8233382865861216,False,False,False,True,False,0.0,0.0,0.0,0.0,0.0,0,0.9527580155187172,1.0482530998027006,False,False,False,False,-0.34282825441539394,-0.3196522365544091,False,False,False,False,71153383,88767783.20075262,False,False,False,False,12041312.600124102,False,False,False,False
2022-12-23 00:00:00+00:00,16.3077380442,16.3440379619,15.2323529812,15.8358391136,6908425,,,,,,,,,,,,,18.11170142293148,19.652597939527904,19.848643056757336,19.560266492474344,,,,,,,,,,,,,,,18.77978000550424,20.129995449149124,19.682175498289006,,,,19.652597939527904,19.395022837804778,#000000,,19.168518704278185,,44.222873536442776,-1.2203059888956744,False,False,False,True,False,0.14947643066103566,0.0,0.0,0.0,0.0,0,0.9712161894243516,1.0225839719691387,False,False,False,False,-0.34282825441539394,-0.3312402454849015,False,False,False,False,78061808,87974748.00069687,False,False,False,False,11661098.703818612,False,False,False,False
2022-12-30 00:00:00+00:00,16.1161051545,16.5890624067,15.4878502078,16.3894128591,4548959,,,,,,,,,,,,,18.007629403033686,19.574498734856878,19.80292026018409,19.530980635166134,,,,,,,,,,,,,,,18.699733718719145,20.070544845694297,19.643304946134716,,,,19.574498734856878,19.33280179196985,#000000,,19.088101675576002,,43.86425288679962,-1.6883382160725944,False,False,False,True,False,0.0,0.0,0.0,0.0,0.0,0,0.9597377115959179,1.038452782172812,False,False,False,False,-0.32310167811374757,-0.32717096179932453,False,False,False,False,73512849,86903496.22286747,False,False,False,False,11134273.540572789,False,False,False,False
2023-01-06 00:00:00+00:00,13.7214522417,15.8543322601,13.3299310431,15.7883199649,13307598,,,,,,,,,,,,,17.52790549221715,19.25887695592868,19.615121826083193,19.40589905691587,,,,,,,,,,,,,,,18.350591298109194,19.8339010541806,19.480534962487123,,,,19.25887695592868,19.067547235131688,#000000,,18.742818700108906,,42.10761501766026,-3.502168954810301,False,False,False,True,False,0.0,0.0,0.0,0.0,0.0,0,0.9459519904397672,1.0366682209476155,False,False,False,False,-0.34282825441539394,-0.33499960810735924,False,False,False,False,60205251,84925848.428581,False,False,False,False,11295260.537567398,False,False,False,False
2023-01-13 00:00:00+00:00,14.149394017,14.3588123326,13.2479847457,14.0856580079,9681257,,,,,,,,,,,,,17.217256287050237,19.03602563056736,19.477074921745388,19.312044314618543,,,,,,,,,,,,,,,18.108601494640663,19.662485703453427,19.359908047481444,,,,19.03602563056736,18.881913771365294,#000000,,18.506092278927923,,41.25980713850638,-4.415997756789324,False,False,False,True,False,0.0,0.0,0.0,0.0,0.0,0,0.9322662689037947,1.0493062781301206,False,False,False,False,-0.34282825441539394,-0.3389139312613766,False,False,False,False,69886508,83811823.21164908,False,False,False,False,11175704.719969813,False,False,False,False
2023-01-20 00:00:00+00:00,14.3132866118,14.6911500942,13.6531636606,14.2950763235,6880457,,,,,,,,,,,,,17.044433068444317,18.897281273230796,19.388051068114727,19.250878840228868,,,,,,,,,,,,,,,17.963308430813594,19.552641909305315,19.281872257177227,,,,18.897281273230796,18.768352406759266,#000000,,18.364416170448507,,40.81587375836536,-4.953766347752897,False,False,False,True,False,0.0,0.0,0.0,0.0,0.0,0,0.9023414851219844,1.0811607823759095,False,False,False,False,-0.3188892265419469,-0.3289015789016617,False,False,False,False,76766965,83289981.86263803,False,False,False,False,10857538.222194271,False,False,False,False
2023-01-27 00:00:00+00:00,14.0947631521,14.7230180988,13.6395059443,14.5318100715,7152439,,,,,,,,,,,,,16.88093092295818,18.75933787861167,19.297493685673903,19.188010433508456,,,,,,,,,,,,,,,17.82085315652416,19.441687123487362,19.202186934507388,,,,18.75933787861167,18.655785733610163,#000000,,18.225702270395345,,40.35009666257338,-5.532013215246678,False,False,False,True,False,0.0,0.0,0.0,0.0,0.0,0,0.8811171094285839,1.1218934404479124,False,False,False,False,-0.31830269007593215,-0.32360213448879693,False,False,False,False,69614526,82276985.13207224,False,False,False,False,10583086.42795766,False,False,False,False
2023-02-03 00:00:00+00:00,12.9839355652,14.09021058,12.9110944119,13.8125036833,9617587,,,,,,,,,,,,,16.629943600397553,18.55501836440054,19.16182178467982,19.09243812078432,,,,,,,,,,,,,,,17.60584810221479,19.277331302609003,19.081999604433253,,,,18.55501836440054,18.486342982788468,#000000,,18.01703534240547,,39.27147166296913,-6.702102612303314,False,False,False,True,False,0.0,0.0,0.0,0.0,0.0,0,0.8795080615520044,1.1349074499952962,False,False,False,False,-0.34282825441539394,-0.33321519445209546,False,False,False,False,59996939,80626611.34451133,False,False,False,False,10511567.95181265,False,False,False,False
2023-02-10 00:00:00+00:00,13.4574030612,13.5256916424,12.624282371,12.9930407093,6909007,,,,,,,,,,,,,16.464389558369657,18.414165541934615,19.066080785496826,19.024224893290715,,,,,,,,,,,,,,,17.459488055354235,19.162227374483642,18.99682755048675,,,,18.414165541934615,18.369629108488063,#000000,,17.875067632535536,,39.036107209893764,-7.05753590309947,False,False,False,True,False,0.0,0.0,0.0,0.0,0.0,0,0.8510647491137199,1.1716482904520402,False,False,False,False,-0.34282825441539394,-0.3380217244337447,False,False,False,False,66905946,79610265.76343642,False,False,False,False,10244711.585011713,False,False,False,False
2023-02-17 00:00:00+00:00,12.1735777354,13.5120339262,12.1052891542,13.3026156106,7406523,,,,,,,,,,,,,16.273992734525397,18.254564808812983,18.956552648461546,18.945407754802368,,,,,,,,,,,,,,,17.292190164046062,19.031528839429708,18.898961847631448,,,,18.254564808812983,18.23617125681565,#000000,,17.713069136703538,,38.0000989098542,-8.189852029470089,False,False,False,True,False,0.0,0.0,0.0,0.0,0.0,0,0.8289192898688077,1.1607706675166602,False,False,False,False,-0.34282825441539394,-0.34042498942456934,False,False,False,False,59499423,78120573.70688558,False,False,False,False,10034475.393529365,False,False,False,False
2023-02-24 00:00:00+00:00,12.565098934,12.565098934,11.7456359601,12.155367447,6134417,,,,,,,,,,,,,16.1179848600693,18.122082247030082,18.864387516804847,18.87850979911912,,,,,,,,,,,,,,,17.153649743832744,18.922206637115025,18.816327920782484,,,,18.122082247030082,18.12502124639337,#000000,,17.578980872011787,,37.72450449570651,-8.583642570201846,False,False,False,True,False,0.0,0.0,0.0,0.0,0.0,0,0.7862170773986681,1.253801843254521,False,False,False,False,-0.34282825441539394,-0.3416266219199816,False,False,False,False,65633840,77195630.46933849,False,False,False,False,9745582.179193856,False,False,False,False
2023-03-03 00:00:00+00:00,12.8655686911,12.974830421,12.1280520146,12.6015195106,5711586,,,,,,,,,,,,,15.996150462774521,18.011298391569607,18.785467431170474,18.820799032116035,,,,,,,,,,,,,,,17.04054565756608,18.828979373216516,18.745418897568715,,,,18.011298391569607,18.032665606568848,#000000,,17.46924347128168,,37.89236127856809,-8.583642570201846,False,True,False,True,False,0.0,0.0,0.0,0.0,0.0,0,0.772387858671738,1.2665230120915147,False,False,False,False,-0.315199865058393,-0.3284132434891873,False,False,False,False,71345426,76762281.99012823,False,False,False,False,9446767.647401718,False,False,False,False
2023-03-10 00:00:00+00:00,12.3829960509,13.1023024392,12.0643160055,12.7563069613,10463809,,,,,,,,,,,,,15.785388725623818,17.81457311559058,18.64279260127013,18.715469140709985,,,,,,,,,,,,,,,16.84129403588826,18.661485135336854,18.61677532965227,,,,17.81457311559058,17.868254012010272,#000000,,17.275685253109877,,37.64326467157791,-8.952194152202992,False,True,False,True,False,0.0,0.0,0.0,0.0,0.0,0,0.8010931327003865,1.2226584479508005,False,False,False,False,-0.3111540384027726,-0.31978364094598,False,False,False,False,60881617,75585936.43530391,False,False,False,False,9522104.04389048,False,False,False,False
2023-03-17 00:00:00+00:00,11.0263295718,12.9657252769,10.862436977,11.9368439873,11964778,,,,,,,,,,,,,15.515465785048487,17.57088098890131,18.464622503232942,18.5824215155228,,,,,,,,,,,,,,11.6181639419,16.59086441773698,18.454082511311153,18.455314185358123,,,,17.57088098890131,16.906476981126474,#000000,,15.323843783396693,,36.4903450829485,-10.20881102224726,False,True,False,True,False,0.0,0.0,0.0,0.0,0.0,0,0.7793518565280808,1.2117235116306941,False,False,False,False,-0.34282825441539394,-0.331305947680687,False,False,False,False,48916839,73610447.73639251,False,False,False,False,9703042.855454149,False,False,False,False
2023-03-24 00:00:00+00:00,11.272168464,12.0552108613,10.9625935627,11.0081192835,8648135,,,,,,,,,,,,,15.332747446051298,17.401143645135182,18.337979594314906,18.48680343134057,,,,,,,,,,,,,,11.539216083935333,16.41800219749427,18.30769697227676,18.34008619301762,,,,17.401143645135182,16.77045944544574,#000000,,15.17277734315402,,36.0003432670136,-10.802984780812793,False,True,False,True,False,0.0,0.0,0.0,0.0,0.0,0,0.8334574570819115,1.18935374521253,False,False,False,False,-0.34282825441539394,-0.3370671010480405,False,False,False,False,57564974,72421894.12628937,False,False,False,False,9624901.532827916,False,False,False,False
2023-03-31 00:00:00+00:00,11.8783454124,12.0789126942,11.1355913017,11.3996404822,7716849,,,,,,,,,,,,,15.193244816316492,17.263857832829736,18.23299446777231,18.40676995937658,,,,,,,,,,,,,,11.5823633527486,16.281014369520634,18.187018382299403,18.24427224559199,,,,17.263857832829736,16.673941928306967,#000000,,15.080120092853866,,36.477525846405015,-10.802984780812793,False,True,False,True,False,0.0,0.0,0.0,0.0,0.0,0,0.8503464325759215,1.1678941154541111,False,False,False,False,-0.33550734193375226,-0.3362872214908964,False,False,False,False,65281823,71892999.96878645,False,False,False,False,9483564.308173995,False,False,False,False
2023-04-07 00:00:00+00:00,12.0615118798,12.7025945158,12.0019827779,12.5560613418,6352151,,,,,,,,,,,,,15.10328044905152,17.166549644299753,18.156199923707447,18.347652571870224,,,,,,,,,,,,,,11.705626327015725,16.18709203569178,18.09919662394828,18.173997148897314,,,,17.166549644299753,16.617449340560256,#000000,,15.040637114014693,,37.070658906286816,-10.802984780812793,False,True,False,True,False,0.0,0.0,0.0,0.0,0.0,0,0.7952788232742922,1.1998234154569716,False,False,False,False,-0.2810997738424451,-0.30869349766667076,False,False,False,False,71633974,71873812.85998745,False,False,False,False,9251607.766827773,False,False,False,False
2023-04-14 00:00:00+00:00,12.3362615809,12.7025945158,11.9813765503,12.1530951135,5696633,,,,,,,,,,,,,15.029425328252456,17.08389494425929,18.089954299346044,18.296317943345873,,,,,,,,,,,,,,11.795135141128197,16.108249450625518,18.023730644715947,18.113244493025086,,,,17.08389494425929,16.5674940305873,#000000,,15.004176216066366,,37.88514646122413,-10.802984780812793,False,True,False,True,True,0.0,0.0,0.0,0.0,0.0,0,0.8364838959616493,1.1788359701850246,False,False,False,False,-0.2818405580009311,-0.29526702783380093,False,False,False,False,77330607,72278019.8333217,False,False,False,False,8988276.30261831,False,False,False,False
2023-04-21 00:00:00+00:00,11.8508704423,12.8079152346,11.7501288852,12.3362615809,6510133,,,,,,,,,,,,12.136304854033332,14.943674359564858,16.988925109791243,18.013454198369036,18.236745685621752,,,,,,,,,,,,,,11.842503935770168,16.01735079972075,17.936867234582067,18.04295063566306,,,,16.988925109791243,16.017641868124027,#000000,,13.734958487272277,,38.00573415863089,-10.802984780812793,False,True,False,True,True,0.0,0.0,0.0,0.0,0.0,0,0.8211776152931581,1.1834726619413198,False,False,False,False,-0.2863741606937175,-0.2908205942637592,False,False,False,False,70820474,72170053.47529787,False,False,False,False,8804710.13205399,False,False,False,False
2023-04-28 00:00:00+00:00,11.6035957112,12.2309408622,10.9991463688,11.8233954722,6372695,,,,,,,,,,,,11.876567093867148,14.849713329407415,16.889742173043853,17.933927204457593,18.17461250756927,,,,,,,,,,,,,,11.814831851183781,15.920807430052095,17.846809363480023,17.96974781240461,,,,16.889742173043853,15.919639862829532,#000000,,13.615479926127609,,37.85553499085282,-10.802984780812793,False,True,False,True,True,0.0,0.0,0.0,0.0,0.0,0,0.7637945762266038,1.220911510819476,False,False,False,False,-0.33492884208163987,-0.3128747181726995,False,False,False,False,64447779,71598033.14379433,False,False,False,False,8624560.863012955,False,False,False,False
2023-05-05 00:00:00+00:00,11.4845375074,11.6585456515,10.3946970263,11.4021125971,7637390,,,,,,,,,,,,11.617037406894598,14.729737663767333,16.76624975283439,17.834845914263287,18.096865912994698,,,,,,,,,,,,,,11.735123999821955,15.799482366210867,17.734953766072735,17.878370273410397,,,,16.76624975283439,15.799185228474471,#000000,,13.470345359173688,,37.63027861082968,-10.802984780812793,False,True,False,True,True,0.0,0.0,0.0,0.0,0.0,0,0.7324678338117313,1.2786735594175747,False,False,False,False,-0.34282825441539394,-0.3278514862940467,False,False,False,False,56810389,70502652.09610586,False,False,False,False,8551437.095382366,False,False,False,False
2023-05-12 00:00:00+00:00,10.7701882845,11.8700113381,10.7060800209,11.7318122384,4412076,,,,,,,,,,,,11.528271197391229,14.662753414576951,16.69652527853724,17.77838436627795,18.05232744426993,,,,,,,,,,,,,,11.693260317542258,15.731251980368087,17.67141660750469,17.82620167249336,,,,16.69652527853724,15.73782136432908,#000000,,13.403884227469632,,36.76895388471647,-10.802984780812793,False,True,False,True,True,0.0,0.0,0.0,0.0,0.0,0,0.7836115034320945,1.302198797926568,False,False,False,False,-0.3150389462473068,-0.32144521627067674,False,False,False,False,52398313,69161589.94083875,False,False,False,False,8244817.754983672,False,False,False,False
2023-05-19 00:00:00+00:00,11.0357796622,11.125805981,10.3855387029,10.8984048117,4251371,,,,,,,,,,,,11.42932345878735,14.595842976992374,16.62781914056818,17.722730297019805,18.00831804166307,,,,,,,,,,,,,,11.641664953262522,15.66367404206888,17.60889585737966,17.774723633413828,,,,16.62781914056818,15.674776933461743,#000000,,13.33262635777778,,36.63325754755906,-10.940045342413526,False,True,False,True,True,0.0,0.0,0.0,0.0,0.0,0,0.7932718483226318,1.2389919500564948,False,False,False,False,-0.34282825441539394,-0.33213673534303534,False,False,False,False,56649684,68234782.09336922,False,False,False,False,7949006.88424414,False,False,False,False
2023-05-26 00:00:00+00:00,10.5778634937,11.2830543933,10.358155316,11.0083046921,3770594,,,,,,,,,,,,11.350416396845361,14.536758277444443,16.56709209120443,17.673339339750278,17.969143763568855,,,,,,,,,,,,,,11.595287655664478,15.60395859968414,17.55351492646143,17.728987700924232,,,,16.56709209120443,15.619833194616405,#000000,,13.271605232409605,,36.06687341039662,-11.585357532899664,False,True,False,True,False,0.0,0.0,0.0,0.0,0.0,0,0.7906466357046793,1.193476538964101,False,False,False,False,-0.3357626037460774,-0.3339496695445564,False,False,False,False,52879090,67097323.41978631,False,False,False,False,7639494.818744575,False,False,False,False
2023-06-02 00:00:00+00:00,10.733554991,10.7885049312,9.8459302899,10.4954385833,5862046,,,,,,,,,,,,11.215340964313377,14.441812091602742,16.47065254422301,17.59483923934402,17.906714789241633,,,,,,,,,,,,,10.455996737366664,11.510956721441948,15.508693721763962,17.465655150302286,17.65621366564114,,,,16.47065254422301,15.022687562524078,"rgba(239, 83, 80, 1.0)",3.8656731926793233,11.906026628681182,-0.30330335215650617,35.965241438115555,-11.77854468903356,False,True,False,True,False,0.0,0.0,0.0,0.0,0.0,0,0.7673822378901712,1.23063833753901,True,False,False,False,-0.34282825441539394,-0.33838896197997514,False,False,False,False,58741136,66478346.57387622,False,False,False,False,7507831.943282014,False,False,False,False
2023-06-09 00:00:00+00:00,11.3837959503,11.4753791841,10.6786050508,10.9991463688,5467153,,,,,,,,,,,,11.210886483482563,14.372520169732722,16.393903543628372,17.53041378041981,17.85498097609284,,,,,,,,,,,,,10.805023288458337,11.489537001821137,15.435240786954513,17.393906781839256,17.59632947941424,,,,16.393903543628372,15.008274229184376,"rgba(239, 83, 80, 1.0)",3.8649113805948576,11.969491735873689,-0.15154184091112155,37.13593084546829,-11.77854468903356,False,True,False,True,False,0.0,0.0,0.0,0.0,0.0,0,0.8241012107278212,1.210216741472345,False,False,False,False,-0.24727210517326784,-0.2928305335766215,False,False,False,False,64208289,66310194.1609965,False,False,False,False,7356670.540075939,False,False,False,False
2023-06-16 00:00:00+00:00,11.3471626569,11.5669624178,10.6557092423,11.1182045726,6979615,,,,,,,,,,,,11.208035209208333,14.288505445805864,16.29929322299214,17.45015714341649,17.790184164929002,,,,,,,,,,,,,10.951761562312457,11.466719438778995,15.345239212750771,17.304808894140912,17.52159372315176,,,,16.29929322299214,14.962629801748673,"rgba(239, 83, 80, 1.0)",3.885121273057001,11.978755414026413,-0.16256706360917403,37.92556089344442,-11.77854468903356,False,True,False,True,True,0.0,0.0,0.0,0.0,0.0,1,0.825387838877941,1.1573135906028607,False,False,False,False,-0.24306727093884214,-0.2679489022577318,False,False,False,False,57228674,65637488.96388564,False,False,False,False,7328740.500070314,False,False,False,False
2023-06-23 00:00:00+00:00,10.660288404,11.5120124775,10.579145659,11.2097878063,4584070,,,,,,,,,,,,11.184158545595078,14.23104937211225,16.235785757079626,17.39629334051009,17.74657726117106,,,,,,,,,,,,,10.9448307138162,11.440538591547854,15.284429492956054,17.245121496350922,17.471376038663664,,,,16.235785757079626,14.918016060980282,"rgba(239, 83, 80, 1.0)",3.936855468839282,11.950144305767846,-0.3276360821415017,37.62811810872681,-11.77854468903356,False,True,False,True,True,0.0,0.0,0.0,0.0,0.0,1,0.8258961791025431,1.1533519704475275,False,False,False,False,-0.2511256420374944,-0.25953727214761313,False,False,False,False,52644604,64675053.040634856,False,False,False,False,7125431.57413918,False,False,False,False
2023-06-30 00:00:00+00:00,11.4710214162,11.5907991498,10.7060800209,10.733554991,3999112,,,,,,,,,,,,11.188956999584128,14.187464761837877,16.185046095528115,17.352442795775737,17.710849373194414,,,,,,,,,,,,,10.99109980834661,11.433173917236394,15.236738526786185,17.196693915372723,17.430418759148488,,,,16.185046095528115,14.891288495281069,"rgba(239, 83, 80, 1.0)",3.9580224573075062,11.950173871751254,-0.1210585489899428,38.988663063739175,-13.180941646598832,False,True,False,True,True,0.0,0.0,0.0,0.0,0.0,1,0.8188092219826166,1.1584438173919476,False,False,False,False,-0.20447109338686498,-0.23200418276723905,False,False,False,False,56643716,64080139.185773015,False,False,False,False,6893852.346425166,False,False,False,False
2023-07-07 00:00:00+00:00,11.8948503199,11.9962007099,10.9274147788,11.5078761034,3859027,,,,,,,,,,,,11.21422930570291,14.151482208645875,16.140464114258616,17.313114731828207,17.678594212531543,,,,,,,,,,,,,11.068284740737866,11.439587398771781,15.195731879932477,17.153410685368154,17.393617405792135,,,,16.140464114258616,14.874851668356959,"rgba(239, 83, 80, 0.5)",3.984030472972548,11.968395913464608,-0.018460098150236987,40.72722548413822,-11.513836660978285,False,True,False,True,True,0.0,0.0,0.0,0.0,0.0,1,0.9048503124442808,1.136055120420216,False,False,False,False,-0.13531764902067395,-0.1836609158939565,False,False,False,False,60502743,63815146.875715755,False,False,False,False,6669050.468912191,False,False,False,False
2023-07-14 00:00:00+00:00,11.7658589144,12.760935471,11.7290042271,11.9317050072,7448577,,,,,,,,,,,,11.305411786867403,14.097345422802768,16.065660823937154,17.24495401731704,17.62212725069236,,,,,,,,,,,,,11.266586941230074,11.482708393959252,15.129367887167131,17.078788409803842,17.32965669352677,,,,16.065660823937154,14.862260762730378,"rgba(239, 83, 80, 0.5)",4.017585903373492,12.038013136214873,-0.067740734948903,41.776364649215225,-10.541765296476278,False,True,False,True,True,0.0,0.0,0.0,0.0,0.0,1,0.9372964633576059,1.0527379041635532,False,False,False,False,-0.000729342457542395,-0.09219512917574944,False,False,False,False,53054166,63018037.1812183,False,False,False,False,6726793.174918694,False,False,False,False
2023-07-21 00:00:00+00:00,12.3463202391,12.3738691178,11.5861923139,11.7566452426,5864546,,,,,,,,,,,,11.366077472265957,14.057018012648028,16.00892071208707,17.192697714503023,17.57859752250535,,,,,,,,,,,,,11.3777899229198,11.513651362995086,15.079355190807586,17.021757142683242,17.280530782068006,,,,16.00892071208707,14.847639583548315,"rgba(239, 83, 80, 0.5)",4.045440537622552,12.078634192707218,0.0661698136218553,43.59466657451481,-8.845686012130308,False,True,False,True,True,0.0,0.0,0.0,0.0,0.0,1,0.9162234210280338,1.080125866627194,False,False,False,False,-0.04601484897325103,-0.06910498907450024,False,False,False,False,58918712,62714383.46409102,False,False,False,False,6662923.0138136055,False,False,False,False
2023-07-28 00:00:00+00:00,12.5213800037,12.7286876196,12.1251921154,12.4384569573,5503683,,,,,,,,,,,,11.438929561523514,14.027259750985353,15.96185327839041,17.14797915322269,17.540983591947416,,,,,,,,,,,,,11.497775910305775,11.555959579298074,15.039339818437972,16.973202495641093,17.23837501818189,,,,15.96185327839041,14.842165815793418,"rgba(239, 83, 80, 0.5)",4.068898063675039,12.129981200528178,0.0961928259314289,45.20875572554791,-7.375313561858121,False,True,False,True,True,0.0,0.0,0.0,0.0,0.0,1,0.9357308487347715,1.0692960968485463,False,False,False,False,0.10781017797899985,0.0193525944522498,False,False,False,False,64422395,62840902.837121315,False,False,False,False,6577053.383160746,False,False,False,False
2023-08-04 00:00:00+00:00,13.1755507029,13.5164565603,12.0699100845,12.6872260964,7796211,,,,,,,,,,,,11.566829670964626,13.99882865811942,15.905796477733373,17.092163115441675,17.493398358794252,,,,,,,,,,,,,11.691153883247516,11.637364219285603,14.994488223302842,16.913028165293127,17.185559580695706,,,,15.905796477733373,14.847861035287815,"rgba(239, 83, 80, 0.5)",4.086070266840499,12.223544107904292,0.23298830730383777,47.50020538766111,-5.278834569546085,False,False,False,False,True,0.0,0.0,0.0,0.0,0.0,1,0.9619096711917495,1.0152391359452932,False,False,False,False,0.2688534375227073,0.14410301598747854,False,False,False,False,72218606,63535547.51585307,False,False,False,False,6667361.354778469,False,False,False,False
2023-08-11 00:00:00+00:00,13.6270206221,14.2351229622,12.5121663318,13.1479096874,7952871,,,,,,,,,,,13.458103305366665,11.719886312501513,13.985019206032016,15.86062248066384,17.043866820117398,17.451444241406705,,,,,,,,,,,,,11.906294504604185,11.741800805915615,14.962011664210833,16.861477823798566,17.13962157678514,,,,15.86062248066384,14.467870449999577,#000000,4.095051618157121,12.206521232096994,0.3468819254205804,49.87016482775337,-3.1443342060690256,False,False,False,False,True,0.0,0.0,0.0,0.0,0.0,0,0.9897071912769929,0.9678703571692323,False,False,False,False,0.34282823018260267,0.2434656230850406,False,False,False,False,80171477,64767838.58875284,False,False,False,False,6762584.291461544,False,False,False,False
2023-08-18 00:00:00+00:00,13.120268672,13.580952263,12.8438585174,13.5164565603,5293830,,,,,,,,,,,13.347640453631003,11.794608051455695,13.971591039436,15.82811105444412,17.009999990734922,17.422097987691274,,,,,,,,,,,,,12.00191371946543,11.794755908828805,14.937308903258115,16.825289435350097,17.107416428837144,,,,15.82811105444412,14.461863498544133,"rgba(239, 83, 80, 0.5)",4.0856489885858585,12.234729533345233,0.2167438125812354,50.57620398503623,-2.6100783733301114,False,False,False,False,True,0.0,0.0,0.0,0.0,0.0,0,1.0195687373739866,0.989359676138654,False,False,False,False,0.3042336981879542,0.2738496606364974,False,False,False,False,74877647,65516713.285882264,False,False,False,False,6653787.677279208,False,False,False,False
2023-08-25 00:00:00+00:00,12.6964397683,13.3506104675,12.2081151618,13.2861147647,3989687,,,,,,,,,,,13.209703844833331,11.83011170437318,13.956414595711557,15.800228614863045,16.98204335189657,17.398030706893923,,,,,,,,,,,,,12.042014019536255,11.8205648112291,14.914690246677319,16.795319650223718,17.08086863030489,,,,15.800228614863045,14.443195946964897,"rgba(239, 83, 80, 0.5)",4.100651788666578,12.225598594992967,0.11482105713251446,50.29458436519245,-2.6100783733301114,False,False,False,False,True,0.0,0.0,0.0,0.0,0.0,0,1.009129550075503,0.9629982516006023,False,False,False,False,0.20447452454995663,0.23916209259322702,False,False,False,False,70887960,65914583.41285395,False,False,False,False,6456446.886369637,False,False,False,False
2023-09-01 00:00:00+00:00,13.8665760894,13.9679264794,12.7701491428,12.8070038301,3900722,,,,,,,,,,,13.269713799374546,11.889775407402189,13.951348873315972,15.780331115125582,16.96005768162844,17.378664705935734,,,,,,,,,,,,,12.116194721359669,11.864606884688042,14.900868886449855,16.772034567532476,17.05986309178846,,,,15.780331115125582,14.456479502866523,#000000,4.067410322949009,12.285072703206112,0.38882317263905797,52.0312210139564,-1.3702377824779575,True,False,False,False,True,0.0,0.0,0.0,0.0,0.0,0,1.0128427818113936,0.9533330060029215,False,False,False,False,0.34171227591835585,0.29043718425579146,False,False,False,False,74788682,66571924.04893885,False,False,False,False,6267133.931823738,False,False,False,False
2023-09-08 00:00:00+00:00,13.682302653,14.1798409313,13.4079195062,13.9771401513,4918261,,,,,,,,,,,13.361635911245052,11.968676089176082,13.948443333070287,15.758165410494158,16.934502819755874,17.35591506264555,,,,,,,,,,,,,12.212915287056855,11.923972854144083,14.886598251823248,16.745124622859045,17.035374519457655,,,,15.758165410494158,14.477540909908234,#000000,4.0563013019034875,12.366800035405518,0.3243108733015373,52.914151304008996,-0.5728188792193052,True,False,False,False,True,0.0,0.0,0.0,0.0,0.0,0,1.038747978963032,0.9497735431862576,False,False,False,False,0.3428282331116992,0.3166327086837453,False,False,False,False,69870421,66816257.15642486,False,False,False,False,6167217.418355313,False,False,False,False
2023-09-15 00:00:00+00:00,14.1153452286,14.7234475687,13.7606188635,13.940285464,7320190,,,,,,,,,,14.199803886933333,13.545469490370618,12.100714004347171,13.953906103466394,15.733167512516921,16.902413498253633,17.326683579191563,,,,,,,,,,,,,12.373202547521334,12.025510437300591,14.87408131991503,16.711759079907807,17.004427614761,,,14.199803886933333,15.733167512516921,14.24200278805328,#000000,4.0424475254799965,13.054797482293115,0.26235287894824505,54.22353003743953,0.6539674583255746,True,False,True,False,True,0.0,-1.0,14.723448,13.760619,0.0,0,1.0967765143959296,0.9187271664358556,False,False,False,False,0.3428282355442501,0.32973047211399775,False,False,False,False,77190611,67584727.8115045,False,True,False,False,6252622.794773438,False,True,False,False
2023-09-22 00:00:00+00:00,12.8807132047,14.2904049931,12.8162175019,14.2811913213,5292931,,,,,,,,,,13.834429400347473,13.515854531564175,12.15112091230495,13.944239916102777,15.705603311873567,16.872350980542436,17.30009041719894,,,,,,,,,,,,,12.425888466959497,12.066250016693026,14.853986725721363,16.679998437188033,16.975651539184607,,,13.834429400347473,15.705603311873567,14.204972269929732,"rgba(239, 83, 80, 0.5)",4.033064950884551,12.981823327794025,-0.025070293765502075,52.872291908991464,0.6539674583255746,True,False,False,False,True,0.0,0.0,0.0,0.0,0.0,0,1.0560135771219252,0.9018993383183522,False,False,False,False,0.21755239919158756,0.27364143565279264,False,False,False,False,71897680,67904205.75139305,False,False,False,False,6181534.513679109,False,False,False,False
2023-09-29 00:00:00+00:00,13.561774824,13.8493363968,12.8991405483,12.8991405483,4733375,,,,,,,,,,13.72591394337285,13.507227515108378,12.196629137102098,13.937314396825156,15.68257556326225,16.846695642755083,17.27724309420235,,,,,,,,,,,,,12.473372677072614,12.103511022677704,14.837691742207088,16.652992702616487,16.95104504502914,,,13.72591394337285,15.68257556326225,14.196392434299971,#000000,4.032194179161386,12.975785818163986,0.14532757595465995,53.00397409883158,0.6539674583255746,True,False,False,False,True,0.0,0.0,0.0,0.0,0.0,0,1.0518744870188852,0.9188001765659793,False,False,False,False,0.1861931755584313,0.22991730560561197,False,False,False,False,76631055,68550639.02906764,False,False,False,False,6074263.438591767,False,False,False,False
2023-10-06 00:00:00+00:00,12.4208047122,13.4968415656,11.7529197688,13.4968415656,7268398,,,,,,,,,,13.38070899753024,13.370901345265631,12.215199916198317,13.90898025713018,15.634608106703189,16.7980624965824,17.23476238248022,,,,,,,,,,,,12.556855348866668,12.478989275288363,12.12167907417162,14.798121122223565,16.60127962881638,16.904623932801577,,,13.38070899753024,15.634608106703189,13.706732307219415,"rgba(239, 83, 80, 0.5)",4.044639918055351,12.946863741737726,-0.13006325413280612,51.268623871234524,0.6539674583255746,True,False,False,False,False,0.0,0.0,0.0,0.0,0.0,0,0.9790744958430515,0.9592791299834392,False,False,False,False,0.05812374435675631,0.14402052498118414,False,False,False,False,69362657,68610788.50839595,False,False,False,False,6162717.850547932,False,False,False,False
2023-10-13 00:00:00+00:00,13.8493363968,13.9499829473,12.8660613412,12.9217184198,6613567,,,,,,,,,,13.41764723959016,13.392170662879394,12.27523764593864,13.902492855014227,15.605971184825378,16.764951700093825,17.204875943479703,,,,,,,,,,,,13.032446214800112,12.541067254806768,12.172110870439242,14.778803991905399,16.566684569170153,16.87273362572257,,,13.41764723959016,15.605971184825378,13.768463248936948,#000000,4.028658982525376,13.095832843019108,0.18703582433987895,52.132325701962856,0.6539674583255746,True,False,False,False,False,0.0,0.0,0.0,0.0,0.0,0,1.0039571830468774,0.928749002651524,False,False,False,False,0.19207994117304536,0.16805023307711475,False,False,False,False,75976224,69156376.32258885,False,False,False,False,6196114.0838406775,False,False,False,False
2023-10-20 00:00:00+00:00,14.0997932506,14.4346633403,13.6267080823,13.9049934754,4360580,,,,,,,,,14.053721557733331,13.49558283077984,13.438967209516617,12.326271358913752,13.904299080331947,15.5920037756933,16.74682192802887,17.188090685717718,,,,,,,,,,,,13.276565269180285,12.596492310669655,12.214768977486973,14.771449681385679,16.548007140517115,16.855147637761867,,,13.49558283077984,15.5920037756933,13.567012205169139,#000000,4.027759587525864,13.566209216802518,0.13247663426834438,53.08089986233458,0.6539674583255746,True,False,False,False,False,0.0,0.0,0.0,0.0,0.0,0,1.0392922021536741,0.9146147396553829,False,False,False,False,0.30344230602763045,0.2357462695523726,False,False,False,False,80336804,69984556.15054522,False,False,False,False,6060148.596148776,False,False,False,False
2023-10-27 00:00:00+00:00,13.5710510037,14.0719647113,13.1536229141,13.9606505541,4469740,,,,,,,,,13.823489182600248,13.50710862949618,13.449778307171066,12.362633556581336,13.90060515696634,15.573788349387842,16.725391832704794,17.168599847084348,,,,,,,,,,,,13.339996183437124,12.632777343965131,12.246203269541523,14.759384342552243,16.52570911403024,16.83445767396662,,,13.50710862949618,15.573788349387842,13.559576432169901,#000000,4.028311106600034,13.530093075676154,0.010167518580364621,52.89782676529412,0.6539674583255746,True,False,False,False,False,0.0,0.0,0.0,0.0,0.0,0,1.0486866194598121,0.9050333352754157,False,False,False,False,0.22805994342598135,0.23190310648917697,False,False,False,False,75867064,70420297.47272706,False,False,False,False,5942340.5519896075,False,False,False,False
2023-11-03 00:00:00+00:00,13.0608611164,13.7380222396,12.8382328019,13.5803271835,6725547,,,,,,,,,13.559273952417476,13.464738357547201,13.427857748122799,12.397660685272307,13.88830418275731,15.541755810368834,16.68977155784578,17.136535386025542,,,,,,,,,,,,13.31083839457363,12.662715742693445,12.278128807004792,14.735797636847916,16.488438129322766,16.800156321150272,,,13.464738357547201,15.541755810368834,13.52670713176057,#000000,4.006601681965842,13.440677113165277,-0.0947975433831796,51.97038637819897,0.6539674583255746,True,False,False,False,False,0.0,0.0,0.0,0.0,0.0,1,1.0598629512854343,0.8950868214917173,False,False,False,False,0.17124498071934843,0.2015740436042627,False,False,False,False,69141517,70325572.9932658,False,False,False,False,6000355.844434822,False,False,False,False
2023-11-10 00:00:00+00:00,12.1796240382,13.2185561725,11.7204531396,13.1721752736,5766743,,,,,,,,,13.238410709000458,13.344921973162815,13.350462077084625,12.396814648008295,13.865430473010564,15.505321954806183,16.65256396443354,17.103659418541234,,,,,,,,,,,,13.157194222230432,12.650423214211438,12.280739339330434,14.70530571880081,16.449122208508467,16.764496419519574,,,13.344921973162815,15.505321954806183,13.449502432964607,"rgba(239, 83, 80, 0.5)",3.9796045980030734,13.272747245369583,-0.2746813609869939,50.03702141720081,3.7305061020013994,True,False,False,False,False,0.0,0.0,0.0,0.0,0.0,1,1.0077038865721013,0.9226566997073924,False,False,False,False,0.03194108776891227,0.11675756568658749,False,False,False,False,63374774,69810698.99376462,False,False,False,False,5983051.189291502,False,False,False,False
2023-11-17 00:00:00+00:00,12.2074525775,12.5135665099,11.5302914543,12.1610716787,4901405,,,,,,,,,13.022602379907145,13.237330166292912,13.276114932258192,12.387987680643208,13.842863124478676,15.472209655873462,16.619337674906976,17.074385417452195,,,,,,,,,,,,13.026009646640185,12.630707456358547,12.27623231564857,14.676864768484718,16.41396319147484,16.732670313587963,,,13.237330166292912,15.472209655873462,13.384892212658562,"rgba(239, 83, 80, 0.5)",3.9397412697676915,13.140514281274609,-0.23683324357734464,48.70335911896405,2.427472342211523,False,False,False,False,False,0.0,0.0,0.0,0.0,0.0,1,1.0122890821516737,0.9219280827028736,False,False,False,False,-0.04336159279630269,0.0366979864451424,False,False,False,False,68276179,69697030.84607835,False,False,False,False,5902929.249343984,False,False,False,False
2023-11-24 00:00:00+00:00,11.9662719035,12.3836999931,11.4931867352,12.2816620157,2469424,,,,,,,,,12.930095466659772,13.184184397859172,13.23796099441782,12.381820715113522,13.830845735072067,15.455108509484331,16.602283357060497,17.059367008731158,,,,,,,,,,,,12.963467539967827,12.618941226993917,12.272488272115563,14.662028567098856,16.39591323255212,16.716334619001188,,,13.184184397859172,15.455108509484331,13.353694142478284,"rgba(239, 83, 80, 0.5)",3.9521271657217514,13.078927099726148,-0.28153324768408644,47.39692271240953,1.1577423822756003,False,False,False,False,False,0.0,0.0,0.0,0.0,0.0,1,1.011956891359045,0.9320891285573714,False,False,False,False,-0.0574365187037942,-0.010369266129325903,False,False,False,False,65806755,69408862.26488736,False,False,False,False,5648595.527170355,False,False,False,False
2023-12-01 00:00:00+00:00,11.5952247127,12.0868622405,11.5210152745,11.8456815665,5263985,,,,,,,,,12.744737043760203,13.067106676495543,13.151214116684054,12.363048998635403,13.802885150696808,15.41701872572135,16.564694206644845,17.02632062963413,,,,,,,,,,,,12.8282240766434,12.587607328179944,12.259724982992894,14.628490956430793,16.356097258823386,16.680340556709595,,,13.067106676495543,15.41701872572135,13.285005805624042,"rgba(239, 83, 80, 0.5)",3.971440066390535,12.9478204783958,-0.34058068183945006,45.920877859024074,-0.26824070233962516,False,False,False,True,False,0.0,0.0,0.0,0.0,0.0,1,1.0316761777706347,0.9240032502704407,False,False,False,False,-0.17518521661699307,-0.09277724137315949,False,False,False,False,60542770,68752114.68971053,False,False,False,False,5620105.85849107,False,False,False,False
2023-12-08 00:00:00+00:00,10.5470163987,11.5117390948,10.2687310056,11.4468058364,7333729,,,,,,,,,12.395038907615985,12.835395421556207,12.974491473095696,12.301425618961087,13.747665829133584,15.35175553104675,16.503080698679323,16.972742204884312,,,,,,,,,,,,12.555415305576208,12.502400353906294,12.212259525819432,14.56796996764243,16.290474391518092,16.621500292114668,,,12.835395421556207,15.35175553104675,13.144381793435368,"rgba(239, 83, 80, 1.0)",3.9946140508997185,12.690085276961025,-0.53648959597945,43.47542897743873,-2.6011705789772535,False,False,False,True,False,0.0,0.0,0.0,0.0,0.0,0,0.9546943169470298,0.9673061108627559,False,False,False,False,-0.34282825441539394,-0.21780274789427673,False,False,False,False,53209041,67600775.89788012,False,False,False,False,5747040.90601025,False,False,False,False
2023-12-15 00:00:00+00:00,11.1870728028,11.4560820161,9.9394266237,10.4449784212,8827264,,,,,,,,,12.1248269015979,12.621131006901093,12.80077463810663,12.237111368814684,13.685642263848084,15.277010205433811,16.431712397619112,16.910326475662057,,,,,,,,,,,10.860860480866666,12.321693531850157,12.414455751197863,12.16215788142113,14.499176567369002,16.21469238478638,16.553221734297537,,,12.621131006901093,15.277010205433811,12.572783039197322,"rgba(239, 83, 80, 0.5)",4.000643683470302,11.982127980303956,-0.19873181428002024,42.98392990419508,-3.0409465654208034,False,True,False,True,False,0.0,0.0,0.0,0.0,0.0,0,0.9449908620583582,0.9731158368616905,False,False,False,False,-0.34282825441539394,-0.28031550115483533,False,False,False,False,62036305,67188592.86840752,False,False,False,False,5975205.57963912,False,False,False,False
2023-12-22 00:00:00+00:00,11.6137770722,11.9477195439,11.381872578,11.4560820161,6216745,,,,,,,,,12.072184496081269,12.552026802430563,12.737688239418299,12.219146717577518,13.655266535514574,15.234962685314228,16.389472316623895,16.872748024678323,,,,,,,,,,,11.186048965093153,12.262028771112556,12.38658066304464,12.149069513355848,14.462392026556596,16.170238699982907,16.5126131696601,,,12.552026802430563,15.234962685314228,12.568243273018501,"rgba(239, 83, 80, 0.5)",3.9993534101660932,12.018072258679384,-0.10109013758366352,43.42680331278801,-3.0409465654208034,False,False,False,True,False,0.0,0.0,0.0,0.0,0.0,0,0.9909953887074812,0.9470116093902333,False,False,False,False,-0.15106038864865676,-0.21568794490174603,False,False,False,False,68253050,67267441.54482177,False,False,False,False,5993097.388554741,False,False,False,False
2023-12-29 00:00:00+00:00,11.2570495545,12.0080147125,11.2570495545,11.7529197688,4425503,,,,,,,,,12.031046325366747,12.501769490759035,12.69156350204789,12.204029026597713,13.632714661303886,15.204470557327056,16.3589775212052,16.845612295452646,,,,,,,,,,,11.259086894410364,12.21728571988055,12.364398482769214,12.137652683884445,14.435501508234086,16.138150916935277,16.48328984361535,,,12.501769490759035,15.204470557327056,12.547504829525392,"rgba(239, 83, 80, 0.5)",3.97672366827678,12.002297107604175,-0.18740239837361153,43.22167838382069,-3.0409465654208034,False,False,False,True,False,0.0,0.0,0.0,0.0,0.0,0,0.9836858524540872,0.948940182798544,False,False,False,False,-0.15721232618582517,-0.1864501355437856,False,False,False,False,63827547,67012634.54150164,False,False,False,False,5876979.285698834,False,False,False,False
2024-01-05 00:00:00+00:00,11.3783942014,11.6677545134,11.1450391112,11.3503915906,4674717,,,,,,,,,11.985754399689885,12.448345253924852,12.642252353976128,12.186321630471982,13.60819150949239,15.171853482273292,16.32645345028175,16.816658807574115,,,,,,,,,,,11.285801245778595,12.168944328409346,12.339287755619777,12.123991162083842,14.406572925338788,16.10393628498561,16.452007644151266,,,12.448345253924852,15.171853482273292,12.51954625647856,"rgba(239, 83, 80, 0.5)",3.861423149438954,11.972211306950669,-0.15378193028053583,43.31605558041595,-3.0409465654208034,False,False,False,True,False,0.0,0.0,0.0,0.0,0.0,0,0.9713978961644942,0.9747106523343051,False,False,False,False,-0.20069142756652864,-0.1935707815551571,False,False,False,False,68502264,67122977.46435337,False,False,False,False,5787922.820091513,False,False,False,False
2024-01-12 00:00:00+00:00,11.0610312787,11.341057387,10.7530025595,11.0890338895,6205881,,,,,,,,,11.904842249888869,12.36408885602822,12.565690092883095,12.154205064302953,13.57149823543488,15.125523066829976,16.28095010120035,16.776274603001706,,,,,,,,,,,11.237932469519073,12.087872745121802,12.296394032696957,12.098359547509848,14.36469873481311,16.055993312432896,16.40827187038685,,,12.36408885602822,15.125523066829976,12.464558202819882,"rgba(239, 83, 80, 0.5)",3.8116350623276825,11.89868408013949,-0.21976206739161297,42.89063817698969,-3.385064153699396,False,True,False,True,False,0.0,0.0,0.0,0.0,0.0,0,0.926124292437808,1.0127418553110883,False,False,False,False,-0.27143481573114464,-0.23250279864315088,False,False,False,False,62296383,66765451.94847534,False,False,False,False,5818882.685269919,False,False,False,False
2024-01-19 00:00:00+00:00,9.9875978634,10.8463445956,9.8242493002,10.8276761884,6278667,,,,,,,,,11.769031708454056,12.24071732238196,12.456731649658034,12.100338875328424,13.523518092039698,15.070335374675052,16.228503799665347,16.73013125909627,,,,,,,,,,,11.063341779475625,11.960080879689446,12.22867361939873,12.053991922006967,14.313004730454157,16.000490494516715,16.357973979684786,,,12.24071732238196,15.070335374675052,12.370943057888708,"rgba(239, 83, 80, 1.0)",3.708372292564509,11.758292922500273,-0.47748578605514186,41.08680223307607,-5.2316967925463445,False,True,False,True,False,0.0,0.0,0.0,0.0,0.0,0,0.8914428905455226,1.0086995094672724,False,False,False,False,-0.34282825441539394,-0.2876655265292724,False,False,False,False,56017716,65969323.35969938,False,False,False,False,5852940.782657332,False,False,False,False
2024-01-26 00:00:00+00:00,10.2302871573,10.286292379,9.7262401623,9.8755874201,5591975,,,,,,,,,11.655996720290519,12.135458625942608,12.36237248541783,12.051478023849581,13.480184505390676,15.020845091717021,16.1814929660976,16.688715553559806,,,,,,,,,,,10.933226457214422,11.852187956012541,12.168065591624535,12.013352662171235,14.266517124237485,15.950776441159219,16.312865507279238,,,12.135458625942608,15.020845091717021,12.291884015215143,"rgba(239, 83, 80, 1.0)",3.5884768416442028,11.644217439865024,-0.3940196202902556,40.33303587771673,-6.034531222629944,False,True,False,True,False,0.0,0.0,0.0,0.0,0.0,0,0.8684022823745383,1.0415607585167141,False,False,False,False,-0.34282825441539394,-0.3152468904723332,False,False,False,False,61609691,65646387.62935128,False,False,False,False,5833609.983941974,False,False,False,False
2024-02-02 00:00:00+00:00,9.5862271082,10.4076370259,9.5488902937,10.1742819356,6457587,,,,,,,,,11.526197418464152,12.013557687432476,12.252090015968962,11.991572585682505,13.428137477533438,14.962258933361676,16.12604911676086,16.639859708284845,,,,,,,,,,,10.789207052763379,11.727539736386838,12.094832771882494,11.96303560576414,14.2111651780141,15.892154409636994,16.259653839934646,,,12.013557687432476,14.962258933361676,12.199733552989247,"rgba(239, 83, 80, 1.0)",3.321251124364073,11.51412547376171,-0.580473530417201,38.94430521303391,-7.441640187855775,False,True,False,True,False,0.0,0.0,0.0,0.0,0.0,0,0.8610878709505613,1.066900063974613,False,False,False,False,-0.34282825441539394,-0.32903757244386356,False,False,False,False,55152104,64869033.28643637,True,False,False,False,5879830.503649976,False,False,False,False
2024-02-09 00:00:00+00:00,9.8475848093,9.9035900309,9.1615208439,9.5115534793,6266936,,,,,,,,,11.403209301480324,11.896739693109843,12.145361044063847,11.931071844887377,13.37615332073231,14.904374303525154,16.071393341273854,16.59166332522802,,,,,,,,,,9.637565228033333,10.657853344723764,11.608597422313267,12.021809135546455,11.911759402570336,14.156234982850032,15.83439029933683,16.207179816120494,,,11.896739693109843,14.904374303525154,11.659011973746086,"rgba(239, 83, 80, 1.0)",3.130664206265827,10.82680632413767,-0.31278394945003046,38.55262448316617,-7.882441367273209,False,True,False,True,False,0.0,0.0,0.0,0.0,0.0,0,0.8243388484936646,1.1159174423083853,True,False,False,False,-0.34282825441539394,-0.3359329134296287,False,False,False,False,61419040,64613478.228181824,False,False,False,False,5908504.984861089,False,False,False,False
2024-02-16 00:00:00+00:00,10.0436030851,10.2442884627,9.5862271082,9.8662532165,5976391,,,,,,,,,11.318710120567737,11.809911763438997,12.063401401668115,11.88387045666813,13.33202742986584,14.853621886234142,16.022676248556376,16.54840523589493,,,,,,,,,,9.79399982015731,10.589201892340466,11.52362909848987,11.964934402240452,11.871523512061371,14.10869560889097,15.783087326194043,16.16031100967572,,,11.809911763438997,14.853621886234142,11.61512098974983,"rgba(239, 83, 80, 1.0)",2.988578378338982,10.806385232888847,-0.25523243871314877,38.72760908600672,-7.882441367273209,False,True,False,True,False,0.0,0.0,0.0,0.0,0.0,0,0.8288157402864286,1.0802000731845463,False,False,False,False,-0.2837443129631282,-0.30983861319637845,False,False,False,False,67395431,64819548.803872064,False,False,False,False,5913533.578575082,False,False,False,False
2024-02-23 00:00:00+00:00,10.0622714923,10.2956265826,9.7355743659,10.0156004743,4099659,,,,,,,,,11.269059064839508,11.756892741911189,12.012474170592006,11.853956890615219,13.303052984631021,14.81991606580747,15.990101589646574,16.51938164964084,,,,,,,,,,9.853491123379762,10.554016638943091,11.47272304535484,11.929055449468327,11.84588624174993,14.07726613728986,15.748844944145953,16.128938865439203,,,11.756892741911189,14.81991606580747,11.585060835148488,"rgba(239, 83, 80, 1.0)",2.883904419755552,10.7873224681293,-0.25141297016034847,38.89770134997116,-7.882441367273209,False,True,False,True,False,0.0,0.0,0.0,0.0,0.0,0,0.8556140685440011,1.0710129110931366,False,False,False,False,-0.26858174761604453,-0.2892101804062115,False,False,False,False,71495090,65314033.33691858,False,False,False,False,5779172.498680632,False,False,False,False
2024-03-01 00:00:00+00:00,10.6503263198,10.6763687479,9.8942558273,10.0529372887,6106979,,,,,,,,,11.222228411967716,11.6995033505232,11.954698643295563,11.81997265348349,13.265673573013158,14.774444118982974,15.945248192379598,16.479100149883568,,,,,,,,,,10.004055595296107,10.541392585827133,11.421191969015368,11.888119306568585,11.816634097598678,14.035602318504587,15.701889353091202,16.08564084426098,,,11.6995033505232,14.774444118982974,11.563347018658899,"rgba(239, 83, 80, 1.0)",2.8529925758127597,10.79721714052658,-0.051486576576433844,40.41521940351315,-7.882441367273209,False,True,False,True,False,0.0,0.0,0.0,0.0,0.0,0,0.8396570839307875,1.0847668311335525,False,False,False,False,-0.22839674346838784,-0.25880346193729964,False,False,False,False,77602069,66224258.20085053,False,False,False,False,5803454.461741325,False,False,False,False
2024-03-08 00:00:00+00:00,10.2676239718,11.1450391112,10.1089425104,10.7530025595,12141561,,,,,,,,,11.152531338336676,11.60658050800348,11.858051031677997,11.76140819803671,13.196659708956949,14.68877891111982,15.859755757257172,16.401867439488086,,,,,,,,,,10.180658995766406,10.536407244142813,11.341034301452147,11.818027875772495,11.765765520419116,13.957728220654413,15.612666102573943,16.00296105009466,,,11.60658050800348,14.68877891111982,11.521712472256478,"rgba(239, 83, 80, 1.0)",2.779261833118526,10.80265796992451,-0.1925093892733971,40.827638783639,-7.882441367273209,False,True,False,True,True,0.0,0.0,0.0,0.0,0.0,0,0.824638630238515,1.0737552382347888,False,False,False,False,-0.17849440177685588,-0.21864893185707776,False,False,False,False,65460508,66167684.111898646,False,False,False,False,6272943.834945672,False,False,False,False
2024-03-15 00:00:00+00:00,10.5569842837,10.8276761884,10.2209529537,10.2676239718,7017255,,,,,,,,,11.119608425474668,11.560402327053037,11.808900083094583,11.730587323500592,13.15872428945212,14.641139977676703,15.811811973360227,16.358342448788505,,,,,,,,,,10.240452529221534,10.536313763080287,11.302159668392981,11.781468399436964,11.738743399314696,13.914621039931841,15.562758342282324,15.956521899363702,,,11.560402327053037,14.641139977676703,11.497736020802147,"rgba(239, 83, 80, 1.0)",2.6622285935315966,10.799633596542368,-0.09114518318672223,41.80812686101764,-7.882441367273209,False,True,False,True,True,0.0,0.0,0.0,0.0,0.0,0,0.8150643449271278,1.1127391937640352,False,False,False,False,-0.18661818494214447,-0.2026335583996111,False,False,False,False,72477763,66635097.36286912,False,False,False,False,6328077.995320067,False,False,False,False
2024-03-22 00:00:00+00:00,10.8930156137,11.1917101292,10.5663184873,10.6036553017,5488971,,,,,,,,,11.110160533273005,11.538331047881465,11.782769543611959,11.71425735474801,13.13363873617202,14.607729781710473,15.77734469004665,16.32675493630888,,,,,,,,,,10.31541714055418,10.556221559699868,11.286942529864724,11.761891002468756,11.724304265393318,13.885051377915147,15.527057458682549,15.923042760722437,,,11.538331047881465,14.607729781710473,11.49239337136673,"rgba(239, 83, 80, 0.5)",2.5872561558107976,10.817185440847943,0.029309109065890813,43.286684544064954,-9.903045657834916,False,False,False,True,True,0.0,0.0,0.0,0.0,0.0,1,0.8617979491283612,1.0831764446121799,False,False,False,False,-0.1332198363092675,-0.16792669735443932,False,False,False,False,77966734,67474477.85450844,False,False,False,False,6265921.921592654,False,False,False,False
2024-03-29 00:00:00+00:00,11.6952324565,11.8080482037,10.9210182245,10.9210182245,4849129,,,,,,,,,11.122618717870724,11.536550840641437,11.775271822987508,11.710246132572207,13.117635424329249,14.583311516096146,15.750923564209266,16.30214884062051,,,,,,,,,,10.423639876881003,10.600486227277798,11.292788430903295,11.756464273011234,11.720636327746345,13.864455359476139,15.499925903598342,15.897258012270587,,,11.536550840641437,14.583311516096146,11.50563380742208,"rgba(239, 83, 80, 0.5)",2.4343240197074483,10.859883313233205,0.34315445951487805,46.02572760100174,-7.257817943409371,True,False,False,False,True,0.0,0.0,0.0,0.0,0.0,0,0.8724042427278834,1.0389469961815443,False,False,False,False,-0.06127481890705692,-0.11460075813074812,False,False,False,False,82815863,68610876.75417449,False,False,False,False,6160974.297770976,False,False,False,False
2024-04-05 00:00:00+00:00,11.9396665754,12.0144070079,11.5260088358,11.7704429546,5318594,,,,,,,,,11.148052155255803,11.545197735004091,11.776609081109843,11.712346749069328,13.104118891477817,14.559946167717747,15.724669609558296,16.277392627730645,,,,,,,,,,10.553950085325157,10.66204434756372,11.310413069506593,11.757890575509778,11.72231906079418,13.845534108131512,15.473147920755839,15.871541835489731,,,11.545197735004091,14.559946167717747,11.529294175061631,"rgba(239, 83, 80, 0.5)",2.2646624966790023,10.918614914412819,0.4508626174913459,48.453466397410445,-4.983368084908008,True,False,False,False,True,0.0,0.0,0.0,0.0,0.0,0,0.9449802202878683,1.019456124198342,False,False,False,False,-0.0016745603316335748,-0.058137659231190845,False,False,False,False,88134457,70057067.8834949,False,False,False,True,6098575.757195349,False,False,False,False
2024-04-12 00:00:00+00:00,11.5448114603,12.0242783858,11.5072062113,11.9678705122,4058750,,,,,,,,11.6920986858,11.162647267991689,11.548464374930134,11.774964577333629,11.712071797686281,13.092926087314645,14.541515240807081,15.704186014544689,16.258118254086977,,,,,,,,,,10.629278564929706,10.700050125731915,11.31979197126969,11.756886472190084,11.72195753351957,13.830382547005911,15.452229545499204,15.85148894594533,,11.6920986858,11.548464374930134,14.541515240807081,11.401821137138269,"rgba(239, 83, 80, 0.5)",1.987434799822199,11.046018661113326,0.250973163613366,49.29777785104902,-4.248891218189385,True,False,False,False,True,0.0,-1.0,12.024279,11.507206,0.0,0,0.9107543957251034,1.061327935798208,False,False,False,False,-0.0023297932958638184,-0.03023372626352733,False,False,False,False,84075707,71095485.59582861,False,False,False,False,5947477.552958656,False,False,False,False
2024-04-19 00:00:00+00:00,11.1499563452,11.6294232707,10.9713314122,11.5542127726,3800395,,,,,,,,11.47843054431529,11.164793549439,11.54238147380494,11.765574845103883,11.706273395291323,13.079349989393911,14.521827922835358,15.683102396202566,16.23848476233817,,,,,,,,,,10.665515050723343,10.718423351700768,11.318227629534848,11.749748287556331,11.716732071378752,13.81349547456578,15.430574286799581,15.830909946292955,,11.47843054431529,11.54238147380494,14.521827922835358,11.382610019884847,"rgba(239, 83, 80, 1.0)",1.825724243898293,11.006790624044598,0.07841585148133536,49.05380517513373,-4.248891218189385,True,False,False,False,True,0.0,0.0,0.0,0.0,0.0,0,0.8499437771369461,1.1025861650816398,False,False,False,False,-0.04407403972092024,-0.03715388299222379,False,False,False,False,80275312,71775472.73687834,False,False,False,False,5788434.400887645,False,False,False,False
2024-04-26 00:00:00+00:00,11.3661865273,11.4507983377,10.8866255887,11.0841471594,3208029,,,,,,,,11.407733350319937,11.166206912684528,11.537170839885054,11.757672728989062,11.701326276995989,13.06794769496357,14.505312781171357,15.665397330958882,16.221979175889118,,,,,,,,,,10.692229049923549,10.732573364406049,11.316668353495988,11.743692917499287,11.712264924074834,13.799325427706693,15.412399396512168,15.813622273158133,,11.407733350319937,11.537170839885054,14.505312781171357,11.376753871827427,"rgba(239, 83, 80, 1.0)",1.7202964216285785,10.999685669333516,0.21304517835334627,49.361647740102256,-4.219970665157248,True,False,False,False,True,0.0,0.0,0.0,0.0,0.0,0,0.8669055332416726,1.0970537778414169,False,False,False,False,-0.04248925680314059,-0.039821569897682194,False,False,False,False,83483341,72642722.23785031,False,False,False,False,5597293.260081152,False,False,False,False
2024-05-03 00:00:00+00:00,11.1029497839,11.6200219584,10.4166539886,11.3661865273,7687003,,,,,,,,11.259687414579458,11.16066519344821,11.51804746571363,11.733189404430092,11.685275672937745,13.038447333357912,14.464170556170764,15.621764984089825,16.18139423669388,,,,,,,,,11.046541910300002,10.728056680661089,10.751927943696685,11.30512418283528,11.72459706920323,11.6978077175548,13.7635539212849,15.367552076722399,15.77104321955273,,11.259687414579458,11.51804746571363,14.464170556170764,11.291311293780542,"rgba(239, 83, 80, 1.0)",1.6122590029690036,10.946553487309309,0.0970044492247735,48.99511157589752,-4.219970665157248,True,False,False,False,True,0.0,0.0,0.0,0.0,0.0,0,0.8615856193588088,1.0722366376902457,False,False,False,False,0.003889497242259267,-0.017966036327711463,False,False,False,False,75796338,72876323.40541695,False,False,False,False,5752086.574149216,False,False,False,False
2024-05-10 00:00:00+00:00,11.1969629065,11.6106206462,11.1499563452,11.2063642188,4545649,,,,,,,,11.271294035878721,11.164890445694441,11.513567056950212,11.724928703225606,11.68004477247082,13.023736942736194,14.442203086827552,15.59786359029646,16.15895120448771,,,,,,,,,11.14785411186538,10.76140899161101,10.771878856467168,11.305470640810295,11.718134951844483,11.693007063177518,13.744913866882781,15.343108987262232,15.74765288832386,,11.271294035878721,11.513567056950212,14.442203086827552,11.305947256681815,"rgba(239, 83, 80, 1.0)",1.4945277158557924,10.988108998955571,0.1397457573577584,48.96212420922721,-4.219970665157248,True,False,False,False,True,0.0,0.0,0.0,0.0,0.0,0,0.9430142646396213,1.048519747166419,False,False,False,False,0.16126744462272694,0.07165070414750774,False,False,False,False,80341987,73429335.52353422,False,False,False,False,5662720.82791594,False,False,False,False
2024-05-17 00:00:00+00:00,11.5918180216,11.6294232707,11.0277392858,11.319179966,3660427,,,,,,,,11.290985322269153,11.170173969762374,11.511834342187301,11.720048717275468,11.677044995852055,13.012737737246873,14.425278745552882,15.579241555640047,16.141388525148205,,,,,,,,,11.209687624032398,10.789871542221617,10.789628161835749,11.307628165102896,11.714310223051855,11.690210721132717,13.730702064889154,15.324109498100546,15.729404785764563,,11.290985322269153,11.511834342187301,14.425278745552882,11.318121306359087,"rgba(239, 83, 80, 1.0)",1.4439386811840336,11.02004316258973,0.39598278407599247,49.88658287384909,-3.4999224414042445,True,False,False,False,True,0.0,0.0,0.0,0.0,0.0,0,0.9453138691234777,1.0134140907244773,False,False,False,False,0.16415717076141256,0.11790393745446015,False,False,False,False,84002414,74212526.52179094,False,False,False,False,5514402.766588834,False,False,False,False
2024-05-24 00:00:00+00:00,11.2345681556,11.9208639509,11.178160282,11.6388245829,5204700,,,,,,,11.444530796166667,11.315830940044325,11.178133532812272,11.510171248333043,11.713990049910779,11.67334420360503,12.997626611192137,14.401760247181029,15.553224453152113,16.116786965340673,,,,,,,,,11.26762207571128,10.827971606094819,10.814308504836003,11.31131468297754,11.709535077577852,11.686730160874738,13.711033311501321,15.2976015534817,15.703889233182469,,11.315830940044325,11.510171248333043,14.401760247181029,11.309340851446459,"rgba(239, 83, 80, 1.0)",1.3845286396644163,11.213988854504272,0.014863759770773411,49.66408936085877,-3.4999224414042445,True,False,False,False,True,0.0,0.0,0.0,0.0,0.0,0,0.9543119435130095,0.992387237900173,False,False,False,False,0.26189888054456173,0.18990140899951094,False,False,False,False,78797714,74552170.0386953,False,False,False,False,5491461.820915587,False,False,False,False
2024-05-31 00:00:00+00:00,11.6388245829,11.8080482037,11.3426832466,11.4319957131,3697037,,,,,,,11.507653849757622,11.344767230297112,11.186581435968977,11.511660710685788,11.712183349753134,11.672485335764147,12.988101705698556,14.386125694603896,15.535618123307357,16.10003118314397,,,,,,,,,11.316662282617829,10.858481906789564,10.83470160490247,11.316667589321296,11.708131775921077,11.685831386169824,13.698189589957266,15.279725334329617,15.686588847794072,,11.344767230297112,11.511660710685788,14.386125694603896,11.329749173601487,"rgba(239, 83, 80, 1.0)",1.2917959320753947,11.256891317365533,0.2956606814211396,50.47885097581017,-2.7360407366531803,True,False,False,False,True,0.0,0.0,0.0,0.0,0.0,0,0.9557619749213139,0.9777466610255218,False,False,False,False,0.27959573633528234,0.23474857266739663,False,False,False,False,82494751,75140509.36916232,False,False,False,False,5358541.463810729,False,False,False,False
2024-06-07 00:00:00+00:00,10.5764762971,11.7422390179,10.5482723603,11.7422390179,7874876,,,,,,,11.248551313848935,11.274708460152311,11.177059311695015,11.491955891999918,11.688185881566195,11.655812788298402,12.959091358749681,14.345878786983825,15.492616056272766,16.05973101002985,,,,,,,,,11.229644992586838,10.866058816133613,10.841065502433517,11.302790034297304,11.68874296792019,11.670658010019102,13.66315975199717,15.235691802206528,15.64452112991924,,11.274708460152311,11.491955891999918,14.345878786983825,11.280876317263385,"rgba(255, 26, 202, 1.0)",1.207457307957145,11.154740895680426,-0.47891100974722883,48.680609098423396,-2.7360407366531803,True,False,False,False,True,0.0,0.0,0.0,0.0,0.0,0,0.9818472803424452,0.9561102857667447,False,False,False,False,0.14671274998904327,0.19073066132821995,False,False,False,False,74619875,75101943.86033548,False,False,False,False,5544936.614639564,False,False,False,False
2024-06-14 00:00:00+00:00,10.2286277433,11.2063642188,10.1534172452,10.6234828584,4917806,,,,,,,11.08554608659752,11.199382919570802,11.160801586588697,11.471115103907554,11.665678226275132,11.639686822247457,12.937625531983986,14.318120541799908,15.463684368289913,16.032807685742814,,,,,,,,,11.138036711582293,10.850431196215723,10.831153584338221,11.284660606235937,11.670384216868294,11.656038118070363,13.638361533227096,15.205951971591071,15.616273926334074,,11.199382919570802,11.471115103907554,14.318120541799908,11.235719023818017,"rgba(255, 26, 202, 1.0)",1.203666585618166,11.068349228491584,-0.69763628501852,46.730621446141456,-0.01883137962568071,False,False,False,False,False,0.0,0.0,0.0,0.0,0.0,0,0.9780253655910409,0.9798713755207715,False,False,False,False,0.008408984126612114,0.09956982272741603,False,False,False,False,69702069,74701953.12994027,False,False,False,False,5498482.495036634,False,False,False,False
2024-06-21 00:00:00+00:00,10.3414434905,10.7033940127,10.073506091,10.2098251188,4651308,,,,,,,10.959708259911519,11.127256317638974,11.142524393865079,11.449072983133318,11.642353616771706,11.622760539240915,12.916370601482898,14.291165018284202,15.435770027961873,16.006865290997474,,,,,,,,10.372781198066667,11.053767305575425,10.830338331763585,10.817765616330902,11.264879921668735,11.651235214942005,11.64067520694944,13.614101571125765,15.177236632429953,15.589028891339996,,11.127256317638974,11.449072983133318,14.291165018284202,11.06604479447259,"rgba(255, 26, 202, 1.0)",1.1857541151761082,10.878378270298146,-0.4528213505026723,45.63662677743524,-1.0674103868982598,False,False,False,True,False,0.0,0.0,0.0,0.0,0.0,1,0.9088149000788935,1.0416087400643328,False,False,False,False,-0.07770825061280905,0.010930786057303493,False,False,False,False,74353377,74676132.67587061,False,False,False,False,5435728.828737623,False,False,False,False
2024-06-28 00:00:00+00:00,10.4335763507,10.8303117282,10.3414434905,10.4448579254,4057597,,,,,,,10.903041873599353,11.08537104609552,11.130478165913235,11.433347509556581,11.625198028359687,11.610230053765815,12.899279462853565,14.268911005805862,15.412440364642938,15.985074197725691,,,,,,,,10.448412633063665,11.008310205928469,10.819887966435477,10.810742661330702,11.251326721267738,11.637049357328152,11.629248377141865,13.59427596278054,15.153300859843357,15.566224176792185,,11.08537104609552,11.433347509556581,14.268911005805862,11.051611681155043,"rgba(255, 26, 202, 1.0)",1.1591413899439784,10.86128393967175,-0.3689865556370327,45.10801527571339,-1.583841500641853,False,False,False,True,False,0.0,0.0,0.0,0.0,0.0,1,0.9282687029308332,1.0386702137800277,False,False,False,False,-0.019322972767554986,-0.004196093355125746,False,False,False,False,78410974,74952787.5887691,False,False,False,False,5333644.989571873,False,False,False,False
2024-07-05 00:00:00+00:00,10.4809586229,10.8315874376,10.3672411695,10.5378173497,3587013,,,,,,,10.866833051572556,11.054448176028357,11.120647671282596,11.420261545336993,11.610804151940966,11.599641032881069,12.884529986260912,14.249585697430275,15.392104591772657,15.966041449470035,,,,,,,,10.480944643517683,10.976068048743068,10.812000071359066,10.805351997730222,11.240158711119214,11.625081437954796,11.619566425721553,13.577101535208863,15.132458300571006,15.546333573166205,,11.054448176028357,11.420261545336993,14.249585697430275,11.038751806863072,"rgba(255, 26, 202, 1.0)",1.1353238033313082,10.844573479965415,-0.32027414205399746,44.86641993768286,-1.8545887219474366,False,False,False,True,False,0.0,0.0,0.0,0.0,0.0,1,0.9353376726364531,1.020721334603842,False,False,False,False,-0.01532909438490475,-0.009762593870015247,False,False,False,False,81997987,75474654.21182323,False,False,False,False,5204264.84219618,False,False,False,False
2024-07-12 00:00:00+00:00,10.6325818942,10.670487712,10.1587591716,10.3861940784,5820448,,,,,,,10.811340788039866,11.005007658890198,11.103421494062355,11.398117870221043,11.586699173486279,11.581736398893922,12.860252806009298,14.218043400096146,15.35897636902962,15.935029360382877,,,,,,,,10.482978872690516,10.924994622427896,10.796762315822955,10.794632923635838,11.220929468078783,11.604930950344132,11.603171763087525,13.548982268398934,15.098506740111626,15.513926956855233,,11.005007658890198,11.398117870221043,14.218043400096146,11.012488518735573,"rgba(255, 26, 202, 1.0)",1.1319691044523126,10.806080485512119,-0.15327149003423066,45.14309527849386,-1.8545887219474366,False,False,False,True,False,0.0,0.0,0.0,0.0,0.0,1,0.946703016987723,1.0140202647783927,False,False,False,False,-0.06994616635098244,-0.03985438011049884,False,False,False,False,87818435,76389008.34428076,False,False,False,False,5249908.039070537,False,False,False,False
2024-07-19 00:00:00+00:00,10.376717624,10.8789697099,10.3530264879,10.6515348031,3772182,,,,,,10.5362379406,10.787530155568207,10.979940973622934,11.09359718787017,11.385061319390811,11.572293218899029,11.570942685409321,12.84509911991013,14.198146631679442,15.33795759645495,15.915296464278308,,,,,,,,10.492157320585047,10.900338293431668,10.78907312567218,10.789110065203653,11.209780459355402,11.592804029407159,11.593252895214368,13.53131722862271,15.076997664418021,15.493347739650575,,10.979940973622934,11.385061319390811,14.198146631679442,10.896282684130007,"rgba(255, 26, 202, 1.0)",1.122191840273107,10.67906592754623,-0.26942657457984004,44.70519744331735,-2.1453381114890036,False,False,False,True,False,0.0,0.0,0.0,0.0,0.0,1,1.0186037548359759,0.9875493111234581,False,False,False,False,-0.010436849925832643,-0.025145615018165743,False,False,False,False,84046253,76956211.65211183,False,False,False,False,5140446.850991239,False,False,False,False
2024-07-26 00:00:00+00:00,9.8176068114,10.4856968502,9.6754599946,10.3293353517,5869450,,,,,,10.205487883642805,10.693218942745071,10.904125495635622,11.064710843915416,11.353002225666753,11.539295687439237,11.545994203562508,12.816452279818487,14.163081199738723,15.3019549935299,15.88180516125689,,,,,,,,10.38659346334961,10.818832459439863,10.754116223703036,10.763483388693949,11.17971138834391,11.565045954253078,11.570433603054301,13.49932685831532,15.039973653598723,15.458190286417484,,10.904125495635622,11.353002225666753,14.163081199738723,10.812328231513604,"rgba(255, 26, 202, 1.0)",1.1396605632773689,10.526033187294336,-0.621611731353664,43.12113361931003,-3.746422771608252,False,True,False,True,False,0.0,0.0,0.0,0.0,0.0,1,0.9867287126417271,0.9786196560971651,False,False,False,False,-0.16997787724657015,-0.09756174613236795,False,False,False,False,78176803,77046625.82602948,False,False,False,False,5194447.084251147,False,False,False,False
2024-08-02 00:00:00+00:00,8.926820093,10.2250943528,8.8699613663,9.8176068114,10770928,,,,,,9.749132926993623,10.451307952001315,10.710965902121652,10.985493561892799,11.27140836174446,11.458111161710338,11.483814666594963,12.753547702789817,14.09040056815243,15.22916915879664,15.814621406065083,,,,,,,,10.094188528591785,10.609657325319013,10.648718459859671,10.684129027837457,11.099934417433127,11.496408375601366,11.513574824407183,13.431456505103037,14.964813620282753,15.387266654397735,,10.710965902121652,11.27140836174446,14.09040056815243,10.63049364637949,"rgba(255, 26, 202, 1.0)",1.1749300557706654,10.226071683226433,-1.1058118599019258,40.3300174984948,-6.446875738606494,False,True,False,True,False,0.0,0.0,0.0,0.0,0.0,0,0.9537101112774197,0.9994732526710302,False,False,False,False,-0.33788047005096006,-0.217721108091664,False,False,False,False,67405875,76332496.13521248,False,False,False,False,5607519.744676988,False,False,False,False
2024-08-09 00:00:00+00:00,9.3911663611,9.4859309056,8.2492535997,8.443520916,7018472,,,,,,9.568236641366646,10.304221391984196,10.58662925427169,10.929000430320542,11.21402589337363,11.401347174160867,11.439765150691162,12.710290009403472,14.04130532947439,15.180333686628812,15.769596788230688,,,,,,,9.042116955466666,9.932073123492803,10.477321342187714,10.574274210606537,10.626548949130486,11.043367009113386,11.4480340267405,11.473180920553606,13.385269807154277,14.914352754888125,15.339692050832635,,10.58662925427169,11.21402589337363,14.04130532947439,10.308378930794067,"rgba(255, 26, 202, 1.0)",1.1908216611436855,9.711662028077578,-0.2691382575874281,39.79320416451695,-6.935279159411579,False,True,False,True,False,0.0,0.0,0.0,0.0,0.0,0,0.942817156776999,1.0116568428048522,False,False,False,False,-0.34282825441539394,-0.28027468125352895,False,False,False,False,74424347,76191151.75482638,False,False,False,False,5712034.726552766,False,False,False,False
2024-08-16 00:00:00+00:00,9.6659835401,9.8839419925,9.4480250878,9.4480250878,4532989,,,,,,9.582098652560216,10.263913025817054,10.544361827307512,10.905724254100466,11.188710968192337,11.375407242791397,11.419335523274553,12.687544511274828,14.013994908501317,15.152364511025059,15.743501082238469,,,,,,,9.286932772769912,9.9079882226636,10.43537000126057,10.547881534168278,10.605275466582219,11.019339238190252,11.425633543297954,11.454303186770389,13.360163784814413,14.885630506896925,15.31234916206912,,10.544361827307512,11.188710968192337,14.013994908501317,10.309888499542007,"rgba(255, 26, 202, 1.0)",1.2050117496563546,9.760233168452695,-0.07821469656173377,40.22341595900244,-6.935279159411579,False,True,False,True,False,0.0,0.0,0.0,0.0,0.0,0,0.9797681252953105,1.0057966942974066,False,False,False,False,-0.14956628119773505,-0.214920481225632,False,False,False,False,78957336,76396054.2915059,False,False,False,False,5624698.006067376,False,False,False,False
2024-08-23 00:00:00+00:00,9.6849364491,9.8649890836,9.41011927,9.6849364491,4321096,,,,,,9.59058357563228,10.229242184611747,10.507002048758215,10.884102884462324,11.165144402934168,11.351214173580672,11.40015701142708,12.666087075890669,13.988201895176099,15.125904816004374,15.718780820129522,,,,,,,9.38668459781639,9.8877622355998,10.3986352646797,10.523771474158414,10.585594273175165,10.99699563693159,11.404648625430225,11.43654685584673,13.336464080408595,14.858476449791672,15.28647085701389,,10.507002048758215,11.165144402934168,13.988201895176099,10.299037417582563,"rgba(255, 26, 202, 1.0)",1.221517699241718,9.773568148415055,-0.07255866973526051,40.58785488810036,-6.935279159411579,False,True,False,True,False,0.0,0.0,0.0,0.0,0.0,0,0.9698261879178035,1.0095187693104066,False,False,False,False,-0.15618285928386347,-0.18555167025474772,False,False,False,False,83278432,76905860.04769066,False,False,False,False,5528134.894506829,False,False,False,False
2024-08-30 00:00:00+00:00,9.7417951758,9.9408007192,9.5048838145,9.893418447,4258585,,,,,,9.605139204267106,10.202739085879651,10.476134836168557,10.8647808317522,11.143745770233357,11.32906243195813,11.382461995396142,12.645759650024528,13.963518198806907,15.100433667680107,15.694915802167303,,,,,,,9.459132559200555,9.87624807380468,10.369013552142999,10.503210552439775,10.568492035102208,10.976881817284127,11.385322358016372,11.42011622706107,13.313876578713796,14.832375346049155,15.26153758407654,,10.476134836168557,11.143745770233357,13.963518198806907,10.290177254804187,"rgba(255, 26, 202, 1.0)",1.2372342053073118,9.785814730787997,-0.03557899935126957,41.02923921455897,-6.935279159411579,False,True,False,True,False,0.0,0.0,0.0,0.0,0.0,0,0.9658500936777803,1.0259992188898777,False,False,False,False,-0.13637143362581544,-0.16096155194028158,False,False,False,False,87537017,77693353.15526913,False,False,False,False,5434094.161580397,False,False,False,False
2024-09-06 00:00:00+00:00,8.6899087317,9.5285749506,8.6614793683,9.49540736,3786655,,,,,,9.550031003091462,10.146810788502231,10.424460181712039,10.836860664251084,11.115188646504992,11.300639444734768,11.359864792559831,12.623215000093115,13.937865508076085,15.074771804702522,15.671139194539306,,,,,,,9.380108164137344,9.820687720571685,10.315676855988787,10.46850269932913,10.54042944356447,10.948826093262143,11.360699586235075,11.399243938450121,13.2897696502411,14.805924236914578,15.236498221205201,,10.424460181712039,11.115188646504992,13.937865508076085,10.243239361441036,"rgba(255, 26, 202, 1.0)",1.2758338741620132,9.72440941907568,-0.8108427815926715,39.21656996113738,-7.557360936905184,False,True,False,True,False,0.0,0.0,0.0,0.0,0.0,0,0.8981155689340429,1.0615534738677643,False,False,False,False,-0.28582279361673196,-0.22339217277850676,False,False,False,False,83750362,78142020.47710106,True,False,False,False,5312061.63109296,False,False,False,False
2024-09-13 00:00:00+00:00,8.7372910039,8.9836788197,8.2634682814,8.6899087317,6190401,,,,,,9.441155144016696,10.045021349250154,10.331413962263577,10.785952837772935,11.063830485645243,11.249872131818563,11.31933357023666,12.583991855199665,13.894009294083515,15.03125316415934,15.630915900157836,,,,,,8.661479368333332,9.232354372423407,9.716138402000228,10.21927598781926,10.404419439026443,10.488325505377095,10.89796707905284,11.316632146080172,11.36179071882435,13.248251807913068,14.76100952724428,15.194063247917953,,10.331413962263577,11.063830485645243,13.894009294083515,9.932553636828313,"rgba(255, 26, 202, 1.0)",1.3094385084812972,9.262781821693416,-0.40131003814977706,38.07966737531726,-8.671510091179606,False,True,False,True,False,0.0,0.0,0.0,0.0,0.0,0,0.8716864580325496,1.0732472732170746,False,False,False,False,-0.34282825441539394,-0.2831102135969503,False,False,False,False,89940763,79016001.40472321,False,False,False,False,5377123.806567555,False,False,False,False
2024-09-20 00:00:00+00:00,9.2111137265,9.305878271,8.7704585945,8.8699613663,5400859,,,,,,9.40780268645681,9.99147083260268,10.277023699794068,10.752135675907317,11.028536614192594,11.214317909503059,11.290571787086492,12.554119874482959,13.859464843950951,14.996320843262998,15.598361619614113,,,,,,8.863855604610388,9.211587281052713,9.670887720854546,10.16491882612415,10.365145981390743,10.455431615521059,10.863672398202894,11.285443704823017,11.33506439542222,13.216005842898584,14.725108756687376,15.159917440766252,,10.277023699794068,11.028536614192594,13.859464843950951,9.916025992431447,"rgba(255, 26, 202, 1.0)",1.3270488196720158,9.288533323243614,-0.0583396749207373,38.805288151533226,-8.671510091179606,False,True,False,True,False,0.0,0.0,0.0,0.0,0.0,0,0.8785665438242962,1.074462845723549,False,False,False,False,-0.24800199442534682,-0.2655561040111486,False,False,False,False,95341622,80225306.63400298,False,False,False,False,5378881.9690440325,False,False,False,False
2024-09-27 00:00:00+00:00,9.2006896266,9.6091248134,8.9742023652,9.2584959988,5780511,,,,,,9.394081355386803,9.94989449181579,10.231324063536649,10.720879554205627,10.995255129276652,11.180415540584042,11.262861608949489,12.524213106945137,13.82430465328966,14.960421776797796,15.564754194492851,,,,,,8.996119422963691,9.218552478249638,9.64122791217307,10.120430862514624,10.330793577718564,10.425986368532609,10.831688203048103,11.255470142902972,11.309212590125119,13.183407828143366,14.688300165311706,15.124778532478407,,10.231324063536649,10.995255129276652,13.82430465328966,9.902929008709707,"rgba(255, 26, 202, 1.0)",1.347379112310101,9.3124952921933,-0.08298010899219693,39.30089974454393,-8.671510091179606,False,True,False,True,False,0.0,0.0,0.0,0.0,0.0,0,0.8700881862890948,1.094013047328287,False,False,False,False,-0.19220179714937352,-0.22887895058026106,False,False,False,False,89561111,80916847.69815092,False,False,False,False,5408632.267633364,False,False,False,False
2024-10-04 00:00:00+00:00,9.8606143503,10.0997175111,9.1528689944,9.1528689944,6768993,,,,,9.704400285266667,9.424759203703676,9.93454798908918,10.20495104943353,10.696521684407374,10.967401664865386,11.151009169145873,11.238333074687304,12.494538147681347,13.787741481289817,14.922175050842792,15.52858465946678,,,,,,9.194719110983623,9.28698358264254,9.64616642426159,10.097752316870528,10.308768208003336,10.40573472999091,10.805940371258298,11.229032167299001,11.286122393323982,13.15014780648901,14.649290583286174,15.087228591292508,,10.20495104943353,10.967401664865386,13.787741481289817,9.820878290024558,"rgba(255, 0, 0, 1.0)",1.3564994830167643,9.402715545649126,0.33755914424127736,41.6439626653422,-11.655392343059447,False,True,False,True,True,0.0,0.0,0.0,0.0,0.0,0,0.8507566637121575,1.0767598915626677,False,False,False,False,-0.11995479367848683,-0.17441687212937396,False,False,False,False,96330104,82058570.38717677,False,False,False,False,5509399.729290152,False,False,False,False
2024-10-11 00:00:00+00:00,9.7554089596,10.0595481801,9.4302286609,9.9179991089,4617211,,,,,9.722240657087541,9.445204272703647,9.926934941090535,10.189878663640707,10.681273387383461,10.949720211368266,11.132203783319119,11.222507417609304,12.474965830333035,13.763436104734753,14.896621549490247,15.504352490080835,,,,,,9.283614091850005,9.32742788982665,9.651341729338455,10.085227837404355,10.295642718378128,10.393387147870609,10.789716805294647,11.212015252395538,11.271177362762392,13.128108260929249,14.623263796634903,15.062119307781286,,10.189878663640707,10.949720211368266,13.763436104734753,9.832089994919063,"rgba(255, 0, 0, 1.0)",1.3670090539620379,9.444621727866961,0.22734833454999923,43.051483850911936,-10.321600685820002,False,True,False,True,True,0.0,0.0,0.0,0.0,0.0,0,0.8671527773092331,1.0789304614149016,False,False,False,False,-0.07944861960991145,-0.1269327458696427,False,False,False,False,91712893,82773705.39553404,False,False,False,False,5443311.675268659,False,False,False,False
2024-10-18 00:00:00+00:00,9.3345873966,9.6262932528,8.9998429715,9.6215111896,5255897,,,,,9.595281464621882,9.436820847265665,9.89994734514221,10.158381461491599,10.65680463681644,10.923252542318556,11.1049653371971,11.199781968071788,12.449577248336968,13.733209511077337,14.865445066770382,15.474980928078926,,,,,,9.289273792823193,9.326775872276738,9.633300888493213,10.055233446242388,10.270311207944081,10.370920943864393,10.764496033559846,11.187585238143708,11.249829747496301,13.100230517706903,14.591398481014107,15.031542639345174,,10.158381461491599,10.923252542318556,13.733209511077337,9.803624727016537,"rgba(255, 0, 0, 1.0)",1.3833587762854092,9.41203799424687,-0.05598735409395362,43.025471749844016,-10.321600685820002,False,True,False,True,True,0.0,0.0,0.0,0.0,0.0,1,0.8665961435876416,1.0738001924084324,False,False,False,False,-0.17768035722041137,-0.15230655154502704,False,False,False,False,86456996,83046541.73660558,False,False,False,False,5429429.1067302395,False,False,False,False
2024-10-25 00:00:00+00:00,9.4876134195,9.5449981781,9.076355983,9.3824080288,4258952,,,,,9.549306335081576,9.43335787583369,9.881497767416924,10.135893347414349,10.638322724875696,10.90306970560944,11.08408162547698,11.18223532090392,12.42962234815738,13.709287230285781,14.840659569387068,15.451573903544318,,,,,,9.298218608774548,9.329712389188602,9.622152590531355,10.034122142539598,10.251748230907415,10.354218872802289,10.745363258513349,11.168758876846214,11.23330531942,13.078229707861244,14.56609637870426,15.007215934932368,,10.135893347414349,10.90306970560944,13.709287230285781,9.789022816049036,"rgba(255, 0, 0, 1.0)",1.3973492368396534,9.402648802219602,0.060804139037253686,43.484637259336154,-9.869896152092245,False,True,False,True,True,0.0,0.0,0.0,0.0,0.0,1,0.8743751385477709,1.0690701928939976,False,False,False,False,-0.1782320850667624,-0.16526931830589472,False,False,False,False,90715948,83614645.90426444,False,False,False,False,5342727.098824296,False,False,False,False
2024-11-01 00:00:00+00:00,8.8563810751,9.3058950173,8.7703039372,9.1624331209,5562015,,,,,9.429129527254902,9.404601177238286,9.84220992037115,10.09430944781511,10.607752728455617,10.870946400064916,11.051485920454958,11.154971315507934,12.400658056897804,13.67565031852221,14.80632936914711,15.41932064049349,,,,,8.977526676533333,9.257527382841117,9.300800418640705,9.58841749165272,9.993273889059255,10.218349633732347,10.324867518780646,10.714252247315562,11.139519172724942,11.207707795037129,13.046888290973769,14.530953960251049,14.973571258092834,,10.09430944781511,10.870946400064916,13.67565031852221,9.610614556513891,"rgba(255, 26, 202, 1.0)",1.4213256052095502,9.241246001317515,-0.2707788594020113,42.3499318438807,-9.869896152092245,False,True,False,True,True,0.0,0.0,0.0,0.0,0.0,1,0.8701354872667274,1.0830579742147546,False,False,False,False,-0.24192685532839234,-0.20359808681714353,False,False,False,False,85153933,83728667.17061523,False,False,False,False,5358970.647059534,False,False,False,False
2024-11-08 00:00:00+00:00,9.4206645345,9.7745372125,8.9711505923,8.9807147187,7171628,,,,,9.420527032324522,9.40341135262181,9.818148812376643,10.063097110654361,10.579492854188398,10.839735558547002,11.018961611380563,11.127251483355654,12.368422935853577,13.636713874835563,14.765734770855302,15.380829701782826,,,,,9.209148165159151,9.275982384672806,9.309222073963575,9.575798222618829,9.96457184949371,10.191229950926038,10.29982293759133,10.684843103707452,11.109906210590218,11.18147809977868,13.011190358858565,14.48959630529128,14.933677930586105,,10.063097110654361,10.839735558547002,13.636713874835563,9.623113695481143,"rgba(255, 0, 0, 1.0)",1.4346484657862444,9.303719914030014,0.08151447776852873,43.25008135341699,-9.869896152092245,False,True,False,True,True,0.0,0.0,0.0,0.0,0.0,1,0.8413674081324506,1.0525546219727568,False,False,False,False,-0.16392099752372574,-0.18375954217043464,False,False,False,False,92325561,84365474.12094003,False,False,False,False,5493241.562092161,False,False,False,False
2024-11-15 00:00:00+00:00,9.4684851667,9.7458448332,8.8229066326,9.3632797759,6053700,,,,,9.409120557372468,9.399968313855732,9.79789554641887,10.03727295008878,10.555812390378733,10.813643477447902,10.991782427377109,11.10395832198005,12.34135958842332,13.604065782328837,14.731668158379941,15.34848855303308,,,,,9.253162880454326,9.283383786751212,9.311952472712159,9.564144753103005,9.940725110903923,10.168525003811823,10.278751850256745,10.66022414120639,11.085072264603491,11.159401267456024,12.981243311249214,14.454909645467986,14.900186236794072,,10.03727295008878,10.813643477447902,13.604065782328837,9.61661513754723,"rgba(255, 0, 0, 1.0)",1.447253749800287,9.314404924322542,0.10646387504521664,44.03174941660461,-9.287969629973773,False,False,False,True,True,0.0,0.0,0.0,0.0,0.0,1,0.8426571921870339,1.0541380659743111,False,False,False,False,-0.18430826054273372,-0.18403390135658418,False,False,False,False,98379261,85403532.40827781,False,False,False,False,5534757.001937185,False,False,False,False
2024-11-22 00:00:00+00:00,10.2240511547,10.3770771776,9.5449981781,9.564126431,7332162,,,,10.048708836800001,9.508854909271566,9.443718802233034,9.810276618943778,10.037750743664922,10.54429136510486,10.797797986904905,10.973586268236234,11.087507645533085,12.316764153052834,13.571600961923426,14.696287296028856,15.31431175486017,,,,,9.476485329726293,9.370529062232952,9.373123453444572,9.592155860920554,9.945540356201192,10.164750667284958,10.272758646032392,10.646903917388558,11.06769871241448,11.143455257173041,12.952508710545796,14.419213863342568,14.865221534426222,10.048708836800001,10.037750743664922,10.797797986904905,13.571600961923426,9.660714397343886,"rgba(239, 83, 80, 1.0)",1.4506270856420451,9.601144534507704,0.4294050665106661,46.61229309152225,-6.7838797927638765,False,False,False,False,True,0.0,-1.0,10.377077,9.544998,0.0,1,0.8693909042031517,1.0323265209935293,False,False,False,False,-0.030962314557610816,-0.1074981079570975,False,False,False,False,105711423,86907820.60025723,False,False,False,True,5667898.112904801,False,False,False,True
2024-11-29 00:00:00+00:00,9.7936654653,10.306302642,9.6215111896,10.2144870283,3912737,,,,9.999455901040466,9.539453011137278,9.459817846001993,9.812763255231436,10.034902640264619,10.536659362029239,10.788060277114006,10.962717886107601,11.077769208953589,12.303048017270054,13.553831467640064,14.677056131771291,15.295767953476933,,,,,9.53259555287672,9.401269019479034,9.395780998114864,9.601582327988735,9.944648269989631,10.160492091178345,10.267745536209752,10.638403989417073,11.057408674389512,11.134055546073027,12.936667705200042,14.39979150143832,14.846226097513048,9.999455901040466,10.034902640264619,10.788060277114006,13.553831467640064,9.672226882212478,"rgba(239, 83, 80, 1.0)",1.4576130046989197,9.618193371133373,0.12038318374009874,47.33286739618181,-6.108181663568395,True,False,False,False,True,0.0,0.0,0.0,0.0,0.0,1,0.8711575696089449,1.0355125063008586,False,False,False,False,0.020808511735533834,-0.04334479811078183,False,False,False,False,101798686,88010847.66690484,False,False,False,False,5537886.178615556,False,False,False,False
2024-12-06 00:00:00+00:00,9.1337407416,9.831921971,9.0954842359,9.7936654653,4001414,,,,9.82998056081378,9.525924003835565,9.456177839761821,9.801022332021748,10.020041167378226,10.522343469073883,10.772199923927174,10.946121233938246,11.06334427520829,12.285978479700246,13.533105585040454,14.655284728119955,15.275000703591893,,,,,9.51156423759016,9.398637433480362,9.394031742312585,9.59422207847067,9.930927970333405,10.147078696846974,10.255105513275243,10.623483235368203,11.042099167797161,11.120319422033296,12.9177087082096,14.377675493669836,14.824790143707409,9.82998056081378,10.020041167378226,10.772199923927174,13.533105585040454,9.646252936599833,"rgba(255, 0, 0, 1.0)",1.4742175325575382,9.566526558929967,-0.2935698482564851,46.324978617753374,-6.108181663568395,False,False,False,False,True,0.0,0.0,0.0,0.0,0.0,1,0.8820929886054272,1.0576940118687534,False,False,False,False,-0.06042364754315658,-0.05188422282696921,False,False,False,False,97797272,88735767.98787485,False,False,False,False,5424073.424644033,False,False,False,False
2024-12-13 00:00:00+00:00,9.009407098,9.5784726206,8.942458213,9.2389461323,4064591,,,,9.692493681738691,9.501870661201092,9.446769162779843,9.78521485843745,10.001758404969932,10.506003324130862,10.754478972326796,10.927774775994102,11.04744553392533,12.267806417432023,13.511378369942337,14.632619131236323,15.253427730978805,,,,,9.47584700888274,9.386829788019853,9.38522675431593,9.581999336207721,9.913551474308074,10.13096403094433,10.240167845267425,10.606614507328034,11.025226634593272,11.1052058284883,12.897708746746716,14.354623668615142,14.802487697473705,9.692493681738691,10.001758404969932,10.754478972326796,13.511378369942337,9.617156113086134,"rgba(255, 0, 0, 1.0)",1.4896385311121836,9.514260284960594,-0.33890986062482115,45.33691004392633,-6.108181663568395,False,False,False,True,False,0.0,0.0,0.0,0.0,0.0,1,0.8923769200385402,1.0439032220007989,False,False,False,False,-0.11959350839042517,-0.08573886560869719,False,False,False,False,93732681,89105909.6924767,False,False,False,False,5323371.022818549,False,False,False,False
2024-12-20 00:00:00+00:00,8.4833801443,8.9615864658,8.2634052364,8.9328940865,7203144,,,,9.387395308855048,9.400419605455905,9.397361985927969,9.732999742018688,9.948762186086048,10.465205463692348,10.712298915365436,10.885220822023875,11.010982116498123,12.229892933381919,13.468080854269337,14.588488826129824,15.211785653069166,,,,,9.331726583934717,9.316381601802352,9.330561250625337,9.532051114252639,9.860821304461421,10.086319633352657,10.200135938452462,10.565371549392514,10.986481846680443,11.070735808858677,12.857085742541717,14.309536778253472,14.759173233398181,9.387395308855048,9.948762186086048,10.712298915365436,13.468080854269337,9.523848068342012,"rgba(255, 26, 202, 1.0)",1.5153959516132596,9.358980775012006,-0.5778032003977964,43.54697501375509,-2.8853618274301454,False,False,False,True,False,0.0,0.0,0.0,0.0,0.0,1,0.8587203029527494,1.047138968497654,False,False,False,False,-0.34282825441539394,-0.21428356001204557,False,False,False,False,86529537,88915067.27081177,False,False,False,False,5462613.46557273,False,False,False,False
2024-12-27 00:00:00+00:00,8.5312007764,8.7894321901,7.8617119263,8.38773888,6369111,,,,9.195007686704704,9.312103102391456,9.349774167536332,9.684014867815476,9.899510851993027,10.427330716078908,10.673393898590772,10.846099626604705,10.977371048848118,12.195435965821058,13.429075879956494,14.548878731680528,15.174434436714828,,,,8.394114964266665,9.216152857158159,9.251073603451685,9.278178750029799,9.484491305080496,9.811649096310402,10.044595227816117,10.162666304438549,10.527187014708641,10.95081520279599,11.03894584939725,12.820353194198907,14.269051759163856,14.720301632901531,9.195007686704704,9.899510851993027,10.673393898590772,13.429075879956494,9.297656040074518,"rgba(255, 0, 0, 1.0)",1.532682688106633,9.029344652630245,-0.3250143556104336,42.4172611935738,-3.9601528500697043,False,True,False,True,False,0.0,0.0,0.0,0.0,0.0,1,0.8272205732761688,1.0615705361357135,False,False,False,False,-0.34282825441539394,-0.27855590721371976,False,False,False,False,92898648,89210147.3248257,False,False,False,False,5529761.431085861,False,False,False,False
2025-01-03 00:00:00+00:00,9.5241483825,9.5916955341,8.5312007764,8.6268420407,5085584,,,,9.197776773405472,9.305788681882044,9.344880777867688,9.67072163979958,9.882639624426302,10.409892829483955,10.654118185318287,10.825908110465909,10.959487210894261,12.174215148271776,13.403371390985393,14.521786404900258,15.148481265606982,,,,8.758868976157286,9.216110627338976,9.249179556809798,9.275506673638287,9.475810250808514,9.796111342304279,10.028590757036861,10.14723416781038,10.509025486282106,10.931960672783843,11.021817497937299,12.796818424728263,14.241586423739026,14.693589609235824,9.197776773405472,9.882639624426302,10.654118185318287,13.403371390985393,9.329075530001191,"rgba(239, 83, 80, 1.0)",1.529550471095054,9.119636264695945,0.2644647074080869,44.3681634167348,-3.9601528500697043,False,False,False,True,False,0.0,0.0,0.0,0.0,0.0,1,0.8647689861674973,1.0194461016397216,False,False,False,False,-0.11850453264613062,-0.1985302199299252,False,False,False,False,97984232,89860079.52298675,False,False,False,False,5496859.399153575,False,False,False,False
2025-01-10 00:00:00+00:00,9.8425849546,10.1127735612,9.6592426858,9.6592426858,4347460,,,,9.266996864710134,9.335781560497317,9.360813244690116,9.675478801865252,9.882410230053113,10.403349884756361,10.645370707137678,10.815910185694438,10.950127038515483,12.160281197231047,13.385047685018066,14.501679367784378,15.128906409326152,,,,9.064983270539997,9.262743366766323,9.276405947656915,9.296523108286491,9.486441564187599,9.797755667356311,10.026040555859227,10.143446194144548,10.50156717238169,10.92220083324425,11.0126533545365,12.780582017606575,14.221376155396356,14.67366872696705,9.266996864710134,9.882410230053113,10.645370707137678,13.385047685018066,9.382392339655645,"rgba(239, 83, 80, 0.5)",1.5103810308901302,9.232626265628443,0.40384424625094906,46.51641580324485,-7.328290121531474,True,False,False,False,True,0.0,0.0,0.0,0.0,0.0,1,0.9254725674112753,0.9851991697971746,False,False,False,False,0.12022490622224741,-0.039152656853838896,False,False,False,False,102331692,90783902.66943218,False,False,False,False,5411718.702919977,False,False,False,False
2025-01-17 00:00:00+00:00,9.7653882098,10.1224231542,9.6640674823,9.9004825131,5502006,,,9.8506262821,9.334149788740717,9.368152588345172,9.37887488368753,9.680577018691393,9.881600545555662,10.394977183266047,10.634284982739057,10.803279945764539,10.93828432124061,12.14272785787315,13.361992206707894,14.4763666807481,15.104242630021538,,,,9.267883190581966,9.311305914937432,9.30653001942389,9.320193679514885,9.498416734171288,9.79917526987857,10.022508452736346,10.138441599923876,10.49206965979279,10.909862957280607,11.001054056445989,12.760144490852479,14.195943462094714,14.648583492441107,9.334149788740717,9.881600545555662,10.634284982739057,13.361992206707894,9.431671010019429,"rgba(239, 83, 80, 1.0)",1.4795934409986966,9.44099129409003,0.21924733289639933,47.8531416787517,-6.104110872387928,True,False,False,False,True,0.0,0.0,0.0,0.0,0.0,1,0.9156974902446237,0.9951427480611712,False,False,False,False,0.2656260194900202,0.11323668131809064,False,False,False,False,96829686,91231738.47169645,False,False,False,False,5418406.650851831,False,False,False,False
2025-01-24 00:00:00+00:00,9.4180028585,9.9487304786,9.3456309103,9.7750378029,3452135,,,9.742738854004864,9.350083119246783,9.375843164110615,9.383214635446752,9.678607865190362,9.876710798199296,10.387217518428562,10.625058096776575,10.793244042419346,10.929104725364676,12.130521835583666,13.346538743356438,14.459672564243062,15.08806708777718,,,,9.310121681305553,9.324092056055731,9.314951049658504,9.32673505401197,9.499879667248466,9.795391407822603,10.016872693934491,10.1324189729882,10.483712287333955,10.900258707065987,10.992152058721338,12.746246869619851,14.17911878456684,14.632066763410693,9.350083119246783,9.876710798199296,10.625058096776575,13.346538743356438,9.430626714627959,"rgba(239, 83, 80, 1.0)",1.462405202467104,9.431758927653233,-0.009406468966348386,47.924112222203554,-6.06135797022894,True,False,False,False,True,0.0,0.0,0.0,0.0,0.0,1,0.9330513172584299,0.9839388320542617,False,False,False,False,0.20524155452909779,0.15923911792359421,False,False,False,False,93377551,91390687.54786709,False,False,False,False,5272756.89893688,False,False,False,False
2025-01-31 00:00:00+00:00,8.8969248315,9.3890540792,8.8293776798,9.3408061137,4926863,,,9.492762420555808,9.3227621375956,9.358507098828607,9.372435894666518,9.662630241140398,9.858302846925941,10.369334595992402,10.605652537792416,10.773085331258404,10.91116354635934,12.109719424018849,13.321621692741088,14.433469699523721,15.062932901229193,,,,9.265029501889096,9.3053240771357,9.302922941294216,9.316380919716282,9.486940925523097,9.777906725447414,9.999755759408039,10.116101133800528,10.465240050441222,10.881393876377897,10.974950393779162,12.723330633027402,14.152568222844327,14.606219614460379,9.3227621375956,9.858302846925941,10.605652537792416,13.321621692741088,9.388569615834532,"rgba(255, 0, 0, 1.0)",1.4594907570737945,9.34646953429405,-0.3080147651605307,46.758321294780686,-6.06135797022894,True,False,False,False,True,0.0,0.0,0.0,0.0,0.0,1,0.9440957093126399,0.9975640645086706,False,False,False,False,-0.014311612254343126,0.07246375283462554,False,False,False,False,88450688,91172909.80358064,False,False,False,False,5247135.128645259,False,False,False,False
2025-02-07 00:00:00+00:00,8.7328817489,9.0085706236,8.5640138698,8.7328817489,5101447,,,9.298117179173142,9.276633941641686,9.328701818362742,9.353497914892527,9.64010472867575,9.834073684392536,10.347654918045489,10.582677175013895,10.749521189041149,10.890315181065299,12.086605220254478,13.294516511123486,14.405259576209486,15.035970839433762,,,,9.192207738658656,9.271127874493631,9.279888006576769,9.296735788155619,9.466669723504207,9.754327712725544,9.977848955791906,10.095604143452512,10.44307826527586,10.859456304610777,10.955016573434218,12.698182300254807,14.123928270655684,14.578421578500462,9.276633941641686,9.834073684392536,10.582677175013895,13.294516511123486,9.340368471413473,"rgba(255, 0, 0, 1.0)",1.4284772410763402,9.259521683491778,-0.3686722612360004,45.56245355158727,-6.06135797022894,True,False,False,True,False,0.0,0.0,0.0,0.0,0.0,1,0.9612532537899939,0.9776735158720176,False,False,False,False,-0.1454161698885231,-0.03647620852694878,False,False,False,False,83349241,90593378.78109318,False,False,False,False,5236343.415412277,False,False,False,False
2025-02-14 00:00:00+00:00,8.7039329696,9.4421268412,8.6074370387,8.8583264591,5678451,,,9.210552290102463,9.24621402969761,9.306828743177883,9.338804437548736,9.620403412810823,9.811947030501825,10.326421294571203,10.55982008542165,10.725863781846677,10.869180917531464,12.062391099539305,13.265705706582313,14.37501056545654,15.006938251461786,,,,9.153702798717664,9.247736227364202,9.263313023497057,9.282193636938024,9.44995758414918,9.733129128983908,9.957263567727583,10.075996218184102,10.421221073619236,10.83727332714784,10.934734354211624,12.671612674437844,14.093284259395842,14.548576525927913,9.24621402969761,9.811947030501825,10.55982008542165,13.265705706582313,9.311970618400363,"rgba(255, 0, 0, 1.0)",1.3996303489655906,9.214551336470484,-0.36482373167162346,44.64195171967444,-6.06135797022894,False,False,False,True,False,0.0,0.0,0.0,0.0,0.0,1,0.9025013810506501,0.9792406419261013,False,False,False,False,-0.04836235084417177,-0.04241927968556028,False,False,False,False,77670790,89636149.98249368,False,False,False,False,5269092.125381738,False,False,False,False
2025-02-21 00:00:00+00:00,8.5977874456,8.9741215762,8.5688386663,8.7232321558,3017627,,,9.156370607701916,9.223251114490482,9.290507220218974,9.32779598527829,9.607446507612693,9.798029891390316,10.313792711112118,10.546447563904348,10.712146465841075,10.856976654037153,12.048847205210851,13.24983693727901,14.358474442243322,14.991107898761037,,,,9.123157770781736,9.22958079992415,9.25025660855926,9.270828296213633,9.438231535984533,9.719581094422958,9.944559814064263,10.064048368891484,10.408315084083164,10.824457317024791,10.923044546648764,12.656884492800929,14.076508934082879,14.532273370940175,9.223251114490482,9.798029891390316,10.546447563904348,13.24983693727901,9.291742644676566,"rgba(255, 0, 0, 1.0)",1.354156052731895,9.183090073224571,-0.4322268666478823,43.730797120355106,-2.2480180278220843,False,False,False,True,False,0.0,0.0,0.0,0.0,0.0,1,0.9022013483147571,1.0035606106503423,False,False,False,False,-0.15151571846108852,-0.0969674990733244,False,False,False,False,74653163,88526299.09490156,False,False,False,False,5102316.930909017,False,False,False,False
2025-02-28 00:00:00+00:00,8.2021541288,8.6170866318,7.9850382842,8.5688386663,5003798,,,9.020371673411216,9.159524289601409,9.24589922230664,9.297734371570638,9.57644808338185,9.7665465381,10.287572430367376,10.519408213880821,10.684828783423155,10.832897995233042,12.023660980326696,13.221205598465458,14.329119037554898,14.963182530215208,,,,9.034911570375083,9.178282128795276,9.213041731106259,9.23866008505356,9.408128843774934,9.688287795119555,9.916637086646865,10.038306468976376,10.381825231152101,10.799129706643733,10.900075323810388,12.629970525799715,14.046630016047521,14.503385052848254,9.159524289601409,9.7665465381,10.519408213880821,13.221205598465458,9.237300199937687,"rgba(255, 26, 202, 1.0)",1.3498260613425028,9.098272415545745,-0.6638768597003442,42.16487150413441,-3.799442879274359,False,True,False,True,False,0.0,0.0,0.0,0.0,0.0,1,0.8667851837085232,1.0267717345187226,False,False,False,False,-0.34282825441539394,-0.21989787674435918,False,False,False,False,69649365,87128007.68046442,False,False,False,False,5095019.232323164,False,False,False,False
2025-03-07 00:00:00+00:00,7.285442785,8.4047955837,6.8415615027,8.2311029081,12029829,,,8.614166802059017,8.931595393992449,9.081158944481023,9.183632636843253,9.467558647943772,9.66019965928983,10.204559413561338,10.435941894743827,10.601764381279255,10.760234878868253,11.952520772155266,13.143376417909401,14.251012081076142,14.889496367790503,,,7.510599957133334,8.731888901076042,8.988688987397019,9.07090630927988,9.114925052529824,9.297605588595093,9.580976155265061,9.824002375880985,9.95410531535206,10.29885674572358,10.72262122735733,10.83101295130237,12.555591093205408,13.966785907731396,14.42670554722098,8.931595393992449,9.66019965928983,10.435941894743827,13.143376417909401,8.852516857338694,"rgba(255, 26, 202, 1.0)",1.3468191578240782,8.44706276356521,-0.8624914279077557,39.28745873656177,-6.57145257585379,False,True,False,True,False,0.0,0.0,0.0,0.0,0.0,1,0.8656061795643436,1.026790421685593,False,False,False,False,-0.34282825441539394,-0.28136306557987656,False,False,False,False,57619536,84942194.96339297,False,False,False,False,5608708.84474367,False,False,False,False
2025-03-14 00:00:00+00:00,7.4880842399,7.912666336,7.0152541784,7.2950923781,8320563,,,8.434966907614802,8.80422486908947,8.982007869898684,9.11124382874648,9.397365699097065,9.591105482621138,10.149205374921895,10.38014300841181,10.546123870163118,10.711233229780301,11.904197522031101,13.090414077522624,14.19772378426493,14.839115022633225,,,7.494818433663205,8.579597320092642,8.878122086641222,8.983616321664314,9.037398314958438,9.226906765111991,9.511464090242503,9.762994154381081,9.898205301264605,10.24346459351592,10.671141727445198,10.784332400068806,12.50501357467474,13.912369139354194,14.374355197581808,8.80422486908947,9.591105482621138,10.38014300841181,13.090414077522624,8.753290271748124,"rgba(255, 26, 202, 1.0)",1.3638673857100014,8.32840188261503,-0.6161285558401832,37.94457115715277,-7.824906275278188,False,True,False,True,False,0.0,0.0,0.0,0.0,0.0,0,0.8964968407442306,1.0238070531751138,False,False,False,False,-0.34282825441539394,-0.3120956599976352,False,False,False,False,65940099,83534632.29943794,False,False,False,False,5809586.930318213,False,False,False,False
2025-03-21 00:00:00+00:00,7.9319655222,8.0284614531,7.497733833,7.497733833,4136629,,,8.390425102415497,8.76327511193424,8.94745160721858,9.084640697009805,9.3702453456536,9.563722626750854,10.125975655000598,10.356398001609447,10.522235023488356,10.689965974614664,11.882411841122059,13.066055255312305,14.172894002093756,14.815490524057086,,,7.549648275139905,8.536502300924335,8.841092515630233,8.952852241365564,9.009478759074158,9.200319603855744,9.48418411093725,9.738249092845482,9.87518734308204,10.22007758135188,10.648864136675853,10.763988002861879,12.481951109671826,13.887094410369802,14.349916211840558,8.76327511193424,9.563722626750854,10.356398001609447,13.066055255312305,8.727568621456806,"rgba(255, 26, 202, 1.0)",1.3244910657137516,8.309962697603494,-0.28539050597506005,38.468166333117864,-7.824906275278188,False,True,False,True,False,0.0,0.0,0.0,0.0,0.0,0,0.8962935951269457,1.035785920145573,False,False,False,False,-0.2565075633378806,-0.2843016116677579,False,False,False,False,70076728,82537750.49947958,False,False,False,False,5685664.120665012,False,False,False,False
2025-03-28 00:00:00+00:00,7.8740679636,8.1780301461,7.8354695913,7.9898630808,3741293,,,8.364142194632073,8.73425310782168,8.921667736137607,9.064123510487402,9.348698304884868,9.54164888136342,10.106640585780838,10.336488803225748,10.502112120966903,10.671944594693201,11.86359449719564,13.044813241712795,14.151105277616281,14.794694694079555,,,7.6043693505118215,8.508509234934758,8.814153127026016,8.929736747132559,8.988214548246862,9.179528135467713,9.462315046939038,9.718034777405649,9.856223048598778,10.200549094579053,10.630017459671473,10.746709676044027,12.461921720004291,13.864950087255762,14.328450295240371,8.73425310782168,9.54164888136342,10.336488803225748,13.044813241712795,8.71086976923985,"rgba(255, 26, 202, 1.0)",1.2700711949596422,8.302818471975083,-0.337579901092637,38.71753291478136,-7.824906275278188,False,True,False,True,False,0.0,0.0,0.0,0.0,0.0,0,0.9017622008653092,1.044444158710063,False,False,False,False,-0.1889162982514396,-0.23660895495959877,False,False,False,False,66335435,81337578.9809996,False,False,False,False,5541636.630245381,False,False,False,False
2025-04-04 00:00:00+00:00,5.962139284,8.0064407243,5.8548012609,7.9039817022,7049929,,,8.18194637448523,8.598309816763381,8.81289149575543,8.982311390181904,9.27185986907003,9.467365035616108,10.048693278272673,10.278955570764195,10.445265113146137,10.621965172576123,11.816477722640945,12.994719935086009,14.101562818620566,14.748146396965739,,,7.405215804752155,8.348534626027622,8.693634136980803,8.831912959828259,8.900468760425438,9.100625464396243,9.387048244221715,9.652718335596491,9.796643809731675,10.14292569213093,10.577536837229347,10.699159974797064,12.413437811924839,13.814194150264923,14.27986538257119,8.598309816763381,9.467365035616108,10.278955570764195,12.994719935086009,8.585585082959648,"rgba(255, 26, 202, 1.0)",1.2932539337667066,8.133501655507096,-1.6789915072462436,35.75355999128873,-9.940525643995556,False,True,False,True,False,0.0,0.0,0.0,0.0,0.0,0,0.8005356728837326,1.0746307166446127,False,False,False,False,-0.34282825441539394,-0.28971860468749633,False,False,False,False,59285506,79704092.09351814,False,False,False,False,5653361.990967945,False,False,False,False
2025-04-11 00:00:00+00:00,5.9426232798,6.5085874017,5.0156130802,5.6108512084,11574328,,,7.8385547825578765,8.334621249139063,8.598613367716064,8.818474101999657,9.12007782869279,9.321890448393518,9.936816271196797,10.168847310202509,10.337065710682623,10.526978054793462,11.72953488490262,12.904238469571311,14.013242267631552,14.665597591603039,,5.822274587233333,7.0141704370116695,8.041835799262987,8.457325654822755,8.637210065621506,8.724813318695652,8.943412072810748,9.239134543592762,9.525054634724238,9.680467776136194,10.032073658445027,10.477809688144028,10.608878280155128,12.325019309383713,13.723469730077888,14.193380328027292,8.334621249139063,9.321890448393518,10.168847310202509,12.904238469571311,8.028789336406057,"rgba(255, 26, 202, 1.0)",1.3267115990557168,7.179208901516467,-0.9320681469858279,33.61175414079466,-11.97613315297751,False,True,False,True,False,0.0,0.0,0.0,0.0,0.0,0,0.7556258954631097,1.140892447869512,True,False,False,False,-0.34282825441539394,-0.3162734295514451,False,False,False,False,47711178,77334246.60510938,False,False,False,False,6091952.065711061,True,False,False,False
2025-04-18 00:00:00+00:00,6.3622173702,6.4939503986,5.9182282746,6.1572993261,6470665,,,7.719651005476726,8.229913633022937,8.508473160746778,8.746352945862009,9.051368711256334,9.2550247848144,9.883170672774773,10.115567804090706,10.284384470258617,10.480265187371677,11.685525349673165,12.85769479433537,13.967266654593377,14.622352308911198,,5.978566551402496,6.9224267296452,7.928467678678563,8.360593063526355,8.554169518850015,8.648553935172183,8.87330094051003,9.171552283584704,9.465297084515344,9.62543970789699,9.978708496223017,10.42890966115807,10.564312398567353,12.279859168005558,13.676390625181828,14.148274529769699,8.229913633022937,9.2550247848144,10.115567804090706,12.85769479433537,7.959716822238327,"rgba(255, 26, 202, 1.0)",1.3618131139630707,7.1372779913007465,-0.569138755644091,33.4266424885086,-12.13875266759377,False,True,False,True,False,0.0,0.0,0.0,0.0,0.0,0,0.8236555833580618,1.128220484406202,False,False,False,False,-0.266387584064113,-0.29133050680777905,False,False,False,False,54181843,75619253.74547164,False,False,False,False,6120004.875658389,False,False,False,False
2025-04-25 00:00:00+00:00,6.2548793471,6.5866514185,6.059719305,6.2646373492,4937389,,,7.6425992742258,8.158423783180893,8.445436513705406,8.694886697048574,9.001880635449936,9.206627150932917,9.84374299864935,10.076314819095625,10.24550551719891,10.445653417978596,11.652675482221348,12.822840936691644,13.932740772392275,14.589817727555001,,6.047710791322765,6.869713503059555,7.853163795738493,8.293693185544809,8.4957011809642,8.594437883491073,8.82304367436594,9.1227293446606,9.421731856765488,9.585139360608473,9.939444324882345,10.392723175977448,10.53124405208684,12.246088571384579,13.641067288556695,14.11438295003445,8.158423783180893,9.206627150932917,10.076314819095625,12.822840936691644,7.909576660828156,"rgba(255, 26, 202, 1.0)",1.3945863126909168,7.103296841086653,-0.6083649941677638,33.12805978455486,-12.473076787707498,False,True,False,True,False,0.0,0.0,0.0,0.0,0.0,0,0.8272556115938234,1.119539613794367,False,False,False,False,-0.2467565885069873,-0.2690435476573832,False,False,False,False,49244454,73665564.8754367,False,False,False,False,6032403.699683694,False,False,False,False
2025-05-02 00:00:00+00:00,6.147541324,6.3231853618,5.8391884575,6.2158473387,5462710,,,7.555377032405391,8.077495533930966,8.373723233826857,8.635926561545741,8.94531483697627,9.151386146712161,9.798748283463544,10.031597520560878,10.201259249240012,10.406231478922354,11.615472959567766,12.783555571004657,13.893924785964385,14.553267804549037,,6.058387336176923,6.804012812208817,7.767973912032502,8.21772648279736,8.428948547194521,8.53249729703281,8.765508860348383,9.06697095027351,9.371951112640696,9.539066211285693,9.894667187456063,10.351525501811663,10.493573001355342,12.207942595920779,13.601338936915672,14.07628757111917,8.077495533930966,9.151386146712161,10.031597520560878,12.783555571004657,7.845206874915189,"rgba(255, 26, 202, 1.0)",1.431167039594831,7.046437773205908,-0.6280863269883505,32.742944042186785,-12.933228275720708,False,True,False,True,False,0.0,0.0,0.0,0.0,0.0,0,0.8382339434145032,1.1308582840915915,False,False,False,False,-0.28755118566997806,-0.27829736666368066,False,False,False,False,43781744,71451948.51429324,False,False,False,False,5990204.166373791,False,False,False,False
2025-05-09 00:00:00+00:00,6.2743953513,6.3036693576,5.7523422388,6.0109292945,7896841,,,7.445956442474488,7.971534100884112,8.277778468151155,8.555503065880778,8.867526781645527,9.07509079385427,9.735701904737294,9.96881484105262,10.139046634903464,10.350580856778139,11.562632167516204,12.727627455938444,13.838536863907848,14.50102691739794,,6.069631872900511,6.727505912399628,7.658971602021834,8.117105557466433,8.339045767911426,8.448449473410566,8.68671501128234,8.990090306347431,9.302717588079526,9.474706407302406,9.831868238824237,10.293443788453807,10.440318346727347,12.15368991690664,13.544694331811858,14.021899966415466,7.971534100884112,9.07509079385427,9.96881484105262,12.727627455938444,7.761148226350093,"rgba(255, 26, 202, 1.0)",1.4661653358388016,6.975516457449116,-0.4782005746630208,32.91574043816169,-12.933228275720708,False,True,False,True,False,0.0,0.0,0.0,0.0,0.0,0,0.8267948825865767,1.1629167898682875,False,False,False,False,-0.2966378813901257,-0.2874676240269032,False,False,False,False,51678585,69987254.92064188,False,False,False,False,6131436.524420178,False,False,False,False
2025-05-16 00:00:00+00:00,6.5281034059,6.936963694,6.4500393891,6.6647154353,9685582,,,7.377335620868138,7.888922921631443,8.196761992632448,8.48344666433452,8.794954391907112,9.002352567642358,9.672103385509145,9.90467598624558,10.074950064233034,10.292523755474022,11.505337231235046,12.665672347766584,13.776240162189845,14.441807340856402,,6.189311339219496,6.716887420606575,7.582809235413426,8.035305954871399,8.261844314928648,8.374564113870088,8.614783826149496,8.91741038474,9.235115673627769,9.41087981955211,9.768169727384127,10.233067550059115,10.384497326822624,12.094154262948837,13.481231836405847,13.960585038100689,7.888922921631443,9.002352567642358,9.90467598624558,12.665672347766584,7.710718957837618,"rgba(255, 26, 202, 1.0)",1.5041998090573303,6.966585904026909,-0.29150548716111224,33.93284978973763,-12.933228275720708,False,True,False,True,False,0.0,0.0,0.0,0.0,0.0,0,0.857986120656907,1.1378484374335645,False,False,False,False,-0.18580910539076964,-0.23663836470883642,False,False,False,False,61364167,69348507.667261,False,False,False,False,6394706.559648313,False,False,False,False
2025-05-23 00:00:00+00:00,6.2353633429,6.4793133954,6.0694773071,6.440281387,7823846,,,7.3056593226669015,7.81133958331388,8.122469225348816,8.417970773168316,8.73003350171264,8.937815776739953,9.616454656786425,9.848867125252452,10.019368327839151,10.242232472086426,11.456509613274232,12.613465999061033,13.724083128267528,14.392338473006985,,6.199782583076362,6.676903137932091,7.507681590354691,7.959429997930727,8.191084297205943,8.307110914697198,8.5498671870749,8.852718980343878,9.175391108129734,9.354651429040572,9.712563368258053,10.18076988685242,10.336170225236724,12.043733986569237,13.428035598007748,13.909282510493357,7.81133958331388,8.937815776739953,9.848867125252452,12.613465999061033,7.649943142569493,"rgba(255, 26, 202, 1.0)",1.53966589342499,6.922506658507512,-0.44629378265888564,34.08789054205229,-12.933228275720708,False,True,False,True,False,0.0,0.0,0.0,0.0,0.0,0,0.7998649925937826,1.1980008239477469,False,False,False,False,-0.2549127134564587,-0.24577553908264757,False,False,False,False,53540321,68177530.87709352,False,False,False,False,6500568.740415105,False,False,False,False
2025-05-30 00:00:00+00:00,6.3524593681,6.5281034059,6.2158473387,6.2841533534,5686751,,,7.263724596179038,7.762920387993355,8.07477729021335,8.374933059968859,8.686798828072797,8.894533797080022,9.57835262641182,9.810509878202554,9.981066038723597,10.207394117526132,11.422285844056736,12.576663992460933,13.687147392140398,14.357211431863071,,6.215608131886344,6.658224477537098,7.462354062435026,7.911368776731578,8.145324247235274,8.263084028589041,8.506931868174817,8.809452035717968,9.134961891064178,9.31635912350612,9.67442604336799,10.144600303852542,10.302627966548881,12.008279621188253,13.390413787611712,13.87292202911925,7.762920387993355,8.894533797080022,9.810509878202554,12.576663992460933,7.613231905876896,"rgba(255, 26, 202, 1.0)",1.561066797837191,6.899977817009376,-0.3507335174048581,34.6284934093834,-12.933228275720708,False,True,False,True,False,0.0,0.0,0.0,0.0,0.0,0,0.7996204574296024,1.1956179690904292,False,False,False,False,-0.23689956789579816,-0.24133755348922287,False,False,False,False,59227072,67514533.92323475,False,False,False,False,6440285.9448288,False,False,False,False
2025-06-06 00:00:00+00:00,7.0257615131,7.1038255299,6.4744343944,6.5768934164,10502930,,,7.2336076097114494,7.710794583680399,8.017166996870936,8.318750351825095,8.627385125130843,8.833455670320376,9.520927278117517,9.751860438585984,9.921940636403546,10.152874531956755,11.366435172409378,12.515229551723163,13.62451209418193,14.297165814151834,,6.313437932522437,6.679144983026462,7.421767383819193,7.856330754188937,8.08880859236642,8.2070081329101,8.44951994931919,8.749018952396241,9.076280513135869,9.259771189733152,9.616584923424096,10.088217671252778,10.249865285896174,11.949678360291612,13.326869069602347,13.811114853109965,7.710794583680399,8.833455670320376,9.751860438585984,12.515229551723163,7.584681732092141,"rgba(255, 0, 0, 1.0)",1.5700184875661878,6.911989477269885,0.07246541154205265,37.28142282190092,-16.54705313022744,False,True,False,True,True,0.0,0.0,0.0,0.0,0.0,0,0.8342229099287897,1.134536294341922,False,False,False,False,-0.16746788905153454,-0.2044027212703787,False,False,False,False,69730002,67678642.6696618,False,False,False,False,6741222.5415081475,False,False,False,False
2025-06-13 00:00:00+00:00,8.0405937317,8.1869637632,6.9525764973,7.0745515236,9232109,,7.726711330733333,7.264527070755157,7.7115698155592485,8.005469483255192,8.299963796663908,8.602245026429166,8.804891912157462,9.488123013234823,9.71699047951709,9.885893847799938,10.118549726609414,11.327619130290868,12.470357010409929,13.577275591947982,14.251184482931494,,6.478027000756692,6.763572124146733,7.4390352136114615,7.85058689154213,8.075253099262131,8.190617392336813,8.427928294805714,8.721792036886598,9.046256268500802,9.22924554768439,9.582956235405812,10.053030641513818,10.216248428755879,11.907779852355716,13.279318145721355,13.764288623061141,7.7115698155592485,8.804891912157462,9.71699047951709,12.470357010409929,7.550536942195889,"rgba(239, 83, 80, 1.0)",1.559252443140999,7.058209381597979,0.6300354727186318,41.84858208407342,-12.156913087693837,False,False,False,True,True,0.0,0.0,0.0,0.0,0.0,0,0.8710451456370909,1.0630919281308981,False,False,False,False,-0.041226390532774757,-0.12281455590157672,False,False,False,False,78962111,68514455.13857575,False,False,False,False,6925732.649544582,False,False,False,False
2025-06-20 00:00:00+00:00,7.9332557085,8.167447759,7.8307966865,7.9625297148,6080517,,7.826165091310817,7.292790704625523,7.719825005662502,8.00473815444414,8.29335559941303,8.59096105667057,8.791057091510229,9.470144714673728,9.697481171994989,9.86547183977147,10.09878030590269,11.304249811766425,12.442795581375,13.547889706524474,14.222398947942473,,6.584824338816881,6.824744018862327,7.45838353166996,7.854176476194464,8.072892837780895,8.185925233926204,8.419230932858728,8.70895566547788,9.03081748038755,9.213037955387387,9.564354855608366,10.032856702865006,10.196771139108089,11.882261535041652,13.249831292546494,13.735102421330792,7.719825005662502,8.791057091510229,9.697481171994989,12.442795581375,7.5824465393293705,"rgba(239, 83, 80, 1.0)",1.5537069734450206,7.132131038403887,0.5156214677467695,44.82857166062482,-9.412836169087257,True,False,False,True,True,0.0,0.0,0.0,0.0,0.0,0,0.9509557615662846,1.036131386952433,False,False,False,False,0.027397950637145257,-0.04770830263221573,False,False,False,False,72881594,68837946.90608865,False,False,False,False,6863124.08291165,False,False,False,False
2025-06-27 00:00:00+00:00,7.2209215551,8.0503517338,7.1428575383,8.0210777274,6092510,,7.725182301707395,7.299616252810618,7.712321286812446,7.9912776913864905,8.276834020530275,8.571070141364565,8.7693201324793,9.446595973790371,9.672747674764897,9.840078450147029,10.074698824269962,11.277648800820788,12.412427179853562,13.516108158392843,14.191505818306744,,6.643890017897052,6.8558320879329475,7.458835349377002,7.84360005390899,8.058731397745353,8.170525946620726,8.40125374276508,8.687942297597854,9.008574925456013,9.190737712765984,9.540340817631499,10.00815482327907,10.173222014586498,11.853754159741653,13.217810620487219,13.70360939933218,7.712321286812446,8.7693201324793,9.672747674764897,12.412427179853562,7.575981238619901,"rgba(255, 0, 0, 1.0)",1.5692554118216753,7.131130165087003,0.057219104893041176,45.21683614002504,-9.160153534803996,True,False,False,True,True,0.0,0.0,0.0,0.0,0.0,0,0.9361537353409514,1.0333317680334082,False,False,False,False,-0.036932699062120634,-0.04232050084716818,False,False,False,False,66789084,68686179.28341542,False,False,False,False,6806041.558251528,False,False,False,False
2025-07-04 00:00:00+00:00,7.4238893392,7.5820547579,7.1026158325,7.2854945979,2893698,,7.682827209317713,7.300862584971215,7.707473375018367,7.983913213686265,8.268254179709073,8.561015940220761,8.758454156968568,9.435037746204241,9.660657068917327,9.827694789760534,10.062973552971041,11.264808643995048,12.397838321242904,13.500876955973501,14.176710740343278,,6.666147350099247,6.867300064997692,7.457384209897198,7.8374594090643726,8.05110989828803,8.162410004414106,8.392042668663246,8.677394883658645,8.99754597611437,9.179729123552022,9.528575024275622,9.996124130078723,10.161762780974772,11.840031266404946,13.202458685501941,13.688519480779934,7.707473375018367,8.758454156968568,9.660657068917327,12.397838321242904,7.571688731975419,"rgba(255, 0, 0, 1.0)",1.5786378879826846,7.129284302346466,0.1866197682801116,46.022261744281835,-8.434189029778452,True,False,False,False,True,0.0,0.0,0.0,0.0,0.0,0,0.8964799690111609,1.101856575291883,False,False,False,False,-0.07769444905808644,-0.06000747495262731,False,False,False,False,69682782,68760001.70686613,False,False,False,False,6516238.331714378,False,False,False,False
2025-07-11 00:00:00+00:00,7.7797615312,7.8489589019,7.1816985419,7.3448066299,5334518,,7.668542072002318,7.310492322246692,7.704830894269515,7.975783632029019,8.256863841324634,8.546469466982067,8.742159366173615,9.41643955832669,9.640939937036295,9.807330029791823,10.04347692857368,11.242766162727657,12.372404978252463,13.4740591330387,14.150535245807992,,6.716312495891886,6.896400109396441,7.461632604334461,7.832002502156289,8.042166730595245,8.15216125570641,8.379274308482598,8.661786860116647,8.980464947802604,9.16235808120222,9.509530279174353,9.97618080358747,10.142630998969684,11.816264540692988,13.17549439907029,13.661911898186565,7.704830894269515,8.742159366173615,9.640939937036295,12.372404978252463,7.5760324618628285,"rgba(239, 83, 80, 1.0)",1.5863930364239724,7.147936749884335,0.39827758115978434,47.4974908213031,-7.03084190366102,True,False,False,False,True,0.0,0.0,0.0,0.0,0.0,0,0.8485653418564052,1.1148791589724047,False,False,False,False,-0.04994219908533741,-0.054974837018982356,False,False,False,False,75017300,69223505.2841353,False,False,False,False,6428703.492328128,False,False,False,False
2025-07-18 00:00:00+00:00,7.7896468699,7.9280416113,7.3152494673,7.7698761926,5643018,,7.669998387736897,7.3224491484489755,7.704119349361368,7.96919330332622,8.246552502296012,8.532728299724294,8.726506002724623,9.397960810608339,9.62123427131819,9.786901055781277,10.023803236594551,11.22020537152836,12.346206769845114,13.446309699959361,14.123383085198085,,6.767821757919834,6.927756587135601,7.46807943371829,7.828286182767174,8.034622390569476,8.143132430055969,8.367459063571944,8.646885612567408,8.963794931705142,9.145249107122673,9.490558221193501,9.9560911223813,10.123283977669656,11.79184945870961,13.14762794439529,13.634359179422573,7.704119349361368,8.726506002724623,9.62123427131819,12.346206769845114,7.583545897103981,"rgba(239, 83, 80, 1.0)",1.5923658001113024,7.172006470310327,0.3878759513338591,48.576340609853986,-5.995271132754702,True,False,False,False,True,0.0,0.0,0.0,0.0,0.0,0,0.8565472180735287,1.1103048194600615,False,False,False,False,-0.014100175036944022,-0.03453750602796319,False,False,False,False,80660318,70070676.59642157,False,False,False,False,6370504.566970488,False,False,False,False
2025-07-25 00:00:00+00:00,8.2246017713,8.4025378673,7.6413667899,7.8094175472,4312213,,7.715693116095214,7.341074590546571,7.711676440501509,7.971191792331887,8.244444686891141,8.527435458949547,8.719427612832108,9.387420325599667,9.6095753317839,9.774549200888414,10.011589066813968,11.20513875553925,12.328132009286989,13.426784130917337,14.104103316456644,,6.819809232452097,6.962328169459703,7.481935757842492,7.833005279523066,8.035476837318848,8.142363811772793,8.363927647774668,8.640510145105724,8.955329057747173,9.136033525584491,9.47955709511949,9.943706909182936,10.111158581187775,11.775233887417233,13.128112049859153,13.614918682219654,7.711676440501509,8.719427612832108,9.6095753317839,12.328132009286989,7.601455502784418,"rgba(239, 83, 80, 1.0)",1.5923660946455362,7.209726277138396,0.6373380452988842,50.436317605526426,-4.198715693438956,True,False,False,False,True,0.0,0.0,0.0,0.0,0.0,0,0.8912709299565312,1.0756646193552502,False,False,False,False,0.11612746242276537,0.04079497819740109,False,False,False,False,84972531,71174517.66335331,False,False,False,False,6218038.5249726735,False,False,False,False
2025-08-01 00:00:00+00:00,7.8588442406,8.5112765926,7.7896468699,8.323455158,4767398,8.053255901033335,7.751974494829424,7.359693238113673,7.718924483067989,7.972671702392911,8.241649308864742,8.521256840494349,8.711343040957887,9.37564316896854,9.596588092315967,9.760811805510846,9.998012612593042,11.1884578148114,12.308157790930967,13.405217028003781,14.08280373673625,,6.871212066430572,6.997075972651504,7.4956807819227995,7.837318174701326,8.035777688064323,8.14097395268792,8.359624396824465,8.633176703436101,8.945774439208684,9.125684192309345,9.46728212923735,9.929941395414344,10.097683095137192,11.75685819677072,13.106556694280385,13.593444197789617,7.718924483067989,8.711343040957887,9.596588092315967,12.308157790930967,7.609358450320786,"rgba(239, 83, 80, 1.0)",1.595107800899798,7.418379608736209,0.27613471115577615,50.728350182149754,-3.8987883821389815,True,False,False,False,True,0.0,0.0,0.0,0.0,0.0,0,0.9278601942966078,1.0420943891873256,False,False,False,False,0.15435003446337361,0.09757250633038736,False,False,False,False,80205133,71843452.13273454,False,False,False,False,6110583.671270994,False,False,False,False
2025-08-08 00:00:00+00:00,7.4238893392,8.0713790219,7.2953799365,7.7599908539,4429487,7.833453340778422,7.737892908131352,7.365317973666678,7.716564926309473,7.966478980150618,8.233007739916236,8.510199718775748,8.698916853836968,9.361173015062123,9.581202937264987,9.744883995498737,9.982645261657304,11.17088355119891,12.287793212512092,13.383637627145616,14.061660064257731,,6.898262839271019,7.014316429816756,7.497893500047994,7.833021902853706,8.028984090376568,8.133201651517965,8.349932900705427,8.62129094940564,8.932629225636404,9.112226939690785,9.452444772421426,9.914263189876085,10.08256014959195,11.737862945446672,13.084898669921182,13.572008522746513,7.716564926309473,8.698916853836968,9.581202937264987,12.287793212512092,7.5892186891402575,"rgba(255, 0, 0, 1.0)",1.596036838663498,7.370981379499387,0.03314958553520422,49.79876053562431,-3.8987883821389815,True,False,False,False,True,0.0,0.0,0.0,0.0,0.0,0,0.9174438005317821,1.0444044820576008,False,False,False,False,0.05871831526889552,0.07814541079964143,False,False,False,False,75775646,72134725.75253198,False,False,False,False,5986057.991917587,False,False,False,False
2025-08-15 00:00:00+00:00,7.1174438405,7.5029720486,7.0630744779,7.4436600166,4348618,7.639025416695556,7.696148175541966,7.362189923012899,7.707461034001493,7.9547190832988415,8.21995343987938,8.495315192603552,8.68298811929607,9.344270182155245,9.563560587530834,9.726825716033956,9.965444272280061,11.152032247629327,12.266411471291745,13.361266417503519,14.039858730622388,,6.909897998435099,7.020176131511104,7.492218354353548,7.822588364326993,8.016991774221893,8.120680210755651,8.336108067709898,8.605775173156896,8.916473504697633,9.096081920615228,9.435253592779466,9.896656051512092,10.065712104008869,11.717735470633166,13.062382304069027,13.54982213249161,7.707461034001493,8.68298811929607,9.563560587530834,12.266411471291745,7.562141625539939,"rgba(255, 0, 0, 1.0)",1.604975348948881,7.316311930545931,-0.12390725513396329,48.38586445979742,-3.8987883821389815,True,False,False,False,True,0.0,0.0,0.0,0.0,0.0,0,0.9014562222114647,1.0972689536908693,False,False,False,False,0.003560150779808595,0.04085278078972501,False,False,False,False,71427028,72082303.69678888,False,False,False,False,5864766.140664432,False,False,False,False
2025-08-22 00:00:00+00:00,7.5128573872,7.5276853952,6.9235923493,7.0482464699,4673316,7.557545657119952,7.665850711304557,7.361215885883656,7.699883985758016,7.944065173207304,8.207584866908077,8.480852250187924,8.6673261954476,9.327191155528872,9.545641096656162,9.7084214709837,9.947820346098501,11.132451471927254,12.244056657194905,13.337769311616377,14.016903723005846,7.321378377233333,6.924939071894889,7.028805089163935,7.488445447647874,7.813471205352575,8.00597896195487,8.108974310376585,8.322848205395077,8.590587687463369,8.900392505163326,9.079890481490187,9.417843049500846,9.878644028763029,10.048415951876565,11.696750975699613,13.038761798076793,13.526501755279634,7.699883985758016,8.6673261954476,9.545641096656162,12.244056657194905,7.480560060456609,"rgba(239, 83, 80, 1.0)",1.6037543245465498,7.367428454388183,0.09068030594582248,48.49402058901779,-3.8987883821389815,True,False,False,False,True,0.0,0.0,0.0,0.0,0.0,0,0.8972839343299734,1.0709878788504066,False,False,False,False,0.05048784583984268,0.04567031331478384,False,False,False,False,76100344,72379936.31184155,False,False,False,False,5776510.57468929,False,False,False,False
2025-08-29 00:00:00+00:00,7.4634306939,7.6314814512,7.3843479846,7.4634306939,3159978,7.548018046416777,7.656896243462404,7.363310226808565,7.697175676853398,7.938993230262584,8.200996134961224,8.472691655385688,8.658263793859055,9.31677994666747,9.534608753840137,9.69701951359497,9.936806456980957,11.119915933339293,12.229578358004277,13.322434995905438,14.001866595392794,7.390646114872613,6.938643030842262,7.037627923558566,7.48851373562237,7.809578414652885,8.00054657238461,8.10293517368464,8.315580784129414,8.581882223900298,8.890864031197157,9.070161423003896,9.4071830867206,9.867415105309837,10.037572401595849,11.683227352200465,13.023376420931688,13.511265437706767,7.697175676853398,8.658263793859055,9.534608753840137,12.229578358004277,7.486940264335243,"rgba(239, 83, 80, 1.0)",1.5969754545206103,7.383550858898514,0.05001945069059653,48.44019088126396,-3.8987883821389815,True,False,False,False,True,0.0,0.0,0.0,0.0,0.0,0,0.9499056526431183,1.0482899335926188,False,False,False,False,0.1536359919699183,0.09965315264235108,False,False,False,False,72940366,72421449.6220755,False,False,False,False,5582693.346934527,False,False,False,False
2025-09-05 00:00:00+00:00,7.2064118885,7.6809081446,7.1619278645,7.4832013712,3320101,7.521366158308118,7.641033763537384,7.363087655988525,7.692459954492777,7.932111792440303,8.19282775457253,8.463028051934122,8.647738723354891,9.305117948209363,9.522339500670974,9.684394606313052,9.924667899835008,11.106321023426892,12.21400369064666,13.306016066110402,13.985795711419303,7.378472103406915,6.9488040472980215,7.0437377888418204,7.48640126229593,7.803782204432887,7.993383960344075,8.095254640063033,8.30677399819299,8.571698482368078,8.879978276742433,9.059149615611096,9.395280175200167,9.8550251126993,10.025641849549208,11.668629014910339,13.006886534067394,13.494960435589018,7.692459954492777,8.647738723354891,9.522339500670974,12.21400369064666,7.481125673104268,"rgba(255, 0, 0, 1.0)",1.5755811782437155,7.3724190181376095,-0.10536247318126511,47.714319987445165,-3.8987883821389815,True,False,False,False,False,0.0,0.0,0.0,0.0,0.0,0,0.9980231002515183,1.036587111133674,False,False,False,False,0.12925095057618316,0.11445205160926712,False,False,False,False,69620265,72213954.46488473,False,False,False,False,5415093.913828266,False,False,False,False
2025-09-12 00:00:00+00:00,7.3052652752,7.5721694192,7.1372145179,7.2854945979,4255312,7.494449197117367,7.622234086911686,7.36257524832192,7.6864026807320815,7.923353452824793,8.182444810442597,8.45075711674624,8.63437630178533,9.290284675939265,9.506731860026884,9.66833175485842,9.909206756625982,11.088986323608543,12.194139718241685,13.28506326684282,13.965275547472485,7.367354975906918,6.960761221631144,7.050945216704562,7.483565271465671,7.796380213386274,7.98427067810917,8.085487941552246,8.29558540317521,8.55876884449896,8.8661455786594,9.045146586790503,9.3801394450201,9.839249995182959,10.010439431465072,11.650012212435536,12.985848584830258,13.474149385747774,7.6864026807320815,8.63437630178533,9.506731860026884,12.194139718241685,7.474802156500242,"rgba(255, 0, 0, 1.0)",1.5437820371611461,7.361199870391779,-0.03623218423673137,47.50671992370472,-3.8987883821389815,True,False,False,False,False,0.0,0.0,0.0,0.0,0.0,0,0.9866930836194523,1.0157557238873782,False,False,False,False,0.1105450071945292,0.11249852940189817,False,False,False,False,73875577,72337037.61563401,False,False,False,False,5329184.14243358,False,False,False,False
2025-09-19 00:00:00+00:00,7.4337746779,7.8539015713,7.2261825659,7.2953799365,4739919,7.495879918467032,7.614626793156914,7.365761848882117,7.683005065338392,7.9165861855826885,8.173394338435633,8.439397961951476,8.621679676431903,9.275409541335364,9.490921386048688,9.651956003137434,9.893301703238043,11.070712662890642,12.172954989189595,13.262545082581422,13.943137327091696,7.399646171526126,6.9787473866097525,7.062985282824612,7.484004733278409,7.791303182419425,7.976952381077868,8.077258874416056,8.285537053439608,8.546602679721929,8.852673446121775,9.031309384914739,9.364887888858105,9.823063289934343,9.99474889991032,11.630255882909546,12.96328292493946,13.451757513237874,7.683005065338392,8.621679676431903,9.490921386048688,12.172954989189595,7.479254656808547,"rgba(255, 0, 0, 1.0)",1.5177583951082578,7.372225067439956,0.04055296986557174,47.77117338056614,-3.8987883821389815,True,False,False,False,False,0.0,0.0,0.0,0.0,0.0,0,0.9650466446226453,1.0068378846712944,False,False,False,False,0.16273814097550454,0.13761833518870137,False,False,False,False,78615496,72802108.60706852,False,False,False,False,5285534.872623685,False,False,False,False
2025-09-26 00:00:00+00:00,8.4618498993,8.5804739633,7.3645773072,7.4337746779,8781215,7.628140547292395,7.670376914276315,7.396481835673978,7.698153335679663,7.922953923672787,8.1724828228768,8.432788618267214,8.611766448250275,9.258086950624328,9.471379611338493,9.630989310453465,9.872023956571343,11.043250547687569,12.13944672070958,13.225809354332833,13.906502765196477,7.623044043956788,7.0455359190261175,7.113252094212904,7.508264495877859,7.802056998082502,7.981314410426523,8.078751775561393,8.282090149653627,8.537999551899235,8.839765765405494,9.016648975948126,9.346643726987974,9.801663633130417,9.9734298018854,11.59967099875017,12.926741145513992,13.415069726753284,7.698153335679663,8.611766448250275,9.471379611338493,12.13944672070958,7.540826010775132,"rgba(239, 83, 80, 0.5)",1.491710215159731,7.4917743561379035,0.6503109875521113,50.74982144273093,-3.1609754019196714,True,False,False,False,True,0.0,0.0,0.0,0.0,0.0,0,0.9559475322614055,0.9754155606594967,False,False,False,False,0.28858193024247214,0.21310013271558675,False,False,False,False,87396711,73883190.26580419,False,False,False,False,5544474.141318226,False,False,False,False
2025-10-03 00:00:00+00:00,8.37,8.41,7.78,8.4,6231284,7.699595604112156,7.706813183435171,7.418240276774176,7.709485866154808,7.928283996383298,8.172721695068342,8.429046299738856,8.605701723927565,9.246655075896353,9.458367718366121,9.616955196327996,9.85766942927793,11.02440927934345,12.116302958001029,13.20031700730371,13.881012854403123,7.722929716867712,7.0904448368194455,7.147798841429073,7.525725604666189,7.810395929874527,7.985243527885918,8.080675304352297,8.28055812102472,8.532856923618809,8.83152828373311,9.007119438226447,9.334554332416284,9.787259571328073,9.959007561713483,11.57860521971885,12.901416952367853,13.38958988209104,7.709485866154808,8.605701723927565,9.458367718366121,12.116302958001029,7.5759713856516555,"rgba(239, 83, 80, 0.5)",1.459355736116336,7.5549458353086205,0.5585027313905078,52.581421250198915,-1.3489685204596213,True,False,False,False,True,0.0,0.0,0.0,0.0,0.0,0,1.0893829669585398,0.970199925518201,False,False,False,False,0.32572432187471323,0.26941222729515,False,False,False,False,81165427,74422615.20907795,False,False,False,False,5595348.945665024,False,False,False,False
2025-10-10 00:00:00+00:00,7.55,8.66,7.54,8.49,6684407,7.72579102237861,7.721582100407305,7.43254050537878,7.714516355462738,7.9280374616095735,8.168177944750799,8.420823096015553,8.595315666114034,9.23160467009489,9.441797553148124,9.59941536602065,9.840095921065666,11.002575366788857,12.090090415865644,13.171798804924142,13.852636164653305,7.753877265184094,7.1239121795326765,7.1734576213630445,7.53622955842268,7.812811413146292,7.98386430366727,8.07759818902231,8.274397097846787,8.523331150311217,8.819315364725675,8.993852250618414,9.318877660860437,9.76953227414628,9.941475415305364,11.554518865156522,12.87301178640279,13.361127715848191,7.714516355462738,8.595315666114034,9.441797553148124,12.090090415865644,7.592275548288579,"rgba(255, 0, 0, 1.0)",1.4367717816315329,7.581290641875672,-0.02177843570962937,51.51337520645656,-1.3489685204596213,True,False,False,False,True,0.0,0.0,0.0,0.0,0.0,1,1.1272357674547842,0.864936438458604,False,False,False,False,0.32531891483497494,0.29736557106506245,False,False,False,False,74481020,74426941.489887,False,False,False,False,5676019.9126528,False,False,False,False
2025-10-17 00:00:00+00:00,7.54,7.79,7.44,7.77,2906851,7.719020206208838,7.717674618974391,7.434480880184743,7.713215331311747,7.924946404170575,8.163750389100784,8.415064758530827,8.588768787862604,9.223565765712745,9.433182560552297,9.590441316454413,9.831271490953519,10.9921808619222,12.077908898746879,13.158727950883874,13.839705574913097,7.743232764037024,7.131980231270864,7.179416245103016,7.536850570442668,7.81063061234171,7.980449373030978,8.07365207172044,8.269394873825108,8.517098522549805,8.812220022461869,8.986463661183706,9.310604850602514,9.760586863156023,9.932729828632814,11.54321127825674,12.859952468074951,13.348105403971033,7.713215331311747,8.588768787862604,9.433182560552297,12.077908898746879,7.591144786404557,"rgba(255, 0, 0, 1.0)",1.4099964094451187,7.577976955122779,-0.026934079312814614,50.72400378715542,-1.3489685204596213,True,False,False,False,True,0.0,0.0,0.0,0.0,0.0,1,1.0681560316068428,0.9149761783335892,False,False,False,False,0.1649730441926406,0.23116930762885152,False,False,False,False,71574169,74215625.00915463,False,False,False,False,5470896.289493334,False,False,False,False
